1.000000000000000000e+00 2.385953316270718605e-01 7.312890774698900531e-02 1.057512510343795210e-02 3.621199836681459477e-02 8.630515966989913551e-03 1.104040283359139785e-01 2.444018139579689358e-02 1.510956133694724424e-01 9.335574625996687081e-02 3.935000190029767919e-02 -1.687437056509176123e-02 1.694182518151504321e-02 -1.085693001497644097e-02 4.998272725116412185e-02 3.805336080150579364e-02 1.016855875895124883e-01 3.249606406127070746e-01 2.089973532657960209e-01 2.690518391922553931e-01 2.948449941253449280e-01 2.107869820295696361e-01 2.620500666850035798e-01 2.759599884555526406e-01 2.695191468764635556e-01 2.039073495662052926e-01 1.912447596374957925e-01 2.028582409072211268e-01 2.748373620142390283e-01 2.264135029848980407e-01 1.736101141089604061e-01 1.167012229631265580e-01 1.754788759672281928e-01 1.352294044048356625e-01 1.758952201602762000e-01 9.574753170459200657e-02 1.187926942067524111e-01 7.109218912968019721e-02 8.104941905701693039e-02 6.409646131817076098e-02 7.012336225991802618e-02 7.547044081182931186e-02 6.973837899364465631e-02 6.217590917335321515e-02 1.061314718360801129e-01 5.251379416148665991e-02 1.766730830892155116e-02 3.021122829320665309e-02 2.027538987481170354e-02 3.338833512763585837e-02 3.698951667581623637e-02 4.421275648067838487e-02 2.756892610304064600e-02 8.916931409022400834e-02 9.062379159882061330e-02 7.549646187867703473e-02 6.348464139960109665e-02 4.185041661153419273e-02 4.493993603806360065e-02 4.895783391290241260e-02 2.576828471945266305e-02 4.024601072916834249e-02 4.298905566679827456e-02 3.441780476975506847e-02 7.622933753522538602e-02 8.679885112313527606e-02 4.402580848028852384e-02 1.111277927364523049e-01 8.237210594183268231e-02 1.353272831007558963e-01 1.069978947228236721e-01 1.049333493377697379e-01 1.279459831678220194e-01 1.323901666845142822e-01 7.627687346175474059e-02 8.392335015765230166e-02 8.817770435037823595e-02 1.298781231524052115e-01 8.760581821213631049e-02 9.626520334962865300e-02 7.427825378337366002e-02 6.647903685551609376e-02 7.615399141252453263e-02 8.486007529385747317e-02 4.257123406215970046e-02 5.675609942853602347e-02 5.221497548802107869e-02 3.503841814512367175e-02 3.723516054069651166e-02 5.229667282374889092e-02 4.485319270208694420e-02 2.863452968543296270e-02 4.512549234992079689e-02 3.849333771309394053e-02 1.323946491963482602e-02 1.168922991119920006e-02 1.601353409924383825e-02 4.612912387607120968e-02 2.996417014812814694e-02 2.379456729233903403e-02 3.140755362692299046e-02 3.782192900856647805e-02 2.280487922896316105e-02 1.706748835540466275e-02 3.371433449618158051e-02 4.756297002083355319e-02 1.592107804329033482e-02 3.779090877853067548e-02 5.220000114955002102e-02 3.162261949474716449e-02 3.208227524086038063e-02 2.055667856147836217e-02 1.986050014770519845e-02 1.985559098652927776e-02 4.768965289858103501e-02 4.305015322370753933e-02
2.385953316270718605e-01 1.000000000000000000e+00 6.915628598006311190e-02 5.360562383620524896e-02 4.957908644870554632e-02 6.334761066825693454e-02 1.944367598595724000e-01 9.455909317408876802e-02 2.408745656106210109e-01 2.038072261610221758e-01 1.457664846344933762e-01 8.895035376253979109e-02 7.947583623862579383e-02 1.102169339298176703e-01 1.609939309799236773e-01 1.426890584673493334e-01 1.608808357907847153e-01 2.874793811398370091e-01 2.183333899888208474e-01 2.029465792830949800e-01 2.532702151592282624e-01 1.999449167455588372e-01 2.600050443133412048e-01 2.382501511898705016e-01 2.401130728035681672e-01 2.618784283973100147e-01 2.446827289608529410e-01 2.553060821527687319e-01 2.979806065783326963e-01 2.685913405737010429e-01 2.510133573106175242e-01 2.068182101274684548e-01 2.522706785924102579e-01 1.980052963187581005e-01 2.366131340573519870e-01 1.792416184064151430e-01 2.021303992122039372e-01 1.864210306331494371e-01 1.820629601382949270e-01 1.697442259242888940e-01 1.793014688423252012e-01 1.867849068890744535e-01 1.773826263455549890e-01 1.716163840345837632e-01 1.935424825958705630e-01 1.841418533528819401e-01 1.523051755847962818e-01 1.687359192245029837e-01 1.527216053631724468e-01 1.456760489119539592e-01 1.504203617382939839e-01 1.374502493433385486e-01 1.415147827697668392e-01 2.077454778656428191e-01 2.012909760692523364e-01 1.907584708487004288e-01 1.652065259466501956e-01 1.769326527412693473e-01 1.719844675131065592e-01 1.726956544800527793e-01 1.546997682554043796e-01 1.653741937632239589e-01 1.597397305883734853e-01 1.606457803361381609e-01 1.755328490677237063e-01 1.890477619497328565e-01 1.739509851152686304e-01 2.123194581714533680e-01 1.986573216122079766e-01 2.020530087090777749e-01 1.897524667025267398e-01 2.011823361145386735e-01 2.084653657878193789e-01 2.134799935363903001e-01 1.970353400811787337e-01 1.996609397359088711e-01 2.061620189288003724e-01 2.340787643434299181e-01 2.020820888406317239e-01 2.156614735719419584e-01 2.013230245230966386e-01 1.977756727639640444e-01 1.863051432326213175e-01 2.033257977498796054e-01 1.724767209229128573e-01 1.800653535322486454e-01 1.794425101095017683e-01 1.710922457360126159e-01 1.664907071589522558e-01 1.757219488336271840e-01 1.772334933028225645e-01 1.640416199920771145e-01 1.711380523553559796e-01 1.721408337179264059e-01 1.536557529741922612e-01 1.568214809377715679e-01 1.350923506282801778e-01 1.564742511148548287e-01 1.580581749220273113e-01 1.547693863056762431e-01 1.631563060367841878e-01 1.568796778002794212e-01 1.548823415983257012e-01 1.495283581013385488e-01 1.583269324964158842e-01 1.665420382973067381e-01 1.561693161580259004e-01 1.776713329713277001e-01 1.827124525067209682e-01 1.610138372973153875e-01 1.637937017536726658e-01 1.574132810630096690e-01 1.581677349528378407e-01 1.560095559639193274e-01 1.722206424714290141e-01 1.668403848091997987e-01
7.312890774698900531e-02 6.915628598006311190e-02 1.000000000000000000e+00 2.026379630628180883e-01 1.426680943125819279e-01 1.353445446412771536e-01 2.395450442589099893e-01 2.393202385263841214e-01 2.692419724611010978e-01 2.655684328196628585e-01 2.813570766236417331e-01 2.879940468149119748e-01 2.423910884412133482e-01 2.603055906624654470e-01 3.051079973414308477e-01 2.849352199784835338e-01 3.040967877167085054e-01 2.659730626079201965e-01 2.940681447955292294e-01 2.272813829201077440e-01 2.866162129346299103e-01 2.980516181699268685e-01 2.724144010326172149e-01 2.681437010332954896e-01 2.916615375444871483e-01 3.146972450987093883e-01 3.083693277722933113e-01 3.275094059095014498e-01 3.017933545360563241e-01 3.189709502684693887e-01 3.255047108814979051e-01 2.944461230326709811e-01 2.840036364933573032e-01 2.932814034328509734e-01 2.897260328731475210e-01 3.153078854483874482e-01 3.296947092125659395e-01 2.994383570294019692e-01 3.105238613904088285e-01 3.040297000714390907e-01 3.112774136529217750e-01 3.049358646666824324e-01 3.029856990490299440e-01 3.067452587403308728e-01 3.108401971620579629e-01 2.951953306678262723e-01 2.793607083239084687e-01 2.875439046609168936e-01 2.881322213528912934e-01 2.902397109595113989e-01 2.988849242746288715e-01 3.071519303975304149e-01 2.979442471675359805e-01 2.827901437617335589e-01 2.887837835431840139e-01 2.966513280483290549e-01 2.893815593697336430e-01 2.821724171569472417e-01 2.836707041670504248e-01 2.899078556446328392e-01 2.891407295587103410e-01 2.926593091100892496e-01 2.919616432106774684e-01 2.912145321619230010e-01 3.019403973050025503e-01 2.957750291682404442e-01 2.928861560013338861e-01 2.970628111005361727e-01 2.928442090748080706e-01 2.966680959062345524e-01 3.115732612330034401e-01 3.101761346416671006e-01 2.947548910047371185e-01 3.025970999632717762e-01 3.031027973822977284e-01 3.019891910720396977e-01 3.045163264679232595e-01 3.063081166327071836e-01 3.008164324164726011e-01 3.021059099928212199e-01 3.015506257885805508e-01 2.953824675296782276e-01 3.000499358848376930e-01 2.920185971372710743e-01 2.917301906275546752e-01 2.947889815096101929e-01 2.997371047473806893e-01 2.972241826713283852e-01 2.958477379305605171e-01 2.871673284364172907e-01 2.945675667191851033e-01 2.979274980090765856e-01 2.979856949014280110e-01 2.951170846210470766e-01 2.839712369371764633e-01 2.883009119031076373e-01 2.934144200138198988e-01 2.977350491288361933e-01 2.898731311979141911e-01 2.954052821832547915e-01 2.952645541061231782e-01 2.929404502383296527e-01 2.912114636874060802e-01 2.939225441494766611e-01 2.986713776745422710e-01 2.895230208608063904e-01 2.866268318481071109e-01 2.874680767775728563e-01 2.885273853860152449e-01 2.937984170547015550e-01 2.916953230725352064e-01 2.892117231978670322e-01 2.913712115815683124e-01 2.908172787131451109e-01 2.972688598089338607e-01 2.892081711528747823e-01
1.057512510343795210e-02 5.360562383620524896e-02 2.026379630628180883e-01 1.000000000000000000e+00 2.687582366636103726e-01 2.797336457519672415e-01 4.600703079250617611e-01 4.214408063346628541e-01 4.243794016105271183e-01 3.564292771856861775e-01 4.338726904396574269e-01 5.432766821631427323e-01 4.173399022371511724e-01 4.277854538834131581e-01 5.082764974178850537e-01 5.106615625985181373e-01 4.613878309606211370e-01 3.632901732403818751e-01 4.439486692262165635e-01 3.822591953936648745e-01 4.381095470275920833e-01 5.019871236140216464e-01 4.449122221288144829e-01 4.320664927302779734e-01 4.480450653665375982e-01 4.896199666175660159e-01 4.813228495474206059e-01 4.798477617697615161e-01 4.230752921977235514e-01 4.403999576519042058e-01 4.713219924002716721e-01 5.124759821897448830e-01 5.112257364384262814e-01 5.104721819814386219e-01 4.583963064930220987e-01 5.214747554504368665e-01 4.894012230157058774e-01 5.204860489761025111e-01 5.112535150809769391e-01 5.233175563776111261e-01 5.125325762691550491e-01 5.183880144558447034e-01 5.250329818369455781e-01 5.268881095718472851e-01 5.163657905644747359e-01 5.026430541008283237e-01 4.920765509556235262e-01 4.990213030197832023e-01 5.045842546802298267e-01 5.182840888668834856e-01 5.236724534253655028e-01 5.350092367481340538e-01 5.081258799260277570e-01 4.864648714228163584e-01 4.814643527917316090e-01 5.030147785774733427e-01 5.081767531983701902e-01 4.980774307962986258e-01 5.062154475026867662e-01 4.952404331121521008e-01 5.068127277545967369e-01 5.008484767675860372e-01 5.073510840316047821e-01 5.123357262617649344e-01 5.016116356443768298e-01 5.099849470194529610e-01 4.957815211361427110e-01 4.955455193748484755e-01 5.029065507433774229e-01 5.107122036595823644e-01 5.204078398911849979e-01 5.074492568843502749e-01 5.052796284815935790e-01 4.929956581807165561e-01 5.069133104078132890e-01 5.053257979782876941e-01 5.092638327649871011e-01 4.875153704693070966e-01 5.060348957633532541e-01 4.803540576494392811e-01 4.862311060611292923e-01 4.848813544841435452e-01 5.134301727512119440e-01 4.872824396769593336e-01 5.074390291954345988e-01 5.100489696988694810e-01 4.957258172050927336e-01 5.096216801565885968e-01 5.037277198502387865e-01 5.036873157916650356e-01 5.167915211232759765e-01 5.102067218760519829e-01 5.049896962325693961e-01 5.062296858472495886e-01 4.923799366706537728e-01 4.918545223054946458e-01 5.179965160320959550e-01 5.113916705081351655e-01 5.035330106139238593e-01 5.084270200656634264e-01 5.071621046750341977e-01 5.084855878619763958e-01 5.068384199133412205e-01 5.071122111324927184e-01 5.124321861782197285e-01 5.067630050727628399e-01 4.958657393571811456e-01 4.900870523746228002e-01 4.947661847410411151e-01 4.999725819391168113e-01 5.060283272084887818e-01 4.949596870809842009e-01 4.973843862330646903e-01 5.052353219112233340e-01 4.994183744472465158e-01 4.999899076418463650e-01
3.621199836681459477e-02 4.957908644870554632e-02 1.426680943125819279e-01 2.687582366636103726e-01 1.000000000000000000e+00 2.118511311998995117e-01 3.972266981613694070e-01 3.708556526580393253e-01 3.487967015356707723e-01 3.471645301548750284e-01 3.629309094561351534e-01 4.156256537531317075e-01 3.780471843343977678e-01 3.716827091030509567e-01 4.276247627414472841e-01 4.159256384048526933e-01 3.814637973683316363e-01 3.188918140128267908e-01 3.683634808654061010e-01 3.262843130575346362e-01 3.323358781617720137e-01 3.793159952971037474e-01 3.722894359767155992e-01 3.600919611096308204e-01 3.711274715905577004e-01 4.144812842172036493e-01 4.020376621306587794e-01 3.989462064667245733e-01 3.610251725892895114e-01 3.803800746796593413e-01 4.082025313844525050e-01 4.247938065944535935e-01 3.769883624655148702e-01 4.163491937461883952e-01 3.890320314262062373e-01 4.007141268000852796e-01 4.143471287198366437e-01 4.193117539153891626e-01 4.262990074857121447e-01 4.120099972406143229e-01 4.274044180923071701e-01 4.264406450266651216e-01 4.273867519910483082e-01 4.460082987026112722e-01 4.281807938755087251e-01 4.261220917924860574e-01 4.253822546853920361e-01 4.244329188573723322e-01 4.289486513483978802e-01 4.267402652592053314e-01 4.299666079494140480e-01 4.453374792614251954e-01 4.461331797560154633e-01 4.202885714008307017e-01 4.175784645839528131e-01 4.233772456556113006e-01 4.294275032970751305e-01 4.242275221530785179e-01 4.299525449283038703e-01 4.284856007290549496e-01 4.296673067889817399e-01 4.327248953412032306e-01 4.334333550600791285e-01 4.287012481437210698e-01 4.272935214393338010e-01 4.353145015774636528e-01 4.248177539973838068e-01 4.269806396259508974e-01 4.252496678742839209e-01 4.288014689264700863e-01 4.282361414462675375e-01 4.294133021157812147e-01 4.295325930478780529e-01 4.223164690237572461e-01 4.370777415929608667e-01 4.259994618282687551e-01 4.255911325560478575e-01 4.174831153072521839e-01 4.206699806786862172e-01 4.224742627477606760e-01 4.251209784749992449e-01 4.211168148509807918e-01 4.271456467623868103e-01 4.231989995299886842e-01 4.297597519172923208e-01 4.319040386379284779e-01 4.253893402115309641e-01 4.293579442017281256e-01 4.269759522680083852e-01 4.270767836534880013e-01 4.291498039450282742e-01 4.315568568462217480e-01 4.300305714540813007e-01 4.301330995789189315e-01 4.249609351758223963e-01 4.238706175289375100e-01 4.386542177406267951e-01 4.382839878590029103e-01 4.340101952221449011e-01 4.339016970101851611e-01 4.312530195091408003e-01 4.335911198063153171e-01 4.370102013777774630e-01 4.351626861190573403e-01 4.338199266666226128e-01 4.290266719569714726e-01 4.251504605350916455e-01 4.221125751962978012e-01 4.251559716437566805e-01 4.333560897124225098e-01 4.272315738916437344e-01 4.269754997003241681e-01 4.280993723094114745e-01 4.280762295435324716e-01 4.229713725763761256e-01 4.299579538306831927e-01
8.630515966989913551e-03 6.334761066825693454e-02 1.353445446412771536e-01 2.797336457519672415e-01 2.118511311998995117e-01 1.000000000000000000e+00 4.249523114677505320e-01 3.829353687879663570e-01 4.161465603472540575e-01 4.041615568564010941e-01 4.209474630150872310e-01 4.637211480795785934e-01 4.165400508204331054e-01 4.197184838526337169e-01 4.771755207118187903e-01 4.650660690400451602e-01 4.534833244869381219e-01 3.560728751333925302e-01 4.059770393425374824e-01 3.169070078470467844e-01 3.648089538882043903e-01 4.190137029802526447e-01 4.036366426843330246e-01 3.747446578162763053e-01 3.970185064489608617e-01 4.475674560867067830e-01 4.479863001340451123e-01 4.614502169730347325e-01 4.231065593605563557e-01 4.628561956329628191e-01 4.717199667919189654e-01 4.803000378751436927e-01 4.471069801740001348e-01 4.641055144599239846e-01 4.548046660972372979e-01 4.655756483145705449e-01 4.806476001577444923e-01 4.741575887856654403e-01 4.846237367015017727e-01 4.841733615081619257e-01 4.928751063591322312e-01 4.951995167036473133e-01 4.874978279253919244e-01 4.946843860752779820e-01 4.930416022944696941e-01 4.848456041639049863e-01 4.944764505648123754e-01 4.927905658851924331e-01 4.934448176013815912e-01 4.794962398818974347e-01 4.886491750191889194e-01 4.919710984836252465e-01 4.938142531466952478e-01 4.858904404255159903e-01 4.893981323131550432e-01 4.893116248655680067e-01 4.931401855337932405e-01 4.927471757681671782e-01 4.897089731123339118e-01 4.933233733286554457e-01 4.962904634643197643e-01 4.950690924054394482e-01 4.950344209135165707e-01 4.891969276538640221e-01 4.892045554515709327e-01 4.908562334429144025e-01 4.945831818561046700e-01 4.841808310848331187e-01 4.917861823323029791e-01 4.803255785266875022e-01 4.886631864416504101e-01 4.957212442223176141e-01 4.828225966522890489e-01 4.836815348427551120e-01 4.972283100328540040e-01 4.945162219548301374e-01 4.971005583062248490e-01 4.875150883379855138e-01 4.952108713277876828e-01 4.893849907608639471e-01 4.943664020848675955e-01 4.925689512952448612e-01 4.984885522356337084e-01 4.896766514212305688e-01 4.936579302095599475e-01 4.930277667946576514e-01 4.894267528611499496e-01 5.000244119584228430e-01 4.920636200348865175e-01 4.974098578136333382e-01 5.014327310848154529e-01 5.023213747026824549e-01 5.005309109344947549e-01 4.990175111029481192e-01 4.979413055514852471e-01 4.954520184044685638e-01 5.009606124437978592e-01 4.961210374513387311e-01 4.972406881394620948e-01 4.974743738206925947e-01 4.977021469829455147e-01 4.973943170424219296e-01 4.989892208362422532e-01 4.999637075695756994e-01 4.964969873986078697e-01 4.967320271596595838e-01 4.955612618959753246e-01 4.923942506404457853e-01 4.960239346911594072e-01 4.955880188690073296e-01 4.981072929366195390e-01 4.954641857347443779e-01 4.963595790144412767e-01 4.949298682681178563e-01 4.952942664709235054e-01 4.958633339971312837e-01
1.104040283359139785e-01 1.944367598595724000e-01 2.395450442589099893e-01 4.600703079250617611e-01 3.972266981613694070e-01 4.249523114677505320e-01 1.000000000000000000e+00 5.937144007091299525e-01 6.792980740609626533e-01 6.037379223753402968e-01 6.292017476411950749e-01 7.038671885421173835e-01 6.085491118124893850e-01 6.282826276977034885e-01 7.649938230683065443e-01 7.339820832550753016e-01 6.930534984511929064e-01 6.276170751763390232e-01 6.886507759418911689e-01 5.664873294574372942e-01 6.492854240693056722e-01 6.990713776529837720e-01 7.024756775629862338e-01 6.647378383821982428e-01 6.846622889790264788e-01 7.586615992796098551e-01 7.455841098180459037e-01 7.529648139670528373e-01 7.043776166310898867e-01 7.329513710457509212e-01 7.577181381610884614e-01 7.779565441574585183e-01 7.498325239664654918e-01 7.614884216776747206e-01 7.402912807042778542e-01 7.535051095526984488e-01 7.531394010058729549e-01 7.647358373763860628e-01 7.678523767640209607e-01 7.612152294298971666e-01 7.643193219306356756e-01 7.701228972112725835e-01 7.721410329812808948e-01 7.714097190844061425e-01 7.750379582225570552e-01 7.582205289798119585e-01 7.513638536638516108e-01 7.571910298469995970e-01 7.560125545547973225e-01 7.535289233056683411e-01 7.631411354942295722e-01 7.603095521797127443e-01 7.500439630082046394e-01 7.683455732566514262e-01 7.640845965087320613e-01 7.710339951039140161e-01 7.699725901219084401e-01 7.565798217576276130e-01 7.653213713198604440e-01 7.600142406543590745e-01 7.592862578620930281e-01 7.592054128685548076e-01 7.644238535929569478e-01 7.605957489716939079e-01 7.638525005226030062e-01 7.718078485270144506e-01 7.560628229919567067e-01 7.722504142674412320e-01 7.756131520624602871e-01 7.667572983308380552e-01 7.705196072526566686e-01 7.743143112640337167e-01 7.735609006488488593e-01 7.714846888588813290e-01 7.776181638700881971e-01 7.750476535894504915e-01 7.789307392247772910e-01 7.696326144408328629e-01 7.741590188960145724e-01 7.680359750806372565e-01 7.667755310566296556e-01 7.628766541633703602e-01 7.769377385574585126e-01 7.718957141912136111e-01 7.660291712083217019e-01 7.713233113031869870e-01 7.628998294953934778e-01 7.676529685995049368e-01 7.622771470649241099e-01 7.700350369218299518e-01 7.742453196212899513e-01 7.652246563916721422e-01 7.643877020061318195e-01 7.667758302397015280e-01 7.517429009912318660e-01 7.481483620524046474e-01 7.613068486866118034e-01 7.683987654710470183e-01 7.638891025335212692e-01 7.641515493855580710e-01 7.643923815565328850e-01 7.646901587370275033e-01 7.578336800361555881e-01 7.586285079866301739e-01 7.648514524021968741e-01 7.636602088950081857e-01 7.539145648620835249e-01 7.556510570473613519e-01 7.659345616830864900e-01 7.603171378866542263e-01 7.622248755131000308e-01 7.518196490132473819e-01 7.544416580961175178e-01 7.576899647233288349e-01 7.608323605684133017e-01 7.602676454943481099e-01
2.444018139579689358e-02 9.455909317408876802e-02 2.393202385263841214e-01 4.214408063346628541e-01 3.708556526580393253e-01 3.829353687879663570e-01 5.937144007091299525e-01 1.000000000000000000e+00 5.979438567499185675e-01 5.755226256583253486e-01 5.932132647125961666e-01 6.721474977118109262e-01 6.028460530148086471e-01 6.174053840549905692e-01 7.083864241948888418e-01 7.086989978053991335e-01 6.540852795536875597e-01 5.256022550039080032e-01 6.096583946430573775e-01 4.972821936182297842e-01 5.606803469311777421e-01 6.279530614178436831e-01 5.935603157267163033e-01 5.753752178658811944e-01 5.877463526067511213e-01 6.713628850360775502e-01 6.643981707733811470e-01 6.661566785326085149e-01 6.028674784911413065e-01 6.456054335317987780e-01 6.768589315378007454e-01 7.073664456599930705e-01 6.581105312176845912e-01 6.944802138268048042e-01 6.541188801056977420e-01 7.040669865076274458e-01 6.985925296853318089e-01 7.159933305471399834e-01 7.179400393332433516e-01 7.042889265387948239e-01 7.188321436203164438e-01 7.161989022257534421e-01 7.264656252902655931e-01 7.331225052982234258e-01 7.204262601315037928e-01 7.147973735891470781e-01 7.098552823692200198e-01 7.136494021952264344e-01 7.153419688776631036e-01 7.094569263189274277e-01 7.261996702681434712e-01 7.169362222825907960e-01 7.139927811834616556e-01 7.011073189927058413e-01 7.027109140325450420e-01 7.097026830317478829e-01 7.177589964266141154e-01 7.138859683311764570e-01 7.150859560906053236e-01 7.137928572106978509e-01 7.204248388904672673e-01 7.207040510122663113e-01 7.237133241687024876e-01 7.153748173345512162e-01 7.133035593218107762e-01 7.166141159557021245e-01 7.180270037113848369e-01 7.102058262336273797e-01 7.135720686738453722e-01 7.052595847797636930e-01 7.155623913385900092e-01 7.132419755460265298e-01 7.107600416523813802e-01 7.000959744808156193e-01 7.224037589676315374e-01 7.164884623944817177e-01 7.183345619308092456e-01 6.958009020616759965e-01 7.121354784952959038e-01 7.035330400866455225e-01 7.084031376586835682e-01 7.063444249952522958e-01 7.187258319003368978e-01 7.080829156421645232e-01 7.154444715323574622e-01 7.203928241939495658e-01 7.133993064386017213e-01 7.217488529394230357e-01 7.184708943583418828e-01 7.141527779105796281e-01 7.218183314723792821e-01 7.237598876356108324e-01 7.217485776974343903e-01 7.186094675608218907e-01 7.132777159159671143e-01 7.117917113258440676e-01 7.246711449044236364e-01 7.262972230342304991e-01 7.225677950495712487e-01 7.234487255264469008e-01 7.192776202519515216e-01 7.221455346536003184e-01 7.157498374146037401e-01 7.225094217984375788e-01 7.219916664037325793e-01 7.150507237818922723e-01 7.146922333024456897e-01 7.075517427258085634e-01 7.125778862717526696e-01 7.211371275598104091e-01 7.199052321821730605e-01 7.146122246648457521e-01 7.168475798826050571e-01 7.185855684515288777e-01 7.159398694177039335e-01 7.170426402111795827e-01
1.510956133694724424e-01 2.408745656106210109e-01 2.692419724611010978e-01 4.243794016105271183e-01 3.487967015356707723e-01 4.161465603472540575e-01 6.792980740609626533e-01 5.979438567499185675e-01 1.000000000000000000e+00 7.144197971535334313e-01 7.138059540691656935e-01 7.363634725763305022e-01 6.725585719163110765e-01 6.905703765704265251e-01 8.061341733697362510e-01 7.930395100842695388e-01 7.768660478686369997e-01 7.022736593973588626e-01 7.436412320979121082e-01 5.876037540656905422e-01 6.857135056108561999e-01 7.169847001119915575e-01 7.468687086049088375e-01 6.966737761140487928e-01 7.160749061442579499e-01 8.210069932719702424e-01 8.134875327777659759e-01 8.214858183503866984e-01 7.883045093198350894e-01 8.159908046327839504e-01 8.500500619356510246e-01 8.457844994695150609e-01 8.105332237143537677e-01 8.122778174420153263e-01 8.103616116057014152e-01 8.088178354168188422e-01 8.409081325420125763e-01 8.280415182070625102e-01 8.399584191743227901e-01 8.045151672793207087e-01 8.440686598044194744e-01 8.436959140804124457e-01 8.352351476620945014e-01 8.457171680759195675e-01 8.508425946987885347e-01 8.463174892261681181e-01 8.388475252506115698e-01 8.537849586109311772e-01 8.386903389298807632e-01 8.085871461518487902e-01 8.252405389909701627e-01 8.080583136877326211e-01 8.163980208939981553e-01 8.632363341785481703e-01 8.564752826554832277e-01 8.458209181399128918e-01 8.442243044041243261e-01 8.489412731872963969e-01 8.484253143334251623e-01 8.539823295753783405e-01 8.444381655632601236e-01 8.483964460489468173e-01 8.401669718079795013e-01 8.399236606512706649e-01 8.524030657158589985e-01 8.546011912358737472e-01 8.511667723248129702e-01 8.654421741626072695e-01 8.616454916686705490e-01 8.432711845155632657e-01 8.454678514765888719e-01 8.595373923728089061e-01 8.504660510769864734e-01 8.543785815867507294e-01 8.622929405232587774e-01 8.606830162783212224e-01 8.605994640801698514e-01 8.610838710852544153e-01 8.568983733089025057e-01 8.657171005516450801e-01 8.626719242659384168e-01 8.642551444796430227e-01 8.601791482522308518e-01 8.625147051626046446e-01 8.423876466538533503e-01 8.515712053543502691e-01 8.555646984655884690e-01 8.472986491378426965e-01 8.524936036735796252e-01 8.478269521827264121e-01 8.506460001441066288e-01 8.466486197989926410e-01 8.508507318916429529e-01 8.520828888018034952e-01 8.442133721464321061e-01 8.454622238769845533e-01 8.206882968039582726e-01 8.420537976118429579e-01 8.465432203183063109e-01 8.422872036642968796e-01 8.461455707441797314e-01 8.457138607360615845e-01 8.389519816930796070e-01 8.426506473497894500e-01 8.465211158770972188e-01 8.469416184793293612e-01 8.456292307506015904e-01 8.548931861223431072e-01 8.575069602844823669e-01 8.468045528795071775e-01 8.473274368829876169e-01 8.465143336099608673e-01 8.450656093026236437e-01 8.439770254058384102e-01 8.523818174231806433e-01 8.506775929909162759e-01
9.335574625996687081e-02 2.038072261610221758e-01 2.655684328196628585e-01 3.564292771856861775e-01 3.471645301548750284e-01 4.041615568564010941e-01 6.037379223753402968e-01 5.755226256583253486e-01 7.144197971535334313e-01 1.000000000000000000e+00 6.680452573642214897e-01 6.790199493222878191e-01 6.468480237809013378e-01 6.630364837491542485e-01 7.587939317967324904e-01 7.263855476094944752e-01 7.067175291301578399e-01 6.137654050095394664e-01 6.619806421618865677e-01 4.974694886683774242e-01 5.836304393451127170e-01 6.265364570696384527e-01 6.402809302638871047e-01 6.044617174165100026e-01 6.143592895649230279e-01 7.481938183433104461e-01 7.304798844925717294e-01 7.413219301659403904e-01 7.175786181878925918e-01 7.438394856934122945e-01 7.822093861349197486e-01 7.677904556228088984e-01 7.172794942525194672e-01 7.432877801349172531e-01 7.363531493165353936e-01 7.462206796407420129e-01 7.849100219605111839e-01 7.784984010537209231e-01 7.854462119920891938e-01 7.484997597020013327e-01 7.852593802321108374e-01 7.844196901549674861e-01 7.769450777970562383e-01 7.820514179145393596e-01 7.776259947187926791e-01 7.815829750998678493e-01 7.826527840304386974e-01 7.909154347936993013e-01 7.813919332500706139e-01 7.605290568799524253e-01 7.798031444597230966e-01 7.439242397413470265e-01 7.644405693744367181e-01 7.893451038636096762e-01 7.877138054875064688e-01 7.854859061982178980e-01 7.757977300420428879e-01 7.881368881648603830e-01 7.846537349669864270e-01 7.912481796371731990e-01 7.864846420763115242e-01 7.940174890848809008e-01 7.868069395942198785e-01 7.780465243523941865e-01 7.783700640245023727e-01 7.778285477103620282e-01 7.904318130862454383e-01 7.860182937722655083e-01 7.859300027646023423e-01 7.572401343720490674e-01 7.674000073007646305e-01 7.841379039984878174e-01 7.723667684957929991e-01 7.715383078736248734e-01 7.961973070002282826e-01 7.901455952807691085e-01 7.907593025213621729e-01 7.935417861732001477e-01 7.848491170741336287e-01 7.997103768517515032e-01 7.995858490012467401e-01 7.991616065438825744e-01 7.889405375936033860e-01 7.891826262223972099e-01 7.831064287858999773e-01 7.865779477863328317e-01 7.922855088571736371e-01 7.922595108273883246e-01 7.902078126975837780e-01 7.811345247808754166e-01 7.852726916821877179e-01 7.899247166036826862e-01 7.896754459093550116e-01 7.875540747197637970e-01 7.875504049474699730e-01 7.867204803430660753e-01 7.681646198932620129e-01 7.827422976586284609e-01 7.881040188451999828e-01 7.869752959660267777e-01 7.837755331156954774e-01 7.846562015783582478e-01 7.756436528388517271e-01 7.852521131193395121e-01 7.812188942629866295e-01 7.803675775230811684e-01 7.846098158026801883e-01 7.900560758199652867e-01 7.895057879200089168e-01 7.890434845845890610e-01 7.866423401128375126e-01 7.885109766432761846e-01 7.891849366191142634e-01 7.842194886621227656e-01 7.861568102164954164e-01 7.843745826731445270e-01
3.935000190029767919e-02 1.457664846344933762e-01 2.813570766236417331e-01 4.338726904396574269e-01 3.629309094561351534e-01 4.209474630150872310e-01 6.292017476411950749e-01 5.932132647125961666e-01 7.138059540691656935e-01 6.680452573642214897e-01 1.000000000000000000e+00 7.693584634805391564e-01 6.670514457350577020e-01 6.938526721713970113e-01 7.799395219191409545e-01 7.603580675554136858e-01 7.403726938088874832e-01 5.838123666203678397e-01 6.731068380175221355e-01 5.007678866545224317e-01 5.922280664181446275e-01 6.658803174908344280e-01 6.558108776115825211e-01 6.084599137186407214e-01 6.371280435896462535e-01 7.453462053099124685e-01 7.414860936873547415e-01 7.491977998969788777e-01 6.820107904429336676e-01 7.322738824484605891e-01 7.692937597253782789e-01 7.894851907359771159e-01 7.387865477154773597e-01 7.606957764536036448e-01 7.391680956218017462e-01 7.734047410758463359e-01 7.897164423213617335e-01 7.831182966228207309e-01 7.989354523033200817e-01 7.853589686367212774e-01 8.006139019294887804e-01 8.050633835067118049e-01 8.060165685992879414e-01 8.087047113497229933e-01 8.054892442379065765e-01 8.072552064024842711e-01 8.102179580369609502e-01 8.152028436126583788e-01 8.089960254621627600e-01 7.799794565958254600e-01 7.947541909801408844e-01 7.962925124342277172e-01 7.939617331248080001e-01 7.994731962720196261e-01 7.953400897377241874e-01 8.044908625776714395e-01 8.020868504045018943e-01 8.071367955255649429e-01 8.018342817297531289e-01 8.102921839466089571e-01 8.075180072036859391e-01 8.087458412691880261e-01 8.034007509434086813e-01 8.020628302842914836e-01 8.066941855992370014e-01 8.049338463524841059e-01 8.152923562202041285e-01 8.038230619443338387e-01 8.088813643010459575e-01 7.807778285694065845e-01 7.963779546280668198e-01 8.086893954285022668e-01 7.911902903930223552e-01 7.932496562253351646e-01 8.140567378300462842e-01 8.139896200418658134e-01 8.095341276427202581e-01 7.915125938186204912e-01 8.090939895554190020e-01 8.074662897913676973e-01 8.123041019526039408e-01 8.131685743262435651e-01 8.151274652783117025e-01 8.055286724430614775e-01 8.085670981361929854e-01 8.119632652254801242e-01 8.152097496871051341e-01 8.140072649434815233e-01 8.158490761662318125e-01 8.122420428431953443e-01 8.180782515658884257e-01 8.166080612867109290e-01 8.185369135500566440e-01 8.182697699711607431e-01 8.131236938290978822e-01 8.145569410407943467e-01 8.087879000289225351e-01 8.100483237514902735e-01 8.142775845395290313e-01 8.134747481449918771e-01 8.169489985685876032e-01 8.120970927339586920e-01 8.108600304668632797e-01 8.177610656122035193e-01 8.197072644124983043e-01 8.126704565206502862e-01 8.133857589128652421e-01 8.110583529267957337e-01 8.110285118216510325e-01 8.149967097431717322e-01 8.142601799177536792e-01 8.148999154513139054e-01 8.134153432841989551e-01 8.161358316395148638e-01 8.158692114805750073e-01 8.131317922930628717e-01
-1.687437056509176123e-02 8.895035376253979109e-02 2.879940468149119748e-01 5.432766821631427323e-01 4.156256537531317075e-01 4.637211480795785934e-01 7.038671885421173835e-01 6.721474977118109262e-01 7.363634725763305022e-01 6.790199493222878191e-01 7.693584634805391564e-01 1.000000000000000000e+00 7.342254010266658915e-01 7.540078566178554098e-01 8.594382351257163766e-01 8.476989673607718823e-01 7.899809185992376914e-01 5.774527644043229158e-01 6.923080138198683953e-01 5.424540539725557498e-01 6.168964295322491020e-01 7.102853653491114638e-01 6.673323746188203343e-01 6.204174028338348412e-01 6.511786349742545443e-01 7.767550197738058992e-01 7.824607934588663216e-01 7.798053002467992822e-01 6.867381733488256979e-01 7.400233295175072668e-01 7.999874754976766811e-01 8.453660495382425699e-01 7.853166018347279564e-01 8.119337442367772217e-01 7.706396620965785260e-01 8.404097100620967487e-01 8.343167001745834810e-01 8.644418619058594766e-01 8.668754284071290561e-01 8.494687491631547349e-01 8.711880382763490527e-01 8.735690898909855839e-01 8.747592226487410638e-01 8.846158804162488343e-01 8.616461846655750767e-01 8.761803953220406171e-01 8.836407371030727820e-01 8.845898911554429533e-01 8.877587035653539127e-01 8.693764216423794933e-01 8.844284217109207313e-01 8.710758757736012381e-01 8.716831424979873955e-01 8.604361197655348015e-01 8.556732114424667746e-01 8.648338786110087995e-01 8.783665183388568165e-01 8.786002959453329542e-01 8.841774265236093111e-01 8.798858910164319980e-01 8.884502913963920889e-01 8.841956193959574772e-01 8.841484109267033764e-01 8.862294676590499742e-01 8.740453515678331398e-01 8.745290160868718354e-01 8.812636737976942136e-01 8.582208120510709248e-01 8.689802289746135777e-01 8.475507134152578947e-01 8.622339645676592168e-01 8.635024202882435329e-01 8.429030586188887009e-01 8.379785782364810309e-01 8.781481233722272517e-01 8.740461405205172118e-01 8.726767284335290586e-01 8.421313493861892763e-01 8.678608657005779659e-01 8.571346070367937831e-01 8.644432093702607567e-01 8.717532176762026186e-01 8.807969362632370736e-01 8.634976447556255152e-01 8.806022221392121319e-01 8.783228704807692910e-01 8.801799643205565626e-01 8.862272547459488781e-01 8.863553415845824013e-01 8.770549570697047104e-01 8.881338727365909458e-01 8.898219666108899695e-01 8.872122766607259958e-01 8.886775415763574770e-01 8.861214512503097218e-01 8.863356355965410494e-01 8.876143559845169895e-01 8.862537572438565769e-01 8.888856121129472543e-01 8.895061448161728501e-01 8.877506025202062112e-01 8.896418519944120362e-01 8.868560133165529491e-01 8.933067152902035568e-01 8.917657299225171252e-01 8.818178412879991157e-01 8.877223900238825349e-01 8.794489713811586284e-01 8.778165233529110489e-01 8.873406443363242024e-01 8.863507074841482369e-01 8.877389789379576124e-01 8.866995435001480130e-01 8.923781823933895074e-01 8.840544562868322132e-01 8.840330625056421754e-01
1.694182518151504321e-02 7.947583623862579383e-02 2.423910884412133482e-01 4.173399022371511724e-01 3.780471843343977678e-01 4.165400508204331054e-01 6.085491118124893850e-01 6.028460530148086471e-01 6.725585719163110765e-01 6.468480237809013378e-01 6.670514457350577020e-01 7.342254010266658915e-01 1.000000000000000000e+00 6.820290088325449140e-01 7.761418663340452495e-01 7.627459692744952280e-01 7.120894738001271040e-01 5.326956527491452098e-01 6.285188973119610889e-01 4.701776545695652842e-01 5.338160192371925739e-01 6.308133765947397942e-01 6.063655469576966217e-01 5.689069610460845139e-01 5.934086717924441645e-01 7.026490370697244803e-01 7.040929796249114636e-01 7.044605744889441690e-01 6.353901240797896754e-01 6.835108980419467573e-01 7.348533503644296694e-01 7.595540990285435390e-01 6.863909037233546506e-01 7.317704119350343372e-01 6.932215003017451194e-01 7.417905800064115152e-01 7.570086568001960226e-01 7.698096075626709167e-01 7.697446788217641167e-01 7.652989258578833942e-01 7.952100907405660335e-01 7.866302100094627603e-01 7.833040168710226903e-01 7.966235967216915848e-01 7.802801402944253839e-01 7.902915868372024644e-01 8.019488893252869621e-01 8.048857147349924857e-01 8.004372376355338714e-01 7.711219044565728042e-01 7.870173354565843660e-01 7.799670846706113769e-01 7.931619744157960561e-01 7.875382116907789776e-01 7.895247067580906108e-01 7.893252560510786164e-01 7.983616839807092802e-01 7.988073391774277443e-01 7.962183123439149357e-01 8.044673121836173335e-01 8.078903263722262418e-01 8.066143744819124217e-01 8.042627829661839201e-01 7.936057481286860060e-01 7.900681722915759986e-01 7.949347917973937916e-01 8.042439273483548146e-01 7.838559879891457971e-01 7.909558425403977466e-01 7.600240828193438603e-01 7.761523690710616652e-01 7.888337050923294180e-01 7.719866039049849693e-01 7.700210359991973563e-01 7.981129374880088223e-01 7.938594544084184301e-01 7.913605338576231718e-01 7.691660000592899227e-01 7.886612594749784488e-01 7.821575705741420359e-01 7.908381057150439819e-01 7.950471730486520228e-01 7.970455763198414090e-01 7.841320214392413224e-01 7.939941371307989160e-01 7.946417085054494622e-01 7.987752705969519695e-01 8.040362873190811666e-01 8.025809669471938301e-01 8.006558206684988299e-01 8.045110796332310965e-01 8.102655461586155683e-01 8.069222917734611977e-01 8.073656988121810096e-01 8.088760228230637006e-01 8.090129556565371916e-01 8.037926826979165940e-01 8.015683979043685126e-01 8.089420912086275894e-01 8.061154895285675970e-01 8.044824699942174639e-01 8.061237335158144557e-01 8.036672146977204001e-01 8.100895619077224108e-01 8.050682219680319607e-01 8.040994229964975037e-01 8.088347004027267584e-01 8.035126768270385300e-01 8.038825408232165293e-01 8.088082266160350198e-01 8.086014567132341346e-01 8.087354400707830182e-01 8.094133014502629120e-01 8.047303198963889903e-01 8.010191388924637890e-01 8.050172511375365270e-01
