1.000000000000000000e+00 2.821541225884726667e-01 2.133613279429760756e-01 9.335392068175422942e-02 5.151999440041483275e-02 6.408062737840624495e-03 4.755877037728405837e-02 8.766983742205998464e-02 2.516377680079344148e-01 1.245729126624228467e-01 1.621048891964694816e-01 6.362482885255009435e-02 3.660362450319938621e-02 5.628929505724376836e-02 -1.540190440784582754e-02 5.247543528367691612e-02 2.559575518128887617e-01 3.694772458560718897e-01 3.138581362864929503e-01 2.339058477422950311e-01 3.191067836146930792e-01 3.160738229988966363e-01 3.234830853419259356e-01 3.181955535486022391e-01 3.120677404764404250e-01 2.473803840947181587e-01 2.039647838952043934e-01 1.758721460104785139e-01 1.938066083716502852e-01 1.912439887665705884e-01 1.711360265213171805e-01 1.964335691048862687e-01 1.771278566798894505e-01 1.994980871670900824e-01 1.819472940863772759e-01 1.624895359603581446e-01 1.649004349642643197e-01 8.718384989038290012e-02 1.087681127664318487e-01 9.862527386019731557e-02 8.670583082895606808e-02 5.102094849044591651e-02 8.532948877507746943e-02 9.142119648153440581e-02 1.162872064862320032e-01 7.742063565070181341e-02 2.622867880429390758e-02 5.062329464388144740e-02 6.618818975541393423e-02 1.305003737324391677e-01 9.061877832692463719e-02 8.668254166031018337e-02 8.943421675503084034e-02 1.063818821875094495e-01 1.088613314238080082e-01 1.218988193329417768e-01 1.336138600765101048e-01 3.635736312754033611e-02 5.375181112230986713e-02 7.152413387969079606e-02 6.583697212904919549e-02 6.606861472150221681e-02 8.044706123299001643e-02 8.090438531945573497e-02 1.456898856361593109e-01 1.066543450481173133e-01 6.666866484943581583e-02 9.216757073356118823e-02 9.649833904241336691e-02 1.074406912978671108e-01 1.312392039541550315e-01 1.157270838766126658e-01 1.143854070792111877e-01 1.269751210237809180e-01 6.217208847275502992e-02 7.300895752405620054e-02 4.851968249739408573e-02 9.331920634113431701e-02 7.850023531980482305e-02 8.305881422520688950e-02 8.319715358692150731e-02 7.002517625270351931e-02 8.664122160587105215e-02 8.278758815590905873e-02 5.524926364202189383e-02 6.596883646820995983e-02 4.975153772020610154e-02 2.907217669203377569e-02 3.396700877491621445e-02 6.350979349051777412e-02 2.537025991776713577e-02 2.138636880868960075e-02 4.196919931893045019e-02 3.142069920322814597e-02 8.750352404022819844e-03 2.302859790366477283e-02 2.664895367830450237e-02 6.984187193698039586e-02 1.777642157336963014e-02 2.167213378828264370e-02 2.116104366634625165e-03 3.753339594149964625e-02 3.681385511302352059e-02 2.592466502049385960e-02 5.716352026002087527e-02 7.278160623370412419e-02 3.244906354137203769e-02 4.447586044899146107e-02 5.361460299328453527e-02 1.024524366322264457e-02 1.118599807331580043e-02 2.571919247084380328e-02 2.687383409957403574e-02 4.427668235342240022e-02 8.147294453228950961e-02 5.560246794897720501e-02
2.821541225884726667e-01 1.000000000000000000e+00 1.155220578679932442e-01 8.013381753057255419e-02 5.438205537581161653e-02 7.063388255674406258e-02 1.631314134010691252e-01 1.573080311196409231e-01 2.111332912459503719e-01 2.112717729386488219e-01 1.868340052359212244e-01 1.399063489001114990e-01 1.125276664272374522e-01 1.167979890557285655e-01 1.229619595446362207e-01 1.338313716836186384e-01 2.213677152082654254e-01 2.359335007625490421e-01 2.393784895257916323e-01 1.808115703166560950e-01 2.152438125489944398e-01 2.326461076527343574e-01 2.667404799299901708e-01 2.253725812796024963e-01 2.257018469026785823e-01 2.414624887035051737e-01 2.089178022403603563e-01 2.083018850025517843e-01 2.107519257235107857e-01 2.017486059478177107e-01 2.013983432643829119e-01 2.143813617830013507e-01 1.872104136492432069e-01 1.934561734614488049e-01 1.813688472171842425e-01 1.953798883404281317e-01 1.868010136930091658e-01 1.673105825747754904e-01 1.766729718024419304e-01 1.896405136287178106e-01 1.730796304450175904e-01 1.641923265561853751e-01 1.678797003834865409e-01 1.704904264423440508e-01 1.773823823650395870e-01 1.578069298201730530e-01 1.380590471070231029e-01 1.536636434136905704e-01 1.493028149564674945e-01 1.601716259643841123e-01 1.573556362310432888e-01 1.435866689896977411e-01 1.461989168059681377e-01 1.708469402794232095e-01 1.598276570499243543e-01 1.818256696701372466e-01 1.676753853194702382e-01 1.482126743815064540e-01 1.474883098451255647e-01 1.501779303979937363e-01 1.457441423851392470e-01 1.529441904314919054e-01 1.513404345872877699e-01 1.527039663159411864e-01 1.810827533427802338e-01 1.616790474374515119e-01 1.587171793058640701e-01 1.629340340511601926e-01 1.746158391335886628e-01 1.653929606773257011e-01 1.756396781235002313e-01 1.735770593249326144e-01 1.777094584511710040e-01 1.738493428545467567e-01 1.603533990678719101e-01 1.561183058068711382e-01 1.543145706216443314e-01 1.695426065085098855e-01 1.698983462726503524e-01 1.702052221271553867e-01 1.585091199607816803e-01 1.603905063079086313e-01 1.735144218490132506e-01 1.637754821617985745e-01 1.533879882780949389e-01 1.515937361093490365e-01 1.524992021736970016e-01 1.484297412364693203e-01 1.462862086366478465e-01 1.591761898429815414e-01 1.492378173669136332e-01 1.427583563924276211e-01 1.499707868432761104e-01 1.479575804020665797e-01 1.331625997242761594e-01 1.406584062221143405e-01 1.330497843871513708e-01 1.442936144054291769e-01 1.350319304882366400e-01 1.396578654703470035e-01 1.304213798745547659e-01 1.424672065136752264e-01 1.359293030800109159e-01 1.376745922346878093e-01 1.500287740552389282e-01 1.478273707108707369e-01 1.361949460189865457e-01 1.504547680082049255e-01 1.554758543426637829e-01 1.332263303273431287e-01 1.396508234572016449e-01 1.366220293255457907e-01 1.380429071041962552e-01 1.419588830143125868e-01 1.592160470618941837e-01 1.457421503264452189e-01
2.133613279429760756e-01 1.155220578679932442e-01 1.000000000000000000e+00 3.170536997162153869e-01 1.918666789999964872e-01 1.438390140628207914e-01 2.635890775945137210e-01 2.719969952416890213e-01 3.139393432779115090e-01 2.593923720782448927e-01 3.205069057865652660e-01 2.964503879553568311e-01 2.431887517058437254e-01 2.277656346692966960e-01 2.554753935953311683e-01 2.897474383378438878e-01 2.958951602046985263e-01 3.881019090410765537e-01 3.550997004037893534e-01 3.614112056240473825e-01 3.516140376093359055e-01 3.631406449854885921e-01 3.373636152722034320e-01 3.865207693996196570e-01 3.779583369563550566e-01 3.596549878087381691e-01 3.588622120184870590e-01 3.416568838148845155e-01 2.999695346221399328e-01 3.194805394389595432e-01 3.494181398266553162e-01 3.559611822119535529e-01 3.257544900094123119e-01 3.584982391562475113e-01 3.197475511414074045e-01 3.324869149775331323e-01 3.272891824213309264e-01 3.069474577803585902e-01 3.079921656355888993e-01 3.348661313773019788e-01 3.216382478001156286e-01 3.076134802908818133e-01 3.238053721368085447e-01 3.257535243148895754e-01 3.293718505757068926e-01 3.060884514184550875e-01 2.885396824683751915e-01 2.931747763364135340e-01 3.005249121962647041e-01 3.219208812751628290e-01 3.201012675298546273e-01 3.211145031648111048e-01 3.151839843227036697e-01 2.998977944383470207e-01 3.060118310601984692e-01 3.180655671788349959e-01 3.008350826903539166e-01 2.887871528763214513e-01 2.929848861749337896e-01 2.913905860142075865e-01 2.939215352472498433e-01 2.877655264196242735e-01 2.940576480926290204e-01 2.889169074012684635e-01 3.226579200316799789e-01 3.020964063870359428e-01 3.000676201891731010e-01 3.202042192848956748e-01 3.215953266919469034e-01 3.449895426642457519e-01 3.431611422478959006e-01 3.236073749220871321e-01 3.469222050095893128e-01 3.422579767238363990e-01 3.054479416989316909e-01 3.157947967634118780e-01 3.079229542429616218e-01 3.028287850481941601e-01 3.188846996670129941e-01 3.024498706165650308e-01 3.118761083607887175e-01 3.092905966910020621e-01 3.112290956386415397e-01 3.077656271862596049e-01 3.101897507269149035e-01 3.148808723435818635e-01 3.102664090954941889e-01 2.989317339756701331e-01 2.950192451353513823e-01 3.001125018369540931e-01 3.046258343822009773e-01 2.945457631909189633e-01 3.055446412297134207e-01 2.995537167199601170e-01 2.800492024486053722e-01 2.828655011079645454e-01 2.943510252936100691e-01 2.912035693391311630e-01 2.829827719976821809e-01 2.949100832926173643e-01 2.872267530313377670e-01 2.918672925607107560e-01 3.007328046695035839e-01 2.929381078309246655e-01 3.027472322350379663e-01 2.887955948407096018e-01 2.842699751935861552e-01 2.886420119928198580e-01 2.962791311664431659e-01 2.802599326622862153e-01 2.886489683030987741e-01 2.820744417531306225e-01 2.848326554926025045e-01 2.870499352040891128e-01 3.009585095458791049e-01 2.903807808896064491e-01
9.335392068175422942e-02 8.013381753057255419e-02 3.170536997162153869e-01 1.000000000000000000e+00 3.142717708387962605e-01 3.079052236946954180e-01 4.170364213420063026e-01 4.329610032076937620e-01 4.268150513505652999e-01 3.620708125839254832e-01 4.593298681705898501e-01 5.458728025588854837e-01 4.733740098338913294e-01 3.544454908496183498e-01 4.779799459925363481e-01 4.848458064593483829e-01 4.406223732394610737e-01 4.222189329679975067e-01 3.983216984288292517e-01 4.508528904160213902e-01 3.757553978332431321e-01 4.263044595531776393e-01 3.879101247277026432e-01 4.308940477184078910e-01 4.464444955656179936e-01 4.885383958438523355e-01 4.775615658219706239e-01 4.497826222313656697e-01 3.838197090172013048e-01 4.114865585333543074e-01 4.924463202939527995e-01 5.012854995446786033e-01 4.364532495236685405e-01 4.985664219950837195e-01 4.284759230020585563e-01 4.917395356834347586e-01 4.774371704888318857e-01 4.647288099549149454e-01 4.640607416642191230e-01 5.101575319630494709e-01 5.106155845160247342e-01 5.025771134130070372e-01 5.410150937856703646e-01 5.303523895610472438e-01 5.221679004817676439e-01 4.692783136269323419e-01 4.975167438243190410e-01 4.956656826888947709e-01 5.149696527309386429e-01 5.160841728215064261e-01 5.216289580350328414e-01 5.575777567503826804e-01 5.410146538237627922e-01 4.825923895735790281e-01 4.857495121183940112e-01 4.903438784016082574e-01 5.024617942838924822e-01 4.924735087820982238e-01 4.931467869555935524e-01 5.041311896539435455e-01 5.066471439732903592e-01 4.948360603968795512e-01 4.914186947363470281e-01 4.929784334063892492e-01 4.989991102326430950e-01 5.102438140664711241e-01 4.951476386921310202e-01 4.993216698304511758e-01 5.046458945913293581e-01 5.266432539911216626e-01 5.183590404601924329e-01 4.990465827301726609e-01 5.192920131175290388e-01 5.181985730394117473e-01 5.038842147068850474e-01 5.083179536500057605e-01 5.082505978717370976e-01 4.688956309268239586e-01 5.064325430149949625e-01 4.694740834794554618e-01 4.879042081966900035e-01 4.916693646306141141e-01 5.122467724123241917e-01 4.846922314739854909e-01 5.173334781884634248e-01 5.148740354096316141e-01 4.945632251750256558e-01 5.142522786518782807e-01 5.027074544822400792e-01 4.987717064392081512e-01 5.183500826495578417e-01 5.108992777934068252e-01 5.188859602289577211e-01 5.107905568846171640e-01 4.940590844712389740e-01 4.914704388111146849e-01 5.457039743510707641e-01 5.183694173098722935e-01 4.999366647546241160e-01 5.218807304135100189e-01 5.213073640787573293e-01 5.158638123573212608e-01 5.341698453517993439e-01 5.213414968702030361e-01 5.262009700663771161e-01 5.155210515880348510e-01 5.058778457522666860e-01 4.848957088692918971e-01 4.961977042870184262e-01 5.009517879589830969e-01 5.066432526779585110e-01 5.026402285929959524e-01 5.079176848376116826e-01 5.041954458812200057e-01 5.083642214457927411e-01 5.124333524481200497e-01
5.151999440041483275e-02 5.438205537581161653e-02 1.918666789999964872e-01 3.142717708387962605e-01 1.000000000000000000e+00 2.540054778679157743e-01 3.831793796510621353e-01 3.981768468834442909e-01 3.592772259245121669e-01 3.230956156011292046e-01 3.747646061473487999e-01 4.233164876709723523e-01 4.120825064734863763e-01 2.820464503075140739e-01 4.176542299769383515e-01 4.330294470073705604e-01 3.560779291971977178e-01 2.956511371280545752e-01 3.280598329180300365e-01 3.048650206436452903e-01 2.754469614566245617e-01 3.322733706978776569e-01 2.956189301808966330e-01 3.365576681185369345e-01 3.468768494200072938e-01 3.783623810099521756e-01 3.696957879334322183e-01 3.598328664479414907e-01 3.097668551828325345e-01 3.462978015350449690e-01 3.982585076984668238e-01 3.918578160853988801e-01 3.389504998686041493e-01 3.957927327369759052e-01 3.575961602199864142e-01 4.013214526522224657e-01 3.925433083981513804e-01 3.960893966697979218e-01 3.951360109308130752e-01 3.928747259142456594e-01 4.278590959812955674e-01 4.311793804579497347e-01 4.408899191550005869e-01 4.463905149926322702e-01 4.314633447187318227e-01 4.160200403484317633e-01 4.308957590975066587e-01 4.313974284095152822e-01 4.284159684824920822e-01 4.018970338092351935e-01 4.195052670302366060e-01 4.361953090633344243e-01 4.408036120909335498e-01 4.143566336810711737e-01 4.001034108750176066e-01 3.960046679003788039e-01 4.043949995048686796e-01 4.270106497282509794e-01 4.162237168589332237e-01 4.457898297408147137e-01 4.273362358518949522e-01 4.235589278025575499e-01 4.099817470807088360e-01 4.147430583728878295e-01 4.297569139986094355e-01 4.349680211024126719e-01 4.336777244402983955e-01 4.305334541444513219e-01 4.249094104784150727e-01 4.276825266147032956e-01 4.312467796159786815e-01 4.296036928704111690e-01 4.366704786348612477e-01 4.350925600545276772e-01 4.341116772671054780e-01 4.256514364913075998e-01 4.248662558677908652e-01 3.937699271571908910e-01 4.254802843025281001e-01 4.106501291671599829e-01 4.185943386727368765e-01 4.253215763911180058e-01 4.281762006926999597e-01 4.057271110233205968e-01 4.268582463870503885e-01 4.301901388376977442e-01 4.292548203046436806e-01 4.304421531215737451e-01 4.300433980147566615e-01 4.313280875591387620e-01 4.269262585867996118e-01 4.392008492458533975e-01 4.388991620528867599e-01 4.386314992324314432e-01 4.330906884335631868e-01 4.336720804696507225e-01 4.297118368754303530e-01 4.240314121052087826e-01 4.266954915387102809e-01 4.335588012713428308e-01 4.416710268956960395e-01 4.310798279554226009e-01 4.448427157317326186e-01 4.455170358857646340e-01 4.415748112269850534e-01 4.297020187072572717e-01 4.322932755334737975e-01 4.302862145317630782e-01 4.295849872191985774e-01 4.362724211648504880e-01 4.320369576392955602e-01 4.399824782296555270e-01 4.322478500212718622e-01 4.288793361946601213e-01 4.415689441425640349e-01 4.395096734119779414e-01
6.408062737840624495e-03 7.063388255674406258e-02 1.438390140628207914e-01 3.079052236946954180e-01 2.540054778679157743e-01 1.000000000000000000e+00 3.947881336774088923e-01 3.728141433791939408e-01 3.758594209213577675e-01 3.660925326321978757e-01 3.911437973354420783e-01 4.459449267683812113e-01 3.975104131603683366e-01 3.083925916569445480e-01 4.468517169336342909e-01 4.401114300458301432e-01 3.812487210282941574e-01 2.995452268867626611e-01 3.454233629445291887e-01 3.144772382028769853e-01 2.992422177789799687e-01 3.542752382106440501e-01 3.231132850251469679e-01 3.220185076475053920e-01 3.552474348476381549e-01 4.265620524624014753e-01 4.225212336904705102e-01 4.153874753170948009e-01 3.850157806686596573e-01 3.998788150599710267e-01 4.385122938183734220e-01 4.268923198140131547e-01 4.077741982120413611e-01 4.281583097585549558e-01 3.993109929006490311e-01 4.324508905297531625e-01 4.327263402064487341e-01 4.494836414808691671e-01 4.513510053781775722e-01 4.626588168592112305e-01 4.634414129830700113e-01 4.716846694547506269e-01 4.777781755867218649e-01 4.671839052844416473e-01 4.702812645862382568e-01 4.617395448884321629e-01 4.730349850443796300e-01 4.634015557270001473e-01 4.618447028086853923e-01 4.512376392172651185e-01 4.715408562436594342e-01 4.648542881897710366e-01 4.745642891196738544e-01 4.546313479416779213e-01 4.515594203138563190e-01 4.532286610134039218e-01 4.538614099535463464e-01 4.665084593138096869e-01 4.628684006224357828e-01 4.657330698812441327e-01 4.666358850054930785e-01 4.654148967966901251e-01 4.580015764261084477e-01 4.603062626151974146e-01 4.611357436411868127e-01 4.654194026123774086e-01 4.665521782238485349e-01 4.588791962944007152e-01 4.619004303660586563e-01 4.537269352623888308e-01 4.543350496968824870e-01 4.600595847761347890e-01 4.568842703270247774e-01 4.579971281835354402e-01 4.694988431411565299e-01 4.637892129674378583e-01 4.701105241598493856e-01 4.481873987432087314e-01 4.653809354883582938e-01 4.538272378233559334e-01 4.618035306747053093e-01 4.626588886730989558e-01 4.698081023010391433e-01 4.561205648047377270e-01 4.733010572760960599e-01 4.724224706344509195e-01 4.673410724171835895e-01 4.754938980894570233e-01 4.718219853610717829e-01 4.657588605081984245e-01 4.748377745206221467e-01 4.733286245079897370e-01 4.773669772853747495e-01 4.757985524267429045e-01 4.681441849535990518e-01 4.682490455935062745e-01 4.774661402273266964e-01 4.663217995451324205e-01 4.701804202437689928e-01 4.759650134602707028e-01 4.779008663568839466e-01 4.711479283384666372e-01 4.772263378328296390e-01 4.756888870783393397e-01 4.765167977760118023e-01 4.664226486537576544e-01 4.704204298247426363e-01 4.626909230508003956e-01 4.684414713821555276e-01 4.713841030657766606e-01 4.715859932210974548e-01 4.704203096908588511e-01 4.700928007294032374e-01 4.703127386452184977e-01 4.700039796483743149e-01 4.671364062983170418e-01
4.755877037728405837e-02 1.631314134010691252e-01 2.635890775945137210e-01 4.170364213420063026e-01 3.831793796510621353e-01 3.947881336774088923e-01 1.000000000000000000e+00 5.883770477694686418e-01 6.107141911945224155e-01 5.994688561217141887e-01 6.371676806496497925e-01 7.008481826198204034e-01 6.396754491551815969e-01 4.933188682432165795e-01 7.473174396505635197e-01 7.024581351561273168e-01 6.359942791046896415e-01 5.085430704735628415e-01 5.707423480315575448e-01 5.138021979914194626e-01 4.869928443334127222e-01 5.723716415312826156e-01 5.443574139653089006e-01 5.483450113927202940e-01 5.808434296757211124e-01 6.930490754586965396e-01 6.699260818531050932e-01 6.919982415418480803e-01 6.261013469792261477e-01 6.583555621276688807e-01 7.239085020249247382e-01 6.987692554131136324e-01 6.731490052064146301e-01 6.913115435681788101e-01 6.747751203310208279e-01 7.159804938119720408e-01 7.145293043389027154e-01 7.223950230162365926e-01 7.340703298896056328e-01 7.363423633853428685e-01 7.494864727597226883e-01 7.555898829388280058e-01 7.577352722998655921e-01 7.565144892812032396e-01 7.528140984845171912e-01 7.472283615200698836e-01 7.439874950411040633e-01 7.498575901759534368e-01 7.401177775444468532e-01 7.078887580041099969e-01 7.440757589908202352e-01 7.221746068920036343e-01 7.411266303837363845e-01 7.337285447905012026e-01 7.227403183162661726e-01 7.309062842573927909e-01 7.216126650780234630e-01 7.493821627406700436e-01 7.387968101319970504e-01 7.450314551272054775e-01 7.424475613300836052e-01 7.434897748482699464e-01 7.322728924653838511e-01 7.346460291852565661e-01 7.353223496145767646e-01 7.352132051561263149e-01 7.504768625562396878e-01 7.396867363265998696e-01 7.440720749984444105e-01 7.304918492630022575e-01 7.316742657888243295e-01 7.411052950312794207e-01 7.323244813549160126e-01 7.335513519187646381e-01 7.568154998781072562e-01 7.477604297094644359e-01 7.513621679854465274e-01 7.207151277474934670e-01 7.507060223099032426e-01 7.381770297931906644e-01 7.469665768751766466e-01 7.520016384336477566e-01 7.550857734552591793e-01 7.406229738865970358e-01 7.497280911281223315e-01 7.477608520211449505e-01 7.566057559722250137e-01 7.578140997607930585e-01 7.581241137472477520e-01 7.590286891359780963e-01 7.604277291932526328e-01 7.581940821123399621e-01 7.630128167185556975e-01 7.631681994387319312e-01 7.534618126328455068e-01 7.522846330900075928e-01 7.524254766667606287e-01 7.367336388830627580e-01 7.492445146121405886e-01 7.570030366421546253e-01 7.615660807906042828e-01 7.546444461079222510e-01 7.557130522624778690e-01 7.600754170675361188e-01 7.571519566915964061e-01 7.459469814728890702e-01 7.509550173453800603e-01 7.505307380621292213e-01 7.529674237459911268e-01 7.539354816386739655e-01 7.588295556518094287e-01 7.523918584441202650e-01 7.543772878385762715e-01 7.525004391111141944e-01 7.499806596233349332e-01 7.491101201219102501e-01
8.766983742205998464e-02 1.573080311196409231e-01 2.719969952416890213e-01 4.329610032076937620e-01 3.981768468834442909e-01 3.728141433791939408e-01 5.883770477694686418e-01 1.000000000000000000e+00 5.911256341964760130e-01 5.558247276907860579e-01 6.279477381575953032e-01 6.825250652979509836e-01 6.260363756326589035e-01 4.997316378294793804e-01 6.842479048444763956e-01 6.913529922656315163e-01 6.083409791605789430e-01 5.372379463479429740e-01 5.752663311191628104e-01 5.451153784941795699e-01 5.310642508067161538e-01 5.946406456748922764e-01 5.517285184486040439e-01 5.654481513096754064e-01 5.869209606431193826e-01 6.750982520122451591e-01 6.702133691014807715e-01 6.607309841191005839e-01 6.019974658978191062e-01 6.350044131443227657e-01 6.947311781850133983e-01 6.937734732355274048e-01 6.454583900907634453e-01 6.946574825026476940e-01 6.534505508328405377e-01 6.978690396409994445e-01 6.875545490667706039e-01 6.976259952625314398e-01 6.964996282074775724e-01 7.087739718438064163e-01 7.166973526330863153e-01 7.131541498698565906e-01 7.244706519467075667e-01 7.278313846170839652e-01 7.229148284139135239e-01 7.043131566869076376e-01 7.114056977306784102e-01 7.099395192104409613e-01 7.136178863670983308e-01 6.993832572549981696e-01 7.245828993548028008e-01 6.949106555093328419e-01 7.074084050552600367e-01 7.015319965268086433e-01 7.011342015763599722e-01 7.071265091226696109e-01 6.982688289395894143e-01 7.122536360455403726e-01 7.126321532483085308e-01 7.099345116054616156e-01 7.150660985848595885e-01 7.092761712474155988e-01 7.044204135088603103e-01 7.026500668291909557e-01 7.058324979034907853e-01 7.068701271839533673e-01 7.112120781377387901e-01 7.106098200935956344e-01 7.113201608904271556e-01 7.168309253814497684e-01 7.144980163733594125e-01 7.145132512916314571e-01 7.109755458441687770e-01 7.118024660267221471e-01 7.170192632730268967e-01 7.129620081847456436e-01 7.140764564301043116e-01 6.900197333734133798e-01 7.144839735425742022e-01 6.978898799952880649e-01 7.099830557486539462e-01 7.135254857478133816e-01 7.163936912824117043e-01 7.045316958724311407e-01 7.189294299704825919e-01 7.167021887048947715e-01 7.126393283299514714e-01 7.185886467261751731e-01 7.158699182536467642e-01 7.132960645202724992e-01 7.172374495388537108e-01 7.174432657699897353e-01 7.235410651188899367e-01 7.218846419467043196e-01 7.106214158109538381e-01 7.098967041665299460e-01 7.115040664481997457e-01 6.995833866716376637e-01 7.061689131322725910e-01 7.154678903853979310e-01 7.176022743515677593e-01 7.131334011655824368e-01 7.180055684485823209e-01 7.189728781620976505e-01 7.170041306030127126e-01 7.054563602718052495e-01 7.110020460651567120e-01 7.096071387365310290e-01 7.134730511567503042e-01 7.120568583912442184e-01 7.159249437771211255e-01 7.102531652844150667e-01 7.125808403524865886e-01 7.085433609655139575e-01 7.167019716644912330e-01 7.091560148985160961e-01
2.516377680079344148e-01 2.111332912459503719e-01 3.139393432779115090e-01 4.268150513505652999e-01 3.592772259245121669e-01 3.758594209213577675e-01 6.107141911945224155e-01 5.911256341964760130e-01 1.000000000000000000e+00 6.973208093571844346e-01 7.159330319048569091e-01 7.295319958840977836e-01 6.768904506539913379e-01 5.377812175374381276e-01 7.368672202682883254e-01 7.464366899485684881e-01 7.988466212436616809e-01 6.763050979912101912e-01 7.362737088688066089e-01 5.966698343722509623e-01 6.567917587830383042e-01 7.188898129607904641e-01 7.161850836488717897e-01 6.928930381170538277e-01 7.203811060915102926e-01 8.174465985978713878e-01 7.977922531029875142e-01 8.115374377406239237e-01 7.696703270720364198e-01 8.085451964947095727e-01 8.231662128297280168e-01 8.148765657728185285e-01 7.929042517792795897e-01 8.054624299717126901e-01 8.007363285392223862e-01 8.043998337098494655e-01 8.180905634211397270e-01 8.052573622299473710e-01 8.275381035609031821e-01 7.870539681828424561e-01 8.136624311818256849e-01 8.057897954090911252e-01 7.956760406863153667e-01 8.141314510270497573e-01 8.175258416762386515e-01 8.088658525369164520e-01 8.047507736609688100e-01 8.155583501635117472e-01 8.119232958687353507e-01 7.977565649352831301e-01 8.122296284787959841e-01 7.654010673915903062e-01 7.979790615970369094e-01 8.281990683806397247e-01 8.122189948597660081e-01 8.180107221781611759e-01 8.216324753585759755e-01 8.019756159930800932e-01 8.050682644409258293e-01 8.203747805318467590e-01 8.116809572082406277e-01 8.164172417578904328e-01 8.129620741833500919e-01 8.201675687047242924e-01 8.385896743357367233e-01 8.208805281666353704e-01 8.226363474100770734e-01 8.254230096550849716e-01 8.252953424134092941e-01 7.983967263643892975e-01 8.176797414924081853e-01 8.296557222727662939e-01 8.099946730975913223e-01 8.195968227424820229e-01 8.182544499088393319e-01 8.193844084013319762e-01 8.066864866867324846e-01 8.239588487682046880e-01 8.145586752738565028e-01 8.231296932256403354e-01 8.206882222972574636e-01 8.228250100473488704e-01 8.198485670088673238e-01 8.235921443109602835e-01 8.054721128975644850e-01 8.109544106037711586e-01 8.126077202875799932e-01 8.013238004434291017e-01 8.110206351847228934e-01 8.138437619746702323e-01 7.968631515641231289e-01 8.030821166540681455e-01 8.065223909108291123e-01 8.063439527181290867e-01 8.003819337335019712e-01 8.077069245837110723e-01 7.789624221931956694e-01 8.003939017580739002e-01 7.984902016915579326e-01 7.957586745341670431e-01 7.874445889697601064e-01 8.034063986102051302e-01 7.966421306943813896e-01 8.018689294671261791e-01 8.106796045461310829e-01 8.088038792826407475e-01 8.046810358564658872e-01 8.151755265627939062e-01 8.170251866020604714e-01 7.999492984463197898e-01 7.966234766589413985e-01 8.087849118905279244e-01 8.042493434782975736e-01 8.112868969049549239e-01 8.259750859620540453e-01 8.108284349282820491e-01
1.245729126624228467e-01 2.112717729386488219e-01 2.593923720782448927e-01 3.620708125839254832e-01 3.230956156011292046e-01 3.660925326321978757e-01 5.994688561217141887e-01 5.558247276907860579e-01 6.973208093571844346e-01 1.000000000000000000e+00 6.446474884467623401e-01 6.736068808400743624e-01 6.256423141546626487e-01 5.129104896293132931e-01 7.155802400091505477e-01 7.012892876097499562e-01 6.823126449414402828e-01 5.566539621422817996e-01 6.259876762468370437e-01 5.210190197126949307e-01 5.510263250748049790e-01 6.096827185157595030e-01 6.161462967617665765e-01 5.853782313825689476e-01 6.080747307880443042e-01 7.300269216261212613e-01 7.122806592843531348e-01 7.399465783428851307e-01 7.017303173059497023e-01 7.381312672261172159e-01 7.566931043339067964e-01 7.337201329062739141e-01 7.202146604564064747e-01 7.168777543135964603e-01 7.278984507424465233e-01 7.332296033673473268e-01 7.454571418447889508e-01 7.480708729213544350e-01 7.644687381792635295e-01 7.264489860120703080e-01 7.577251876050665746e-01 7.566755194037184662e-01 7.413182732589531643e-01 7.503783360378798450e-01 7.521794780489309273e-01 7.592847130343989281e-01 7.598603904600852443e-01 7.725294358075641687e-01 7.575157088111060810e-01 7.203558993564230795e-01 7.523200611981534225e-01 6.926675843205849503e-01 7.321503902262700425e-01 7.685214307505539022e-01 7.532291493501600543e-01 7.523713820986276390e-01 7.446005900672741928e-01 7.588399273130481681e-01 7.566008577870990681e-01 7.592920980531110420e-01 7.562296866512975280e-01 7.627215231399669948e-01 7.554157244084206413e-01 7.537771854340846733e-01 7.564702349104837076e-01 7.504037898667564876e-01 7.674841504154750194e-01 7.620429573850833194e-01 7.646148036027533568e-01 7.364868281178058584e-01 7.463876407233671628e-01 7.609352965903597443e-01 7.441531900929457821e-01 7.485164990180198652e-01 7.689603917994081161e-01 7.664927477117796650e-01 7.613735480152803436e-01 7.638448754536402152e-01 7.657431781138689386e-01 7.724543675227668604e-01 7.677602590797758531e-01 7.724684239491186322e-01 7.603645186876604178e-01 7.677098703101488120e-01 7.548406919012241589e-01 7.550759855282016542e-01 7.646905156938096360e-01 7.561280097301535941e-01 7.659854324017832949e-01 7.626345900558811897e-01 7.549872124526516570e-01 7.589387562812683896e-01 7.591262272528637167e-01 7.628682516745433073e-01 7.603437264920651639e-01 7.647488911724735772e-01 7.311100368854931419e-01 7.430110557767763968e-01 7.543244745242624338e-01 7.512356282804140140e-01 7.466943791589365498e-01 7.550382564697849519e-01 7.434996071403047191e-01 7.547538944030847130e-01 7.546852071432402775e-01 7.515508885531946293e-01 7.578164886594721539e-01 7.665774527960739215e-01 7.661333859186365558e-01 7.578503185707852197e-01 7.558820330351945227e-01 7.601032129608659149e-01 7.589189248769288021e-01 7.591823608170832349e-01 7.641540908487800543e-01 7.556910893489655612e-01
1.621048891964694816e-01 1.868340052359212244e-01 3.205069057865652660e-01 4.593298681705898501e-01 3.747646061473487999e-01 3.911437973354420783e-01 6.371676806496497925e-01 6.279477381575953032e-01 7.159330319048569091e-01 6.446474884467623401e-01 1.000000000000000000e+00 7.866915588704143092e-01 6.794201979538475600e-01 5.495129882790856790e-01 7.568538415005304776e-01 7.554302133012242848e-01 7.545303291041141058e-01 6.789097708987636981e-01 7.179986384614509554e-01 6.425698449571121129e-01 6.518600434499778329e-01 7.230172293249634841e-01 6.852074390622955313e-01 6.960089770328927727e-01 7.264278548905317434e-01 8.049505871062445639e-01 7.967577244412014092e-01 7.919322355146424242e-01 7.374468873945358993e-01 7.709818256085171351e-01 8.196872550936079582e-01 8.234135705857862364e-01 7.664131154917792621e-01 8.154273098804860620e-01 7.755334013393363479e-01 8.085110944014832768e-01 8.082443714445258776e-01 7.977926632278232733e-01 8.121733415364880138e-01 8.121829871820481772e-01 8.251782996027489103e-01 8.109591801443901682e-01 8.198552233784744958e-01 8.266414475641791215e-01 8.279556489571103794e-01 8.115789440669325394e-01 8.122020316751272784e-01 8.145698694909280224e-01 8.194279922267859728e-01 8.089474349388566798e-01 8.257833599683132020e-01 7.964826991472078177e-01 8.119925739286398825e-01 8.186740924460209623e-01 8.137003693565814100e-01 8.203264183014215005e-01 8.186982885594428216e-01 8.047315393836099728e-01 8.146183058303779756e-01 8.117924341219323603e-01 8.232831865305504371e-01 8.156568226299379942e-01 8.167213577223447762e-01 8.118379381378848514e-01 8.248035182958179945e-01 8.216393854902903637e-01 8.193480336063536651e-01 8.248184142934781304e-01 8.274302634116533772e-01 8.217175243280226971e-01 8.311629474337550727e-01 8.325052972509418003e-01 8.248149516465472786e-01 8.307140749179666717e-01 8.216793939973418004e-01 8.232092680254357031e-01 8.136685559583345384e-01 8.066378641356076740e-01 8.215115898251563742e-01 8.120829838416308011e-01 8.223144606219351394e-01 8.209583477649363692e-01 8.260285232107652531e-01 8.141139702355324470e-01 8.169728338988070382e-01 8.220280617767949938e-01 8.196170471963319937e-01 8.136252938814270141e-01 8.146316032704356003e-01 8.188061160624006130e-01 8.166536634918410975e-01 8.122726855365244303e-01 8.219807154493924406e-01 8.188334143636640805e-01 8.066148848682324068e-01 8.109830030500353448e-01 8.049137289700977194e-01 8.102487496972970993e-01 8.060415635882407503e-01 8.126747939587285474e-01 8.053565979005953279e-01 8.154202745658329921e-01 8.130723069816563342e-01 8.138972352725929449e-01 8.216506813537002296e-01 8.144699250067399809e-01 8.120003853714813369e-01 8.142857624853293563e-01 8.188922992780458543e-01 8.051072686751419294e-01 8.108154675326376681e-01 8.096286220089015107e-01 8.124286424140058083e-01 8.139180560541262599e-01 8.252050049818323574e-01 8.143299380031170376e-01
6.362482885255009435e-02 1.399063489001114990e-01 2.964503879553568311e-01 5.458728025588854837e-01 4.233164876709723523e-01 4.459449267683812113e-01 7.008481826198204034e-01 6.825250652979509836e-01 7.295319958840977836e-01 6.736068808400743624e-01 7.866915588704143092e-01 1.000000000000000000e+00 7.578330369889357820e-01 6.067021809752000117e-01 8.412626464805748050e-01 8.404546087216855366e-01 7.565327611496304172e-01 6.326597763805225094e-01 6.882483498244625908e-01 6.376002508106070055e-01 6.061139654429601453e-01 6.884340539322657548e-01 6.518286718488631726e-01 6.691318918195290344e-01 6.988173018989649599e-01 8.126697064907822954e-01 8.058935025068539870e-01 8.061370906098600519e-01 7.192658767447153156e-01 7.804944470726314920e-01 8.428555722864780053e-01 8.474656769418466018e-01 7.879411095767430151e-01 8.376140014377244647e-01 7.958428728139542718e-01 8.466408092418964415e-01 8.355787874259452686e-01 8.479814663936063868e-01 8.522678299543984259e-01 8.573271647158610120e-01 8.820343732858176855e-01 8.778465909942813061e-01 8.886906879557876504e-01 8.923402179656944044e-01 8.844910173948301590e-01 8.662706984944869015e-01 8.919567448100872431e-01 8.902164279496987964e-01 8.916204779120011636e-01 8.618573487656884247e-01 8.893738061502246550e-01 8.745359591296093527e-01 8.845691601577208019e-01 8.733787248716777807e-01 8.627526355869520325e-01 8.641096726184901433e-01 8.701468127923703832e-01 8.806962110133963462e-01 8.810866429581988291e-01 8.906086987306381930e-01 8.947137208206558112e-01 8.858612921149990882e-01 8.794282474613610567e-01 8.788891891925937339e-01 8.754081259810863047e-01 8.884937995762987040e-01 8.900771210977245218e-01 8.855625600420939936e-01 8.855027324032767044e-01 8.805894610878723938e-01 8.780253937860258429e-01 8.825118296602445511e-01 8.816333558865308007e-01 8.791537577415788896e-01 8.923343062979383067e-01 8.900413157971881484e-01 8.877702552887657417e-01 8.537097224549327068e-01 8.821146423302232975e-01 8.688206101152009531e-01 8.801415308270252869e-01 8.864593144744028486e-01 8.932447793281818038e-01 8.748296182631506435e-01 8.897066481084934253e-01 8.916785019974042825e-01 8.884362236980138938e-01 8.946180331987667600e-01 8.904691203041719127e-01 8.903908229140375941e-01 8.940251691028954228e-01 8.976708880876924646e-01 9.000330193263557099e-01 8.965391792486349098e-01 8.920458134288438146e-01 8.929124856384019759e-01 8.926159421245143388e-01 8.871892307741036099e-01 8.914833243424034048e-01 8.972245730696385424e-01 8.969283705432439247e-01 8.979633455626643279e-01 9.021412463275274574e-01 9.010093604574518356e-01 9.017984772338630828e-01 8.921375683529585432e-01 8.950431676372326839e-01 8.877523090404423334e-01 8.910113362982478025e-01 8.933381054434896829e-01 8.951361803979224208e-01 8.954496643149822965e-01 8.970399198118174100e-01 8.934545195583266652e-01 8.967478581516593605e-01 8.974656323186736007e-01
3.660362450319938621e-02 1.125276664272374522e-01 2.431887517058437254e-01 4.733740098338913294e-01 4.120825064734863763e-01 3.975104131603683366e-01 6.396754491551815969e-01 6.260363756326589035e-01 6.768904506539913379e-01 6.256423141546626487e-01 6.794201979538475600e-01 7.578330369889357820e-01 1.000000000000000000e+00 5.387392366771838192e-01 7.697694687108206368e-01 7.798652445261663457e-01 6.701285182198248869e-01 5.345409364448898693e-01 6.045785580752967014e-01 5.436631016443456144e-01 5.281283948191634048e-01 6.036413989409351588e-01 5.787142863737434473e-01 5.767634493102361537e-01 6.060321422228280852e-01 7.351987392528447351e-01 7.143097162521923060e-01 7.300085387915937751e-01 6.528574612822007905e-01 7.085088832279503590e-01 7.654815514415294064e-01 7.518081229411817112e-01 7.125323396562251999e-01 7.435345350942001996e-01 7.234793402135616391e-01 7.590664127767071667e-01 7.495564383407803399e-01 7.662743460752843294e-01 7.814144649106572471e-01 7.641042476789298155e-01 7.940384234164441501e-01 7.955123379822550689e-01 7.969246694127548603e-01 8.066253353064206655e-01 7.970405975800065601e-01 7.911425267499594405e-01 8.097626319942153872e-01 8.095201390817042819e-01 8.082948353930674568e-01 7.675319051876328125e-01 7.966783743058357681e-01 7.825090015654577735e-01 8.021797987567826915e-01 7.954168516465528471e-01 7.857613224318458212e-01 7.803454469162965923e-01 7.880322517177532626e-01 8.037871067205375475e-01 7.973696248371502371e-01 8.171056624985677530e-01 8.086530147586655781e-01 8.073274720727200426e-01 7.953361381430608112e-01 8.001157296878232961e-01 7.951530457411458697e-01 8.098286980567933613e-01 8.112209785408220908e-01 7.983043538780113524e-01 8.015745422287409161e-01 7.880237020804617964e-01 7.843690299718122372e-01 7.975804402487457478e-01 7.861776640707149877e-01 7.873030418387918505e-01 8.098414495603052377e-01 8.080229533037275313e-01 8.047083108685976205e-01 7.748965473189883824e-01 7.998756672499111042e-01 7.929972261151240209e-01 8.011468620150289377e-01 8.062856231989461442e-01 8.050878109886208112e-01 7.935174970344446299e-01 8.033353945564012388e-01 8.051883381463933453e-01 8.054273574941041014e-01 8.074685939292944870e-01 8.111926973720411382e-01 8.098701800333286682e-01 8.046001415389966160e-01 8.135191904815826103e-01 8.146071364625121491e-01 8.138463388413598176e-01 8.130895494941806634e-01 8.146464025347038840e-01 8.011201936847569538e-01 8.059365763344540357e-01 8.095722095807943441e-01 8.097914433160360304e-01 8.123072780950062466e-01 8.120945792493222681e-01 8.177059600579598131e-01 8.177847850872176361e-01 8.172374053751788603e-01 8.109043939231131981e-01 8.146123225251721278e-01 8.111180481401016884e-01 8.127816321937646471e-01 8.146618429012251195e-01 8.111706187898725107e-01 8.178710700548704748e-01 8.139806650636836061e-01 8.144781312825557507e-01 8.141238277231966913e-01 8.192195044334591447e-01
