1.000000000000000000e+00 1.757973462191344260e-01 1.194819305078499982e-01 -3.509461387440909741e-02 1.422737195052575961e-02 -2.556675678720882888e-02 4.373809419457631159e-02 6.473623712318104205e-03 1.697058925006933727e-01 1.037762131396035015e-01 6.595830020336790334e-02 3.716748486494189305e-03 1.184316930501953975e-02 5.225114799023738120e-03 2.118286078865009442e-02 -1.496461161309572616e-03 1.153311989436807544e-01 2.354869440178293249e-01 1.797787267425196012e-01 8.069916031037396853e-02 1.395253724927132954e-01 1.843113902621321132e-01 1.982526767437447213e-01 2.079065523128069692e-01 1.869690507291577597e-01 7.847395279734142859e-02 1.245699976270904230e-01 1.201160036523233471e-01 2.268150132978357381e-01 1.548830320383967618e-01 1.254352610215410668e-01 8.725703516462758602e-02 8.608055973286275753e-02 8.631670677950233073e-02 9.588745712501366147e-02 5.880841286737437806e-02 1.031716989918992772e-01 2.231100856870986762e-02 4.363245901077947991e-02 -1.075254573528186368e-02 2.632316260145120199e-02 2.879579327185800147e-02 2.663475060353895385e-04 3.525884474291402643e-02 4.982324688851755973e-02 3.241741820264101848e-02 8.260672125415037884e-03 3.912156671943023412e-02 8.938736894455808976e-03 1.459883576766656671e-02 7.792151510805682239e-03 -2.244023642646055666e-02 9.869974783361828638e-03 6.244337794662013080e-02 5.558545997321616416e-02 6.406335308442197285e-02 4.064938280385267666e-02 1.181843102232190724e-02 1.269640194814797458e-02 2.901058058209217416e-02 9.327650477696959944e-03 1.084534017773057524e-02 3.630697507340001611e-03 2.673878302821623698e-02 6.432785702956600460e-02 4.217211316077400240e-02 2.957387530710171852e-02 6.941672056805503477e-02 7.457869316954676697e-02 4.854203909341613110e-02 5.989407457309800509e-02 6.767494071511487297e-02 9.308546505122199111e-02 7.558255458072840605e-02 4.250800672638044286e-02 5.554845153240872691e-02 6.140755460600062082e-02 9.384255150649414845e-02 6.742744397715830229e-02 6.247814721593476783e-02 6.260183733843091569e-02 4.903522520291577619e-02 5.168768601006199642e-02 5.210428672686897439e-02 3.007137487810996462e-02 4.860301571996662046e-02 4.547733805138278601e-02 1.725554153598814894e-02 2.199308258816234582e-02 5.365093995133087684e-02 2.451932101691628105e-02 1.450796960940826594e-02 2.752808339098177653e-02 2.451568826593306799e-02 7.740161526912556732e-04 1.591852804719006212e-02 2.249631875624550498e-03 3.234080995133735426e-02 1.043328373911855435e-02 8.205706619051494205e-03 6.156391222466878026e-03 1.167818257645217815e-02 6.588452412566970888e-03 6.441636611182628529e-03 1.060966887130851410e-02 3.795087789134911349e-02 1.751186855859696023e-02 2.921279606929819139e-02 3.597825794021580065e-02 2.038453860597288332e-04 -2.036649580164758434e-03 1.337445018918110261e-02 4.294182928184978217e-03 1.580880619306026039e-02 3.099407112258664374e-02 2.388666717553977401e-02
1.757973462191344260e-01 1.000000000000000000e+00 8.852229329587824047e-02 -2.725882628928326043e-02 7.089687223792925930e-02 8.304564817830144274e-02 1.422639502492597519e-01 9.103895262149806766e-02 2.320049996372328394e-01 2.046717182782191446e-01 1.360813750202487793e-01 1.069602678571228010e-01 1.498023692367349557e-01 1.218441025586723403e-01 1.503178447900395676e-01 1.388899962052898285e-01 1.936971235056343110e-01 2.131587217720735117e-01 1.832039660538349879e-01 7.259272336127267633e-02 9.524942122626996188e-02 1.671789564927524119e-01 2.177487347806080498e-01 1.976734521460877803e-01 1.655221537807594623e-01 1.662252175046168290e-01 1.746077055503562903e-01 1.886859051922883945e-01 2.489367787389996367e-01 2.153072177105483098e-01 2.143474907689876807e-01 1.796979506625369649e-01 1.613161082223715237e-01 1.895528512434964397e-01 1.848759247838206443e-01 1.421085712291355330e-01 1.785310556284959715e-01 1.623103011375655047e-01 1.812803549065880315e-01 1.123385637383261110e-01 1.561414974222826435e-01 1.479049902309255149e-01 1.322742950239679249e-01 1.549171933162994397e-01 1.569058946556332879e-01 1.725895474091618809e-01 1.590109194125939596e-01 1.705303474421471510e-01 1.576850449538044485e-01 1.324035625092001567e-01 1.486901272863460355e-01 8.467495825248412544e-02 1.257887422239788167e-01 1.812692072089308049e-01 1.762549966325548112e-01 1.832219203585588596e-01 1.598546469995956731e-01 1.504559078231581803e-01 1.536039924921053790e-01 1.618563788174464113e-01 1.512723303228732663e-01 1.619708431794011638e-01 1.534379720724226293e-01 1.651745741591681416e-01 1.645819651149604546e-01 1.588845819362598166e-01 1.673046034780143465e-01 1.776477421374600685e-01 1.939390911568192599e-01 1.500122490550311882e-01 1.523347017916293067e-01 1.709398276138351103e-01 1.953477067475786755e-01 1.707008763433308651e-01 1.685829693666278106e-01 1.769834378396582253e-01 1.809035845116148400e-01 2.000626212290463335e-01 1.901837050247175698e-01 1.928841960200897709e-01 1.817956232851866138e-01 1.779856837594127883e-01 1.769339982451622606e-01 1.827959519913048003e-01 1.627136806203425545e-01 1.773630860295209721e-01 1.621136236609360959e-01 1.646402678959843213e-01 1.670833070467134529e-01 1.787633941216735523e-01 1.545009520621324350e-01 1.565962819486037827e-01 1.572206163236077314e-01 1.595458508050359159e-01 1.553564158044733468e-01 1.631278309605116439e-01 1.338454675250964621e-01 1.535201873672089046e-01 1.518076653729995562e-01 1.497276921148193995e-01 1.468464066756831332e-01 1.558868484094741158e-01 1.411495799696313447e-01 1.523429539924377740e-01 1.407756660325854559e-01 1.651520660118437067e-01 1.613324900912684046e-01 1.717068148745937717e-01 1.742700188956986806e-01 1.479679593196777942e-01 1.529945654352457274e-01 1.578064291296511767e-01 1.588785664505073802e-01 1.620613076228799854e-01 1.595584003519196215e-01 1.571048884752616615e-01
1.194819305078499982e-01 8.852229329587824047e-02 1.000000000000000000e+00 2.850473688818528362e-01 1.698403920010471968e-01 2.187419536400235232e-01 3.323105241687852041e-01 2.874257126290060693e-01 3.200998239622389607e-01 2.819736446609042990e-01 3.411083424239267359e-01 3.434379038546215290e-01 2.977083564567477025e-01 3.052947739449575759e-01 3.316981880444480058e-01 3.213917592295781889e-01 3.455965825809452219e-01 3.653969206697940675e-01 3.618555063058211951e-01 3.337078637711461404e-01 3.620443206564281091e-01 3.719312218316151997e-01 3.337502287132118606e-01 3.553591983870001969e-01 3.666984478359890942e-01 3.540975657482787198e-01 3.532275321745539931e-01 3.700789953217227257e-01 3.506506977085021570e-01 3.417426650405831490e-01 3.678542798934062441e-01 3.553920696039811755e-01 3.377282369913098825e-01 3.604105363723741351e-01 3.429070776126447173e-01 3.708624434663379543e-01 3.615949768750618132e-01 3.324963072073472969e-01 3.308850806605411199e-01 3.540271497607981321e-01 3.494057775104161823e-01 3.532384008290598842e-01 3.522297027844065731e-01 3.537425727051738966e-01 3.618825947339120441e-01 3.362360860217791236e-01 3.361065165586152315e-01 3.473895218959149322e-01 3.382678903210079580e-01 3.539312887061680235e-01 3.407067963856738047e-01 3.601248319264843123e-01 3.541478582825551280e-01 3.448905196144598229e-01 3.464575616528842161e-01 3.458724202438801520e-01 3.463290043695185783e-01 3.301357611423854643e-01 3.348869567594379704e-01 3.447553868059173854e-01 3.407983896400120782e-01 3.348926143766164376e-01 3.357304583630210115e-01 3.371905235332134376e-01 3.585174724300798088e-01 3.548116661189141818e-01 3.480069640450031421e-01 3.628883545582662351e-01 3.587349165388716843e-01 3.706716161440897772e-01 3.744533541541201216e-01 3.628645683277511025e-01 3.603871149379591077e-01 3.667277252407123433e-01 3.563548310430853516e-01 3.598917028466968593e-01 3.586994675135347088e-01 3.532493923502936228e-01 3.469451299201056216e-01 3.429560756690367418e-01 3.544423508264424871e-01 3.536521923790914013e-01 3.535773656492119943e-01 3.501829302307878367e-01 3.518367210306243553e-01 3.526912177613010790e-01 3.565535731925304486e-01 3.380588089580145450e-01 3.412173683713167205e-01 3.526884082071334303e-01 3.534546699840777073e-01 3.473895614803326204e-01 3.529048927654063750e-01 3.443638035167267963e-01 3.340325379746187928e-01 3.388621901764400368e-01 3.424206658088638222e-01 3.476774639206428041e-01 3.409069600150243518e-01 3.436847988481954164e-01 3.401717143066225191e-01 3.374958008193669201e-01 3.457502569090478151e-01 3.415507383197948221e-01 3.504082557574121903e-01 3.416230157550294577e-01 3.364830042601339999e-01 3.395149739524624399e-01 3.444029247539497907e-01 3.401592152468073671e-01 3.318065530701548860e-01 3.430001634475779437e-01 3.333277025754514122e-01 3.348658381555789099e-01 3.458878821593712183e-01 3.437610017991461486e-01
-3.509461387440909741e-02 -2.725882628928326043e-02 2.850473688818528362e-01 1.000000000000000000e+00 3.413324303972040119e-01 3.594154356455516730e-01 5.513019407913960501e-01 5.524803304786533031e-01 4.294481451519986392e-01 4.037808529295720539e-01 5.504213403810306326e-01 6.411433502513664839e-01 5.251484385707311242e-01 5.315983329681307490e-01 5.647305856753610520e-01 5.782757757063569093e-01 4.994854410873509343e-01 4.653500525668342602e-01 4.787533591280980771e-01 6.191038756786654274e-01 5.409342650229577165e-01 4.833326451299562176e-01 4.463598403629708833e-01 4.684968479417464526e-01 4.678546041302992231e-01 5.771501715082215656e-01 5.376995898644756355e-01 5.249690746547686082e-01 4.184823546293455210e-01 4.454225558180218703e-01 5.179523157664359667e-01 5.276386719917333101e-01 4.930694828151376274e-01 5.119166549381326536e-01 4.881145064280126289e-01 5.727906492591113841e-01 5.347202313646198801e-01 5.355277738176567048e-01 5.131872260904265515e-01 6.071932589966930749e-01 5.795715445350287931e-01 5.688863477509079614e-01 6.050606485382394872e-01 5.840475431568158404e-01 5.798167874681880996e-01 5.514608010343925448e-01 5.606790238821813821e-01 5.509528916384616171e-01 5.565315266868225974e-01 5.814630040110116971e-01 5.710845359108694952e-01 6.315407516880267025e-01 6.036970985791187960e-01 5.358807648629839715e-01 5.383653855443399916e-01 5.341816323818417978e-01 5.561159501764351143e-01 5.656341132092073121e-01 5.593388709338515952e-01 5.685631821256160734e-01 5.770898139327033105e-01 5.564474525874021360e-01 5.545377361844471276e-01 5.455254467606986957e-01 5.641664254052192184e-01 5.679451660991794437e-01 5.628741695970446157e-01 5.524646187695916311e-01 5.472206732019693209e-01 6.219868686590883655e-01 5.796582273979181688e-01 5.522951618768224824e-01 5.443389105748243084e-01 5.550394540519668629e-01 5.790976688614868362e-01 5.685839732508471966e-01 5.564376397797144991e-01 5.253143782630301795e-01 5.364651114472787086e-01 5.253836814454300175e-01 5.480346336753050274e-01 5.528350908374175532e-01 5.463069885759868072e-01 5.397940755031993554e-01 5.656026796905047060e-01 5.502686936077574309e-01 5.681802592859538370e-01 5.535164590795876860e-01 5.490761754540869344e-01 5.533497577053322347e-01 5.820052165528715182e-01 5.771620373331370901e-01 5.801137063889016954e-01 5.678655716810697696e-01 5.636390318147099787e-01 5.575661358433431358e-01 5.983259154683362446e-01 5.687385356537406622e-01 5.731840442825369974e-01 5.798540784329067055e-01 5.773194811529698267e-01 5.633262537508805234e-01 5.877999861025424710e-01 5.743290986355518157e-01 5.872935747291462283e-01 5.481166530607946008e-01 5.612336545171605628e-01 5.494674506663312918e-01 5.489579057748490420e-01 5.794306077520982035e-01 5.640153549666279131e-01 5.692548846228295822e-01 5.615947059696457799e-01 5.554347541381196018e-01 5.618102580703672189e-01 5.652125260262682582e-01
1.422737195052575961e-02 7.089687223792925930e-02 1.698403920010471968e-01 3.413324303972040119e-01 1.000000000000000000e+00 3.051662508313980338e-01 4.414858715620744722e-01 4.542833539159374379e-01 4.262724858220491297e-01 3.867992903113420811e-01 4.575349821874493683e-01 4.960000720191724000e-01 4.392927570225803602e-01 4.492812257783059260e-01 4.919045968682409509e-01 4.845124653216920096e-01 4.229096496547109507e-01 4.332469368476355998e-01 4.262394730136707111e-01 4.120317093420027832e-01 4.116613589618069446e-01 4.170198897818568895e-01 4.257930882368990422e-01 4.383729124973290148e-01 4.195542346608578388e-01 4.974509592444674166e-01 4.667296954872058312e-01 4.743158435991651212e-01 4.158652146512591408e-01 4.408626519729767490e-01 4.740013892573367582e-01 4.721196091340201240e-01 4.217289057952472997e-01 4.715316629731949316e-01 4.508958285335959437e-01 4.688053232738740306e-01 4.750716470976831807e-01 4.794730891646369897e-01 4.728154708773242842e-01 4.821797954102669537e-01 4.971418342495053655e-01 4.960778493364021435e-01 5.043251511366693141e-01 5.014160524653612505e-01 4.930714893823462952e-01 4.887958878225246440e-01 4.954524795072344778e-01 4.919453002348183057e-01 4.903655482668539123e-01 4.897455667081619390e-01 4.973270279510155212e-01 4.966579926903896824e-01 5.031760663763048536e-01 4.834477357221822480e-01 4.848003593462494321e-01 4.838068908232375231e-01 4.829491030300480658e-01 5.027173066850182392e-01 4.901619212861083597e-01 4.978879236502800620e-01 5.018455528242315999e-01 4.917032027231114655e-01 4.907359652582378717e-01 4.850613864374757056e-01 4.897160318930049439e-01 4.927628248378831954e-01 4.934788617292212853e-01 4.940200491330637989e-01 4.910636903591770741e-01 5.074437531277826707e-01 4.888930485292748984e-01 4.904697307869413936e-01 4.898992319113777971e-01 4.887364554559516239e-01 5.019729572251278027e-01 4.927074250624285390e-01 4.906601767624025334e-01 4.819387259975639326e-01 4.860672770282658539e-01 4.865258725612093271e-01 4.886450788684205127e-01 4.911154414029371140e-01 4.806344353460463292e-01 4.811439511923496504e-01 4.907049182673716703e-01 4.924531573901352877e-01 4.893486263621571464e-01 4.913028075657310811e-01 4.856272781852241649e-01 4.954658573340953165e-01 4.924970863171013735e-01 4.989309259696232401e-01 4.972677060048171782e-01 4.943047063977256683e-01 4.967353313506350787e-01 4.936909972463368046e-01 5.052438573303481562e-01 4.913255421113414956e-01 5.008091077291532134e-01 4.981604471987302052e-01 4.995262246626394620e-01 4.951442957099790876e-01 4.995173447615156026e-01 5.001245410164615324e-01 5.005458963350879475e-01 4.870894889627265245e-01 4.925809053168221929e-01 4.930660333074560198e-01 4.893869952315456073e-01 5.022037304917176259e-01 4.948494119719294981e-01 4.991039552044210792e-01 4.955870047948741086e-01 4.900579363685886314e-01 4.932023484553238468e-01 4.940870910925007631e-01
-2.556675678720882888e-02 8.304564817830144274e-02 2.187419536400235232e-01 3.594154356455516730e-01 3.051662508313980338e-01 1.000000000000000000e+00 5.218347100789387794e-01 4.743137221461110054e-01 4.913248212846592633e-01 4.559705256607691770e-01 5.223663986361485323e-01 5.619515453955984396e-01 4.768836326554204974e-01 5.372681440119549956e-01 5.621655329553317815e-01 5.425051248438411688e-01 5.063858448427313030e-01 4.558229114180415431e-01 4.939002207928668842e-01 3.938133444442279973e-01 4.192535706959980568e-01 4.623707907713566212e-01 4.721508817101632283e-01 4.640895767968374330e-01 4.719533945954771381e-01 5.417513530674825661e-01 5.284588376038913404e-01 5.399919264788557438e-01 4.859700790521307989e-01 5.104945541307068790e-01 5.481657360739877749e-01 5.441021773361998104e-01 5.134954219798860686e-01 5.338805809752945608e-01 5.259481104675837182e-01 5.441733469590145367e-01 5.467297756160808264e-01 5.623588098362688470e-01 5.601529937584501795e-01 5.630435244739246947e-01 5.689854425787000958e-01 5.721974638836612170e-01 5.807569074625280603e-01 5.788707856804593543e-01 5.662412863616989034e-01 5.717445460808532331e-01 5.704849324492555773e-01 5.685337924724210845e-01 5.731669588188560427e-01 5.706172455900729856e-01 5.742896962601526933e-01 5.578618708185261177e-01 5.721728802036070149e-01 5.658124224338186847e-01 5.677402014095229710e-01 5.652846052637434671e-01 5.700939331679655275e-01 5.698336403346339063e-01 5.721392425308176044e-01 5.738643339621986028e-01 5.780752845068467538e-01 5.746074113192338739e-01 5.700538270791032369e-01 5.670815922093753736e-01 5.646127598799530745e-01 5.724824783037878451e-01 5.721814132697530253e-01 5.651444596292258815e-01 5.616713163364172035e-01 5.605112863014565239e-01 5.615945931580342831e-01 5.675441530021130276e-01 5.542480204606239358e-01 5.605915727370983648e-01 5.746861651960639694e-01 5.706617020717587030e-01 5.690911784562556752e-01 5.632848005639655709e-01 5.661280804587628390e-01 5.625506793356999102e-01 5.662115603584391144e-01 5.709053756623239106e-01 5.684565231109787176e-01 5.677708711089384241e-01 5.710030504768680570e-01 5.662588150621516991e-01 5.733291154056717742e-01 5.753490393072947517e-01 5.696368202619741528e-01 5.697007166096090813e-01 5.772303078904199580e-01 5.791944628365947034e-01 5.778054060773065714e-01 5.774016929075922455e-01 5.742055445700102734e-01 5.749677569715997416e-01 5.791407290980694622e-01 5.712507002506160836e-01 5.753851738633743995e-01 5.758382727054104366e-01 5.782615578436486325e-01 5.746986504209018465e-01 5.764047295215739553e-01 5.792035779962755315e-01 5.779849911044551147e-01 5.692116712898405151e-01 5.762689022643507908e-01 5.720681590985094989e-01 5.723206686304554980e-01 5.766444403477186675e-01 5.747498127213428454e-01 5.771642595581356616e-01 5.752651991514602381e-01 5.739627021757743863e-01 5.727260439584501706e-01 5.754453641349829285e-01
4.373809419457631159e-02 1.422639502492597519e-01 3.323105241687852041e-01 5.513019407913960501e-01 4.414858715620744722e-01 5.218347100789387794e-01 1.000000000000000000e+00 7.038661974949798061e-01 7.199697844151098369e-01 6.563653416964763121e-01 7.455552507061752321e-01 7.869189886150382840e-01 7.169798340241457790e-01 7.347629247913396444e-01 8.315193068710644564e-01 7.868888940048835989e-01 7.272227064558245413e-01 7.122098495165669618e-01 7.275422265929172294e-01 6.389409283061646683e-01 6.248276818068565497e-01 6.753087771550347895e-01 7.414529606697022324e-01 7.250864042177724844e-01 6.998521773956218883e-01 8.088294238777555822e-01 7.757395145188817898e-01 7.961269635849034243e-01 7.259029615169981797e-01 7.655898052188626624e-01 8.065104407948094911e-01 8.042028758526903465e-01 7.659807472258233219e-01 7.927783640842930302e-01 7.805194657721785667e-01 7.899037940704832783e-01 7.963932602250528570e-01 8.094000896254032185e-01 8.033368254775903328e-01 8.076386147917647973e-01 8.146351411846879387e-01 8.138529352194167066e-01 8.241249057358679408e-01 8.192611555010615998e-01 8.159916593335764246e-01 8.175973323687745209e-01 8.117637515576269225e-01 8.041885530574844898e-01 8.092652046132104982e-01 8.123098099545172923e-01 8.141730781304418185e-01 7.774013370316822380e-01 7.985735092066004182e-01 7.962985045263172301e-01 7.987618143476756805e-01 8.149198061561252482e-01 7.995001149881093561e-01 8.078501947519094450e-01 8.088695219663589731e-01 8.094871569025775537e-01 8.171461836122997369e-01 8.079506933604125862e-01 8.075807909175548582e-01 8.040576492334324810e-01 7.972639875833541501e-01 8.033494690606559629e-01 8.122160931899808922e-01 8.144845940517595473e-01 8.204111806260234729e-01 8.182969215296433951e-01 7.971005285121346429e-01 8.078986355741558656e-01 8.153550075408965148e-01 8.106967361551932205e-01 8.245248058061290797e-01 8.177389252801582353e-01 8.192182473938427467e-01 8.056052674287007553e-01 8.189422820196842201e-01 8.065784218868505828e-01 8.136225122803155685e-01 8.158813315948325595e-01 8.154793264909037109e-01 8.122994930712734707e-01 8.170700731171356423e-01 8.144874902886665158e-01 8.203723947769014924e-01 8.189095057635928931e-01 8.141923830761671477e-01 8.176263237319161270e-01 8.265054568207612640e-01 8.220144401387529109e-01 8.237812844156660042e-01 8.209394978521165065e-01 8.073465193760481773e-01 8.099282069508774162e-01 8.206921264011458605e-01 8.046858381101601454e-01 8.178588041349530435e-01 8.206399090943709007e-01 8.195283886266319096e-01 8.100702064956625259e-01 8.095700927501250366e-01 8.164862817604174872e-01 8.138604072230248843e-01 7.985881046155117735e-01 8.111589736597828448e-01 8.097714134204035963e-01 8.101938403964082935e-01 8.156942352337558377e-01 8.091342807573392859e-01 8.105176742894516506e-01 8.106326284039266916e-01 8.085435283418348495e-01 8.070417730515154764e-01 8.064148349855820852e-01
6.473623712318104205e-03 9.103895262149806766e-02 2.874257126290060693e-01 5.524803304786533031e-01 4.542833539159374379e-01 4.743137221461110054e-01 7.038661974949798061e-01 1.000000000000000000e+00 6.627337628876028841e-01 6.163454927152756113e-01 7.235545134269968370e-01 7.756040129004095895e-01 6.997771142983661985e-01 7.196223654305773376e-01 7.837261088528932884e-01 7.826810993937821648e-01 6.828217800539767568e-01 6.576118693998127540e-01 6.712985747482100862e-01 6.230302067158000057e-01 6.133101432810317277e-01 6.369316172988843672e-01 6.535090101461042966e-01 6.554036238199778541e-01 6.430529632839823151e-01 7.725373511520209346e-01 7.389659684835029330e-01 7.367113639552939075e-01 6.548848681861186849e-01 6.929848970295277022e-01 7.483328361322066913e-01 7.530161196593808670e-01 7.084005987236504653e-01 7.356533997272486358e-01 7.186102007726339336e-01 7.590151185904463471e-01 7.484737392477572859e-01 7.699439565866132984e-01 7.630075988775359974e-01 7.716390533742017999e-01 7.854810448661689870e-01 7.856554142767363524e-01 7.999537909592651097e-01 7.937808432796964464e-01 7.826483635654016835e-01 7.786773229281670483e-01 7.857719746580777986e-01 7.810752881747425880e-01 7.777607473341254796e-01 7.834961366362989121e-01 7.925910096198302002e-01 7.772417542542174873e-01 7.895234559317542145e-01 7.734016084271602143e-01 7.759736280237636841e-01 7.730964401941485820e-01 7.767830867053584498e-01 7.890077924504768081e-01 7.877831026921928714e-01 7.873978328027135820e-01 7.969332567057998418e-01 7.849340017161100524e-01 7.823192793286346536e-01 7.781063210082564963e-01 7.739452938570466900e-01 7.819412982559428293e-01 7.863750741446868808e-01 7.794224624693272263e-01 7.768223859835873268e-01 7.942404885011764559e-01 7.735241609880756375e-01 7.764020198103596115e-01 7.655791806838158076e-01 7.744866934613938714e-01 7.942869376620257382e-01 7.866005925352307360e-01 7.782803489287447585e-01 7.658246593929947110e-01 7.764142410507911540e-01 7.708762483060326298e-01 7.763641655490141069e-01 7.812546335535900388e-01 7.771228961836448290e-01 7.710502818033994066e-01 7.860949374047221383e-01 7.779518954498182426e-01 7.879146398442363752e-01 7.872783685199092885e-01 7.841929701990663082e-01 7.856366649076784725e-01 7.915949307233020038e-01 7.933777555785556101e-01 7.934997226428714967e-01 7.917362768147262475e-01 7.873953770132473551e-01 7.873115132173986730e-01 8.045466457067633748e-01 7.876008211144113202e-01 7.967079096674493099e-01 7.980153684142854420e-01 7.977294622895982901e-01 7.934969549099226693e-01 7.950140865292267822e-01 7.964164537269801114e-01 7.970692207760649017e-01 7.806190535226816829e-01 7.894444937155336017e-01 7.845395372577320670e-01 7.862396609901395328e-01 7.967097679024257584e-01 7.912639949547051188e-01 7.905158504763947214e-01 7.895786494964347479e-01 7.860166788870754928e-01 7.837173299517299352e-01 7.882046083701605976e-01
1.697058925006933727e-01 2.320049996372328394e-01 3.200998239622389607e-01 4.294481451519986392e-01 4.262724858220491297e-01 4.913248212846592633e-01 7.199697844151098369e-01 6.627337628876028841e-01 1.000000000000000000e+00 7.711810884739562777e-01 7.810386441807664060e-01 7.819474304692322075e-01 7.297871417365358049e-01 7.753127434454882838e-01 8.306872453883047402e-01 8.083869592166014195e-01 8.227694641488494387e-01 8.010479256300601092e-01 8.135920436701605807e-01 5.801632906809800483e-01 6.506692550446898649e-01 7.534572539932661295e-01 8.099181749607970993e-01 7.918930562531992789e-01 7.643418699560627916e-01 8.341012898455347768e-01 8.477852669262426755e-01 8.567914164715767500e-01 8.456764108293348681e-01 8.703586369491514985e-01 8.882532379194054695e-01 8.704160446548466767e-01 8.321831277352932377e-01 8.612452160732374518e-01 8.541041113850145194e-01 8.253063506169537877e-01 8.695570728445993769e-01 8.486678528622089157e-01 8.660161031962715361e-01 7.993636863242052915e-01 8.585461870062474077e-01 8.544212005158045020e-01 8.405921498911481660e-01 8.565160263398022833e-01 8.608741760964278011e-01 8.647914430416333564e-01 8.576140170075340352e-01 8.771595123610527178e-01 8.623723974665125080e-01 8.358825074316922343e-01 8.540210684473625857e-01 7.823556927613017908e-01 8.260240293240260767e-01 8.810873200186766230e-01 8.689720294486302787e-01 8.795009775953495090e-01 8.589102535634537405e-01 8.539489739935740564e-01 8.511896432312078264e-01 8.672721403078847979e-01 8.584427531268780109e-01 8.602491367466945649e-01 8.484553889363877222e-01 8.651025265640457373e-01 8.740885502391483319e-01 8.647435196318551398e-01 8.707961450183059338e-01 8.837987083293437074e-01 8.861417542969778349e-01 8.455480178044891826e-01 8.516836619770822292e-01 8.759604594796914778e-01 8.779228675409570526e-01 8.702138527304688065e-01 8.744092837466431734e-01 8.772756030509989422e-01 8.802467172883239321e-01 8.903953312449069957e-01 8.824467543186649277e-01 8.853430230408969592e-01 8.832051947786019319e-01 8.820447417807126822e-01 8.760840944174447253e-01 8.786375919231961262e-01 8.639955409830288868e-01 8.737805623018316536e-01 8.725380947606732329e-01 8.661482580271699927e-01 8.675660906078367374e-01 8.788983954490393602e-01 8.634152332196735058e-01 8.652813155223501029e-01 8.681502645039276267e-01 8.689343997672208664e-01 8.599361026218991233e-01 8.681462823834542597e-01 8.392431089696960056e-01 8.566440118619781385e-01 8.574811898268925869e-01 8.560066478765936404e-01 8.584966256043021771e-01 8.572167067278576580e-01 8.524124944530787618e-01 8.598099466736436325e-01 8.552264498175131680e-01 8.639528723263416587e-01 8.650923264268817192e-01 8.752077326736079632e-01 8.752835251401737127e-01 8.559729280865548962e-01 8.560231261999362573e-01 8.653095579907621460e-01 8.610486989780791189e-01 8.637596927316576467e-01 8.688501600722590146e-01 8.667647362861474747e-01
1.037762131396035015e-01 2.046717182782191446e-01 2.819736446609042990e-01 4.037808529295720539e-01 3.867992903113420811e-01 4.559705256607691770e-01 6.563653416964763121e-01 6.163454927152756113e-01 7.711810884739562777e-01 1.000000000000000000e+00 7.169520713832864267e-01 7.266274490469737390e-01 6.836604578745847371e-01 7.262598323516514798e-01 7.853265881808686455e-01 7.564543851448516376e-01 7.331344478722304769e-01 7.133296996776066212e-01 7.271392731962865730e-01 5.217381680207042738e-01 5.761261449265114853e-01 6.687063890929989540e-01 7.318584661884669496e-01 7.077134563330412798e-01 6.747680900534683834e-01 7.739138741052568049e-01 7.760407631674925977e-01 7.919167846014250056e-01 7.701507798017557249e-01 7.912695499975069824e-01 8.129904055594945333e-01 8.013681785070145835e-01 7.730225032645943184e-01 7.906110752329347235e-01 7.852777410846951689e-01 7.581270666831091409e-01 7.883321876586397714e-01 8.060083944584151006e-01 8.094318361202658130e-01 7.439993252811974989e-01 7.967503195858105514e-01 7.982764318259896186e-01 7.849190098144083194e-01 8.036107930618278106e-01 7.975488720398499209e-01 8.087986204041593963e-01 8.075587869219846837e-01 8.174033789101510239e-01 8.096734107942992198e-01 7.817867939552226586e-01 8.044672431125734491e-01 7.137431084298577755e-01 7.611329798651276235e-01 8.174358304975886114e-01 8.159540738812597338e-01 8.188285365415237660e-01 7.985206783172486000e-01 7.995811922463036403e-01 8.038095444408100976e-01 8.070484628936115401e-01 8.038423067476718753e-01 8.082739420186573209e-01 8.015885695314549642e-01 8.074783074854269271e-01 8.018192211913469647e-01 7.984487144639127454e-01 8.114225975200476393e-01 8.180625685689159043e-01 8.197364993269570244e-01 7.835344294071190374e-01 7.835083173371135690e-01 8.097045871547451368e-01 8.087628216877583709e-01 7.982604812138448525e-01 8.136399542877058577e-01 8.158445777652927333e-01 8.168614577560596723e-01 8.239980064217998779e-01 8.210707354332988928e-01 8.251991464107951701e-01 8.185903280701388729e-01 8.223552261883281256e-01 8.158478856273444491e-01 8.168111192885063598e-01 8.100372898065028027e-01 8.138580724109851783e-01 8.087844660844888400e-01 8.134154313249697399e-01 8.143348051515667541e-01 8.194178171221501161e-01 8.022121189334110447e-01 8.086505146147121570e-01 8.082614026566995458e-01 8.120358322561755937e-01 8.070496563297179238e-01 8.136742956387240655e-01 7.875502818901032320e-01 7.973336868500929819e-01 8.038834273094574989e-01 8.037333797541721392e-01 8.055082969947763294e-01 8.065877732899603414e-01 7.941010352626800550e-01 8.051063478372629811e-01 7.963218148025904553e-01 8.059670643801553069e-01 8.108319423297207784e-01 8.185441782578835035e-01 8.203055157638993178e-01 8.031351254216390068e-01 8.066198054530179240e-01 8.093403396423063390e-01 8.086851385264240966e-01 8.101652706356039513e-01 8.062736596274389100e-01 8.049388075095151862e-01
6.595830020336790334e-02 1.360813750202487793e-01 3.411083424239267359e-01 5.504213403810306326e-01 4.575349821874493683e-01 5.223663986361485323e-01 7.455552507061752321e-01 7.235545134269968370e-01 7.810386441807664060e-01 7.169520713832864267e-01 1.000000000000000000e+00 8.506710182833407963e-01 7.496826633061809408e-01 7.937449082408104539e-01 8.560098592717361177e-01 8.352893162357548640e-01 7.932902109626324139e-01 7.532236117044474044e-01 7.896814624338094335e-01 6.498765121698714120e-01 6.948558847590584620e-01 7.453461194554172886e-01 7.601469067195398832e-01 7.507826461860501732e-01 7.465775435843908792e-01 8.490378472792261544e-01 8.373906020663193228e-01 8.426598419112542038e-01 7.822059440901504290e-01 8.186266674243166674e-01 8.707976695933484779e-01 8.578829231382667508e-01 8.181843301714412098e-01 8.406679585910430408e-01 8.320940423061778946e-01 8.493330218082083549e-01 8.553459174904884943e-01 8.622363185985287837e-01 8.581244158708792868e-01 8.517685575183979729e-01 8.779190908963081519e-01 8.710047305707098175e-01 8.768267571522122550e-01 8.817104042078749426e-01 8.777891896878375899e-01 8.723588886177006119e-01 8.739790440622194900e-01 8.787457932240859693e-01 8.755206135664114209e-01 8.705050444885146232e-01 8.785316675168883815e-01 8.436173774264605907e-01 8.647375597355939636e-01 8.728477458657628585e-01 8.685645988863470723e-01 8.741581986812134719e-01 8.681865685335479199e-01 8.742118968349130714e-01 8.696678814702503146e-01 8.803986184848127117e-01 8.798418388932263134e-01 8.726085085484696080e-01 8.670461819537664816e-01 8.700798627266563834e-01 8.744603495644670543e-01 8.760009550712954951e-01 8.801248239846999333e-01 8.811657181055894128e-01 8.748326174208280737e-01 8.766175332988781488e-01 8.714434359625182758e-01 8.786210612824952859e-01 8.651539445429985431e-01 8.707789019425591359e-01 8.854965381530355284e-01 8.822708246883523842e-01 8.811021156364091667e-01 8.708720683251750527e-01 8.739464656981772439e-01 8.717757670897303690e-01 8.795007252245252705e-01 8.790882092348600851e-01 8.754892346656580893e-01 8.749665354603817224e-01 8.758191782383021318e-01 8.755080191171683568e-01 8.816217276962603488e-01 8.758694133481105260e-01 8.752729695026576495e-01 8.798047147068339680e-01 8.840959850378057316e-01 8.829852988923735380e-01 8.855873985883471189e-01 8.804703972441112469e-01 8.760669789255592921e-01 8.776597901467119156e-01 8.755752809243201318e-01 8.715587465251982691e-01 8.792616519583001944e-01 8.798556027403300339e-01 8.800308709232358417e-01 8.754586449712352669e-01 8.783849680332441734e-01 8.806820026879176311e-01 8.823222404623837223e-01 8.697574296313318465e-01 8.759006211446058732e-01 8.792955023992341523e-01 8.791082846626847580e-01 8.787126962719759016e-01 8.735529306147727935e-01 8.787648219305653763e-01 8.761040692423287535e-01 8.748949271350956458e-01 8.771226129580662612e-01 8.755578535875864210e-01
3.716748486494189305e-03 1.069602678571228010e-01 3.434379038546215290e-01 6.411433502513664839e-01 4.960000720191724000e-01 5.619515453955984396e-01 7.869189886150382840e-01 7.756040129004095895e-01 7.819474304692322075e-01 7.266274490469737390e-01 8.506710182833407963e-01 1.000000000000000000e+00 7.993989588528443990e-01 8.374759671769835823e-01 9.017893965491757813e-01 8.889163497186258756e-01 8.093498458608741064e-01 7.471971987336095689e-01 7.930063665043769472e-01 7.301545849309162284e-01 7.321086981911647529e-01 7.548303341518756149e-01 7.539222328637277259e-01 7.572701585389219892e-01 7.551667251750145970e-01 8.901646527151654276e-01 8.600752444660471063e-01 8.605990111296757394e-01 7.568518989945638431e-01 8.129736206830237011e-01 8.809938246338679946e-01 8.724525573318477889e-01 8.308181898200026616e-01 8.532719642182785558e-01 8.455483776351522263e-01 8.866405450800629584e-01 8.733796909758234639e-01 8.962088536313230769e-01 8.834232174944207650e-01 9.087073550236565156e-01 9.234331394674630822e-01 9.150517848822484757e-01 9.314661138620096148e-01 9.266124491784872852e-01 9.147295187544750572e-01 9.100390747540940684e-01 9.204366891154731611e-01 9.162715370484020294e-01 9.148480805194862953e-01 9.160636290129909876e-01 9.234228040440053409e-01 9.164465139263188176e-01 9.236446276724687987e-01 9.048887123352709061e-01 9.026207937058786657e-01 8.997106463203158322e-01 9.097025771228572921e-01 9.197580684097045323e-01 9.171122249037543250e-01 9.248021026535063749e-01 9.273551061997912237e-01 9.180744454427359758e-01 9.114951391181448370e-01 9.073066898554854598e-01 9.119578146834013133e-01 9.202160049812363463e-01 9.206873950807916707e-01 9.113309953436775634e-01 9.027732929796636885e-01 9.296773391546405696e-01 9.099572416426704446e-01 9.096694201215164144e-01 8.895465298647753372e-01 9.009315788418378323e-01 9.268260896671142168e-01 9.207948749060567151e-01 9.141775231951528857e-01 8.907890285864284996e-01 9.014431401203929495e-01 8.975481140960287485e-01 9.077282873738334867e-01 9.111737033644508044e-01 9.066310635991915445e-01 9.061629940553216356e-01 9.151504387944666696e-01 9.050571320812428322e-01 9.197145593687708898e-01 9.157325363536552576e-01 9.114778745993382669e-01 9.147348288009562456e-01 9.284544925392050896e-01 9.288353434344421844e-01 9.275395579148220104e-01 9.215318823060650866e-01 9.224471132616205438e-01 9.205635342820543965e-01 9.304881671279789934e-01 9.169723955281854355e-01 9.276927983393382648e-01 9.276860578075559749e-01 9.282884871686252204e-01 9.210534468935597241e-01 9.307699925167461918e-01 9.278140350818486759e-01 9.318785542844603142e-01 9.101209009385928805e-01 9.191659414744269840e-01 9.170882912943572052e-01 9.136052665187125443e-01 9.294020129383020468e-01 9.206107792988581506e-01 9.263995259880599686e-01 9.219545642894099169e-01 9.160324483394171047e-01 9.192774361337893163e-01 9.213800466662595001e-01
1.184316930501953975e-02 1.498023692367349557e-01 2.977083564567477025e-01 5.251484385707311242e-01 4.392927570225803602e-01 4.768836326554204974e-01 7.169798340241457790e-01 6.997771142983661985e-01 7.297871417365358049e-01 6.836604578745847371e-01 7.496826633061809408e-01 7.993989588528443990e-01 1.000000000000000000e+00 7.676576764378059137e-01 8.308803795127851499e-01 8.204820340942289292e-01 7.446365228788028867e-01 6.927679699568145555e-01 7.186018827628495309e-01 6.101072446540676264e-01 6.342635010890447234e-01 6.787299416421875842e-01 6.880976724594400906e-01 7.064147863682529449e-01 6.837368056025244778e-01 8.038680052187493486e-01 7.844942906125563775e-01 7.845166170146887774e-01 7.064478124223618760e-01 7.620054252122816507e-01 8.035182269600077420e-01 8.137882474767178520e-01 7.582021217826054871e-01 7.916201431838516545e-01 7.811660752589735246e-01 7.906647944945230932e-01 8.003274850233960125e-01 8.174118163994585906e-01 8.157623942829002051e-01 7.992057799292285880e-01 8.337559683706129432e-01 8.314589252709980727e-01 8.387780477308937055e-01 8.423755800817611661e-01 8.272161364487279345e-01 8.327128369198710800e-01 8.405618851746744502e-01 8.358506207232815344e-01 8.354740141924783536e-01 8.200689856417252566e-01 8.334571722903733049e-01 8.012650489710311241e-01 8.280885083432101279e-01 8.294633797152258792e-01 8.245902577290442625e-01 8.237687877454592522e-01 8.198664695947577297e-01 8.324581133332354943e-01 8.308457558556825440e-01 8.404656590615737777e-01 8.427793918636604653e-01 8.354560904186781878e-01 8.253943362772321324e-01 8.298527969937790072e-01 8.250308896733397068e-01 8.300744472726896417e-01 8.399436240056668002e-01 8.367756559529019311e-01 8.320249166483317804e-01 8.348437858671642342e-01 8.245681244461896542e-01 8.317174145366135196e-01 8.227988425880921053e-01 8.287127998942449558e-01 8.421847005695081156e-01 8.366383396512963033e-01 8.335407903921653316e-01 8.211294131392598006e-01 8.331786953113239358e-01 8.324975362962148129e-01 8.318630623072235108e-01 8.376773756574363849e-01 8.290382357298518023e-01 8.330364327639824262e-01 8.385227666428105575e-01 8.368849077647538826e-01 8.382204132327859547e-01 8.411535658297738527e-01 8.403670625855264031e-01 8.360176744047922437e-01 8.372912827935570235e-01 8.440344222087761139e-01 8.428056365338481015e-01 8.440930777746404878e-01 8.422602332829070004e-01 8.419694984498850010e-01 8.377802422203401989e-01 8.300641550581108197e-01 8.422955643686638183e-01 8.429231255677301915e-01 8.468581134389951970e-01 8.404706235261203418e-01 8.392727519102428646e-01 8.447538752638502624e-01 8.419403684490370798e-01 8.285431961665771228e-01 8.417542349717553885e-01 8.405784962268553206e-01 8.381849197949361452e-01 8.437705607582313139e-01 8.391305086873036556e-01 8.438523168475204894e-01 8.417375997397622545e-01 8.407351549759670695e-01 8.359625733914667345e-01 8.401290189453760604e-01
