1.000000000000000000e+00 1.753691020749965079e-01 1.580136619739189174e-01 1.121143115197407447e-01 1.719030138185276280e-02 9.378162999924557000e-03 3.574145325714666449e-02 4.210831424214487445e-02 1.651227205563071954e-01 4.850662251271320446e-02 1.616364638925077424e-02 4.022249865631086913e-02 2.920128658009187722e-02 2.158604792437860201e-02 2.232746063383238624e-02 3.690324479531326834e-02 1.417860529990727092e-01 3.815696346275714197e-03 2.572213718917968489e-02 3.872632602296709886e-02 5.101778038333111553e-02 4.628735013733272646e-02 1.504330049341565112e-02 -5.077845955162978153e-02 -3.804153939911010529e-02 5.205603010687993165e-02 3.026939927519853649e-02 -3.235958958765037391e-02 1.278729708449937406e-02 4.606802980081960847e-02 1.823464713311979263e-02 8.062731950677078790e-03 -3.255265276674410013e-02 -1.964592448372832340e-02 -3.889384587557993128e-02 -1.297835177214788464e-02 -1.938928243634584561e-02 4.761714688473018403e-03 -8.527203732811036371e-03 -5.670220887175390218e-02 -1.761101799014789604e-03 -3.093200542396821323e-02 -2.339905624824912059e-02 8.008671028900932187e-03 -9.828337907124886849e-03 -2.318415528848505325e-02 1.265402904179709596e-02 2.895427713895015048e-02 5.212234821443535032e-02 1.211567442984466322e-02 9.759621729646202407e-03 2.023057639493455566e-03 1.871183671037781465e-02 4.798877061144047468e-02 4.309033445106171673e-02 3.323296439070185480e-03 1.044793145834695819e-01 2.171080538130382501e-02 4.645958648962436599e-02 7.375764551649081902e-02 3.100010320036985373e-02 5.402816732181815740e-02 4.693203802077999115e-02 6.210210458886349094e-02 1.174466987583821231e-01 1.002267517860309098e-01 3.254726172708656551e-02 1.110043529531652869e-02 1.832016275074915129e-02 1.330535050592938223e-02 1.363029467825183777e-02 1.348320088473088825e-02 -8.680657386194624500e-03 -1.052245940418575568e-02 9.901315930900010664e-03 1.249895024305301694e-02 -1.114738557420161258e-02 6.257741094039441856e-03 -2.847258181644430914e-03 2.237685914626339270e-02 2.249376050984915401e-02 6.360946968229871414e-03 4.200858058513971816e-02 4.384827363801522757e-03 -1.895947221757971965e-02 -1.789418280022803641e-03 -1.925552071033114626e-02 5.655031105986051132e-04 -7.182974530299879486e-03 1.712704138689509145e-02 -2.905808979629535480e-02 -9.473172093795945159e-03 -6.467648640833841391e-05 -1.328956030111745970e-02 6.386436810903946965e-03 1.413036331351752960e-02 6.910543689135162891e-03 5.369836517769607798e-02 -4.196615875624436567e-03 -6.054563190857130232e-03 -2.356072751714825136e-02 2.653073788020199331e-02 1.683188865060152375e-02 7.009333632615897570e-03 1.486021772455153878e-02 5.911593904019186996e-02 3.500902655147655057e-02 2.015688185261059473e-02 1.538313339060397300e-02 2.306361664328236347e-02 1.927559879278069668e-02 4.377123688988709266e-02 2.645121224954542077e-02 3.841375694057317519e-02 5.819916300380800073e-02 6.222166148248967077e-02
1.753691020749965079e-01 1.000000000000000000e+00 6.684344242052595031e-02 9.105094401557214945e-02 6.708571273067667762e-02 7.954058745231162852e-02 1.281366462047788812e-01 8.698786297957115943e-02 1.746492931256242720e-01 1.701591349007401111e-01 1.303643160508032584e-01 1.412391544125241039e-01 1.204985178108570060e-01 1.262165961438368456e-01 1.282501421853972645e-01 1.345444855178697940e-01 1.628038327137491248e-01 1.096627311644117614e-01 1.373329455350561779e-01 9.011299220124084630e-02 1.291851710378852103e-01 1.358362826487415631e-01 1.064886320207110298e-01 7.830286547132533914e-02 1.128271729844972232e-01 1.650161306250092219e-01 1.377781713034129107e-01 1.031087057885745617e-01 1.096891845367359286e-01 1.548895064061516502e-01 1.463855552498335155e-01 1.309327844442974009e-01 1.188340768912879708e-01 1.206709777236304182e-01 1.228854799746971205e-01 1.115394404095093467e-01 1.217176434934561513e-01 1.442593119704274063e-01 1.270899143905040996e-01 1.209358551079005861e-01 1.400385269930823906e-01 1.217813121677099042e-01 1.215675152560019012e-01 1.325209724093483477e-01 1.298672099149649484e-01 1.273717994226767070e-01 1.346099498466950817e-01 1.499918552361235169e-01 1.541378191036794909e-01 1.167390666205212618e-01 1.385939885682661854e-01 1.142621173651057337e-01 1.372188144131071819e-01 1.561699092465023975e-01 1.550370814657986707e-01 1.509808099537640891e-01 1.615308707218641726e-01 1.447031546332194218e-01 1.501012505361686844e-01 1.564657305454917879e-01 1.406369576785524989e-01 1.605255029401013167e-01 1.488906219940279996e-01 1.491550939722182945e-01 1.668271706410580923e-01 1.649861006697263266e-01 1.449921618682087632e-01 1.334766390121554791e-01 1.455123550145116795e-01 1.382868067876467932e-01 1.347106513343332146e-01 1.397734796884058661e-01 1.277309151819508715e-01 1.330138302760229541e-01 1.485426033748580565e-01 1.449870067140118512e-01 1.266708660489797300e-01 1.247124959215076545e-01 1.378999728057780927e-01 1.516057753001033570e-01 1.459184441017042366e-01 1.425028888896565926e-01 1.502354666154884777e-01 1.445009952959015465e-01 1.221757176860958777e-01 1.282757105220875826e-01 1.303768209356709618e-01 1.371565852461145152e-01 1.327870513631625449e-01 1.467639595732875002e-01 1.292785795487688405e-01 1.321166602310603344e-01 1.315137677123892901e-01 1.318071847493949567e-01 1.384873946469622474e-01 1.450875428344864937e-01 1.279116301787592280e-01 1.423579308549572653e-01 1.285435107179148939e-01 1.278096482627130714e-01 1.251803885971666253e-01 1.376446844212587117e-01 1.375692761381554774e-01 1.366201797041928512e-01 1.333350237270923833e-01 1.495425499807214176e-01 1.441110051317348872e-01 1.497874743277430032e-01 1.475382585220236520e-01 1.456875798970956315e-01 1.435581260956949601e-01 1.503131648985727986e-01 1.434710847189417937e-01 1.405283681933953144e-01 1.465313677931583958e-01 1.522771145202445608e-01
1.580136619739189174e-01 6.684344242052595031e-02 1.000000000000000000e+00 3.063436643896136902e-01 1.867866263614018640e-01 2.370121129575580021e-01 3.267964952981790572e-01 3.148608343220185568e-01 3.668808440730458864e-01 3.149702316828364435e-01 3.740515029174769079e-01 3.740149974794650389e-01 3.569706977711676887e-01 3.346502052924822945e-01 3.841637857829433567e-01 3.745603052226201823e-01 3.684766297044557160e-01 3.365860054136995405e-01 3.647183468645119331e-01 2.513662383090416452e-01 3.338461875225240405e-01 3.545318599151076611e-01 3.204404831588142377e-01 3.081061381924285469e-01 3.387426715926089571e-01 3.813495753307242220e-01 3.853582913817723554e-01 3.769865059031737853e-01 3.751642616848748779e-01 3.892815765429480934e-01 3.998377998039820413e-01 3.946001871076028067e-01 3.846951107202235542e-01 3.900811491454859170e-01 3.778799974159092190e-01 3.730019225852693743e-01 3.940142686403818595e-01 3.940660913993909165e-01 3.913407744186385151e-01 3.712445709832736251e-01 3.859085281315088323e-01 3.827601453743657012e-01 3.676965423765017338e-01 3.855162657539110693e-01 3.793317342813392057e-01 3.754054250288891281e-01 3.869833625805981225e-01 3.940528830813156969e-01 4.017777736605564476e-01 3.893619075141859232e-01 3.914639454219131509e-01 3.731447685897261723e-01 3.810416771850200779e-01 3.898263144907681554e-01 3.868640754421764916e-01 3.729244047477351387e-01 3.907687824792214215e-01 3.914604488244670666e-01 3.890252879444345835e-01 3.930386042349957587e-01 3.907790782307039579e-01 3.873785019921871520e-01 3.879889719803235604e-01 3.971023948985263896e-01 3.942135710543459015e-01 3.941814158396859114e-01 3.974853518397280516e-01 3.960132646779365717e-01 3.886694048179139549e-01 3.779893723492285806e-01 3.954305308838879651e-01 3.928381634934260402e-01 3.735215446195025435e-01 3.771483078886204710e-01 3.918261833705949382e-01 3.958430838383082406e-01 3.932047472513785502e-01 3.880594248355969667e-01 3.881863814130371293e-01 3.937154965614763635e-01 3.944548887855476305e-01 3.946520536804815626e-01 3.952654151431884144e-01 3.973655133723893451e-01 3.927078649514048614e-01 3.910596167385747557e-01 3.898061495924098896e-01 3.905838531100238042e-01 3.915972042826302291e-01 3.869246930270200946e-01 3.894584670640427460e-01 3.898521343163132147e-01 3.923470777666738796e-01 3.876436397248320120e-01 3.890526691100509860e-01 3.904956086788901604e-01 3.928791049482287523e-01 4.001110327114044130e-01 3.879573219744166801e-01 3.899607456166022668e-01 3.800876935137048052e-01 3.954321818831571522e-01 3.901319375061110262e-01 3.900683804376518515e-01 3.931638633152219620e-01 3.985245188943555839e-01 3.966444463070007975e-01 3.885977782199026564e-01 3.868570272939673704e-01 3.911356393738089077e-01 3.876755002636665393e-01 3.942457243245960363e-01 3.932198648541523900e-01 3.966018957110850063e-01 3.928497310888692806e-01 3.955711153034626171e-01
1.121143115197407447e-01 9.105094401557214945e-02 3.063436643896136902e-01 1.000000000000000000e+00 3.454863608323177626e-01 4.112171517803329679e-01 5.919996722916490706e-01 5.824568207935649777e-01 5.626210099669299858e-01 5.201599683692572640e-01 5.866478083302274493e-01 6.381707058305382541e-01 5.607005778995225453e-01 5.726290259446333852e-01 6.460290124909919829e-01 6.411301303539544971e-01 5.849289657262575215e-01 5.629417398663711936e-01 5.833137218284031311e-01 5.076691486749997928e-01 5.451993439609916781e-01 5.924369345878021109e-01 5.800595366813420251e-01 5.675814561777650091e-01 6.006529940187249617e-01 6.373951370617494394e-01 6.312993359028513662e-01 6.278641018211363889e-01 6.060440405060565361e-01 6.448001137200068955e-01 6.517009150343291424e-01 6.395757078526312922e-01 5.883239183904770409e-01 6.313357010701163841e-01 6.129548918883205300e-01 6.366036485287436264e-01 6.378567469581531979e-01 6.276048816238498640e-01 6.389351101742560823e-01 6.097053282417412845e-01 6.361281303784910302e-01 6.350155490971514105e-01 6.449136247363896901e-01 6.390522287039407390e-01 6.469454844899591439e-01 6.375737680958475373e-01 6.323932610207469995e-01 6.345879414616734104e-01 6.422069774294678624e-01 6.308420128782098457e-01 6.367293985214663721e-01 6.283357215307331378e-01 6.415811848791733718e-01 6.324497857155180203e-01 6.326023950113242034e-01 6.351763992427834626e-01 6.289872780771471605e-01 6.288819532478723273e-01 6.197977869167742293e-01 6.397123541146767511e-01 6.504791231126080264e-01 6.212395103174912503e-01 6.292115307533507895e-01 6.440659413190790161e-01 6.401844571577436360e-01 6.304999089532821177e-01 6.380520163118169608e-01 6.416525832758441794e-01 6.464835151810964797e-01 6.517119700673259519e-01 6.492646199261901119e-01 6.509608621931946004e-01 6.424768676076076934e-01 6.496816203430583192e-01 6.413763392522332518e-01 6.365990028747776641e-01 6.456905540322265269e-01 6.335674364345632581e-01 6.487881351459471313e-01 6.397060965508228891e-01 6.372943055149598024e-01 6.435549994600234802e-01 6.503650597584852422e-01 6.374708256802551487e-01 6.451355597936275776e-01 6.478424380680538608e-01 6.428255676300899113e-01 6.430538977297650671e-01 6.446602813594143333e-01 6.403896036333267539e-01 6.375791253445957096e-01 6.428627247331668570e-01 6.513534686598839718e-01 6.437383435084147454e-01 6.337529727546759029e-01 6.345781559782199821e-01 6.434533932989876526e-01 6.458813192209007514e-01 6.402053879563288641e-01 6.460268415848158252e-01 6.479505151651707706e-01 6.394568064801231522e-01 6.458823470937254951e-01 6.442484121805479580e-01 6.487908267713429211e-01 6.389404623544523432e-01 6.419538173817719295e-01 6.363921987784247891e-01 6.386561462353553820e-01 6.407112162213748352e-01 6.341697330137343602e-01 6.404864357318987844e-01 6.360109619083950117e-01 6.461933488999148656e-01 6.480494210356210205e-01 6.407875771792276298e-01
1.719030138185276280e-02 6.708571273067667762e-02 1.867866263614018640e-01 3.454863608323177626e-01 1.000000000000000000e+00 3.042951142179505242e-01 4.446083418848105762e-01 4.423202260874761760e-01 4.453163590670189409e-01 4.189502136094927498e-01 4.606105621110293535e-01 4.785580111844883744e-01 4.740382963050625564e-01 4.185560933538943762e-01 4.928204331739587385e-01 4.805472584593670216e-01 4.471011771425692505e-01 4.172086352527019093e-01 4.094950854460415179e-01 3.949864526382470542e-01 3.944091141899899178e-01 4.087342451356009154e-01 4.632300527935076517e-01 4.157838517730947370e-01 4.332394856706517361e-01 4.916154563783968201e-01 4.728664702405482312e-01 4.738944065955931206e-01 4.510226463344227943e-01 4.920252309467621488e-01 4.902827406608784577e-01 4.846976152044261688e-01 4.538735305611158455e-01 4.681132441883064099e-01 4.834379151454558654e-01 4.890833860005111555e-01 4.840463499447618667e-01 4.701487071663361661e-01 4.859800485352991917e-01 4.623327382378253914e-01 4.944339020540516327e-01 4.747566072642477319e-01 4.923220445162828085e-01 4.830063157206993529e-01 4.849782401764679007e-01 4.834831161416417444e-01 4.839225646747682408e-01 4.897299824422288728e-01 4.812561512996081925e-01 4.475059302385074322e-01 4.704223060114055555e-01 4.717988807441769739e-01 4.891961931217000403e-01 4.862858187533697918e-01 4.747521879210812035e-01 4.848654576962288520e-01 4.632927588504227590e-01 4.832474901024759184e-01 4.628965429158558575e-01 4.894985508533134522e-01 4.914724491037991139e-01 4.731674075045233518e-01 4.672457565485326758e-01 4.746145529820545717e-01 4.840813457993919933e-01 4.758742441247031940e-01 4.894674694419443584e-01 4.856775063117027558e-01 4.939521946915108042e-01 5.038232977899328446e-01 4.814782000672460649e-01 4.870734716559459443e-01 4.863236045915572126e-01 4.863445429112213669e-01 4.929431669013686346e-01 4.839189479833005958e-01 4.855459166398017334e-01 4.794523111613591682e-01 4.857317848329955612e-01 4.902908987483368120e-01 4.903375389613955915e-01 4.907475685514605113e-01 4.943546789419878684e-01 4.867788279242114546e-01 4.852563967381117727e-01 4.902883562351076918e-01 4.923828106939912019e-01 4.866145206692197300e-01 4.924390195512475255e-01 4.892553836083493035e-01 4.784007297787290502e-01 4.879629960440240444e-01 4.940585271119681821e-01 4.881346403880875706e-01 4.878859772637650916e-01 4.879435339892578272e-01 4.842042739179483468e-01 4.841462787437120219e-01 4.962839807092609967e-01 4.859178667966720377e-01 4.975207174853648606e-01 4.857331308552071958e-01 4.906590800591209001e-01 4.928938064540078212e-01 4.946035484191605991e-01 4.866166972278209712e-01 4.885944857532637520e-01 4.917785926475369274e-01 4.912320954261110151e-01 4.889241230031897145e-01 4.826891964327246765e-01 4.921545804584351314e-01 4.863641801004228160e-01 4.908093810461967021e-01 4.913623956152096128e-01 4.898760005519818272e-01
9.378162999924557000e-03 7.954058745231162852e-02 2.370121129575580021e-01 4.112171517803329679e-01 3.042951142179505242e-01 1.000000000000000000e+00 5.428422875155176630e-01 5.027307630494352031e-01 4.826029114069475545e-01 4.587695287947808342e-01 5.466404065123625644e-01 5.686307779571391219e-01 5.126544376753204846e-01 5.158221621629323073e-01 5.886872916089489483e-01 5.815379868103255356e-01 5.106203953491114111e-01 5.076763418308856135e-01 5.203389853816851041e-01 4.283667061174721291e-01 4.917569728142942576e-01 5.190140423954449078e-01 5.122699821827082500e-01 5.074602406744845862e-01 5.505352443844638843e-01 5.772757633074286909e-01 5.628378467355512615e-01 5.812621661288693842e-01 5.549230802511927463e-01 5.757555958349985792e-01 5.944251795279156259e-01 5.749497052270883257e-01 5.507209179050811532e-01 5.715870233880783191e-01 5.717602075271301931e-01 5.756272997879621212e-01 5.929852586470500952e-01 5.786503926422803534e-01 5.906027446294549454e-01 5.754255678395130413e-01 5.887706553121613284e-01 5.933228130641884368e-01 5.921329438021565306e-01 5.956320918339841342e-01 5.977119851064576217e-01 5.954753825816736512e-01 5.868212919550597206e-01 5.851888264472637768e-01 5.832845864282666382e-01 5.727930562981478069e-01 5.867878195555737975e-01 5.732124544945096378e-01 5.793595428560136540e-01 5.862987762318748741e-01 5.793272422183429748e-01 5.847967452399779331e-01 5.598546604736748256e-01 5.874110908287661914e-01 5.702754395989872993e-01 5.831078632466346612e-01 5.929838141022751863e-01 5.744319490231813985e-01 5.785086279519202623e-01 5.772585833880510275e-01 5.722183364720732079e-01 5.719557277677592699e-01 5.888057019871535402e-01 5.948442702282481509e-01 5.939459579249085630e-01 5.942978743660598528e-01 5.950345370430039083e-01 5.941154521193067195e-01 5.902548161141755179e-01 5.963209928482934297e-01 5.921278633173414629e-01 5.879459589414239851e-01 5.990074193349186338e-01 5.851221609671304336e-01 5.960731004565892333e-01 5.846065570127628730e-01 5.863572733259355685e-01 5.922116239247861014e-01 5.917002344975225148e-01 5.905011155314026094e-01 5.966585224466638415e-01 5.934747637503466899e-01 5.995353151488719279e-01 5.951689251439746808e-01 5.988645022422328656e-01 5.913503995881066455e-01 5.950213177776889628e-01 5.962310572378359819e-01 5.970332020149716756e-01 5.982506160876924772e-01 5.869746870578245179e-01 5.875716100108545614e-01 5.841682474830309779e-01 5.786143631216971173e-01 5.900761967439275280e-01 5.923365857358879882e-01 5.977395770073686831e-01 5.865708903125631535e-01 5.923004364921596876e-01 5.948361020333938765e-01 5.945810235617258188e-01 5.788198428138584539e-01 5.853965172993015331e-01 5.878999551563681703e-01 5.899072452706365377e-01 5.905514943802332439e-01 5.828930730614059197e-01 5.861208332324314707e-01 5.868531011964400745e-01 5.867541597700431932e-01 5.836454988561333712e-01 5.842619372506755449e-01
3.574145325714666449e-02 1.281366462047788812e-01 3.267964952981790572e-01 5.919996722916490706e-01 4.446083418848105762e-01 5.428422875155176630e-01 1.000000000000000000e+00 6.806181313094429308e-01 6.610746155455214934e-01 6.271285952198333291e-01 7.097290586744540164e-01 7.582727576826046034e-01 6.715192697600135263e-01 6.763643264770995422e-01 8.220532460987182155e-01 7.700292077080062025e-01 6.706818137526686652e-01 7.030139915235775749e-01 6.909625581825744600e-01 5.852515159864387639e-01 6.470999857045596215e-01 6.877207411888717203e-01 7.205146400530686446e-01 6.879775079684284922e-01 7.399394497592791664e-01 7.795978311944221639e-01 7.666716025657120959e-01 8.019012854142075764e-01 7.673541478335595967e-01 7.745071764938300518e-01 7.974382376741309120e-01 7.696658649483028025e-01 7.372073193716984774e-01 7.451961858369831049e-01 7.541346707089202628e-01 7.532595511477562233e-01 7.828439716988160324e-01 7.652096977223562524e-01 7.685426522139602312e-01 7.671427082895411198e-01 7.759074684857790727e-01 7.840242497832096147e-01 7.749974431105280948e-01 7.715948800295661103e-01 7.802439860050373044e-01 7.840420956188558499e-01 7.553848511781241504e-01 7.553534207635016484e-01 7.514754228065253505e-01 7.300405245457369796e-01 7.597441849627581956e-01 7.343975719055810814e-01 7.556878660082125831e-01 7.583655487578854215e-01 7.493561411793646654e-01 7.719374688957707509e-01 7.226052167747634147e-01 7.606771885253870158e-01 7.354712742019333671e-01 7.519526161610773363e-01 7.652709389506648918e-01 7.397869617617981453e-01 7.420046409228570061e-01 7.430250485436737939e-01 7.374016976660850986e-01 7.342110225682849656e-01 7.601901760423838139e-01 7.672216643063783925e-01 7.778283754916647252e-01 7.769648330964461502e-01 7.688605410187081546e-01 7.735454978376608004e-01 7.672835684149056368e-01 7.768322020387983251e-01 7.736180282119431428e-01 7.735545965201818808e-01 7.930666567711176507e-01 7.762024154606537163e-01 7.914106240404077397e-01 7.641696219292137826e-01 7.650885089397094774e-01 7.771534377077394806e-01 7.761015433837352706e-01 7.740413478586626317e-01 7.679633227409934371e-01 7.673243817797708033e-01 7.804004100743403560e-01 7.701278130786832765e-01 7.775248202896465344e-01 7.697916828502001652e-01 7.844935010605278425e-01 7.786578101708868660e-01 7.803767347310192060e-01 7.819814734058867511e-01 7.587153971655185014e-01 7.606173098953924461e-01 7.587503255345898756e-01 7.472024195569862970e-01 7.646245902400538030e-01 7.702929286287011346e-01 7.806122600094089758e-01 7.544845617033927310e-01 7.660578161677755737e-01 7.689661639685091421e-01 7.685768127819431195e-01 7.499352606937171872e-01 7.551508644005724413e-01 7.601730833358613104e-01 7.655372342875212954e-01 7.629790826258199266e-01 7.543224792361319375e-01 7.584495796239334453e-01 7.555759159375818879e-01 7.605093020064325193e-01 7.552818366642842784e-01 7.528168492841466053e-01
4.210831424214487445e-02 8.698786297957115943e-02 3.148608343220185568e-01 5.824568207935649777e-01 4.423202260874761760e-01 5.027307630494352031e-01 6.806181313094429308e-01 1.000000000000000000e+00 6.776963975235354987e-01 6.352049866378951526e-01 7.202426452677118673e-01 7.577559287767423601e-01 6.951785923999026506e-01 6.865919458662677055e-01 7.738423382373659232e-01 7.885101352891008553e-01 6.966489009023552059e-01 6.635898784798517358e-01 6.743998947776945752e-01 5.771146407089392527e-01 6.237281531924454558e-01 6.814134311973990554e-01 6.871670776917166990e-01 6.559759886579986654e-01 6.973755139173936080e-01 7.558164948658772087e-01 7.404261958124579435e-01 7.541683823963457600e-01 7.273130914969573313e-01 7.709863627713694489e-01 7.681016227932483398e-01 7.607755973626630919e-01 7.114748451475666480e-01 7.508431658429849387e-01 7.460582564106457149e-01 7.630134915369758408e-01 7.645957606825440900e-01 7.617275979969885258e-01 7.705817716804260753e-01 7.398431913233846080e-01 7.696979962179820722e-01 7.693592591886123655e-01 7.772523663224926160e-01 7.726311480453370573e-01 7.734423788974712499e-01 7.672958601652781763e-01 7.781583450518061440e-01 7.757682128522729315e-01 7.747450765295816888e-01 7.538015641656033994e-01 7.681705361599048265e-01 7.435426175610011512e-01 7.647420163391734915e-01 7.716475748755801112e-01 7.662039721837452522e-01 7.698137550214437796e-01 7.603971659200989830e-01 7.729826357546729643e-01 7.622953560365206549e-01 7.758373451435413015e-01 7.827009385844054812e-01 7.658431002102189522e-01 7.665664431584664484e-01 7.701174680542243189e-01 7.645552855803491310e-01 7.618258905678934045e-01 7.748652613589819271e-01 7.770855983239156606e-01 7.752477488782117954e-01 7.832243630553156200e-01 7.774646100040564223e-01 7.824388278505768346e-01 7.736529381943721972e-01 7.752730651672331552e-01 7.759393782471650791e-01 7.722822694601882976e-01 7.778482356120307584e-01 7.679780583505175784e-01 7.796101362984949601e-01 7.757363631586930985e-01 7.739161603907339648e-01 7.763765880161896948e-01 7.794622408088781595e-01 7.722233282432710011e-01 7.766867820311675885e-01 7.797982257671745021e-01 7.794430145540808264e-01 7.783781658487043398e-01 7.801172502406594766e-01 7.737631696143729698e-01 7.686345650817305586e-01 7.802338871627136907e-01 7.846799362506740039e-01 7.783685933672749302e-01 7.746827290353002216e-01 7.748860450505319353e-01 7.774506267756040589e-01 7.730778940599863924e-01 7.777015659566960393e-01 7.787466722060025770e-01 7.823901168966114206e-01 7.774734768775201088e-01 7.798034182664568270e-01 7.833883067156058866e-01 7.822264158338927409e-01 7.737274312901091244e-01 7.753838356989808389e-01 7.741176978663611985e-01 7.766453800083994441e-01 7.788832292687616343e-01 7.758003433412526961e-01 7.774863064065196117e-01 7.768806559890177876e-01 7.803460671765529710e-01 7.773722200429973306e-01 7.747504664222030213e-01
1.651227205563071954e-01 1.746492931256242720e-01 3.668808440730458864e-01 5.626210099669299858e-01 4.453163590670189409e-01 4.826029114069475545e-01 6.610746155455214934e-01 6.776963975235354987e-01 1.000000000000000000e+00 7.118969880549756990e-01 7.808511197785503732e-01 8.130389814441073559e-01 7.536296954897082623e-01 7.161501221619276381e-01 8.145405746174115835e-01 8.134077438698900098e-01 8.020200167504877298e-01 6.550935275864605556e-01 6.847944815307639432e-01 5.107468436199542605e-01 6.289863031579487895e-01 6.890623488380860362e-01 6.836482977380925474e-01 6.177103374472562303e-01 6.899448868261320866e-01 8.013458287265780022e-01 7.953800229495189278e-01 7.613271913443342420e-01 7.560276422611014180e-01 8.332496967992394366e-01 8.323174313046743933e-01 8.046767775421950208e-01 7.497676998076477917e-01 7.780601340474805339e-01 7.890591882500649357e-01 7.966455797279843321e-01 8.021454723277674503e-01 8.186397178278547182e-01 8.310880927417315656e-01 7.622561998809695982e-01 8.336555202222990513e-01 8.124682676391238312e-01 8.032878358597315138e-01 8.400728722968567874e-01 8.135161305041679336e-01 8.168766944310374978e-01 8.511930799932078129e-01 8.639236845609160609e-01 8.607664942428226995e-01 8.040217554576185588e-01 8.334821342206744088e-01 7.867310715118049913e-01 8.333706771430373639e-01 8.664751396946280826e-01 8.461786167052779417e-01 8.327620567918352368e-01 8.577304762718895859e-01 8.495175757637475344e-01 8.502190361517073525e-01 8.724790178576747879e-01 8.513720865359826195e-01 8.641813532847603119e-01 8.535725338215202074e-01 8.620435047142720464e-01 8.698968186998196073e-01 8.720975158485106959e-01 8.609345728923825103e-01 8.423109917254317791e-01 8.455817248839673228e-01 8.354062164950344371e-01 8.303202458505605232e-01 8.419669878954789688e-01 8.184905360308162292e-01 8.199310739979955853e-01 8.505959646827598863e-01 8.476873953183076127e-01 8.291482642734586683e-01 8.298298976013817052e-01 8.356320754961708008e-01 8.600554821905033176e-01 8.553944822091719136e-01 8.521760977425539840e-01 8.577473793319562168e-01 8.416009828581135777e-01 8.309525737679914759e-01 8.372052344468579044e-01 8.366105393389048350e-01 8.473267490247586853e-01 8.434224203057555380e-01 8.535986455911394044e-01 8.206008595615151835e-01 8.423051707434444646e-01 8.444897079755281366e-01 8.403745431376319353e-01 8.542302543088753364e-01 8.588806400992011758e-01 8.312896587499341017e-01 8.495540658746378870e-01 8.433005456267479438e-01 8.379388902231199587e-01 8.329546742568815221e-01 8.527082421602993900e-01 8.502881599693669079e-01 8.522676782144589236e-01 8.501203443863291076e-01 8.598623390419449786e-01 8.605554705947229266e-01 8.613729332906804315e-01 8.566054628699297790e-01 8.586890965269929898e-01 8.557578977792065222e-01 8.674818524249328089e-01 8.591227234709626348e-01 8.603917227209575413e-01 8.659116906827851734e-01 8.685677732010600449e-01
4.850662251271320446e-02 1.701591349007401111e-01 3.149702316828364435e-01 5.201599683692572640e-01 4.189502136094927498e-01 4.587695287947808342e-01 6.271285952198333291e-01 6.352049866378951526e-01 7.118969880549756990e-01 1.000000000000000000e+00 7.213030156072659516e-01 7.521069450236096410e-01 7.014577864899740334e-01 6.657182169612589906e-01 7.593542715236326623e-01 7.563076538671390514e-01 7.149680124551940352e-01 6.261308667856677612e-01 6.424519076896483272e-01 5.035362184152327725e-01 5.881556193927414133e-01 6.439575512544062352e-01 6.488357507237871857e-01 6.045426056744187537e-01 6.618919143043392461e-01 7.524312374656818569e-01 7.526570428258680945e-01 7.319985989515179758e-01 7.030543737776753233e-01 7.745657340223564002e-01 7.821706681107241099e-01 7.663738260228366572e-01 7.249888170968554757e-01 7.486885973888777190e-01 7.625264063134588044e-01 7.508352189735912896e-01 7.627076685603972894e-01 7.748261989168693242e-01 7.837001884261277640e-01 7.420982671535477637e-01 7.857871967090694909e-01 7.683663759001044813e-01 7.656511304166053744e-01 7.805036772770016507e-01 7.696556997207408823e-01 7.744368309296317809e-01 7.899677856013727073e-01 8.002492964131514563e-01 7.909851874499145286e-01 7.430108855097339315e-01 7.809762539679827587e-01 7.259721928092638388e-01 7.626900402696213943e-01 7.964074174794780747e-01 7.833703834800969101e-01 7.803226695642758726e-01 7.755537730524002527e-01 7.866172633532680925e-01 7.836417240426446496e-01 7.936540009117358796e-01 7.834158729268593246e-01 7.913752567038077057e-01 7.839826206384898910e-01 7.892644084027568008e-01 7.803113990896202168e-01 7.869543974569187528e-01 7.981883653895878172e-01 7.838718721721161797e-01 7.928772902007192869e-01 7.795815493799694851e-01 7.728236113967320575e-01 7.845657678493054288e-01 7.697967146473174704e-01 7.721988144862884651e-01 7.922009968288671322e-01 7.901337040992341132e-01 7.803310070007262178e-01 7.738650498745863748e-01 7.868627281854662092e-01 7.961404699777523408e-01 7.935500038388892952e-01 7.940213668982010198e-01 7.982014915596979954e-01 7.912052334835003586e-01 7.827036519955936633e-01 7.859520134747856046e-01 7.879762468499714734e-01 7.923829155649874112e-01 7.908772903030164558e-01 7.951414922776760541e-01 7.811411545039848026e-01 7.901492725144942941e-01 7.896068563158594733e-01 7.893250492937012863e-01 7.930333028896139336e-01 7.971499790972456090e-01 7.747501999038499676e-01 7.812522601843326919e-01 7.839370786810591074e-01 7.875881015714779609e-01 7.818954657790843088e-01 7.890730318673584431e-01 7.867391201316222826e-01 7.913497307223817945e-01 7.868441618816496286e-01 7.895546787822435020e-01 7.948953643080268749e-01 7.986322564930047330e-01 7.943575731575679422e-01 7.947331467162787044e-01 7.926343007632775661e-01 7.970448804810260635e-01 7.933430111343825475e-01 7.925974706298529737e-01 7.944452273306407131e-01 7.957538678158642131e-01
1.616364638925077424e-02 1.303643160508032584e-01 3.740515029174769079e-01 5.866478083302274493e-01 4.606105621110293535e-01 5.466404065123625644e-01 7.097290586744540164e-01 7.202426452677118673e-01 7.808511197785503732e-01 7.213030156072659516e-01 1.000000000000000000e+00 8.637155387550164987e-01 7.787649021028026919e-01 7.532540064143155023e-01 8.657190248958085421e-01 8.506267492691818033e-01 7.808750542833723385e-01 7.413861583323730908e-01 7.581379096753079194e-01 5.622842799711683659e-01 6.968507536345226461e-01 7.558929126916156260e-01 7.445492806791559337e-01 7.128789125184855635e-01 7.787965223672086434e-01 8.471405080280198785e-01 8.491816616448611965e-01 8.411911175674806618e-01 8.116055192266273810e-01 8.730626255849854855e-01 8.931889445131052652e-01 8.596996905245375409e-01 8.298004713405110477e-01 8.463809936502801889e-01 8.562604130992323981e-01 8.496706444875901099e-01 8.689187591910776387e-01 8.710639148878746019e-01 8.800467340588318255e-01 8.503921568510449669e-01 8.864195439792882381e-01 8.809343038049857189e-01 8.582552232275294513e-01 8.852980999260890993e-01 8.757025157827319495e-01 8.791816856923838630e-01 8.885390124823162594e-01 8.943271941219212984e-01 8.853341982317421976e-01 8.503040609102612279e-01 8.766540772032366258e-01 8.409243928466764162e-01 8.735546389711477122e-01 8.871942335788111089e-01 8.753379149319856500e-01 8.756123730434790531e-01 8.626193162810622539e-01 8.906120041758911476e-01 8.716747660662640396e-01 8.875910994466432724e-01 8.857792893292784075e-01 8.850894449718765822e-01 8.772427454850090234e-01 8.799254472766703250e-01 8.686774265434269449e-01 8.767519402991292843e-01 8.932375282201249211e-01 8.942870455795532969e-01 8.906052745542295535e-01 8.763042587172084064e-01 8.862007730619161361e-01 8.927476156313537414e-01 8.787812023429119046e-01 8.802134342817949930e-01 8.950881429742787443e-01 8.927675961241945402e-01 8.884058807359125343e-01 8.788531449039114207e-01 8.900253802344615384e-01 8.931745608546287629e-01 8.937843298317010854e-01 8.963381502276766000e-01 8.949986105750588061e-01 8.925426904394870853e-01 8.918279925671019903e-01 8.909203081361154464e-01 8.942665661542026356e-01 8.964208200842095353e-01 8.962607824858337402e-01 8.940341790477607242e-01 8.891971072490635342e-01 8.969232140167137102e-01 8.955949564865723911e-01 8.961835804565916330e-01 8.955775950253083151e-01 8.974607145453221690e-01 8.865154591826143182e-01 8.815720862467129049e-01 8.912161254257170429e-01 8.920527826201194443e-01 8.917655909096861011e-01 8.922228289098272924e-01 8.912828236009019411e-01 8.982617785981203973e-01 8.934510062767933025e-01 8.884978648067767271e-01 8.929641562068429961e-01 8.961882470571544967e-01 8.959772874085552008e-01 8.977329438991388244e-01 8.922301306896894824e-01 8.953783373860196848e-01 8.957631427196733886e-01 8.932019019955824701e-01 8.888769119783651584e-01 8.902860263057760237e-01
4.022249865631086913e-02 1.412391544125241039e-01 3.740149974794650389e-01 6.381707058305382541e-01 4.785580111844883744e-01 5.686307779571391219e-01 7.582727576826046034e-01 7.577559287767423601e-01 8.130389814441073559e-01 7.521069450236096410e-01 8.637155387550164987e-01 1.000000000000000000e+00 8.150344835562185475e-01 7.946627026040129493e-01 9.060801660322637119e-01 9.060913123924725365e-01 8.218477383180083917e-01 7.818561337933331856e-01 7.834580795577609225e-01 6.335311171721558221e-01 7.307883588701277189e-01 7.874682889910166184e-01 7.934622237745000417e-01 7.588153992629848021e-01 8.200755342699689310e-01 8.948995297230248891e-01 8.908432711825178263e-01 8.863089086172418751e-01 8.599039735051582367e-01 9.200833221203991164e-01 9.297582648479141287e-01 9.080669620747585657e-01 8.589813313705775277e-01 8.956612093810509823e-01 8.962092311181466542e-01 9.053366442694388283e-01 9.107975243979246072e-01 9.222366993285946446e-01 9.271340925538734679e-01 8.922656703472527928e-01 9.268218292046777051e-01 9.223437344883161915e-01 9.157194628578591011e-01 9.328121724736586629e-01 9.265667769570323786e-01 9.231729631140708214e-01 9.337833879414306759e-01 9.364148880451891310e-01 9.343684242948344654e-01 9.096784148647351076e-01 9.328779812980574349e-01 8.927030025750396502e-01 9.186354190503925876e-01 9.315316607574242180e-01 9.260274805831764100e-01 9.261357096668978439e-01 9.141282708955325020e-01 9.290918147993584286e-01 9.214326734440472233e-01 9.330305702768467713e-01 9.382642693935012712e-01 9.267460034526894264e-01 9.265212139463552266e-01 9.318426061964331097e-01 9.185711689279960623e-01 9.243747814048945965e-01 9.346728000426305361e-01 9.316638394749637841e-01 9.340246761119795904e-01 9.311215306587825591e-01 9.281023944277725368e-01 9.345041703700911473e-01 9.236652307327279932e-01 9.264466998864941960e-01 9.368015306158092859e-01 9.337244277637922751e-01 9.305906213620112055e-01 9.221766729991954792e-01 9.349159136047383578e-01 9.350602067754332225e-01 9.354823540617539512e-01 9.390298171497698521e-01 9.402059874240124016e-01 9.331437025372003591e-01 9.351589025117957865e-01 9.374356789231422793e-01 9.384349437557396589e-01 9.398699960829348665e-01 9.399637226969165260e-01 9.366281265246858556e-01 9.291742924443910923e-01 9.377630155343448237e-01 9.397594358660738001e-01 9.377108630790117472e-01 9.363302962296982113e-01 9.381648722554823960e-01 9.304571595754774771e-01 9.290696893221508379e-01 9.352539538364698091e-01 9.393090949864493222e-01 9.363306806544744454e-01 9.347974666087410789e-01 9.358849374541546862e-01 9.406810262294439395e-01 9.391249801370156192e-01 9.300029136666904117e-01 9.364584638716989540e-01 9.375810564577912176e-01 9.380432410422123723e-01 9.395824836205018959e-01 9.342146583027863826e-01 9.363394966173543832e-01 9.360942445925193311e-01 9.381517806173157448e-01 9.345340066104935728e-01 9.333936052161903030e-01
2.920128658009187722e-02 1.204985178108570060e-01 3.569706977711676887e-01 5.607005778995225453e-01 4.740382963050625564e-01 5.126544376753204846e-01 6.715192697600135263e-01 6.951785923999026506e-01 7.536296954897082623e-01 7.014577864899740334e-01 7.787649021028026919e-01 8.150344835562185475e-01 1.000000000000000000e+00 7.289708059532844509e-01 8.273288830098682878e-01 8.247153641771607369e-01 7.415870583977155484e-01 6.897354861111467672e-01 6.968687402868285474e-01 5.419958283819303890e-01 6.363319305295627171e-01 6.976727473245782907e-01 6.988785882594035215e-01 6.509381144514143624e-01 7.246992917122013766e-01 8.122307134725186284e-01 8.050382930128026082e-01 7.939388584620963307e-01 7.581945965621735839e-01 8.361193625354739201e-01 8.437677465383216502e-01 8.164844956042173196e-01 7.833992799902641524e-01 8.021904876203319601e-01 8.195144179866044043e-01 8.114549079517004992e-01 8.350070251664938326e-01 8.293622415511563428e-01 8.425820302874378331e-01 7.974056080773904709e-01 8.453615701082523026e-01 8.360477039387377296e-01 8.303526266868086481e-01 8.513780962542861763e-01 8.350864207506167869e-01 8.389874913524378863e-01 8.556291603904871979e-01 8.598927418398131239e-01 8.539609997823839338e-01 8.084969163301981565e-01 8.390619986205528624e-01 7.978675386517057877e-01 8.388031947295470081e-01 8.559289883525937892e-01 8.372712904743849771e-01 8.337117730322273212e-01 8.231720988068190747e-01 8.502923281518569576e-01 8.348114412993242750e-01 8.576423369372129235e-01 8.556567910291155155e-01 8.473432065479576947e-01 8.358081938829673430e-01 8.462294304050803628e-01 8.402420825525558357e-01 8.449250503170254722e-01 8.611710795407123697e-01 8.462746438378413449e-01 8.505188786368370613e-01 8.450567417819411231e-01 8.387397971365488925e-01 8.513849459635393080e-01 8.313867421208468445e-01 8.364515826104683693e-01 8.596463239402953871e-01 8.556325160343937197e-01 8.492224045951659583e-01 8.363481419815129714e-01 8.520403352298315802e-01 8.589056159080203923e-01 8.583748684340347657e-01 8.606949289872943831e-01 8.568462019684527364e-01 8.561171259232994712e-01 8.493494026667659513e-01 8.510616566544101369e-01 8.562105953352804333e-01 8.563013907228208543e-01 8.591621284930289759e-01 8.548046272785219113e-01 8.472921270866948795e-01 8.589735070922958071e-01 8.592946821897704535e-01 8.578921032609382324e-01 8.618075973050114413e-01 8.613622504791681456e-01 8.464389612876168645e-01 8.474609509754827963e-01 8.558526337580633081e-01 8.569152261368572221e-01 8.558837299923039987e-01 8.562448808925582355e-01 8.585704873532494785e-01 8.619579908428192105e-01 8.576275898131523467e-01 8.512386130970474030e-01 8.584404195191529530e-01 8.610842667350794288e-01 8.601326138009111055e-01 8.620594747518166567e-01 8.530088816746491664e-01 8.636405458132331292e-01 8.600593168948172940e-01 8.608412496715718287e-01 8.587314773249954403e-01 8.593151490349902888e-01
