1.000000000000000000e+00 9.029535013854216030e-02 3.109047435983335397e-02 6.619420261212975720e-02 3.927240053268196002e-02 1.096178035206991398e-02 9.963374282283575523e-03 5.631012903783081530e-02 1.362327180517930725e-01 4.407253462292039237e-02 -9.648340469365227282e-03 1.697700870546552934e-03 1.087818357981077018e-02 -5.445760976352280285e-03 2.700785546376042318e-03 1.936975360885130268e-02 9.727697525096186404e-02 1.390174067973014467e-02 2.653546052875182040e-02 6.685039601630549111e-02 7.082638449681967485e-02 3.336835211365751092e-02 6.063387961369855195e-03 1.108519996584531910e-02 2.397252703844574354e-02 2.434031775836485376e-02 2.416227480796391547e-02 3.968514001414026257e-03 1.422381661407541922e-02 1.873636880172373925e-02 1.768485229153119592e-02 -1.506484190539565237e-03 -1.777177822196624249e-02 1.738192536779837108e-03 4.827411713923746711e-03 1.040450387244691577e-02 5.113341466546472008e-03 -1.490130567367989670e-02 4.465494770312409753e-03 -3.757075654079224808e-02 -1.133222371867595273e-02 -1.041398097966554984e-02 -1.338812725781832191e-02 4.694710612296675543e-03 3.126313948261571184e-03 -7.518913913168418818e-03 1.069066297344792825e-02 1.447302120695301980e-02 5.943038678783791641e-03 6.776714286912463928e-03 -6.809457239485229921e-03 1.997089928877952836e-02 2.333791163486860845e-02 1.785539556368599678e-02 -9.403422094303911507e-04 -9.383771641898391164e-03 2.571859304530146884e-02 2.291598385446744560e-03 -1.170393661693102522e-02 2.819142599937743063e-02 -7.509424395947129037e-03 2.239400876978919720e-04 -5.529741518899970211e-03 2.852404510833648696e-02 4.176486724780009707e-02 2.706953879516049363e-02 2.303180826658289895e-02 3.283457398972137054e-03 8.776049934308549974e-03 2.413496675058291949e-02 1.469414814079833369e-02 1.045834309092843681e-02 8.540984886823706212e-03 4.793410829659134481e-03 1.308439508847649736e-02 2.977045318160069249e-03 -1.175465413541941897e-03 1.288175067386997108e-02 1.038138488076661980e-02 3.869992425353126902e-03 1.363709833590836390e-02 7.366975359584153685e-03 2.844453614196688213e-02 5.781230768743672067e-03 2.203209796525399701e-03 4.183198349049443814e-03 3.937532803940071297e-03 1.421927687726737884e-03 3.268750867862824094e-03 5.374735706730107872e-03 -8.006550049279874751e-03 1.137665004897195223e-03 3.661413770889280876e-03 -5.787460348230103521e-04 1.929552798951838458e-03 8.801565276160680171e-03 1.030054630159240453e-02 4.012077360511400598e-02 1.110746181259514818e-02 6.315821182676421841e-03 2.800751817762322897e-03 1.601442176048617147e-02 1.486631161346915232e-02 9.190628533736746805e-03 1.785157153265466701e-02 3.336109494764100819e-02 1.812892409328596688e-02 7.544841960372710224e-03 3.791501054417430704e-03 1.276127477066104493e-02 -1.874125823958047330e-03 2.408522372371256839e-02 6.432208870836021372e-03 2.801587030410584989e-02 3.175288514823134539e-02 2.310720041061409963e-02
9.029535013854216030e-02 1.000000000000000000e+00 5.313011915453508260e-02 1.270047877834167560e-01 6.272593842038072520e-02 8.500247590379356177e-02 9.197335678211690513e-02 1.012236376093452045e-01 1.445029831708875001e-01 1.922772586742933221e-01 1.307835586980240217e-01 1.231656696594920636e-01 1.043554526167520813e-01 7.463354596713570044e-02 1.204863203090626445e-01 1.111436803166708648e-01 1.567230917894835707e-01 1.057960189014864189e-01 1.217857076651844839e-01 8.489927898225303748e-02 1.165690853552862338e-01 1.285979121483901699e-01 1.409498925361721555e-01 1.335249964361667485e-01 1.317719870901590262e-01 1.326453539241292667e-01 1.259070772994940746e-01 1.184091270183068867e-01 1.138192938528664044e-01 1.263290110094744123e-01 1.342384421765878411e-01 1.452205237443819352e-01 1.272326602332864709e-01 1.413259158774785584e-01 1.260851933582292639e-01 1.243736641082191507e-01 1.164987064994791738e-01 1.414706197478543537e-01 1.345546117812160269e-01 1.209638758344367543e-01 1.241046926763283847e-01 1.302682003715691372e-01 1.073816947789816706e-01 1.261536000452510575e-01 1.339377629092941280e-01 1.267559449156721862e-01 1.376264910065393143e-01 1.410241904351772213e-01 1.340731470075097465e-01 1.174502261667302455e-01 1.258645004362732300e-01 1.028218926932846916e-01 1.147769948709272819e-01 1.513369594714748800e-01 1.307312701280414213e-01 1.337841233594460610e-01 1.344856118799616918e-01 1.308393181301652775e-01 1.336803460164660007e-01 1.431255507948194783e-01 1.190184749367441674e-01 1.365555474529571434e-01 1.324412100167612072e-01 1.372398927176481376e-01 1.327727158322012380e-01 1.336531343531466853e-01 1.435234988016512725e-01 1.311377332647504501e-01 1.346425880148667542e-01 1.135176834553380809e-01 1.299630181509428550e-01 1.290239199181116292e-01 1.314709956439899519e-01 1.292469873846850414e-01 1.292008307680072854e-01 1.280665189629558443e-01 1.178012316450425534e-01 1.271238433410942781e-01 1.237684055066027300e-01 1.246991411018179563e-01 1.320765299271430548e-01 1.301543021929942590e-01 1.471005354058645964e-01 1.305028794272550807e-01 1.309572385150626073e-01 1.389592244242858488e-01 1.282509886989434966e-01 1.364596803428369254e-01 1.304947167111737971e-01 1.414545171444556715e-01 1.269250631763772230e-01 1.286959346693529183e-01 1.278492304429904858e-01 1.290340310369517407e-01 1.326221632335849998e-01 1.365614667869508025e-01 1.214264349708885499e-01 1.254540699144881533e-01 1.321131810151026931e-01 1.310289905545482525e-01 1.223976661186313847e-01 1.320198192840432438e-01 1.220043013255998621e-01 1.255057878938253546e-01 1.267442631792052576e-01 1.423938129301454136e-01 1.340715601611952856e-01 1.371885766245321547e-01 1.340516981140819353e-01 1.324550218354778874e-01 1.331047570556665449e-01 1.359085966056977068e-01 1.324972357811053103e-01 1.343299975563525539e-01 1.301661901057273585e-01 1.346366433240488436e-01
3.109047435983335397e-02 5.313011915453508260e-02 1.000000000000000000e+00 3.082641572407858188e-01 2.138920868693897637e-01 1.659374118471571846e-01 3.389475977714443422e-01 3.149335990623666204e-01 3.488482059429224846e-01 3.064027049868746078e-01 3.616745885089719392e-01 3.633066112049014862e-01 3.164260583329989163e-01 3.152150113891519223e-01 3.669163105331215702e-01 3.596973899892858539e-01 3.384213380569236485e-01 3.476760663109865201e-01 3.724603259448755477e-01 2.860849051276820876e-01 3.517757301791418212e-01 3.675360473635907455e-01 3.763002595937314232e-01 3.642735366044368428e-01 3.723733901939455526e-01 3.884209383248448111e-01 3.832614513486215513e-01 3.696623985330981244e-01 3.541847784335408478e-01 3.792474608114148049e-01 3.887461841471822055e-01 3.923263289431649370e-01 3.709694997594899513e-01 3.977230241846259062e-01 3.750491672969580303e-01 3.747554909703620374e-01 3.811377138599605918e-01 3.887271969052309428e-01 3.901492497287360472e-01 3.857968517066010516e-01 3.840463767710966536e-01 3.808874407788214178e-01 3.723836397118014951e-01 3.812144669562894106e-01 3.841130923728054980e-01 3.696096163251166300e-01 3.695246980162003592e-01 3.680987443210225751e-01 3.701651816187144783e-01 3.811679661366815797e-01 3.752361424414767943e-01 3.657733491241106361e-01 3.644653756033126024e-01 3.608903995221407479e-01 3.667085971568276870e-01 3.759816588560104811e-01 3.564723183888438562e-01 3.687488391665473264e-01 3.593784015953229716e-01 3.686745157068789802e-01 3.650243396506890337e-01 3.575713245176780908e-01 3.572541405638588463e-01 3.695756948193414382e-01 3.635104310299329677e-01 3.582071269203500052e-01 3.715404604276090761e-01 3.754670946405583298e-01 3.786044042105208285e-01 3.678509076723892601e-01 3.788932199960324265e-01 3.770355025241817204e-01 3.831665904033781933e-01 3.807545589879778869e-01 3.833252641633733138e-01 3.745438569755698555e-01 3.804591219766168542e-01 3.738313257925250932e-01 3.794473829612875493e-01 3.758321420207137442e-01 3.841082809850938085e-01 3.768147100806540362e-01 3.843228315181080879e-01 3.794901897595939766e-01 3.915854317504943727e-01 3.868369676040669392e-01 3.789583793565338699e-01 3.886271317837086126e-01 3.820119401166675588e-01 3.832202609198177568e-01 3.872007679069459640e-01 3.781293877793787117e-01 3.759191865546832045e-01 3.771338874749539660e-01 3.698619412721945721e-01 3.707551989649218172e-01 3.861769260179616081e-01 3.779722870071942076e-01 3.729539060573132669e-01 3.846274245515304835e-01 3.806799151334092080e-01 3.772000880632712105e-01 3.707635168767400846e-01 3.779201732406276548e-01 3.768835020317796713e-01 3.702236830827590475e-01 3.752492859807202708e-01 3.733007441963491213e-01 3.735094353386080868e-01 3.710951214880018334e-01 3.731665429634466458e-01 3.709846313587202848e-01 3.675422477290544720e-01 3.752850248572834335e-01 3.642066658194831885e-01 3.672781043732805117e-01
6.619420261212975720e-02 1.270047877834167560e-01 3.082641572407858188e-01 1.000000000000000000e+00 3.203505565445595726e-01 3.592135323835164984e-01 5.906850168243159560e-01 5.661429086195337579e-01 5.587873530543625566e-01 4.876965535988064260e-01 5.880973838018470623e-01 6.229349308880718361e-01 5.451877874905467491e-01 5.452891362817248178e-01 6.216908000012597579e-01 6.355582921593699863e-01 5.625550046563142503e-01 5.785040841841948556e-01 5.952366696914787036e-01 5.178050695796534431e-01 6.161060846965832338e-01 6.192746224054583859e-01 6.196905108959939179e-01 5.944084372427607121e-01 6.157567308509569459e-01 6.270857780952484584e-01 6.237012827523578107e-01 6.245353188094932007e-01 5.965539195176955412e-01 6.379933969716375941e-01 6.446950544332877842e-01 6.328845295700269435e-01 6.124480054000215334e-01 6.331660785466095565e-01 6.189890169078550164e-01 6.211315438551534562e-01 6.326357743863463279e-01 6.300218117852015576e-01 6.403524889213442206e-01 6.080668258101559198e-01 6.234831037953679767e-01 6.275345538582830507e-01 6.352997166716293220e-01 6.467632790650202912e-01 6.372421141418891377e-01 6.262529667730238891e-01 6.215464871176327177e-01 6.179894124988306592e-01 6.206951033549574781e-01 6.308193600361454711e-01 6.292940407585587703e-01 6.309212921908861071e-01 6.299399183866973839e-01 6.168035056449953091e-01 6.154000080728914135e-01 6.270045960497956372e-01 6.196389311210314110e-01 6.254843371419926967e-01 6.034156831997061765e-01 6.237163066738408146e-01 6.198311075194746778e-01 6.130486544979434349e-01 6.161438737815633226e-01 6.316602893626104276e-01 6.193473354339518178e-01 6.216121100048194181e-01 6.215277292579841628e-01 6.252704104933892726e-01 6.293376688406112640e-01 6.332176760347208999e-01 6.305013346967088816e-01 6.259034886375196560e-01 6.388968993925511208e-01 6.327901367231059115e-01 6.373401033665734294e-01 6.286135941341322031e-01 6.389209805996717284e-01 6.310041164995383589e-01 6.397631066695195212e-01 6.318938715984869781e-01 6.330705978769328723e-01 6.283564383308644086e-01 6.374354377930361304e-01 6.377460451440611910e-01 6.379456928610507394e-01 6.352580803200642556e-01 6.283130803771687090e-01 6.375276569146673955e-01 6.330120945683482825e-01 6.362205439044964494e-01 6.364465585761591715e-01 6.307512032294760873e-01 6.321489179727167729e-01 6.321346626317210227e-01 6.184193874617794906e-01 6.202976954228328621e-01 6.365512902002105067e-01 6.353601100055158435e-01 6.280700073688035845e-01 6.374254622350210564e-01 6.419157240498869488e-01 6.339947606715757855e-01 6.329308801315525201e-01 6.344731240021285190e-01 6.340664344172604050e-01 6.331740052264545060e-01 6.286735138512520304e-01 6.227949574417089851e-01 6.265595478721296407e-01 6.254299458140130108e-01 6.251036737773866259e-01 6.270062109535768924e-01 6.243436306335727881e-01 6.334615036109487729e-01 6.210633128066279651e-01 6.240830025646832979e-01
3.927240053268196002e-02 6.272593842038072520e-02 2.138920868693897637e-01 3.203505565445595726e-01 1.000000000000000000e+00 2.383566766302619155e-01 4.306055056846217477e-01 3.832742948539133998e-01 3.977763161382331658e-01 3.629272726524845338e-01 4.134736703585907835e-01 4.348132854572386852e-01 4.378239736182834019e-01 3.800482820713178000e-01 4.558213871740849910e-01 4.427608158417126183e-01 3.962875754892088431e-01 4.222727790913099466e-01 4.318563080321001779e-01 3.246764700348514499e-01 4.104557760463607985e-01 4.339239465300666621e-01 4.409800449976738479e-01 4.427009690996712710e-01 4.500360068753063159e-01 4.455105847050912504e-01 4.378108903155627507e-01 4.332943278518734953e-01 3.801751713413509259e-01 4.354987807728754601e-01 4.512142028826042761e-01 4.390334060529536564e-01 3.880103766117002362e-01 4.204737847369470760e-01 4.039916159554811093e-01 4.101832265174589209e-01 4.328573195618696801e-01 4.288722935206858433e-01 4.292856897505333280e-01 4.199105315750583101e-01 4.390644236820412383e-01 4.422379269472723196e-01 4.511135578750415931e-01 4.540080983778807533e-01 4.455240628536038527e-01 4.421289361545036600e-01 4.378753213342867490e-01 4.405217398666916861e-01 4.326740977446310032e-01 4.172117806091269476e-01 4.278839679543686714e-01 4.417851271563094651e-01 4.552004141840571005e-01 4.467043612918191742e-01 4.433610389493349291e-01 4.478735814418451922e-01 4.299289583702081696e-01 4.475805351874485583e-01 4.372436348368024528e-01 4.547919872379741490e-01 4.360953547189740376e-01 4.416596979682308466e-01 4.375303856584624174e-01 4.404524052064761608e-01 4.427801092333096822e-01 4.394056449556602573e-01 4.406031093855843905e-01 4.466123701138339785e-01 4.470127295064406092e-01 4.274149254076040627e-01 4.495355814032942487e-01 4.434457422528217396e-01 4.518236549614920161e-01 4.512846019031119815e-01 4.508415844509327530e-01 4.381128833262193378e-01 4.381493218378096355e-01 4.305246121600356801e-01 4.462333966747777381e-01 4.417119988248531803e-01 4.445929808984754872e-01 4.432999395292925859e-01 4.463637299184921026e-01 4.331004618337028211e-01 4.331326021903073031e-01 4.393842891424667441e-01 4.428147710928405645e-01 4.442367910805578024e-01 4.411579845229394170e-01 4.519045444580478965e-01 4.389021584971667944e-01 4.464171972813151812e-01 4.476893480193923636e-01 4.424356391730289162e-01 4.375744735304043509e-01 4.396453330260121639e-01 4.417279677605803201e-01 4.358796845165298639e-01 4.325571970413331080e-01 4.376063872337015437e-01 4.495739239681713073e-01 4.375524688847827193e-01 4.506932901681555137e-01 4.503958534798307989e-01 4.404041781849370452e-01 4.378868575813888997e-01 4.408639184314393500e-01 4.458099886538054446e-01 4.492037905675406173e-01 4.457668998965442220e-01 4.432036624814124637e-01 4.474578937453269623e-01 4.424720812075191856e-01 4.414641394414312581e-01 4.451251735319859959e-01 4.423197319472627620e-01
1.096178035206991398e-02 8.500247590379356177e-02 1.659374118471571846e-01 3.592135323835164984e-01 2.383566766302619155e-01 1.000000000000000000e+00 4.570049718462014243e-01 3.663597644905516870e-01 4.539143628072814796e-01 4.300050155000231800e-01 4.979997501606435728e-01 5.264760146598909119e-01 4.612456460214846565e-01 4.994533398909151156e-01 5.340630918192342813e-01 4.881271526558541574e-01 4.814252645068580749e-01 5.010716019019217926e-01 5.126398803135675530e-01 3.771064148601620536e-01 4.656687708475853449e-01 5.056314714559574375e-01 5.076620927374706493e-01 4.585489195691339059e-01 4.999403892087848078e-01 5.093231735482103284e-01 5.168407699315511472e-01 5.274310764709897459e-01 4.739459313791043460e-01 5.213805072442826427e-01 5.391835834661371507e-01 5.343858761002799884e-01 5.041575978918357848e-01 5.105061900523492069e-01 5.197405334810566435e-01 5.196933042070762676e-01 5.216842939447247085e-01 5.357803236157964166e-01 5.420836283736445438e-01 5.320495129427158520e-01 5.570279684281906896e-01 5.497369726163994219e-01 5.260259544260091902e-01 5.464847180594821774e-01 5.501461129466167499e-01 5.505974809455014274e-01 5.546314735150412734e-01 5.558911469119337534e-01 5.484898059108106461e-01 5.368722770447676984e-01 5.482340116763529947e-01 5.352490602968732469e-01 5.421467277657799899e-01 5.425146025499635316e-01 5.435224741752878730e-01 5.455118290292103600e-01 5.330080983323285393e-01 5.473092177126861468e-01 5.421289643575857298e-01 5.453014989339991514e-01 5.549984403650501941e-01 5.353904745853351743e-01 5.374393401921165880e-01 5.372887783338421430e-01 5.491751205506638644e-01 5.448239056143848735e-01 5.589841546714797715e-01 5.563898605267711961e-01 5.595854556547994463e-01 5.457865373803287845e-01 5.552468192586308415e-01 5.584311088724988048e-01 5.394708058076426171e-01 5.516220578582309297e-01 5.572830635826289125e-01 5.616056158011943911e-01 5.582996823314516632e-01 5.467066644755042004e-01 5.536824407452833885e-01 5.590334167523745013e-01 5.579043078975286507e-01 5.627628909238281407e-01 5.570298324093401199e-01 5.567137186923027947e-01 5.537015913978736714e-01 5.532369727026577033e-01 5.578907547708311654e-01 5.577571602140064533e-01 5.574656754553727334e-01 5.565615355556640109e-01 5.599954290065610740e-01 5.659659192285716456e-01 5.627837125993091494e-01 5.628648682003632997e-01 5.616337648938732885e-01 5.638072869368211393e-01 5.609094243288051951e-01 5.561956741144102878e-01 5.577740642549695593e-01 5.620232200085262253e-01 5.596171349456108279e-01 5.575437762667381225e-01 5.564074652607775562e-01 5.614758101519323752e-01 5.627218133837025293e-01 5.530208214594606320e-01 5.588290889077559553e-01 5.633348167263222406e-01 5.592418080096511757e-01 5.609649683375196316e-01 5.608928412726638113e-01 5.613745475084364056e-01 5.598158733925541197e-01 5.595118500388630567e-01 5.619634381869198503e-01 5.590261426133622535e-01
9.963374282283575523e-03 9.197335678211690513e-02 3.389475977714443422e-01 5.906850168243159560e-01 4.306055056846217477e-01 4.570049718462014243e-01 1.000000000000000000e+00 7.040961202774563832e-01 6.616339504288528683e-01 6.056697713830815344e-01 7.293530065436386600e-01 7.766148247043848096e-01 7.066695704438240577e-01 6.826652711468661483e-01 8.186938240172064729e-01 7.930128639613017727e-01 6.681360089940799885e-01 7.366243178407360093e-01 7.757634633028784865e-01 6.558844127933812773e-01 7.516038426275309936e-01 7.973809339536885865e-01 7.678651627334321939e-01 7.635077149012471365e-01 7.982764835405352644e-01 7.749342107588975681e-01 7.880826035697244825e-01 8.181244390432257374e-01 7.741087304997628094e-01 8.093947992249996837e-01 8.123963542811104555e-01 7.847929098439689888e-01 7.726147895232942098e-01 7.789881224503555357e-01 7.748320071177591251e-01 7.673123851343411905e-01 7.902723442021577505e-01 7.917659018687921435e-01 8.045935769971996887e-01 7.842762237868099451e-01 7.896556745303495717e-01 8.083283561932096406e-01 8.110942980835725846e-01 8.185246214686545674e-01 7.994346578345847831e-01 8.103192904475150504e-01 7.764603332175875616e-01 7.733529364002668105e-01 7.669375242847700225e-01 7.767711258612560732e-01 7.871177489444879383e-01 7.721365469622250011e-01 7.805272539518843811e-01 7.653558629722688744e-01 7.672097369564803149e-01 7.907772321019120865e-01 7.450049371134875864e-01 7.870222351408492356e-01 7.589289439495330303e-01 7.771021953544535732e-01 7.808372632064486396e-01 7.636222898344490195e-01 7.645739572123703143e-01 7.787667970507153870e-01 7.644851271952805005e-01 7.653367055668929275e-01 7.779252592247956066e-01 7.924714770730122426e-01 7.935829259022859627e-01 7.962551251820091380e-01 8.029461695930983911e-01 7.997853163468244819e-01 8.065209210061163869e-01 8.095570362981321377e-01 8.020024810606195542e-01 8.002789518243598188e-01 8.222686049225603755e-01 8.094927059683426629e-01 8.141834762383308721e-01 7.975153150575829963e-01 7.994066324742394869e-01 7.941148113616475213e-01 7.910576672294109546e-01 8.038427496770391700e-01 7.953992075355231783e-01 7.973034829497946951e-01 7.942294333281744168e-01 8.094849128131842431e-01 8.023453135215085075e-01 8.034384236146675518e-01 8.163725992584323077e-01 8.052689141848319299e-01 7.984306750629192040e-01 8.081036823776821532e-01 7.808158693219079405e-01 7.796315654199270639e-01 7.882017835545046536e-01 7.732353790643101688e-01 7.813204579712020870e-01 7.963807690004692796e-01 8.090170985160366479e-01 7.837461218313057643e-01 7.862338503089613129e-01 7.985553314487114918e-01 7.892684502829625526e-01 7.692941461573672424e-01 7.778058176871802676e-01 7.871276769109344373e-01 7.898580470270508691e-01 7.840030899084525773e-01 7.856654944315021316e-01 7.816699067541064139e-01 7.780991542372296399e-01 7.840196043752752919e-01 7.737850895366534809e-01 7.761589273026437974e-01
5.631012903783081530e-02 1.012236376093452045e-01 3.149335990623666204e-01 5.661429086195337579e-01 3.832742948539133998e-01 3.663597644905516870e-01 7.040961202774563832e-01 1.000000000000000000e+00 6.494665289614629522e-01 5.562681984152120229e-01 6.792448785294722402e-01 7.116232029494262701e-01 6.394211692054553309e-01 6.134777856913510297e-01 7.310040234683926608e-01 7.617817766294744386e-01 6.254531570606374213e-01 6.699800600324882227e-01 6.986192491328904186e-01 6.155802912419303663e-01 7.175926600646987952e-01 7.204822962183727864e-01 7.188156405043578667e-01 7.049266476852096286e-01 7.265105888116057953e-01 7.043955247701843003e-01 7.033389041576374456e-01 7.102090835532488544e-01 6.967018838815282056e-01 7.377730362787480178e-01 7.400429091008866589e-01 7.254190579721043752e-01 6.970665625687476608e-01 7.183001749567019534e-01 7.026326647082882237e-01 7.029933695510351965e-01 7.183321108057391102e-01 7.311013585492334155e-01 7.317253994072514534e-01 7.029982881608708434e-01 7.086179435452416575e-01 7.199709790920455488e-01 7.365509824341718303e-01 7.391929396041825306e-01 7.199843052165330048e-01 7.238788572903726015e-01 7.139642973379408675e-01 7.079913865923100902e-01 7.122821370327799828e-01 7.228748137287828168e-01 7.331046097515013793e-01 7.110802608120425639e-01 7.196850170748012587e-01 7.060843965229004482e-01 7.119038249931327611e-01 7.248056684086197077e-01 7.082087156094649671e-01 7.181507716683802611e-01 7.045156584346177198e-01 7.092212731925436886e-01 7.199813061457331909e-01 7.135153432783020166e-01 7.170804891936581882e-01 7.283721785441369390e-01 7.029077307450426471e-01 7.094365173466756769e-01 7.051936766649230526e-01 7.199121325748621958e-01 7.246567258177997184e-01 7.323389454613558058e-01 7.260835146357893510e-01 7.208142222119264808e-01 7.374332026586543076e-01 7.342254484758626853e-01 7.269450704194684310e-01 7.163981289104105477e-01 7.298376792239610333e-01 7.314263507396818742e-01 7.378105442310867179e-01 7.236443367199995036e-01 7.281443473560974544e-01 7.181857119351074958e-01 7.287620294993013559e-01 7.257517684765901755e-01 7.292539738706579344e-01 7.285680652123350809e-01 7.195566429236244232e-01 7.368777453960964063e-01 7.273512988677296454e-01 7.343112137244717230e-01 7.275208097954489750e-01 7.237169778677102761e-01 7.225998783125952007e-01 7.255571605408678293e-01 7.094583934544371751e-01 7.078749621793434255e-01 7.307654106251134651e-01 7.221687831689546089e-01 7.220525425018996524e-01 7.313779189713053297e-01 7.371361670215405004e-01 7.274226109638959326e-01 7.165645351343273850e-01 7.308196343737886069e-01 7.219119340139141805e-01 7.200563523409538869e-01 7.157361598405044267e-01 7.124236262551079113e-01 7.220976578844519045e-01 7.187377323856917188e-01 7.244900283951101194e-01 7.119844128002670303e-01 7.152669994909234275e-01 7.225822268521048253e-01 7.059784756762604863e-01 7.092372681435284987e-01
1.362327180517930725e-01 1.445029831708875001e-01 3.488482059429224846e-01 5.587873530543625566e-01 3.977763161382331658e-01 4.539143628072814796e-01 6.616339504288528683e-01 6.494665289614629522e-01 1.000000000000000000e+00 6.845517608887804473e-01 7.541304633253997913e-01 7.984862880937347862e-01 7.099890659337778631e-01 7.103073214623883969e-01 7.940497537987395438e-01 7.889328495867299340e-01 7.813652291651159709e-01 7.568746726122589363e-01 7.583914112435370392e-01 6.087428146303810461e-01 7.626027413379469211e-01 7.668837637929732942e-01 7.725636698690305781e-01 7.246932489753907802e-01 7.611520684165009598e-01 8.060827291455910926e-01 7.767015430797450382e-01 7.571951287491769378e-01 7.239569441679187811e-01 7.994129218755586797e-01 8.256547618785291531e-01 8.072532525157649630e-01 7.266087096184604688e-01 7.782026623024917988e-01 7.711394128841918549e-01 7.606952742629118358e-01 7.768472725934832956e-01 8.001674534710602193e-01 8.034557825657311358e-01 7.450220906248743447e-01 8.028722937908526758e-01 7.910098700676203576e-01 7.781217088822958150e-01 8.170246193050524353e-01 7.994775067292394510e-01 8.032359313310178939e-01 8.302767949285858595e-01 8.394658252455390324e-01 8.405146035709417651e-01 8.084513400680279904e-01 8.189754450097693761e-01 8.125125870299697572e-01 8.260862335350477315e-01 8.484203304635149490e-01 8.348605562817206227e-01 8.158862781422565602e-01 8.504811557212478279e-01 8.254192808624204458e-01 8.315458568135698503e-01 8.473930472181789852e-01 8.354966818838216458e-01 8.357432532526137825e-01 8.379967380004449407e-01 8.480709351590419720e-01 8.432349434125839815e-01 8.530123424039659508e-01 8.380674379247589068e-01 8.298442943924381199e-01 8.329961686412349353e-01 8.185500068319204736e-01 8.280386894558628974e-01 8.276051170958294012e-01 8.230517283053088162e-01 8.231626988672137157e-01 8.340052464221853201e-01 8.213237492616988211e-01 8.074013126800860807e-01 8.139697309012268178e-01 8.231398063475641180e-01 8.330414644544175129e-01 8.317676323614224820e-01 8.351735586958008994e-01 8.408285566744322370e-01 8.208915970638073212e-01 8.180873672128027296e-01 8.255644759483348194e-01 8.209436357503866466e-01 8.246603983360027978e-01 8.242183986766760118e-01 8.257992713605748492e-01 7.981910339194834281e-01 8.202887179536433315e-01 8.233717183907346415e-01 8.217031465179447380e-01 8.337408920162284742e-01 8.365029077273654634e-01 8.257391305478315457e-01 8.456454694282984352e-01 8.366252290516450474e-01 8.295320525325078354e-01 8.257631770827561501e-01 8.430016080706675963e-01 8.350051403844978015e-01 8.346707690544055147e-01 8.361087526778500090e-01 8.515797322141749337e-01 8.450178182862091436e-01 8.352454173202972232e-01 8.356938450494653114e-01 8.415067360949559649e-01 8.330033199305033609e-01 8.444528164700854100e-01 8.396063223633974948e-01 8.452975089481794546e-01 8.424858434154419706e-01 8.447189055305438510e-01
4.407253462292039237e-02 1.922772586742933221e-01 3.064027049868746078e-01 4.876965535988064260e-01 3.629272726524845338e-01 4.300050155000231800e-01 6.056697713830815344e-01 5.562681984152120229e-01 6.845517608887804473e-01 1.000000000000000000e+00 7.097515712134131460e-01 7.392055879804744212e-01 6.559976760006906993e-01 6.697746515098729203e-01 7.465734433183331964e-01 7.171115539508294834e-01 6.913363794055392697e-01 6.784452978050777849e-01 6.920657308038085098e-01 5.110834498088734357e-01 6.549171831153152157e-01 7.049430011397519458e-01 7.094875150156818577e-01 6.547679362965791450e-01 7.003743048683734873e-01 7.400135605185617083e-01 7.282200933833609113e-01 7.181711333208140591e-01 6.785574509167738855e-01 7.448676467800398049e-01 7.688102743945326445e-01 7.552253921088932787e-01 7.124365975928914629e-01 7.319645797529327202e-01 7.335030596569392936e-01 7.129397709111163772e-01 7.358576142992673264e-01 7.561162297677148647e-01 7.572860348926352403e-01 7.199464901201333422e-01 7.627615307253283738e-01 7.517148221199319025e-01 7.168807147608809993e-01 7.606121937663165022e-01 7.502108804207936466e-01 7.587741349848461381e-01 7.780243408496119173e-01 7.866495285120446157e-01 7.792904339481049325e-01 7.400880621224291689e-01 7.572535955576641387e-01 7.211874702386082969e-01 7.468890422359336645e-01 7.849007514227092086e-01 7.715324505884610939e-01 7.590050822307653489e-01 7.606684834054653344e-01 7.710051186122288680e-01 7.693080649521254477e-01 7.795513294999405485e-01 7.699384810972723647e-01 7.688708166143856104e-01 7.704000996491214837e-01 7.697507215904710876e-01 7.704417319799957697e-01 7.737137069659677513e-01 7.865553970524549188e-01 7.742414878376704390e-01 7.792422699417864695e-01 7.454998700202130069e-01 7.715838751261523409e-01 7.743326135226518137e-01 7.595650236165721880e-01 7.673059891436653235e-01 7.756454952151753401e-01 7.773775564640692526e-01 7.611027372766232535e-01 7.625939539583223015e-01 7.669469266655316586e-01 7.763218472490632793e-01 7.770897288935902925e-01 7.813932795978840717e-01 7.840240374785105715e-01 7.740710734340934263e-01 7.687527185088212089e-01 7.742427610754238909e-01 7.749380320343045581e-01 7.772848045131152128e-01 7.770288350839289482e-01 7.750036069342356448e-01 7.646682175346131149e-01 7.755500441416889323e-01 7.769368287989844024e-01 7.761248116445874645e-01 7.835978548744797489e-01 7.869110699059681524e-01 7.640424984708213962e-01 7.693749375501310883e-01 7.771200635725997730e-01 7.752765951173145043e-01 7.673507330125991510e-01 7.804282135733618953e-01 7.714982259456606428e-01 7.733265611003762308e-01 7.738925371281092369e-01 7.803684559280346100e-01 7.842171351979000393e-01 7.849690729903447961e-01 7.798858094816251141e-01 7.834414062017867053e-01 7.800150783524900655e-01 7.833869453188377907e-01 7.803608489895024203e-01 7.794719392096013388e-01 7.763885606745213330e-01 7.806735358208828357e-01
-9.648340469365227282e-03 1.307835586980240217e-01 3.616745885089719392e-01 5.880973838018470623e-01 4.134736703585907835e-01 4.979997501606435728e-01 7.293530065436386600e-01 6.792448785294722402e-01 7.541304633253997913e-01 7.097515712134131460e-01 1.000000000000000000e+00 8.602801569091114153e-01 7.609955600476336901e-01 7.702549615486681267e-01 8.628949950390721879e-01 8.364063280640329223e-01 7.585751450493005699e-01 7.984363738416930811e-01 8.142635210996261863e-01 6.411049929088198374e-01 7.825657010672018021e-01 8.220866557737879221e-01 8.360315224671617251e-01 7.816046054055646453e-01 8.290514038726790602e-01 8.534123152598327433e-01 8.453674433294310342e-01 8.440835577028099612e-01 7.953376805119782844e-01 8.630152088187407200e-01 8.917944877651243774e-01 8.773794772093334027e-01 8.290267119319333355e-01 8.546014781539887917e-01 8.395860012186983079e-01 8.452310460068972464e-01 8.597656924846329707e-01 8.729411411839437251e-01 8.814729062761488265e-01 8.616504990916807882e-01 8.813461131821951344e-01 8.787306143080571008e-01 8.644391003735394374e-01 8.833059282851321026e-01 8.826531211029265966e-01 8.774206947305428494e-01 8.867988928360186485e-01 8.893929288582443915e-01 8.818605640761528752e-01 8.616563767744366276e-01 8.774989080405942721e-01 8.539154196238799566e-01 8.715577777978934515e-01 8.808910433973238252e-01 8.803536275239317588e-01 8.849697800920186541e-01 8.638069269207531153e-01 8.850984567931550195e-01 8.778159158311609200e-01 8.811760339077169268e-01 8.881140112189764846e-01 8.776052635936472113e-01 8.808365382932967780e-01 8.812098802787908802e-01 8.746421043299404952e-01 8.775394655220259965e-01 8.883841889444630269e-01 8.910034519132944419e-01 8.954278162962885368e-01 8.755312247633254552e-01 8.905949676881417254e-01 8.912500027823703208e-01 8.810538295437309042e-01 8.893605822653929405e-01 8.944116925675941188e-01 8.925309715081813922e-01 8.906874311930244037e-01 8.815997299070349458e-01 8.904167717350529587e-01 8.961548317089702564e-01 8.957743682424744724e-01 8.967841843282317038e-01 8.925078113700641858e-01 8.924582187235154951e-01 8.894972835344617801e-01 8.927022767685864890e-01 8.959006102376360081e-01 8.980906520652908176e-01 8.989164771687858657e-01 8.952790504114591652e-01 8.932703029324470245e-01 8.972154463264976343e-01 8.959007421600135856e-01 8.951934786417005130e-01 8.923333658972372184e-01 8.935048438168806673e-01 8.868095499772760126e-01 8.761659876568131944e-01 8.852521690040358049e-01 8.943333022459050152e-01 8.955393415227480558e-01 8.911921269290703496e-01 8.897533176296129609e-01 8.939796037858181998e-01 8.938412983419332658e-01 8.828493160019132979e-01 8.900533384535506132e-01 8.944135792149766617e-01 8.952905536628674721e-01 8.935936514398494790e-01 8.947197870805729814e-01 8.907924704585394871e-01 8.918895333768249722e-01 8.899942192039463906e-01 8.873202864006155544e-01 8.889991192810670073e-01
1.697700870546552934e-03 1.231656696594920636e-01 3.633066112049014862e-01 6.229349308880718361e-01 4.348132854572386852e-01 5.264760146598909119e-01 7.766148247043848096e-01 7.116232029494262701e-01 7.984862880937347862e-01 7.392055879804744212e-01 8.602801569091114153e-01 1.000000000000000000e+00 8.125782210117089566e-01 8.152873264280202648e-01 9.143359629380664044e-01 8.837769279800310462e-01 8.115509271115213252e-01 8.484514630320292294e-01 8.603896174038554445e-01 6.807820084938687177e-01 8.372775195673642923e-01 8.737891954522442051e-01 8.752815287407634814e-01 8.221719147583914644e-01 8.704386118785440996e-01 9.004834859961288185e-01 8.883513381814912568e-01 8.848092617980026775e-01 8.324256100189787455e-01 9.072996185943493774e-01 9.352159701965011562e-01 9.205454544585778276e-01 8.669834162224190344e-01 8.982113490348554441e-01 8.826572858745461714e-01 8.872342814811585709e-01 9.029602363348635530e-01 9.208207740335072611e-01 9.255270774078737661e-01 8.912841569481255721e-01 9.294945954638291763e-01 9.241213697379605518e-01 9.116469356327020490e-01 9.350598895553362544e-01 9.225702903899958285e-01 9.284940432909997154e-01 9.385485279300560535e-01 9.390922949098401418e-01 9.333789563871229822e-01 9.118526499415384734e-01 9.294417039110428602e-01 9.107381068186574113e-01 9.234412965933527229e-01 9.335069019464634632e-01 9.301295144059820164e-01 9.312501868547438111e-01 9.195569680220275766e-01 9.377055264105417232e-01 9.281054453511783375e-01 9.377365628571151523e-01 9.412448939991895358e-01 9.303633823684693827e-01 9.319836621657512366e-01 9.357954084134897377e-01 9.295041604019740333e-01 9.339621018507954231e-01 9.384800876752948939e-01 9.395433137325078787e-01 9.420226541341515381e-01 9.250658220815496380e-01 9.391654018638487811e-01 9.414870721988457536e-01 9.293576452533904853e-01 9.384221069143102723e-01 9.428067262251315084e-01 9.399176658231674919e-01 9.326029528849302253e-01 9.263096499460883315e-01 9.348703471558807987e-01 9.420399912294926681e-01 9.413107294115561352e-01 9.457207426034072162e-01 9.410045954735998253e-01 9.365352848392987095e-01 9.320727032532930556e-01 9.386070791112466338e-01 9.406687745350738039e-01 9.427141884646713654e-01 9.423857436861501347e-01 9.385765354486688139e-01 9.319251847343916761e-01 9.435583526663330334e-01 9.440138493029864852e-01 9.437669948609431758e-01 9.437975878061010127e-01 9.436579841088162945e-01 9.317918775744079563e-01 9.306297893899531104e-01 9.358436261614269114e-01 9.397193076378962395e-01 9.427013374064794338e-01 9.406055671494075732e-01 9.411021584990069133e-01 9.446106555328609433e-01 9.425315654194981185e-01 9.337479788262280644e-01 9.411138357674759813e-01 9.442297855707554310e-01 9.435818383435816692e-01 9.453507005155581400e-01 9.411286964708571734e-01 9.439815470141483811e-01 9.417962915935954582e-01 9.426622917480542707e-01 9.388794446952757333e-01 9.421070946775214061e-01
1.087818357981077018e-02 1.043554526167520813e-01 3.164260583329989163e-01 5.451877874905467491e-01 4.378239736182834019e-01 4.612456460214846565e-01 7.066695704438240577e-01 6.394211692054553309e-01 7.099890659337778631e-01 6.559976760006906993e-01 7.609955600476336901e-01 8.125782210117089566e-01 1.000000000000000000e+00 7.146276924203138758e-01 8.215217237001902761e-01 7.997695178851054187e-01 7.138091320481725344e-01 7.533234428596460308e-01 7.605024770274043666e-01 5.846567008050818082e-01 7.285003654203390244e-01 7.641245767987094872e-01 7.828049389188237450e-01 7.352210869074223831e-01 7.806195708881717987e-01 8.103255204828513358e-01 7.968980364376895276e-01 7.866268698100065127e-01 7.252530547424003160e-01 8.024503896977506212e-01 8.325818878693532765e-01 8.162583864335646311e-01 7.523710796743671159e-01 7.926023562840674996e-01 7.806453074316946905e-01 7.697546711731900748e-01 7.988658332101266080e-01 8.071032764069036025e-01 8.141400445279873832e-01 7.884918546280195173e-01 8.262186627533799621e-01 8.219174346360207384e-01 8.090047342632957772e-01 8.310894015727507966e-01 8.136739970471966732e-01 8.285669926012150244e-01 8.342894275258243564e-01 8.339499668575958147e-01 8.265823365953357538e-01 8.010907764245152052e-01 8.148322943395234219e-01 8.104125810326444634e-01 8.260909809367856793e-01 8.305161477843259199e-01 8.297231832845110011e-01 8.294317652054349344e-01 8.124616339665112763e-01 8.364632708714312415e-01 8.212721511260251406e-01 8.403642339840613484e-01 8.353380228162544663e-01 8.247670061134020347e-01 8.233735118737767200e-01 8.242887370140119518e-01 8.242459129059501732e-01 8.295322880437863144e-01 8.342139456001493869e-01 8.356166632754900014e-01 8.393837030896247331e-01 8.155505747639829606e-01 8.348092493405835368e-01 8.359699725386503522e-01 8.288404321715522327e-01 8.341140204925299173e-01 8.414270494087253693e-01 8.348166971419842541e-01 8.256046288308557246e-01 8.164540462387480657e-01 8.290652538447063069e-01 8.353387474298741289e-01 8.377397245482651744e-01 8.395645923176727754e-01 8.330043421094096567e-01 8.303183794759093628e-01 8.259427055375703208e-01 8.328961069064273470e-01 8.358537839027879723e-01 8.363568732591979416e-01 8.354259366039549217e-01 8.360625181607549417e-01 8.241999616380585314e-01 8.377242627890600923e-01 8.392116591683496107e-01 8.361501219028041332e-01 8.384747479153017435e-01 8.389990514707040825e-01 8.264651212390435875e-01 8.240215837831971202e-01 8.278356689841301908e-01 8.322771711860726951e-01 8.387768373793565990e-01 8.330187976631461266e-01 8.374556619701808424e-01 8.413212501262431475e-01 8.368326156934529081e-01 8.292212990195447775e-01 8.354171481685971345e-01 8.401046873272544069e-01 8.410927168577724267e-01 8.386215954213566137e-01 8.348748241294943195e-01 8.404610640294173374e-01 8.367493902321143651e-01 8.356158549607429764e-01 8.350486953669854495e-01 8.401956493739400900e-01
