1.000000000000000000e+00 8.163635591726715879e-02 1.548375747827722589e-02 4.004264212947708512e-02 1.228418653986538753e-02 -1.507658717890013756e-03 -2.681940738166673464e-03 3.747927069659878069e-02 1.616675765361963168e-01 5.013020966755947494e-02 1.446000965679927058e-02 1.334665214606534783e-02 2.969125171826689571e-02 6.048391002939250589e-03 2.712754252764249582e-03 1.020423318252808992e-02 9.021423751557036685e-02 -4.118637928449863511e-03 1.596123869397471622e-03 9.107143701369562958e-03 4.893099039391689276e-03 -1.653663934012240475e-02 2.935850400460092869e-03 -2.760630262752184622e-02 -6.105326138741738046e-02 1.251049790684772949e-02 -9.559701536527236143e-03 -4.718337417106667486e-02 -6.138715957434824448e-03 1.380786102357347417e-02 1.273745842799303869e-02 1.470740472870140508e-02 -3.941493914194201670e-02 -1.047558159906497414e-02 1.679045893536711478e-02 -2.669347194482288993e-02 -3.846437538264158712e-02 -1.962661499929174019e-02 -2.168635878855153243e-02 -9.365073995222827907e-02 -1.254676910436575317e-02 -1.876558217462620873e-02 -3.206639914136205638e-02 -2.885388480310997154e-03 -2.740982655283013061e-02 -3.007999618198846370e-02 5.361472441192392455e-03 1.801239081544979762e-02 2.429181440119262958e-02 2.177947269729395285e-02 -3.488222756274294949e-03 3.985869930731793243e-02 3.561102275023369373e-02 3.462231898143446757e-02 1.854686491767950848e-02 -1.070176337795392986e-02 6.196698648602454174e-02 1.284839306632248358e-02 5.874138092776165325e-03 4.531947738685203342e-02 1.648975116230162394e-02 2.326552913865663139e-02 2.450037401300196246e-02 3.476269778479357947e-02 5.820930908705412854e-02 6.071457769646309427e-02 2.302984087870355717e-02 -3.976347732527790030e-03 1.102895856548172758e-02 7.491296297439507638e-03 -1.152246902604338666e-02 -1.284182061479846072e-02 1.412991340231227466e-03 -1.696439761810025065e-02 -8.547869633516947058e-04 -7.886026895459855328e-04 -1.844069312655851473e-02 -4.532280762551529375e-03 -1.774562872848925096e-02 1.677534748774854936e-02 -3.171319786708150582e-03 1.058453438289483003e-02 1.593929065736798475e-02 4.079951145570488887e-03 1.258749512453125052e-03 -2.341334545520912767e-03 -1.331771230975336250e-02 -4.833529987889226623e-03 -8.646258490915825767e-03 -1.910396409704053205e-03 -3.007644423728211142e-02 -5.238463176127344106e-03 -9.103918906591113719e-03 -1.084158574085445845e-02 2.957412644265737522e-03 1.179371246070521490e-02 -5.328881672947713768e-03 5.188624556791008452e-02 5.267841973660968360e-03 -7.891715353173159656e-03 -1.500020011037482212e-02 1.318593008952122919e-02 1.571423310725293329e-02 4.321405129061562170e-03 1.609111057107881840e-02 4.532647993688068699e-02 1.825788069657930182e-02 3.724928594754524022e-03 1.036878671682272927e-02 1.847702796511545634e-02 3.550252373798682380e-03 2.634109523412207082e-02 2.063868106017156118e-02 2.194273490452967532e-02 2.921526045860079954e-02 4.853517179882533422e-02
8.163635591726715879e-02 1.000000000000000000e+00 3.310965478088358921e-02 9.930137056099598569e-02 7.112860718733683696e-02 1.455968997812228383e-01 1.501837153982357731e-01 1.209162507725785318e-01 1.869065138931856884e-01 1.763197798647462011e-01 1.538592304057530280e-01 1.598193902881579476e-01 1.575766431426488534e-01 1.285106295104060103e-01 1.451462867687786651e-01 1.546417475191001201e-01 1.575202515226700462e-01 1.310574839763490596e-01 1.360610639371134523e-01 1.019193799126507372e-01 1.271883899319668776e-01 1.430630064345431995e-01 1.550161338937759703e-01 1.374734417146614152e-01 1.302256756648275671e-01 1.555879007022340776e-01 1.426707213494781690e-01 1.284918009964442498e-01 1.476667984141517009e-01 1.558656999284507017e-01 1.651221702978908912e-01 1.633760290820182315e-01 1.249046132202652759e-01 1.388562872832170558e-01 1.648391176236352063e-01 1.202103512554374004e-01 1.437641138374929073e-01 1.443821121363353388e-01 1.485326752955366814e-01 1.140760296270870305e-01 1.624847759194834318e-01 1.543111451588727867e-01 1.282605577055977997e-01 1.503765881623341516e-01 1.596823258591492933e-01 1.452295224061838086e-01 1.637607358662585832e-01 1.693218736183105255e-01 1.617736055863701894e-01 1.331606906721767569e-01 1.452808375194609702e-01 1.260674554074440179e-01 1.603592771648004733e-01 1.767159613840396104e-01 1.583094405668922511e-01 1.635280812654226756e-01 1.621817981299752132e-01 1.623439950245929020e-01 1.581674764897538221e-01 1.731335028896306971e-01 1.553112381063067871e-01 1.659991564932705166e-01 1.600580849303865072e-01 1.613822338061138562e-01 1.644785188157606159e-01 1.775263371854176320e-01 1.704780952554016127e-01 1.645368123235549374e-01 1.721492666507292157e-01 1.610912506748957973e-01 1.591248647041900999e-01 1.567776379668623932e-01 1.683594364621825157e-01 1.606341478815814239e-01 1.625611808573008132e-01 1.603862890586583156e-01 1.559034584629170883e-01 1.653288402215006558e-01 1.625993577850150251e-01 1.648879906547169039e-01 1.605756031011246476e-01 1.672492381958601282e-01 1.718777067366334399e-01 1.644124862965975209e-01 1.578409284319473027e-01 1.571611496003481045e-01 1.595150023320868748e-01 1.626661924877436383e-01 1.611001750053452919e-01 1.702939924263529026e-01 1.545171141007972426e-01 1.618969420227428235e-01 1.608820034779290253e-01 1.612652144339767890e-01 1.634408406726336194e-01 1.698954015475168111e-01 1.456434973736297489e-01 1.596721216580608838e-01 1.548660201133164327e-01 1.596765394418931672e-01 1.511743815001558855e-01 1.631559646859730983e-01 1.604662326483335399e-01 1.599872566524750683e-01 1.575637577832610381e-01 1.706190506928808026e-01 1.640008382055995473e-01 1.698646047707226270e-01 1.688144573669661808e-01 1.664269456674639380e-01 1.674074197161696254e-01 1.704772756166894054e-01 1.706687710455090934e-01 1.631660583035752510e-01 1.647775535350927412e-01 1.744407412124982237e-01
1.548375747827722589e-02 3.310965478088358921e-02 1.000000000000000000e+00 2.878324445765957917e-01 1.729486282451384582e-01 2.095396426967192360e-01 3.511682204592096457e-01 3.011582515688276396e-01 3.112457221277888375e-01 3.011722288424357741e-01 3.502265547278908264e-01 3.594347554701746716e-01 3.143411176971918630e-01 2.843826661693042990e-01 3.596485127366785273e-01 3.514588509482126089e-01 3.235728293212023488e-01 3.205241044935749906e-01 3.418386264203674973e-01 2.341633007820351775e-01 3.009497085011196837e-01 3.260755477928027335e-01 3.513517193773196823e-01 3.113210360305419533e-01 3.145647974968276417e-01 3.554543517357525162e-01 3.500854969912425840e-01 3.483460957763382382e-01 3.331104284393957005e-01 3.731842863334456917e-01 3.653155468283406648e-01 3.483970770023092633e-01 3.548345227172158278e-01 3.627830609613979518e-01 3.715367036749986918e-01 3.461656157011976931e-01 3.616479066569222578e-01 3.577685802437621243e-01 3.634808007089503357e-01 3.432362194720573467e-01 3.584992095068372242e-01 3.659359159824659424e-01 3.629323380277617583e-01 3.637797930985157691e-01 3.585252829928791130e-01 3.661532341113648004e-01 3.539573666195779400e-01 3.572448439861571901e-01 3.522003269899892652e-01 3.453436352932426345e-01 3.552097525267913780e-01 3.580863034116303911e-01 3.577710884598342966e-01 3.542602364960971695e-01 3.497021830307752155e-01 3.544641015480491930e-01 3.438405512678947562e-01 3.508225613322376035e-01 3.550611595131850096e-01 3.548105983781275619e-01 3.616904366529335446e-01 3.548165663377445544e-01 3.535170978747546044e-01 3.585688677076346864e-01 3.522307117873443305e-01 3.553047918460997545e-01 3.605253397842699270e-01 3.647526932300373947e-01 3.713172520867834558e-01 3.558392902085201204e-01 3.623336617925068670e-01 3.591980077709906460e-01 3.626655945081058707e-01 3.626153013675496584e-01 3.671521641119576129e-01 3.674749512992753209e-01 3.635228904712155540e-01 3.629636665100632875e-01 3.645000859181309338e-01 3.708453636300516609e-01 3.795831896302896968e-01 3.725991401607642306e-01 3.674296514551270709e-01 3.763482067789817309e-01 3.706824107348322128e-01 3.743235366292725907e-01 3.689645350643516175e-01 3.691747984516937642e-01 3.700568210684655468e-01 3.627541543415964687e-01 3.717487712149618040e-01 3.646473604011155056e-01 3.641022313933476862e-01 3.681391108579546989e-01 3.598770716416742066e-01 3.617150728605423859e-01 3.615814678759610712e-01 3.564063519378416478e-01 3.661460458489355085e-01 3.630399764102771876e-01 3.661856717887893575e-01 3.645618340958872716e-01 3.574648648369798676e-01 3.650069982845453587e-01 3.664856248545857453e-01 3.564717534225079754e-01 3.623237273042596018e-01 3.611381792127216772e-01 3.647273981693898715e-01 3.591083661526858761e-01 3.600757495875186454e-01 3.600026054546153209e-01 3.598325949804851986e-01 3.607565645902874318e-01 3.562530537384246410e-01 3.593798041688245903e-01
4.004264212947708512e-02 9.930137056099598569e-02 2.878324445765957917e-01 1.000000000000000000e+00 3.028309858204917271e-01 3.854294205108231286e-01 5.776769394060882190e-01 5.252931848353892264e-01 5.717833396995578576e-01 5.238649847905783030e-01 6.020171040819070063e-01 6.318840199163403559e-01 5.630930231455333335e-01 4.955296804592644877e-01 6.274794612207256206e-01 6.196454399144698533e-01 6.022539136764407663e-01 5.680571311287897496e-01 5.951298540581135832e-01 4.875856452130334917e-01 5.790270305564156894e-01 6.172067194858049666e-01 5.905900211017188761e-01 5.306158079330471899e-01 5.687010725125059007e-01 6.348528887622639783e-01 6.370393691873752484e-01 6.215095447936035411e-01 5.894971553229535477e-01 6.253204436477720618e-01 6.393643665072011872e-01 6.133272816165813435e-01 5.871901529537463249e-01 6.122376308272764467e-01 6.064026322425373206e-01 6.229494788165955699e-01 6.214827913220333233e-01 6.329549917370068668e-01 6.465350783783267996e-01 6.053659723152754468e-01 6.415596890372761152e-01 6.491617213160579825e-01 6.425227891657414592e-01 6.478872197674930833e-01 6.461763156580648815e-01 6.412249164383420075e-01 6.374117148482865147e-01 6.409698226664094500e-01 6.318302102561168532e-01 6.025493544090922970e-01 6.357089917784234379e-01 6.374451240173102384e-01 6.354849764760874820e-01 6.432563263244067686e-01 6.295645712769643021e-01 6.474679744258154956e-01 6.292083864668335247e-01 6.358473929684923531e-01 6.308012191726645179e-01 6.401144998949448439e-01 6.452981617373132472e-01 6.388300496098464620e-01 6.311171796713156423e-01 6.450814952679317926e-01 6.410328767758386448e-01 6.428076608262032199e-01 6.452339420992210250e-01 6.408836007737394036e-01 6.387749455329199133e-01 6.393104968246940967e-01 6.481885932138454764e-01 6.471066920316751458e-01 6.298002766058445889e-01 6.374795595788956826e-01 6.482935787629889868e-01 6.494550177698258375e-01 6.486447903117069647e-01 6.402967807797558253e-01 6.463281653423894602e-01 6.477506753156652142e-01 6.452478982814879860e-01 6.488073103257807617e-01 6.540202453601550170e-01 6.426513104301491142e-01 6.412404842991251686e-01 6.443859863694667567e-01 6.471015238273795100e-01 6.510103132886623234e-01 6.493738283119374621e-01 6.566567741744111508e-01 6.470010617912719253e-01 6.502525865370184510e-01 6.483912122314654525e-01 6.525424285243394129e-01 6.429999699979707106e-01 6.442896493234719912e-01 6.453657219118565935e-01 6.401946902209156853e-01 6.466674011982308512e-01 6.465479202375004064e-01 6.510723664282814793e-01 6.502026096407360622e-01 6.451284220176503048e-01 6.500630205435197206e-01 6.555229882359641103e-01 6.484571842625834748e-01 6.437697944460364363e-01 6.453039486086011856e-01 6.531673679614393713e-01 6.448085994181630420e-01 6.477236387218761049e-01 6.469276754411703578e-01 6.492093008101201823e-01 6.515965490744841659e-01 6.473551734343169217e-01 6.464516986233662665e-01
1.228418653986538753e-02 7.112860718733683696e-02 1.729486282451384582e-01 3.028309858204917271e-01 1.000000000000000000e+00 2.642791211816862273e-01 4.493714178715012553e-01 4.204589712791628742e-01 4.277786057938902653e-01 3.990734081091094620e-01 4.223636166014744786e-01 4.655138466843552481e-01 4.487408456939556145e-01 3.992957173860592346e-01 4.970508573960644161e-01 4.737602018638237822e-01 4.142352851543274483e-01 4.156296282937612663e-01 4.447252043282814982e-01 3.558629229936336458e-01 4.357309988378575971e-01 4.486031053356435150e-01 4.322121098880582490e-01 3.901580179034409568e-01 4.172322255500910959e-01 4.745381192729589692e-01 4.560650353126667889e-01 4.719110698184577068e-01 4.364845025733704031e-01 4.475708563503151827e-01 4.615249153832631235e-01 4.605528630217680108e-01 4.552074607408903018e-01 4.380266923749904229e-01 4.532640983751157759e-01 4.431079054304945530e-01 4.558962874887228511e-01 4.699085810920395900e-01 4.838909577539005635e-01 4.463880875280398786e-01 4.882069741760889925e-01 4.844581078886364689e-01 4.865885492611027874e-01 4.869251821673011849e-01 4.768142867276480845e-01 4.755004143697371122e-01 4.809906306110601215e-01 4.796587560872681566e-01 4.697664092445821282e-01 4.380150417609619540e-01 4.709082227302296420e-01 4.537490958212614389e-01 4.764645138653237355e-01 4.726763564496310188e-01 4.558607396560821479e-01 4.730842825340624835e-01 4.453584355143351825e-01 4.769734654699940291e-01 4.646858528907333863e-01 4.867924516658414524e-01 4.782543826206642201e-01 4.775621558608189599e-01 4.612472300259128355e-01 4.707948806859730828e-01 4.663099090444909889e-01 4.754528207728054845e-01 4.754545883883821156e-01 4.798671124309522584e-01 4.756569364319112037e-01 4.759528268355300851e-01 4.842829782039469455e-01 4.860280690240972312e-01 4.684843635550359764e-01 4.779241719656763254e-01 4.861818958249659040e-01 4.827027941540438793e-01 4.851769394630116583e-01 4.799619787560741591e-01 4.867422714795370808e-01 4.783143513313078410e-01 4.811698378373891472e-01 4.796779069881432767e-01 4.765461977179280550e-01 4.789543065755196283e-01 4.705570820247817476e-01 4.723679607137985514e-01 4.804567085655896408e-01 4.843627439468046747e-01 4.842310387682831618e-01 4.776291007067559047e-01 4.889450441630302513e-01 4.866077865410138870e-01 4.878701616917128780e-01 4.896328806913430864e-01 4.828994112771550218e-01 4.800168393336562978e-01 4.683533315125905094e-01 4.616374944008266867e-01 4.790221028337627862e-01 4.803205132453076676e-01 4.842784246601316012e-01 4.749487331269330315e-01 4.842244963597397422e-01 4.846362816284226493e-01 4.807085770545475589e-01 4.674405864816991718e-01 4.757577628805315095e-01 4.815680001513509834e-01 4.801383365389326752e-01 4.812748510171578342e-01 4.748687468190565530e-01 4.849868563197252680e-01 4.802976307807662604e-01 4.821040675097957307e-01 4.778890633310784453e-01 4.767952862445385409e-01
-1.507658717890013756e-03 1.455968997812228383e-01 2.095396426967192360e-01 3.854294205108231286e-01 2.642791211816862273e-01 1.000000000000000000e+00 4.867988754297781773e-01 4.744302837007657314e-01 5.214210455179494330e-01 5.200316595034573108e-01 5.413516401359528274e-01 5.716534979760259372e-01 5.041606628736501339e-01 4.639277019712845229e-01 5.848210437121642569e-01 5.570741357038859753e-01 5.266546737994188820e-01 4.885954598744121635e-01 5.274357794746968864e-01 4.169655247592682912e-01 4.864163275919550222e-01 5.324581629316531561e-01 5.289692515313109134e-01 4.680641181161369069e-01 5.003766199553534300e-01 5.554562667900589945e-01 5.387167568133635065e-01 5.501078061124494711e-01 5.384172970115891355e-01 5.573878610422867697e-01 5.751502183207473085e-01 5.652942867602342991e-01 5.227309857828231765e-01 5.509980334513993050e-01 5.465191145206437229e-01 5.435953713600736315e-01 5.557187129542320303e-01 5.832230593103383542e-01 5.757856025762791985e-01 5.332651597207429539e-01 5.745740155619065703e-01 5.828117068729747885e-01 5.722586193195844384e-01 5.908338170640113907e-01 5.832769293707797953e-01 5.867479302268069352e-01 5.928197788945630542e-01 5.978729794590753599e-01 5.863104724818133384e-01 5.542447587397594244e-01 5.838048953402734664e-01 5.515573761912274664e-01 5.802412990204047771e-01 5.903758692281677600e-01 5.738043942226919159e-01 5.904216232942288700e-01 5.677758685920905046e-01 5.901383490622982286e-01 5.898512257619072940e-01 5.872639432185893238e-01 5.910950711479783237e-01 5.905733722610774228e-01 5.823507448415504717e-01 5.906647481824062185e-01 5.835995069430851556e-01 5.829386858100452651e-01 5.982506047728368692e-01 5.938167995694355605e-01 5.901280488989688600e-01 5.852900504956551897e-01 5.906515010040198632e-01 5.938148603540199799e-01 5.819012135959715781e-01 5.864783506817452530e-01 5.982923977367955448e-01 5.964259063309269582e-01 5.922872140308850231e-01 5.904321903998724919e-01 5.883238213027812691e-01 5.914446081415591916e-01 5.923031359746606661e-01 5.963030284521491087e-01 5.963790242129367591e-01 5.874157714747670900e-01 5.824943469787499106e-01 5.914618098102826238e-01 5.960098286802198997e-01 5.944251594255486326e-01 5.966587648663537191e-01 5.922404163564991553e-01 5.893667555018839987e-01 5.985719729168301750e-01 5.961304313367334906e-01 5.965932165762122263e-01 5.987696655158292192e-01 5.993257470136944542e-01 5.714238662036741356e-01 5.768595390859971861e-01 5.919988189236237153e-01 5.912117704231609761e-01 5.929297671456281726e-01 5.917875358202969727e-01 5.934570253886134461e-01 5.971852337597495231e-01 5.900056532126108921e-01 5.817477688079156772e-01 5.960931553222946766e-01 5.987330115074617209e-01 5.945281477464829933e-01 5.971867825358738724e-01 5.941561279631271120e-01 5.956563627885308465e-01 5.959343024980272574e-01 5.942730923399550669e-01 5.950467899604756639e-01 5.928720184430256168e-01
-2.681940738166673464e-03 1.501837153982357731e-01 3.511682204592096457e-01 5.776769394060882190e-01 4.493714178715012553e-01 4.867988754297781773e-01 1.000000000000000000e+00 6.866768187629517239e-01 7.062383747782492449e-01 6.744707463360066768e-01 7.488580180656935203e-01 7.944831770371335589e-01 7.144152111331516508e-01 6.691409036653891418e-01 8.307420018908970860e-01 8.058040369273770098e-01 7.194411514820544529e-01 7.283683529617083208e-01 7.666888944055949562e-01 6.247743869057312827e-01 7.387734573661102200e-01 7.726279640356931155e-01 7.691944625933309077e-01 7.045353111762875375e-01 7.275531456264612284e-01 8.027996050902410641e-01 7.966160431191713354e-01 7.988217995983774022e-01 7.551989997418676603e-01 7.953315820117528023e-01 8.104113158156063257e-01 8.002984398176578029e-01 7.654978334135649209e-01 7.797945379282015255e-01 7.619786185516871369e-01 7.602565198116468803e-01 7.861461606746676933e-01 8.183096808498550034e-01 8.207275400663824882e-01 7.819591609149877387e-01 8.217352636625285811e-01 8.309411015780699961e-01 8.240917948138488658e-01 8.319426696462445259e-01 8.190276674657078759e-01 8.315660096225746534e-01 8.187442665745355841e-01 8.181867974295645718e-01 8.116418967787822902e-01 7.702820074550058571e-01 8.149034363557278171e-01 7.817143400514162677e-01 8.105748811385562469e-01 8.155299539758277261e-01 8.070597500328415830e-01 8.232093359599512716e-01 7.867356650015813191e-01 8.173352599751996239e-01 8.156914729392755747e-01 8.132553089351065578e-01 8.254692742468002775e-01 8.172174985120235213e-01 8.105894982572285912e-01 8.125646107528564643e-01 7.953017829857834675e-01 8.059908327006194417e-01 8.205887389098729390e-01 8.285638912429298397e-01 8.301075802741499921e-01 8.236118336128785966e-01 8.309394540880000735e-01 8.277860608900331485e-01 8.214886093950038992e-01 8.272207352898819366e-01 8.280935501297880252e-01 8.287798709937022057e-01 8.343789897045712500e-01 8.234186996594656804e-01 8.363385651283283817e-01 8.271176086322938881e-01 8.264323318708990396e-01 8.270175837301174671e-01 8.262917081038964051e-01 8.274580457735187800e-01 8.251263184463355493e-01 8.261802104551967396e-01 8.248618254099433500e-01 8.387498594976074973e-01 8.321101320560654324e-01 8.307423210794221413e-01 8.332363145865180343e-01 8.347189293512921049e-01 8.294060838804939717e-01 8.370629317262922031e-01 8.271300198939083304e-01 8.231176202445474877e-01 8.275808120749179597e-01 8.075392886932398762e-01 8.287324825207239565e-01 8.327033318903689363e-01 8.324480194142162004e-01 8.290928487579992678e-01 8.246255027128175374e-01 8.331482813452646408e-01 8.268702185073649735e-01 8.156967562992500920e-01 8.221160969263918705e-01 8.239029366962665746e-01 8.294699147586571675e-01 8.267258089919583552e-01 8.289465649254580404e-01 8.215344022179866812e-01 8.255741297104737253e-01 8.249351614777304942e-01 8.137899860490396264e-01 8.149839185692193677e-01
3.747927069659878069e-02 1.209162507725785318e-01 3.011582515688276396e-01 5.252931848353892264e-01 4.204589712791628742e-01 4.744302837007657314e-01 6.866768187629517239e-01 1.000000000000000000e+00 6.927557557578989389e-01 6.589504796649340301e-01 7.097415302197505049e-01 7.488663686151222354e-01 6.882741944859090966e-01 6.303789794983996053e-01 7.719489541908363117e-01 7.724122679369684885e-01 6.903816031817512355e-01 6.705417227928711643e-01 7.024287929939121433e-01 5.768428649997447977e-01 6.949048072568628776e-01 7.193680219258576924e-01 7.057543766842906408e-01 6.285542653691951198e-01 6.450277034622323713e-01 7.500925457942821950e-01 7.382865718128763799e-01 7.277342166014544311e-01 7.164415640096972737e-01 7.409787627980743974e-01 7.512128454104120001e-01 7.487858981656723145e-01 6.891811349621475014e-01 7.095778332399816923e-01 7.165521505070748809e-01 7.068258010890507981e-01 7.314654281310918327e-01 7.647687068173510960e-01 7.631256666008476852e-01 6.961398948522169450e-01 7.701204772969638679e-01 7.766508030288308273e-01 7.745133115478134433e-01 7.818092111307926029e-01 7.660753940749089885e-01 7.763452838778832632e-01 7.724537214674388474e-01 7.784521429779074353e-01 7.728741098679012822e-01 7.239159001915077551e-01 7.670926699295599338e-01 7.405057437979958301e-01 7.650507751586482774e-01 7.802605598911439566e-01 7.745062459444159719e-01 7.684527564217682460e-01 7.643361299402117170e-01 7.785469734525095609e-01 7.789551599327457776e-01 7.809406565988225024e-01 7.903083924506879576e-01 7.894148691387399275e-01 7.822825147984323602e-01 7.800008936910112212e-01 7.672119505352416047e-01 7.799274646127766220e-01 7.792920903619428019e-01 7.793371222266884946e-01 7.816864950008093338e-01 7.803145779732962861e-01 7.777585403705680189e-01 7.760999045310310596e-01 7.630406732009409332e-01 7.664997258453918327e-01 7.834608981191480970e-01 7.813738169577232329e-01 7.778149088483069518e-01 7.780089372388412361e-01 7.807922083284967174e-01 7.818018537179818317e-01 7.783725349603751731e-01 7.815039774570219366e-01 7.766834480119696460e-01 7.747471641991393598e-01 7.661550903495161213e-01 7.701790968807423754e-01 7.735799047276318285e-01 7.841965008211566612e-01 7.802569027370064303e-01 7.796835926576605180e-01 7.706628636197919713e-01 7.837459839381122340e-01 7.792137723270947669e-01 7.866332523867494153e-01 7.812631702455978822e-01 7.821168785541455781e-01 7.719512748870203112e-01 7.700338219487583569e-01 7.848175315908482164e-01 7.787310804287017607e-01 7.834286013440980856e-01 7.902068290404231643e-01 7.807092095814511801e-01 7.885232430311052143e-01 7.773139083771450908e-01 7.859340211031587975e-01 7.817133611308565433e-01 7.828125264568829289e-01 7.867778015984403517e-01 7.850011682835326132e-01 7.880320514407914700e-01 7.831716197830590476e-01 7.876481474504567482e-01 7.858879782124731372e-01 7.764882810081428222e-01 7.815442516908377435e-01
1.616675765361963168e-01 1.869065138931856884e-01 3.112457221277888375e-01 5.717833396995578576e-01 4.277786057938902653e-01 5.214210455179494330e-01 7.062383747782492449e-01 6.927557557578989389e-01 1.000000000000000000e+00 7.606990526646870698e-01 7.848541845595193855e-01 8.273316122984467613e-01 7.452815270188740682e-01 6.646373533783739296e-01 8.280610721350336600e-01 8.185351037885695291e-01 7.938732502014171910e-01 7.159127293565556993e-01 7.585110576655516024e-01 6.072043025965447871e-01 7.170374330444442279e-01 7.657030279546207518e-01 7.552032111044453266e-01 6.524962952151560636e-01 6.777041330656101703e-01 8.086454156964010265e-01 7.890361492554887057e-01 7.812741905457017966e-01 7.543628772417926287e-01 8.193610311785981537e-01 8.274489548173171727e-01 8.234492166547618952e-01 7.640562177864456128e-01 7.738527588457770889e-01 8.112567399388179723e-01 7.602394887253375311e-01 7.940233770225758603e-01 8.283038800961370907e-01 8.219212755145871574e-01 7.263392146223754953e-01 8.390543971763730902e-01 8.384652490933713898e-01 8.153394364167667607e-01 8.491022552020124348e-01 8.282122710107928665e-01 8.236782445228219007e-01 8.639697123751652885e-01 8.714983954224149176e-01 8.633159154824403547e-01 8.158554029280038478e-01 8.408785356167400860e-01 8.352115965278061882e-01 8.594391837321961880e-01 8.696974551674592213e-01 8.457406301432440765e-01 8.358589134942812082e-01 8.584916060043006336e-01 8.606715675919421882e-01 8.549033570277722038e-01 8.776066376130786661e-01 8.644286891798522721e-01 8.687071857037075295e-01 8.575771787240887845e-01 8.669046135615079418e-01 8.728482135430640776e-01 8.779919054724392158e-01 8.691801171267051762e-01 8.511071195094611630e-01 8.517951231342152374e-01 8.485265519225254627e-01 8.428329689815765580e-01 8.494629028687086247e-01 8.280551438042569323e-01 8.276941165787915500e-01 8.606306742588898384e-01 8.596803681530267305e-01 8.484960775322801796e-01 8.456292181334580382e-01 8.431978334855858570e-01 8.666483641640826407e-01 8.539502476877102177e-01 8.623013978203780683e-01 8.558193125844526516e-01 8.589268484553996830e-01 8.444230617161574415e-01 8.460889949600535198e-01 8.463869117330662384e-01 8.549938901409002145e-01 8.537146261393945279e-01 8.458618368249890551e-01 8.342343471731451521e-01 8.579402916327822926e-01 8.540528579812711740e-01 8.546919606186712537e-01 8.645187024151965716e-01 8.683063800399866139e-01 8.363989572115436699e-01 8.639280286784818408e-01 8.589435030058437670e-01 8.529409096003411905e-01 8.477825486644885444e-01 8.605460371651568741e-01 8.668637969723476111e-01 8.622240876970770351e-01 8.612891462649640006e-01 8.643784036163442153e-01 8.683587895908336796e-01 8.640328840368860508e-01 8.639165039891524289e-01 8.705652572052774429e-01 8.604006500128681401e-01 8.745973990184926494e-01 8.698389576319643934e-01 8.685911680823943382e-01 8.705964094433985556e-01 8.775764272420601975e-01
5.013020966755947494e-02 1.763197798647462011e-01 3.011722288424357741e-01 5.238649847905783030e-01 3.990734081091094620e-01 5.200316595034573108e-01 6.744707463360066768e-01 6.589504796649340301e-01 7.606990526646870698e-01 1.000000000000000000e+00 7.410729563041015266e-01 7.875836891872645129e-01 7.170329738926248808e-01 6.284102903215680325e-01 7.997786393561484575e-01 7.712129865278363194e-01 7.339296645601827151e-01 6.731709936973259145e-01 7.269806044246100996e-01 5.864729986813621565e-01 6.804245643597417459e-01 7.370661890415929340e-01 7.271746728993296882e-01 6.383092186220383768e-01 6.681146722578876762e-01 7.685707476419928463e-01 7.585267797011769897e-01 7.585804647501561693e-01 7.285463223591940318e-01 7.818154509646270123e-01 7.921182425685845407e-01 7.956465719028122940e-01 7.502429513977582065e-01 7.632831840312924720e-01 7.722716189591689595e-01 7.420904825134047034e-01 7.748351866665145193e-01 8.062969618980438957e-01 8.022968980900037073e-01 7.326368020852409568e-01 8.146503982075167238e-01 8.077888987518334618e-01 7.836174921654560643e-01 8.159057286661307584e-01 8.061802335000828323e-01 8.000248488336469954e-01 8.290183704941498366e-01 8.360950424907780398e-01 8.157287497667340403e-01 7.738457269273483208e-01 8.100730937348354921e-01 7.738313625016074448e-01 8.056859059424593683e-01 8.268040885253640226e-01 8.039285454772077122e-01 8.105746580863478767e-01 7.904115663367068390e-01 8.192483970047755859e-01 8.169689106272388646e-01 8.243930601436721961e-01 8.191558943150369920e-01 8.201682370165439551e-01 8.098231011866389162e-01 8.156539886172216036e-01 8.188691488064516744e-01 8.200048354509981152e-01 8.342208089366444090e-01 8.197589940168663603e-01 8.208996228299882958e-01 8.164707559622546018e-01 8.146446557494314566e-01 8.218497612211852488e-01 8.007381727869914423e-01 8.037382600269248334e-01 8.270429589105223744e-01 8.243469815660554589e-01 8.215749571227082271e-01 8.162785542425622376e-01 8.163638820488239300e-01 8.281180420885815296e-01 8.248272669487772824e-01 8.289645851287357203e-01 8.243533985173150391e-01 8.252040139545037123e-01 8.187883094373881177e-01 8.228859774327721421e-01 8.249685844039368332e-01 8.266994018567657143e-01 8.281759918733793135e-01 8.181438826823275168e-01 8.139203988184449123e-01 8.287568306254630146e-01 8.284616351273919044e-01 8.264641618462330586e-01 8.315100077133142920e-01 8.345032681732490465e-01 7.990004976264530878e-01 8.092328373917896389e-01 8.220868354532911981e-01 8.266952616959998279e-01 8.186870668769542503e-01 8.224346879692752132e-01 8.270526624341275612e-01 8.269624942662261446e-01 8.237156096528700511e-01 8.133057312455983512e-01 8.311368975187326535e-01 8.316110866884967034e-01 8.282707964887064955e-01 8.320802820158172963e-01 8.258534321087028784e-01 8.324280392553530250e-01 8.294122065933547949e-01 8.268138991000630877e-01 8.294984184864939714e-01 8.305442870344065254e-01
1.446000965679927058e-02 1.538592304057530280e-01 3.502265547278908264e-01 6.020171040819070063e-01 4.223636166014744786e-01 5.413516401359528274e-01 7.488580180656935203e-01 7.097415302197505049e-01 7.848541845595193855e-01 7.410729563041015266e-01 1.000000000000000000e+00 8.625213119250016991e-01 7.663205931966718953e-01 6.965717696679732951e-01 8.599806411760807512e-01 8.490235058389459244e-01 7.899188871334341666e-01 7.547131007075728037e-01 7.965056093998167386e-01 6.249895067245215818e-01 7.628672842158272793e-01 8.066618480565482807e-01 8.018790264478953267e-01 7.162844346260440753e-01 7.440948901335753263e-01 8.445520767813585739e-01 8.406786992009883663e-01 8.405768723978296331e-01 7.880734642041802296e-01 8.567225844155614833e-01 8.798383798557887214e-01 8.515053208523390982e-01 8.217025203833703273e-01 8.295535391489500254e-01 8.428012696467332976e-01 8.242112189716029880e-01 8.643366868714780216e-01 8.684544256690941433e-01 8.799948010057029313e-01 8.130070015873471778e-01 8.729334131124319995e-01 8.798168996623826343e-01 8.732535010440094503e-01 8.882810121381088386e-01 8.752710852977856337e-01 8.778526702222290146e-01 8.896425160917560415e-01 8.864217323672424209e-01 8.798439966147670876e-01 8.369468470437748664e-01 8.739871866933930367e-01 8.524150456545726007e-01 8.808211307808476720e-01 8.846532670139457544e-01 8.694677666139808414e-01 8.809238632475276942e-01 8.640986384570568113e-01 8.832020845939531073e-01 8.793407241252813034e-01 8.846927627224774326e-01 8.923997154132744525e-01 8.854096010385987814e-01 8.750032666403293469e-01 8.865134499539476520e-01 8.765247950956519540e-01 8.801364925394830063e-01 8.904812164858122436e-01 8.876929892764086061e-01 8.858964972107551406e-01 8.809714400724060201e-01 8.836876257306652827e-01 8.869458732435624437e-01 8.699932789987836479e-01 8.769470207711759224e-01 8.914843001374637144e-01 8.952266229928507180e-01 8.881400327037811682e-01 8.782608102037922082e-01 8.842039502135837781e-01 8.932288207955743076e-01 8.962691468131321892e-01 8.960880715074799330e-01 8.878697241389604811e-01 8.943183414635973438e-01 8.781674846809989221e-01 8.868270427937328115e-01 8.943439638938212033e-01 8.896544220722581997e-01 8.949021996215018593e-01 8.840451770145507648e-01 8.867340166225393672e-01 8.943026515812846355e-01 8.931160348690734274e-01 8.947973611540952499e-01 8.933512075707079614e-01 8.925338401539073541e-01 8.790206906160404898e-01 8.771814989506627747e-01 8.924788886699942525e-01 8.879129761433369739e-01 8.913288473728705474e-01 8.896657254212899657e-01 8.923541527880578528e-01 8.951502791483099131e-01 8.908206048077310646e-01 8.827631414470222815e-01 8.900924166269016391e-01 8.933092682716987643e-01 8.940581628118328128e-01 8.919947356389072990e-01 8.919436279499062259e-01 8.932285084207840509e-01 8.921367317930114504e-01 8.922811155695284935e-01 8.862680025512773563e-01 8.856547845786322259e-01
1.334665214606534783e-02 1.598193902881579476e-01 3.594347554701746716e-01 6.318840199163403559e-01 4.655138466843552481e-01 5.716534979760259372e-01 7.944831770371335589e-01 7.488663686151222354e-01 8.273316122984467613e-01 7.875836891872645129e-01 8.625213119250016991e-01 1.000000000000000000e+00 8.067178963684554782e-01 7.284402453652936149e-01 9.174395478287759031e-01 8.965474049651810384e-01 8.283745450160825419e-01 7.917169158305056298e-01 8.414474569309056129e-01 6.765901396273668045e-01 8.015987460657014729e-01 8.583322826475737743e-01 8.368936470171480790e-01 7.440602004185846718e-01 7.882903633116190578e-01 8.870528432655782058e-01 8.822002530730392866e-01 8.844328852392608908e-01 8.456044138319760428e-01 8.950047119819934949e-01 9.163088349152500589e-01 8.942337605404033773e-01 8.554281929257550043e-01 8.692625393937932765e-01 8.734411794466850898e-01 8.638444575882110454e-01 8.953937151115725079e-01 9.246235946085786805e-01 9.264535123340588152e-01 8.568221130508840711e-01 9.247541213367190815e-01 9.335149309861427991e-01 9.168567014651141101e-01 9.384951531143813641e-01 9.254745970829313384e-01 9.313637893629796993e-01 9.398384172131335479e-01 9.418584128837657055e-01 9.316335467967522543e-01 8.871713577786920490e-01 9.278505269196232197e-01 8.972513391480758660e-01 9.276317518655545769e-01 9.353431877511716452e-01 9.213754552259372232e-01 9.294816081894300419e-01 9.081427903353828102e-01 9.354184778249766685e-01 9.323159726834269190e-01 9.370636048150725594e-01 9.406847721224310677e-01 9.363346591733187063e-01 9.268520887415532261e-01 9.347016791250888357e-01 9.279588969457388536e-01 9.300153756407983918e-01 9.418654671333254180e-01 9.370489774745925926e-01 9.321418759485815553e-01 9.303935197118651246e-01 9.350610889375806645e-01 9.406632006604014329e-01 9.151562857027674136e-01 9.256428165826098287e-01 9.437811082966107712e-01 9.450221253223354267e-01 9.415666945476484084e-01 9.365292516792769195e-01 9.386405149377169410e-01 9.413356329665379940e-01 9.418376335240773445e-01 9.459450223672595248e-01 9.375768807441074992e-01 9.388447356697874335e-01 9.288863097028423610e-01 9.345811143697367873e-01 9.409853636484567518e-01 9.433612867190988016e-01 9.443524512484356981e-01 9.353112378123170645e-01 9.342205386736551764e-01 9.461090514372458848e-01 9.446443226723332254e-01 9.465526300574850227e-01 9.454250400420974865e-01 9.453410642382340523e-01 9.241344353303461157e-01 9.260858841984418444e-01 9.423556105769197444e-01 9.397198392679266821e-01 9.408365205606378234e-01 9.405307706582884952e-01 9.435440448694065729e-01 9.446682432018559394e-01 9.410151675008081584e-01 9.292664597660049708e-01 9.424192161604754148e-01 9.450651501767827201e-01 9.442605285116808522e-01 9.445773734190120452e-01 9.426235573389064593e-01 9.446720775884898114e-01 9.438660930429980667e-01 9.429153918670873935e-01 9.387608932927160588e-01 9.392631750101632093e-01
2.969125171826689571e-02 1.575766431426488534e-01 3.143411176971918630e-01 5.630930231455333335e-01 4.487408456939556145e-01 5.041606628736501339e-01 7.144152111331516508e-01 6.882741944859090966e-01 7.452815270188740682e-01 7.170329738926248808e-01 7.663205931966718953e-01 8.067178963684554782e-01 1.000000000000000000e+00 6.566031691885381161e-01 8.215087611367203335e-01 8.208801391335268649e-01 7.460419508581619397e-01 7.018854452898145579e-01 7.461336180146088681e-01 6.024281166659695153e-01 7.180933765781067901e-01 7.633389457884177665e-01 7.402774408695038666e-01 6.549412750055022547e-01 6.897222691211680745e-01 7.846682190641496302e-01 7.791281018554068183e-01 7.787874162034799097e-01 7.489999856573598125e-01 7.886931680056733507e-01 8.136936222549632225e-01 7.950600222345067802e-01 7.533974779926517762e-01 7.636958601477334962e-01 7.852590807350444679e-01 7.587439035502515638e-01 7.943968397738067067e-01 8.200239065400545257e-01 8.226869845487987387e-01 7.369650193360350876e-01 8.250782485247682985e-01 8.303041738177541209e-01 8.148933189022985468e-01 8.418399677209070786e-01 8.239818322487211244e-01 8.260699222442157152e-01 8.470672653985987788e-01 8.468995556737769492e-01 8.360242456966060498e-01 7.851308299423950254e-01 8.241043691388088011e-01 7.935392955032045670e-01 8.271824119936284081e-01 8.407310115709376586e-01 8.192769270843780482e-01 8.259032103729341268e-01 8.120654284372590404e-01 8.425344515716763905e-01 8.337399268135691210e-01 8.497978826850050016e-01 8.445505760522105110e-01 8.436955344857436367e-01 8.319381638073154450e-01 8.401033918288188795e-01 8.345963502919104826e-01 8.394599870979976286e-01 8.458078598255260871e-01 8.383633309097635600e-01 8.369707976871207933e-01 8.357019915429584334e-01 8.355040535063620322e-01 8.414969070645127447e-01 8.182424415356860381e-01 8.235992910544239765e-01 8.466997262677078417e-01 8.437805915070208940e-01 8.441454817537430433e-01 8.364569821318312837e-01 8.369972458510402946e-01 8.437952366252802205e-01 8.406133487795783843e-01 8.475310684838065489e-01 8.398775068497468244e-01 8.423807695259445394e-01 8.279101606121519463e-01 8.342357113708694927e-01 8.405668175042105839e-01 8.453842740465243866e-01 8.450891433727251156e-01 8.349875901116836641e-01 8.325875713471455608e-01 8.466368050515861166e-01 8.445214844702837453e-01 8.469435704595507097e-01 8.508471823317966809e-01 8.512148659068669021e-01 8.222945483104202591e-01 8.276671783944963279e-01 8.449307207201096626e-01 8.433846302570577880e-01 8.429619383782380737e-01 8.443415032717009883e-01 8.480306471000094160e-01 8.500486943745847457e-01 8.413236905240989438e-01 8.369825200202849480e-01 8.461457744431939432e-01 8.502870736888940018e-01 8.467921730206720010e-01 8.512246649574803925e-01 8.456028397118883211e-01 8.521960733214344330e-01 8.494368833297306631e-01 8.502059006025973753e-01 8.451429307696644022e-01 8.471498781092670072e-01
