1.000000000000000000e+00 7.866420642699778476e-02 6.430460454241754276e-02 6.166928466075567716e-02 -1.711772103451403640e-02 -1.341266668418643684e-02 1.232163806542628526e-02 3.304024895536783208e-03 9.168554462179871745e-02 1.714328603309636656e-02 4.636432900535805701e-02 1.484036241133977405e-02 2.358669406374913971e-02 8.792069188431127051e-04 7.832609622257626428e-03 -5.105566609980041921e-03 6.073024207310848133e-02 -3.357055012325910887e-02 -1.503051542038441775e-02 -3.380017770510127667e-02 -8.198366641965391943e-02 -2.063961149863160344e-02 5.212284566267944008e-02 -5.588906840801693282e-03 -1.767401104897323508e-02 5.832669075241483231e-02 5.570783312817604443e-02 7.353622022116880486e-02 1.014754893824565823e-01 8.738573744956477929e-02 8.140291190349840944e-02 2.103578288456415049e-03 3.872329310333177954e-02 9.389217299802318437e-03 2.661200615127683189e-02 2.391264230185017811e-02 5.180034340367527246e-02 -1.839515767517054586e-03 1.809363390597936230e-02 -1.222661439552989726e-02 3.152349010195575063e-02 8.087660184904107638e-03 -1.048693910786692267e-02 1.098241861741973587e-02 1.588203853858038625e-02 1.803032330797504912e-02 2.977161259021173303e-03 1.238517499386434725e-02 6.689886179922194254e-03 -7.885408560992714089e-03 -4.100734644648198514e-03 -5.021677842102514021e-03 1.563721716423068647e-02 1.920100959601334784e-02 9.413152334023847795e-03 1.287027905209310423e-02 2.569856278952212941e-02 1.623765219161012359e-03 1.242230268281357616e-03 1.892680413593963995e-02 2.568677836005635925e-03 1.563339239909584608e-02 -2.392498531445403644e-04 1.733923858240762200e-02 3.068339893588055423e-02 2.452106848335679212e-02 1.224665628087593348e-02 -7.983328312776451913e-03 2.196907305583372522e-03 -1.409277021239534189e-02 -1.846895536030948234e-02 2.879716423682537017e-03 -4.355742800884538496e-03 -6.361030777209935455e-03 1.649155705790393556e-02 2.504947726972608230e-02 2.841751132808670310e-02 4.762585546193203595e-02 3.212457439675743542e-02 4.580509234576474881e-02 2.735762536786109922e-02 3.091432082648112520e-02 1.024864505095327005e-02 2.227406220887338806e-02 -9.084467849176248999e-03 9.966096891264264132e-05 1.141515963236103097e-02 -3.920737228316827777e-03 3.580089504721262889e-03 -1.707969124611732653e-04 -1.211514774140533919e-03 2.473605698667101418e-03 6.287167129429786956e-03 6.672286304757284875e-03 9.091726365681407308e-04 4.909601820805044141e-03 -7.551373158177569246e-03 1.321778020369802735e-02 4.667856744972244225e-03 -2.549565730354580364e-03 -8.827534142457363342e-03 -1.173157198283423022e-04 7.736199252514928265e-03 1.406148989857825991e-03 2.120173641544581718e-03 1.322393249852527562e-02 8.796911626889942007e-03 4.009584316569681992e-03 2.836663510578818926e-04 6.538404286016315931e-03 -1.212354020285702277e-03 6.849525587989560224e-03 4.921499084856762428e-03 1.022766599678381384e-02 1.740509975613820787e-02 1.400585285633022641e-02
7.866420642699778476e-02 1.000000000000000000e+00 7.133069990700492691e-02 7.121991596515389600e-02 3.495861267072263023e-02 8.667855040760635843e-02 1.361650226681795639e-01 9.082913664034031331e-02 1.559327316413766651e-01 1.746867781008838161e-01 1.330572895467155292e-01 1.589447492220605607e-01 1.317189750804307058e-01 1.623154788169632046e-01 1.460688371097370875e-01 1.405149401410160370e-01 1.360016975763266855e-01 8.202796545534982164e-02 1.031479761333985029e-01 6.528894917220912086e-02 3.974604451381665016e-02 6.348298786043203579e-02 1.291490075722055431e-01 7.902363578662670307e-02 8.522439532635170401e-02 1.620974422220085032e-01 1.718949616765042265e-01 1.878120020783171640e-01 2.069948257326509056e-01 1.973279273350972973e-01 1.949610187010725471e-01 1.428472997688998714e-01 1.639200250336410591e-01 1.396871001735431606e-01 1.546954731406919581e-01 1.481685709249614680e-01 1.692025467443479259e-01 1.583601982809357822e-01 1.653836857523887371e-01 1.469244181948727024e-01 1.605717598917952293e-01 1.616006157422429368e-01 1.306116123387407735e-01 1.529681297840579934e-01 1.544762287579500015e-01 1.672544492838182184e-01 1.605607747515652439e-01 1.610801566054403389e-01 1.525423275554887992e-01 1.344326937463944383e-01 1.460657927148551194e-01 1.027325108004776694e-01 1.496637896173396154e-01 1.682753502579045490e-01 1.659199496802470364e-01 1.605631916318299990e-01 1.500747971323184160e-01 1.530309980900897981e-01 1.645867209727829850e-01 1.560917262832604568e-01 1.495462548922088519e-01 1.564055798811568587e-01 1.509489702237519493e-01 1.509711909382755179e-01 1.504747453313913241e-01 1.578932234463057416e-01 1.569454078306057321e-01 1.468398592391580992e-01 1.517821795466465506e-01 1.318931911675832735e-01 1.237220881978519232e-01 1.425246637912900294e-01 1.339989529742370289e-01 1.329019775931405967e-01 1.587851262405797492e-01 1.673531746218769600e-01 1.726864656855626456e-01 1.875183163300892797e-01 1.727230854861532827e-01 1.820412048414043471e-01 1.685565163484699092e-01 1.736439069329282214e-01 1.471048869032834383e-01 1.681456072348905262e-01 1.456742084846455454e-01 1.474782702012520930e-01 1.598217122868634543e-01 1.570599707685633450e-01 1.596794871335875665e-01 1.534033146910490919e-01 1.506940089326104792e-01 1.563600561499038644e-01 1.564885940774226047e-01 1.621593349106883186e-01 1.589939120796643457e-01 1.585830955077720816e-01 1.441565201229094428e-01 1.526985130213326103e-01 1.578070400271530394e-01 1.494388751312290819e-01 1.432627076105092712e-01 1.539982048518585833e-01 1.549995532169505530e-01 1.509675334339190544e-01 1.468976428468252993e-01 1.593303223044468531e-01 1.609818321338566116e-01 1.614724264642112272e-01 1.596073266832975790e-01 1.597579795132405556e-01 1.566158704094713638e-01 1.613638114723716654e-01 1.594887365004870605e-01 1.586522306434028085e-01 1.553999526654115948e-01 1.579139715868479177e-01
6.430460454241754276e-02 7.133069990700492691e-02 1.000000000000000000e+00 3.048692997207975153e-01 1.649906502608873560e-01 2.343236606872235173e-01 3.233642631133512024e-01 2.868781917103851997e-01 3.231683560696235191e-01 2.837446689876089168e-01 3.315797427612284798e-01 3.357704187932964435e-01 2.872364165657204094e-01 3.084039555692276724e-01 3.363803715397749583e-01 3.160046525449021759e-01 3.005735744203776316e-01 2.971340017836519021e-01 3.151694840093555716e-01 2.713197121260501610e-01 2.757650594060623295e-01 3.248518428117379009e-01 3.373052228086816928e-01 2.903454006353584083e-01 3.002972899193277478e-01 3.372261391079805493e-01 3.447238187228287565e-01 3.353049519078899476e-01 3.329891311532073850e-01 3.428673160730181246e-01 3.415039118835212495e-01 3.477873385304224296e-01 3.305455418405749413e-01 3.397472000755821231e-01 3.376456793257152089e-01 3.435142191849298587e-01 3.345675668508811818e-01 3.400751918689780551e-01 3.418195546521163308e-01 3.415024922497691406e-01 3.356443073619262418e-01 3.390227232198974594e-01 3.206253888522617168e-01 3.399614214010792113e-01 3.422929355051542166e-01 3.383241644976717755e-01 3.313311725488634618e-01 3.330804677028499916e-01 3.307032816328279168e-01 3.412707459767944096e-01 3.365135956179613475e-01 3.239253276293765360e-01 3.346539594970692200e-01 3.304918939004402034e-01 3.351980885061456861e-01 3.390243543084696665e-01 3.447097790401861817e-01 3.327436820957233032e-01 3.388132537017722878e-01 3.335855847239191929e-01 3.303724581337681432e-01 3.340951061975621084e-01 3.340800027063657862e-01 3.374755278012807613e-01 3.329740888378155961e-01 3.403200480051115639e-01 3.333670297704866003e-01 3.363071834768815993e-01 3.360561241362366447e-01 3.336754948746116778e-01 3.365546887757311367e-01 3.385064531079013395e-01 3.335945036277442877e-01 3.291316445760085196e-01 3.393469677271507279e-01 3.382815760090028823e-01 3.392500362398437330e-01 3.355808782699865045e-01 3.356197191189960183e-01 3.377058640367706643e-01 3.365961437701378567e-01 3.391326332720436820e-01 3.435074474281384349e-01 3.369897172678186781e-01 3.368496782720162841e-01 3.356716137561390201e-01 3.393609518459870800e-01 3.401907360965023552e-01 3.320749927352762421e-01 3.355026009876543869e-01 3.360997124786634926e-01 3.323163894562691789e-01 3.362707258982901570e-01 3.335604809744415755e-01 3.264392990246269832e-01 3.303051821170079339e-01 3.343183252374642978e-01 3.416695661264441131e-01 3.360968386125749441e-01 3.378571777588234015e-01 3.283792734203545560e-01 3.369209514999813027e-01 3.283540468129877987e-01 3.331495276177283138e-01 3.377218923728912414e-01 3.425115253953175398e-01 3.344324287750058966e-01 3.275974909371727750e-01 3.302627205319524917e-01 3.366124750565684942e-01 3.344784829957133665e-01 3.315866562270218809e-01 3.328586828693379518e-01 3.335628371943367143e-01 3.380825730355164760e-01 3.370027888968637475e-01
6.166928466075567716e-02 7.121991596515389600e-02 3.048692997207975153e-01 1.000000000000000000e+00 2.868634852561185444e-01 3.566955062606279592e-01 5.724655038063023449e-01 5.268058351065082467e-01 5.594526103421056940e-01 5.172622149594258145e-01 5.821675869512170642e-01 6.279880146920199246e-01 5.488930649455968647e-01 5.454640702577666644e-01 6.195340648729509292e-01 5.858611860245389602e-01 5.628089488663591267e-01 5.541149068763968621e-01 5.885367105437770974e-01 5.187557735987093910e-01 5.403698341453048171e-01 6.060835296916500248e-01 6.052667860508227360e-01 5.671864312430633381e-01 5.697018535280566898e-01 6.223764935079880711e-01 6.097286255473749472e-01 6.032175882619865703e-01 5.748653591354545567e-01 5.972978286670456161e-01 6.047752030105931764e-01 6.305898651828980572e-01 6.025275074501600381e-01 6.179062400575039415e-01 6.170878042982166356e-01 6.102074386622959867e-01 6.040041031914608061e-01 6.134650025234080761e-01 6.117405468808955193e-01 6.160328902315017618e-01 6.132615626704184253e-01 6.187917134560682042e-01 6.174949128457128955e-01 6.221927895360477301e-01 6.206511673304071497e-01 6.131875136023867690e-01 6.032466291169892303e-01 6.013416254449908127e-01 6.009531382980043412e-01 6.149888191305044050e-01 6.120627370563566094e-01 6.089391169114749536e-01 6.145871644574197878e-01 6.007889934098274987e-01 6.007798887609712146e-01 6.160092985512412023e-01 6.028013219249174215e-01 6.075257471247146324e-01 6.043480330026513858e-01 6.042945094862328670e-01 6.071144443666510737e-01 6.030824847250395582e-01 6.007351334328027148e-01 6.047303326019453085e-01 6.102965292537031461e-01 6.051767265294948350e-01 6.055761690224482630e-01 6.121575564232273337e-01 6.169742567309610681e-01 6.219126415239619732e-01 6.219099036600227448e-01 6.159583538411541603e-01 6.116697960089521047e-01 6.097520802857392397e-01 6.167220013588218253e-01 6.104539863768856378e-01 6.117483270936934225e-01 5.993076030801748333e-01 6.082803048234909360e-01 5.977997155505202498e-01 6.090626970489242398e-01 6.069662426291863033e-01 6.220403854869812621e-01 6.051704458701935296e-01 6.157642109533163488e-01 6.146163700296948251e-01 6.128739809632810509e-01 6.151825457727347901e-01 6.076230111620125607e-01 6.121657314355559709e-01 6.175363005066443201e-01 6.099411094617381845e-01 6.120583173873074267e-01 6.086290316514286758e-01 6.007567239290503291e-01 5.998237444228080584e-01 6.061236747060595453e-01 6.077941572892340272e-01 6.065420670849710483e-01 6.146708682265100698e-01 6.102174020188390058e-01 6.091958559323294997e-01 6.071576658543639260e-01 6.097849371651025141e-01 6.182093912584208928e-01 6.050753585379622379e-01 6.037713557542646603e-01 6.002595426880107388e-01 6.039207320192975237e-01 6.068639829246864625e-01 6.061452681396840569e-01 6.036055286561674560e-01 6.032499982470582722e-01 6.055529685883898061e-01 6.091669555100839295e-01 6.083528077433837389e-01
-1.711772103451403640e-02 3.495861267072263023e-02 1.649906502608873560e-01 2.868634852561185444e-01 1.000000000000000000e+00 2.900921931781892393e-01 4.283604965816798504e-01 4.277408524679679469e-01 3.844825689445020567e-01 3.775255150341551014e-01 3.972489174248462485e-01 4.373453474663605012e-01 4.292907463963638315e-01 3.994913555057166277e-01 4.593230210554838377e-01 4.616541593933355947e-01 3.916243216137134109e-01 4.004777144143642498e-01 4.060613012308146863e-01 3.718449222538893206e-01 3.861572280227547060e-01 4.123277452500127560e-01 3.896112015194211353e-01 3.791821116282012571e-01 3.942276612024014359e-01 4.306021511133226731e-01 4.110098838625787510e-01 4.066409394871048910e-01 3.728133397188350129e-01 3.969754413878058275e-01 4.055077003303070859e-01 4.533931094869907974e-01 4.108985632930876042e-01 4.346333881947986866e-01 4.396849567251833180e-01 4.311344717518480474e-01 4.182744017395930158e-01 4.454317613695805700e-01 4.456629416949219324e-01 4.232681232014056105e-01 4.421059031689588692e-01 4.461971430535959793e-01 4.589425176963684017e-01 4.561163365698975847e-01 4.470192849245361866e-01 4.438638736686859598e-01 4.552418892171444242e-01 4.528575575749574367e-01 4.527051108354115949e-01 4.457924027450427817e-01 4.516996127762338831e-01 4.453034877662166435e-01 4.499456124652367883e-01 4.513116931840252533e-01 4.441183056068518376e-01 4.489761727623882148e-01 4.382305888967397700e-01 4.577865809438153577e-01 4.429336662148414816e-01 4.588837810100578896e-01 4.566595817415141645e-01 4.542158614606354727e-01 4.548061422152049338e-01 4.579391164778746637e-01 4.583392541682738131e-01 4.564735506067278958e-01 4.599878495067911133e-01 4.594112693933694036e-01 4.613852877205044112e-01 4.646159654918929904e-01 4.614346717483157612e-01 4.568091589261188412e-01 4.537464207003568117e-01 4.479510950170800809e-01 4.575847042063732606e-01 4.470636575879162744e-01 4.439313075172506284e-01 4.296359210714255639e-01 4.351785617424966945e-01 4.333278064378563443e-01 4.487025598965970752e-01 4.434728028946455236e-01 4.587963626766200509e-01 4.494018117713287630e-01 4.617964818637143587e-01 4.589030078263933166e-01 4.519198622285643951e-01 4.599842933686459356e-01 4.564902352053757384e-01 4.582873459706744979e-01 4.552808027851987793e-01 4.562789207663148217e-01 4.573857935428983779e-01 4.549706043935873301e-01 4.606622693871976759e-01 4.593954553055035195e-01 4.523570526616786935e-01 4.570772590872561603e-01 4.579960417749300849e-01 4.628155679843888870e-01 4.611104306389653962e-01 4.577505191735551371e-01 4.645749072713450945e-01 4.599102564494543244e-01 4.620745669779642295e-01 4.518449916204652084e-01 4.589685678010425596e-01 4.587956964648746694e-01 4.578886438737873044e-01 4.601200547658508277e-01 4.586959329250503981e-01 4.619481913506068294e-01 4.605818223095357600e-01 4.640477143485963185e-01 4.617373863092646968e-01 4.627264045979239682e-01
-1.341266668418643684e-02 8.667855040760635843e-02 2.343236606872235173e-01 3.566955062606279592e-01 2.900921931781892393e-01 1.000000000000000000e+00 5.213420986697027137e-01 4.770864024829777339e-01 5.211936923036230018e-01 4.865578166146785066e-01 5.127153132051759377e-01 5.710053906247601896e-01 5.332677613742513589e-01 5.399091067518245746e-01 5.939416531401954247e-01 5.659199912106483987e-01 5.287546528245312683e-01 5.180653407374187225e-01 5.394863821113132785e-01 4.339342197651577249e-01 4.512974540683084013e-01 5.350036097721526662e-01 5.306254686891572758e-01 5.094748223496670114e-01 5.312170113724689058e-01 5.684137049600757052e-01 5.558181320307848949e-01 5.465303660974494271e-01 5.352370859654876911e-01 5.480806307534418220e-01 5.625912530658722099e-01 5.935610375667742522e-01 5.466922197945989215e-01 5.822003445082800654e-01 5.697082362127851018e-01 5.723770407508274038e-01 5.687815420646338271e-01 5.971876763535725052e-01 5.899958693186071468e-01 5.824015921676071184e-01 5.956674150233753906e-01 5.891486830396033270e-01 5.893361731567098305e-01 5.966405723107260917e-01 5.902341413250464797e-01 5.897838593884752179e-01 5.975267646680082478e-01 5.945757961191466823e-01 5.991394121795267091e-01 5.898184294443302722e-01 5.987087266450314971e-01 5.741557998691578790e-01 5.914946109853080891e-01 5.923465294715238860e-01 5.906350571663796512e-01 5.943097547652289592e-01 5.813416705483323010e-01 5.976381074530426885e-01 5.952256329894962672e-01 5.963818259027087176e-01 5.983067799542512999e-01 5.943835603536311574e-01 5.958454486756346036e-01 5.935056538551792826e-01 5.891185569367141106e-01 5.896696448307414684e-01 6.020969021659174913e-01 5.996163884567903279e-01 6.037361345823789582e-01 5.910191271433505866e-01 6.000089961358333612e-01 5.998643267497247855e-01 5.954380650238240147e-01 5.923711823749040484e-01 5.983823335431749380e-01 5.947067833124923819e-01 5.918993605706062144e-01 5.837332609196398403e-01 5.842624807779907004e-01 5.859307489377112432e-01 5.943736816474376461e-01 5.930927301929925788e-01 5.991419367925373551e-01 5.933434026309015730e-01 5.994552614977091132e-01 6.016345925123559590e-01 5.964075433532952664e-01 6.039476291477481329e-01 6.006486882524707527e-01 6.012429933041928409e-01 6.013028872247386802e-01 6.014953997127797658e-01 5.989367282235856793e-01 5.992742030450791679e-01 6.017715602324489321e-01 6.001294684958398129e-01 5.986198332914379749e-01 5.954301258277477915e-01 6.007634880344342454e-01 6.042045108678516518e-01 6.010726207895205064e-01 6.006449478665790709e-01 5.985271729646454153e-01 6.015775559984503085e-01 5.997369128821130602e-01 5.883109863062716549e-01 6.009401142181847177e-01 6.009681078501147855e-01 6.010117577615924356e-01 6.024918710889936024e-01 6.031884490029395529e-01 5.996380632721161064e-01 5.978142054030767261e-01 5.994637696098423785e-01 5.967036002308054865e-01 5.968263608995181269e-01
1.232163806542628526e-02 1.361650226681795639e-01 3.233642631133512024e-01 5.724655038063023449e-01 4.283604965816798504e-01 5.213420986697027137e-01 1.000000000000000000e+00 7.061727671368998038e-01 7.327931496980137904e-01 7.017915672923268344e-01 7.406094770188248466e-01 8.015650620023390127e-01 7.504566267515211386e-01 7.371337706493377162e-01 8.396303266716176328e-01 8.025080474167923805e-01 7.385018310705344646e-01 7.496731767346250797e-01 7.648833941236580225e-01 6.682610325851476851e-01 6.884051197906283504e-01 7.724219730029815434e-01 7.584609806899330620e-01 7.178501887183381669e-01 7.296781972835195695e-01 8.100266601875166783e-01 7.841977891776227283e-01 7.918097201002913810e-01 7.463911969837336846e-01 7.683968397265628081e-01 7.892272354535703194e-01 8.183315488640086066e-01 7.664093694360298858e-01 8.009924680636147931e-01 7.910416356603198196e-01 7.987133818355586223e-01 7.894532429641418769e-01 8.201701628726980609e-01 8.176009430994459759e-01 8.031379590655568501e-01 8.171870184072607124e-01 8.191428144511182508e-01 8.117880178445348038e-01 8.280563382037887665e-01 8.185261754021829761e-01 8.172464664772783882e-01 8.232109417757882408e-01 8.248952327613614521e-01 8.225968237259474458e-01 8.045634723360920448e-01 8.210412108835680733e-01 7.791532744432095869e-01 8.187531774750729241e-01 8.212782901972466298e-01 8.172309463415275976e-01 8.256570804473321035e-01 8.185673223734388770e-01 8.217520351313332139e-01 8.246915490725680309e-01 8.291242604152428974e-01 8.259769774324955405e-01 8.262662029151375265e-01 8.244114580489881883e-01 8.233023104779944035e-01 8.231754749737252297e-01 8.260226510561426982e-01 8.284879679725538626e-01 8.310458131984663765e-01 8.288414354567414932e-01 8.339861719079881830e-01 8.344703008747086370e-01 8.295539737402768399e-01 8.197341666113409087e-01 8.141661940599668190e-01 8.330764700387771615e-01 8.219751151698234670e-01 8.203817186976661846e-01 8.032663605907163218e-01 8.172294197214545752e-01 8.105106826132464359e-01 8.185136031719715266e-01 8.176328423339327411e-01 8.353969709367526919e-01 8.163839192363940844e-01 8.261108449576353152e-01 8.252642543538131203e-01 8.231340103835730337e-01 8.330575395110221271e-01 8.248865459650266407e-01 8.310713892540728676e-01 8.297584566353540803e-01 8.275252017810962313e-01 8.270716237932181913e-01 8.250615224929648273e-01 8.255893606277140417e-01 8.254124084244213178e-01 8.244012071736375180e-01 8.271574478055947477e-01 8.306866508219561407e-01 8.318565946356489826e-01 8.264202667804249058e-01 8.333349098512524700e-01 8.225708342905750925e-01 8.295314356642936593e-01 8.275127752106423706e-01 8.324668537076913566e-01 8.281340024876255868e-01 8.229287397759518230e-01 8.251286810079864198e-01 8.294409583469432024e-01 8.288590285396074675e-01 8.292670356611261395e-01 8.313017445248898074e-01 8.329701949411133510e-01 8.289689707421065146e-01 8.294642383276776831e-01
3.304024895536783208e-03 9.082913664034031331e-02 2.868781917103851997e-01 5.268058351065082467e-01 4.277408524679679469e-01 4.770864024829777339e-01 7.061727671368998038e-01 1.000000000000000000e+00 6.839761559905831456e-01 6.637579080302453693e-01 7.003575415621452471e-01 7.613493606736376762e-01 7.104095682955035018e-01 6.947365364290810641e-01 7.787274263240580030e-01 7.726942893264457934e-01 7.011117954045716916e-01 7.167961972562644224e-01 7.246982564540047633e-01 6.433241629694252950e-01 6.678884721321166618e-01 7.373775633150015940e-01 7.200312142948045446e-01 6.904666264325051150e-01 7.059438166331433173e-01 7.611181599667985465e-01 7.358393719446287840e-01 7.339284907008575276e-01 6.875691422556017285e-01 7.128935229481616620e-01 7.348138086898710064e-01 7.872778336307255653e-01 7.181651622456596273e-01 7.628509119282714801e-01 7.522391477369739787e-01 7.555109779434286965e-01 7.410308712214064286e-01 7.759461578300481666e-01 7.702740266018818227e-01 7.624817906596439432e-01 7.689304508699493779e-01 7.769792987682291319e-01 7.786148049847401165e-01 7.849687697614099458e-01 7.745064010499823626e-01 7.678427982877539248e-01 7.759232749618660829e-01 7.753773120602718283e-01 7.786386924357127093e-01 7.674906437679700488e-01 7.824337969116478275e-01 7.535477151210832059e-01 7.733384657231447967e-01 7.690949545207016458e-01 7.663564434523831848e-01 7.791281511204974919e-01 7.671935459021945736e-01 7.804665156784035274e-01 7.752101919519688300e-01 7.798607506826313873e-01 7.820547829951358665e-01 7.776634524317408426e-01 7.790151310916370031e-01 7.817069645459943095e-01 7.750792312802868844e-01 7.767464849281076056e-01 7.803660056391044098e-01 7.887014336108235657e-01 7.882158130639883575e-01 7.961278361761690014e-01 7.948133437434832249e-01 7.853673934186060634e-01 7.814762478198136186e-01 7.756174818572667551e-01 7.855753575490868057e-01 7.730404998725858290e-01 7.712228370479754513e-01 7.537167130651128977e-01 7.659358591131799621e-01 7.576551252196237485e-01 7.741710399286246824e-01 7.693337891044621513e-01 7.893653613831919102e-01 7.704819123558612759e-01 7.851663714289854878e-01 7.820896373051037243e-01 7.774915481211449597e-01 7.874396768202244212e-01 7.796507987249019500e-01 7.870059970046799913e-01 7.835878087436299877e-01 7.815010589190234391e-01 7.825634965613107452e-01 7.789783911740001399e-01 7.804721717279619053e-01 7.793485995880715667e-01 7.833670244419126405e-01 7.809235167970673963e-01 7.830480286006282764e-01 7.874718164121118358e-01 7.868361359545088529e-01 7.868554188503220637e-01 7.772240661869682654e-01 7.859860879268139033e-01 7.850827969867275602e-01 7.801664789412959822e-01 7.804572345120476262e-01 7.761692180157122589e-01 7.807500390813463254e-01 7.815146655160912781e-01 7.852424380020006645e-01 7.810094721387379479e-01 7.814553739800113030e-01 7.838558089058591527e-01 7.826644829530354786e-01 7.802185285644390733e-01
9.168554462179871745e-02 1.559327316413766651e-01 3.231683560696235191e-01 5.594526103421056940e-01 3.844825689445020567e-01 5.211936923036230018e-01 7.327931496980137904e-01 6.839761559905831456e-01 1.000000000000000000e+00 7.312113797834550732e-01 7.717161031226396073e-01 8.183058824011024690e-01 7.646080213878161391e-01 7.541453329218045232e-01 8.384771252341215453e-01 8.184841641625281161e-01 7.931670311365521808e-01 7.225494774419435329e-01 7.601224264957426868e-01 6.226875783083510862e-01 6.195090342074091039e-01 7.592247206573718987e-01 7.897011321865167188e-01 7.230249466307705486e-01 7.495500996365110913e-01 8.373212649957775255e-01 8.274359484380753305e-01 8.213570661579275844e-01 8.059222082960389999e-01 8.278536688180014869e-01 8.456952654057852126e-01 8.418217655664085308e-01 7.931165143392420180e-01 8.358740263897411760e-01 8.239159266070370524e-01 8.265715327798184298e-01 8.417311859557305986e-01 8.319562150594741468e-01 8.530691011628536158e-01 8.071041724991356858e-01 8.535162959133129057e-01 8.412199992160961370e-01 8.314968759106251550e-01 8.518232459433272563e-01 8.486050303235562753e-01 8.483064604990039337e-01 8.570354612504703651e-01 8.623086655317466764e-01 8.542180607362727107e-01 8.240624874673548872e-01 8.432316509419434114e-01 8.039910544510269208e-01 8.449000442161024305e-01 8.559863893484391806e-01 8.461089004724861029e-01 8.539933087820599233e-01 8.455484319244958025e-01 8.520842248964026755e-01 8.462911571485447482e-01 8.621286012153870359e-01 8.558329412706880968e-01 8.578991523284686949e-01 8.504038014395989276e-01 8.602345795586824329e-01 8.619212771542933416e-01 8.579347482358581356e-01 8.596158299598050112e-01 8.532159073508657210e-01 8.586785245853734150e-01 8.436871027434431625e-01 8.472098665841348852e-01 8.561175525244091311e-01 8.481494844897985441e-01 8.405767924462824725e-01 8.606549211331361304e-01 8.579143527868294816e-01 8.563949579167998705e-01 8.519022368683321078e-01 8.537056832606610968e-01 8.578765371476656520e-01 8.575582104858308075e-01 8.599349220359577828e-01 8.638658670790755334e-01 8.529418742870223946e-01 8.487518922887506978e-01 8.571599713796360653e-01 8.579982204632421450e-01 8.552619361523241537e-01 8.571176947180526584e-01 8.533005853712969380e-01 8.532947977729060662e-01 8.570967354118544934e-01 8.570163090301314845e-01 8.563584281493071826e-01 8.571831274007700729e-01 8.592326008922080982e-01 8.406456183378173685e-01 8.520038591140445261e-01 8.556707472356457345e-01 8.543505428887901987e-01 8.508795676903058158e-01 8.543890750549876234e-01 8.559354568365477034e-01 8.575929066771615927e-01 8.550996370243448830e-01 8.522425750843398706e-01 8.599406697252904852e-01 8.563947815034806954e-01 8.543280866620504010e-01 8.602433514976197682e-01 8.553805412230206517e-01 8.614709047181460244e-01 8.579475188230094584e-01 8.619004556259087790e-01 8.661827524157074132e-01 8.592771571802088060e-01
1.714328603309636656e-02 1.746867781008838161e-01 2.837446689876089168e-01 5.172622149594258145e-01 3.775255150341551014e-01 4.865578166146785066e-01 7.017915672923268344e-01 6.637579080302453693e-01 7.312113797834550732e-01 1.000000000000000000e+00 7.181574338312610717e-01 7.862109134223481677e-01 7.346711330666828577e-01 7.344273157936290763e-01 8.158200092698080219e-01 7.955609762677948726e-01 7.366297646059464244e-01 6.628429748529176546e-01 7.129912545763209542e-01 5.674923462875466340e-01 5.500190101408763965e-01 6.952491758459968807e-01 7.398607768699470011e-01 6.581202084853562395e-01 6.913114068062210515e-01 8.114869269720481615e-01 7.954088385008274420e-01 8.039526840573146815e-01 7.849847376596225113e-01 8.109726791137943369e-01 8.230694326117600212e-01 8.044974319954861786e-01 7.889750277969685976e-01 7.984842936767861943e-01 8.111871494970019913e-01 8.053935586050233741e-01 8.168463827612615358e-01 8.085373986978720007e-01 8.339135804861513845e-01 7.856806234470142813e-01 8.235916706365100648e-01 8.242680659674349597e-01 8.047212070553755314e-01 8.239733316256757645e-01 8.233998204419474831e-01 8.260416686182899815e-01 8.321945491698478081e-01 8.369258082181573188e-01 8.306699881415448017e-01 7.868461988039004984e-01 8.117880281627661843e-01 7.652605984411553486e-01 8.144413326389540186e-01 8.326344626336839028e-01 8.239612792349028103e-01 8.306300156364118115e-01 8.061519722968134571e-01 8.275291195435341418e-01 8.227760857917388870e-01 8.319698841443897708e-01 8.264902047390096929e-01 8.287582306638994201e-01 8.204680287650640835e-01 8.229098838420745299e-01 8.220813499347244813e-01 8.254640152486728555e-01 8.330673020878721635e-01 8.194996938239715867e-01 8.304228618376804372e-01 8.071655491541266381e-01 8.042876092828966650e-01 8.202468913742825274e-01 8.108892307559512069e-01 8.044153696183111713e-01 8.342774223739926054e-01 8.337861708941297634e-01 8.341389987155535257e-01 8.311836427708633179e-01 8.296630535543123575e-01 8.350855826810668070e-01 8.346250551039193777e-01 8.367440371482430805e-01 8.306210161331027964e-01 8.372425798437889144e-01 8.252008842654632303e-01 8.278113261128383638e-01 8.339529035077105634e-01 8.323945104593734046e-01 8.355131169440096484e-01 8.305044983813670845e-01 8.296485340225344673e-01 8.326753871544851915e-01 8.328253375494570898e-01 8.349136762055008321e-01 8.345252441003714328e-01 8.350853015371381138e-01 8.101446057755079533e-01 8.120912163930633643e-01 8.284464420164817655e-01 8.286362830205745711e-01 8.247872111891506597e-01 8.249735885818436643e-01 8.279565498201966189e-01 8.283811312810940297e-01 8.256605075900339541e-01 8.220392965985777733e-01 8.331095594194363185e-01 8.349289845343024208e-01 8.317558073009153619e-01 8.334104601365668330e-01 8.303794662314415431e-01 8.342277057167293286e-01 8.329497602374562604e-01 8.321548655428495644e-01 8.292519698729257094e-01 8.321279218078961870e-01
4.636432900535805701e-02 1.330572895467155292e-01 3.315797427612284798e-01 5.821675869512170642e-01 3.972489174248462485e-01 5.127153132051759377e-01 7.406094770188248466e-01 7.003575415621452471e-01 7.717161031226396073e-01 7.181574338312610717e-01 1.000000000000000000e+00 8.390304107635231379e-01 7.646063730545282766e-01 7.511465367096930024e-01 8.453208198479332802e-01 8.175989570036257259e-01 7.738326819840760651e-01 7.416726360900566251e-01 7.808908473935586292e-01 6.374313967130109670e-01 6.466017646245788564e-01 7.692211560490544997e-01 7.820111953111509306e-01 7.329626095916437212e-01 7.542710080800653083e-01 8.326126421261816901e-01 8.275169178351158283e-01 8.157386503024149915e-01 7.985034688812017167e-01 8.271779324749489737e-01 8.409841919349673178e-01 8.467951220974125892e-01 8.021739453896032934e-01 8.379755601112128804e-01 8.328190425591641688e-01 8.302249268229076051e-01 8.353005625025462511e-01 8.436395031923502597e-01 8.518809670254736677e-01 8.221883686802927693e-01 8.508820779821814062e-01 8.484986454504948039e-01 8.392774730552547968e-01 8.559239772838116433e-01 8.557874427382933247e-01 8.508968189704865237e-01 8.573304487485680081e-01 8.582736874837029184e-01 8.553187727147930630e-01 8.336202308740072731e-01 8.528237949186081579e-01 8.142840182336484878e-01 8.496305628612592642e-01 8.575064834200998298e-01 8.556917443258074130e-01 8.562968435560776026e-01 8.511545730128491360e-01 8.549742352409774870e-01 8.582472917959723668e-01 8.590778523214035456e-01 8.602555327239220784e-01 8.612585354046795594e-01 8.575809729120921210e-01 8.603539483327651283e-01 8.564821362252169612e-01 8.615212932225760900e-01 8.590230562487876087e-01 8.585279498774831541e-01 8.612912677270690986e-01 8.506170002087175552e-01 8.520696595409984475e-01 8.595593358582337418e-01 8.533253801636083713e-01 8.489871470345150550e-01 8.621344131205930239e-01 8.575963565869363370e-01 8.566569499977669810e-01 8.518353421568325423e-01 8.548097992437455606e-01 8.554887673274643722e-01 8.590708628952826720e-01 8.602295013503913346e-01 8.606089761067774457e-01 8.567820170180059369e-01 8.544907570665717378e-01 8.585567726632875596e-01 8.591631075294514641e-01 8.586741834558327957e-01 8.600678934166323675e-01 8.567869000938473922e-01 8.571318763005461028e-01 8.582547628246973703e-01 8.588052613213271735e-01 8.593523710701411744e-01 8.600447980302033946e-01 8.601083258963572176e-01 8.508955405144897899e-01 8.546083748356501086e-01 8.591217684493209772e-01 8.580770780660947894e-01 8.552641177074026269e-01 8.600769610893680417e-01 8.581236900855057081e-01 8.599451765465072617e-01 8.603723935710170245e-01 8.572389256443413430e-01 8.613173325314738005e-01 8.588334634687461167e-01 8.600438197371879090e-01 8.600175167002533927e-01 8.595895406611121503e-01 8.616251469262435903e-01 8.609927385229761976e-01 8.619825682935360334e-01 8.606106316465522710e-01 8.611768266276663697e-01
1.484036241133977405e-02 1.589447492220605607e-01 3.357704187932964435e-01 6.279880146920199246e-01 4.373453474663605012e-01 5.710053906247601896e-01 8.015650620023390127e-01 7.613493606736376762e-01 8.183058824011024690e-01 7.862109134223481677e-01 8.390304107635231379e-01 1.000000000000000000e+00 8.402710514438174183e-01 8.363619696378506996e-01 9.232838465779515946e-01 8.955370250101459817e-01 8.240046707966547368e-01 7.996885311614428948e-01 8.475951026542677402e-01 6.894913788793542997e-01 6.969677769663189526e-01 8.355096880290374672e-01 8.507702246835135984e-01 7.962420490065232892e-01 8.204815889566469123e-01 9.094292003807082914e-01 8.964234871227618751e-01 8.944327047560837185e-01 8.627438357634156230e-01 8.892049116082305638e-01 9.124415309757832881e-01 9.257805630749196268e-01 8.795118645821482506e-01 9.104297219508215022e-01 9.074637344447702425e-01 9.053376946252204016e-01 9.106175862696634926e-01 9.219726595774421218e-01 9.317008972516030996e-01 9.087172669521771384e-01 9.317094839156937480e-01 9.296153948092422681e-01 9.235283384260675188e-01 9.365758383438094192e-01 9.320676709286953576e-01 9.309787561704407910e-01 9.351779087001383939e-01 9.381101800845030869e-01 9.349241728867936363e-01 9.083513631105480934e-01 9.286715784425303433e-01 8.917628751003017218e-01 9.269143864725434279e-01 9.332145753098017860e-01 9.301715661142386793e-01 9.362973414588047216e-01 9.182548101597368673e-01 9.333471738073655377e-01 9.323808180161288206e-01 9.371120902514356032e-01 9.361293097312287648e-01 9.354446384437967721e-01 9.335572090005983537e-01 9.322980230225630383e-01 9.277843337038169658e-01 9.316746817264537350e-01 9.389930562615002030e-01 9.372459772820432855e-01 9.422556047019502445e-01 9.269799584867045583e-01 9.298099437763850394e-01 9.370785930727275614e-01 9.276193608947075342e-01 9.265230680681201259e-01 9.418663395284092577e-01 9.364495747267007619e-01 9.344934174324303067e-01 9.246319967587786071e-01 9.291220590396747081e-01 9.297380579354507235e-01 9.370299294969581805e-01 9.372664802465552336e-01 9.404836667688382112e-01 9.353679723355541320e-01 9.351003815409221209e-01 9.382191544089506507e-01 9.397321019014749366e-01 9.403992093736092128e-01 9.399883480406354685e-01 9.397254285700988863e-01 9.418830712594996601e-01 9.397289042633949485e-01 9.408218928493489175e-01 9.407767961921743582e-01 9.384272136334909087e-01 9.400972517552879104e-01 9.279140570570547641e-01 9.275200036526318748e-01 9.375912895309749251e-01 9.376254753226473948e-01 9.385778360536717324e-01 9.362018799628979426e-01 9.362969596051469168e-01 9.395447788773837461e-01 9.397273274233715057e-01 9.314155138996302874e-01 9.387478449528755542e-01 9.391914659134938947e-01 9.394348597921892141e-01 9.391200031458640796e-01 9.385016148945201087e-01 9.401568514190618009e-01 9.389937756287305426e-01 9.386992522072993284e-01 9.386975011974288963e-01 9.384408084859299226e-01
2.358669406374913971e-02 1.317189750804307058e-01 2.872364165657204094e-01 5.488930649455968647e-01 4.292907463963638315e-01 5.332677613742513589e-01 7.504566267515211386e-01 7.104095682955035018e-01 7.646080213878161391e-01 7.346711330666828577e-01 7.646063730545282766e-01 8.402710514438174183e-01 1.000000000000000000e+00 7.777088590952270231e-01 8.642340821971391529e-01 8.486600307941839505e-01 7.826095457917668918e-01 7.282505990256821216e-01 7.761786745252854391e-01 6.331608421861306679e-01 6.377755359203639562e-01 7.711977379777897879e-01 7.768475623511116313e-01 7.227117615876818002e-01 7.545906366201671212e-01 8.401344635454038867e-01 8.279921239132422839e-01 8.259820339463638250e-01 7.964193631725798861e-01 8.224140672454021139e-01 8.414415758540640944e-01 8.534670663253566270e-01 8.008207406111669258e-01 8.406588020471343903e-01 8.427610645618511809e-01 8.394965719235052415e-01 8.438215913848018390e-01 8.520674407695089103e-01 8.680938341369771605e-01 8.311232771325324231e-01 8.678739319564567900e-01 8.655535847742319433e-01 8.637319075171514537e-01 8.744231516659276560e-01 8.648321323392752502e-01 8.670940882046608289e-01 8.803912102624211755e-01 8.803581663834068038e-01 8.774348591960474675e-01 8.426243537223747637e-01 8.626990469357944669e-01 8.324137334037472469e-01 8.663026672008652396e-01 8.756211536059502754e-01 8.677270269157389970e-01 8.735057311884889542e-01 8.602154171261182647e-01 8.755960694154328872e-01 8.703065537313579014e-01 8.823537969987672591e-01 8.778726860874570548e-01 8.788957807821239365e-01 8.735210631644886314e-01 8.771134252108487850e-01 8.751650149058386452e-01 8.752346489904766491e-01 8.818604755674835927e-01 8.754672064022170908e-01 8.797166664824571658e-01 8.646658377875007240e-01 8.666916378224499562e-01 8.731229452567444982e-01 8.635804468824429536e-01 8.587290531660680681e-01 8.796107760701915579e-01 8.740138486972869325e-01 8.700335851617062577e-01 8.625785984976946930e-01 8.670557488004906332e-01 8.685395058900940990e-01 8.729766548519295455e-01 8.757802633953716276e-01 8.807572089902686585e-01 8.718896458005690464e-01 8.722045840484713430e-01 8.763823994604036383e-01 8.759920353831875950e-01 8.810690876813890293e-01 8.794375438499008046e-01 8.815449845632832293e-01 8.764674401538141701e-01 8.798830829646689944e-01 8.793726813665222464e-01 8.816455205695318265e-01 8.807056702986516550e-01 8.830913203873834716e-01 8.707633054402691419e-01 8.719681713019996616e-01 8.815233819631369538e-01 8.787749326304267194e-01 8.805431987920635528e-01 8.808996816918005512e-01 8.797273329549988308e-01 8.826338203833122842e-01 8.800881409754001128e-01 8.776595318092700326e-01 8.832079502259627679e-01 8.807231790245896308e-01 8.818647810933991638e-01 8.820132321344846815e-01 8.814583265634501341e-01 8.842406160097228129e-01 8.842311177998253280e-01 8.845038804721434555e-01 8.812807623969460824e-01 8.834432164932715104e-01
