1.000000000000000000e+00 6.705561357268478850e-02 5.942679761925765552e-02 7.407835521580420635e-02 2.583142399570217615e-02 1.270916061390486851e-02 4.308987667828326901e-02 5.207011879333758170e-02 1.653032704452412627e-01 3.827812800583635378e-02 4.646672563681429786e-03 2.552165957255479734e-02 1.489188663480009618e-02 3.530638341405831562e-03 1.504302261371965287e-02 2.449495465984269371e-02 7.366565035525902971e-02 6.358687437309057389e-02 5.638685124107302438e-02 -1.360247646153549608e-02 8.316279755340406921e-02 7.338264838258937162e-02 4.690029763181152722e-02 4.619747428708085440e-02 6.658314867707011697e-02 5.423655913529117079e-02 5.048276401903671606e-02 2.529573242874943659e-02 6.978912273915673092e-02 8.840635574832328425e-02 5.395822358680561759e-02 3.092549621396106785e-02 2.504453228170238840e-02 3.787992169384583885e-02 4.280521989601217270e-02 2.567304493930977830e-02 4.186509304789503422e-02 1.998071441730320252e-02 2.646675195073236453e-02 -2.357653223642774271e-02 7.763730823551381541e-03 2.990052762544514499e-03 -9.119106928342392629e-03 2.064544150752229204e-02 -1.425937207747575604e-03 7.768042622054721277e-03 6.580383697550496076e-03 1.293815326618257162e-02 5.163559349841949538e-03 4.243361838704812206e-02 1.760168263760727991e-02 2.424446335676619380e-02 1.835711299983740219e-02 1.268999512742248134e-02 1.653708775092774946e-03 4.207951248015816791e-03 1.476769585039001097e-02 5.318831636523768149e-03 -9.083155639655960886e-03 2.788187634740133328e-02 1.180394666828502720e-02 1.152478762176420944e-02 2.019536394443817180e-03 2.166655426674175128e-02 4.586801748570197568e-02 2.430282221750687532e-02 2.031067652815124122e-02 2.085158782966283625e-02 1.384821069017032683e-02 7.585847194831141400e-03 2.873119068173971002e-02 1.784186762715053373e-02 3.167125277964824895e-04 2.036341102215249652e-02 1.834699968361618375e-02 2.264128513744520510e-02 1.124342982611481467e-02 4.211948535884320333e-02 2.672500857266233223e-02 3.612144871078638159e-02 2.641057475318407330e-02 2.569286573526178077e-02 1.989181110320306645e-02 2.660870982223588130e-02 2.133395171391662751e-02 1.397326590031581182e-02 8.108608049159951939e-03 9.159695993308817827e-03 1.137840382017192738e-02 1.134776765367994690e-02 -3.148817665608862667e-03 3.478369440314875091e-03 1.076464299520078945e-02 4.399976041576871173e-03 -4.462849108235509925e-05 6.589398033818207566e-03 -3.242595408932931380e-03 3.119230827097255535e-02 3.405199406516736318e-03 9.866903137946900215e-03 -8.544680129459953852e-03 4.480076627253711148e-03 1.369132279643324457e-02 6.914196955372626553e-03 2.029201430262617817e-02 3.304237058426316535e-03 1.454206615857293015e-02 1.188502911800420718e-02 3.138237000381453000e-03 4.139572654651270042e-03 -5.789637305712771326e-03 8.946714571661382870e-03 4.755620522466720394e-03 1.403682911096686657e-02 2.639100198076367587e-02 1.817936867701469908e-02
6.705561357268478850e-02 1.000000000000000000e+00 6.118119150952559815e-02 7.571937197159527011e-02 4.620411658431624463e-02 9.643132286404572373e-02 1.525338647859462715e-01 1.138719569074558152e-01 1.647630255838706814e-01 2.176834876840969824e-01 1.428334025799009033e-01 1.344833522495807732e-01 1.295817931742268558e-01 1.623405720798259677e-01 1.625051581278435242e-01 1.430275746945066095e-01 1.280815909335384084e-01 1.584946778101684606e-01 1.736037164840588676e-01 9.588686384545640207e-02 7.152252754400784118e-02 1.478717949668993947e-01 1.924012662760350989e-01 1.553433948493668504e-01 1.810490304234397829e-01 1.781244452611700224e-01 1.722083319118102585e-01 1.944634379320363815e-01 1.965351290804824569e-01 2.058995553159751468e-01 1.938748631884500695e-01 1.587998233307620632e-01 1.559250165674496702e-01 1.438286081110353720e-01 1.785819656695422086e-01 1.494855293827663245e-01 1.811425199618313664e-01 1.457012147810665126e-01 1.683022356479011994e-01 1.573248475598793827e-01 1.679575566873432735e-01 1.652588344164550860e-01 1.625777322078004183e-01 1.510413997678866915e-01 1.650219518776797623e-01 1.772641009626769459e-01 1.563501732695114221e-01 1.688963074797965036e-01 1.480180633333594564e-01 1.148388621097815865e-01 1.264412009801098580e-01 1.250947840514334830e-01 1.458344755990660102e-01 1.685939559983770375e-01 1.654886238153791267e-01 1.729189568887969097e-01 1.373191408988014006e-01 1.622789162912343097e-01 1.540883183390456546e-01 1.615778548679916715e-01 1.453452946918090127e-01 1.474526953804185525e-01 1.365835097195703396e-01 1.440878893805349614e-01 1.320526426611649262e-01 1.559219570740836280e-01 1.618969358695400984e-01 1.640260426303081498e-01 1.652967238950640849e-01 1.429689331182129874e-01 1.502736174982461093e-01 1.708720120158477573e-01 1.611268042711693771e-01 1.697769842703157617e-01 1.683141829968249625e-01 1.760164244001689582e-01 1.770593635046897318e-01 1.792638100460413608e-01 1.809398434317907589e-01 1.831494347216790497e-01 1.784821111463463228e-01 1.711541564645364666e-01 1.684638089355445512e-01 1.714396558163025219e-01 1.464643634048680698e-01 1.549079169005878609e-01 1.658749579665127205e-01 1.569221088379356699e-01 1.637676646316096885e-01 1.719839602796693345e-01 1.584141007043755323e-01 1.616337124798636060e-01 1.616456579358518941e-01 1.660948309143433221e-01 1.583444244089876052e-01 1.630694375111690353e-01 1.468505610571093078e-01 1.376803550651255481e-01 1.485054061265168868e-01 1.482570688085005639e-01 1.565370905372928112e-01 1.458664770750001949e-01 1.551340519813333430e-01 1.554254854351322379e-01 1.510236979136576341e-01 1.499052469106459395e-01 1.554397929591839755e-01 1.648873814801035398e-01 1.671636252867118033e-01 1.557518810647069984e-01 1.536704647532097789e-01 1.585286741748365424e-01 1.537735391639338811e-01 1.524073128021684043e-01 1.500957896813542858e-01 1.535504104201676212e-01
5.942679761925765552e-02 6.118119150952559815e-02 1.000000000000000000e+00 3.772511355213033490e-01 1.897630723954136234e-01 2.250015945034382903e-01 3.280818599614117037e-01 3.724912726742086733e-01 3.622931992035343662e-01 3.104075178244008471e-01 3.870271470534146219e-01 3.992448818197062987e-01 3.338857365723494897e-01 2.794488285749909817e-01 3.834464691904045930e-01 3.796350327666221380e-01 3.585126699178696197e-01 4.011904288256122331e-01 3.897566357429409489e-01 3.385048558189887591e-01 4.138935662630099932e-01 4.257131745234308817e-01 3.813854971707913433e-01 4.113731944042485766e-01 4.220951937047182079e-01 3.850712121042152991e-01 3.849142261522937036e-01 3.883168596731500499e-01 3.741735225472479498e-01 3.936076824746238545e-01 3.956776240100510766e-01 4.076876557194335504e-01 3.806664047157048980e-01 4.125825338831721201e-01 3.886045808284897540e-01 4.331683375625100529e-01 4.115103081475426916e-01 3.994944641657762752e-01 4.028248507128036060e-01 4.014513528537049791e-01 3.910336960761147118e-01 3.997565031747625786e-01 4.047682519232816412e-01 4.076068267738613971e-01 4.077580253935436660e-01 3.864377850388983071e-01 3.722854720913690296e-01 3.772007295188847809e-01 3.755097037256859283e-01 4.011983627137306052e-01 3.966498466355019015e-01 4.148547266597836236e-01 3.988008822907303519e-01 3.548358745497174893e-01 3.692117550215638366e-01 3.904503398946702064e-01 3.658425199716607845e-01 3.798702025563273077e-01 3.777128211777850963e-01 3.746013042574922181e-01 3.958494492749226601e-01 3.741169040578610772e-01 3.789952962290726313e-01 3.809128051422567829e-01 3.817017716471957645e-01 3.790817474246222507e-01 3.802715421448489286e-01 3.948916595405088659e-01 3.895310505552576630e-01 4.006097001467254226e-01 4.104468052620536822e-01 3.975505361820887984e-01 3.957189734583128615e-01 4.074585552586208470e-01 3.945558280540898966e-01 3.925055475057889209e-01 3.941888787488757595e-01 3.881783129645642316e-01 3.904379671791313178e-01 3.880185174640383705e-01 4.010560667460670303e-01 3.902550306733292285e-01 3.949701068466904275e-01 4.012333473721708677e-01 4.013216583859792186e-01 4.049857177472481196e-01 4.039244521728588277e-01 3.927086432663359772e-01 3.924985006571033441e-01 3.852981475706594439e-01 4.022549568795739106e-01 3.934141621069316974e-01 3.919254476423780220e-01 3.886461544620826158e-01 3.727444497972537407e-01 3.743215817831756498e-01 4.019639142382856467e-01 3.893808940852268585e-01 3.890040412635031863e-01 3.950866494527749961e-01 3.985350263054742159e-01 3.851916450717874918e-01 3.823705856422840998e-01 3.872672732316952415e-01 4.011984676344368395e-01 3.714037910057493286e-01 3.791812054861894987e-01 3.771409159043125903e-01 3.785345210664768922e-01 3.800709535597827093e-01 3.811135899043744946e-01 3.788122513733676033e-01 3.774942562840415405e-01 3.837639464313853388e-01 3.862654389275008704e-01 3.782772819199420322e-01
7.407835521580420635e-02 7.571937197159527011e-02 3.772511355213033490e-01 1.000000000000000000e+00 3.048209576583287284e-01 3.060044645106503869e-01 5.126998641640424514e-01 5.313010933863553387e-01 5.405228452419781338e-01 4.666558794252250175e-01 5.752702491521596295e-01 6.208251083309317409e-01 5.065430093325837824e-01 4.652512799194294391e-01 5.714207847178779387e-01 5.773760696951277804e-01 5.321967396850841858e-01 5.454639398898128988e-01 5.610947295194965712e-01 4.999032225912597993e-01 5.854814704863549046e-01 6.131800553638052653e-01 5.410184798122309457e-01 5.582734597998061377e-01 5.508848625685618394e-01 5.648465957047147379e-01 5.782896849112154625e-01 5.534379359821929301e-01 5.542980355474873555e-01 5.809868361729875197e-01 5.992875846914550442e-01 5.954836686227830134e-01 5.624128278261347758e-01 5.942010951362491911e-01 5.693388367936454975e-01 5.988219116358366456e-01 5.935341821612838409e-01 5.900382738691792861e-01 5.951315982782353631e-01 5.559770161632856533e-01 5.687696005433903190e-01 5.752554292201013109e-01 5.678291296563744428e-01 5.892673180233737318e-01 5.834507385374404498e-01 5.765696216021473086e-01 5.780738042367219442e-01 5.784176730481876971e-01 5.844890810379540502e-01 5.838409467752988524e-01 5.919166115655173366e-01 5.946521691020771883e-01 5.926416713710309647e-01 5.652207817941662382e-01 5.642700258699619997e-01 5.782304721973959838e-01 5.787802059612364713e-01 5.859676775713810182e-01 5.815165901391374792e-01 5.819194108796879039e-01 5.921527595677636979e-01 5.867127154695988001e-01 5.874011112489756492e-01 5.880066401830100764e-01 5.872456517289457167e-01 5.966153430756057086e-01 5.795765008095992155e-01 5.899080475782079169e-01 5.896069364456523187e-01 6.037187006721649318e-01 6.147587460015981886e-01 5.909247261628471914e-01 5.876419871780902415e-01 5.933722789423661048e-01 5.896511393284259439e-01 5.897635404101037038e-01 5.854833836279760284e-01 5.886678470226301974e-01 5.882738160598350863e-01 5.888511507482876439e-01 5.899712925810429720e-01 5.945600248281850408e-01 5.924872754834317190e-01 5.963702666784704842e-01 6.004599322772520287e-01 5.982856474276490033e-01 5.925393325581268522e-01 5.930269216687753531e-01 5.867633997799110990e-01 5.819484890040563796e-01 5.893729358946550034e-01 5.857283079249652191e-01 5.858343035188026127e-01 5.869386221463996911e-01 5.744782292960719516e-01 5.770497450889955360e-01 5.986742546647635388e-01 6.008057837962463843e-01 5.903991765412800463e-01 5.915352089748628917e-01 5.852836837207434639e-01 5.965166147424399989e-01 5.878758604638972818e-01 5.887458549414419373e-01 6.014746409825497686e-01 5.906703586696487873e-01 5.877118991266231385e-01 5.766877928991233082e-01 5.787695388632264626e-01 5.840254497951300472e-01 5.832420044118764579e-01 5.833914079372160000e-01 5.886407372198410037e-01 5.914430100415685176e-01 5.873845456905862905e-01 5.942225941840320047e-01
2.583142399570217615e-02 4.620411658431624463e-02 1.897630723954136234e-01 3.048209576583287284e-01 1.000000000000000000e+00 2.499257583995834753e-01 4.090797625578085350e-01 4.287816613268221611e-01 4.358702254025863532e-01 3.600092792593757030e-01 4.429454501236190778e-01 4.688273121057096038e-01 4.474445610947995755e-01 3.981467628925128288e-01 4.795959927673229539e-01 4.720364545266026446e-01 4.197647203386644099e-01 4.120274169830002164e-01 4.219684467157422958e-01 3.929033964556294389e-01 3.611250902346211933e-01 4.262850914868448471e-01 3.877754383541067718e-01 4.131839908168357112e-01 3.900600298781621289e-01 4.642585026302991080e-01 4.410033953750023272e-01 4.197036102840770999e-01 4.205715441209056382e-01 4.471801024057799334e-01 4.716879619234641829e-01 4.727945661932146937e-01 4.404845556696648234e-01 4.681516999643318133e-01 4.657448633058342002e-01 4.621514058170203554e-01 4.599808269213331302e-01 4.730632374186395372e-01 4.861297375498256912e-01 4.333609498418677375e-01 4.736241501026649536e-01 4.682237574231942201e-01 4.768009402612465308e-01 4.895298179879981060e-01 4.674219984951341611e-01 4.784095279161916237e-01 4.896842967910619571e-01 4.868880340221153347e-01 4.806354587720337301e-01 4.504016922406308687e-01 4.693819345469538162e-01 4.791672282981443431e-01 4.797587730426021713e-01 4.859544822815076159e-01 4.764597808036735715e-01 4.684322131686384783e-01 4.728716959966576816e-01 4.851409360270350080e-01 4.763068672042731211e-01 4.923710942760088360e-01 4.938582309741460508e-01 4.890141671871967022e-01 4.886901630567189736e-01 4.930204094743983467e-01 4.878923197829913572e-01 4.872070024306891511e-01 4.890605186526474357e-01 4.864115323011466430e-01 4.937310090765256732e-01 4.919580813558347421e-01 4.815602014500731665e-01 4.812776979843683134e-01 4.823874777478244780e-01 4.759093675271233170e-01 4.867928016712159689e-01 4.823085375169596789e-01 4.785567059495284270e-01 4.772487056353417745e-01 4.849788266033117079e-01 4.829728972209322846e-01 4.821631408087321824e-01 4.880050049970865444e-01 4.852020781836909324e-01 4.906085185158283180e-01 4.861143905843154922e-01 4.892819414967466973e-01 4.848757719973041946e-01 4.872543297574681298e-01 4.948454317979686379e-01 4.795832196752127796e-01 4.798661657438548223e-01 4.878407310507235084e-01 4.893326698267145280e-01 4.876091364567279318e-01 4.920692058854878592e-01 4.899436419256450459e-01 4.813095384851913128e-01 4.840801646065029940e-01 4.920427667171152764e-01 4.892144093702127661e-01 4.878644290945685635e-01 4.882502594610987900e-01 4.945518972549495240e-01 4.949316489593880708e-01 4.916267875856981107e-01 4.850816575621242355e-01 4.904539109540321240e-01 4.898179029662435569e-01 4.880318159517518239e-01 4.914243940056021165e-01 4.856475415294443931e-01 4.922804982837516996e-01 4.917494061344121481e-01 4.932127979092522096e-01 4.909093599894212012e-01 4.892584015358834582e-01
1.270916061390486851e-02 9.643132286404572373e-02 2.250015945034382903e-01 3.060044645106503869e-01 2.499257583995834753e-01 1.000000000000000000e+00 4.305981694927196735e-01 3.760547488854217302e-01 4.053985252061120259e-01 3.855382869547105407e-01 4.241361365411928652e-01 4.436366705482469031e-01 4.087892374221517300e-01 3.971499175853563934e-01 4.616172641214780770e-01 4.488446852949595778e-01 4.199755779134826117e-01 4.372733796929793582e-01 4.377796562242052825e-01 3.515925076016461204e-01 3.823369386270095704e-01 4.393543444030507117e-01 4.300495274221762254e-01 4.300974473804271558e-01 4.161619743275419836e-01 4.480989019810139862e-01 4.387617998077926185e-01 4.526882284805904821e-01 4.423355376741207046e-01 4.494675203747298120e-01 4.634188207525973269e-01 4.649418067211972816e-01 4.520222288829394142e-01 4.553953928962110598e-01 4.526877893333698943e-01 4.565003257687473837e-01 4.595235870557808355e-01 4.618431310316850613e-01 4.726029734208174737e-01 4.605422027922547734e-01 4.590698235728263299e-01 4.765957963698456146e-01 4.666399927757313160e-01 4.746269454006632471e-01 4.647101126630278078e-01 4.755733213446424745e-01 4.644613484576249895e-01 4.667116574584289634e-01 4.601398173433025596e-01 4.347487502140929272e-01 4.552167077070823908e-01 4.487826864792515691e-01 4.646784075805160952e-01 4.610331340892507290e-01 4.598513921460238296e-01 4.729341706043030391e-01 4.527847495064792338e-01 4.673475109224483059e-01 4.648745685248009685e-01 4.637064990815931709e-01 4.680809409445833569e-01 4.653871027678037620e-01 4.655426369958092225e-01 4.630589664295112207e-01 4.543138785929727308e-01 4.661256505150679907e-01 4.669060805507121437e-01 4.764256799621879868e-01 4.718244746098576581e-01 4.670837241203489865e-01 4.745162433351694520e-01 4.763443627097754818e-01 4.737588692410458213e-01 4.723263177212234099e-01 4.736278672854835059e-01 4.710249098772858467e-01 4.760468691311001699e-01 4.707482780423153379e-01 4.728257963923050422e-01 4.695626313295587217e-01 4.747854182178246063e-01 4.713633907585909610e-01 4.770877166822796167e-01 4.765962304114920167e-01 4.674619976516483089e-01 4.742841253607047447e-01 4.742990356747847636e-01 4.744416233778970815e-01 4.756003278640903442e-01 4.739694224280375234e-01 4.771499346628070293e-01 4.745529660989351584e-01 4.745286787106338666e-01 4.750166487128082426e-01 4.664272093998578783e-01 4.688043486923139658e-01 4.694182552254149710e-01 4.617605780421557005e-01 4.716388087788344619e-01 4.724605863138340855e-01 4.764687193949753707e-01 4.687426371782875689e-01 4.673909572953119929e-01 4.714971413801368749e-01 4.733180871167320669e-01 4.628592729766466407e-01 4.670467589092369143e-01 4.663122343472996811e-01 4.699523436135221166e-01 4.709311776674990346e-01 4.695151682857717779e-01 4.692997552952318241e-01 4.678026167896630616e-01 4.705002730244555176e-01 4.673379550628876666e-01 4.675672967616263387e-01
4.308987667828326901e-02 1.525338647859462715e-01 3.280818599614117037e-01 5.126998641640424514e-01 4.090797625578085350e-01 4.305981694927196735e-01 1.000000000000000000e+00 6.667996631950344755e-01 7.192355131157901482e-01 6.720421417257912422e-01 7.477526727938900164e-01 7.762695264228051117e-01 7.140605539540366697e-01 6.530001098325738385e-01 8.343062599047421646e-01 7.793653099253438077e-01 7.154657336356323727e-01 7.160409629176928137e-01 7.442402891925137265e-01 6.248498892172367203e-01 6.414643585016234217e-01 7.496170251997347211e-01 7.029107385533899244e-01 7.295785770411582494e-01 7.136340946649637473e-01 7.781540576706654777e-01 7.655599253656908409e-01 7.732226761687981398e-01 7.464183084281201808e-01 7.672799480883796264e-01 7.914944747564266470e-01 8.046075112057200496e-01 7.653787519357915237e-01 7.872525993479367878e-01 7.646714865164142561e-01 7.820636197205947937e-01 7.905138970246786689e-01 7.905882380851022573e-01 8.040248618327392460e-01 7.816980210756153680e-01 8.048278130240653638e-01 8.146452717562416845e-01 8.003215779410023378e-01 8.186874460912573204e-01 8.070426967255648343e-01 8.117079508129836363e-01 8.059707019487850621e-01 8.098626697958297704e-01 8.009552089023412869e-01 7.481309450237070280e-01 7.801861342930876964e-01 7.755875814281091296e-01 7.975465540707140644e-01 7.913355698207589217e-01 7.906343892411079599e-01 8.072725414226192830e-01 7.636528204366009875e-01 8.031216846247316576e-01 7.979187706173759276e-01 8.034288978283908866e-01 8.066847774091682188e-01 7.951828943628825863e-01 7.866794391589607693e-01 7.885834624545267069e-01 7.890793453590240203e-01 7.986602947561903809e-01 8.116874653955628016e-01 8.134959634498266645e-01 8.182178322198122578e-01 8.089639414693843289e-01 8.093312199020201714e-01 8.150970998276503288e-01 8.107241611520751290e-01 8.112864020845458324e-01 8.192680147641883126e-01 8.118177926888500151e-01 8.203353161002414629e-01 8.066916307651366136e-01 8.149174100529413822e-01 8.019328900118574133e-01 8.101205399470700064e-01 8.078226976988730490e-01 8.227702268022919485e-01 8.155935564370138113e-01 8.094032734877338875e-01 8.205784423350707124e-01 8.190494890577706411e-01 8.213644446150721867e-01 8.196216998939703791e-01 8.106155561307021307e-01 8.227198034259052273e-01 8.202985836621197180e-01 8.170127258158061956e-01 8.199972166530004047e-01 8.095338827814531069e-01 8.089384329375685079e-01 8.101114775609967733e-01 7.951348688763821837e-01 8.137965495918458858e-01 8.195983053163712340e-01 8.222022787642914166e-01 8.075754060206572493e-01 8.106609128785111640e-01 8.155919067144280499e-01 8.136685831758098120e-01 7.936592730338167812e-01 8.109921473247156953e-01 8.069210114828911928e-01 8.069053744693036601e-01 8.138882883240413646e-01 8.111357642935722589e-01 8.106908479307427529e-01 8.084977980283675203e-01 8.070054487901303641e-01 8.059837230375213046e-01 8.059468805569998118e-01
5.207011879333758170e-02 1.138719569074558152e-01 3.724912726742086733e-01 5.313010933863553387e-01 4.287816613268221611e-01 3.760547488854217302e-01 6.667996631950344755e-01 1.000000000000000000e+00 6.884964927860659500e-01 5.994647622483540994e-01 6.949271695601273446e-01 7.473685985477892535e-01 6.882397517222340610e-01 6.010107629401063578e-01 7.561730100355392725e-01 7.640459921975083502e-01 6.895063765090643226e-01 6.762521712533150486e-01 6.984652231597014982e-01 6.206414430833210316e-01 6.791770324757283595e-01 7.410379063940563116e-01 6.316176870923970732e-01 6.842382342541809548e-01 6.526288556269714825e-01 7.104818010059920086e-01 6.920851824474856251e-01 6.721309876836839559e-01 6.604517359480512884e-01 6.894467405574153940e-01 7.263491047612493645e-01 7.626947173467100161e-01 7.156280604887383934e-01 7.625819841661813925e-01 7.298078437563403353e-01 7.501446719015197884e-01 7.251445714568311995e-01 7.635511416582718702e-01 7.623161796166165738e-01 7.222550580500666229e-01 7.324184784313482188e-01 7.455099513292668956e-01 7.573363999454753026e-01 7.688112983517301213e-01 7.440498077400719001e-01 7.462844768853830191e-01 7.569400085168828118e-01 7.527760403894846464e-01 7.570370288372214596e-01 7.405640981248036159e-01 7.611564108307505849e-01 7.530356465371077501e-01 7.587910429845966531e-01 7.401904768030787007e-01 7.446561767454012992e-01 7.423729733883257520e-01 7.539935604551257775e-01 7.635617035339619108e-01 7.633554554777051138e-01 7.599333156841964199e-01 7.739334810264586473e-01 7.643062261083176656e-01 7.694482177528634281e-01 7.632441948005307397e-01 7.598552199901903448e-01 7.610481422994168632e-01 7.576642823508109581e-01 7.578933174285881202e-01 7.640778493785633785e-01 7.756663205472392741e-01 7.707293822142036177e-01 7.556835992022274961e-01 7.562417533432351791e-01 7.493829883918147194e-01 7.562463520559230545e-01 7.508632372823607071e-01 7.442411931103013467e-01 7.376394064229513381e-01 7.458131508602778847e-01 7.397465732675865269e-01 7.465995327188112984e-01 7.488176310663745561e-01 7.606900399016842673e-01 7.623152819741000341e-01 7.690207218734931294e-01 7.682934368861816798e-01 7.570966673052353935e-01 7.686623819843577676e-01 7.656181142543175833e-01 7.500399593485188587e-01 7.581510590319223697e-01 7.576444361922595183e-01 7.588566657845655650e-01 7.557699264656226879e-01 7.528003306514579052e-01 7.544665304582806042e-01 7.739855672903366290e-01 7.700155529360512840e-01 7.697014470071756875e-01 7.689742147244517101e-01 7.668315930559665983e-01 7.701525833161466661e-01 7.608268179356630911e-01 7.666835910949268973e-01 7.674820600188744235e-01 7.607477102004407410e-01 7.655930733297261481e-01 7.503336224638280649e-01 7.532492674283102208e-01 7.612144028832752429e-01 7.606009275729300745e-01 7.586320281084795170e-01 7.641916154119822169e-01 7.655473391689118223e-01 7.614969109871908559e-01 7.609354178422398363e-01
1.653032704452412627e-01 1.647630255838706814e-01 3.622931992035343662e-01 5.405228452419781338e-01 4.358702254025863532e-01 4.053985252061120259e-01 7.192355131157901482e-01 6.884964927860659500e-01 1.000000000000000000e+00 7.157935207562327040e-01 7.839655191804502099e-01 8.144696006665892440e-01 7.603918051952115453e-01 6.873890632177631632e-01 8.273285448273887122e-01 7.985082982399063223e-01 7.935326166048185526e-01 7.335641311545840759e-01 7.653910380729649354e-01 6.123549251420504769e-01 6.656266155846652932e-01 7.848702027808835968e-01 7.018965695991233877e-01 7.068446766372498136e-01 7.069842013135269054e-01 8.088181262421075823e-01 7.944506990320480133e-01 7.577289940295335313e-01 7.905411491601634921e-01 8.158926168245723698e-01 8.382331080674725321e-01 8.376383424822586576e-01 7.876909884226179770e-01 8.274486365291027212e-01 8.244224918173558292e-01 7.894725781265430342e-01 8.181266962793787290e-01 8.283722519315407373e-01 8.432194845885846446e-01 7.536496603602530486e-01 8.331653469510263976e-01 8.174613168591403634e-01 8.021435631834502589e-01 8.399675762593871164e-01 8.107573925815318994e-01 8.348038101020184287e-01 8.489488243705445303e-01 8.572493228962002609e-01 8.492845031360232166e-01 8.036642133365637930e-01 8.283369842854428899e-01 8.101577698116254611e-01 8.341523278169595823e-01 8.482728297958490593e-01 8.395754685885776780e-01 8.277617795890013230e-01 8.307990909788960376e-01 8.399426072804911936e-01 8.350428646751889561e-01 8.574709854044602064e-01 8.507029391180791489e-01 8.512358170880609531e-01 8.382963639958311841e-01 8.510064621820581099e-01 8.616132356733240405e-01 8.542059645579450633e-01 8.569683174895823541e-01 8.482460113870374796e-01 8.480377963483493042e-01 8.385373518613699062e-01 8.469828496838996967e-01 8.499610124900439656e-01 8.231646178432336924e-01 8.285521023254530659e-01 8.518123458546522642e-01 8.529520454707490984e-01 8.412500299189114017e-01 8.527582575373197082e-01 8.462866965167860078e-01 8.521287146438093485e-01 8.515819750719219039e-01 8.557253962885451593e-01 8.530960417646252791e-01 8.548441740078481788e-01 8.433872239303591423e-01 8.468369644019299036e-01 8.400073179518342537e-01 8.502811397192839848e-01 8.544674075171994065e-01 8.420123260959824218e-01 8.291310652093136779e-01 8.465101023405992020e-01 8.480095474663910116e-01 8.460636975265968251e-01 8.505769821790054586e-01 8.540042640216595204e-01 8.224030212590748290e-01 8.470516224140134387e-01 8.493629676687349805e-01 8.469014156427181472e-01 8.348281654265240492e-01 8.472238923446832048e-01 8.513829180954985976e-01 8.510668072447429289e-01 8.489412438389386528e-01 8.430314932960401020e-01 8.569799542584219942e-01 8.550196851143393451e-01 8.488142420661337617e-01 8.537044824666329967e-01 8.433648834359408486e-01 8.546911846682087033e-01 8.514557167678640237e-01 8.546072109977612685e-01 8.604890572709125163e-01 8.565659055559625701e-01
3.827812800583635378e-02 2.176834876840969824e-01 3.104075178244008471e-01 4.666558794252250175e-01 3.600092792593757030e-01 3.855382869547105407e-01 6.720421417257912422e-01 5.994647622483540994e-01 7.157935207562327040e-01 1.000000000000000000e+00 7.306960219774208953e-01 7.453387729152569641e-01 7.046861157970035761e-01 6.567556549165523005e-01 7.774749212883570459e-01 7.427158015990209528e-01 7.038898499495815919e-01 6.966742427519191372e-01 7.344736309015085229e-01 5.584145640909937702e-01 5.608297600803863192e-01 7.176232461241316418e-01 6.996745141737785723e-01 6.933081101987151884e-01 7.123933583884375365e-01 7.826840914605007749e-01 7.708840795379819921e-01 7.676235833606044334e-01 7.505751804717609721e-01 7.856820809990837651e-01 8.051961461940475573e-01 7.828096920135729775e-01 7.419010415014493098e-01 7.645732452397778767e-01 7.748863474774403404e-01 7.443845062885525721e-01 7.893027359014649358e-01 7.841167407189106875e-01 7.953472850564410335e-01 7.511442422033591804e-01 8.048690693812465824e-01 7.990913563821314680e-01 7.727498520606582710e-01 7.967347381584984900e-01 7.961503232502438188e-01 8.081274240419961119e-01 8.024278646975206986e-01 8.153381862698738658e-01 7.944058369776865192e-01 7.320404477159487833e-01 7.681640459533061183e-01 7.475465370394297482e-01 7.811274537887322733e-01 8.031350850238552219e-01 7.928501849711800942e-01 8.091479855623699979e-01 7.502023309738848900e-01 7.964349915523980528e-01 7.942429034707764179e-01 7.968659723977332687e-01 7.877836288716795199e-01 7.867598254401864111e-01 7.744880848138498974e-01 7.810304454565939469e-01 7.721714627792567454e-01 7.922173658397012597e-01 8.079939036047983913e-01 8.091490426037896144e-01 8.061890398366585719e-01 7.834627171286372427e-01 7.953211119126872841e-01 8.137595399618945402e-01 7.975884900728261728e-01 8.080451700412404348e-01 8.170760546250694922e-01 8.115590946974158282e-01 8.153672630745746330e-01 8.060923402936833737e-01 8.189317204689444685e-01 8.164901223779454931e-01 8.130019627449827091e-01 8.141807985906811540e-01 8.111816096555177769e-01 8.101674559254871122e-01 7.934869417391651192e-01 8.055311652286544222e-01 8.086651591384753646e-01 8.056381708652549101e-01 8.104137834797603412e-01 8.100271953093218791e-01 8.022835321238249717e-01 8.109551310433866789e-01 8.121337234988538212e-01 8.124091477218029489e-01 8.071281574321557128e-01 8.107122721338099192e-01 7.871385394283828552e-01 7.742836206794168064e-01 7.967179701276726478e-01 8.023316860219810165e-01 8.035291741180992098e-01 7.931564067200205237e-01 8.011398202336830199e-01 8.056057075757043773e-01 7.999906844829104413e-01 7.829472566249983112e-01 8.023140056630656547e-01 8.117586066696006464e-01 8.112209847196812929e-01 8.050120488091380144e-01 8.027933381883565200e-01 8.063934030795215646e-01 8.009186562300067980e-01 8.001164921681913622e-01 7.994994501280875410e-01 7.997562517898456624e-01
4.646672563681429786e-03 1.428334025799009033e-01 3.870271470534146219e-01 5.752702491521596295e-01 4.429454501236190778e-01 4.241361365411928652e-01 7.477526727938900164e-01 6.949271695601273446e-01 7.839655191804502099e-01 7.306960219774208953e-01 1.000000000000000000e+00 8.687052390932888946e-01 7.981320313381833342e-01 7.240205854462253843e-01 8.707993830022006110e-01 8.421488977219808714e-01 7.867432148334467801e-01 7.808464842308778797e-01 8.177847540665428294e-01 6.697871367231008621e-01 6.980634988445695299e-01 8.186439545155661524e-01 7.572912081570876142e-01 7.729831197463638004e-01 7.690851995357484983e-01 8.538683592123317290e-01 8.467200238595412598e-01 8.214144628864054054e-01 8.152028811533897912e-01 8.496907556504600390e-01 8.919994794164929353e-01 8.797341056447234298e-01 8.381760217422560277e-01 8.642308243236734855e-01 8.640844721105546133e-01 8.465650715295395257e-01 8.706576065398071718e-01 8.697449286197421747e-01 8.868127040306392761e-01 8.366137588482500664e-01 8.887070225600487428e-01 8.871263202533398173e-01 8.664036159930305070e-01 8.979169374573532370e-01 8.814604673521907463e-01 8.940735766917209393e-01 8.990043715258395629e-01 9.014543535335105551e-01 8.938237392763400679e-01 8.237208238107901481e-01 8.638383725113049083e-01 8.576097665883497534e-01 8.854507814671824795e-01 8.911118054465130278e-01 8.861800639924759526e-01 8.881582458631877008e-01 8.604915619493750389e-01 8.947083356830807244e-01 8.891469836546818106e-01 8.965976057296657364e-01 8.935833238592838512e-01 8.926605165957401944e-01 8.808467463400859732e-01 8.866649644099146022e-01 8.832764810094255736e-01 8.935949009672177201e-01 9.003827282969079082e-01 9.043016781507647872e-01 9.055000225257497926e-01 8.944471533024719312e-01 9.012236306226230065e-01 9.037236112797486509e-01 8.919615631913511145e-01 8.935394856410538988e-01 9.053210633716091138e-01 9.019395787690339672e-01 8.997188289749462609e-01 8.933040161666794265e-01 9.037308068626221935e-01 9.002114555829195952e-01 9.044238023955135652e-01 9.077381388350843627e-01 9.048264248367711149e-01 9.067998063774090900e-01 8.959690450799436823e-01 9.052504583220788437e-01 9.038339749557451341e-01 9.071755908787758615e-01 9.053151941327299834e-01 8.990344701193139221e-01 8.999178406889234427e-01 9.059220077834924112e-01 9.048405813428681554e-01 9.071767241684570715e-01 9.058320534339235897e-01 9.063824124945395466e-01 8.859026348083050006e-01 8.797242597418767351e-01 8.988463237650278215e-01 9.011492633280645537e-01 9.005484311416032117e-01 8.984993485903383093e-01 9.020222682263062675e-01 9.055250119506474960e-01 9.004268577671127316e-01 8.890419965472344810e-01 9.014304212395868321e-01 9.039767274331618196e-01 9.043108493423832606e-01 9.059298652698432042e-01 9.035610671248699433e-01 9.055950595079886867e-01 9.035621695709563639e-01 9.005102673600879903e-01 8.983801476039983136e-01 9.016068476229427420e-01
2.552165957255479734e-02 1.344833522495807732e-01 3.992448818197062987e-01 6.208251083309317409e-01 4.688273121057096038e-01 4.436366705482469031e-01 7.762695264228051117e-01 7.473685985477892535e-01 8.144696006665892440e-01 7.453387729152569641e-01 8.687052390932888946e-01 1.000000000000000000e+00 8.190037077262064535e-01 7.408594853843072370e-01 9.004833028376547643e-01 8.777447997657237266e-01 8.350358601895795374e-01 7.893370054121341406e-01 8.311558936113611074e-01 6.946711988403271310e-01 7.456254609941170841e-01 8.551266953309170082e-01 7.603965447920880694e-01 7.894750385552113947e-01 7.755717488111334434e-01 8.711838370091029571e-01 8.599954060805061751e-01 8.272046338724056147e-01 8.172981887895867104e-01 8.607038592283365874e-01 9.010663284752167268e-01 9.111824605161940038e-01 8.574497297733616463e-01 9.011360424241683376e-01 8.815109403596954607e-01 8.840135722209779834e-01 8.846970844196079264e-01 9.058999186988017094e-01 9.196861521822929930e-01 8.614934191977982048e-01 9.068289306806882610e-01 9.062090408981186007e-01 8.981661740975692698e-01 9.262654373952315945e-01 9.051823155318166059e-01 9.130767367246270805e-01 9.273672431528959814e-01 9.248277586554772833e-01 9.262330417410727934e-01 8.767894951203719645e-01 9.077016646201053751e-01 8.996022261081754179e-01 9.173296494789680011e-01 9.144259290331251400e-01 9.113424037004939082e-01 9.101254723443662487e-01 9.063852698508227945e-01 9.225587346963961544e-01 9.217357882473395936e-01 9.279848322881744105e-01 9.338685153563783814e-01 9.270768833829597932e-01 9.222179971155629596e-01 9.264575718421554917e-01 9.225494572675376759e-01 9.283820132494443600e-01 9.285834673307534759e-01 9.268007387411888454e-01 9.264410352643054347e-01 9.256846352019862945e-01 9.302705657263417027e-01 9.285888514891281753e-01 9.113375488399583224e-01 9.130438335620413293e-01 9.273879435700440599e-01 9.233112539243288897e-01 9.166315767618272714e-01 9.072757594586602359e-01 9.186589558203182015e-01 9.202716749035215749e-01 9.232098922792081330e-01 9.282995557213783444e-01 9.305623668196246756e-01 9.279077161029161136e-01 9.244822134498910104e-01 9.318551851846423872e-01 9.281279518837748377e-01 9.312250599746721980e-01 9.309680725114746203e-01 9.222576123267535175e-01 9.206113807774998214e-01 9.283816753092007934e-01 9.289039354518626723e-01 9.282145080336626775e-01 9.283583340731663691e-01 9.294065332086570708e-01 9.169565588706893866e-01 9.220615434794005028e-01 9.310294272501046242e-01 9.287550357560276915e-01 9.253025592496065821e-01 9.310810534240853142e-01 9.315355242249693246e-01 9.341596232765435603e-01 9.343909391896944028e-01 9.228565079384823955e-01 9.318782599857440285e-01 9.275621286010821143e-01 9.268129035788886805e-01 9.319217891380243701e-01 9.290022607605160632e-01 9.323679011470000777e-01 9.314893208747619946e-01 9.333062740596359541e-01 9.329073873912010484e-01 9.336757372605102301e-01
1.489188663480009618e-02 1.295817931742268558e-01 3.338857365723494897e-01 5.065430093325837824e-01 4.474445610947995755e-01 4.087892374221517300e-01 7.140605539540366697e-01 6.882397517222340610e-01 7.603918051952115453e-01 7.046861157970035761e-01 7.981320313381833342e-01 8.190037077262064535e-01 1.000000000000000000e+00 6.922246708871668819e-01 8.391825231106910810e-01 8.193717313839016247e-01 7.612690568998390361e-01 7.282543168452009219e-01 7.708440978161819057e-01 6.356810955902554294e-01 6.494177054452439091e-01 7.633808161909331202e-01 6.959958607069505199e-01 7.148965088725135475e-01 7.093080632652943862e-01 8.167927264268793897e-01 7.972729239405431656e-01 7.655499061943703554e-01 7.686240207646573008e-01 8.046781648690386479e-01 8.392736474066898600e-01 8.389774582669676795e-01 7.874820480665080114e-01 8.264834543304626635e-01 8.225774155414988797e-01 7.990515683723689033e-01 8.132280739750259446e-01 8.339942063412028039e-01 8.521545379228464556e-01 7.819417862563857735e-01 8.461569676987068522e-01 8.442431752957617608e-01 8.302124958361351004e-01 8.624808603110718508e-01 8.297882394014963747e-01 8.515680930419954331e-01 8.644941946121840193e-01 8.646706041439745638e-01 8.590145061343120725e-01 7.964078757700814304e-01 8.335368158037925745e-01 8.131139736374854987e-01 8.487796969774564770e-01 8.572220446645351100e-01 8.476633455379591897e-01 8.394240205177054825e-01 8.299720535781719422e-01 8.593817494164773807e-01 8.513503586347475061e-01 8.675783100321421415e-01 8.630579567215369563e-01 8.601249916303453924e-01 8.516840463137216322e-01 8.605809794172221139e-01 8.559457523125019174e-01 8.550186142427357305e-01 8.669109882040220150e-01 8.638204957267169304e-01 8.670739464052948930e-01 8.576206742595428034e-01 8.570131865635923774e-01 8.631066372416043020e-01 8.462565989320813831e-01 8.479376062643345646e-01 8.666397009660307127e-01 8.636089488397116209e-01 8.571533528347887732e-01 8.523521998946487210e-01 8.582133856351920054e-01 8.614505250021889937e-01 8.625983506888081909e-01 8.671713235626441474e-01 8.627071226674061233e-01 8.656269841430477285e-01 8.580264747379564572e-01 8.653938078548035762e-01 8.606186884086085565e-01 8.672750511346771773e-01 8.691461533428144204e-01 8.575216947764030540e-01 8.554106684564252161e-01 8.655580977472477899e-01 8.656168535601463931e-01 8.666880991001492118e-01 8.701478683956426208e-01 8.703402494936528511e-01 8.467703805278042894e-01 8.459024811941137090e-01 8.632405839967896011e-01 8.647350791000307790e-01 8.610517975207613306e-01 8.628249474224961579e-01 8.663572282434368610e-01 8.712687757000665556e-01 8.601739492607753945e-01 8.535187662217106341e-01 8.672914122339299148e-01 8.688580897765496580e-01 8.650680480046897269e-01 8.711173835499043117e-01 8.645836475323858128e-01 8.701965000850441223e-01 8.668333350622275946e-01 8.690050456154393421e-01 8.656770655230608957e-01 8.659691735471988228e-01
