1.000000000000000000e+00 8.597050909915336658e-02 1.062561352284946276e-01 1.506818325268089453e-01 7.494756022694890052e-02 1.300786242008518390e-02 7.343142560867747803e-02 8.734403364394711933e-02 1.895129951914131528e-01 5.632274547882628463e-02 7.306644403909035024e-02 8.140033269622856671e-02 6.119960118113802056e-02 4.300489882081084264e-02 5.099508487424928710e-02 3.900979735616106475e-02 1.295485379128307468e-01 1.152225323180426780e-01 1.285256545289257812e-01 9.476646170540177494e-02 6.476503160122805414e-02 1.078210604355790692e-01 1.574638795593990281e-01 1.175033770374784708e-01 1.387208025722062588e-01 8.694588876805782462e-02 9.242343792393413471e-02 8.381599933016799231e-02 9.264681202479801980e-02 1.060873472557207903e-01 8.168810907196696891e-02 7.298276369782794037e-02 5.575821185164088478e-02 6.813590418666939930e-02 7.785149927106864431e-02 8.073348623114547096e-02 8.769481347537923244e-02 1.552887973935541781e-02 4.145792352633968780e-02 4.676069531712424843e-02 3.166820186014682875e-02 3.435121196986412606e-02 5.266994003851878381e-02 5.064713732523742906e-02 6.658835970861898268e-02 3.222225638190025915e-02 1.214580364949145036e-02 2.412388445594494321e-02 2.812960804589184974e-02 3.481861185074584114e-02 1.827568228353142546e-02 7.435930023697763513e-02 5.883895197216996997e-02 3.610192119993580612e-02 2.208877929110760960e-02 5.090751092908196024e-02 6.789965116524591948e-02 1.625615418971479778e-02 6.089723536511321925e-04 5.099817453653654464e-02 1.529094202148134976e-02 2.190854816679739872e-02 5.575312499397919522e-03 3.153906055516475515e-02 6.464183738522992495e-02 6.090152981661269005e-02 3.472469810437617266e-02 3.426363133931837474e-02 6.500364700648686433e-02 2.782408324058577645e-02 3.496875892282688691e-02 4.455083188849094655e-02 5.222714955495782324e-02 5.518514230362312617e-02 4.210868121450406232e-02 3.606328690556224320e-02 3.336891375783782032e-02 4.651455787304362155e-02 3.826096510174090831e-02 3.895474270040021059e-02 4.932223679974544889e-02 3.273122125835024182e-02 6.808783947177177165e-02 3.394308598534208354e-02 2.751672956674607387e-02 4.326269133668563666e-02 4.005587517710291340e-02 1.443146644643348783e-02 1.932311604653804207e-02 5.812111404710065821e-02 3.024193263584541713e-02 1.664625545623776501e-02 2.699525539566119056e-02 2.319791641872738508e-02 3.726492155144285091e-03 1.599898977205881437e-02 4.831591084138803227e-02 4.266093840963162964e-02 9.428003741613876984e-03 2.608764861018670819e-02 2.177687091027953256e-02 1.594547126147195792e-02 3.428846900896408839e-02 1.837351331403645413e-02 4.796614057513578361e-02 4.321528771791749435e-02 3.389968478371870042e-02 2.189116015657628644e-02 2.891254177797848365e-02 1.429410047508622959e-02 1.729491023209007994e-02 2.923035034434617527e-02 1.723059573715911286e-02 2.472736617381779758e-02 4.488334293002668729e-02 3.222435152123762081e-02
8.597050909915336658e-02 1.000000000000000000e+00 5.982548166283661872e-02 3.162558931314304184e-02 4.015128253345190933e-03 7.908479150915063982e-02 1.073668134818925035e-01 6.870308387854873189e-02 1.369615025166248112e-01 1.674453925524379827e-01 1.177788844236954818e-01 7.879133181367484196e-02 1.204134470871576768e-01 1.295172868505125585e-01 1.323818654171395326e-01 1.053969403315696135e-01 1.564131517881137134e-01 1.245368086488397308e-01 1.598360867661211548e-01 3.668933384607698384e-02 2.764654949646343923e-02 1.369022495339556611e-01 1.824256891324971264e-01 1.312983119754483063e-01 1.591440144710702109e-01 1.883906150862967588e-01 1.646357573971525545e-01 1.594409113232655717e-01 1.406267604887614375e-01 1.961715412744928777e-01 1.762587530963330706e-01 1.432232544095539961e-01 1.504562579534287903e-01 1.415472678339486368e-01 1.690211332195032667e-01 1.399156764915351348e-01 1.555870904451540082e-01 1.184233474570883793e-01 1.518270507205765341e-01 1.459547790340195716e-01 1.502461012842190857e-01 1.443410125595212257e-01 1.200249506807316707e-01 1.323828396404699292e-01 1.541246541956420857e-01 1.435446984950856375e-01 1.390205717462685286e-01 1.502846901858072848e-01 1.252531902936269148e-01 1.051301999473664150e-01 1.125719801761888017e-01 9.692003915015845461e-02 1.193155822664655197e-01 1.612903264499774281e-01 1.482606692076959554e-01 1.781424030662894509e-01 1.436004438330447108e-01 1.447150344975763891e-01 1.363503428488591629e-01 1.402913803130945991e-01 1.256576467505321204e-01 1.402329442751014399e-01 1.211103838170102531e-01 1.283285468110979821e-01 1.440866204003881379e-01 1.414563266605860514e-01 1.547220198226197663e-01 1.598866688859323926e-01 1.677819393938771719e-01 1.095405483038056349e-01 1.335863748880984359e-01 1.554001718619693606e-01 1.453641598724505213e-01 1.534308771012120876e-01 1.636894637436604738e-01 1.519918383140206886e-01 1.522944726032941232e-01 1.453493940158697983e-01 1.628366389514836476e-01 1.643692114692747452e-01 1.575350434674734346e-01 1.574657476819796842e-01 1.713460173310707435e-01 1.668589890408034571e-01 1.454133081175180697e-01 1.497284319140579911e-01 1.481769632645032753e-01 1.482000837766115908e-01 1.484067429146479766e-01 1.768690119831205498e-01 1.569918185240627428e-01 1.463402319719181166e-01 1.503251235144349718e-01 1.481653090303737541e-01 1.437433759209031381e-01 1.504542622954206377e-01 1.262796776694892209e-01 1.255652360285046398e-01 1.324378317284110873e-01 1.338979583032889609e-01 1.349897579923624025e-01 1.363210804363533257e-01 1.367976658149106517e-01 1.346094124315345142e-01 1.396143720236194541e-01 1.416071145095255668e-01 1.454079917597899396e-01 1.586651009126532341e-01 1.649190810064580515e-01 1.428368068273488944e-01 1.468565338278792487e-01 1.431663415310560905e-01 1.444037870312420979e-01 1.380069558058422130e-01 1.419430101636972308e-01 1.457426346971873454e-01
1.062561352284946276e-01 5.982548166283661872e-02 1.000000000000000000e+00 2.962481630065945670e-01 2.380301104878998486e-01 2.648770349642863842e-01 3.538605778524446799e-01 3.120393807982472789e-01 3.830517040897836178e-01 3.061969834498595722e-01 3.846266028045520757e-01 3.989986767713920024e-01 3.578245801449587149e-01 3.581800223239414160e-01 3.960226928622553322e-01 3.695142778830485808e-01 3.731386031052432717e-01 3.552857146027790236e-01 3.658337417299677985e-01 2.726819277822444820e-01 3.249972081038797200e-01 3.990574043028986551e-01 3.781763920578148364e-01 3.439312893804016835e-01 3.795715647716190744e-01 3.880803362610832363e-01 3.952491367614371365e-01 3.889909551005382160e-01 3.678126694589072820e-01 3.932016853225996922e-01 4.054718872109627226e-01 3.907688632815183860e-01 3.854448732651362675e-01 3.803656492508753484e-01 3.874053118957521691e-01 4.053766677830707432e-01 4.036188487960183369e-01 3.884106305923363811e-01 3.989727358621829034e-01 4.073814496775883809e-01 3.984145780764242750e-01 4.007468799820312899e-01 4.035983464232915097e-01 4.108015159583013887e-01 4.120760512066597991e-01 3.955915339550491461e-01 3.808384534299568691e-01 3.853547110767124861e-01 3.907394639552161930e-01 3.885749212212341597e-01 3.863379277664895084e-01 3.883965223738901074e-01 3.902850686817674886e-01 3.822393783780463350e-01 3.745500500904228591e-01 3.958245137936588498e-01 3.939183256203827588e-01 3.773231122765540735e-01 3.748082444879555220e-01 3.897796904198150281e-01 3.898570778842170292e-01 3.770498745416620001e-01 3.763086229460338439e-01 3.901929902291789709e-01 4.002358397547888247e-01 3.951287288800476860e-01 3.875876673703536057e-01 3.877832490661005105e-01 3.985908568533476082e-01 3.807805278995790021e-01 3.960706331986505457e-01 4.004688945537722145e-01 3.862649542628090460e-01 3.985433466888375076e-01 3.984993445616600849e-01 4.003269805573367868e-01 3.960840285498137825e-01 3.952690187344774508e-01 3.884965706366846905e-01 3.902070664753705675e-01 4.000681762168298850e-01 3.978572840652857545e-01 4.008039756230697970e-01 3.893942421040284541e-01 3.958860642399124052e-01 3.970594549780855353e-01 4.038847586034978177e-01 3.911215601575768752e-01 3.897218820867535682e-01 4.016753623379203941e-01 4.017169225879733130e-01 3.950946206117460502e-01 3.937706425817509293e-01 3.928226722459356446e-01 3.809700707196639891e-01 3.839518938759691191e-01 4.026817186202270582e-01 3.900422443350213264e-01 3.831775695545528437e-01 3.917131603537738482e-01 3.938211493775262140e-01 3.822314507743346246e-01 3.901217169505994398e-01 3.872575702033301814e-01 4.009672994465424689e-01 3.824579719643812492e-01 3.885984808696863468e-01 3.864596716129551357e-01 3.882423185917670549e-01 3.821439055381210537e-01 3.853196594369184824e-01 3.863793515814991086e-01 3.772780135270112911e-01 3.851420564268095981e-01 3.925241737739885162e-01 3.870510312102204420e-01
1.506818325268089453e-01 3.162558931314304184e-02 2.962481630065945670e-01 1.000000000000000000e+00 4.193003090698802504e-01 3.223197302125808683e-01 5.701897362632347699e-01 6.058033023252997751e-01 5.705614213774995447e-01 4.070836268809138181e-01 5.628133628650184850e-01 6.527225173090487331e-01 5.522353112983889867e-01 5.327217323167993124e-01 5.907147422314936724e-01 5.979830279804377868e-01 5.046704766559954036e-01 5.882373777156121308e-01 5.227228740222974457e-01 6.514676156593877110e-01 6.371415427920588126e-01 5.844657258527985455e-01 5.370147445865028901e-01 5.245309152110705364e-01 5.263202701764934099e-01 5.020191226953337749e-01 5.657948719575748298e-01 5.685456059303374277e-01 5.475583915386736944e-01 5.211972178725331473e-01 5.671144439356815559e-01 5.822707562501426848e-01 5.429422090525016786e-01 5.601320306900844370e-01 5.249196974828974627e-01 5.818030784039613934e-01 5.614194665477407753e-01 5.713185874594869373e-01 5.664299337185669803e-01 5.763209175283393604e-01 5.595580324997739829e-01 5.683485353580232102e-01 6.187200290197499841e-01 5.964718499936695340e-01 5.923187474531176333e-01 5.741636437481454358e-01 5.526250972479369583e-01 5.470423152169604508e-01 5.844567321661885417e-01 5.844194103274691354e-01 5.860474465774384578e-01 6.237444532485940663e-01 6.054290314323430566e-01 5.437518557121567842e-01 5.406452573477957824e-01 5.406490320381488468e-01 5.875831647626077459e-01 5.398505877915803497e-01 5.560592717026349163e-01 5.729823370263150695e-01 5.903443923879284627e-01 5.640487662044311179e-01 5.743944083193259775e-01 5.779173538775734809e-01 5.763955105550020441e-01 5.965835879891614457e-01 5.450439632810205604e-01 5.458549833914571048e-01 5.584217315999122633e-01 6.229056103244855480e-01 6.046620471131483043e-01 5.681741106098598948e-01 5.806685273185876461e-01 5.719929898738939089e-01 5.553897223708341713e-01 5.553694231571151274e-01 5.598733581072059540e-01 5.639608972186774816e-01 5.632284767156268135e-01 5.446030755128234979e-01 5.638948395406460090e-01 5.633244652227715754e-01 5.674106342366587175e-01 5.343815827918427797e-01 5.638353324603810890e-01 5.782858058902093923e-01 5.719132612994554110e-01 5.593347850747416583e-01 5.604248503072031262e-01 5.567596794884981382e-01 5.652535392668520675e-01 5.554110692490824563e-01 5.642027324901393026e-01 5.710361252760449702e-01 5.461838311337168239e-01 5.493876006057369921e-01 5.911295522647714851e-01 5.882443718057772664e-01 5.727609563153249761e-01 5.763344205354666849e-01 5.792113448857907354e-01 5.660960893066555588e-01 5.837450285103918945e-01 5.675985342568126146e-01 5.939832912133398146e-01 5.740859584997661802e-01 5.653321160146088653e-01 5.405880025689968615e-01 5.455278856826556444e-01 5.509184249436966940e-01 5.537220100536877077e-01 5.625449026352610238e-01 5.560675271263233466e-01 5.688400399009631014e-01 5.696995578374561831e-01 5.757578049558444988e-01
7.494756022694890052e-02 4.015128253345190933e-03 2.380301104878998486e-01 4.193003090698802504e-01 1.000000000000000000e+00 2.855250704496215541e-01 4.363051850438983137e-01 4.719262135439705741e-01 4.776282154890715281e-01 3.943280493633062878e-01 4.788549963867566595e-01 5.177308694213872409e-01 4.894261118965902990e-01 4.433815589414558112e-01 4.904477440773634123e-01 4.945002172022235354e-01 4.194130148906016209e-01 4.207106690992273856e-01 3.951477567118947820e-01 4.752185852032168034e-01 4.471281828224389909e-01 4.342209417021664630e-01 3.907160699421077799e-01 4.015511198163024820e-01 3.907555380042583848e-01 4.294485262625305499e-01 4.485114785407328664e-01 4.356443507677864035e-01 4.131702884584052549e-01 4.267797244252902744e-01 4.669069930965342730e-01 4.702004763052167746e-01 4.323361292858091676e-01 4.743865715834620356e-01 4.481204327845431656e-01 4.941939785089928261e-01 4.609468913111871569e-01 4.655474469902046164e-01 4.853572736242184327e-01 4.584626868003874312e-01 4.692127319919722761e-01 4.702870606870463988e-01 5.166763784003883808e-01 5.052485075946516746e-01 4.935757537112905324e-01 4.849395771515808695e-01 4.797611544822843466e-01 4.774767113951077224e-01 4.879821527252037883e-01 4.788923620616446497e-01 4.811277020241102043e-01 5.187999524283410935e-01 5.155404253923975277e-01 4.717002047300200562e-01 4.559743836185271015e-01 4.560428032542985788e-01 4.933397362651521512e-01 4.728134549280107457e-01 4.681435949924958040e-01 5.025742137006855570e-01 5.040506856214634901e-01 4.901129054661191309e-01 4.861654209861246967e-01 5.013683748378254812e-01 4.983099726593996359e-01 5.100938715652152400e-01 4.744652470893770402e-01 4.641005608579709674e-01 4.762067683021025677e-01 5.135645972590909825e-01 4.920609459743968128e-01 4.825366069114196965e-01 4.890875392205381034e-01 4.778926487206334173e-01 4.780612817589693919e-01 4.758402284845673069e-01 4.722517276767688732e-01 4.741775722524932957e-01 4.766487498636562403e-01 4.740180994262751524e-01 4.854786575479310140e-01 4.798877468550543091e-01 4.849049153508767085e-01 4.666129458831240751e-01 4.782825843028915003e-01 4.932757227700834690e-01 4.915315702468519010e-01 4.806735081733395920e-01 4.877249091780651025e-01 4.745554249844301520e-01 4.741476705653203672e-01 4.813371727430131308e-01 4.863126443986937608e-01 4.884152423086759454e-01 4.798819013134393296e-01 4.820040781724867496e-01 4.930626371383277640e-01 4.940866409984481789e-01 4.941119951922962605e-01 4.909556278018656905e-01 4.992198032719712408e-01 4.866946849420328292e-01 4.996721929231505155e-01 4.952930171082717825e-01 5.097462269178959504e-01 4.946411026150114298e-01 4.840677171179227356e-01 4.767051321363160454e-01 4.733161294194810353e-01 4.821525630143977392e-01 4.829077100870955985e-01 4.983002439364689340e-01 4.846306356489896161e-01 4.965353801858141680e-01 4.987241750556107300e-01 4.999014670839463381e-01
1.300786242008518390e-02 7.908479150915063982e-02 2.648770349642863842e-01 3.223197302125808683e-01 2.855250704496215541e-01 1.000000000000000000e+00 5.386559527101688616e-01 4.299629813246185761e-01 5.137599337476475014e-01 4.711585310210457123e-01 5.273896105017397140e-01 5.466261150717746098e-01 5.029129363446558365e-01 5.366789013123280938e-01 5.894877277524511738e-01 5.492311494525845550e-01 5.188910645369597674e-01 4.543329290717691427e-01 5.084139266127889467e-01 3.756336166164072066e-01 4.394706924054108677e-01 5.039779884022604906e-01 4.794019118400079105e-01 4.354282462930120223e-01 4.563882535361094006e-01 5.610655424442543282e-01 5.515712291092556008e-01 5.493258746846838569e-01 5.149016621974238372e-01 5.478218657327194041e-01 5.874901775525056546e-01 5.519340865518618244e-01 5.256920675775735852e-01 5.308627390420462833e-01 5.319197691026354979e-01 5.239078111850911101e-01 5.609595227252945904e-01 5.742625104161183103e-01 5.799368846823367285e-01 5.629050286194317021e-01 5.899267659681719511e-01 5.889853982298337565e-01 5.739423831781955698e-01 5.928777672942489030e-01 5.760916050700171098e-01 5.906407376167061019e-01 5.955382606380025257e-01 6.015558463023322755e-01 5.887190168511243771e-01 5.574835430522776525e-01 5.853738037664147909e-01 5.284388688971173309e-01 5.699109931418459007e-01 5.930461824434699603e-01 5.902975664198822914e-01 5.798370757020039346e-01 5.779725412859200162e-01 5.921325215560854227e-01 5.938307566702484275e-01 5.916222279337145507e-01 5.867646951939564648e-01 5.915181519159429246e-01 5.916324156469404683e-01 5.950232880860306661e-01 5.871013677111970308e-01 5.876241468058552853e-01 6.029699389242060281e-01 5.959222962447358052e-01 5.817216446074424674e-01 5.786446018387387813e-01 5.903957801909541780e-01 5.971181447323027358e-01 5.703124530793043379e-01 5.783327119797857518e-01 6.000071405518360157e-01 5.994537321661301821e-01 5.973384910976624607e-01 5.866316004762789360e-01 5.979295342930814883e-01 5.925679652139151932e-01 5.900035502881648686e-01 6.015292058688563870e-01 5.874204143582042459e-01 5.885588922451855387e-01 5.883531434721070985e-01 5.890442340963080170e-01 5.907806139661493372e-01 6.030068869029691081e-01 5.997580103109474425e-01 5.919232050793341582e-01 5.926777384159859219e-01 6.032481641305884601e-01 6.001467352708907965e-01 6.032210621659604977e-01 6.017536512301303597e-01 6.011157191455673843e-01 5.828206676959970522e-01 5.878125295847728138e-01 5.948076402536756069e-01 5.978661412308139411e-01 5.977610698486786056e-01 5.958495600831181793e-01 5.918319479599895017e-01 6.009416408396474063e-01 5.904505518394168595e-01 5.897394630081090883e-01 5.993804685695683920e-01 6.015193544731205488e-01 5.997864582892650231e-01 6.004020413686651514e-01 6.004719701334152449e-01 5.981860888667270837e-01 5.975700811750631614e-01 5.982910775261202074e-01 5.953257382418648547e-01 5.960600526161216051e-01
7.343142560867747803e-02 1.073668134818925035e-01 3.538605778524446799e-01 5.701897362632347699e-01 4.363051850438983137e-01 5.386559527101688616e-01 1.000000000000000000e+00 6.900524061237128803e-01 7.277982012221366759e-01 6.332174534366117324e-01 7.494470001260434833e-01 7.929929652768608062e-01 7.205444938796530252e-01 7.373607281689034121e-01 8.336984825627284934e-01 7.876453347445970810e-01 7.092970049904594454e-01 7.028454329298796655e-01 7.026961108475964224e-01 6.285780023426682517e-01 6.848914553221938650e-01 7.441195997005169982e-01 6.946692543741666004e-01 6.333495966790846365e-01 6.604545959193801608e-01 7.662284058980094459e-01 7.775884306357069287e-01 8.004381793319923499e-01 7.449492138920837947e-01 7.455090878432033552e-01 8.068276071459670185e-01 7.903692270675806153e-01 7.652680002399687709e-01 7.463092704005657163e-01 7.399195723680359604e-01 7.692369844220897646e-01 7.830179443322048405e-01 8.174048095817859627e-01 8.126572579132964602e-01 8.154058174149988458e-01 8.144640312786554093e-01 8.278205392279934793e-01 8.255877960457773668e-01 8.271142117398140314e-01 8.140765420866898916e-01 8.291816287428014354e-01 8.083431843550017426e-01 8.060701054984257263e-01 8.185099646208666702e-01 7.900937554843676658e-01 8.159867555297470876e-01 7.655389856171462837e-01 7.960310180716452244e-01 8.010491736293693377e-01 7.994862927843630063e-01 8.032487266917396340e-01 8.041140988756434460e-01 7.977836288935096221e-01 8.146328896018298904e-01 8.042211815051968360e-01 8.147029703184345273e-01 8.105650763236211809e-01 8.118309160983602224e-01 8.107921441747067970e-01 8.019846561628279913e-01 8.093894591232875246e-01 8.048744178277892347e-01 7.993085219637185990e-01 7.989527539065602868e-01 8.162668702596242998e-01 8.201291051398849064e-01 8.106864332947807394e-01 7.887423820691992216e-01 7.929087459356923828e-01 8.121633522075751843e-01 8.124154639040015446e-01 8.185718648525847074e-01 8.060745042802638372e-01 8.161319271680980147e-01 7.933535273974241520e-01 8.061579809576070454e-01 8.164764961496020490e-01 8.097494850345960948e-01 8.001503724826064534e-01 8.104334383329124813e-01 8.090461525283018096e-01 8.145580533947048840e-01 8.196664368843327164e-01 8.135357434781969044e-01 8.084602666515495750e-01 8.254733234792044350e-01 8.169708231964849521e-01 8.162124922595217491e-01 8.280037103856774383e-01 8.086016338835686490e-01 8.076560856031478330e-01 8.098404568312902452e-01 8.055845297991920395e-01 8.115513410718775411e-01 8.185026352318869325e-01 8.206538275857598874e-01 8.083531599602807871e-01 8.108103514209926699e-01 8.116671909270977148e-01 8.162895411933482892e-01 8.030605571547775323e-01 8.096739649569230091e-01 8.037242230885529581e-01 8.077573576862590032e-01 8.054482317313224060e-01 8.084639598756869772e-01 8.057919121694258058e-01 8.055385692162819744e-01 8.100057872203129117e-01 8.084024246918923851e-01 8.085784994979422491e-01
8.734403364394711933e-02 6.870308387854873189e-02 3.120393807982472789e-01 6.058033023252997751e-01 4.719262135439705741e-01 4.299629813246185761e-01 6.900524061237128803e-01 1.000000000000000000e+00 6.957152300220451613e-01 5.890165947300857185e-01 7.090175148936731508e-01 7.721232252165676213e-01 6.904966919418470406e-01 6.715236645856934583e-01 7.544698115930325022e-01 7.827260544924423691e-01 6.643277407153667102e-01 6.909566022195807733e-01 6.584547887972307390e-01 6.640812275669768505e-01 6.813143518570736745e-01 6.893371744280043512e-01 6.622307912987244194e-01 6.423754564735117967e-01 6.240438712005245137e-01 6.848797303254317015e-01 7.067520029462530662e-01 6.950901515973582079e-01 6.745327106973689757e-01 6.924294187746097284e-01 7.341847673937831331e-01 7.561481151251281396e-01 7.091891488676370647e-01 7.197958393582007952e-01 7.077384978828882289e-01 7.336145123983254246e-01 7.097715789297834865e-01 7.550016860753502312e-01 7.449691436072357620e-01 7.299947057147088136e-01 7.287782339420183497e-01 7.428655031414739263e-01 7.629893687477903308e-01 7.612031516458876990e-01 7.468871978843540926e-01 7.441460631426657368e-01 7.353310009236971867e-01 7.363202644716474454e-01 7.668190280902611455e-01 7.561189600631240681e-01 7.703613553019494908e-01 7.239983926166581041e-01 7.509254647321564891e-01 7.388267711174995034e-01 7.449203433018798393e-01 7.339550518782241850e-01 7.707447865038217216e-01 7.331574163559634316e-01 7.611755766579766380e-01 7.395478165979488816e-01 7.672461201531294295e-01 7.586829269864101555e-01 7.667501488274421906e-01 7.573356025772501887e-01 7.376225352380229028e-01 7.612258783844274568e-01 7.315223077757534442e-01 7.318653325720605451e-01 7.422952690628163985e-01 7.742715602691410126e-01 7.609520774325227999e-01 7.409798864685537279e-01 7.485329749487702466e-01 7.387228160912271413e-01 7.379689320554209120e-01 7.317822697919221797e-01 7.278798808582248592e-01 7.363232806914308259e-01 7.411044132618204161e-01 7.363256230337036357e-01 7.404579956133168217e-01 7.415940494028600005e-01 7.508876770057059113e-01 7.278372119368171633e-01 7.485530829421583876e-01 7.537252020658626872e-01 7.461242743572314984e-01 7.477560342311970754e-01 7.461930144874767690e-01 7.376929181537327240e-01 7.384756849271719714e-01 7.367910841239967423e-01 7.448264244633248099e-01 7.474890498243689230e-01 7.377699180494483588e-01 7.383309740922605613e-01 7.624725846779756289e-01 7.639816748099613752e-01 7.586315926911699759e-01 7.591118320948363474e-01 7.568295140808194432e-01 7.573405590954123134e-01 7.500750197914231032e-01 7.495901351925756684e-01 7.579463383125918385e-01 7.547030646878707394e-01 7.518062442301985948e-01 7.327857208386078236e-01 7.379408605766982765e-01 7.406557655251689853e-01 7.441869676129503341e-01 7.422134770566942708e-01 7.494204798128522027e-01 7.532013525093600448e-01 7.425362952046102860e-01 7.502184523894702695e-01
1.895129951914131528e-01 1.369615025166248112e-01 3.830517040897836178e-01 5.705614213774995447e-01 4.776282154890715281e-01 5.137599337476475014e-01 7.277982012221366759e-01 6.957152300220451613e-01 1.000000000000000000e+00 7.117883888864012798e-01 8.018485158833480453e-01 8.282878181103877635e-01 7.782992876490933964e-01 7.685907140243122271e-01 8.393151611053872863e-01 8.147469877039943409e-01 7.985300685982676949e-01 7.358302954176993982e-01 7.519801723265242543e-01 6.369271903477433661e-01 6.631142767970832352e-01 7.721453112099579963e-01 7.705569803892498015e-01 7.240741360878956145e-01 7.268104190728224001e-01 8.077511095925170581e-01 8.268029462085705328e-01 7.971905797302020202e-01 7.662912035486969531e-01 8.158339843319719620e-01 8.493321913097421350e-01 8.399453996592525229e-01 7.875344564131894209e-01 8.058135426030532678e-01 8.154134456464638969e-01 8.274262648196458736e-01 8.335353104276599367e-01 8.190919220611709850e-01 8.483489667676942236e-01 8.170887061057751088e-01 8.479646125609368035e-01 8.461416954731835194e-01 8.506026188222537421e-01 8.618921267226685723e-01 8.600157647274102590e-01 8.416062810241660141e-01 8.514348288674511434e-01 8.592910304840025715e-01 8.531791369757253385e-01 8.161912707188588856e-01 8.336576061081786282e-01 8.220492777350149050e-01 8.604933389461972837e-01 8.610923629604346763e-01 8.380001998616992687e-01 8.511345839036669192e-01 8.674742205790425542e-01 8.478464679326008779e-01 8.396203966247409722e-01 8.740540626189948759e-01 8.593567370910835113e-01 8.615276868347269135e-01 8.436452237863450998e-01 8.587607255986620114e-01 8.693062142188014985e-01 8.765263243979293240e-01 8.576699327271785078e-01 8.498365423246582173e-01 8.633209334548512803e-01 8.449800634217855544e-01 8.552049977431177563e-01 8.633182137824926272e-01 8.562674716466517344e-01 8.562763207300434498e-01 8.605704882226912211e-01 8.553023325681251565e-01 8.533002007375742881e-01 8.553540998722594102e-01 8.582058640664953497e-01 8.591905779311951319e-01 8.652065099760636313e-01 8.602532545975307698e-01 8.731663182030464654e-01 8.488937159903570118e-01 8.515715294834514948e-01 8.648077542104986026e-01 8.650696036228623376e-01 8.563016516276198420e-01 8.586848969486112759e-01 8.667415478734753487e-01 8.538681696020297140e-01 8.557927405505683094e-01 8.636105612731530545e-01 8.585671542098859410e-01 8.529406487626406408e-01 8.597172342979043647e-01 8.597818968014419028e-01 8.544841347166958201e-01 8.552294319454187832e-01 8.615431490211001853e-01 8.614995668439897614e-01 8.570693720562378992e-01 8.668977446346105564e-01 8.615444429319555342e-01 8.687867215956033284e-01 8.657413385807880557e-01 8.622780375128707986e-01 8.581056165791415280e-01 8.581623167474597969e-01 8.571400668358611918e-01 8.581005511819055354e-01 8.679997124814616827e-01 8.612839757913239858e-01 8.625611643784375504e-01 8.676089727593522261e-01 8.659271258810605776e-01
5.632274547882628463e-02 1.674453925524379827e-01 3.061969834498595722e-01 4.070836268809138181e-01 3.943280493633062878e-01 4.711585310210457123e-01 6.332174534366117324e-01 5.890165947300857185e-01 7.117883888864012798e-01 1.000000000000000000e+00 7.238215777878350687e-01 7.285273180728648601e-01 6.896082135197311169e-01 7.031769782036064731e-01 7.726988609076456127e-01 7.386770575428122099e-01 7.119992797979310950e-01 6.464241628161921938e-01 6.771891458453007662e-01 4.927317296432527360e-01 5.395147739014498622e-01 6.725282765105345950e-01 6.899836805655777949e-01 6.539069678634340521e-01 6.420662711816500501e-01 7.705887031203215720e-01 7.512743320948339631e-01 7.229191879809299115e-01 6.926524397602727978e-01 7.665487447321278625e-01 7.853367515645282015e-01 7.664978420600263576e-01 7.340012407473354150e-01 7.318628967645628425e-01 7.587140752413781275e-01 7.297714700377906372e-01 7.618259376978413489e-01 7.571613449555270048e-01 7.794352999520024472e-01 7.419308164762783431e-01 7.936242278247480630e-01 7.789846311386240396e-01 7.566495623461449993e-01 7.801463321999526634e-01 7.768047641485514854e-01 7.754605005680625940e-01 7.991829331369075806e-01 8.101002612972142414e-01 7.804551217196353807e-01 7.309208370420146039e-01 7.611261253128071003e-01 7.106548224708011396e-01 7.769994021643409354e-01 8.099050451121412308e-01 7.935428790902983032e-01 7.942627559042750862e-01 7.837189750373347863e-01 7.930661892439218041e-01 7.876641571304836553e-01 7.997064562493609863e-01 7.900261368413199481e-01 8.024521086805593839e-01 7.856587138868066367e-01 7.843362419793116214e-01 7.867280549696583636e-01 7.940346487756930749e-01 8.048517333272717789e-01 8.016812708715276292e-01 8.047343384847758241e-01 7.646896035682440029e-01 7.796999469413593564e-01 7.979850852423976404e-01 7.882123393213532614e-01 7.897534702005607476e-01 8.067045333027897946e-01 8.014611999012026811e-01 7.979987648904535158e-01 7.920517451421549282e-01 8.014318838983888194e-01 8.117314264139734448e-01 8.054460149183313433e-01 8.065822571061280755e-01 8.045376997167389410e-01 8.048589671282951885e-01 7.874989568932774242e-01 7.981348246110238076e-01 8.007107311993950649e-01 8.000016839608585784e-01 8.054129061881349916e-01 8.042784812224527125e-01 7.933977097336122331e-01 8.006897048837301467e-01 8.018573971171593096e-01 7.982294552826567635e-01 8.046231057710018231e-01 8.095639601224032811e-01 7.764415567546231189e-01 7.783095109308086901e-01 7.956311396146883430e-01 7.947784744306503057e-01 7.943168943148597450e-01 7.982213054358662241e-01 7.970553807485424302e-01 7.984324216766892635e-01 7.938302514342696625e-01 7.996772957626272493e-01 8.000813329333716917e-01 8.099521958259680021e-01 8.108900953987187021e-01 8.029054241614260734e-01 8.048570152144727263e-01 8.054026785395035359e-01 8.074016389765381607e-01 7.998685114836234789e-01 7.967031932549272222e-01 8.022044076517033107e-01
7.306644403909035024e-02 1.177788844236954818e-01 3.846266028045520757e-01 5.628133628650184850e-01 4.788549963867566595e-01 5.273896105017397140e-01 7.494470001260434833e-01 7.090175148936731508e-01 8.018485158833480453e-01 7.238215777878350687e-01 1.000000000000000000e+00 8.690076038828420391e-01 7.886974081959302607e-01 8.038828353040201602e-01 8.789627014405149152e-01 8.548097723610201815e-01 7.980189450926673533e-01 7.616107342634341748e-01 7.802116775067977628e-01 6.502853900147004262e-01 6.996241961086199224e-01 7.987974245820099739e-01 7.768256742990765629e-01 7.367978740604994581e-01 7.460706755657842137e-01 8.425966403951867800e-01 8.506622502943316233e-01 8.285331624420633201e-01 7.880102514302371741e-01 8.375623540006296164e-01 8.858179242721762048e-01 8.710286260344690668e-01 8.256688567905753340e-01 8.343045428922932771e-01 8.361326925172570812e-01 8.470378082796551356e-01 8.689604694916064354e-01 8.652523157462683745e-01 8.858564907038118941e-01 8.620996018460170829e-01 8.875676198562744146e-01 8.856839173276809252e-01 8.780257278646256269e-01 8.952403392628790479e-01 8.903543886388295414e-01 8.832970299721620844e-01 8.928694144191722248e-01 8.941982615146234492e-01 8.911707140574977037e-01 8.559202875045319736e-01 8.816950138620446298e-01 8.390001258223990233e-01 8.839287678749594424e-01 8.913481416575199656e-01 8.811562801999636152e-01 8.806426145390153781e-01 8.903413788297945830e-01 8.827919753896550370e-01 8.898362462041395915e-01 8.928383770997603275e-01 8.960479820052951183e-01 8.950747768794032888e-01 8.882525885066170357e-01 8.908029006380105974e-01 8.886010193310122096e-01 8.959524432399152971e-01 8.924548111118476568e-01 8.915429179421903161e-01 8.951394180356231356e-01 8.882848825060351006e-01 8.930456276569329610e-01 8.985772443677200183e-01 8.862447661473671356e-01 8.890918290149342207e-01 8.979253602891251740e-01 8.965008375048308942e-01 8.906426300632582782e-01 8.871801693638263764e-01 8.932337967215185914e-01 8.921761119005778840e-01 8.961939272938368450e-01 8.978985955607658997e-01 8.981010435485289323e-01 8.879767722572624589e-01 8.909434345267918109e-01 8.993527196936331736e-01 9.006729852809658432e-01 8.968347488383076049e-01 8.981381369890728550e-01 8.937249094350581125e-01 8.945883152959858142e-01 8.958504866982052173e-01 8.990901597472327200e-01 8.978611262674716098e-01 8.921248231586084154e-01 8.964512028285692713e-01 8.908137476357759210e-01 8.868416050482063051e-01 8.966388615299043519e-01 8.977985995563051436e-01 8.982140358750654308e-01 8.958207397580787434e-01 8.960826006362723195e-01 8.972422949333600517e-01 8.998470867323524747e-01 8.939077577041626421e-01 8.964483230639305189e-01 8.944996007062679944e-01 8.954535239360016385e-01 8.929807992207652312e-01 8.944775987829789443e-01 8.961092328527703321e-01 8.941308764492114092e-01 8.965265597497862338e-01 8.955779350389505566e-01 8.956338174013066533e-01
8.140033269622856671e-02 7.879133181367484196e-02 3.989986767713920024e-01 6.527225173090487331e-01 5.177308694213872409e-01 5.466261150717746098e-01 7.929929652768608062e-01 7.721232252165676213e-01 8.282878181103877635e-01 7.285273180728648601e-01 8.690076038828420391e-01 1.000000000000000000e+00 8.240709310676541666e-01 8.233101223761837284e-01 9.144516914434399624e-01 8.971799663931624425e-01 8.036807625519759579e-01 7.916658184874865167e-01 7.887300640139813801e-01 7.370513089888047764e-01 7.785414064911214682e-01 8.237269783526004474e-01 7.764880234322105723e-01 7.552218791861918801e-01 7.502741098934503361e-01 8.404771904286151285e-01 8.686291044284224494e-01 8.468547216266573141e-01 8.107833967168662781e-01 8.362902473776006040e-01 8.989031527492854501e-01 8.936452497211796464e-01 8.402263555513823645e-01 8.586618549152058577e-01 8.414765051266404061e-01 8.735507688884874833e-01 8.762113656252852323e-01 9.062584695341433516e-01 9.069837801099939201e-01 8.858701485384589125e-01 9.049069092670812831e-01 9.115561551207043145e-01 9.183965197795688207e-01 9.278081306602400380e-01 9.114999007315709445e-01 9.144495864845538780e-01 9.129694084003423526e-01 9.096759530892492007e-01 9.225167651632993904e-01 8.992452888817107359e-01 9.213691714174671032e-01 8.865638719262064482e-01 9.223852491817332577e-01 9.027957859286080966e-01 8.971109039938567342e-01 8.890548184242565988e-01 9.128520654231478959e-01 9.037276301280373625e-01 9.160498671099083223e-01 9.146265565043216750e-01 9.279964973108897341e-01 9.192114288737887051e-01 9.220629553492234454e-01 9.192399915134801258e-01 9.121469435939185688e-01 9.233372259369506674e-01 9.060029908383465669e-01 9.015089246950538371e-01 9.034768417970816534e-01 9.317025349192422645e-01 9.257153004758879034e-01 9.137814231359997486e-01 9.085006691612610430e-01 9.069216997127128588e-01 9.126261381566797004e-01 9.121184341610518720e-01 9.094138990064575268e-01 9.054341936053690310e-01 9.113352612876089998e-01 9.033341023678230775e-01 9.129324318377004532e-01 9.160801547971041403e-01 9.108546758806335131e-01 8.951465499982722562e-01 9.081503276063976893e-01 9.185183987003503470e-01 9.207561401388102418e-01 9.155387971588186957e-01 9.185430739130500122e-01 9.057927057111697655e-01 9.108906815595729789e-01 9.158849165647007240e-01 9.188090422535905022e-01 9.211120417395082249e-01 9.126401197539713017e-01 9.134042374246363893e-01 9.163922241548473346e-01 9.168174654635118381e-01 9.222223540114745655e-01 9.236127102779273512e-01 9.249487653245201946e-01 9.184922686272013470e-01 9.242898464163641359e-01 9.227330552297335897e-01 9.271213609803234945e-01 9.136383259847932203e-01 9.156693760416555472e-01 9.076507970960094873e-01 9.077470840388632833e-01 9.128698221895931164e-01 9.133823804423936155e-01 9.171922970178651990e-01 9.141800824914166901e-01 9.203928425498625332e-01 9.188127313911070848e-01 9.185000317980476225e-01
6.119960118113802056e-02 1.204134470871576768e-01 3.578245801449587149e-01 5.522353112983889867e-01 4.894261118965902990e-01 5.029129363446558365e-01 7.205444938796530252e-01 6.904966919418470406e-01 7.782992876490933964e-01 6.896082135197311169e-01 7.886974081959302607e-01 8.240709310676541666e-01 1.000000000000000000e+00 7.678558539167370522e-01 8.449095465910594349e-01 8.311082889579645139e-01 7.585504438925165793e-01 7.067326856498847842e-01 7.184063959167971136e-01 6.371642734046851775e-01 6.665706007887621798e-01 7.423834776935136492e-01 7.031059649829312086e-01 6.773305563214427893e-01 6.754494623944209408e-01 7.825120184489580133e-01 7.963638169721349858e-01 7.736416520993792956e-01 7.312565317865686865e-01 7.837410683686704127e-01 8.325658564084525981e-01 8.117187435873940426e-01 7.625335254910780014e-01 7.852922798900902057e-01 7.809399020910755551e-01 8.067851618634260813e-01 8.045099809641441668e-01 8.229589479183124778e-01 8.420976033539954164e-01 8.117434697797345500e-01 8.431599991173147624e-01 8.456476255848436319e-01 8.478738319451195604e-01 8.584012873213185957e-01 8.446095150710346555e-01 8.463859327339554595e-01 8.572194013222893538e-01 8.526746259123577643e-01 8.504723971271314076e-01 8.147893786402881089e-01 8.382901034219308878e-01 8.100375151907376337e-01 8.468259843952994359e-01 8.504845805979325268e-01 8.345461326908537592e-01 8.304457017236304139e-01 8.495273291306776331e-01 8.498547224118147003e-01 8.465713405533812352e-01 8.639634056409959406e-01 8.610283974748421665e-01 8.590598188959160941e-01 8.547196516029705871e-01 8.589831475143844264e-01 8.562907748148594900e-01 8.633013650120791027e-01 8.533755409846300877e-01 8.463712882462871567e-01 8.423741491094451916e-01 8.533540311382864507e-01 8.559534624056032159e-01 8.546905696223662252e-01 8.414127112834753897e-01 8.403757814862274911e-01 8.542216445323674856e-01 8.527199915491296967e-01 8.495333377906186811e-01 8.420771833638992510e-01 8.534875876786331972e-01 8.485304883947210053e-01 8.496266304668212976e-01 8.584585982974147766e-01 8.525423692491559402e-01 8.396433105470987313e-01 8.465361520620288127e-01 8.550122696502856501e-01 8.582824511568929449e-01 8.584145181658939805e-01 8.609433337372153217e-01 8.485730400034867671e-01 8.493148869237769905e-01 8.594842582386283958e-01 8.590098967583549294e-01 8.629851971418402989e-01 8.590518467370256150e-01 8.601224963428107939e-01 8.510655447009867203e-01 8.506466973760159478e-01 8.622114456876844857e-01 8.582663096659249868e-01 8.643047551930416184e-01 8.598898085648476464e-01 8.659214474542497042e-01 8.647539694183373760e-01 8.663309983424125615e-01 8.585843895420042227e-01 8.573028904730104482e-01 8.562016925748552332e-01 8.551887519745863253e-01 8.592016681823048119e-01 8.574906494218691444e-01 8.658929634332929171e-01 8.598650027053604816e-01 8.645939345530532227e-01 8.608830916206724471e-01 8.643027798508623460e-01
