1.000000000000000000e+00 1.877122610098339583e-01 1.897236431104823429e-01 6.568585022586931332e-02 -2.020827157075127858e-03 7.680531187255267012e-02 1.208338833548343837e-02 2.658132813722301896e-02 1.480840877485223028e-01 7.815891877724655268e-02 7.640433995809843559e-02 1.139959118371559887e-02 -1.589992730325781936e-02 4.221811727809185455e-02 8.497162778109414519e-03 2.467971839741613278e-03 1.111041905334577279e-01 2.595730826519803136e-01 2.142700847433926248e-01 1.432646870174471010e-01 1.931680975547999668e-01 2.238476669800299190e-01 2.267928347149180124e-01 2.629333693920845594e-01 2.209905219080921246e-01 1.443194670269879742e-01 1.239446057700700904e-01 1.486994787933375861e-01 1.613850864399258567e-01 1.551723870815225337e-01 1.149402521900358964e-01 1.398756356306302961e-01 1.831530029758361711e-01 1.735423865546104061e-01 1.683825581195587395e-01 1.238400977255682961e-01 1.260422734477329720e-01 8.616598665007629831e-02 1.022363621298481018e-01 8.112707285748020636e-02 4.319553212197275310e-02 3.816341126390226934e-02 2.678929617082983355e-02 3.732642704796832606e-02 9.967164874447898004e-02 6.177228414151360314e-02 9.192350484141744230e-03 3.018613201617810840e-02 5.309531060287988463e-02 6.710223903353777775e-02 2.879120388527296737e-02 2.331319200045531975e-02 3.365977458001227079e-02 5.902226011181691684e-02 8.696096221703160378e-02 9.954689884940029487e-02 8.034229279589800987e-02 2.226682780488114383e-02 4.047289836744989017e-02 4.106273223400561806e-02 1.600393764467523960e-02 4.671039713282561234e-02 3.127500415033940967e-02 4.061284896257311844e-02 6.311724291248353713e-02 5.951331832314504799e-02 4.304251102895804981e-02 7.130228804088799277e-02 8.812165930599957786e-02 6.215017418065380689e-02 7.967587282322291520e-02 7.501173334433983153e-02 1.210438372539932028e-01 9.193973093232628291e-02 5.893964351330097801e-02 5.969543753461474533e-02 5.436749384809475699e-02 6.915906679558229964e-02 4.083578146050731439e-02 6.529852792062226796e-02 7.997088048788068837e-02 5.262517047811060555e-02 9.818933009411048851e-02 8.165777603635619719e-02 8.466760692416194778e-02 8.032047048682147694e-02 6.701610601963745029e-02 4.356400158605853307e-02 4.759947974574992718e-02 6.654507854737799766e-02 5.290798773661386373e-02 2.274264607679430186e-02 4.319414857473121566e-02 3.039534739645462919e-02 1.236541546225142230e-02 2.067819005591591333e-02 2.326354070401961960e-02 4.736598817618196955e-02 1.389352010135456138e-02 8.184093687452825491e-03 9.091492065787677018e-03 1.738517927872327423e-02 1.961732457592140627e-02 1.267689269008965072e-02 1.900092077865399645e-02 6.519811059904945250e-02 3.681182693614522272e-02 2.425340081544657966e-02 4.073145565525807671e-02 1.638248754689098502e-02 1.706565411968897356e-02 1.925841448436621875e-02 1.470382579088558468e-02 2.894810356426200798e-02 3.767499875334018311e-02 2.410038117492877691e-02
1.877122610098339583e-01 1.000000000000000000e+00 1.203742312542172010e-01 7.338668306743492686e-02 5.720557051074322968e-02 1.156265580229968726e-01 1.429366788688237189e-01 1.210818653353426949e-01 1.933657015371942622e-01 1.595180853422441536e-01 1.703758376690896470e-01 1.250358116898566685e-01 1.250766951056463405e-01 1.075750019527319384e-01 1.495313708916784778e-01 1.326974959053711378e-01 1.874059467365003784e-01 2.429829440866382029e-01 2.286654640696126339e-01 1.448461866608799498e-01 1.976775383169984690e-01 2.119270557449952908e-01 2.498890589136763263e-01 2.583458236714639700e-01 2.319240877625025898e-01 2.065408094931464045e-01 2.103639054619247939e-01 2.190646801412007294e-01 2.196690983269661557e-01 2.198334788891782854e-01 2.096483335098061618e-01 2.217456526392566352e-01 2.458611447555400786e-01 2.301443783001151655e-01 2.229097396652233443e-01 2.101807500587248023e-01 2.153618301180713068e-01 1.963147682124191107e-01 2.019031147682069927e-01 1.895506924968342610e-01 1.666209686616704766e-01 1.670972813000586865e-01 1.566700054689743049e-01 1.718988500535182373e-01 1.962392630199385757e-01 1.827458342727280305e-01 1.486276797685100737e-01 1.562474619211519922e-01 1.684155860853942532e-01 1.600474163624170387e-01 1.540455248552648482e-01 1.222418444355188316e-01 1.476530617148020808e-01 1.727643514257037882e-01 1.791377862708823376e-01 1.951391704017412243e-01 1.686213038950097332e-01 1.554453186554915489e-01 1.600560318595521947e-01 1.620305642058283702e-01 1.416501868538551367e-01 1.625886344287905128e-01 1.537957266759057140e-01 1.630569529376869053e-01 1.647573686154427675e-01 1.598445657680945542e-01 1.606201000976046900e-01 1.778816600593604025e-01 1.906119439890932299e-01 1.651222680312814384e-01 1.716834125197257976e-01 1.756124179657418682e-01 2.084407253514501124e-01 1.861298937106471707e-01 1.716321577102362383e-01 1.762668950452177252e-01 1.765187903113356604e-01 1.784985107014155081e-01 1.562927346174221022e-01 1.734793894424769278e-01 1.828157439874977530e-01 1.722740493202332690e-01 1.949223876460769722e-01 1.899912163256475550e-01 1.850105830235611037e-01 1.875063611855126988e-01 1.848037522691539647e-01 1.713814239759658964e-01 1.714080288547278619e-01 1.810845408131695200e-01 1.796592394956876837e-01 1.570805645234295278e-01 1.635037716371971483e-01 1.598328032082989847e-01 1.470394689555555856e-01 1.508705921025527974e-01 1.363358211471193404e-01 1.467086213671361661e-01 1.442710567448405312e-01 1.407268684611046872e-01 1.432053132022707842e-01 1.425385032070899671e-01 1.487380908713089311e-01 1.455009604335762430e-01 1.459644711339932732e-01 1.598506519166826567e-01 1.528570925692667726e-01 1.550627103499909454e-01 1.660632213595399920e-01 1.506417190465283440e-01 1.498228021230044449e-01 1.487396603610224022e-01 1.467400474417901723e-01 1.511553528292192417e-01 1.561145438950951592e-01 1.453962665813544330e-01
1.897236431104823429e-01 1.203742312542172010e-01 1.000000000000000000e+00 3.684834965282004493e-01 2.307181159900971446e-01 2.572418640730461670e-01 3.829882247232230252e-01 3.527194842789154183e-01 4.031722333009454262e-01 3.265740111833681514e-01 4.114439986553692363e-01 4.137097937991581764e-01 3.296264599076653146e-01 2.711274494295715098e-01 3.919471015162772631e-01 3.882488443969344116e-01 3.935306090888215369e-01 4.524122748517576675e-01 4.376596270682920342e-01 4.117627903993644201e-01 4.485750169632331530e-01 4.611717077148142496e-01 4.510438417686727375e-01 4.396959657339821748e-01 4.468757362769490982e-01 4.293929669851415665e-01 4.368236242915441436e-01 4.205119180394389922e-01 4.103619508191243548e-01 4.245782811769970855e-01 4.321121649999543068e-01 4.538558865875502724e-01 4.110126627864872373e-01 4.542674792722117827e-01 4.221149493297862154e-01 4.327486863437387532e-01 4.311283886689812883e-01 4.097691265921833970e-01 4.254831067334159944e-01 4.119711665116865817e-01 4.117861522539604247e-01 4.038126605605484309e-01 4.074531449299264030e-01 4.120277499771400342e-01 4.388850561951339602e-01 4.003237144685281024e-01 3.902648912475945031e-01 3.976542299459844831e-01 4.158467062183462959e-01 4.278479134908781401e-01 4.105584443885558765e-01 4.230399593992005824e-01 4.119666053405013906e-01 4.117265826642370063e-01 4.280644438396321028e-01 4.231928074840165532e-01 4.238198562790374546e-01 3.980217574524888002e-01 4.004428363315120643e-01 3.991006082567308266e-01 4.046997651805370189e-01 4.008010425998242976e-01 4.044528644161620723e-01 3.981845341283388184e-01 4.081616716474567585e-01 4.191364892310155965e-01 4.045617283222210925e-01 4.268483643698269825e-01 4.295005350720242365e-01 4.333319789989014126e-01 4.358987591496194525e-01 4.267613867949052175e-01 4.435584806635387012e-01 4.378711533640333164e-01 4.146989655270886255e-01 4.131416112227856430e-01 4.038941989202743943e-01 4.032575869648381550e-01 4.005618224885343359e-01 4.117540028160033838e-01 4.177951801826296219e-01 4.157260173565113237e-01 4.307199223567474422e-01 4.086516434117641872e-01 4.233867902867538002e-01 4.268151631198757179e-01 4.209156235164234761e-01 4.048470416313177389e-01 4.095669106756985034e-01 4.141211753211855862e-01 4.057853457263400632e-01 4.021898548429609366e-01 4.120612840752034822e-01 4.012368987778265894e-01 3.939988971119141592e-01 3.961896299551797562e-01 4.084423798870858158e-01 4.186199905117335418e-01 4.025273527485470626e-01 4.004614764672251859e-01 4.021647011516570891e-01 4.036469746058298225e-01 4.063120966737830964e-01 3.977938615029065761e-01 4.134283085407284841e-01 4.083596260938304745e-01 4.080142764700123714e-01 3.958880776834782789e-01 4.083716491530441361e-01 3.952513251730074284e-01 3.970651724057693843e-01 3.967676056587691180e-01 3.930446637835355306e-01 4.004038209858027941e-01 4.025875655429806410e-01 4.024598169075415677e-01
6.568585022586931332e-02 7.338668306743492686e-02 3.684834965282004493e-01 1.000000000000000000e+00 3.947853515972131189e-01 3.507542549774134155e-01 5.699582063345514094e-01 5.704682818094143348e-01 5.243566770435004187e-01 4.538188703790272949e-01 5.887565723261763972e-01 6.628214612345899592e-01 5.108611568324352703e-01 4.487576840433241676e-01 5.950510986851406114e-01 5.989883455764664077e-01 5.003079362565419075e-01 5.350849464575669900e-01 5.220083352431376111e-01 6.088569804689419884e-01 6.284354291003941828e-01 5.724541001123435446e-01 5.446549271254450542e-01 5.243800793827128048e-01 5.174950167576360949e-01 5.721906794061135670e-01 5.658155569949709918e-01 5.343738363631549415e-01 5.135329174012221998e-01 5.329917836329892689e-01 5.632020600909597441e-01 5.998249899822508668e-01 4.934741048499512450e-01 5.873318062973502673e-01 5.046339532518236970e-01 5.694160924497924103e-01 5.580539049605142132e-01 5.687551525865518487e-01 5.726086634236196016e-01 5.802880445372892160e-01 5.919165093652010157e-01 5.838537651302961873e-01 6.019148520135276792e-01 5.930373931126284859e-01 5.954317362676142533e-01 5.610451485691058116e-01 5.827029766113381859e-01 5.828367310186051142e-01 6.152473711554832247e-01 6.120434976396442739e-01 6.160358987928727936e-01 6.427532395313906299e-01 6.219537244969881584e-01 5.872845494175742420e-01 6.080750086057825632e-01 5.847894468794421208e-01 6.124254627458218803e-01 5.863435059356328916e-01 5.892697871650141028e-01 5.833565889636862511e-01 6.104369077800255727e-01 5.814753943339231457e-01 6.126468873979562524e-01 5.844204458978803363e-01 5.850962110938472405e-01 6.021426629172278444e-01 5.767307043134538569e-01 5.923455668916038919e-01 5.814497449583574396e-01 6.305868799482126086e-01 6.130174151778520208e-01 5.836048002151326131e-01 5.949395462793374278e-01 6.004058239566569810e-01 5.860373266140151971e-01 5.759169407538692331e-01 5.695294775031426449e-01 5.547730747713237598e-01 5.835723903998554229e-01 5.688305850797359398e-01 5.627536967699620085e-01 5.786849669907064841e-01 5.921938883577210211e-01 5.482038620700098175e-01 5.681101547907263516e-01 5.920790065516776668e-01 5.808274713785950283e-01 5.796796322184059047e-01 5.767811377487866986e-01 5.818033228612546903e-01 5.662648661461174848e-01 5.852448953444376878e-01 5.883966786020173867e-01 5.854876729419271619e-01 5.839832155794285606e-01 5.790701194080223324e-01 6.075362856442598769e-01 6.102037494628687053e-01 6.051867935500361284e-01 6.002928741461329709e-01 5.968872652093712983e-01 6.051779175701744728e-01 5.996344937311093304e-01 5.912603266136872149e-01 6.157677291815463194e-01 5.945171182349517913e-01 5.959239559579710965e-01 5.732673238258393367e-01 5.907932120963169664e-01 5.879990268608740189e-01 5.887840033585544086e-01 5.853382943390109672e-01 5.839384119501820347e-01 5.878528495566781586e-01 5.838468677696367903e-01 5.994625463217132522e-01
-2.020827157075127858e-03 5.720557051074322968e-02 2.307181159900971446e-01 3.947853515972131189e-01 1.000000000000000000e+00 2.690839970664650749e-01 4.850661828381757634e-01 4.843132157863013765e-01 4.385210253315193207e-01 3.934175685956270430e-01 4.639673261161603723e-01 5.010766591050713759e-01 4.668424325369427974e-01 3.510209201082131747e-01 5.058977116863216938e-01 5.086984507837589709e-01 4.096892853671725288e-01 3.920886387667734674e-01 3.989162730883240582e-01 4.222673875100322327e-01 4.253306876265723346e-01 4.195221191325419485e-01 4.054536009183582479e-01 3.889009398868473188e-01 4.003725130520836561e-01 4.611908284372941425e-01 4.549248841149154954e-01 4.508370840090389353e-01 4.265492285554191021e-01 4.531990714604316461e-01 4.802973701801984130e-01 4.682205449725309054e-01 4.216143930366221260e-01 4.560303662573563233e-01 4.345396117798745461e-01 4.538321344877278007e-01 4.588365622513039810e-01 4.726117048561678247e-01 4.806631172789865847e-01 4.750454511378408018e-01 4.964254455322661408e-01 4.936230400340242963e-01 5.095046936428284656e-01 5.037652589716139495e-01 4.926663806987335859e-01 4.839192222180885850e-01 4.999920037308511755e-01 4.924268106792782373e-01 4.917175061157499916e-01 4.863598894371275461e-01 5.005227407859017541e-01 5.036177307616039878e-01 5.015763395198316044e-01 4.880943493505901509e-01 4.902695953973009724e-01 4.865953563941651239e-01 4.836159444283746334e-01 5.006865705157759194e-01 4.901516868125427306e-01 4.936552855118560568e-01 5.106622707357260094e-01 4.884266873097132811e-01 5.011991438147895828e-01 4.880750235525115888e-01 4.815074626289153059e-01 4.922872239166813935e-01 4.929689212257160613e-01 4.975219382466243290e-01 4.893298403098014782e-01 5.148034452475259704e-01 4.975750701036845136e-01 4.900175466117230871e-01 4.838564318441103684e-01 4.901787533382405693e-01 4.973324823371429448e-01 4.889186072485060541e-01 4.876624904221602552e-01 4.770087252241860254e-01 4.978187891595785564e-01 4.875876911142923986e-01 4.841319197086242365e-01 4.959184863782166719e-01 4.860326608066680154e-01 4.769590998564167128e-01 4.844936762713085154e-01 4.896842232439463927e-01 4.900652826951892860e-01 4.945085672111859676e-01 4.936616787507995818e-01 4.919184348688339647e-01 4.868019680916871317e-01 4.988561213224858015e-01 4.968825297209952252e-01 4.998195750420169614e-01 5.006707255603357609e-01 4.977866621911287148e-01 5.028228938024261740e-01 4.989553775544587899e-01 5.111280416944156135e-01 5.081490731468283339e-01 5.091228458989582872e-01 5.071818651098590758e-01 5.055359155962528828e-01 5.027341354249720284e-01 5.079562571582061370e-01 4.887937317728610065e-01 4.983817443498430588e-01 4.957979572889800179e-01 5.004806088505834305e-01 5.014996673125604598e-01 5.016564184334413312e-01 4.993905147410632739e-01 4.966524545453582795e-01 4.988128798551418885e-01 4.955230495907806954e-01 5.023280354234412881e-01
7.680531187255267012e-02 1.156265580229968726e-01 2.572418640730461670e-01 3.507542549774134155e-01 2.690839970664650749e-01 1.000000000000000000e+00 4.759284232722568175e-01 4.107137401890186834e-01 4.958868409185924198e-01 4.321326639068622244e-01 5.125451495025641346e-01 5.061302474994341383e-01 4.529792909070388118e-01 3.916246339301689416e-01 5.117981976397029120e-01 4.976655725717891721e-01 4.842817070303107596e-01 4.624922697898454227e-01 4.938031245812961600e-01 3.975248626763387971e-01 4.550163198052532554e-01 4.931639566789481899e-01 4.761180872262844588e-01 4.565772860028325941e-01 4.859632091665219145e-01 5.272130100244371009e-01 5.250781852576233977e-01 5.257937884254838545e-01 5.097245738350580924e-01 5.338233822674042228e-01 5.414416838936586540e-01 5.289897114649519949e-01 5.037371952043614431e-01 5.218791217285833062e-01 5.208806165119432841e-01 5.270618762881608133e-01 5.341437763398099170e-01 5.424283161133768294e-01 5.396559397191381668e-01 5.360134086724291924e-01 5.375485520569570630e-01 5.395071889592515380e-01 5.310862213873263071e-01 5.379733733339402413e-01 5.389996905584045761e-01 5.410955576454935523e-01 5.299603779714791019e-01 5.380800993335461690e-01 5.357911274625970499e-01 5.244684329374151854e-01 5.292190203141518001e-01 5.105227791349253863e-01 5.327370363463371783e-01 5.384826985640868147e-01 5.410356787828537461e-01 5.472368917929280041e-01 5.318205145156069680e-01 5.359822366249434866e-01 5.354023213304914819e-01 5.407257246261812922e-01 5.320016614632074869e-01 5.410743686803478614e-01 5.385523639748646119e-01 5.385906750606394011e-01 5.340657700826202392e-01 5.361619523485818828e-01 5.361784254891558410e-01 5.401635189788733804e-01 5.431433546837303172e-01 5.320971439274606585e-01 5.374689957332690060e-01 5.418301504765365983e-01 5.372613496767975061e-01 5.385132381500227217e-01 5.409765053119215406e-01 5.423140780946230644e-01 5.383214369116825493e-01 5.361428087307924528e-01 5.349723341603749294e-01 5.357926049021028980e-01 5.397743576559865808e-01 5.427372132478566202e-01 5.443803143148565615e-01 5.412248904262946247e-01 5.387212675271872975e-01 5.419080462042439317e-01 5.424627400348317474e-01 5.413783305040439364e-01 5.430461478834668343e-01 5.432724054134656644e-01 5.410778265110574026e-01 5.361105428107882931e-01 5.376661674673994806e-01 5.383281038650854500e-01 5.366148716292100662e-01 5.364364695643477621e-01 5.253429735105007437e-01 5.261747458703159852e-01 5.319411384336842907e-01 5.289988113333977671e-01 5.321100525379537372e-01 5.285753315372074823e-01 5.327415840977665074e-01 5.360401734410554786e-01 5.353395800215904332e-01 5.334383222655383339e-01 5.365221696636793824e-01 5.368258294638449390e-01 5.396185414897189947e-01 5.336908642677128389e-01 5.341163731610306664e-01 5.347554165997135955e-01 5.338549381599762000e-01 5.330882250331036021e-01 5.367582429008115330e-01 5.346305105094482091e-01
1.208338833548343837e-02 1.429366788688237189e-01 3.829882247232230252e-01 5.699582063345514094e-01 4.850661828381757634e-01 4.759284232722568175e-01 1.000000000000000000e+00 7.405927059354676656e-01 7.353206742114561933e-01 6.724918548952012465e-01 7.806967262844449751e-01 8.156957453497157839e-01 7.496741975640933697e-01 6.130748898992555151e-01 8.397875707583393190e-01 8.328059802771304865e-01 7.274026418317642850e-01 6.465174860768282405e-01 6.893532741094489102e-01 6.256902830362220946e-01 6.601346121945482759e-01 6.941197076563596635e-01 6.728349305333564123e-01 6.263967189836024962e-01 6.588495415801834953e-01 7.881393703664784089e-01 7.720145557255198021e-01 7.706344506899938107e-01 7.236352608429164057e-01 7.569481395513303346e-01 7.996355537143015058e-01 7.924916661770945447e-01 7.345276745417312902e-01 7.675771495199870120e-01 7.395385740194110324e-01 7.791671982283522313e-01 7.787579659492780415e-01 8.185932804169900878e-01 8.165969302624630499e-01 8.046519908657377984e-01 8.317227108390237156e-01 8.351863547912957708e-01 8.435876204584306093e-01 8.378171163970971058e-01 8.266458924461025370e-01 8.214189568808119013e-01 8.349256064387714504e-01 8.329133336991003667e-01 8.244935669125448285e-01 8.134071787447864077e-01 8.339066323694510618e-01 8.156090285463530876e-01 8.260241189440776788e-01 8.266529151457583380e-01 8.238244972474156880e-01 8.216231033144256735e-01 8.139980822449673914e-01 8.325463583638633702e-01 8.261664956107162006e-01 8.314484934740090649e-01 8.421825041437261961e-01 8.237304164696765962e-01 8.328248460830567357e-01 8.269724669162979991e-01 8.176852405578920457e-01 8.279374367034472160e-01 8.327243196136761005e-01 8.295527233205367557e-01 8.248511271675660339e-01 8.353127888128955014e-01 8.200829539313664318e-01 8.204083416500854709e-01 8.052458193825078325e-01 8.106245525076808400e-01 8.357273929346157315e-01 8.278747736202883845e-01 8.303775916403688395e-01 8.072324779977440024e-01 8.310603409877851400e-01 8.170037272382096871e-01 8.122391700263476011e-01 8.304687209553098803e-01 8.214504266142154121e-01 8.125435246757614083e-01 8.187810760238634078e-01 8.246489498659788087e-01 8.233405542337408622e-01 8.380330830418706300e-01 8.344405394907296047e-01 8.308836421824482565e-01 8.280755685354588280e-01 8.400433258487817190e-01 8.334404359823880393e-01 8.391202238621049414e-01 8.362497580329958380e-01 8.358986920959954325e-01 8.278782574345300294e-01 8.233591147076224637e-01 8.412969115496516936e-01 8.407572274882325614e-01 8.459237645815735895e-01 8.378367120931046186e-01 8.347372815922540212e-01 8.397486994957353845e-01 8.400844759430959874e-01 8.192887002544163577e-01 8.320501287392821910e-01 8.338338783727570203e-01 8.384762449670510875e-01 8.363126241905499691e-01 8.378322814579721722e-01 8.366136566129213081e-01 8.342892006518428660e-01 8.339292399417460588e-01 8.294280169630952049e-01 8.353428544832350866e-01
2.658132813722301896e-02 1.210818653353426949e-01 3.527194842789154183e-01 5.704682818094143348e-01 4.843132157863013765e-01 4.107137401890186834e-01 7.405927059354676656e-01 1.000000000000000000e+00 6.939870025190219005e-01 6.214006896655107637e-01 7.373520415241020531e-01 7.883315729085073054e-01 7.072606228279948448e-01 5.732272235178169639e-01 8.019275006580841580e-01 8.034409191921829674e-01 6.796556043159449612e-01 6.144795337985772266e-01 6.442814335177954321e-01 6.140290320851214956e-01 6.533640681549301998e-01 6.757104484413316570e-01 6.467052420986819650e-01 6.026177019987511985e-01 6.237335963420342910e-01 7.421786676286176165e-01 7.326777273263903600e-01 7.201686097517393526e-01 6.640147971236715074e-01 7.110578332408659108e-01 7.528982820314567004e-01 7.589006028436017237e-01 6.875408568539740362e-01 7.361103131085515727e-01 6.930815025893275472e-01 7.370839442077111725e-01 7.354267968991875515e-01 7.729052029400057533e-01 7.699714324202990845e-01 7.667784056311371943e-01 7.956076174026137648e-01 7.921463251011394702e-01 7.986610360780364015e-01 7.969922152429931295e-01 7.796145407610222122e-01 7.696727571166663839e-01 7.953489006000240558e-01 7.917619152593342591e-01 7.973214230760942156e-01 7.851163149195632407e-01 8.036856712100883815e-01 7.989967966072671901e-01 7.970889185359293361e-01 7.860240422709706687e-01 7.892010127675074260e-01 7.791771638566924452e-01 7.883855288057448618e-01 7.979005103014241707e-01 7.951032134550518604e-01 7.919818178694859601e-01 8.083979288550026121e-01 7.853490773923791357e-01 7.998261599707965352e-01 7.880219660542259197e-01 7.830260801046633468e-01 7.927023657268792434e-01 7.925348277491471860e-01 7.901752748060844045e-01 7.849026388176824076e-01 8.005689390353121215e-01 7.892117230988175969e-01 7.835579492403940138e-01 7.705081252901894162e-01 7.738114841640787445e-01 7.922852080778421957e-01 7.833338413706862902e-01 7.801214467040361589e-01 7.571807674147964518e-01 7.860800531588219009e-01 7.737595824000488287e-01 7.694728993858506172e-01 7.860741994351119200e-01 7.839654551101257196e-01 7.654308619126810598e-01 7.789909898031432967e-01 7.876534811364946931e-01 7.808127790166343729e-01 7.930945694167246263e-01 7.900924287265153056e-01 7.885700232278167743e-01 7.832263757016909578e-01 7.979318835919618769e-01 7.935269517517409277e-01 7.951896536562762519e-01 7.978360589843387363e-01 7.966871062723430708e-01 8.029956583676430837e-01 7.976400821747180458e-01 8.091463718396587623e-01 8.080541317961340564e-01 8.053484372764245780e-01 8.082160245219165429e-01 7.998641339209054957e-01 8.020173814890677599e-01 8.075315979399253496e-01 7.911337744154537388e-01 7.996640305238413848e-01 7.924183818750355490e-01 7.986263654335382656e-01 8.010264558920997535e-01 8.035844205418243291e-01 7.989819639441094745e-01 7.974367051671398254e-01 7.977575129563924117e-01 7.927657459045220900e-01 8.009896046737744468e-01
1.480840877485223028e-01 1.933657015371942622e-01 4.031722333009454262e-01 5.243566770435004187e-01 4.385210253315193207e-01 4.958868409185924198e-01 7.353206742114561933e-01 6.939870025190219005e-01 1.000000000000000000e+00 7.204971515648554981e-01 8.213893654754674811e-01 8.180633992134095367e-01 7.384408591503223152e-01 6.365699891658113119e-01 8.354818482037383864e-01 8.200086595385315258e-01 8.050594245200984878e-01 7.504864936755355487e-01 7.907245833889813280e-01 6.461712821242971971e-01 7.353455161547863828e-01 7.973209391590836415e-01 7.512807729060237971e-01 7.286858896157579757e-01 7.758410898914351872e-01 8.557001553675114280e-01 8.435804656163715665e-01 8.412823646493974294e-01 8.166208134601110613e-01 8.555021059367066139e-01 8.749024209398181817e-01 8.524330936775189604e-01 8.173732692940891553e-01 8.410423909354541872e-01 8.354549137793659819e-01 8.445473727935800534e-01 8.598822867716653384e-01 8.643363848783823800e-01 8.701053599810957273e-01 8.408449391169542375e-01 8.682266616108513801e-01 8.632166418047999557e-01 8.463389495685947894e-01 8.720254801190029381e-01 8.722802881141518139e-01 8.684410312692582012e-01 8.638679703105079932e-01 8.750658225498304521e-01 8.708938135095252164e-01 8.528231653260109901e-01 8.600868778672623449e-01 8.354857982934875693e-01 8.650074544490479189e-01 8.833187467293017736e-01 8.841364896237948745e-01 8.731421982222999922e-01 8.760120652870097002e-01 8.719479400350221843e-01 8.752399769893908221e-01 8.803011488185701339e-01 8.655683600686655543e-01 8.800141531531349148e-01 8.688541382129665314e-01 8.751287468564444838e-01 8.773308796146774835e-01 8.814149931231181068e-01 8.746267445943722851e-01 8.808839629692265527e-01 8.827526813332174926e-01 8.678858536411251379e-01 8.759834668576010897e-01 8.815553967623402931e-01 8.703260991016845693e-01 8.708466859408764416e-01 8.821423487948796271e-01 8.780850968786237942e-01 8.740292744034932060e-01 8.682195438607841487e-01 8.722009233505721992e-01 8.789083622722008160e-01 8.763375863915818798e-01 8.799921296164572304e-01 8.820022712171894375e-01 8.764405167587083767e-01 8.742274568834520476e-01 8.775755125090499709e-01 8.760745301586386757e-01 8.755033145212873791e-01 8.774878569860394828e-01 8.804243754364472485e-01 8.699317175306280348e-01 8.708383496712677196e-01 8.759764532982446950e-01 8.735001726687814383e-01 8.695799752081512235e-01 8.713735059881081435e-01 8.530698114553257883e-01 8.693328933598006847e-01 8.655078982717282488e-01 8.618302081535036407e-01 8.629723817998199431e-01 8.659262896572589296e-01 8.685134263319862491e-01 8.692720856514428718e-01 8.680398756402823990e-01 8.764236877857075614e-01 8.745394659996414966e-01 8.718558013652816241e-01 8.786080675382450522e-01 8.696626758039432969e-01 8.701388035466858240e-01 8.730763563030710106e-01 8.712437094139888760e-01 8.737324725871079556e-01 8.779090709786241398e-01 8.727947736731931361e-01
7.815891877724655268e-02 1.595180853422441536e-01 3.265740111833681514e-01 4.538188703790272949e-01 3.934175685956270430e-01 4.321326639068622244e-01 6.724918548952012465e-01 6.214006896655107637e-01 7.204971515648554981e-01 1.000000000000000000e+00 7.380477130728131385e-01 7.418294166104859588e-01 6.897517629168101738e-01 5.809652160577606361e-01 7.731466411398458805e-01 7.582108752124212536e-01 7.140007052515872088e-01 6.127140082405294619e-01 6.772656100591761819e-01 5.278710695497089711e-01 5.873891360513515680e-01 6.621796753736169938e-01 6.547268608520141475e-01 6.130071184369751958e-01 6.631869194855508631e-01 7.541048411314286160e-01 7.571398233199335692e-01 7.638813183891609571e-01 7.307674610586203379e-01 7.637606764420152849e-01 7.913252505735535181e-01 7.643174751175050297e-01 7.423983455747538152e-01 7.446051459313237642e-01 7.471618087092924965e-01 7.703174899215359250e-01 7.797813395809141124e-01 7.953596758240855102e-01 7.929346743920299145e-01 7.704594863229879964e-01 7.964729993515763384e-01 7.974420876824210858e-01 7.849352581613447954e-01 7.997007513278384661e-01 7.899561166251128919e-01 8.027028641911387874e-01 8.004549156802107657e-01 8.063444163379233087e-01 7.910090027799023815e-01 7.700112702514602114e-01 7.876400320256214949e-01 7.527997591698757374e-01 7.806906837504945518e-01 8.009566304924400360e-01 7.917277902203244677e-01 7.940914030138772617e-01 7.758471862665495822e-01 7.987912613449357213e-01 7.957713248705376996e-01 7.998226317953628373e-01 7.943227254538745008e-01 7.973237203740184409e-01 7.894914398163221936e-01 7.988616522509747186e-01 7.947701342550125281e-01 7.947894311081207253e-01 8.045167907697734488e-01 7.985287108882890283e-01 7.996206533913466918e-01 7.806182865918918079e-01 7.865364325115685729e-01 7.997933172420497172e-01 7.784947155915257211e-01 7.860686750168627279e-01 8.044499082639845478e-01 8.060462540082008465e-01 8.052969828621946435e-01 7.995823839924013354e-01 8.017694538141028060e-01 8.054615470719843628e-01 8.014002044213680565e-01 8.092611643816570721e-01 8.008711102787501313e-01 8.057606518788801298e-01 7.976932606461991648e-01 7.984694005143574413e-01 8.069510142614153558e-01 8.101730822185218006e-01 8.086715671238307035e-01 8.039262676827361176e-01 8.037313937080156068e-01 8.066189239511528664e-01 8.088121953558397026e-01 8.083312428807903904e-01 8.034118333411143231e-01 8.075303820113426401e-01 7.753900882643938175e-01 7.792463076869499128e-01 7.951651370155509158e-01 7.967700921528698688e-01 8.020995518453968298e-01 7.934895261702789027e-01 7.972414638400014963e-01 8.031496701507998548e-01 7.972641644831817143e-01 7.843628984972992324e-01 7.998995638856505330e-01 8.078306931959818860e-01 8.049920327808249843e-01 8.023411984025302646e-01 7.993628017490683746e-01 8.042187300827228214e-01 8.030618847209295419e-01 8.030592446132590601e-01 8.039785251631687002e-01 7.978445929006172666e-01
7.640433995809843559e-02 1.703758376690896470e-01 4.114439986553692363e-01 5.887565723261763972e-01 4.639673261161603723e-01 5.125451495025641346e-01 7.806967262844449751e-01 7.373520415241020531e-01 8.213893654754674811e-01 7.380477130728131385e-01 1.000000000000000000e+00 8.723299375638611242e-01 7.751257809414838773e-01 6.581474728585922085e-01 8.726783849877947086e-01 8.636083051154580525e-01 8.098202790740725021e-01 7.585207304846829368e-01 8.034552954915211709e-01 6.786894728676494681e-01 7.662844561295009127e-01 8.270107027974389347e-01 7.774744260269410567e-01 7.431344069926898444e-01 7.964395098232890380e-01 8.786112453312241444e-01 8.695939146895736993e-01 8.671220179840798403e-01 8.322601008105436904e-01 8.713159105406802496e-01 8.988036578834778245e-01 8.860463336694627268e-01 8.370183238631851985e-01 8.656000338180671605e-01 8.493568773500512759e-01 8.760657442318269261e-01 8.833865369100281084e-01 8.956969107055828827e-01 8.972833473785019054e-01 8.846974728724137371e-01 9.025528193966245727e-01 9.007892492658520212e-01 8.980372328059978981e-01 9.087152023709630377e-01 9.033024251158131568e-01 8.981640361924586591e-01 9.010058520930117609e-01 9.035624386571688982e-01 9.079778583947275550e-01 8.932867995821065499e-01 9.043578900865930636e-01 8.818043224431716398e-01 8.994519854704783324e-01 9.065171907447960864e-01 9.085921682547304368e-01 9.033241418893209751e-01 9.015328175773852371e-01 9.015480390675185696e-01 9.019431705686880019e-01 9.040988199830328753e-01 9.052833054492847031e-01 9.020551864749115634e-01 9.029528304340069811e-01 9.044054872579521120e-01 9.008728601264893721e-01 9.080327804671208813e-01 9.050093657345014142e-01 9.101708693990842036e-01 9.086156703010735969e-01 9.005377311796656237e-01 9.119056783351070505e-01 9.114232537573448978e-01 8.963078912223592098e-01 9.050183357106295068e-01 9.120677172337499083e-01 9.095070038670491908e-01 9.063641593962918908e-01 8.970142439354552577e-01 9.032183481346933718e-01 9.031724974364636616e-01 9.018723095808450774e-01 9.090737182029082764e-01 9.120897324885349766e-01 8.999650497464334320e-01 9.025664075169691491e-01 9.069038909752846767e-01 9.089198756198073603e-01 9.075036338624886678e-01 9.062089576835833382e-01 9.106316011966644197e-01 9.050739919784694942e-01 9.074623919821221962e-01 9.107960693718059053e-01 9.102646859733038998e-01 9.032299630071874974e-01 9.029483703343461620e-01 8.955628325012738866e-01 9.011420825305924698e-01 9.017718277397661630e-01 9.019291147301079503e-01 9.048718715305086313e-01 9.029089250698849600e-01 9.049219668663420757e-01 9.050220377830160423e-01 9.092242967325617764e-01 9.019534945308900209e-01 9.053055285216379255e-01 9.033059479674586667e-01 9.110532539726112766e-01 9.033562189061324910e-01 9.041313511107148537e-01 9.039478914046118474e-01 9.019316200588824994e-01 9.050380986067990685e-01 9.065936437848154394e-01 9.048436757664981567e-01
1.139959118371559887e-02 1.250358116898566685e-01 4.137097937991581764e-01 6.628214612345899592e-01 5.010766591050713759e-01 5.061302474994341383e-01 8.156957453497157839e-01 7.883315729085073054e-01 8.180633992134095367e-01 7.418294166104859588e-01 8.723299375638611242e-01 1.000000000000000000e+00 8.104420560184264488e-01 6.857479366435048629e-01 9.059485870615427983e-01 8.998819199334363583e-01 8.022411439389672827e-01 7.365046075640050427e-01 7.775414957258452997e-01 7.080659446826533809e-01 7.757784277727973743e-01 8.073396585717081964e-01 7.644933574881973559e-01 7.237160304015164414e-01 7.705439761169177171e-01 8.770125325476270106e-01 8.693790487039833037e-01 8.499425596957298490e-01 8.105019845253207400e-01 8.569076206616681457e-01 8.937498864338055959e-01 8.925286185379427417e-01 8.142247303035475836e-01 8.673442790251570944e-01 8.337428705494147607e-01 8.797419860095434530e-01 8.808605543941748772e-01 9.034081264909948894e-01 9.062080741234312953e-01 8.891080324966250670e-01 9.240069588492448860e-01 9.182013343293882190e-01 9.221813843969979274e-01 9.252261615864427746e-01 9.145696309799110635e-01 9.092290301793340968e-01 9.283833967233501294e-01 9.258604532695337008e-01 9.316073043099096784e-01 9.142550438344925201e-01 9.330440461089666293e-01 9.202527146274362968e-01 9.270261960161425563e-01 9.233185593830268711e-01 9.239605682059225389e-01 9.116376758407275238e-01 9.212396704765583033e-01 9.255543579939662369e-01 9.260623933757725634e-01 9.254727468696920534e-01 9.367324305621828051e-01 9.215094920056651207e-01 9.328042708485909662e-01 9.266775113595417945e-01 9.198990186993208917e-01 9.292339056749528980e-01 9.258518776590853872e-01 9.249732178804278560e-01 9.185192569476405833e-01 9.286642788804210236e-01 9.272146677895202194e-01 9.225979232134614572e-01 9.034630645154786421e-01 9.149849880544915770e-01 9.265916998176538799e-01 9.188254415800137798e-01 9.143481631364157591e-01 8.999528437844989126e-01 9.216024432796040555e-01 9.118132494529813670e-01 9.096961887801113811e-01 9.228005448980004521e-01 9.212688336505477915e-01 9.032188578373977483e-01 9.099564058508189390e-01 9.223335907448980686e-01 9.202603209480268998e-01 9.249842173386001454e-01 9.244007447973775493e-01 9.242964660176982150e-01 9.143418282263595653e-01 9.294785287250008077e-01 9.276296184314730686e-01 9.292912196015618020e-01 9.304099216862568023e-01 9.281228146967437365e-01 9.233315942347570804e-01 9.278139303043001496e-01 9.342400719567984790e-01 9.316732317601561508e-01 9.332268740213898184e-01 9.339139771122407785e-01 9.331931501657373396e-01 9.320709846120810438e-01 9.393188374996770396e-01 9.221605748518925116e-01 9.305908478727294986e-01 9.261753825025414999e-01 9.320275968290044899e-01 9.309766033517946626e-01 9.295811879501626462e-01 9.302461387117110236e-01 9.287279669261979675e-01 9.297753790631796411e-01 9.273759495873310499e-01 9.325626296218834099e-01
-1.589992730325781936e-02 1.250766951056463405e-01 3.296264599076653146e-01 5.108611568324352703e-01 4.668424325369427974e-01 4.529792909070388118e-01 7.496741975640933697e-01 7.072606228279948448e-01 7.384408591503223152e-01 6.897517629168101738e-01 7.751257809414838773e-01 8.104420560184264488e-01 1.000000000000000000e+00 6.295231875642327557e-01 8.394752401488517757e-01 8.388935618875865696e-01 7.225737296131427012e-01 6.282025016575373266e-01 6.814099393934598403e-01 6.079477993738595654e-01 6.437514719052994661e-01 6.883437341835216827e-01 6.542883176193025063e-01 6.126354286980401076e-01 6.629928508275102494e-01 7.845825359023514967e-01 7.810369472409161018e-01 7.631707356629441330e-01 7.225922090975240852e-01 7.704312123253549416e-01 8.110488558375023027e-01 7.840080635183951374e-01 7.286407877676837064e-01 7.589489615135430745e-01 7.508524102295098812e-01 7.768003945465637994e-01 7.887068320756933648e-01 8.193812811486037573e-01 8.217539716001465155e-01 7.919976236811555603e-01 8.440631665911282333e-01 8.425613982219940512e-01 8.402935959142482369e-01 8.483479195393561767e-01 8.279067500724671680e-01 8.340593320405745859e-01 8.560208386888562559e-01 8.545851670167103897e-01 8.412583064019504286e-01 8.176175000498608902e-01 8.427908391147641565e-01 8.210041945695839560e-01 8.420129449118445297e-01 8.455386174443142444e-01 8.329305187828635049e-01 8.253469311616514759e-01 8.263976468013839449e-01 8.536325919916394334e-01 8.482641097654111118e-01 8.525987096036820034e-01 8.592670237250729093e-01 8.437765087007823572e-01 8.472783973204354169e-01 8.443863624410345992e-01 8.376042112957254870e-01 8.443870437061407053e-01 8.514808856220367206e-01 8.435715186677331667e-01 8.361899076998553504e-01 8.430767052065968326e-01 8.365061671109309538e-01 8.412302308743028201e-01 8.116102643487116408e-01 8.252916238756777823e-01 8.496929795337695435e-01 8.421058629502965465e-01 8.387690859170912061e-01 8.215997092745273012e-01 8.494182736336215456e-01 8.403764714229137178e-01 8.331121264457348463e-01 8.494875348026749151e-01 8.336451824287258727e-01 8.308254442953234564e-01 8.324311598586070504e-01 8.387758723562284136e-01 8.403371872835349032e-01 8.511055655190483682e-01 8.504392271361064237e-01 8.449699402650311386e-01 8.355225614488233088e-01 8.568892533989452831e-01 8.525777849785424189e-01 8.550339052605888668e-01 8.605851436814314637e-01 8.588437887025874851e-01 8.405670053311498080e-01 8.418472233770298851e-01 8.601001753627900426e-01 8.583115118369785135e-01 8.593596476845191123e-01 8.575513602023094872e-01 8.561236197134594050e-01 8.591735660954142872e-01 8.580170110258542593e-01 8.415629939446043206e-01 8.549021407208468037e-01 8.565685691596811591e-01 8.559117031883545224e-01 8.579840805065337417e-01 8.570469740591732943e-01 8.587464676926451768e-01 8.565180523798556766e-01 8.566346698675637583e-01 8.511854449297040492e-01 8.576712325740866172e-01
