1.000000000000000000e+00 1.130696519782269233e-01 1.166505155967350604e-01 8.294336191212936527e-02 1.025036595554955771e-01 3.367132279868722405e-02 5.365474655968006240e-02 1.859656593951441658e-02 1.267345336326839711e-01 2.661130150429178928e-02 6.031621837591748247e-02 3.518417361748241157e-02 3.332690331124543714e-02 1.856947008830600598e-03 3.456761346474821611e-02 2.461105836735018315e-02 8.663448637704929123e-02 1.064449905769438848e-01 1.001398302980302385e-01 1.809255590186614748e-02 1.037249590327480875e-01 8.246685451259670729e-02 1.527369160224380795e-01 1.004649791746128895e-01 7.676059973806292902e-02 1.091420594412170764e-01 7.117412866495788359e-02 7.398590596951688803e-02 9.492829717441289561e-02 1.077627626429167595e-01 9.208028171267607087e-02 1.064256040540174364e-01 3.975014856154060472e-02 9.791284140933355362e-02 8.176542784738116687e-02 9.495753682851312827e-02 6.573328372305825562e-02 3.635808840321023278e-02 5.017998907133999070e-02 1.388584920657406040e-02 2.664875225752398949e-02 1.702387225336303433e-02 1.248579319267976474e-02 4.104911767990233190e-02 4.832403464996051085e-02 2.419753439986509908e-02 1.079493420787349355e-03 2.436363794496615096e-02 3.926009018191706224e-02 6.236177193799421342e-02 2.568621989144117060e-02 6.757473212060768897e-02 3.855233218822617242e-02 3.683205124520814999e-02 5.365025343869649077e-02 6.255775570053812018e-02 6.869518359649157135e-02 2.082387205335647570e-02 2.037580623586093820e-02 3.728145638827316116e-02 1.589988463682656672e-02 4.538748586581763805e-02 2.554548666047137817e-02 4.531740622690119680e-02 6.068817766406373743e-02 5.384714468514956859e-02 2.576272848928300857e-02 3.613477834043511694e-02 4.511592400572402711e-02 2.331487750020081601e-02 2.581615644640009033e-02 3.274637954505627696e-02 3.075891464849445089e-02 2.920292212400813284e-02 4.427204080917555851e-02 2.037343572224437072e-02 2.861577831283456178e-02 4.710208349187996330e-02 3.795609073344089618e-02 4.670688611330132967e-02 4.532110792851404280e-02 3.940941999303584214e-02 5.182353777293866037e-02 3.517569314860072988e-02 3.627966459455645581e-02 4.041979769318723714e-02 3.942114472855991897e-02 1.501305505015116011e-02 2.184388805098410810e-02 3.930148424972620264e-02 1.000695817497834934e-02 1.028558431086163717e-02 2.051339589896074289e-02 1.441927567698193108e-02 4.493274107638865929e-03 1.213531216516883400e-02 2.067736688453114882e-02 4.843786677424596204e-02 1.357025801815212387e-02 1.268916062248048003e-02 9.442762146324027925e-03 2.067395631102482076e-02 1.828229927940204155e-02 1.695244051703497304e-02 3.425187268127069529e-02 2.968420396730339639e-02 2.704130601823534832e-02 1.365284599619079331e-02 2.079491977125647387e-02 1.420694616816288794e-02 1.448012210445353415e-02 2.162840238065713919e-02 2.335360441275836918e-02 2.944817045970647695e-02 3.765762211483575372e-02 3.070289648587973957e-02
1.130696519782269233e-01 1.000000000000000000e+00 1.274000649844279076e-01 1.312976878145105386e-01 1.324776538979204610e-01 7.290388090463442716e-02 1.679474272515509292e-01 1.235818219652626143e-01 1.879786412101749626e-01 1.800967960233484932e-01 2.061074631807272017e-01 1.834364299750867455e-01 1.745683899102850600e-01 1.191352056738283205e-01 1.831173672283761822e-01 1.763811412302316861e-01 2.078780585188282626e-01 1.896842513929672125e-01 2.218925531420937736e-01 6.734207766519174909e-02 1.375221456809529452e-01 2.137640764450497999e-01 2.671900474898505351e-01 2.140232354897179945e-01 2.355783346026661118e-01 2.446412820341275773e-01 2.278957793041786195e-01 2.428669452541630802e-01 2.404730096412963369e-01 2.475626401705819934e-01 2.361295017279707309e-01 2.320571972310715991e-01 1.905328897037875113e-01 2.140590450210323736e-01 2.117717642637627073e-01 1.995720102747408076e-01 2.170540172414638092e-01 1.987273879800495469e-01 2.024834453820924529e-01 1.884344384198255451e-01 1.968087080704565284e-01 1.874285201818532143e-01 1.815613946512252275e-01 1.933144930878626100e-01 2.040056261468356225e-01 2.014695549820928189e-01 1.779214977685414090e-01 1.917120428806630972e-01 1.708112097078740288e-01 1.687319996142508105e-01 1.843173672736461988e-01 1.617126737756250376e-01 1.677227579454972917e-01 1.904236512371979828e-01 1.977429920927137874e-01 2.210959241223874605e-01 1.687795477110905773e-01 1.822541209937382223e-01 1.788439869922607561e-01 1.828008968567460257e-01 1.682762249952589051e-01 1.856837400836577057e-01 1.659789944288320995e-01 1.722489791269460058e-01 1.885298761089157504e-01 1.785669616459745757e-01 1.886722410357446200e-01 1.940030353150920817e-01 1.977759878818853012e-01 1.601104100659410390e-01 1.813386307264959474e-01 2.014371036399334181e-01 1.891624147936574185e-01 1.993243495127303144e-01 1.981762024278148071e-01 1.902349088139671240e-01 1.961751826109676411e-01 2.077196224553361503e-01 2.076137014070061904e-01 2.042848105764235034e-01 2.032947346565793234e-01 2.045301283749652310e-01 1.993206278084389271e-01 1.929624075680964335e-01 1.877618579834569035e-01 1.949716061639432119e-01 1.963108707115545915e-01 1.852524663192214038e-01 1.885600643707788515e-01 2.000487213508722051e-01 1.843700026555090410e-01 1.839558434770456330e-01 1.907577974127764309e-01 1.894460774860683150e-01 1.755606223495899954e-01 1.824393996509341975e-01 1.685454580957506665e-01 1.645308832915404751e-01 1.740380012695290912e-01 1.794172284199283263e-01 1.797857646109242147e-01 1.759027671679949389e-01 1.749474027552645750e-01 1.793823283905752186e-01 1.796504788593801250e-01 1.735375355531599273e-01 1.755657809916835177e-01 1.866417307902968337e-01 1.887022893382908628e-01 1.801880697246542318e-01 1.831524266245754262e-01 1.818105385668343510e-01 1.819198488083720866e-01 1.789829007397339966e-01 1.857298759375950181e-01 1.823310004602691214e-01
1.166505155967350604e-01 1.274000649844279076e-01 1.000000000000000000e+00 3.228799612957453657e-01 2.272362557017019169e-01 2.308630167175541037e-01 3.476386844240461071e-01 3.235678153318948258e-01 3.808861216858763221e-01 3.414039400174704864e-01 3.843519795132852579e-01 4.028551088401661762e-01 3.621630299865166158e-01 2.860730068694854467e-01 3.835070861910107043e-01 3.846957196124032863e-01 3.842489208227615749e-01 3.814082560083276729e-01 3.871525683808827445e-01 2.915355562030383929e-01 3.375248074571547963e-01 4.113028826176177710e-01 4.100014018740539834e-01 3.626913542403938373e-01 4.054120249139973597e-01 4.226602157255495151e-01 4.148717073981467163e-01 4.114083791283302816e-01 4.267931551205833007e-01 4.319783544577745493e-01 4.334797712434094730e-01 4.136655792531881981e-01 3.660161693679416794e-01 4.182410424724492537e-01 3.994593030149168889e-01 4.085103494923063572e-01 4.129551780017881035e-01 3.981453755129845673e-01 4.051245496313080618e-01 3.921800808799590365e-01 4.027277135542132180e-01 3.949976936620135937e-01 3.995851262471509235e-01 4.082568689520931215e-01 4.143620003896772985e-01 4.077272047344194794e-01 3.883197325631200791e-01 3.959221837537860722e-01 3.983391729703755768e-01 4.043279406073636006e-01 4.001387327349075762e-01 4.037916324504731702e-01 3.939910673908057492e-01 3.923885244400594496e-01 4.026847643513138397e-01 4.137656080232506306e-01 3.921696637301575472e-01 3.972814738198223172e-01 3.955147799470409287e-01 3.949480935009539451e-01 3.924063233656034377e-01 3.931515863239476993e-01 3.872958160929069193e-01 3.926082337639187347e-01 4.061110228281625267e-01 4.001926940390408416e-01 3.945548997191909990e-01 4.031010770792095022e-01 4.107972293579893464e-01 3.917683979183531617e-01 3.988461141974990465e-01 4.043157177282402648e-01 3.966160404539456619e-01 4.003294583061786649e-01 4.079969718226915121e-01 3.967874325876017405e-01 4.037907818102970392e-01 4.144598475548632033e-01 4.090409240069233232e-01 4.128478617453342214e-01 4.173086042838832221e-01 4.115270035896933520e-01 4.110028685402447035e-01 4.013143817623507359e-01 4.053514440957180498e-01 4.079236176218873910e-01 4.101462067939619094e-01 3.975547168865727343e-01 3.980660620149525930e-01 4.076356883079980120e-01 3.940005663812087278e-01 3.917389789348791340e-01 3.977350950502241411e-01 3.969313604974771259e-01 3.885805353370410664e-01 3.921513258638489874e-01 3.996782503656909347e-01 3.958068742411525176e-01 3.939155162632990703e-01 3.972447908003381434e-01 3.963488578985834843e-01 3.939772636201838707e-01 3.942222567439226943e-01 3.960634566722857630e-01 4.035383893070731420e-01 3.942512850133034763e-01 3.954496136190790434e-01 3.923456534984955946e-01 4.011359252805794529e-01 3.921911963336306428e-01 3.946976388161362870e-01 3.919895748722407314e-01 3.936948511377340587e-01 3.947828545349758023e-01 4.014801843168785411e-01 3.986164479768459779e-01
8.294336191212936527e-02 1.312976878145105386e-01 3.228799612957453657e-01 1.000000000000000000e+00 3.610236633042641086e-01 3.845580271302913022e-01 5.726941147625086437e-01 5.320985878890801546e-01 5.657325759867789516e-01 4.932959449720897838e-01 5.836888368882008349e-01 6.417252038384163582e-01 5.668870618462136246e-01 4.326481200778238279e-01 6.158291586316625432e-01 6.188079008978708551e-01 5.769028872464737612e-01 6.019179016493440004e-01 5.952914139007389194e-01 5.645868451631009810e-01 5.974491669813116745e-01 6.386128024764018418e-01 5.351307332146908458e-01 5.351315170217840755e-01 5.956649150915397373e-01 6.058696666823704113e-01 6.188911618207942889e-01 5.979259204695440699e-01 6.052530728384196701e-01 6.272639747574468849e-01 6.280630317178553801e-01 5.925146440213842070e-01 5.354194503756977142e-01 5.884651534377141058e-01 5.684076910107564995e-01 5.994611106424904134e-01 6.029552810824507780e-01 6.021761305987636259e-01 6.229917974412462200e-01 5.948516473524727566e-01 6.129739756904619696e-01 6.179919566135599895e-01 6.262552208898778394e-01 6.474427641445937853e-01 6.315319177906230097e-01 6.328106879236584659e-01 6.094835847430357667e-01 6.159531724151698917e-01 6.208661954807519479e-01 6.197215898912308285e-01 6.227284930219106895e-01 6.356323274872472950e-01 6.344064006396170630e-01 6.127551362049861172e-01 6.209231119927027809e-01 6.029737506156923610e-01 6.249407443839164467e-01 6.191788386401331223e-01 6.219292131968997550e-01 6.270190267014152941e-01 6.294688954312644968e-01 6.263841374080033608e-01 6.297304367713252304e-01 6.263468268957234075e-01 6.193785672298985912e-01 6.290765362515371439e-01 6.176822354585893571e-01 6.263533308273020461e-01 6.286939590425881796e-01 6.478807844960765561e-01 6.466491920318235831e-01 6.296486434443616664e-01 6.241623775422336928e-01 6.324145020806717366e-01 6.277010029851988193e-01 6.236478930968674117e-01 6.255826356818803280e-01 6.297309560297204012e-01 6.345735130693195281e-01 6.376570739366284046e-01 6.268791380617709796e-01 6.320019398671939959e-01 6.197349860598275750e-01 6.199934106244976428e-01 6.224807795623887863e-01 6.215434931535793739e-01 6.246699710854779486e-01 6.190451224382154116e-01 6.244289187743047309e-01 6.222270269195655512e-01 6.166040506498731144e-01 6.210316706399119369e-01 6.250169252672338471e-01 6.256275975319467442e-01 6.154559746681526056e-01 6.173965284672671139e-01 6.267862823730757649e-01 6.309402324302428866e-01 6.271594044122277278e-01 6.255606889459890407e-01 6.332972240480665427e-01 6.294312952544666162e-01 6.320958036730639495e-01 6.304071445492954728e-01 6.334156217942961131e-01 6.284210287213938262e-01 6.274091369144615404e-01 6.174098002344867719e-01 6.214754727110892718e-01 6.179020589664563357e-01 6.230438004224939652e-01 6.231835739588338363e-01 6.254083894150800349e-01 6.276497760285516536e-01 6.224808140466115969e-01 6.291506537294194734e-01
1.025036595554955771e-01 1.324776538979204610e-01 2.272362557017019169e-01 3.610236633042641086e-01 1.000000000000000000e+00 3.026554625489912831e-01 4.838389256136490513e-01 4.564513746550761808e-01 4.840611605399244843e-01 4.093513260947395094e-01 4.700279964765880503e-01 5.012200557140095158e-01 4.847030646357425310e-01 3.299469013828779107e-01 5.031090697894836650e-01 5.057112122254702191e-01 4.815205469046213160e-01 4.942636655149195701e-01 4.907307388166848861e-01 4.495366077600412291e-01 4.791203681648757429e-01 5.021038527216791225e-01 4.562569291487263423e-01 4.461943667814341485e-01 4.840208155713092153e-01 5.036177611747457705e-01 4.961747896023055437e-01 4.876240618798530213e-01 4.733571011881178570e-01 4.995147496763590600e-01 4.931085067484470286e-01 5.067619326388795864e-01 4.473048358471540809e-01 4.902263571224865224e-01 4.751111703579389278e-01 4.875024344159497036e-01 4.815309469539394427e-01 5.038403645768422257e-01 5.097949601809589337e-01 4.830531037150074258e-01 4.975696194170086684e-01 5.004266997493508340e-01 5.158454035705362095e-01 5.188975337095853568e-01 5.093848775257433514e-01 5.126792254822868378e-01 4.988284793845972898e-01 5.019298820317323884e-01 5.068726829983495330e-01 5.005093436735191803e-01 5.096058526640337982e-01 5.016554167010316423e-01 5.139480696416846017e-01 5.084478116473328813e-01 5.188179347856228807e-01 5.012821255816697352e-01 5.109527605745949330e-01 5.101771324168578037e-01 5.125207343585777009e-01 5.123374234339956868e-01 5.097793951933828893e-01 5.207685127353370858e-01 5.166181642954804643e-01 5.116698752149894114e-01 5.060069292963689236e-01 5.121580629581868882e-01 5.046129458717257821e-01 5.108450781007310981e-01 5.160554021477524733e-01 5.253519963202673004e-01 5.212841002315014016e-01 5.080362692304564165e-01 5.108828874432745915e-01 5.125188469753533260e-01 5.120366944570265977e-01 5.049989468130293702e-01 5.093792498569483795e-01 5.031113241573788031e-01 5.075225908630148774e-01 5.102785352201330005e-01 5.058248649946579523e-01 5.046280822969902990e-01 5.092027262719306391e-01 5.045836561714777124e-01 5.082054650262953777e-01 5.106744264886485807e-01 5.013635047075494233e-01 5.064644655441289389e-01 5.085657819784745737e-01 5.102936603723760012e-01 4.993860940601974607e-01 5.027740985880396751e-01 5.048046197432861648e-01 5.038010929244245428e-01 4.974542024162887932e-01 5.023721436890730141e-01 5.055140493810239555e-01 5.082032956500656118e-01 5.094259024164313754e-01 5.054483735191572791e-01 5.106444673131943501e-01 5.094641322161646002e-01 5.072858301077496357e-01 5.113216264633264618e-01 5.114191011064030956e-01 5.106609751619426429e-01 5.080723008834309162e-01 5.012905078903721057e-01 5.075086938013364524e-01 5.054614906290231247e-01 5.071675600960827701e-01 5.082976115315903654e-01 5.110407806810397524e-01 5.117024222935366851e-01 5.058684486045055273e-01 5.091545116736730936e-01
3.367132279868722405e-02 7.290388090463442716e-02 2.308630167175541037e-01 3.845580271302913022e-01 3.026554625489912831e-01 1.000000000000000000e+00 5.211660428195600270e-01 5.040343639362033779e-01 5.323542965709805452e-01 4.873425565685801097e-01 5.343021740295613720e-01 5.691665298370739423e-01 5.118405707283042450e-01 3.901978234992923844e-01 5.758752872481336382e-01 5.760803748638730903e-01 5.408775023104160917e-01 5.254277391572115263e-01 5.458027907969239534e-01 4.569294508730816773e-01 4.844049145255542310e-01 5.541236616818827621e-01 4.874867748850337801e-01 4.874551253176228061e-01 5.283993807820394073e-01 5.599295940171788999e-01 5.605958040163693257e-01 5.506320570166879369e-01 5.598947879170755870e-01 5.577566942368064051e-01 5.618701641023559068e-01 5.634753107107400849e-01 5.189569004942957697e-01 5.572562726482561679e-01 5.408920087126500853e-01 5.487636496307879419e-01 5.684702527107671211e-01 5.844535839937112787e-01 5.804776427416531437e-01 5.716972801374016200e-01 5.835137841711478535e-01 5.877284120436657711e-01 5.809588301444500447e-01 5.975419570534552527e-01 5.820119835650532369e-01 5.906189481909620564e-01 5.900541875142453208e-01 5.883257647171070692e-01 5.900636647878587659e-01 5.793655654504751285e-01 5.923598123302751262e-01 5.675849641822384717e-01 5.883155867427933838e-01 5.893186266025103315e-01 5.920202925690939422e-01 5.775525550985693979e-01 5.824145100220212701e-01 5.910766321218283714e-01 5.995028784030330682e-01 5.926671346683193287e-01 5.971824981238353924e-01 5.915232544859523323e-01 5.953753989297387861e-01 5.850517537797494949e-01 5.828784848674132268e-01 5.866215963988614668e-01 5.941792935838160483e-01 5.945997025528465540e-01 5.940978937121629277e-01 5.883694468659519394e-01 5.938556163315519276e-01 5.917257008790155481e-01 5.864589750890610853e-01 5.915845693060503008e-01 5.948044158085922239e-01 5.897770047984113306e-01 5.954385781015614221e-01 5.928317594180193550e-01 5.910539222938404613e-01 5.892216473510867303e-01 5.879006438000814461e-01 5.895528976049243530e-01 5.899674597305291091e-01 5.865831454658378963e-01 5.891170044585282151e-01 5.926262806874669220e-01 5.904272579351782513e-01 5.953304136799245638e-01 5.928235645290631517e-01 5.934900082981569014e-01 5.905709285893929739e-01 5.951562238822554196e-01 5.919825897799564363e-01 5.958998905641967880e-01 5.921154153180205881e-01 5.919701931941989681e-01 5.920619384777393579e-01 5.864605472504572647e-01 5.971995135990276760e-01 5.957264375522216548e-01 5.953636464819042073e-01 5.971063274791655884e-01 5.927582599254562767e-01 5.955464098379084081e-01 5.926376850316305012e-01 5.889323913672350752e-01 5.937212004143901378e-01 5.910066671892415524e-01 5.934261908534005370e-01 5.934765884698270932e-01 5.958092687337318560e-01 5.945900188038191203e-01 5.948615649031034902e-01 5.937689843135206536e-01 5.917760046451961964e-01 5.930838652188616944e-01
5.365474655968006240e-02 1.679474272515509292e-01 3.476386844240461071e-01 5.726941147625086437e-01 4.838389256136490513e-01 5.211660428195600270e-01 1.000000000000000000e+00 7.123904050808788080e-01 7.486080118740523481e-01 6.594455936404559626e-01 7.477207468390919543e-01 8.034183033226310888e-01 7.369479687051134764e-01 5.681523324766662997e-01 8.261432450269758920e-01 8.139278350452576749e-01 7.693948006154112118e-01 7.318894211712576592e-01 7.595962500149686658e-01 6.615281408953639364e-01 6.855522157086106905e-01 7.857218747405213533e-01 6.954594541728021939e-01 6.670123015844012793e-01 7.489496431611671889e-01 7.870014349557448163e-01 7.913316723108545503e-01 7.823024054978393593e-01 7.801913022960619282e-01 7.837600048128308128e-01 7.909204539655179111e-01 7.928062975698449977e-01 7.366081524508275580e-01 7.921083029853251967e-01 7.624070748169544665e-01 7.810474474098947351e-01 7.873315178298379013e-01 8.233228816111334281e-01 8.243846410553420379e-01 8.009610486165492649e-01 8.085264191035730352e-01 8.198099976361801211e-01 8.210553139887397656e-01 8.351010878235748391e-01 8.210360665923051027e-01 8.236178435276546583e-01 8.179498809001858328e-01 8.217552786356643324e-01 8.218817802862815602e-01 8.105905186819477581e-01 8.303561590140078330e-01 7.961866974823764709e-01 8.177768871808746010e-01 8.180438680221435721e-01 8.231233700460635072e-01 8.054090710394320451e-01 8.155829637900148255e-01 8.219855718742080652e-01 8.310495736074133832e-01 8.255706741717407926e-01 8.303619370446354564e-01 8.277206586906461494e-01 8.230907674188376877e-01 8.244833485645401971e-01 8.178194312692916856e-01 8.239047163320644129e-01 8.215349340139737055e-01 8.235068540368797319e-01 8.227972926822308963e-01 8.231185386524880743e-01 8.270998454143609901e-01 8.208387307746702888e-01 8.090515487787826032e-01 8.191810804599198859e-01 8.271426093853417871e-01 8.230848123156975227e-01 8.255321636455961176e-01 8.233506923530220512e-01 8.259438824051221761e-01 8.225818595864907712e-01 8.171541908253197040e-01 8.202013010491616685e-01 8.246380758459574967e-01 8.159919751973619961e-01 8.240075773953904337e-01 8.247832467313446214e-01 8.186936074640746019e-01 8.288018318425955933e-01 8.277382210242769656e-01 8.262403603413018827e-01 8.214264539028102163e-01 8.245692637628088129e-01 8.248315200200352360e-01 8.277009830382825450e-01 8.212185238980291846e-01 8.217528171079689914e-01 8.221326211216614110e-01 8.182527238360496336e-01 8.280753956744395516e-01 8.274240902616794013e-01 8.294401538010848229e-01 8.305582170258476449e-01 8.237057306754487218e-01 8.293199101139762108e-01 8.279566171568776278e-01 8.239064066805833475e-01 8.264950158119246382e-01 8.217352171890462964e-01 8.245855242830770759e-01 8.248117017579559285e-01 8.292703354579350483e-01 8.259591841214258823e-01 8.296773753670303453e-01 8.283154270560124655e-01 8.255602902105066976e-01 8.262522223171666624e-01
1.859656593951441658e-02 1.235818219652626143e-01 3.235678153318948258e-01 5.320985878890801546e-01 4.564513746550761808e-01 5.040343639362033779e-01 7.123904050808788080e-01 1.000000000000000000e+00 7.045228045769662550e-01 6.128628702787499716e-01 7.056617171526619048e-01 7.646533245682569646e-01 7.074792723863951860e-01 5.188865551120415143e-01 7.757510398003144569e-01 7.902791390004535454e-01 7.174064806091747792e-01 6.813073071158438632e-01 7.099131995130852912e-01 6.231285093177075796e-01 6.369046741160132585e-01 7.329069001139117967e-01 6.491700846888692755e-01 6.215051327693579264e-01 6.850548969820702272e-01 7.455263251371604394e-01 7.462055480298664945e-01 7.351868731233361931e-01 7.335670245754253305e-01 7.305480424653109095e-01 7.307043882903282439e-01 7.521151367190018755e-01 7.134150755918992060e-01 7.498245573616503235e-01 7.361309406070813965e-01 7.373552018653428686e-01 7.382651100878305783e-01 7.914870973397870602e-01 7.858264775088510401e-01 7.671744940339082497e-01 7.680688838610130187e-01 7.861237437984598397e-01 7.797303371434949337e-01 7.928062211323724240e-01 7.754816918930943492e-01 7.811600379484325840e-01 7.756033595918440104e-01 7.815046079863513517e-01 7.852844375580426695e-01 7.781700072145150138e-01 7.951395696089268439e-01 7.504980377680237069e-01 7.816265097044293730e-01 7.797700759210244303e-01 7.854045729554243183e-01 7.624170351783609023e-01 7.789183750143534590e-01 7.864355686956697733e-01 7.972711117238726608e-01 7.858108177729918875e-01 7.920726623581277881e-01 7.902737281425760152e-01 7.900615338324971093e-01 7.876510990458158723e-01 7.723318210256718830e-01 7.844266343345459580e-01 7.820310943427615236e-01 7.804001822584339942e-01 7.838182792947373523e-01 7.808286430575648307e-01 7.847704448110797149e-01 7.766342049700006855e-01 7.676470261952488272e-01 7.716380402060034616e-01 7.838483002608893635e-01 7.809794295526717445e-01 7.811188656671398389e-01 7.793169215110528070e-01 7.769913038642835001e-01 7.795851384257862504e-01 7.749175304598797664e-01 7.723865423341410574e-01 7.835826145831197298e-01 7.805969490685452650e-01 7.895271567673519675e-01 7.855904905875591426e-01 7.780153902254375309e-01 7.923132434383293177e-01 7.890548633586946803e-01 7.823347148681181196e-01 7.817055755970587771e-01 7.845888618952284732e-01 7.846323771583282314e-01 7.835186460649112838e-01 7.820413268971438958e-01 7.817381494813050447e-01 7.902512699844413957e-01 7.865816997976124991e-01 7.934900131194714268e-01 7.900403856138088488e-01 7.924123152737351239e-01 7.957727965442392692e-01 7.855474891363478651e-01 7.925524148371491107e-01 7.889595859831090019e-01 7.875423170181353738e-01 7.904273817705326222e-01 7.814730093033919189e-01 7.855570804401191820e-01 7.875580115594225106e-01 7.921219729568595991e-01 7.843613305726065965e-01 7.906373167784954692e-01 7.928149425139515705e-01 7.808901793012724690e-01 7.861679370553706914e-01
1.267345336326839711e-01 1.879786412101749626e-01 3.808861216858763221e-01 5.657325759867789516e-01 4.840611605399244843e-01 5.323542965709805452e-01 7.486080118740523481e-01 7.045228045769662550e-01 1.000000000000000000e+00 7.302569450945227691e-01 8.155895482954160780e-01 8.450114428310041559e-01 7.752101403566394877e-01 5.943456622882357099e-01 8.527917789147916316e-01 8.392039453757871303e-01 8.435679423340509686e-01 7.743069534075628368e-01 8.139731890983655793e-01 6.380679059157845501e-01 6.958172397017688970e-01 8.305265946251286779e-01 7.761088060755959583e-01 7.159144808053855558e-01 7.961247611089908860e-01 8.510076116968002813e-01 8.487552070808968008e-01 8.375429671328913361e-01 8.389191203772944361e-01 8.532170205903215621e-01 8.641896682926204498e-01 8.610421526441498496e-01 7.797424328614820377e-01 8.381319570439422773e-01 8.246590282260337634e-01 8.270004011680568423e-01 8.517742596104033170e-01 8.627760327864711920e-01 8.690140902541106938e-01 8.301967754096096774e-01 8.742348874059318042e-01 8.689841195319241152e-01 8.402932086017247393e-01 8.796518860248346838e-01 8.736854404086169534e-01 8.653048585553198002e-01 8.748706096462393056e-01 8.856249516824162837e-01 8.745628029693240935e-01 8.505447126640131028e-01 8.698656127506234625e-01 8.347351294940226207e-01 8.736031024588175598e-01 8.848289834581418711e-01 8.815432551241567660e-01 8.738529352937203232e-01 8.721254506084658020e-01 8.792331617351796247e-01 8.778204344911768597e-01 8.891066924986535946e-01 8.807829556975775853e-01 8.860963924919705859e-01 8.702230842633900121e-01 8.788636446075679398e-01 8.856170581593209024e-01 8.884585208116791977e-01 8.845002629892378954e-01 8.831310452520648724e-01 8.838705312811605541e-01 8.594274719630815573e-01 8.739323357132293690e-01 8.825842200054451192e-01 8.645142769925907578e-01 8.724233723133381080e-01 8.872114877665955301e-01 8.820656984233669062e-01 8.811107342970221357e-01 8.861933688686524091e-01 8.816314148571707809e-01 8.882380983861585255e-01 8.834705956238202429e-01 8.851031546377682302e-01 8.876554228056544593e-01 8.761931807699929742e-01 8.736602835691807956e-01 8.824936459380442466e-01 8.796854618719049945e-01 8.786800288604834641e-01 8.811987713975024672e-01 8.849956420655321621e-01 8.683499406383420327e-01 8.804257833241688758e-01 8.826504804503364499e-01 8.796912278613990832e-01 8.804184978571891751e-01 8.832973885553134785e-01 8.675795979080622722e-01 8.734091135901956848e-01 8.794762628312255970e-01 8.742522960047350855e-01 8.731874137843028683e-01 8.812672703418645836e-01 8.801203897796796571e-01 8.836870664656480967e-01 8.822297926023473513e-01 8.781811729978146186e-01 8.827728755336066158e-01 8.826682221858047628e-01 8.835248163678410815e-01 8.824622174771235006e-01 8.818633602716696718e-01 8.867509334387083664e-01 8.862144713732561518e-01 8.837436633193256341e-01 8.875164450733601385e-01 8.864131003847788293e-01
2.661130150429178928e-02 1.800967960233484932e-01 3.414039400174704864e-01 4.932959449720897838e-01 4.093513260947395094e-01 4.873425565685801097e-01 6.594455936404559626e-01 6.128628702787499716e-01 7.302569450945227691e-01 1.000000000000000000e+00 7.342856209428245684e-01 7.652578629705877322e-01 7.058488630719499390e-01 5.415357675970355888e-01 7.731888454064133054e-01 7.511766721233830157e-01 7.422639842190081882e-01 6.616587331910727121e-01 7.349076833161490852e-01 5.212889410104915022e-01 5.670612203600238210e-01 7.419115549163950440e-01 7.064401074300920014e-01 6.448691848274057392e-01 7.418308810654857810e-01 7.762539121323146496e-01 7.771123146733457387e-01 7.735048494561148624e-01 7.611585141538982358e-01 7.699586307746421054e-01 7.895690638898525959e-01 7.696663234955426480e-01 7.108612235009998948e-01 7.372805052901659773e-01 7.342116517508665563e-01 7.249128273015703616e-01 7.854537864053940943e-01 7.814643933519042074e-01 7.812279579396198548e-01 7.647924767055691575e-01 8.095046727080251747e-01 8.009868655576009022e-01 7.705094389574004277e-01 7.927704424981343312e-01 7.968277976071592716e-01 7.982828501934363663e-01 8.039331309352034660e-01 8.116339562612474579e-01 7.764341575900418624e-01 7.336780643996887452e-01 7.833204589344127111e-01 7.228772789093135254e-01 7.779060062435787515e-01 8.084184471079729484e-01 7.908084299106858950e-01 8.049477206821952224e-01 7.515691011884870765e-01 7.978181078714533525e-01 7.890045662090903189e-01 8.013941496429006772e-01 7.949691314677084231e-01 7.892671704268494626e-01 7.699627341807323555e-01 7.742510359986878310e-01 7.894897932912607885e-01 7.858349281934703390e-01 8.091285590155742335e-01 8.044747809911956260e-01 8.027433618482702204e-01 7.651162055389622019e-01 7.912741688350679592e-01 8.101161611297147402e-01 7.902080524209205148e-01 8.028635900356372312e-01 8.081005676213575128e-01 8.092892625696251896e-01 8.071419374155067716e-01 8.019086843677618592e-01 8.104749024344144459e-01 8.052338024715921527e-01 8.073099392345793879e-01 8.137765194296778803e-01 8.030173936185146522e-01 7.974058479404607658e-01 7.878691007901774679e-01 7.997049158855320528e-01 8.059889172393291945e-01 8.043132000049931785e-01 8.032860893741322617e-01 8.089401425469767704e-01 8.014762727162449973e-01 8.116036069064731517e-01 8.082693846040085450e-01 8.113514556336111072e-01 8.101597061349233853e-01 8.104256404374090561e-01 7.810011629942023026e-01 7.637547819014388617e-01 7.969978090994850328e-01 7.964358711988173134e-01 7.966302359337240624e-01 7.918060538808637805e-01 8.006768944249313957e-01 8.025776050116425475e-01 7.929301734430075355e-01 7.870122747288120779e-01 7.937788904155513858e-01 8.127869173849672224e-01 8.098535681731897640e-01 8.072851077281676391e-01 8.043460853754683670e-01 8.086292801809156217e-01 8.004389632600437121e-01 7.917517596163972105e-01 8.044739080818051891e-01 7.987192597720421672e-01
6.031621837591748247e-02 2.061074631807272017e-01 3.843519795132852579e-01 5.836888368882008349e-01 4.700279964765880503e-01 5.343021740295613720e-01 7.477207468390919543e-01 7.056617171526619048e-01 8.155895482954160780e-01 7.342856209428245684e-01 1.000000000000000000e+00 8.626904802970780661e-01 7.754700936605107842e-01 5.921141419637775405e-01 8.589185151436795618e-01 8.429956772997510006e-01 8.221817918578533391e-01 7.634341929633844392e-01 8.264059139550419264e-01 6.124279533654742869e-01 6.657541765772099218e-01 8.358884032361812988e-01 8.071332261265462549e-01 7.339034259497647650e-01 8.240939658674640844e-01 8.718670691838670272e-01 8.736575052393259488e-01 8.702995601392473635e-01 8.667416820639042285e-01 8.748434449373394539e-01 8.866540984426222183e-01 8.678370133121671159e-01 8.113936720410084291e-01 8.540471118672030570e-01 8.470235738953759697e-01 8.414403515233846997e-01 8.771776680716281138e-01 8.771277781669923890e-01 8.814464793220184724e-01 8.554367821625789015e-01 8.848522376204664974e-01 8.807740007139979177e-01 8.601861028855452007e-01 8.876299135407330620e-01 8.893485754115931785e-01 8.834218982992841918e-01 8.765624992144547267e-01 8.851799485133609036e-01 8.700396716056761903e-01 8.437432883400532990e-01 8.795848882341374964e-01 8.301970182061659820e-01 8.664038123993039742e-01 8.835259486845958854e-01 8.822097319743884558e-01 8.881434737819980940e-01 8.523128292152984953e-01 8.822652706526824540e-01 8.788497212271112469e-01 8.826436639042234411e-01 8.764324672857621845e-01 8.785483985567765775e-01 8.630447424077414276e-01 8.676474121542709916e-01 8.754482606119081689e-01 8.745693731108078461e-01 8.869656909159419067e-01 8.884681343020630617e-01 8.919178564811912624e-01 8.545868418418602896e-01 8.762373023661067517e-01 8.926106336166202970e-01 8.713312883179337165e-01 8.846980502057953943e-01 8.968234206041723056e-01 8.919726026868149971e-01 8.936172982019231492e-01 8.956204207832659803e-01 8.944801873426313499e-01 8.965004579708408805e-01 8.977481864988902105e-01 8.974183656632251926e-01 8.927021382360842416e-01 8.901811884249958284e-01 8.849489327240580572e-01 8.909260838079396949e-01 8.936120859219793822e-01 8.880501679086100220e-01 8.899913502565665047e-01 8.925728543569272366e-01 8.861531301113426684e-01 8.879447249036808154e-01 8.908326408638183036e-01 8.907510059053536100e-01 8.829612556170006732e-01 8.867102172411219785e-01 8.743354381210542980e-01 8.583518419820509449e-01 8.826311567308533501e-01 8.847854867041611282e-01 8.831608827379529014e-01 8.816835830837860266e-01 8.813582687116456871e-01 8.875009617789365590e-01 8.819517426918820346e-01 8.722774655806729838e-01 8.806947998664782506e-01 8.892629012024702018e-01 8.907631594416656196e-01 8.854900187321531613e-01 8.878594105534277636e-01 8.851371467783697433e-01 8.853626992348188063e-01 8.804504704343002475e-01 8.863267271920280965e-01 8.821159334527567397e-01
3.518417361748241157e-02 1.834364299750867455e-01 4.028551088401661762e-01 6.417252038384163582e-01 5.012200557140095158e-01 5.691665298370739423e-01 8.034183033226310888e-01 7.646533245682569646e-01 8.450114428310041559e-01 7.652578629705877322e-01 8.626904802970780661e-01 1.000000000000000000e+00 8.292063883019715753e-01 6.381992576399084793e-01 9.143309716586344171e-01 9.052889200241003298e-01 8.609537207811296389e-01 8.077646404796954283e-01 8.557633918901328407e-01 7.025972393296988638e-01 7.376063106747328124e-01 8.774217072018348773e-01 8.008466018313005197e-01 7.504497800951651643e-01 8.539306532236357050e-01 8.977763734171030352e-01 9.081504639178613614e-01 8.947994322950736379e-01 8.911415319807446389e-01 9.084390123290519981e-01 9.204025612799728862e-01 8.920542334786335514e-01 8.384404354599855891e-01 8.788530863507495461e-01 8.679969341335169730e-01 8.780912776929721275e-01 9.086541182014288287e-01 9.198681472769540957e-01 9.269119839741828404e-01 8.952259080403660585e-01 9.288519486331416886e-01 9.312479462299818600e-01 9.166919545982247230e-01 9.420064029358214963e-01 9.368849794430682554e-01 9.332250786955803568e-01 9.350216728823625978e-01 9.408617920186755912e-01 9.265307523181318672e-01 9.008940951676371878e-01 9.335358959070021445e-01 8.893512303081960724e-01 9.301440389186732549e-01 9.346387883453338707e-01 9.324891605271468098e-01 9.241405020948567639e-01 9.132004714899208953e-01 9.354602586600891945e-01 9.363845052908981170e-01 9.402283604912612391e-01 9.408302455776391682e-01 9.348726228546597739e-01 9.262427249006401908e-01 9.274514271282112698e-01 9.300906354795029918e-01 9.340315136085052261e-01 9.407322133676152554e-01 9.394613858235199011e-01 9.414822241456803908e-01 9.254128241359023122e-01 9.380840223343429596e-01 9.419769439130064592e-01 9.215167350354794840e-01 9.348528983094286371e-01 9.445219539220797156e-01 9.440217899653383649e-01 9.412585063714069555e-01 9.414456262853986290e-01 9.420323361440171572e-01 9.458456043199087171e-01 9.419049614560283112e-01 9.462180068621635076e-01 9.390671242882402403e-01 9.363520102978575288e-01 9.341814954857246001e-01 9.377741028353019370e-01 9.406731204804399393e-01 9.410014880116104319e-01 9.424411435600344999e-01 9.420577100653616531e-01 9.346069083022631174e-01 9.426435292715671377e-01 9.433562991741600845e-01 9.438450936707105665e-01 9.406556074699514713e-01 9.425291050860743480e-01 9.318682252759357132e-01 9.240940614484647320e-01 9.421613143258856793e-01 9.399263125175074673e-01 9.402566071892221045e-01 9.412576347814529676e-01 9.417756639991412548e-01 9.445839857859748001e-01 9.408550878391827021e-01 9.343331825705356586e-01 9.410255754309178045e-01 9.429663108339628730e-01 9.436447967655285929e-01 9.437511036171409851e-01 9.438460942388570141e-01 9.433006953212642598e-01 9.427891333169128307e-01 9.402087706207442608e-01 9.405692458634019593e-01 9.431925311082227648e-01
3.332690331124543714e-02 1.745683899102850600e-01 3.621630299865166158e-01 5.668870618462136246e-01 4.847030646357425310e-01 5.118405707283042450e-01 7.369479687051134764e-01 7.074792723863951860e-01 7.752101403566394877e-01 7.058488630719499390e-01 7.754700936605107842e-01 8.292063883019715753e-01 1.000000000000000000e+00 5.886835725560168875e-01 8.498889581243490587e-01 8.402868004369499211e-01 8.001970179506536773e-01 7.489717515026985684e-01 7.851975683864218514e-01 6.577892113376797578e-01 6.823936024652982324e-01 8.092061574252618072e-01 7.256689728527996319e-01 6.892777159354106509e-01 7.726215790173596165e-01 8.191415749223687204e-01 8.270273257570380787e-01 8.106700605274888005e-01 7.956028265550347811e-01 8.104382029558888645e-01 8.218046194072214927e-01 8.242445724106467475e-01 7.630239197746502278e-01 8.074037901776190962e-01 7.928960262339497245e-01 8.012357544138560828e-01 8.233011149302963405e-01 8.484726371650651577e-01 8.486384322951072701e-01 8.247630136883945529e-01 8.518811861288354548e-01 8.593244256432994721e-01 8.368063157571138388e-01 8.630056055068185961e-01 8.552028518674703594e-01 8.482397106106570606e-01 8.613209951610566462e-01 8.670039546496041138e-01 8.572766665751377912e-01 8.328673498355032567e-01 8.585567438001372453e-01 8.181546240044140772e-01 8.559243760052527294e-01 8.639481285778337627e-01 8.591433274691147037e-01 8.502967524528326493e-01 8.436724195927705061e-01 8.634888944195616700e-01 8.634075273027503883e-01 8.661554400121164177e-01 8.658745424610275743e-01 8.624936758581448482e-01 8.541132106187911965e-01 8.588405401993134403e-01 8.573694467362678040e-01 8.639901045601505736e-01 8.683381334552816577e-01 8.645815327133381523e-01 8.617730996413619504e-01 8.521917169502238876e-01 8.641530978154839948e-01 8.636050014653352536e-01 8.482302972347761649e-01 8.591822617617413949e-01 8.689114837087338339e-01 8.674262950817203111e-01 8.645378311622933243e-01 8.605140576146811382e-01 8.638033626083746475e-01 8.662843711583192441e-01 8.608888148254195682e-01 8.611589334063576295e-01 8.632205595204082149e-01 8.601226563298378647e-01 8.586754440116004528e-01 8.629563629532879254e-01 8.606850070623581761e-01 8.670731795230601779e-01 8.681660080459892015e-01 8.674144077049860124e-01 8.595129397582834674e-01 8.675700210516371635e-01 8.666022638034662773e-01 8.657426839606583435e-01 8.673591504515507644e-01 8.682844208071772707e-01 8.574740915795632246e-01 8.560568749556456414e-01 8.684358852414411079e-01 8.645758571960558969e-01 8.645921023516851545e-01 8.688596207118007841e-01 8.680049587198448435e-01 8.704696306945942652e-01 8.668121947786554538e-01 8.616216953726730798e-01 8.681594568738597584e-01 8.679940513051364048e-01 8.675583755710980505e-01 8.693165240513592851e-01 8.689811071546813537e-01 8.693708307599643526e-01 8.689934090830846447e-01 8.686555704200223937e-01 8.664449251994285062e-01 8.693596283150210047e-01
