1.000000000000000000e+00 1.588271676492360729e-01 1.198245795751548687e-01 1.184744457743348162e-01 5.713604705978196641e-02 -2.064752554454235989e-03 6.241289079286180957e-02 5.244592531826939436e-02 2.047643627482750028e-01 4.831928390057187161e-02 3.755850136143588230e-02 5.683259057121100438e-02 5.303016516188753526e-02 5.923006837086921238e-03 3.711883407970649907e-03 4.028217234100635313e-02 1.164270479777819861e-01 6.279195902104417470e-02 3.719592856262933251e-03 1.039449260816714266e-01 5.471886301218766013e-02 -3.581157045906151019e-03 -7.367847695822800705e-03 3.249963559098868054e-02 -2.828660638699356453e-02 5.899620527134082082e-02 5.682018022380379285e-02 1.090401972470798377e-02 9.472594932071469465e-02 7.693704575322862782e-02 5.206316624108846269e-02 3.998983817723841816e-02 -1.394308855094775895e-02 2.912812051908708622e-02 6.580816420281584977e-02 -2.688006677248848050e-02 -8.338846010800213824e-04 3.021716070988631452e-03 -1.222927791631697736e-02 -4.955007438169152512e-02 9.346689048917030621e-04 -2.727682866155727026e-02 -6.626273396018057989e-03 1.670330704136805886e-02 -1.155561395765798173e-02 -3.004810889973224403e-02 1.580781587195071933e-02 3.194648861501291071e-02 5.909523052701970425e-02 4.188910653563477499e-02 1.039859516853517546e-02 3.940831346451272033e-02 5.837131777984823355e-02 6.395923277317436262e-02 6.378825123125279883e-02 1.276621481984312407e-03 1.101203946539245776e-01 3.140245295384603424e-02 4.591854394972335468e-02 5.857715142972835104e-02 3.579970074678266029e-02 5.638861300624285755e-02 4.532922114648437611e-02 6.458929294409548882e-02 5.812210153691231562e-02 6.798762086981142982e-02 2.911872039459267522e-02 6.981529511971683137e-03 2.065331440752886383e-02 2.503678419248715412e-02 8.309414472562956858e-03 6.469405133557480300e-03 1.422159238473973304e-02 8.485189737179549361e-04 1.503774076718937709e-02 2.718211779336757172e-02 1.392661875945653063e-02 4.035515597056888587e-02 1.018268156652413908e-02 3.814711875558162574e-02 4.095186903882042789e-03 1.681006421229728695e-02 7.215369447573486208e-03 2.992903530332110401e-02 1.209963352336531663e-02 1.375637273495911722e-02 -1.396555060554666682e-02 -5.947169034122369406e-03 -1.007424367462128080e-02 7.828389542913155238e-03 -1.743392999549335520e-02 -1.247596950361284365e-03 7.273015519682271687e-04 -7.969438615486599750e-03 6.386877528076180012e-03 1.855015011180951440e-02 5.374744854243118652e-02 7.756446352860925375e-02 2.709306088230999804e-02 1.259975894976181690e-02 1.047914887563130941e-02 3.988272319570074914e-02 3.175325228403652611e-02 1.868652245967396958e-02 2.577483247961394677e-02 7.790069270398061740e-02 4.209994390156148597e-02 9.002398698337941291e-03 2.156426929761654995e-02 2.184223459069234430e-02 1.338215979099659919e-02 3.086021313401902250e-02 3.055743899800831762e-02 3.958877814495331826e-02 3.223578535366394826e-02 3.943870769798749065e-02
1.588271676492360729e-01 1.000000000000000000e+00 1.435999242878747695e-01 1.835306540749598037e-01 1.140117585606079675e-01 1.081460653307143444e-01 1.994429686764563892e-01 1.612704712366410942e-01 2.392822418431285458e-01 2.082831770016364548e-01 1.844287873154683843e-01 1.831025105449393953e-01 1.765837737743548297e-01 1.062911457778309560e-01 1.728389895293791778e-01 1.722577420266881709e-01 1.609911920917652395e-01 1.751753281454628830e-01 1.543153535263954435e-01 1.615686283340965756e-01 1.699976632713751934e-01 1.443150758853479765e-01 1.777843857485756907e-01 1.666960174185483923e-01 1.401516836220871309e-01 2.089481438294022719e-01 1.809925019320461903e-01 1.769351358881797176e-01 1.900975373007025571e-01 1.983446358590728598e-01 1.932787765878872799e-01 1.796541181945888743e-01 1.630270567166203777e-01 1.663607242040741896e-01 1.856049419530039213e-01 1.463110496297698737e-01 1.788092811656013803e-01 1.706954016455308476e-01 1.652686970836076685e-01 1.647502714340513819e-01 1.726565239213833647e-01 1.621050056973609155e-01 1.683568250742397132e-01 1.826390786986898662e-01 1.733686523115725853e-01 1.660458831989916340e-01 1.631049695787983866e-01 1.736597381378995608e-01 1.686783652939626565e-01 1.356483009037115217e-01 1.576868720865029772e-01 1.246265585757291156e-01 1.655733532087104720e-01 1.843143059827247743e-01 1.855796197327407582e-01 1.730297731680256468e-01 1.865632459115223185e-01 1.794436341606207852e-01 1.802299755192054709e-01 1.809383163298112496e-01 1.623498990205155534e-01 1.912869558878494691e-01 1.814163359760864735e-01 1.635676666422684056e-01 1.687200223917535158e-01 1.751688389284830616e-01 1.690804144728497993e-01 1.675452013095255210e-01 1.780386294803891489e-01 1.735676801017457249e-01 1.620680410387855264e-01 1.571167928130010605e-01 1.742963146196838675e-01 1.626424012244512829e-01 1.731603976174748982e-01 1.734330175946849073e-01 1.660611811499980439e-01 1.732721757935510032e-01 1.709005377134593939e-01 1.737427532897409255e-01 1.612787316617581845e-01 1.708656211591737528e-01 1.716425267842983937e-01 1.726482359417593759e-01 1.615831585512291502e-01 1.660841902453891461e-01 1.608793721016031353e-01 1.652098966553844916e-01 1.578925416627875167e-01 1.782454661479005165e-01 1.663854328328489285e-01 1.655786875981197781e-01 1.663272751105589475e-01 1.655357883689921594e-01 1.593158954287757223e-01 1.689178481336512383e-01 1.620979962647104422e-01 1.526037295670315264e-01 1.622382270385296088e-01 1.628870566524994457e-01 1.655597925053756136e-01 1.621337879415321870e-01 1.630292108507893911e-01 1.670525990768743918e-01 1.536619724683412347e-01 1.830165211641027190e-01 1.666691300163053169e-01 1.654154196545090938e-01 1.726347091917573850e-01 1.677112450134923272e-01 1.681355819727733403e-01 1.692246201637930547e-01 1.749181984086930486e-01 1.624886534153414941e-01 1.658617422688301035e-01 1.672500141477780422e-01
1.198245795751548687e-01 1.435999242878747695e-01 1.000000000000000000e+00 4.097709060354675081e-01 2.459175600829801855e-01 2.710705567476013877e-01 4.065305346742532633e-01 3.722695726552616713e-01 3.938754779444172960e-01 2.962649114234780501e-01 3.780618546864974450e-01 4.163563076989238443e-01 3.644608047231843728e-01 2.683936942279759874e-01 3.960711614509794254e-01 4.008115664807512246e-01 3.648550198343457063e-01 3.923201064344810640e-01 3.752080698412242898e-01 3.337125513198199722e-01 3.971644960875737040e-01 3.903391757004406881e-01 3.822148853098030208e-01 3.703493614522274657e-01 3.675570453962622164e-01 3.921350756093390788e-01 4.013969057977708199e-01 3.903705923378963938e-01 4.034702367079890384e-01 4.209737913292768141e-01 4.169856029216755244e-01 4.217346244346554252e-01 3.789996627408090402e-01 4.089755962007812218e-01 4.052523943908096227e-01 3.738320575086981346e-01 4.003860799884869648e-01 4.059482469846145691e-01 3.994440988875598286e-01 3.937202717722086409e-01 3.836911692889098391e-01 3.923044246841881355e-01 4.032287544359644538e-01 4.097562039533401701e-01 3.934856203893919435e-01 3.957014298517421147e-01 3.672571674945432907e-01 3.723688232693546096e-01 3.911551679317193386e-01 4.142374444712621506e-01 4.079412028553181524e-01 3.885260919107557664e-01 3.898249871271672884e-01 3.718271273120514753e-01 3.913114257663621864e-01 3.961750359132695798e-01 3.905935994993299798e-01 3.776023007768091189e-01 3.900991652875329119e-01 3.707209639246815125e-01 3.895512234199998702e-01 3.705029735272563074e-01 3.938631875422574646e-01 3.945787726990998556e-01 3.833851692187417171e-01 3.776394857509793868e-01 3.822527442984516854e-01 3.917908835161314496e-01 4.004310041776921736e-01 3.948352258681971927e-01 3.970029331891803959e-01 3.868353584605282447e-01 3.934531916653748462e-01 3.956675636480593838e-01 3.835458654589296024e-01 3.910722396624390362e-01 3.906382498327557462e-01 3.910039551694775573e-01 3.923276221747513670e-01 3.925497339308425815e-01 3.807584896107114592e-01 3.838303193243945977e-01 3.951933238344743082e-01 3.913652100176268078e-01 3.963317085162125220e-01 3.942549914020055390e-01 3.813781974216685633e-01 3.872970705849466122e-01 3.813329080362942158e-01 3.843361197511642735e-01 3.886969710394775346e-01 3.848384062480552648e-01 3.845410836998471860e-01 3.877352854931395143e-01 3.702207394621624958e-01 3.734440840651848115e-01 3.988584067412097589e-01 3.947072101472821060e-01 3.852776268811332061e-01 3.946173475276861797e-01 3.932412799611779697e-01 3.859044494932986069e-01 3.839481986850097894e-01 3.889367983908996185e-01 3.914971998758640104e-01 3.836895776960377868e-01 3.835903977418501087e-01 3.687933739936058442e-01 3.809760858167302033e-01 3.782579272071912024e-01 3.791834673605661843e-01 3.704459347036970218e-01 3.762939004014239641e-01 3.835691428517074564e-01 3.774934911444178809e-01 3.723121273485668903e-01
1.184744457743348162e-01 1.835306540749598037e-01 4.097709060354675081e-01 1.000000000000000000e+00 3.615667440156638546e-01 3.931961839974751349e-01 6.203260029010968513e-01 5.904385219932626327e-01 5.781662339737908551e-01 4.862493994296326338e-01 5.901638363647827568e-01 6.382067361715436649e-01 5.363011512168266437e-01 4.284801046246112799e-01 6.015459573233352675e-01 6.154129306943112443e-01 5.556965240981583953e-01 5.631752893750560096e-01 5.796151671197955491e-01 4.673484765452443068e-01 5.872289088502419263e-01 6.277372349113160555e-01 5.834132061657769652e-01 5.375535458854772131e-01 5.787719818389654991e-01 6.090377860571941637e-01 6.188306248958971301e-01 6.170003059180888538e-01 6.025588574362611416e-01 6.383480285689342448e-01 6.390944228178321307e-01 6.077609428587054108e-01 5.805128014772845679e-01 5.816439201974098472e-01 6.057495211029315652e-01 5.774989464637538816e-01 6.173674230921036843e-01 6.085716477056528628e-01 6.088731525671664535e-01 6.071526478114565029e-01 5.866539977196597588e-01 6.068613751686364743e-01 6.238047914684848871e-01 6.338095583686766954e-01 6.054238221882097815e-01 6.139694913630073803e-01 5.630844177206345558e-01 5.646548700743184712e-01 5.887842845933778380e-01 6.095072509553883799e-01 6.138129316356488729e-01 6.122941389013781821e-01 6.022332154420911854e-01 5.619313866254472822e-01 5.906163059514039082e-01 6.158292085488590306e-01 5.972797772418115825e-01 5.812533686786107712e-01 5.870111779709084043e-01 5.719258522359944585e-01 6.015247587605799806e-01 5.801025511690530712e-01 6.041932266041019073e-01 5.992022042482151312e-01 5.996868474410108618e-01 5.985924216119163921e-01 5.796782186040757567e-01 5.932112858747591311e-01 5.922048916354959447e-01 5.780283156242688181e-01 6.109666336392661767e-01 5.959869977770303473e-01 5.859727290540838185e-01 6.020624594015460129e-01 5.921766558759530286e-01 5.947692209542907449e-01 6.035237301182690972e-01 5.899785206007671645e-01 5.983437649519489643e-01 5.953422543432608238e-01 5.908942458724990576e-01 5.913846198088105188e-01 5.994460949238982206e-01 5.861036335164746536e-01 5.925578114671707919e-01 5.823521224499571547e-01 5.885394920208779634e-01 5.909644251922783198e-01 5.827147169305992858e-01 5.926950815201136313e-01 5.945730339521941854e-01 5.890086253995567844e-01 5.962618391294931541e-01 5.964018907911222689e-01 5.654504579914290119e-01 5.688512929108302529e-01 5.985843779846536927e-01 5.988313244281056047e-01 5.909474533226143356e-01 5.952893028009629273e-01 6.044045817594653203e-01 5.885775287939841727e-01 5.903055374178359793e-01 5.956145677139119687e-01 5.998410398276133870e-01 5.844972343867973485e-01 5.784703130829496054e-01 5.618186212161073723e-01 5.792306427256564971e-01 5.816156667307071926e-01 5.809126477956086942e-01 5.709526111739089416e-01 5.799233869492610438e-01 5.861230700561810281e-01 5.825263972270109392e-01 5.816416893528311149e-01
5.713604705978196641e-02 1.140117585606079675e-01 2.459175600829801855e-01 3.615667440156638546e-01 1.000000000000000000e+00 2.914135634176296952e-01 4.563647253995946618e-01 4.515562367404069022e-01 4.365871771317504924e-01 4.113363877917918243e-01 4.341173710262613561e-01 4.690213075454403024e-01 4.530432278591555173e-01 3.155605217218248604e-01 4.637213273643259748e-01 4.775758369864557817e-01 4.163450149574021708e-01 3.714987360192745780e-01 4.153672096405151559e-01 3.133114708003337801e-01 4.109898422123012818e-01 4.284877241225337752e-01 4.154549212572375971e-01 3.788890887541560004e-01 4.235704576888429940e-01 4.525626691867215556e-01 4.411747362225490465e-01 4.536639224822420213e-01 4.535282811111165380e-01 4.795121327300349012e-01 4.681988311009568360e-01 4.464156469961185758e-01 4.234884129956641985e-01 4.337170435034956029e-01 4.665748638795417791e-01 4.217247047301616036e-01 4.613825308905587508e-01 4.547094710137351004e-01 4.536880868970150638e-01 4.228362538119242453e-01 4.579487927460572649e-01 4.512070339316747725e-01 4.614076923955858223e-01 4.774390129303286989e-01 4.564330328366394407e-01 4.560444113594289139e-01 4.581812833619384184e-01 4.572323341762023485e-01 4.514014799388100796e-01 4.446231956091398207e-01 4.627321096860260163e-01 4.543078688516689612e-01 4.693814453717684576e-01 4.600402571641537541e-01 4.613534166300997108e-01 4.523066605753088276e-01 4.554334617049173861e-01 4.634934029532547517e-01 4.517830893094960665e-01 4.645591619680184414e-01 4.679756994210143017e-01 4.595538504385827117e-01 4.612583817264763741e-01 4.568642990918819202e-01 4.646023085463641955e-01 4.666774109264323900e-01 4.652679927257588055e-01 4.639532683102828292e-01 4.678765515132909947e-01 4.713195386880894011e-01 4.727996786649379946e-01 4.668127754725183709e-01 4.606916623216610884e-01 4.725009002180914908e-01 4.671426253880713864e-01 4.651703303039280701e-01 4.653157015876336344e-01 4.668924469134644872e-01 4.660328384909526722e-01 4.727434569014644650e-01 4.690400690110549942e-01 4.667116117721967772e-01 4.592841099718221742e-01 4.655858753900417590e-01 4.663467631887297515e-01 4.606372132273393594e-01 4.615150810156622985e-01 4.621074930608868314e-01 4.633610831355799986e-01 4.607472996138588517e-01 4.595558423473465881e-01 4.649554618151057195e-01 4.689503391449030278e-01 4.643391886361623033e-01 4.600347918996627317e-01 4.613543688886377336e-01 4.547609029027141481e-01 4.557998061354147090e-01 4.615919056887343164e-01 4.660739344757213187e-01 4.694523887014580010e-01 4.583867391506085132e-01 4.722460488999648542e-01 4.684059392214461881e-01 4.683953953298809481e-01 4.585600533873807616e-01 4.585125024370625968e-01 4.606770816284012637e-01 4.610115956608668020e-01 4.594879139374261623e-01 4.579985567282978121e-01 4.640074753896224480e-01 4.595012545410303573e-01 4.614002286077617532e-01 4.637716651786051303e-01 4.660185780036435466e-01
-2.064752554454235989e-03 1.081460653307143444e-01 2.710705567476013877e-01 3.931961839974751349e-01 2.914135634176296952e-01 1.000000000000000000e+00 5.302992838724451818e-01 4.725984469654741504e-01 4.916920553609895883e-01 4.724766474765481061e-01 5.585136378674244728e-01 5.639420221165116764e-01 4.741593581820129910e-01 4.153086316955690305e-01 5.674984249618677534e-01 5.567860246105965638e-01 4.914561447327360222e-01 4.554804019783164626e-01 5.125571586708274063e-01 3.985792355575082935e-01 4.756185190027292231e-01 5.399999891105796701e-01 5.287617422381039045e-01 4.667728279378020595e-01 5.155747569792764606e-01 5.388569820139789135e-01 5.552781021248059945e-01 5.745795643972076983e-01 5.453751690686791109e-01 5.682102664330348496e-01 5.851285933244910753e-01 5.406354207756097763e-01 5.247556619803318556e-01 5.171288104049690526e-01 5.442662972364091800e-01 5.239444857821091706e-01 5.728846195047982981e-01 5.581047051272548520e-01 5.646637110317497266e-01 5.593545978015431741e-01 5.761707157492557130e-01 5.828145918803562253e-01 5.706377612155795198e-01 5.904185767853000755e-01 5.769970810749289747e-01 5.823819770541639462e-01 5.711086657520306753e-01 5.745602038680583945e-01 5.673900897551938938e-01 5.371335673312116477e-01 5.734692340417052447e-01 5.396145436443779975e-01 5.730780874201290009e-01 5.634643745422960315e-01 5.664693603770468711e-01 5.783518852417292022e-01 5.538479133375995289e-01 5.627240732261621359e-01 5.679696235326588960e-01 5.633616651509147921e-01 5.792901709419115974e-01 5.696284942612462876e-01 5.749473982422133034e-01 5.636740727859247402e-01 5.636382133691545393e-01 5.638591947806396165e-01 5.773482777334020266e-01 5.834377463216074977e-01 5.801979778836892088e-01 5.784327314494257521e-01 5.936804645929796287e-01 5.893882145919643323e-01 5.746044949387943968e-01 5.838431682097592335e-01 5.858470638391916063e-01 5.880209647299344811e-01 5.901538309332650112e-01 5.779236003183757520e-01 5.916339970822079852e-01 5.840483150696134107e-01 5.906219137566319777e-01 5.844892740118514673e-01 5.761126176187820747e-01 5.748460660996050908e-01 5.769841354806840572e-01 5.747413502546874220e-01 5.842152061336260971e-01 5.825320431934311038e-01 5.798307938365897529e-01 5.813301080661138487e-01 5.888270922055405254e-01 5.885824341893109990e-01 5.923547408029049555e-01 5.922829696429680046e-01 5.782299732656367430e-01 5.804370580754584230e-01 5.714480741116527707e-01 5.606174457818733359e-01 5.825960173971514999e-01 5.849740716896700832e-01 5.855619137705927457e-01 5.761114309850983162e-01 5.796100864069096970e-01 5.836735521113747271e-01 5.776899536591874051e-01 5.680152708198916711e-01 5.750893802023244739e-01 5.741605194882729579e-01 5.784723459196779993e-01 5.796130811145602246e-01 5.811531640224718576e-01 5.750053296109701728e-01 5.789433170552070740e-01 5.739879127728312325e-01 5.745839451292928945e-01 5.743582561792615060e-01
6.241289079286180957e-02 1.994429686764563892e-01 4.065305346742532633e-01 6.203260029010968513e-01 4.563647253995946618e-01 5.302992838724451818e-01 1.000000000000000000e+00 7.233063189617693345e-01 7.211423177278385444e-01 6.476325675033296481e-01 7.455275614975876985e-01 7.874006049921271622e-01 6.947054617746781791e-01 5.884139855127041852e-01 8.310779759028796843e-01 7.843185340799473382e-01 6.809672465042003742e-01 6.705467455423639311e-01 7.105035365841539940e-01 5.506847450117793308e-01 6.833061304190501950e-01 7.595127845300412295e-01 7.138256523579598056e-01 6.448186435088285595e-01 7.040925356494507348e-01 7.631637013447601925e-01 7.636933559628261703e-01 7.961496170788970872e-01 7.501705365611640586e-01 7.991425204251281222e-01 8.069853825436176242e-01 7.580917894311273164e-01 7.412257305375623551e-01 7.191023501700020137e-01 7.499861639357621179e-01 7.165476102656932467e-01 7.905861774567334299e-01 7.882650456291405705e-01 7.889306452797548719e-01 7.856811842673071533e-01 7.843238221176140890e-01 8.041980164918020035e-01 7.898174091251598528e-01 8.184920212384546589e-01 7.919551016267289967e-01 8.124328686198466487e-01 7.657039481127521086e-01 7.637088437704214750e-01 7.668676002462552210e-01 7.536426000015935545e-01 7.916550238140296347e-01 7.333815021066230067e-01 7.688102257814649620e-01 7.474473497433495872e-01 7.645907983771477179e-01 7.857331879572926336e-01 7.462186181311004640e-01 7.720294696937947121e-01 7.765632556678139231e-01 7.545197121686164632e-01 7.777323345778396346e-01 7.576717046295777802e-01 7.762266333406164787e-01 7.645019342021078801e-01 7.526740352182982319e-01 7.525242242680645344e-01 7.706497309788438166e-01 7.814232298913107444e-01 7.797868324322215772e-01 7.666968206831120680e-01 7.939279132783852999e-01 7.797761175906687825e-01 7.671957978245047549e-01 7.805996891507511748e-01 7.871708509489330208e-01 7.902032228391029367e-01 7.966775524667910613e-01 7.725617125536700103e-01 7.906887118284959826e-01 7.761856696642221998e-01 7.790639085446052770e-01 7.861596539463436839e-01 7.872656899711931722e-01 7.739840539320321788e-01 7.806613341303941800e-01 7.686824124576098205e-01 7.814259724861324363e-01 7.915271883751112680e-01 7.773869307543703755e-01 7.812842597293073732e-01 8.008155279490825063e-01 7.900042790057284492e-01 7.894381165782173859e-01 7.965554106737977591e-01 7.653624383425642330e-01 7.674611479783746137e-01 7.767315497600082441e-01 7.606470574130577145e-01 7.750849323407997815e-01 7.897264215285918487e-01 7.908482388481935521e-01 7.706561631650439281e-01 7.720802641960593515e-01 7.860250057918329869e-01 7.734047375304575755e-01 7.551139149994445798e-01 7.663097831668673754e-01 7.633851346978245411e-01 7.735264400302916954e-01 7.755392469671952282e-01 7.789881792433932528e-01 7.604915431667704784e-01 7.703694067747328678e-01 7.640550026115826565e-01 7.636405138637391010e-01 7.577851541164097871e-01
5.244592531826939436e-02 1.612704712366410942e-01 3.722695726552616713e-01 5.904385219932626327e-01 4.515562367404069022e-01 4.725984469654741504e-01 7.233063189617693345e-01 1.000000000000000000e+00 6.885995816863972330e-01 6.248238922384309335e-01 7.116739409513799242e-01 7.517154946535774540e-01 6.930680819420157457e-01 5.534039461645674507e-01 7.614653401387988518e-01 7.934433526998748709e-01 6.496064435469678378e-01 6.315256471390475745e-01 6.717411181329346892e-01 5.582076097559293126e-01 6.621493318252823501e-01 7.089203676593905934e-01 6.678971383616925106e-01 6.171041469996547679e-01 6.642453373207001244e-01 7.112541917706177719e-01 7.173666041920554459e-01 7.282532356912080340e-01 7.225258217786594273e-01 7.519799131691891070e-01 7.662534279127707348e-01 7.407584626015401019e-01 6.885530270957596066e-01 7.094454536002173795e-01 7.309217046338065682e-01 6.635919785275877780e-01 7.395079645729009110e-01 7.686669815665019279e-01 7.441947998024264210e-01 7.116987638096563540e-01 7.442512499280126148e-01 7.571895763901136389e-01 7.465595014171828581e-01 7.794499359369259084e-01 7.372522993683480186e-01 7.580485931249970610e-01 7.447267884993981069e-01 7.470702386606373757e-01 7.583630945495778430e-01 7.428695978145698486e-01 7.674910960155465478e-01 6.977720663214921348e-01 7.407737980010814516e-01 7.389299362371125612e-01 7.540676882320989094e-01 7.444186243064572217e-01 7.373174295468581940e-01 7.597112970317504432e-01 7.638030760178357026e-01 7.404092451544097564e-01 7.632019940053731411e-01 7.506163388888352772e-01 7.622772729649511803e-01 7.527807186524722027e-01 7.335703603607277579e-01 7.334202741328931241e-01 7.503174451239265075e-01 7.564360101096130329e-01 7.611617662552947472e-01 7.551925130469567815e-01 7.681037339082669169e-01 7.598806734051998246e-01 7.467920157209220200e-01 7.532221146899819031e-01 7.513352385156206736e-01 7.543732623056255138e-01 7.582950479855958825e-01 7.502041126226911549e-01 7.548945616658128133e-01 7.596366168375067174e-01 7.572000460596324256e-01 7.624756298064154780e-01 7.503816197547469313e-01 7.550861208367584121e-01 7.645579447283711305e-01 7.543453227107411729e-01 7.494796471742689592e-01 7.636798676164820998e-01 7.529356651842828985e-01 7.511575688887125457e-01 7.525971944057550100e-01 7.579501411763615026e-01 7.559160844425033554e-01 7.610917767807391376e-01 7.481748766031250941e-01 7.508098010009626178e-01 7.579153657648975972e-01 7.527926188842684052e-01 7.596305658317731302e-01 7.651035662371551416e-01 7.622360233961821274e-01 7.597080584403180792e-01 7.534482370312862720e-01 7.645341980041306940e-01 7.507431685009257061e-01 7.445352926370764068e-01 7.543267123364143512e-01 7.436695339614857181e-01 7.548513673858907591e-01 7.578831524968165922e-01 7.630167272775320031e-01 7.477577436993338988e-01 7.546336494389250804e-01 7.515899037556146300e-01 7.437307893305049600e-01 7.415939447654673611e-01
2.047643627482750028e-01 2.392822418431285458e-01 3.938754779444172960e-01 5.781662339737908551e-01 4.365871771317504924e-01 4.916920553609895883e-01 7.211423177278385444e-01 6.885995816863972330e-01 1.000000000000000000e+00 7.240178422521122981e-01 7.915719148933069160e-01 8.340378361189110246e-01 7.330789219772463339e-01 6.295982199073364427e-01 8.237362364787288449e-01 7.996042371713787400e-01 7.725657499100430092e-01 6.500288279011167125e-01 6.888455340957457818e-01 5.687536147546484733e-01 6.570401864593942154e-01 7.353971576451211467e-01 7.173915378929599518e-01 6.337847948651682550e-01 6.709253675546988926e-01 7.989405647775799091e-01 7.955502638668326965e-01 7.920525851874964385e-01 8.102872504217213390e-01 8.431284538014158780e-01 8.492185961410848583e-01 7.846672103646110674e-01 7.280326868408756313e-01 7.620335816627193948e-01 8.059537902535786058e-01 7.377867739267643943e-01 8.101015217095640653e-01 8.096345759434043776e-01 8.122505359487206533e-01 7.419285343441011094e-01 8.295702202164201289e-01 8.062558838266844496e-01 7.959400317481777343e-01 8.403432638003149879e-01 8.204434738135343297e-01 8.078581237133269921e-01 8.464088907382286697e-01 8.509803689023862638e-01 8.500051554745134963e-01 7.839515546975451832e-01 8.305743849451159289e-01 7.803432515326398367e-01 8.443036191237610621e-01 8.528736978377924327e-01 8.414463070837773229e-01 8.165967303682126754e-01 8.576383601285666458e-01 8.520835332610001700e-01 8.433646757084558576e-01 8.663562730165456083e-01 8.484263293400297057e-01 8.517428650473666263e-01 8.539893375231419892e-01 8.568141310762428242e-01 8.597614749506500287e-01 8.584169803628587392e-01 8.522641308426108786e-01 8.328710529243787963e-01 8.342836876746154706e-01 8.284809245191342431e-01 8.403895617487151526e-01 8.390599414389027233e-01 8.141854473210869969e-01 8.212806051148845432e-01 8.448971265392335450e-01 8.487494094438835512e-01 8.425779290112157538e-01 8.479230426858351821e-01 8.383257504230317014e-01 8.535607013952688504e-01 8.398525990394334340e-01 8.494316255464411380e-01 8.367583277281508414e-01 8.460857873424544318e-01 8.375717014495440704e-01 8.324216388006562273e-01 8.330493734798687377e-01 8.399872613627524798e-01 8.373136325254669776e-01 8.433880615021076554e-01 8.282073165244061563e-01 8.411192831788879554e-01 8.407511881634992523e-01 8.387022329191783365e-01 8.432157309937738932e-01 8.476780177547725836e-01 8.462284216613055188e-01 8.520181927975865044e-01 8.472273401101105827e-01 8.446923318322261398e-01 8.422362025209134684e-01 8.541658281545566611e-01 8.500775716017253680e-01 8.517588742847345129e-01 8.464628092475960930e-01 8.637076526437179602e-01 8.540074724879949120e-01 8.411991262234144173e-01 8.511483196360123404e-01 8.541616009103044638e-01 8.466513654477297868e-01 8.553376436617334821e-01 8.540496288908511202e-01 8.557977366299497346e-01 8.532720206711310595e-01 8.540266674507772660e-01
4.831928390057187161e-02 2.082831770016364548e-01 2.962649114234780501e-01 4.862493994296326338e-01 4.113363877917918243e-01 4.724766474765481061e-01 6.476325675033296481e-01 6.248238922384309335e-01 7.240178422521122981e-01 1.000000000000000000e+00 7.395865426727042946e-01 7.699214842714127149e-01 7.042980931771046782e-01 6.065081593446627339e-01 7.743871886946721572e-01 7.567571424141436021e-01 6.823169671949318449e-01 5.837906303273586728e-01 6.357265441393273875e-01 5.201220344683724628e-01 5.852861784429058689e-01 6.586935998344365384e-01 6.713361803902128111e-01 6.024322939173889502e-01 6.389338885603611518e-01 7.290183398473081278e-01 7.409629653498973623e-01 7.567988982765347927e-01 7.525723667522798976e-01 7.703895856913983708e-01 7.855658535974999745e-01 7.425505983517167730e-01 6.916140218125386152e-01 7.246032057499056656e-01 7.477316935148077270e-01 6.933218812919228480e-01 7.707950889391713689e-01 7.822486582041332515e-01 7.671731331986161306e-01 7.198873231476341505e-01 7.960649154263897964e-01 7.776056337057495327e-01 7.545468957275734967e-01 7.907993631520665589e-01 7.753467308088707322e-01 7.777242777994524126e-01 8.121112280362624558e-01 8.172090535189739935e-01 7.970237686480284856e-01 7.280588581146492100e-01 7.860405694411448652e-01 7.052517093742908250e-01 7.796623930305703887e-01 8.084094166583496444e-01 7.927636374395716778e-01 7.815012712131367278e-01 7.793855513453648021e-01 8.040229211871752213e-01 8.020092616338071467e-01 8.083234267058000411e-01 8.015842747707395688e-01 8.052586536504389159e-01 7.991269270801246716e-01 7.878636753278942528e-01 7.813753678428991822e-01 7.910910871250829146e-01 8.089420962162041651e-01 7.990801299965848425e-01 8.027214509496203299e-01 7.964629597976172759e-01 7.965314758767957359e-01 8.013657435278280783e-01 7.873449427062921835e-01 7.878506722182269106e-01 8.049075897359658782e-01 8.075785444101899468e-01 8.047631576132885378e-01 8.048346667546576461e-01 8.037701374250438846e-01 8.083905862497334782e-01 8.064165712738641245e-01 8.118950876034151110e-01 7.957830038121002092e-01 8.068262367290648385e-01 7.994979095566420169e-01 8.016387233617303654e-01 8.006098811313112629e-01 8.081776099675755942e-01 8.056202875440913180e-01 8.060575278038024649e-01 7.988742929716236008e-01 8.092437866162051074e-01 8.082436097275478293e-01 8.072605515598426651e-01 8.135600414591973584e-01 8.168867211964545572e-01 7.825270924483391788e-01 7.825396387019656341e-01 8.016859088997236871e-01 8.037911046614106825e-01 7.985070138302988729e-01 8.011931536122792741e-01 8.060569278440324892e-01 8.070830121556039627e-01 7.933567228662462556e-01 7.991884753066300640e-01 8.106742052230412332e-01 8.140602572452977359e-01 8.119241070947535999e-01 8.136122265249673413e-01 8.118081343309992981e-01 8.131206150076255579e-01 8.128399582934651146e-01 8.031011036221610278e-01 8.038861376651985635e-01 8.069142643495412770e-01
3.755850136143588230e-02 1.844287873154683843e-01 3.780618546864974450e-01 5.901638363647827568e-01 4.341173710262613561e-01 5.585136378674244728e-01 7.455275614975876985e-01 7.116739409513799242e-01 7.915719148933069160e-01 7.395865426727042946e-01 1.000000000000000000e+00 8.724156309849381286e-01 7.597327841727800068e-01 6.499871527523144454e-01 8.636621000004899296e-01 8.363823925579286778e-01 7.630905423568070667e-01 6.697160303201051823e-01 7.389376043145605699e-01 5.694524247987622356e-01 6.624505625366866601e-01 7.844636803315953033e-01 7.688560581038474950e-01 6.716436993730356964e-01 7.398091435619651435e-01 8.447775567440071187e-01 8.416474712199639718e-01 8.563792212094051282e-01 8.381196940467116052e-01 8.599287365051820897e-01 8.824809342094710463e-01 8.166368112365393062e-01 7.867106644552073202e-01 8.009054403572830605e-01 8.275673393559285218e-01 8.044117593677315714e-01 8.647385042952931977e-01 8.622863914630767290e-01 8.677815459426865274e-01 8.231677248455863127e-01 8.860342105786186417e-01 8.744461698943356565e-01 8.540000768037183665e-01 8.911529745269703984e-01 8.770445172105779674e-01 8.707897187092868974e-01 8.863696710709052518e-01 8.841583468335462159e-01 8.776399897404758566e-01 8.249642734288744617e-01 8.790918510080371062e-01 8.167216510089465586e-01 8.662819755691165691e-01 8.725149395562297183e-01 8.689121056631065043e-01 8.761002506782162857e-01 8.577932064747633145e-01 8.805882558382061021e-01 8.743535054264157669e-01 8.804475811115228812e-01 8.856037585831144643e-01 8.738096778215813654e-01 8.820937667181554254e-01 8.787511787228843296e-01 8.715992929519325028e-01 8.757882252679514146e-01 8.888665277694858258e-01 8.833816939915282163e-01 8.778470323443624546e-01 8.668508148551498094e-01 8.882255419933248186e-01 8.894255396189534313e-01 8.612786344952509943e-01 8.746105504022494426e-01 8.970463688678941283e-01 8.946901844123176240e-01 8.937893551225495337e-01 8.875453772559218635e-01 8.900763949391924390e-01 8.913665235225844974e-01 8.925421709311989193e-01 8.977929217789596406e-01 8.892192936283548343e-01 8.857977446348984651e-01 8.872242878766631868e-01 8.789514029573310960e-01 8.917164190842287175e-01 8.939156353473390881e-01 8.919826165374067362e-01 8.921197729711113356e-01 8.940397035389764380e-01 8.960277080268750360e-01 8.962700614187674164e-01 8.955176925558103740e-01 8.897607500804349812e-01 8.900288987988209666e-01 8.772285417206747704e-01 8.711452854947747682e-01 8.890997299928137254e-01 8.935868352626409328e-01 8.919486340478064434e-01 8.878437211849858901e-01 8.876287610416304652e-01 8.967716529471215781e-01 8.887690031031535431e-01 8.776314871690193975e-01 8.875609456552059351e-01 8.890471681508922419e-01 8.910695546444483695e-01 8.934228173524839667e-01 8.910196572826619699e-01 8.885630923557199523e-01 8.903275526682389307e-01 8.894176280397285694e-01 8.863963193021968667e-01 8.853345059030199860e-01
5.683259057121100438e-02 1.831025105449393953e-01 4.163563076989238443e-01 6.382067361715436649e-01 4.690213075454403024e-01 5.639420221165116764e-01 7.874006049921271622e-01 7.517154946535774540e-01 8.340378361189110246e-01 7.699214842714127149e-01 8.724156309849381286e-01 1.000000000000000000e+00 8.014477505323605033e-01 6.767404377012279371e-01 9.040984321189526884e-01 8.889734764917959220e-01 8.121363274043233993e-01 7.017955805201941955e-01 7.760938755521833432e-01 5.978868965829220450e-01 7.270860476396888705e-01 8.232228016452917130e-01 7.999971308023582361e-01 7.111161248607432706e-01 7.805033992906785789e-01 8.670601899466642282e-01 8.649478920819020367e-01 8.843648166829317647e-01 8.690149611171247290e-01 8.975280302933796861e-01 9.215063953642226302e-01 8.559036974512956863e-01 8.159446577644949850e-01 8.370499963875441818e-01 8.644189960258928940e-01 8.406505264029695557e-01 9.036722050736301082e-01 9.015578045271811503e-01 9.065740154705898002e-01 8.590463743292702237e-01 9.213056007471955855e-01 9.095417213792963418e-01 8.991504529927893952e-01 9.318565075641308537e-01 9.185064729782814741e-01 9.120343161195854087e-01 9.262463674290596360e-01 9.277312923700901104e-01 9.178098423258963523e-01 8.689264144465445039e-01 9.231721187839139198e-01 8.709570544344105159e-01 9.206514708434170302e-01 9.179665627246582638e-01 9.121690205948559393e-01 9.136347036927723320e-01 9.078182578174212036e-01 9.249880386020888912e-01 9.174757197978462564e-01 9.256168470657930580e-01 9.286649857683016984e-01 9.197798013065281442e-01 9.300887301178446531e-01 9.238662018969764356e-01 9.189873418699577856e-01 9.212796779521728041e-01 9.291642183108437258e-01 9.234134742120551076e-01 9.166628748409559879e-01 9.123632884538322996e-01 9.330546490334311605e-01 9.302587043243316645e-01 9.021204202982051612e-01 9.207685988346883121e-01 9.317546710905707519e-01 9.329120610919916512e-01 9.318944970583589171e-01 9.248683626598083185e-01 9.281881604028672239e-01 9.313106520032433666e-01 9.302150412026252146e-01 9.342000008955249069e-01 9.265916555022091217e-01 9.250741611733506176e-01 9.243741911005962653e-01 9.177061655881980640e-01 9.295398075350804756e-01 9.321593181530295480e-01 9.307608904425153096e-01 9.304353719201328143e-01 9.280856910024003481e-01 9.341224332715956091e-01 9.354099046930831607e-01 9.346058287090107664e-01 9.289017501212296635e-01 9.302267677564323156e-01 9.165538995794706434e-01 9.148555620937951494e-01 9.289483325598639762e-01 9.328491194705293976e-01 9.341512857305258599e-01 9.290796709692706878e-01 9.314333258840041818e-01 9.373394675726494096e-01 9.326246712709631570e-01 9.200976982101919388e-01 9.275070584096160031e-01 9.273242912244584746e-01 9.316200218144397027e-01 9.335636775690221434e-01 9.313974468797522333e-01 9.305395447718352031e-01 9.312575912235278031e-01 9.299061077538379738e-01 9.300053738516892432e-01 9.295076629215699437e-01
5.303016516188753526e-02 1.765837737743548297e-01 3.644608047231843728e-01 5.363011512168266437e-01 4.530432278591555173e-01 4.741593581820129910e-01 6.947054617746781791e-01 6.930680819420157457e-01 7.330789219772463339e-01 7.042980931771046782e-01 7.597327841727800068e-01 8.014477505323605033e-01 1.000000000000000000e+00 6.064810243223341946e-01 8.071125682335014151e-01 8.057722090966912276e-01 7.047291549414314016e-01 6.203372039754228018e-01 6.773222021635452172e-01 5.494567060332903319e-01 6.447352819194084317e-01 7.104111913148909441e-01 6.923088585955657903e-01 6.356066582881549909e-01 6.806117086042843267e-01 7.651773828007325529e-01 7.614413686655430169e-01 7.662708991976479034e-01 7.574036034800850636e-01 7.953314637650630292e-01 8.085111781510867512e-01 7.593044325112934256e-01 7.025153073733709785e-01 7.387398575209439544e-01 7.666866992929910474e-01 7.221056463898823941e-01 7.894923094373897943e-01 7.938015876443016428e-01 7.956573398217288151e-01 7.324241105125091078e-01 8.159545112067497774e-01 8.032820802293867413e-01 7.907643009648633869e-01 8.235230251291308923e-01 8.020248838354900878e-01 8.009616072718073188e-01 8.262459230232627183e-01 8.258467928663972835e-01 8.108357520613017622e-01 7.636726870485506247e-01 8.129464066529844546e-01 7.617590843193823291e-01 8.141906128041587198e-01 8.140190854663985620e-01 8.013657278145159824e-01 7.958105357016912462e-01 7.887280463730733659e-01 8.243804238639476090e-01 8.072909711442712855e-01 8.295134176550840177e-01 8.225748885534408528e-01 8.113814711640795485e-01 8.161880716961141813e-01 8.181750418919314649e-01 8.142744683642976211e-01 8.111445623720362486e-01 8.284453996014752297e-01 8.204041034430310519e-01 8.219196065085747627e-01 8.217342743879096911e-01 8.281967590209159402e-01 8.249616354054514211e-01 8.077820894479138536e-01 8.174534949118106297e-01 8.283488001176130267e-01 8.287318766800317871e-01 8.249611283708857545e-01 8.224477491302232268e-01 8.244718102563968198e-01 8.305104650668718724e-01 8.284375560750619760e-01 8.309974348829196611e-01 8.168933530511220953e-01 8.256533509346576372e-01 8.253430918292556928e-01 8.190356970463091857e-01 8.215853147446586791e-01 8.285411072835385804e-01 8.282525703802731121e-01 8.248160958534862530e-01 8.194005258707185435e-01 8.303222754119411464e-01 8.299775106979585537e-01 8.290467923902991032e-01 8.300681617744385399e-01 8.301954291321320678e-01 8.166900010626100270e-01 8.139606959534860797e-01 8.290896417352690007e-01 8.317619600451591211e-01 8.322113733382920930e-01 8.249103860023913048e-01 8.326416369584397348e-01 8.364637577864867390e-01 8.291345606027081816e-01 8.156620613440116463e-01 8.272016387609988364e-01 8.292930947423000632e-01 8.307608842729571341e-01 8.325635908873341151e-01 8.282057220472466286e-01 8.311208428141327875e-01 8.284668148680094379e-01 8.304786073973339233e-01 8.269449337964508429e-01 8.261701571736922434e-01
