1.000000000000000000e+00 1.525895643391568524e-01 2.174735051496670679e-01 1.623397467487567858e-01 4.851263260146676526e-02 7.245854645455876430e-02 1.325216496938004807e-01 6.985853720808812839e-02 1.506933825949260397e-01 7.830258171636125808e-02 6.676274749501089067e-02 5.360986115134787344e-02 5.283354669314489771e-02 -3.562981121514968122e-04 5.761936164207752398e-02 5.478977988161663759e-02 1.276732574522040642e-01 1.348603582797054390e-01 1.460394325438144902e-01 1.633343972971187386e-01 1.283843007856222129e-01 1.368801366457007840e-01 1.862219079074186323e-01 1.494764589248789022e-01 1.402745650617444328e-01 1.931738174077025083e-01 1.635761250741749329e-01 1.411653737926578389e-01 1.474485039025039412e-01 1.524631432720467139e-01 1.427053468164108940e-01 9.500357778177452583e-02 1.155030065478052370e-01 9.959372164198945776e-02 1.075149453063413002e-01 1.166491287672279248e-01 1.134785679317698998e-01 8.466512543623221088e-02 7.908941288811052739e-02 7.501658827644373806e-02 5.898399237915992466e-02 5.706079820118671597e-02 4.909479569643349778e-02 5.414274865928945385e-02 9.078347464187262739e-02 6.839880361540974507e-02 2.023354408041222463e-02 3.127542772063606619e-02 3.940834553928201922e-02 5.172113017763011605e-02 4.653071023779065812e-02 4.077767631774763951e-02 4.479448803243239047e-02 6.039865584829057915e-02 5.786044220009262801e-02 8.304341245793289694e-02 5.902450045377746063e-02 4.137195276326523230e-02 4.097678093687772555e-02 3.266782615494819714e-02 1.918243599414259579e-02 4.317871048112584959e-02 4.236705666169528900e-02 4.506373510635874186e-02 7.400741522569181940e-02 5.854572847306008243e-02 3.927027300355558082e-02 5.674213850255539066e-02 6.670547926817430029e-02 7.616137680561269052e-02 5.452821047958401890e-02 5.902247647960982141e-02 7.506094771783730635e-02 7.066276791616457609e-02 6.361916281213771118e-02 5.440488929682363306e-02 5.404490872748700381e-02 6.543277092600111033e-02 6.589135022067961478e-02 6.167636857532782235e-02 5.286263907256141814e-02 5.893220343749423079e-02 6.238905133510661005e-02 6.075066642211569140e-02 3.785726998786967390e-02 4.430665939350279803e-02 5.595322966162850215e-02 3.780175042092334681e-02 3.658367925260639503e-02 4.216798392199053169e-02 3.644651927551635640e-02 2.290192105228716982e-02 4.227890223475479908e-02 3.446194400377115830e-02 1.172778598828862900e-02 2.091045828265319928e-02 1.478743067315966414e-02 4.554452555374047251e-02 2.548199905623919209e-02 2.859120460144555856e-02 2.228919625280778583e-02 2.821329524455293974e-02 2.680828803974706284e-02 2.156111919499516250e-02 3.761642344531174881e-02 3.818301576300173195e-02 3.224224406538659521e-02 2.518085621549761427e-02 3.219941670641555953e-02 2.626055066516123568e-02 2.708732105117990507e-02 2.008457739681674889e-02 2.519424090448587825e-02 2.867461070526522091e-02 3.352673661179244452e-02 4.215555016011676009e-02
1.525895643391568524e-01 1.000000000000000000e+00 1.150048459055434957e-01 1.289567450699385109e-01 1.297201254571400952e-01 1.067290101584363743e-01 1.894123188287236137e-01 1.356758950704323730e-01 2.110938273730366965e-01 2.113675155082120893e-01 1.365745681976913983e-01 1.582802740344797510e-01 1.536299265028190364e-01 1.262327241750018647e-01 1.680118515901156684e-01 1.689392971164173363e-01 1.599963912189599768e-01 1.671857166934825334e-01 1.361841282994163127e-01 1.918763973564998615e-01 1.466790754686098930e-01 1.243996690482872536e-01 1.954053925319790552e-01 1.435369900703438173e-01 1.262096808005092052e-01 2.247162274126910941e-01 2.094164881486474672e-01 2.182969194197205420e-01 2.103316581969491561e-01 1.910247073869895118e-01 2.015613499965607236e-01 1.742952592979158388e-01 1.762388337631419777e-01 1.622911439932041844e-01 1.632051612059301771e-01 1.625477676836481478e-01 1.813968609819404942e-01 1.854793322012632251e-01 1.772423344885862839e-01 1.826339512540569032e-01 1.857543943466743452e-01 1.824277087931565344e-01 1.677106191189412232e-01 1.742480157154795428e-01 1.832044985233033385e-01 1.877652724428025000e-01 1.556360001237894197e-01 1.663922358007037527e-01 1.540497071493395487e-01 1.417914878718052607e-01 1.585059057453750975e-01 1.199488340773371270e-01 1.451924082194154808e-01 1.783101048896900132e-01 1.679869333543033139e-01 1.925406481704115547e-01 1.529067018982113724e-01 1.709407119974031553e-01 1.648375662413059106e-01 1.635850897362044754e-01 1.534531460236946976e-01 1.694546716912672946e-01 1.499408050903154044e-01 1.606592627238701554e-01 1.688990260874428939e-01 1.658231234763669903e-01 1.649223958060540285e-01 1.673921711244584221e-01 1.822816862591145337e-01 1.876206838322937998e-01 1.486997058355617740e-01 1.505417959642901260e-01 1.706117265113145098e-01 1.491797632442052601e-01 1.818692586304924419e-01 1.791522505875075555e-01 1.880264351046483373e-01 1.885559929733576501e-01 1.772986673137122993e-01 1.655548792271404057e-01 1.635756240995364375e-01 1.790592136947901925e-01 1.809202751787066243e-01 1.702235680040302679e-01 1.571945454793871599e-01 1.593251879297092055e-01 1.646277847124843763e-01 1.705404508468982006e-01 1.624622265045539971e-01 1.787853447736746371e-01 1.686403876410174363e-01 1.647696835238322277e-01 1.703561435567503279e-01 1.706370927619675626e-01 1.540662302144504836e-01 1.607485128518124640e-01 1.432767562744089729e-01 1.461443839504455722e-01 1.541761084984330232e-01 1.560297897507744447e-01 1.552531936607313978e-01 1.519350741596725840e-01 1.499114487505307791e-01 1.556159325495591605e-01 1.535924513393048252e-01 1.530983375281781411e-01 1.551288420172231841e-01 1.685138239796186710e-01 1.705058738917761829e-01 1.628186441570837473e-01 1.624561115830013558e-01 1.612815404179961387e-01 1.594983042251809646e-01 1.583937076268175093e-01 1.601226434989943270e-01 1.608802644285846628e-01
2.174735051496670679e-01 1.150048459055434957e-01 1.000000000000000000e+00 4.606756046285334083e-01 2.423077055167542626e-01 2.522415286739633222e-01 3.811906321228575867e-01 3.386023561816257077e-01 3.769812788763592382e-01 2.769382181136724186e-01 3.626538555636945604e-01 3.832547036796805640e-01 3.151733882558392930e-01 2.840823340086545690e-01 3.625101163701754947e-01 3.747503013702067065e-01 3.641700241499774560e-01 3.365560451007873488e-01 4.061002892663365671e-01 2.918354772241530948e-01 3.691221607353599721e-01 4.449505804724737668e-01 4.123331930252656097e-01 4.222548224730061084e-01 4.441464781981357413e-01 4.846491185279529490e-01 4.684499258281615286e-01 4.339739471666976822e-01 3.693080319195786165e-01 4.626206574223684642e-01 4.708509096348879042e-01 3.978525189889260960e-01 4.152548536271251645e-01 4.385990843175860965e-01 4.113225289516135863e-01 4.636042212393815531e-01 4.541592821640448863e-01 4.153676087957845486e-01 4.255214531696464575e-01 4.201614562963262300e-01 3.820654569111671672e-01 3.827409055367812507e-01 3.944115724059313877e-01 3.998135104045518196e-01 4.307217761719022153e-01 4.081421143220593795e-01 3.376965038806351571e-01 3.440159526874218554e-01 3.572016586059478249e-01 4.000954871499227683e-01 3.837207681130412329e-01 3.766394173701002601e-01 3.749802118429678699e-01 3.487599137050377829e-01 3.598985066920640241e-01 3.803762549701544260e-01 3.640913278688881483e-01 3.682862233414599396e-01 3.626254832413277063e-01 3.508842976785715995e-01 3.441858502223503757e-01 3.556042310252763294e-01 3.560263812659100191e-01 3.710803299949976264e-01 3.774841998322422953e-01 3.692755140293148552e-01 3.521046926464088123e-01 3.773821354521542104e-01 3.709578603412366782e-01 3.631131644021809435e-01 4.005459545634503793e-01 3.962311089199928582e-01 4.034494267947307811e-01 4.183181293121475131e-01 3.912407514285215493e-01 3.842538418406239442e-01 3.716820497092951925e-01 3.613412309066351691e-01 3.952282168636049864e-01 3.890369915625368491e-01 3.825629964633220359e-01 4.006939483575473471e-01 3.675646129384974592e-01 3.748747806398354809e-01 3.671089941436939674e-01 3.858012283800453801e-01 4.012503950037537015e-01 3.667041911246264885e-01 3.757704956911346317e-01 3.442710094190442049e-01 3.631238642423695873e-01 3.557299220490383607e-01 3.769959083698838920e-01 3.656318318907137432e-01 3.338154641226211972e-01 3.369769372063499135e-01 3.545374678218139453e-01 3.662800377396748797e-01 3.524943252579856856e-01 3.606753760239280737e-01 3.645745772938034923e-01 3.519268044920723648e-01 3.575235951404122647e-01 3.554479663426127756e-01 3.754099916763630751e-01 3.396069356261637306e-01 3.471212731118287764e-01 3.420830761485772475e-01 3.502542708706939956e-01 3.470576043039471648e-01 3.459121169799350692e-01 3.381009601207850546e-01 3.455740254348470542e-01 3.558181952332536424e-01 3.527506544717037285e-01 3.617749821337335470e-01
1.623397467487567858e-01 1.289567450699385109e-01 4.606756046285334083e-01 1.000000000000000000e+00 3.400305061636307857e-01 4.055449467515640505e-01 5.483638614174772830e-01 5.093107762740556321e-01 5.446126736367445931e-01 4.679330296154260438e-01 5.558630867963956224e-01 6.212502528592835915e-01 5.026096919590551382e-01 4.797556188295289958e-01 5.748856542293403482e-01 5.678784679000671298e-01 5.230919764695576291e-01 3.612601678513648329e-01 4.910858332529929871e-01 3.295790669074691315e-01 4.209866421215627263e-01 5.640733027620132845e-01 4.840012508679337189e-01 4.665857984688958626e-01 5.396559626063580639e-01 6.354533178354088152e-01 6.240426251901344257e-01 5.912050408115586686e-01 5.138718170076492786e-01 5.979733552386236051e-01 6.464768781128038544e-01 5.537869868124557504e-01 5.626705736551204096e-01 5.871289259454923748e-01 5.585462570464879706e-01 6.238125059124747240e-01 6.163108829244060560e-01 6.139747486152546951e-01 6.283286328751749306e-01 5.910362533485724601e-01 5.907383235899887897e-01 5.988867245408353579e-01 6.036694235574641132e-01 6.151981686862758592e-01 6.296465357772998983e-01 6.138190492720012603e-01 5.546112050326577059e-01 5.547598546911469697e-01 5.699482995062984392e-01 6.032110077587486963e-01 5.954809205090708657e-01 5.868637134705221303e-01 5.912309958096986229e-01 5.509347703679795538e-01 5.393894352334382969e-01 5.578342531694461259e-01 5.706990267804983308e-01 5.787602550934273227e-01 5.623522628623529585e-01 5.669434369022376963e-01 5.639891876078191313e-01 5.693017247711905648e-01 5.659602581609735061e-01 5.911937022596213120e-01 5.877404393009095784e-01 5.811792373594159011e-01 5.647114884945072522e-01 5.525844567566065013e-01 5.488181944874926943e-01 5.270783807528270914e-01 5.803306776135869205e-01 5.964830079857128542e-01 5.667701059863282653e-01 5.895545809115797509e-01 5.928341080210240976e-01 5.920588959479985425e-01 5.690189800403713249e-01 5.591808606787619373e-01 6.036715951832822835e-01 5.947690565515574290e-01 5.860128799460110338e-01 6.117691054247851312e-01 5.636038014087318970e-01 5.708416021315328992e-01 5.725970786166303395e-01 5.872649677271393198e-01 6.008463409878912476e-01 5.802224239128142003e-01 5.911626738726607488e-01 5.408785699798489555e-01 5.708070775284800336e-01 5.727750809294954726e-01 5.903577942897916264e-01 5.842303454217400160e-01 5.545817056423582025e-01 5.523876163004285411e-01 5.769340023608324763e-01 5.851635912666987016e-01 5.700703008477148170e-01 5.783926901707412416e-01 5.811235578611037011e-01 5.703522112972456704e-01 5.749986152676603846e-01 5.771770881591162805e-01 5.888756586284688010e-01 5.525485620450182322e-01 5.649497385890865919e-01 5.548216427851671018e-01 5.542108588301101202e-01 5.658715531721791869e-01 5.602737140072162614e-01 5.580712599638651961e-01 5.607385451587495462e-01 5.754769699184083542e-01 5.717285585530823555e-01 5.738485298915185773e-01
4.851263260146676526e-02 1.297201254571400952e-01 2.423077055167542626e-01 3.400305061636307857e-01 1.000000000000000000e+00 2.892101525724886657e-01 4.627099466337863953e-01 4.053511202396970492e-01 4.111044250784468002e-01 3.842343171968065074e-01 4.068075384637946379e-01 4.370329606676136569e-01 4.473372219046097831e-01 3.914297902679285679e-01 4.544109533678675206e-01 4.535124837874898729e-01 3.749133725518635218e-01 2.781661791308965292e-01 3.443252405350596401e-01 2.257029973880554097e-01 3.115862451553624290e-01 3.950856211069250779e-01 3.446545290744653656e-01 3.250335571279328040e-01 3.802584568040840440e-01 4.502097261136838169e-01 4.290571764414083944e-01 4.293574188407112135e-01 3.742604382726202883e-01 3.903573706688308609e-01 4.509274972384006430e-01 4.095951578378881908e-01 4.045235470188272564e-01 4.146813629614887753e-01 3.860475329800507893e-01 4.288849340078389472e-01 4.352641419935435740e-01 4.500430624787156164e-01 4.469673259410594235e-01 4.400642574535357787e-01 4.447694199656948011e-01 4.590931638786096003e-01 4.595803113757338521e-01 4.585370315772108740e-01 4.562177101383324551e-01 4.590250185163695096e-01 4.363445690199692084e-01 4.308355436713539044e-01 4.269508618965756619e-01 4.408709238423290655e-01 4.470250366898376737e-01 4.402176096890788592e-01 4.486922163107902595e-01 4.234752602396132937e-01 4.149200164725995732e-01 4.217694479899443682e-01 4.209483209675108362e-01 4.425393843634293778e-01 4.266804632138435083e-01 4.349849958734581246e-01 4.415482583323722676e-01 4.333406213017416131e-01 4.267711799965668851e-01 4.408843423022621444e-01 4.366953335694906957e-01 4.375994911660902043e-01 4.321898814203858352e-01 4.255167311031936017e-01 4.316346825445029345e-01 4.051316477410710770e-01 4.425818598051704522e-01 4.495824483416436812e-01 4.207759338519873049e-01 4.423679097853838171e-01 4.507962411497985489e-01 4.511363304495821791e-01 4.456820511729263634e-01 4.282297622739386078e-01 4.542345333255143891e-01 4.427416744881882416e-01 4.412479512141893045e-01 4.567410071301093999e-01 4.301555283440288147e-01 4.343151279150798127e-01 4.383016638915099850e-01 4.422762416023046650e-01 4.447152834047811143e-01 4.465960783166322279e-01 4.460807779068109435e-01 4.290322597422181472e-01 4.441841282558040005e-01 4.465121905431023719e-01 4.493556214492754330e-01 4.492064323134285497e-01 4.328351828812145863e-01 4.324431754263688976e-01 4.449309593033091148e-01 4.346455968454607799e-01 4.421158235546823190e-01 4.460966886754437755e-01 4.495539961389592998e-01 4.380793283185582254e-01 4.401338816693260436e-01 4.473501441891918895e-01 4.434150644656959517e-01 4.251855206808278775e-01 4.334801529460300396e-01 4.343645436348073097e-01 4.381164865416588561e-01 4.411006794610580206e-01 4.390820186974066508e-01 4.360890409451177452e-01 4.373990839710401035e-01 4.414360781773248865e-01 4.384537856467461414e-01 4.363133964381897267e-01
7.245854645455876430e-02 1.067290101584363743e-01 2.522415286739633222e-01 4.055449467515640505e-01 2.892101525724886657e-01 1.000000000000000000e+00 4.991078129292207399e-01 4.592047594927504695e-01 5.351184461365908751e-01 4.964730491598738360e-01 5.353653364145027904e-01 5.888207602830789478e-01 5.152096043943635850e-01 5.256334751134871253e-01 5.779165335860684261e-01 5.722532406233117319e-01 5.293897558180594709e-01 3.953237051639116317e-01 4.729670396964459345e-01 3.307825629494250408e-01 4.092014464851823075e-01 5.100074464756033654e-01 4.552922307281178083e-01 4.356780350263079749e-01 4.863546353388493726e-01 5.548976202999048590e-01 5.558934237178391191e-01 5.497307991632197632e-01 4.984417947208399369e-01 5.169191197771909607e-01 5.635982687822338466e-01 5.546659766049774065e-01 5.249292024484841779e-01 5.433536977944650737e-01 5.260773171182374641e-01 5.613231587483111795e-01 5.612014810435893564e-01 5.918826771777663254e-01 5.903924406439866601e-01 5.705085991250096189e-01 5.898339715442597608e-01 5.947993636513883020e-01 5.965097103167855686e-01 6.064740449803736055e-01 6.072253373681405497e-01 6.013876779668637651e-01 5.973778486998184700e-01 5.955659924512355374e-01 5.908531441867284073e-01 5.889102206118751459e-01 6.042925679230698455e-01 5.744705959185665289e-01 5.973391756425825427e-01 5.847019975631442268e-01 5.737072004480439080e-01 5.766497364229584699e-01 5.910702724940761765e-01 5.993973671668683112e-01 5.965007798115529170e-01 5.960683774210105978e-01 5.931056813437821651e-01 5.982911365874133969e-01 5.947528456897573923e-01 6.042822022838444385e-01 5.995125312197066014e-01 6.007054429027184339e-01 5.957378165483225851e-01 5.900414082936458193e-01 5.774395497188711257e-01 5.650736173482868718e-01 5.912319013038053184e-01 5.996280410582374154e-01 5.825643972491542089e-01 5.881521452766138580e-01 6.017948038967060320e-01 6.037828123451368656e-01 5.918290124746262704e-01 5.853876862857789742e-01 6.038549959949834900e-01 5.905485234478321521e-01 5.937595411717749849e-01 6.004468205639719169e-01 5.872282244193064438e-01 5.846925350158247436e-01 5.856728436761381440e-01 5.995140756485721756e-01 6.008394030702960409e-01 6.004110904524548875e-01 6.018590843681881353e-01 5.770067233740860946e-01 5.935668632190168603e-01 5.983432189766717535e-01 6.066654989541344634e-01 6.007914305349805195e-01 5.964589564583984149e-01 5.934732753883698031e-01 5.946045720096607701e-01 6.013126250770239878e-01 5.992969408573841639e-01 5.989021521005775117e-01 5.994597254065259229e-01 5.986065119205551399e-01 5.992967847152782523e-01 6.025274071055155556e-01 6.027217149110301042e-01 5.898706543320635376e-01 5.978531347138793528e-01 5.919958431520241371e-01 5.915806247121140338e-01 6.012674180461530238e-01 5.971300200155394977e-01 5.955435972128098054e-01 5.980754935013878892e-01 6.010194751632772503e-01 6.011313654324056399e-01 6.003217818892057078e-01
1.325216496938004807e-01 1.894123188287236137e-01 3.811906321228575867e-01 5.483638614174772830e-01 4.627099466337863953e-01 4.991078129292207399e-01 1.000000000000000000e+00 6.682423289734146232e-01 7.246693926007505837e-01 6.572156804879588643e-01 7.196038459991750402e-01 7.608583781513261757e-01 7.050249497864048420e-01 6.848849126536851184e-01 8.247755099453607519e-01 7.747753807546974292e-01 6.791401129560066252e-01 4.910402995756728006e-01 5.974021946470002842e-01 4.229110739074434799e-01 5.043016314145392087e-01 6.447895776300368587e-01 5.965257425203617236e-01 5.665249732614926481e-01 6.148107614842932556e-01 7.559245255736348756e-01 7.580290709386011683e-01 7.720775864544234812e-01 6.806808075210536435e-01 7.129004306410011704e-01 7.498251750089559575e-01 7.278468481185960126e-01 7.347375175007386794e-01 7.192791075927116307e-01 7.163803884791073440e-01 7.218187420067370130e-01 7.502824476829075273e-01 7.870390501228875513e-01 7.724674314711231782e-01 7.587789782141964867e-01 7.777571911644914904e-01 7.893454376787888416e-01 7.735109383807200478e-01 7.875889035719900733e-01 7.826105393673998822e-01 7.822492173987486419e-01 7.650318536476714559e-01 7.664095084749511511e-01 7.632911117428945458e-01 7.548191067315621616e-01 7.796667968572907892e-01 7.603965819073508214e-01 7.751214892096291997e-01 7.600160485471247895e-01 7.472346055307014234e-01 7.492300736758992219e-01 7.622591545718345740e-01 7.732100870907123724e-01 7.639594118173566040e-01 7.726925374349328246e-01 7.698294198648012454e-01 7.733191771382923463e-01 7.614160930698861129e-01 7.811660473766680601e-01 7.718378093013816832e-01 7.806509188655798015e-01 7.671766547920418899e-01 7.500135834438410587e-01 7.498499725067715449e-01 7.207270256148838872e-01 7.545228146762169574e-01 7.710502440915687483e-01 7.526925899231666772e-01 7.533797267735531378e-01 7.876814741855356905e-01 7.877316665737804646e-01 7.865523105974089324e-01 7.673794767352625223e-01 7.928149243671986923e-01 7.757962780406750802e-01 7.802028141987464860e-01 7.862759585655345607e-01 7.607421698474824412e-01 7.736277086321068364e-01 7.671607262198264499e-01 7.755909993626877164e-01 7.775990730182955613e-01 7.787567326342403895e-01 7.789902281826247554e-01 7.492985661833875266e-01 7.836737512038420839e-01 7.807473625630291236e-01 7.804548304704739259e-01 7.812834484839890070e-01 7.665946237358179927e-01 7.672601155462757117e-01 7.709921450381649333e-01 7.700845257605006822e-01 7.753759217300810747e-01 7.760670783160655839e-01 7.779337287162216841e-01 7.724876787719511251e-01 7.750236192320778539e-01 7.764444785458091136e-01 7.807522669236388602e-01 7.675629150154391622e-01 7.723146578281990804e-01 7.667857778594897589e-01 7.675471604055368324e-01 7.713353816834581655e-01 7.708310243117881821e-01 7.692527814055136748e-01 7.720442528586616282e-01 7.773027624553686676e-01 7.713845468061932831e-01 7.766005844763906873e-01
6.985853720808812839e-02 1.356758950704323730e-01 3.386023561816257077e-01 5.093107762740556321e-01 4.053511202396970492e-01 4.592047594927504695e-01 6.682423289734146232e-01 1.000000000000000000e+00 6.495288195913550000e-01 6.289240729533688290e-01 6.668558121891997592e-01 7.135013172839775875e-01 6.733261310833794644e-01 6.485996388035983884e-01 7.417268498255676912e-01 7.365743768986405815e-01 6.233290220806060322e-01 4.901964599325310257e-01 5.729444914209808060e-01 4.155485612936671291e-01 5.148731119429972303e-01 6.320298088335769560e-01 5.846092536020650599e-01 5.599569779245083812e-01 6.158026779789541605e-01 7.102659936512312200e-01 7.097840394058966274e-01 7.139128078494951790e-01 6.227115201163335723e-01 6.572510063741321407e-01 7.125137145339816014e-01 6.901887102223197568e-01 6.735373190232029073e-01 6.856010124020184282e-01 6.587094294674323836e-01 6.999609850404689970e-01 7.147099497938278478e-01 7.394824940066742069e-01 7.332354755033327898e-01 7.276388807617408805e-01 7.345196836274350272e-01 7.432406568989083917e-01 7.471380462831963554e-01 7.472780569566116471e-01 7.445548359632366830e-01 7.465033809393287756e-01 7.237444759415901929e-01 7.232990864126197517e-01 7.206211832652594795e-01 7.249856011200389583e-01 7.413320541307478750e-01 7.205685687972647191e-01 7.338302455751773978e-01 7.120668681304505032e-01 7.056447426841889747e-01 7.102683705809619275e-01 7.195790429243994479e-01 7.314823390190312580e-01 7.244315611970206792e-01 7.259002733709672972e-01 7.330171861658035803e-01 7.281509245586053058e-01 7.243396047775909619e-01 7.352790124321051390e-01 7.276979296670958997e-01 7.315462014700913063e-01 7.241130164713169837e-01 7.171397741935003900e-01 7.131447659608478595e-01 6.891000293500504359e-01 7.267675461651976754e-01 7.366076460941552995e-01 7.155949079630228304e-01 7.311126739841674604e-01 7.399481628093033114e-01 7.428709802233937065e-01 7.358552711414051428e-01 7.157770288089813082e-01 7.485463886258753030e-01 7.310205709211178293e-01 7.388829315902804007e-01 7.423392614667272404e-01 7.207167890957326684e-01 7.234106319902889881e-01 7.271722294028435396e-01 7.371737890747758204e-01 7.432219637816781521e-01 7.380057580439095544e-01 7.401939211817913922e-01 7.087519486912627897e-01 7.400752324234385338e-01 7.374342215446253457e-01 7.432697889616239895e-01 7.405983964287913279e-01 7.273441069921854352e-01 7.241065397822564753e-01 7.320078354635579654e-01 7.302180535238108616e-01 7.339477960547461377e-01 7.361627679826002746e-01 7.418411109372243795e-01 7.342817314820255792e-01 7.315860209382374357e-01 7.377049373553979938e-01 7.365752356644853505e-01 7.202985591692675493e-01 7.266818553383523893e-01 7.234596303320723898e-01 7.254682528405150821e-01 7.312068880513244995e-01 7.278707956908343490e-01 7.260871321864651451e-01 7.278928953132746127e-01 7.338363601355513133e-01 7.263939644780142979e-01 7.312231734567093966e-01
1.506933825949260397e-01 2.110938273730366965e-01 3.769812788763592382e-01 5.446126736367445931e-01 4.111044250784468002e-01 5.351184461365908751e-01 7.246693926007505837e-01 6.495288195913550000e-01 1.000000000000000000e+00 7.504586648471255339e-01 7.990007593385359819e-01 8.332717329992652688e-01 7.580521806082430869e-01 7.579823241522264388e-01 8.402034356885605959e-01 8.340226141675476379e-01 7.887243843027900159e-01 6.279104763279925727e-01 6.714559327589668669e-01 5.787451978711776190e-01 6.094481676924621283e-01 7.039271223437344460e-01 7.020331712685864423e-01 6.576214838310687760e-01 6.624472501130951319e-01 8.281515222796393960e-01 8.267849923388601585e-01 8.314913867163158390e-01 7.398613685311834498e-01 7.643445137253505051e-01 7.995329940627690091e-01 8.356318958081083714e-01 7.832190546275378251e-01 7.873737287616183744e-01 7.792302007389418916e-01 7.772174147008211742e-01 8.091042311376488438e-01 8.659389082568097473e-01 8.389069588432765956e-01 8.198872865060998771e-01 8.661342885386493773e-01 8.656390105502398402e-01 8.403072897179768574e-01 8.655761565824198200e-01 8.553378085980062329e-01 8.591562605525244756e-01 8.639723035490700642e-01 8.722150427483914559e-01 8.655077108996538371e-01 8.316832948483117161e-01 8.625517229817944997e-01 8.359606898043810963e-01 8.601553308580602852e-01 8.761021195841725007e-01 8.544909560475709709e-01 8.577020822960226276e-01 8.682510261535438811e-01 8.701442853202631111e-01 8.720522368071752517e-01 8.751117795525695797e-01 8.648234532230657523e-01 8.776525628855753602e-01 8.619858415948397079e-01 8.699297282536644360e-01 8.680864027729774390e-01 8.808333800697545346e-01 8.714463322756659247e-01 8.635179264404724275e-01 8.647560573868863232e-01 8.537734305557989067e-01 8.437483038617348274e-01 8.567653795493286317e-01 8.573664104695246646e-01 8.376859784150701982e-01 8.774149865222923284e-01 8.756839050639854127e-01 8.721409383744944677e-01 8.523434680571572164e-01 8.695974095956864325e-01 8.598277025355356429e-01 8.612097480375900949e-01 8.647737156114727597e-01 8.699969426334983602e-01 8.614340356839429447e-01 8.562267893170061317e-01 8.628917949348763328e-01 8.636271840847093983e-01 8.724261455956705547e-01 8.640387437738084042e-01 8.556487014427682780e-01 8.646740677783175677e-01 8.671852730838855994e-01 8.701159183507112260e-01 8.693448889741021146e-01 8.666525397251015894e-01 8.687398143716391630e-01 8.499925442305488188e-01 8.669998111825651943e-01 8.688225827573599069e-01 8.649042789257298525e-01 8.623454529756828801e-01 8.676786639270995805e-01 8.661332736079772054e-01 8.660876203696002973e-01 8.694322901701931894e-01 8.703708911962845240e-01 8.736578517441241365e-01 8.684394273628703864e-01 8.696842333054271013e-01 8.711273140411416316e-01 8.708934429635940555e-01 8.708036767040555626e-01 8.719873835687115271e-01 8.711279170998874610e-01 8.693812350617624585e-01 8.771499773808424383e-01
7.830258171636125808e-02 2.113675155082120893e-01 2.769382181136724186e-01 4.679330296154260438e-01 3.842343171968065074e-01 4.964730491598738360e-01 6.572156804879588643e-01 6.289240729533688290e-01 7.504586648471255339e-01 1.000000000000000000e+00 7.291836179863144807e-01 7.744356365732489866e-01 7.096653483016682751e-01 7.258880810357491997e-01 7.962133532893259646e-01 7.803508041191176137e-01 7.063136477987852491e-01 5.617362107719456876e-01 6.019440408314888913e-01 4.868859182360111837e-01 5.423364536913937162e-01 6.304601720809751564e-01 6.394121585829640741e-01 5.856363951811143220e-01 6.094654942679449405e-01 7.490073744442771186e-01 7.467906602573038954e-01 7.612429322390766862e-01 6.955631516431237671e-01 6.893281148747533171e-01 7.509554352014191636e-01 7.676981864353839002e-01 7.034228411179894724e-01 7.182257893262676829e-01 7.015045108183964873e-01 7.234627555154667933e-01 7.482920472890750574e-01 8.061623163959840133e-01 7.907796545350026518e-01 7.742321295324059438e-01 8.213502200369767747e-01 8.206377852893519398e-01 7.992842289810025980e-01 8.165499272404529441e-01 8.003101351224962690e-01 8.076745615907826581e-01 8.166530934580390477e-01 8.253882618188900233e-01 8.031276514363748786e-01 7.750626911468672109e-01 8.119510821333426609e-01 7.689621561702680852e-01 7.977752158767319468e-01 8.138642879922191042e-01 7.878113185970475607e-01 8.102628362101610415e-01 7.841768822317901622e-01 8.205569846654982014e-01 8.093445170501604169e-01 8.168986887862101920e-01 8.151187460208346724e-01 8.140031912447915907e-01 7.900526511254277739e-01 8.154714119380204185e-01 8.057504986914925116e-01 8.097843842565025652e-01 8.257637372802096865e-01 8.092368245465433318e-01 8.150560627097402921e-01 7.858312594074493562e-01 7.868813103577970702e-01 8.049063961163229752e-01 7.931123621822417924e-01 7.863006365507015927e-01 8.235335473356334424e-01 8.221053009667504963e-01 8.238675048259096467e-01 8.073978028737607282e-01 8.173754760844420542e-01 8.106318237718884712e-01 8.120493640472568053e-01 8.205210467409641550e-01 8.211764732320276927e-01 8.031529828321242181e-01 8.055217094498338115e-01 8.099166047260359935e-01 8.171045936606728954e-01 8.274180696907130761e-01 8.205259122042857234e-01 8.179724418847645895e-01 8.181805984749461746e-01 8.257511771284669067e-01 8.252087757040466043e-01 8.271480350307336415e-01 8.215746127060087334e-01 8.256042428540258937e-01 8.045117027635134699e-01 8.014160737399037560e-01 8.198150011692069139e-01 8.213700866390040156e-01 8.206068207726469055e-01 8.126642700831750998e-01 8.149432439544564977e-01 8.205396215184249664e-01 8.174228815396925585e-01 8.007385325664363451e-01 8.182340692521520298e-01 8.262307471555743188e-01 8.247972174810701551e-01 8.254599467574768035e-01 8.201402926214608202e-01 8.233733579286813820e-01 8.204067854141849914e-01 8.222314378520451106e-01 8.209545171675304287e-01 8.185126948129067825e-01
6.676274749501089067e-02 1.365745681976913983e-01 3.626538555636945604e-01 5.558630867963956224e-01 4.068075384637946379e-01 5.353653364145027904e-01 7.196038459991750402e-01 6.668558121891997592e-01 7.990007593385359819e-01 7.291836179863144807e-01 1.000000000000000000e+00 8.590267968836124979e-01 7.684144779032345829e-01 7.825686774377286214e-01 8.532999639266634073e-01 8.455537485278299403e-01 7.530651935860931401e-01 5.775453621059005727e-01 6.518977850522700290e-01 5.118111006218191150e-01 5.836356764958887666e-01 7.055861360828844520e-01 6.680944669186280604e-01 6.273749178242979951e-01 6.630978999353650538e-01 7.969143875644745245e-01 8.058526973324421361e-01 8.123506726307639925e-01 7.148068959121761656e-01 7.524497705145567483e-01 8.005095550195435727e-01 8.263906885498729649e-01 7.740041755625581832e-01 7.870373590276117381e-01 7.730284423343134481e-01 7.912125242179024465e-01 8.175207574668622579e-01 8.624901592018666685e-01 8.554391100609153309e-01 8.341714227188233854e-01 8.783527069532618414e-01 8.788231537219394207e-01 8.594051772929413024e-01 8.787920734568408498e-01 8.675854235126204683e-01 8.647253715412084318e-01 8.847490771003284626e-01 8.849054766415971329e-01 8.788694213115330056e-01 8.544418810943116283e-01 8.816519974782252023e-01 8.610815179642247186e-01 8.811839790067618194e-01 8.758819892946343444e-01 8.562864169564733396e-01 8.572373774956891790e-01 8.724808502632556140e-01 8.773425328829697056e-01 8.791082620814121285e-01 8.873699764189832973e-01 8.868997108195889600e-01 8.843017976078908493e-01 8.722819272750953479e-01 8.856514763998049045e-01 8.744150174042844004e-01 8.856867303650352019e-01 8.864445687935058604e-01 8.669622818245110718e-01 8.666428293619919954e-01 8.408508415924331736e-01 8.583891286624795169e-01 8.691803742451691406e-01 8.555957333735739745e-01 8.503861763280744501e-01 8.878670011213615210e-01 8.882048094107636294e-01 8.816698536187120849e-01 8.582418322430315216e-01 8.790646493797564798e-01 8.742529251033941406e-01 8.792638376350842000e-01 8.804552925859094881e-01 8.766036620602895013e-01 8.696431087493987633e-01 8.771404761213550394e-01 8.811032104624654249e-01 8.816400242796755826e-01 8.880382031254780983e-01 8.851873962273738572e-01 8.678312632101625734e-01 8.872850252108378521e-01 8.902615227984049806e-01 8.886662661654047835e-01 8.881119627199780542e-01 8.893183196255267653e-01 8.890717147443233381e-01 8.845123082863184383e-01 8.841547977022256033e-01 8.906673249782068869e-01 8.897217786535788209e-01 8.879469317991666166e-01 8.889599354402578646e-01 8.900531846967482119e-01 8.891592980780754774e-01 8.892409319333099971e-01 8.822266755728196408e-01 8.907758758661636911e-01 8.850569076808991742e-01 8.829146145811862523e-01 8.888531563860333495e-01 8.894612526450437207e-01 8.889596760183520185e-01 8.893209557001566790e-01 8.906358471073478889e-01 8.847627613502428989e-01 8.924150217252758699e-01
5.360986115134787344e-02 1.582802740344797510e-01 3.832547036796805640e-01 6.212502528592835915e-01 4.370329606676136569e-01 5.888207602830789478e-01 7.608583781513261757e-01 7.135013172839775875e-01 8.332717329992652688e-01 7.744356365732489866e-01 8.590267968836124979e-01 1.000000000000000000e+00 8.037520624969158867e-01 8.234113378520117044e-01 9.011613365410566789e-01 8.921529491409937451e-01 7.893422412509434327e-01 5.825851857671521250e-01 6.713098813005100585e-01 5.180626015488019043e-01 5.930216849571527948e-01 7.353159145235745875e-01 6.950298926316390569e-01 6.424371043736066822e-01 6.979494275890028021e-01 8.478268319636563799e-01 8.561133252781493175e-01 8.511790054581264142e-01 7.561237140373011645e-01 7.932693132811476922e-01 8.568799773437211220e-01 8.642133185260626460e-01 8.107657094330639191e-01 8.330919491951607192e-01 8.133357799056680770e-01 8.410840055664724479e-01 8.627054609583013622e-01 9.160664878687433399e-01 9.082236484658149367e-01 8.820946180399960035e-01 9.254689040960709656e-01 9.315794716903799122e-01 9.166807037772164435e-01 9.369264032808847231e-01 9.192800417062343410e-01 9.232357766654802900e-01 9.317084731286227051e-01 9.306972386659800867e-01 9.260042659054247283e-01 9.118228388111225824e-01 9.351113405049862326e-01 9.025886568801948506e-01 9.301500097420856150e-01 9.150466525273008855e-01 8.968035366271964737e-01 9.003879150837109657e-01 9.142448833230779615e-01 9.305398153422560492e-01 9.264244808487273053e-01 9.352481834168513419e-01 9.329964686595240142e-01 9.301931414163978618e-01 9.180950598521787631e-01 9.352038632885023572e-01 9.187625802541581344e-01 9.318082857935376939e-01 9.322858794906698776e-01 9.074282764579528759e-01 9.087278332336192754e-01 8.768255892701348753e-01 9.020786749781306568e-01 9.179524422974855158e-01 8.950811480709781609e-01 8.979245657390854118e-01 9.386372166254941529e-01 9.378485294712387565e-01 9.275170867023194710e-01 9.037646628363336099e-01 9.303455051677985699e-01 9.222816094334704839e-01 9.253708847539435789e-01 9.347103547947281932e-01 9.205435428093050598e-01 9.139756631216852112e-01 9.234751904748818019e-01 9.288282782925249004e-01 9.320717675724268236e-01 9.387592889548592723e-01 9.371409869424627281e-01 9.134567910050728212e-01 9.337547671525182613e-01 9.404379137726943672e-01 9.407407049459748372e-01 9.401002863971034129e-01 9.342950955492673737e-01 9.341665533019462009e-01 9.340879753734445679e-01 9.337287036416670460e-01 9.398433864837929530e-01 9.406519733720382082e-01 9.399479080944965759e-01 9.368444066019426808e-01 9.396339455831582699e-01 9.413746569133205622e-01 9.394138686989051967e-01 9.225484079198896792e-01 9.363510466197687565e-01 9.329409004847751818e-01 9.299429710087762091e-01 9.378600615281674768e-01 9.344273864113916694e-01 9.365356369184749674e-01 9.355022418257691319e-01 9.390607456703252698e-01 9.318485882708523738e-01 9.376900534605009385e-01
5.283354669314489771e-02 1.536299265028190364e-01 3.151733882558392930e-01 5.026096919590551382e-01 4.473372219046097831e-01 5.152096043943635850e-01 7.050249497864048420e-01 6.733261310833794644e-01 7.580521806082430869e-01 7.096653483016682751e-01 7.684144779032345829e-01 8.037520624969158867e-01 1.000000000000000000e+00 7.571521854547533792e-01 8.368254916657076325e-01 8.275335699059614969e-01 7.141587514443477058e-01 5.256719584576033943e-01 5.847832805000957590e-01 4.732287651746061585e-01 5.284444323928932929e-01 6.450326432895986395e-01 6.105497495508689365e-01 5.650470231064737003e-01 6.121374347040670072e-01 7.538188804184102754e-01 7.636522981990184755e-01 7.700034511710469598e-01 6.880949726762881635e-01 6.990902865787446130e-01 7.615607259265239071e-01 7.766002430234666409e-01 7.312426464054312403e-01 7.384161879582230581e-01 7.247506240714790549e-01 7.428643076221554953e-01 7.714514094557193280e-01 8.265542552252945763e-01 8.118284751867511639e-01 7.993832177098005864e-01 8.419620372982026257e-01 8.433776093531005769e-01 8.338755957367753879e-01 8.476628341851811799e-01 8.289437834003133831e-01 8.341515561766835729e-01 8.499778091759254695e-01 8.505746935016155197e-01 8.393742207767048713e-01 8.142461806709982985e-01 8.478745091957922142e-01 8.106703414270595154e-01 8.384263634586858194e-01 8.342038833372653617e-01 8.146185281719018345e-01 8.167773459599124708e-01 8.312253062207428655e-01 8.461311089198513269e-01 8.416322164880885026e-01 8.534110786601150078e-01 8.526446281805345473e-01 8.473380254094891040e-01 8.360701375036313499e-01 8.520555473987846407e-01 8.338113028047872133e-01 8.461004702976430147e-01 8.514066111538556303e-01 8.230631850965987040e-01 8.268497464334860769e-01 8.019349621279979745e-01 8.123803838555989643e-01 8.289099919395499505e-01 8.062013527314039196e-01 8.057301890025633240e-01 8.506878157130701723e-01 8.520057277674243368e-01 8.461081857865651035e-01 8.225800463580391630e-01 8.425972834461460392e-01 8.335085860159793247e-01 8.408375580287279494e-01 8.462358512869607718e-01 8.344724519010578989e-01 8.301889140575794412e-01 8.356891474099087391e-01 8.396894896234440298e-01 8.416362598825534169e-01 8.535245615537407904e-01 8.481136527021518878e-01 8.327313596499014148e-01 8.502081900491256228e-01 8.562829560244582527e-01 8.540729920470874204e-01 8.567911863320905042e-01 8.540729887443901935e-01 8.538773843867341062e-01 8.471068989725195619e-01 8.425193844125778986e-01 8.564569671706602216e-01 8.533412436126470713e-01 8.542526102173977343e-01 8.526754056998917530e-01 8.499790665065662942e-01 8.564785008307993497e-01 8.491560637975185122e-01 8.416143551914343490e-01 8.528472178957666738e-01 8.518283272996912681e-01 8.489954306422515806e-01 8.551357012172953187e-01 8.536236884172793138e-01 8.552110931343661626e-01 8.524097827051019260e-01 8.553122043412618725e-01 8.488709185303485727e-01 8.521462479264296785e-01
