1.000000000000000000e+00 9.764929860749478607e-02 6.541714662360431642e-02 5.008307501924198768e-02 -1.558651040426963993e-02 3.699133975869294509e-03 2.347543959442459187e-03 3.090604130182898149e-03 9.941646484655494720e-02 3.022605025208985330e-02 1.940840881335202661e-02 5.075661188755280911e-03 2.375857867866883882e-02 2.733565828189020788e-02 -1.184664768786671159e-02 -3.658932621369629084e-03 9.117495424742091958e-02 3.076132891344085518e-02 -1.716255521334857797e-04 6.642876075305463590e-02 4.535071531438020914e-02 1.412617410824871557e-02 2.246337883207599750e-02 9.437221500840059507e-03 -2.771039945669447752e-02 2.336841394620410572e-02 1.213799832558178256e-02 -8.355845768170307511e-03 4.535985043030590219e-02 2.287087814432907373e-02 2.766915230627853967e-02 2.284793630452192428e-02 -2.143777964147516521e-02 9.080792251701429521e-03 1.591269191656368809e-04 1.092493129640463231e-02 -1.397384291665072255e-02 -2.166973326730900137e-02 -1.034046810420098314e-02 -6.574600210338518713e-02 -6.104358451503314603e-03 -2.529064942946765773e-02 -2.910884817440265518e-02 -4.113070608643877406e-03 -3.878303854807001703e-03 -1.491188125943094210e-02 1.487191539847253913e-02 1.198392811428586509e-02 3.105109534493788806e-02 1.593107265438920006e-02 9.240311335246539914e-03 2.875822644218841914e-02 1.847465020977534164e-02 2.440464435703587273e-02 2.186789020944769103e-03 -1.173573780424201976e-02 5.418931127835451000e-02 2.780276318299756272e-04 -3.435442008033258877e-03 4.376845780281384685e-02 1.891715154093931428e-02 2.482436108636084521e-02 3.953364016475394843e-03 4.747156244985459295e-02 5.935570722056032061e-02 5.272747044930430060e-02 1.876613264143622492e-02 3.493475828110514957e-04 8.916270407665042794e-03 1.532397937718985546e-02 4.318489652827306111e-03 3.312444972678298908e-03 3.259936352419847951e-05 -1.484148870963227819e-02 1.014788637718275210e-02 9.759732855371029345e-03 9.845068422171022321e-03 2.177316704953825149e-02 4.360886976235055917e-03 1.588570502573911566e-02 1.555660249313304318e-03 1.178340366404663324e-02 2.441310175132836019e-02 1.369150166262348475e-03 -6.031966808490003829e-03 4.909966713097953933e-03 -6.111566008988217856e-03 -8.661302037752076702e-03 -4.384320776267183056e-03 -1.442705477817654049e-02 -2.246082437349221361e-02 -8.007660035175416177e-03 -1.318312768959777450e-03 -1.054553077023811201e-02 2.116436484163094350e-03 5.464130991099680826e-03 -4.157866331278597949e-03 5.661367886679173622e-02 9.622201134059975292e-03 4.365664284423575840e-03 -1.421405285112778763e-02 1.351160267850685069e-02 1.047567227083138000e-02 4.999292828404536607e-03 1.595456342061382649e-02 2.104809141839766168e-02 2.163175419022774978e-02 7.855420973210687496e-03 2.568911318063576456e-03 1.042119309259309859e-02 -6.989739233598868569e-03 2.439576791821812529e-02 1.894843607094652202e-02 3.078331566955262374e-02 3.381374260382790514e-02 3.209565776765533479e-02
9.764929860749478607e-02 1.000000000000000000e+00 9.531245279223406197e-02 1.294211546616008124e-01 7.708159991520144305e-02 1.079659213296593062e-01 1.718752048445688352e-01 1.337484550896903268e-01 1.585832920596375595e-01 1.803908123831942101e-01 1.586348377625173001e-01 1.646206084932417268e-01 1.433712866473015046e-01 1.037702918850547940e-01 1.683012744458968757e-01 1.602332914832310107e-01 1.759444418526211751e-01 1.763306762656475235e-01 1.811490851563379578e-01 1.830927473588337684e-01 1.584941839867578528e-01 1.722985914055429890e-01 1.928942717251651284e-01 1.771857854767130702e-01 1.588341410892154248e-01 1.606101293264186047e-01 1.739162951635515042e-01 1.624235278436297891e-01 1.687848310319925715e-01 1.675033187598097273e-01 1.859425544845026979e-01 1.847238127215909409e-01 1.619077402795873755e-01 1.735992472426568789e-01 1.571193676798806893e-01 1.689379980254779035e-01 1.646477079801677568e-01 1.556162551148651818e-01 1.662282073921320658e-01 1.556438387140178237e-01 1.715151791255337399e-01 1.633570764546520560e-01 1.565475304793858824e-01 1.663102428659407328e-01 1.717334984470771098e-01 1.644052343964976237e-01 1.679361682937576816e-01 1.717898581116653056e-01 1.621024463504702195e-01 1.428222865587510937e-01 1.695074654965213756e-01 1.447175196541229669e-01 1.523444892145834617e-01 1.726642167228903957e-01 1.624034042282559986e-01 1.673895748040200859e-01 1.567434495972527264e-01 1.622128327585894425e-01 1.656993206352596337e-01 1.750291574788332138e-01 1.623350511238704497e-01 1.715398349567801572e-01 1.604709280444940878e-01 1.706164604211032609e-01 1.733798844988587717e-01 1.665902686214489059e-01 1.756861927794569622e-01 1.734315920597470639e-01 1.796550764238355469e-01 1.804742160182623012e-01 1.712183765920524403e-01 1.714844590703770433e-01 1.770606024377641974e-01 1.680355599091379604e-01 1.707899037894834715e-01 1.724926242250063024e-01 1.745471209926950651e-01 1.730165685113082830e-01 1.764433377415053905e-01 1.817188219281976880e-01 1.781162033541748013e-01 1.760126621024654392e-01 1.831031107158108129e-01 1.780826591648328183e-01 1.632920471763180947e-01 1.780575754610206340e-01 1.725853092499647079e-01 1.726321933753468263e-01 1.724201379533585043e-01 1.713312900529101179e-01 1.725737180125682668e-01 1.720484031052240959e-01 1.671741806634147454e-01 1.687432707603860604e-01 1.675685381187105305e-01 1.719164310025361186e-01 1.477938209477981935e-01 1.660103660911757817e-01 1.620749754142637444e-01 1.669129645541352069e-01 1.643709516998560494e-01 1.692884658450456992e-01 1.638736258156441028e-01 1.634565578574339040e-01 1.652654769729636763e-01 1.663097025550915320e-01 1.695202352564679493e-01 1.723577550680107928e-01 1.709286828669207003e-01 1.695495369766050475e-01 1.713248356675811379e-01 1.745092153168279481e-01 1.707918583460500683e-01 1.698900547113047499e-01 1.729262694192346961e-01 1.693330806817045231e-01
6.541714662360431642e-02 9.531245279223406197e-02 1.000000000000000000e+00 3.162188154261062478e-01 2.031868983486434799e-01 2.450848060090429492e-01 3.724867634808364802e-01 3.641155736051980285e-01 3.952410258004445676e-01 3.615918414799985658e-01 3.804503703713552065e-01 4.045380177092264273e-01 3.577296028809212602e-01 3.082102929232411470e-01 3.933089282982710211e-01 4.166139996079168406e-01 3.955354887546204679e-01 3.944366282202337870e-01 3.989032019026463871e-01 3.960092873915039835e-01 3.973838069027594289e-01 4.027498770178981613e-01 3.936553459334541372e-01 3.931725221792639613e-01 3.853016905422014249e-01 4.122745177649453363e-01 3.987681911811432611e-01 3.949855553468288316e-01 3.843406489991316732e-01 4.112929641675591719e-01 4.156518267745215045e-01 4.166351716716082954e-01 3.781462792869722533e-01 4.188270491086578118e-01 4.017900144772468818e-01 4.072978089519206923e-01 3.987442393729159207e-01 4.114627296448283844e-01 4.163487545823079117e-01 3.924911841332540119e-01 4.016337682190396774e-01 4.075678740284268131e-01 4.093276081968688640e-01 4.098634297676514993e-01 4.085701885957399582e-01 4.114857762290474730e-01 4.050719927724601988e-01 4.081985874600604913e-01 4.216899250384348319e-01 4.153488585472091543e-01 4.180153870432763430e-01 4.042332204763167125e-01 4.050889908010900098e-01 4.075318790086351339e-01 4.046311822309143769e-01 4.110057113982733545e-01 4.157713970951861793e-01 4.008980901074936098e-01 4.025770387587823129e-01 4.122943751478440055e-01 4.192034785207678915e-01 4.077905741164259967e-01 4.032608600569587698e-01 4.274041355663707464e-01 4.160281306447867200e-01 4.146490598709455244e-01 4.119443472051514399e-01 4.108092038792595102e-01 4.148407719051910858e-01 4.138496013622554037e-01 4.151579210379351959e-01 4.164315186344581532e-01 4.084283988667459231e-01 4.064532447714053198e-01 4.094282019548040052e-01 4.096368232675641763e-01 4.111025257405787614e-01 4.108902482063325756e-01 4.109645720756041620e-01 4.156426860391592149e-01 4.052491440224630370e-01 4.091431003765101937e-01 4.167286959765691967e-01 4.137298829266993772e-01 4.142159536375006890e-01 4.183154441120428557e-01 4.125234093267332036e-01 4.121267189966928424e-01 4.127505896851770828e-01 4.044864894533575783e-01 4.056239887658336651e-01 4.076882458441930535e-01 4.095377885448882038e-01 4.092977565687448971e-01 4.061275885930733520e-01 4.078336902019574772e-01 4.069428463579916611e-01 4.198108194101751178e-01 4.135751305041891479e-01 4.148392703454798491e-01 4.095942180036093450e-01 4.110835652588765154e-01 4.101630822089823436e-01 4.097173152726949485e-01 4.169685072704524820e-01 4.059889611571109724e-01 4.142395191005295851e-01 4.079093694285447214e-01 4.051535086018093756e-01 4.080453452284771299e-01 4.024426945540462985e-01 4.101250436559648049e-01 4.097445536129241117e-01 4.200323182231336938e-01 4.140383853019660720e-01 4.132931579325758165e-01
5.008307501924198768e-02 1.294211546616008124e-01 3.162188154261062478e-01 1.000000000000000000e+00 3.635729973586547259e-01 4.238743836975755741e-01 5.912060214071062081e-01 5.788837050689956687e-01 5.976247088529421658e-01 5.579191378534964496e-01 6.187005936878947621e-01 6.514348551281096134e-01 5.903608381887612833e-01 4.679640796455619700e-01 6.477166681874808596e-01 6.569475003834415183e-01 5.980614043559306925e-01 6.344234006162468020e-01 6.164801684751205491e-01 6.226254952889397343e-01 6.244220520414200948e-01 6.320420781209925565e-01 6.335043412657409556e-01 6.368668502802523612e-01 6.145399961256271526e-01 6.512665962079323689e-01 6.328010794464149491e-01 6.273835983232267655e-01 6.249429783142486095e-01 6.419227967654214106e-01 6.612910303338916940e-01 6.605584651724794032e-01 6.004853588361932504e-01 6.450793894876966084e-01 6.091916002937373120e-01 6.368626683681389844e-01 6.349112491329255148e-01 6.437222297588973685e-01 6.523492952496199315e-01 6.337861885921785010e-01 6.519912122624348383e-01 6.517603208442203089e-01 6.436199207412588441e-01 6.615387135355047521e-01 6.574883726426725694e-01 6.590657482420129165e-01 6.546305790707711569e-01 6.518753317991029528e-01 6.559244558335634023e-01 6.317463324449393847e-01 6.592595137030670127e-01 6.285756957548496171e-01 6.435477066711536853e-01 6.554417629009151591e-01 6.581041508178415711e-01 6.587985229288312317e-01 6.500541672294316564e-01 6.515982867695410130e-01 6.558677292678405379e-01 6.570942899669647286e-01 6.594140506449356343e-01 6.572060527696413912e-01 6.543860485281711714e-01 6.619716869409533189e-01 6.606182437800544038e-01 6.573401190352380352e-01 6.607994599382368550e-01 6.579664007892802591e-01 6.639548174808885816e-01 6.683130658044015293e-01 6.625198159679995813e-01 6.620916187598596681e-01 6.572728490048571626e-01 6.561966242906634994e-01 6.632729109221885411e-01 6.567898617451526366e-01 6.612862585169969609e-01 6.595722038376512497e-01 6.588394983505551084e-01 6.614603567443528842e-01 6.566084752053868989e-01 6.563470578891924534e-01 6.706857794022121899e-01 6.576802957712880593e-01 6.549711431907002668e-01 6.633729238018800656e-01 6.641598346541536246e-01 6.620577126866366013e-01 6.610904401781756423e-01 6.590650111133811162e-01 6.581658506615050142e-01 6.601653072991024995e-01 6.582374564844774012e-01 6.576034641398048608e-01 6.550725521511439053e-01 6.554093166685760474e-01 6.492037824253386047e-01 6.538804065643289976e-01 6.572382080968193208e-01 6.588485120746568890e-01 6.578578964678482022e-01 6.605526677959586701e-01 6.543001053416391821e-01 6.606634228176879731e-01 6.619229795088672486e-01 6.528567478770840316e-01 6.600456554208824489e-01 6.583751127442004636e-01 6.579366732040270449e-01 6.586838605224012433e-01 6.593286196698311397e-01 6.569975616001664243e-01 6.579083712853748267e-01 6.632149641428337628e-01 6.604329488923021962e-01 6.607252984902425297e-01
-1.558651040426963993e-02 7.708159991520144305e-02 2.031868983486434799e-01 3.635729973586547259e-01 1.000000000000000000e+00 3.268229659502433493e-01 4.418756850887632925e-01 4.575558016352342383e-01 4.427817701958954300e-01 4.294283466154496520e-01 4.722230394616094840e-01 4.804509355718099006e-01 4.577945562019530845e-01 3.656544265062809385e-01 4.985713007318187118e-01 4.954841623710312670e-01 4.390207273899999763e-01 4.659452110811290737e-01 4.819234215397606991e-01 4.532346118547347924e-01 4.521604581118370825e-01 4.895775484030012725e-01 4.727334651640752727e-01 4.777660002845839360e-01 4.740375736847440291e-01 4.974169948885074910e-01 4.852011364525542492e-01 4.785023095775237656e-01 4.701416111255534158e-01 4.892938814807566983e-01 5.037714904568728613e-01 5.007101860808577110e-01 4.667131037292124862e-01 4.992036694238889960e-01 4.778017171654025397e-01 4.898697222566426590e-01 4.924986563225809966e-01 5.007586008410602751e-01 5.087330061051675845e-01 4.977317075619610010e-01 4.958539505955280591e-01 5.099048863672971388e-01 5.090919951350276751e-01 5.141487534527001690e-01 5.108893892646894086e-01 5.088662143171199803e-01 5.040372011067468794e-01 5.010935337013895374e-01 5.031817951672415967e-01 4.998088355492287804e-01 5.049227074177616847e-01 4.997808605035090612e-01 5.057067195494041600e-01 4.964300790604471159e-01 4.973918440551632902e-01 5.087731325145198324e-01 4.947256658419890152e-01 4.955574420777822398e-01 4.930382622822758742e-01 5.036959119400207241e-01 5.098044956162723906e-01 4.948778837131470043e-01 4.972110239172830015e-01 5.048013107310128644e-01 5.017146916934855927e-01 4.995755766128689990e-01 5.068255445383980096e-01 5.078091009821056323e-01 5.073787849847406495e-01 5.065112630812217409e-01 5.082909162552851079e-01 5.109835580843706815e-01 5.038610534461449575e-01 5.070411382224969676e-01 5.095184668001373485e-01 5.100126074545388022e-01 5.090186069000908198e-01 5.047793244933075352e-01 5.085532862613705296e-01 5.058662019453288305e-01 5.079265066465139533e-01 5.059025700625767730e-01 5.107547204349436321e-01 5.109611151911709337e-01 5.150216513247266592e-01 5.124060115655139080e-01 5.131890571978449112e-01 5.160052696573116382e-01 5.120198897783007075e-01 5.111355801890906658e-01 5.114800405266253236e-01 5.131878989850496842e-01 5.131792834324421237e-01 5.127732629841158518e-01 5.078790848316628859e-01 5.065443033263143935e-01 5.176356853483754517e-01 5.103219942106409501e-01 5.162197103085072181e-01 5.159272777050015746e-01 5.174071631258394532e-01 5.124071760123485308e-01 5.112265793898690402e-01 5.173335394889900796e-01 5.201297729999038166e-01 5.072398451824015053e-01 5.131861373044187546e-01 5.063069507874199404e-01 5.087304932089619092e-01 5.068388019071431438e-01 5.061448914139189403e-01 5.078151900542346997e-01 5.055051233894604090e-01 5.126582442808529372e-01 5.087072559822604090e-01 5.098509566246688385e-01
3.699133975869294509e-03 1.079659213296593062e-01 2.450848060090429492e-01 4.238743836975755741e-01 3.268229659502433493e-01 1.000000000000000000e+00 5.551541599788818449e-01 5.289536827932997953e-01 5.587622180755491552e-01 5.482521997387844737e-01 5.646180759228952573e-01 5.996932029653395668e-01 5.624114134223373584e-01 4.604674594242184060e-01 6.074175006756865614e-01 6.010079735830912151e-01 5.310655567497417628e-01 5.632125588456939891e-01 5.656091723097771418e-01 5.281981689944420522e-01 5.392907353508684665e-01 5.802994791184201695e-01 5.493653664408926218e-01 5.527460370761010378e-01 5.578128367699018986e-01 6.030540538674943329e-01 5.952393211987707655e-01 5.873682054984329381e-01 5.544280803898817833e-01 5.878224092688124625e-01 6.112523987128719583e-01 6.002067853792832919e-01 5.585818066128005466e-01 5.851563469635964188e-01 5.671529742759585657e-01 5.819278361060564730e-01 5.951837467419698324e-01 6.014075353242466226e-01 6.182689831505638889e-01 5.931730688877537849e-01 6.198137406556766260e-01 6.138731233999171755e-01 6.114431301179605871e-01 6.217442584673489314e-01 6.163987374287270837e-01 6.197077583992613992e-01 6.257453690359247034e-01 6.219150824745951489e-01 6.171627855208637881e-01 5.856226233464009168e-01 6.144796239902788892e-01 5.727369877498625916e-01 6.112360764286395298e-01 6.152659056118269243e-01 6.087309319414863085e-01 6.230595035796359094e-01 6.030982375905334925e-01 6.177716434996896044e-01 6.180860621368241548e-01 6.197051518245105806e-01 6.183580095807995614e-01 6.174367379371463738e-01 6.133422289539929295e-01 6.159897010019885766e-01 6.114751050002367183e-01 6.129911401616607858e-01 6.247161029064126625e-01 6.238467101431467432e-01 6.160463082593473638e-01 6.184893937413189491e-01 6.230009636060621636e-01 6.246158113771937970e-01 6.099340459003077530e-01 6.154352127162665553e-01 6.248025720471489519e-01 6.188627362750218630e-01 6.182777853135330570e-01 6.112167393335290466e-01 6.175391749335492619e-01 6.190390352667760610e-01 6.211447586922479447e-01 6.214341090733206396e-01 6.190917137810652005e-01 6.196970392510576797e-01 6.182178568373957184e-01 6.195934234182096656e-01 6.216786729362010488e-01 6.263341046876841345e-01 6.271036707845852876e-01 6.226453382094012667e-01 6.220763053102777995e-01 6.263699883805623481e-01 6.250564660876845036e-01 6.258982619223353305e-01 6.277203270606008800e-01 6.274934676909404985e-01 6.189350777669527792e-01 6.140507040671907557e-01 6.276615595476496834e-01 6.256489834313218035e-01 6.283379758125858805e-01 6.259269897648092051e-01 6.223685863395178597e-01 6.279351904708380117e-01 6.239707378503748236e-01 6.201040612576899091e-01 6.279377241273393917e-01 6.269472459161724576e-01 6.274080498874142764e-01 6.289076369290246271e-01 6.253349442175585304e-01 6.255499633437576756e-01 6.254278299230140448e-01 6.249278347063083050e-01 6.194215040300902198e-01 6.238099440576361232e-01
2.347543959442459187e-03 1.718752048445688352e-01 3.724867634808364802e-01 5.912060214071062081e-01 4.418756850887632925e-01 5.551541599788818449e-01 1.000000000000000000e+00 7.456619177329153469e-01 7.368659347053937436e-01 7.102282319922982312e-01 7.713641944136232498e-01 8.073314067492812773e-01 7.222748372879873591e-01 5.979802942720269243e-01 8.483118844017658589e-01 8.181027700633476396e-01 7.256184000926216848e-01 7.875223652372422833e-01 7.993928463662119954e-01 7.750071781762335466e-01 7.699764034963774151e-01 8.160383630443193148e-01 8.043286771863310536e-01 8.004999722379092519e-01 7.952682349983274390e-01 8.284298975685546740e-01 8.243138483611418543e-01 8.524854125984575592e-01 8.050399393614454668e-01 8.367090856943925070e-01 8.412295004762869732e-01 8.275238835505063228e-01 7.891994554947997509e-01 8.230045498353514288e-01 7.972534273533971039e-01 7.997520127684628610e-01 8.363646825359575265e-01 8.184620249510521361e-01 8.418955469445096318e-01 8.302354176148010190e-01 8.355084764762988891e-01 8.522255450712414859e-01 8.266112824441111950e-01 8.413883062362391696e-01 8.400487593964297561e-01 8.493317160108242447e-01 8.285491250106069572e-01 8.248687657880535706e-01 8.114248848559795224e-01 7.912253873100797419e-01 8.321117965442855757e-01 7.877100818211310029e-01 8.074525524993444447e-01 8.167806670399825331e-01 8.128392391952484752e-01 8.452291236691181764e-01 7.936867358220253132e-01 8.203511056494878773e-01 8.221633422817804515e-01 8.200989434042745829e-01 8.288338883320529593e-01 8.166161941981056049e-01 8.151091164638807340e-01 8.198058110851647040e-01 8.211818426690261630e-01 8.183412104198299897e-01 8.323336176850679724e-01 8.431542896837395107e-01 8.444039788004089608e-01 8.421239297102417476e-01 8.448791114888701825e-01 8.412803006178447562e-01 8.332922459708755891e-01 8.365423577802028055e-01 8.435266425998867446e-01 8.470880303894219310e-01 8.548512113795396772e-01 8.404841686556067115e-01 8.468184009174802851e-01 8.438265543601614072e-01 8.449622603283111211e-01 8.361656015193124070e-01 8.474524324565483324e-01 8.502291099149873466e-01 8.351641451461701005e-01 8.418935493696683148e-01 8.475816737326994366e-01 8.476108734085499030e-01 8.446474816793441143e-01 8.459481164069569958e-01 8.566928308419432536e-01 8.476268991149590315e-01 8.406333712690917670e-01 8.486866875055147919e-01 8.330732860156319086e-01 8.297384861168893844e-01 8.251602448474544271e-01 8.139763150351430054e-01 8.340249403875203971e-01 8.380827234180261431e-01 8.429179734488058129e-01 8.316774348856792454e-01 8.278237990819199421e-01 8.360232467841114401e-01 8.359983367450364300e-01 8.181842963256639178e-01 8.282880173579914018e-01 8.303669850612098724e-01 8.335045114666758126e-01 8.335167067155148102e-01 8.325373779521627604e-01 8.307064730953452880e-01 8.278340918307327545e-01 8.332837185397504731e-01 8.304314374538946941e-01 8.272540547294856550e-01
3.090604130182898149e-03 1.337484550896903268e-01 3.641155736051980285e-01 5.788837050689956687e-01 4.575558016352342383e-01 5.289536827932997953e-01 7.456619177329153469e-01 1.000000000000000000e+00 7.154920008592632330e-01 6.896915546217540216e-01 7.582254665783844105e-01 7.864048954638265254e-01 7.147062982600098646e-01 5.844288030703531645e-01 8.076540011151227549e-01 8.120492501247684736e-01 7.091929121362620103e-01 7.664174602484118415e-01 7.752969863960278429e-01 7.427229928226399824e-01 7.435895220802140049e-01 7.871835198496862640e-01 7.669379573406994721e-01 7.737643769245735603e-01 7.665518706122230741e-01 7.958460843676793406e-01 7.921536729625803241e-01 7.862946652353968169e-01 7.568534990462524314e-01 7.787080467440968823e-01 8.069361423400404076e-01 8.026395435164820347e-01 7.481291531027792763e-01 7.919526350645245127e-01 7.587995618225072958e-01 7.817662979113964017e-01 7.903250465577645878e-01 8.015466833576657679e-01 8.135226230160350624e-01 7.982956177866037395e-01 8.064878339271303043e-01 8.177481300836936251e-01 8.039773687229400112e-01 8.189065479903596678e-01 8.104692822938975860e-01 8.146172285695000292e-01 8.067165171037123939e-01 8.038671420328504791e-01 8.027435416070644036e-01 7.813718406277320172e-01 8.109161167919993751e-01 7.657544930730402211e-01 7.947469858953476463e-01 7.973441723014326188e-01 8.004689638649821193e-01 8.155391224854676713e-01 7.953912664408783195e-01 8.046358243872929750e-01 8.078467077930372442e-01 8.013740023505362409e-01 8.139698813659309584e-01 8.019177328565066931e-01 8.052565731786898162e-01 8.113451992401222723e-01 8.006763297714597494e-01 8.029041824759746149e-01 8.087172475848032338e-01 8.168476920284216680e-01 8.118183654537411975e-01 8.161190527893080748e-01 8.200598318166837375e-01 8.187363550755174524e-01 8.055549300871668317e-01 8.120284814523064387e-01 8.150123005407278187e-01 8.130004847095667619e-01 8.143126762942510810e-01 8.047090777173473430e-01 8.115627626435105713e-01 8.094606428989687963e-01 8.104040896545579020e-01 8.102397263945040340e-01 8.177602179203050659e-01 8.128013531929669799e-01 8.121742006040735262e-01 8.143710624127442621e-01 8.126486316677474786e-01 8.226732517652614041e-01 8.171765786393133668e-01 8.161040710511039409e-01 8.172254409911403616e-01 8.169249272206735579e-01 8.152395724022399870e-01 8.176392657343219961e-01 8.102456808015492395e-01 8.076634298914763255e-01 8.100642929835515371e-01 8.012387406791046107e-01 8.159239609498921686e-01 8.165948274535674845e-01 8.175603320879912816e-01 8.166420052286915698e-01 8.060129520073224807e-01 8.165173433573760242e-01 8.126274825318019479e-01 8.070554501849995788e-01 8.109406056043348965e-01 8.076093285111665132e-01 8.132526546449531102e-01 8.118642644166749189e-01 8.138307909515833938e-01 8.091031375084128952e-01 8.092366320997902429e-01 8.146275508689628797e-01 8.079438262368695556e-01 8.076119727909573109e-01
9.941646484655494720e-02 1.585832920596375595e-01 3.952410258004445676e-01 5.976247088529421658e-01 4.427817701958954300e-01 5.587622180755491552e-01 7.368659347053937436e-01 7.154920008592632330e-01 1.000000000000000000e+00 7.584395194185882261e-01 8.118806174339917581e-01 8.470861894853184415e-01 7.721748471629080735e-01 6.304423770402468596e-01 8.472812258365524096e-01 8.422785850044995914e-01 8.028405125416719912e-01 7.919450324914154571e-01 8.033940440221294388e-01 7.650372662703736060e-01 7.671742327030448561e-01 8.223507654327941729e-01 7.755687827104422727e-01 7.831713204155810182e-01 7.708050250972234840e-01 8.410985205693476408e-01 8.356548696492958062e-01 8.120582352290020012e-01 8.076183911213605793e-01 8.253613933078824960e-01 8.705294834291574801e-01 8.510811763323586909e-01 7.571140255041792777e-01 8.234578413049516987e-01 7.842665969992161923e-01 8.036646610829689674e-01 8.230477350305820394e-01 8.348246129480970668e-01 8.549019290455199815e-01 8.056784865777898430e-01 8.650567572693265150e-01 8.462545458682321220e-01 8.277951423225379246e-01 8.651038959813248663e-01 8.605819439312334396e-01 8.555926117618759541e-01 8.803062933578160720e-01 8.859969916367254061e-01 8.813313682042506203e-01 8.259133578382727991e-01 8.679509684273422065e-01 8.219337971796358833e-01 8.669495711289930684e-01 8.834763414582033070e-01 8.671390605452755640e-01 8.603854277529123795e-01 8.700751103144158671e-01 8.692402074156226899e-01 8.769606978762231053e-01 8.877752030194924204e-01 8.812692875924985625e-01 8.807685750887617182e-01 8.706810416418344634e-01 8.847931575536868154e-01 8.910367720584890794e-01 8.880036540790691157e-01 8.855109167691711525e-01 8.773394771961324778e-01 8.761104225415358160e-01 8.766831027403233501e-01 8.748828177497289804e-01 8.808536250559275693e-01 8.665198429120005708e-01 8.601394914681217418e-01 8.801355994194545174e-01 8.799141571804296458e-01 8.744986271459903593e-01 8.758930558627456842e-01 8.747070405618487809e-01 8.815522314312467245e-01 8.777039235166226305e-01 8.843413385642983071e-01 8.794982981521963783e-01 8.681724005006307143e-01 8.596400487222686237e-01 8.710230881307845507e-01 8.699239626851256180e-01 8.710904523287574808e-01 8.781766531323175196e-01 8.632680404391948059e-01 8.606964197298980768e-01 8.753864683669069224e-01 8.756008664759615812e-01 8.755275063947287606e-01 8.827266402538499479e-01 8.847511433546536574e-01 8.547833214734358309e-01 8.802661751019443814e-01 8.806417566485350568e-01 8.756689183249584119e-01 8.667514254601064172e-01 8.792736298688170749e-01 8.832980194009231178e-01 8.808256195714367909e-01 8.787803341221551712e-01 8.722693332323069315e-01 8.871577638214698247e-01 8.845114411915186992e-01 8.793103544660850757e-01 8.846904509566581032e-01 8.748758421031158639e-01 8.903780863229803222e-01 8.845700314218206683e-01 8.875224656286745395e-01 8.906799561904387152e-01 8.886500153395118229e-01
3.022605025208985330e-02 1.803908123831942101e-01 3.615918414799985658e-01 5.579191378534964496e-01 4.294283466154496520e-01 5.482521997387844737e-01 7.102282319922982312e-01 6.896915546217540216e-01 7.584395194185882261e-01 1.000000000000000000e+00 7.658055107595880262e-01 8.046862873857495435e-01 7.206637187050207727e-01 5.914266274024162495e-01 8.110925115889660031e-01 7.965506215044524385e-01 7.218433109990475272e-01 7.554314243765251069e-01 7.688280429563895124e-01 7.262996602778963862e-01 7.260532661314824665e-01 7.837675099413003998e-01 7.608033753694000145e-01 7.564012738387387857e-01 7.583381485222606688e-01 8.028044476475403313e-01 8.005325356882591059e-01 7.930639417626785814e-01 7.568851124793967156e-01 7.977780174598707585e-01 8.298158842748207809e-01 8.077285284523804121e-01 7.390908047985159657e-01 7.880322880233595617e-01 7.561158620106230854e-01 7.648761447191081420e-01 8.019007010650159861e-01 7.934565620711019340e-01 8.163297135366222035e-01 7.931923628870026777e-01 8.244567391868933282e-01 8.165385139561722738e-01 7.989336045569168654e-01 8.251584719665484569e-01 8.256882301173440464e-01 8.244339068948076665e-01 8.360017536732612387e-01 8.404913974691251566e-01 8.170184267965040492e-01 7.700717774400090976e-01 8.167975699193983363e-01 7.707293794823667499e-01 8.076145659989817371e-01 8.317850695727895260e-01 8.240650669659370653e-01 8.269277442696757463e-01 8.005348837708841092e-01 8.277440011162584543e-01 8.294482178159998664e-01 8.311212975799723290e-01 8.279365330773597043e-01 8.265488677222976310e-01 8.188382411892680679e-01 8.188551811418871562e-01 8.246150236110449949e-01 8.259787009370475053e-01 8.371583581730194235e-01 8.371082287302860081e-01 8.362290684106800098e-01 8.329985719712407199e-01 8.365222798402078830e-01 8.379667726553962082e-01 8.306741324356796685e-01 8.307279677476443469e-01 8.365894161029728826e-01 8.376778173559448204e-01 8.372600721565973680e-01 8.304854902444609444e-01 8.358292513753565744e-01 8.394455467055721432e-01 8.389092390088721540e-01 8.399542637554527902e-01 8.393665579724947090e-01 8.339081419022951192e-01 8.226944981753157027e-01 8.331452680955695467e-01 8.371781898732080229e-01 8.346249035678366957e-01 8.385741934162523892e-01 8.332070482210303108e-01 8.327866433704431692e-01 8.392385599081123582e-01 8.353768135502862568e-01 8.384552411849665043e-01 8.391719979709774124e-01 8.392151872309610017e-01 8.161013508447804154e-01 8.206491808711849911e-01 8.329466835266475799e-01 8.299721819558106839e-01 8.311737920426452986e-01 8.313709926175630871e-01 8.317048403992796102e-01 8.345675992575413149e-01 8.325324312007431615e-01 8.252869980773668290e-01 8.355764392376038296e-01 8.399661604712347351e-01 8.382741115076334237e-01 8.378898553464391163e-01 8.364479109921695299e-01 8.379568678777238322e-01 8.355271249783930987e-01 8.326851525211952376e-01 8.330993376856259403e-01 8.360019001692819973e-01
1.940840881335202661e-02 1.586348377625173001e-01 3.804503703713552065e-01 6.187005936878947621e-01 4.722230394616094840e-01 5.646180759228952573e-01 7.713641944136232498e-01 7.582254665783844105e-01 8.118806174339917581e-01 7.658055107595880262e-01 1.000000000000000000e+00 8.715353006742883046e-01 7.887297638206215433e-01 6.447156797614954638e-01 8.778839346218475503e-01 8.729803572822019131e-01 7.959427749769486526e-01 8.193734930522577065e-01 8.301770906896397406e-01 7.860345846856856555e-01 7.897339261732511106e-01 8.512847499878956059e-01 8.151138261690833442e-01 8.228102963416544791e-01 8.125943662178088944e-01 8.678226574388179237e-01 8.621079438577222698e-01 8.521713552808825032e-01 8.162628257584061409e-01 8.580284815146919097e-01 8.949205778860518379e-01 8.854389625096104055e-01 8.165753640159013615e-01 8.659685695970725794e-01 8.295206982677375551e-01 8.443154638616190422e-01 8.661837637052908212e-01 8.729391096436793784e-01 8.892334131852400736e-01 8.640735144295799142e-01 8.930685763550274547e-01 8.845795996448361231e-01 8.730750382316218028e-01 8.937682003734751524e-01 8.931667597299041139e-01 8.864816980688290382e-01 9.000147036354475549e-01 8.982807236611470847e-01 8.924717492901831362e-01 8.583474565988045146e-01 8.940173655976401124e-01 8.419506062804731350e-01 8.835070172346858319e-01 8.887770177266388627e-01 8.811650463119253818e-01 8.941603096824397579e-01 8.698781456185511463e-01 8.897305025390354061e-01 8.928318984322414220e-01 8.926839218032155410e-01 9.010472600796356479e-01 8.890653021565402270e-01 8.830409201547670950e-01 8.936773586663597779e-01 8.916464325349896525e-01 8.897846975256432644e-01 9.002900421369430806e-01 9.004166155864996579e-01 9.003257715472993139e-01 8.992882122679364265e-01 9.010666360653145635e-01 9.033208990230287005e-01 8.911585340965595403e-01 8.919558867659060919e-01 9.047288107578160821e-01 8.999504588609267275e-01 8.967416797554805807e-01 8.916775053230518999e-01 8.979364065102326542e-01 8.999797984562026842e-01 9.027621061508632749e-01 9.049920460393285904e-01 9.021183703810221610e-01 8.981469020652640411e-01 8.978853028621178733e-01 9.025065894931748600e-01 9.009637902318252678e-01 9.054374451154666437e-01 9.059137887816249846e-01 8.972995196805558793e-01 9.007165537505549269e-01 9.032390292818376354e-01 9.027609659860544866e-01 9.039867397337733035e-01 9.035545332127710161e-01 9.029959571596476442e-01 8.943262436456936859e-01 8.944001831920681544e-01 9.059573399113408643e-01 9.051203536805281225e-01 9.004771906374680057e-01 9.030778272140758123e-01 9.002943067848795389e-01 9.057162306775419225e-01 9.008138461669998875e-01 8.928960136540168291e-01 9.046445411510841694e-01 9.006587645199861658e-01 9.020292582294725525e-01 9.038815303849098148e-01 9.009381523231307920e-01 9.018471766612035090e-01 8.998253682379223628e-01 9.045947416376282080e-01 8.995889064778551658e-01 8.995756244505989097e-01
5.075661188755280911e-03 1.646206084932417268e-01 4.045380177092264273e-01 6.514348551281096134e-01 4.804509355718099006e-01 5.996932029653395668e-01 8.073314067492812773e-01 7.864048954638265254e-01 8.470861894853184415e-01 8.046862873857495435e-01 8.715353006742883046e-01 1.000000000000000000e+00 8.169821719526085824e-01 6.798231665509912869e-01 9.134604776995407516e-01 9.088131121575441229e-01 8.282503687994987596e-01 8.490559443558151065e-01 8.704153980130870938e-01 8.146460102888289923e-01 8.287583529380534442e-01 8.870482711826150890e-01 8.349780691753825312e-01 8.483678998301863450e-01 8.483328469356957724e-01 9.032017195939270326e-01 9.035268558399575101e-01 8.826653880448476208e-01 8.526288552358761708e-01 8.842639318328032738e-01 9.326854252231130404e-01 9.142091100298227468e-01 8.331095708747857653e-01 8.871398204818357058e-01 8.464721757905609989e-01 8.713591759280744364e-01 8.906026546482557205e-01 9.091236910996485232e-01 9.217535627274738852e-01 8.935261570397164954e-01 9.322368118954549310e-01 9.259849338460980350e-01 9.108882101587203461e-01 9.352001783065538865e-01 9.282265018085334995e-01 9.270605562021617674e-01 9.386743666057169033e-01 9.414688863280181730e-01 9.320710027195175940e-01 8.878065921061234489e-01 9.306309981467822956e-01 8.748785854560717778e-01 9.203926620714014684e-01 9.330924670794532583e-01 9.293977886758603146e-01 9.307329785512978848e-01 9.122843733696057722e-01 9.314863789944944905e-01 9.377417357475302806e-01 9.331995310128402554e-01 9.403513715386832006e-01 9.339332792947981909e-01 9.303494024105374294e-01 9.337435231868319585e-01 9.317713178904885041e-01 9.315768718949113403e-01 9.416294672189311488e-01 9.408925628395468088e-01 9.379553281252460684e-01 9.387798524737820394e-01 9.405597948089211569e-01 9.427419595943489217e-01 9.271427530476952228e-01 9.296985528677574884e-01 9.425601508766819903e-01 9.416698617616547917e-01 9.373494165626107266e-01 9.316494061518909575e-01 9.371783438076743966e-01 9.387426037898245479e-01 9.390674291991305545e-01 9.429003670256417280e-01 9.385233296147132975e-01 9.316946077393273296e-01 9.280932133396867512e-01 9.342458202645212983e-01 9.366510574397651778e-01 9.407957481878644890e-01 9.426783410667379792e-01 9.345095627995392285e-01 9.356672630151751102e-01 9.428445150692994492e-01 9.413656643790464518e-01 9.430409126716949864e-01 9.437246459252147668e-01 9.439934868144258528e-01 9.228897084995557609e-01 9.279121744778322523e-01 9.420783181731642308e-01 9.398209372966199737e-01 9.386673196421997378e-01 9.399678406343944248e-01 9.383064077574586603e-01 9.447158960650416937e-01 9.384472488120430000e-01 9.296808952319866037e-01 9.421160739987801680e-01 9.434544383758234343e-01 9.410670761505113280e-01 9.433730772573520884e-01 9.408839210605431935e-01 9.426923637724861083e-01 9.414618195270577639e-01 9.429603225325632332e-01 9.414729139162940630e-01 9.406912811442377231e-01
2.375857867866883882e-02 1.433712866473015046e-01 3.577296028809212602e-01 5.903608381887612833e-01 4.577945562019530845e-01 5.624114134223373584e-01 7.222748372879873591e-01 7.147062982600098646e-01 7.721748471629080735e-01 7.206637187050207727e-01 7.887297638206215433e-01 8.169821719526085824e-01 1.000000000000000000e+00 6.175561584393406411e-01 8.273008864750379665e-01 8.339840807017756541e-01 7.434345109845406085e-01 7.785551037976047306e-01 7.826922621837403282e-01 7.524719251222807825e-01 7.471006290648584125e-01 7.978728870463968059e-01 7.688704359588599546e-01 7.748811400355248846e-01 7.583663522150236869e-01 8.223077491023559338e-01 8.127006478933797018e-01 7.902028974152096596e-01 7.633320076723478786e-01 7.989458408045161386e-01 8.367485314538877228e-01 8.253133049046984526e-01 7.465212782604803143e-01 8.016072400230317418e-01 7.661840913782851370e-01 7.908466574331586285e-01 8.074478227226484783e-01 8.147094305445132800e-01 8.322640344342984164e-01 8.025746503582427138e-01 8.376918072278524141e-01 8.311560734103642378e-01 8.230090116260967426e-01 8.480545924456106555e-01 8.404030399490272085e-01 8.382995789438931755e-01 8.524456838089775612e-01 8.531949324843811633e-01 8.465438596128115334e-01 8.001610146077077212e-01 8.370003004844899230e-01 8.007277321359791422e-01 8.416003916858895151e-01 8.498334853755876717e-01 8.458491036436143196e-01 8.443130886992353812e-01 8.373761987875586454e-01 8.501045691520611181e-01 8.501994924225755312e-01 8.566540360872145765e-01 8.562729340867235583e-01 8.541920197127907954e-01 8.458178013829507069e-01 8.514012945768608676e-01 8.458568088911182503e-01 8.536708552406827577e-01 8.518902314868299630e-01 8.509006772415299569e-01 8.504573825143881827e-01 8.541923622321959675e-01 8.509558232096109398e-01 8.538357585677002204e-01 8.452194308704403802e-01 8.416462982217359778e-01 8.542799915094988483e-01 8.503932146083369448e-01 8.446660944331491061e-01 8.397988438235598485e-01 8.452134465879068692e-01 8.506546878785364862e-01 8.501498245611459614e-01 8.542244233560978284e-01 8.494301114357752924e-01 8.424286282189572539e-01 8.378459296306206561e-01 8.473587492904547380e-01 8.482518468568777115e-01 8.499654184528030454e-01 8.535600967002505701e-01 8.462130935762691708e-01 8.404655170195355351e-01 8.524158389593510243e-01 8.533445610894099254e-01 8.524774517930491236e-01 8.577298512947661990e-01 8.568991558093486116e-01 8.420322184320399028e-01 8.431042226189809918e-01 8.575820038739663254e-01 8.514863142614742531e-01 8.521208969020716006e-01 8.561842221119734253e-01 8.552499539639730752e-01 8.580830474206299074e-01 8.542974396424088956e-01 8.514793846549227885e-01 8.558065524408704494e-01 8.562328828233337630e-01 8.561073148903590724e-01 8.589090892377766462e-01 8.543929518721092853e-01 8.583822988936277154e-01 8.579527570811442683e-01 8.581931351173401890e-01 8.535157238474778696e-01 8.572501231067887195e-01
