1.000000000000000000e+00 4.252309807287354970e-02 7.038630784701629950e-02 4.993529399633898219e-02 5.492944076064891490e-02 -8.249155672117479063e-04 4.135097965497681882e-02 8.095315267653459268e-02 8.315558174860533669e-02 3.430497210369008732e-02 3.037927911866770969e-02 1.920204585652370011e-02 3.537183069134257514e-03 2.961836845523476563e-02 3.377063527910504487e-02 5.588005021508448550e-02 3.847696489098442058e-02 6.485545359785499508e-02 2.073000995589844783e-02 1.213975163250811951e-01 8.765737214771524011e-02 3.941168571305069673e-02 5.375870749447235475e-02 5.491549349048847201e-02 2.448007881446366898e-02 5.715769905972116482e-02 4.110758076611525924e-02 3.655408269999027571e-02 5.073123676748703126e-02 1.973906548822606730e-02 2.400342354422106347e-02 3.679960099506209698e-02 1.416621301362976527e-03 1.771287812690553257e-02 3.917229023575626197e-03 1.015698049862838286e-02 3.584921798785526467e-03 1.100237482265011002e-02 1.002251627371810588e-02 -4.552323483133578763e-03 1.606328864012438254e-02 1.087514821347420474e-02 -1.337453034322813204e-03 2.532215022251669417e-02 1.071148390460711051e-02 8.421028394518933688e-03 1.339122523124424390e-02 7.210596156613869982e-03 3.173125717624719622e-02 4.927147579656497578e-02 4.062830618454867787e-02 6.465808457099166129e-02 4.262461374963934929e-02 3.752947534668107238e-02 4.209670947666949159e-02 2.862661036290990377e-02 5.767425302725762842e-02 2.441466912368341416e-02 2.863312797169171101e-02 3.206530388687744287e-02 2.424692281269297950e-02 3.947464387955901266e-02 4.129465538529803609e-02 4.174494313541596280e-02 3.039450573092865315e-02 4.383838508035380749e-02 1.516566042652226116e-02 1.586835580013470914e-02 1.162248977974242314e-02 3.866997090435064094e-02 2.932450168808534152e-02 1.445978552953210670e-02 1.869995565269977691e-02 1.393590745620516130e-02 2.220635343633883471e-02 1.647887728349669428e-02 1.388982722155513404e-02 2.010096929530428081e-02 6.370953231475329735e-03 1.582823728974479607e-02 1.159353131288616730e-02 8.920370829542410840e-03 1.510873298536856771e-02 6.842119105012544472e-03 1.083581765519406673e-02 5.242328798806404795e-03 -2.416916005212241519e-03 3.043466375558849090e-03 -1.852018954249087064e-03 1.233101135836184997e-02 5.268271123571152161e-03 5.658885146226470819e-03 6.002782811625234811e-03 9.718625848740148742e-04 6.770197166476998353e-03 6.002412215338058521e-03 1.866171555658648756e-02 4.359396919728615594e-02 1.292472156253205232e-02 1.519523402419362471e-02 -3.806703329528050937e-03 2.009428131482171587e-02 2.148213738243387114e-02 1.247556239144360576e-02 1.306702220734382372e-02 3.060079470056029094e-02 2.416551763851680287e-02 1.015397283210581550e-02 1.417162621361182581e-02 1.409720089896897982e-02 7.106249945019651321e-03 9.853645659990967545e-03 1.934603378761250853e-02 1.766765280142327740e-02 1.593854077573360339e-02 2.258291575716251179e-02
4.252309807287354970e-02 1.000000000000000000e+00 5.984016313970612344e-02 6.951777224053375115e-02 6.258632353642971935e-02 8.335856427983619199e-02 1.478909031143940955e-01 1.120155479502727286e-01 1.453661206094119529e-01 1.524629960465941625e-01 1.486228218211617103e-01 1.446762234984705353e-01 1.613974386464578081e-01 1.114918330053328577e-01 1.588869096854191587e-01 1.429338997279683277e-01 1.429760026615556345e-01 1.468018419735359625e-01 1.585120739979153370e-01 1.431261096369158548e-01 1.341701638016459530e-01 1.483601181992357521e-01 1.569550172252464071e-01 1.352706084813053433e-01 1.325225674790557473e-01 1.598983690453399387e-01 1.770789961839933369e-01 1.459356917700347644e-01 1.782998337586156057e-01 1.598616856017708032e-01 1.705811852498192449e-01 1.649866618127006079e-01 1.440586357729372324e-01 1.415907606857082501e-01 1.451346772591368961e-01 1.426871010622287050e-01 1.434645231530998211e-01 1.459366148510276295e-01 1.476923083813025672e-01 1.347875514049953205e-01 1.622720747767555927e-01 1.621227571529347822e-01 1.536727100683130953e-01 1.631758368252712588e-01 1.593189028661900486e-01 1.522572466570752681e-01 1.666820470335013127e-01 1.677751965738361606e-01 1.673908291444277385e-01 1.527324679226437498e-01 1.509151256251697604e-01 1.581367438249741131e-01 1.646536472924477190e-01 1.754455127617905175e-01 1.695410927111923038e-01 1.622590594797971297e-01 1.665438228702646184e-01 1.625459213372673073e-01 1.672277940144909769e-01 1.678043632668988483e-01 1.638068728684728692e-01 1.711854477789075124e-01 1.566664644380729443e-01 1.637406621620546843e-01 1.679520356025796801e-01 1.688449586762509336e-01 1.673227610645382779e-01 1.637368539014609770e-01 1.676984072803280323e-01 1.702213755933054407e-01 1.605199299580440109e-01 1.623635845476770478e-01 1.647643861172843893e-01 1.577522908090874254e-01 1.655336167833174055e-01 1.636359905425473493e-01 1.659940767908879289e-01 1.699029103116516948e-01 1.639109423773414953e-01 1.632572526915706812e-01 1.644115699736435898e-01 1.650026246690550757e-01 1.656285106507833504e-01 1.610945033398224202e-01 1.508141490801035434e-01 1.566186805150565353e-01 1.553585575566759358e-01 1.562612494412682629e-01 1.540556543229762987e-01 1.679989241023226998e-01 1.563651359196327473e-01 1.613883050868029634e-01 1.594206692983264340e-01 1.598808155284540955e-01 1.622319086706812130e-01 1.677935854864797960e-01 1.441734789638540182e-01 1.543695517217613944e-01 1.605928875349415252e-01 1.557891574229515463e-01 1.561402369479585328e-01 1.578765961099340143e-01 1.612044177984358617e-01 1.565557518537843973e-01 1.551364604230658639e-01 1.623222059351391855e-01 1.642421843280277294e-01 1.700349037834230359e-01 1.689040020492781347e-01 1.663936283608668520e-01 1.647190150230953276e-01 1.640746160144797849e-01 1.640866491898148039e-01 1.566542298532870303e-01 1.596214209154725450e-01 1.631057370381897575e-01
7.038630784701629950e-02 5.984016313970612344e-02 1.000000000000000000e+00 3.377582663344727010e-01 2.223354614217356862e-01 1.286246059110038031e-01 3.580461278383915147e-01 3.320217911564761759e-01 3.574490583202640792e-01 3.140210427397483461e-01 3.484219688780030855e-01 3.646076461997643237e-01 3.126371276412792111e-01 2.645604967023749143e-01 3.806575231914389179e-01 3.852820071412028091e-01 3.569928702334181359e-01 3.745563894760498558e-01 3.623870849220258705e-01 3.023693742179880406e-01 3.842244147321243197e-01 3.778234618515616816e-01 3.810613679053262426e-01 3.670482206297063787e-01 3.640283161536547185e-01 4.051421893090345061e-01 3.820759612290436924e-01 4.065564775539273201e-01 4.039507064316017471e-01 3.876109485241603925e-01 3.900632060624178443e-01 4.011723162941137066e-01 3.828391878004390736e-01 3.975549916593951738e-01 3.916135152648817508e-01 3.790793892923929875e-01 3.869913747520151159e-01 3.910778592129466325e-01 3.929256527837236557e-01 3.897091873166083631e-01 3.708294286363506553e-01 3.858733462020534355e-01 3.888735075336811620e-01 3.934316263387557244e-01 3.875734004417021872e-01 3.763206656340625234e-01 3.742787175901754471e-01 3.709672714810204885e-01 3.867634257105361240e-01 3.991689595219676256e-01 4.000749018849129590e-01 4.091060850323871012e-01 3.872362217002038864e-01 3.781940366713041346e-01 3.875914062266954674e-01 3.887844238291640053e-01 4.092354444526511981e-01 3.766244388628940953e-01 3.890636641951427110e-01 3.767349627812422996e-01 3.860463842425392866e-01 3.843093920980033551e-01 3.929871675098826622e-01 3.861190077209413207e-01 3.781202506959372434e-01 3.849101420426596643e-01 3.746950716670460202e-01 3.777068602095794980e-01 3.778240738360135742e-01 3.864178925801541875e-01 3.870846584433564330e-01 3.746970680428353129e-01 3.831793208819006535e-01 3.767594247784193384e-01 3.809273046602207335e-01 3.815831422956549868e-01 3.751401773088215985e-01 3.840971271395620668e-01 3.686255761508644979e-01 3.778696562650463164e-01 3.730332910027384097e-01 3.771237636408897309e-01 3.839922496287021536e-01 3.720033014392213344e-01 3.850638605101809886e-01 3.875220903205746636e-01 3.771623883311620573e-01 3.760407356432721171e-01 3.770529829349147932e-01 3.778563078853196533e-01 3.760144703276368516e-01 3.714319224770340488e-01 3.788138782171994734e-01 3.742200605215597609e-01 3.663830588612600470e-01 3.679369271228367655e-01 3.847591157310676357e-01 3.879654286278366171e-01 3.730306007384333045e-01 3.775568894321933988e-01 3.710019567887862801e-01 3.787288281229344578e-01 3.821453701847249973e-01 3.758486916731623162e-01 3.848383570860230973e-01 3.784764748792623923e-01 3.749741523659493314e-01 3.668208876447767164e-01 3.757439627647136682e-01 3.689786736079877505e-01 3.738085752712708154e-01 3.677399666886402851e-01 3.772322482655822151e-01 3.763712121488652640e-01 3.793503781209483505e-01 3.809690934546205443e-01
4.993529399633898219e-02 6.951777224053375115e-02 3.377582663344727010e-01 1.000000000000000000e+00 3.964121930255760096e-01 2.421322300247643888e-01 5.796170341037754081e-01 5.589788268068889288e-01 5.856054917546695826e-01 5.171593518914160414e-01 5.953909553380609676e-01 6.311979481597349562e-01 5.650531977487043278e-01 4.327161130780468046e-01 6.389590291781093168e-01 6.499098609816511551e-01 5.945857978593448445e-01 6.049500962733613818e-01 6.059175284382188886e-01 4.504467122577588412e-01 5.635975822068460817e-01 5.913091232856142465e-01 6.202649608174983786e-01 5.678565854811831182e-01 5.451880640945407919e-01 6.493783967505347698e-01 6.336212862369103860e-01 6.385156900296282689e-01 6.363253894481079032e-01 6.482041897163474120e-01 6.506087961920592466e-01 6.539054679873023135e-01 6.301366568540723856e-01 6.359667311822575497e-01 6.393085506538928042e-01 6.400105691191019242e-01 6.521282878445809894e-01 6.425641604969383192e-01 6.605645422519800247e-01 6.349663145893577054e-01 6.422155648901276548e-01 6.481945718383455013e-01 6.500524455179141903e-01 6.569533378581315919e-01 6.508570775396642638e-01 6.431328959640355558e-01 6.418615105675867794e-01 6.356549955061520096e-01 6.467476392561449794e-01 6.482486193271271846e-01 6.467678204692320909e-01 6.470598357708052806e-01 6.459383564301822700e-01 6.342831220099720557e-01 6.358397623657516817e-01 6.443459883072248928e-01 6.584913810285485392e-01 6.402390492606858663e-01 6.376593691770642280e-01 6.429448302973835849e-01 6.524785776382465707e-01 6.380293474508174079e-01 6.553141595743460224e-01 6.499575467661296013e-01 6.460893977025266022e-01 6.443463222273148050e-01 6.444136751057930601e-01 6.434143006568423528e-01 6.473846150664757104e-01 6.417539048890735787e-01 6.395535789530462090e-01 6.408855753971464120e-01 6.442221902914567755e-01 6.232212913613729421e-01 6.474425585918655024e-01 6.466300438264032113e-01 6.410985943076566995e-01 6.461171692997271787e-01 6.380576589098746476e-01 6.475812998752044081e-01 6.431507611060059970e-01 6.510356308428534300e-01 6.512076516370564061e-01 6.445011174249625219e-01 6.566455897554246413e-01 6.548881095829590659e-01 6.512048282314801817e-01 6.535648874612164372e-01 6.509411180923417861e-01 6.457468905492178557e-01 6.469403654085754685e-01 6.457345553462938703e-01 6.495963031694608203e-01 6.461742559576643119e-01 6.409700921907180993e-01 6.377252730664306757e-01 6.565649602446100852e-01 6.550254445356260558e-01 6.471434276829020060e-01 6.492245563467433644e-01 6.461335908734756606e-01 6.538175307242577450e-01 6.484003254672873195e-01 6.520083289909883728e-01 6.568161880343170722e-01 6.506418444506103516e-01 6.449485627167218516e-01 6.373598708150292058e-01 6.416272560448553763e-01 6.409534102741824002e-01 6.441181545160357125e-01 6.402731427945983489e-01 6.475806671336881148e-01 6.518043468662053641e-01 6.507196056509712001e-01 6.493359385721597654e-01
5.492944076064891490e-02 6.258632353642971935e-02 2.223354614217356862e-01 3.964121930255760096e-01 1.000000000000000000e+00 2.063165222724135384e-01 4.230773657315434200e-01 4.406969220904385365e-01 4.456638982007382066e-01 3.699031840928616588e-01 4.274978411076142404e-01 4.623133304760592144e-01 4.542609485958212789e-01 3.420032703010268960e-01 4.851781295079215517e-01 4.828752053396759281e-01 4.500209825715312806e-01 4.509870893489179022e-01 4.512643256632662414e-01 3.399265544755184498e-01 4.227902574991484475e-01 4.336306563701823324e-01 4.636123184145657938e-01 4.176685620953826672e-01 3.971098308427035151e-01 4.762261568495528286e-01 4.548250558658765152e-01 4.654664022035148729e-01 4.630074924291056604e-01 4.783397601372958996e-01 4.769285902205542271e-01 4.858557466758872678e-01 4.588493820812411528e-01 4.735691010609140439e-01 4.764413198475709876e-01 4.753009525288729997e-01 4.751202583694781323e-01 4.814257827314072924e-01 4.911692573717397203e-01 4.651299521344473553e-01 4.761107959896224706e-01 4.888252296432933908e-01 4.909809061064446811e-01 4.912305264245272474e-01 4.919936071149883516e-01 4.829000755015465107e-01 4.783545374897642533e-01 4.808113285513825885e-01 4.811193579722796154e-01 4.818157508414803170e-01 4.809201686573197354e-01 4.942167222436867902e-01 4.912581783642334110e-01 4.796883359541294078e-01 4.817468262711596116e-01 4.824740333885993437e-01 4.897689160964814326e-01 4.853487333869416220e-01 4.803949424163671544e-01 4.883513991262287690e-01 4.914710063840680987e-01 4.830219742561359109e-01 4.875930189029912820e-01 4.887103876049848084e-01 4.822295167301173802e-01 4.883173113982365310e-01 4.793838807451621387e-01 4.786763633318427691e-01 4.811910022142572574e-01 4.790121155556922861e-01 4.753592290333015780e-01 4.759954041831824800e-01 4.790731754679076748e-01 4.627856625767871601e-01 4.822741060435092875e-01 4.777951583165377381e-01 4.696296120028612964e-01 4.775218762329141442e-01 4.742868991139388424e-01 4.842746236057704490e-01 4.831221171905732970e-01 4.829077049748994321e-01 4.829922224001505504e-01 4.773888606720981809e-01 4.892873745215542414e-01 4.879203200731025425e-01 4.854245531135588099e-01 4.847652201687236428e-01 4.847612215418755088e-01 4.875703023211970244e-01 4.779252513205999864e-01 4.844474850403048261e-01 4.854213148398909827e-01 4.818546920673526524e-01 4.810609756919752567e-01 4.785003942594469595e-01 4.867772064034250334e-01 4.864728377207049315e-01 4.818585753682781414e-01 4.825864359454560271e-01 4.844006056820375772e-01 4.850636602907624773e-01 4.861880486532252355e-01 4.882271214350810684e-01 4.878249260945837773e-01 4.837427130054151037e-01 4.831922004183856756e-01 4.808970274115697552e-01 4.855547624393223294e-01 4.814999338540899010e-01 4.837546257267093530e-01 4.819798337400247323e-01 4.858938594181959614e-01 4.834520969346690622e-01 4.840459005266283254e-01 4.856562330346682610e-01
-8.249155672117479063e-04 8.335856427983619199e-02 1.286246059110038031e-01 2.421322300247643888e-01 2.063165222724135384e-01 1.000000000000000000e+00 3.574344528701371426e-01 3.471897011014555834e-01 3.601951724300832547e-01 3.214255932545793115e-01 3.526770756098999149e-01 3.847402487086602485e-01 3.490323409543479305e-01 2.782656365636209106e-01 3.915065546200649504e-01 3.860349196269844962e-01 3.650298169444819441e-01 3.697397125831276554e-01 3.659418133642228788e-01 2.761658199378142498e-01 3.350524380029203386e-01 3.599466473129617206e-01 3.477612494321659642e-01 3.391109891649617403e-01 3.250585907778237860e-01 3.691326575337493532e-01 3.767568092936245394e-01 3.673517341108051837e-01 3.727412840610732081e-01 3.813986552436501865e-01 3.826541671778511677e-01 3.809693184789481601e-01 3.641471349541992586e-01 3.570476274571059982e-01 3.648907617282185489e-01 3.500687867970077582e-01 3.775592400291370443e-01 3.819739671361708777e-01 3.838171543063735314e-01 3.700785937183391217e-01 3.978637145466560887e-01 3.918013537894294851e-01 3.793819614760584602e-01 3.874070295984262113e-01 3.899315970270013643e-01 3.959876855991301681e-01 3.927057634424068189e-01 3.923426749073882780e-01 3.921037740955573003e-01 3.813281093401194588e-01 3.802460811298621346e-01 3.581929478205834183e-01 3.914080152537350310e-01 3.878388104049682039e-01 3.890538958261786640e-01 3.908679297089612814e-01 3.835377950003600600e-01 3.872640447478142844e-01 3.892794329491837679e-01 3.858787812471335399e-01 3.865899312932121190e-01 3.887068952393815668e-01 3.880593086717448181e-01 3.884595881512990512e-01 3.838212698601784489e-01 3.849885014480894374e-01 3.902972244260424772e-01 3.909223012186016089e-01 3.903643496740241137e-01 3.868545542154265826e-01 3.911891227702470886e-01 3.892820043400256891e-01 3.854416385627733588e-01 3.823016434148721610e-01 3.909031413087439288e-01 3.906093686687400757e-01 3.885003477429227470e-01 3.916719636737224786e-01 3.902657047566358006e-01 3.883317287075494506e-01 3.922476974473240174e-01 3.899540616419913119e-01 3.887641271227120776e-01 3.906800344817196180e-01 3.901973446811394242e-01 3.873895598870541468e-01 3.896197515363549746e-01 3.923333601684990124e-01 3.893984961007634915e-01 3.915457581054767600e-01 3.926243072808949797e-01 3.949613060035167544e-01 3.896444272689611465e-01 3.921470925007023989e-01 3.921465461136804942e-01 3.929433564098280818e-01 3.878709987493011990e-01 3.866939345805382455e-01 3.925548216149336023e-01 3.934904302876006676e-01 3.913545361210954976e-01 3.902368054014909715e-01 3.880557015987935454e-01 3.927859434764195967e-01 3.864782342023985184e-01 3.864758515314703491e-01 3.922960215404620588e-01 3.944616470874048875e-01 3.916107857147603233e-01 3.929003381970066489e-01 3.935786710981881709e-01 3.917988080741579004e-01 3.918786315098936601e-01 3.876849914722259038e-01 3.849141508690072655e-01 3.875868347812129189e-01
4.135097965497681882e-02 1.478909031143940955e-01 3.580461278383915147e-01 5.796170341037754081e-01 4.230773657315434200e-01 3.574344528701371426e-01 1.000000000000000000e+00 7.164561588914210022e-01 7.203497993398904065e-01 6.669611302413608334e-01 7.305010220495906648e-01 7.665632428312744162e-01 6.902192028530389489e-01 5.810230615718182667e-01 8.214767958247406465e-01 7.877969454535732607e-01 7.174745409357903281e-01 7.591946834204785777e-01 7.633789155189021347e-01 5.968688118905086659e-01 7.140478118833736287e-01 7.571857036011414577e-01 7.568835886954534686e-01 7.261946688873546218e-01 7.074812565718381352e-01 8.004617935995982370e-01 7.836077608671441208e-01 8.072126879751896356e-01 7.832636904304578485e-01 8.008929660240654558e-01 8.041109645588038202e-01 7.939230171628841592e-01 7.555677489992302931e-01 7.490449762314675963e-01 7.678537445025049868e-01 7.392014808860900565e-01 7.959142092829976090e-01 7.922701108601072351e-01 7.958721419209899839e-01 7.786255229010340395e-01 7.884478937319733260e-01 8.003702873937774687e-01 7.972381006076171284e-01 8.054532604538703344e-01 7.935594477331929797e-01 8.103528819031338148e-01 7.857146862385351316e-01 7.871880209455784927e-01 7.921646716465299276e-01 7.787556822529787537e-01 7.806154742484109343e-01 7.692155641132150112e-01 7.923945242962208146e-01 7.937729964158820595e-01 7.984593291701772566e-01 7.998320258680479133e-01 7.990300684690819777e-01 7.928804656750105817e-01 7.994024616781403303e-01 7.881442594712494421e-01 7.952939292426924878e-01 7.944367335316504519e-01 8.051442178256731363e-01 7.901608062978860980e-01 7.795727370797296274e-01 7.903386667841946212e-01 7.890233159537350938e-01 7.962777584213133197e-01 8.005145817284958776e-01 7.972852000475971757e-01 7.979343274009993436e-01 7.917301323939590629e-01 7.927952836331961795e-01 7.881033661974503612e-01 8.010567680394024004e-01 7.960858169602035295e-01 7.978706491889926422e-01 7.954158180764264729e-01 7.895552829489369540e-01 7.926672644785527355e-01 7.922444467830707104e-01 7.937314248572286957e-01 7.889319260923882693e-01 7.932179112583435110e-01 7.961247305387799678e-01 7.898811092588251537e-01 7.888220600404733940e-01 8.009517696898164063e-01 7.924320826438945309e-01 7.907555587827328480e-01 8.041323817503300830e-01 7.975470084700114759e-01 7.934920199035334631e-01 7.980703761348409975e-01 7.888539800316297645e-01 7.853839103843143210e-01 7.928993182063241996e-01 7.927892845020058088e-01 7.902840233707623119e-01 7.969788048785393375e-01 7.897958298530586285e-01 7.942620202668290164e-01 7.923352997665565889e-01 7.939004765733514990e-01 7.878996193530536374e-01 7.866262398568681924e-01 7.937303008722459419e-01 7.884197065152130923e-01 7.917646751628102386e-01 7.905748579818597799e-01 7.946599014665888250e-01 7.880344699378659667e-01 7.939026689972716877e-01 7.895644212963611741e-01 7.853451762013170523e-01 7.894753987901949044e-01
8.095315267653459268e-02 1.120155479502727286e-01 3.320217911564761759e-01 5.589788268068889288e-01 4.406969220904385365e-01 3.471897011014555834e-01 7.164561588914210022e-01 1.000000000000000000e+00 7.048792863793248431e-01 6.481884661957295624e-01 7.090233213745628094e-01 7.546520131694464117e-01 6.905398623493401722e-01 5.508734824045885548e-01 7.764858485172851932e-01 7.874919138045746170e-01 7.130454651242486008e-01 7.297904022736394491e-01 7.259270058937696835e-01 5.427499539169526876e-01 6.844418076572059695e-01 7.140525536954243080e-01 7.132752319992634593e-01 6.713604860078666858e-01 6.415960805095193287e-01 7.592123512692690035e-01 7.430166109541097574e-01 7.440541134845540805e-01 7.429530635373372549e-01 7.664331213341990523e-01 7.682537766896333498e-01 7.753329381786838725e-01 7.384785251315945098e-01 7.447673100435802107e-01 7.498616668270191576e-01 7.358494276144553758e-01 7.618052054707693532e-01 7.771778332974272896e-01 7.796008800756335511e-01 7.484425013380330283e-01 7.672833041402959964e-01 7.792112512694304716e-01 7.776538590214013835e-01 7.848046043694834051e-01 7.703018717262312132e-01 7.822625828024031280e-01 7.659662078130762275e-01 7.645103160036705869e-01 7.734291573594972435e-01 7.689020574752227777e-01 7.684591900531499986e-01 7.413636444139347637e-01 7.666768309643042789e-01 7.685866364264850592e-01 7.791868071630577708e-01 7.809184211537553155e-01 7.785449183690998920e-01 7.695814883416617347e-01 7.696574661446972110e-01 7.652481038911375100e-01 7.768511688804832227e-01 7.730808884517275104e-01 7.883213920635578909e-01 7.792973977849786404e-01 7.631920851025422170e-01 7.690300056271083262e-01 7.712732386125699113e-01 7.719589860791939984e-01 7.743410065804684494e-01 7.645500133579611335e-01 7.691553377182078766e-01 7.675952003533089707e-01 7.657584074239459637e-01 7.505357895384026090e-01 7.761511777217146024e-01 7.706531729285805987e-01 7.638852989684077333e-01 7.697776518191973283e-01 7.637445734906088690e-01 7.713228370227446229e-01 7.708699979734453533e-01 7.711561656429742895e-01 7.734323520691105402e-01 7.722574014328850156e-01 7.847204670340095500e-01 7.784324714602329776e-01 7.739433463057237006e-01 7.799474179549655828e-01 7.755856609596152307e-01 7.720541534750553492e-01 7.710192468349216233e-01 7.766607035834804940e-01 7.750127129403330262e-01 7.743768517155067421e-01 7.720110341385137964e-01 7.689691622459675635e-01 7.824541421019904908e-01 7.815628530738819579e-01 7.778165280789394176e-01 7.803273324953924339e-01 7.764344878114229909e-01 7.808432317778385423e-01 7.744034416165357371e-01 7.809702805452453100e-01 7.750215906537142319e-01 7.749266684209634715e-01 7.807417637706980384e-01 7.706276562663268992e-01 7.766711442234975893e-01 7.731593185413239144e-01 7.782935025042571064e-01 7.697200431585143887e-01 7.781800871418554921e-01 7.790475203445086372e-01 7.696186023199669268e-01 7.728049502251967962e-01
8.315558174860533669e-02 1.453661206094119529e-01 3.574490583202640792e-01 5.856054917546695826e-01 4.456638982007382066e-01 3.601951724300832547e-01 7.203497993398904065e-01 7.048792863793248431e-01 1.000000000000000000e+00 7.751910389071265950e-01 8.047473821667602278e-01 8.593928192409774347e-01 7.836693854176897123e-01 6.105699126339267924e-01 8.629479015706837952e-01 8.634172016553206541e-01 8.183588260176828388e-01 8.283920394021881961e-01 8.313393459723232848e-01 6.425811054409601430e-01 7.607030245716436268e-01 8.213238128852058395e-01 8.036752203520545201e-01 7.580944065806420884e-01 7.521987043128895989e-01 8.678432330100286363e-01 8.616007007128035911e-01 8.408404767097956700e-01 8.422669333774100986e-01 8.650823350317343730e-01 8.828778150490572685e-01 8.731257864683740211e-01 8.108926686629969183e-01 8.112082733397985024e-01 8.314876016970386141e-01 8.180128705539686518e-01 8.534506996992772265e-01 8.549919233907625760e-01 8.656942784242271927e-01 8.316367064739512704e-01 8.835290204992193308e-01 8.771125114663952393e-01 8.603227213330001399e-01 8.870003645971965556e-01 8.810007577829919168e-01 8.796375183941765874e-01 8.929138269333130040e-01 8.918008474720264811e-01 8.905904862702788138e-01 8.630049380352299293e-01 8.652382963767698554e-01 8.632743509422268202e-01 8.892181712845732555e-01 8.949520710481144725e-01 8.825034718831464842e-01 8.786787817085550678e-01 8.889362051051435953e-01 8.906311957433584725e-01 8.860234336965480129e-01 8.992064102036196882e-01 8.945323785225375302e-01 8.914991068683837394e-01 8.870049811494652436e-01 8.912093049041877046e-01 8.899578376324331908e-01 8.971663382283152632e-01 8.937117540723039655e-01 8.919741592829630861e-01 8.872787547865657043e-01 8.873784819201016028e-01 8.853900214956469394e-01 8.903137361874639000e-01 8.792636361951010615e-01 8.708984304583178293e-01 8.939200758668703894e-01 8.910963346111914207e-01 8.887518487070348305e-01 8.854165221679475284e-01 8.864284033039215860e-01 8.910357134908433174e-01 8.896364675867874938e-01 8.923488391950143983e-01 8.822514088013367894e-01 8.839307419452671066e-01 8.726391170073816150e-01 8.767910947363786178e-01 8.815306212846050204e-01 8.858004383356947731e-01 8.838912811983758999e-01 8.858782200364663240e-01 8.826888839584039470e-01 8.900491480314075554e-01 8.887896958481950049e-01 8.886017150470421067e-01 8.921776107973791170e-01 8.928458432410569801e-01 8.749489671724246520e-01 8.824967826652464487e-01 8.871335091448845356e-01 8.838020718436093714e-01 8.797872257448272615e-01 8.874481578205350996e-01 8.938426228761950920e-01 8.898332375130723060e-01 8.839996776501729547e-01 8.885163073548484336e-01 8.943645497266354827e-01 8.930798734861745691e-01 8.918856621993962452e-01 8.943720468915189459e-01 8.886584694115925442e-01 8.946632952189410570e-01 8.936259903159318174e-01 8.894040781531007411e-01 8.893427440762201597e-01 8.941919617775470064e-01
3.430497210369008732e-02 1.524629960465941625e-01 3.140210427397483461e-01 5.171593518914160414e-01 3.699031840928616588e-01 3.214255932545793115e-01 6.669611302413608334e-01 6.481884661957295624e-01 7.751910389071265950e-01 1.000000000000000000e+00 7.494460169906185243e-01 7.979657272475912944e-01 7.392445948939966316e-01 5.746649693863316033e-01 8.027293978882898973e-01 7.943729080968462419e-01 7.595958532148193720e-01 7.716497240315762784e-01 7.770123785568389119e-01 5.838191172242618299e-01 6.969250691924659957e-01 7.635727154534385219e-01 7.508584993207642055e-01 7.088462332607748939e-01 7.106244124009959418e-01 8.024248036530238215e-01 8.030721190380414320e-01 7.874841727925813162e-01 7.876191661348908024e-01 8.056889914247138407e-01 8.290756974658919365e-01 8.123705388665843907e-01 7.574389848807261405e-01 7.533667453098092937e-01 7.724723141613015764e-01 7.549244450411192187e-01 8.006910582417658961e-01 8.019247381841579925e-01 8.074978339129749161e-01 7.814855033310952326e-01 8.325684197988825197e-01 8.236527179698360790e-01 8.003317157125369175e-01 8.260646985475402770e-01 8.280576588962470508e-01 8.226590314623976052e-01 8.373352021898095021e-01 8.400151434592324495e-01 8.359493248382527941e-01 8.014791345268174050e-01 8.053118001830010808e-01 7.828812721283814335e-01 8.237785542204496547e-01 8.329622520899557792e-01 8.204483371855776364e-01 8.233218257468601919e-01 8.204180095551747431e-01 8.281889530691127765e-01 8.297826313537177700e-01 8.357175201856581470e-01 8.335133529040515965e-01 8.279543322025502139e-01 8.235999634236010891e-01 8.288736578320963222e-01 8.277526019348991904e-01 8.317768094350352914e-01 8.390004637094611306e-01 8.384739042298452460e-01 8.379815112229889174e-01 8.273719848109905017e-01 8.284416069243096814e-01 8.377875103574333737e-01 8.245364322308639249e-01 8.221571524892059557e-01 8.406594364567389066e-01 8.395226420390904387e-01 8.343296497627032959e-01 8.333522798141496102e-01 8.381544511662873953e-01 8.372223359514833207e-01 8.375674762639087056e-01 8.407709169155827000e-01 8.293880876110045763e-01 8.322995849800308710e-01 8.205724619596410641e-01 8.222254282927764502e-01 8.310037586759867478e-01 8.330074402266586242e-01 8.330587948691047240e-01 8.306791866985376860e-01 8.314604087837609292e-01 8.379696651130095209e-01 8.354735794936343218e-01 8.381266484338757428e-01 8.401505639258876057e-01 8.414128386537101933e-01 8.152504764627288569e-01 8.188638325445892763e-01 8.308277657748034395e-01 8.293399725737125028e-01 8.246431523759693016e-01 8.276588606744912369e-01 8.348433650926182503e-01 8.345292154819918817e-01 8.240677096418818071e-01 8.255636502867919058e-01 8.367531014826865565e-01 8.399340790605412943e-01 8.370123967645449747e-01 8.381345090770674355e-01 8.343661471074462765e-01 8.401476848737895464e-01 8.350862867683941371e-01 8.314459384881736081e-01 8.338778986078216882e-01 8.348803423717486849e-01
3.037927911866770969e-02 1.486228218211617103e-01 3.484219688780030855e-01 5.953909553380609676e-01 4.274978411076142404e-01 3.526770756098999149e-01 7.305010220495906648e-01 7.090233213745628094e-01 8.047473821667602278e-01 7.494460169906185243e-01 1.000000000000000000e+00 8.623852052452737338e-01 7.727338733003098481e-01 6.083209519463471660e-01 8.596205369252972739e-01 8.454262130077520032e-01 8.050747435112325379e-01 8.160041019910847515e-01 8.343800178458772310e-01 6.114348626908863160e-01 7.651242058516724009e-01 8.193418440101256639e-01 8.121906036621061586e-01 7.625785340225845754e-01 7.599590195388382652e-01 8.557235853641679268e-01 8.605182364337726764e-01 8.447692142170790675e-01 8.364547202783111368e-01 8.709559090734388942e-01 8.859276923231070855e-01 8.708716055607295115e-01 8.246572241180855078e-01 8.205461704128531597e-01 8.404558707953710961e-01 8.234484615424917386e-01 8.591457256774385209e-01 8.617936396206008487e-01 8.684549383103868925e-01 8.394889000163368031e-01 8.815880960868833771e-01 8.752164138975829788e-01 8.608655543841533531e-01 8.818344764628831545e-01 8.827499925636220768e-01 8.792240187097487558e-01 8.844614346897770041e-01 8.828906502944995349e-01 8.818871669441671335e-01 8.596514335143596863e-01 8.603290556905437425e-01 8.470745372422103792e-01 8.764697050470517947e-01 8.824730135763934058e-01 8.759601445846538770e-01 8.813878708864367750e-01 8.818880698360036519e-01 8.805589086938923060e-01 8.818185297429030900e-01 8.832893270007535769e-01 8.855970172381071315e-01 8.843983199263459882e-01 8.836084264635636343e-01 8.817420412981317179e-01 8.784836784892469108e-01 8.816382873054804392e-01 8.847521033284657666e-01 8.867783816424917864e-01 8.857500017772208523e-01 8.808100420684426002e-01 8.812593025901200861e-01 8.841930590434178283e-01 8.769404370305460272e-01 8.686677184944588959e-01 8.885628601922926917e-01 8.858959858891590766e-01 8.855139019918638610e-01 8.808626163635020490e-01 8.810289037182219563e-01 8.880535414442345399e-01 8.871599796123404991e-01 8.870007266797704792e-01 8.816514994611309719e-01 8.831681837692977322e-01 8.731577074351480894e-01 8.767011662993935417e-01 8.814174800041426616e-01 8.832945798043435603e-01 8.836327214283172804e-01 8.816262027297276926e-01 8.825650626837338031e-01 8.866949185787850185e-01 8.845601435873609031e-01 8.863348620001229028e-01 8.852812139247204781e-01 8.866421711965855046e-01 8.705954911447595368e-01 8.735509111310247876e-01 8.823670975767866631e-01 8.789309289809926762e-01 8.771991440430513265e-01 8.817759326768462858e-01 8.850465360281590810e-01 8.838826840833544640e-01 8.773390090612749326e-01 8.812315596181188315e-01 8.865392465555488322e-01 8.870569706724926728e-01 8.851906720969934250e-01 8.861078579272503308e-01 8.864974659180191452e-01 8.870111377474027003e-01 8.871284314603304910e-01 8.826328662763055499e-01 8.823641188821381709e-01 8.842123506767280983e-01
1.920204585652370011e-02 1.446762234984705353e-01 3.646076461997643237e-01 6.311979481597349562e-01 4.623133304760592144e-01 3.847402487086602485e-01 7.665632428312744162e-01 7.546520131694464117e-01 8.593928192409774347e-01 7.979657272475912944e-01 8.623852052452737338e-01 1.000000000000000000e+00 8.318951323456788005e-01 6.521029421834487749e-01 9.195083967947814685e-01 9.098407071143185254e-01 8.637590728043224031e-01 8.663922662310330480e-01 8.803452869055360397e-01 6.406068930275216067e-01 7.928671514169992607e-01 8.599926587002488798e-01 8.528737281734020126e-01 7.873298947942151127e-01 7.870652823596174796e-01 9.097294618879490091e-01 9.125899789970969289e-01 8.981503739325649160e-01 8.895217132606637600e-01 9.244672520757015732e-01 9.435481212100391701e-01 9.245517011483226355e-01 8.708065821374588733e-01 8.699933689261407643e-01 8.954103529892477598e-01 8.779199501155815488e-01 9.168748974103808624e-01 9.169987566184996108e-01 9.261037471444355518e-01 8.926766340118438281e-01 9.410187094148458886e-01 9.363728543009959271e-01 9.189120227581524247e-01 9.435293162737609096e-01 9.391944323356350433e-01 9.372026902542729410e-01 9.472607243685347012e-01 9.478713001079090983e-01 9.440544300750273177e-01 9.174730146523455421e-01 9.179290912274371550e-01 9.037316950773102153e-01 9.349136456565833031e-01 9.432025921138679214e-01 9.335621324580927194e-01 9.391029233956016409e-01 9.381053381134975000e-01 9.425082718835067208e-01 9.396347562423262856e-01 9.471611471822272144e-01 9.480708370268219332e-01 9.410173080619107511e-01 9.407909650800891921e-01 9.442095427691226117e-01 9.411918539346437740e-01 9.444096415073711670e-01 9.499957461098814671e-01 9.462541556434052037e-01 9.449113014940693223e-01 9.355030550013171409e-01 9.371939458487924535e-01 9.440722144452922127e-01 9.302503079438346756e-01 9.217227141481623143e-01 9.498884704723643546e-01 9.501440107932018764e-01 9.444029426520740289e-01 9.431722044759405232e-01 9.439115466705547686e-01 9.493460552219803450e-01 9.471984824584247509e-01 9.506803067278357666e-01 9.423152495225128877e-01 9.439269488056201141e-01 9.354402464713236220e-01 9.380218521982642832e-01 9.436184366812465640e-01 9.466837573191452249e-01 9.468681178788688202e-01 9.439895018192490106e-01 9.424718517624489644e-01 9.489546462119732295e-01 9.491580808910502487e-01 9.493832629317926486e-01 9.495025644456218661e-01 9.505209814035461280e-01 9.334772612876960363e-01 9.355418523328453695e-01 9.456236727807223463e-01 9.411096764103568102e-01 9.401990409994879228e-01 9.452380499415844461e-01 9.479522118364634986e-01 9.490111000287785314e-01 9.409237527635329057e-01 9.433468170722940638e-01 9.498171139866361523e-01 9.500611137630379233e-01 9.491359175220031030e-01 9.498307008952543429e-01 9.475403247292585318e-01 9.506338696439623481e-01 9.505787222273269776e-01 9.477753237207863224e-01 9.463676697318564868e-01 9.494697336130988319e-01
3.537183069134257514e-03 1.613974386464578081e-01 3.126371276412792111e-01 5.650531977487043278e-01 4.542609485958212789e-01 3.490323409543479305e-01 6.902192028530389489e-01 6.905398623493401722e-01 7.836693854176897123e-01 7.392445948939966316e-01 7.727338733003098481e-01 8.318951323456788005e-01 1.000000000000000000e+00 5.818787968429307567e-01 8.377495773107355159e-01 8.394325902264179184e-01 7.794997062347513994e-01 7.943869496601604352e-01 8.020154394190688318e-01 5.915554481451020807e-01 7.318970439147275409e-01 7.928395015167940540e-01 7.832365994201062609e-01 7.306444259549618181e-01 7.281867305494270637e-01 8.274280233848086974e-01 8.294656217883982219e-01 8.108985474745071809e-01 8.089836107169150470e-01 8.387653251325012382e-01 8.578365538442797034e-01 8.354635925732103452e-01 7.866021034892729524e-01 7.861312609114329275e-01 8.095687850927539841e-01 7.904501024665060438e-01 8.319209898406981774e-01 8.259848256988686632e-01 8.397629206611314512e-01 8.023937758654239305e-01 8.561617999230884957e-01 8.528081124526987189e-01 8.384618178556062507e-01 8.640350893113440955e-01 8.556068903165346962e-01 8.520902781400576664e-01 8.649615508256600638e-01 8.677258342374599698e-01 8.560479941172626228e-01 8.276999621550776842e-01 8.275467789711562494e-01 8.298889825613917637e-01 8.568262768031228438e-01 8.629860398001288901e-01 8.533765333765858108e-01 8.493662528611600759e-01 8.477331617578003353e-01 8.620976521890473254e-01 8.524490383809765204e-01 8.663088142267159064e-01 8.659769855854532183e-01 8.581078613270907152e-01 8.517403955021504158e-01 8.601521234481331879e-01 8.628861636031242011e-01 8.644067593631975521e-01 8.672208801540984835e-01 8.656900908095069846e-01 8.619265237492234055e-01 8.553198105750270397e-01 8.575582015484851661e-01 8.661027681310116133e-01 8.494017537059262990e-01 8.499189465629546358e-01 8.667685887376158638e-01 8.666889594670870167e-01 8.597700944229020870e-01 8.580508001830872145e-01 8.637932399073497969e-01 8.649992045571310850e-01 8.652805134074865734e-01 8.688175424753140641e-01 8.557214158063481957e-01 8.588494084294749920e-01 8.520295548765454141e-01 8.533899005175858976e-01 8.610259857367028591e-01 8.610113239734749069e-01 8.617852848515552555e-01 8.596060653816062214e-01 8.540052512610538660e-01 8.666369045379984648e-01 8.667800141894052013e-01 8.663136223041053574e-01 8.676841210831733875e-01 8.688889254109570803e-01 8.481485716981574940e-01 8.529979256800702681e-01 8.637726971648751473e-01 8.557178826269220551e-01 8.551067906032291388e-01 8.600760565165365135e-01 8.672509064402218470e-01 8.671547893535703766e-01 8.607342155818774598e-01 8.585521505929942787e-01 8.664141369564352102e-01 8.689410605370789797e-01 8.678169856934790927e-01 8.673448550203806118e-01 8.629610483631136031e-01 8.695519378654018583e-01 8.647307271822255448e-01 8.644743918207301592e-01 8.661451449094149657e-01 8.692322253295412526e-01
