1.000000000000000000e+00 1.681565327550212374e-01 5.926258306900559353e-02 -6.708887144599813557e-02 4.052265797017984283e-02 1.109259535497974375e-02 -2.124820814010572410e-03 -1.050467928256320141e-02 1.329825131665490490e-01 1.106415454641351964e-01 4.557691245299937480e-03 -2.701796171611862973e-02 3.124741414273817658e-02 -2.024666387880771218e-02 1.290757077132370471e-02 1.249301104921970822e-02 1.488162770959638725e-01 1.595373020367571171e-01 1.170647719499181422e-01 2.965079161234830674e-02 5.957890839363024632e-02 4.204358598388320545e-02 1.235393097895014503e-01 1.438350279905188100e-01 7.629383419775204178e-02 7.648552443596955130e-02 3.225498549991983460e-02 1.093488602986168561e-02 4.123406363998458057e-02 1.015283519733127943e-01 5.692618819486402332e-02 9.486499756824619267e-02 4.567188108869726926e-02 7.678075687490532042e-02 9.328854336540269576e-02 2.239932777517367885e-02 5.062927970049545257e-02 3.279760682554533346e-02 4.851803777549265617e-02 -3.146678798673415572e-02 9.221551667215202933e-03 4.457264759923822497e-03 -9.635956424662518033e-03 1.726420516809292968e-02 3.374800469918464666e-03 2.899448877326749399e-02 1.711474742841345709e-02 3.468254007034683728e-02 3.442043392291693066e-02 1.880571972445499451e-02 3.423601193338546289e-02 -2.279150014764306717e-02 2.575576164558101080e-03 6.664909990293300945e-02 4.513633602166530062e-02 2.609595457553782333e-02 6.098500053986745384e-02 1.269364050215973649e-02 4.579636309322175636e-02 3.549197943817562068e-02 6.176457508146786582e-03 5.113904565379125827e-02 3.738866129398660948e-02 4.488812290906885744e-02 6.230954853435331092e-02 4.910562826704047840e-02 3.351215898079147604e-02 4.431184307897963887e-02 5.888140193518727472e-02 1.423281956941853388e-02 2.164643948041513125e-02 2.352548602875414660e-02 7.004654004031975190e-02 4.855728209035630599e-02 2.048270531988346729e-02 1.383621275741485530e-02 8.756228232696002672e-03 1.780767052948719134e-02 1.615827405756340568e-02 3.226685699090301590e-02 1.951400498678156764e-02 1.943800153915200418e-02 3.448299478654786449e-02 3.625709233278675420e-02 8.312306258547405916e-03 3.060498992750221997e-02 1.559831093811230203e-02 3.744656927580252911e-03 1.403717725368991247e-02 1.560086870531176943e-02 -2.076374510094028403e-02 -5.424538189956321955e-03 -2.504727073433805906e-03 -2.128828380416121491e-03 4.150951479609856984e-03 1.539777931786215359e-02 -2.861176872257693155e-02 1.152284417588779648e-02 -2.003301654790045835e-02 5.252935822811640246e-03 -1.893076451510058988e-02 -2.132213823830735391e-03 -3.531349408483756835e-03 -7.153028979151100121e-03 2.254660957977766035e-03 7.296784295577919514e-03 1.830900582271021565e-02 2.328172098605107293e-02 2.797587721484849285e-02 8.769167957065858443e-03 4.669092880195611396e-03 1.480862223872576530e-02 1.542561791533630239e-02 6.001495531167393843e-03 3.318548095509200879e-02 2.343730944984653841e-02
1.681565327550212374e-01 1.000000000000000000e+00 5.469748710492664673e-02 6.451299890802826564e-02 9.363969950292150290e-02 1.078082975764357437e-01 1.319471425336821713e-01 1.514057590308273693e-01 2.204631399702895733e-01 2.176120811033397662e-01 1.372708685770687997e-01 1.063877465415911522e-01 1.588688893416442260e-01 1.281841338917405759e-01 1.559603593108447595e-01 1.728147965924633767e-01 2.271053188558659341e-01 2.549630882283703825e-01 2.259876713685629313e-01 1.153655746382199199e-01 1.352841136937109334e-01 1.670707057699914178e-01 2.465156531094832015e-01 2.422025497758296120e-01 2.080463000595661471e-01 2.304541502877372749e-01 1.704661119871747066e-01 1.449843526176527175e-01 1.741747164424556071e-01 2.171077253692381137e-01 1.979206214927437812e-01 2.569999231361837499e-01 2.002624837568103278e-01 2.365504796825434741e-01 2.275660727723126386e-01 1.868281979410797433e-01 1.811951639093622723e-01 2.212574749857127987e-01 2.127106469036567360e-01 1.581226914328965338e-01 1.557866716431367815e-01 1.810764511107010866e-01 1.740402186987050348e-01 1.782793168452311838e-01 1.654956046635905065e-01 1.912877999554485065e-01 1.735566075684781551e-01 1.806755907533466043e-01 1.908231126109337650e-01 1.834990167113492998e-01 2.076820893679706681e-01 1.134794188248542668e-01 1.470406781356425885e-01 2.204519010906138832e-01 2.282166148239082315e-01 2.173171755321377518e-01 2.191164508259491883e-01 1.791289690203414775e-01 2.163510883835995935e-01 1.832422808221417510e-01 1.758085371814537001e-01 2.145937777872006236e-01 2.074699182770720352e-01 2.062752596987520171e-01 1.856680162606567930e-01 2.013102610174385410e-01 1.816435058053240126e-01 1.942280640547713322e-01 2.188847850599978384e-01 1.584794688527796924e-01 1.658381163254654400e-01 1.817403012296524289e-01 2.088455300641707535e-01 1.923980955630933964e-01 1.842014825153458213e-01 1.702652890586660028e-01 1.619317447469330873e-01 1.707229196250264480e-01 1.779772440512065457e-01 1.805012196854280382e-01 1.725984530143198636e-01 1.798244020194151027e-01 1.912336652209780663e-01 1.914244385501495394e-01 1.794169593060412071e-01 1.923337520028812475e-01 1.722661990186160619e-01 1.781625099271157975e-01 1.745729221926382024e-01 1.952695412178049872e-01 1.506438583523405927e-01 1.616449184179276077e-01 1.582090252080201043e-01 1.639487079424112870e-01 1.629383572166639149e-01 1.741978845715655977e-01 1.519995729340627433e-01 1.679919450859463648e-01 1.538684917535564911e-01 1.685567537788343617e-01 1.563543590611909673e-01 1.635531028697964628e-01 1.487057448465365916e-01 1.561579180020157553e-01 1.611682956072041095e-01 1.871866493313912860e-01 1.803739133753992641e-01 1.890415061720938095e-01 2.014896672037529701e-01 1.699867845438895742e-01 1.757107374724339866e-01 1.722806718125717562e-01 1.824074894007172987e-01 1.714397036875666414e-01 1.787902144166259311e-01 1.777943608713282719e-01
5.926258306900559353e-02 5.469748710492664673e-02 1.000000000000000000e+00 3.318475480320878801e-01 2.340308010628070479e-01 2.612582583365944955e-01 3.362462876879790952e-01 3.057639909679828460e-01 3.615842774245947022e-01 3.131158847057081140e-01 3.540224329971219941e-01 3.697913098057704628e-01 3.260963777443977585e-01 3.211485317215427293e-01 3.758722990929775354e-01 3.692515243951992598e-01 3.520532117377852543e-01 3.152353906727559107e-01 3.439936908829185347e-01 2.796361427731948179e-01 3.774470694698398576e-01 3.823350996744955266e-01 3.335590382555727040e-01 3.205805749438617180e-01 3.507215339838101742e-01 3.671273669072042667e-01 3.736639908091173301e-01 3.752906420979824631e-01 3.376828186076984983e-01 3.711363196452915347e-01 3.771169434510500684e-01 3.577295363317227750e-01 3.507061453891627822e-01 3.498869151228217178e-01 3.510802181522905130e-01 3.526698085731276300e-01 3.952842613138778383e-01 3.526903007969456327e-01 3.647028801347180771e-01 3.693568626430382418e-01 3.801412599296665196e-01 3.720614498003052550e-01 3.663238924323693468e-01 3.762973315336133884e-01 3.882319534031700714e-01 3.666129785217077663e-01 3.636216901113737965e-01 3.688699208819461450e-01 3.560363502814993808e-01 3.443605653313862036e-01 3.453379705792231080e-01 3.696192907820478046e-01 3.678896640288780717e-01 3.598147279767823226e-01 3.528911316419302557e-01 3.600584697132144241e-01 3.469041126155791299e-01 3.591581555605721787e-01 3.482254458285742871e-01 3.655581284940960796e-01 3.625306698292338758e-01 3.522088845322557948e-01 3.427809887516249931e-01 3.513606472117670743e-01 3.674841039113878050e-01 3.668144133148773522e-01 3.689804476893814855e-01 3.727634143929558497e-01 3.687527291294463438e-01 3.781498578095944252e-01 4.010176111814348077e-01 3.855143861504403691e-01 3.701884227134734640e-01 3.804406978265731376e-01 3.760067699731627910e-01 3.801330885314251895e-01 3.783615235839135615e-01 3.697686199436207022e-01 3.711945138378583420e-01 3.660849237626603858e-01 3.706366076648166530e-01 3.646639688835935367e-01 3.827277309977684672e-01 3.723694745327770228e-01 3.684378168919884011e-01 3.734088545020138317e-01 3.781558522803576405e-01 3.693457081304433176e-01 3.712516809755542768e-01 3.732133699572120489e-01 3.819754110195558439e-01 3.746010535841891587e-01 3.852629733075136897e-01 3.767383447901577753e-01 3.653753671187462415e-01 3.668020439365129448e-01 3.577539900900527647e-01 3.591264807628514744e-01 3.624730775244203174e-01 3.660555149990945001e-01 3.715281554626522209e-01 3.552198577454070971e-01 3.752892221281841079e-01 3.715736720606290788e-01 3.793505176191305783e-01 3.613094830751272246e-01 3.634502833050082815e-01 3.664917161258162692e-01 3.664325035220087901e-01 3.664901270871182559e-01 3.670456528216608505e-01 3.697936653423328224e-01 3.616149203299783288e-01 3.681049125422715673e-01 3.725083170855204018e-01 3.731681496943984877e-01
-6.708887144599813557e-02 6.451299890802826564e-02 3.318475480320878801e-01 1.000000000000000000e+00 4.228707926863249367e-01 3.771525022177047437e-01 5.980874948148628967e-01 6.162728445684204637e-01 4.523997635756459301e-01 3.918681352902326220e-01 5.384674993866138681e-01 6.316449086470563579e-01 4.916119058017782706e-01 4.892720664343099268e-01 5.705767703634896382e-01 5.815100317330565982e-01 4.296186706165388558e-01 3.559268594890376280e-01 4.157080477292030007e-01 6.399805782035500323e-01 6.300111102796397411e-01 5.682709310700052585e-01 3.888720270103079302e-01 3.246927731712635490e-01 4.430359948111307067e-01 5.381386537657633085e-01 5.509463639337537355e-01 5.065164645332103088e-01 4.631572904573096894e-01 4.547418968316531140e-01 5.171592801113877869e-01 4.529631257938923627e-01 4.499117365757530074e-01 4.422109226020632944e-01 4.259611607188951710e-01 5.170137090331962115e-01 5.157132327382835113e-01 4.826600609398243313e-01 4.856523702708209211e-01 5.702019229016016544e-01 5.440592131821031519e-01 5.566304103902650624e-01 5.751533181972957598e-01 5.587952935652452657e-01 5.801609617588663337e-01 4.933231148616359918e-01 4.950696679638382780e-01 4.960949297032155592e-01 5.120913449405722906e-01 5.126509095173186203e-01 5.053903919961166835e-01 6.147843361858823519e-01 5.527308240053017130e-01 4.757708391864088893e-01 4.911341963978889114e-01 5.092914104402992415e-01 4.829169731092740059e-01 5.288392041342522276e-01 4.819320552558757909e-01 5.191162539406186660e-01 5.493754338871972287e-01 4.847499241305462947e-01 4.850970570553190253e-01 5.002806919293841803e-01 4.947757098088134131e-01 5.086265258525288768e-01 4.953115535922701373e-01 4.791665407179900860e-01 4.694366624288441314e-01 6.053960873462120862e-01 5.682775945483486968e-01 5.187781776862174787e-01 4.585695478204356856e-01 4.912636429012112727e-01 5.352121081362853916e-01 5.348957231847416560e-01 5.219579457720366911e-01 5.071873097449368650e-01 5.095524904135730893e-01 4.881265981072406279e-01 4.949784303301894006e-01 5.023108426125205694e-01 5.087063890987538750e-01 4.784697477489529005e-01 5.108742610903556081e-01 4.965654197758143651e-01 5.172352816656814456e-01 5.175983656689533419e-01 5.051477943114414115e-01 5.149579839026333650e-01 5.486500041062999378e-01 5.353566409039846041e-01 5.487372224717006475e-01 5.368807079002247962e-01 5.040655034152504710e-01 5.058684119307087501e-01 5.554575187562171834e-01 5.329407473524753192e-01 5.480705702410938462e-01 5.236487216791971822e-01 5.673658984591050114e-01 5.208314538559628559e-01 5.545724365082208562e-01 5.474140576589614504e-01 5.572751534243732818e-01 5.291112365511615456e-01 5.165517689660806822e-01 5.049678208608029406e-01 4.995881667319094777e-01 5.246533439902083540e-01 5.190755074165757099e-01 5.171248653455948752e-01 5.078112822060925069e-01 5.306812298254954818e-01 5.099364680024194296e-01 5.216800119385089918e-01
4.052265797017984283e-02 9.363969950292150290e-02 2.340308010628070479e-01 4.228707926863249367e-01 1.000000000000000000e+00 3.167352679818606354e-01 4.957092511465076012e-01 5.136090092583712741e-01 4.480824516010665781e-01 3.986549803549004900e-01 4.477691765527956336e-01 5.041329395403880698e-01 4.730800604552691802e-01 4.296750530515188182e-01 4.905222214376359080e-01 4.961688170465903269e-01 4.191821504331507686e-01 3.520578451128361097e-01 3.634867804467054042e-01 4.945083973631833052e-01 4.598729762919796515e-01 4.239469460719805238e-01 3.615464967344503289e-01 3.178950938851700103e-01 3.604792283748958770e-01 4.675894517044378862e-01 4.495592541454976332e-01 4.166105013430139725e-01 3.802948703845543399e-01 4.145342881635016852e-01 4.521828461322835446e-01 4.335072677954274756e-01 3.839239996687953127e-01 3.939441285207321841e-01 4.002992541906254531e-01 4.254036647139257665e-01 4.461469162827273460e-01 4.269488772625278927e-01 4.362587348165783419e-01 4.741828812235048818e-01 4.738560421935236189e-01 4.794410180209195960e-01 4.845573368079102994e-01 4.866114294092911408e-01 4.853801994410241183e-01 4.491224522089535265e-01 4.627016192007251671e-01 4.672395483890243728e-01 4.678824475852499942e-01 4.458224929523498803e-01 4.570431615080707832e-01 4.933202692657310262e-01 4.830885969069960706e-01 4.533123062956692650e-01 4.465188282476422188e-01 4.564505936153074872e-01 4.404881581512583577e-01 4.791003346718864520e-01 4.536094947483090833e-01 4.812650995040374524e-01 4.854592946657120822e-01 4.566483569450137669e-01 4.410682696144294646e-01 4.559247808849006822e-01 4.710541396285576332e-01 4.633064479785280465e-01 4.645316687789931009e-01 4.469813032339192693e-01 4.490670987500739453e-01 5.276135081751989198e-01 4.811361392431645623e-01 4.577597792247442565e-01 4.374115487774220545e-01 4.475301668498909979e-01 4.845787930796328080e-01 4.766970771080240588e-01 4.648076428554591688e-01 4.472912635866738151e-01 4.626303636731672886e-01 4.565309927814983348e-01 4.580512951695485668e-01 4.623118086915332103e-01 4.597695691852103916e-01 4.402266995590498055e-01 4.521880143281886144e-01 4.511847674450852885e-01 4.617943051642597330e-01 4.633752375280955071e-01 4.592547844537193669e-01 4.631023956773143158e-01 4.775376455707632806e-01 4.821179002099305611e-01 4.826947722676360186e-01 4.729614639255175224e-01 4.639318345943472810e-01 4.697454787753268524e-01 4.742328964935683122e-01 4.601382442990124000e-01 4.785875878742689715e-01 4.709518925298013525e-01 4.937939077096641372e-01 4.573399798035037156e-01 4.854811284332688492e-01 4.839967284305496387e-01 4.826797038829208075e-01 4.684231185076310200e-01 4.705318515539180790e-01 4.701374155367695207e-01 4.647294567212746919e-01 4.800051410490718817e-01 4.709598097390903515e-01 4.768072181862034187e-01 4.679961948773513902e-01 4.742837615343498125e-01 4.676286890037092414e-01 4.717465694093549988e-01
1.109259535497974375e-02 1.078082975764357437e-01 2.612582583365944955e-01 3.771525022177047437e-01 3.167352679818606354e-01 1.000000000000000000e+00 5.060056882791512667e-01 4.983729481961375885e-01 5.530356220424378355e-01 5.019895979732110769e-01 5.710733344835698944e-01 5.802405760040860727e-01 5.418652347148169568e-01 5.557409981305121427e-01 6.007522526439160737e-01 5.934807370413985872e-01 5.401348536969815539e-01 4.646023375052260596e-01 4.974561556562973608e-01 3.895397265199402881e-01 4.914702304231732266e-01 5.255077281319959770e-01 5.129659195266054184e-01 4.526888453452648231e-01 4.850867802045465971e-01 5.866975081239060863e-01 5.922757397627356202e-01 5.837127171286434768e-01 5.387941097471582452e-01 5.513223713003764237e-01 5.868528281214916431e-01 5.779374840393228796e-01 5.369097895386382158e-01 5.559774145797182765e-01 5.425481089200439033e-01 5.636001073960561492e-01 5.820649466843557107e-01 5.941927777876734318e-01 6.003232624011531904e-01 5.957231161236218320e-01 6.174736589215321647e-01 6.136821398710297082e-01 5.984387749372233056e-01 6.191332895796357594e-01 6.146830368905549236e-01 6.068816125974981768e-01 6.157847085530478992e-01 6.132204451102476472e-01 6.132716471277582793e-01 5.943414350352512754e-01 5.994900164674282772e-01 5.890244060564732154e-01 6.059043234986781767e-01 5.994120529988538060e-01 5.909359726981001648e-01 6.150440660885825306e-01 5.909968706103795322e-01 6.147562185950498082e-01 5.944504155335289530e-01 6.127971861245353757e-01 6.175091789827804600e-01 6.026833928069593727e-01 5.919092928270524023e-01 5.994785938036945039e-01 6.020421097666021071e-01 6.101059783823916671e-01 6.104151680841471972e-01 6.008066346151422765e-01 6.024411291709860228e-01 6.035385647137486709e-01 6.147802759812387441e-01 6.137832681587989114e-01 5.861514261650363489e-01 5.928927081605656069e-01 6.207675765398068535e-01 6.222221787173085605e-01 6.218000282783578969e-01 6.135974565801435299e-01 6.152625794293752337e-01 6.105015338442784101e-01 6.133451261337765636e-01 6.142192523651179847e-01 6.166413435780572216e-01 6.076776629206255276e-01 6.153964649976437773e-01 6.096950409632044821e-01 6.178965279994586002e-01 6.253529683217896595e-01 6.159269987113962230e-01 6.176584469026950019e-01 6.224670801780184393e-01 6.245402414768607136e-01 6.237204425651060591e-01 6.238404874685443691e-01 6.179463765450646795e-01 6.168235294429890159e-01 6.138943270898343796e-01 6.101224799999130921e-01 6.205639758926554395e-01 6.200200385310467022e-01 6.238834254527610979e-01 6.129594270966570724e-01 6.193537696299978856e-01 6.240656799074725258e-01 6.213345391842225451e-01 6.142648633845381179e-01 6.168190792681824686e-01 6.146538229071073500e-01 6.130264545957656575e-01 6.197766352592767314e-01 6.197395016673646895e-01 6.167378759369754881e-01 6.136919829237196256e-01 6.184294749998956453e-01 6.112581495342842564e-01 6.151318043766985655e-01
-2.124820814010572410e-03 1.319471425336821713e-01 3.362462876879790952e-01 5.980874948148628967e-01 4.957092511465076012e-01 5.060056882791512667e-01 1.000000000000000000e+00 7.455824688287622237e-01 6.640625839501804739e-01 6.141906951911189072e-01 7.097447947115486100e-01 7.524810992836667989e-01 6.976422807904936185e-01 6.925027520300259809e-01 8.232420141038803152e-01 7.800343659993045353e-01 6.493230839857825343e-01 5.745826411149541624e-01 6.252334059899298246e-01 6.086603673854388274e-01 6.853402525420945191e-01 6.936077846818591297e-01 6.488507218138549471e-01 5.475631670300221687e-01 6.321631731949860500e-01 7.577759293774741778e-01 7.603081580351486179e-01 7.692154111887091750e-01 7.093509523325793875e-01 7.102103351844499812e-01 7.705942555204978728e-01 7.152410568012269598e-01 7.182337838308756606e-01 6.972348057769039986e-01 7.031257462014609549e-01 7.265699834288852355e-01 7.727327334169569184e-01 7.448224309183187897e-01 7.543400062319464139e-01 7.924808026301947139e-01 7.733500926873605463e-01 7.972222318193200596e-01 7.899628130842687446e-01 7.951319699787049444e-01 7.992731719049021022e-01 7.673122219132164634e-01 7.386634942380676527e-01 7.329137007883183008e-01 7.345668359743170450e-01 7.221456619111651376e-01 7.426268657701280418e-01 7.450017660245589202e-01 7.503128053052169344e-01 7.175062782879331191e-01 7.156221520801002711e-01 7.560762060352942404e-01 7.075052995206719819e-01 7.470604286545963202e-01 7.188511575869859227e-01 7.465702468426217431e-01 7.621479952844054662e-01 7.249994385721729717e-01 7.103567082754020934e-01 7.272137515224958992e-01 7.310463643416826862e-01 7.322711109894399772e-01 7.397278909592666096e-01 7.243837065120161123e-01 7.320770118184799502e-01 7.823363454589880028e-01 7.719575496005151027e-01 7.519435560899188076e-01 7.111664048227147594e-01 7.301367581069547752e-01 7.707060600876310952e-01 7.729677635497965715e-01 7.761254750355790488e-01 7.616423204715624395e-01 7.627845556565225893e-01 7.354138329530689466e-01 7.510562128465679832e-01 7.545188923826743332e-01 7.658752406300887161e-01 7.452337209940868012e-01 7.466754568038229678e-01 7.438756405534748817e-01 7.686433604255697993e-01 7.642120758510019263e-01 7.574502631226903704e-01 7.631058974608033729e-01 7.900833990963365139e-01 7.708299945594146996e-01 7.789389406989276621e-01 7.785955499357127829e-01 7.431778320972877161e-01 7.431600191215085305e-01 7.446316644942030383e-01 7.303002712347013148e-01 7.527100872750218663e-01 7.488306820020668164e-01 7.814446906294583162e-01 7.327770961455825072e-01 7.572648843603635438e-01 7.642106132322119549e-01 7.624000151734185993e-01 7.382708172026840598e-01 7.429666192917728784e-01 7.462307803071462908e-01 7.425443996838236860e-01 7.518058090189229103e-01 7.493361052582342419e-01 7.445189548509359989e-01 7.394096309380498999e-01 7.485991785645644825e-01 7.459093636787204051e-01 7.430348524643275443e-01
-1.050467928256320141e-02 1.514057590308273693e-01 3.057639909679828460e-01 6.162728445684204637e-01 5.136090092583712741e-01 4.983729481961375885e-01 7.455824688287622237e-01 1.000000000000000000e+00 6.712971768189043287e-01 5.996816889777331072e-01 7.278981505941692909e-01 7.710519858563703588e-01 7.030551345163067456e-01 6.746653725214654118e-01 7.873239498085352617e-01 8.139766499387265375e-01 6.556088307390612879e-01 5.836685623621030716e-01 6.086066849205958862e-01 6.389200789716260598e-01 7.107568106761266158e-01 6.879640262414880025e-01 6.265993762398187616e-01 5.396476002859729171e-01 6.016375231614033980e-01 7.433102801455702124e-01 7.363407555360086398e-01 6.819112616517729597e-01 6.401125190207046511e-01 6.869629443217170062e-01 7.474374224617436058e-01 7.250470900003407326e-01 6.709367471884405409e-01 6.937450969176994775e-01 6.751585725629384305e-01 7.214013418923905796e-01 7.184667482591978738e-01 7.466967334788143784e-01 7.381545608771468148e-01 7.571889685528295777e-01 7.672976520242892340e-01 7.800040361292152058e-01 7.706910425183465252e-01 7.882979487921744077e-01 7.816697153429554845e-01 7.394948102394856004e-01 7.536980154587525904e-01 7.480200914435420900e-01 7.728567341224675813e-01 7.682609816516015044e-01 7.707855668080453304e-01 7.751246536638691786e-01 7.772390646787475932e-01 7.392601948232062625e-01 7.549562187508986888e-01 7.613032646741251241e-01 7.574175663034398154e-01 7.770229480805277422e-01 7.561562447906774453e-01 7.645976344023313054e-01 7.920095486510302374e-01 7.542580121281735606e-01 7.647990648681369796e-01 7.690503483005854957e-01 7.470950329391944367e-01 7.613804697234940466e-01 7.564734338567045135e-01 7.358261620154148419e-01 7.400232593357098931e-01 7.983392739581804953e-01 7.766632391844920935e-01 7.562481281053747839e-01 7.174984556343951825e-01 7.280343973715127648e-01 7.753126801135428181e-01 7.713029395138738531e-01 7.531666596169109829e-01 7.429363122396424046e-01 7.532648711322358359e-01 7.442497819755712340e-01 7.504580196656445157e-01 7.617882489844822747e-01 7.620446640088955892e-01 7.429745348111118641e-01 7.685009827814704986e-01 7.566139524937676164e-01 7.594459154793772315e-01 7.733897312750384057e-01 7.625719042526982738e-01 7.636948591502878969e-01 7.727524096631461781e-01 7.749193925963487883e-01 7.783372266086237001e-01 7.721792418173899497e-01 7.573840307029474639e-01 7.614749170530185074e-01 7.900064615509025945e-01 7.811303119232458902e-01 7.890906932849417466e-01 7.778816959267613740e-01 7.927248382295725149e-01 7.786209563916011156e-01 7.804709797208495559e-01 7.861813097316051602e-01 7.827017403639611182e-01 7.801568877225399934e-01 7.751807394454477418e-01 7.620065289622678373e-01 7.645719220824129803e-01 7.754768267182184927e-01 7.775329017470217208e-01 7.651249991627092628e-01 7.692300263892676293e-01 7.784292640702057398e-01 7.599192774101029002e-01 7.689236376385029104e-01
1.329825131665490490e-01 2.204631399702895733e-01 3.615842774245947022e-01 4.523997635756459301e-01 4.480824516010665781e-01 5.530356220424378355e-01 6.640625839501804739e-01 6.712971768189043287e-01 1.000000000000000000e+00 7.561263755492868555e-01 7.771910279784763897e-01 7.976499551923340592e-01 7.704464170744058649e-01 7.613066696652366350e-01 8.326534273704385702e-01 8.226238223317855480e-01 8.069413116791283036e-01 7.161572310460990742e-01 7.250341328666425333e-01 5.404118361728285080e-01 6.525749165860048606e-01 7.066474157894843122e-01 7.435436011230935893e-01 6.900501882017411326e-01 6.900443855432257800e-01 8.235153947493351057e-01 8.158340266343407921e-01 7.730295965679184755e-01 7.241535562000577242e-01 7.991171628934725657e-01 8.456808988752959610e-01 8.333076773996367370e-01 7.316188832421069987e-01 7.798608022808496409e-01 7.739634431924001801e-01 7.552592402140014816e-01 8.130244506454701314e-01 8.202329650292227159e-01 8.338169667579828914e-01 7.799890465469292433e-01 8.588141323805057459e-01 8.409599627292826396e-01 7.999077143905067855e-01 8.643705546090427738e-01 8.390432831925810353e-01 8.505708655067080182e-01 8.702401986319691085e-01 8.798257620731299022e-01 8.666019698773108626e-01 8.129608106282386615e-01 8.424027480108188248e-01 7.857100094031195248e-01 8.537572613325944415e-01 8.744317460084167770e-01 8.551783763112793535e-01 8.559401652056201071e-01 8.519822097391330784e-01 8.626176839850236977e-01 8.634157772749897486e-01 8.758197024338199022e-01 8.620890231506117551e-01 8.703778086456881447e-01 8.551788800706546789e-01 8.605606613870587784e-01 8.788577825464931603e-01 8.752576038866195507e-01 8.760865675271481967e-01 8.678689669170051024e-01 8.701748353427045668e-01 8.467123266263348880e-01 8.539716138899308140e-01 8.643545475939110601e-01 8.546753324477139868e-01 8.526715094330172828e-01 8.748320586600825122e-01 8.720961577203648618e-01 8.598512899678837362e-01 8.497328208048021692e-01 8.649412681944081971e-01 8.705455538444148988e-01 8.700964237543347135e-01 8.738375730047307499e-01 8.637028507351464102e-01 8.575973064086910291e-01 8.474966591172498065e-01 8.588170954568656867e-01 8.601942077267676900e-01 8.612940689434041008e-01 8.651242258316609313e-01 8.635068253138326044e-01 8.405806180285294582e-01 8.650995683455695584e-01 8.666521613126921819e-01 8.656883889708615332e-01 8.684031808979334466e-01 8.735641618333445102e-01 8.270808220847520875e-01 8.460514484125262191e-01 8.510941635661235516e-01 8.617134793454017672e-01 8.506114937774467144e-01 8.505260290760336961e-01 8.600354926258244603e-01 8.619162567820708443e-01 8.575737990590065474e-01 8.514187596163544924e-01 8.713919247042539729e-01 8.756159602356179406e-01 8.703095510308486160e-01 8.711383528890156436e-01 8.634679983052181429e-01 8.735809799963328848e-01 8.670414918732290976e-01 8.618097603341449142e-01 8.766776931776383286e-01 8.715999083474703646e-01
1.106415454641351964e-01 2.176120811033397662e-01 3.131158847057081140e-01 3.918681352902326220e-01 3.986549803549004900e-01 5.019895979732110769e-01 6.141906951911189072e-01 5.996816889777331072e-01 7.561263755492868555e-01 1.000000000000000000e+00 7.017304169790999913e-01 7.147336347394460665e-01 6.963756825198150757e-01 7.001240461072556487e-01 7.621547890875400855e-01 7.525518719667311229e-01 7.197336172288572032e-01 6.406185591803083001e-01 6.604634516977411218e-01 4.760671783170536964e-01 5.571778700443146271e-01 6.343250907255786331e-01 6.750612046371351482e-01 6.305865413281739329e-01 6.262605261776292842e-01 7.448841399167087651e-01 7.438944147794229744e-01 7.079165875117675588e-01 6.722307829234462906e-01 7.381789741381518111e-01 7.705172403670530468e-01 7.632653862619992458e-01 6.673873313056877254e-01 7.094786819627093566e-01 7.116704848180183118e-01 6.766556893611211931e-01 7.447291425619906313e-01 7.494563777578047148e-01 7.677209517396458294e-01 7.055220359764753368e-01 7.807632157008217444e-01 7.621688441579173023e-01 7.206468523601023968e-01 7.851843299212658556e-01 7.498844476064207010e-01 7.856844950024465257e-01 7.981518416334412169e-01 8.090389668850341831e-01 7.936435851045772205e-01 7.212135803511130483e-01 7.627843201853586885e-01 6.847238396795698456e-01 7.676680595191630596e-01 8.140947456096464530e-01 7.926102855310022122e-01 7.846104257528203618e-01 7.814509088845507101e-01 7.901117405684726647e-01 8.027063296945448068e-01 8.044518203184601868e-01 7.858715609895244869e-01 8.080515783043084044e-01 7.814097168676602534e-01 7.891425374119783731e-01 7.979862853182375648e-01 8.060859823921601164e-01 7.999844893729990414e-01 7.951516308752983875e-01 7.986725029163972422e-01 7.691454820156041761e-01 7.727451246329118950e-01 7.920223328642862493e-01 7.850543108014944593e-01 7.776534965794762444e-01 7.962090727295598747e-01 7.982519149321144480e-01 7.887100801936347549e-01 7.817564744019511735e-01 7.942918864543219160e-01 7.973178276130404862e-01 7.959226590515305899e-01 8.003325888876602345e-01 7.884616429348005884e-01 7.876135776397504840e-01 7.627951617829902276e-01 7.822476817481084366e-01 7.832971190174145004e-01 7.851847930936314279e-01 7.926921828582329521e-01 7.949133769621702372e-01 7.642075256944035333e-01 7.892301629678859509e-01 7.891913814112619940e-01 7.904594612612066973e-01 7.955143221335969628e-01 8.030750485852763410e-01 7.438586027115421384e-01 7.612493072579806785e-01 7.726867358667240948e-01 7.776597417287911540e-01 7.694631177276360923e-01 7.718797799324331743e-01 7.772285487351849875e-01 7.814439495864360374e-01 7.720801188503385593e-01 7.809962176385618626e-01 7.982966476253018362e-01 8.073379081483097464e-01 8.033748408432410670e-01 7.971316453337794483e-01 7.929297913166855061e-01 8.018396231577130662e-01 7.975399317242928277e-01 7.829835197990407947e-01 8.012792360981557671e-01 7.994825072032923918e-01
4.557691245299937480e-03 1.372708685770687997e-01 3.540224329971219941e-01 5.384674993866138681e-01 4.477691765527956336e-01 5.710733344835698944e-01 7.097447947115486100e-01 7.278981505941692909e-01 7.771910279784763897e-01 7.017304169790999913e-01 1.000000000000000000e+00 8.431501212557910296e-01 7.580981964852503419e-01 7.817765795930130546e-01 8.510743847519723904e-01 8.434721895211370057e-01 7.522281624901255848e-01 6.790978669717988581e-01 7.015334502457172272e-01 5.779769664862971501e-01 6.897065659228197587e-01 7.415922723857079069e-01 7.107406673266739583e-01 6.418439765043085776e-01 6.870940243715981666e-01 8.078268392293337374e-01 8.256228152102047524e-01 7.817960923975688647e-01 7.342741706096667098e-01 7.760261041996681097e-01 8.336708322599111209e-01 8.093347131894332858e-01 7.422195029408844569e-01 7.826961885002371444e-01 7.618582239157122293e-01 7.921390995509082211e-01 8.157674818496016833e-01 8.239178442538437341e-01 8.364480686172789392e-01 8.181337526796177428e-01 8.742854753503027654e-01 8.581936229123494630e-01 8.345164788863580485e-01 8.772840437704307881e-01 8.636476118255481671e-01 8.491517566762104563e-01 8.709454115214823045e-01 8.675658673532844478e-01 8.648455437462945206e-01 8.293338888766316197e-01 8.488321114381954802e-01 8.260208812223506225e-01 8.644687826490398130e-01 8.514154369609044926e-01 8.453299344185729591e-01 8.543930279882188117e-01 8.409430101587376249e-01 8.721410858161463553e-01 8.533588124847182321e-01 8.729771385168203501e-01 8.776515374332104491e-01 8.580242967706237511e-01 8.534334512361169134e-01 8.584452193250016183e-01 8.562379918137418278e-01 8.657121497746006478e-01 8.713390655397027507e-01 8.602115202702627084e-01 8.530825411803927283e-01 8.650290711343431305e-01 8.731351365899311379e-01 8.712731173772741977e-01 8.404810917079053034e-01 8.451423285519852335e-01 8.763361788495702687e-01 8.791638271843017494e-01 8.719898659163217713e-01 8.610448602748873581e-01 8.704057963974186629e-01 8.647854896008465575e-01 8.700146238256145637e-01 8.765891271056619471e-01 8.677917895434690276e-01 8.574027183204921965e-01 8.604009676450832256e-01 8.652667010283665583e-01 8.719951236347771584e-01 8.724850672242946414e-01 8.732479739472591707e-01 8.687640341609469408e-01 8.661397842756596299e-01 8.799029333987851142e-01 8.824104207681300327e-01 8.818232136898500606e-01 8.764463764710995752e-01 8.768344597785577843e-01 8.590941614147206140e-01 8.580731144223194828e-01 8.749599718002391002e-01 8.713632215369691014e-01 8.774259671771240665e-01 8.674322949274676509e-01 8.789527628039403018e-01 8.817939520499092909e-01 8.769450288144622352e-01 8.656522031608488987e-01 8.736902929399640305e-01 8.742308875381743505e-01 8.694232437991751272e-01 8.786386900040362713e-01 8.754455473312146019e-01 8.760198529400545775e-01 8.723644122519014221e-01 8.734996714802821804e-01 8.738713599966397849e-01 8.741983353908999721e-01
-2.701796171611862973e-02 1.063877465415911522e-01 3.697913098057704628e-01 6.316449086470563579e-01 5.041329395403880698e-01 5.802405760040860727e-01 7.524810992836667989e-01 7.710519858563703588e-01 7.976499551923340592e-01 7.147336347394460665e-01 8.431501212557910296e-01 1.000000000000000000e+00 8.006814669100339454e-01 8.160331676415295554e-01 8.897735748626768304e-01 8.822194554741792372e-01 7.597385030421790475e-01 6.234815080411919563e-01 6.634005417844942576e-01 6.840611754672212275e-01 7.232676639158215348e-01 7.377836828584699580e-01 6.650460900524201024e-01 5.836729467489485401e-01 6.449573786335758285e-01 8.071171873109852513e-01 8.353788466608027541e-01 7.878808613238589276e-01 7.067677378775345520e-01 7.578649500329015520e-01 8.341340262036229802e-01 7.933001930653957867e-01 7.178384740378023210e-01 7.527992057208309218e-01 7.419883693971056626e-01 7.886688342703648269e-01 8.178108193268842641e-01 8.227333594887646928e-01 8.301305277185206943e-01 8.485443016534770511e-01 9.051179662441620755e-01 8.847894611166344792e-01 8.581710458600362301e-01 9.041116453692260579e-01 8.829856615627028615e-01 8.569655348477768220e-01 9.019168584491986662e-01 9.008080218097664904e-01 8.921021918874229018e-01 8.458095141429811115e-01 8.653067620016096084e-01 8.849690007166611805e-01 9.123797531817303685e-01 8.609253910300203039e-01 8.548330516825587422e-01 8.609624294836958347e-01 8.495499911028269180e-01 9.082814641003915668e-01 8.748459371810560770e-01 9.057845805705526665e-01 9.114274596143745466e-01 8.727521367699297983e-01 8.698748801396892771e-01 8.740684211596477793e-01 8.817889528691416068e-01 8.806590282037494166e-01 8.984453827801681669e-01 8.635455012040844647e-01 8.548389032242248442e-01 9.241982270642927766e-01 8.942732725427066098e-01 8.825391119712288068e-01 8.360562214332457609e-01 8.465366229219285499e-01 9.007797905194058208e-01 9.076295450504568985e-01 8.929566756856147647e-01 8.675162332810387733e-01 8.870848585408215303e-01 8.848590883122186002e-01 8.919425861361801600e-01 8.982460944435823880e-01 8.780074441949529129e-01 8.633512460937824429e-01 8.738603439209069457e-01 8.735790238850693612e-01 8.917857707213389107e-01 8.929485079160569549e-01 8.933985915234359254e-01 8.806907370335151919e-01 8.952068514444748715e-01 9.129209938477403918e-01 9.125741455004301450e-01 9.077318626137366175e-01 9.057997900714702677e-01 9.059650020610274801e-01 8.944255776330739538e-01 8.844391157960745931e-01 9.132256593650162069e-01 9.008462725417635264e-01 9.141998412854912548e-01 8.965170420133655727e-01 9.179284703453297611e-01 9.164284096443378047e-01 9.099817841947448471e-01 8.885093619704118595e-01 9.035411623741111953e-01 8.995614690222283327e-01 8.855481836669605311e-01 9.114466002867418482e-01 9.038315300730980217e-01 9.088999219703375321e-01 8.978863510232483192e-01 9.039973669286555102e-01 8.986184404432688844e-01 9.007909913432022853e-01
3.124741414273817658e-02 1.588688893416442260e-01 3.260963777443977585e-01 4.916119058017782706e-01 4.730800604552691802e-01 5.418652347148169568e-01 6.976422807904936185e-01 7.030551345163067456e-01 7.704464170744058649e-01 6.963756825198150757e-01 7.580981964852503419e-01 8.006814669100339454e-01 1.000000000000000000e+00 7.590597225122702740e-01 8.343501842379132949e-01 8.317369165898307326e-01 7.481260411910188868e-01 6.547555242523739327e-01 6.649211933632873661e-01 5.753255172889802926e-01 6.455838593791818347e-01 6.834138352121127413e-01 6.944645416307686503e-01 6.203742489806803873e-01 6.455599927524705572e-01 7.804135620172253374e-01 7.813599869996639136e-01 7.413215370307351115e-01 6.787489257746753823e-01 7.491964809602235098e-01 8.080787757362954959e-01 7.936689038256228290e-01 7.086761538879682298e-01 7.450089123054480789e-01 7.368216947272729911e-01 7.423423004144591442e-01 7.861873904881989672e-01 7.880081562897871539e-01 8.053836090261428104e-01 7.846621459694457235e-01 8.426915244134036698e-01 8.303868535026549536e-01 7.967122349919931734e-01 8.467261213239091200e-01 8.287937338486519590e-01 8.244688754081447302e-01 8.500907392254920536e-01 8.521062367829097539e-01 8.395244167116543421e-01 7.878556677518262497e-01 8.157688948931610673e-01 7.837637960160720452e-01 8.420780292161682556e-01 8.359094943411730094e-01 8.224063924948697979e-01 8.361893697301533424e-01 8.130906465036604747e-01 8.512818983911483173e-01 8.328199296832177190e-01 8.586848669672874079e-01 8.497282068236367003e-01 8.404642376021221883e-01 8.245307106039020395e-01 8.328064457600984349e-01 8.441274110466759906e-01 8.426145155865577552e-01 8.537631349483532084e-01 8.356688028620484765e-01 8.369253723287787272e-01 8.455888426758505494e-01 8.335130417684123438e-01 8.390310128236520004e-01 8.175637754678313218e-01 8.162633112441294303e-01 8.548112825039810847e-01 8.540580911524756624e-01 8.428969863077093727e-01 8.200440893206564219e-01 8.452143249681693948e-01 8.439551206876237943e-01 8.494492829554134428e-01 8.531222472274400115e-01 8.437272722933673030e-01 8.308745256858466322e-01 8.320066251255853196e-01 8.397388252813058340e-01 8.451547271086509161e-01 8.505427788638508790e-01 8.495866083292301640e-01 8.463243120609013070e-01 8.394096558719289503e-01 8.582053061927028548e-01 8.558686484282153062e-01 8.543151859556568084e-01 8.558620505907091891e-01 8.570439536657076252e-01 8.308694949720522027e-01 8.306423745995119567e-01 8.499499281196070122e-01 8.488197272733449816e-01 8.495994110694122803e-01 8.425563285554162896e-01 8.538638770721371785e-01 8.552992249774935551e-01 8.491531297440297887e-01 8.410319341076784028e-01 8.542070205293823548e-01 8.574153249319687031e-01 8.507531092146842777e-01 8.578202686649726294e-01 8.537899160225759232e-01 8.587963654400023739e-01 8.535952898557913615e-01 8.509934611017840878e-01 8.556261628569841182e-01 8.554660536242697511e-01
