1.000000000000000000e+00 8.348771760167676692e-02 1.223230095904549869e-01 8.154558757406510372e-02 4.845446453636285261e-02 -6.670899224773715582e-04 7.740985865841154556e-02 6.253727660914333575e-02 1.304240478023513394e-01 2.728775331147053132e-02 6.030341504291317906e-02 4.634004847200801080e-02 5.656344110582920554e-02 1.072724933145034407e-02 3.314245844775208505e-02 5.528151953744583208e-02 1.091158419713458561e-01 1.124224514757749399e-01 8.417103726749573800e-02 8.699787901047854877e-02 1.339781303108238120e-01 1.105522137040749892e-01 8.314225915831829905e-02 9.694087127089974498e-02 8.621429869923878664e-02 6.315657818971802395e-02 3.608890555686818796e-02 7.425809229821636777e-03 6.695510301216792137e-02 6.086295594537161069e-02 3.774793090684194080e-02 6.624797434594355272e-02 5.367016833553392430e-02 3.648743715535900101e-02 4.096816409659623931e-02 4.350144972468884125e-02 2.253379081437861808e-02 1.708827056481928425e-02 1.283060524646911608e-02 -2.127965405030051056e-04 2.287739897337386433e-02 3.900128449209186877e-03 3.261580460672922066e-02 3.185747981820561542e-02 2.184719324306933982e-02 -5.194232702201993616e-03 1.977247273130418315e-02 2.258030194073814070e-02 5.214061763866772309e-02 6.180813222148701103e-02 3.837827392735125576e-02 1.020603013482324767e-01 6.339769567221571755e-02 6.629317605961208837e-02 1.484389498947898990e-02 1.393164528808245317e-02 1.085515757633646189e-01 2.975668333012570360e-02 2.915497860530422841e-02 9.051476631305140075e-02 4.344657485646898770e-02 6.925101551538011269e-02 4.523462583222246508e-02 6.755059992511770750e-02 7.689337201231574714e-02 8.961614137569204330e-02 2.560920542966752672e-02 2.430627510743962189e-02 3.523852024294726187e-02 3.845708171275483839e-02 3.615331290854427448e-02 3.233644575018804895e-02 3.105425223122952605e-02 3.715042327211701134e-02 2.675972192495103610e-02 2.099802950350658504e-02 1.456983880351450482e-02 2.444043347136170413e-02 1.268899698698342307e-02 1.815644893024876555e-02 2.435018203677261420e-02 1.738020314939572528e-02 3.862451556192231239e-02 2.249442017812109187e-02 1.580395355604529914e-02 2.212985032700752128e-02 5.713726961780810944e-03 -2.476463848641558430e-03 3.169847999587605773e-03 1.240965636780291814e-02 6.235734888905218251e-03 1.717292840117966117e-03 1.008328265924083623e-02 -3.398218573009414382e-03 7.403031779626808445e-03 1.448093513734570806e-02 2.971274880355450482e-02 4.503160209609562842e-02 1.657425932170875429e-02 1.355011004109857829e-02 1.557817497153853384e-02 1.348662664326757965e-02 3.094850142710398738e-02 9.962218873765096849e-03 3.213009654558528216e-02 4.525279916031413330e-02 2.721982286080733629e-02 4.688015935276212617e-03 1.304980362173784741e-03 2.418953371514588266e-02 2.730475655358870473e-03 3.550280016528459259e-02 2.775790546305488549e-02 2.959745551015072543e-02 4.459370186745383741e-02 4.927902551679630427e-02
8.348771760167676692e-02 1.000000000000000000e+00 1.303159898107356385e-01 1.559908350578086134e-01 9.000366660148516329e-02 1.187217580880920720e-01 1.883662164132743344e-01 1.786579972144395623e-01 1.748865772873084978e-01 1.894316000620014373e-01 1.669416818939048197e-01 1.719794910430000046e-01 1.573531439856818148e-01 1.293405128816521032e-01 1.899812009581844929e-01 1.843059703406418892e-01 1.761799708290316679e-01 1.972819301161030381e-01 2.144689010628774428e-01 1.563515389331866234e-01 1.973148454798133722e-01 2.040360525243450074e-01 1.946861864634278627e-01 2.072452562103285212e-01 2.018376695907822538e-01 1.911527732555582670e-01 1.860344139235044769e-01 1.833090252982182700e-01 1.978164414620723621e-01 2.020679905150424838e-01 1.854334545356158548e-01 2.025835027224987817e-01 1.841568647396158442e-01 2.048536395436020840e-01 1.913010437361769289e-01 1.921234819760574142e-01 1.856961726148791125e-01 1.798965950765066268e-01 1.823045522414024344e-01 1.837602663070025399e-01 1.724795579708346682e-01 1.767790324557811654e-01 1.893741588459882386e-01 1.721193110859507158e-01 1.831243140066828035e-01 1.792447973152670460e-01 1.722879961464210408e-01 1.714602084778022451e-01 1.667032973629726245e-01 1.600587586511675875e-01 1.772959485173639937e-01 1.632427321870071335e-01 1.777958852738717732e-01 1.774557602238422405e-01 1.736442660892565659e-01 1.869335447000025074e-01 1.752113924702888570e-01 1.682595579622894466e-01 1.774434564613651122e-01 1.806193162432195021e-01 1.710283162412059577e-01 1.801647796575181482e-01 1.732606662858585389e-01 1.642462894013744512e-01 1.655272268044727102e-01 1.760140651145484791e-01 1.698261061121951465e-01 1.789717072693063626e-01 1.866194402205949843e-01 1.748584606938276553e-01 1.818070742372322190e-01 1.812828829009056342e-01 1.906102474472734787e-01 1.795990087202861685e-01 1.763062864362437143e-01 1.802980156512615784e-01 1.797728459813943969e-01 1.806092968127787080e-01 1.871805626107493348e-01 1.754524551045618941e-01 1.781115912291585668e-01 1.735219627597013037e-01 1.846075455386876896e-01 1.815616908721575939e-01 1.709599560687323216e-01 1.869895335453102270e-01 1.758923502398571093e-01 1.699006975979141243e-01 1.717127217141465600e-01 1.832579488735750495e-01 1.818864055278309189e-01 1.716189345750359918e-01 1.742898610264190795e-01 1.690712311823708291e-01 1.655082634490457061e-01 1.697136636531749176e-01 1.674854511401306645e-01 1.555770834954798010e-01 1.632595032485476549e-01 1.660549973124358925e-01 1.766287254105835536e-01 1.632379587950776312e-01 1.663891118131698432e-01 1.639593221538055146e-01 1.659943742469716377e-01 1.677487809634770066e-01 1.637093499792047491e-01 1.673699628451314203e-01 1.705945315204427937e-01 1.680050136880116285e-01 1.731536821772218515e-01 1.689314851730527034e-01 1.706003924220592660e-01 1.620475662544222650e-01 1.616360234187566303e-01 1.675355631992207217e-01
1.223230095904549869e-01 1.303159898107356385e-01 1.000000000000000000e+00 3.429550255832244932e-01 2.234938267437012183e-01 2.446066767314278023e-01 4.050351628848810059e-01 3.636675406359676233e-01 3.610912754693051396e-01 3.570283576823577443e-01 3.840216156827507832e-01 3.985070336036232730e-01 3.781839918548827728e-01 3.479904268569051773e-01 4.102263541455314910e-01 4.141801580940999150e-01 3.807242714092983205e-01 4.080597844887157155e-01 4.135370568606623332e-01 3.265884990301356483e-01 4.160301313025718262e-01 4.332036714871557170e-01 4.148368081723241008e-01 4.046267398931032711e-01 4.218871628142621399e-01 4.197857724349404740e-01 4.148138447277088248e-01 4.027941012345619964e-01 3.749275860180638076e-01 4.238517948229894583e-01 4.167274818345477194e-01 4.388283950543797607e-01 4.083836413394592024e-01 4.141644543445485160e-01 4.174596811515269290e-01 3.847019624562207918e-01 4.117769463003898567e-01 4.154565528761274829e-01 4.120389214534166400e-01 4.070411388525989049e-01 4.084573705848522640e-01 4.072015284846876026e-01 4.020306087473276002e-01 4.078402369745178779e-01 4.011134600385573568e-01 4.034526026067017934e-01 3.975055514258165612e-01 3.941533988238846153e-01 3.954771857568783466e-01 3.982697370638690337e-01 4.084873915976638958e-01 3.897611887718178680e-01 3.955798613490892346e-01 3.978382150351549296e-01 4.001830984910018651e-01 4.161439270249605582e-01 3.882318252076418785e-01 3.944712889665239475e-01 4.015825451226537335e-01 3.922269721821705635e-01 3.969562256206612960e-01 3.966695665709219498e-01 3.957110425380128138e-01 3.877763593545291987e-01 3.849633123832453263e-01 3.960150561105134082e-01 3.967921095853191860e-01 4.077741173805043973e-01 4.162018993681605439e-01 4.012155919888940603e-01 4.197898398182857704e-01 4.099634063351778046e-01 4.126437515170017223e-01 4.157770525878358714e-01 4.077583947991070823e-01 4.049177092407574841e-01 3.995382657618774536e-01 3.930382443885808708e-01 4.059913551841761725e-01 4.025612419962441013e-01 4.142003692197636089e-01 4.137881794908064848e-01 4.110019480777832301e-01 4.078230108459730552e-01 4.019402769747915105e-01 4.107631192375578721e-01 4.047121480216954170e-01 4.012187849489241009e-01 3.995995103816024074e-01 4.109734870351705593e-01 4.098930520368152530e-01 3.971950737638069717e-01 4.010430110402825044e-01 3.989383322104764762e-01 3.920016731035819157e-01 3.933583979256324858e-01 4.058450535809193793e-01 3.876075807986381072e-01 3.932423778846417250e-01 4.014696756403124955e-01 4.058043823094998892e-01 3.956993271435756965e-01 3.948260044699810067e-01 3.923418629921832657e-01 3.933462767823688311e-01 3.910165295520638407e-01 3.944253730228818311e-01 3.921080904203561035e-01 3.983378994388063199e-01 3.931876163693898696e-01 3.957724608014532297e-01 3.917486496860506096e-01 3.935089484415028038e-01 3.903514146830825426e-01 3.893160896539033522e-01 3.885180358201484885e-01
8.154558757406510372e-02 1.559908350578086134e-01 3.429550255832244932e-01 1.000000000000000000e+00 3.628924303165216858e-01 3.921517521893889135e-01 5.772954116230273325e-01 5.854997615706754033e-01 5.842593094838187673e-01 5.295526275844815167e-01 5.903085045515155116e-01 6.506790261301856892e-01 5.761729252067663287e-01 5.497738360274214697e-01 6.240658623713618569e-01 6.540345857429894494e-01 5.688306907021661862e-01 6.150882553854200019e-01 6.234378825185961093e-01 5.521053492928099660e-01 6.649055008700667235e-01 6.547893872906223045e-01 5.799963473402346414e-01 5.985168167487887603e-01 6.339207239233592972e-01 6.209249216625866152e-01 6.067889635118706160e-01 5.818954951641628348e-01 5.773919912656821918e-01 6.154016709668065355e-01 6.288955265394077232e-01 6.455596651594935897e-01 5.945639758584951862e-01 6.339836695537965916e-01 6.164141437647105981e-01 6.124244186130030076e-01 6.313219395460857308e-01 6.291179409568357084e-01 6.339739485560423882e-01 5.963611772283289314e-01 6.338079625358663538e-01 6.187365343688649988e-01 6.309339180638465772e-01 6.330389957071310691e-01 6.281131487664206592e-01 6.296338652248252288e-01 6.271692239244233136e-01 6.303499810818357085e-01 6.301982658576347207e-01 6.138461812404902851e-01 6.330423510164067125e-01 6.235495646214409549e-01 6.332449134347737374e-01 6.410950743355710024e-01 6.286774924926126218e-01 6.385020026710351848e-01 6.347602203748993199e-01 6.306162360787083143e-01 6.342972447810226733e-01 6.329862944228186183e-01 6.417666561254177227e-01 6.382954531745466120e-01 6.410013094593997041e-01 6.321517112966174023e-01 6.231989674079665420e-01 6.470881453320067589e-01 6.296733028274316135e-01 6.344850745354824184e-01 6.497745619437101938e-01 6.517953000254739226e-01 6.508095085964853421e-01 6.385482393932024880e-01 6.379413810732154078e-01 6.357206068244211083e-01 6.316319063603241801e-01 6.350975899607368413e-01 6.199008332217297301e-01 6.226343847259875330e-01 6.342000942915283490e-01 6.337358198885966187e-01 6.447947820024858556e-01 6.393389348899841673e-01 6.381845170905817710e-01 6.360668292529069179e-01 6.346081635599780668e-01 6.446774887852476654e-01 6.355594627916936190e-01 6.266221948182058021e-01 6.301488859750505878e-01 6.339720125002720197e-01 6.259915343700408474e-01 6.234830537369253634e-01 6.303479592845134816e-01 6.268612158484924146e-01 6.264172845833666514e-01 6.260342610105747996e-01 6.312122251636446135e-01 6.303315355530711983e-01 6.336904073611137056e-01 6.271705110224077284e-01 6.378298693577180156e-01 6.337006110918025348e-01 6.310274437193135189e-01 6.250414259429840635e-01 6.402912683286824391e-01 6.353868893001031193e-01 6.321124173817702641e-01 6.261010211565385397e-01 6.284048633018280983e-01 6.253532451228979161e-01 6.275701534443407503e-01 6.287518595155814349e-01 6.315127425784056170e-01 6.325948478049269186e-01 6.244463765830039481e-01 6.366901632353217932e-01
4.845446453636285261e-02 9.000366660148516329e-02 2.234938267437012183e-01 3.628924303165216858e-01 1.000000000000000000e+00 3.022241460158306414e-01 4.426700548730350682e-01 4.725544479547423293e-01 4.828507321916208350e-01 4.097704506673440217e-01 4.518243804106166217e-01 4.976886312033688142e-01 4.764812761272746444e-01 4.508122440382130725e-01 4.893807810203073538e-01 5.146212015370789095e-01 4.571571139594379218e-01 4.536509476679008723e-01 4.667444300898821452e-01 3.766315638953320888e-01 4.576119717129040754e-01 4.965600072370897067e-01 4.666041371468772070e-01 4.655486185738162974e-01 4.893547251441275892e-01 4.977138251764394172e-01 4.804478886825454542e-01 4.555747482762483314e-01 4.524220290725943228e-01 5.043837373876756125e-01 5.052083395708925062e-01 4.886731297245350825e-01 4.500887643126750826e-01 4.769343328162513607e-01 4.945959566993676781e-01 4.554373849516574757e-01 4.856626564766505783e-01 4.762375806237496567e-01 4.956745379422667908e-01 4.549134737145964502e-01 4.968728256546993127e-01 4.866836546394267549e-01 4.929661499211345221e-01 5.042533328293697936e-01 4.992965967403336647e-01 4.875871973786845004e-01 4.955034683433005016e-01 4.993613834704666576e-01 4.916218207855396205e-01 4.748790897520709930e-01 4.921449119655325055e-01 5.041638257946631230e-01 5.081188892207930685e-01 5.012007798578255180e-01 4.834100631710470108e-01 4.982704264220723656e-01 4.858162804389522527e-01 5.026307271701390134e-01 4.899068970700033998e-01 5.140045347421449140e-01 4.984408172910609891e-01 4.960756952836997691e-01 4.902022335336963521e-01 5.048374949129443845e-01 5.023347572787719706e-01 5.083325334485583324e-01 5.017975485059468221e-01 5.061381691103069569e-01 5.121750470313214398e-01 5.114734785030943254e-01 5.109494142539444672e-01 5.073196264395308797e-01 5.050473425292459906e-01 5.078497264245582787e-01 5.094382607152814213e-01 5.011760261346219769e-01 4.923688311480624025e-01 4.966852210148928748e-01 5.018581921900401310e-01 5.070658766776150461e-01 5.042771915843556885e-01 5.030052034404212113e-01 5.009203406488519361e-01 5.004492783206908602e-01 4.943548317146885251e-01 5.050210654424869272e-01 4.987562885999956008e-01 4.997000223410921205e-01 4.968211005472152886e-01 5.015155532218789070e-01 4.909006082720405728e-01 5.014591014671205826e-01 5.041897273844221372e-01 4.989162198207206522e-01 4.998832257257416201e-01 5.009527732112875054e-01 5.000141982090396953e-01 4.954630970187591243e-01 5.013149486752898065e-01 5.005261963859198859e-01 5.076125968235629671e-01 5.019230542456238897e-01 5.057175434060580121e-01 5.070008723827196251e-01 5.124342765318364856e-01 5.026010844097748009e-01 4.984719703172029170e-01 5.009980958621756963e-01 5.016525180915143434e-01 5.041239017996419491e-01 4.967816763684932968e-01 5.088990400681220327e-01 5.032242759513285701e-01 5.063858274071105781e-01 5.059759136274964986e-01 5.087574568580862655e-01
-6.670899224773715582e-04 1.187217580880920720e-01 2.446066767314278023e-01 3.921517521893889135e-01 3.022241460158306414e-01 1.000000000000000000e+00 5.354684751024715306e-01 5.058607445962108873e-01 5.358365059950346287e-01 5.195860272912837807e-01 5.475409432859050796e-01 5.773621803405117880e-01 5.302510019546686770e-01 5.377886200786529125e-01 5.927717157321308328e-01 5.746958728156271734e-01 5.269828596138531607e-01 5.083257431034934326e-01 5.446065413587689585e-01 4.055865567881166145e-01 4.921069694067533029e-01 5.602494847130287114e-01 5.178883581181507045e-01 5.196517990836863055e-01 5.549534054886333667e-01 5.834133031362480626e-01 5.840102924469549039e-01 5.683153511285577997e-01 5.514314289135968661e-01 5.868492630730426374e-01 6.001615202621836120e-01 5.818683380099454183e-01 5.664739905191124025e-01 5.634963620990192101e-01 5.870591623185714703e-01 5.413094632812216478e-01 5.858781991672379341e-01 5.929502024143612493e-01 6.002006179848269340e-01 5.739088989013222397e-01 6.016027636742635742e-01 6.041760435490509673e-01 5.751605547027583976e-01 6.010544409101857832e-01 5.972884823815348687e-01 6.038872010716415106e-01 6.024873701490937039e-01 6.030127095960913230e-01 5.856621749950344791e-01 5.588680586358742985e-01 5.896547675425853896e-01 5.519857450962750711e-01 5.888654031016460344e-01 5.892482017250446624e-01 5.848053417171675816e-01 6.027219391304928786e-01 5.547131025881681943e-01 6.063755021703307602e-01 5.945686868172900263e-01 5.839352479693993292e-01 5.902077640176346396e-01 5.842274451008612202e-01 5.825013083425873983e-01 5.831436756196100024e-01 5.805841987008822924e-01 5.784574162999118752e-01 6.017537759747958459e-01 6.069365033292194456e-01 6.052514137770049762e-01 5.939881119957485245e-01 6.061694726701020164e-01 6.058144621806457186e-01 5.945967623076195974e-01 6.003779628605507845e-01 6.065464733151876286e-01 6.083494730669295469e-01 6.069513372421184716e-01 6.008121552469827265e-01 6.063627973341619848e-01 6.074474530658746652e-01 6.095885352559198278e-01 6.089608483940229799e-01 6.059511690132837192e-01 6.128650329033904498e-01 5.981240396351096278e-01 6.048884448817857251e-01 6.054753260523465519e-01 6.118784077004950639e-01 6.132189765759403777e-01 6.116053859275142335e-01 6.115891135216225960e-01 6.107114101013850771e-01 6.097622400727434888e-01 6.114062971677872715e-01 6.082888960185531824e-01 6.089606349079069725e-01 5.997906782108392010e-01 5.834637872992848306e-01 6.030618409948422798e-01 6.052190996945747692e-01 6.095098406970368421e-01 6.047168064392706155e-01 6.017879630575502237e-01 6.099501952582775388e-01 6.009721716340130637e-01 5.942092710721825766e-01 6.014425643881774475e-01 6.087878071766301691e-01 6.102807873404044736e-01 6.071507908649679264e-01 6.084467909990137757e-01 6.031138926654093790e-01 6.038010025768032474e-01 6.012593004372129846e-01 5.993978412825293756e-01 5.948114665450109362e-01
7.740985865841154556e-02 1.883662164132743344e-01 4.050351628848810059e-01 5.772954116230273325e-01 4.426700548730350682e-01 5.354684751024715306e-01 1.000000000000000000e+00 7.179012174267348501e-01 7.388438234115654035e-01 7.095678425654413646e-01 7.731565202384127478e-01 8.103727451264497450e-01 7.389357813986672241e-01 7.271536872982888866e-01 8.543846831549879450e-01 8.164829169524193686e-01 7.491440437089424975e-01 7.637526687634845768e-01 7.994064063230049699e-01 6.158992198420363273e-01 7.601364737340121636e-01 8.176548024240574142e-01 7.470739843982382444e-01 7.458275463787542581e-01 7.979226774508170195e-01 8.261434469531050429e-01 8.157023611390381568e-01 8.049161414795051872e-01 7.914961205236222819e-01 8.265377376049780622e-01 8.418871999368201520e-01 8.347903522968568302e-01 7.838999318400542426e-01 8.129099152054991562e-01 8.123865195368321634e-01 7.864776461045218658e-01 8.193067122544046565e-01 8.324804541524150059e-01 8.440530347663861566e-01 8.012175658176569071e-01 8.273068154526043161e-01 8.312181036781333132e-01 8.163727314282892555e-01 8.374395065653655879e-01 8.324339879596708291e-01 8.458144714800064357e-01 8.247408153292165034e-01 8.241338164357332463e-01 8.142153364588525788e-01 7.995379309351340336e-01 8.262166347622250662e-01 7.830715501287183189e-01 8.120593903505897160e-01 8.196416390182437173e-01 8.161721623479128995e-01 8.356433013968289636e-01 7.901641594507505806e-01 8.245688512204712994e-01 8.242432659045848542e-01 8.149281812659024959e-01 8.254844054650513074e-01 8.174705756235084442e-01 8.147825984913592556e-01 8.111697322424288314e-01 8.090097457357122712e-01 8.113433706136178314e-01 8.261052769123945483e-01 8.333442893357034809e-01 8.358382729453189830e-01 8.257156243544691021e-01 8.437607568284261061e-01 8.384243572947337464e-01 8.248007694256420663e-01 8.309108861416997227e-01 8.378617809695150243e-01 8.409233222359883131e-01 8.403014697578139458e-01 8.347059913756359473e-01 8.448386038038214751e-01 8.344248045864621766e-01 8.431025361175210620e-01 8.382666644104790343e-01 8.395165227254256513e-01 8.419559609936145828e-01 8.315363095548353733e-01 8.371225331417858628e-01 8.348391420903695792e-01 8.384873084634751894e-01 8.366655231191856279e-01 8.385005680488419877e-01 8.406953279196864859e-01 8.360486861035834050e-01 8.384316111867313737e-01 8.399904838548466479e-01 8.263912145489074046e-01 8.266759519158641822e-01 8.316128919662100216e-01 8.119184199319975370e-01 8.283451657891969244e-01 8.321669472842158077e-01 8.412168410900455751e-01 8.298584368391974664e-01 8.258857178140385225e-01 8.307497021650143143e-01 8.312075209309195412e-01 8.150744195236275802e-01 8.234768136950045836e-01 8.257289876398861139e-01 8.307866177289654486e-01 8.253360367707421874e-01 8.286995468218006922e-01 8.240427858009532480e-01 8.243417974954417859e-01 8.249989733969833594e-01 8.174773858091975987e-01 8.190398220652651551e-01
6.253727660914333575e-02 1.786579972144395623e-01 3.636675406359676233e-01 5.854997615706754033e-01 4.725544479547423293e-01 5.058607445962108873e-01 7.179012174267348501e-01 1.000000000000000000e+00 7.168031325868889914e-01 6.668965424682331555e-01 7.253433210597897141e-01 7.873588569793675829e-01 7.225848622822181877e-01 6.883811368097558780e-01 7.799040100993142044e-01 8.142763511224538897e-01 6.991265256588375943e-01 6.979645264983279640e-01 7.441687658286417761e-01 6.100594432090947761e-01 7.449856553512140822e-01 7.799680869562145569e-01 6.825554188836062686e-01 7.089228096698422243e-01 7.594524730291599690e-01 7.643194327604596605e-01 7.449069665466679924e-01 7.075740946708884982e-01 7.227318860999646377e-01 7.628228411725820335e-01 7.825757022561201648e-01 7.787442818171927961e-01 7.150807599171712381e-01 7.536449559715141522e-01 7.598291954964835337e-01 7.278107436118333995e-01 7.472208716646085991e-01 7.845813763512042849e-01 7.852019660163080950e-01 7.206714706621313304e-01 7.795710585658907066e-01 7.675501298513597304e-01 7.649520302455764531e-01 7.887018971712556059e-01 7.709104162611878364e-01 7.857082773220882554e-01 7.915377455640167925e-01 7.879406173869206720e-01 7.890078415798278400e-01 7.716965460283738976e-01 7.969539405336529825e-01 7.600583700469188964e-01 7.810821504682138317e-01 7.887113992071502766e-01 7.864766061930305030e-01 7.820006634687713953e-01 7.778315067556953455e-01 7.916176709166996561e-01 7.943430495027592464e-01 7.880053712171292135e-01 7.961736383461441857e-01 7.954114764915487523e-01 7.930991780719881534e-01 7.929387316281027998e-01 7.797322869295459924e-01 7.917189287292561994e-01 7.856359676024303740e-01 7.924793446783435780e-01 7.944829530240972160e-01 8.027137007041329486e-01 8.035687706935115138e-01 7.963508229497543445e-01 7.816743337104610223e-01 7.915925125829825770e-01 7.879821001541488235e-01 7.874001832494654796e-01 7.814189983016277541e-01 7.836242813462017676e-01 7.886813149291639347e-01 7.934043512325391623e-01 7.941715133023873330e-01 7.893171258480011776e-01 7.886480212711706184e-01 7.909482372161649177e-01 7.894008573893005476e-01 7.953985751104877266e-01 7.830835456746607637e-01 7.945635694064202559e-01 7.890972099502781001e-01 7.883699368680714414e-01 7.748932724923019988e-01 7.862210928994851633e-01 7.888284712363851092e-01 7.898983256194823666e-01 7.887170931743444635e-01 7.884568544462504658e-01 7.932484248577855723e-01 7.875714113834334507e-01 7.972579488863609232e-01 7.934098668999689519e-01 7.967749882261717653e-01 7.996635419484977580e-01 7.916654528199160712e-01 7.947987174403547961e-01 7.955784796356837330e-01 7.934671446964590702e-01 7.906828178310159050e-01 7.879938883976538300e-01 7.927258880864238577e-01 7.922008623627300183e-01 7.942357733314813206e-01 7.911002056324106801e-01 7.974673095330706563e-01 7.957684200015284759e-01 7.833789061519904617e-01 7.916859740467688811e-01
1.304240478023513394e-01 1.748865772873084978e-01 3.610912754693051396e-01 5.842593094838187673e-01 4.828507321916208350e-01 5.358365059950346287e-01 7.388438234115654035e-01 7.168031325868889914e-01 1.000000000000000000e+00 7.459140387029795649e-01 7.899986341665775624e-01 8.393102668907260755e-01 7.732600487679152090e-01 7.553177999301809997e-01 8.472741901732321335e-01 8.394250906606210982e-01 7.880885301161272283e-01 7.238734484550952697e-01 7.783933606837631913e-01 6.069700698519193693e-01 7.502042452513609794e-01 8.205551278280954763e-01 7.124794807758599857e-01 7.245789477457140748e-01 7.961943554660263489e-01 8.302688875965278381e-01 8.151165110047449147e-01 7.796629274911583973e-01 7.738385538262916308e-01 8.359801903121522049e-01 8.610597863608923097e-01 8.404621922451561700e-01 7.868774164039236130e-01 8.015970576964486227e-01 8.218883571223409845e-01 7.987914719757609472e-01 8.289622638211833205e-01 8.368529965697334427e-01 8.511153604102210668e-01 7.832144365005808684e-01 8.577952077430026634e-01 8.326298420251223575e-01 8.247557827066605007e-01 8.622182924280554772e-01 8.543502597060758097e-01 8.434694718044282169e-01 8.713021362365420686e-01 8.753105325477452681e-01 8.674915306164067141e-01 8.350272305504287118e-01 8.619157272158415317e-01 8.359143227035528145e-01 8.684388278416810270e-01 8.726133539619105317e-01 8.389435835393775909e-01 8.455877587612974366e-01 8.513901143335462773e-01 8.623795840945528424e-01 8.593625365050301390e-01 8.834247740626609557e-01 8.682274169551953413e-01 8.686750374476447378e-01 8.572316299456781419e-01 8.712741537086784449e-01 8.734343746431266764e-01 8.766802098546898625e-01 8.742382932634217285e-01 8.665248735061827912e-01 8.681654515167942510e-01 8.587686134548387917e-01 8.666547983519606868e-01 8.730456088185925001e-01 8.469774179312006268e-01 8.575735441869086761e-01 8.699814918379469297e-01 8.695759438097185878e-01 8.554265043920651346e-01 8.564551040550832939e-01 8.584600749260488106e-01 8.712245930962037033e-01 8.721497843373541281e-01 8.714431128103143909e-01 8.716823195793683698e-01 8.658102494969405205e-01 8.563566717330697298e-01 8.614754496478628232e-01 8.622985917650223264e-01 8.606560622401565608e-01 8.668144850817784963e-01 8.592622335697555069e-01 8.517776002070758246e-01 8.625610038606932317e-01 8.693385663598537372e-01 8.639967232859195878e-01 8.706314829811276912e-01 8.732711053749864227e-01 8.568172692254638623e-01 8.662935753057525723e-01 8.701226676412886496e-01 8.665550063695012240e-01 8.653740213378890989e-01 8.664465884039949106e-01 8.738411209021134107e-01 8.704618801442584042e-01 8.751537935453648220e-01 8.672281297967449065e-01 8.732722415416235284e-01 8.675285453929582058e-01 8.611004706520237750e-01 8.722835175938257191e-01 8.607420228183216837e-01 8.795077773069945870e-01 8.715673597739029832e-01 8.761563641306218120e-01 8.770864811404878170e-01 8.801791024262195506e-01
2.728775331147053132e-02 1.894316000620014373e-01 3.570283576823577443e-01 5.295526275844815167e-01 4.097704506673440217e-01 5.195860272912837807e-01 7.095678425654413646e-01 6.668965424682331555e-01 7.459140387029795649e-01 1.000000000000000000e+00 7.450069780125011532e-01 7.836156496139551342e-01 7.260644672264728872e-01 7.085961874134868443e-01 8.055726888387368945e-01 7.834072742793452004e-01 7.393747840834016261e-01 6.854979979948095936e-01 7.488072064739836886e-01 5.600105877753056571e-01 6.818114626838187586e-01 7.669593788195389061e-01 6.794725035055627638e-01 6.916929350876709348e-01 7.531916590960715530e-01 7.881654697485396266e-01 7.722070162217260503e-01 7.526518154650182479e-01 7.375034385768159950e-01 7.899295818374668654e-01 8.140151004880048502e-01 8.028673341714241962e-01 7.494498739362054351e-01 7.658951405471128293e-01 7.846712171293601656e-01 7.446382902751598198e-01 7.776099576720284512e-01 8.020199722835785749e-01 8.172374492966859583e-01 7.686598169411071879e-01 8.150488700456979263e-01 8.049310607386649385e-01 7.840905439698352408e-01 8.173587685614421838e-01 8.144812746887442056e-01 8.140942535934483359e-01 8.269472693615462777e-01 8.327062511311503767e-01 8.079279751218382266e-01 7.688015659300102556e-01 8.077302645846250462e-01 7.574836417404569033e-01 8.083211710198254796e-01 8.181471489377256656e-01 7.996887843911015814e-01 8.204188831779840596e-01 7.765605818133032301e-01 8.186028843566863777e-01 8.190921254875420665e-01 8.149460473535711236e-01 8.113470981942054738e-01 8.124264315458867847e-01 8.061726148685445237e-01 7.995865926737003582e-01 8.048413689939549753e-01 8.042371651520275888e-01 8.306316338777222086e-01 8.245345087469782008e-01 8.242953194519960780e-01 8.051440107337247687e-01 8.229199575436797476e-01 8.300830344308084419e-01 8.101812917383133250e-01 8.162509742214826280e-01 8.264671713536118069e-01 8.263314338877544296e-01 8.225601120536643052e-01 8.161611914782057609e-01 8.254825011203323903e-01 8.290149581825080327e-01 8.251218406678348938e-01 8.274392971030170019e-01 8.304412312478420821e-01 8.232377667726951120e-01 8.088937466537798882e-01 8.205172552988296841e-01 8.222752410197281536e-01 8.261565181861745266e-01 8.270238685143780355e-01 8.286522682148814711e-01 8.228757363438560235e-01 8.291897062675228636e-01 8.289462557263935771e-01 8.280384096835760044e-01 8.302848462198519908e-01 8.334156929545958326e-01 8.095518229872961102e-01 7.997446109238938172e-01 8.222769539836080055e-01 8.224264608142245470e-01 8.260818443062366567e-01 8.200736117027627170e-01 8.245328102910608470e-01 8.261467367256574157e-01 8.198174726836551240e-01 8.143276967149564172e-01 8.225437659589712736e-01 8.306702088799776673e-01 8.272181445627387886e-01 8.291022394708663645e-01 8.270179210603415543e-01 8.295145116980042754e-01 8.270644144682015586e-01 8.212385049725341446e-01 8.211792972316912520e-01 8.211227304228867485e-01
6.030341504291317906e-02 1.669416818939048197e-01 3.840216156827507832e-01 5.903085045515155116e-01 4.518243804106166217e-01 5.475409432859050796e-01 7.731565202384127478e-01 7.253433210597897141e-01 7.899986341665775624e-01 7.450069780125011532e-01 1.000000000000000000e+00 8.611413316977165611e-01 7.781163330161829927e-01 7.573647508513375870e-01 8.655972657879186238e-01 8.525205282684424901e-01 7.848913346785738598e-01 7.456679232124776568e-01 8.117443746125095894e-01 6.192151324161059289e-01 7.558597540000142612e-01 8.281461570219752488e-01 7.403881751580181358e-01 7.562385528330403117e-01 8.202348792402520683e-01 8.513549333765993987e-01 8.392461208707427955e-01 8.130338480585533878e-01 8.011082031317721119e-01 8.522659554203495524e-01 8.857499155322033912e-01 8.613609429476544177e-01 8.041181003330928334e-01 8.330158734925939834e-01 8.404203749698067050e-01 8.142841869866354054e-01 8.487690966215510890e-01 8.725904385853016088e-01 8.759910161992295885e-01 8.274144684338993194e-01 8.771092929304227237e-01 8.672162167209940264e-01 8.569314590437455692e-01 8.820012273137596281e-01 8.700221580814846423e-01 8.758083323591218106e-01 8.867156753792522217e-01 8.862033388033228043e-01 8.824236032368415472e-01 8.559116495339362807e-01 8.806083389754895130e-01 8.396205989876616149e-01 8.709912324003797890e-01 8.841942075859873240e-01 8.728057260441610676e-01 8.786606617628921478e-01 8.612946220589537960e-01 8.807485316196400627e-01 8.826458855074506005e-01 8.748389651493150287e-01 8.864549714020689697e-01 8.808896656251886670e-01 8.797977686637535877e-01 8.739020641553355562e-01 8.612611878167929502e-01 8.756082112984989729e-01 8.827829711029284709e-01 8.859278415122961992e-01 8.852546474007164656e-01 8.747848996937237498e-01 8.833684644539545605e-01 8.859572905786831098e-01 8.690030627738202229e-01 8.779727045773033645e-01 8.880971146319825982e-01 8.862207960647026095e-01 8.822472437594023331e-01 8.779625401197477252e-01 8.805037890301030679e-01 8.870217053824926978e-01 8.868039372924342301e-01 8.883850186327981735e-01 8.843273337763887243e-01 8.846162714517503689e-01 8.797768423435602392e-01 8.834232364356947587e-01 8.780950954855993862e-01 8.835297482740727126e-01 8.849131325871107956e-01 8.812882976465497009e-01 8.792626172312073551e-01 8.841281364240589635e-01 8.858015571011121914e-01 8.841604522261361510e-01 8.854645373573817313e-01 8.866269265726065552e-01 8.856339685337877299e-01 8.709835539331579612e-01 8.856055079556408582e-01 8.849781575973393322e-01 8.874701567570344451e-01 8.857370936484622037e-01 8.854319533430921041e-01 8.862672555121108298e-01 8.849284113320121659e-01 8.806834961211419399e-01 8.865199838399775434e-01 8.838833387910394190e-01 8.826360923974039263e-01 8.850402200188755009e-01 8.809856273735348076e-01 8.850417209586164402e-01 8.856884560800531991e-01 8.851950818600239357e-01 8.746665531140338512e-01 8.819685554802043637e-01
4.634004847200801080e-02 1.719794910430000046e-01 3.985070336036232730e-01 6.506790261301856892e-01 4.976886312033688142e-01 5.773621803405117880e-01 8.103727451264497450e-01 7.873588569793675829e-01 8.393102668907260755e-01 7.836156496139551342e-01 8.611413316977165611e-01 1.000000000000000000e+00 8.304139916377084596e-01 8.173262693793308387e-01 9.136240973012134114e-01 9.124483760898429718e-01 8.286669445682000035e-01 7.866697106095791314e-01 8.577657320812036579e-01 6.630200412948056288e-01 8.100746263748515030e-01 8.911623995942884457e-01 7.836936708999495682e-01 7.916383276715739381e-01 8.716821607815484763e-01 8.970555873183306828e-01 8.879431112321929387e-01 8.562883547527672112e-01 8.284897530874768545e-01 8.957703643589862708e-01 9.273716660977534554e-01 9.078910131354889224e-01 8.477638433242036253e-01 8.782158617529399747e-01 8.883115224745050664e-01 8.658061637891057982e-01 8.931376258762800946e-01 9.211093983742603131e-01 9.274626061184259029e-01 8.698098379338088382e-01 9.285070144672974424e-01 9.164371254549354973e-01 9.069732395924997581e-01 9.326438984668625753e-01 9.243932874076008499e-01 9.267655657436275618e-01 9.368879442767331645e-01 9.403360656965928932e-01 9.322125032091550523e-01 9.013729388370198548e-01 9.319299741553908056e-01 8.955058492233320955e-01 9.258388501310675922e-01 9.367771699567182253e-01 9.216993755088177531e-01 9.309724466732264281e-01 9.140643961852044086e-01 9.371416264189277312e-01 9.360915768634084921e-01 9.315272273973049799e-01 9.411428021928066601e-01 9.355783831799586725e-01 9.349536903167054991e-01 9.304790687904517243e-01 9.219610848702463057e-01 9.352516893238943529e-01 9.388999606491968963e-01 9.379515199795207536e-01 9.381743452076518608e-01 9.309804424620794494e-01 9.420480678533416086e-01 9.418264012275173735e-01 9.178759544230998824e-01 9.287365885914394825e-01 9.387493637768341559e-01 9.380019419976305395e-01 9.293021359544906268e-01 9.221013353800574519e-01 9.322151957234691144e-01 9.396721857951657597e-01 9.398730958000205415e-01 9.414955969378557832e-01 9.380557456436992014e-01 9.357452552569457405e-01 9.259827308040619043e-01 9.344772640912604178e-01 9.333515981483183621e-01 9.343823497302046199e-01 9.377617187172463398e-01 9.348534715568400655e-01 9.284133551939010021e-01 9.377837692742387876e-01 9.398976575630904051e-01 9.380835815204369155e-01 9.393410929440713097e-01 9.403032157535518021e-01 9.308049557483304426e-01 9.253378806864425155e-01 9.382381118460819680e-01 9.331482354657637535e-01 9.393465925483133194e-01 9.385503261332798219e-01 9.399836413524336187e-01 9.396187070461807789e-01 9.405858885982236739e-01 9.350185753409731015e-01 9.386545700302234563e-01 9.383543001224988744e-01 9.359496267104224776e-01 9.390473513207404643e-01 9.335763329895629958e-01 9.407382813572950919e-01 9.392938183264988306e-01 9.400086434164808269e-01 9.336465791860917296e-01 9.391707790859293858e-01
5.656344110582920554e-02 1.573531439856818148e-01 3.781839918548827728e-01 5.761729252067663287e-01 4.764812761272746444e-01 5.302510019546686770e-01 7.389357813986672241e-01 7.225848622822181877e-01 7.732600487679152090e-01 7.260644672264728872e-01 7.781163330161829927e-01 8.304139916377084596e-01 1.000000000000000000e+00 7.498875787216436883e-01 8.452916873325970748e-01 8.386638049679207008e-01 7.736360727799578285e-01 7.304311677202243169e-01 7.845839838974634217e-01 6.259663934314128042e-01 7.476094525633260046e-01 8.148942643761024618e-01 7.423002782598646654e-01 7.506800907128964306e-01 8.100020799992754261e-01 8.214828269570352282e-01 8.079505747334009280e-01 7.691041876584404635e-01 7.597465703895953659e-01 8.282543131130558622e-01 8.530235607929789188e-01 8.328377702348800371e-01 7.667861635211856708e-01 8.062280201116122091e-01 8.191059672333684816e-01 7.876624261502331859e-01 8.180582492350167989e-01 8.225964735292319308e-01 8.444134838438543955e-01 7.778382922864041094e-01 8.473292091091403355e-01 8.304486466253269139e-01 8.228320083075502112e-01 8.551514170302307871e-01 8.482354826741628218e-01 8.390667209187464559e-01 8.620166950371633829e-01 8.642524124612296355e-01 8.439446349915600276e-01 8.082153243636244211e-01 8.404687604955194402e-01 8.289756841173325785e-01 8.548568200146290375e-01 8.549738216214479714e-01 8.314673635069502744e-01 8.487110032367198853e-01 8.201420318320227221e-01 8.579569351413975919e-01 8.426444613410796203e-01 8.637880595878564272e-01 8.579328563230952387e-01 8.464678682963225897e-01 8.454278005667812401e-01 8.536664843417834936e-01 8.542879171425001861e-01 8.604551193739474746e-01 8.661448254856420892e-01 8.649818185626423350e-01 8.669053315417232231e-01 8.629334202129224085e-01 8.692754942416432984e-01 8.694365096624331324e-01 8.547551134163862141e-01 8.662919735423795231e-01 8.630742108088047537e-01 8.614878286089393544e-01 8.498985831760139664e-01 8.475764778895235052e-01 8.555006912192024693e-01 8.669672529804757222e-01 8.638783228881858900e-01 8.668712714033967037e-01 8.661548360521322820e-01 8.588230522098223574e-01 8.505138542244288224e-01 8.632324019761109524e-01 8.596021405394621562e-01 8.609280143491252479e-01 8.651942491429156501e-01 8.599027180618669108e-01 8.479075120950149147e-01 8.613403223263947917e-01 8.665392820094821591e-01 8.626094650037821054e-01 8.661444689707773481e-01 8.658050977784932378e-01 8.476845304840645579e-01 8.510730712461466174e-01 8.636876987619880319e-01 8.608224558541492932e-01 8.643821281662238398e-01 8.620414476928426328e-01 8.682113457954587776e-01 8.683981784574800189e-01 8.693650780776771558e-01 8.559757105223084750e-01 8.594114531030341286e-01 8.635602021295863961e-01 8.601065190416486983e-01 8.646362376532967797e-01 8.577225709068447834e-01 8.699638345134089734e-01 8.612011782639147350e-01 8.673669440602398417e-01 8.682098318179697349e-01 8.676166308397597060e-01
