1.000000000000000000e+00 1.984893387542840115e-01 1.951365577317381306e-01 -1.218883570775038117e-02 -2.252905568837256997e-02 6.022434352708112837e-02 1.643740919222757418e-02 -3.889488778605642606e-03 1.899010936556179974e-01 8.959452252239587244e-02 5.437154387487409812e-02 -9.176506960341425378e-03 -3.569213046559641805e-02 -8.713463614312233312e-04 6.730051601004077150e-03 4.485923109941686998e-03 1.706662969689216325e-01 2.220134533376246777e-01 1.818645178245411886e-01 6.076267877481760643e-02 1.641348298598207522e-01 1.851671564152517768e-01 2.140825436862631714e-01 2.245671687056691734e-01 2.124087596051377480e-01 1.455397703952989452e-01 1.328750181949023002e-01 1.366464138373227333e-01 1.646825017258158330e-01 1.495825500552721010e-01 1.310031834291517649e-01 1.133331162365954631e-01 1.140547974985345742e-01 1.539429137777210410e-01 1.187733704204066709e-01 1.016299940415764519e-01 1.273317399117760984e-01 5.029077084477356213e-02 7.769185020421755239e-02 1.428432117214029941e-02 3.431554244618976318e-02 2.293522997399004976e-02 2.126964857128287381e-02 3.503964178139959418e-02 6.206726798654273874e-02 2.554747074547390751e-02 2.027063230988511780e-02 3.047741883151152895e-02 2.538256682459125516e-02 3.730952690944854683e-02 2.876704962264470949e-02 1.944790376898675524e-02 1.209172483379198325e-02 6.014665655502356156e-02 5.380824908382819682e-02 4.432226316012222861e-02 4.624013546282560588e-02 2.351160523523384074e-02 2.559465773443897127e-02 4.477366291547869859e-02 1.442271185396723845e-02 3.085161175172332695e-02 2.858302778044046616e-02 3.046298591524572094e-02 8.657944826164357122e-02 4.690795718011406268e-02 4.804801368338665335e-02 8.885522637733508922e-02 8.604017263973121055e-02 5.434683349694741095e-02 8.252146707786633950e-02 8.243548633141058180e-02 9.869882376555122461e-02 9.528279999590613669e-02 4.802521967507331763e-02 4.494808545644224385e-02 5.604106542014892361e-02 7.942259085809304231e-02 5.205585592182385146e-02 7.654348319160408920e-02 6.728520769170022453e-02 6.027393124818321291e-02 6.008942358651116894e-02 7.544867047999283260e-02 3.918219927156656873e-02 7.061530150615229207e-02 4.509138171418939495e-02 2.498325983712598730e-02 3.485002934372834205e-02 5.158472961796826961e-02 2.152357063679195132e-02 1.412030382076209095e-02 2.820923733188590923e-02 1.811900382216967420e-02 1.632312549286753928e-02 2.057855644909473841e-02 -1.569637648085032283e-02 2.176284475326459647e-02 7.897521138394876516e-03 1.315589339517031497e-02 6.091817168340284659e-03 1.074522235811533472e-02 1.105256769099793868e-02 8.520393004424954564e-03 1.572004065269011833e-02 2.192331030090160712e-02 2.462638757539832579e-02 3.036446419827149718e-02 3.361775034623402936e-02 1.247195294033872845e-02 6.864257793233570319e-03 1.716238683784779631e-02 1.292335789708229897e-02 2.147350954634411058e-02 5.117205654279649574e-02 2.507282609764144646e-02
1.984893387542840115e-01 1.000000000000000000e+00 7.143689706741383760e-02 5.008158653296299750e-02 4.316444438422606389e-02 9.055408963623114149e-02 1.043686892605516364e-01 1.185209531857728954e-01 2.050839431164233895e-01 2.174516427702037624e-01 1.213873863965476280e-01 1.076893664847763665e-01 9.797029648521982104e-02 8.975211383412776134e-02 1.202239913398344129e-01 1.183814362973825002e-01 2.019192816580949457e-01 1.491471810731976322e-01 1.372856638420277275e-01 3.679359637703216723e-02 7.756276116158326850e-02 1.183558920185843466e-01 2.211876461629659896e-01 1.538071637208417164e-01 1.527816319529680944e-01 1.736556812843889908e-01 1.587158165405004595e-01 1.829186404681009404e-01 2.284895020567906943e-01 2.182658543715075006e-01 1.896095997259888144e-01 1.957614687542878762e-01 1.744113336001991144e-01 2.063539185899439798e-01 1.982022603818271167e-01 1.545594888611943052e-01 1.863793297028693563e-01 1.697545212054566710e-01 1.671780362859995595e-01 1.022425658911659263e-01 1.279345056614148712e-01 1.318796517554728376e-01 1.441973363913862383e-01 1.386388585566912801e-01 1.406006624307166719e-01 1.496080866710556845e-01 1.469398239732628841e-01 1.585791318030082275e-01 1.539097477310314155e-01 1.511885155899930777e-01 1.642301666649274017e-01 9.998409789423344518e-02 1.094818378086776095e-01 1.700321572334211329e-01 1.642176587034821222e-01 1.601158993656046636e-01 1.479470431466157199e-01 1.383093635687128453e-01 1.562215461417536255e-01 1.482837146769124259e-01 1.486245723349831627e-01 1.547719878081299516e-01 1.528091793121474085e-01 1.563269797745651113e-01 1.472313082330460876e-01 1.407423037221724460e-01 1.580147870666560594e-01 1.550694289805875925e-01 1.732311746880089431e-01 1.191246782719923847e-01 1.246366585147810763e-01 1.455324367199836155e-01 1.561125085102879062e-01 1.516554753664076660e-01 1.546050976554313727e-01 1.538638951965295432e-01 1.645765775170749401e-01 1.909395696159144618e-01 1.597415590922363349e-01 1.813579696792942675e-01 1.656328144796120061e-01 1.580296218157462296e-01 1.620202401953421689e-01 1.814261310013805528e-01 1.484495958097530044e-01 1.665117289297434744e-01 1.469772188939224289e-01 1.565026371751757073e-01 1.519530510542024260e-01 1.626740098146809976e-01 1.391688111164041675e-01 1.370394214998698346e-01 1.319199839018405374e-01 1.342392807031851654e-01 1.364635321499336751e-01 1.488453792201342996e-01 1.161016955789972854e-01 1.283557156401447519e-01 1.405940095664602318e-01 1.452242277750024624e-01 1.386221273103954155e-01 1.363264237790280942e-01 1.152199987132305897e-01 1.290052313054255995e-01 1.283590094915764979e-01 1.332688861077283848e-01 1.431598152059842255e-01 1.572587315919213857e-01 1.574915781405767656e-01 1.359344937578886026e-01 1.371581155430668941e-01 1.368900966744209247e-01 1.418139292243222882e-01 1.440631190352991975e-01 1.412182014617057446e-01 1.320200328863066763e-01
1.951365577317381306e-01 7.143689706741383760e-02 1.000000000000000000e+00 2.697873045255325120e-01 2.595304601212608184e-02 2.228049268918436410e-01 2.531493091401691431e-01 1.915060417905379286e-01 2.981756370126763533e-01 2.018912014025081858e-01 2.921741011630414331e-01 2.629016758536092402e-01 1.763636384244489097e-01 2.232192144163883951e-01 2.511814006981525904e-01 2.334757952250800794e-01 3.394234433628687819e-01 3.786315013765109150e-01 3.674907030668946861e-01 3.102923426282263586e-01 3.894485695104752954e-01 4.100961173428652184e-01 3.695652384294303983e-01 3.747839407591560534e-01 4.038755709839316199e-01 3.584114948354618635e-01 3.589057813464595625e-01 3.411423087868786785e-01 3.291548135879617809e-01 3.491220430967643118e-01 3.546580678950747023e-01 3.358340330090598957e-01 3.492159402823193926e-01 3.688384592834155207e-01 3.268531519501697846e-01 3.708252148047157526e-01 3.410559119224749192e-01 3.065885257435679856e-01 3.186253210632245536e-01 3.113985352858301692e-01 2.699387507280938681e-01 2.690264240164803589e-01 2.882114698630721117e-01 2.991686463150020625e-01 3.267779499768738161e-01 2.875703973528879742e-01 2.534717642935890858e-01 2.626856445708944388e-01 2.692445539793500431e-01 3.155296357465112722e-01 2.816937755141895594e-01 2.925416134903111032e-01 2.812379143806348347e-01 2.602491049195309047e-01 2.741119615136911603e-01 3.092358096632708553e-01 2.878845501206731550e-01 2.599648520172171962e-01 2.637018499785135361e-01 2.659842819697584848e-01 2.624086625407929807e-01 2.596295100948961543e-01 2.683194645643883214e-01 2.664535576799983985e-01 3.001239364710212021e-01 2.771101624893811399e-01 2.772256501514424043e-01 3.202199912195731746e-01 3.111261378379017728e-01 3.288119213965665089e-01 3.385807959085885832e-01 3.297594590985156726e-01 3.273024745507309707e-01 3.344220073260697479e-01 2.892286289242993469e-01 2.853691661072735308e-01 2.815652362787476881e-01 2.987362363697546042e-01 2.880148975074359741e-01 3.023877007719590337e-01 2.899998628239223719e-01 2.969610916423848224e-01 2.961358121622053030e-01 2.980909957630076823e-01 3.018181722383702636e-01 3.110899920026877763e-01 3.001697611051226122e-01 2.760376635433093861e-01 2.813645467784848253e-01 2.923167995895212257e-01 2.811831219112982394e-01 2.624637630417153145e-01 2.855501005981539997e-01 2.731991978569555668e-01 2.533575412438294205e-01 2.593704033038377599e-01 2.728549165137209020e-01 2.803753794863803606e-01 2.565134489210113000e-01 2.712689194125716963e-01 2.690575389343032309e-01 2.655420096534461538e-01 2.673928427020669796e-01 2.679240229563514264e-01 2.828126496633096565e-01 2.624896091274351861e-01 2.681811382963333878e-01 2.566544228139268635e-01 2.682895103994795694e-01 2.586387933584195498e-01 2.528789950790486518e-01 2.519028729947547784e-01 2.501392276071108256e-01 2.664097299597534274e-01 2.867508787725061570e-01 2.613130814897424714e-01
-1.218883570775038117e-02 5.008158653296299750e-02 2.697873045255325120e-01 1.000000000000000000e+00 2.294023973931975102e-01 3.149690641977064831e-01 4.501796205487715308e-01 4.743974814948536123e-01 3.452722954218367946e-01 3.194849205880591070e-01 4.309216458294464758e-01 5.435224444614612516e-01 4.150257348179048900e-01 3.878665909564979475e-01 4.687510191376946800e-01 4.749156842692164315e-01 4.038273269365282303e-01 2.991533414950545700e-01 3.505732750338201864e-01 4.256333814050426434e-01 3.761392993945695262e-01 4.222269251485313291e-01 3.227217537555660543e-01 3.149193975423945080e-01 3.507688517047255483e-01 4.382915650172057864e-01 4.198647435402290129e-01 4.207315298163097350e-01 3.342739536331696404e-01 3.995621610659525480e-01 4.525188614055051239e-01 4.126819026844324445e-01 4.014514637617542236e-01 4.113457049244600428e-01 3.957580702525619887e-01 4.894957778990064456e-01 4.456142001743631509e-01 4.673216245512749611e-01 4.807563717468444353e-01 5.165357544164389525e-01 4.689858389975143926e-01 4.662329020023874837e-01 4.959619511223780641e-01 4.937495134367539951e-01 5.008075748926398285e-01 4.754302697400202837e-01 4.493276287085936072e-01 4.410410063539296766e-01 4.651438689347770494e-01 4.789514947729697214e-01 4.662957213349070429e-01 4.979941087725493487e-01 4.939791733779656524e-01 4.150131441129460419e-01 4.230645727193101391e-01 4.652719697746789951e-01 4.810129806993800883e-01 4.623184839941624213e-01 4.406865992126026699e-01 4.559763616487226279e-01 4.697177579708382011e-01 4.513848550801406456e-01 4.604073801744962835e-01 4.668328093439118032e-01 4.451851692953964768e-01 4.683437043002016131e-01 4.431335450834868461e-01 4.258844048705288654e-01 4.246710009652454598e-01 4.989396080050136351e-01 4.682461842114699624e-01 4.568869109245180526e-01 4.267380276268394335e-01 4.442967924575869088e-01 4.611898592437706501e-01 4.537015958116780712e-01 4.428763527563950864e-01 4.200198809372979736e-01 4.451996578308721197e-01 4.316827241936423976e-01 4.347900785807987112e-01 4.548654718020022636e-01 4.611323358346243739e-01 4.308383187680682180e-01 4.670759534421047854e-01 4.479668680707916684e-01 4.648276733465133703e-01 4.649437872906929115e-01 4.629485459523821622e-01 4.654695632936801664e-01 4.796550290432425867e-01 4.667219337413913705e-01 4.754327005017465746e-01 4.729008213018460194e-01 4.490654256095046870e-01 4.500405823809735528e-01 5.144920178579674985e-01 4.811346270875764830e-01 4.621246287127124264e-01 4.667835282104818018e-01 4.826260706517558341e-01 4.763816904184345336e-01 4.786681757677849758e-01 4.777727719065047451e-01 4.888185892859246429e-01 4.666913839488041615e-01 4.617759845869672253e-01 4.356757708391247874e-01 4.481733356150193748e-01 4.595452573273299812e-01 4.621523324188842041e-01 4.526572778235321559e-01 4.552317345868524545e-01 4.701554309881067484e-01 4.524702820304244422e-01 4.592514417952321959e-01
-2.252905568837256997e-02 4.316444438422606389e-02 2.595304601212608184e-02 2.294023973931975102e-01 1.000000000000000000e+00 2.213420614684933063e-01 3.210569892168168016e-01 3.676366136447968280e-01 2.973763040778704125e-01 3.099971126102684660e-01 2.872434274249511810e-01 3.528114045307503277e-01 3.941129059786552813e-01 3.033399108949594303e-01 3.796521085398120166e-01 3.934727403138024715e-01 2.804480954353159583e-01 1.857162376571978302e-01 2.211729788484848025e-01 2.122525998804497271e-01 1.959344505643333123e-01 2.435447381628833841e-01 2.131665309627428506e-01 1.850083535650295652e-01 2.079958386525472269e-01 3.016178538665478803e-01 2.966777946823770939e-01 3.179171665664456414e-01 2.707668463630261146e-01 2.756678967336588237e-01 3.206796503890805283e-01 3.017588047562051456e-01 2.737102058730984666e-01 2.748874809647423589e-01 2.817426801099171541e-01 2.929289820705264225e-01 3.081758472867600629e-01 3.552603688867796428e-01 3.532121929607793254e-01 3.492827968464237154e-01 3.749893218878532219e-01 3.858950800011544113e-01 3.852051094339572490e-01 3.874941958859212110e-01 3.553381059393684871e-01 3.663937712530321855e-01 3.800479513646506935e-01 3.745606025745016332e-01 3.595638992352075958e-01 3.410773675401465588e-01 3.742020413812099933e-01 3.676563857001701185e-01 3.751314320891311338e-01 3.602988301236486612e-01 3.479361808235973408e-01 3.559446728993619913e-01 3.498050982287022048e-01 3.847651546393147104e-01 3.698415655321151685e-01 3.716867016055551143e-01 3.796213653413378908e-01 3.746915582919221333e-01 3.691191344106178884e-01 3.747504319771893244e-01 3.495830263056258214e-01 3.664144260214633464e-01 3.640272854285675486e-01 3.348583726300616292e-01 3.380082545303172425e-01 3.498978005087649557e-01 3.396552269761216603e-01 3.439806542639926024e-01 3.242106067806160841e-01 3.286216579610267696e-01 3.677008840045621896e-01 3.673104334336476651e-01 3.661606272348830737e-01 3.416375225683243033e-01 3.657450794791036186e-01 3.382140778549841964e-01 3.466039077406135593e-01 3.556803846860863150e-01 3.564097407971611453e-01 3.432449139266903759e-01 3.596296976192656092e-01 3.424924151255613336e-01 3.570517535075565241e-01 3.774282034446137524e-01 3.705603828712267789e-01 3.665370802648467707e-01 3.772213889956681498e-01 3.870735733560510261e-01 3.764345643086559612e-01 3.778044057171994208e-01 3.763107893956931793e-01 3.744706127332284584e-01 3.842031984784825549e-01 3.546641799077709378e-01 3.775678883345459647e-01 3.790919435032967244e-01 3.866278374766313752e-01 3.760622941656120433e-01 3.842919298919184046e-01 3.884391768839808301e-01 3.753921662705079210e-01 3.612801781560096015e-01 3.689205421682369423e-01 3.758694558799956509e-01 3.676667142835176039e-01 3.817779581839979008e-01 3.841149245006953428e-01 3.803625874924369543e-01 3.797183160213540298e-01 3.722533558655908847e-01 3.625843962614642146e-01 3.751592945874945295e-01
6.022434352708112837e-02 9.055408963623114149e-02 2.228049268918436410e-01 3.149690641977064831e-01 2.213420614684933063e-01 1.000000000000000000e+00 4.265723944321244687e-01 4.028442503401967745e-01 4.199793601344032901e-01 3.924302510096545071e-01 4.513726512698356119e-01 4.801859171632987255e-01 4.055139135658545335e-01 4.301693956818281039e-01 4.936441223064080841e-01 4.890132638511999752e-01 4.516514010255881506e-01 3.663545258482361899e-01 4.152717903372730168e-01 3.765765145199777564e-01 3.937323273176327465e-01 4.615511842015304622e-01 4.115554081537734499e-01 3.779036681976252754e-01 4.124507442505741528e-01 4.878911903724233445e-01 4.847746071260613521e-01 4.854446678674319560e-01 4.432883416182940572e-01 4.731639980002283474e-01 5.059995020889258566e-01 4.731364997600670530e-01 4.575549719454111708e-01 4.625852971463305652e-01 4.601410361376417901e-01 4.827370335348399322e-01 5.012278669004758269e-01 4.982352132675247902e-01 5.035787744971483848e-01 5.057553122419109481e-01 5.048350163245776123e-01 5.066972108515778173e-01 5.190505544233011692e-01 5.159694603614954911e-01 5.215189632174065393e-01 5.126802408661738086e-01 5.018234521270243942e-01 5.046278182387780031e-01 4.996865287812095047e-01 4.935670728230286963e-01 5.063260249329410989e-01 5.073021653147614662e-01 5.034448098392476645e-01 4.966555428793798521e-01 5.003655998539753291e-01 5.182622542771379015e-01 5.125361549835178998e-01 5.032134944107077290e-01 5.027267570634595950e-01 5.102064149885141564e-01 5.104825895800022550e-01 5.050313644964636861e-01 5.054786720204467176e-01 5.040820567565579280e-01 5.168972492171199917e-01 5.119233705648201793e-01 5.049031873200524601e-01 4.984391634044996189e-01 4.975587654252154324e-01 5.168760077527020380e-01 5.216093223743888396e-01 5.128046737491238627e-01 4.936886164627649620e-01 5.036720949964583749e-01 5.138091193248578437e-01 5.107459868181746243e-01 5.075379528687919972e-01 4.966874562976643648e-01 5.060648656242586751e-01 5.045593370693790547e-01 5.021257455448523421e-01 5.141285262614523344e-01 5.105143200430047878e-01 5.060807480390404622e-01 5.032720633915114261e-01 5.028248310945641064e-01 5.108121138534409411e-01 5.088365040664404315e-01 5.088789142146752376e-01 5.174080503969306077e-01 5.138839700858884862e-01 5.132091410115069419e-01 5.175618625206495071e-01 5.169074865510637773e-01 5.072136170253427334e-01 5.079222814182633439e-01 5.108040613451849676e-01 5.026904178280622304e-01 5.060868565952286735e-01 5.057534050184906427e-01 5.144790486648751493e-01 5.100947217085104457e-01 5.100905844034920866e-01 5.154174981336437922e-01 5.160180813663034494e-01 5.049919467989363309e-01 5.047830279706875256e-01 5.053691670444317996e-01 5.087836001458564406e-01 5.082811914755911431e-01 5.069153003504826005e-01 5.051769474327066911e-01 5.051489893597700398e-01 5.079994238799032669e-01 5.148927171793037383e-01 5.078109068699183659e-01
1.643740919222757418e-02 1.043686892605516364e-01 2.531493091401691431e-01 4.501796205487715308e-01 3.210569892168168016e-01 4.265723944321244687e-01 1.000000000000000000e+00 6.149126650044801634e-01 5.998273278872102710e-01 5.538143817657341650e-01 6.172630931743362526e-01 6.914140368660083302e-01 5.988667726851859552e-01 6.055333646470336673e-01 7.435717334962175240e-01 7.050113449708874658e-01 6.195759981634504365e-01 5.083293849500543082e-01 5.609096824152786098e-01 5.318197856893422948e-01 5.256687370531175629e-01 6.131812646384910970e-01 5.646523603221248466e-01 5.266948046181315624e-01 5.544925737390782317e-01 6.724105596427184528e-01 6.527745131001481127e-01 6.734404503713975476e-01 6.151531874706996916e-01 6.262427613937318061e-01 6.879575171721195037e-01 6.879504893036805235e-01 6.437943351770050171e-01 6.689547592127571551e-01 6.301765439363896659e-01 6.828988101044951575e-01 6.773287042979282413e-01 7.266688950559747617e-01 7.277018652983083813e-01 7.134176282388829948e-01 7.204781599796064029e-01 7.299660915485054469e-01 7.278317697703707845e-01 7.350565220166058733e-01 7.255939431762769010e-01 7.275540540824244617e-01 7.183797563850593537e-01 7.130967618398857955e-01 7.138992340402676717e-01 7.157694167672021823e-01 7.318467897074073525e-01 7.074441883289892541e-01 7.173246705083492492e-01 6.917569668223894075e-01 6.862196420661166307e-01 7.240501677205214426e-01 7.047946903541860708e-01 7.254020964341749700e-01 7.124216251957883328e-01 7.157087384454668966e-01 7.234072099418233925e-01 7.113884695359042887e-01 7.064320238118180217e-01 7.192837439352438578e-01 7.047571817165780850e-01 7.120032145649994870e-01 7.204639088806512603e-01 7.031746376533017928e-01 7.025401151727153071e-01 7.312564720242169525e-01 7.172649544613229899e-01 7.133047061775639186e-01 6.957871674892580627e-01 6.993053985002843920e-01 7.250503665358520866e-01 7.210184194519589918e-01 7.174285383112359860e-01 6.973785399341717595e-01 7.165475924794291185e-01 7.000349617047543216e-01 7.038978552248281728e-01 7.189741476773054973e-01 7.217689066437217305e-01 7.034104852372707883e-01 7.279369215961492001e-01 7.141789348247352676e-01 7.214130883191802734e-01 7.318952598581415225e-01 7.313381174812692009e-01 7.229048559906652294e-01 7.354388127006108444e-01 7.322018646207322234e-01 7.298192817336599525e-01 7.308469497406389070e-01 7.212181959200849590e-01 7.183763200329329468e-01 7.287635319225788111e-01 7.091325121899733075e-01 7.183785297024510852e-01 7.310749155869941118e-01 7.323392090240761210e-01 7.226945868057749189e-01 7.249422307944243249e-01 7.331836608798939503e-01 7.323612790044926601e-01 7.050511028706419880e-01 7.177153247795249325e-01 7.144362633750586111e-01 7.149491601453047407e-01 7.259184398654006110e-01 7.214009511786105833e-01 7.205874726379849493e-01 7.175365025796004437e-01 7.242243461626878265e-01 7.222406725743846234e-01 7.162108042033137334e-01
-3.889488778605642606e-03 1.185209531857728954e-01 1.915060417905379286e-01 4.743974814948536123e-01 3.676366136447968280e-01 4.028442503401967745e-01 6.149126650044801634e-01 1.000000000000000000e+00 5.567243940587288664e-01 5.265655668823001623e-01 5.753453883189104667e-01 6.712232263569947177e-01 5.974805306695797347e-01 5.675457507415746505e-01 6.925352402743220059e-01 7.093967122940917358e-01 5.673683107181578533e-01 4.226462188534518272e-01 4.953237771827112557e-01 4.781588682957962910e-01 4.525919478448090505e-01 5.425829856086293868e-01 4.863092401280926791e-01 4.458355342888136730e-01 4.865333906262290786e-01 6.085985099449527924e-01 5.820611276934148925e-01 5.903912258450012551e-01 5.213610905156729203e-01 5.583035266453748591e-01 6.228026253676411939e-01 6.287976860659988398e-01 5.842308758716396877e-01 5.945436448105537730e-01 5.706253276844421851e-01 6.315885981421770490e-01 6.032078001570467807e-01 6.841625639927253477e-01 6.820560528805184042e-01 6.735833185997609496e-01 6.731274627498365914e-01 6.804421742871901158e-01 7.006102644851890382e-01 6.968142810194347669e-01 6.714623705099557194e-01 6.891785695135113077e-01 6.723442253923481715e-01 6.732924601824173960e-01 6.790309789041079069e-01 6.724120915962187306e-01 6.925711887836860647e-01 6.796904427366441404e-01 6.765964437117267805e-01 6.511016712234118931e-01 6.532963962899273058e-01 6.897747594966036067e-01 6.771808644225908447e-01 6.853346189852596027e-01 6.770573543876510225e-01 6.738822527765777615e-01 6.923809208510098845e-01 6.783231815098873518e-01 6.775989364990833153e-01 6.866200745161459285e-01 6.633583826017763752e-01 6.753005200304438294e-01 6.737021253218357097e-01 6.462658254136873781e-01 6.484676231971379101e-01 6.766556505850007674e-01 6.614572515452709078e-01 6.572807904847366434e-01 6.395236623485315297e-01 6.474447770934433910e-01 6.774073042143197165e-01 6.695527063059119044e-01 6.644038543325671009e-01 6.369557551813306295e-01 6.629760353299902764e-01 6.483705236270194128e-01 6.531120640331192773e-01 6.671199242939929164e-01 6.771253276233940577e-01 6.517944762219251009e-01 6.810331058137480964e-01 6.654185003371227980e-01 6.644760965631046901e-01 6.986959617295741554e-01 6.903672645192978630e-01 6.852150828059770937e-01 6.908013974890133690e-01 6.933452774236188443e-01 6.850998010593699616e-01 6.921293033369947389e-01 6.811992981644405809e-01 6.821453405556793248e-01 7.119507129213585861e-01 6.806972936742057279e-01 6.877675781122607468e-01 6.957346110441405829e-01 7.022770499012305212e-01 6.957406992338099894e-01 6.854064051351284048e-01 6.975285213448779720e-01 6.963429063983562761e-01 6.787841824991189821e-01 6.815741431216210122e-01 6.744325223233635924e-01 6.784553617183936014e-01 6.906111910753739425e-01 6.923721924436120334e-01 6.825472178306442039e-01 6.862632025154210558e-01 6.912913234789332950e-01 6.774579498549661016e-01 6.779562280256433704e-01
1.899010936556179974e-01 2.050839431164233895e-01 2.981756370126763533e-01 3.452722954218367946e-01 2.973763040778704125e-01 4.199793601344032901e-01 5.998273278872102710e-01 5.567243940587288664e-01 1.000000000000000000e+00 6.852626871062579283e-01 6.861299687718075413e-01 7.084624035697003608e-01 6.151994238245499513e-01 6.776316415809162663e-01 7.708240392815335351e-01 7.362647068090234503e-01 7.767144884284176154e-01 6.548307914489517323e-01 7.096035929804210829e-01 5.084635563946102721e-01 5.957748649097797111e-01 7.394659531817679987e-01 7.474066248335866636e-01 6.863802692334600719e-01 7.078399139877002977e-01 8.281613451315569252e-01 8.115735752206230114e-01 8.128360891754639050e-01 7.882517621120054274e-01 8.110523365374979754e-01 8.308802445836918071e-01 8.215676472502605465e-01 7.853478496475103654e-01 8.187590381680533991e-01 7.939063418083732726e-01 7.808280072488813506e-01 8.294152912254691978e-01 8.094588729370585378e-01 8.157571891880140980e-01 7.642799202047400042e-01 8.101233520527260090e-01 8.004972668147759540e-01 7.952212462064652820e-01 8.070560577386505230e-01 8.152174065367263633e-01 7.999865166176821640e-01 8.178032521926985599e-01 8.220682655809404826e-01 8.057592654116360054e-01 7.962715205874252300e-01 8.158297634082358751e-01 7.584145705808410520e-01 7.804848427930667354e-01 8.222764168176140975e-01 8.115210884946035819e-01 8.173887165246167541e-01 8.014167918641593724e-01 8.101060896136712541e-01 8.141356420419780804e-01 8.260737829226287854e-01 8.120539635039221160e-01 8.100475595354069691e-01 7.971072376640334634e-01 8.102486685533447641e-01 8.330233801659648885e-01 8.165733194549047447e-01 8.256759071160756358e-01 8.317701891792526059e-01 8.346125803280673994e-01 7.897507813125660414e-01 8.185726950084237785e-01 8.304290109140913811e-01 8.224862654903447590e-01 8.234102807095226018e-01 8.301193120360991218e-01 8.253928997381398958e-01 8.257834029509444340e-01 8.271779201460537356e-01 8.236933728195082738e-01 8.347826265369207022e-01 8.377948672728499080e-01 8.336072120969099108e-01 8.308031857776804197e-01 8.343561500949037146e-01 8.239749172165325986e-01 8.364947090130344654e-01 8.248862558806699941e-01 8.177083138352155833e-01 8.203905527142644205e-01 8.265536927756715890e-01 8.120371142355650163e-01 8.112109024001795676e-01 8.184724497219917350e-01 8.123170032983658695e-01 8.133526438640098499e-01 8.152104822056259747e-01 7.835891721376656571e-01 7.994703391958684069e-01 8.041382466565903941e-01 8.113075174737808259e-01 8.034952973135475185e-01 8.006009060412708767e-01 7.996845278857585004e-01 8.076040819263931025e-01 8.095679483810709343e-01 7.980373764328314579e-01 8.154054775248479325e-01 8.183954611420064529e-01 8.195149577703512156e-01 8.114436231961823509e-01 8.014656630441702179e-01 8.126324218396564492e-01 8.062137702304621456e-01 8.107761224315366277e-01 8.293829652871251845e-01 8.135364472789430312e-01
8.959452252239587244e-02 2.174516427702037624e-01 2.018912014025081858e-01 3.194849205880591070e-01 3.099971126102684660e-01 3.924302510096545071e-01 5.538143817657341650e-01 5.265655668823001623e-01 6.852626871062579283e-01 1.000000000000000000e+00 6.284570275956871122e-01 6.553968255072131210e-01 5.883112514550986605e-01 6.209735287516939817e-01 7.178586793350366646e-01 6.977118493654126397e-01 6.612629960475278068e-01 5.120494515665640067e-01 5.887680271922712816e-01 4.012178482760316856e-01 4.593496533187286790e-01 5.752026175069852032e-01 6.244198249614861806e-01 5.558949308428547953e-01 5.626622208622087395e-01 7.202134254016629988e-01 7.020747285489788991e-01 7.164316141027042839e-01 7.119181089109170024e-01 7.077813611819553374e-01 7.373091250139444108e-01 7.315226844666170569e-01 6.865026905453414097e-01 7.011861021950361872e-01 6.858612263467330772e-01 6.782802876745387399e-01 7.191964291622509053e-01 7.368864920069589930e-01 7.369249180189216819e-01 6.888931877805664072e-01 7.451710515306808613e-01 7.430582833144880883e-01 7.374150675201790461e-01 7.383080140160604987e-01 7.345134412498325327e-01 7.459357331465473750e-01 7.567828855430071000e-01 7.695252525903173435e-01 7.422251317220875944e-01 7.045141452427209350e-01 7.528756945642973708e-01 6.710349404160920184e-01 7.050679278871304634e-01 7.692302722873189946e-01 7.502417159121114176e-01 7.493823105257421124e-01 7.270176031258380744e-01 7.555771214655252477e-01 7.596795377207156141e-01 7.593123397066007252e-01 7.590595380368282408e-01 7.585535902418027998e-01 7.437155263002354078e-01 7.470353286131565795e-01 7.408417018375177410e-01 7.380028271660854511e-01 7.674331809485105405e-01 7.487210176414956786e-01 7.611824874763698512e-01 7.032978272454630808e-01 7.308616911493119872e-01 7.442737962204794000e-01 7.402383779428161059e-01 7.364843105600932249e-01 7.617988805556689114e-01 7.615833386291471774e-01 7.635119978145458175e-01 7.663501849826515055e-01 7.582488547832644254e-01 7.613709292402129902e-01 7.628878048285795410e-01 7.645843372705234398e-01 7.591361903190391169e-01 7.617268782589196041e-01 7.456370104998938375e-01 7.542985734810415677e-01 7.584794174469845496e-01 7.598019400630294795e-01 7.604314980987887385e-01 7.626499892508104006e-01 7.490895955165491893e-01 7.592668909509469044e-01 7.538350617518436714e-01 7.564219195442910548e-01 7.607519298168136102e-01 7.639965557817831598e-01 7.195379774977570531e-01 7.228968740553318728e-01 7.497132729127066186e-01 7.536616551165599143e-01 7.510298039150625771e-01 7.484392398357003762e-01 7.380184041306918630e-01 7.527147156949001161e-01 7.433239699894809149e-01 7.401868364890797913e-01 7.539383225513828224e-01 7.704006374128079537e-01 7.660930500377016727e-01 7.576207182875085433e-01 7.547453704818588571e-01 7.592059489014671980e-01 7.586289795204355091e-01 7.543131041819957083e-01 7.564805784833944502e-01 7.517967379188514876e-01
5.437154387487409812e-02 1.213873863965476280e-01 2.921741011630414331e-01 4.309216458294464758e-01 2.872434274249511810e-01 4.513726512698356119e-01 6.172630931743362526e-01 5.753453883189104667e-01 6.861299687718075413e-01 6.284570275956871122e-01 1.000000000000000000e+00 7.726657740199699420e-01 6.311959761064969143e-01 6.865843976923677872e-01 7.707442193602518365e-01 7.445592646756702404e-01 7.200239566671202684e-01 6.311316548872155652e-01 6.967347750986714328e-01 5.481438919146555122e-01 6.103911921816229658e-01 7.328385391031657647e-01 6.893594140664132119e-01 6.490309614328363397e-01 6.891664329600478700e-01 7.971092129018684247e-01 7.784868032337043386e-01 7.707259511012014563e-01 7.264282939346995427e-01 7.569107058064667992e-01 8.070639890976492037e-01 7.783511170452184214e-01 7.489814840847085486e-01 7.672178287090267723e-01 7.403251131045857081e-01 7.798532840745427963e-01 7.924568045321669363e-01 7.920782777997409374e-01 8.007983387846431267e-01 7.839437797877336633e-01 8.062899855457348330e-01 7.999991357651193846e-01 8.020625847035486311e-01 8.167251433449621567e-01 8.165431885417443469e-01 7.992180391391908723e-01 8.025428346546455982e-01 7.991565952782938576e-01 7.935713276852751630e-01 7.831125550639894684e-01 8.009552593121563868e-01 7.662965919037679763e-01 7.874981518397982105e-01 7.902013134861523014e-01 7.827936483417518021e-01 8.023555822826941020e-01 7.924061306924803372e-01 8.009538635423776309e-01 7.953407815085138388e-01 8.105017589919271126e-01 8.056622875100606374e-01 7.972466835571480059e-01 7.853365336133767416e-01 7.957919342143398023e-01 8.024163529471745049e-01 8.027848536025486981e-01 8.084074794213506054e-01 8.146745340405795455e-01 8.095678387374057872e-01 8.027850631138131465e-01 8.224727278694464738e-01 8.244070506568179635e-01 8.048573210524120336e-01 8.146980084133127464e-01 8.179929895948898633e-01 8.118527679346819736e-01 8.041464772808759598e-01 7.959421700742909112e-01 8.067186117223088537e-01 8.024378310389012059e-01 8.088615649042107947e-01 8.163867795612047562e-01 8.150841671886673856e-01 8.021080444730551706e-01 8.136150765116404449e-01 8.107431017906008286e-01 8.144085683509438844e-01 8.087166216351771020e-01 8.118207599524016604e-01 8.164021815870763366e-01 8.147050582544258512e-01 8.091043160683254465e-01 8.205477999798035382e-01 8.116930457598250381e-01 8.059862805772136651e-01 8.046078077225173875e-01 8.016215099821669687e-01 7.974180599618888587e-01 8.045820041433541236e-01 8.087405685491877438e-01 8.100749575513813694e-01 8.060361172223853288e-01 8.098686228514732077e-01 8.125329735597707215e-01 8.122940971084321449e-01 7.980006419296894471e-01 8.063857247933492456e-01 8.016771656626583420e-01 8.035503805245860498e-01 8.081165678025742372e-01 8.011113505671936252e-01 8.048527569941249515e-01 8.023705521394103313e-01 8.072726772686495966e-01 8.146823563321954342e-01 8.045321372707320284e-01
-9.176506960341425378e-03 1.076893664847763665e-01 2.629016758536092402e-01 5.435224444614612516e-01 3.528114045307503277e-01 4.801859171632987255e-01 6.914140368660083302e-01 6.712232263569947177e-01 7.084624035697003608e-01 6.553968255072131210e-01 7.726657740199699420e-01 1.000000000000000000e+00 7.185814011413190761e-01 7.337960456210683713e-01 8.471952576968861948e-01 8.372399103751410054e-01 7.427908782265874033e-01 5.894373734932637499e-01 6.801224582738659707e-01 5.985328295300192947e-01 6.030571731412933678e-01 7.290893224079812995e-01 6.661018103759451803e-01 6.237433694814488172e-01 6.647424916042797838e-01 8.216925618958771382e-01 7.994731058279003211e-01 7.983699900502494451e-01 7.259099232871353280e-01 7.715277567245817369e-01 8.399891006849388164e-01 8.132635898840442357e-01 7.710689719645353879e-01 7.895022359085429597e-01 7.624007410378855765e-01 8.142794644623999600e-01 8.244085807754942818e-01 8.573760825386128603e-01 8.592814429440605029e-01 8.688240732584284753e-01 8.739560404848850661e-01 8.728100447347499902e-01 8.764884129624052056e-01 8.866290895142254769e-01 8.776073614782917698e-01 8.707798505424581004e-01 8.719279187803655740e-01 8.680272385871383722e-01 8.699459968041647340e-01 8.517088936336496552e-01 8.687166907123772264e-01 8.493823921087243489e-01 8.663159849491655073e-01 8.501107977122411841e-01 8.508749725845452527e-01 8.722355176059373161e-01 8.695093961263493654e-01 8.780274966027312722e-01 8.675381931616992226e-01 8.741647905890789216e-01 8.790506256113885808e-01 8.708798423175373449e-01 8.654861239825489827e-01 8.691411239825715951e-01 8.539756486981517902e-01 8.699794953223715099e-01 8.676592494433125191e-01 8.531582333011691333e-01 8.533832564253321928e-01 8.665248330293010559e-01 8.688455077995915765e-01 8.678387819210964249e-01 8.428222574100057152e-01 8.529465235299128478e-01 8.793170036659100353e-01 8.731910705749102997e-01 8.620135087620771630e-01 8.399964702416236051e-01 8.634362837121238865e-01 8.505344549965568879e-01 8.585139554341243429e-01 8.756473604918300069e-01 8.733934772693169313e-01 8.498318102172183197e-01 8.739573963067384099e-01 8.646374448500819820e-01 8.760945784679990966e-01 8.773515805855192085e-01 8.794982809643319133e-01 8.761745861084981879e-01 8.848021074939228514e-01 8.835497312738632703e-01 8.875270617607515788e-01 8.866984578236071224e-01 8.773863510391788356e-01 8.753323447341215813e-01 8.908913876146361543e-01 8.716477697931862556e-01 8.797980037685239063e-01 8.808696708344978532e-01 8.884588197728163772e-01 8.832686004232124244e-01 8.825705133102956790e-01 8.885446247942528908e-01 8.876183321763743139e-01 8.733077173038641394e-01 8.786214985764353447e-01 8.668449429050041344e-01 8.711326349094872246e-01 8.812076606421447300e-01 8.793124298757333257e-01 8.778427514495742434e-01 8.780133406160171017e-01 8.802408390150548989e-01 8.746549943044664710e-01 8.767586081018291511e-01
-3.569213046559641805e-02 9.797029648521982104e-02 1.763636384244489097e-01 4.150257348179048900e-01 3.941129059786552813e-01 4.055139135658545335e-01 5.988667726851859552e-01 5.974805306695797347e-01 6.151994238245499513e-01 5.883112514550986605e-01 6.311959761064969143e-01 7.185814011413190761e-01 1.000000000000000000e+00 6.477337508499299012e-01 7.609515603240810666e-01 7.573119571501888414e-01 6.147808978384338152e-01 4.787155431843625464e-01 5.508511399450393142e-01 4.784770838793882541e-01 4.825221517275974370e-01 5.838038192544902083e-01 5.467288252621191891e-01 4.925357615286255486e-01 5.352285444386546409e-01 6.936907310223905387e-01 6.790562069714007887e-01 6.853106128080583836e-01 6.123477049330044997e-01 6.570968867021185211e-01 7.079273659346636549e-01 6.836011361352249960e-01 6.468147333427011203e-01 6.532866375130649272e-01 6.514688263939807378e-01 6.706490694750418813e-01 6.937287245652677958e-01 7.357108547583456337e-01 7.365083429838459317e-01 7.333245723101599056e-01 7.627903259967810934e-01 7.637590095958104452e-01 7.592597640325878805e-01 7.651262489185227667e-01 7.504482391699835997e-01 7.566837992791227707e-01 7.685285225675141385e-01 7.671438766548300814e-01 7.474187758111008328e-01 7.200753587988069082e-01 7.544703387526061622e-01 7.381065849493063658e-01 7.578945170591778746e-01 7.508904035537272703e-01 7.421201253274698484e-01 7.491059563107743680e-01 7.471674677599315917e-01 7.722595208053286697e-01 7.620394826562008062e-01 7.679715787952823280e-01 7.760950810504517738e-01 7.647610937727453706e-01 7.558951489335361540e-01 7.568430132299990287e-01 7.473105131110014954e-01 7.622638100759497881e-01 7.620174737463439874e-01 7.335651094720139209e-01 7.358462940943536479e-01 7.374655721108303030e-01 7.399052634052210031e-01 7.450943620133800849e-01 7.173992924540804061e-01 7.292855317195752196e-01 7.658910996046333075e-01 7.619041927180568718e-01 7.576367629537621440e-01 7.262333189863130478e-01 7.553899181459101664e-01 7.386217273735357081e-01 7.477849279726244136e-01 7.585750384010225833e-01 7.545886246892195004e-01 7.384309488366294083e-01 7.591879399507983628e-01 7.448840303024290010e-01 7.587573562401503935e-01 7.719450053546990098e-01 7.678039776822801477e-01 7.649980590198894870e-01 7.699030578670132963e-01 7.786121984509704053e-01 7.730425531340603396e-01 7.764363941516738699e-01 7.742482457970152332e-01 7.708700868542621709e-01 7.743065823421880767e-01 7.597710492781789560e-01 7.741578136390971920e-01 7.707973507798496771e-01 7.783012102013356914e-01 7.731382551353270793e-01 7.813251487365711068e-01 7.816039477606930852e-01 7.760651816180398344e-01 7.639423214141688456e-01 7.689716359501264087e-01 7.675253565227264652e-01 7.668647452818152521e-01 7.774813797423818507e-01 7.761825289771708825e-01 7.752635359513819768e-01 7.756195419594688056e-01 7.721127094631352605e-01 7.672260711322015370e-01 7.741646222275160305e-01
