1.000000000000000000e+00 6.239586125811175110e-02 5.816486479706066415e-02 1.032395915377217789e-02 3.173839498074512017e-02 -6.415817292388274924e-03 -1.695710699374931895e-03 5.880894650237706786e-03 1.308230054030506406e-01 5.792505578524222848e-02 1.633131899055379962e-02 4.776453779767500518e-03 1.916035530649518384e-02 1.916347270560485577e-03 -2.083993467289364798e-02 -4.340114423003494162e-03 1.097769948636447557e-01 2.009540501587711928e-02 2.031523637390129228e-02 1.304777278648221531e-02 4.750351462097919530e-02 2.536407865216393914e-02 6.959263150511352247e-02 2.800743419953300589e-02 1.133851036686739540e-02 2.529680446085824652e-02 4.866756763390892894e-03 -1.540165910739117738e-02 5.723565086330715396e-02 3.478412946474757766e-02 1.026574264384679316e-02 1.590089152339712111e-02 -3.192768253754105223e-02 -1.550536711450187927e-02 7.557801964405325840e-03 -1.478127420270505983e-02 -1.594248936087717949e-02 -1.710840177588766886e-02 -2.195413242732945081e-02 -1.072068688311594853e-01 -8.779193197767931611e-03 -3.358660726564600268e-02 -6.775127836057805164e-02 -2.426602408324085233e-02 -3.280279699644913366e-02 -3.339179015562157571e-02 4.988887145354827142e-03 1.900944568667537263e-02 3.327497401999374160e-02 -1.153277531286641538e-02 7.167488641155034083e-03 -1.815554902165547255e-02 -2.185374568527578929e-04 4.051976463336392359e-02 1.887264152870672673e-02 5.658739519481213558e-03 6.346943905172744427e-02 -2.703038625049788892e-03 1.018746124893198969e-02 2.638632166524231687e-02 6.748848259035255051e-03 2.175589202834345495e-02 1.843950306863199884e-02 4.012945442823053627e-02 7.974421046093495280e-02 5.702927473202582670e-02 2.216041840642245242e-02 -2.913424193685047996e-03 7.119636567145130705e-03 -1.806678237104113877e-02 -3.625578542687362890e-03 8.819248484348372191e-03 -6.658367574266627412e-03 -1.028459969775149044e-02 7.290353191437315070e-03 5.387347874319925282e-03 -7.393150599517690075e-03 3.449343056486374459e-02 -4.118150389894813484e-04 2.201158455077443371e-02 6.797584225987670162e-03 5.764087207052762075e-04 2.984387189821958303e-02 2.883717120851516345e-03 -2.934845040123679541e-02 -7.751500321873640298e-03 -2.170410584219332681e-02 -1.658307729847671025e-02 -1.970757299365143156e-02 -2.495215303903340273e-03 -5.922656547085679984e-02 -1.591851238381555844e-02 -2.369851084255544804e-02 -2.381315392686673277e-02 7.647428807369208333e-03 1.178365044142027501e-02 -3.652281124896783471e-02 5.497893057825255225e-02 6.801696599364129812e-03 -8.940315147623190475e-03 -3.322709447987971104e-02 1.764292147408723019e-02 -1.052582128482988178e-03 -9.017735685660086681e-03 6.711433666309221495e-03 4.437125928745526415e-02 2.409964529725244775e-02 1.071831249788924960e-02 5.774684885643010732e-03 1.308817324578123546e-02 4.780325422599645581e-03 2.610357277878387963e-02 1.823965288378729885e-02 2.713938199765733930e-02 4.539914032259353277e-02 4.383078452564867500e-02
6.239586125811175110e-02 1.000000000000000000e+00 7.758870545504291394e-02 1.014745767717332436e-01 7.280434098517635233e-02 8.479175337572208981e-02 1.211940174454085722e-01 1.190272204209047585e-01 1.932159769033202357e-01 1.774861961525976695e-01 1.422541152525852726e-01 1.346894079085698415e-01 1.120082053273822181e-01 8.758881601121219773e-02 1.344776883586034089e-01 1.482846823618899079e-01 1.497951161633966077e-01 1.669442588548099293e-01 1.701987960227068220e-01 1.048152258395816244e-01 1.322239345793398413e-01 1.710218074161240498e-01 1.982953192808351861e-01 1.840430887455122011e-01 1.823153462715572937e-01 1.781257433224907871e-01 1.545960007799927483e-01 1.442346697191921046e-01 1.795218211180202306e-01 1.614015318643585162e-01 1.606514343573719472e-01 1.726125999730848681e-01 1.322873018286190305e-01 1.443793206678562202e-01 1.460647532073619526e-01 1.135155677720380979e-01 1.455483472581159399e-01 1.376003740468000613e-01 1.295084502704947349e-01 1.051507991812521831e-01 1.489159984139965809e-01 1.335432850347674782e-01 1.106610240017621288e-01 1.397368125374245929e-01 1.338352968603944981e-01 1.454356504521548965e-01 1.468616785503366606e-01 1.630156672447519717e-01 1.610696800668438011e-01 1.254108858724687081e-01 1.396373289433365250e-01 1.042337240545722632e-01 1.376270078655474627e-01 1.757999371475993944e-01 1.710899208645128289e-01 1.736058784542862943e-01 1.758194213017605090e-01 1.499311461373976917e-01 1.680312815064687049e-01 1.611555890921620993e-01 1.482864955735060386e-01 1.689021016278794418e-01 1.632991783610128200e-01 1.503801696434846624e-01 1.546411492771386509e-01 1.693144870716544736e-01 1.577303421026108043e-01 1.643983266334508864e-01 1.656179502852218877e-01 1.440408575133141633e-01 1.597794050364193252e-01 1.644528287691048862e-01 1.599722293776321136e-01 1.656590387684033772e-01 1.623182286628128967e-01 1.570817759506341615e-01 1.577837040081185860e-01 1.770539097577193133e-01 1.613702544877493594e-01 1.664217669231206620e-01 1.577704968031624910e-01 1.548190891647396594e-01 1.666302179365082015e-01 1.499121332088317882e-01 1.308461431429947530e-01 1.535267537362062784e-01 1.421163964689302062e-01 1.454349477378099886e-01 1.406849425469886838e-01 1.615183234773854837e-01 1.288133227253972779e-01 1.431653161427000331e-01 1.359496404972810324e-01 1.434314105984544341e-01 1.566007668651129559e-01 1.628510489349162260e-01 1.254631621475370551e-01 1.605895578143405333e-01 1.526647739177630081e-01 1.433423566609531574e-01 1.326062760030988497e-01 1.556433958218626790e-01 1.460850957256143445e-01 1.443540616217805217e-01 1.423958348770907878e-01 1.670973319832665394e-01 1.655907752583260228e-01 1.640268201663449554e-01 1.629754440425199569e-01 1.578761672795241655e-01 1.598562569281389290e-01 1.641431760977498933e-01 1.657481365308714760e-01 1.562662562427082347e-01 1.574921596744632835e-01 1.645825943994251306e-01
5.816486479706066415e-02 7.758870545504291394e-02 1.000000000000000000e+00 3.181253155448341419e-01 1.946484516027987832e-01 2.217678864834558838e-01 3.532090883731001663e-01 3.110916524244565773e-01 3.447202013725091940e-01 3.367907653835412463e-01 3.598401373327551056e-01 3.834074910573841977e-01 3.330455489557040405e-01 2.697232201374495930e-01 3.764403472319493571e-01 3.722275586014958670e-01 3.460107072329434708e-01 3.334417788685151152e-01 3.640826150349835699e-01 2.567143654292201038e-01 3.543781466518123868e-01 3.441528783216642462e-01 3.576247388111354897e-01 3.339285443383258611e-01 3.385334402920259778e-01 3.819478737462151385e-01 3.963107775950420186e-01 3.934410787108460483e-01 3.963009787347081536e-01 3.874113835077686585e-01 3.877047332462005835e-01 3.926520813237583396e-01 3.767148396312975378e-01 3.763459501686640118e-01 3.875893895760953445e-01 3.773864998815708027e-01 3.831474187352358896e-01 3.875016399205101769e-01 3.855859387064486388e-01 3.694413035132513290e-01 3.896333004155404511e-01 3.789188014729499288e-01 3.699251438245536039e-01 3.826950954791192294e-01 3.879663732690229461e-01 3.771689295416472687e-01 3.809746947432007813e-01 3.826759524004484381e-01 3.865014716871535416e-01 3.873806887346187278e-01 3.827977238879324839e-01 3.769907133732462445e-01 3.824333106883416322e-01 3.785435499171785900e-01 3.753382580318900819e-01 3.879901783992011910e-01 3.763301465106339005e-01 3.805432763344766545e-01 3.753417494462943371e-01 3.824123646866380843e-01 3.820380857631188731e-01 3.794998913170115062e-01 3.759388416577023051e-01 3.809453612823952562e-01 3.732525196240637499e-01 3.869139890031237372e-01 3.792096471614632702e-01 3.831101255491145552e-01 3.871242441974641624e-01 3.747064691215883925e-01 3.865872997683296730e-01 3.858091083649574649e-01 3.684233178266755337e-01 3.795835790207193750e-01 3.891991344809807019e-01 3.878266661394467740e-01 3.895061534545241622e-01 3.916734904388160521e-01 3.854415940380978012e-01 3.881805511856386004e-01 3.863326765271851149e-01 3.867147784625095674e-01 3.914665729995498999e-01 3.877240899787091633e-01 3.818741997979775982e-01 3.838704699630635653e-01 3.894091219680136384e-01 3.853648018567054079e-01 3.844528133414470972e-01 3.895996806460269579e-01 3.836172822578505781e-01 3.847086566135042851e-01 3.876079147667036984e-01 3.812768924214815502e-01 3.794116424310071678e-01 3.815633371497765824e-01 3.873029771141026090e-01 3.879733138429685702e-01 3.863854837342190485e-01 3.908828907768631677e-01 3.845286062063387189e-01 3.849979210311583744e-01 3.889484836607852714e-01 3.835050604996378398e-01 3.891691604185598119e-01 3.843776053755155742e-01 3.878940896005486083e-01 3.811774002329722522e-01 3.824979070517512958e-01 3.844583187136247360e-01 3.852424513420836250e-01 3.828246470366007403e-01 3.829799162530407863e-01 3.827777541320417920e-01 3.823739944962318282e-01 3.863727930444361136e-01
1.032395915377217789e-02 1.014745767717332436e-01 3.181253155448341419e-01 1.000000000000000000e+00 3.003479794581257467e-01 3.753180384078748100e-01 5.573673758236183939e-01 5.244205102537267127e-01 5.345370717271322736e-01 4.889743285741183221e-01 5.864179024875132429e-01 6.334816628401479521e-01 5.338244264736329292e-01 4.535125393412963724e-01 6.086727515296810331e-01 5.993215508855694873e-01 5.390004967487220799e-01 5.743669536442911339e-01 5.712144169886775869e-01 5.311557958834477455e-01 6.212116247307918337e-01 5.729235488524243580e-01 5.851040952463869571e-01 5.753328336406500210e-01 5.568261324208169105e-01 6.146176677098751373e-01 6.142388694371496705e-01 6.010228403601015623e-01 5.647081340540623939e-01 5.926954748473662882e-01 6.103116995867605699e-01 6.261958052501520600e-01 5.605372173331468755e-01 5.911868548135444934e-01 5.862591423570588933e-01 6.007511315467145563e-01 6.073125164231281126e-01 6.041657836210521104e-01 6.173775036622121126e-01 6.046693012272114087e-01 6.193751877043909282e-01 6.236808447969804936e-01 6.291979701165615335e-01 6.325791786687883222e-01 6.322446650576309946e-01 6.107471755235434063e-01 6.075616134991003170e-01 6.073286113378602025e-01 6.110696649780997802e-01 6.072526336880046394e-01 6.121190194047914090e-01 6.065734510170014415e-01 6.209241584246819601e-01 6.019793740819834316e-01 6.068470040947699928e-01 6.188275754192450462e-01 6.038455056867763071e-01 6.167195234670820314e-01 6.044382207220488912e-01 6.110176620380822765e-01 6.148494655901606265e-01 6.091993127996195856e-01 6.051320685567858071e-01 6.069740616883096962e-01 6.048460180918823204e-01 6.182652844207535692e-01 6.080143512357404356e-01 6.173748990470895315e-01 6.211494839054312322e-01 6.389576480785574830e-01 6.313379147194045915e-01 6.170995016641335207e-01 6.245683061892662868e-01 6.217079392121147574e-01 6.214320995097266653e-01 6.152245916842038476e-01 6.136006558238585873e-01 5.963415836898746658e-01 6.121685559469641769e-01 6.010874960115407672e-01 6.107176240797251854e-01 6.087462166261869978e-01 6.192444100120261252e-01 6.030202000581100785e-01 6.177534664474408910e-01 6.148922885321342902e-01 6.244338390104043901e-01 6.249028386813898495e-01 6.182088493943067586e-01 6.216558006567629580e-01 6.169456042851719779e-01 6.210627570252027496e-01 6.239915137451856886e-01 6.220095193836318037e-01 6.094711291640562134e-01 6.107759391122876691e-01 6.269072084856396332e-01 6.128219464759676605e-01 6.201819623555105965e-01 6.236630379891682230e-01 6.231575412290139004e-01 6.211976702949668638e-01 6.228504351067661871e-01 6.240857903772085713e-01 6.264664483372764936e-01 6.187329405224072376e-01 6.167088465752725845e-01 6.158663210497595797e-01 6.189015215367373868e-01 6.165019164322478318e-01 6.223534154476711988e-01 6.155918633281074470e-01 6.146693874844786354e-01 6.166709992837661192e-01 6.102403481445816125e-01 6.195661369472370561e-01
3.173839498074512017e-02 7.280434098517635233e-02 1.946484516027987832e-01 3.003479794581257467e-01 1.000000000000000000e+00 2.626859323959767623e-01 4.182307063840480232e-01 4.108513760756118960e-01 4.356047461996918613e-01 4.030682556303359920e-01 4.479704437438812303e-01 4.700157151667687105e-01 4.366258121104213408e-01 3.662477241063601396e-01 4.676764273275222927e-01 4.732817241213567727e-01 4.345354683339990309e-01 4.001018280445065023e-01 4.350131910374654964e-01 3.524763076681169394e-01 3.976666929750504176e-01 3.898229433271209188e-01 4.402459255859262899e-01 4.085372296099340494e-01 3.937044216231889715e-01 4.578493701062162913e-01 4.625862510073300293e-01 4.356516050889365776e-01 4.430722162665065023e-01 4.637953107103230388e-01 4.769484618567257361e-01 4.575603630087825557e-01 4.135977023748341197e-01 4.350666505935329442e-01 4.351284424889613756e-01 4.363678362625464380e-01 4.583666726905200606e-01 4.507729906790526320e-01 4.627487756000941976e-01 4.160228214994524665e-01 4.763660796691405186e-01 4.679629104993120459e-01 4.520569277393015062e-01 4.798477213519365403e-01 4.661216030722701853e-01 4.624058444498709286e-01 4.780170339228454468e-01 4.866590737703169744e-01 4.719185465260631873e-01 4.389347887109219526e-01 4.520041917762640526e-01 4.431741592788061013e-01 4.774518214673604821e-01 4.864995925933472964e-01 4.703691204849791418e-01 4.732826215473668885e-01 4.624620213629082599e-01 4.848372719396497055e-01 4.710405044018748377e-01 4.926939450277332266e-01 4.773712539690757595e-01 4.822196357600782024e-01 4.678443132915746649e-01 4.762755827232678096e-01 4.841095699134110308e-01 4.795642686888563211e-01 4.847088488240108295e-01 4.795814088749023596e-01 4.780376361143445219e-01 4.706119617897212004e-01 4.728915164570097196e-01 4.795745869412612605e-01 4.756650735746152936e-01 4.687181289066291723e-01 4.820218354004911498e-01 4.788585281744373034e-01 4.737983572333031024e-01 4.744046989108650636e-01 4.688514938459294457e-01 4.779056368207332262e-01 4.755153479307322462e-01 4.821914738506704601e-01 4.846497599331505146e-01 4.678347912159952493e-01 4.657380474154768080e-01 4.757994460495128530e-01 4.749382566596289657e-01 4.775572638703268757e-01 4.746878120508212784e-01 4.808527799241226197e-01 4.605626584773374610e-01 4.803756993475664649e-01 4.811116773302180349e-01 4.782268403660369649e-01 4.852994283514717733e-01 4.865959626322555742e-01 4.653885835841446439e-01 4.730250019512742266e-01 4.813410708131716786e-01 4.735600929827354366e-01 4.748359580320117845e-01 4.798799657727768064e-01 4.850146974013092027e-01 4.844445078907171354e-01 4.799218547595915374e-01 4.812013466615407964e-01 4.828822232279189053e-01 4.865794093922967134e-01 4.827917260565547375e-01 4.852763940872688586e-01 4.839847163346779890e-01 4.900762410843370609e-01 4.864122852262214303e-01 4.838104637679700448e-01 4.935232442242505901e-01 4.885057648561567656e-01
-6.415817292388274924e-03 8.479175337572208981e-02 2.217678864834558838e-01 3.753180384078748100e-01 2.626859323959767623e-01 1.000000000000000000e+00 5.179252910296431311e-01 4.741631857358405422e-01 4.927409270150390763e-01 4.567692583958724573e-01 5.110305873118956566e-01 5.309046864548802036e-01 4.777612842668662596e-01 3.972390054528762704e-01 5.512054550110989659e-01 5.419658132914143556e-01 4.865116205955378192e-01 5.166379079672350771e-01 5.233156217065916271e-01 4.333775167973399900e-01 4.966765116607019803e-01 5.059628342602843221e-01 5.282440294601388198e-01 5.019324769081686677e-01 5.051572521939471372e-01 5.363782626969888501e-01 5.503184094841165885e-01 5.465108988858806693e-01 5.162424400812911651e-01 5.553307829412177377e-01 5.618607127988550776e-01 5.649153899211061258e-01 5.334171717812500324e-01 5.501552485035730022e-01 5.393724327707616339e-01 5.210066433032664035e-01 5.606060752224643062e-01 5.480846038687671173e-01 5.586630255947646617e-01 5.319917942128791211e-01 5.579184807299316651e-01 5.569383408576946692e-01 5.430823486955411727e-01 5.546359607950470672e-01 5.547740240899189379e-01 5.577703997605173436e-01 5.642692538054210338e-01 5.638263034226759229e-01 5.554901344574968425e-01 5.447183925968516194e-01 5.584803641792652762e-01 5.231850048600461545e-01 5.530922745369285520e-01 5.549231158524313701e-01 5.442498322836227809e-01 5.597436684838825727e-01 5.333193096382334852e-01 5.529786310143558481e-01 5.484847375412673642e-01 5.555454173924280203e-01 5.591822001466438818e-01 5.521444587799299031e-01 5.425524842785455215e-01 5.504198699116281679e-01 5.339131191156081258e-01 5.465519625283962180e-01 5.590308959407455092e-01 5.654081562479108536e-01 5.663695730798372630e-01 5.584733841313203051e-01 5.682534332182934689e-01 5.665099685124759255e-01 5.607309165310788712e-01 5.667760728930135716e-01 5.650629276502524556e-01 5.666361691338863693e-01 5.650098664197259479e-01 5.532147129649784834e-01 5.629958836143827972e-01 5.600992289113994049e-01 5.676765345876243485e-01 5.656602729377501193e-01 5.644758824151906440e-01 5.675973269198935078e-01 5.641144563913860210e-01 5.677349302348073667e-01 5.649676380096740891e-01 5.666187760820484698e-01 5.671146353302911614e-01 5.625363551255887495e-01 5.626176859157248078e-01 5.637635737518645884e-01 5.639277313625654653e-01 5.646696325000670758e-01 5.616147532697983724e-01 5.640670615019004464e-01 5.570678083750627563e-01 5.512215815568168864e-01 5.641656813059051645e-01 5.635998103897293943e-01 5.632424573924051936e-01 5.586111286816396460e-01 5.586166970515636931e-01 5.634599398349700028e-01 5.582290976446366848e-01 5.508916274918995715e-01 5.644466048010958747e-01 5.654435601454053106e-01 5.618232634909081646e-01 5.627001497990068435e-01 5.588208895771444862e-01 5.601539776444621754e-01 5.590317739163641608e-01 5.593646460872868653e-01 5.518740289966880264e-01 5.574949438527160295e-01
-1.695710699374931895e-03 1.211940174454085722e-01 3.532090883731001663e-01 5.573673758236183939e-01 4.182307063840480232e-01 5.179252910296431311e-01 1.000000000000000000e+00 7.014034690908467207e-01 7.236624785316780883e-01 6.672479421552688361e-01 7.585733629518947030e-01 8.094721470502527216e-01 7.279902375632296696e-01 5.981598656613624776e-01 8.290477987211679611e-01 8.064797068975474437e-01 7.203518912144886155e-01 7.341740660159610243e-01 7.579098731488761453e-01 6.339504197387544338e-01 7.341105078997508526e-01 7.305224859150981631e-01 7.554456304138481570e-01 7.285764621597742297e-01 7.306960044172414737e-01 7.955765900510574085e-01 8.041773816716369927e-01 8.019714671640200132e-01 7.715188248480049360e-01 8.133143600044118182e-01 8.315607006134825285e-01 8.195466837301726981e-01 7.763868232135147096e-01 7.910521958243383889e-01 7.951046431469047659e-01 7.821319618833976195e-01 8.187062893186207724e-01 8.149267051946640361e-01 8.293496360977224979e-01 7.943452810696052246e-01 8.304099443918179224e-01 8.342174034728689902e-01 8.251043277365028850e-01 8.384628828376671228e-01 8.352095530762966291e-01 8.361598655150349613e-01 8.276353114558774315e-01 8.263049134247489880e-01 8.129587215898410602e-01 7.958730407976332133e-01 8.104109789134364972e-01 7.803759562085345047e-01 8.197831941376951814e-01 8.176150723781993035e-01 8.082009832337253563e-01 8.284125211280095602e-01 7.845024656706649502e-01 8.240321376211223736e-01 8.106578148859683308e-01 8.260176854338596719e-01 8.197990214749335536e-01 8.183104823237565828e-01 8.019006305486990893e-01 8.094954430485665764e-01 7.956808079263981703e-01 8.098720706715347717e-01 8.297811116695045230e-01 8.345163029789064435e-01 8.379048708898716447e-01 8.352557335933096239e-01 8.357503492877039752e-01 8.309680270387561629e-01 8.331117224618093120e-01 8.289304020102518100e-01 8.314346205395398703e-01 8.362616441652799271e-01 8.354212685021216167e-01 8.151977683226195870e-01 8.326972212862980838e-01 8.311495113786704358e-01 8.340744859728015381e-01 8.361457193048971170e-01 8.333057791170452866e-01 8.293254033873457276e-01 8.268883289407734649e-01 8.346173907192759867e-01 8.380481981082386067e-01 8.369205723844603817e-01 8.384002084796982057e-01 8.360124652354746777e-01 8.322564542338655169e-01 8.392848379516684165e-01 8.393007752287798828e-01 8.417057390249998994e-01 8.316652037364496985e-01 8.320267844317845718e-01 8.228821958323560004e-01 8.065034514999256388e-01 8.305395430262332290e-01 8.303117018547588879e-01 8.365269984383919555e-01 8.251796340625758841e-01 8.315386604023907724e-01 8.340871348325608059e-01 8.285322509952812720e-01 8.131227684916030318e-01 8.285041099969576717e-01 8.337715286265269254e-01 8.330186928649750966e-01 8.327614617300891364e-01 8.327328167831304917e-01 8.300818344783685854e-01 8.278232842511720202e-01 8.257402243577789402e-01 8.236649559186902669e-01 8.245033942778107194e-01
5.880894650237706786e-03 1.190272204209047585e-01 3.110916524244565773e-01 5.244205102537267127e-01 4.108513760756118960e-01 4.741631857358405422e-01 7.014034690908467207e-01 1.000000000000000000e+00 7.076083879092787132e-01 6.441427149211784720e-01 7.265384858973040760e-01 7.901471288182289054e-01 7.117578375974594751e-01 5.898711320011561510e-01 7.904516604887809050e-01 7.959351054409593562e-01 7.132119518108126499e-01 6.928759272041028483e-01 7.145697364511184313e-01 6.263155024418040062e-01 7.072810117277388287e-01 6.710930091719135016e-01 7.213159884261967081e-01 6.901527198061377932e-01 6.747425612515639548e-01 7.658972687214834485e-01 7.665132876315751131e-01 7.362223500939799603e-01 7.390365791165151022e-01 7.608329234158214271e-01 7.901278991909298499e-01 7.824225541762634961e-01 7.157935414401883634e-01 7.541628843001539906e-01 7.460604826721969340e-01 7.481364055179098305e-01 7.676593311027914979e-01 7.825641953639767001e-01 7.860761588373580411e-01 7.420331040332998063e-01 7.968896090970611912e-01 7.955187498345781538e-01 7.860023681014629560e-01 8.042829936424845672e-01 7.912351119683881384e-01 7.883774267384812129e-01 8.055826319288283965e-01 8.034930677938511012e-01 7.978173009958359208e-01 7.737607706885161196e-01 7.898055123258268528e-01 7.575436266892049408e-01 7.955544346690898161e-01 7.993804046136442354e-01 7.923124612680724210e-01 8.014256978498608408e-01 7.807720633024002321e-01 8.067749712669114448e-01 7.986315904568567214e-01 8.075470202746893866e-01 8.055135115015045200e-01 8.039278908469688067e-01 7.946974319052377833e-01 7.952189598961434402e-01 7.877093270034949413e-01 7.984515217389439590e-01 8.027908868792783537e-01 8.012399396802091234e-01 8.029281317882598357e-01 8.007758173069851049e-01 7.996275785791313595e-01 7.992662779515808946e-01 7.975662944055965653e-01 7.855540534965921307e-01 8.049919525051024705e-01 8.011558388137670628e-01 7.945005910133120519e-01 7.865065642653328304e-01 7.945491049351828261e-01 7.971822579367705552e-01 7.976212453974675931e-01 8.043824882292788248e-01 8.036645703356168902e-01 7.877593952397059507e-01 7.926875633465615412e-01 8.020147464723994535e-01 7.984903701311962809e-01 8.065623598804373406e-01 8.004140447356805632e-01 8.066327127058298130e-01 7.834449609975338014e-01 8.043325819657374254e-01 8.020270990383869814e-01 8.033428163527892574e-01 8.067939619356244707e-01 8.060577959213535149e-01 7.952366206322067921e-01 7.958055843852339661e-01 8.081751378119311768e-01 8.037433923984180772e-01 8.047416717238279338e-01 8.086194442114905678e-01 8.071782725535334713e-01 8.103435644617223987e-01 8.041547022722219662e-01 8.010350683535050198e-01 8.065463488876660758e-01 8.083044936856137452e-01 8.091474880004922987e-01 8.114417132565879820e-01 8.122588539502970661e-01 8.083942554977808781e-01 8.093088134871078143e-01 8.076685945842865255e-01 8.039631242873626071e-01 8.045916285208336571e-01
1.308230054030506406e-01 1.932159769033202357e-01 3.447202013725091940e-01 5.345370717271322736e-01 4.356047461996918613e-01 4.927409270150390763e-01 7.236624785316780883e-01 7.076083879092787132e-01 1.000000000000000000e+00 7.454269418388419499e-01 7.940410955796527448e-01 8.305894427944094938e-01 7.615871193085488322e-01 6.122991100055411584e-01 8.256301798314749085e-01 8.318240760857515959e-01 8.091525429456261076e-01 7.563912158148340392e-01 7.882966499901876700e-01 6.338456648785083525e-01 7.475382141618660548e-01 7.385588223640198180e-01 8.078417851848007647e-01 7.597274939004324823e-01 7.437061611737127986e-01 8.383258733102523230e-01 8.282591039012637824e-01 7.912383191712325514e-01 8.338860324056019957e-01 8.413802794437108545e-01 8.568978420870980717e-01 8.458583212161314702e-01 7.522314349434733316e-01 8.037309528230118794e-01 8.115395263445134288e-01 7.853796809663964318e-01 8.231881289082776387e-01 8.283029234318527445e-01 8.313671997915489387e-01 7.424871239149216651e-01 8.515459855894318419e-01 8.328165568131492558e-01 8.053216726300655992e-01 8.455653800226023975e-01 8.316278610257776815e-01 8.330300440031658260e-01 8.663276500508859668e-01 8.761977290394939999e-01 8.751355709175305808e-01 8.244321093241432363e-01 8.499835790669092450e-01 7.999842098221563447e-01 8.467059489765078606e-01 8.820577917029471804e-01 8.647393695775690281e-01 8.635706578506995301e-01 8.770717859408944106e-01 8.589653425156223987e-01 8.663274633995096119e-01 8.791870857456666188e-01 8.701505600471326485e-01 8.741867258068155566e-01 8.631377710207004395e-01 8.742006385102449872e-01 8.773785779820291175e-01 8.828762984611665532e-01 8.738184003684356105e-01 8.632126356707464643e-01 8.652410751762843466e-01 8.415423339751219034e-01 8.550686498153816650e-01 8.658321460452897966e-01 8.509515198119389501e-01 8.482404565434497057e-01 8.683512372887218778e-01 8.654688114467414817e-01 8.544314575405773660e-01 8.699039541172606249e-01 8.566853929060102013e-01 8.697905668979235561e-01 8.613751731208983964e-01 8.673558911680707695e-01 8.767417790853080373e-01 8.471530014418736654e-01 8.358127248679410037e-01 8.580772805729434127e-01 8.468982256968248246e-01 8.550409379386842978e-01 8.517842170232611254e-01 8.608050416502349700e-01 8.121092973219665723e-01 8.571110325187265566e-01 8.486211777171717152e-01 8.509988201221522219e-01 8.717610809964734253e-01 8.751196112710891706e-01 8.330734327236212211e-01 8.818362896483853408e-01 8.696143817601592607e-01 8.559536398452805006e-01 8.428266315106045514e-01 8.747410754718727421e-01 8.647394772275402985e-01 8.623046691834800326e-01 8.639015299042810403e-01 8.808585172044599565e-01 8.794337119108646128e-01 8.734085447180186534e-01 8.727941598852484439e-01 8.755622190382188474e-01 8.692650349998960468e-01 8.801890314207498900e-01 8.765601138108454204e-01 8.791237061666165031e-01 8.810276200614332032e-01 8.853561307040918038e-01
5.792505578524222848e-02 1.774861961525976695e-01 3.367907653835412463e-01 4.889743285741183221e-01 4.030682556303359920e-01 4.567692583958724573e-01 6.672479421552688361e-01 6.441427149211784720e-01 7.454269418388419499e-01 1.000000000000000000e+00 7.253463850297977578e-01 7.675754028748540403e-01 7.013863599727930831e-01 5.596768504288075485e-01 7.697524344326478474e-01 7.641298389025354965e-01 7.205966119649759305e-01 6.958681361463717741e-01 7.319564823018076538e-01 5.794649252662961159e-01 6.723153373817383205e-01 6.809699729062368423e-01 7.360566914404178540e-01 7.012237660199933664e-01 6.963222578568962762e-01 7.703497751308713282e-01 7.666257170822866618e-01 7.474032354825961288e-01 7.623428108045022800e-01 7.798703604377172915e-01 7.997954684475814258e-01 7.887492028549248912e-01 7.288359962774879630e-01 7.605457413131705424e-01 7.591167982023061533e-01 7.310474444349853718e-01 7.641852081025596322e-01 7.811539229950587027e-01 7.805889281883510167e-01 7.210544153277934631e-01 7.937865861285238189e-01 7.820754383096604201e-01 7.577096902370784592e-01 7.891885571092643881e-01 7.741777757394003867e-01 7.807661833665359152e-01 8.036581863089701239e-01 8.109473798207798012e-01 8.013499688178160607e-01 7.611296311487544264e-01 7.873963179320048189e-01 7.247430277932132014e-01 7.751258577870949740e-01 8.120073784552945817e-01 7.934285460240942944e-01 8.019936575542345736e-01 7.841473971211138094e-01 7.973214221239965926e-01 7.987483500221995714e-01 8.067393911902631665e-01 7.952626092161396709e-01 8.012620383682367287e-01 7.881318279748256161e-01 7.921469280872853735e-01 7.825254309200591063e-01 7.953631908729621447e-01 8.076919390939434340e-01 8.043258313747123633e-01 8.057558914058937649e-01 7.814249473944600011e-01 7.954278075081937516e-01 8.044249998947482494e-01 7.906459310134612561e-01 7.913861541117229725e-01 8.006612345491863625e-01 8.015820878025003982e-01 7.977611044719207234e-01 7.994852014172318944e-01 7.998555593443369416e-01 8.040492370877496686e-01 8.013916733236203793e-01 8.041195856933963659e-01 8.092082867772659727e-01 7.935773817509605976e-01 7.855995768523685863e-01 8.000886248211566132e-01 7.888785344915397735e-01 7.993198059218812324e-01 7.950523647492563351e-01 8.035625249090085909e-01 7.716569810307690735e-01 8.000640810361177024e-01 7.910770075419361058e-01 7.965766674265694069e-01 8.062840832006347158e-01 8.098209768185730129e-01 7.745139828590713593e-01 7.956213859846685832e-01 8.019125305391900937e-01 7.946801862732979505e-01 7.876652130001823293e-01 8.011495814266724746e-01 7.974338516697329071e-01 8.013487137675384675e-01 7.923721815362079202e-01 7.999247200175656491e-01 8.087998684289762208e-01 8.089944833069390162e-01 8.070576994948781557e-01 8.069262628522713143e-01 8.035465863173577583e-01 8.093597253295986560e-01 8.072994530191223150e-01 8.042332899044780659e-01 7.993035728589521494e-01 8.057640001482712089e-01
1.633131899055379962e-02 1.422541152525852726e-01 3.598401373327551056e-01 5.864179024875132429e-01 4.479704437438812303e-01 5.110305873118956566e-01 7.585733629518947030e-01 7.265384858973040760e-01 7.940410955796527448e-01 7.253463850297977578e-01 1.000000000000000000e+00 8.696641807212663888e-01 7.796800256199881707e-01 6.347462772966988576e-01 8.624226200362160588e-01 8.573025111794180253e-01 7.827214440983344401e-01 7.786077382390641510e-01 8.038846865560111965e-01 6.615932519176769278e-01 7.803716513160365853e-01 7.628471032811151575e-01 8.084621396525043524e-01 7.724126290342370194e-01 7.718579416218930289e-01 8.576939439967978807e-01 8.590648677463275096e-01 8.324521099792012713e-01 8.352741386722922767e-01 8.691120190723591321e-01 8.873794551994530488e-01 8.788903505418329543e-01 8.179102986164721312e-01 8.590094446044573839e-01 8.535469041641272625e-01 8.412338666627261485e-01 8.685830553879161364e-01 8.751482329108990488e-01 8.813018368341184461e-01 8.256754308038283252e-01 8.834484607123730404e-01 8.830170529310070737e-01 8.682920163340400732e-01 8.851762906523003016e-01 8.810930237273868482e-01 8.805700522025858845e-01 8.899844342727381008e-01 8.937778824496118713e-01 8.893623259518778079e-01 8.708415568902169168e-01 8.855515953978297938e-01 8.476819761572422784e-01 8.774727342321744228e-01 8.849519985573160996e-01 8.803029365604064793e-01 8.910743912562161251e-01 8.716932737836046163e-01 8.894560791150933898e-01 8.867793303119333448e-01 8.918959136110196084e-01 8.941513604415531891e-01 8.866463813615917955e-01 8.808841959217018625e-01 8.862824043781043493e-01 8.664706415522792637e-01 8.850523736489680493e-01 8.911512067593999609e-01 8.931628540038412112e-01 8.943727030373638254e-01 8.825754191639814117e-01 8.898258010455014633e-01 8.911514941192083539e-01 8.819588966280947906e-01 8.816420859938812749e-01 8.948683773899217542e-01 8.929133501022871178e-01 8.872712813654848318e-01 8.824665434342059411e-01 8.848793490281761098e-01 8.913284604132210021e-01 8.938926746462225736e-01 8.953212931404603836e-01 8.955733364410876085e-01 8.862003846046276889e-01 8.874057092331535390e-01 8.962525033309597378e-01 8.909625575301868272e-01 8.956750292362529731e-01 8.929627319785645723e-01 8.934416775494978813e-01 8.759907591024163054e-01 8.949793553514545641e-01 8.901287344982306005e-01 8.920282195724769103e-01 8.941698261989070584e-01 8.957981560059700143e-01 8.829081964266709548e-01 8.853273108089003696e-01 8.963534234107652932e-01 8.941257458794449331e-01 8.894803312809280715e-01 8.950423372862953419e-01 8.931283297187154746e-01 8.943317183758016098e-01 8.932667837150067847e-01 8.853902769344378365e-01 8.978528111500703179e-01 8.939753308929773157e-01 8.965182294535090080e-01 8.950913816251553357e-01 8.948225775549590866e-01 8.939968250219093582e-01 8.934331991965929198e-01 8.932064593151380905e-01 8.864481062145327384e-01 8.920411786607400639e-01
4.776453779767500518e-03 1.346894079085698415e-01 3.834074910573841977e-01 6.334816628401479521e-01 4.700157151667687105e-01 5.309046864548802036e-01 8.094721470502527216e-01 7.901471288182289054e-01 8.305894427944094938e-01 7.675754028748540403e-01 8.696641807212663888e-01 1.000000000000000000e+00 8.239489915806017528e-01 6.769354077148762583e-01 9.204372483789046155e-01 9.136809775830722069e-01 8.269319208775872676e-01 8.080209650785440401e-01 8.370083751106002223e-01 7.087416197889023772e-01 8.191523052893862067e-01 7.894551818540423982e-01 8.407701012404170671e-01 8.016581342630985096e-01 7.921322296825377141e-01 8.995112054311026339e-01 9.020211716443241601e-01 8.758793227952871296e-01 8.685910620807426596e-01 9.009911766751813600e-01 9.323653658053693283e-01 9.252423519155549281e-01 8.629188713440901770e-01 9.001398679582404139e-01 8.906850928702844117e-01 8.893959819734679195e-01 9.111048093370188727e-01 9.241732807604894351e-01 9.315605671626294715e-01 8.851468523832395352e-01 9.369760009304495263e-01 9.376612629981027069e-01 9.282789898238116288e-01 9.429424159010345585e-01 9.349569910984238952e-01 9.330650492080428959e-01 9.421070880516513313e-01 9.432244017078509346e-01 9.375296653648905743e-01 9.176622661732525277e-01 9.332782498044868147e-01 8.942266152651137112e-01 9.310620168164081001e-01 9.339135784829536435e-01 9.280681739885240367e-01 9.392481979575553197e-01 9.135313575931065522e-01 9.416329703104174831e-01 9.354475923000176163e-01 9.422584668132767405e-01 9.438268541400680611e-01 9.369400506170547649e-01 9.275556390737461632e-01 9.330196891721942443e-01 9.172418719904493756e-01 9.324751665868089567e-01 9.419043529621352606e-01 9.423831793319180639e-01 9.433041701714820482e-01 9.378157382606959747e-01 9.404262937087007890e-01 9.377732333247564833e-01 9.339764040885655261e-01 9.269213967255415243e-01 9.433486106072294097e-01 9.443871414162515743e-01 9.362951135732847652e-01 9.229734546154851893e-01 9.339569588298565206e-01 9.370739055334608159e-01 9.413882952199049692e-01 9.457764991543861077e-01 9.455466779140553335e-01 9.330224820528241203e-01 9.394579460074079513e-01 9.454013063370850789e-01 9.444754291745859343e-01 9.477136812292040746e-01 9.465540434202485143e-01 9.449989742272445481e-01 9.307266643570498710e-01 9.478176105348875558e-01 9.466079371288279587e-01 9.467324600524308353e-01 9.463069892189135413e-01 9.468664128281892856e-01 9.364117248750677414e-01 9.325115386012031715e-01 9.472497545924859486e-01 9.462455354416992037e-01 9.457470281599344997e-01 9.460319372478971367e-01 9.463578267843509861e-01 9.489518922603007445e-01 9.452962563623297232e-01 9.342872910274104825e-01 9.470022361526266863e-01 9.453025897224528462e-01 9.471083427361559615e-01 9.483831134070908053e-01 9.471654275943285350e-01 9.445859800744883517e-01 9.443647463457776059e-01 9.453635109547394721e-01 9.385018967607388074e-01 9.419166697543406297e-01
1.916035530649518384e-02 1.120082053273822181e-01 3.330455489557040405e-01 5.338244264736329292e-01 4.366258121104213408e-01 4.777612842668662596e-01 7.279902375632296696e-01 7.117578375974594751e-01 7.615871193085488322e-01 7.013863599727930831e-01 7.796800256199881707e-01 8.239489915806017528e-01 1.000000000000000000e+00 6.245044073638612581e-01 8.364910543038514001e-01 8.412107554875087878e-01 7.610187005821865691e-01 7.133820239663010154e-01 7.548239702238463966e-01 6.203954583763673369e-01 7.226681674531083566e-01 6.997149830958306893e-01 7.543884287359091667e-01 7.099343132468421969e-01 7.022132887487890773e-01 8.159661285386089480e-01 8.152249842395806745e-01 7.808616521331732674e-01 7.880961997322836199e-01 8.172827228324532900e-01 8.480248583337917090e-01 8.288434586727218001e-01 7.720607982023202087e-01 8.052337987583246814e-01 8.005320450339103999e-01 8.012573268232818791e-01 8.194507328769725651e-01 8.297545985256389312e-01 8.459394798977751817e-01 7.811167040363964365e-01 8.500518219815247356e-01 8.443403497299597493e-01 8.375107384056144078e-01 8.583847832445637982e-01 8.423322037040010812e-01 8.444071197510504279e-01 8.620592955723892503e-01 8.602278892374991548e-01 8.501763994937331370e-01 8.190075792123228116e-01 8.374558688291535713e-01 8.069716265967576962e-01 8.458752590492726320e-01 8.550571787233958165e-01 8.390010881516637431e-01 8.525954302469569424e-01 8.284117169491462818e-01 8.588239663961244608e-01 8.447166434662325418e-01 8.649107040503548616e-01 8.592542521058124105e-01 8.544660040194855810e-01 8.411718214572139196e-01 8.534123366978478842e-01 8.449017058492255261e-01 8.523192107757934233e-01 8.649351752280426409e-01 8.565986165187075008e-01 8.566824507906869446e-01 8.446395742747296875e-01 8.501177824476405798e-01 8.528504552822946394e-01 8.445557521223119313e-01 8.371873469509631960e-01 8.590986707659935551e-01 8.600332557147781776e-01 8.507925943417731229e-01 8.458650733643906516e-01 8.478456403519490925e-01 8.585226466672759571e-01 8.587057812967155979e-01 8.637663840044569330e-01 8.644742882055025390e-01 8.504581539286133474e-01 8.458559027364840333e-01 8.582370683867789340e-01 8.535621091153891005e-01 8.577679961870088299e-01 8.586134321122499413e-01 8.598282748191488079e-01 8.356591204933196959e-01 8.617149328183651980e-01 8.588647878045657658e-01 8.597250166111612968e-01 8.677725481219318304e-01 8.666396961640581154e-01 8.409372917151566318e-01 8.496533652430824368e-01 8.631437145399704081e-01 8.556480155511294594e-01 8.591897494217466402e-01 8.600944068572049517e-01 8.628778638021500358e-01 8.663716390435621806e-01 8.607584508058163664e-01 8.538794467171546554e-01 8.626897914358245822e-01 8.672196267102549871e-01 8.632457115301482853e-01 8.660758311770218043e-01 8.627196296566401745e-01 8.679491864204059715e-01 8.632583118382678444e-01 8.662728038051833446e-01 8.653994284384578517e-01 8.636369616739645316e-01
