1.000000000000000000e+00 1.852742265154382895e-01 1.254381049655463876e-01 8.278583726105219476e-02 1.588727244176939626e-02 1.187946017221274027e-02 3.286128067425408972e-02 5.871864302240486361e-02 1.458817785635576625e-01 1.046024506991641290e-01 6.522558482872622965e-02 3.952334866684595327e-02 1.239955333426445705e-02 5.666024602134695637e-02 1.295929304472604252e-02 3.314104126202136597e-02 1.941274168563083269e-01 2.469428589530141827e-01 2.190544676305385685e-01 4.795989037800783145e-02 1.112618714826428407e-01 1.947920114053210139e-01 2.204914012015900260e-01 1.975242271922222348e-01 2.003563434696599976e-01 1.567919742244024139e-01 1.657655361867120813e-01 1.863339645468037042e-01 1.915796746394161365e-01 2.112891712939590771e-01 1.630766735476784635e-01 1.063082319626084127e-01 1.038088979480294854e-01 1.249898579973292567e-01 1.363318711894755952e-01 1.068981284220678479e-01 1.127886423268644189e-01 6.120826219561095738e-02 9.425841836374700133e-02 4.060261036076150132e-02 5.328286759692025393e-02 5.494767629586188445e-02 1.762555033220150266e-02 5.458253197823361574e-02 7.210747502759191907e-02 7.607065561183315450e-02 2.324520849445273554e-02 4.038206826467715532e-02 2.262960266594607472e-02 3.218252542578579206e-02 5.244929323118061731e-02 6.264682847441412072e-02 3.022532638159140805e-02 8.803192835161952057e-02 9.145107837420296537e-02 6.994814492905050696e-02 9.683968593553936299e-02 3.618660560332052217e-02 5.091084496748722599e-02 2.641340303458003871e-02 4.270537830075762931e-02 5.313706565360452189e-02 4.251863971533456632e-02 5.535723698213767391e-02 9.205095612121293180e-02 7.909427189213401321e-02 5.753031907119091765e-02 8.637000792440407970e-02 6.886203907639920629e-02 4.933621173267407206e-02 6.695200102080529903e-02 8.399472655453879555e-02 1.024167932456841595e-01 1.013114293194725540e-01 6.171109402353065765e-02 7.649404497698936156e-02 6.856248808096436498e-02 8.939009383787753504e-02 7.192860191203662157e-02 9.743360921448122880e-02 8.244967286573191834e-02 6.875017004038701252e-02 7.822445260725141569e-02 7.849070837117798349e-02 3.000412640542356874e-02 7.047341600326409439e-02 4.355894587859096556e-02 2.868669914978719607e-02 4.671806994971584859e-02 4.592985734182886831e-02 3.746506454920782436e-02 2.090227955017097752e-02 3.221160840444573653e-02 3.339120824607202248e-02 9.971209943820563346e-03 2.790996618130013943e-02 -5.506829174805374580e-03 5.954829394580511692e-02 2.162252214686600713e-02 2.331319849989556270e-02 1.920796303645437141e-03 3.154615606015239576e-02 1.907807219275857447e-02 1.540514778720943750e-02 4.889090410486565674e-02 6.465960617498558993e-02 3.347561713692989716e-02 3.652683117896404069e-02 4.056380222476957398e-02 2.778578214027823193e-02 2.730083175635886206e-02 2.398478959336231703e-02 2.951041250570550500e-02 3.463644360425569002e-02 6.383117056105762355e-02 5.278027039283148675e-02
1.852742265154382895e-01 1.000000000000000000e+00 1.701834252491560284e-01 1.351080141878518437e-01 6.839462598553187889e-02 9.367770920674912960e-02 1.734842161595469279e-01 1.654833741593106367e-01 2.251261418675227777e-01 2.376684566691174838e-01 1.782017970745532476e-01 1.731476560322927905e-01 1.549489074140630307e-01 1.519619489736546980e-01 1.754950901409364772e-01 1.704238161690919129e-01 2.543592093219707029e-01 2.966867314008770906e-01 2.666437460740938570e-01 1.538751146738556730e-01 1.871816378034059647e-01 2.375984995179397652e-01 2.697797461181482559e-01 2.756524313409421945e-01 2.666120730996033306e-01 2.409130753451143303e-01 2.286158381662891093e-01 2.617107315725905603e-01 2.559099196026769496e-01 2.778086007881168107e-01 2.605726245708168132e-01 2.299433634562646489e-01 2.109053129565655327e-01 2.295231394588840568e-01 2.269419342547032425e-01 2.319625082078285161e-01 2.322359063465493922e-01 2.118003784484848440e-01 2.372063812814318440e-01 1.966175841786778622e-01 1.940048725177940803e-01 1.936458541440026215e-01 1.840289222349419662e-01 2.022129855596011550e-01 2.107527578276870428e-01 2.110334673585900211e-01 1.800865991269961774e-01 1.862983133987599904e-01 1.751444757233176219e-01 1.723083216671378870e-01 1.942785550893108559e-01 1.751907783147853281e-01 1.687623341761805007e-01 2.088150139728056076e-01 1.972163937704316805e-01 2.137178550964612400e-01 2.110322955170440273e-01 1.791599204037801207e-01 1.865631143703190276e-01 1.781908200496160888e-01 1.860016036476029033e-01 1.897535900081989413e-01 1.775248895241052782e-01 2.006226625060274493e-01 2.082284018025109817e-01 2.046974483525345057e-01 1.979435969330195222e-01 2.176537629463759227e-01 2.159685287706633872e-01 1.992159240957848410e-01 1.998781598470458498e-01 2.107221660529428886e-01 2.305802873569503531e-01 2.284575218077188330e-01 1.998054266790826317e-01 2.088924788806380828e-01 2.123004435880115615e-01 2.205542859577632742e-01 2.124461133576636407e-01 2.222415075240783966e-01 2.174931105999208247e-01 2.092341494270887892e-01 2.189886173003549319e-01 2.116818061518463412e-01 1.839988460448138963e-01 2.095035845719175616e-01 1.971690882529258393e-01 1.905540420040300331e-01 1.998838992137625392e-01 2.005277770662395320e-01 1.982677349763209695e-01 1.786485124119577272e-01 1.863109427182698952e-01 1.929016245097222304e-01 1.714892381448588077e-01 1.818444314143472240e-01 1.562407946512180401e-01 1.856600632835176956e-01 1.700863565405881239e-01 1.724435446980255304e-01 1.733487625687246958e-01 1.744350316672416412e-01 1.693748941543028741e-01 1.655679467668083049e-01 1.862403651251795245e-01 1.997153836075019895e-01 1.798392892213759586e-01 1.885710013556504971e-01 1.858636949773152525e-01 1.789517817884687390e-01 1.781476335890265772e-01 1.784677423822068343e-01 1.828833132994522881e-01 1.870168128931227747e-01 1.955243725018393497e-01 1.906190693861755381e-01
1.254381049655463876e-01 1.701834252491560284e-01 1.000000000000000000e+00 4.191019489153368638e-01 1.914793405870822696e-01 2.633720480991519342e-01 3.937465722157188486e-01 3.486943532168265691e-01 4.020704447238808710e-01 3.719912772926957101e-01 4.151557060543874522e-01 4.126466353787006103e-01 3.571239289941877115e-01 3.684998218792943647e-01 3.916277539422939324e-01 3.932192962460244190e-01 3.944268694585508217e-01 4.477534044629206678e-01 4.678718283337242045e-01 3.643232371665386382e-01 4.367387028221923484e-01 4.878104555852899593e-01 4.483619044302180612e-01 4.678892007680530152e-01 4.756890012746883278e-01 4.585080047662332126e-01 4.612995023703054254e-01 4.660643557477767707e-01 4.141561489130543006e-01 4.444236894878094146e-01 4.555635370802726403e-01 4.474576371969804511e-01 4.450668390215169468e-01 4.358715477467312027e-01 4.274394281568081322e-01 4.360455235012934416e-01 4.433621846818798784e-01 4.129668869453614333e-01 4.303027588618823507e-01 4.320335742952338132e-01 4.132879428242423048e-01 4.177348576611340514e-01 4.119837025542616438e-01 4.314361599735211938e-01 4.402650082853546976e-01 4.247673069525492173e-01 3.811168584230112955e-01 3.839327527952876573e-01 3.706827756701308041e-01 3.886957617968478940e-01 4.054269098699583851e-01 4.178925803801726291e-01 4.006067359446210951e-01 3.844699324082048175e-01 3.940551290900765058e-01 4.262589994929514847e-01 3.945228861417485744e-01 3.916317681678371243e-01 3.881661467145123834e-01 3.863004108672839498e-01 3.943861974539721871e-01 3.824844481354403025e-01 3.814828194376239101e-01 3.955858235304761106e-01 4.063570339214287452e-01 4.002428021038127448e-01 3.890992223286769414e-01 4.208855313822892907e-01 4.225515072672338945e-01 4.263779262192203268e-01 4.402229775478973539e-01 4.333958730261466830e-01 4.400367610703264099e-01 4.452337696947665791e-01 4.149308988195755665e-01 4.263511055562433927e-01 4.095308405395491347e-01 4.049496157652391348e-01 4.239863708626959160e-01 4.173137164360844475e-01 4.295089131805687743e-01 4.171367654028075300e-01 4.210046677743389254e-01 4.197055134341448612e-01 4.031410282469341522e-01 4.189069506000606125e-01 4.187136230950784799e-01 4.032367815692132762e-01 4.020587694379387234e-01 4.084989654447182539e-01 4.235313223592164777e-01 3.907620991537338329e-01 4.030845748270815987e-01 4.026797216107795285e-01 3.737682239240274207e-01 3.785873995711619422e-01 3.849335074907671017e-01 3.885775801376794014e-01 3.828059526561097825e-01 3.898675594372171815e-01 3.933086922987064082e-01 3.894662543144894462e-01 3.837237836245674383e-01 3.894506602976545162e-01 4.036125103825318194e-01 3.965796404778760831e-01 3.807181824453422792e-01 3.792961938546161593e-01 3.864283322620110650e-01 3.790531975789466212e-01 3.840100772786800287e-01 3.820950644078037750e-01 3.830880739104440269e-01 3.868383460772718552e-01 3.935183511965842373e-01 3.946917711634285175e-01
8.278583726105219476e-02 1.351080141878518437e-01 4.191019489153368638e-01 1.000000000000000000e+00 3.609811445440317401e-01 4.014544820591997021e-01 6.152214761079450867e-01 5.823532407381086795e-01 5.559002306786002823e-01 5.260680690811350146e-01 6.075131679036974708e-01 6.386492362782906218e-01 5.615606323914994480e-01 5.406618278812875822e-01 6.210599257976600063e-01 6.143700523761211896e-01 5.431435777357258576e-01 4.983085758277713828e-01 5.547693947924647873e-01 5.365018695493460887e-01 5.960665527987839551e-01 5.944554249412966618e-01 4.824078585418661858e-01 5.257026822743726679e-01 5.489427375061206593e-01 6.039692409626423730e-01 6.126401732608823814e-01 5.823549655790181134e-01 5.223725837269406203e-01 5.555694145400089656e-01 5.997854537390301388e-01 6.009155896301824340e-01 5.767652788617679827e-01 5.686277391060489128e-01 5.471840812646796559e-01 5.864908374199914176e-01 5.791726550969172882e-01 6.073977627245259470e-01 5.970105257749097616e-01 6.132288779228860509e-01 6.129615729620890852e-01 6.177002222412276700e-01 6.257047189118252195e-01 6.290133042048245970e-01 6.303029042246369729e-01 6.014551353199091288e-01 5.934127988597387438e-01 5.804811365655649924e-01 5.918369363799318439e-01 5.969601703447212637e-01 6.084511285575647799e-01 6.226014460138856732e-01 6.120718666003173158e-01 5.704176966900661450e-01 5.717260004671057549e-01 6.058488833242479110e-01 5.921074707073051835e-01 5.964916668722193283e-01 5.929237386185091108e-01 5.978302434961915157e-01 6.095105084605511037e-01 5.884014925755878256e-01 5.924800330617793209e-01 6.029388565239212072e-01 5.921858029259884360e-01 5.999603995585095495e-01 5.937338932549014459e-01 5.917595835135832649e-01 5.947878851368426645e-01 6.359357623416643790e-01 6.350343624892513805e-01 6.154421162917650401e-01 5.922964485515973543e-01 6.033640646789651951e-01 6.162327886664364929e-01 6.159078646542265334e-01 5.990524261692139474e-01 5.849323254838507680e-01 6.165816652344874305e-01 5.992715329153242010e-01 5.965868299430684418e-01 6.139766814126417227e-01 6.044700475588600241e-01 5.910447334730126734e-01 6.049109960818065401e-01 5.997238404624533059e-01 6.108245294601574171e-01 6.096185983603037428e-01 6.021521900710680164e-01 6.110754894284549099e-01 6.210711592816322568e-01 6.076724907197351699e-01 6.116298850329818793e-01 6.095124147262184211e-01 5.952980512664204360e-01 5.920595602514201472e-01 6.171278871518351972e-01 6.069077156053982458e-01 6.091220364863001446e-01 6.083738508172000792e-01 6.173283348236699997e-01 6.105600051180916088e-01 6.096724743634354127e-01 6.114410898632135494e-01 6.114947981739243810e-01 6.081345458565953210e-01 6.010089766743101913e-01 5.855991130983939641e-01 5.902649101465973214e-01 5.972021156021334320e-01 5.971505564380901188e-01 6.027181057139660014e-01 6.007425806121867717e-01 6.023810000943476961e-01 5.960775262563576815e-01 6.071685904741715989e-01
1.588727244176939626e-02 6.839462598553187889e-02 1.914793405870822696e-01 3.609811445440317401e-01 1.000000000000000000e+00 3.430067003999137665e-01 4.777525311283093434e-01 4.796332523730215680e-01 4.664657906860879555e-01 4.509935016353138759e-01 4.749358711000791211e-01 5.034107889956334070e-01 5.235931449430607509e-01 4.567675249173394625e-01 5.390592666276377010e-01 5.147969999340131775e-01 4.270746757844375852e-01 3.526848542361650796e-01 3.930641712966906343e-01 3.397352989232911846e-01 3.824949151166238681e-01 3.797462059589711281e-01 3.636491251322985230e-01 3.783242947499522724e-01 3.784887390284640829e-01 4.619143773071562320e-01 4.699202834137906071e-01 4.467014011972088028e-01 3.997281625062887311e-01 4.204497856798557476e-01 4.567468306558440938e-01 4.802396234517206652e-01 4.474177087533393604e-01 4.573838622561361422e-01 4.484766471871819427e-01 4.642818476757973323e-01 4.674568440083882725e-01 4.945845479710864190e-01 4.871583135586746716e-01 5.012710751493364425e-01 5.144280619357441964e-01 5.168009865336238295e-01 5.161049761835468930e-01 5.144656953849603420e-01 5.074323689422726158e-01 4.998677771985819973e-01 5.186349559343891302e-01 5.195731226718344198e-01 5.155069259236817469e-01 4.878206135020756173e-01 5.007351020164577671e-01 5.044987748244730286e-01 5.185226067547469286e-01 5.078135541314656720e-01 4.970879738503647394e-01 5.026885175673072581e-01 4.987550261596344625e-01 5.133097939241112462e-01 5.086911486688088235e-01 5.236162223128834059e-01 5.196931135906048826e-01 5.178925685804818269e-01 5.095412921367313830e-01 5.092536853768997451e-01 5.033224268149441016e-01 5.081143418837383852e-01 5.172509667785308851e-01 5.038955960279153379e-01 5.087846290286363038e-01 5.086542774407362133e-01 5.120420152538901482e-01 5.087186951173517935e-01 4.960648432095761118e-01 4.940598745586560203e-01 5.124992009548094973e-01 5.092289404272587472e-01 5.105469849319915765e-01 4.896858843678890683e-01 5.055180776566937650e-01 4.985541441698982945e-01 4.986240669949262294e-01 5.093547198873487059e-01 5.067901189306013299e-01 4.989404359141370593e-01 5.130289920642023827e-01 5.074453774328888667e-01 5.159310273723917151e-01 5.195030414780459349e-01 5.145367087189285371e-01 5.129032793322930717e-01 5.156294726294196051e-01 5.240471194641425079e-01 5.231162071314742201e-01 5.213700675449250976e-01 5.226361922959843476e-01 5.210986329515362447e-01 5.231978465116523536e-01 5.065420828885170978e-01 5.253117993194456048e-01 5.174592703683353889e-01 5.312822434216872836e-01 5.176748874767644892e-01 5.282271569705631054e-01 5.254998011181020168e-01 5.168623747206291252e-01 5.082685463049940733e-01 5.210868090113004447e-01 5.140571066098034159e-01 5.141690123983561067e-01 5.207830628202900769e-01 5.193520434839455913e-01 5.269175298468951052e-01 5.223546669245967555e-01 5.203616637555876778e-01 5.136867023663376219e-01 5.190907854646353847e-01
1.187946017221274027e-02 9.367770920674912960e-02 2.633720480991519342e-01 4.014544820591997021e-01 3.430067003999137665e-01 1.000000000000000000e+00 5.393540074396232509e-01 5.137718868764277191e-01 5.553135028650180161e-01 5.100972759461043227e-01 5.813567143441641383e-01 6.033677111580689756e-01 5.648105230565939605e-01 5.500141539278446956e-01 6.151144133845235507e-01 5.990578361585345846e-01 5.149773820971902394e-01 4.289320153987049022e-01 5.076434184763591873e-01 4.099126359162784117e-01 4.726164235656691304e-01 5.180257914386278140e-01 4.629593575581196774e-01 4.649211598471493789e-01 5.005564229137466903e-01 5.796349302898882172e-01 5.859263594130255104e-01 5.517455920131925096e-01 5.129928091576050342e-01 5.304214401408581248e-01 5.869670090858183364e-01 5.660620603031102371e-01 5.404671018716113995e-01 5.462779257324531512e-01 5.482584744248822917e-01 5.760001081042736004e-01 5.978581063040729893e-01 5.896320532526452274e-01 5.973110217257963095e-01 5.869958552371300486e-01 6.250464165027519448e-01 6.181619082068208204e-01 6.158876716721068956e-01 6.267960334027473657e-01 6.184536486402865130e-01 6.056108833534250557e-01 6.208188963874111677e-01 6.143708705681284465e-01 6.089316657233070362e-01 5.939811691298821916e-01 6.085979952364531931e-01 6.080899394342605957e-01 6.173900134990101263e-01 6.003890524501934722e-01 5.953462168260500453e-01 5.995470430971852061e-01 5.937663765985706776e-01 6.191856504259869443e-01 6.056766053489638368e-01 6.219305663335092937e-01 6.195108690410202623e-01 6.170520514788375710e-01 6.125648026897467791e-01 6.149040579446438670e-01 6.048426035733479589e-01 6.077705307951611902e-01 6.109377793537922319e-01 6.090963379701862523e-01 6.075997900783545180e-01 6.100280955969924479e-01 6.212064197230836582e-01 6.228597734323928492e-01 5.910536217275902393e-01 6.053332001487901071e-01 6.232202434031041127e-01 6.208268412738399133e-01 6.155572352573419614e-01 6.013046065435393439e-01 6.146557872206654949e-01 6.018682867378956081e-01 6.106035711856113712e-01 6.229824196331764652e-01 6.062438974394451785e-01 6.009279249229191322e-01 6.074808366156275730e-01 6.062110558198396948e-01 6.212176183209071612e-01 6.166333627023683484e-01 6.156689250120406243e-01 6.124500959061718319e-01 6.182240036270970629e-01 6.256470643516865993e-01 6.219468983702615139e-01 6.240227259379498292e-01 6.208503468006857373e-01 6.201202538827932376e-01 6.159517964344750629e-01 6.088796608556364953e-01 6.228520330731053267e-01 6.212717276264391186e-01 6.263348932168768535e-01 6.166700398058069243e-01 6.227265251213730535e-01 6.278865280905088220e-01 6.169971230149973174e-01 6.078533905744109012e-01 6.188801957320316793e-01 6.167877850115650595e-01 6.171482546058419949e-01 6.203258385138070707e-01 6.170390881792525706e-01 6.228510576283554645e-01 6.214953198002950430e-01 6.198655430563901891e-01 6.154337089512649239e-01 6.155046170122255855e-01
3.286128067425408972e-02 1.734842161595469279e-01 3.937465722157188486e-01 6.152214761079450867e-01 4.777525311283093434e-01 5.393540074396232509e-01 1.000000000000000000e+00 7.313170816602274638e-01 7.060251152414627196e-01 7.053942782979849557e-01 7.544185274189226798e-01 7.987148159500688793e-01 7.356073130129371362e-01 7.175064587466500887e-01 8.418326592338660763e-01 8.023083937001351806e-01 6.967740169577840703e-01 6.115318744995891231e-01 6.921909049337527930e-01 6.248942443905847188e-01 6.969489092872760416e-01 7.127324613879389981e-01 6.204676722405522149e-01 6.618092048145899353e-01 6.924844259024102167e-01 7.710249896167896688e-01 7.705539650291499676e-01 7.492462754195167163e-01 6.603662691412240937e-01 7.016424589625701591e-01 7.718153666556436532e-01 7.698864096859909800e-01 7.255519995621909635e-01 7.247683505629602951e-01 7.136101297458038450e-01 7.619204963141146258e-01 7.764833517837593790e-01 7.916473909384368346e-01 7.820691703564177644e-01 8.023187803952850361e-01 8.031637154359601016e-01 8.092343417419899376e-01 8.129370405816921386e-01 8.230463693925645918e-01 8.165081094715965770e-01 8.020877931283018070e-01 7.935290225217030979e-01 7.861605739535745263e-01 7.849916911192036384e-01 7.748243335314745073e-01 7.955910216216536268e-01 7.949849348585120712e-01 7.963081754925094291e-01 7.647703963931902216e-01 7.631640875536295221e-01 7.991763663630229164e-01 7.754388082413340433e-01 7.997499963851115723e-01 8.002273439799334476e-01 7.984618900072677494e-01 8.003546324599872808e-01 7.945313801157933842e-01 7.917535747669489643e-01 7.975167360784883863e-01 7.806105935801117557e-01 7.859933682087562046e-01 7.876593983499325935e-01 7.871522686019424286e-01 7.903656907419024380e-01 8.139929562820799047e-01 8.191327412267068731e-01 8.072379117355044098e-01 7.827431710173782253e-01 7.931618177654099489e-01 8.047858896165822618e-01 8.034552014278428800e-01 7.995963074413914295e-01 7.664919525086019148e-01 8.064750741906004938e-01 7.858243308728037890e-01 7.902829735158010127e-01 8.016343068190566745e-01 7.918167878705251184e-01 7.773705554427969844e-01 7.959360144825045058e-01 7.912088230400446953e-01 8.073084664888096063e-01 8.091844051265725257e-01 7.973162128288182604e-01 8.040661636070557394e-01 8.210793388339576726e-01 8.093590754703344770e-01 8.088231629004543066e-01 8.107140878787358895e-01 7.936353113523890723e-01 7.919616872897811133e-01 8.050806341408228706e-01 7.835893322240492509e-01 7.999743217831810638e-01 8.009724779760589719e-01 8.130435805887697986e-01 7.962789178022684489e-01 7.960569272364598215e-01 8.084248047667215165e-01 7.987630988926804898e-01 7.876196860257265175e-01 7.925369948078109239e-01 7.856156787880261838e-01 7.898762259011158360e-01 7.960659362732400712e-01 7.964204483382798516e-01 7.983102521385453398e-01 7.962045061704965399e-01 7.945187589560371855e-01 7.895633548047781280e-01 7.900484728644158183e-01
5.871864302240486361e-02 1.654833741593106367e-01 3.486943532168265691e-01 5.823532407381086795e-01 4.796332523730215680e-01 5.137718868764277191e-01 7.313170816602274638e-01 1.000000000000000000e+00 7.263732301156660132e-01 6.962521252781190828e-01 7.473354748538844072e-01 7.874185615582665054e-01 7.511324113375563716e-01 7.079138508270991226e-01 8.091932955481836443e-01 8.143417344043378803e-01 7.024242531253774846e-01 5.887443898760126304e-01 6.594050645609210726e-01 5.624349995798191282e-01 6.167942531510683946e-01 6.552382031382003591e-01 5.987069808838121343e-01 6.213929918003784358e-01 6.392336423836022519e-01 7.510838995233464210e-01 7.582506550834214876e-01 7.242819190993056155e-01 6.584262206504128967e-01 6.830367825760229605e-01 7.451414259534119289e-01 7.650112281725816032e-01 7.072535990856013699e-01 7.311379412735907746e-01 7.028112821401005794e-01 7.425116186031616161e-01 7.467643161296398935e-01 7.838715879865939540e-01 7.750835187267774984e-01 7.753976015705209557e-01 7.947776151442796921e-01 8.049229955560801564e-01 7.964086876890381639e-01 8.049908347271105269e-01 7.951772550258295880e-01 7.877565922001391607e-01 7.985230454786576004e-01 7.938814170277150861e-01 7.933909497823553592e-01 7.804196644393660565e-01 7.941484508517472340e-01 7.914158325461014831e-01 7.985190812890498036e-01 7.794649196656766588e-01 7.725715943307126521e-01 7.879618991768131409e-01 7.810293726753722021e-01 7.991424957026086462e-01 7.926706925598646647e-01 8.001941170878678067e-01 8.036164955065611126e-01 7.951061065361887392e-01 7.909635595291990562e-01 7.979334498053692881e-01 7.890875093004019458e-01 7.918122759754899764e-01 7.970339418802550036e-01 7.854776534146319378e-01 7.908628180559788001e-01 7.944772440234495470e-01 7.973574248571230205e-01 7.938184144964961497e-01 7.719474083807867926e-01 7.736633952002334169e-01 8.018403304057931669e-01 7.959053098497661516e-01 7.915321624200366557e-01 7.669401162637388136e-01 7.941889252037026559e-01 7.784751255860925534e-01 7.817499929020320648e-01 7.937953836034454813e-01 7.932734010035646932e-01 7.727131334552600483e-01 7.976447975474415530e-01 7.909265345356657484e-01 7.960397180670372164e-01 8.071518452137671495e-01 7.976857090861867450e-01 7.979940703239820632e-01 8.009563343801233692e-01 8.075042595825127067e-01 8.080332650506644177e-01 8.049683035860025759e-01 8.012391355979873175e-01 7.989142916624151214e-01 8.053190933959299969e-01 7.981365909085975652e-01 8.086718553343759108e-01 8.099460455945550752e-01 8.098221447829792030e-01 8.049372841247660615e-01 8.042322272521109650e-01 8.099144114999137223e-01 8.048599473607829236e-01 7.964126063676497669e-01 8.031031687038258093e-01 7.942608664551955577e-01 7.936275080071343302e-01 8.046531307805271371e-01 8.010608721268586141e-01 8.026415626668809145e-01 8.019506490098544660e-01 8.006410554481704356e-01 7.951873186365174817e-01 8.010222570012657251e-01
1.458817785635576625e-01 2.251261418675227777e-01 4.020704447238808710e-01 5.559002306786002823e-01 4.664657906860879555e-01 5.553135028650180161e-01 7.060251152414627196e-01 7.263732301156660132e-01 1.000000000000000000e+00 7.735651699588096397e-01 8.098508170934347605e-01 8.309269683114155480e-01 7.683980779881758316e-01 7.790948391303841314e-01 8.411088643431527956e-01 8.381716285151047385e-01 8.087856944108390289e-01 6.894272904061806706e-01 7.531051018310088718e-01 5.581007044134090878e-01 6.239241269586746075e-01 7.188504028342783680e-01 6.990105209497151639e-01 7.101033143467405662e-01 7.268206067468068188e-01 8.443115352410414109e-01 8.394788682627832843e-01 8.235614138659386185e-01 7.742475456256323607e-01 8.073937131845755344e-01 8.447850490088959496e-01 8.533445979250536828e-01 8.108073335199985632e-01 8.216137913324610409e-01 8.194118251593254243e-01 8.273115180417305314e-01 8.408395271567293827e-01 8.592692257598328887e-01 8.666533782125056540e-01 8.303593968231181011e-01 8.770414732053014584e-01 8.734684168397501836e-01 8.464778030895259153e-01 8.740017921984366556e-01 8.646238214885124673e-01 8.646163799801407368e-01 8.728148774278473576e-01 8.827948236758176304e-01 8.684979240471990547e-01 8.408819072476324541e-01 8.679461774145198483e-01 8.517596073890383312e-01 8.640999299334809480e-01 8.819501715964771504e-01 8.724231390054471014e-01 8.667045107054200948e-01 8.731020735903263219e-01 8.703831265874525380e-01 8.707224015479240187e-01 8.733031085154262518e-01 8.790518737301598051e-01 8.781720461167668024e-01 8.723635354521058760e-01 8.778204729707557163e-01 8.769735074680696796e-01 8.792721484284975464e-01 8.791014791041100729e-01 8.782197831629521279e-01 8.773768389631289022e-01 8.548642324785417079e-01 8.603760643688922460e-01 8.763177144308262889e-01 8.648130499103829916e-01 8.664146576277289569e-01 8.816151750708954848e-01 8.834658718027411650e-01 8.794665567228663328e-01 8.680907566692814825e-01 8.723193220219093158e-01 8.780067659170481820e-01 8.758222839498951418e-01 8.823932983028349719e-01 8.743908101161972368e-01 8.757682644901203517e-01 8.669050752912174085e-01 8.796860138170961019e-01 8.750353752189303780e-01 8.758163257797181300e-01 8.787009493334798638e-01 8.703668503038705095e-01 8.684838620412209664e-01 8.739011750953824542e-01 8.743197095784600581e-01 8.777149666698210728e-01 8.710682423636372240e-01 8.763665666767913587e-01 8.541712534738468143e-01 8.699410378590655135e-01 8.683828509084018377e-01 8.692565931221117870e-01 8.637690106544535507e-01 8.732329576381951952e-01 8.701446613813159647e-01 8.709400256310466659e-01 8.759178589696580142e-01 8.740296342840869759e-01 8.749589269966138172e-01 8.771467957847285390e-01 8.755182569268411541e-01 8.740398081962452714e-01 8.729378885614972328e-01 8.738380192059149731e-01 8.760040481410575897e-01 8.745372040575303263e-01 8.781638444058480486e-01 8.778943600180644236e-01
1.046024506991641290e-01 2.376684566691174838e-01 3.719912772926957101e-01 5.260680690811350146e-01 4.509935016353138759e-01 5.100972759461043227e-01 7.053942782979849557e-01 6.962521252781190828e-01 7.735651699588096397e-01 1.000000000000000000e+00 7.618052728000213047e-01 7.935169815808148508e-01 7.290948654767084314e-01 7.384115418159504785e-01 8.088094217625669824e-01 7.992521298055318413e-01 7.484191882029554987e-01 6.589306470276546923e-01 7.145784005580690934e-01 5.351814294432263308e-01 5.917094762903351013e-01 6.667222157800902771e-01 6.677550806036299802e-01 6.921679987853591731e-01 6.862213733153771367e-01 7.916889159817694921e-01 7.867507508933759830e-01 7.671498412469575090e-01 7.200574089934802524e-01 7.667214685284895470e-01 7.944438146206582729e-01 8.261763134328811153e-01 7.621554909512744391e-01 8.006518063100466209e-01 7.706215169465674419e-01 7.920291575622619984e-01 7.925779850568598350e-01 8.329525867090331603e-01 8.341669263547311086e-01 7.989533775494020995e-01 8.317415048750647077e-01 8.354422409110958681e-01 8.114252079799540995e-01 8.326893740109378994e-01 8.222464583854747211e-01 8.312495442819851643e-01 8.313364008673028716e-01 8.376972473518921047e-01 8.304158952079760958e-01 8.123126796552302409e-01 8.353994182531025992e-01 7.946860227509024988e-01 8.098109882365349677e-01 8.303691608506706956e-01 8.174651297241107839e-01 8.335538094094954165e-01 8.184759531795121612e-01 8.283737133291980692e-01 8.296431095678878931e-01 8.268001630852555017e-01 8.293543367716017523e-01 8.254396221032223036e-01 8.249466211193398069e-01 8.264864749257937460e-01 8.227958025868769010e-01 8.213036420900684531e-01 8.363324439141109901e-01 8.360351013053141100e-01 8.400343741717469781e-01 8.131018850567555134e-01 8.137127091506463072e-01 8.288578522355473099e-01 8.304049033683482683e-01 8.240633194570230469e-01 8.335258604327507870e-01 8.372696841058373529e-01 8.347601982319989844e-01 8.193859149965821986e-01 8.324720419567979146e-01 8.350889364528714109e-01 8.319934631671921377e-01 8.350395712381616375e-01 8.378649492736344184e-01 8.329327970522609759e-01 8.385518357135789413e-01 8.443645627984112112e-01 8.316723976121046524e-01 8.399775757375144147e-01 8.408561965421982309e-01 8.354079305749523288e-01 8.309017899710405830e-01 8.351780448910731680e-01 8.329481417948647604e-01 8.374442647324175093e-01 8.304044268107599880e-01 8.334406386373915954e-01 8.222056563354124270e-01 8.264749144878985598e-01 8.280506435025988266e-01 8.324178863398242756e-01 8.287239065155992401e-01 8.317842021739959568e-01 8.221654025951012912e-01 8.295377583344665240e-01 8.329331810330813379e-01 8.291957611394532579e-01 8.340739446895509834e-01 8.328148640221461063e-01 8.320313133921624082e-01 8.316170407803286091e-01 8.307318027081384004e-01 8.305160436932954582e-01 8.311701247477399912e-01 8.335201700232838240e-01 8.290444265564280713e-01 8.294229810562659955e-01
6.522558482872622965e-02 1.782017970745532476e-01 4.151557060543874522e-01 6.075131679036974708e-01 4.749358711000791211e-01 5.813567143441641383e-01 7.544185274189226798e-01 7.473354748538844072e-01 8.098508170934347605e-01 7.618052728000213047e-01 1.000000000000000000e+00 8.750492352016777664e-01 7.952885094780267616e-01 7.990204665840338061e-01 8.728829325200542222e-01 8.664873046475481955e-01 7.893816510910692807e-01 6.910201079352834563e-01 7.762061148922760889e-01 5.937390133618423160e-01 6.878712904467257916e-01 7.560495957088568808e-01 7.131666219592199818e-01 7.303478026008003443e-01 7.601378372418476914e-01 8.604749829640645498e-01 8.598175547389291795e-01 8.343351489827062206e-01 7.791176999107785051e-01 8.252243957266164331e-01 8.744523653532241259e-01 8.603984023800255176e-01 8.319236793904611904e-01 8.344414295970760120e-01 8.355209571325313833e-01 8.590682363381849651e-01 8.737891548794681773e-01 8.822317550601109781e-01 8.905618873089686804e-01 8.664481408237513227e-01 8.956067926056463513e-01 9.003883200864249980e-01 8.896191648286779774e-01 9.022983490348511770e-01 9.052783341289408758e-01 8.935977401333161652e-01 8.980252688823852081e-01 8.944753555483543339e-01 8.845072964907194635e-01 8.597956976308247512e-01 8.880968957636699024e-01 8.788923696055244150e-01 8.901196649945913864e-01 8.813327289509065299e-01 8.775818055503806780e-01 8.899427158632954304e-01 8.743677029799674649e-01 8.943047388195680680e-01 8.855264959053028573e-01 8.963071943445520828e-01 8.967925836350107982e-01 8.944991362433232229e-01 8.888169374802490363e-01 8.944213994315364236e-01 8.886027893038661585e-01 8.917763812478768370e-01 8.965836700251612612e-01 8.996963504443874493e-01 8.982574527878018911e-01 8.866982302106692915e-01 8.964975385462868873e-01 9.040882720081385715e-01 8.816116026130579320e-01 8.945385939182877166e-01 9.069504953297871097e-01 9.085276893421450062e-01 9.003240390646626290e-01 8.838137570770970841e-01 9.019226956552566232e-01 9.003139302334596250e-01 9.012195626946389870e-01 9.061644106663463427e-01 8.962132216340623625e-01 8.953875202513462694e-01 8.926135351784346694e-01 9.007686725872133815e-01 9.078367371395023033e-01 9.020426540528651005e-01 9.045901696161169347e-01 8.995499714520946988e-01 9.021294338842003047e-01 9.036067364312792005e-01 9.048334830201275603e-01 9.055408338065201734e-01 8.974285278388313136e-01 8.977446899652014034e-01 8.842340771785868192e-01 8.845468720881114466e-01 8.959584194487705266e-01 8.957770619731103556e-01 8.991570209210152376e-01 8.952800394407659512e-01 8.952727248566577645e-01 9.015025597154885384e-01 9.013114433052659136e-01 8.890729791720171082e-01 8.919318533561702012e-01 8.942923192241170049e-01 8.955131182999788164e-01 8.971154060525933227e-01 8.960769774514578678e-01 8.982114291713774179e-01 8.973947097093836200e-01 8.978932234117880107e-01 8.965313690921666856e-01 8.985076438777170882e-01
3.952334866684595327e-02 1.731476560322927905e-01 4.126466353787006103e-01 6.386492362782906218e-01 5.034107889956334070e-01 6.033677111580689756e-01 7.987148159500688793e-01 7.874185615582665054e-01 8.309269683114155480e-01 7.935169815808148508e-01 8.750492352016777664e-01 1.000000000000000000e+00 8.349408016619153106e-01 8.271360090251157482e-01 9.208815139778835368e-01 9.097014284363607040e-01 8.009559583775629488e-01 6.694261087135618959e-01 7.654141075201429389e-01 6.296030265981094054e-01 7.079753693335683051e-01 7.556561054718987647e-01 6.913364012029891148e-01 7.099592190341844633e-01 7.460357201130323190e-01 8.661884289056727138e-01 8.713218953673693701e-01 8.324679139633414104e-01 7.685700660273513396e-01 8.158705721530409294e-01 8.777495708430290700e-01 8.777610538780196148e-01 8.328416926920584329e-01 8.438959413017418365e-01 8.352591556688420127e-01 8.685096607639231081e-01 8.794071813936520376e-01 9.112614759064785463e-01 9.076357507344344766e-01 8.929453202175176019e-01 9.279857192939604538e-01 9.328060032922753653e-01 9.270944510765701807e-01 9.376468114746893123e-01 9.246201013055284079e-01 9.204378726788443599e-01 9.357818512876066031e-01 9.309489106758151999e-01 9.290337393303150781e-01 9.012065063240931595e-01 9.248527993294483052e-01 9.090491129443802887e-01 9.297568795142123754e-01 9.115396361256822289e-01 9.044859729435481555e-01 9.141833547447026920e-01 9.079004048480057154e-01 9.302153963335919595e-01 9.236034062851327109e-01 9.360868722885661297e-01 9.359815602166962067e-01 9.315460389199734514e-01 9.270304713610819647e-01 9.296659485381199017e-01 9.182812967562525852e-01 9.241620327591596462e-01 9.300157505966539784e-01 9.197676218861198238e-01 9.219713155745252742e-01 9.209277358105339983e-01 9.274239875185547044e-01 9.294674998680900746e-01 8.966901120786391344e-01 9.092959625448978622e-01 9.373030292969577459e-01 9.343051911081725613e-01 9.261084485754583762e-01 9.048303977430024458e-01 9.266708388276615471e-01 9.185134315848423325e-01 9.216748799277222348e-01 9.346135661515440063e-01 9.221222667287366503e-01 9.144225186301224717e-01 9.261451961521479648e-01 9.248825439305928819e-01 9.358556911735276262e-01 9.372608992544859685e-01 9.350098821937469218e-01 9.307145193195666133e-01 9.316560919665735074e-01 9.417645263391385413e-01 9.393200878902330242e-01 9.398330908524731298e-01 9.382836146615243234e-01 9.369240918599397450e-01 9.315043642837705917e-01 9.241319291366889566e-01 9.386811274359017077e-01 9.365638228706997248e-01 9.418847777255437981e-01 9.359121991592063150e-01 9.381323255206078793e-01 9.429313685323645888e-01 9.362082253182063551e-01 9.252634494060008041e-01 9.352837683327127616e-01 9.307687666370219048e-01 9.305140382761760698e-01 9.377075912462536911e-01 9.345480725921799792e-01 9.395200137663465290e-01 9.383525370923125886e-01 9.366355876721954576e-01 9.312786651358018197e-01 9.349445329761010282e-01
1.239955333426445705e-02 1.549489074140630307e-01 3.571239289941877115e-01 5.615606323914994480e-01 5.235931449430607509e-01 5.648105230565939605e-01 7.356073130129371362e-01 7.511324113375563716e-01 7.683980779881758316e-01 7.290948654767084314e-01 7.952885094780267616e-01 8.349408016619153106e-01 1.000000000000000000e+00 7.692329810205106311e-01 8.575420943050567901e-01 8.564229162597645217e-01 7.355815198570146984e-01 5.781431211065981568e-01 6.780659085380246198e-01 5.522968825738515664e-01 6.179398304765206795e-01 6.667203663502681010e-01 6.166520560011334862e-01 6.222169976312877937e-01 6.584865735933023156e-01 7.915699702449772168e-01 7.915315688650427228e-01 7.532903020118728588e-01 6.928760510428284558e-01 7.206700526806204543e-01 7.829765154016865569e-01 7.994456620362780930e-01 7.515532047230568669e-01 7.555387659402899025e-01 7.464850216562785024e-01 7.859447003751132144e-01 7.935426719867909595e-01 8.247491224133326471e-01 8.240032565285301258e-01 8.160601839580625683e-01 8.576728196161812479e-01 8.562752976956879980e-01 8.557000095370523862e-01 8.573983101230013837e-01 8.477052438352127295e-01 8.339133347959202247e-01 8.663329467547931095e-01 8.636133699486610027e-01 8.585619830826919374e-01 8.129754124118057090e-01 8.421693760859555455e-01 8.367779728833757424e-01 8.594329324756774247e-01 8.452993016651735303e-01 8.328800531158649934e-01 8.405476419636348506e-01 8.349580801298726040e-01 8.622366670526445676e-01 8.503168528972161466e-01 8.736878230394219402e-01 8.652631336476556134e-01 8.603887297621660712e-01 8.531133493923891420e-01 8.610586676357160352e-01 8.509382787259219816e-01 8.543938372998515218e-01 8.636403892391322223e-01 8.448612447693775174e-01 8.490426267698706342e-01 8.436476964164468795e-01 8.498337819184119679e-01 8.539833389520482543e-01 8.213645550626782477e-01 8.298833199993919107e-01 8.653389226786407651e-01 8.603122284918631735e-01 8.546573019299344987e-01 8.292688027516326166e-01 8.515956643578065366e-01 8.432197008230164492e-01 8.455818492056847990e-01 8.591657838578361517e-01 8.521390564777008292e-01 8.405238497003487685e-01 8.487472665901991675e-01 8.482552134869654203e-01 8.601946329508546318e-01 8.660831753597593163e-01 8.618124832619092901e-01 8.610788642781747049e-01 8.584390217387209976e-01 8.727028653063513275e-01 8.709534546488336693e-01 8.684162399524986142e-01 8.711942365107865349e-01 8.708903103038649895e-01 8.615967030961547701e-01 8.492183365349714741e-01 8.696143544632949363e-01 8.632924401778846457e-01 8.771935966490651548e-01 8.682858705425907653e-01 8.729374142139046944e-01 8.741390919799614245e-01 8.649523224145275746e-01 8.572764115715674205e-01 8.655381979822145411e-01 8.644163557502635431e-01 8.617822814473397042e-01 8.705857686856438571e-01 8.668843651723139310e-01 8.757275910807733599e-01 8.724974339938020851e-01 8.690105528081834008e-01 8.624725033135423047e-01 8.684179885356900774e-01
