1.000000000000000000e+00 1.550788276536653743e-01 -3.845293499698216894e-03 -5.217857746902828872e-03 1.272860101740615549e-02 1.545857767971091888e-02 -9.233691289791720602e-03 1.842969426422715051e-02 1.142944004369695898e-01 4.426912244156963605e-02 2.670055177172683120e-02 2.138983535607299341e-02 2.972705951621041481e-02 -1.476978561345785972e-02 -4.021032914580207479e-03 2.959961297221736301e-02 7.906474419551408339e-02 -2.210194076787463068e-03 2.825844611767141818e-03 -2.106645928468995569e-03 -9.987838306642697964e-03 1.329379447053302687e-03 3.976518810879128146e-02 1.369486483513543493e-03 3.010561427042324906e-02 2.109778921242144722e-02 2.152398269928004412e-02 1.374891526152424021e-02 6.522994044480331932e-02 4.314149711913366214e-02 2.315773968421966020e-02 2.501739910818532447e-02 2.485359451335323461e-02 1.064627042983242247e-02 2.407462412441101207e-02 3.514950964805991368e-02 7.557080355915724718e-03 -1.511616974287624884e-02 6.137316836334782977e-03 -3.793674919620525221e-02 4.252987167456187545e-03 -1.717003379189960613e-02 -1.474907013072398847e-02 9.041267173932396664e-03 7.842985088066191726e-03 -8.489258376612780418e-03 1.576292399959199411e-02 1.566010753511648534e-02 3.500785501611183848e-02 2.073860685790652331e-02 2.601442214683971979e-02 -1.898630179946231289e-02 6.129057342071576181e-03 2.541855848825132214e-02 3.382382512915339812e-02 -7.568806257035820551e-03 6.526067135111397743e-02 6.584261524376740921e-03 2.758708834069548491e-02 4.170505060884942272e-02 1.895153477591327018e-02 4.420029519388062045e-02 3.024161000804127808e-02 4.032494752429368473e-02 4.338302711684594026e-02 4.309331589550339375e-02 1.537901994329331050e-02 8.035300811109567093e-03 2.006832435459340869e-02 -6.958378514883448683e-03 -7.345825600508076696e-03 5.729351186426958654e-03 -8.444376725738503980e-03 3.199407651376739038e-03 7.836797188974510900e-03 1.933326936248775177e-02 5.536743620351032048e-03 4.750335687942471019e-02 1.699036443031265789e-02 3.550622731897901119e-02 1.259075844829968607e-02 1.315059598086292317e-02 6.800692920150578670e-03 2.276764251521966667e-02 -3.921621810602635497e-03 -5.705796101398166948e-04 9.582044263872924877e-03 -9.951087528263978521e-03 -1.319691127318094875e-03 1.269539039368973270e-02 -1.154876095002518172e-02 -7.823954024866774590e-03 -2.569687512674394443e-03 -3.473470550450435436e-03 5.931962690440902193e-03 1.043082691235286928e-02 -2.379188516621672314e-02 2.560152087087042352e-02 7.828087517648431998e-03 -3.635034740464485395e-03 -1.552235722848091179e-02 5.336219239964232197e-03 5.240788221826552483e-03 -1.568362189790705949e-03 7.158889944936650505e-03 4.230294950025015321e-02 1.968398947475407182e-02 1.045227831808029882e-02 9.535035912267350935e-03 8.455913270076297061e-03 -5.035673065624364508e-03 2.039737259033520475e-02 1.138910222452556992e-02 2.026718407393517454e-02 2.361703311114685816e-02 2.765839940134906180e-02
1.550788276536653743e-01 1.000000000000000000e+00 5.797637652519495310e-02 1.273936303421281668e-01 7.527686789128017197e-02 1.634269821124147426e-01 1.523976912589010135e-01 1.373633332321541889e-01 2.120618148316025520e-01 2.134531440084007636e-01 1.761277705767410329e-01 1.751390537975605066e-01 1.607530781244529694e-01 1.544568967406429183e-01 1.676404448706305672e-01 1.719932512283499360e-01 1.681485983854487665e-01 1.679181551420498297e-01 1.772201100541375418e-01 1.570441780657649555e-01 1.298989149029373680e-01 1.581736435540670449e-01 2.189894704704723749e-01 1.822631040715690376e-01 1.883900221847763512e-01 1.863690187683266497e-01 1.582831696872447069e-01 2.032718386374436359e-01 2.051326327527886739e-01 2.085460729766437649e-01 1.779859779152992705e-01 2.042549759494859118e-01 2.062862484254066875e-01 1.850075602072376590e-01 1.822128595408317453e-01 1.726709360539003812e-01 1.766583683569939445e-01 1.752059297758556677e-01 1.686397167977621570e-01 1.550276194248623174e-01 1.757101171091816627e-01 1.627849091678317817e-01 1.613474524950753441e-01 1.621617567952018391e-01 1.726283478377761693e-01 1.619066929030661128e-01 1.652615765699599615e-01 1.734834165078633639e-01 1.873000067083205322e-01 1.878882163792182647e-01 1.844553768677225924e-01 1.408020122057181411e-01 1.594688462307006782e-01 1.796496316717990371e-01 1.972542966350654403e-01 1.899029720298922863e-01 1.907240894627043049e-01 1.664001369280207754e-01 1.865425738095422836e-01 1.749061297363334044e-01 1.739530275551540439e-01 1.808925972180526753e-01 1.778654392480939206e-01 1.742202603542804540e-01 1.760651747397690148e-01 1.772674598367870169e-01 1.692138629600349886e-01 1.670803774490328686e-01 1.847259734835695055e-01 1.607943733517045448e-01 1.520787629795553320e-01 1.632193854132493738e-01 1.634460544465184406e-01 1.694581152315055572e-01 1.672176137025962739e-01 1.760296039892053077e-01 1.771554892862735597e-01 1.961863407460673892e-01 1.823863883419024612e-01 1.918142075658251511e-01 1.714269341443843131e-01 1.691794447591892792e-01 1.767580992999545630e-01 1.819384994990319582e-01 1.692376231863871316e-01 1.680195974446959950e-01 1.693733488010317478e-01 1.644088947996680261e-01 1.685454924456875059e-01 1.811949940306951945e-01 1.640969773485736471e-01 1.588735362230890014e-01 1.604052368448695420e-01 1.607743021529085548e-01 1.637261732390311586e-01 1.699731869497293213e-01 1.545556866077450464e-01 1.681734810566552774e-01 1.647313387095426240e-01 1.622941340888988393e-01 1.541825708292232644e-01 1.625733521389836345e-01 1.622652382186272613e-01 1.558850572411795976e-01 1.578263067776398965e-01 1.776694462327663704e-01 1.720155583299665392e-01 1.685054919218234581e-01 1.719781004786363476e-01 1.633261330176431214e-01 1.621877002267728407e-01 1.664010397146188369e-01 1.679811086668337172e-01 1.694905887643415321e-01 1.646262465061960611e-01 1.677880004006473968e-01
-3.845293499698216894e-03 5.797637652519495310e-02 1.000000000000000000e+00 3.572994263426308437e-01 1.875598653742401867e-01 2.493063476969812065e-01 3.758853057496630012e-01 3.402859608520962809e-01 3.243871009181668041e-01 3.324104238452592619e-01 3.590601375374795068e-01 3.870193524375571403e-01 3.595101810823408406e-01 3.465216372267377332e-01 3.862160089018299436e-01 3.839865423121714416e-01 3.613091176282044459e-01 3.782078016346919203e-01 3.718227528020698891e-01 3.712146808117909869e-01 4.044502758959321320e-01 3.837309772733049629e-01 3.543778665530187832e-01 3.770048714376801891e-01 3.712254038975842385e-01 3.922216947785676644e-01 3.807921470829595534e-01 3.935143466946370294e-01 3.854292281302554302e-01 3.598056344833079345e-01 3.837571201912660102e-01 3.892503505118379281e-01 3.676934337476051029e-01 3.891677482232391294e-01 3.576478838690432260e-01 3.920966321846806046e-01 3.767163918946305756e-01 3.894512397970797402e-01 3.900814895227456280e-01 3.908603372238682594e-01 3.856157164570550577e-01 3.981616801793276816e-01 3.945961462813148968e-01 3.942618364761245608e-01 3.845185233831546756e-01 3.888545017002302817e-01 3.858294882750252786e-01 3.782262270751202693e-01 3.853926956058602027e-01 3.913248803150663480e-01 3.930824842429250787e-01 3.982084957689476790e-01 3.859026358952791225e-01 3.744695191303850645e-01 3.752153960251562448e-01 3.903774299174261331e-01 3.801182511885943249e-01 3.771183368265745850e-01 3.839409097409394178e-01 3.827843058575983171e-01 3.847210789691729027e-01 3.791201171763191602e-01 3.839375944198468171e-01 3.844814554192375611e-01 3.850390089489953427e-01 3.822430699118304354e-01 3.836804790231545526e-01 3.905086326440428968e-01 3.887588285882890293e-01 3.999439315195468803e-01 3.988881443600791887e-01 3.924608539758203674e-01 4.001210435506908913e-01 3.931319778903764051e-01 3.926351242943433295e-01 3.896047079152540893e-01 3.937288964074855957e-01 3.880172668623837473e-01 3.926999097202498179e-01 3.783605014489643814e-01 3.941224438100295324e-01 3.929119277693583490e-01 3.987803010948905436e-01 3.844925717073354732e-01 3.984422736134415333e-01 3.956379693939013342e-01 3.937584125378164601e-01 3.967646629070002984e-01 3.921609367507815636e-01 3.933473566627912477e-01 3.995847176576000637e-01 3.941792684433771954e-01 3.920262500648316606e-01 3.897676247806212690e-01 3.898135747373499549e-01 3.854921108404266716e-01 4.055109729552072162e-01 3.964071682844810263e-01 3.919476996144039549e-01 3.978550606879230900e-01 3.956066208063527823e-01 3.948986360337111701e-01 3.902822866788195344e-01 3.943876112904877718e-01 3.966620207188987224e-01 3.897934197503500897e-01 3.874711485098979447e-01 3.820392123359871994e-01 3.856427367848761500e-01 3.892176669640664000e-01 3.859672181801133140e-01 3.853252759744435485e-01 3.862015204038181104e-01 3.903959235590896415e-01 3.857619299926707823e-01 3.848095235240978074e-01
-5.217857746902828872e-03 1.273936303421281668e-01 3.572994263426308437e-01 1.000000000000000000e+00 3.561705334422526348e-01 4.122036724808187946e-01 5.955545372099219081e-01 5.903184843636843926e-01 5.425990893380314706e-01 5.232060775907897421e-01 5.725687588598908917e-01 6.289783249156677414e-01 5.666811024871003521e-01 5.575423804529434646e-01 6.276725417035589061e-01 6.306672847885643751e-01 5.663204198918784238e-01 5.983679297358440730e-01 5.985061759381303803e-01 5.954703161563041913e-01 6.304386485517028405e-01 6.140526781728238293e-01 5.904458799301572913e-01 5.950631163716975092e-01 5.829966880997432543e-01 6.152786877655342934e-01 5.903999679590680172e-01 6.099770043485629456e-01 5.953860129637937870e-01 5.872784759567281077e-01 6.148273001992788922e-01 6.167852099309625302e-01 5.905912669180441998e-01 6.240285715157204427e-01 5.854714080748251170e-01 6.251425852926359994e-01 6.078233296023337617e-01 6.179904203273641761e-01 6.292283768232914687e-01 6.228589212743824710e-01 6.164027812461254641e-01 6.316605238906425335e-01 6.357721511854893537e-01 6.328045871247545140e-01 6.268787200522204506e-01 6.267557949543673956e-01 6.197028409400171522e-01 6.087334687913494857e-01 6.230781236884036511e-01 6.357646913998158400e-01 6.316932728484713211e-01 6.341794790300986362e-01 6.182450662966209043e-01 6.107667460899234291e-01 6.236350622790934883e-01 6.303821403885386809e-01 6.270271226103164564e-01 6.185756773143755716e-01 6.180393004676589808e-01 6.149789458197200132e-01 6.309871473415544774e-01 6.165616567238610957e-01 6.212786749573874223e-01 6.295724447656074751e-01 6.212198550680976261e-01 6.227776902110730983e-01 6.196125353697978788e-01 6.278100379290970645e-01 6.222819917181892091e-01 6.272008586349944181e-01 6.347557092914077881e-01 6.269443980601252520e-01 6.299442000366058947e-01 6.250000021568314912e-01 6.252049303640599964e-01 6.206955024925024933e-01 6.201126976393107615e-01 6.138639704264123864e-01 6.185090609851850996e-01 6.074203726777369639e-01 6.200681560380109092e-01 6.271320195728548041e-01 6.400066819313796618e-01 6.190023732477766272e-01 6.377525824776900665e-01 6.319355521755615213e-01 6.313391789675482091e-01 6.312234209417129094e-01 6.299075010649779482e-01 6.366174809505739107e-01 6.359056675258610847e-01 6.325494607794890367e-01 6.270999573291875517e-01 6.266921765038299119e-01 6.245845307289501491e-01 6.190101495805400145e-01 6.511082034296516996e-01 6.477416768632142663e-01 6.379664120815623507e-01 6.394001611212346559e-01 6.354545332112938594e-01 6.419805123156731019e-01 6.282291309784232558e-01 6.335144257957784353e-01 6.424323307520988235e-01 6.365968000806113691e-01 6.322382789324031416e-01 6.165810372977942322e-01 6.254160604761869191e-01 6.278405839950818024e-01 6.263484868101937275e-01 6.219210766005669466e-01 6.242615779612046278e-01 6.346760566059297393e-01 6.260277681831858398e-01 6.270420325367589420e-01
1.272860101740615549e-02 7.527686789128017197e-02 1.875598653742401867e-01 3.561705334422526348e-01 1.000000000000000000e+00 3.278317475885795806e-01 4.607474103670968213e-01 4.753023115886451655e-01 4.414626006100691447e-01 4.009803094937109402e-01 4.605753076581641237e-01 4.777429477900015931e-01 4.632016434142590122e-01 4.422234036793332712e-01 4.873466753788034400e-01 4.891414747203290392e-01 4.414971537004931945e-01 4.806673213572445480e-01 4.712884833873168255e-01 4.894837059246409106e-01 4.741925626312808451e-01 4.708498605709483531e-01 4.793279261340041564e-01 4.828384609239765868e-01 4.854748137277359876e-01 4.945702908044879442e-01 4.587524768853843971e-01 4.710494575620728930e-01 4.508672371770631182e-01 4.824571988709122072e-01 4.868514966771058106e-01 4.770252433450542506e-01 4.290529981742265964e-01 4.700841545594023341e-01 4.605181475657518786e-01 4.689512919484686848e-01 4.707545151346091417e-01 4.705523123197632995e-01 4.826151746397767117e-01 4.603032168656679968e-01 4.805504042761058470e-01 4.830290022391496296e-01 4.942481210970675609e-01 4.886156191004765725e-01 4.861930296898306914e-01 4.864253708518139763e-01 4.867107263801361272e-01 4.863097517132484726e-01 4.882840662123703046e-01 4.817336845315342009e-01 4.855490852674413382e-01 4.998505065359922783e-01 4.910570889839047104e-01 4.840150531761268082e-01 4.898314462799464031e-01 4.879064765445301211e-01 4.853847699593087373e-01 4.874565150681965386e-01 4.801357751052913181e-01 4.886304548563923933e-01 4.866852846623508366e-01 4.897153454407848772e-01 4.911747270037131186e-01 4.863860403419872358e-01 4.837737138796843750e-01 4.937940209016954962e-01 4.859366615390803279e-01 4.906719636734796497e-01 4.880053549233624444e-01 4.953487913176482516e-01 4.930881265177915473e-01 4.879803274381099842e-01 4.906580394973925063e-01 4.963261959942825707e-01 4.888782799640140064e-01 4.871212300220243430e-01 4.826397760189007902e-01 4.714205999424151972e-01 4.913290875464594309e-01 4.888980299448005828e-01 4.882082528851685033e-01 4.869789057835408053e-01 4.817878437219227927e-01 4.829728037402640783e-01 4.864701606444795101e-01 4.905230365848295415e-01 4.843956645950036055e-01 4.857798901321852547e-01 4.857139425269986766e-01 4.970786970072016975e-01 4.802665812689415614e-01 4.901353874955988732e-01 4.877986845640783775e-01 4.877177017385652125e-01 4.886319790973898125e-01 4.865691170501403318e-01 4.961575978769936501e-01 4.998779670307296197e-01 4.965641036663521191e-01 4.929917432514908104e-01 4.942078823063112969e-01 4.919141685778520290e-01 4.928371572148804169e-01 4.950861390268536666e-01 4.992480162807662603e-01 4.931460291870810586e-01 4.897579068566402238e-01 4.868222845651423714e-01 4.925461776351118259e-01 4.921406458878219148e-01 4.896486961607395272e-01 4.907459656508798562e-01 4.898974954056915521e-01 4.893368010785591471e-01 4.870096609220963546e-01 4.924631416141523887e-01
1.545857767971091888e-02 1.634269821124147426e-01 2.493063476969812065e-01 4.122036724808187946e-01 3.278317475885795806e-01 1.000000000000000000e+00 5.770400244972020420e-01 5.314874232485065075e-01 5.582433722829897027e-01 5.121348846577005176e-01 5.571004653078136526e-01 5.966509186719410884e-01 5.615438903937056692e-01 5.611608222590828143e-01 6.156814902682832269e-01 6.011927107053307573e-01 5.466613756721613315e-01 5.744995099423926277e-01 5.705730557414088189e-01 5.788659636770323580e-01 5.582587582878504318e-01 5.849200128221790917e-01 5.887741587966807133e-01 5.802542612745061890e-01 5.994176189399895716e-01 6.165761648465356570e-01 5.984143698936382760e-01 6.062738059455378137e-01 5.967894542027245564e-01 6.109644213673326441e-01 6.139731361906568541e-01 6.129985301746309068e-01 5.745061246306503167e-01 6.017094530535501695e-01 5.912093678516142647e-01 5.983910357569091065e-01 6.057106582500560998e-01 6.067337797072922534e-01 6.109309297742723244e-01 5.896359054111132147e-01 6.120385072364267209e-01 6.149201554331571451e-01 6.174443389946895344e-01 6.135943324635499962e-01 6.131896552573370407e-01 6.129877588139152067e-01 6.139295762594594308e-01 6.120707233612352471e-01 6.174408377899562872e-01 6.124454297741861453e-01 6.181833550052413528e-01 6.027434698148229630e-01 6.094769794106725813e-01 6.175413606229758212e-01 6.226593150929542464e-01 6.135532119683051455e-01 6.203352072798080652e-01 6.143476930682350012e-01 6.155592137536537445e-01 6.146922532286668295e-01 6.211139453478399242e-01 6.198515839170888331e-01 6.182923773071705709e-01 6.120249230298326903e-01 6.142531043344394703e-01 6.173543214189054495e-01 6.127607738685948435e-01 6.158530841813896206e-01 6.163528943190218490e-01 6.176258519784737500e-01 6.145519838965786130e-01 6.148535621940198759e-01 6.143031031968367861e-01 6.142408639617294996e-01 6.190542962366336610e-01 6.176115538893454104e-01 6.183309703698999238e-01 6.123451378493552921e-01 6.192021899363439053e-01 6.169606910385651011e-01 6.189874081384216797e-01 6.155684350523172865e-01 6.123636861021497513e-01 6.180258214587253107e-01 6.158189956267891008e-01 6.187959900754497200e-01 6.175294286268944166e-01 6.165359837363791895e-01 6.204919304103533317e-01 6.205701496251706528e-01 6.140428811141271925e-01 6.155821388830314822e-01 6.161206621041016573e-01 6.162117252347710794e-01 6.144291694073326093e-01 6.152025979452492299e-01 6.139737662192961132e-01 6.237636235798362794e-01 6.203461280043651715e-01 6.195377577532971136e-01 6.168405237290177645e-01 6.190326339440781478e-01 6.174560393429149308e-01 6.142395758574777931e-01 6.196149971020713521e-01 6.205933725862594619e-01 6.190986712874013698e-01 6.146731417260435926e-01 6.207318179245789880e-01 6.156636697050305029e-01 6.160694294063556731e-01 6.170472322070712501e-01 6.185148233399632156e-01 6.183671771911584125e-01 6.113291449224077523e-01 6.193036984164383973e-01
-9.233691289791720602e-03 1.523976912589010135e-01 3.758853057496630012e-01 5.955545372099219081e-01 4.607474103670968213e-01 5.770400244972020420e-01 1.000000000000000000e+00 7.282499869168591600e-01 7.205522480373006688e-01 6.762515078691483383e-01 7.711514505885913584e-01 8.095742706665559618e-01 7.380212415998376185e-01 7.486347183807960937e-01 8.379131330843969661e-01 8.170448536511580873e-01 7.356504875992071479e-01 7.767397344984251495e-01 7.745269306000062137e-01 7.838655873303881361e-01 7.744995256147274576e-01 7.918402211669142154e-01 7.735207439350703096e-01 7.823127420704384383e-01 7.823590919535989840e-01 8.277857175711118565e-01 8.080205833945159899e-01 8.215639452374994267e-01 7.932160883692901399e-01 8.049590856652250048e-01 8.300902110724502903e-01 8.166065330793741417e-01 7.688489692800041242e-01 8.162508985347214363e-01 7.785862423709172253e-01 8.072683938089544320e-01 8.117728953915589463e-01 8.240498754393204006e-01 8.329168169993438342e-01 8.177425066501227136e-01 8.263402427005505091e-01 8.380778631713089455e-01 8.331214777643428659e-01 8.348230363106672325e-01 8.275541507775759920e-01 8.371435722897335729e-01 8.278842920800097982e-01 8.240659216018256794e-01 8.239892440469092083e-01 8.231992914860409849e-01 8.244947313927732946e-01 8.221679826538832447e-01 8.243361548335017552e-01 8.209869012507713393e-01 8.184679784639158351e-01 8.315510752498559421e-01 8.114974305883156935e-01 8.243821824412153054e-01 8.220729283221779315e-01 8.210851221463308924e-01 8.295937584155760325e-01 8.214245748560500271e-01 8.197887832982329037e-01 8.226136646643786854e-01 8.133732892762727262e-01 8.229093255847593769e-01 8.268980341155940383e-01 8.311690766315432688e-01 8.329000653652308683e-01 8.377088200497527781e-01 8.337399196244498212e-01 8.307629022211432401e-01 8.353740047795481516e-01 8.290163817344810004e-01 8.392240652105341647e-01 8.317706574380072659e-01 8.395463884979168512e-01 8.215664749791991017e-01 8.364059118503697210e-01 8.226717678284503066e-01 8.313735468319324307e-01 8.340965907479720443e-01 8.331686096227945981e-01 8.284002583832565936e-01 8.372418862156292274e-01 8.385761070046308108e-01 8.332678572552640883e-01 8.409909561554670399e-01 8.397197419186464007e-01 8.367797939647038108e-01 8.416465902084125927e-01 8.408832236647471037e-01 8.362930566258377496e-01 8.372334059328178091e-01 8.330788994584529261e-01 8.298042346335801067e-01 8.383639835933246465e-01 8.279311391966052147e-01 8.343967961896848751e-01 8.395229184137030787e-01 8.394737550732837006e-01 8.325088847161816741e-01 8.332025976661773248e-01 8.366648659537365695e-01 8.374373343409357018e-01 8.225753852660484533e-01 8.311294614110458223e-01 8.278202893306345622e-01 8.307322722970827966e-01 8.335893646019552072e-01 8.326529333961538715e-01 8.296890669062864099e-01 8.297302374975104033e-01 8.292831940746137054e-01 8.258053855763527462e-01 8.267766083069100214e-01
1.842969426422715051e-02 1.373633332321541889e-01 3.402859608520962809e-01 5.903184843636843926e-01 4.753023115886451655e-01 5.314874232485065075e-01 7.282499869168591600e-01 1.000000000000000000e+00 7.339744501634606344e-01 6.888157027015801015e-01 7.572901644399984145e-01 7.931653253547854554e-01 7.317994857357633665e-01 7.302949796703687158e-01 8.090915620177059342e-01 8.208828361680886587e-01 7.401845429012366973e-01 7.595138072465106305e-01 7.742217376109934435e-01 7.576911088922639870e-01 7.672084840334856271e-01 7.881725522480477197e-01 7.617408714574289696e-01 7.777363871014765229e-01 7.852697093886430446e-01 8.027502185509325372e-01 7.818186602089021164e-01 7.864369266144571879e-01 7.630613400003414259e-01 7.903895076402379649e-01 8.138851059839168345e-01 8.013716973656296316e-01 7.473006159183220865e-01 8.018363042720108025e-01 7.704689140342785292e-01 7.941441006535813196e-01 7.926921986506613171e-01 8.023436765984498509e-01 8.176679214981119603e-01 7.844733143035109713e-01 8.120710296973220332e-01 8.165265191330335348e-01 8.204631731799527650e-01 8.233406310426925057e-01 8.166962613960496720e-01 8.171589256704023807e-01 8.170805487278448576e-01 8.140546859642026067e-01 8.217709719108479138e-01 8.151736885999466553e-01 8.255676273053105252e-01 8.103952116530985794e-01 8.129616658487268666e-01 8.139869596616396974e-01 8.153008909830017359e-01 8.153298669639141849e-01 8.210626269793510623e-01 8.186496080306201462e-01 8.191195456482085469e-01 8.216592438679531929e-01 8.260326395929925569e-01 8.230295698801393112e-01 8.227816993954917280e-01 8.241906333586329625e-01 8.184141485942294514e-01 8.209888208040494462e-01 8.182934251378271018e-01 8.236713536029822702e-01 8.201880174048696848e-01 8.209363671075485813e-01 8.241608206840372874e-01 8.218773446550629025e-01 8.205388731456738638e-01 8.203270116753446084e-01 8.213305222051536791e-01 8.191645491930514833e-01 8.133309275919585746e-01 8.018915945514327737e-01 8.131489326934961959e-01 8.169714219538357636e-01 8.194376549303217239e-01 8.213111892641015155e-01 8.213276459460367995e-01 8.172842702060068021e-01 8.225785207470580618e-01 8.237873172323972870e-01 8.225042552810742924e-01 8.240106124793386000e-01 8.238587276168219953e-01 8.281644488103130364e-01 8.160717811261184451e-01 8.237792419498287666e-01 8.232856635805795298e-01 8.222367693289154289e-01 8.228330312848167738e-01 8.211579305193466016e-01 8.284826339462137978e-01 8.324619990279457094e-01 8.315040479708155630e-01 8.287172012005727950e-01 8.255660069887288399e-01 8.319512354545302024e-01 8.229973037584766837e-01 8.296506756701118590e-01 8.312358464253626344e-01 8.277620110191900027e-01 8.275670497706053563e-01 8.187830025226706665e-01 8.233993105463592865e-01 8.266457368709547726e-01 8.244968937801827602e-01 8.238257593248505817e-01 8.236585817844039870e-01 8.306145858577502761e-01 8.218866998110324618e-01 8.243816393869435322e-01
1.142944004369695898e-01 2.120618148316025520e-01 3.243871009181668041e-01 5.425990893380314706e-01 4.414626006100691447e-01 5.582433722829897027e-01 7.205522480373006688e-01 7.339744501634606344e-01 1.000000000000000000e+00 7.642434106402132832e-01 8.030867913775819877e-01 8.331696251683827770e-01 7.765713033594429104e-01 7.747452966985316491e-01 8.464173134255630337e-01 8.377993230167939398e-01 8.106099299631339683e-01 7.949233578762626706e-01 8.137638003299780820e-01 7.843524596419060302e-01 7.481224611153469706e-01 8.179379402628684792e-01 8.160089071483753731e-01 8.095152815904119725e-01 8.419102554260403659e-01 8.620834732921407451e-01 8.462660872905749532e-01 8.384003607308172512e-01 8.362601053479944424e-01 8.740297091958654230e-01 8.774756018995184537e-01 8.629551958197532180e-01 8.029826497369069171e-01 8.481014211168806938e-01 8.413303066908268679e-01 8.468857440040733486e-01 8.552296042447030677e-01 8.452785355591391214e-01 8.612307150577310777e-01 8.191419656631270252e-01 8.694926485414461448e-01 8.550893833830539581e-01 8.483465901100039064e-01 8.711074508087481849e-01 8.667843824155253563e-01 8.602172092892040878e-01 8.795470673011307472e-01 8.834805440780633123e-01 8.876926770570735536e-01 8.653182526819578335e-01 8.808024515504453422e-01 8.416712609113091714e-01 8.648770013815668678e-01 8.882452206709502418e-01 8.815087772736063254e-01 8.619959860908106286e-01 8.877111740442981125e-01 8.717877556842934528e-01 8.845183454131946288e-01 8.901791731002550723e-01 8.827274603546118037e-01 8.903089279628609853e-01 8.810925825184505733e-01 8.842572293611744572e-01 8.855096995882066890e-01 8.893322508800924897e-01 8.810634226474958197e-01 8.769201586042472130e-01 8.808903989099176046e-01 8.681579006306437973e-01 8.659417963820987829e-01 8.760168143692047549e-01 8.616701960560870788e-01 8.716861106050663999e-01 8.771089089152600549e-01 8.786835689705919661e-01 8.714940265230665117e-01 8.721748115068866936e-01 8.739701656358098703e-01 8.888799221717883503e-01 8.807561248097776074e-01 8.803838691310037490e-01 8.670363903491683510e-01 8.782920777739012808e-01 8.643459159287819604e-01 8.734507264957793726e-01 8.731221314540297262e-01 8.680861732714211243e-01 8.728112895286217476e-01 8.754192693880659126e-01 8.590687068223002987e-01 8.710886385860272529e-01 8.746058955079406561e-01 8.737108561667027429e-01 8.803463903652606337e-01 8.822801246538253261e-01 8.517508247401046617e-01 8.748383335325699006e-01 8.754570707085060910e-01 8.700017044014768386e-01 8.658036140365951150e-01 8.740532917233800880e-01 8.772123451008728701e-01 8.742831329098169624e-01 8.754644168877110388e-01 8.846172433701344762e-01 8.839802837323245122e-01 8.822653518961970365e-01 8.807791866491537780e-01 8.787741600663782071e-01 8.714604050740002439e-01 8.860205183913172355e-01 8.827959517134186251e-01 8.828668194302771166e-01 8.844642903615727025e-01 8.875868733561625978e-01
4.426912244156963605e-02 2.134531440084007636e-01 3.324104238452592619e-01 5.232060775907897421e-01 4.009803094937109402e-01 5.121348846577005176e-01 6.762515078691483383e-01 6.888157027015801015e-01 7.642434106402132832e-01 1.000000000000000000e+00 7.517530704278433396e-01 7.854698328190669043e-01 7.290386849460597229e-01 7.334509933321557984e-01 7.914714940278425592e-01 7.797754615596541594e-01 7.451276444976970836e-01 7.334367165443715919e-01 7.575168138611670932e-01 7.274055620084466378e-01 7.012342543328005107e-01 7.647431761137708506e-01 7.625265486228981482e-01 7.485240285588025122e-01 7.805957780749702701e-01 8.052364742134119346e-01 7.873327806782621785e-01 7.947768876340710609e-01 7.830793478125784857e-01 8.115366390293234922e-01 8.201958876826955791e-01 8.114660255128043342e-01 7.637448359685838906e-01 7.988743665755708712e-01 7.787684369426045583e-01 7.883389725454014174e-01 7.931363782680339591e-01 8.038332929094808010e-01 8.106732094548181333e-01 7.858646730332886632e-01 8.195782886368241371e-01 8.074312413535955635e-01 7.969261911641265517e-01 8.144052764838231040e-01 8.151819236771624677e-01 8.114939749156578896e-01 8.208135231379461993e-01 8.300915525316010513e-01 8.267683873272327899e-01 8.035392201368422027e-01 8.215428429147578759e-01 7.838776781950634875e-01 8.083117885500398225e-01 8.277669397696472142e-01 8.218145730412058647e-01 8.196347004784145795e-01 8.220576899316750508e-01 8.183216922851389574e-01 8.288831532710857486e-01 8.284481319948471256e-01 8.212114043781336692e-01 8.283645097186361772e-01 8.174145693942789226e-01 8.227638867949579327e-01 8.242360397985571963e-01 8.291414636017839790e-01 8.265652345033871473e-01 8.226090574848705650e-01 8.271671681260633902e-01 8.151020417766436932e-01 8.132236516507079793e-01 8.226663569861466518e-01 8.105281813604672259e-01 8.177061264797316209e-01 8.242403263369513233e-01 8.262150828062306829e-01 8.234812334307092252e-01 8.212313015606346189e-01 8.204282088298903153e-01 8.318051423160713886e-01 8.280755443458226450e-01 8.284071386946092463e-01 8.177499385663229425e-01 8.251123852204231834e-01 8.130093463579277646e-01 8.204392919645639992e-01 8.220705935062758707e-01 8.206539233158808289e-01 8.251332372866612141e-01 8.244722718036295861e-01 8.156544520866899628e-01 8.207623992420026715e-01 8.245033689891808626e-01 8.235187018861596098e-01 8.244629912828129736e-01 8.290931076435893443e-01 8.006300670181175638e-01 8.088218552004666773e-01 8.166528304047341313e-01 8.145515288253263320e-01 8.141646231238421905e-01 8.168482648452394246e-01 8.224104458586575239e-01 8.178206990267646859e-01 8.174636558826245958e-01 8.239232919276896494e-01 8.256958322927900884e-01 8.283714527516793380e-01 8.276446040141222094e-01 8.244496417830307067e-01 8.211382920497904969e-01 8.283269677422858690e-01 8.288925846723680380e-01 8.248564877384958471e-01 8.245995295509590539e-01 8.273339033568143375e-01
2.670055177172683120e-02 1.761277705767410329e-01 3.590601375374795068e-01 5.725687588598908917e-01 4.605753076581641237e-01 5.571004653078136526e-01 7.711514505885913584e-01 7.572901644399984145e-01 8.030867913775819877e-01 7.517530704278433396e-01 1.000000000000000000e+00 8.672960890334535655e-01 7.858276708988860548e-01 8.054785853715520361e-01 8.804005936300915991e-01 8.635700534799476413e-01 8.032433293970526744e-01 8.221592816396233738e-01 8.406093428991057159e-01 8.107657884075823995e-01 8.015109363164685252e-01 8.460719262619631476e-01 8.314743622173379478e-01 8.348529850239441163e-01 8.535055936151683120e-01 8.777817194130629330e-01 8.721492516800359862e-01 8.728768547834190317e-01 8.442584287442205238e-01 8.809357857966736427e-01 9.034966811456984770e-01 8.850769648318136396e-01 8.340240383172196070e-01 8.790994127913757117e-01 8.576495549344639313e-01 8.655128768788727944e-01 8.799267747792034466e-01 8.846727429975875800e-01 8.927234644520333218e-01 8.706050413099880592e-01 8.951855348123675116e-01 8.948757962210491801e-01 8.862370633819405263e-01 8.981165513412244783e-01 8.918975022496731242e-01 8.958905717510383671e-01 8.984954162259789490e-01 9.027598295453068689e-01 9.020856224032784976e-01 8.874067334749771163e-01 8.975605626766560707e-01 8.760008478338545679e-01 8.886478101361184878e-01 8.987990985670509803e-01 8.947596643197214261e-01 8.980116654710226243e-01 8.876564503946139384e-01 8.967178498149744881e-01 9.018300762014775929e-01 8.961729119910871733e-01 9.018389326708433629e-01 8.967979111057988728e-01 8.937210755384393801e-01 8.956152623061768292e-01 8.895014284662874360e-01 8.941700971958870259e-01 9.028391531799772052e-01 9.034715783813045409e-01 9.032730254772689538e-01 8.978917837722196760e-01 9.001176089607084707e-01 9.024047383990894122e-01 8.969453197998358274e-01 9.008643459159518807e-01 9.038569208485994766e-01 9.025047046224571323e-01 8.996976894133227320e-01 8.861837238306322639e-01 8.970639689636401570e-01 9.011969692516632602e-01 9.032640190737410979e-01 9.046998779268028423e-01 8.984343306264875872e-01 9.025956160535281159e-01 9.010152866012057782e-01 9.050778981455867012e-01 9.032296122412935002e-01 9.042350140695452065e-01 9.054103593230881097e-01 9.032772747177113537e-01 9.019919973050075646e-01 9.048468352950355120e-01 9.048301014911600548e-01 9.047962270528295825e-01 9.047021279441214148e-01 9.054826416876436967e-01 8.985268180575316510e-01 8.969178097227501478e-01 9.037263883213517701e-01 9.046160335351222104e-01 9.029620720530232569e-01 9.020214860266188017e-01 9.025266587774405380e-01 9.035329003621973554e-01 9.032367424116622967e-01 8.959411565082745499e-01 9.060346941300999601e-01 9.042906408492953352e-01 9.051759293179206800e-01 9.037760906083845969e-01 9.047204242774734562e-01 9.043239784132764969e-01 9.044397731782223282e-01 9.031804745587027616e-01 9.022500843284357863e-01 9.012287422505383949e-01
2.138983535607299341e-02 1.751390537975605066e-01 3.870193524375571403e-01 6.289783249156677414e-01 4.777429477900015931e-01 5.966509186719410884e-01 8.095742706665559618e-01 7.931653253547854554e-01 8.331696251683827770e-01 7.854698328190669043e-01 8.672960890334535655e-01 1.000000000000000000e+00 8.268718050911956219e-01 8.411130746945004732e-01 9.211964683722586589e-01 9.066112746934833488e-01 8.393409292398624766e-01 8.563770344300803972e-01 8.740757943712061939e-01 8.453594368814009163e-01 8.519409372631869815e-01 8.897974430705639648e-01 8.651861994952886326e-01 8.654015258750067385e-01 8.906299301204605445e-01 9.169735064059360008e-01 9.045160072363395143e-01 9.073819704261473218e-01 8.860635750489649354e-01 9.119996138206410974e-01 9.367692530100713011e-01 9.219583627462879516e-01 8.636545179147692153e-01 9.122088534004010318e-01 8.895148807981435590e-01 9.106570787996285388e-01 9.133892748053397126e-01 9.203237878322898524e-01 9.316696599364504561e-01 9.120779170065110852e-01 9.332269022554663396e-01 9.328108653852885679e-01 9.267953787789451336e-01 9.384828942982748057e-01 9.355598416476801349e-01 9.332584115329658481e-01 9.391047627640122242e-01 9.387360533661299744e-01 9.390345037026751607e-01 9.270082720766212869e-01 9.360434222421810668e-01 9.204042185006786614e-01 9.266473392660156128e-01 9.369326908759337824e-01 9.329209514864780228e-01 9.352734095574191109e-01 9.315702388066173789e-01 9.357716160896819568e-01 9.374405124347439111e-01 9.374754738089599027e-01 9.419700287697797547e-01 9.378644991760319849e-01 9.345847058901911586e-01 9.395690447516039656e-01 9.346807303658405397e-01 9.381759098269081276e-01 9.402541182850808754e-01 9.412476948326492510e-01 9.404573936796105649e-01 9.361889215950767174e-01 9.416728654191680592e-01 9.424574269494553347e-01 9.329185110825054528e-01 9.370216455829911695e-01 9.443065290682868262e-01 9.411768277571077590e-01 9.381038248714966832e-01 9.265309633559090097e-01 9.354632034723259215e-01 9.359886383978184288e-01 9.413902990328200104e-01 9.438638017889898757e-01 9.374941337770018590e-01 9.361052671903089539e-01 9.386225371994360023e-01 9.409545029197342592e-01 9.425373821712564881e-01 9.405428867044444141e-01 9.437738625223873745e-01 9.409976406831556117e-01 9.388970559384306469e-01 9.445522783667510414e-01 9.440000992530014345e-01 9.429668921148576244e-01 9.441651091104740212e-01 9.434419554354339654e-01 9.368481547099893891e-01 9.382045060851655904e-01 9.442783262265519451e-01 9.434302923709378952e-01 9.421621384693812384e-01 9.428047762202372839e-01 9.429785280188867080e-01 9.438796385538424927e-01 9.453055776740115768e-01 9.388594896199795592e-01 9.444865365090894249e-01 9.420353919333870341e-01 9.421900237376927834e-01 9.445696128594928132e-01 9.412204846814679060e-01 9.439669503293518504e-01 9.440372665538484531e-01 9.456833256618073502e-01 9.426569136863712783e-01 9.436451116332179589e-01
2.972705951621041481e-02 1.607530781244529694e-01 3.595101810823408406e-01 5.666811024871003521e-01 4.632016434142590122e-01 5.615438903937056692e-01 7.380212415998376185e-01 7.317994857357633665e-01 7.765713033594429104e-01 7.290386849460597229e-01 7.858276708988860548e-01 8.268718050911956219e-01 1.000000000000000000e+00 7.653128011686084475e-01 8.449702103616598681e-01 8.372152850613095998e-01 7.741915022994151352e-01 7.863314139492615373e-01 8.043027045750439363e-01 7.742023924269837432e-01 7.698248079989282733e-01 8.060035305205817124e-01 7.870224114646563462e-01 7.965429262514281961e-01 8.234075924105492827e-01 8.414019029746734324e-01 8.269691782434739347e-01 8.249798202949818471e-01 8.111393382356014703e-01 8.394238876625957912e-01 8.545395887309167327e-01 8.351888876139531570e-01 7.746628078782867854e-01 8.270884670008563644e-01 8.156714702946762374e-01 8.292498338744344055e-01 8.298983983609976578e-01 8.329550019171205744e-01 8.518012521705041751e-01 8.228297567786919675e-01 8.557143569897190938e-01 8.532742677951401511e-01 8.483529906608184845e-01 8.611256702652811956e-01 8.528199150602415735e-01 8.514979919851800583e-01 8.626613751611461600e-01 8.613989069413606758e-01 8.613459549062493226e-01 8.451980632618361078e-01 8.557064336564188523e-01 8.385181101406262716e-01 8.531569820185052055e-01 8.594793193209104842e-01 8.533522361284225921e-01 8.497527001385322132e-01 8.554674204750588595e-01 8.587884164392933783e-01 8.554747296766287423e-01 8.676962281746019023e-01 8.631685525822170302e-01 8.639648971060684968e-01 8.543577587805447626e-01 8.629250155591520199e-01 8.582489836059137289e-01 8.642034562621271343e-01 8.627543979563454535e-01 8.646474428248818178e-01 8.601419745662499672e-01 8.592260527863562203e-01 8.611041084741222207e-01 8.628577047809963263e-01 8.543857722409751165e-01 8.588994079128712267e-01 8.636705812330842669e-01 8.636185500963864392e-01 8.587955215489262439e-01 8.505274480738916898e-01 8.567423858475450293e-01 8.627789808339261235e-01 8.630815604095841698e-01 8.670694505001620422e-01 8.500216071943959006e-01 8.576967738741583247e-01 8.555665983227654925e-01 8.603857761449544839e-01 8.617470019795359093e-01 8.603130861770466042e-01 8.624487900532186169e-01 8.609324826420319265e-01 8.544861521126719817e-01 8.651833314999008984e-01 8.635977024607867092e-01 8.647782504142239590e-01 8.659175758344375140e-01 8.662648483372867858e-01 8.548475436777716041e-01 8.609540404189417462e-01 8.646861729829724563e-01 8.614268725286235995e-01 8.624745335123379375e-01 8.635258621826168435e-01 8.658171869748882976e-01 8.665970448174582508e-01 8.644956254656589456e-01 8.661032084456794511e-01 8.658942302476311248e-01 8.626333727149642083e-01 8.645624046073369096e-01 8.664357024459810042e-01 8.614825719717814634e-01 8.677994699476206941e-01 8.661885185719540026e-01 8.678987528141551833e-01 8.642513820741231090e-01 8.669824943506272419e-01
