1.000000000000000000e+00 1.172210993869848561e-01 7.033632019637178767e-02 1.184661867019936579e-03 -2.416911585688866909e-02 1.447678951626344378e-02 -1.052915477574116812e-02 4.977740979659261988e-02 1.001400438895019285e-01 5.100458926259607978e-02 3.194042641675312599e-02 8.721249616503909050e-03 1.107138547410257273e-02 -1.470357551292459514e-02 -3.440440731495548066e-03 -1.120349968195281758e-02 7.877257743852797423e-02 1.031664626698031439e-01 8.805436761052330696e-02 6.606727899950030902e-02 9.300376256534260977e-02 7.473219621226588616e-02 1.005033110392103274e-01 8.682915572594684939e-02 1.038331731818961934e-01 4.556081120971541137e-02 4.856105654613365047e-02 4.759052431519900789e-02 4.716338879703867171e-02 8.157498706260041255e-02 4.614418812213647719e-02 4.387996876381894396e-02 2.669550518332224932e-03 3.170983525378505419e-02 4.706810062914054682e-02 1.396008216442328094e-02 2.973235171789059827e-02 -5.870548628624638193e-03 1.911679627846453455e-02 -3.549833725644197663e-02 2.311064609155794036e-02 -1.185570195557881200e-02 -2.624928756322907411e-02 2.211059651248356486e-03 1.231308417277903779e-02 3.721705165011118116e-03 1.259356442595901092e-02 1.778273410112596667e-02 3.272843406817665252e-02 4.268883144057765942e-03 -7.873967731868797282e-03 3.592463526484129116e-02 2.931583524525625123e-02 3.357342180174209545e-02 2.482299019833962561e-02 1.887123966134800906e-02 4.616464587602995412e-02 5.909104064664803119e-03 -7.965098516807862447e-03 2.656795861499359340e-02 -2.649806052978999869e-03 1.312910652461474030e-02 3.965839034324213259e-03 2.793629840339456605e-02 6.240318099948391484e-02 6.468411519527787756e-02 2.874489035516203383e-02 4.203729923424882886e-02 3.847970973416784540e-02 2.955191976156394326e-02 3.493481334478261424e-02 3.048506200318137557e-02 3.835652322629558991e-02 4.276235210757909494e-02 2.294896631582031207e-02 2.175876153706083477e-02 1.686334109881025903e-02 3.040004361255194826e-02 1.430888955727519646e-02 3.610549859614267665e-02 3.399367855263744215e-02 1.939610451908357208e-02 3.457918871093868668e-02 2.601887228103991201e-02 4.486772048136290075e-03 1.341065673279873485e-02 8.652208442852022188e-03 -1.509577802988317343e-03 6.248411455840981871e-03 3.711869666531740497e-02 -2.018197045865734174e-03 -6.764547244958499760e-04 1.028586930803540318e-03 3.507992342412215043e-03 2.630451131350038606e-04 1.272983029697712445e-02 -1.092967432344170778e-02 4.264860041798981122e-02 3.537240716672366073e-03 -5.487086807664930989e-03 -1.051502760910173404e-02 1.076151393501685247e-02 1.253258605737049731e-02 -1.973771480006528047e-03 2.411362805953223484e-02 3.453045922614544905e-02 2.392234746122449268e-02 1.896562375358487942e-02 1.981609754393982847e-02 6.282686468233077311e-03 2.837990441118558218e-03 1.982050967345046211e-02 7.942326139318098277e-03 2.014128204422374960e-02 2.822483584417932387e-02 3.396672939557023735e-02
1.172210993869848561e-01 1.000000000000000000e+00 8.628984525528261840e-02 4.912143925627446978e-02 5.111073141250253860e-02 8.968005525225930530e-02 9.855390762748643396e-02 1.138653630418839519e-01 1.652632820900581112e-01 1.888604102908847671e-01 1.301316097429426055e-01 1.276000635582381915e-01 1.298078354898391518e-01 1.188882153530117086e-01 1.234109572279520201e-01 1.215829648257781698e-01 1.404433055955013332e-01 1.859792744433507172e-01 1.677668406779012911e-01 1.363312639867391152e-01 1.450235867304175974e-01 1.381530542119676075e-01 1.993061324058054140e-01 1.979383616253900524e-01 1.876108600919139391e-01 1.840329930668881120e-01 1.726938496791109445e-01 1.716783502724940069e-01 1.970890103045166430e-01 2.111469064665045525e-01 1.839619700141259806e-01 1.629005158334183578e-01 1.336871243796127484e-01 1.564295823196070467e-01 1.696441663852269466e-01 1.107682662983425492e-01 1.576243768464266892e-01 1.369482161901511286e-01 1.433140895200446796e-01 1.087812836559919755e-01 1.477803526603717610e-01 1.335258055332790572e-01 1.229945602355371481e-01 1.392933946030612269e-01 1.356309681926975985e-01 1.436472791580504227e-01 1.439561951908973625e-01 1.566073029034566744e-01 1.431354503529095878e-01 1.096133765517354475e-01 1.214709831200364160e-01 1.090483669653937171e-01 1.321617594751048619e-01 1.600224051708645234e-01 1.671757443847254332e-01 1.629608660433869427e-01 1.443801262291886378e-01 1.480382108018057918e-01 1.399568423029166064e-01 1.547942397689706095e-01 1.323195152700394617e-01 1.510554756689045652e-01 1.405533659565663951e-01 1.435417884859466753e-01 1.525482825302612866e-01 1.574638056770694128e-01 1.520428161238144005e-01 1.721111340050637539e-01 1.740325699941161763e-01 1.570692827654137091e-01 1.597895554122975292e-01 1.580623642848908439e-01 1.772129680533001683e-01 1.767868448710677720e-01 1.647079182121489460e-01 1.586149397719815446e-01 1.557724684779780155e-01 1.682012916074185072e-01 1.636626415929970102e-01 1.768231106755958071e-01 1.663929793267924506e-01 1.641593084170770711e-01 1.567994264089695999e-01 1.671176923359829203e-01 1.416453656632323810e-01 1.510349061773970381e-01 1.497605076210118402e-01 1.502872498282530334e-01 1.481491060390182357e-01 1.658663613851477925e-01 1.344171312391370110e-01 1.433972045620742208e-01 1.412874023679661917e-01 1.450353218522772158e-01 1.451035246088044628e-01 1.512284528209169032e-01 1.165541459039675792e-01 1.299364775919271964e-01 1.318545630273414704e-01 1.335346656855457281e-01 1.286797296602663065e-01 1.349470392024718912e-01 1.382726773783476137e-01 1.401793277154781969e-01 1.386405732623150755e-01 1.469277248151092952e-01 1.466326822660651841e-01 1.547887211507030236e-01 1.563873499407843759e-01 1.448232182179880201e-01 1.484029313731326238e-01 1.460378001291779415e-01 1.447404794577885068e-01 1.433438983406634115e-01 1.545633701060470377e-01 1.476253095280309624e-01
7.033632019637178767e-02 8.628984525528261840e-02 1.000000000000000000e+00 2.694827546595601753e-01 1.491766969775427942e-01 2.422944943828350406e-01 2.707993944016473531e-01 2.935908748481411701e-01 3.275833902959945920e-01 2.878664387542915759e-01 3.294985795613731838e-01 3.327975472418620573e-01 3.072218999455446631e-01 2.855357189591331002e-01 3.313768434637717752e-01 3.417038646554373393e-01 3.499593720284828180e-01 3.193076935589708176e-01 3.563511063596133677e-01 3.238635083496477773e-01 3.537340793593940491e-01 3.719217579993818190e-01 3.369777592459101689e-01 3.301457789055666781e-01 3.685641600434639842e-01 3.553365566721473079e-01 3.402813427880690966e-01 3.491064929722275667e-01 3.347201948689053075e-01 3.413604010320625548e-01 3.423411305944086269e-01 3.696014370315190423e-01 3.596488205478461375e-01 3.658978340060227152e-01 3.501328260556710315e-01 3.473327189742814181e-01 3.473403089084238227e-01 3.456252702593087256e-01 3.536102943423809486e-01 3.529214798097504158e-01 3.558349573165401902e-01 3.497922349103659290e-01 3.574849400177308456e-01 3.506616576770578142e-01 3.614373728718079382e-01 3.460547383253411158e-01 3.494927183929463776e-01 3.454967089957475812e-01 3.459984085674861487e-01 3.511597209891806903e-01 3.425123345674666031e-01 3.648470969670501995e-01 3.584229531391270318e-01 3.544076646518508622e-01 3.588553004830075110e-01 3.601258603599661878e-01 3.568194614669866205e-01 3.440636222845271930e-01 3.501754011573461889e-01 3.475465675105003927e-01 3.486416475630605971e-01 3.512530661783445085e-01 3.523489488385850299e-01 3.459601683520222570e-01 3.510800794849255335e-01 3.580203375742371241e-01 3.551079845852587735e-01 3.693325904963105089e-01 3.671298580015843194e-01 3.770880012444524643e-01 3.777716057301027108e-01 3.694604616629668103e-01 3.648064631656156021e-01 3.711207488264744447e-01 3.524866798933410372e-01 3.543895536565784266e-01 3.537576750178068052e-01 3.494742305614591538e-01 3.481526879112579742e-01 3.489275629695606784e-01 3.515043045747073824e-01 3.459065185152611632e-01 3.647843373681706192e-01 3.555334037741765818e-01 3.547562797324538275e-01 3.628918469481705600e-01 3.550486067701830173e-01 3.524439619239315147e-01 3.540206148479339010e-01 3.591329177945001283e-01 3.573406189302020253e-01 3.508046120779453880e-01 3.529524259667476405e-01 3.501482812279343437e-01 3.446846541775940853e-01 3.483568976215027924e-01 3.523366000400884324e-01 3.504566019647408215e-01 3.465944446368064424e-01 3.486697549733089319e-01 3.516789295159416517e-01 3.543943346756433521e-01 3.534084316832347139e-01 3.495142968429261754e-01 3.587056904894238007e-01 3.549144108552982346e-01 3.519175061376817459e-01 3.506734188209615910e-01 3.527056424731211948e-01 3.478548710122147947e-01 3.522927477764009052e-01 3.452623031878160886e-01 3.523602315526815909e-01 3.475677225329354969e-01 3.514360830447060824e-01 3.497988362116207228e-01
1.184661867019936579e-03 4.912143925627446978e-02 2.694827546595601753e-01 1.000000000000000000e+00 2.986827288314964357e-01 3.611908850937521898e-01 5.352686137204614170e-01 5.389810621756903064e-01 5.236503585846977726e-01 4.557326068532686070e-01 5.291845417575129495e-01 6.147177799067601311e-01 5.444189006569629674e-01 5.418996867345867718e-01 6.011397355489840333e-01 6.066157895808128586e-01 5.636988414631828315e-01 3.373393010228030175e-01 4.312418858024824608e-01 4.003337502163774597e-01 4.548332946174466485e-01 5.278161664762237582e-01 4.382773234997812684e-01 3.675324358321443441e-01 4.391743458395804822e-01 5.661732690239525967e-01 5.409187098392924664e-01 5.545768323415667389e-01 5.021698219562180654e-01 4.948496325627930736e-01 5.526285886794357616e-01 5.778527618091802154e-01 5.732113314155398154e-01 5.573745972382481151e-01 5.469857324154778766e-01 5.820795177234892037e-01 5.597320383332682336e-01 5.875369521220259461e-01 5.947795437527266804e-01 6.052443390996232742e-01 6.085474370146728429e-01 6.044879261149047611e-01 6.206718864071559816e-01 6.165107172245665179e-01 6.090390274500115941e-01 5.875352664280726334e-01 6.087495731604568583e-01 5.985986965121298242e-01 6.123448003432283571e-01 6.163019558480354876e-01 6.169428773185433590e-01 6.220357409467101029e-01 6.188424812484799586e-01 6.054120557764435251e-01 5.983983961144736519e-01 5.949186855056138867e-01 6.248298536352948629e-01 6.015763374444905720e-01 6.129128614489008919e-01 6.061151290924494672e-01 6.249608717899152177e-01 6.141976885386277729e-01 6.191451303560828734e-01 6.162725084391145192e-01 5.887462373027807505e-01 6.072666459529667549e-01 5.988039553075293897e-01 5.685800612434970258e-01 5.718641004133258043e-01 5.786525323221568540e-01 5.895375702833629550e-01 5.823149971331372798e-01 5.393943137794312559e-01 5.506063147985166273e-01 5.946433977642651136e-01 5.955585550362638703e-01 5.861569709450153987e-01 5.598026621108395107e-01 5.771291139363342593e-01 5.723072019916529696e-01 5.782957735725873238e-01 5.837940131550223288e-01 5.921358880640906763e-01 5.765475651872887797e-01 5.974442412689161541e-01 5.902892291509371780e-01 5.955256020733235012e-01 5.963824538194695268e-01 6.006289113188664208e-01 5.924338830817993395e-01 6.076164004051919365e-01 6.062766242325330346e-01 6.067301272910587961e-01 6.025615703289437519e-01 6.012398007659356391e-01 6.007748310036469253e-01 6.250452820461852577e-01 6.185819031417626457e-01 6.175722782871356786e-01 6.103973998265344036e-01 6.183537089254570462e-01 6.245702573269501512e-01 6.148304621856295338e-01 6.109718114566043967e-01 6.129596509233457002e-01 6.183884937896111378e-01 6.086291685257778639e-01 5.981050046163259859e-01 6.040790044245467616e-01 6.059307536694148455e-01 6.074730266714473137e-01 6.039926903086471066e-01 6.134837473464043178e-01 6.142881107053407286e-01 5.950929975294966257e-01 6.085705204105321675e-01
-2.416911585688866909e-02 5.111073141250253860e-02 1.491766969775427942e-01 2.986827288314964357e-01 1.000000000000000000e+00 3.049058652031825800e-01 4.614207566318184184e-01 4.220787345918986522e-01 4.193803391363999378e-01 3.915743938246911693e-01 4.137486602617790887e-01 4.666447700522658448e-01 4.445704486863736871e-01 4.474735292428803635e-01 4.814377710902814078e-01 4.642938739021346128e-01 4.135770522477780209e-01 2.733144817459693954e-01 3.387228699806029142e-01 2.522347782363482116e-01 2.771357785359244708e-01 3.610553213689625118e-01 3.684649882228706042e-01 3.158333992175325067e-01 3.571803430980789451e-01 4.388598467230938605e-01 4.320586014748460935e-01 4.593601606736866794e-01 4.244887843393993498e-01 4.072724367316563066e-01 4.539977036199852600e-01 4.446406640209709660e-01 4.483394319517899351e-01 4.396228195055495447e-01 4.421218827753563563e-01 4.549956796797141045e-01 4.587759080183395066e-01 4.684773695485422440e-01 4.697363839891253723e-01 4.783787958873434443e-01 4.687302561119264799e-01 4.848019352990720621e-01 4.780685990607705937e-01 4.753648078262232568e-01 4.870076008831630832e-01 4.678565572058707711e-01 4.767566037937212564e-01 4.735910586884791718e-01 4.511525892374291802e-01 4.406308859987136395e-01 4.604322995826777842e-01 4.559893366504283452e-01 4.534979807835716747e-01 4.629386388496556370e-01 4.527892923470427933e-01 4.706802816376154386e-01 4.427972908104231275e-01 4.730671379325642190e-01 4.543525699948965380e-01 4.745147864129879434e-01 4.672700731678542385e-01 4.510069292145207354e-01 4.496086421525131160e-01 4.695159169776196295e-01 4.627650921899488790e-01 4.541213466523130737e-01 4.752045450399060567e-01 4.535113728109876896e-01 4.581042676378876966e-01 4.376443169638880026e-01 4.533410714213930715e-01 4.654817996098382649e-01 4.405214931138273782e-01 4.494086639352278811e-01 4.750803113818863332e-01 4.751921975791867925e-01 4.804337586012539796e-01 4.653739852997185178e-01 4.740643409310177359e-01 4.671105346927499902e-01 4.681178520792549369e-01 4.720417621122677820e-01 4.762045801631872299e-01 4.670035295131262920e-01 4.722209261966062721e-01 4.682589422140143731e-01 4.798812043099360269e-01 4.825218200026853976e-01 4.820227185332013886e-01 4.742945609660755846e-01 4.881799520951388693e-01 4.853467373009357488e-01 4.827577487213205454e-01 4.852303599925661404e-01 4.774531088019501324e-01 4.813040059472104559e-01 4.748552976614496823e-01 4.568504235280794190e-01 4.741852171668713423e-01 4.778139238264626498e-01 4.887951414422603280e-01 4.693816758795338329e-01 4.772342682499911004e-01 4.841522449254234139e-01 4.789142853025212809e-01 4.662283914037506638e-01 4.706589581487241047e-01 4.799799781149767242e-01 4.752476296318663418e-01 4.747860298732849982e-01 4.765458837900208300e-01 4.791730064177973092e-01 4.713964415459860335e-01 4.773297603928909338e-01 4.749762533536455167e-01 4.752807471198338130e-01
1.447678951626344378e-02 8.968005525225930530e-02 2.422944943828350406e-01 3.611908850937521898e-01 3.049058652031825800e-01 1.000000000000000000e+00 4.987262581880544388e-01 4.898630437105390700e-01 5.199136357735681946e-01 4.621616760263780876e-01 5.370641422479277560e-01 5.739490590692860605e-01 5.212925757935761295e-01 5.395445518564153664e-01 5.793984923835493461e-01 5.665500696364240696e-01 5.199631285441650430e-01 4.010584411388276038e-01 4.650069435307802035e-01 3.599274128473718415e-01 4.143634717837146320e-01 4.809562038243460624e-01 5.013696296244589679e-01 4.256377883993332500e-01 4.894219213462114859e-01 5.673145006343470742e-01 5.651752088244036409e-01 5.662503187225796930e-01 5.470122443936880074e-01 5.430184794915645652e-01 5.809695503877279066e-01 5.742200392489277272e-01 5.648041066033256952e-01 5.646898778379481065e-01 5.684513615819204446e-01 5.588813863848836050e-01 5.746982632327078955e-01 5.828803154026073186e-01 5.845554919262896387e-01 5.828297142756131421e-01 5.891532945596512638e-01 5.904349593140848507e-01 5.849767886515647719e-01 5.944504753170719580e-01 5.895211442744415775e-01 5.775018569190003559e-01 5.954485978407108027e-01 5.999751943881985738e-01 5.793496456988458387e-01 5.687263611638818661e-01 5.815239215283628527e-01 5.670443178308633980e-01 5.737023921697256279e-01 5.879547563311436909e-01 5.805682067669528656e-01 5.926225243175775592e-01 5.693118484786151567e-01 5.862355287485128130e-01 5.726137072452279764e-01 5.938234846690169100e-01 5.813662478743688578e-01 5.768441108565414144e-01 5.707513344989237902e-01 5.888870328133337662e-01 5.958640369879527610e-01 5.841176715907855366e-01 6.017046099067775433e-01 5.830118180809625850e-01 5.903350419501385282e-01 5.688309176307114745e-01 5.882938848615597571e-01 5.899778853963194569e-01 5.689690822796851233e-01 5.793664677594980716e-01 6.021606464597414332e-01 5.964653357905989051e-01 5.976890216071619744e-01 5.884086241577962673e-01 5.923170694064054942e-01 5.918074051475052944e-01 5.948435067925950115e-01 5.972646327771735653e-01 6.014186010203329547e-01 5.952853708876313377e-01 5.984734034977158279e-01 5.969561259198791214e-01 5.995004850777339023e-01 6.015142659144563364e-01 6.000950736934996810e-01 6.000707610954785221e-01 5.997903340797186011e-01 6.016390471985667565e-01 6.006978185482754196e-01 5.996390231524508785e-01 6.006382421841198749e-01 6.012333499044486551e-01 5.893440475084525954e-01 5.830921287855044266e-01 5.930068801639745146e-01 5.996885131631120025e-01 5.984299603933680434e-01 5.909172167253274877e-01 5.957336160465520614e-01 6.028954825324339684e-01 5.992533919652953678e-01 5.897346777004940366e-01 5.962583377309449428e-01 5.995356530106112913e-01 5.986218123624300613e-01 5.980531737066306919e-01 5.970318336665981773e-01 6.019265050530440142e-01 5.933407521660002404e-01 5.968267728870408906e-01 6.044498766369500453e-01 5.981532709937334991e-01
-1.052915477574116812e-02 9.855390762748643396e-02 2.707993944016473531e-01 5.352686137204614170e-01 4.614207566318184184e-01 4.987262581880544388e-01 1.000000000000000000e+00 7.066441349496509483e-01 6.937381255541315017e-01 6.453881656867586081e-01 7.276562337070869857e-01 7.828631120101716689e-01 7.135218908611483668e-01 7.389015861878093228e-01 8.318385154123648650e-01 7.823782856761624105e-01 6.857616109394938375e-01 5.545632958299051563e-01 6.395837398441960309e-01 5.237673924800467784e-01 5.572934742084327819e-01 6.741942894864662028e-01 6.735854649028930607e-01 5.950861789390455847e-01 6.550579181087728964e-01 7.685130373812506521e-01 7.640837434877774115e-01 7.950485873023322991e-01 7.380351501219060140e-01 7.230577253811137917e-01 7.791038930884609526e-01 7.802016908116652383e-01 7.846923092552287038e-01 7.671938504729889363e-01 7.638901212719699796e-01 7.700935738716563339e-01 7.954012583746258302e-01 8.090658771523665527e-01 8.062960806521225487e-01 8.226141237453663546e-01 8.049423439292322513e-01 8.250042973721278816e-01 8.131604335195476985e-01 8.141119236205494047e-01 8.170047733913081700e-01 8.144582697974810381e-01 8.018794878731695386e-01 8.002683421011896892e-01 7.750996745465951188e-01 7.590696163950255704e-01 7.870740951930178531e-01 7.542487272311241275e-01 7.663566005150642679e-01 7.856383466426010154e-01 7.821740601502065182e-01 8.054846092793500612e-01 7.537332094624834555e-01 7.946469316592046361e-01 7.833723999162041096e-01 7.930593559368848133e-01 7.857978491423692757e-01 7.698126173519177495e-01 7.701903925344500967e-01 7.854266996539848167e-01 7.805381677006113517e-01 7.668108971194782519e-01 8.054220633047164402e-01 7.941152743342289044e-01 7.958908278299979822e-01 7.729833660981209054e-01 7.933662842783463232e-01 8.035800571590154817e-01 7.756127859384093215e-01 7.822898302621577038e-01 8.103838908360150306e-01 8.060894449358314562e-01 8.156827559370088965e-01 7.907482706268479378e-01 8.060893490363828517e-01 7.866669735661770968e-01 8.051775913129994855e-01 8.035758569999704726e-01 8.152067960711869565e-01 7.978218572239801354e-01 8.025827049308610350e-01 8.061409441607153559e-01 8.167953954601535616e-01 8.194048185379105842e-01 8.173585555945096504e-01 8.100422697432678731e-01 8.317968913207113291e-01 8.222436237055057440e-01 8.229865962795920309e-01 8.234939850165723385e-01 8.069385854248718459e-01 8.057330480301678755e-01 8.024087512505511111e-01 7.698253865364322879e-01 7.937099324377135945e-01 8.107006752163937735e-01 8.241425159244087917e-01 7.953940970950067468e-01 8.011044544601436668e-01 8.109059727206504586e-01 8.057610743319133517e-01 7.830751721032540580e-01 7.964325710267414760e-01 8.089382079045056573e-01 8.042776927456612990e-01 8.027008312133554480e-01 8.062007346965722743e-01 8.028728270593082916e-01 7.960134825148827975e-01 8.006765492811032114e-01 8.001690552048822402e-01 7.953782524530375042e-01
4.977740979659261988e-02 1.138653630418839519e-01 2.935908748481411701e-01 5.389810621756903064e-01 4.220787345918986522e-01 4.898630437105390700e-01 7.066441349496509483e-01 1.000000000000000000e+00 7.227546144152287022e-01 6.467295620573372261e-01 7.170243056394056680e-01 7.765624764499199362e-01 7.139083716690698411e-01 7.250521243672580773e-01 8.018758229671415494e-01 7.932448693573979082e-01 7.003206669682141561e-01 5.447559187520240043e-01 6.168849277593780878e-01 4.923877725412568740e-01 5.397925633811180290e-01 6.557323136516294282e-01 6.746563213356243649e-01 5.872255496495633054e-01 6.461396297833891245e-01 7.751484569430138194e-01 7.662877597030359755e-01 7.760429599570054515e-01 7.305633458481815001e-01 7.325483513466062302e-01 7.779955092583724641e-01 7.764258970165613949e-01 7.623904920169641830e-01 7.653526049507356488e-01 7.662157627750093569e-01 7.409414105982009557e-01 7.725143346437699510e-01 8.011573066448172131e-01 7.996421616903692797e-01 7.834144969894643040e-01 8.007438678601567217e-01 8.038515671410813024e-01 7.976572845894003283e-01 8.101988810584070944e-01 7.948605685773438845e-01 8.054276914922926522e-01 8.087472980763296126e-01 8.008553451849007576e-01 7.901471995718359898e-01 7.828147509960892148e-01 7.997786186349402637e-01 7.594447777413168010e-01 7.772692702903808426e-01 7.949209203393425849e-01 8.001632935658655743e-01 8.077580356073819079e-01 7.770688233358484798e-01 7.952104680230605016e-01 7.893610394335552893e-01 7.997284101590234062e-01 7.932643301478126130e-01 7.804266408121108833e-01 7.805665301381348176e-01 8.014807608502474423e-01 7.943501324392741036e-01 7.895333158191623069e-01 8.076296841888369604e-01 7.907807068794384664e-01 7.970345283781589130e-01 7.605692459459828525e-01 7.822139209221524725e-01 7.942927379006692323e-01 7.697367575015465757e-01 7.794159405400352680e-01 8.112061450952492425e-01 8.038032251254566551e-01 8.047219761151130912e-01 7.853173497631804612e-01 7.958266797593620545e-01 7.911583863077635836e-01 8.004592001019597003e-01 8.021847437284429505e-01 8.084473727139619426e-01 8.014082811979180709e-01 8.033360741713307940e-01 8.035002973425651174e-01 8.022954910301249853e-01 8.107784987926567322e-01 8.082235981317148488e-01 8.126592143728011974e-01 8.095856268554845192e-01 8.121913688120875330e-01 8.063379517302764476e-01 8.117098645876366092e-01 8.040565388345697340e-01 8.063432188117372057e-01 8.001165483588079663e-01 7.950661701600618692e-01 8.023170745624784717e-01 8.086043892718222104e-01 8.126263980417315347e-01 8.053789014675083457e-01 8.010261110237698601e-01 8.116394334501153551e-01 8.087660939316104747e-01 7.969428488366677721e-01 8.052748253022257163e-01 8.104828057086260751e-01 8.104120332959170447e-01 8.042820709270241952e-01 8.042673363233199257e-01 8.066102735214152331e-01 8.008693621591838063e-01 8.115800902861453059e-01 8.020299671684888443e-01 8.050403911946143465e-01
1.001400438895019285e-01 1.652632820900581112e-01 3.275833902959945920e-01 5.236503585846977726e-01 4.193803391363999378e-01 5.199136357735681946e-01 6.937381255541315017e-01 7.227546144152287022e-01 1.000000000000000000e+00 7.381279169436004706e-01 7.819315315193927640e-01 8.310526500744158662e-01 7.637450751080058220e-01 7.736973024143128930e-01 8.368785295891562059e-01 8.325337916852194597e-01 8.024478319712430308e-01 6.262764041733748233e-01 6.942888316457835884e-01 5.838093084762110418e-01 6.399028162657484087e-01 7.282400741406421796e-01 7.528377461994669728e-01 6.691183661652778669e-01 7.293485155423563571e-01 8.485143168824423876e-01 8.406235865835779419e-01 8.425145394111338559e-01 8.318273145823968928e-01 8.355711355280404096e-01 8.630158859916784442e-01 8.530275062322103530e-01 8.132390725746756477e-01 8.342661018743406931e-01 8.399868466179079007e-01 7.955343648114999722e-01 8.429344412064075920e-01 8.545183076846875059e-01 8.521219203289887023e-01 8.220404212778374964e-01 8.664218482244395725e-01 8.473389209364248220e-01 8.338700083589075662e-01 8.626414840840359588e-01 8.563733103674953107e-01 8.558837636514405878e-01 8.727769340586545299e-01 8.795643161924950881e-01 8.739302530895813881e-01 8.425521766026875525e-01 8.592507135214434433e-01 8.376616514119656909e-01 8.604627220283267430e-01 8.772729022131424692e-01 8.746962779206157723e-01 8.705354738981022633e-01 8.682777742366065699e-01 8.699167353159831251e-01 8.621659729897223068e-01 8.785237102320941904e-01 8.634414369309972859e-01 8.684692519736915139e-01 8.616725708863176569e-01 8.750828297183913529e-01 8.780506406404708919e-01 8.825121672303670728e-01 8.795088790747419560e-01 8.674867964454079372e-01 8.713971288690002259e-01 8.497428906511692581e-01 8.632497485073206134e-01 8.688546423762883997e-01 8.482725943825162318e-01 8.587521506921402814e-01 8.791241265704129448e-01 8.790559457024962331e-01 8.739446385833414821e-01 8.741419162596547610e-01 8.685563612864534155e-01 8.812380089724152210e-01 8.791958176619740772e-01 8.805079744499977323e-01 8.758893232020293906e-01 8.773946211538251605e-01 8.647990778807761458e-01 8.700143646409732590e-01 8.690412277457350010e-01 8.709904314580199092e-01 8.730591629730840575e-01 8.793663662636750367e-01 8.637932569980756314e-01 8.711961649226556137e-01 8.697335071994025668e-01 8.729169437443736745e-01 8.746344443576261618e-01 8.790131055938849025e-01 8.496778808737267541e-01 8.699468177051309370e-01 8.692529628087365401e-01 8.678503287398929844e-01 8.586140107613606798e-01 8.719211871860698126e-01 8.734738891504292280e-01 8.731344757824860414e-01 8.737885128717325367e-01 8.744794866829588287e-01 8.800104731715282513e-01 8.802775435691488903e-01 8.788270327382006197e-01 8.764318726530270220e-01 8.739477684589253004e-01 8.805091105902739246e-01 8.757658740736318226e-01 8.769048970489540240e-01 8.810291582637064245e-01 8.825486976316465615e-01
5.100458926259607978e-02 1.888604102908847671e-01 2.878664387542915759e-01 4.557326068532686070e-01 3.915743938246911693e-01 4.621616760263780876e-01 6.453881656867586081e-01 6.467295620573372261e-01 7.381279169436004706e-01 1.000000000000000000e+00 7.112992563035487326e-01 7.569843945565544185e-01 7.000230530964280939e-01 7.018804087580167161e-01 7.640046745348915147e-01 7.531810692208649183e-01 7.147606463562667933e-01 6.118070665545110032e-01 6.640125599373434273e-01 5.289687340917819114e-01 5.753544512449269011e-01 6.570832699588373682e-01 7.098904419449556524e-01 6.476915800125113698e-01 6.888341805543182206e-01 7.829096370034822616e-01 7.692738400330625392e-01 7.756761658936285331e-01 7.817025345427438543e-01 7.921781263256607586e-01 8.022682666312666022e-01 7.839754570591309646e-01 7.507187372755240728e-01 7.699224638038617563e-01 7.824483380788433973e-01 7.195839890302879738e-01 7.819776447396714625e-01 7.763628026578665020e-01 7.823620329273597296e-01 7.546039984173403825e-01 7.869193467866834046e-01 7.741852249913563355e-01 7.647925603510855597e-01 7.798121241175098861e-01 7.762655271149112579e-01 7.823658045550128115e-01 7.937471204852946105e-01 8.007377100674099024e-01 7.869584752934808414e-01 7.516503124297645444e-01 7.703350507513914147e-01 7.418688761284445432e-01 7.694545762670049749e-01 7.989398509141311111e-01 7.918232414420833809e-01 7.966980969677337487e-01 7.750435774798604127e-01 7.899318600278295577e-01 7.762801552310465425e-01 7.951836017834361670e-01 7.806488081941761470e-01 7.815942200714051102e-01 7.746263528998095227e-01 7.870850389539487679e-01 7.902490071214905987e-01 7.882101191798501771e-01 8.021413157280340434e-01 8.021573211652015534e-01 8.009682688673871453e-01 7.740237944780669066e-01 7.879785100940828180e-01 7.937277292877885637e-01 7.896750133135538308e-01 7.923246822273658507e-01 8.024219184288939877e-01 8.001277122645603646e-01 8.006343242891051926e-01 8.097891380123597438e-01 8.023842383343163798e-01 8.107633846510476916e-01 8.063291602918085665e-01 8.090980898000349475e-01 8.004685246776954699e-01 8.077734256552436820e-01 7.888074876421249382e-01 7.972691253760814112e-01 7.983577606974409102e-01 7.986370745212416633e-01 7.981819550251639805e-01 8.009109509886660483e-01 7.868758511223561403e-01 7.937540343182530878e-01 7.943251132452874286e-01 7.966469680918504270e-01 7.957837349101479774e-01 8.009308007622196746e-01 7.682943261631911547e-01 7.738527202001905803e-01 7.846490967108699088e-01 7.880458985656845217e-01 7.822897262054843148e-01 7.831187865987317975e-01 7.909849755252993386e-01 7.910008825779561992e-01 7.908867533031482822e-01 7.854102266466612692e-01 7.974538563366581068e-01 8.024932858743462072e-01 8.013980812123761011e-01 7.941827444513855916e-01 7.941315002048696670e-01 7.991153483407206215e-01 7.927433754579588099e-01 7.922028043994365776e-01 7.991813136768352033e-01 7.939571577002636493e-01
3.194042641675312599e-02 1.301316097429426055e-01 3.294985795613731838e-01 5.291845417575129495e-01 4.137486602617790887e-01 5.370641422479277560e-01 7.276562337070869857e-01 7.170243056394056680e-01 7.819315315193927640e-01 7.112992563035487326e-01 1.000000000000000000e+00 8.506666935569314747e-01 7.635915560599751961e-01 7.808416117988862259e-01 8.530861091606779523e-01 8.397127419404365467e-01 7.749153455382017386e-01 6.268089024638575646e-01 7.051604152388841751e-01 5.769401916738718938e-01 6.387727497707236246e-01 7.332022252706781318e-01 7.461788480930919842e-01 6.732094975317881591e-01 7.311503967844652507e-01 8.386900994754035166e-01 8.295432045670620980e-01 8.404603219633099975e-01 8.208376515175854760e-01 8.259499506925431778e-01 8.495234338082752190e-01 8.508082643098499043e-01 8.315784673271667815e-01 8.381450090912916373e-01 8.432341432004869519e-01 8.008097106336479198e-01 8.517434783392267006e-01 8.611410912791929162e-01 8.605888566681363372e-01 8.455656402954889739e-01 8.694509505371105229e-01 8.600031364700536640e-01 8.549497552991468519e-01 8.686277559692847650e-01 8.624920780317782976e-01 8.628141741456522018e-01 8.751696889218958386e-01 8.804190437457972696e-01 8.645686790202573579e-01 8.451942397455963762e-01 8.618389538355455404e-01 8.349503743485545693e-01 8.519126860081314145e-01 8.736182644620305027e-01 8.683951498794690860e-01 8.719812450106030344e-01 8.544590023230064224e-01 8.685996477818275219e-01 8.603504755916773217e-01 8.743942070274132172e-01 8.663305460599433072e-01 8.586466529378418144e-01 8.558787095653915822e-01 8.644569939372021006e-01 8.666295837879121056e-01 8.652111480827793244e-01 8.817299542781995569e-01 8.717996558217271375e-01 8.733033512769050599e-01 8.525431292359282320e-01 8.701848737526234334e-01 8.751888718352542895e-01 8.531997849103110099e-01 8.651529464109625200e-01 8.822092020022352932e-01 8.788906174421409201e-01 8.791073245510151457e-01 8.719502884738254966e-01 8.724882466251890900e-01 8.768390123228807509e-01 8.791681271768539974e-01 8.816426463539357439e-01 8.779187825005821955e-01 8.802870068571612139e-01 8.758072473253880608e-01 8.786522730586339147e-01 8.781165400203378990e-01 8.808438793772968012e-01 8.805047676768333886e-01 8.795657743105063098e-01 8.773014940895822456e-01 8.819476314401379913e-01 8.800810606170720307e-01 8.811633844503866664e-01 8.813825023192198849e-01 8.824458495911277067e-01 8.636210284320435804e-01 8.638533024135284233e-01 8.729375941874938372e-01 8.774272894104832021e-01 8.742392826945494244e-01 8.738111091117984897e-01 8.769046920822238800e-01 8.795334333248963077e-01 8.787110722963357157e-01 8.698574964246048591e-01 8.796893325129939711e-01 8.827104559214713486e-01 8.824152193155233581e-01 8.819804114405737083e-01 8.774700881867141256e-01 8.810297925897941917e-01 8.771002843608705080e-01 8.772525515406701668e-01 8.782459022411878147e-01 8.785532074144993819e-01
8.721249616503909050e-03 1.276000635582381915e-01 3.327975472418620573e-01 6.147177799067601311e-01 4.666447700522658448e-01 5.739490590692860605e-01 7.828631120101716689e-01 7.765624764499199362e-01 8.310526500744158662e-01 7.569843945565544185e-01 8.506666935569314747e-01 1.000000000000000000e+00 8.242011866884239035e-01 8.502505827077414535e-01 9.181080865073968367e-01 9.145393437857020080e-01 8.271340572409404679e-01 5.934289336708136187e-01 7.044215123527153288e-01 5.821938873117491475e-01 6.477909886071590018e-01 7.668488812413005729e-01 7.430284810123860550e-01 6.447339287810233133e-01 7.223473925673408180e-01 8.881730559541257675e-01 8.757914266285602434e-01 8.810598030636380695e-01 8.558692096104764113e-01 8.475143360589174613e-01 9.020456118428997749e-01 8.929174711243919038e-01 8.810765162110197890e-01 8.755339785243102524e-01 8.791163610898239389e-01 8.547847908148767937e-01 8.911926053025647221e-01 9.233520097015117667e-01 9.179079272728827288e-01 9.102710978420904819e-01 9.280932956961688296e-01 9.239399535734392765e-01 9.218542073168884965e-01 9.366725198144220110e-01 9.244859610879320178e-01 9.233890029832145796e-01 9.434628170537165959e-01 9.408593995696626910e-01 9.340432235454124710e-01 9.094822051219101366e-01 9.321458027754875308e-01 8.937677303796212058e-01 9.258741916973550756e-01 9.368811786289449328e-01 9.324306290474124737e-01 9.303269139885869121e-01 9.248018286386833209e-01 9.396643746937579644e-01 9.352586358752417173e-01 9.423204630235670898e-01 9.394631642577025987e-01 9.348284712554097986e-01 9.307662496410930020e-01 9.372087226428429396e-01 9.221014990302470737e-01 9.277967019085864298e-01 9.396416108111255161e-01 9.095096898441056288e-01 9.144737273158027868e-01 8.974056618797171536e-01 9.180434257476185467e-01 9.232117721032960800e-01 8.817646805157803858e-01 8.962055455390288694e-01 9.389855589561542093e-01 9.387771022523208053e-01 9.337206725942214236e-01 9.188377730382362163e-01 9.275684410863614948e-01 9.275924443159307975e-01 9.295563305589211733e-01 9.393704578731789656e-01 9.295424419982307729e-01 9.306080103481062515e-01 9.335602370287052754e-01 9.293294255491171274e-01 9.369787153132775881e-01 9.409698109704449642e-01 9.404055162787214872e-01 9.335189826132195279e-01 9.374398615264333268e-01 9.449397072089170679e-01 9.426229951913502880e-01 9.439317312121653369e-01 9.462224213929935068e-01 9.453408790599339140e-01 9.342867140040715945e-01 9.274308003984389481e-01 9.421441269415884445e-01 9.440634217605148315e-01 9.404764683919989432e-01 9.432389948704280602e-01 9.440420248672444226e-01 9.472298566165229250e-01 9.381154200186765379e-01 9.365610592407983548e-01 9.445909922997216546e-01 9.435210623486030013e-01 9.420858974075002612e-01 9.463361797568047296e-01 9.451627325140085079e-01 9.454058835183263287e-01 9.462483914951516084e-01 9.426769437618366387e-01 9.388521683361504833e-01 9.421694934457101045e-01
1.107138547410257273e-02 1.298078354898391518e-01 3.072218999455446631e-01 5.444189006569629674e-01 4.445704486863736871e-01 5.212925757935761295e-01 7.135218908611483668e-01 7.139083716690698411e-01 7.637450751080058220e-01 7.000230530964280939e-01 7.635915560599751961e-01 8.242011866884239035e-01 1.000000000000000000e+00 7.742761743351871395e-01 8.426292598286789781e-01 8.366611743304961379e-01 7.547772593964753307e-01 5.564011614150972118e-01 6.574128709560581596e-01 5.142883383162865085e-01 5.821690734375393195e-01 6.917044705449899578e-01 6.925860807879159475e-01 6.044710448117388557e-01 6.766182063982542072e-01 8.118671851013971041e-01 8.030378332585828005e-01 8.095489472304442380e-01 7.894349116086566420e-01 7.813492430895123686e-01 8.281641356752325045e-01 8.129905712745399970e-01 7.976614559341248523e-01 8.034558812326050292e-01 8.108178821123959157e-01 7.901631222481322325e-01 8.212719508314805239e-01 8.311076918648935274e-01 8.414180899569606575e-01 8.268206096846694164e-01 8.496453410418642882e-01 8.442046777468172891e-01 8.436158684244081662e-01 8.525914129702255595e-01 8.442985403702069069e-01 8.431509030670619742e-01 8.595625039949389423e-01 8.589852628260989942e-01 8.476562650509490426e-01 8.264399122053762703e-01 8.430662976445345569e-01 8.213795922070279421e-01 8.421319882309228344e-01 8.537611571301768620e-01 8.476457629679494676e-01 8.476492662391211796e-01 8.427696420108917730e-01 8.547740667640449930e-01 8.438203006743765222e-01 8.605043607043887377e-01 8.551397846221235888e-01 8.488543425574809342e-01 8.440242979019457747e-01 8.556407320600188937e-01 8.481853308858543494e-01 8.494026191190889863e-01 8.585104928871700736e-01 8.351876566606634134e-01 8.367272624839080519e-01 8.146040822025559791e-01 8.342850790030633679e-01 8.435138432359786664e-01 8.099690282058282786e-01 8.241969897024308267e-01 8.574416285755918077e-01 8.575013845873479257e-01 8.539183320997409954e-01 8.442399525039081531e-01 8.493315061983321979e-01 8.503290156252436560e-01 8.523675707192387430e-01 8.572371849909794506e-01 8.517943545866935029e-01 8.520175543497517934e-01 8.481317934258668645e-01 8.488711867858443894e-01 8.560964399543660175e-01 8.559265919758783925e-01 8.599653748848582469e-01 8.534099871990090680e-01 8.547894753132695422e-01 8.605579086663414090e-01 8.617823083155485842e-01 8.615027912516619590e-01 8.608426635979310459e-01 8.615920318301958369e-01 8.448133490156127801e-01 8.452336796813366693e-01 8.555813422200914120e-01 8.554032310487821311e-01 8.571258291679398900e-01 8.545667921702038150e-01 8.601569300203677493e-01 8.616463436343939630e-01 8.590325649937504693e-01 8.517931616763528835e-01 8.590639020776547063e-01 8.606473430350289888e-01 8.578675808267761660e-01 8.604471842448034868e-01 8.575161902505625822e-01 8.640939375251920351e-01 8.594663877494135296e-01 8.609963771616246930e-01 8.583703321006452835e-01 8.609293195026461731e-01
