1.000000000000000000e+00 2.219162224783184367e-01 1.632631351478612547e-01 -2.258314029617703583e-02 9.444799021978343007e-03 5.085815451106874552e-02 2.987285772385964502e-02 4.325277823991290072e-02 2.880573248454952884e-01 1.785282721679516404e-01 1.249655767749100477e-01 1.026745952023075045e-02 4.042965918335669068e-02 -7.676969621783728305e-03 2.778989213322075394e-02 4.446403737086006974e-02 1.623799438255977834e-01 3.589672666876975171e-01 2.947120721794791454e-01 3.015020299255464775e-01 3.702847589649541638e-01 3.180671201538098347e-01 2.646483950053075129e-01 2.812394811810009498e-01 2.554143722621424195e-01 2.438570753363785981e-01 2.292108536136019392e-01 2.687853603561421445e-01 2.813141843173481704e-01 2.629161957546246597e-01 1.968999394709705086e-01 1.895161516682102865e-01 2.060198669885026646e-01 2.065691714608950125e-01 2.253088287108098997e-01 1.355588262063935900e-01 1.814596480569742321e-01 1.398978580316386222e-01 1.331248274914578478e-01 1.297068639225052722e-01 9.566038641742741211e-02 8.592344670428743447e-02 8.451737169306512698e-02 9.735005598151198758e-02 1.121678613403572777e-01 1.130396804440428199e-01 2.678681627455557074e-02 6.019166588432936504e-02 5.511438960257072223e-02 9.882281475622699263e-02 9.423727857758604221e-02 1.051917675441047112e-01 7.829462993626272460e-02 7.644683123201455321e-02 9.596955279715775611e-02 1.041645471542024248e-01 1.031828246061641807e-01 6.951660123233815991e-02 6.809966924633471808e-02 8.683228011897768661e-02 5.633021434904717656e-02 7.018518774248901082e-02 6.225374425470246026e-02 7.297866952998642576e-02 1.283123813116585632e-01 1.010497623486970864e-01 4.691011761559953780e-02 1.109549977183924424e-01 9.454416099381413030e-02 1.448381476481022112e-01 1.458375265020065148e-01 1.164086929286137495e-01 1.284638399183363755e-01 1.224482861211291379e-01 9.005185415225541723e-02 8.361003793359075842e-02 8.206868864144063747e-02 1.148608754145061805e-01 9.276140566990809244e-02 1.084966534798314647e-01 1.050643414586247409e-01 7.766380081910556621e-02 6.617419434423553459e-02 8.723992721373759196e-02 5.642986976725255371e-02 6.999330905525305568e-02 5.784706369783035318e-02 3.143870690686544067e-02 5.582497810245912184e-02 7.027146270936823758e-02 4.613024394947415341e-02 3.521848457461278226e-02 5.447005400234438549e-02 4.045588034802449773e-02 1.233673835957124591e-02 2.755037796167360969e-02 1.757833908059011283e-02 3.558305611709073474e-02 2.342155572434378996e-02 2.248982243230843517e-02 1.342866425196313079e-02 3.243516282461549743e-02 1.746170416624959545e-02 2.705186352723065388e-02 3.307421105007855161e-02 4.576598177889896341e-02 2.517336702904768644e-02 4.841067885734639392e-02 5.419649500881014437e-02 2.297755873611955282e-02 2.274388411342663160e-02 3.147933153929054206e-02 2.492733192299531608e-02 3.131849824392191062e-02 7.893179399256958217e-02 5.069467854920573641e-02
2.219162224783184367e-01 1.000000000000000000e+00 1.250507417557446266e-01 -4.842745517088229562e-02 7.619813704978459223e-02 5.405406273735226252e-02 1.333328405294967600e-01 1.163385372900339471e-01 2.580990118717610970e-01 2.841843619359468165e-01 1.656460161682765386e-01 7.667176240079229266e-02 1.159167804157611031e-01 8.434292159263556687e-02 1.342140088769228079e-01 1.456012761604884853e-01 1.731257998170088741e-01 2.980540858040341412e-01 2.601822332257993087e-01 2.084357887025350964e-01 2.871678114013502259e-01 2.741237830052090652e-01 2.452601274211939353e-01 2.342595342382525481e-01 2.307374483031699730e-01 2.561262387467996837e-01 2.465880100840149858e-01 2.875939758102579180e-01 2.854083400471693066e-01 2.824995869283046801e-01 2.331794445808288985e-01 2.204578697255979436e-01 2.531395338114237892e-01 2.060618411026592101e-01 2.384504909835778730e-01 1.653175647023892580e-01 2.097278566225180829e-01 2.030528970780633713e-01 1.976839596012823497e-01 2.056701432608110114e-01 1.839296124492755813e-01 1.864628319982042648e-01 1.320727015261742576e-01 1.719911195465380627e-01 1.708384086369746646e-01 1.981253102968752733e-01 1.413544169755392987e-01 1.670654919415649753e-01 1.434826208260687186e-01 1.377054655749238021e-01 1.625743898299829293e-01 1.170370508095377737e-01 1.259809966959763161e-01 1.758965503651377937e-01 1.786022797626079794e-01 1.840589074454795082e-01 1.459507288654403045e-01 1.731647354049707099e-01 1.706847337509179441e-01 1.676992112515077737e-01 1.326909720068646936e-01 1.572577966232907021e-01 1.423263735766223947e-01 1.404647433960141134e-01 1.679822878063575997e-01 1.366048452516710476e-01 1.516720094538585029e-01 1.895671032569884729e-01 1.774738612133412996e-01 1.779589892947414653e-01 2.079316151527481615e-01 1.829849056188092848e-01 1.921349771289862229e-01 1.800657818482392647e-01 1.765336014089421424e-01 1.824345661258504614e-01 1.796052963028715588e-01 2.012134511317250629e-01 1.865955993023372672e-01 1.907208170886929566e-01 1.804673938321808557e-01 1.672763190836697722e-01 1.565468582282694143e-01 1.886482618846357373e-01 1.475804869909529971e-01 1.566038298035250520e-01 1.530172198730144206e-01 1.489026343327163604e-01 1.607358655667602276e-01 1.663824671883372408e-01 1.661456080192577067e-01 1.506956378159286514e-01 1.468047085444517119e-01 1.529238915462786119e-01 1.355612978500713994e-01 1.450447462140053156e-01 1.153571752519079868e-01 1.033778381102809230e-01 1.250187836423407584e-01 1.308658721345889731e-01 1.205496372476018430e-01 1.326160284435131120e-01 1.102730552371112976e-01 1.362871956154428910e-01 1.180198296120424928e-01 1.207249311396748764e-01 1.293985931425068459e-01 1.603921228998143322e-01 1.603888491036961628e-01 1.426483213398011818e-01 1.504905202211077042e-01 1.394109760731717940e-01 1.386896942655804488e-01 1.218273739719973742e-01 1.504374899381298036e-01 1.312856523271372367e-01
1.632631351478612547e-01 1.250507417557446266e-01 1.000000000000000000e+00 2.390455613096516552e-01 1.045477469969327972e-01 1.523053740932035494e-01 2.192712873579713007e-01 2.159766814337825136e-01 3.073681449435186064e-01 2.649109622004477971e-01 2.939105386510763585e-01 2.444364670376250881e-01 2.249068179050950911e-01 2.172469302144333647e-01 2.410674692864035185e-01 2.568246998269014258e-01 2.848508466838908793e-01 3.273222814397482860e-01 3.327115013470111071e-01 2.876330933282546520e-01 2.963281766551725815e-01 3.297509821826459797e-01 3.122899273115307683e-01 3.276175776005199047e-01 3.404984974045699442e-01 3.253889279568500936e-01 3.273439083413983153e-01 3.317297489374562702e-01 3.295101468283346269e-01 3.347601425084631988e-01 3.279471603559405146e-01 3.278010253991312517e-01 3.265939182619159165e-01 3.172751355438852006e-01 3.214235175624740037e-01 2.966511634687931664e-01 3.252205710895900714e-01 2.850272129819174660e-01 3.052861154340424932e-01 3.195987555762628829e-01 2.987697423131071561e-01 2.818530517244764999e-01 2.783412714155725776e-01 2.936977871849467681e-01 3.067441937829185061e-01 2.909331168160246839e-01 2.805949471152233698e-01 2.840146683605843658e-01 2.765684528637620820e-01 2.830672809739662732e-01 2.833716331145986200e-01 2.878700575148497864e-01 2.785690404757125704e-01 2.866470423314245175e-01 2.818600685454528132e-01 2.909457696740588295e-01 2.706437497477245935e-01 2.717692198194169850e-01 2.734943578625654292e-01 2.813296452287205596e-01 2.735467349958634053e-01 2.730687065307755290e-01 2.673075951359480951e-01 2.790521174892363065e-01 2.950518566191138725e-01 2.774756128887820306e-01 2.751059670171044358e-01 3.043410942641970873e-01 3.009381442326747313e-01 3.079977480244047161e-01 3.114312023246493255e-01 3.108795164178094206e-01 3.122440798129638706e-01 3.149457358061251711e-01 2.965944113789318326e-01 2.965344139704514936e-01 2.997646099736060443e-01 3.067925202486975755e-01 2.974774933034068924e-01 2.974542052848624940e-01 2.974597492230608986e-01 2.946964082039235100e-01 2.859400900748184093e-01 2.979171200399910457e-01 2.848318482752852931e-01 2.894383545606640795e-01 3.030248219615774841e-01 2.729508012692037910e-01 2.843262799244301031e-01 2.776075777816205958e-01 2.878360307026219256e-01 2.773175578955321963e-01 2.848193110911403925e-01 2.795728786235666674e-01 2.645117122782701391e-01 2.686941842576898720e-01 2.686130761572086967e-01 2.622385249099529747e-01 2.656865478006267822e-01 2.690602772550324540e-01 2.680632967380142118e-01 2.632486000815034699e-01 2.710385874337064571e-01 2.696185008677310369e-01 2.733268407748557505e-01 2.640839396322203214e-01 2.682970197323378825e-01 2.759830021753688634e-01 2.768957093009466464e-01 2.671659658438958473e-01 2.669100998101319178e-01 2.700579467311690074e-01 2.639249503915132578e-01 2.643727107388969544e-01 2.849076231577390428e-01 2.683903081860537498e-01
-2.258314029617703583e-02 -4.842745517088229562e-02 2.390455613096516552e-01 1.000000000000000000e+00 2.099478735694289555e-01 3.313492387123835314e-01 4.208022113791738961e-01 3.866213867533849213e-01 3.292866063898278184e-01 2.380165255485721665e-01 4.461257876891537300e-01 5.394338302846236610e-01 4.128972978453794851e-01 3.955207507472858763e-01 4.365440345738659800e-01 4.131629252207995040e-01 3.765307537649179581e-01 2.798329636150080901e-01 3.506806323799573910e-01 3.181580707236958960e-01 2.606511948371590393e-01 3.390840702292857722e-01 3.342252149708094811e-01 3.675919255607796865e-01 4.015755959192235935e-01 4.090942387610943531e-01 4.350589214295448315e-01 3.796392280565623056e-01 3.728021110409461270e-01 3.633233656623755525e-01 4.495870683258669231e-01 4.320167951266747353e-01 3.594082412134028126e-01 4.569219054786560208e-01 4.082863250834276037e-01 4.707478135015445986e-01 4.691934323937664852e-01 4.162540698813663176e-01 4.540285379011085864e-01 4.572394195354362312e-01 4.361867310398713782e-01 4.390277603196863776e-01 5.187944603482056438e-01 4.775901275761977316e-01 4.995469149472393511e-01 4.473703438536085764e-01 4.381454541929837854e-01 4.254135899001270649e-01 4.483524030426249141e-01 4.863577131022138178e-01 4.564862023563886484e-01 5.321191045024132871e-01 4.995964366051118821e-01 3.868979313655206975e-01 3.927886148676049682e-01 4.031230792377212269e-01 4.317813713399842324e-01 4.273477969771680707e-01 4.177883763354832136e-01 4.415322975990616516e-01 4.737159543225119562e-01 4.223736865923304884e-01 4.325995297849064558e-01 4.506164521323283711e-01 4.600859679185953510e-01 4.782475788149023743e-01 4.350314497753499654e-01 4.387034047677030868e-01 4.438476666322930808e-01 4.548406138580369795e-01 4.237543728313179492e-01 4.604930629074060477e-01 4.484701666626019767e-01 4.721739374495078634e-01 4.551568433563188965e-01 4.494405067230538564e-01 4.521583615575869297e-01 4.396666652576655121e-01 4.614487516720889859e-01 4.272881206328638659e-01 4.480990474570895610e-01 4.637336344851393233e-01 4.620792158356743506e-01 4.209286734730680601e-01 4.806504928578725910e-01 4.657499274300382908e-01 4.675518960606593888e-01 4.579114471092199379e-01 4.607202452788535796e-01 4.466637996083832607e-01 4.569867706497251492e-01 4.530698020010274218e-01 4.843703305476134147e-01 4.629090400504317082e-01 4.460875419235706962e-01 4.338017178080522118e-01 4.980826114161039375e-01 4.771923317681063259e-01 4.696574091861717148e-01 4.728685398733896150e-01 4.879493055896588216e-01 4.619387301305600269e-01 4.967444378879798395e-01 4.627691825863740060e-01 4.941818749441168612e-01 4.571222525553555460e-01 4.585853578364438299e-01 4.206852151982134469e-01 4.326032890047010193e-01 4.421814696255856325e-01 4.401062235541151613e-01 4.453555181860011647e-01 4.425172984265878795e-01 4.630218450521175200e-01 4.603311711522440342e-01 4.665728185779811632e-01
9.444799021978343007e-03 7.619813704978459223e-02 1.045477469969327972e-01 2.099478735694289555e-01 1.000000000000000000e+00 2.420843193599178100e-01 3.346040263173499230e-01 3.727306336854209201e-01 3.556099654180975289e-01 3.430092927638425104e-01 3.391853081336658193e-01 3.908297483907493541e-01 4.100638087665067766e-01 3.570576031215295654e-01 4.137431341099817583e-01 4.216042505274600893e-01 3.643654568424450901e-01 2.292487456616543462e-01 2.568103391651829215e-01 2.635730374554023925e-01 2.376348329789085834e-01 2.707775795114725215e-01 2.850686870453480459e-01 2.457360117685480350e-01 2.723447965783215019e-01 3.643558434895977638e-01 3.505477359568249796e-01 3.424537395392030503e-01 3.138321381728966242e-01 3.493618434947804441e-01 3.739347065315661300e-01 3.902707395973968318e-01 3.502292257016754173e-01 3.640956689442090832e-01 3.491406974193795310e-01 3.814293479446836943e-01 3.615818682846645982e-01 3.919420847521311035e-01 4.003832769697014959e-01 3.712612412882930202e-01 4.197364395331107390e-01 4.078301431792995535e-01 3.900593534471035184e-01 4.196542756478655600e-01 4.055981799995995729e-01 4.059890237528128165e-01 4.265557195484267483e-01 4.300978938535272578e-01 4.283966038197646320e-01 3.972242490656421321e-01 4.127780090231965016e-01 3.948522150755119364e-01 4.200837309751389581e-01 4.289663324581112769e-01 4.169225660131962719e-01 4.111067439630804454e-01 4.199365776487355983e-01 4.193161195650760287e-01 4.233968930192147373e-01 4.287002392191862077e-01 4.222530081076326658e-01 4.275248687011018456e-01 4.222128209172634206e-01 4.196109492342380842e-01 4.158675841096484693e-01 4.259081854747471252e-01 4.278992094766825849e-01 4.067842682778692875e-01 4.133290535196921800e-01 3.960162864587156717e-01 3.991479642504418557e-01 4.096435771645010604e-01 3.915092870392971602e-01 3.889211124910623152e-01 4.191128748034058660e-01 4.207236334882614726e-01 4.224670536912644159e-01 4.045842576922535905e-01 4.169030171864677725e-01 4.115400336526127134e-01 4.136380482752204935e-01 4.197724351663820186e-01 4.234772123178893177e-01 4.172945585651616773e-01 4.148169273727216333e-01 4.187931780683600280e-01 4.206998442960525053e-01 4.282155486602396977e-01 4.240608724473661217e-01 4.220579873197739529e-01 4.217696080196419728e-01 4.285203864102885563e-01 4.244381076843978251e-01 4.260008615222826700e-01 4.340312662185690229e-01 4.331986139410813896e-01 4.223156437624043247e-01 4.293617696540943385e-01 4.300008994037587406e-01 4.323181778657068652e-01 4.281932502574708477e-01 4.274179691385476265e-01 4.303282562998808070e-01 4.314965713968931804e-01 4.296368739066681597e-01 4.302359139914048725e-01 4.339857039311567632e-01 4.310962636035545748e-01 4.244916628668242708e-01 4.307346155940972587e-01 4.288138731975774109e-01 4.332967716739151154e-01 4.299459539195125135e-01 4.295959025084088445e-01 4.248240603878073451e-01 4.320487380113310349e-01
5.085815451106874552e-02 5.405406273735226252e-02 1.523053740932035494e-01 3.313492387123835314e-01 2.420843193599178100e-01 1.000000000000000000e+00 4.254495885405908395e-01 3.636363799614138470e-01 4.187993781853725506e-01 3.599532089747667918e-01 4.211327583467083802e-01 4.733441642890870993e-01 4.291437497669307044e-01 4.172301855816288874e-01 4.706835504219940569e-01 4.560636916794120754e-01 4.537481569994541442e-01 3.035326401224234805e-01 3.503269420149595637e-01 3.320929157788721775e-01 2.982535175646520154e-01 3.627205591756347824e-01 3.807190025991563642e-01 3.398010008761391254e-01 3.776578990757431531e-01 4.378372810336064180e-01 4.379286627764832351e-01 4.261121523721659865e-01 4.120210427880445780e-01 4.109079867416285392e-01 4.693698031739251264e-01 4.757365238154362408e-01 4.300594966567446442e-01 4.715599951240204146e-01 4.280670052923107871e-01 4.881989487895582736e-01 4.649272255744275606e-01 4.905669759072650571e-01 4.930730658018471213e-01 4.755166502580581711e-01 4.896187067595452191e-01 4.860156050228179869e-01 4.956920468055583395e-01 5.012737159323858993e-01 4.936086812153126502e-01 4.893937634496833833e-01 4.927229381838966193e-01 4.943900118307684721e-01 5.055454992758201538e-01 5.089770379078241147e-01 5.052036517343819755e-01 4.978884091065213235e-01 4.999507692607272347e-01 4.832658056590333207e-01 4.817132803505693728e-01 4.836893466623513604e-01 5.009620146499940141e-01 4.863055445092575035e-01 4.940645798265205224e-01 5.013867881679122673e-01 5.093725608018867534e-01 4.964705482548694704e-01 4.955003575949155636e-01 5.039039017061792691e-01 5.006475498052824769e-01 5.066785032854794757e-01 5.002091033822301247e-01 4.859143672025992844e-01 4.903114159972476460e-01 4.796142649201241004e-01 4.721503307536099037e-01 4.947943588005461191e-01 4.760143617331654142e-01 4.799855598517975830e-01 4.995066069126023467e-01 4.926330192051052159e-01 4.966026192691950225e-01 4.841008941105341412e-01 4.922944475154756860e-01 4.879053392121811550e-01 4.950799163771358868e-01 5.030331607293591079e-01 5.024417216557125476e-01 4.840614760047122211e-01 5.049545295543407253e-01 5.008085321095172571e-01 5.046513393360770872e-01 5.014896581926455710e-01 5.012041101287250111e-01 4.993247606148559226e-01 5.000756895936029345e-01 5.030486963102251963e-01 5.081784954401646903e-01 5.021139525143976101e-01 4.986365843413713694e-01 4.986720066079471936e-01 5.038632130944048493e-01 5.071645471910427583e-01 5.051107573738800038e-01 5.072454081454021990e-01 5.080817264468782124e-01 5.029065814811236601e-01 5.083103170604053034e-01 5.034126336821597159e-01 5.091551838653167739e-01 5.011487972907924249e-01 5.054275491133944920e-01 4.932218528418637615e-01 4.928208501357887461e-01 4.961904099010677194e-01 4.947740605235962374e-01 5.014607600386363773e-01 4.982078933343584981e-01 5.044188822888419077e-01 5.056196256474922990e-01 5.069024621337385739e-01
2.987285772385964502e-02 1.333328405294967600e-01 2.192712873579713007e-01 4.208022113791738961e-01 3.346040263173499230e-01 4.254495885405908395e-01 1.000000000000000000e+00 5.790815368562231003e-01 5.823961726529305327e-01 5.498364914211980592e-01 6.267558696868426038e-01 7.099282672747629919e-01 6.263849660392091234e-01 6.144863325519923647e-01 7.753569050546008645e-01 7.196624750118939540e-01 6.281396735477609017e-01 4.462669956038450292e-01 4.911431600242960327e-01 4.883109146608904383e-01 4.084621366264267750e-01 5.051719041120245057e-01 5.552694776925396480e-01 4.827964587805841368e-01 5.131681812652626462e-01 6.598149738472627313e-01 6.522623514299654701e-01 6.555998971309319190e-01 6.114361485737985769e-01 6.179398162535136851e-01 6.924781636575789712e-01 6.922123378230824464e-01 6.659114742278897658e-01 6.807581156017922241e-01 6.552007888991372431e-01 6.807836749433935353e-01 6.713381369522857245e-01 7.342680987312689700e-01 7.275960325849936128e-01 7.207235130994305017e-01 7.310946456169424845e-01 7.372115741030621505e-01 7.458642254305748454e-01 7.505623085197721256e-01 7.224500720099500395e-01 7.311501091853488399e-01 7.362863961229731968e-01 7.369239566022485199e-01 7.419730126648464985e-01 7.333266091542164355e-01 7.446587051930749768e-01 7.101897417586381378e-01 7.330681989019616207e-01 7.225641362508686827e-01 7.209471082753845517e-01 7.276812348594715596e-01 7.292252053078873697e-01 7.390263832118209031e-01 7.409102778624152563e-01 7.377937022703150438e-01 7.428251405100717575e-01 7.396437419660043533e-01 7.399776359846140794e-01 7.432276974035287864e-01 7.183715580167996384e-01 7.293708806669002565e-01 7.373494251925925003e-01 7.155743616710328325e-01 7.271667966131785121e-01 7.036685163346967364e-01 6.794452935075127042e-01 7.133030705788703241e-01 7.035779104424058072e-01 6.941987658560728747e-01 7.410477324907207564e-01 7.361192126283168102e-01 7.433809922942978821e-01 7.239629241634696344e-01 7.380391255329237232e-01 7.184601884462563648e-01 7.240410857144591317e-01 7.385049745351307537e-01 7.461929849330209974e-01 7.264809660031218419e-01 7.491314761273972778e-01 7.377480587086430175e-01 7.303278936077641781e-01 7.568858029907450380e-01 7.493690009847217004e-01 7.471529296490484473e-01 7.497867111572371623e-01 7.490702272434281994e-01 7.457489712588075692e-01 7.484616410107390871e-01 7.424984613734204597e-01 7.400235291440228069e-01 7.628019344946218583e-01 7.413537286584976904e-01 7.542677603158124411e-01 7.544892428720053612e-01 7.593738343367202326e-01 7.538489413054859645e-01 7.467589856028957751e-01 7.505143661151999490e-01 7.455905551439759860e-01 7.459501942722297496e-01 7.474798341182549155e-01 7.378667217525686217e-01 7.428721943734095667e-01 7.461252993913600751e-01 7.504661050070399186e-01 7.412461559020133706e-01 7.478180501316635809e-01 7.490045536267773141e-01 7.356319526361362326e-01 7.391176504855494489e-01
4.325277823991290072e-02 1.163385372900339471e-01 2.159766814337825136e-01 3.866213867533849213e-01 3.727306336854209201e-01 3.636363799614138470e-01 5.790815368562231003e-01 1.000000000000000000e+00 5.756923234346260632e-01 5.355795262571860782e-01 5.640977979494827821e-01 6.472049998995584863e-01 6.201415033070670768e-01 5.826314637324282453e-01 6.732379018496504886e-01 6.817278850764662002e-01 6.046724398358458430e-01 3.952599694198610236e-01 4.541459745801246228e-01 4.444279385270654137e-01 4.039585907105595064e-01 4.781261515451320498e-01 4.931080743950592149e-01 4.408667945661285392e-01 4.859920776685427435e-01 5.912578617426202943e-01 5.857859371458349340e-01 5.739711258840897168e-01 5.578497555291824783e-01 5.688010456300286455e-01 6.265733712019050383e-01 6.492498188059406816e-01 6.050403526681341626e-01 6.282172370606232681e-01 5.914613742947912867e-01 6.331654342012839054e-01 6.059031525340103919e-01 6.668019573895050955e-01 6.683912790245551960e-01 6.480292947511333557e-01 6.774712694064852769e-01 6.714943951003113920e-01 6.713558588788868242e-01 6.852846284219626938e-01 6.624407590042181715e-01 6.607884915458113184e-01 6.902864723617613274e-01 6.865083298812577617e-01 6.921463123275392038e-01 6.771581649753039001e-01 6.833571277794308063e-01 6.509050301812501216e-01 6.757955208286126059e-01 6.825847130066402535e-01 6.763144625549658562e-01 6.700037043780120438e-01 6.788791799035629460e-01 6.796971782874691170e-01 6.815173377925308751e-01 6.820862938481702109e-01 6.880102453652525707e-01 6.844820172263085256e-01 6.888433947681444902e-01 6.906381291873776584e-01 6.693222045864476444e-01 6.789655430991404783e-01 6.804778113704462728e-01 6.563250039651866707e-01 6.707806796874076216e-01 6.538506072421080839e-01 6.487426003304442856e-01 6.622461363961887892e-01 6.436182481194536731e-01 6.405614817016160867e-01 6.746637640895993826e-01 6.779931444135544050e-01 6.786671738194042236e-01 6.721430320695430671e-01 6.736221973054811185e-01 6.628140869215813913e-01 6.631351452653369005e-01 6.771411415302424075e-01 6.896687130820374767e-01 6.712397403123698814e-01 6.909331236967678480e-01 6.820377146862145468e-01 6.746425517357693691e-01 6.985148542206029987e-01 6.892156486742051502e-01 6.828060767404339204e-01 6.845950370500671900e-01 6.887791004327356026e-01 6.836746007535157155e-01 6.868675192336977098e-01 6.918770368437707763e-01 6.883072530839903225e-01 6.980869070771779095e-01 6.932476012006786315e-01 6.959470796456989072e-01 6.965830080001454983e-01 6.973829018999891938e-01 6.934456133229482955e-01 6.884146320422092069e-01 6.940371677184882238e-01 6.885161964436593562e-01 6.907337128458158615e-01 6.929781071544470761e-01 6.891948948558275223e-01 6.882023216439246971e-01 6.904382183266117856e-01 6.905786926357456723e-01 6.920799533119226243e-01 6.902229583465311347e-01 6.957295889789293364e-01 6.880244126922487879e-01 6.869407576656698655e-01
2.880573248454952884e-01 2.580990118717610970e-01 3.073681449435186064e-01 3.292866063898278184e-01 3.556099654180975289e-01 4.187993781853725506e-01 5.823961726529305327e-01 5.756923234346260632e-01 1.000000000000000000e+00 7.317254925749253625e-01 7.099194309967663541e-01 6.962547315632070521e-01 6.664680891461398637e-01 6.357792511530592217e-01 7.363983702975331891e-01 7.352833376351889383e-01 7.835398422071983004e-01 6.778037175679981763e-01 7.116755441862336884e-01 6.359311274712663442e-01 6.862385727080897446e-01 7.389747501075433211e-01 7.316201034170340955e-01 6.728885501491007615e-01 7.224800756363005672e-01 8.084742519851880749e-01 8.021137153698133515e-01 8.044441292649268105e-01 7.878275924928146434e-01 8.100207156583444368e-01 8.266911406675495622e-01 8.182524682657792425e-01 7.967993178819100519e-01 8.006996012466501833e-01 7.953242102197626284e-01 7.900170454762387440e-01 8.018428462193255557e-01 8.058853864533582767e-01 8.226197409450182185e-01 7.835913882216342108e-01 8.166538165103576219e-01 7.942443936996694820e-01 7.680191017701669676e-01 8.118229624311985582e-01 8.084476076726011540e-01 8.086128299265473718e-01 7.910473189760596213e-01 8.164528611569901173e-01 8.044134441059869189e-01 7.882751111347384709e-01 8.036186008642077772e-01 7.727524645976422413e-01 7.892157100363056399e-01 8.186150127523940112e-01 8.160546265199830618e-01 8.159849297346276620e-01 8.164598018197162244e-01 8.026526272490452918e-01 8.056836476542962311e-01 8.214926920624399109e-01 7.945374609473294658e-01 8.133337365940693786e-01 8.011000876993751296e-01 8.083837139086897938e-01 8.333918478259650930e-01 8.155800466773852619e-01 8.023506508091149403e-01 8.171549442914728401e-01 8.106126690258986800e-01 8.074227382149278265e-01 8.253408501399540631e-01 8.239954275387370020e-01 7.986918345597215918e-01 8.068231537031951284e-01 8.202661235964818776e-01 8.151954595357718825e-01 8.120920153807460462e-01 8.253445034298925176e-01 8.099205630181974813e-01 8.260072784293828185e-01 8.203106497947434406e-01 8.161149711520512273e-01 8.079684743958841509e-01 8.123135847914857433e-01 7.847391026255069457e-01 7.974474896409297076e-01 8.035743799053314262e-01 7.860412715348118473e-01 8.020059122300398080e-01 8.121217617866461902e-01 7.905764280960598800e-01 7.942275282035339279e-01 8.008437656801341564e-01 7.958095185882266831e-01 7.865183553925730875e-01 7.954100801639651941e-01 7.710492927565918420e-01 7.796503656997445519e-01 7.827914467060090864e-01 7.817018630047242178e-01 7.763226321455289902e-01 7.902528350741212515e-01 7.770142397280108693e-01 7.889634907766246430e-01 7.881481467901374494e-01 7.949112466487547879e-01 7.897334180206996290e-01 8.075483912082888072e-01 8.075341779037288337e-01 7.911300892340402680e-01 7.855615973297570553e-01 7.982306465232347215e-01 7.913488645208448524e-01 7.899722026177768974e-01 8.189853549284851209e-01 8.012434023447947418e-01
1.785282721679516404e-01 2.841843619359468165e-01 2.649109622004477971e-01 2.380165255485721665e-01 3.430092927638425104e-01 3.599532089747667918e-01 5.498364914211980592e-01 5.355795262571860782e-01 7.317254925749253625e-01 1.000000000000000000e+00 6.311606156095107556e-01 6.373311415656774948e-01 6.342374186891878152e-01 5.884606407361033797e-01 7.024752510026404106e-01 7.020350610828898219e-01 6.940776341073428002e-01 5.862993635435943540e-01 6.103035274911448038e-01 5.697251990765769269e-01 5.801425814332832331e-01 6.385288817558875119e-01 6.681262578851974165e-01 5.795580187520762427e-01 6.231051966803259345e-01 7.286955080995427547e-01 7.258195841443751961e-01 7.426172236044639163e-01 7.196239293826862671e-01 7.394389841655273354e-01 7.554741923117109792e-01 7.499930421765201860e-01 7.487132566892172880e-01 7.153653075769421665e-01 7.233998269565772299e-01 7.074430668255670129e-01 7.199008714079599969e-01 7.492623938101901082e-01 7.603626270125419806e-01 7.300610259665045731e-01 7.720042709835223116e-01 7.569629903458265918e-01 7.068233516494918378e-01 7.564886690424442728e-01 7.373929643881601548e-01 7.624242946221174710e-01 7.556961518624569774e-01 7.747129876753086064e-01 7.524975262936571818e-01 7.123564503717622065e-01 7.483194182578681852e-01 6.850795552411600431e-01 7.209218436665900676e-01 7.796507566319283988e-01 7.692683733122556156e-01 7.673289531866815949e-01 7.430859733964108038e-01 7.653737800047361040e-01 7.709328995242498150e-01 7.716252079519763107e-01 7.435680602605549971e-01 7.637880769475382525e-01 7.482993957741568281e-01 7.441363152701241379e-01 7.538673666729922562e-01 7.395513316439750184e-01 7.596752547524249222e-01 7.626086913146125079e-01 7.660245698456987773e-01 7.454608274679879187e-01 7.609302146432433966e-01 7.599585318950986546e-01 7.463077314187254174e-01 7.387510199152121926e-01 7.678016411674606356e-01 7.683990946838842317e-01 7.687771086960776268e-01 7.732005228650646877e-01 7.659831358652107181e-01 7.753657403499528700e-01 7.694283223403083349e-01 7.671625903407831570e-01 7.611628047995857571e-01 7.691198856315802912e-01 7.367130941029672586e-01 7.495303192343485410e-01 7.539533988831965683e-01 7.511608795746176348e-01 7.578834637066351743e-01 7.623938490681633207e-01 7.566786651597896540e-01 7.587009203414628589e-01 7.487500958418957797e-01 7.558150265320496830e-01 7.519502860794048393e-01 7.592285046597611053e-01 7.213901253432973837e-01 7.178902514835885373e-01 7.410922625823378462e-01 7.430852299725958510e-01 7.345787753273923526e-01 7.452821249045856744e-01 7.276593387972881688e-01 7.478928693782646020e-01 7.324458866892329389e-01 7.342900109133294606e-01 7.450473481831706435e-01 7.699479615339656080e-01 7.664877140121950649e-01 7.542686102311488838e-01 7.546204473475527363e-01 7.567633305636752850e-01 7.511513104093094917e-01 7.413808085879065590e-01 7.566848732126486565e-01 7.473150531006405028e-01
1.249655767749100477e-01 1.656460161682765386e-01 2.939105386510763585e-01 4.461257876891537300e-01 3.391853081336658193e-01 4.211327583467083802e-01 6.267558696868426038e-01 5.640977979494827821e-01 7.099194309967663541e-01 6.311606156095107556e-01 1.000000000000000000e+00 7.686053359264465312e-01 6.635145628740767298e-01 6.499613246070919947e-01 7.561421810058946980e-01 7.273113919491088764e-01 7.173972208617299673e-01 6.481091407940148263e-01 7.040142732547467475e-01 6.315967506679723842e-01 6.334729893357959885e-01 7.008682119427156465e-01 7.070550251262580632e-01 6.877041289810139624e-01 7.237689595840057777e-01 7.714525772428717509e-01 7.836335384296794215e-01 7.775020636987646228e-01 7.564986436636300660e-01 7.717534796346803283e-01 8.103423662151630902e-01 8.075164362562368137e-01 7.733691009507390746e-01 8.128640083249257797e-01 7.850561867517215076e-01 8.089274800751373729e-01 8.128520737540326779e-01 7.869326574572046429e-01 8.208639607406452710e-01 7.931543918211577671e-01 8.051868935101172964e-01 8.013225190818721311e-01 8.067066527834694245e-01 8.200241093971887274e-01 8.234083963339620116e-01 8.099039390662905458e-01 7.927968977499012526e-01 8.022973100375671018e-01 8.023698060293530387e-01 8.011983012996678477e-01 8.028727651076076333e-01 8.065897736099384430e-01 8.027203564045360951e-01 7.884778513760597463e-01 7.858706851898888956e-01 7.948396700953221927e-01 7.913392485761403528e-01 7.948458706457645073e-01 7.909150121552535051e-01 8.075551444693025438e-01 8.059172279435327102e-01 7.959021490099814633e-01 7.926026322924866196e-01 8.045977716738627050e-01 8.176094363415349342e-01 8.080550794532600500e-01 8.016767048587648548e-01 8.226273102698873352e-01 8.165178733473046346e-01 8.159306267731671891e-01 8.139037628642445954e-01 8.249182388581630665e-01 8.185634086255079156e-01 8.249637834397187675e-01 8.190071847936273297e-01 8.162127224816920767e-01 8.175306141247297154e-01 8.197985935264539004e-01 8.216725858034249486e-01 8.146850057125478717e-01 8.190588108881743379e-01 8.194721944296375904e-01 8.142943181974466871e-01 8.089809020732938727e-01 8.109127309478812995e-01 8.150776343749611685e-01 8.157361640078862886e-01 8.038634484465597696e-01 8.135738017420967028e-01 8.134104471520283708e-01 8.079471844889380971e-01 8.065531723067826952e-01 8.170722423948760804e-01 8.119145645471224082e-01 7.971283007426263056e-01 7.973224163825580746e-01 8.032810361101412333e-01 7.898234521375253614e-01 7.999856216281550081e-01 8.038208639441534187e-01 8.050368959990205076e-01 8.024745442236680404e-01 8.055231582345565577e-01 8.050520025927050405e-01 8.103430936759076220e-01 7.977507091943624173e-01 7.987357757279812676e-01 7.994084211272552976e-01 8.065657004275211817e-01 7.964872935850580982e-01 7.975634253822018183e-01 7.982020900198024682e-01 7.965245854736970887e-01 7.989518807160587155e-01 8.162011225358116739e-01 8.046122855182995526e-01
1.026745952023075045e-02 7.667176240079229266e-02 2.444364670376250881e-01 5.394338302846236610e-01 3.908297483907493541e-01 4.733441642890870993e-01 7.099282672747629919e-01 6.472049998995584863e-01 6.962547315632070521e-01 6.373311415656774948e-01 7.686053359264465312e-01 1.000000000000000000e+00 7.511777844428343398e-01 7.416253152483494038e-01 8.482804111086584831e-01 8.178459830960389532e-01 7.546767822479893972e-01 5.335211330143210251e-01 6.095127866973246711e-01 5.753839964298816945e-01 5.122098610077846503e-01 6.174337171100456878e-01 6.507173549399876133e-01 6.078004399664834745e-01 6.556809661166624892e-01 7.485412774044573059e-01 7.652917995003611917e-01 7.274360017197364359e-01 7.022613532271249071e-01 7.292839931098292761e-01 8.122306103405996236e-01 8.247881012410100965e-01 7.525603412465545761e-01 8.156995462248690654e-01 7.634409088706377577e-01 8.318909250742224648e-01 8.132177376940746827e-01 8.324772083271326784e-01 8.560209417983977165e-01 8.129644086239984357e-01 8.584995259468284345e-01 8.499215358128361375e-01 8.701315235519994085e-01 8.798531176411070742e-01 8.687511160034496749e-01 8.492759939123468715e-01 8.810222231230119272e-01 8.762972090805998260e-01 8.833124054761809507e-01 8.671587373067208837e-01 8.756209837614126190e-01 8.661573611196377032e-01 8.797395806263518248e-01 8.509471691923823355e-01 8.419630349475709652e-01 8.418841015875556666e-01 8.640627328459443701e-01 8.636874991038980820e-01 8.654513643628992670e-01 8.792558557826221088e-01 8.917511598833341990e-01 8.746641315026159047e-01 8.744167139960388191e-01 8.810533391200169318e-01 8.718855815836910050e-01 8.858877319098514835e-01 8.822560563257207944e-01 8.594250225429586054e-01 8.710540507304815883e-01 8.485557818336784131e-01 8.298304895199848374e-01 8.638676196778238836e-01 8.455097680698050455e-01 8.485351731247953166e-01 8.733947619465454171e-01 8.711143756000609972e-01 8.697569465052097382e-01 8.559948925110139051e-01 8.689120880676081127e-01 8.590282977495002914e-01 8.665899214147848584e-01 8.802955168709839517e-01 8.839679229195355203e-01 8.562213767937292275e-01 8.839039776011261562e-01 8.813903348410461192e-01 8.830943290511661381e-01 8.855299722037752730e-01 8.830888317052990599e-01 8.778601851667513500e-01 8.740600838458073563e-01 8.840977714753247563e-01 8.913712436367834391e-01 8.849885288894722146e-01 8.874194516760460782e-01 8.829521232209286419e-01 8.918257880790995129e-01 8.866497145157156146e-01 8.927247038296111104e-01 8.935582563340676021e-01 8.962675392373704586e-01 8.914492286402930787e-01 8.998185349114337095e-01 8.911909917353042498e-01 8.993581152929058797e-01 8.852161210386368939e-01 8.905865583670493635e-01 8.743429312651082030e-01 8.758400380159816478e-01 8.831606521586345959e-01 8.807146961378353733e-01 8.874366267552511456e-01 8.861038985327669426e-01 8.902800324725863579e-01 8.864190148676609482e-01 8.950775072779492136e-01
4.042965918335669068e-02 1.159167804157611031e-01 2.249068179050950911e-01 4.128972978453794851e-01 4.100638087665067766e-01 4.291437497669307044e-01 6.263849660392091234e-01 6.201415033070670768e-01 6.664680891461398637e-01 6.342374186891878152e-01 6.635145628740767298e-01 7.511777844428343398e-01 1.000000000000000000e+00 6.679331882747120419e-01 7.792456259827319487e-01 7.774148029563083817e-01 6.923803288154571911e-01 4.958962173025975861e-01 5.422533742049565619e-01 5.346065864604980788e-01 4.970100982527271838e-01 5.651903502457971129e-01 6.057127269241470158e-01 5.413186186340129824e-01 5.848868893704924909e-01 6.970207689157277287e-01 7.050289041880125618e-01 6.848086055262384564e-01 6.531508713170465219e-01 6.837199011381951408e-01 7.467581504639585477e-01 7.573830925352195154e-01 7.011057350114042741e-01 7.367341096361001984e-01 7.042892809246732444e-01 7.415782169084860209e-01 7.320888174090373068e-01 7.774221988018406027e-01 7.797688263987632151e-01 7.398289571900882322e-01 7.978735665588684300e-01 7.891107019626423247e-01 7.909345658830340131e-01 8.017271607699956171e-01 7.816453469034330137e-01 7.814234355982080382e-01 8.093548354766496589e-01 8.156452615031508646e-01 8.137815800836198932e-01 7.853618751006076204e-01 8.023557223233600544e-01 7.675758978789888332e-01 8.016590898252963227e-01 8.061807704619873283e-01 7.963405148633673214e-01 7.902978416042362175e-01 8.010354073285823606e-01 8.050804754509084393e-01 8.097975525268307218e-01 8.165534754290185715e-01 8.145054691630507770e-01 8.130904680187075462e-01 8.104312185411221003e-01 8.092348305349719162e-01 7.979329128944743221e-01 8.110601352228546945e-01 8.125803791591155179e-01 7.888825694008724243e-01 7.972068349007674914e-01 7.799600289493632266e-01 7.684301977222252056e-01 7.890454297868604305e-01 7.718526195839633397e-01 7.675941382598157059e-01 8.066084282478299672e-01 8.040928090218935065e-01 8.023977011483669486e-01 7.910887358200028308e-01 7.985473205979414235e-01 7.959453506488397556e-01 7.979581545490959105e-01 8.081412911454188830e-01 8.089974699987300122e-01 7.971770465746632617e-01 8.066263683214947022e-01 8.064445456345462615e-01 8.081270240202557131e-01 8.134487990451687578e-01 8.096360462499010424e-01 8.078322459546387613e-01 8.016221125172497963e-01 8.116971362893583564e-01 8.116029145230768682e-01 8.126301226289575075e-01 8.168788882450692679e-01 8.171078678732901501e-01 8.111634208737833474e-01 8.087659053041443835e-01 8.184206408990694070e-01 8.171460401149900354e-01 8.194910902550456289e-01 8.177686925992251332e-01 8.156005854375371067e-01 8.187728409927567119e-01 8.170580345136921885e-01 8.115671100205018584e-01 8.191921121209412293e-01 8.149257194580749042e-01 8.145008216651441479e-01 8.157703252267466398e-01 8.103475417500772826e-01 8.210190013880823701e-01 8.160630050913942890e-01 8.176661373900394603e-01 8.158071194426019801e-01 8.185329182266780634e-01
