1.000000000000000000e+00 1.474398182383668543e-01 8.895093046217865396e-02 1.632503051078228740e-01 2.032502461455637788e-01 -1.872681794226938728e-02 1.610346093009055179e-01 2.075741912901800379e-01 2.251017282545853260e-01 1.255905872199739037e-01 6.733223242611388604e-02 8.887451692997531960e-02 1.386665203371101052e-01 9.822140781619276284e-03 8.316528628032474058e-02 1.138912910749321494e-01 1.495656818371624841e-01 2.006263027089108530e-01 1.462733702574793015e-01 1.877032432163516229e-01 2.185830979761037574e-01 1.858328499593834005e-01 1.943795480789229091e-01 2.121570659490710775e-01 1.657573259390395792e-01 1.672024439226201531e-01 1.346632843251964473e-01 1.274284064858399457e-01 1.846225794442072354e-01 1.652999579020203447e-01 1.434881101069706566e-01 1.199143026239933435e-01 1.312942069746125817e-01 1.304456128988712438e-01 1.219522007209050268e-01 9.808815282625686638e-02 1.057606215942713535e-01 8.574998444661993680e-02 8.053919092309257122e-02 5.818825421739160647e-02 6.073225863479864844e-02 4.553181239823046039e-02 7.364673701940564754e-02 5.934838223051687456e-02 8.996107761285698778e-02 6.870911098240475856e-02 4.120703615447901536e-02 3.985602944745577497e-02 7.252036112482682095e-02 7.292621829798062727e-02 6.332110394093128092e-02 1.233301454957551890e-01 6.422206390052671854e-02 8.046981284426889258e-02 8.758145392768598714e-02 8.642099596485305901e-02 1.366927947480112981e-01 5.981679292025866845e-02 6.179617082407409812e-02 1.133297955421148501e-01 6.840531894663996748e-02 9.103552955367283372e-02 7.010314178949074437e-02 7.741730278087399775e-02 1.044327823568955704e-01 1.074568179459724632e-01 3.281008441693776534e-02 5.708670569619356955e-02 8.123303056480862816e-02 9.590969423530452953e-02 7.199090444589993643e-02 5.035390942117325130e-02 8.209692411086844110e-02 7.539482866858936150e-02 6.276554828140243347e-02 5.061065665155456417e-02 5.103395194553273645e-02 7.616269232885178320e-02 6.803471936734442616e-02 7.025582467411597976e-02 5.953919479068850440e-02 4.716336390554580482e-02 6.935945967798581857e-02 6.281766227355560506e-02 5.051326005700497446e-02 5.537751930164650643e-02 5.274288466895768468e-02 3.898755427836576859e-02 3.249894468996285257e-02 6.185713803581720932e-02 3.735424375801568719e-02 2.412985532985861825e-02 3.087801727308331357e-02 3.153552482149039188e-02 1.801238600617769900e-02 1.613300365717688922e-02 2.497845085500581541e-02 6.749769290720018800e-02 3.311895330155811140e-02 3.740046304244855346e-02 2.542780261515224446e-02 4.081421723259041207e-02 3.032176031191665191e-02 3.600577599998554951e-02 4.102878757211325667e-02 6.323237652797096542e-02 4.525527695962788810e-02 1.970438005350755653e-02 4.059455452363365524e-02 3.120869409807597306e-02 2.850099354533520979e-02 5.471286201731761362e-02 4.507614412579081381e-02 4.252231350987699388e-02 5.468282049039759063e-02 6.333641344631295300e-02
1.474398182383668543e-01 1.000000000000000000e+00 4.816198157742879876e-02 9.327553706019731106e-02 1.032389129626923308e-01 1.048331505390539126e-01 1.465483181537745316e-01 1.096393307303066972e-01 1.741693061271207543e-01 2.002563126128189264e-01 1.443216317431318951e-01 1.491307762535692694e-01 1.380433776221750286e-01 1.046381090787766588e-01 1.606249367910715653e-01 1.507512007631714168e-01 1.597790807170700322e-01 1.325318358886960202e-01 1.523834596127030816e-01 1.015524493494796010e-01 1.093633021967364283e-01 1.544908276087652299e-01 1.665746868354781585e-01 1.418539659234686612e-01 1.343948368783026148e-01 1.766887913652784303e-01 1.659176470867511355e-01 1.826639904014474847e-01 1.559797917568024328e-01 1.808720315500126075e-01 1.751642608219574904e-01 1.760167242101421670e-01 1.558217561893512071e-01 1.512409939249491631e-01 1.609848614463557370e-01 1.298728290305302124e-01 1.642977528265696374e-01 1.620381569765738661e-01 1.610721288967795761e-01 1.489951893423116236e-01 1.599163888609483886e-01 1.546997957614938968e-01 1.440402800293272834e-01 1.592051190681986750e-01 1.517761089787209583e-01 1.683694159891211961e-01 1.562755685820650109e-01 1.649551592073231210e-01 1.583264083090732965e-01 1.295917568709797074e-01 1.474356664916917914e-01 1.252388721358722867e-01 1.540410924341304721e-01 1.679628873612766526e-01 1.637329386987977087e-01 1.650599503626694886e-01 1.471389596071707440e-01 1.567500446808823833e-01 1.525525418942820233e-01 1.609829145058478683e-01 1.450130612539114183e-01 1.572386317650132648e-01 1.407091739998548030e-01 1.504172292041240921e-01 1.442900351631247469e-01 1.526492650940118878e-01 1.590833586635146124e-01 1.617444016023067144e-01 1.709840558106361930e-01 1.499483347029518243e-01 1.581071024070348774e-01 1.607779250801532889e-01 1.671782932485584572e-01 1.592784243771120101e-01 1.690284332968705616e-01 1.623515844878887227e-01 1.577648611795031963e-01 1.645952834182142499e-01 1.618630343161729379e-01 1.668601874948983654e-01 1.625534152545781985e-01 1.595504382284842759e-01 1.580794749359742957e-01 1.615137081763952653e-01 1.480972926887770269e-01 1.597578508058932201e-01 1.546057225922130296e-01 1.573423450051200101e-01 1.548087460130754545e-01 1.634446475430821055e-01 1.523462963545514914e-01 1.581556849321216485e-01 1.528071759626180581e-01 1.582616774357987754e-01 1.570015462380781879e-01 1.605698525916045005e-01 1.361245397743333918e-01 1.388232546231544795e-01 1.462391699388955746e-01 1.513412306332029833e-01 1.454720057929715371e-01 1.479750407491681186e-01 1.562954251805529771e-01 1.503231118201639738e-01 1.444515157476223000e-01 1.433659044670958782e-01 1.544554966781368777e-01 1.617640207203974168e-01 1.635867059719635641e-01 1.587678878598492993e-01 1.534182701796404924e-01 1.578959506371668264e-01 1.559067605851066907e-01 1.493889526471589846e-01 1.551188850471596492e-01 1.531071426047949102e-01
8.895093046217865396e-02 4.816198157742879876e-02 1.000000000000000000e+00 3.650527793447143066e-01 2.659203911968905376e-01 2.303712388600559768e-01 3.781814204276158220e-01 3.652726295530075995e-01 3.652494491160486745e-01 3.211568794566993512e-01 3.929249267190108585e-01 3.993145239236086108e-01 3.536936824706555238e-01 2.741906315662788196e-01 3.905092846171497323e-01 3.915981460415511872e-01 3.656919231829294792e-01 3.744472574629129635e-01 3.882839499013582829e-01 3.328774010279800244e-01 3.826791606743198404e-01 3.972542426698469908e-01 3.766011188650612573e-01 3.807429335105667612e-01 3.879114108808278116e-01 3.780208616293863622e-01 3.962104720663757185e-01 3.856628789185498341e-01 3.642201592829309997e-01 3.930228113537000967e-01 3.947274504555502439e-01 3.889993884657060863e-01 3.857164417598515915e-01 3.933383915892846305e-01 3.781883145410621094e-01 3.877437892037144396e-01 3.871885277841708994e-01 3.898928801593967708e-01 3.898236503631777872e-01 3.842279996683882759e-01 3.860824962391222748e-01 3.889580758398883953e-01 3.906362589753316072e-01 3.918104131524236533e-01 4.035811547421340739e-01 3.782540615953638996e-01 3.823043639795399851e-01 3.736072506988593611e-01 3.806708117147492576e-01 3.955946708468086603e-01 3.922387402155618763e-01 3.950022359842018105e-01 3.988716654629769209e-01 3.799673728918312454e-01 3.906173858741562310e-01 3.863837645162543355e-01 3.911950895647502979e-01 3.914976040582774930e-01 3.864452465272363302e-01 3.901655408736892650e-01 3.946965115561332782e-01 3.912863142781026204e-01 3.867434912347584852e-01 3.819891550130214974e-01 3.788478125072241021e-01 3.867543121415766283e-01 3.726276565377756866e-01 3.862241825786265070e-01 3.916733157600495452e-01 4.016261614931483370e-01 3.993879863035989519e-01 3.852227340021734392e-01 3.880972460762653342e-01 3.943915977082876889e-01 3.882025112734509564e-01 3.838808816903820365e-01 3.789853760653759673e-01 3.800372135318474953e-01 3.772744244680364956e-01 3.802790498839060396e-01 3.832172245601479510e-01 3.833127127148572844e-01 3.870629012173922301e-01 3.838989148472270463e-01 3.911118187156747972e-01 3.820515850204487251e-01 3.871334684382860547e-01 3.854618900772882606e-01 3.802177795986552700e-01 3.842494050242996062e-01 3.863355871508721839e-01 3.786820896143492376e-01 3.821276539675697581e-01 3.803108829064423269e-01 3.710289191460926506e-01 3.686058092529265195e-01 3.934177137297819593e-01 3.902015193794652337e-01 3.843986172943188451e-01 3.863631905232163821e-01 3.852014547430476221e-01 3.852073900425724284e-01 3.746358809998670547e-01 3.873408891665226506e-01 3.889188882321135687e-01 3.850011125732930584e-01 3.812259099918978156e-01 3.668516209268521955e-01 3.792692409773890660e-01 3.758570764946512210e-01 3.780464148661158430e-01 3.762923378058828372e-01 3.809666161436352505e-01 3.812317726576701093e-01 3.757387317421467809e-01 3.796201841541309574e-01
1.632503051078228740e-01 9.327553706019731106e-02 3.650527793447143066e-01 1.000000000000000000e+00 4.063601605502948355e-01 3.584033814793556316e-01 6.078034551474522651e-01 6.015477553827174306e-01 5.671872182823184394e-01 5.089890922676786333e-01 5.766610302925463394e-01 6.509606380592123376e-01 5.877886819593832746e-01 4.299324325812106107e-01 6.245750584724029109e-01 6.293142696248109624e-01 5.838017247633079387e-01 5.875699633481941131e-01 5.708855327684365655e-01 5.776912171907031546e-01 6.062951554993196712e-01 6.121420465996076921e-01 5.534542912951651017e-01 5.582709340404481413e-01 5.468384209651074856e-01 6.140079783696060778e-01 6.100449338860833848e-01 5.762798433090599026e-01 5.267357343637164568e-01 5.939360487776386144e-01 6.054590809501472215e-01 5.956797371117881212e-01 5.699065368341243998e-01 5.958444494172283612e-01 5.701647498331992026e-01 6.029546816063513504e-01 5.718081136522848995e-01 6.185731096758664282e-01 6.124102686795526163e-01 6.027401636654916572e-01 6.158478801073430375e-01 6.229723048106458050e-01 6.252566524837590567e-01 6.334588157825318255e-01 6.174146959612042407e-01 6.073553150431650893e-01 6.043769284395702490e-01 5.872465972587662675e-01 6.114801130467624191e-01 6.246002875421339251e-01 6.297100417162386776e-01 6.336334086198814886e-01 6.158871599099764449e-01 5.964263058730032707e-01 6.092063670413574439e-01 6.148625886808904983e-01 6.284854503249464042e-01 6.275982754493922844e-01 6.184019081621962011e-01 6.280208712237119739e-01 6.265638206477140981e-01 6.225745532933382176e-01 6.183846935588511728e-01 6.130211910053208202e-01 6.095076316705850816e-01 6.154888026691616165e-01 5.801480786631779685e-01 5.946779696703689000e-01 5.908570982073741984e-01 6.466625968676923408e-01 6.225306070652995016e-01 5.931343370318910013e-01 5.859329712754076658e-01 5.930010833418337679e-01 6.015585830399979850e-01 5.922589951863819202e-01 5.797619059119449858e-01 5.758884437328684047e-01 5.835304895601139963e-01 5.837401250911957717e-01 5.813968426575306658e-01 5.921157642747149064e-01 6.051492468700180316e-01 5.743735175130287862e-01 5.990802555165457566e-01 5.913069288310999205e-01 5.890649238607906790e-01 6.012070163195082362e-01 5.915076164498748179e-01 6.040459146369411281e-01 5.934090953939942237e-01 5.981914133096941644e-01 5.973104420970503092e-01 5.938538396801520403e-01 5.859499025634731240e-01 5.776201663820642596e-01 6.155157175249836854e-01 6.155503433069444696e-01 6.015007578663765786e-01 6.046547601393126303e-01 6.021681284790303401e-01 6.094948851817385549e-01 5.981251170800658823e-01 6.150365813538188897e-01 6.100488698811593613e-01 6.092421301659660671e-01 5.993097241023953581e-01 5.746606589820492106e-01 5.917484798688830150e-01 5.951433603416798057e-01 5.971974672917100824e-01 5.978946153458275514e-01 6.055602855895373393e-01 6.019034247054435571e-01 5.963864304225537927e-01 6.005212948370404202e-01
2.032502461455637788e-01 1.032389129626923308e-01 2.659203911968905376e-01 4.063601605502948355e-01 1.000000000000000000e+00 2.739846476380440321e-01 5.131776598019006652e-01 5.144595717789227640e-01 4.863746412856703727e-01 4.469399218409170760e-01 4.391720106739822604e-01 4.954995746404705637e-01 5.216676777692392797e-01 3.396113762032584860e-01 5.160741799383632422e-01 5.225034911473515065e-01 4.598066172866141499e-01 5.115729354529954254e-01 5.112381819551866657e-01 4.957311000409962976e-01 5.201279361796407041e-01 5.299936113317105235e-01 5.031215091150015306e-01 5.166049261125137404e-01 5.077787369801691764e-01 5.345232574901784828e-01 5.073205516536999360e-01 4.839213601993957448e-01 4.715697172844313667e-01 4.976322128125096889e-01 5.079269009480452679e-01 5.098262973673546306e-01 4.732122285744169154e-01 5.029216802868151648e-01 4.674616162339345626e-01 4.940690329132144676e-01 4.907917452040096995e-01 5.121047571763229778e-01 5.011937867411444536e-01 5.024849006622931213e-01 5.032001217916275415e-01 5.051623976842785080e-01 5.325514239894659774e-01 5.139530284919048286e-01 5.106733411682066182e-01 5.052422820985612573e-01 4.891957733192154878e-01 4.757517604126089150e-01 4.942587572894715509e-01 4.873304884361761569e-01 5.077056480938964000e-01 5.012689765286051369e-01 4.846976724351130805e-01 4.849805340828878819e-01 5.022253986537640325e-01 5.125001762543301975e-01 4.989373142545558415e-01 5.030051883975120708e-01 4.922730546260717932e-01 5.149165322870503658e-01 4.995733495649791189e-01 5.102078549353670223e-01 4.936583833255787646e-01 4.953823974131642549e-01 4.880030551876117784e-01 4.954282712462578231e-01 4.747950635315760226e-01 4.876280057879416319e-01 4.966805900353427616e-01 5.158488867034525249e-01 5.053226729544701978e-01 4.886778533461818563e-01 5.003231243602285216e-01 5.001698782280834532e-01 4.947897898553705320e-01 4.818709443670248227e-01 4.808776596917179180e-01 4.813087049361879366e-01 4.934095357022388328e-01 4.805371943673000801e-01 4.775369408308984265e-01 4.795874930929082125e-01 4.906077888081227245e-01 4.765175030324298455e-01 4.818789072943524543e-01 4.853421648105418207e-01 4.869257269832177326e-01 4.898767782146626337e-01 4.809576924243808005e-01 4.998861837676008002e-01 4.905398628465675870e-01 4.872557673422622249e-01 4.854292549034318616e-01 4.866456818227549164e-01 4.695169850073651618e-01 4.658450882178178376e-01 4.770665329475140548e-01 4.771498835849662390e-01 4.794657680836251767e-01 4.841085408979313720e-01 4.930539727100788916e-01 4.780270766206226041e-01 4.750216603657073655e-01 4.926564496359426837e-01 4.872498481813538618e-01 4.755620971134142394e-01 4.774025007720832936e-01 4.684421840751671340e-01 4.850157709945094875e-01 4.826027619001124203e-01 4.788761630632500377e-01 4.866661492693119540e-01 4.858052798665715155e-01 4.806278383810115851e-01 4.759559017201310249e-01 4.783164255283245403e-01
-1.872681794226938728e-02 1.048331505390539126e-01 2.303712388600559768e-01 3.584033814793556316e-01 2.739846476380440321e-01 1.000000000000000000e+00 4.376278778341598508e-01 4.036143218806879096e-01 4.596014588946915613e-01 4.560652108572417762e-01 5.285061355630851221e-01 5.521085339911092627e-01 4.666029606713458233e-01 4.491568383886938576e-01 5.448546664064953804e-01 5.351707806291013947e-01 5.002218606288282299e-01 4.441751783027471645e-01 4.904046125911616372e-01 3.917875465756044950e-01 3.999290901969356216e-01 4.873707816406363524e-01 4.570538794163155338e-01 4.282407775996034394e-01 4.494123246089396506e-01 4.928793443437450295e-01 5.125382004905013611e-01 5.095787776459569374e-01 4.130936422549584819e-01 4.875704345575459508e-01 5.255281431326390695e-01 5.236539544723927131e-01 4.583378133471056604e-01 4.996053504205482110e-01 4.963161848688683042e-01 5.156296323886470079e-01 5.303560753413475437e-01 5.361052121765609302e-01 5.452221544059802083e-01 5.313697786327399308e-01 5.647454247317139631e-01 5.707056048467723519e-01 5.420335623973135952e-01 5.794538140531212411e-01 5.646355375497617013e-01 5.634676534889674349e-01 5.804111293127592885e-01 5.835045917120573744e-01 5.752915334156437632e-01 5.381319498553163161e-01 5.558226198033658916e-01 5.413047669255358629e-01 5.773076520572586467e-01 5.713127454984572307e-01 5.631142093551064765e-01 5.653008099426918287e-01 5.458707947794321225e-01 5.771846217203338014e-01 5.652331411903579461e-01 5.602437405889127975e-01 5.710010907875344710e-01 5.668269023417075170e-01 5.628930341237411428e-01 5.703302199806626893e-01 5.646000194978516573e-01 5.678628268768453058e-01 5.837289340379024916e-01 5.807614745387920108e-01 5.655436535132972731e-01 5.658445833185040685e-01 5.792306694503915887e-01 5.831056798500178218e-01 5.599672541324178798e-01 5.689575182306424450e-01 5.774605592328760917e-01 5.793524584721495563e-01 5.637767651798557544e-01 5.429413614262781351e-01 5.552067056616344365e-01 5.644677715057403455e-01 5.684581007845587175e-01 5.759807256330342629e-01 5.781957553973936514e-01 5.559875786647817675e-01 5.628147837884580618e-01 5.680388809539073103e-01 5.711508387231036821e-01 5.807431857873228687e-01 5.777467527643459499e-01 5.794281035323642914e-01 5.749865692203327550e-01 5.886074972349442103e-01 5.861819041547698950e-01 5.836308052683828462e-01 5.883233767605289266e-01 5.911512896591465394e-01 5.841886873047701378e-01 5.762981964950849578e-01 5.868062748800579875e-01 5.802983380590610585e-01 5.867461076075299875e-01 5.848718927209738405e-01 5.896951478150284087e-01 5.880878732429006828e-01 5.861711851984696686e-01 5.835297976404335563e-01 5.837679036388401244e-01 5.877068834768406358e-01 5.837432181964506972e-01 5.847573389675930766e-01 5.846347023105717966e-01 5.808175974701579314e-01 5.858420653867065786e-01 5.856513512154597478e-01 5.802310088547683042e-01 5.811463387682020976e-01
1.610346093009055179e-01 1.465483181537745316e-01 3.781814204276158220e-01 6.078034551474522651e-01 5.131776598019006652e-01 4.376278778341598508e-01 1.000000000000000000e+00 7.381839668248574293e-01 7.351903098127847702e-01 6.750516679856243263e-01 7.357158257173916915e-01 7.997075708707230834e-01 7.362985818234857316e-01 5.692520549197126467e-01 8.342854519263656066e-01 8.040469445214438737e-01 7.263408576028129726e-01 7.697670293208425107e-01 7.775956887820154595e-01 6.978744642516137020e-01 7.479580461104100575e-01 8.028848601369421578e-01 7.702525553581283102e-01 7.585012306992111597e-01 7.687809252974197038e-01 8.177283607991686631e-01 8.029207144152079589e-01 7.968483846406367865e-01 7.548465643938436775e-01 7.967537507681471398e-01 8.170921018491495991e-01 8.057241272251305375e-01 7.794502684198529874e-01 7.875388068460474900e-01 7.722314258087441541e-01 7.733024698662352980e-01 7.958995876768278910e-01 8.223992245545101998e-01 8.068876830983170434e-01 8.026114039234815145e-01 8.090508532510347628e-01 8.117301038885561537e-01 8.174249345593929128e-01 8.172938604447153033e-01 8.179434861775471965e-01 8.121503532531326730e-01 7.946281024784075386e-01 7.788830224115327328e-01 7.972783460002977884e-01 7.855192231515650825e-01 8.075790467556483998e-01 7.735605354460934890e-01 7.838835395116477978e-01 7.884967383075669467e-01 8.010462169321724835e-01 8.133862775108495757e-01 7.947294475633016608e-01 8.007519249653695104e-01 8.012851889247116777e-01 8.056929565932386961e-01 8.003431131940720311e-01 8.125286788455629017e-01 8.003789446157544285e-01 7.915069602050988085e-01 7.750332846903128514e-01 7.874212285308717085e-01 7.765646132753277753e-01 7.952915958701598509e-01 8.007391179023820582e-01 8.203997592795417848e-01 8.132965811321383187e-01 7.935129722462368473e-01 7.934909797524891673e-01 7.996940112031504233e-01 8.012554944784480160e-01 7.941403143913785545e-01 7.935533042715756658e-01 7.894772713452716806e-01 7.994903673821370793e-01 7.870786146982911013e-01 7.847267958376051844e-01 7.895585976972505637e-01 7.983115779863128036e-01 7.840126369443926047e-01 7.847021388341277603e-01 7.843662342648923813e-01 7.952680262376203846e-01 7.967785379506228116e-01 7.915218948840843094e-01 8.024689880459838776e-01 8.025712017017474498e-01 7.931015772828868826e-01 7.913544902284943561e-01 7.960426187826398214e-01 7.726969182980405471e-01 7.682044509239851493e-01 7.867684230059714956e-01 7.799729658547881472e-01 7.837223250580399592e-01 7.911834224311512509e-01 7.948533872887768581e-01 7.909499297340415458e-01 7.727181273793741756e-01 7.969320865454010416e-01 7.863894804573220432e-01 7.858870460431377492e-01 7.831578504882855674e-01 7.695614629131429796e-01 7.894995611573941696e-01 7.819843207820785791e-01 7.876428814994020922e-01 7.823925321941218591e-01 7.920588623842301779e-01 7.835123607962524162e-01 7.733804494848196542e-01 7.765691401948799921e-01
2.075741912901800379e-01 1.096393307303066972e-01 3.652726295530075995e-01 6.015477553827174306e-01 5.144595717789227640e-01 4.036143218806879096e-01 7.381839668248574293e-01 1.000000000000000000e+00 7.081905320111331337e-01 6.218011314994086325e-01 6.886064217922706066e-01 7.631389845630869306e-01 7.159145320157616066e-01 5.367573360974289276e-01 7.638560631156460223e-01 7.982833688279044049e-01 6.959223905656546361e-01 7.452439436455222666e-01 7.310698677414784186e-01 7.144751440726508918e-01 7.376934084411472803e-01 7.638572331738190391e-01 7.116910624922008211e-01 7.331995103787531942e-01 7.290504981413364893e-01 7.689283650764898725e-01 7.456193433297334527e-01 7.116160699610184492e-01 6.726451792125422990e-01 7.328268196253360234e-01 7.531231375199457512e-01 7.667261770341309290e-01 7.167415716200601361e-01 7.593639735529531531e-01 7.189176556517069550e-01 7.453287350046180482e-01 7.317264077615619478e-01 7.763109076595270386e-01 7.602086662093092695e-01 7.505732102391129423e-01 7.560072501153499713e-01 7.509702784262142217e-01 7.785188838305865389e-01 7.632925686551479405e-01 7.616896399611293722e-01 7.417562750694958185e-01 7.503859462925315249e-01 7.276151810750794979e-01 7.665292227676712145e-01 7.755021739466309016e-01 7.825056398878699193e-01 7.499332069723395611e-01 7.376417072041281386e-01 7.404694104082496509e-01 7.548583613275010595e-01 7.687673429653610890e-01 7.791822736587210585e-01 7.566951556475153273e-01 7.657236632688895206e-01 7.642597072869627972e-01 7.734622734852465431e-01 7.704722852322761772e-01 7.693551769281086194e-01 7.673081272984333401e-01 7.419733143899532868e-01 7.524427486081283201e-01 7.241239816823951125e-01 7.384294428885209705e-01 7.439808753898587979e-01 7.724956826290392264e-01 7.621055553897472246e-01 7.332387527211181588e-01 7.399634181968921531e-01 7.451640484080108706e-01 7.413526494128340749e-01 7.276558858990878065e-01 7.234193491964279188e-01 7.178840711629400628e-01 7.328372606450694882e-01 7.268206437285832378e-01 7.208367050710925428e-01 7.251729297752048664e-01 7.534921526305915496e-01 7.235454829849797820e-01 7.494959490792311163e-01 7.367843683206929395e-01 7.342448758395574426e-01 7.468680128435699617e-01 7.363497094951939603e-01 7.527970464064646094e-01 7.389978220017323629e-01 7.350450250275281094e-01 7.342505482307636333e-01 7.352787556666532387e-01 7.213747420500381535e-01 7.136262877200473254e-01 7.605852565017967581e-01 7.586033019670781474e-01 7.494143691912547034e-01 7.535657526323692457e-01 7.489776356716916217e-01 7.544070187737352828e-01 7.287967801180705862e-01 7.507869235992450374e-01 7.462187501840277237e-01 7.562642547730339393e-01 7.435341336629711639e-01 7.111340008458025830e-01 7.353513525793693439e-01 7.322519431651074440e-01 7.415841320522097435e-01 7.341186007133029268e-01 7.465877243139318331e-01 7.450165723903247050e-01 7.260529675224947077e-01 7.324915747320659420e-01
2.251017282545853260e-01 1.741693061271207543e-01 3.652494491160486745e-01 5.671872182823184394e-01 4.863746412856703727e-01 4.596014588946915613e-01 7.351903098127847702e-01 7.081905320111331337e-01 1.000000000000000000e+00 7.502234082203323995e-01 7.846511483406793941e-01 8.168302579039282696e-01 7.610053687075413187e-01 6.327182405679027122e-01 8.314189522463475424e-01 8.231075861764695079e-01 7.898193308702491366e-01 7.807758661302663938e-01 7.953506320448880951e-01 6.871781191627986951e-01 6.981710317068263727e-01 8.098125351446462394e-01 7.603218887709471963e-01 7.609739305639507956e-01 7.748867468439590844e-01 8.374245479064260644e-01 8.259883559904919181e-01 8.108819242831575291e-01 7.787542436600657370e-01 8.344135486285452208e-01 8.582054852606888495e-01 8.390540218531195027e-01 7.754151108161950745e-01 8.251682066846151020e-01 8.148776382544807850e-01 7.727602687155289418e-01 8.295968083425968587e-01 8.316033630843295832e-01 8.343058826651494897e-01 7.677901617113671584e-01 8.412047637165095404e-01 8.222920125627501964e-01 8.036615763032625148e-01 8.438009475163520401e-01 8.342733810979632292e-01 8.468381572471529450e-01 8.447117422459844427e-01 8.481515080593621247e-01 8.501289572499057812e-01 8.025955665065741540e-01 8.292477750601099373e-01 8.161261158008447092e-01 8.374487730803956698e-01 8.639598404154583688e-01 8.519300716913159599e-01 8.418538671344912849e-01 8.582932886302833131e-01 8.449001581682525908e-01 8.403518103879279444e-01 8.771201963021131309e-01 8.483064570090679268e-01 8.646591903966949211e-01 8.450616270119173379e-01 8.503106692144137835e-01 8.629380130727968279e-01 8.718115424708989813e-01 8.433029295007732351e-01 8.519790240422142613e-01 8.579483750082609328e-01 8.530830413642812582e-01 8.511460303831728247e-01 8.495103648611084246e-01 8.521329177294015844e-01 8.467393330062975565e-01 8.542618585256902541e-01 8.481275571986467421e-01 8.454048534194882336e-01 8.457841722597898571e-01 8.529070298768747227e-01 8.558314832451905385e-01 8.491623420039965398e-01 8.508280839798930684e-01 8.499101621324692823e-01 8.490999577745740323e-01 8.370934380291779053e-01 8.483591409449816600e-01 8.463338852713740978e-01 8.439378967258783781e-01 8.387088595744234265e-01 8.489751789714975461e-01 8.341996523451783441e-01 8.393147197464565501e-01 8.391910983304963212e-01 8.451444029136070402e-01 8.383363612007955767e-01 8.368440331810990118e-01 8.134793154046660035e-01 8.448785471239322886e-01 8.399362077490346579e-01 8.363860879594289255e-01 8.320393990365548831e-01 8.425057223322514055e-01 8.375276769607287175e-01 8.450837140855100849e-01 8.420907378605738680e-01 8.462387282260573906e-01 8.476538577073878811e-01 8.396599720553835633e-01 8.493617500667527409e-01 8.453122121742596695e-01 8.403206738911768170e-01 8.588695122570170204e-01 8.490475431051776045e-01 8.470740453032770123e-01 8.522971092969091611e-01 8.580630267121533983e-01
1.255905872199739037e-01 2.002563126128189264e-01 3.211568794566993512e-01 5.089890922676786333e-01 4.469399218409170760e-01 4.560652108572417762e-01 6.750516679856243263e-01 6.218011314994086325e-01 7.502234082203323995e-01 1.000000000000000000e+00 7.360800516310452846e-01 7.684171848792173964e-01 7.044211947277922992e-01 6.040750209050920194e-01 7.902528221882155757e-01 7.712692788191394255e-01 7.393366609911347087e-01 6.967999522118757394e-01 7.192806193251614078e-01 6.070260018838319338e-01 6.135859209016251148e-01 7.282886277695291843e-01 7.009398845978082049e-01 6.811374756981062317e-01 7.075619243273888470e-01 7.826764336199681926e-01 7.635264691819310112e-01 7.718926240180222775e-01 7.239443032110609577e-01 7.762920021506143353e-01 7.989787965721872887e-01 8.040474724192455680e-01 7.369650183494333984e-01 7.750071455892872940e-01 7.716465598042995255e-01 7.367235007027619353e-01 7.838425086275337961e-01 7.977291151818842740e-01 8.024523873491509196e-01 7.503376804240402542e-01 8.073307219599378248e-01 7.977610703825183114e-01 7.693976488227349808e-01 8.074413421049965178e-01 7.983203298662928660e-01 8.085076897121099559e-01 8.119674893588622044e-01 8.191638520184740813e-01 8.107785056056339146e-01 7.601370057792895540e-01 7.921041710123791768e-01 7.542468696937235650e-01 7.965183251000444997e-01 8.204675575399152931e-01 8.037241670236581204e-01 8.087000652677602819e-01 7.949833873692798702e-01 8.075927900298566220e-01 8.001006808096082779e-01 8.199251407647840661e-01 8.039919971888361827e-01 8.172899249720422254e-01 7.984477328186465606e-01 8.101112922439459574e-01 8.034713722582277340e-01 8.115461022593611906e-01 8.182459169406680610e-01 8.169452601362640065e-01 8.158994412884931213e-01 8.017845229675123475e-01 8.093907712473241700e-01 8.136553388489184968e-01 8.083363730461912144e-01 8.058496476870047331e-01 8.208497017908964466e-01 8.145152997051362531e-01 8.138988980943798746e-01 8.085147394806311283e-01 8.156282367798035615e-01 8.198052589298057136e-01 8.151440228596350535e-01 8.178482923379758462e-01 8.160376637066000249e-01 8.164411422462365397e-01 8.036412891652139345e-01 8.135897297300669351e-01 8.132647264476603466e-01 8.160551369563385782e-01 8.116249117533005375e-01 8.192127142652461114e-01 8.068342195372582015e-01 8.131532567013343149e-01 8.140101207528827043e-01 8.159290471102049747e-01 8.134305112181794417e-01 8.142503141448621529e-01 7.884819991886021784e-01 7.984164825451091074e-01 8.072164242300459147e-01 8.082001418117502611e-01 8.067922735082027064e-01 8.097124521894989435e-01 8.092940353544978427e-01 8.121125817769059285e-01 8.066840964875806597e-01 8.074200129709399043e-01 8.146133657311410703e-01 8.146338688077310319e-01 8.193802779605595665e-01 8.162463653184620638e-01 8.140794638069415168e-01 8.202470223952140760e-01 8.156861847815178868e-01 8.135344400173004642e-01 8.147430584177982604e-01 8.165197973756457284e-01
6.733223242611388604e-02 1.443216317431318951e-01 3.929249267190108585e-01 5.766610302925463394e-01 4.391720106739822604e-01 5.285061355630851221e-01 7.357158257173916915e-01 6.886064217922706066e-01 7.846511483406793941e-01 7.360800516310452846e-01 1.000000000000000000e+00 8.630245084405128164e-01 7.575599287002806603e-01 6.634996744688805848e-01 8.637108666229570408e-01 8.447952452822272695e-01 7.794355199570424109e-01 7.443605589352543239e-01 7.796431717337798384e-01 6.695831652932798805e-01 6.751753663495110303e-01 7.846841750888888800e-01 7.387192228318547604e-01 7.208650249292158918e-01 7.632335277030741771e-01 8.149663495180559103e-01 8.185641816524301673e-01 8.156539453543827367e-01 7.388233850255752078e-01 8.178727300818680046e-01 8.629562687306708835e-01 8.591393368386956997e-01 7.920261296212185442e-01 8.440011471603380278e-01 8.225018457181983988e-01 8.264161532775521346e-01 8.516702413279815254e-01 8.653140403676057302e-01 8.756029138354352037e-01 8.310037411776056704e-01 8.792774024745437789e-01 8.721030050479965379e-01 8.506207765898978757e-01 8.885167861729332817e-01 8.749574996657243364e-01 8.790721891225835583e-01 8.917788306774545593e-01 8.876024683359441392e-01 8.844496047398117122e-01 8.562153279252139315e-01 8.763590315317568713e-01 8.393690223966158159e-01 8.731246179428835408e-01 8.803107367287231755e-01 8.747679230814696671e-01 8.725708275094570254e-01 8.633016091243836954e-01 8.847890128094173523e-01 8.816377051706066892e-01 8.833217456449551364e-01 8.901534069637421220e-01 8.878489225298733523e-01 8.802491869579674999e-01 8.830780720706442599e-01 8.673025179078021063e-01 8.781199651776058213e-01 8.870327619449637213e-01 8.867282229177806396e-01 8.833590875297185896e-01 8.828011346683186655e-01 8.848253764019420320e-01 8.846467018640415958e-01 8.730987710952220482e-01 8.754908622978209154e-01 8.890307804122439261e-01 8.877121138677471768e-01 8.816664918961315545e-01 8.683153904437299619e-01 8.789006364860739717e-01 8.841949637686301600e-01 8.835617276436205092e-01 8.894501015896355556e-01 8.902594314998140135e-01 8.820238233193252730e-01 8.875392937087321910e-01 8.884208066008433269e-01 8.895180440933100341e-01 8.933873130352117942e-01 8.914042797741478230e-01 8.891538827645846244e-01 8.869590928134928332e-01 8.932521288847894425e-01 8.927426546100419857e-01 8.910838831126458581e-01 8.906453405545637914e-01 8.901115339718583819e-01 8.859521379507876437e-01 8.847283451598274562e-01 8.936302106432421066e-01 8.919675734355114738e-01 8.924141174946067512e-01 8.945113746591932813e-01 8.884621383802563388e-01 8.952447017130752416e-01 8.907565156257869488e-01 8.873691164297595746e-01 8.920258767983716419e-01 8.881362280950563237e-01 8.929370689805192773e-01 8.919309892382265570e-01 8.923873253894309965e-01 8.901660413207022060e-01 8.942285634485733770e-01 8.928343401826106529e-01 8.841356426860291773e-01 8.869954348978363878e-01
8.887451692997531960e-02 1.491307762535692694e-01 3.993145239236086108e-01 6.509606380592123376e-01 4.954995746404705637e-01 5.521085339911092627e-01 7.997075708707230834e-01 7.631389845630869306e-01 8.168302579039282696e-01 7.684171848792173964e-01 8.630245084405128164e-01 1.000000000000000000e+00 8.201448298442679530e-01 6.858281071178988775e-01 9.183865744484851490e-01 9.084586324676400260e-01 8.262030148425208997e-01 7.978612827932540785e-01 8.260333323160077290e-01 7.397194668514593952e-01 7.537593771087826022e-01 8.460473023460284292e-01 7.905934323744532310e-01 7.713136483523076459e-01 8.045078993084555652e-01 8.787347622595224061e-01 8.766904028884863198e-01 8.683207495930536091e-01 7.907276226479338366e-01 8.691390201135831273e-01 9.087524311866777005e-01 9.046019090449878286e-01 8.410590163375841755e-01 8.835669120192615189e-01 8.710394995832897447e-01 8.707992522209287989e-01 8.907062239929411929e-01 9.209061128696537368e-01 9.224598163869128786e-01 8.834143642254950191e-01 9.253698095298140691e-01 9.242798651910211216e-01 9.068701680028636858e-01 9.387482745107577076e-01 9.224405511620454856e-01 9.258295064685851949e-01 9.315412926608451771e-01 9.247284503803433475e-01 9.304686532277237632e-01 9.086342882319812242e-01 9.305064289780471398e-01 8.944550854318937816e-01 9.214305761975523090e-01 9.229589626071610375e-01 9.225545617804231657e-01 9.245711932022413482e-01 9.174023536149976676e-01 9.323070271236453266e-01 9.305259582362764847e-01 9.319184254177855786e-01 9.376766723861165165e-01 9.363887152561319871e-01 9.298183964718350625e-01 9.292601787303276240e-01 9.141135440118608457e-01 9.239575716972295849e-01 9.230364295417748943e-01 9.271139023472888541e-01 9.209032024503636116e-01 9.374525505060682384e-01 9.336558763720925747e-01 9.244303470736823236e-01 9.093321858994931617e-01 9.133979234849118889e-01 9.304590852657997901e-01 9.264808289252245421e-01 9.192005130248126488e-01 9.049514042085200494e-01 9.174594165533235257e-01 9.205202785265182985e-01 9.186615714720298698e-01 9.266675244351884055e-01 9.298999293240034492e-01 9.171262343398844941e-01 9.236353861038129054e-01 9.237921735777959720e-01 9.263651604886619095e-01 9.346167122010465844e-01 9.306964299238743576e-01 9.319297755859464738e-01 9.265727509827690334e-01 9.321529708005178438e-01 9.300639073284531211e-01 9.308921823640072812e-01 9.266320416882921629e-01 9.232348803814488525e-01 9.272807919453317504e-01 9.273384172805939629e-01 9.321334939418441934e-01 9.335414873860905516e-01 9.322550607191599781e-01 9.353076782319089677e-01 9.273204576133241561e-01 9.381717046377959779e-01 9.329296721088795596e-01 9.299469909166668824e-01 9.313480629797812327e-01 9.215275095506056946e-01 9.297244459582938436e-01 9.297871975314230264e-01 9.313542676899864148e-01 9.292872506333202942e-01 9.348048745616213129e-01 9.326924338944649895e-01 9.243288312847314225e-01 9.278083431862482744e-01
1.386665203371101052e-01 1.380433776221750286e-01 3.536936824706555238e-01 5.877886819593832746e-01 5.216676777692392797e-01 4.666029606713458233e-01 7.362985818234857316e-01 7.159145320157616066e-01 7.610053687075413187e-01 7.044211947277922992e-01 7.575599287002806603e-01 8.201448298442679530e-01 1.000000000000000000e+00 6.125605193838269402e-01 8.239549317616712276e-01 8.280974341047215859e-01 7.398148532884943895e-01 7.479851782275657168e-01 7.690323317968276173e-01 6.799662753151578531e-01 7.097223069067174483e-01 7.900955867570718105e-01 7.477746937728244614e-01 7.388869370917963142e-01 7.590617812210342930e-01 8.165879302294207776e-01 8.025773861791588581e-01 7.879343424210246694e-01 7.305075109424971069e-01 7.923332974049910327e-01 8.200375777978800018e-01 8.141276889978626974e-01 7.643244021919466391e-01 8.028128054798123747e-01 7.867927586997276457e-01 7.941972825172302075e-01 8.054101578438155329e-01 8.259537899266825578e-01 8.284174198930887023e-01 7.987202220521714136e-01 8.317006838056153484e-01 8.316643313950293770e-01 8.314026737468951378e-01 8.423760272856013476e-01 8.361573479605830528e-01 8.310771746204757005e-01 8.297775870012332744e-01 8.229474124988181982e-01 8.254193143962469392e-01 8.054516625621691572e-01 8.309544094893145383e-01 8.108226235538054105e-01 8.246782493900325361e-01 8.280461391994480280e-01 8.282400713502497958e-01 8.358435831983032083e-01 8.216343720389154281e-01 8.366499126774314954e-01 8.248581015355782586e-01 8.417698685848520324e-01 8.393846126961675980e-01 8.385634868079956394e-01 8.270045292312026008e-01 8.307811405812539629e-01 8.207142894531839206e-01 8.299069561467518064e-01 8.210363916575104115e-01 8.325247592629695381e-01 8.305788262663043042e-01 8.427787215264775922e-01 8.418116403324729102e-01 8.299636051801104752e-01 8.268100753888982801e-01 8.287684097650244164e-01 8.355356423566850932e-01 8.267666155532236161e-01 8.230704920196345586e-01 8.153634478752722625e-01 8.267039752213278803e-01 8.230065007872726657e-01 8.220981066516680480e-01 8.272646147525727356e-01 8.307020811122978188e-01 8.207555784626974216e-01 8.231427552049530583e-01 8.258979311338336959e-01 8.297046216853946055e-01 8.337625598713758190e-01 8.284064693562643855e-01 8.381209531709923333e-01 8.295172754464363862e-01 8.309850527434866629e-01 8.310588296362145799e-01 8.312354516966571349e-01 8.206230758271794157e-01 8.182902959946631860e-01 8.241149406567394031e-01 8.231428413559925827e-01 8.284307489062651131e-01 8.284386851620226810e-01 8.353948158175630301e-01 8.306601306027067144e-01 8.256181030448003222e-01 8.372650700685833058e-01 8.340394239835502432e-01 8.276605725587179441e-01 8.253234224010157494e-01 8.199425409031251277e-01 8.324170683566236573e-01 8.267480746202321429e-01 8.268934078916957420e-01 8.293775819312222408e-01 8.328599237503807595e-01 8.297053617762411015e-01 8.236204698361251353e-01 8.270434543375690950e-01
