1.000000000000000000e+00 1.323889857070230103e-01 1.403992647152050854e-01 2.003179450549379403e-01 1.344589437120077835e-01 2.354486381473516396e-02 1.514075598429890646e-01 1.979704707319623336e-01 2.123332154218909862e-01 7.720395526301421230e-02 7.493228905710805354e-02 9.112176768990425113e-02 8.772184017052278571e-02 1.604779239620603495e-02 8.955862602456508836e-02 8.521413028816902935e-02 1.961939534781805827e-01 1.333619394270480762e-01 8.794902770719340013e-02 1.828855988384110454e-01 1.636836046291651470e-01 1.039408837559668147e-01 1.369248827847501238e-01 1.128115652143626135e-01 7.554526860744897876e-02 1.325478776625976796e-01 1.248495623678868016e-01 9.693965945452678867e-02 1.524602899049504745e-01 8.209573245310254619e-02 8.193020736709581697e-02 9.488350733056230557e-02 7.753337130325915760e-02 5.689284531889726715e-02 7.764638822763800241e-02 5.747928752740408265e-02 2.669409539511018517e-02 6.160714536876413933e-02 4.032317641559953619e-02 2.084818208798179529e-02 4.874813199173411160e-02 2.770252009055805195e-02 2.652977541031388553e-02 3.683654414584462689e-02 3.729593264470655589e-02 2.450237298332626559e-02 2.037092938274154622e-02 3.263143839541296498e-02 4.129338242231739287e-02 6.198295152259063884e-02 7.081511067382495472e-02 6.851556103020596533e-02 5.287858204371762016e-02 6.368912535747106585e-02 6.338803738424268752e-02 5.184476642787108625e-02 1.318548973345260722e-01 3.747015369530620754e-02 6.092035292945533614e-02 4.514955784544841949e-02 5.000741920186499434e-02 6.970463910581733979e-02 4.716012417791520112e-02 7.656206355736447366e-02 8.941419782460824361e-02 7.930259299340945700e-02 4.352364437975768385e-02 3.975940153062671595e-02 5.551903810612276308e-02 7.318130280400363119e-02 4.192943499850085992e-02 2.602084489343516743e-02 4.699637962459363161e-02 4.019237092859680172e-02 4.860089101870405243e-02 3.681861139104484343e-02 2.537988107158900206e-02 5.635456691908740517e-02 3.986782745757249530e-02 3.925688022090870893e-02 4.015713556789569233e-02 3.365481928185536098e-02 5.821694147019536303e-02 3.879265226355557705e-02 3.557067570626969155e-02 2.791153104494801043e-02 1.639352335867773000e-02 2.865835076948882593e-02 1.966259817992001280e-02 3.652009073087677388e-02 1.539696768388974096e-02 1.169945200646884016e-02 1.905895142577055182e-02 1.022915457052054472e-02 8.008360566364136970e-03 2.145047489422741496e-02 4.191276397001958420e-02 9.010399477579443539e-02 1.525054824818508452e-02 4.272624622118928461e-02 1.446471923872517593e-02 4.741174177725629435e-02 3.969682571636016372e-02 2.626375345366576547e-02 4.843577705737938527e-02 7.736903258011415541e-02 4.645807438251717963e-02 2.113840931765946854e-02 2.171790886586314612e-02 2.309706182314121350e-02 2.246770850485617366e-02 2.976358003579444508e-02 3.096075546290152219e-02 4.667139925756026708e-02 5.099764750200743574e-02 4.726705314499560218e-02
1.323889857070230103e-01 1.000000000000000000e+00 1.013804443846003656e-01 9.330492666544258629e-02 5.632924671213940943e-02 8.876948147627029828e-02 1.290117529495650173e-01 1.039180686195112779e-01 1.800351127132176487e-01 1.916785966167890709e-01 1.596363507732546649e-01 1.461961022883377093e-01 1.356015163135695090e-01 1.325893678575830181e-01 1.612403568517906394e-01 1.379386912969216838e-01 1.838051591014133457e-01 1.504393047207596146e-01 1.622535774119343299e-01 1.139996548404043214e-01 1.128169251118528449e-01 1.234757551506932283e-01 1.889931495087543156e-01 1.666688911242260041e-01 1.479863250192996194e-01 1.553345460529614586e-01 1.643176222035747647e-01 1.521002272278177692e-01 1.660188911346179019e-01 1.553529451922175952e-01 1.730970290056071115e-01 1.677425851968178117e-01 1.355193121023916536e-01 1.443690252638496208e-01 1.412414478292770836e-01 1.353509199211639369e-01 1.467149279062670286e-01 1.592996114115691475e-01 1.398183635942338021e-01 1.411419096006801821e-01 1.529457881249957352e-01 1.418093533859355326e-01 1.225137228847014703e-01 1.414315358537853728e-01 1.485940256469636955e-01 1.513181383954985415e-01 1.461981520231253606e-01 1.698859484021575383e-01 1.448634956982025324e-01 1.169372936196796248e-01 1.472943758366689337e-01 8.980152898398634231e-02 1.329074256978142188e-01 1.789803626668505787e-01 1.680156455887962252e-01 1.665275095159128305e-01 1.598054028238749258e-01 1.624375789462317032e-01 1.752573355949790246e-01 1.544775140640060052e-01 1.456293962962474375e-01 1.688441622367003736e-01 1.517105039007132505e-01 1.399861649406275443e-01 1.606572991882104784e-01 1.677030059480766055e-01 1.593445947163165677e-01 1.643595828009959958e-01 1.668272791533523813e-01 1.533767784191574224e-01 1.477279239224302543e-01 1.525774559193133484e-01 1.651003244615966981e-01 1.552353639384121409e-01 1.536865523753601082e-01 1.567445671587501532e-01 1.507897206617891395e-01 1.625087668524935747e-01 1.562720077513596317e-01 1.518616007701463766e-01 1.568661322324792495e-01 1.625273082640371347e-01 1.667725219298559214e-01 1.494975512837996567e-01 1.460535784051972819e-01 1.495308817788763567e-01 1.528597024972637719e-01 1.539913715542526595e-01 1.515383025200962297e-01 1.631648970031896739e-01 1.476457020230967920e-01 1.474079981208548940e-01 1.492437310946003737e-01 1.472420411221239955e-01 1.513777134036027594e-01 1.599914728000242925e-01 1.316772607752966784e-01 1.358474178803902588e-01 1.487131771941148095e-01 1.465640253078380750e-01 1.379240897390188736e-01 1.492372033179347190e-01 1.411941785145483241e-01 1.440318324725957666e-01 1.379435231907857606e-01 1.577054367391966527e-01 1.536455955322289790e-01 1.607340153785526693e-01 1.597129152901794191e-01 1.549711255906838780e-01 1.583125564280845610e-01 1.566839832234120378e-01 1.604795398946651797e-01 1.480410865194790038e-01 1.517986251083577875e-01 1.588075973535975349e-01
1.403992647152050854e-01 1.013804443846003656e-01 1.000000000000000000e+00 4.275326664336611127e-01 2.513355602027257385e-01 2.052385308111414064e-01 4.366217472861190774e-01 4.414717326482356374e-01 3.876717461663622410e-01 3.383079954994099858e-01 4.023147151058002469e-01 4.239773651069854155e-01 3.439636150854334939e-01 3.425656211053187405e-01 4.086090818954685178e-01 4.044692936980803233e-01 3.512106339437412461e-01 4.197708119705627627e-01 4.263364139643806561e-01 3.771059195431661348e-01 3.868628994921106123e-01 4.324748835226151500e-01 4.522554561774445037e-01 4.467253514405410408e-01 4.296880933011777426e-01 4.225727154824850396e-01 4.483137675270891798e-01 4.391242723589446895e-01 4.365595653434890533e-01 4.124636689207224483e-01 4.184179759512130503e-01 4.490940067852488005e-01 4.334123528440912976e-01 4.221370397379322070e-01 4.294554665796353476e-01 3.985173038295491965e-01 3.950980075015567694e-01 4.183789455027576154e-01 4.158022634398745310e-01 4.205130173027830653e-01 3.927195283199719777e-01 3.897132997798185006e-01 4.100959537490534434e-01 3.908620392336054072e-01 3.946281073975299036e-01 3.908635114973873503e-01 3.499652305257575091e-01 3.591805863909725560e-01 3.743482358370024410e-01 4.139960890132485805e-01 4.135749501623581792e-01 4.077721890161433715e-01 3.765243123849220108e-01 3.632894669618204619e-01 3.922936062587219497e-01 4.054949656249986489e-01 4.085361553235473120e-01 3.691349821254041319e-01 3.810991919382105686e-01 3.594046964293374224e-01 3.845703361194155456e-01 3.809193192668610672e-01 3.888408774698381420e-01 3.885080207155623411e-01 3.576593957069237328e-01 3.741169303761047171e-01 3.549597980607953063e-01 3.916413335772492843e-01 4.046196100552672537e-01 3.930722980001169486e-01 3.900737676908912488e-01 3.746333163795923515e-01 4.087790495206634067e-01 4.015761264257416419e-01 3.834456068951334062e-01 3.841112875876893651e-01 3.775150224694223677e-01 3.890464828049418067e-01 3.852540972493780913e-01 3.886356501118434226e-01 3.936955823492624962e-01 3.694627598566244675e-01 3.999081667521732220e-01 3.915105944912778413e-01 3.957147426408796353e-01 3.879565363153489321e-01 3.736221989656828280e-01 3.752834775099826992e-01 3.787027782967285483e-01 3.793359655880721437e-01 3.944159105439030699e-01 3.681140707512245425e-01 3.796769283439194731e-01 3.688813759767214928e-01 3.445165588342681828e-01 3.536612914287223797e-01 3.941504486746774671e-01 3.877652928430762036e-01 3.622038115520481716e-01 3.753955702220787560e-01 3.751563735301309266e-01 3.747467402523923519e-01 3.607358135990473280e-01 3.622851031688852363e-01 3.780901996933099252e-01 3.768503876128200814e-01 3.675188530211773164e-01 3.578643599438447453e-01 3.652912839533944966e-01 3.554003082208346820e-01 3.642040547313277754e-01 3.499201980566359893e-01 3.544662048665131460e-01 3.644196317754168080e-01 3.469356139408620865e-01 3.541823599301068826e-01
2.003179450549379403e-01 9.330492666544258629e-02 4.275326664336611127e-01 1.000000000000000000e+00 3.551578459744379468e-01 3.634737369351225267e-01 6.236959084602725634e-01 6.327351016231362868e-01 5.294688096935932231e-01 4.903559003017687323e-01 5.707143301179146144e-01 6.340615596982128732e-01 5.145823560507878369e-01 5.115807769073191791e-01 5.974190516148994989e-01 6.072063865978403197e-01 5.173835922736620407e-01 5.299952838785517706e-01 5.478119970797931115e-01 4.802380795185717255e-01 5.793864845441887290e-01 5.777712298489648957e-01 5.460829840910380595e-01 5.444311794953987649e-01 5.403072017904578805e-01 6.051729643861369912e-01 6.396040555208881706e-01 6.358253082200816531e-01 6.142159966644636926e-01 6.081078800758479286e-01 5.926586324953897478e-01 6.036391648186091308e-01 6.042572583438255984e-01 5.680112712673365261e-01 6.081298984133632901e-01 5.578866427042191711e-01 5.785600291036827603e-01 5.939217812453209122e-01 5.856014960322571961e-01 5.901060539906375357e-01 5.817077052199989273e-01 5.751391864516031127e-01 5.845638572838756097e-01 5.796009980799702310e-01 5.716620360999226103e-01 5.733664338368801294e-01 5.284483919619544778e-01 5.381826343382577482e-01 5.495460128425450064e-01 5.695808799509418652e-01 5.807788016055670521e-01 5.892811864451170667e-01 5.540066202040975218e-01 5.443850136244755555e-01 5.661795078172238149e-01 5.745049223227772783e-01 5.868968707950870112e-01 5.534727119936038164e-01 5.593893134768116449e-01 5.383528294121674440e-01 5.581641227749704059e-01 5.628270432720460237e-01 5.688197628909732462e-01 5.634185580892263623e-01 5.339840866053648938e-01 5.587024883993925162e-01 5.307996072626671724e-01 5.530608402833765425e-01 5.606519521798749572e-01 5.658900646698555859e-01 5.641473197772878256e-01 5.407063356189550918e-01 5.595946587947074891e-01 5.601372246871733074e-01 5.671566250350924543e-01 5.697694104541464188e-01 5.729572536638511959e-01 5.714971047041560448e-01 5.688533692097160754e-01 5.767995184858355495e-01 5.792072703972447334e-01 5.450898436358179167e-01 5.775838827528037012e-01 5.794827664613219076e-01 5.730314245356964431e-01 5.603103578741359669e-01 5.577780147968115498e-01 5.586837768915789981e-01 5.593108299223773505e-01 5.544590108849474230e-01 5.884853698214808082e-01 5.523885952475451333e-01 5.611822998878616131e-01 5.541231746680457260e-01 5.184070248685980209e-01 5.293339622408094192e-01 5.743662368983238897e-01 5.843368131489600215e-01 5.392234785834025823e-01 5.566045393957915755e-01 5.581469426297084313e-01 5.598808696467086898e-01 5.499696109612884909e-01 5.477688046603402805e-01 5.681172767731246243e-01 5.680914189521122371e-01 5.492108791789496181e-01 5.314958071394584316e-01 5.402636971069225691e-01 5.387314849444797549e-01 5.471553465300934560e-01 5.287240617548278898e-01 5.385397413266906907e-01 5.476884642725389218e-01 5.302360627037214780e-01 5.423940492596474039e-01
1.344589437120077835e-01 5.632924671213940943e-02 2.513355602027257385e-01 3.551578459744379468e-01 1.000000000000000000e+00 2.987834550079550566e-01 4.379483497477047460e-01 4.417745535093962062e-01 4.130220283102046253e-01 3.750780794710095178e-01 4.261057482231554450e-01 4.726109644155722100e-01 4.532066344902678234e-01 4.169025881519266008e-01 4.720776406681628790e-01 4.756463458187880633e-01 4.142864675257380003e-01 4.194576837435225469e-01 4.379764036808755923e-01 3.783566761036458725e-01 4.002788722746359884e-01 4.436175899444013693e-01 4.314862442568743184e-01 4.323373622027548713e-01 4.448041337606979395e-01 4.631625018549471728e-01 4.325405308526225623e-01 4.370747950461751352e-01 4.491810728384062479e-01 4.428434083800396048e-01 4.508854234473267941e-01 4.667335227732271052e-01 4.321459906722084909e-01 4.555732487902679484e-01 4.567267897292023315e-01 4.387246788949937804e-01 4.485591242534716638e-01 4.689902171660545460e-01 4.665015292684606130e-01 4.469153489072846264e-01 4.683639585990468368e-01 4.681094166505124221e-01 4.730115993522006623e-01 4.787831635812572206e-01 4.607144598569450911e-01 4.679824673419936132e-01 4.654958133846309187e-01 4.588660134217811271e-01 4.590068539716316010e-01 4.637046101454657121e-01 4.696554034857675086e-01 4.783500145108257606e-01 4.747321925779248164e-01 4.456899577697631676e-01 4.468801311529993492e-01 4.604377225882240743e-01 4.530329046408840266e-01 4.639678529648061933e-01 4.487901162827775958e-01 4.707152890309869164e-01 4.716071792516883243e-01 4.544843141616549120e-01 4.487773075360978470e-01 4.695718380717563978e-01 4.639711158178517203e-01 4.589121092045045369e-01 4.608376895425846942e-01 4.681663034396896794e-01 4.755562257407191518e-01 4.691175101472918607e-01 4.687880745708443708e-01 4.690273653382088237e-01 4.758948286754836055e-01 4.800100625729984416e-01 4.675213490976303787e-01 4.639822001518113526e-01 4.602984485364761680e-01 4.584770197651187873e-01 4.657762365728778664e-01 4.620114382430319244e-01 4.688891898868921548e-01 4.612143917833652629e-01 4.652506178795988712e-01 4.691853142192189408e-01 4.716637919385842648e-01 4.704446704754248754e-01 4.618493065495692385e-01 4.647052016900481419e-01 4.665874116976753139e-01 4.581607326650795620e-01 4.634844835037879029e-01 4.650769639369405350e-01 4.666400273854215963e-01 4.633004885655931937e-01 4.596798228671040154e-01 4.593866347571327058e-01 4.698141720089729079e-01 4.699066981274255816e-01 4.600888863370725668e-01 4.718904963396064467e-01 4.729601041926099758e-01 4.643391037543324051e-01 4.701269838862517925e-01 4.718429043182998384e-01 4.773426965812213041e-01 4.570431502622486764e-01 4.629264982350928537e-01 4.565483368844223677e-01 4.589068024790685651e-01 4.623616086930250613e-01 4.574163826882958195e-01 4.637652135659561248e-01 4.550328093310578859e-01 4.657044070843111006e-01 4.620124757201699017e-01 4.589943959456643796e-01
2.354486381473516396e-02 8.876948147627029828e-02 2.052385308111414064e-01 3.634737369351225267e-01 2.987834550079550566e-01 1.000000000000000000e+00 5.107724314510089236e-01 4.586179093050559152e-01 5.054974895018468084e-01 5.104776189604929293e-01 5.491217075717785834e-01 5.736981390381246104e-01 5.271812361577810080e-01 5.353333004143844276e-01 5.791489535411384892e-01 5.800473326790555051e-01 5.033710480763978756e-01 4.633357481636710684e-01 4.999945486832144681e-01 4.132402069853689519e-01 4.757092778233283914e-01 5.047219881155273757e-01 4.909227111336463834e-01 4.760042386660031655e-01 4.953754023992681388e-01 5.554553873200577252e-01 5.409243832761799764e-01 5.469550854760223402e-01 5.431861930246900672e-01 5.673696545675015468e-01 5.773883269097087600e-01 5.604595887851032687e-01 5.220434456136211487e-01 5.420331098566220085e-01 5.569858829873641781e-01 5.141956169023063072e-01 5.692131687850519040e-01 5.782494158237805326e-01 5.792161563598793306e-01 5.522230013908929758e-01 5.824941486063909268e-01 5.864149463073461410e-01 5.724042419201423870e-01 5.990422144444054187e-01 5.703616138963846227e-01 5.886516151852513312e-01 5.934951677105305690e-01 5.959574150030428896e-01 5.862832397422467201e-01 5.583271263872542356e-01 5.764065665483761869e-01 5.423183680754102287e-01 5.791971557467321396e-01 5.837423680490730904e-01 5.831157515467753072e-01 5.826808316516368658e-01 5.594462952720676840e-01 5.952462003157849013e-01 5.895705759293545789e-01 5.969235216562376323e-01 5.916958760152877250e-01 5.896143222043598309e-01 5.797901912689688020e-01 5.824765158792278852e-01 5.780057882800171409e-01 5.839574254940095299e-01 5.952161325112509394e-01 5.922856962548597171e-01 5.946107388104924230e-01 5.885236102410562609e-01 5.959335469957109943e-01 5.913204100219575654e-01 5.841415569763883653e-01 5.871019291384186323e-01 5.986067795513277945e-01 6.000535718929265183e-01 5.952318770354778632e-01 5.944305556437989857e-01 5.961394117291892725e-01 6.007205473928304285e-01 5.988936264941225884e-01 6.001712280086758389e-01 5.852290939991920959e-01 6.025822133142142434e-01 5.895014798134227130e-01 5.904021323534720533e-01 5.920570951282141392e-01 5.976624692752802170e-01 5.959777872134337517e-01 5.897039580275218462e-01 5.936484106291766150e-01 5.987984546110322048e-01 5.952652421216151346e-01 6.008112873179395352e-01 5.972237469002945609e-01 5.967626772689214043e-01 5.838174369854449708e-01 5.792536843714327643e-01 5.943771161226347743e-01 5.913704184020586174e-01 5.966889869880972475e-01 5.930351196993682850e-01 5.933057038103377590e-01 6.025583817289537070e-01 5.885592852813167353e-01 5.816820349899216591e-01 5.944447847606030289e-01 5.961545745547111030e-01 5.953698799701254707e-01 5.972631146666691482e-01 5.950605924669488678e-01 5.965426523702158645e-01 5.952767296674920106e-01 5.909828405551753594e-01 5.887064584822893076e-01 5.919024704074635768e-01
1.514075598429890646e-01 1.290117529495650173e-01 4.366217472861190774e-01 6.236959084602725634e-01 4.379483497477047460e-01 5.107724314510089236e-01 1.000000000000000000e+00 7.195614797066055557e-01 7.195253333292310760e-01 6.694681014552491538e-01 7.629190954401290359e-01 7.973511216612838570e-01 6.914403728466858023e-01 6.970104559416241408e-01 8.447900943913619898e-01 7.872552302980361238e-01 6.873301737987325133e-01 7.056574368901056271e-01 7.309209815014199307e-01 6.119338761310135766e-01 6.567965832889084421e-01 7.348112069184519202e-01 7.492867857505035589e-01 7.085340192972654494e-01 7.207546158168537387e-01 8.198330829166000644e-01 8.245794605805110145e-01 8.361326993110750339e-01 8.149186170076224700e-01 7.776906905523033320e-01 8.028694324603293797e-01 8.147711120865123169e-01 7.800363939033350125e-01 7.786070006169999447e-01 7.961513944053625336e-01 7.504439845768505757e-01 7.842452228255163416e-01 8.115606603910925365e-01 8.113717203604674522e-01 8.147574163351001264e-01 8.094776902277478481e-01 8.191452346757902570e-01 8.032546819124447568e-01 8.118141136916297018e-01 8.020201901240213704e-01 8.105776126114130342e-01 7.632715241210845658e-01 7.688264063312364449e-01 7.704745334029166060e-01 7.661953238554983781e-01 7.921238106902792619e-01 7.604209051636364736e-01 7.691136049689557552e-01 7.634770215638209123e-01 7.795233669415383426e-01 8.060179447995745594e-01 7.645601642940810239e-01 7.873056614057011293e-01 7.813606242796634627e-01 7.697288406732888388e-01 7.868676116764729001e-01 7.724758061967436085e-01 7.730630098796755778e-01 7.745900996390342463e-01 7.524596974438857444e-01 7.636491517007897301e-01 7.677269934193369227e-01 7.854821670396726629e-01 7.951725204371844491e-01 7.760032862469372628e-01 7.815983880499004499e-01 7.778048990077381930e-01 7.832388735003665836e-01 7.855848168144712318e-01 8.044103983760347854e-01 8.046757432571449709e-01 8.023380950250889043e-01 8.030979637003073934e-01 7.995245715589482938e-01 7.931781981454981700e-01 7.981535509765990133e-01 7.816205969336541548e-01 7.970080619991460891e-01 7.987593259563013914e-01 7.904676534858094961e-01 7.867861005374801042e-01 7.902078702037190761e-01 7.939879179958453381e-01 7.933099899528622823e-01 7.842479015741430359e-01 8.114885785349217340e-01 7.886020842112534401e-01 7.948158421117289540e-01 7.961639730342509047e-01 7.584354834774281739e-01 7.686322531535817459e-01 7.806323851571581596e-01 7.709955677823966402e-01 7.699491130359384927e-01 7.804467005765465260e-01 7.860366955836370906e-01 7.689400769441009365e-01 7.707995333586666886e-01 7.796650742831584546e-01 7.806520202077564807e-01 7.693549836725208646e-01 7.712501821470899577e-01 7.708685086444270196e-01 7.766936018347055937e-01 7.702178944807074323e-01 7.747695859236710669e-01 7.654103497205595463e-01 7.640073450746430739e-01 7.695375268076899422e-01 7.572292882933926439e-01 7.619306629843466405e-01
1.979704707319623336e-01 1.039180686195112779e-01 4.414717326482356374e-01 6.327351016231362868e-01 4.417745535093962062e-01 4.586179093050559152e-01 7.195614797066055557e-01 1.000000000000000000e+00 6.775006008316926120e-01 5.981872189486656666e-01 7.041982003860400852e-01 7.655230081017030397e-01 6.600836539441299333e-01 6.413473504780445866e-01 7.521282591204970780e-01 7.860199474113276352e-01 6.669080702533631833e-01 6.506969349268975078e-01 6.840851881636553777e-01 5.959617809847924663e-01 6.786180302631249495e-01 7.063446561503587962e-01 6.707944737878155372e-01 6.746261948200296121e-01 6.692542377150478838e-01 7.395086266543996478e-01 7.397745080173248056e-01 7.243517837621128441e-01 7.421173928708240108e-01 7.085809228465578258e-01 7.250475473981660146e-01 7.517895516599641947e-01 7.095269600236761010e-01 7.277268999855738274e-01 7.151327138549926632e-01 7.004460832373456958e-01 6.994555342427457578e-01 7.555357179410273627e-01 7.399372463877686990e-01 7.229403143328496650e-01 7.237393068233543003e-01 7.175011941368168999e-01 7.344439556724956519e-01 7.377568571491497362e-01 7.173537152905209435e-01 7.247079459929258727e-01 7.017513372774150104e-01 6.990568784961993520e-01 7.214935139508729112e-01 7.387070395149923918e-01 7.529765931705664217e-01 7.191262075989828251e-01 7.159608395876423392e-01 7.066191759363925629e-01 7.297621918427711352e-01 7.321264160134045573e-01 7.444324115190982250e-01 7.235571219795206011e-01 7.321838644506506455e-01 7.085634265061570014e-01 7.325215750367430889e-01 7.341378817815424895e-01 7.378643892811822536e-01 7.391791274663571665e-01 7.110315584628051910e-01 7.181918362861156035e-01 7.074812786095917572e-01 7.167995304565234482e-01 7.270368930207199432e-01 7.301550416856885661e-01 7.272892311361652817e-01 7.113294040234624527e-01 7.206965992264090515e-01 7.240016940148841229e-01 7.285385993345273592e-01 7.236122004340116431e-01 7.122832792754242304e-01 7.271750180432505761e-01 7.269539400178821609e-01 7.218592939046621915e-01 7.257385261693450884e-01 7.099470974042270122e-01 7.320254007453996792e-01 7.275746459584810921e-01 7.387183330976083706e-01 7.271219883311489385e-01 7.124351925009564379e-01 7.276625673546972539e-01 7.215175349597126031e-01 7.176832410502588244e-01 7.274380835858631489e-01 7.138223235678663459e-01 7.192995097417879125e-01 7.120524419357256996e-01 6.912243438093428338e-01 7.010216452799767906e-01 7.415306102921249698e-01 7.478457699107433632e-01 7.138208199682639643e-01 7.323402911594977249e-01 7.205987618280632612e-01 7.351863451082857326e-01 7.133908212162699547e-01 7.194086697047450407e-01 7.300030095858301982e-01 7.311201050371218813e-01 7.198868878029794915e-01 7.011556453365500596e-01 7.120603059659429412e-01 7.111201657239172302e-01 7.182263667453728795e-01 7.015858960962203517e-01 7.127832241770772903e-01 7.195814166775701404e-01 7.025283172491229022e-01 7.073645547216440566e-01
2.123332154218909862e-01 1.800351127132176487e-01 3.876717461663622410e-01 5.294688096935932231e-01 4.130220283102046253e-01 5.054974895018468084e-01 7.195253333292310760e-01 6.775006008316926120e-01 1.000000000000000000e+00 7.404188496283484744e-01 7.951615460782908151e-01 8.270455639419506122e-01 7.285000164766280983e-01 7.513877595461598835e-01 8.341148730713826565e-01 8.127706484354996208e-01 8.163353361015824872e-01 7.007919352711541316e-01 7.365579063192957410e-01 6.369631556203680933e-01 7.000534351265217392e-01 7.540611747979412138e-01 7.473261667302285582e-01 7.174913856633997611e-01 7.417539187988144711e-01 8.318358921635756742e-01 8.045921065723047327e-01 7.855278341779530216e-01 8.216058535856336498e-01 7.909626345692618576e-01 8.277175480758988124e-01 8.249069283177727918e-01 7.357948886696676905e-01 7.895527247406821658e-01 7.797610801925159985e-01 7.518345787454980833e-01 7.949460017048611826e-01 8.268548934962824948e-01 8.141960105088339450e-01 7.770056545506187629e-01 8.354054214043438176e-01 8.184425505150551006e-01 7.950005963088164762e-01 8.309508173955860721e-01 8.181114297028972970e-01 8.211296353080609345e-01 8.423786885057888973e-01 8.532406386518198715e-01 8.571853911973396078e-01 8.122506514771827835e-01 8.462681657672677105e-01 7.924386964590512950e-01 8.409616927312055790e-01 8.598215292099696816e-01 8.383412415800288731e-01 8.487869982253273271e-01 8.675115353171712895e-01 8.419385039054608777e-01 8.537028545804520308e-01 8.535094435121129974e-01 8.564785086325680252e-01 8.565634421539315424e-01 8.445108135485320799e-01 8.628972629441398201e-01 8.608660993742355272e-01 8.646099779966517351e-01 8.550327940548648753e-01 8.466441351738469567e-01 8.511525240123061220e-01 8.477569703458041062e-01 8.454428630665759004e-01 8.462889642093220921e-01 8.357814505873396582e-01 8.416320527701750542e-01 8.530110021001494625e-01 8.490024241546657580e-01 8.353429275285185751e-01 8.541545431281452050e-01 8.457984638058750892e-01 8.430705014663982810e-01 8.412057725788451013e-01 8.478984669781145511e-01 8.498768899495174889e-01 8.389537324701749066e-01 8.350758794594280721e-01 8.323402053479432849e-01 8.272915943471651490e-01 8.483045499013072144e-01 8.372431166800404778e-01 8.513709761186993852e-01 8.258062178447939106e-01 8.412241017404679111e-01 8.412289194436448625e-01 8.366575162340066374e-01 8.403067612481441850e-01 8.483862949862109870e-01 8.415010350707634590e-01 8.552185142760075909e-01 8.447427217437765146e-01 8.521452753076457221e-01 8.374890822117846412e-01 8.526306863945914971e-01 8.500475090358613484e-01 8.474826699754279824e-01 8.475667291298618622e-01 8.569402058589513649e-01 8.589582245128953852e-01 8.482266411355526836e-01 8.475657622509773503e-01 8.488525908229895833e-01 8.442214681296410506e-01 8.518018739451809207e-01 8.468398423279750453e-01 8.551116472034605565e-01 8.529146595247936169e-01 8.549030054868774764e-01
7.720395526301421230e-02 1.916785966167890709e-01 3.383079954994099858e-01 4.903559003017687323e-01 3.750780794710095178e-01 5.104776189604929293e-01 6.694681014552491538e-01 5.981872189486656666e-01 7.404188496283484744e-01 1.000000000000000000e+00 7.520243718528103471e-01 7.765231434877852834e-01 6.809706683686914674e-01 7.370560836924073822e-01 7.923822350236430223e-01 7.577513578654015980e-01 7.011666572990700175e-01 6.285586884210793146e-01 6.907611294225809440e-01 5.460989391901371892e-01 5.962546913770531143e-01 6.691681464267278390e-01 7.151511780745044566e-01 6.583560128631515962e-01 6.770454660426700189e-01 7.567164542092102986e-01 7.528020375000948894e-01 7.529848510482520796e-01 7.598122885380586000e-01 7.644302999816694477e-01 7.936688068041016786e-01 7.773572256321441554e-01 7.138448123600299455e-01 7.445236509950808879e-01 7.437390049149434912e-01 7.153485788132438739e-01 7.781863155426937961e-01 7.856184504407532909e-01 7.781657127726409051e-01 7.626739064686399727e-01 7.961071554891809843e-01 7.893149689468103025e-01 7.662287454933468522e-01 7.970446363080404550e-01 7.805179780778761511e-01 7.995349606039171553e-01 8.003933141624842706e-01 8.163716409809027574e-01 8.043060363500736942e-01 7.509276729425587993e-01 7.878383270789373061e-01 7.242843473059887849e-01 7.849097407253370351e-01 8.103608356631620824e-01 8.010160481072688965e-01 8.143957927078314674e-01 7.865030501160593657e-01 8.054777513438102776e-01 8.126419804641387135e-01 8.037871475391852316e-01 8.015368140671841335e-01 8.043225923617739470e-01 7.993500825540279520e-01 7.927483118409544005e-01 7.894180999317141900e-01 8.068923944709108786e-01 8.082197216963795672e-01 8.064388853483294151e-01 8.114665521491249978e-01 7.853827259270430572e-01 7.939838856586977078e-01 8.029792152525200288e-01 7.936679438357338023e-01 7.942561591628396478e-01 8.067920675154310883e-01 8.096125837716443563e-01 8.023160134736843085e-01 8.108223275778322359e-01 8.054525072222740167e-01 8.112846450317660052e-01 8.108325812375721808e-01 8.139592157165524977e-01 8.104175763234751084e-01 8.061460056593361401e-01 7.912170704960478362e-01 7.936135955173728718e-01 8.060255352986647193e-01 8.091967624947947746e-01 8.073530957553731735e-01 8.135035946920303740e-01 8.020420464020474594e-01 8.062008304606389508e-01 8.085636851835561467e-01 8.085870245477717599e-01 8.055309957132250620e-01 8.121476258647067903e-01 7.895486186428413156e-01 7.843695832903602172e-01 8.061244099220385984e-01 7.995668561173581157e-01 7.992649446249485701e-01 7.996889368896494821e-01 8.016863070659031587e-01 8.027808895667023492e-01 7.963867101812408533e-01 7.985595404463469160e-01 8.091416228992158732e-01 8.129906686411064731e-01 8.128373084684045180e-01 8.090681160166321995e-01 8.096762162225433768e-01 8.066012099412052105e-01 8.059866670447610737e-01 8.008784926414445060e-01 7.988274060309878966e-01 8.081388034797378772e-01
7.493228905710805354e-02 1.596363507732546649e-01 4.023147151058002469e-01 5.707143301179146144e-01 4.261057482231554450e-01 5.491217075717785834e-01 7.629190954401290359e-01 7.041982003860400852e-01 7.951615460782908151e-01 7.520243718528103471e-01 1.000000000000000000e+00 8.708232767492896098e-01 7.568008671141462917e-01 7.886679060471764036e-01 8.726671719073597622e-01 8.526270918408382915e-01 7.767104556668099624e-01 7.231050334770345867e-01 7.848603904594537717e-01 6.197340644612630012e-01 7.026517527843313404e-01 7.957702545700008345e-01 7.818507225584265807e-01 7.523145847227681315e-01 7.852648499767814760e-01 8.571708011360511525e-01 8.516809962818624458e-01 8.475012737266887086e-01 8.497790129479616539e-01 8.545921181803048938e-01 8.767311905364365554e-01 8.736746363354862543e-01 8.093702303630735395e-01 8.481086478189503453e-01 8.431951879037028474e-01 8.165508246538741854e-01 8.671705766667647808e-01 8.770724344849778475e-01 8.744901527488577742e-01 8.613549452413654661e-01 8.881686924928043902e-01 8.817451416160292377e-01 8.597968680162290100e-01 8.855081548740956210e-01 8.738832706987572641e-01 8.792219388666328017e-01 8.746915535584359747e-01 8.827294532795260107e-01 8.831746080680743516e-01 8.503714569155895742e-01 8.810730098622692186e-01 8.252338220421041592e-01 8.656597540826767023e-01 8.768588695997853177e-01 8.685766096071857456e-01 8.921241578047159893e-01 8.617944289375764066e-01 8.813897250435965836e-01 8.848206701026648524e-01 8.807728395009747357e-01 8.872871076135423474e-01 8.748127901087282554e-01 8.763647992336452974e-01 8.770984239891161938e-01 8.691343704417497928e-01 8.744268961810179874e-01 8.835071027467540361e-01 8.898784158394676957e-01 8.938266707355781993e-01 8.723085676210041717e-01 8.871325992499230484e-01 8.889065364645352130e-01 8.806047168851101059e-01 8.861532389333700577e-01 8.950186075139189290e-01 8.944484662692016030e-01 8.887719727537839454e-01 8.943864767905163049e-01 8.942990151081715577e-01 8.923645763843202072e-01 8.964516416112757735e-01 8.928490960199765292e-01 8.952489381831759685e-01 8.921037429388957163e-01 8.836392096769523086e-01 8.868449417244347321e-01 8.900188083933210370e-01 8.922824089176524254e-01 8.916891412768669367e-01 8.899105364600767842e-01 8.942582682051777310e-01 8.896192483678552199e-01 8.934833124400036741e-01 8.910574362127997583e-01 8.791953456410528389e-01 8.867641991384508371e-01 8.794426576531996220e-01 8.686903473084088834e-01 8.846077321087731926e-01 8.850797011830379146e-01 8.859878327129350195e-01 8.796779013762967558e-01 8.793980755268696603e-01 8.864279941981065836e-01 8.837557333876152610e-01 8.739400290630876533e-01 8.854341103291890613e-01 8.851652895170097901e-01 8.872053164938966674e-01 8.840449936494402250e-01 8.851587961380245062e-01 8.831395695649962851e-01 8.771710763306251879e-01 8.833651826198423151e-01 8.770843311422871214e-01 8.778142530072902128e-01
9.112176768990425113e-02 1.461961022883377093e-01 4.239773651069854155e-01 6.340615596982128732e-01 4.726109644155722100e-01 5.736981390381246104e-01 7.973511216612838570e-01 7.655230081017030397e-01 8.270455639419506122e-01 7.765231434877852834e-01 8.708232767492896098e-01 1.000000000000000000e+00 8.043378672015970565e-01 8.428269759937681016e-01 9.173841000162965553e-01 9.096021399819878006e-01 8.133071000856253452e-01 7.420624930544442721e-01 8.067062714538530965e-01 6.604983644907967966e-01 7.584342274717157384e-01 8.240770627201415843e-01 7.996209951596031651e-01 7.723260092399991672e-01 8.040623783678039205e-01 8.920578120733614336e-01 8.781799891555928106e-01 8.738883249650561957e-01 8.813067695978489269e-01 8.845882835840864766e-01 9.128136992444532138e-01 9.022302925307126298e-01 8.298023077008832571e-01 8.727712926514994418e-01 8.687069824065203338e-01 8.468577958505284498e-01 8.956959368182032533e-01 9.150381109893008791e-01 9.106529046565680074e-01 8.874149210130112264e-01 9.191864049681097715e-01 9.130330809258867530e-01 9.050545761570385483e-01 9.291332594501843234e-01 9.086288314019558277e-01 9.225377077582046503e-01 9.207349822943842188e-01 9.222040221983700548e-01 9.276082506476023282e-01 8.893411100956578608e-01 9.249401390909525178e-01 8.704516454630850664e-01 9.152887882380855711e-01 9.199654110178548949e-01 9.152765736479060443e-01 9.285582940674290686e-01 9.143490039354393861e-01 9.227542181971372104e-01 9.289150682893856370e-01 9.266813107204830979e-01 9.315595211761034111e-01 9.270876702825657789e-01 9.260866622042019936e-01 9.281081558284770550e-01 9.123174342393678415e-01 9.229127042772882206e-01 9.238718514583479369e-01 9.233841606320044582e-01 9.272126471885488996e-01 9.179943659074377704e-01 9.266586457149694755e-01 9.238012691686022793e-01 9.140299503574079720e-01 9.186140989158176895e-01 9.324562730320282711e-01 9.331101022506985698e-01 9.249954211861505238e-01 9.312421459319593087e-01 9.306190427202813975e-01 9.310677848416155644e-01 9.340485969444252135e-01 9.304166564025593278e-01 9.311004669666914646e-01 9.300591667892865733e-01 9.227356975738590927e-01 9.212810386514218575e-01 9.237524082613662868e-01 9.315648754193474046e-01 9.293629440730639679e-01 9.295630061217401430e-01 9.293113432502758675e-01 9.294940664410246134e-01 9.310236479316718050e-01 9.284547085975258796e-01 9.202514464698923202e-01 9.250859526947045053e-01 9.232185055390166317e-01 9.196086901659002999e-01 9.256889811860934403e-01 9.291331642445458394e-01 9.283398378640697057e-01 9.274359081441718722e-01 9.242777262164815211e-01 9.296344501632010093e-01 9.267626490676790230e-01 9.220025519508653344e-01 9.286916533045554978e-01 9.241990675287499180e-01 9.265707066820046967e-01 9.271968340896495908e-01 9.274596513096816652e-01 9.239127435392843202e-01 9.233038322247233420e-01 9.274487821894715767e-01 9.187366033377567520e-01 9.232685668074184226e-01
8.772184017052278571e-02 1.356015163135695090e-01 3.439636150854334939e-01 5.145823560507878369e-01 4.532066344902678234e-01 5.271812361577810080e-01 6.914403728466858023e-01 6.600836539441299333e-01 7.285000164766280983e-01 6.809706683686914674e-01 7.568008671141462917e-01 8.043378672015970565e-01 1.000000000000000000e+00 7.544611469334715492e-01 8.220053445166016770e-01 8.121385433673469212e-01 7.185759383956681345e-01 6.548836838035031471e-01 7.160563220414356556e-01 5.735573648767702259e-01 6.473993295368440926e-01 7.289482834058992333e-01 7.172508700044504248e-01 6.880657969316461564e-01 7.198942187986910879e-01 7.866179760056890569e-01 7.604645629189961120e-01 7.599335295813561819e-01 7.646191303092215730e-01 7.793334387258339380e-01 7.962784054734829420e-01 7.947363461552129360e-01 7.317775180660383016e-01 7.695463543531767536e-01 7.732468053936857322e-01 7.441429623892215073e-01 7.914159984191817543e-01 8.080021393150452758e-01 8.053590287675475023e-01 7.798779232314524412e-01 8.170352552980690852e-01 8.179831111639065400e-01 8.040664463315860822e-01 8.312736038821084694e-01 8.047967824238372314e-01 8.176687278240064582e-01 8.278677214754459612e-01 8.275742772823687643e-01 8.228382378404315300e-01 7.837471637904941391e-01 8.125077176014661173e-01 7.899765878081915771e-01 8.207571495245057358e-01 8.167181635193813127e-01 8.046232421878700691e-01 8.179199710482359942e-01 7.964892361438203894e-01 8.198591058959816547e-01 8.156214397986480957e-01 8.361545587308418792e-01 8.322723893793039229e-01 8.162065741036325095e-01 8.131264198639782670e-01 8.189741231225348139e-01 8.182472896323854661e-01 8.219804219038925330e-01 8.286499266985642986e-01 8.258723314664861981e-01 8.329211794520974266e-01 8.117699475865225445e-01 8.273870820198874210e-01 8.293868790914413758e-01 8.191882474180323115e-01 8.260957346019721648e-01 8.292952324528883867e-01 8.314131987511444999e-01 8.235999111539314965e-01 8.247463903537517460e-01 8.313040785288006163e-01 8.278291232296954849e-01 8.300788126825170421e-01 8.298482022218780507e-01 8.233522126340856451e-01 8.288064223814599618e-01 8.225443841654145327e-01 8.267968423067453276e-01 8.272538796457478139e-01 8.318105584966856147e-01 8.320009276502483564e-01 8.250445380143490715e-01 8.248479807201318792e-01 8.315499879143021245e-01 8.331917506384760586e-01 8.325485317494552007e-01 8.300280612031757377e-01 8.298825676046341915e-01 8.164864265437874469e-01 8.158199970780255494e-01 8.273047488455058662e-01 8.282388752404391541e-01 8.340433221870586777e-01 8.234323603030377914e-01 8.356974644856970391e-01 8.351649804911553954e-01 8.338810151431147455e-01 8.146511021985033407e-01 8.267679329245793962e-01 8.271791068854017492e-01 8.265655818772611463e-01 8.301606777194455722e-01 8.241262588172920678e-01 8.314122734419995275e-01 8.227788343144164518e-01 8.272254729256085515e-01 8.272972260599393834e-01 8.279252327286342750e-01
