1.000000000000000000e+00 1.607245105630151494e-01 9.625724336705766826e-02 -2.574227744282121463e-02 2.251683984722711862e-02 -1.635705695670443272e-02 1.442087350452174281e-02 3.666694432610146780e-03 1.404223002233560003e-01 8.672094542843580833e-02 4.125503435710258654e-02 -3.347819205598833239e-03 3.994441721654627686e-02 -6.489902141554366836e-03 5.802847466706523120e-03 5.715348544662209734e-03 1.007465912087984472e-01 1.327529968348289680e-01 1.251315469747185383e-01 -2.353452318746399735e-03 9.034040717992236624e-02 9.500561494124390438e-02 1.434174003505656880e-01 1.341891788924153284e-01 1.255370678006345053e-01 4.538060220431601455e-02 4.978281684909578730e-02 4.651256228016461408e-02 1.247906369594160014e-01 1.015249162458582849e-01 7.012996901169424313e-02 4.802176149969755031e-02 4.863388580297474395e-02 4.044169221686422927e-02 6.187135524314131552e-02 7.069912549333828670e-03 5.006788312859870860e-02 1.420136261065019743e-02 1.780886279744857761e-02 -3.125268242332961133e-02 8.404556369264456345e-03 1.374263097058964949e-03 -6.828369233660526623e-03 1.928327336205513595e-02 2.054026165293857190e-02 2.139651362522657779e-02 6.349648413621780327e-03 2.573543865570823708e-02 3.002421094233108205e-03 8.266741747716183433e-03 8.621802166046818247e-03 -3.536264833690653305e-03 9.431470519755234686e-04 4.976383329648720322e-02 4.774931784348096508e-02 3.171860506701293381e-02 5.235764150822937169e-02 1.897210800816070964e-02 2.557666511372859094e-02 3.566783536978989505e-02 9.367903046446923038e-03 3.985128001516070884e-02 1.602565333026285260e-02 3.255060481886899726e-02 4.612604997573417631e-02 3.375333845149346840e-02 1.648824732442960572e-02 2.794714235033398525e-02 3.572859289085649620e-02 1.508537510185560711e-02 4.171685671677088231e-02 3.494032875781660080e-02 5.046836197391964263e-02 6.013226852600462441e-02 1.352465952228426235e-02 1.900801489628450511e-02 1.716552819094356239e-02 5.005607113014304277e-02 2.084946094362459881e-02 3.986771616103135241e-02 2.300944190096141859e-02 2.868615207640598866e-02 2.603710119432969816e-02 2.721344686389201226e-02 9.785617443497290902e-03 1.931977624807820759e-02 8.203482044152570277e-03 -8.574837866365744854e-03 3.828471895884560505e-03 1.060412519503602970e-02 -1.420485729390700766e-02 -4.731381609590816842e-03 -1.494158910903082768e-03 -5.667998762023160331e-03 -8.067279589135032108e-04 1.203009114583288713e-02 -3.982116058776150741e-02 1.555353385495746379e-02 -1.133585849166670982e-02 -1.565312713826274779e-02 -2.020267762788092655e-02 -1.211527587053411181e-02 -2.275333599304289398e-03 -4.220493157983456686e-03 -8.225290647207322142e-03 1.617328709162461561e-02 1.010285337908084502e-02 1.105883419148059876e-02 1.105228289307129581e-02 9.926476252013821319e-03 -4.993127052731242965e-03 1.284371786857272692e-02 1.620692386783508833e-03 4.497897924608255243e-03 2.182963119987854639e-02 2.322284334749599374e-02
1.607245105630151494e-01 1.000000000000000000e+00 1.416226430223654076e-01 1.085891894241243216e-01 7.622295656838522226e-02 1.359794549231624350e-01 1.393536802606483993e-01 1.678119486905127744e-01 2.081383188723251176e-01 2.203939503468635430e-01 1.641711404797175367e-01 1.544244368518267185e-01 1.406770584421238868e-01 1.239479117854436069e-01 1.530666408536753009e-01 1.574624892420134203e-01 1.905259569217666593e-01 2.440238303788039298e-01 2.166447114837171117e-01 1.515233317972115301e-01 2.270697215893298648e-01 2.480343065837422589e-01 2.441840434597967180e-01 2.641898542303310338e-01 2.468067734960928683e-01 2.042437885766516248e-01 1.980487276859772550e-01 2.213723065185700944e-01 2.507006173297483542e-01 2.368408632084827714e-01 2.185053760524393041e-01 2.032463291045613074e-01 2.108798275049161841e-01 2.017918379911849136e-01 2.133321083948365726e-01 1.820303755062485651e-01 2.029639773871533270e-01 1.928595862407540551e-01 1.842089427401819579e-01 1.884207623864834480e-01 1.806687134431200215e-01 1.809441471965765047e-01 1.679387974922579851e-01 1.800433663477226942e-01 1.891843326189891761e-01 1.769823612754652109e-01 1.650404469276842978e-01 1.731619227829584995e-01 1.568958951553461600e-01 1.742518903310035228e-01 1.721525348958675428e-01 1.440083227016876743e-01 1.496330396654805828e-01 1.928454073761083909e-01 1.970633181678994594e-01 2.014979874829602446e-01 1.703491646933397718e-01 1.743935133788791225e-01 1.802819622349455808e-01 1.717649481309499182e-01 1.640817479828240721e-01 1.728535180052949982e-01 1.673121630620476308e-01 1.695293009203188150e-01 1.723973366482276781e-01 1.630814901863114896e-01 1.658387584496572864e-01 1.782286886834863193e-01 1.821510614291790564e-01 1.741015946345222387e-01 1.957309815051520852e-01 1.878809518310601001e-01 1.968529504495860893e-01 2.030963564150286838e-01 1.782294679010671956e-01 1.773034058068829466e-01 1.839003022818880284e-01 2.017541601392456307e-01 1.865196548752242889e-01 1.899589558633880404e-01 1.821493663021940268e-01 1.812291381297573556e-01 1.794308110514387655e-01 1.815203276066391369e-01 1.746533669585156878e-01 1.782491223000975955e-01 1.693280557846221501e-01 1.655871401725295677e-01 1.691740283450328952e-01 1.746961740018704579e-01 1.694495141668784233e-01 1.648443014878662183e-01 1.628362053716629898e-01 1.670537272761817571e-01 1.556762937189411777e-01 1.634595949301267392e-01 1.409806108828821625e-01 1.509012168885701943e-01 1.514230653650368574e-01 1.568080503024946726e-01 1.531746455650853656e-01 1.523794463877956584e-01 1.490343040231876803e-01 1.587627398342995877e-01 1.441700166419103146e-01 1.561001550924808468e-01 1.614882578050655382e-01 1.685271669995603017e-01 1.682803449865724055e-01 1.639082904081224645e-01 1.633572245194984673e-01 1.602350927825191007e-01 1.563816187616050846e-01 1.568237755726051286e-01 1.640143526119049733e-01 1.602970416702314271e-01
9.625724336705766826e-02 1.416226430223654076e-01 1.000000000000000000e+00 2.597370440529659374e-01 1.928238740354284997e-01 2.587490852622723048e-01 3.453582158230350529e-01 3.224201658561806627e-01 3.748926847894351599e-01 3.617532876638924755e-01 3.747158807205223652e-01 3.768277430632656633e-01 3.563987681366079241e-01 2.867750342414787101e-01 3.885177875360356636e-01 3.910157843838993896e-01 3.913176958104422343e-01 4.025333511831830080e-01 4.235762982498746387e-01 3.282895656904222803e-01 3.894152543415533296e-01 4.146721205170390001e-01 3.938847639039875226e-01 4.066377679375348109e-01 4.072566435988381195e-01 4.166571876351702897e-01 4.176698819082336755e-01 4.132160029220518505e-01 4.331235136192975177e-01 4.247096970999554855e-01 4.288286112834279185e-01 4.049645014631935713e-01 4.116129570949197403e-01 4.117523770366580682e-01 4.004703343490627065e-01 4.027802588831732589e-01 4.173022017890595792e-01 4.085854066435041787e-01 4.077606287161720799e-01 3.999407323379708390e-01 4.037960139359820788e-01 3.926942818317725181e-01 4.002562317866112385e-01 4.059624502864241924e-01 4.118312907311246218e-01 4.087466195666036306e-01 3.975898371033372292e-01 4.048676695550753601e-01 4.001367812194943085e-01 4.020501127810754971e-01 4.062177458575750300e-01 3.932961370643808241e-01 3.901660690362689365e-01 4.073940370863299854e-01 4.158032527275031809e-01 4.162983801414102403e-01 4.093983068242241785e-01 4.058032452044220140e-01 4.061731614421142389e-01 4.064383021121721340e-01 4.074811822812631767e-01 4.062210463997824039e-01 4.043889697480271272e-01 4.032101915688531268e-01 4.050667247829493056e-01 4.087812018379127221e-01 4.044085168033070832e-01 4.113685597574333053e-01 4.095485128414683151e-01 4.005375002288371622e-01 4.187498206886592911e-01 4.167384351411236865e-01 4.157686104928666748e-01 4.240304534631858524e-01 4.066810432668141462e-01 4.101272041034423332e-01 4.099539938922677207e-01 4.226118123793765613e-01 4.149477000661279114e-01 4.142278342977724348e-01 4.080876855829707051e-01 4.071919528545212552e-01 4.070210690307345947e-01 4.066932560386387618e-01 3.992990541531920012e-01 4.044376037848938510e-01 4.053591473041598947e-01 3.935164789026466825e-01 4.021587186034009109e-01 4.074851521810493038e-01 3.976454554690388443e-01 3.987757708929094425e-01 4.011767206396545382e-01 4.012550362262420345e-01 3.984143698432709435e-01 4.002275626064825675e-01 3.876251312988057141e-01 4.002678015156008740e-01 3.953385133956935360e-01 3.931022561048573283e-01 3.924098395986648224e-01 3.945360566438360084e-01 3.939908280438891852e-01 3.971809434090587398e-01 3.988093362484709248e-01 4.003835849743112019e-01 4.000032411193094051e-01 3.996456037052406041e-01 4.039990302609779982e-01 4.014314114725739402e-01 3.995596366548017087e-01 3.999539054599463572e-01 3.975353622240939133e-01 3.973513434990635917e-01 4.067323212462030102e-01 4.026067556061790897e-01
-2.574227744282121463e-02 1.085891894241243216e-01 2.597370440529659374e-01 1.000000000000000000e+00 3.871256295019438465e-01 3.956749552632751188e-01 5.814179615566572590e-01 5.776554276689498391e-01 4.675406471297772204e-01 4.906099994614104842e-01 5.403730704435649734e-01 6.503327904955603644e-01 5.618248885242621560e-01 4.445144125400316559e-01 6.022166279173708503e-01 6.050824057256735111e-01 5.364379306223496791e-01 4.423551216314189349e-01 4.573465741060931955e-01 5.932243503379014404e-01 5.204289725966948499e-01 4.789356529854914002e-01 4.187716351733282161e-01 4.023946741651546755e-01 4.509629901736313951e-01 5.703920135225921673e-01 5.742510838015290053e-01 5.576962032851534579e-01 4.459720101316923535e-01 4.776269564889549235e-01 5.339853077438050377e-01 5.657053757492126467e-01 5.514038009736170753e-01 5.644692705271002753e-01 5.245650183840216974e-01 6.104664671973487611e-01 5.488409377129433997e-01 5.836997910021216596e-01 5.830786759851057655e-01 5.966030634666780186e-01 5.951738216477516774e-01 6.046136099073062820e-01 6.132500058465681914e-01 5.967468387843299915e-01 6.074440151625646322e-01 5.682018760603111396e-01 5.848491721764117468e-01 5.797903116427707282e-01 5.867247583165496883e-01 6.010395891290131187e-01 6.062896392034095028e-01 6.359094299735882361e-01 6.113025880536329115e-01 5.579889948969181113e-01 5.505710298872457109e-01 5.681865340426790478e-01 5.628295071635405211e-01 5.863155130966200002e-01 5.756352710301115838e-01 5.828114438510102469e-01 5.938284394175558090e-01 5.774060891670781404e-01 5.856161867945860466e-01 5.902521544805237053e-01 5.906004944583586047e-01 5.912152582802543410e-01 5.892825127861632817e-01 5.726394413688828955e-01 5.702008191392540226e-01 6.301309699993742353e-01 5.860721079169380898e-01 5.716674706978397413e-01 5.519350257418059735e-01 5.435037821990519324e-01 6.047573761424160921e-01 5.883612907519124580e-01 5.800693666958222083e-01 5.511937740632029126e-01 5.794903443276149257e-01 5.564133631363389343e-01 5.745814203292496369e-01 5.757178589260311119e-01 5.946859912964803652e-01 5.770342500439130662e-01 6.007867568662274005e-01 5.920504318679561395e-01 5.967665777436492736e-01 6.052382273318673844e-01 5.936908761031145509e-01 5.925238793243838842e-01 6.153546723637148830e-01 6.056626047853200800e-01 6.032905410729407780e-01 5.982379767490114686e-01 5.907527416222954075e-01 5.873031604060450217e-01 6.341633732625883146e-01 6.077458064631827694e-01 6.079977810917478465e-01 6.141902137446740850e-01 6.102274749517387908e-01 6.093262922966735662e-01 6.085017060294810598e-01 6.035460726446899571e-01 6.219932209691656499e-01 5.952026040471866120e-01 5.959217063409822934e-01 5.874446236377115493e-01 5.873447211943518820e-01 5.909898598983096552e-01 5.999167331484757115e-01 5.941372413462149282e-01 5.972372653680877441e-01 5.984828861038378189e-01 5.926269187251914650e-01 5.966385512758876075e-01
2.251683984722711862e-02 7.622295656838522226e-02 1.928238740354284997e-01 3.871256295019438465e-01 1.000000000000000000e+00 3.200826725400075512e-01 4.624434268426671490e-01 4.451553757513932452e-01 4.221515647498964574e-01 4.068981635333807079e-01 4.599536126651883050e-01 4.939452464140431376e-01 4.616053992056557420e-01 3.621036657421113913e-01 4.855898432970772727e-01 4.887311224613337668e-01 4.522193882821965438e-01 4.307532432957695279e-01 4.327190694580493324e-01 4.471027813403208873e-01 4.478824494974874559e-01 4.308629250087243623e-01 4.090880004348196319e-01 4.125641567415291866e-01 4.113629706641740436e-01 4.704781762006137735e-01 4.756644397046380091e-01 4.621502282916898907e-01 4.089927358305702754e-01 4.297054376393482644e-01 4.694663442651288432e-01 4.811220420299206491e-01 4.538066902724858243e-01 4.807532347279147578e-01 4.540451362056424633e-01 4.894787117117956887e-01 4.722106895716186581e-01 4.730594312952025038e-01 4.859507673906262037e-01 4.667304184030383052e-01 4.925280108700922921e-01 4.943613382692564895e-01 4.997540199871417510e-01 4.940427741252900184e-01 4.958835256853515450e-01 4.803284894440330022e-01 4.873926502146057604e-01 4.910968133602801045e-01 4.897451297893310462e-01 4.726481738383378484e-01 4.861985640287733168e-01 4.992866607155308500e-01 4.887608865046229600e-01 4.852150885531271163e-01 4.763926613267030485e-01 4.822868957559958147e-01 4.704936814499209863e-01 4.959980408144045172e-01 4.887208602964615567e-01 4.968416276686891120e-01 4.955585416818492628e-01 4.897067822673544235e-01 4.880890223380285331e-01 4.899581145599603005e-01 4.916205016443893627e-01 4.911263705439403715e-01 4.950343410305733660e-01 4.887355853294412245e-01 4.918794595469214714e-01 5.103066619341367627e-01 4.951862778252758002e-01 4.889949729431184999e-01 4.899277247157601267e-01 4.755485087430060820e-01 4.974393967867103972e-01 4.921307097591143820e-01 4.896597307464811699e-01 4.760755919450079254e-01 4.878243659377600738e-01 4.796248480445043927e-01 4.909798880480825689e-01 4.904496182743340316e-01 4.931192989786761793e-01 4.879760447411006785e-01 4.955875360627413628e-01 4.983491944281337460e-01 4.961017138748405886e-01 4.936664624529573109e-01 4.944250636580029279e-01 4.888444142536567116e-01 4.992013111676807391e-01 4.977827682279463151e-01 4.988280460792138826e-01 4.930271580601758852e-01 4.944403181375160439e-01 4.927390053708945450e-01 4.987037955167086811e-01 4.893253274303718259e-01 4.974469522078144856e-01 4.981277265636970819e-01 4.981435257166407782e-01 4.943142944449117060e-01 4.996821104694604831e-01 4.974862909436595371e-01 5.020880550797905961e-01 4.875646369767801525e-01 4.948384078984365830e-01 4.906714913237323894e-01 4.905955442374120845e-01 4.940329304106075847e-01 4.959073462364331775e-01 4.981753863028722251e-01 4.960150663672059368e-01 4.953898605418262657e-01 4.919599914321713952e-01 4.941146398806225970e-01
-1.635705695670443272e-02 1.359794549231624350e-01 2.587490852622723048e-01 3.956749552632751188e-01 3.200826725400075512e-01 1.000000000000000000e+00 5.372120462292867549e-01 4.978019440827893272e-01 5.213957121409461548e-01 4.767553734528462428e-01 5.415171558197152679e-01 5.700032602504030432e-01 5.300411549026391445e-01 4.525014052047762192e-01 5.883034554355363044e-01 5.757730598382945209e-01 5.282131507792263703e-01 5.098383350500714783e-01 5.002402424243600487e-01 4.984010232293613618e-01 5.057938811923041733e-01 5.329178400410666816e-01 4.992143915226183171e-01 4.874163519049691251e-01 4.971382484758840037e-01 5.838393641712202875e-01 5.840978263057243769e-01 5.791767665170967083e-01 5.293196951017503649e-01 5.468967527662011996e-01 5.835044460223782758e-01 5.827475572661904302e-01 5.695942181099802326e-01 5.835697703576077089e-01 5.725195376415094239e-01 5.830877983802759124e-01 5.892691593801390182e-01 5.971113621908508140e-01 5.950819315543968147e-01 5.931602808312769204e-01 6.005655765138269153e-01 6.094751616594078492e-01 5.981507838804581700e-01 6.063452681608637596e-01 6.009059519402319971e-01 5.968898353193865525e-01 5.965216377287092531e-01 5.964209790099600506e-01 5.997140804906252454e-01 5.885523378157525576e-01 5.954121617996679383e-01 5.838824254469952013e-01 5.867592119394741124e-01 5.901092362935774771e-01 5.892699782302317502e-01 5.951247270019579538e-01 5.808368618460263422e-01 5.995804727600542172e-01 5.969781985271378488e-01 5.932214734090377473e-01 6.002396858622957021e-01 5.894217510654740089e-01 5.940467296590608015e-01 5.906376158838084756e-01 5.943594025954405113e-01 5.938633814917161358e-01 5.994914363395803525e-01 5.946840648208664426e-01 5.947093730425019320e-01 6.055895400166528830e-01 5.939385834064344616e-01 5.967305016622569402e-01 5.903203575188910035e-01 5.823801151947147758e-01 6.063203569719632924e-01 6.020650244953074104e-01 6.019336473507455043e-01 5.901590353345190776e-01 6.014500066762020758e-01 5.939873530671093693e-01 5.998519032245421823e-01 6.001236734963293351e-01 6.013808505759113965e-01 5.992871242218594796e-01 6.044078365282397058e-01 6.036593101475615786e-01 6.052990266656000928e-01 6.064713278184853396e-01 6.028323093865126658e-01 6.054078207048390059e-01 6.098831684885988036e-01 6.073683238678091456e-01 6.069405637882838711e-01 6.063923352171898262e-01 6.010635020862958866e-01 5.997011494345801941e-01 6.024430610947573150e-01 5.936590845004030559e-01 6.024567475117238446e-01 6.053200265125876500e-01 6.073288781397677694e-01 6.042075493380361095e-01 6.000945966093502726e-01 6.032518141197212858e-01 6.046631494890709613e-01 5.970702670298123627e-01 6.031245805082020572e-01 5.998910818114335797e-01 6.041346233507322028e-01 6.011423425746930116e-01 6.064269709930176777e-01 5.990836383098466777e-01 6.022682901429803337e-01 6.036543334120564319e-01 6.008678374618877660e-01 6.014957910250759987e-01
1.442087350452174281e-02 1.393536802606483993e-01 3.453582158230350529e-01 5.814179615566572590e-01 4.624434268426671490e-01 5.372120462292867549e-01 1.000000000000000000e+00 7.135265515928548297e-01 6.907497907004122029e-01 6.749167904554745911e-01 7.419146498067896722e-01 7.988779571195100404e-01 7.317237535867929799e-01 6.089248717829435220e-01 8.348860665057152852e-01 8.104846185018015348e-01 7.365857270587590211e-01 6.809588761221095909e-01 6.926608430748900647e-01 6.884928696816897675e-01 6.814142529382857250e-01 6.953066053901955090e-01 6.667503657530929884e-01 6.461708382290733965e-01 6.667554214974207305e-01 7.828139958974391632e-01 7.773589044569098050e-01 7.722896916669401701e-01 7.108652325797367721e-01 7.323579377841242799e-01 7.797430821472040030e-01 7.962119677304477783e-01 7.674324377902352889e-01 7.931440845366555248e-01 7.574403102571647395e-01 7.787433088574438056e-01 7.816417978614556006e-01 8.136224648116169300e-01 8.131396580420504616e-01 7.955486194913703457e-01 8.081297771408343378e-01 8.170118453846104689e-01 8.157333216470344928e-01 8.162707327595997153e-01 8.085005266850556760e-01 8.084940593497704775e-01 8.090468240231344366e-01 8.088287411763186441e-01 8.101687423295438339e-01 7.996619325331800754e-01 8.199323032636283148e-01 7.808896526558676277e-01 7.996686329161257767e-01 7.978821317493365317e-01 7.919051777682007964e-01 8.096123333701999991e-01 7.861016718161295547e-01 8.119441587109547109e-01 8.134069196757559572e-01 8.070609024883605986e-01 8.147213273100242237e-01 8.059297990134307588e-01 8.086620992087931725e-01 8.087168765169464590e-01 8.033102758387916653e-01 8.041440285483714145e-01 8.167115199408536697e-01 8.070782042435923342e-01 8.142805736362139779e-01 8.209141116697608043e-01 8.042554323869058885e-01 8.033872723075415889e-01 7.978505280537957489e-01 7.831369245785448907e-01 8.197579971655025721e-01 8.117000301172574428e-01 8.136923799261228663e-01 8.002065507797294641e-01 8.099684625943975869e-01 7.986044128573428491e-01 8.084630540440667090e-01 8.090642996084539407e-01 8.185930125783069666e-01 8.101478887458435363e-01 8.199402709673931922e-01 8.169936335277013795e-01 8.156466515059521694e-01 8.252113687911615258e-01 8.171249892042299345e-01 8.205301165387932638e-01 8.244264956940052791e-01 8.212136461645070939e-01 8.183285389019741007e-01 8.212215486270277864e-01 8.150438494364351527e-01 8.127606138697188731e-01 8.169011645263464239e-01 8.061454232867922842e-01 8.175099635591662750e-01 8.210653368889445636e-01 8.198116798912711278e-01 8.174254849755246966e-01 8.124141833993179240e-01 8.179567673839168718e-01 8.170573975393741195e-01 8.067634412768913688e-01 8.137622043728698351e-01 8.139760465848411286e-01 8.148391090644060419e-01 8.140350311683022255e-01 8.195283418997659775e-01 8.138052706484267818e-01 8.150791413537160635e-01 8.143167312979850969e-01 8.127209608169765342e-01 8.124624263788573497e-01
3.666694432610146780e-03 1.678119486905127744e-01 3.224201658561806627e-01 5.776554276689498391e-01 4.451553757513932452e-01 4.978019440827893272e-01 7.135265515928548297e-01 1.000000000000000000e+00 6.462866633002911643e-01 6.405049347088714873e-01 6.829989859349178127e-01 7.634537605106396230e-01 6.951290149195581414e-01 5.692225742486164419e-01 7.752108620427990981e-01 7.821383251315101592e-01 6.891245507101028123e-01 6.213419851168120456e-01 6.407162704682713983e-01 6.630899844831880108e-01 6.312012303638031563e-01 6.555170455276209118e-01 6.062642725587672476e-01 5.980929502914049678e-01 6.116419394756232863e-01 7.398606586661576889e-01 7.369239045310503888e-01 7.236713098723099868e-01 6.506811183508860452e-01 6.735834112286380737e-01 7.281886553147461916e-01 7.490066600428011423e-01 7.152544216763688789e-01 7.476727262353228820e-01 7.112200314631623721e-01 7.521162109606864821e-01 7.359987835374144360e-01 7.661036031633164933e-01 7.669077061263331885e-01 7.572056793401532593e-01 7.624436360084869690e-01 7.790231863805026080e-01 7.843043142941668044e-01 7.742628255559267370e-01 7.638272735138318392e-01 7.626379682914765645e-01 7.678487360559250741e-01 7.648034203526800079e-01 7.663722587713890366e-01 7.541405602768618266e-01 7.733844064886051806e-01 7.460822521327765688e-01 7.634166993613147323e-01 7.533639137986744005e-01 7.490840187792250360e-01 7.574737108008183784e-01 7.364127261660426971e-01 7.708235895944579585e-01 7.678303453216804852e-01 7.662310207051066246e-01 7.735857681555702303e-01 7.603358722095829858e-01 7.617790058307395418e-01 7.606777153054522511e-01 7.599103118352135144e-01 7.608199705245034528e-01 7.697847960072087270e-01 7.579136257952057143e-01 7.657805457299952101e-01 7.770957020676909632e-01 7.587800368311677923e-01 7.591245063145495298e-01 7.510111537685369987e-01 7.336002351243269270e-01 7.765750118999903417e-01 7.660056675757130895e-01 7.655793634438984308e-01 7.463674847104289078e-01 7.641434277868077718e-01 7.518528538680352424e-01 7.608376767616114034e-01 7.655877077456139101e-01 7.700328180054837324e-01 7.625830420922382613e-01 7.786341564356344946e-01 7.752744249135836707e-01 7.739042462564307279e-01 7.852736303034716370e-01 7.779119958149726122e-01 7.749133512962403936e-01 7.829304287936253992e-01 7.810780734182350971e-01 7.763663411544149406e-01 7.791465235761622088e-01 7.725836281909372882e-01 7.700674342064817157e-01 7.847294696411539761e-01 7.661656042029894031e-01 7.793631118258279589e-01 7.824494869231504168e-01 7.857676204071363246e-01 7.813648203179134333e-01 7.738968698865399398e-01 7.809731772331112154e-01 7.787402278252478771e-01 7.673014536351163706e-01 7.728187911857885561e-01 7.714601558785593172e-01 7.732362271586865621e-01 7.721715928196578593e-01 7.821053813137259780e-01 7.722801229981746118e-01 7.747652147268611067e-01 7.738900078936645777e-01 7.670299432082968716e-01 7.705760956996815514e-01
1.404223002233560003e-01 2.081383188723251176e-01 3.748926847894351599e-01 4.675406471297772204e-01 4.221515647498964574e-01 5.213957121409461548e-01 6.907497907004122029e-01 6.462866633002911643e-01 1.000000000000000000e+00 7.504541772583934733e-01 7.921723263855934283e-01 7.892605638056031658e-01 7.503763109703468492e-01 6.438370486665722092e-01 8.299798891284202451e-01 8.040373196690161484e-01 8.097554937251574270e-01 7.875341821959320754e-01 8.097889318858991770e-01 6.104665228497543339e-01 7.552144037083272643e-01 8.143634911344639349e-01 7.911026030622942962e-01 7.730865560173408868e-01 7.948755020523950998e-01 8.405936404793029615e-01 8.369044270773038363e-01 8.318654671957137481e-01 8.180124379503731502e-01 8.494579993186887057e-01 8.747619539238482567e-01 8.549321186651658300e-01 8.409993839542205807e-01 8.462695478495120271e-01 8.514621296201568823e-01 8.199859243771956407e-01 8.618403168743934417e-01 8.545916378693277915e-01 8.608801091411086848e-01 8.118038444587019065e-01 8.620075881462037071e-01 8.465729189112225495e-01 8.459200010257301727e-01 8.642267121199849189e-01 8.572503223601677380e-01 8.623415012451397521e-01 8.659102016412131286e-01 8.774116454202558479e-01 8.624281848377400861e-01 8.417495503280093549e-01 8.601401387287918032e-01 8.051050476140834133e-01 8.403779492875276258e-01 8.838894909447591042e-01 8.744197476006264624e-01 8.716842346912209161e-01 8.594866878880979000e-01 8.658959798305035926e-01 8.689925969586653753e-01 8.736014938201362989e-01 8.617511095745892247e-01 8.712760471887307512e-01 8.621117260512635161e-01 8.690638467381681664e-01 8.667215406471527883e-01 8.661933691712259131e-01 8.703919615804305288e-01 8.724754786888796465e-01 8.735138410853916513e-01 8.445392323392589828e-01 8.701206039100040091e-01 8.723184388904371422e-01 8.687549346519628513e-01 8.685076562653689658e-01 8.654659540732547729e-01 8.704415156065797854e-01 8.642584111919172640e-01 8.741758247986411989e-01 8.679400783681010534e-01 8.791430643685160806e-01 8.729805875898981604e-01 8.776048027870360091e-01 8.694374978819287003e-01 8.716948077758752689e-01 8.613769263384652985e-01 8.656877759634651337e-01 8.647067442553518779e-01 8.563990884745852350e-01 8.655848746354242174e-01 8.639245142787501663e-01 8.496121804392133825e-01 8.608634689064702528e-01 8.617571517731341668e-01 8.623387471859407238e-01 8.654275073526449535e-01 8.699348714402933558e-01 8.257024202382290401e-01 8.526951188778153501e-01 8.531305090487788512e-01 8.523811130195156904e-01 8.492211740700693623e-01 8.531170109029113657e-01 8.569028566776512035e-01 8.602748805729288906e-01 8.484120921784296110e-01 8.567984006843751832e-01 8.667791473420090043e-01 8.696329696109020846e-01 8.661806884087026592e-01 8.690449528509953669e-01 8.586474589634940369e-01 8.676373721293647590e-01 8.622244145806914339e-01 8.634408564682600762e-01 8.678657284029598351e-01 8.652757034594296126e-01
8.672094542843580833e-02 2.203939503468635430e-01 3.617532876638924755e-01 4.906099994614104842e-01 4.068981635333807079e-01 4.767553734528462428e-01 6.749167904554745911e-01 6.405049347088714873e-01 7.504541772583934733e-01 1.000000000000000000e+00 7.398315984869955342e-01 7.539551750360290461e-01 7.122946873902673559e-01 5.913978963108507125e-01 7.798882650624915369e-01 7.693153424721229650e-01 7.456604987846573440e-01 7.324616106470237531e-01 7.464947929496705825e-01 6.166744795806827772e-01 7.109312624934083225e-01 7.480357705730777962e-01 7.250882775901329458e-01 7.125829759661326257e-01 7.298593661506227459e-01 7.863472046673636306e-01 7.895479470367234853e-01 7.906851057225736668e-01 7.620814498408663429e-01 7.918342564850864296e-01 8.112423625325567711e-01 8.035875792855251554e-01 7.916806526135246047e-01 7.920802172937924102e-01 7.907708585543966606e-01 7.749756358111479226e-01 8.034149168196089708e-01 8.063582024269697612e-01 8.075986965758081837e-01 7.741851159661932158e-01 8.099477562164268951e-01 8.071745337880686932e-01 7.993999658773288663e-01 8.138275432961723510e-01 8.060519134390391471e-01 8.085276166440668044e-01 8.110864851281091026e-01 8.186581126278251741e-01 8.070840298306720673e-01 7.862865753778024436e-01 8.086881666341865227e-01 7.540681972889514695e-01 7.912202433623525266e-01 8.171428783214241820e-01 8.094094843573270692e-01 8.168935240532698705e-01 7.897045262845783231e-01 8.156090628163654710e-01 8.157614442234828456e-01 8.173392790885225523e-01 8.097063305495142416e-01 8.138765195578451239e-01 8.035777526116008040e-01 8.115828642630669165e-01 8.098064013711065989e-01 8.052690610734142274e-01 8.142156075513778957e-01 8.173642965679314143e-01 8.186479546058622603e-01 8.043430424479798280e-01 8.133296214208245445e-01 8.172305738795595520e-01 8.117651465555891788e-01 8.076467407343201899e-01 8.157243544747958541e-01 8.176038197670648655e-01 8.137651548761808407e-01 8.176462998923956782e-01 8.142878915501413628e-01 8.207898165629197162e-01 8.172116891706712183e-01 8.202085010760848949e-01 8.159309432697943176e-01 8.173288739251916013e-01 8.087094462713618759e-01 8.121309199734586537e-01 8.128658412023063162e-01 8.087736072005771160e-01 8.137807453024858972e-01 8.138220215825128223e-01 8.038412284658535967e-01 8.123888360987947532e-01 8.097388244770810095e-01 8.120638812688139030e-01 8.112855721257217212e-01 8.164179707051073542e-01 7.857896436161657672e-01 7.982952663954429040e-01 8.040075057285602789e-01 8.046089947347311311e-01 8.012530307651228867e-01 8.031822141628484069e-01 8.037577354378164785e-01 8.097304860086692591e-01 7.990263551300240685e-01 8.064068772804534602e-01 8.125271431114088339e-01 8.169613661315009434e-01 8.139235391627893668e-01 8.146643717683783592e-01 8.121426048311763957e-01 8.143039618337731822e-01 8.087125660863343501e-01 8.111464309333622502e-01 8.142956848449640628e-01 8.106562167781300454e-01
4.125503435710258654e-02 1.641711404797175367e-01 3.747158807205223652e-01 5.403730704435649734e-01 4.599536126651883050e-01 5.415171558197152679e-01 7.419146498067896722e-01 6.829989859349178127e-01 7.921723263855934283e-01 7.398315984869955342e-01 1.000000000000000000e+00 8.409941284517323812e-01 7.621054209837425653e-01 6.509079822561339990e-01 8.477057742975525612e-01 8.393952933377033521e-01 8.063582950060845800e-01 7.733123771943751779e-01 7.993491261376762802e-01 6.780382027948349544e-01 7.770507962195748464e-01 8.092653436079040308e-01 7.577692741366089946e-01 7.526074342978233966e-01 7.853280444900704316e-01 8.604835441621143666e-01 8.546785312463808237e-01 8.505161963344239906e-01 8.080477535638390663e-01 8.349592683400297588e-01 8.801470798758360692e-01 8.640486392189763443e-01 8.477647822276307421e-01 8.626149873536500534e-01 8.488123018179055679e-01 8.588112265301730552e-01 8.733256619302153245e-01 8.759544018317508840e-01 8.795697450635975301e-01 8.472251913100682374e-01 8.813262321419309542e-01 8.772409254917917787e-01 8.718187986206807905e-01 8.864418390977717443e-01 8.848817178242187609e-01 8.764261493381451107e-01 8.831744121158201510e-01 8.868311359895787449e-01 8.828505991707136236e-01 8.735476301684460543e-01 8.831675611134804926e-01 8.503377090528565496e-01 8.681476388507689546e-01 8.832458287985052170e-01 8.805355571638751044e-01 8.812245722451366170e-01 8.713814426609759467e-01 8.832005310256636488e-01 8.828690308911697482e-01 8.862047596654784032e-01 8.865752399208758350e-01 8.832550682156923294e-01 8.807354586691664711e-01 8.831080526190303592e-01 8.806250893415875636e-01 8.814041974206839880e-01 8.866915509902074666e-01 8.853111433259601704e-01 8.821986035942610549e-01 8.784964785620642536e-01 8.871574451098798164e-01 8.867451826775405443e-01 8.760960026912615328e-01 8.746330169364531226e-01 8.901120355986928967e-01 8.886914272924777425e-01 8.865874809209346452e-01 8.844651332897772722e-01 8.852609206191058844e-01 8.834227645057463052e-01 8.862067314048502897e-01 8.891585677518915043e-01 8.886829091908361455e-01 8.864683983226092634e-01 8.853332031667904278e-01 8.852842140980105023e-01 8.873374702207981191e-01 8.831395666697122726e-01 8.872405608872040439e-01 8.837250116094801378e-01 8.817922751379096979e-01 8.874923507644212339e-01 8.869808367112698155e-01 8.863122370436188335e-01 8.850942658628110360e-01 8.864875090478743225e-01 8.702720297019702622e-01 8.806209803177762474e-01 8.818150596456408863e-01 8.814075171912224560e-01 8.806600841914743460e-01 8.818039651625909636e-01 8.816859065489562886e-01 8.849306410227869568e-01 8.816336122863335234e-01 8.825495149075704981e-01 8.870136379968459606e-01 8.853981253260032602e-01 8.868680619725488601e-01 8.864141078109931682e-01 8.844484024515294474e-01 8.861325796527544929e-01 8.850605109520129909e-01 8.850192279586934774e-01 8.857661498586387738e-01 8.860727687920629814e-01
-3.347819205598833239e-03 1.544244368518267185e-01 3.768277430632656633e-01 6.503327904955603644e-01 4.939452464140431376e-01 5.700032602504030432e-01 7.988779571195100404e-01 7.634537605106396230e-01 7.892605638056031658e-01 7.539551750360290461e-01 8.409941284517323812e-01 1.000000000000000000e+00 8.302272491070420424e-01 6.920608232082439137e-01 9.058635015739286978e-01 9.001503863633851799e-01 8.224035355574825790e-01 7.499712358497303555e-01 7.791317683115382975e-01 7.489418488135203278e-01 7.692593308575520483e-01 7.925420165610771450e-01 7.273883053202546689e-01 7.123515754479852191e-01 7.562738126592362109e-01 8.704111453308310820e-01 8.811881248658527399e-01 8.600740958713963824e-01 7.704611455711045664e-01 8.193595622783206300e-01 8.815426809620635629e-01 8.848764421014635451e-01 8.556414261295498536e-01 8.832431365783047772e-01 8.515715144850637408e-01 8.920164640559646863e-01 8.858613304808408140e-01 9.037008944665131382e-01 9.132579476866613533e-01 8.807510527860575866e-01 9.205196169458419453e-01 9.199495739217725676e-01 9.265862167307270525e-01 9.257225841404068678e-01 9.192829415284093919e-01 9.069303652966849150e-01 9.277735515960043866e-01 9.240687929087466612e-01 9.247442276000996664e-01 9.047909107219833658e-01 9.259340893016918539e-01 9.074521788730922633e-01 9.234443131439891150e-01 9.089582401624203278e-01 8.962509404326192142e-01 9.010093167420115678e-01 8.985763660001127029e-01 9.231900308295279967e-01 9.166074548916194331e-01 9.267195632282962947e-01 9.304631101250684377e-01 9.214802679604131574e-01 9.229967529489387923e-01 9.238778346596835389e-01 9.210773016879054698e-01 9.261037842551944621e-01 9.294223059944128895e-01 9.171860581014493752e-01 9.156069879813859558e-01 9.309878493675101119e-01 9.153230887005108229e-01 9.157887946454473793e-01 8.964432230413789116e-01 8.880024636477693578e-01 9.312490868533451760e-01 9.236715676617949233e-01 9.177629706591426961e-01 8.981545143712653667e-01 9.151795702487796058e-01 9.103809987158107964e-01 9.180346592190695709e-01 9.230746093143873399e-01 9.224362713102860489e-01 9.174652486082850444e-01 9.239027319812351813e-01 9.219309509725559515e-01 9.296804382830061719e-01 9.302192510170262940e-01 9.278852072233090276e-01 9.219070981188239866e-01 9.283983872524281811e-01 9.343609289885435043e-01 9.323978459746747882e-01 9.305141706300952276e-01 9.315216254112662631e-01 9.301093620771709869e-01 9.328236574167750872e-01 9.276200972747503659e-01 9.356808641991811726e-01 9.332232354556535547e-01 9.350782799750889662e-01 9.340542146757276898e-01 9.351621456482264172e-01 9.361995592781597875e-01 9.370022794285710610e-01 9.254304300374559533e-01 9.321376312808652420e-01 9.281042112291354451e-01 9.259545420152613948e-01 9.315006639976510794e-01 9.318325863373734252e-01 9.333762420753578537e-01 9.328295391343176535e-01 9.320754429549680253e-01 9.292695982679778366e-01 9.316713279586117391e-01
3.994441721654627686e-02 1.406770584421238868e-01 3.563987681366079241e-01 5.618248885242621560e-01 4.616053992056557420e-01 5.300411549026391445e-01 7.317237535867929799e-01 6.951290149195581414e-01 7.503763109703468492e-01 7.122946873902673559e-01 7.621054209837425653e-01 8.302272491070420424e-01 1.000000000000000000e+00 6.519067184337046239e-01 8.383056908030130927e-01 8.287868091181361807e-01 7.759831324624686388e-01 7.128331692677652986e-01 7.448213652945411267e-01 6.652841284018240486e-01 7.097625986622416727e-01 7.487697768303634982e-01 6.981367180765342129e-01 6.854004785893431650e-01 7.154933340028318822e-01 8.076095091285473426e-01 8.179115706735040625e-01 7.998070129104292159e-01 7.336407857326463500e-01 7.773678533724617257e-01 8.232691465344093018e-01 8.234623306224604367e-01 7.945690015097438552e-01 8.170283971424847635e-01 7.922540126190740217e-01 8.097461346891789979e-01 8.297510504607258364e-01 8.342547569735515589e-01 8.435955529893713889e-01 8.100265656263982983e-01 8.505051066267779181e-01 8.489020470276680275e-01 8.531268012570866199e-01 8.596920885689988134e-01 8.453332270241531443e-01 8.424903742961656894e-01 8.620936231930897975e-01 8.587559677234882782e-01 8.549239612632781871e-01 8.289798463350400715e-01 8.517409407115666964e-01 8.230962581946320578e-01 8.516307484265819294e-01 8.517695607548697589e-01 8.397992672959436744e-01 8.425766584289220429e-01 8.339262039103561008e-01 8.581570102803687261e-01 8.545678416562569879e-01 8.624991526817940013e-01 8.607683334749913762e-01 8.586111755882571694e-01 8.514335433689008692e-01 8.549108735635005951e-01 8.550167851562289201e-01 8.604077211790359669e-01 8.633095987770047497e-01 8.583310077156078854e-01 8.548311030684567768e-01 8.560116815393234990e-01 8.544674780471349651e-01 8.552581804554961753e-01 8.405506206833732730e-01 8.345119917174023128e-01 8.630185290647064411e-01 8.586566508673472153e-01 8.527059350710279872e-01 8.405862679573096186e-01 8.519112132654931280e-01 8.504069917329710737e-01 8.572419833122459920e-01 8.598960945635214514e-01 8.559612764485253766e-01 8.534861047361779196e-01 8.521737574712079377e-01 8.564060833608883039e-01 8.604013346801083761e-01 8.586934960139267492e-01 8.593313925149020926e-01 8.561184085494895069e-01 8.556840365595658193e-01 8.639043385726087321e-01 8.618070067780451149e-01 8.631109268045784599e-01 8.648045244599525949e-01 8.641217877530186220e-01 8.528266427635777802e-01 8.540158772919046459e-01 8.644643976688604070e-01 8.605858565048646325e-01 8.614757515798803222e-01 8.614562235939873247e-01 8.636686121925821746e-01 8.647014561361503482e-01 8.625771362876925030e-01 8.569383060041578792e-01 8.646136395592713964e-01 8.628937856211873481e-01 8.607974407427210206e-01 8.630399853085509720e-01 8.625438129574558577e-01 8.672738384880789297e-01 8.649319808253731479e-01 8.641610069499398028e-01 8.612934261827397409e-01 8.659661961762374904e-01
