1.000000000000000000e+00 1.065952033416934647e-01 2.881466279323594004e-01 2.314704925918019962e-01 7.790575637883907778e-02 3.870420404156858785e-02 1.497529018428195025e-01 7.336656177171113624e-02 2.701498627056215796e-01 6.274371869176580130e-02 1.604516944262262268e-01 1.150317477734683347e-01 2.992587722376058648e-02 6.856726474173815977e-02 7.885451433202544935e-02 4.910831256877283557e-02 2.469533782353507678e-01 2.129796523520376683e-01 2.113168293617740667e-01 1.821210247007548910e-01 2.522291833277885420e-01 2.589475144833218168e-01 2.157873477325722433e-01 1.926870013204648180e-01 2.462766405718491702e-01 2.227119123795636702e-01 2.229083309570347171e-01 1.999555980772071140e-01 2.185525601154739428e-01 1.618252637582228148e-01 1.820714205466399671e-01 1.204934792796835269e-01 1.080422903447011002e-01 1.151706827717185050e-01 1.084031938067102074e-01 1.865184423887294718e-01 1.430059326311705070e-01 4.703403799431641469e-02 8.505233986653623623e-02 6.736754029387456710e-02 9.386940541387976678e-02 7.085711212511486279e-02 8.940072072803610659e-02 9.001527443142044727e-02 1.251159702241986249e-01 1.033684814615498521e-01 2.505943409993613771e-02 4.190423509550707942e-02 2.234145175779550518e-02 4.751128264461400297e-02 4.536861937856742633e-02 1.263603479411872232e-01 5.426765157216478092e-02 5.572097243070558981e-02 6.505056694388698657e-02 7.617615649613672379e-02 4.985890234549866101e-02 4.282224758795781516e-02 2.494080804544117347e-02 5.464278374145723621e-02 4.928436018163066118e-02 4.765407374607141117e-02 2.703540355350126517e-02 1.751137661364537274e-02 9.985583714486466478e-02 6.913492166182980125e-02 6.500008262920908830e-02 7.985057536615225438e-02 7.573148851887037680e-02 8.625765709956158267e-02 1.093523416437907209e-01 1.071828704065631993e-01 7.599817643652885535e-02 1.004848581199160040e-01 8.777840684220909739e-02 8.900556383871342792e-02 8.575935226285684443e-02 1.022497520195237569e-01 7.888400020162894544e-02 7.941618869747137099e-02 9.571485521111722239e-02 7.057900460141441901e-02 7.407135945041852521e-02 6.147746974209527399e-02 3.484205584155606467e-02 5.299762761736580979e-02 7.419955723866132613e-02 2.933261349902370821e-02 4.325293025581577327e-02 6.266574389077400609e-02 5.416668722518548640e-02 3.707016231091424946e-02 5.852968096429221612e-02 4.788535109523789357e-02 1.286739371797653714e-02 1.758415563307581461e-02 9.169840694369107634e-03 2.994243602043900401e-02 1.760774095299049574e-02 1.528825026588615833e-02 3.517430661933425989e-02 2.459343353297250429e-02 2.537226925054177074e-02 3.036804527507214538e-02 5.833743200877002100e-02 3.513281003173047284e-02 5.737127780495372177e-03 3.588738032267468209e-02 4.902769285288362949e-02 2.617364320128027014e-02 2.172485803252167252e-02 3.274353152096950992e-02 1.932054305063570648e-02 2.287392791434268713e-02 6.153761388897287243e-02 3.579684491624281206e-02
1.065952033416934647e-01 1.000000000000000000e+00 1.159376053830396686e-01 9.217338972958726007e-02 6.846507016185604533e-02 7.005118110181844659e-02 1.254043376625557371e-01 1.407655438050236241e-01 1.703102643712220976e-01 2.313921486151462314e-01 1.632252973058573309e-01 1.506560348665749172e-01 1.415318669244312322e-01 1.285185944773621913e-01 1.449204686762231575e-01 1.437798971860611286e-01 8.709992160287267915e-02 7.245948966139882652e-02 8.394291516650831397e-02 7.638688684133840279e-02 3.863628680086456102e-02 1.091723359522379505e-01 1.545708291918028721e-01 2.552244924008854887e-02 9.761959395900685066e-02 1.993754343182123911e-01 1.617787103591346309e-01 1.692161509062484748e-01 2.175201998491383959e-01 1.650985307048078443e-01 1.678901930315040425e-01 1.500662299736909566e-01 1.482141297076851050e-01 7.909802961741471683e-02 1.288815647980222356e-01 1.116437834967895087e-01 1.158458440217483565e-01 1.359468314405432587e-01 1.287122597489450959e-01 1.317206005824352877e-01 1.559889994845689576e-01 1.528530425063794884e-01 1.245680998964859149e-01 1.380894489340636355e-01 1.287799635585972213e-01 1.590542757825584852e-01 1.311738002887888610e-01 1.605623122687236670e-01 1.190230315868592709e-01 9.945077472954154396e-02 1.128695756655508642e-01 8.856097255773236199e-02 1.094930907349791482e-01 1.623503944851385772e-01 1.621967868879419239e-01 1.739372348815669267e-01 1.296557421122526144e-01 1.605114379302435834e-01 1.407488295686691315e-01 1.475235800502519568e-01 1.245651523824379131e-01 1.525172969645678667e-01 1.479999778452803505e-01 1.185030235327424186e-01 1.350975973396265073e-01 1.455606320309142110e-01 1.421660603080130703e-01 1.223121118526396822e-01 1.498220894606986375e-01 1.221132098796855470e-01 1.103127511796259119e-01 1.366346769458232080e-01 9.836565002853184247e-02 1.128244178786888818e-01 1.670092147652506021e-01 1.560633604828624565e-01 1.640198305204579043e-01 1.882797424233057237e-01 1.599894902843539135e-01 1.519242339558018462e-01 1.305072163271293606e-01 1.519438637773673217e-01 1.437757494888745879e-01 1.403288776844518193e-01 1.213646821512634894e-01 1.148035575105287864e-01 1.325780090018538471e-01 1.486059719103688392e-01 1.409733418033733143e-01 1.733842522434491107e-01 1.515455554833921581e-01 1.467369079236746365e-01 1.382242766529980238e-01 1.446075896079824230e-01 1.398706865628790152e-01 1.490218532452910472e-01 1.162623752022567125e-01 1.159783736928149539e-01 1.322473274952892242e-01 1.260176652580914936e-01 1.357880085718580765e-01 1.426762512479049227e-01 1.288822173739289367e-01 1.369179074434005439e-01 1.282189820423299542e-01 1.459919868820665212e-01 1.307179212892637388e-01 1.565012433355774113e-01 1.688283130775774521e-01 1.504578487669173958e-01 1.575475065486613147e-01 1.457334738922836659e-01 1.510480670569284978e-01 1.353150944496867569e-01 1.361522141767533833e-01 1.429480683093834747e-01
2.881466279323594004e-01 1.159376053830396686e-01 1.000000000000000000e+00 3.902482004111164082e-01 2.190865962903053021e-01 2.411401208502618743e-01 3.640523914496280322e-01 2.869344503925298495e-01 4.235842681286999256e-01 2.969113165871095084e-01 4.160155456268161966e-01 4.118488802174415930e-01 3.008680051867055893e-01 3.630960706844930663e-01 3.716102466406590588e-01 3.200320535761745910e-01 4.062405375071735381e-01 3.780165282578708541e-01 4.257784989871445935e-01 3.004373546981863319e-01 4.118844718991911957e-01 4.739276602348352907e-01 4.405614505611882836e-01 4.040211725896383776e-01 4.731536878271447311e-01 4.606401329736286021e-01 4.799470295088741900e-01 4.768426333920978144e-01 4.610453447934743099e-01 4.364346596936944378e-01 4.604878611312745451e-01 3.884770428421938648e-01 3.611407859146174570e-01 3.743734894392997670e-01 3.609767091715039844e-01 4.274398987102344671e-01 4.151202210068326015e-01 3.520326447910198109e-01 3.820289863599322655e-01 3.781032328960671207e-01 3.923986427399622778e-01 3.845445434745267121e-01 3.860032529379861521e-01 3.923005176999603827e-01 4.168982443299003582e-01 3.970581886555635820e-01 3.382998956319650530e-01 3.478241404330538744e-01 3.233862561486643417e-01 3.317271914828960888e-01 3.378264684860429190e-01 3.736786164100520669e-01 3.534378735150369155e-01 3.569471687668863691e-01 3.713691841508242608e-01 3.869297774293560255e-01 3.333803420373031012e-01 3.579691874986272726e-01 3.407219224924107337e-01 3.534370067383446057e-01 3.509420385023006017e-01 3.432393061291116876e-01 3.401965152605604392e-01 3.190434457224738951e-01 3.831993761402576748e-01 3.632894053360290476e-01 3.640172095547256625e-01 3.812733028486831599e-01 3.821032787498444550e-01 3.650275835698572058e-01 4.041932521477150653e-01 4.094469784257195877e-01 3.725972259052042213e-01 4.055250712681647829e-01 3.943648542765003095e-01 3.966462049101812659e-01 3.987024360959167679e-01 4.050217180124687233e-01 3.945271436396611819e-01 3.870369078079511915e-01 3.932087704865830924e-01 3.906153469516076004e-01 3.795219081632914548e-01 3.663027204971983641e-01 3.465205392132258977e-01 3.570164331487883369e-01 3.784446383177258455e-01 3.455796389958166182e-01 3.605138352669733925e-01 3.767135312148255366e-01 3.683619432835762431e-01 3.593200918434551472e-01 3.725452562654310018e-01 3.646600930901944815e-01 3.340093542143229288e-01 3.394357216453737780e-01 3.321706160628965510e-01 3.276146450824372058e-01 3.357217362033550478e-01 3.348657566744195346e-01 3.548605275486504951e-01 3.422492353454225089e-01 3.429682438946854983e-01 3.506939994302018526e-01 3.607155187142498942e-01 3.437092911249931548e-01 3.200206346307426508e-01 3.524866295167844998e-01 3.638221102663026230e-01 3.414738483547633541e-01 3.457920602910663499e-01 3.467768578417615433e-01 3.380074520940231642e-01 3.376855345319605961e-01 3.645433527626030790e-01 3.496802487015175376e-01
2.314704925918019962e-01 9.217338972958726007e-02 3.902482004111164082e-01 1.000000000000000000e+00 3.776497109044970601e-01 3.775593843622316870e-01 6.255844580536743527e-01 5.649373502511577660e-01 5.043265136773393831e-01 3.596905049962059175e-01 5.535048231415886644e-01 6.601016997968296440e-01 4.942555123079654389e-01 5.252370876656251575e-01 5.927987033349056967e-01 5.751963619645960035e-01 4.960847470315538632e-01 3.066448380480999436e-01 4.009873313413622742e-01 4.600783041779178406e-01 5.304690771309805708e-01 4.945391084175187468e-01 4.253727448335376526e-01 4.487260891839455756e-01 4.389387015890063304e-01 5.522918621686323526e-01 5.812964007296956837e-01 5.590594379757606314e-01 5.009163269776096827e-01 4.697480169548459705e-01 5.645846741036349981e-01 4.815918860805286084e-01 4.123324923969989286e-01 5.033907144119297294e-01 4.386593302225249569e-01 5.460822110882469493e-01 5.206336526741567328e-01 5.414737828121176655e-01 5.527885891466298718e-01 5.290509795033619955e-01 5.440671972690539482e-01 5.324550046975963236e-01 5.755353312873144889e-01 5.781969648231394254e-01 5.758922940325292839e-01 5.815140803553322524e-01 5.238015009711942671e-01 5.109794155666507187e-01 5.301888856669438876e-01 5.219511837037679181e-01 5.418948044723117530e-01 5.888818506811397402e-01 5.608042753701337757e-01 5.019385015233955860e-01 4.984389228628307578e-01 4.922197112384861239e-01 5.304830034834814301e-01 5.193297482423351319e-01 5.261161431257787013e-01 5.431717532257103187e-01 5.466634999132518047e-01 5.412393994262316710e-01 5.302855162282864576e-01 5.306916918774301495e-01 5.330860658114252582e-01 5.409773382979738976e-01 5.169482894432587683e-01 4.922278257140987323e-01 5.027540801440745222e-01 5.475278902155387151e-01 5.568697105988892337e-01 5.314067304134407754e-01 5.091814549684190450e-01 5.214374780878582305e-01 5.314583083304781352e-01 5.394646238098184110e-01 5.420256192192105527e-01 5.237646639042459196e-01 5.297040923280185165e-01 5.082709910966145550e-01 5.228080026166174177e-01 5.290860021440061400e-01 5.226617091392062875e-01 4.864657605111337157e-01 4.903445010557810901e-01 5.143541555525001918e-01 5.244125879415632019e-01 5.199023347719345933e-01 5.185745227486925346e-01 5.007266530590369635e-01 5.083122865340550245e-01 5.216309189201692176e-01 5.351447484723786951e-01 5.350365674056322129e-01 5.114170450047578198e-01 5.081388771449306674e-01 5.288231749199205911e-01 5.284708724358033738e-01 5.196941707566783419e-01 5.213423755053053776e-01 5.351287092792541555e-01 5.339389670130371135e-01 5.346242569056812721e-01 5.387196333004252713e-01 5.451291126134520937e-01 5.225599468267189129e-01 5.100655452872159268e-01 5.073940651580971517e-01 5.057448876257450987e-01 5.216691230521689482e-01 5.142282362202411639e-01 5.306514205468446654e-01 5.221802937703683423e-01 5.265940109682063497e-01 5.261368088857840686e-01 5.321613129116201657e-01
7.790575637883907778e-02 6.846507016185604533e-02 2.190865962903053021e-01 3.776497109044970601e-01 1.000000000000000000e+00 3.100412678602055827e-01 4.706713543780054465e-01 4.717963348129968759e-01 3.875119698062425844e-01 3.430757121490716210e-01 4.147341534249027184e-01 4.706495939536263773e-01 4.644109196477361201e-01 4.345933463354142989e-01 4.842531224063162387e-01 4.930117705342230150e-01 3.748862397106569877e-01 3.353151516730158432e-01 3.668358875650817863e-01 3.353914672675883391e-01 4.076580846465788777e-01 3.953479519569618739e-01 3.578528062522037811e-01 3.941531672688766141e-01 3.814118396887367091e-01 4.130456564384006879e-01 4.216958673304342375e-01 4.329643755280095374e-01 3.694077989482814073e-01 3.777913691053527145e-01 4.325449733849753842e-01 4.133886246484218541e-01 3.846646795420121667e-01 4.306973991607175867e-01 4.078963484933041950e-01 4.488137253259003590e-01 4.406486214155438952e-01 4.633494218248720431e-01 4.764095174989946835e-01 4.500934269761006079e-01 4.676694374762856987e-01 4.649109170188452378e-01 4.826640202624418730e-01 4.771890234834606503e-01 4.609917375560778074e-01 4.762546214342521789e-01 4.589283632079594333e-01 4.505324173208289373e-01 4.498395452381025450e-01 4.419060299485267351e-01 4.578329335230497676e-01 4.783393938908687137e-01 4.688554334206761487e-01 4.422602458875073972e-01 4.310243889193411948e-01 4.317619222633787279e-01 4.477664508162859103e-01 4.588692769298421958e-01 4.458866383016916735e-01 4.719221705338387252e-01 4.725045866819476692e-01 4.636194429805070016e-01 4.609677730196022338e-01 4.549665758072494737e-01 4.608059417267776348e-01 4.667970703202428684e-01 4.539055982686920898e-01 4.495202973933540291e-01 4.458954395494613698e-01 4.633641898476751342e-01 4.758771002311638076e-01 4.632950171741585521e-01 4.558432318369924907e-01 4.640544991327392177e-01 4.567376204518560079e-01 4.622306512210309082e-01 4.600070314682182526e-01 4.389652878405004288e-01 4.570112812120477042e-01 4.451736984244904494e-01 4.566020649627796635e-01 4.517287355919865077e-01 4.552780204843937528e-01 4.414316008580761452e-01 4.475393962034352469e-01 4.594409135139021494e-01 4.602762854469454878e-01 4.575080168684606541e-01 4.609795162254892720e-01 4.483320335954867897e-01 4.554967780343167072e-01 4.614003330316927554e-01 4.665283184172187014e-01 4.673205651683731143e-01 4.608449058912309493e-01 4.561137191359952436e-01 4.623690227004550457e-01 4.568693619756326596e-01 4.608157784663303169e-01 4.620021515503962006e-01 4.727779444053057389e-01 4.626643772459398951e-01 4.687522420945455792e-01 4.688724714364111423e-01 4.756015693988939197e-01 4.640941596403582170e-01 4.541852323429445004e-01 4.556116935112938804e-01 4.531216635899943945e-01 4.609315353962420980e-01 4.599514816782889204e-01 4.719138913870497554e-01 4.638480561942719405e-01 4.648266177796926413e-01 4.635625591131521950e-01 4.715362360317724155e-01
3.870420404156858785e-02 7.005118110181844659e-02 2.411401208502618743e-01 3.775593843622316870e-01 3.100412678602055827e-01 1.000000000000000000e+00 5.243455320568393141e-01 4.763977777784752510e-01 5.169342752774904737e-01 4.578983438716721643e-01 5.405830275607858004e-01 5.891237239996227615e-01 4.993424756471016579e-01 5.678137040610230502e-01 5.947076876012281632e-01 5.726328707735430790e-01 5.006154155239470604e-01 4.238902261395731674e-01 4.718849840420024644e-01 4.287858843472509007e-01 4.500998638055875856e-01 4.990865650426785649e-01 4.855475207519234782e-01 4.910876736808232890e-01 4.758809201309907588e-01 5.623595157068288497e-01 5.595038742605802362e-01 5.630860512309152632e-01 5.024982293904320940e-01 5.231724592428939058e-01 5.740919580283359025e-01 5.717537776782578574e-01 5.317465061657907777e-01 5.657279652290084782e-01 5.452987802093176573e-01 5.704496767313321781e-01 5.860990424850597291e-01 6.010303059646633361e-01 6.060729029008309343e-01 5.810871573354992048e-01 6.100914079511648991e-01 6.071803078221320593e-01 5.957044575249035301e-01 6.125795090701517953e-01 6.027785056078969195e-01 6.028329326911955333e-01 6.019107209361598265e-01 6.044532905869587358e-01 5.911936426176148673e-01 5.771169011062623477e-01 5.951732135342943097e-01 5.761585609608477210e-01 5.947891052727806160e-01 5.949669363359033625e-01 5.822289337846263679e-01 5.872972517354779765e-01 5.880243936455074039e-01 6.085399880675920192e-01 5.954757295517691951e-01 6.074230218876714993e-01 6.021821870574310953e-01 6.022436771200048167e-01 5.966514235603741501e-01 5.985184597238122350e-01 6.009570306746129242e-01 5.978583152287517688e-01 6.069406363710138086e-01 5.978007815948112036e-01 6.022089828944259260e-01 6.018916742013907806e-01 6.034114798217248277e-01 6.041442666471322775e-01 6.010038507982541356e-01 5.964392429310085841e-01 6.095768821112724778e-01 6.133825403076870186e-01 6.128437601591412154e-01 5.883070749474108574e-01 6.024014431736726127e-01 5.987548083439333535e-01 6.056253139453777745e-01 6.103212609319582649e-01 6.091847628598033859e-01 6.014355141097235125e-01 6.022482397811583787e-01 6.068685241172354639e-01 6.111525916613771425e-01 6.078678399509507280e-01 6.172194892250579823e-01 6.004298139910900778e-01 6.077425319754831134e-01 6.137755116657084287e-01 6.160445324779509901e-01 6.140037751148054168e-01 6.057757372224984449e-01 6.067696279725656172e-01 6.000205199048599392e-01 5.953059961292228586e-01 6.035098169287963499e-01 6.076340384867279232e-01 6.120969532021753867e-01 6.102579647185562006e-01 6.054044268177090071e-01 6.152428918797467894e-01 6.118041539744316637e-01 5.999660475889037059e-01 6.007307763190425920e-01 6.079848851911259233e-01 6.000059410774788438e-01 6.090154329811963141e-01 6.059479403082650428e-01 6.091184657500375854e-01 6.075982096230939655e-01 6.099790884811868708e-01 6.103868661944826801e-01 6.065168513315810639e-01
1.497529018428195025e-01 1.254043376625557371e-01 3.640523914496280322e-01 6.255844580536743527e-01 4.706713543780054465e-01 5.243455320568393141e-01 1.000000000000000000e+00 7.161561064360593143e-01 6.809812247818194386e-01 5.749397556890537553e-01 7.070775088080596404e-01 7.913347631584471964e-01 6.845496705714765318e-01 7.102616231112246492e-01 8.328666644538486041e-01 7.802914538971926772e-01 6.458328084083286846e-01 5.335456266957182558e-01 6.054552768401768592e-01 5.656465154674040763e-01 6.483852017352980113e-01 6.553773331461271168e-01 6.125896069817058365e-01 6.424479356426074927e-01 6.139158146013301565e-01 7.170627030393641466e-01 7.289940851301367486e-01 7.384800816716138305e-01 6.522339128858452018e-01 6.569908009846999741e-01 7.335259925134967052e-01 7.082743991842878062e-01 6.293670759699196982e-01 7.249433669517039158e-01 6.655087590618190552e-01 7.340259511810809379e-01 7.264271261363870469e-01 7.698421367650549740e-01 7.778317303886751466e-01 7.498970623650571543e-01 7.782536589303313823e-01 7.778077549724506934e-01 7.851766781568040310e-01 7.947981768960775684e-01 7.762788399092453995e-01 7.954903834653230810e-01 7.593380398027314016e-01 7.510888034583690365e-01 7.508499892471751647e-01 7.373299401375101869e-01 7.581700938987430138e-01 7.820134745870156445e-01 7.809097832056374200e-01 7.307850647775488984e-01 7.258440308260034612e-01 7.281787714372276454e-01 7.367459570311151174e-01 7.586025586835315471e-01 7.482661873212083092e-01 7.696848826758801998e-01 7.689348120740157055e-01 7.628455758186384328e-01 7.538976474238372472e-01 7.519424928945919184e-01 7.606149455937929460e-01 7.568882671299583809e-01 7.550117208794100421e-01 7.451854432246189930e-01 7.450895842230315091e-01 7.701954711940796061e-01 7.754721668434970683e-01 7.566009508455221466e-01 7.546549538789495415e-01 7.514062603128516260e-01 7.619401644208023683e-01 7.722129771419029565e-01 7.765509839171022000e-01 7.433486136147717804e-01 7.617850397507314186e-01 7.467586866132314150e-01 7.526521956317344664e-01 7.570020119308675799e-01 7.564491290925828837e-01 7.340310883042731049e-01 7.414034340458509620e-01 7.611668821314115929e-01 7.592778954785670553e-01 7.660595964308568595e-01 7.650425701740775075e-01 7.408857797443265669e-01 7.560826908519907574e-01 7.684706939490951738e-01 7.719964477987092399e-01 7.755922270600859036e-01 7.565999206406852640e-01 7.516327661779865776e-01 7.592934131105439910e-01 7.541040730451230578e-01 7.589795213660914808e-01 7.611173911661548441e-01 7.731298573297136212e-01 7.654891076680315765e-01 7.710756700656026252e-01 7.763728626971573288e-01 7.755455819568958242e-01 7.527630790705228669e-01 7.512510085995187659e-01 7.518133902043580008e-01 7.451937290960753968e-01 7.635029145171836618e-01 7.587311400046268250e-01 7.683677578150192033e-01 7.593462359163938302e-01 7.628906795065160118e-01 7.619305347189431199e-01 7.648546847017649863e-01
7.336656177171113624e-02 1.407655438050236241e-01 2.869344503925298495e-01 5.649373502511577660e-01 4.717963348129968759e-01 4.763977777784752510e-01 7.161561064360593143e-01 1.000000000000000000e+00 6.102485227806929702e-01 5.382700845963175329e-01 6.489234286269971452e-01 7.504684440516669053e-01 6.860547094795379497e-01 6.869172846256876852e-01 7.739341190696185091e-01 8.009759495754535941e-01 5.961139600193818833e-01 4.695541168078551930e-01 5.423208504111046713e-01 5.549052925612623088e-01 5.978913843467791311e-01 5.834809786321751846e-01 5.332081372103356642e-01 5.722766731092001624e-01 5.355301471530442559e-01 6.437376738878796134e-01 6.613233232783380933e-01 6.633914825696179962e-01 5.691055878111738187e-01 6.106250449645571621e-01 6.655896477784307708e-01 6.628721257504186504e-01 6.011701235414537159e-01 6.823107984146907778e-01 6.451078099574045766e-01 6.817818654590149796e-01 6.788725241885691375e-01 7.515121904405733799e-01 7.449322375488645065e-01 7.097277200435009314e-01 7.330965764741718127e-01 7.399540402244892956e-01 7.607832717794582589e-01 7.616358023396465615e-01 7.337953832129068266e-01 7.579576054675075669e-01 7.500203230945330368e-01 7.287129692043335938e-01 7.499837990529422127e-01 7.300890801262455154e-01 7.582351483975249273e-01 7.668343168216263939e-01 7.634180317865068011e-01 7.080063592633718539e-01 7.043915212697346995e-01 6.951794256100236602e-01 7.410177390537369124e-01 7.438506615814615142e-01 7.416116010081998944e-01 7.565437385396110992e-01 7.671187625110429398e-01 7.526104765870165192e-01 7.485388052951815752e-01 7.590682321628570151e-01 7.383017949833766691e-01 7.413171735338320856e-01 7.354867773037007117e-01 7.131851203268921857e-01 7.135426654122731804e-01 7.498487022711873839e-01 7.419566590585142674e-01 7.247882329937541668e-01 7.175854318269286880e-01 7.164003825443241436e-01 7.273187766512098085e-01 7.343624419238038437e-01 7.329814868670501138e-01 6.968885426637267955e-01 7.217905237989061806e-01 7.069237606342179125e-01 7.207993863643193944e-01 7.249422729090845285e-01 7.311696688422006929e-01 7.078318912235479488e-01 7.182315935457463940e-01 7.342666102052082255e-01 7.302545582504935684e-01 7.456362062587128525e-01 7.391301584349051490e-01 7.151520811000473543e-01 7.295604398094580612e-01 7.470848870888878723e-01 7.483936502206840480e-01 7.488412657891629909e-01 7.476159278658757179e-01 7.393119302787265479e-01 7.626047229399850469e-01 7.571113767875033984e-01 7.585164546144506081e-01 7.570109039773560422e-01 7.601597921911934508e-01 7.596817960696042871e-01 7.580859223652828272e-01 7.620092979787773668e-01 7.604518577401523372e-01 7.488125062363186757e-01 7.489529063749037485e-01 7.327400216619861517e-01 7.262993493666352052e-01 7.516220403898317137e-01 7.451294993470021222e-01 7.549228193326146252e-01 7.490170673787872602e-01 7.555369160477485302e-01 7.447847811876086022e-01 7.541799760031735467e-01
2.701498627056215796e-01 1.703102643712220976e-01 4.235842681286999256e-01 5.043265136773393831e-01 3.875119698062425844e-01 5.169342752774904737e-01 6.809812247818194386e-01 6.102485227806929702e-01 1.000000000000000000e+00 6.793311954287239995e-01 7.786133942647063266e-01 7.802237089952405169e-01 6.751733936054037377e-01 7.488502712791820226e-01 7.986475154356629247e-01 7.617049535756456047e-01 7.801058002363109312e-01 6.800430868774495208e-01 7.260983299004651892e-01 5.905897818880554428e-01 6.523134922915068135e-01 7.576995517270150859e-01 7.408335839924073962e-01 7.203158028296642312e-01 7.323470284796204099e-01 8.289353095092660828e-01 8.214653184151685661e-01 8.181674162898964209e-01 7.881265785726061512e-01 7.847596455474178390e-01 8.361430977589646707e-01 8.311445929801515309e-01 7.461495395387353069e-01 7.978151306082730265e-01 7.724236606447821840e-01 8.121770997086138477e-01 8.137248913768503344e-01 8.041280996539078574e-01 8.210719734949072368e-01 7.829214903815674420e-01 8.287007248555579020e-01 8.249520231622562427e-01 8.125794358958903230e-01 8.347166810332192766e-01 8.338389065232745256e-01 8.265296676958083788e-01 8.139849188272216818e-01 8.279027154862913518e-01 7.970333063562852205e-01 7.927377955030525669e-01 8.052984694772101770e-01 7.989036000750867617e-01 8.072599463474640080e-01 8.282877743572792939e-01 8.277112124762335821e-01 8.256662012511220006e-01 8.042950690607524322e-01 8.245185188406555232e-01 8.059816021850002565e-01 8.243629243028315345e-01 8.179980987538283399e-01 8.163435101031754071e-01 8.041200579056103637e-01 7.960597300769992613e-01 8.437262343417165633e-01 8.289962672187511927e-01 8.376089429436197609e-01 8.376206435878479351e-01 8.385861489943245983e-01 8.134606923434289927e-01 8.261581223268641416e-01 8.493936809672506527e-01 8.250306426087720135e-01 8.290030664697811691e-01 8.492144568533380733e-01 8.484897123452144196e-01 8.412386460469667426e-01 8.399503672899650830e-01 8.376015026125164242e-01 8.398654580678510673e-01 8.398071884428229827e-01 8.394873542803682476e-01 8.383722187906768042e-01 8.253144981868567598e-01 8.184989875188941610e-01 8.266168625767430500e-01 8.377934227771126618e-01 8.201793293712954513e-01 8.273664566094653949e-01 8.320863641067649530e-01 8.263650401248416877e-01 8.241462260639347281e-01 8.344040355360218264e-01 8.297996305289528918e-01 8.127155231585579953e-01 8.174889607270996450e-01 7.926345032899475562e-01 8.054500455920272639e-01 8.123779821275426416e-01 8.105096997729787089e-01 8.206661187876033159e-01 8.159970048290581257e-01 8.130356876425677282e-01 8.187710397896862391e-01 8.294348681792114153e-01 8.154364770110852367e-01 8.050925427998535389e-01 8.256879147200776314e-01 8.322666596454034726e-01 8.189293236303066825e-01 8.162208082914957918e-01 8.216600368183113456e-01 8.145798456198000137e-01 8.148959461973774854e-01 8.364982502986711976e-01 8.224563252031793503e-01
6.274371869176580130e-02 2.313921486151462314e-01 2.969113165871095084e-01 3.596905049962059175e-01 3.430757121490716210e-01 4.578983438716721643e-01 5.749397556890537553e-01 5.382700845963175329e-01 6.793311954287239995e-01 1.000000000000000000e+00 6.895107196405168004e-01 6.924318036621356365e-01 6.433790455935158858e-01 6.704341104925790606e-01 7.353295973371651861e-01 7.159028280012108558e-01 6.076955133227650574e-01 5.263614644931555731e-01 5.606961591172416881e-01 4.546062158474296067e-01 4.419677383334372767e-01 5.769400111769981132e-01 6.233944844847346678e-01 5.424456140458875364e-01 5.544331157660805642e-01 7.126077184853896185e-01 6.708402408016805873e-01 6.959240720318544682e-01 6.702978599302351626e-01 6.895601130626675124e-01 7.205495378294256570e-01 7.416532712644074987e-01 6.660809423289103526e-01 6.721133992794807721e-01 6.726572702946925775e-01 6.671362659261378392e-01 7.048113706330635386e-01 7.461189549176751035e-01 7.391091267526060937e-01 7.150952585692383900e-01 7.597759463268396463e-01 7.636425359036496108e-01 7.241013952242502105e-01 7.526078743139712479e-01 7.281144846547852323e-01 7.526850870298537055e-01 7.673340730487238082e-01 7.891564396809078730e-01 7.497607084681289225e-01 7.146611866016548964e-01 7.387713042889333392e-01 6.701164872659811644e-01 7.350691883239758306e-01 7.796048317683949014e-01 7.694295617639895779e-01 7.727263810539007904e-01 7.405955045009039450e-01 7.792501092228536486e-01 7.599843624432386369e-01 7.721838179850490924e-01 7.547295281698329639e-01 7.705139193159419309e-01 7.632583981589203814e-01 7.516043559604894675e-01 7.536773985539786391e-01 7.632578854386411482e-01 7.769831248216951813e-01 7.589129978005534349e-01 7.729995812953440737e-01 7.294376227351169195e-01 7.202566936470973236e-01 7.567637411073554476e-01 7.371324848512987860e-01 7.307825569058352677e-01 7.841501321998640694e-01 7.721613063432212209e-01 7.699327487634697320e-01 7.703625502228508282e-01 7.771785768479652079e-01 7.717398853483335985e-01 7.600871186064063201e-01 7.767004295309946071e-01 7.711997558210782477e-01 7.611794255723244307e-01 7.578033487097471932e-01 7.532694175696660333e-01 7.660399281952844364e-01 7.791021685518726425e-01 7.735395014620930487e-01 7.845217290091314188e-01 7.706307501299156648e-01 7.788265089154298160e-01 7.669364998072945028e-01 7.753997139221693313e-01 7.772787481022536138e-01 7.820155152565020362e-01 7.367674232225019937e-01 7.469490354740759841e-01 7.682533875482694397e-01 7.635707281821951797e-01 7.666863381440834901e-01 7.706812130426439200e-01 7.618122208584221511e-01 7.679703635047229193e-01 7.599711270474380775e-01 7.639824590523468517e-01 7.674765647166409410e-01 7.857969229248812360e-01 7.864787630811340691e-01 7.789586782706101609e-01 7.815911340556020992e-01 7.777913817321631118e-01 7.789973307226858434e-01 7.726054085286206963e-01 7.685101008940513623e-01 7.712669064234410898e-01
1.604516944262262268e-01 1.632252973058573309e-01 4.160155456268161966e-01 5.535048231415886644e-01 4.147341534249027184e-01 5.405830275607858004e-01 7.070775088080596404e-01 6.489234286269971452e-01 7.786133942647063266e-01 6.895107196405168004e-01 1.000000000000000000e+00 8.428093239804831383e-01 7.109625253606240980e-01 7.787231056777077498e-01 8.366740532626582016e-01 8.006374729777472332e-01 7.367231056301544179e-01 6.144359690273398789e-01 7.138306587859811758e-01 5.557581865676413102e-01 6.357159698819759841e-01 7.685997327347899866e-01 7.339260690477069637e-01 6.973674759391252920e-01 7.337953421881893146e-01 8.551955442085324988e-01 8.489202568215762357e-01 8.441880201230710368e-01 8.028912967429492342e-01 8.266969159563650749e-01 8.639213428085295021e-01 8.258076165773148292e-01 7.709954657787155829e-01 8.003347391605623029e-01 7.876523801153664239e-01 8.296958839779041694e-01 8.424691937304018552e-01 8.416469461408015995e-01 8.564891754563142001e-01 8.291101450294924291e-01 8.595965214605920668e-01 8.530776559467024844e-01 8.547665957165088146e-01 8.674210420667166632e-01 8.634813463146994161e-01 8.682759940870409254e-01 8.414298461753128011e-01 8.561652978377969347e-01 8.219298847024447685e-01 8.059767100776817905e-01 8.259071177451220436e-01 8.022607410468632905e-01 8.320885457618404368e-01 8.522040366892938978e-01 8.421741962715731944e-01 8.486786227501834645e-01 8.199746880569290797e-01 8.519049432685753542e-01 8.381964612894136080e-01 8.549807571947469764e-01 8.437731936991529347e-01 8.488358428297853031e-01 8.382902011277197918e-01 8.242096177478880348e-01 8.570400311231294310e-01 8.499074868897648072e-01 8.584782322906963081e-01 8.490088383456234622e-01 8.576634182921659688e-01 8.256344546125906625e-01 8.523593335299972651e-01 8.739886158183547415e-01 8.377832997974641316e-01 8.535566194694536035e-01 8.799896054959346348e-01 8.793782700650127904e-01 8.768216434111637536e-01 8.713996470371586645e-01 8.783957454711679436e-01 8.693778810513437261e-01 8.673170414281575757e-01 8.786619662688678334e-01 8.638845286037643012e-01 8.544216912667798036e-01 8.384504123219096439e-01 8.472038935694476969e-01 8.668726852098397329e-01 8.539919185302592419e-01 8.643186327932862456e-01 8.600639513477791320e-01 8.651034058800313176e-01 8.579762577107296062e-01 8.673062244054410286e-01 8.672335687157315398e-01 8.464183245047289805e-01 8.523393384343608270e-01 8.255481953329958378e-01 8.231976626903497740e-01 8.425161601574328030e-01 8.435746157102912424e-01 8.578188586305638408e-01 8.516070665718897814e-01 8.431839701729866299e-01 8.534121507068233026e-01 8.542290871781380579e-01 8.475458757587259750e-01 8.358265591936457906e-01 8.587212639077143050e-01 8.627350793452595035e-01 8.501802361337007508e-01 8.538464813771580175e-01 8.564902818267638995e-01 8.523930642679187208e-01 8.488401965351126677e-01 8.596576172031350493e-01 8.542295001860383818e-01
1.150317477734683347e-01 1.506560348665749172e-01 4.118488802174415930e-01 6.601016997968296440e-01 4.706495939536263773e-01 5.891237239996227615e-01 7.913347631584471964e-01 7.504684440516669053e-01 7.802237089952405169e-01 6.924318036621356365e-01 8.428093239804831383e-01 1.000000000000000000e+00 7.833704393826210755e-01 8.356808966437777597e-01 9.070875896106664893e-01 8.874467166987315414e-01 7.491553108853500342e-01 5.786569868003393902e-01 6.780495204066456782e-01 6.050547262477156130e-01 6.785220675692733572e-01 7.391073134906674946e-01 6.999977147476457162e-01 7.089843424603919919e-01 6.903427644444194433e-01 8.430202920764523489e-01 8.515813395412789033e-01 8.382229814005969226e-01 7.667189003859612439e-01 7.971567188122465897e-01 8.688597388268135546e-01 8.391278768224691431e-01 7.554494385129422174e-01 8.354053625331625543e-01 7.918948897208389903e-01 8.477137111388721724e-01 8.577505727705203586e-01 8.989149354171793727e-01 9.048978192879634230e-01 8.663181767668776123e-01 9.049680515210725140e-01 8.915491963395546504e-01 9.033617036415378942e-01 9.230986350584905464e-01 9.054629809217472625e-01 9.156653519217422543e-01 9.047399124996285957e-01 9.016422180822585286e-01 8.966823036063328312e-01 8.719899454629891355e-01 8.985197535331750363e-01 8.790386675656773896e-01 9.066772657248972633e-01 8.861448437889005714e-01 8.726712221345970244e-01 8.705206554657137774e-01 8.864054866589196058e-01 9.023047628137649268e-01 8.974338296319129826e-01 9.147958691915210050e-01 9.076401060232007767e-01 9.101608672975741721e-01 9.002215573651938252e-01 9.006302385964946033e-01 8.996550592498115950e-01 9.046017068373353176e-01 9.029491262079987202e-01 8.767286658052668713e-01 8.866905833996516773e-01 8.865132531485996337e-01 8.982271314128179585e-01 8.966282663862128466e-01 8.794888203029411766e-01 8.826063148996035057e-01 9.081996438136187288e-01 9.085062003084594107e-01 9.085279992619440526e-01 8.871984210181038666e-01 9.024264693815775562e-01 8.878605527820768728e-01 8.958944945010381966e-01 9.091966979947242455e-01 9.027371449913306201e-01 8.784396306990789327e-01 8.833037344509266919e-01 8.958122663892670312e-01 9.027910981673964441e-01 9.056305007168179433e-01 9.065889632903787465e-01 8.887077083125186627e-01 8.966138415723287070e-01 9.081419807811567102e-01 9.133472783996456901e-01 9.146443249078212157e-01 9.056478227020817728e-01 9.037203078430509073e-01 8.954939746448845606e-01 8.943985913422691780e-01 9.037045692155810661e-01 9.041131878630271901e-01 9.132334970268080054e-01 9.103665569040602090e-01 9.104413302772405014e-01 9.156535126383551493e-01 9.144341096941707159e-01 9.004953193950268053e-01 8.997872086180722651e-01 9.019523868857467486e-01 8.962436369234246802e-01 9.076041447048800448e-01 9.049114020034223493e-01 9.135452886509177750e-01 9.084637613716627369e-01 9.102026966932723617e-01 9.067092570524087902e-01 9.122424560566133600e-01
2.992587722376058648e-02 1.415318669244312322e-01 3.008680051867055893e-01 4.942555123079654389e-01 4.644109196477361201e-01 4.993424756471016579e-01 6.845496705714765318e-01 6.860547094795379497e-01 6.751733936054037377e-01 6.433790455935158858e-01 7.109625253606240980e-01 7.833704393826210755e-01 1.000000000000000000e+00 7.442295253702907454e-01 8.212935462757587901e-01 8.062470835339472508e-01 6.523421258171371306e-01 5.597560605602235340e-01 6.105307056125925946e-01 5.460705096378193346e-01 5.872646027507286703e-01 6.328804225416572171e-01 6.133059090644444877e-01 6.426067862590578716e-01 6.021047086394867298e-01 7.085472061993877135e-01 7.152328483004676274e-01 7.213194901799581116e-01 6.419638755833239063e-01 6.928035492651229976e-01 7.409954134847516194e-01 7.542836876748010289e-01 6.965464382310559976e-01 7.460488524688752010e-01 7.229628267352159465e-01 7.362119991078316383e-01 7.632783443865857054e-01 8.034875562722160192e-01 8.014825492187215294e-01 7.702380371339692111e-01 8.051563586382802784e-01 8.034387167090321080e-01 8.016385901410134629e-01 8.179302975747413385e-01 7.986925862830080991e-01 8.100414914185505300e-01 8.227570394695999934e-01 8.164662833769583683e-01 8.080315622365803474e-01 7.858592825845961416e-01 8.101866697694656283e-01 7.842828024021668565e-01 8.178264323478579012e-01 7.993213669158601986e-01 7.837598031850302460e-01 7.807426368506038550e-01 7.945010940813965750e-01 8.153068615648242368e-01 8.054927262168795066e-01 8.226888934764383654e-01 8.196530235946167808e-01 8.158966371314506638e-01 8.111832236379463712e-01 8.169732048844596806e-01 8.069555879071746984e-01 8.097041025241761281e-01 8.184982211690570164e-01 8.044749737616458951e-01 8.045827794641250419e-01 8.042572108677815690e-01 8.086487874513175189e-01 8.049125715856638719e-01 8.025726076308765666e-01 8.003178544077373946e-01 8.067800810021096281e-01 8.111091710270625921e-01 8.066195340355253318e-01 7.780799167415831663e-01 8.017388844225463718e-01 7.980006258986978018e-01 8.057218794314089383e-01 8.103028569737249498e-01 8.106411602762115809e-01 7.994710192548966088e-01 8.038070643254235925e-01 8.128160148835236187e-01 8.158653294259726740e-01 8.207919582594712660e-01 8.189528628425384316e-01 7.999382241464380039e-01 8.097400400349988869e-01 8.230443053887636085e-01 8.212739562529451920e-01 8.242715822247459467e-01 8.257522772224088481e-01 8.227046056109076355e-01 8.167618612881645257e-01 8.117974903923492747e-01 8.246631293964353793e-01 8.241178443239062235e-01 8.263092211335411053e-01 8.248439800732439986e-01 8.265024217845290400e-01 8.279135804561523759e-01 8.256459404583270656e-01 8.173658257505624913e-01 8.217849745097529635e-01 8.183341652333088190e-01 8.119704221941906885e-01 8.250157635165010772e-01 8.205915716770472157e-01 8.276406436862430160e-01 8.241111089070661810e-01 8.260670659897733081e-01 8.212710298846257473e-01 8.274290451093125887e-01
