1.000000000000000000e+00 1.867753046423843710e-01 2.047501450004363677e-01 2.977609576982573336e-02 9.729116485344312809e-03 4.030199119961963561e-02 5.782485810617476324e-02 1.789993461002321526e-02 2.235294300582965354e-01 1.250579580675902081e-01 8.643331879571762577e-02 -2.066661609966986141e-02 -1.505384685490574912e-04 3.288494109776144564e-02 5.073647547639835095e-03 1.828504091791146105e-02 8.598307796542203896e-02 2.714547479448897738e-01 1.930016238783216487e-01 1.658691224106524642e-01 2.395709050536725671e-01 1.857464356655182391e-01 2.546882392329400391e-01 1.858851037045873289e-01 1.903873985674422176e-01 2.442763996859809994e-01 2.034744783471450769e-01 2.050285638682350364e-01 2.626650500728884841e-01 2.960433548319460484e-01 2.013666251294568554e-01 1.215999672918301605e-01 2.005050035959128341e-01 1.373406983129596692e-01 2.373404612994331753e-01 1.019078745860789725e-01 1.669705129725299053e-01 8.702089953838844372e-02 1.120376905427629410e-01 3.849746414011429724e-02 4.294576729738044940e-02 3.577416909754257968e-02 1.928164846877467682e-03 1.951134960606286384e-02 7.244558344304900810e-02 7.607096585497492847e-02 1.480963983854615210e-02 3.571668901420832487e-02 2.991123484880698485e-02 4.405042306553116904e-02 2.279193385789388474e-02 -5.917778693824111980e-02 -1.497013305726008691e-03 7.162104202327844449e-02 8.083563770921328717e-02 1.272725468578953523e-01 4.533697039631042619e-02 2.051580396818980523e-02 3.570105063172360899e-02 9.685244654595869668e-03 8.133352404854117404e-04 3.426011169441905979e-02 2.673077226957305472e-02 5.028857234852247143e-02 5.190650674094709344e-02 4.648224771512064757e-02 3.817976981702003725e-02 9.855252369316677696e-02 1.123802817747653338e-01 9.031129078166845459e-02 9.286066573197393481e-02 8.498589115490043366e-02 7.793256448678535786e-02 9.250262272372584971e-02 8.166730869137722726e-02 6.885186350546895762e-02 7.086877786207740337e-02 1.053251524659477023e-01 1.003523117554388916e-01 1.315344546834186779e-01 1.112062049698318289e-01 8.253819673963207204e-02 6.992584355304483357e-02 1.232284607503602303e-01 5.427597553640887279e-02 5.623211357655938381e-02 5.973068050939993323e-02 2.787077142419279452e-02 5.135695141391637825e-02 6.572473424170308109e-02 4.250855556304187349e-02 1.320174414424618754e-02 1.645744494727608559e-02 2.765709139975660105e-02 1.032377247097689479e-02 2.020625182252339114e-02 -2.187091877821996030e-02 1.654231753763521495e-02 -6.838012878119061923e-03 6.732457479681356119e-03 -4.641076150234926985e-03 4.351701401390105535e-03 1.384847612534433363e-03 -1.701784389927974480e-03 7.456614533884757014e-03 2.072569264595318372e-02 2.917335045960404993e-02 4.161552068254913833e-02 4.251519263331408893e-02 8.020215728268097546e-03 -6.643957614013612338e-03 8.877504182850494766e-03 3.834904051960348441e-03 1.816851830608253934e-02 3.528133399916180690e-02 2.202665348123784839e-02
1.867753046423843710e-01 1.000000000000000000e+00 4.975688114034423903e-02 3.934009401499243691e-02 5.928763438567474786e-02 9.056717317981703708e-02 1.385191732665834452e-01 1.223035073332134071e-01 2.289858683612676638e-01 2.387416640047795302e-01 1.332397277930930657e-01 1.066980874961087622e-01 1.425907920260253703e-01 1.245586766512125215e-01 1.492879356176666228e-01 1.573254381732635543e-01 1.641085125415667478e-01 9.431601207100337447e-02 1.043181060354892442e-01 3.711022566493767105e-02 3.721337507938756589e-02 6.675279057219460355e-02 1.510412039342270418e-01 6.911922838855594220e-02 7.706656405251138819e-02 1.653239185796042954e-01 1.568357664101680538e-01 1.592147917315271388e-01 1.559752217373281125e-01 2.078958938520002464e-01 2.058392804432387091e-01 1.736327134542397788e-01 1.664995994127486112e-01 1.257494500129840154e-01 1.962403992764718275e-01 1.332384303753699484e-01 1.803043774479327621e-01 1.702923736874286109e-01 1.749897074066040226e-01 1.252859371637922992e-01 1.535841265427044244e-01 1.462798895150843603e-01 1.256177419250505412e-01 1.455571416826365594e-01 1.448910281649455900e-01 1.591095721803356955e-01 1.576237322261673790e-01 1.717025168499958787e-01 1.530140610553940850e-01 1.214828733888262818e-01 1.422099018736924514e-01 8.769599080396195401e-02 1.290254234905447439e-01 1.571582094212399805e-01 1.355860777956532093e-01 1.746867639499144753e-01 1.201340119131938111e-01 1.514425934566787924e-01 1.475265401340400129e-01 1.496815836529756527e-01 1.370300527222235443e-01 1.516070846265215877e-01 1.296401085534640840e-01 1.577118327059193748e-01 1.558238399933893903e-01 1.488571170091858020e-01 1.651579696590807778e-01 1.478403900256544667e-01 1.766129009941279082e-01 1.281015369113271130e-01 1.160023156047425980e-01 1.408894454182167411e-01 1.389179558201986131e-01 1.340227389336516028e-01 1.608041794094100529e-01 1.583817402455099943e-01 1.637933813545260353e-01 1.706665243662523201e-01 1.594292617692036340e-01 1.842609913132975119e-01 1.764605234051992710e-01 1.806486438300191066e-01 1.697510971507578681e-01 1.793061337075204376e-01 1.592021444730304380e-01 1.530011458481945197e-01 1.625073856356339663e-01 1.596362071028736007e-01 1.632596654305392136e-01 1.599850861131027202e-01 1.542970486713029776e-01 1.507288035341947940e-01 1.462793394443452910e-01 1.532206021893360304e-01 1.567982783895746079e-01 1.607841816551920100e-01 1.076396195095478958e-01 1.205841488407490975e-01 1.373006927736147020e-01 1.448590571222878320e-01 1.340707352380158535e-01 1.357085863287436356e-01 1.398762424840945540e-01 1.431435890794850174e-01 1.321944642037523043e-01 1.322695634516016516e-01 1.525743883811248036e-01 1.634693468473180922e-01 1.528623343358260778e-01 1.533492263825373958e-01 1.425636812101872541e-01 1.530743197973271907e-01 1.469712714338151094e-01 1.490593584645585890e-01 1.537901926262437990e-01 1.465828857580334932e-01
2.047501450004363677e-01 4.975688114034423903e-02 1.000000000000000000e+00 4.055711437111587658e-01 1.878205864797419244e-01 2.584182208586212059e-01 3.321996881914207056e-01 3.344300808155073468e-01 4.015513277522541058e-01 2.969173710593138171e-01 4.183638964643913716e-01 3.618499838387740919e-01 2.889314948470405597e-01 3.238377807621544147e-01 3.435986408409236748e-01 3.462090730725100318e-01 3.906011704143443897e-01 5.115197553461439117e-01 5.044582115601647931e-01 3.857456485206815500e-01 5.009136169811203576e-01 5.128732912325170146e-01 4.886505890482481518e-01 5.100265994797060776e-01 5.050049397209492863e-01 5.011673219965432358e-01 4.824001645237353531e-01 4.883675119854312685e-01 4.647417892795640548e-01 4.798802887534974193e-01 4.512853287384412937e-01 4.321986912586654461e-01 4.542955334886418783e-01 4.626190618014990874e-01 4.545555355454612423e-01 4.401078544228151368e-01 4.502101767615515615e-01 3.982208244717811430e-01 4.235240671007753921e-01 4.115046086258017932e-01 3.849945499245004399e-01 3.861944711555264642e-01 3.812209910092824172e-01 3.770731403260715320e-01 4.199709113142970907e-01 3.979644684907872598e-01 3.579932358116899027e-01 3.576035064540577513e-01 3.657371844599285882e-01 4.142886741882583213e-01 3.853885250341452795e-01 3.487317529999648391e-01 3.522689250251679893e-01 3.839804705101828586e-01 4.042741838279989008e-01 4.232240419131233500e-01 3.937837377733741095e-01 3.647440699797078190e-01 3.749392832890902083e-01 3.542743079611722079e-01 3.631075322570526120e-01 3.646481601588338894e-01 3.741622419821046819e-01 3.757770407345263353e-01 3.781169064641519695e-01 3.859174663285262485e-01 3.655728434359506451e-01 4.419982798230080445e-01 4.251922087820734775e-01 4.247592926959447013e-01 4.542604858909790599e-01 4.302904770455948658e-01 4.377630865263436033e-01 4.503330282323937950e-01 4.143385840077883353e-01 4.026076333636719462e-01 3.950079419442993900e-01 4.078758634107691461e-01 4.136675644971637422e-01 4.143381648197311806e-01 4.076870592432351725e-01 3.891914495043990452e-01 4.010996638122670821e-01 4.067209110063783606e-01 3.883348098856920227e-01 4.026264404570398803e-01 3.944823491480661248e-01 3.660008575335179093e-01 3.817161153360856263e-01 3.965927298716324101e-01 3.924700501116370477e-01 3.663886412386945235e-01 3.725797677802107355e-01 3.748977350732202729e-01 3.485748612023092385e-01 3.499063907661862927e-01 3.689155756126756835e-01 3.786162236677900195e-01 3.537061165653180850e-01 3.648577192992752960e-01 3.597356665497736250e-01 3.625137335372613512e-01 3.574799564928459739e-01 3.574463008452923862e-01 3.778921167749432763e-01 3.754933976250963146e-01 3.681949099805255088e-01 3.633829329207355352e-01 3.760302834750633427e-01 3.505852805673004835e-01 3.527976887267802453e-01 3.524927364713155153e-01 3.483691156406707456e-01 3.637502579192914975e-01 3.718492821523826097e-01 3.651142303755207097e-01
2.977609576982573336e-02 3.934009401499243691e-02 4.055711437111587658e-01 1.000000000000000000e+00 3.603503841446529798e-01 3.921729802354709249e-01 5.591374704254951089e-01 5.575904015730307473e-01 5.143359664765337902e-01 4.487366508521000719e-01 5.973294544707542508e-01 6.194084934781601826e-01 5.063477307729548071e-01 5.251983783769436087e-01 5.906395560968557001e-01 5.802509727315147137e-01 5.614058828081562869e-01 5.103290034900631600e-01 5.678946272927782868e-01 5.194319376754228390e-01 5.488740816124930699e-01 6.068561147132793820e-01 5.157591674844181906e-01 5.889791175257418354e-01 5.918097897765085547e-01 6.031241200799669633e-01 6.400820419630645075e-01 6.238847783676645387e-01 5.446744842365169870e-01 5.342673836737725779e-01 5.888676445709862817e-01 5.847812307426701883e-01 5.615095878614073666e-01 6.089331005999557567e-01 5.262020442284480737e-01 6.284262601058601128e-01 6.047417516827072737e-01 5.837906148352424163e-01 6.091690576495254472e-01 6.306187823403242021e-01 6.083157649579397086e-01 6.243152407392528191e-01 6.331048103494272272e-01 6.174726465311433099e-01 6.404454952080314012e-01 6.132657656834415993e-01 5.861322444070630189e-01 5.801350043948582114e-01 5.930345121814303289e-01 6.346391000790806425e-01 6.182669967751269757e-01 6.235978345862775996e-01 6.020527032448783622e-01 5.878264015296642553e-01 5.848965226257478722e-01 5.803522861727828941e-01 6.057418494520393493e-01 5.899191846519910021e-01 5.831791384349066520e-01 5.922908801409849655e-01 6.006580916139793169e-01 5.835909538547866537e-01 5.908689365605287458e-01 5.905037905009743460e-01 5.867983913178206334e-01 6.049081633536611546e-01 5.892534155569834065e-01 6.232906455615824237e-01 5.964016417777705525e-01 6.370446464774569550e-01 6.382587266464048170e-01 6.258836962895831801e-01 6.208990865795833702e-01 6.282621619008875724e-01 6.249218157871195833e-01 6.201441116998279712e-01 6.096506942242692073e-01 5.940098837953631250e-01 6.174705529757812394e-01 5.911645129714045988e-01 6.029673840827695086e-01 5.944086510284521951e-01 6.033342496492551943e-01 5.817308163375931596e-01 6.003024051976283415e-01 6.098329136674980333e-01 6.080988506016656858e-01 5.955527825978269574e-01 5.984888510931317684e-01 6.095093784564298289e-01 6.206753123367423353e-01 6.072007387474454010e-01 6.134380007624951059e-01 6.093024831720842416e-01 5.824418232348734792e-01 5.825995889475815703e-01 6.320212263015442256e-01 6.253734413610968490e-01 5.992560691345174551e-01 6.039465431047551514e-01 6.094261748997764627e-01 6.064199450658350754e-01 6.068147163903852004e-01 6.042231735864856956e-01 6.219288400783123949e-01 6.087561876334802724e-01 6.003403231317897548e-01 5.882011727570755077e-01 6.004911178214695777e-01 5.890589966874302252e-01 5.956856380185355793e-01 5.894950948366987076e-01 5.900058196711589487e-01 5.984039021794312907e-01 5.933925127519413811e-01 5.979109317830010317e-01
9.729116485344312809e-03 5.928763438567474786e-02 1.878205864797419244e-01 3.603503841446529798e-01 1.000000000000000000e+00 3.051599710981247049e-01 4.566911507217384369e-01 4.555366019245370990e-01 4.125571124540347023e-01 3.730424099410777905e-01 4.466037902587100539e-01 4.718948686906269119e-01 4.648001132156391324e-01 4.225829021665210572e-01 4.894286548960121164e-01 4.890988812295439248e-01 4.230464455462387696e-01 3.027423695301019180e-01 3.870806540239150606e-01 3.078270631941540936e-01 3.306611781401673777e-01 4.026861262948600029e-01 3.386404472032689128e-01 3.735449224281372493e-01 3.894762150178072146e-01 4.347119439966419807e-01 4.578298627076093363e-01 4.358752661272675688e-01 3.886087933988154886e-01 3.958176514010016134e-01 4.627457472747767420e-01 4.380971963535953417e-01 3.995049534895208643e-01 4.319014743023297798e-01 4.087519577394163606e-01 4.630594066832259825e-01 4.571841672966381331e-01 4.581706392500992098e-01 4.706025257941852113e-01 4.590020265813682943e-01 4.847051291490654390e-01 4.936601619471499003e-01 4.963365004571634320e-01 4.988458821461255188e-01 4.835060866253059197e-01 4.837269283147226373e-01 4.822568724316445010e-01 4.831314038773984465e-01 4.745841422434757817e-01 4.842413271578437928e-01 4.767780964540674349e-01 4.847688492716247799e-01 4.825374845311972138e-01 4.707978212519048355e-01 4.496832218585840035e-01 4.551380617428880115e-01 4.578611139217421133e-01 4.839607275732551450e-01 4.661881674590909186e-01 4.864393283107285582e-01 4.844973036863786109e-01 4.697639446041638744e-01 4.697064672881282599e-01 4.772776362514251081e-01 4.801995020501902411e-01 4.788797560116552776e-01 4.870208292595796795e-01 4.778241363116040308e-01 4.658545546988406838e-01 4.727086743113841916e-01 4.779250459856823063e-01 4.873332245580175304e-01 4.714850051921852248e-01 4.790985304514381315e-01 4.925212600537837160e-01 4.943921012473627141e-01 4.918494001822135142e-01 4.763630665435399369e-01 4.880052126297042547e-01 4.826422074969908271e-01 4.815683952229166120e-01 4.885081576381156698e-01 4.774616073192219368e-01 4.697597238367526296e-01 4.817456591315459336e-01 4.833589592398523371e-01 4.859779929584007729e-01 4.921844345138853272e-01 4.882051902850796377e-01 4.825113511075530548e-01 4.882032013571357409e-01 4.961133572100198674e-01 4.966657484139590517e-01 4.925679845046601613e-01 4.846829222907535484e-01 4.864808896426631168e-01 5.032175126456343017e-01 4.953649107446612132e-01 4.929347867845813580e-01 4.946540688988467771e-01 4.942049379996847902e-01 4.924082141258540601e-01 4.930733619857858852e-01 4.975556580843384369e-01 4.968144352895469407e-01 4.826200325465840324e-01 4.892403131708574215e-01 4.880502762105821124e-01 4.886062354695761001e-01 4.883250652364766187e-01 4.877880399028590164e-01 4.903462583624950133e-01 4.881629251233839950e-01 4.922355251759958361e-01 4.889228068698151519e-01 4.842492891237326069e-01
4.030199119961963561e-02 9.056717317981703708e-02 2.584182208586212059e-01 3.921729802354709249e-01 3.051599710981247049e-01 1.000000000000000000e+00 5.393877990108831844e-01 5.124227433151883337e-01 5.130952526155941884e-01 4.893857656467865413e-01 5.536434615995696751e-01 6.014751254046978302e-01 5.510424479765867467e-01 5.352202661188888433e-01 6.033689859466828675e-01 6.210437469441458802e-01 5.543122677163089262e-01 3.787869309170712739e-01 4.765136597149314812e-01 3.457118864857137708e-01 3.838683797073791371e-01 4.878144680952028467e-01 4.164009868707007067e-01 4.527673275756642357e-01 4.731125616412434898e-01 5.238771632809378076e-01 5.589588961297838887e-01 5.404366687131350044e-01 4.866834576927749900e-01 5.125003623894565097e-01 5.767544158660548037e-01 5.539508849895529163e-01 5.070924706142058147e-01 5.552268979593415477e-01 5.222353806077635330e-01 5.852558675004008171e-01 5.812002814208854229e-01 5.931247796847994858e-01 6.158556370108090317e-01 5.856767475227087072e-01 6.196000217162410673e-01 6.199216606457491618e-01 6.221621053042136751e-01 6.289027004337451876e-01 6.179634529014317312e-01 6.216124564273215469e-01 6.291798044676645274e-01 6.291462408227281866e-01 6.177336388765792830e-01 6.049583116650275594e-01 6.198492140917299942e-01 6.087010788778582926e-01 6.243037614306852223e-01 6.160948561487071817e-01 5.925719337035304513e-01 5.944968021032760452e-01 6.010644710262399437e-01 6.224455905512304987e-01 6.152643144432256017e-01 6.265949500671376127e-01 6.270201976516894815e-01 6.239085175736982514e-01 6.135667476158050970e-01 6.251042647283991949e-01 6.163175057866702167e-01 6.197983265468164360e-01 6.326705184893769429e-01 6.137567432786954491e-01 5.990967113434650937e-01 5.946684517869577080e-01 6.050860693878418184e-01 6.224909153949129692e-01 6.045043841286473763e-01 6.107486351039023154e-01 6.284250597795071336e-01 6.319991608353148216e-01 6.300212320475814254e-01 6.114410816361925960e-01 6.276384532301633179e-01 6.220877074697819253e-01 6.247961179818639632e-01 6.276096293172134244e-01 6.240401532867864143e-01 6.141647772641521952e-01 6.225371500968617244e-01 6.228147336505248655e-01 6.298598287412497942e-01 6.318900765201754810e-01 6.314069111753888297e-01 6.266965258191908861e-01 6.327445832201622489e-01 6.362581026438498544e-01 6.352590018999502153e-01 6.360653108327753991e-01 6.340362377649211290e-01 6.335272822838180495e-01 6.302523671609716605e-01 6.234931880055143427e-01 6.322739547944589145e-01 6.323967282125123601e-01 6.366657624528100357e-01 6.317074580744810319e-01 6.330922947547802382e-01 6.358595764515602156e-01 6.323979381534946542e-01 6.248499454975882106e-01 6.328257309570999301e-01 6.343715939824519090e-01 6.319429635970670311e-01 6.329127508336994667e-01 6.335574297742975203e-01 6.344512440749852100e-01 6.326731236078604326e-01 6.328400056305214516e-01 6.290458671140621849e-01 6.314389015869894539e-01
5.782485810617476324e-02 1.385191732665834452e-01 3.321996881914207056e-01 5.591374704254951089e-01 4.566911507217384369e-01 5.393877990108831844e-01 1.000000000000000000e+00 7.300237600273494776e-01 6.935405525335955890e-01 6.835612953080707488e-01 7.492075082611719949e-01 7.975775062187052677e-01 7.276846023165547406e-01 6.971261369010418596e-01 8.384857478515836959e-01 8.098276635792681644e-01 7.407884381817027020e-01 5.494832001626747120e-01 6.493512517807198403e-01 5.254412508913938185e-01 5.460622021536830628e-01 6.541813375709099043e-01 6.184374865339029581e-01 6.247845159975551343e-01 6.414409053114462633e-01 7.396589028107389829e-01 7.565519689608212195e-01 7.735512527740490141e-01 6.806838416096345767e-01 6.887701529070273665e-01 7.681840231510793648e-01 7.654434275584311997e-01 7.313402596124900512e-01 7.538614453092269407e-01 7.095001038487287470e-01 7.839645184404286926e-01 7.799572961683309824e-01 8.079552692665612490e-01 8.204932625205836327e-01 8.122101503116279098e-01 8.265734422124222380e-01 8.306712543955707684e-01 8.328778153317223376e-01 8.262837905485641565e-01 8.204093605210240892e-01 8.260979964330427139e-01 8.179942788995622216e-01 8.157238940948028372e-01 8.170038943308050028e-01 8.117189748719240150e-01 8.219526377990206134e-01 7.973104811545720372e-01 8.118422728587110226e-01 8.111519831561392335e-01 7.851497777979534742e-01 7.974967902857511559e-01 8.067688009143865191e-01 8.126707850249270670e-01 8.105034231034815573e-01 8.205036122929049158e-01 8.241184439662522232e-01 8.177158823285600731e-01 8.083770578902168547e-01 8.198515838482328677e-01 8.105706379015003016e-01 8.215494494612599619e-01 8.204328940852201324e-01 8.088228486186351818e-01 8.040251480125241157e-01 7.976928062834062194e-01 7.964980997133144225e-01 8.153973466022459426e-01 7.974927871552466296e-01 8.030929882331335756e-01 8.281683032952827928e-01 8.267148150966547870e-01 8.302477215129091537e-01 8.110658164200518216e-01 8.266228160335780117e-01 8.083965947995231938e-01 8.152860406728842380e-01 8.173308010538038459e-01 8.291345686938821347e-01 8.086266752790721712e-01 8.189198467498367551e-01 8.164902921665972979e-01 8.261551968324837292e-01 8.277921055027910313e-01 8.252895830765994978e-01 8.276946212476361531e-01 8.370441042588178115e-01 8.291567389230815044e-01 8.286413734220076099e-01 8.292423944436821959e-01 8.183860643143062719e-01 8.201688635604229560e-01 8.281835413202117691e-01 8.231158851978926938e-01 8.221714417592810298e-01 8.229699897218394344e-01 8.294153215014479219e-01 8.234409214724435211e-01 8.224986245575344190e-01 8.250938256092573697e-01 8.297850012325572733e-01 8.224763726926000995e-01 8.241704580498021571e-01 8.226450958454745166e-01 8.233362336446294893e-01 8.210533292643613645e-01 8.169576801313841452e-01 8.211069058264729437e-01 8.213489818381437546e-01 8.261532262581279262e-01 8.227061702136444499e-01 8.236732148778789231e-01
1.789993461002321526e-02 1.223035073332134071e-01 3.344300808155073468e-01 5.575904015730307473e-01 4.555366019245370990e-01 5.124227433151883337e-01 7.300237600273494776e-01 1.000000000000000000e+00 6.646790882550860369e-01 6.341516923833633301e-01 7.238139855010624624e-01 7.804133619069284489e-01 7.075054885689548989e-01 6.723710406602633194e-01 7.994606323309257911e-01 7.947511442261537828e-01 7.151366178783545857e-01 5.212973529619049362e-01 6.183666555124589514e-01 5.092989220761345859e-01 5.203705458611787016e-01 6.309056355390135762e-01 5.851381081491264791e-01 6.056709282114899340e-01 6.185028674664099224e-01 7.089835303949371115e-01 7.232113495817014126e-01 7.280492449434257107e-01 6.432288992759471746e-01 6.541271369925822921e-01 7.369757682816273636e-01 7.358075322238452065e-01 6.835829335774703530e-01 7.260058007224168275e-01 6.775245291283683580e-01 7.456338271636426818e-01 7.454711991423411677e-01 7.734918872279290536e-01 7.844589272267983304e-01 7.806571623986742203e-01 7.936924964555980289e-01 8.037041770596067281e-01 8.104755629640825187e-01 8.027335307488375760e-01 7.857114322513254479e-01 7.964325329072114990e-01 7.920191127773130724e-01 7.910459917432355326e-01 7.937691067634248254e-01 7.929404066481039459e-01 8.007428621354032439e-01 7.806421508667461540e-01 7.929814924406319854e-01 7.856418910925400123e-01 7.736904169819758259e-01 7.667946985229016077e-01 7.860634620240986026e-01 7.980910171748001325e-01 7.923112793194149184e-01 7.961269888236176540e-01 8.028127230536998837e-01 7.930886610058737185e-01 7.939275747713328002e-01 7.935750100179024269e-01 7.789026934333276309e-01 7.960768693981721267e-01 7.912276156055683130e-01 7.810971114391617176e-01 7.750692150920264201e-01 7.732012886125083639e-01 7.684864019394216372e-01 7.859985792356025680e-01 7.770343523674616559e-01 7.762492683812253214e-01 8.009981446692776563e-01 7.970443947667518181e-01 7.985010647981484189e-01 7.753590264208090055e-01 7.945058879974282728e-01 7.769900718329677547e-01 7.846451102113202181e-01 7.895892526831601588e-01 7.944223119318274406e-01 7.720548720961630806e-01 7.922687475042573535e-01 7.918626380908090345e-01 7.928245692251438825e-01 8.003216106678943120e-01 7.970114232749940797e-01 7.983672996329148619e-01 8.043432416938897100e-01 8.043472352344968046e-01 8.039748570893348045e-01 8.040610996243869879e-01 7.931780223368235516e-01 7.941957712668598068e-01 8.128138712730215154e-01 8.065704740838536280e-01 8.036038544527019933e-01 8.034119446679751642e-01 8.066863890109444712e-01 8.051264949754708411e-01 8.012316229966612857e-01 8.053631148076161317e-01 8.057245749051320516e-01 8.025631740113222667e-01 8.015237220840811805e-01 7.945042184885859893e-01 8.013745721603564576e-01 7.958167764131530708e-01 8.008213522543679019e-01 7.972827061877122423e-01 7.999124647937375654e-01 8.029743960486570575e-01 7.924517810595440581e-01 7.976228995665841648e-01
2.235294300582965354e-01 2.289858683612676638e-01 4.015513277522541058e-01 5.143359664765337902e-01 4.125571124540347023e-01 5.130952526155941884e-01 6.935405525335955890e-01 6.646790882550860369e-01 1.000000000000000000e+00 7.655645459990827462e-01 7.931153695324282271e-01 7.760282569103559291e-01 6.989714351114693081e-01 6.955331580733279395e-01 8.103226000426942965e-01 7.875104895825765228e-01 7.978477969144426307e-01 6.593611906679721635e-01 7.397885114637643422e-01 5.446815394874384708e-01 6.090795097717455198e-01 7.150411524890742943e-01 7.263894822092178405e-01 7.092784573859612918e-01 7.165903849078315568e-01 8.443517002928280224e-01 8.274987089458869516e-01 8.367462661544523561e-01 7.764550897439478350e-01 8.360680079102905671e-01 8.740323484357988004e-01 8.490852314208938711e-01 8.199159659718653348e-01 8.221675509451251695e-01 8.482829421193414099e-01 7.993038184131258106e-01 8.545017392216891494e-01 8.492858872650662638e-01 8.586044276940195674e-01 7.946712488275318176e-01 8.421387969774520865e-01 8.389099159031905284e-01 8.087189215289585231e-01 8.341042854531977024e-01 8.400814841478324579e-01 8.415152686997005027e-01 8.295177353834654044e-01 8.443122711017027049e-01 8.361702695565533805e-01 8.131149592346439414e-01 8.345699032753604030e-01 7.383875151995054065e-01 8.001972268643728903e-01 8.457274690224927394e-01 8.247950179011124261e-01 8.483797393613188298e-01 8.144812237916166930e-01 8.278016402257023509e-01 8.335628601869724541e-01 8.296163719201241626e-01 8.202163384199459006e-01 8.320886475841510199e-01 8.189296100830375513e-01 8.376105089690583094e-01 8.444608338902224176e-01 8.353614459700529071e-01 8.384893058641482710e-01 8.490893713728686620e-01 8.648736163313872627e-01 8.178602804046852803e-01 8.224634332226664624e-01 8.453228809286181811e-01 8.406760239096318088e-01 8.441539991625787165e-01 8.568451447263710774e-01 8.533055951867598576e-01 8.485158748303673892e-01 8.461342319164869563e-01 8.526957012735294494e-01 8.667412608127520457e-01 8.629589580972504281e-01 8.609511862968820539e-01 8.457435314596051246e-01 8.654537933745310996e-01 8.437808531923208788e-01 8.478285931443908519e-01 8.476129492038789737e-01 8.332661075136531537e-01 8.450020153609886231e-01 8.346826309143511313e-01 8.366643536512852197e-01 8.285235381870377225e-01 8.296309520134312887e-01 8.378673072934205157e-01 8.276545193990129112e-01 8.317634848469837028e-01 7.890784228793241706e-01 8.024611304732300887e-01 8.124513716782252315e-01 8.259915029433164690e-01 8.130735595828353368e-01 8.163931595749741588e-01 8.127475551021909883e-01 8.207153182165053407e-01 8.165951260426839164e-01 8.164762629411089767e-01 8.286878436799476333e-01 8.365161267230806219e-01 8.320698289290788807e-01 8.238113391701644694e-01 8.186635722652955138e-01 8.271205540611912266e-01 8.208859551869689408e-01 8.257443353223842264e-01 8.377299819232191247e-01 8.251376714111485766e-01
1.250579580675902081e-01 2.387416640047795302e-01 2.969173710593138171e-01 4.487366508521000719e-01 3.730424099410777905e-01 4.893857656467865413e-01 6.835612953080707488e-01 6.341516923833633301e-01 7.655645459990827462e-01 1.000000000000000000e+00 7.313555181982090980e-01 7.406635937072343356e-01 6.784723059426142067e-01 6.647571656663681106e-01 7.798549410498505363e-01 7.581238593436803175e-01 7.308062598057756265e-01 5.409557885818698786e-01 6.333707436148818815e-01 4.498441063308569743e-01 4.875992072331032379e-01 5.985339390432725670e-01 6.205167712649575229e-01 5.988331233439426748e-01 6.034876454060703610e-01 7.442351283737471679e-01 7.413392034582427792e-01 7.526647895629144935e-01 6.922918588644485505e-01 7.332982321609236021e-01 7.959040936413949163e-01 7.857321831017917146e-01 7.469535680620298379e-01 7.494428838330690068e-01 7.623367748475414762e-01 7.398079065464079340e-01 7.801922128284481950e-01 8.096244463386581547e-01 8.109445945477382622e-01 7.552576653523505046e-01 8.037580668620655233e-01 8.008528518821264042e-01 7.744335507463970814e-01 7.936757272092577198e-01 7.850711456325761839e-01 7.964275321673591757e-01 8.041681696924439793e-01 8.163135605831428609e-01 8.035407853853193672e-01 7.659032180174759619e-01 7.970237722598129126e-01 7.161638091856907806e-01 7.735792690682223860e-01 8.009028981182355622e-01 7.758061086759266978e-01 7.931012215920357766e-01 7.702724477013722648e-01 8.008114772921881563e-01 8.013367083969010762e-01 7.995844823102640220e-01 7.915029772265187447e-01 8.018258843047220141e-01 7.843517223415927830e-01 8.018872715599036916e-01 7.978780576340208652e-01 7.982972622426178777e-01 8.065051224912184180e-01 7.927144975815597627e-01 8.105681688888800585e-01 7.568150583528627795e-01 7.554407152294201344e-01 7.892818146819416958e-01 7.842910339292783473e-01 7.775967286952345514e-01 8.082754082086928138e-01 8.098228353454911543e-01 8.118822527293523272e-01 8.015771756368904599e-01 8.043386734907819191e-01 8.145494524446923457e-01 8.140249471619875887e-01 8.193076295386043650e-01 8.066706572238998563e-01 8.174525385121719223e-01 8.100210695811979056e-01 8.064871296002221746e-01 8.083105640384813384e-01 8.074717236551702815e-01 8.135375140618594791e-01 7.968660861356585690e-01 8.050763418693092088e-01 8.013433155605137470e-01 7.992701615378853264e-01 8.061523022374793568e-01 8.030852624771877002e-01 8.065226087784099773e-01 7.638284356882059090e-01 7.687394584641137341e-01 7.888086776620526486e-01 7.996052820477912437e-01 7.909794132327727656e-01 7.883298522421254839e-01 7.855981501861131200e-01 7.950235560047109740e-01 7.862856298027930402e-01 7.812547971577062933e-01 7.992558264657622091e-01 8.069462413028449799e-01 7.994693973468963710e-01 8.012086602980307282e-01 7.932582883091481296e-01 8.004746423196311689e-01 7.958502799853193199e-01 7.981051062660667883e-01 8.040505358593302843e-01 7.960833272733396360e-01
8.643331879571762577e-02 1.332397277930930657e-01 4.183638964643913716e-01 5.973294544707542508e-01 4.466037902587100539e-01 5.536434615995696751e-01 7.492075082611719949e-01 7.238139855010624624e-01 7.931153695324282271e-01 7.313555181982090980e-01 1.000000000000000000e+00 8.519111558134190298e-01 7.512931620671350341e-01 7.335762497424811457e-01 8.544690160198012974e-01 8.387017662974086685e-01 8.105787832916019342e-01 6.831201027838558204e-01 7.714257872539959093e-01 5.888640583932103212e-01 6.674519102209878207e-01 7.689548149347372741e-01 7.182137959714447462e-01 7.499246970267191559e-01 7.558334612033421607e-01 8.379265562167699244e-01 8.482858755996258715e-01 8.374419770218772818e-01 7.581011469086638144e-01 8.053774315970663178e-01 8.638014053432736539e-01 8.561434892269674801e-01 8.012175448286534829e-01 8.491872397258929395e-01 8.195740609929264009e-01 8.552289487974028548e-01 8.671786230097490167e-01 8.672829515443005732e-01 8.869008870578726222e-01 8.540606148406378884e-01 8.808165748849196008e-01 8.779718433554952739e-01 8.720510811354899028e-01 8.815342066168747603e-01 8.888504963493871758e-01 8.766963791141293427e-01 8.758367053625375487e-01 8.768515326891855866e-01 8.791219191055023030e-01 8.706702404491293290e-01 8.816812334765860015e-01 8.319004152645237404e-01 8.668625958383344710e-01 8.844182250208104668e-01 8.709461152212233381e-01 8.727723423726037044e-01 8.806934441008440473e-01 8.759022299052290350e-01 8.823742675913619493e-01 8.804215082658427560e-01 8.812869994863641310e-01 8.810610169477267606e-01 8.791896030283049557e-01 8.820481338511698688e-01 8.804011534448108467e-01 8.863547654312267099e-01 8.793899755872792712e-01 8.967761424549577365e-01 8.871239470473223365e-01 8.728961626657946171e-01 8.852883536549220889e-01 8.939546962432177724e-01 8.864116484160909915e-01 8.911380603549849955e-01 8.966084914819933971e-01 8.939578044728764272e-01 8.869172689263659093e-01 8.708565251622211179e-01 8.867092374109722952e-01 8.852922346057816583e-01 8.911703370618478948e-01 8.877148816224803562e-01 8.883299174995576974e-01 8.816660122745999528e-01 8.808489560328210954e-01 8.892896024959101586e-01 8.895661315756309140e-01 8.767136622472285756e-01 8.854389205560742049e-01 8.836344261440270964e-01 8.874856393251702169e-01 8.812896784186959875e-01 8.859499276418136837e-01 8.858451719863070783e-01 8.745712146262707432e-01 8.755164271849802393e-01 8.691434643601360088e-01 8.739518976527689276e-01 8.738062635048546856e-01 8.784921440245764268e-01 8.759982890080446616e-01 8.776312056419963703e-01 8.726037305037315228e-01 8.771614895157837655e-01 8.823719085405239415e-01 8.806046695012539338e-01 8.802334455084018794e-01 8.799912978361604798e-01 8.844605689443981733e-01 8.747526651473770398e-01 8.737522937550787905e-01 8.770049250808844565e-01 8.752058839539798019e-01 8.801021278945815318e-01 8.821880474029156760e-01 8.807419350928009649e-01
-2.066661609966986141e-02 1.066980874961087622e-01 3.618499838387740919e-01 6.194084934781601826e-01 4.718948686906269119e-01 6.014751254046978302e-01 7.975775062187052677e-01 7.804133619069284489e-01 7.760282569103559291e-01 7.406635937072343356e-01 8.519111558134190298e-01 1.000000000000000000e+00 7.997168463023044405e-01 7.884550806445681514e-01 9.086841833343943797e-01 8.961540121323181562e-01 8.274090171829131535e-01 6.001480785106478866e-01 7.242399056798700663e-01 5.594735362259102285e-01 6.076970486482459188e-01 7.327546538553471045e-01 6.553791597185487650e-01 7.014098795449091872e-01 7.163473545639116313e-01 8.014442413910823904e-01 8.368450122253973111e-01 8.220899459387492891e-01 7.273122266114726564e-01 7.551703244899962142e-01 8.550396845377414845e-01 8.530032716926765346e-01 7.776167997190462922e-01 8.381570786109201476e-01 7.792891632473807340e-01 8.676049735678978969e-01 8.629514063851475569e-01 8.920465797808090347e-01 9.042686682793301678e-01 8.919756010400349266e-01 9.253256717637459161e-01 9.269941916181506647e-01 9.268056025693092170e-01 9.327082346812065605e-01 9.167111288376689204e-01 9.179055375024588459e-01 9.302695467760124792e-01 9.252158752057146884e-01 9.247553913467431164e-01 9.067214753766359436e-01 9.270474771186241192e-01 8.988565032653567100e-01 9.223605435295751942e-01 9.134229540602348818e-01 8.881214338041427681e-01 8.816894335766343183e-01 9.052176627245125395e-01 9.268124530049511867e-01 9.215943093229586047e-01 9.312784775347160426e-01 9.338016803545178268e-01 9.236948767702629626e-01 9.168786297196676038e-01 9.222204769082152920e-01 9.152724771060610776e-01 9.245685996956101160e-01 9.284103578656857092e-01 9.123498706284568494e-01 8.980841377637485134e-01 8.950115037562770270e-01 9.020669131230020232e-01 9.189663801227059281e-01 9.047528246415225128e-01 9.072995128183160007e-01 9.288041213394248041e-01 9.307973209804911718e-01 9.265626042899242076e-01 9.008729693630829205e-01 9.199129321463374032e-01 9.034376388595195539e-01 9.148541906611977748e-01 9.234844601456592139e-01 9.205081960386576334e-01 8.999422382884612048e-01 9.202390223741929720e-01 9.235370826082183182e-01 9.279215832498438621e-01 9.312480060719395825e-01 9.281754980757133122e-01 9.219368611222816812e-01 9.352654736902721311e-01 9.373186746231947364e-01 9.384089018151922090e-01 9.375002021163928445e-01 9.319097099119496574e-01 9.310209201412003033e-01 9.330787882833819769e-01 9.229044630406547656e-01 9.340018752079287667e-01 9.360755899343524700e-01 9.364817457583280991e-01 9.334149621254521634e-01 9.336100607849906474e-01 9.373884479634785327e-01 9.358727684342019737e-01 9.253438005439978964e-01 9.308749615943149314e-01 9.281394950303563096e-01 9.288034894311132383e-01 9.322248401856216837e-01 9.341329468890323673e-01 9.340422413178655070e-01 9.327585411523969805e-01 9.328855548535915920e-01 9.280047110767943863e-01 9.309936014176892760e-01
-1.505384685490574912e-04 1.425907920260253703e-01 2.889314948470405597e-01 5.063477307729548071e-01 4.648001132156391324e-01 5.510424479765867467e-01 7.276846023165547406e-01 7.075054885689548989e-01 6.989714351114693081e-01 6.784723059426142067e-01 7.512931620671350341e-01 7.997168463023044405e-01 1.000000000000000000e+00 7.039915017926260399e-01 8.304929324553094183e-01 8.358196392977199629e-01 7.338830373329268131e-01 4.947433702588612259e-01 6.146289709203803797e-01 4.477288597633871658e-01 4.969097537751738791e-01 6.167777007344894535e-01 5.567537769272055126e-01 5.760493944459940119e-01 5.957629793299176191e-01 7.020768933377067311e-01 7.270464655164594614e-01 7.177255940227801334e-01 6.266831259854441782e-01 6.696770517743864115e-01 7.691947107856963450e-01 7.501644548550231439e-01 6.813758270856136168e-01 7.307229331707304487e-01 6.974667493721984357e-01 7.632294627905701345e-01 7.729400119932744451e-01 7.951190638493006446e-01 8.104241220761582154e-01 7.740384694392717924e-01 8.318403838537734574e-01 8.349480900656969240e-01 8.307076235316922519e-01 8.378125951849172415e-01 8.162010401060288967e-01 8.211276663462199199e-01 8.470361662233025779e-01 8.441961282655471299e-01 8.368841788354065558e-01 8.048577974500711329e-01 8.244158974058306555e-01 8.065889043530597435e-01 8.349766191356714495e-01 8.276127866815912171e-01 7.995888323332460690e-01 7.973820514309868379e-01 8.090553586295793354e-01 8.389167796758872919e-01 8.268369621471629571e-01 8.476915966081443043e-01 8.456236190177243151e-01 8.367391347970850601e-01 8.231635191513667626e-01 8.353238590242484385e-01 8.351191732530807155e-01 8.380744826194651553e-01 8.439423260369606217e-01 8.149663295273386066e-01 8.093358522411545630e-01 7.870924274386170705e-01 7.970071260523619028e-01 8.210930044653445004e-01 8.008769339692825007e-01 8.046192330523348479e-01 8.355854284565584766e-01 8.363548732972893029e-01 8.381680966393874055e-01 8.089174018405618227e-01 8.281501694056935259e-01 8.209974426706188044e-01 8.263831994817082416e-01 8.388426618763772380e-01 8.325108563909580095e-01 8.186582421050352387e-01 8.347227804062569145e-01 8.324494702045870387e-01 8.389016094054354555e-01 8.456345881274883736e-01 8.433001108739096585e-01 8.306175579586990709e-01 8.401133215631587658e-01 8.491220753217054718e-01 8.481601155943919723e-01 8.468427001285092626e-01 8.500870148232795298e-01 8.505415762619316089e-01 8.345480787559305114e-01 8.325404440820504126e-01 8.465536208272831376e-01 8.441663623081172574e-01 8.463411095678100571e-01 8.435113169924273180e-01 8.482165606078251319e-01 8.501787701526422047e-01 8.441177690972165859e-01 8.358274907007795518e-01 8.462895793952084356e-01 8.476125913561354253e-01 8.449393115584239444e-01 8.499382296894705258e-01 8.445003731248174050e-01 8.511868831827993365e-01 8.482230199885317790e-01 8.478696679175289352e-01 8.441941298502130264e-01 8.468438488166514233e-01
