1.000000000000000000e+00 1.523619059981834167e-01 9.730114501637689151e-02 -5.246157943433388260e-02 3.321765738450135202e-02 2.201176582491240138e-02 2.122554001865569959e-02 1.673350138678890431e-02 1.623208872101459532e-01 6.363666958765816506e-02 3.277713296208996374e-02 -3.528886787788583501e-02 1.265432317529009872e-02 -1.346907293825214125e-02 2.027127396558100689e-02 2.185415445805169443e-02 1.854341163236310763e-01 2.501375471711517195e-01 2.207014338702399658e-01 1.013874673965952100e-01 1.352385994276224246e-01 1.591967328717941998e-01 2.201107506569816019e-01 2.491079176994123734e-01 2.038992843235378771e-01 1.399006980095390262e-01 1.064325950908354829e-01 9.054824823273999179e-02 2.052900980308581536e-01 2.045008619462749810e-01 1.524532004305794997e-01 1.079192643860474449e-01 1.294057249362169371e-01 1.555145171112053692e-01 1.381537206616481883e-01 1.199719002601076639e-01 9.347964106545365859e-02 7.877078377825137701e-02 6.836692545394802700e-02 -1.370143621037563618e-02 4.665645724115728005e-02 3.323274255948429484e-02 -9.167645198547817384e-03 3.328005510770725567e-02 3.599997663030274353e-02 5.309667480312018489e-02 1.910756071894375088e-02 3.279682084799565717e-02 2.512105814719057389e-02 3.905648599930298948e-02 3.059111738732702909e-02 -3.531888213379701102e-02 -1.451242518525494747e-02 5.152878024929798823e-02 4.102192693169826043e-02 6.295297486479929649e-02 3.167489555395700679e-02 1.728519685992089064e-02 3.055188593642173267e-02 3.150132865468036059e-02 1.561132900754724946e-02 4.290693332386595615e-03 9.249313692362187006e-03 4.274316078042180583e-02 9.724156365285101244e-02 5.134349152125389226e-02 4.043661532182207113e-02 7.144770743774586652e-02 5.960816997888398333e-02 5.569782906868998157e-02 6.028931682117605328e-02 6.919262409032529704e-02 1.021177324808806297e-01 9.001910679928806780e-02 4.278185521664317620e-02 4.417413607555437799e-02 4.896883994543174690e-02 1.047887557591973551e-01 6.167659251265606574e-02 8.484306555090735669e-02 6.054958119571974412e-02 5.753277601444609091e-02 7.263385069163316721e-02 6.913171837318937696e-02 3.780942694487824524e-02 6.115215161819032019e-02 4.222301901951269060e-02 3.200050433223833313e-02 3.541078974130647955e-02 4.016827176870614580e-02 1.669065935736923842e-02 1.305723520115984262e-02 1.295082339363487836e-02 2.011357461802395705e-02 6.567979411690214736e-03 1.459147930578213667e-02 -3.071540385363664624e-02 3.637502211747277447e-02 1.046424703453302692e-02 6.813445837563414896e-03 1.307872199254420326e-03 1.364730947501712616e-02 -1.077618319075830883e-03 5.172105202170225631e-03 2.674685479499550739e-02 2.015570149419418713e-02 1.884280348480632875e-02 2.818784481266789141e-02 2.447990294133622208e-02 2.008173734550190020e-02 7.912318151428363554e-04 2.528406954393487560e-02 1.114722275147173383e-02 3.192057379559425784e-02 6.340772043441203487e-02 3.232019396642529796e-02
1.523619059981834167e-01 1.000000000000000000e+00 6.849657179521585759e-02 -1.848881169762313500e-04 3.967478385414963116e-02 5.101036317857135516e-02 9.126552803953319470e-02 1.246481254114791687e-01 1.799141882632401823e-01 1.813959064695090107e-01 1.156326891272891622e-01 9.524550513259343043e-02 9.969280217083177631e-02 1.076475863520185011e-01 1.371679622481190852e-01 1.309333220258818431e-01 2.060996857925202208e-01 1.919624412412507808e-01 1.965669857223530381e-01 8.359982362557843993e-02 9.781160858498579025e-02 1.422942164243036767e-01 2.240645210660925646e-01 2.029889297170380524e-01 1.689674915741085359e-01 1.858811964731124089e-01 1.681678010369590526e-01 1.808223473981526996e-01 2.102343580569445702e-01 2.277307738572686702e-01 1.933245457546377555e-01 1.825334368329376844e-01 1.837221886389919512e-01 1.965529361412663989e-01 1.976668793210884234e-01 1.482410450220439657e-01 1.580257952577520941e-01 1.825704854586093495e-01 1.644761468774861568e-01 1.290130840948958968e-01 1.577896926313951120e-01 1.508340123054400239e-01 1.261842326605824294e-01 1.409602822079762396e-01 1.315814046888125755e-01 1.586479574132710069e-01 1.531352699135705708e-01 1.631226351080702908e-01 1.549077982066843218e-01 1.338682286975235447e-01 1.507960266457147869e-01 6.662981774467530149e-02 1.053086024314857649e-01 1.703134479765225362e-01 1.665839579116738245e-01 1.703958690749387273e-01 1.450863746546869060e-01 1.492831952710970689e-01 1.627341808458135919e-01 1.496041250073860962e-01 1.423260825290406928e-01 1.483402292656879062e-01 1.435640055621723032e-01 1.506100467075249527e-01 1.762519520183216393e-01 1.453310302899086526e-01 1.623392408878835680e-01 1.663691075566541555e-01 1.701852664194576092e-01 1.417202685899881520e-01 1.455346083678530078e-01 1.701202961171422723e-01 1.848869935157580191e-01 1.623141375343774007e-01 1.662408694679207988e-01 1.648476530868142054e-01 1.670793763054860270e-01 1.883765305533048884e-01 1.705099876165244444e-01 1.846721393803856803e-01 1.699115119959112852e-01 1.678957147175723918e-01 1.766954416199321420e-01 1.737979936916176082e-01 1.528144137069845920e-01 1.635627881451553189e-01 1.551622238621588601e-01 1.615596596648374572e-01 1.593733761484542044e-01 1.605669429458654318e-01 1.531822221556927710e-01 1.534102920575868834e-01 1.462358663936899617e-01 1.503777064768117011e-01 1.471020668614350935e-01 1.532568289525884642e-01 1.175559002514869611e-01 1.425349167579585130e-01 1.439676192335638816e-01 1.441306885899475698e-01 1.393704691340842128e-01 1.462000667265820897e-01 1.298217562299722461e-01 1.395717974049834609e-01 1.364533225771344671e-01 1.470542008952032964e-01 1.536022483068949229e-01 1.598663269016752653e-01 1.611717952876298154e-01 1.554408505850999878e-01 1.474527305516516729e-01 1.528151073471067101e-01 1.516375395637739598e-01 1.538310730054784081e-01 1.663909824260340342e-01 1.530686000300280070e-01
9.730114501637689151e-02 6.849657179521585759e-02 1.000000000000000000e+00 3.239153946424326858e-01 1.991218092508033055e-01 2.555471979422106465e-01 3.412959207223165703e-01 3.216698009340493436e-01 3.298409511086657364e-01 2.981881404805733493e-01 3.505632576201827000e-01 3.790361399498014539e-01 3.111252159535788930e-01 3.159114502631358290e-01 3.625259574485348857e-01 3.588392812397129816e-01 3.412978588741682473e-01 3.701987275516732678e-01 3.736907829026950845e-01 3.639143543585229290e-01 3.939291921250018258e-01 4.019202478200640249e-01 3.568128749228888785e-01 3.587871054759462774e-01 3.731736321419090174e-01 3.861517653603175892e-01 3.905622451945170437e-01 3.903046044772183198e-01 3.962338667432620531e-01 3.793389507552182294e-01 4.027128192630403114e-01 3.760708686183974470e-01 3.737164467389904599e-01 3.841750905344955003e-01 3.643753601970918243e-01 3.847659183465489963e-01 3.889093302699176413e-01 3.753004048075232468e-01 3.853192013262046745e-01 3.642056265674570859e-01 3.713666065279346840e-01 3.763866323470246300e-01 3.612649897288112144e-01 3.849733219911901094e-01 3.823709761870123236e-01 3.796825779790191646e-01 3.626953025375744821e-01 3.579770277848058901e-01 3.623829532532576447e-01 3.760766122303451087e-01 3.686412463629038516e-01 3.673656915934420120e-01 3.586165327295362526e-01 3.572887080597823561e-01 3.551186020003124222e-01 3.666849262255061914e-01 3.625203131373386234e-01 3.580500092729889672e-01 3.578733483628742107e-01 3.651328657794253862e-01 3.633118012375567973e-01 3.535388381955101855e-01 3.604152801209212775e-01 3.603645947374529146e-01 3.726727988777373546e-01 3.741768627013831172e-01 3.580334264891283369e-01 3.766672804530845076e-01 3.674913194707763453e-01 3.830168042199038614e-01 3.919065362841521183e-01 3.799033327727157072e-01 3.752832297662366812e-01 3.797392594516147968e-01 3.685034272864715632e-01 3.693791084160399918e-01 3.696880115874121575e-01 3.807933749342375385e-01 3.816549159147220038e-01 3.769765500481034315e-01 3.777305933973040264e-01 3.826052373040191301e-01 3.675666338185197834e-01 3.742883763644037631e-01 3.714016478819045508e-01 3.800181823571260331e-01 3.844472934917004814e-01 3.648698097625350800e-01 3.709942013020184337e-01 3.634320585850794316e-01 3.666697041514166422e-01 3.629144701057022138e-01 3.693781999654245918e-01 3.701765291239548783e-01 3.552266130359997831e-01 3.553474748740875211e-01 3.610819041683649422e-01 3.719578024303596964e-01 3.611929422162964975e-01 3.614473836042979560e-01 3.627558083173899051e-01 3.609919572123223008e-01 3.568082636916752870e-01 3.639825221620586748e-01 3.753178136483975025e-01 3.599608287552913399e-01 3.565130690327424356e-01 3.570064236289737236e-01 3.602780662510309817e-01 3.592296734413888415e-01 3.541048027961319900e-01 3.606890626130738742e-01 3.585643570888392695e-01 3.616762369641861596e-01 3.684138924389605552e-01 3.616528820509609665e-01
-5.246157943433388260e-02 -1.848881169762313500e-04 3.239153946424326858e-01 1.000000000000000000e+00 3.619616274718416848e-01 3.893556529322932391e-01 5.499842243290056221e-01 5.248692235418066510e-01 4.106081240464357629e-01 3.655235797753674798e-01 5.350390711343101513e-01 6.435428326310174141e-01 5.127558302095408527e-01 4.699411188924441096e-01 5.557652946437257047e-01 5.762456981947353674e-01 4.408330285738964460e-01 4.044246892765232526e-01 4.130796232420813063e-01 5.507873774389372423e-01 5.495454103056477413e-01 5.283017854197696872e-01 4.105739244935840970e-01 3.929186780405530266e-01 4.539172110765455903e-01 5.076691849924667155e-01 5.345561863054970608e-01 5.299626495943630111e-01 4.622002482929722378e-01 4.654329825343114235e-01 5.341607962436006884e-01 5.205203019788320340e-01 4.816368063873960326e-01 4.899812062128309220e-01 4.764003482739406770e-01 5.315865705153577370e-01 5.504940161549864985e-01 5.179851698722099940e-01 5.554761142304619481e-01 5.667364852534555464e-01 5.527211509791685184e-01 5.537380562891072167e-01 5.875136196625940777e-01 5.811733029588057597e-01 5.889333329651442739e-01 5.552956560922622797e-01 5.377783914701065315e-01 5.248146611974133791e-01 5.423053206820466210e-01 5.798032539236777083e-01 5.581907010624523879e-01 6.357710113126388007e-01 5.990890570695743822e-01 5.140473245498690114e-01 5.182750123674090270e-01 5.301336168022220408e-01 5.684546569693978979e-01 5.442663922059374215e-01 5.334235830665875477e-01 5.551085001111608630e-01 5.641035236817064646e-01 5.516955436101836918e-01 5.571053005244712697e-01 5.513649747617461738e-01 5.238653574323106632e-01 5.631357718869183238e-01 5.247828269015040181e-01 5.262924670176719610e-01 5.262811877334830912e-01 5.698641697849518017e-01 5.632243402985618319e-01 5.313986671126456063e-01 5.020368185586513432e-01 5.243933501842389378e-01 5.315866492741714300e-01 5.351337983760635630e-01 5.305104249811891659e-01 5.048737311400859351e-01 5.409330749167646779e-01 5.164975772480154825e-01 5.365985532943883252e-01 5.406763666630458598e-01 5.195848541870238257e-01 5.192060055847333988e-01 5.429726205399508787e-01 5.376899494908263799e-01 5.466877621628298822e-01 5.351128708411828638e-01 5.410109838293124529e-01 5.393292813281664877e-01 5.492370701302726754e-01 5.452609481159912397e-01 5.586302034225175683e-01 5.523715390481788168e-01 5.408762068728701911e-01 5.333518047856918853e-01 5.787296636266070493e-01 5.572159126779814287e-01 5.475707082501100054e-01 5.513742942634758393e-01 5.567425856534267137e-01 5.470568646378698441e-01 5.704725774749352940e-01 5.625965094062476135e-01 5.691431442005603358e-01 5.438819428625374375e-01 5.334320619194733437e-01 5.269645272239347200e-01 5.319536076294331117e-01 5.391603428090248062e-01 5.399973247262672693e-01 5.429605739024757627e-01 5.439333333199768417e-01 5.393091394532971705e-01 5.236303094639904732e-01 5.422622043493836586e-01
3.321765738450135202e-02 3.967478385414963116e-02 1.991218092508033055e-01 3.619616274718416848e-01 1.000000000000000000e+00 3.236386867690148050e-01 4.606775938779549273e-01 4.338533264512449694e-01 4.214293258881792736e-01 3.524734048428547206e-01 4.344923736150584359e-01 4.706689825716515729e-01 4.464687364004768511e-01 4.256764041016058986e-01 4.823578271185786082e-01 4.912218262337700314e-01 4.195565235526249048e-01 4.365296677617558352e-01 4.354663013033754915e-01 4.452513984855447915e-01 4.673653150701886916e-01 4.790668199775998670e-01 4.341046053181747411e-01 4.403067552588914024e-01 4.671748480667405889e-01 4.702075640846060112e-01 4.698307267889195171e-01 4.631135144674437543e-01 4.429154823011482445e-01 4.431037294975445073e-01 4.795483060302077050e-01 4.819607473438383693e-01 4.248172567634064256e-01 4.603201382400275432e-01 4.505498822159504368e-01 4.725894066683162253e-01 4.775365202841652668e-01 4.652720564457814012e-01 4.859963444506098518e-01 4.766741338627827895e-01 4.815030629472460966e-01 4.836160466485361353e-01 4.913433830954406223e-01 4.964872392179497385e-01 5.052010539399234279e-01 4.755918005144206262e-01 4.784769844846092912e-01 4.676187792828517820e-01 4.730863785669673360e-01 4.870436413134336950e-01 4.825405763252654801e-01 5.148129266466497933e-01 4.964350701424867784e-01 4.715139085141535347e-01 4.730255558264965243e-01 4.843753036570186410e-01 4.906908196852164949e-01 4.804158020622057435e-01 4.732887722913159956e-01 4.901531319306977053e-01 4.849831537814888738e-01 4.773065409442711071e-01 4.810899508711152794e-01 4.841504326169261962e-01 4.797013246487154547e-01 4.935775479023035150e-01 4.735546145401880458e-01 4.841157388108124349e-01 4.858761054105511512e-01 5.045405706036043547e-01 4.997271600063308838e-01 4.817080437761684930e-01 4.822012280514107463e-01 4.951803025377743417e-01 4.763318406667051419e-01 4.796384814449244360e-01 4.762128021392944000e-01 4.668800957769413396e-01 4.807002103152286931e-01 4.740997755551443205e-01 4.789948675154315771e-01 4.794392324100620328e-01 4.770791660784002297e-01 4.673982862238942326e-01 4.746494200938088381e-01 4.836746857064127547e-01 4.832825660580150617e-01 4.727127792362341152e-01 4.788631183033204008e-01 4.906595045446411896e-01 4.746527544519443809e-01 4.782136185695001207e-01 4.860214816330050702e-01 4.814048629075414754e-01 4.733148510724403124e-01 4.718764839161944113e-01 4.790123651753562251e-01 4.796527176234877676e-01 4.767762317178759757e-01 4.766777841543037852e-01 4.842249888240255928e-01 4.794653052831124307e-01 4.857070177292156510e-01 4.851869239346702778e-01 4.919164095499598544e-01 4.741503811395378909e-01 4.725093013354553229e-01 4.759465852111112172e-01 4.779738053808768594e-01 4.737287080967155228e-01 4.737581788055479914e-01 4.776023745802857601e-01 4.763803724911570558e-01 4.751367594130532779e-01 4.722940261449306010e-01 4.795161927970454374e-01
2.201176582491240138e-02 5.101036317857135516e-02 2.555471979422106465e-01 3.893556529322932391e-01 3.236386867690148050e-01 1.000000000000000000e+00 5.142416351749365955e-01 4.886506803160338142e-01 4.964996844677581622e-01 4.434505622996706697e-01 5.060025524416751352e-01 5.632682117156959656e-01 4.936504674705624596e-01 5.072300096807245140e-01 5.797358042741324047e-01 5.734689705513126290e-01 5.227820589825723507e-01 4.959671820456303948e-01 5.144823525606990744e-01 4.810537835842322862e-01 5.356854041773788655e-01 5.676562111716031422e-01 5.026707461442179170e-01 5.052194495235752258e-01 5.408436598445374166e-01 5.631685658397809213e-01 5.652037525388236006e-01 5.651252802608499604e-01 5.496391080790994366e-01 5.341087717437158489e-01 5.762458898600134605e-01 5.805810693650529375e-01 5.434121799490863047e-01 5.619112998131881032e-01 5.428983275110917939e-01 5.602149886411303958e-01 5.803058048367748523e-01 5.726262949768998745e-01 5.869720088784685652e-01 5.741189725120472431e-01 5.850495460981354201e-01 5.835248553763418000e-01 5.725017256271728305e-01 5.983661745012300859e-01 6.033482460053769536e-01 5.861003536449843621e-01 5.833916585363739804e-01 5.761594034026372713e-01 5.813221131711537870e-01 5.885658758181193662e-01 5.830197776852578118e-01 5.772440123911666277e-01 5.727145155622609396e-01 5.712289438822983900e-01 5.696052861385867416e-01 5.814949822187376327e-01 5.771934500566762161e-01 5.794453316572834023e-01 5.768137768878720539e-01 5.829741423427082792e-01 5.821303144949183661e-01 5.760087053228241105e-01 5.727596911142979197e-01 5.728840089172266836e-01 5.731221330194921082e-01 5.862345692882358072e-01 5.835370271917189600e-01 5.897406272385928849e-01 5.860717192459778957e-01 6.020544107600067640e-01 6.056593078413398112e-01 5.923234918669811888e-01 5.800064490987640875e-01 5.965710869488936030e-01 5.853543704416996896e-01 5.858675974351157389e-01 5.839200883747891480e-01 5.803410578839557354e-01 5.907283176598695507e-01 5.786542672761885164e-01 5.891022961149210424e-01 5.891266356772630886e-01 5.801297011227450895e-01 5.783418594866240880e-01 5.877564337742144929e-01 5.933272232485299336e-01 5.959365546744792574e-01 5.834913701869832714e-01 5.893606329688418910e-01 5.875746174540049660e-01 5.869162646268144545e-01 5.861452494870328378e-01 5.924737016595460481e-01 5.934062078097948056e-01 5.818362594220470863e-01 5.806305059306811067e-01 5.826906045940808410e-01 5.818802465770709365e-01 5.832739582963855085e-01 5.837862770960868808e-01 5.842838832110174296e-01 5.858833936110857676e-01 5.867561823332945181e-01 5.889613911581371708e-01 5.925780692960613827e-01 5.808698955070609182e-01 5.804041617478834514e-01 5.805842333499916519e-01 5.804918555105040845e-01 5.820668898066826413e-01 5.805842024322134254e-01 5.824603578876037524e-01 5.807375428171862586e-01 5.803473425216457704e-01 5.765459413715355863e-01 5.817422924977960763e-01
2.122554001865569959e-02 9.126552803953319470e-02 3.412959207223165703e-01 5.499842243290056221e-01 4.606775938779549273e-01 5.142416351749365955e-01 1.000000000000000000e+00 6.995488652132548779e-01 6.794274030171569834e-01 6.149193227142227824e-01 7.213672992083191016e-01 7.776816582571765002e-01 6.845413155323938348e-01 6.910809481926875053e-01 8.243803079113650734e-01 7.950429966921199743e-01 6.827422698612272134e-01 6.309004268307056851e-01 6.756250065626038248e-01 6.629473140879597048e-01 6.704188572734312013e-01 7.285804345393843695e-01 6.704566105694772515e-01 6.371435673845304848e-01 6.845709723146772285e-01 7.656251803517919452e-01 7.569529696616859038e-01 7.941688968517518488e-01 7.207304515912352771e-01 7.223477499984138905e-01 7.829627237802263551e-01 7.866770144750452332e-01 7.468437789828857865e-01 7.575115508264202990e-01 7.398086919584733190e-01 7.549377986297847176e-01 7.893539877261542825e-01 7.932551726407827131e-01 8.078046897584316710e-01 8.156659178266791876e-01 8.022712017241043769e-01 8.079894490343491054e-01 8.089712912077617890e-01 8.153046130400254388e-01 8.192230272183032014e-01 8.128565553485563866e-01 7.959433449646041714e-01 7.876666726788842388e-01 7.956947078717708788e-01 7.991700948352611356e-01 8.070643897642070241e-01 7.891114996981970497e-01 8.020216941952109657e-01 7.867877840929259348e-01 7.863229040374859480e-01 8.049359499024699716e-01 7.999357796669603893e-01 7.966068033001220128e-01 7.939715831246367816e-01 8.017222697216459526e-01 8.046983163839432907e-01 8.001514587941168655e-01 7.993373855942850215e-01 7.979692455663853767e-01 7.815448882149232945e-01 8.039830748836228613e-01 7.927228097394536377e-01 7.945084045102352999e-01 7.931903854263973042e-01 8.057332268717376511e-01 8.036375939443666239e-01 7.973671517696575561e-01 7.795457635463157731e-01 7.889692986271444886e-01 7.988519545200999383e-01 7.964843530229008817e-01 8.022731980598367674e-01 7.799487127327978664e-01 8.010848328125577122e-01 7.858983769902493366e-01 8.030805629663918532e-01 8.004594384202671220e-01 7.925816869759951810e-01 7.915953864322247124e-01 8.012029264527106287e-01 8.006514925579043540e-01 8.077532909511154768e-01 8.044257593806521944e-01 8.035337069315982017e-01 8.044231008415942963e-01 8.109598459578507557e-01 8.061628387812669327e-01 8.102703371828240408e-01 8.104970527848931461e-01 7.979726671199167676e-01 7.952590220041080293e-01 8.081225701913866688e-01 7.908659333309790984e-01 7.980044581532527159e-01 8.079488866533617308e-01 8.092401008580470956e-01 7.990985047528200713e-01 8.030089978362937586e-01 8.049237000499459560e-01 8.043189762724901604e-01 7.956938887658580040e-01 7.945972143703904367e-01 7.947145909381895246e-01 7.983499347719557049e-01 7.975438875388792814e-01 8.021076210512060323e-01 7.976315034413131722e-01 7.988506984797052457e-01 7.963390295766547000e-01 7.877061005101297919e-01 7.959933931588731859e-01
1.673350138678890431e-02 1.246481254114791687e-01 3.216698009340493436e-01 5.248692235418066510e-01 4.338533264512449694e-01 4.886506803160338142e-01 6.995488652132548779e-01 1.000000000000000000e+00 6.805029019837072202e-01 6.100953038618395219e-01 7.101162985258822058e-01 7.618151790083620423e-01 6.919873019074560538e-01 6.995752938351147421e-01 7.925028320460730802e-01 7.985912354973058180e-01 6.925291611200875552e-01 6.054134801006126887e-01 6.689209835553232564e-01 6.152261063621989878e-01 6.330309320942822948e-01 7.217419207290440841e-01 6.669852596069064665e-01 6.246631919713429015e-01 6.619153095413702337e-01 7.595985413561897603e-01 7.576735180562448324e-01 7.675840689554556118e-01 7.225068546720888607e-01 7.350118545293082839e-01 7.750220352428187631e-01 7.776395697695677178e-01 7.350528720619711187e-01 7.469182338523620013e-01 7.364516962001830258e-01 7.219867206039011220e-01 7.653678041026045209e-01 7.934689905231618878e-01 7.965259815391469989e-01 7.857113179108744516e-01 7.937659358304939294e-01 7.989978412690216247e-01 7.965188080571536933e-01 8.088436061613610839e-01 7.952715919546146095e-01 8.046342726714216242e-01 8.001921550983965847e-01 7.898395031150023948e-01 7.993867044033871050e-01 7.930744243349840961e-01 8.066561468184824113e-01 7.566004606873569793e-01 7.869871394179480673e-01 7.897401576242462085e-01 7.926199731955146932e-01 7.953561468810831370e-01 8.025401177123724361e-01 7.995398003817332233e-01 8.036871564732909201e-01 8.010160140016836516e-01 8.030275163146115558e-01 8.040484077674523444e-01 8.018513608039568030e-01 8.010434279079665654e-01 7.859335777626215158e-01 7.994600779665739232e-01 7.933707273956434047e-01 7.913342225701992527e-01 7.921545075277632852e-01 7.929310929344491887e-01 7.955045466788794872e-01 7.954011380454185653e-01 7.726890626906146586e-01 7.784857035273339276e-01 7.993941856672954760e-01 7.973494829455679556e-01 7.984025671042649375e-01 7.845871482792787788e-01 7.998687038946238337e-01 7.939710057515824149e-01 7.988921345962993747e-01 8.002929463159631496e-01 7.919928277491670165e-01 7.905315680344356943e-01 7.939412463157463629e-01 7.930877073813937805e-01 7.967366479657771450e-01 8.013112312824307581e-01 7.988246759261352636e-01 7.994153639853388560e-01 7.986711906452329535e-01 8.005548248218836704e-01 8.026651774814415052e-01 8.053426259404385945e-01 7.981866882487121950e-01 7.954005257466751910e-01 7.988980357285140332e-01 7.979626720828776332e-01 8.003480116697880842e-01 8.014766313177340562e-01 8.022894531221173020e-01 8.011842764883074786e-01 7.992082148212926729e-01 8.027178924532382132e-01 7.998361587541968909e-01 7.985799100825037300e-01 7.975517877951939782e-01 7.939452266707766048e-01 7.989381796518325585e-01 7.993731951916042133e-01 8.022145044254704871e-01 7.998244601245225738e-01 8.015529415548672265e-01 8.006610864023089302e-01 7.917302596095796563e-01 7.986938883267632461e-01
1.623208872101459532e-01 1.799141882632401823e-01 3.298409511086657364e-01 4.106081240464357629e-01 4.214293258881792736e-01 4.964996844677581622e-01 6.794274030171569834e-01 6.805029019837072202e-01 1.000000000000000000e+00 7.070201704930335618e-01 7.577716118229876896e-01 7.543128021186982224e-01 7.062067382560136553e-01 7.527714312431027510e-01 8.210118599060791666e-01 8.061363909569899677e-01 8.061890399298109466e-01 7.273625636027754027e-01 7.889886869006390580e-01 6.265541046909890444e-01 6.606992136502061186e-01 7.757512368890580046e-01 7.980247859293858603e-01 7.595200160851752758e-01 7.566988562704746180e-01 8.535086429793909968e-01 8.262782618640682752e-01 8.323973406976504785e-01 8.319658307655315443e-01 8.593386811052310392e-01 8.606511428072235459e-01 8.576231436470320713e-01 8.150729178250184503e-01 8.461750269392535051e-01 8.331523363833471807e-01 7.840561994063042217e-01 8.274747152492616387e-01 8.498864164677134569e-01 8.507773176097563894e-01 8.047755443234956285e-01 8.550536249238931408e-01 8.404887298079181113e-01 8.187712394268934490e-01 8.451242282454746180e-01 8.313647909479593423e-01 8.437688488718526614e-01 8.541275195526504271e-01 8.630582296852090662e-01 8.539637278657519204e-01 8.305287238371131808e-01 8.497675784163717383e-01 7.625521795947540760e-01 8.131035475086673125e-01 8.669741905604888554e-01 8.548826709835364301e-01 8.645886886470696142e-01 8.460750074059096848e-01 8.486737308813711023e-01 8.503449007614803934e-01 8.585125915824630694e-01 8.497225675006271350e-01 8.428610811674056569e-01 8.400439186846789807e-01 8.551718588999280835e-01 8.718620024424510451e-01 8.595218539128390844e-01 8.655856532475796339e-01 8.707950088577834924e-01 8.682193600252273713e-01 8.487109680498291508e-01 8.541212766906919329e-01 8.694885486962172783e-01 8.677022773636721142e-01 8.619938623798101274e-01 8.652242822439559777e-01 8.649034498038157270e-01 8.605887401198860642e-01 8.761843532913772270e-01 8.640818808417810581e-01 8.764542360594747006e-01 8.656259710348507275e-01 8.697831839403983301e-01 8.726286530931610663e-01 8.675949473441658677e-01 8.527478724490101802e-01 8.649617006415464271e-01 8.579963556482277376e-01 8.595607914448039066e-01 8.617774158433991749e-01 8.622929115212922824e-01 8.499865226386863482e-01 8.556104562079339670e-01 8.551475130265974167e-01 8.558717206389240273e-01 8.561844463876715494e-01 8.580738310022276716e-01 8.172555182475913504e-01 8.509998413145271057e-01 8.527400893505545643e-01 8.510479496630891649e-01 8.488099889627586103e-01 8.535338036205457612e-01 8.449741051625635491e-01 8.516662188678852941e-01 8.567199618089719193e-01 8.556773547480995834e-01 8.596182447720887021e-01 8.643930090778685349e-01 8.600867496910370447e-01 8.599135433936297979e-01 8.490038110613533640e-01 8.613208368345435240e-01 8.552264487813092675e-01 8.624331287378865785e-01 8.714650165171655694e-01 8.619138010593699883e-01
6.363666958765816506e-02 1.813959064695090107e-01 2.981881404805733493e-01 3.655235797753674798e-01 3.524734048428547206e-01 4.434505622996706697e-01 6.149193227142227824e-01 6.100953038618395219e-01 7.070201704930335618e-01 1.000000000000000000e+00 6.949466435205297055e-01 6.932678109233518793e-01 6.482672101817643640e-01 6.792612498161945123e-01 7.548189207706443860e-01 7.318617532880096199e-01 7.083312281963077828e-01 5.826714133055004297e-01 6.670621015956309519e-01 4.955480229670172210e-01 5.187458802757847209e-01 6.511224458776260215e-01 6.833096744042885806e-01 6.240716432818370629e-01 6.263306463021127701e-01 7.613625801201086007e-01 7.386203549591320305e-01 7.501009918586586389e-01 7.245448651582938604e-01 7.597607870914825368e-01 7.629981693990796066e-01 7.683629277329268037e-01 7.449803355827092632e-01 7.482399174382022844e-01 7.635443961673541446e-01 6.866398440354319899e-01 7.438805028494860361e-01 7.751752061326193655e-01 7.709638972055611328e-01 7.428109983851981513e-01 7.738610568830243119e-01 7.646060455650334209e-01 7.442394093862787496e-01 7.598032948769473105e-01 7.439423708143612091e-01 7.701353663995127441e-01 7.800459069703304937e-01 7.921937491043015145e-01 7.822351173952860615e-01 7.499543813531803771e-01 7.781100113084619130e-01 6.670693928741909806e-01 7.342349973150754661e-01 7.928049124339516807e-01 7.804532816104751136e-01 7.798623761788497921e-01 7.678069026703635558e-01 7.766811408506892889e-01 7.815020638458470836e-01 7.794611286861156119e-01 7.749859876458199404e-01 7.743216086542559218e-01 7.723542358151036513e-01 7.769954784788815072e-01 7.811682722342219165e-01 7.767006349718755809e-01 7.921292595299183059e-01 7.805832813746232945e-01 7.854096174715456957e-01 7.512475834981181544e-01 7.571986118733177173e-01 7.851021191847039615e-01 7.748116136841330936e-01 7.627122598288506028e-01 7.895795241044021306e-01 7.862564798819381418e-01 7.841659811130874402e-01 7.826266434408752914e-01 7.836375102225031641e-01 7.908878078767336284e-01 7.829876360507551647e-01 7.898828517898348611e-01 7.920568964583493132e-01 7.918015022696169858e-01 7.812493372239398548e-01 7.818319567829294936e-01 7.800652283605220561e-01 7.874236421297119426e-01 7.861363201384842236e-01 7.839526484439485188e-01 7.802876390886799296e-01 7.844949802179260745e-01 7.772441957317658412e-01 7.809613975153901766e-01 7.872231761187897803e-01 7.894843818953782844e-01 7.483111484100822830e-01 7.719653967106687720e-01 7.814120897329640547e-01 7.811602567840509881e-01 7.746463880802241242e-01 7.819473469210950212e-01 7.707747056069845781e-01 7.773740565567065497e-01 7.729387546258106312e-01 7.830521800250336284e-01 7.895973300626750735e-01 7.902432089004943760e-01 7.892466631204881899e-01 7.879266423923600993e-01 7.813083779992308076e-01 7.869342133155231567e-01 7.848636872356824501e-01 7.872089749230890554e-01 7.920084323199013676e-01 7.850743030781582865e-01
3.277713296208996374e-02 1.156326891272891622e-01 3.505632576201827000e-01 5.350390711343101513e-01 4.344923736150584359e-01 5.060025524416751352e-01 7.213672992083191016e-01 7.101162985258822058e-01 7.577716118229876896e-01 6.949466435205297055e-01 1.000000000000000000e+00 8.459263145577546883e-01 7.415071093688018200e-01 7.685703795569337471e-01 8.517625868161498026e-01 8.405839634828112805e-01 7.630903213929444151e-01 6.496680780693419033e-01 7.201390996413953305e-01 6.269881639276959628e-01 6.659691752736545123e-01 7.587849545846662158e-01 7.388680124101979496e-01 6.826730458022617354e-01 7.063089617456137503e-01 8.357472305344095798e-01 8.366754587543778765e-01 8.404987007282131994e-01 7.783881174464489794e-01 8.129417536617388196e-01 8.577240380165854772e-01 8.465011024274624596e-01 8.054105619982431241e-01 8.165589008780751445e-01 8.192592768249419288e-01 7.795752564475414426e-01 8.507535207522282095e-01 8.465629148539112192e-01 8.667310959943019810e-01 8.525525486237192085e-01 8.690502677410064658e-01 8.655026527744251741e-01 8.653986230336756513e-01 8.713687592374658175e-01 8.609935696216597378e-01 8.675513798488579953e-01 8.750713688165356885e-01 8.766541887978060998e-01 8.774056524545343905e-01 8.587927228776138788e-01 8.732463504603658055e-01 8.241244154052417281e-01 8.649477313571780623e-01 8.745215351635136081e-01 8.657009050040869180e-01 8.671180339949130511e-01 8.749274568325602353e-01 8.758991603954939809e-01 8.696560231096371885e-01 8.834532056678737755e-01 8.803178907197271030e-01 8.766671113152880723e-01 8.724598950692155075e-01 8.743020231621150273e-01 8.653810576249253428e-01 8.785857635447930081e-01 8.769990821364604949e-01 8.690139815436497273e-01 8.740467973687428005e-01 8.621619830722129230e-01 8.659152222011533562e-01 8.755179603644613895e-01 8.534250107295897614e-01 8.544567539213373530e-01 8.789525683365539965e-01 8.766966519270432689e-01 8.756153637521559840e-01 8.610762973770940132e-01 8.760034693145638540e-01 8.703278450307873060e-01 8.749073781840874808e-01 8.816729683745042623e-01 8.746242621045837717e-01 8.750439081704213251e-01 8.738703414166051342e-01 8.720675279377586575e-01 8.764394258988603692e-01 8.784331343961885308e-01 8.802723732691352110e-01 8.773310814447605743e-01 8.804709277508684373e-01 8.817161161028765903e-01 8.816702664375036802e-01 8.826600112880795823e-01 8.813539529332451439e-01 8.824848254518370405e-01 8.691414622340805085e-01 8.736917389653308108e-01 8.803611184174041648e-01 8.789866129154257912e-01 8.806627101625226217e-01 8.788226809084002111e-01 8.824998044906210426e-01 8.830457169453639343e-01 8.803269415487643412e-01 8.789234416444663411e-01 8.801296043247104350e-01 8.795759159971311414e-01 8.806170904337917715e-01 8.811036220846951705e-01 8.784563769736561945e-01 8.832238020202007878e-01 8.811525161240035819e-01 8.804304965270834948e-01 8.771493705499581184e-01 8.824066926323141935e-01
-3.528886787788583501e-02 9.524550513259343043e-02 3.790361399498014539e-01 6.435428326310174141e-01 4.706689825716515729e-01 5.632682117156959656e-01 7.776816582571765002e-01 7.618151790083620423e-01 7.543128021186982224e-01 6.932678109233518793e-01 8.459263145577546883e-01 1.000000000000000000e+00 7.877681029727229278e-01 7.979883952802550029e-01 8.904172545772834901e-01 8.922865416870107147e-01 7.593009153025408464e-01 6.485594479634065879e-01 7.161655199643767178e-01 6.902972127920414813e-01 7.180798731313476901e-01 7.967523734503120236e-01 7.215170846827128059e-01 6.696708915662819006e-01 7.179346848497387690e-01 8.517233279555912473e-01 8.590205094890756010e-01 8.656501711514615893e-01 7.817024174929979585e-01 8.053598854786534478e-01 8.646993899108895709e-01 8.640157769478715721e-01 8.067454198834834722e-01 8.168141281305413282e-01 8.156897614125692142e-01 7.964577157991133971e-01 8.660584835075516574e-01 8.704355505591332420e-01 8.917500280142838243e-01 8.961484807505252226e-01 9.019252025497637160e-01 8.999415064261652164e-01 9.124015287572663224e-01 9.203043855074196644e-01 9.076702809532157801e-01 9.040286664131129690e-01 9.069612370684798641e-01 9.000836544690137275e-01 9.066663633503668773e-01 9.004853218782987723e-01 9.075766052251291738e-01 8.972215479692726703e-01 9.187296715915516110e-01 8.938443644755342810e-01 8.903563820175013355e-01 8.940149119806624078e-01 9.128052820166889791e-01 9.074312959715703508e-01 8.994396582209893687e-01 9.141831439824490424e-01 9.163471549489986545e-01 9.134560482710873952e-01 9.112978681367477352e-01 9.056331389556587785e-01 8.809541443340613842e-01 9.116001330912479883e-01 9.006506101414918364e-01 8.917644193125241481e-01 8.957347029114166581e-01 8.999025375979503583e-01 9.042116821397332416e-01 9.000401503634914979e-01 8.661955227565628634e-01 8.791950494100951863e-01 9.061160580966126643e-01 9.046243154130634290e-01 9.026099622119072574e-01 8.766070329587887233e-01 9.023246002365408192e-01 8.868702713695619799e-01 9.011728168711773401e-01 9.066443692723973324e-01 8.892863538386243105e-01 8.909564605947590810e-01 9.018141472294119998e-01 8.955618734900587796e-01 9.035881416700765056e-01 9.042355182689864046e-01 9.072880486911557574e-01 9.034340382797643176e-01 9.111286498811367318e-01 9.131695430113024869e-01 9.175335383983296289e-01 9.158742451425371245e-01 9.108775184444253270e-01 9.101537488643151042e-01 9.148859564309296255e-01 9.072217490978737864e-01 9.126215244422589690e-01 9.142094235886980558e-01 9.174049666115957624e-01 9.117782283735356152e-01 9.229953750314778826e-01 9.204957261212464159e-01 9.165173658406081669e-01 9.088171191371339219e-01 9.076395059922084396e-01 9.041938294553381050e-01 9.057105173186709157e-01 9.103389470075563539e-01 9.105032409045716868e-01 9.121728584701631615e-01 9.127509482714577516e-01 9.054273254450823094e-01 8.967743462072028660e-01 9.109513560576997238e-01
1.265432317529009872e-02 9.969280217083177631e-02 3.111252159535788930e-01 5.127558302095408527e-01 4.464687364004768511e-01 4.936504674705624596e-01 6.845413155323938348e-01 6.919873019074560538e-01 7.062067382560136553e-01 6.482672101817643640e-01 7.415071093688018200e-01 7.877681029727229278e-01 1.000000000000000000e+00 7.242353337011091519e-01 8.074343263595595843e-01 8.137948780496733203e-01 7.161767099537639236e-01 6.322894911079793845e-01 6.842290872029052062e-01 6.299090907135741491e-01 6.547732367420207034e-01 7.395597610667862254e-01 6.923552831770459770e-01 6.585895347296933933e-01 6.929561594316701045e-01 7.892074728237967740e-01 7.837416966904546811e-01 7.914033451338139402e-01 7.411760938683678024e-01 7.629380620068582086e-01 7.968972704558889841e-01 8.005408444175249327e-01 7.478843213136102674e-01 7.687852468311191512e-01 7.672429506674054434e-01 7.437925211533669145e-01 7.911432975443254412e-01 7.947530352939581322e-01 8.167079052577385090e-01 7.975837845455302499e-01 8.226146463281509558e-01 8.196518566939706707e-01 8.192735293958149922e-01 8.306394607928687668e-01 8.207105780998890099e-01 8.153672041926682823e-01 8.255629616773433321e-01 8.219911357083210524e-01 8.257206696472423335e-01 8.124099961861774855e-01 8.243115835755647769e-01 7.953902055903031565e-01 8.177319398780203974e-01 8.226168715483672678e-01 8.176507288603357404e-01 8.202926703933896002e-01 8.277756120829639075e-01 8.260357462983539678e-01 8.174076532186367317e-01 8.336688148855486702e-01 8.315957037291535903e-01 8.262815370991430930e-01 8.246836898328274712e-01 8.268433894096531844e-01 8.186420632172959344e-01 8.325006581144337447e-01 8.233490487237301592e-01 8.215844781903669514e-01 8.246702306165960561e-01 8.257877790945220564e-01 8.255814975784734333e-01 8.260281267676313766e-01 8.073917171495216261e-01 8.153105099661195343e-01 8.285534064043612590e-01 8.264484002191125889e-01 8.216711382352103188e-01 8.118490506788540451e-01 8.223745993909964414e-01 8.188389512556164540e-01 8.261881580107731660e-01 8.279954886616093246e-01 8.225266979564993530e-01 8.179593754445027010e-01 8.238711143685080174e-01 8.245568227788684368e-01 8.273915221633673100e-01 8.236943908993445973e-01 8.298288526216796024e-01 8.277127459135739107e-01 8.248128792994060543e-01 8.290367381917801426e-01 8.333177611364853687e-01 8.298504396525878679e-01 8.279715264148885812e-01 8.256937269388689993e-01 8.172342340012241912e-01 8.249151327459567362e-01 8.270916719161021113e-01 8.266855656825777832e-01 8.302493601711000704e-01 8.270574231826287592e-01 8.327560445417209190e-01 8.320960123488628790e-01 8.331190178092506837e-01 8.268672986606206976e-01 8.259378123799747673e-01 8.267407748069908191e-01 8.275747522826645275e-01 8.272275509369547697e-01 8.236707720741768268e-01 8.308357652010155414e-01 8.288105950905678698e-01 8.269131141079862912e-01 8.205079840584176276e-01 8.305112619338174129e-01
