1.000000000000000000e+00 3.353075361022092582e-01 2.450229833244787492e-01 8.212712425338591915e-02 9.614301519998881551e-02 1.247593296461766005e-01 1.640676978423896981e-01 1.402073237854341015e-01 1.419537205383884504e-01 1.059002349102074331e-01 1.578470496414479396e-01 3.469153298462570451e-02 6.457000950835922737e-02 -1.568366111855400147e-02 6.231058355474352467e-02 4.977643844656335498e-02 1.297233358486839239e-01 2.769353761185638363e-01 2.459459627738920517e-01 1.381561131124562913e-01 3.141798712206735344e-01 2.879335696612152495e-01 2.654087729905715287e-01 3.190279053810933241e-01 3.187372959532535077e-01 2.264400389563480664e-01 1.676298040525069366e-01 1.972081219016539877e-01 2.296912505556588380e-01 2.280648112690689955e-01 1.625762586393197651e-01 1.455946978059278751e-01 1.382667565285519984e-01 1.405366131620468251e-01 1.752590424263237023e-01 1.420335910437896254e-01 1.705070142219695384e-01 7.133903914829073378e-02 8.617039691329184126e-02 1.076330975636453774e-01 9.122407834901065382e-02 6.980769976507991692e-02 5.651729730992613443e-02 6.941737473615332277e-02 1.042410026358099734e-01 9.246909629732384672e-02 1.946360501824586503e-02 2.781774428029605908e-02 1.614115916064049264e-02 3.192046228997191815e-02 4.042934772274077437e-02 4.729640463585918497e-02 2.628819037389713495e-02 4.834425972443088387e-02 4.623385787852012097e-02 9.810516276177398687e-02 4.411792075149000708e-02 3.531125883083275491e-02 1.659746743300666988e-02 3.329967016252160378e-02 6.309349648727392672e-03 2.361692004220920446e-02 1.203025837067579415e-02 3.510479081566119514e-02 6.783662066187980122e-02 5.692453496178882105e-02 5.128027834076583774e-02 9.758053850361078640e-02 9.185741131719585284e-02 8.863139967000555064e-02 1.349925173221623864e-01 1.041396532892404081e-01 1.393635905918175488e-01 1.596398471171200928e-01 8.382268567548431526e-02 8.597387669482087214e-02 7.341845698454796398e-02 1.190813153546623898e-01 1.024357936304855776e-01 9.606147849586095522e-02 9.458814356377763521e-02 7.668634509355956586e-02 8.176361061811195097e-02 8.134278587329787924e-02 6.314323187795362058e-02 8.561936244926952877e-02 8.953037024716509196e-02 4.477636432793063309e-02 4.456490484644133609e-02 7.036047014514189291e-02 6.909248554775244966e-02 4.134180032476981320e-02 4.960528987785935845e-02 4.924999772875816167e-02 1.133594336532955070e-02 2.294876560550047559e-02 1.427093215005612904e-02 2.822275120879822949e-02 5.663924042414769482e-03 2.385129233460167239e-02 2.030637106362031402e-02 1.460605282378456271e-02 2.454300571855462174e-02 1.352454288722304554e-02 4.277090478586746680e-02 2.466921397523580070e-02 1.912298554757623642e-02 3.355198794998614370e-02 4.242184263488274487e-02 2.023817999406902005e-02 1.132134211331305845e-02 1.397731572059519520e-02 1.525797585341797519e-02 5.901225039911063563e-03 3.078824121808276110e-02 1.960982517432792449e-02
3.353075361022092582e-01 1.000000000000000000e+00 2.179443632318987523e-01 9.670645393869324591e-02 1.198523330421395749e-01 1.559893292729710446e-01 2.659671068715141473e-01 2.026372864203752067e-01 2.122842543757915978e-01 2.281984150290315982e-01 2.412450961077445832e-01 1.367351225455036290e-01 1.544622733617253274e-01 9.906046374303113800e-02 1.998649792871629860e-01 1.671534469273213419e-01 1.732978911634751873e-01 3.781581849231399062e-01 3.366083275836170285e-01 1.791500720541889247e-01 3.402759854355097979e-01 3.338348900098182526e-01 3.389391034622296628e-01 3.856737942362353788e-01 3.804663478823566702e-01 3.113331087471717940e-01 2.671842401581138171e-01 3.013778511569686902e-01 3.197922979585398062e-01 3.232241994918060857e-01 2.823010822447150625e-01 2.415881586957202287e-01 2.413241656210990405e-01 2.320864910916023149e-01 2.675109916267388588e-01 2.218631986024260649e-01 2.817471598300921309e-01 1.832444383175790559e-01 2.033640627597618766e-01 2.251043222985682213e-01 2.178352194721144830e-01 1.987663250594665643e-01 1.675119813474319208e-01 1.880354883522415421e-01 2.248008650385235896e-01 2.184149824251223337e-01 1.540391824968273815e-01 1.678951539924234404e-01 1.390157978441582121e-01 1.094530608463864518e-01 1.408374996947674429e-01 1.172358568504783122e-01 1.427060386201079445e-01 1.896918715970824787e-01 1.834304098814201478e-01 2.243168470636358325e-01 1.615386312255824852e-01 1.647001872959390489e-01 1.588010823911242264e-01 1.674637354715732551e-01 1.324381291526843807e-01 1.630650798877944230e-01 1.410908325596711421e-01 1.702274516503232971e-01 1.700206618211458631e-01 1.794283905306339189e-01 1.808172606531045501e-01 2.297829102279274338e-01 2.157713865494785554e-01 1.996491471112193106e-01 2.408096207780955622e-01 2.324176399560085315e-01 2.652161225004828204e-01 2.743426755796521399e-01 2.131314405382110921e-01 2.170405375812747839e-01 2.091437641404012560e-01 2.448864106870389246e-01 2.358013996314580474e-01 2.335906728589722814e-01 2.254965791551117593e-01 2.136934845831604535e-01 2.011627546605928019e-01 2.152943487785222709e-01 1.817812080656809326e-01 2.072851890867474511e-01 2.207927153017942290e-01 1.795637969964854197e-01 1.834550997966655217e-01 2.078672755985255527e-01 2.027304342017434424e-01 1.760149134034178220e-01 1.849152760592892575e-01 1.885962308221838246e-01 1.542920522948863782e-01 1.653265083424604875e-01 1.376396228450432746e-01 1.307202263661907671e-01 1.362649855070593996e-01 1.499547689324713939e-01 1.587090881273558463e-01 1.495785855859495528e-01 1.559132805722450998e-01 1.484549175524700060e-01 1.582171544367374505e-01 1.574640671446289608e-01 1.529700683544062689e-01 1.734017235770483611e-01 1.854454378386685143e-01 1.567698764774791975e-01 1.558509370994516363e-01 1.535526372461197553e-01 1.582379828869256155e-01 1.428433188132625098e-01 1.564676283121976819e-01 1.486270874342393300e-01
2.450229833244787492e-01 2.179443632318987523e-01 1.000000000000000000e+00 2.585505950218847659e-01 2.258722376118491304e-01 2.580173939970966668e-01 3.643050365853713335e-01 3.360832984929614797e-01 3.671490721371648003e-01 3.203515140252933269e-01 4.076032761722349629e-01 3.115318651456264187e-01 3.123203030814714065e-01 2.796213489520927298e-01 3.564131198504302267e-01 3.474378673292359276e-01 3.727288597844221063e-01 4.643094942729378283e-01 4.357267789201200725e-01 3.613715989312418220e-01 4.412117440420227910e-01 4.569411470484139870e-01 4.305225991041634614e-01 4.568658443427449645e-01 4.455262263852606819e-01 4.428891999657045275e-01 4.171967857570011984e-01 4.368468245756160218e-01 4.432319154962212626e-01 4.354012870056376272e-01 4.126460565035367511e-01 4.199213026951788552e-01 4.130115573098608883e-01 4.033020870192858265e-01 4.127690482881171130e-01 4.004314810633883837e-01 4.127574482014645385e-01 3.769637643352907186e-01 3.796589266181418232e-01 3.900049870982351119e-01 3.848556970475192629e-01 3.766354884608337228e-01 3.628941837115455815e-01 3.734738309985830562e-01 3.868433253733347121e-01 3.860559803874994422e-01 3.409088745112094365e-01 3.477773194470888951e-01 3.390806239663221588e-01 3.446701986683088914e-01 3.583478514598451015e-01 3.505807049976252254e-01 3.417641787699088884e-01 3.554246893818366893e-01 3.522018780564971085e-01 3.879765328065754582e-01 3.533066454786205068e-01 3.491546979398649775e-01 3.472385600297951957e-01 3.463678055447362847e-01 3.297573307834698597e-01 3.441029504065521438e-01 3.388689865027437742e-01 3.472347580589524307e-01 3.639081682117435435e-01 3.546087915398853374e-01 3.587022480742700914e-01 3.885958345028570626e-01 3.899471444163070677e-01 3.887886476040097739e-01 4.024104976435960990e-01 3.898943400228968015e-01 4.179096401183067799e-01 4.138465534915446442e-01 3.839058231008159461e-01 3.898631070820818278e-01 3.833029117841270650e-01 4.075194273006399470e-01 3.965877316842227884e-01 3.842969514601285441e-01 3.928848688336680772e-01 3.816978660515230048e-01 3.840610745140930482e-01 3.821266086891718650e-01 3.740414613455773640e-01 3.863098022671985765e-01 3.835206695720441150e-01 3.600216652561406550e-01 3.579963951553736812e-01 3.728293225675948230e-01 3.759790302036900012e-01 3.592454966267950023e-01 3.654079363206980124e-01 3.647954340552592156e-01 3.369172177829431458e-01 3.437321640910675491e-01 3.357712049351190831e-01 3.387835208872642667e-01 3.259557194401543900e-01 3.455427914674349399e-01 3.455242647101319786e-01 3.371953436866070297e-01 3.438241641970214424e-01 3.360893542409209012e-01 3.551560123833304439e-01 3.371940317932064501e-01 3.369163044004899188e-01 3.500151139531124667e-01 3.554409801965497939e-01 3.412793084408570210e-01 3.379892199636572725e-01 3.361799711398991697e-01 3.380684400431561709e-01 3.292083162313063083e-01 3.448486773185324150e-01 3.338800320542896216e-01
8.212712425338591915e-02 9.670645393869324591e-02 2.585505950218847659e-01 1.000000000000000000e+00 3.316916423572280337e-01 3.551240786579379360e-01 4.942513254545855550e-01 5.404119741274123756e-01 4.954550801446243047e-01 4.401230697360550281e-01 5.435430249520312174e-01 6.431875623582834489e-01 5.136161584839831207e-01 5.144178012961976298e-01 5.591019673632625642e-01 5.841284446138971242e-01 5.237776568300626101e-01 4.145544097882156165e-01 4.085792425883896239e-01 6.234603191254629584e-01 3.716770192962746133e-01 4.467474833160616776e-01 3.638854113268996104e-01 3.344928265754446572e-01 3.531693885686236767e-01 5.199329590800079171e-01 5.404870268963083424e-01 4.879427343361885661e-01 4.385863414229356216e-01 4.179946946577081657e-01 5.024090712684659010e-01 5.486692348498081184e-01 5.143053286723072715e-01 5.184649618570615903e-01 4.845779959066925935e-01 5.593664548036441087e-01 4.719435512840056690e-01 5.624668181370288123e-01 5.466829343126635710e-01 5.686664145180262420e-01 5.694549117216534118e-01 5.589331949346797446e-01 5.753365300995856302e-01 5.805122273648439801e-01 5.572837602630870135e-01 5.435202606791561530e-01 5.648942995405243916e-01 5.584391783405571186e-01 5.779172241560329715e-01 6.097651050328019018e-01 5.903368792795795628e-01 6.329843189444229745e-01 6.080729502247669283e-01 5.458412407796416899e-01 5.563517734453599095e-01 5.398632011971731259e-01 5.943112610880711966e-01 5.854899963101002358e-01 5.740445055382463746e-01 5.663435287958661357e-01 5.988794664113618049e-01 5.701905201107079213e-01 5.867511221840967517e-01 5.657856369174958377e-01 5.733320659457005197e-01 5.723717078909785760e-01 5.668569473571769546e-01 5.408863640603500667e-01 5.601817052126119023e-01 6.121581371181756825e-01 5.458380563319397138e-01 5.354970502908479313e-01 5.228124592439745699e-01 4.920862492306186109e-01 5.654611067469104135e-01 5.557701102673727744e-01 5.433733886051825834e-01 5.167044407452363597e-01 5.323170676053234907e-01 5.207813693051542847e-01 5.266736870183709174e-01 5.477537052063375933e-01 5.643694801579274278e-01 5.349640777186929208e-01 5.815516205981247078e-01 5.596164075441794061e-01 5.420415184712824574e-01 5.727736388142130597e-01 5.549100022197498427e-01 5.511678482245503385e-01 5.661860766539837941e-01 5.709776443345586650e-01 5.655712180698032610e-01 5.630051305631571523e-01 5.718697126080805049e-01 5.670387544565179683e-01 6.037693895672842093e-01 6.151414797807056578e-01 5.954228233878400278e-01 5.856194411745562212e-01 5.819757709264911094e-01 5.850640609001975800e-01 5.921036345807380030e-01 5.817913360229247655e-01 5.989081285167171531e-01 5.951525909433150741e-01 5.858747980113007126e-01 5.555316732430062299e-01 5.576529221141075521e-01 5.793973105685370495e-01 5.771128855345599717e-01 5.705625626823249696e-01 5.747825727680415664e-01 5.783660589462283896e-01 5.734015554146989491e-01 5.844731807415570746e-01
9.614301519998881551e-02 1.198523330421395749e-01 2.258722376118491304e-01 3.316916423572280337e-01 1.000000000000000000e+00 2.998154217145954092e-01 4.650600251995257173e-01 4.470907097321671908e-01 4.343353049557279189e-01 3.848497947913174233e-01 4.334918976810326896e-01 4.706036197928700204e-01 4.368722153281117682e-01 4.051661281918955138e-01 4.845941310565977100e-01 4.728016099902101477e-01 4.258478082937632858e-01 4.592411862054376348e-01 4.483504361077584877e-01 4.156770685758774397e-01 4.281382376973547066e-01 4.562273360580857418e-01 4.321149055658083937e-01 4.326092857802621428e-01 4.258692010889892354e-01 4.760082909176901467e-01 4.628551386542655854e-01 4.681014896564478223e-01 4.488606120941551203e-01 4.524548220792837805e-01 4.698239625905377692e-01 4.844388284156718183e-01 4.595911469336507738e-01 4.655505813500503964e-01 4.638681844147229949e-01 4.836776773594733125e-01 4.585621653996701519e-01 4.823337923077133937e-01 4.842638407178995186e-01 4.670205500451837244e-01 4.754817533633081128e-01 4.832073079535185167e-01 4.952292335623207920e-01 4.854653742263516092e-01 4.780038325982763903e-01 4.772383008721555187e-01 4.701364793682770160e-01 4.646254661771188621e-01 4.666299323296179691e-01 4.666070114264453950e-01 4.796661837105110626e-01 4.456131293697095375e-01 4.557526240195401979e-01 4.569379292319387109e-01 4.668929304029346139e-01 4.745446685837569900e-01 4.515462532254509997e-01 4.692747521660449728e-01 4.683722385427268597e-01 4.689444045092368007e-01 4.665204538091781150e-01 4.675474719988998995e-01 4.672019993463272791e-01 4.580919884710697998e-01 4.678217616131052914e-01 4.489987569563011482e-01 4.739726493785063055e-01 4.855744579809259664e-01 4.887973210544270253e-01 4.952105816048671394e-01 4.908373941883856784e-01 4.811581361248161159e-01 4.943010957023568630e-01 4.827610216461472592e-01 4.842251111396665419e-01 4.786846478837197827e-01 4.773883214205671965e-01 4.730932551632569538e-01 4.770733577638432421e-01 4.756714476128476310e-01 4.781642768488094664e-01 4.754719284143673064e-01 4.810905612179330881e-01 4.768298230971386165e-01 4.822109024367445818e-01 4.883283574501236513e-01 4.774225164016293599e-01 4.766066281139468286e-01 4.740638863337963138e-01 4.757981932551332838e-01 4.776494567517717282e-01 4.780002015458091336e-01 4.774329473048400385e-01 4.773875718290399028e-01 4.639499242164078496e-01 4.674003537347364290e-01 4.705223984031450812e-01 4.627250338292653309e-01 4.607992252006375411e-01 4.725242552675263941e-01 4.769537437221060272e-01 4.661616931010124643e-01 4.693053473798703967e-01 4.717980483248723211e-01 4.729335239892505371e-01 4.561831080499318403e-01 4.647697372512937797e-01 4.679228544173276161e-01 4.702248375276341652e-01 4.661378189236917713e-01 4.655359538619253668e-01 4.626435873563232715e-01 4.651427639029653283e-01 4.606609136433202911e-01 4.629424592288560736e-01 4.548226214448126137e-01
1.247593296461766005e-01 1.559893292729710446e-01 2.580173939970966668e-01 3.551240786579379360e-01 2.998154217145954092e-01 1.000000000000000000e+00 5.196527098445062887e-01 4.969021636567481637e-01 5.202694062996592317e-01 4.686717298519055275e-01 5.094158760277236464e-01 5.325799813652013492e-01 4.977810453950098912e-01 4.894137551240963502e-01 5.525858036750411761e-01 5.527777514550855642e-01 5.412734952252067355e-01 5.344240958832752186e-01 5.303057108815920628e-01 5.007728482707929363e-01 4.860734558925456361e-01 5.361729285870100448e-01 4.976270866742367738e-01 4.896384668454310529e-01 4.875873809255122371e-01 5.597126833945079705e-01 5.611297860672248561e-01 5.582628983139269474e-01 5.288201343533023291e-01 5.171618905613519779e-01 5.478371470344127747e-01 5.802057467282923930e-01 5.553613713369377480e-01 5.463160997545357667e-01 5.467121567231418844e-01 5.713874328563560701e-01 5.527736695348430818e-01 5.661609017319212400e-01 5.707298691575045657e-01 5.707823664459867885e-01 5.736345958175608217e-01 5.725551213205020140e-01 5.715714757019448866e-01 5.793260235911077416e-01 5.792641172304200392e-01 5.667051717133132493e-01 5.534696672658729888e-01 5.641572896514103208e-01 5.588396594704300169e-01 5.546058140695614425e-01 5.746185084917824204e-01 5.682270214506304207e-01 5.641517784269125535e-01 5.504103829705754292e-01 5.565392724874383967e-01 5.752505520136870221e-01 5.604587195977284164e-01 5.656359155204274680e-01 5.633562911649311333e-01 5.578551949718499881e-01 5.599438047861218237e-01 5.600678225172415203e-01 5.590387890504557866e-01 5.601934340634592280e-01 5.635852287834065555e-01 5.583371204872392690e-01 5.671516884146952098e-01 5.727231714259984896e-01 5.785878232542881472e-01 5.873563810161001042e-01 5.812427982517215375e-01 5.731927596033304928e-01 5.753586534361214699e-01 5.616101706926571735e-01 5.774839663409666590e-01 5.739519532451905492e-01 5.734416292063936327e-01 5.675041296077554254e-01 5.686061182867429009e-01 5.595966035563914032e-01 5.654864080317273389e-01 5.632288619549596920e-01 5.815474244854800245e-01 5.691085713494510312e-01 5.762719173176311660e-01 5.752197570041868158e-01 5.754954579754121280e-01 5.711081322145885597e-01 5.712745846389223336e-01 5.714143092937961077e-01 5.806572964999218156e-01 5.713565627322230167e-01 5.727145118474636920e-01 5.704124102095536886e-01 5.593210653483160488e-01 5.629061410208365812e-01 5.676008036097776044e-01 5.647732887655039224e-01 5.589213041607583587e-01 5.704085936621924313e-01 5.696805921176102405e-01 5.662044273398089134e-01 5.690656416662466244e-01 5.625281294322034276e-01 5.741241866611437317e-01 5.590290025891258008e-01 5.606145217363596167e-01 5.614279262796919578e-01 5.668047683931423109e-01 5.646161365397562859e-01 5.619457961339723306e-01 5.582702383144476643e-01 5.599029219321692841e-01 5.573295845740212640e-01 5.604696823027703889e-01 5.567512840199118074e-01
1.640676978423896981e-01 2.659671068715141473e-01 3.643050365853713335e-01 4.942513254545855550e-01 4.650600251995257173e-01 5.196527098445062887e-01 1.000000000000000000e+00 7.226509262712687010e-01 7.247462322256401634e-01 6.700794920727018988e-01 7.338296229923030323e-01 7.578734889742153591e-01 7.084524341538904757e-01 6.712492273244046181e-01 8.318338732849229755e-01 8.018610347030715735e-01 7.366222371039696792e-01 7.408000972929189576e-01 7.463916872141929115e-01 6.798833584512731232e-01 6.543985669938552352e-01 7.381449461296376580e-01 7.131142968051923381e-01 7.018041863315109818e-01 7.008513799823674617e-01 7.914476826174146051e-01 7.843201046301253587e-01 7.881223228813113435e-01 7.421117267181652766e-01 7.448108634630695724e-01 7.857939347158041654e-01 8.127757704879128298e-01 7.819323214371640685e-01 7.652972664952224502e-01 7.759755456273856877e-01 7.986757206135687293e-01 7.852383781376136573e-01 8.014080964567557031e-01 8.086224665779366827e-01 8.119250942175225694e-01 8.076721677996779869e-01 8.126523540889946107e-01 8.094935442123105673e-01 8.120377332920114544e-01 8.141266137865760255e-01 8.134178807015712831e-01 7.902028104340833581e-01 7.915978984871193669e-01 7.835607993536705118e-01 7.654802950058463562e-01 7.998406331506477951e-01 7.587028116606231443e-01 7.812342264379580348e-01 7.830915375938251044e-01 7.898024803427275975e-01 8.040917311825807046e-01 7.725293518736229270e-01 7.971947793052623910e-01 7.958832670247300012e-01 7.910097584299614626e-01 7.880072824826273026e-01 7.936665307452143159e-01 7.881911124336169472e-01 7.872555260423355072e-01 7.864714978219052854e-01 7.735817507450175601e-01 8.008100040867830449e-01 8.148199524878824151e-01 8.176613977690747603e-01 8.160752361927021692e-01 8.097846680046691947e-01 8.064581631615487245e-01 8.183850756110058189e-01 7.990607243704578311e-01 8.139355744563046002e-01 8.080358473798873176e-01 8.053783431845836782e-01 7.990461242063647829e-01 8.122790439475179314e-01 7.968465302194799316e-01 8.005909340288197562e-01 8.057794002237699260e-01 8.144191930839536075e-01 8.042468232085624447e-01 8.109396160940373077e-01 8.136222228203405793e-01 8.131506176398187735e-01 8.091935792247701986e-01 8.062387648762862069e-01 8.081639835369759384e-01 8.190970004439436236e-01 8.110912228302921134e-01 8.073763633420139030e-01 8.095197775578856225e-01 7.934000622599686192e-01 7.977851840161931385e-01 7.976204476855667247e-01 7.802259805068304521e-01 7.860189907105284979e-01 8.032950636532149025e-01 8.099715449636383235e-01 7.952131770651044151e-01 7.984067554366192088e-01 7.954242949149442632e-01 8.001338693270406699e-01 7.818903916665176368e-01 7.904048095883139391e-01 7.947035277071916592e-01 8.013341501588491234e-01 7.942910181004014802e-01 7.974380021600988577e-01 7.886340019827869918e-01 7.932064360514401447e-01 7.858416027380122904e-01 7.897290451498570896e-01 7.812754653547083761e-01
1.402073237854341015e-01 2.026372864203752067e-01 3.360832984929614797e-01 5.404119741274123756e-01 4.470907097321671908e-01 4.969021636567481637e-01 7.226509262712687010e-01 1.000000000000000000e+00 7.025863392241301630e-01 6.397241064841439062e-01 7.106869187755483486e-01 7.656208526301434558e-01 7.046582210915263156e-01 6.677405153400924886e-01 7.797982964682637075e-01 7.817898195423007568e-01 7.147926162761295554e-01 6.868291521325835536e-01 6.824057544482303728e-01 6.935689461098689668e-01 6.328395932448170891e-01 7.096716784560943569e-01 6.434997420038016669e-01 6.264872185734691179e-01 6.410072237361447156e-01 7.562916014498887174e-01 7.486259163990740539e-01 7.361045528466596544e-01 6.902073954797175448e-01 6.859666571224064535e-01 7.446159600702896286e-01 7.753315236006445010e-01 7.330203469365504931e-01 7.288876525269825102e-01 7.234337752763526641e-01 7.772011703674790439e-01 7.367778052984771398e-01 7.702870375264494474e-01 7.694862769320537366e-01 7.695565615788235725e-01 7.842644374792142603e-01 7.809058539533123566e-01 7.772731660154973410e-01 7.919486622266505016e-01 7.867554156871766624e-01 7.741523110956173293e-01 7.751429031131159553e-01 7.790284309867153700e-01 7.771913371477664478e-01 7.615494749891584814e-01 7.851061032621781122e-01 7.767623648625939792e-01 7.854469266054262544e-01 7.680926862117647413e-01 7.733205512989438368e-01 7.794214026246107929e-01 7.801088607123184415e-01 7.862273816678240212e-01 7.827702724602317863e-01 7.797831359742107837e-01 7.811277459865227923e-01 7.810006340985455875e-01 7.796205720275029005e-01 7.828290096960838218e-01 7.855089767900481634e-01 7.819723582716566757e-01 7.861822240460799582e-01 7.864699685718399280e-01 7.920987676252815302e-01 8.064977566654655261e-01 7.908525838118592999e-01 7.835237506827820164e-01 7.776569446590789747e-01 7.611900397851141253e-01 7.928364525700389853e-01 7.839699601095644343e-01 7.777958920452356928e-01 7.652963670948382813e-01 7.773985050901243143e-01 7.654708501736556814e-01 7.714150204044978310e-01 7.782252591943547015e-01 7.952702153681824315e-01 7.767428518502028645e-01 7.921831964451279129e-01 7.862390522423475803e-01 7.856491503575937507e-01 7.923996361796760146e-01 7.814382646706465874e-01 7.891466113352030298e-01 7.910380980749045499e-01 7.873101794516674801e-01 7.871344126396537799e-01 7.862178811560709413e-01 7.805050918174332164e-01 7.831635856869648693e-01 7.929869911727452925e-01 7.908803557315235988e-01 7.843298971590864088e-01 7.902144887413120600e-01 7.927131134066290885e-01 7.896442975727333558e-01 7.911560764411591506e-01 7.841784658385040352e-01 7.976032469623350885e-01 7.892675027047166836e-01 7.861677790191301529e-01 7.790395669005637513e-01 7.837341686868588564e-01 7.856295310564446188e-01 7.831189002492628948e-01 7.786295795532715003e-01 7.843342552187346772e-01 7.830430322450330216e-01 7.847261542736605477e-01 7.836779764865505760e-01
1.419537205383884504e-01 2.122842543757915978e-01 3.671490721371648003e-01 4.954550801446243047e-01 4.343353049557279189e-01 5.202694062996592317e-01 7.247462322256401634e-01 7.025863392241301630e-01 1.000000000000000000e+00 7.360398067865909777e-01 7.739240320037589216e-01 7.970683058535250609e-01 7.520999050906679306e-01 7.353778119750493669e-01 8.472353260924685436e-01 8.227409914358322363e-01 7.986627550936056252e-01 7.418014656039247923e-01 7.952769957086192054e-01 6.362608744195061838e-01 6.960661666600607145e-01 7.895875994433275702e-01 7.924679233100309084e-01 7.278036600136168488e-01 7.551243228382351624e-01 8.468090918228486919e-01 8.423289735871125616e-01 8.457882272396543000e-01 8.273965312678300821e-01 8.483367215239591141e-01 8.752971665610965735e-01 8.418727209620262553e-01 8.303624897745148781e-01 7.950330837000403328e-01 8.348553196979501267e-01 8.368429858890278350e-01 8.581555139460262938e-01 8.422695486772485696e-01 8.651305480370935497e-01 8.109013531896286375e-01 8.697546666097230039e-01 8.563987421291762159e-01 8.308561346739885556e-01 8.725035414090177577e-01 8.700653334687808993e-01 8.722202931301407114e-01 8.641243572658474648e-01 8.744405926954947894e-01 8.558177463588427791e-01 8.003197793177380115e-01 8.416669774679306215e-01 8.030971482228906888e-01 8.338043569532012089e-01 8.744815127081005945e-01 8.681976412548605415e-01 8.759554723850091484e-01 8.436472423242297181e-01 8.665007069902215253e-01 8.554783997344315161e-01 8.731224476074223029e-01 8.566467121493135384e-01 8.685488921460426948e-01 8.499084485574871506e-01 8.657894111264043957e-01 8.762665009230318214e-01 8.666705792489958204e-01 8.771786890278211457e-01 8.814591647301087685e-01 8.785842037859080689e-01 8.522038864838139549e-01 8.725048874057622639e-01 8.834732468907584568e-01 8.709653712732543518e-01 8.738111582589335180e-01 8.849722173092313682e-01 8.803138135815297138e-01 8.785751748812408168e-01 8.809266372778872256e-01 8.841036561471052879e-01 8.877194932194667487e-01 8.859915319578474113e-01 8.872480305916156107e-01 8.799074688727726024e-01 8.797131302238402339e-01 8.642327137897576339e-01 8.705319430683837734e-01 8.811040101447250583e-01 8.710885953452315311e-01 8.764079521388726812e-01 8.798338038685278306e-01 8.679128067799054547e-01 8.726147697037789364e-01 8.738450355409840276e-01 8.773195299405215364e-01 8.661686374851917947e-01 8.714598394382896407e-01 8.413265707457423526e-01 8.436961711184255419e-01 8.532395777913663881e-01 8.552219276063607323e-01 8.602770556889403064e-01 8.605580540040006499e-01 8.636398783268302015e-01 8.672149236091228897e-01 8.656179183226508922e-01 8.549418370509449527e-01 8.640764326683408880e-01 8.765904663811594499e-01 8.769949887245753750e-01 8.699033882683341323e-01 8.611303838267984068e-01 8.714841328539741916e-01 8.662794814918618469e-01 8.645919030218613965e-01 8.707109637853241990e-01 8.669465730233610889e-01
1.059002349102074331e-01 2.281984150290315982e-01 3.203515140252933269e-01 4.401230697360550281e-01 3.848497947913174233e-01 4.686717298519055275e-01 6.700794920727018988e-01 6.397241064841439062e-01 7.360398067865909777e-01 1.000000000000000000e+00 7.186397309255861954e-01 7.295213817906951448e-01 6.870888990330707990e-01 6.809736895777561694e-01 7.810146219137451551e-01 7.539235538548735294e-01 7.225563718678955638e-01 6.874534123051722068e-01 7.242505277902180350e-01 5.804407035025670458e-01 6.225468685607277175e-01 7.063888572228115281e-01 7.160549971612141240e-01 6.806145220907914295e-01 6.829414634239829862e-01 7.669283803591498971e-01 7.615623414813622594e-01 7.703464189543707263e-01 7.418282600972283536e-01 7.654523906053480875e-01 8.020263662591903264e-01 7.776130377021102102e-01 7.660269705408094820e-01 7.423713605205418675e-01 7.682479727358166866e-01 7.635610497591353019e-01 7.856742901479244479e-01 7.772919200140862017e-01 7.991564226838722140e-01 7.492227727826981099e-01 7.961017925907024617e-01 7.813698938275004391e-01 7.570912526082050897e-01 7.929049955887127465e-01 7.981486104357369271e-01 8.005192107426407633e-01 7.939676098362077328e-01 8.034208246997370795e-01 7.846557676988643593e-01 7.273269762440872643e-01 7.665490460955241003e-01 7.196305340416441210e-01 7.586011980365011675e-01 8.054048785787697451e-01 7.980015349995276397e-01 8.040353517051820331e-01 7.700903318981651147e-01 7.902758784608933107e-01 7.892906371632786300e-01 8.017070431005052233e-01 7.769928715592037127e-01 7.963673866714371385e-01 7.786447917412719910e-01 7.900098528405085085e-01 7.940952815176928192e-01 7.872109431202302110e-01 8.032906106224340093e-01 8.094615573575122403e-01 8.079080789565361576e-01 7.806469101725038717e-01 7.939350883905349487e-01 8.090310451002301617e-01 8.040448500822203748e-01 7.998215091072411465e-01 8.096656078399266931e-01 8.044101658250522036e-01 8.001014178008719613e-01 8.013934594190409433e-01 8.096761437297720354e-01 8.122940424853035690e-01 8.103623966456113825e-01 8.138990435114905608e-01 8.035844341828793924e-01 8.084750205145387891e-01 7.936413011317229316e-01 8.031215141283889469e-01 8.089945523293946561e-01 8.004949968039469788e-01 8.056455237835946637e-01 8.064678059268296506e-01 7.980789509716992303e-01 8.000683516020700159e-01 8.013702670195083089e-01 8.059403688021051781e-01 7.952679763523105017e-01 8.007509104857223337e-01 7.740716018513073005e-01 7.688965745530410567e-01 7.807920565848205374e-01 7.834093728052532457e-01 7.875980240637537877e-01 7.895381409808676088e-01 7.874956363713249141e-01 7.928091441158875430e-01 7.879511898759522515e-01 7.808819089637282218e-01 7.940630576232799998e-01 8.040578800207442978e-01 8.047266001899423538e-01 7.979823533474188491e-01 7.951687287150465133e-01 7.971998550091249358e-01 7.964630256452104318e-01 7.917911175759828613e-01 7.966443499168678333e-01 7.918465054571479644e-01
1.578470496414479396e-01 2.412450961077445832e-01 4.076032761722349629e-01 5.435430249520312174e-01 4.334918976810326896e-01 5.094158760277236464e-01 7.338296229923030323e-01 7.106869187755483486e-01 7.739240320037589216e-01 7.186397309255861954e-01 1.000000000000000000e+00 8.066032501883018124e-01 7.247779660150859282e-01 7.166611325023843904e-01 8.359206181754579301e-01 8.149428278048952423e-01 7.694027146944546480e-01 7.606356056692251677e-01 7.849022753173129363e-01 6.930411072397967276e-01 7.013526241416943030e-01 7.873685024104292163e-01 7.626378561309675730e-01 7.282208827546605701e-01 7.371649325443093703e-01 8.413985142769604408e-01 8.379769868171917935e-01 8.324605852286335317e-01 8.060892692598742304e-01 8.140669721883379006e-01 8.559297108839927226e-01 8.415415860262596137e-01 8.186203647873981915e-01 8.020789422518707079e-01 8.240654309917577747e-01 8.323305525699546958e-01 8.402393371778722475e-01 8.408101898363570248e-01 8.510316412001935893e-01 8.195417088554483032e-01 8.527411087382078536e-01 8.438724737191032332e-01 8.212890279307782926e-01 8.557995370366536791e-01 8.539233648106582253e-01 8.558736829477452401e-01 8.441082992375680272e-01 8.466233570564530853e-01 8.412969442436156742e-01 8.030809310357958086e-01 8.329452108299011392e-01 7.990663794008848742e-01 8.268802774017172119e-01 8.490882459524555781e-01 8.519419054477807007e-01 8.589208731615637360e-01 8.360334586594315720e-01 8.480485322918854818e-01 8.435141652993713990e-01 8.472634287549788423e-01 8.375797363872314882e-01 8.470980895429662816e-01 8.376621263243514415e-01 8.437460204790779850e-01 8.509290474554483952e-01 8.429833358774339036e-01 8.548333756009219853e-01 8.626463528376849821e-01 8.643376823532668007e-01 8.604988330427385534e-01 8.591575293094648735e-01 8.629132779116264196e-01 8.604754902391014149e-01 8.512805923629145344e-01 8.657812034836841475e-01 8.624321975652607941e-01 8.580455871708517757e-01 8.572982434097353721e-01 8.609770496594486566e-01 8.603855288756956377e-01 8.602195129135163931e-01 8.634887197423989358e-01 8.613998777299649579e-01 8.578000108840624360e-01 8.544367429587639284e-01 8.586264242123274881e-01 8.609716691919537812e-01 8.558730475578979480e-01 8.544596824522948664e-01 8.594565168759769058e-01 8.565680080900225368e-01 8.529441835637565639e-01 8.544848891646812383e-01 8.605916193979878948e-01 8.451033596380705948e-01 8.493773365154976274e-01 8.350492047562767528e-01 8.366080967258821000e-01 8.379487279403878830e-01 8.433610406294147488e-01 8.436834197144610359e-01 8.451709275478436201e-01 8.453270600582051264e-01 8.465839898966370791e-01 8.499972492315804873e-01 8.405005534757603591e-01 8.475166136954688234e-01 8.511489332335433478e-01 8.553626921650706594e-01 8.492506812447995213e-01 8.433832759408009805e-01 8.451347007668039701e-01 8.471474511810356267e-01 8.421392657785047309e-01 8.474685621509487898e-01 8.419858836968724392e-01
3.469153298462570451e-02 1.367351225455036290e-01 3.115318651456264187e-01 6.431875623582834489e-01 4.706036197928700204e-01 5.325799813652013492e-01 7.578734889742153591e-01 7.656208526301434558e-01 7.970683058535250609e-01 7.295213817906951448e-01 8.066032501883018124e-01 1.000000000000000000e+00 7.864670572121610359e-01 8.051968266691615916e-01 8.873887357100487261e-01 8.856022179145436324e-01 8.114560683012401743e-01 7.050914818545046536e-01 7.271927955875284733e-01 7.644854587193248285e-01 6.258548198378768301e-01 7.386779975380787233e-01 6.890189714100767304e-01 6.376426840762100534e-01 6.502365600776178756e-01 8.269172470579830847e-01 8.439381668476704235e-01 8.121601432432449252e-01 7.596736422441787706e-01 7.605135241431359994e-01 8.375546902521733283e-01 8.693994909441308261e-01 8.358555836245590287e-01 8.276062556373670054e-01 8.191698499247769272e-01 8.661909405168367604e-01 8.201116241147623498e-01 8.929522818839159548e-01 8.915761518745782821e-01 8.604476391393599544e-01 8.947302034500000945e-01 8.910093951291773173e-01 8.857327294301696741e-01 9.093043734779343579e-01 8.861335124899298865e-01 8.850981071939889588e-01 9.082182979093941233e-01 9.081433880524525382e-01 9.128394825639447596e-01 8.918195786980898099e-01 9.094016748683402263e-01 8.923761703694944591e-01 9.062995851179694862e-01 8.956382733434925525e-01 9.009602025934441150e-01 8.874662129710444436e-01 9.047901845766229689e-01 9.142811249810786078e-01 9.110689628663269923e-01 9.084821095488235798e-01 9.194819926661271792e-01 9.113017944505557022e-01 9.138243121882652087e-01 9.046577978388813390e-01 9.071428631570751522e-01 8.994175871434131331e-01 9.104237801196607416e-01 8.931695493361354599e-01 9.023532310785599142e-01 9.136882591420161237e-01 8.802353985051588614e-01 8.872837292437522061e-01 8.688308750880980869e-01 8.435652850121886370e-01 9.076938190490665415e-01 8.985778690339066843e-01 8.917963915550228826e-01 8.678437196619456229e-01 8.817055184189784844e-01 8.771754600364239929e-01 8.832033956456250001e-01 8.969331802708545576e-01 9.068628196036274680e-01 8.912444965771201266e-01 9.110032773078650115e-01 9.009238695944086217e-01 8.934881203659801319e-01 9.140843292747035109e-01 9.064226134188485551e-01 9.017626570158446819e-01 9.020020277158371513e-01 9.114736299422060428e-01 9.065136648292649868e-01 9.091275880266987963e-01 9.136081099887376489e-01 9.131788456805449705e-01 9.176102160444647993e-01 9.204421747101787510e-01 9.192678281555110020e-01 9.161312512783800210e-01 9.149288009999732019e-01 9.199644992028128687e-01 9.172985551651141600e-01 9.179969477089537921e-01 9.208750033151029690e-01 9.163427148974442327e-01 9.193407294444773115e-01 9.061147583946701500e-01 9.086944636809963782e-01 9.175900271053787360e-01 9.152739994346774655e-01 9.138643946980611332e-01 9.156961245881103384e-01 9.167896005055448105e-01 9.138334579962754667e-01 9.143205805350790305e-01
6.457000950835922737e-02 1.544622733617253274e-01 3.123203030814714065e-01 5.136161584839831207e-01 4.368722153281117682e-01 4.977810453950098912e-01 7.084524341538904757e-01 7.046582210915263156e-01 7.520999050906679306e-01 6.870888990330707990e-01 7.247779660150859282e-01 7.864670572121610359e-01 1.000000000000000000e+00 7.252691867460446806e-01 8.294630520565587917e-01 8.155584995202658227e-01 7.432153469551240343e-01 6.738877641663384432e-01 7.068483773233744660e-01 6.397963851863486262e-01 6.117962565060546254e-01 7.088469918168145423e-01 6.873853474598761171e-01 6.375900583699745106e-01 6.627834119574895766e-01 7.740162423256924384e-01 7.861187162436051867e-01 7.606832614278657978e-01 7.288031514840026537e-01 7.484367668829896569e-01 8.038586801267003645e-01 7.926529195539410155e-01 7.669726766627675829e-01 7.522371924764795770e-01 7.709245844450867136e-01 7.975382241453669030e-01 7.876460899854873521e-01 7.992991813928085332e-01 8.237487132311677174e-01 7.729010920232820547e-01 8.252817997915639081e-01 8.182896230671733440e-01 8.114415464249237209e-01 8.351420197354354480e-01 8.230317865214273887e-01 8.235219624090939217e-01 8.319684350683388407e-01 8.359715669230106672e-01 8.280265677290986615e-01 7.864515627528246844e-01 8.128461803736298785e-01 7.898874186436860567e-01 8.206729724898697009e-01 8.300155311501257183e-01 8.248648237608288136e-01 8.248434221535043687e-01 8.127927091370428236e-01 8.345972591922649064e-01 8.254717687103872992e-01 8.394551329524460037e-01 8.342777259313297611e-01 8.368341628498348062e-01 8.263128895425150278e-01 8.304854449039428266e-01 8.332677266143000416e-01 8.281268406317043862e-01 8.384241812383983472e-01 8.326932868035824553e-01 8.350033702530045288e-01 8.236316059281338919e-01 8.213470291614936025e-01 8.329140141882774850e-01 8.158744353495238633e-01 8.066600175858971156e-01 8.387952453118885376e-01 8.323484154612927899e-01 8.295640398369014124e-01 8.174141731846419345e-01 8.309989762959799631e-01 8.296617141522478756e-01 8.311720464267101649e-01 8.395038607233896721e-01 8.378382214881251455e-01 8.329577279096459508e-01 8.307920512638684585e-01 8.307361874446845817e-01 8.332816073445604710e-01 8.363566329024288981e-01 8.378797765845571455e-01 8.366460777371003132e-01 8.291493124535836978e-01 8.363561401829012754e-01 8.376733371477603773e-01 8.390725130367904239e-01 8.380235779610071267e-01 8.402743530071874467e-01 8.268987125212955425e-01 8.241381803944426432e-01 8.323028030076821127e-01 8.301343848959406024e-01 8.375794129506828334e-01 8.362349640829276343e-01 8.372012843251721570e-01 8.394980020154381162e-01 8.381463820050701896e-01 8.322815573714886783e-01 8.382214116033501750e-01 8.378334272264494897e-01 8.398313899480505107e-01 8.391620157924246648e-01 8.351558597337296330e-01 8.409326444873700401e-01 8.384046094195239940e-01 8.379329794051442182e-01 8.386039049812586965e-01 8.383294315881011372e-01
