1.000000000000000000e+00 3.020762039166585144e-01 1.501148884886434887e-01 8.331103260590133619e-02 1.286722311210889737e-02 3.836520685013862508e-02 4.966013363843446021e-02 -1.835236505260088994e-05 2.059829093836437752e-01 1.302767449304042535e-01 1.330709702964000783e-02 8.393054077629151857e-03 1.363292026561555362e-02 -2.235877840614717421e-02 3.242016469621611385e-02 -5.847747935192560038e-03 1.353659912271234222e-01 1.866661758687698791e-01 1.253864331460808057e-01 6.406578094518684818e-02 1.482157286075707903e-01 1.411552200775192945e-01 2.264127600967749676e-01 1.909044856282548497e-01 1.707697231327046372e-01 1.352885111205527624e-01 1.538528462686635234e-01 1.945482824732652494e-01 2.387612873196386654e-01 1.828984664271705862e-01 1.443048122550636969e-01 1.050583648678127396e-01 9.153955507310738982e-02 1.139776383843586760e-01 1.211861165883628688e-01 5.208358024983179846e-02 1.206429411330724732e-01 6.375725366650869530e-02 8.484007961375471252e-02 2.991365929153694259e-02 6.143063659720164604e-02 3.017159472658660288e-02 -2.262937925845434281e-02 2.259492340956346240e-02 6.690940311369335258e-02 6.429040011258659038e-02 1.997967584589424930e-02 2.706436070329893556e-02 3.014266466045049594e-02 3.675435781200198093e-02 1.261901102827248100e-02 -2.271409550543966593e-03 -5.696983239041723129e-03 4.612011945977061850e-02 3.697675565100763673e-02 7.648199008358173845e-02 3.652991250309104571e-02 -1.307221191861407221e-02 3.425039977894036441e-02 2.287110474079424513e-02 1.894785487526700826e-03 4.542329872121621780e-03 3.196427640201983823e-03 2.778443077946866555e-02 5.909985889910805701e-02 4.337351486568404718e-02 4.899166073084990775e-02 4.623416156888032758e-02 4.791107937696195002e-02 2.794991133500948285e-02 4.742671819432330710e-02 5.797521465744173014e-02 5.077162079732888689e-02 7.469915765536512542e-02 4.971167048718915654e-02 5.388907531888799396e-02 7.886517994677853804e-02 9.664252284986010744e-02 8.071570700930734421e-02 6.766921068024805974e-02 7.356416220665544514e-02 5.230397569131030322e-02 8.151690039703615720e-02 5.519081613506995887e-02 2.517628067426153082e-02 4.318007004471885457e-02 4.590493638437820323e-02 3.372400970199553039e-02 2.605559808157961385e-02 5.976890390670157316e-02 2.850524589938748660e-02 2.621120725797188369e-02 2.619809399315601098e-02 2.898494043895386701e-02 7.424214955302757199e-03 2.004532200855951851e-02 -1.085095366163191764e-02 5.312371358914445840e-02 7.350990460696552042e-03 2.151042291862592312e-02 -2.372507087545442164e-02 9.228477140138104801e-03 9.049387139308957481e-03 -3.886837987908239238e-04 1.351875563313926533e-02 1.769797719786864176e-02 2.040172873488823799e-02 3.266919859344390165e-02 3.685216068961762181e-02 1.436640254102949585e-02 1.528636877241689590e-02 1.904836311312282926e-02 -9.750542316855169553e-04 2.332808977198709208e-02 4.101409832050432330e-02 2.715188365581698224e-02
3.020762039166585144e-01 1.000000000000000000e+00 1.694656941307353948e-01 1.656213206710122066e-01 7.045530539940750292e-02 1.607917108118363803e-01 1.803256814065280489e-01 1.234812305547691030e-01 2.344775071188393289e-01 2.085376292964844225e-01 1.502374357941902161e-01 1.287754598152363317e-01 1.102419722630206683e-01 1.146301656777082845e-01 1.818827909188869552e-01 1.402231153088984994e-01 2.106764008718615411e-01 2.574799971723238379e-01 2.248855097988738116e-01 1.410577073990296193e-01 2.227615197543345860e-01 2.301423436018500135e-01 2.875793206107194466e-01 2.657514189520528425e-01 2.494256499576339992e-01 2.188873685060838126e-01 2.458151985836349585e-01 2.629498539813331925e-01 2.913437398412950796e-01 2.604961120133829078e-01 2.423309307103128918e-01 2.219765023656803116e-01 2.125186051126393971e-01 2.234839478223363263e-01 2.201021300724207153e-01 1.866319687554654216e-01 2.338813222930729019e-01 1.925568441363906813e-01 2.036321634750730136e-01 1.904441344218992249e-01 1.960256074857104625e-01 1.808291750712814894e-01 1.418419516921496926e-01 1.682114365481614804e-01 2.066022201171684169e-01 1.864105670660121672e-01 1.530019214176626396e-01 1.680106697803032123e-01 1.596191171884480675e-01 1.619051298550450990e-01 1.493374559310118033e-01 1.150780041495047951e-01 1.289666971325683920e-01 1.818969972465681595e-01 1.786163866826963043e-01 2.127633281893826223e-01 1.565086141556565058e-01 1.386704526997776243e-01 1.671518991820213074e-01 1.493339428986080741e-01 1.280953206253497845e-01 1.474569295298163996e-01 1.367428137701903745e-01 1.528405182615003854e-01 1.689585447854324574e-01 1.616799787129941102e-01 1.771253300705151745e-01 1.823954670120538357e-01 1.828936981440573706e-01 1.610736566211116161e-01 1.827615096415886320e-01 1.886369913277596011e-01 1.832249992002215611e-01 1.978547685546178103e-01 1.756415755214882635e-01 1.828781940221891333e-01 1.954085843324771254e-01 2.125463900103698178e-01 2.045809325567204129e-01 1.966142093846734162e-01 1.960399351145184488e-01 1.881462505705165100e-01 2.095794431916053191e-01 1.795653563714355028e-01 1.673499815793238199e-01 1.779421026772883829e-01 1.884957778281899643e-01 1.797029054964363048e-01 1.694596335268194476e-01 2.050612906518365364e-01 1.840841839786311607e-01 1.696729857142207643e-01 1.735754750171186467e-01 1.762434390924649819e-01 1.583987092449198331e-01 1.669189787494242683e-01 1.405138271071158518e-01 1.562105573317656704e-01 1.388136959962053552e-01 1.620232652746867452e-01 1.364518061851830721e-01 1.479390910820003180e-01 1.472301207305676818e-01 1.444998921145193849e-01 1.538673330616862345e-01 1.587640802524026562e-01 1.577499696743716318e-01 1.772152503745258734e-01 1.848390681396998303e-01 1.573366412071900700e-01 1.702675555693485554e-01 1.591419988086188453e-01 1.495152308830743626e-01 1.553629508243654922e-01 1.736436617400482496e-01 1.607146271978075747e-01
1.501148884886434887e-01 1.694656941307353948e-01 1.000000000000000000e+00 3.733969626130497210e-01 2.102542854269667805e-01 2.680904775773015336e-01 3.580398400866124931e-01 3.423495060224404640e-01 3.880568205721537378e-01 3.465043225734457111e-01 3.504483054339561088e-01 3.862622697250622794e-01 3.300500672448575812e-01 2.852508439573457899e-01 3.932380366403112615e-01 3.599554569098925572e-01 3.573726774937375228e-01 3.851473217363583501e-01 3.809854199460607216e-01 3.285297791402530532e-01 4.030030703025230254e-01 3.933567499547341861e-01 3.988055045354243489e-01 3.908428454114560302e-01 3.821613335225890751e-01 4.257175638679344676e-01 4.156184882300200667e-01 4.204613340781112041e-01 4.115348867151123469e-01 3.969555878266752824e-01 4.050075508917679867e-01 4.116034283555287665e-01 4.036609079969819547e-01 4.233955311342583183e-01 4.013351160023395647e-01 3.905156766233305876e-01 4.058046716423880929e-01 4.148732690824630254e-01 4.109447892812626568e-01 3.973869955141808852e-01 4.007905412798641320e-01 3.964531995983534007e-01 3.676753078546026732e-01 3.891642993623795621e-01 4.070925953268216269e-01 3.992048802587292444e-01 3.839553675206205940e-01 3.775677912755208143e-01 3.893100521199246433e-01 4.059903630796103946e-01 3.957640323316519160e-01 3.711831548437015682e-01 3.761562123626673859e-01 3.811691838514291719e-01 3.946103928634598912e-01 4.166560199789303698e-01 3.892652757909150774e-01 3.708094129795283522e-01 3.935891418735842917e-01 3.742428798967300518e-01 3.743360382783213480e-01 3.747691218003920133e-01 3.833767564430039521e-01 3.821312951293809324e-01 3.864424065063723490e-01 3.897519272410623348e-01 3.900482434894554928e-01 3.935360170007985992e-01 3.982603919618472599e-01 3.973347215163869350e-01 4.003065901372666602e-01 4.034013802746884148e-01 3.998298762686877117e-01 3.946588760355695946e-01 4.037013236649639736e-01 4.009106312600544952e-01 4.073176877008956032e-01 4.056686590821101390e-01 4.021264463298830916e-01 3.944778587442627216e-01 4.092641670685049360e-01 3.962262896349841856e-01 4.092912886573326081e-01 4.001774781327341879e-01 3.974253574064426364e-01 4.041619652835543031e-01 4.017263210205349599e-01 3.997203246163383850e-01 3.930860938473974553e-01 4.029954465058092627e-01 3.993201387237453326e-01 3.930997852403250170e-01 3.917020505197906233e-01 3.918758230247884611e-01 3.819640869337335709e-01 3.804845213881859478e-01 3.797797541522193732e-01 3.919948394455055052e-01 3.798012968149278579e-01 3.938071041975242381e-01 3.713704021333115723e-01 3.849485453375187660e-01 3.803703588467334251e-01 3.769767361204441336e-01 3.859679309293485017e-01 3.774780594585787630e-01 3.838528993211856588e-01 3.851604614172647878e-01 3.925557456479732421e-01 3.829537012075682756e-01 3.865152251791855731e-01 3.789520105124904448e-01 3.735879646476503169e-01 3.849484534568283212e-01 3.889562053146082832e-01 3.827533655265464296e-01
8.331103260590133619e-02 1.656213206710122066e-01 3.733969626130497210e-01 1.000000000000000000e+00 3.526098573720313767e-01 4.084301593588805512e-01 6.101128744942504456e-01 5.828312999893525692e-01 5.581460331334675562e-01 5.291313753862589842e-01 5.683484621076105858e-01 6.346283448427583185e-01 5.536647135540362363e-01 4.608727907631688936e-01 6.433917428153433926e-01 6.128342361968553975e-01 5.685537669314248976e-01 6.022927843311285390e-01 6.060375781367275394e-01 5.079934539010981798e-01 6.553611081192570742e-01 6.344110962079488880e-01 6.081950172645839148e-01 6.030761580630252805e-01 5.908618938349465832e-01 6.528876643857601803e-01 6.365516866205173097e-01 6.508643773466999960e-01 5.885546793075580041e-01 6.047685343929217749e-01 6.187020417901596403e-01 6.369025937808238114e-01 6.309468548310678271e-01 6.532742899722884244e-01 6.060026545338914605e-01 6.569538573771045442e-01 6.365546089093296889e-01 6.559830866751484857e-01 6.533217874745822495e-01 6.730901267179769665e-01 6.462397896091174321e-01 6.601717923854648618e-01 6.445207989934101933e-01 6.542665054523388868e-01 6.591018854604084876e-01 6.332519123337537748e-01 6.231967616717267733e-01 6.096735004742224184e-01 6.269166660296500160e-01 6.481053658504732917e-01 6.458800307969462251e-01 6.302309959826501995e-01 6.229590172629754230e-01 6.159561756901025253e-01 6.326837218519834050e-01 6.636404315740315196e-01 6.242364462586865725e-01 6.208633844768590704e-01 6.270487501465518143e-01 6.168978123876990294e-01 6.188879397656685821e-01 6.142415535889916844e-01 6.224518497698304786e-01 6.194281963661801838e-01 6.189722141129164745e-01 6.276641873363465463e-01 6.288736549610313142e-01 6.404168373515670698e-01 6.390976928467515528e-01 6.510830397706885986e-01 6.517444606685436348e-01 6.436568995335925081e-01 6.443701419310875478e-01 6.397605724967134755e-01 6.476536532711985039e-01 6.365053772624931216e-01 6.439931961040978869e-01 6.322197163351617188e-01 6.379441532655870661e-01 6.280513518296899633e-01 6.403909859101969415e-01 6.285563621352404651e-01 6.520884421490960037e-01 6.301855319255847965e-01 6.454731739547350244e-01 6.445334117769343507e-01 6.433023699878259727e-01 6.532108898210838843e-01 6.423182185913174358e-01 6.495382738283860258e-01 6.582010597518552775e-01 6.454825901440819358e-01 6.404358259525909647e-01 6.398326255613663305e-01 6.244224428306870411e-01 6.174800424632844731e-01 6.453299338906943738e-01 6.277552251048363896e-01 6.247820153164829193e-01 6.439341414548467313e-01 6.398688027285568403e-01 6.365631658090407097e-01 6.233989146995470021e-01 6.304363440914856342e-01 6.410959214380899107e-01 6.224772149108320773e-01 6.217233231194427834e-01 6.195765664318364507e-01 6.318520524468258515e-01 6.210343755130023347e-01 6.376951040084868350e-01 6.180558672138567466e-01 6.186395029093970654e-01 6.276485718772361055e-01 6.312851676680448776e-01 6.218279550042593584e-01
1.286722311210889737e-02 7.045530539940750292e-02 2.102542854269667805e-01 3.526098573720313767e-01 1.000000000000000000e+00 3.158798103689177683e-01 4.635829118294034212e-01 4.418771418079651681e-01 4.453362557457146709e-01 3.984193936769750422e-01 4.598558259228748279e-01 4.875856138816057062e-01 4.832929583602988965e-01 3.659103718022614915e-01 5.071342641721645617e-01 5.085265152665612298e-01 4.247977596744346163e-01 4.198902862059006313e-01 4.635255703303388097e-01 3.946630954776432776e-01 4.488986024072132430e-01 4.585468263907220843e-01 4.265818138465323761e-01 4.336473224468531673e-01 4.306061207794855683e-01 4.865021138970830328e-01 4.693291445561710296e-01 4.586726043921217078e-01 3.978104826730520793e-01 4.315605161635573395e-01 4.570611313436839795e-01 4.650148860639619075e-01 4.453452677964256923e-01 4.651403105286059936e-01 4.403628132916547755e-01 4.673641414421119133e-01 4.650775898760610705e-01 4.827157679271815161e-01 4.740015861059875268e-01 4.884562470327866723e-01 4.950549730860338005e-01 5.052713246976459072e-01 5.091208858098480450e-01 5.112432990934284716e-01 4.963493239451061134e-01 4.935596556250820832e-01 5.030468980465395701e-01 4.930601400667340428e-01 4.993628611690629771e-01 4.948573219155116831e-01 5.041249014056541355e-01 5.131439819499189481e-01 5.108640729695937965e-01 4.912923902492618566e-01 4.931529825142235146e-01 4.903584728872502629e-01 4.888977131924108765e-01 5.083779209982903780e-01 4.917152458862418807e-01 5.025642731772951288e-01 5.082557650037009545e-01 4.948621057557368030e-01 4.924403718541017771e-01 4.868697410033496209e-01 4.988464224975908134e-01 4.984083536808668891e-01 5.009422137057039093e-01 5.035233365978478703e-01 4.991864098527397653e-01 5.160557792322245652e-01 5.085051685337713678e-01 5.063659170311533009e-01 5.051088382870043691e-01 5.003370748147689673e-01 5.053834147593821990e-01 4.944562968028698990e-01 4.960143526607186382e-01 4.753119507227944740e-01 4.885571804115735883e-01 4.884427628772670116e-01 4.948187065937815765e-01 4.892367882098196397e-01 4.884363365191449202e-01 4.847743832792882901e-01 5.021202702827314290e-01 5.019246168477413672e-01 4.948797960364913484e-01 5.030197454548908098e-01 5.016269923065580505e-01 4.934004035187678494e-01 5.052876103990219248e-01 5.089290280250168275e-01 5.047532758331623182e-01 5.040728839877128831e-01 5.011525146709503442e-01 4.981812595898105211e-01 5.076931496852545855e-01 4.906380972674175833e-01 5.030368016388556685e-01 5.070147551416555043e-01 5.124758317340061264e-01 4.991869610677769353e-01 5.065394270961169898e-01 5.117172033876875581e-01 5.082495777917164226e-01 4.920023817362819130e-01 4.954396799236390758e-01 4.955394898961269501e-01 4.980813324554110300e-01 5.010774632510640592e-01 4.986952398713923040e-01 4.981281078154974340e-01 4.964843665287457797e-01 4.965674566285445679e-01 5.025091769922653828e-01 4.982839155542396203e-01
3.836520685013862508e-02 1.607917108118363803e-01 2.680904775773015336e-01 4.084301593588805512e-01 3.158798103689177683e-01 1.000000000000000000e+00 5.498984238156532367e-01 5.075860398373382987e-01 5.259458708326190113e-01 5.033717290771676511e-01 5.484217774492260444e-01 5.810732498973445459e-01 5.298324769997535544e-01 4.270623666280187192e-01 5.977540374411300927e-01 5.958443377125309803e-01 5.214125708868687648e-01 5.148085644510697056e-01 5.568121022064947967e-01 4.300771704298720355e-01 5.053264452025370002e-01 5.514742488821009481e-01 5.210827758788642017e-01 5.101918910480621738e-01 5.335805907895012634e-01 5.826939174497397511e-01 5.790855184277347023e-01 5.704765121996870914e-01 5.419478563065340815e-01 5.525344165174560507e-01 5.835595962248217861e-01 5.645042793780045143e-01 5.655004501131163375e-01 5.786259714909919305e-01 5.521154800895319292e-01 5.738784727333000601e-01 5.875915879490983817e-01 5.937414038533941341e-01 5.928451234736989983e-01 5.918644892038610328e-01 6.123196960389293286e-01 6.063624978453444614e-01 5.969189098442952979e-01 6.095051470867406396e-01 6.066563873197337031e-01 6.057462160743780633e-01 6.022072321827263153e-01 6.053327649580244607e-01 5.961969961093205317e-01 5.829581895729042396e-01 5.950702495370318035e-01 5.776067639396520459e-01 5.958113710179377964e-01 6.039856654283212167e-01 6.065553283916977900e-01 6.064101746437779994e-01 5.949522701212999198e-01 6.039556914573158686e-01 5.950234427677130178e-01 6.008078138175780847e-01 5.934403623669121108e-01 6.015067451943694188e-01 5.971047873660532135e-01 5.967264471928109826e-01 5.993353242269173764e-01 5.991672404721569700e-01 6.042380757545722236e-01 6.103484984922389334e-01 6.052568030946045008e-01 6.108321263805456258e-01 6.087849796637615496e-01 6.112300935385724943e-01 6.012178822481621943e-01 6.024565996650198541e-01 6.104009625144773965e-01 6.060971045646906807e-01 6.091089970182392843e-01 6.024374103541311198e-01 6.052226030705143422e-01 6.032653998176690235e-01 6.097008875464821065e-01 6.044453592795250296e-01 6.081845952508297959e-01 5.993920410781040653e-01 6.020825121161714755e-01 6.049240786090307465e-01 6.095047225463239293e-01 6.133962424696532967e-01 6.120863897657705666e-01 6.130359250561530082e-01 6.182690188122709207e-01 6.155263470402847492e-01 6.129039870219105124e-01 6.148382701111630988e-01 6.085864770091861109e-01 6.077352047613032715e-01 6.028269225785265473e-01 5.945597923406554797e-01 6.033122995102546682e-01 6.070513955211914725e-01 6.116714251820745130e-01 6.071298765439463452e-01 6.047163206902478327e-01 6.088032361320747654e-01 6.102784916776152757e-01 6.091985909874706451e-01 6.065183660217444706e-01 6.091785018192366064e-01 6.134573316652628394e-01 6.067232815818661695e-01 6.148394852668185306e-01 6.065643223346356416e-01 6.115833036380486920e-01 6.048869333304789375e-01 6.073311344614051865e-01 6.050506046853248998e-01
4.966013363843446021e-02 1.803256814065280489e-01 3.580398400866124931e-01 6.101128744942504456e-01 4.635829118294034212e-01 5.498984238156532367e-01 1.000000000000000000e+00 7.241283516328503866e-01 6.918102873659114360e-01 6.874258008622610161e-01 7.354302591437570369e-01 7.926181657063133823e-01 7.212343028626698738e-01 5.882862682572229662e-01 8.483523411574773743e-01 7.912957858800531152e-01 7.044737064248084435e-01 6.880570692324626814e-01 7.260556709383787499e-01 6.157651656285726416e-01 7.267541361713016901e-01 7.253676716310035744e-01 7.091410206692483342e-01 7.061590478753982936e-01 6.867332278849229699e-01 7.986871963143871156e-01 7.742338074192476327e-01 7.708590724405049999e-01 6.994048617518070499e-01 7.346401593479007230e-01 7.723289960112655894e-01 7.797857701337478353e-01 7.610020166564668287e-01 7.893623976365755635e-01 7.297755805196947110e-01 7.922249043770461796e-01 7.806651609075720977e-01 8.100918180539776747e-01 8.053771958543807230e-01 8.252204694808068508e-01 8.153633299414264624e-01 8.257515193674538345e-01 8.143292714904363239e-01 8.214772529256153533e-01 8.206946658452245469e-01 8.098212390035223196e-01 7.986120508911166427e-01 7.928922771224808930e-01 7.924196449013364285e-01 7.857183045130097243e-01 8.103489030114556790e-01 7.776656120564044983e-01 7.968637156940509003e-01 7.950087887808258147e-01 8.004964475987447203e-01 8.237585916986798207e-01 7.912825039957339657e-01 8.005883809735581114e-01 7.989324062716324226e-01 7.938553327995181430e-01 7.882068745955720379e-01 7.945615587062756502e-01 7.978388259059038257e-01 7.917205301334596657e-01 7.814110273427636866e-01 7.922353670916867374e-01 8.044897883143291573e-01 8.088026617427449549e-01 8.106892442548149225e-01 8.195394105799164164e-01 8.070786461810781631e-01 8.064414024616689547e-01 8.136583250287441338e-01 7.941342223367280351e-01 8.190270345342076652e-01 8.067055000790196440e-01 8.102065152536314097e-01 7.921624722586411149e-01 8.092718276305517211e-01 7.961260427119856153e-01 8.081183607527425705e-01 7.972630770167442593e-01 8.181737036550318365e-01 7.907185177466731218e-01 8.098822132534798657e-01 8.139026093218630908e-01 8.103195633507461748e-01 8.257018815024794733e-01 8.173512548195658312e-01 8.227775338631314606e-01 8.302864306972186359e-01 8.215419499222657018e-01 8.174726945818413526e-01 8.178758325541422014e-01 8.057600999378206064e-01 8.016221054750205521e-01 8.126333331114001801e-01 7.847870563527514776e-01 7.967520047213869638e-01 8.122892483924428753e-01 8.184820691851177887e-01 8.104805622505695251e-01 8.033278407836373924e-01 8.102563551910529904e-01 8.113836934284515134e-01 8.006593917662496729e-01 8.011497820853141771e-01 8.020255365918771417e-01 8.109528394428746623e-01 8.036321269763803121e-01 8.185215369676956954e-01 8.001681558996666110e-01 8.036583293124021088e-01 7.999510039298579622e-01 8.036765610543848970e-01 7.987011977639131288e-01
-1.835236505260088994e-05 1.234812305547691030e-01 3.423495060224404640e-01 5.828312999893525692e-01 4.418771418079651681e-01 5.075860398373382987e-01 7.241283516328503866e-01 1.000000000000000000e+00 6.902931128072463673e-01 6.757635976790351551e-01 7.327679335855474818e-01 7.948368296028381907e-01 7.056211844768170982e-01 5.866562755329370882e-01 8.016187083883393738e-01 8.075343255100813078e-01 6.943534678477097932e-01 6.485877623645215362e-01 7.130814542138548262e-01 5.805420813702938387e-01 7.065571758823876447e-01 7.320820325043849719e-01 6.725856947946214914e-01 6.617504975877844808e-01 6.633004543018011789e-01 7.650523010873183649e-01 7.529023885082086753e-01 7.326092242481393457e-01 6.866588855559749849e-01 7.088428435610443223e-01 7.558771649280472404e-01 7.722737118232075870e-01 7.421120522005473230e-01 7.684213626696254629e-01 7.215907820806293227e-01 7.739427432387196992e-01 7.677448445390954168e-01 8.031660594976921530e-01 7.939656594447683791e-01 7.941187167121313006e-01 7.991253902224085826e-01 8.108462664843751888e-01 8.030376991364752692e-01 8.174567464833623065e-01 7.979890532703810546e-01 8.006846955992028558e-01 8.066117371510932443e-01 7.977304909385843912e-01 8.053987005388528742e-01 8.010014847932123150e-01 8.160669011839470910e-01 7.865972150877569291e-01 7.999387071072582289e-01 7.929156456039664347e-01 8.047653882470220399e-01 8.097887316942693481e-01 7.988403027770728526e-01 8.084595885311396390e-01 8.070847529897432482e-01 8.010841946388498336e-01 8.028247559329219074e-01 8.032188977885980075e-01 8.094742421917956454e-01 7.999750000025118712e-01 7.922953467267014327e-01 8.005147107908308080e-01 8.040282764709837382e-01 8.048363921822624389e-01 8.076582090683432913e-01 8.152626982390770438e-01 8.079958727567413401e-01 8.047023898868139735e-01 7.975598527683314121e-01 7.835678513340298412e-01 8.114856793990787853e-01 8.037630108568871723e-01 7.999261891870957930e-01 7.952212222811673170e-01 7.944728873373171352e-01 7.931156366491044496e-01 7.986661805524437607e-01 7.979106315688844209e-01 8.081519648277684098e-01 7.906521217658863954e-01 8.091700537977501995e-01 8.083326665069663353e-01 8.065774925960241815e-01 8.186872889286708199e-01 8.124954124707336467e-01 8.116476436678574657e-01 8.111829979072745500e-01 8.153621840249808406e-01 8.139786117273816179e-01 8.128685334575312949e-01 8.100005008086609282e-01 8.046489246294624698e-01 8.203500728925405827e-01 8.063189864314520561e-01 8.158703367293158593e-01 8.177115437712604296e-01 8.197726243682253999e-01 8.223934943885051752e-01 8.086785182658636773e-01 8.168939047542621568e-01 8.182939656546038831e-01 8.081940609052160607e-01 8.096349708860276495e-01 8.012985939955125092e-01 8.113112426329543991e-01 8.102170967838764337e-01 8.205993095669088522e-01 8.065418729038349444e-01 8.118361886420317752e-01 8.118153104792545927e-01 8.063103224069693153e-01 8.064178291677172039e-01
2.059829093836437752e-01 2.344775071188393289e-01 3.880568205721537378e-01 5.581460331334675562e-01 4.453362557457146709e-01 5.259458708326190113e-01 6.918102873659114360e-01 6.902931128072463673e-01 1.000000000000000000e+00 7.576363783665199803e-01 7.742349724388065679e-01 8.109950373483304498e-01 7.426459749949219091e-01 6.033470938039632303e-01 8.205730282141993071e-01 8.168707009341499292e-01 8.197695262249788950e-01 6.886532257488501285e-01 7.669604216012398945e-01 5.348483464202031801e-01 6.888002920146868435e-01 7.838048441406230138e-01 7.385553848330792537e-01 7.065911969715290564e-01 7.383489963852170046e-01 8.246215067233625406e-01 8.404657439768934424e-01 8.226323121368432911e-01 8.082367458620123291e-01 8.405335247362849538e-01 8.621185917956885048e-01 8.437158677691893871e-01 8.136576283661166586e-01 8.379512606816597042e-01 8.305911713413605124e-01 7.738641232122532854e-01 8.541698157924255685e-01 8.415686059575216982e-01 8.466238565848439590e-01 7.748760267009772162e-01 8.521019889534565683e-01 8.316136358138100926e-01 7.804009010602971363e-01 8.465593697529899542e-01 8.373820577486584815e-01 8.510253861092055283e-01 8.609815826971347619e-01 8.691158562928692488e-01 8.653864821555805609e-01 8.334212058543843948e-01 8.464799651320606966e-01 7.992064225481055884e-01 8.345596674558842798e-01 8.666941490375374979e-01 8.481929970703506738e-01 8.401080682908066422e-01 8.518091050117317931e-01 8.329822939643404256e-01 8.581532008584453752e-01 8.616887751920268013e-01 8.460710974874647849e-01 8.458838846854590532e-01 8.346402483371352377e-01 8.563540401814226932e-01 8.659870433599834438e-01 8.636974579937457541e-01 8.724032526080865990e-01 8.561426558441617152e-01 8.671395786220353896e-01 8.394787420004377054e-01 8.503783827114198557e-01 8.627042623041792924e-01 8.428976092390344510e-01 8.385752679303799528e-01 8.630351648020709865e-01 8.662138399436639657e-01 8.674156390901794911e-01 8.668136037954254913e-01 8.627925402184732917e-01 8.709722297343697184e-01 8.699398552195518608e-01 8.712543897699873696e-01 8.662486079110938153e-01 8.653201776293677483e-01 8.517073589561301450e-01 8.582073463032005023e-01 8.575460526693298169e-01 8.538862074190490814e-01 8.591249012301098720e-01 8.534570691650987806e-01 8.406005157115478132e-01 8.553157164707717586e-01 8.562343749514244040e-01 8.583915242341287888e-01 8.597188246411057166e-01 8.636492216585961446e-01 8.157630544188095856e-01 8.635701073403543315e-01 8.494554616025077332e-01 8.560534454187685993e-01 8.211717955930297741e-01 8.466459370491079550e-01 8.563654514433679532e-01 8.519903892493431163e-01 8.506023606211332577e-01 8.470738539688831281e-01 8.625550139235076408e-01 8.663241825372265392e-01 8.624290442589590544e-01 8.608338634596516270e-01 8.455806103331513501e-01 8.629962578886720692e-01 8.482401610625702748e-01 8.620906384088208307e-01 8.691207969294453273e-01 8.642568459239083900e-01
1.302767449304042535e-01 2.085376292964844225e-01 3.465043225734457111e-01 5.291313753862589842e-01 3.984193936769750422e-01 5.033717290771676511e-01 6.874258008622610161e-01 6.757635976790351551e-01 7.576363783665199803e-01 1.000000000000000000e+00 7.515624492295195358e-01 7.879981473017005911e-01 7.005651577378696482e-01 5.941043260733415154e-01 7.933375908002241461e-01 7.769338277575101870e-01 7.521868002993267188e-01 6.277327475393483791e-01 7.061327097993775892e-01 5.150244315929117800e-01 6.510352861914512346e-01 7.234218645304250073e-01 6.838888286421160867e-01 6.492212684140364898e-01 6.758306470020922774e-01 7.716523191903575940e-01 7.890423888353247373e-01 7.767536579937777130e-01 7.566016753839652775e-01 7.903115547265138208e-01 8.166836899836054098e-01 7.995511019196446245e-01 7.724824039209309268e-01 7.819502111946262657e-01 7.678712963299269001e-01 7.324918000558068298e-01 7.981367157036397542e-01 8.066737851156861039e-01 8.032775700454960477e-01 7.593151254259760119e-01 8.209300762831858167e-01 8.040592718672645578e-01 7.469402844886103843e-01 8.078758502920027063e-01 8.107018885136907382e-01 8.167958306586571293e-01 8.178231371138366956e-01 8.283029883425018225e-01 8.109537721318007542e-01 7.672621878844194665e-01 7.960497192635892505e-01 7.284417075972745570e-01 7.873787278363442166e-01 8.232602751326391077e-01 8.049380806262655952e-01 8.113249648587498308e-01 7.923020680152568218e-01 8.019957923120838439e-01 8.183786552180983831e-01 8.126458206768414350e-01 7.857796032021485688e-01 8.075959239651879784e-01 7.929849456626826276e-01 8.050442679693963210e-01 8.030933130302490008e-01 8.059497027430516658e-01 8.296108349326951625e-01 8.144455176135367847e-01 8.236157708623926821e-01 7.991010378761344013e-01 8.081713716493367228e-01 8.126953065966759926e-01 7.996453483159012832e-01 7.896213041721278358e-01 8.204513486117718246e-01 8.255904997114188459e-01 8.260726749331549490e-01 8.261335084859314781e-01 8.213636037372603615e-01 8.273768633953921814e-01 8.257902812727393460e-01 8.298639158360759938e-01 8.268757321731780019e-01 8.147559558771585442e-01 8.052610995843055841e-01 8.127719441076614038e-01 8.190059332029628880e-01 8.215323407761149221e-01 8.195478313176990381e-01 8.243560665148166322e-01 8.114151387635067936e-01 8.196395925436762431e-01 8.212656810328464729e-01 8.235709835748674656e-01 8.230633729303143964e-01 8.274685668943602135e-01 7.785598058118088360e-01 8.040917375021704450e-01 8.045084671301683255e-01 8.127284042153469779e-01 7.888788414242543512e-01 8.087088563372455408e-01 8.100325456136422408e-01 8.137964624007651970e-01 8.041551506744732958e-01 8.085029032879960109e-01 8.228049114193922708e-01 8.288223461784222090e-01 8.256193841554325674e-01 8.249924992869961393e-01 8.209790832748458111e-01 8.242757307644927867e-01 8.157780192480469372e-01 8.153255928453139179e-01 8.204516826258686502e-01 8.183951537935452158e-01
1.330709702964000783e-02 1.502374357941902161e-01 3.504483054339561088e-01 5.683484621076105858e-01 4.598558259228748279e-01 5.484217774492260444e-01 7.354302591437570369e-01 7.327679335855474818e-01 7.742349724388065679e-01 7.515624492295195358e-01 1.000000000000000000e+00 8.706544333420902504e-01 7.698788623665376862e-01 6.523439535044596171e-01 8.554664474432431831e-01 8.593193903255816890e-01 7.859385503721992849e-01 6.685857275926430088e-01 7.657193216058211238e-01 5.661250293522335220e-01 6.886764001385945466e-01 7.756190190501934811e-01 7.133335321918362615e-01 6.866589045354127840e-01 7.251296500836008629e-01 8.250114619099992996e-01 8.363439832253167783e-01 8.068746751515813997e-01 7.649351482605825092e-01 8.142323262828852215e-01 8.634983904762296714e-01 8.360473084228388085e-01 8.212187688271191943e-01 8.365137924289464122e-01 8.134243612804242796e-01 8.213739281158281003e-01 8.532130842506683299e-01 8.614375018244798676e-01 8.665313211601127774e-01 8.329196650251341483e-01 8.845117538611269037e-01 8.749580108582355464e-01 8.469416353949772436e-01 8.864123004443381637e-01 8.769050632986949978e-01 8.771031034814287253e-01 8.918259192571404981e-01 8.934328488108561617e-01 8.846545460288002261e-01 8.488529777210753746e-01 8.758281371552196770e-01 8.390906431452934688e-01 8.794314821579204411e-01 8.881140615406247774e-01 8.761793029512952025e-01 8.710984133252389627e-01 8.763088982225293311e-01 8.859816994161894277e-01 8.848017120663264068e-01 8.902528514863345954e-01 8.787740110137667315e-01 8.878331754408823606e-01 8.774781086797511787e-01 8.838586717729595144e-01 8.771909411683886937e-01 8.851948164251632889e-01 8.962553807203051948e-01 8.878959209155347088e-01 8.918248183600002710e-01 8.767754480880124435e-01 8.807469381185475399e-01 8.868445583997968118e-01 8.734196325714717046e-01 8.609045225886543529e-01 8.960331265618195484e-01 8.954365972342308577e-01 8.904061403129479579e-01 8.816947989785912654e-01 8.820374699769978344e-01 8.876157996789458826e-01 8.908956092819230177e-01 8.945057424985328742e-01 8.903757137129160171e-01 8.836725689802603645e-01 8.848692294607364284e-01 8.889559026224713723e-01 8.916974910088173445e-01 8.934233342499431352e-01 8.951708282063208788e-01 8.899299504322687460e-01 8.916853531714439285e-01 8.968895529822213941e-01 8.970283107524520405e-01 8.966875644456696604e-01 8.993669772557383313e-01 8.989921144369983352e-01 8.745800342509199021e-01 8.790186548492199270e-01 8.890097893405165541e-01 8.915010570526203937e-01 8.851398893425710401e-01 8.917999790450122921e-01 8.950528252542586660e-01 8.974456805457092790e-01 8.917524632423639019e-01 8.884877377209801086e-01 8.975645141361038304e-01 8.975158551162295550e-01 8.960526431414606030e-01 8.978762253349790168e-01 8.964888527143325403e-01 8.984733868580995209e-01 8.962817690126302361e-01 8.937291110168628094e-01 8.941782968516347463e-01 8.951090314710853368e-01
8.393054077629151857e-03 1.287754598152363317e-01 3.862622697250622794e-01 6.346283448427583185e-01 4.875856138816057062e-01 5.810732498973445459e-01 7.926181657063133823e-01 7.948368296028381907e-01 8.109950373483304498e-01 7.879981473017005911e-01 8.706544333420902504e-01 1.000000000000000000e+00 8.159965452953549248e-01 6.845818541761004017e-01 9.141878967259267075e-01 9.106587314800558275e-01 8.233643070778315920e-01 7.115235312928801514e-01 8.101197918807634402e-01 6.161167168991211751e-01 7.689726060329701296e-01 8.340178300970088054e-01 7.405435627163339252e-01 7.323368272634294129e-01 7.631375460997370519e-01 8.703394891042973702e-01 8.738079292778127005e-01 8.457676737624794105e-01 7.911667897076651856e-01 8.437092883700790802e-01 8.965979545760863756e-01 8.870320859471317876e-01 8.661845027976842193e-01 8.848871330673262481e-01 8.502779052103378588e-01 8.655697115913418838e-01 8.921998857802274641e-01 9.161652780661571072e-01 9.105530721020946849e-01 8.835719082967058435e-01 9.256515031125461812e-01 9.238739269676699006e-01 8.992066140816646902e-01 9.392256250173874887e-01 9.173595617127772162e-01 9.263796605245215865e-01 9.427906511881439799e-01 9.389906627657282900e-01 9.354178988483811130e-01 9.048894292969149600e-01 9.336963872762393812e-01 8.962906602264393285e-01 9.283376563942108417e-01 9.343303187668298149e-01 9.271188526653837414e-01 9.145198139173905671e-01 9.313870144429476916e-01 9.330113526380336975e-01 9.363513894796747783e-01 9.419728249076150250e-01 9.336025023727987371e-01 9.393217815108146906e-01 9.340083679717828824e-01 9.371230106772144852e-01 9.306686996976503146e-01 9.390606681386739485e-01 9.423335140889774753e-01 9.361612220106865223e-01 9.399940544784105567e-01 9.360932797063360455e-01 9.363370153168967258e-01 9.347261797091310775e-01 9.235271126785650209e-01 9.070880722749417036e-01 9.421445498885571146e-01 9.407817090098827828e-01 9.324220155646020247e-01 9.222709941649254173e-01 9.225848044506583800e-01 9.304131226981076086e-01 9.347361309922481709e-01 9.371474719456945879e-01 9.337494692523815587e-01 9.298488089677503510e-01 9.324700530093396056e-01 9.366837029469086140e-01 9.358252204711683397e-01 9.408471574548273875e-01 9.419922762265579008e-01 9.310903685268596686e-01 9.353469934661798879e-01 9.440284858590143324e-01 9.439549070965875810e-01 9.426450310993620407e-01 9.462752607329318888e-01 9.442811986554862091e-01 9.203658414459101600e-01 9.296972980169567746e-01 9.384511000056691143e-01 9.386218677958236833e-01 9.329525305616553910e-01 9.413634313898212591e-01 9.440794822736808811e-01 9.468087601073527093e-01 9.408830468309549167e-01 9.362385608405033866e-01 9.440874192502629603e-01 9.418118760570420855e-01 9.418073919500001834e-01 9.462815933765955645e-01 9.415740646236728795e-01 9.450987642517226783e-01 9.425797885189118874e-01 9.430091508642199916e-01 9.428732068998569860e-01 9.446714660927043594e-01
1.363292026561555362e-02 1.102419722630206683e-01 3.300500672448575812e-01 5.536647135540362363e-01 4.832929583602988965e-01 5.298324769997535544e-01 7.212343028626698738e-01 7.056211844768170982e-01 7.426459749949219091e-01 7.005651577378696482e-01 7.698788623665376862e-01 8.159965452953549248e-01 1.000000000000000000e+00 6.140535825269811676e-01 8.222009546935259428e-01 8.226930796141437296e-01 7.342145231423750085e-01 6.540116771303160492e-01 7.317994698624782357e-01 5.608682445337229705e-01 6.844391791221675625e-01 7.495897559839055369e-01 6.715773668864487567e-01 6.612674408097516388e-01 6.960706665774043511e-01 7.946535768816964662e-01 7.858740665428028960e-01 7.610454563777947490e-01 7.226742195303859084e-01 7.584832887482387820e-01 8.009386365194035573e-01 7.789074984198789409e-01 7.742229609648110245e-01 7.791589606289172076e-01 7.569911800506311517e-01 7.688951537352748389e-01 7.977587040456310952e-01 8.099097221750393150e-01 8.078647215291643313e-01 7.855310598566316305e-01 8.285071536268406867e-01 8.243293794923545192e-01 8.110310712195868410e-01 8.424080759452343692e-01 8.208751605710977728e-01 8.296811008575579738e-01 8.430277037972603305e-01 8.401898344083007508e-01 8.378325766150425125e-01 8.055458879906504110e-01 8.323202134815317343e-01 8.149598851547190659e-01 8.366003368497925141e-01 8.400134393324416582e-01 8.341671813045682393e-01 8.190529950901129785e-01 8.359294097107201615e-01 8.442204309672743934e-01 8.346775865222901825e-01 8.481914315018269646e-01 8.445906741442191779e-01 8.434348229835980648e-01 8.365431463529857670e-01 8.371534441008530170e-01 8.343651052479145180e-01 8.434537942880026007e-01 8.423323433016478567e-01 8.413748273766318286e-01 8.389733723789519759e-01 8.380722814161938317e-01 8.393868397078989574e-01 8.398475388508405137e-01 8.272656197578974746e-01 8.210103967682209625e-01 8.475161728728551891e-01 8.423960757605946092e-01 8.378497936580419081e-01 8.292256878594027603e-01 8.316400086878741327e-01 8.361420466188129730e-01 8.389946105572474444e-01 8.397750406185516825e-01 8.323259457665868055e-01 8.284972716116475455e-01 8.315549641646842183e-01 8.345763968200472505e-01 8.354100965239958931e-01 8.387823200815515134e-01 8.415014547643525633e-01 8.366155713197728216e-01 8.340272511997136595e-01 8.451144570451473159e-01 8.462464312303744629e-01 8.436835574416582384e-01 8.470854193186011516e-01 8.448470011252353640e-01 8.275077004466385722e-01 8.327818157629007789e-01 8.432698886473591893e-01 8.380525067360122815e-01 8.387353335196771065e-01 8.429665165722413089e-01 8.470006883941738618e-01 8.510116544510387682e-01 8.473140672958728858e-01 8.393628573986442465e-01 8.439641881732040662e-01 8.421219395218729753e-01 8.436404531242844840e-01 8.456559502179713528e-01 8.433026671792079876e-01 8.474493031342222871e-01 8.456423016214620336e-01 8.432999848254151276e-01 8.456695984672797373e-01 8.470906633758482629e-01
