1.000000000000000000e+00 2.113889093698688437e-01 1.749931245044186456e-01 7.277633663067610559e-02 5.671474606074808356e-02 2.434432336008359940e-02 1.109698676745963543e-02 -1.168240792195702126e-03 1.797383967749407452e-01 1.133589099971642755e-01 8.093455328309191732e-02 1.953302846951854993e-02 4.350588423214941936e-02 -1.348363601605756697e-02 -1.215313207191733025e-02 2.993586590504099254e-02 1.789887105609752338e-01 2.753561074914527840e-01 2.408068038755044882e-01 1.967766152732556562e-01 2.547551826076280834e-01 2.417433638175890409e-01 2.146463061601316669e-01 2.344211438132605685e-01 2.301299548382989280e-01 1.786392400723234020e-01 1.748572532772906807e-01 1.820798745468611424e-01 2.311270099329482131e-01 1.675910701420646465e-01 1.285162980351411965e-01 1.321422269152960904e-01 1.285074202147090117e-01 1.435199489212427848e-01 1.340390253625280415e-01 5.990468801458128517e-02 8.780804975851208560e-02 9.299467376440365141e-02 7.908445220434558165e-02 3.377887682760243038e-02 5.758498669334610742e-02 6.801315997851242745e-02 2.207295939997248879e-02 5.894280247145378127e-02 7.724729577929689839e-02 5.899481723315194714e-02 2.406668549994322656e-02 3.422487472094411926e-02 9.345984178811612975e-03 6.952516640753707289e-02 6.030748745203488859e-02 1.831690434746178694e-02 1.543479469045617135e-02 5.524150816168155870e-02 5.908449497778257148e-02 6.955156409304734388e-02 5.500430518736504348e-02 3.431648345806058431e-02 3.546649978289601046e-02 4.204282514007075949e-02 2.315760319965968345e-02 4.166971576998557830e-02 3.879613121454381086e-02 5.880498538132882674e-02 8.906856859856415731e-02 5.912096365592826169e-02 4.810170824789673782e-02 1.089161178586993822e-01 9.420272144570374095e-02 1.092455179449112190e-01 1.054509035086226842e-01 1.025893560596294329e-01 1.129840877953854628e-01 8.872780058143006632e-02 8.072653454195685696e-02 8.776245204543003942e-02 8.540895254997546426e-02 1.125678186147921200e-01 8.060242715533248725e-02 1.084095709442149669e-01 8.967806572672554211e-02 5.808894340507381876e-02 8.135189515428478679e-02 1.044244754802936131e-01 5.851650645952784918e-02 6.745108019792339649e-02 5.156501450172096962e-02 4.593194561082118710e-02 5.291627983515771738e-02 6.376057769907131356e-02 5.572759407975646367e-02 3.447396096601658411e-02 3.039868510803896834e-02 4.185678926795904226e-02 1.321418932527054953e-02 1.656605922210189694e-02 2.066517019044641218e-02 3.754151308720247299e-02 1.711611165839584808e-02 3.760400921204368890e-02 1.087020454188512494e-02 2.712857144594488928e-02 1.189413436191256784e-03 1.994921166870269186e-02 3.590064196276580855e-02 4.275968269978839414e-02 2.790523276275451436e-02 3.792958155379107937e-02 3.936018893423175180e-02 2.655517814333543947e-02 2.938454097157004730e-02 2.201779210485295749e-02 2.345921210532199083e-02 3.496372895230676764e-02 7.812602603115680056e-02 3.311213027150618909e-02
2.113889093698688437e-01 1.000000000000000000e+00 8.784843447102003156e-02 3.569385782792344752e-02 9.525846301035564845e-02 5.006119769911891726e-02 1.071837792637502923e-01 1.279663431525912276e-01 2.185153255325081312e-01 2.294580333509176340e-01 1.297296833538043037e-01 1.137600130842810475e-01 1.416652546473213536e-01 5.560892194302204800e-02 1.143147130602098077e-01 1.396720037069494325e-01 1.792190154491909715e-01 1.427457867501654987e-01 1.584953988816872050e-01 8.035461033089193184e-02 1.431038944053628081e-01 1.542603081764075124e-01 1.700906858216532924e-01 1.328780891870205427e-01 1.505886114696657063e-01 1.742230213107415493e-01 1.567121348766586930e-01 1.982669603089510513e-01 2.208062206696711216e-01 2.099681151366257215e-01 1.781954808652189415e-01 1.526053902976099996e-01 1.876984239495760876e-01 1.288750596111115643e-01 1.880042695542774311e-01 1.089465320810418802e-01 1.524474298656444959e-01 1.649420087587332995e-01 1.493031897169283251e-01 1.064521388331793050e-01 1.362263123384758190e-01 1.388553901542025348e-01 1.052820856615291900e-01 1.262962331887311218e-01 1.233737501139730020e-01 1.444444985478254562e-01 1.309131565191360980e-01 1.361665515145690231e-01 1.188522404112914294e-01 1.142136029228377064e-01 1.439566802012817726e-01 8.401606661847967061e-02 1.051495224512714877e-01 1.472338386199727178e-01 1.407632860169286959e-01 1.373754127376491108e-01 1.302479942749526221e-01 1.355383044420606364e-01 1.325220646964671845e-01 1.359287781509615767e-01 1.245684913163204594e-01 1.359054052360388343e-01 1.317697774138641698e-01 1.457339263229940340e-01 1.494568093365539196e-01 1.310822184606148799e-01 1.341332452198977232e-01 1.476399782044691689e-01 1.433317742441362064e-01 1.336416221958735551e-01 1.484654079298933504e-01 1.475872379179160865e-01 1.357408181417106563e-01 1.404264127530206185e-01 1.515829042909343227e-01 1.486783596692760889e-01 1.663891656227584059e-01 1.844007509187990945e-01 1.525657135615656190e-01 1.769045893775290923e-01 1.592792391733984791e-01 1.501344570533200973e-01 1.483673092979778674e-01 1.772307706644661307e-01 1.328828868686449949e-01 1.357215208969281273e-01 1.311291794141265232e-01 1.392589924887117636e-01 1.442089045915028178e-01 1.389699950578231480e-01 1.346270133318915041e-01 1.323232422160215693e-01 1.270867891898033175e-01 1.329684422498322305e-01 1.257038345643570199e-01 1.303260695924012003e-01 1.030377918509904345e-01 1.195508586394659345e-01 1.245702368678950206e-01 1.316276349402478174e-01 1.186507418306318867e-01 1.250753728860161951e-01 1.118620797748502427e-01 1.189255412102103587e-01 1.197724871510384287e-01 1.236181139645225191e-01 1.306560342359203986e-01 1.414786148361265039e-01 1.343346406161522733e-01 1.288412903978958246e-01 1.290625217170983108e-01 1.300983384542698795e-01 1.277384087538136759e-01 1.346293074826318825e-01 1.412939090421808097e-01 1.312138394625796400e-01
1.749931245044186456e-01 8.784843447102003156e-02 1.000000000000000000e+00 3.378768609931588895e-01 1.039821750942022671e-01 1.389834158213293369e-01 1.851439533637045665e-01 1.464822753158109281e-01 3.113735313571429630e-01 2.084614774943731319e-01 3.173744752438373284e-01 3.144146530486547353e-01 2.420813547142299516e-01 1.910764909120458988e-01 2.396935325276690620e-01 2.399948263588863595e-01 3.418813341762192426e-01 3.823130690445867286e-01 3.824552995670685851e-01 3.528275016431007272e-01 3.866171262290722943e-01 4.197684704796789124e-01 3.682756952694977159e-01 3.874231996127888156e-01 3.837934762549576329e-01 4.100442600186470221e-01 4.151664929275400429e-01 3.930335185852059099e-01 4.044085404238952353e-01 3.860647613298123226e-01 3.781536961467115709e-01 3.608702923022992781e-01 3.475572709500696078e-01 3.778664981952901680e-01 3.496950853367585821e-01 3.363717023844904341e-01 3.531888849313506995e-01 3.225588319408839721e-01 3.373536884208314102e-01 3.277414340698368567e-01 3.188225470306275122e-01 3.174650581514287806e-01 3.030934087990457826e-01 3.215851587874586914e-01 3.596340366285866730e-01 3.168535934192027725e-01 2.801800831796469327e-01 2.875812743133950300e-01 2.738422934259441832e-01 3.292740662062975665e-01 3.138159048316017663e-01 2.895036479309517352e-01 2.840140061802550742e-01 3.101414488751904619e-01 3.138341047796243122e-01 3.428017747526103665e-01 3.271478655158609472e-01 2.828985045861895364e-01 2.958259952889527589e-01 2.985349063862654528e-01 2.851585964801868212e-01 2.957539809178980628e-01 3.013939583111687193e-01 3.146002763450007067e-01 3.218025831526611369e-01 3.130869097481562835e-01 2.947574614836803164e-01 3.402514794347598071e-01 3.279745941111558705e-01 3.391867792431746409e-01 3.460721127632285232e-01 3.519497269203017975e-01 3.392379896181447196e-01 3.295941188358924023e-01 3.315726723462276149e-01 3.491873461291863934e-01 3.247288422237462613e-01 3.392024600048350602e-01 3.358859825166469193e-01 3.367355031318476355e-01 3.355103369673981262e-01 3.225201053700029741e-01 3.321439053258598006e-01 3.242077701118943889e-01 3.035077865608724057e-01 3.165255824112058192e-01 3.161371073554254951e-01 2.955549181157493543e-01 3.052887972321278731e-01 3.311453590641890155e-01 3.212675596454353522e-01 2.926153536013674228e-01 2.991342478637403213e-01 3.049000324417495689e-01 2.753601958292964946e-01 2.755439937671998463e-01 2.977229400961809436e-01 2.931167154781639805e-01 2.809032750152828384e-01 2.941784221212934147e-01 2.821138612216084751e-01 2.890562894638196711e-01 2.775205235186057329e-01 2.881191987843277347e-01 3.030223756543081737e-01 3.056590229831082084e-01 2.873680970304932636e-01 2.909884187094686769e-01 2.990291084575805169e-01 2.844999287686737488e-01 2.885037495755058412e-01 2.825172761490938877e-01 2.849617369713413062e-01 2.898224972061442251e-01 3.233349751890244317e-01 2.900396427581530268e-01
7.277633663067610559e-02 3.569385782792344752e-02 3.378768609931588895e-01 1.000000000000000000e+00 1.915108077866414793e-01 2.718359512165094416e-01 4.033981148927462401e-01 3.703923573282700832e-01 3.771931453143527735e-01 3.231861449438317990e-01 4.380820415311847960e-01 5.465106165735248434e-01 4.130724682477642240e-01 3.353433255607025099e-01 4.369057975561155827e-01 4.267491868392856991e-01 3.779728650126364387e-01 2.543067104658339184e-01 3.342281304034075418e-01 3.412100371728805648e-01 3.470895071216810734e-01 4.498120616786528969e-01 4.227234042299616856e-01 3.790052099897366911e-01 3.960668824367378216e-01 5.033590049909160147e-01 5.252486974490582217e-01 4.659304636486715223e-01 4.024252173534004218e-01 4.210949524925261533e-01 4.966620712211564648e-01 4.705861811634783343e-01 4.029624731568989260e-01 4.900109909513903350e-01 4.045325485295775958e-01 4.904813397727740831e-01 4.893495416108610274e-01 4.415066223251057909e-01 4.862895594691428180e-01 4.955703184098235181e-01 4.698513065128271382e-01 4.602186319289406358e-01 4.698943630578366060e-01 5.036185657565683815e-01 5.329960288828011761e-01 4.599288479180349554e-01 4.362889610114545902e-01 4.292715643188346197e-01 4.270177381728285093e-01 4.829087274414176068e-01 4.494019958366962664e-01 5.178672382463261892e-01 4.928049035027177727e-01 4.342101526248450249e-01 4.232958319051489671e-01 4.728066364009372857e-01 4.841396914511756355e-01 4.336295378055713412e-01 4.233829491560572866e-01 4.648831566537383608e-01 4.530944383089756666e-01 4.459960217758427437e-01 4.518102979028382760e-01 4.698490582935208604e-01 4.628207420617087564e-01 5.039080703543804551e-01 4.353833511863165473e-01 4.209989166005894679e-01 4.503134448787801114e-01 4.373467810380823884e-01 4.532498334407359386e-01 4.611775737455364177e-01 4.320816071837824124e-01 4.376156887254222250e-01 4.703665086423651220e-01 4.833673895647265795e-01 4.485552917897761560e-01 4.343400644858120274e-01 4.702644878383479554e-01 4.405609841370108914e-01 4.377628402624510473e-01 4.654347976373713891e-01 4.690278290901269131e-01 4.224375720836658910e-01 4.417367551621942390e-01 4.482362866001177171e-01 4.737366193939476777e-01 4.439427165849508805e-01 4.482968364532473604e-01 4.801759390279946027e-01 4.746101109226795733e-01 4.500448527579685165e-01 4.723784542599852032e-01 4.686192748414371723e-01 4.395475446505849315e-01 4.359899250845662433e-01 4.826589246382855802e-01 4.788150849310577328e-01 4.582391828048226756e-01 4.557116422245606757e-01 4.579074386074190595e-01 4.624167140617040372e-01 4.712999307542765082e-01 4.667180127503496867e-01 4.907757079211172435e-01 4.891398674734732666e-01 4.517696976784251195e-01 4.386473780426899949e-01 4.416625537038427196e-01 4.436567247520619151e-01 4.474255634189924780e-01 4.530637364254898602e-01 4.531409609581552034e-01 4.619121982709529783e-01 4.645109630691946490e-01 4.825966074897635738e-01
5.671474606074808356e-02 9.525846301035564845e-02 1.039821750942022671e-01 1.915108077866414793e-01 1.000000000000000000e+00 2.025727846242602326e-01 3.555620031660484681e-01 3.410322538013246807e-01 3.841125157011920366e-01 3.655599623941601650e-01 3.599584291939725844e-01 3.847844041356378031e-01 3.963124220011953192e-01 3.213737231447445497e-01 4.334798606488566852e-01 4.271071693907630418e-01 3.548637230055337599e-01 2.436225191263701462e-01 3.037820229583111931e-01 2.498000590038045587e-01 2.758531870479611903e-01 3.025389875645386195e-01 3.265560446945545148e-01 2.987836482336829746e-01 2.961803425446719595e-01 3.823549622789282898e-01 3.581713445540451457e-01 3.979761120872060132e-01 3.720564321410921305e-01 3.799756226718356555e-01 3.963563141524931166e-01 3.956675455796245799e-01 3.944553726457766807e-01 3.902769837026197064e-01 3.937129129527892069e-01 4.108926379136353391e-01 4.238485441874494386e-01 4.341576217933897364e-01 4.299999583355030297e-01 4.052093128625081087e-01 4.311014173888803036e-01 4.324788996003859909e-01 4.211554856906503108e-01 4.258858213956224215e-01 4.110963854600711009e-01 4.286951443471184731e-01 4.412700371043865033e-01 4.418731591753382038e-01 4.339554302507249162e-01 4.234828701700505960e-01 4.379326022865651091e-01 4.214815906532903278e-01 4.414870783357319195e-01 4.369713822954375826e-01 4.259428103904261409e-01 4.178518869547117598e-01 4.299143291806497014e-01 4.493138439809306051e-01 4.279722572104576184e-01 4.440093445971253772e-01 4.471600275805602265e-01 4.356645518796853356e-01 4.334431906287939951e-01 4.368013393383526899e-01 4.363065702564219994e-01 4.426572001086908070e-01 4.331730581159626836e-01 4.175360425407423359e-01 4.225133466952862848e-01 4.113916614918401993e-01 4.186155125290857426e-01 4.267461121518204559e-01 4.080783513271454277e-01 4.148413906364318837e-01 4.375320121903893411e-01 4.252868019138395517e-01 4.355549653784093755e-01 4.251356621592037310e-01 4.207112000890174119e-01 4.140596346066344746e-01 4.296089156820476207e-01 4.310187884479370624e-01 4.300478331247766239e-01 4.258373349062506419e-01 4.321186261297551567e-01 4.256205751789782221e-01 4.346559241013573938e-01 4.412478146865983497e-01 4.382881420098176939e-01 4.329079148286177348e-01 4.290062566734517691e-01 4.377590250518723636e-01 4.339468037742253426e-01 4.381570172291843202e-01 4.410664356392725027e-01 4.407587228843207749e-01 4.322015213435421166e-01 4.464583878031743724e-01 4.453936350227268859e-01 4.416647180913623183e-01 4.370667787683141792e-01 4.485910062975330126e-01 4.401369947505867630e-01 4.478178832774072360e-01 4.444304074751829203e-01 4.371357163559699277e-01 4.407612811203566183e-01 4.419671025898418426e-01 4.399362308227253160e-01 4.430025779155295496e-01 4.402797656980910190e-01 4.468952840583423347e-01 4.419359839610190188e-01 4.447420023237066422e-01 4.403811245340549241e-01 4.487531979579417185e-01
2.434432336008359940e-02 5.006119769911891726e-02 1.389834158213293369e-01 2.718359512165094416e-01 2.025727846242602326e-01 1.000000000000000000e+00 4.149109579939919135e-01 3.582441603742994585e-01 3.813490924653639147e-01 3.557669393952476722e-01 3.848685853091540765e-01 4.645358448322687295e-01 4.029599851856712212e-01 3.702005485206833479e-01 4.648503235272565259e-01 4.404157206770775712e-01 3.749091939335861823e-01 2.243925751845622096e-01 2.885212404176500378e-01 2.846427673393602253e-01 2.693231381818100845e-01 3.244963131228972841e-01 3.334175905494475844e-01 3.217293418722009801e-01 3.053364026642377826e-01 4.129336533139422727e-01 4.178075979284635588e-01 4.299767075948619510e-01 3.676541388858701742e-01 3.993076644008246023e-01 4.486092164854370012e-01 4.390123447353054820e-01 4.226888956848482981e-01 4.430274634660649191e-01 4.021963411949197043e-01 4.601753628157950193e-01 4.613962684664691394e-01 4.589093685469963213e-01 4.667882110242785876e-01 4.703261562853964795e-01 4.857606476717305499e-01 4.811475855427553294e-01 4.736582379606953941e-01 4.809932377685664506e-01 4.739209113736154722e-01 4.831650795995124925e-01 4.816309042903225146e-01 4.764122186971404549e-01 4.773082874122646646e-01 4.603013268308546735e-01 4.696704896722603273e-01 4.528255635367010035e-01 4.628819578448246652e-01 4.655403652913475132e-01 4.450186864580536472e-01 4.528977247617067547e-01 4.582478411511995975e-01 4.757255808600527325e-01 4.629137605673335210e-01 4.825365072709228986e-01 4.764401044266016183e-01 4.722629879132634323e-01 4.670808442751207545e-01 4.676254038241891009e-01 4.622843381957090769e-01 4.701543309496750700e-01 4.816650043089567568e-01 4.462561939536371924e-01 4.602752771143081567e-01 4.504865719978066729e-01 4.476103092273730488e-01 4.594039082544466579e-01 4.486120326657606627e-01 4.471689575826547358e-01 4.752060761913183273e-01 4.793028360342340144e-01 4.777894126687567966e-01 4.551024647891093733e-01 4.757993607203552244e-01 4.551935016614475638e-01 4.704822643432041707e-01 4.809453876122754545e-01 4.748242001831887715e-01 4.566535884009927382e-01 4.784579362513368683e-01 4.775129969196346136e-01 4.879103180634238313e-01 4.840256566806767080e-01 4.847591308871610494e-01 4.721083769847242428e-01 4.924183733110081285e-01 4.908835340171447403e-01 4.904720911811029649e-01 4.899141367387571666e-01 4.855342025619940882e-01 4.838753618484220032e-01 4.867025262451555867e-01 4.785063708004359539e-01 4.831561441268825696e-01 4.868762548260717749e-01 4.873133992712296858e-01 4.820389760364403586e-01 4.877102718498144140e-01 4.892060888408026331e-01 4.871257794692512300e-01 4.756115140150228848e-01 4.852980412198912297e-01 4.807760860014277382e-01 4.761005672900426311e-01 4.811975648311034304e-01 4.809884674438990038e-01 4.858921370483784696e-01 4.817779253415809815e-01 4.829093571042037958e-01 4.736184103570871273e-01 4.849497974980927495e-01
1.109698676745963543e-02 1.071837792637502923e-01 1.851439533637045665e-01 4.033981148927462401e-01 3.555620031660484681e-01 4.149109579939919135e-01 1.000000000000000000e+00 5.870102205281965135e-01 5.741334725646203285e-01 5.653262482985309534e-01 5.846858252263882338e-01 6.758618435376555489e-01 6.271536044624960171e-01 5.085835338790171134e-01 7.559022049850008251e-01 6.946679059564518921e-01 5.645579122466760635e-01 3.369342834162423750e-01 4.399639839008634423e-01 3.712002346177074585e-01 3.813787982020355738e-01 4.735765615970647380e-01 4.848666587912110471e-01 4.863426905714020587e-01 4.589106193465709027e-01 6.097476796385946640e-01 6.002180163861103868e-01 6.265784560818682403e-01 5.324583509207675425e-01 5.935422077041609956e-01 6.639451341120957695e-01 6.575921830698340242e-01 6.281249884545903051e-01 6.797269864532989869e-01 6.125340393072549183e-01 6.685542033053313293e-01 6.853197166626204817e-01 6.941319926351845471e-01 7.100431857563237470e-01 6.836481568649277474e-01 7.025161130495817252e-01 7.043015239381477111e-01 7.077253438302588684e-01 7.138635136802228276e-01 6.986346853665125201e-01 7.015480311208314168e-01 7.132734967408355109e-01 7.006826071509285603e-01 7.032227676771144464e-01 6.977633663605069536e-01 7.011354696597477121e-01 6.871529710187873619e-01 6.943329067425695333e-01 6.856173565762824218e-01 6.598477115462010323e-01 6.772679816703046640e-01 6.825415649614340330e-01 7.049536419287344424e-01 6.878764782263068200e-01 7.080369879224650553e-01 7.161328839711275096e-01 7.012187618541728673e-01 7.018785055444407561e-01 7.024151819541278874e-01 6.918986276622324239e-01 6.992999382587242740e-01 7.161532240599287613e-01 6.666513358657153443e-01 6.847992747059370444e-01 6.568752761362558479e-01 6.616493697259265838e-01 6.783212670205053252e-01 6.771518891729488843e-01 6.661219708417055463e-01 7.071088349979035570e-01 7.040312922678770846e-01 7.058142579140793682e-01 6.705742559606407971e-01 7.009867683286222784e-01 6.835349356147052413e-01 6.949371644300660344e-01 7.095007822602452663e-01 7.024941793641730214e-01 6.870273461792136827e-01 7.200454077344092818e-01 7.183047226507510707e-01 7.216738533303060921e-01 7.254652797179701462e-01 7.232869138623024829e-01 7.029723489217704069e-01 7.236888309764267779e-01 7.236062851360250958e-01 7.281415662847016135e-01 7.281515869059049795e-01 7.191620618786056518e-01 7.169782114558106434e-01 7.296669029790707750e-01 7.160376701769509689e-01 7.273079207483148512e-01 7.225054924225301489e-01 7.323585370511368486e-01 7.236122263772278851e-01 7.294458010048958663e-01 7.273808337118300438e-01 7.302068266297676580e-01 7.072709835949630985e-01 7.197611092506609465e-01 7.115915299579627096e-01 7.047201863085108542e-01 7.148696833313591403e-01 7.148064235257030052e-01 7.178803717004573759e-01 7.175688612277333345e-01 7.207473341906068809e-01 7.073738165545383483e-01 7.186761440505993193e-01
-1.168240792195702126e-03 1.279663431525912276e-01 1.464822753158109281e-01 3.703923573282700832e-01 3.410322538013246807e-01 3.582441603742994585e-01 5.870102205281965135e-01 1.000000000000000000e+00 5.202626701131359832e-01 5.422986258095906509e-01 5.408662712495148073e-01 6.245607025407439172e-01 5.960596276645960812e-01 4.790285656993873986e-01 6.606921829557926840e-01 6.720134266562864944e-01 5.204767155961905756e-01 3.138626716555649176e-01 4.097026378350197562e-01 3.457224254650173578e-01 3.798637195437516989e-01 4.380939975018283139e-01 4.498234241141875200e-01 4.273882225881443508e-01 4.198492398613130616e-01 5.524293193998305318e-01 5.420907169490077893e-01 5.604788321382730976e-01 5.137251795826754952e-01 5.534260083150926990e-01 6.054341060142642839e-01 5.926314650267092698e-01 5.676726114013049829e-01 5.950309033980134554e-01 5.632821679055329822e-01 6.189964484842566117e-01 6.176975849656086703e-01 6.404793194267414114e-01 6.463183530436578117e-01 6.247602178113441651e-01 6.401576108195418113e-01 6.404872682291690156e-01 6.519684960821561237e-01 6.525328021203803397e-01 6.377562647150221142e-01 6.420454991475466056e-01 6.602993437246590380e-01 6.501782539826254093e-01 6.458827854282197523e-01 6.332426629066697510e-01 6.424094504274104889e-01 6.488782016075147485e-01 6.594067784377529717e-01 6.467083374571397369e-01 6.271302530968710931e-01 6.344227018684199804e-01 6.484274198768801289e-01 6.601045980201408758e-01 6.414332602801067207e-01 6.663218818884815153e-01 6.704780979844454647e-01 6.648269530983417219e-01 6.626856721893128466e-01 6.594905628049841928e-01 6.465351717610231530e-01 6.653402688311478297e-01 6.551917954249417697e-01 6.143128925622772796e-01 6.267535203676796174e-01 6.099998100247209232e-01 6.242410012210575232e-01 6.280220890044357906e-01 6.154029128390878789e-01 6.150340610067406288e-01 6.488088175156975224e-01 6.380408521759673990e-01 6.471505450877708121e-01 6.317672505244213976e-01 6.427405105009076358e-01 6.314142495696710711e-01 6.344862655564598164e-01 6.550168289352610307e-01 6.462194532838638761e-01 6.346926773357596252e-01 6.495795604128284939e-01 6.496613233820422995e-01 6.575525934019829100e-01 6.652528255075164099e-01 6.617351234523417558e-01 6.503656537030487739e-01 6.562993743756866394e-01 6.633643740135456435e-01 6.662352503534056947e-01 6.648525122648510921e-01 6.666881275682878805e-01 6.625340831767653205e-01 6.660137275811118807e-01 6.639328423793461331e-01 6.754302782114453008e-01 6.665433680342526257e-01 6.734422622052000929e-01 6.720979434363613114e-01 6.783493776846653001e-01 6.718759235701149413e-01 6.750457278551248441e-01 6.657443567357909098e-01 6.635360029011685423e-01 6.586983292782646604e-01 6.558836106969425650e-01 6.665129466713773931e-01 6.670614310119034052e-01 6.718366225234748690e-01 6.719309614426296484e-01 6.701514226248295181e-01 6.534521178448854384e-01 6.768382199360977181e-01
1.797383967749407452e-01 2.185153255325081312e-01 3.113735313571429630e-01 3.771931453143527735e-01 3.841125157011920366e-01 3.813490924653639147e-01 5.741334725646203285e-01 5.202626701131359832e-01 1.000000000000000000e+00 6.889864906353030394e-01 7.029053545240849799e-01 7.313800790630184956e-01 6.802225279835687477e-01 5.682167268575767372e-01 7.348092229298421874e-01 7.339534733560459934e-01 7.604054148111101252e-01 5.813795820870192310e-01 6.635113488542391247e-01 5.795085174401168882e-01 6.094606841684719889e-01 6.607563339639724864e-01 6.775333333858879481e-01 6.677924170848573704e-01 6.341744920877117053e-01 7.821294759457545487e-01 7.447963428455391943e-01 7.818968506596591928e-01 7.739711517723348866e-01 7.916121109024245595e-01 8.132788900140496269e-01 8.011935699520460474e-01 7.632620458680551279e-01 7.849600354315035000e-01 7.921673237184387872e-01 7.759206722982081583e-01 8.085782048504094321e-01 8.105862701385222469e-01 8.123012345155066205e-01 7.565774321513699663e-01 8.133286176548404356e-01 7.937113066614882584e-01 7.780839449341776515e-01 7.957445963779569142e-01 7.887883347440203252e-01 8.086139978652879812e-01 8.200925448272101681e-01 8.318362942404360361e-01 8.078781543276190025e-01 7.915734769679634297e-01 8.183871454295684744e-01 7.476409148656185666e-01 7.802287268779913854e-01 8.321065172750283789e-01 8.220565778845233540e-01 8.155730300079117034e-01 8.159821420404226311e-01 8.221809157989791172e-01 8.154281485606854618e-01 8.276300010670140095e-01 8.191507666105438679e-01 8.253705596642102460e-01 8.204042295761179160e-01 8.242883240463246830e-01 8.325886752181795858e-01 8.158395055879966717e-01 8.301201535288318389e-01 8.271226430896043702e-01 8.236627108767445860e-01 8.193955007532534029e-01 8.103453384631847944e-01 8.298218447199867676e-01 8.164714527813264899e-01 8.073420683891530114e-01 8.346058328495756795e-01 8.293519154656555648e-01 8.324636357672220432e-01 8.421724025122003798e-01 8.256209745002532907e-01 8.375373647408901334e-01 8.360976127981005757e-01 8.332519388287601414e-01 8.344818161551496027e-01 8.326623781558516457e-01 8.171147060928749539e-01 8.266838063278811877e-01 8.243239007321352396e-01 8.243445204310800856e-01 8.289150367469653169e-01 8.201045803563581371e-01 8.124562274992037647e-01 8.206329797410341076e-01 8.155826486715255230e-01 8.201737906471960882e-01 8.198745578301654957e-01 8.224203814920663103e-01 7.984458592299370494e-01 8.112016183343427889e-01 8.175687305172242292e-01 8.240785440701626774e-01 8.059924939026726909e-01 8.185353186471422404e-01 8.055305136932284782e-01 8.169684313180886059e-01 8.171503981243821713e-01 8.145793974530628478e-01 8.234709646700172359e-01 8.295110427588773261e-01 8.271489184564970731e-01 8.236656110793418861e-01 8.222092136884243674e-01 8.240306736855881331e-01 8.227836809722325340e-01 8.244161799272372582e-01 8.385588324207011723e-01 8.194442539837634154e-01
1.133589099971642755e-01 2.294580333509176340e-01 2.084614774943731319e-01 3.231861449438317990e-01 3.655599623941601650e-01 3.557669393952476722e-01 5.653262482985309534e-01 5.422986258095906509e-01 6.889864906353030394e-01 1.000000000000000000e+00 6.126834032865917656e-01 6.568015903691499791e-01 6.328268899615823173e-01 5.337513400134782371e-01 7.146382010432728027e-01 6.942014161849484610e-01 6.442348253577997452e-01 4.227252057397750118e-01 5.155582557514483133e-01 4.190646514173597681e-01 4.571881994970207752e-01 5.059522941353377101e-01 5.428136961859596488e-01 5.189085610628082490e-01 4.966295856718707658e-01 6.651943308817750422e-01 6.236509719866372148e-01 6.634851165379006543e-01 6.488975023887786353e-01 6.803037528964054337e-01 7.190178562683509078e-01 7.025430377560105688e-01 6.646537307279011264e-01 6.726549892872150105e-01 6.670352989130517996e-01 6.943091038877428067e-01 7.099370937450164565e-01 7.250795075698919234e-01 7.267163009594520551e-01 6.823346865746704459e-01 7.298571719994334517e-01 7.198737828482206780e-01 7.052789985547182061e-01 7.187312727747794394e-01 6.973006625884232701e-01 7.284447160433460411e-01 7.452497729900553480e-01 7.548517728176922237e-01 7.393883241006633522e-01 7.066541534629743326e-01 7.351419246516646133e-01 6.704374925377840633e-01 7.006539946483099079e-01 7.432306258865292170e-01 7.303097916202400119e-01 7.186051399192151523e-01 7.258400947778984591e-01 7.446237555392316576e-01 7.358924240054429688e-01 7.464372848870648447e-01 7.381940605195254079e-01 7.493628319044474129e-01 7.377201219412503619e-01 7.437371856110730484e-01 7.279466346494649631e-01 7.347836610416186298e-01 7.460340136089290697e-01 7.186772559344185574e-01 7.267590580476740447e-01 7.010046647384357010e-01 7.016663748772903331e-01 7.190173352170784460e-01 7.118120759495413230e-01 7.053242102804514468e-01 7.429853078242502074e-01 7.329453216439906216e-01 7.413837333364658999e-01 7.455362763414170590e-01 7.353377940184262496e-01 7.402522039333198078e-01 7.385313349389684978e-01 7.504792560140716162e-01 7.419277643048260984e-01 7.346099237659419190e-01 7.383056397925555903e-01 7.395094005864212283e-01 7.404905240870643945e-01 7.479910775124927191e-01 7.477554501461911585e-01 7.314583904723402918e-01 7.298229440148266134e-01 7.441138555514265063e-01 7.403390722639660027e-01 7.415539880485944035e-01 7.469273266422949975e-01 7.502733622773753996e-01 7.245540462662868331e-01 7.336606542887155191e-01 7.450416239640015315e-01 7.485455631944583077e-01 7.363425265135848941e-01 7.442537732920260218e-01 7.363277151245301022e-01 7.427684080695149405e-01 7.368148963224290249e-01 7.296395066466011547e-01 7.486072629946347590e-01 7.509261521773623604e-01 7.432313995725856604e-01 7.492298304475349946e-01 7.480364616649354259e-01 7.508195962173933591e-01 7.509122635023547376e-01 7.486843330641537175e-01 7.402474661058122685e-01 7.463078696044695981e-01
8.093455328309191732e-02 1.297296833538043037e-01 3.173744752438373284e-01 4.380820415311847960e-01 3.599584291939725844e-01 3.848685853091540765e-01 5.846858252263882338e-01 5.408662712495148073e-01 7.029053545240849799e-01 6.126834032865917656e-01 1.000000000000000000e+00 7.846210083524639556e-01 6.765488146412663717e-01 5.799513694112428119e-01 7.468029712559776101e-01 7.275367747170118360e-01 7.037546233515036276e-01 5.568986078344836388e-01 6.412321407329737433e-01 5.648370794706372156e-01 6.121690739099584500e-01 6.799869050848575958e-01 6.598034986243929145e-01 6.557671354831535737e-01 6.514921830207067721e-01 7.733595619292104040e-01 7.605340619097755717e-01 7.794452792723357559e-01 7.420380724866553201e-01 7.930136801955871562e-01 8.283958947846373766e-01 7.866003564424389749e-01 7.570241164044064774e-01 7.739507116224187966e-01 7.794900478861547244e-01 7.835260483088867245e-01 8.174046750399310834e-01 7.992332914144100187e-01 8.205798910419218606e-01 7.869521974106185036e-01 8.132555424216549866e-01 8.015850128948912579e-01 8.030869423814921415e-01 8.113591428490992685e-01 8.079918427562958749e-01 8.167986341945911999e-01 8.145157338108953704e-01 8.165123735414282491e-01 8.021654137849546506e-01 7.914372403820070234e-01 8.114286472254855775e-01 7.622308461567210980e-01 7.859108823540665867e-01 8.140519779042986181e-01 8.024897746782050367e-01 8.103818275192743448e-01 8.054769243817190283e-01 8.125915372538321524e-01 8.061678379107342085e-01 8.212997670772274050e-01 8.172245244398734787e-01 8.135317329472621095e-01 8.111730355727048147e-01 8.133545316311322493e-01 8.148612605845260148e-01 8.075948915105420900e-01 8.126477979915082139e-01 8.110910534142437012e-01 8.076357491264104516e-01 8.060307927764754909e-01 8.221965710099474745e-01 8.280194288739507469e-01 8.009829564186183859e-01 8.123001823117826925e-01 8.299699954679038427e-01 8.266397032994864391e-01 8.216216222679521008e-01 8.217871434516992313e-01 8.293297214248359639e-01 8.312106965120216184e-01 8.265898756718559337e-01 8.313590613319669087e-01 8.173482624672512298e-01 8.227943888664803751e-01 8.094509115657877452e-01 8.185554471610159144e-01 8.229404277337821760e-01 8.178765929318714267e-01 8.218707290086754158e-01 8.165171132396781273e-01 8.167668283421022357e-01 8.184039679024046610e-01 8.231742229438128167e-01 8.268093615435865296e-01 8.156268928575968191e-01 8.144028736612435315e-01 8.060200801656246528e-01 8.020111093009235637e-01 8.148953308341918556e-01 8.173342979685659371e-01 8.153907452791162580e-01 8.128233437496427127e-01 8.075543426725733109e-01 8.194024279634380958e-01 8.187440878428116076e-01 8.074348300471758666e-01 8.142318482800219304e-01 8.192034909518868258e-01 8.188780196968630243e-01 8.187810396175340122e-01 8.200609951870331260e-01 8.172876167466194275e-01 8.158783582804816081e-01 8.121691384793029433e-01 8.242399374835316372e-01 8.148187176282334354e-01
1.953302846951854993e-02 1.137600130842810475e-01 3.144146530486547353e-01 5.465106165735248434e-01 3.847844041356378031e-01 4.645358448322687295e-01 6.758618435376555489e-01 6.245607025407439172e-01 7.313800790630184956e-01 6.568015903691499791e-01 7.846210083524639556e-01 1.000000000000000000e+00 7.520544891811195010e-01 6.330971991272379418e-01 8.307973677416514713e-01 8.020082308398700510e-01 7.259547094155994751e-01 4.936599481302653691e-01 6.082483326545673474e-01 5.555506969012614649e-01 5.680728604674339932e-01 6.705091530047364579e-01 6.751181534216507130e-01 6.469212347830441967e-01 6.345050582387046223e-01 8.117627794736151925e-01 8.003287096845237425e-01 8.057699419102322125e-01 7.320287966774445820e-01 7.885961213244965240e-01 8.693565138507193257e-01 8.360338878167474785e-01 7.814118045940797730e-01 8.353819373811471882e-01 7.892125447344242595e-01 8.562655773718931274e-01 8.710195493182666393e-01 8.472089973453353906e-01 8.807240184409340644e-01 8.603994170373786554e-01 8.807693980778316112e-01 8.655787663133791554e-01 8.665357632869326032e-01 8.881865389686992573e-01 8.844867254385248012e-01 8.750714486541366632e-01 8.812361563211303928e-01 8.779370408394623349e-01 8.716208179967133152e-01 8.624614147229786587e-01 8.711407329742578698e-01 8.621351013703113519e-01 8.763495472379377871e-01 8.702504009606017998e-01 8.494325844676572368e-01 8.681323584647221425e-01 8.771637225296395890e-01 8.749746355774742357e-01 8.631027624022029610e-01 8.887827465776847458e-01 8.863211581045382648e-01 8.804764553301384078e-01 8.781821590401619471e-01 8.808165441860285050e-01 8.708198780312902398e-01 8.915177386933507142e-01 8.799849455780754948e-01 8.463812490921049925e-01 8.641147343086343913e-01 8.472318361231068184e-01 8.547132541679988149e-01 8.696624170689810640e-01 8.463025044681070641e-01 8.507311603927718568e-01 8.873272327939779602e-01 8.868393979899041879e-01 8.758368595164198744e-01 8.592708389949061942e-01 8.812747948067048975e-01 8.652219421127363974e-01 8.732790018560477874e-01 8.930836043106848976e-01 8.809073571603400765e-01 8.603837985777867958e-01 8.732762649165763946e-01 8.806628862871633823e-01 8.972407762576954937e-01 8.822201913276319640e-01 8.869738528116704046e-01 8.815193807798655801e-01 8.892988728098456530e-01 8.883745677978678312e-01 8.975165064519987634e-01 8.955055671674995166e-01 8.873171198341281984e-01 8.856777186072639640e-01 8.861011438134648310e-01 8.822622314048046421e-01 8.883881025114284125e-01 8.869855347181874183e-01 8.880744888961631389e-01 8.864827287273373546e-01 8.930098954481512363e-01 8.948308727574670884e-01 9.006955381234352798e-01 8.844590392803068912e-01 8.876569559573627144e-01 8.825485355257089992e-01 8.776573355018573164e-01 8.835063253793445925e-01 8.856432195600718593e-01 8.903805302463787541e-01 8.884965721856492582e-01 8.876001509144133550e-01 8.851204441141733437e-01 8.967952951214456236e-01
4.350588423214941936e-02 1.416652546473213536e-01 2.420813547142299516e-01 4.130724682477642240e-01 3.963124220011953192e-01 4.029599851856712212e-01 6.271536044624960171e-01 5.960596276645960812e-01 6.802225279835687477e-01 6.328268899615823173e-01 6.765488146412663717e-01 7.520544891811195010e-01 1.000000000000000000e+00 5.942004765068267247e-01 7.774759076160979721e-01 7.693435438652951319e-01 6.616740947973407394e-01 4.762051593918458225e-01 5.855878387374248151e-01 5.081271139920464641e-01 5.354916580303961116e-01 6.083114148791231024e-01 6.243387906642057228e-01 5.957117940950935608e-01 5.963381784634602667e-01 7.323911432398579890e-01 7.142758320845662423e-01 7.327520505982559884e-01 6.797168290992035011e-01 7.236171202984158501e-01 7.742702498176218251e-01 7.628932641514539759e-01 7.281497853376819318e-01 7.465705191065759028e-01 7.379765528860185997e-01 7.699873628383149260e-01 7.826525585907995186e-01 7.858104384487055727e-01 7.992985261304488276e-01 7.704254620646145968e-01 7.954720948453414264e-01 7.897026458222976553e-01 7.905238341337806895e-01 8.034377560467483859e-01 7.874702531312050002e-01 7.988122784326530113e-01 8.148488021512382273e-01 8.107360373351653049e-01 8.054001806937697294e-01 7.834214417297854505e-01 8.002015792870983413e-01 7.743039485060289051e-01 7.985885993227667123e-01 8.078109987923073332e-01 7.964912446145552272e-01 7.977433087963815561e-01 8.053114847004176902e-01 8.132377776717755191e-01 8.014578605870722461e-01 8.206291321292426000e-01 8.203752809540660884e-01 8.169374892704184266e-01 8.141598880019290663e-01 8.093007451848167610e-01 8.045544733725875641e-01 8.158233788319239066e-01 8.109986729565404895e-01 7.877548475227047486e-01 7.976051466567976034e-01 7.839783513248523850e-01 7.894782707209353489e-01 8.019693351829879635e-01 7.792941968801789798e-01 7.859355149975085775e-01 8.147691087200391591e-01 8.068288081361725261e-01 8.095825504010658591e-01 7.996974351145968996e-01 8.042965737648936075e-01 8.011942218499220614e-01 8.087438490915610512e-01 8.174206730287341127e-01 8.088907589987600621e-01 8.043229328616039453e-01 8.040377786233817714e-01 8.080644561195040598e-01 8.168123214038940372e-01 8.157521374989554763e-01 8.160414258290941136e-01 8.099355419665923428e-01 8.111116975192342871e-01 8.171392671618921133e-01 8.176929992305729256e-01 8.186823856413963929e-01 8.174536775002786415e-01 8.176380233143812903e-01 8.058118218211089978e-01 8.104569505969562160e-01 8.220050167524000084e-01 8.165924066862252362e-01 8.148480256048947767e-01 8.196157251781230890e-01 8.149558841513634411e-01 8.209151506576856105e-01 8.210617814727100283e-01 8.139542637382030099e-01 8.173564189313659023e-01 8.188549516213210477e-01 8.168769926043298879e-01 8.185205273055307096e-01 8.212705388049363897e-01 8.231623523073442472e-01 8.222669884159785614e-01 8.196774102899793135e-01 8.154659331951346068e-01 8.249856274539539847e-01
