1.000000000000000000e+00 5.806889215740386467e-02 5.059227654722470852e-02 8.743052274901766396e-02 4.822626553308178438e-02 4.243619914300621188e-02 4.342603660727410025e-02 2.717875656497199810e-02 2.245333107676513729e-01 6.542153675410726510e-02 3.114640010250189009e-02 4.609634178826393924e-02 5.260537819186485164e-02 4.849821061281653183e-03 3.505001116644775039e-02 3.809453482987787409e-02 8.630282267706904098e-02 6.152642330712405211e-02 -5.149653085857150946e-03 1.858097781780165270e-01 1.907369917257485947e-01 8.293813860478206623e-02 5.644902636768586029e-02 5.424978162409013066e-02 1.273537221095544583e-02 5.437150550717625985e-02 4.611046093426109799e-02 1.332602576757646248e-02 7.077615945531190444e-02 6.154159266826791236e-02 3.321666014746252338e-02 1.899143530590567674e-02 -8.622915274062132457e-03 4.479049883633593951e-03 1.157567493923201442e-02 1.294777435232299587e-02 -1.389843494205919008e-03 -3.643074403299480235e-02 -8.154029630840161497e-03 -8.873902972724956317e-02 1.024816483557444008e-02 -3.456328971672648076e-02 -7.574668908276973277e-03 -4.694965862899515567e-04 -7.814778393796025392e-04 -4.175781409486094276e-02 4.992696909161258023e-03 2.301820087651516161e-02 2.748355823613226473e-02 6.486019358885980815e-03 -6.987466969028144521e-03 6.206340359746784913e-02 5.032731997196642632e-02 4.193198631706393509e-02 -2.381464512389220212e-04 -2.269855093115380126e-02 6.403012731862413320e-02 1.281003097407891662e-04 -1.717000687466732275e-02 8.387042166842428870e-02 5.179390184359190102e-02 4.535856433270689381e-02 2.309597992528210353e-02 8.258839541785058247e-02 8.798523091571995580e-02 8.631557929065773738e-02 2.272134092898906929e-02 2.999373499330512758e-03 1.701492685703321142e-02 6.859332140048250703e-02 2.228909095085961772e-02 8.982287857497779637e-03 1.460036927679457704e-02 7.296627129685186175e-03 1.094998376031077955e-02 9.899421226231729792e-03 1.983981503380610311e-03 3.032646769774806697e-02 2.353292127853711876e-03 1.867020995588148172e-02 1.419568814051032704e-02 1.429743563463965576e-02 6.762864227986115605e-03 6.198069074475848726e-03 -1.203121801727271775e-02 4.090137065583004938e-03 -5.964804590937903411e-03 -2.397924614843946825e-02 -6.486832559764258918e-03 -9.417235015948701923e-03 -2.414564607464367296e-02 -8.467309644295369780e-03 -7.618277083042243776e-04 -1.166635568719508881e-02 1.084780707491339244e-02 8.916118156170544165e-03 -4.033653521147833113e-03 4.244362549952446911e-02 2.024012938986602395e-02 -5.312834717718434817e-03 6.059374664534562110e-03 1.178018200726202794e-02 2.640490344105515461e-02 1.147464581234943631e-02 2.549384861699291113e-02 3.516286463687013503e-02 1.771002087354171459e-02 9.097536386366691930e-03 -8.176123878829418077e-04 1.293344548390840294e-02 -2.784411489322908065e-02 4.110807273884711788e-02 1.619950452066398067e-02 3.737231926335445042e-02 5.016250130524857465e-02 4.534919465409967959e-02
5.806889215740386467e-02 1.000000000000000000e+00 1.017501436067626830e-01 8.276529975943930362e-02 1.010208441193970186e-01 7.301633665091965264e-02 1.405255146422416945e-01 1.045217694054323548e-01 1.160965502265843691e-01 1.542708061553897114e-01 1.520513209944704125e-01 1.340404311830529216e-01 1.090134683367128682e-01 1.109537853892758330e-01 1.444103028714159853e-01 1.352532491747252263e-01 1.365393367704222649e-01 1.160438217782951142e-01 1.234220148201521511e-01 6.866136916636654541e-02 3.534164429715148242e-02 1.148831840271860721e-01 2.167580487375793397e-01 1.318216251992358756e-01 1.414919115788555448e-01 1.777993665249964217e-01 1.507872374661495540e-01 1.895726662608625546e-01 1.739360346021518733e-01 1.811139333102015636e-01 1.637556805057559517e-01 1.739489101330264353e-01 1.754456045822670729e-01 1.477633026350471390e-01 1.825900130729103954e-01 1.620315351897151646e-01 1.974507117731503780e-01 1.522845014587115020e-01 1.595454300783912538e-01 2.062727441554079721e-01 1.629446105639591191e-01 1.528855745544589473e-01 1.353060813553210728e-01 1.533481196233636712e-01 1.878811320787150962e-01 1.646353530324253245e-01 1.468332177073183031e-01 1.540450613025096394e-01 1.462241584830492047e-01 1.255358880271285060e-01 1.425306017495577560e-01 1.434602713856533429e-01 1.521603524296013810e-01 1.585142723687845145e-01 1.502178482674049187e-01 1.779526706763572552e-01 1.401960647749483091e-01 1.489209506782784298e-01 1.355946222330227102e-01 1.511526882320653187e-01 1.432319563201175927e-01 1.472356035513674444e-01 1.342739529810928201e-01 1.290523030875877220e-01 1.462239045514706626e-01 1.519754616381003565e-01 1.659792230596374429e-01 1.644071726508229692e-01 1.806274172652191368e-01 1.357555110574824864e-01 1.385086778749592407e-01 1.620214684400521910e-01 1.571609639256088264e-01 1.591895189288454471e-01 1.691595753179926387e-01 1.738763118419766607e-01 1.755869671237688390e-01 1.698921905689836642e-01 1.749023055136467164e-01 1.657413285811334125e-01 1.778901883535240758e-01 1.623512005805872738e-01 1.856162541132746202e-01 1.720618558752599891e-01 1.558791528709397578e-01 1.597687538996016565e-01 1.830194753779463002e-01 1.676852621202162552e-01 1.650509887648978491e-01 1.894609713766931824e-01 1.838504605064712749e-01 1.718943439723417954e-01 1.695733475202939045e-01 1.712648350359052551e-01 1.691516764722026112e-01 1.738918214881350899e-01 1.473854433305831213e-01 1.357462925773705309e-01 1.604239766909211773e-01 1.552145413190062495e-01 1.545611752664042826e-01 1.442947546954388427e-01 1.528759444188784178e-01 1.542824809101731032e-01 1.577620242200479250e-01 1.556497290345091877e-01 1.535600630162744784e-01 1.716783193862410628e-01 1.715339765800963090e-01 1.727665776607392734e-01 1.722339060047773651e-01 1.637382501793697986e-01 1.613323768526127022e-01 1.475253077052836592e-01 1.593736209104030799e-01 1.581103749571964034e-01
5.059227654722470852e-02 1.017501436067626830e-01 1.000000000000000000e+00 2.989125231722237763e-01 2.049972616653470969e-01 2.369271516980624437e-01 3.359406122850029930e-01 3.108251007613239136e-01 3.389801431485060523e-01 2.987766641345446783e-01 3.545241730859136076e-01 3.514838260939965875e-01 2.990979401706801433e-01 3.162549458244371947e-01 3.520949659687366839e-01 3.354373655066510418e-01 3.396611897453031270e-01 3.196621423844300813e-01 3.345606636007476542e-01 2.885642987491124911e-01 2.840324069187842304e-01 3.626000876117195237e-01 3.566281272200536034e-01 3.330598097092231646e-01 3.415761614393523771e-01 3.937203242658798841e-01 3.719621520274130066e-01 3.728074002919758434e-01 3.625355873847524446e-01 3.707881707343438915e-01 3.774804792884423055e-01 3.716347423946962381e-01 3.390381440921083622e-01 3.576470034910337881e-01 3.521077315430201082e-01 3.513645259544418975e-01 3.796675606066153841e-01 3.480164629264753118e-01 3.619953367560543867e-01 3.659970258964793111e-01 3.629541030509074728e-01 3.498018009214926005e-01 3.466826835412656904e-01 3.637896239577916857e-01 3.800794556805968116e-01 3.573111015955436898e-01 3.605141799757244359e-01 3.641200597936631311e-01 3.587424617477525390e-01 3.302190449155278373e-01 3.456252864556527693e-01 3.709450756105356906e-01 3.745249531228198037e-01 3.585790979321242244e-01 3.612964194090425574e-01 3.691949540657111228e-01 3.518133679327286600e-01 3.622874177763510395e-01 3.433276723219171878e-01 3.666012096530179010e-01 3.566895566304200682e-01 3.579485679121119923e-01 3.487532477377305318e-01 3.487246209919804829e-01 3.631102467082142349e-01 3.636598557854819891e-01 3.729151369267723615e-01 3.713749217523978907e-01 3.776570899144350291e-01 3.601793769137412449e-01 3.749280385313999986e-01 3.733002875083713534e-01 3.728388297186262523e-01 3.744037260925878741e-01 3.785738075798750213e-01 3.732519651900613744e-01 3.759440389266179849e-01 3.738810036071546494e-01 3.736698549908356037e-01 3.743472080282613801e-01 3.828913765244038592e-01 3.771292180098610447e-01 3.769092049778625109e-01 3.696255810776771789e-01 3.663860159257269489e-01 3.749857535226023275e-01 3.877879529657616842e-01 3.679605549803899311e-01 3.760935471650123652e-01 3.718004219686132372e-01 3.807002863748492616e-01 3.708331425579470819e-01 3.790904576896276801e-01 3.725371837283977250e-01 3.694925071825251872e-01 3.711175164628596757e-01 3.607845448145887146e-01 3.626377841121115608e-01 3.605140505548127261e-01 3.663376850630283843e-01 3.704697546480554271e-01 3.644611486293428682e-01 3.753504923172601426e-01 3.697682475671574265e-01 3.722132105275118841e-01 3.623905368681692996e-01 3.668902440862159553e-01 3.699245682177840777e-01 3.692899245961002719e-01 3.725398719453026364e-01 3.657425600444541014e-01 3.714496751267231112e-01 3.681780276031621502e-01 3.662511627302920680e-01 3.701936814257082431e-01 3.697766089885338170e-01
8.743052274901766396e-02 8.276529975943930362e-02 2.989125231722237763e-01 1.000000000000000000e+00 3.682269404340123287e-01 4.052735454183823971e-01 5.890210208067179209e-01 5.788967440905296025e-01 5.696311526124191449e-01 5.151172974803083227e-01 5.777826061321271744e-01 6.381510823852468706e-01 5.687039206613567766e-01 5.555947770607488900e-01 6.335700542596676144e-01 6.235661766691092955e-01 5.337875589755239902e-01 5.024870419262661425e-01 4.892124991769762343e-01 5.041361347881878618e-01 5.466702834509635789e-01 5.952566032558226361e-01 5.241160524865002834e-01 4.497518492606116247e-01 4.727528791769168293e-01 6.106876405384656925e-01 5.952604730675200573e-01 5.866260102041733759e-01 5.854684329833086398e-01 5.948056983363589900e-01 6.349104427216856195e-01 5.974445089255199237e-01 5.533757449566304443e-01 5.783231408127914586e-01 5.634401947517064801e-01 5.969605432867417516e-01 5.729083522180690169e-01 6.083451497228244964e-01 6.168748034273960901e-01 5.744014529150758275e-01 6.123866272014842904e-01 6.174860966533463058e-01 6.112964835174230505e-01 6.310433690550730779e-01 6.051968458931865635e-01 6.136829651164703581e-01 6.206685955511537234e-01 6.163527019207845070e-01 6.283219067005559877e-01 6.186852917420788689e-01 6.214146495133242576e-01 6.024459550292419197e-01 6.183567267978979931e-01 6.088616405191760172e-01 6.116350405837218673e-01 6.101539220869901525e-01 6.190775053494720348e-01 6.237747866375711325e-01 6.082482933971248285e-01 6.196241025761006771e-01 6.301795498073258228e-01 6.132210537856747079e-01 6.149420865159437311e-01 6.205010919307165640e-01 6.210197210850507687e-01 6.185917422694434675e-01 6.152356050698993828e-01 5.971150054473075564e-01 6.016544510377951349e-01 6.216890787978718302e-01 6.307968263184030588e-01 6.165304834877707307e-01 5.789400036391091353e-01 5.874094394270854558e-01 6.236194820374253434e-01 6.159352831992123134e-01 6.190826013844017428e-01 6.183397394746781295e-01 6.189703474163184005e-01 6.179227296003771963e-01 6.218849203216979538e-01 6.321579242712594970e-01 6.160624552265527853e-01 6.046538872436146850e-01 6.225148016766819392e-01 6.179855430799764404e-01 6.179528857039576772e-01 6.226809183263223302e-01 6.226434897147383740e-01 6.074732522988179895e-01 6.106132776442068089e-01 6.232381967500248976e-01 6.193284050435325927e-01 6.237091771564599041e-01 6.194190168232395211e-01 6.172948767180769236e-01 6.335050968852053987e-01 6.402160446718122566e-01 6.272069005147840048e-01 6.280629746619926790e-01 6.241499551876632523e-01 6.319243767212693319e-01 6.311890077365640561e-01 6.300186405319320171e-01 6.346167907945093889e-01 6.163585649558395163e-01 6.334831585047578928e-01 6.145299399631320991e-01 6.178357457465735170e-01 6.234935312232428029e-01 6.116165393489112478e-01 6.239316415952633754e-01 6.208050994922885701e-01 6.296743805424347418e-01 6.269809302492901359e-01 6.252400376678340921e-01
4.822626553308178438e-02 1.010208441193970186e-01 2.049972616653470969e-01 3.682269404340123287e-01 1.000000000000000000e+00 3.303344466166366900e-01 4.945531725734799711e-01 4.633283085418991587e-01 4.735891767478488945e-01 4.337326219504376579e-01 4.763734824567659731e-01 5.038971106372427400e-01 5.240295749410949222e-01 4.611385734373245060e-01 5.338267925133134417e-01 5.220525283327942523e-01 4.626375701402616336e-01 4.540126898130935063e-01 4.589112619870110987e-01 4.342780159225367309e-01 4.049628086768211621e-01 4.823731901270441047e-01 4.535567685877527344e-01 4.363482889248396224e-01 4.350099933088292792e-01 5.068648613703843342e-01 5.000054657335077923e-01 4.991575603658690574e-01 4.515693385890056644e-01 5.074577263071594624e-01 5.218687495177911639e-01 4.894093971033462442e-01 4.348781392802740786e-01 4.772036160035262875e-01 4.466873425115444607e-01 4.744818955561485585e-01 4.790087849828137401e-01 4.778608232513864018e-01 4.966279634896560990e-01 4.732955583706648373e-01 5.165456046598053685e-01 5.152365627998817255e-01 5.259685365561851400e-01 5.245006388881270354e-01 5.123455747028262675e-01 5.118020923197895700e-01 5.107006005904055623e-01 5.148181935482419869e-01 5.082996810690625367e-01 4.767997258915012693e-01 4.957946693641296365e-01 5.158239487847939841e-01 5.199339133647267186e-01 5.134561371086179271e-01 5.066869106304695558e-01 4.985763476967401964e-01 4.987913864094659089e-01 5.133490735117203219e-01 5.024960393645039325e-01 5.276142388827650409e-01 5.274437438931250943e-01 5.109010461804829317e-01 5.049432875209129978e-01 5.083558508877012994e-01 5.088180167893453509e-01 5.102624531556230192e-01 5.111426568315290409e-01 5.202732290968501427e-01 5.108395321585750271e-01 5.129122389645386360e-01 5.145047974789260792e-01 5.156156522312042023e-01 5.137458961141249114e-01 5.110160478550076490e-01 5.166904591699018612e-01 5.163265274645196801e-01 5.138075087290958631e-01 4.971923279503768223e-01 5.183677194387228404e-01 5.154907538538536782e-01 5.158630220716083903e-01 5.203377158995652341e-01 4.983975933964991389e-01 5.017582449583830595e-01 5.021783153153287493e-01 5.148416030037248348e-01 5.135266909923613676e-01 5.083874009307246533e-01 5.121349979673783803e-01 5.131464497233411137e-01 5.126613565392530436e-01 5.198760002012445813e-01 5.175470089905748194e-01 5.216309176147656546e-01 5.177678404752514840e-01 5.130501470643643591e-01 5.039221807457550106e-01 5.061042205267739513e-01 5.089696253960503958e-01 5.070826835752676454e-01 5.267467873863479477e-01 5.036108722233022528e-01 5.201540074207341435e-01 5.228816991581118900e-01 5.239609676992833531e-01 5.040036792990030268e-01 5.085104689804194056e-01 5.153051246878747049e-01 5.139343894315538952e-01 5.158292404400769415e-01 5.110473553494606636e-01 5.233340684675963361e-01 5.118812083761342668e-01 5.121222516881689391e-01 5.145447477534197400e-01 5.170188973474316718e-01
4.243619914300621188e-02 7.301633665091965264e-02 2.369271516980624437e-01 4.052735454183823971e-01 3.303344466166366900e-01 1.000000000000000000e+00 5.499148958624349159e-01 5.130090665298167041e-01 5.279502416504630036e-01 5.006227858372646056e-01 5.660203843695477133e-01 5.824766492679467333e-01 5.235236993301953801e-01 5.236276148625431670e-01 5.973532135296890644e-01 5.737878533745868204e-01 5.279126311015701623e-01 4.754703343131558846e-01 5.048201206735214441e-01 4.423133062922372516e-01 4.661742231737803221e-01 5.502463200453659997e-01 5.128763625130948745e-01 4.529338342173273579e-01 4.968923697711293830e-01 5.806519743464588768e-01 5.670800086253479089e-01 5.597641479690408373e-01 5.559776511573512048e-01 5.706048449917492382e-01 6.001740312950055722e-01 5.772525596616497889e-01 5.318116833368872198e-01 5.579511528317162572e-01 5.439446916879663307e-01 5.511906876255943111e-01 5.547236549128947702e-01 5.854909105749271925e-01 5.903554781784208227e-01 5.521371104896750648e-01 5.991712224905653139e-01 5.993829338969003384e-01 5.890643971236259047e-01 6.080942038721977028e-01 5.845224407004437905e-01 5.977434833228956190e-01 6.043170876388619384e-01 6.054142879657153919e-01 5.939657056125359214e-01 5.689231086958399519e-01 5.900845112090108424e-01 5.663967457551497553e-01 5.896470929070859457e-01 5.951435223447576472e-01 5.917397245208564360e-01 5.887542517252086771e-01 5.797604346078385484e-01 6.067028189966366947e-01 5.953483880173137122e-01 5.977442265498998930e-01 5.984290620435507302e-01 5.972635842301657894e-01 5.951037859797466689e-01 5.793105942763207006e-01 5.815249742612612627e-01 5.832346210166864386e-01 6.023734695598647049e-01 5.932328991061279755e-01 5.991565282055666408e-01 5.902153919809717264e-01 6.056307762776871328e-01 6.035545830920137078e-01 5.810578240288357676e-01 5.895197609752219625e-01 6.020451402251669748e-01 6.027749118854764943e-01 5.971841792122110082e-01 5.963624616691206581e-01 6.027684038349554463e-01 6.030095455511935709e-01 6.032928378806758918e-01 6.080602165708344220e-01 5.931030173334953526e-01 5.942315540064002644e-01 6.029635359989223842e-01 6.026999030429516235e-01 6.035973360980345648e-01 6.047974156230785381e-01 6.044165907293248541e-01 5.973061242986975605e-01 5.958505429602843906e-01 6.066816859574821752e-01 6.057095317674271451e-01 6.104286440055942675e-01 6.061374207961022220e-01 6.058943835904769815e-01 6.019929678337371248e-01 5.988191016219743812e-01 6.008816975096428203e-01 6.090285333511484822e-01 6.098066250068922001e-01 6.055004321165365910e-01 6.093900140197847648e-01 6.111461604309188500e-01 6.040167671834385521e-01 5.955883535853688793e-01 6.061849718754831473e-01 6.041611704225636759e-01 6.037830687335192792e-01 6.069426257581534978e-01 6.037279528663278549e-01 6.069768116029806704e-01 6.057838672842179584e-01 6.022446312586269279e-01 5.969623557335046460e-01 6.026889994919709670e-01
4.342603660727410025e-02 1.405255146422416945e-01 3.359406122850029930e-01 5.890210208067179209e-01 4.945531725734799711e-01 5.499148958624349159e-01 1.000000000000000000e+00 7.284307254021056277e-01 7.178659124446706841e-01 6.905117470282340353e-01 7.584704881739934290e-01 8.002063430078962813e-01 7.318073847713459923e-01 7.240692457829983608e-01 8.419031660936996397e-01 8.081178764232491707e-01 7.091140774227289167e-01 6.607756026861377752e-01 7.027357445306207095e-01 6.246651010986590258e-01 6.657601716405258108e-01 7.632791536863656745e-01 7.053956655754601845e-01 6.238973001962078158e-01 6.721272320178637294e-01 7.862842233310578521e-01 7.867630927725405288e-01 7.836226352478071755e-01 7.544095762916303016e-01 7.737840312231497597e-01 8.287433355337963103e-01 7.827408148204432203e-01 7.207508956232601127e-01 7.554116464847103751e-01 7.372860313382997299e-01 7.875114302644210529e-01 7.749949818902273080e-01 7.949308211777893485e-01 8.138554794425258976e-01 7.811769984021555979e-01 8.187060747448605680e-01 8.190791323909023536e-01 7.970227028440197703e-01 8.280586386382401409e-01 8.126665632011345064e-01 8.244614758101266316e-01 8.233514181026203582e-01 8.205933172605179848e-01 8.148180822224325714e-01 7.701184049167788537e-01 8.058010637817420996e-01 7.752955171710071980e-01 8.069133784002300303e-01 8.125156280307097578e-01 8.067485292820375520e-01 8.152387956873629049e-01 8.010335409530057182e-01 8.205141683555211563e-01 8.091405942013943919e-01 8.131869603223705889e-01 8.200742726834667762e-01 8.107811839027656564e-01 8.071974496597794646e-01 8.055219643776844185e-01 8.109648735787435836e-01 8.063959897043797564e-01 8.228145586569902692e-01 8.120658561088587302e-01 8.058158540648902024e-01 8.118272674170359249e-01 8.351444304290693843e-01 8.253717111148706209e-01 7.891304593332308936e-01 8.039154928838444514e-01 8.280081574420005142e-01 8.227178776595649445e-01 8.292423095640137909e-01 8.146994311503267250e-01 8.313654921017864519e-01 8.187923593734225403e-01 8.229772932932997165e-01 8.322644481365515379e-01 8.210172686737926551e-01 8.034095134612911915e-01 8.090032035749524786e-01 8.150084170173670373e-01 8.247544785801633749e-01 8.296474734860046496e-01 8.267679233668797645e-01 8.239431335470480677e-01 8.255129763161176415e-01 8.306943206739305641e-01 8.295293772571084023e-01 8.388673766246018682e-01 8.295766275855090965e-01 8.287230596364222324e-01 8.139770702990499762e-01 8.150391131295674496e-01 8.196558358744088224e-01 8.255309004935398320e-01 8.303297954368623612e-01 8.227129535778976432e-01 8.281583448593936581e-01 8.322754243878728309e-01 8.285578555452225435e-01 8.136440196223448940e-01 8.258728012344728198e-01 8.267448268083180674e-01 8.283289865181503453e-01 8.297876839963704843e-01 8.285046756531726508e-01 8.279379249297058596e-01 8.250547835566274246e-01 8.246561012866407969e-01 8.245835230732376786e-01 8.253866939146367043e-01
2.717875656497199810e-02 1.045217694054323548e-01 3.108251007613239136e-01 5.788967440905296025e-01 4.633283085418991587e-01 5.130090665298167041e-01 7.284307254021056277e-01 1.000000000000000000e+00 6.896659282652458645e-01 6.560611786507232202e-01 7.308353222542822714e-01 7.860054740618456215e-01 7.259573795324503198e-01 7.060028627282796121e-01 7.895512664536802339e-01 8.026719373631173715e-01 6.911130531945216537e-01 6.409638508068300489e-01 6.658463772077176657e-01 6.076672042539796870e-01 6.439777554236273405e-01 7.368936062731371583e-01 6.901359296095277429e-01 5.722054267554324003e-01 6.208359157436582620e-01 7.702270559850529219e-01 7.578938572440877541e-01 7.454315128138928603e-01 7.393171048733652162e-01 7.569188213643631702e-01 7.988063981967242766e-01 7.607868298512704408e-01 7.147812412334643151e-01 7.303969782437276237e-01 7.332897519784496998e-01 7.504774642424550946e-01 7.437915233853741315e-01 7.794969687099226885e-01 7.897744855123193242e-01 7.348635199267221640e-01 7.851682538635521569e-01 7.885818391301151475e-01 7.629605694902523716e-01 8.082345085996187617e-01 7.752552804545391751e-01 7.927973405380992489e-01 7.961727617440809146e-01 7.964840449926350319e-01 7.938097962456719392e-01 7.545871469285670985e-01 7.841928878979674833e-01 7.408791239452237054e-01 7.867869175900182865e-01 7.898462357999569416e-01 7.919879187276376298e-01 7.935425030947516056e-01 7.868300837194402986e-01 8.017567415390922658e-01 7.936076570831761545e-01 7.877455030633335742e-01 7.917893857712026140e-01 7.942795092072904017e-01 7.940244866644585731e-01 7.835807910026703071e-01 7.869103351152901826e-01 7.847939172742631753e-01 8.004808780634096177e-01 7.867134962619355409e-01 7.838725364574683496e-01 7.906506812784905858e-01 8.086121766337487360e-01 7.995311623643824861e-01 7.582837898884386973e-01 7.635111846831157401e-01 8.032574942404370200e-01 7.959170359622497193e-01 7.937732602871819809e-01 7.932340867957864416e-01 7.955642672401115334e-01 8.013968363161497743e-01 7.979246597450440071e-01 8.060458785829562878e-01 7.926520167421886587e-01 7.909271049202269976e-01 7.913254484165843650e-01 7.894103206522391503e-01 7.933589882386141712e-01 8.053512848737922614e-01 8.041772988685690349e-01 7.943171130039884398e-01 7.862968476351517300e-01 8.000112279294957496e-01 7.998162251056614158e-01 8.047000585926109562e-01 7.962550119707144658e-01 8.016520712372663393e-01 7.946138997911182944e-01 7.948476873710149659e-01 7.914080235053776446e-01 7.991772869942515012e-01 7.995068445103606924e-01 8.037981519044697931e-01 8.037553469822110719e-01 8.087621030399225752e-01 8.003868452679768764e-01 7.939847070172584287e-01 8.041386924141901149e-01 8.004066500312556620e-01 8.026715679990342744e-01 8.036684968298533072e-01 8.018307627853619168e-01 7.989451268639763404e-01 8.031839055970777519e-01 8.025037994587258527e-01 7.998802823669777240e-01 8.007127419594241013e-01
2.245333107676513729e-01 1.160965502265843691e-01 3.389801431485060523e-01 5.696311526124191449e-01 4.735891767478488945e-01 5.279502416504630036e-01 7.178659124446706841e-01 6.896659282652458645e-01 1.000000000000000000e+00 7.841578919244611701e-01 7.709854009446581724e-01 8.174242679005128132e-01 7.826592726303057690e-01 7.530000548574762309e-01 8.375279487245622656e-01 8.134177880462972743e-01 7.789850635579711469e-01 6.855856310384185193e-01 6.742267520059956887e-01 7.089199137710454623e-01 7.166306976268009832e-01 7.648203760491085745e-01 7.119091735943999799e-01 6.281007141727511511e-01 6.347748479463624083e-01 7.968297568304076872e-01 8.031940606271372740e-01 7.705353543042439135e-01 7.793138268023820370e-01 8.094788232584978482e-01 8.237657785625578377e-01 7.963164572362519955e-01 7.260123679757556348e-01 7.566873238104858679e-01 7.614971126082262787e-01 7.617163826710373620e-01 7.438826619763190262e-01 7.792493190328885211e-01 8.003394989119290148e-01 6.841316637430917558e-01 8.371466731673143924e-01 8.061923980338212559e-01 8.013350048487348776e-01 8.310045116597055692e-01 7.872244863742581256e-01 7.883693615589543180e-01 8.476152732968075254e-01 8.550659047481188324e-01 8.467103662147958953e-01 7.919925759431102330e-01 8.168433580639364866e-01 7.937284665778119308e-01 8.340814705799258766e-01 8.501775351212583764e-01 8.152086655028480955e-01 7.924409624492835258e-01 8.398550192722916696e-01 8.374691656705764986e-01 8.192761754654264150e-01 8.767225813688370728e-01 8.584169742960753302e-01 8.512400404308936297e-01 8.347282304504393124e-01 8.636837849774740006e-01 8.553239042767557532e-01 8.603736284299395853e-01 8.409216727963070293e-01 8.196276490634986089e-01 8.238127735197594559e-01 8.495494022147612734e-01 8.340174142179018757e-01 8.245686811309538289e-01 8.029755921811174701e-01 8.026375211734874116e-01 8.310077825519558425e-01 8.287965369289742590e-01 8.195329101123609572e-01 8.296213344145733082e-01 8.205261150319744790e-01 8.363855961875089617e-01 8.266507327664370797e-01 8.430359342534679001e-01 8.094281147695427947e-01 8.183328913017351436e-01 8.122885893152778092e-01 8.223431885164285138e-01 8.133174462969522400e-01 8.147464277468070559e-01 8.256881215619401582e-01 8.072183444959752929e-01 7.971664269525942093e-01 8.292709623350212889e-01 8.253996166621678787e-01 8.272455598329427895e-01 8.461417365916492628e-01 8.375786869638456311e-01 8.036534506898957986e-01 8.328779477303207557e-01 8.316468021784013676e-01 8.257532975480436077e-01 8.316420096273168250e-01 8.337652340181408439e-01 8.428498013519463150e-01 8.429792245941377660e-01 8.337021993287038191e-01 8.317877001258330294e-01 8.392723433998802163e-01 8.398009249249176467e-01 8.305692087912089905e-01 8.380452156621379656e-01 8.126206549688241854e-01 8.576930807016435176e-01 8.393575826482611024e-01 8.459735426575121231e-01 8.543165206929687061e-01 8.507567807899978352e-01
6.542153675410726510e-02 1.542708061553897114e-01 2.987766641345446783e-01 5.151172974803083227e-01 4.337326219504376579e-01 5.006227858372646056e-01 6.905117470282340353e-01 6.560611786507232202e-01 7.841578919244611701e-01 1.000000000000000000e+00 7.599366301599986828e-01 7.953406017199675659e-01 7.448471480700263880e-01 7.440045794243926869e-01 8.258115543282096294e-01 7.911494509760197413e-01 7.478074545859316746e-01 6.520794252156156823e-01 6.669777403848475839e-01 6.397648439961451938e-01 6.139135961490224114e-01 7.064784731228014314e-01 7.206237857985804407e-01 6.015528386618801404e-01 6.266000511780125404e-01 7.772004204255368309e-01 7.894495219784801732e-01 7.676009287137938175e-01 7.627801026757167202e-01 7.899321875866428533e-01 8.102160281692517563e-01 7.960765761683878949e-01 7.465424996533200908e-01 7.550113166220454586e-01 7.612306320570143559e-01 7.460767868844992989e-01 7.427338701845878077e-01 7.987821888399175840e-01 7.972337101535731385e-01 7.204478866580952268e-01 8.349347681551119171e-01 8.107082231573162767e-01 7.937841474193263469e-01 8.181568561384146010e-01 7.810360490188580362e-01 7.962080007920780966e-01 8.425377280114673129e-01 8.468974098119661509e-01 8.277737762708572422e-01 7.738901596303907615e-01 8.051081754401804291e-01 7.520973544962974433e-01 7.932797582003643377e-01 8.307476518174780056e-01 8.073780821219431747e-01 7.936592633663095420e-01 7.985509354002616744e-01 8.280244242086280959e-01 8.154763099777446733e-01 8.411918433077869572e-01 8.270615389448375820e-01 8.271327319150113544e-01 8.131125193690507125e-01 8.183128511840153108e-01 8.083531093773244081e-01 8.169667308416159734e-01 8.312083692706799809e-01 8.133189946944339166e-01 8.217037509670686024e-01 8.195079220116957552e-01 8.089364920413553151e-01 8.110896595647244522e-01 7.920384469606259747e-01 7.935673567376216875e-01 8.213121311719505657e-01 8.190073729774628442e-01 8.122148997856207808e-01 8.209347628828297383e-01 8.172844153542382362e-01 8.230759949594967928e-01 8.168537202463374003e-01 8.315490882801963579e-01 8.099020970794544860e-01 8.134922146407342902e-01 8.117791055684373536e-01 8.155289345874172646e-01 8.105365968467423965e-01 8.197507781763490042e-01 8.231302923413134076e-01 8.081572305727613426e-01 8.030723329031678182e-01 8.268919429607037852e-01 8.204759655487385839e-01 8.254036482045084000e-01 8.410181210912116567e-01 8.299949206511109123e-01 7.951313528085922622e-01 8.027758414877030901e-01 8.168669514833063472e-01 8.207130423867012858e-01 8.172282405771734703e-01 8.202795197036185648e-01 8.234514060729641871e-01 8.315217622660814323e-01 8.129444465198480962e-01 8.123503574451369502e-01 8.257776355021384518e-01 8.319035099095891672e-01 8.269193238127698908e-01 8.262706249571648565e-01 8.157137455206150412e-01 8.406320947962718781e-01 8.295136181599710445e-01 8.205042250740806065e-01 8.262505738949041945e-01 8.267393913622858026e-01
3.114640010250189009e-02 1.520513209944704125e-01 3.545241730859136076e-01 5.777826061321271744e-01 4.763734824567659731e-01 5.660203843695477133e-01 7.584704881739934290e-01 7.308353222542822714e-01 7.709854009446581724e-01 7.599366301599986828e-01 1.000000000000000000e+00 8.580654744579843118e-01 7.775395133171034701e-01 7.922129526606014327e-01 8.610294352134412188e-01 8.357161993982276105e-01 7.804253918568677673e-01 7.356992686564591821e-01 7.701129248426942242e-01 6.596697235408723881e-01 6.494495591610917051e-01 7.901730864837744894e-01 7.954352006420452037e-01 6.983342205797163915e-01 7.286994483982086601e-01 8.641578569511904062e-01 8.590889094781840596e-01 8.490468578810520528e-01 8.174132386988224308e-01 8.638025509788368472e-01 8.954303456200463085e-01 8.671286811154031993e-01 8.010949444443624667e-01 8.395061094342729513e-01 8.260947642790237300e-01 8.374024198274337971e-01 8.431254442312449138e-01 8.541001638371430449e-01 8.750524156455207203e-01 8.242797573129252431e-01 8.899423088640334711e-01 8.749447858395157374e-01 8.540361219440751883e-01 8.802127122691892902e-01 8.735126621156596993e-01 8.651659374616926801e-01 8.907487535893692243e-01 8.940422018174605245e-01 8.833239019586270890e-01 8.344920760535644577e-01 8.619919501281082530e-01 8.325687312272300744e-01 8.642165009314333179e-01 8.834390550847908141e-01 8.808089672256164127e-01 8.753410762615814189e-01 8.640305450647611796e-01 8.875107846321993454e-01 8.773506183172334882e-01 8.797588533550694256e-01 8.802921060080494131e-01 8.764890293131500920e-01 8.765591791579849801e-01 8.646571510115586001e-01 8.692372552808340647e-01 8.681510671795555911e-01 8.937428638133541048e-01 8.891678749322193820e-01 8.910886217759845795e-01 8.698684488139533100e-01 8.858369808807906587e-01 8.910253720725618276e-01 8.700126687018313598e-01 8.723465221169441897e-01 8.979921464680035159e-01 8.943766429759747449e-01 8.905686197180926467e-01 8.824490607081375559e-01 8.918531326826379946e-01 8.962242719874657926e-01 8.947680086561046187e-01 9.005052367936176028e-01 8.880421323026987945e-01 8.835231565513670393e-01 8.838250381990840898e-01 8.931335379419231835e-01 8.961170495508362643e-01 8.923824675865499323e-01 8.973091929118325316e-01 8.867111189037943930e-01 8.908409767663916234e-01 8.970844272068445591e-01 8.970096156185463077e-01 8.965364491197831409e-01 8.969596901522548515e-01 8.959925284828046399e-01 8.811127796837466830e-01 8.784759274501902082e-01 8.853584958423067475e-01 8.870458415586338630e-01 8.936959316180991264e-01 8.892729914733566998e-01 8.924666624542022531e-01 8.960381083470225771e-01 8.942665379800268655e-01 8.795307531949726476e-01 8.902863715867801453e-01 8.932040679688373341e-01 8.939801278153324260e-01 8.939073173613796275e-01 8.892876235624269654e-01 8.956123141128619070e-01 8.905158258720062836e-01 8.886175869698793583e-01 8.879296692071043662e-01 8.906209889921734568e-01
4.609634178826393924e-02 1.340404311830529216e-01 3.514838260939965875e-01 6.381510823852468706e-01 5.038971106372427400e-01 5.824766492679467333e-01 8.002063430078962813e-01 7.860054740618456215e-01 8.174242679005128132e-01 7.953406017199675659e-01 8.580654744579843118e-01 1.000000000000000000e+00 8.325377076243020147e-01 8.199912043473418510e-01 9.131778867250622822e-01 9.052183114743099779e-01 8.162471106270039467e-01 7.303373422480481381e-01 7.616321198942729298e-01 7.025553468259102541e-01 7.380787814257243618e-01 8.377995295560517475e-01 7.805150211748993483e-01 6.689698985847417623e-01 7.131611476420228746e-01 8.810269683130789176e-01 8.861758145601366099e-01 8.549121857711332595e-01 8.493222133928556294e-01 8.758722298151128127e-01 9.197733219766577317e-01 8.869547447550200081e-01 8.223390455561381263e-01 8.536083019769551417e-01 8.473997419018887145e-01 8.641369912163184841e-01 8.480889831626222675e-01 8.978647364153616861e-01 9.083829334174208237e-01 8.257507520713467386e-01 9.182111450737886482e-01 9.114076757464459888e-01 8.889699013193899102e-01 9.282583568324223044e-01 8.881435371317282224e-01 9.035129544892566145e-01 9.340167336186276925e-01 9.324175334806480420e-01 9.306726747497073848e-01 8.933321031830004921e-01 9.169436522499371245e-01 8.690405607317186476e-01 9.108532843905136067e-01 9.224147185102457014e-01 9.172875902625668987e-01 9.031771923304701133e-01 9.113739052300873222e-01 9.269622787187585811e-01 9.208337202375506125e-01 9.211776704426555273e-01 9.294380461648212854e-01 9.225201841152556037e-01 9.236551668631027834e-01 9.250744702312098111e-01 9.142258379091485754e-01 9.137463152644496045e-01 9.306982282447578969e-01 9.114431038072645652e-01 9.107062636427729618e-01 9.186448884938240855e-01 9.327196386370228964e-01 9.227215501051435620e-01 8.801154913602730057e-01 8.902354267233564267e-01 9.306953699463943463e-01 9.245389339977769794e-01 9.176639785302763697e-01 9.179404045643423382e-01 9.204535594004671362e-01 9.294676851319583211e-01 9.247242351501693269e-01 9.363437628657659273e-01 9.114383705425121995e-01 9.152992866096812952e-01 9.207093863768125441e-01 9.190078084352971688e-01 9.186015830931558712e-01 9.263766320855459924e-01 9.289833691727998888e-01 9.078871278382503185e-01 9.087147388476976007e-01 9.302074567739923028e-01 9.265310470317569269e-01 9.297918201086773360e-01 9.332671838693288313e-01 9.317911839696442211e-01 9.164099576196880204e-01 9.275553978730461946e-01 9.273735267338222288e-01 9.293031556233453117e-01 9.286101488201063958e-01 9.342052899841607472e-01 9.322078390183088370e-01 9.378387755981877349e-01 9.299533435395531678e-01 9.161070884944372272e-01 9.341528755212773483e-01 9.303551876732709669e-01 9.271574925741340456e-01 9.307061569002231805e-01 9.207458306148023075e-01 9.326586454162695272e-01 9.285312517076111938e-01 9.343485342380540848e-01 9.309598204978193348e-01 9.299259382602323987e-01
5.260537819186485164e-02 1.090134683367128682e-01 2.990979401706801433e-01 5.687039206613567766e-01 5.240295749410949222e-01 5.235236993301953801e-01 7.318073847713459923e-01 7.259573795324503198e-01 7.826592726303057690e-01 7.448471480700263880e-01 7.775395133171034701e-01 8.325377076243020147e-01 1.000000000000000000e+00 7.581887705497390995e-01 8.513763953025266229e-01 8.362256588660058609e-01 7.480033923892925873e-01 6.827547527928868876e-01 7.115588905234702111e-01 6.508336758346633388e-01 6.548995734745181041e-01 7.569635306949693554e-01 7.373691598298010019e-01 6.346507341724940687e-01 6.580653269177836329e-01 8.072637089858405446e-01 8.128388865580338241e-01 7.886684542878528159e-01 7.732509242035222607e-01 8.162492044721604278e-01 8.387358308279926344e-01 8.072159746489713239e-01 7.522292755845059187e-01 7.659055622512825900e-01 7.735295110121359619e-01 7.763415374281691372e-01 7.691733090723972266e-01 8.129241946614823577e-01 8.241448319084491159e-01 7.464773791701682093e-01 8.500269468753942625e-01 8.389068329381589306e-01 8.248319068599478943e-01 8.545508095701598306e-01 8.163763407729552890e-01 8.294888807554869903e-01 8.606466199358794311e-01 8.595180060247460396e-01 8.486164934967307394e-01 7.940359947238398997e-01 8.271582896013973674e-01 7.962900459770637651e-01 8.424991199623532712e-01 8.557324691048922016e-01 8.376381225696252208e-01 8.237775500523548677e-01 8.289206182681084778e-01 8.572673800089657403e-01 8.383911682900661022e-01 8.695002702445393528e-01 8.562120604519826150e-01 8.544329253112374900e-01 8.411959495691377908e-01 8.446611285230878341e-01 8.380811693283856112e-01 8.500024653349526060e-01 8.532164886393591718e-01 8.401066104979126870e-01 8.424213122731917247e-01 8.439497247983801520e-01 8.474062526547661012e-01 8.419714057050127209e-01 8.203636499654279879e-01 8.231115325702882402e-01 8.531009432679351745e-01 8.503166464121862944e-01 8.433253759996162113e-01 8.409855146584874763e-01 8.433036132971311050e-01 8.515770938337724472e-01 8.485046815749170968e-01 8.599914137206801090e-01 8.265674033548128241e-01 8.423820991090363863e-01 8.335263336120271038e-01 8.365552679679562065e-01 8.385595073729579241e-01 8.429448513903365914e-01 8.487772494613992080e-01 8.355747698066622320e-01 8.334210643706848609e-01 8.522367398407257877e-01 8.487480810947543031e-01 8.533883404707470755e-01 8.580722159808387151e-01 8.535799650151880691e-01 8.214700007680524330e-01 8.342951788407484415e-01 8.361060921378270505e-01 8.434230879476390941e-01 8.493820453355255262e-01 8.443742156962058543e-01 8.554619228740176773e-01 8.606459220184327075e-01 8.466743617704673985e-01 8.364860239078797388e-01 8.487152699539113332e-01 8.571089572241477050e-01 8.532547760880739851e-01 8.531116369753780626e-01 8.405551764810645921e-01 8.635597586394735403e-01 8.529942737272926401e-01 8.505965918578131113e-01 8.529682428971343544e-01 8.581608853241320389e-01
