1.000000000000000000e+00 1.192531448497483049e-01 1.046081509056903808e-01 5.152100398540938181e-02 9.306087680243180227e-02 3.261642608021255579e-02 5.002636870651168410e-02 5.699268566368358158e-02 6.154265739619106668e-02 7.620976336284550345e-02 1.223838661991104391e-03 2.087942157767199575e-02 5.777873747031893326e-02 2.116879729968557805e-02 2.233622137423380352e-02 4.498408403321818572e-02 6.407105675150709390e-02 1.748064134774917344e-01 1.388303903844628484e-01 1.204249397707755354e-01 1.308680810400444650e-01 1.301772576554664218e-01 1.376390952460836425e-01 1.476038586544827780e-01 1.184364346590172506e-01 1.246644956568358636e-01 1.106875742427450848e-01 6.538305714651809764e-02 9.444373111475821980e-02 1.089299635616048922e-01 8.616155804511421712e-02 8.215675870727150165e-02 5.597966887452954926e-02 1.061310721775030330e-01 7.453747091622471566e-02 7.609389144790884574e-02 6.687259096604761255e-02 5.349965904625114677e-02 4.129109689484058987e-02 2.398197685129523776e-02 3.382023880718081077e-02 1.330016006938500132e-02 1.516195867424532939e-02 2.543924522723472331e-02 3.677586351439252749e-02 3.353599270791415843e-02 2.352506146419826999e-02 3.714057492431629276e-02 3.669905918831137953e-02 4.735436056799868093e-02 3.652421204885447636e-02 3.748013637942844423e-02 2.440804610602611072e-02 6.701661803098594994e-02 6.808723823131621056e-02 6.772495925459680322e-02 5.981549604850747853e-02 1.875545924903485387e-02 2.824692570135128519e-02 2.493677046151215881e-02 1.331109612765777467e-02 3.691846495241565829e-02 3.637822037392176439e-02 1.460199348511086008e-02 6.774697699131687623e-02 6.156698632832006968e-02 3.872268267870555142e-02 6.843496766412089649e-02 6.333522319648607346e-02 6.612033399809763567e-02 6.229219368044921351e-02 5.322189512278793777e-02 6.501922008416972931e-02 5.283956682521400577e-02 4.850150472337318164e-02 3.702982079443992158e-02 3.162083377991580652e-02 5.078428385953594887e-02 4.687876481518644251e-02 5.726040387961917055e-02 4.559748575887762750e-02 3.478008102729358841e-02 5.760645754826489856e-02 3.877291506887997619e-02 3.030880492096429957e-02 4.254474666203035549e-02 3.326791715292004570e-02 2.280357163960821873e-02 2.063447677667346394e-02 5.984664332175124168e-02 1.701454377257073658e-02 1.131348352547965376e-02 1.584201543079252414e-02 1.433889396064578700e-02 7.913892708970905049e-03 2.601626487561057438e-02 7.728899177453313341e-03 3.162520803283782461e-02 1.197687999756973619e-02 1.356850558791233667e-02 1.199392068928268641e-02 3.047250528919438067e-02 1.658895982893030321e-02 8.575457187215987376e-03 2.595581350616137442e-02 4.525453402882216591e-02 2.983720553406262604e-02 3.246205527599534818e-02 4.835622957603553235e-02 2.145287063713945119e-02 2.441247299353806188e-02 2.031821806374328743e-02 2.351529505275260293e-02 2.006395471307254735e-02 3.815080412074959432e-02 3.406756909179969178e-02
1.192531448497483049e-01 1.000000000000000000e+00 6.088474022179502648e-02 7.343468153939791687e-02 7.767459499574003168e-02 8.439882623690952990e-02 1.283544199396217944e-01 1.346695635996944806e-01 1.751041948499371670e-01 2.006461434755451856e-01 1.737970571490222160e-01 1.514335846083461334e-01 1.569913697730536961e-01 1.031564478177028482e-01 1.409543434687030861e-01 1.437746098384682092e-01 1.790951614599169406e-01 1.153606163048098709e-01 1.333715776189662860e-01 3.628879155668338075e-02 9.916290743015920839e-02 1.329685790058658668e-01 1.754446913402755437e-01 1.551166519915661846e-01 1.505670353972042574e-01 1.997195648141058544e-01 1.407367889023078411e-01 1.516304005864516358e-01 1.806800293884839315e-01 1.623442355446495233e-01 1.443845961979896841e-01 1.913270243333467791e-01 1.871567749897257438e-01 1.926930368506643565e-01 1.880869680610563754e-01 1.873584337775507092e-01 1.772172500513888860e-01 1.941600263757130851e-01 1.781996945179357139e-01 1.610190605115597584e-01 1.787491180414154390e-01 1.603188134308067836e-01 1.764428340657702987e-01 1.660829405370157219e-01 1.553971942126086414e-01 1.695623565564701452e-01 1.654513847871805776e-01 1.793898931448102418e-01 1.577856845691222309e-01 1.759836789245165511e-01 1.808357646314880940e-01 1.392303892714813474e-01 1.433541308444262752e-01 1.777629020616122713e-01 1.702529422006224813e-01 1.874812064264489153e-01 1.552792993208389760e-01 1.691193950986966121e-01 1.693026650873987460e-01 1.676144353612433746e-01 1.550475544350041757e-01 1.697320171297309055e-01 1.573910307708066836e-01 1.681935655204084279e-01 1.626434518027676801e-01 1.631790747462137925e-01 1.757764515260447635e-01 1.693630784517423105e-01 1.849547912993750598e-01 1.431145735477942771e-01 1.530702629833037010e-01 1.698507413588970782e-01 1.798044635954852144e-01 1.744963948715948510e-01 1.793834094635748666e-01 1.638493164365853461e-01 1.748207314830124148e-01 1.837264105645028123e-01 1.807727746169027205e-01 1.781916259233993771e-01 1.797017696129455666e-01 1.639950420701584421e-01 1.923092589878324654e-01 1.883017685299192279e-01 1.789678250619922140e-01 1.823461545968660391e-01 1.768875637132046319e-01 1.775614815159765048e-01 1.760526302128905263e-01 1.879004628133050248e-01 1.769992396919232158e-01 1.687787951363962646e-01 1.633686574209930464e-01 1.675247453696345479e-01 1.662781874559926265e-01 1.750842003772510036e-01 1.586490742014006750e-01 1.724885754733168630e-01 1.689293626738537224e-01 1.731373778354150794e-01 1.694171500603924019e-01 1.686608611712431816e-01 1.591754523245874076e-01 1.614931140597329340e-01 1.667342333928865938e-01 1.713537971805806637e-01 1.717615135710303387e-01 1.841037506181809336e-01 1.870818203837129878e-01 1.713456123453371283e-01 1.755551479133046766e-01 1.706474791546920000e-01 1.703333375457494192e-01 1.698785809837318472e-01 1.627561927663266905e-01 1.678682139164112130e-01
1.046081509056903808e-01 6.088474022179502648e-02 1.000000000000000000e+00 4.217534889077598770e-01 2.571363640286281615e-01 2.451897662704317360e-01 4.069393845678889177e-01 3.750459918360489198e-01 3.463306431131382146e-01 3.652360153011248167e-01 3.802025746099514936e-01 4.350436653293378031e-01 3.881511097712110336e-01 2.762494979282139607e-01 4.181688991984771619e-01 4.047968311004986885e-01 3.408790879982918631e-01 3.995419273373738145e-01 4.071045156748799854e-01 3.363240157656151030e-01 4.112790588366114775e-01 4.403577607578723629e-01 3.262357096226980446e-01 4.011316452707804348e-01 4.093390885215111852e-01 4.489080654576252383e-01 4.650061349704883717e-01 4.452968950349462940e-01 4.053323427191629635e-01 4.469329239626959049e-01 4.547778399537514837e-01 4.081425782692548188e-01 4.005070875761145843e-01 4.214010388983856492e-01 4.022616791989322982e-01 4.252341153530487805e-01 4.227100532255583798e-01 4.058488850715452623e-01 4.255723390543282303e-01 4.260444829951923196e-01 4.069798734561952402e-01 4.229597515769973892e-01 4.230951127136705625e-01 4.200841034625880099e-01 4.343416068443120559e-01 4.098640804747147315e-01 4.028317141500805665e-01 3.922112406173071664e-01 4.133081066361322664e-01 4.268017472046564120e-01 4.192878925165066106e-01 4.374449904027857272e-01 4.167093622897833916e-01 3.829204565950220518e-01 3.876612126880066289e-01 3.881574220468565484e-01 4.050205927580613485e-01 3.980575813385204276e-01 3.958037209797400924e-01 3.918213921536046196e-01 4.129392599791418261e-01 3.881635763562424901e-01 4.072893427363039609e-01 3.949715304196755317e-01 4.156830255225184567e-01 4.140052725425253377e-01 3.969904058913178990e-01 4.223288082332161686e-01 4.024069016504362994e-01 4.223046130129310960e-01 4.410648187465027736e-01 4.260060825928247419e-01 4.130438793599909286e-01 4.162016360826157890e-01 4.192521121250312732e-01 4.163572430825750459e-01 4.157593348314717607e-01 4.152067159924160977e-01 4.294763568382706231e-01 4.224567876397394284e-01 4.144894982114209481e-01 4.235348052860043455e-01 4.057926198282252317e-01 4.036542237939976241e-01 4.075705997594286090e-01 4.025824732241553572e-01 4.124390943058450776e-01 4.001630866150813759e-01 4.032964635264869591e-01 3.945852534484713403e-01 4.177844815823076319e-01 3.995028474122210849e-01 4.132557359690468002e-01 4.061119479619048622e-01 3.916870857347582446e-01 3.882460245532437515e-01 4.218933317959121521e-01 4.181373102442419998e-01 4.019027597877713465e-01 4.093889526610342555e-01 4.108231709931490228e-01 4.112115252634813145e-01 4.079313630284596703e-01 4.035955392060636138e-01 4.114517718206105457e-01 4.022226288530445504e-01 4.069379611800263974e-01 3.817673248913138750e-01 3.871622429955584588e-01 3.981562029556908744e-01 3.943023553726526798e-01 3.930215383029105891e-01 3.872235897759147005e-01 4.000811963447603037e-01 4.030734270535015762e-01 3.961143350547806086e-01
5.152100398540938181e-02 7.343468153939791687e-02 4.217534889077598770e-01 1.000000000000000000e+00 4.634002731061394598e-01 3.569247421913480656e-01 6.034504226052129772e-01 5.609940209326936822e-01 4.815256424528005508e-01 4.621879845172616741e-01 5.480871138534145759e-01 6.536596515180406186e-01 5.860946111920173340e-01 3.917954316183367980e-01 5.926929943647561982e-01 5.841750492223947155e-01 4.830233022814757748e-01 5.631167748780223636e-01 5.669785393223519820e-01 5.334974753586297913e-01 6.451869131787065781e-01 6.476715380701255631e-01 4.478550360266186914e-01 5.638845552131748207e-01 5.861591191102090148e-01 6.158892440340649754e-01 6.505886898729300594e-01 6.163899111396811126e-01 5.730997222277586234e-01 6.072259545346896381e-01 6.342236794621888274e-01 5.636747426962017693e-01 5.820516607889330007e-01 5.725456463471750856e-01 5.627616663997818680e-01 6.046695385489936347e-01 5.963986807977281757e-01 5.841966024713416417e-01 6.001520614115001262e-01 6.195995521883788104e-01 5.911848453689663163e-01 6.033207951006014369e-01 6.109315436111107944e-01 6.105398023665632445e-01 6.098626012135884844e-01 5.976737353567853628e-01 5.702664004809192555e-01 5.514549841954174969e-01 5.904919147167102533e-01 6.086567337785943055e-01 5.865158841203778062e-01 6.552675815535653481e-01 6.111327386486680169e-01 5.300499991631960617e-01 5.225702116147726839e-01 5.392676174126223021e-01 5.776856618923659203e-01 5.669239104758780901e-01 5.512284369471412981e-01 5.605142590271441350e-01 5.956507031200017899e-01 5.546732600979570327e-01 5.827599306762254461e-01 5.692933592638327323e-01 5.934065119300560021e-01 5.890707635307876888e-01 5.532932953522978758e-01 5.959966753351708668e-01 5.685197851497446608e-01 6.201356968407643055e-01 6.355662600212976798e-01 6.024025849597929305e-01 5.832657548410544734e-01 6.019965939695640644e-01 5.972615017286667660e-01 5.966218118616428701e-01 5.947974502083298587e-01 5.901967885922275725e-01 6.126711593599363237e-01 5.903672096372466482e-01 5.803763304241112975e-01 5.999671548859230041e-01 5.739046883630678497e-01 5.716461680410349633e-01 5.767973741144288846e-01 5.673622976462630030e-01 5.821436255685676908e-01 5.726216843185715222e-01 5.762748864837140550e-01 5.562457220276648684e-01 6.051618734524938370e-01 5.799272765883151104e-01 5.937601208720216794e-01 5.872837323177834135e-01 5.626686989005444950e-01 5.520129955443459080e-01 6.138660841507803667e-01 6.042187020261626795e-01 5.797619914461691337e-01 5.844717123397005221e-01 5.952461730818173757e-01 5.862783821293590103e-01 5.889209438999890578e-01 5.836794004758358856e-01 5.865554012997423738e-01 5.754465699945110480e-01 5.805003036773113134e-01 5.382119390344759502e-01 5.432010934662795387e-01 5.729095553452823175e-01 5.614002274687884819e-01 5.620511908578866844e-01 5.503304161513218329e-01 5.743844619335637391e-01 5.699347534475412980e-01 5.667685103764285026e-01
9.306087680243180227e-02 7.767459499574003168e-02 2.571363640286281615e-01 4.634002731061394598e-01 1.000000000000000000e+00 2.894621541320173130e-01 5.393557859584328096e-01 5.394708053463405095e-01 4.546077006339964144e-01 3.857202225677265339e-01 4.768655468450782586e-01 5.423364260167623518e-01 5.436799993627279282e-01 3.346921352577456044e-01 5.107492537557716261e-01 5.184449954101676417e-01 4.387491156005049464e-01 5.040278159174320649e-01 4.990156832236388174e-01 5.192835304238588856e-01 5.801513324279202743e-01 5.692700183337009445e-01 4.107477019261874251e-01 5.021271562435779545e-01 5.215590951068345138e-01 5.568509550521738571e-01 5.584834483764069546e-01 5.174440214075669564e-01 5.068430243281583092e-01 5.219526027489694853e-01 5.426992163603310271e-01 4.905843504565134405e-01 4.856776526007543504e-01 4.955048091464228643e-01 4.864150236284641715e-01 5.274677340139694026e-01 5.120661289292685048e-01 5.037932329546008781e-01 5.034127665508447702e-01 5.167856548944261830e-01 5.087185180007431917e-01 5.047863744526432939e-01 5.227708309860414904e-01 5.309212353799838136e-01 5.125100429525489831e-01 5.202568444939831283e-01 4.883265561815569589e-01 4.789525086839843682e-01 5.034209238482091342e-01 5.207139568210185088e-01 4.988794502770937389e-01 5.476749826030782309e-01 5.197736371639920527e-01 4.686032397616736733e-01 4.661200294878760086e-01 4.812714912134700151e-01 5.009566891592606153e-01 4.996992925532893759e-01 4.737688179255455379e-01 4.912097358439762584e-01 5.126420860542548752e-01 4.859853907217568936e-01 5.075122004425346445e-01 4.845093690272228026e-01 5.160847277146565215e-01 5.141566039191076687e-01 4.820054932676700599e-01 5.188696561530448115e-01 5.065986215538108572e-01 5.626216350734936089e-01 5.469648203007791976e-01 5.225374493284603572e-01 5.168775808475406519e-01 5.274375665499875243e-01 5.220895136536544134e-01 5.171706749692316363e-01 5.188327268047412399e-01 5.187806794627163320e-01 5.336479322756736421e-01 5.224129472460820045e-01 5.056743930221749839e-01 5.231802243360350602e-01 5.054045247010301445e-01 4.971977291895360862e-01 4.935477385340757417e-01 4.938897207508550213e-01 4.997017518266935188e-01 4.914334460439410135e-01 4.954726877505983840e-01 4.998754077937904716e-01 5.144832396593564949e-01 4.963107727181199080e-01 5.073646670506706258e-01 5.092639582719763469e-01 4.824400395566355026e-01 4.815033708567399984e-01 5.213310333019214315e-01 5.264773593955548447e-01 5.026070978160878111e-01 5.019495083263966206e-01 5.108622668316641358e-01 5.084223483213426986e-01 5.043370008384258085e-01 5.025687562554552734e-01 5.075872688951581502e-01 5.092506844344050210e-01 5.038862465283714398e-01 4.733396329607260644e-01 4.845326766502384697e-01 4.972772811132146753e-01 4.904918262466483880e-01 4.890406744440788378e-01 4.812805957853731886e-01 4.955147634434775572e-01 4.953516660734533228e-01 4.971747887710391556e-01
3.261642608021255579e-02 8.439882623690952990e-02 2.451897662704317360e-01 3.569247421913480656e-01 2.894621541320173130e-01 1.000000000000000000e+00 4.942321727322689373e-01 4.660178166389898902e-01 5.028930005141948323e-01 4.496862918618619864e-01 5.124209927636524942e-01 5.257239184108025709e-01 4.971978542071565088e-01 3.972925836780731856e-01 5.360183435550235354e-01 5.415961787131311489e-01 4.955591896551956310e-01 3.536855440299119802e-01 4.223961525863771937e-01 3.214550706960662696e-01 4.013052619344097960e-01 4.608241160331107977e-01 3.482686505681482636e-01 3.839153141773764544e-01 4.325176580514087932e-01 5.157315398633702808e-01 5.216258206704071920e-01 5.430228407869919227e-01 4.754322678764275056e-01 5.214855487399220335e-01 5.365001079318192367e-01 5.137560173931829954e-01 5.266170609421095827e-01 4.955242659874659616e-01 5.220945415628754915e-01 5.185150755168701497e-01 5.347269131995397995e-01 5.473045687746836974e-01 5.504401613611453747e-01 5.423789786371556731e-01 5.566874759871287548e-01 5.595502072146697481e-01 5.487581512843333620e-01 5.596607195951207592e-01 5.536379294070374879e-01 5.577634700514989552e-01 5.571100626981475568e-01 5.561488369371779816e-01 5.470211356456058382e-01 5.407322028828127625e-01 5.523988533105578247e-01 5.320540006821851131e-01 5.471907179442501157e-01 5.449177530859095064e-01 5.372188916900746403e-01 5.259873948871306437e-01 5.373279220904775277e-01 5.604060897615209536e-01 5.540563582475908078e-01 5.582337216027188909e-01 5.543477672115988408e-01 5.561452936911051026e-01 5.520610405039082513e-01 5.549845758732823153e-01 5.448692741902227965e-01 5.473280948006232771e-01 5.534423064181941410e-01 5.409964771387402171e-01 5.349977318036518437e-01 5.246323235215357705e-01 5.459183830718639108e-01 5.512024148738556839e-01 5.266681801723486211e-01 5.420958422037238655e-01 5.605468554546843007e-01 5.597404572839416170e-01 5.585891451334363822e-01 5.486288501667618833e-01 5.526367752778098552e-01 5.539475675909188990e-01 5.518943598164385289e-01 5.622144823357410059e-01 5.379175146913257599e-01 5.534782658308795567e-01 5.548704131620033619e-01 5.481866295177695303e-01 5.566668732539111764e-01 5.608373492642814151e-01 5.618712095406216411e-01 5.434205506722901147e-01 5.604406418024180381e-01 5.622942474417237380e-01 5.621567902885686863e-01 5.639039934612471994e-01 5.617716336828845192e-01 5.569871008461857453e-01 5.545403780195772292e-01 5.462084919556980944e-01 5.566807886879030498e-01 5.590697154742250152e-01 5.580328983821026823e-01 5.558370281795899093e-01 5.608340814299459520e-01 5.641439168435509188e-01 5.556525820922562087e-01 5.457242939147053384e-01 5.564420740694856482e-01 5.547241221435148528e-01 5.515040981668415387e-01 5.608289094292271404e-01 5.600378745434452243e-01 5.584235885111260567e-01 5.578352932162435884e-01 5.564665938189029548e-01 5.553648018501032846e-01 5.548958022536780721e-01
5.002636870651168410e-02 1.283544199396217944e-01 4.069393845678889177e-01 6.034504226052129772e-01 5.393557859584328096e-01 4.942321727322689373e-01 1.000000000000000000e+00 7.141483056889653680e-01 6.831905880014550458e-01 6.307242028361557118e-01 7.154599407629302910e-01 7.858392689064755965e-01 7.411036548280738323e-01 5.615361880074060119e-01 8.024447453519397699e-01 7.665595247639087617e-01 6.766763978271560509e-01 6.062385950039645977e-01 6.783462868911525057e-01 5.547641668581514418e-01 6.983973752058368900e-01 7.451409372822580535e-01 5.406587674524093723e-01 6.534373118724838836e-01 7.111383627239337146e-01 7.801435734258049814e-01 8.006116317241371849e-01 7.953901364354889481e-01 7.347173279225667208e-01 7.841197838653956032e-01 8.151273516427151034e-01 7.193052994623182483e-01 7.429310147434354805e-01 7.155642956563998958e-01 7.348630037706045393e-01 7.748728373986316642e-01 7.823660839139804368e-01 7.570773647576015675e-01 7.879934487635624762e-01 7.838096905738473064e-01 7.832495151196344763e-01 7.986036881797691223e-01 8.107479431816176918e-01 8.072548983944231038e-01 7.956614395583332389e-01 7.928472185794298577e-01 7.579339129578813727e-01 7.484043289486086437e-01 7.553222990844237206e-01 7.657129787589742609e-01 7.666188894018157729e-01 7.849414056059867972e-01 7.820685367959474554e-01 7.206846465396149481e-01 7.092354329199085372e-01 7.203637719255907568e-01 7.402678000212331577e-01 7.672321046703790559e-01 7.394867696850228045e-01 7.630684102982713268e-01 7.807056233152158686e-01 7.544465621255188603e-01 7.648535103063354157e-01 7.630011425598107744e-01 7.681569826549706770e-01 7.626693423280713757e-01 7.511550207513122412e-01 7.734193322282852945e-01 7.470320959919602988e-01 7.733727570691796283e-01 7.974046327966471948e-01 7.893700037381009560e-01 7.658680618342381674e-01 7.893232494642909991e-01 7.918511950095827867e-01 7.946275042792672050e-01 7.970630707913024526e-01 7.823707506401758049e-01 8.077972500373965525e-01 7.969419422217651761e-01 7.810812984235858680e-01 8.045929714820762024e-01 7.597716435914261268e-01 7.707955450159926780e-01 7.626397837626689435e-01 7.561974621095074456e-01 7.835978730940663661e-01 7.691272769162257328e-01 7.772337716048575151e-01 7.515268834876107640e-01 7.925700535203034081e-01 7.809003392669476851e-01 7.921156046712433119e-01 7.894998166145095198e-01 7.623653717375621364e-01 7.544059502296140973e-01 7.893048992017930310e-01 7.745521800800413414e-01 7.730035422851764260e-01 7.783262579224919930e-01 7.919671326413556534e-01 7.726485196067625072e-01 7.786807342911035157e-01 7.806098455394973046e-01 7.783569591048444813e-01 7.578369093951361490e-01 7.686729124000967195e-01 7.418712260173191408e-01 7.424686862116544050e-01 7.711440801893594266e-01 7.605851382513894032e-01 7.642046246896805339e-01 7.547338028470854665e-01 7.734283468535092521e-01 7.634772262092009987e-01 7.619875140560645743e-01
5.699268566368358158e-02 1.346695635996944806e-01 3.750459918360489198e-01 5.609940209326936822e-01 5.394708053463405095e-01 4.660178166389898902e-01 7.141483056889653680e-01 1.000000000000000000e+00 7.205409094079433530e-01 6.331419602875733021e-01 7.336943037707297499e-01 7.962957360205704660e-01 7.495778353705714325e-01 5.633568970293547640e-01 7.743315695919946728e-01 8.008152684614870953e-01 7.070914022437297941e-01 6.379248157574320954e-01 6.942985271196345787e-01 5.986499360154664551e-01 7.140412911462498124e-01 7.590975503936064905e-01 5.647265680721631487e-01 6.727749320327256477e-01 7.090087618651618184e-01 7.806625594561389381e-01 7.732280039983773223e-01 7.700666158691837904e-01 7.043088104433737895e-01 7.703548748273567615e-01 7.832467873062030073e-01 7.543633349820774159e-01 7.417164260335402659e-01 7.502011392524481348e-01 7.462090302312682777e-01 7.771499549909242077e-01 7.740124722350065767e-01 7.830019966668126941e-01 7.898418507537424693e-01 7.830329016166688305e-01 7.919895630102926631e-01 7.945226776930329748e-01 7.935548657970683539e-01 8.076411762508659553e-01 7.910370917520194167e-01 8.017272446061529667e-01 7.878372899592456235e-01 7.824387791829482408e-01 7.876574545605585786e-01 7.855227000554801942e-01 7.837184073084851876e-01 7.868543069196277662e-01 7.907041899645668170e-01 7.668652926016202853e-01 7.573949551139630421e-01 7.543323250919499179e-01 7.793863656691358832e-01 7.944539433080259894e-01 7.766755740955074705e-01 7.905807085280999180e-01 7.968507437788330261e-01 7.891590035727176211e-01 7.929657533269954817e-01 7.854985129884904937e-01 7.962750965514746593e-01 7.939721906647777550e-01 7.802797953420744781e-01 7.997714193919532866e-01 7.784893849674688893e-01 8.044994245635290753e-01 8.190427165535848486e-01 8.079224315192981010e-01 7.918774688797460826e-01 8.059632833903924709e-01 8.055948977516883547e-01 7.984195484831909662e-01 7.997913254015484030e-01 7.858349882445471168e-01 8.073347915047557333e-01 7.973544934310071719e-01 7.904412849712271205e-01 8.033154902993551172e-01 7.824546342099750751e-01 7.839018364703885799e-01 7.814278028973510315e-01 7.868189544751448272e-01 7.913008085598702834e-01 7.904617994821464544e-01 7.913907901146938206e-01 7.816061939634644240e-01 7.967446892022757021e-01 7.938471068081606186e-01 7.993250326996574895e-01 8.001522728816321539e-01 7.864775162696882038e-01 7.842824563001036253e-01 8.011392074962380150e-01 8.017716209637223423e-01 7.982568400517643381e-01 7.965095796280359242e-01 8.020410379512079579e-01 7.989783188444854467e-01 7.971871296763879400e-01 7.996283554834003882e-01 7.983977182087550473e-01 7.942265643167462086e-01 7.978812435182488505e-01 7.767814061202908960e-01 7.812093223099096928e-01 7.980706362328231496e-01 7.903169347738313588e-01 7.923387428789283593e-01 7.866141891771042394e-01 7.942036784655160941e-01 7.906716043331341037e-01 7.903306021431480977e-01
6.154265739619106668e-02 1.751041948499371670e-01 3.463306431131382146e-01 4.815256424528005508e-01 4.546077006339964144e-01 5.028930005141948323e-01 6.831905880014550458e-01 7.205409094079433530e-01 1.000000000000000000e+00 7.403752035331597758e-01 8.156153552998656187e-01 8.187039309960226774e-01 7.840735058754139120e-01 6.093466134846837745e-01 8.325967345906040151e-01 8.448862018521294814e-01 8.120072765175048168e-01 5.924687380584288121e-01 6.493337744326155292e-01 5.733104568643369037e-01 6.170012259054893367e-01 6.752699281991078051e-01 6.283009475212988360e-01 6.365485326218636164e-01 6.464684252219897731e-01 8.116111869336448681e-01 7.881160456544012982e-01 8.306346653343874564e-01 7.434263030721144361e-01 8.244642941908004730e-01 8.234258803197687104e-01 8.519696239563944173e-01 8.130029753570143791e-01 8.174798049334773831e-01 8.445987961906248342e-01 8.299858954753291940e-01 8.556066504644580517e-01 8.643313998401047638e-01 8.697503377162716376e-01 8.350834833134332946e-01 8.819791124759300827e-01 8.641395167297013513e-01 8.507719029129522381e-01 8.740084579124683950e-01 8.615213574713080913e-01 8.759917172094348059e-01 8.863188352812695348e-01 8.924070503980573443e-01 8.744459175060484979e-01 8.534572545282012035e-01 8.731787707427542955e-01 8.180500760174705954e-01 8.620576542625926209e-01 8.804275159800616368e-01 8.702176886809004364e-01 8.564096998209586031e-01 8.728118544571257242e-01 8.879372198897097501e-01 8.884096793906259837e-01 8.942505182197315605e-01 8.789176321101080935e-01 8.949488703287094005e-01 8.823079378175817666e-01 8.844798172107690704e-01 8.691762789952346413e-01 8.798599544005265560e-01 8.905860019271135686e-01 8.655618439605183845e-01 8.756219437310722720e-01 8.559249717884728215e-01 8.408649433188006839e-01 8.608885193279856018e-01 8.621327526734348101e-01 8.479681273870398606e-01 8.842814447288427360e-01 8.833097825041473783e-01 8.844667904222371924e-01 8.647747465253323718e-01 8.742141722731376907e-01 8.780883073389171845e-01 8.868352990099864774e-01 8.800742190803970688e-01 8.762070705776812130e-01 8.856992526273547162e-01 8.796985948674198585e-01 8.865753916204749396e-01 8.870671397833986838e-01 8.893899793092067130e-01 8.896557852209741046e-01 8.766889630345094941e-01 8.783493677759929286e-01 8.900080010570070588e-01 8.852627788871247905e-01 8.887757866314968114e-01 8.911583190851828373e-01 8.946508973211123594e-01 8.696240040164422425e-01 8.800999756907209592e-01 8.909849673889711497e-01 8.885062745871462608e-01 8.836967243368017977e-01 8.879983685404966298e-01 8.848099889889706748e-01 8.877936899680216598e-01 8.868582039791677030e-01 8.853746262061685801e-01 8.923099186496374902e-01 8.942647457937376032e-01 8.893547306105294981e-01 8.927652586515719690e-01 8.922776708895597819e-01 8.949068214118166553e-01 8.953201079502388637e-01 8.909269280253603318e-01 8.851526412275333433e-01 8.932854811365941172e-01
7.620976336284550345e-02 2.006461434755451856e-01 3.652360153011248167e-01 4.621879845172616741e-01 3.857202225677265339e-01 4.496862918618619864e-01 6.307242028361557118e-01 6.331419602875733021e-01 7.403752035331597758e-01 1.000000000000000000e+00 7.278314244836714408e-01 7.463336454460128833e-01 7.056923956445592117e-01 5.812532895395671195e-01 7.730404674652560093e-01 7.825516915956470809e-01 7.410825083554249959e-01 5.679095402376986845e-01 6.308883016704015523e-01 4.851844800729532836e-01 5.726409590570723518e-01 6.400264812058534813e-01 6.292603862625658628e-01 6.145032130966926465e-01 6.205088721100996407e-01 7.689613626608448049e-01 7.490680199518721105e-01 7.925217535966239124e-01 7.144086212964200211e-01 7.758296535048680997e-01 7.724333037208994668e-01 7.951951371477251618e-01 7.598159310583321169e-01 7.633886741349719118e-01 7.851959172642825058e-01 7.840516656945863971e-01 7.915414088498914369e-01 8.141348145996710750e-01 8.159095599039767333e-01 7.834126643205604479e-01 8.099907258351800587e-01 8.078675628927438623e-01 7.889649044922579790e-01 8.074732572117845342e-01 8.070618276376479994e-01 8.073468820245101041e-01 8.182508426750133568e-01 8.207197041946580063e-01 8.016799491399683175e-01 7.914653611509854247e-01 8.154781255498948500e-01 7.584490094046211217e-01 7.911407405540559212e-01 8.074363420550971782e-01 7.989601657566335335e-01 8.078519555524985574e-01 7.920030911419615460e-01 8.160008774291608313e-01 8.130308579358712651e-01 8.172544102960376255e-01 8.026768732958158292e-01 8.161001785554680144e-01 8.004969147012988007e-01 8.109297590524372490e-01 8.072038570202594299e-01 8.092287917762092109e-01 8.209478953319285788e-01 8.060199685537521308e-01 8.106850717952337471e-01 7.723095466775803386e-01 7.868315175264023464e-01 8.030470634329383017e-01 7.955531853450309443e-01 7.882230464813790860e-01 8.188245271406876524e-01 8.130514427212374162e-01 8.158884380658927293e-01 8.080886897334319530e-01 8.107584237891806156e-01 8.107157989555398014e-01 8.139568773971856963e-01 8.105586133329755194e-01 8.204486798741875697e-01 8.145104624089878342e-01 8.123899785381752947e-01 8.135783114756077739e-01 8.190372715763040157e-01 8.230125912666002019e-01 8.173658385860693709e-01 8.211517323513783939e-01 8.131433799087369740e-01 8.171619595511034895e-01 8.125194041185799243e-01 8.162584108437624941e-01 8.162511078022838262e-01 8.198898677947143998e-01 7.941600738411603855e-01 7.996031507432935781e-01 8.111948330288064613e-01 8.169990691205811784e-01 8.146443862047335616e-01 8.127523433188339474e-01 8.111383164863104067e-01 8.147104654973514881e-01 8.158776913390500818e-01 8.057135913487246670e-01 8.153807316274445105e-01 8.202016321292522338e-01 8.165027086304458281e-01 8.205619228192125858e-01 8.189858861019211345e-01 8.205219602256305089e-01 8.191894575891286445e-01 8.186737138890879395e-01 8.185505716191587844e-01 8.176620698437628842e-01
1.223838661991104391e-03 1.737970571490222160e-01 3.802025746099514936e-01 5.480871138534145759e-01 4.768655468450782586e-01 5.124209927636524942e-01 7.154599407629302910e-01 7.336943037707297499e-01 8.156153552998656187e-01 7.278314244836714408e-01 1.000000000000000000e+00 8.627550935149427280e-01 7.954092944851227642e-01 6.278494241991725566e-01 8.577715801230832993e-01 8.585665870220235973e-01 8.041747930425273694e-01 6.096574592446373231e-01 6.936708216839629904e-01 5.613497370018731836e-01 6.489225902925122025e-01 7.249296817515054059e-01 6.150746545583907210e-01 6.645259854120304510e-01 6.893374003527960037e-01 8.225812250427895211e-01 8.107453134602595757e-01 8.464016534529323899e-01 7.527882100537715004e-01 8.237264443812786219e-01 8.382620112593520689e-01 8.475206661038353628e-01 8.253315572236497033e-01 8.181724533773654384e-01 8.341260518190940498e-01 8.496765976444977664e-01 8.565990965792110723e-01 8.677308919100598095e-01 8.825049327306502267e-01 8.669197573623285136e-01 8.911837987671071826e-01 8.850519366937258381e-01 8.791374608801129087e-01 8.909876301201975490e-01 8.816486291801955977e-01 8.841896885448526922e-01 8.924055475832314288e-01 8.936650993473673754e-01 8.858461386985309050e-01 8.707358020028626022e-01 8.869880567972724394e-01 8.476267014480332040e-01 8.770803698709223051e-01 8.704636276379879023e-01 8.594723805882118484e-01 8.510553970960134107e-01 8.660613350159834800e-01 8.915897269846186912e-01 8.886239612538243682e-01 8.931036075140229569e-01 8.918506247628440464e-01 8.901892288722303981e-01 8.835536767978877659e-01 8.932651238652378201e-01 8.728643099361726998e-01 8.777054261575547578e-01 8.911778534641282556e-01 8.803741114409928681e-01 8.738906354083726402e-01 8.586210644217117105e-01 8.704428644798413162e-01 8.828605962276941943e-01 8.747072691644767195e-01 8.718339203290351724e-01 8.933400522447825232e-01 8.927774059361912595e-01 8.921751553872568907e-01 8.728365794286951918e-01 8.831858090465330990e-01 8.796145578982283997e-01 8.875250994180310382e-01 8.923809934785765785e-01 8.791902512450004981e-01 8.867027942394236639e-01 8.882267336369261690e-01 8.873573785402550929e-01 8.951860851278607978e-01 8.939066308817168460e-01 8.980483018993959954e-01 8.777312325193482589e-01 8.963721907063756378e-01 8.999513763537853039e-01 8.988143142384292794e-01 8.994337140842411094e-01 8.978315995860572940e-01 8.958586431701812680e-01 8.928767130316856981e-01 8.867027646858202106e-01 8.995227905062810336e-01 8.986643220716181713e-01 8.997503123999595065e-01 8.931364985455342298e-01 8.940550663436024337e-01 8.998040817984241935e-01 8.958600844870580060e-01 8.851020002771020634e-01 8.971690969241666869e-01 8.905014066945806661e-01 8.853761940837701072e-01 8.975519092516045516e-01 8.950532614720354552e-01 8.975989942134204869e-01 8.952926859371576063e-01 8.994134651973083594e-01 8.897793750679401370e-01 8.906834945238744083e-01
2.087942157767199575e-02 1.514335846083461334e-01 4.350436653293378031e-01 6.536596515180406186e-01 5.423364260167623518e-01 5.257239184108025709e-01 7.858392689064755965e-01 7.962957360205704660e-01 8.187039309960226774e-01 7.463336454460128833e-01 8.627550935149427280e-01 1.000000000000000000e+00 8.290572566177371039e-01 6.432861630157049593e-01 8.882208575866299416e-01 8.924159205572812503e-01 8.079150636367347094e-01 6.820685683228068230e-01 7.394158774962843461e-01 6.539749434006859596e-01 7.623589188773303160e-01 8.040697553578347589e-01 6.512103219351074168e-01 7.197865430379837282e-01 7.496483047229971497e-01 8.777004245118160686e-01 8.725533843997737016e-01 8.860504581684388592e-01 7.903327164106580538e-01 8.635101299158769450e-01 8.871168996017999575e-01 8.777033867532816336e-01 8.654959406456648185e-01 8.552837220648774608e-01 8.604373277574068890e-01 8.860356014263740532e-01 8.890339561969371474e-01 9.027773161426444481e-01 9.127798457711422397e-01 9.069498116318006620e-01 9.163050278657156600e-01 9.158629903882526957e-01 9.104247868851668146e-01 9.248545197721437239e-01 9.157025722341251006e-01 9.147676902025762002e-01 9.127472609400509862e-01 9.055930734517878555e-01 9.154517017189366390e-01 9.082470903784073402e-01 9.136197539361787801e-01 9.089410279722022201e-01 9.132199799356922609e-01 8.832605546648243378e-01 8.710946142466139408e-01 8.731531281328658300e-01 9.011850910071963483e-01 9.150571699525658076e-01 9.056005655181105229e-01 9.123783678516621531e-01 9.209788390877731157e-01 9.100616730106971808e-01 9.158506022662762369e-01 9.132808490962462944e-01 9.096404668170858798e-01 9.134319636515161323e-01 9.051522792695078090e-01 9.086137242232038558e-01 8.988775713524140842e-01 9.109937189387157241e-01 9.188458415458758965e-01 9.134982405779921155e-01 8.979242768892695681e-01 9.014892207089508780e-01 9.231458320655787642e-01 9.187101238723209828e-01 9.209044833585626755e-01 8.977457152108879734e-01 9.223059408541128823e-01 9.117812693228047882e-01 9.104644453631965950e-01 9.212923311684132477e-01 9.054210643435507411e-01 9.075916265565024954e-01 9.102601723863806837e-01 9.077466428216995897e-01 9.147894902519480009e-01 9.174360464451855046e-01 9.179055386306186337e-01 8.965779364321411204e-01 9.262472467094506889e-01 9.218295107724407966e-01 9.245612359128430047e-01 9.242578957798843753e-01 9.148213296295588659e-01 9.090932633847574884e-01 9.261898510648792771e-01 9.224088478418652759e-01 9.231625660656003207e-01 9.227985152677370406e-01 9.261455861209265672e-01 9.234056629997513532e-01 9.211928590857135779e-01 9.231810945021898807e-01 9.220962198900461981e-01 9.137725388276900507e-01 9.226441249796345501e-01 8.982293292209454494e-01 8.980890569138927360e-01 9.200003954867249645e-01 9.132875109128218982e-01 9.154013386407997555e-01 9.099255162180730494e-01 9.207880034542547110e-01 9.136936296489590603e-01 9.125224722746940742e-01
5.777873747031893326e-02 1.569913697730536961e-01 3.881511097712110336e-01 5.860946111920173340e-01 5.436799993627279282e-01 4.971978542071565088e-01 7.411036548280738323e-01 7.495778353705714325e-01 7.840735058754139120e-01 7.056923956445592117e-01 7.954092944851227642e-01 8.290572566177371039e-01 1.000000000000000000e+00 6.048881254025073595e-01 8.420177884408773794e-01 8.457711669359979645e-01 7.760086203393492532e-01 6.805050762443382029e-01 7.402594147161853932e-01 6.121250740821813086e-01 7.240647175535934732e-01 7.796798571853672533e-01 6.414567962572121917e-01 7.148396131056720115e-01 7.466914400271653651e-01 8.455475546095839734e-01 8.404787394289082725e-01 8.465441927754391305e-01 7.809107802416553890e-01 8.443305723754355174e-01 8.598008099804392845e-01 8.294958338203096693e-01 8.030059891798260185e-01 8.119742069555143660e-01 8.158698535216366565e-01 8.475530969888174226e-01 8.486772109153566390e-01 8.426420744025278076e-01 8.628592513860294799e-01 8.398192268255004755e-01 8.617250901729243129e-01 8.573009032648657435e-01 8.544956870793684045e-01 8.743204987306215648e-01 8.639946574530844581e-01 8.718866573491117489e-01 8.577571542987824094e-01 8.545624676777148210e-01 8.516167819025330932e-01 8.484563915846882187e-01 8.533129793892989534e-01 8.467235942033144447e-01 8.534267368910195550e-01 8.337904469060675172e-01 8.274954575394199985e-01 8.317723807582450002e-01 8.441120979863130369e-01 8.587450769369041614e-01 8.448346433653857179e-01 8.619506867233076575e-01 8.656035365031278239e-01 8.573392980019796106e-01 8.534730531401463205e-01 8.577243217967379652e-01 8.663183664931910499e-01 8.632085240452730401e-01 8.577582071606846270e-01 8.702922440709383034e-01 8.554282317507294620e-01 8.612710922629432941e-01 8.742870924580422587e-01 8.732813105336304504e-01 8.613896919876473657e-01 8.693788716594755828e-01 8.785779700422461369e-01 8.746640313515878784e-01 8.719217978247748579e-01 8.620113026596183392e-01 8.776075486950900562e-01 8.735934052642225778e-01 8.665034005650102955e-01 8.770098677718567437e-01 8.607255399727239409e-01 8.557709376747762997e-01 8.516074064227122653e-01 8.575057661160134792e-01 8.665060085410387636e-01 8.596158502805859580e-01 8.640302623660656156e-01 8.568963233674097291e-01 8.658023618526770049e-01 8.650255690441667200e-01 8.704058803031174962e-01 8.716749870708769832e-01 8.580549948109077452e-01 8.590532797604250037e-01 8.605163423555021174e-01 8.646618344796945799e-01 8.626745068839749564e-01 8.657629733226532842e-01 8.698910038402802858e-01 8.648937332377413245e-01 8.657521609001685992e-01 8.689290963914974020e-01 8.708111913487266431e-01 8.594261500037220225e-01 8.651083251633068238e-01 8.519590541361234948e-01 8.529831340131703854e-01 8.646862054928206032e-01 8.588510370360292745e-01 8.640776486683119373e-01 8.563787710743533399e-01 8.663328609528806457e-01 8.649884694340820301e-01 8.628486162286579386e-01
