1.000000000000000000e+00 1.219263694930156072e-01 1.158693415487061923e-01 1.348845315763788633e-01 6.413775517092545897e-02 -1.461273981762966148e-02 1.210608380948404450e-01 1.322909968943912773e-01 1.205481100521201970e-01 5.938867755457724606e-02 4.587597907844551820e-02 7.922670993691215136e-02 6.819191968042644103e-02 3.515026852493342846e-02 3.344001045518767840e-02 6.787901752593468452e-02 1.576931035735612552e-01 1.208202025402267954e-01 1.092755315484156553e-01 6.932785312131180266e-02 1.350030231994724661e-01 1.428090963486938758e-01 1.065956167056055642e-01 4.505997994152532299e-02 1.082228031585090594e-01 9.115947369102689324e-02 7.331958285728265579e-02 4.940592772863500876e-02 1.114386583675997938e-01 9.558195709977544696e-02 7.451406955938427723e-02 6.377147031797997245e-02 1.932119932865174888e-02 2.070365390423492200e-02 8.573238513156625218e-03 4.275462878198906663e-02 2.576528784989793111e-02 3.648192295420116249e-02 2.357610913617655402e-02 4.877846698846763362e-03 2.229572703776465034e-02 1.009371280577433042e-02 -1.052658000662086250e-02 3.652361001407037483e-02 4.538080776050484877e-02 1.665438129770429460e-02 2.218061283640036796e-02 3.460231138552621877e-02 5.157237163069060271e-02 5.458109850986680306e-02 5.340514612312310949e-02 7.884258601863390614e-02 4.988128314151778903e-02 5.934216611983000877e-02 4.511816490214022590e-02 3.023399228580754550e-02 8.156248878557553761e-02 2.512959983816379778e-02 1.937312726465907631e-02 6.731313044871070628e-02 3.184990866409877913e-02 5.791876483697865757e-02 3.482007881553769724e-02 5.303354734529685394e-02 7.670738537085099173e-02 8.260267436383234019e-02 3.763137972701475348e-02 2.828852048164719885e-02 3.897668077866393854e-02 2.822720635783888821e-02 4.460136780653762428e-02 4.384962214543090125e-02 1.455684283377104392e-02 3.724986157360812844e-02 2.993471107789488078e-02 3.010934912473404654e-02 2.466924373201002246e-02 5.212368951996802779e-02 4.632308225617341041e-02 4.357792253481839601e-02 2.920272847324963464e-02 3.380088175542883544e-02 4.820285930466873536e-02 5.915174335403496249e-03 5.210380984276799521e-03 3.824037515676751917e-03 2.594567847204491337e-03 1.954982890141728630e-02 1.281198593034841952e-02 2.311574447674815194e-02 -4.870618321039570098e-03 6.673929286690067839e-03 1.973550380225544756e-02 1.055358488770359419e-02 1.041143272746750635e-02 2.124033286308046192e-02 -5.165527384908674864e-03 4.967503831428007194e-02 1.356272452611020571e-02 1.420828678233771770e-02 1.420582474066739952e-03 2.553018694960794421e-02 3.371072305938321856e-02 1.368494327818741037e-02 3.096801570745827403e-02 3.955056475320426618e-02 2.959408032516195469e-02 2.534922587190200152e-02 2.856950550688714535e-02 3.122685617419166185e-02 9.814468066066448990e-03 3.406377112117235650e-02 2.924469621024656033e-02 2.913023026916784081e-02 4.972646968628972181e-02 4.815902498109653901e-02
1.219263694930156072e-01 1.000000000000000000e+00 7.094714978280677875e-02 1.186163914012166171e-01 9.554443121356233359e-02 8.616282970541470909e-02 1.481834695990228434e-01 1.094910518625340362e-01 1.833143983705435298e-01 1.742667720202492054e-01 1.614295035780855259e-01 1.519076060811647699e-01 1.364700959894759036e-01 1.458850930172612692e-01 1.676610184935362069e-01 1.562082467427819976e-01 1.690473256615179221e-01 1.452845601687205723e-01 1.499306540676943467e-01 1.309305526627417560e-01 1.307500916236338795e-01 1.436817906874697515e-01 1.828872919614214498e-01 1.409138147237640193e-01 1.319066189317406601e-01 1.299541246282096274e-01 1.575523163250464320e-01 1.401211647579523323e-01 1.527467608674933919e-01 1.769617558342182762e-01 1.738923785649494902e-01 1.706416824853457248e-01 1.326599600229454445e-01 1.551968702593365390e-01 1.486347318164255860e-01 1.556099515909407094e-01 1.538989947536358593e-01 1.551683636056687687e-01 1.494096281513461466e-01 1.236335296336857209e-01 1.555382051698520895e-01 1.350266126611137929e-01 1.411547219867365366e-01 1.508731350137171578e-01 1.581284888876944572e-01 1.431233114846778565e-01 1.769099987981445632e-01 1.804433039815961926e-01 1.718528345188742312e-01 1.503786586802634551e-01 1.607197942136467661e-01 1.492302508226939217e-01 1.655192874639638267e-01 1.873628644234084650e-01 1.759004566995693575e-01 1.564018746447070618e-01 1.762257159282323293e-01 1.542513413560098190e-01 1.674919908896653764e-01 1.800263312993852505e-01 1.634951976997711665e-01 1.719517323083158966e-01 1.681700482602557778e-01 1.690887450897924360e-01 1.819550130473358562e-01 1.881872217926665591e-01 1.710094477480540998e-01 1.602455224207403051e-01 1.743275808689933870e-01 1.529228801042844532e-01 1.587671767209201390e-01 1.679454401373165207e-01 1.586040766401275448e-01 1.543942671599647376e-01 1.526902069407554408e-01 1.589549373556420064e-01 1.545524966299897940e-01 1.624710964893197607e-01 1.682005990108508264e-01 1.725946933580783382e-01 1.652477352922433751e-01 1.681473971447997873e-01 1.825305081199957713e-01 1.620030135709192021e-01 1.548306231463586757e-01 1.625445008083772902e-01 1.592968139129584404e-01 1.651299038598843527e-01 1.628317574399003043e-01 1.635322070052612209e-01 1.483302726899641821e-01 1.562097270325897569e-01 1.614761888422869274e-01 1.547463252153390978e-01 1.649864966109268749e-01 1.718540780188584083e-01 1.401102365516480042e-01 1.726964348020338935e-01 1.617387524135642241e-01 1.604317321120094786e-01 1.461558355723640013e-01 1.658148837947131249e-01 1.655070675608759090e-01 1.545821467659253268e-01 1.648492440860156172e-01 1.700337716134831256e-01 1.717288026746264795e-01 1.724947539647756489e-01 1.699206876358656804e-01 1.636222832288229678e-01 1.604660186266398947e-01 1.704673462068420076e-01 1.670895479047179444e-01 1.657957806884347574e-01 1.750780126026576511e-01 1.778693318167593185e-01
1.158693415487061923e-01 7.094714978280677875e-02 1.000000000000000000e+00 3.755785959725800871e-01 2.400671397560456832e-01 2.471998624030108116e-01 3.893071181588105278e-01 3.881232182502454275e-01 3.373888164863259598e-01 3.357369523208909579e-01 3.813841956728035165e-01 4.025469884242413587e-01 3.600646211279570630e-01 3.127112920441627586e-01 3.893460138008462690e-01 4.041376014597223287e-01 3.505039963177766227e-01 3.906805172955518657e-01 4.065649804270226597e-01 3.254135919968139112e-01 4.181169594778615939e-01 4.195055878708627284e-01 3.974074650752744686e-01 3.799251527852296473e-01 3.961157136530259470e-01 4.285138021869919212e-01 4.073326541178811655e-01 4.156697973912124033e-01 4.187191229465655473e-01 4.137467654472049561e-01 4.078107320771933164e-01 4.027396489724357487e-01 4.080522681101682037e-01 4.006504347177497483e-01 3.922804960151792808e-01 4.022005836283994440e-01 4.033214351052136215e-01 4.163055580971728453e-01 4.226317232760758436e-01 4.001819259477312207e-01 4.004105550108360001e-01 4.096920592133221350e-01 3.988304239732273215e-01 4.131986788463904436e-01 4.113619275216056081e-01 4.082735692806878092e-01 3.811719038733405451e-01 3.842683522952354824e-01 3.755977580515167946e-01 3.941111814441424777e-01 3.868525520653058325e-01 3.864925189186933507e-01 3.875221648106023098e-01 3.693475335664988535e-01 3.709381742214306610e-01 4.082897926186329074e-01 3.574698472300950058e-01 3.935697360427227731e-01 3.757496358606114972e-01 3.833005341343559969e-01 3.803413901020241128e-01 3.803895889175307188e-01 3.669457152005936584e-01 3.775220745829536151e-01 3.809600082264667509e-01 3.740348621516741412e-01 3.934717160806266989e-01 3.981451665291947939e-01 4.039933969492603971e-01 3.952103317843932428e-01 4.108841553530128143e-01 4.009630484646734550e-01 3.887316360160273376e-01 4.032746238283524409e-01 4.046263947789947579e-01 4.019265095469256033e-01 4.045951498050485706e-01 4.068303723032899444e-01 4.039841203291948402e-01 4.003500785343681589e-01 3.984131491650778623e-01 3.997737158433902205e-01 3.984555896788722351e-01 3.912526569632463480e-01 3.980374684092057302e-01 3.923986589834487781e-01 4.017598443587559465e-01 3.994538413187886938e-01 4.009157404378836387e-01 4.053337204112135161e-01 4.009566819276936811e-01 3.990982239142807919e-01 3.951092983090074839e-01 3.994883747989011469e-01 3.874493061841932096e-01 3.855797493988200042e-01 3.822054362966237351e-01 3.751144401452539134e-01 3.841990065875375282e-01 3.908440393008600355e-01 3.954764285148992808e-01 3.803640375679145924e-01 3.900400854707191667e-01 3.930916250029991010e-01 3.920892153168620275e-01 3.722393962739203865e-01 3.784785049724602723e-01 3.907200726971943316e-01 3.907957345642421587e-01 3.901003606174362481e-01 3.851499439784404899e-01 3.854351511241980166e-01 3.833662937303140561e-01 3.793033210743465000e-01 3.863180973257724915e-01 3.800501563963041285e-01
1.348845315763788633e-01 1.186163914012166171e-01 3.755785959725800871e-01 1.000000000000000000e+00 3.817885472686119441e-01 3.507257241136989001e-01 6.108631595078729548e-01 5.882066104314036536e-01 5.624232413405133579e-01 5.281852623806516656e-01 6.008879184356703540e-01 6.468256073808262840e-01 5.860599259824180729e-01 5.221299227944378174e-01 6.477061674965542970e-01 6.479981324804559017e-01 5.752607785450741806e-01 5.939884298560718090e-01 6.319181644967396538e-01 5.460319380310364457e-01 6.289111574235294322e-01 6.415911854189947361e-01 6.131505887109519604e-01 5.969759161520707957e-01 6.157335169588431523e-01 6.561431871854578324e-01 6.509510104215215920e-01 6.432233953914319180e-01 6.433187358562321156e-01 6.400651451771842693e-01 6.530655886794501930e-01 6.331037757387677489e-01 6.041397136909254506e-01 6.173317165687545183e-01 6.036610343497554876e-01 6.331487300064484458e-01 6.315311819778068880e-01 6.450143843312073910e-01 6.489477753509420577e-01 6.316029308829316236e-01 6.419173213410932499e-01 6.506025844794938173e-01 6.356223916010956820e-01 6.589692444397104998e-01 6.543829113845206491e-01 6.459776340543810225e-01 6.287174368365427979e-01 6.335558272614352227e-01 6.359884251884234674e-01 6.459050603191515139e-01 6.411864931511807031e-01 6.356888292243569882e-01 6.404068134353014807e-01 6.276823293861477637e-01 6.226214959922584669e-01 6.517338705199902105e-01 6.243415690958188380e-01 6.498837126192212876e-01 6.260098510910853120e-01 6.372195494537231664e-01 6.494058270396496635e-01 6.401901104018070665e-01 6.227492990200287348e-01 6.424167084104086545e-01 6.337640083253404111e-01 6.325623171192551464e-01 6.388279599937182196e-01 6.466386546403452007e-01 6.511613002934137917e-01 6.440271304385157825e-01 6.569485793129042905e-01 6.491885862007422681e-01 6.359535230667207051e-01 6.497027472142204996e-01 6.545000952989366017e-01 6.490244779879066339e-01 6.579717011260974857e-01 6.541430230720428618e-01 6.550532820201886430e-01 6.462340418480234661e-01 6.518795436778933583e-01 6.485540936532362410e-01 6.552861839506955999e-01 6.428015294188901274e-01 6.546969673683741275e-01 6.429817644062434390e-01 6.456955793210389372e-01 6.541650862779905262e-01 6.517722921239536005e-01 6.574131183790355992e-01 6.539253965075531028e-01 6.482314841394192229e-01 6.515606745712543280e-01 6.492283106077079147e-01 6.347420784444254283e-01 6.372934069056972461e-01 6.497575253600931244e-01 6.458177484746949748e-01 6.464367542713408410e-01 6.514112424432538795e-01 6.526807814545871889e-01 6.506458972217866732e-01 6.437850869110195440e-01 6.485327149845189210e-01 6.492050774683502112e-01 6.449821337145626998e-01 6.414610631478904201e-01 6.391904955957674606e-01 6.465019547229549080e-01 6.442833947488091351e-01 6.440269229717708876e-01 6.384223571392546592e-01 6.433096734662879790e-01 6.467514869304406000e-01 6.360101325730731503e-01 6.385826403705568977e-01
6.413775517092545897e-02 9.554443121356233359e-02 2.400671397560456832e-01 3.817885472686119441e-01 1.000000000000000000e+00 3.003063757913753684e-01 4.718227589356903673e-01 4.315477979333901537e-01 4.412886757270180760e-01 4.129035926487168995e-01 4.554307514003825275e-01 4.885559785569833502e-01 4.684982370277167019e-01 3.922709906777708255e-01 4.958984178337065840e-01 5.091009689224699208e-01 3.986980169597572621e-01 4.448281673171102235e-01 4.568535766112170604e-01 4.477120520267723891e-01 4.595193528910751501e-01 4.563719996775960630e-01 4.421250059141117461e-01 4.473461041478348776e-01 4.499281162560924141e-01 4.755754409136414562e-01 4.801522115969900084e-01 4.747801766452593442e-01 4.635125217104771878e-01 4.741802110059886166e-01 4.889219532628438225e-01 4.616508569391802874e-01 4.312216722422512749e-01 4.389227432931556705e-01 4.252615148281290725e-01 4.312080136567783550e-01 4.541527777899338481e-01 4.880690073226288117e-01 4.824470896072853843e-01 4.612932716018270929e-01 4.880455077289375110e-01 4.958778757042089369e-01 4.919146848332343058e-01 5.048684209025684488e-01 4.781505750668585963e-01 4.896129248429261782e-01 4.852550523020279227e-01 4.860322507703289108e-01 4.779239128316485341e-01 4.734610559019026832e-01 4.877559818447723128e-01 4.583795220010163374e-01 4.830928680367860273e-01 4.771925588042579824e-01 4.706039964026382250e-01 4.873606979316004728e-01 4.432275857576780664e-01 4.983624985332424928e-01 4.717801532827426425e-01 4.881431709646482098e-01 4.930718738245024046e-01 4.827771092846464551e-01 4.674712206240570489e-01 4.768142958246326391e-01 4.794612320328909827e-01 4.739612620218309202e-01 4.877331806731661779e-01 4.971212933480937957e-01 4.965256581401268909e-01 5.053381734169564155e-01 4.949535214762179058e-01 4.963834436096831726e-01 4.942587595748412777e-01 4.981307035684196527e-01 4.926767284215001763e-01 4.938349748221671498e-01 4.946270224889378619e-01 4.957449907269137479e-01 4.999561304793948557e-01 4.922813437015463034e-01 4.975168003891920487e-01 4.924278399129601858e-01 4.876750674310385003e-01 4.859709923307586332e-01 4.872965686935158414e-01 4.868094722743184222e-01 4.795672418945287063e-01 5.001000305044182026e-01 4.913875548306195218e-01 4.905599334929475752e-01 4.871312312747581030e-01 4.978681894657375762e-01 4.927064247673051400e-01 4.950403459139672835e-01 4.852844767386033653e-01 4.883228278356481211e-01 4.782487159086868389e-01 4.781327874131452438e-01 4.884251175807113876e-01 4.926398606174957617e-01 4.918408669284354828e-01 4.838644062395418000e-01 4.912068264879654311e-01 4.973517704326865796e-01 4.862837035077780534e-01 4.666282441409398962e-01 4.844176989392142696e-01 4.921239454453830708e-01 4.922310706365101707e-01 4.933144986116632658e-01 4.894387652118872278e-01 4.911624521051277670e-01 4.876476580413471318e-01 4.858060239683849590e-01 4.882085520941016887e-01 4.829866418270554185e-01
-1.461273981762966148e-02 8.616282970541470909e-02 2.471998624030108116e-01 3.507257241136989001e-01 3.003063757913753684e-01 1.000000000000000000e+00 4.880920465134089836e-01 4.382648529405775428e-01 5.101192032138512911e-01 4.900891886667795294e-01 5.313135239842007307e-01 5.618064064332218832e-01 4.970628573492439917e-01 4.563694862496958105e-01 5.775633044371355496e-01 5.526187918273097743e-01 4.744960752719750152e-01 4.678577416789638233e-01 5.210374642001700529e-01 4.357160975340540476e-01 4.738346237161252250e-01 5.121846500724299700e-01 5.000409214070580255e-01 4.971771180319770611e-01 4.984477418307364238e-01 5.506767291914590468e-01 5.582386878762912730e-01 5.386872688559691813e-01 5.369751862317946323e-01 5.635230890916536062e-01 5.739540152406364948e-01 5.375297911171443843e-01 5.251390838152981688e-01 5.489430817840480481e-01 5.524407675419066299e-01 5.468506964932096093e-01 5.771620667152769224e-01 5.581572124925290312e-01 5.762098066246514882e-01 5.382296843862275360e-01 5.881310985748038345e-01 5.752733770616000886e-01 5.711144610083761508e-01 5.859611242325361014e-01 5.807983044699284170e-01 5.838114658789518296e-01 5.888922709427860669e-01 5.907629797329997379e-01 5.633361427613295946e-01 5.374324449011850247e-01 5.575656820243363176e-01 5.353773272039374920e-01 5.731845110497899576e-01 5.709235551918381280e-01 5.633883977520747210e-01 5.791149265529016432e-01 5.336504616269579504e-01 5.822578567096066138e-01 5.626395400207773179e-01 5.826307596319000304e-01 5.790541480174080657e-01 5.687357719995694838e-01 5.628558648053267888e-01 5.671346378779351660e-01 5.713786939738610959e-01 5.661368789998376672e-01 5.945827528994958033e-01 5.938252201019563747e-01 5.852552978838105879e-01 5.784072806701532343e-01 5.875604612090333800e-01 5.931452487770326742e-01 5.811905685281114620e-01 5.849838782466786347e-01 5.880810219749703638e-01 5.942191904136063796e-01 5.891496857721123526e-01 5.873477177718637865e-01 5.881275924569356883e-01 5.877995974725459538e-01 5.918806720322581372e-01 5.936833612504074376e-01 5.904636062497964355e-01 5.923269061360797449e-01 5.857501326427582145e-01 5.920677249465832181e-01 5.977746932792816770e-01 5.919211213972483954e-01 5.995817816405732970e-01 5.893680487154232539e-01 5.877198122332815133e-01 5.953415578946629205e-01 5.915671087655204330e-01 5.963275562482938108e-01 5.949149167636219593e-01 5.956111622719405529e-01 5.681763571814403280e-01 5.647506788740411787e-01 5.883123039873463522e-01 5.843195660032127758e-01 5.889732015566827572e-01 5.828727039329767434e-01 5.875614848232521004e-01 5.931686890360574615e-01 5.850296966053505354e-01 5.711116128944266901e-01 5.853863549402902322e-01 5.952437389892030195e-01 5.901111808222248012e-01 5.904597023552037305e-01 5.878260709966255382e-01 5.906653858852791705e-01 5.872233438026462915e-01 5.852447989713780441e-01 5.894435918741068869e-01 5.854988611337557103e-01
1.210608380948404450e-01 1.481834695990228434e-01 3.893071181588105278e-01 6.108631595078729548e-01 4.718227589356903673e-01 4.880920465134089836e-01 1.000000000000000000e+00 7.326103844559481715e-01 6.901372574014121852e-01 6.874969876935693724e-01 7.511238556490298368e-01 7.956253486891311510e-01 7.301328116878574859e-01 6.413448512268369317e-01 8.326390360788364919e-01 8.021477786842534652e-01 6.554955267433191235e-01 7.368690479128848780e-01 7.567603750699519738e-01 7.017089054898681955e-01 7.366664887035667686e-01 7.622584896289622547e-01 7.685762483480188534e-01 7.435292154992546587e-01 7.449990866162989889e-01 8.144329016630369455e-01 8.045834010460183316e-01 8.121211727851438411e-01 7.958367388750320348e-01 8.006719131471032869e-01 8.196155512824934153e-01 7.798422888268242703e-01 7.388343856938353049e-01 7.614260785662713138e-01 7.418508191375084992e-01 7.564626152482529786e-01 7.913212766804125220e-01 8.100534382365575103e-01 8.080739523443067895e-01 7.951412985273821343e-01 8.063665712598478974e-01 8.289015782135614741e-01 8.055743211568429096e-01 8.213186696698425715e-01 8.134579410311296721e-01 8.249452986964945778e-01 7.915548206876408255e-01 7.962723927090366027e-01 7.891903729134089884e-01 7.758802430780993298e-01 7.950601731998927502e-01 7.534182188880113040e-01 7.896893823668853507e-01 7.816674969918431248e-01 7.808015811690177665e-01 8.221982153593668796e-01 7.512696910217869783e-01 8.049240956193948193e-01 7.847564245215536971e-01 7.943949081027287251e-01 8.026930347846057412e-01 7.910077198574949620e-01 7.766978978823492197e-01 7.866404161976136011e-01 7.738879348616845011e-01 7.726206950371197202e-01 7.959901541508259681e-01 8.112264219439951907e-01 8.203738507489459764e-01 8.123213801812988466e-01 8.102449747533023716e-01 8.124632691939883689e-01 8.049857982729776706e-01 8.126233923817145488e-01 8.159902322940857378e-01 8.117037873397975334e-01 8.268967624460633603e-01 8.206778910534818783e-01 8.300461719913515557e-01 8.085091906354475721e-01 8.203891912723684232e-01 8.110208890771239965e-01 8.165743399419393977e-01 8.060181936599898345e-01 8.147673858858527352e-01 8.068201006441025891e-01 8.065853248920554774e-01 8.281605889607521753e-01 8.192182129064290441e-01 8.296934764767869286e-01 8.261019483135052521e-01 8.174608633631375021e-01 8.177004058573316136e-01 8.216828914039262521e-01 7.967062279357082222e-01 7.984054428424702810e-01 7.969455456696395990e-01 7.817035369487121965e-01 8.027320594959560518e-01 8.072766346070588961e-01 8.139322676686241431e-01 7.986120655406689917e-01 7.981446403605222395e-01 8.067376040213724009e-01 7.954130273732811229e-01 7.825206634366447256e-01 7.969616877215606188e-01 8.052606829718197412e-01 8.108088895440211941e-01 8.005597943348791157e-01 8.030334352340011694e-01 7.960254069529322241e-01 7.983235123686145407e-01 7.945548814155708461e-01 7.894852409993022846e-01 7.889530733192668954e-01
1.322909968943912773e-01 1.094910518625340362e-01 3.881232182502454275e-01 5.882066104314036536e-01 4.315477979333901537e-01 4.382648529405775428e-01 7.326103844559481715e-01 1.000000000000000000e+00 6.359135015311287997e-01 6.123654492330333765e-01 6.875465054139998644e-01 7.461167925607841145e-01 6.670379283874556808e-01 6.020520836664888797e-01 7.532326192304430457e-01 7.583336804703126877e-01 6.284675265806921596e-01 6.994311249956175480e-01 7.195300361118676102e-01 6.488228577939899600e-01 7.283889665840544980e-01 7.257499334261996449e-01 7.167971976447216065e-01 7.042281628890285639e-01 7.123670666757889736e-01 7.506679030768016458e-01 7.223145850961097958e-01 7.469774858899115300e-01 7.366508407495301336e-01 7.330515708266808206e-01 7.371594097963605208e-01 7.425737881980556399e-01 7.088174464471361791e-01 7.120911621578026596e-01 6.864005249693956312e-01 7.136608291683216310e-01 7.076839769308314043e-01 7.724622615991912911e-01 7.589885356683395701e-01 7.579487388174575013e-01 7.340056285863011398e-01 7.662308165163828066e-01 7.545026947866837475e-01 7.619113227578617753e-01 7.491857214123818220e-01 7.537660801540397859e-01 7.213229615688913077e-01 7.253918562822279092e-01 7.320973292702878110e-01 7.418577288378349621e-01 7.554779158849477261e-01 7.127884392622390042e-01 7.267277569887361510e-01 7.137393888582281853e-01 7.239881907150526041e-01 7.649935323155935274e-01 7.078490265094753431e-01 7.493766713162305360e-01 7.341824787245337935e-01 7.278293187564762734e-01 7.435926658953777579e-01 7.356011276190583814e-01 7.224767976340422670e-01 7.295265196399292051e-01 7.087694607104685351e-01 7.118154734159388708e-01 7.272201085796097253e-01 7.416473785888638703e-01 7.501283550249683296e-01 7.444009190652577379e-01 7.489393761470853894e-01 7.425913599851839964e-01 7.359455838067217037e-01 7.478231451073955594e-01 7.416985810881971952e-01 7.380696057574354096e-01 7.501320844477640248e-01 7.452995665727819574e-01 7.514085933085280500e-01 7.360250839986033355e-01 7.440494918161887350e-01 7.331147054458388990e-01 7.513303756572545788e-01 7.337674264245377387e-01 7.504856349481658917e-01 7.356316032536901472e-01 7.335620029608856951e-01 7.597768655398418058e-01 7.483723108769260168e-01 7.577886605172956536e-01 7.553696151470543629e-01 7.433690243513152440e-01 7.425603376086918894e-01 7.496532692579332968e-01 7.239646786195776951e-01 7.256055208980524140e-01 7.370388515047189282e-01 7.242848811647331075e-01 7.348793020116579644e-01 7.397740824179860342e-01 7.469228303174652028e-01 7.394309904804022837e-01 7.261945641464828682e-01 7.366898465481022118e-01 7.305195351609476972e-01 7.260821385025043595e-01 7.299756353688737764e-01 7.319450696381979427e-01 7.408617425951598001e-01 7.329376506799389901e-01 7.389856347592217434e-01 7.236225729663509076e-01 7.320914368393721672e-01 7.309019114221209090e-01 7.213781216450723122e-01 7.189415328635095914e-01
1.205481100521201970e-01 1.833143983705435298e-01 3.373888164863259598e-01 5.624232413405133579e-01 4.412886757270180760e-01 5.101192032138512911e-01 6.901372574014121852e-01 6.359135015311287997e-01 1.000000000000000000e+00 7.369194639476233100e-01 7.923894794657468932e-01 8.350444988486189768e-01 7.600244668964831751e-01 6.837208698889531977e-01 8.324251309996093529e-01 8.166506707081199190e-01 7.744075852033734941e-01 6.663241012764765658e-01 7.738323134606931442e-01 6.067353780191664381e-01 7.120943137547568469e-01 7.669911848021300216e-01 7.280524238817375204e-01 6.782320131111690964e-01 7.142251299054784841e-01 7.938977592314766518e-01 8.199825784813732366e-01 7.647435230226704572e-01 7.935200927164210993e-01 8.319696588850479246e-01 8.438247300748111801e-01 7.874187274554530491e-01 7.351925626294593119e-01 7.528704437443601849e-01 7.715823518686754090e-01 7.960991029580024581e-01 8.150828485877172902e-01 7.984899049630059809e-01 8.256178873234714111e-01 7.625160386578793137e-01 8.524193978119347648e-01 8.267508734208496302e-01 7.989054065705494256e-01 8.516592092327182062e-01 8.412666316935724087e-01 8.324169990298415645e-01 8.695760351588043280e-01 8.727431742960810590e-01 8.527127093288834336e-01 8.055688193312661172e-01 8.313618537988932689e-01 8.014241429008915896e-01 8.581559990508642599e-01 8.564066519408927158e-01 8.264968823179751345e-01 8.259319888540747057e-01 8.238609947419314183e-01 8.554153725967711397e-01 8.314088816912749147e-01 8.742333566460325223e-01 8.568624349023287179e-01 8.595579011762805033e-01 8.405728549594497778e-01 8.646667193750233738e-01 8.775395231502532978e-01 8.671198003386018094e-01 8.771912628418400137e-01 8.594817437246182745e-01 8.490602081068456819e-01 8.332997992197920256e-01 8.525440173170537594e-01 8.669330739986651491e-01 8.250660093739473622e-01 8.425298803176725082e-01 8.603685836524546104e-01 8.683812680789018135e-01 8.554941352749937389e-01 8.628040227498663395e-01 8.585265556024594957e-01 8.708850959368618083e-01 8.610509451298972161e-01 8.711353502864012111e-01 8.592521060309722403e-01 8.461354076216925924e-01 8.296059619722061518e-01 8.409128555370916080e-01 8.546187750503899672e-01 8.507821248797581282e-01 8.565353488917751834e-01 8.471870362308899782e-01 8.305067868732837200e-01 8.592452952393832000e-01 8.612312782472328898e-01 8.578193991478725300e-01 8.688960166332144741e-01 8.724458905272133302e-01 8.189272566218842586e-01 8.436108282631105126e-01 8.567475388778802436e-01 8.489187254044052722e-01 8.445922095341515945e-01 8.532139375379290680e-01 8.686041127764216885e-01 8.638817007843658802e-01 8.614632485273074902e-01 8.462263674314779438e-01 8.628414306777825171e-01 8.701845562473267126e-01 8.638165324166404702e-01 8.715157217048767890e-01 8.535944707397098430e-01 8.762831933786163763e-01 8.678589680450234933e-01 8.665165766494842270e-01 8.790194361347433150e-01 8.739209475180145237e-01
5.938867755457724606e-02 1.742667720202492054e-01 3.357369523208909579e-01 5.281852623806516656e-01 4.129035926487168995e-01 4.900891886667795294e-01 6.874969876935693724e-01 6.123654492330333765e-01 7.369194639476233100e-01 1.000000000000000000e+00 7.460382078811506057e-01 7.845319758921184272e-01 7.151159622862099940e-01 6.434972300893392338e-01 7.967322432380430364e-01 7.806160276567774003e-01 6.834853311485874494e-01 6.616113362272543208e-01 7.293685545870163267e-01 6.142221636527009920e-01 6.727397058158725018e-01 7.200019181490666664e-01 7.167568996947467630e-01 6.799654130006091979e-01 6.884803583405053606e-01 7.584553591060982924e-01 7.767829787095279492e-01 7.408833185409796629e-01 7.495035716053115582e-01 7.866257475410342037e-01 8.025440392628938602e-01 7.539529262015289834e-01 6.937362953144878830e-01 7.277038500866563897e-01 7.317526819374390312e-01 7.396477125167175704e-01 7.798238614455487161e-01 7.742511880357956233e-01 7.857840903032026203e-01 7.510100972498162664e-01 8.107806262637847761e-01 7.965304295775457177e-01 7.674134345932697165e-01 8.055772224954367289e-01 7.993440207243045492e-01 7.998405760215775429e-01 8.222931372033245312e-01 8.276026137333589716e-01 8.082074082097429057e-01 7.615414264748530115e-01 7.874271015203646584e-01 7.482060225014892652e-01 8.060968810623666547e-01 8.172277976675158540e-01 7.999950950552902063e-01 8.037267215827409439e-01 7.796415986644430474e-01 8.120694312861267417e-01 8.043606549594373156e-01 8.193825986836373865e-01 8.078608405390740321e-01 8.122484510570678884e-01 8.015015985952163025e-01 8.081207845492032193e-01 8.104906869093783106e-01 8.116245368731315191e-01 8.228255033011748765e-01 8.194610444435429519e-01 8.117644466470822495e-01 7.974583649095530191e-01 8.061433539320519426e-01 8.219463847618914132e-01 7.952040711270855766e-01 8.027068288843778321e-01 8.132197103614167144e-01 8.183028465175530286e-01 8.146731356393497325e-01 8.150026149682102483e-01 8.172078387478168837e-01 8.194367232412985702e-01 8.188200058255709068e-01 8.230614952283974439e-01 8.167711869448250894e-01 8.078874034291118056e-01 7.970422369268761464e-01 8.034917857893264515e-01 8.129994123366971470e-01 8.169731721194293250e-01 8.157493534430350079e-01 8.167436351120971327e-01 8.041660797316625420e-01 8.186320043784001133e-01 8.216388149564922694e-01 8.180788032377782626e-01 8.210658323299130368e-01 8.250243090430614545e-01 7.879681100789506232e-01 7.949403576365938751e-01 8.149079082964512111e-01 8.063430194046705690e-01 8.072572271363057661e-01 8.132928156024925581e-01 8.183218940127333640e-01 8.169533263138690771e-01 8.109437068432101547e-01 8.052639966744431499e-01 8.168866690921682272e-01 8.261189124397704253e-01 8.240427336170621508e-01 8.231775609160646434e-01 8.156861164545888832e-01 8.235654797692840701e-01 8.224331083191503966e-01 8.175191413561078146e-01 8.209315371607120992e-01 8.207042316198576160e-01
4.587597907844551820e-02 1.614295035780855259e-01 3.813841956728035165e-01 6.008879184356703540e-01 4.554307514003825275e-01 5.313135239842007307e-01 7.511238556490298368e-01 6.875465054139998644e-01 7.923894794657468932e-01 7.460382078811506057e-01 1.000000000000000000e+00 8.746964137769968062e-01 7.828160878787813193e-01 7.115138154204857512e-01 8.762582800657960913e-01 8.577512558107387441e-01 7.493338743771276178e-01 7.272373099333353519e-01 8.142884896903443970e-01 6.778976305718691364e-01 7.580623889070104982e-01 8.009385362910874662e-01 7.835984889508539331e-01 7.571066041031728755e-01 7.701301805823218549e-01 8.550911699088242779e-01 8.667089948212932660e-01 8.344969391633793032e-01 8.367767860766102128e-01 8.641790187526270373e-01 8.928609128784003035e-01 8.403256322949812507e-01 8.018677406220284798e-01 8.178711670190352834e-01 8.224264674477916870e-01 8.365666394196196176e-01 8.652281912791945917e-01 8.623710221456637459e-01 8.802947163413717968e-01 8.423044107086509191e-01 8.931446340709752185e-01 8.850409371482861332e-01 8.649809811103704726e-01 8.969591676002168779e-01 8.874632294459060544e-01 8.872018513966191122e-01 8.992582368533273973e-01 8.986712890680623733e-01 8.868547173524019556e-01 8.561500574667830765e-01 8.754447025081154576e-01 8.330959890502297460e-01 8.887508721069687923e-01 8.782098942180135426e-01 8.674975211739448522e-01 8.882647433464921916e-01 8.463678973464580091e-01 8.922065872606819159e-01 8.748886587206576859e-01 8.926461363509103908e-01 8.948882707948851989e-01 8.863342405435233884e-01 8.758350177548459570e-01 8.882376287786761804e-01 8.802255643146494890e-01 8.788898664692853524e-01 9.005044605039096428e-01 9.000957748675847414e-01 8.941483455682580628e-01 8.820160431987400518e-01 8.925128018382113559e-01 9.031738223703500434e-01 8.778456270845712561e-01 8.888120810429787078e-01 9.035386410619131725e-01 9.049550374426396093e-01 9.016797745054150326e-01 9.009342015135035631e-01 8.985239935818883916e-01 9.012035711252518455e-01 9.025231305053614816e-01 9.060453240069136216e-01 8.967398463774688411e-01 8.940500757522032993e-01 8.932622141215302847e-01 8.918706970502652265e-01 9.006169905354846072e-01 9.025605976958790411e-01 9.043356489885708838e-01 9.000202311603717753e-01 8.972084129782003092e-01 9.038037071687800017e-01 9.061408431869609759e-01 9.054228754834433568e-01 9.025969287246216055e-01 9.032063256396317685e-01 8.823697631627450688e-01 8.779565864799112607e-01 8.989492728313620562e-01 8.977598892683080756e-01 8.986918349336484590e-01 8.938322373736798943e-01 8.993638114815690754e-01 9.025495031477935859e-01 8.961935399561439253e-01 8.801430400523385655e-01 8.965154795320693371e-01 9.034559527790132494e-01 9.012214756351493161e-01 9.007989753737718486e-01 8.956176007705626274e-01 9.004521970662902053e-01 8.993422965686264092e-01 8.982301627827440349e-01 8.973742661584194202e-01 8.951452238612178647e-01
7.922670993691215136e-02 1.519076060811647699e-01 4.025469884242413587e-01 6.468256073808262840e-01 4.885559785569833502e-01 5.618064064332218832e-01 7.956253486891311510e-01 7.461167925607841145e-01 8.350444988486189768e-01 7.845319758921184272e-01 8.746964137769968062e-01 1.000000000000000000e+00 8.280674035680702927e-01 7.441534063013274247e-01 9.175994943319658592e-01 9.102456628422420648e-01 7.953658232065492495e-01 7.651885558313595848e-01 8.575926106180514763e-01 7.059213344440071758e-01 8.044940718405865221e-01 8.479315201763324428e-01 8.259748189392223106e-01 7.882219786716601062e-01 8.099153895361128619e-01 8.976143245349349487e-01 9.041425108647240805e-01 8.749416960334325255e-01 8.830564993104980109e-01 9.061997806278393464e-01 9.275638739682029454e-01 8.796641680157457621e-01 8.343882140785087165e-01 8.506856368221872300e-01 8.517990235162400392e-01 8.818350112679651520e-01 8.943377372787849611e-01 9.106888819043218453e-01 9.252163209991124404e-01 8.889435469245466903e-01 9.326144166587994055e-01 9.281278474815706225e-01 9.118319997715770286e-01 9.427524260703945558e-01 9.303064066403111676e-01 9.311357964003361687e-01 9.361570786588372384e-01 9.371762280712540027e-01 9.315308615192389174e-01 9.027053827871114322e-01 9.251438889020195955e-01 8.804851723096892568e-01 9.302230026952823527e-01 9.259755285150207404e-01 9.160714443512064653e-01 9.331370105539722459e-01 9.010296069436471988e-01 9.389622057602680094e-01 9.229201633796483284e-01 9.373554926609904969e-01 9.411835678324627086e-01 9.369544151884612315e-01 9.237307590640845278e-01 9.369029381189263317e-01 9.250284863473789976e-01 9.258775419962013142e-01 9.396868285676986954e-01 9.376973957280521077e-01 9.314750686100720101e-01 9.188540129198413675e-01 9.333980460789514932e-01 9.429696475523224874e-01 9.108879455963985183e-01 9.278299478693863289e-01 9.431978905981199812e-01 9.437679401738182650e-01 9.400695889281166506e-01 9.394704792952544015e-01 9.392213150868029548e-01 9.410194856853301149e-01 9.392726652579680424e-01 9.429534549225809803e-01 9.396010889735098015e-01 9.257518617236236702e-01 9.263354795968880007e-01 9.250904988146018137e-01 9.361398407452303783e-01 9.407718730873015911e-01 9.414194304130836244e-01 9.394059406526664713e-01 9.297955152534115308e-01 9.424255871217026570e-01 9.434253427935017644e-01 9.439042227008571651e-01 9.408382406537246778e-01 9.416220323153495775e-01 9.175193256470518532e-01 9.189810290392045333e-01 9.386664975756533469e-01 9.334266361567362669e-01 9.374672611046884763e-01 9.364237351813915478e-01 9.393953338205494052e-01 9.424965832224374562e-01 9.362905291542714670e-01 9.257600198206655806e-01 9.372886692207331727e-01 9.425411445891882511e-01 9.433169687462784614e-01 9.418916590806718503e-01 9.368117875656946092e-01 9.410381639887862582e-01 9.409789961815366865e-01 9.409197360357121065e-01 9.384447891136911135e-01 9.381831227092604086e-01
6.819191968042644103e-02 1.364700959894759036e-01 3.600646211279570630e-01 5.860599259824180729e-01 4.684982370277167019e-01 4.970628573492439917e-01 7.301328116878574859e-01 6.670379283874556808e-01 7.600244668964831751e-01 7.151159622862099940e-01 7.828160878787813193e-01 8.280674035680702927e-01 1.000000000000000000e+00 6.573662174185069818e-01 8.392728640147173458e-01 8.336630742034554231e-01 7.026617297261140704e-01 6.890415382384490472e-01 7.704261215873610125e-01 6.632598385085212156e-01 7.169579928224716348e-01 7.595956625625751579e-01 7.400757604813223978e-01 7.099927976769063731e-01 7.343617226311911494e-01 8.122035047802970142e-01 8.246149713031575290e-01 7.857788641070174718e-01 7.874204077073825303e-01 8.128756573884891035e-01 8.338148021587332703e-01 7.794825996637506638e-01 7.339390442144674287e-01 7.510311415058169571e-01 7.527134995655248018e-01 7.765448523792957136e-01 8.072425839407159076e-01 8.067028380251344277e-01 8.207308168479442445e-01 7.894845206343767963e-01 8.520063422109716011e-01 8.424448631765011353e-01 8.189889871012537848e-01 8.556355416105332345e-01 8.352618406985771182e-01 8.405734727960983976e-01 8.524344515640561726e-01 8.537667200022742708e-01 8.361610161918043849e-01 8.008279335615431371e-01 8.244674273036747270e-01 7.921018212793987656e-01 8.476430722555730046e-01 8.391915112734182891e-01 8.234291392950846555e-01 8.421086134452739902e-01 8.003084754993670114e-01 8.510366978283281369e-01 8.262661091488634479e-01 8.551975555413021679e-01 8.483961048894607115e-01 8.427354300855000035e-01 8.280241238353210909e-01 8.384769203442947738e-01 8.438587552561503946e-01 8.368819381140276681e-01 8.522587285723008943e-01 8.538364629617675172e-01 8.430487840093179308e-01 8.409324347165776370e-01 8.475702071743935750e-01 8.589849656903012498e-01 8.307867226405326599e-01 8.456097656175751709e-01 8.578191557972044690e-01 8.574649055497217676e-01 8.540474578276079365e-01 8.540217942643141269e-01 8.559561291028429109e-01 8.570227630027601462e-01 8.548936590248266132e-01 8.573959213568566051e-01 8.482275635170148931e-01 8.407220250582484455e-01 8.369313017668327248e-01 8.367543596873573408e-01 8.464542428389367767e-01 8.557559102252744188e-01 8.522151462480519468e-01 8.553314483903151633e-01 8.444165182830768446e-01 8.583293139137869732e-01 8.586718620269006008e-01 8.580934721312166724e-01 8.559360790432548605e-01 8.578690566802695816e-01 8.293519859590346988e-01 8.285422719696325933e-01 8.516261789361009304e-01 8.464497147481241379e-01 8.500067461236168187e-01 8.453868971164073542e-01 8.560096576376625688e-01 8.581165679947472258e-01 8.491859491783684266e-01 8.336684837967796025e-01 8.498139514220608426e-01 8.596844784439382492e-01 8.600508634991039791e-01 8.565110254967627235e-01 8.518518044390993582e-01 8.580741593611670437e-01 8.540300822025468364e-01 8.525262005034058843e-01 8.546369214918451140e-01 8.532972167610869407e-01
