1.000000000000000000e+00 1.668218953586253772e-01 2.285273158367186475e-01 2.230834039940953195e-01 3.502526770257897298e-02 7.212648903053044125e-02 7.882630077848309935e-02 5.686216508315181800e-02 2.016111757113352720e-01 1.146983473602588427e-01 9.931940154313227687e-02 7.632706471192178543e-02 -2.274411841454434396e-03 1.197156439577492680e-03 4.442655330727379032e-02 5.758017620894045202e-02 1.408672527407142383e-01 1.753083173054179600e-01 3.807111855484616308e-02 2.149205397215902535e-01 1.651741990870298493e-01 1.370436125856328291e-01 1.064495201308946620e-01 7.223799365626705493e-02 7.120401521408369072e-02 1.716552837384285601e-01 1.704795660106624700e-01 1.857705999553441178e-01 1.542157403760944512e-01 1.420545365062188814e-01 1.727079035656177985e-01 8.381352129030793241e-02 6.366940473693449842e-02 5.367290438344934911e-02 3.368910394152051929e-02 8.979805508915346401e-02 1.057597691677398949e-01 8.391752720293714496e-02 6.838949070824526522e-02 7.250423819037569995e-02 7.052541647265769820e-02 6.743569283881466203e-02 4.545142124748526025e-02 6.705832432177039060e-02 1.047721469211784912e-01 7.717358136633395427e-02 1.153840680046675816e-02 3.736608454628089632e-02 3.887902502537928656e-02 3.882703500103137917e-02 3.992680192839476172e-02 8.273045391582450198e-03 3.218167363797636710e-02 5.990463194337122127e-02 5.672479774342652908e-02 5.701298840703440673e-02 6.705801584193893383e-02 3.425193992918523084e-02 3.442710292393094673e-02 5.404108296475184509e-02 3.138765898687825157e-02 3.668592547970001699e-02 3.948263432767279424e-02 3.166369196666404817e-02 7.672642515848294986e-02 8.360059878823966617e-02 4.248822756779311455e-02 4.397764825797766119e-02 5.358175614070213172e-02 1.033938689277763279e-01 3.827848780246846661e-02 5.485025423341307466e-02 4.966128756133504629e-02 2.240239775901780792e-02 6.721053525703116205e-02 7.643789394110434010e-02 6.622743711263966160e-02 8.057088458192482316e-02 6.783406058498302194e-02 8.724373389916149912e-02 7.538625395239384464e-02 8.115536050291667636e-02 6.850494563038704576e-02 4.434297687721391185e-02 3.877296392310114470e-02 3.484687818254886965e-02 3.914529908620754256e-02 4.281652132624842733e-02 3.166190271896594105e-02 4.700004010849533759e-02 4.445008897638193929e-02 3.497337834412765634e-02 5.138310108145694582e-02 3.994386867764525284e-02 8.622273867641165254e-03 1.273349250844525195e-02 4.005296207762924776e-02 7.844244229285279868e-02 3.424970914258178289e-02 4.018483827134061021e-02 1.786383826970552521e-02 3.694899464714186677e-02 2.685987151862744005e-02 2.966371990069890940e-02 4.491542945056740954e-02 5.954959689901085512e-02 3.905257341884479927e-02 2.964565353324888006e-02 3.134520358377711896e-02 2.621828279317819574e-02 3.323147022120029326e-02 2.679824108699463414e-02 2.645263831729137080e-02 3.568303415901195874e-02 6.003268637937996671e-02 5.972851896941325234e-02
1.668218953586253772e-01 1.000000000000000000e+00 1.152653620081762337e-01 1.192062612893896867e-01 7.577436985243096723e-02 1.228214568459949779e-01 1.568275200474055775e-01 1.247540648170903516e-01 2.085835011450447585e-01 1.791299102889236938e-01 1.538596895155726341e-01 1.261105058196905770e-01 1.075074355418762367e-01 1.435522912949615815e-01 1.537719718092480370e-01 1.454000954906748966e-01 1.784497942165843010e-01 1.385411412087587946e-01 1.034461928100897238e-01 9.473476602329655716e-02 6.432968372335286233e-02 1.138786678419580894e-01 1.921882963740482175e-01 9.052704621757924619e-02 1.157193258778190237e-01 1.981057623956092584e-01 1.936064306955216363e-01 1.916361906105222557e-01 1.583380232726691317e-01 1.753176453646603794e-01 1.941330267723063441e-01 1.620743446067230142e-01 1.219570306704244739e-01 1.156559252006579275e-01 1.227519742082604781e-01 1.575655773531239034e-01 1.627122681815369731e-01 1.566833622784172819e-01 1.582211070396954133e-01 1.678339202065371183e-01 1.694619001196522035e-01 1.696526536366181614e-01 1.417711430021651453e-01 1.567804966024041180e-01 1.754987651580710850e-01 1.655417527967756319e-01 1.457431572995550595e-01 1.622069310840745238e-01 1.496713318970145368e-01 1.072480647968378220e-01 1.336025467156094493e-01 9.381561236409895199e-02 1.204569459027376443e-01 1.711446078618315825e-01 1.560427748114563418e-01 1.715085567986104897e-01 1.416808431299444448e-01 1.530125681528488046e-01 1.500245023711394288e-01 1.628647786190060565e-01 1.356194141376526052e-01 1.561047271120950541e-01 1.483585514550330442e-01 1.451611058147690703e-01 1.582190706339986208e-01 1.563098074161513584e-01 1.648004950381074252e-01 1.611280954905376650e-01 1.706587916245634329e-01 1.436996836487650642e-01 1.248284811586690274e-01 1.529542459819235034e-01 1.514586499661797203e-01 1.322724121725278035e-01 1.739169537755350659e-01 1.699646856058158184e-01 1.687621682218924113e-01 1.596836470584942491e-01 1.667995089022736022e-01 1.692015242812605347e-01 1.650232406975139232e-01 1.718741456632777720e-01 1.858772353769954366e-01 1.508700020330568936e-01 1.464244753744561034e-01 1.416229417593481699e-01 1.602280048789799516e-01 1.637516825775656992e-01 1.621384034007690988e-01 1.762788555003140245e-01 1.697651120556389337e-01 1.602851973150955511e-01 1.646594408526091124e-01 1.613395100896773127e-01 1.470306240596614133e-01 1.534129437118867956e-01 1.409482653599522795e-01 1.491951040928579109e-01 1.466141644458076598e-01 1.459945951233987127e-01 1.434236737004575546e-01 1.490892468767187062e-01 1.397475676075397300e-01 1.462860245148685512e-01 1.470853756854293981e-01 1.675335688141811608e-01 1.543372323486122411e-01 1.628676387964656802e-01 1.595303499347469622e-01 1.551621483309099936e-01 1.566358245466152044e-01 1.536162690707753298e-01 1.567764267588003801e-01 1.566475515154276132e-01 1.629571488744761543e-01 1.596303017285839176e-01
2.285273158367186475e-01 1.152653620081762337e-01 1.000000000000000000e+00 4.713470443761587081e-01 2.139432038652023804e-01 2.793365522081461827e-01 3.722643889840360210e-01 3.193532932673092684e-01 3.980778343292461496e-01 3.016748743569239166e-01 4.116944493196472710e-01 4.138931170616506616e-01 2.932277592884744988e-01 2.744287634845035129e-01 3.560037899618467283e-01 3.571746270459560946e-01 3.566177813805420649e-01 3.802899197397309750e-01 3.441274505479808288e-01 2.856703192140689351e-01 3.613632723060100083e-01 4.292082942237655518e-01 3.437742292134035038e-01 3.613279811362218874e-01 3.875512213635178838e-01 4.363159789276715994e-01 4.678148393740788613e-01 4.568402579995985979e-01 3.641772443813158233e-01 4.379837442254686519e-01 4.761435911022227629e-01 3.430537651418168466e-01 3.602613929991204111e-01 3.479256890150571602e-01 3.350094725634077952e-01 3.964687691708453365e-01 4.327463631902998542e-01 3.690666971668251084e-01 4.021657124124444760e-01 3.877012415711674764e-01 3.888704142027736843e-01 3.887423349499321001e-01 3.907129268058665561e-01 3.951234890025609459e-01 4.270942307386392245e-01 3.937360111842189703e-01 3.384782280338341498e-01 3.424355637183641998e-01 3.386910398795377475e-01 3.363426847856522128e-01 3.572464084951740837e-01 3.532927376925247276e-01 3.736249570147459065e-01 3.518225881207553418e-01 3.445251633525858170e-01 3.652637746962991150e-01 3.433143119220902761e-01 3.573084261298858366e-01 3.389810274408926460e-01 3.592680833020326925e-01 3.539198453028142843e-01 3.461425526693126531e-01 3.412979303067702475e-01 3.512948444965156569e-01 3.776098977683116642e-01 3.795055988204855679e-01 3.505851649604718179e-01 3.648033053731051800e-01 3.531414949685851012e-01 3.733478334281206679e-01 4.002640865398705561e-01 3.952338098046316861e-01 3.744148949942792681e-01 3.885634997006822688e-01 3.921681893375206229e-01 3.958268568232738427e-01 3.830288050259658128e-01 3.603758210113185423e-01 4.008927057198914956e-01 4.039585505783831465e-01 3.997768083833662112e-01 4.077069923645241234e-01 3.644049031261542004e-01 3.673661349166184587e-01 3.523071192868043044e-01 3.567572505762439672e-01 3.803561585604343653e-01 3.552177824771447501e-01 3.638811190131396867e-01 3.603542207280726606e-01 3.695684338683168924e-01 3.626182240499857268e-01 3.831541744407517269e-01 3.732500665451041200e-01 3.404706022464254467e-01 3.366981553964024654e-01 3.574103552576663456e-01 3.500200423962557261e-01 3.531548773833512178e-01 3.506631905368295943e-01 3.552908417534821894e-01 3.494389495770303666e-01 3.537397513931125337e-01 3.574204678912598077e-01 3.722875937533218771e-01 3.552750605604119705e-01 3.436904773387219891e-01 3.447851655712104724e-01 3.515482007607771964e-01 3.470596381750119530e-01 3.441232037379742814e-01 3.486237800206618553e-01 3.475680421396811215e-01 3.529650917138735799e-01 3.682070872399058059e-01 3.695485578163772433e-01
2.230834039940953195e-01 1.192062612893896867e-01 4.713470443761587081e-01 1.000000000000000000e+00 3.030060952807889785e-01 3.821463031730322202e-01 5.426197681821358643e-01 5.071138466257006927e-01 5.708628352498428260e-01 4.829169468791708053e-01 6.124867722702893591e-01 6.658210636823047590e-01 4.704673771625240142e-01 4.734887418728981889e-01 5.711020946818045063e-01 5.755079532736713244e-01 5.268514518737342778e-01 5.500268103929566443e-01 4.647400349854204915e-01 4.749352494129460700e-01 4.638935302547187445e-01 5.305459884110169666e-01 4.733427822021485931e-01 5.078074449889492525e-01 4.704323357945443540e-01 6.027586382656880959e-01 6.123403931448553328e-01 6.030563256868911592e-01 5.432929373378440063e-01 5.815783244071136560e-01 6.231237984243548356e-01 5.364066551270950667e-01 4.942121282271342286e-01 5.191840546630752673e-01 4.701558443977882362e-01 5.556166143055181195e-01 5.806056145333273744e-01 5.629294933666399992e-01 5.776170382797035652e-01 5.496585372968831873e-01 5.879935019818511854e-01 5.769718964451190368e-01 5.977032947249135697e-01 6.081792470212556978e-01 6.098723633240930031e-01 6.032266527204077633e-01 5.438067907052752670e-01 5.529281986613379107e-01 5.491600969785325193e-01 5.423106362180579731e-01 5.719114252556971589e-01 5.484779558303186642e-01 5.871319443550232497e-01 5.656306131291737316e-01 5.579231135026890831e-01 5.655986044696109660e-01 5.769198848924134149e-01 5.629765758706327672e-01 5.561798739299853578e-01 5.758057554133937384e-01 5.653558835524408188e-01 5.693874503328806291e-01 5.697227753373349524e-01 5.691557220215027746e-01 5.820891424290949301e-01 5.990091681911422494e-01 5.583010947940520996e-01 5.678433631448986940e-01 5.615498500838669305e-01 5.926958142547400499e-01 5.699499395013712943e-01 5.820303723974052934e-01 5.725244445565050855e-01 5.669125517325879215e-01 5.889544021311275968e-01 5.925265004617846776e-01 5.859872750303786182e-01 5.731259427772720239e-01 5.973169259861272895e-01 6.003072544756390405e-01 5.888092029562961294e-01 6.031148814404972969e-01 5.691794863407590999e-01 5.596302371368251372e-01 5.600003425100394949e-01 5.556253915492280759e-01 5.675460532183325135e-01 5.668882394785789147e-01 5.574491673724840668e-01 5.685070251568670185e-01 5.583571469322140546e-01 5.666150471037333380e-01 5.831508345933383852e-01 5.809894533161743535e-01 5.440965774646250308e-01 5.430071761090941029e-01 5.750453274637276069e-01 5.808207115093018125e-01 5.692305954741646579e-01 5.698347319370176134e-01 5.689306501298267982e-01 5.741542750977104426e-01 5.689873203872188867e-01 5.735716741319875078e-01 5.868681024240086641e-01 5.779488922404185658e-01 5.588506325063625768e-01 5.540983881822173496e-01 5.638114310666483275e-01 5.557002449487964402e-01 5.632719025435528604e-01 5.582764117872729415e-01 5.630243760456824509e-01 5.634655496506930650e-01 5.757788841506723543e-01 5.830361495624615253e-01
3.502526770257897298e-02 7.577436985243096723e-02 2.139432038652023804e-01 3.030060952807889785e-01 1.000000000000000000e+00 2.896038967041264511e-01 4.535155368668312148e-01 4.334415996261038462e-01 4.311531173876887446e-01 3.623758213165521047e-01 4.408760883389788443e-01 4.576266332286815230e-01 4.757612200502596700e-01 3.995086525203683236e-01 4.921880211254017756e-01 4.704607663322338817e-01 3.914163463014087019e-01 3.313866372801878013e-01 3.285204573840795339e-01 2.995611215641952318e-01 3.317567578625120750e-01 3.636559128769288329e-01 2.613531121578610006e-01 3.249800970044835480e-01 3.462809987137112633e-01 3.763372707288238361e-01 4.049477476982828450e-01 3.980433471943211621e-01 3.432524254365106886e-01 3.604823855804380472e-01 4.115303153566453598e-01 3.892444149367783601e-01 3.505444215930092478e-01 3.675549326701928465e-01 3.596159956334770702e-01 4.099733424152283146e-01 4.037530780561764399e-01 4.227646066535220570e-01 4.429559799033678247e-01 4.083325790330370464e-01 4.621275081528328776e-01 4.598052184697349887e-01 4.722203368656904821e-01 4.748946254467472650e-01 4.551557922376310850e-01 4.681077296878832783e-01 4.763692827119432871e-01 4.719295756346227333e-01 4.662051527941781237e-01 4.406143845170075179e-01 4.750551152553361134e-01 4.919296175089913348e-01 4.953588647128629452e-01 4.592038155009576794e-01 4.409316806913435860e-01 4.214548441294907466e-01 4.619746313991619502e-01 4.777459032393329696e-01 4.667216450332397626e-01 4.811807075559678681e-01 4.921127173565981727e-01 4.682237624996101744e-01 4.665628423977135064e-01 4.768570425602526863e-01 4.643542937680347205e-01 4.726059349290760436e-01 4.642647264909952609e-01 4.566909774676433109e-01 4.400168739684929275e-01 4.622887757343202009e-01 4.664040693096567769e-01 4.610789886612088329e-01 4.370124147229421663e-01 4.504969973139771877e-01 4.656763069764092711e-01 4.725173603034656389e-01 4.636296450370956390e-01 4.423690018409343616e-01 4.679821497074953540e-01 4.530792615431155634e-01 4.487276752493832288e-01 4.623934167115761884e-01 4.388233264485785212e-01 4.414654028947995745e-01 4.472395804875379244e-01 4.447416872009741229e-01 4.594417390725725192e-01 4.569991351841286575e-01 4.626048508416166216e-01 4.444412851177839685e-01 4.486976534696732744e-01 4.746967504843691010e-01 4.684524949077728539e-01 4.728218426321232348e-01 4.781731615441627281e-01 4.720938266431717323e-01 4.812705462379114896e-01 4.759280051732875938e-01 4.907972613955045027e-01 4.757576528883200040e-01 4.852592289205207021e-01 4.810321154204713068e-01 4.823167178934175681e-01 4.790351653883110350e-01 4.837079690977417745e-01 4.713142553197613438e-01 4.736818414216109052e-01 4.658810446227600877e-01 4.603339931654335526e-01 4.768747491864731014e-01 4.684456862379370312e-01 4.804370900490123608e-01 4.721032564929353303e-01 4.811683273808752825e-01 4.686734889019325001e-01 4.776833985460186005e-01
7.212648903053044125e-02 1.228214568459949779e-01 2.793365522081461827e-01 3.821463031730322202e-01 2.896038967041264511e-01 1.000000000000000000e+00 5.205755813197128212e-01 4.600783114639721005e-01 5.270986135197621714e-01 4.969005569751949736e-01 5.437649928580255976e-01 5.710878762537442421e-01 4.958858635165342421e-01 5.158736887316984765e-01 5.778704876616124197e-01 5.735283200059640984e-01 5.184779422417780115e-01 4.318956548795391814e-01 4.300493821555256280e-01 3.426530679778593824e-01 3.546481065891256557e-01 4.521437512401634273e-01 4.440766221294561999e-01 4.502869193018176897e-01 4.403876759125507356e-01 5.257449447588219416e-01 5.529977148711469059e-01 5.529375714132844788e-01 5.174951821604516500e-01 5.146075683344009111e-01 5.462157175310947688e-01 5.450608221970920653e-01 5.024190649907045447e-01 5.224150659740336433e-01 4.959870815759963580e-01 5.420869946886681667e-01 5.515021022139697804e-01 5.716799272462437242e-01 5.811597878010948959e-01 5.573632837509626681e-01 5.968973363255604125e-01 5.906528462911408983e-01 5.903546619573740717e-01 6.048329542436509110e-01 5.899665738137105375e-01 5.958024861455750720e-01 5.841392313522952850e-01 5.884364735386552470e-01 5.841163247389251634e-01 5.578917733764591214e-01 5.898969696684747133e-01 5.290563479949194070e-01 5.787309796254550553e-01 5.905498527195096603e-01 5.807462752232157577e-01 5.695658720762313276e-01 5.806001467597931009e-01 5.891141147493675900e-01 5.903988023890591741e-01 5.946631337232858305e-01 5.892279818442293093e-01 5.914310413154293400e-01 5.898739184357782994e-01 5.933644235162373048e-01 5.865540345671274025e-01 5.922352148266012417e-01 5.924784328111258880e-01 5.866348669040104546e-01 5.806882547912880499e-01 5.634513887650444142e-01 5.613819542797691131e-01 5.845922931756967200e-01 5.766127598515615738e-01 5.741519491053975743e-01 5.965169396302536509e-01 6.030183074516526354e-01 5.951695755955088707e-01 5.866495043739480275e-01 6.012082605734136997e-01 5.918527971390735720e-01 5.925347445646690359e-01 5.944799695490663449e-01 5.884755594743176221e-01 5.801139474024517018e-01 5.815350801003612569e-01 5.817781699477585500e-01 5.890494219120592234e-01 5.937809282482909845e-01 5.870308070625744890e-01 5.870621839537356612e-01 5.903029065896149286e-01 5.969688021630897845e-01 5.972397322917025742e-01 5.973847311128709370e-01 5.908129136658716307e-01 5.895653973575588624e-01 5.920874476007531584e-01 5.867955463190090981e-01 5.981342424820393910e-01 5.886005364933950545e-01 5.933523237449465082e-01 5.960797438636379342e-01 5.909865047910047853e-01 5.975197553869079359e-01 5.927116858321069826e-01 5.957093486307385444e-01 5.952695910362533205e-01 5.932281429122713279e-01 5.931148214698873655e-01 5.932101211959255327e-01 5.938714299615268644e-01 5.925499832451427418e-01 5.949777801229835239e-01 5.970559179409056227e-01 5.941765090587477482e-01 5.954934048164703952e-01
7.882630077848309935e-02 1.568275200474055775e-01 3.722643889840360210e-01 5.426197681821358643e-01 4.535155368668312148e-01 5.205755813197128212e-01 1.000000000000000000e+00 7.101600045177995923e-01 6.961141499659996290e-01 6.705291985362912266e-01 7.376077894446053662e-01 7.783231140208246579e-01 6.801967336787250185e-01 6.805904662497428426e-01 8.450124933247634695e-01 7.905476393972997728e-01 6.626764186669297230e-01 5.613447450007659212e-01 5.988520155576293469e-01 4.337295263723085492e-01 4.609322308849850836e-01 6.151482067639296725e-01 5.766248101579648511e-01 5.882418872321921732e-01 6.089704786890497434e-01 7.198136175418067273e-01 7.402011783072729445e-01 7.405188033334828557e-01 6.725617144898775601e-01 6.608732580327001394e-01 7.406497152643134463e-01 7.140279815825000265e-01 6.686801577912446781e-01 6.850759441124808502e-01 6.294228601311754323e-01 7.389842281847405214e-01 7.249532318310101253e-01 7.632586385922234262e-01 7.735348869197267163e-01 7.599905768219148428e-01 7.848386356852355972e-01 8.002441936347639562e-01 8.057194682443836742e-01 8.062565102850804966e-01 7.902003974255754626e-01 7.928538164337824989e-01 7.740180612651185177e-01 7.774376090264438766e-01 7.679789075411840304e-01 7.412506224574565428e-01 7.841607548564587526e-01 7.403202019413254176e-01 7.744504744838199839e-01 7.769653831541083466e-01 7.581702687233333737e-01 7.549326763033336052e-01 7.666617454377768759e-01 7.925191170492538184e-01 7.791484224380971213e-01 7.849145025718509139e-01 7.849420345744191341e-01 7.850613978025939854e-01 7.861674021696849479e-01 7.809853880429965534e-01 7.644874398480265842e-01 7.767733478575208350e-01 7.753538128178850686e-01 7.696726233383882620e-01 7.608845223568123650e-01 7.298814664785986395e-01 7.469088024470671439e-01 7.767568645357486590e-01 7.538250273870688023e-01 7.590787086233993231e-01 7.945302238179521304e-01 7.922270741171537622e-01 7.916887217192893900e-01 7.732014015271330143e-01 7.994796520336071577e-01 7.602764055362283280e-01 7.620555310652050718e-01 7.871850208980857300e-01 7.690844689370547327e-01 7.537694123395545232e-01 7.673880893313014262e-01 7.623683288390419310e-01 7.780147931768646163e-01 7.874989696385223947e-01 7.824793911712145666e-01 7.788821651354366216e-01 7.856523507971663323e-01 7.950835800185011015e-01 7.931949474080042251e-01 7.951462155445003788e-01 7.755328076912663127e-01 7.759053812148783980e-01 7.816822496588617941e-01 7.594361031310293830e-01 7.834780003620949174e-01 7.821127061746216969e-01 7.913117404715472869e-01 7.826146645545046798e-01 7.807429674022323685e-01 7.904238390145024162e-01 7.868914485987200669e-01 7.788950152915539160e-01 7.750875530924133949e-01 7.782551037960194762e-01 7.810266824069108660e-01 7.810221033476592023e-01 7.842608767237159162e-01 7.809629279558881754e-01 7.825785026556056900e-01 7.804402383227584394e-01 7.743553820142825561e-01 7.766986503957620247e-01
5.686216508315181800e-02 1.247540648170903516e-01 3.193532932673092684e-01 5.071138466257006927e-01 4.334415996261038462e-01 4.600783114639721005e-01 7.101600045177995923e-01 1.000000000000000000e+00 6.698457214314882391e-01 6.326643282046694461e-01 6.884864711832640038e-01 7.286008203648790538e-01 6.519237361778952300e-01 6.435441634111126463e-01 7.695861769165930344e-01 7.681084651124765461e-01 6.193314601891841686e-01 5.566138634901779403e-01 5.535308653836980008e-01 4.272324415582712809e-01 4.653688848300407965e-01 5.617898219309590546e-01 5.240151678295772442e-01 5.804328173168656901e-01 5.389033951143775703e-01 6.461958908748788311e-01 6.653033191065712559e-01 6.603946606624615523e-01 6.110909932183362647e-01 6.134682781579570143e-01 6.508332926839406340e-01 6.835927146612921224e-01 6.357950191229874148e-01 6.729974625293086987e-01 6.137619668073627244e-01 6.665427754529733573e-01 6.593883403998725967e-01 7.280648106989693336e-01 7.374281381923074585e-01 6.947206384027764248e-01 7.383132320478853483e-01 7.464476658422054545e-01 7.527310067753721912e-01 7.590546600343491823e-01 7.201103442274034983e-01 7.411100183856389467e-01 7.459672006825487367e-01 7.428030324352250524e-01 7.438599754325847524e-01 7.261267992401400084e-01 7.577056759866168667e-01 7.109854068277169370e-01 7.457004161780940166e-01 7.415760467980805348e-01 7.266834590856461329e-01 7.014552261695864432e-01 7.416390922022889631e-01 7.541166003398819262e-01 7.497513646071800597e-01 7.540363759258930099e-01 7.571271843627158660e-01 7.517630780308031113e-01 7.541966574771928888e-01 7.532212763472568851e-01 7.308110959970585130e-01 7.442380545441755757e-01 7.407024070183981790e-01 7.392733318028842371e-01 7.324682431952557193e-01 7.115424641834674491e-01 7.146404965142374444e-01 7.289847694309778969e-01 7.306195318169533826e-01 7.173842090628695933e-01 7.427453482677227603e-01 7.414792052834074942e-01 7.400040085136032619e-01 7.238406426040411290e-01 7.444734022959753617e-01 7.220234662615793164e-01 7.154845557559301739e-01 7.272094605535197598e-01 7.267416870486711478e-01 7.203759092502740602e-01 7.426414700766894583e-01 7.343692281914953046e-01 7.253162830430741614e-01 7.527506689082162916e-01 7.441704442013254983e-01 7.310214339268573669e-01 7.369552293013054145e-01 7.534254673961782167e-01 7.427030127429451456e-01 7.492092988515292040e-01 7.447697335159207954e-01 7.437368778459617635e-01 7.544602539191435087e-01 7.455612714230767102e-01 7.574534501987717494e-01 7.568832029241493453e-01 7.567932025381874928e-01 7.593760347142658462e-01 7.498424206148187610e-01 7.560379748861237870e-01 7.504299147234356759e-01 7.486179655890854434e-01 7.494974900277979746e-01 7.450552490492743374e-01 7.456602000432759336e-01 7.492756031518745807e-01 7.527711387741894411e-01 7.496078191110077116e-01 7.479278123961048408e-01 7.502576665950032586e-01 7.375362777047848040e-01 7.447658626077650057e-01
2.016111757113352720e-01 2.085835011450447585e-01 3.980778343292461496e-01 5.708628352498428260e-01 4.311531173876887446e-01 5.270986135197621714e-01 6.961141499659996290e-01 6.698457214314882391e-01 1.000000000000000000e+00 7.561466350727009678e-01 8.050071716370759134e-01 8.197729333122020234e-01 7.153332074872809088e-01 7.181813598742969873e-01 8.221554966178297175e-01 8.070888544009796606e-01 7.822028165496412999e-01 6.685059761044327420e-01 6.327070162939549824e-01 5.536486390006769565e-01 5.755678375082619036e-01 6.737304159670536308e-01 6.257494245403726341e-01 6.421423573707748522e-01 6.210302400201557216e-01 7.763253250504156266e-01 8.006882570236334429e-01 7.975203756485034212e-01 7.108248591002755967e-01 7.509613488322415265e-01 8.034247187494643061e-01 8.104525525633710092e-01 7.391590227128292945e-01 7.598018869958862442e-01 7.173652329127960803e-01 7.775190043317251609e-01 7.924182963887638209e-01 8.275007830061489322e-01 8.414289184573996438e-01 7.981077591260600235e-01 8.607110628286557263e-01 8.551410396447935991e-01 8.325777943428174233e-01 8.581617714859827162e-01 8.501432440839933324e-01 8.486061944352017994e-01 8.538221799703100690e-01 8.651551203781069344e-01 8.566442280094885842e-01 8.206100763825238120e-01 8.528750514380645242e-01 7.890402236203176711e-01 8.458240169062556379e-01 8.620807730632809029e-01 8.264903835227608297e-01 8.142974852738910085e-01 8.471043058894863753e-01 8.541926734371164676e-01 8.492448721312112481e-01 8.668459544559852237e-01 8.562086974237820280e-01 8.508218763775999838e-01 8.433391007759460933e-01 8.580609997212712559e-01 8.644296586258577442e-01 8.751933842385803963e-01 8.637989769134178930e-01 8.553560614579758248e-01 8.481123879608762905e-01 8.468767647192034786e-01 8.304776869036323284e-01 8.482974907099201101e-01 8.336742818583203762e-01 8.218057814025987451e-01 8.666028233731924990e-01 8.684066769284743970e-01 8.627804425355822815e-01 8.386900259719477502e-01 8.583353784646594598e-01 8.556686300761615627e-01 8.527849116694891096e-01 8.637611551808965782e-01 8.530393497011213855e-01 8.407490924502756258e-01 8.490884714691414592e-01 8.429661766361553621e-01 8.526416640275564784e-01 8.592955668879561637e-01 8.578647599225535103e-01 8.463800029439477735e-01 8.545227305436730036e-01 8.641293375489231821e-01 8.656427237939895436e-01 8.634426884240021804e-01 8.575610896625073254e-01 8.585702333369257255e-01 8.518485597795905084e-01 8.653578024461484608e-01 8.639729930046970985e-01 8.671171652807441177e-01 8.570016653778319560e-01 8.624031322741285699e-01 8.624607167402248420e-01 8.652816778752301374e-01 8.663945273297483096e-01 8.659002325711157022e-01 8.684298330272548494e-01 8.593596835539254464e-01 8.509456691142814888e-01 8.640616883572395102e-01 8.587685981319326256e-01 8.656798163405124980e-01 8.596523164038430975e-01 8.674314080168854524e-01 8.686725064779424743e-01 8.738306605142797112e-01
1.146983473602588427e-01 1.791299102889236938e-01 3.016748743569239166e-01 4.829169468791708053e-01 3.623758213165521047e-01 4.969005569751949736e-01 6.705291985362912266e-01 6.326643282046694461e-01 7.561466350727009678e-01 1.000000000000000000e+00 7.211860863076903216e-01 7.488728754928229980e-01 6.531678407520110641e-01 6.799560407404406925e-01 7.786566075996790293e-01 7.608184868375037491e-01 7.089120135228220709e-01 5.800155005089574489e-01 5.866885991644488207e-01 4.471912159345641791e-01 4.496760532790584630e-01 5.883993450219486832e-01 6.167287627296939023e-01 5.950795908045546367e-01 5.772833550360496613e-01 7.296181281102935845e-01 7.282969281362191571e-01 7.336196273436298432e-01 6.787667571381240661e-01 6.822804117234309018e-01 7.305197631406976644e-01 7.634092595252534030e-01 6.981415522731267975e-01 7.105639826587563102e-01 6.716008387162124560e-01 7.231993007121670924e-01 7.293184517428537017e-01 7.774328346468930562e-01 7.753392433538355277e-01 7.570409114846217147e-01 8.047299787499160306e-01 8.002067570831512544e-01 7.675465832293446589e-01 7.944806406503592822e-01 7.818008651348474780e-01 7.873444394861708329e-01 7.968760346956907936e-01 8.102852206013166914e-01 7.922145447721044009e-01 7.479932107983316980e-01 7.852568215743908064e-01 6.910922072440660591e-01 7.624419525117176466e-01 8.079694295183605934e-01 7.777747999368248566e-01 7.762761067500849599e-01 7.712206214527839165e-01 7.974529124196806373e-01 7.939680093308536524e-01 7.992061779432351187e-01 7.796406763468584078e-01 7.940820698018081769e-01 7.846323398496073409e-01 7.873983888082431992e-01 7.864669184876751373e-01 7.916662578613026247e-01 8.061968291515895224e-01 7.987506868589553388e-01 8.006415640783481891e-01 7.598253171019766494e-01 7.536932092985673126e-01 7.854253611456241124e-01 7.824609116083213189e-01 7.671117037189574273e-01 8.112019327907934452e-01 8.066075378802242124e-01 8.089125925326561273e-01 7.914274263353129335e-01 7.988489973309500503e-01 7.885761103473925004e-01 7.868456474104053022e-01 7.979912742325564468e-01 8.043547479388796217e-01 7.856873247148803419e-01 7.905908875197614760e-01 7.901390741766257664e-01 7.966560966252042020e-01 8.079231085651478184e-01 8.035608415609761801e-01 8.043132562579079492e-01 8.068946278842332731e-01 8.083867593691057563e-01 8.053334810944886568e-01 8.063274027785701792e-01 8.007378030625240672e-01 8.048096568496443393e-01 7.791241244273765520e-01 7.780415707643275613e-01 7.914373952868990481e-01 8.028657458405875635e-01 7.949274795159538831e-01 7.941077257170756631e-01 7.929574050433046972e-01 8.044912146206590897e-01 7.909001752108708594e-01 7.952494612122106288e-01 8.026746671168519809e-01 8.080885716997407986e-01 8.032390986735293836e-01 8.062002605627346385e-01 8.069709775850513189e-01 8.033887717079311042e-01 8.035129333372987848e-01 7.981433886994013793e-01 7.998500097657889052e-01 7.996877050910258244e-01
9.931940154313227687e-02 1.538596895155726341e-01 4.116944493196472710e-01 6.124867722702893591e-01 4.408760883389788443e-01 5.437649928580255976e-01 7.376077894446053662e-01 6.884864711832640038e-01 8.050071716370759134e-01 7.211860863076903216e-01 1.000000000000000000e+00 8.736682701606779400e-01 7.425901879101115544e-01 7.438442818781427768e-01 8.635576768880094400e-01 8.364687033368871649e-01 7.783613056309990341e-01 6.718918792951915631e-01 6.703437721197289534e-01 5.292599245766512750e-01 5.715827108279710744e-01 6.996314526321427696e-01 6.625599243432414021e-01 6.763052569056167140e-01 6.662424870130153609e-01 8.087637930157784982e-01 8.329553241010752007e-01 8.147752534422044723e-01 7.318713571573672860e-01 7.849108196758362022e-01 8.427758656317704267e-01 8.229214968551656906e-01 7.632092123094549319e-01 7.904764824749019869e-01 7.503845211629319722e-01 8.181617143239287016e-01 8.353924074478467077e-01 8.539253391046099928e-01 8.710977473937778770e-01 8.424446279499806511e-01 8.905386201792485634e-01 8.825162275004170276e-01 8.814723854463106800e-01 8.891553311893611866e-01 8.848837752063547502e-01 8.868961428564219318e-01 8.821826915916326506e-01 8.861246233891373336e-01 8.723416810079401840e-01 8.334915681021966005e-01 8.766099531084728946e-01 8.195656240375129853e-01 8.711625382822095753e-01 8.823616630004509354e-01 8.569950866120238375e-01 8.527165676942302097e-01 8.610616857883962583e-01 8.861742272923960329e-01 8.790690341334607139e-01 8.905797836779716370e-01 8.792214615103447484e-01 8.851659683933030820e-01 8.744300341745501193e-01 8.802313266625320098e-01 8.782568469661167221e-01 8.913104171243750873e-01 8.875942455345571247e-01 8.810508802132595019e-01 8.734686921091618927e-01 8.600249326188770249e-01 8.615542206529901437e-01 8.836700844137936883e-01 8.638606430293089833e-01 8.658353618711852606e-01 8.986937202024278815e-01 8.975821699526950193e-01 8.911955128544643001e-01 8.627690539934418368e-01 8.945828336685371918e-01 8.879480537612512991e-01 8.848595850944604990e-01 9.004914895070963432e-01 8.770758188272079758e-01 8.726944283051443207e-01 8.720002539428919341e-01 8.735361532211582958e-01 8.905882814303405226e-01 8.876388416788463243e-01 8.874074158026595827e-01 8.799590908706016457e-01 8.886361267298185096e-01 8.938192611549959921e-01 9.000189488572396534e-01 8.976461243704662030e-01 8.864558795308973282e-01 8.861065240635876972e-01 8.753597264646193477e-01 8.675590775287773670e-01 8.834513144674939200e-01 8.878615789236841138e-01 8.901486776462940176e-01 8.854589062657167720e-01 8.891763856714249847e-01 8.941550749876944204e-01 8.926279802927542528e-01 8.838015830222503144e-01 8.854341105218856978e-01 8.887991519331218671e-01 8.845604523570482769e-01 8.892862763307590734e-01 8.889683441329894187e-01 8.904537690589948706e-01 8.906746168099031191e-01 8.880482400538426413e-01 8.908962272093768897e-01 8.937997688036145583e-01
7.632706471192178543e-02 1.261105058196905770e-01 4.138931170616506616e-01 6.658210636823047590e-01 4.576266332286815230e-01 5.710878762537442421e-01 7.783231140208246579e-01 7.286008203648790538e-01 8.197729333122020234e-01 7.488728754928229980e-01 8.736682701606779400e-01 1.000000000000000000e+00 7.732688430138083824e-01 7.709563359869737731e-01 9.016835803449456677e-01 8.836904491154536911e-01 8.007197438342640305e-01 6.805616782953413102e-01 6.735658055707640646e-01 5.633227536101125255e-01 5.785379054424508727e-01 6.961071179403590659e-01 6.607122755279269954e-01 7.009275572507561725e-01 6.608328594559245150e-01 8.177261327925212653e-01 8.343010711346510178e-01 8.189349908798188027e-01 7.466270921001246785e-01 7.784519229680828545e-01 8.423103639477584892e-01 8.438066741975103202e-01 7.735833435390606638e-01 8.113194235632316120e-01 7.626654160229756618e-01 8.314276467496993783e-01 8.391578480888460811e-01 8.780486184365914326e-01 8.955604961192897839e-01 8.564361969201582658e-01 9.159917732279564406e-01 9.038563869273031903e-01 9.146578241002850662e-01 9.247857026963881566e-01 9.025972384951266303e-01 9.153244238727419324e-01 9.156818611027942589e-01 9.154376946042005470e-01 9.059967849553864916e-01 8.762632976012614261e-01 9.159520405336427640e-01 8.612947629400765637e-01 9.125944097648962527e-01 9.121348790234428128e-01 8.901228390207707175e-01 8.779333891820855218e-01 9.033322677168157400e-01 9.176359087248701085e-01 9.153876575963100226e-01 9.217849706817842215e-01 9.185738048759053420e-01 9.203461629700555591e-01 9.141333874334416354e-01 9.183379316073015941e-01 9.097222872483179401e-01 9.244366391541432026e-01 9.155485195951945654e-01 9.045191117748525578e-01 9.011951319776527747e-01 8.906570072252336656e-01 8.839629020043218155e-01 9.037757191863978745e-01 8.907556523017787775e-01 8.877793758402093838e-01 9.215133510276072304e-01 9.210103185994370500e-01 9.159452961175361674e-01 8.884390259034867787e-01 9.182554142199230718e-01 9.077781349410063427e-01 9.027880232462230925e-01 9.172507954947967113e-01 9.018229318401104200e-01 8.962461008177047272e-01 9.039517991273398057e-01 9.014510241098796506e-01 9.105323330872160392e-01 9.169998520070905546e-01 9.127683500044869724e-01 9.057042993022621502e-01 9.073467008312122717e-01 9.227803365714093431e-01 9.235749083072087862e-01 9.256525934127520783e-01 9.164376980594004518e-01 9.154149131162701014e-01 9.146237336964168074e-01 9.101001986448910008e-01 9.220893586755791738e-01 9.231610299304735534e-01 9.249604925919360232e-01 9.241363170336307498e-01 9.225479911660589005e-01 9.287820659526417888e-01 9.275320499779051708e-01 9.161549366950236806e-01 9.195675450586109356e-01 9.169645149227062531e-01 9.161301154167074134e-01 9.201425074411224703e-01 9.211174816945391086e-01 9.218164357739502268e-01 9.215449772660870842e-01 9.210968185868898539e-01 9.212006866083870538e-01 9.265923634585722102e-01
-2.274411841454434396e-03 1.075074355418762367e-01 2.932277592884744988e-01 4.704673771625240142e-01 4.757612200502596700e-01 4.958858635165342421e-01 6.801967336787250185e-01 6.519237361778952300e-01 7.153332074872809088e-01 6.531678407520110641e-01 7.425901879101115544e-01 7.732688430138083824e-01 1.000000000000000000e+00 6.882934856047537853e-01 8.201295237235316504e-01 7.865214631842786241e-01 6.903944877527175006e-01 5.545194624062086408e-01 5.659109914390717533e-01 4.816601587659902761e-01 5.092543769120889685e-01 5.786268639994620600e-01 5.124169131199163285e-01 5.740784201963415878e-01 5.470086021239819463e-01 6.445108440858682286e-01 6.836594421495412188e-01 6.695289424502536280e-01 5.902330950623169148e-01 6.130161962765143802e-01 6.852260488037066333e-01 7.176263257757147240e-01 6.562867016694203803e-01 6.869911610440184724e-01 6.395441696114904095e-01 7.132767611324392076e-01 6.953016158236650091e-01 7.580663627325963105e-01 7.785963217604061626e-01 7.206136768760541544e-01 8.009941685618063856e-01 7.930316353564969001e-01 7.983948046247729691e-01 8.034482896575310118e-01 7.808444806162079255e-01 7.953690118379693752e-01 8.302906811957272426e-01 8.223844083362316093e-01 8.132835848797532741e-01 7.681478617489924110e-01 8.145362301579316400e-01 7.923121775529068378e-01 8.188629406274504641e-01 8.026898145740589685e-01 7.662552840671197352e-01 7.490361290121796412e-01 7.844518799013189270e-01 8.182025652354517620e-01 8.106568060525386477e-01 8.219572933052778918e-01 8.306843988078495000e-01 8.092022756396258787e-01 7.936410655054089158e-01 8.199330109789156884e-01 8.017895868899267420e-01 8.127166905329692437e-01 8.177793133155394356e-01 7.980926911842954885e-01 7.863382428097824839e-01 7.908708084606209665e-01 7.865655831997208081e-01 7.896092898172473173e-01 7.711802727732406382e-01 7.758801572364630861e-01 8.031635136847726786e-01 8.062465301805982199e-01 8.030544363979167377e-01 7.631596251226965277e-01 8.002730352115559054e-01 7.887049183450987044e-01 7.833903332794752705e-01 7.955401038623070020e-01 7.858742328574164215e-01 7.791363205739780806e-01 7.938846695702135303e-01 7.918931459188179867e-01 8.027420567629672821e-01 8.099195668685978955e-01 8.129113930299233237e-01 7.902339946938299331e-01 7.937452207646760183e-01 8.242447004965013369e-01 8.172941689666270992e-01 8.187788985477622017e-01 8.310287813195017526e-01 8.272518186294232079e-01 8.122866401962139937e-01 8.080886548095391753e-01 8.320119692466613204e-01 8.244144155657030515e-01 8.321523545747561146e-01 8.243244014112826035e-01 8.305083300259181733e-01 8.285194828780936271e-01 8.311110141111890393e-01 8.068278284818674040e-01 8.249623587726345741e-01 8.180553524747715688e-01 8.055146082133652907e-01 8.283177065144650131e-01 8.176289143199699794e-01 8.303308835937174281e-01 8.212255853432161024e-01 8.299077622834311052e-01 8.185985244240989722e-01 8.264139434175649113e-01
