1.000000000000000000e+00 1.417401686527768045e-01 4.511277647055723233e-02 7.459877029559223993e-02 6.445425545668950762e-02 -1.325060696931469433e-02 1.015782559616818931e-01 4.450114480545638851e-02 1.301343379622644514e-01 -9.856055348694738732e-03 3.336807970475193230e-02 4.034721623331238155e-02 2.696961289512219209e-02 -6.487321345991492287e-03 3.380147007022742817e-02 7.069033835755231254e-02 8.328174038085084385e-02 9.721383681210579719e-02 4.698268760945224082e-02 1.237896669181122455e-01 8.598619084230832432e-02 7.031292180389013546e-02 4.431101101334257442e-02 2.221666657694435290e-02 5.199688521643620193e-02 6.355822412159277401e-02 4.922313876508409292e-02 2.596961593046125810e-02 8.475414005276450669e-02 6.056852538140816006e-02 4.148636172273497541e-02 2.741664731445158168e-02 -1.334750082343635598e-03 3.082469717751494878e-02 2.277370113727075762e-02 3.018227586999599338e-02 2.109634787822368615e-02 -9.172295283280916534e-03 2.243960466252484590e-02 -4.140857684615776441e-02 2.690358456138891574e-02 -5.050363191844917977e-03 -1.064591590699616799e-02 3.170020709456652236e-02 1.155507090400638426e-02 1.330098056209264891e-02 9.161540927932646655e-03 1.752927193825362315e-02 2.727640041475431348e-02 2.347953974616133477e-02 3.442352824947903910e-03 4.626209695335515432e-02 2.881825776463690231e-02 3.096256921347459445e-02 1.662532131443680838e-02 2.573558945121687280e-04 5.778258398661750145e-02 1.330215443575549772e-02 9.211104936971149446e-03 4.862605226931921570e-02 2.307501605130388156e-02 3.565404951771056902e-02 2.565638238555303582e-02 4.517736010379960060e-02 7.317830956070664472e-02 6.693105128180165675e-02 2.458391510063060933e-02 1.568851217191817582e-02 2.996606443420354177e-02 3.897445231505732716e-02 2.103177125467791883e-02 2.279594193138691216e-02 2.144645899500236333e-02 2.617561798783544103e-03 2.978636918475801795e-02 1.777419459376096758e-02 1.273360879583680660e-02 4.456378988915384726e-02 2.403351225442786412e-02 2.591360743261673233e-02 1.398801843935457145e-02 2.137595395902887330e-02 3.583271388443820538e-02 1.661986315533031319e-02 1.622274645574515659e-02 1.916330990772402085e-02 8.711875959464102787e-03 5.334343945749438903e-03 8.434196859257409723e-03 2.203369326963798905e-02 -6.992393746588001016e-03 6.372296611702794704e-03 1.071908910185989661e-02 1.771627572958260491e-03 3.187170197489453630e-03 1.272379134065396329e-02 7.960666242644917970e-03 4.802051906917959717e-02 1.764441023187948016e-02 1.091994378765558278e-02 4.401657470020333210e-03 1.488497557013476399e-02 2.481006676535108327e-02 1.249910198780271667e-02 2.723593728655325161e-02 3.081534011985253077e-02 2.439508489406263039e-02 1.047552310708103028e-02 9.424448726205195137e-03 1.213011084077077542e-02 1.448612446953269697e-02 2.415416471099379736e-02 2.326101160441865906e-02 3.114536990918082698e-02 4.477246492169827813e-02 3.566937025835906910e-02
1.417401686527768045e-01 1.000000000000000000e+00 9.811060804493512699e-02 1.008330812483810013e-01 5.171724681802295637e-02 6.934423632874044119e-02 1.925537808223301839e-01 1.174255211305650776e-01 1.831291576570518997e-01 1.558467452501074990e-01 1.546607510563865751e-01 1.493093123625177931e-01 1.262609391211376997e-01 1.289413927648359326e-01 1.625148490343039653e-01 1.744019786967504759e-01 1.751886586324904460e-01 1.892167070667395423e-01 1.740643207559090244e-01 1.506172194639981976e-01 1.495976096978020031e-01 1.650986744007419960e-01 1.972605390998321828e-01 1.803853694748208114e-01 1.829866184603570478e-01 1.994762789918088086e-01 1.910189860638611403e-01 2.056218608220832522e-01 2.359037238434407990e-01 2.081821785069480346e-01 1.932571357710611559e-01 1.718457691539084509e-01 1.789529128825118609e-01 1.762111653887192264e-01 1.803863575681153852e-01 1.486820717241792988e-01 1.825589677018756574e-01 1.699844828069397851e-01 1.696285908550110577e-01 1.545915489629805517e-01 1.737235584765641216e-01 1.610978479281895415e-01 1.398786029402468989e-01 1.619706445535786243e-01 1.492775740277445251e-01 1.726450398861973656e-01 1.526321621086314528e-01 1.619053749970622291e-01 1.641075637772314855e-01 1.463067200592947370e-01 1.514371786319732016e-01 8.983891614167079098e-02 1.267974924077265864e-01 1.707216386048470147e-01 1.555256976321148510e-01 1.702130099112904582e-01 1.674422143738587831e-01 1.537418546231125172e-01 1.648396493097276372e-01 1.614127289099268614e-01 1.437901834375041876e-01 1.659962933318127887e-01 1.604568465632588148e-01 1.602215138363886904e-01 1.484764477548825845e-01 1.542741635981861037e-01 1.576667152827076201e-01 1.535131447232098156e-01 1.716365147137276781e-01 1.602507030827946544e-01 1.557390491600845472e-01 1.532155074448544596e-01 1.634973468862541690e-01 1.595702274441100632e-01 1.708760093116678813e-01 1.641158797742680309e-01 1.678925846243002618e-01 1.901751068655357368e-01 1.720189462053028362e-01 1.676026120172920963e-01 1.641487223811555207e-01 1.693700712935091446e-01 1.618488824743537779e-01 1.667621127144500170e-01 1.581760257408723336e-01 1.588884541100653303e-01 1.612724033009458047e-01 1.550021430684198342e-01 1.584144004299176400e-01 1.545572336353274734e-01 1.590544328001936292e-01 1.525603752475639674e-01 1.558084154122950926e-01 1.562574096989427230e-01 1.505052931072886624e-01 1.578643076406321122e-01 1.341736251238569433e-01 1.468706735696025945e-01 1.507489034030084774e-01 1.495453195620835285e-01 1.410048385587858444e-01 1.455531980372977430e-01 1.434215814503715658e-01 1.461831415160900483e-01 1.318558766322258380e-01 1.568745960282794671e-01 1.546625991783028287e-01 1.542511117909277085e-01 1.540686835305562774e-01 1.535762301999525070e-01 1.579158644298443992e-01 1.495299714293193416e-01 1.586843532965917236e-01 1.481632067380614926e-01 1.429488877952579395e-01 1.528472135706471224e-01
4.511277647055723233e-02 9.811060804493512699e-02 1.000000000000000000e+00 2.861832459197098943e-01 1.217721874376864188e-01 9.547940602348697903e-02 2.714189217792424280e-01 2.058037494474083406e-01 2.484922353457376942e-01 2.078596046209804926e-01 2.818096002339374184e-01 2.998510909597144614e-01 2.178025697569389851e-01 2.411674019069401376e-01 2.833875869463268748e-01 3.061336173458806820e-01 3.083554704769241317e-01 3.012603196073013745e-01 3.121230977237049453e-01 2.506339141496539691e-01 2.882329756617313388e-01 2.989127944368311085e-01 3.141916962339192931e-01 2.964521517399012485e-01 3.279198333045005298e-01 2.836884418562088950e-01 2.943837958269153732e-01 3.017479866766243912e-01 3.222663947225275494e-01 3.160713137599610034e-01 3.037638937761470981e-01 3.327169809862618455e-01 3.509380679654726665e-01 3.264548641469704471e-01 3.271274656375686707e-01 3.188324198240580776e-01 2.968404749434022660e-01 3.237320507878531095e-01 3.199852919841406074e-01 3.252766812178918276e-01 3.122659208667515895e-01 2.931555178388488003e-01 3.078320780660605549e-01 3.132281134048974236e-01 2.958808504925453664e-01 3.089629510790506961e-01 2.858289913991954867e-01 2.787785152932314992e-01 3.097619219012269220e-01 3.399552533759951922e-01 3.237424044089599606e-01 2.816454022127197754e-01 2.921804237067283094e-01 2.765536919622075263e-01 2.962040940684020351e-01 3.164042207174690979e-01 3.115926075589669497e-01 2.921329815432178734e-01 3.000634024457189963e-01 2.799257728834491643e-01 2.974413739895154785e-01 2.914325332989821105e-01 2.926963644606379034e-01 3.006791249071617544e-01 2.858046245601174040e-01 2.806217556665606683e-01 2.851760856146782763e-01 2.796642307881662681e-01 3.088501283553841126e-01 2.963900406853920977e-01 2.863203575919384125e-01 2.900384925104628753e-01 3.013441708436399025e-01 2.905799988558163682e-01 2.999673572899996254e-01 2.862143396119122274e-01 2.998481856351131181e-01 3.110686071391210450e-01 3.006928466997360605e-01 2.933027408034405425e-01 2.813573659750848721e-01 2.891329540078789728e-01 3.146409052399770645e-01 2.953420478762611712e-01 3.084739473271572718e-01 2.982560214857764569e-01 2.968825558155814837e-01 3.011823576377353207e-01 2.856523027169474704e-01 3.049395131212265797e-01 3.076605353830649814e-01 2.888983639037221995e-01 2.884163005251337841e-01 2.873880776763190203e-01 2.757175631620140677e-01 2.801998664691113805e-01 2.994472513112060863e-01 2.923373307137491772e-01 2.877448244279841583e-01 2.979223131416237069e-01 2.938432719292803363e-01 2.854279093787817079e-01 2.821220599633103010e-01 2.843874505051054435e-01 2.837351606735025733e-01 2.819759500279561681e-01 2.908590838507252863e-01 2.818469295334966596e-01 2.881373119998447696e-01 2.818860360384342623e-01 2.835038251385725849e-01 2.672996687421864137e-01 2.737319448038924019e-01 2.848379967649350974e-01 2.832999271014182696e-01 2.734729944142753610e-01
7.459877029559223993e-02 1.008330812483810013e-01 2.861832459197098943e-01 1.000000000000000000e+00 2.419171382758444344e-01 2.697733683938003946e-01 4.595093789760535397e-01 4.531948850416329111e-01 4.431000030202295048e-01 3.619784866114674204e-01 4.768940105619716707e-01 5.378361440489071166e-01 4.372485714824775327e-01 4.249026669184237104e-01 5.050585529982516420e-01 5.202579795397741513e-01 4.943112804931436566e-01 5.064339444301487747e-01 5.024968969401060193e-01 4.916226020525560902e-01 5.373305807699341186e-01 5.257433103406514707e-01 4.783298953441142976e-01 4.783847224033018763e-01 5.134254236786758296e-01 5.206403667190724338e-01 5.051877933257675757e-01 4.867794459593665080e-01 4.921904444580555982e-01 5.161628309351318222e-01 5.390446528349622790e-01 5.283630411789600467e-01 4.794661538798902778e-01 5.143133311351071324e-01 4.982804967109720207e-01 5.155381879444429494e-01 5.081831515549760647e-01 5.127879357631636159e-01 5.204858389180371248e-01 4.936494534338775053e-01 5.230159527709435929e-01 5.197096348778217356e-01 5.153387885070137564e-01 5.254890120369098971e-01 5.183515295590874761e-01 5.077509753571083362e-01 5.108368337726643116e-01 5.042827458866567802e-01 5.220976493505596894e-01 5.303792206372994755e-01 5.224630309553498497e-01 5.133854271217800358e-01 5.208036543491493253e-01 5.025684967001929904e-01 5.082368102449806857e-01 5.188650217549237720e-01 5.270339531244467857e-01 5.144113723637571134e-01 5.173122376098457931e-01 5.233608598493402209e-01 5.282457931621283853e-01 5.098642930220548264e-01 5.159744068576209708e-01 5.216379722186673673e-01 5.283987875416658042e-01 5.176192744730730988e-01 5.120993174660551928e-01 5.107431671101085868e-01 5.277519582079919225e-01 5.354101756094503672e-01 5.218832088978191397e-01 5.172612821139217498e-01 5.167041716607078117e-01 5.045057088502215015e-01 5.279360750161958826e-01 5.118778711932501224e-01 5.183928659094398927e-01 5.178072572481869917e-01 5.150364256686800202e-01 5.197436911134988291e-01 5.095639566411400700e-01 5.226826478854392777e-01 5.400107769528962320e-01 5.191957966927139845e-01 5.355236045811840873e-01 5.246992205928534547e-01 5.195619654676941757e-01 5.236453579498471234e-01 5.124827085470545773e-01 5.299069584505474717e-01 5.243318929155413866e-01 5.188982457819402150e-01 5.227883584644592574e-01 5.143740980599051937e-01 5.066559997563869766e-01 5.096547195365516147e-01 5.363376414440169659e-01 5.348499299911955163e-01 5.244091151179414156e-01 5.267004226864826499e-01 5.230425335666331055e-01 5.268754619409293793e-01 5.225029533131455572e-01 5.201266618806946740e-01 5.260988036893563535e-01 5.201090625051053573e-01 5.277248767683441200e-01 5.101826034550709377e-01 5.161633454475951233e-01 5.134502641901537157e-01 5.179457360515228315e-01 5.096837094585107142e-01 5.070103598119313215e-01 5.208677161541953593e-01 5.230596083192454726e-01 5.134935833834960439e-01
6.445425545668950762e-02 5.171724681802295637e-02 1.217721874376864188e-01 2.419171382758444344e-01 1.000000000000000000e+00 1.910051056625956256e-01 3.726804706440504655e-01 3.644729334775212992e-01 3.665852334103348320e-01 2.984678352046583050e-01 3.616892596703934482e-01 3.964453837133407044e-01 3.829720875024019699e-01 3.444344591551233847e-01 4.058454724063568775e-01 4.004456681973352916e-01 3.722511955221691204e-01 3.644305631575079918e-01 3.758275364703320687e-01 3.416156657671317598e-01 3.885497480644785062e-01 3.928881116710525867e-01 3.392667359362598334e-01 3.295675756822616931e-01 3.824994237693074561e-01 3.860324526568806314e-01 3.781465261905156972e-01 3.850846779271294706e-01 3.901252816211003838e-01 4.108157193341151481e-01 4.066474780238326647e-01 3.700294562358381056e-01 3.572182227866136373e-01 3.528375025085499495e-01 3.844329081364722955e-01 3.855920061165693524e-01 3.964353768701855962e-01 3.768062723593284535e-01 4.056842111657951722e-01 3.613632934847388900e-01 4.059379879995718143e-01 4.035775024601370720e-01 3.997401326301925906e-01 4.193820610804724347e-01 4.112223747467402268e-01 3.988974108318457668e-01 4.134025396147282816e-01 4.069422275035559644e-01 3.947197157399927603e-01 3.825897219547741979e-01 3.926397975953652697e-01 4.181284146757427989e-01 4.299164648845924530e-01 4.053281815649652509e-01 3.963585853963809691e-01 3.936264716193401125e-01 3.965104926689961284e-01 4.161023666312770319e-01 3.884660905203853876e-01 4.279472938084321609e-01 4.172932967210851163e-01 4.070219909264400915e-01 3.989891502551222158e-01 4.127121616013487149e-01 4.323966905263202376e-01 4.234081320985479957e-01 4.104964117619335218e-01 4.087781947314593767e-01 4.074193157322578140e-01 4.124727668641732237e-01 4.098906394414699172e-01 4.141372870228163250e-01 3.935285353890226046e-01 4.019610942422339739e-01 4.189773698259291468e-01 4.147885347126996081e-01 4.144703777239432951e-01 4.199717672740023722e-01 4.104524877661623883e-01 4.156596475012857006e-01 4.129069348754182411e-01 4.127474447123908874e-01 4.055330008880543291e-01 4.066291859296507494e-01 3.992329283631971260e-01 3.961979989716026274e-01 4.080580068217199430e-01 4.039808789334490280e-01 4.077037111786190327e-01 4.115280829619727410e-01 4.011167393899717215e-01 4.149226121708720072e-01 4.156341608573970170e-01 4.088049021492834445e-01 4.130259618116697840e-01 4.136753450538664945e-01 4.106452122835287932e-01 4.175066096173669083e-01 4.194383367323317735e-01 4.121921347807715463e-01 4.183240735960117029e-01 4.132068011347493353e-01 4.239330206566613302e-01 4.235879548279593565e-01 4.282559537590048260e-01 4.138924167820491884e-01 4.148457686402208799e-01 4.164708507466504117e-01 4.125311065722810366e-01 4.143412741659547871e-01 4.099269912419393758e-01 4.222907747431313696e-01 4.123166638271946183e-01 4.226533250629410099e-01 4.270958377241703130e-01 4.205842517882459330e-01
-1.325060696931469433e-02 6.934423632874044119e-02 9.547940602348697903e-02 2.697733683938003946e-01 1.910051056625956256e-01 1.000000000000000000e+00 4.032995100379602738e-01 3.811024935015206450e-01 4.257958227142226715e-01 4.230097719027757774e-01 4.361934466740362559e-01 4.719556707876965129e-01 4.150580507463166313e-01 4.167832050928543808e-01 4.865075278012488402e-01 4.615737058857088959e-01 4.459742861910991896e-01 4.659822379148151894e-01 4.746450139042299732e-01 4.004422241192878151e-01 4.561263834025822139e-01 4.745278793307838860e-01 4.387995064901946685e-01 4.660407835145095601e-01 4.707728597255553815e-01 4.896053838068911146e-01 4.669915220309355242e-01 4.649627766381211891e-01 4.277898533540576698e-01 4.835939255087665645e-01 5.111772101487270792e-01 4.811231507733750301e-01 4.480350609165795195e-01 4.759539790224880940e-01 4.719739714692881005e-01 4.670385016909775477e-01 5.008026867001522664e-01 4.912262928695963482e-01 4.954606854887126377e-01 4.619023378674453340e-01 5.031142405430770737e-01 5.023714650910044988e-01 4.917902293897437604e-01 5.049465547004711174e-01 5.029223485300498009e-01 4.973761621673323807e-01 5.120219633688017913e-01 5.131140892912933182e-01 5.065344975420424944e-01 4.825010172849270029e-01 4.980743923333990630e-01 4.609142012065669536e-01 4.883725783641734153e-01 5.110894665038574480e-01 5.068084037941700259e-01 5.026848236183020235e-01 4.878239626017139008e-01 5.059998485535613932e-01 5.073961645414273303e-01 5.098075414694986929e-01 5.120041808333518629e-01 5.051985569862544878e-01 4.994541298387893402e-01 4.992070680044649045e-01 4.897077127664805629e-01 5.016280114082165564e-01 5.130872797137691066e-01 5.193996730925350969e-01 5.111255379859693804e-01 5.124953719196181368e-01 5.189836706476144146e-01 5.188504433248900538e-01 5.125549587658345674e-01 5.170728443117525996e-01 5.146593593200627925e-01 5.112606664953643909e-01 5.100052483027521788e-01 4.952195850629751983e-01 5.123447451139193642e-01 5.106417307655501947e-01 5.147070441213569270e-01 5.169337422566980811e-01 5.033056145838133988e-01 5.097634055166464506e-01 5.097031137901300024e-01 5.109720929138675816e-01 5.108170916070470247e-01 5.156785543072032185e-01 5.119967256941023726e-01 5.146749126124559037e-01 5.095219905120740300e-01 5.159689148603739950e-01 5.139384275285848735e-01 5.140435735188206845e-01 5.169168813174159771e-01 5.187386609556218220e-01 5.060089501836785297e-01 5.076713789051763293e-01 5.118963178257618374e-01 5.148831171273966500e-01 5.111272279381647854e-01 5.155831362702326670e-01 5.130943125381532965e-01 5.177500052288347421e-01 5.078627165802832577e-01 5.137475119095094023e-01 5.166664847254694992e-01 5.150679351204410228e-01 5.185192834752857527e-01 5.162793103038829656e-01 5.126158989317368686e-01 5.179051523078421759e-01 5.170677932243094022e-01 5.115560139229963221e-01 5.089317704249738394e-01 5.135752965794612157e-01
1.015782559616818931e-01 1.925537808223301839e-01 2.714189217792424280e-01 4.595093789760535397e-01 3.726804706440504655e-01 4.032995100379602738e-01 1.000000000000000000e+00 6.096143095895060204e-01 6.582508728682417987e-01 5.925814221002498883e-01 6.549661989102073534e-01 7.227867414673991853e-01 6.098985991098645476e-01 6.447109299387454584e-01 7.735942816505795294e-01 7.415514235947135990e-01 7.061401862375481508e-01 7.217850399946007522e-01 7.264333246519881770e-01 6.459277776224000567e-01 7.145053936499125014e-01 7.375571439869816892e-01 6.921945026719100724e-01 6.985336090033507084e-01 7.534406864667808623e-01 7.540124500396957474e-01 7.373086306469374129e-01 7.275643664776186847e-01 7.368277571884068733e-01 7.604733203328369884e-01 7.689388253133208062e-01 7.228540150528126595e-01 6.740378326365425998e-01 7.159320820275820729e-01 7.144053305616862026e-01 7.173916483032665159e-01 7.491056900202218705e-01 7.266071666322990730e-01 7.555772181985533908e-01 6.997595935318384752e-01 7.581480582272488444e-01 7.525921896877788564e-01 7.397649075512527928e-01 7.671190193721362238e-01 7.483733864837716077e-01 7.595938782016778967e-01 7.502976238395567821e-01 7.480729507335633910e-01 7.491975584502402752e-01 7.218326770044152241e-01 7.347739798786631082e-01 7.125817256495015073e-01 7.473876612661638497e-01 7.484746696047223091e-01 7.428759465426402198e-01 7.465006920774623911e-01 7.458778719031038396e-01 7.553650151146890090e-01 7.377466118344518931e-01 7.593676853069609711e-01 7.599217718226207730e-01 7.494301409395091040e-01 7.387446388245431095e-01 7.548782682328177840e-01 7.529655177446678005e-01 7.513771779211549928e-01 7.531761872609765707e-01 7.563965730774708796e-01 7.610589624580235135e-01 7.622531602560593811e-01 7.584736460889801579e-01 7.589592754510231520e-01 7.537031399131141063e-01 7.538127870651625262e-01 7.709222737060006381e-01 7.582472038463143882e-01 7.679171216978335490e-01 7.682670791757769679e-01 7.674961512752568327e-01 7.600135679373998254e-01 7.545243195316567730e-01 7.600195165334185932e-01 7.551813870928969497e-01 7.566930843449296562e-01 7.536829918435691278e-01 7.552531653066884010e-01 7.564632236603433535e-01 7.594128624934307625e-01 7.556397735213264966e-01 7.592592681178278458e-01 7.559245872671966904e-01 7.614782106363758851e-01 7.602768096208544213e-01 7.618544485669253019e-01 7.476724200707823842e-01 7.533668524218094520e-01 7.495468429385102604e-01 7.559111696113858248e-01 7.590746094214390061e-01 7.554706393898815708e-01 7.583465416761261402e-01 7.519010061241427900e-01 7.566235435827600719e-01 7.602075907625230888e-01 7.555071747285700967e-01 7.538380735728391624e-01 7.562887205967191440e-01 7.541253200163765547e-01 7.566303727325299766e-01 7.523747234751689827e-01 7.498090799538627005e-01 7.519588300928976565e-01 7.473282793324531603e-01 7.589521213535718180e-01 7.578941384841605400e-01 7.519936148269069642e-01
4.450114480545638851e-02 1.174255211305650776e-01 2.058037494474083406e-01 4.531948850416329111e-01 3.644729334775212992e-01 3.811024935015206450e-01 6.096143095895060204e-01 1.000000000000000000e+00 6.287726619286068130e-01 5.451765256846092811e-01 6.176626735662043011e-01 6.769594354910126732e-01 5.878118529529378078e-01 6.092727564118247674e-01 7.003064434274659522e-01 6.959355473248749480e-01 6.764690596953207846e-01 6.685858175881100873e-01 6.815923034366222488e-01 5.955821989481278056e-01 6.746548101008974507e-01 7.095198913361643323e-01 6.301041019738200522e-01 6.469654739767394247e-01 6.893406650618844056e-01 6.799993281269369749e-01 6.687364972781232320e-01 6.596264138149456890e-01 6.361602139003984524e-01 6.968258324128393522e-01 7.103891270229597543e-01 6.882019998440953579e-01 6.331776708797217657e-01 6.774165792240328665e-01 6.800378925515691009e-01 6.803821234817998276e-01 6.998597253806958518e-01 6.954689735458110533e-01 7.108568810432998042e-01 6.496007618498834679e-01 7.101890931227667902e-01 7.157065719932391712e-01 6.930715764985008187e-01 7.226471573273869353e-01 7.138955433844850207e-01 7.016903911399122729e-01 7.176006517439497134e-01 7.133848551733669163e-01 7.091086657008092153e-01 6.925522035965347989e-01 7.076181427489041109e-01 6.912795710795346382e-01 7.086831750571276345e-01 7.068480596977122499e-01 7.060591293690661185e-01 7.018247213244349636e-01 6.987552069522289244e-01 7.221952931328601277e-01 7.081258137499495398e-01 7.227531023129796228e-01 7.256865779577541531e-01 7.104444552587944051e-01 7.073199513893271284e-01 7.157982389338748419e-01 7.239648874136188628e-01 7.174265904287573381e-01 7.222686913975335798e-01 7.225094813079169231e-01 7.206649682271770718e-01 7.224864802745821768e-01 7.261455414775362938e-01 7.259539897216140680e-01 7.160402921756846562e-01 7.144682085808228278e-01 7.241193556003631127e-01 7.171628484999227338e-01 7.181682075843837110e-01 7.115352541652542051e-01 7.176309278214834109e-01 7.215736793242731872e-01 7.206031995335812068e-01 7.198714381996813572e-01 7.255112879001522908e-01 7.208966026313943232e-01 7.251421003703814039e-01 7.232545456282701846e-01 7.190375186548443320e-01 7.255761039069956730e-01 7.223510098786892764e-01 7.240863888582573793e-01 7.124436736935386705e-01 7.250714357901368867e-01 7.241340282217457736e-01 7.231499516673689509e-01 7.159364518117922183e-01 7.197184896712104374e-01 7.244035432675148822e-01 7.308263812210296084e-01 7.296118140908487426e-01 7.268936244000629987e-01 7.228507771053636066e-01 7.272563124225046582e-01 7.282642242002962396e-01 7.289346067777403571e-01 7.287603559636296469e-01 7.207772469902283818e-01 7.260879372191640924e-01 7.213886518309572393e-01 7.204026901630291579e-01 7.237606216433097872e-01 7.239092537717995990e-01 7.214654814907039970e-01 7.170822471969324763e-01 7.294511389764891662e-01 7.293542516085053107e-01 7.219501303172191076e-01
1.301343379622644514e-01 1.831291576570518997e-01 2.484922353457376942e-01 4.431000030202295048e-01 3.665852334103348320e-01 4.257958227142226715e-01 6.582508728682417987e-01 6.287726619286068130e-01 1.000000000000000000e+00 6.701505777409225706e-01 7.178273294110456559e-01 7.674036310027809726e-01 6.996415308848399350e-01 7.050266816849578566e-01 8.064049212199311256e-01 7.922821725991622266e-01 7.751409026898785637e-01 7.798295627707346744e-01 7.865485134967795666e-01 6.784915201355156134e-01 7.780686979078340615e-01 8.042290263863272060e-01 7.250694141390510161e-01 7.337276659867995043e-01 7.986791501007360905e-01 8.014471007934844682e-01 7.867166629303840031e-01 7.648616024663512647e-01 7.855649795273668134e-01 8.209318546699064800e-01 8.233288608078460635e-01 7.747805939774801143e-01 7.130975833212479520e-01 7.619437275326002013e-01 7.754470189715898520e-01 7.589688051795348001e-01 8.075599493876867152e-01 7.843605160706692558e-01 8.210084808257059885e-01 7.171278539840255650e-01 8.146364369144073470e-01 8.003702467144883093e-01 7.772971410991983410e-01 8.270591162458071910e-01 8.040803430349106051e-01 8.168459168224687650e-01 8.341170159692610220e-01 8.371282901047728542e-01 8.325836275576141698e-01 7.807073369082804248e-01 7.987287817280084301e-01 7.636071684321210640e-01 8.091896841234991200e-01 8.428598836267378047e-01 8.204007292525887785e-01 8.071347530401934423e-01 8.257080889861680983e-01 8.288672527057254769e-01 8.209567776847601639e-01 8.516877795445230159e-01 8.276896542929107481e-01 8.436008606743791161e-01 8.240447964316539586e-01 8.410169479941381754e-01 8.462635355576615392e-01 8.466210443104127403e-01 8.375242146936545673e-01 8.302862693028868479e-01 8.258612980188149155e-01 8.358047399764719776e-01 8.348052357548289004e-01 8.377376535978581229e-01 8.202425963666231112e-01 8.206366933631292770e-01 8.398773705706353843e-01 8.314886371142035104e-01 8.238659622449368003e-01 8.411756812891627577e-01 8.289095183938619549e-01 8.414838114195574148e-01 8.320277391005983514e-01 8.333886219408909168e-01 8.254836783924214272e-01 8.240922826751100327e-01 8.119611356489722098e-01 8.200279284916912603e-01 8.195984538014957632e-01 8.171995327303374079e-01 8.263785601610690312e-01 8.263041443934834307e-01 7.963775544610631751e-01 8.237880912929524957e-01 8.250629514476357507e-01 8.236207500869998643e-01 8.282584712206855215e-01 8.338776772590150710e-01 7.977398017696397670e-01 8.355712684420451009e-01 8.272702090553275545e-01 8.196864297669415045e-01 8.153992953130718702e-01 8.240355464711661693e-01 8.339681811350567742e-01 8.291661256481903663e-01 8.314930528757039641e-01 8.334661915846375280e-01 8.323068097124275422e-01 8.330368905610778807e-01 8.293182884215252182e-01 8.358212424667413876e-01 8.285086153593406166e-01 8.414595752904993065e-01 8.370441051802761656e-01 8.401986173853941420e-01 8.448087453111765566e-01 8.448903611022096083e-01
-9.856055348694738732e-03 1.558467452501074990e-01 2.078596046209804926e-01 3.619784866114674204e-01 2.984678352046583050e-01 4.230097719027757774e-01 5.925814221002498883e-01 5.451765256846092811e-01 6.701505777409225706e-01 1.000000000000000000e+00 6.606757324791499020e-01 7.018082068534818863e-01 6.189995092655478093e-01 6.507329660458400777e-01 7.592033271109979164e-01 6.922456854642032864e-01 6.852563045560341459e-01 6.912169575032748314e-01 7.248832319537424906e-01 5.606416933821738446e-01 6.446144255150643154e-01 6.753586855116308074e-01 6.798031001784154981e-01 7.102030237294706394e-01 6.985112193286576732e-01 7.283732445839211644e-01 7.352230834556469086e-01 7.336677097201002029e-01 7.141578781025866851e-01 7.648535890999179632e-01 7.738262314081801874e-01 7.476943965247946355e-01 7.001932014513776448e-01 7.342755047424792680e-01 7.300597889269507812e-01 6.900048442413234673e-01 7.646872804952192793e-01 7.649571836631821053e-01 7.653898794445721521e-01 7.168902549409575942e-01 7.695452585298625525e-01 7.679912646145461430e-01 7.409260387555324234e-01 7.612140959256509243e-01 7.610832637425104519e-01 7.775916943711013163e-01 7.854643993717279615e-01 7.997887152824973978e-01 7.719266673219938868e-01 7.120722890632411595e-01 7.507893772265565868e-01 6.430606788158268472e-01 7.191368725691029695e-01 7.917894532565996624e-01 7.724010185303216147e-01 7.682316382820764122e-01 7.318378870844599593e-01 7.752516783217615615e-01 7.723309749948245040e-01 7.746436240410136120e-01 7.605251393502375779e-01 7.720161463737555962e-01 7.543447308238343529e-01 7.618785780748121850e-01 7.356678923575286078e-01 7.530014076394715428e-01 7.888075841776870378e-01 7.921804198070254710e-01 7.894597936387146575e-01 7.754920805301992459e-01 7.781953779112893432e-01 7.854130169092011782e-01 7.874457359008384394e-01 7.843897909791412992e-01 7.888536848481434438e-01 7.938039995111363378e-01 7.872500606071025642e-01 7.786700959936786459e-01 7.893253273366950262e-01 7.934681917882447921e-01 7.950799467950897537e-01 7.956008562986089938e-01 7.705735377118965168e-01 7.877355953027005420e-01 7.684718797661297396e-01 7.807321678435361623e-01 7.884464506798690708e-01 7.852726898856816629e-01 7.921209564702889061e-01 7.770142235771311245e-01 7.784428402216199139e-01 7.918832633434986779e-01 7.879632608878200939e-01 7.899987935783567838e-01 7.949995360737541761e-01 7.960608903602207631e-01 7.482565589307723641e-01 7.532410005447973678e-01 7.752321786483680199e-01 7.747802358395017297e-01 7.716683716443288876e-01 7.695459059626181819e-01 7.685011838928070826e-01 7.788101949315852091e-01 7.566593980528940611e-01 7.725129810302917566e-01 7.812445336352183967e-01 7.947030806713480944e-01 7.909848364875206039e-01 7.894139511173982049e-01 7.828644741043871980e-01 7.885522655365572176e-01 7.885866410155384365e-01 7.740529984353449189e-01 7.698291083508531640e-01 7.797981611511364264e-01
3.336807970475193230e-02 1.546607510563865751e-01 2.818096002339374184e-01 4.768940105619716707e-01 3.616892596703934482e-01 4.361934466740362559e-01 6.549661989102073534e-01 6.176626735662043011e-01 7.178273294110456559e-01 6.606757324791499020e-01 1.000000000000000000e+00 7.955703643901805844e-01 6.679268766727535223e-01 6.930095668022931976e-01 7.959390182787715595e-01 7.824875705129212822e-01 7.544585894040146679e-01 7.483309873359611508e-01 7.724435015100556967e-01 6.374934941476557704e-01 7.244849712957395216e-01 7.765802500467855474e-01 7.389848911519324437e-01 7.422915679929119603e-01 7.834711037394457289e-01 7.778939998188606486e-01 7.750243023106473395e-01 7.685247347624446501e-01 7.594169364286327273e-01 8.096891928651849257e-01 8.174649877972121059e-01 7.999303344026897911e-01 7.588731171669425013e-01 7.938171625173170431e-01 7.881990427657254994e-01 7.873423381203153992e-01 8.114123139776254767e-01 8.103119947353025765e-01 8.278681598536435926e-01 7.691416339623677878e-01 8.196112680971983089e-01 8.111224219244655975e-01 8.045561632854113521e-01 8.236329043700537644e-01 8.156277110295376831e-01 8.229413459985179813e-01 8.313047875511546669e-01 8.264364907586260189e-01 8.297451178266997962e-01 7.955201607018392851e-01 8.177477124689942478e-01 7.538119867981893929e-01 7.981324401680685021e-01 8.215070719412326250e-01 8.208080814215134025e-01 8.233026363816597915e-01 8.137491016149438483e-01 8.247945426358782584e-01 8.212554154321630717e-01 8.268784230590738860e-01 8.280635327401574264e-01 8.298082668279924690e-01 8.171665146226874121e-01 8.315756532847278226e-01 8.201349007636079547e-01 8.204075733963834827e-01 8.311431701344914602e-01 8.290796672647142707e-01 8.308894306199187119e-01 8.234059080835690603e-01 8.252799912619303013e-01 8.322766487266090030e-01 8.272824053911248532e-01 8.254744727700296103e-01 8.336407971281704077e-01 8.303919182415003819e-01 8.278829868442807438e-01 8.272397410734729783e-01 8.291209371909576964e-01 8.347398268533047228e-01 8.317525452727485558e-01 8.310060316789340540e-01 8.344981294572881847e-01 8.299610175262398526e-01 8.266430514851900169e-01 8.335164887727625205e-01 8.343636129395357592e-01 8.315330454304700192e-01 8.348138525960295819e-01 8.304806201403492905e-01 8.222698048390636449e-01 8.296882448552123090e-01 8.322184026235134313e-01 8.312646186391824399e-01 8.293256185719801721e-01 8.326723886512006345e-01 8.196790976693808517e-01 8.265061878281373398e-01 8.320940997133094985e-01 8.272303873869066848e-01 8.278662970003033417e-01 8.283898082205236602e-01 8.258781732159893307e-01 8.301477631220142150e-01 8.277356683650261004e-01 8.289676793118295750e-01 8.331948320213777848e-01 8.319601666692184594e-01 8.316867619100098974e-01 8.320935524994077515e-01 8.307232064864507048e-01 8.296217297017437486e-01 8.287942704568426189e-01 8.350420102224095364e-01 8.305180646234782138e-01 8.308696282954771695e-01
4.034721623331238155e-02 1.493093123625177931e-01 2.998510909597144614e-01 5.378361440489071166e-01 3.964453837133407044e-01 4.719556707876965129e-01 7.227867414673991853e-01 6.769594354910126732e-01 7.674036310027809726e-01 7.018082068534818863e-01 7.955703643901805844e-01 1.000000000000000000e+00 7.403478837482311281e-01 7.570480112717224985e-01 8.768481678502133558e-01 8.591898118902938641e-01 8.308976487207924144e-01 8.280151447695874856e-01 8.412503867470921826e-01 7.232816079681010368e-01 8.264484886647219808e-01 8.557597077160876697e-01 8.123811554572815119e-01 8.122240459730289963e-01 8.597713501080992415e-01 8.561271830935502924e-01 8.547885168293071212e-01 8.479413097025531032e-01 8.306138820156732105e-01 8.822724957510272858e-01 8.992913215631167523e-01 8.675240742427162699e-01 8.170789840414517391e-01 8.522896147828123992e-01 8.597157978242782050e-01 8.591654692855552611e-01 8.820380810349988110e-01 8.817170781210534880e-01 8.986125284302083349e-01 8.452715974817271993e-01 8.950973808083508843e-01 8.959982413833134096e-01 8.914456183857807359e-01 9.055422544277189623e-01 8.974008013626082469e-01 8.950491576195414023e-01 9.042025435637268682e-01 9.013810705487659281e-01 9.029206385996172424e-01 8.713026549106472896e-01 8.930960476244664825e-01 8.470000881622183897e-01 8.843256688569035573e-01 8.957181238240621290e-01 8.967766304594612103e-01 8.984926985286281198e-01 8.898913899236229330e-01 9.044798057152440007e-01 8.987103642900485800e-01 9.043274430559418153e-01 9.100824780454768170e-01 9.020369595604210700e-01 8.942922153783282591e-01 9.022933033568023564e-01 8.958898122361902416e-01 8.955886937822788996e-01 9.060712465641815871e-01 9.056217277378421082e-01 9.072440636728033025e-01 9.080472490487577764e-01 9.095555511698104612e-01 9.086689953591041702e-01 8.993221458699169890e-01 9.005882863828061913e-01 9.109536820453555395e-01 9.061119361748257717e-01 9.070439020743689129e-01 9.014367076524761879e-01 9.050624909352477099e-01 9.102252794309771966e-01 9.041548288808830547e-01 9.100402225840026338e-01 9.094945244220484781e-01 9.047012009068546856e-01 9.017863509648204046e-01 9.050373654365496678e-01 9.088767016237444540e-01 9.105003473137601722e-01 9.082793948905700798e-01 9.100945648935309107e-01 9.040700886926891222e-01 9.092474435285581302e-01 9.092631590802506825e-01 9.084102639868218976e-01 9.031499629069925650e-01 9.081993686345505301e-01 8.999904652587039644e-01 9.041951573645262696e-01 9.091006362157817433e-01 9.083961121182692056e-01 9.105967566505314137e-01 9.076658667660656432e-01 9.046373590107847917e-01 9.101389292223033278e-01 9.078168416320189227e-01 9.045296953242705218e-01 9.089028181719598365e-01 9.067984630367699195e-01 9.080370156122212766e-01 9.084404074973977394e-01 9.081249878839829925e-01 9.049417326152648933e-01 9.038070242945853705e-01 9.095699681951706639e-01 9.075288489918170720e-01 9.065325046836691936e-01
2.696961289512219209e-02 1.262609391211376997e-01 2.178025697569389851e-01 4.372485714824775327e-01 3.829720875024019699e-01 4.150580507463166313e-01 6.098985991098645476e-01 5.878118529529378078e-01 6.996415308848399350e-01 6.189995092655478093e-01 6.679268766727535223e-01 7.403478837482311281e-01 1.000000000000000000e+00 6.723898708494344678e-01 7.673561105295930718e-01 7.410479620325759464e-01 7.048594522067108681e-01 7.057580221495438622e-01 7.291889004282681164e-01 6.227027043259466543e-01 7.137349957430237923e-01 7.459702690873932784e-01 6.884303319135401944e-01 6.902306599313542401e-01 7.347119335582454891e-01 7.491321894197234821e-01 7.377908868257119224e-01 7.320791302624289898e-01 7.103624898071146943e-01 7.628966619027797158e-01 7.754834882833429033e-01 7.292098288685207041e-01 6.829975270831795120e-01 7.132162771534822365e-01 7.425312315394273499e-01 7.191514221204934332e-01 7.696714129169485163e-01 7.410610952064461410e-01 7.717216931596773133e-01 7.027942614713998948e-01 7.794035319208061363e-01 7.723403599990525947e-01 7.566867326899218149e-01 7.879601527021530272e-01 7.777072853560246246e-01 7.762673734643906753e-01 7.880875060935385035e-01 7.889015620507929816e-01 7.695832438854247615e-01 7.215950130363593118e-01 7.502881091241805356e-01 7.315718762490517335e-01 7.741295487132380249e-01 7.869982878148816807e-01 7.701799068976759033e-01 7.676611246854819770e-01 7.529791118756697932e-01 7.909410321139371813e-01 7.621518335020432966e-01 7.995696669424035008e-01 7.828627937584762275e-01 7.838171474772506198e-01 7.625682169335894489e-01 7.737353239149009632e-01 7.814789473639317530e-01 7.836873135694986114e-01 7.920710249933359259e-01 7.891420580562268361e-01 7.813704239443131083e-01 7.886183036547290692e-01 7.933204254182211201e-01 7.929793048582838288e-01 7.736289007929318950e-01 7.845563395465400269e-01 7.932939338219388015e-01 7.897938784158178294e-01 7.850948781907262086e-01 7.814844303974894935e-01 7.853603402968766245e-01 7.901714563344237607e-01 7.858157711380158172e-01 7.898754834585330897e-01 7.776340332082214424e-01 7.804896632318423233e-01 7.712197623782000022e-01 7.775686402038515244e-01 7.850285293078090865e-01 7.811694355634000164e-01 7.887613243910333027e-01 7.864935602990273944e-01 7.733125129960507493e-01 7.899222599373998399e-01 7.888523838408408873e-01 7.881575358666517150e-01 7.907946772379615963e-01 7.929983879732703800e-01 7.628036765045073109e-01 7.776088141119286146e-01 7.862304228679707352e-01 7.808196938919925723e-01 7.859663291841492150e-01 7.794801370794124384e-01 7.920100311174579355e-01 7.932142780400874837e-01 7.907462558617793791e-01 7.843963355484874223e-01 7.846705428248949010e-01 7.922461803867770769e-01 7.891297774455682257e-01 7.961438356491128410e-01 7.892625215516894110e-01 7.995756593985960947e-01 7.909157494847142145e-01 7.899400744771435390e-01 7.948584587549899494e-01 7.972830041005817270e-01
