1.000000000000000000e+00 1.378793962177683463e-01 1.615874549079114320e-01 1.544987098230921584e-02 -3.090240683153305107e-02 -2.508487825393210593e-03 1.271416295090215150e-02 1.838582026421476875e-02 1.828846843909678610e-01 8.237370227899125374e-02 4.366425427707539692e-02 9.139960525958472012e-03 -2.703828309913660407e-03 -4.658757867099305033e-03 4.261244154842086171e-03 2.644843055822455533e-02 1.244704213056560677e-01 1.325687467899224481e-01 1.161232575830901947e-01 7.508328375438968853e-03 1.730339469305984257e-01 1.513065063952207245e-01 1.188701987102512431e-01 9.811938559286483008e-02 1.048035462031705750e-01 1.039798982054578880e-01 6.914059705331519756e-02 7.628096903601901124e-02 1.292533880540672475e-01 1.397668801915565862e-01 9.728634209275187350e-02 4.953114112846133260e-02 6.532906843261264418e-02 5.493085706723024181e-02 6.816296342173838729e-02 1.973541704042383604e-02 4.615481097995624560e-02 4.091247795949418120e-02 4.829780346382249456e-02 -1.616689446848991116e-02 2.656994931632937137e-02 2.836495995142541277e-02 -1.407120159428620551e-02 9.920014966878255847e-03 3.339095190605616270e-02 4.128636622867117717e-02 9.496204835230309671e-03 3.071952987909635363e-02 3.386496703688014059e-02 2.875776793760595126e-02 7.128670038742640318e-03 -1.649901447250828879e-02 1.589744216631016824e-02 6.533126141269637865e-02 7.116662775401667862e-02 5.287266557023594105e-02 5.834351917369369478e-02 2.216657697781586334e-02 2.751608857865939922e-02 3.337163177414485815e-02 1.505371928703476588e-02 3.027278151432977182e-02 2.940831627410416330e-02 3.302811816815475615e-02 7.062758752386087691e-02 4.652318327086400751e-02 3.358662109077677899e-02 3.620630562432362864e-02 3.298490002771307245e-02 2.265637128662243566e-02 6.685667582248359941e-02 4.688409925517498383e-02 3.488054665792925113e-02 4.122657573775789092e-02 3.828798591869627538e-02 2.722443731992619381e-02 2.338075389810382113e-02 3.822510642953214771e-02 3.103153423059490379e-02 5.233702532007541292e-02 4.432083461812348635e-02 3.834735671545445174e-02 4.114603514164918985e-02 3.885441309363745627e-02 1.014545799492528114e-02 2.340406528729474869e-02 8.900657225262936095e-03 -3.879407440802189969e-03 1.064531866544354312e-02 2.074947472101571280e-02 -6.952080230888930609e-03 5.758682011597134921e-03 4.674590393822016833e-03 1.211276133043361417e-02 2.766967081348562386e-03 1.391996624444547317e-02 -1.616826982644295127e-02 3.426507389206927962e-02 -5.946734718780048896e-03 -1.037916434112034526e-02 -1.853070868113013137e-02 2.434670445211855119e-03 6.705518972138412026e-03 4.017719382411626995e-03 1.177785966606200926e-02 1.804336592304337655e-02 2.545129989971803286e-02 2.079599973172685176e-02 1.476643128081436308e-02 1.638446923758414900e-02 -4.288137817275976412e-04 1.407341210259180179e-02 5.512178882853059278e-03 1.283907027404891654e-02 4.197382386201396753e-02 2.933033641382532669e-02
1.378793962177683463e-01 1.000000000000000000e+00 7.800425935373936359e-02 1.472096096132882205e-02 2.933668948297284140e-02 7.358378539483406700e-02 1.461120157904021999e-01 1.140190188277739602e-01 1.996553587897811621e-01 2.139444286045700527e-01 1.256119718852173883e-01 1.103224025263500746e-01 1.191443652995612668e-01 1.340667598920370907e-01 1.520844174888184297e-01 1.343364176040822699e-01 1.767455233545120463e-01 1.201374850545138540e-01 1.532782348794637650e-01 5.248907315978318389e-02 7.818409749000909681e-02 1.210438325433280948e-01 1.352071993728323762e-01 1.018664090941558686e-01 1.129851891704931055e-01 1.806057723153319250e-01 1.383946505006365957e-01 1.475953050382614873e-01 1.735750424444870432e-01 1.797855921699980930e-01 1.687068625792159382e-01 1.495469991865534809e-01 1.391765386357808609e-01 1.373218824305000307e-01 1.620970546035036541e-01 1.357515159551770101e-01 1.446541068280416398e-01 1.618585409244251150e-01 1.486391642888295062e-01 1.235189023701509375e-01 1.460690243071370298e-01 1.399111900078652548e-01 1.146896145817143525e-01 1.414560672207436920e-01 1.370343503093609250e-01 1.503290913400487649e-01 1.534837921274880002e-01 1.660789602218362138e-01 1.581681531971168564e-01 1.283086700019744342e-01 1.451515242304926290e-01 7.413824738891160171e-02 1.275528123973047878e-01 1.829716121061210343e-01 1.817659259738891586e-01 1.627557293692410700e-01 1.627745078549557023e-01 1.525102579750912124e-01 1.722403324439404637e-01 1.597403429871432634e-01 1.526552665664521746e-01 1.681104647444882083e-01 1.604908769637372334e-01 1.700049593259312375e-01 1.521003056050118096e-01 1.510664273094029786e-01 1.580206233965903984e-01 1.476594228766608119e-01 1.529353817116908543e-01 1.398322912326672440e-01 1.308515346528086321e-01 1.444964254173556062e-01 1.397251966665720158e-01 1.377151169273324871e-01 1.632899139551939327e-01 1.518822924708827238e-01 1.517512191720179759e-01 1.587984588941114550e-01 1.557655088460026260e-01 1.646787281989327834e-01 1.576464620514737291e-01 1.594400718355745428e-01 1.576175725861357069e-01 1.609392994423528289e-01 1.351270147453920711e-01 1.449312647517655983e-01 1.432237230455171428e-01 1.387104987681243018e-01 1.442002849135964326e-01 1.636546394272421490e-01 1.345228389225714971e-01 1.427783828014768941e-01 1.352138033293243391e-01 1.401988884557009152e-01 1.458142267768102462e-01 1.590100060235294654e-01 1.250269476603004803e-01 1.343211224161113271e-01 1.365797820800170592e-01 1.335199133382601044e-01 1.272836212619047891e-01 1.382297245517723205e-01 1.320947039945593593e-01 1.381813873050201924e-01 1.295551968968053635e-01 1.468423801527962702e-01 1.535505513442191328e-01 1.579377837633419435e-01 1.567473926006226481e-01 1.540107663844613728e-01 1.493825754524346350e-01 1.481445743036788609e-01 1.504474750332469302e-01 1.518313827972079255e-01 1.496631910286004563e-01 1.448477426947038516e-01
1.615874549079114320e-01 7.800425935373936359e-02 1.000000000000000000e+00 3.792622107505276841e-01 2.356150603575631886e-01 2.318812792956531643e-01 3.141613344692352205e-01 3.088878128913917775e-01 3.526300908880861118e-01 2.833963005320205286e-01 3.772569198896355558e-01 3.812173748612404656e-01 3.238876863151289864e-01 2.835312880018994730e-01 3.501997043032565315e-01 3.615463411574997843e-01 3.224479602804419254e-01 4.154925638587882442e-01 4.182519843827939288e-01 2.424268051482814379e-01 4.200794142596231961e-01 4.395301731202808648e-01 4.347239571724628160e-01 4.286530945079370380e-01 4.467756267641477819e-01 3.902150447505668418e-01 4.179387046059648281e-01 4.119346472151211302e-01 4.446514672416684855e-01 4.471563891126918988e-01 4.341610287605480734e-01 3.884777645472812235e-01 3.874572827335206471e-01 3.909412839073556634e-01 3.809420820336004709e-01 3.451810965035665424e-01 3.902185946235028347e-01 3.718005700013302661e-01 3.826847286886388977e-01 3.582962425584152455e-01 3.678452884943028134e-01 3.710060175202798405e-01 3.590037204645127877e-01 3.625539251271818197e-01 3.922574448881262499e-01 3.869049656052603314e-01 3.361573848334796222e-01 3.499490289142022648e-01 3.601856825264776463e-01 3.482895508304347798e-01 3.383181492633001719e-01 3.384729302849511234e-01 3.514135520665979673e-01 3.564184613913592425e-01 3.698290695244415560e-01 3.798842497127903894e-01 3.516784906693880552e-01 3.453684491662447065e-01 3.456306203083612250e-01 3.390872938389682401e-01 3.522291588248510075e-01 3.478400359736014136e-01 3.531985982788824474e-01 3.528237046628595608e-01 3.590313892362475001e-01 3.561297753567386759e-01 3.574445526897121472e-01 3.862214759097180594e-01 3.804391882544784220e-01 3.600362498873167505e-01 4.134248006661905284e-01 3.894871911382843388e-01 3.907308998138058764e-01 4.016992506680949204e-01 3.727943144009200349e-01 3.753789953622149733e-01 3.765992775038467522e-01 3.812370207356909346e-01 3.910556760069963111e-01 3.875327917316662707e-01 3.824919670568117658e-01 3.779134400183318809e-01 3.688897759368794937e-01 3.704043695725279250e-01 3.589529077633310528e-01 3.698853838022452822e-01 3.593030540792908067e-01 3.540948391074374424e-01 3.592571154763704588e-01 3.512559191416223525e-01 3.605630381389883787e-01 3.579799723064372996e-01 3.649296758569970933e-01 3.682524507977695816e-01 3.425749029811543944e-01 3.470731256132389420e-01 3.454661687176430185e-01 3.513954610983942017e-01 3.378318854951194439e-01 3.458184251965419898e-01 3.445616265058508709e-01 3.432401773187451210e-01 3.558485801705935092e-01 3.556934590789645467e-01 3.505645696144223944e-01 3.327289616126287153e-01 3.554977739904690015e-01 3.499299434907497397e-01 3.558202391645645113e-01 3.493388939440327245e-01 3.466698834499132298e-01 3.489925675647410630e-01 3.453456516720929681e-01 3.495202205905069692e-01 3.533184528627353327e-01 3.497771922764837393e-01
1.544987098230921584e-02 1.472096096132882205e-02 3.792622107505276841e-01 1.000000000000000000e+00 3.671020020727185362e-01 3.628985572679668259e-01 4.801424273365663686e-01 5.439280352030234633e-01 5.013677747935865181e-01 4.087861582477583799e-01 5.753950291811679163e-01 6.418735104139049463e-01 5.532568883682597027e-01 5.062317570821341928e-01 5.604481172616413431e-01 5.878577649898071300e-01 4.917360942092846021e-01 5.562801291659991154e-01 5.597479788618039409e-01 4.953443791825646869e-01 5.674575954346632312e-01 5.978918803873872756e-01 5.673069063034432702e-01 5.850954275085961109e-01 6.176135785315272075e-01 5.490880400154547480e-01 5.959985277605500675e-01 5.844457988916643698e-01 5.846786394465290915e-01 5.901886704810266338e-01 5.989197576426814607e-01 5.935394077016202807e-01 5.585289179016408312e-01 5.855050805510225720e-01 5.687143323404759698e-01 5.868666864502234404e-01 5.948197142069214793e-01 5.526332575822175963e-01 5.813820484443177339e-01 5.929769131634171631e-01 5.824189087859585889e-01 5.805850555402827240e-01 6.014469323348482499e-01 5.819081240442192104e-01 6.194384427593195852e-01 5.831583986623585236e-01 5.646314893138031366e-01 5.638814914322658467e-01 5.714543320946794402e-01 5.800188637833350036e-01 5.618644828181124096e-01 6.198977330862170954e-01 6.064657775197828116e-01 5.528512574281998493e-01 5.513476764406728403e-01 5.769483299838822354e-01 5.707367387637047873e-01 5.661818354448407975e-01 5.493741566232017703e-01 5.653479461075230361e-01 5.755301875228232555e-01 5.583292955753479392e-01 5.650998595133235325e-01 5.587634848042879465e-01 5.782410955799126562e-01 5.834830775141296444e-01 5.727848797003477488e-01 5.945779449503105774e-01 5.806536560922186396e-01 5.996465629116694007e-01 6.182493193469781323e-01 5.992216787569668579e-01 5.954664686349184777e-01 6.092293185115313925e-01 5.864844388439678369e-01 5.909743202271919849e-01 5.863819990177848718e-01 5.885400140914055500e-01 5.905509424103598803e-01 5.816639673207709693e-01 5.861814272144048044e-01 5.812662740981890952e-01 5.795898126459865241e-01 5.691600361391822016e-01 5.795017910987370069e-01 5.812794507411309652e-01 5.911646782463259031e-01 5.809744969196821707e-01 5.807091217640077963e-01 5.729750813427608724e-01 5.919535109679656681e-01 5.873906123826977410e-01 6.009462062389396841e-01 5.908850409048171937e-01 5.739054210370254649e-01 5.692237815151973690e-01 5.956254378813257144e-01 5.866541627724963792e-01 5.811634942845609331e-01 5.874900948727710404e-01 5.910927345091402385e-01 5.855144254903331680e-01 6.004027322486588103e-01 5.876056223886881869e-01 5.981022746875841456e-01 5.764245773389774508e-01 5.799573651188003609e-01 5.675984439009699178e-01 5.769295054738552420e-01 5.754597288095850693e-01 5.775968978681890187e-01 5.785595237835101656e-01 5.750481514686490714e-01 5.782863132742580570e-01 5.808497038081215091e-01 5.832236109019115489e-01
-3.090240683153305107e-02 2.933668948297284140e-02 2.356150603575631886e-01 3.671020020727185362e-01 1.000000000000000000e+00 2.959379672824979379e-01 4.466812445573513646e-01 4.690563992784112513e-01 3.847045434973884737e-01 3.478739555886720680e-01 4.215622246838623965e-01 4.635493610972513667e-01 4.771745165061297977e-01 4.176359107783668145e-01 4.824752484573486266e-01 4.838442979058479865e-01 3.706046121552216133e-01 4.193746009481263415e-01 4.266731265523063810e-01 3.920633002638839182e-01 4.240082480902293560e-01 4.372008742900686529e-01 4.083641155133519440e-01 4.263154082975613712e-01 4.503417692209966128e-01 4.520871475794526750e-01 4.427883777883167005e-01 4.461648361371913785e-01 4.485404563861614680e-01 4.203541538445604853e-01 4.529812228784375616e-01 4.526718972809447017e-01 4.138772138943023760e-01 4.398200130156165177e-01 4.356303948889501676e-01 4.527740485134914006e-01 4.642905770040651192e-01 4.430395845948534306e-01 4.667845371768794549e-01 4.544443752495826438e-01 4.757897241533639021e-01 4.673152579860430644e-01 4.974998373169547961e-01 4.759312723511780474e-01 4.797614183338536620e-01 4.707838004879858484e-01 4.570170984687796367e-01 4.611051271997536616e-01 4.443570549228014754e-01 4.426123400716161504e-01 4.439846098021011378e-01 4.821727682768975343e-01 4.735371715474605003e-01 4.468392511565311698e-01 4.465360856909296183e-01 4.619895828486791922e-01 4.309311130176676219e-01 4.581455870017018817e-01 4.340565488927869975e-01 4.564723921763330083e-01 4.599180376438352091e-01 4.489780100500731508e-01 4.480958396082534434e-01 4.418848065762199240e-01 4.491311679173448090e-01 4.596034394005955037e-01 4.623408143696390304e-01 4.725588906980860426e-01 4.568879097558594671e-01 4.755736129350551789e-01 4.834812654576911006e-01 4.712734110826211076e-01 4.634362548219493338e-01 4.756386246352741209e-01 4.689829349242721213e-01 4.676038447207644388e-01 4.743460691565227205e-01 4.683737963806200444e-01 4.713287336462770316e-01 4.544398369462264720e-01 4.619481766881819440e-01 4.645753923765665871e-01 4.579450885530826909e-01 4.547218408418324809e-01 4.693485161797966154e-01 4.634644641490614503e-01 4.727872392026113424e-01 4.708734530223328552e-01 4.698083094516550262e-01 4.691503034073424838e-01 4.708876660505150746e-01 4.781991421753300497e-01 4.798370868973233505e-01 4.784356999920520437e-01 4.657483444153845409e-01 4.639840089987223859e-01 4.750353014052000611e-01 4.628109124840111277e-01 4.759657055422991112e-01 4.749636827971286945e-01 4.862401589090930010e-01 4.724794527950304524e-01 4.782386350089036786e-01 4.800922892625402727e-01 4.772166948632339811e-01 4.561356768790062466e-01 4.624432355872811207e-01 4.679566882072633827e-01 4.707706390648535022e-01 4.666135044948207522e-01 4.680357767399799807e-01 4.698170049520238867e-01 4.640767444216134519e-01 4.665434990125655879e-01 4.559916270757487511e-01 4.663772976895242395e-01
-2.508487825393210593e-03 7.358378539483406700e-02 2.318812792956531643e-01 3.628985572679668259e-01 2.959379672824979379e-01 1.000000000000000000e+00 5.152385716650115244e-01 4.989810644252334337e-01 4.973553310849992415e-01 4.649091675764502885e-01 5.350978777198728276e-01 5.600703432885958399e-01 5.272427058873199179e-01 5.187634720442741987e-01 5.847885631177184296e-01 5.818163365920699936e-01 5.212458764164020764e-01 4.621860590164362792e-01 5.028945317650667102e-01 3.818952763997856548e-01 4.263525715827298779e-01 4.841655001401160563e-01 4.715869710596964359e-01 4.512402861572386015e-01 4.895570627367086813e-01 5.443766974687218596e-01 5.594995099672096517e-01 5.667220184485785017e-01 5.448562810543209345e-01 5.337300298765389472e-01 5.705878460444838707e-01 5.615803834707581155e-01 5.450616941963766227e-01 5.652892948923760041e-01 5.680070243427778331e-01 5.766421776465072702e-01 5.849692453227943734e-01 5.890548454919720678e-01 5.956684835188538196e-01 5.735784313069337559e-01 5.926944899676889200e-01 6.014383121193135340e-01 5.911382294348094257e-01 5.991173465772374751e-01 5.923483901476147562e-01 5.991084482964933455e-01 5.945995896407544334e-01 5.915625008751895786e-01 5.798935139944606521e-01 5.750587719708101231e-01 5.884265819009071308e-01 5.632712752589659200e-01 5.857276204089080229e-01 5.784971580469507879e-01 5.714679166638333419e-01 5.924329820750935394e-01 5.620979031779274049e-01 5.977332537084795172e-01 5.858187991991296029e-01 5.902771220271927355e-01 5.869056877800710170e-01 5.874663419384003049e-01 5.822620524759258842e-01 5.814577183992818421e-01 5.840093076750615397e-01 5.806345683214748643e-01 5.941695472566773661e-01 5.889261787375694723e-01 5.846958197744371866e-01 5.819771413119625425e-01 5.802455860095362405e-01 5.887773126091511156e-01 5.787656427836760376e-01 5.865480018010315044e-01 5.927629379868016857e-01 5.956733063008693430e-01 6.005933375211052194e-01 5.938991960109870627e-01 5.946105249103751378e-01 5.902664676347854078e-01 5.969292772236063360e-01 5.952892115258469063e-01 5.932356037156297779e-01 5.936136592579566162e-01 5.976446616769838238e-01 5.969060994052045599e-01 5.982691750440851663e-01 6.019170507870545972e-01 5.993940764811023225e-01 5.964856909731194312e-01 5.996619595814280945e-01 6.047188735972536255e-01 6.007391617590512878e-01 6.050005325361280661e-01 5.986724185474746607e-01 5.979526078807677614e-01 5.879924977674427788e-01 5.843174442008864933e-01 5.865032350553297524e-01 5.994995936130108616e-01 6.000113085565428328e-01 5.897662357318975701e-01 5.941070743479309746e-01 6.011384124710607013e-01 5.954755942034942739e-01 5.844151747438630640e-01 5.940226478123842302e-01 5.978741858249769781e-01 5.957669023370646411e-01 5.968735524220925015e-01 5.963457198854895669e-01 5.969534844826674957e-01 5.957104453641836050e-01 5.964921591050184047e-01 5.897621174524169119e-01 5.917051333626097698e-01
1.271416295090215150e-02 1.461120157904021999e-01 3.141613344692352205e-01 4.801424273365663686e-01 4.466812445573513646e-01 5.152385716650115244e-01 1.000000000000000000e+00 6.901924780406164528e-01 6.618865476548744242e-01 6.188019712839087916e-01 7.012859765636055842e-01 7.359267460260429106e-01 6.897095185691453079e-01 6.797216669857860660e-01 8.259331247364501971e-01 7.743589545917105577e-01 6.578751981393002879e-01 6.513956423600277823e-01 6.788239729149759816e-01 5.437038181558028205e-01 5.807434018214009397e-01 6.357251831105154016e-01 6.521465982495203706e-01 6.564450536898704947e-01 6.570906863357760530e-01 7.247024237623769238e-01 7.267580439564115258e-01 7.751009026733681750e-01 7.489447158484943134e-01 7.183880265132990273e-01 7.635337161567955500e-01 7.549801935501111450e-01 7.476268414490548908e-01 7.553955441408805038e-01 7.578404525776605283e-01 7.344528057727310877e-01 7.533666523215643007e-01 7.719557460626398360e-01 7.856394455363810980e-01 7.552249676429323433e-01 7.729330139925457699e-01 7.856552134997275560e-01 7.814937102517025558e-01 7.864233755358143174e-01 7.691709507869850526e-01 7.892438052161331319e-01 7.631408682019065193e-01 7.672499517115913825e-01 7.442584177174698112e-01 7.331719849779180231e-01 7.579424795328133513e-01 7.133635165689641289e-01 7.463275347702560403e-01 7.460624407937102021e-01 7.421036917525787313e-01 7.640704102612444482e-01 7.122045890088114506e-01 7.623012364400366669e-01 7.467418345099527954e-01 7.513044630320461215e-01 7.540104003551522105e-01 7.506385145621852217e-01 7.516533915639223018e-01 7.452425725366811360e-01 7.361012352434899153e-01 7.391783054840017630e-01 7.671185923107979310e-01 7.698913296299082498e-01 7.678274312360749976e-01 7.643324474468301544e-01 7.494954341853722335e-01 7.587261949310266651e-01 7.707068720725632760e-01 7.612164246771847553e-01 7.720879701210808799e-01 7.700850768828736426e-01 7.920035861662554355e-01 7.849569616852546394e-01 7.930900309027169026e-01 7.627237644253939131e-01 7.727370467694908429e-01 7.735048717067036783e-01 7.712674871943611121e-01 7.750883595489629352e-01 7.742062458676384207e-01 7.763469968616680816e-01 7.676167243493340342e-01 7.881139857761397804e-01 7.826506223741683810e-01 7.725687995154123522e-01 7.841806238169125587e-01 7.871624430220021118e-01 7.764420189349550139e-01 7.848844960771367285e-01 7.667857122758362509e-01 7.677058478644926964e-01 7.586393344396710203e-01 7.398474902419708288e-01 7.598018570759592638e-01 7.752064712956953096e-01 7.805345819703437549e-01 7.624355274301017893e-01 7.598437973223171049e-01 7.753694145366787360e-01 7.571915154477506515e-01 7.409912233936505332e-01 7.589170976109073097e-01 7.716484034413717552e-01 7.712646970556760184e-01 7.688982035807950810e-01 7.685549569152333449e-01 7.627928597029333124e-01 7.642192417326822973e-01 7.667946515154892007e-01 7.531540904673990067e-01 7.537464371580518963e-01
1.838582026421476875e-02 1.140190188277739602e-01 3.088878128913917775e-01 5.439280352030234633e-01 4.690563992784112513e-01 4.989810644252334337e-01 6.901924780406164528e-01 1.000000000000000000e+00 6.992273659792614948e-01 6.451552957634201224e-01 7.365223756031219482e-01 7.879938952369284211e-01 7.402870177225135961e-01 7.266958018488987037e-01 8.028135403822429517e-01 8.181700290839480916e-01 7.022496165298893755e-01 6.778293265181555283e-01 7.209444685482362392e-01 5.804161707962729455e-01 6.500016775378482103e-01 7.142192044977453413e-01 6.737320632236132312e-01 6.728267949370974055e-01 7.124686464827090226e-01 7.459758735093577897e-01 7.596222407868085114e-01 7.692949066192988905e-01 7.378163157916322046e-01 7.315638551696138636e-01 7.788859742105719297e-01 7.846543859872532334e-01 7.391515384924838283e-01 7.745768378417117184e-01 7.674041321159156270e-01 7.720390626085287256e-01 7.878002809196639200e-01 7.834521641737463016e-01 8.014787312328929270e-01 7.825637847461419661e-01 8.103417788345175232e-01 8.078572088671150953e-01 8.146830718261416360e-01 8.191078394814399477e-01 8.083275485015170014e-01 8.042330131011155014e-01 8.076957782152272003e-01 8.057374377632353646e-01 7.930581955951294670e-01 7.850203557764773299e-01 7.956738735889655745e-01 7.951937872605996382e-01 8.077605429137990622e-01 7.929895891424630916e-01 7.845896851651208426e-01 8.013979264887942655e-01 7.830355850884433977e-01 8.081498201267117709e-01 7.901554064036623304e-01 8.053322594624241493e-01 8.107387639028890147e-01 8.010901889764917572e-01 7.956314604002719948e-01 7.934018631120826059e-01 7.951291370102676614e-01 8.053138316544627973e-01 8.102861195989280452e-01 8.140872598461017517e-01 8.011531189607197234e-01 8.132563035916559047e-01 8.084404639730783382e-01 8.119833728784954241e-01 8.013939403434442443e-01 8.072337450748021670e-01 8.096506237638274595e-01 8.110557156739360840e-01 8.105228221194418214e-01 8.064051474317348589e-01 8.091937718270044710e-01 7.967094818776710996e-01 8.052738388892791699e-01 8.088171986196274199e-01 8.098627210891335970e-01 8.013057160468383122e-01 8.131075406846836051e-01 8.119099119198578407e-01 8.111606664623952634e-01 8.184462761382393925e-01 8.152770737544515756e-01 8.139136752017049892e-01 8.143687105037191731e-01 8.231969658088719166e-01 8.198275918096769033e-01 8.204458290907362672e-01 8.148121638380138032e-01 8.123065686395960494e-01 8.144180248416746926e-01 8.061977112903230269e-01 8.161263681686126148e-01 8.204260268678629231e-01 8.228440150875163672e-01 8.190677920068391016e-01 8.162281674596596481e-01 8.213770444779828761e-01 8.180578418854603795e-01 8.081368948888315584e-01 8.100149148241835295e-01 8.128914438199165149e-01 8.169977178198976064e-01 8.161330809961795385e-01 8.152949490873250271e-01 8.162230388827640404e-01 8.143140556859452817e-01 8.140064732822080984e-01 8.087782662988365345e-01 8.117762466806518473e-01
1.828846843909678610e-01 1.996553587897811621e-01 3.526300908880861118e-01 5.013677747935865181e-01 3.847045434973884737e-01 4.973553310849992415e-01 6.618865476548744242e-01 6.992273659792614948e-01 1.000000000000000000e+00 7.333553434644839442e-01 7.859599106792541923e-01 8.065899249305585883e-01 7.266761237332781675e-01 7.593715301111728655e-01 8.118510908399076964e-01 8.137473893452524809e-01 7.902424040488420509e-01 7.231795560861410399e-01 7.800490683168551653e-01 5.100510591626873369e-01 6.796088091477595627e-01 7.568925369313188600e-01 7.387528275702216485e-01 6.800412422957337055e-01 7.377968671523418287e-01 8.120844973263071642e-01 8.118726410057593990e-01 8.066701279579572281e-01 8.133773209767168888e-01 8.285753474485060277e-01 8.516453244938748668e-01 8.273376099676796880e-01 7.822279988445633991e-01 8.085747164803233078e-01 8.257520300417811043e-01 7.904974710116355885e-01 8.276328690069627569e-01 8.300190530359696783e-01 8.462053191654992368e-01 7.743129168315171507e-01 8.464706175999017201e-01 8.325578240448558986e-01 8.052843174493472533e-01 8.403228012385416390e-01 8.379530592918119636e-01 8.441662292495005770e-01 8.527853522215261828e-01 8.655946891555028611e-01 8.593391509043184495e-01 8.260595185058003942e-01 8.294316508793642129e-01 7.881942966978998655e-01 8.362599766249404487e-01 8.731081283691635164e-01 8.646334893791685072e-01 8.560051974527016494e-01 8.583480126990734593e-01 8.555973451537079999e-01 8.552049987865174563e-01 8.640909798777982598e-01 8.574597581077890718e-01 8.628072636941608309e-01 8.568202368134368863e-01 8.548978448725704782e-01 8.606675017838728570e-01 8.664391959922136399e-01 8.601219684096115259e-01 8.570323720810206769e-01 8.489357010405214066e-01 8.361327439312420395e-01 8.510143606247886350e-01 8.594351454916088207e-01 8.339934845224051818e-01 8.415914360490273083e-01 8.582899292704549987e-01 8.561595521277631793e-01 8.480844222039244373e-01 8.558271385100604256e-01 8.489178868906593900e-01 8.660354512256809301e-01 8.623516645421366311e-01 8.648472386647166887e-01 8.581737337852215486e-01 8.590886657824378103e-01 8.423091130270192739e-01 8.490578633778815831e-01 8.410373470203027502e-01 8.400793729791059539e-01 8.504619273261395662e-01 8.507948777434973797e-01 8.287684920053854931e-01 8.465986801614249213e-01 8.457417096610697627e-01 8.494028147297837394e-01 8.506701323041876428e-01 8.585658949695138542e-01 8.268507874816485304e-01 8.522719276135474198e-01 8.416677773082577030e-01 8.380985254880768398e-01 8.282478590748612035e-01 8.464292948168284925e-01 8.493164345032744311e-01 8.490877037351353129e-01 8.484505897151846110e-01 8.502619980216630236e-01 8.607945161246223220e-01 8.578032053419989422e-01 8.571613160163832346e-01 8.575226556208994655e-01 8.500339351658914300e-01 8.560431508725706573e-01 8.539826154161790361e-01 8.539013574663222306e-01 8.604812337079623674e-01 8.604531644889467090e-01
8.237370227899125374e-02 2.139444286045700527e-01 2.833963005320205286e-01 4.087861582477583799e-01 3.478739555886720680e-01 4.649091675764502885e-01 6.188019712839087916e-01 6.451552957634201224e-01 7.333553434644839442e-01 1.000000000000000000e+00 7.049006726623040509e-01 7.193938692114736355e-01 6.702000707211743791e-01 7.044133442351174779e-01 7.612580751455068073e-01 7.500916400197027434e-01 7.166786605277815081e-01 6.203252890687939169e-01 6.906612863815252412e-01 4.393860421591838095e-01 5.592784262380978699e-01 6.407340526461549057e-01 6.441128081245992565e-01 5.873008953720623149e-01 6.440594167063264930e-01 7.424419322393501774e-01 7.237787098090882054e-01 7.329972550815899712e-01 7.183506776887640388e-01 7.162177996094406529e-01 7.625916846324916065e-01 7.526936789371601044e-01 7.069905353353351796e-01 7.314426148633816904e-01 7.394868635357768616e-01 7.260087168947805258e-01 7.537263872580757251e-01 7.666809505714943240e-01 7.749921846686368410e-01 7.120599177369673072e-01 7.796226352437009011e-01 7.714798898583141717e-01 7.377808785584460960e-01 7.792752993733613742e-01 7.622952447093894746e-01 7.731255029062242823e-01 7.904431912974453356e-01 8.020254986641490724e-01 7.790708186861677875e-01 7.355412703384014428e-01 7.644921221740791362e-01 6.950471097052817182e-01 7.496345723819273221e-01 7.975733478617288430e-01 7.833086279750411940e-01 7.865962059666057327e-01 7.625887913346569569e-01 7.876010896989522614e-01 7.846184700490145270e-01 7.917031771385611982e-01 7.831843618973437504e-01 7.892723755945197928e-01 7.794081715887061224e-01 7.791885761369655716e-01 7.736040009408403639e-01 7.856211775565566935e-01 7.940289927155005367e-01 7.827370221776026593e-01 7.816400219749364275e-01 7.604079571589955622e-01 7.643925838446733456e-01 7.802189627349720435e-01 7.624496411258688822e-01 7.677373582003973462e-01 7.895586208635342329e-01 7.848654104842522905e-01 7.836345952740708665e-01 7.829794580618251176e-01 7.823268097682725131e-01 7.846219089538698510e-01 7.871542758759784153e-01 7.916792256265514638e-01 7.915513191737117982e-01 7.874931278837044024e-01 7.757180406331747324e-01 7.852156915804101578e-01 7.821871719536493961e-01 7.807210692327145596e-01 7.899251810594496437e-01 7.906480418012326039e-01 7.726708911446961148e-01 7.857832160282542944e-01 7.802849721705351627e-01 7.845333221627355247e-01 7.898642011708307820e-01 7.950524372579239607e-01 7.569387154404998430e-01 7.660619499093351825e-01 7.737819652945857607e-01 7.769472843128869544e-01 7.721193282304085193e-01 7.773699234725457430e-01 7.758127071867952917e-01 7.833552439942345069e-01 7.762685391303872917e-01 7.761140145993875583e-01 7.861844093024634716e-01 7.962325788962931750e-01 7.934540527282051281e-01 7.891092997747226612e-01 7.857892883439965281e-01 7.880935200256560247e-01 7.882476929441304403e-01 7.880639679586473045e-01 7.856534867171015568e-01 7.864488017588565638e-01
4.366425427707539692e-02 1.256119718852173883e-01 3.772569198896355558e-01 5.753950291811679163e-01 4.215622246838623965e-01 5.350978777198728276e-01 7.012859765636055842e-01 7.365223756031219482e-01 7.859599106792541923e-01 7.049006726623040509e-01 1.000000000000000000e+00 8.663287263652006409e-01 7.800857058555009660e-01 7.914589790548381965e-01 8.510347576487217180e-01 8.562924413063350837e-01 7.739217166939152959e-01 7.645644656474874790e-01 8.017816730224885946e-01 5.821133563456777349e-01 7.118894516131786254e-01 7.879020324559978805e-01 7.854251679461791147e-01 7.469002913400946131e-01 7.942769290702917928e-01 8.420840161758745834e-01 8.633358577851617532e-01 8.497443499331779337e-01 8.378498486717731453e-01 8.497913050655983014e-01 8.827760010301519689e-01 8.672692002707740322e-01 8.109294910799870193e-01 8.441483759783534602e-01 8.516297946198942981e-01 8.364107237270365092e-01 8.697437214877616896e-01 8.536842422064043756e-01 8.801662622022011773e-01 8.429402900866821424e-01 8.804237863934313291e-01 8.722200475817254439e-01 8.561584621353324209e-01 8.790777379230751976e-01 8.881932959268388217e-01 8.757571484059472056e-01 8.812089576041495231e-01 8.825755151307370650e-01 8.828912812720584036e-01 8.563736122492263680e-01 8.667961986809472608e-01 8.390144552076433948e-01 8.740825150123977538e-01 8.765491733138687236e-01 8.671367491730492816e-01 8.847837463177267159e-01 8.651757607865823152e-01 8.776366761599495581e-01 8.730200013239768353e-01 8.797309168961454651e-01 8.861764276280567065e-01 8.770453903839758869e-01 8.755575360759560999e-01 8.752262821155208927e-01 8.747888004770741910e-01 8.838115337207246291e-01 8.853182186060761794e-01 8.928465708512488552e-01 8.852270367677910201e-01 8.772972415324051809e-01 8.926623561274436014e-01 8.943530805401848083e-01 8.771474237740422009e-01 8.875185428559801970e-01 8.938818138618710440e-01 8.921425079098778133e-01 8.880603057292949520e-01 8.885151200968257612e-01 8.872075711953962829e-01 8.921379518578864687e-01 8.936475623506067167e-01 8.971070122053761420e-01 8.847506696648440583e-01 8.843156151159624612e-01 8.794145553329629772e-01 8.837999624275413302e-01 8.878558020778700710e-01 8.831514428095108560e-01 8.866730287698987301e-01 8.838469717242403156e-01 8.819188389871316369e-01 8.881679063437571964e-01 8.922447131192227099e-01 8.901536569902244178e-01 8.855123752352882516e-01 8.855677158699808427e-01 8.779608679965082985e-01 8.767213132827185174e-01 8.806079559802222345e-01 8.826740983958402120e-01 8.789973548442049367e-01 8.842969776407205718e-01 8.879309207638528267e-01 8.894067646912440228e-01 8.870206066335255546e-01 8.755286521604547234e-01 8.859300238204030897e-01 8.860166133140088274e-01 8.879944320886167253e-01 8.853534383623440362e-01 8.835664391978235166e-01 8.858226089037877227e-01 8.843231735515749703e-01 8.849690087186007359e-01 8.820500632518069040e-01 8.859172106196150365e-01
9.139960525958472012e-03 1.103224025263500746e-01 3.812173748612404656e-01 6.418735104139049463e-01 4.635493610972513667e-01 5.600703432885958399e-01 7.359267460260429106e-01 7.879938952369284211e-01 8.065899249305585883e-01 7.193938692114736355e-01 8.663287263652006409e-01 1.000000000000000000e+00 8.240300230685070337e-01 8.300898055600457459e-01 8.979260838515841225e-01 9.025996869887319418e-01 8.096731964237334767e-01 7.745270312492791298e-01 8.261253850830508894e-01 6.317657758295576187e-01 7.331061044036828456e-01 8.140124510010580128e-01 8.004788330590935086e-01 7.659319775894618543e-01 8.171469771536105098e-01 8.610650755534478007e-01 8.863078959472292517e-01 8.825728331175015651e-01 8.565750284253635938e-01 8.658356895097608641e-01 9.061633913375671812e-01 9.081965038827367609e-01 8.495733447768989421e-01 8.876236258121927847e-01 8.875098082298011892e-01 8.851299488622408340e-01 9.089250020314764145e-01 8.946137880845626000e-01 9.209186475668650340e-01 8.882257340365756759e-01 9.240493859128460219e-01 9.135894065365155470e-01 9.104238398534583165e-01 9.273344163949606145e-01 9.313383241504241683e-01 9.171796050144869206e-01 9.247633829704215991e-01 9.237644398221371844e-01 9.236956789161328008e-01 9.033515373791878300e-01 9.139470689074913334e-01 8.975548489031810462e-01 9.240310783963331387e-01 9.093626709904734096e-01 9.001217024052466931e-01 9.204468451352262326e-01 9.055498564646892179e-01 9.183364393699795514e-01 9.110067576786953225e-01 9.234330905713576954e-01 9.292155129445742734e-01 9.179800693350964602e-01 9.185856832184394749e-01 9.152002080177836785e-01 9.158394237312146302e-01 9.265402576111310129e-01 9.266097157790744721e-01 9.298544917085287409e-01 9.233925482888828418e-01 9.219937531785606932e-01 9.275466018128033507e-01 9.326921847311236968e-01 9.150784347902266580e-01 9.268456797127470059e-01 9.306365874116379056e-01 9.329576201468484653e-01 9.291637714965333972e-01 9.266715964463164701e-01 9.258043835460405546e-01 9.257728824206015172e-01 9.300256931874869570e-01 9.338397903267958711e-01 9.254146228403367092e-01 9.206167822120429056e-01 9.237860513939727403e-01 9.264522116043960587e-01 9.317572594533056751e-01 9.281435456463168476e-01 9.311891041293719473e-01 9.251087941109811252e-01 9.283970860015293702e-01 9.339061576300982104e-01 9.384593404724872467e-01 9.351536000327188569e-01 9.297283082550549249e-01 9.281281816499031834e-01 9.250487757424837865e-01 9.202089001519574429e-01 9.262642582621537501e-01 9.304099793186253464e-01 9.290083395390793530e-01 9.286696211575811155e-01 9.353329008986958071e-01 9.342945152753091564e-01 9.338041815540382151e-01 9.193055862426410263e-01 9.290711370353228471e-01 9.274938390365213836e-01 9.293811246640903967e-01 9.296231375614525394e-01 9.264205415535627930e-01 9.304824957414189468e-01 9.282539258285468220e-01 9.295087722861130608e-01 9.260059887090069664e-01 9.289624640987920179e-01
-2.703828309913660407e-03 1.191443652995612668e-01 3.238876863151289864e-01 5.532568883682597027e-01 4.771745165061297977e-01 5.272427058873199179e-01 6.897095185691453079e-01 7.402870177225135961e-01 7.266761237332781675e-01 6.702000707211743791e-01 7.800857058555009660e-01 8.240300230685070337e-01 1.000000000000000000e+00 7.707343066344300997e-01 8.337641877455292949e-01 8.421754828262271175e-01 7.260388035075526769e-01 6.994767167539963637e-01 7.495659547204355233e-01 5.936154053357938221e-01 6.466341525587114836e-01 7.228544860365712088e-01 7.175988954553697008e-01 6.903428410382764779e-01 7.337254053727477743e-01 7.995793624039682079e-01 8.001570337773902253e-01 7.905560870283550035e-01 7.655369391955725300e-01 7.679505659570695641e-01 8.157455114465146373e-01 8.192062764225541693e-01 7.597231500437124918e-01 7.967244357200007343e-01 8.022410068453795784e-01 7.999810468256285390e-01 8.164533370997173467e-01 8.069532076023335776e-01 8.343964715313925140e-01 8.005701569463050671e-01 8.516547506255128797e-01 8.414595985554547131e-01 8.442497692064780956e-01 8.531932639914491245e-01 8.458432438621978910e-01 8.409946192773627427e-01 8.464390921412855429e-01 8.480328782824861911e-01 8.372944514153553008e-01 8.145375811987662917e-01 8.280449221332832899e-01 8.308118125285369748e-01 8.491363115113997884e-01 8.359835368255096322e-01 8.222251911984609363e-01 8.416988086751340248e-01 8.148765703527757198e-01 8.447289760737439757e-01 8.243325142438642228e-01 8.489437014189216146e-01 8.515799824671496099e-01 8.398245636135783787e-01 8.291494728336480380e-01 8.318550870133354369e-01 8.365093028157987165e-01 8.464346532247581933e-01 8.497117406782557225e-01 8.509887174798407283e-01 8.458613565414436763e-01 8.491202990852020349e-01 8.413971255245398240e-01 8.527451743835297027e-01 8.368885224625698394e-01 8.456851086487003899e-01 8.560580747765779153e-01 8.551595040536221770e-01 8.504237977451205577e-01 8.453856307531943948e-01 8.469269723562002916e-01 8.400855056498891527e-01 8.474217006609751079e-01 8.511889074545775369e-01 8.482313082919124003e-01 8.397270734483142096e-01 8.508674424843171158e-01 8.494287782755596261e-01 8.520317188478088166e-01 8.544863086390472873e-01 8.544003871252585647e-01 8.560193441386719782e-01 8.506320785444565491e-01 8.616646670297628541e-01 8.603401577945859469e-01 8.607852697426904287e-01 8.569598079844558125e-01 8.556271773152579474e-01 8.488844034077073220e-01 8.431592170270079123e-01 8.548217208613735352e-01 8.554386638928439535e-01 8.615163868781766654e-01 8.524923593598733307e-01 8.617475380870799340e-01 8.626254433537146049e-01 8.606976388218540164e-01 8.427819612338511845e-01 8.518244398017966734e-01 8.561873100535691838e-01 8.576158912845419646e-01 8.532442874907346653e-01 8.509844284159134853e-01 8.587319614173326565e-01 8.530270168727825952e-01 8.548921923214335417e-01 8.494766410447823768e-01 8.558933067464461475e-01
