1.000000000000000000e+00 1.185708328452362292e-01 4.520890210443886947e-02 3.497550983455839646e-02 7.934639506991082725e-02 5.185570814538974053e-03 -1.431181205495779367e-02 4.302232429292993099e-02 1.002269673681370488e-01 6.339821563682271344e-02 3.328040462577139258e-02 3.092600471844050500e-02 5.203386899606266165e-03 1.852925722002499165e-02 -5.362966304322146736e-03 1.183600974097702083e-02 8.303589496191474129e-02 -1.996054539428276930e-03 4.051076815574328194e-02 -7.259253374067756170e-02 1.806522211688052840e-02 5.405519748435830968e-02 3.285693353397312055e-02 -2.724753485084802085e-02 3.450720250496219776e-02 8.580431279076424639e-03 1.939647420966870289e-02 2.198304718364485488e-02 7.126401793883496705e-02 7.406027046899103794e-02 4.316182249977651431e-02 -9.937665561842589854e-03 9.063078791277342713e-03 -9.316019459813531470e-04 2.178220956917456888e-02 4.055916229169436588e-03 8.324804182223449756e-03 1.619291504829111286e-02 2.605326506434185643e-03 -3.680889799387705025e-02 -6.513996513682563695e-03 -2.064642745800357015e-03 -2.246825249649997414e-02 1.762101033962228114e-02 8.843582030152981679e-03 8.802564147303102576e-03 7.508083536154439019e-03 1.479443854940139073e-02 1.711414655086521824e-02 -3.598276753090928239e-03 2.114851772079916897e-02 3.876233683037433233e-03 2.456484725421053620e-03 2.201940810795554454e-02 1.534274816795694850e-02 1.353426765200210075e-02 3.386749290966312859e-02 1.189481163961401793e-02 2.539817694906393655e-02 4.143705955223680321e-02 -8.206101353635593398e-03 3.183331341959044075e-02 1.722486538007927254e-02 3.145990209694211198e-02 5.887876671481261093e-02 3.471067624012812158e-02 1.492708965092669378e-02 5.102133192804269961e-03 -7.973868056655965188e-05 -1.091834054884653973e-02 3.649579866943121476e-03 1.702143872886941606e-02 -5.434251279944969301e-03 7.169370547571877160e-03 8.972388425811087323e-03 1.803308305772369224e-02 1.030346748592923627e-02 2.269433829380598441e-02 1.784716206280340112e-02 3.466562299313625389e-02 1.568057912545813004e-02 1.433821723629473931e-02 2.759753906184051961e-02 8.570482277890948894e-03 -1.504997380760608218e-02 -3.058538256733819068e-03 -2.471944068363960550e-03 3.564835152431156378e-03 2.492484502605479043e-03 8.149393117798392136e-03 -1.124304032738496911e-02 -2.414478688730162595e-03 2.515742791749884036e-03 2.966186772021856596e-03 -1.179829226086900580e-03 3.456301985773518968e-03 -1.789549932465943696e-02 1.066142392836270242e-02 -6.952493270790385468e-03 5.073953969734966126e-04 -1.280632955208161824e-02 6.385034531419576682e-04 -2.490593149726866469e-03 4.997513548061799371e-03 1.151469994987419513e-03 1.860459470672821969e-02 5.003416787742889262e-03 8.998320357021810309e-03 7.267402349100615666e-03 1.464796397001918472e-02 5.942909962855125183e-03 2.194912259595195245e-02 1.032637562105709166e-02 1.587367022944784906e-02 2.934038900153010040e-02 1.619447304533328663e-02
1.185708328452362292e-01 1.000000000000000000e+00 3.315280809952575458e-02 7.663089369017214714e-02 9.410684414011875887e-02 3.367840701584513124e-02 9.584389299811758856e-02 1.244860566894675086e-01 1.476132962730805909e-01 1.833045236463802241e-01 1.328465875534171614e-01 1.390122240298032052e-01 1.413615984003294412e-01 1.194811216355975009e-01 1.443002224544246148e-01 1.226648637209538650e-01 1.355047272811525927e-01 9.008283222151018677e-02 1.403749406479536388e-01 3.366038576149290446e-02 5.027776866740241851e-02 1.358541620550705875e-01 1.053519389687514185e-01 7.134448917709849958e-02 1.359060313411955268e-01 1.344639704420541593e-01 1.611165744899311358e-01 1.645437995663920350e-01 1.737945328928663380e-01 1.854433135622633455e-01 1.591035067998081420e-01 1.381499175685297343e-01 1.575155442411761697e-01 1.319946592298887056e-01 1.476201654924617634e-01 1.133539925243213231e-01 1.394886232952309013e-01 1.510559715302879080e-01 1.302605610756394638e-01 1.186581504804330028e-01 1.377848722311606766e-01 1.347828700653598277e-01 1.081004330232591265e-01 1.336918267449301589e-01 1.367146811561507913e-01 1.545624921428598586e-01 1.514940699161496374e-01 1.552025073700538382e-01 1.434173367389817155e-01 1.258857404735754526e-01 1.418612194661075243e-01 1.011864709864683520e-01 1.294382412900234869e-01 1.603073487144637543e-01 1.544016475972984914e-01 1.534461593384031097e-01 1.426618640238294378e-01 1.481195851851327405e-01 1.555724174016665518e-01 1.594048882588334215e-01 1.343975825490964504e-01 1.650562862475642989e-01 1.461219530036966807e-01 1.430421803040625717e-01 1.460380205798978148e-01 1.520060500817611848e-01 1.515606986459265004e-01 1.428772127188000229e-01 1.365364828868984859e-01 1.154087425163639880e-01 1.289272140102014352e-01 1.474333064164420892e-01 1.187720214518442480e-01 1.355242720739799622e-01 1.511309289748981044e-01 1.569402254968881860e-01 1.551495653769116023e-01 1.656833032972252207e-01 1.546855399860293245e-01 1.723080590914838617e-01 1.523589598670977707e-01 1.544897212521070262e-01 1.495409564298995631e-01 1.556355049565569804e-01 1.311065327704865890e-01 1.361674020698235010e-01 1.383926654551194957e-01 1.477542852840010024e-01 1.449913816398661626e-01 1.491496454098784619e-01 1.458550939996908213e-01 1.432511100003903137e-01 1.405440970676926360e-01 1.462014152982203663e-01 1.488425187792776494e-01 1.504213045870134435e-01 1.205670705783585400e-01 1.335946121035572476e-01 1.332323279037139208e-01 1.407516669162897638e-01 1.333931815623306538e-01 1.395560948623246478e-01 1.350720447723168238e-01 1.411934467057359699e-01 1.343185768633765320e-01 1.486516215457141521e-01 1.448405171820948134e-01 1.527245577609603611e-01 1.489820268510274881e-01 1.534944278433542364e-01 1.506911616406047261e-01 1.564267215088323282e-01 1.530627342317515127e-01 1.452970126465670253e-01 1.478370586384379348e-01 1.476880169002267040e-01
4.520890210443886947e-02 3.315280809952575458e-02 1.000000000000000000e+00 2.981637140725663104e-01 1.802587154699472061e-01 2.387643113776689308e-01 2.629520863443161605e-01 2.542523962594013254e-01 2.978158995234724271e-01 2.821455818675646654e-01 2.994907578039072149e-01 3.208676713699659122e-01 3.035664498227948482e-01 3.015341451595442424e-01 3.168534569227546283e-01 3.185122387280795442e-01 3.029917329626389266e-01 3.147108718710586173e-01 3.262143558183848158e-01 2.952527846979320914e-01 3.144200677985761749e-01 3.272635169921507270e-01 3.236593242880946297e-01 3.189445317716459449e-01 3.191416697941509839e-01 3.304779836907337232e-01 3.332335330202506607e-01 3.418936618411547168e-01 3.258059874532585054e-01 3.333133404147007317e-01 3.446204650376752388e-01 3.375983567669185170e-01 3.276113359524115975e-01 3.293157412032842735e-01 3.350267117916084225e-01 3.219475137270034204e-01 3.473307856528823345e-01 3.333646138345721655e-01 3.424077134545522316e-01 3.299310060078344264e-01 3.321805040199181103e-01 3.321139905052813424e-01 3.202923602205845488e-01 3.356808288397823969e-01 3.394191629751232009e-01 3.370625672575667808e-01 3.283649775892226175e-01 3.347721203613954755e-01 3.317328186763917053e-01 3.169507726814520532e-01 3.360481618248052360e-01 3.166397972135100436e-01 3.203012287170807770e-01 3.331524129568308457e-01 3.335377772378652628e-01 3.349963684193669189e-01 3.259213463009041911e-01 3.307462081830450651e-01 3.280235461835434019e-01 3.320749139224190571e-01 3.314595838465642652e-01 3.309562517274833859e-01 3.273761584036686823e-01 3.305780922402720701e-01 3.261213886843405407e-01 3.296233035716042425e-01 3.347567266354533055e-01 3.369903351928864588e-01 3.384957292696470499e-01 3.354795046817967696e-01 3.380852108024257618e-01 3.412482620699436864e-01 3.351597168450118902e-01 3.396063437486392389e-01 3.349672963198524478e-01 3.349583603733978787e-01 3.408270230557960967e-01 3.379033648324143435e-01 3.384834815323533030e-01 3.380543776303165937e-01 3.423424744706424772e-01 3.402328142773107800e-01 3.396888710125995914e-01 3.412153875206831444e-01 3.327052323370856546e-01 3.392811235579247797e-01 3.418146052804181267e-01 3.359786181648520831e-01 3.387947524896741669e-01 3.372425508814010375e-01 3.403999778741765847e-01 3.358492638535290342e-01 3.347885337905751602e-01 3.402042664262563409e-01 3.336552237977508661e-01 3.339019033984441664e-01 3.300423252890498649e-01 3.277198252481492990e-01 3.320619009015875478e-01 3.329295580444527336e-01 3.371845949334590364e-01 3.287934409156340054e-01 3.341622356338329047e-01 3.328082434579730520e-01 3.362508051782294172e-01 3.303186286382248094e-01 3.350601074850572125e-01 3.357237983512815771e-01 3.369040544341259102e-01 3.331998878665018426e-01 3.334234825814090253e-01 3.348254080857091530e-01 3.345005280438730355e-01 3.309077288347532786e-01 3.343002636728706345e-01 3.325175055739043595e-01
3.497550983455839646e-02 7.663089369017214714e-02 2.981637140725663104e-01 1.000000000000000000e+00 3.303837084496434318e-01 4.088008698482786807e-01 5.377123085625232779e-01 5.338793360601221671e-01 5.491011539522328011e-01 5.003384745630984343e-01 5.683301371802982338e-01 6.229711021100934332e-01 5.438451383857431098e-01 5.471927933637875663e-01 5.993129734090149041e-01 6.056043352206853525e-01 5.821928632274279147e-01 5.410933100887347358e-01 5.721582088456618198e-01 5.155346119449008002e-01 5.983345239157360496e-01 6.092412857389577496e-01 5.686496255567666802e-01 5.253910617307496755e-01 5.672246734835705295e-01 5.999300534146572161e-01 6.053879196466674939e-01 6.020152736794995851e-01 5.902078988323330444e-01 5.882398262472907646e-01 6.340515717501180593e-01 5.969193400750362200e-01 5.796416696040435079e-01 5.729406230180352777e-01 5.947485664232301517e-01 5.795783879300758779e-01 6.175596603631059445e-01 6.043543254390882913e-01 6.180132925492630713e-01 5.749706050313683203e-01 6.100326534358948560e-01 6.169275550285255871e-01 6.026935968605137139e-01 6.318972301086938081e-01 6.176266094189445388e-01 6.267720114202181003e-01 6.144883819789308532e-01 6.160394030200890825e-01 6.155758181338275570e-01 5.871002506353335537e-01 6.119549202319468639e-01 6.079297250710812284e-01 6.173881925870746690e-01 6.183005698482900714e-01 6.165847565801360064e-01 6.126859497102619123e-01 6.226680520962212251e-01 6.184528323074790501e-01 6.130821315566568064e-01 6.319469240041343250e-01 6.219646591388204859e-01 6.244738358996216876e-01 6.188800767636222222e-01 6.337469947406348947e-01 6.336384605566112160e-01 6.261308951647065468e-01 6.196156786762603286e-01 6.154025275597021505e-01 6.169712937077609372e-01 6.175357174186361098e-01 6.307617039501609568e-01 6.264801304975422536e-01 6.049039984725013142e-01 6.154382275817169567e-01 6.247863516093566938e-01 6.213253681592053601e-01 6.246554702775325429e-01 6.228061879018844671e-01 6.212015063796537673e-01 6.168343441386449078e-01 6.278501347852750714e-01 6.317683410092407303e-01 6.313269915241604968e-01 6.236261210153893897e-01 6.064499303311348122e-01 6.134634584172165006e-01 6.253422543831733682e-01 6.174126508812017855e-01 6.231838105193192590e-01 6.229245906986745629e-01 6.172792544058206543e-01 6.172446142743013286e-01 6.212427146570681513e-01 6.262750221556243613e-01 6.156822576921836543e-01 6.180550744811268427e-01 6.132977008493053495e-01 6.209669498357512918e-01 6.178827889224440817e-01 6.189535246324473494e-01 6.191219069018456533e-01 6.214753992399942861e-01 6.196880616828456256e-01 6.232982307764644014e-01 6.235498003424794211e-01 6.230516654935861487e-01 6.199071462182614844e-01 6.186473962378353786e-01 6.219334754061293102e-01 6.195137677590022429e-01 6.179747576131111586e-01 6.255209780587049906e-01 6.228543763135679923e-01 6.256875623569665423e-01 6.286884738861090449e-01 6.244809895669652944e-01
7.934639506991082725e-02 9.410684414011875887e-02 1.802587154699472061e-01 3.303837084496434318e-01 1.000000000000000000e+00 3.026435069812348777e-01 4.511610183007093711e-01 4.567494457893966353e-01 4.278910302247570518e-01 3.753247670253496704e-01 4.283412045779925181e-01 4.635750044013208782e-01 4.414998268450358032e-01 4.191776972500686482e-01 4.940590811152081874e-01 4.701696010482689925e-01 4.375977872767963794e-01 4.226430236773064952e-01 4.452842147424682095e-01 3.713500032213485902e-01 4.511902782518867339e-01 4.642698721650236893e-01 4.257983994423091278e-01 3.970842733242385125e-01 4.276130693480028055e-01 4.817612146316083699e-01 4.637325309629412029e-01 4.645310520496625517e-01 4.373101788298431880e-01 4.553292216536574122e-01 4.796946497616113025e-01 4.665865480945454724e-01 4.435690086025065315e-01 4.607156486646780680e-01 4.597534855888130156e-01 4.611041298109743169e-01 4.571400824042158306e-01 4.707452199572779716e-01 4.729860885168359341e-01 4.471005832586701367e-01 4.738013992159488819e-01 4.766744370709115608e-01 4.814899224782529519e-01 4.845816307572234360e-01 4.812761674457026184e-01 4.718980353682930007e-01 4.763044651747508351e-01 4.805347068776106845e-01 4.767596178467154999e-01 4.711257432896610586e-01 4.793065906290042144e-01 4.729739080638111770e-01 4.767078399115047271e-01 4.771564126472135903e-01 4.675073774179879793e-01 4.781310950156890116e-01 4.720481680168983618e-01 4.777025639575045446e-01 4.667317544918080374e-01 4.825045673285648373e-01 4.808746663851845571e-01 4.746676560075699935e-01 4.776660816859533143e-01 4.888240980558747895e-01 4.776418494904437484e-01 4.735835344298268690e-01 4.757764440668416084e-01 4.723533626261103291e-01 4.761521459289831393e-01 4.660780206522383007e-01 4.753980600034175552e-01 4.775840020341475256e-01 4.613911667896546942e-01 4.689205827574894347e-01 4.834551688795678537e-01 4.781627893437147003e-01 4.764241219347079559e-01 4.739438695925866085e-01 4.745803647093749800e-01 4.758754131439988933e-01 4.731983715914848121e-01 4.789496645771216254e-01 4.785179445232309869e-01 4.749004346153749556e-01 4.699792434647647732e-01 4.714650353769004876e-01 4.695058807338587936e-01 4.796286558661481680e-01 4.766558535449988421e-01 4.799829962886164592e-01 4.708829644986126661e-01 4.778180179598331967e-01 4.768619782367780058e-01 4.782399400125670330e-01 4.737671504354678542e-01 4.738706237902422513e-01 4.693648473467931792e-01 4.753156264664085140e-01 4.745307655094281873e-01 4.806997440495863749e-01 4.750526924136900808e-01 4.756110635283761212e-01 4.788209447768339011e-01 4.799405491041558447e-01 4.751276247083567883e-01 4.727381501365934824e-01 4.765109969368711007e-01 4.770860216123089526e-01 4.752582797211973298e-01 4.784513416825081911e-01 4.721710323482299354e-01 4.780750971333015409e-01 4.740446398768951020e-01 4.798329284513044857e-01 4.749335901568095264e-01 4.740037700139288490e-01
5.185570814538974053e-03 3.367840701584513124e-02 2.387643113776689308e-01 4.088008698482786807e-01 3.026435069812348777e-01 1.000000000000000000e+00 5.262988148116606313e-01 4.727769298358789896e-01 5.079822769275577077e-01 4.645312712830766411e-01 5.160273803649801927e-01 5.780824179643277994e-01 4.802919358125073424e-01 5.338466109276076565e-01 5.815078600748229132e-01 5.724855279219392967e-01 5.496001678224058384e-01 5.329322437107911759e-01 5.506863169164306626e-01 5.112013009489142501e-01 5.561169567063427577e-01 5.693401640609159209e-01 5.511007014085123057e-01 5.306472337619854152e-01 5.412600607280086962e-01 5.729675446917323889e-01 5.736999119705354921e-01 5.641317370601055536e-01 5.488567745631783845e-01 5.492984937552062297e-01 5.901091348883275023e-01 5.816130264021233121e-01 5.764155787605829140e-01 5.736400910780113938e-01 5.823372753378501798e-01 5.661407158980326093e-01 5.830482308459880025e-01 5.885486504012066300e-01 6.009186072872774176e-01 5.671897982395532889e-01 5.891292008285671233e-01 5.930130606051241537e-01 5.804277315220521816e-01 6.016639784768180732e-01 6.018939342702382955e-01 5.950764449005437884e-01 6.018688387254376160e-01 6.002029423394646956e-01 5.960102169177303733e-01 5.794585215807439571e-01 5.909707925046407961e-01 5.915943995497150443e-01 5.944842706345319083e-01 5.969553893261305699e-01 5.917151523308963323e-01 5.939114242577847591e-01 5.898154477050775446e-01 5.938737876447240938e-01 5.842061093135862970e-01 5.977153272243893589e-01 6.033531751942636800e-01 5.901520247713247791e-01 5.919096591527598372e-01 5.980332970187215436e-01 5.971826538798706840e-01 5.953698946703083195e-01 6.053751036096277627e-01 6.045506478141841056e-01 6.041229549826335754e-01 6.030340908545502865e-01 6.041072804335101409e-01 6.029401005373402622e-01 5.970870436858597419e-01 6.019343185424176346e-01 6.005473046973143214e-01 5.965922214228449594e-01 5.984683980137857073e-01 5.957095716956232190e-01 5.987446344873296189e-01 5.915877735355862255e-01 6.020437958143134427e-01 6.030321474199914489e-01 6.071331593851845287e-01 6.020398459544006320e-01 5.986175604725435528e-01 6.011000210282219092e-01 6.037712115566397086e-01 6.005102390350617325e-01 6.034660002065918016e-01 6.032313351329668949e-01 6.014359894650667115e-01 6.004231548596806745e-01 6.026930705701003532e-01 6.033896247047676464e-01 6.032186740947315107e-01 6.021395115205321336e-01 5.964675958014791224e-01 5.992927261916151105e-01 6.019556960071908991e-01 6.015380639386841422e-01 6.026689746406612702e-01 6.006442462671233162e-01 6.044176941493467625e-01 6.049116792438518075e-01 6.075084144714013590e-01 5.970532584820950062e-01 6.027861770066600400e-01 6.012421002590331298e-01 6.035207325991829297e-01 6.011942986655307575e-01 5.995031549230651624e-01 6.008970277002104732e-01 6.010229031549576550e-01 6.032691476960401200e-01 6.056589665780298670e-01 6.028612402220107080e-01
-1.431181205495779367e-02 9.584389299811758856e-02 2.629520863443161605e-01 5.377123085625232779e-01 4.511610183007093711e-01 5.262988148116606313e-01 1.000000000000000000e+00 7.038971486110128239e-01 6.933692424233459661e-01 6.502073852354274264e-01 7.185332267082553681e-01 7.999556726410381735e-01 7.226886236066037972e-01 7.579945089591989538e-01 8.541004369176341537e-01 8.209271361069540029e-01 7.368174104180925665e-01 7.151060011769331259e-01 7.438801916137478543e-01 6.898159457156523011e-01 7.555581959068787823e-01 7.599797923785008846e-01 7.043363955634709406e-01 6.992515820606877153e-01 7.136504299463368728e-01 7.963603729780921459e-01 7.899318871139127118e-01 7.824161913337943641e-01 7.227451557037605223e-01 7.324644293146369556e-01 7.949571414991231100e-01 8.088921844572254383e-01 7.852971281551899274e-01 7.828563375948525138e-01 7.887131052240762275e-01 7.724978870788751228e-01 7.954113465898307034e-01 8.137821734956239839e-01 8.215757950263800069e-01 7.990394081527705250e-01 8.213580894437496616e-01 8.318442728077257708e-01 8.158207470703919828e-01 8.257025061891221096e-01 8.182169078022228925e-01 8.205307585571575135e-01 8.264468787029843888e-01 8.281961539678152073e-01 8.219670804326673075e-01 8.151700734218314537e-01 8.212467394266604881e-01 8.025868811039765793e-01 8.259882118869051881e-01 8.231956785031518953e-01 8.151347563500919158e-01 8.210727994966825483e-01 8.022900237214131147e-01 8.261846471965991201e-01 8.029853987792640035e-01 8.216548184539070876e-01 8.359141096254751879e-01 8.123387411594003016e-01 8.120351728605292863e-01 8.210260610896672473e-01 8.081106122251885404e-01 8.138211650796641772e-01 8.310158697864734600e-01 8.299403473775345264e-01 8.276818801337467724e-01 8.274166600761156953e-01 8.288790427767920299e-01 8.207782133586847273e-01 8.105876924372309444e-01 8.071784841133948785e-01 8.343499213720009244e-01 8.256417727071657664e-01 8.227060113814429476e-01 8.085099483665710851e-01 8.215010558515409844e-01 8.094419949469552344e-01 8.205257894800180862e-01 8.278807380593279364e-01 8.210044224088034470e-01 8.216253905005538316e-01 8.316217476993458257e-01 8.266955847197884344e-01 8.266030910679493804e-01 8.361744761482158284e-01 8.363664265439478829e-01 8.298726694288265371e-01 8.325380056042155363e-01 8.392003973986734700e-01 8.355034927008903045e-01 8.319563478051523742e-01 8.329324162879327975e-01 8.338265387066031709e-01 8.298176165501234269e-01 8.211929407538375303e-01 8.340786778095776732e-01 8.389579926891735928e-01 8.378509624548597934e-01 8.300310930921231956e-01 8.363608930755074278e-01 8.361064343439864599e-01 8.314016700940277671e-01 8.173939400481100570e-01 8.322659631062754304e-01 8.317978659555196330e-01 8.308190820376042396e-01 8.324904511443772526e-01 8.283038012716648080e-01 8.302555050431275063e-01 8.260102617724307539e-01 8.299128617800156649e-01 8.251928528137197905e-01 8.256120090679918144e-01
4.302232429292993099e-02 1.244860566894675086e-01 2.542523962594013254e-01 5.338793360601221671e-01 4.567494457893966353e-01 4.727769298358789896e-01 7.038971486110128239e-01 1.000000000000000000e+00 6.792908061103728468e-01 6.210003391180671795e-01 7.047160456376673210e-01 7.638272271959182236e-01 6.877630580689541029e-01 6.965838060118527686e-01 7.841631775888530109e-01 7.823964806535712579e-01 7.171507953809816982e-01 6.879686661625672439e-01 7.184011104564779204e-01 6.285902230330130402e-01 7.241548225065737032e-01 7.498248394923422433e-01 6.824386327536698937e-01 6.474434954595397196e-01 7.059991405385773744e-01 7.555409711931077021e-01 7.598958023616360080e-01 7.516930695324539613e-01 7.239671546577076677e-01 7.301436945616721630e-01 7.761783036611318298e-01 7.487719481711399006e-01 7.335328551453881296e-01 7.287749734629231924e-01 7.496946897120777553e-01 7.378441206487371673e-01 7.600752266394977807e-01 7.732075267286109277e-01 7.797473906758006779e-01 7.412603691906458625e-01 7.797433214734776907e-01 7.886711274635254121e-01 7.662471389827032464e-01 7.954841724006547210e-01 7.800574154539676730e-01 7.839122564806341176e-01 7.866507997368856753e-01 7.880589636724296687e-01 7.867456180535346011e-01 7.686892790746933102e-01 7.866390129537619291e-01 7.691252596741140479e-01 7.872517393003014563e-01 7.872021427101183466e-01 7.847141540996812603e-01 7.804171857360128195e-01 7.809154993070708262e-01 7.875025526665881959e-01 7.799237546611488270e-01 7.917958306952658232e-01 7.948074976265435687e-01 7.867080950321396760e-01 7.831445024604702931e-01 7.935481859975734853e-01 7.853795843673379018e-01 7.847303421454673300e-01 7.895564744020515668e-01 7.857857294951346994e-01 7.808075276304938805e-01 7.761581482266940446e-01 7.893706823445060250e-01 7.874819164461432930e-01 7.623399369094039368e-01 7.743351179960910047e-01 7.929461934119562683e-01 7.896263281954775115e-01 7.877468109653957828e-01 7.798756103443860166e-01 7.868376605516922417e-01 7.827395999858093312e-01 7.861931170463047902e-01 7.900806079936573134e-01 7.899008743308949532e-01 7.823504623085786314e-01 7.804347408042303647e-01 7.777143934812653647e-01 7.819469170149316861e-01 7.899024232860460959e-01 7.884267688675115071e-01 7.901475939891567934e-01 7.809536791830204994e-01 7.915186733450431111e-01 7.908657727043841845e-01 7.912996193042740600e-01 7.881647977760110058e-01 7.899944483617014068e-01 7.879282978829209583e-01 7.925552055447736555e-01 7.927790464877636500e-01 7.927170652140591578e-01 7.895779228195440869e-01 7.919500036203354076e-01 7.928773479172694927e-01 7.950864982604153308e-01 7.901905727759243048e-01 7.894937792961443934e-01 7.930396911761798950e-01 7.900993093447692406e-01 7.900090246900026703e-01 7.927693125561811049e-01 7.877170125945008872e-01 7.931605402235306634e-01 7.891704614857374400e-01 7.945798713085812093e-01 7.917013742227946294e-01 7.908837530595556053e-01
1.002269673681370488e-01 1.476132962730805909e-01 2.978158995234724271e-01 5.491011539522328011e-01 4.278910302247570518e-01 5.079822769275577077e-01 6.933692424233459661e-01 6.792908061103728468e-01 1.000000000000000000e+00 6.913995625155565650e-01 7.537717609030717414e-01 8.027381867718802466e-01 7.195554282378211486e-01 7.406790847536018907e-01 7.993678419408334346e-01 8.017393902849307974e-01 7.929953540062781858e-01 7.177868255010316778e-01 7.732859877065811904e-01 6.479444732588514055e-01 7.333337445884516859e-01 7.917785734959418287e-01 7.221519249879591040e-01 6.766233302641487812e-01 7.447851249999954959e-01 7.881241352132657418e-01 8.019265464145123312e-01 7.918405684343783335e-01 7.946266934261453363e-01 8.030914397409409933e-01 8.312707519325780448e-01 8.006829354370137430e-01 7.824967549108918785e-01 7.746075787841871785e-01 8.017141008730283014e-01 7.647009152437764801e-01 7.976374064810061171e-01 8.235781665132662077e-01 8.155195738131829630e-01 7.565996699956691884e-01 8.202022719578405674e-01 8.188009527612351013e-01 7.742304812400051528e-01 8.341273951206419346e-01 8.259242967963874582e-01 8.278379457482645254e-01 8.367910955081603319e-01 8.384652401423877688e-01 8.382819857149550469e-01 8.035142501552039462e-01 8.302065333642397738e-01 7.884616325596391917e-01 8.204195508835661066e-01 8.390540375250038485e-01 8.380038327557601807e-01 8.338718881152626938e-01 8.394076449543577123e-01 8.358781460756278259e-01 8.374156106640013864e-01 8.514599020418569530e-01 8.313239744942052534e-01 8.463105518735523081e-01 8.297411395745337703e-01 8.413632931659930092e-01 8.460402826804671594e-01 8.432568799781479107e-01 8.429974603745035155e-01 8.326813354323866490e-01 8.298281823107998001e-01 8.229390777447506133e-01 8.297306478108436023e-01 8.403295611500873896e-01 8.104627329389099133e-01 8.201651377249377095e-01 8.380812742143104455e-01 8.407086392153916288e-01 8.347822943741088908e-01 8.414206225977952647e-01 8.335137634540994434e-01 8.437251621298351711e-01 8.351937017665923557e-01 8.428639033970681815e-01 8.480146280888799515e-01 8.372240603306546625e-01 8.238509965321387796e-01 8.282011728321529986e-01 8.279151765937405871e-01 8.373246313451706557e-01 8.336105808724428856e-01 8.387548301040056442e-01 8.157373126963520793e-01 8.321925951967197310e-01 8.326784945950440608e-01 8.351915281231675481e-01 8.370122888148726625e-01 8.382675011407020316e-01 8.203142670119129010e-01 8.362161225024222766e-01 8.317094477619142445e-01 8.332208148904060030e-01 8.229108291134468178e-01 8.354966835087517252e-01 8.325013644135879076e-01 8.379837331235010511e-01 8.342705668755177051e-01 8.417101632238197517e-01 8.410445972385371949e-01 8.408502934783225191e-01 8.412724524403570880e-01 8.445217304317902407e-01 8.380903570095622479e-01 8.482979185705847858e-01 8.413732346261230122e-01 8.450261298900927365e-01 8.471377648703100061e-01 8.427770697443938142e-01
6.339821563682271344e-02 1.833045236463802241e-01 2.821455818675646654e-01 5.003384745630984343e-01 3.753247670253496704e-01 4.645312712830766411e-01 6.502073852354274264e-01 6.210003391180671795e-01 6.913995625155565650e-01 1.000000000000000000e+00 6.897354130640296344e-01 7.353264383884654531e-01 6.612449779829416840e-01 6.832316997288208071e-01 7.571064617358399529e-01 7.420940620904745710e-01 7.008214844556210910e-01 6.768359054182464529e-01 7.075587241818621642e-01 5.742847589382247264e-01 6.534068097930879615e-01 7.224095939591717030e-01 6.681445820493564502e-01 6.291467760608647763e-01 6.928060726453427742e-01 7.436735153757848549e-01 7.492899685918761321e-01 7.505240495312797133e-01 7.333925394201881165e-01 7.452283640571699674e-01 7.630223177909952748e-01 7.475917987646166774e-01 7.451751173258909233e-01 7.130866152869573815e-01 7.471936012821752682e-01 6.940914945809948389e-01 7.368207680844898189e-01 7.734403855590813448e-01 7.524119846529456757e-01 7.306108058047164899e-01 7.669752985983323557e-01 7.647736573751062750e-01 7.254785813675296291e-01 7.696092707191158899e-01 7.569159982574584777e-01 7.701158395070050178e-01 7.801126371530848758e-01 7.846047393382222790e-01 7.750840060284085453e-01 7.440369441163287023e-01 7.717427746536540401e-01 7.105227431725691378e-01 7.573257861557353143e-01 7.847468723436368254e-01 7.779048845910766508e-01 7.837837835982842671e-01 7.584076367721545031e-01 7.796528493224018641e-01 7.772820948158419840e-01 7.802218730624083110e-01 7.685278307861593827e-01 7.806207792145961610e-01 7.674303348573369155e-01 7.660365893169508444e-01 7.609193656887091040e-01 7.699136560555389641e-01 7.827156657779799076e-01 7.780145920392497194e-01 7.679504925948357208e-01 7.528463453307751019e-01 7.696053205903407024e-01 7.761939644381035119e-01 7.479123345064805362e-01 7.638539755526315700e-01 7.823886992034763121e-01 7.860628196906855880e-01 7.786156931863583708e-01 7.821966022815910469e-01 7.742039591747362781e-01 7.841260211010186998e-01 7.758294448613082261e-01 7.825937256778934259e-01 7.779002167431323667e-01 7.792276251796336206e-01 7.656397773813712337e-01 7.650488481690980169e-01 7.693203540576055710e-01 7.822530217497729588e-01 7.769665157184596493e-01 7.813434130991460114e-01 7.709671549069516683e-01 7.788762515629771288e-01 7.754394661749144380e-01 7.796530903093696896e-01 7.828766758581775509e-01 7.844654534981575500e-01 7.592151027465086077e-01 7.628143919603229683e-01 7.708764213935593856e-01 7.741477797562460461e-01 7.671982009543667491e-01 7.729334206126206031e-01 7.707945636818505086e-01 7.798635239984559320e-01 7.693916606285962079e-01 7.732403436627415250e-01 7.795754287127322213e-01 7.844389938961441322e-01 7.818617169975359271e-01 7.852491251580699938e-01 7.811494497179681806e-01 7.860734263087211238e-01 7.813004416206235092e-01 7.786383676064948522e-01 7.754152290997728958e-01 7.746660463576053868e-01
3.328040462577139258e-02 1.328465875534171614e-01 2.994907578039072149e-01 5.683301371802982338e-01 4.283412045779925181e-01 5.160273803649801927e-01 7.185332267082553681e-01 7.047160456376673210e-01 7.537717609030717414e-01 6.897354130640296344e-01 1.000000000000000000e+00 8.417800652784502846e-01 7.479164520651229164e-01 7.765156769103283008e-01 8.365878519695770787e-01 8.316325478674325700e-01 7.717433310346201170e-01 7.647796030317225435e-01 8.006859432631555640e-01 7.106453683774388574e-01 7.645183098007611866e-01 8.138871056100650536e-01 7.633774989929560384e-01 7.325007220897189475e-01 7.866140771399732223e-01 8.323726620112973373e-01 8.332238537414240476e-01 8.290629015463626406e-01 8.027040022077470693e-01 8.209680768843201637e-01 8.580776437914779953e-01 8.359856830315220977e-01 8.075281790229151824e-01 8.068682504183475324e-01 8.305489242309495035e-01 7.961445455691856798e-01 8.310261499253998041e-01 8.471658229421491493e-01 8.432987904430718773e-01 8.080323140155225570e-01 8.539372087362252506e-01 8.533302907188776709e-01 8.181757895753456467e-01 8.627404542633296813e-01 8.504291090524420671e-01 8.589050409128853314e-01 8.677338545345909537e-01 8.666136679533726905e-01 8.652412834741417536e-01 8.379890298828706063e-01 8.544263862995081782e-01 8.180113175149823501e-01 8.558887305873041917e-01 8.695556117235966331e-01 8.698714248893081313e-01 8.643520037126566358e-01 8.576633438135761178e-01 8.646360085079417557e-01 8.616033807728529226e-01 8.673024095585636362e-01 8.667017470859259554e-01 8.663077559740544054e-01 8.592661891986547174e-01 8.635745152674662029e-01 8.510764526282090792e-01 8.628856307066518072e-01 8.700676186223069708e-01 8.694710484273945328e-01 8.657562264371542193e-01 8.579937420940426662e-01 8.677542444702808222e-01 8.703997256345712419e-01 8.475190076248060311e-01 8.617999675003977789e-01 8.709811421103634821e-01 8.693675705247557728e-01 8.671233824315097705e-01 8.681768709700745656e-01 8.670909054059720011e-01 8.683563073738757021e-01 8.694650369358195574e-01 8.750472443903202224e-01 8.660873903171512067e-01 8.688259526734348759e-01 8.618206523263451935e-01 8.610667087243500939e-01 8.629356709505950906e-01 8.694897032450061847e-01 8.648859371277878294e-01 8.690832876937388818e-01 8.586634055767988771e-01 8.689178822674922253e-01 8.685946878064413346e-01 8.689084366190732434e-01 8.689503325918768173e-01 8.716025747442099902e-01 8.617850039819623387e-01 8.629912384073721299e-01 8.694991988992673004e-01 8.665539857702260207e-01 8.641441956072994923e-01 8.705473898739111149e-01 8.680223104817051949e-01 8.707187882937436063e-01 8.665491109676791703e-01 8.682379748632771399e-01 8.719352248862135557e-01 8.706288042453967924e-01 8.727989772327244822e-01 8.701521012613918638e-01 8.702603167296807385e-01 8.724931011755192589e-01 8.713387000468127974e-01 8.711719159837079118e-01 8.659055650246251234e-01 8.691832796138366790e-01
3.092600471844050500e-02 1.390122240298032052e-01 3.208676713699659122e-01 6.229711021100934332e-01 4.635750044013208782e-01 5.780824179643277994e-01 7.999556726410381735e-01 7.638272271959182236e-01 8.027381867718802466e-01 7.353264383884654531e-01 8.417800652784502846e-01 1.000000000000000000e+00 8.073214089699682905e-01 8.435519568330079876e-01 9.061140385289470078e-01 8.991156664789285990e-01 8.449418846445637676e-01 8.209789912620807373e-01 8.523640133589941437e-01 7.593976418181878074e-01 8.454621045924013423e-01 8.750270033067766295e-01 8.190062979492608308e-01 7.828584256018277232e-01 8.281047548175413109e-01 8.864016994583718834e-01 8.916079535409882073e-01 8.826689219509987749e-01 8.454341470661744795e-01 8.548069780418859898e-01 9.166929445802322052e-01 9.031753310896996068e-01 8.761779030040967031e-01 8.694512209875567832e-01 8.903744904801640381e-01 8.624683371965841117e-01 8.983738948643512634e-01 9.141503995156529117e-01 9.215041654435472962e-01 8.797579968988280541e-01 9.217792655803348500e-01 9.233153459761008763e-01 8.912546509254360982e-01 9.367467719856890085e-01 9.254824426709413743e-01 9.291068940304147983e-01 9.359883213884037101e-01 9.377555061824662808e-01 9.346212454217888155e-01 9.044707526287704136e-01 9.238621595238550865e-01 8.997814029897864829e-01 9.318274525997827240e-01 9.371710777255765068e-01 9.346976437042923136e-01 9.293683431201053002e-01 9.293053236968714659e-01 9.346278658510057680e-01 9.275358758608549525e-01 9.406479369344947772e-01 9.377399415733829180e-01 9.358714914731623979e-01 9.291129632807418881e-01 9.330261533758158476e-01 9.291332885957672705e-01 9.357578169181348660e-01 9.382296087047309330e-01 9.350121536260215249e-01 9.333762193466171864e-01 9.282615651384213962e-01 9.392355526738283000e-01 9.356492227535755379e-01 9.163011965009326687e-01 9.239878393768169440e-01 9.363925136268796967e-01 9.350100621294601400e-01 9.312259714070121319e-01 9.253215918031290066e-01 9.310162038317747468e-01 9.252407395199442330e-01 9.339484366059037646e-01 9.403981585464621373e-01 9.387742860040937387e-01 9.346727934209588806e-01 9.265444484014553339e-01 9.290957433805483445e-01 9.339289741854428506e-01 9.380406920892487843e-01 9.372709869260855697e-01 9.384324644570849472e-01 9.303487790662452461e-01 9.397943371581518601e-01 9.386815294418416888e-01 9.384276492969504391e-01 9.400939445793279337e-01 9.409159795261987647e-01 9.296080063139364746e-01 9.340243342323641951e-01 9.381221458711206385e-01 9.361747619349791716e-01 9.357354342229009525e-01 9.396397615581293383e-01 9.407367975574795205e-01 9.415492806632353995e-01 9.370340952667377543e-01 9.395495117950405373e-01 9.416098514752598847e-01 9.390078124994254427e-01 9.399261149397587500e-01 9.424437304459836184e-01 9.389322470635068640e-01 9.436783353230353555e-01 9.411288932039738597e-01 9.413647900802835089e-01 9.398090666705233298e-01 9.416293105734782065e-01
5.203386899606266165e-03 1.413615984003294412e-01 3.035664498227948482e-01 5.438451383857431098e-01 4.414998268450358032e-01 4.802919358125073424e-01 7.226886236066037972e-01 6.877630580689541029e-01 7.195554282378211486e-01 6.612449779829416840e-01 7.479164520651229164e-01 8.073214089699682905e-01 1.000000000000000000e+00 7.393425051816182592e-01 8.182844163557310146e-01 8.152191538320727737e-01 7.605246963532303894e-01 7.158156777985742458e-01 7.492350090333421697e-01 6.481263667989820565e-01 7.384757471752064761e-01 7.714646714112317616e-01 7.110741938905129622e-01 6.741182422791763829e-01 7.230360529344073139e-01 7.958263987008359353e-01 7.984564196790527868e-01 7.836895442427888048e-01 7.496310679732225424e-01 7.677417402546260483e-01 8.118289666913626190e-01 8.064574238339028422e-01 7.796061520539829814e-01 7.837626335718014259e-01 7.911100787256211131e-01 7.812867593812610201e-01 8.001371573404534310e-01 8.215251133271117556e-01 8.203829925182325455e-01 7.759219555067773388e-01 8.223177270993203836e-01 8.228121231640090905e-01 7.942609314415106647e-01 8.346157064390726799e-01 8.213989317726552164e-01 8.271233635103477644e-01 8.361097937781462042e-01 8.345439551384863375e-01 8.376428981799057816e-01 8.120613253645623253e-01 8.279627175561804497e-01 7.969369341737014834e-01 8.225589894168040539e-01 8.370191784421407988e-01 8.320779278473424689e-01 8.312736965899101271e-01 8.272102370192325749e-01 8.332914219230120878e-01 8.249647256711167831e-01 8.425902896942031317e-01 8.363549119514051000e-01 8.352178158422237653e-01 8.232191138289536303e-01 8.360725922423725143e-01 8.257410462871028756e-01 8.360393507763601573e-01 8.397006893066570887e-01 8.316685117460774768e-01 8.275883154013499166e-01 8.199680192216499686e-01 8.318461990145034068e-01 8.320661839251976000e-01 8.085654392186870654e-01 8.145537051626461356e-01 8.380087307649553008e-01 8.346300241688565658e-01 8.298488618187724875e-01 8.265171622050356826e-01 8.256237794104390737e-01 8.273165740653878331e-01 8.304932546283740891e-01 8.366591196531739660e-01 8.374915282998082189e-01 8.317772989732911126e-01 8.313081639201578277e-01 8.295996649145810364e-01 8.322745281963499497e-01 8.388171194581631740e-01 8.364340872645438241e-01 8.360566708252155088e-01 8.251782468373263235e-01 8.374184953809200582e-01 8.363764318884622240e-01 8.350147277794804923e-01 8.378877564668940625e-01 8.397390353653370054e-01 8.293631455611891745e-01 8.333050829877958199e-01 8.346420487889901763e-01 8.367921695655339276e-01 8.318195407122346285e-01 8.363958358867460419e-01 8.367575471198577253e-01 8.415547632306183967e-01 8.356795037357725997e-01 8.362346220705162425e-01 8.404360496801661640e-01 8.393249657152584975e-01 8.382861676701550691e-01 8.411027759438952645e-01 8.359622299349322994e-01 8.426314075200805886e-01 8.377439582944271601e-01 8.424286374367350172e-01 8.389481393189287539e-01 8.417924355455276286e-01
