1.000000000000000000e+00 6.540653745117926132e-02 1.417924015581125408e-01 1.474680594092113162e-01 8.911433263058213261e-02 -7.278100934256829906e-03 2.932270449305544174e-02 9.026855952943368955e-02 1.915037339846104025e-01 5.375032258523788214e-02 9.364174684869260024e-02 6.724878777840305466e-02 6.302877311565305285e-02 1.280512947405422312e-02 8.517586998535978463e-03 1.000337147121623319e-02 1.149008403717767940e-01 9.601893147521867178e-02 6.723579621321804090e-02 5.468104465568504602e-02 1.225844717461353622e-01 8.930213255844286768e-02 4.561332341574290961e-02 6.935978644770492141e-02 6.711328022969935414e-02 6.884616570694095106e-02 5.808761930486918551e-02 6.014186777402164702e-03 7.453583971543875641e-02 4.856068789825097182e-02 3.798306423871061765e-02 2.289972433479605524e-02 -1.239360758579703681e-02 1.261354467620811985e-02 1.250238703246898259e-02 7.739060468116458480e-02 1.470291460384010908e-02 4.145282598267635218e-03 2.276291265667556088e-02 -1.597602652604847295e-02 5.218538147036423831e-03 -1.372727034862895575e-03 4.930296254755456124e-03 2.899372241486323706e-02 3.483823984574373200e-02 -2.536832468892077658e-03 2.074498751245939035e-02 2.586480911767843546e-02 5.839792557997787459e-02 4.026039215463478316e-02 1.493777480628785508e-02 6.882474453120927815e-02 6.088431967277323914e-02 4.778252752930039343e-02 5.015030200038472774e-02 1.800338680608109393e-02 1.032787939794991006e-01 1.384406026804605588e-02 3.869021373938178604e-02 5.517458338148073516e-02 2.084982217863109999e-02 5.492284206838596305e-02 5.017560464182223984e-02 8.478162851546039436e-02 7.639941957887405599e-02 9.020084524329209652e-02 3.737928779175590799e-02 2.619208742005647503e-02 2.004048269028463336e-02 3.909665492241263390e-02 2.955101933259721494e-02 2.970997984076083342e-02 3.653362692234632392e-02 2.500821684509383844e-02 2.549750890976491824e-02 1.940501711912647961e-02 5.842585541295751243e-03 4.154071282187739994e-02 2.177930804349088867e-02 2.678983705475215457e-02 1.779649105986228635e-02 1.725091808086699416e-02 4.200266359078082268e-02 1.247529387164924078e-02 1.820083188048792627e-02 2.008702749294068862e-02 8.754824810161973558e-03 1.202138976164828649e-02 7.444380797569399855e-03 2.110553371476476398e-02 -6.164824494042427799e-04 -1.129485251455860100e-04 9.718298795853508310e-03 2.024943639908340261e-03 1.087925284430876424e-02 1.642190869541406556e-02 3.425399594990283236e-02 7.574337412641207745e-02 1.562175546198729496e-02 1.791458981617792892e-02 4.903837546666291528e-03 4.251294487205366929e-02 3.621934807435724796e-02 2.089957059303007916e-02 3.947628970550710187e-02 7.437013884197371527e-02 4.256931414999928776e-02 1.528010411405906523e-02 1.967367922388246065e-02 2.408794223898224826e-02 1.778331145019568238e-02 3.308808586829897758e-02 2.756886988775511527e-02 5.375298647908335892e-02 5.035789510089882376e-02 5.318395584245508984e-02
6.540653745117926132e-02 1.000000000000000000e+00 9.056908409361943968e-02 5.086160773309570532e-02 4.195756439849531068e-03 8.099207219654977474e-02 1.193588158778783881e-01 1.053730301007276132e-01 1.097604814724418010e-01 1.556569568481262766e-01 1.107538871425331889e-01 1.241963022495747859e-01 1.023949276283960680e-01 9.527387386364807864e-02 1.239310153147988453e-01 1.290836433549482909e-01 9.889198850272669372e-02 1.384183341999690453e-01 1.238472711876097976e-01 1.352999183023831375e-01 1.097840597481448133e-01 1.221458809901392606e-01 1.559818263037278108e-01 1.552976815942868627e-01 1.207990859151962804e-01 1.074677140993821750e-01 1.130384916202280127e-01 1.219932790733802425e-01 1.330509239938458543e-01 1.454873619089544490e-01 1.452263957173237363e-01 1.403598399491164384e-01 1.085712870274963271e-01 1.252727886806880575e-01 1.386260593094011673e-01 1.010217211365853490e-01 1.220381722716149531e-01 1.193720799235789970e-01 1.319100184430663791e-01 1.260472719245720741e-01 1.336641238818270239e-01 1.259251564445412197e-01 1.029261530088703414e-01 1.167465533198413369e-01 1.325018769393224438e-01 1.406008832985023438e-01 1.328733026172229659e-01 1.404675180089400843e-01 1.178431571128916167e-01 9.817983109830236144e-02 1.252831069775545147e-01 9.559895882197931571e-02 1.031396069591376252e-01 1.422876140731091088e-01 1.311524206749875299e-01 1.464399854787693522e-01 1.143164204141480095e-01 1.365827173177207310e-01 1.406615048447791561e-01 1.272300139141702702e-01 1.205396408868388142e-01 1.346682169093948722e-01 1.361420837518717841e-01 1.004538741755946207e-01 1.223903855431108800e-01 1.190318855499625933e-01 1.341173979505777825e-01 1.425341529820914888e-01 1.472415252651836648e-01 1.407190697773183785e-01 1.320125630999470778e-01 1.348312566471931706e-01 1.572916877752066345e-01 1.414875544210382197e-01 1.338881914943947649e-01 1.350493471150734370e-01 1.411949958666747773e-01 1.453356433454579544e-01 1.495854225304246721e-01 1.297287262663686103e-01 1.320473522941030264e-01 1.333461231178171003e-01 1.436645166802156537e-01 1.326632062002643386e-01 1.225095017476132281e-01 1.335062615962562538e-01 1.329052961480665651e-01 1.387343580467780835e-01 1.365741599963667952e-01 1.498575029061133546e-01 1.416616043125013824e-01 1.352911471391737841e-01 1.332838753081168059e-01 1.349863248557519879e-01 1.362999926425518260e-01 1.385600857126831065e-01 1.250092838542130325e-01 1.154004741057450961e-01 1.251289844520405703e-01 1.321893696454996270e-01 1.252289872568916884e-01 1.310809090239669350e-01 1.203646703972260229e-01 1.266393848442990133e-01 1.208708889453572188e-01 1.311634809115277966e-01 1.275306895750367431e-01 1.425974397617846834e-01 1.420280686770593881e-01 1.347656041020396378e-01 1.469387370607618259e-01 1.333707160282345261e-01 1.419981629105581400e-01 1.239054184106266887e-01 1.244393211414963479e-01 1.261246071614209874e-01
1.417924015581125408e-01 9.056908409361943968e-02 1.000000000000000000e+00 2.780651221826315744e-01 1.487554864799622845e-01 1.214151769427645605e-01 2.679675736183959600e-01 2.530323661024670989e-01 2.631650425270083415e-01 2.302184002570606125e-01 2.816503375679942356e-01 2.853287938691190795e-01 2.546481094475340212e-01 1.927444118066612699e-01 2.549114745949981331e-01 2.583351890317557853e-01 2.409567624561872734e-01 3.013072047802514697e-01 2.775235262505387213e-01 2.475283858583451901e-01 2.927060875572803367e-01 2.766026340285202556e-01 2.839272355681056736e-01 2.872201261561144192e-01 2.802048497570913677e-01 2.879858718412251495e-01 2.598897182677368800e-01 2.721371703790437802e-01 2.661610205653348604e-01 2.740165504337134239e-01 2.752564184256871549e-01 2.736718964569088142e-01 2.649367023281940514e-01 2.710161426462106560e-01 2.683076225782061175e-01 2.827129416453792454e-01 2.703237409682942016e-01 2.594865332159247417e-01 2.772039096506778710e-01 2.632803199647669179e-01 2.521052416617614589e-01 2.660523469462729995e-01 2.682045638730868320e-01 2.757791793504501543e-01 2.830580184056453175e-01 2.667532312097016245e-01 2.539844118362426517e-01 2.603534516379425456e-01 2.671018163459414341e-01 2.620689859784216535e-01 2.532879478696571929e-01 2.862910123714753619e-01 2.745847228278520125e-01 2.678305131454189469e-01 2.782177276723737380e-01 2.839505157947306291e-01 2.823777121318881145e-01 2.632486922849391342e-01 2.618387577987490444e-01 2.559775583881223060e-01 2.586996692300976286e-01 2.646332227413020766e-01 2.667547161445933401e-01 2.672147809650005645e-01 2.605831526570768220e-01 2.693464055857106021e-01 2.634313761254434838e-01 2.667833125336058209e-01 2.743840317662480932e-01 2.791747030672465657e-01 2.655590007882066561e-01 2.675414079928041255e-01 2.739521772898504959e-01 2.688635413542750929e-01 2.712143542177297695e-01 2.645794486154645075e-01 2.674074384652415648e-01 2.741377568550223964e-01 2.663436894888257522e-01 2.698932702713801590e-01 2.679740385664242663e-01 2.602236267262133529e-01 2.766378388908891095e-01 2.720563550629442884e-01 2.759194696699594496e-01 2.729580142009861987e-01 2.628158148956606932e-01 2.678105051942559767e-01 2.662559981342791926e-01 2.695648909373905000e-01 2.740784563291215337e-01 2.596211759272341602e-01 2.649079390241463883e-01 2.630062727296716973e-01 2.523540787237684713e-01 2.575515491213491437e-01 2.800802846799501644e-01 2.756888202776180963e-01 2.565453159025933849e-01 2.652299746924935975e-01 2.686018408537551583e-01 2.677316843179042838e-01 2.724445549486744778e-01 2.645970810264250406e-01 2.748823322424831517e-01 2.727910016469294874e-01 2.645183074899314923e-01 2.539866212123166878e-01 2.612866175700145344e-01 2.564236235877054293e-01 2.597556198803271377e-01 2.571048087201063814e-01 2.606077517908368946e-01 2.637202636295150615e-01 2.633040431096378975e-01 2.582414790066698274e-01
1.474680594092113162e-01 5.086160773309570532e-02 2.780651221826315744e-01 1.000000000000000000e+00 2.555585892273491422e-01 2.319809722766497939e-01 4.328853185830475181e-01 4.938648916176955339e-01 4.625665698812659876e-01 4.130911164167885841e-01 4.603698339058905908e-01 5.040558787970935706e-01 4.138078499026408563e-01 3.675838747361304115e-01 4.669295781061818529e-01 4.634708606106619500e-01 4.384989717070590931e-01 4.817256652069233369e-01 4.503871818056057186e-01 3.740037633388824112e-01 4.838915756061039075e-01 4.876551778067228504e-01 4.812664326731762032e-01 4.303491617511535638e-01 4.467709255191152917e-01 5.236498887486638054e-01 5.129649013331363250e-01 4.974147945378569191e-01 5.022158563832753719e-01 4.913209647069984864e-01 4.950166380183334547e-01 5.047704520191331756e-01 4.953050410108594259e-01 4.976525840334233841e-01 4.742876359670802344e-01 5.078136833609880885e-01 4.917283080559014530e-01 4.908194701902783841e-01 4.936978003117830083e-01 4.893438176882918267e-01 4.753364329893056683e-01 4.734169684669264355e-01 4.683397757287649510e-01 4.890244150537799706e-01 5.035406555388302063e-01 4.714927975772043034e-01 4.559874788826012160e-01 4.688317726366574290e-01 4.929964585424089774e-01 4.884704329401090006e-01 4.721143980730691525e-01 4.874454578394612492e-01 4.732458236310020383e-01 4.719581937861960785e-01 4.837031120610607027e-01 4.871257625819341297e-01 4.815441603718814689e-01 4.621107121853423871e-01 4.652026692056307478e-01 4.593637783627078086e-01 4.486216469468395363e-01 4.539844786375220043e-01 4.624969727718113433e-01 4.771262972277197645e-01 4.753532942160161312e-01 4.755386926338124876e-01 4.765594472835552042e-01 4.687659275752006915e-01 4.826028755799599557e-01 4.832931266603936460e-01 4.781769068397952460e-01 4.765917869612478763e-01 4.671144329733173950e-01 4.653819058352317017e-01 4.877012839440069691e-01 4.727456540842508992e-01 4.714546304541243349e-01 4.881760128429363244e-01 4.710351682397109219e-01 4.822852888750290279e-01 4.806448837821681308e-01 4.793086720663490286e-01 4.904079395822885101e-01 4.828376801887324654e-01 4.964850002862319922e-01 4.907170091027200920e-01 4.746066056403222544e-01 4.836023395665676183e-01 4.818951756516555718e-01 4.710939132966765475e-01 4.858280257512389566e-01 4.644404368551197648e-01 4.785699266886772052e-01 4.790316110388674886e-01 4.544382402295712442e-01 4.621686866263582383e-01 4.950747431100556706e-01 4.867556233472852267e-01 4.572610363582115256e-01 4.754015342883725626e-01 4.767067250505554465e-01 4.745362763340016943e-01 4.797977675741674219e-01 4.725280480344407064e-01 4.881367907109799842e-01 4.810338320116270827e-01 4.776939713617687211e-01 4.570771942743497851e-01 4.671439958717185092e-01 4.574980554943743893e-01 4.553855819696990825e-01 4.589542230807690526e-01 4.583136001268126591e-01 4.760909912400957400e-01 4.725247965262389105e-01 4.624566640864593015e-01
8.911433263058213261e-02 4.195756439849531068e-03 1.487554864799622845e-01 2.555585892273491422e-01 1.000000000000000000e+00 2.035340110487772469e-01 3.492332828659900912e-01 3.800005250330731332e-01 3.588505046835398504e-01 3.047627931863969852e-01 3.610445206150577069e-01 4.012014002847792971e-01 4.223474726300707194e-01 2.920111086082122775e-01 4.021958133537623659e-01 4.076221780768385927e-01 3.451345446654361937e-01 3.809530133320301881e-01 3.720258247350750613e-01 3.618896306230856563e-01 4.034842677365415020e-01 4.017830787622017619e-01 3.888465581967404106e-01 3.803282102425170619e-01 4.016414080028054001e-01 4.316351856402431686e-01 3.914620353601625524e-01 4.083726969424867348e-01 4.100915809472144846e-01 4.012166860918283118e-01 4.054889758001344879e-01 4.242656206898158811e-01 3.807967992078790664e-01 4.070302615981039596e-01 4.012342197143753397e-01 3.972972157783609126e-01 3.702908175738381935e-01 4.130545225436256795e-01 4.131749563321897023e-01 4.028161887364048455e-01 4.094973456983628801e-01 4.217177522334030204e-01 4.368085166492688964e-01 4.279901749352779117e-01 3.942880509598207794e-01 4.010365762337496642e-01 3.981472687588281101e-01 3.998724394709682883e-01 4.171372369970942628e-01 4.381944875286663543e-01 4.227981197025749149e-01 4.474753951554261144e-01 4.196181541906625068e-01 3.842135321148220650e-01 3.852975463050445359e-01 4.066639345970951003e-01 3.889928701135947353e-01 4.110455619047564402e-01 3.927837112393281482e-01 3.967546816230662077e-01 4.213995725599479214e-01 3.781679037289434331e-01 3.897254438532264942e-01 4.230423196874771308e-01 3.825296024320923860e-01 3.709895697537926029e-01 4.006432269948052016e-01 3.995617265671253526e-01 4.183206151075180013e-01 4.255120915659901248e-01 4.098747221246793471e-01 4.096892303841276339e-01 3.999719240833050082e-01 4.081776909372341611e-01 4.217525375745274641e-01 4.013020294724259363e-01 4.136129740665023813e-01 4.067608027357368927e-01 4.094085409648342555e-01 4.048437782284514674e-01 4.004940241607847784e-01 4.059253649399324204e-01 4.077725859577336909e-01 4.066149031261383495e-01 4.385501753773256572e-01 4.196421209510201034e-01 3.966060660482128575e-01 4.135628746253385835e-01 4.061987775186677307e-01 4.003725616763542661e-01 4.076313961149948262e-01 4.101311597524055497e-01 4.007233734960317650e-01 4.055322440924384875e-01 3.935735302095752508e-01 3.976028004804103566e-01 4.389491257103188548e-01 4.246499059164485224e-01 4.207482218792116813e-01 4.210192030696880416e-01 4.248815245028668697e-01 4.059840074644318064e-01 4.193999371345579208e-01 4.196777723072193100e-01 4.258564981812610339e-01 3.934586799934793322e-01 4.140765942468948579e-01 3.976104873827854824e-01 3.963789755630053868e-01 4.015925094303358089e-01 3.877093699434953633e-01 3.994036430447683861e-01 3.854768768171373816e-01 4.138511575575481993e-01 4.040741512447540429e-01 3.866530580276335560e-01
-7.278100934256829906e-03 8.099207219654977474e-02 1.214151769427645605e-01 2.319809722766497939e-01 2.035340110487772469e-01 1.000000000000000000e+00 4.069965058488133614e-01 3.592845269204994474e-01 4.246404219103196986e-01 4.276843656772879587e-01 4.282863427834295300e-01 4.686865636368164889e-01 4.299663911917471215e-01 3.771325126013425066e-01 4.715125067782068302e-01 4.617148736161040268e-01 4.401395630831934080e-01 4.287132515327218285e-01 4.481967117637804532e-01 3.432922999099916050e-01 4.451096451469719883e-01 4.575295375954154253e-01 4.528826220923317103e-01 4.250079159741449453e-01 4.249122141458547275e-01 4.828818779770033820e-01 4.682397621271522370e-01 4.882436415835339494e-01 4.803733541173702548e-01 4.920398216416619896e-01 4.956998296186602704e-01 4.931449605169716532e-01 4.803504949708931049e-01 4.750757308888819974e-01 4.847908058713846779e-01 4.593597552388171135e-01 4.819670964636272315e-01 4.901388616563751022e-01 4.947567723738117151e-01 4.886815872449236098e-01 5.049805702527075946e-01 4.990165637566603696e-01 4.838969631086513790e-01 5.048713998554615889e-01 4.971290151682200009e-01 4.885741391277543810e-01 5.047112858197490004e-01 5.103268222073152893e-01 5.038628428216370692e-01 4.738467621980655964e-01 5.035195135397181332e-01 4.635001040064879452e-01 4.943288429712832110e-01 5.031941301375225661e-01 4.997110687225161940e-01 5.048958721830479890e-01 4.919566124843218757e-01 4.993309823456360541e-01 5.026985964527681539e-01 5.017187114585924812e-01 4.943339947041149873e-01 4.975036478997164613e-01 4.984612773430412425e-01 4.961472027699663223e-01 4.981759571887098836e-01 4.902261270324349551e-01 5.078910889640358972e-01 4.995988416340415572e-01 5.003832355727458880e-01 5.034106035099171761e-01 5.049944092164154741e-01 5.037920747711116531e-01 4.936229283720914851e-01 4.989946781899395334e-01 5.087531590393928882e-01 5.059287411317470173e-01 5.043583439549067515e-01 5.047480769606773610e-01 5.043623934813729059e-01 5.052859850932582830e-01 5.056777044907398988e-01 5.119400419913650024e-01 5.024268436657981507e-01 5.078995942265484009e-01 4.987373375494963401e-01 5.045244904268509911e-01 5.086908910332579303e-01 5.076550273951693226e-01 5.118467501909274020e-01 5.006156560764133401e-01 5.067379308273549654e-01 5.084203561340889799e-01 5.108994725833283512e-01 5.095530873492970514e-01 5.075380620678507926e-01 5.102539924804296856e-01 4.964675072188617366e-01 4.909042464741907863e-01 5.043907783623362562e-01 5.094642931344932624e-01 5.105508902497766233e-01 5.044978671596637154e-01 5.083706572115495037e-01 5.105032122239824277e-01 5.016782754836413005e-01 4.978917906858897902e-01 5.056241327961787935e-01 5.079099799718844732e-01 5.080617961120412751e-01 5.082510990912655346e-01 5.056911306225554403e-01 5.075201944205488536e-01 5.045387509669891912e-01 5.045379272800687431e-01 5.029238542076012175e-01 5.058934788485806022e-01
2.932270449305544174e-02 1.193588158778783881e-01 2.679675736183959600e-01 4.328853185830475181e-01 3.492332828659900912e-01 4.069965058488133614e-01 1.000000000000000000e+00 5.764747498710403040e-01 5.868845936086540815e-01 5.928105044299112336e-01 6.209937784731717203e-01 6.782025400442071028e-01 6.107749747654357408e-01 5.594142296527963021e-01 7.588881119914451245e-01 6.873268666061942422e-01 5.778246246197360492e-01 6.662866986500745048e-01 6.673298889587432337e-01 5.403853545634292876e-01 6.406601067437435182e-01 6.855006125671181394e-01 6.877429859199087891e-01 6.274095655972384833e-01 6.666954780493907773e-01 7.526424190394384039e-01 7.062890797323155834e-01 7.528455212484495007e-01 7.318857171231871739e-01 7.153356521955791525e-01 7.310638082071485577e-01 7.317926467266246959e-01 7.180813512115243880e-01 7.204642458196950372e-01 6.998813000526770134e-01 6.788609634732540865e-01 7.043481145380557917e-01 7.344877870507320328e-01 7.467663243650248805e-01 7.351226839478803843e-01 7.207040881227207985e-01 7.408400898479984287e-01 7.389387324306836424e-01 7.446896363719645029e-01 7.175916040846678223e-01 7.645024136403780757e-01 7.052821522730191584e-01 7.085808319262874022e-01 7.038164275286592497e-01 6.769114278750074654e-01 7.185952815066876109e-01 6.761653150421784719e-01 6.801975698189057784e-01 7.008216109491470780e-01 6.983204095824767643e-01 7.369892812748393141e-01 6.593140559469417017e-01 7.039750561255734285e-01 7.039544197442565432e-01 6.841828880098229648e-01 7.004285048385499035e-01 6.840449076201093881e-01 6.866690272930046079e-01 6.829976766296550483e-01 6.703367506837307754e-01 6.511962656078569278e-01 7.097370872673035569e-01 7.146881875622002056e-01 7.315939796419650420e-01 7.111877273559021884e-01 7.105930748399557073e-01 7.210155760527241497e-01 7.089850085700799553e-01 7.111813655425209824e-01 7.425508362039773269e-01 7.259862659042098931e-01 7.443018902773125278e-01 7.361513245547233186e-01 7.383386414297622435e-01 7.310692216582832526e-01 7.269443750409065874e-01 7.247463767070454477e-01 7.186716308515062046e-01 7.291278899698117044e-01 7.283562309471576235e-01 7.307678802317336686e-01 7.176058269557941127e-01 7.368553447510600707e-01 7.359956687269959552e-01 7.242575574867209376e-01 7.450031213139449715e-01 7.283895213963984538e-01 7.241345255216290466e-01 7.441922399911700126e-01 7.050534764097025064e-01 7.105936794665984602e-01 7.188569730573320937e-01 6.821849957763613803e-01 7.049616371236563372e-01 7.214579212808466258e-01 7.345886085095308937e-01 7.019754263639885750e-01 7.024474444855055566e-01 7.206388560611546312e-01 7.075783418163211769e-01 6.834719371703296131e-01 7.064693310027474471e-01 7.098168365015002923e-01 7.136242659936502530e-01 7.027788139274498969e-01 7.036891981682759090e-01 7.011478160545202565e-01 6.998418345068312396e-01 7.031438511587954077e-01 6.915013940276085735e-01 6.779405612133729830e-01
9.026855952943368955e-02 1.053730301007276132e-01 2.530323661024670989e-01 4.938648916176955339e-01 3.800005250330731332e-01 3.592845269204994474e-01 5.764747498710403040e-01 1.000000000000000000e+00 5.605054528371739009e-01 5.151204346453962524e-01 5.767032840780006442e-01 6.502586241667336342e-01 5.835865183283402979e-01 4.840353191161248514e-01 6.224222002760404493e-01 6.762874021945779468e-01 5.173731446236704556e-01 6.250630912272231443e-01 5.762916038688588038e-01 5.353187806359759326e-01 6.305479902784532076e-01 6.119070249454672261e-01 6.075815195553703196e-01 5.431023427425702987e-01 5.734522056258133382e-01 6.774227371239471829e-01 6.278899667222826997e-01 6.475310203736527326e-01 6.648303048616427402e-01 6.254935406436461509e-01 6.322820483468728492e-01 6.606450880654278768e-01 6.399114211492206161e-01 6.489507371439862116e-01 6.352752416781515254e-01 6.337705235531628789e-01 6.067191147595545342e-01 6.840430675723395693e-01 6.619484411846192629e-01 6.696972182743731183e-01 6.284117399688827765e-01 6.517807699477474737e-01 6.521287328998746080e-01 6.545917432465726549e-01 6.378608344258411833e-01 6.397727998981058706e-01 6.094505295480200369e-01 6.168481412665953734e-01 6.576812544545905803e-01 6.722909270945774951e-01 6.640766689896133723e-01 6.177289944532796673e-01 6.102957514745591672e-01 6.236386773227722280e-01 6.427314789442443166e-01 6.545223756107607649e-01 6.309855706152137644e-01 6.167468205340781440e-01 6.378533625959020847e-01 5.935532548198408920e-01 6.209900330591323625e-01 6.031972786937858100e-01 6.368325104902088363e-01 6.292670323098273899e-01 6.002237838591696351e-01 6.013256203406088796e-01 6.175955912392756542e-01 6.075202848590915972e-01 6.336541514770057670e-01 6.387143274127066173e-01 6.220643727541169676e-01 6.201276053059869842e-01 5.981522016726009694e-01 6.100629508694714875e-01 6.428577713795186055e-01 6.237277918917264463e-01 6.297254904299189882e-01 6.445114330467796027e-01 6.273069390772426646e-01 6.294903337262010012e-01 6.199717377304920785e-01 6.262443869274014752e-01 6.297526593516209470e-01 6.307251062739309688e-01 6.613833100113737373e-01 6.391577508028716270e-01 6.155199619569927671e-01 6.450455999394753004e-01 6.344017497366105651e-01 6.222588156482191657e-01 6.410557570993428156e-01 6.229537912001061883e-01 6.222511632108106427e-01 6.398439092919320226e-01 6.056955194783563146e-01 6.134299677697242492e-01 6.569459970850650699e-01 6.394784994950273305e-01 6.245670245319623337e-01 6.361598664063641273e-01 6.424436361818753882e-01 6.373535727918319127e-01 6.232649879671976478e-01 6.305363993692612024e-01 6.343754575884589242e-01 6.181789209557450038e-01 6.333119746639955805e-01 6.099670767287619366e-01 6.201402046470690932e-01 6.101427689202703064e-01 6.083521807065348508e-01 6.058855582684103958e-01 6.061944055377601615e-01 6.280957631978701938e-01 6.114472495874002655e-01 5.944571302341488117e-01
1.915037339846104025e-01 1.097604814724418010e-01 2.631650425270083415e-01 4.625665698812659876e-01 3.588505046835398504e-01 4.246404219103196986e-01 5.868845936086540815e-01 5.605054528371739009e-01 1.000000000000000000e+00 7.100538074079091322e-01 7.072654749126526808e-01 7.609552365722833667e-01 6.970286693789269350e-01 6.125603776279705537e-01 7.538421931750504124e-01 7.207007975821145829e-01 7.603834545650154375e-01 7.086717763289747118e-01 7.149297736735091835e-01 5.497316519435254678e-01 7.364333387383851237e-01 7.485723163858951645e-01 7.248964319236974596e-01 6.670289498042675236e-01 6.916099092543328553e-01 7.718877141585757107e-01 7.749257718403155248e-01 7.516388957997074405e-01 7.867103776469918097e-01 7.951757049868304339e-01 8.049673109802630844e-01 7.742577155061896033e-01 7.144751737422265769e-01 7.335390213460217801e-01 7.400217015485412997e-01 7.541355147151349581e-01 7.717201981003993794e-01 7.388870496311067404e-01 7.751505434210477219e-01 7.231799083958497798e-01 7.850960208580876065e-01 7.689794605433871721e-01 7.420071865320748694e-01 7.916106268737633789e-01 7.974002933170494245e-01 7.578633550819384723e-01 8.082939249226709366e-01 8.197875327529627887e-01 8.204076420774832901e-01 7.551923385500729502e-01 7.794038107737635279e-01 7.774175738078497044e-01 8.159568405179985495e-01 8.261174447164042478e-01 8.206869960030954703e-01 8.009906135909442559e-01 8.396808100811143927e-01 8.006893488686550597e-01 8.150427527068322409e-01 8.289253596676865454e-01 7.971125201406886740e-01 8.193697077902123427e-01 8.160445098423864119e-01 8.227110185277080046e-01 8.327434121292863756e-01 8.365624046842924377e-01 8.198609793829571002e-01 8.004282920971123039e-01 7.969593310175102641e-01 7.933657306455752511e-01 8.022105997419665124e-01 8.064820661141024472e-01 7.926080518359671645e-01 7.867114172983363796e-01 8.070262222421829001e-01 8.076877804080353496e-01 7.922492231191248235e-01 8.197958066745107963e-01 7.951215042790127363e-01 8.098855123098238629e-01 8.057813900038932609e-01 8.116915111560832896e-01 8.121646538762230527e-01 8.017024247322179775e-01 7.753733896782171175e-01 7.941503856997140787e-01 8.002208304874128819e-01 7.931857060690701289e-01 7.987147032617301079e-01 8.027228055271466989e-01 7.808004079727316471e-01 7.940100694020516547e-01 8.041767431662453225e-01 7.952110150957527601e-01 8.089580294931723037e-01 8.115460489523734777e-01 7.844437708051242852e-01 8.184243898793127636e-01 7.978580229048127803e-01 7.996040879035977156e-01 7.902545990148802657e-01 8.132749754341767057e-01 8.217425245508522824e-01 8.059144878988884209e-01 8.157287350854527386e-01 8.315647647088264538e-01 8.179607825155524869e-01 8.102708768272560702e-01 8.129528182374063938e-01 8.122792754255860892e-01 8.052436291477816921e-01 8.197671098376512200e-01 8.148740520401723808e-01 8.221699402574036419e-01 8.228530970225534924e-01 8.299262468860824082e-01
5.375032258523788214e-02 1.556569568481262766e-01 2.302184002570606125e-01 4.130911164167885841e-01 3.047627931863969852e-01 4.276843656772879587e-01 5.928105044299112336e-01 5.151204346453962524e-01 7.100538074079091322e-01 1.000000000000000000e+00 6.623850957399614048e-01 7.334957652233633496e-01 6.396428441385301200e-01 5.983105215638806484e-01 7.611722308775754620e-01 7.235359049450926783e-01 6.944042343410260498e-01 6.733009815460122560e-01 6.887158131120829641e-01 5.605659168404261150e-01 6.860819078667557136e-01 7.092571424038546235e-01 7.195455541874420380e-01 6.639012598871865123e-01 6.757538224746771904e-01 7.556905157642197501e-01 7.490104956891275867e-01 7.519648491344075314e-01 7.634315105698685766e-01 7.856026633798545156e-01 7.978929653520165921e-01 7.779010688476531987e-01 7.331498224110025719e-01 7.345373593919021227e-01 7.527212675142941345e-01 7.176553101505406262e-01 7.637301946690513432e-01 7.472534795083876080e-01 7.702203807833004623e-01 7.368700746016110248e-01 7.936994826142903525e-01 7.712386830532727000e-01 7.448229544672887448e-01 7.782548853866818606e-01 7.864993082095453891e-01 7.727472023354472475e-01 7.996031062357596975e-01 8.135412467563716277e-01 7.829999980855223418e-01 7.197766607061270028e-01 7.762110937588648785e-01 7.196886688333132831e-01 7.612022652968926106e-01 8.063247784626115244e-01 7.932530951006283582e-01 8.005705393486599597e-01 7.726439311424129208e-01 7.935366998079859124e-01 7.989114821699211388e-01 8.003067577302984681e-01 7.790647729512462094e-01 7.895978481918504155e-01 7.856342359358629013e-01 7.670958740732140013e-01 7.929729395297888672e-01 7.857634268789167598e-01 8.073287735581320401e-01 7.996922758776653373e-01 7.992154398737694176e-01 7.944281144093664482e-01 7.931397714669149446e-01 7.971797895619020524e-01 7.865743784196604915e-01 7.871095027963166402e-01 8.008196098815526520e-01 8.028087701785814323e-01 7.951919801547400191e-01 8.061661368506907177e-01 7.935267984099411143e-01 7.989473778888831479e-01 7.971210644078035035e-01 8.093020555191191567e-01 8.004238237794665256e-01 7.961572279215829440e-01 7.678092884482337066e-01 7.889807835010117509e-01 7.978982311799333038e-01 7.948209790001828923e-01 7.984042070142937098e-01 8.067896310033637608e-01 7.924509177808538585e-01 7.996613939811174632e-01 8.019297293116618430e-01 8.008748984310859464e-01 8.060219765668682479e-01 8.092542410750428461e-01 7.665764597971068683e-01 7.715619925867329698e-01 7.860771676787013940e-01 7.934861896413908378e-01 7.889478310704994835e-01 7.902337721530202641e-01 7.935759326087323817e-01 7.946300515836447476e-01 7.900221665440388952e-01 7.919277873487499120e-01 7.953503691337885373e-01 8.093620499945828328e-01 8.098678813907275176e-01 8.028211809653857944e-01 8.021779969435982593e-01 8.042059923133697552e-01 8.042928756826295267e-01 7.926118834967068594e-01 7.997835885989533766e-01 8.004072600331899601e-01
9.364174684869260024e-02 1.107538871425331889e-01 2.816503375679942356e-01 4.603698339058905908e-01 3.610445206150577069e-01 4.282863427834295300e-01 6.209937784731717203e-01 5.767032840780006442e-01 7.072654749126526808e-01 6.623850957399614048e-01 1.000000000000000000e+00 7.780996007929202873e-01 6.795056685016143128e-01 5.992609656893345127e-01 7.656018250765498356e-01 7.322678218607800993e-01 6.977752736651473553e-01 7.188326318333262410e-01 7.210974190708095977e-01 5.685257536058875294e-01 7.197328839715152471e-01 7.510156387303493775e-01 7.524555910451068419e-01 6.978418252941817057e-01 7.188460423668691091e-01 7.853699088285123198e-01 7.707816696498528408e-01 7.835772834063927661e-01 7.766712240121923516e-01 7.814033899069400269e-01 8.033418293543713729e-01 7.863337782441698343e-01 7.507568636103895132e-01 7.578102763544686260e-01 7.546898349305409814e-01 7.432627907371369691e-01 7.879778882773159632e-01 7.634148715198811885e-01 7.863374410192665032e-01 7.639751148047301266e-01 7.860282905319649904e-01 7.871134761714125849e-01 7.639560011466793865e-01 7.947881672970033007e-01 7.993416491875189323e-01 7.814969335437146336e-01 7.918879026408344179e-01 7.943461269779094058e-01 7.901003963447214007e-01 7.402269185810410601e-01 7.813957641013022926e-01 7.588918101193864452e-01 7.773245112437633386e-01 7.929992728024395365e-01 7.874463547935033336e-01 8.009374680350743736e-01 7.732490549113749667e-01 7.885892452022109644e-01 7.907998223393374326e-01 7.849670439284495149e-01 7.804941835756294966e-01 7.786765905867435444e-01 7.816696917144030365e-01 7.739151846792610145e-01 7.808014927362728619e-01 7.758006199275002679e-01 7.978327876953736908e-01 7.973805526286038559e-01 8.003065192368714609e-01 7.872217275655239987e-01 7.959850274488955435e-01 8.003960049915618269e-01 7.895296024426375903e-01 7.927987475268569728e-01 8.076245616127307736e-01 8.031464468366268372e-01 8.007522640532246383e-01 8.065789894822007478e-01 7.981545264942833118e-01 8.009806332408950791e-01 8.018820508362970445e-01 8.017434696291875218e-01 8.007200113843124800e-01 8.010103104965923260e-01 7.800982465857332349e-01 7.964907952063938756e-01 8.015605181715007577e-01 7.966020096201442691e-01 8.012328261746147762e-01 8.012344544746374808e-01 8.046290196791812122e-01 7.972370422198902240e-01 8.028421005888936035e-01 8.043032724259358002e-01 7.917124564348764215e-01 7.953073592466496367e-01 7.838579423045487493e-01 7.796433990617955834e-01 7.834307997136287227e-01 7.935576617969117841e-01 7.958250821614211157e-01 7.884780248800092872e-01 7.975843775319741980e-01 7.948842200132837377e-01 7.948588270112848519e-01 7.862230364046761677e-01 7.934318579848383957e-01 7.927300902366133384e-01 7.954241795999145159e-01 7.909858231820841024e-01 7.877555475465720658e-01 7.928859915207039366e-01 7.893118858484693412e-01 7.911586963585924837e-01 7.899735658702078389e-01 7.859367033595687779e-01
6.724878777840305466e-02 1.241963022495747859e-01 2.853287938691190795e-01 5.040558787970935706e-01 4.012014002847792971e-01 4.686865636368164889e-01 6.782025400442071028e-01 6.502586241667336342e-01 7.609552365722833667e-01 7.334957652233633496e-01 7.780996007929202873e-01 1.000000000000000000e+00 7.488924825501920290e-01 6.640312274314793539e-01 8.374352685019845755e-01 8.296224545610318968e-01 7.765568100154939257e-01 7.851567432481468822e-01 7.951936899103189127e-01 6.397580391533846944e-01 8.074222978700521525e-01 8.292133790786812009e-01 8.077118719151185067e-01 7.609799812249466999e-01 7.887571074812460559e-01 8.649779899098734015e-01 8.434003855168218378e-01 8.517523887807854077e-01 8.582167071051434171e-01 8.624591548288059739e-01 8.862850608903649618e-01 8.703403260913311623e-01 8.221482902771066748e-01 8.330825965050309145e-01 8.341682880430864033e-01 8.250586127958040583e-01 8.501367118749826313e-01 8.517767048371038818e-01 8.733600022696429432e-01 8.449945933606272108e-01 8.759767804678977310e-01 8.732454876004237532e-01 8.534414050711653932e-01 8.860053955412043880e-01 8.802622551175459664e-01 8.665693155100721023e-01 8.820796203442556882e-01 8.902042371433603885e-01 8.854658707298522780e-01 8.349593335362216484e-01 8.749581400734651737e-01 8.415908207308219202e-01 8.656597476684206871e-01 8.873920457831310227e-01 8.826863585054428585e-01 8.935898402201875035e-01 8.706908555591316157e-01 8.819035898817556562e-01 8.854022521908104792e-01 8.775012903591675739e-01 8.783244372615801598e-01 8.777166650891777833e-01 8.789620091649001932e-01 8.725450849299122291e-01 8.747269050927111156e-01 8.697663609375324567e-01 8.881910149415864764e-01 8.838656210945605718e-01 8.870564100399837004e-01 8.803525649499240879e-01 8.839235626481719565e-01 8.885632869224899810e-01 8.718237552058447637e-01 8.764213609520163928e-01 8.961018276480766653e-01 8.894770312538717860e-01 8.848973202334980970e-01 8.945305604215006978e-01 8.829894900306725081e-01 8.845493705205017543e-01 8.846474081288244751e-01 8.917848955991225512e-01 8.885388598912253855e-01 8.855577217022523318e-01 8.719361139899353130e-01 8.837040371679600881e-01 8.840204787964551780e-01 8.890757655725054498e-01 8.873673167066391532e-01 8.870067084881889663e-01 8.856930475285061943e-01 8.862735378149998455e-01 8.876327533964708527e-01 8.910161969176105812e-01 8.833444467777775699e-01 8.877826202415619594e-01 8.752490030312072289e-01 8.764650446319167676e-01 8.797289327269312009e-01 8.857376660585210004e-01 8.864151439990576309e-01 8.858582791644840082e-01 8.893686392763610060e-01 8.888837212071621918e-01 8.890951398826991703e-01 8.816469603590927351e-01 8.884194706499336514e-01 8.852931302091660015e-01 8.886195457408178067e-01 8.832740611537187592e-01 8.813915326435604047e-01 8.863731591262391518e-01 8.839912514595640314e-01 8.876694821667701074e-01 8.844980436160695403e-01 8.809809665611472163e-01
6.302877311565305285e-02 1.023949276283960680e-01 2.546481094475340212e-01 4.138078499026408563e-01 4.223474726300707194e-01 4.299663911917471215e-01 6.107749747654357408e-01 5.835865183283402979e-01 6.970286693789269350e-01 6.396428441385301200e-01 6.795056685016143128e-01 7.488924825501920290e-01 1.000000000000000000e+00 6.071051592476804926e-01 7.579646685462995137e-01 7.621549735992434460e-01 6.849675184012647966e-01 7.020313754248769245e-01 7.203253698667674287e-01 5.762999189454957039e-01 7.263613208420589551e-01 7.452217221043545559e-01 7.298125100580953317e-01 6.902572778090819705e-01 7.013028207472632447e-01 7.732301829830418027e-01 7.393987318250005991e-01 7.657419057540252316e-01 7.596343943291132828e-01 7.674826189073751248e-01 7.894650926192294804e-01 7.832619207068793887e-01 7.312859673972081920e-01 7.566372753559917896e-01 7.588612697073551239e-01 7.486771094942163973e-01 7.580930497475706353e-01 7.555442887291838883e-01 7.918354089661447937e-01 7.545983777351533694e-01 7.945538044035054259e-01 7.948050352090103576e-01 7.878848652863219559e-01 8.087296782149621110e-01 7.939468457563297887e-01 7.783183185596509457e-01 8.047494299542888863e-01 8.037512009729457230e-01 8.028437240145255283e-01 7.629943774040397475e-01 7.940672245552488073e-01 7.771854693652562318e-01 7.954353216217476819e-01 7.957267663547857861e-01 7.906592456322636409e-01 8.009815423663250167e-01 7.874683110443629896e-01 8.061132008752514011e-01 7.970876207115149548e-01 8.013363988814021788e-01 8.058120088932808622e-01 7.917414871908651230e-01 7.963854278814197496e-01 7.983457345414070039e-01 7.908024021825426075e-01 7.816045404812603792e-01 8.066369935331133556e-01 8.038876201751647965e-01 8.086602491394602188e-01 8.034244536011637683e-01 8.050185743963983453e-01 8.068750542222145050e-01 7.936393947038725694e-01 7.966008152176244916e-01 8.115218144500666586e-01 8.041749725805072968e-01 8.039768289289634939e-01 8.063395865384395123e-01 8.029871896872551318e-01 8.005959199976699914e-01 7.988285725754050715e-01 8.050270318082752841e-01 8.093547748026904687e-01 8.025855579433041065e-01 7.980512851299149668e-01 8.061679230006316699e-01 7.995018560866956614e-01 8.063034183470617622e-01 8.081733082420129444e-01 8.053502344683688419e-01 8.006261524814707320e-01 8.052998030281008912e-01 8.046964240390960255e-01 8.055138232294740686e-01 8.024804038140859186e-01 8.058990207224965285e-01 8.038964112640438753e-01 7.999767251984775118e-01 8.044222035110247804e-01 8.105933202780294389e-01 8.122882949898623250e-01 8.050627647173480561e-01 8.098807632273544721e-01 8.132570629846567201e-01 8.139182025395729214e-01 7.982670282519808147e-01 8.086745407324392731e-01 8.034969605526226522e-01 8.045568093288716360e-01 8.047882588388995950e-01 7.988215163704416311e-01 8.056175192853509692e-01 7.988867373412741335e-01 8.100310933929597557e-01 8.018637695506189988e-01 7.976240055205304769e-01
