1.000000000000000000e+00 1.579846329152149731e-01 4.960184564354645081e-02 1.734187951414686568e-01 2.125738265771884294e-02 4.457829406137985289e-05 7.531738410003244177e-02 1.158030578865023724e-01 1.444919117925855812e-01 5.970159586934431495e-02 4.204555331755575193e-02 6.745174176164260571e-02 4.966760903651017134e-02 1.165179464621172480e-02 3.424590226502805673e-02 7.078827121131252287e-02 9.024466323159273384e-02 8.369359445367233197e-02 4.464715519345179712e-02 8.135760355065436988e-02 8.730755249664090556e-02 4.451595694548526883e-02 5.670575394854747431e-02 1.957482970923448556e-02 8.464179437783428059e-03 4.230139269077264064e-02 5.612673069973841272e-02 1.624358620767705000e-02 9.510637068045858789e-02 5.422958718989537991e-02 4.846501007124409677e-02 2.414339819766023187e-02 2.138612598301156686e-02 7.475877666781957469e-03 2.830293391822548410e-02 -3.018336636329534573e-03 -2.938545212469677575e-03 1.336886801720926603e-02 1.164559875780045092e-02 -3.100498034178060872e-02 1.861528604381451277e-02 2.094440095457847373e-02 1.815125891852988407e-02 2.722301641434516847e-02 -8.384423830542227229e-03 1.301630404901538834e-02 9.621384980291749003e-03 1.993947696580741433e-02 4.022417547471685700e-02 4.303937745289345557e-02 3.098231796034574964e-02 3.344374082336580567e-02 3.307901559028243732e-02 3.731028410671687057e-02 5.311213074192269734e-02 1.513943978024855780e-02 9.987624125736047076e-02 3.019595774377531808e-02 3.745951188295824213e-02 6.107391298861226947e-02 2.359504885197795387e-02 6.507940174009273215e-02 5.260264793940088585e-02 6.838822950780662491e-02 4.476613214706706007e-02 8.492511859339840763e-02 1.799767400336643730e-02 1.147150496762734499e-02 2.369356003434987604e-02 2.147566925646725994e-02 1.861269488444742756e-02 7.195343683462421085e-03 1.023474552119757290e-02 4.811780549709950179e-03 1.317272082844037594e-02 2.530235369892373104e-02 1.558043431389005869e-02 3.319965211321909693e-02 1.066997445961986694e-02 2.945407980304600576e-02 2.139000428767814585e-02 1.514388227569030652e-02 2.438613890804044310e-02 1.282050240905169627e-02 -7.065088518412133284e-03 -1.629504440034624125e-03 -4.113614934062083677e-04 4.563776634748787676e-03 1.249059788976407490e-03 2.130681158696281358e-02 -1.563342991814258703e-02 1.023950228907987000e-03 -3.368857990111006912e-03 1.077580801159673833e-03 7.711270949921587674e-03 1.085097067479903234e-02 2.602226128745925918e-02 6.507134846268701478e-02 1.554946105778982381e-02 7.759476933942134960e-03 6.922835255270202992e-03 3.122092924460934116e-02 2.312214437720771024e-02 1.369523013987976844e-02 2.072147506066191261e-02 5.360579097031902690e-02 1.696809791407856427e-02 1.186277578383670289e-02 1.930599747156313759e-02 1.638990752096107159e-02 1.489714975934774630e-02 2.961261579814251921e-02 3.534402603903723933e-02 3.284881247560503953e-02 3.601647732991206802e-02 4.414479720997492584e-02
1.579846329152149731e-01 1.000000000000000000e+00 6.367589247143684572e-02 1.786447364055415155e-01 6.947339763623779085e-02 4.953363336695068564e-02 1.293274632552384729e-01 1.487421903670884671e-01 1.881580416141205858e-01 1.435588588366312202e-01 1.528591389281380719e-01 1.513215629481563795e-01 1.290977908058247858e-01 9.894033375935055996e-02 1.298990500314205487e-01 1.570164107284299226e-01 1.515781332782178970e-01 1.510111930234295519e-01 1.177029745006820810e-01 1.642230454518374128e-01 1.288680501732409056e-01 1.166300701434274806e-01 1.537984559449405153e-01 9.818568509288981561e-02 1.001235182090026571e-01 1.604540865650528614e-01 1.556877998373564498e-01 1.279197091045574941e-01 1.642812266754164752e-01 1.530604856861065566e-01 1.563705864373403365e-01 1.377124648326985001e-01 1.074558215508812087e-01 1.061556194889549526e-01 1.305940997687233540e-01 9.547295584080560393e-02 1.150900375341877280e-01 1.279791229520483020e-01 1.258681697795813736e-01 1.012044032625801365e-01 1.441198679769828961e-01 1.299164414286336500e-01 1.252939178847182200e-01 1.396677809534051518e-01 1.150954230559677327e-01 1.317673772270000210e-01 1.330559196577629222e-01 1.405281055938072121e-01 1.504448304304963069e-01 1.304040454736880850e-01 1.368988807607295632e-01 1.192526236894969477e-01 1.429789461675911588e-01 1.512188139744977400e-01 1.607427701909223128e-01 1.463410849452252138e-01 1.763275978013549850e-01 1.425358964260535211e-01 1.548325870439144769e-01 1.564991117180839497e-01 1.356089616966985600e-01 1.642855163911514371e-01 1.584756241210771854e-01 1.570034180722664208e-01 1.442067230777401565e-01 1.718563651984087448e-01 1.365141513973689158e-01 1.311871745508381704e-01 1.412510050939330963e-01 1.394211728081778956e-01 1.276686318516734309e-01 1.237402388605977205e-01 1.248328775480871261e-01 1.188600331721084147e-01 1.403122395858971416e-01 1.393588065547126942e-01 1.391427585152009150e-01 1.432232190789418380e-01 1.295517097516785954e-01 1.473724899406204936e-01 1.372251119287992704e-01 1.393866514518419530e-01 1.403189568223374428e-01 1.375897661142806983e-01 1.222536971883178142e-01 1.265878872841779412e-01 1.282020850747636054e-01 1.313553327012569050e-01 1.275609565892106834e-01 1.459644579523914909e-01 1.230108524070038095e-01 1.322218056124727370e-01 1.255125518443544752e-01 1.290228259723953941e-01 1.333990395400307116e-01 1.364487062802752504e-01 1.379955917840902380e-01 1.541355989292546858e-01 1.384252670185965872e-01 1.291912851310693666e-01 1.317791507830273767e-01 1.462559986007962720e-01 1.387385590932626589e-01 1.356340114969589450e-01 1.307924740987926604e-01 1.546996153906740057e-01 1.372386816712089230e-01 1.365116079502786961e-01 1.423903348451744377e-01 1.406274708655450567e-01 1.390430589914937731e-01 1.450845125782517231e-01 1.469304953003874037e-01 1.431853859037290067e-01 1.400717160370537617e-01 1.478499993225497466e-01
4.960184564354645081e-02 6.367589247143684572e-02 1.000000000000000000e+00 2.662195485555035046e-01 1.995311290413532279e-01 1.847649283434734668e-01 3.171108909382238106e-01 2.846045706774561479e-01 3.230898372230623927e-01 3.127832121291165834e-01 3.396054278368559332e-01 3.558568272366460783e-01 3.312868635976760623e-01 2.526229213959838016e-01 3.594717532456118692e-01 3.503444501984718795e-01 3.389476455468672378e-01 3.161220210838868727e-01 3.211454674720091162e-01 2.965586964871934628e-01 2.988533659424705280e-01 3.302105872192165892e-01 3.598733286328579806e-01 2.876406301090834172e-01 3.297040395770160504e-01 3.619711942145094619e-01 3.512110789142078859e-01 3.660743858870064149e-01 3.596923813215656685e-01 3.687850192705484642e-01 3.754364802933202738e-01 3.599530546134153131e-01 3.671325032649564446e-01 3.371152560289895628e-01 3.714088810611352320e-01 3.357245527256393913e-01 3.576485578726599224e-01 3.730871160669766429e-01 3.742351808280994785e-01 3.756844354049507784e-01 3.680982823866364440e-01 3.693223377024965615e-01 3.610494516841788459e-01 3.666971444805538494e-01 3.649998557263073873e-01 3.658277371452436366e-01 3.710510268522351218e-01 3.735393795933640293e-01 3.710899583204554930e-01 3.648266975910357535e-01 3.703045457715695710e-01 3.677710173180812059e-01 3.614243184710771439e-01 3.717738913090805064e-01 3.655753051727427261e-01 3.798464101274445226e-01 3.662183147479992629e-01 3.664392172048934193e-01 3.744784377487843652e-01 3.729074549273388439e-01 3.708999024271239509e-01 3.657900355466574549e-01 3.642211369117230313e-01 3.651805675637107007e-01 3.691242124159027083e-01 3.722924968769402154e-01 3.707144259575834710e-01 3.686178330681262327e-01 3.694242404953995140e-01 3.718155572639549322e-01 3.661986811146925591e-01 3.692749473247914360e-01 3.576763393196766283e-01 3.635266031890242444e-01 3.745526099069823034e-01 3.740017781711490463e-01 3.745950192088766117e-01 3.702356158738087655e-01 3.695817697724246842e-01 3.733840862862624066e-01 3.704818910703313040e-01 3.777191160204271814e-01 3.727487817314695251e-01 3.743009825494665321e-01 3.724412022162110203e-01 3.679156307717574292e-01 3.739832925350172199e-01 3.737498173502141197e-01 3.714713330575014072e-01 3.756767159745410534e-01 3.740296854918310210e-01 3.717461206539711682e-01 3.718240606330018849e-01 3.721769722514270406e-01 3.720763308020532678e-01 3.702935586197765305e-01 3.667694140867841512e-01 3.633899592596571693e-01 3.695672058403560167e-01 3.720416769063825124e-01 3.674417191143607986e-01 3.707376640728340944e-01 3.722146528185609204e-01 3.713954187499517445e-01 3.717740871436556738e-01 3.634230678808460513e-01 3.719638622773402958e-01 3.713754066388600950e-01 3.715874363565392358e-01 3.710229833642581521e-01 3.702463323279717167e-01 3.716060898231338672e-01 3.708874977082020075e-01 3.719553563933898355e-01 3.735377261040908059e-01 3.719813826321203276e-01
1.734187951414686568e-01 1.786447364055415155e-01 2.662195485555035046e-01 1.000000000000000000e+00 2.876302130398135648e-01 2.825981101463834189e-01 5.591452263334398820e-01 5.424791782606716017e-01 5.843130345212421695e-01 4.849991860326001714e-01 5.705642515992492836e-01 6.076425541107836059e-01 5.445976196227212407e-01 4.484769293474685781e-01 6.011208193604731242e-01 6.189189398665122521e-01 5.869220748900108031e-01 5.938585533114369985e-01 5.756834439136550019e-01 5.570876189372852005e-01 5.692685694491502746e-01 5.937277854629172680e-01 6.090028298058699496e-01 5.502396752564000515e-01 5.714574236744293101e-01 6.025411652313955591e-01 6.076502179634228895e-01 6.029464148832646142e-01 6.436089838686616105e-01 6.261937079717824206e-01 6.267105998842914527e-01 6.024665418437926689e-01 5.931888806432914496e-01 5.834709437047695957e-01 6.023054915448176061e-01 5.781796328830898224e-01 5.895095520052614502e-01 6.040777044379626037e-01 6.027190615517975525e-01 5.740310264210548574e-01 6.032559779884029139e-01 6.051600646607058209e-01 6.052854948151012993e-01 6.050712666831702391e-01 5.955120969928539010e-01 6.022435317890844075e-01 5.818954657612341874e-01 5.896330251257995148e-01 6.016842299766137492e-01 6.075086760773097394e-01 6.073368105496169678e-01 6.167752818536623716e-01 6.018160610911245101e-01 5.978008124879290452e-01 6.047607615881266385e-01 6.091987976287058792e-01 6.178125634767547281e-01 6.091211100648740162e-01 5.991301003408939785e-01 5.997237972849384091e-01 6.012261409371142395e-01 5.975598939992410319e-01 5.988222810458814216e-01 6.126501708420847292e-01 6.086273296658621934e-01 6.145480617450818084e-01 5.988615938110029013e-01 6.027353810788751431e-01 6.100048651330516325e-01 6.041587616250357895e-01 6.033096335000337485e-01 6.000959891384136657e-01 6.053256317050771385e-01 6.037005983664658348e-01 5.982061158657822064e-01 6.044588691340838649e-01 5.984444204553839297e-01 6.047226518900158387e-01 5.979822143931042833e-01 6.077285079995652373e-01 6.069406158506625015e-01 5.980548752161581882e-01 6.126489113399147257e-01 5.986043042030931849e-01 5.919973966921022734e-01 6.001473182660439498e-01 5.963631823937658449e-01 5.988361354372061518e-01 5.936586202194326090e-01 6.093654166706646835e-01 5.907069321635876058e-01 5.936787631313450442e-01 5.892184063075096567e-01 5.936188095046835977e-01 5.830511707284318224e-01 5.885587181436222615e-01 6.100677783497322482e-01 6.228641809925883344e-01 6.002183296167290516e-01 6.051010701123993307e-01 5.997333181486665943e-01 6.088052076084402575e-01 5.982836975977506855e-01 5.967758876371669352e-01 6.135999730290971899e-01 6.165433272653965124e-01 5.954887860187909610e-01 5.899736756181518382e-01 6.020277143324577196e-01 5.924860018528210759e-01 5.947112134987665444e-01 5.942662859805299957e-01 5.986373755830335375e-01 6.050474393933710227e-01 6.025993595378519307e-01 5.991598749882167674e-01
2.125738265771884294e-02 6.947339763623779085e-02 1.995311290413532279e-01 2.876302130398135648e-01 1.000000000000000000e+00 2.542470349931879037e-01 3.928995133695236119e-01 3.724563592755960606e-01 4.174537779713199392e-01 3.897490752177970030e-01 4.460758860496780165e-01 4.629705490012048230e-01 4.509958106290979374e-01 3.175459023123309299e-01 4.697525142691297284e-01 4.503435930992067404e-01 4.181217138246615117e-01 3.913856992035952831e-01 3.885467142311399003e-01 3.529972033206098536e-01 3.647896783466784698e-01 4.310513991768518127e-01 4.417969926235343903e-01 3.622240818598053136e-01 4.133236768579155451e-01 4.621834052209170540e-01 4.516607243986214271e-01 4.540821371432104958e-01 4.485985513697182125e-01 4.549336514857803548e-01 4.767654445913362959e-01 4.459733143539666433e-01 4.458776825908382646e-01 4.054396637157860472e-01 4.541522609260155163e-01 4.164983095234702781e-01 4.535210397760849332e-01 4.570001837413267820e-01 4.718356776893906090e-01 4.532116188268883739e-01 4.803591581032618518e-01 4.727533104613717563e-01 4.648906783714730762e-01 4.778952256261276843e-01 4.664485683818243578e-01 4.702969004929864472e-01 4.857462447905573355e-01 4.860303968220780479e-01 4.812156665303803371e-01 4.423083851115057752e-01 4.719708220395212317e-01 4.497664552809088612e-01 4.744820662730040994e-01 4.867887791925602503e-01 4.756452790105279993e-01 4.734644945804093452e-01 4.625819962165811927e-01 4.853275278085804612e-01 4.778955115188440184e-01 4.874734709882571071e-01 4.869963544144471634e-01 4.796554748776937216e-01 4.750346421481670411e-01 4.786324221885601138e-01 4.762827786554223453e-01 4.820921153638471623e-01 4.812321133460634170e-01 4.764871972130359512e-01 4.788498936932371608e-01 4.748123111386535755e-01 4.771055599058253716e-01 4.812388763725444218e-01 4.595131778823816626e-01 4.681601175594876096e-01 4.871239292846902824e-01 4.843959584859330314e-01 4.842510787030565589e-01 4.834437883063197883e-01 4.780772611093902502e-01 4.802818528065976866e-01 4.793603830815603151e-01 4.907240217002983851e-01 4.772983777798728844e-01 4.820159169479516503e-01 4.776008397844083153e-01 4.737726346636324526e-01 4.852855531156584634e-01 4.822704250824201289e-01 4.837690060339430165e-01 4.788949507491914170e-01 4.781312576004858039e-01 4.890192464671573314e-01 4.843571999236207515e-01 4.857939492877750287e-01 4.883239081478457089e-01 4.874287246539921181e-01 4.746010046813619043e-01 4.701511905146750769e-01 4.862146283182240403e-01 4.797258419403374052e-01 4.846638819480220683e-01 4.841391853886788943e-01 4.833597820938200784e-01 4.885120966393093345e-01 4.798565452524913844e-01 4.780675196622470868e-01 4.869217661755800286e-01 4.883977655997440159e-01 4.859433992974299676e-01 4.889724103015758438e-01 4.842809179729994917e-01 4.894181175414362706e-01 4.862809632921299974e-01 4.900182706779531716e-01 4.849093821381551539e-01 4.885420209811565662e-01
4.457829406137985289e-05 4.953363336695068564e-02 1.847649283434734668e-01 2.825981101463834189e-01 2.542470349931879037e-01 1.000000000000000000e+00 4.589155717091878417e-01 4.169928465433237474e-01 4.592183174855567485e-01 3.987190439566092315e-01 4.782533570319805194e-01 4.998484618460719564e-01 4.429880345889924964e-01 3.563626337172259295e-01 5.137027899488929572e-01 4.993494676247882680e-01 4.695805732838239654e-01 4.699597974061712757e-01 4.705503541036848980e-01 4.388249156854118205e-01 4.321484675226284211e-01 4.978342516231830661e-01 4.924912960160215958e-01 4.482826393399445553e-01 4.927172883852908303e-01 5.012516041052841320e-01 5.042331943067124289e-01 5.142996773738151006e-01 5.044850066167129166e-01 5.173625237941461563e-01 5.203329267345618847e-01 5.241008889437083207e-01 5.031823290093682122e-01 4.992912849593177382e-01 5.127764021472557276e-01 5.000857587007976335e-01 5.226099445864603732e-01 5.267068742247078550e-01 5.397419943371219997e-01 5.188083781786320126e-01 5.322905154804371541e-01 5.345876363434926004e-01 5.331957705485453891e-01 5.363554529746157318e-01 5.375225223153452525e-01 5.315200076948116692e-01 5.306941561756761683e-01 5.335011924654983195e-01 5.292149359432810618e-01 5.012748317030243372e-01 5.313071203560577604e-01 5.211680664428064436e-01 5.280061067887475978e-01 5.301808957729877703e-01 5.220645843319530188e-01 5.333394300434718405e-01 5.025284461087675680e-01 5.387526536240586639e-01 5.299943742994589480e-01 5.305523105760617808e-01 5.390867898529531077e-01 5.237335358311603351e-01 5.167732002542700931e-01 5.259309815143496936e-01 5.311745420404608842e-01 5.174516138360292228e-01 5.381962200335418389e-01 5.391539653082312311e-01 5.352480790554883239e-01 5.392177638696366015e-01 5.356639006088760313e-01 5.436825876310985572e-01 5.321357203202962127e-01 5.382656463484402076e-01 5.368741851292848644e-01 5.322921399350601934e-01 5.363182657282400401e-01 5.324708308366089549e-01 5.402581206389278634e-01 5.339238430866821705e-01 5.377594312267611754e-01 5.358988206550360234e-01 5.357603291463739481e-01 5.387520566141954514e-01 5.338052789491655181e-01 5.384318592489684141e-01 5.402022954348875139e-01 5.385973889880057985e-01 5.431436284910204915e-01 5.355757195191646058e-01 5.379208369600505524e-01 5.422610161683207863e-01 5.445185418646580899e-01 5.415787552347367528e-01 5.363756073413482595e-01 5.360926736515786439e-01 5.283709725840383120e-01 5.152207287571816119e-01 5.339164300200377467e-01 5.368622999619715452e-01 5.422025345026709742e-01 5.321204797736738268e-01 5.361332798026871016e-01 5.392514442277609454e-01 5.369110397313032745e-01 5.241772220903389012e-01 5.349168135161140869e-01 5.382449011066221534e-01 5.388025848476997171e-01 5.383670057854464952e-01 5.345453136252147353e-01 5.361205350955710047e-01 5.313771572479567551e-01 5.359617424486974313e-01 5.356256673453364536e-01 5.282903771497849954e-01
7.531738410003244177e-02 1.293274632552384729e-01 3.171108909382238106e-01 5.591452263334398820e-01 3.928995133695236119e-01 4.589155717091878417e-01 1.000000000000000000e+00 7.037626256675404424e-01 7.495515040038486232e-01 6.398380871941584669e-01 7.544530023533211338e-01 7.908944203755706726e-01 7.154027383269205842e-01 5.686873410639243787e-01 8.207142195919989724e-01 8.144915798148539832e-01 7.230638024681922404e-01 7.543920569195874393e-01 7.500182185060044748e-01 7.203043923443132046e-01 7.256198521823608028e-01 7.815696628987180983e-01 7.852558098161916966e-01 7.111940435415494699e-01 7.641910773076113772e-01 7.668500631877224194e-01 7.869008083717549118e-01 8.054111218220512125e-01 8.312854505937798955e-01 8.212462818506212070e-01 8.317926957671532007e-01 8.090557183162931931e-01 7.937941420118653779e-01 7.672242988188762158e-01 8.036025236642757585e-01 7.630103614948242630e-01 8.022268388246179827e-01 8.117662894342405622e-01 8.177366116940708585e-01 7.940686651159661880e-01 8.111152788903152056e-01 8.162462116140167812e-01 8.219893649418794634e-01 8.284944628638136743e-01 8.093232305064869125e-01 8.240220083255844763e-01 8.047983099591279332e-01 8.072848719345669943e-01 8.091009753022220252e-01 7.887079272430250754e-01 8.099582321919638339e-01 7.933201133384837345e-01 8.035968574752173632e-01 8.041933231483109346e-01 8.089047231191498488e-01 8.200260557038513420e-01 7.958428785575413222e-01 8.214105312722833618e-01 8.161361649204835755e-01 8.139138977577439205e-01 8.190889048450472609e-01 8.119199417575955202e-01 8.048664649273811200e-01 8.047117333868734068e-01 8.078166749700633753e-01 8.039877663017097609e-01 8.146430351891899013e-01 8.172684439999452488e-01 8.238076954590536349e-01 8.264610577560421723e-01 8.198702357646653338e-01 8.218798328504243189e-01 8.126362046871777878e-01 8.200143369175788566e-01 8.121529005660360623e-01 8.167681880228105928e-01 8.205379106631489616e-01 8.275140422967386389e-01 8.194279325226302424e-01 8.192720971693822074e-01 8.222438620567286138e-01 8.167614254299183640e-01 8.161497779959958621e-01 8.227942742103625529e-01 8.064951824388512103e-01 8.129702335500370580e-01 8.152632862271650405e-01 8.166388793806499402e-01 8.175319008982336877e-01 8.207171276221540968e-01 8.169522816607399651e-01 8.159368373666214813e-01 8.153450530543180363e-01 8.194596393673950763e-01 8.062281501700245823e-01 8.097422621002230425e-01 8.073178787200199213e-01 7.940224357947176514e-01 8.114049536534585494e-01 8.135866723286568902e-01 8.213909631609580542e-01 8.094460513022271320e-01 8.108188977251337137e-01 8.156919691896045155e-01 8.130562289832325984e-01 8.071368970366776807e-01 8.091177149222414933e-01 8.110704160455387557e-01 8.192430288654806159e-01 8.143686930650163580e-01 8.141539862847587683e-01 8.108961154305913688e-01 8.106938711746650705e-01 8.097289658714409422e-01 8.082471082527080686e-01 8.033333104599140739e-01
1.158030578865023724e-01 1.487421903670884671e-01 2.846045706774561479e-01 5.424791782606716017e-01 3.724563592755960606e-01 4.169928465433237474e-01 7.037626256675404424e-01 1.000000000000000000e+00 7.067605171878866832e-01 5.969382508320518754e-01 7.017084704229222814e-01 7.486460713269124101e-01 6.700180599112596225e-01 5.315437234741128281e-01 7.554577683643600716e-01 7.701885625066241525e-01 6.842387965745360123e-01 7.179289238498951509e-01 7.141394592757188686e-01 6.609298354348850379e-01 6.893835341846085152e-01 7.429297558339856833e-01 7.191776431580428897e-01 6.575054858738430541e-01 7.150613792302404903e-01 7.126923079695970387e-01 7.297310469952946743e-01 7.386366373051307388e-01 7.768933014260940295e-01 7.520964648459051993e-01 7.637884912293416706e-01 7.423469343775516149e-01 7.254066441320317082e-01 6.980768695319591322e-01 7.359920827206352101e-01 7.041848561253727379e-01 7.301458319949172271e-01 7.545670189830602226e-01 7.514270107711225055e-01 7.176126916815335210e-01 7.474184276309757680e-01 7.498670270172339558e-01 7.620517355463888309e-01 7.635587434817112662e-01 7.402291815342877390e-01 7.603916050934754756e-01 7.427169656793326524e-01 7.476134408215840965e-01 7.499982124092223756e-01 7.404196854583054987e-01 7.527745482755402451e-01 7.487552550079813463e-01 7.483874800800244254e-01 7.447305729714006617e-01 7.568205031485787382e-01 7.546369831327952582e-01 7.533579154008711587e-01 7.619539025458568204e-01 7.595471635387470721e-01 7.567880973091550834e-01 7.575287015173405303e-01 7.579537907334996660e-01 7.568429851909357353e-01 7.549434264330221467e-01 7.527887788268292635e-01 7.543791308777232363e-01 7.516034459257121547e-01 7.575341898263840967e-01 7.577414572049586683e-01 7.629455992423942456e-01 7.629385345988465295e-01 7.592739320337291709e-01 7.473046764125774732e-01 7.583924675589551745e-01 7.492175212089655645e-01 7.546944667227786230e-01 7.523675501567123058e-01 7.645051675298717431e-01 7.549606884311765853e-01 7.603594517545200215e-01 7.559387800559236315e-01 7.513876722736074765e-01 7.558707697072922782e-01 7.564138901869653653e-01 7.429090725092775127e-01 7.457037090691718273e-01 7.487826346842360037e-01 7.544385790705808725e-01 7.509231771867206362e-01 7.587262767674816111e-01 7.464783117116531308e-01 7.521970757467951740e-01 7.487141122774662039e-01 7.539087804618154198e-01 7.450630155461337445e-01 7.471103069151209253e-01 7.574253242191869573e-01 7.541470411412376507e-01 7.555377565626559822e-01 7.537126108855910500e-01 7.559235125122332200e-01 7.588834870575613678e-01 7.508283182637177644e-01 7.551512857092329556e-01 7.565411321603843220e-01 7.606883322530400005e-01 7.508814044760701023e-01 7.481156026470913156e-01 7.585841424296250191e-01 7.540738899949005480e-01 7.564304091727452883e-01 7.533354886423012653e-01 7.563884338559649922e-01 7.569508272611930044e-01 7.519917927455312956e-01 7.504924355112020384e-01
1.444919117925855812e-01 1.881580416141205858e-01 3.230898372230623927e-01 5.843130345212421695e-01 4.174537779713199392e-01 4.592183174855567485e-01 7.495515040038486232e-01 7.067605171878866832e-01 1.000000000000000000e+00 7.151293948603790751e-01 8.145917783372279564e-01 8.425584219872580549e-01 7.564054330344456289e-01 6.167657049426180649e-01 8.497594130584986694e-01 8.404820704953430699e-01 7.967912052625263364e-01 7.534060027382291080e-01 7.470535065232749572e-01 7.108876110562710737e-01 6.993434501210008536e-01 7.737910818626489995e-01 7.967074339589386156e-01 6.793301159239366616e-01 7.411540094273711965e-01 8.228062205463967382e-01 8.344624018268327337e-01 8.272607022673302835e-01 8.588695011245435218e-01 8.522279210394012594e-01 8.662855296410316708e-01 8.335681497426303821e-01 8.022457596682631698e-01 7.692226471690319922e-01 8.258223464975376071e-01 7.728151286229989481e-01 8.163228046594835918e-01 8.352819010926458843e-01 8.452944519315617189e-01 7.966766899851167594e-01 8.589419484833644702e-01 8.541306146108722519e-01 8.362273683087132481e-01 8.676049009613561180e-01 8.322029946865242556e-01 8.497842604864783711e-01 8.645838520894644219e-01 8.714778429688608830e-01 8.752140176948473016e-01 8.315016788674474135e-01 8.589150268690071144e-01 8.347838399300380186e-01 8.679431201876091073e-01 8.738840376902152762e-01 8.722144491962365853e-01 8.589158299621713066e-01 8.774057378054658241e-01 8.692480632786704353e-01 8.738224230398907721e-01 8.844104648485447973e-01 8.712248539726840102e-01 8.817988169340971183e-01 8.697235620105856491e-01 8.786916902637819105e-01 8.725021991394031895e-01 8.855975918290445170e-01 8.673057517284046281e-01 8.538348314123717087e-01 8.642819489202404615e-01 8.615087585248473179e-01 8.522804466088473863e-01 8.594820010557762124e-01 8.374469576282321803e-01 8.427364042385363518e-01 8.664959154309783695e-01 8.704376867761568493e-01 8.669253109962820059e-01 8.767320492569184998e-01 8.616056765799756656e-01 8.741025429470801189e-01 8.694194897185903992e-01 8.700638635723060288e-01 8.669675136622051470e-01 8.660750351462114249e-01 8.495091113083136358e-01 8.512443999962840957e-01 8.602986417151464726e-01 8.625166706815243778e-01 8.617839900918796703e-01 8.684209647425005230e-01 8.512653313436328029e-01 8.648669445143267742e-01 8.609000014209462481e-01 8.641155302462441012e-01 8.645175027775798826e-01 8.691791445241806580e-01 8.611397166180698726e-01 8.681819982962235560e-01 8.691386107087153423e-01 8.589696125922208214e-01 8.609365529446558751e-01 8.727683113795808856e-01 8.713415119329409597e-01 8.689056155777651336e-01 8.654856380851898567e-01 8.782195843785833844e-01 8.704439927518051734e-01 8.687141166587883934e-01 8.715138030183058326e-01 8.711191672541443998e-01 8.683008158311662505e-01 8.758742955637323080e-01 8.761212222365002411e-01 8.720186849996311995e-01 8.729901522380277834e-01 8.784111633198945501e-01
5.970159586934431495e-02 1.435588588366312202e-01 3.127832121291165834e-01 4.849991860326001714e-01 3.897490752177970030e-01 3.987190439566092315e-01 6.398380871941584669e-01 5.969382508320518754e-01 7.151293948603790751e-01 1.000000000000000000e+00 7.091584298994155766e-01 7.318417872658968815e-01 6.670089312998619402e-01 5.508781862313031352e-01 7.490465950099255421e-01 7.319356551776509123e-01 6.762559853262734011e-01 6.330740213561825147e-01 6.344704546444197568e-01 5.821102731998027968e-01 5.730342664469000313e-01 6.630767027010247006e-01 6.981495962273814859e-01 5.818649845630464723e-01 6.398296630354528558e-01 7.169034097960430563e-01 7.296147096645875241e-01 7.304484224520941815e-01 7.363820714394738731e-01 7.425957195132294464e-01 7.612696926439037615e-01 7.310225495935623874e-01 6.979964854028455346e-01 6.700303614475014991e-01 7.164063384722193506e-01 6.691760803319314332e-01 7.107357489248266047e-01 7.408912759658005109e-01 7.456928231822106401e-01 7.003035876156828987e-01 7.570657534337829064e-01 7.507193328028330948e-01 7.286760017931263045e-01 7.585038447558277719e-01 7.372174872525318889e-01 7.519180337602771047e-01 7.712307531690849594e-01 7.775778700563994450e-01 7.740807582697603051e-01 7.274643929757917959e-01 7.509471204822983914e-01 7.280237016289717866e-01 7.597551160589987029e-01 7.811643117957167703e-01 7.729976727899062761e-01 7.607084259452880914e-01 7.604531672022363242e-01 7.678319809729288181e-01 7.696349938790298939e-01 7.778929346812883949e-01 7.685139535395050236e-01 7.742730251019401821e-01 7.620073736909194206e-01 7.694785432525884650e-01 7.713955837744611577e-01 7.797096756057344535e-01 7.716310775831193292e-01 7.580829214010833539e-01 7.676016862145093045e-01 7.559851019588730292e-01 7.509167491742563261e-01 7.609752110152653293e-01 7.404982901916665750e-01 7.446203886102482628e-01 7.724814896840940248e-01 7.738996193097962273e-01 7.707155389911148902e-01 7.734716266344978663e-01 7.686647061352587240e-01 7.748381126256136398e-01 7.712427171335307641e-01 7.761889275307507496e-01 7.695666514782426582e-01 7.671384487955961173e-01 7.611468595285537653e-01 7.592378180675246613e-01 7.661494617322196499e-01 7.707412780852496148e-01 7.696835420845654641e-01 7.716577687903427574e-01 7.596481641794357031e-01 7.684340563780794886e-01 7.671272697890317849e-01 7.707316066349311212e-01 7.730881751713374328e-01 7.762703340659329321e-01 7.638301793630491998e-01 7.677121266762211294e-01 7.734541637808631798e-01 7.639820431817248014e-01 7.635177012915075334e-01 7.731155680821569787e-01 7.710758466175259285e-01 7.718715988879808476e-01 7.678663148600014532e-01 7.742979096931597027e-01 7.771267455572317129e-01 7.769072380468300398e-01 7.750767838022949441e-01 7.738328831577141464e-01 7.732143425141748683e-01 7.788175785583880684e-01 7.796191525238109765e-01 7.753445272041122882e-01 7.740392474619322005e-01 7.796789157235375356e-01
4.204555331755575193e-02 1.528591389281380719e-01 3.396054278368559332e-01 5.705642515992492836e-01 4.460758860496780165e-01 4.782533570319805194e-01 7.544530023533211338e-01 7.017084704229222814e-01 8.145917783372279564e-01 7.091584298994155766e-01 1.000000000000000000e+00 8.690090284392464337e-01 7.707335405868872558e-01 6.322579407109669702e-01 8.646263745723735683e-01 8.556814765286319124e-01 7.902963896574345393e-01 7.637844406645197814e-01 7.608879960485196436e-01 7.111240018251244743e-01 7.041140235731173647e-01 7.922758209508913296e-01 8.265981690831000206e-01 7.130125864397606206e-01 7.761984947914382094e-01 8.519696619911626412e-01 8.619290371799129824e-01 8.626201803349171637e-01 8.712499056448880230e-01 8.669539753830931561e-01 8.921091651338248774e-01 8.636082637654161065e-01 8.349076226769470699e-01 8.082924299629128395e-01 8.476697107531052655e-01 8.082531286402432347e-01 8.516193651278001209e-01 8.774439802977638259e-01 8.815442441552728825e-01 8.477823855414734489e-01 8.925270401156919498e-01 8.868128044370640062e-01 8.736633109033810074e-01 8.936268898184280829e-01 8.746155635184800214e-01 8.874915654122522701e-01 8.965915755670327281e-01 8.990553013432690532e-01 8.990792924469686032e-01 8.563164786747171631e-01 8.875815127359415468e-01 8.672812491767811771e-01 8.894631594593195301e-01 9.001610436523842518e-01 8.952189853736627345e-01 8.977072210678470610e-01 8.768809787599878280e-01 8.976099935775568861e-01 8.991891800842435334e-01 9.000760155224626358e-01 9.007356677656946919e-01 8.944490765259229814e-01 8.872963645873679361e-01 8.916916571199646757e-01 8.971407838416657343e-01 8.949311759543278066e-01 8.989166453537437151e-01 8.924448486182776641e-01 8.992296727959135927e-01 8.926119078252235939e-01 8.827260294707713895e-01 8.936531933508899961e-01 8.770835189942480792e-01 8.806687079845778587e-01 9.035253912630483164e-01 9.013458720647222755e-01 9.005257566372515399e-01 9.032725273102880648e-01 8.978119944723641499e-01 9.002510464855909555e-01 8.983253487458112696e-01 9.023840988651150585e-01 8.997888758938390463e-01 8.974154026421253816e-01 8.942305891654647176e-01 8.927647092348299784e-01 8.980071323957506957e-01 9.017896088575881874e-01 8.996933426501738662e-01 9.067074054555339657e-01 8.972314231585494237e-01 9.032702749322818470e-01 9.014771261954777071e-01 9.038016709157532524e-01 9.023268077909299967e-01 9.047645643526044390e-01 8.977706632591945235e-01 8.892646285884903135e-01 9.023623620010650104e-01 8.984319731609866633e-01 9.007952481332059946e-01 9.033146356418252365e-01 9.025328200322723093e-01 9.033462852461552339e-01 9.014998418250559364e-01 9.006813212387495549e-01 9.033510972582854404e-01 9.038597112553786728e-01 9.068725968167755669e-01 9.037988342781544393e-01 9.047726868674030865e-01 9.052554217549763083e-01 9.038053255564625355e-01 9.027496173552123082e-01 9.000540862796325703e-01 9.016409557096302096e-01
6.745174176164260571e-02 1.513215629481563795e-01 3.558568272366460783e-01 6.076425541107836059e-01 4.629705490012048230e-01 4.998484618460719564e-01 7.908944203755706726e-01 7.486460713269124101e-01 8.425584219872580549e-01 7.318417872658968815e-01 8.690090284392464337e-01 1.000000000000000000e+00 8.017281612977806837e-01 6.519989617967564266e-01 9.085367351707613892e-01 8.892125186770321044e-01 8.317336165513241619e-01 8.039224588234041846e-01 7.979143491568913005e-01 7.464322805322690657e-01 7.440210460749584476e-01 8.369768456270145762e-01 8.632643053477075945e-01 7.448079963505679357e-01 8.130193683252827652e-01 8.823460986993325594e-01 8.965206616598014877e-01 9.032424388317885633e-01 9.110814899618101537e-01 9.151548210827183949e-01 9.301682197442365796e-01 9.039810081753827387e-01 8.817901247965224121e-01 8.499455122026987608e-01 8.974195172270095222e-01 8.442635824375928078e-01 8.902534305019703664e-01 9.155911618400845997e-01 9.213849957898734289e-01 8.872661008999093157e-01 9.279782067401308732e-01 9.271109426566367384e-01 9.102133005484641659e-01 9.346541090113760220e-01 9.110645593239095064e-01 9.240248473888992287e-01 9.337160337530507892e-01 9.352462774185733574e-01 9.373328017963596936e-01 9.043121366302048214e-01 9.286720179770956429e-01 9.076205496272593543e-01 9.248712438750726905e-01 9.313239790239654647e-01 9.320580953659919343e-01 9.337917252835927773e-01 9.195138533879052556e-01 9.332121571841553997e-01 9.358239450790096781e-01 9.378913862977901195e-01 9.381139991818684409e-01 9.333007082020945422e-01 9.287917922884506572e-01 9.335727487852422124e-01 9.348113111857471180e-01 9.333508649646223843e-01 9.367180754578748880e-01 9.287928693408828984e-01 9.363021878009527565e-01 9.307409388445790910e-01 9.208477652799997859e-01 9.309666793539029817e-01 9.115808341959418248e-01 9.156674191863878320e-01 9.387155522388308526e-01 9.391776702010646849e-01 9.370225289538678393e-01 9.422097879551789568e-01 9.352761716930686475e-01 9.420680270471942785e-01 9.394218174348921702e-01 9.406237823547186627e-01 9.372403568986124034e-01 9.388004275735931659e-01 9.314397305961819029e-01 9.303151432132850118e-01 9.341493645968195203e-01 9.381358537044338641e-01 9.369453540184481399e-01 9.393374314755158494e-01 9.322083264268983260e-01 9.390739236804226397e-01 9.338356419314879364e-01 9.379108757034601007e-01 9.370701570771802213e-01 9.385568753515231011e-01 9.336613957101365102e-01 9.277592356970622012e-01 9.392248076627214282e-01 9.359646224822883998e-01 9.360124178142443796e-01 9.386520288466756456e-01 9.375249859198274693e-01 9.394802913692309465e-01 9.376377681304025602e-01 9.340173615413223107e-01 9.388772115328842816e-01 9.389015473244585186e-01 9.406238750113654623e-01 9.408350297098398984e-01 9.390597729137326599e-01 9.403851705848564890e-01 9.398996463602619089e-01 9.391873718827895567e-01 9.375288418656748668e-01 9.374632598876474487e-01
4.966760903651017134e-02 1.290977908058247858e-01 3.312868635976760623e-01 5.445976196227212407e-01 4.509958106290979374e-01 4.429880345889924964e-01 7.154027383269205842e-01 6.700180599112596225e-01 7.564054330344456289e-01 6.670089312998619402e-01 7.707335405868872558e-01 8.017281612977806837e-01 1.000000000000000000e+00 5.841113955102267274e-01 8.238288681239853695e-01 8.062518842760110216e-01 7.390060171148582491e-01 7.213774558389673963e-01 7.196409583636723672e-01 6.754811882623598107e-01 6.643166505789839249e-01 7.501020336804717914e-01 7.762989958473700547e-01 6.762846826141337697e-01 7.404226013737823520e-01 7.948568161775568797e-01 7.909405024987133936e-01 8.065369524344337959e-01 8.137821771334723397e-01 8.111775485035225275e-01 8.265679309289267751e-01 8.034728526623376998e-01 7.711859108983928346e-01 7.482898706977618719e-01 7.974846447304048125e-01 7.534803917097735448e-01 7.954010509413393937e-01 8.140681567025004339e-01 8.226400742256636534e-01 7.846705067792882904e-01 8.333832489982343494e-01 8.298208997454932234e-01 8.210062353528890799e-01 8.363138580703913805e-01 8.189931726139609847e-01 8.242594643628496920e-01 8.356249168289033857e-01 8.386873722360428385e-01 8.339676301581507856e-01 7.892500002100972800e-01 8.238071296971919422e-01 8.072495873413937373e-01 8.310565422087036191e-01 8.371143741773966473e-01 8.298793705783050756e-01 8.293258691735162502e-01 8.109755049902537261e-01 8.414786705101788833e-01 8.315688226256729987e-01 8.394672944391666780e-01 8.439084300748918022e-01 8.312283349443262415e-01 8.204892138269179735e-01 8.314464343686341907e-01 8.400692087150092302e-01 8.333604599257847800e-01 8.392661750678556132e-01 8.322453728319826327e-01 8.375792820359969637e-01 8.315619745522915274e-01 8.268356040909538018e-01 8.351561142194942056e-01 8.191287596690233208e-01 8.233160598731867896e-01 8.405522218974725845e-01 8.379509973925686195e-01 8.394485123990883535e-01 8.410896470912522238e-01 8.380907657233404029e-01 8.401919369507186985e-01 8.365538177447846557e-01 8.397774611528217026e-01 8.382622921169921026e-01 8.370451295211791543e-01 8.299969933742346040e-01 8.310016911362100300e-01 8.359133787374355418e-01 8.387992908646376700e-01 8.391622949990057423e-01 8.433783214871114486e-01 8.312736119079574548e-01 8.400823045136560641e-01 8.389007999446339570e-01 8.410230881577214213e-01 8.398796749617362112e-01 8.402761892575930647e-01 8.325344824167175695e-01 8.241528869028722504e-01 8.405875683663036613e-01 8.355323029651546829e-01 8.419356151354491224e-01 8.388960267977129126e-01 8.402410191395682793e-01 8.418407863969039617e-01 8.405384050331174972e-01 8.368343739021298910e-01 8.398195937641499409e-01 8.419432030573014147e-01 8.444577550612907269e-01 8.417759163629737751e-01 8.396681561021821505e-01 8.433981411661959360e-01 8.400065328007493282e-01 8.422884307678425442e-01 8.424440565182231833e-01 8.417802826069237243e-01
