1.000000000000000000e+00 6.506833549876102352e-02 2.086447180858885253e-01 1.303895408052562765e-01 2.646979696356420268e-03 3.787449598276107499e-02 1.336804162657519168e-02 -6.396331979033754132e-03 1.594137718723191433e-01 1.632181390599273668e-02 1.122045473913022978e-01 2.861057359895083645e-04 2.128686302824410112e-02 2.584831028865846800e-02 -8.524100849410453165e-03 -4.504768797462400248e-02 1.547410017840298024e-01 3.172445256121398938e-01 2.521286123557556769e-01 1.928603047281600980e-01 1.937407079798883491e-01 2.046972163890682095e-01 2.774729952693181234e-01 2.743640394052503928e-01 2.441480375013029835e-01 2.345046689613339008e-01 2.518830313035843593e-01 2.025400852516157923e-01 2.700757356742116144e-01 2.419514283129947929e-01 1.968049419812730461e-01 1.470005963286852291e-01 1.387080504029790662e-01 1.250945705739310576e-01 2.009754362097025404e-01 8.790792209621332842e-02 1.564149293990285405e-01 6.014477276145762524e-02 9.070777435778974718e-02 9.215908215753100541e-02 7.600101295575664717e-02 4.625662671519297636e-02 3.827232760647104881e-02 5.398888833254598257e-02 9.708122310171733715e-02 7.863308820057229864e-02 1.129334908443789705e-02 3.820738414587680071e-02 7.238329552884522830e-03 -2.044287574032727442e-02 2.901306990655370607e-02 -1.544379369780229418e-02 3.135837173745441037e-03 6.041055134698144341e-02 7.959739182051533968e-02 1.206116828084872750e-01 2.698471692769871880e-02 5.315829942400391445e-02 6.275684793775096471e-02 2.531972726783487948e-02 1.158803643434783322e-02 4.807004172804282827e-02 1.587938317986552911e-02 6.737921747596770095e-03 7.483200599985460888e-02 3.694329908281692582e-02 5.364546100526874223e-02 1.067052557763074755e-01 9.971176647282475880e-02 9.288799933863876868e-02 9.084169990727634925e-02 8.806981495518872993e-02 1.241936279717433256e-01 1.174760034434658013e-01 9.792132967194601412e-02 8.937385491717392272e-02 9.441116409210609239e-02 1.231376902951480251e-01 8.692874940568441622e-02 1.078777884076318611e-01 8.423641039593983415e-02 7.948249764732025213e-02 9.169244772638354690e-02 9.837081313941518912e-02 5.060959527431829058e-02 6.958975420189239536e-02 6.150064585800037176e-02 4.416130245448935537e-02 4.753904689694829488e-02 7.595388920128813559e-02 6.886520676534864382e-02 2.809312472021415277e-02 6.337388778790571664e-02 5.017121821713300261e-02 9.285214746111108627e-03 2.378002804352592064e-02 1.444394309020056652e-02 1.369880164311452868e-02 2.028670233308478218e-02 2.995953125339482701e-02 2.984932715466182690e-02 2.486941400226470866e-02 2.648234230582324072e-02 1.943948697707842746e-02 2.523477003826321563e-02 3.327806939472214426e-02 1.489332226403983737e-02 3.810625501030808632e-02 6.523134987214983249e-02 2.809580622666072933e-02 4.635447543233078144e-02 1.777813930231209386e-02 3.350915302604172419e-02 2.429718349455611826e-02 5.271113859084060327e-02 2.196166769474726388e-02
6.506833549876102352e-02 1.000000000000000000e+00 6.042936307150954811e-02 3.480946050317353102e-02 9.832315712036411581e-02 8.127761527864479918e-02 1.423337016685995438e-01 1.285924542391948810e-01 1.341311802514070506e-01 1.990854775728035930e-01 1.265816968569562773e-01 1.509313394034003664e-01 1.474758678953282665e-01 1.254130200777346937e-01 1.493782870322618861e-01 1.753376147499509097e-01 1.080234698351391492e-01 4.206145280760217181e-02 3.042560705461937881e-02 5.477135241261662721e-03 5.304114359371210272e-03 2.231193898974094536e-02 6.636634632719241866e-02 7.232025467908877181e-02 4.426446638786073196e-02 1.011056413812083110e-01 7.473473210232775554e-02 9.569816190469905559e-02 7.236264355004029536e-02 7.204750964048313444e-02 9.792389198519972637e-02 1.212807111686711597e-01 1.367600869145407794e-01 1.168317813047147075e-01 1.187996437883711426e-01 9.749397332701180419e-02 1.197181027736173714e-01 1.471662456279173026e-01 1.289756445099010662e-01 1.172367969778519842e-01 1.457658072956388995e-01 1.445191116381341068e-01 1.229910217708472531e-01 1.415888283057836761e-01 1.138973550872768581e-01 1.580009302216602018e-01 1.652575931485068261e-01 1.671008120530027286e-01 1.369633698609070416e-01 8.472783489884615216e-02 1.053599411350423787e-01 9.817582880522232602e-02 1.299148128692976800e-01 1.586169611146564518e-01 1.481472584710368245e-01 1.437608352040061488e-01 1.090947924651255729e-01 1.460567207533352563e-01 1.347270778546399428e-01 1.600269688848458549e-01 1.484581354862783975e-01 1.563905694933752921e-01 1.181768685909382333e-01 1.266114080962184307e-01 1.387998251813452877e-01 1.422530676134870498e-01 1.563204360990135267e-01 1.345602769138143917e-01 1.441658352372333640e-01 1.165806533204226114e-01 1.126358387952196838e-01 1.201193951093035561e-01 1.397171953158682645e-01 1.238081199828719864e-01 1.396380547488301760e-01 1.391131735027187899e-01 1.438260956139519042e-01 1.312714180748693893e-01 1.424950528672828676e-01 1.285948187457251202e-01 1.426611573823105827e-01 1.413276809063673534e-01 1.434704338318926464e-01 1.494681675064959137e-01 1.459533640159349221e-01 1.482062219775633904e-01 1.482826637517469515e-01 1.558487452237379001e-01 1.565420235185547848e-01 1.488380234268900648e-01 1.511096496939150768e-01 1.593995361703526847e-01 1.403552568411352286e-01 1.484158941938853726e-01 1.619219199617623339e-01 1.662895793596861349e-01 1.330887851882212869e-01 1.243336065376082766e-01 1.507985115810956678e-01 1.429616638600290368e-01 1.477307198141596667e-01 1.514086284979039576e-01 1.442863907025217496e-01 1.512026199073809585e-01 1.375235384885143686e-01 1.482839986315113712e-01 1.516552894034343124e-01 1.638331334936447559e-01 1.595856643944626452e-01 1.619730425200060220e-01 1.582340707791298762e-01 1.653801175690526593e-01 1.625634271892729688e-01 1.551981712161654980e-01 1.506017632111820992e-01 1.540075936546754232e-01
2.086447180858885253e-01 6.042936307150954811e-02 1.000000000000000000e+00 3.593791325429702144e-01 1.645914289231934224e-01 2.121293555185548851e-01 2.528273020241353919e-01 2.401302698441475092e-01 3.805677436695655280e-01 2.663089449512294205e-01 4.018206647500522366e-01 3.101794063881920249e-01 2.930924485178976746e-01 3.046553351967323242e-01 3.004472591217999811e-01 2.575505862235197285e-01 4.000534754827386186e-01 4.901000558198460588e-01 4.887910470986813749e-01 3.780000702100186349e-01 4.392917014037661105e-01 4.691664999030230043e-01 4.644249409461426725e-01 4.705848911912083876e-01 4.778241074290321411e-01 4.644931125098790692e-01 4.935251591954021855e-01 4.795130648734692858e-01 4.885802688977113895e-01 4.800133546788320493e-01 4.614644364599188586e-01 4.172074728942675725e-01 4.167589188935151845e-01 4.052399769420418352e-01 4.575055288542839160e-01 3.892714871321020231e-01 4.375044067299636019e-01 3.659507397912474813e-01 3.972456600667356175e-01 3.925843501752380171e-01 3.791288848274516621e-01 3.527553513249877537e-01 3.540460840996372816e-01 3.703351104215976686e-01 4.129097178078200980e-01 3.764416617635248929e-01 3.241383412988568247e-01 3.405068892968913241e-01 3.169332896358120211e-01 3.018554065945198150e-01 3.443964447886456171e-01 2.910042451077697323e-01 3.224704434759506078e-01 3.590107875551685201e-01 3.676512148551480119e-01 4.079264804494570074e-01 3.287781985607861612e-01 3.688656343911208557e-01 3.712333744323164653e-01 3.350709018292093999e-01 3.285502635880568900e-01 3.497492873426445992e-01 3.333405869668888410e-01 3.148350074154593892e-01 3.769194145976570987e-01 3.479911177746839446e-01 3.570014055751974946e-01 4.089475954365065502e-01 3.971784748744767168e-01 3.976262605748803747e-01 4.061652163622832545e-01 4.026033896709723670e-01 4.065468725836582364e-01 4.096907188612085582e-01 3.992834885841683445e-01 4.004069238016663701e-01 3.992040818668901592e-01 4.158956624386881407e-01 3.902286381979496732e-01 4.075810832878359324e-01 3.904725887612296442e-01 3.924487171593636914e-01 3.919738594058860270e-01 4.001057793168705801e-01 3.642036367764852067e-01 3.739685868574966765e-01 3.790093971172707188e-01 3.600411117424229257e-01 3.577628397041121566e-01 3.802400890792995147e-01 3.783029929515584477e-01 3.439630503112667825e-01 3.744677052219278490e-01 3.672178466026451704e-01 3.285045906438478491e-01 3.316477911039937831e-01 3.291849816026249376e-01 3.193461113769702209e-01 3.362200005899665389e-01 3.414312159039801786e-01 3.481071556531301070e-01 3.363189291666287550e-01 3.421001768006132204e-01 3.347392912699579393e-01 3.434836116491661873e-01 3.428082551085300245e-01 3.310369603355166057e-01 3.459816973279609686e-01 3.647227208098047790e-01 3.386652466414274421e-01 3.573136599836175264e-01 3.299687471480431400e-01 3.415525794474166821e-01 3.355716060048736793e-01 3.569806052226816573e-01 3.333340961151093351e-01
1.303895408052562765e-01 3.480946050317353102e-02 3.593791325429702144e-01 1.000000000000000000e+00 2.970034288757898988e-01 4.012787682461705363e-01 5.324998553639601617e-01 5.127429488006858271e-01 5.604798178862642200e-01 4.518543030588162424e-01 5.932375272752020701e-01 6.117076251002486753e-01 5.351540251590487518e-01 5.420288120171825597e-01 5.893609401672393888e-01 5.440618117521991426e-01 5.859547485202708517e-01 5.478394599580967972e-01 6.053898802520861766e-01 5.194091142764599711e-01 6.237944146310659965e-01 6.512577654367188718e-01 5.263338985279669702e-01 5.671026019031977228e-01 6.188158972095596511e-01 6.072913006414153436e-01 6.449466517253023001e-01 6.533233236009782230e-01 6.254100550149750415e-01 6.294583143838199391e-01 6.626272773314632047e-01 5.979512577019222563e-01 5.856525951390230134e-01 6.026027337670586403e-01 5.758908780582464582e-01 6.300704994434453976e-01 6.392427791752754995e-01 5.996438447905028113e-01 6.328359005992322261e-01 6.240050580770274413e-01 6.317113559587805849e-01 6.153036382767347323e-01 6.152424180906799211e-01 6.272010472587274954e-01 6.543810552902555866e-01 6.256259318592007901e-01 5.928427061743211102e-01 5.869458090966678254e-01 5.796415650507974471e-01 5.592386270147896576e-01 6.001518768761288092e-01 5.856804398269025436e-01 5.927379235205008090e-01 5.843294208156732950e-01 5.875800904559145277e-01 6.079048490769414226e-01 5.761776344191975596e-01 6.128036076115846997e-01 6.033042735395075518e-01 5.993459187674132771e-01 5.949340274617714863e-01 5.954657853076754659e-01 5.977146286925341112e-01 5.815832470864480408e-01 6.305407892077939946e-01 5.910510094397251057e-01 6.084513306325640691e-01 6.287207556385111529e-01 6.112253246967938036e-01 6.466785037978408646e-01 6.592724915517360618e-01 6.460288126378557205e-01 6.205349693322647076e-01 6.337911854488871288e-01 6.355573329894350643e-01 6.378589258495430681e-01 6.369782483909174342e-01 6.435468771552746992e-01 6.375826858725466284e-01 6.334792627490125616e-01 6.273593696074963866e-01 6.373506241925316340e-01 6.196182236732771242e-01 6.139343520685175415e-01 6.088862593044672700e-01 6.110492928336576091e-01 6.231231245179361666e-01 6.088129887089313019e-01 6.100227376891959041e-01 6.123565070465778470e-01 6.199553241521226221e-01 6.085762341801930209e-01 6.296829787764792741e-01 6.215993198588952717e-01 5.929154758745893705e-01 5.920253699847496387e-01 5.904007267126493153e-01 5.784177464880179143e-01 5.967306110057650770e-01 6.039203355541472584e-01 6.115926055837158648e-01 5.925232453449098546e-01 6.124726589122693188e-01 6.062398511844164783e-01 6.064618191384749668e-01 5.779766086867074160e-01 5.906051965754038902e-01 5.965705685749461695e-01 6.010259826282976503e-01 5.976684135661414210e-01 6.033835697521284791e-01 5.954465378180840984e-01 5.923625440026787370e-01 5.981808904340848443e-01 6.140622626111733595e-01 5.864442113903717280e-01
2.646979696356420268e-03 9.832315712036411581e-02 1.645914289231934224e-01 2.970034288757898988e-01 1.000000000000000000e+00 2.902354817844799983e-01 4.421901749100553558e-01 4.525106641839924948e-01 4.086130334143353582e-01 4.257477528977567927e-01 3.950446179523767198e-01 4.764738902866039738e-01 4.601944973168318187e-01 4.126873225201988515e-01 4.807724605865580370e-01 4.949415051904282881e-01 4.094919752843363403e-01 2.515606730386299450e-01 2.858528834307299538e-01 2.730413167327619406e-01 3.175274246825773861e-01 3.345204348309693820e-01 2.697525707569944919e-01 2.824606869829737743e-01 3.179226887521522937e-01 3.690247879797239894e-01 3.265442284664012429e-01 3.506843124096810649e-01 2.783211659078841937e-01 3.257769453940430049e-01 3.784225256618286015e-01 3.963572497247089266e-01 3.583401898410149555e-01 3.841171819981582525e-01 3.351175236551971470e-01 4.027336103182302396e-01 3.859450522827331809e-01 4.364490521119613331e-01 4.366753483034984673e-01 4.130882626792430901e-01 4.564175689993648088e-01 4.585241859867215664e-01 4.482264148862126762e-01 4.620037480298735955e-01 4.365593186670166381e-01 4.518603464797694147e-01 4.796761066555451647e-01 4.748423151957088528e-01 4.619156005961796985e-01 4.278407796568580168e-01 4.376267538694547099e-01 4.659215611084888686e-01 4.661240409854245925e-01 4.525451884845927419e-01 4.412621186938708306e-01 4.347990526345745232e-01 4.333355023005692197e-01 4.664575493575497389e-01 4.464993771556822755e-01 4.805621494243444980e-01 4.716230331663537334e-01 4.613377138822644663e-01 4.538403915686037848e-01 4.644184066547643042e-01 4.634808066960057205e-01 4.651342723724489203e-01 4.678035316845158831e-01 4.402426773210018629e-01 4.396608782339625487e-01 4.526935177193355808e-01 4.471883483112077395e-01 4.495353783228591693e-01 4.276734171177497545e-01 4.322399482476365629e-01 4.528538955239421737e-01 4.370004454933336668e-01 4.401205391618223106e-01 4.207379721856322474e-01 4.421218585468049689e-01 4.314210537449930105e-01 4.412432277042145357e-01 4.560271017148240791e-01 4.463928394160575075e-01 4.309994844560992577e-01 4.446423542862044664e-01 4.432816557523995282e-01 4.541589941363816108e-01 4.596577194802235478e-01 4.615786235916974900e-01 4.565465266052019522e-01 4.477998385622565247e-01 4.713599104442609544e-01 4.590909618718559959e-01 4.611713223236024728e-01 4.768146020335405355e-01 4.737691687662701767e-01 4.454854458982888676e-01 4.464460831559196596e-01 4.679553300990704767e-01 4.600832425450895879e-01 4.681574928978927685e-01 4.580184710367133927e-01 4.651091135916896047e-01 4.742020595318138798e-01 4.687630711946233486e-01 4.440792263922554439e-01 4.669639508528341532e-01 4.707006671589411551e-01 4.525408455208876357e-01 4.733318592047791040e-01 4.600770564439696231e-01 4.783950005208913447e-01 4.656244950029770902e-01 4.710511508712652007e-01 4.712129521759257922e-01 4.648620068715711984e-01
3.787449598276107499e-02 8.127761527864479918e-02 2.121293555185548851e-01 4.012787682461705363e-01 2.902354817844799983e-01 1.000000000000000000e+00 5.337902738757737131e-01 5.144440524064914921e-01 5.311942564092957397e-01 5.146991756961777353e-01 5.507674616012299129e-01 6.073681626243876419e-01 5.344816752061549714e-01 5.433864406803441405e-01 5.862860431191501132e-01 5.841506697466214426e-01 5.444399543792262097e-01 4.010589557776826353e-01 4.808700714914903029e-01 3.288611643461125111e-01 4.089905154701953260e-01 4.963059218588090626e-01 4.639770312014420695e-01 4.860647983463597388e-01 5.062356095723106186e-01 5.420297309885017123e-01 5.199530445841912263e-01 5.588188346102606063e-01 5.143902769979732392e-01 5.142655847759398657e-01 5.578688074431098487e-01 5.847607834674251048e-01 5.643386951070172852e-01 5.719713323228184931e-01 5.389826382961743212e-01 5.901079819372172519e-01 5.712983960080271206e-01 6.016794275859856933e-01 6.037486581217089698e-01 5.952595813168850558e-01 6.103368513260044592e-01 6.082333505588234379e-01 6.003283896508335715e-01 6.134440543755763642e-01 6.036276393065864720e-01 6.104841666743051620e-01 6.204960569273623161e-01 6.209223435515835998e-01 6.154825124532316005e-01 5.793943262957846896e-01 6.024821137246486602e-01 5.898350350903984740e-01 5.943151385837956990e-01 6.176660661444838274e-01 6.148650558470628580e-01 6.070841738049763681e-01 6.059888675449857098e-01 6.154090461185082184e-01 6.189887381256081733e-01 6.180351815520193082e-01 6.150997120235927040e-01 6.206416237392572421e-01 6.150402527291954913e-01 6.079587651537469162e-01 6.230584734222643917e-01 6.076069806951817087e-01 6.231941907080555954e-01 6.132484397197791592e-01 6.147327445207650953e-01 5.823395231502752623e-01 6.032774289927529399e-01 6.157996360240857170e-01 6.124167834750521289e-01 6.101013293274993865e-01 6.164772871636449159e-01 6.253971731815599622e-01 6.209534502835134528e-01 6.229904565306360054e-01 6.228852458548183035e-01 6.119023479329328552e-01 6.175035011879241864e-01 6.161679826354815592e-01 6.213226308953891941e-01 6.167463618006354675e-01 6.254121066788665972e-01 6.219662412831263865e-01 6.183508577318675981e-01 6.229986334998969255e-01 6.209790307876756899e-01 6.203025254362509733e-01 6.261513359884184338e-01 6.241242076796668092e-01 6.233473867598346985e-01 6.245202893191191817e-01 6.237805025577087825e-01 6.241712543137011293e-01 6.202077270766450656e-01 6.125790808506434981e-01 6.249509807260102967e-01 6.248253794071884082e-01 6.249968330540596195e-01 6.213787515140437590e-01 6.224259914210349409e-01 6.242046632131966755e-01 6.211705932686188980e-01 6.119529193740761430e-01 6.229690563391271363e-01 6.254948747303810119e-01 6.240417024958280212e-01 6.262679700100489688e-01 6.262407633185184119e-01 6.264389420838243350e-01 6.216062950411453958e-01 6.224799002364944656e-01 6.291872213458138408e-01 6.192044089392392259e-01
1.336804162657519168e-02 1.423337016685995438e-01 2.528273020241353919e-01 5.324998553639601617e-01 4.421901749100553558e-01 5.337902738757737131e-01 1.000000000000000000e+00 7.563199622300058600e-01 7.318650323791435763e-01 7.013598856716043439e-01 7.004767673761660429e-01 7.973001977777006699e-01 7.411661042293113955e-01 7.464532944135692238e-01 8.571156752977037163e-01 8.260956682832795162e-01 7.077451531091817349e-01 4.700161116471110456e-01 5.699739494753397473e-01 4.185741812496064918e-01 5.019014064081743776e-01 6.148279814742619864e-01 5.489579543677531870e-01 5.765605203136873191e-01 6.144470756919464538e-01 6.971882122206520815e-01 6.621215723269784359e-01 7.125132741849837803e-01 6.252235825813833303e-01 6.540026757849088934e-01 7.212584692803726272e-01 7.429204248818896961e-01 7.138995105483699755e-01 7.483753141905035156e-01 6.651993204703781082e-01 7.683201004329401895e-01 7.530163889136264332e-01 8.027037498350717559e-01 8.033149504019760911e-01 7.904370886828931964e-01 8.196974645437411500e-01 8.300818479137243022e-01 8.152235529925222490e-01 8.314318206530927347e-01 8.048237350738008944e-01 8.184373545857142052e-01 8.294491660028437963e-01 8.233785557736762462e-01 8.194298836296382005e-01 7.906005086858898245e-01 8.055895789794748074e-01 8.156656947408094105e-01 8.162067416735098169e-01 8.080849623700373519e-01 8.058388386757846522e-01 7.882435835050531914e-01 8.007707211500623146e-01 8.283470524960406811e-01 8.090910486880138475e-01 8.312900440589808815e-01 8.256256535432568988e-01 8.180132663811048310e-01 8.137087962047485634e-01 8.212221976413253133e-01 8.138983106305772708e-01 8.189937341206776633e-01 8.199346212282960789e-01 7.930628035453693991e-01 7.891226392362907793e-01 7.557816701742331444e-01 7.747526642457457369e-01 8.023594641277189687e-01 7.779404257822958302e-01 7.782333716505421828e-01 8.108702892918663307e-01 8.073702017569304168e-01 8.100555221525415073e-01 7.898650391671161453e-01 8.067808659794317716e-01 7.945777397917318519e-01 8.073759646423258607e-01 8.163060284794290133e-01 8.021869336933917793e-01 7.957865585028403022e-01 8.096993795473941269e-01 8.131353464179393864e-01 8.191570615331561500e-01 8.226946689925999090e-01 8.252201177224789408e-01 8.122279547644966069e-01 8.179997013816376894e-01 8.348633321267292517e-01 8.240711709550903041e-01 8.296731035993674119e-01 8.315093536000269792e-01 8.280600202704843094e-01 8.183580112453268107e-01 8.141286097272797395e-01 8.254604566514224251e-01 8.272914314994822549e-01 8.293010080120396532e-01 8.220472552965225610e-01 8.250179414533779232e-01 8.351339590323982875e-01 8.299722054018695561e-01 8.038625561335581704e-01 8.256101839539855547e-01 8.221707205431657561e-01 8.141805500632602888e-01 8.283499739305569820e-01 8.240814755621306276e-01 8.305838749170058044e-01 8.235739231137836347e-01 8.300356941878507255e-01 8.231845454523811778e-01 8.213714692541657092e-01
-6.396331979033754132e-03 1.285924542391948810e-01 2.401302698441475092e-01 5.127429488006858271e-01 4.525106641839924948e-01 5.144440524064914921e-01 7.563199622300058600e-01 1.000000000000000000e+00 7.063318000551951359e-01 6.886014008600891412e-01 6.758240395880209528e-01 7.790916605115776328e-01 7.277145193838779891e-01 7.160243228623968115e-01 8.192367342136210873e-01 8.234636939481722040e-01 6.945741123322489718e-01 4.671961006804958294e-01 5.572216841684972666e-01 4.639706947327466025e-01 5.394697739047030760e-01 6.066140764107826877e-01 5.218146285789523331e-01 5.474493236748494418e-01 5.886902443069379487e-01 6.576713692468953987e-01 6.209290729026036848e-01 6.692842642676621878e-01 5.864980246755073789e-01 6.085337111167550272e-01 6.788698750703112683e-01 7.276532301475618913e-01 6.860776723890031903e-01 7.305440091123418522e-01 6.324049340222083204e-01 7.434956100183509609e-01 7.088222194871141024e-01 7.929061010567414192e-01 7.785342898057325822e-01 7.578033195544126022e-01 7.907429975599072902e-01 8.021346172606352853e-01 8.027410045984744169e-01 8.090433342273790629e-01 7.720678705399077746e-01 7.882174483353312500e-01 8.122784898048647229e-01 8.061089001223047390e-01 8.100566014446766161e-01 7.968418221600187534e-01 8.050417195341978971e-01 8.133103573608438941e-01 8.109926196337352566e-01 7.867303618491030548e-01 7.881223432060975309e-01 7.649858591625700033e-01 7.955766342632579757e-01 8.115054408416484399e-01 7.950501220866024177e-01 8.162378668584709951e-01 8.162335402492015834e-01 8.008547015951442694e-01 8.095326432441003472e-01 8.138446582853140487e-01 7.969894913870877451e-01 8.001703604759501376e-01 8.025799593123867925e-01 7.732970708731744525e-01 7.725207156646478612e-01 7.641775277670476152e-01 7.698951736975493398e-01 7.836255766926644162e-01 7.603980034657636944e-01 7.568320024608108376e-01 7.870366695339285901e-01 7.836842107291198678e-01 7.868038405785043876e-01 7.625934791128624601e-01 7.796581499818900918e-01 7.661211060900445791e-01 7.801311180925586397e-01 7.877124325977656882e-01 7.796738474644580030e-01 7.678298389193489726e-01 7.957571764317067364e-01 7.930623586801220926e-01 7.897994623376853873e-01 8.059082474165090160e-01 8.013987514247639110e-01 7.931257307963422987e-01 7.949522757648831428e-01 8.163859586059043494e-01 7.998681977286595801e-01 8.036020627034584640e-01 8.142389715427247321e-01 8.101569928236439511e-01 8.120943187929708929e-01 8.057295146866119140e-01 8.118243081668623518e-01 8.154914168662299456e-01 8.146891568295253627e-01 8.084879111125794493e-01 8.092486759153593168e-01 8.221614784608661797e-01 8.141878282252331678e-01 7.886049321735667528e-01 8.104534057310968098e-01 8.042292722308266306e-01 7.976046099750041529e-01 8.128143378470478186e-01 8.056938259769622634e-01 8.134063503105577464e-01 8.058631026470713943e-01 8.133344909028258352e-01 8.037128045434192014e-01 8.037536737008359466e-01
1.594137718723191433e-01 1.341311802514070506e-01 3.805677436695655280e-01 5.604798178862642200e-01 4.086130334143353582e-01 5.311942564092957397e-01 7.318650323791435763e-01 7.063318000551951359e-01 1.000000000000000000e+00 7.457172700697997092e-01 7.891654027134592519e-01 8.016564729594587435e-01 7.518066078712248856e-01 7.719432171199931414e-01 8.281636362904735149e-01 7.938610913474285491e-01 8.060909950619136177e-01 6.972117758505128604e-01 7.466704478038447279e-01 5.886742582372689325e-01 6.762928412199917805e-01 7.533666812776675936e-01 7.210042709667984218e-01 7.425689541429942864e-01 7.594929398428342804e-01 8.097706894710958725e-01 8.036144156005025074e-01 8.191209561820876894e-01 7.717750929707979379e-01 7.952956530031827231e-01 8.364240173533474820e-01 8.561868935403651459e-01 8.068640328475367163e-01 8.400808559105757967e-01 8.049225435805182904e-01 8.237269284480730480e-01 8.500943679641305151e-01 8.589507378062350984e-01 8.718871308842913725e-01 8.332067416823135675e-01 8.712070576663266674e-01 8.568731571136596337e-01 8.432770579298917157e-01 8.699664113769746132e-01 8.667984670727632013e-01 8.709747622843636572e-01 8.557454981115757420e-01 8.725399057494211963e-01 8.538851190481243636e-01 8.069202533516780518e-01 8.501871859318202995e-01 8.172020963578735531e-01 8.456929021372755484e-01 8.720703789726168553e-01 8.693445430283764930e-01 8.667165731843087251e-01 8.443364820514933644e-01 8.779900804706529671e-01 8.733521814139407757e-01 8.705338324953684204e-01 8.584521813405449064e-01 8.714083474540241792e-01 8.556634480115015151e-01 8.514049206523237601e-01 8.708095107322059159e-01 8.719585642510691015e-01 8.755417955751627623e-01 8.853861482607343625e-01 8.780693569850696045e-01 8.586432901277147867e-01 8.640198027892274091e-01 8.761213063427119030e-01 8.693160378310770264e-01 8.686360845603002812e-01 8.813229690681044781e-01 8.776819740958474725e-01 8.799786704371571622e-01 8.703315475881419072e-01 8.722567308285832377e-01 8.787730178406346626e-01 8.769617557900699634e-01 8.817995275249479459e-01 8.754799251758004219e-01 8.720739933417019918e-01 8.661434329144345190e-01 8.744882601915026088e-01 8.736454677471446884e-01 8.742265928668317976e-01 8.756120227831761804e-01 8.775462928858602796e-01 8.699294875245305869e-01 8.702970015610037580e-01 8.757070280903069825e-01 8.767278161925242674e-01 8.620903714077637892e-01 8.684950295590107006e-01 8.537926796335097990e-01 8.491032379639448235e-01 8.671694724583609570e-01 8.638034379043445510e-01 8.687580015361004993e-01 8.655909853834464762e-01 8.647111008620332884e-01 8.691184215065487217e-01 8.663320503781226645e-01 8.615873249713814630e-01 8.639821721204060667e-01 8.696445161547181613e-01 8.774343945070222084e-01 8.688410662994655587e-01 8.727662100925914768e-01 8.648815718546426501e-01 8.724553976615344597e-01 8.693511514871188339e-01 8.702392712707469613e-01 8.670672986152697659e-01
1.632181390599273668e-02 1.990854775728035930e-01 2.663089449512294205e-01 4.518543030588162424e-01 4.257477528977567927e-01 5.146991756961777353e-01 7.013598856716043439e-01 6.886014008600891412e-01 7.457172700697997092e-01 1.000000000000000000e+00 7.164718906340029614e-01 7.836919596563427515e-01 7.339907848630859988e-01 7.294196816645626136e-01 8.028589972712162348e-01 8.030780931042446058e-01 7.022369298055602949e-01 5.078516412546142389e-01 5.772308241315999844e-01 4.355545946127622470e-01 5.138401659000004784e-01 5.868672374466344932e-01 5.707126528548351896e-01 5.858234052291205751e-01 6.075792214258518564e-01 6.722760173805714112e-01 6.450586871466653660e-01 6.951804869636408757e-01 6.246076689701892670e-01 6.368061084910645597e-01 7.056264891053736221e-01 7.512213262111350209e-01 7.204639941926861413e-01 7.390627522374446645e-01 6.819664707106239954e-01 7.345603902732446011e-01 7.365550900243824639e-01 7.987163071498474265e-01 7.914503211631284119e-01 7.565957765482841380e-01 8.087055797425618531e-01 8.078822020954837813e-01 7.870922416149340739e-01 8.147040714923803328e-01 7.811266851044891268e-01 8.065077446445737541e-01 8.339644163612514038e-01 8.372304578359500704e-01 8.176039258946657950e-01 7.534118213597501557e-01 7.894637866925396930e-01 7.760126854871851609e-01 8.026191880680330071e-01 8.276432257990032904e-01 8.113723920472163398e-01 7.906198143529555855e-01 7.927658026197832442e-01 8.247816705308472773e-01 8.189151154393987664e-01 8.373510584446213212e-01 8.223799005628228409e-01 8.292465255479496422e-01 8.077130607836393583e-01 8.111704632066432108e-01 8.082301902876175559e-01 8.253591682941920915e-01 8.294857957466212905e-01 8.054106611524267656e-01 8.051733757346073439e-01 7.745835865970770451e-01 7.794026106025820910e-01 7.995189114330456537e-01 7.916153716123793815e-01 7.846036024423794775e-01 8.051852232852843017e-01 8.074961450699533749e-01 8.103253150641097635e-01 7.908592620238060755e-01 8.038201920206264894e-01 7.966946684768816400e-01 8.064141506261659487e-01 8.145041753826635089e-01 8.071515497585411980e-01 8.049805723683900460e-01 8.118602786372374203e-01 8.146570590897436182e-01 8.169717872737642939e-01 8.267539239765328007e-01 8.279105831737032517e-01 8.170598128776501712e-01 8.136282986020666463e-01 8.328180104719627996e-01 8.159865336205579522e-01 8.260310670220175622e-01 8.364923881347716694e-01 8.375297444526892399e-01 8.115373625233236465e-01 8.057522551477145356e-01 8.319092039050272058e-01 8.199547509513799293e-01 8.261469874831650628e-01 8.304312814967823586e-01 8.224701087133504673e-01 8.326289414143311918e-01 8.227321960595954664e-01 8.222431878035557640e-01 8.309957757452799409e-01 8.321917114185669595e-01 8.268108480877786048e-01 8.359727294044474455e-01 8.312642103642126079e-01 8.377263814085857963e-01 8.376736890072409292e-01 8.328252402651145081e-01 8.236170642030838929e-01 8.327259722081171711e-01
1.122045473913022978e-01 1.265816968569562773e-01 4.018206647500522366e-01 5.932375272752020701e-01 3.950446179523767198e-01 5.507674616012299129e-01 7.004767673761660429e-01 6.758240395880209528e-01 7.891654027134592519e-01 7.164718906340029614e-01 1.000000000000000000e+00 8.211147381674226420e-01 7.451887958330771777e-01 7.668219340749755641e-01 8.155440476891112622e-01 7.775482539845153251e-01 7.925465688198726211e-01 6.779400067894256754e-01 7.521169389910149494e-01 5.478555498018066183e-01 6.633715852961865611e-01 7.630260220541401628e-01 7.360192443344794055e-01 7.465018425797738111e-01 7.834137862969238197e-01 8.162668913224916389e-01 8.213820227234459592e-01 8.495230885212544658e-01 7.898255547036534541e-01 8.182421958481087554e-01 8.545505842998292190e-01 8.512362851672234942e-01 8.270935386480321450e-01 8.332187762957735666e-01 8.227942125236784587e-01 8.469524136822060845e-01 8.628394098407212720e-01 8.499070901919280052e-01 8.721981354849770440e-01 8.466356488365316402e-01 8.701884497075792479e-01 8.593456177539885443e-01 8.529750010636314439e-01 8.701252669545264107e-01 8.742475742325865884e-01 8.754652453131154255e-01 8.562431144545996631e-01 8.634597305822647728e-01 8.496556369935713837e-01 8.004115171348764601e-01 8.461014940484034019e-01 8.217832071986722609e-01 8.434075027415505188e-01 8.678429880604034974e-01 8.681648508970707390e-01 8.697906596727362771e-01 8.433835069202426649e-01 8.703956403539037101e-01 8.742059717245385109e-01 8.622948462400318315e-01 8.592355549991674835e-01 8.690920415333216464e-01 8.531274559122693502e-01 8.488130485484149945e-01 8.708014918962536655e-01 8.644879851780347124e-01 8.734570763624583956e-01 8.840620496590513300e-01 8.827928160509934674e-01 8.480702570793552386e-01 8.707489464940777468e-01 8.798480483401851515e-01 8.718485260555736138e-01 8.810962768867632855e-01 8.872738751428148607e-01 8.873047642630732534e-01 8.869499107466164434e-01 8.829642918662705675e-01 8.812168263535036239e-01 8.871661256867654499e-01 8.869018030345355852e-01 8.844447503927742593e-01 8.810045140922330154e-01 8.849451244541242101e-01 8.722121834300715637e-01 8.777334986554160556e-01 8.821317071692654777e-01 8.732378263669322571e-01 8.760149914161602380e-01 8.804734020020625884e-01 8.812142878434261473e-01 8.695374298111940847e-01 8.816600793106837974e-01 8.787753083174123514e-01 8.631617563775354496e-01 8.674935562864908301e-01 8.555058009879166203e-01 8.487776244546777482e-01 8.674496261295466804e-01 8.664941055222185051e-01 8.729820207096161688e-01 8.656760958009142026e-01 8.685201956373497234e-01 8.650240213678362933e-01 8.688618977468582916e-01 8.621358900064937103e-01 8.637355658382747103e-01 8.731582571414415739e-01 8.764687271517108691e-01 8.660213036734012437e-01 8.736210822785918095e-01 8.651707557011666383e-01 8.688808496241715584e-01 8.657966212375165505e-01 8.742538478569237270e-01 8.645961882441438595e-01
2.861057359895083645e-04 1.509313394034003664e-01 3.101794063881920249e-01 6.117076251002486753e-01 4.764738902866039738e-01 6.073681626243876419e-01 7.973001977777006699e-01 7.790916605115776328e-01 8.016564729594587435e-01 7.836919596563427515e-01 8.211147381674226420e-01 1.000000000000000000e+00 8.275092393377471156e-01 8.226249173755010302e-01 9.146891527878423522e-01 8.977338439871654918e-01 7.932508852417312628e-01 5.786389067210944148e-01 6.789196843891897037e-01 5.334516803934653550e-01 6.392703703011527461e-01 7.241450115193268644e-01 6.374532942431366811e-01 6.773012130436679712e-01 7.213822726620633397e-01 7.617130488393745180e-01 7.494411448388020869e-01 8.025677993158187862e-01 7.105839888437281981e-01 7.498594359724559677e-01 8.285211551020040810e-01 8.527853957742749236e-01 8.134199763426779306e-01 8.395897606498866628e-01 7.648385448684769106e-01 8.654428582625290911e-01 8.477684838139005752e-01 8.969090411412697916e-01 9.039817308605746504e-01 8.758402283722017678e-01 9.182059709764509581e-01 9.189243255798119625e-01 9.055417775095746524e-01 9.277234495771602418e-01 9.064569205462663648e-01 9.153051742089530762e-01 9.378067774223475261e-01 9.284666731491312275e-01 9.228337379832375342e-01 8.763233182789883502e-01 9.037082545364625297e-01 9.115258259170474497e-01 9.214095709977733195e-01 9.115544878865156075e-01 8.986805954637333560e-01 8.788522913538338033e-01 8.953959725811487802e-01 9.219114373309060806e-01 9.153298506745081164e-01 9.370993333830922589e-01 9.329324158431702152e-01 9.241753253103179855e-01 9.209774054226104179e-01 9.224968981464066742e-01 9.184285204007728298e-01 9.214976878735420263e-01 9.327562356650138664e-01 9.084940319008916187e-01 9.052293542945054616e-01 8.920855428101036599e-01 9.054583914657915455e-01 9.170403421192808713e-01 8.933300152659715554e-01 9.002269871353260067e-01 9.168462016425636962e-01 9.184383405828721036e-01 9.164661321611642375e-01 9.022775821912416561e-01 9.209121260454028457e-01 9.052770441921186295e-01 9.159226262962980591e-01 9.256790659354012796e-01 9.119368855724206968e-01 9.039300876140389240e-01 9.218300393884766297e-01 9.188340231765240729e-01 9.274587695951612698e-01 9.306467827845323892e-01 9.328758996947480453e-01 9.169821046061492620e-01 9.236141208530508351e-01 9.383156535180248170e-01 9.322192155820034909e-01 9.341166856517567618e-01 9.416954094184563084e-01 9.375692816324168177e-01 9.215026738390011962e-01 9.124788067773583755e-01 9.362789570962057883e-01 9.318936417140417650e-01 9.357298703149491415e-01 9.292633946060735450e-01 9.377051184983168364e-01 9.394005670436719191e-01 9.341060461464218978e-01 9.109980377857307410e-01 9.344142648399759166e-01 9.323505902077284802e-01 9.207998951983197289e-01 9.377450880260600474e-01 9.293878778061595014e-01 9.407003625567685878e-01 9.314098979491575170e-01 9.360025162431725443e-01 9.339034965607918570e-01 9.294326312252071398e-01
2.128686302824410112e-02 1.474758678953282665e-01 2.930924485178976746e-01 5.351540251590487518e-01 4.601944973168318187e-01 5.344816752061549714e-01 7.411661042293113955e-01 7.277145193838779891e-01 7.518066078712248856e-01 7.339907848630859988e-01 7.451887958330771777e-01 8.275092393377471156e-01 1.000000000000000000e+00 7.540733492283209216e-01 8.408593717797295808e-01 8.322679597061678480e-01 7.340962480313515393e-01 5.545887599221845932e-01 6.254979104926500222e-01 5.095165144791807821e-01 5.897114591062815325e-01 6.627945121499738690e-01 6.056418858933221294e-01 6.276876869568916995e-01 6.603528178074901112e-01 7.138494124316776546e-01 6.857684466073418195e-01 7.274852413397029371e-01 6.507886344974708193e-01 6.800796924464611592e-01 7.431594411624965479e-01 7.881008592639832111e-01 7.409134944849541382e-01 7.734818442891131518e-01 7.001860008810059099e-01 7.803983559387385194e-01 7.694877582465151633e-01 8.231648749307811652e-01 8.282539040310957779e-01 7.954520089334666810e-01 8.405396760668157885e-01 8.396196198124310506e-01 8.306566298772302126e-01 8.487180410792459773e-01 8.195704800866663309e-01 8.385340043756770445e-01 8.557969977980175447e-01 8.527368395494794306e-01 8.411811125846665460e-01 7.955558165942528959e-01 8.235794358624602962e-01 8.257411868186883552e-01 8.347184710277720798e-01 8.415480615058722469e-01 8.318839369999769806e-01 8.190802348064670779e-01 8.202737634569857716e-01 8.520147030234186403e-01 8.369922802358359393e-01 8.578765315897265431e-01 8.483810707510140992e-01 8.487847865912430123e-01 8.386109556028069623e-01 8.419404723106900246e-01 8.406511905810128971e-01 8.489759896750601609e-01 8.515667354970463121e-01 8.335761699612017628e-01 8.352777760468083068e-01 8.181932038473316293e-01 8.254617124500531755e-01 8.394530701658574623e-01 8.197921908470685581e-01 8.220583634075464552e-01 8.415570007620046811e-01 8.369746499678127893e-01 8.392920839469233396e-01 8.200034031227667608e-01 8.356380627419166540e-01 8.241898173592684396e-01 8.335750677266960951e-01 8.406233303705447080e-01 8.379598756106360069e-01 8.272035818162096765e-01 8.407540709694664161e-01 8.408475751730203340e-01 8.447310405963590618e-01 8.512368496985256439e-01 8.535929931978114560e-01 8.461906150826361550e-01 8.401559905918379867e-01 8.577552489632566113e-01 8.486480732360133228e-01 8.522062477180215589e-01 8.581968889025642921e-01 8.574500376922107314e-01 8.371768140732546160e-01 8.309534538544741666e-01 8.522977974458190165e-01 8.472945493338096545e-01 8.546857852901057484e-01 8.501551286371874516e-01 8.522031413957547041e-01 8.576242865493673984e-01 8.556083896727910698e-01 8.357220985758431198e-01 8.531302828897175949e-01 8.555192804642124393e-01 8.473721317888676108e-01 8.555765185025865360e-01 8.502134657940468854e-01 8.585241434563736229e-01 8.530007482832432375e-01 8.562051324646892114e-01 8.526677024072603084e-01 8.504887516551823401e-01
