1.000000000000000000e+00 1.334712324879965828e-01 8.100665313804342182e-02 7.353407139407271143e-02 1.988253702627669137e-02 1.643967082818972511e-02 5.837638935189020523e-02 4.634854727566149052e-02 1.558549453065120882e-01 3.859260055010654139e-02 1.985804604587753514e-02 2.239711270701773629e-02 2.462080207106677812e-02 2.233155015091387724e-02 2.592231555381607072e-02 3.484927061783165553e-02 1.138202692906081087e-01 7.988652753182161337e-02 8.146948231092603077e-02 2.424115210350395386e-02 3.007373395292068860e-02 8.941619741023447421e-02 1.020279171300520482e-01 7.522887856190173250e-02 1.004586086463390565e-01 7.570760689445565905e-02 8.123288177462589799e-02 7.419947595813077001e-02 1.074080328253231437e-01 8.937169730443968174e-02 6.071912819956350182e-02 6.101506991537128388e-02 6.871310875544497931e-02 7.926863717483652316e-02 6.956040132871674220e-02 3.140017624190940410e-02 3.829510924158335133e-02 4.630530028595580133e-02 5.193778108541054206e-02 1.996410165399913061e-03 7.927184342657505114e-03 3.137843408220997166e-02 1.951542641552981086e-02 4.003109170370702102e-02 3.559565366523777252e-02 1.492613115451066515e-02 7.403309701227414955e-03 2.715022075023529324e-02 4.256013006596244541e-02 5.278035620026999553e-02 4.360319351549069022e-02 4.933186122510178212e-02 3.712444747980891274e-02 3.941714985427283158e-02 1.958580198547526033e-02 3.259864298806507826e-02 6.958181721040163081e-02 1.940442379727990579e-02 1.562925291032238664e-02 5.446917603346496800e-02 2.835137229272366097e-02 3.421806419706328178e-02 2.168452200168999311e-02 6.774621831848212650e-02 8.285706297199874060e-02 7.798186465171273729e-02 3.312612326687409264e-02 3.394265700160797872e-02 3.962264880553138108e-02 9.082212405426193583e-03 2.100596242668800046e-02 3.217994243280131172e-02 3.236994274822445339e-02 3.084171170659380165e-02 2.875919915992049963e-02 2.339309740277874250e-02 3.242277761686096493e-02 3.897970673683114756e-02 4.648042700558958906e-02 3.235212087142359805e-02 3.400641906855041835e-02 2.500876154491097139e-02 4.540264236335118248e-02 3.658264957240553450e-02 2.750860076585526920e-02 3.124525756016904507e-02 1.665086426095609834e-02 2.315024341054331553e-02 2.036569885805892752e-02 2.505778270743577729e-02 1.044434052243779949e-02 1.040066329545564702e-02 1.582381001942084059e-02 1.995965545053336732e-02 3.207722843563694248e-03 1.396013564174771078e-02 1.434512940723350199e-02 6.055826378792174974e-02 9.124017227863732982e-03 2.211855516270871264e-02 1.272282077774602484e-02 2.521564642756608451e-02 2.596043539319587215e-02 1.783681912682416951e-02 2.353160726416842624e-02 4.583909125405184054e-02 3.476703089812935299e-02 1.891618916470389974e-02 1.355592364815940559e-02 9.755019361871414968e-03 4.143899018159468220e-03 2.622322413618582981e-02 1.807098767856547133e-02 3.473677165828436414e-02 4.512005935255844480e-02 3.797922379830313139e-02
1.334712324879965828e-01 1.000000000000000000e+00 6.946010252524115192e-02 2.266473706852364239e-02 5.007380862708105812e-02 6.054234183996389657e-02 1.128899203750442781e-01 5.566671499795092931e-02 1.587219498483289359e-01 1.754707536367612897e-01 9.687757950189883338e-02 1.038823901915535974e-01 1.137565008371735770e-01 1.234254237528435161e-01 1.300292288909143668e-01 1.133775943467624503e-01 1.488524878208846158e-01 8.147205269297995434e-02 1.409123659574704479e-01 2.130512360512500439e-02 3.623226347053134719e-03 1.336153414407585394e-01 1.460551516750152323e-01 1.253071221965642579e-01 1.692829378854341926e-01 1.374185828039980184e-01 1.551588844674545997e-01 1.699001843831699776e-01 1.603361164502409564e-01 1.558546583044927714e-01 1.558517090496397695e-01 1.367561944101514104e-01 1.556203392608992431e-01 1.501612669139012479e-01 1.636360168811821225e-01 1.137245628108423529e-01 1.470026539149842659e-01 1.313124076192148659e-01 1.530705230110645798e-01 1.232023499980912234e-01 1.361844534242453164e-01 1.422987866588772965e-01 9.929209642725564389e-02 1.419274295240803563e-01 1.470218808423066070e-01 1.497187345777181433e-01 1.421609658307124713e-01 1.573713976883162613e-01 1.305662615741755572e-01 1.062538230739188405e-01 1.129802784560622331e-01 1.119962586889504952e-01 1.159922250207374578e-01 1.404005035476223462e-01 1.231948218086885982e-01 1.533257083954704669e-01 1.111593499005713442e-01 1.250780257016377295e-01 1.128106842070449312e-01 1.406206892525044272e-01 1.099463267876604339e-01 1.182445076227173347e-01 1.076446383717701155e-01 1.256193009647885994e-01 1.484374726118131427e-01 1.440076650989507157e-01 1.511026854861808599e-01 1.487849608135531077e-01 1.522428248255748018e-01 1.137733166005756580e-01 1.276222151053078846e-01 1.572790204439483142e-01 1.487065881647826049e-01 1.545793768827062598e-01 1.473157700303437956e-01 1.513304304123503641e-01 1.555465615905942955e-01 1.618366950512178659e-01 1.629446370195026250e-01 1.548856892082252912e-01 1.593231303710188618e-01 1.525596380726000068e-01 1.562145974421223771e-01 1.570906272403953530e-01 1.422513289817682880e-01 1.475433220340426343e-01 1.445919810336761535e-01 1.463777569137926504e-01 1.442697872836765927e-01 1.524275111911101155e-01 1.473330092976293526e-01 1.468356711835168138e-01 1.472899846051915207e-01 1.516248513042743606e-01 1.471321758325047913e-01 1.490566502621135936e-01 1.024853121003062029e-01 1.206686160072361624e-01 1.254421348115190016e-01 1.275589700280472527e-01 1.259709898919542659e-01 1.279376063062247493e-01 1.315453823578023040e-01 1.347573769518934095e-01 1.339305485111182692e-01 1.342810346361141272e-01 1.342084908590611136e-01 1.531089250091481335e-01 1.415817508494301991e-01 1.439171234509518948e-01 1.359963068892043048e-01 1.454900789505429448e-01 1.286186495298418109e-01 1.353168379912544073e-01 1.458925441578569071e-01 1.493063052436648663e-01
8.100665313804342182e-02 6.946010252524115192e-02 1.000000000000000000e+00 3.427943762267771088e-01 2.153728268155970793e-01 2.238768436262915662e-01 3.409331479006935672e-01 3.542515313388812093e-01 3.392324503409406833e-01 2.901827328336362699e-01 3.724693809995661131e-01 4.001189463947534275e-01 3.450481580282173666e-01 3.442799292501311781e-01 3.891997891678248833e-01 3.871010275366240094e-01 3.674230402591357469e-01 3.509548706639781801e-01 3.830384621063890882e-01 3.059636936983070599e-01 3.879514501771681445e-01 4.081920648340546243e-01 3.684908918992424454e-01 3.737407523113579488e-01 3.971107834782224844e-01 3.881022849798022589e-01 3.974732900876426500e-01 3.921030463721300596e-01 3.829832994705388849e-01 4.075570370537742182e-01 3.965951055591804830e-01 4.006512476053875615e-01 3.873537464066937885e-01 4.016381028951363508e-01 4.068853307469657565e-01 3.976989591544801139e-01 3.969020215707108057e-01 3.896247279161984545e-01 4.004069882040648953e-01 4.180547338076915920e-01 3.859260589318889156e-01 3.947683226990564842e-01 4.035819333305411538e-01 3.957822045551676604e-01 3.980937444332082742e-01 3.793057103578625355e-01 3.776981813939375154e-01 3.810315871869532911e-01 3.863929431475791598e-01 3.982828977626994837e-01 4.037107834715969457e-01 3.871933055906076060e-01 3.908146962826417048e-01 3.812515855801325015e-01 3.862257888106775394e-01 3.952971138677904839e-01 3.892231845962815795e-01 3.884451017534856221e-01 3.980303468590921656e-01 3.807556584340276995e-01 3.939641326256649867e-01 3.812519794695897191e-01 3.838652860363628849e-01 3.831689833275714885e-01 3.825749933257867608e-01 3.828491706643615822e-01 3.865529552771041488e-01 3.895671037295698191e-01 3.878389172535125495e-01 3.977737815582476633e-01 4.099153598784731067e-01 3.953805070822851708e-01 3.938195126411827007e-01 3.956463152639468350e-01 3.919011184089216671e-01 3.907128605776885588e-01 3.918858985652267091e-01 3.939337132307814682e-01 3.843885268866379379e-01 3.912660547779677200e-01 3.883603150852838470e-01 3.812300579690958147e-01 3.954231642436661920e-01 3.922421982417934050e-01 3.924722331741952175e-01 3.874303465715497330e-01 3.919411447054567121e-01 3.860751225713474621e-01 3.894818794931423911e-01 3.895746629277189177e-01 3.924687587243847475e-01 3.892419250431975453e-01 3.882214727233527229e-01 3.852584205550295682e-01 3.765258464965722807e-01 3.779153247380822589e-01 3.895678403543880175e-01 3.838144315564295250e-01 3.832397402379444928e-01 3.877671366062375169e-01 3.915670878456258830e-01 3.868053709226574877e-01 3.853092335956680992e-01 3.862755956154474424e-01 3.893325302364473717e-01 3.819578209675633107e-01 3.826244282526408136e-01 3.811789583466661524e-01 3.847430838588666857e-01 3.829568699977405899e-01 3.817683632899327439e-01 3.804397147799902790e-01 3.821526205119952779e-01 3.805826564420081159e-01 3.850716281881113034e-01 3.803732300939472455e-01
7.353407139407271143e-02 2.266473706852364239e-02 3.427943762267771088e-01 1.000000000000000000e+00 3.376377274876224965e-01 4.136719650234169099e-01 5.473538725528308557e-01 5.599552999708591328e-01 5.180896167915599593e-01 4.278342653098299309e-01 5.803065201836778986e-01 6.433261784374637582e-01 5.210727997003503642e-01 5.106261043870748972e-01 6.053061945407220978e-01 6.076194010383062505e-01 5.378713304265078099e-01 4.785883676206049708e-01 4.782893689219872013e-01 5.338589620648097611e-01 6.229982758266308096e-01 5.670535807825528574e-01 4.767185052913960330e-01 4.635766354561962066e-01 4.965940678764907412e-01 5.680225816563635455e-01 5.799057076561131563e-01 5.490705371856885453e-01 5.314792204122616992e-01 5.474541522938952687e-01 5.875828296290019903e-01 5.726023053087127002e-01 5.325196356609696036e-01 5.484880655525955495e-01 5.339767157941546216e-01 5.855453705191949743e-01 5.530423032517821635e-01 5.934132664584542693e-01 5.801717291607317861e-01 5.977559533423647542e-01 5.805592511873550743e-01 5.961422082122247446e-01 6.264843195653507779e-01 6.015636951904952401e-01 5.865650272424570710e-01 5.707872538250031713e-01 5.783176021965003022e-01 5.689286075618433802e-01 6.063216622240810150e-01 6.295233798469681563e-01 6.362152474773249411e-01 6.235439805590077267e-01 6.126059747596982463e-01 5.835959464302697963e-01 5.902649158995378897e-01 5.821888382428476172e-01 6.195591393485153642e-01 5.889265472493897535e-01 6.127130180873872067e-01 5.900904476056993975e-01 6.203847308747191258e-01 6.064104514056601891e-01 6.179452796467443942e-01 6.191898247960943014e-01 5.915072186109129326e-01 6.020548010063443423e-01 5.773433980583756453e-01 5.641265995869598759e-01 5.639266959262733137e-01 6.202784648649073418e-01 6.091239230905327595e-01 5.678998932882861617e-01 5.487930537678257226e-01 5.611311470670653501e-01 5.869740488726059580e-01 5.770816507962454045e-01 5.771293900667476828e-01 5.644538297757856204e-01 5.632813328086522242e-01 5.689143424700032758e-01 5.623102249088929305e-01 5.729744069153218655e-01 5.818970544772013032e-01 5.648286166913379924e-01 5.770177130114424457e-01 5.659757595677963327e-01 5.733953938927723870e-01 5.781302282812134097e-01 5.775127324796260897e-01 5.759272344654250420e-01 5.766015100915068414e-01 5.801011130963825702e-01 5.794479337115291395e-01 5.772731088469741367e-01 5.686893849720663363e-01 5.715718498595576680e-01 6.132402235480027830e-01 6.106285460579510271e-01 5.973648918402141295e-01 5.990251361135295882e-01 5.998997142679995953e-01 5.970222204284444389e-01 5.991565737351933763e-01 5.868792996153251451e-01 5.967308564316026187e-01 5.958327258376463487e-01 5.949405334306703264e-01 5.740214813339774569e-01 5.820871567614014364e-01 5.783687294003760915e-01 5.815788602586818845e-01 5.803354500441834096e-01 5.916402684701150827e-01 5.933848970164354863e-01 5.873976023331091145e-01 5.820402496733584341e-01
1.988253702627669137e-02 5.007380862708105812e-02 2.153728268155970793e-01 3.376377274876224965e-01 1.000000000000000000e+00 3.075867621865085444e-01 4.377701142044911897e-01 4.421805660490646384e-01 4.785832465121613311e-01 4.032352832593077974e-01 4.549269648438292180e-01 4.819449316425347130e-01 4.879184153474280805e-01 4.504181881009366450e-01 4.929413126621850494e-01 4.896847159200210520e-01 4.421264099473191100e-01 3.978770182318390747e-01 4.284449774675044287e-01 3.269524644354343534e-01 4.006669779609329241e-01 4.660976382464383505e-01 4.395425669834520654e-01 4.223862315045895377e-01 4.574297486669201551e-01 4.686717862697492021e-01 4.641518763383682966e-01 4.549098916970223949e-01 4.550453936996465831e-01 4.620998076144001709e-01 4.871367665710795158e-01 4.630917655027790847e-01 4.289301201166680899e-01 4.417603152531390798e-01 4.453412597653708116e-01 4.658221928898003683e-01 4.653794070293658103e-01 4.707740564972864306e-01 4.822243742137887201e-01 4.623942904485230931e-01 4.832206893765216837e-01 4.910253577593909347e-01 4.920235039831329371e-01 5.045097392628896671e-01 4.937022121381226536e-01 4.942045792382835923e-01 4.927149642892755255e-01 4.944820272204180078e-01 4.739469295297069618e-01 4.604350766496625447e-01 4.833734697263826763e-01 4.852440565266190609e-01 4.873639315666469796e-01 4.865134629959430024e-01 4.795678997812385380e-01 4.881117594656136371e-01 4.675444424540067256e-01 4.963510341632050848e-01 4.801478123150349497e-01 5.057931627093723570e-01 4.943818259284516459e-01 4.823610464157855326e-01 4.705931947161342555e-01 4.903922479822066527e-01 4.908418392409768516e-01 4.897228926575832864e-01 4.898407126520164523e-01 4.919451248294575141e-01 4.880516517083310912e-01 4.884336358496841335e-01 4.992723075566985469e-01 4.960502442056542449e-01 4.846439051552103860e-01 4.926105788073027458e-01 4.942968210711852217e-01 4.931982524562511516e-01 4.899738353054969853e-01 4.939316520828491708e-01 4.937122291955945430e-01 4.908629405992299688e-01 4.834879823710386271e-01 4.938810684486536484e-01 4.965596689697516219e-01 4.826998838475980991e-01 4.870490265009635444e-01 4.877256646486759495e-01 4.903863378738186340e-01 4.951604258134143510e-01 4.949167850916828537e-01 4.996420001764974028e-01 4.940541227981501415e-01 4.989239886684463943e-01 4.976487725186578559e-01 4.967129504148368180e-01 4.927336873418405316e-01 4.921991991782072584e-01 4.884272582138874941e-01 4.888113122019715484e-01 4.967949710390637263e-01 4.939148736608448553e-01 5.008685928800717946e-01 4.948686325452891777e-01 4.964195725495372247e-01 4.983732613908190001e-01 5.003346526953650342e-01 4.912666005879008368e-01 4.896366843913267375e-01 4.934795885138356097e-01 4.949320194515657301e-01 4.931853750324801111e-01 4.924339084304755754e-01 4.979587739240545208e-01 4.919832126888777357e-01 4.916997287431554842e-01 4.936661482172254312e-01 4.968072358666571486e-01
1.643967082818972511e-02 6.054234183996389657e-02 2.238768436262915662e-01 4.136719650234169099e-01 3.075867621865085444e-01 1.000000000000000000e+00 5.204769967881905934e-01 4.897296473123187166e-01 5.041521077548023477e-01 4.603795881139792767e-01 5.329742748080789072e-01 5.670237178833216207e-01 5.182273738080174219e-01 5.099155996710724725e-01 5.724759159683316945e-01 5.628621080293015888e-01 4.884258189176973186e-01 4.560015449178460023e-01 4.919760412252638937e-01 4.213500896371388249e-01 4.713475332203326262e-01 5.440868958550835188e-01 5.076160504444522381e-01 4.790442120553935479e-01 5.176116734129100339e-01 5.538311236482161837e-01 5.672357562262970720e-01 5.425887896897766405e-01 5.348256128117166996e-01 5.403653508305142905e-01 5.821778989776410507e-01 5.520949482277557330e-01 5.135129242072665745e-01 5.258193197366911598e-01 5.262545956430515481e-01 5.439319447840066379e-01 5.416677614282103814e-01 5.614040812532898883e-01 5.624258160723206723e-01 5.545687239237454547e-01 5.760471565189855259e-01 5.795719614049107404e-01 5.766288675721596979e-01 5.872737980712831041e-01 5.719880933092150732e-01 5.717178861419295322e-01 5.792876809338945998e-01 5.757068620048721996e-01 5.772559285001058749e-01 5.682449371647039227e-01 5.804885496996723404e-01 5.682785468486765135e-01 5.781086745928578630e-01 5.757758554260380413e-01 5.719967858763284063e-01 5.774657855336614576e-01 5.679026606870647420e-01 5.819882326550037677e-01 5.831606683429054749e-01 5.833019049673301426e-01 5.866190214560280669e-01 5.767737338475498188e-01 5.776268590362263478e-01 5.816123842092734142e-01 5.759667184831835929e-01 5.757160236825548116e-01 5.782741742486531278e-01 5.765069904795087075e-01 5.748266207440104747e-01 5.843971630807570650e-01 5.923661675530202952e-01 5.802458979576825548e-01 5.683366046099878055e-01 5.769314500754716413e-01 5.860705357937251447e-01 5.834279200165594093e-01 5.869651044792870698e-01 5.780543598428626861e-01 5.775013242015020198e-01 5.776962320986892552e-01 5.747254747266199448e-01 5.819181452762479667e-01 5.813589185069282239e-01 5.726471617939354886e-01 5.788815617902633992e-01 5.746167469261811434e-01 5.770209480203244423e-01 5.824087135702543661e-01 5.777554128138715495e-01 5.816240233492664391e-01 5.812589498057511017e-01 5.851059175694945935e-01 5.831170462753533235e-01 5.846384607357617558e-01 5.820909421082257618e-01 5.820411942121259674e-01 5.861930209026112726e-01 5.842201590316151716e-01 5.863361390759095348e-01 5.884326338636901577e-01 5.874081738578266210e-01 5.865436317049257386e-01 5.856199284732124255e-01 5.862893767267598477e-01 5.863407754694899277e-01 5.821858726748133650e-01 5.866350980700645312e-01 5.815422401523686613e-01 5.854086290199861375e-01 5.807098505354192364e-01 5.833028994813977963e-01 5.829939865260341803e-01 5.836738590191394849e-01 5.849093173136504786e-01 5.817704493243563979e-01 5.796764628175897771e-01
5.837638935189020523e-02 1.128899203750442781e-01 3.409331479006935672e-01 5.473538725528308557e-01 4.377701142044911897e-01 5.204769967881905934e-01 1.000000000000000000e+00 6.941212527326026116e-01 7.031174618242574947e-01 6.555501763440153562e-01 7.526557937982507607e-01 7.981732846285267691e-01 7.010403837189089771e-01 7.218332880307273269e-01 8.516182947594593822e-01 7.846256347329532144e-01 7.001337832524860971e-01 6.557512466252568561e-01 7.189298264995183096e-01 5.638395592515281773e-01 6.171068815249124428e-01 7.497124320139403331e-01 7.409307854838875773e-01 6.950923076354249552e-01 7.589866853855008477e-01 8.044628531977554564e-01 8.021369509893310212e-01 8.192675767409816068e-01 7.626559403577707341e-01 7.930891829869103349e-01 8.137870433379684743e-01 8.042552421135862328e-01 7.885807067859702535e-01 7.912959780625558048e-01 7.788467136862919915e-01 7.832573731845612341e-01 8.075052506920860074e-01 8.208055409210088804e-01 8.288162305041205657e-01 8.265672388773285251e-01 8.114446987115473409e-01 8.396368701501895071e-01 8.236652150538147366e-01 8.220649812849047944e-01 8.230427352918021633e-01 8.212239172071200688e-01 7.956579371162536551e-01 7.986020919411155328e-01 7.918186672842556506e-01 7.893041391346443669e-01 8.138090561018801461e-01 7.775864808226333746e-01 7.805642446016514135e-01 7.878120176715981415e-01 7.880654620269693655e-01 8.210957344371103694e-01 7.596131939885687467e-01 8.058589010116321560e-01 8.023491011785808258e-01 7.909340885174931390e-01 8.027765670551213484e-01 7.879422540446539003e-01 7.827089212107177785e-01 7.907821730341006994e-01 7.851150685370510418e-01 7.794055049802822710e-01 8.059397787622767373e-01 8.114819164717274047e-01 8.135855087907944982e-01 8.003194509393163347e-01 8.093263327675045415e-01 8.133359007502876104e-01 8.026966667148786039e-01 8.116229943553698867e-01 8.217627477917646139e-01 8.176691863717536757e-01 8.314898857693291401e-01 8.137412137127383316e-01 8.236105359977310414e-01 8.184261678606483681e-01 8.136233549604001691e-01 8.096855304692552879e-01 8.195178240165982286e-01 8.213808717294435180e-01 8.256158121029011365e-01 8.180700799719493599e-01 8.200745633753738772e-01 8.305466131682502917e-01 8.236879248952613253e-01 8.233286024769166378e-01 8.364467793039708221e-01 8.258705976996294496e-01 8.177204007387206541e-01 8.260084446706751349e-01 8.021894513348677425e-01 8.062241470475287608e-01 8.111545135300913811e-01 7.868198257555608643e-01 8.071777197943347248e-01 8.243807051043799961e-01 8.267711758387975562e-01 8.076441017688842372e-01 8.044136004245693305e-01 8.147234980930220249e-01 8.140245162162096371e-01 7.977775217928981810e-01 8.026569905705626118e-01 8.066092926096580795e-01 8.114644557040613382e-01 8.084096711456059126e-01 8.157457591770652661e-01 8.012343794814645870e-01 8.033600231505433342e-01 8.038490587023952028e-01 8.020817242447429996e-01 7.936921718573000106e-01
4.634854727566149052e-02 5.566671499795092931e-02 3.542515313388812093e-01 5.599552999708591328e-01 4.421805660490646384e-01 4.897296473123187166e-01 6.941212527326026116e-01 1.000000000000000000e+00 6.937628400948671059e-01 6.149041102905276057e-01 7.152494104022826260e-01 7.751214471838827613e-01 6.920558475131495246e-01 6.971837913313341240e-01 7.861926921481370290e-01 7.977087378513196825e-01 6.929573899321443964e-01 6.224297775683169665e-01 6.760465223922162981e-01 5.815507766644135712e-01 6.560954966619384487e-01 7.298030238821874294e-01 6.811776867561255555e-01 6.475135428318726794e-01 6.999770822055204622e-01 7.587720742564232346e-01 7.592759377801857612e-01 7.281712316052224576e-01 7.115121790117496792e-01 7.410492940632529280e-01 7.764130374247113497e-01 7.639389000111510564e-01 7.088422312791256008e-01 7.320739446171113940e-01 7.304346923138852476e-01 7.474926716452069408e-01 7.439782479928827019e-01 7.753964225072557115e-01 7.676713556923950854e-01 7.627945140364719157e-01 7.737760737226856422e-01 7.804092540199736305e-01 7.755673767586168665e-01 7.888444973334236554e-01 7.749066545476531731e-01 7.627224830908346798e-01 7.781429906392456353e-01 7.747335473513198290e-01 7.870390464985780321e-01 7.845648696727550719e-01 8.016006327646365559e-01 7.593255752482969134e-01 7.733379965386465438e-01 7.812713520183783844e-01 7.867475271968300543e-01 7.858753199608533579e-01 7.824910019044885034e-01 7.895516770029425979e-01 7.973147587314125539e-01 7.787542396622713081e-01 7.956587469467023555e-01 7.839015972053504644e-01 7.924696212590176536e-01 7.911505685006084976e-01 7.768705413961923822e-01 7.785982095701422523e-01 7.806131115630978723e-01 7.757633986062995035e-01 7.746698726685475878e-01 7.859842230878684166e-01 7.914671101591087554e-01 7.793170758909513385e-01 7.604184007863982186e-01 7.727521670052902580e-01 7.858415269360723432e-01 7.825424303039021368e-01 7.760083680625781133e-01 7.727084621129883812e-01 7.761416197873555189e-01 7.820137432445172232e-01 7.778368722406338032e-01 7.812455636747955845e-01 7.862553705941657256e-01 7.766308406330564296e-01 7.806748515428696411e-01 7.729659932360541941e-01 7.784466756325402192e-01 7.846464868572410323e-01 7.834328936686226763e-01 7.829378233905941453e-01 7.774136526678557813e-01 7.834467958711098801e-01 7.839953696258795679e-01 7.788383794921049930e-01 7.782498718450983066e-01 7.795899292697513472e-01 8.020282466272699029e-01 7.912271891554634173e-01 7.962360652707264341e-01 7.955122295072294403e-01 7.921271049265716790e-01 8.002966926324734942e-01 7.893903566154637508e-01 7.899252299489829543e-01 7.909554452321095885e-01 7.897941959820150570e-01 7.920785848892921699e-01 7.794935220880980786e-01 7.889007950131825542e-01 7.823930208136601339e-01 7.878977086325913426e-01 7.821232120572436664e-01 7.898233005511529070e-01 7.903062809633700780e-01 7.854383292280721074e-01 7.815220882067683839e-01
1.558549453065120882e-01 1.587219498483289359e-01 3.392324503409406833e-01 5.180896167915599593e-01 4.785832465121613311e-01 5.041521077548023477e-01 7.031174618242574947e-01 6.937628400948671059e-01 1.000000000000000000e+00 7.264528393736672252e-01 7.821967629412678313e-01 8.151900792467812185e-01 7.597933213008714048e-01 7.681414172788643135e-01 8.330346372500481156e-01 8.203742817285371025e-01 7.888547970903855289e-01 6.337581564235311715e-01 7.188145371515766158e-01 5.719620130587056428e-01 6.160032314621036731e-01 7.671155528787360067e-01 7.493882283000556921e-01 6.879723102025485648e-01 7.687878793970359670e-01 8.154131856647420795e-01 8.252455012347029717e-01 7.930259334841206487e-01 7.870025246729517310e-01 8.051605640583294754e-01 8.575473806391532561e-01 8.151537100060740615e-01 7.502592965604020225e-01 7.847544105906080203e-01 7.948330313496949628e-01 7.941011114692012596e-01 8.086066403876338571e-01 8.198324121366665773e-01 8.330725325271767234e-01 7.726386980088439937e-01 8.444378011292983377e-01 8.335166138367461341e-01 8.142964813449070638e-01 8.568082980780258318e-01 8.472839379406055249e-01 8.376569542600168505e-01 8.609669648472904058e-01 8.709199241685097181e-01 8.549697841916847896e-01 8.151485210654618729e-01 8.420223606167493990e-01 8.140539777371268437e-01 8.481509248654502953e-01 8.709515863041478179e-01 8.477960755754250233e-01 8.545321891957329274e-01 8.505917706700263370e-01 8.549183578345842527e-01 8.421543425919811865e-01 8.774393921813115060e-01 8.578336692792167817e-01 8.570891806529427059e-01 8.388679004294216091e-01 8.653039526099595147e-01 8.728300464808727011e-01 8.752240302475871037e-01 8.675480160442209376e-01 8.541668496087846396e-01 8.573417776013207980e-01 8.401150441672298186e-01 8.493555366323279898e-01 8.590298708441433950e-01 8.329344149379351858e-01 8.469045522608488197e-01 8.623139160680327597e-01 8.625463670572647290e-01 8.548206785036329691e-01 8.597604680714119318e-01 8.590682538845700877e-01 8.631554544803495821e-01 8.614349266761776036e-01 8.671587100418763905e-01 8.663888868225304574e-01 8.562833184355537197e-01 8.435962251630815256e-01 8.491562182528289426e-01 8.517263011856469612e-01 8.532463971336063935e-01 8.603625063907962556e-01 8.597906734814350083e-01 8.437174978818721138e-01 8.565653633076061313e-01 8.608372836042403886e-01 8.592482787189529292e-01 8.611638845214518723e-01 8.658607609096211633e-01 8.421826002767832664e-01 8.621972046795967071e-01 8.567546583628596890e-01 8.558857224115141715e-01 8.531782523904493098e-01 8.612419418185172093e-01 8.642386550863379036e-01 8.625960559187457743e-01 8.638014302635517172e-01 8.705033850644161575e-01 8.689901385876536155e-01 8.654260236780731974e-01 8.629721449944268707e-01 8.622742465511853416e-01 8.550286954670004436e-01 8.721352733471350316e-01 8.638458676131516301e-01 8.715276817372346052e-01 8.744585765962741286e-01 8.738423142805060717e-01
3.859260055010654139e-02 1.754707536367612897e-01 2.901827328336362699e-01 4.278342653098299309e-01 4.032352832593077974e-01 4.603795881139792767e-01 6.555501763440153562e-01 6.149041102905276057e-01 7.264528393736672252e-01 1.000000000000000000e+00 7.097660057059521632e-01 7.351020700187927970e-01 6.915577711337276279e-01 7.121113709908246658e-01 7.721619032128418381e-01 7.511450475451434405e-01 6.799953205742971241e-01 5.578496330106996748e-01 6.560408786738899378e-01 4.693516485130004856e-01 4.967143837583686272e-01 6.846282907038062637e-01 6.935731314296338379e-01 6.330117251380771304e-01 7.048537053447025968e-01 7.476625007891707364e-01 7.428877522987955562e-01 7.471332717961455261e-01 7.111630401045830885e-01 7.518566377019205715e-01 7.822332660917863389e-01 7.509171006332829856e-01 7.130372552194518265e-01 7.280524172274136507e-01 7.402825052351312829e-01 7.277982919013158414e-01 7.592011180703500672e-01 7.662949297813442806e-01 7.812529009323940787e-01 7.351902630466969901e-01 7.924230051583410761e-01 7.849546150228107200e-01 7.500817882163687278e-01 7.897378588003168831e-01 7.847515148561572396e-01 7.885674032349587748e-01 7.933349445565226477e-01 8.059774075245542679e-01 7.750973012165118803e-01 7.298194695901690787e-01 7.641174306872436928e-01 7.228604206011712829e-01 7.623969149075028318e-01 7.938679525101137724e-01 7.752670531890167860e-01 7.967412087806454712e-01 7.388594409252524642e-01 7.914407411679027504e-01 7.714222645593065142e-01 7.915961655227146121e-01 7.777285957115889214e-01 7.775638287057857756e-01 7.587342661140603628e-01 7.716661098728513357e-01 7.778437275293521580e-01 7.740646665483197353e-01 8.011383961988692848e-01 7.889680920985159274e-01 7.947404121304079139e-01 7.638594998040221240e-01 7.748237407233300456e-01 7.960933254623374644e-01 7.791419854574859194e-01 7.864267993521368849e-01 7.977096822465770121e-01 7.991450939399609155e-01 7.958788447946504307e-01 7.959053014638654000e-01 8.000496370169528637e-01 8.041236638955175930e-01 8.063468671436351265e-01 8.037519941969982762e-01 7.966161121672331591e-01 8.010789063698032786e-01 7.875918450592893638e-01 7.928194217350523765e-01 7.982317785590095083e-01 8.005830695828748400e-01 8.055943806049529199e-01 8.031049914490572261e-01 7.978768498289081634e-01 8.010521744780774167e-01 8.014960010408704871e-01 8.035000983839717392e-01 8.022491068719048712e-01 8.050444546630272091e-01 7.712290757335027447e-01 7.676374888281380926e-01 7.886117714986429217e-01 7.920377856196805233e-01 7.923821501671483025e-01 7.887425474160264516e-01 7.894302579648213580e-01 7.989609227523847279e-01 7.912006305477133905e-01 7.824477470122488398e-01 7.915477010746788666e-01 8.044154885837679902e-01 8.009170035746941974e-01 7.999364940135662572e-01 7.976949947257410134e-01 8.011858557084819976e-01 7.960625636628706481e-01 7.934307735874990275e-01 7.929382936386243363e-01 7.945615690149600008e-01
1.985804604587753514e-02 9.687757950189883338e-02 3.724693809995661131e-01 5.803065201836778986e-01 4.549269648438292180e-01 5.329742748080789072e-01 7.526557937982507607e-01 7.152494104022826260e-01 7.821967629412678313e-01 7.097660057059521632e-01 1.000000000000000000e+00 8.642164349289777059e-01 7.768148241208211457e-01 7.899718688576687908e-01 8.716006956027291253e-01 8.538440352514801157e-01 7.840257770353037392e-01 6.574484577695407506e-01 7.530848977316230153e-01 5.984093665719206756e-01 6.729235501404463582e-01 8.036810609766497082e-01 7.612327396500309096e-01 7.171430040126284267e-01 7.855856806305001605e-01 8.466605908198963082e-01 8.494229033999562972e-01 8.217768259500582984e-01 7.847994356839688157e-01 8.303081915309674654e-01 8.767650314829227298e-01 8.423764072771917633e-01 7.880848007599220439e-01 8.152642719157179307e-01 8.155268327047663357e-01 8.317068891831321809e-01 8.431059361647802453e-01 8.562592338722168073e-01 8.636808378256057850e-01 8.440692963781049052e-01 8.869705386302674244e-01 8.809392856996622889e-01 8.691126492372481804e-01 8.911030179240544413e-01 8.851912200346004900e-01 8.709759658575135788e-01 8.918640300175949553e-01 8.893120022604305008e-01 8.823878633880879452e-01 8.559559284337721063e-01 8.850783507388100269e-01 8.579911854838564444e-01 8.786071939957139643e-01 8.826363416998422862e-01 8.717409956342497823e-01 8.854471829793297832e-01 8.617190838419019894e-01 8.861700856236593982e-01 8.792734619567146304e-01 8.908884051276659832e-01 8.877281891272719161e-01 8.826626054744072247e-01 8.742788778278240969e-01 8.803619227071382003e-01 8.821694606774042047e-01 8.797751781281522021e-01 8.943036437901744629e-01 8.847798465856658856e-01 8.830067561217795902e-01 8.796624446060817837e-01 8.905092746026764816e-01 8.903088087903529013e-01 8.687125076977970650e-01 8.815777822407245834e-01 8.975780887221073145e-01 8.924244639535716672e-01 8.890203899736305315e-01 8.813585038321858356e-01 8.819585933370234221e-01 8.886273759843266173e-01 8.872321415695971769e-01 8.931537464941404769e-01 8.908472080036439200e-01 8.846763956859210465e-01 8.843750225741846549e-01 8.832454217218699277e-01 8.884648755439039647e-01 8.920743923531229136e-01 8.928232686212813629e-01 8.933691684419874379e-01 8.917697937123736374e-01 8.972527158632477295e-01 8.967545295759509205e-01 8.943910848009952730e-01 8.930146534162555216e-01 8.949526679618200475e-01 8.884723354212401558e-01 8.821656456175366312e-01 8.930526009259045495e-01 8.971272142689685758e-01 8.961253885993547552e-01 8.941529875346044820e-01 8.976211287943276496e-01 8.978920106455453576e-01 8.974447372712454074e-01 8.894285226548771517e-01 8.947327001056656348e-01 8.947285627431464938e-01 8.959362317858668989e-01 8.960124850025809051e-01 8.954615508484542463e-01 8.948662736749590785e-01 8.936167405705266464e-01 8.945597068668409424e-01 8.950382158884107042e-01 8.906546546470457404e-01
2.239711270701773629e-02 1.038823901915535974e-01 4.001189463947534275e-01 6.433261784374637582e-01 4.819449316425347130e-01 5.670237178833216207e-01 7.981732846285267691e-01 7.751214471838827613e-01 8.151900792467812185e-01 7.351020700187927970e-01 8.642164349289777059e-01 1.000000000000000000e+00 8.135603954703923835e-01 8.234854693235239553e-01 9.112324309162433966e-01 9.064274431253527275e-01 8.160103228378153828e-01 6.889611972192546396e-01 7.742006557071349215e-01 6.478342557383353073e-01 7.367760128217181181e-01 8.345749535427618993e-01 7.758813809108799919e-01 7.365592138803629396e-01 8.048763764800720422e-01 8.739561849733797905e-01 8.842722326935196220e-01 8.572446044092487671e-01 8.191948339297768777e-01 8.539024417398091149e-01 9.179441044998566390e-01 8.780163524941632103e-01 8.194626838524173840e-01 8.439825249085655123e-01 8.476572068459716780e-01 8.719160368877951761e-01 8.744611194483252747e-01 8.997587099142730915e-01 9.037530977919541186e-01 8.908768807449825022e-01 9.200852423397211099e-01 9.179944651129879896e-01 9.146748543318963254e-01 9.309032343389194164e-01 9.215000005764704127e-01 9.075871437746312331e-01 9.265913645562197098e-01 9.254886278878107220e-01 9.229764357677114894e-01 9.045076092548295366e-01 9.309504792656323469e-01 9.015569587209669722e-01 9.213842819860652567e-01 9.240074237338040675e-01 9.175185910291695501e-01 9.233964666949457945e-01 9.123793277867593421e-01 9.268769785448129905e-01 9.307313886628257871e-01 9.284798428565663730e-01 9.347806628254538008e-01 9.283127069544515608e-01 9.222497127632832692e-01 9.265521090367722090e-01 9.179375920653061183e-01 9.203099277548216772e-01 9.270581125506166531e-01 9.162809642293961998e-01 9.133135234730399565e-01 9.247885066654594199e-01 9.333387205736914938e-01 9.217940642069808455e-01 8.957685780390435282e-01 9.110310946317372593e-01 9.300112082011050552e-01 9.286945608080346970e-01 9.226720656838516277e-01 9.137023220679932889e-01 9.151015236193938973e-01 9.213964112944876828e-01 9.188400574070956228e-01 9.291529883004078227e-01 9.271314580503103864e-01 9.190821826250298310e-01 9.168368351043116871e-01 9.131767752933611648e-01 9.223982449993678445e-01 9.259093896650444355e-01 9.280430606756423506e-01 9.276087679180827772e-01 9.246622510998772082e-01 9.323747313082008104e-01 9.309715950382061456e-01 9.290204361855950443e-01 9.281944929151126900e-01 9.297742792735834705e-01 9.301177431298002229e-01 9.219172458442622675e-01 9.334635391246267622e-01 9.321166204746350603e-01 9.346236909076741650e-01 9.342194626232319665e-01 9.362351988283823534e-01 9.340630508257427023e-01 9.348830185752666777e-01 9.296626495420882152e-01 9.327911121651227822e-01 9.300810902969630645e-01 9.326626276510893154e-01 9.319392246487846476e-01 9.325136067555461761e-01 9.324194013533747549e-01 9.350555083149255653e-01 9.325853588433383745e-01 9.309710815870414491e-01 9.292168864260405003e-01
2.462080207106677812e-02 1.137565008371735770e-01 3.450481580282173666e-01 5.210727997003503642e-01 4.879184153474280805e-01 5.182273738080174219e-01 7.010403837189089771e-01 6.920558475131495246e-01 7.597933213008714048e-01 6.915577711337276279e-01 7.768148241208211457e-01 8.135603954703923835e-01 1.000000000000000000e+00 7.538464797850494836e-01 8.297141617681509373e-01 8.258569048845817440e-01 7.474709285757351607e-01 6.141049666612207192e-01 7.035008260463710972e-01 5.646171046409277361e-01 6.135595113989169569e-01 7.536805941640011275e-01 7.232779059553050560e-01 6.735197159797230437e-01 7.454696297189494780e-01 8.075836105506791762e-01 8.033331711861061430e-01 7.849094426672272862e-01 7.592807434467041539e-01 7.925335855122330742e-01 8.464169238945740137e-01 7.940093036951556549e-01 7.323857057305982465e-01 7.650126996253896472e-01 7.706808594780927280e-01 7.846201181676634162e-01 7.995987200813837736e-01 8.075216054235424545e-01 8.209048827776288526e-01 7.800036824404671387e-01 8.443929367324699564e-01 8.344155999558039438e-01 8.201611710650219544e-01 8.521683752279787250e-01 8.386001536183979033e-01 8.344258958190694520e-01 8.504540919394768528e-01 8.536093728876814613e-01 8.370883009710926581e-01 8.067483324146335066e-01 8.359734428408006623e-01 8.154485518848193504e-01 8.406278539822462648e-01 8.486916720727363250e-01 8.397616989933662790e-01 8.481801369117349942e-01 8.271799072149341736e-01 8.516377678935936890e-01 8.366479637691884852e-01 8.622342212629718894e-01 8.526035328836719662e-01 8.484668212175429103e-01 8.316525910475314198e-01 8.463975780192095622e-01 8.489648697737143257e-01 8.516308822794409483e-01 8.520683189569843163e-01 8.413840285911939887e-01 8.443187924545548784e-01 8.347108846012208927e-01 8.427840668303075988e-01 8.499235361133234967e-01 8.227851648975498255e-01 8.381773168588574352e-01 8.568106942701216866e-01 8.546324440302581760e-01 8.480087030126742809e-01 8.482749257123813891e-01 8.445019819068221301e-01 8.504301558815358097e-01 8.503302836619426319e-01 8.572243923247455655e-01 8.494655156556968345e-01 8.421546063092115730e-01 8.328120048986880075e-01 8.382247342939267432e-01 8.458912794252468892e-01 8.444727272891375813e-01 8.519952564090857994e-01 8.518753008175744545e-01 8.421894527330953117e-01 8.537670340747981479e-01 8.561516460818087149e-01 8.553569877090607676e-01 8.545826242941425566e-01 8.559331340757977413e-01 8.399620233972909800e-01 8.458682121755684014e-01 8.516492211608066576e-01 8.504074969609672907e-01 8.548820588972169121e-01 8.531805344713524475e-01 8.581521459929328799e-01 8.584708042452702248e-01 8.579806939463686666e-01 8.516039707835422190e-01 8.550733030836518145e-01 8.571815011307800658e-01 8.571378573596150074e-01 8.545671878129847965e-01 8.511533157943715899e-01 8.598916236766872556e-01 8.573364377947123582e-01 8.588667100799202148e-01 8.563793662995360378e-01 8.579490437579000428e-01
