1.000000000000000000e+00 9.976152344372819780e-02 6.925390437018147383e-02 1.764387300140446424e-01 8.070587774699454486e-02 -2.116621046257349120e-02 9.014130296703583289e-02 1.435326696782566192e-01 1.556646421141696934e-01 4.377680170680758182e-02 6.482276231640383968e-02 7.698812506192974359e-02 -1.283789961516376005e-02 3.675644485930550792e-02 4.085058467920373720e-02 8.623787316805425762e-02 7.150182946168327780e-02 1.063792707411568839e-01 7.212678579023432124e-02 1.594029995113028786e-01 1.203883642536196785e-01 7.932225413807503234e-02 8.096795082081632844e-02 7.873513106815169249e-02 6.245516802349398988e-02 1.017179543294138427e-01 6.342448676130091334e-02 7.136980833146477909e-02 8.855218285261268196e-02 8.045355269682356869e-02 5.210527301271515588e-02 6.891843299067029749e-02 4.177796026141402524e-02 4.986958829052801773e-02 5.708281572053082453e-02 4.031561261069541158e-02 3.319618256205973846e-03 6.586859216421080132e-02 3.455972246951203447e-02 1.474325928221745588e-02 1.914610526602070553e-02 3.746999286180843075e-02 2.865343584197825935e-02 3.892692767007282367e-02 2.896765250018575391e-02 2.037830184435832082e-02 1.527636315826326995e-02 1.974934296957092661e-02 4.509875375770414085e-02 6.730516595920477130e-02 5.485499812618672977e-02 5.493269417025414131e-02 4.904229644647259412e-02 4.703391428160927368e-02 3.999015823856544305e-02 4.029613451784969796e-02 7.065846397401817636e-02 3.290194965029166752e-02 4.321502981442457841e-02 2.968855453920084611e-02 4.617469451313734735e-02 4.770397583205149977e-02 3.877861148376403333e-02 5.564755211146309166e-02 5.615134786247844706e-02 6.471257820220802093e-02 2.153285876798035486e-02 3.222638430701606216e-02 4.204114007200841774e-02 5.621114286946358313e-02 3.039246927977000065e-02 2.966443238502141158e-02 3.591743799341905186e-02 2.764261705284165940e-02 3.399054960373191353e-02 2.548192152540362451e-02 3.340819773046718733e-02 3.843824011850373312e-02 4.713208617966692382e-02 5.094868272094695005e-02 2.434026241689316722e-02 3.002606193187159350e-02 3.465679863612926986e-02 2.787824905634327805e-02 2.446594172683217924e-02 2.628897461966370891e-02 1.516530848024502491e-02 3.012768687998520351e-02 1.515665964252805621e-02 4.151214166209896139e-02 1.998845438442496333e-02 1.236586190213774007e-02 1.599443478849816094e-02 1.123889295256710538e-02 5.400815943312948370e-03 7.301259736018648853e-03 3.539648283103317972e-02 4.733522655320724498e-02 3.246419173127848556e-02 3.047940383055497762e-02 2.829326109099631822e-02 3.157967677225370640e-02 2.839518268240076929e-02 1.916205848429617525e-02 2.236183231226238424e-02 5.121010051102115046e-02 3.202316745158949318e-02 1.998487371535882795e-02 2.388880682465255312e-02 1.665645427337432427e-02 1.898183464240181875e-02 1.881788372411561869e-02 2.853309624155940527e-02 3.085435701232574698e-02 3.292891944051284242e-02 3.539068514814861649e-02
9.976152344372819780e-02 1.000000000000000000e+00 1.070046324001089344e-01 1.163979313875482952e-01 1.336459825878155150e-01 1.041014910832107343e-01 1.662026907476117921e-01 1.506294123443013555e-01 1.869650163747878235e-01 1.871670559741624995e-01 1.542090698369884272e-01 1.706747520528882900e-01 1.300351664498027582e-01 1.477134373972165127e-01 1.643986432374570927e-01 1.559656279241920795e-01 1.550260120279118581e-01 1.377327633892080627e-01 1.429802928099800363e-01 1.567692209516629298e-01 1.312461181182592862e-01 1.343225189274257492e-01 1.669415037203451635e-01 1.617255007223403207e-01 1.491034965362288134e-01 1.740493271396869046e-01 1.666941894093629806e-01 1.791143350609741280e-01 1.842974802991883543e-01 1.718540143891512939e-01 1.792908324911064999e-01 1.587952958964774508e-01 1.638946457183896033e-01 1.538772593886947870e-01 1.533648288507422630e-01 1.542437263137503844e-01 1.722828993917268625e-01 1.508879560587212398e-01 1.616316853434262846e-01 1.549036546965343875e-01 1.698760789229013524e-01 1.565424373458778606e-01 1.560264195252260289e-01 1.597333180900988026e-01 1.687550959260396277e-01 1.643154595438961751e-01 1.558689016930459859e-01 1.607555212317065274e-01 1.577946701260875273e-01 1.335807997536871405e-01 1.535579480888574211e-01 1.447130393812175730e-01 1.543159108630636212e-01 1.642382495426808198e-01 1.565776517989707350e-01 1.621125282859748051e-01 1.425543551685299892e-01 1.541828242282220762e-01 1.591591844454849636e-01 1.619756841281517479e-01 1.541618230064293882e-01 1.587645205493262157e-01 1.503567205341477808e-01 1.533179008282591627e-01 1.485041129328607545e-01 1.516322486937292935e-01 1.616408113014557169e-01 1.592411594125637542e-01 1.641404531529228605e-01 1.623423432029626468e-01 1.551738003968732016e-01 1.623426032639345429e-01 1.621680578599390410e-01 1.601545673408311388e-01 1.680537289636634402e-01 1.665980563983871510e-01 1.728833415863063883e-01 1.742591745638449596e-01 1.746862990079385280e-01 1.653936765100959272e-01 1.647768224527132175e-01 1.667161415555791504e-01 1.618007781958893665e-01 1.613710568109279209e-01 1.581443385363864029e-01 1.562627236128875108e-01 1.628587864454380252e-01 1.583934277264354151e-01 1.600081223955429066e-01 1.632613349539578096e-01 1.657669240627520635e-01 1.635924026450792379e-01 1.635861772983466245e-01 1.634668883608864642e-01 1.587472642544629220e-01 1.648724307119303623e-01 1.555326321674396217e-01 1.499548060827951834e-01 1.594185038622625561e-01 1.598067114083247808e-01 1.625279952392396643e-01 1.576246712806615990e-01 1.566424805923350427e-01 1.576962145300635221e-01 1.532430283791744174e-01 1.572261703638390407e-01 1.589395868031011072e-01 1.637861082785044831e-01 1.621324864002086641e-01 1.584871612366397786e-01 1.620955826374449182e-01 1.604882307561597554e-01 1.596211184876566713e-01 1.558728291381090147e-01 1.537649326409873951e-01 1.556937331214663656e-01
6.925390437018147383e-02 1.070046324001089344e-01 1.000000000000000000e+00 3.012580625553325508e-01 2.035994106455871200e-01 2.055213329918441911e-01 3.213225218014064688e-01 2.945276400433433639e-01 3.540309516063953610e-01 2.908990335077744627e-01 3.488652301692723445e-01 3.660249786308389375e-01 3.028604626481515294e-01 3.217764281475016253e-01 3.646067144274949268e-01 3.716553954319667952e-01 3.494337898620734628e-01 3.452299571599011796e-01 3.612068600811342844e-01 3.660038997394273186e-01 3.470637445982833191e-01 3.630288994498546140e-01 3.881734632428907039e-01 3.671202537939233790e-01 3.712120123689059414e-01 3.698440845616662864e-01 3.826976163335868431e-01 3.859878825159833160e-01 3.885270994024741520e-01 3.786924590253037404e-01 3.793522684266474876e-01 3.861357922783562602e-01 3.774136697892908066e-01 3.687542908547745690e-01 3.604158510296633366e-01 3.728599473627082217e-01 3.619468589313970530e-01 3.651725093109584597e-01 3.690262137262746434e-01 3.855611100945080527e-01 3.722780014947287830e-01 3.797273330845791772e-01 3.749086035920718984e-01 3.748990496902398495e-01 3.780546978968360450e-01 3.823471561078712888e-01 3.562128592129710780e-01 3.638369237369103448e-01 3.550653735884478635e-01 3.415195378317988917e-01 3.640271791055662565e-01 3.606455729233064011e-01 3.587161597933194446e-01 3.684791515292801800e-01 3.678152816034784833e-01 3.744600659007147891e-01 3.495810313842174222e-01 3.563395636427084123e-01 3.619412394581921211e-01 3.615178310013679730e-01 3.586158954539689359e-01 3.568041154072749688e-01 3.545700712481218431e-01 3.508925174840504813e-01 3.652903108669522392e-01 3.533252200132379062e-01 3.615448141567897400e-01 3.695324886722826663e-01 3.713180613536157249e-01 3.778547941355002715e-01 3.704351794810082921e-01 3.717281979434323702e-01 3.747542555497325734e-01 3.735740978387736555e-01 3.606060514923402072e-01 3.663042906827544409e-01 3.760202316284071977e-01 3.746403024281125815e-01 3.758449296275255813e-01 3.696083436020075608e-01 3.688559679112448642e-01 3.741040565474447743e-01 3.668897012237005706e-01 3.697764980620373287e-01 3.644757615650258686e-01 3.681315816115856010e-01 3.707020986744491986e-01 3.652385976362051978e-01 3.688874573982260929e-01 3.668255095789613174e-01 3.711736602473784119e-01 3.703379202269243553e-01 3.644926402314268010e-01 3.719990718743493852e-01 3.608927805584511983e-01 3.622819490939285791e-01 3.637803097687433151e-01 3.438673199618094700e-01 3.533483715906166611e-01 3.643109314609815907e-01 3.661618250627262094e-01 3.574556513941852254e-01 3.592382356052984949e-01 3.631981170299483086e-01 3.589201149972454652e-01 3.522353351287594303e-01 3.544744977507414130e-01 3.594769734212227563e-01 3.642651004603948417e-01 3.582986034950662591e-01 3.667272744824590647e-01 3.595917554340042899e-01 3.575282040646072801e-01 3.528848442719427769e-01 3.607577686745427892e-01 3.529327798112533721e-01
1.764387300140446424e-01 1.163979313875482952e-01 3.012580625553325508e-01 1.000000000000000000e+00 3.032363237285503055e-01 3.598249251003289850e-01 6.001409294926745019e-01 6.292803707522477419e-01 6.362758544020890028e-01 5.332036784516568373e-01 5.943144005101174132e-01 6.760987894455887659e-01 5.222783822531925635e-01 5.789884473972884971e-01 6.427046192102291444e-01 6.622329801158871598e-01 6.003142055883169403e-01 5.841104839150497163e-01 5.931528652766441256e-01 6.224320483698820849e-01 6.267554313494027030e-01 6.276707363657053618e-01 5.916678442631092549e-01 5.970770187981395694e-01 5.903689739614250698e-01 6.520047258883344687e-01 6.429470884193682068e-01 6.462804399252248810e-01 6.387390471034728456e-01 6.518908066883166708e-01 6.436239750925263348e-01 6.504872550467749592e-01 6.346474942579096723e-01 6.322503764270962501e-01 6.315974994672078902e-01 6.282000655632771213e-01 5.900903239681948298e-01 6.672280366679710362e-01 6.396010584200572113e-01 6.290472442044915402e-01 6.192606185366269500e-01 6.389226800232499226e-01 6.498419948850865380e-01 6.488428054680304147e-01 6.278488699158818465e-01 6.363335060361060558e-01 6.144462336641173250e-01 6.294763850897391322e-01 6.431924780877943393e-01 6.512877967068828600e-01 6.652686477626550410e-01 6.624733209717424964e-01 6.490353317958157398e-01 6.500483454946868189e-01 6.633090870944411410e-01 6.522865137894668930e-01 6.675354454026301010e-01 6.354125575671220050e-01 6.572654724986262131e-01 6.281383457258449265e-01 6.492502950001206585e-01 6.569904787424835080e-01 6.587941965563690605e-01 6.481105226262318109e-01 6.430819583837616982e-01 6.582768098697177050e-01 6.172391585090879484e-01 6.338232069181471973e-01 6.350800285720136218e-01 6.468618990662523549e-01 6.362278389731399475e-01 6.296940985778415323e-01 6.276466707727361705e-01 6.197435360583161135e-01 6.260468986208848063e-01 6.186243982313719414e-01 6.275003196034996122e-01 6.352949159827367964e-01 6.367085395399767478e-01 6.439924452195001647e-01 6.233585381853729013e-01 6.324226167975514068e-01 6.306189498125668313e-01 6.313476974167925304e-01 6.297384518337135750e-01 6.319287219876553729e-01 6.160272651511640163e-01 6.425496836367640130e-01 6.290356748246777041e-01 6.450994707119436233e-01 6.185167979952643780e-01 6.204941504123732132e-01 6.148643168625016475e-01 6.252956350887111103e-01 6.147303835735435928e-01 6.164403282091021063e-01 6.524967260440225347e-01 6.485659687069325052e-01 6.415116199951570453e-01 6.372226504187092910e-01 6.378735657204662735e-01 6.460235506969818076e-01 6.362230358191964807e-01 6.280627192493665190e-01 6.321516591236294724e-01 6.547327369614084347e-01 6.334822919420221021e-01 6.224971915674472056e-01 6.390939249579848935e-01 6.239268869633199932e-01 6.422381407187393032e-01 6.234486303727826417e-01 6.408239276534882789e-01 6.371415326422451564e-01 6.335099722820799473e-01 6.399767414662346221e-01
8.070587774699454486e-02 1.336459825878155150e-01 2.035994106455871200e-01 3.032363237285503055e-01 1.000000000000000000e+00 2.820756410723447294e-01 4.141486332460123654e-01 3.942407217857493706e-01 4.454663723513901941e-01 3.775260807885859049e-01 4.200557831101152106e-01 4.518548836944984437e-01 4.075441801300228595e-01 4.388578432445558453e-01 4.742842678075291918e-01 4.687729858261929783e-01 4.484190797544663765e-01 3.792733551340527476e-01 4.159643815287734636e-01 3.988359002236854800e-01 4.124169647394290705e-01 4.365624490484548703e-01 4.370296610759651923e-01 4.426585120465429402e-01 4.425905920458898524e-01 4.748129428422082632e-01 4.693225834392658058e-01 4.559674153747979020e-01 4.466681028624056027e-01 4.656380363100351971e-01 4.780815905237976171e-01 4.490901310168547989e-01 4.489054487287581496e-01 4.677300376123483261e-01 4.610933610142526340e-01 4.602727350654512439e-01 4.691080964956019783e-01 4.625993465986892872e-01 4.803172972414797015e-01 4.571798660806258296e-01 4.773622076515135482e-01 4.818096574536623322e-01 4.608841404629857585e-01 4.795388724815510262e-01 4.807456470829875039e-01 4.729404317743737263e-01 4.794010243882163569e-01 4.803638870735397748e-01 4.764361469028807194e-01 4.524765187382477349e-01 4.658561338285917008e-01 4.545989661685489458e-01 4.797591640033025406e-01 4.786252732007895694e-01 4.662734400818081548e-01 4.770082858985152385e-01 4.542817787521920003e-01 4.789094856602862382e-01 4.665329123626810737e-01 4.891646182846235424e-01 4.715369064960369672e-01 4.676186393158647259e-01 4.621980624991682829e-01 4.751897625666430813e-01 4.771082296318087113e-01 4.664945425240151766e-01 4.882505000997498512e-01 4.868901437282445732e-01 4.840409911096617002e-01 4.838200491301906658e-01 4.821128195998801158e-01 4.884086996026457128e-01 4.836137173646086196e-01 4.837184933817179067e-01 4.943893506593139975e-01 4.907643700343709003e-01 4.879395952238123613e-01 4.845597576401234341e-01 4.894756132939379611e-01 4.938719959800306203e-01 4.879930904734734454e-01 4.895680047807740576e-01 4.873297619191389596e-01 4.825622373057368852e-01 4.802865416747073013e-01 4.837662517814670382e-01 4.859059274951726959e-01 4.842481596572871805e-01 4.858753477537012810e-01 4.858204986543878667e-01 4.854059107911580240e-01 4.912632906894136564e-01 4.907563642674664384e-01 4.880101227400030495e-01 4.878190814389040120e-01 4.859288974679337181e-01 4.742788075473030607e-01 4.677118954430899422e-01 4.798492670096240476e-01 4.813984919182113797e-01 4.864751670882864198e-01 4.775876294390448695e-01 4.816204256390744232e-01 4.893863767292480071e-01 4.806285409497466077e-01 4.734572467624793002e-01 4.830676548796983272e-01 4.890875091213276460e-01 4.856720386367804343e-01 4.832667786662308007e-01 4.782108866476589282e-01 4.881286745358447976e-01 4.783636184961005955e-01 4.795927748801803170e-01 4.866311794412411240e-01 4.790184135969159374e-01
-2.116621046257349120e-02 1.041014910832107343e-01 2.055213329918441911e-01 3.598249251003289850e-01 2.820756410723447294e-01 1.000000000000000000e+00 5.175181960920681723e-01 4.259312944747062346e-01 5.147761984883615360e-01 4.781834360941636386e-01 5.080682833851339897e-01 5.367411861856548061e-01 5.010117585714244370e-01 5.308304560573402497e-01 5.591778554458558537e-01 5.467591637519232384e-01 5.163553529573815526e-01 4.588032187036660825e-01 4.857672122830808403e-01 4.743563753598785127e-01 4.686303465136070212e-01 5.201415569340098743e-01 5.182290263868606361e-01 5.174227831996830451e-01 5.184396727893159085e-01 5.530218292381289258e-01 5.506892797008942075e-01 5.526290890018896729e-01 5.449816073498598978e-01 5.465743517328972567e-01 5.718068164851550783e-01 5.542510865436027778e-01 5.446348359891681756e-01 5.611684590020876717e-01 5.517938577530415722e-01 5.557898870309225803e-01 5.621144863202770514e-01 5.561563246327649868e-01 5.731005993921945985e-01 5.543156839614217235e-01 5.800806208270260500e-01 5.717317281807483553e-01 5.605732747188838516e-01 5.757899498103156155e-01 5.763189987810584114e-01 5.713428566841878276e-01 5.745728500327729193e-01 5.764776109629849987e-01 5.618850860390948165e-01 5.414525751867665937e-01 5.589259846544997190e-01 5.468853878456877426e-01 5.638620291766551773e-01 5.713787816695625743e-01 5.627010362334814442e-01 5.729308064322323757e-01 5.440698178665969165e-01 5.669967980775175720e-01 5.578994108760673143e-01 5.751026114486520457e-01 5.611685439183352608e-01 5.560718216849273032e-01 5.560535774432833200e-01 5.605007245495718937e-01 5.679360019356892719e-01 5.547093489855354775e-01 5.809694161805272206e-01 5.790683018950188998e-01 5.806618568159729321e-01 5.741915917391531288e-01 5.759665139481030538e-01 5.812353874374380780e-01 5.753190344441220239e-01 5.753319155549821984e-01 5.829242442833264537e-01 5.818752982699414433e-01 5.822720493791316843e-01 5.830912593543406963e-01 5.833885771647021601e-01 5.775416047728432201e-01 5.844423234563547176e-01 5.856291527206137770e-01 5.800915193251006130e-01 5.811294315038117997e-01 5.806036371656876360e-01 5.789671868605236194e-01 5.825218549613847552e-01 5.757675744519614724e-01 5.840022658958955448e-01 5.778717412469475123e-01 5.823228094425783041e-01 5.816653104993111389e-01 5.829545487657898928e-01 5.837570001986222001e-01 5.807682868346479843e-01 5.812627197888382558e-01 5.651319770803251430e-01 5.567546837979305829e-01 5.687874010825842985e-01 5.760823548621138990e-01 5.777909129606680905e-01 5.692661077428550209e-01 5.749649654145019273e-01 5.795378215903920216e-01 5.761033641820820783e-01 5.613076617147673142e-01 5.740820038677402204e-01 5.804982722779048476e-01 5.781466086097641899e-01 5.772709632891738218e-01 5.719549461658147704e-01 5.782157081129420950e-01 5.704049462281050031e-01 5.709620763085176964e-01 5.790127611277201547e-01 5.696191292059589184e-01
9.014130296703583289e-02 1.662026907476117921e-01 3.213225218014064688e-01 6.001409294926745019e-01 4.141486332460123654e-01 5.175181960920681723e-01 1.000000000000000000e+00 7.058962695495712980e-01 7.578928142258808398e-01 6.876755190309009613e-01 7.429291358413846469e-01 7.993326020985818126e-01 6.925269040579700164e-01 7.295823201329092456e-01 8.437365428138693391e-01 8.059908533867456981e-01 7.475800631207327740e-01 7.106748717874736831e-01 7.357396978838299795e-01 7.506499143174453215e-01 7.266803575538286486e-01 7.591021455175588351e-01 7.693325229887331140e-01 7.670527506686226626e-01 7.660380315255634898e-01 8.267139640841580928e-01 8.170126221930126276e-01 8.382087791248878927e-01 8.150273418249116553e-01 8.151966610892386056e-01 8.364947642235645020e-01 8.157161188830074350e-01 8.069939480499518369e-01 8.071162519501307031e-01 7.976681491938647506e-01 7.955685167961096260e-01 8.082402985748891044e-01 8.192775603581591293e-01 8.278023507432462624e-01 8.237651588450666251e-01 8.224536983286284686e-01 8.305130802324450778e-01 8.109333037617902917e-01 8.269873682660701109e-01 8.309131844572995584e-01 8.313210738547037737e-01 8.070197697816348104e-01 8.122140374845980837e-01 8.068601557606591701e-01 7.752443522490155559e-01 8.103372207755382695e-01 7.808092791286627143e-01 7.983668987722277732e-01 8.176687514806394441e-01 8.092249450602898575e-01 8.247683880942697776e-01 7.733025441161235358e-01 8.059186564668943120e-01 8.137217318814308209e-01 8.081749492973501203e-01 7.995652531522352557e-01 7.952631497074318379e-01 7.942724809773250572e-01 7.895696899454037743e-01 7.915873781109172835e-01 7.832096284669527453e-01 8.108318488437852301e-01 8.202046693233159269e-01 8.268273110106353352e-01 8.302655645867619283e-01 8.187042767647922936e-01 8.238305860540195980e-01 8.175831338302503859e-01 8.164886044049155522e-01 8.248234590279290845e-01 8.237076840974507652e-01 8.362882644525249098e-01 8.340361509589128142e-01 8.348554900136467838e-01 8.291274552602644343e-01 8.206852520326521905e-01 8.261712011572560632e-01 8.202455304602012109e-01 8.233386134544566914e-01 8.194692190744927718e-01 8.204442876076556423e-01 8.217824418572360345e-01 8.285987953609761369e-01 8.261045993057807291e-01 8.265780451946528329e-01 8.364451107146700926e-01 8.259699289460800120e-01 8.201078693335794867e-01 8.302402713098823162e-01 8.124130832105201927e-01 8.116813614566320556e-01 8.168632522815383323e-01 7.893695391563119168e-01 8.097633208691761286e-01 8.248984663560741115e-01 8.229554928705740124e-01 8.087637232751655469e-01 8.111822192446555002e-01 8.156693621185706622e-01 8.065547260572331068e-01 7.966810218935088672e-01 8.095672214895540675e-01 8.150734113662266855e-01 8.185801075360285006e-01 8.092235218745906788e-01 8.262815636370091088e-01 8.117524412951153678e-01 8.078762661285247004e-01 8.042816521286604292e-01 8.058960822785373734e-01 7.992063776767742711e-01
1.435326696782566192e-01 1.506294123443013555e-01 2.945276400433433639e-01 6.292803707522477419e-01 3.942407217857493706e-01 4.259312944747062346e-01 7.058962695495712980e-01 1.000000000000000000e+00 7.373650895731755917e-01 6.479364535119700452e-01 7.082827017752766352e-01 7.851297205050801198e-01 6.382102430227905021e-01 6.840322754522671911e-01 7.703850430657473991e-01 8.058791244164448253e-01 7.084802150113528318e-01 6.715671514295171729e-01 7.056637305873992849e-01 7.157552141439493809e-01 7.381975177726931570e-01 7.446170842145030111e-01 6.698788201171422818e-01 6.955470444329923119e-01 6.908624281171781290e-01 7.588615456626967015e-01 7.505034928567740904e-01 7.433238236266748178e-01 7.250192381768536531e-01 7.516281501651599362e-01 7.518310958304386116e-01 7.704203585270387178e-01 7.437625237984392124e-01 7.595152449005221351e-01 7.391572345350094775e-01 7.466000534648016274e-01 6.958266752143460465e-01 8.033476141048678798e-01 7.673621960940397724e-01 7.512949236099313310e-01 7.429104606604920447e-01 7.622008360875035526e-01 7.781741977588650938e-01 7.812499689795282531e-01 7.468203568253279911e-01 7.606283492088283804e-01 7.453517258474460228e-01 7.563949663916844646e-01 7.844919033557532506e-01 7.986156892211231373e-01 7.997929053262027299e-01 7.947254807622762263e-01 7.780518417925136321e-01 7.803986459988470070e-01 7.967288763887568903e-01 7.789243069914694173e-01 8.033769268786711271e-01 7.743761393221475497e-01 7.980739164712513656e-01 7.538490710785525906e-01 7.843387651946149841e-01 7.869667980727093060e-01 7.970238812023021646e-01 7.864192153986261369e-01 7.727899697455631323e-01 7.874061431705137171e-01 7.459263899347191584e-01 7.608442834800458465e-01 7.545558278027945098e-01 7.656448973529750290e-01 7.676618548709768231e-01 7.605818269065665049e-01 7.477909709749670508e-01 7.452371367012279313e-01 7.478547664330276179e-01 7.449057849108012830e-01 7.477946456810311560e-01 7.546616850835725643e-01 7.594065523496572601e-01 7.650267712317414537e-01 7.446339817908478320e-01 7.518638922108917821e-01 7.599951105249160843e-01 7.520038083498500336e-01 7.603055096897478604e-01 7.629857873177029459e-01 7.417466743786588212e-01 7.767712151960783906e-01 7.570500582949618584e-01 7.755638461748793899e-01 7.389909551181472747e-01 7.507809085444463459e-01 7.429518152263046016e-01 7.528952168690341562e-01 7.457851635418789593e-01 7.476368866174274430e-01 7.929366902535038841e-01 7.941832379719997448e-01 7.809891117096291469e-01 7.742840641970341053e-01 7.695336182379700629e-01 7.854745348797137483e-01 7.698386595385866560e-01 7.602632676575904469e-01 7.686023819835547943e-01 7.910970824033064508e-01 7.697119338507214525e-01 7.539267509786187205e-01 7.712183845368079105e-01 7.563399683964568965e-01 7.781476600406824762e-01 7.552674178262441806e-01 7.747610431809064391e-01 7.741001055244983720e-01 7.631097851957100442e-01 7.744323201354762487e-01
1.556646421141696934e-01 1.869650163747878235e-01 3.540309516063953610e-01 6.362758544020890028e-01 4.454663723513901941e-01 5.147761984883615360e-01 7.578928142258808398e-01 7.373650895731755917e-01 1.000000000000000000e+00 7.499522467461702258e-01 8.011807362649017161e-01 8.602629813826864202e-01 7.492963485787909050e-01 7.909184036326613043e-01 8.661495009401664058e-01 8.662873146721864481e-01 8.247397068753175020e-01 7.351418760933569052e-01 7.799169609727776287e-01 7.733197148679967770e-01 7.826047232421424749e-01 8.165721757826720495e-01 8.021407428942378681e-01 7.970466068428653239e-01 7.923208150166861641e-01 8.719204120550798631e-01 8.607255384358949435e-01 8.525372065023369972e-01 8.300190073808081381e-01 8.573841372307495767e-01 8.760838874533202203e-01 8.776137099341781989e-01 8.464300042861493401e-01 8.737193584302428429e-01 8.498722997976286830e-01 8.551940555534048860e-01 8.420391261588763276e-01 8.797974809789137485e-01 8.772052311542483105e-01 8.533664687733044651e-01 8.769499368112261273e-01 8.747438114854864111e-01 8.643757684204516067e-01 8.853009780960040542e-01 8.718984297193493882e-01 8.685265834783874039e-01 8.748284646535726683e-01 8.813464423160918271e-01 8.872431847713750930e-01 8.706886975322806199e-01 8.878061039190701109e-01 8.717851700440391038e-01 8.834080633364383983e-01 8.897888703059795290e-01 8.816499424850354760e-01 8.866249020866404651e-01 8.776707463538596654e-01 8.735296463056341221e-01 8.818457750642954007e-01 8.819443776264914714e-01 8.834620843434343174e-01 8.799110859900707293e-01 8.778455595398685363e-01 8.875412747587487772e-01 8.880913895501931776e-01 8.847104460771825218e-01 8.786833746011748492e-01 8.813027948645245635e-01 8.836043065061447432e-01 8.797601969474787564e-01 8.797507147294392205e-01 8.806789367265851487e-01 8.733675426440759004e-01 8.700236196956279144e-01 8.802275786378159772e-01 8.761598136859681807e-01 8.769773337754436238e-01 8.771197310677449899e-01 8.839040561963348308e-01 8.859868592331495707e-01 8.769326377708330789e-01 8.821266825116160781e-01 8.863456412401101714e-01 8.779456221225755419e-01 8.829734308733816484e-01 8.842778684821532842e-01 8.722994984673660968e-01 8.857735100141057583e-01 8.793680910073586876e-01 8.894520222981201485e-01 8.741864482246779477e-01 8.779869590574620464e-01 8.758298198833213144e-01 8.763612660016411038e-01 8.743488116223318007e-01 8.751230837527138595e-01 8.828772907884068211e-01 8.782478923203683729e-01 8.820267816847600084e-01 8.866206168954988698e-01 8.839173055534598200e-01 8.824261797942698493e-01 8.847847620946913683e-01 8.809494946531364334e-01 8.820687789513120824e-01 8.820322549410611890e-01 8.856480994747744084e-01 8.793865492279228091e-01 8.821773712847946758e-01 8.773211253419755939e-01 8.792407997759718041e-01 8.806135667942158740e-01 8.801927482894067456e-01 8.841622250660308158e-01 8.847333224637704552e-01 8.834737428520925695e-01
4.377680170680758182e-02 1.871670559741624995e-01 2.908990335077744627e-01 5.332036784516568373e-01 3.775260807885859049e-01 4.781834360941636386e-01 6.876755190309009613e-01 6.479364535119700452e-01 7.499522467461702258e-01 1.000000000000000000e+00 7.373648861948012279e-01 7.794946084569188693e-01 7.084407419008155182e-01 7.304495412070370897e-01 8.007045882369551171e-01 7.794127022438930297e-01 7.430116620214268774e-01 6.684750273453753389e-01 7.118309796331793171e-01 6.961929627763834283e-01 6.924383461728655931e-01 7.328940457524715235e-01 7.400057073625688764e-01 7.420604137118622656e-01 7.336992876878497549e-01 7.957381267726932883e-01 7.873409079186106663e-01 7.805037054403428654e-01 7.455443033016292409e-01 7.746157714372650105e-01 8.061617469725316232e-01 8.024735407172947088e-01 7.715300627507194475e-01 7.985079898330111892e-01 7.739805970225714926e-01 7.808028718210354713e-01 7.820752365204872714e-01 8.016728271824078433e-01 8.104797472836858807e-01 7.907726634231686536e-01 8.135190518368391466e-01 8.117088314293420259e-01 7.954768431600278689e-01 8.174509158411400467e-01 8.089070275891389050e-01 8.091957192249169539e-01 8.172528552209842312e-01 8.258714240099853665e-01 8.135637363798081667e-01 7.847013217628034942e-01 8.069460924973875793e-01 7.886939246533014591e-01 8.052558723514907646e-01 8.231532623363378987e-01 8.107019563565243114e-01 8.184568773277604015e-01 7.892459209685814825e-01 8.086225390136725366e-01 8.093847951477658453e-01 8.163992491586384848e-01 8.100686228041076298e-01 8.062773048454348057e-01 8.039325027007511171e-01 8.078735815663643516e-01 8.074549104946309175e-01 7.997912725081823826e-01 8.189207121012690438e-01 8.216078609636190411e-01 8.205909514328633136e-01 8.151301815486206026e-01 8.141381080601772791e-01 8.178675993222156437e-01 8.155320690752990709e-01 8.119848864165050140e-01 8.195599093456027440e-01 8.150556498341464673e-01 8.135115167669710878e-01 8.121947429540619101e-01 8.184332431707120881e-01 8.171217998758097956e-01 8.139499411135837637e-01 8.188885126725369279e-01 8.205057513682370018e-01 8.147037079260337489e-01 8.194427000284527640e-01 8.215250533880994466e-01 8.127911301331403049e-01 8.229160249553316708e-01 8.204998623974903982e-01 8.229471469311882004e-01 8.153167810478393340e-01 8.209111392714575350e-01 8.184974741788300090e-01 8.193459562663086837e-01 8.191603839436309986e-01 8.200773134209908832e-01 8.110354214552716323e-01 8.040657878999818431e-01 8.171607057541476760e-01 8.233185541784986405e-01 8.198298065292896064e-01 8.148967652364904612e-01 8.174238400095182877e-01 8.197327883382707903e-01 8.167880895261563357e-01 8.075197232111388512e-01 8.202468976120563804e-01 8.218738823013863604e-01 8.201953265576517049e-01 8.173543513110189673e-01 8.184404435683441115e-01 8.199303688056481798e-01 8.146979214783127698e-01 8.173243421019783517e-01 8.148957991116630994e-01 8.150481549179282581e-01
6.482276231640383968e-02 1.542090698369884272e-01 3.488652301692723445e-01 5.943144005101174132e-01 4.200557831101152106e-01 5.080682833851339897e-01 7.429291358413846469e-01 7.082827017752766352e-01 8.011807362649017161e-01 7.373648861948012279e-01 1.000000000000000000e+00 8.456045917867728301e-01 7.391345209657882442e-01 7.779314858909737174e-01 8.532169941018418191e-01 8.458415072516022315e-01 7.966617841487926288e-01 7.206830188234402135e-01 7.667762252012261248e-01 7.421105451622365123e-01 7.509390064513138396e-01 7.930681834293102916e-01 7.848282020228478650e-01 7.829130089147747773e-01 7.829607940797286281e-01 8.464627946242750944e-01 8.403806780192933923e-01 8.340984187217571622e-01 8.083212172647588067e-01 8.299276797405681361e-01 8.686340878120256681e-01 8.538486276805578035e-01 8.286827445101567768e-01 8.496015214192121912e-01 8.251909657515099639e-01 8.370528231962419685e-01 8.321392077614824245e-01 8.636305056527984192e-01 8.627830762558739153e-01 8.461224097045676462e-01 8.617549959896979583e-01 8.640771530312254534e-01 8.499416606336890334e-01 8.710452091475336944e-01 8.604769301260130066e-01 8.617210666580769063e-01 8.657322331977819196e-01 8.710136555109501133e-01 8.698429054176115560e-01 8.430073247511779000e-01 8.673924116168569842e-01 8.501580413321968566e-01 8.634063497063391157e-01 8.742468207499083377e-01 8.665792313103264366e-01 8.728650235957153836e-01 8.514728401012385817e-01 8.637800652282754399e-01 8.683797245123590081e-01 8.698325460175564405e-01 8.657747854592634518e-01 8.662575282795168530e-01 8.626893836516575931e-01 8.640817653053782799e-01 8.614143700079411881e-01 8.598946531247738667e-01 8.700840444420911979e-01 8.725996117342764702e-01 8.709787486403252066e-01 8.668280586059206039e-01 8.691181050201973735e-01 8.721486129104216722e-01 8.638104588798911632e-01 8.632908543641695243e-01 8.696169516982442671e-01 8.661169912740992460e-01 8.653840638919493289e-01 8.680900495391531413e-01 8.708272515965904681e-01 8.702407880848392896e-01 8.651362456526331401e-01 8.721248907422273211e-01 8.736617802089646778e-01 8.668105695075761785e-01 8.709419373973097400e-01 8.721496932784844613e-01 8.638983469746124300e-01 8.753902068818028015e-01 8.728344774057877897e-01 8.759498139904562386e-01 8.645705541579001840e-01 8.721118128550510162e-01 8.675609469411327268e-01 8.722930941500106616e-01 8.697287405333552490e-01 8.704633123556607677e-01 8.696548135907760102e-01 8.598576320359867520e-01 8.694880421009841820e-01 8.746516611240411354e-01 8.727905775604558603e-01 8.711943932042822691e-01 8.712561114464794088e-01 8.734150188768335932e-01 8.698136238780810325e-01 8.659253902940559078e-01 8.716739904673966866e-01 8.706327496656316445e-01 8.741678556666442335e-01 8.709532095927752238e-01 8.732022623300184083e-01 8.716274281384724931e-01 8.719902218110936465e-01 8.701507841597539983e-01 8.702957698570092937e-01 8.695257846144845981e-01
7.698812506192974359e-02 1.706747520528882900e-01 3.660249786308389375e-01 6.760987894455887659e-01 4.518548836944984437e-01 5.367411861856548061e-01 7.993326020985818126e-01 7.851297205050801198e-01 8.602629813826864202e-01 7.794946084569188693e-01 8.456045917867728301e-01 1.000000000000000000e+00 7.901049085512595882e-01 8.270834783624780862e-01 9.161165291912845010e-01 9.103066579749777842e-01 8.469163408061822773e-01 7.652737226819279481e-01 8.172611977200747724e-01 7.984429321958106396e-01 8.107120797376425880e-01 8.584929174825038922e-01 8.270324137306477308e-01 8.302464455095699414e-01 8.359375366493341231e-01 9.015350691775355640e-01 9.017841332783151920e-01 8.934448465382068827e-01 8.780469768767007466e-01 8.987245463605795237e-01 9.260784902396971274e-01 9.101404677079876215e-01 8.855593585044221339e-01 9.086058290054092046e-01 8.894867446872108951e-01 9.002548162473419380e-01 8.843445159535432420e-01 9.265103044478373295e-01 9.228188978560177835e-01 9.011906696552636209e-01 9.171012522393726663e-01 9.231021702172976795e-01 9.178263534777203470e-01 9.332333115401949541e-01 9.134637746412781478e-01 9.248890547960912922e-01 9.213445577466831127e-01 9.289361031259298906e-01 9.300610718450351699e-01 9.114191141535464835e-01 9.331182384196610169e-01 9.232619771013752530e-01 9.266203077803236710e-01 9.371962306349576055e-01 9.364032775185564539e-01 9.332224478634548737e-01 9.243039079137757019e-01 9.220569033101426726e-01 9.319312318193755384e-01 9.261925752757670383e-01 9.320614086281512334e-01 9.306655343815739556e-01 9.311701270721343127e-01 9.289571771327184146e-01 9.256733543900445005e-01 9.281682310348390308e-01 9.214018677437089133e-01 9.264480402160341077e-01 9.247918444896999768e-01 9.238007576420838030e-01 9.270407675205073472e-01 9.273144788898992630e-01 9.162572410488089014e-01 9.161248980467718850e-01 9.220028346185390467e-01 9.222793837081243451e-01 9.230578081698637138e-01 9.270558819606484757e-01 9.255880352606893346e-01 9.310765274123706803e-01 9.225457718922430717e-01 9.299622374489375787e-01 9.266939556728159832e-01 9.222604846302413506e-01 9.266970223557081665e-01 9.284784056290402710e-01 9.200754793625322003e-01 9.313949569986633703e-01 9.282136220871840537e-01 9.308552008757396967e-01 9.156363604300402637e-01 9.247162447773983329e-01 9.211273554755686765e-01 9.270315091817769027e-01 9.257723039766231343e-01 9.253726665774891780e-01 9.331164541207292995e-01 9.251830298682087728e-01 9.312082447838495591e-01 9.316275816556069955e-01 9.303262493082831153e-01 9.321144112248084257e-01 9.308665893198507790e-01 9.289895097243197064e-01 9.304390718765999102e-01 9.293122970422729168e-01 9.296953113658130707e-01 9.263346412213808723e-01 9.327350633382718303e-01 9.249676697429717320e-01 9.311152428384782409e-01 9.274450669068532438e-01 9.300978813974981607e-01 9.305722614691667172e-01 9.281500301783252027e-01 9.314020219274758983e-01
-1.283789961516376005e-02 1.300351664498027582e-01 3.028604626481515294e-01 5.222783822531925635e-01 4.075441801300228595e-01 5.010117585714244370e-01 6.925269040579700164e-01 6.382102430227905021e-01 7.492963485787909050e-01 7.084407419008155182e-01 7.391345209657882442e-01 7.901049085512595882e-01 1.000000000000000000e+00 7.574303988040672619e-01 8.202874345672112044e-01 7.990992753788631608e-01 7.585973144073590024e-01 6.608154262073486773e-01 7.075272535280182629e-01 6.720083421418515668e-01 6.821723917818330873e-01 7.424478813094542717e-01 7.471873376365339992e-01 7.374637192304435152e-01 7.442785254314184806e-01 7.993206079567115596e-01 8.010335082372749271e-01 7.904507310267395725e-01 7.593061741361624151e-01 7.851847259722947170e-01 8.282679939753553322e-01 7.998399006107587139e-01 7.836887358269187809e-01 8.082798596480956776e-01 7.928952919413788658e-01 8.008458566765332964e-01 8.078216574361850588e-01 8.113527196416290277e-01 8.316737002442655680e-01 8.072808422833381847e-01 8.389234131532556926e-01 8.307827825800134791e-01 8.156324329812811857e-01 8.416343718611728475e-01 8.303458205493546851e-01 8.347138083610494697e-01 8.485211972366475397e-01 8.485625880832616819e-01 8.341646425143776078e-01 7.937637315257700665e-01 8.196690637714133532e-01 8.099881491768020636e-01 8.320542425773412853e-01 8.428692496843072091e-01 8.287240565045551621e-01 8.382543804415556465e-01 8.082066268089365124e-01 8.367574803382115123e-01 8.257927768898504217e-01 8.508639321366173736e-01 8.364241227629454212e-01 8.316538351375750704e-01 8.275737768641930892e-01 8.341222740579991024e-01 8.296004128274999667e-01 8.257175288326815688e-01 8.497954157102406425e-01 8.454768722370602507e-01 8.428286740750340345e-01 8.331375263812240695e-01 8.387318392834172132e-01 8.441527566272987171e-01 8.340145602387660784e-01 8.369476036794846197e-01 8.483243859657341179e-01 8.475653679146726294e-01 8.425767411848427146e-01 8.387084552547413585e-01 8.423204458312797405e-01 8.422922669377741478e-01 8.464485003448100064e-01 8.503213808572569476e-01 8.464396568390534226e-01 8.423243915142138993e-01 8.439047747749481854e-01 8.448056027127129886e-01 8.438578115843264893e-01 8.450216248005876229e-01 8.496231321277072368e-01 8.461936076150494701e-01 8.436874426264965310e-01 8.516254930149371738e-01 8.509783562083491626e-01 8.503983985314910177e-01 8.538499568103019577e-01 8.537552929206801977e-01 8.373494372693592869e-01 8.278249345986115060e-01 8.444038901714385759e-01 8.463421128892896217e-01 8.485018153199654911e-01 8.422215251226499166e-01 8.494126999658470067e-01 8.508034785382920795e-01 8.489659663097657294e-01 8.349424274174321869e-01 8.466516088697428888e-01 8.521295553495951136e-01 8.505458917127328711e-01 8.506471414891367822e-01 8.446525686651448206e-01 8.524002107514431215e-01 8.453070998893575938e-01 8.461530358847630939e-01 8.448491601294744191e-01 8.447873616706447208e-01
