1.000000000000000000e+00 8.829321752439281412e-02 5.498891082830371230e-02 2.109653231160391051e-02 5.254792690385301328e-03 -1.090457843966941356e-02 2.811280051860897550e-02 1.258210590845889980e-02 5.925853819848444365e-02 4.591229787919236943e-02 -7.765521115101961004e-03 3.974515903724726643e-03 -3.823793321189612585e-04 2.065102612647958923e-03 -1.948044409807760655e-04 -3.388080419424543618e-03 3.828654305887114334e-02 1.741251938142064984e-02 7.415584713857269542e-03 4.899136979241330500e-03 1.134680350379049275e-02 1.754536863937072866e-02 1.943931380822355032e-02 8.000096432472871694e-03 1.395828930367565973e-02 2.409837136777922759e-02 2.779464344546899932e-02 -4.802977368889596761e-03 1.736663498498392660e-02 3.134835075115322695e-02 2.167846507188801036e-02 1.495559923235594349e-02 -5.564879750728425611e-03 7.706839869246031108e-03 2.521296108627615537e-02 1.004972467582025512e-02 1.033542003831839154e-02 -1.786078813054685355e-02 -3.089652332265570116e-03 -4.792581434677464086e-02 -5.528446334549317297e-03 -1.096176172411174321e-02 -2.034873314970573818e-02 -7.336245758449086440e-03 -1.095007618915157417e-02 -6.330624330295870489e-03 5.336593290680377924e-03 1.156902565635355672e-02 6.272826939534272006e-03 2.537782930974985182e-03 -4.259372584832223432e-03 -7.903288716816554314e-04 -1.084974672890402086e-03 2.330079663273471741e-02 -8.906123407109266601e-03 -1.881514746494087828e-02 2.509771407590673589e-02 -6.042814024320070131e-04 4.404338179605983561e-03 2.531754999788746185e-02 4.862325838281120541e-03 1.479841742751438274e-02 7.872329935082713476e-03 5.301849799870893450e-03 3.280284655117599035e-02 3.640000140736617679e-02 1.663457184340049952e-02 2.064086474010054430e-03 1.024133704227976269e-02 1.333201330018160536e-04 -4.895950691195386558e-04 7.913275220128307072e-03 3.177574229502228703e-03 6.051667417088113336e-03 8.286075201338833143e-03 4.807309854149629559e-03 6.221820244814519653e-03 6.342587335621485689e-03 7.824472790966794516e-03 1.287631698807654816e-02 1.468232809978333407e-02 3.479603796832462376e-03 1.822336241373973334e-02 7.635896462641970396e-03 5.291242548251587179e-03 5.290204921991118608e-03 1.112120896409217984e-03 -1.627325852427257899e-03 -2.230809005837733772e-03 2.940819710456463090e-03 -1.089836739879837535e-02 -3.021395044195476342e-03 -4.150163984692767545e-03 2.713115665178241799e-04 4.659796483695743084e-03 5.165633796448102118e-03 -1.024012458674719399e-02 2.581750356897509480e-02 4.634074505189387681e-04 -1.772937007208036722e-03 -9.449598140330221427e-03 7.454673812149265576e-03 2.566926468839690785e-03 -1.676475850068765783e-03 3.899850613285593594e-03 1.566617859770489535e-02 6.606586440510374934e-03 7.948407986160413094e-03 4.379892932376958439e-03 4.565349063931639292e-03 -1.576993421493656008e-03 1.033599027127832075e-02 9.026178789431724137e-03 8.452890168381710714e-03 1.568224094619961873e-02 2.156326660066785333e-02
8.829321752439281412e-02 1.000000000000000000e+00 3.447145771840794820e-02 6.408281353444320039e-02 3.485223248603486895e-02 7.949973250691705351e-02 1.241145119432248561e-01 9.046283239512500907e-02 1.316333188844480140e-01 1.601507660475696426e-01 1.091903033373010368e-01 1.106525310153470415e-01 9.260422669402235130e-02 1.064457352637945969e-01 1.171439271446429037e-01 1.219993108321466846e-01 1.079252591976031794e-01 1.092947791664339585e-01 1.055725093505468087e-01 6.990348089099054918e-02 7.745638241266634971e-02 9.996903511557471422e-02 1.106452093448064972e-01 1.089072738825968834e-01 1.146032762846636716e-01 1.264504526269164819e-01 1.432223584667226268e-01 1.245704629762270643e-01 1.342720390642546668e-01 1.505383512481826558e-01 1.402852273856171894e-01 1.209539312635202341e-01 1.003719690862581587e-01 1.053026904382930173e-01 1.072747213079469769e-01 1.140407949288538836e-01 1.196046115932481030e-01 1.038617434071901213e-01 1.150418703619427441e-01 8.855992892045597142e-02 1.282197709472570890e-01 1.212714995840879217e-01 1.082118252776683581e-01 1.249501349181960375e-01 1.233181469755473963e-01 1.360240257163244093e-01 1.277911588087635719e-01 1.326154791994286763e-01 1.196639753062649081e-01 1.006891313802407290e-01 1.087892743445887239e-01 9.020211206362874212e-02 1.133437965795182772e-01 1.337086640276458904e-01 1.168678645687732109e-01 1.135968306014485951e-01 1.182348522489083120e-01 1.198876766455324455e-01 1.204848122845261771e-01 1.360259895870246094e-01 1.203611689528588241e-01 1.306695486909115467e-01 1.246619318005127985e-01 1.135430877867342203e-01 1.271625660432388616e-01 1.365336170199006605e-01 1.324152007304501555e-01 1.353763696367182023e-01 1.357955383762522172e-01 1.215079590924065950e-01 1.312932527238382663e-01 1.342300070099640696e-01 1.332028826810402744e-01 1.381772366430289445e-01 1.399713108585029508e-01 1.409236474494134639e-01 1.407189486941525236e-01 1.427418335472391830e-01 1.416289135780874620e-01 1.475494663847179699e-01 1.431381733236326281e-01 1.358526622795871996e-01 1.402155147137911229e-01 1.318211909978152796e-01 1.249785186305415463e-01 1.287013367003551345e-01 1.324183779235497960e-01 1.301454601499688890e-01 1.303689790176246199e-01 1.308726229454988399e-01 1.278092971337312367e-01 1.341568412135053789e-01 1.319488013888139577e-01 1.358346200322927411e-01 1.346825374365891448e-01 1.338935735886922218e-01 1.174182493667967203e-01 1.255669788668620501e-01 1.289235829151484380e-01 1.288511394698115542e-01 1.246069930480049881e-01 1.317142645413600377e-01 1.287399531262147234e-01 1.287709703586558674e-01 1.244808931488475268e-01 1.277798487825770324e-01 1.331900337938090317e-01 1.371867525416892164e-01 1.339583617478073418e-01 1.315945755248610904e-01 1.266602361511111607e-01 1.351699788216875198e-01 1.340693057676577149e-01 1.306724911413529866e-01 1.330853537630392880e-01 1.366863838507419160e-01
5.498891082830371230e-02 3.447145771840794820e-02 1.000000000000000000e+00 1.981326624528172708e-01 1.037357257457494353e-01 1.171863423127153664e-01 1.939226932714708251e-01 1.815553906255824024e-01 2.159598025103278418e-01 2.059241928629301221e-01 1.914033466410688389e-01 2.283861256178424948e-01 2.089026058662306895e-01 2.222968076433928242e-01 2.284180380218577555e-01 2.177771406914531527e-01 2.163164325619103545e-01 2.094073914605538156e-01 2.245745332362291957e-01 1.748415817425780783e-01 2.174367534239130817e-01 2.081467846883837125e-01 2.164072019401033220e-01 2.045668572600178037e-01 2.252442053000029698e-01 2.352448564030355516e-01 2.272103580233293396e-01 2.190077128829509556e-01 2.234400801198833941e-01 2.474893510314003231e-01 2.457114690943201230e-01 2.355272405672506064e-01 2.142340059450205392e-01 2.321213187722249160e-01 2.263821233326250570e-01 2.498058231473425927e-01 2.319460157848206305e-01 2.293857697711665089e-01 2.416450726700047902e-01 2.144196128097283216e-01 2.422397870227420980e-01 2.317698695051852997e-01 2.342166355958130719e-01 2.305131814496018949e-01 2.344389990223852971e-01 2.314734229652763153e-01 2.431328449883515264e-01 2.421447398053037658e-01 2.436532226336358409e-01 2.407889030830219212e-01 2.388847048815480878e-01 2.363621726290640046e-01 2.403244262182606394e-01 2.452361242551662213e-01 2.409288329586568023e-01 2.333912398707869151e-01 2.549499552433995841e-01 2.442380706957312519e-01 2.445942687878900346e-01 2.370482837859226311e-01 2.437358766768416285e-01 2.427545618179645370e-01 2.461396406222584876e-01 2.458288440725716895e-01 2.387695326646283034e-01 2.448742943284689666e-01 2.397019110828563226e-01 2.414459262460372235e-01 2.478862438887720065e-01 2.400242238752490764e-01 2.454776176704611124e-01 2.468684633818697682e-01 2.399586029929681175e-01 2.465456887980298495e-01 2.419808018883969625e-01 2.395638318612340611e-01 2.367924739591409922e-01 2.399020826674109208e-01 2.452283558337289560e-01 2.461389499701729933e-01 2.493847522889054147e-01 2.444754838871572022e-01 2.505318908371597098e-01 2.391746855750528922e-01 2.456949666807319854e-01 2.485688399320230835e-01 2.405456649953715553e-01 2.410526766381503871e-01 2.410222625937444574e-01 2.450568813547751301e-01 2.360632820505344232e-01 2.407523434152468167e-01 2.416699626737752737e-01 2.402567939536798813e-01 2.419411621474194807e-01 2.419799114343088864e-01 2.428060904514111329e-01 2.484492388578103395e-01 2.446369091137415297e-01 2.422868334084835040e-01 2.442773581249928494e-01 2.466828854138188309e-01 2.407381511411133823e-01 2.432099865249708615e-01 2.462016881762077170e-01 2.468480943440523045e-01 2.432315843605654671e-01 2.419358574005239237e-01 2.450582068126636037e-01 2.433141266023154670e-01 2.417067580488955203e-01 2.417542260559991940e-01 2.435592661323486285e-01 2.465504514201119490e-01 2.415594447139531031e-01 2.405801902604704778e-01
2.109653231160391051e-02 6.408281353444320039e-02 1.981326624528172708e-01 1.000000000000000000e+00 2.489750761740230078e-01 2.834599605243156017e-01 4.018028250304085391e-01 3.954160420247438967e-01 4.419472311288648592e-01 3.852535514203183076e-01 3.988332792772198432e-01 4.768225239762175494e-01 4.249542609375450142e-01 4.443971873779481441e-01 4.786442410772961953e-01 4.843388553802960295e-01 4.505905102969303688e-01 4.348297910656327425e-01 4.511952076941465051e-01 4.068889951273655936e-01 4.567567097523579367e-01 4.497736170099002617e-01 4.339454535779152522e-01 4.249968244981826571e-01 4.474016153478692082e-01 4.933994299543424944e-01 4.856079149038436960e-01 4.706978312652722596e-01 4.755463384225624424e-01 4.941126820692472443e-01 5.078008934410184194e-01 5.012716983854870190e-01 4.522933559965200967e-01 4.778865697971025894e-01 4.673040510826283467e-01 4.830464437781998299e-01 4.953297359053766558e-01 4.794096467066770728e-01 4.943812068786270220e-01 4.425258185876744244e-01 5.029143427317899206e-01 4.895536519425595645e-01 4.993090941368662494e-01 4.987547535388565101e-01 4.953105995848275378e-01 4.996933719572984045e-01 5.048052489345894456e-01 5.086101815231325318e-01 5.054879687365578800e-01 4.924280282845596712e-01 4.976794335079439691e-01 5.047730213747348982e-01 5.057541762596348134e-01 5.118185941748336631e-01 5.070552117004430981e-01 4.866106485570362294e-01 5.213917238404511822e-01 5.063959603181624747e-01 5.034333244321536061e-01 5.146123533992781329e-01 5.205058604611186857e-01 5.180902474056892082e-01 5.104337204466640188e-01 5.109585016338921148e-01 5.179735800261021650e-01 5.224216497979137230e-01 5.164263124184466092e-01 5.119145923978001278e-01 5.143391660893493755e-01 5.176049226713058671e-01 5.108319342386554718e-01 5.114132676478095885e-01 5.036398881158004048e-01 5.064763202820823373e-01 5.143378684453275840e-01 5.140241923776590616e-01 5.103300707254655455e-01 5.093394665950989886e-01 5.058399510974521673e-01 5.068060739246876834e-01 5.078698949074690328e-01 5.158113462321101128e-01 5.130449566718021659e-01 5.056344811146085139e-01 5.109929037446967470e-01 5.141110583592084504e-01 5.093638499300823241e-01 5.149948555698770081e-01 5.141177856178166250e-01 5.169731498901791733e-01 5.050378669520589892e-01 5.141367990756335882e-01 5.141441742514821778e-01 5.132854328412906897e-01 5.121174560802335129e-01 5.135184571601171255e-01 5.176216150726351550e-01 5.241196584912546363e-01 5.211270175065727539e-01 5.109128478112395788e-01 5.183491081812255930e-01 5.215272215693241842e-01 5.198541036107968694e-01 5.179213958877312285e-01 5.253027932653001608e-01 5.271159844406787531e-01 5.185641537339908957e-01 5.148286286410654888e-01 5.170062355057368775e-01 5.136313225487960654e-01 5.167932066285892967e-01 5.182034018635255368e-01 5.205329598378549694e-01 5.215846738955975948e-01 5.145477753341552996e-01 5.263057609152310690e-01
5.254792690385301328e-03 3.485223248603486895e-02 1.037357257457494353e-01 2.489750761740230078e-01 1.000000000000000000e+00 2.168190626772092400e-01 3.494194307361183638e-01 3.893442976193131622e-01 3.613878732577771591e-01 3.174172648705813615e-01 3.568984689174062308e-01 3.999221113806200045e-01 4.262096118919473930e-01 3.605040132556415755e-01 4.146423786427272939e-01 4.320610649024640426e-01 3.475852464049800639e-01 3.355076738856602181e-01 3.446893673405788672e-01 3.001529102038971164e-01 3.928014421874579387e-01 3.589543759705353110e-01 3.473872542920360407e-01 3.143519290153019008e-01 3.652293134325954038e-01 3.947862421105251540e-01 3.854470618828142459e-01 3.663582596750596942e-01 3.923751861496398430e-01 4.029681853588893969e-01 4.130458030012057469e-01 3.883920377692733905e-01 3.760577514022720447e-01 3.685095021693567952e-01 3.807577303897443644e-01 4.033549426769023616e-01 4.102603980390228111e-01 3.941929513801967211e-01 4.116680975065333259e-01 3.535353479593226766e-01 4.194450793609230121e-01 4.075203150941000274e-01 4.163989300736845589e-01 4.197319038545887504e-01 4.137845745798587882e-01 4.062238655772403839e-01 4.190509231118842992e-01 4.205811531496703171e-01 4.166862447559107063e-01 3.993788272012057661e-01 4.106904474320105525e-01 4.151697089995713408e-01 4.109230738911081593e-01 4.207341510867610990e-01 4.143412960773092402e-01 4.035035286558063539e-01 4.197557112977465810e-01 4.252309168879661039e-01 4.139362494448742269e-01 4.303683824368856881e-01 4.205406425379936142e-01 4.227914666054672921e-01 4.094520849055941492e-01 4.197860640266984911e-01 4.275943649241472633e-01 4.234574165657338796e-01 4.233987485273214002e-01 4.182198903814500768e-01 4.171309826075842997e-01 4.184531814532703731e-01 4.218025993315507316e-01 4.174104062670744297e-01 4.023966649727773737e-01 4.159242295181167504e-01 4.207545904450016305e-01 4.243258963461901678e-01 4.175279843914188049e-01 4.186159728254368328e-01 4.143894105069192424e-01 4.175851878546457674e-01 4.174346328226699043e-01 4.233440307547773895e-01 4.226106830106013956e-01 4.168933519699247192e-01 4.173966795875831970e-01 4.153539246545573382e-01 4.232881445056037029e-01 4.176251847868763245e-01 4.204599427011161406e-01 4.221787564057968289e-01 4.147918605381915591e-01 4.212126713510752629e-01 4.243765325007327616e-01 4.199927673542979134e-01 4.223873598752306280e-01 4.230949139975030415e-01 4.212514685342296783e-01 4.178754204808087791e-01 4.212861661509806899e-01 4.230823017395361485e-01 4.289110871953582538e-01 4.209101719291601373e-01 4.263012378176979644e-01 4.274162356485573522e-01 4.321362934353639718e-01 4.202206389391205943e-01 4.224579183164380858e-01 4.238037472366935066e-01 4.221812689666886720e-01 4.271331051981666627e-01 4.186043514798017950e-01 4.297649133026095192e-01 4.226298088168446987e-01 4.243816354766500321e-01 4.282692314422381630e-01 4.281638589729455102e-01
-1.090457843966941356e-02 7.949973250691705351e-02 1.171863423127153664e-01 2.834599605243156017e-01 2.168190626772092400e-01 1.000000000000000000e+00 4.294842701682757835e-01 3.771025942475415560e-01 4.235836871000879245e-01 3.855972618152915810e-01 4.011038597353864255e-01 4.571249555387275065e-01 4.165135529722709395e-01 4.477229995216183145e-01 4.929849761182648060e-01 4.757317579828007070e-01 4.408382800632701382e-01 4.002691622196505872e-01 4.228464384718256808e-01 3.616271618533140608e-01 4.065195629995940196e-01 4.106299225570592126e-01 4.194431567466300192e-01 3.895467478683967699e-01 4.345801934393867527e-01 4.780630647577459036e-01 4.790917050764510465e-01 4.654166481368628427e-01 4.598186071059612301e-01 4.763581776033206650e-01 4.934184993580176259e-01 4.926750732154338008e-01 4.863636606336682600e-01 4.604063196739486274e-01 4.690987814323032690e-01 4.618281196711023218e-01 4.886514332972428099e-01 4.910843180773933891e-01 4.997037767718867096e-01 4.607759272351662494e-01 5.096914336865062678e-01 5.145564620244178489e-01 4.919717523573197138e-01 5.033993634523402649e-01 4.881843476232974877e-01 5.050135968839621903e-01 5.110591720041606223e-01 5.101866104074214148e-01 5.016730266820006445e-01 4.880973261034979305e-01 5.043270461727533682e-01 4.752146747690553230e-01 4.975450247761844524e-01 5.032094977703268635e-01 4.956544507179507786e-01 4.929122749364274747e-01 4.805710310305074118e-01 5.089772476169499571e-01 5.063896845347162223e-01 5.015100735490952699e-01 5.086330233021872926e-01 4.992328288332156250e-01 4.866488717873201919e-01 5.041102971427420254e-01 4.988498558783710513e-01 4.880830131724746002e-01 5.132788205224924072e-01 5.100494769064648493e-01 5.067982796516774524e-01 5.027543096848732240e-01 5.052298887750883427e-01 5.054790609170737303e-01 4.951731008750677177e-01 4.981912014485241902e-01 5.079655871038685211e-01 5.131052719175780430e-01 5.073219576352305804e-01 5.050405397503233695e-01 5.086140319626630824e-01 5.033836272975275028e-01 5.059865687939771872e-01 5.107584292761740974e-01 5.067063739968555858e-01 5.156778679770127605e-01 5.128344082554354699e-01 5.088334551557895935e-01 5.062053810026815315e-01 5.142120057798591493e-01 5.080439658013472526e-01 5.078805408760770357e-01 5.179981572679910329e-01 5.167266200512459218e-01 5.123221605350051222e-01 5.157757333559255253e-01 5.134200983411825181e-01 5.150803835513163564e-01 5.085594608334227384e-01 4.954065527322970564e-01 5.098044160657770885e-01 5.176382340468229648e-01 5.138584689529251959e-01 5.113972325021479692e-01 5.028571062342634956e-01 5.142950876078482558e-01 5.101237383056171915e-01 4.943959683204364186e-01 5.119735832226208760e-01 5.116567728976613161e-01 5.123499135542494143e-01 5.147013519991505692e-01 5.083800747647551077e-01 5.099341412685922670e-01 5.069851242367824362e-01 5.091429889284961874e-01 5.074033642819899548e-01 5.007922626218096473e-01
2.811280051860897550e-02 1.241145119432248561e-01 1.939226932714708251e-01 4.018028250304085391e-01 3.494194307361183638e-01 4.294842701682757835e-01 1.000000000000000000e+00 5.922858393618724016e-01 6.167136779484148068e-01 5.774041677075395507e-01 5.950986428496216618e-01 6.949440914202260622e-01 6.155299904672407729e-01 6.410697712705706319e-01 7.548766529364610012e-01 7.234171652415685161e-01 6.310840187790833777e-01 5.928107000807785187e-01 6.395877929458625433e-01 5.251061919276138745e-01 6.297695603246542539e-01 6.398127690176075300e-01 6.313255708139359212e-01 5.651362371368449100e-01 6.456184716541343294e-01 7.191675881038271934e-01 7.054965344305939023e-01 7.004757544275181935e-01 7.021698342601865317e-01 7.065841560272763111e-01 7.376510127077233747e-01 7.111903570630454530e-01 6.934625437719398322e-01 6.694584248192720910e-01 6.881528189645907956e-01 6.999569363797915056e-01 7.188885886607585540e-01 7.286618039471111086e-01 7.356380981045131939e-01 6.883454960059446348e-01 7.424098947457348219e-01 7.504325922217744971e-01 7.379827125908668961e-01 7.560264866609158751e-01 7.348450749865385045e-01 7.507053861785302207e-01 7.460225576431923633e-01 7.510403723487893979e-01 7.381300977101917793e-01 7.123687010160080213e-01 7.411090367737396267e-01 6.977866932357960073e-01 7.258794870790523657e-01 7.475561375041289702e-01 7.474770593415823727e-01 7.394576916357377128e-01 7.293205006629944753e-01 7.517635418578708650e-01 7.469380315730155262e-01 7.504751932150625082e-01 7.447796517431899410e-01 7.462068458425741291e-01 7.378170487050087489e-01 7.370455941745520656e-01 7.419908273122294284e-01 7.405653691410212236e-01 7.494182665329821580e-01 7.470315722411692283e-01 7.390310617357594980e-01 7.374087103283866185e-01 7.481625420511014424e-01 7.472468709451490776e-01 7.177094807917215880e-01 7.360239389899152496e-01 7.546489885476750370e-01 7.516624752471523507e-01 7.519263468841723697e-01 7.500641005989838739e-01 7.501136220561929191e-01 7.408099932073251015e-01 7.476854055385254716e-01 7.518142684168339640e-01 7.488295660484541871e-01 7.471439697651863776e-01 7.441882427602355410e-01 7.398077814705662503e-01 7.496971228472542048e-01 7.546083472802804781e-01 7.497281469550232114e-01 7.500078519041177838e-01 7.595886258044861616e-01 7.593347682562362477e-01 7.549734705488139186e-01 7.577435362238084116e-01 7.542911910992157187e-01 7.535637545099880263e-01 7.456522727788030824e-01 7.334528726993719827e-01 7.495164224351000826e-01 7.540262490424451958e-01 7.559117801657510016e-01 7.511828462656983119e-01 7.488585489224743874e-01 7.557757648225457148e-01 7.504632161806542578e-01 7.402573395229520292e-01 7.496483313561501660e-01 7.541116017693424434e-01 7.524130578181201789e-01 7.552984321891507147e-01 7.506433714481017816e-01 7.546516936094330719e-01 7.510260299922650873e-01 7.476045149211690832e-01 7.458045524238690049e-01 7.469105954804436953e-01
1.258210590845889980e-02 9.046283239512500907e-02 1.815553906255824024e-01 3.954160420247438967e-01 3.893442976193131622e-01 3.771025942475415560e-01 5.922858393618724016e-01 1.000000000000000000e+00 6.041328682099439407e-01 5.558391681210071988e-01 5.934956636264465679e-01 6.684400193200006335e-01 6.016245038415817259e-01 6.269594556662904106e-01 7.164001115697073985e-01 7.199586743089185781e-01 6.225639791739637774e-01 5.921788360654041128e-01 6.302532227076241833e-01 5.516556698114455370e-01 6.383117205097125213e-01 6.295556649819609163e-01 6.260181111443001711e-01 5.782418779831471900e-01 6.302532492216909032e-01 6.837601386630871581e-01 6.614454417832816846e-01 6.630136519619639346e-01 6.650918061287992566e-01 6.796479209794205056e-01 7.063429748938498953e-01 6.957900463516130118e-01 6.567406380149191092e-01 6.606530271030821577e-01 6.623599017925434485e-01 6.791055531559533343e-01 6.934691805457783298e-01 7.026317154990135982e-01 7.060679167515099275e-01 6.470063428626788848e-01 7.061115149628638399e-01 7.067055398836888935e-01 7.096306528956429771e-01 7.215305283480796250e-01 7.045682880164376716e-01 7.156587623982051394e-01 7.195405663390070927e-01 7.222982473376262647e-01 7.172908538895373942e-01 6.975389906833536768e-01 7.179630916203741942e-01 6.886514290715578523e-01 7.118673843644536259e-01 7.221667639252868920e-01 7.201607884583325347e-01 7.058606033062216900e-01 7.212951137152106007e-01 7.242685405091453532e-01 7.249578947698360754e-01 7.259994041157152855e-01 7.293456599149343855e-01 7.260578506560891876e-01 7.215476511529366199e-01 7.177437081927889873e-01 7.141000852321094383e-01 7.253195094360441741e-01 7.201763472874650462e-01 7.212624605180049109e-01 7.149727053073513527e-01 7.205865529008605996e-01 7.207522860715472879e-01 7.203081020252332101e-01 6.989660616764155066e-01 7.093687726306473484e-01 7.186188081700256580e-01 7.169209138815494375e-01 7.127711318601687163e-01 7.128529372132214048e-01 7.149365315197250270e-01 7.126206195155325718e-01 7.136820270280569423e-01 7.181626433119980835e-01 7.192804204748440844e-01 7.125783303031127947e-01 7.182431101413710994e-01 7.137074295415871683e-01 7.163853843219850637e-01 7.239507778012583827e-01 7.247039597954406664e-01 7.236880944355550405e-01 7.152523013286133935e-01 7.236217862241615117e-01 7.219773248235769048e-01 7.235948020917014611e-01 7.236461328622835198e-01 7.234706795519532108e-01 7.233371342952916727e-01 7.188804781281550316e-01 7.239672115301812871e-01 7.221989384943514612e-01 7.228154613086540392e-01 7.264041251766898410e-01 7.261828381509233266e-01 7.272890281886337238e-01 7.220809641618117780e-01 7.204840620519771255e-01 7.229879782310508762e-01 7.222198133728919833e-01 7.255102935306464440e-01 7.269631640390608052e-01 7.256720331578440097e-01 7.274362454224269081e-01 7.251435765796867550e-01 7.230231223445530153e-01 7.187446746757139016e-01 7.264990138515442508e-01
5.925853819848444365e-02 1.316333188844480140e-01 2.159598025103278418e-01 4.419472311288648592e-01 3.613878732577771591e-01 4.235836871000879245e-01 6.167136779484148068e-01 6.041328682099439407e-01 1.000000000000000000e+00 6.688388262603932599e-01 6.676300413210114471e-01 7.557817879853088172e-01 6.745966701616806782e-01 6.994452703091945667e-01 7.812879866603910095e-01 7.648066515059741555e-01 7.265040462569656299e-01 6.822548217020110162e-01 7.059811830442714875e-01 6.005401462058963524e-01 6.939842111158102123e-01 7.033574298502512923e-01 7.157178156949656200e-01 6.604054539036420257e-01 7.281632411434462160e-01 7.785377188182939223e-01 7.653986343885205157e-01 7.470948848232512596e-01 7.669020636210657216e-01 8.049870771123995850e-01 8.142658074399427015e-01 7.929433132508728610e-01 7.377750790515134049e-01 7.602226861028161808e-01 7.540939063899222417e-01 7.663271108220843786e-01 8.000345612665787920e-01 7.767031709191456468e-01 7.962428393881317845e-01 6.960086217081608018e-01 8.111351000285779156e-01 8.007157206867628885e-01 7.855302470149942984e-01 8.010434951191617303e-01 7.909423851115320314e-01 8.008619230916107501e-01 8.210958397178983459e-01 8.260632159739819125e-01 8.133126360655198450e-01 7.864154931733662313e-01 8.022487668376712122e-01 7.685783464870951098e-01 7.932526273538433870e-01 8.232591300303713222e-01 8.011631043647630124e-01 7.868371138971634871e-01 8.041916060089342455e-01 8.155352428055308023e-01 8.088036457255100009e-01 8.254115043469795188e-01 8.181786617253693494e-01 8.142617100121982698e-01 8.026514887936289089e-01 8.100517212574718240e-01 8.276744967539183540e-01 8.221732232398129003e-01 8.255513783319325949e-01 8.197021759996679924e-01 8.230846076573592462e-01 8.073232397039519226e-01 8.177807760855531072e-01 8.264398827272605441e-01 7.983599308838446040e-01 8.201052046856220912e-01 8.244643179303970948e-01 8.207638839268716069e-01 8.152150609404339443e-01 8.185328559972012696e-01 8.199566863440596043e-01 8.263263372358125025e-01 8.272016431549478188e-01 8.247453225957331879e-01 8.270942971509316344e-01 8.175261597763618937e-01 8.203331564139080267e-01 8.219424984981289484e-01 8.217063984490111661e-01 8.204645933362065824e-01 8.207815615928080177e-01 8.174473263507685550e-01 8.074442593515946953e-01 8.216864706655900852e-01 8.211664202315150929e-01 8.209150727661120861e-01 8.255722362418983495e-01 8.254448066431102626e-01 8.079370596426087570e-01 8.181501651467281144e-01 8.212412875805046308e-01 8.226482716029452913e-01 8.192376450273329835e-01 8.209925187582552963e-01 8.207217151140022704e-01 8.232518624060825019e-01 8.241447340407741518e-01 8.102128660351138878e-01 8.246939578932288573e-01 8.240940754554347825e-01 8.227111741196815320e-01 8.266721125149856242e-01 8.163387300077038500e-01 8.269215493823200980e-01 8.204409257665336019e-01 8.233401638054151928e-01 8.290235296292217670e-01 8.261176718844784883e-01
4.591229787919236943e-02 1.601507660475696426e-01 2.059241928629301221e-01 3.852535514203183076e-01 3.174172648705813615e-01 3.855972618152915810e-01 5.774041677075395507e-01 5.558391681210071988e-01 6.688388262603932599e-01 1.000000000000000000e+00 5.998235019151106906e-01 6.947303200694999736e-01 6.009201963845020034e-01 6.439629222940638220e-01 7.208153427625996201e-01 7.008875311535118779e-01 6.594370324744823764e-01 6.176595010320887758e-01 6.479177069019741442e-01 5.493053863371324397e-01 6.133427417289185613e-01 6.341685373450278718e-01 6.658121465440286491e-01 6.054117652899182467e-01 6.584869998490302523e-01 7.187922012292021767e-01 7.027073746557255252e-01 6.936540724843637262e-01 7.154451115949860274e-01 7.436125704075013942e-01 7.478914716721971612e-01 7.334126439598560587e-01 6.947654566784817742e-01 7.051744441671323749e-01 7.010700285379855012e-01 7.102678192327108730e-01 7.384378082678438870e-01 7.255612038750381965e-01 7.351435076055938822e-01 6.537471330459388996e-01 7.442294947533022453e-01 7.371184165494020224e-01 7.187256617418974480e-01 7.383006600481303305e-01 7.288756115961961823e-01 7.427907497250412217e-01 7.488178176883116821e-01 7.551268813015213910e-01 7.461283773061172520e-01 7.123088797113257264e-01 7.346656740320176571e-01 6.811849803817293658e-01 7.185329565332030377e-01 7.554864630411101123e-01 7.439249730343759914e-01 7.355659042034952133e-01 7.381303412829166577e-01 7.467330083923372497e-01 7.495168075400957530e-01 7.510387326378529238e-01 7.448392273583984702e-01 7.494391392682498987e-01 7.415903019304187493e-01 7.364828029995659220e-01 7.427792701736949388e-01 7.492299994517342965e-01 7.528064918676485862e-01 7.486627465400728099e-01 7.575072550545340899e-01 7.414057046452918742e-01 7.463868473533792347e-01 7.530666186896037839e-01 7.375639097780996023e-01 7.468624116809385871e-01 7.581844864882240076e-01 7.543028805562681516e-01 7.525029651877254144e-01 7.542666333268753798e-01 7.553443087250208965e-01 7.607661171786849197e-01 7.588561366749815296e-01 7.560541157971600867e-01 7.589053720691899541e-01 7.547184587348125806e-01 7.484797494013092356e-01 7.547405411555214716e-01 7.554162303707588899e-01 7.510339081942836170e-01 7.516271004345966844e-01 7.570430739184481617e-01 7.454736677915388965e-01 7.528774555416029024e-01 7.533100054080342778e-01 7.547367408940814926e-01 7.540940775332929391e-01 7.548368041337752965e-01 7.371227134025263306e-01 7.394166975651075280e-01 7.469404300457027635e-01 7.516610373565043579e-01 7.479844627355533015e-01 7.500575927980319690e-01 7.414453913922862682e-01 7.517346054006329714e-01 7.473747776117108943e-01 7.414115381252842640e-01 7.543353443320368612e-01 7.557668885400086189e-01 7.531706720680114708e-01 7.560210011308773348e-01 7.488209288021991927e-01 7.552043203124247928e-01 7.532248949295492491e-01 7.529220198706813028e-01 7.509196542569379629e-01 7.500794225556344230e-01
-7.765521115101961004e-03 1.091903033373010368e-01 1.914033466410688389e-01 3.988332792772198432e-01 3.568984689174062308e-01 4.011038597353864255e-01 5.950986428496216618e-01 5.934956636264465679e-01 6.676300413210114471e-01 5.998235019151106906e-01 1.000000000000000000e+00 7.349368194014157529e-01 6.433958540455316788e-01 6.630235284438559251e-01 7.516878838130114371e-01 7.347029391308977919e-01 6.753180780444015818e-01 6.614828277177524640e-01 6.732562804410445745e-01 5.994447557874374999e-01 6.608431016019573612e-01 6.586807961689508106e-01 6.854839580267149124e-01 6.387534830421520704e-01 6.798896793919327886e-01 7.373327726045527664e-01 7.308744504466637704e-01 7.232947295965967971e-01 7.341939164257640371e-01 7.619843602806144478e-01 7.816829740036563834e-01 7.630524038623055505e-01 7.201694250282342225e-01 7.304601114854260002e-01 7.255905673599426509e-01 7.260319228777146749e-01 7.614433938489310050e-01 7.533872777824244249e-01 7.694323674505292310e-01 7.010781416596660875e-01 7.759361519482990133e-01 7.740393159427879644e-01 7.626432357213674962e-01 7.742520232991848550e-01 7.660211893254450510e-01 7.745520738826465745e-01 7.863874431051419700e-01 7.906816337932524030e-01 7.831368554782318636e-01 7.489828979910730933e-01 7.748007321032717165e-01 7.327688388480845250e-01 7.570361936569576233e-01 7.839567071344206717e-01 7.778495326342753646e-01 7.700256244774205117e-01 7.669261396178691514e-01 7.832180244106761169e-01 7.856615926496750557e-01 7.820360729629123320e-01 7.867972048955467201e-01 7.828960627900416469e-01 7.685193648978625447e-01 7.748513419855324047e-01 7.725091318854389044e-01 7.743423340993224047e-01 7.865243659711091961e-01 7.887552301378980557e-01 7.873489564762408133e-01 7.849511497379143554e-01 7.871728778243541891e-01 7.853128085260048241e-01 7.724778919491410711e-01 7.826932890448266011e-01 7.899756083807707441e-01 7.855135376645293599e-01 7.839995001036582645e-01 7.864432666068861266e-01 7.876147708494555255e-01 7.893387845906761902e-01 7.875303590450504210e-01 7.914051464548881309e-01 7.857749143666420411e-01 7.868571002792892344e-01 7.848118601478315526e-01 7.854778800627311153e-01 7.860812479483604287e-01 7.899557338541888241e-01 7.905851784910910007e-01 7.883210388530297319e-01 7.859374418323434863e-01 7.923780390885539759e-01 7.909199052265962759e-01 7.907928856090818970e-01 7.908202081472961442e-01 7.917599175423642999e-01 7.784473400575890878e-01 7.729823640051920464e-01 7.853857626403542014e-01 7.867906938428911312e-01 7.867823171711919583e-01 7.855431088932737227e-01 7.861067730406012810e-01 7.913894945075922172e-01 7.864298450864333212e-01 7.727440412538866266e-01 7.897182740248669397e-01 7.916338284949931969e-01 7.910734454679246852e-01 7.908721031093010057e-01 7.915230955712263539e-01 7.893811052127484018e-01 7.878363119855888996e-01 7.839536303686631680e-01 7.859041333534789731e-01 7.830488777754470719e-01
3.974515903724726643e-03 1.106525310153470415e-01 2.283861256178424948e-01 4.768225239762175494e-01 3.999221113806200045e-01 4.571249555387275065e-01 6.949440914202260622e-01 6.684400193200006335e-01 7.557817879853088172e-01 6.947303200694999736e-01 7.349368194014157529e-01 1.000000000000000000e+00 7.353598615341483402e-01 7.726716994484164047e-01 8.635077003226595549e-01 8.437344283687442381e-01 7.772556438363784626e-01 7.375369092914613178e-01 7.722838331684855895e-01 6.603355738210620052e-01 7.581836771673056141e-01 7.602299029250898510e-01 7.612385521523528098e-01 7.094174342690947599e-01 7.793794571776002655e-01 8.533735641823066986e-01 8.446550461399261467e-01 8.361927200522927262e-01 8.349159068320382016e-01 8.703945425032842964e-01 8.964747723190291673e-01 8.633828795096978315e-01 8.166788283649695224e-01 8.240992909253936904e-01 8.259910815080222513e-01 8.499860116654616160e-01 8.734378121280640395e-01 8.676117881577315449e-01 8.892848179924712770e-01 8.027347434346189248e-01 8.955005734092461589e-01 8.855130515972055028e-01 8.731229506931929008e-01 8.922848338232153287e-01 8.765158543087413490e-01 8.954667166491919739e-01 9.022523000629486534e-01 9.065388203196566019e-01 8.934728745567729336e-01 8.604412419945859369e-01 8.869737151238097361e-01 8.385340366831093295e-01 8.744518349438917815e-01 9.021805774896725083e-01 8.937800049962659754e-01 8.840138230132718045e-01 8.823556985239204842e-01 8.994299618334377078e-01 8.987971396631276866e-01 8.991479884279086621e-01 8.979246096335231631e-01 9.003839656849688122e-01 8.912211409266018736e-01 8.925012670759083777e-01 8.895503583424804184e-01 8.912735630415600241e-01 9.069667471331686048e-01 9.033002866215443794e-01 8.997892488345280437e-01 8.982487951250938130e-01 9.026079919252686379e-01 9.032902424589802637e-01 8.787945215276173894e-01 8.954895135906418835e-01 9.095121361485766220e-01 9.076677774177628333e-01 9.048465698665935086e-01 8.999781770784713864e-01 9.015689267980360189e-01 9.061960138016762478e-01 9.040723224304139105e-01 9.124164839894060020e-01 9.039430651291273655e-01 9.021676230536175289e-01 8.988722890026906720e-01 9.005471256062613783e-01 9.055843552501089411e-01 9.093073011690749885e-01 9.085394913710472808e-01 9.083438130277968758e-01 9.028744103536879839e-01 9.112055044362790124e-01 9.090637721110058633e-01 9.092239659577621147e-01 9.111388186190129135e-01 9.096928454494623839e-01 8.999616196609999674e-01 8.947250091112226578e-01 9.054545303883064777e-01 9.071343904787880774e-01 9.084308692190042889e-01 9.078766650415446282e-01 9.026249226002793780e-01 9.095436497051738733e-01 9.081703314769438151e-01 8.980978873234121140e-01 9.074117494950010299e-01 9.096857760779316626e-01 9.092943677334692776e-01 9.107659655512597707e-01 9.084609582371748759e-01 9.093352916444963352e-01 9.082400610739425062e-01 9.074020940248729294e-01 9.034316240569976175e-01 9.041596456254834546e-01
-3.823793321189612585e-04 9.260422669402235130e-02 2.089026058662306895e-01 4.249542609375450142e-01 4.262096118919473930e-01 4.165135529722709395e-01 6.155299904672407729e-01 6.016245038415817259e-01 6.745966701616806782e-01 6.009201963845020034e-01 6.433958540455316788e-01 7.353598615341483402e-01 1.000000000000000000e+00 6.769442589563512414e-01 7.638046557725840513e-01 7.747974355606092045e-01 6.649797391386910173e-01 6.325114157437535800e-01 6.742366020440373475e-01 5.831948491608892615e-01 6.739103937160046964e-01 6.570279602859468993e-01 6.477500072231027195e-01 6.211660953207053248e-01 6.827369172932475916e-01 7.502377130397989147e-01 7.311429738352643870e-01 7.088910847260501136e-01 7.256817518907298092e-01 7.577474936626413804e-01 7.825678889032906538e-01 7.514532570767330499e-01 7.066320436061283017e-01 7.168373996735580844e-01 7.148291030558939774e-01 7.396289942753810909e-01 7.655064509547040430e-01 7.515099943256737802e-01 7.753103107728145371e-01 6.774346559514572430e-01 7.853991314590540451e-01 7.781920038108699478e-01 7.741892099067591015e-01 7.844847154494182240e-01 7.606084225052552883e-01 7.816032076625386571e-01 7.978631316413420382e-01 7.974388332847367478e-01 7.918743608987823812e-01 7.585546912243826823e-01 7.847891731020980588e-01 7.426319353299658532e-01 7.724563020877773800e-01 7.919782878703577333e-01 7.813635065049155948e-01 7.594743848710538980e-01 7.796267019829181688e-01 7.902698511898379463e-01 7.926594615190335480e-01 8.072027770023018078e-01 7.970644114889211540e-01 7.976273724670992493e-01 7.840378911512116966e-01 7.951169348603721598e-01 7.851080344137495448e-01 7.920887979844100091e-01 7.985053540724864618e-01 7.969730109994408451e-01 7.934073863408104277e-01 7.912911845129478872e-01 7.947930309047418485e-01 7.943704274826547396e-01 7.745600610633904815e-01 7.887883530212196348e-01 8.007579944191501875e-01 7.991331247602443399e-01 7.923985721715436359e-01 7.911695345019341685e-01 7.933255134508937489e-01 7.949918159454332223e-01 7.971046575153433178e-01 8.019475990091519124e-01 7.924145070622941045e-01 7.930254757795621723e-01 7.936124750480096912e-01 7.901339754293309481e-01 7.967616834139279458e-01 7.976974813985676649e-01 8.008987529155507934e-01 7.952139229265537956e-01 7.884051534832472452e-01 8.037166947420099072e-01 7.983375477962513234e-01 8.001345755435752549e-01 8.036332690289403891e-01 8.051935660569838893e-01 7.928914769834418674e-01 7.922477998495922602e-01 8.008311258838084479e-01 8.005460038629321762e-01 8.015573518052349078e-01 8.002044783914773474e-01 8.018349495640211266e-01 8.040973719349163717e-01 8.014693649944820697e-01 7.905432529471342340e-01 8.033459795127221303e-01 8.028798848327403093e-01 8.021218835548868942e-01 8.056301411848251215e-01 7.982591959920344316e-01 8.057128735275843612e-01 8.015510312774712931e-01 8.023050100503608117e-01 7.957454063100791730e-01 8.024516221446427178e-01
