1.000000000000000000e+00 2.527942189585825616e-01 1.652726194654807745e-01 -1.917086845025632869e-01 -3.600392719251854778e-02 -4.653143507390294226e-02 8.942833317167083254e-03 -4.970731669410687753e-02 2.427706285222847316e-01 1.688881491942684498e-01 3.690987192590851340e-02 -1.091412276979368545e-01 -9.972476032638025178e-02 1.584151335384384809e-02 -3.366716254971093697e-02 -1.668091295739266428e-02 1.801753751938821591e-01 3.566347077813453170e-01 2.889755867202463691e-01 3.907832842120068095e-01 2.339549322939496190e-01 2.308843376696321781e-01 3.715140670902145059e-01 3.282569317221251670e-01 3.084962415858885643e-01 2.341409783932841548e-01 1.757676858334957515e-01 2.598729302656521689e-01 2.655166775510857669e-01 2.433529776065933570e-01 2.785784863419363822e-01 2.685888557478882666e-01 2.896758419763467152e-01 2.270952240474536921e-01 2.784912933057452356e-01 2.009533873551603289e-01 2.242004954301463626e-01 1.363664996382141781e-01 1.286524759854264510e-01 1.239137768228149583e-01 8.657170474215629408e-02 7.125849150782781471e-02 7.219074180757251158e-02 7.852150757330308983e-02 1.047927884562072642e-01 7.308455904152004468e-02 2.012852053321772736e-02 6.014678507150324205e-02 5.530655764100626814e-02 1.034055964191724769e-01 1.009485059432158466e-01 3.107367378155376225e-02 1.644798515979530376e-02 1.001990198897385193e-01 1.205764012942630581e-01 1.554794741026471749e-01 1.248364390542989477e-01 6.257246968238229512e-02 8.679490733468710195e-02 5.553449247264576061e-02 4.016236392860702414e-02 7.907837212101082036e-02 9.175251264158038045e-02 5.229837922341048356e-02 1.032098945119561406e-01 6.794127215241313467e-02 5.014318102770259911e-02 1.241767428443234789e-01 1.438912577037683438e-01 1.451754986818239168e-01 5.198819848925968767e-02 1.040418700504799898e-01 1.403331759824940905e-01 1.255334779890627528e-01 5.540623844912460905e-02 6.688066175656992574e-02 7.073320543053161769e-02 9.975821163151746274e-02 9.265666651306395107e-02 1.194973920949683049e-01 1.033186719670035059e-01 1.184317849819842838e-01 7.889296875224351135e-02 1.067890288329517434e-01 8.335397705069821916e-02 1.175255478975932993e-01 8.384478746938826832e-02 3.896346626353733994e-02 5.817115240128387099e-02 7.287583792060195464e-02 3.066945962324286665e-02 3.263325181780762224e-02 3.779818488485278682e-02 3.941373394984735296e-02 3.635667333892392012e-03 2.000024095731874410e-02 4.935143568032860674e-03 4.023168915804271883e-02 5.346255946968841294e-03 2.037466103098650380e-02 1.225043306055591773e-03 3.081898896635303781e-02 2.349799366277165083e-04 1.230058474377937472e-02 2.755514208955395228e-02 3.566373406327509599e-02 2.567410198464687224e-02 2.752667321994622246e-02 4.169498191453033242e-02 2.314754663931166759e-02 2.328215548858000167e-02 2.542295645817192404e-02 3.079034107605364140e-02 2.287677661779813354e-02 4.655504615833845616e-02 3.207555712309565626e-02
2.527942189585825616e-01 1.000000000000000000e+00 1.565153293965794445e-01 -3.466149365077606653e-02 6.048086347214828851e-02 8.060626307896517906e-02 1.961708732934339394e-01 7.773427971476072618e-02 2.852619456404343334e-01 2.499310915780756925e-01 1.881063514119648283e-01 7.785571509650343613e-02 6.762171576721699717e-02 1.499925170864014057e-01 1.701072241902873150e-01 1.432540183893639962e-01 2.388846984526874773e-01 2.891146585988640938e-01 2.542407525349035247e-01 3.122612319570113315e-01 2.233344740280705509e-01 2.131995143933795855e-01 3.370576214416454164e-01 2.760665892910522112e-01 2.306236842918115981e-01 2.960104339983258281e-01 2.491849415974778659e-01 3.404560413198117752e-01 3.485784469442927969e-01 3.293846052387855439e-01 3.435273738965083923e-01 3.052300125070037118e-01 3.473940541598716791e-01 2.775217216006721777e-01 3.196890027974456649e-01 2.547414680462823378e-01 2.848521016125879490e-01 2.755571890141536584e-01 2.686162943282207616e-01 2.572988018782996211e-01 2.018983085983718784e-01 2.098884900481177151e-01 1.904911426223399040e-01 2.080126014626801911e-01 2.102651638016747593e-01 2.288267389193597290e-01 1.670134996665499916e-01 1.926628796426415879e-01 1.932316212647150200e-01 2.228019692186832268e-01 2.262239428080283776e-01 1.423935464228402448e-01 1.551940686450319351e-01 2.201428362196687916e-01 2.388013923521632165e-01 2.667695564647636908e-01 2.309077510697269964e-01 1.991666970184348684e-01 2.112586473132463949e-01 1.878588693293606893e-01 1.824376843130635639e-01 2.162750002299778096e-01 2.253430622910738423e-01 1.967903935137871041e-01 2.134503182527955900e-01 1.944663089947566703e-01 1.878047556486600600e-01 2.173561223685134824e-01 2.468753229857233444e-01 2.380929022568253062e-01 1.640178761646850780e-01 1.949009944503622138e-01 2.328825118668284844e-01 2.008212226504302311e-01 1.935169824093386504e-01 2.057742395706404770e-01 2.142417729574624674e-01 2.435004318713740457e-01 2.315124830348035401e-01 2.496115523511283629e-01 2.245065322770459504e-01 2.429879465341104883e-01 2.197016454921438822e-01 2.376718833159381927e-01 2.137536106061072028e-01 2.237858801886144777e-01 2.129710952438692295e-01 2.027467563868798894e-01 2.125269335751192590e-01 2.064958233701961465e-01 1.905803576111983200e-01 1.807895526665939667e-01 1.781958653247958380e-01 1.870322612898743797e-01 1.626561408055398616e-01 1.731357682262035791e-01 1.468203673081893701e-01 1.715211836775024923e-01 1.546562248046650656e-01 1.728646310658006890e-01 1.562044772774746626e-01 1.755522684742240602e-01 1.537806757260940793e-01 1.600368622206261027e-01 1.593893462513825410e-01 1.683487420705623572e-01 1.748629862506622945e-01 1.768731012704148342e-01 1.852697107716999581e-01 1.717201882762873499e-01 1.716831438447417868e-01 1.729155396988484861e-01 1.795767307773539490e-01 1.728783050948791700e-01 1.842193873523842174e-01 1.768874212397118784e-01
1.652726194654807745e-01 1.565153293965794445e-01 1.000000000000000000e+00 2.431026974236510652e-01 2.291789123511404347e-01 2.595531103087070357e-01 3.696116401875429447e-01 3.082628310525166171e-01 3.866896141866579817e-01 3.729417294593379562e-01 3.975137629708635489e-01 3.520610149335444694e-01 3.056001663369439236e-01 2.803895018475160983e-01 3.729217126822610973e-01 3.614969916912862402e-01 4.111763223004095136e-01 4.253694243468902902e-01 4.461638039005179079e-01 3.877149953439252283e-01 4.537212428415973164e-01 4.486364856467459084e-01 4.184465333089629202e-01 4.287244901423095111e-01 4.286481655379693056e-01 4.564207312084812562e-01 4.322119879291816957e-01 4.195999543350106276e-01 4.146626345975234496e-01 4.103212813228888090e-01 4.410516647031598736e-01 4.413217127511862015e-01 4.241063632265845151e-01 4.261803768293309647e-01 4.305323687395007370e-01 4.454838124956476131e-01 4.368566718615132793e-01 4.206097728654883405e-01 4.209973697997904107e-01 4.192567059218625936e-01 4.182576771936072912e-01 4.120982945309572543e-01 4.190655076163891102e-01 4.186183579455645676e-01 4.341136542763038286e-01 4.036734004366394069e-01 3.861793486751489146e-01 3.971678445445430694e-01 3.971709183777924479e-01 4.102602487369801931e-01 4.287072037989221318e-01 3.960736909848772691e-01 3.799422499226264849e-01 4.095871229215838905e-01 4.136352096837214165e-01 4.291406294424158219e-01 4.122418998293299608e-01 4.058318497503795586e-01 4.118159366018392387e-01 3.996845770445586199e-01 3.989563367795385673e-01 4.012356733917333274e-01 4.104280069139111808e-01 3.944897617678331803e-01 4.190162445653978773e-01 4.076590919092929477e-01 3.966379346607439849e-01 4.279413873504964716e-01 4.221312901360640413e-01 4.328112967341111172e-01 4.258626455132640820e-01 4.288585039242581165e-01 4.281719729363727134e-01 4.278218444426323264e-01 4.122034597064864747e-01 4.069602013234364657e-01 4.067127529104592742e-01 4.115102288512200168e-01 4.187265708234208517e-01 4.156792745407118517e-01 4.166490571321116998e-01 4.178852251666994033e-01 4.064403183452533486e-01 4.117061368907004026e-01 4.045930664864725856e-01 4.182382420969736891e-01 4.167441030811735447e-01 3.959134039297277918e-01 4.005568647810470728e-01 4.105569596871019300e-01 3.936988793555994404e-01 3.963953325168490527e-01 4.011910448721124345e-01 4.024185175984839047e-01 3.777835968312613368e-01 3.853537025103546676e-01 3.809033497926139211e-01 3.892341694812614383e-01 3.822785838109167833e-01 3.903269024109088381e-01 3.844452080760062951e-01 3.970721018705596905e-01 3.778199572800765571e-01 3.890174221644367991e-01 4.021124714349321172e-01 3.904149044486067144e-01 3.855531591712468287e-01 3.929050281589561711e-01 3.989024645228481658e-01 3.861874356502491556e-01 3.906280336594913360e-01 3.899600671951908293e-01 3.875959599968266667e-01 3.916002300787030932e-01 4.042851548016460628e-01 3.940977057906166481e-01
-1.917086845025632869e-01 -3.466149365077606653e-02 2.431026974236510652e-01 1.000000000000000000e+00 3.406849465942186628e-01 4.271248015027284128e-01 5.354639633006319510e-01 5.594604942595985397e-01 3.580966232378765546e-01 3.774875616067684958e-01 5.221739224476686925e-01 6.701436455463172237e-01 5.697353448320177094e-01 4.356150789318833372e-01 5.877240212259104979e-01 5.969962616207129535e-01 3.895367982373756366e-01 1.680019804767838021e-01 3.003848985177197117e-01 1.077610204332487970e-01 3.161619445623727320e-01 3.880729396400450781e-01 1.728215087153870122e-01 2.210656709622189631e-01 2.948658199402274804e-01 3.933653928768209851e-01 4.541729059816658198e-01 3.197787369824436343e-01 2.457138396625844490e-01 3.081752169039342348e-01 3.054276729180477878e-01 3.273466463494535961e-01 2.398332616136370499e-01 3.488115971432348972e-01 2.971606789575284013e-01 3.952945630287438283e-01 3.613527584258007797e-01 4.249335560848556681e-01 4.322334243429617473e-01 4.469018598042190926e-01 5.315768180342960170e-01 5.233203960757394357e-01 5.605848660719228160e-01 5.363985313878771866e-01 5.135567835699038630e-01 4.981287202835789629e-01 5.636385584658732961e-01 5.434296724393049560e-01 5.449160877335277320e-01 4.802216686205783014e-01 5.098591305023157938e-01 5.787412792350148383e-01 5.835714148755916097e-01 5.133756269750495704e-01 4.982214643343899074e-01 4.498671834657427815e-01 4.972057261501002801e-01 5.450284665829011610e-01 5.257711036458193599e-01 5.626209322364110754e-01 5.642808245032802095e-01 5.354039614954909654e-01 5.244278540231845920e-01 5.441707843887108043e-01 5.120045655844992494e-01 5.470138372588267961e-01 5.448996935467146363e-01 4.941754935344953581e-01 4.592859868385988364e-01 4.755826557508960883e-01 5.692062073067105654e-01 5.236206543967942828e-01 4.677243355860847829e-01 5.040946030998879612e-01 5.626837823344049694e-01 5.413263817264525324e-01 5.289500714296958561e-01 4.791616118974469374e-01 5.157347672187299059e-01 4.854443062892994654e-01 5.061012680145349218e-01 4.993258372411704671e-01 5.163981369745490602e-01 4.875341704017770450e-01 5.028599176835165663e-01 4.889100899170990000e-01 5.280945614411386435e-01 5.432296032850936207e-01 5.302764482611328489e-01 5.340823110754413516e-01 5.561046661218534970e-01 5.659013585642377331e-01 5.742597553199815241e-01 5.629383881090397335e-01 5.751755862760498106e-01 5.702633592121615358e-01 5.895626246983384222e-01 5.602726059624135724e-01 5.820160966156838755e-01 5.694796560506028005e-01 5.985770143809788779e-01 5.700801203556267183e-01 5.942024158097241049e-01 5.889359725699174763e-01 5.863342278486061154e-01 5.773171423137536395e-01 5.675199702709979865e-01 5.658428722052140092e-01 5.601443233373395447e-01 5.748550377430758918e-01 5.720263859841401288e-01 5.756170209877008448e-01 5.676364816084943365e-01 5.731562967973231615e-01 5.595998784931006664e-01 5.772097486677921774e-01
-3.600392719251854778e-02 6.048086347214828851e-02 2.291789123511404347e-01 3.406849465942186628e-01 1.000000000000000000e+00 3.252588503381316221e-01 4.505881083297091916e-01 4.387233424368434664e-01 4.103892609351618148e-01 4.116290618659318445e-01 4.631286286512106831e-01 5.137777882356705517e-01 4.807178502662436403e-01 3.594056297821059953e-01 5.044871741323971870e-01 4.949470898052257262e-01 4.331614790998397080e-01 2.977435133468137596e-01 3.756598355367277153e-01 2.780863356255700580e-01 3.723343423567908594e-01 3.925471733490273341e-01 3.110767866054954256e-01 3.297940226670974528e-01 3.521638463470028735e-01 4.184077643981964911e-01 4.545086974856609729e-01 3.571460998063579750e-01 3.216985762106125413e-01 3.766465263017154119e-01 3.709555081552489142e-01 4.071542634358089052e-01 3.407142482706997377e-01 4.063317478254177550e-01 3.845009002829434808e-01 4.333686654251486803e-01 4.110511953587145384e-01 4.352432415733847315e-01 4.464620575418221105e-01 4.175738886932364724e-01 4.860410382501415549e-01 4.819342197002688399e-01 4.899522127657021664e-01 4.995811735401880505e-01 4.819149633962697132e-01 4.726695251147376431e-01 5.107333137188729832e-01 5.056006263567363046e-01 5.027769613571516638e-01 4.745001688683171404e-01 4.901143187023005998e-01 5.068782917475617156e-01 5.085022561743406389e-01 5.012832315201206645e-01 4.932641966139585388e-01 4.687461019575373533e-01 4.866650736846312442e-01 5.028130672942371371e-01 4.976857462847935620e-01 5.207120363572269595e-01 5.174865313700990344e-01 5.047636097864831584e-01 5.015462447943187518e-01 5.102485441908528596e-01 4.993353471314374015e-01 5.117730231586635758e-01 5.078527279782444337e-01 4.881695948968349241e-01 4.769477874613153312e-01 4.893369010010482634e-01 5.056142965251914090e-01 4.920831816652043722e-01 4.792101681883054187e-01 4.827792845232863894e-01 5.081159779351852590e-01 4.995827983332498112e-01 4.865029605624487941e-01 4.672954333484579115e-01 4.761704309887495046e-01 4.792110819857950954e-01 4.840982447160918078e-01 4.792150357946614592e-01 4.852986765280045689e-01 4.766874394249514535e-01 4.864940590120346853e-01 4.839423147736632846e-01 4.899714898103185723e-01 4.932266372716433978e-01 4.873752512674954240e-01 4.905975701396850241e-01 4.861206542558005883e-01 5.063425650044293125e-01 5.073198419440431151e-01 5.023264261677020670e-01 5.125198471084624341e-01 5.126494536891517129e-01 5.096600265560795595e-01 5.063336044028846628e-01 5.160272753936607781e-01 5.087739923541455545e-01 5.154038998514951508e-01 5.080768430378448386e-01 5.185714193717889664e-01 5.189514214673255355e-01 5.140167939055206858e-01 5.101872921934886840e-01 5.118802708159986281e-01 5.135816221122425640e-01 5.096734391405007836e-01 5.125815480772919486e-01 5.096568931232561273e-01 5.176349934434486544e-01 5.112247739846114136e-01 5.142448394187230098e-01 5.110525471300446654e-01 5.159716168213406284e-01
-4.653143507390294226e-02 8.060626307896517906e-02 2.595531103087070357e-01 4.271248015027284128e-01 3.252588503381316221e-01 1.000000000000000000e+00 5.741270613347730922e-01 5.280474767671762271e-01 5.146969195104250661e-01 4.798328831102500747e-01 5.784931562138588834e-01 6.179609875022319398e-01 5.721767836809126262e-01 4.887905266096399526e-01 6.303538623030656707e-01 6.041362662578366738e-01 5.422731836354172108e-01 3.770299723959900096e-01 4.764046320399842882e-01 3.185716578820346201e-01 4.401705244994052468e-01 4.883470532093039385e-01 3.966615842554344629e-01 4.049311561260920955e-01 4.391650302104723180e-01 5.373614713054714054e-01 5.780419690638511909e-01 5.075663918615227477e-01 4.613780198906852203e-01 5.070312135127713615e-01 5.152291570659297548e-01 5.225723228244838481e-01 4.732324123959286144e-01 5.221097808363220905e-01 4.911252024770211833e-01 5.418029158543778978e-01 5.348159269591984399e-01 5.825608284777169521e-01 5.835818672905751514e-01 5.721605287985962462e-01 6.148876058317302995e-01 6.163430343499608499e-01 6.113169403019611536e-01 6.254181870448208835e-01 6.150744576100685146e-01 6.125081798437652658e-01 6.341480417159710559e-01 6.306774669736660011e-01 6.296654817955070760e-01 5.997360921827648017e-01 6.149041353980013724e-01 6.241055700677314855e-01 6.253944012131227304e-01 6.178371429292534023e-01 6.113405334872472618e-01 5.920349251479952724e-01 6.054650197731266115e-01 6.243974880155109819e-01 6.191602189869561679e-01 6.321240496838389511e-01 6.389176097848998648e-01 6.239372585474426414e-01 6.232859332370145333e-01 6.265978408390113774e-01 6.178778752213432979e-01 6.339524845994817248e-01 6.310878364253674766e-01 6.116784171805125236e-01 5.999912511642375712e-01 5.965033203278140572e-01 6.301805412103821391e-01 6.214537464912938125e-01 5.969098334597975342e-01 6.032493061455970196e-01 6.350396650234220175e-01 6.303250633800842051e-01 6.324390343813601767e-01 6.109199448116274800e-01 6.205014207531607262e-01 6.056108040143927118e-01 6.174928652895889103e-01 6.157328401121799910e-01 6.222523486401777548e-01 6.128146070793458744e-01 6.179905336494341261e-01 6.090261183526893829e-01 6.246588956740771748e-01 6.338679730629496190e-01 6.297007231294901031e-01 6.228124503236783793e-01 6.363392083941864508e-01 6.390487006372299605e-01 6.398383126790863074e-01 6.368190777915826439e-01 6.391244311466584005e-01 6.397918253972434410e-01 6.308781330325934356e-01 6.318958909872152141e-01 6.402128704471446996e-01 6.374431926422080563e-01 6.418014018187681025e-01 6.375811785756974048e-01 6.426706080621267247e-01 6.434953573929538262e-01 6.377730439215759661e-01 6.343385715145256620e-01 6.385548271765193462e-01 6.394435812317424972e-01 6.373414923848248481e-01 6.397036311560082567e-01 6.393070355399246285e-01 6.410894999021913288e-01 6.365010588328375851e-01 6.381958975822523694e-01 6.339404451153661801e-01 6.397648768262261809e-01
8.942833317167083254e-03 1.961708732934339394e-01 3.696116401875429447e-01 5.354639633006319510e-01 4.505881083297091916e-01 5.741270613347730922e-01 1.000000000000000000e+00 7.189480808433560410e-01 7.007514370664698067e-01 6.943178395443633244e-01 7.851500466905682041e-01 8.044696762082674812e-01 7.333978164878945938e-01 6.369657901927161525e-01 8.686332775975637022e-01 8.312377863597084637e-01 7.260544503854011733e-01 5.344479303809529513e-01 6.438401298296323461e-01 4.503197859492944488e-01 6.026454637346053689e-01 6.754758493761081617e-01 5.613370270097652881e-01 5.567532060614874823e-01 5.975303184421534297e-01 7.722745647520899981e-01 7.885447156655454037e-01 7.472483846857609358e-01 6.847766522562930280e-01 7.047448789978075778e-01 7.284264701137479481e-01 7.186135615033666380e-01 6.905933512016693143e-01 7.127959821358862413e-01 6.912345402673550909e-01 7.455107195713174262e-01 7.335343656879840246e-01 8.237550538666696953e-01 8.141461117408638204e-01 8.150884880033036906e-01 8.274231023034850363e-01 8.459129565214109636e-01 8.373995360970365454e-01 8.481251659277044830e-01 8.280751152970294848e-01 8.458778441715659735e-01 8.331991063863268820e-01 8.296927191593768125e-01 8.333705044584106547e-01 8.082828036765085100e-01 8.389596574884823355e-01 8.115342579058182348e-01 8.252933515759146577e-01 8.267049685915215385e-01 8.273586729967787878e-01 8.099524407005423976e-01 8.153441825128163734e-01 8.337359608826602209e-01 8.330271378048732522e-01 8.403210855548080005e-01 8.411504722271848644e-01 8.386866807932075174e-01 8.324306501857365870e-01 8.397617038982141402e-01 8.244793275737629656e-01 8.334143548776089538e-01 8.301119154715994597e-01 8.128950305666459153e-01 8.023377877786964651e-01 7.923457353840375195e-01 8.272189664305680257e-01 8.237644175081891840e-01 7.938681633490769496e-01 8.018636033247693584e-01 8.495253864594153326e-01 8.458749261651211659e-01 8.517540701076897758e-01 8.319232799422423552e-01 8.434652373895297206e-01 8.139450488580917131e-01 8.254236577614464387e-01 8.307392032702626272e-01 8.354389883563427821e-01 8.281751541741230183e-01 8.218518912350984973e-01 8.124094121271251412e-01 8.341553249465437636e-01 8.518079810662662066e-01 8.458178077021831776e-01 8.429170958526385204e-01 8.575583363260091962e-01 8.481966171610394456e-01 8.440747755320987533e-01 8.504202473100559434e-01 8.386129347493957997e-01 8.392940040899631304e-01 8.352814041342511153e-01 8.285621148457995577e-01 8.355776233040498324e-01 8.453275848921434354e-01 8.481003640581759040e-01 8.421039336506908057e-01 8.370666730125458921e-01 8.454478526134229233e-01 8.373501863979696536e-01 8.322292725442999028e-01 8.399519516383111561e-01 8.425135780258168339e-01 8.434439247438449971e-01 8.389885637409828512e-01 8.437891482247366071e-01 8.423441275457419497e-01 8.419332893233467674e-01 8.443242843879525950e-01 8.392026732914538156e-01 8.372080761515604541e-01
-4.970731669410687753e-02 7.773427971476072618e-02 3.082628310525166171e-01 5.594604942595985397e-01 4.387233424368434664e-01 5.280474767671762271e-01 7.189480808433560410e-01 1.000000000000000000e+00 5.943313146638220523e-01 5.817030809919927492e-01 6.988423063470047270e-01 7.578371874241830453e-01 6.780393567611729955e-01 5.635263986060402575e-01 7.709667743958120711e-01 7.635131292887886723e-01 6.274596098459243043e-01 4.370998854195591310e-01 5.539072557984732192e-01 3.571519284835881214e-01 5.189581841515928939e-01 6.031199508115375751e-01 4.502357339385930080e-01 4.666831831611842341e-01 5.322290706401396898e-01 6.548102174860969127e-01 6.886233451474494949e-01 5.982738092194124224e-01 5.270003997654281180e-01 5.567582635266973279e-01 5.825368309020031443e-01 6.028108658377340223e-01 5.425699248716133738e-01 5.982882438543454251e-01 5.688061317104412540e-01 6.370114668064404961e-01 6.144413003225689396e-01 6.955250177265354106e-01 6.835409965074937810e-01 6.980394452487092005e-01 7.384665060470536613e-01 7.433026672189227968e-01 7.589003260932222217e-01 7.535396972629665457e-01 7.335006997933616324e-01 7.303988880176383036e-01 7.521953692841487626e-01 7.477050733794684545e-01 7.479471254172690431e-01 7.144736015067897350e-01 7.438977637588582992e-01 7.504896582358215884e-01 7.471291912282506109e-01 7.337183421981439135e-01 7.312229482804923908e-01 7.041043742459605070e-01 7.251101944220454953e-01 7.534134151678585356e-01 7.483319876514155089e-01 7.532741563413136721e-01 7.621470233124514326e-01 7.435280258430205791e-01 7.407678103702818317e-01 7.456576767420313168e-01 7.292445165491119319e-01 7.457653224421908478e-01 7.429290264448843439e-01 7.203242757991347167e-01 6.974087728848915591e-01 6.985946562507340252e-01 7.502434224166795174e-01 7.381662514775891859e-01 6.969374890985036153e-01 7.190514033110482206e-01 7.600720257015829429e-01 7.474002866459494854e-01 7.470278895991623314e-01 7.118340537325461570e-01 7.348937082717305058e-01 7.062731735922233023e-01 7.251482492396716939e-01 7.218678389432237053e-01 7.356945891836951246e-01 7.194113597846395480e-01 7.279246878453402569e-01 7.130792975082048679e-01 7.350304190111693892e-01 7.543895414377621567e-01 7.452628308366343601e-01 7.526994697358578845e-01 7.598986023440668092e-01 7.618761531973133883e-01 7.606004795481081660e-01 7.589165104110622284e-01 7.570505213606809614e-01 7.561145955571660915e-01 7.749930455530720241e-01 7.557884942181247734e-01 7.638339203558615065e-01 7.660180460150873838e-01 7.767844838869081281e-01 7.651382405853852653e-01 7.644500301468866166e-01 7.688669259416364143e-01 7.641773232952951966e-01 7.601624124778287861e-01 7.575270877107790346e-01 7.577737523141071518e-01 7.600471099499539473e-01 7.596651520967880877e-01 7.649781589705307860e-01 7.610826936800325626e-01 7.585261427409965007e-01 7.625782775573360928e-01 7.533756013164067955e-01 7.599068596909821505e-01
2.427706285222847316e-01 2.852619456404343334e-01 3.866896141866579817e-01 3.580966232378765546e-01 4.103892609351618148e-01 5.146969195104250661e-01 7.007514370664698067e-01 5.943313146638220523e-01 1.000000000000000000e+00 7.698813397519593815e-01 7.755918540063418964e-01 7.051665694794910788e-01 6.538763883383541531e-01 5.958901665188235386e-01 7.806193735953445012e-01 7.571888733632564650e-01 8.247136533752068566e-01 7.194514109784353462e-01 7.716779073578746706e-01 6.764143595837200929e-01 6.968052054041955490e-01 7.369507127482942677e-01 7.922143981921659917e-01 7.457063232297538313e-01 7.459016730132757012e-01 8.396377887419312902e-01 8.482213126832637284e-01 8.306313632788239198e-01 7.866553333449967100e-01 8.376888730239221426e-01 8.504111785727159756e-01 8.632106750045590582e-01 8.258515667320820430e-01 8.361922703529650613e-01 8.483117123900169032e-01 8.325137250325425065e-01 8.571981099301420048e-01 8.492509943531870720e-01 8.599843001074436444e-01 8.237064705367467266e-01 8.523599981234627476e-01 8.406184489229343582e-01 8.072860998406100608e-01 8.477946175489230463e-01 8.520245114663912434e-01 8.407409996530911256e-01 8.359416410851057133e-01 8.580677516673893557e-01 8.498456568318432103e-01 8.317709259075463102e-01 8.512184272864811163e-01 7.856258028339174748e-01 8.114916970164429699e-01 8.691033466608467650e-01 8.711654428721735677e-01 8.811039563437614852e-01 8.531989631618842607e-01 8.489064590884157768e-01 8.531315059270438983e-01 8.518567685355736829e-01 8.402207409319293330e-01 8.570245142103570801e-01 8.496089125904116024e-01 8.385014779205661739e-01 8.683080008009770312e-01 8.569407532890640500e-01 8.536551288835002582e-01 8.673590529695732743e-01 8.821172344116169350e-01 8.665989835492633464e-01 8.214822810526928309e-01 8.561904678370247934e-01 8.669716935667167723e-01 8.554260911065858508e-01 8.522100013109167316e-01 8.580176880482759394e-01 8.562315076230465616e-01 8.652538672147955801e-01 8.590546431144653328e-01 8.785732417152852802e-01 8.711529183853283786e-01 8.756420573433556509e-01 8.624580706983845380e-01 8.738627236043703395e-01 8.581687315494587187e-01 8.670821097068270866e-01 8.619826100184655449e-01 8.456403309402217294e-01 8.549017148615568606e-01 8.504973085867758575e-01 8.371623979121104453e-01 8.433035407644018377e-01 8.411961856770010515e-01 8.443543628860572525e-01 8.336395571275662109e-01 8.402888448545511313e-01 7.972404703951629923e-01 8.211739493331318140e-01 8.250080917358382226e-01 8.300389950096541680e-01 8.146663550285824229e-01 8.319532457886666954e-01 8.224586182309556737e-01 8.279994008730383603e-01 8.286651535979456806e-01 8.253756585697142878e-01 8.408934665698715172e-01 8.444218717439961885e-01 8.461995900810689308e-01 8.382425184663911955e-01 8.372548018850286544e-01 8.411612370310046494e-01 8.407752714806743244e-01 8.325550454459849092e-01 8.488048946143910145e-01 8.385720966592993264e-01
1.688881491942684498e-01 2.499310915780756925e-01 3.729417294593379562e-01 3.774875616067684958e-01 4.116290618659318445e-01 4.798328831102500747e-01 6.943178395443633244e-01 5.817030809919927492e-01 7.698813397519593815e-01 1.000000000000000000e+00 7.334735326801006261e-01 6.973222904910600928e-01 6.554971342757134334e-01 5.884745615878608227e-01 7.719850198839092181e-01 7.477239704344610383e-01 7.574481941730196732e-01 6.275174999870023473e-01 6.818940300433186108e-01 5.701697543331581963e-01 6.283191408398790534e-01 6.630513679219861567e-01 6.980370199693762823e-01 6.557062448047216163e-01 6.559960847888964830e-01 7.842702188807501029e-01 7.951925203431206013e-01 7.760003508152182317e-01 7.250988718900192032e-01 7.739096224855590567e-01 7.847426052170102251e-01 7.867526039447095831e-01 7.531226302819414853e-01 7.674234390706619058e-01 7.842047164328063147e-01 7.631809466256324059e-01 7.902732708972927123e-01 8.067768490235904810e-01 8.114709189371198672e-01 7.845860345097296351e-01 8.172921079703389102e-01 8.106500565199078467e-01 7.794711802649882948e-01 8.130767458702377048e-01 8.080912123225586496e-01 8.082772226355496858e-01 8.130524830409574522e-01 8.227555544459118630e-01 8.162748835445144957e-01 7.849091906297555044e-01 8.138648760622337885e-01 7.551694349651129068e-01 7.920430871556644048e-01 8.297258204250064217e-01 8.311676229898651291e-01 8.324526572557574555e-01 8.049877997636525340e-01 8.161521189023258627e-01 8.173602746649047956e-01 8.174803240971769691e-01 8.094743825495951395e-01 8.211056510701855160e-01 8.137868653521774798e-01 8.026780292251521898e-01 8.211089323775579984e-01 8.193350235993127617e-01 8.189234860372182068e-01 8.209438670423220286e-01 8.291048580801096968e-01 8.104023911908107003e-01 7.871716023301010834e-01 8.103945357616008094e-01 8.173064358226543868e-01 8.040620394908792878e-01 8.181366061495415343e-01 8.263791773381812256e-01 8.241405516121711461e-01 8.264496884898464568e-01 8.232803425626266103e-01 8.370061079897175293e-01 8.304586132765725548e-01 8.340446622540768074e-01 8.247163362018226085e-01 8.334141672824443292e-01 8.204482934388789284e-01 8.203482494579800166e-01 8.224276277192102969e-01 8.207219127383852397e-01 8.243454344887091167e-01 8.203511626533497303e-01 8.133107131055041794e-01 8.173671693170375674e-01 8.118857436327201471e-01 8.178455722068846967e-01 8.102555045274798529e-01 8.150048398066512823e-01 7.763835298021198872e-01 7.893149218468956674e-01 8.033500216789900561e-01 8.088884397639245494e-01 7.973598974333798717e-01 8.077041293520563769e-01 7.994781452647384823e-01 8.043647953318703303e-01 8.008725186615420766e-01 8.015287375044263252e-01 8.140041495941788829e-01 8.183936500923233437e-01 8.194559961091534284e-01 8.133781182206543114e-01 8.127563194006661718e-01 8.141124856119269504e-01 8.152432505717355227e-01 8.077211545879202648e-01 8.165003076900562151e-01 8.139936700168218797e-01
3.690987192590851340e-02 1.881063514119648283e-01 3.975137629708635489e-01 5.221739224476686925e-01 4.631286286512106831e-01 5.784931562138588834e-01 7.851500466905682041e-01 6.988423063470047270e-01 7.755918540063418964e-01 7.334735326801006261e-01 1.000000000000000000e+00 8.311445922827301880e-01 7.533089934150082323e-01 6.411155314120132731e-01 8.601462945215050393e-01 8.414183723419097483e-01 8.018838990935274191e-01 6.506816378856777883e-01 7.387954684136019967e-01 5.730888907283959721e-01 7.063542695281200823e-01 7.578766097915338174e-01 6.835938246495822934e-01 6.807892495005806177e-01 7.061991841224705135e-01 8.249319046518901466e-01 8.511656808218039938e-01 7.781008601439522998e-01 7.241735591456304189e-01 7.833664328884943906e-01 8.048719121909829743e-01 8.161142057851286102e-01 7.474958826829314340e-01 8.007961075616080171e-01 7.774445084986391086e-01 8.334806254032450790e-01 8.211610471408719025e-01 8.604057323253806455e-01 8.602607825085737403e-01 8.353955771195384905e-01 8.832214011519790020e-01 8.786619942923102888e-01 8.645385032916026447e-01 8.953595931528137708e-01 8.865565260935276415e-01 8.768532775318064187e-01 8.853528968103521191e-01 8.911029807237852429e-01 8.887010637076165898e-01 8.599626225721602735e-01 8.874279970986931332e-01 8.571331458134102688e-01 8.708554014581160185e-01 8.883760239568103678e-01 8.834902908837570790e-01 8.768532762965998151e-01 8.700774207795438642e-01 8.865115529991348664e-01 8.865023009752446281e-01 8.929142711792937837e-01 8.945499891834390871e-01 8.869066804036994656e-01 8.828491750627184276e-01 8.816084698006272369e-01 8.881011197984165495e-01 8.960087321011787065e-01 8.919436553913743237e-01 8.861234367985840743e-01 8.792904859515219274e-01 8.759916855578291361e-01 8.895006207971933865e-01 8.903143332264853438e-01 8.742196012313724340e-01 8.770268911686085467e-01 8.979126233972387627e-01 8.958201637834667386e-01 8.901726222306513003e-01 8.785356870567334608e-01 8.883012758737877101e-01 8.821641834001028304e-01 8.924771419678009243e-01 8.907925952914722556e-01 8.909054387678353448e-01 8.836286766915936175e-01 8.842939311801976121e-01 8.802621392082550233e-01 8.942195580655787346e-01 8.942755135252721255e-01 8.915108713505217608e-01 8.923899421088751227e-01 8.878856263560003237e-01 8.970623789754333943e-01 8.954032804402184409e-01 8.941320964396195503e-01 8.880348646601565754e-01 8.907048649467456114e-01 8.697324471106825383e-01 8.763269122271438727e-01 8.866755454806322101e-01 8.908617469656835430e-01 8.848501693911257071e-01 8.912584164374539597e-01 8.865832516283534970e-01 8.909144377915999558e-01 8.916617478964938837e-01 8.804734959042987974e-01 8.906724898349110964e-01 8.948866250871313488e-01 8.936425734297324119e-01 8.904997645070159562e-01 8.950413936669298076e-01 8.917581318168957827e-01 8.895603089729441360e-01 8.902922947005388332e-01 8.947614432026559372e-01 8.902414004826618710e-01
-1.091412276979368545e-01 7.785571509650343613e-02 3.520610149335444694e-01 6.701436455463172237e-01 5.137777882356705517e-01 6.179609875022319398e-01 8.044696762082674812e-01 7.578371874241830453e-01 7.051665694794910788e-01 6.973222904910600928e-01 8.311445922827301880e-01 1.000000000000000000e+00 8.294365493239735931e-01 6.768591877020859737e-01 9.035736151279962769e-01 8.888964271253053662e-01 7.446504402731949357e-01 4.812882554715136041e-01 6.228289733130261130e-01 4.034949511619394524e-01 6.002684904964156187e-01 6.730033427810645508e-01 5.140624746766075948e-01 5.339300270375753055e-01 5.913489070238270306e-01 7.389349208234297084e-01 8.033150550385661504e-01 6.733248252739175710e-01 5.866274218654018435e-01 6.702452476765747846e-01 6.813489214240616709e-01 6.973938333879166063e-01 6.117865918645067902e-01 7.049198989905209878e-01 6.606191111974788477e-01 7.476402844844810547e-01 7.301748502055953605e-01 7.956905582583200243e-01 8.015960986160501900e-01 7.926157777858364728e-01 8.754624222521977250e-01 8.686018731529909775e-01 8.708551007043532355e-01 8.837822670288006943e-01 8.613986005154985470e-01 8.540569564520609225e-01 9.057700550449261367e-01 8.946321559572965043e-01 8.943707554802683424e-01 8.299966354502427146e-01 8.662532428637734760e-01 8.854699976348163748e-01 9.033912086349460413e-01 8.769479437352547535e-01 8.617894498693152716e-01 8.214732095518770816e-01 8.553675457493248313e-01 8.914187143127189072e-01 8.799700494188329447e-01 9.065994507348467124e-01 9.067110829296326502e-01 8.919580388348743449e-01 8.803638957475669047e-01 8.928117680748786089e-01 8.725285248650592740e-01 8.979440643011570300e-01 8.958673468254465533e-01 8.538082768341636042e-01 8.295899771061181482e-01 8.353186101783681705e-01 8.935005600497126776e-01 8.723210178008204974e-01 8.309757801754961148e-01 8.503411095492190430e-01 9.033120635261441267e-01 8.924872520930183795e-01 8.830982065365828859e-01 8.411026634543549152e-01 8.679516654005330345e-01 8.505803896832160316e-01 8.660151024231271810e-01 8.621040283188922126e-01 8.734539693456755405e-01 8.546939971943348091e-01 8.608994459570642466e-01 8.477977258448509135e-01 8.813800394190896004e-01 8.933559638232414502e-01 8.853650204886717168e-01 8.793724976882283384e-01 9.002073000719492679e-01 9.079535128435509694e-01 9.104521188352604488e-01 9.056727565620302789e-01 9.168861483672092749e-01 9.136761076024808581e-01 9.033315541716091523e-01 8.933851828735418499e-01 9.149682166521757587e-01 9.067921415002854202e-01 9.203688093026819450e-01 9.067432584027234066e-01 9.200608576358565438e-01 9.202843803593050431e-01 9.125324713167145552e-01 9.077615294762511056e-01 9.104019974822772365e-01 9.106404430189206645e-01 9.056428373334121096e-01 9.142930083697968779e-01 9.107585624656557854e-01 9.164336064143242533e-01 9.107849512520752588e-01 9.110755996567477810e-01 9.049171087035349226e-01 9.150472137623528734e-01
-9.972476032638025178e-02 6.762171576721699717e-02 3.056001663369439236e-01 5.697353448320177094e-01 4.807178502662436403e-01 5.721767836809126262e-01 7.333978164878945938e-01 6.780393567611729955e-01 6.538763883383541531e-01 6.554971342757134334e-01 7.533089934150082323e-01 8.294365493239735931e-01 1.000000000000000000e+00 6.249312680265417530e-01 8.370022301711788071e-01 8.254532010335876580e-01 6.895786405422611454e-01 4.510008295601914963e-01 5.762077166173413811e-01 3.948129977880238117e-01 5.465426192172977427e-01 5.937297211616251458e-01 4.798814122239444813e-01 4.996313525571632885e-01 5.339880440817308394e-01 6.654516899147705500e-01 7.258595628113185816e-01 6.062135029041313405e-01 5.327873669235224652e-01 6.156889530369734631e-01 6.119716915520223566e-01 6.537135150494886027e-01 5.693212134825863524e-01 6.659075093138610013e-01 6.177842848983937651e-01 6.854816104406339372e-01 6.723493444363199956e-01 7.346443471712541529e-01 7.455902374777565456e-01 7.124982253793659126e-01 8.030790431374807969e-01 7.990942924385372459e-01 7.916416822409835241e-01 8.089377407233550032e-01 7.860073263188742665e-01 7.851465278562422823e-01 8.378971249812772193e-01 8.276004698679172433e-01 8.246902915553508961e-01 7.726694698328143707e-01 7.967087034594002581e-01 8.076524083106326746e-01 8.353529215683250797e-01 8.058701341560791098e-01 7.935682799049093017e-01 7.559633877116127554e-01 7.794944106708375786e-01 8.194857385154157292e-01 8.057531196691004594e-01 8.387606436324077652e-01 8.375519714342634092e-01 8.163493883895684977e-01 7.998229436564132655e-01 8.241217131772824445e-01 8.059282784966885771e-01 8.286013294901749537e-01 8.295119339955232540e-01 7.886332943112281946e-01 7.776272551640457387e-01 7.795016704486676939e-01 8.163254966749488029e-01 8.019579945314230240e-01 7.720097815058157842e-01 7.821334312200775019e-01 8.284030522334039359e-01 8.199689139159184181e-01 8.108637822357221969e-01 7.774972723436418542e-01 7.927252785110139310e-01 7.856658868926945649e-01 7.963099555916204331e-01 7.894859567593772720e-01 8.051329663044504148e-01 7.944971050411163693e-01 8.051228466966192654e-01 7.905971674537776162e-01 8.075848628355601910e-01 8.254757859546728582e-01 8.181061249433326799e-01 8.069175290605012929e-01 8.271393346865349994e-01 8.357754305410920459e-01 8.328853274460402689e-01 8.319091848249866583e-01 8.464821050084879728e-01 8.436581114810963733e-01 8.315803098364278334e-01 8.237180655007372287e-01 8.457735132231586350e-01 8.389194856707272718e-01 8.448723616293944971e-01 8.316211876111556656e-01 8.507627003092972373e-01 8.466983126565259532e-01 8.368493032369098694e-01 8.290507632107712022e-01 8.405343908935061226e-01 8.413730323785364451e-01 8.348903673192814567e-01 8.417025807478268895e-01 8.392822743082194448e-01 8.459621101988032965e-01 8.371073317081278997e-01 8.409796402636803281e-01 8.330004735677426497e-01 8.419152430818933608e-01
