1.000000000000000000e+00 2.034654915665876085e-01 1.444411298720148507e-01 -6.942478129303894518e-02 -3.523649881634566272e-02 9.382928675022828013e-03 4.947160237041136471e-02 3.784143289241349156e-02 2.796325177397144257e-01 8.688192213386751461e-02 3.494705830194337615e-02 -8.118233773669850280e-04 1.975510079185211106e-03 2.056106138813414141e-03 5.461328302809920036e-03 3.823794133163014447e-02 2.048786705697015487e-01 3.837223941975642094e-01 3.203305137982144779e-01 1.914783540192898370e-01 2.556660556509914306e-01 2.802636670977528000e-01 3.532281967317304483e-01 3.352458416537034136e-01 3.180012443929347565e-01 2.649222646657278246e-01 2.300231252372964830e-01 2.331094047388331536e-01 3.045365352193634134e-01 3.138504073547788709e-01 2.146512547720961228e-01 1.786566130943256225e-01 1.924845408085464615e-01 1.566511609588510379e-01 2.317204782375766325e-01 7.828634147027209444e-02 1.797578461006457962e-01 7.439929259024066766e-02 1.288873701190474674e-01 4.371577978778829615e-02 7.597631252718967110e-02 6.711552060357159344e-02 5.731473032997312644e-02 7.946883386187578169e-02 9.753963339684547373e-02 9.701775165559435588e-02 9.844387705015469198e-03 5.670349412506675568e-02 3.619692187462158345e-02 7.537289034318635228e-02 6.327821484185242040e-02 5.018889953143474553e-02 2.536047073382676625e-02 8.128320903596809865e-02 1.012407756670821724e-01 1.240679207612004897e-01 5.944987541226907923e-02 3.267265404416407060e-02 3.086325257075373321e-02 3.898532673629207662e-02 1.750012901955846564e-02 2.824912549749402160e-02 2.927072955151996392e-02 5.299540675349790481e-02 9.657146147523196222e-02 6.484044793715947053e-02 6.033315256453376796e-02 1.212017068473327103e-01 1.190538859051501058e-01 7.937841076233506654e-02 9.201195330789262161e-02 9.956762230760766996e-02 1.249267664594565092e-01 1.353289211600709474e-01 8.757364004074612296e-02 8.287605688351126765e-02 7.712626934114014121e-02 1.327143032967506298e-01 1.199897381292499982e-01 1.222222192298798582e-01 1.045573594644098187e-01 8.898450145860635485e-02 7.084121220904195104e-02 1.021764535375031535e-01 4.294265969587746090e-02 6.001354488101079410e-02 4.105739313689892728e-02 2.889308611380565078e-02 4.377242254419915629e-02 6.740162748941128101e-02 2.566181836307884420e-02 3.518193777193872468e-02 4.421910089027616259e-02 4.540139899112097255e-02 4.530411969366842685e-03 2.928974729936000693e-02 -6.300949755659880289e-03 3.503430331759131017e-02 3.704092422691810348e-03 1.491984673276918784e-02 2.022346098845399787e-02 1.006079401882353959e-02 1.399078707737373348e-02 9.529068771959406034e-03 7.578593323271743364e-03 2.426018088758834929e-02 1.371359866861413326e-02 4.009336590603150563e-02 6.002623543733828088e-02 1.921540372915729253e-02 8.959943452300694888e-03 2.387017029909869331e-02 1.123416854445787559e-02 2.235481646604745715e-02 5.563797155029308328e-02 2.363492275040245116e-02
2.034654915665876085e-01 1.000000000000000000e+00 5.576636589973445884e-02 -5.634194964979189618e-02 5.004760666245629958e-02 6.071017496147607800e-02 1.433682284705098120e-01 6.712122060138316082e-02 2.218350460199982332e-01 2.536499257403024843e-01 9.350508817176021725e-02 6.814418515284811906e-02 1.421187049896657506e-01 1.084957147530819233e-01 1.505190278244415147e-01 1.236778821792870603e-01 1.480731546039945057e-01 1.718096335389507068e-01 1.467350143839903642e-01 2.894799969983971946e-02 1.126020054995746124e-02 9.188672815241047398e-02 2.028885959161828012e-01 1.581647008705058532e-01 1.632720497749504118e-01 1.961842213337569030e-01 1.665943074003956303e-01 2.137175576242111574e-01 2.519551194675025974e-01 2.519308949719490376e-01 2.287573392494677560e-01 1.632135330250880922e-01 1.845924731113590955e-01 1.384111527412113241e-01 2.243970487800886482e-01 6.705249186092006319e-02 1.668799241093826546e-01 1.366148769983493716e-01 1.620214556616341173e-01 8.640317751313604522e-02 1.460128287989800044e-01 1.453720968617777665e-01 1.217957608306574069e-01 1.336792674958777183e-01 1.300964790399511684e-01 1.786420760269062102e-01 1.349430680832162388e-01 1.704616032803920600e-01 1.340553754145362153e-01 9.344437530302696082e-02 1.146207992666343767e-01 5.675935204857882055e-02 1.123128838768178289e-01 1.810438039850371106e-01 1.741134712101811144e-01 1.832967837949277812e-01 1.165122201013677333e-01 1.375910033781855279e-01 1.341008548856743310e-01 1.493191756808416870e-01 1.390284878752980069e-01 1.480471529339930092e-01 1.416394485926980584e-01 1.402121761639451014e-01 1.390502240859979033e-01 1.448218068281836302e-01 1.626992256987535579e-01 1.696672066833748993e-01 1.749126577455892007e-01 1.137826104721025022e-01 1.274131963066420514e-01 1.541857981440182268e-01 1.722981075841574783e-01 1.652697334570916166e-01 1.719212908091035386e-01 1.598608966232481221e-01 1.783978900833576575e-01 2.054377169721317287e-01 2.093495916844701765e-01 2.017884980720489885e-01 1.790289167977636153e-01 1.887749023845943230e-01 1.389826122975164890e-01 2.049784823818014690e-01 1.402837213245349823e-01 1.454907693513477762e-01 1.409387129437396913e-01 1.533372675514966255e-01 1.582158870992357858e-01 1.595869233089333150e-01 1.371385869277721159e-01 1.410586392854851767e-01 1.425918599076661519e-01 1.613511405643305308e-01 1.483977323172739893e-01 1.583418174053309868e-01 9.428152058530463175e-02 1.198948772002579183e-01 1.303527396481468370e-01 1.234017984040102212e-01 1.304518282171741317e-01 1.273149485655352686e-01 1.314352996084643677e-01 1.264790558436645340e-01 1.146253671831097137e-01 1.329782282595077247e-01 1.403358444904140856e-01 1.689182381737962813e-01 1.636446506457290284e-01 1.338518228493011109e-01 1.302551945564886238e-01 1.505332129269755792e-01 1.428964338621308283e-01 1.412113743604947180e-01 1.355673082323853584e-01 1.423523335862273698e-01
1.444411298720148507e-01 5.576636589973445884e-02 1.000000000000000000e+00 3.315963125478165741e-01 1.652828280228339775e-01 2.333489695923187113e-01 3.313950644405176393e-01 3.539204489171798307e-01 3.754711780139838306e-01 2.940006044013974140e-01 3.680525435575985327e-01 3.836713707146889307e-01 3.449757749428046250e-01 3.025001386113840840e-01 3.599680703763427636e-01 3.770250902024618322e-01 3.756131591103794576e-01 3.870532761966891666e-01 3.927507712259309947e-01 3.883098392887898154e-01 4.172233385228277802e-01 4.221603957770266868e-01 3.739245639511332708e-01 3.792833643387246156e-01 3.897934907466822363e-01 4.197189232698386729e-01 4.164521358274435037e-01 3.969803981205978216e-01 3.774226357902529805e-01 3.832675970978852709e-01 3.960945258547335368e-01 4.109169191247221131e-01 3.967378399565140157e-01 4.151210624485192069e-01 3.982164545441804204e-01 4.059321841020035460e-01 4.169867779401489338e-01 4.132611071898722455e-01 4.130408208678243986e-01 4.019070585613720992e-01 4.070753358945746192e-01 4.052080884776886327e-01 3.946477708807897833e-01 4.148811506121875547e-01 4.171423385600432354e-01 3.968671060814821794e-01 3.875230316695161270e-01 3.857726330598960085e-01 3.932653852645087711e-01 4.155840059665506514e-01 4.088174144326798820e-01 4.010730757131073521e-01 3.960261009200943816e-01 3.852773956631235786e-01 3.984369641215010360e-01 4.083930968220432778e-01 3.974371728507191115e-01 3.930908622626670956e-01 3.888855407204359071e-01 3.879534569328751403e-01 3.829686744925521191e-01 3.827398977583271189e-01 3.891355729654060736e-01 3.941820575317876996e-01 3.905760094180602549e-01 3.957025727142488569e-01 3.914182913617579307e-01 4.044232554401991919e-01 4.037869861882046330e-01 4.180567852057811007e-01 4.169981444489383460e-01 4.063690881731795157e-01 3.965310243337810681e-01 4.041918921921136554e-01 4.026510475872587258e-01 4.040108575107239641e-01 3.920254290916194706e-01 3.942247551844174636e-01 3.879190474857135418e-01 3.953195994134950930e-01 3.980065546171289159e-01 3.903384736377507047e-01 4.033195508762109083e-01 3.903673426000777713e-01 4.017861080777574978e-01 4.029991489851787456e-01 3.961983740091786221e-01 3.943724760379873628e-01 3.920851805510393029e-01 4.000407236083038387e-01 3.968014947840892703e-01 3.961852880149445144e-01 3.966241569478431983e-01 3.925143757301377545e-01 3.799799858750383397e-01 3.843793140642532968e-01 4.022819747395205425e-01 3.956384916606319746e-01 3.866431486709085430e-01 3.996186111444516298e-01 3.945495392339063434e-01 3.914001617701629021e-01 3.870736641398246913e-01 3.917400931345000337e-01 3.925962576468215448e-01 3.865562841216867440e-01 3.880393267844771676e-01 3.851297518405809028e-01 3.958032968802634444e-01 3.891970044045298671e-01 3.901327657152957040e-01 3.807071416321600732e-01 3.826110994246393338e-01 3.856943199793222421e-01 3.915680681168339783e-01 3.852840042422715494e-01
-6.942478129303894518e-02 -5.634194964979189618e-02 3.315963125478165741e-01 1.000000000000000000e+00 3.247579637448451129e-01 3.707295230884384840e-01 5.089415573388369474e-01 5.096832266060690175e-01 4.303364575793470759e-01 4.037095192406437438e-01 5.672892354158611816e-01 6.376383297650024540e-01 5.225422665208887540e-01 4.499309084188597985e-01 5.525699243333364041e-01 5.752504039243980793e-01 4.970846362716780931e-01 3.451338595854573921e-01 4.397075477496715790e-01 5.138869628559475933e-01 5.299693827550158165e-01 5.209143672897569299e-01 3.815843869253994769e-01 3.915689853789514618e-01 4.255679093750540098e-01 4.639606539250332728e-01 4.981732382256777725e-01 4.596852273590985583e-01 4.035031022966562020e-01 3.859611867887572934e-01 4.723757460504868777e-01 5.184517988709613778e-01 4.626954367553369751e-01 5.348158132797256048e-01 4.457256414656211030e-01 5.802446452480302108e-01 5.282896449774461267e-01 5.596678727669547326e-01 5.561367729830881679e-01 5.660046971064286447e-01 5.606233011465847627e-01 5.735032476249674049e-01 5.640620318014991641e-01 5.925795152297900215e-01 5.832128233342833701e-01 5.485113349275149153e-01 5.880942149259524854e-01 5.625889159303955056e-01 5.841041944035905153e-01 5.875008756757102990e-01 5.914056933548793582e-01 6.245164109362599802e-01 6.025978407178137486e-01 5.439204094650819110e-01 5.463102962371620963e-01 5.308860101980379387e-01 5.969607698499505011e-01 5.879719391183094723e-01 5.816477439573560781e-01 5.782225105907335960e-01 5.806978675051985839e-01 5.794285820623504835e-01 5.856743083949689233e-01 5.825766505085613334e-01 5.813071103716983545e-01 5.874507113226624666e-01 5.710468404870731041e-01 5.500681776003775170e-01 5.497178897671430864e-01 6.108302674746002303e-01 5.959871422162472676e-01 5.679363481572999861e-01 5.422194557409754090e-01 5.449299299971834820e-01 5.616132086498377696e-01 5.699865425381037687e-01 5.521394517663572588e-01 5.289017388382273310e-01 5.182769019163355750e-01 5.238924926250758674e-01 5.489829587910940445e-01 5.440664721191875719e-01 5.872922166379511699e-01 5.307701171405444507e-01 5.886515822661000374e-01 5.826626593948021071e-01 5.831942850399357559e-01 5.839042900075752662e-01 5.757795907482526898e-01 5.768153455362877713e-01 5.855834308501974839e-01 5.851536740496708910e-01 5.866208255155966889e-01 5.710975252535109847e-01 5.764963558052625947e-01 5.732175044365834804e-01 6.294881982971824996e-01 6.089793099577595070e-01 5.989614512948764347e-01 6.064485759024770273e-01 5.952394913348076910e-01 6.050078179996122296e-01 5.951290142138035977e-01 6.018435474800662988e-01 6.098118989735291651e-01 6.010299675026833377e-01 5.917997364226186274e-01 5.620269810764150220e-01 5.696552700122164969e-01 5.955758536102008227e-01 6.032987724398731766e-01 5.811127898993906360e-01 5.890859682187602475e-01 5.892651679945136722e-01 5.884264142564322730e-01 5.900826412842172797e-01
-3.523649881634566272e-02 5.004760666245629958e-02 1.652828280228339775e-01 3.247579637448451129e-01 1.000000000000000000e+00 2.781619331143761475e-01 4.416616953178307270e-01 4.138921242304993142e-01 3.717385436618876327e-01 3.907672590526792278e-01 4.354203815868524785e-01 4.722792875677974123e-01 4.730356478260686615e-01 3.980884493048144068e-01 4.883708855298150575e-01 4.697913728990335547e-01 3.643698726062681859e-01 2.052440719474005471e-01 2.868880568651070995e-01 2.570293271986446304e-01 2.711271075392849284e-01 3.247888750638249777e-01 2.684337699348381956e-01 2.422163712623201237e-01 2.925932958970914877e-01 3.761068144946971836e-01 3.821133148937685409e-01 3.825763084354616983e-01 3.630228975150545656e-01 3.218390513722426682e-01 4.038057670347356409e-01 3.784975945998348967e-01 3.535485052758872149e-01 3.844878400514558092e-01 3.615115051347589370e-01 3.971470342512554152e-01 3.880192681843512292e-01 4.259857639959970244e-01 4.333765424386248344e-01 3.943921324053915045e-01 4.479879994399412202e-01 4.494320109936915109e-01 4.361709196894706375e-01 4.609094462420538219e-01 4.403105325073012333e-01 4.538321648550988074e-01 4.777151120177856036e-01 4.747874750055324222e-01 4.757832616450788366e-01 4.283373490950752593e-01 4.414270529690518807e-01 4.408869461868333284e-01 4.773053533827666950e-01 4.700496991289791482e-01 4.505915954808910606e-01 4.409065908612678775e-01 4.744929332483805995e-01 4.776414618733801909e-01 4.660854042497232785e-01 4.900756093385398859e-01 4.874000778602784467e-01 4.819513061346424876e-01 4.737788968574175308e-01 4.811781506851361412e-01 4.688762338963748943e-01 4.823420753160281294e-01 4.738880915294127472e-01 4.360386879388778447e-01 4.412358347016662741e-01 4.520089046586080461e-01 4.532095042352622394e-01 4.553079529448049723e-01 4.288551023133620466e-01 4.289761184715880638e-01 4.677849516755601678e-01 4.626178352982204256e-01 4.667594857659198571e-01 4.533043938261523964e-01 4.530395207344166675e-01 4.464311108243516624e-01 4.477747487451828046e-01 4.658004350839780594e-01 4.588236585201699302e-01 4.524839576499306570e-01 4.616319287891019196e-01 4.605829620095926447e-01 4.665996552353448013e-01 4.748703766225179645e-01 4.746823530703092042e-01 4.676325449553583868e-01 4.620202776937865075e-01 4.736178222131511850e-01 4.740908635987929332e-01 4.748675141549128509e-01 4.881803028037661751e-01 4.852359662109345662e-01 4.834943575857185150e-01 4.905583168487704371e-01 4.899176305463472936e-01 4.771712132694491681e-01 4.810279880515717643e-01 4.880106726860403143e-01 4.864515154089536497e-01 4.855764910938846768e-01 4.790715396823694849e-01 4.875009329312131601e-01 4.913235133736226778e-01 4.817743452460021558e-01 4.754811665628346229e-01 4.879965456447039052e-01 4.845667353691693324e-01 4.919487344679181473e-01 4.910912886837675573e-01 4.918223265083072060e-01 4.753786145355427539e-01 4.908998364649951318e-01
9.382928675022828013e-03 6.071017496147607800e-02 2.333489695923187113e-01 3.707295230884384840e-01 2.781619331143761475e-01 1.000000000000000000e+00 4.965363219012209339e-01 4.454912196924016299e-01 4.702861724661861476e-01 4.473713368020419967e-01 5.438265724084289099e-01 5.736776017794743554e-01 5.045616091972761064e-01 4.430736451324872593e-01 5.556931744393525108e-01 5.538360269797856228e-01 4.797391340002875038e-01 3.989543644738888784e-01 4.677730871674578017e-01 4.308862091166799080e-01 4.527166653525109274e-01 4.949194849801155649e-01 4.436485657117595904e-01 4.300681457020490428e-01 4.698857464577846366e-01 5.115233654979404188e-01 5.155867335748264280e-01 5.147375316078222074e-01 4.677916084645962758e-01 4.640989583539338881e-01 5.203902132467924657e-01 5.482203425134730690e-01 5.107308049364187585e-01 5.469604093382606225e-01 5.009152405913455119e-01 5.598889084283260598e-01 5.391107433184529896e-01 5.712864301234318321e-01 5.669079109390445792e-01 5.669346358855842372e-01 5.759414939902870456e-01 5.686463403565976682e-01 5.861763336042110639e-01 5.830444276342217069e-01 5.746262091615393919e-01 5.656909773577517564e-01 5.740611371879541514e-01 5.750910912268728525e-01 5.788727422213768570e-01 5.733311665880579389e-01 5.864699006464542119e-01 5.715520305523525968e-01 5.816854028386789777e-01 5.637746502764526824e-01 5.704342347920132728e-01 5.689575427698051469e-01 5.694064989654572528e-01 5.760310077053253375e-01 5.797514630534211788e-01 5.704905365483081692e-01 5.754841873485492254e-01 5.720341640572321751e-01 5.778485915792890282e-01 5.734420678983470632e-01 5.634550317241853179e-01 5.701571895141407387e-01 5.731763808507863711e-01 5.705992805636130871e-01 5.709284870572640669e-01 5.804546754831517719e-01 5.818927161070868159e-01 5.757698086458389319e-01 5.604284844352844797e-01 5.661132556009523809e-01 5.757605095931054295e-01 5.745174589655426267e-01 5.683640071647380054e-01 5.534460007089889721e-01 5.561615940971317285e-01 5.573572639692794262e-01 5.671717672401733745e-01 5.642156402475415611e-01 5.808690512744487666e-01 5.613911736216081749e-01 5.804725903326689584e-01 5.807927454027932423e-01 5.836612588572017701e-01 5.816374286693615225e-01 5.785666826401063556e-01 5.823994384082507025e-01 5.844340810986266010e-01 5.845808416640572158e-01 5.826586143041394550e-01 5.780508674156937809e-01 5.799326294394642201e-01 5.798180536453129141e-01 5.911037620850768670e-01 5.720748800393945510e-01 5.830354053333615116e-01 5.869507653904368905e-01 5.893241665020351183e-01 5.823737914556352813e-01 5.803124902270235808e-01 5.863843382898630274e-01 5.888048322368006904e-01 5.727984275141102533e-01 5.793442801745626314e-01 5.763028366942072322e-01 5.815254258074638027e-01 5.804618945388735352e-01 5.829655056055996765e-01 5.726380903168842851e-01 5.773906477761157063e-01 5.774348555957976581e-01 5.734496824945266580e-01 5.751714643444959529e-01
4.947160237041136471e-02 1.433682284705098120e-01 3.313950644405176393e-01 5.089415573388369474e-01 4.416616953178307270e-01 4.965363219012209339e-01 1.000000000000000000e+00 6.851761170383796618e-01 7.089739407873286714e-01 6.776585122635909730e-01 7.393618463144367992e-01 7.763924077098842691e-01 7.234748545836412470e-01 6.244838675547926821e-01 8.398171501634213998e-01 8.057928466277499702e-01 7.013231166052664722e-01 5.769022422677239081e-01 6.481892225583942846e-01 5.944026655092610190e-01 5.927917577128191118e-01 6.679282854660195667e-01 6.199195896782828674e-01 5.888828908703777065e-01 6.332888002201966238e-01 7.487378118531221594e-01 7.352796308553701810e-01 7.506863455323937728e-01 6.975283151864413167e-01 6.514323693057723075e-01 7.613929467156249631e-01 7.707983245110908710e-01 7.220554450726111018e-01 7.578314671336280339e-01 7.103927915370523705e-01 7.343405769130831873e-01 7.444179419892009708e-01 7.932061970053733146e-01 8.018812146998270940e-01 7.639868101494122765e-01 7.951265185316447326e-01 8.087689980876758833e-01 7.899494362238954626e-01 8.109079112627789465e-01 7.887356494243665805e-01 8.142522278178946360e-01 8.126108922044800176e-01 8.122401397891859665e-01 8.111793030381566627e-01 7.772174594980633122e-01 8.044585406912425629e-01 7.589774191835225725e-01 8.007743516974741294e-01 8.023871756318569082e-01 8.056034564377432261e-01 8.046637739552655599e-01 8.004075647273034555e-01 8.106876331265809865e-01 8.116907652411291529e-01 8.100524334013795569e-01 8.145774246393256979e-01 8.089421703528818508e-01 8.148211377669877242e-01 8.052490740866348196e-01 7.909474176435614678e-01 8.080746951092931951e-01 8.140612909802101838e-01 8.010146149588409648e-01 8.012334342965687917e-01 8.001732752091874623e-01 8.007263239598687576e-01 8.028809392581216509e-01 7.837210237555231052e-01 7.789698328141465566e-01 8.192251195618476256e-01 8.089764571283371009e-01 8.119764438662130379e-01 7.940217113973374596e-01 7.940898550318352678e-01 7.822559962512490861e-01 7.886582446657208756e-01 8.054596978753405523e-01 8.117252727773552889e-01 7.975796789705394962e-01 8.134003068729508401e-01 8.124686170216418590e-01 8.065574305234723962e-01 8.247588443438452765e-01 8.190680037193494023e-01 8.176709711388721047e-01 8.134359184006992871e-01 8.208971349295483000e-01 8.136700571735729914e-01 8.206876587281511926e-01 8.149957328575816451e-01 8.164188298047020398e-01 8.128416310737484052e-01 8.125510361531774750e-01 8.199485725026146588e-01 8.227509531216543603e-01 8.178612339237039119e-01 8.204986356699230932e-01 8.121348828387175978e-01 8.193734654586418698e-01 8.093183145424114322e-01 8.165698259585301155e-01 8.186854233336495756e-01 8.168874654938071966e-01 8.199353277763975489e-01 8.221723168997150388e-01 8.228348922391521825e-01 8.123352098364486906e-01 8.159631543792251751e-01 8.150411789924344452e-01 8.093653159444290646e-01 8.124670536395437459e-01
3.784143289241349156e-02 6.712122060138316082e-02 3.539204489171798307e-01 5.096832266060690175e-01 4.138921242304993142e-01 4.454912196924016299e-01 6.851761170383796618e-01 1.000000000000000000e+00 6.410977680425812286e-01 6.027984571949764891e-01 6.922256635287283855e-01 7.355302525239048039e-01 6.760445618760224651e-01 5.703380923549496995e-01 7.497177525011432531e-01 7.578501904705847725e-01 6.360913827185249447e-01 5.396373146153472522e-01 6.093460335607191469e-01 5.653885154145555925e-01 6.012650611433657533e-01 6.516116046132059969e-01 5.847602358252371735e-01 5.650130916756224142e-01 6.048280856759195023e-01 6.825365236962638305e-01 6.824559903765979874e-01 6.867634073881464518e-01 6.402754176181562062e-01 6.177732054662308236e-01 6.975160723617671588e-01 7.147304183393116128e-01 6.721908769729434407e-01 7.061549416059637041e-01 6.544120771863010111e-01 6.854457888750048467e-01 7.022404628679160821e-01 7.495628405205521094e-01 7.392268724518181733e-01 7.171981102842813760e-01 7.431503443786429131e-01 7.529160249553414896e-01 7.251472596337196208e-01 7.555893270225334524e-01 7.423386493534208652e-01 7.455144519918512902e-01 7.547925143783394963e-01 7.488122162080688149e-01 7.550679203495515024e-01 7.380710987717583604e-01 7.567145612435236535e-01 7.117916058845062954e-01 7.373536787203606169e-01 7.386002014848964681e-01 7.469798446570038442e-01 7.433288339311262538e-01 7.458246686535380254e-01 7.586834218282669795e-01 7.610876480352175566e-01 7.483133161102529796e-01 7.473654898795800694e-01 7.494911008085064497e-01 7.555674701450646458e-01 7.420456774797166144e-01 7.328038719552542046e-01 7.479381033359822073e-01 7.480464276615385044e-01 7.414734285997621743e-01 7.441129961397259240e-01 7.563342169111638702e-01 7.534071558925303780e-01 7.495550012422300679e-01 7.306581708825796717e-01 7.308543349736063011e-01 7.505942114095838225e-01 7.489565212333880728e-01 7.440654527353549597e-01 7.288610135906685716e-01 7.261262253827052149e-01 7.237800750207494804e-01 7.339753468824793403e-01 7.406581953211369695e-01 7.510603119029112262e-01 7.309501711370051114e-01 7.582694154251607976e-01 7.513128047505693852e-01 7.469479148965088022e-01 7.606984335374376016e-01 7.525449284038481235e-01 7.556044890009721016e-01 7.540994706478403309e-01 7.599374860115406527e-01 7.540926275101738074e-01 7.557169239955787710e-01 7.504036780772253001e-01 7.510940327423388796e-01 7.593437911453716493e-01 7.551862124911418173e-01 7.579139905997711590e-01 7.627271422676076273e-01 7.536931516385918517e-01 7.612752641401728804e-01 7.510243937504648137e-01 7.625640166358144123e-01 7.504617586286299602e-01 7.492555048550380015e-01 7.552168871396955918e-01 7.467705313297441361e-01 7.543916031364565900e-01 7.605519644522248379e-01 7.628489092716432829e-01 7.482735478845696786e-01 7.497578641118226583e-01 7.503756996273356350e-01 7.499060968350673706e-01 7.481884189761767168e-01
2.796325177397144257e-01 2.218350460199982332e-01 3.754711780139838306e-01 4.303364575793470759e-01 3.717385436618876327e-01 4.702861724661861476e-01 7.089739407873286714e-01 6.410977680425812286e-01 1.000000000000000000e+00 7.303163931227262262e-01 7.531114858440929316e-01 7.577467549770292576e-01 7.256011026674503706e-01 6.158053033498148698e-01 7.864555252368286009e-01 7.894956748700212579e-01 7.880070605471295453e-01 7.361691963976431108e-01 7.809207335438053121e-01 6.462394143315640660e-01 6.977446832198096471e-01 7.816295540235609351e-01 7.885980182670616623e-01 7.522713277476690275e-01 7.785741256451130798e-01 8.462428856090193907e-01 8.298580976688294530e-01 8.413374943567012432e-01 8.314054447405642145e-01 8.274701029457649515e-01 8.625285709823353741e-01 8.377257784104386040e-01 8.120485519060470780e-01 8.218899923958805642e-01 8.365547893772399268e-01 7.604216785746802376e-01 8.334064027572414268e-01 8.135445221543841088e-01 8.496748002739542560e-01 7.562551151516471171e-01 8.343107682608690290e-01 8.254827231404623378e-01 7.963349336473617424e-01 8.362529792987797306e-01 8.277218796256236022e-01 8.444291270821242534e-01 8.202543380541670315e-01 8.477636636960595995e-01 8.286486398870186454e-01 7.918722493588264966e-01 8.158302329331296177e-01 7.700713884731249514e-01 8.031284061093738602e-01 8.532001612630708554e-01 8.540897638467506159e-01 8.595340951898531312e-01 8.223960029491774737e-01 8.288219026471265183e-01 8.232263249658139381e-01 8.386036189651648876e-01 8.247607547036318598e-01 8.257263632681535181e-01 8.259972054420970933e-01 8.278872613055647811e-01 8.433570641845500315e-01 8.401711597171961365e-01 8.448951351585878289e-01 8.590765462313043610e-01 8.589824699064264601e-01 8.327353427714562217e-01 8.433059265707584240e-01 8.537540418555183974e-01 8.530960571210655097e-01 8.518270774598692974e-01 8.532015285856708875e-01 8.500908904441810687e-01 8.491479587385434291e-01 8.623203427495739204e-01 8.563139140680373629e-01 8.604911450298311504e-01 8.557731518338338450e-01 8.565839681814233497e-01 8.407028608244768719e-01 8.583148807491896015e-01 8.287359453929086239e-01 8.391311803218655108e-01 8.278561389291392292e-01 8.320979876283758347e-01 8.398030746579842054e-01 8.462979282311783313e-01 8.177863616560250293e-01 8.330384458716213469e-01 8.369196917967304250e-01 8.429494455361467020e-01 8.238957743468565686e-01 8.354428075473255833e-01 7.933092292697473402e-01 8.158833291794602705e-01 8.191352387824202275e-01 8.206724303958016220e-01 8.207360842724139571e-01 8.176628283438074352e-01 8.208462462854539954e-01 8.222432588306619605e-01 8.125181508446337464e-01 8.215512212260083214e-01 8.256259242540687771e-01 8.402788606289860462e-01 8.472027950189636725e-01 8.298839403713731411e-01 8.225669864625081429e-01 8.317912581057111954e-01 8.242899127105846047e-01 8.262843382340839815e-01 8.415792236279131533e-01 8.288019927182453950e-01
8.688192213386751461e-02 2.536499257403024843e-01 2.940006044013974140e-01 4.037095192406437438e-01 3.907672590526792278e-01 4.473713368020419967e-01 6.776585122635909730e-01 6.027984571949764891e-01 7.303163931227262262e-01 1.000000000000000000e+00 7.190447228081524589e-01 7.174814847345472035e-01 7.022876520993733829e-01 6.115970645954033058e-01 7.812933520103397811e-01 7.608456180092759702e-01 6.884063857828983668e-01 5.806395927432446147e-01 6.382334088887313683e-01 5.149712983147597400e-01 5.331324020953533971e-01 6.308469784708351513e-01 6.447647926442794386e-01 6.005957115076470121e-01 6.410929429141104530e-01 7.445680194541610675e-01 7.308756925446640018e-01 7.543948209624176116e-01 7.438501234680467977e-01 7.209861902453742477e-01 7.932631162258332314e-01 7.512184856936175992e-01 7.287795969609622837e-01 7.363873469317272491e-01 7.425332248825945447e-01 6.846182152534184828e-01 7.493591188525202673e-01 7.573131932936013611e-01 7.838939940648432803e-01 7.037236333008562994e-01 7.869823674687128623e-01 7.804241778786447092e-01 7.430588835772192757e-01 7.808237446429484585e-01 7.669986477678681913e-01 8.016574864522904020e-01 7.986706301353660997e-01 8.186507124930291202e-01 7.951009680930072321e-01 7.250580080544936079e-01 7.614969701800653468e-01 7.125025409960734635e-01 7.726226240005433787e-01 8.172968806868002867e-01 8.043709532219116554e-01 8.008256070275593386e-01 7.739529556682614997e-01 7.970899936247951567e-01 7.923958962736001865e-01 8.083624355586839227e-01 8.007896269005870815e-01 7.999281608380669484e-01 7.960111382900054711e-01 7.903930053298218183e-01 7.897469964054474323e-01 8.007535336117078684e-01 8.142644808818955138e-01 8.012427969558180152e-01 7.994363531639365750e-01 7.690936187859396256e-01 7.823940504302897558e-01 8.019751855768657567e-01 7.897798634330438494e-01 7.820152495860158703e-01 8.119775149093400035e-01 8.084736945286224996e-01 8.158715961421404428e-01 8.170282683550234015e-01 8.154138252706069068e-01 8.128937003774504566e-01 8.077948410904500776e-01 8.224016148834601969e-01 7.945191639112496595e-01 8.153077113220874583e-01 7.909571429884210136e-01 7.981859297972173639e-01 7.965069101304879107e-01 8.069226280095314063e-01 8.117898324227045270e-01 8.087638887817357736e-01 7.903817433336892684e-01 8.040172017900837353e-01 8.054769704766855387e-01 8.137062072635601329e-01 8.106929229559335370e-01 8.154119360646884251e-01 7.654909583449898136e-01 7.828314786799194236e-01 8.009974811338601564e-01 7.935610435033306764e-01 7.917490542449631130e-01 7.946056066194691070e-01 7.981477994261063635e-01 7.987698277107264655e-01 7.869424459290964569e-01 7.986424220335252011e-01 8.062246396314450836e-01 8.187788923917296291e-01 8.132500772905990605e-01 8.060268407770366794e-01 8.009765074446509869e-01 8.130241632441126409e-01 8.074968534327371383e-01 8.041003240405668606e-01 8.035916326671515009e-01 8.069340886415514724e-01
3.494705830194337615e-02 9.350508817176021725e-02 3.680525435575985327e-01 5.672892354158611816e-01 4.354203815868524785e-01 5.438265724084289099e-01 7.393618463144367992e-01 6.922256635287283855e-01 7.531114858440929316e-01 7.190447228081524589e-01 1.000000000000000000e+00 8.634973516431752039e-01 7.822920032668198020e-01 6.723653933343036737e-01 8.498281006806539528e-01 8.445646313774114455e-01 7.508778509123276157e-01 6.311804443344586346e-01 7.231125169084892113e-01 6.527312447526276706e-01 6.972866462919515840e-01 7.557166061538792556e-01 6.999235176855425067e-01 6.783771815343453415e-01 7.228432758162560701e-01 7.971168849698505587e-01 8.058624219794244814e-01 7.998927792434531447e-01 7.513432481844373179e-01 7.404190411161925001e-01 8.309429793333031888e-01 8.344976511733426250e-01 7.876473229303841972e-01 8.368021686743456478e-01 7.900502592652202116e-01 8.182029013044817001e-01 8.338937575745630770e-01 8.558636715985665777e-01 8.659745304205517247e-01 8.304232157529013447e-01 8.716727192130858670e-01 8.693790192688043428e-01 8.590686209797856465e-01 8.820530668748973735e-01 8.697319442535417222e-01 8.695211544420518024e-01 8.855505523524528355e-01 8.844155123456204359e-01 8.847355040011846139e-01 8.544965558554625806e-01 8.761043705196893683e-01 8.560712288289146210e-01 8.778794628576361836e-01 8.729547844474490059e-01 8.724791142997621041e-01 8.685418768550692281e-01 8.702150001832485993e-01 8.850308901365665504e-01 8.793020824964433713e-01 8.858167388748163784e-01 8.863662286266498214e-01 8.810202606035293371e-01 8.814498452091789060e-01 8.813179807795888943e-01 8.719111584556328287e-01 8.849958404762561237e-01 8.881945281746711496e-01 8.779335173272199144e-01 8.777888344604979354e-01 8.881640013699663161e-01 8.906686517435100647e-01 8.867657041093430781e-01 8.678634708604808790e-01 8.685240267250485813e-01 8.858118478232032134e-01 8.844523933256916992e-01 8.798926914637618113e-01 8.649165168670532866e-01 8.636280501935972298e-01 8.670235967656481080e-01 8.767943887468042652e-01 8.805146090238256118e-01 8.871250558286184473e-01 8.709799859679605571e-01 8.852127757568838406e-01 8.895085843615633259e-01 8.863691281522388943e-01 8.884594272412144056e-01 8.902061958608773473e-01 8.868872096821019957e-01 8.825108654862429125e-01 8.905064521320481541e-01 8.917922735702303871e-01 8.887016193429002620e-01 8.879170548654300443e-01 8.903637953409838657e-01 8.861550309045902463e-01 8.810042195528093867e-01 8.912162408851524997e-01 8.928395819343469819e-01 8.892443275256161073e-01 8.893159031266895109e-01 8.908691523136019752e-01 8.935244631649191804e-01 8.920040758928450275e-01 8.828487687778208137e-01 8.902495388215576622e-01 8.856181220429701906e-01 8.885632253439442740e-01 8.926844545263127317e-01 8.913140806117637593e-01 8.873641206729253605e-01 8.876242174256765427e-01 8.877366435069213857e-01 8.873696312877970005e-01 8.881151391481961754e-01
-8.118233773669850280e-04 6.814418515284811906e-02 3.836713707146889307e-01 6.376383297650024540e-01 4.722792875677974123e-01 5.736776017794743554e-01 7.763924077098842691e-01 7.355302525239048039e-01 7.577467549770292576e-01 7.174814847345472035e-01 8.634973516431752039e-01 1.000000000000000000e+00 8.205570663065434589e-01 7.085609506962626813e-01 8.902262080632393770e-01 8.882722437449462882e-01 7.862110802727316772e-01 6.118983266380847441e-01 7.175423091643607920e-01 6.824641488887357443e-01 7.237358579674766368e-01 7.753390601570118168e-01 6.782128956462143421e-01 6.634943751330456552e-01 7.171717364252075955e-01 7.999317541954322763e-01 8.107567466702084724e-01 7.984814963746740268e-01 7.381730885540875864e-01 7.225127210551071100e-01 8.239296246580080085e-01 8.527446456882339376e-01 7.987427377279764373e-01 8.621872983918260624e-01 7.909302134214476476e-01 8.646061373314577470e-01 8.536542031351993520e-01 8.925568397442511515e-01 8.956837873682502726e-01 8.665782009544397146e-01 9.039068624615724801e-01 9.015195126456625463e-01 8.894807871284938772e-01 9.187032959091474549e-01 9.010690268041313677e-01 8.940814247135989712e-01 9.252768048189944361e-01 9.175197516604433057e-01 9.258260473812461866e-01 8.985661626208095720e-01 9.193551579905017146e-01 8.985997619336923981e-01 9.213736139624233434e-01 9.058683952440922393e-01 9.002180133213544266e-01 8.892140222580388054e-01 9.187835981841807609e-01 9.245553693794871242e-01 9.253605772389574824e-01 9.251491574936963058e-01 9.249052553866984328e-01 9.247365683696231464e-01 9.252882815708057818e-01 9.201310626978568274e-01 9.102473549547072107e-01 9.248808387351145077e-01 9.206379281596236419e-01 9.008318697135593300e-01 9.011594878874238379e-01 9.247476391575565335e-01 9.229142806119662312e-01 9.130037279511190595e-01 8.861025546756098326e-01 8.882007262803564007e-01 9.133371685637595716e-01 9.129437257929550187e-01 9.041598719064023459e-01 8.803382666912082932e-01 8.762852944746819528e-01 8.816150253089091171e-01 8.985450293650754094e-01 9.022088129125113154e-01 9.225347362392037898e-01 8.908388049207194292e-01 9.198386036349213146e-01 9.225586003446798466e-01 9.229099367523545538e-01 9.216785527939537204e-01 9.230523542542948823e-01 9.189713362878413339e-01 9.168301623161974057e-01 9.264312906996109431e-01 9.255734824713642839e-01 9.203673981627409351e-01 9.252301404918299443e-01 9.252642036655364111e-01 9.305096326309960642e-01 9.252207621180749131e-01 9.322372664535887310e-01 9.330210140388339735e-01 9.254046051359396952e-01 9.314769955026974690e-01 9.298751664164590647e-01 9.353401509290450999e-01 9.339739242389412111e-01 9.267226596426942908e-01 9.298045798257145167e-01 9.178447231316407828e-01 9.206050618782112283e-01 9.321651992997095348e-01 9.341823920950835802e-01 9.251056208991049745e-01 9.288175481457588978e-01 9.274230766287497874e-01 9.256759183958851445e-01 9.268261027254339757e-01
1.975510079185211106e-03 1.421187049896657506e-01 3.449757749428046250e-01 5.225422665208887540e-01 4.730356478260686615e-01 5.045616091972761064e-01 7.234748545836412470e-01 6.760445618760224651e-01 7.256011026674503706e-01 7.022876520993733829e-01 7.822920032668198020e-01 8.205570663065434589e-01 1.000000000000000000e+00 6.507267976284670796e-01 8.456111137298767400e-01 8.334305872721856634e-01 7.146096258473173535e-01 5.624983132911759443e-01 6.588447352787051292e-01 5.717888636531011093e-01 6.068361034727887127e-01 6.863860187925791001e-01 6.416764370933107919e-01 6.090946367589777921e-01 6.614299762862763110e-01 7.475120012926708135e-01 7.554322736325179699e-01 7.620213630119492265e-01 7.119260626664152269e-01 6.967646865726503380e-01 7.935482386012278067e-01 7.794241563629434877e-01 7.393406284854397992e-01 7.786481154276948535e-01 7.450105160178686070e-01 7.680790327681645824e-01 7.863915572410582477e-01 8.159320521247891422e-01 8.290946741631985972e-01 7.792938075316468982e-01 8.427666678829820457e-01 8.380892558876108511e-01 8.233018325784432490e-01 8.495282829598675978e-01 8.286359495773095718e-01 8.433682521406655752e-01 8.677113657796020618e-01 8.636336435098872499e-01 8.581536107799361268e-01 8.095563254970592482e-01 8.390191063766415658e-01 8.045910910305381636e-01 8.506165205415678887e-01 8.563017156901489013e-01 8.468480459494571733e-01 8.348725296601373635e-01 8.430076329894996556e-01 8.627575530102835621e-01 8.570593126008043683e-01 8.682874453593516506e-01 8.705216867090529442e-01 8.624141442349115838e-01 8.593231717684503002e-01 8.574915134407362638e-01 8.454815133691686579e-01 8.605315108984129546e-01 8.633378920456853400e-01 8.430030317397384509e-01 8.448401685038730013e-01 8.437955748354393215e-01 8.491118027267798851e-01 8.534237717126238465e-01 8.313912893176208518e-01 8.327702360251212355e-01 8.586328897359973844e-01 8.602329258223957442e-01 8.592484166823179947e-01 8.400550370289069368e-01 8.420863572340017145e-01 8.402494121157971785e-01 8.491933652229357588e-01 8.581455117515026654e-01 8.546873993887675880e-01 8.498819766143494991e-01 8.547219449352045917e-01 8.568650996265543274e-01 8.603250227552183826e-01 8.644660756397507528e-01 8.662150983282272954e-01 8.599876961607967329e-01 8.543255278866090929e-01 8.672707151584639895e-01 8.641384246140668690e-01 8.670663616969821463e-01 8.747527883506798219e-01 8.712941976630511620e-01 8.545628419574868850e-01 8.576301337151340798e-01 8.710087122572338636e-01 8.661051826851493551e-01 8.632381165754134944e-01 8.672947149667091793e-01 8.668302773265533778e-01 8.709999635619619651e-01 8.642578261666112871e-01 8.633042499140632930e-01 8.705485721550210165e-01 8.675390069045390007e-01 8.658550201450720962e-01 8.713386014190968032e-01 8.681922622521507371e-01 8.719192012590342156e-01 8.694136538695886873e-01 8.702938605481650436e-01 8.622362870956712388e-01 8.688085937923332169e-01
