1.000000000000000000e+00 6.107978407281238614e-02 1.424992986646093640e-01 7.264075028010863466e-02 1.309135784592266316e-01 2.930133879940894845e-02 9.244781687334198417e-02 8.560549876837351968e-02 1.856940990622116261e-01 9.715416240380260471e-02 7.859480266622968780e-02 3.444756440173638717e-02 6.569645638279898725e-02 -2.875595283246858147e-03 4.845766884089978271e-02 7.256641925083320843e-02 1.645215639660679574e-01 1.971406559239797518e-01 1.955247627018240064e-01 1.108183082182707807e-01 1.778747241664642986e-01 1.876771643339028850e-01 1.453583447962158992e-01 1.426631799424079305e-01 1.506142663259245618e-01 1.106567655359751712e-01 1.124891096571418586e-01 8.565256209429046586e-02 1.540663206899538784e-01 1.354014903884080134e-01 7.490688593205951928e-02 8.863433414464529092e-02 5.540362216936482037e-02 7.268391780448950346e-02 7.624459020532031728e-02 8.031335361472224932e-02 6.612950099973030627e-02 2.114427876127658937e-02 7.970751787866629801e-02 -2.446678300712422024e-02 2.567197169945073520e-02 2.140937869689321996e-02 2.476916561010542722e-02 4.435525849734534704e-02 4.544553981455499991e-02 3.236072345015136159e-02 1.736613756624404842e-02 3.452088934611347720e-02 4.146519548489969315e-02 3.733031162968986766e-02 2.332297928417224886e-02 5.306453497512596956e-02 6.395760718441749482e-02 5.928951397555329295e-02 7.096808729671490179e-02 4.334423339955618265e-02 8.567357915506004784e-02 2.487677686186374332e-02 1.968035152894519885e-02 5.607566035267861487e-02 3.380734651233624488e-02 5.267438580794021885e-02 3.830668256064328342e-02 7.282696901624347019e-02 7.825394191516778231e-02 6.834832105474485109e-02 3.895448352731458591e-02 6.522372758088967881e-02 5.510598388154341193e-02 4.662382757208580891e-02 6.492802790576703009e-02 6.549272248670423568e-02 7.135293303841237778e-02 5.896179431781503610e-02 4.055524757128932400e-02 4.481905727998938826e-02 4.240890921086080956e-02 5.991794987578476228e-02 5.065312905005534688e-02 3.890496084638885715e-02 4.766770221929023804e-02 2.541669636671238519e-02 6.597726992425609338e-02 4.440447329018413353e-02 2.051060036625049904e-02 3.387191629811717869e-02 2.381675143456431915e-02 1.515578177131008016e-02 2.625910640938637977e-02 4.576295022478320956e-02 1.345740698917343402e-02 1.235840720294992083e-02 2.172038098645588666e-02 2.263664913286513383e-02 4.311956037484726730e-03 1.727377539553752797e-02 7.176265358642242020e-03 4.503537506665626633e-02 1.030967318819511064e-02 6.803039872389917558e-03 1.328162441595734378e-02 1.520036771653057381e-02 2.701059451430007016e-02 1.481409967612932338e-02 2.364342147155480342e-02 3.802792251194238998e-02 2.868995447969786838e-02 2.525628604213697379e-02 3.490093855529995126e-02 1.286331549548051269e-02 9.144161847842642923e-03 2.218053032227665020e-02 1.666837485349178388e-02 3.920743242120911659e-02 5.216382395712668846e-02 3.799272629921737060e-02
6.107978407281238614e-02 1.000000000000000000e+00 1.201018725320257552e-01 5.006396078222205559e-02 6.274837677300650063e-02 8.587322807703727523e-02 1.314766500109460501e-01 1.308825929087697737e-01 1.672928224677599773e-01 1.960103325365958882e-01 1.313923993349570551e-01 1.395166640049919082e-01 1.541430748051267341e-01 1.470709743708576989e-01 1.607138743515491297e-01 1.421383649702838980e-01 1.403507093778394721e-01 9.150282707689691430e-02 1.289772800748274773e-01 6.420013804308176419e-02 6.730554720211293085e-02 1.285333782648737655e-01 1.223810540914720552e-01 1.181650817876690601e-01 1.557356937283060905e-01 1.570196471734378596e-01 1.522159916957492309e-01 1.518060702524247629e-01 1.775767797729633224e-01 1.738535659104671061e-01 1.765133488982678633e-01 1.658420017954202186e-01 1.399839273275223783e-01 1.606407236147137652e-01 1.560862792053027970e-01 1.425014575002748474e-01 1.647869938795323563e-01 1.711898378515980534e-01 1.629780910225369916e-01 1.268752974417713120e-01 1.567228594468481062e-01 1.506370569586043262e-01 1.479752512159255851e-01 1.563034489020460049e-01 1.527084404229758496e-01 1.707104336059323269e-01 1.500554459269469176e-01 1.677273351826764625e-01 1.658162092809984944e-01 1.522658167209288982e-01 1.559559000260432038e-01 1.188519744379634285e-01 1.481103646915331584e-01 1.707005296315271259e-01 1.671066089371574526e-01 1.608652774166207666e-01 1.609066779818998927e-01 1.542606311180480527e-01 1.680530590718029571e-01 1.641705494638907303e-01 1.610223477044782636e-01 1.731707912276324035e-01 1.595232994992842046e-01 1.699004453906713397e-01 1.566652847694702533e-01 1.635487803233609816e-01 1.696998573495258900e-01 1.616067326641590640e-01 1.667879293905417393e-01 1.400143959900609081e-01 1.612682025314049195e-01 1.648696207752608500e-01 1.593867518203475886e-01 1.623841219363057475e-01 1.669885074134005165e-01 1.666294890539549156e-01 1.623037050797630498e-01 1.827274131836811033e-01 1.690686401415245899e-01 1.748841255070716083e-01 1.661743692602251077e-01 1.694206551792673265e-01 1.630489009104922615e-01 1.692008916295554277e-01 1.646057035447507644e-01 1.696451225934257900e-01 1.648890155026340176e-01 1.674330326763832089e-01 1.670214692852420579e-01 1.626584608306793078e-01 1.600248647148245218e-01 1.589805638293881052e-01 1.567486218667948628e-01 1.667142981104611510e-01 1.599584305373636106e-01 1.704721479336415435e-01 1.363449162595125053e-01 1.515550452603567078e-01 1.517063245794425808e-01 1.609240124566547747e-01 1.576757896693414540e-01 1.529427239730910548e-01 1.555429149133059352e-01 1.571102307657591401e-01 1.480319285947919727e-01 1.546719373502985773e-01 1.617580038560372246e-01 1.699607153676374882e-01 1.651501805372666831e-01 1.600757173612716577e-01 1.541480012974356939e-01 1.602455954702815266e-01 1.605544884590868193e-01 1.606241214797313188e-01 1.608731903333056878e-01 1.650534109461198051e-01
1.424992986646093640e-01 1.201018725320257552e-01 1.000000000000000000e+00 3.945477494402725438e-01 2.576119014686073516e-01 2.922622992336698644e-01 4.018771268528408269e-01 3.755125136296601496e-01 3.786963391456319439e-01 3.437416657578871160e-01 4.118269523860229597e-01 4.007555610981883287e-01 3.602388363419052886e-01 3.288961811804645419e-01 4.033506411289555782e-01 3.999421209669084543e-01 4.100459280541504103e-01 3.955363038352716631e-01 4.070192220434729058e-01 3.502002619031279185e-01 3.831398719857269652e-01 4.300256978525473506e-01 3.906929136623403798e-01 3.953081462784792666e-01 4.063139855567825531e-01 4.065086724911466942e-01 4.350832992038412006e-01 4.040104554326229280e-01 4.175460516023303259e-01 4.029552575124536462e-01 4.122520602756989949e-01 4.164498210655724897e-01 3.821576422942808415e-01 4.068306580690241869e-01 3.733818221862257314e-01 4.026214197001397599e-01 3.969163849103063413e-01 3.810410779306849793e-01 4.017668207041441564e-01 3.634530986276794939e-01 3.839386497700657541e-01 3.921928081673093369e-01 3.801498237834202154e-01 3.981547981812257331e-01 4.000293443053537512e-01 3.914739295548682052e-01 3.833241153508153420e-01 3.815117061129634779e-01 3.932246354511527153e-01 4.119371772518580221e-01 3.917044140875207692e-01 3.905944771986411546e-01 3.960272088613103203e-01 3.801285422314918949e-01 3.897990300032552757e-01 3.851811579657226092e-01 3.948866121433450282e-01 3.870907488064961322e-01 3.825677576719532791e-01 3.924076434071742114e-01 3.900372508912083869e-01 3.807508251896322138e-01 3.873560646185669198e-01 3.973097648006316818e-01 4.088485923547083289e-01 3.958052645952291893e-01 4.019826562044453988e-01 4.109514647276226174e-01 4.013831218639627441e-01 3.974048539547450631e-01 4.087357515120564333e-01 4.098913202599355210e-01 4.089263983991444085e-01 4.030291540160088615e-01 4.075484982464108730e-01 4.099655355861544503e-01 4.056940327931173873e-01 4.135917747858783300e-01 4.088150635169991443e-01 3.953025815960669598e-01 4.010368908198500559e-01 3.986361030226298618e-01 4.142839068113458034e-01 3.942632276051674101e-01 4.019281162330515245e-01 4.024744632846063430e-01 4.034251488032514210e-01 3.885287941500904507e-01 3.942591880499224932e-01 3.958305343088426298e-01 3.955242156794807618e-01 3.909940476367424478e-01 3.951348943602830399e-01 3.914397968551735496e-01 3.804943164148257284e-01 3.840570282247882661e-01 3.988947603215759474e-01 4.068368558947150770e-01 3.912468889443363462e-01 3.880741272283659282e-01 3.886563569735080881e-01 3.955378314023317854e-01 3.892110455021369764e-01 3.866138328226677023e-01 3.936726599707400243e-01 3.940008345910585574e-01 3.958730616983998640e-01 3.883412022675966080e-01 3.930330356310077766e-01 3.876662160779132393e-01 3.862124919449206328e-01 3.814676134220527093e-01 3.816966207003975597e-01 3.955454927300239842e-01 4.025079637018028067e-01 3.961672927475892170e-01
7.264075028010863466e-02 5.006396078222205559e-02 3.945477494402725438e-01 1.000000000000000000e+00 3.763313768979540397e-01 3.451931852770561693e-01 6.213581541432067201e-01 5.543427012883377358e-01 5.309686022770720992e-01 4.527668633285819588e-01 5.767995704757753472e-01 6.211183982122825409e-01 5.267798512783742337e-01 4.734408089896552374e-01 5.989642096557613593e-01 5.901336552510006994e-01 4.992786806595855831e-01 5.060962751074236099e-01 5.028535244505258905e-01 5.729534294262470517e-01 5.405375097159585973e-01 5.481298111001142725e-01 5.685435833499015157e-01 5.226053129999689295e-01 5.277659650629906718e-01 5.818390177973823407e-01 5.827688630419741722e-01 5.922502543287360144e-01 5.770440171709965149e-01 5.223237526435905442e-01 5.659668255863231634e-01 5.920010399951727287e-01 5.767836230357880067e-01 5.554684623018056877e-01 5.205526978907554225e-01 5.735182238378569997e-01 5.615381595175857887e-01 5.667907582164012359e-01 5.656591205689162072e-01 5.991161222566108169e-01 5.834225101441771200e-01 5.851082645258198767e-01 5.854416910833160070e-01 5.778333397228200274e-01 5.971951014803441593e-01 5.574233385319544709e-01 5.556861343238321815e-01 5.475878189033168697e-01 5.650551719520133798e-01 5.929878932716232676e-01 5.812940058849511704e-01 5.920682605304737889e-01 5.768781797767549291e-01 5.326552970111995133e-01 5.351023378431438715e-01 5.600483040965947845e-01 5.454226812538368607e-01 5.624529818915134927e-01 5.519953657816520920e-01 5.450613885327054708e-01 5.676925584370869915e-01 5.352989333596240851e-01 5.535544609486351408e-01 5.375621478235335093e-01 5.504143052383565493e-01 5.568741493720171798e-01 5.496469245802148018e-01 5.612330461412905480e-01 5.601288673991350331e-01 5.791259284765013504e-01 5.654221448598161226e-01 5.593984812249184202e-01 5.583011760060427875e-01 5.616169264516466253e-01 5.760058536855321432e-01 5.723229295244302017e-01 5.843434513281491327e-01 5.680187465887200915e-01 5.709776948023022047e-01 5.388336629188571480e-01 5.569823980022554633e-01 5.573621000634547684e-01 5.608881521205909548e-01 5.453890234808147497e-01 5.605536530897913261e-01 5.519999779166968601e-01 5.687962318965062991e-01 5.579195691390543832e-01 5.548772488058665298e-01 5.615227281108662316e-01 5.818565900298192650e-01 5.764891012938959669e-01 5.726329761472277458e-01 5.617418906419893165e-01 5.462020203940922691e-01 5.450902451956373129e-01 5.835922177792555177e-01 5.613916549038935333e-01 5.656555382818087008e-01 5.632380827048644178e-01 5.667927226687000664e-01 5.665586468982326540e-01 5.628487374339511407e-01 5.620652432581283442e-01 5.734527378684762811e-01 5.548408447755722728e-01 5.570900811710833844e-01 5.470603278239178913e-01 5.546700532986954535e-01 5.520603977036167009e-01 5.578589046072945923e-01 5.463033272611398372e-01 5.472927039186004095e-01 5.505967673425949949e-01 5.482387470892792214e-01 5.546524200041406116e-01
1.309135784592266316e-01 6.274837677300650063e-02 2.576119014686073516e-01 3.763313768979540397e-01 1.000000000000000000e+00 3.052163995309343236e-01 4.977568672305006658e-01 4.834838033782034583e-01 4.601316220336128526e-01 4.037739986650396018e-01 4.677921116026592108e-01 4.682570487773153878e-01 4.544629728275270675e-01 4.008368056139680058e-01 4.840288625453152416e-01 4.962985318968255455e-01 4.426344647121320808e-01 4.343757268860014009e-01 4.592367144122336819e-01 4.170908186797899209e-01 4.733798495542086981e-01 4.892553306587234530e-01 4.523368930245056929e-01 4.293997434494904453e-01 4.561810893224123586e-01 4.701592748496013496e-01 4.733789630581046737e-01 4.525004639057841893e-01 4.702918253038022578e-01 4.572344502615472983e-01 4.637176798874224626e-01 4.807936877737754577e-01 4.490251471497452296e-01 4.461851363857277653e-01 4.221818965165913262e-01 4.745815158116736820e-01 4.575590925516935248e-01 4.471998661063844027e-01 4.683146900501376497e-01 4.414726634025731844e-01 4.642767417240415972e-01 4.681026692395999222e-01 4.692553324572553142e-01 4.799006453423885765e-01 4.781348448060867007e-01 4.490907975966552113e-01 4.611246505122829076e-01 4.575417257061732412e-01 4.697421086197904327e-01 4.783190320304547827e-01 4.675978582979636311e-01 4.771859184615281357e-01 4.809479823117667197e-01 4.607738201488607577e-01 4.687624346345873882e-01 4.662732012230794143e-01 4.787030706898285359e-01 4.630525843548369269e-01 4.592752468984837577e-01 4.651077062375054694e-01 4.709470523929648045e-01 4.628453424566846275e-01 4.709212643360962125e-01 4.684658028323671619e-01 4.662252265614745816e-01 4.728999652604048420e-01 4.555302366020676508e-01 4.715002734089934755e-01 4.585645960561541279e-01 4.716704375759860346e-01 4.775430917901170580e-01 4.755249648635944681e-01 4.628054390015947650e-01 4.670201405849526144e-01 4.697020682913518597e-01 4.719117246254184717e-01 4.726304012885118033e-01 4.725578609375985506e-01 4.655515398320166365e-01 4.562489192529419202e-01 4.638726104111924875e-01 4.566924014245515306e-01 4.736927944629041320e-01 4.579247675814973606e-01 4.559392388846674193e-01 4.521191074186532988e-01 4.612074330374843489e-01 4.555235808847892254e-01 4.537029003876822952e-01 4.739940528880305926e-01 4.593285197988163371e-01 4.650320687552829124e-01 4.655360763928543255e-01 4.582248755381260197e-01 4.503602093632548820e-01 4.550673388192022495e-01 4.677978345148737782e-01 4.685464996193000609e-01 4.588364103156873930e-01 4.557115130078256415e-01 4.604761047241466843e-01 4.647228628165029907e-01 4.622057437709660710e-01 4.611364133839451207e-01 4.658376772405334876e-01 4.689176331268328224e-01 4.642575291526963577e-01 4.606111759548307538e-01 4.667886732358478841e-01 4.584805819288308437e-01 4.638473904381480439e-01 4.574958151017606833e-01 4.571106479394662081e-01 4.602309967063870633e-01 4.620906946124972992e-01 4.637600810314050359e-01
2.930133879940894845e-02 8.587322807703727523e-02 2.922622992336698644e-01 3.451931852770561693e-01 3.052163995309343236e-01 1.000000000000000000e+00 5.274185333718603985e-01 4.966377224201989904e-01 5.099599953902775873e-01 4.927732054414071805e-01 5.189710704269958619e-01 5.504982192072870317e-01 5.238149010463943878e-01 5.086335313026629779e-01 5.819206448928351261e-01 5.696263627574269517e-01 5.117870751916424599e-01 4.970985600607101818e-01 5.196382976725063552e-01 4.483015168401921491e-01 4.890779365909405652e-01 5.430448164822085921e-01 5.264266332945760629e-01 5.104785249542571623e-01 5.496473530929251172e-01 5.608636479379799367e-01 5.611003479850421582e-01 5.462915099843236311e-01 5.324543274569641937e-01 5.353392018064360158e-01 5.786211692048431887e-01 5.564125173642902045e-01 5.196009189075919688e-01 5.568910930445850616e-01 5.235883812193036224e-01 5.548301648365447925e-01 5.585822356236579411e-01 5.652359313201512636e-01 5.807463748362049483e-01 5.592370916209010723e-01 5.812571575787947031e-01 5.784721308504180426e-01 5.818983496620362406e-01 5.903750320180443101e-01 5.866839753532073765e-01 5.870841978860246169e-01 5.863533925904992339e-01 5.858511856109610560e-01 5.801937461221419179e-01 5.653416764825520691e-01 5.813471384590178648e-01 5.605422193399456354e-01 5.762795207626523197e-01 5.824511774869285397e-01 5.807925849169975896e-01 5.841579340625652206e-01 5.767912501433062333e-01 5.890391457945567399e-01 5.828040936143609185e-01 5.867181190623679266e-01 5.837395179814038881e-01 5.840720935064627195e-01 5.821502049564413195e-01 5.739953616051335361e-01 5.802375405596064128e-01 5.817357661336923780e-01 5.871981108190112986e-01 5.911839849366276045e-01 5.891287991358727938e-01 5.801787466800681914e-01 5.930114501261841697e-01 5.900584624521789667e-01 5.852191035873814950e-01 5.884935829173036925e-01 5.927501714574741065e-01 5.937780791167484029e-01 5.923483671234490711e-01 5.852910593220090885e-01 5.943651143829198347e-01 5.866984935730580331e-01 5.838402430803792953e-01 5.889926489244791119e-01 5.888704142697008814e-01 5.810936369014436664e-01 5.814649845124567618e-01 5.894902158551833526e-01 5.899918450022939576e-01 5.881665001351666922e-01 5.899467647953714478e-01 5.916105772726034662e-01 5.863752553162833170e-01 5.923528327007545613e-01 5.893015254163512795e-01 5.934103577706805188e-01 5.864215968920255539e-01 5.876229614583058369e-01 5.762628241239586835e-01 5.720166229066131480e-01 5.850869872201597266e-01 5.871324234425281396e-01 5.914348073816070306e-01 5.843924724197593346e-01 5.892177975913085453e-01 5.900846647776473164e-01 5.861985816705018726e-01 5.840923979724759185e-01 5.866108575329058716e-01 5.858662530410271296e-01 5.905893188502207014e-01 5.875687068600983221e-01 5.889590175042492826e-01 5.891297643573707443e-01 5.879813361925734227e-01 5.856727696415454654e-01 5.872036191795299009e-01 5.840526211371956933e-01
9.244781687334198417e-02 1.314766500109460501e-01 4.018771268528408269e-01 6.213581541432067201e-01 4.977568672305006658e-01 5.274185333718603985e-01 1.000000000000000000e+00 7.368212661662398855e-01 7.235686201607489654e-01 6.762549197607694573e-01 7.487994398750665859e-01 7.765682537339115843e-01 7.148310186241546571e-01 6.805488444425221717e-01 8.301528612815884944e-01 8.014416286591088401e-01 6.963903064069344451e-01 7.142218942184100916e-01 7.404623666312410979e-01 7.013542412496464040e-01 7.270509148562740442e-01 7.591118034085986288e-01 7.649525050639709445e-01 7.317382954732141176e-01 7.680991151496948666e-01 8.013007440732750064e-01 7.947100577357399942e-01 7.917869524347900256e-01 7.778050668018092750e-01 7.534104747699359450e-01 7.992371541373476385e-01 8.064445647719822308e-01 7.596095189648308654e-01 7.761589278056708618e-01 7.260655092592721571e-01 7.720788088763841372e-01 7.797029605026745136e-01 7.899321876813985011e-01 8.022817032543304583e-01 7.926670835316050878e-01 8.014167889686691915e-01 8.134423227273381851e-01 7.940707166576267406e-01 8.060704608748462396e-01 8.162281177814700861e-01 7.951979629765845159e-01 7.866169715111741567e-01 7.837377677945094323e-01 7.858043113999816365e-01 7.923594070941121226e-01 7.999702616980752801e-01 7.752532517483392560e-01 7.869867440686103555e-01 7.764529299953304431e-01 7.879171279721048915e-01 7.997373790444683994e-01 7.745161631696502180e-01 7.950847347516767361e-01 7.848875233217114111e-01 7.847318884860515764e-01 7.867792518229658194e-01 7.801832627620217675e-01 7.846525135870894285e-01 7.693344127077089700e-01 7.740719787883931780e-01 7.797866616476613055e-01 7.867883291863058126e-01 8.051745586575037583e-01 8.042003176369947326e-01 8.049178432324000099e-01 8.070256595271638744e-01 8.055512011727020694e-01 8.043579709731912830e-01 8.022457765231063576e-01 8.101450257885678408e-01 8.047227392204766572e-01 8.139077045342190120e-01 8.017414899690249452e-01 8.112986400783496199e-01 7.803253872435288452e-01 7.952534047810915219e-01 7.915669286626668688e-01 8.028853383803303823e-01 7.842779542263449422e-01 7.898034256597018521e-01 7.924243929620745641e-01 7.997027146440592871e-01 7.985319585961545563e-01 7.942956626581042512e-01 8.112987588511986203e-01 8.115284392096447919e-01 8.061492815258360922e-01 8.003623003956242821e-01 7.988455688273830013e-01 7.803955526563826073e-01 7.862877216227317501e-01 7.947034608480734175e-01 7.746303010420072521e-01 7.849840659406064347e-01 7.952919484767725367e-01 7.921232552005342820e-01 7.923596461762956178e-01 7.868174541240122721e-01 7.932379896456479562e-01 7.910703724100550671e-01 7.820487579510512210e-01 7.885890752962211314e-01 7.900530012731220575e-01 7.967495378800172334e-01 7.915855071073364391e-01 7.965482676784160221e-01 7.821066024026713803e-01 7.860024944748469355e-01 7.811764634677214048e-01 7.840316280013365224e-01 7.825776751819646382e-01
8.560549876837351968e-02 1.308825929087697737e-01 3.755125136296601496e-01 5.543427012883377358e-01 4.834838033782034583e-01 4.966377224201989904e-01 7.368212661662398855e-01 1.000000000000000000e+00 6.966281515753484088e-01 6.554218859095167771e-01 7.281330514718078462e-01 7.570599145512170169e-01 6.919634178890678999e-01 6.727257461653716186e-01 7.976642621817323642e-01 7.862337187078858314e-01 6.956570215792596823e-01 6.549069940200539230e-01 6.737227629685953456e-01 6.473360919408921443e-01 6.821727043089692577e-01 7.204085425397954712e-01 7.066397750584599846e-01 6.708827202957914349e-01 7.097819517626209329e-01 7.582514477733918179e-01 7.516273403571582801e-01 7.362939547998432754e-01 7.300646124545466797e-01 7.130613655932982464e-01 7.660326412482479919e-01 7.754792034558828373e-01 7.174318281782136042e-01 7.430775476964630588e-01 6.999138437955922942e-01 7.371068040882153838e-01 7.411862840259660912e-01 7.598968906003034096e-01 7.732000682545387971e-01 7.533789270851575237e-01 7.788503871255584299e-01 7.837589675339065032e-01 7.675395956395165697e-01 7.870250405399464855e-01 7.801763591428106936e-01 7.636485062446394245e-01 7.727156095404389413e-01 7.710599266386194417e-01 7.810762387864053080e-01 7.857195697228341880e-01 7.864876534470239822e-01 7.598495746613389557e-01 7.747940765747608483e-01 7.645648961084218209e-01 7.735789132908590382e-01 7.800896874025853300e-01 7.794791631088824335e-01 7.837188738083707973e-01 7.779827042920620661e-01 7.743040849016974425e-01 7.792008989031073973e-01 7.738892384641566924e-01 7.806252492017701217e-01 7.685573849121170031e-01 7.684803504040921274e-01 7.729826180543599712e-01 7.737378758955887337e-01 7.796931145997982870e-01 7.746500787144184885e-01 7.818124305288989273e-01 7.797738292543946459e-01 7.763943579900612901e-01 7.684229236884284608e-01 7.702145198742544885e-01 7.829321759234419975e-01 7.825830883053811471e-01 7.832967686976590738e-01 7.776518427945504630e-01 7.766778931890355731e-01 7.641156298904215882e-01 7.740317333329660432e-01 7.745390662396395287e-01 7.810683099922142159e-01 7.666233253155328997e-01 7.752335420000486810e-01 7.728503478438056851e-01 7.762736711414925939e-01 7.778341658422859295e-01 7.756107173835845581e-01 7.847490402216360517e-01 7.803881573066339117e-01 7.855929562213426198e-01 7.808380517332501602e-01 7.781970844811479937e-01 7.704802430902144561e-01 7.745269894661008792e-01 7.898986239395163755e-01 7.799469462305864687e-01 7.811325278432126318e-01 7.801890425590618516e-01 7.804152052560207053e-01 7.875897618347894591e-01 7.747026102828660221e-01 7.841381745438047446e-01 7.810927842193602366e-01 7.842486741137377759e-01 7.826805713622858596e-01 7.738987492809076274e-01 7.815269446036107182e-01 7.800495586729910835e-01 7.866724642713844862e-01 7.737462773793681858e-01 7.779217076824221921e-01 7.769513115754957955e-01 7.730049954517467237e-01 7.757410826522105340e-01
1.856940990622116261e-01 1.672928224677599773e-01 3.786963391456319439e-01 5.309686022770720992e-01 4.601316220336128526e-01 5.099599953902775873e-01 7.235686201607489654e-01 6.966281515753484088e-01 1.000000000000000000e+00 7.692009573587332838e-01 8.041270176305671535e-01 8.113627455981979875e-01 7.510157568639359571e-01 7.102439018734891807e-01 8.397614490885890737e-01 8.401286240217015200e-01 7.900217096789994287e-01 7.450038186877325774e-01 7.852483997510621982e-01 7.078227045619803759e-01 7.254560295513279300e-01 7.951927481160454558e-01 8.031076695988400571e-01 7.751630776731383010e-01 8.202721232189704725e-01 8.538227540524467862e-01 8.440535086602954928e-01 8.294719390214466692e-01 8.397310603856690259e-01 8.542642403947507956e-01 8.605619516472177155e-01 8.486743350766997596e-01 8.018026541826348552e-01 8.334147707051859921e-01 8.207664016795358508e-01 8.179024372527764486e-01 8.435304184793198656e-01 8.402968702882078755e-01 8.688672722916555013e-01 7.772953994269004019e-01 8.505426562765409093e-01 8.502657326327035525e-01 8.448407407998426155e-01 8.644234508585401100e-01 8.572971655949543912e-01 8.563020045474339925e-01 8.575371871004942026e-01 8.674637703817547063e-01 8.613986723115256705e-01 8.375095540777546255e-01 8.548476503636645019e-01 8.189228531539066713e-01 8.623848351999924278e-01 8.698880606161948359e-01 8.618788037311206907e-01 8.567128806692559939e-01 8.599800053228073837e-01 8.557409896930165960e-01 8.506147782867856666e-01 8.723983018297379877e-01 8.634648502832115158e-01 8.664057051186649927e-01 8.565006282922147385e-01 8.713061688926583281e-01 8.640692501435168760e-01 8.704344707482629673e-01 8.627080067792772811e-01 8.748946304983079569e-01 8.700388428114952388e-01 8.673814760697796666e-01 8.701135544764104779e-01 8.750511275798130706e-01 8.658201419276057020e-01 8.687270494317761438e-01 8.660452833071197176e-01 8.700429791972116300e-01 8.675368614063561079e-01 8.720282651002692065e-01 8.711404673378327912e-01 8.660568937113591881e-01 8.716926925650323454e-01 8.625099950440299201e-01 8.660917329085535687e-01 8.672194702667129773e-01 8.529772186059326744e-01 8.627047117496985384e-01 8.612170860991504862e-01 8.543817175414962772e-01 8.624913152276826311e-01 8.593336106373258287e-01 8.510372542160553611e-01 8.577129605866189443e-01 8.627476244559348917e-01 8.635253881108094776e-01 8.540596222519423186e-01 8.579699546720179759e-01 8.274083917019786627e-01 8.443428285966094737e-01 8.480108649721842529e-01 8.511330742948844952e-01 8.567435704990323808e-01 8.498170220240022221e-01 8.605426507440482320e-01 8.584458463641952974e-01 8.552389873248339436e-01 8.520863649130128170e-01 8.574070949217088566e-01 8.631000860625196447e-01 8.631089432148036922e-01 8.547254858045356674e-01 8.492667078910473011e-01 8.601900328831169062e-01 8.573292224749455848e-01 8.632797469965691750e-01 8.635839086749728111e-01 8.637403695283584204e-01
9.715416240380260471e-02 1.960103325365958882e-01 3.437416657578871160e-01 4.527668633285819588e-01 4.037739986650396018e-01 4.927732054414071805e-01 6.762549197607694573e-01 6.554218859095167771e-01 7.692009573587332838e-01 1.000000000000000000e+00 7.333017991907441191e-01 7.594828058650070490e-01 7.042280792572295223e-01 6.905271632122594871e-01 7.864560256279069517e-01 7.735119483813714947e-01 7.165901353055695866e-01 6.833380979328140814e-01 7.174204373393053835e-01 6.151345148468475577e-01 6.486605436730169538e-01 7.290717999787217352e-01 7.261936374502389047e-01 6.997239509534769475e-01 7.549273247666994369e-01 7.930958921182554855e-01 7.734845864653882019e-01 7.686626704694693446e-01 7.749691382435555109e-01 7.883073197622001427e-01 8.102238221161164322e-01 7.921733656190104167e-01 7.462115019718170705e-01 7.777801409014885037e-01 7.584081728599930683e-01 7.480798284063397974e-01 7.757727038520334517e-01 8.007658826722436896e-01 8.166175420363361859e-01 7.485615457838722397e-01 8.106572914504034388e-01 8.085149707532582886e-01 7.890391976475008562e-01 8.121098972002277483e-01 8.067020727068792141e-01 8.128083826904819453e-01 8.137217653086625813e-01 8.216221901923511650e-01 8.131549382161207262e-01 7.809452882570581123e-01 8.074364069479850192e-01 7.506490993985635019e-01 7.966772893237663578e-01 8.152684071635490914e-01 8.089298674012179724e-01 8.156330138564192866e-01 7.954003136411494923e-01 8.109737994958423624e-01 8.074155964756261072e-01 8.189394242686878211e-01 8.111548853328433006e-01 8.132448287723169633e-01 8.032139032443729176e-01 8.076312613016904951e-01 8.023757636674533344e-01 8.076663950017598514e-01 8.184349112731967857e-01 8.241961365223667846e-01 8.202017461970072532e-01 8.112891472152411465e-01 8.162397891891012280e-01 8.250621244613847161e-01 8.143648784245557382e-01 8.161742178484581167e-01 8.188147542657120415e-01 8.215748476467958916e-01 8.214333658901238344e-01 8.213174337900619459e-01 8.222245155874716716e-01 8.240617826800569201e-01 8.208154240637108856e-01 8.212209763588445011e-01 8.187540511483661909e-01 8.199530796568552660e-01 8.120514227299813204e-01 8.174805330206759146e-01 8.128004248793833098e-01 8.186492667088975939e-01 8.209671442053243506e-01 8.199215522466369865e-01 8.113633810376827959e-01 8.170529870350436985e-01 8.184439506884148008e-01 8.214113398869092864e-01 8.126691676934955089e-01 8.181583120727529135e-01 7.872236345309583383e-01 7.895013173019561625e-01 8.042369501612096627e-01 8.131471520699291577e-01 8.112170194763729247e-01 8.054762105090941260e-01 8.104456193454586677e-01 8.134341343186985984e-01 8.043105336979138320e-01 8.016647126888649666e-01 8.120351330292794323e-01 8.192092239982368129e-01 8.192969842267856517e-01 8.156779408488584737e-01 8.124828600002326207e-01 8.166865094003399328e-01 8.133178471828589329e-01 8.118248666445684325e-01 8.129652741614656897e-01 8.106910516625736030e-01
7.859480266622968780e-02 1.313923993349570551e-01 4.118269523860229597e-01 5.767995704757753472e-01 4.677921116026592108e-01 5.189710704269958619e-01 7.487994398750665859e-01 7.281330514718078462e-01 8.041270176305671535e-01 7.333017991907441191e-01 1.000000000000000000e+00 8.530860084682732047e-01 7.638125060840795788e-01 7.400366153802399038e-01 8.659666418230910212e-01 8.511717915633230103e-01 7.772720111549981103e-01 7.188555961001230621e-01 7.594515856116752506e-01 6.903269938245998327e-01 7.180818227182039770e-01 7.843571796817763175e-01 7.794901266675692275e-01 7.517046587017039982e-01 8.025863585398194111e-01 8.534520958099265364e-01 8.485900848620350212e-01 8.344615318107105884e-01 8.295685085976138851e-01 8.411531581968434423e-01 8.758693556650166689e-01 8.497837336612130699e-01 8.136532888978932343e-01 8.369154399841817193e-01 8.166339343729592803e-01 8.360404865668705776e-01 8.542438461987588161e-01 8.539941569809064159e-01 8.731664488342013586e-01 8.177282277572031077e-01 8.679769198346420911e-01 8.678697849435499379e-01 8.669638766169364130e-01 8.818824957354430838e-01 8.744992064687265865e-01 8.687521466511528567e-01 8.707344631764977194e-01 8.745273236181627663e-01 8.749293553606359852e-01 8.628366922672573436e-01 8.723850845484641958e-01 8.358105681448206870e-01 8.679578245531552882e-01 8.666322796448062693e-01 8.572818571622935480e-01 8.642520497138914681e-01 8.569656907227909404e-01 8.682773881870353705e-01 8.652180453387799952e-01 8.748872925200068540e-01 8.766277086996568935e-01 8.684743886585802874e-01 8.659787718638249920e-01 8.718610438440843602e-01 8.644964833441304286e-01 8.709918447385481821e-01 8.712038094650325082e-01 8.767586020957703896e-01 8.699493402837590317e-01 8.728170803125828714e-01 8.777145533738009986e-01 8.789009052760488050e-01 8.644407499772797099e-01 8.729662757548610763e-01 8.791215791715046857e-01 8.815363511717991818e-01 8.768278375665611302e-01 8.806340005551561712e-01 8.784933465558976140e-01 8.753061717244878803e-01 8.830327986721762112e-01 8.790196063361144230e-01 8.694041392945414115e-01 8.746843789644599410e-01 8.705513332794884152e-01 8.718170777264748761e-01 8.779777425399852842e-01 8.720361888784452509e-01 8.760924139818934142e-01 8.700309983718300666e-01 8.714025758563401780e-01 8.781876140304403222e-01 8.816874003054052666e-01 8.782419242240088186e-01 8.735462312616005809e-01 8.734513988613029634e-01 8.610845323783052896e-01 8.595407128187507739e-01 8.701174397925277582e-01 8.732966232565765319e-01 8.757947266643560935e-01 8.711849013681467468e-01 8.758738366929331720e-01 8.774173900299226947e-01 8.746833658957361424e-01 8.642744963481027165e-01 8.717562225146494592e-01 8.739892341425499200e-01 8.738765670696472254e-01 8.725545795798127502e-01 8.707261606591357728e-01 8.742137482433421924e-01 8.727606728909007572e-01 8.734049670607945126e-01 8.721551862624705720e-01 8.737868406914824915e-01
3.444756440173638717e-02 1.395166640049919082e-01 4.007555610981883287e-01 6.211183982122825409e-01 4.682570487773153878e-01 5.504982192072870317e-01 7.765682537339115843e-01 7.570599145512170169e-01 8.113627455981979875e-01 7.594828058650070490e-01 8.530860084682732047e-01 1.000000000000000000e+00 7.821840880150857656e-01 7.761470082053579800e-01 9.012767397344517706e-01 8.772819759108295701e-01 7.792594705591696647e-01 7.063485937030052897e-01 7.444568524420208666e-01 7.143604291804387385e-01 7.103982506049902890e-01 7.830485499328985188e-01 7.916085781902603147e-01 7.463677340879447675e-01 8.045877159775256526e-01 8.767961425577166512e-01 8.648931840283355932e-01 8.672801585048450779e-01 8.380308452843758804e-01 8.453143421498539034e-01 9.033142078641663852e-01 8.760485216209323855e-01 8.451975978707161330e-01 8.551952439412949802e-01 8.359020456324675052e-01 8.625279260909157752e-01 8.781501514790718277e-01 8.946103411253314430e-01 9.046562396942806616e-01 8.697502402207878403e-01 9.161327445023381699e-01 9.158821528576788218e-01 9.115618861867981204e-01 9.213818616181742582e-01 9.147609612857953154e-01 9.079055388872773191e-01 9.166141836342460714e-01 9.159576109280159750e-01 9.119953744588649158e-01 8.999531848769138920e-01 9.144801782034602811e-01 8.861156656842169577e-01 9.100238938907816433e-01 9.015472839814128170e-01 8.870967686303616873e-01 9.023166858280669000e-01 8.889908225221414551e-01 9.136498206821932477e-01 9.024917754461911912e-01 9.140997104556486397e-01 9.191124955866966095e-01 9.051270767057062461e-01 9.068564225371894549e-01 9.028574776882015707e-01 8.987808229941403049e-01 9.081453296058079605e-01 9.124020931383480804e-01 9.077360738650044336e-01 9.040222157832183969e-01 9.108009035998775316e-01 9.031571650356181591e-01 9.074410085744550880e-01 8.897856168558599954e-01 9.027904105190410755e-01 9.182778613193075534e-01 9.192858231551861437e-01 9.192462931239024915e-01 9.114741975782318928e-01 9.121237153874166559e-01 9.077625255956275341e-01 9.131214334631831964e-01 9.176449918421509810e-01 9.032823239243833457e-01 9.091681399391248197e-01 9.132096641380713642e-01 9.074080436003333361e-01 9.170958783432630046e-01 9.160039693098828151e-01 9.170521508315560011e-01 9.083006784985598880e-01 9.175837352940593439e-01 9.248960206970618936e-01 9.234508376099475058e-01 9.222620561777825632e-01 9.181979223133638346e-01 9.168397370249476985e-01 9.087756614630128071e-01 9.018086218280160216e-01 9.175298343656295152e-01 9.178103367418187775e-01 9.233460042289227676e-01 9.180552281119551683e-01 9.204029872703470838e-01 9.228979041185516596e-01 9.225836299308102229e-01 9.079416690741649587e-01 9.146891416727651603e-01 9.154405912842757953e-01 9.155936330046851035e-01 9.160319267158935075e-01 9.148142968733188329e-01 9.180269951713728727e-01 9.168008324338895454e-01 9.149285883878371939e-01 9.094069567586572367e-01 9.159905570416773113e-01
6.569645638279898725e-02 1.541430748051267341e-01 3.602388363419052886e-01 5.267798512783742337e-01 4.544629728275270675e-01 5.238149010463943878e-01 7.148310186241546571e-01 6.919634178890678999e-01 7.510157568639359571e-01 7.042280792572295223e-01 7.638125060840795788e-01 7.821840880150857656e-01 1.000000000000000000e+00 6.996767501611291795e-01 8.193917927192212458e-01 8.114782927355934650e-01 7.262721655258272957e-01 6.708165383282517213e-01 7.133108759854839276e-01 6.455787304826114958e-01 6.752011767373329310e-01 7.343108966443234742e-01 7.238625496061922293e-01 7.051634356045825003e-01 7.542014713254885372e-01 7.921413381844648605e-01 7.868097895610939307e-01 7.693724041370111344e-01 7.650308212114147466e-01 7.692795826371050527e-01 8.105410153124920081e-01 8.008966314897518757e-01 7.484479045811891496e-01 7.839727526501751864e-01 7.507204219609073803e-01 7.874394894809926271e-01 7.938663043638698458e-01 8.002149933234039558e-01 8.150813326275625492e-01 7.692031937904048045e-01 8.130706653221874136e-01 8.168150301619062637e-01 8.104147009848640115e-01 8.296071640543681847e-01 8.239082574584423169e-01 8.140312944868289824e-01 8.271657101609829477e-01 8.279306389728420257e-01 8.271609654006137902e-01 8.146430765079092362e-01 8.245975102914850918e-01 7.980363351252044435e-01 8.186362472941111079e-01 8.239952986782120847e-01 8.205987087457847773e-01 8.194860528187297710e-01 8.216923226019068327e-01 8.227148477770197532e-01 8.259880786100574079e-01 8.272526895266933966e-01 8.299115721796537226e-01 8.275436783167524624e-01 8.252143916167989923e-01 8.213716816825664679e-01 8.162965241000572636e-01 8.262597891630111269e-01 8.261966888951008947e-01 8.299240413735612387e-01 8.263247096631811672e-01 8.265703500749864707e-01 8.293265768870540233e-01 8.305050969029664776e-01 8.189458710193200375e-01 8.238813193516691946e-01 8.310477640696112278e-01 8.310876953030574832e-01 8.270001156202360093e-01 8.280133404861529378e-01 8.281366491880660652e-01 8.238283066529649146e-01 8.269888562866547499e-01 8.267597866961864383e-01 8.263320313720089461e-01 8.220909380651099108e-01 8.227595840701869001e-01 8.234450060880452726e-01 8.271075139534034282e-01 8.237567834521345445e-01 8.263948749452402209e-01 8.306904254919906805e-01 8.221998644698200742e-01 8.288944755636934447e-01 8.280998484365815759e-01 8.285895849163767979e-01 8.258215633341376982e-01 8.283107110976808407e-01 8.156106026423719513e-01 8.167004441655830727e-01 8.226683371410239420e-01 8.245681196141405600e-01 8.255716761435197837e-01 8.276038500326740044e-01 8.254943036065160999e-01 8.287172181691413453e-01 8.280631719652462586e-01 8.225287189425576351e-01 8.274736998164887725e-01 8.295088772674206190e-01 8.311068804884705896e-01 8.276540533223880614e-01 8.287415330778693523e-01 8.282764356214556978e-01 8.268271745680946250e-01 8.263596319425140502e-01 8.253203622637879100e-01 8.282740202493641402e-01
