1.000000000000000000e+00 1.799085505459727397e-01 1.332008874679780908e-01 6.985848015961088064e-02 3.978401649532498432e-03 -5.156770391024452158e-03 3.942952273210514891e-02 -2.744451859217346759e-03 1.269837888010320881e-01 4.992580669231248131e-02 4.119151273765686572e-02 2.508382797879926684e-02 1.427098048501004683e-02 -4.177628717023844016e-03 1.419503348984964622e-02 -1.285795283982187759e-02 7.706680517574940326e-02 2.424329519493842455e-01 1.795144412304375825e-01 1.735187822738073760e-01 1.910680209891624792e-01 1.629031727594153767e-01 1.577209557836297404e-01 2.292158455863573530e-01 2.050679210185490098e-01 5.476440701424829111e-02 9.119862167044229251e-02 7.071543673105862293e-02 1.685443767366680556e-01 1.488248426766517474e-01 9.467500561136922566e-02 7.377024920037474065e-02 5.340933939461515317e-02 8.841989078110182310e-02 6.977782355878123233e-02 3.311902478356999746e-02 8.289527554909417728e-02 1.819860464742266079e-02 4.509630944522528828e-02 -2.320521299791286282e-02 2.717819128196733922e-02 4.224575533688925029e-03 -1.148587259716701489e-02 1.923810700311930078e-02 2.187253290335271216e-02 4.504748646055552197e-02 -4.665979959445150718e-03 1.198770378641395365e-02 2.110792985149871279e-02 7.469056338429197819e-03 1.109302887942288651e-02 4.260567706623824384e-03 8.347030804943056728e-03 4.115827929541897301e-02 4.425311750494587137e-02 3.139377036862846942e-02 4.539016767430714000e-02 9.465053291828324708e-03 2.300012319909941483e-02 1.992069348369763029e-02 4.929798901197873263e-03 2.417417634318318534e-02 2.877255116192822468e-02 3.202252929001958570e-02 6.105938037671615470e-02 3.704110935760746015e-02 2.825636559010948762e-02 6.006363153234073327e-02 5.620489480213376049e-02 8.508673299380077604e-02 7.000858823916659979e-02 6.102801676411457460e-02 7.905564536651629726e-02 8.570075149876625609e-02 2.374329019950351116e-02 4.447904754982007214e-02 4.118332904737373457e-02 7.296152067831322696e-02 5.760249542583112392e-02 7.195483302020079519e-02 5.721824405135143149e-02 3.848733205507938460e-02 5.390318246780339412e-02 4.356400883366152305e-02 1.569511322985015639e-02 3.170179066819216879e-02 2.677610437665723167e-02 1.667301095322984775e-02 1.647723528038179744e-02 3.754255721117553263e-02 1.043360694864904105e-02 1.010518101231482231e-02 1.155703372653662034e-02 1.716361832626276188e-02 6.111993744385417482e-03 1.242762102435518608e-02 -1.653143063053814574e-02 2.215120372270935195e-02 7.567302791900771229e-03 5.161198276173952285e-03 -9.702165031225559039e-03 8.998952381133283954e-03 -4.460932518252359348e-03 7.542473288954551318e-03 1.050398692959162925e-02 2.453580693090145690e-02 8.929715141362674566e-03 1.092100382857463456e-02 2.113991549458189498e-02 1.019277249113621601e-02 9.096766959778249118e-03 1.001297468805978710e-02 1.151649238901221624e-02 1.573090546612221710e-02 3.071033450945368989e-02 2.450894567157011622e-02
1.799085505459727397e-01 1.000000000000000000e+00 1.020716882890311261e-01 1.481175547762446365e-01 1.249587475026509437e-01 6.788941179911051060e-02 1.670382297562337248e-01 1.331463220067954922e-01 2.097117986687458413e-01 1.951949411784726918e-01 1.717061645873523001e-01 1.885457218164065807e-01 1.462849093123600175e-01 1.087371327681976863e-01 1.715039933753547130e-01 1.618242525619176808e-01 1.790527931319392807e-01 2.389766897138672075e-01 2.076022493689615722e-01 1.995401981154719118e-01 2.215686552303369472e-01 2.174405782413139365e-01 2.112326587760652297e-01 2.316878557356764623e-01 2.288835321871682538e-01 1.894480067867254369e-01 2.058890226797465695e-01 2.043773373118423775e-01 2.438655693792048107e-01 2.381999743436213346e-01 2.150427315481690249e-01 2.008269718852237484e-01 1.931255015885770532e-01 2.083184506070426545e-01 1.899507583513405096e-01 1.664305187425445254e-01 1.821276312972714972e-01 1.873033441156742862e-01 1.916685142050960355e-01 1.551664290314463679e-01 1.830260160850276374e-01 1.685494847928274420e-01 1.603965224304769177e-01 1.869623388721852186e-01 1.868656296279898321e-01 1.890722898671468588e-01 1.658132943008560622e-01 1.731323863724834045e-01 1.778052246074973419e-01 1.673067014590079449e-01 1.727203991625053392e-01 1.444245376025445893e-01 1.723685231360569392e-01 1.823159577831073852e-01 1.942346404814140337e-01 1.825088784151992771e-01 1.863855020296355525e-01 1.755645515587159755e-01 1.779541409028425336e-01 1.783538618518724084e-01 1.672901365068422685e-01 1.828061354506770875e-01 1.823310341492787312e-01 1.796375563881800197e-01 1.858107643610225623e-01 1.769711104305049520e-01 1.754822680554267988e-01 1.931170960718857355e-01 1.969894444101536191e-01 2.008091507735298986e-01 1.930348819129220350e-01 1.939788524956249094e-01 2.022027197517600183e-01 2.036757256453670950e-01 1.843878357154365988e-01 1.949398447843401494e-01 1.922804676423623682e-01 2.106084380982592708e-01 2.084742139173402786e-01 2.112733182784108932e-01 2.044900002353117197e-01 1.859097053061585514e-01 1.901923229451158437e-01 1.931438544422890424e-01 1.835824051513472444e-01 1.920283212900256165e-01 1.827648287253756665e-01 1.810634120829673066e-01 1.777627484135056446e-01 1.882020895096369606e-01 1.788634040163228078e-01 1.771191036476111036e-01 1.752558729665497916e-01 1.776874410903700463e-01 1.728532660457250958e-01 1.756601415174147141e-01 1.630455438092703324e-01 1.782721557524287737e-01 1.732097181108409045e-01 1.722898702289226425e-01 1.661403519820265906e-01 1.721653684028582598e-01 1.676219997157523678e-01 1.754382223213882819e-01 1.703624900459248526e-01 1.767499965434755071e-01 1.731267706194260791e-01 1.758874077409777192e-01 1.836159010624696941e-01 1.771260734790847113e-01 1.766951142787901441e-01 1.754318531656720026e-01 1.762521128533555970e-01 1.750455858525581387e-01 1.798522020134190880e-01 1.770702823248546665e-01
1.332008874679780908e-01 1.020716882890311261e-01 1.000000000000000000e+00 3.362188935331942852e-01 1.788838931277474953e-01 2.015194607859361053e-01 3.352626497053367571e-01 3.225626195611098757e-01 3.689473829879414413e-01 3.009123988698607088e-01 3.712189059169304084e-01 3.759479752019553866e-01 3.248073833873415528e-01 2.709508047625622251e-01 3.666471740198402607e-01 3.549677813702409312e-01 3.410645278082213849e-01 4.047655177900560397e-01 3.961605971422362260e-01 3.772489111606673884e-01 4.047410700839809139e-01 4.072260230381966051e-01 4.091465232639802108e-01 4.044902180746099418e-01 4.112031562817661801e-01 3.801998357848888621e-01 3.973068204163362482e-01 3.889311676282111718e-01 3.978804303089803485e-01 3.959562111953193742e-01 4.013222102023596971e-01 4.000486489447337424e-01 3.770763317788788926e-01 3.962551507009155483e-01 3.830261953890843896e-01 3.734103096772746766e-01 3.929487605752903234e-01 3.621097246037893180e-01 3.718675375313923448e-01 3.590628405975609949e-01 3.764938345625088445e-01 3.730713144401681114e-01 3.633684733590409333e-01 3.682254427812212683e-01 3.808334600726276942e-01 3.749530618027897000e-01 3.584577376092739631e-01 3.670197796595265904e-01 3.725430497359535909e-01 3.779762342083424764e-01 3.788096421775717926e-01 3.741259311117884900e-01 3.761497722712168201e-01 3.782990919626394999e-01 3.826273239383528035e-01 3.812851087365723424e-01 3.907451033661951678e-01 3.677641360255593517e-01 3.813593507154607321e-01 3.727155586112680941e-01 3.701386180844901674e-01 3.719939178578670069e-01 3.873238477858974016e-01 3.705438362739528202e-01 3.848246917273969725e-01 3.815184528369336969e-01 3.757566886754004076e-01 3.925868016926070125e-01 3.907542990302612096e-01 4.077096481856304910e-01 4.025539723929567604e-01 3.963544180029975328e-01 4.019405389693506137e-01 4.022117030654692726e-01 3.776166440075096609e-01 3.935644988503832487e-01 3.864087093739929646e-01 3.984341787158850456e-01 3.926995105946035070e-01 3.996847857733579201e-01 3.976040210668611574e-01 3.873633878966757371e-01 3.946493455802548844e-01 3.884075292340531393e-01 3.752048231619699026e-01 3.831744149885049078e-01 3.807581387839693576e-01 3.778201248750437946e-01 3.740336391509406222e-01 3.850756845400303829e-01 3.759398504281303288e-01 3.733530095773680002e-01 3.753275262673991808e-01 3.760086338722989363e-01 3.704125852740370872e-01 3.711099308647661243e-01 3.674995752397515192e-01 3.836469120799917421e-01 3.764032455217668494e-01 3.754809429851882485e-01 3.670894148846681748e-01 3.737911267709462249e-01 3.723352871331204184e-01 3.738968726697962652e-01 3.780804705671864108e-01 3.859576437061960075e-01 3.722942455302455933e-01 3.700217391242169307e-01 3.792760338051971436e-01 3.730161339628705885e-01 3.728437314758650811e-01 3.686072359925813835e-01 3.730063989089036358e-01 3.740044541050110416e-01 3.772300669574726872e-01 3.809937752266239208e-01
6.985848015961088064e-02 1.481175547762446365e-01 3.362188935331942852e-01 1.000000000000000000e+00 3.337030766032954010e-01 3.196021727955867808e-01 5.824682058701480258e-01 5.217772719447666407e-01 5.459269987221858633e-01 4.846503745144881692e-01 5.766659725560867589e-01 6.442029409476951463e-01 5.598410597950604917e-01 4.361323024996032749e-01 6.010939160581454388e-01 5.857928978869512138e-01 5.127174177091499141e-01 5.578138295025422133e-01 5.665530575239940969e-01 5.532568895360189254e-01 6.054660474607118648e-01 5.852655209519677104e-01 6.083215849712793055e-01 5.872592646632022184e-01 5.736010067175244531e-01 5.847077070118588127e-01 6.176694760414028762e-01 6.221801281013509266e-01 5.854284694323835803e-01 6.152972448077412837e-01 6.258652117812119053e-01 6.195913404695326809e-01 5.931599130237842354e-01 6.155936684538149128e-01 5.875110349218827244e-01 5.963909425194932057e-01 5.962350931799436093e-01 6.069752352988264654e-01 5.901491767993221060e-01 6.054446675752506168e-01 6.111842970995442492e-01 6.018649077766585753e-01 6.313679923556647644e-01 6.046293494028253113e-01 6.187017144290756221e-01 5.999822744181789735e-01 5.832843985152880162e-01 5.846466147641747879e-01 5.931050710730539910e-01 6.302523196345005685e-01 6.253174258586097212e-01 6.524637126510137719e-01 6.324176432792851799e-01 5.846889904022302131e-01 5.861092920549348939e-01 6.035639412777431545e-01 6.133516833748681174e-01 5.884774071934748552e-01 5.925963138735602653e-01 5.852561066364511122e-01 6.104999950996605751e-01 5.796902004377819662e-01 6.141809219726894753e-01 5.843983143554242199e-01 5.803020974487171912e-01 6.055632750513428864e-01 5.934308371651187963e-01 6.048926172073042506e-01 6.107873342333638433e-01 6.220082022607217320e-01 6.186792038358576162e-01 6.081404934843692711e-01 6.181793972891298505e-01 6.222545179449142649e-01 5.986834525067453727e-01 6.083448571183897036e-01 6.096169877607012788e-01 6.038278565197559011e-01 6.246124500452213679e-01 6.242038421142526161e-01 6.134039011477036007e-01 6.050448564189394585e-01 6.063154149523009018e-01 6.117400652562882124e-01 6.182147576326721961e-01 6.134641342046073254e-01 6.002903803290140505e-01 6.014145623975183375e-01 6.067627449285112329e-01 5.993765282749183854e-01 6.116603219388987434e-01 6.046117076092745179e-01 6.044620362433992256e-01 6.056777525153567154e-01 5.967019832113868993e-01 5.902904889949159850e-01 6.286835901841936192e-01 6.327734085668069719e-01 6.082904367367617526e-01 6.154546776876543834e-01 6.112269134492301914e-01 6.045123792450064482e-01 6.188278917220151332e-01 6.044929047091174290e-01 6.204296643708941961e-01 6.031358011188906465e-01 5.965465821469853047e-01 5.844044145270401724e-01 5.938409679037357503e-01 5.965446736543343897e-01 5.963727498553613726e-01 5.922139649767069747e-01 5.864591554046586497e-01 5.986719796692970830e-01 5.871999395981944980e-01 6.052831386009234205e-01
3.978401649532498432e-03 1.249587475026509437e-01 1.788838931277474953e-01 3.337030766032954010e-01 1.000000000000000000e+00 3.040332594131487931e-01 4.663446925809460741e-01 4.621670842406606083e-01 4.463847016801419376e-01 4.232967544658572945e-01 4.547661015556253017e-01 5.016699442790590879e-01 4.904682419867513188e-01 3.740627922643247616e-01 5.037915806470981694e-01 5.273162999506538773e-01 4.425954081916069760e-01 3.602490213462836710e-01 4.100538806601523034e-01 3.656832251173510739e-01 3.963287158681817468e-01 4.106123378990640949e-01 4.510916670206739920e-01 3.949951714633775368e-01 3.891810699042408950e-01 4.951404774909904938e-01 4.817373961520190484e-01 4.857647366201512940e-01 4.307240193797824412e-01 4.506376147717779945e-01 4.880985542212509798e-01 5.025837630591636351e-01 4.909078762478568669e-01 4.857180831074563443e-01 4.719425430851128533e-01 4.890768286470906223e-01 4.816281070113283547e-01 5.093582006659411743e-01 5.001664109973443795e-01 5.194507389036414624e-01 5.118868061340678954e-01 5.090984112587433330e-01 5.231111066311563418e-01 5.176129121312676995e-01 5.110514599440955097e-01 5.085571599190065184e-01 5.155437112164674707e-01 5.168433775524839957e-01 5.175049005096175048e-01 5.206539877406411998e-01 5.213257635101684606e-01 5.203490248810651586e-01 5.211985416969335816e-01 5.145633254370856058e-01 5.075473649872785931e-01 5.145044265708756948e-01 5.084752302900308329e-01 5.129051716680271822e-01 5.097324808595957712e-01 5.149991051145303977e-01 5.220389061683369247e-01 5.120130293834498358e-01 5.172213887154153422e-01 5.065118906157507483e-01 5.005446608263464103e-01 5.152227260046596813e-01 5.167592648928025501e-01 5.022052699670914722e-01 5.145831871019556081e-01 4.992221660711424480e-01 4.932384881856657910e-01 4.996055433206461616e-01 5.075511420057110534e-01 5.007772340610893158e-01 5.158883325576882894e-01 5.102877066572687470e-01 5.091537223218624009e-01 4.989199233889734519e-01 5.057670031843122249e-01 5.036510918753089872e-01 5.099911883513167377e-01 5.107136246709396143e-01 5.106543083912701286e-01 5.179228459118151440e-01 5.290505322616043671e-01 5.233517996926593252e-01 5.149329771724574512e-01 5.195074253106070072e-01 5.204114798504680950e-01 5.146933069387868986e-01 5.219567622467460311e-01 5.224721640596048378e-01 5.189251974247919286e-01 5.168751965137957649e-01 5.203841876936422528e-01 5.211083712051141070e-01 5.235162494262198818e-01 5.199780191576820476e-01 5.260430843888751484e-01 5.235482871025971541e-01 5.277364449195408591e-01 5.220230874831055523e-01 5.292757928749333152e-01 5.219383554188449237e-01 5.293185838959741929e-01 5.158387324736806168e-01 5.217022625244576162e-01 5.196197814180329999e-01 5.156926910606224324e-01 5.227602025401236752e-01 5.180300187012892854e-01 5.221694502188404252e-01 5.168302372889210794e-01 5.177897835374088986e-01 5.103106752859704054e-01 5.229827749521229752e-01
-5.156770391024452158e-03 6.788941179911051060e-02 2.015194607859361053e-01 3.196021727955867808e-01 3.040332594131487931e-01 1.000000000000000000e+00 5.075666466946123778e-01 4.737302110260835364e-01 5.049535836335813377e-01 4.711012163551750453e-01 4.957137895588896170e-01 5.364110763577381036e-01 5.058390567897742551e-01 4.196165076885979284e-01 5.512508902547500478e-01 5.468215392796683672e-01 4.900888850203249381e-01 4.065836091174265254e-01 4.566403809051935436e-01 3.684412161229555505e-01 4.298467527256561449e-01 4.820782510099676510e-01 4.810961466308409928e-01 4.206445294867960927e-01 4.424675357953386512e-01 5.422693682134254178e-01 5.261755159084308131e-01 5.316563809226697579e-01 4.713378676425173386e-01 4.971304390138049367e-01 5.376325564692661096e-01 5.374547828263737115e-01 5.342097126035623145e-01 5.383501226967315478e-01 5.311415854472143483e-01 5.413591330638179988e-01 5.331506960672803830e-01 5.561010303943648703e-01 5.574834473546819158e-01 5.571278766346549061e-01 5.556333327379695541e-01 5.604852132199648063e-01 5.588077746459778616e-01 5.625633502977442912e-01 5.584637312074048898e-01 5.533716604771636849e-01 5.690928514423889695e-01 5.670464682797703437e-01 5.605675125592550767e-01 5.546935828558513526e-01 5.680805375749652386e-01 5.468502367337191306e-01 5.532124959729002311e-01 5.650771321481270482e-01 5.575596319034482606e-01 5.611198186537077470e-01 5.578480212353256196e-01 5.676388975264039516e-01 5.624094923899627396e-01 5.687083649155506571e-01 5.686300664132557525e-01 5.648580917679154600e-01 5.626435871282937651e-01 5.627540760311930956e-01 5.588958559013794680e-01 5.661018142979956647e-01 5.687734141923058706e-01 5.545324850307046249e-01 5.599318927859766593e-01 5.416427058063791877e-01 5.479735685528174249e-01 5.583748685743092910e-01 5.524093098549407443e-01 5.471420249042087125e-01 5.681076709474111031e-01 5.631845135203297215e-01 5.619783790520965772e-01 5.473104431883856202e-01 5.523813225065087318e-01 5.499495056463520326e-01 5.585859638322617782e-01 5.654077440389920772e-01 5.618543942928931889e-01 5.625485359089872350e-01 5.604854756866570753e-01 5.647589931583579803e-01 5.692065744086988177e-01 5.687001402945857098e-01 5.696665959773918875e-01 5.638126595649909367e-01 5.720027681598723879e-01 5.698267241917787107e-01 5.709546094390951509e-01 5.691592442852410061e-01 5.697350073889715372e-01 5.698238879079122743e-01 5.579052689648302810e-01 5.569858436134451640e-01 5.673994646104213446e-01 5.660161335014014528e-01 5.710966375319461719e-01 5.668543843517067637e-01 5.690367828119464733e-01 5.680979086224466901e-01 5.701949438322533315e-01 5.639985091529438055e-01 5.690853736945653552e-01 5.706033779568352449e-01 5.677564594696471456e-01 5.691677307331173274e-01 5.679667622745124822e-01 5.712079417942306225e-01 5.683152952282495285e-01 5.670157701711427967e-01 5.675027619382538857e-01 5.679450552247116146e-01
3.942952273210514891e-02 1.670382297562337248e-01 3.352626497053367571e-01 5.824682058701480258e-01 4.663446925809460741e-01 5.075666466946123778e-01 1.000000000000000000e+00 7.351179821652001900e-01 7.528535557746832696e-01 6.852560588287291976e-01 7.727991776800469115e-01 8.190392028324303686e-01 7.508300612080458514e-01 6.169909573602342379e-01 8.416891966520970714e-01 8.230289457964142796e-01 7.314406783911102661e-01 6.426595922293274477e-01 7.022566213807402979e-01 6.561992099984037541e-01 7.292843312846262194e-01 7.430994319153365613e-01 7.396927930055299250e-01 6.645046515569442702e-01 6.789550760391596107e-01 8.125662521615327760e-01 8.037158500996016697e-01 8.202128630692747668e-01 7.468665902678108814e-01 7.704150220252420356e-01 8.288224528350807141e-01 8.240236708932060505e-01 8.036314374752602241e-01 8.130725186764403700e-01 7.928580753156093675e-01 8.071440829341568479e-01 8.083364378138115924e-01 8.359363184456725104e-01 8.273110768410155691e-01 8.335689785058887358e-01 8.319543331054507496e-01 8.411978243385770382e-01 8.466544965942206513e-01 8.394771010554145096e-01 8.385119980417820029e-01 8.323909436385461547e-01 8.311646607954804589e-01 8.306565956269335027e-01 8.338638491690223420e-01 8.423840782313756215e-01 8.472897260445013679e-01 8.243657924202917320e-01 8.366893450161394519e-01 8.299306761364652063e-01 8.236821539260579250e-01 8.372569989983591476e-01 8.379484716012111090e-01 8.356010459851245242e-01 8.343135373744846595e-01 8.340768928159184581e-01 8.411114358979282501e-01 8.326194173534929854e-01 8.438920085837539053e-01 8.271721622326314582e-01 8.180578800910064396e-01 8.365388819029278000e-01 8.335721696267924807e-01 8.266653935764972649e-01 8.334642050286323878e-01 8.314732195493599320e-01 8.342682844129403197e-01 8.310404912569129277e-01 8.239656532029427938e-01 8.149406549851483383e-01 8.379483214490618392e-01 8.420434526909860162e-01 8.417678309463626496e-01 8.261195520975134210e-01 8.369017179020922237e-01 8.324761115407341983e-01 8.394289443829655584e-01 8.408848645758811857e-01 8.353294839183595943e-01 8.363969353016782460e-01 8.437169109792235222e-01 8.401971833504614517e-01 8.397513993261841447e-01 8.426402834918407247e-01 8.416266868586054217e-01 8.373897573819515383e-01 8.466309276007063511e-01 8.466747018309254136e-01 8.422252069510993699e-01 8.444407852371365042e-01 8.386739431480467744e-01 8.371415199715677158e-01 8.471307058413548585e-01 8.460117507244513391e-01 8.442170807478078798e-01 8.479513345069731312e-01 8.484997662980560129e-01 8.451656461485065330e-01 8.450457315287100979e-01 8.448460080779921499e-01 8.479788327311202911e-01 8.394009373943631669e-01 8.401320967126351125e-01 8.342388271854483950e-01 8.376687351276187465e-01 8.408692594627400485e-01 8.421726984759628776e-01 8.385406066780837220e-01 8.359474779433714309e-01 8.393172410144562612e-01 8.315730587050148559e-01 8.402681790798184336e-01
-2.744451859217346759e-03 1.331463220067954922e-01 3.225626195611098757e-01 5.217772719447666407e-01 4.621670842406606083e-01 4.737302110260835364e-01 7.351179821652001900e-01 1.000000000000000000e+00 7.019267317526343142e-01 6.496110541096806745e-01 7.208931045612412269e-01 7.702532792227551051e-01 7.220416360459431804e-01 5.683411674004718028e-01 7.956582614846989809e-01 7.967167668464241181e-01 7.045008148325169195e-01 5.723518703978515143e-01 6.501041669708982340e-01 5.929002499752916711e-01 6.574796005689184097e-01 6.753772211561913652e-01 6.792846422307232679e-01 6.027609733854187857e-01 6.137991776373675767e-01 7.621715261585843004e-01 7.420120073046425624e-01 7.585833595544629882e-01 6.715557849158427794e-01 6.963969752167674665e-01 7.625028315469378759e-01 7.762107819316848012e-01 7.592442441323766777e-01 7.646608623828546891e-01 7.429503985191313609e-01 7.601921668261654164e-01 7.501188784673178400e-01 7.959177721011657658e-01 7.847103641776194127e-01 7.904224162434398959e-01 7.832513332270920614e-01 7.969590157643587913e-01 7.974191936616561449e-01 7.941975396931310049e-01 7.895950946565558626e-01 7.846661574470676914e-01 7.988880431390473769e-01 7.941165940265042522e-01 7.960590827967272132e-01 8.024105328403564608e-01 8.094332827765700067e-01 7.737207074645979787e-01 7.908434659054123239e-01 7.918792460292708446e-01 7.901708129795410596e-01 7.917370105570422645e-01 7.966984739276884442e-01 7.972306407377611759e-01 7.974012675979330611e-01 7.955504003201500085e-01 8.067610863092566920e-01 7.962971689843043599e-01 8.053205863881266469e-01 7.898604312582112597e-01 7.788681139276203425e-01 7.958050664432385624e-01 7.940313563810705855e-01 7.840514705833658837e-01 7.898577150048725626e-01 7.829760581122644503e-01 7.877914683727246237e-01 7.836027692262859112e-01 7.796115425995632231e-01 7.671313284229158702e-01 7.953112444231116296e-01 7.948276498812618662e-01 7.940778890442675708e-01 7.725541268374768178e-01 7.825077718555496498e-01 7.793599290222145148e-01 7.886266072498353541e-01 7.944087843540608151e-01 7.897156310729747108e-01 7.918159966298921049e-01 8.037426850545604795e-01 7.989481322358799043e-01 7.942145603732514436e-01 8.019221774682517845e-01 8.014755007337764914e-01 7.934629927892073997e-01 7.997569558935739842e-01 8.036119342359862028e-01 8.023939983526539033e-01 8.014040224769938270e-01 8.015850240845466823e-01 8.009761341047352268e-01 8.039339901631432639e-01 8.004853956192139464e-01 8.080205103292182889e-01 8.090794564894698837e-01 8.076128766539926174e-01 8.049690447003126081e-01 8.040234701131336870e-01 8.047634204301256089e-01 8.037636654384480162e-01 8.005320501837088765e-01 8.039394864304526545e-01 7.978724867040609681e-01 7.978570275177644389e-01 8.025297462792918557e-01 8.031739899523430148e-01 8.006620684275865818e-01 7.992630873405642822e-01 8.015897694209067614e-01 7.925146523685723254e-01 7.998730067353111428e-01
1.269837888010320881e-01 2.097117986687458413e-01 3.689473829879414413e-01 5.459269987221858633e-01 4.463847016801419376e-01 5.049535836335813377e-01 7.528535557746832696e-01 7.019267317526343142e-01 1.000000000000000000e+00 7.449399692847563648e-01 8.053948374991745096e-01 8.343287391120535190e-01 7.728164882985867346e-01 6.315630204224909061e-01 8.387361435717752833e-01 8.338521033936284743e-01 8.221118330415732034e-01 7.365923623786930774e-01 7.926979330873279439e-01 6.673928150381118751e-01 7.677387316933663719e-01 8.196815802256350869e-01 8.035123491974787147e-01 7.507757982525354867e-01 7.851310316062245498e-01 8.619784327313555483e-01 8.517627906852625053e-01 8.534131039768344529e-01 8.304096247023909916e-01 8.400489565301271222e-01 8.783682601426585634e-01 8.667860200313691754e-01 8.411962806325271602e-01 8.589340354869759997e-01 8.423754932044269506e-01 8.374763611264308683e-01 8.586680243394390066e-01 8.671743453824293235e-01 8.737999848220493471e-01 8.290207625070378228e-01 8.719144155940767860e-01 8.658042696546380812e-01 8.411894813150009309e-01 8.747983285643020634e-01 8.599031642890669902e-01 8.760811491413889041e-01 8.682474739992714907e-01 8.794313440289388550e-01 8.760383653903708323e-01 8.473075900457076592e-01 8.672627154084556755e-01 8.118095059369214717e-01 8.577525879926987118e-01 8.851200153497975620e-01 8.807511058925437952e-01 8.755767271320934464e-01 8.771953169530062322e-01 8.757670775338051161e-01 8.808843472823306708e-01 8.823709777779971120e-01 8.705975948074931026e-01 8.822640942203178183e-01 8.719009837247619910e-01 8.778717279718120103e-01 8.828575115090135927e-01 8.787769368844977613e-01 8.806076463732976922e-01 8.845438752438855579e-01 8.828263788847463545e-01 8.780893223583163820e-01 8.806510438968565557e-01 8.869059801201166771e-01 8.796778537386326091e-01 8.803264755276332121e-01 8.825343206159280696e-01 8.857745243649350897e-01 8.837116670700659871e-01 8.869332096028125223e-01 8.827582961663569261e-01 8.908511645645738053e-01 8.884613650857445810e-01 8.870957479016240432e-01 8.835553257846451292e-01 8.839659431212580909e-01 8.675318430139110637e-01 8.756670382498936700e-01 8.808954485536221179e-01 8.776801024578005928e-01 8.776670893198156298e-01 8.824898358414292598e-01 8.723365544064276556e-01 8.767208384747964267e-01 8.768220972828495441e-01 8.802765393599357724e-01 8.773514322128357357e-01 8.792702835179494469e-01 8.475944628465430508e-01 8.681175069829566437e-01 8.732678880754528583e-01 8.680374166214759324e-01 8.644041167764417999e-01 8.750951358427796478e-01 8.651694103552476367e-01 8.777818912509818272e-01 8.713784328696504433e-01 8.785948111333411470e-01 8.766185482923207761e-01 8.798272889119377327e-01 8.816784448792021056e-01 8.803335711285439347e-01 8.764244196562650524e-01 8.797092197335940611e-01 8.796625839175787887e-01 8.773694285123450065e-01 8.828281662892811799e-01 8.794403549764802097e-01
4.992580669231248131e-02 1.951949411784726918e-01 3.009123988698607088e-01 4.846503745144881692e-01 4.232967544658572945e-01 4.711012163551750453e-01 6.852560588287291976e-01 6.496110541096806745e-01 7.449399692847563648e-01 1.000000000000000000e+00 7.458170632999873151e-01 7.679131060691204436e-01 7.108752299530597396e-01 6.051286544536400580e-01 7.841999963724887168e-01 7.821929269755325542e-01 7.553534925701570479e-01 6.311570496731810920e-01 6.984391629253995371e-01 5.613866687049969828e-01 6.782497523092329006e-01 7.271933118903995963e-01 7.052841180287949818e-01 6.399104296070420306e-01 6.826043593865178671e-01 8.044113828672584399e-01 7.787606582769220909e-01 7.910550328819040411e-01 7.487386657242277588e-01 7.591297137268822048e-01 8.119161106611463286e-01 7.978746572205004384e-01 7.893075770150793646e-01 7.909606323732889521e-01 7.752194734321729008e-01 7.884148571739579836e-01 7.862696058546315703e-01 8.141728219836401603e-01 8.167985861883793053e-01 7.876288897038868919e-01 8.099637609211652878e-01 8.116378726983631831e-01 7.865739099239383858e-01 8.159343947291156640e-01 8.048385452869503132e-01 8.130174228165913952e-01 8.162356003318463893e-01 8.236109529406187013e-01 8.206367507403035111e-01 7.911893561191791768e-01 8.111995599899989307e-01 7.497698947774174005e-01 7.974125983363661296e-01 8.209216971097316184e-01 8.195111672689890936e-01 8.167539863995605387e-01 8.094658866190020952e-01 8.218989906938688472e-01 8.213325918060074837e-01 8.234586125888684327e-01 8.159335309300529415e-01 8.227057535059405513e-01 8.092435901249698249e-01 8.178934829150908969e-01 8.152750117578053679e-01 8.119015092397934286e-01 8.221711972659252465e-01 8.155776001776884332e-01 8.160562929238722729e-01 8.005574342480801242e-01 8.104434247707434924e-01 8.225286770790422031e-01 8.011490982993068055e-01 8.026734107446945599e-01 8.273506254898581602e-01 8.244478213436035041e-01 8.243700526314290400e-01 8.190397400615484491e-01 8.141341683290771458e-01 8.188571706569826025e-01 8.237003176702571983e-01 8.278946412762498985e-01 8.210947485285416958e-01 8.203553514459763774e-01 8.130849723224206071e-01 8.181735319842201593e-01 8.214987909233771868e-01 8.235530549122007660e-01 8.242480208008906573e-01 8.240418916157704610e-01 8.209239358092911276e-01 8.239860190616249414e-01 8.225473291324106873e-01 8.260477833165902339e-01 8.230889496965523300e-01 8.249471612170407031e-01 7.987812676780295940e-01 8.055026768242717905e-01 8.167967659744436171e-01 8.165397675115005915e-01 8.142364264404017282e-01 8.190350361355130948e-01 8.084649160919992195e-01 8.230911462232336495e-01 8.140337866041192916e-01 8.149328377900052489e-01 8.218894919301947821e-01 8.256946190893981186e-01 8.259137896129217227e-01 8.243870640598728317e-01 8.245370099658574370e-01 8.234722621965292477e-01 8.227381398735114093e-01 8.211241652733556329e-01 8.239174092911942804e-01 8.186533255684435018e-01
4.119151273765686572e-02 1.717061645873523001e-01 3.712189059169304084e-01 5.766659725560867589e-01 4.547661015556253017e-01 4.957137895588896170e-01 7.727991776800469115e-01 7.208931045612412269e-01 8.053948374991745096e-01 7.458170632999873151e-01 1.000000000000000000e+00 8.544651946745177584e-01 7.784961030340763477e-01 6.441620073548524061e-01 8.620603285072874211e-01 8.519196102698264328e-01 8.017479283180970473e-01 7.243132333359024733e-01 7.803673005988694955e-01 6.638742048353015734e-01 7.643328269694074084e-01 8.045043470719518419e-01 7.974512256361646623e-01 7.357775720093706617e-01 7.624609645151433357e-01 8.611486972936446271e-01 8.568196359801970585e-01 8.563913050547856676e-01 8.108686936514655219e-01 8.266255458236597686e-01 8.835169242168683379e-01 8.734148293859422818e-01 8.506291438098168012e-01 8.639859050623173164e-01 8.461275732297023344e-01 8.521733057043271442e-01 8.590782102472519499e-01 8.770684595941531381e-01 8.786447905672978287e-01 8.563701210334193625e-01 8.786636452164343636e-01 8.814103571254432445e-01 8.675185951273696183e-01 8.856252653710924294e-01 8.792553174536466010e-01 8.797090539145721033e-01 8.789768196914731213e-01 8.837143585112867683e-01 8.827401462408308586e-01 8.726304960028885560e-01 8.833934257332662909e-01 8.463925390005758720e-01 8.742593538707169598e-01 8.851175022249404556e-01 8.814798560133001448e-01 8.825595892698040457e-01 8.815714956678483150e-01 8.837812827068307620e-01 8.861405710726466545e-01 8.878766697634150606e-01 8.874493663640011798e-01 8.854419738004661866e-01 8.849680797847635505e-01 8.825460157015718732e-01 8.844656634595282618e-01 8.867794369206921656e-01 8.884801290230528448e-01 8.901878887078057412e-01 8.887019543762264551e-01 8.831883059621240539e-01 8.863995663761280452e-01 8.917322130786746737e-01 8.851664012061910558e-01 8.827912986852861632e-01 8.909074252511599568e-01 8.910513260135136671e-01 8.930098574831175640e-01 8.856242636878408625e-01 8.902155692803851439e-01 8.901451846706243121e-01 8.921986861951353154e-01 8.932469564162717202e-01 8.894729982590643402e-01 8.892661593461312908e-01 8.868571890182164186e-01 8.892386308887335611e-01 8.895802948677202782e-01 8.893948722957141229e-01 8.909071031187577594e-01 8.894840887749678737e-01 8.896156417865965782e-01 8.919139069760795291e-01 8.914846642910381203e-01 8.926076847920166868e-01 8.905803230801151438e-01 8.891363300326599051e-01 8.739617796222842738e-01 8.834415050574403461e-01 8.895799809428879268e-01 8.882285501397561012e-01 8.864011856273928958e-01 8.895200548810575647e-01 8.876455827562327316e-01 8.915964471439200567e-01 8.896366537923272588e-01 8.864249078694080852e-01 8.898468865452860976e-01 8.886344242387184122e-01 8.909227859537330874e-01 8.895068730391368916e-01 8.895162194575212400e-01 8.897867493134926642e-01 8.885655243188061991e-01 8.886439915482533536e-01 8.899766868430049049e-01 8.921574874954169010e-01
2.508382797879926684e-02 1.885457218164065807e-01 3.759479752019553866e-01 6.442029409476951463e-01 5.016699442790590879e-01 5.364110763577381036e-01 8.190392028324303686e-01 7.702532792227551051e-01 8.343287391120535190e-01 7.679131060691204436e-01 8.544651946745177584e-01 1.000000000000000000e+00 8.358647334106057425e-01 6.820021719296781582e-01 9.119976528808166893e-01 9.015901369558620981e-01 8.288269020933732856e-01 7.376427708610262535e-01 7.996225166813369922e-01 7.061801521816905014e-01 8.015799185755111411e-01 8.281119918518577983e-01 8.360299369432769856e-01 7.675584734995860581e-01 7.863243047842990441e-01 9.030299506044289215e-01 8.910976355524897752e-01 9.007503831882174294e-01 8.314184314545909338e-01 8.644361960936591815e-01 9.186725247344053047e-01 9.180194876140007620e-01 8.920338108584696668e-01 9.027561980700712363e-01 8.828579810709172859e-01 8.952095247630569297e-01 8.949264880369159902e-01 9.245287423702861496e-01 9.174117949721944942e-01 9.119512161626421864e-01 9.268287218906765546e-01 9.265599375092390400e-01 9.274928965499892319e-01 9.327981115979776527e-01 9.264067859186280174e-01 9.277421390701743320e-01 9.275332485562559626e-01 9.275432201486721873e-01 9.279395318528164127e-01 9.261165265806535762e-01 9.366655169468849351e-01 9.102666697551627939e-01 9.255201676100792696e-01 9.266793057254625321e-01 9.220806794461502420e-01 9.251963721143756647e-01 9.291586876668108674e-01 9.284901039237782872e-01 9.292128713648620808e-01 9.315465450881250664e-01 9.387057323260564745e-01 9.288179040259709751e-01 9.343458017095995771e-01 9.256150588154626879e-01 9.191374438679358327e-01 9.332315360586734831e-01 9.307966185772731382e-01 9.296010062594315393e-01 9.342894847218284893e-01 9.272960944859820476e-01 9.272153036549438676e-01 9.310850003943124120e-01 9.264949018686040594e-01 9.237769080317677073e-01 9.352977372127927458e-01 9.355515651433142787e-01 9.331125002291847936e-01 9.212168350721979815e-01 9.332251497345682711e-01 9.322930485184618421e-01 9.340179791184439750e-01 9.339600834001139384e-01 9.310520556243540025e-01 9.346389909053246514e-01 9.356916874434331177e-01 9.358067533736890153e-01 9.324184502927566065e-01 9.353751537164443075e-01 9.372862780513335768e-01 9.320196419268558241e-01 9.380275205333715727e-01 9.376229236313355919e-01 9.359720987493207467e-01 9.359674730320893810e-01 9.368205382050589503e-01 9.340019460309341159e-01 9.297988894566859841e-01 9.352220837188158775e-01 9.372160543186608406e-01 9.374291638601729426e-01 9.383514627763460680e-01 9.362051328979049680e-01 9.392508175440531515e-01 9.381570920647608336e-01 9.417684421170241515e-01 9.322724075426112034e-01 9.359952260967073778e-01 9.316615954231086683e-01 9.335088433715300615e-01 9.357416052718903199e-01 9.341576896919911999e-01 9.358750179539218061e-01 9.320141321019573821e-01 9.345500460910257656e-01 9.289501612783690465e-01 9.368455022813374500e-01
1.427098048501004683e-02 1.462849093123600175e-01 3.248073833873415528e-01 5.598410597950604917e-01 4.904682419867513188e-01 5.058390567897742551e-01 7.508300612080458514e-01 7.220416360459431804e-01 7.728164882985867346e-01 7.108752299530597396e-01 7.784961030340763477e-01 8.358647334106057425e-01 1.000000000000000000e+00 6.233120233527025267e-01 8.477047848453019840e-01 8.454915579325501529e-01 7.769113562414998730e-01 6.651925713336470647e-01 7.356083877214201205e-01 6.152069501434316301e-01 7.138602110198323247e-01 7.586142051436776113e-01 7.632669343327835865e-01 6.960403415429943230e-01 7.196484810291768897e-01 8.414678865641042060e-01 8.228040877194884306e-01 8.334988283273230270e-01 7.682692977354315111e-01 7.843324988181040736e-01 8.445573877620691228e-01 8.489721826894524037e-01 8.245408455052747332e-01 8.352375136519414323e-01 8.145355252482906483e-01 8.255460612516595242e-01 8.277592517567893271e-01 8.557410006547611081e-01 8.517576880102984971e-01 8.496579476964735145e-01 8.633472135146781357e-01 8.652758716785342585e-01 8.579319087869606841e-01 8.678097746780366606e-01 8.630602358273864461e-01 8.571787411006654978e-01 8.664214445642687279e-01 8.672847632020130870e-01 8.673189678589781071e-01 8.566721379761750299e-01 8.677800037929728205e-01 8.381912892807232840e-01 8.624136792350390879e-01 8.646263492563865949e-01 8.600007150162354286e-01 8.662267237786043239e-01 8.581830951577298361e-01 8.666781088111793485e-01 8.660594938623171757e-01 8.695820740701593055e-01 8.743274524684820914e-01 8.649143866843868045e-01 8.616791566130973523e-01 8.597180063250459137e-01 8.541959217451372544e-01 8.674985427967715212e-01 8.694998567339036200e-01 8.615815432801209317e-01 8.675686455932125618e-01 8.503998174990120562e-01 8.566111225944889052e-01 8.645251581002548757e-01 8.593483413427465134e-01 8.543947260185553727e-01 8.705283318430167006e-01 8.686162110361396183e-01 8.694001124681985937e-01 8.558299197029310967e-01 8.654510962914353511e-01 8.629652097424531654e-01 8.683529864749548466e-01 8.706240073680917568e-01 8.661664572158199737e-01 8.671827402551093300e-01 8.707783313679617887e-01 8.711295428015540798e-01 8.706230815637496789e-01 8.714716038748198113e-01 8.735704253875217207e-01 8.667950389982360671e-01 8.730901690847907570e-01 8.741908747555481307e-01 8.744757779999764447e-01 8.733988555310819857e-01 8.727350741071501217e-01 8.735513354606625480e-01 8.603910038451783038e-01 8.641593948058742258e-01 8.727121158027926207e-01 8.729460395812427276e-01 8.747265110078618067e-01 8.722703736837728039e-01 8.743420199268091553e-01 8.751203715231392621e-01 8.750206853252189276e-01 8.664076868311620938e-01 8.730042257314206688e-01 8.702074738814422616e-01 8.697757097216436417e-01 8.726784046145784624e-01 8.716796955639600775e-01 8.738885974179252392e-01 8.693591177711574858e-01 8.707726922833235461e-01 8.656137817357482112e-01 8.719586212176889672e-01
