1.000000000000000000e+00 2.115981130332990900e-01 2.435143896244298944e-01 1.679770091880260219e-01 9.337776892862015288e-02 -5.208007102932738636e-02 1.234517793240567513e-01 1.614320535663361089e-01 1.463312866697988046e-01 1.851802307685793958e-01 9.070070490041461098e-02 4.079454329590403994e-02 3.518944201267738131e-02 4.039555322366449736e-02 8.111152414006390921e-02 1.211218479422920130e-01 1.643186022027486870e-01 2.394379678725477578e-01 2.108812379679558535e-01 2.542761666206678761e-01 2.193137096585850432e-01 2.045096835905358401e-01 2.354259306751878000e-01 1.981204692101397047e-01 2.513659439909644577e-01 1.961630347344758551e-01 1.960323798859049116e-01 1.807152328866821200e-01 2.447125183415175265e-01 2.289444206929761583e-01 1.631905132370906342e-01 1.440119880671920927e-01 1.251127174162749156e-01 1.439314552246577783e-01 1.865603221035609938e-01 1.604607058914649942e-01 1.595030110517108579e-01 1.258413451040684139e-01 1.041712419667839284e-01 5.737888590329889155e-02 8.380876467382361583e-02 7.201346331772169596e-02 5.982597749826120553e-02 8.215734807787766769e-02 1.193869215454548549e-01 1.064808667589540736e-01 2.843895775823755689e-02 4.014503048780932587e-02 7.339310848192773240e-02 1.158835793628769512e-01 9.206830536721261060e-02 7.371968493239688947e-02 6.071794760563644505e-02 1.047503014886448508e-01 1.149509325118867609e-01 1.202200047328448734e-01 1.390537079417893118e-01 6.381831004147435482e-02 8.260113251729722661e-02 6.003410349021184866e-02 7.474493458609768326e-02 8.220603913365859272e-02 8.305839337598655558e-02 9.570555385058782116e-02 1.029840439359707288e-01 1.093058420508569856e-01 4.927047258714988692e-02 7.387682166756490143e-02 9.935411138713244605e-02 9.120848383629535927e-02 6.511701891638402295e-02 8.052933198668220383e-02 9.511014216482227557e-02 1.061108468670124844e-01 7.840275766596495333e-02 7.527086600740612310e-02 5.703124039770676029e-02 1.041251302993341926e-01 9.569966385658877639e-02 1.138446326111169082e-01 8.920915085232328234e-02 7.370010210778717152e-02 9.149841045087149516e-02 8.545951347278157861e-02 6.283162304471288928e-02 5.822119586998255464e-02 5.102576589064075629e-02 4.499490490096598461e-02 4.005427052172459007e-02 7.566292143464962983e-02 3.119672186084464921e-02 2.155445547320196734e-02 4.258250528700643911e-02 3.416091176263307688e-02 1.278457922574367800e-02 1.456059076934147246e-02 2.864179649861663124e-02 8.767990638314018814e-02 3.489080283546799888e-02 3.661888011511020558e-02 1.836249090753551069e-02 4.546003587831426440e-02 2.684068155185730803e-02 2.139493554340994239e-02 5.868212765254040425e-02 6.831817212263183170e-02 4.669771184163878236e-02 4.259964590525600753e-02 5.234694437804234685e-02 4.025755865098927522e-02 3.599447882050049036e-02 2.804835528884369600e-02 3.393018396365070355e-02 4.541680140165899743e-02 5.399478248051221146e-02 4.980717368199403389e-02
2.115981130332990900e-01 1.000000000000000000e+00 2.353005577818068073e-01 7.308274643517771729e-02 1.058936077720134400e-01 3.381512937133505925e-02 1.953937715119102303e-01 1.831182097336752079e-01 2.371930751305934837e-01 2.952900526228595113e-01 1.924103556972789619e-01 1.331988844416084061e-01 1.373515289662068650e-01 1.683204378140477353e-01 2.119444530445756536e-01 2.075621139889289590e-01 2.420888552427610529e-01 2.752311357011227311e-01 2.767531975984854897e-01 2.472785725272218238e-01 1.965490975361589288e-01 2.564422930676572565e-01 2.915243131181029512e-01 2.342097341572378644e-01 2.921669501258820079e-01 2.788954877678932465e-01 3.021296350470599745e-01 2.860461941316547740e-01 3.177849725584374063e-01 3.261443534144088940e-01 2.914486844531253285e-01 2.288390257172502051e-01 2.297865471136681936e-01 2.109403205072057641e-01 2.856802830384574943e-01 2.248235119083651923e-01 2.765881507303390441e-01 2.212276537110957619e-01 2.313731346039970826e-01 1.856983571911213216e-01 2.075793146843408488e-01 2.033679180152790922e-01 1.670269300153376102e-01 2.025169588351634631e-01 2.367484045266034787e-01 2.419497944333256767e-01 1.786039433120435727e-01 1.918967782687661106e-01 1.917241287283579509e-01 1.710611836494939642e-01 1.951871753856337655e-01 1.144484104319266199e-01 1.560709754707413077e-01 2.372926862068815979e-01 2.358038713674846243e-01 2.486440510151229355e-01 2.206256990691113085e-01 2.011215571818585623e-01 2.208229827412195589e-01 1.877284310896689401e-01 1.914705261809759584e-01 2.108934045508338573e-01 1.978036135513865923e-01 2.019130389372670864e-01 2.063128203579851494e-01 2.129155096714463735e-01 1.870246824762908655e-01 2.097160412276908303e-01 2.274632787862514438e-01 2.033780081045256649e-01 1.900490928208607155e-01 2.182273308973514958e-01 1.935165215843223652e-01 2.247819715187860945e-01 2.127460911530686671e-01 2.194305170919924608e-01 1.955292996746504641e-01 2.393367488707403290e-01 2.215632579174905969e-01 2.557970143461810175e-01 2.344774290200287159e-01 2.273699134266770616e-01 2.034642096906708608e-01 2.325099578362608554e-01 1.710056448387522188e-01 1.778887286399113699e-01 2.024594117656952352e-01 1.719470089461660745e-01 1.849045779425167735e-01 2.162508953398449563e-01 1.720044040472699931e-01 1.646541447844354911e-01 1.877560962041331383e-01 1.856599109211363730e-01 1.666374701163042815e-01 1.658576104173931365e-01 1.256012474991300421e-01 1.685292913439268292e-01 1.576340312735649840e-01 1.483137163960542293e-01 1.376537404318524116e-01 1.548041425150352979e-01 1.602933331768555125e-01 1.523042839000446069e-01 1.649527210826207402e-01 1.803630809824045000e-01 1.749270847371911519e-01 1.912162655324992078e-01 1.918989160838604213e-01 1.744551082021432720e-01 1.760899637220763869e-01 1.687868294392463331e-01 1.700772554845827456e-01 1.699035744777536994e-01 1.855086761094265901e-01 1.815204462635413574e-01
2.435143896244298944e-01 2.353005577818068073e-01 1.000000000000000000e+00 4.587246381545294627e-01 2.386236184477464606e-01 1.327183240722270008e-01 4.340956405841396859e-01 4.473986255404914791e-01 3.540701260662715844e-01 4.202667896955756821e-01 4.092532445960608278e-01 3.515546590240309355e-01 2.805832346040902370e-01 3.214981313506282690e-01 4.055177022192756886e-01 4.312643085877533866e-01 4.624373769492271524e-01 5.632015295180894388e-01 5.516546355091638265e-01 5.132530379112083541e-01 5.303364119296150037e-01 5.464681342684052368e-01 5.851338019394708434e-01 5.531916991321066401e-01 5.819038013738404569e-01 5.349292360202726471e-01 5.493224831788420248e-01 5.365932615573969500e-01 5.523554212435805022e-01 5.296182622119075534e-01 4.771652416317848089e-01 5.107373999350248717e-01 5.178604369365547022e-01 5.148436731016375889e-01 5.274981671623411028e-01 5.152530424834846912e-01 5.151489373523262527e-01 4.901699992900339087e-01 4.672777979810063820e-01 4.489589676873415036e-01 4.222216603660566836e-01 4.132825106893371347e-01 4.151768690849911292e-01 4.173374783259085063e-01 4.762340911868711557e-01 4.516930424580840597e-01 3.399048962855830691e-01 3.400448576096656295e-01 3.943636985550798557e-01 4.545925994513875246e-01 4.399709606618614766e-01 4.069188320413176796e-01 3.931006617931520064e-01 4.074241930234137610e-01 4.310069806172390217e-01 4.699225332087436091e-01 4.422227237603073569e-01 3.837258375053707038e-01 4.154438736942236976e-01 3.504762085980484554e-01 3.842186500086849921e-01 3.740741341672917386e-01 3.939727078712167430e-01 3.888724395643148868e-01 3.884713308187853764e-01 3.962004693635713948e-01 3.543716980193800103e-01 4.095688322726113162e-01 4.437385909121728811e-01 4.178109330950180444e-01 4.098321412646273587e-01 4.141642399486086812e-01 4.546501735091640350e-01 4.512718936803738479e-01 4.052330856568484574e-01 4.054502909799642674e-01 3.945936444731460435e-01 4.276192626547701270e-01 4.277482730019555590e-01 4.311663603731972216e-01 4.192800501646553601e-01 3.910804269606697470e-01 4.316315580279979081e-01 4.271186390868839111e-01 4.076097460265296069e-01 4.088186587312183651e-01 4.037231426355918362e-01 3.830735536567366761e-01 3.760145119082160536e-01 4.159790209949023598e-01 3.892050292269010336e-01 3.477767712629181163e-01 3.761034801746262479e-01 3.692766970059451759e-01 3.217164624746716162e-01 3.154852514459490775e-01 3.518132374304376309e-01 3.870424644839176587e-01 3.480690831201615487e-01 3.605787788104255487e-01 3.475062671368446821e-01 3.621079360631779820e-01 3.444794558960366238e-01 3.391295785388793171e-01 3.770430819141784018e-01 3.772124115903451314e-01 3.486278339772000412e-01 3.452289614074000590e-01 3.735542019825411897e-01 3.472463725848397020e-01 3.565759480522092129e-01 3.226522680091497008e-01 3.390857136900765068e-01 3.485729603988914072e-01 3.525766867162428153e-01 3.435610574664055283e-01
1.679770091880260219e-01 7.308274643517771729e-02 4.587246381545294627e-01 1.000000000000000000e+00 4.531691875919701684e-01 3.657694428760062677e-01 6.287980493514017111e-01 6.557798419805513923e-01 5.282999696732684214e-01 5.248339962377053247e-01 6.118654667660488045e-01 6.453374612627057472e-01 5.152538965948952887e-01 4.611778374072935116e-01 6.068357210161784421e-01 6.477946207320605110e-01 5.613253128374777745e-01 5.790736876592539328e-01 5.879039240059020788e-01 5.356016202046465224e-01 5.948820731314947707e-01 6.208288457639873359e-01 6.217762487808319305e-01 6.066802429912102612e-01 6.011999307890861788e-01 6.543789483044408772e-01 6.255872022161621526e-01 6.327718359099450129e-01 5.826548882831984466e-01 5.826396583064127332e-01 5.818449889646174489e-01 6.550589416987714353e-01 6.380036086255516103e-01 6.346210921368587998e-01 6.123225370666857126e-01 6.478132949281317776e-01 5.985042598208948350e-01 6.735620526356435045e-01 6.196857657539045494e-01 6.550352368129314096e-01 6.228020328297414476e-01 6.175989503723033902e-01 6.445240290184218734e-01 6.254693238156266988e-01 6.335281521816567007e-01 6.115575851222749826e-01 5.648886213474463291e-01 5.529126723858155401e-01 6.169653240670499583e-01 6.783027571519145704e-01 6.583481735513783129e-01 6.595421892142618869e-01 6.310594501972418557e-01 5.855580644770257415e-01 6.124311899849436136e-01 6.183497313343383484e-01 6.396128571934720508e-01 5.891362102955869373e-01 6.097653085788211635e-01 5.789948581006189032e-01 6.109325402106359215e-01 5.941708174401052478e-01 6.168427964557454679e-01 6.056554023960273314e-01 5.745605632528545392e-01 5.962357228013712707e-01 5.655129977923771811e-01 5.847645587690459834e-01 6.150043531546148801e-01 6.108039312831244905e-01 5.972865366047160895e-01 5.868051212046141440e-01 6.313958669995830553e-01 6.067167911209888631e-01 6.103868118411014398e-01 5.903828949928998648e-01 6.033363219265028832e-01 5.852058157241774028e-01 6.115709300334395415e-01 5.862825306538659298e-01 5.867098329009493574e-01 5.685854137548054243e-01 6.275432824329167936e-01 5.980854896760150474e-01 6.243918211796456452e-01 6.077141196867670292e-01 5.855445447602313225e-01 6.165192233098606422e-01 5.854464393543982181e-01 6.060948889720194632e-01 6.158485961173931766e-01 5.837528198588778361e-01 5.827274744070632950e-01 5.797698630148537813e-01 5.505989673209036317e-01 5.498513616113573921e-01 6.256532998191959294e-01 6.235105322213173595e-01 5.938311447154881462e-01 6.161709634144169057e-01 6.091765307889094316e-01 6.119784641710440676e-01 5.829370768191517449e-01 5.873247060094133332e-01 6.023173571348756639e-01 6.063248702021087899e-01 5.840807276040362872e-01 5.620706042513274880e-01 5.913308456760906218e-01 5.881487777649155868e-01 5.928124459846653149e-01 5.612805741264543791e-01 5.799038155942551898e-01 5.866296743501188127e-01 5.668404364795753825e-01 5.665797244199626270e-01
9.337776892862015288e-02 1.058936077720134400e-01 2.386236184477464606e-01 4.531691875919701684e-01 1.000000000000000000e+00 3.375856482172252537e-01 5.411460453042484797e-01 5.405291249954633503e-01 4.894983481956533544e-01 4.862422643242301779e-01 5.241381522813970406e-01 5.512733744592707152e-01 4.896853532785473972e-01 4.404495350498419670e-01 5.458057766601353000e-01 5.639695514461968706e-01 4.771506324719027026e-01 4.668365524992548199e-01 4.799197276617051533e-01 4.255302026601658349e-01 4.833485513010371548e-01 5.001943675785694987e-01 4.647785627612882053e-01 4.593384761111726777e-01 4.714883194784286191e-01 5.388697203498548083e-01 5.184404857784646881e-01 5.251492470683196689e-01 4.920452602861389302e-01 5.015413972076497862e-01 5.171594956204367266e-01 5.217868148018233176e-01 4.914701013681179731e-01 4.943591855451650030e-01 4.985323995589773793e-01 5.258788911917707809e-01 5.083102914411228301e-01 5.405674874078868486e-01 5.326699987734541120e-01 5.263305501493787952e-01 5.417149764234884257e-01 5.435771866238214844e-01 5.485340708107466767e-01 5.501065977392215478e-01 5.399802722913599196e-01 5.307617893546822119e-01 5.296739563320995714e-01 5.227215598124843599e-01 5.415875689705166307e-01 5.386488083813759653e-01 5.525887588206581658e-01 5.278834973385555518e-01 5.450770458491079884e-01 5.411234737434240660e-01 5.456359995466786295e-01 5.413107155174187168e-01 5.521091595969518373e-01 5.435769190286604546e-01 5.435283087287718917e-01 5.412234021201165479e-01 5.444249210941172201e-01 5.472105525094131950e-01 5.480038262255341186e-01 5.437481034293230042e-01 5.354720022237564603e-01 5.450021193097683847e-01 5.246202843426366336e-01 5.275541182751398717e-01 5.353683518934432284e-01 5.441168178489508289e-01 5.372046091904860710e-01 5.304557180982573117e-01 5.363833232726695766e-01 5.321826238702916934e-01 5.469083024370240409e-01 5.354293228182798181e-01 5.373631218053893654e-01 5.287971063646831338e-01 5.366892362481235912e-01 5.323528181107463064e-01 5.290567737857987396e-01 5.269176810334249561e-01 5.413149830613451785e-01 5.290388239517302971e-01 5.319644980426091463e-01 5.231321892364095838e-01 5.243141158894485399e-01 5.389499763152562073e-01 5.269214584517526445e-01 5.409127721713111736e-01 5.335930925227569954e-01 5.317519640097441158e-01 5.294744683265231178e-01 5.264991766191167155e-01 5.198232105512242684e-01 5.192171801737943682e-01 5.382777158023933639e-01 5.480374399699805554e-01 5.362015462094937845e-01 5.398903083233377309e-01 5.376683445631460501e-01 5.416095782234667810e-01 5.298862845594154436e-01 5.332555006351664684e-01 5.361912613586140575e-01 5.458463514297302588e-01 5.341972843524535053e-01 5.291244029687457440e-01 5.400322041848190091e-01 5.395957224986774881e-01 5.411944058195131690e-01 5.319756051463938595e-01 5.366344646046532496e-01 5.367412379640451592e-01 5.272590737748964473e-01 5.317486026600941607e-01
-5.208007102932738636e-02 3.381512937133505925e-02 1.327183240722270008e-01 3.657694428760062677e-01 3.375856482172252537e-01 1.000000000000000000e+00 4.916086451385682232e-01 4.371785555434710147e-01 5.040715047927146752e-01 4.273226847856285149e-01 5.145883497531080764e-01 5.773295381674408144e-01 5.200088539800750143e-01 4.716698622901852600e-01 5.361628809196217205e-01 5.213338373031580764e-01 4.571974944685482933e-01 3.399602406195472160e-01 3.941662650648983246e-01 2.860989524948149287e-01 3.392186561729789163e-01 4.215863176446605909e-01 3.541252872765004445e-01 3.469859729681740168e-01 3.628509232794638883e-01 4.604150752544075020e-01 4.452684686310830475e-01 4.700165311599532880e-01 3.969825733968661008e-01 4.254388964126327721e-01 5.013491251699678797e-01 4.819013309795401323e-01 4.758560597139677162e-01 4.597022888644049510e-01 4.459863262471731038e-01 4.809593431895283766e-01 4.744715514602846906e-01 5.028100507933037644e-01 5.327543440334647773e-01 5.381329467165925085e-01 5.608616783749920121e-01 5.597715787777918228e-01 5.570377225872062965e-01 5.590768535157151220e-01 5.299096442146326025e-01 5.348920242750332399e-01 5.794968120011021462e-01 5.747996802961017337e-01 5.545181937860990118e-01 5.202920866831693969e-01 5.372979433306401820e-01 5.506851411587879719e-01 5.773247948012695252e-01 5.448815376916963382e-01 5.315792503774987576e-01 5.231346206647312647e-01 5.284875342810683163e-01 5.552778148114730916e-01 5.337157007386471586e-01 5.755011595352326204e-01 5.594716781717132825e-01 5.565174540723712981e-01 5.461435266469012451e-01 5.541048186545849408e-01 5.476388846684021594e-01 5.485070340622946183e-01 5.708186389405789374e-01 5.425524570940754021e-01 5.363176284847651631e-01 5.438080948960000160e-01 5.490397857225149947e-01 5.492875896099939093e-01 5.225543756617723190e-01 5.212762351468647193e-01 5.677803747276233270e-01 5.579410219857536823e-01 5.738314770757796390e-01 5.320727168387199280e-01 5.509317574159788844e-01 5.378133827961009139e-01 5.486820774767717790e-01 5.607545518048909772e-01 5.575964812540674664e-01 5.477419463696147073e-01 5.611701164587801216e-01 5.595281038962290898e-01 5.627195692199317145e-01 5.798984854906021891e-01 5.776176785313595907e-01 5.587898626547183056e-01 5.801545847772077158e-01 5.862943593054948943e-01 5.737467818506604145e-01 5.760791111206604587e-01 5.847027066959653574e-01 5.893618362860969517e-01 5.856663467580552895e-01 5.633318856433647825e-01 5.832799197040098305e-01 5.863129540665295014e-01 5.917355483445664310e-01 5.788842847124713309e-01 5.828732858888313606e-01 5.888458855902294342e-01 5.750061847103959956e-01 5.723640260002411662e-01 5.803921324432710360e-01 5.771549098019691515e-01 5.777287661852757994e-01 5.837738997593754364e-01 5.804477978580281361e-01 5.875190022458863792e-01 5.837667285754155611e-01 5.832033862348173781e-01 5.730922274275916939e-01 5.751333540972726199e-01
1.234517793240567513e-01 1.953937715119102303e-01 4.340956405841396859e-01 6.287980493514017111e-01 5.411460453042484797e-01 4.916086451385682232e-01 1.000000000000000000e+00 7.746578736294865708e-01 7.332452577328805177e-01 7.216428268043995065e-01 7.741989872930964411e-01 8.096268560139300297e-01 7.080907326997459839e-01 6.862307259817757021e-01 8.503383320302940751e-01 8.349322160597681952e-01 7.564746659995825739e-01 7.368544340627092293e-01 7.605614606190881366e-01 6.737199838623777470e-01 7.314405615885867240e-01 7.926258065414470977e-01 7.457921372793904213e-01 7.259905942903183140e-01 7.445600441456174945e-01 8.319989807369772006e-01 8.152203578823742358e-01 8.173105292725753035e-01 7.723636198040676470e-01 7.729879593863712151e-01 8.072235185676063240e-01 8.318791000720711093e-01 7.882360010351755486e-01 7.974115717722226604e-01 7.934516077623349206e-01 8.144601455398261525e-01 7.995139685609502500e-01 8.458598768966532067e-01 8.364134881175405711e-01 8.261934859680337695e-01 8.357984291474234162e-01 8.345211846080740070e-01 8.222465876506493965e-01 8.384021286618394964e-01 8.387119058203762467e-01 8.327062332649339815e-01 8.057148327425522893e-01 7.977416317995017492e-01 8.230446511275384402e-01 8.275733769409295837e-01 8.433712618004187700e-01 8.016612562052718438e-01 8.228596986211246245e-01 8.231540368686911524e-01 8.336955650018506025e-01 8.406789215460310771e-01 8.314003589212365375e-01 8.190118676161185496e-01 8.278781890923615494e-01 8.113957289065771850e-01 8.232603332923373873e-01 8.215920552642481667e-01 8.231582884925395804e-01 8.227631688747345517e-01 8.075350901075161181e-01 8.167362916770820602e-01 8.067427105321998138e-01 8.224249481298275821e-01 8.363147103110954994e-01 8.354122526216040123e-01 8.257466018293091459e-01 8.222467764585575933e-01 8.317203734183982178e-01 8.257899953830333262e-01 8.365271124600301977e-01 8.252168868041618310e-01 8.309953860097373246e-01 8.236721262694908230e-01 8.341521164160036195e-01 8.205025892942106047e-01 8.215699170475985191e-01 8.147526399786356732e-01 8.366586492567242850e-01 8.277288094025040399e-01 8.296795599679420707e-01 8.207153548899613904e-01 8.183192153015169668e-01 8.316264028041595591e-01 8.207854953771579476e-01 8.340527774084973700e-01 8.278521608506841378e-01 8.120491346403199140e-01 8.160380172843745283e-01 8.144943570462209737e-01 7.950678925044515344e-01 7.934605844400806074e-01 8.089738820173878464e-01 8.199187745355159818e-01 8.089696414333475971e-01 8.196686504014525365e-01 8.116567664371415747e-01 8.155653275089104204e-01 8.059752337410375223e-01 8.078786086198517236e-01 8.169815161118303415e-01 8.208222153542650279e-01 8.092102141783638070e-01 8.075117173311869845e-01 8.241755326965688466e-01 8.157032385288611742e-01 8.170334278232970204e-01 8.002555495263975471e-01 8.085723447000666697e-01 8.085342143448288610e-01 8.029751972494172385e-01 8.020502728973981643e-01
1.614320535663361089e-01 1.831182097336752079e-01 4.473986255404914791e-01 6.557798419805513923e-01 5.405291249954633503e-01 4.371785555434710147e-01 7.746578736294865708e-01 1.000000000000000000e+00 7.063109580592252801e-01 6.933052687339275044e-01 7.588683364124222397e-01 7.854117235200885894e-01 6.989640651828586959e-01 6.522295974027633170e-01 8.053750684636254986e-01 8.342238950328937364e-01 7.490584444852997903e-01 7.213336065729081259e-01 7.411879897679555240e-01 6.488479914247023972e-01 7.320798239646517658e-01 7.810568436098028755e-01 7.233568018502926078e-01 7.070438938147299845e-01 7.258959592557969742e-01 8.016880282633475074e-01 7.925757912167749053e-01 7.888259644390929193e-01 7.531402449024872103e-01 7.519845710311594544e-01 7.711509888996247453e-01 7.969125551694207221e-01 7.520975081549428065e-01 7.661177008282991086e-01 7.668760737043829323e-01 7.973055258538492840e-01 7.688717972654937061e-01 8.254897462736007219e-01 8.062411693094592158e-01 7.870163902459494931e-01 8.033529715672983462e-01 8.046154798048403833e-01 8.012488913391730971e-01 8.114633096315909677e-01 8.094739602791154454e-01 8.026156915918348789e-01 7.725008509371488197e-01 7.716790813544532890e-01 8.034628195313940902e-01 8.145987567615348146e-01 8.277629583273359293e-01 7.806530480834591446e-01 7.989170850786863065e-01 8.011450409979773424e-01 8.116177226975431758e-01 8.072679801054403192e-01 8.224254485474979948e-01 7.948909609497946116e-01 8.097430703666667062e-01 7.885642835870946277e-01 8.064381760545179523e-01 8.022468007018112024e-01 8.095890184044446380e-01 8.090269987928597750e-01 7.867286599426447369e-01 7.985616110349595953e-01 7.765590120237371163e-01 7.941685831227317527e-01 8.039189939241084826e-01 8.031186705773128987e-01 8.007089368221308456e-01 7.942984757286881692e-01 8.003769787135964764e-01 7.961168101299753719e-01 8.046418491555267227e-01 7.952020258324777879e-01 7.946581316442995480e-01 7.953428484511058105e-01 8.004598397674327348e-01 7.908043288781203550e-01 7.863137117191641989e-01 7.807299230071921281e-01 8.071671756671706666e-01 7.945043712119073120e-01 7.994885648609679762e-01 7.873547463914750688e-01 7.831470503357678137e-01 8.008435425426434495e-01 7.837058191069639079e-01 8.010796441076738494e-01 7.898233870820783320e-01 7.792302617384446739e-01 7.824061881452949452e-01 7.818193969304980673e-01 7.627761732535424111e-01 7.618841520502799280e-01 7.865642745427647853e-01 8.042160942060500028e-01 7.864399836346953609e-01 7.938753404063731978e-01 7.831030672771333023e-01 7.973777211173075363e-01 7.788557757853467045e-01 7.802102632173389951e-01 7.914662914441876751e-01 7.999269417521905901e-01 7.849019293112208251e-01 7.775446495026887561e-01 7.934593410755534926e-01 7.877891622062475063e-01 7.913441457552164993e-01 7.714541274946307148e-01 7.838497873800591709e-01 7.859282219059338104e-01 7.787342840902715668e-01 7.775466998230877724e-01
1.463312866697988046e-01 2.371930751305934837e-01 3.540701260662715844e-01 5.282999696732684214e-01 4.894983481956533544e-01 5.040715047927146752e-01 7.332452577328805177e-01 7.063109580592252801e-01 1.000000000000000000e+00 7.835509824584045990e-01 8.009061783188168304e-01 8.365075537222709245e-01 7.731194350158544504e-01 7.466472322408340689e-01 8.499678071720907502e-01 8.461842052421041371e-01 8.179937073283252147e-01 6.980435471396883029e-01 7.490361384694318447e-01 6.136591571832251679e-01 6.405815704273130073e-01 7.736004207451924186e-01 6.990158649280785452e-01 6.561484105358426078e-01 7.167725071745459919e-01 8.117328071330182082e-01 8.144500422187174182e-01 8.041943349705513722e-01 7.612745047553902689e-01 7.966428122901829667e-01 8.554178446898662580e-01 8.168921254508221264e-01 7.612385698450231386e-01 7.687795714878294939e-01 7.857545869888014067e-01 8.094699643445290027e-01 8.187185746736154179e-01 8.234424896311752784e-01 8.583149913229664030e-01 8.123831932487229901e-01 8.741007108370559830e-01 8.669639339968596703e-01 8.358490733334419387e-01 8.780824320785480808e-01 8.646026611402818363e-01 8.641828539919196306e-01 8.836499461760043417e-01 8.884456940157882121e-01 8.808052689023856408e-01 8.322395503462863831e-01 8.600188388255843863e-01 8.133221119505705810e-01 8.626038624604013272e-01 8.884268707424067824e-01 8.770308466279612691e-01 8.655111777425751329e-01 8.773128199659233628e-01 8.789758677005563570e-01 8.730606578365719406e-01 8.908807296857598201e-01 8.872793599375790041e-01 8.854074750174940611e-01 8.730681621058459241e-01 8.888139174129838782e-01 8.883622413363835291e-01 8.898054439022382578e-01 8.878313104407694611e-01 8.762206027424987997e-01 8.758603209027010505e-01 8.721053971937401394e-01 8.700404335303686398e-01 8.856606041783853245e-01 8.359223537866288245e-01 8.614611013642893278e-01 8.896742300194213637e-01 8.886407620502178029e-01 8.795683975052943637e-01 8.793318642786482897e-01 8.837586513135292643e-01 8.894301158406761054e-01 8.857711172189609572e-01 8.908855222809991536e-01 8.808422450747744881e-01 8.798376488247133809e-01 8.638099224416783128e-01 8.601697881493215458e-01 8.773631663213302678e-01 8.750942184121692780e-01 8.789221790040943061e-01 8.805113934109100038e-01 8.674455175502194804e-01 8.769673924393617259e-01 8.820158742666767138e-01 8.791685908831730067e-01 8.805584679650393376e-01 8.829393141882799778e-01 8.560658532073901483e-01 8.790976703103285939e-01 8.794211485606400203e-01 8.730053333524010473e-01 8.628217416410216556e-01 8.761932480402341294e-01 8.764619883059601158e-01 8.771402018637454168e-01 8.786196763349727323e-01 8.875150869028497480e-01 8.870213388963662515e-01 8.899812760016416746e-01 8.870598121747749198e-01 8.848621529288138721e-01 8.814154514877046154e-01 8.854972738856838888e-01 8.836689190480017109e-01 8.861170014344803558e-01 8.885523201786551528e-01 8.880758153221940399e-01
1.851802307685793958e-01 2.952900526228595113e-01 4.202667896955756821e-01 5.248339962377053247e-01 4.862422643242301779e-01 4.273226847856285149e-01 7.216428268043995065e-01 6.933052687339275044e-01 7.835509824584045990e-01 1.000000000000000000e+00 7.603808315064656265e-01 7.613835634182360979e-01 6.918154896753299088e-01 6.877057783440732042e-01 8.079003861705699174e-01 8.045560819942205733e-01 7.752568555096066572e-01 7.319756262667379554e-01 7.614481196558545717e-01 6.488042585943852858e-01 6.626547538139899718e-01 7.734353587415839781e-01 7.399437042056080660e-01 6.939206583239618809e-01 7.560884213234465578e-01 8.203969894195453083e-01 8.197947325431917953e-01 8.184727527932478264e-01 8.027757149158087913e-01 8.116903478827178775e-01 8.378458555625900583e-01 8.036721715686977463e-01 7.727309338046505216e-01 7.662007425464550936e-01 7.969490586776528662e-01 7.899011371575842544e-01 8.114025102409179180e-01 8.144276148969694651e-01 8.258905267728324784e-01 7.898703336774232087e-01 8.321718238815696278e-01 8.187342938360047118e-01 7.864612220936522125e-01 8.245587708900058432e-01 8.328784256997414648e-01 8.290598090994264480e-01 8.044262843510298078e-01 8.116325682861968982e-01 8.186191570845845478e-01 7.907402986808307332e-01 8.170525630733372902e-01 7.482091243715027762e-01 7.926733632135604113e-01 8.369253789279904598e-01 8.352727124013531457e-01 8.408083341038875558e-01 8.250738468135974113e-01 8.119787021551778672e-01 8.227215281898644372e-01 8.103380424740403987e-01 8.192952875247526690e-01 8.208689578907630846e-01 8.150394530727992359e-01 8.198166915079879713e-01 8.196235512607112916e-01 8.235562739228634577e-01 8.096637765090439753e-01 8.162765880102520466e-01 8.299393291274380635e-01 8.188397805042187949e-01 8.059863501568171884e-01 8.249376405900477049e-01 8.014128211264103241e-01 8.224366043725684916e-01 8.307179380411582326e-01 8.252063227749315555e-01 8.232220504758006596e-01 8.382070134249368643e-01 8.367911457691954435e-01 8.465808827312005791e-01 8.371145455285384784e-01 8.299575885741237169e-01 8.274175436702113640e-01 8.336133779334679028e-01 8.036711047199113223e-01 8.027536635672031240e-01 8.164099364227770383e-01 8.096564147191203098e-01 8.115212227158117297e-01 8.277742931820698535e-01 8.061626924162758057e-01 7.985712454127252835e-01 8.114942149442977426e-01 8.099739589138962303e-01 7.933325321660065210e-01 7.949213750227933639e-01 7.743683538810923750e-01 8.045824141148136821e-01 7.979822214675619252e-01 7.953431877506449421e-01 7.820193342297369066e-01 7.963671546128581191e-01 7.939585375971024428e-01 7.915569117901172236e-01 8.021838567346746274e-01 8.115778135802692583e-01 8.053618979917177567e-01 8.128509514753062826e-01 8.172366850141385974e-01 8.060513495623061742e-01 8.058341797085717406e-01 7.981567642592762857e-01 8.013850432235015697e-01 8.033917452524597103e-01 8.056384684142312569e-01 8.038143555872042656e-01
9.070070490041461098e-02 1.924103556972789619e-01 4.092532445960608278e-01 6.118654667660488045e-01 5.241381522813970406e-01 5.145883497531080764e-01 7.741989872930964411e-01 7.588683364124222397e-01 8.009061783188168304e-01 7.603808315064656265e-01 1.000000000000000000e+00 8.573325892664921399e-01 7.508580939340649962e-01 7.356827057307385731e-01 8.580497757486384991e-01 8.610436572818063183e-01 8.052814965418033655e-01 7.335685593121678005e-01 7.765836950880690148e-01 6.540634870578357907e-01 6.986100435515547602e-01 8.044922185823696337e-01 7.503336508973110774e-01 7.201970565744488795e-01 7.564714212582172026e-01 8.415420383036283924e-01 8.367479792660639237e-01 8.362203009156036204e-01 7.813663608724860099e-01 8.103362206720576832e-01 8.500905133752315601e-01 8.504867055208704674e-01 8.080822854643606723e-01 8.111119753967616086e-01 8.238744811225414688e-01 8.370210789139855834e-01 8.389806027203481342e-01 8.610665130511416798e-01 8.702055914492231592e-01 8.510699302781244979e-01 8.808926172580966441e-01 8.756341285158492083e-01 8.512327998441511223e-01 8.794888261241513572e-01 8.778821712797394428e-01 8.713498697312871411e-01 8.721362463378444785e-01 8.712991008243338165e-01 8.822237035576224740e-01 8.565133995834393055e-01 8.783781508931663984e-01 8.394825381036737921e-01 8.711429659452925023e-01 8.836396555343394299e-01 8.833357705752193922e-01 8.782252053417124449e-01 8.811223149879254812e-01 8.755837886505229983e-01 8.803550045113053280e-01 8.731270697891233556e-01 8.805932568239503988e-01 8.807099127087013590e-01 8.784824462371331188e-01 8.781801508379891708e-01 8.685103650490957339e-01 8.769427957812341301e-01 8.720009337230469892e-01 8.758855798086663258e-01 8.814378795707359382e-01 8.779732925366926510e-01 8.760856847832587668e-01 8.808318728637419825e-01 8.632386543119910938e-01 8.741697057442190388e-01 8.902324757018440504e-01 8.813058936319734249e-01 8.812180042402697477e-01 8.769207159012177843e-01 8.822495634754493610e-01 8.811244109782502276e-01 8.806472020105053922e-01 8.767142657733446587e-01 8.857403086751117760e-01 8.834541729195815041e-01 8.738998633833746643e-01 8.707683582660395993e-01 8.754679323570295768e-01 8.809805173045239801e-01 8.761985387296099548e-01 8.830718221886507679e-01 8.777864946796457568e-01 8.731884471072046683e-01 8.777532535797398783e-01 8.736629573396120785e-01 8.659667944847644350e-01 8.655298694231894352e-01 8.634160533253143477e-01 8.740679028276784335e-01 8.736235026328987852e-01 8.752804241292729825e-01 8.660894637949418939e-01 8.739557200368297529e-01 8.704398644262348883e-01 8.716030473820574054e-01 8.757074946255329895e-01 8.804917790704184233e-01 8.761434852230893799e-01 8.747857848705802297e-01 8.828026532049931818e-01 8.789568657848143562e-01 8.789492466674435622e-01 8.695762982515512496e-01 8.756069629895063544e-01 8.736171758642850005e-01 8.712576815144792430e-01 8.725130099980779042e-01
4.079454329590403994e-02 1.331988844416084061e-01 3.515546590240309355e-01 6.453374612627057472e-01 5.512733744592707152e-01 5.773295381674408144e-01 8.096268560139300297e-01 7.854117235200885894e-01 8.365075537222709245e-01 7.613835634182360979e-01 8.573325892664921399e-01 1.000000000000000000e+00 8.216506230767611774e-01 7.860871739462694796e-01 9.084639583482505554e-01 9.035069128314147102e-01 8.208885520608626418e-01 7.095279309877968732e-01 7.600273809593202090e-01 6.245116782268600453e-01 7.011457490999418729e-01 8.060952066286042328e-01 7.186711020066525180e-01 7.016859806610931116e-01 7.265400073287197058e-01 8.384747304533080037e-01 8.287688861220651182e-01 8.336209202932083340e-01 7.545635189780132146e-01 7.851107557942534898e-01 8.623899984056895285e-01 8.717229015602034892e-01 8.207811896771236571e-01 8.288147342374956317e-01 8.119826724358926162e-01 8.559758811747048002e-01 8.412203721964219838e-01 8.914621678669273352e-01 9.068209763413227487e-01 9.001927657775579128e-01 9.259108617387989959e-01 9.243043527527086134e-01 9.134725071885576586e-01 9.332095395107290470e-01 9.093779101047713143e-01 9.079677633064570097e-01 9.341212505166549551e-01 9.322232021421242854e-01 9.346133432113892248e-01 9.028354303128121039e-01 9.267148241659496355e-01 9.078866966597064492e-01 9.324707318081059126e-01 9.179974518745684930e-01 9.150077329456507425e-01 9.022644669939308137e-01 9.153961883046889403e-01 9.271928769480222154e-01 9.208423346018511646e-01 9.351342350100686485e-01 9.343159740779487521e-01 9.288967187785487356e-01 9.249141002217953211e-01 9.295649030333915652e-01 9.180936642229422517e-01 9.231003209781478702e-01 9.323516905039682667e-01 9.205027561713928774e-01 9.194006145043437384e-01 9.249942092739230626e-01 9.272407215129343516e-01 9.254920498309024968e-01 9.005842881288539381e-01 9.051734650690649309e-01 9.360815363118474286e-01 9.286817645474085836e-01 9.346504269355900840e-01 9.078969802668966915e-01 9.229908738244276822e-01 9.110028202981476086e-01 9.191055189877765930e-01 9.226055230590611833e-01 9.340216611227666332e-01 9.220094291204845582e-01 9.285129871796876655e-01 9.233744633601354002e-01 9.273438390921248109e-01 9.426338669410666560e-01 9.355594052527701487e-01 9.280819142212941575e-01 9.395858675163433205e-01 9.393383469439909872e-01 9.368660579381868914e-01 9.354506551215279186e-01 9.345848345623872788e-01 9.359577087175858789e-01 9.354960676909729322e-01 9.312315410388359860e-01 9.400850478186892900e-01 9.439750204393532185e-01 9.394994596061243541e-01 9.393056420162464448e-01 9.401091719036283045e-01 9.421712736662665177e-01 9.380744327569813246e-01 9.374979513904438955e-01 9.399793587646227966e-01 9.340828806625763869e-01 9.393990514748092879e-01 9.419419877730157431e-01 9.400124524402360127e-01 9.373155798052275056e-01 9.393426713856789512e-01 9.391425074539873075e-01 9.327904291920525726e-01 9.338070341367951110e-01
3.518944201267738131e-02 1.373515289662068650e-01 2.805832346040902370e-01 5.152538965948952887e-01 4.896853532785473972e-01 5.200088539800750143e-01 7.080907326997459839e-01 6.989640651828586959e-01 7.731194350158544504e-01 6.918154896753299088e-01 7.508580939340649962e-01 8.216506230767611774e-01 1.000000000000000000e+00 7.257308604385981354e-01 8.315135243402480558e-01 8.244598360159507422e-01 7.434598709784024928e-01 6.213480747478484778e-01 6.679777737714810426e-01 5.517489653071963041e-01 5.854654152949244628e-01 7.067759271063386306e-01 6.156120699108927896e-01 6.059448496690256203e-01 6.302718853175381941e-01 7.383284408503588692e-01 7.413380597785557136e-01 7.239917503028521217e-01 6.681982043402732163e-01 7.019716122806549663e-01 7.807124334179784686e-01 7.732899973686446771e-01 6.919278022615609203e-01 7.215223822888784388e-01 7.065713405822884319e-01 7.519576164009087460e-01 7.468403427893284263e-01 7.772882147553336063e-01 8.122813660528229729e-01 7.833590386482297552e-01 8.352969187083294500e-01 8.375767996591362285e-01 8.233320058121761376e-01 8.486327866041337709e-01 8.163509295712093605e-01 8.235468283902386277e-01 8.590852342737100855e-01 8.602254981190908811e-01 8.522390443805459848e-01 8.034116267424340485e-01 8.293709525148068584e-01 8.076503592375250395e-01 8.440994386124728299e-01 8.371348765931183600e-01 8.271890037569152865e-01 8.117820435150040481e-01 8.260029690760447574e-01 8.477668213022984123e-01 8.332642077982745921e-01 8.662716717189200555e-01 8.572393421784070267e-01 8.467767257978774387e-01 8.393248276200185876e-01 8.568788425023720068e-01 8.452446517639109480e-01 8.463209334189676358e-01 8.629892146477650128e-01 8.461850699255706321e-01 8.379159679214236434e-01 8.432275293241496827e-01 8.421544180219026066e-01 8.454786757657036800e-01 8.094153048921963745e-01 8.219405041549773250e-01 8.545084071320183661e-01 8.538008961529000018e-01 8.515786994865395254e-01 8.315369784269496245e-01 8.441775626676208955e-01 8.325755609548073366e-01 8.381623313528997476e-01 8.490883119009559055e-01 8.450315542066119123e-01 8.332532029420048891e-01 8.443352465234282844e-01 8.362085108686018176e-01 8.468153855377700268e-01 8.583417789816155663e-01 8.574264015671644312e-01 8.480415519890714959e-01 8.493086569006030873e-01 8.647679457864795305e-01 8.589338428677406601e-01 8.597805152463835476e-01 8.644262136309758260e-01 8.659005867424487413e-01 8.558706643978858386e-01 8.555130897391223233e-01 8.649726141494408216e-01 8.622844137330062386e-01 8.619552466737290253e-01 8.660616431359605683e-01 8.624994398724622480e-01 8.690429908080091748e-01 8.607930799623764173e-01 8.593022502398265372e-01 8.682435806830627323e-01 8.626697562099682193e-01 8.621119425453538376e-01 8.630847954199054595e-01 8.626240118750386765e-01 8.673550708538099174e-01 8.655797006351640954e-01 8.677372127941128666e-01 8.623169219949331499e-01 8.643087228514292342e-01
