1.000000000000000000e+00 1.707720741104797324e-01 1.319596844804485913e-01 2.875045889923290646e-02 5.562748498662832553e-02 1.929463278991338376e-02 2.715625086214866826e-02 7.125707044960014058e-02 1.154325134309652778e-01 3.935403467441949549e-02 7.469922166396034124e-02 2.130907737864206827e-02 5.832912793107641186e-02 -4.019735279727302060e-03 1.888169929738449729e-02 3.902422778925050684e-02 1.163333689331080695e-01 1.767002164832062183e-01 1.600766393301796542e-01 1.575653256248404632e-01 1.132371650840151012e-01 1.269870887733222653e-01 1.888557392850026551e-01 1.687532883987298837e-01 1.551857490934479000e-01 1.170213036671321205e-01 1.052694664538059988e-01 1.067870121965807800e-01 1.401589403386111765e-01 9.940403964751252930e-02 9.474611272715698085e-02 8.555489116157120877e-02 6.335499409493558498e-02 7.058528765922317261e-02 8.272420661716274604e-02 5.604616256600233881e-02 6.384341106688289080e-02 6.246955060981780605e-02 7.240142792065748512e-02 4.117428719015962801e-02 3.743441375564666301e-02 4.386188102494206764e-02 5.851571562578087443e-02 4.904231165485650745e-02 4.722706391011884802e-02 5.282592637354792398e-02 1.094342318529190061e-02 2.528010455010279434e-02 3.037611790327168076e-02 2.014379238380211920e-02 4.958687481513478212e-02 -3.189315623388799641e-03 3.255936628025268148e-02 4.696217889784365385e-02 5.845565786448709417e-02 7.446255364031927060e-02 4.636717556514525357e-02 3.377348016435031269e-02 3.649174131827199324e-02 3.048069554738216946e-02 3.415704296031584625e-02 3.551217538484152669e-02 4.090126903524582413e-02 4.886903372770688703e-02 5.180536430434379974e-02 3.531833038106923367e-02 2.781548072800315782e-02 5.316230225645345725e-02 7.195332994800333892e-02 6.576488109254681469e-02 3.624180483777006412e-02 4.938819188941618449e-02 6.456914324405992056e-02 6.373289569571495561e-02 3.867350065817373034e-02 4.802904107693344027e-02 4.554928938358838303e-02 6.459532601250872474e-02 4.241181202126238087e-02 5.663714751637469874e-02 5.415178875724397517e-02 3.681000858004185999e-02 5.745993313896140958e-02 4.492618793373562985e-02 2.897452226462963673e-02 2.796008687521616895e-02 3.191762554669774071e-02 2.747743439013485695e-02 2.693925179539131270e-02 5.826249459621160587e-02 2.233896713906290132e-02 1.974092081846061039e-02 1.860984602131096621e-02 2.209745356704513608e-02 6.729931354811530611e-03 1.411058656592675993e-02 1.434810603815783563e-02 2.053789711455022288e-02 1.041773717736588570e-02 6.296789469487820701e-03 3.670283447476511019e-03 1.478203151887906054e-02 1.011282132692938041e-02 1.024255000855596801e-02 5.639639190538975333e-03 2.322262718846401439e-02 1.504776216275594165e-02 2.748481628740574723e-02 3.302852120375037587e-02 8.477939489750554655e-03 1.385565667909576144e-02 1.280006232815401532e-02 6.360583031336836286e-03 1.690934268430973469e-02 2.320891903335488282e-02 1.404498552396454825e-02
1.707720741104797324e-01 1.000000000000000000e+00 1.106601693420598553e-01 4.082714580119332221e-02 8.800423527856633676e-02 4.594113820197780890e-02 1.194477251980053945e-01 1.529679839134469865e-01 2.087347675566554039e-01 1.957011166495782606e-01 1.691333668214951569e-01 1.345644280113774405e-01 1.524525548380837037e-01 1.328340354914767651e-01 1.582489766221075733e-01 1.504553039931419145e-01 1.659685155618497998e-01 2.129966556706355540e-01 1.965903310454866770e-01 1.592275922872100624e-01 1.326434385244849024e-01 1.743116083306074926e-01 2.310275897194704886e-01 2.114426375318317897e-01 1.962443717734306814e-01 2.095018824874883556e-01 2.011017507112812519e-01 2.068712853694671117e-01 2.215337947196950596e-01 2.152029866830100779e-01 2.063709668106121498e-01 1.860052400380950155e-01 1.872659837520338766e-01 1.675474822548447817e-01 2.015892846156514817e-01 1.583528621410504322e-01 1.962173174824545507e-01 1.939683368844790923e-01 1.919078973281476974e-01 1.637036399258495756e-01 1.622854823929140156e-01 1.755849029097758252e-01 1.757097595956285951e-01 1.709067894475959359e-01 1.597541248354381049e-01 1.894023400096571663e-01 1.509318529864444314e-01 1.667914750115508382e-01 1.502557759368048640e-01 1.414331414876592585e-01 1.665787259327302094e-01 9.417321365861092142e-02 1.436255031335550436e-01 1.814809458755841376e-01 1.914702482866976474e-01 1.976734145723572922e-01 1.584754143830368611e-01 1.673086909690121027e-01 1.757670410249207171e-01 1.596450964285227314e-01 1.681987243000025722e-01 1.713636571200317649e-01 1.719872817339608562e-01 1.569835820575961050e-01 1.598494239788825766e-01 1.560183908728045299e-01 1.641517983919560386e-01 1.839969404571523415e-01 1.959084862174037822e-01 1.789042137801815369e-01 1.582402502676198974e-01 1.724640044446860698e-01 1.851906312397080812e-01 1.781009953959683534e-01 1.688141529310375477e-01 1.802431587898700172e-01 1.745595045437903503e-01 1.923378663601283955e-01 1.759817931283679804e-01 1.924643224623330262e-01 1.944629111494241558e-01 1.766238347302127309e-01 1.798010629092141321e-01 1.850222536352832126e-01 1.638365827964944066e-01 1.671062624852061307e-01 1.706688595551597576e-01 1.729660333137600925e-01 1.740088896421356779e-01 1.850208223700732235e-01 1.639824936000283395e-01 1.644335413024612946e-01 1.617495795872937181e-01 1.683029418889410989e-01 1.543502277079920881e-01 1.626237011111335562e-01 1.462765704499725539e-01 1.433913562871752811e-01 1.569904296834105095e-01 1.542051344731788232e-01 1.527011904110734952e-01 1.587818410835093452e-01 1.505116539329188485e-01 1.525482157263324257e-01 1.408698748116707922e-01 1.554692021580246775e-01 1.512365990935108095e-01 1.708718908011153947e-01 1.729871113386079462e-01 1.550397959408950921e-01 1.673354277184858907e-01 1.547145279535158957e-01 1.545937988163522403e-01 1.558534182463032769e-01 1.529318890890802585e-01 1.531968199603344072e-01
1.319596844804485913e-01 1.106601693420598553e-01 1.000000000000000000e+00 3.942506900478682796e-01 2.719879541711697213e-01 2.520510069252311358e-01 3.511316181729688957e-01 3.910832864884003501e-01 3.540569556014016017e-01 3.071714967463646806e-01 4.098069798992378110e-01 4.101602246606286251e-01 3.494439720868750543e-01 3.522601886231834789e-01 3.842050165210111889e-01 3.854578299492805726e-01 4.208483726210893727e-01 4.001521072192828488e-01 4.198060328300394772e-01 4.144569677931830287e-01 4.129314903978802409e-01 4.297877125871148452e-01 4.211997400909653355e-01 4.051183431373361898e-01 4.173567993117928143e-01 4.295529926527735243e-01 4.240191908736246629e-01 4.108501759767210215e-01 3.857547980931640419e-01 3.804559031760501031e-01 3.929724800963332321e-01 4.283334885683645066e-01 4.123912255316132813e-01 4.183290377094840973e-01 4.042694505837481356e-01 4.068187877716247791e-01 3.921558991606930444e-01 4.079256265037440876e-01 4.220227637847036029e-01 4.133793206441232493e-01 3.916772838891313668e-01 3.982932775427420191e-01 4.032923630987413910e-01 3.944475710084890396e-01 4.173737178143904769e-01 3.879269170881859963e-01 3.666111265324428214e-01 3.786337797444617737e-01 3.854234248363198057e-01 3.876327892916111573e-01 3.939303519334934611e-01 3.772476670093407591e-01 3.961455640808000389e-01 3.892684789277772173e-01 4.007956068955860207e-01 4.003910342733913441e-01 3.875993507028702156e-01 3.883401461743126726e-01 3.858267749119298484e-01 3.821481566636523164e-01 3.808358483351795276e-01 3.790257051006623024e-01 3.912206926575269028e-01 3.970922052075205877e-01 3.994687622494819679e-01 3.854957519375187269e-01 3.843866140817733257e-01 3.983421319781796366e-01 4.078795377216247742e-01 4.166123617742728547e-01 4.057045868663248789e-01 3.980759312720409393e-01 3.991195354597209533e-01 4.016238435738638812e-01 3.922063323453341965e-01 3.917737949869922187e-01 3.846385665386494179e-01 3.869498456554671950e-01 3.855035147906531456e-01 3.834367302702237357e-01 3.870875968649092336e-01 3.775193749108272656e-01 4.028505591990009238e-01 3.896430606591606560e-01 3.966459350726717070e-01 3.967062938184638399e-01 3.873522586855973060e-01 3.880297233965609438e-01 3.914500186814144356e-01 3.961906897649505321e-01 3.923202957460708573e-01 3.809896690078724557e-01 3.873772123926341182e-01 3.833833497013100500e-01 3.689964228053039252e-01 3.721477767945089443e-01 3.907896149078741166e-01 3.834542645664427707e-01 3.774225314767394868e-01 3.813660555519841622e-01 3.810361482581778314e-01 3.860084621947677541e-01 3.801471353709243162e-01 3.786677363607718894e-01 3.832322940619320994e-01 3.858110146890523784e-01 3.787938310176839907e-01 3.765113495524301523e-01 3.847815573506659925e-01 3.778313860372276567e-01 3.757027967761367160e-01 3.742459515665843006e-01 3.743419775480912315e-01 3.808573459721868448e-01 3.845719599039187919e-01 3.759575380704555658e-01
2.875045889923290646e-02 4.082714580119332221e-02 3.942506900478682796e-01 1.000000000000000000e+00 4.337640927265500324e-01 4.323823022535176475e-01 5.833263024529675711e-01 6.077931580579929438e-01 4.735572748723774206e-01 3.826279667377132099e-01 5.742682688814433334e-01 6.519169268197763101e-01 5.271300369986875456e-01 5.133248517503203878e-01 5.815058315844007231e-01 5.842810167102908681e-01 5.403654216788090769e-01 4.118053975442824144e-01 4.832899617736972075e-01 5.479229294099255965e-01 5.505071576120927901e-01 5.662077228012156738e-01 4.581850897812435597e-01 4.271323120119858707e-01 4.712565461758655982e-01 5.521537016362247918e-01 5.396364901820579485e-01 5.000855884753249159e-01 4.362654746071402134e-01 4.365425133828245152e-01 4.963874662324404552e-01 5.667402889217889594e-01 5.051972329597124167e-01 5.581337116941867960e-01 4.856304827896715248e-01 5.786994859757723653e-01 5.051811419589048446e-01 5.628669598105077165e-01 5.563768546795225811e-01 5.813545636435496489e-01 5.672142479738774279e-01 5.669569579068679532e-01 5.942735086149031343e-01 5.863012822636822774e-01 5.882058064032419376e-01 5.497435783990993752e-01 5.460204333231640783e-01 5.431878313927859248e-01 5.679724320663104287e-01 6.059872202921920969e-01 5.883383303125216957e-01 6.420638168038235172e-01 5.869145316711074090e-01 5.237512446876655403e-01 5.278379179523695619e-01 5.341489841183391096e-01 5.580116901496181558e-01 5.504334927663759869e-01 5.367000020971599561e-01 5.603154963803752553e-01 5.589711357683817550e-01 5.322661484862732939e-01 5.449153222177498535e-01 5.839496276181818102e-01 5.785365859156207380e-01 5.686375316293631466e-01 5.510212809390176991e-01 5.298899793554441295e-01 5.399890059862396674e-01 5.746810492809040216e-01 5.819264597411699658e-01 5.506923870046527281e-01 5.233301230715015073e-01 5.366927571287047893e-01 5.598128030865764382e-01 5.445093601794562810e-01 5.300105205588738766e-01 5.120500970628819593e-01 5.364644293299845046e-01 5.138079713682301986e-01 5.192485940811988332e-01 5.262480084537575209e-01 5.564062990255038699e-01 5.253870741920925180e-01 5.609216971012894737e-01 5.553216251172853335e-01 5.435581760152204955e-01 5.542638749692202493e-01 5.492701824529220289e-01 5.439877573554087187e-01 5.614593709289512624e-01 5.565695830076707873e-01 5.609326290655981540e-01 5.582653807438353599e-01 5.449218860285887089e-01 5.385344555652983312e-01 5.842746485434304748e-01 5.911499736290714013e-01 5.603536533305826239e-01 5.749409772738900415e-01 5.761987359118766472e-01 5.685058121102817275e-01 5.720685377375377412e-01 5.706437047729068235e-01 5.863832141740021875e-01 5.592736869794696641e-01 5.615491098108613688e-01 5.403253955790444651e-01 5.423563854958953767e-01 5.546190304077623923e-01 5.440446680636360499e-01 5.509734018091150265e-01 5.456893319888563854e-01 5.676318227375394265e-01 5.669396241467629105e-01 5.609665454653842698e-01
5.562748498662832553e-02 8.800423527856633676e-02 2.719879541711697213e-01 4.337640927265500324e-01 1.000000000000000000e+00 3.903971146736440190e-01 5.268900605597441889e-01 5.321972630393394521e-01 4.879799017119288984e-01 3.930843208795493648e-01 5.259093872634996725e-01 5.377566090848217017e-01 5.215914738246305582e-01 4.848300320447889722e-01 5.422634787126594524e-01 5.503582032320297746e-01 4.908418391229408262e-01 3.986469202569274950e-01 4.525161575619670029e-01 4.796944516521940427e-01 4.663185197118899783e-01 5.135179955643329741e-01 4.307609002895441130e-01 4.012206657414260080e-01 4.506301126658879830e-01 5.372247074849214599e-01 5.121574363455860812e-01 4.835172205540946289e-01 4.501639975767152135e-01 4.581161118061130577e-01 5.098179326767818820e-01 5.012768367319407892e-01 4.775668695149893894e-01 4.867559049821502115e-01 4.776611328082445151e-01 5.043076154426960889e-01 5.007970227746264547e-01 5.211285957123901191e-01 5.264161921313886827e-01 5.198075439007524556e-01 5.371742899724960552e-01 5.363160095231079838e-01 5.631236266726595829e-01 5.552654959713733129e-01 5.401218893126782383e-01 5.309977598670607701e-01 5.212204926546452066e-01 5.274207873980322203e-01 5.227559507309250675e-01 5.318151368422168179e-01 5.338360053104952430e-01 5.433698230081364100e-01 5.363879422136814679e-01 5.128418467173838646e-01 5.140759569736954582e-01 5.149645396460611479e-01 5.149260120778257344e-01 5.365431804437026386e-01 5.126220958552657470e-01 5.353392868122566206e-01 5.343189945892798942e-01 5.153599061685423255e-01 5.149098030741388055e-01 5.308624181849820323e-01 5.367289847275600323e-01 5.347775532285811151e-01 5.253992793190848110e-01 5.093016773339306136e-01 5.156064981195589425e-01 5.435437085713485938e-01 5.361747351410499629e-01 5.249795049985479523e-01 4.942804326780385615e-01 5.120287321348010456e-01 5.362118518239802345e-01 5.265163470370883836e-01 5.167891740847846416e-01 5.080647790982403267e-01 5.227789772191704376e-01 5.119545592972045700e-01 5.145772959670189550e-01 5.176812834173032396e-01 5.187771499492247473e-01 5.109920070860959340e-01 5.173214329927025013e-01 5.125085045861870192e-01 5.249001765803330555e-01 5.239840470021108754e-01 5.243998067848235634e-01 5.228583991024958744e-01 5.255324257033113788e-01 5.293038235617057996e-01 5.280689593264020765e-01 5.305756483322029426e-01 5.228652230928229061e-01 5.185240952724760044e-01 5.356570302090980507e-01 5.400196341457508264e-01 5.310347287130809946e-01 5.328161123899926022e-01 5.398887999713485319e-01 5.294085897876444902e-01 5.348022998789560001e-01 5.358642449017343434e-01 5.367150861549426777e-01 5.270483714312345080e-01 5.276346698424453363e-01 5.271705773875442480e-01 5.285982509451698785e-01 5.305965678856293666e-01 5.225197125116187724e-01 5.281526600330628263e-01 5.237966069586131868e-01 5.287222834244854619e-01 5.311781310691057190e-01 5.316503646154561169e-01
1.929463278991338376e-02 4.594113820197780890e-02 2.520510069252311358e-01 4.323823022535176475e-01 3.903971146736440190e-01 1.000000000000000000e+00 5.707904686428424412e-01 5.348672519384572999e-01 5.462687398507233283e-01 4.777080836400918740e-01 5.840279228447460280e-01 6.217508211058950796e-01 5.497451320750784687e-01 5.695477162535149684e-01 6.077990450604358053e-01 5.995046283589277047e-01 5.457330946074929745e-01 4.490571689203186612e-01 5.187433529973961566e-01 4.854059992585137984e-01 5.048500883300794939e-01 5.825348778951507933e-01 4.952451415080048602e-01 4.829311287844780254e-01 5.332632181658548687e-01 5.940009096957930002e-01 5.889461742861744620e-01 5.775183537426359370e-01 5.437932896692185825e-01 5.337883410739000523e-01 6.008147394111289508e-01 5.957387573122086000e-01 5.578918107656738457e-01 6.014845701461478678e-01 5.416249760159285165e-01 6.240759778561926208e-01 5.818804127788372860e-01 6.016522588562067675e-01 6.082625739297418122e-01 6.147682671743477378e-01 6.280671507562127776e-01 6.208851146208640426e-01 6.210897249658229313e-01 6.288286095322977998e-01 6.307265224859602837e-01 6.110210528303985367e-01 6.203456277730490243e-01 6.189611657384673782e-01 6.249282991189866188e-01 6.133140130736691731e-01 6.140538990719900392e-01 6.237910900373930811e-01 6.289356909686043551e-01 6.143362626860823239e-01 6.074939673075214763e-01 6.064486250141204460e-01 6.197913429326382673e-01 6.215879756894923114e-01 6.155985137271315910e-01 6.254835331157123646e-01 6.249357506816066721e-01 6.234959232872880897e-01 6.206390570868371981e-01 6.254249342798320344e-01 6.255864703892640710e-01 6.276652869799976830e-01 6.219078572766492119e-01 6.089513348424752115e-01 6.120123132176845671e-01 6.205405997979914767e-01 6.303356368045557323e-01 6.244394406281010834e-01 6.067794051026006441e-01 6.163342251718354481e-01 6.305885007340608084e-01 6.245335174757079555e-01 6.233723852565601353e-01 6.104064758766281074e-01 6.211999128493488342e-01 6.052781621429520476e-01 6.068715216737188278e-01 6.179824278010660477e-01 6.217603381947827135e-01 6.069561456871245264e-01 6.204981381873289070e-01 6.232136758279618327e-01 6.239918724185697929e-01 6.221151092430001750e-01 6.229288679052231714e-01 6.192595124568566201e-01 6.287741254859954276e-01 6.279901953199064080e-01 6.328200760962096050e-01 6.252729014695678211e-01 6.207165516881849587e-01 6.212226109016433240e-01 6.311108775100070511e-01 6.234451890977583677e-01 6.243267504008667146e-01 6.257113882820999340e-01 6.306015549684275134e-01 6.234081856959563517e-01 6.287662126592892253e-01 6.285638699712722266e-01 6.368699001576064722e-01 6.284873929382277513e-01 6.250953300010856362e-01 6.175646346514920282e-01 6.172915209533410552e-01 6.246006540292782239e-01 6.173396417145802229e-01 6.252141822269945415e-01 6.237262164251130558e-01 6.248491950923640292e-01 6.286182794037407096e-01 6.241450587344949952e-01
2.715625086214866826e-02 1.194477251980053945e-01 3.511316181729688957e-01 5.833263024529675711e-01 5.268900605597441889e-01 5.707904686428424412e-01 1.000000000000000000e+00 7.526580001741797199e-01 7.235404280437407465e-01 6.608122904635592709e-01 7.683474776044688648e-01 8.231863125899013811e-01 7.551121473230971715e-01 7.571002927299175234e-01 8.485914106148515490e-01 8.240821575786378972e-01 7.142491033878372031e-01 5.542413595715235397e-01 6.274408573942387157e-01 6.153928889614935782e-01 6.132952149480703774e-01 7.098004513507982782e-01 6.312269838830328883e-01 5.871161212091992043e-01 6.422866317211021192e-01 7.833890101225416958e-01 7.683107225533254425e-01 7.446323660858277238e-01 6.870435501831118064e-01 7.055072973935490044e-01 7.875384429884467741e-01 7.831461382892278555e-01 7.250349845551967709e-01 7.711598276981804778e-01 7.261756418110664191e-01 7.860197368867581913e-01 7.743118649298852407e-01 8.097337111667667342e-01 8.020481145811420021e-01 8.109247114406297197e-01 8.303475919334133426e-01 8.341792413082902424e-01 8.261319308180614662e-01 8.419961141907992275e-01 8.206898064578073138e-01 8.224051921596013948e-01 8.311063837169991864e-01 8.282543174120610141e-01 8.270545991447756373e-01 8.269609632921676168e-01 8.273161437369863647e-01 8.251187642797901400e-01 8.273826521430718284e-01 8.113600977767426725e-01 8.050612911814650774e-01 8.067202985072977617e-01 8.151734574180636850e-01 8.222182084606763919e-01 8.158650704480672200e-01 8.291742810212867631e-01 8.330341567094170507e-01 8.151112384105870801e-01 8.155796961314407678e-01 8.278654195272515670e-01 8.278610250302578244e-01 8.311549504823008139e-01 8.276134183595154070e-01 7.988549396870453512e-01 8.073614639398404291e-01 8.113219306145057486e-01 8.200270479121287703e-01 8.146610933582875136e-01 7.790785564545524844e-01 7.907608930373478673e-01 8.312138240635401631e-01 8.225705909714596809e-01 8.163673526547541304e-01 8.008469434379930085e-01 8.207958148546472543e-01 8.115580229492161957e-01 8.088563100529293504e-01 8.231677759063688038e-01 8.215433476254709877e-01 8.060482959514121415e-01 8.237991007414338096e-01 8.201167464833200027e-01 8.237226231454523040e-01 8.316916501343146750e-01 8.291398759607963020e-01 8.181569963523764866e-01 8.289361574434865876e-01 8.359764788843774275e-01 8.321428687623509957e-01 8.360193618655328285e-01 8.320410396950600473e-01 8.287940435513212467e-01 8.371821088449689086e-01 8.397336174431700995e-01 8.369100200958438096e-01 8.382322433384242766e-01 8.399890878491946822e-01 8.371381542602512882e-01 8.359290630051591231e-01 8.403392026269749238e-01 8.392401522135255476e-01 8.306265345015770851e-01 8.342852125230982852e-01 8.296892097501125107e-01 8.306831857357600546e-01 8.331407958315074636e-01 8.325290387671863135e-01 8.326410141846077861e-01 8.296659184579254775e-01 8.373948477808073054e-01 8.306955338909900455e-01 8.337888082762998643e-01
7.125707044960014058e-02 1.529679839134469865e-01 3.910832864884003501e-01 6.077931580579929438e-01 5.321972630393394521e-01 5.348672519384572999e-01 7.526580001741797199e-01 1.000000000000000000e+00 6.925840861593334230e-01 6.146155594270144018e-01 7.555591672065379294e-01 8.041841442718884458e-01 7.410407176987753308e-01 7.118324656836698683e-01 8.000370234807356873e-01 8.095407443814185422e-01 7.079676503344196625e-01 5.803639274044544161e-01 6.547724957265635970e-01 6.541240179167756574e-01 6.658867236733189143e-01 7.347631905429282684e-01 6.360411859502064225e-01 5.976960214676346750e-01 6.564726314476224678e-01 7.647814386529393493e-01 7.564528384452552379e-01 7.248795016171677430e-01 6.803252480642540956e-01 6.893918614409126899e-01 7.508420138868415750e-01 7.573265170654845946e-01 7.141831005652202746e-01 7.492318851729610207e-01 7.200587509811365861e-01 7.562416324333360862e-01 7.388272426058331011e-01 7.939502629368986319e-01 7.801540858373723353e-01 7.739516532884821443e-01 7.941998474183985524e-01 8.036715134606344790e-01 8.062389555454556600e-01 8.132879001870438884e-01 7.857702613121865243e-01 7.885855688570564404e-01 7.839500516138301345e-01 7.881719033093501636e-01 7.885618661767627158e-01 8.066227476669572960e-01 8.103466809406324467e-01 7.948491877192723765e-01 7.905102896651120536e-01 7.743319373966744967e-01 7.793389759761806257e-01 7.757705763833814272e-01 7.850893334971016380e-01 7.894312412657160660e-01 7.857981999006276030e-01 7.923128721823371468e-01 7.999052528948691343e-01 7.765873358981892904e-01 7.889481788722272348e-01 8.021701786352721797e-01 8.011969892536584537e-01 7.976715213641170088e-01 7.911788445925338475e-01 7.662819501341875394e-01 7.738701284164595240e-01 7.915809012707082370e-01 7.974851703636759437e-01 7.837519320943132639e-01 7.465936186938781916e-01 7.640832089879839861e-01 7.894938844094245844e-01 7.859616212834868998e-01 7.736856679606546328e-01 7.687676978100963510e-01 7.792197899216155577e-01 7.680958949117220325e-01 7.719165284538158645e-01 7.771063607514138161e-01 7.887836012166028476e-01 7.741442899332451333e-01 7.899332852334384203e-01 7.832598952620692945e-01 7.816022708899500460e-01 7.946315793737603883e-01 7.880164336293433713e-01 7.853319014032957845e-01 7.843186562096936543e-01 7.914581220871943490e-01 7.900029174814969801e-01 7.956958259221607044e-01 7.867146484451965627e-01 7.839602297622297877e-01 8.032203081423466839e-01 8.055142061214020099e-01 7.970379388674775356e-01 7.998924173997682407e-01 8.036497345514062030e-01 8.060472680302093185e-01 7.966584189211106670e-01 8.017113131321158548e-01 8.019282638169890065e-01 7.945817913240275088e-01 7.951995325557362770e-01 7.911832287682546427e-01 7.947755803692396759e-01 7.921402888088694416e-01 7.932591453464217235e-01 7.902283305099974120e-01 7.873003912038639696e-01 7.999502860987194319e-01 7.946985049731225548e-01 7.936289529130380327e-01
1.154325134309652778e-01 2.087347675566554039e-01 3.540569556014016017e-01 4.735572748723774206e-01 4.879799017119288984e-01 5.462687398507233283e-01 7.235404280437407465e-01 6.925840861593334230e-01 1.000000000000000000e+00 7.408927352696426105e-01 8.013909366279043933e-01 8.117840001263533223e-01 7.745824472193409971e-01 7.810121778844543172e-01 8.415502934678588121e-01 8.225090152177306768e-01 7.686280623702931303e-01 6.970826919222611329e-01 7.356673627197495291e-01 6.502211320181362497e-01 6.560595639798977308e-01 7.805411146508819398e-01 7.596651623670045428e-01 7.269499128284893086e-01 7.603604022657486361e-01 8.457821069587345697e-01 8.372680308559478091e-01 8.265027102546600446e-01 7.834269767283326136e-01 7.987562405938365417e-01 8.584577264116893813e-01 8.386258467201302969e-01 7.914487849945528453e-01 8.219970102601085182e-01 8.102851918480090676e-01 8.199261769164999381e-01 8.442335173288727512e-01 8.521188555308027990e-01 8.586788973263831393e-01 8.301687613910366803e-01 8.542621504410251587e-01 8.597095802659611152e-01 8.455781397075046169e-01 8.639725345214841479e-01 8.494699574554424037e-01 8.645275809397151567e-01 8.572348375657320441e-01 8.699775692747914180e-01 8.577091251768638180e-01 8.282473153281469935e-01 8.479125961413972457e-01 7.873800992950008570e-01 8.452268595074646784e-01 8.724520172923506678e-01 8.685110373858001553e-01 8.649177848316644823e-01 8.609063932894872595e-01 8.636996238546149618e-01 8.660940135187361610e-01 8.667712899166419849e-01 8.684501404883907538e-01 8.690937249281260879e-01 8.607991964485233183e-01 8.597630454428707436e-01 8.628696804240831852e-01 8.648338919903505451e-01 8.667790191000083189e-01 8.685929051684755375e-01 8.716492744615568222e-01 8.557417117979305710e-01 8.557462297209980084e-01 8.698411492625626185e-01 8.538385980484194393e-01 8.611117159874919214e-01 8.698356232310693326e-01 8.695328486703609583e-01 8.667530051821826786e-01 8.625749878845569985e-01 8.663775384308963767e-01 8.692025902946153293e-01 8.684533564502332492e-01 8.687102582894554725e-01 8.689381596420350240e-01 8.630715487739070158e-01 8.622121581323844985e-01 8.615541976930415347e-01 8.664437958049886479e-01 8.667482662596630583e-01 8.658209473081547314e-01 8.696525988969843191e-01 8.607800175027654488e-01 8.642869791332510321e-01 8.622387589703599531e-01 8.680773432223094499e-01 8.626251105287937593e-01 8.660461168127036036e-01 8.512051512711598100e-01 8.501490846975400251e-01 8.620546354608749073e-01 8.566699123981014186e-01 8.575011777336817298e-01 8.588334918280186026e-01 8.611008162149061951e-01 8.610295571496262568e-01 8.548330579986099798e-01 8.621612688290052340e-01 8.621469683560090136e-01 8.686211155162072428e-01 8.702666219467437569e-01 8.618587581637288109e-01 8.623039748077272471e-01 8.647709162792165394e-01 8.612306080798572960e-01 8.624279602753709417e-01 8.610826818356516199e-01 8.633090435287521514e-01
3.935403467441949549e-02 1.957011166495782606e-01 3.071714967463646806e-01 3.826279667377132099e-01 3.930843208795493648e-01 4.777080836400918740e-01 6.608122904635592709e-01 6.146155594270144018e-01 7.408927352696426105e-01 1.000000000000000000e+00 7.268960386927088013e-01 7.267077182679778646e-01 6.882809569360877067e-01 7.299227110009136599e-01 7.776463745549856421e-01 7.527295642611668836e-01 6.873460130987517624e-01 5.958067772050200661e-01 6.211695601923054033e-01 5.351160502443382816e-01 5.355862051604309837e-01 6.657957729312075079e-01 6.698989177370608950e-01 6.246799308259654016e-01 6.516094135439119972e-01 7.660840506418522544e-01 7.554189480760222786e-01 7.633155032403121654e-01 7.159919742222593531e-01 7.482570116990738818e-01 7.908829397228475111e-01 7.673502437030036427e-01 7.397419256098645146e-01 7.507246326292762451e-01 7.482113900358430270e-01 7.509837929570385429e-01 7.797222495708625578e-01 7.910382438677751038e-01 7.900130238842986152e-01 7.780182579927444886e-01 7.933784623991380069e-01 7.968272025663316604e-01 7.740135865266388748e-01 7.928018577507648379e-01 7.783107721548404578e-01 7.974504925601219041e-01 8.011479157759465730e-01 8.108573783970337567e-01 7.943020348530638319e-01 7.643878569723147054e-01 7.839051628959253781e-01 7.206056177474584601e-01 7.807703390108380326e-01 8.135220434987647797e-01 8.020910745812031006e-01 8.044662623054640305e-01 7.917442022390851486e-01 8.017220184847976272e-01 8.057011408400549524e-01 8.010784229835818948e-01 8.036853770200925728e-01 8.053962833773674612e-01 7.908800110905489511e-01 7.926381567897499147e-01 7.861620703812145505e-01 7.981057650844360918e-01 8.057415899537412329e-01 8.003175183115728286e-01 8.034946424411658628e-01 7.768289651292571429e-01 7.782190682735419252e-01 7.999698154150145513e-01 7.845260770626261149e-01 7.825188342805268205e-01 8.038518091049311476e-01 8.058111774180301001e-01 8.073491194396644755e-01 8.018654364348027919e-01 8.018868261703853140e-01 8.080568383964787937e-01 8.096316341328987365e-01 8.139118009697895451e-01 8.041182474041523864e-01 8.037144006290796172e-01 8.004205584385974959e-01 8.005207642036372695e-01 8.070080790891985822e-01 8.089746110126906364e-01 8.087589261188514733e-01 8.083631816706929873e-01 8.018674635475870893e-01 8.067458235479724182e-01 8.047729572040038803e-01 8.083517515354174954e-01 8.076024394382604887e-01 8.109232580917349331e-01 7.882130558468201098e-01 7.814602381434457845e-01 8.023300741958784288e-01 7.995895776582179204e-01 7.985403138354949526e-01 7.993403718083851306e-01 7.993306411125166155e-01 8.003164410643299753e-01 7.936060100675496054e-01 7.976535519622224291e-01 8.017078822862616638e-01 8.126312463363227767e-01 8.106368730311752646e-01 8.040097707297373386e-01 8.082724011855235702e-01 8.066310470931389309e-01 8.058025072737748928e-01 8.026798783589315089e-01 8.012808078650387467e-01 8.038087544388617944e-01
7.469922166396034124e-02 1.691333668214951569e-01 4.098069798992378110e-01 5.742682688814433334e-01 5.259093872634996725e-01 5.840279228447460280e-01 7.683474776044688648e-01 7.555591672065379294e-01 8.013909366279043933e-01 7.268960386927088013e-01 1.000000000000000000e+00 8.709993272750035098e-01 7.956807932849981890e-01 8.157168261795434416e-01 8.817655775875345991e-01 8.624906092286787063e-01 7.909721979514658941e-01 6.787320726957730699e-01 7.411621136217874106e-01 6.749921623373745794e-01 6.918030799018528576e-01 8.084032396006320953e-01 7.523140159468926225e-01 7.100036040681843019e-01 7.592065098488831598e-01 8.661160783813254271e-01 8.598353088284353962e-01 8.367500815042396844e-01 7.802377758561700460e-01 8.017008480433772677e-01 8.775195822086012676e-01 8.672165451971304284e-01 8.213225579361479456e-01 8.601177665726984500e-01 8.281338030682574569e-01 8.610841926795811396e-01 8.564540603589223533e-01 8.843182619598818350e-01 8.806764279563183972e-01 8.717856960423024937e-01 8.928006809057636994e-01 8.978475812547765944e-01 8.782621861069372926e-01 8.971972875267614222e-01 8.911940210659409223e-01 8.882808662747746498e-01 8.917213017882789083e-01 8.955233109484741494e-01 8.951265114603558226e-01 8.791969492934461616e-01 8.847478213446259288e-01 8.509619952412648125e-01 8.909947708022361024e-01 8.885488899028228804e-01 8.852684844051872393e-01 8.842560031956352429e-01 8.912611774155677624e-01 8.920780510538819374e-01 8.912368016132250492e-01 8.999181561049933720e-01 9.000191816940690259e-01 8.946310949761400177e-01 8.905720611807471654e-01 8.912880941617713493e-01 8.926444806855591274e-01 8.965422596939374156e-01 8.962302314601551245e-01 8.862388101430120901e-01 8.932487901084917858e-01 8.889669632852064129e-01 8.896293129840718850e-01 8.958037928241366910e-01 8.730474102589924623e-01 8.788215844064308779e-01 9.014367163791510151e-01 8.979744769939577154e-01 8.892398477904916998e-01 8.790221176445901508e-01 8.910051474752348488e-01 8.877808559436278779e-01 8.874869928130191266e-01 8.934398490410195848e-01 8.969303555331086253e-01 8.916575806015961669e-01 8.968192165120494330e-01 8.947239165348422896e-01 8.940994435315747779e-01 8.995247438474953672e-01 8.979704426690413577e-01 8.949134508575881108e-01 8.976713455106065664e-01 8.988254415818838217e-01 8.956118612778899424e-01 8.996173453834934719e-01 8.943085738709199983e-01 8.947477968897802336e-01 8.945698623411141304e-01 8.921686166954074793e-01 8.969778751850566723e-01 8.958064425270869657e-01 8.945253762404181685e-01 8.953940412554024508e-01 8.957029128960218856e-01 8.982036175439699344e-01 8.954253520192015925e-01 8.961088181134448938e-01 8.971091707185454567e-01 8.952881645120643883e-01 8.966814045968727331e-01 8.960104144104837909e-01 8.930129862170630428e-01 8.970016449858819740e-01 8.940920940969392383e-01 8.971628417431410929e-01 8.955952376977575069e-01 8.956020094499904660e-01
2.130907737864206827e-02 1.345644280113774405e-01 4.101602246606286251e-01 6.519169268197763101e-01 5.377566090848217017e-01 6.217508211058950796e-01 8.231863125899013811e-01 8.041841442718884458e-01 8.117840001263533223e-01 7.267077182679778646e-01 8.709993272750035098e-01 1.000000000000000000e+00 8.263469047715560345e-01 8.376135272985822944e-01 9.167418344249442796e-01 9.065668363822110276e-01 8.168303269705485814e-01 6.652022179839858218e-01 7.450545500906732288e-01 7.070382116445046439e-01 7.215278203019007686e-01 8.269658072417922501e-01 7.331506793834928759e-01 6.951092009815634798e-01 7.536741886889564146e-01 8.805835432035712396e-01 8.716054237732898669e-01 8.446075667832844136e-01 7.824347622624875376e-01 8.014762458602021633e-01 8.810949614203683611e-01 8.845307442591315850e-01 8.248772240505591880e-01 8.741570764705182128e-01 8.282820951473977011e-01 8.888214531820318731e-01 8.616299290887677875e-01 9.096399052445294231e-01 9.009852774351432281e-01 9.018306842905852161e-01 9.210993996032157405e-01 9.226026368219544249e-01 9.074014584879765977e-01 9.312649637299951211e-01 9.163884604967591496e-01 9.149873399880633640e-01 9.207082461669254814e-01 9.196681276803140292e-01 9.259336942271199078e-01 9.265713697213863176e-01 9.262496060446075985e-01 9.117304752266552903e-01 9.227357000907007167e-01 9.055962585578315460e-01 9.015914862021330300e-01 9.011672323664994266e-01 9.194317243291467712e-01 9.116695220625788965e-01 9.149983309219401617e-01 9.234290550923690555e-01 9.281024566048081681e-01 9.135039064295464861e-01 9.165519236844931195e-01 9.282736653221894674e-01 9.266963867915825048e-01 9.268314045361767395e-01 9.222589240067786687e-01 9.010993514148798456e-01 9.048176744189880827e-01 9.111108407676220544e-01 9.225293825350530108e-01 9.174110451678634259e-01 8.810772713278886004e-01 8.931192778032600588e-01 9.242266083716889069e-01 9.169143997534958679e-01 9.093636327973040334e-01 8.963361800017192182e-01 9.118503809019634643e-01 9.007644220106729716e-01 9.011987254375111167e-01 9.116295505899272289e-01 9.174350209372075238e-01 9.034133452245669549e-01 9.204357200024159136e-01 9.161502192893867802e-01 9.157724371824536025e-01 9.237262223102407077e-01 9.199972881877322983e-01 9.129215384203815953e-01 9.209390744796897010e-01 9.260129974178379353e-01 9.241117424429290406e-01 9.266979393114567198e-01 9.210569736562971288e-01 9.188126757116442667e-01 9.271247656127883374e-01 9.300123029624594029e-01 9.259495328087614663e-01 9.277238334384037000e-01 9.251599296831015673e-01 9.275669245595958845e-01 9.275050102369064575e-01 9.304614060881609694e-01 9.320009510343622017e-01 9.231178349763520252e-01 9.265770018415661058e-01 9.206698590934282445e-01 9.201341194883565500e-01 9.233105767893350357e-01 9.186138402795708258e-01 9.235519677857370047e-01 9.186133357611899752e-01 9.287694926717841026e-01 9.275554017087838110e-01 9.253532792514542749e-01
5.832912793107641186e-02 1.524525548380837037e-01 3.494439720868750543e-01 5.271300369986875456e-01 5.215914738246305582e-01 5.497451320750784687e-01 7.551121473230971715e-01 7.410407176987753308e-01 7.745824472193409971e-01 6.882809569360877067e-01 7.956807932849981890e-01 8.263469047715560345e-01 1.000000000000000000e+00 7.845754683287319287e-01 8.498554619018594547e-01 8.457541274471538362e-01 7.590672764427480734e-01 6.268273954402160397e-01 6.859088247798003080e-01 6.272983805429690474e-01 6.400762759100055987e-01 7.551908218053323685e-01 6.942370727572036992e-01 6.610485463490014535e-01 7.069382526412489876e-01 8.197817354064199646e-01 8.125221106935308635e-01 7.875023186724720015e-01 7.340353111121773466e-01 7.579329783803344656e-01 8.300699840838499100e-01 8.168292322064103494e-01 7.660688715988436259e-01 8.129624796730436920e-01 7.793213819536861653e-01 8.134962666073094484e-01 8.164508536918470005e-01 8.429254567378455798e-01 8.376521316285677754e-01 8.308553975547228188e-01 8.585354859662100990e-01 8.624980264440506028e-01 8.478646746318291294e-01 8.704344888308720440e-01 8.489063199744931731e-01 8.587665555892309843e-01 8.621950509381111072e-01 8.643772300939760456e-01 8.566951006120049339e-01 8.439525765428433912e-01 8.514283088523447729e-01 8.237469082264812226e-01 8.508231016914238332e-01 8.564423275011324721e-01 8.483747039317092176e-01 8.460584904245467275e-01 8.497895851664377664e-01 8.648792114485327476e-01 8.568401859318933722e-01 8.657152685844206053e-01 8.666546371524538328e-01 8.573722847666931379e-01 8.487799553949106901e-01 8.553731401401186707e-01 8.620812476929171631e-01 8.610824655810827011e-01 8.639465362539405779e-01 8.474810105005358141e-01 8.519104564158366255e-01 8.489368779617036953e-01 8.538329905596093727e-01 8.598267837670460212e-01 8.295084405281514250e-01 8.410803524749248528e-01 8.649763607897527073e-01 8.582183016233461137e-01 8.523793836563667847e-01 8.405003482863357966e-01 8.550711009399388773e-01 8.503535573543896664e-01 8.497179152229490384e-01 8.601900012514894778e-01 8.568365550635792527e-01 8.512962903097474054e-01 8.578858347080355884e-01 8.572395162110285627e-01 8.590725863318185995e-01 8.651544102774677558e-01 8.612876820572037406e-01 8.566932629719967718e-01 8.577710923982972968e-01 8.666711273854832420e-01 8.642046889863509440e-01 8.678900005327647715e-01 8.656117167216940134e-01 8.642756119313725893e-01 8.577455042576798139e-01 8.578311937485691985e-01 8.663425019657278181e-01 8.655649337696801338e-01 8.672521653213144388e-01 8.627915772429541885e-01 8.663434844309496619e-01 8.696030284455381620e-01 8.643530425550185470e-01 8.600942720633668603e-01 8.646478057424737962e-01 8.665221188554024234e-01 8.651972798275098242e-01 8.663717340724534921e-01 8.641596337560598640e-01 8.668775307695075760e-01 8.624762603762698987e-01 8.670615810565970305e-01 8.623218442218425484e-01 8.652796316007334010e-01
