1.000000000000000000e+00 9.269226442103321861e-02 9.314144178494584980e-02 9.158916115338605612e-02 4.963059327971992146e-02 2.132251944164394175e-02 4.225308897000245451e-02 3.653249613209994667e-02 1.099539019600583589e-01 1.744556497968792474e-02 1.284861020684685551e-02 2.767189002572361528e-02 3.972821989395301095e-02 -4.192636595077751417e-03 4.144061903632186537e-03 1.744750038943430545e-02 8.425191955822097789e-02 6.586170734534581295e-02 2.282942802278623354e-02 9.680618252525469147e-02 3.659049556390239072e-02 3.064269815583028564e-02 3.358168503258376902e-02 2.354708145309679368e-02 3.435792610384214713e-02 3.218371821217046874e-02 1.063065704584163079e-02 7.009676219288722004e-03 -5.192605700001459886e-03 8.845902526896166559e-03 9.060325269083496086e-03 -3.899471620542594146e-03 -8.754837649782135772e-03 -3.882588368782252317e-03 2.372241701457894827e-02 4.797750552478129149e-02 1.883447714162036005e-02 -2.986522553891943210e-02 6.450106737131436341e-03 -1.788837747103445494e-02 8.106714736893099599e-03 6.499158277616052864e-04 -1.024445944096894628e-02 -7.272817323445974862e-04 4.032315007121202791e-03 -1.726676350971360907e-02 5.436838090033732467e-03 1.657714914473319354e-02 2.576420249236038851e-02 5.414251584699283698e-04 -4.178919328739227369e-03 6.879406201731638748e-02 2.750544687382995568e-02 1.404065582151878787e-02 9.990166585097288304e-03 7.003632995595770842e-03 6.392102800425646103e-02 8.495209505654216509e-03 -9.045614686960934533e-04 3.782485585863477190e-02 2.352453955550352221e-02 1.742728615878834722e-02 1.092441631516972121e-02 3.348339743976503496e-02 6.218855525930357814e-02 4.962012217045210644e-02 1.969142367097333896e-02 8.818054629594200208e-03 9.474013827429517143e-03 2.437725251961124148e-02 9.570312712191038004e-03 1.544683761360321657e-02 1.151694384237075645e-02 7.894172862913809499e-03 1.161979728878181559e-02 2.434245950981574549e-03 2.658969930596398728e-03 6.700350175313940114e-04 -3.132929476499120985e-03 6.756523069447518438e-03 1.532175888777112006e-02 1.794952341770839977e-03 3.058075362652709281e-02 5.980988389327747574e-03 2.911523168252870683e-04 -1.492307714069544822e-03 6.405585967792674223e-03 -1.837799986305192453e-03 1.998836981261948795e-03 1.167904527727574998e-02 -5.253168179285893323e-03 4.822996120030699323e-03 9.980383727181472812e-04 -2.421074070693466328e-03 6.774125522806946804e-03 6.146796643541545951e-03 1.793831871755530508e-02 4.929983335384492682e-02 1.882661534965348465e-02 -3.903029611049166694e-03 1.199798267002900702e-02 1.920512159623127824e-02 2.113068964626066762e-02 9.569018491854770769e-03 3.371782329270069795e-02 5.181612202647575133e-02 2.281825255547452469e-02 8.295502287725827276e-03 7.482085376302319464e-03 9.203253499815038097e-03 1.428599728736389607e-03 2.397430631961091144e-02 1.147467946724064353e-02 2.441145966858281405e-02 3.673171691322586058e-02 3.144516854731183031e-02
9.269226442103321861e-02 1.000000000000000000e+00 1.355498549657680463e-01 1.518578964543948195e-01 6.467093384547492607e-02 1.373121528282278681e-01 1.796725841874593499e-01 1.327163026148632241e-01 1.456841263448272195e-01 1.847403052118736511e-01 1.509459231618215658e-01 1.599127531725550999e-01 1.374755770263877408e-01 1.281322944380317019e-01 1.565205842057649233e-01 1.551769691668560547e-01 1.584441464463077764e-01 1.776196603247881811e-01 1.500762008130173131e-01 1.203775123811634679e-01 1.254439602951125665e-01 1.409199454174578370e-01 1.931628576474708481e-01 1.581364840911957947e-01 1.522298539427041353e-01 1.730558463368058741e-01 1.547417325082380557e-01 1.703636560604775696e-01 1.486126704729673342e-01 1.625113866208466595e-01 1.654585889705232349e-01 1.663368425766059422e-01 1.464410385086719613e-01 1.573522529603533504e-01 1.581980253380854129e-01 1.831874773970915971e-01 1.667947536721305635e-01 1.419344538368294273e-01 1.600427591602855137e-01 1.806310980408296907e-01 1.626139574703365231e-01 1.530121493927532883e-01 1.679940463482681168e-01 1.496628165387704490e-01 1.639143938352518315e-01 1.495780795836104682e-01 1.487774726750171750e-01 1.654564365960177474e-01 1.703892332607485349e-01 1.202983476779544841e-01 1.416955385361463871e-01 1.328326452051582784e-01 1.493286079892270357e-01 1.777350980227414834e-01 1.743262052982056387e-01 1.838271260443502808e-01 1.849191627641135205e-01 1.538825350322703400e-01 1.702391497508511653e-01 1.588010304731782840e-01 1.535586882019329691e-01 1.662670580839318846e-01 1.675322679288504257e-01 1.571398573922291597e-01 1.415865472096682898e-01 1.712706080871845005e-01 1.543229597136603071e-01 1.570715072426082937e-01 1.552011535834068034e-01 1.504596168070344298e-01 1.499715911936005119e-01 1.569253264799812253e-01 1.663888086125907828e-01 1.528376345023241822e-01 1.632722936617159726e-01 1.534903465675213075e-01 1.565526727217639025e-01 1.528303726547087238e-01 1.607298530065145170e-01 1.542078678191843577e-01 1.549092134663826725e-01 1.542846568721277789e-01 1.718604729619093996e-01 1.474835359600998319e-01 1.446274674188350318e-01 1.566327394339563084e-01 1.652733617824360124e-01 1.548976167187362807e-01 1.535391705567718812e-01 1.757953161450862001e-01 1.657548375456397993e-01 1.559492434041287734e-01 1.541999952384588979e-01 1.550498962426332950e-01 1.522716694068497190e-01 1.583750893012944583e-01 1.648755266910962303e-01 1.422247564190211311e-01 1.502913756077935425e-01 1.409015629004388426e-01 1.552825802775734121e-01 1.549982862870891431e-01 1.533478389879201487e-01 1.489625074403791438e-01 1.533964572805521231e-01 1.723892580947119224e-01 1.609869168833129305e-01 1.599756679197936460e-01 1.648550271262075040e-01 1.551122154353543059e-01 1.631562193401477345e-01 1.560762334396176565e-01 1.616202195613967163e-01 1.548329006183989387e-01 1.488246272007853199e-01 1.591727288579143917e-01
9.314144178494584980e-02 1.355498549657680463e-01 1.000000000000000000e+00 3.541604789805866682e-01 1.768794530597823655e-01 3.006357784386222143e-01 3.758608557547731266e-01 3.182794768652665862e-01 3.439962185532824956e-01 3.348733873066555011e-01 3.686524270078204712e-01 3.745867669348064699e-01 3.477948440054016710e-01 3.268719431998661773e-01 3.949120799473720966e-01 3.759991261327546574e-01 3.442302228576961109e-01 3.844174280069189154e-01 3.790560526441811851e-01 3.184341560114766212e-01 3.133993368088288656e-01 3.817286263615456976e-01 3.911509099739257089e-01 3.570910940770892772e-01 3.627088578022624188e-01 3.915862379420372852e-01 3.828517085592366698e-01 3.892921752454579498e-01 3.739263782110613943e-01 3.853013619743632101e-01 3.949633582188848968e-01 3.839038483889206099e-01 3.544678819273766046e-01 3.704267830256885996e-01 3.669506696761563047e-01 4.064948501649970347e-01 3.844508101036368530e-01 3.632798838570565625e-01 3.885171319022603376e-01 3.920642934363213761e-01 3.787762915132086849e-01 3.972568561787874208e-01 3.929513031353029096e-01 3.850125702041991560e-01 3.979687847095372266e-01 3.839954294674173263e-01 3.814412274286996807e-01 3.928724912672001968e-01 3.860066954428971187e-01 3.546748967758308613e-01 3.674590659973120954e-01 3.857115327029460028e-01 3.893712776783339047e-01 3.985855219565309637e-01 3.998007687258191556e-01 4.045245896771883509e-01 4.092875281616570327e-01 3.929153395793281156e-01 3.918392023325380502e-01 3.918762515462054230e-01 3.924560911868349433e-01 3.949573128232786723e-01 3.963590062760953270e-01 3.879419732046828773e-01 3.914251596133382916e-01 4.074154052194545739e-01 3.924178699689390704e-01 3.929882196217078794e-01 3.974347320721311472e-01 3.914038603810718331e-01 3.880849759072521055e-01 3.990769656865563730e-01 3.993041706498553500e-01 3.856903659384586236e-01 4.010373378498883201e-01 3.935008245684888939e-01 4.000784312305607493e-01 3.915851579380280612e-01 3.954997754023494849e-01 3.906882809043489280e-01 3.962718727855199519e-01 3.937130412384655109e-01 4.083138863680477182e-01 3.844553082963186319e-01 3.895568891321533056e-01 3.942319398892813465e-01 4.014376802439354464e-01 3.958808143788509759e-01 3.930410298989862605e-01 4.019935759369649420e-01 4.004127445031629429e-01 4.000542977689296453e-01 3.963271343148285220e-01 3.943478841128725820e-01 3.901970518725359494e-01 3.932087588094531627e-01 4.065089325826956035e-01 3.940730708371352198e-01 3.939073863499816808e-01 3.813854987844446098e-01 3.973453324431637790e-01 4.003275050154734283e-01 3.963256399073156744e-01 3.918194155623241359e-01 4.033201600047894853e-01 4.104759584480616730e-01 3.976227511654853997e-01 3.991087338658032557e-01 3.986321207039390524e-01 3.916868753781759249e-01 3.959125815419136662e-01 3.961380005673891813e-01 3.982492386338580270e-01 3.949453568898438349e-01 3.986704309123518808e-01 4.020084463792238383e-01
9.158916115338605612e-02 1.518578964543948195e-01 3.541604789805866682e-01 1.000000000000000000e+00 3.697880920984621955e-01 4.402551990368658852e-01 5.908123833414019588e-01 5.482539693352550536e-01 5.677373196924657694e-01 5.120108226045130273e-01 5.928416973325708605e-01 6.154872921494065618e-01 5.724646080730165787e-01 5.263301926219168259e-01 6.221017684125875746e-01 6.178656381588650826e-01 5.808462931905346016e-01 5.927956835998087204e-01 5.980799464876511706e-01 5.032903202404257481e-01 5.374302797243301066e-01 5.988028846584279030e-01 5.986728229685249758e-01 5.569505565763697152e-01 5.820696909173956879e-01 6.272848542088587109e-01 6.159773450512345816e-01 6.209856251586944875e-01 6.081995842590564028e-01 6.116220122537219250e-01 6.318255862835127079e-01 6.140243456554783652e-01 5.922245512793988809e-01 6.040029470907012366e-01 6.011031855146673486e-01 6.298435656396870197e-01 6.215411369371177663e-01 6.112887376254458882e-01 6.310710566927013598e-01 6.229742071338506548e-01 6.194718352252593929e-01 6.364917452211409366e-01 6.215493652146732995e-01 6.264103311632338578e-01 6.331752233931162710e-01 6.192803547765691752e-01 6.248782506523977709e-01 6.299168215619974642e-01 6.208605870709026364e-01 5.931934310633696361e-01 6.158040970539229164e-01 6.121262287355065945e-01 6.247250579033845064e-01 6.296363928170148894e-01 6.286827580209817246e-01 6.308008569170679980e-01 6.296494215027297336e-01 6.262093613914417878e-01 6.248501889112864083e-01 6.335520201665325590e-01 6.310094246595658873e-01 6.308759537519109672e-01 6.233361591203776531e-01 6.316187804819509699e-01 6.305691955197236798e-01 6.408921061431773758e-01 6.273120770881389641e-01 6.325034770538700002e-01 6.315875357343424534e-01 6.335343050545340082e-01 6.307020178270964506e-01 6.343313927845487532e-01 6.268292026684092466e-01 6.262189390951422574e-01 6.382960807634092681e-01 6.357476268158295252e-01 6.383901082861854759e-01 6.328946542189484159e-01 6.300089461961375648e-01 6.287789778137796715e-01 6.317451009180957699e-01 6.282466756232303329e-01 6.437864899085478099e-01 6.268231739218517173e-01 6.320785775370912907e-01 6.288936843054581116e-01 6.362910938043033759e-01 6.376614416301905619e-01 6.353507794490774740e-01 6.364710030765220461e-01 6.369490361765585140e-01 6.382098743887706371e-01 6.353229568982530218e-01 6.348831404068778772e-01 6.324238499580204786e-01 6.327428746736097898e-01 6.431459258015145286e-01 6.421206670762402702e-01 6.367505626851550637e-01 6.282145160351650937e-01 6.381915864783217485e-01 6.419934241689762011e-01 6.381018173684832595e-01 6.358192163363868277e-01 6.486548447101427861e-01 6.506952656313096384e-01 6.376901747702868883e-01 6.362836506351328136e-01 6.381732250447060828e-01 6.339152161638316185e-01 6.361617653507192216e-01 6.398034169551449768e-01 6.380794675996855903e-01 6.416772164445124771e-01 6.357323750317434019e-01 6.469354278753459697e-01
4.963059327971992146e-02 6.467093384547492607e-02 1.768794530597823655e-01 3.697880920984621955e-01 1.000000000000000000e+00 3.076793592967279611e-01 4.792837111368201120e-01 4.901542832992442644e-01 4.430182621189431291e-01 4.017533276376615281e-01 4.502523101964760466e-01 4.859814946827565318e-01 5.323527647708860000e-01 4.031451042730518908e-01 4.948794737551596712e-01 5.004617763865462088e-01 4.302883604600412082e-01 4.273073482993223204e-01 4.468679145730724556e-01 4.117096574219827887e-01 4.338039134713542189e-01 4.704273013049185548e-01 4.487634093697341897e-01 4.287640500081568717e-01 4.478358487360046269e-01 4.799134032477623268e-01 4.535066426107009496e-01 4.601182352288522570e-01 4.303522446495064435e-01 4.835165813024380199e-01 4.786115504235771145e-01 4.708638278536899091e-01 4.338405277440272600e-01 4.528838130809550444e-01 4.615045376632079255e-01 4.411123734597398038e-01 4.692477076187495655e-01 4.734141127319669295e-01 4.819461097188658116e-01 4.655702181180724208e-01 4.824879095375893545e-01 4.779398392585761934e-01 4.728688496643758676e-01 4.903158738286393370e-01 4.773628031187170939e-01 4.748067731528511914e-01 4.866680854593483652e-01 4.821929614409096732e-01 4.782133277308482922e-01 4.652505961287569658e-01 4.718627522241042316e-01 4.799909340853849016e-01 4.977184763104093301e-01 4.756389690240214185e-01 4.738088096698783724e-01 4.774042989873412690e-01 4.662239901713599588e-01 4.844190278285613327e-01 4.725218639922221797e-01 4.953734095037572449e-01 4.767608471177112728e-01 4.873911084566654450e-01 4.665756360267705460e-01 4.910554481001073168e-01 4.836837491317498294e-01 4.946985910520442786e-01 4.838618870098351232e-01 4.822226281706241680e-01 4.867025687292278469e-01 4.910107681838847826e-01 4.849428553760813387e-01 4.838517932406822819e-01 4.809805276509250826e-01 4.822272103297382539e-01 4.872835138499341801e-01 4.810587540445335764e-01 4.812001255792633936e-01 4.666403367043469030e-01 4.832639029704242639e-01 4.858585764189625178e-01 4.810119490617561500e-01 4.842180606639963636e-01 4.772069424619842515e-01 4.868409910641453009e-01 4.855577797017739394e-01 4.805737416740888945e-01 4.762444441058588107e-01 4.861621193766150761e-01 4.862325789574382107e-01 4.786739720637502860e-01 4.827057328816242721e-01 4.874198348525533020e-01 4.819716882554805348e-01 4.848958932301843938e-01 4.849545832371861542e-01 4.824075696074341391e-01 4.774944238485174797e-01 4.834687961689052571e-01 4.788724689226023234e-01 4.826973319747631663e-01 4.824170426902988362e-01 4.779193296146189707e-01 4.903644491276769046e-01 4.908577294895390408e-01 4.864938295787525346e-01 4.741967761348834243e-01 4.796259240860258899e-01 4.815609709319863541e-01 4.844753029248352050e-01 4.897783290469310269e-01 4.822518546675007567e-01 4.903672003218210729e-01 4.830442507808133112e-01 4.845482244445684650e-01 4.814748887629189400e-01 4.902935622043693709e-01
2.132251944164394175e-02 1.373121528282278681e-01 3.006357784386222143e-01 4.402551990368658852e-01 3.076793592967279611e-01 1.000000000000000000e+00 5.666090603705691287e-01 5.211732957781077813e-01 5.487921360442317154e-01 5.184447501806989100e-01 5.802434287768168941e-01 5.785874745627388460e-01 5.463846379503952688e-01 5.265245553993619376e-01 6.007376809964974917e-01 5.943592481996086141e-01 5.425182278162448135e-01 5.597449067807964695e-01 5.802733816228713426e-01 4.957899092045567890e-01 5.234511644524715290e-01 5.866637469365296731e-01 5.671243313939907660e-01 5.447202954800224317e-01 5.585129247071287661e-01 5.958628164532426830e-01 5.972648709725411065e-01 5.995797084440261937e-01 5.791971421481494353e-01 6.012569216500296410e-01 6.168342192383750033e-01 5.898411694809382322e-01 5.445590884426834144e-01 5.734243289356097950e-01 5.644327163474194275e-01 5.882936510197629421e-01 5.924095777958240383e-01 5.875310998756281267e-01 6.065902799437152826e-01 5.814983397872414139e-01 5.925655971947261236e-01 6.068079764609537463e-01 5.997877868267501578e-01 6.108019163485463032e-01 6.072904441296052003e-01 6.016439419334513872e-01 6.078413147998986688e-01 6.100121292305183962e-01 6.081268545700379002e-01 5.838333628788339169e-01 5.992241654723009514e-01 5.862712855665552780e-01 5.999195280443576639e-01 6.104454908117287193e-01 6.072802098911836977e-01 6.061841254559074965e-01 6.052341237410016062e-01 6.085703919121470129e-01 6.065238236530308136e-01 6.169476028637675968e-01 6.172989396871753076e-01 6.142110036555498143e-01 6.076041295974387024e-01 6.132012441759591148e-01 6.027012926516017721e-01 6.186025115297798527e-01 6.120727034865995897e-01 6.149186089191966964e-01 6.113501611305810490e-01 6.186541513770604794e-01 6.140918364350127501e-01 6.178328024631601911e-01 6.077562088483415836e-01 6.085432016668281818e-01 6.203870592241941262e-01 6.195119421783459313e-01 6.191973336191302080e-01 6.123125918601503015e-01 6.152986088886621685e-01 6.155225778538548909e-01 6.108431396880797948e-01 6.185889942549884779e-01 6.162102344285828037e-01 5.995694082223815835e-01 6.028997269540011805e-01 6.068866115864975930e-01 6.115525693932500895e-01 6.127889179654779639e-01 6.123184736759023084e-01 6.157575803791023317e-01 6.104126336765985927e-01 6.171990880039217586e-01 6.171334414723490536e-01 6.140636773711303231e-01 6.156316269998279855e-01 6.152093892356241822e-01 6.152538110331234877e-01 6.136608621915337070e-01 6.153334232705276463e-01 6.088417631061046054e-01 6.174576457777128935e-01 6.167538759892633449e-01 6.191901504476012841e-01 6.166244593660256124e-01 6.194134553035768320e-01 6.142712485302717074e-01 6.170554814706007418e-01 6.139864115788238319e-01 6.151609574294103489e-01 6.145936387048487326e-01 6.130441816905511931e-01 6.168504011689984745e-01 6.149335623880219925e-01 6.188804469082096471e-01 6.115478294948004656e-01 6.199694259635587512e-01
4.225308897000245451e-02 1.796725841874593499e-01 3.758608557547731266e-01 5.908123833414019588e-01 4.792837111368201120e-01 5.666090603705691287e-01 1.000000000000000000e+00 7.366213349247323627e-01 7.400948174935972901e-01 6.913780710214083580e-01 7.779908776909619794e-01 8.076743399920569555e-01 7.509451436054245255e-01 7.113430298816477704e-01 8.512227903847884303e-01 8.187017330966602779e-01 7.401664941822309052e-01 7.610514327761657150e-01 7.879597652999651425e-01 6.732002972577697530e-01 7.134407203734718372e-01 7.947455761294615062e-01 7.853318135789296717e-01 7.564103678030171807e-01 7.656039960879565953e-01 8.140530769303910841e-01 7.998201223981723507e-01 8.120070487469408516e-01 7.711695465765823210e-01 8.166310447441377240e-01 8.350393869975595296e-01 8.244874201165655059e-01 7.778577331966832764e-01 8.002431987872102859e-01 7.956950989134771168e-01 7.934588745441051305e-01 8.210919302022107180e-01 8.087673831813798619e-01 8.275554070478885471e-01 8.076585921121196554e-01 8.233451047492478247e-01 8.338112884862147745e-01 8.222137671680159743e-01 8.285084961176013563e-01 8.249099515541546968e-01 8.249095721237630352e-01 8.301428409146761611e-01 8.321287019819347819e-01 8.237179436869129789e-01 7.780948903605685585e-01 8.141075150991758935e-01 7.740123228899755681e-01 8.189928538191233454e-01 8.270628283551021420e-01 8.223753329209455565e-01 8.245923408773659924e-01 7.973671731795897166e-01 8.307020594081978571e-01 8.263852337119054203e-01 8.348777289783629874e-01 8.246228507103126049e-01 8.311281301619146689e-01 8.125014803644631245e-01 8.219016191617805056e-01 8.111097566460520047e-01 8.274095038188147289e-01 8.313578241873467167e-01 8.337222440127550760e-01 8.381214426185488175e-01 8.373596312762449090e-01 8.302303169302058805e-01 8.351551015690155122e-01 8.345829633144454807e-01 8.288464674447383329e-01 8.383314912226299542e-01 8.353171811312983808e-01 8.384577089808888939e-01 8.248094226824366215e-01 8.378423938404989668e-01 8.303413364723982726e-01 8.349604393322439533e-01 8.364754861272075681e-01 8.316502455156222773e-01 8.335963090534009856e-01 8.245490478630059794e-01 8.362310104693579937e-01 8.372344327232169592e-01 8.374092349075457076e-01 8.349327576367099324e-01 8.338876744385066431e-01 8.396495432289586835e-01 8.397392798951126558e-01 8.358466757723359564e-01 8.376634853622406673e-01 8.322503525183063688e-01 8.336646984086529821e-01 8.229134805337934289e-01 8.021106079550633927e-01 8.190703911687420291e-01 8.269614227662507311e-01 8.292284670536360647e-01 8.250299786868278140e-01 8.310574653441015203e-01 8.349707812971900456e-01 8.247447436083078509e-01 8.113398958833878405e-01 8.235838657708141053e-01 8.328852598137385099e-01 8.335734716122640275e-01 8.360386220802001889e-01 8.336208469624144524e-01 8.338371336946799328e-01 8.311783227560550769e-01 8.265854016282643268e-01 8.250307677231321080e-01 8.298552420796773132e-01
3.653249613209994667e-02 1.327163026148632241e-01 3.182794768652665862e-01 5.482539693352550536e-01 4.901542832992442644e-01 5.211732957781077813e-01 7.366213349247323627e-01 1.000000000000000000e+00 7.167295076939320664e-01 6.470432733482371912e-01 7.453552980242574844e-01 7.828722789278713678e-01 7.343788875157311047e-01 6.704104207332984844e-01 7.988336312974188003e-01 8.205871115947835914e-01 7.221313438236660609e-01 7.273287021371342975e-01 7.438345315609603547e-01 6.156408391180434592e-01 6.858622463483722287e-01 7.467161501277549407e-01 7.205183361632737649e-01 6.954870847767590236e-01 7.231982439468910284e-01 7.694445271826940713e-01 7.522074347066001199e-01 7.546008502749792513e-01 7.162110382541216902e-01 7.789554723298527383e-01 7.962449752959078753e-01 7.849388997082842323e-01 7.374054959285184507e-01 7.645326090309036982e-01 7.658805679179748749e-01 7.576928401147013936e-01 7.794065115663718624e-01 7.899218165348574905e-01 7.951541738618003174e-01 7.592018142200673836e-01 7.856771099120739565e-01 7.980725535262175319e-01 7.870946023372998868e-01 8.072923182227311756e-01 7.872763963279882926e-01 7.919677708251249282e-01 8.085821348011185128e-01 8.018246808991920105e-01 8.012738256900719946e-01 7.622633613011766673e-01 8.008722708414830471e-01 7.356869753309005500e-01 7.892205290132470186e-01 7.939021277704263468e-01 7.919589712765086054e-01 7.841064663288430658e-01 7.774778775591804081e-01 8.068731323278083289e-01 8.074067840032608245e-01 8.073049648824033309e-01 8.029678429523654515e-01 8.085631797519631236e-01 7.905940184173400054e-01 8.057969380739594678e-01 7.883759843170109471e-01 7.998202021295960362e-01 8.018069532123520693e-01 8.041766345722470843e-01 8.024819337326550839e-01 8.034989514024433177e-01 7.973715944570050063e-01 8.010558929888225155e-01 7.959924898150688710e-01 7.929561616651317202e-01 8.024693237642929189e-01 8.005806729579468817e-01 7.963197428453864246e-01 7.857643446026117973e-01 7.939870554163341865e-01 8.008760342044308755e-01 8.007878636410992179e-01 8.048929792922160376e-01 7.991457485092884339e-01 8.014900653838108457e-01 7.994669479759444197e-01 7.995353525613920764e-01 8.012205395869789193e-01 8.084389051085575373e-01 8.068754580232714302e-01 7.968417988717911848e-01 7.971641033621613692e-01 8.055708435130490841e-01 8.010163300890200677e-01 8.043024568380128247e-01 8.066925216007446720e-01 8.041375850885261745e-01 7.984557776679274133e-01 7.883587460354183341e-01 8.018794140031102469e-01 8.041536051318627365e-01 8.055197438343923988e-01 8.036648834946494846e-01 7.992816896053797082e-01 8.103790136840901548e-01 7.966197912286376859e-01 7.951499228671661257e-01 8.052623497491123716e-01 8.021611559850452267e-01 8.032599199804996148e-01 8.126485801708164258e-01 8.073328020462327004e-01 8.075920238067402224e-01 8.085324357675939266e-01 8.075888299369962109e-01 8.002326875686609498e-01 8.031491812057963697e-01
1.099539019600583589e-01 1.456841263448272195e-01 3.439962185532824956e-01 5.677373196924657694e-01 4.430182621189431291e-01 5.487921360442317154e-01 7.400948174935972901e-01 7.167295076939320664e-01 1.000000000000000000e+00 7.124353097639901655e-01 7.940023960885392862e-01 8.178769586748633191e-01 7.486691605491884172e-01 7.209752281887420455e-01 8.295524867490412513e-01 8.317143253046265228e-01 7.926743722826620209e-01 7.763962622708037165e-01 7.943557104006011560e-01 6.937724677235782567e-01 7.232111903656652796e-01 8.008060235191637455e-01 7.880693535363526570e-01 7.417929191671889244e-01 7.811898046940299878e-01 8.323270944394015602e-01 8.192061481771748532e-01 8.249369967545914228e-01 7.878563267829711281e-01 8.449222260466083823e-01 8.530636939981253164e-01 8.190284628562379821e-01 7.547717936922961890e-01 7.866790546247146576e-01 7.916433267886998637e-01 8.124665155129036087e-01 8.359715716628198789e-01 8.137535231279434678e-01 8.337554824226468542e-01 7.883764025347871351e-01 8.408573972159345544e-01 8.492651904271172336e-01 8.189587227257751900e-01 8.542166417273580059e-01 8.440944629266839971e-01 8.459838481043263636e-01 8.643767005425487815e-01 8.677809651136039193e-01 8.518169820919436752e-01 8.011128781849943259e-01 8.382397932565207599e-01 8.212169585839397268e-01 8.533099731665545473e-01 8.562762733123986392e-01 8.432418298461187289e-01 8.401387125443060544e-01 8.375161877500389984e-01 8.557739906222444626e-01 8.451870959146723372e-01 8.755053840977660151e-01 8.580350782196721759e-01 8.615504324640378409e-01 8.326457797851402054e-01 8.602964315526221428e-01 8.674863568981631134e-01 8.658997200111946402e-01 8.671433232921350598e-01 8.630430990763905408e-01 8.565472160616482977e-01 8.632157170307853677e-01 8.499144600679646722e-01 8.641245135068862382e-01 8.480427987975609483e-01 8.534290458715919625e-01 8.700667211987469507e-01 8.658513762662021218e-01 8.648518387667327723e-01 8.562236070741633398e-01 8.611450964869229452e-01 8.669664032389360342e-01 8.602301262796118175e-01 8.670175373923639794e-01 8.620817841588204189e-01 8.506225194616727769e-01 8.385911686459801562e-01 8.471581635945620858e-01 8.587623638011582239e-01 8.574982640898775044e-01 8.603071555300865203e-01 8.625691897148783926e-01 8.501246612590217522e-01 8.651719623770782741e-01 8.603952495610569517e-01 8.632821047967375039e-01 8.685533464663766079e-01 8.685099816343181400e-01 8.496566203109289228e-01 8.553110335715592427e-01 8.603989525407190753e-01 8.520445573539398021e-01 8.591674681719227991e-01 8.596841111039620342e-01 8.676238270671872144e-01 8.667756403719147906e-01 8.658987228069255915e-01 8.537455977516305028e-01 8.642415969095424977e-01 8.665419222884982453e-01 8.649350397972435101e-01 8.677723725081650796e-01 8.589768748264828835e-01 8.730803487886921177e-01 8.630349858983035194e-01 8.669254404768285127e-01 8.718256770043096848e-01 8.704143173644902642e-01
1.744556497968792474e-02 1.847403052118736511e-01 3.348733873066555011e-01 5.120108226045130273e-01 4.017533276376615281e-01 5.184447501806989100e-01 6.913780710214083580e-01 6.470432733482371912e-01 7.124353097639901655e-01 1.000000000000000000e+00 7.527266732141053573e-01 7.758487041672792461e-01 7.021505681012166766e-01 6.911521887326705915e-01 7.836585386606448322e-01 7.642092113962684063e-01 7.099254399491391476e-01 7.092724986998826253e-01 7.409217800747904814e-01 6.152430373873665204e-01 6.731732430888441865e-01 7.491262332134103197e-01 7.525111333774976430e-01 6.961355320098467914e-01 7.221710072590393770e-01 7.822265183793600807e-01 7.641101925326881927e-01 7.624589582882693728e-01 7.239521764704209827e-01 7.957792255237290391e-01 8.001920297264891735e-01 7.903658769660931727e-01 7.178794801417774929e-01 7.517811778421893409e-01 7.534949750986209560e-01 7.563238787036193900e-01 7.824498157396140297e-01 7.700689270663277908e-01 7.871033480365489110e-01 7.580295291776893984e-01 7.987435973944171375e-01 7.854071746989673697e-01 7.695467502304690344e-01 7.943225062865447716e-01 7.906915125340542305e-01 7.958941851059433414e-01 7.989209072652179167e-01 8.054452963965212930e-01 7.937377047052611712e-01 7.415551627387256817e-01 7.784789602263068042e-01 7.431192712827531244e-01 7.799233243080349043e-01 7.995303752149180987e-01 7.876895289400323019e-01 7.962113228021990841e-01 7.650497137385638968e-01 7.982714971220962186e-01 7.908223422263287450e-01 8.008787560924407467e-01 7.852990409844817776e-01 7.975938946366891713e-01 7.766061955088296997e-01 7.907179210087299515e-01 7.851394864728949985e-01 7.909692866153370527e-01 8.077851065844344758e-01 8.024837271289878560e-01 8.011656381083515077e-01 8.006351755061932307e-01 7.939677128555817642e-01 8.047944153179156235e-01 7.949340398544179065e-01 7.968469508386329947e-01 8.069316393740555426e-01 8.015770298112221415e-01 8.021466371912110427e-01 7.945332963533774384e-01 8.049380717446817934e-01 8.078414034008741806e-01 8.032708813623328226e-01 8.074786543255163540e-01 8.029070517496258441e-01 7.936890281311889117e-01 7.836232994119050055e-01 7.980398007059430476e-01 8.021310291393652925e-01 8.022576858689519641e-01 8.008452073118966785e-01 8.038452488430120058e-01 7.998152757396533863e-01 8.047151994400290054e-01 8.067007229982224858e-01 8.040037756087454746e-01 8.050558912229305308e-01 8.059502104912540377e-01 7.873936462530061187e-01 7.768096993017737928e-01 7.947088363093585128e-01 7.958962221764076528e-01 7.959592339625392032e-01 7.962326421771614982e-01 8.002953484514914173e-01 8.013134823177979760e-01 7.963087188013783235e-01 7.811566608949647161e-01 8.001067903355305599e-01 8.063509707396815385e-01 8.055867406705613520e-01 8.042623335260268291e-01 8.025425955322172955e-01 8.037675072515181318e-01 8.026480061863586757e-01 7.985375651507795602e-01 8.018990960664459378e-01 7.991237651216195337e-01
1.284861020684685551e-02 1.509459231618215658e-01 3.686524270078204712e-01 5.928416973325708605e-01 4.502523101964760466e-01 5.802434287768168941e-01 7.779908776909619794e-01 7.453552980242574844e-01 7.940023960885392862e-01 7.527266732141053573e-01 1.000000000000000000e+00 8.779865552775647508e-01 7.794454605980548623e-01 7.809119148943783895e-01 8.802585724228588759e-01 8.715048503716062989e-01 7.955875353858253840e-01 8.007794179333982409e-01 8.421851728363405343e-01 6.807820701987751244e-01 7.549503123938825500e-01 8.495121735161619281e-01 8.369158388594764020e-01 7.842893336562642981e-01 8.225675373382439481e-01 8.746835099806320457e-01 8.550916063692775015e-01 8.640201476674345127e-01 8.076874641860838366e-01 8.913769700885498803e-01 9.082860468755910022e-01 8.890086906726415439e-01 8.293387580998721198e-01 8.602452281394283862e-01 8.600829657808762851e-01 8.640505257296207109e-01 8.893955987666846141e-01 8.808188551042058778e-01 8.958660380463945305e-01 8.703831526677319186e-01 8.965974628611965702e-01 8.990977144516211217e-01 8.884738759767486505e-01 9.035750729439806506e-01 8.996142908598556698e-01 9.003931779123137691e-01 9.036049758734696624e-01 9.092678348571978653e-01 8.982733824642675780e-01 8.564743037246790314e-01 8.854643734441626224e-01 8.448885880798282511e-01 8.902555347676386344e-01 9.003174763533016156e-01 8.927950464808430686e-01 9.015578956868307570e-01 8.716183171095582827e-01 9.044951346069212139e-01 8.988076193272624970e-01 9.043306631356391456e-01 8.979218513723132844e-01 9.035693499987269561e-01 8.864589550203112456e-01 8.958293509145806022e-01 8.896557118206203096e-01 8.971219614604082349e-01 9.120693955354410853e-01 9.101774817168365450e-01 9.083031172791159458e-01 9.036943929655972818e-01 9.011924097521208932e-01 9.114277662460593676e-01 8.989415159460310001e-01 9.007035993541092633e-01 9.117571274645192014e-01 9.085903539896009740e-01 9.080248094341393239e-01 8.905841195892657547e-01 9.060514701790619574e-01 9.104576294020193528e-01 9.094574920418044828e-01 9.136831580410097464e-01 9.122171835414768504e-01 9.055046189527307110e-01 9.007542176658835942e-01 9.069491756840939445e-01 9.141464541727273296e-01 9.139548913396694507e-01 9.127772219091042638e-01 9.097084603326384133e-01 9.116915698710112981e-01 9.135015252496635485e-01 9.134100933614773821e-01 9.143395730320826864e-01 9.137964757633474377e-01 9.137724315957714838e-01 9.060440917250670578e-01 8.899959302889131063e-01 9.059102298720864699e-01 9.086604950739938236e-01 9.095120985044778950e-01 9.080274614342216388e-01 9.071784168242706947e-01 9.112027513356061315e-01 9.076370912679765368e-01 8.928706754559220249e-01 9.089315244281284123e-01 9.116080274606018774e-01 9.118605072269155842e-01 9.121340146522997072e-01 9.114098278044691082e-01 9.115605959771618805e-01 9.111056464532762966e-01 9.090181573992505148e-01 9.073536643161649318e-01 9.084043802147478974e-01
2.767189002572361528e-02 1.599127531725550999e-01 3.745867669348064699e-01 6.154872921494065618e-01 4.859814946827565318e-01 5.785874745627388460e-01 8.076743399920569555e-01 7.828722789278713678e-01 8.178769586748633191e-01 7.758487041672792461e-01 8.779865552775647508e-01 1.000000000000000000e+00 8.159798375027359496e-01 8.049504186789487870e-01 9.164664108471931581e-01 9.095204486348662520e-01 8.290514193615057259e-01 8.383780726902826386e-01 8.689473500300788356e-01 7.148588493955875256e-01 7.909531724606002623e-01 8.752483026593389503e-01 8.677507726306672442e-01 8.149501811430770459e-01 8.491075024233735169e-01 9.060307287267049814e-01 8.883683260416205263e-01 8.937792588118996795e-01 8.414936377960740010e-01 9.184987583087156349e-01 9.335504933615217382e-01 9.196955282445232749e-01 8.559522885224697397e-01 8.916856581755681077e-01 8.908944581432505228e-01 8.883503359905745578e-01 9.166032328725454148e-01 9.184226495017507874e-01 9.304981916208657777e-01 8.948176283549890142e-01 9.338998151404457326e-01 9.311523772867096316e-01 9.176669964049438688e-01 9.388895181581532468e-01 9.275524315775798279e-01 9.313376648545645953e-01 9.392592370116127354e-01 9.412542527321651198e-01 9.323263718270836664e-01 8.921598252122641126e-01 9.225753011468963427e-01 8.789957426876953139e-01 9.223508635428123714e-01 9.308987157274373203e-01 9.249319007131233672e-01 9.313967646967121761e-01 9.059928322530103051e-01 9.367576081220666540e-01 9.331225982221960091e-01 9.388375566208122525e-01 9.316768084634340363e-01 9.395758288090464427e-01 9.218846293069011821e-01 9.326630846946768472e-01 9.204856688595883796e-01 9.316317575183243882e-01 9.416735564820108983e-01 9.411305047327975792e-01 9.399599545720296323e-01 9.375587005582102229e-01 9.306959439628581521e-01 9.401508669218703318e-01 9.313451202923581640e-01 9.309780324153739128e-01 9.419738753095404649e-01 9.393565940932249170e-01 9.382543785684932525e-01 9.237141060855541541e-01 9.377748844494915303e-01 9.423495075483019345e-01 9.406324941281050123e-01 9.450360462331226508e-01 9.384279794108906225e-01 9.354669966291391248e-01 9.278853190896503289e-01 9.355100098769063566e-01 9.406533695238799009e-01 9.440338275149301461e-01 9.436645510913579393e-01 9.395577858301720209e-01 9.373968208234081390e-01 9.445050224767291835e-01 9.415788845556744002e-01 9.431269928168830585e-01 9.433565108478327854e-01 9.439217857963640990e-01 9.310176638800738980e-01 9.203425209751554537e-01 9.357720310555520671e-01 9.378363319188958158e-01 9.404597123346205567e-01 9.385936720023237978e-01 9.388609035764193811e-01 9.430784750938528971e-01 9.376543197900807369e-01 9.220868912585946653e-01 9.392219142269652155e-01 9.423275174858842806e-01 9.422002512033805788e-01 9.447758096327929511e-01 9.411635701930369802e-01 9.427985604710185097e-01 9.415903018655603640e-01 9.404833159257388608e-01 9.377112140356452796e-01 9.398087676855677586e-01
3.972821989395301095e-02 1.374755770263877408e-01 3.477948440054016710e-01 5.724646080730165787e-01 5.323527647708860000e-01 5.463846379503952688e-01 7.509451436054245255e-01 7.343788875157311047e-01 7.486691605491884172e-01 7.021505681012166766e-01 7.794454605980548623e-01 8.159798375027359496e-01 1.000000000000000000e+00 7.215907786944287805e-01 8.353557250031291570e-01 8.355759546129961635e-01 7.452992386176873207e-01 7.533647173507382888e-01 7.811302712946464055e-01 6.608450494811404230e-01 7.263715519241431551e-01 7.991533874023053485e-01 7.743865952712770673e-01 7.410362740851440533e-01 7.673613904610333547e-01 8.101748573387522745e-01 7.954368757012347801e-01 7.954501513314931049e-01 7.550532794822039095e-01 8.309654691048469211e-01 8.349265623172905659e-01 8.182564984815013931e-01 7.553423977920346033e-01 7.962702565318019454e-01 7.966571752626421254e-01 7.925333808629071441e-01 8.165406366648123582e-01 8.113574816613752239e-01 8.302246916344033778e-01 7.887985616571696612e-01 8.325448397930820255e-01 8.305028934468028368e-01 8.204851430145940760e-01 8.416202997569891542e-01 8.368385567215678167e-01 8.323001153737914493e-01 8.442478011208212063e-01 8.443904098237059452e-01 8.287939976845764001e-01 7.935011832918837937e-01 8.226603039576853016e-01 8.027159283250880906e-01 8.371806921807957158e-01 8.352427736955116977e-01 8.258931807973771688e-01 8.304479852821970987e-01 8.090955760875350178e-01 8.434259257136568211e-01 8.264809997841062739e-01 8.526999968071854452e-01 8.382394242168367260e-01 8.448358172519304654e-01 8.147328251595656878e-01 8.436199153599941436e-01 8.336845741270241250e-01 8.440697435659979542e-01 8.432126734915027511e-01 8.450638125808361822e-01 8.454021448462966104e-01 8.433904093678327163e-01 8.403191639954722403e-01 8.461625073130760732e-01 8.372380033161481716e-01 8.376295728629660209e-01 8.449319520325418997e-01 8.417905144952283480e-01 8.393049626373725314e-01 8.285331700243696584e-01 8.413997848382875899e-01 8.460224271056159262e-01 8.397003579618874669e-01 8.459828154832320646e-01 8.393546737301931238e-01 8.374483948144196832e-01 8.306813067077923884e-01 8.387201747339653179e-01 8.410047907315408855e-01 8.429635506204818940e-01 8.444220567705937874e-01 8.390284594259165285e-01 8.373379605486509503e-01 8.472165174373058605e-01 8.441490038625650838e-01 8.442689464036661207e-01 8.474855606176795453e-01 8.458843650060147157e-01 8.316474162324168917e-01 8.283474507398732589e-01 8.380868026588439434e-01 8.387616872893786102e-01 8.424560889220285009e-01 8.375778591201055168e-01 8.462000936070742663e-01 8.491410875149658644e-01 8.443563592528048334e-01 8.252509316440074238e-01 8.394688520111723840e-01 8.451992368708819425e-01 8.437987085269196275e-01 8.500105874696358699e-01 8.420243679083292410e-01 8.508642701722655133e-01 8.434076704024114912e-01 8.444453852868070154e-01 8.450588833295088476e-01 8.470410535105820093e-01
