1.000000000000000000e+00 6.901517582926075534e-02 7.415026154935844271e-02 2.688168273527032429e-02 3.240900781404975478e-02 1.833987887540437442e-02 1.757362084417724360e-02 -1.778475123311631370e-03 1.301153273573977809e-01 7.056699019113925331e-02 4.723580432841591181e-02 -1.264533896134373975e-02 5.676488546060392583e-03 2.186845339650674014e-02 -2.281419617970076395e-03 7.721978912567470377e-03 1.270115173457252167e-01 5.566095482433189995e-02 3.392694762446805262e-02 8.321592098385850733e-02 8.387789333806770775e-02 6.106568503042957008e-02 8.063004322721747941e-02 -6.837335160454865481e-03 1.682656159816990626e-02 9.484569537977027842e-02 7.703486404464068849e-02 3.218052069455941411e-02 1.454323311351674586e-01 1.117080613997390032e-01 9.284964540315800152e-02 7.030497700794567650e-02 3.037523360366458508e-02 1.347942312728172762e-02 6.635361796824355840e-02 3.215011193489596825e-02 3.432805458986050440e-02 -5.585195029241121073e-03 9.251088208781753364e-03 -2.541296287343182414e-02 3.233631005731159302e-02 -1.755162123766899548e-02 -3.620377427946655513e-02 -1.316567346956688291e-02 1.835773949600145311e-02 -2.364149982398493135e-03 5.949023632126909308e-03 2.606056926026218204e-02 4.156237324228452545e-02 1.741226359685695002e-02 -3.115974673619892159e-04 -1.428141600819578727e-03 1.173605093729908171e-02 5.676211763826527479e-02 4.558212998001975186e-02 2.438065529770712045e-02 7.453644451279195504e-02 -6.529923419498252952e-03 7.983024367131179647e-03 2.183915648554422134e-02 1.267848603219440436e-02 2.686900553048341897e-02 2.273254225693735475e-02 4.232161146600772056e-02 6.175322427042914675e-02 4.840762902805407358e-02 2.832110876277057349e-02 6.555896691980820160e-03 4.373076721246198229e-02 3.105928909546942090e-02 1.948671713061523800e-02 2.157971599987968184e-02 1.086474062941390198e-03 4.565395563808975071e-03 3.149937898616719800e-02 2.567609157122057242e-02 1.827192691987383072e-02 5.926265843393872801e-02 2.267380782158978994e-02 4.629976212832204174e-02 4.095506659246949538e-02 4.357050316380483429e-02 5.082190348768431815e-02 2.964711357121419671e-02 3.395027656178151859e-02 2.264946945281812868e-02 2.275121695874842212e-02 1.097534002838846529e-02 1.747854528080373601e-02 3.705388164478819885e-02 2.908572103568915056e-03 5.366885630637380916e-03 1.921712655046406426e-02 9.454413464732976113e-03 4.574151234208055986e-03 1.440917767917215299e-02 2.215672888572408142e-02 5.990243163670939258e-02 2.398559984607811710e-02 1.420158990735734782e-02 8.033246213834813534e-03 2.624497843341928524e-02 1.110900766933773515e-02 7.073729196798831526e-03 2.621217435700774756e-02 4.721320502642836758e-02 3.655601048763452987e-02 2.308818086955934101e-02 2.762164541974633514e-02 6.735410398503775820e-03 1.392816617772730733e-02 1.695445463067545011e-02 2.118605590861505003e-02 3.719637720997061997e-02 3.241559163144187156e-02 4.088905286580250126e-02
6.901517582926075534e-02 1.000000000000000000e+00 4.768508184621752383e-02 9.507204882738266860e-02 6.296939528755689242e-02 4.509333760098786781e-02 1.308882609212363712e-01 1.359197917105887665e-01 1.551941216071463514e-01 1.405947898543901953e-01 1.343832738205758548e-01 1.365119299986067569e-01 1.149349334981553811e-01 1.044521032049483406e-01 1.302865435185932286e-01 1.363063324751615235e-01 1.355878144377876682e-01 1.117023671184631944e-01 7.084727617565608759e-02 1.188115710455337343e-01 1.017473879820955801e-01 9.942695322816932912e-02 1.350949892000742336e-01 5.898797206806626059e-02 5.861996910260667409e-02 1.222641530503379009e-01 1.420263959091207506e-01 1.361392770264266416e-01 1.552264534011450203e-01 1.652998203022769119e-01 1.629451966229411852e-01 1.492331062142005782e-01 1.304783743280766017e-01 1.105228505190449240e-01 1.556982652921359012e-01 1.242987482109617625e-01 1.368158546570952538e-01 1.257587365824275605e-01 1.311046109637818702e-01 1.165442069316583867e-01 1.442447100397999948e-01 1.298993568495184214e-01 1.139218058005046913e-01 1.220743123569072719e-01 1.358971264112862065e-01 1.288435654373311368e-01 1.471291926925018534e-01 1.537048369004591075e-01 1.523086991373078514e-01 1.259726289237138586e-01 1.326839042966928561e-01 1.095382715485197778e-01 1.400037806770959570e-01 1.677071171783126036e-01 1.679283446357534848e-01 1.438478273168647403e-01 1.691110176966997281e-01 1.423846873193186091e-01 1.494289254121438648e-01 1.516485183530974223e-01 1.439667390018996018e-01 1.577639325938448855e-01 1.559181670408706366e-01 1.552215213215737966e-01 1.441278740478430243e-01 1.606629440414787946e-01 1.467465566345272920e-01 1.346259299673168985e-01 1.504555583163905141e-01 1.497770976772006268e-01 1.245634444316348760e-01 1.297046874006891060e-01 1.215111826685690288e-01 1.146279537573496737e-01 1.468890695876043095e-01 1.505771210097359702e-01 1.454297983270707306e-01 1.539095234009223157e-01 1.453149607082910577e-01 1.579876828848900683e-01 1.527860120026037494e-01 1.542294638624170933e-01 1.487241549149791175e-01 1.529193332974308484e-01 1.462925041469690379e-01 1.419709295994415754e-01 1.433170515208965212e-01 1.452358752302067568e-01 1.471447945066776675e-01 1.539678861369501717e-01 1.425114336244729663e-01 1.432800491869163917e-01 1.446497337516975124e-01 1.410411247791162059e-01 1.441671568437921658e-01 1.484817327881169935e-01 1.458580740187838676e-01 1.558258524185308080e-01 1.482686941668780456e-01 1.409891394829510813e-01 1.413612513878226007e-01 1.502550672318441471e-01 1.437591242853614448e-01 1.406877888303492974e-01 1.413913779638081569e-01 1.635506262610658401e-01 1.539118655749802111e-01 1.495450278610156170e-01 1.534534141042820932e-01 1.479999408799852201e-01 1.515630935152649794e-01 1.487939579825905967e-01 1.542067153596164142e-01 1.544440788339786486e-01 1.427739736507691315e-01 1.560231824232687081e-01
7.415026154935844271e-02 4.768508184621752383e-02 1.000000000000000000e+00 2.862841015714390203e-01 1.690028729382530015e-01 1.906735616274017331e-01 3.256660694278629697e-01 3.039454991681510010e-01 3.450316184770194639e-01 3.444831284868307142e-01 3.543439143012586112e-01 3.611633709515649771e-01 3.264115164693761062e-01 2.760750988244445869e-01 3.609286585127428615e-01 3.435961640468805367e-01 3.591453983950232409e-01 3.353826991494036069e-01 3.127623492727338306e-01 2.951595712400446603e-01 3.454803444445914695e-01 3.558659729405110883e-01 3.788207070852900316e-01 3.020931264823377149e-01 3.088261922086927846e-01 3.906680720463140410e-01 3.903022453533885328e-01 3.817995062443734766e-01 4.016797285501512715e-01 3.970604851021385939e-01 4.069375006770009628e-01 3.894507843236403311e-01 3.807916614713303116e-01 3.544048109863482399e-01 3.864711913580152758e-01 3.479657298622367279e-01 3.816923688869141018e-01 3.689528405141043188e-01 3.714520006824021947e-01 3.579582749804538500e-01 3.813369459868355404e-01 3.617214498976750181e-01 3.218305828977980898e-01 3.590445327152690935e-01 3.709796895996904098e-01 3.637241312804311288e-01 3.611247870341900423e-01 3.733790353543809393e-01 3.671551158691778727e-01 3.607517963400984629e-01 3.595473157096915617e-01 3.169564043524609742e-01 3.498889110394873270e-01 3.864570834821347556e-01 3.867996122364253941e-01 3.892831162673194290e-01 3.753869590203184337e-01 3.617381688313636712e-01 3.782461971307438664e-01 3.617722050586767435e-01 3.605267604270924187e-01 3.671256503103348390e-01 3.709232485814662472e-01 3.631789504602868646e-01 3.617728291914952266e-01 3.678993598343480165e-01 3.679421327420190346e-01 3.689217253527022344e-01 3.921637738391787198e-01 3.804638828764654312e-01 3.717729367325943723e-01 3.727611166162553280e-01 3.652842464923138355e-01 3.615629385836319210e-01 3.853264944893036170e-01 3.794045464891336872e-01 3.754325191460821665e-01 3.920349247891380950e-01 3.803340575518196487e-01 3.842790280825104654e-01 3.819999831290158965e-01 3.841740971058746901e-01 3.824047037302995555e-01 3.837681468811989793e-01 3.842887400123494723e-01 3.794478625644285286e-01 3.702071099253942954e-01 3.738357560294022774e-01 3.722700845360954469e-01 3.875209428302499592e-01 3.752687073858961830e-01 3.684235803213364857e-01 3.761059326079144727e-01 3.730370578462079423e-01 3.626777142158480460e-01 3.684269898796502796e-01 3.707298395950532899e-01 3.740756373415916602e-01 3.662953758276265570e-01 3.702228696025932075e-01 3.604694364055779920e-01 3.735309213805885209e-01 3.657107797201797350e-01 3.630805008361113195e-01 3.639929761696267807e-01 3.739569824050407720e-01 3.711116398473401912e-01 3.723729405063628262e-01 3.790932514017641419e-01 3.612595424981978609e-01 3.717565316522536412e-01 3.649419977399693815e-01 3.682878151524354715e-01 3.684282103511015705e-01 3.626350359029110737e-01 3.683488798396862829e-01
2.688168273527032429e-02 9.507204882738266860e-02 2.862841015714390203e-01 1.000000000000000000e+00 3.086499760946525006e-01 3.837229773217737394e-01 5.882275977826754154e-01 5.678999051679741727e-01 5.900873252063024710e-01 5.256205660294430704e-01 5.877324541115430678e-01 6.208755345384538993e-01 5.527255611039509908e-01 4.612445297573799508e-01 6.255006718369452434e-01 6.276540888185977440e-01 5.813929729562182791e-01 5.002862190483141624e-01 5.281327170694858353e-01 4.613601828014529116e-01 5.438440767214560712e-01 5.988253690384851557e-01 5.418572419494844805e-01 4.423705793929547658e-01 5.023917949270191308e-01 6.275546464945882530e-01 6.329296458502554623e-01 6.118243001193894859e-01 5.752759698606456640e-01 5.880072274934272647e-01 6.299106675940449040e-01 5.957580751097755201e-01 5.838553295637515239e-01 5.757829254758302095e-01 5.948203710736029715e-01 5.999289179098327152e-01 6.234532618414113658e-01 6.066755524405880173e-01 6.290480053665764570e-01 5.846407380177258695e-01 6.415745392193745733e-01 6.264226981496493485e-01 5.905853056053883554e-01 6.389009637328709745e-01 6.313055621658715255e-01 6.253575757162915805e-01 6.346156112591423426e-01 6.364704062358332859e-01 6.382712025648586973e-01 6.227001315445012120e-01 6.314078120891386536e-01 6.069165648980483496e-01 6.274777345084511238e-01 6.407737678120117852e-01 6.351897436824076593e-01 6.179025037485051941e-01 6.386273454474074018e-01 6.321943901845099578e-01 6.328829651868789208e-01 6.354636007979627133e-01 6.427202621788469239e-01 6.393222329600320997e-01 6.424250972470131327e-01 6.411598799285312955e-01 6.436233624856810831e-01 6.436670835200559715e-01 6.393035378482715414e-01 6.273057472787970656e-01 6.363920787599841589e-01 6.365612584280105901e-01 6.413269681491253760e-01 6.367968693326108154e-01 6.055063853242085292e-01 6.047155345343613320e-01 6.436968077577674974e-01 6.407101858876698142e-01 6.336603787918033692e-01 6.306871650176518740e-01 6.275838816391619002e-01 6.336820072976081519e-01 6.335027410519181723e-01 6.355372956412653762e-01 6.464471664605966339e-01 6.320777534476642590e-01 6.392202408651260770e-01 6.344068093766094263e-01 6.420643684584128597e-01 6.356281402334639230e-01 6.368639958148654134e-01 6.404483106360354672e-01 6.342318910169985058e-01 6.396417517057592095e-01 6.456009356581277059e-01 6.388455264834781433e-01 6.352929098290990284e-01 6.392388704209155392e-01 6.439982933550268962e-01 6.496968916277241490e-01 6.422330430032586746e-01 6.417463036641173346e-01 6.365795950692622052e-01 6.467438777647021020e-01 6.385891976320604568e-01 6.438736057467955298e-01 6.456760701775854372e-01 6.428968880111627371e-01 6.456572664658531968e-01 6.386691596863133258e-01 6.413158159804638325e-01 6.371059609642311106e-01 6.363370121016691527e-01 6.369533672005230907e-01 6.397467131450231825e-01 6.435363751223884821e-01 6.404193592551403746e-01 6.442809656102079785e-01
3.240900781404975478e-02 6.296939528755689242e-02 1.690028729382530015e-01 3.086499760946525006e-01 1.000000000000000000e+00 2.918095459899879840e-01 4.285285735708588284e-01 4.331777041550919916e-01 3.949853892571793534e-01 3.745289267316602166e-01 4.238489345742227354e-01 4.741671919981199079e-01 4.575628935459044588e-01 3.220956651040024488e-01 4.658530565107678045e-01 4.727703611522158234e-01 4.005899624540224524e-01 3.183778922539797218e-01 3.632107355551915662e-01 2.674864419665405890e-01 3.232380620972958307e-01 3.886235269856062602e-01 3.789220698058200498e-01 3.172365500114258108e-01 3.633710121646669955e-01 4.121244832698399141e-01 4.432036424303292255e-01 4.302071927532120088e-01 3.858693834529341449e-01 4.127468152746141539e-01 4.462225759645551681e-01 4.158273252687735844e-01 4.062276870566848275e-01 4.106765785515600897e-01 4.265594217412309042e-01 4.397197558083971169e-01 4.433455520780383852e-01 4.438530843518573854e-01 4.570434289290360996e-01 4.333744116763517118e-01 4.741224499095232359e-01 4.753381315286707154e-01 4.685370820597174468e-01 4.884508537769370884e-01 4.702369036703575311e-01 4.679393446408190993e-01 4.846349213152656987e-01 4.790001031392701614e-01 4.716251808666489520e-01 4.560661095919738006e-01 4.726596573322772166e-01 4.687872997813350429e-01 4.853046245959075078e-01 4.663506296892833691e-01 4.647872181262727165e-01 4.477794292738618287e-01 4.498160693895519313e-01 4.868363299210693440e-01 4.612677211339980543e-01 4.933064597714579835e-01 4.884655688901239357e-01 4.820166948118435601e-01 4.682272368445779542e-01 4.793793793678459703e-01 4.789597570826341077e-01 4.792615875528579705e-01 4.827855943041344244e-01 4.726355317009596768e-01 4.688615385491907150e-01 4.561960926023990170e-01 4.684070356619474129e-01 4.740104019719021400e-01 4.527475695692010915e-01 4.560919682215439641e-01 4.763932083063647793e-01 4.769950239808196102e-01 4.794100180183604176e-01 4.585233005113563687e-01 4.700650958734383100e-01 4.719203604747316261e-01 4.726592163278824921e-01 4.763828962244127108e-01 4.694750393088076290e-01 4.730018982360175706e-01 4.731909537127280685e-01 4.683820403237560770e-01 4.769253920708506067e-01 4.793581042752153576e-01 4.769408795370821963e-01 4.681722854762505603e-01 4.730870868596807055e-01 4.859506838328497280e-01 4.812146092018525501e-01 4.797747795500138523e-01 4.856287628895437081e-01 4.838166238081308967e-01 4.804517611710152902e-01 4.776682498071778693e-01 4.850832921860133706e-01 4.861879100773676687e-01 4.934740646894324456e-01 4.800437350153083371e-01 4.891935283202182294e-01 4.936460516450070224e-01 4.891724710091568395e-01 4.669169958664559639e-01 4.819214178025438278e-01 4.812133011509340252e-01 4.748866803721682461e-01 4.875407661001415205e-01 4.746993008632305333e-01 4.875874586199072658e-01 4.819553878924537904e-01 4.884014873458997763e-01 4.873956043974094765e-01 4.838986984514608847e-01
1.833987887540437442e-02 4.509333760098786781e-02 1.906735616274017331e-01 3.837229773217737394e-01 2.918095459899879840e-01 1.000000000000000000e+00 5.150541473003682480e-01 4.677578025565760633e-01 4.940484820345462103e-01 4.596844821186669150e-01 5.150067329750740441e-01 5.561563281075403431e-01 5.134407401216982691e-01 4.392357570309165515e-01 5.634555056093092373e-01 5.604286614474648376e-01 4.951734219307988849e-01 4.560787809024387518e-01 4.769759390605019522e-01 3.621459768709693328e-01 4.539276793036046143e-01 5.105203943891508667e-01 4.759637658167419905e-01 4.382493783220385852e-01 4.571371474956182346e-01 5.262084271533119528e-01 5.335836237019158101e-01 5.435887470501237217e-01 4.891306686804461346e-01 5.035819780255849087e-01 5.408288224795938515e-01 5.184613905286677982e-01 5.025300069376333889e-01 5.148945631871892914e-01 5.019349940779963548e-01 5.425494937213253266e-01 5.460620749194825541e-01 5.507518340164185844e-01 5.613452352767805964e-01 5.381056875947345386e-01 5.683546624162287841e-01 5.658985239014204804e-01 5.502621211349280061e-01 5.747392135972216876e-01 5.719629334811295873e-01 5.672091061039631343e-01 5.770070572345266102e-01 5.756993154246876632e-01 5.674053803349522473e-01 5.411897816667647909e-01 5.658279080180333986e-01 5.373038539219840981e-01 5.616257664649109138e-01 5.652747135547229185e-01 5.532959347649919479e-01 5.506893323834084475e-01 5.443533407638578847e-01 5.734894823135244790e-01 5.622636239080727183e-01 5.776317388010263620e-01 5.742005573719431988e-01 5.704455212755180638e-01 5.655895135075185154e-01 5.679290858643532003e-01 5.679264995303309194e-01 5.653067996378652316e-01 5.782072551616465050e-01 5.734729856987667018e-01 5.680103294319038820e-01 5.642981604141482643e-01 5.744899635791739234e-01 5.749691760700627041e-01 5.592234812624863327e-01 5.627913715982052478e-01 5.745982292456590645e-01 5.745475504410428869e-01 5.772329370689273098e-01 5.615039278865716632e-01 5.744819674814753974e-01 5.636353205361465113e-01 5.674319751183936056e-01 5.696444621898024696e-01 5.706434328670939582e-01 5.659222499877285539e-01 5.678814965459288988e-01 5.710129356410208468e-01 5.731026826985224920e-01 5.769983585579245844e-01 5.767643497608707648e-01 5.741160682858367226e-01 5.752503367066259532e-01 5.807228037846966506e-01 5.768233692564529447e-01 5.813744942697558482e-01 5.798457807405380526e-01 5.808193826805230220e-01 5.685359461922787627e-01 5.679456803702833678e-01 5.809767496331295078e-01 5.766164768441609523e-01 5.791878903366275422e-01 5.769711262392692719e-01 5.768905674450246490e-01 5.807458772501178368e-01 5.741711522713679461e-01 5.708639436701665737e-01 5.762051114766554294e-01 5.795605235119497545e-01 5.760126403870172718e-01 5.788525319702074734e-01 5.766087980366650934e-01 5.797442507245373911e-01 5.772919980122112049e-01 5.772251625230058192e-01 5.729033746060708809e-01 5.739771200316401423e-01
1.757362084417724360e-02 1.308882609212363712e-01 3.256660694278629697e-01 5.882275977826754154e-01 4.285285735708588284e-01 5.150541473003682480e-01 1.000000000000000000e+00 7.064622095714350181e-01 7.210926586297260465e-01 6.551625028667825701e-01 7.399320891025381597e-01 8.024683876406845107e-01 7.398045802477077881e-01 6.173497231016835674e-01 8.399082014711959365e-01 8.114868883724922766e-01 7.182102842248114793e-01 6.458104758798968170e-01 6.889601273321922514e-01 5.736365560545231279e-01 6.661470568917275958e-01 7.454922562981862733e-01 7.356621477801864595e-01 6.409129923679874885e-01 6.739918305017867928e-01 7.835713569339060047e-01 7.824939688464116472e-01 8.131816341953566063e-01 7.347762238989539174e-01 7.572849032336297359e-01 7.999543079379306532e-01 7.755569402913784494e-01 7.725067369382133675e-01 7.641299164361914364e-01 7.583118208719924480e-01 7.888712090320506576e-01 8.021357964027635568e-01 8.157445541925012478e-01 8.280473752753142458e-01 8.097948847124819549e-01 8.291095885868164928e-01 8.305170447142541379e-01 8.014353994986301855e-01 8.367268857023568707e-01 8.275092276053609419e-01 8.340437746707848321e-01 8.254950193615788745e-01 8.279191349502765807e-01 8.209847535828139753e-01 8.014559411413457735e-01 8.223722103010299156e-01 7.755053266502613951e-01 8.168536203720028199e-01 8.163650923997352038e-01 8.069559146258780125e-01 8.230010774703512277e-01 7.940460985721171649e-01 8.203981256443203529e-01 8.174377875123818304e-01 8.229753249820553895e-01 8.258209000024513413e-01 8.188436333694277813e-01 8.155939926737524326e-01 8.154683825851536394e-01 8.082216042611940487e-01 8.108749263166825649e-01 8.264361435355611629e-01 8.266058041580385263e-01 8.259701788872112482e-01 8.242713077107198805e-01 8.288011654393678818e-01 8.239461855836049953e-01 8.113038918490699247e-01 8.074627552157336297e-01 8.310791738533092055e-01 8.274795347721984884e-01 8.340298977120553792e-01 8.137567168947287266e-01 8.298070588852911600e-01 8.174384644080919804e-01 8.191938000092646721e-01 8.256172876078713418e-01 8.247169809850214417e-01 8.229070380654502914e-01 8.249542698619634074e-01 8.250537706301667162e-01 8.291076834863151390e-01 8.298336752774062575e-01 8.311436545991830460e-01 8.288084880044005454e-01 8.380110220849936731e-01 8.360027042939469633e-01 8.333923892485357587e-01 8.366386046661112852e-01 8.278951329655576119e-01 8.306563619265400211e-01 8.224888965843510924e-01 8.108178230555221910e-01 8.269182854469291355e-01 8.308910907918707345e-01 8.335980834428723396e-01 8.253884037572801757e-01 8.255317346536109602e-01 8.306120785561277309e-01 8.221279828507975784e-01 8.133009949717441289e-01 8.231625346540279997e-01 8.285845078850762047e-01 8.264222250205865983e-01 8.270212548204906033e-01 8.224539784256590380e-01 8.273450679521955342e-01 8.233835433162156603e-01 8.230710371668302772e-01 8.216720011539980772e-01 8.194271431526678473e-01
-1.778475123311631370e-03 1.359197917105887665e-01 3.039454991681510010e-01 5.678999051679741727e-01 4.331777041550919916e-01 4.677578025565760633e-01 7.064622095714350181e-01 1.000000000000000000e+00 6.931156355491433496e-01 6.303855892768441826e-01 7.008795808614748379e-01 7.791032439455636283e-01 7.019538938662384098e-01 5.826086963872761926e-01 7.852359431282635027e-01 7.910186160788765797e-01 6.892627999395952720e-01 6.140094964151959767e-01 6.554371977239635827e-01 5.210209659785991487e-01 6.283933270791625114e-01 7.127675618976735405e-01 6.826125728789127489e-01 6.038584767128225561e-01 6.331696614193680350e-01 7.485118138300250745e-01 7.469286659402645245e-01 7.676699603730668953e-01 6.983230669319853146e-01 7.271999046380492882e-01 7.626550583084906743e-01 7.426223656396064854e-01 7.284254869017184886e-01 7.412025032847863182e-01 7.398674898665135169e-01 7.584178552335182344e-01 7.671382238688415622e-01 7.825888008274112240e-01 7.929111143468516865e-01 7.584034266237792421e-01 7.951272939017521857e-01 7.966358816429660594e-01 7.726060512788844870e-01 8.076261740580970017e-01 7.922173225917984452e-01 8.002386235933030001e-01 8.001117067432242935e-01 7.977548381205218364e-01 7.979888000162278505e-01 7.821295775547215667e-01 7.943606083314193045e-01 7.622963099125864561e-01 7.885676602619430264e-01 7.859461643763662186e-01 7.824577205875968833e-01 7.775976756393769840e-01 7.747508465736497874e-01 7.986484256053231201e-01 7.883991839581495631e-01 8.027685428815832802e-01 8.041131245599805188e-01 7.941137405124295556e-01 7.935081283180207556e-01 7.917433474996008469e-01 7.894763141272789220e-01 7.908717167557141048e-01 7.991175749666125094e-01 7.968635752267027028e-01 7.954032149055858536e-01 7.904814224722859217e-01 7.967040052423551844e-01 7.934848405673121663e-01 7.777497895967853125e-01 7.723099003440336840e-01 8.019330891229502489e-01 7.940578543472317508e-01 7.979434455352698574e-01 7.855720850414055212e-01 7.946880884206478646e-01 7.878990956837156334e-01 7.901140033982324562e-01 7.945016468756416206e-01 7.919472086264707222e-01 7.974252327395640050e-01 8.038073376625994859e-01 7.984539604088983777e-01 7.988139229426822752e-01 8.080685152323878739e-01 8.034143162842649621e-01 7.954684858338334497e-01 8.032232491468741520e-01 8.067712926159548159e-01 8.031154034489473847e-01 8.080061703828099740e-01 8.016708153325415864e-01 8.039864009013567570e-01 8.075873220220575188e-01 7.963809023614140115e-01 8.052186304941704176e-01 8.082095110490262746e-01 8.095737337426853752e-01 8.049366337634625834e-01 8.022455629396343380e-01 8.123325696001542084e-01 7.992939033006696281e-01 7.932351260725831743e-01 8.038353911006488328e-01 8.012657390414228420e-01 8.001078091603599507e-01 8.044441566682405398e-01 8.000907974900517416e-01 8.028089539141521902e-01 8.004297490858711672e-01 8.019247793583118566e-01 7.967403332217908307e-01 7.964533004482114986e-01
1.301153273573977809e-01 1.551941216071463514e-01 3.450316184770194639e-01 5.900873252063024710e-01 3.949853892571793534e-01 4.940484820345462103e-01 7.210926586297260465e-01 6.931156355491433496e-01 1.000000000000000000e+00 7.340899987837374852e-01 7.726103864941474830e-01 8.026333784077429589e-01 7.439293745752846299e-01 6.422770325995421636e-01 8.236378304818819940e-01 8.175354783484062304e-01 8.073866098016456716e-01 6.790771522625187462e-01 7.088168699891044255e-01 5.499699069645087590e-01 6.970084684686383980e-01 7.764818995511353350e-01 7.496261796267400523e-01 6.278740059761130921e-01 6.739434204243134330e-01 8.234469709010650007e-01 8.266665505047443574e-01 8.039846052398373910e-01 8.073039761313890450e-01 8.303643916067401376e-01 8.591744567689570955e-01 8.083024577635513630e-01 7.637618753208222921e-01 7.675370761671791442e-01 8.158457045142143427e-01 8.006305806071624120e-01 8.311891684370721345e-01 8.047719744507958461e-01 8.304021328194198803e-01 7.643497597866028004e-01 8.580808411727697260e-01 8.240979849330428708e-01 7.718422033303515839e-01 8.298272834484768934e-01 8.386594894198936556e-01 8.310367122567803300e-01 8.576304648808071862e-01 8.667803107590978939e-01 8.657434165584649843e-01 8.083068675884346188e-01 8.310841318579275105e-01 7.706024195374838737e-01 8.340566853286494053e-01 8.751034526162716487e-01 8.613362411531709784e-01 8.344742282827566360e-01 8.684229483079975997e-01 8.438824084037417350e-01 8.556211101073905034e-01 8.639149841283596531e-01 8.571583123384896030e-01 8.704233329917254736e-01 8.614906030029324535e-01 8.672816381867924918e-01 8.629718142552529336e-01 8.677091006110485560e-01 8.634955502500951674e-01 8.467627325889253154e-01 8.595965961954389334e-01 8.435999439029897573e-01 8.509590888400652142e-01 8.551000265140512591e-01 8.216250881436879538e-01 8.246934458370688281e-01 8.675312645687934809e-01 8.619276045329403724e-01 8.553661391408173831e-01 8.653984213123189217e-01 8.566271362877766471e-01 8.698008768995246776e-01 8.676118869298592440e-01 8.719981378153166540e-01 8.636666136345769740e-01 8.542349285683366045e-01 8.578209977352657667e-01 8.538018777320038888e-01 8.559340631804981392e-01 8.581789990570001248e-01 8.594119539814141229e-01 8.645516884337951513e-01 8.431206279833842743e-01 8.580971211948493771e-01 8.598008163265430381e-01 8.597248735387738039e-01 8.598441025373428914e-01 8.644954127326150983e-01 8.517398491916463588e-01 8.701570273500233155e-01 8.671925488282127281e-01 8.571311079000337729e-01 8.498897346278537768e-01 8.702912211938957920e-01 8.578489409889872297e-01 8.589723213078414021e-01 8.558597142357979859e-01 8.716120096046783283e-01 8.715044273159856525e-01 8.674967054854662019e-01 8.677847595232530686e-01 8.601518623389825535e-01 8.629710221184000440e-01 8.640667606960895641e-01 8.668588943219528442e-01 8.681945065628871028e-01 8.623267876503837304e-01 8.721715697098436637e-01
7.056699019113925331e-02 1.405947898543901953e-01 3.444831284868307142e-01 5.256205660294430704e-01 3.745289267316602166e-01 4.596844821186669150e-01 6.551625028667825701e-01 6.303855892768441826e-01 7.340899987837374852e-01 1.000000000000000000e+00 7.031331443679735838e-01 7.401430355820048934e-01 6.770294524773844413e-01 5.825172835303347174e-01 7.550404984296189559e-01 7.483537830800048862e-01 7.266222383306137900e-01 6.405974625539869738e-01 6.606584559889946417e-01 5.004879607162668886e-01 6.342277310802475476e-01 7.116886442863028517e-01 7.197895057513962191e-01 5.967263064777629245e-01 6.309840868120916157e-01 7.560762651379903110e-01 7.675903978259835947e-01 7.589492046852411855e-01 7.478254735902480910e-01 7.652243730137064937e-01 7.899615057007811636e-01 7.526243358650231974e-01 7.264401399702883344e-01 7.170607931768457899e-01 7.561239691431208554e-01 7.377897935948081187e-01 7.794055125075975976e-01 7.573324149420346263e-01 7.751383920455767740e-01 7.298662086499894119e-01 7.987402360965459858e-01 7.703454683140811277e-01 7.199986509798781409e-01 7.711396979837650267e-01 7.811075210340391317e-01 7.714103560091372103e-01 7.961525367429866940e-01 8.068014157531930852e-01 7.907390687172632937e-01 7.432668994190124723e-01 7.695683303707607781e-01 7.110027674640355677e-01 7.778022835268456614e-01 8.106395264203626327e-01 8.018670822842414170e-01 7.854710460361373769e-01 7.868148163642736392e-01 7.916419176595450580e-01 7.946678127384221302e-01 8.004391278587519309e-01 7.867154206439166408e-01 8.020780709751396120e-01 7.867377745376851195e-01 7.954366934532139943e-01 7.901972075395138351e-01 7.996062828049268489e-01 8.001826566407391761e-01 7.905317350713845226e-01 7.992607131400223386e-01 7.755181668653474691e-01 7.880031599503557471e-01 7.939682790702685677e-01 7.701366315141611185e-01 7.715391494230571245e-01 8.037914508067603991e-01 8.008537744453894103e-01 7.998642634133664719e-01 7.999934037962683764e-01 7.965764485138385753e-01 8.032163778873706583e-01 8.048388658797843709e-01 8.080556701032796107e-01 8.045633393833049318e-01 7.943361320531127090e-01 7.903715961879171914e-01 7.948917703769469156e-01 8.000091603791975592e-01 7.948338976648512411e-01 7.978765526313770229e-01 8.020834405872768746e-01 7.868947965075167028e-01 7.960603932004920447e-01 7.968824814614174912e-01 7.963595332349704403e-01 7.985701274111968173e-01 8.024647124558302869e-01 7.798343153939157890e-01 7.920980792539394910e-01 8.001055704765086540e-01 7.905275218732477072e-01 7.855832615769646754e-01 7.989592071745311719e-01 7.932473719037586024e-01 7.913522855410395351e-01 7.918063606577717684e-01 8.042201100301041850e-01 8.013779756303933688e-01 8.046985110710941358e-01 8.058313760875746024e-01 7.969730780297006323e-01 7.992478257039444811e-01 8.026686385282743030e-01 8.037213314119111551e-01 7.997903138474322660e-01 7.977156823206377201e-01 8.051924457418601078e-01
4.723580432841591181e-02 1.343832738205758548e-01 3.543439143012586112e-01 5.877324541115430678e-01 4.238489345742227354e-01 5.150067329750740441e-01 7.399320891025381597e-01 7.008795808614748379e-01 7.726103864941474830e-01 7.031331443679735838e-01 1.000000000000000000e+00 8.230817649045696349e-01 7.532908077447499906e-01 6.211189402333254783e-01 8.320853170071726979e-01 8.247316089609799672e-01 7.590550910841017407e-01 6.786418097498944091e-01 7.224902825289276631e-01 5.470382934443378531e-01 6.763003142859632666e-01 7.717531161252644267e-01 7.527703577137755397e-01 6.450343589994632643e-01 6.878715481847210711e-01 8.078546288744258286e-01 8.208571688420894796e-01 8.177032707127743771e-01 7.750162917778697924e-01 8.028685906559359653e-01 8.384059869306564883e-01 8.025132239517965838e-01 7.753870745697273303e-01 7.770964387343695101e-01 7.995190334105184427e-01 8.054798717889989357e-01 8.329653088347420686e-01 8.253867063608979482e-01 8.413088310549073912e-01 8.035239713931884298e-01 8.575170084808221294e-01 8.425176685092621298e-01 8.008761879933271599e-01 8.497010315429482930e-01 8.474441372795356031e-01 8.473130588518716921e-01 8.604300582202846215e-01 8.667823636948301935e-01 8.587486449590552295e-01 8.157144489941430265e-01 8.438219805810348584e-01 7.870539265658480499e-01 8.430725071916848057e-01 8.628709577867915703e-01 8.556208801120498419e-01 8.422129625263184982e-01 8.443100114380617249e-01 8.547705388583030084e-01 8.562770807891134650e-01 8.624854330163781446e-01 8.602980649059170926e-01 8.634806524944598216e-01 8.522726129423667807e-01 8.597848766545242993e-01 8.525287573627845505e-01 8.563091328404628388e-01 8.640323743687728930e-01 8.579694623809829279e-01 8.613004558960462020e-01 8.430351593565922341e-01 8.555752797480408178e-01 8.590977591749248132e-01 8.354974308552782780e-01 8.343114078047643156e-01 8.667425987366763618e-01 8.645231485246430703e-01 8.636831946672964833e-01 8.548044713290166019e-01 8.594631503588306964e-01 8.603717937638840629e-01 8.602558639915648397e-01 8.654805120883507508e-01 8.596113740864700370e-01 8.565365046837429830e-01 8.575983631429480170e-01 8.574394934655784617e-01 8.609852712587841017e-01 8.616842034018681318e-01 8.613204678947968818e-01 8.620881866594571896e-01 8.597424243584536052e-01 8.651066182402072924e-01 8.642614950691280828e-01 8.657013105567271660e-01 8.644797545314690801e-01 8.666597950303405185e-01 8.507530523916737586e-01 8.557126097611971183e-01 8.656837338485622313e-01 8.582319534239897241e-01 8.575198422145431376e-01 8.645852080558206199e-01 8.604784837732767366e-01 8.633468070180092546e-01 8.583742833614111944e-01 8.615452440494675290e-01 8.658339188430621558e-01 8.677078584593550525e-01 8.671617250655151432e-01 8.649237307494985760e-01 8.634673989783078207e-01 8.654598465205692870e-01 8.649607885659713613e-01 8.612019688663683503e-01 8.591094258995697341e-01 8.645956198766001632e-01
-1.264533896134373975e-02 1.365119299986067569e-01 3.611633709515649771e-01 6.208755345384538993e-01 4.741671919981199079e-01 5.561563281075403431e-01 8.024683876406845107e-01 7.791032439455636283e-01 8.026333784077429589e-01 7.401430355820048934e-01 8.230817649045696349e-01 1.000000000000000000e+00 8.281403787215232404e-01 6.781348558244117974e-01 9.118158639720315151e-01 9.056633964592659680e-01 7.993865787890697128e-01 6.981398184833704779e-01 7.623605065482961241e-01 5.673061344238601311e-01 7.023670087268051310e-01 8.132526105047346299e-01 7.933433973375326742e-01 7.009296722804467805e-01 7.352670150292679452e-01 8.490757208350790952e-01 8.691639513390674310e-01 8.848094054765720529e-01 7.994792202834434258e-01 8.377715270138715864e-01 8.791609864939828878e-01 8.543230349670226653e-01 8.385172729084586773e-01 8.540968419155380298e-01 8.470639798647487950e-01 8.839898565999243507e-01 8.931859442481764333e-01 9.084987276725163818e-01 9.196253144557973158e-01 8.852503891225341759e-01 9.298310248228116581e-01 9.328531042006316110e-01 8.995017076889825214e-01 9.367611978766134939e-01 9.257565612742419958e-01 9.235826706348470028e-01 9.361860942527998608e-01 9.372636163219282279e-01 9.252119841225974195e-01 8.958781084504924275e-01 9.277835862041450277e-01 8.815272451959900168e-01 9.255505854820026412e-01 9.212555651725751193e-01 9.165460381833171466e-01 9.107330725974872587e-01 9.005673805393222819e-01 9.355694313271567530e-01 9.253889347104763408e-01 9.383437698194655452e-01 9.401990890493480135e-01 9.341576589118497642e-01 9.235362579534155403e-01 9.282236145795376148e-01 9.201063428737156213e-01 9.251863220784514175e-01 9.370886283217001456e-01 9.323994408334241868e-01 9.243633133155403359e-01 9.117035678395322140e-01 9.234857598257657507e-01 9.296493161348462486e-01 9.086602477663544564e-01 9.059862832049047077e-01 9.343900498448439729e-01 9.334629765378823496e-01 9.367489374889882425e-01 9.142690456662057041e-01 9.280945292555964343e-01 9.211199905592766246e-01 9.240234863238507845e-01 9.298136216006148702e-01 9.274621233672550868e-01 9.264130863795235760e-01 9.276118368173243978e-01 9.311645821130450917e-01 9.347054343367497964e-01 9.377500069153987816e-01 9.370371458656527874e-01 9.276702469099405990e-01 9.373740716621979940e-01 9.437791547330868225e-01 9.395326299039925555e-01 9.403598916057284152e-01 9.427713346360329094e-01 9.427945526317225156e-01 9.285536951836002029e-01 9.207921026846701551e-01 9.389616344624376332e-01 9.370811945625684425e-01 9.401816653367284227e-01 9.351718752324398309e-01 9.374864994542958518e-01 9.431693120211549486e-01 9.360787034179041122e-01 9.240468336906786373e-01 9.351655881868081721e-01 9.390405022259644685e-01 9.354781804207445983e-01 9.407713092495201268e-01 9.339024174366820086e-01 9.398498777986242780e-01 9.369793617614533554e-01 9.340890985863520291e-01 9.344551470032351759e-01 9.317886239661398173e-01
5.676488546060392583e-03 1.149349334981553811e-01 3.264115164693761062e-01 5.527255611039509908e-01 4.575628935459044588e-01 5.134407401216982691e-01 7.398045802477077881e-01 7.019538938662384098e-01 7.439293745752846299e-01 6.770294524773844413e-01 7.532908077447499906e-01 8.281403787215232404e-01 1.000000000000000000e+00 6.209702035345104898e-01 8.387684229764297283e-01 8.369959918069131977e-01 7.306736231549121330e-01 6.364903325711233073e-01 6.892163016960388688e-01 5.200295931416800688e-01 6.576979667258588957e-01 7.423607771627517282e-01 7.129549004872864915e-01 6.208512023206745889e-01 6.727836533365504357e-01 7.907313391113669487e-01 8.050249930898165651e-01 8.069413305259252045e-01 7.391683103767554552e-01 7.720039736595533109e-01 8.116570672941648690e-01 7.593584456122814963e-01 7.546910202225920461e-01 7.543907988390422537e-01 7.704760713949623252e-01 7.995627541547847272e-01 8.152329315415398625e-01 8.109397646662823700e-01 8.390620759588075517e-01 7.955584103400479279e-01 8.519488899934681836e-01 8.450429328439149623e-01 8.179444580044779034e-01 8.602089485488937370e-01 8.473859482357148920e-01 8.453037332880849464e-01 8.583435858110419758e-01 8.572601958813570455e-01 8.399263069103111157e-01 7.959257564104195160e-01 8.314068272745599453e-01 7.989720687119288289e-01 8.457022027528389163e-01 8.441340346242576231e-01 8.343170089272812229e-01 8.269085332409394917e-01 8.122173904934851807e-01 8.552635331331113200e-01 8.339771131272396554e-01 8.624745080591499358e-01 8.566529025067954883e-01 8.520017892486104749e-01 8.355269276636398956e-01 8.504617148601858467e-01 8.498280382362649599e-01 8.482616406802000464e-01 8.585245265680409021e-01 8.515725010544646922e-01 8.431886114810316357e-01 8.404690097871310162e-01 8.517761138127221132e-01 8.549733102744709878e-01 8.251407186008081762e-01 8.298504316285352234e-01 8.576900782447113292e-01 8.591610388582560098e-01 8.586702711043369129e-01 8.419977128976053882e-01 8.524085206952044524e-01 8.502315824748807316e-01 8.501695664989582513e-01 8.535112541654742424e-01 8.493111152030471400e-01 8.470016338583068460e-01 8.467785647444272534e-01 8.501555658381479974e-01 8.582678979404529951e-01 8.577355547915248568e-01 8.591048741059476024e-01 8.492821343502579001e-01 8.553895105117790276e-01 8.647961088566574750e-01 8.606843513524636835e-01 8.622970458073676570e-01 8.643069851440597917e-01 8.632260019460747946e-01 8.462220237213853302e-01 8.416294683458648285e-01 8.574198822203118464e-01 8.555332713927364940e-01 8.642666331388619838e-01 8.563578720049702664e-01 8.617304882447028858e-01 8.658294014445424569e-01 8.590620918630232916e-01 8.453045986915810328e-01 8.565334999568771090e-01 8.595448911165085581e-01 8.564922352502019054e-01 8.617147830202686043e-01 8.557688360886088752e-01 8.645990514097426916e-01 8.584596599129097338e-01 8.629680917422103414e-01 8.596156182396611500e-01 8.574397220491691840e-01
