1.000000000000000000e+00 4.546978607028882152e-02 3.870568169822061200e-02 6.206289342377687215e-03 8.559153906042270624e-03 -2.606773612864651552e-03 -2.170292359399744395e-02 -9.280852771012875965e-03 1.490120534060545288e-01 -2.206003234754441798e-03 1.335851712430984918e-02 1.116219899930266657e-02 -2.226281622688229891e-02 7.469848668817261408e-03 -8.608366906606240709e-03 -1.617900367790434807e-02 8.621815482704946187e-02 3.643928172272193483e-02 1.449030894753103142e-02 9.227705429394883474e-02 5.404788637967876397e-02 1.902819949955429288e-02 -2.997384793651155024e-02 -2.492327178140539903e-02 -1.599859611156788375e-02 4.464234062327124969e-02 4.378841906522092098e-02 5.712156941945728539e-02 1.243625171813725616e-01 7.853878296996807951e-02 3.938974680242444265e-02 -7.864784240924911629e-03 2.158931084510451112e-02 4.228275182179144082e-02 6.503912282720751559e-02 -1.983896369037158654e-03 4.064415258289546390e-02 -1.557566425503414953e-02 1.686018592290556076e-02 -6.482588836495030427e-02 1.757005037898995859e-03 -2.932366954834881093e-02 -6.240697735449370065e-02 -1.467577658993106902e-02 -1.518223528378969019e-02 1.543630258067326365e-02 -3.374639409962631141e-03 1.161002528304011863e-02 1.223781997315992118e-02 -6.794918599806060340e-03 -3.053936507928445981e-02 3.649583002441852964e-02 1.676784665965923293e-02 4.926804003081720201e-02 1.481494233968531742e-02 6.219078818598937504e-05 6.546584873358096690e-02 -1.521594173971593279e-02 -1.011706568150859929e-02 4.493014147135693248e-02 1.311484888329535929e-03 2.934459635946413264e-02 -5.444486656432761564e-03 5.156664955750795559e-02 7.713063731242052190e-02 7.303293094665670726e-02 2.320824136260180373e-02 4.434596787028607934e-03 -5.488377227151517660e-04 2.760145084766495865e-02 5.958381982518730878e-03 1.355695190555417790e-02 -1.122809898543849182e-02 -1.530503403849337724e-02 1.206128173964294940e-02 1.558114381681299614e-02 1.040691580086763532e-02 4.940512928810488619e-02 8.615689386740619723e-03 1.797168378182627257e-02 1.328907434045954912e-02 1.451823175930921743e-02 5.894396377472420172e-03 1.576996972277326312e-02 -1.016025000869443667e-02 -6.561456679965970047e-03 -5.873034241449511059e-04 -6.715846837120131169e-03 -1.754091460637409016e-03 1.432946786270722622e-03 -1.745644538433829829e-02 -1.072777555935645541e-02 -1.147427706588548951e-02 -3.828841548939374353e-03 -1.526160665880867736e-03 8.414875658551632109e-03 -2.889533006208573965e-02 4.280637499509589577e-02 -2.715555531668244725e-03 -1.348502207624132851e-02 -1.891806941280445298e-02 -7.190449936424400928e-04 1.189747477803600011e-02 -1.050834883278669012e-03 2.600988401372685346e-02 4.512611529353943718e-02 2.186779041667808593e-02 1.444097725575349891e-02 5.194276227918051894e-03 2.717835880194410889e-03 2.340479903888532942e-03 2.209892888555717999e-02 1.254705358515558443e-02 2.890659626407652769e-02 3.895846247884559438e-02 4.644038703693217224e-02
4.546978607028882152e-02 1.000000000000000000e+00 7.551585287965567606e-02 1.309744450956161765e-01 6.782803021685181177e-02 6.308406220701871792e-02 1.632758005133357615e-01 1.492725913808543026e-01 1.487568158940878460e-01 1.525068075779062171e-01 1.295515345070665514e-01 1.439476984499999390e-01 1.226841174144588237e-01 1.052821431612348674e-01 1.569600249956651095e-01 1.448019732780397029e-01 1.669116064319270953e-01 1.293108003719903309e-01 1.334948921502765173e-01 1.090789914951532935e-01 1.290739763890877412e-01 1.258220462598785283e-01 1.278604953426712987e-01 1.287578883330331159e-01 1.300291955907008079e-01 1.627504290801886355e-01 1.566132801977161149e-01 1.555120919608221630e-01 1.621875525292333642e-01 1.513734869977901298e-01 1.618663762794912420e-01 1.642523753183217916e-01 1.532592607250631844e-01 1.693308042891504273e-01 1.513667712423399370e-01 1.571930684863959704e-01 1.504221116843643957e-01 1.531818960487461301e-01 1.603938200211294240e-01 1.397836319992988297e-01 1.544940202148961939e-01 1.443830673231463468e-01 1.391454909809086982e-01 1.487738081268878410e-01 1.546677135411644866e-01 1.572793526113921425e-01 1.582967523659704889e-01 1.593352443614838299e-01 1.608822985971437858e-01 1.438541974704973248e-01 1.482373175529211329e-01 1.297855378924138159e-01 1.420849283025609755e-01 1.616954670418921658e-01 1.508818285160486439e-01 1.559110192517474125e-01 1.472343856468304180e-01 1.535198616799904880e-01 1.519784825368828973e-01 1.565420891984680152e-01 1.521335995407756825e-01 1.576249807795749858e-01 1.480512564131152009e-01 1.584855764268235101e-01 1.598244605799974960e-01 1.605436714235246309e-01 1.584643553617577361e-01 1.570259403266638376e-01 1.565266699303907161e-01 1.622632701940114885e-01 1.514775520469212600e-01 1.536527357114607362e-01 1.560437510644311632e-01 1.495339377892422605e-01 1.598627132844114285e-01 1.585641363907180634e-01 1.600103299027546278e-01 1.620401715869977666e-01 1.553100572271317037e-01 1.567431377415932359e-01 1.558883210297434263e-01 1.599051915012831004e-01 1.559138204147082485e-01 1.597579007029529263e-01 1.562725382234557425e-01 1.584459270948145870e-01 1.540407958644699205e-01 1.547119789243457388e-01 1.586946761812587370e-01 1.561643756829493856e-01 1.525888817436935052e-01 1.562010399783619052e-01 1.533008881340148510e-01 1.533784485215540783e-01 1.570091095736386722e-01 1.591247141168775359e-01 1.412581266000660363e-01 1.475628960619534691e-01 1.538791133575991843e-01 1.532700722398012971e-01 1.489673069096779101e-01 1.518204465979858808e-01 1.497960281864835208e-01 1.534005431269047370e-01 1.510520355500000744e-01 1.533414141168974731e-01 1.555607781811517154e-01 1.599048497745807762e-01 1.581361191283762180e-01 1.569464284034658985e-01 1.550101676799432726e-01 1.606385684638950706e-01 1.579503625607898698e-01 1.593535959133463853e-01 1.588938036080605187e-01 1.569912091834254064e-01
3.870568169822061200e-02 7.551585287965567606e-02 1.000000000000000000e+00 2.736575057637393726e-01 1.651475336878431566e-01 2.376654515793699129e-01 3.537199419781287824e-01 2.986388594481247938e-01 3.494027263539337680e-01 3.064834644130414731e-01 3.542979965048851931e-01 3.702750116688673931e-01 3.302266004126155341e-01 2.604974701651251445e-01 3.621650923115401488e-01 3.631649816733486524e-01 3.262050359360714746e-01 3.332914813943852472e-01 3.372776785086602502e-01 2.872164639349498172e-01 3.254419955445915225e-01 3.529103986645102387e-01 3.540529650199650824e-01 3.213210279331624175e-01 3.353666168592974173e-01 3.771482973958768525e-01 3.598938577300688779e-01 3.625731933518978600e-01 3.439924428998925587e-01 3.595520479699739758e-01 3.772144742067647383e-01 3.812500515053243721e-01 3.633233286366004400e-01 3.658862674872684906e-01 3.533932705827578791e-01 3.714034070567979740e-01 3.725755672263602047e-01 3.767833291740493307e-01 3.792839741943722642e-01 3.851312345937006887e-01 3.860535952284196437e-01 3.800032672349909491e-01 3.876702226400502993e-01 3.829135536670725815e-01 3.847886528823575292e-01 3.846078487520105949e-01 3.827239616417792978e-01 3.823827857155082666e-01 3.785363147092437597e-01 3.683477071832317873e-01 3.790345162565352255e-01 3.702335109070480357e-01 3.748503594642533798e-01 3.770388208777358252e-01 3.716152639607504526e-01 3.866938683431263568e-01 3.662463614351865182e-01 3.879200891727710432e-01 3.800715428667043594e-01 3.772072068379442866e-01 3.780128541302353873e-01 3.794169946656399950e-01 3.722953789994352669e-01 3.741395643077097266e-01 3.735927388868912624e-01 3.677891354637773391e-01 3.849799248266173590e-01 3.833610431129633178e-01 3.912500848036479240e-01 3.840140777905156066e-01 3.852450465848331063e-01 3.877311062288925636e-01 3.841092635150082368e-01 3.850806480256234732e-01 3.870428006194561732e-01 3.842489325641239017e-01 3.825573629330016878e-01 3.776171088919320074e-01 3.853415393490219332e-01 3.842672941328537095e-01 3.883095165373278146e-01 3.878468580157200529e-01 3.935104603684935753e-01 3.838284867101808828e-01 3.828237778593768237e-01 3.865861178773928875e-01 3.958790209023587137e-01 3.865528594463996659e-01 3.884421432488242565e-01 3.904832362100301157e-01 3.896885595595213636e-01 3.878509528004357443e-01 3.881320132912726151e-01 3.845584206566309282e-01 3.861820663635087691e-01 3.845562219188585762e-01 3.801502030867284776e-01 3.677721621225202298e-01 3.788253772503399341e-01 3.855525485661639995e-01 3.844613496918832252e-01 3.777568559495029232e-01 3.841803379827508635e-01 3.848097631100418359e-01 3.816451615446506129e-01 3.731938325980677651e-01 3.764622458444717990e-01 3.847105645671112240e-01 3.854279755584366640e-01 3.872447708130496991e-01 3.850017877201268313e-01 3.830990087434433256e-01 3.861005332664474987e-01 3.798601506680837070e-01 3.775341073782946810e-01 3.789441111058090561e-01
6.206289342377687215e-03 1.309744450956161765e-01 2.736575057637393726e-01 1.000000000000000000e+00 3.271326442226717424e-01 4.048223290907626559e-01 5.748669685934487683e-01 5.453264829003727776e-01 5.790313002130451636e-01 5.173211400904582646e-01 6.134089058609447642e-01 6.359904773128786104e-01 5.530126624960346460e-01 4.674778677060527077e-01 6.320879839220656660e-01 6.276298369488245710e-01 5.679696251636457971e-01 5.406276672171599351e-01 5.823964507535318580e-01 4.461328787148082231e-01 5.469931934199073753e-01 6.050439431863462447e-01 5.778837752615378909e-01 5.306705515498763015e-01 5.625782231902417552e-01 6.325149237164282567e-01 6.237197825954700070e-01 6.162026374905457127e-01 5.786278625586276370e-01 6.174925329451262934e-01 6.422428081319327964e-01 6.354264268547611394e-01 6.082630641510935465e-01 6.350409369890119837e-01 6.106447512003084777e-01 6.273694232395986559e-01 6.307305724517416889e-01 6.356166685156476870e-01 6.514642086885740202e-01 6.337746640219020788e-01 6.464948854286581836e-01 6.499729132314265856e-01 6.303932888194575535e-01 6.459517888229125981e-01 6.498053609038058065e-01 6.452235704696972496e-01 6.509283790625742805e-01 6.498294947994180948e-01 6.427038929518777977e-01 6.274935110060156918e-01 6.377832922686788031e-01 6.236506973341743310e-01 6.393149639968140896e-01 6.395328361658539906e-01 6.241077930178631217e-01 6.499146692448958262e-01 6.224899397225519548e-01 6.487838296511543312e-01 6.348117806132338448e-01 6.439423916220468058e-01 6.482805139342215917e-01 6.349014558065988467e-01 6.277827191531782924e-01 6.361877203417765081e-01 6.378917069577261234e-01 6.382526406633426408e-01 6.496736907014994955e-01 6.454206108694986455e-01 6.510134950041783775e-01 6.403671410335983749e-01 6.484358768361966341e-01 6.512100891547397685e-01 6.397650958770609853e-01 6.422506309065313390e-01 6.516598905592158042e-01 6.510268904336586893e-01 6.479151265726653675e-01 6.396409408707103283e-01 6.501488537318733663e-01 6.460496898951310074e-01 6.462179639916102447e-01 6.475456350260767602e-01 6.586297662659214014e-01 6.482491631154851941e-01 6.540601311414757646e-01 6.578529413911560209e-01 6.538103344520191929e-01 6.548312456439305818e-01 6.568643103598762467e-01 6.525736601833194150e-01 6.564832163528301345e-01 6.548575898849775534e-01 6.541470651910867851e-01 6.552172919511554117e-01 6.524691683609974424e-01 6.521368073436674129e-01 6.468975188708208091e-01 6.410302130509251128e-01 6.512016140755831906e-01 6.549202794825308427e-01 6.505087670405323985e-01 6.488592835578356199e-01 6.502904619976358491e-01 6.511534579862284788e-01 6.536932556890271417e-01 6.410508033833527408e-01 6.482692637119856771e-01 6.503258406986350826e-01 6.504934832624074126e-01 6.523926871255488757e-01 6.525712630573980988e-01 6.523752167014117420e-01 6.504035554492803017e-01 6.506415378624668122e-01 6.495795346973577411e-01 6.479362636084485816e-01
8.559153906042270624e-03 6.782803021685181177e-02 1.651475336878431566e-01 3.271326442226717424e-01 1.000000000000000000e+00 2.936190278404378073e-01 4.113079111897632867e-01 3.662779794217922436e-01 4.264918143466888689e-01 3.564962432334663478e-01 4.409717466988148926e-01 4.480774083791573270e-01 4.043318066143819500e-01 3.644177649063441438e-01 4.699823983988797305e-01 4.446779067743064640e-01 3.964757036127147805e-01 3.958996016539521601e-01 4.226783640544403697e-01 3.685892311897467355e-01 4.096196674475513499e-01 4.478745976747353641e-01 4.206467014013262062e-01 3.776615054397637894e-01 4.233158831677605316e-01 4.531258528793958851e-01 4.468880471209469296e-01 4.386166176065717237e-01 4.229024775432241867e-01 4.383172445838671716e-01 4.590718112271823803e-01 4.530191638768429896e-01 4.300488670728413454e-01 4.527801182324738272e-01 4.411322128801647979e-01 4.596462386796370536e-01 4.524742512168339337e-01 4.628452004630592143e-01 4.641221661701311341e-01 4.525823426704279617e-01 4.646340703640772229e-01 4.602220833549869883e-01 4.622865819134889254e-01 4.747665979515181545e-01 4.636154207785843639e-01 4.617112048530901958e-01 4.664293295609046597e-01 4.709073239088653051e-01 4.742443070646815140e-01 4.668329620856316864e-01 4.723466825458422780e-01 4.615781292093828481e-01 4.630281919670833357e-01 4.653090657201956470e-01 4.653131387315311840e-01 4.657287542211557274e-01 4.675339928544758328e-01 4.701615565062077229e-01 4.734258556120712891e-01 4.728201788612883538e-01 4.712535110991862841e-01 4.724835669471044719e-01 4.693166393420445948e-01 4.715288104223798182e-01 4.602173161710555460e-01 4.701843695525930733e-01 4.659414812933043715e-01 4.627153211387838860e-01 4.626083517116149624e-01 4.712779468881191924e-01 4.765959933268147930e-01 4.695370522972068250e-01 4.527467187792985626e-01 4.634607782807522169e-01 4.689433487801490386e-01 4.651649446084113459e-01 4.674303183506910986e-01 4.654046084571241693e-01 4.710191281743101865e-01 4.661376421862847286e-01 4.633194227210205018e-01 4.673052325298883147e-01 4.665396458584438188e-01 4.642849356165258401e-01 4.651664478958207893e-01 4.659865056567683572e-01 4.633757569535661980e-01 4.686997136197293967e-01 4.691534945221238484e-01 4.634839392801910485e-01 4.681541685407946685e-01 4.718603895178135055e-01 4.671478680568462161e-01 4.696712535448867021e-01 4.679135858742494158e-01 4.692323651581209454e-01 4.625178562819127204e-01 4.638412587750108118e-01 4.687320211650827795e-01 4.677527935134512260e-01 4.659279407082795865e-01 4.682644046446037267e-01 4.691596113348405761e-01 4.702145565669074156e-01 4.696346598321999299e-01 4.607164144581455956e-01 4.652093835891883411e-01 4.680620692904383096e-01 4.689927730279201956e-01 4.713542978249930515e-01 4.685228761143812592e-01 4.691706119509495565e-01 4.677725945602630442e-01 4.656777075094112872e-01 4.672629108745115500e-01 4.665329732247451289e-01
-2.606773612864651552e-03 6.308406220701871792e-02 2.376654515793699129e-01 4.048223290907626559e-01 2.936190278404378073e-01 1.000000000000000000e+00 5.543659598365132668e-01 4.954410042561508409e-01 5.427289328902278331e-01 4.689383709776715481e-01 5.636441770538741514e-01 6.037570871543010975e-01 5.261675909640315396e-01 4.630132894097638840e-01 5.990707297295763123e-01 5.821105799260074543e-01 5.142503810546001919e-01 5.319144611183085347e-01 5.610533436622914261e-01 4.412501719316772597e-01 5.442173797687118730e-01 5.757966574946299376e-01 5.565143674778196825e-01 5.194767882865243269e-01 5.585824120430946671e-01 5.967891179364865906e-01 5.868487566388914667e-01 5.859545869748454816e-01 5.533940499504605981e-01 5.821143452911021754e-01 6.124910476230825962e-01 6.015467030335449605e-01 5.775222185348679593e-01 5.907052080794126248e-01 5.891431547018469717e-01 5.842638956461391198e-01 5.990503081833999932e-01 6.013391048055415355e-01 6.142286968528272162e-01 5.922098796487343941e-01 6.120937242849247006e-01 6.160192453540127566e-01 5.958488714024751109e-01 6.148524267342242444e-01 6.150765979754770907e-01 6.078859440644006629e-01 6.172043208071101850e-01 6.176653391941808735e-01 6.155433674372192687e-01 6.037215205923194272e-01 6.106408755035108715e-01 5.989127422290306813e-01 6.083752567993696569e-01 6.136416473003797334e-01 6.097327062152919641e-01 6.141527144536328420e-01 6.063218686101630173e-01 6.168074304316385481e-01 6.136871885852974717e-01 6.174845880112540542e-01 6.211960358087807998e-01 6.102629277783300221e-01 6.095870711160793487e-01 6.119861336687496545e-01 6.082523823533650953e-01 6.109161138697211113e-01 6.188371567188011291e-01 6.191419467200797166e-01 6.204599839907091186e-01 6.146533258027434554e-01 6.197750827419438169e-01 6.221254857848256270e-01 6.121680302167215038e-01 6.156584547532564233e-01 6.200627737046153776e-01 6.160973798270504842e-01 6.213081305116089359e-01 6.135767698661009906e-01 6.232175611298013118e-01 6.238639154030605205e-01 6.203500374421297980e-01 6.213674334389358567e-01 6.207009581907870777e-01 6.189910952298088853e-01 6.197834679054876617e-01 6.224090823630558100e-01 6.210782280649747022e-01 6.213441633677984077e-01 6.201510772069249722e-01 6.201099110199495001e-01 6.205013379852081234e-01 6.198875648407291550e-01 6.210644548706605317e-01 6.223462450604902996e-01 6.230087388595966225e-01 6.207278805650114917e-01 6.144009447386559186e-01 6.130990526263864204e-01 6.223146149449286790e-01 6.219597221262171960e-01 6.182569096723049551e-01 6.205154391713402218e-01 6.239661507261944351e-01 6.209707215499181698e-01 6.216556894661954269e-01 6.095577024210226957e-01 6.197263419754938107e-01 6.185445006986589611e-01 6.185489385437621390e-01 6.201694648699860313e-01 6.187384774552078248e-01 6.187636894847009517e-01 6.181845610529450585e-01 6.188296122129691712e-01 6.175719150911672672e-01 6.187932118566897843e-01
-2.170292359399744395e-02 1.632758005133357615e-01 3.537199419781287824e-01 5.748669685934487683e-01 4.113079111897632867e-01 5.543659598365132668e-01 1.000000000000000000e+00 7.143781740356622834e-01 7.285066561933627449e-01 6.684896997716386347e-01 7.867523550871680094e-01 8.181891895750557087e-01 7.275191451673972409e-01 6.187479085878134777e-01 8.389496845467024899e-01 8.110541545838839683e-01 7.238545537510723271e-01 7.199638686852513070e-01 7.615984908207946713e-01 5.462495798718471907e-01 7.216105666616442482e-01 7.813377458543498966e-01 7.594431447655252132e-01 7.035054475603420565e-01 7.575132987761590275e-01 8.242327898488969184e-01 8.066111631346010169e-01 8.192101230946539081e-01 7.648104617791918747e-01 8.068586335622173200e-01 8.404274960913028503e-01 8.293492833001016029e-01 8.013021829183702982e-01 8.178384512831390341e-01 8.035398613661911549e-01 8.179681553787161441e-01 8.222829665048105863e-01 8.353980497418123097e-01 8.481069251839085110e-01 8.283776209256771272e-01 8.462996506223136040e-01 8.513260783269355203e-01 8.331027202063158166e-01 8.495749966353697280e-01 8.510271260653649028e-01 8.498731465806260710e-01 8.516694789004464194e-01 8.546272211854611944e-01 8.453500836766416615e-01 8.240382648230041296e-01 8.358377785797483916e-01 8.158386100002124053e-01 8.351206379889071219e-01 8.428600324490522766e-01 8.357110549402583244e-01 8.527354216652698327e-01 8.241540311011501529e-01 8.493454570663272474e-01 8.469955100219112021e-01 8.423088138882016684e-01 8.503328407898297359e-01 8.428476798319955998e-01 8.386051927136559669e-01 8.322311110691245073e-01 8.291329825519446750e-01 8.303329948944003780e-01 8.521781488448033626e-01 8.512716269825978399e-01 8.548912457750007521e-01 8.360671673337574106e-01 8.529846435102214075e-01 8.548478835613717575e-01 8.425357722601358734e-01 8.475552584006190715e-01 8.569995430379491186e-01 8.553784512042993393e-01 8.580779990951918901e-01 8.445514491919998701e-01 8.539963365114062732e-01 8.521224928907694673e-01 8.491495760988395647e-01 8.567108889549817086e-01 8.554629316981650078e-01 8.538556408012039078e-01 8.550520476667894387e-01 8.576816805764394536e-01 8.547941970585469784e-01 8.608798887447864923e-01 8.612589209298455728e-01 8.547795328874037146e-01 8.602796657640042755e-01 8.617459719003935925e-01 8.570619151259539770e-01 8.605024999434611743e-01 8.583312472101746193e-01 8.582923107082691683e-01 8.509900913768998487e-01 8.383005414451274451e-01 8.582771197001917152e-01 8.573706725101842840e-01 8.594976935232668813e-01 8.560638958246619135e-01 8.527229947290825285e-01 8.568626132520741345e-01 8.501036767425937946e-01 8.383169307392283054e-01 8.521935817401787849e-01 8.567216466765310567e-01 8.583272717233718652e-01 8.575599502988304756e-01 8.580581308230210702e-01 8.559279287604029118e-01 8.558984612730710095e-01 8.506803966060834110e-01 8.469476047966540966e-01 8.439500628386793490e-01
-9.280852771012875965e-03 1.492725913808543026e-01 2.986388594481247938e-01 5.453264829003727776e-01 3.662779794217922436e-01 4.954410042561508409e-01 7.143781740356622834e-01 1.000000000000000000e+00 6.897529277343417142e-01 6.407581933705247534e-01 7.284154102434149403e-01 7.736768548499995957e-01 6.910853726746466474e-01 6.064201333763047375e-01 7.875051000479867946e-01 7.755156549777730834e-01 6.810397239422040228e-01 6.732650407372707813e-01 7.133703060272043039e-01 5.307897264874849030e-01 6.843411884983229276e-01 7.326993974149318412e-01 6.947149985706257969e-01 6.514956831674167947e-01 7.009207845631905132e-01 7.596792029027517046e-01 7.546618795874266983e-01 7.592225153447060837e-01 7.015535184869892138e-01 7.416248226231324514e-01 7.812588730548623017e-01 7.748828110415425519e-01 7.343846983138397899e-01 7.612399070154405312e-01 7.361643480779426207e-01 7.562591263460305413e-01 7.566647425329992016e-01 7.786077832009198341e-01 7.904078846681903414e-01 7.703029160242363949e-01 7.858347530464711017e-01 7.945516583281374556e-01 7.878904080779359775e-01 7.967008820463468144e-01 7.894983152305975471e-01 7.937738407865507773e-01 7.988447151223607712e-01 8.014873159672807335e-01 7.929367839155353481e-01 7.751930226019845271e-01 7.894251774760483453e-01 7.639858252069856581e-01 7.811705666902799550e-01 7.916311433678204779e-01 7.863942409000619360e-01 7.915650918712514583e-01 7.776660575909708495e-01 7.988509436805837360e-01 7.958084213872544943e-01 7.888550384114613179e-01 7.986594526716339626e-01 7.936503182624785602e-01 7.916212632854632281e-01 7.828797249945609327e-01 7.828290406063963536e-01 7.850812842224691446e-01 7.966365955666473431e-01 7.937547565514528891e-01 7.968798833614907373e-01 7.876200100253067937e-01 7.973511799644386056e-01 8.006426771961314692e-01 7.843613163644184150e-01 7.909682711566955460e-01 8.008746447442325334e-01 7.982555303791101231e-01 7.976286305599280535e-01 7.906409326735243104e-01 7.968500545515052602e-01 7.955023049664049495e-01 7.932693189869383099e-01 7.990554211273775964e-01 7.988572607013685323e-01 7.957968410095784817e-01 7.996509983497163132e-01 7.980925696353607934e-01 7.967119035657118653e-01 8.047862543880475172e-01 8.035248068840797897e-01 7.988576145062292744e-01 7.998897071281816373e-01 8.038064483208156030e-01 8.012098676476364645e-01 8.039507952949526137e-01 8.024663095189634721e-01 8.020259603998241005e-01 7.945039439193706254e-01 7.867651482064434987e-01 8.024865849516124028e-01 8.021184348196082059e-01 8.037759433132778408e-01 8.016124291624345810e-01 8.007141393307225519e-01 8.038130978062493215e-01 7.978374277442352724e-01 7.876718764018808550e-01 7.981027090436677573e-01 8.025029356555990478e-01 8.015036626424678623e-01 8.027793140247789783e-01 8.050160208157438602e-01 8.024300941138222676e-01 8.025223644691278357e-01 7.986150996201069052e-01 7.977120329032812984e-01 7.946210063634452370e-01
1.490120534060545288e-01 1.487568158940878460e-01 3.494027263539337680e-01 5.790313002130451636e-01 4.264918143466888689e-01 5.427289328902278331e-01 7.285066561933627449e-01 6.897529277343417142e-01 1.000000000000000000e+00 6.993046327185660216e-01 8.099197370958118869e-01 8.293511718722039738e-01 7.149333594801857705e-01 6.195212213147623936e-01 8.298951712321942509e-01 8.198110259449338244e-01 7.870805032019098091e-01 7.518262382113362063e-01 7.720234634620726233e-01 6.568892658239684490e-01 7.696951441188284448e-01 7.892139737923593579e-01 7.382895919625722669e-01 6.920615919863785104e-01 7.361409699712859744e-01 8.528433177806609145e-01 8.508782406509800555e-01 8.492612470476377240e-01 8.471914268546912874e-01 8.547449684429345718e-01 8.682919364933201489e-01 8.296991268283847587e-01 8.059769390768828368e-01 8.382189018629158106e-01 8.469552888997727846e-01 8.067971940235799666e-01 8.417677864208531480e-01 8.404451584897465466e-01 8.600985620807385379e-01 7.873578236340733616e-01 8.537538866621854350e-01 8.408629304510567559e-01 8.136709905899959239e-01 8.514830679816831616e-01 8.424989863144194402e-01 8.623517026874403246e-01 8.602873674419254657e-01 8.706789666536265404e-01 8.631220177220116918e-01 8.371459838742194570e-01 8.375422642128254047e-01 8.377521422968745579e-01 8.516350240775969471e-01 8.822756558240674174e-01 8.649987746228676722e-01 8.602456389862873642e-01 8.763777781236249398e-01 8.534867768500888907e-01 8.564880441919533460e-01 8.796914443617180890e-01 8.624259892298380414e-01 8.757587666823826167e-01 8.539652783234108480e-01 8.772151662666146654e-01 8.796074209829872759e-01 8.844862583980607207e-01 8.685875838956210737e-01 8.571578306866578512e-01 8.576032316707437042e-01 8.671455524360747180e-01 8.584844543023799623e-01 8.610603913268261023e-01 8.402355799472950304e-01 8.429433964497781151e-01 8.663812818017347928e-01 8.648797342081843142e-01 8.632391934879561912e-01 8.795297883394910254e-01 8.601651897524674739e-01 8.708416331347699213e-01 8.620492142746116748e-01 8.702647975445041428e-01 8.578177107650218902e-01 8.690087768233804022e-01 8.513932083615937119e-01 8.521498600691393976e-01 8.496414099121939456e-01 8.593621241696935975e-01 8.618190548886368596e-01 8.595070334265429990e-01 8.462466380152028345e-01 8.557583491782210228e-01 8.534410785388705234e-01 8.605757996944985999e-01 8.623841788707520273e-01 8.670325245232224365e-01 8.367156498514770613e-01 8.675309230140377803e-01 8.613889758186999979e-01 8.544904056207764942e-01 8.511004914810316180e-01 8.613704742621167698e-01 8.644093757484058171e-01 8.609609302624259275e-01 8.677297226741309544e-01 8.722451673737293687e-01 8.677784288103964627e-01 8.686702348998076584e-01 8.668049785175644395e-01 8.637749350458429065e-01 8.644086893954802120e-01 8.732643639534692914e-01 8.701965034555194656e-01 8.727522301515912018e-01 8.747629611588154663e-01 8.802329375307161863e-01
-2.206003234754441798e-03 1.525068075779062171e-01 3.064834644130414731e-01 5.173211400904582646e-01 3.564962432334663478e-01 4.689383709776715481e-01 6.684896997716386347e-01 6.407581933705247534e-01 6.993046327185660216e-01 1.000000000000000000e+00 7.298644337116242387e-01 7.460072465111858842e-01 6.752238171192233018e-01 5.523583730010729331e-01 7.591968334239560523e-01 7.362647278943272866e-01 6.710403069021448896e-01 6.616926285118860385e-01 6.922373133980322946e-01 5.591436489347704208e-01 6.858951202722866070e-01 7.059417353214462176e-01 6.875888288371010404e-01 6.474088578311878450e-01 6.780539097488558209e-01 7.614693760513383536e-01 7.569655776009294179e-01 7.571219737243670700e-01 7.175667142675163923e-01 7.444458208644147978e-01 7.698245748038576863e-01 7.636681412417404280e-01 7.373678856434701112e-01 7.550461531022127915e-01 7.340489938101326661e-01 7.403257713710525989e-01 7.486868558025348008e-01 7.673084289784591894e-01 7.768181834571333821e-01 7.408992452620251079e-01 7.759645810509614439e-01 7.707369037147069335e-01 7.501567547483047882e-01 7.751245473561394483e-01 7.729570923257840231e-01 7.725356812801653650e-01 7.848026763592461652e-01 7.852444940953774433e-01 7.805528446050533642e-01 7.527093831906689347e-01 7.616040406741108049e-01 7.322101618936807110e-01 7.667052115486192587e-01 7.773774848142495086e-01 7.686144327220845174e-01 7.774374547834421723e-01 7.561531238845018432e-01 7.749226401834116151e-01 7.723613151194490545e-01 7.792056639711091304e-01 7.806030921588399396e-01 7.762706006554290772e-01 7.618309306637223166e-01 7.691819859937694126e-01 7.671685004379333872e-01 7.700384450951361925e-01 7.819765722499052440e-01 7.760743321409868667e-01 7.815304323786296248e-01 7.786268786390561081e-01 7.750747570414586729e-01 7.772436997713411122e-01 7.707286603915609602e-01 7.755568870813031035e-01 7.845705040645567507e-01 7.829476112670201715e-01 7.816138518676789548e-01 7.770062041608332137e-01 7.799831697162481481e-01 7.822176916329782737e-01 7.789274695238427304e-01 7.854127661387924064e-01 7.801080755859931548e-01 7.807480473608350291e-01 7.786975447028939845e-01 7.818607387621194782e-01 7.800045836758572326e-01 7.841649987589456305e-01 7.846135523958378544e-01 7.795567706811027398e-01 7.788624303400336624e-01 7.836735991818960523e-01 7.821291012893064609e-01 7.836778566023251402e-01 7.852371148884387253e-01 7.834659432896912135e-01 7.648863113177281070e-01 7.660250497028560090e-01 7.804653912619744505e-01 7.819145127735923628e-01 7.780284235094098166e-01 7.784096782140402793e-01 7.796643010204248325e-01 7.800632590029236146e-01 7.764357612412462473e-01 7.676201309002822493e-01 7.786891134814840632e-01 7.871854238063296094e-01 7.829763061670385049e-01 7.834019802370715269e-01 7.820572922432941221e-01 7.860099246230758396e-01 7.819775857217217130e-01 7.801581166774900211e-01 7.816942954476040484e-01 7.794861975010394239e-01
1.335851712430984918e-02 1.295515345070665514e-01 3.542979965048851931e-01 6.134089058609447642e-01 4.409717466988148926e-01 5.636441770538741514e-01 7.867523550871680094e-01 7.284154102434149403e-01 8.099197370958118869e-01 7.298644337116242387e-01 1.000000000000000000e+00 8.732642523438625126e-01 7.660980504023980897e-01 6.543129638290573480e-01 8.783803279697065536e-01 8.607828409176441209e-01 7.795903718784733538e-01 7.677408762509336793e-01 8.017222534138875867e-01 6.292787756762484586e-01 7.793766618503432664e-01 8.183036289158973631e-01 7.930908106644970479e-01 7.380401136706628007e-01 7.908542263851930931e-01 8.812129242139162821e-01 8.722465244287764818e-01 8.746787617237835599e-01 8.318549294856288912e-01 8.645906849215174717e-01 8.887347229499612533e-01 8.736586450901041578e-01 8.396066817514208358e-01 8.633214436542149262e-01 8.511756709024560497e-01 8.515533721467208883e-01 8.666405283123425063e-01 8.866616704596895771e-01 8.924109936066403348e-01 8.587247864645161100e-01 8.975668095540226821e-01 8.963632966310092209e-01 8.756003259009522699e-01 8.990840351152870058e-01 8.923154106741565395e-01 8.978146329644256518e-01 9.036708801720058082e-01 9.067599215144133140e-01 9.003201649578684851e-01 8.751956980242474593e-01 8.826849392566694652e-01 8.574469665365020976e-01 8.883310009116432981e-01 8.995638102878249498e-01 8.876944087722321575e-01 8.986968645468653705e-01 8.791691371132203114e-01 9.007068138115935652e-01 8.979046355520776679e-01 9.017461815542107129e-01 9.051450433647332261e-01 8.984048673296605170e-01 8.884482505944650832e-01 8.904589471759228880e-01 8.894726708174139906e-01 8.944102350226299514e-01 9.044287844144356381e-01 8.995789216728050652e-01 9.043714775488670421e-01 8.975344128872119187e-01 9.003431130353053424e-01 9.031552678075935869e-01 8.894261898883133455e-01 8.965306977208513661e-01 9.082969963049428719e-01 9.063357305304902134e-01 9.045804674657451638e-01 8.997029189914663716e-01 9.051079290022518986e-01 9.033731953642701873e-01 9.006326702206810531e-01 9.076314295747464067e-01 9.019365106101746576e-01 9.025328598263333557e-01 9.011845034155633316e-01 9.002643104886691727e-01 8.989854599288795711e-01 9.079380906193715850e-01 9.076495743959500651e-01 9.023249010097400546e-01 9.017996446097052976e-01 9.068524869256279208e-01 9.048569402663650951e-01 9.081413241828424354e-01 9.093682042585644609e-01 9.083676515953561514e-01 8.929330556161112487e-01 8.901742803161184492e-01 9.056476910474938746e-01 9.039164513264023038e-01 9.038438492610451069e-01 9.033009231107534953e-01 9.024551782726369931e-01 9.065851856872021441e-01 9.019396450983585556e-01 8.924039666223689826e-01 9.023779333408946668e-01 9.086777654908800850e-01 9.065934538911492035e-01 9.070673786055137855e-01 9.062440741884996154e-01 9.083801917413112381e-01 9.049135597729249803e-01 9.038511423924819876e-01 9.029760933461397077e-01 9.023191176236857736e-01
1.116219899930266657e-02 1.439476984499999390e-01 3.702750116688673931e-01 6.359904773128786104e-01 4.480774083791573270e-01 6.037570871543010975e-01 8.181891895750557087e-01 7.736768548499995957e-01 8.293511718722039738e-01 7.460072465111858842e-01 8.732642523438625126e-01 1.000000000000000000e+00 8.037463109734526157e-01 6.961953879909578147e-01 9.107162805720027121e-01 8.961260386614913198e-01 8.037104172574155436e-01 7.967144089002752283e-01 8.412930103657731973e-01 6.470704429167495331e-01 8.119750111321731856e-01 8.659927541559934161e-01 8.260138902361513491e-01 7.696342623987869613e-01 8.291025190129910349e-01 9.163046406882880968e-01 9.039315004420745980e-01 9.050704819031186732e-01 8.558942894571380799e-01 8.940153493444547017e-01 9.282924334097208963e-01 9.074063415470230431e-01 8.695924317683728644e-01 8.961800849718887241e-01 8.805576305879360133e-01 8.876416855995713506e-01 9.020617097865503142e-01 9.190520689667306398e-01 9.351428383076214601e-01 8.970906834512326622e-01 9.347046967600207701e-01 9.332582453316012883e-01 9.115204700027943474e-01 9.362262381507540088e-01 9.316496107597743714e-01 9.338039728582095966e-01 9.404974200731224254e-01 9.449501332624166139e-01 9.364486929968555140e-01 9.137351199533262358e-01 9.232878619135951315e-01 9.060160915257530201e-01 9.268034816053676295e-01 9.368828722820753407e-01 9.246225876278048039e-01 9.362787733551672931e-01 9.205713883302470979e-01 9.361269551352192630e-01 9.355575957990567293e-01 9.399596127449160177e-01 9.409913458015151111e-01 9.373872173406134767e-01 9.289667005887237705e-01 9.308368742130805895e-01 9.281723009172355709e-01 9.334181291018831539e-01 9.437865057676076974e-01 9.380526135512827768e-01 9.400766886459975824e-01 9.324576485188597053e-01 9.416936703202696268e-01 9.448847876813563085e-01 9.246348530408466937e-01 9.329646211372484288e-01 9.451504853225309866e-01 9.433158619949472135e-01 9.424397194154625623e-01 9.355276371400573776e-01 9.426275069654165284e-01 9.403164244219913703e-01 9.379270709492635305e-01 9.456709909307078332e-01 9.415885734571431964e-01 9.393452055107011089e-01 9.376863295845566659e-01 9.380411354721591710e-01 9.363578581686855529e-01 9.453327999214679034e-01 9.456663183153459773e-01 9.408306871882932132e-01 9.417722205542530256e-01 9.453392512809457582e-01 9.432051486425346853e-01 9.457450580730630829e-01 9.457678109248133236e-01 9.470594723383287672e-01 9.317341493299907684e-01 9.312357431632174443e-01 9.440139077796911860e-01 9.427929862993488230e-01 9.427308469787364364e-01 9.419356927227013898e-01 9.420224739297184957e-01 9.450539817278104104e-01 9.422028028290198032e-01 9.306094992977352875e-01 9.419608509417153330e-01 9.460426593101736170e-01 9.444572223607334838e-01 9.450632800006701917e-01 9.451219260686607448e-01 9.465941668336917969e-01 9.438364555420771795e-01 9.413334107371703618e-01 9.418730870172736802e-01 9.406571265247294367e-01
-2.226281622688229891e-02 1.226841174144588237e-01 3.302266004126155341e-01 5.530126624960346460e-01 4.043318066143819500e-01 5.261675909640315396e-01 7.275191451673972409e-01 6.910853726746466474e-01 7.149333594801857705e-01 6.752238171192233018e-01 7.660980504023980897e-01 8.037463109734526157e-01 1.000000000000000000e+00 6.198076259878618766e-01 8.209019129225078037e-01 8.005570395781883564e-01 7.001629976513522591e-01 6.760456953551152726e-01 7.256177103345653467e-01 5.631398878911791916e-01 6.918569610248666013e-01 7.539209676478950684e-01 7.155794611838510733e-01 6.596021120481653233e-01 7.182833479700420076e-01 8.055456192274821348e-01 7.888230911907080367e-01 7.929327183406303936e-01 7.344240303749978160e-01 7.706303412644556206e-01 8.179252357669589690e-01 7.993048506806674780e-01 7.629452699696204210e-01 7.839549790199754620e-01 7.664985558686141509e-01 7.923950358061960797e-01 7.945021405400964909e-01 8.128038395476899769e-01 8.240841606183644252e-01 8.034586761475664973e-01 8.349599492048032090e-01 8.349696164176348967e-01 8.207531790390248938e-01 8.380419262847031980e-01 8.289517355998750059e-01 8.303684650062044259e-01 8.409897725640712585e-01 8.395761502561236433e-01 8.370103499237893097e-01 8.106450064588093252e-01 8.237579867592335070e-01 7.913609738108620117e-01 8.288498989048189713e-01 8.278485155095526293e-01 8.171549846196540789e-01 8.292857581331088968e-01 8.081438324215627356e-01 8.389217403741134893e-01 8.340470103802869462e-01 8.363283985544462951e-01 8.442694446608126624e-01 8.296988365437676372e-01 8.243421062982843051e-01 8.234049769960053444e-01 8.150390608399312731e-01 8.209523489112692252e-01 8.377040295884062848e-01 8.286134631418333729e-01 8.344208508711304928e-01 8.276989516878299202e-01 8.347016053450644346e-01 8.396987807276196092e-01 8.189696377804187577e-01 8.301455953777466812e-01 8.440489521722316368e-01 8.410787858698236530e-01 8.410805220341449617e-01 8.241107369092321999e-01 8.390846112189499495e-01 8.379418845702857332e-01 8.354483505429562973e-01 8.425758183356116815e-01 8.383102723418692781e-01 8.362310509118890955e-01 8.373427611145343175e-01 8.362358588875730137e-01 8.366334570433535678e-01 8.436285312906512956e-01 8.441701437959422405e-01 8.352672863161360040e-01 8.438181389332303217e-01 8.466897107680264600e-01 8.442196438913571743e-01 8.448696025808791754e-01 8.464921400538830687e-01 8.442891423758214220e-01 8.360291751997990239e-01 8.229659856574736976e-01 8.438616529057931803e-01 8.436526645760895615e-01 8.446633611004158437e-01 8.410481865131023138e-01 8.416299482763918149e-01 8.461394077055663931e-01 8.363290030452833479e-01 8.250499479691820737e-01 8.389792944435124911e-01 8.444825903943397050e-01 8.408099814772295177e-01 8.442246176229074583e-01 8.412512901638686813e-01 8.445913049038177300e-01 8.400055702131423718e-01 8.377191450098885328e-01 8.363123636129395910e-01 8.337123506517652993e-01
