1.000000000000000000e+00 2.263814222418626954e-01 2.197177881662570331e-01 2.647568636759242700e-01 2.193873488649686898e-01 5.526940558101375162e-02 2.390242758208213913e-01 2.520556707741297142e-01 1.198411463010562589e-01 4.843801278262943599e-02 6.137023047394812164e-02 9.123459295607951047e-02 1.472180564085109056e-01 4.566914990650804834e-02 8.969656674355470927e-02 1.541472030718919750e-01 1.464784862705686697e-01 2.236359946055024583e-01 2.002120052657621607e-01 2.961654842222961048e-01 3.108441782532131437e-01 2.064760449343669146e-01 2.243840510772248109e-01 2.693869069557910945e-01 2.476918493181348713e-01 1.612574319158606162e-01 1.277503686600209853e-01 1.464837228420455828e-01 1.612257907819030223e-01 1.836021798708658559e-01 1.233597749267679039e-01 1.728884647815338849e-01 1.474296671797720171e-01 1.618935357190539881e-01 1.285842591713554361e-01 1.381137699582816736e-01 1.143262419230849092e-01 1.013215240668363382e-01 1.052361500346989803e-01 1.471221649738927717e-01 6.040717908138371062e-02 6.277270821000323353e-02 1.393882857060545211e-01 7.704996484746906571e-02 9.497273876373218959e-02 6.886372692957908048e-02 3.227649542204307637e-02 3.116092854367518220e-02 9.583673169575503137e-02 1.412432512107113236e-01 1.154002200319655391e-01 1.301960878810976274e-01 6.224265800411065558e-02 5.611800516876886552e-02 1.066342109907147812e-01 1.130242433432984417e-01 1.272666862402760113e-01 4.030610683149096068e-02 7.399803907790479529e-02 4.475200343872216130e-02 9.352755123742538534e-02 6.694236011520099394e-02 9.711892643673780690e-02 8.323772238670132384e-02 7.572652445635567886e-02 8.168410090222075204e-02 4.849455535192584432e-02 6.418749641871361600e-02 7.955740233700715758e-02 1.083013268559038927e-01 9.953995486215783117e-02 6.952860383831713231e-02 1.146790522042162724e-01 9.991143893786419428e-02 7.935258290444928420e-02 4.892734246686291505e-02 6.260440891337495928e-02 7.337779191603024942e-02 7.233987656062085270e-02 8.227938067295813285e-02 6.826237830612563728e-02 5.699434779490392816e-02 7.870425009656503712e-02 6.485408643368754944e-02 7.504497737898066512e-02 7.233459107786845144e-02 5.595094244649269355e-02 6.183116144726216040e-02 4.968194472861715144e-02 6.622403230899998050e-02 5.759407095786144709e-02 3.933769720814860038e-02 4.659194312361498308e-02 3.753219838369731276e-02 1.556606603313228677e-02 2.066123151326166793e-02 7.540137200491463243e-02 7.800377133100844240e-02 5.935262172128835667e-02 6.919708892856868410e-02 6.344487791568387269e-02 5.778120567081392045e-02 4.196967760929770641e-02 3.656208350208192681e-02 5.122739562071857572e-02 7.110479156856076843e-02 4.454533245578373019e-02 3.186921981026602513e-02 4.664830657743055525e-02 4.608968159389775776e-02 3.930417830349440533e-02 3.051638929738430261e-02 2.999668638880198523e-02 4.194288846356750838e-02 3.211602222782176247e-02 4.431722764580345308e-02
2.263814222418626954e-01 1.000000000000000000e+00 2.470779339508529238e-01 3.095508760472489018e-01 2.508623034235973881e-01 1.592255757226867796e-01 3.345200489759768137e-01 3.335669376366668937e-01 2.121400433126803542e-01 2.116913451075757846e-01 1.830617596687052206e-01 1.968984662690060061e-01 2.511979486065790135e-01 1.733565733100393691e-01 2.273775297604757051e-01 2.684039629853852138e-01 2.490282244599183736e-01 3.263523566471426829e-01 3.331284596826274980e-01 2.725335603734667655e-01 3.605169567198011626e-01 3.206847575060561839e-01 3.223914133400495596e-01 3.349318978204110508e-01 3.757812872933267156e-01 3.187830008726694198e-01 2.660392617044862185e-01 2.987826333193272510e-01 3.078477706993516527e-01 3.316700002611713827e-01 2.690614030302719284e-01 2.835665072181803859e-01 2.927581882636947630e-01 2.598472499924249224e-01 2.710382536043225987e-01 2.506172636881902061e-01 2.330530087856746146e-01 2.582994220534224339e-01 2.524616839887145470e-01 2.767808365134325488e-01 2.123151085631558854e-01 2.125796148663767204e-01 2.580342707511661393e-01 2.285498817963285689e-01 2.328882573183046201e-01 2.277798378259963674e-01 1.777178942366559322e-01 1.750148050402244859e-01 2.281694437676619058e-01 2.383637942955929290e-01 2.438946521625337260e-01 2.081376857827257898e-01 1.872636909782386949e-01 2.044525320567464888e-01 2.422924657003459326e-01 2.510020679166348745e-01 2.495664792816026656e-01 1.891762056643306600e-01 2.109842189412917957e-01 1.867364806349764705e-01 2.309152598833415504e-01 2.112812499200895089e-01 2.321039591152744830e-01 2.260773362780424678e-01 2.034906246450186307e-01 2.058908580925993548e-01 1.891126759356374087e-01 2.156815542462807433e-01 2.217772828771782945e-01 2.236854746907450675e-01 2.439592747014115437e-01 2.196925701294216160e-01 2.392037220698085831e-01 2.477750659066019767e-01 2.291158366824436465e-01 2.041040840978242954e-01 2.156899536154774921e-01 2.238232470800847473e-01 2.281815063712111791e-01 2.419648196121507444e-01 2.191267040278862266e-01 2.073631055069512785e-01 2.189989362236191839e-01 2.189611454623789089e-01 2.047422533025849145e-01 2.091499921631417847e-01 1.961787402665695623e-01 2.082097030010992000e-01 2.042327742221838327e-01 2.152852973693630823e-01 2.045078873300704425e-01 1.854323662795027694e-01 1.919428892808168752e-01 1.899389570694215712e-01 1.592327951146678411e-01 1.658850806421195978e-01 2.002587607782920220e-01 1.900565821953490719e-01 1.895066819605874253e-01 2.023058169047312060e-01 2.010974121071026355e-01 1.880467145039743659e-01 1.718421740806376774e-01 1.794314230459687076e-01 1.845676547834561587e-01 2.059785794115444879e-01 1.830978768200518525e-01 1.831755564880295506e-01 1.937128896301334446e-01 1.845510053610049939e-01 1.774973895311459937e-01 1.719038825471261855e-01 1.698589165224911324e-01 1.820729546974117763e-01 1.679946969330469164e-01 1.743828550502886654e-01
2.197177881662570331e-01 2.470779339508529238e-01 1.000000000000000000e+00 5.039634135695456596e-01 3.713057479902304725e-01 2.947394659367979508e-01 4.748811215062397895e-01 4.699859471306477854e-01 3.520825936527836597e-01 3.003557882071406504e-01 3.571830676090241852e-01 4.012338754359646154e-01 4.142064477110841691e-01 3.245803202433730772e-01 4.094620851156587360e-01 4.462519000453957774e-01 3.782798338583667763e-01 4.612938025513352858e-01 4.734050913828551366e-01 4.459002234159615274e-01 5.406905252271778650e-01 4.804794194949674191e-01 4.612406209379911193e-01 4.744292295532513415e-01 4.867418971975661091e-01 4.656352481929720288e-01 4.449243788075663564e-01 4.515622193499352899e-01 4.347040074860808456e-01 4.630668157849713862e-01 4.504889931818459869e-01 4.398290277169516482e-01 4.761223368543496259e-01 4.535036672319615603e-01 4.531241611822195980e-01 4.496520471441489142e-01 4.339539602974351595e-01 4.220244409459107948e-01 4.390891003229068779e-01 4.646014878906575829e-01 3.865550957001688270e-01 3.881015767979795195e-01 4.673405391359790051e-01 4.088361915558602622e-01 4.200384070121961355e-01 4.061265547742131110e-01 3.446411431312576545e-01 3.405986890400113376e-01 3.917346750849279857e-01 4.269855250929187052e-01 4.166585754225004545e-01 4.185099138410479092e-01 3.771163471662494215e-01 3.666945593706572026e-01 4.103160988753578042e-01 4.244802533299217306e-01 4.140144258046149495e-01 3.597441638898691840e-01 3.683310194387486303e-01 3.519191489360672387e-01 4.134055414521586314e-01 3.773169365639317818e-01 3.974983410396460970e-01 3.967216716481130612e-01 3.654221016193907601e-01 3.776250431467504942e-01 3.518890378799518492e-01 3.832242752811163555e-01 4.011081611519035084e-01 4.216699030168469253e-01 4.202183471317658126e-01 3.878084100970577985e-01 4.145048101604459911e-01 4.160342051457316392e-01 3.965996854076208056e-01 3.749558299450017618e-01 3.819409402399613906e-01 3.873953808808877630e-01 3.897808589413041536e-01 4.050329005229531543e-01 3.935093255462880912e-01 3.865173914385349740e-01 3.941849941581331840e-01 3.974981437251252636e-01 3.866768780223582835e-01 3.948096576632862953e-01 3.822488874297830797e-01 3.819489560832865505e-01 3.840142402688963563e-01 3.845265449873280228e-01 3.849232213782358136e-01 3.598285150215699280e-01 3.736202764974156376e-01 3.704209371925795136e-01 3.302704683892686566e-01 3.346981374300331824e-01 3.941191905764257486e-01 3.754398378057429708e-01 3.732171633540666833e-01 3.838845258665486981e-01 3.906024651119229252e-01 3.688313868495322612e-01 3.529201702581863942e-01 3.596059227753630183e-01 3.731456777553771031e-01 3.800633014709287050e-01 3.541535417033321864e-01 3.502986529024386675e-01 3.612359216436207277e-01 3.544766856487375217e-01 3.513905984341358368e-01 3.420631512878313241e-01 3.473487884089913047e-01 3.611919367390603042e-01 3.439309879384309654e-01 3.486325694736717162e-01
2.647568636759242700e-01 3.095508760472489018e-01 5.039634135695456596e-01 1.000000000000000000e+00 5.581418307878189822e-01 4.027179742691153197e-01 6.902363925952715862e-01 6.966032395158648916e-01 5.455482323517296672e-01 4.685515770053859108e-01 5.555089383330049646e-01 6.365231465352764184e-01 6.273330974812485472e-01 5.263113794417164648e-01 6.282028317455921052e-01 6.628726623295597697e-01 5.843956855782552751e-01 6.572993095156620669e-01 6.514300400619816855e-01 6.662483354907385857e-01 7.385479956396606704e-01 6.745410415977445284e-01 6.460196461510218091e-01 6.748711147686807799e-01 6.677296273353406919e-01 6.568231263850557999e-01 6.363102150256793044e-01 6.395793519242850556e-01 6.035564754592973591e-01 6.189056258319540760e-01 6.367408752777954373e-01 6.622102305863447613e-01 6.542104034265681101e-01 6.609836334906644684e-01 6.281010557013186890e-01 6.507359452404583022e-01 6.320232596791607316e-01 6.183769097772422452e-01 6.445013693392268594e-01 6.783043553574337192e-01 5.958906586576317999e-01 5.920007261859266956e-01 6.907564883221767316e-01 6.219281305315552677e-01 6.373788850781335613e-01 6.094269150876872043e-01 5.558668225595388979e-01 5.421266007410366905e-01 6.073779250131282614e-01 6.448579820240005755e-01 6.293818258395470489e-01 6.497868797852912603e-01 5.978324042045013442e-01 5.666463048149542603e-01 6.112811164254908780e-01 6.257516939191128946e-01 6.201740616350305269e-01 5.537742356141077682e-01 5.739355962269816480e-01 5.584469828957634441e-01 6.339003055271233977e-01 5.785891771621777258e-01 5.999998021613002219e-01 6.091392144137464104e-01 5.781849785356744098e-01 5.884365223912351173e-01 5.641887275711325866e-01 5.892884171682486460e-01 6.114508933658396872e-01 6.400565011522750813e-01 6.290586378103826259e-01 5.884089123720568359e-01 6.382816001739683998e-01 6.223258680385574948e-01 6.053328789776821761e-01 5.789136464312993891e-01 5.916996243344277984e-01 5.866026486756005243e-01 5.958623311332446049e-01 5.932175328588115137e-01 5.893495926189182832e-01 5.856772530494617213e-01 6.076926819573633676e-01 5.904585816144021226e-01 6.001436188139254169e-01 6.052807763313967637e-01 5.920753050685765295e-01 5.938473535437561734e-01 5.920141041985760300e-01 5.964274827608861962e-01 5.986096602421666635e-01 5.735435084041500264e-01 5.854740463966755515e-01 5.795666298150539131e-01 5.409218313431027880e-01 5.424151266853836084e-01 6.173865119302281990e-01 5.905423126611558660e-01 5.966056782627437993e-01 6.036222603490966065e-01 6.140764352254501901e-01 5.836728404762600020e-01 5.727794551632064968e-01 5.744417183871938226e-01 5.868714448878200596e-01 5.893686803356855686e-01 5.661019603525268007e-01 5.555462587238377825e-01 5.719943472743089785e-01 5.709563726368717118e-01 5.625279700639691516e-01 5.530258703231758499e-01 5.564989555462133142e-01 5.746561577128362908e-01 5.521699811234005439e-01 5.585768694562998071e-01
2.193873488649686898e-01 2.508623034235973881e-01 3.713057479902304725e-01 5.581418307878189822e-01 1.000000000000000000e+00 3.553378928811859461e-01 5.973340876895584239e-01 6.112880124416968375e-01 4.754293867626225301e-01 4.194476682945734169e-01 4.549388164119956279e-01 5.169991614644509070e-01 5.537627736529761036e-01 4.511929450268192254e-01 5.425559745502065434e-01 5.715252119848683865e-01 5.012574079428658846e-01 5.782719365509598752e-01 5.636149024753925874e-01 5.738204449179572508e-01 6.214287640149416259e-01 5.735966829124846678e-01 5.691791317728424060e-01 5.813694244673651701e-01 5.878420721654477044e-01 5.737163208397766390e-01 5.516566453086919619e-01 5.592039361239077300e-01 5.461486198641074541e-01 5.493419724975994178e-01 5.491669994494591256e-01 5.695443988365556098e-01 5.598429812180027998e-01 5.525791380920176410e-01 5.438745386607981569e-01 5.456186790636984307e-01 5.334047734953150099e-01 5.335133522231629843e-01 5.407458788490335788e-01 5.713514031071934562e-01 5.111274452333630647e-01 5.174059013113119221e-01 5.831097551937892698e-01 5.324446648984042518e-01 5.413210175489706621e-01 5.265068649232372833e-01 4.802503583700379330e-01 4.706912523889232869e-01 5.200556430821465792e-01 5.385188395099824721e-01 5.349819145011383004e-01 5.370514243794244358e-01 4.996168403007410497e-01 4.933659052492202490e-01 5.212812528803736356e-01 5.324001721841192802e-01 5.320254830671878876e-01 4.790627214505038811e-01 4.930916200196744925e-01 4.844828889753335921e-01 5.379687952841725185e-01 4.979204110847559317e-01 5.092588304154225254e-01 5.204355909534328362e-01 4.977320247796666042e-01 5.074422693427703690e-01 4.930764564111750348e-01 5.069585341212041740e-01 5.274581078198097295e-01 5.469940750231659932e-01 5.411492491761191737e-01 5.124274823635606158e-01 5.483370695957002772e-01 5.364421734880391313e-01 5.279097995761635742e-01 4.998187404744045548e-01 5.133145203935467471e-01 5.144050891654828872e-01 5.195022286768516961e-01 5.177201832542152049e-01 5.113245191779729470e-01 5.051613729115134177e-01 5.203065704993620200e-01 5.106471700740909947e-01 5.149089059500946419e-01 5.181353627934207617e-01 5.055275824190746947e-01 5.133800390268516978e-01 5.067862154841946687e-01 5.149667397147521530e-01 5.130233151952817705e-01 4.954847200491115933e-01 5.024660730872261283e-01 4.964177887381177046e-01 4.656579756722094565e-01 4.677931106001871342e-01 5.211780363644279435e-01 5.041958948027107645e-01 5.098683423839324158e-01 5.192809338753516801e-01 5.229408493908485056e-01 4.948660876747518755e-01 4.891813316380481669e-01 4.923720787750323624e-01 5.014726500823925015e-01 5.076375496667399068e-01 4.897914755414188859e-01 4.809230158802475508e-01 4.934457080815704555e-01 4.908424025681270564e-01 4.813155473104586135e-01 4.784486774845495005e-01 4.769654364125541779e-01 4.942532482978947428e-01 4.766937763493513391e-01 4.835188779165690010e-01
5.526940558101375162e-02 1.592255757226867796e-01 2.947394659367979508e-01 4.027179742691153197e-01 3.553378928811859461e-01 1.000000000000000000e+00 5.289948104193776812e-01 4.889612961028671489e-01 5.668595062008178198e-01 5.267017906563329355e-01 5.555593350792099594e-01 5.809870411709036064e-01 5.479684136809174211e-01 5.459872422836792305e-01 6.133780286020918959e-01 5.862908166394461551e-01 5.604629728299385105e-01 5.304272626745879515e-01 5.511783070349443037e-01 4.003616279087274243e-01 4.739255406862825093e-01 5.595865499491131656e-01 4.958772951783650407e-01 4.816222102298633456e-01 5.230531391898067817e-01 5.863141597040616437e-01 6.022147321168025424e-01 5.873354266372047272e-01 5.343305054556152234e-01 5.186112564783109669e-01 5.864819100214996306e-01 5.758554963756817857e-01 5.932914984570099026e-01 5.532793544444861711e-01 5.779816269367913373e-01 5.618739320314772856e-01 5.786421054180298507e-01 6.087957059032084173e-01 6.008991765810557384e-01 6.079471830219601580e-01 6.169016268609670561e-01 6.176116909838414992e-01 5.965346063157527245e-01 6.229398026657479992e-01 6.121961123397015037e-01 6.151429844690448068e-01 6.067413937937620183e-01 6.044065239293657799e-01 5.978365593030207092e-01 5.677300609134081633e-01 5.953432585181961390e-01 5.632777626118135039e-01 5.963252351256406181e-01 6.049173107765081214e-01 5.988875944743000668e-01 6.084316161435250336e-01 5.857410193957542921e-01 6.048008568736583657e-01 5.999145998864113816e-01 6.071731351713799407e-01 6.118467979507162813e-01 6.028185347534601446e-01 5.910406346850133330e-01 5.999082297987173851e-01 6.003423284208428967e-01 5.916696551265971937e-01 6.038590342079735995e-01 6.154671684069608073e-01 6.120491653784293495e-01 5.959217634610211034e-01 6.126371550947855571e-01 6.134370153999397779e-01 6.007565135854768812e-01 6.103663385351320025e-01 6.189160941128984961e-01 6.147977109686988406e-01 6.208439644140518743e-01 6.020335970624904887e-01 6.110603353462914500e-01 5.959247123865492046e-01 6.030707098733298910e-01 6.044085002386586636e-01 6.102890158558091915e-01 6.117699291639918657e-01 6.040235547879078126e-01 6.083536601257888421e-01 6.055750364203787983e-01 6.138160500611798964e-01 6.127946332945526375e-01 6.117852002612395035e-01 6.223712301656075807e-01 6.167764556519943486e-01 6.154232690766571201e-01 6.172187551654564341e-01 6.025714430034828650e-01 6.039263869849766930e-01 6.076231339873903181e-01 5.814353394411212461e-01 6.051290131282133222e-01 6.060647509692813628e-01 6.132127125863547912e-01 5.950474250357448147e-01 6.048313196048420437e-01 6.133432681298828237e-01 6.075577894163644022e-01 5.991698425450493470e-01 6.006288013122373926e-01 6.117310489323771749e-01 6.108818778038582753e-01 6.096458962351676281e-01 6.048171146853944524e-01 6.060931929911896887e-01 6.042678460790855688e-01 6.012383084058753324e-01 6.000696632077695547e-01 5.954867889678535642e-01
2.390242758208213913e-01 3.345200489759768137e-01 4.748811215062397895e-01 6.902363925952715862e-01 5.973340876895584239e-01 5.289948104193776812e-01 1.000000000000000000e+00 7.969972988144184978e-01 6.990938374067025007e-01 6.238761734666870007e-01 6.892710212026371686e-01 7.567815363491176006e-01 7.564996516668965887e-01 6.800043732979754729e-01 8.149333517414781847e-01 8.001373496511472450e-01 7.187728083583124761e-01 7.660296675249163023e-01 7.708877441694460542e-01 6.977855002377146842e-01 7.662928889247933029e-01 7.764285271835605906e-01 7.336779039376770672e-01 7.345022606514586272e-01 7.675732545842856025e-01 8.055584591118585269e-01 7.811132796399582467e-01 7.901525055058059577e-01 7.289911012190186668e-01 7.286529806255011010e-01 7.704919897647291016e-01 8.021826422548294921e-01 7.959769747434556342e-01 7.726059062439212255e-01 7.578903047461124087e-01 7.639624124723446430e-01 7.543535390296146614e-01 7.952699097476135792e-01 7.905192724141143490e-01 8.313953848270704272e-01 7.598640637784476182e-01 7.711456738833218916e-01 8.171309526257687361e-01 7.833070139544509036e-01 7.809784136739511551e-01 7.741453317640353271e-01 7.226084389789507734e-01 7.109174774838227240e-01 7.589864024471157933e-01 7.711616131619912773e-01 7.797877582237281446e-01 7.466627973347920166e-01 7.323916971031588785e-01 7.280693725128386529e-01 7.640742778462197293e-01 7.814346980146495980e-01 7.567267249441864685e-01 7.249945538710150794e-01 7.418465197469259476e-01 7.257727153825055399e-01 7.806372523612244985e-01 7.431984813333339934e-01 7.503665465895242859e-01 7.590441125638562880e-01 7.287721649940197555e-01 7.345280672796996591e-01 7.306551445208312456e-01 7.493558660403139005e-01 7.698287196103398289e-01 7.739862365837486546e-01 7.768424027360357753e-01 7.494868619747954153e-01 7.759952146082633728e-01 7.693035085597916822e-01 7.742365971151766724e-01 7.443892950252474217e-01 7.640632214198753713e-01 7.403734746315752124e-01 7.587011120547234588e-01 7.425287347467410815e-01 7.448687816446043497e-01 7.413646076860017642e-01 7.619243801785389181e-01 7.502569660860145540e-01 7.586016206052260680e-01 7.597247279733371217e-01 7.463687100577885980e-01 7.664759455253712384e-01 7.591192539886592039e-01 7.600391003290390968e-01 7.703973369797555426e-01 7.451576187391608652e-01 7.477850236873958556e-01 7.479302806814001059e-01 7.085842198173656348e-01 7.091217781393955866e-01 7.689121850755208376e-01 7.260744910898585536e-01 7.494383823519212839e-01 7.631213993978965826e-01 7.687398210816892563e-01 7.329945500272511127e-01 7.257532920368593432e-01 7.379148646069335626e-01 7.405521380890467409e-01 7.393928715758422143e-01 7.268516722651369166e-01 7.245707806029338949e-01 7.390699681839356661e-01 7.367320894896991490e-01 7.286641812886556213e-01 7.199538844658106562e-01 7.174242723179085068e-01 7.325743676402936000e-01 7.124601663128288243e-01 7.137481314510810693e-01
2.520556707741297142e-01 3.335669376366668937e-01 4.699859471306477854e-01 6.966032395158648916e-01 6.112880124416968375e-01 4.889612961028671489e-01 7.969972988144184978e-01 1.000000000000000000e+00 6.919357275099352611e-01 6.244093460340026658e-01 6.612999991263021071e-01 7.501758985153770265e-01 7.417759237981265130e-01 6.642808988237806078e-01 7.725277246068490422e-01 8.017033746627890700e-01 7.115107450562030422e-01 7.608745000777187295e-01 7.578060369931813867e-01 6.976399399286760117e-01 7.869609887087655187e-01 7.830507189663326040e-01 7.336018060543290087e-01 7.450027131559086024e-01 7.690664900410268956e-01 7.767117587409374524e-01 7.537395170742674511e-01 7.533006320894866104e-01 7.118710983953890903e-01 7.312988236080452120e-01 7.583832224644434516e-01 7.926932529631205426e-01 7.671391384823790238e-01 7.741692743259318554e-01 7.554937201919047496e-01 7.485320585482191369e-01 7.493852210332486719e-01 7.728497713273451142e-01 7.710449236336104351e-01 7.949852221149500409e-01 7.395512339061726115e-01 7.433823883554224743e-01 7.935697926015730097e-01 7.642455586428640313e-01 7.640415421775759164e-01 7.504558848386047032e-01 7.158177198467686742e-01 7.057606023778655313e-01 7.649131336940353521e-01 7.806385945727353226e-01 7.805979568268921476e-01 7.444058652379855756e-01 7.250572743833002543e-01 7.266149154401773114e-01 7.706213525588740954e-01 7.746412979089558615e-01 7.711545013484727429e-01 7.219670521028553889e-01 7.463284563227551294e-01 7.176841692954974983e-01 7.786157903152559623e-01 7.412431795531123635e-01 7.635095979391262055e-01 7.552625585678207631e-01 7.217211715432594321e-01 7.374847747622866878e-01 7.230875286952718195e-01 7.422169741132165210e-01 7.614450541563368979e-01 7.699413434252810884e-01 7.708967639910304648e-01 7.445533826088323037e-01 7.739831618802440749e-01 7.645570137754326145e-01 7.557405580253533373e-01 7.276453163612799369e-01 7.374097214118430221e-01 7.276844217182990571e-01 7.374291008414591841e-01 7.415804630973121814e-01 7.399933807469460945e-01 7.331217953836207668e-01 7.548390607181104661e-01 7.408460139256077825e-01 7.527768693949327128e-01 7.557713173405077312e-01 7.369111820233349430e-01 7.531363183985605447e-01 7.438127152233554584e-01 7.480613162193694432e-01 7.428530840677315394e-01 7.270267931221857660e-01 7.343722563673565906e-01 7.317806461628845183e-01 7.001364801708661600e-01 7.038850021631409826e-01 7.650662470974730622e-01 7.454875896221585529e-01 7.490550633260868452e-01 7.590486712626189902e-01 7.566795782114517088e-01 7.429089990532544707e-01 7.212278261413576086e-01 7.299077859535036961e-01 7.333304031012100044e-01 7.443238828823282027e-01 7.303521138391828593e-01 7.158095046839236808e-01 7.314031987696713033e-01 7.317464865733431800e-01 7.263613833450044410e-01 7.112995978997120883e-01 7.158603158585352677e-01 7.308292032882796052e-01 7.046081384774129930e-01 7.112464724924503212e-01
1.198411463010562589e-01 2.121400433126803542e-01 3.520825936527836597e-01 5.455482323517296672e-01 4.754293867626225301e-01 5.668595062008178198e-01 6.990938374067025007e-01 6.919357275099352611e-01 1.000000000000000000e+00 7.678123194816405261e-01 8.035219376784530354e-01 8.574555276944227922e-01 7.870570021891980517e-01 8.153764065415382012e-01 8.712061824351323702e-01 8.498005464896054573e-01 8.131033591751097855e-01 7.385866291489451285e-01 7.514795467642783056e-01 5.831477526343094020e-01 6.648569221665099338e-01 7.852807091555877861e-01 7.192776060637480207e-01 6.770514618732514922e-01 7.270861799209575871e-01 8.288019181671735236e-01 8.436948369069382503e-01 8.176471960794476912e-01 7.617795232421502583e-01 7.694743942561877992e-01 8.462474500021580637e-01 8.453346722116686918e-01 8.087513970785837891e-01 8.133843235782501901e-01 8.324081717158253735e-01 7.971220738088116153e-01 8.413214081633623165e-01 8.588411065539758305e-01 8.555917132077633935e-01 8.327980315530955080e-01 8.843055113366469211e-01 8.752538971909079590e-01 8.398404774762014968e-01 8.857147915947245487e-01 8.746011498553788455e-01 8.699469825897939712e-01 8.903923746500741476e-01 8.908061845599043460e-01 8.844303248091035519e-01 8.460471563166056530e-01 8.670998368877994578e-01 8.381016191363604984e-01 8.748158375673442677e-01 8.937446924594706354e-01 8.789426764750659649e-01 8.773763844502087128e-01 8.714781831955081826e-01 8.847813255995455872e-01 8.785546107967159291e-01 8.932935449233743164e-01 8.887421531764486682e-01 8.867862528696798252e-01 8.738991642692967021e-01 8.831536648347381169e-01 8.873548200178301704e-01 8.896503022578444719e-01 8.935267531217055970e-01 8.876152974496029913e-01 8.889564356616035390e-01 8.722606559991933350e-01 8.806536303171590419e-01 8.905875073738246384e-01 8.727128236013138585e-01 8.789120166288676428e-01 8.929519515458941292e-01 8.912544651011937713e-01 8.839014972155934124e-01 8.684285012718339081e-01 8.790802586343683389e-01 8.793768425207151296e-01 8.879375764992474274e-01 8.893364580964205901e-01 8.879760831254865927e-01 8.856168418412851961e-01 8.851308619062768779e-01 8.892771915283657069e-01 8.833689280111092224e-01 8.889580130731555840e-01 8.899842760693501553e-01 8.917808997935825488e-01 8.830026530973548171e-01 8.905677459089998971e-01 8.911461638808512165e-01 8.900637794399421932e-01 8.884251904216929896e-01 8.906934818567538992e-01 8.864513869277258484e-01 8.778819844859534482e-01 8.902544246478807377e-01 8.887975322682961643e-01 8.875891047746299334e-01 8.847343306445142330e-01 8.879559123451421510e-01 8.924746844764057663e-01 8.909599638915293163e-01 8.897500603653641926e-01 8.928271748879870184e-01 8.930329267892446188e-01 8.945601943531988898e-01 8.937712089222307199e-01 8.907189876710274179e-01 8.930189112656474748e-01 8.914557089688921465e-01 8.904147062241200006e-01 8.872878460136515155e-01 8.918817932183055186e-01
4.843801278262943599e-02 2.116913451075757846e-01 3.003557882071406504e-01 4.685515770053859108e-01 4.194476682945734169e-01 5.267017906563329355e-01 6.238761734666870007e-01 6.244093460340026658e-01 7.678123194816405261e-01 1.000000000000000000e+00 7.490207062714838715e-01 7.917413909619870349e-01 7.179119714562310905e-01 7.567579081928939022e-01 8.054544272731664067e-01 7.775511391174666498e-01 7.601595863934371700e-01 6.762960671377815647e-01 6.897139520649722133e-01 5.166212087602332081e-01 5.909032168422162501e-01 7.238780507250652807e-01 6.734223362553577452e-01 6.229414431558097931e-01 6.774140518883581263e-01 7.856799254720938652e-01 7.890431897005670825e-01 7.697115733214440203e-01 7.308133742818259115e-01 7.283322222038335347e-01 7.940571854435146681e-01 7.820653573356122212e-01 7.530688741668178920e-01 7.514996792717705265e-01 7.792149987981161763e-01 7.305952585471003902e-01 7.767195897798622184e-01 8.070337156910651899e-01 7.991078346960320822e-01 7.698330572483315093e-01 8.307471382189846043e-01 8.210151372523477598e-01 7.651829526869053932e-01 8.237267526707963139e-01 8.136196032605472750e-01 8.178614510022708117e-01 8.344506864197479556e-01 8.395938103555993237e-01 8.257735446838366800e-01 7.722319226647593737e-01 8.071885238103767568e-01 7.528176474583132549e-01 8.121404409956638482e-01 8.433924494430243834e-01 8.235325517608981238e-01 8.232419350991473372e-01 8.132056987251429225e-01 8.321222339273373070e-01 8.264071596458915092e-01 8.401937616774219908e-01 8.249087000136778869e-01 8.351806174269704730e-01 8.187892094981011892e-01 8.269097962029579030e-01 8.247486678535145277e-01 8.285514232509245680e-01 8.384247041514433230e-01 8.341062741678415549e-01 8.323988578608702005e-01 8.130507850545063420e-01 8.243353004057302202e-01 8.374867834418823209e-01 8.152530218888273117e-01 8.256491913217534062e-01 8.396944500907174147e-01 8.380285512511186363e-01 8.375282172385494217e-01 8.253164955654670454e-01 8.318430886841929883e-01 8.313521720667499393e-01 8.348868826931516995e-01 8.387316567938924994e-01 8.329888120448639688e-01 8.345558975623557085e-01 8.254015494523861962e-01 8.304149966139831029e-01 8.260002812834668084e-01 8.341906360559055988e-01 8.347287951314511512e-01 8.371683882178645453e-01 8.292801078007563387e-01 8.380176967179724379e-01 8.366570912882993483e-01 8.371090808128985872e-01 8.358897132264597740e-01 8.393388720324039820e-01 8.197778808154625452e-01 8.110158120236850010e-01 8.290438625730681688e-01 8.263419909961773335e-01 8.243483079099519495e-01 8.259165543720654590e-01 8.275639697517832571e-01 8.350733069851528079e-01 8.293712249813293136e-01 8.297050468500690723e-01 8.357385858353840735e-01 8.424697667429537074e-01 8.417129148713374809e-01 8.379037778114927226e-01 8.347975912573470936e-01 8.391857997326205298e-01 8.349711548306180120e-01 8.336148397825909884e-01 8.314733474626845311e-01 8.322927807314693949e-01
6.137023047394812164e-02 1.830617596687052206e-01 3.571830676090241852e-01 5.555089383330049646e-01 4.549388164119956279e-01 5.555593350792099594e-01 6.892710212026371686e-01 6.612999991263021071e-01 8.035219376784530354e-01 7.490207062714838715e-01 1.000000000000000000e+00 8.696004345291807880e-01 7.816153444576309228e-01 8.166491415415995103e-01 8.660249743962602498e-01 8.407259761061276482e-01 7.999491628698013335e-01 7.274210916195246179e-01 7.482858854850619190e-01 5.924112159027152824e-01 6.571961878293018922e-01 7.810437092059447917e-01 7.185917900637722733e-01 6.749984231097493348e-01 7.143297109637785081e-01 8.289068844137152947e-01 8.459594668683284580e-01 8.197552698845935737e-01 7.609653317696501995e-01 7.602605048288362255e-01 8.550384005750204519e-01 8.383643700598365500e-01 8.099395495378785004e-01 8.185019905159311993e-01 8.338652163773867532e-01 8.039289295959567427e-01 8.424878748523014771e-01 8.610086388933233525e-01 8.628434410818675016e-01 8.372688121844558129e-01 8.866258750259941035e-01 8.851647667366275840e-01 8.476331522743651981e-01 8.885362246421418808e-01 8.808016321015966765e-01 8.798348915797261638e-01 8.897048093698004534e-01 8.915903889094680679e-01 8.799853528790584356e-01 8.451738919584397269e-01 8.672787411535620716e-01 8.416463646490954797e-01 8.816190696521232217e-01 8.868513511775477642e-01 8.760761318992938973e-01 8.793894178642791548e-01 8.673529412221457902e-01 8.850383557943987123e-01 8.780516506056371684e-01 8.913390227740878302e-01 8.886024278473638738e-01 8.865405103684450561e-01 8.725751699822148488e-01 8.857156369590489797e-01 8.817952865588866151e-01 8.839847753014016263e-01 8.923656644232313973e-01 8.925472085314921644e-01 8.891468801193581628e-01 8.765641116437289382e-01 8.818085944967727352e-01 8.889458830699403791e-01 8.757127773350279476e-01 8.793058733471328381e-01 8.946611866375950850e-01 8.939103474375538205e-01 8.925198013290749355e-01 8.755970492950130302e-01 8.871886575001911579e-01 8.764754047011206195e-01 8.865456004806427925e-01 8.932280685219543548e-01 8.921728140691035369e-01 8.855906239392959955e-01 8.878197563059300190e-01 8.896657047288539788e-01 8.859939019419678097e-01 8.944522408158225302e-01 8.949791473258260632e-01 8.948827566805529488e-01 8.935810535074546479e-01 8.978876634515763344e-01 8.970951433369324102e-01 8.971957937597434540e-01 8.915312812346616322e-01 8.931050047344661902e-01 8.886055163945292268e-01 8.746564308992805792e-01 8.936642250186286329e-01 8.915957486468286675e-01 8.934212644206601661e-01 8.878379907336265697e-01 8.913332667854176883e-01 8.958577525012293430e-01 8.933209968044493188e-01 8.864523058484266027e-01 8.911401166087704606e-01 8.939820869672306936e-01 8.950986374632963205e-01 8.945840161282933023e-01 8.937726276047247564e-01 8.933748430548273944e-01 8.931638153862369034e-01 8.934612261861329952e-01 8.894681520405099961e-01 8.885506404587011353e-01
9.123459295607951047e-02 1.968984662690060061e-01 4.012338754359646154e-01 6.365231465352764184e-01 5.169991614644509070e-01 5.809870411709036064e-01 7.567815363491176006e-01 7.501758985153770265e-01 8.574555276944227922e-01 7.917413909619870349e-01 8.696004345291807880e-01 1.000000000000000000e+00 8.424571121434615284e-01 8.656738123752831804e-01 9.290904889122323373e-01 9.105385642974302973e-01 8.495455348441540711e-01 7.839677350234945941e-01 7.956110389406635397e-01 6.550180481180014613e-01 7.337986411879855453e-01 8.373242018523564534e-01 7.648067938720797265e-01 7.304414861445125418e-01 7.673314640740687143e-01 8.720972826211002005e-01 8.960190707580960590e-01 8.703228235095556986e-01 8.120118500075105272e-01 8.067606863660080618e-01 9.033546532437705112e-01 8.988781743284025572e-01 8.653529873165417552e-01 8.801949575329207631e-01 8.870260723905569744e-01 8.684620506265569029e-01 9.036984941128670679e-01 9.136709033196401819e-01 9.208186781511146224e-01 9.007730676302911910e-01 9.355016925484826995e-01 9.312111990099585235e-01 9.147172814549974218e-01 9.429175546576594735e-01 9.352163843057010872e-01 9.310000350876331821e-01 9.382769702524658140e-01 9.376993972103474517e-01 9.385702574585648161e-01 9.140221877230904068e-01 9.292895283741151591e-01 9.104539839489695918e-01 9.390189041148361282e-01 9.359484973614384806e-01 9.318489498301788521e-01 9.328055638756493906e-01 9.279486374736720666e-01 9.337232031792758180e-01 9.316093442565342997e-01 9.390123643982559720e-01 9.503991723026247174e-01 9.403421347512960216e-01 9.295062318112737865e-01 9.431424272778141660e-01 9.344038069073047348e-01 9.426288746714162059e-01 9.407424217855696602e-01 9.377246010590262193e-01 9.417937128565027072e-01 9.370198291870808216e-01 9.373282086910498245e-01 9.378405953446927734e-01 9.296614259633061428e-01 9.304107030605187623e-01 9.415887047729226689e-01 9.402212410172101631e-01 9.358534839159980967e-01 9.203329114725241622e-01 9.294932876785212406e-01 9.236043057603358086e-01 9.352507994956105186e-01 9.413382479315838269e-01 9.437387998702859715e-01 9.359845847329149038e-01 9.401520062037437286e-01 9.444809443273214367e-01 9.417894124168763037e-01 9.425537128429789524e-01 9.464914635368391060e-01 9.422440766153138414e-01 9.418067179410698486e-01 9.435240395289996584e-01 9.461662075269661187e-01 9.447409626594120979e-01 9.381218751485246310e-01 9.396971643108678052e-01 9.446512280568979403e-01 9.319986467062744140e-01 9.464735404607678149e-01 9.431861424059408971e-01 9.489562222476787268e-01 9.411837733561069230e-01 9.435205425894779285e-01 9.457183614469961697e-01 9.475502898965312282e-01 9.417964120150518204e-01 9.424920519901298643e-01 9.398748348620069581e-01 9.428181323489460697e-01 9.439327517907694087e-01 9.415131807784175022e-01 9.421697638803679942e-01 9.422344842605258064e-01 9.457420520638027961e-01 9.384233201771355892e-01 9.409686739752959328e-01
1.472180564085109056e-01 2.511979486065790135e-01 4.142064477110841691e-01 6.273330974812485472e-01 5.537627736529761036e-01 5.479684136809174211e-01 7.564996516668965887e-01 7.417759237981265130e-01 7.870570021891980517e-01 7.179119714562310905e-01 7.816153444576309228e-01 8.424571121434615284e-01 1.000000000000000000e+00 7.753943160485904373e-01 8.584302586630052634e-01 8.625081368158188377e-01 7.923973118836534768e-01 7.761255691216248920e-01 7.776722697977168641e-01 6.742890180581093684e-01 7.472443368513919104e-01 8.124334321104912382e-01 7.598324085676677608e-01 7.374802068254932008e-01 7.716681845696641284e-01 8.400070580840539591e-01 8.378316464253280360e-01 8.273339932693225540e-01 7.762469324352793132e-01 7.811903854637056721e-01 8.424693570600514381e-01 8.520646719020134041e-01 8.287368948582271022e-01 8.293354520367164362e-01 8.370253714658295596e-01 8.213719612785156388e-01 8.382941100564575976e-01 8.471757626907714389e-01 8.564345829542584498e-01 8.511482425593039913e-01 8.582833212711894477e-01 8.545383627234565127e-01 8.696804678877162464e-01 8.687799225005443660e-01 8.635094276048211892e-01 8.581928677862081800e-01 8.454283468878628360e-01 8.439058057586256156e-01 8.596371767799044772e-01 8.436316295122057163e-01 8.559805275083313125e-01 8.421286965168122141e-01 8.496988543349586198e-01 8.506499285084732076e-01 8.565228747782828167e-01 8.624533237796826457e-01 8.571691304168966852e-01 8.432951623895598159e-01 8.475428037005325876e-01 8.509632888738883905e-01 8.747219446935391440e-01 8.562090545125913277e-01 8.492615082558537809e-01 8.664988219394458291e-01 8.472261488197211365e-01 8.589999767022193922e-01 8.522448745575214035e-01 8.569957980266540432e-01 8.673567930818670835e-01 8.690525403266186055e-01 8.697721392962520781e-01 8.598328483228138142e-01 8.636999910908362832e-01 8.642268761691747070e-01 8.671350146505222289e-01 8.567481298368363474e-01 8.565103068179722445e-01 8.432604565812830133e-01 8.578043293085552135e-01 8.501428981056350365e-01 8.569370196289656239e-01 8.572074158706244340e-01 8.644392636271104324e-01 8.567255168331862070e-01 8.592526999950503841e-01 8.636193542309967830e-01 8.571394246047696619e-01 8.617112222855790593e-01 8.610810162433299997e-01 8.632898879773532874e-01 8.603162317898411793e-01 8.564153315467967209e-01 8.594592730624583954e-01 8.583939613423990922e-01 8.417734038501195615e-01 8.432937951057597470e-01 8.638893315952838048e-01 8.473536188346209030e-01 8.610805570212103355e-01 8.628893775663910581e-01 8.709418709382247270e-01 8.515388013074070006e-01 8.510400399152152628e-01 8.556104206329092632e-01 8.600004641137101169e-01 8.599414450534472731e-01 8.524534739799434213e-01 8.485798467804434031e-01 8.564602726784888986e-01 8.552835895581474279e-01 8.501470514169253700e-01 8.480871935351281810e-01 8.483267257691529117e-01 8.555807459976280116e-01 8.440874382444879531e-01 8.498992170854117179e-01
