1.000000000000000000e+00 1.063563227403368089e-01 1.405859572592221829e-01 1.887332850860116429e-01 2.771456128125640919e-02 3.241170743711647984e-02 9.726104190089719659e-02 1.171641459547325126e-01 1.490442540925593362e-01 1.569483595730684564e-02 6.458206929325731316e-02 6.578886917184099958e-02 1.506056395416781324e-02 2.004022979814459871e-03 7.136506868320549590e-02 7.791336053883202162e-02 8.075168413083738672e-02 1.309043489043532349e-01 5.695435093554419848e-02 1.830805817223227772e-01 1.522601691103213084e-01 8.070492167006500239e-02 1.448473913385959766e-01 1.103655816465984041e-01 6.803771642277667286e-02 1.154680560147842289e-01 1.073353322571451024e-01 9.998224367652938649e-02 1.519908985638505627e-01 1.249983227886312248e-01 1.291757649762010907e-01 8.196170450236621441e-02 7.268111055394263498e-02 1.211150065032449152e-01 7.949184866014791240e-02 8.473793013257026330e-02 9.249945531581835190e-02 5.175293818316201166e-02 6.482833476828621377e-02 2.305822140971083845e-02 1.915616752658445138e-02 1.390464428330024337e-02 2.344213483931321951e-02 3.740860493140287651e-02 4.008206921669575651e-02 4.101083354800782316e-02 1.308996979752671992e-02 1.112592287981404617e-02 2.462961747457752607e-02 7.515664013520863274e-02 5.389594144904603229e-02 5.676839880910770908e-02 4.247240436391427204e-02 2.926547970383496997e-02 5.408295522237286518e-02 4.924208311246140723e-02 7.301813106074629689e-02 2.293323017395510269e-02 3.217516740003888848e-02 3.979986976747275362e-02 3.161424973186255372e-02 4.046307881379891669e-02 4.281901805377039127e-02 6.397480934690839838e-02 4.232663790917810809e-02 6.204655305912565311e-02 1.992245620970809622e-02 2.965422780347998222e-02 4.539764739927956705e-02 7.136401867579676705e-02 2.421157929459539365e-02 2.531071586795686709e-02 4.281139846018029715e-02 2.903379857457795421e-02 4.398407956770852834e-02 4.330433725708033449e-02 3.335458592071984668e-02 6.661625896095636767e-02 4.749198686889864046e-02 5.990325962239333168e-02 5.118781173511278981e-02 5.155849141008645581e-02 4.882851068908318493e-02 3.995685287243416067e-02 4.650085005262259014e-02 5.122149609322242808e-02 3.470624581757698196e-02 3.972747794402885224e-02 3.326795177271175269e-02 3.380153815827879188e-02 1.761382056470912200e-02 1.412156574536698947e-02 1.898306702492224760e-02 1.347808544405994582e-02 1.004659762933417938e-02 9.230642264332868802e-03 2.936354002471999042e-02 7.684257693283327861e-02 3.473894172389958152e-02 4.673784234964402373e-02 7.012352180523721314e-03 3.654241041293559977e-02 2.237824275769421251e-02 2.073011022281258386e-02 3.804886607836433648e-02 4.459971637433798181e-02 3.117563747943808902e-02 1.824029973925711534e-02 2.716498077014234055e-02 2.409155323427909084e-02 2.277400356660400083e-02 1.811992117122927792e-02 2.859300049445008540e-02 3.555358148655345801e-02 3.661754305586985975e-02 2.861984306001229966e-02
1.063563227403368089e-01 1.000000000000000000e+00 1.096289181002940705e-01 1.475473813153248270e-01 1.014705341661431282e-01 1.516937414205029866e-01 1.870731907489023571e-01 1.678435169989319908e-01 1.969222018794408169e-01 1.761073411680533773e-01 1.665226998055486518e-01 1.871900714257661580e-01 1.859119249829346843e-01 1.031992456910886397e-01 1.978246132682774938e-01 1.888318107015514447e-01 1.847765516238004668e-01 1.992757172617230510e-01 2.001805912281498789e-01 1.324615531411481029e-01 1.939191781783589918e-01 1.869824378274580756e-01 2.055705351751535015e-01 2.061396046473770172e-01 1.977537198074972580e-01 2.000798135487543428e-01 2.015893305772211153e-01 2.159859905457446605e-01 2.191229950147743633e-01 2.119912512607715349e-01 2.131408461747319738e-01 2.020890062049067182e-01 1.859427644621194642e-01 1.987374449205228932e-01 1.965658625883512645e-01 1.771510440320113178e-01 2.033540715662503773e-01 1.998124820870581519e-01 1.874559944783451559e-01 1.774696177296947730e-01 1.771055712501755364e-01 1.835918761118940368e-01 1.910267924056446853e-01 1.902532604759418766e-01 1.802797934149264480e-01 1.965554946096148836e-01 1.827950356303122970e-01 1.790805225875127527e-01 1.784939285103134821e-01 1.844274772252284533e-01 1.837418575336515758e-01 1.598606037580223571e-01 1.693901000699069570e-01 1.837655413304936369e-01 1.902961224148977115e-01 1.923298003143447676e-01 1.819180729492009818e-01 1.812066149029221973e-01 1.872527038688023004e-01 1.871229702149226903e-01 1.859989768762867202e-01 1.967020480180799724e-01 1.852160669145443694e-01 1.859747574937959946e-01 1.678378818247040216e-01 1.832769855426534811e-01 1.797350074082174065e-01 1.888010545700914700e-01 1.925161509204388610e-01 1.798574358818416097e-01 1.828209444171356446e-01 1.839854565424121902e-01 1.885970394362113667e-01 1.922091492172915972e-01 1.867881481965697754e-01 1.899199797029187398e-01 1.875061296449500592e-01 1.974227222583417596e-01 1.969944161849624120e-01 1.920052827342018098e-01 1.971143359986831378e-01 1.890144840430662276e-01 1.852734619127641147e-01 1.858203001912134833e-01 1.849582411956251782e-01 1.906668015953471573e-01 1.812927256892485350e-01 1.802238145962724303e-01 1.796439857601634660e-01 1.795135908308300443e-01 1.773868785009182492e-01 1.773613114349415765e-01 1.772941355458113877e-01 1.779012145707164483e-01 1.786853051901122758e-01 1.772404850990232095e-01 1.626960382347135414e-01 1.725733168282036212e-01 1.751904907536511458e-01 1.792048376836616053e-01 1.690547553467459940e-01 1.708939220776554968e-01 1.686486576064898379e-01 1.761131276266596490e-01 1.731565208890838148e-01 1.648352418474171577e-01 1.748061063903867673e-01 1.781636005884185414e-01 1.762282139719411611e-01 1.791701973636208867e-01 1.744359043282363020e-01 1.757275672330337324e-01 1.778656732431549981e-01 1.726608133790212274e-01 1.734684229380489551e-01 1.727071737892237613e-01
1.405859572592221829e-01 1.096289181002940705e-01 1.000000000000000000e+00 4.779005477082802211e-01 2.279093416366295977e-01 2.434526420496333499e-01 4.095760512542212517e-01 3.925744104175356575e-01 3.699475280496419827e-01 3.004445493533107192e-01 3.878342751157667356e-01 4.241818269123733276e-01 2.864339147323791135e-01 2.654072706228021161e-01 4.039408086957096966e-01 4.180479581017794710e-01 3.846974369984337838e-01 4.331845148013133695e-01 4.251208840747749962e-01 3.223194790443377200e-01 4.617419015553454464e-01 4.634671491133369736e-01 4.522843243169309413e-01 4.419809414121045332e-01 4.273202191668543093e-01 4.355516191629318357e-01 4.591413995989082064e-01 4.277235585827113273e-01 4.282042913956158880e-01 4.470874930701879135e-01 4.363832195738435726e-01 4.088262721261828325e-01 4.050724724148527245e-01 4.348275596511211316e-01 4.156719907826636473e-01 4.409794541043626226e-01 4.355879517998720307e-01 3.846741812881952494e-01 4.139145140213282281e-01 4.295424263926312936e-01 3.766934798806710338e-01 3.908342999383739857e-01 3.885763896819632301e-01 3.882242015759467813e-01 4.113694802999062206e-01 4.040611690664989708e-01 3.480795250902991023e-01 3.625362805865427474e-01 3.600571213051002029e-01 3.903051800905106838e-01 3.757264717813612043e-01 4.023605196772627179e-01 3.792431828301475183e-01 3.579239829712928533e-01 3.801469497715664336e-01 3.925634370581969623e-01 4.026199716974459553e-01 3.693804148197911141e-01 3.677908474632880509e-01 3.607088875675417694e-01 3.657579104042845142e-01 3.649343556916140319e-01 3.764075049415885332e-01 3.749202856300387632e-01 3.806852046316749894e-01 3.921710196622339994e-01 3.700031414934265017e-01 3.895795273826593297e-01 3.956466838492377902e-01 3.976495140486154267e-01 3.948707430522108708e-01 4.013919446522155599e-01 4.110669514067574193e-01 4.107547767831401520e-01 3.967594837380419848e-01 3.930459382351314535e-01 3.956392874773842494e-01 4.078438539325066059e-01 4.122906105631051199e-01 3.986464812260869239e-01 4.024500205183065837e-01 3.882000851509409545e-01 4.073622098830443905e-01 3.950267690277932120e-01 3.948853142654756843e-01 4.037731134925072740e-01 3.979432995863960709e-01 3.969009420868915838e-01 3.912361455351847095e-01 3.979090989394802325e-01 4.088748714474410018e-01 3.756331051076345351e-01 3.877640501312377697e-01 3.815623314391313192e-01 3.529378941245128742e-01 3.581945181222130903e-01 4.033897650937503521e-01 4.000893488868043080e-01 3.796023347889291855e-01 3.864279406328152144e-01 3.860197101432608635e-01 3.818009370415868520e-01 3.701399763692297396e-01 3.726481002050417435e-01 3.927671389901585819e-01 3.941670475136987983e-01 3.703835737734955669e-01 3.659836574517387198e-01 3.783682334218014254e-01 3.687255826045551799e-01 3.805323518124086313e-01 3.621869190338642963e-01 3.745358663096847174e-01 3.739282320804598880e-01 3.803743014091010011e-01 3.777261516039076561e-01
1.887332850860116429e-01 1.475473813153248270e-01 4.779005477082802211e-01 1.000000000000000000e+00 3.472465988467628439e-01 3.842967808644703331e-01 6.033176150803030158e-01 6.151744257735377586e-01 5.640856341945477137e-01 4.541616777573737052e-01 5.816392631471822838e-01 6.371112860688821211e-01 4.888668704911178220e-01 4.100079355299547368e-01 6.242399008580981068e-01 6.423690213493344903e-01 5.787603238058121047e-01 5.643793776360582770e-01 5.884776965610374333e-01 4.589814634195732435e-01 6.071192416296876671e-01 6.345402996611604340e-01 5.915115905128452978e-01 5.686239672367547904e-01 5.795254240341025653e-01 6.491117707059826936e-01 6.529142202128210837e-01 6.338750636246037740e-01 5.966455426193471023e-01 6.322217838145681723e-01 6.359884547702296942e-01 6.149427584364179911e-01 6.028528118625454679e-01 6.218423414608037492e-01 6.124845997765049344e-01 6.424592608241569414e-01 6.378159038299693329e-01 6.061750767221163461e-01 6.229648493861251746e-01 6.351362569510186074e-01 5.789361092322201641e-01 6.070529242116537993e-01 6.099845643157797426e-01 6.043492144932087751e-01 6.148087535384728630e-01 6.010944912094451364e-01 5.540674998182578692e-01 5.581303182295848098e-01 5.630182661345298767e-01 6.131918411743653152e-01 5.989982020927970829e-01 5.971331885927448901e-01 5.760380369517758004e-01 5.594064012150247178e-01 5.816327852875454729e-01 5.904231918501998688e-01 6.108201988690601381e-01 5.778699554120345638e-01 5.787691066286119179e-01 5.713019414577250599e-01 5.812240419790747348e-01 5.748914096396530171e-01 5.901222309018618883e-01 5.922276299985913539e-01 5.742793216996358030e-01 5.922386791376439419e-01 5.639368234279932279e-01 5.768073846858644549e-01 5.855805066069108555e-01 5.810095343372965182e-01 5.854090026078948572e-01 5.870630371735353625e-01 5.916473754833800891e-01 5.911406225211046639e-01 6.022094172995815509e-01 5.933753677640872803e-01 5.923202896243369153e-01 5.953921458585140769e-01 6.075598002841888778e-01 5.962580168487372489e-01 6.031801903113179764e-01 5.908888534243543766e-01 6.011048310897171287e-01 5.936142763427382230e-01 6.018191247505798591e-01 6.028041634164096330e-01 5.963316391930266747e-01 6.021264436425654010e-01 5.945687174411267151e-01 5.967618448930775976e-01 6.064452217996249006e-01 5.734666356027863232e-01 5.862959110098767690e-01 5.842070888144544893e-01 5.527498570677733536e-01 5.547440049257802430e-01 6.077237424477002214e-01 6.091873846424619154e-01 5.809899741760307101e-01 5.932996061879852734e-01 5.842917377185170569e-01 5.843333883814225693e-01 5.720356455002214568e-01 5.789905490010636147e-01 5.944734743812664091e-01 5.918771463408414313e-01 5.692281143965344237e-01 5.599216690765079774e-01 5.755801404252264275e-01 5.664011946361894312e-01 5.783514521337878023e-01 5.614071912442966106e-01 5.745842193354169236e-01 5.762752348508466405e-01 5.763101692178019819e-01 5.761557220740126661e-01
2.771456128125640919e-02 1.014705341661431282e-01 2.279093416366295977e-01 3.472465988467628439e-01 1.000000000000000000e+00 2.981315866933942349e-01 4.595359203566110606e-01 4.313281023678247617e-01 4.687263752107482251e-01 4.213451060254008174e-01 4.602892239299906652e-01 4.941423074329791554e-01 4.564480408207352014e-01 3.321174760418963978e-01 4.956818573973771902e-01 4.946373421016544980e-01 4.814586567205941803e-01 4.403706513738243622e-01 4.545446029080893457e-01 3.331920919717668017e-01 4.461994483410710588e-01 4.667037501766950758e-01 4.430304359445327300e-01 4.220368623021479304e-01 4.366919782151587048e-01 4.905511416001201996e-01 4.729931139760196745e-01 4.433254616085707811e-01 4.271877053560116377e-01 4.425123575383017593e-01 4.670906203125889666e-01 4.999608000518348527e-01 4.565396589495053226e-01 4.746953288956930472e-01 4.764545669513095549e-01 4.795323345567880646e-01 4.678215287305159675e-01 4.944967935999854958e-01 4.945632771877106482e-01 4.710179989043694615e-01 4.950500495128626333e-01 4.936228654396873083e-01 4.894035744069196725e-01 5.019870466771706452e-01 4.963894908436388698e-01 4.881025744199768979e-01 4.932645487902636017e-01 4.942337121949547663e-01 5.019744228314625412e-01 4.926798986435112493e-01 4.939320119068529302e-01 4.879098393844289450e-01 4.951456218687678712e-01 4.956575571440626771e-01 4.988587106951131722e-01 4.991810284744105375e-01 4.974833080213985070e-01 4.958763438190046391e-01 4.891531906406899055e-01 5.019694769100970788e-01 5.067899068171985988e-01 4.989482973951660516e-01 5.013643193560618494e-01 5.043580294181521095e-01 5.023293795096046566e-01 5.011253394314844067e-01 4.996213783449592882e-01 4.988355757419973835e-01 5.023916251264114452e-01 4.950052406253802606e-01 4.965997296931258798e-01 4.932705435391457893e-01 4.948788011816587784e-01 4.870755699769704905e-01 5.025161200304277820e-01 4.958549253817678415e-01 4.965285411773377455e-01 4.901938991433609227e-01 4.995685001074124942e-01 4.993150726359023572e-01 4.964893380954387148e-01 4.966649443455214974e-01 5.043404571411690407e-01 4.985686793364803027e-01 5.053524887083206130e-01 5.046157900222452142e-01 5.034691282380606703e-01 5.055196393830935220e-01 5.044395106410042295e-01 5.066839671796220523e-01 4.975847367343085859e-01 4.975353849222246549e-01 5.028030010756107115e-01 4.977698662451268685e-01 4.974976315518380154e-01 4.957102490498381808e-01 5.106781366927930499e-01 5.161064502440367852e-01 5.082513570563674810e-01 5.088685656083929976e-01 5.020291052984415803e-01 5.077127578952896902e-01 5.021355499322728289e-01 5.043246231493879739e-01 5.086099974074806962e-01 5.021128812483796056e-01 5.024495729466946781e-01 4.991627817865041949e-01 5.011080043678232121e-01 5.030590244345215512e-01 5.015024767811900874e-01 5.003293004278738243e-01 5.023467055463300968e-01 5.068453660581866416e-01 5.002229944831779740e-01 5.014006436003930478e-01
3.241170743711647984e-02 1.516937414205029866e-01 2.434526420496333499e-01 3.842967808644703331e-01 2.981315866933942349e-01 1.000000000000000000e+00 5.219437400214678169e-01 4.530730408319632030e-01 5.274432385117214794e-01 4.891665140313710136e-01 5.107472490207993765e-01 5.641642186554255423e-01 5.039237001746157407e-01 4.426234874609425440e-01 5.702700028497293960e-01 5.646976256385471959e-01 5.642489855207717397e-01 4.970189582495304070e-01 5.277293787588978047e-01 4.049629199202933738e-01 5.149472264843604208e-01 5.552238725678551035e-01 5.228590181810378601e-01 4.952590556075871508e-01 5.216209280433693474e-01 5.755786727442869788e-01 5.643173080772276862e-01 5.686863929848746668e-01 5.153471851658567582e-01 5.641276631710426814e-01 5.556695742645667568e-01 5.798807318500976971e-01 5.666105848853161264e-01 5.582492777198608813e-01 5.742832519441314343e-01 5.592475967340718723e-01 5.819907726497280942e-01 5.790398806274026366e-01 5.895513456730127055e-01 5.792411855239011365e-01 5.855245404360672756e-01 5.905560802337497250e-01 5.931290255605362605e-01 5.959106459576265502e-01 5.882902031117621666e-01 5.880067761294125450e-01 5.872065577179413909e-01 5.844476032182593928e-01 5.809475413195857030e-01 5.699204045803898389e-01 5.811739561410089738e-01 5.636372349534539694e-01 5.806476208358603008e-01 5.819287101868210188e-01 5.823298129523710731e-01 5.896947861982438921e-01 5.786174666166506997e-01 5.810696308379638131e-01 5.730551118765400131e-01 5.846553494518111904e-01 5.907749808443063522e-01 5.796664477997125475e-01 5.844968211555714444e-01 5.827049721574805163e-01 5.811318099357741795e-01 5.873660075868387676e-01 5.888192546174049191e-01 5.846948068041064595e-01 5.876458569728896242e-01 5.800944591373723425e-01 5.870485307194823754e-01 5.874809685836137607e-01 5.801273354641413027e-01 5.755747025978715792e-01 5.950413336579382095e-01 5.921734317828456495e-01 5.954686078238150548e-01 5.765070175798822083e-01 5.884741917658872223e-01 5.812271801687043382e-01 5.915659720681232248e-01 5.827935227907543592e-01 5.924051716753097052e-01 5.960079814722137881e-01 5.919520811578340425e-01 5.905339029686099694e-01 5.947927954052708577e-01 5.941531360854207522e-01 5.993353572659464445e-01 5.940142487632128487e-01 5.994279059855387448e-01 5.936376597303978375e-01 5.885244268281937252e-01 5.940415956339918369e-01 5.875959275940737525e-01 5.884335367515044490e-01 5.920282648745776033e-01 5.889027315735524404e-01 5.932445186314846408e-01 5.909129789812009870e-01 5.975652054829846405e-01 5.921898108370685643e-01 5.887481095845016332e-01 5.917957641071667219e-01 5.921543163755442762e-01 5.855444763988756351e-01 5.900083390226272817e-01 5.870156716894063820e-01 5.903949449008437655e-01 5.871215475785744875e-01 5.932358289307085863e-01 5.869700926737917435e-01 5.883514098020857785e-01 5.907433813854655602e-01 5.895193229639889010e-01 5.871711446918602695e-01
9.726104190089719659e-02 1.870731907489023571e-01 4.095760512542212517e-01 6.033176150803030158e-01 4.595359203566110606e-01 5.219437400214678169e-01 1.000000000000000000e+00 7.329903136539831499e-01 7.236706425639729545e-01 6.484010550489635039e-01 7.150793160804365112e-01 7.805748927264225534e-01 6.868425801998614411e-01 5.628674345440149995e-01 8.403996859917403084e-01 8.194487131929543144e-01 7.514640799272424010e-01 7.400078083635326376e-01 7.592549164069556378e-01 5.674988336285446966e-01 7.593370211494238076e-01 7.890205161338331719e-01 7.488988940622496315e-01 7.296683493632936113e-01 7.495499400543927937e-01 8.178800082302833951e-01 7.983130824789024249e-01 7.953343964318857484e-01 7.291786844305450099e-01 7.674793725486693807e-01 7.890293926494937882e-01 8.111054698111912487e-01 7.924083835477384596e-01 8.058525982272319865e-01 7.853990063736556726e-01 7.972252971295034074e-01 8.009877127770282934e-01 8.149733363601880942e-01 8.255730584815113016e-01 8.170621076359279034e-01 7.913768392955853326e-01 8.135489173505169314e-01 8.150854130032322287e-01 8.106409925778966796e-01 8.069670985807556596e-01 8.127854789518910161e-01 7.750117731671145593e-01 7.708636007965888881e-01 7.746755134425420408e-01 7.963141068137333800e-01 8.010474457432124051e-01 7.559410034814085799e-01 7.651540611199704189e-01 7.686485082089116183e-01 7.819808716520098013e-01 8.008270144528542023e-01 7.847438762378079469e-01 7.900020065482592502e-01 7.921987451300092076e-01 7.837549197750879326e-01 7.915924378603667044e-01 7.844732223300562302e-01 7.919046492276193838e-01 7.925647080315876281e-01 7.724526240995892579e-01 7.804610310473101276e-01 7.786168729119452570e-01 7.922355402012757342e-01 8.003790794706955314e-01 7.889007298170758187e-01 7.937810102921695199e-01 7.922734444859833580e-01 7.977481489471727194e-01 7.896710445351656782e-01 8.059577265022663806e-01 7.933873095650108009e-01 7.991223216648641881e-01 7.882809553517634571e-01 8.112592295618684668e-01 7.900788586013720582e-01 7.982498317362263229e-01 7.892436420269650643e-01 8.074806597302827127e-01 8.000161073780851506e-01 8.076806893734288506e-01 8.098802429988535279e-01 8.015474355899586678e-01 8.154731812703978067e-01 8.110204813975512295e-01 8.080494753958411547e-01 8.153720155103401090e-01 7.927392948863413169e-01 7.946939037500446723e-01 8.024200910229888351e-01 7.742041989628564158e-01 7.740858825092368223e-01 8.055701642380865835e-01 7.930988283034229314e-01 7.958766665323350198e-01 8.043567515354163033e-01 8.008698603379530434e-01 7.945072802284484093e-01 7.755699222113707769e-01 7.922347171888732831e-01 7.919065282288556551e-01 7.850819592323540208e-01 7.832747827136364860e-01 7.796805134223238065e-01 7.890432735287062904e-01 7.827022437568287305e-01 7.959260130222797214e-01 7.765201257139394686e-01 7.878224864508366343e-01 7.845604939544718048e-01 7.806333265171631064e-01 7.761910958728490684e-01
1.171641459547325126e-01 1.678435169989319908e-01 3.925744104175356575e-01 6.151744257735377586e-01 4.313281023678247617e-01 4.530730408319632030e-01 7.329903136539831499e-01 1.000000000000000000e+00 6.580756341299272005e-01 5.629225620513974571e-01 6.510960998809408595e-01 7.152592176581462624e-01 6.372059080875677184e-01 4.800496678366836245e-01 7.486440491347396975e-01 7.879046695803111344e-01 6.934617157642508634e-01 6.618226012914667500e-01 6.692674253713053467e-01 5.582803276742430709e-01 7.004344247023595038e-01 7.222844220541998483e-01 6.673879853065346479e-01 6.512311486947542916e-01 6.584877828061084237e-01 7.297952478586509084e-01 7.153030322018653075e-01 6.902600737547373022e-01 6.238017345873007047e-01 6.892614073502274508e-01 6.947229542020009196e-01 7.445668600340655807e-01 7.151735184706491388e-01 7.365196004813615582e-01 7.094717675011259495e-01 7.249028349605848298e-01 7.105877612657133247e-01 7.390945377401104688e-01 7.434383331086024116e-01 7.329773151936447295e-01 7.177461177622781463e-01 7.318600198975834248e-01 7.279919862859466351e-01 7.283846270405279766e-01 7.220675681416481861e-01 7.162595228882465692e-01 6.957989283091907673e-01 6.917043593691689640e-01 6.991116146579491319e-01 7.375645965979770180e-01 7.335780869682452243e-01 6.950162034643033726e-01 6.982744712365565043e-01 6.950745752729788896e-01 7.086573389534542855e-01 7.130380631369359623e-01 7.266260691371126956e-01 7.233588804074529977e-01 7.232965788900153070e-01 7.031473525470274266e-01 7.184220194573174290e-01 7.100005235917590252e-01 7.259636348059227418e-01 7.290080130618242782e-01 6.946108120706903089e-01 7.095358405168371574e-01 6.974696912113569347e-01 7.111112634617603456e-01 7.227557648552873637e-01 7.212227659845632521e-01 7.116191306312483755e-01 7.086032741068005736e-01 7.168768510891763146e-01 7.034961485987419882e-01 7.249812740795578136e-01 7.124738498295035694e-01 7.124220092527326909e-01 6.990061141892706109e-01 7.235433065219060156e-01 7.099911203924467173e-01 7.092204763306483306e-01 7.026024671597241866e-01 7.251985837476988550e-01 7.164244832970451116e-01 7.341434333697051118e-01 7.326610149303534048e-01 7.169195839561313122e-01 7.427732938070146229e-01 7.291954928664461377e-01 7.274948386409466616e-01 7.283825628643189054e-01 7.135079147836681512e-01 7.148590410405855078e-01 7.152192754388628781e-01 6.931183917537441230e-01 6.932613524091594259e-01 7.492814669310796649e-01 7.337460968221333202e-01 7.258199614021034751e-01 7.365299528400999218e-01 7.254687685840812694e-01 7.329854010805285647e-01 7.004925995090818258e-01 7.212165326024638778e-01 7.187012367497912502e-01 7.235124171350463262e-01 7.093885907841060989e-01 6.992902239084294314e-01 7.124787117012049142e-01 7.088147644263446123e-01 7.247477213030975030e-01 6.991158181582337594e-01 7.132863841007606176e-01 7.171566902104069552e-01 7.016631469642249375e-01 7.016993665887090170e-01
1.490442540925593362e-01 1.969222018794408169e-01 3.699475280496419827e-01 5.640856341945477137e-01 4.687263752107482251e-01 5.274432385117214794e-01 7.236706425639729545e-01 6.580756341299272005e-01 1.000000000000000000e+00 7.374809570349609711e-01 8.005459716736836873e-01 8.449562256155724871e-01 7.519327778622221237e-01 6.058836789047171711e-01 8.482625640882953677e-01 8.296906964396117967e-01 8.257048120894541210e-01 7.614410470418826460e-01 8.041255526080343108e-01 6.067661117448885921e-01 7.629160618890400425e-01 8.187112288132757376e-01 7.895085336618330452e-01 7.509628993996355639e-01 7.891339061383914055e-01 8.434000245615924651e-01 8.354104406835334284e-01 8.037922859453477953e-01 7.842672158736463395e-01 8.049463657985398424e-01 8.504436724028819894e-01 8.533136906733367333e-01 7.822677734946309469e-01 8.211915659360927711e-01 8.379861940049658786e-01 8.186150461369345877e-01 8.336441650477688370e-01 8.400325190463096003e-01 8.454677544375494014e-01 7.912260686678247446e-01 8.648034914697290132e-01 8.496801216492591013e-01 8.367163905940174784e-01 8.737085537168260974e-01 8.673466196871223444e-01 8.601453199609715439e-01 8.742061360230626299e-01 8.746082747842095495e-01 8.772186464752371737e-01 8.458769019242117215e-01 8.550079823624247011e-01 8.388437579834621127e-01 8.728036203661774239e-01 8.786658137287400860e-01 8.807093545482719277e-01 8.742259965781845610e-01 8.751379582718741279e-01 8.754552800537304114e-01 8.678954809258819791e-01 8.830123180290416762e-01 8.782993737731751294e-01 8.769962119004116596e-01 8.760036349552962065e-01 8.811021832365755202e-01 8.789668566534157845e-01 8.882168321528828292e-01 8.773020060806752118e-01 8.773203576782632185e-01 8.778417687840035510e-01 8.689995594974232462e-01 8.754471467937319229e-01 8.735662383317995827e-01 8.715782605855183496e-01 8.645811827896053847e-01 8.817136820059195967e-01 8.821213014003097541e-01 8.723822175546472879e-01 8.713072249745349440e-01 8.720959349863565135e-01 8.845123329149464642e-01 8.775008059803451888e-01 8.827071074875425527e-01 8.836011872601060579e-01 8.725588599757927444e-01 8.742030427184491748e-01 8.761502583214170192e-01 8.758823960302570821e-01 8.729060679115778765e-01 8.748971476373911260e-01 8.776911000857675615e-01 8.602933984477205698e-01 8.724253785569847652e-01 8.746471213089324070e-01 8.714835620478053047e-01 8.748323458859971202e-01 8.750443696788919867e-01 8.680462894057185963e-01 8.847907058305124472e-01 8.792218609975496202e-01 8.747661759265445980e-01 8.616070862579913170e-01 8.802514254033206864e-01 8.733213657520532136e-01 8.785679297927806441e-01 8.814135098412225755e-01 8.793499840569887205e-01 8.823520671112454750e-01 8.786162077847801122e-01 8.782780933217891883e-01 8.785852793727225718e-01 8.760781989878587694e-01 8.782827145566647342e-01 8.791318661279379221e-01 8.803701548102152996e-01 8.818610050363830943e-01 8.820436479790154660e-01
1.569483595730684564e-02 1.761073411680533773e-01 3.004445493533107192e-01 4.541616777573737052e-01 4.213451060254008174e-01 4.891665140313710136e-01 6.484010550489635039e-01 5.629225620513974571e-01 7.374809570349609711e-01 1.000000000000000000e+00 7.310663080811928838e-01 7.634979582538363729e-01 7.067658357472759167e-01 5.775113824217446012e-01 7.810265787143024774e-01 7.463849439664179686e-01 7.500471226626336252e-01 6.988093428219395165e-01 7.507220787238566562e-01 5.163537751950690868e-01 6.670570549926807535e-01 7.391255219719072844e-01 7.217504539873731417e-01 6.838062191240243948e-01 7.220502573669297375e-01 7.703477209808655690e-01 7.599065778649328751e-01 7.396560689572045932e-01 7.223765028294351076e-01 7.397706855983728902e-01 7.543820376817222950e-01 7.853836875803180684e-01 7.260307644295305174e-01 7.399845736321352119e-01 7.651003034287291449e-01 7.332232186093669002e-01 7.512718732029520785e-01 7.807243548852259574e-01 7.717939537249645099e-01 7.367064430996917990e-01 8.048195490186721424e-01 7.921974846502866097e-01 7.789955651209267140e-01 8.063162456217267682e-01 7.986166797042839605e-01 8.009324829595214634e-01 8.174303320555623698e-01 8.195500322132966975e-01 8.179828350080603494e-01 7.709248689591055026e-01 7.868185862917370654e-01 7.519597891879818974e-01 7.960904385573586151e-01 8.157045893929247837e-01 8.095365938366136938e-01 8.130989660642289341e-01 7.826137664255100601e-01 8.099013806813580851e-01 8.003357590832307356e-01 8.125771562673381743e-01 8.105974276528425948e-01 8.042407799179630556e-01 8.043241563854766074e-01 7.992330502315527774e-01 8.064586550983048330e-01 8.055576936429964530e-01 8.197963096473629419e-01 8.175608719568695504e-01 8.152468515861641674e-01 7.945706228018176720e-01 8.145626849347777920e-01 8.153516006689792706e-01 8.080658740770160220e-01 8.045513138435169687e-01 8.128792947333669527e-01 8.156998354497825288e-01 8.113195952349268047e-01 8.098061249864598743e-01 8.105743821518572867e-01 8.179999396273145429e-01 8.131947946799702454e-01 8.113843913442109201e-01 8.109850860647489501e-01 8.087896693849353502e-01 8.078098202975350084e-01 8.100738447945340370e-01 8.110057843140072720e-01 8.064692033169134078e-01 8.102367234880428759e-01 8.107298501029678306e-01 8.033766323147601973e-01 8.160589705780495473e-01 8.161521725766813784e-01 8.158914756380895028e-01 8.206385528372284188e-01 8.212449408485216207e-01 7.977472226545488931e-01 7.976129379720867663e-01 8.114086510023621468e-01 8.072147436330906478e-01 8.030485448987154662e-01 8.079031670293858047e-01 8.103717966015029361e-01 8.147669037821295701e-01 8.115041250793866290e-01 7.975120232429565581e-01 8.166305078833965281e-01 8.200288901039890499e-01 8.149646014231358704e-01 8.160573183269608233e-01 8.106182308524368940e-01 8.185628401153403066e-01 8.126597182786978735e-01 8.117580051546017250e-01 8.120341470220993063e-01 8.133581086055392539e-01
6.458206929325731316e-02 1.665226998055486518e-01 3.878342751157667356e-01 5.816392631471822838e-01 4.602892239299906652e-01 5.107472490207993765e-01 7.150793160804365112e-01 6.510960998809408595e-01 8.005459716736836873e-01 7.310663080811928838e-01 1.000000000000000000e+00 8.673359692479065686e-01 7.575292238618611673e-01 6.353723586786663713e-01 8.473969306528993384e-01 8.225823318763644254e-01 8.206563777648696600e-01 7.546329988545320555e-01 8.164163701804955098e-01 6.024369150691160080e-01 7.589054044827872048e-01 8.260139112545719087e-01 7.877899595050303905e-01 7.451694077193111720e-01 7.921875539104024089e-01 8.519331948985127134e-01 8.486869314154297239e-01 8.113424627559808755e-01 7.801584940088813758e-01 8.204008312517822032e-01 8.418143680161117581e-01 8.500508576749011835e-01 7.985301210186559473e-01 8.108060505229552906e-01 8.457233409833053717e-01 8.259533107855757672e-01 8.419356331021770057e-01 8.479344667307657790e-01 8.487428847904686657e-01 8.248797025585105080e-01 8.755142686427880294e-01 8.623888069217175989e-01 8.501395608963193684e-01 8.828910957454342290e-01 8.771904903307938817e-01 8.692222623266149251e-01 8.773616457205242192e-01 8.772373158263614412e-01 8.770319216252554506e-01 8.469641625913771898e-01 8.595549650824177990e-01 8.436515235046893046e-01 8.752636576537133895e-01 8.745798835056047826e-01 8.784478806739093315e-01 8.802828207989445986e-01 8.700866993141774808e-01 8.766701487364626511e-01 8.676696626761739584e-01 8.812418559648727001e-01 8.799741946935184522e-01 8.731881398388123827e-01 8.765435253642993585e-01 8.723168738922534304e-01 8.774976103334799493e-01 8.821958713119825157e-01 8.831834694147769893e-01 8.806400030554926150e-01 8.808358145864849664e-01 8.730458740690761887e-01 8.831674664221619286e-01 8.826242232530450149e-01 8.739602239128848593e-01 8.724205423215117827e-01 8.890043414258069765e-01 8.881729302775698276e-01 8.815989691112626758e-01 8.729233718096236494e-01 8.807004471845399918e-01 8.861674507929360178e-01 8.859172884831176820e-01 8.855628868176064206e-01 8.830314482129972831e-01 8.836456050739611712e-01 8.793419532266948391e-01 8.767781649362395013e-01 8.825341276987663797e-01 8.785862871070474478e-01 8.810846529651030767e-01 8.835481532671511928e-01 8.810790705243627396e-01 8.826954605821561994e-01 8.860349634655386719e-01 8.824945658652099123e-01 8.800601512208560129e-01 8.806263632297240962e-01 8.761162107465081395e-01 8.763502321565170838e-01 8.768782843746023570e-01 8.756075622563534999e-01 8.724922811520314792e-01 8.800923841887564603e-01 8.827561698955751490e-01 8.825059149090431765e-01 8.861097357760221449e-01 8.753531317489314789e-01 8.815785123563264492e-01 8.809469376605087998e-01 8.847385145218369384e-01 8.822684199409309702e-01 8.807048685827358891e-01 8.810088064045342726e-01 8.785367317821217714e-01 8.786414493124284908e-01 8.842493047484234481e-01 8.844071064718017627e-01
6.578886917184099958e-02 1.871900714257661580e-01 4.241818269123733276e-01 6.371112860688821211e-01 4.941423074329791554e-01 5.641642186554255423e-01 7.805748927264225534e-01 7.152592176581462624e-01 8.449562256155724871e-01 7.634979582538363729e-01 8.673359692479065686e-01 1.000000000000000000e+00 7.954639763005468822e-01 6.751124767501095469e-01 9.097389150822993154e-01 8.914801910287513120e-01 8.694127778680859064e-01 8.035004598627913941e-01 8.551781993937208615e-01 6.301665446288637895e-01 8.034403754064168846e-01 8.794070584688866710e-01 8.307837070114471034e-01 7.861658693676299992e-01 8.357598819988178995e-01 9.037931725684519302e-01 8.932070003739727149e-01 8.631828317705001474e-01 8.245134565984981734e-01 8.656066917024071161e-01 9.030645587306405098e-01 9.060391322541443415e-01 8.548630606004971044e-01 8.626117556176053913e-01 8.944308277885492098e-01 8.789169102362128783e-01 8.929230531771177315e-01 9.030663801945426616e-01 9.065026208016505604e-01 8.789113238470931400e-01 9.232073334710952928e-01 9.189729773488116704e-01 9.043447655040021127e-01 9.330988151326083946e-01 9.274390462030367432e-01 9.253588134171421009e-01 9.269260088589404978e-01 9.283805292205109527e-01 9.275506258784517177e-01 8.947238796120161597e-01 9.101750358925163598e-01 8.873840981247099746e-01 9.185009238177461732e-01 9.257007304193354269e-01 9.293017753517526236e-01 9.313689914071701104e-01 9.195726006949812570e-01 9.286573519203362714e-01 9.214201509173415294e-01 9.313244972009890876e-01 9.314208844001331533e-01 9.246543200188499512e-01 9.289105485568830423e-01 9.278023062344386007e-01 9.297316592568816151e-01 9.326131432494914053e-01 9.320603914381343502e-01 9.305783884346039425e-01 9.323515803668278590e-01 9.175169813319488110e-01 9.309140409844673947e-01 9.323258460244381318e-01 9.232619682504034087e-01 9.201078495686824121e-01 9.397829598186235867e-01 9.377886394166016215e-01 9.335552944161628064e-01 9.240595602061479896e-01 9.332961938388337764e-01 9.352067131250580978e-01 9.357911546454594776e-01 9.375701538345508901e-01 9.371622481968274743e-01 9.359424749525013798e-01 9.321677973864668232e-01 9.288674666629158638e-01 9.350591375224858171e-01 9.355814435751268476e-01 9.358496498929856910e-01 9.383059185165922855e-01 9.343237066748349973e-01 9.346146710417322367e-01 9.363622489285924333e-01 9.359254931720861759e-01 9.302124702716458859e-01 9.314089321814033040e-01 9.316509669917256709e-01 9.304256578470087025e-01 9.305968339779578935e-01 9.312404098095978799e-01 9.276591560862685881e-01 9.339337065382901093e-01 9.310935615890619799e-01 9.348830914250423341e-01 9.372240589544528211e-01 9.276320650154447067e-01 9.327403511245946355e-01 9.326598398389687183e-01 9.344869021126819275e-01 9.331962230478086928e-01 9.336881190518797613e-01 9.311897168850892248e-01 9.313830544282124535e-01 9.324279912093677014e-01 9.342030298316222892e-01 9.343614834730983310e-01
1.506056395416781324e-02 1.859119249829346843e-01 2.864339147323791135e-01 4.888668704911178220e-01 4.564480408207352014e-01 5.039237001746157407e-01 6.868425801998614411e-01 6.372059080875677184e-01 7.519327778622221237e-01 7.067658357472759167e-01 7.575292238618611673e-01 7.954639763005468822e-01 1.000000000000000000e+00 5.819765309287084909e-01 8.154411206587323102e-01 8.026486544021187441e-01 7.674481802969480571e-01 6.925737934293683118e-01 7.464129050009887800e-01 5.939794576896102463e-01 6.806318673161476651e-01 7.473779830439440941e-01 7.089058409506336922e-01 6.696035128953996551e-01 7.195829675979096285e-01 7.853750931716716455e-01 7.629183457986743466e-01 7.427058277766620531e-01 6.972113156633312769e-01 7.380867349397770560e-01 7.682849568601282098e-01 8.101863630785373083e-01 7.509280011419542378e-01 7.536569918745493757e-01 7.895296553320080291e-01 7.472723767024130881e-01 7.655717235038046464e-01 8.064589400429738042e-01 8.030958535350660732e-01 7.542693125072440496e-01 8.427986231475211865e-01 8.255791339070464030e-01 8.079478227962455517e-01 8.410654726017188221e-01 8.252031008221691888e-01 8.310236343835117889e-01 8.571275725241115362e-01 8.533995498873228058e-01 8.501873239628776613e-01 7.960557200043757442e-01 8.170076525118166177e-01 7.868002370716368210e-01 8.358916670864228182e-01 8.521324639518617072e-01 8.388179487461400186e-01 8.360467813791198077e-01 8.160549080040531145e-01 8.521424400869667126e-01 8.366036811408141816e-01 8.561107249645798500e-01 8.507009170396162556e-01 8.414054449498347132e-01 8.403094560411145109e-01 8.406041607541635541e-01 8.369576460098578918e-01 8.379934272185753930e-01 8.505459322325548133e-01 8.439154318402972699e-01 8.452044832811856923e-01 8.388908475814408350e-01 8.453929010129449528e-01 8.406202830403476378e-01 8.283312959647975982e-01 8.242656526355307545e-01 8.497722659274481449e-01 8.457852552024621717e-01 8.416801466043294377e-01 8.229941843041960192e-01 8.355910337910380514e-01 8.407415262151072266e-01 8.392291977035232220e-01 8.399208487306721871e-01 8.413081651612743794e-01 8.407985420955307321e-01 8.420019914134604377e-01 8.409711860397731664e-01 8.430707822934341289e-01 8.472192509932010562e-01 8.495516793260260435e-01 8.461662082483792924e-01 8.383868355546967299e-01 8.555164755226726259e-01 8.514559756826362014e-01 8.509997902978135853e-01 8.583576799823824377e-01 8.573745042289259155e-01 8.499152445953040980e-01 8.433425339571600787e-01 8.581474678451853633e-01 8.527647176471208068e-01 8.497338741354157898e-01 8.560279982937243348e-01 8.527534731985297878e-01 8.599340727319231270e-01 8.484646916312716947e-01 8.442931115929775965e-01 8.585512451037943249e-01 8.555001038762524157e-01 8.551356586472318444e-01 8.582968975141264112e-01 8.541226534825883121e-01 8.592109155293203848e-01 8.571048125050072519e-01 8.571521928194669737e-01 8.467653598931057513e-01 8.521777754775369251e-01
