1.000000000000000000e+00 1.191004250797605551e-01 3.358819982980021379e-02 2.339884249967140104e-02 -7.492563741862902534e-03 1.190049098135132800e-02 2.132409888548625343e-02 3.154558192467462469e-02 1.142512902288634058e-01 7.037670734169339248e-02 2.964457901122371369e-02 1.486174125561317248e-02 5.845261932835160712e-03 4.305405438455533161e-03 1.146926871584319843e-02 1.552584441533205913e-02 1.204752221095171938e-02 2.103309024998129342e-02 -6.718734866373964401e-03 9.417448338097229865e-02 2.688066496524437951e-02 8.843251030948965502e-03 6.720793821465155526e-02 1.813730445084495158e-02 -4.802414310127853594e-03 6.637250877753742007e-02 4.448531712812546501e-02 5.230253064593693574e-02 1.045573099551732610e-01 8.867854832297575318e-02 4.921490252362292067e-02 3.164620434495481888e-02 4.242074594730888687e-02 3.512965054671902954e-02 7.493115081415052670e-02 -1.329083376609997182e-02 1.206340696677129544e-02 1.811690493549151723e-02 1.892917044083873568e-02 -2.322975096787484664e-02 1.001862584293238337e-02 7.557479622142045106e-03 -2.311166913589308286e-02 1.685443740488381777e-03 1.827653411982688245e-03 7.180576599350639577e-03 8.062636384233920483e-03 2.069142827286541558e-02 1.426744450303321816e-02 1.661746517757516431e-02 5.787671734713000816e-03 -1.772922933449441740e-02 6.972486907681815956e-03 3.435350431989721287e-02 3.393417302388780643e-02 2.357922772189579783e-02 3.476811276398014683e-02 6.529233408911389730e-03 1.889881201492374721e-02 1.402009277512709755e-02 2.168337346302927522e-03 2.443522494949496027e-02 8.040793667239908363e-03 2.469423193217550397e-02 1.841065656320313090e-02 3.002547709264066431e-02 1.262365453736788608e-02 1.880556725994323060e-03 3.201263487140043607e-02 2.776420350268561654e-02 -3.348096874945681502e-03 7.378816823506332417e-03 7.233611900611868969e-03 -2.613884288199709669e-03 1.708949167740491520e-02 2.154385149420779896e-02 1.980203799056012154e-02 3.850677669950335058e-02 1.331110088421415781e-02 4.142092958260144148e-02 2.324760137592390627e-02 2.125496199368673289e-02 2.294239666396341235e-02 2.605246997198847059e-02 1.166222387896261904e-02 1.351053810003466187e-02 -1.775511279774700168e-03 9.656800683132087245e-04 4.079971347059330004e-03 2.330061823915004389e-03 -7.906819919038169178e-03 -7.634096407497407500e-04 -3.461519655830359778e-03 1.787741931974698288e-04 4.323176760189623678e-03 1.109599644757473282e-02 -1.574961230530792788e-02 1.545387202398762483e-02 -2.048642211157259037e-03 -6.029969441489368325e-05 -1.152609696502298817e-02 5.463896698238935624e-03 1.369806836166385369e-03 -1.130981537446465023e-03 -7.659575782949404159e-03 2.105152523766557274e-02 2.224954197265718164e-02 1.350628761690113484e-02 1.033558646709477682e-02 4.952743928134713085e-03 -3.343412276335288019e-03 9.092495694800075898e-03 6.921291204798207461e-03 8.739851045967689594e-03 1.002729546914404683e-02 1.520857069138042798e-02
1.191004250797605551e-01 1.000000000000000000e+00 7.461151214307439050e-02 9.756490066278973583e-02 6.186325057747179418e-02 1.164716317510701427e-01 1.720804143666531394e-01 1.507042872967943870e-01 2.234162920410200925e-01 2.127143100176868695e-01 1.371481629633462540e-01 1.458676195679222687e-01 1.270564532982944028e-01 1.139328829923898223e-01 1.633619773054991731e-01 1.545823052859342794e-01 1.519641156879859289e-01 1.300079447268391308e-01 1.174141672745994819e-01 1.597964297533202849e-01 1.317282961055731283e-01 1.214278127354071202e-01 1.513520976750130642e-01 1.313339748623910674e-01 1.219812495514597112e-01 1.594496390513030215e-01 1.754122970403806936e-01 1.510410550884090652e-01 1.894690599726272795e-01 1.965971244427979492e-01 1.752302214745858344e-01 1.701382914184380035e-01 1.568575156572536988e-01 1.575223447267170285e-01 1.710635699260302789e-01 1.191066333172853126e-01 1.480894237421505610e-01 1.601233578989179618e-01 1.523007349928534870e-01 1.064293767948185226e-01 1.560075277194848953e-01 1.482887193085064004e-01 1.208798832281686025e-01 1.519438999429729986e-01 1.438178657865520627e-01 1.457893012056621918e-01 1.605696041639167737e-01 1.802188488567415814e-01 1.693250847392993030e-01 1.469448552633647320e-01 1.484704552368462382e-01 1.098415277765360382e-01 1.480467426359743377e-01 1.758451829755182938e-01 1.670063669672622042e-01 1.600775848166405280e-01 1.595746188896227102e-01 1.588907042086344368e-01 1.707565070005817309e-01 1.654358679105435437e-01 1.496537184553584088e-01 1.685362460650140781e-01 1.463701351476614787e-01 1.516306044388409380e-01 1.569459972751131305e-01 1.629422249121878497e-01 1.666852834315772636e-01 1.602218233173137441e-01 1.732765886011854994e-01 1.716886171906342184e-01 1.494036166392698761e-01 1.555509662608841603e-01 1.635888226877544871e-01 1.516902435468926447e-01 1.586353451115675162e-01 1.607686111110376848e-01 1.622565182852083454e-01 1.739953250074032509e-01 1.661384856873154015e-01 1.775402204896314728e-01 1.678965884180208257e-01 1.683811500044896659e-01 1.598095303213565577e-01 1.688649564278667248e-01 1.534750458508154503e-01 1.623867841250307975e-01 1.519620636613235598e-01 1.574579808702341321e-01 1.567765803762231624e-01 1.547593711558269136e-01 1.442316242232364876e-01 1.538158899328644913e-01 1.492662962091743650e-01 1.557874742399509849e-01 1.645921016145830418e-01 1.680336579189379564e-01 1.314485966993906851e-01 1.433460859279567234e-01 1.501053465331980696e-01 1.525009293459851367e-01 1.433101614385063061e-01 1.479053679577437552e-01 1.481824310212649654e-01 1.530431431930883157e-01 1.367892264085960596e-01 1.552430201829105294e-01 1.671092443999567245e-01 1.674759061816316341e-01 1.610361146976909130e-01 1.611408796155693601e-01 1.574548982264933061e-01 1.620280474407489735e-01 1.608508210158546003e-01 1.516682203300953879e-01 1.592575583910701698e-01 1.603501020741437688e-01
3.358819982980021379e-02 7.461151214307439050e-02 1.000000000000000000e+00 3.321788736047483481e-01 2.179332510108276666e-01 2.397186975404075326e-01 3.410570270653954794e-01 3.331892579285457567e-01 3.478179360124677988e-01 3.022058237011293058e-01 3.635160164423451024e-01 3.661195472141237639e-01 3.183249029192660728e-01 2.872104206327251719e-01 3.671048087608422272e-01 3.589280857080233700e-01 3.554390111475409508e-01 3.714854988817579140e-01 3.795540952406513679e-01 3.053309797278607740e-01 3.669168410072167763e-01 3.706447878648843064e-01 3.835652259855202306e-01 3.732941723072104034e-01 3.776409587798112422e-01 3.800379457055586552e-01 3.759464347848653909e-01 3.830870668056921002e-01 3.781235940492063685e-01 3.664270530518313751e-01 3.862914486638695521e-01 3.988475162819273279e-01 3.875760581667223037e-01 4.118704363728715179e-01 3.897081795800774739e-01 3.853428709344641767e-01 3.923390133573983474e-01 3.866424120303187384e-01 3.868885137096994553e-01 3.884410648220678608e-01 3.718491804387812905e-01 3.819684607003786536e-01 3.810211995667242002e-01 3.716025585088400529e-01 3.777770798922699957e-01 3.773287221655189927e-01 3.592078857818648552e-01 3.623941803674069484e-01 3.607920513859498857e-01 3.835278471978489367e-01 3.814104094389045851e-01 3.635744618499561209e-01 3.584283368956371341e-01 3.550219216371963138e-01 3.560316175988790799e-01 3.765421486460470146e-01 3.508720997515478168e-01 3.659478935831344537e-01 3.617326783334767759e-01 3.647295189488540812e-01 3.660753819278727561e-01 3.591537028876158333e-01 3.572871758082850069e-01 3.607156624886724838e-01 3.576756051398094494e-01 3.576895268111364157e-01 3.710919374583016017e-01 3.899481870412986328e-01 3.920287748119158366e-01 3.755753574650381177e-01 3.823317924557564362e-01 3.797654445266729351e-01 3.951779501664818839e-01 3.882088436214351512e-01 3.801374652948682487e-01 3.747682122349708100e-01 3.757435710980708832e-01 3.747126537690351200e-01 3.767655269463222045e-01 3.683190555194956195e-01 3.835424401592053001e-01 3.745813397247238496e-01 3.857812304627302180e-01 3.760405780097362816e-01 3.909492972930477817e-01 3.901821456769316576e-01 3.830423031755344487e-01 3.817688586409792584e-01 3.808376116953268165e-01 3.763297146592629039e-01 3.858168110773267379e-01 3.737789175311491130e-01 3.751678445790915251e-01 3.747306635670021313e-01 3.628896350924999403e-01 3.638672972766782698e-01 3.767903857239877641e-01 3.617004767995951608e-01 3.680990710334757776e-01 3.791979427969384697e-01 3.745144453944057594e-01 3.651948282708140092e-01 3.630178460825760345e-01 3.736180256620184048e-01 3.763145002365404501e-01 3.568541748216811360e-01 3.625929123037648361e-01 3.657439190672310270e-01 3.686069445607141337e-01 3.641741878845278779e-01 3.689317975925884840e-01 3.635253712456295028e-01 3.607484217960958972e-01 3.679907516939883716e-01 3.643842379908847073e-01 3.600131371997362106e-01
2.339884249967140104e-02 9.756490066278973583e-02 3.321788736047483481e-01 1.000000000000000000e+00 3.463648703897862502e-01 4.308432355324381957e-01 5.531660305715232484e-01 5.560710304028867457e-01 5.648038585079299123e-01 5.239804949702324688e-01 5.908704698454523285e-01 6.246921708263892814e-01 5.441689373916487327e-01 5.353603802887244578e-01 6.364505053010670599e-01 6.186188164366955844e-01 5.921401560121622998e-01 5.717573698438305208e-01 5.978793879203118111e-01 5.034683851925703113e-01 5.843924308552518321e-01 6.160443870419736179e-01 5.962369595659160471e-01 5.740580896877572892e-01 5.901053821970745350e-01 6.381595418667210806e-01 6.391544439230320007e-01 6.300043711896308185e-01 6.244419266866060303e-01 6.262659019322347476e-01 6.470689437092407292e-01 6.395681070999423845e-01 6.171533674555029769e-01 6.491691511519229740e-01 6.138348534502682252e-01 6.488925606063697948e-01 6.461131387454059904e-01 6.418224787368925766e-01 6.521133921734584282e-01 6.393376429611751233e-01 6.424989985862521458e-01 6.475585744675871336e-01 6.490738830478482990e-01 6.460912515208564466e-01 6.509866806657365057e-01 6.425422705203702733e-01 6.322374910719811281e-01 6.361848405274522777e-01 6.352849650307277329e-01 6.353186378562365455e-01 6.416289102550221113e-01 6.287530108803014439e-01 6.359844796669683609e-01 6.367873304765155895e-01 6.313549688604100929e-01 6.466349384286194102e-01 6.304486515830849402e-01 6.431335520197271061e-01 6.293573467662996190e-01 6.381385834653297007e-01 6.425903696840737922e-01 6.376322019056905877e-01 6.359053068396910424e-01 6.343424315806455160e-01 6.336643592584314533e-01 6.389752975310500904e-01 6.417145030271398376e-01 6.544453503566196595e-01 6.518098588631618950e-01 6.427102061854583770e-01 6.496405606599866545e-01 6.478923326812529027e-01 6.488342419588882803e-01 6.457954706331079375e-01 6.538745770022627024e-01 6.481900131351653327e-01 6.441599597574473313e-01 6.434978818833905212e-01 6.398797055738273398e-01 6.410915946619584194e-01 6.474229192571456792e-01 6.476815834930250704e-01 6.591972850717355836e-01 6.460333153631868663e-01 6.530642907806446518e-01 6.564114305771546753e-01 6.502628357185478158e-01 6.499896916728226115e-01 6.508707817404083551e-01 6.524219867164686715e-01 6.513672036393065579e-01 6.490473527418187949e-01 6.473456152186234380e-01 6.453693192995706429e-01 6.358414409061775574e-01 6.372443743956011097e-01 6.535551459513913031e-01 6.392471649988863414e-01 6.455290895991085964e-01 6.475377324503086562e-01 6.523631539502227072e-01 6.438342770315271801e-01 6.405253700185826737e-01 6.467070466856075228e-01 6.509935407426398202e-01 6.428045567612353794e-01 6.392043986318244331e-01 6.413032247242163031e-01 6.467412571998594206e-01 6.407680259657073663e-01 6.440490384186517980e-01 6.405176666249184914e-01 6.400361402327751081e-01 6.438346873305296203e-01 6.375994047822887145e-01 6.396760609394104291e-01
-7.492563741862902534e-03 6.186325057747179418e-02 2.179332510108276666e-01 3.463648703897862502e-01 1.000000000000000000e+00 3.202196758316918079e-01 4.700376026622566927e-01 4.560722398687474533e-01 4.595246678646109917e-01 3.970623533004398187e-01 4.713652293353530198e-01 4.970456463408515213e-01 4.589121086271339411e-01 4.248358477735742489e-01 5.105950730052318809e-01 5.084206576129483013e-01 4.615495456415731335e-01 4.249765334204902989e-01 4.700945270800703235e-01 4.041602294572321230e-01 4.414994824585055100e-01 4.820201071714760310e-01 4.754082116760870447e-01 4.273551624673022631e-01 4.614323196009498806e-01 5.127422987325220838e-01 5.009773512212893909e-01 5.037079948433922372e-01 4.901517258996743731e-01 4.926936282733160866e-01 5.067698774550903895e-01 5.000004340736123876e-01 4.715015097487641471e-01 4.893434896019893676e-01 4.682819163770383097e-01 5.085263105026706087e-01 5.145777239916548007e-01 5.016452831490505471e-01 5.113976915725876315e-01 5.065310223613298524e-01 5.094164402736878206e-01 5.175781328310016249e-01 5.217404495444343260e-01 5.165533642065579523e-01 5.140294144981182312e-01 5.123405602068642484e-01 4.992223396175208272e-01 5.047510149351105424e-01 4.992198595265378014e-01 5.076526321468584069e-01 5.075757478251403665e-01 5.074537956718493392e-01 5.102301351870723867e-01 5.033335701344388013e-01 5.018393319304834677e-01 5.160910354674428380e-01 5.013998444246405839e-01 5.107684773928102828e-01 4.992872064313439995e-01 5.125858364628682606e-01 5.155880286672371859e-01 5.070377066253226594e-01 5.044629524248004371e-01 5.093613454783795236e-01 5.073454968810040544e-01 5.079103016986813435e-01 5.060999332357778435e-01 5.102894804885941271e-01 5.109839732268467438e-01 5.088633805639912744e-01 5.083892760242076925e-01 5.132359318215420352e-01 5.018485279599205207e-01 5.078657154455902267e-01 5.175712834330430390e-01 5.126249179287969415e-01 5.121138831969687111e-01 5.091301966102119714e-01 5.097710253049061446e-01 5.050518931614715878e-01 5.125435156667268455e-01 5.086260603196257613e-01 5.162161248660919188e-01 5.049733625867136588e-01 5.052582920840977820e-01 5.085641412238259829e-01 5.124757211882042807e-01 5.115725052412283258e-01 5.116551493365711911e-01 5.189353672179876087e-01 5.123449789971319390e-01 5.152719200133119015e-01 5.166252806453539570e-01 5.134992025518099190e-01 5.044211347286700065e-01 5.071951155604529360e-01 5.134000522125594657e-01 5.093959943954554648e-01 5.142045033675956001e-01 5.132475710504799116e-01 5.162113637664593746e-01 5.099080822637652721e-01 5.124913242509804290e-01 5.162666918340963473e-01 5.176154125283628504e-01 5.090341609347941443e-01 5.082851588488105365e-01 5.115784357362623824e-01 5.141780561942812522e-01 5.133709528894673246e-01 5.118022620096059905e-01 5.123745066547268356e-01 5.103907766597087781e-01 5.121817841648911296e-01 5.098075451154937543e-01 5.103869833376172283e-01
1.190049098135132800e-02 1.164716317510701427e-01 2.397186975404075326e-01 4.308432355324381957e-01 3.202196758316918079e-01 1.000000000000000000e+00 5.516720412631954673e-01 5.224937821848717467e-01 5.442522493219116297e-01 5.073494594186488404e-01 5.628308222517206527e-01 5.989349249953640486e-01 5.251908556602490341e-01 5.174928183399392090e-01 6.163829159535957336e-01 5.893887008758038615e-01 5.666373961905408763e-01 5.009524142278661829e-01 5.497193439673591087e-01 4.375707836976739373e-01 5.043032148141716187e-01 5.595632113558504095e-01 5.246688926023822530e-01 4.928344795537275003e-01 5.355376221510228518e-01 5.754917497527366477e-01 5.817575450311954777e-01 5.922407742608415404e-01 5.825472311378533385e-01 5.821453313705762245e-01 6.096043593916240511e-01 6.002221484456146117e-01 5.815162572817758058e-01 5.870262796284367868e-01 5.751971101243403828e-01 5.920111191735283329e-01 6.101146999553490602e-01 6.128344273258828911e-01 6.226695848579691939e-01 5.930435209179526490e-01 6.160051736369734909e-01 6.194628621479002506e-01 6.158386227686817316e-01 6.199153463609319292e-01 6.153850774440904337e-01 6.166406012437175566e-01 6.114894865624724840e-01 6.161340109941368937e-01 6.155616469552924741e-01 6.058272037979262059e-01 6.149201397471572017e-01 5.852312760007681858e-01 6.082322562682811462e-01 6.085994755531719536e-01 5.930473733947659865e-01 6.078750094214623312e-01 5.948587813464814023e-01 6.141155732391772037e-01 6.076426955234721650e-01 6.147179440438547138e-01 6.160474520409745525e-01 6.132609564907260946e-01 6.074172420505903336e-01 6.144111479497125217e-01 6.099331660988112080e-01 6.121329542303599602e-01 6.187620486610084791e-01 6.174004411623749133e-01 6.120558081485490964e-01 6.030601867876517197e-01 6.153524048997220941e-01 6.192154121516206811e-01 5.973629854840039055e-01 6.084942618148955207e-01 6.165799948799329799e-01 6.199974088689990115e-01 6.212029826491325402e-01 6.153380291151911985e-01 6.156453572387815543e-01 6.115034466819283532e-01 6.181614531473251795e-01 6.179798629418795652e-01 6.162621901952427539e-01 6.203492191559725200e-01 6.180781100783915294e-01 6.164130945394222794e-01 6.235412441639808234e-01 6.227500308360651715e-01 6.238773488673868828e-01 6.160049215563239144e-01 6.237545741178653902e-01 6.240195248538313866e-01 6.220380969795018533e-01 6.256566745125704543e-01 6.173828303719351984e-01 6.195173087605514439e-01 6.141550714102209652e-01 6.024789396670570119e-01 6.152799567153145466e-01 6.197192016812665960e-01 6.209415812423829673e-01 6.118065324222918822e-01 6.186814075786198908e-01 6.202372253393561019e-01 6.177744791444396144e-01 6.026445432123131996e-01 6.133887244580253917e-01 6.178172432631862110e-01 6.154860647258539874e-01 6.166206124433635249e-01 6.181708040931443993e-01 6.167077196166738107e-01 6.162949185484788428e-01 6.165992120579468772e-01 6.187036950009858760e-01 6.127005997130493542e-01
2.132409888548625343e-02 1.720804143666531394e-01 3.410570270653954794e-01 5.531660305715232484e-01 4.700376026622566927e-01 5.516720412631954673e-01 1.000000000000000000e+00 7.105637092613352745e-01 7.499981755843284636e-01 6.932819383147817982e-01 7.595590776257777899e-01 7.977529333302408876e-01 7.162572789606128643e-01 6.898818339664593013e-01 8.413249675185827670e-01 8.069342491012486684e-01 7.538013049986963532e-01 6.682571435004330818e-01 7.267771905713155123e-01 6.459092346640630256e-01 6.631413257745524259e-01 7.376629300656468713e-01 7.310759940050339800e-01 6.606469864141529813e-01 7.073138851266764782e-01 7.985845243946969596e-01 8.015388664271815289e-01 8.098755041678351585e-01 7.961514176215948035e-01 7.953178642119831387e-01 8.283812589810950477e-01 8.105864271972357260e-01 7.747690517669889587e-01 7.888976483836052100e-01 7.828669297944090832e-01 7.990768306411972777e-01 8.223580949789686123e-01 8.169649127432684343e-01 8.303180961822456130e-01 8.020589031157908666e-01 8.263757872012992278e-01 8.331698049963799368e-01 8.261983315474349387e-01 8.356626926075725326e-01 8.261050027609732060e-01 8.317954027463114741e-01 8.194670163757440395e-01 8.254660994282906339e-01 8.216171578247961627e-01 8.120305584377143227e-01 8.264563001375475615e-01 7.872179767787212956e-01 8.147672851697398411e-01 8.201558207045779314e-01 8.064946031678867921e-01 8.272132135236665018e-01 8.035764584683586786e-01 8.248807533599411546e-01 8.130213804720785031e-01 8.282568599807007548e-01 8.236937520681175684e-01 8.222843743883947454e-01 8.122812187358765534e-01 8.229677219091753315e-01 8.182703353379559008e-01 8.219108379751591809e-01 8.256356292095756721e-01 8.220377428010512411e-01 8.311004682757336948e-01 8.205908862433552997e-01 8.126253035136088432e-01 8.261850300669019154e-01 8.045215748126290922e-01 8.113080857525060141e-01 8.318722235055510117e-01 8.343270267271077900e-01 8.351252026297191211e-01 8.268038869695572002e-01 8.339276681264222724e-01 8.217531309636496584e-01 8.320259941469231313e-01 8.322837919795330608e-01 8.325015572461970104e-01 8.286090811786532839e-01 8.284673632599034443e-01 8.259109245363625007e-01 8.331652104631183109e-01 8.351917428751225447e-01 8.330623841148993014e-01 8.328454989164820743e-01 8.369015643951362993e-01 8.351745604288847158e-01 8.324621509061235214e-01 8.349804166578281839e-01 8.260123129565601907e-01 8.267481611780759243e-01 8.231028554317401102e-01 8.154601306635732572e-01 8.260611096311939461e-01 8.304873915956276775e-01 8.300454105286177997e-01 8.235265993413807273e-01 8.255396260296172795e-01 8.293047369549197967e-01 8.255288894648300513e-01 8.129030101616724346e-01 8.246141506115067799e-01 8.296246530964760391e-01 8.295901034768737858e-01 8.259024448182248346e-01 8.287167718669877781e-01 8.278284849419861313e-01 8.258721936738642189e-01 8.276093341038057716e-01 8.253019123516945887e-01 8.231927887533410093e-01
3.154558192467462469e-02 1.507042872967943870e-01 3.331892579285457567e-01 5.560710304028867457e-01 4.560722398687474533e-01 5.224937821848717467e-01 7.105637092613352745e-01 1.000000000000000000e+00 7.371195545608923982e-01 6.729889679578012762e-01 7.487725773980566935e-01 7.854931583044224563e-01 7.088343452542248402e-01 6.914101259590018644e-01 8.020721186903503330e-01 7.992607242715199511e-01 7.311485655262524030e-01 6.450703652662443943e-01 7.063146110397061639e-01 6.024417855452622872e-01 6.483245326390481011e-01 7.256344185450805950e-01 6.943924320261455341e-01 6.341913750311167774e-01 6.811874771010791862e-01 7.762563049605515353e-01 7.784547296635297986e-01 7.710057033692406803e-01 7.719001700952906608e-01 7.735530617620238747e-01 7.991311387111852405e-01 7.784206472188157644e-01 7.520216831216256503e-01 7.700363741646482074e-01 7.664202531816598496e-01 7.772629998305744525e-01 7.873645686266321775e-01 8.001433916679738800e-01 8.051751446671987500e-01 7.817390879520457192e-01 8.029993346039102642e-01 8.139936053516453329e-01 8.027443681438217737e-01 8.111283575917138666e-01 8.003720949500366943e-01 8.047877617403557116e-01 8.043078877815965644e-01 8.059623934153782310e-01 8.020802334219725438e-01 7.934019948284642965e-01 8.066808753272692867e-01 7.641523785755822695e-01 7.898342139171528054e-01 8.051231104979018616e-01 7.983724387993236249e-01 8.084930661368265881e-01 7.962465665639227863e-01 8.091250169320389762e-01 8.040233136856977936e-01 8.072151063315616826e-01 8.097131457815002209e-01 8.058526649814986564e-01 8.019572061532654894e-01 8.073552136198309803e-01 7.974541264234377147e-01 8.011709706981958723e-01 8.070599343529064607e-01 8.000033943947066906e-01 8.025000670569630845e-01 7.962084435600815802e-01 7.932307746965839845e-01 8.016267335075194511e-01 7.805305285982584440e-01 7.868836182052181272e-01 8.098456774563066451e-01 8.064231661750397295e-01 8.064771025651897851e-01 8.051299049707306699e-01 8.060591832030284953e-01 8.066011096762979449e-01 8.059509806399530740e-01 8.081892977648332810e-01 8.118717234323641341e-01 8.052538514922782387e-01 8.052816936827271732e-01 8.055220075362732324e-01 8.062257588334887926e-01 8.113540013152500396e-01 8.090139325006251436e-01 8.117557121030845035e-01 8.071353360365172147e-01 8.096778868462843892e-01 8.079988669125096612e-01 8.100075000686202120e-01 8.064782982978708770e-01 8.077487770395436195e-01 8.093841188072399273e-01 8.019644508350742829e-01 8.105815649977607951e-01 8.102454105107740334e-01 8.094566339753395123e-01 8.102328342387231652e-01 8.021944412140272762e-01 8.110312882255554801e-01 8.054904169415260107e-01 8.060256652049790915e-01 8.089385799625314899e-01 8.110731178408699948e-01 8.119411710353114930e-01 8.104409838018652446e-01 8.123553486338565000e-01 8.081075828529947769e-01 8.102509683750858116e-01 8.127003729711550495e-01 8.042073773535817205e-01 8.055975794303918969e-01
1.142512902288634058e-01 2.234162920410200925e-01 3.478179360124677988e-01 5.648038585079299123e-01 4.595246678646109917e-01 5.442522493219116297e-01 7.499981755843284636e-01 7.371195545608923982e-01 1.000000000000000000e+00 7.507339279289633183e-01 8.002573363191708422e-01 8.301155078846675917e-01 7.512380224537196227e-01 7.294911895259368340e-01 8.481833198660092554e-01 8.388726679812001930e-01 7.816969352789300274e-01 6.846278044212452674e-01 7.478864165921423890e-01 6.942203368888077986e-01 6.789765184534228837e-01 7.530168272832958865e-01 7.562856303205703901e-01 6.686921832061826221e-01 7.109366581359760628e-01 8.424678496731096145e-01 8.332662835189595940e-01 8.296091838578142363e-01 8.501453643208086719e-01 8.686799305206773791e-01 8.741293648173555919e-01 8.426587575519470796e-01 8.069978552741263744e-01 8.129683517395235315e-01 8.414223022145219666e-01 8.084855720692155634e-01 8.498368412403138894e-01 8.531888353418606297e-01 8.597691263616341617e-01 8.053348995644538100e-01 8.648572197080881541e-01 8.566074873675869616e-01 8.297006571743604786e-01 8.598276230636479056e-01 8.492255792154982386e-01 8.552975676757219592e-01 8.688164220938299209e-01 8.743945675517977856e-01 8.683526057645442053e-01 8.502260307564617481e-01 8.618132951366456185e-01 8.039920095825991986e-01 8.541800869682202313e-01 8.740910405607041911e-01 8.578278167790825970e-01 8.620564432592825455e-01 8.569081029744894940e-01 8.629402779707305848e-01 8.670248270039973004e-01 8.703461211016554344e-01 8.641025351504070251e-01 8.702936245317457464e-01 8.562773672498631417e-01 8.673767976393639278e-01 8.630760161967625521e-01 8.687881245118131979e-01 8.680844694826079788e-01 8.528687343117102859e-01 8.691648604775853437e-01 8.668122997999865298e-01 8.380643927708447682e-01 8.589683056070595013e-01 8.310715285065839453e-01 8.352217742246229593e-01 8.711513076624906038e-01 8.701230543720934740e-01 8.716727369687139459e-01 8.767534731604201825e-01 8.629959658981835036e-01 8.806830684627038330e-01 8.731718770659576689e-01 8.756226050175388576e-01 8.658240182551654174e-01 8.718814445797195001e-01 8.578191458638926292e-01 8.592441490824735961e-01 8.597070212317174942e-01 8.646141141517807993e-01 8.647457491759478199e-01 8.559830600492291941e-01 8.551159773876687575e-01 8.636814552872942308e-01 8.611882757257336429e-01 8.638451731105478704e-01 8.671581529993162007e-01 8.708013432910611806e-01 8.464196913764969743e-01 8.554636703995979197e-01 8.623122717958671135e-01 8.640981694079635789e-01 8.558961357264002201e-01 8.628217590508205914e-01 8.612757007490438044e-01 8.637869853648006968e-01 8.521057308321374757e-01 8.587161122544496594e-01 8.728614346975420712e-01 8.729264898518189764e-01 8.652060402278128892e-01 8.673656630356638697e-01 8.621025521368823608e-01 8.707570646107870571e-01 8.668230910413805557e-01 8.658153682470127732e-01 8.661681006287493823e-01 8.675179386494021871e-01
7.037670734169339248e-02 2.127143100176868695e-01 3.022058237011293058e-01 5.239804949702324688e-01 3.970623533004398187e-01 5.073494594186488404e-01 6.932819383147817982e-01 6.729889679578012762e-01 7.507339279289633183e-01 1.000000000000000000e+00 7.347654742705670428e-01 7.688988659018146654e-01 7.124578262237414306e-01 6.752593839285038202e-01 8.008774631140895828e-01 7.833026894120267425e-01 7.301638020116140160e-01 6.258212010499967226e-01 6.829639848381735545e-01 6.146109249112805539e-01 6.316211710714776384e-01 6.963095137367298904e-01 6.781480675844216988e-01 6.149973787856067853e-01 6.565868174559301718e-01 7.652992014579064195e-01 7.683873427591997318e-01 7.672436992923745702e-01 7.777830977613555685e-01 8.004646358889935254e-01 8.120123829331375997e-01 7.871758680118360330e-01 7.550303645122909968e-01 7.550848211478691230e-01 7.822862757575936854e-01 7.457109335884578583e-01 7.822362921665256819e-01 7.971275957704261339e-01 8.054894350352591603e-01 7.475296006709873931e-01 8.077727505058455160e-01 8.044494930090619889e-01 7.774028521088763855e-01 8.040979656906146467e-01 7.906878438776436813e-01 8.034452819626340947e-01 8.152283561385929023e-01 8.260186916592906492e-01 8.120710878232403340e-01 7.836680197952700100e-01 8.038824143994367510e-01 7.371359130913957003e-01 7.969216123268345608e-01 8.198218090200217745e-01 7.976323930752632352e-01 8.045827576350471633e-01 7.876014147613102923e-01 8.135824630897429133e-01 8.114217994860545291e-01 8.190259493505875898e-01 8.038791346936855486e-01 8.154856986168356192e-01 7.982950378205673214e-01 8.065299033084378788e-01 8.075515414316219998e-01 8.071114354987390938e-01 8.192933623489437878e-01 8.035765275761457271e-01 8.114242693810258533e-01 8.057685065070330221e-01 7.895109104752578988e-01 8.060978489173897810e-01 7.788202901451227733e-01 7.828866568253453062e-01 8.112465616333240925e-01 8.169578670957720057e-01 8.194603234558783811e-01 8.214748682604758878e-01 8.147833646375607364e-01 8.218238252102636476e-01 8.197637270775174345e-01 8.236473536923130112e-01 8.073048403866488476e-01 8.209452639946916985e-01 8.079174507091699819e-01 8.075327579614532958e-01 8.086892969172844170e-01 8.143071840891805691e-01 8.160601878315774105e-01 8.058244303506231221e-01 8.058186729200869092e-01 8.146006869039721376e-01 8.109674940250019004e-01 8.161563189337647239e-01 8.196513959722196985e-01 8.215249433782696453e-01 7.880349630825240759e-01 7.900387798507634285e-01 8.077973984707135235e-01 8.110369592346657885e-01 8.049963641461588271e-01 8.080900752976686308e-01 8.096935855861203679e-01 8.113104861789988131e-01 7.978264434200089683e-01 7.940777240681985427e-01 8.159261422141290687e-01 8.217233102579225568e-01 8.135016148791003321e-01 8.151039614575948944e-01 8.125671867503547752e-01 8.179167501693316300e-01 8.144112709358874991e-01 8.121025849212152314e-01 8.156888880701314015e-01 8.110583823698679362e-01
2.964457901122371369e-02 1.371481629633462540e-01 3.635160164423451024e-01 5.908704698454523285e-01 4.713652293353530198e-01 5.628308222517206527e-01 7.595590776257777899e-01 7.487725773980566935e-01 8.002573363191708422e-01 7.347654742705670428e-01 1.000000000000000000e+00 8.646772695298544642e-01 7.742451460189927470e-01 7.585824894256679718e-01 8.708575400661598964e-01 8.550299502756389947e-01 8.001677235703829050e-01 7.206178461232527477e-01 7.862050093767962711e-01 6.873353237807384719e-01 7.255528699135276316e-01 8.013318337769048672e-01 7.782498969830726754e-01 7.079919134942850301e-01 7.636249359743272347e-01 8.556806521659895415e-01 8.506755658826973265e-01 8.518714714327796367e-01 8.519791811206594012e-01 8.629116601397494035e-01 8.979170516903174359e-01 8.698361828422903619e-01 8.410636786567723400e-01 8.561248551837035148e-01 8.480473929755995011e-01 8.641611859810937046e-01 8.827178889646452031e-01 8.862574085983258021e-01 8.926578646862279864e-01 8.607837381801874965e-01 8.902431669764636624e-01 8.929253596794215486e-01 8.783379275714380263e-01 8.925350476758661111e-01 8.867364328495511705e-01 8.888213511003245637e-01 8.904702249113423118e-01 8.920707451981916281e-01 8.892207005065524417e-01 8.798583119570000388e-01 8.925145762906642188e-01 8.523213420289360576e-01 8.822199357121564001e-01 8.869499868578186730e-01 8.734363490486324322e-01 8.896966190444296485e-01 8.736221623277784509e-01 8.883959695373696563e-01 8.847743442237511191e-01 8.943299409338405503e-01 8.932931401505469493e-01 8.888777193495278617e-01 8.805052330018277029e-01 8.915787992852559629e-01 8.875369797234270441e-01 8.883569964584996370e-01 8.936102606198332854e-01 8.902590827658958261e-01 8.954543666589939166e-01 8.894892120028243809e-01 8.796265501535383002e-01 8.924941128189071149e-01 8.693052949517285910e-01 8.741812202232733808e-01 8.985239343288397018e-01 8.972082309916981080e-01 8.948468173271338921e-01 8.950183425362908674e-01 8.915730554022266441e-01 8.942835897414248558e-01 8.986708177859236146e-01 8.973731870621838302e-01 8.983528086652344813e-01 8.973121345092758272e-01 8.968946992367288207e-01 8.956248363631589271e-01 8.975420623833392231e-01 8.992663521369518298e-01 8.989269392006887793e-01 8.918127893643171822e-01 8.964993198642927652e-01 8.961698172738379320e-01 8.965099889782888187e-01 8.968482519907445827e-01 8.940150412019618464e-01 8.954413206910666334e-01 8.911701924938520980e-01 8.845742520358300665e-01 8.950277524375822580e-01 8.973517834982742691e-01 8.962940830448280494e-01 8.930053233998312967e-01 8.917332614987210082e-01 8.974348315824584033e-01 8.936600610367756437e-01 8.845936310525541746e-01 8.938827519550645029e-01 8.970879814335435132e-01 8.944940647370898112e-01 8.938172725274904362e-01 8.934148340372162211e-01 8.956492260252255644e-01 8.927351613387607410e-01 8.965412924680263851e-01 8.940428699530568180e-01 8.916217080731067002e-01
1.486174125561317248e-02 1.458676195679222687e-01 3.661195472141237639e-01 6.246921708263892814e-01 4.970456463408515213e-01 5.989349249953640486e-01 7.977529333302408876e-01 7.854931583044224563e-01 8.301155078846675917e-01 7.688988659018146654e-01 8.646772695298544642e-01 1.000000000000000000e+00 8.117152203188399140e-01 7.868354031125766035e-01 9.151965009920376426e-01 9.030446629313166884e-01 8.385633386993859295e-01 7.514630507428758932e-01 8.165448762197671240e-01 7.105499643602481985e-01 7.594176461770074660e-01 8.358911315777747264e-01 7.989639311139761224e-01 7.368230216350772910e-01 7.902662060067257022e-01 8.885161236440799470e-01 8.928618949936557581e-01 8.894745741238417880e-01 8.790772480837746317e-01 8.983060302685761389e-01 9.305571862340796807e-01 9.050831878940419628e-01 8.666517532649979927e-01 8.862706941860656329e-01 8.753237380054178507e-01 8.984707311486599401e-01 9.180972215663799618e-01 9.199036965382253461e-01 9.308157031177763940e-01 8.962790979020639481e-01 9.320310359571082337e-01 9.324916495378626768e-01 9.225869715089891621e-01 9.365490690958485631e-01 9.297369631179570604e-01 9.306058582663122580e-01 9.341116527215606036e-01 9.374326686950865684e-01 9.335757155654534900e-01 9.199277116141647559e-01 9.344556274320511280e-01 8.972073708514390900e-01 9.273841636298415514e-01 9.349884001002047862e-01 9.238671087552642325e-01 9.314499083334146778e-01 9.256490291443616458e-01 9.353754489876315859e-01 9.306259952149021908e-01 9.399584611376955445e-01 9.411775720120584277e-01 9.383521386907639483e-01 9.317260271177026931e-01 9.362688880270291225e-01 9.317963268113437225e-01 9.359836299103297952e-01 9.380353872628369727e-01 9.328458186624100090e-01 9.325367485929101363e-01 9.284157802622774458e-01 9.226920853896103392e-01 9.347477141049005400e-01 9.094945020321442142e-01 9.153286423489014334e-01 9.402526401773059206e-01 9.386213186847510714e-01 9.372158077443148994e-01 9.323502952147849632e-01 9.330445857208103932e-01 9.355009727395486863e-01 9.384845823424974309e-01 9.404044130983462146e-01 9.395263947964200835e-01 9.377321176006478964e-01 9.342634600357492269e-01 9.360143011789138212e-01 9.404878089526098606e-01 9.397992727516071287e-01 9.406965416955069825e-01 9.355108364806794530e-01 9.380057046729397552e-01 9.421471296478510782e-01 9.404337313126071018e-01 9.411448543306535353e-01 9.398375944472447951e-01 9.410782727942061943e-01 9.335157092847202742e-01 9.303095942079950831e-01 9.410264705676097963e-01 9.408685843473025834e-01 9.402348941073582766e-01 9.391127419386734454e-01 9.368893390845099978e-01 9.405674212535556356e-01 9.369020204902814841e-01 9.326862222651768342e-01 9.396111040148701354e-01 9.419515608347600599e-01 9.403016998043629560e-01 9.406374127125650686e-01 9.406586591873796754e-01 9.417798584299309494e-01 9.400259543693247899e-01 9.410691034372754560e-01 9.381404253380699609e-01 9.392055976918873839e-01
5.845261932835160712e-03 1.270564532982944028e-01 3.183249029192660728e-01 5.441689373916487327e-01 4.589121086271339411e-01 5.251908556602490341e-01 7.162572789606128643e-01 7.088343452542248402e-01 7.512380224537196227e-01 7.124578262237414306e-01 7.742451460189927470e-01 8.117152203188399140e-01 1.000000000000000000e+00 7.222367944974091847e-01 8.363808664546212857e-01 8.217212614482538591e-01 7.598556277036253581e-01 6.701903411754892570e-01 7.394392391370052664e-01 6.465738695653199253e-01 6.846837724129287706e-01 7.477340075076451820e-01 7.281766473940739504e-01 6.624934582761548008e-01 7.133721925354145066e-01 8.067068843589972893e-01 8.053972917983014401e-01 8.013752580797284253e-01 8.034536512054893942e-01 8.173975312203752841e-01 8.403466615870982537e-01 8.229959666761014203e-01 7.874554409259274523e-01 8.027294204622816842e-01 8.023915991344497955e-01 8.100811995841573632e-01 8.289471546720690309e-01 8.310694728412604260e-01 8.432151667205259882e-01 8.015273487588093770e-01 8.434036226883487863e-01 8.422535621245689219e-01 8.363736388853760806e-01 8.492800692475553914e-01 8.385318718772860613e-01 8.385504026772819808e-01 8.461098488823889374e-01 8.499624127024126841e-01 8.466047619210146369e-01 8.376823870906784375e-01 8.476657772313180850e-01 8.167426198025508066e-01 8.412540432574793225e-01 8.433454853205887281e-01 8.293713164987474018e-01 8.424683133597800078e-01 8.292837492850781977e-01 8.465404454519175337e-01 8.408407718699352218e-01 8.519128281773218347e-01 8.506361960204157358e-01 8.476891039586526011e-01 8.389308872741314538e-01 8.477019525051545656e-01 8.421722376695647272e-01 8.452088237151519357e-01 8.531642738403781845e-01 8.459715641289852206e-01 8.479253061678074799e-01 8.433804614199468253e-01 8.352905721572513320e-01 8.480735668864756160e-01 8.230073895113126925e-01 8.288723401892377218e-01 8.525332983567500689e-01 8.512794169599272598e-01 8.510784741036293566e-01 8.500755432280472368e-01 8.457290502304062318e-01 8.513138700614033549e-01 8.522994889955854969e-01 8.543845949714099497e-01 8.487080253867451685e-01 8.509865977548966010e-01 8.493842412354651872e-01 8.490165109276035516e-01 8.507121506403670930e-01 8.521931297899030255e-01 8.536766170822823740e-01 8.472908563599866882e-01 8.492609104239984275e-01 8.526116827708670742e-01 8.521208641797360928e-01 8.535896050543905211e-01 8.528338295332468233e-01 8.525673189326317125e-01 8.429790108392239967e-01 8.406477952608223392e-01 8.511076653998025376e-01 8.518997563301614617e-01 8.524929382518622312e-01 8.494843807976159011e-01 8.492780763642222563e-01 8.522782362182114158e-01 8.515604416980797620e-01 8.381224188811868814e-01 8.507998369784616211e-01 8.543693273956496359e-01 8.514164455651764829e-01 8.518758508240387162e-01 8.483452655522595309e-01 8.518964321376167881e-01 8.509240652744241018e-01 8.528094727393246144e-01 8.516723255426803529e-01 8.489439292428866413e-01
