1.000000000000000000e+00 2.073791993352180063e-01 2.571489084862910723e-01 1.756535252643204661e-02 2.227870740433126051e-01 8.629625128849184590e-02 1.755617424768877721e-01 1.395540738950789006e-01 2.952416751239957393e-01 1.251383527450690980e-01 1.693479880589630893e-01 3.138423683524440427e-02 2.956563269932802052e-02 2.721379185866484862e-02 5.536773477330225735e-02 7.177643070889772048e-02 2.188844160042195675e-01 4.161891337421032566e-01 3.175901490972564689e-01 2.969068159213030800e-01 3.816028982666933023e-01 2.969465921376708284e-01 3.436032338115870832e-01 3.076817284500193983e-01 3.167858800768278416e-01 2.399415344832919184e-01 2.289892979888912550e-01 2.282011122557703608e-01 3.125621130645811485e-01 3.129267975317448491e-01 2.434378122476838768e-01 2.181654352596534008e-01 2.623072394410002617e-01 2.055908373925753041e-01 2.557050626214678601e-01 1.341235510621566485e-01 2.157210657778397822e-01 1.460644280123385708e-01 1.779269275453490562e-01 1.115784584356333958e-01 7.630472259957152281e-02 6.242961052868047783e-02 2.181895119791691165e-02 1.137948473747344841e-01 7.164044252513990241e-02 1.201176265721954628e-01 3.491800887409522713e-02 4.263217090563763828e-02 6.115297970975951819e-02 7.458529903342164813e-02 1.113665925427963360e-01 1.415875240642830435e-02 3.344779538207456188e-02 8.326784235683089286e-02 1.067499410114383235e-01 1.088646222825964266e-01 9.353014437011487880e-02 6.258666086851309707e-02 7.757987179281451706e-02 9.204423865224994894e-02 2.929070985986552064e-02 6.124608283700030964e-02 7.776694045361846885e-02 9.116631411629193271e-02 1.206512923387996483e-01 9.261862550200579414e-02 7.599124672734566821e-02 1.637730309905144621e-01 1.587728882253449381e-01 1.581032427075917124e-01 1.479861439755492947e-01 1.241434649519050498e-01 1.433394911161075258e-01 1.496147123497612863e-01 9.382572656225732222e-02 9.842373783467099624e-02 9.891614947134261260e-02 1.512042991366514544e-01 1.061940562208207040e-01 1.098438984892491227e-01 1.150037798735522449e-01 1.056145908758683027e-01 1.042896959142812358e-01 1.365422153052054666e-01 6.911856208121271161e-02 9.736637443417704707e-02 9.224303331603964096e-02 7.835832866562755794e-02 7.367420697625545745e-02 7.368145488211047534e-02 7.070840077327332496e-02 5.463432314324596917e-02 5.293778689622565675e-02 6.560022796791487032e-02 1.666683643278233165e-02 3.386158692091510714e-02 -1.157446464052700602e-02 4.962183618781765282e-02 1.054893662665861744e-02 5.758042859697746346e-02 1.408770941067199328e-02 4.052826357128319623e-02 4.542384420267513503e-03 3.530530145909408640e-02 2.519817379263444151e-02 5.358472751250815264e-02 4.271293940914695775e-02 5.528893571896203313e-02 7.660452623961486185e-02 4.060635422983828458e-02 5.453971985118747506e-02 4.387720847010533748e-02 4.328584183082184039e-02 4.242963463012106029e-02 7.400155961253522541e-02 4.749234478427687145e-02
2.073791993352180063e-01 1.000000000000000000e+00 1.043497363597879757e-01 -3.143750874310244359e-02 1.203491057528267988e-01 7.287042413234041949e-02 1.270253213327349751e-01 8.158069898432328271e-02 2.182760625404733534e-01 2.084537495295167020e-01 1.351082567842639137e-01 6.082387104882901185e-02 8.334440733355881481e-02 9.440092020984719445e-02 1.336421989278077926e-01 1.236780315857611973e-01 1.645912043645876566e-01 2.028839621292390927e-01 1.896896240152338986e-01 1.382653060299848247e-01 1.637238912194333151e-01 1.556893911966580335e-01 2.412976611127684301e-01 1.181912301712358393e-01 1.536271227227954672e-01 2.071641008350014468e-01 1.881855272745179830e-01 1.879809094801607183e-01 2.640571420915370782e-01 2.341647183306655999e-01 2.236944302922471706e-01 2.054574462837781279e-01 1.891573408643929255e-01 1.700527163296083055e-01 2.097799699677298513e-01 1.282229989494973188e-01 1.539377306300680759e-01 1.833457266517379003e-01 1.896041022609185611e-01 1.295137782077495636e-01 1.447171906639066474e-01 1.376078294100140653e-01 9.679118088180377333e-02 1.425573618482276483e-01 1.106085122919995140e-01 1.690609387266581443e-01 1.313415911227599486e-01 1.536361358849855085e-01 1.533865882024166849e-01 1.277683125411863130e-01 1.451117516415002806e-01 5.228701254190206565e-02 8.855639987486123299e-02 1.690155639871926407e-01 1.650421611363284136e-01 1.770471402778980019e-01 1.350173416481866007e-01 1.444918192457425310e-01 1.592633519468998338e-01 1.538625051679769207e-01 1.262874605927463700e-01 1.469684510081560591e-01 1.518522196061445062e-01 1.466023746459885480e-01 1.490437618579104062e-01 1.392173051296299036e-01 1.668093175521974947e-01 1.811625729891275238e-01 1.972532980031107830e-01 1.640656454898825334e-01 1.490418144522707988e-01 1.640625432579558840e-01 1.497276338498844395e-01 1.444205163912098133e-01 1.677357855659456776e-01 1.703755843177504059e-01 1.699493366510367864e-01 2.052615592009276180e-01 1.672348316104823873e-01 1.798957923575478235e-01 1.653701105660093928e-01 1.791172831096788931e-01 1.706143652474198247e-01 1.800064622004620696e-01 1.474241136562945420e-01 1.473599835421698367e-01 1.540968841504822551e-01 1.720107238979173003e-01 1.581083972135818305e-01 1.696443036641572533e-01 1.480209588628779993e-01 1.452910830623795613e-01 1.395187477899295647e-01 1.526928574994013965e-01 1.391225998248921958e-01 1.529103108043436132e-01 9.684807469972883665e-02 1.209799150778915477e-01 1.283925310415758303e-01 1.453907343052230072e-01 1.216866573296282589e-01 1.471510154428123662e-01 1.072514095241699217e-01 1.318063607632475320e-01 1.121840910246937328e-01 1.439145258316162912e-01 1.418713783012003349e-01 1.645513783167306399e-01 1.714983515732519392e-01 1.455827385342844671e-01 1.586687427416609009e-01 1.462446321292407980e-01 1.518481862063175980e-01 1.412961341137204119e-01 1.457701209775506546e-01 1.400595877177509829e-01
2.571489084862910723e-01 1.043497363597879757e-01 1.000000000000000000e+00 3.082618185086390405e-01 2.125372762753741096e-01 1.627473806877542672e-01 2.939076467742042231e-01 2.801479278236269077e-01 3.554909745680251976e-01 2.209106771099031696e-01 3.553027763641963821e-01 3.166276798903409073e-01 2.087497977330121379e-01 2.287804484596705212e-01 2.907160086378474118e-01 2.775500754152028238e-01 3.715231238704249095e-01 4.854955235372532263e-01 4.639854141554750622e-01 4.696652752112228657e-01 4.778335987242549598e-01 4.667052916118824002e-01 4.268547567376676510e-01 4.575520164091838038e-01 4.809176784588086173e-01 3.779095994869745012e-01 3.636896351768593716e-01 3.945548095684749401e-01 3.590036392876421178e-01 4.111167282937697731e-01 3.788247485328586905e-01 3.930303312047526143e-01 3.935096308272533205e-01 3.958828660047498116e-01 3.585546935132853941e-01 3.660767560003829191e-01 4.148757810884389774e-01 3.425299195091061621e-01 3.712631129708901523e-01 3.632968108553473185e-01 2.975220108931860286e-01 2.824466497186954306e-01 2.918640145653425000e-01 3.305961205095936384e-01 3.400392390181756763e-01 3.154993864721282182e-01 2.708175982045358254e-01 2.728819912805222070e-01 2.885694699015971532e-01 3.234349711019323115e-01 3.442893037158366587e-01 3.063787219611696089e-01 2.946931342993482916e-01 2.890103335714636068e-01 3.105215871927952120e-01 3.210289172063413576e-01 3.204752125866279777e-01 2.787617740041666292e-01 3.000048078421034270e-01 2.916660525041033236e-01 2.763761129041633624e-01 2.931071456960891441e-01 2.988577893723494139e-01 3.128454761590386268e-01 3.316754125015519694e-01 3.133885058782351907e-01 2.947949568812499033e-01 3.659134299812477620e-01 3.392722341107627382e-01 3.789729015078660557e-01 3.714859569738568901e-01 3.396478508163424115e-01 3.703260505890064169e-01 3.710398707031691834e-01 2.977302084186411180e-01 3.043520965038954418e-01 3.016980207999396257e-01 3.135632754885027129e-01 3.109174205416762038e-01 2.912897456638486315e-01 3.171973181045077417e-01 2.955409431047702484e-01 3.217582836738081542e-01 3.175594055058239551e-01 2.973259939473348323e-01 3.250500450336261671e-01 3.192585066122974324e-01 2.876468581180369188e-01 2.915161080797663007e-01 2.950745477642313652e-01 3.042318552593836767e-01 2.857622849808048038e-01 2.985840935271341090e-01 2.867835740406469713e-01 2.564659445908948898e-01 2.629270718385169903e-01 2.669176285513726321e-01 3.008533121408478728e-01 2.636492777699901424e-01 2.911176733171667586e-01 2.699131416472625444e-01 2.844142229589609605e-01 2.710913816791876152e-01 2.802620082580126182e-01 2.932094727639520393e-01 2.831898976563492210e-01 2.750572666785551790e-01 2.667058737717034056e-01 2.845058912522506755e-01 2.709227850705531182e-01 2.772049775389491266e-01 2.727568099442184146e-01 2.734335868921576318e-01 2.786738257675913100e-01 3.060581998324825581e-01 2.827256263544153936e-01
1.756535252643204661e-02 -3.143750874310244359e-02 3.082618185086390405e-01 1.000000000000000000e+00 2.887157942290645152e-01 2.193837083815944888e-01 4.157777960450663723e-01 4.649602932953785794e-01 3.960671674538631115e-01 3.345057056372216508e-01 4.550716380253778670e-01 5.648375289923500686e-01 3.900844681114210566e-01 3.688956720750862783e-01 4.711449959620230277e-01 4.957067098052248544e-01 4.370615827525131669e-01 3.829862923852365708e-01 4.300265997825820641e-01 4.317736025591227267e-01 3.921630519927347125e-01 4.770909041618258684e-01 3.837835923027579366e-01 4.250477084856871812e-01 4.656347276779871369e-01 4.495784699927082295e-01 4.455708564657768767e-01 4.520865174992267366e-01 3.280331324732100318e-01 3.941839113616371626e-01 4.283233478483522427e-01 4.790804040860447977e-01 4.257356009568868949e-01 4.637525152256647409e-01 3.649142289388740412e-01 5.018986348880251080e-01 4.844665203765181061e-01 4.604263191188198712e-01 4.571561945850109443e-01 5.283308223837858142e-01 4.729279815104400764e-01 4.681131424037726085e-01 5.183087332199497466e-01 4.950630114496867296e-01 5.344746631538589421e-01 4.571694054884563041e-01 4.618900427216228732e-01 4.480425485932256757e-01 4.712939895933290213e-01 5.105922711532969727e-01 5.068744483991179939e-01 5.503359857691426660e-01 5.201265658188248819e-01 4.472324451814553847e-01 4.536429316240815912e-01 4.594787819917643401e-01 5.076575416939204111e-01 4.626783181097179343e-01 4.632512005262401922e-01 4.629058788331383290e-01 4.831629348158503201e-01 4.777587511267266662e-01 4.682311420780915778e-01 4.903810490758337970e-01 4.947931741712929821e-01 4.838442119880554393e-01 4.624803699842338078e-01 4.704532550627774090e-01 4.477425160726066222e-01 4.847801994972238404e-01 4.910486358177640343e-01 4.692032462561614992e-01 4.852819315112475995e-01 4.860175939486685581e-01 4.606354842803457306e-01 4.506434908326582556e-01 4.542008630096284194e-01 4.088345866886144986e-01 4.635654294581195156e-01 4.218090564467195658e-01 4.523970907534775043e-01 4.404156183340668940e-01 4.773012346181418897e-01 4.329397610010397579e-01 4.684617136472957744e-01 4.770130386182106497e-01 4.734227646477854323e-01 4.504613288795916159e-01 4.560498301501056395e-01 4.581257983651497168e-01 4.834597799652551320e-01 4.669924954738734479e-01 4.832849680546258964e-01 4.608228712130372218e-01 4.534336656641672625e-01 4.444317553852640823e-01 5.078424618659005407e-01 5.038413544094372254e-01 4.685476368776710365e-01 4.791213953084297317e-01 4.861591694027792565e-01 4.729363098308943525e-01 4.968331171987222517e-01 4.759258965211076164e-01 5.073770126630234856e-01 4.714799137527632134e-01 4.705379111547972615e-01 4.341406273554255790e-01 4.381235069878461341e-01 4.590648733215623722e-01 4.492677097534089059e-01 4.634014179164991920e-01 4.568420956742454964e-01 4.727382694578382005e-01 4.769246381432571402e-01 4.758065551064105669e-01
2.227870740433126051e-01 1.203491057528267988e-01 2.125372762753741096e-01 2.887157942290645152e-01 1.000000000000000000e+00 2.168939136174204141e-01 4.203124508446026697e-01 4.358825719644890961e-01 4.080198947995298808e-01 3.451520333200027713e-01 3.903199402599101253e-01 4.025673114976133782e-01 3.832118714309415974e-01 3.338831000859424081e-01 4.202295123732129878e-01 4.532113713094114704e-01 4.078540696726785653e-01 4.340812319831992006e-01 4.236645407112896722e-01 4.038611475298986564e-01 4.166332769229078026e-01 4.605671199882687139e-01 4.341363053783635073e-01 4.065321318241014725e-01 4.588905268782625391e-01 4.717045557021187219e-01 4.614953904031778298e-01 4.629987979172986989e-01 4.536222244949711380e-01 4.570721130262108134e-01 4.540187486508605041e-01 4.504917463071850814e-01 4.436152305106644822e-01 4.291340575733851304e-01 4.195601961403007119e-01 4.330927713796349776e-01 4.452757901317939138e-01 4.364025248263050938e-01 4.436720306461412466e-01 4.521528842483328869e-01 4.290992067856539416e-01 4.223707110616313209e-01 4.206044746412684332e-01 4.521595661456027648e-01 4.375087744901101083e-01 4.382255687748902173e-01 4.059852380450750808e-01 3.981321869421811099e-01 4.204378221218451617e-01 4.310434650851354688e-01 4.422585652986228966e-01 4.278677679001080536e-01 4.328827327210109654e-01 4.202822695873019154e-01 4.375796682530231352e-01 4.352052678989953849e-01 4.509528417650093823e-01 4.131636429780601305e-01 4.225123619832520938e-01 4.315974811518590859e-01 4.191767694443755965e-01 4.243130127969576004e-01 4.277096953255404843e-01 4.415538944548525468e-01 4.413866590061081285e-01 4.324472674937428485e-01 4.199856620762941750e-01 4.524094202568936240e-01 4.420724441506861946e-01 4.475861853629975462e-01 4.540386339550249728e-01 4.481620483809655164e-01 4.376568517836937344e-01 4.502980649795918500e-01 4.387756366729156365e-01 4.312419618430570201e-01 4.359750735990958193e-01 4.356953214968392607e-01 4.408335022015734683e-01 4.214853884329505807e-01 4.329053143244738222e-01 4.277968753027535653e-01 4.344396923632708463e-01 4.278912683493127367e-01 4.142786718190189510e-01 4.282335907011887155e-01 4.224689594538654780e-01 4.195648727630084673e-01 4.185272192106593292e-01 4.284140302781250242e-01 4.296404616651685604e-01 4.207330424129221425e-01 4.249139910019351651e-01 4.226664748429533880e-01 3.962471449909190646e-01 3.994821302320332723e-01 4.132037162699627175e-01 4.367165519090398518e-01 4.083060220518444083e-01 4.222767061173463010e-01 4.154712039749479113e-01 4.150189270075816950e-01 4.104072877982762879e-01 4.181588743258251584e-01 4.257856853369038630e-01 4.268195152463220010e-01 4.190560200567982618e-01 4.059411360204991381e-01 4.184833703870712851e-01 4.062978450273918019e-01 4.124628673549378122e-01 4.157433867636550207e-01 4.101139864042404604e-01 4.189351031528568692e-01 4.231203946472547051e-01 4.216301711438835698e-01
8.629625128849184590e-02 7.287042413234041949e-02 1.627473806877542672e-01 2.193837083815944888e-01 2.168939136174204141e-01 1.000000000000000000e+00 3.877144333849255053e-01 3.097916465127001917e-01 3.528421885661676138e-01 3.271156920754807462e-01 3.585580809200711871e-01 3.663397713701706526e-01 3.331814966759733543e-01 3.186027137298952927e-01 3.859477102385327485e-01 3.901861722098166618e-01 3.494471245984834273e-01 3.203606487452238527e-01 3.404302450420688686e-01 3.376677310097960794e-01 3.221419120264910063e-01 3.689468068609912943e-01 3.538709497383534797e-01 3.062669945338504784e-01 3.487998581478976567e-01 4.115248585437329409e-01 3.987069456558778313e-01 3.888063294683495319e-01 3.738616915941971319e-01 3.833940266802370322e-01 4.043043829432997338e-01 4.013163373356659069e-01 3.856679217943302374e-01 3.950919015807141665e-01 3.806637025718687672e-01 3.896242334194811585e-01 3.813702692954384910e-01 4.085890481991787948e-01 4.111767229897309028e-01 3.956953019726638932e-01 4.091929111124624208e-01 4.144347733063365458e-01 3.930388362395896285e-01 4.231603497769225175e-01 4.051532526123546307e-01 4.171743052128679685e-01 4.018058721722601034e-01 4.093780563757473678e-01 4.100472190458961386e-01 3.878685926458467215e-01 4.029235527175107356e-01 3.896987246349558065e-01 3.961475542608248190e-01 4.165535380044435576e-01 4.171220532936233960e-01 4.142236025434332669e-01 4.056619776190041327e-01 4.127599421167975624e-01 4.112344479572185296e-01 4.129172501791136263e-01 4.074590404143039191e-01 4.105015110793887589e-01 4.139450306045752148e-01 4.069568371338685986e-01 4.068027933180884403e-01 4.120153306402818405e-01 4.139679892089332403e-01 4.162596449846259206e-01 4.182458924763146624e-01 4.208222224610186357e-01 4.144116083794373573e-01 4.166224294978753129e-01 4.096540317059629288e-01 4.021299517696945713e-01 4.191284057776178407e-01 4.172904482211889365e-01 4.129576371738115093e-01 4.042967234635584939e-01 4.156640590107115174e-01 4.102897479829464289e-01 4.164784339062262974e-01 4.157515918385966125e-01 4.164504207178568729e-01 4.145300343534455978e-01 4.112535770863759987e-01 4.158566471859321823e-01 4.103972292827707258e-01 4.143215076044984846e-01 4.135300420149292111e-01 4.178186178359473146e-01 4.077040282469528987e-01 4.141232331045664461e-01 4.132598566249668925e-01 4.166965709319095379e-01 4.038995409994425301e-01 4.068647134376515706e-01 3.985569589996189599e-01 4.022828040172169439e-01 4.008245510429991887e-01 4.062505616229385996e-01 4.040895967961633528e-01 4.086728971855811965e-01 4.039913795268770258e-01 4.071802501818148623e-01 4.077905273809880882e-01 4.074145758462369704e-01 4.071174583819444637e-01 4.134604038566601636e-01 4.159570004974995072e-01 4.031000239608013014e-01 4.091718887337505439e-01 4.075942383937271596e-01 4.070071500304306977e-01 4.068875171872920471e-01 4.078547373026504830e-01 4.098316007098107283e-01
1.755617424768877721e-01 1.270253213327349751e-01 2.939076467742042231e-01 4.157777960450663723e-01 4.203124508446026697e-01 3.877144333849255053e-01 1.000000000000000000e+00 6.057165467635263756e-01 6.423887687252726186e-01 5.907343672097411513e-01 6.451633109119558895e-01 6.789237997305987982e-01 5.942395201227763657e-01 5.380694092291528063e-01 7.506170223584386347e-01 7.110003083369000887e-01 6.595321940309706310e-01 5.894492921867047208e-01 6.380077304078990430e-01 5.966523775824856823e-01 5.986034766652114092e-01 6.775366171242571678e-01 6.426331936928502131e-01 5.928953624692794300e-01 6.455265336008934041e-01 7.396496565181523986e-01 7.235239963870613300e-01 7.297059513322823321e-01 6.867493232675302428e-01 6.960673475804938226e-01 7.311795647806403897e-01 7.259116581909689225e-01 6.868579333181287216e-01 6.919218599267756842e-01 6.582329270971507551e-01 7.052820319671637694e-01 6.924204380724398034e-01 7.451071964113795687e-01 7.328990575683471675e-01 7.486404355457519921e-01 7.392034795225400634e-01 7.380296602500274750e-01 7.090351123785818555e-01 7.548741311644213692e-01 7.329281659809522287e-01 7.553138363629893215e-01 7.139326312015246145e-01 7.202159644484338319e-01 7.288032515006896972e-01 7.150104031963591122e-01 7.412714148647114865e-01 6.931886870510175491e-01 7.138002657024439257e-01 7.257215024611500809e-01 7.304321225236766191e-01 7.422646452960426355e-01 7.243270588743201399e-01 7.287001000534720774e-01 7.355262055938185384e-01 7.280097949058200735e-01 7.191067845491397881e-01 7.310863019663124129e-01 7.300485798911950930e-01 7.311839398163103576e-01 7.210362068155165005e-01 7.233478676362734561e-01 7.303451031982829411e-01 7.433105467268817934e-01 7.414932345326282759e-01 7.471091160216045690e-01 7.468779504607077069e-01 7.358063097180129741e-01 7.315873534665030542e-01 7.314929356365407198e-01 7.464302123434097824e-01 7.429032489056729416e-01 7.488292050958555990e-01 7.367239172342536779e-01 7.493648059333249956e-01 7.245955607126096654e-01 7.302710912934042842e-01 7.378722184734309852e-01 7.394353588106113984e-01 7.275921872122741441e-01 7.314660399260037860e-01 7.362144062624810248e-01 7.312091904796101938e-01 7.445223809205961940e-01 7.330159814521030048e-01 7.385974877347116774e-01 7.450284019303782257e-01 7.401640766188235521e-01 7.357176208329115896e-01 7.446358868054747671e-01 7.148926522391642058e-01 7.173016912533095590e-01 7.158603259305363897e-01 7.254866990176520591e-01 7.160630362665749704e-01 7.376638058049531654e-01 7.237365919863492092e-01 7.287731354821511687e-01 7.170076743302782329e-01 7.305926879633930504e-01 7.247366074392682656e-01 7.230317469789170337e-01 7.257723428904895302e-01 7.217779533858843521e-01 7.306403323356286394e-01 7.238148623248605862e-01 7.318324427282599798e-01 7.255796102036256023e-01 7.233477168540131119e-01 7.256214223935251173e-01 7.259716219826906070e-01 7.251735364538619555e-01
1.395540738950789006e-01 8.158069898432328271e-02 2.801479278236269077e-01 4.649602932953785794e-01 4.358825719644890961e-01 3.097916465127001917e-01 6.057165467635263756e-01 1.000000000000000000e+00 5.931899073883352136e-01 5.489262143144030270e-01 6.112773872979917478e-01 6.677823973724379414e-01 5.621931766517866969e-01 4.959800113790229781e-01 6.749376763074244057e-01 7.224150584818520571e-01 6.022120808821963545e-01 5.345874622788002739e-01 5.803578769887342004e-01 5.300424690742483458e-01 5.285091632647845872e-01 6.365172507251802836e-01 5.829327138840321165e-01 5.271538234404842260e-01 5.944325367103686641e-01 6.597984352512843431e-01 6.578958252917632699e-01 6.555379368775313687e-01 6.094047625232570375e-01 6.239528151176255699e-01 6.583124821117912751e-01 6.701705086518207066e-01 6.258029466638636018e-01 6.390341140702809897e-01 6.035659827018000634e-01 6.583710963345408285e-01 6.455655573590084462e-01 6.824961790382173543e-01 6.729996978295216259e-01 6.961956855507417385e-01 6.706576590916262237e-01 6.687697314393331594e-01 6.706098168496061884e-01 6.941934026445762962e-01 6.851020948098405228e-01 6.778469329799949872e-01 6.565608451880119434e-01 6.582883196827995498e-01 6.764021607639323364e-01 6.811898256995500001e-01 7.017977508532216024e-01 6.612158654396422808e-01 6.718970428090468294e-01 6.679987283698951561e-01 6.802059625407954613e-01 6.820669283003549799e-01 6.915905248871525579e-01 6.746825752439919999e-01 6.893370064749013704e-01 6.728435879999434821e-01 6.788256948030980675e-01 6.886579075752372603e-01 6.877579109796888579e-01 6.863038588164743770e-01 6.770407997002395595e-01 6.715666402591932149e-01 6.727054397436802446e-01 6.786303520267181755e-01 6.750124586548491568e-01 6.785001963089108967e-01 6.870045499927239785e-01 6.807891685471288978e-01 6.686878305723049642e-01 6.692028560142216920e-01 6.762374972291601560e-01 6.778105044235994692e-01 6.755833975579516038e-01 6.657617983570367493e-01 6.797804014671983142e-01 6.578704489393504273e-01 6.703222012137253216e-01 6.720968813716867718e-01 6.837116887686643940e-01 6.676897216197531515e-01 6.746200703005681421e-01 6.782746829067208827e-01 6.747511488565326454e-01 6.776976255676440131e-01 6.702955920717075244e-01 6.738780113529877491e-01 6.820651726331385944e-01 6.752319828079171860e-01 6.783589873694685357e-01 6.773656217215253683e-01 6.578862179675326605e-01 6.585745082850192889e-01 6.766422222097228101e-01 6.826299280279175541e-01 6.681135584771303870e-01 6.849896924843720258e-01 6.727198276993557879e-01 6.815202094194717786e-01 6.670653744967164345e-01 6.776813440447649883e-01 6.770700050019989868e-01 6.766309795901234159e-01 6.750283503917989814e-01 6.581891789356785205e-01 6.684611209591604375e-01 6.714238200827571390e-01 6.766627023203053426e-01 6.710567998905461184e-01 6.732997959553559397e-01 6.733791595011151543e-01 6.756961046943740223e-01 6.722202518809999860e-01
2.952416751239957393e-01 2.182760625404733534e-01 3.554909745680251976e-01 3.960671674538631115e-01 4.080198947995298808e-01 3.528421885661676138e-01 6.423887687252726186e-01 5.931899073883352136e-01 1.000000000000000000e+00 7.075287781642832785e-01 7.396264893054301792e-01 7.159723368921250275e-01 6.532127212464045041e-01 5.922202957767394027e-01 7.705579105042893451e-01 7.316546271729498230e-01 7.821866547295436289e-01 7.175185147242286732e-01 7.512179172022821483e-01 6.768345104800465029e-01 7.090938538756464959e-01 7.763494918980106130e-01 7.979118415226345018e-01 7.014662092445319574e-01 7.428613523676133035e-01 7.996293099842324281e-01 8.094562974722988580e-01 8.084184777113556652e-01 7.907212423180787209e-01 8.308457395011116242e-01 8.539839519180950633e-01 8.450105590950585110e-01 7.812543108211523757e-01 8.015616256694934050e-01 8.048555534391861332e-01 7.902184727189294211e-01 8.248300309042111422e-01 8.190729553568103505e-01 8.340185106390120007e-01 7.753550808804793304e-01 7.984592542432816797e-01 7.838536014389174689e-01 7.409869347846202992e-01 8.161565199060086817e-01 7.869653928553979050e-01 8.137559917348948790e-01 7.997693405305350556e-01 8.101884668420352709e-01 8.121566181396606687e-01 7.749604224793857910e-01 8.152828356843876412e-01 7.218620470366376995e-01 7.592698025213948654e-01 8.230713228779853452e-01 8.107639530244098447e-01 8.172234783799785518e-01 8.033173515840921208e-01 8.047687205864485493e-01 8.109524581105668206e-01 8.249972049030005472e-01 7.952338454390853739e-01 8.096908241300683207e-01 8.033331636293540301e-01 8.164323594865660061e-01 8.266450586566337355e-01 8.177725003673460558e-01 8.230807275737247464e-01 8.414387229916597821e-01 8.431113151911936443e-01 8.355002897963264008e-01 8.281753078671677537e-01 8.297349809818127531e-01 8.248839175260670453e-01 8.229879736236501708e-01 8.179391596381211382e-01 8.246805694711869528e-01 8.136874256823096729e-01 8.307522691209460186e-01 8.146798560106432996e-01 8.236301815095253831e-01 8.345185123454246234e-01 8.309292750379968506e-01 8.243849642166143354e-01 8.325464875685438804e-01 8.017616019910087655e-01 8.198136306569343557e-01 8.277696427432867932e-01 8.124429284368821502e-01 8.113773401875465918e-01 8.053349523086155148e-01 8.022281631879157882e-01 8.047032524123741704e-01 8.059980286567701713e-01 8.093338073712124103e-01 7.914576453161003000e-01 8.025911469793063358e-01 7.484215551672062094e-01 7.869925211457379222e-01 7.839503165326812129e-01 8.038644765425841943e-01 7.785075040257096735e-01 8.012200028577468602e-01 7.742523582697157236e-01 8.018211347916601728e-01 7.847879522130285501e-01 7.985857933366405925e-01 8.010588014973358817e-01 8.089360424415609208e-01 8.163161247179191449e-01 8.055204826869539758e-01 8.104125984709742436e-01 8.080137202608254077e-01 8.066482101373867453e-01 8.030903559380834222e-01 8.182258153997205019e-01 8.049934007414232262e-01
1.251383527450690980e-01 2.084537495295167020e-01 2.209106771099031696e-01 3.345057056372216508e-01 3.451520333200027713e-01 3.271156920754807462e-01 5.907343672097411513e-01 5.489262143144030270e-01 7.075287781642832785e-01 1.000000000000000000e+00 6.443697912089000335e-01 6.611736600546068710e-01 6.434547040956927200e-01 5.762080701118387216e-01 7.459703967460556973e-01 7.146382391216967722e-01 6.789786121602128244e-01 5.333830185326760009e-01 6.005086002390669364e-01 5.105291706802189688e-01 5.255180100375150820e-01 6.216089976343597279e-01 6.682926892434550847e-01 5.374482416814797547e-01 5.877630300490322979e-01 7.259979130097868882e-01 7.239764132071198066e-01 7.234029501759313696e-01 7.005074262617247971e-01 7.247049381005384872e-01 7.681428589233926241e-01 7.520017463620576326e-01 6.979964706617802772e-01 7.093693528380776714e-01 7.319081399390968690e-01 7.192195875735709620e-01 7.221200429503268348e-01 7.688102746506164653e-01 7.713560997479022019e-01 7.189725186390403255e-01 7.745116737868861234e-01 7.634729818077217178e-01 7.232241001130553792e-01 7.693974424693754699e-01 7.435873560117898240e-01 7.795967298214039332e-01 7.816311438441504444e-01 7.951114021723684200e-01 7.903606930268269881e-01 7.327233700146589257e-01 7.637869590757658811e-01 6.829434767069915146e-01 7.271765886646168742e-01 7.982407303511499519e-01 7.829280234893010171e-01 7.845098003143075038e-01 7.604303058578639751e-01 7.835205168861318903e-01 7.834900889637469446e-01 7.872648053545037161e-01 7.756713401209713865e-01 7.827132358590481731e-01 7.800393607022135800e-01 7.755300742637469824e-01 7.669045707644327470e-01 7.753823953932617030e-01 7.907880296999247882e-01 7.717215887560633369e-01 7.890841971843722824e-01 7.596807617636922583e-01 7.545687750499208146e-01 7.750520810598177102e-01 7.505069080414058513e-01 7.501447172682653708e-01 7.913298547007734385e-01 7.933131981238001895e-01 7.846703736317705014e-01 7.862483760676973743e-01 7.819607303801310305e-01 7.979530402841298331e-01 7.931024893687678157e-01 7.998679588895212245e-01 7.841834238042454386e-01 7.948066665413371368e-01 7.806993341755114058e-01 7.761975129961975473e-01 7.872854520080213581e-01 7.950946383346290114e-01 7.934827926850281932e-01 7.856712851824013688e-01 7.776397997660239314e-01 7.884033328899227033e-01 7.805146359707976211e-01 7.924041762500426689e-01 7.861909640627526841e-01 7.929573192551208072e-01 7.449793738849918023e-01 7.598680615074856481e-01 7.799970476977466927e-01 7.825207631496635674e-01 7.715036369407872741e-01 7.868695611290271730e-01 7.609315932748323963e-01 7.817176473329253694e-01 7.626427008015879139e-01 7.813940751451653455e-01 7.876756241401050573e-01 7.973132510419504992e-01 7.980938412256967096e-01 7.890664123116702955e-01 7.938616833211604717e-01 7.895104100572695183e-01 7.916208935287695203e-01 7.852496089354992215e-01 7.815051841900479968e-01 7.836390797449331869e-01
1.693479880589630893e-01 1.351082567842639137e-01 3.553027763641963821e-01 4.550716380253778670e-01 3.903199402599101253e-01 3.585580809200711871e-01 6.451633109119558895e-01 6.112773872979917478e-01 7.396264893054301792e-01 6.443697912089000335e-01 1.000000000000000000e+00 7.647940723738662072e-01 6.421388320272274353e-01 6.004296633803886118e-01 7.677443343932369713e-01 7.333796208929381777e-01 7.508490982913330614e-01 6.719286600374225760e-01 7.338533992781296478e-01 6.554987454553689030e-01 6.829792831197246672e-01 7.662335481424372707e-01 7.256274013718746474e-01 6.695935331601682305e-01 7.266518049528102319e-01 7.901451991405362696e-01 8.005102096335346973e-01 8.011265303576637908e-01 7.563615334104369925e-01 7.922130446513686586e-01 8.212329454981531773e-01 8.145487821270797069e-01 7.621973545495057678e-01 7.842081276460867167e-01 7.581947647217287534e-01 7.929854760234645861e-01 8.045206649239620145e-01 8.157346895402888265e-01 8.198959269391131732e-01 7.998601070158144477e-01 8.007329207553570694e-01 7.871191313661313194e-01 7.726839775683622680e-01 8.165806495593387337e-01 8.127403224332254705e-01 8.101220973666601877e-01 7.931238667151070398e-01 7.888375702887893137e-01 8.060945472681072532e-01 7.994239083049832217e-01 8.252750974182273547e-01 7.574512555368423383e-01 7.799816008613701390e-01 7.998780791640109911e-01 8.029745383785032997e-01 8.096719512223938819e-01 8.094739571447437942e-01 7.977317458747099632e-01 8.075324879089441632e-01 8.014657921566232801e-01 7.955382633165447581e-01 8.067702582109800291e-01 8.040078056234217785e-01 8.140780177810849061e-01 8.180162823417602702e-01 8.039435721413052960e-01 8.046499724380610230e-01 8.197451755164990583e-01 8.124789182440778079e-01 8.221936233612412437e-01 8.241740078504660172e-01 8.154518986064862585e-01 8.084747319800259513e-01 8.124638915461297461e-01 8.075262596599701581e-01 8.125383985135863352e-01 8.121456334645859032e-01 8.131552935009400684e-01 8.057373632526353413e-01 8.031231517424710642e-01 8.160336007946425996e-01 8.113434607994254311e-01 8.142748442435587819e-01 8.099580923657740961e-01 8.008457138144638998e-01 8.118322285980938968e-01 8.193365897509143903e-01 8.023146858816903038e-01 8.047989859376382116e-01 8.005408578750727866e-01 8.066300261308126940e-01 8.003428762358603121e-01 8.069189617077354715e-01 8.024052830287722315e-01 7.849091117445237131e-01 7.890275945988792783e-01 7.781978171631661612e-01 7.950905382085747819e-01 7.886568535385578560e-01 8.046432380384214156e-01 7.897559821519710699e-01 8.015783670544973649e-01 7.832326650698373527e-01 7.996485779104862690e-01 7.951272904832384913e-01 7.969418438878232980e-01 7.955304211543001713e-01 7.892700909598263648e-01 7.988522170852538906e-01 7.954766123676281220e-01 7.998067245707902728e-01 7.950585499046295412e-01 7.960773500956500603e-01 7.992653613072885355e-01 8.061881918362491239e-01 7.951014015028410320e-01
3.138423683524440427e-02 6.082387104882901185e-02 3.166276798903409073e-01 5.648375289923500686e-01 4.025673114976133782e-01 3.663397713701706526e-01 6.789237997305987982e-01 6.677823973724379414e-01 7.159723368921250275e-01 6.611736600546068710e-01 7.647940723738662072e-01 1.000000000000000000e+00 7.196648579660489542e-01 6.455707872134165415e-01 8.373819744312243074e-01 8.218675872255242210e-01 7.504443450591327114e-01 5.981483979602036927e-01 6.786520092678900440e-01 6.269147756911100933e-01 6.093698938284041189e-01 7.388863513168331121e-01 6.813168896544458120e-01 6.427071875528311828e-01 7.035015741581917004e-01 7.858228911187477017e-01 7.920970944952876458e-01 7.874683970324831694e-01 6.814662996659346383e-01 7.417977083698737983e-01 7.949896643866440904e-01 8.230215067410924235e-01 7.473810200191736142e-01 7.898829517243315390e-01 7.370933713030159984e-01 8.337736137828015703e-01 8.107594277592531373e-01 8.279329954631368116e-01 8.258558103614069834e-01 8.534100831962255773e-01 8.537822225385391928e-01 8.479639702237369292e-01 8.625077640116968203e-01 8.675620973096490607e-01 8.748981592900031412e-01 8.435117622850012431e-01 8.607893733776718070e-01 8.548836701469265664e-01 8.654605080756405666e-01 8.570738732412134242e-01 8.657092027687726121e-01 8.662581085853846563e-01 8.733601004869866458e-01 8.514202104337995625e-01 8.428711576774204906e-01 8.479994130636847594e-01 8.698240887297548074e-01 8.586229976576797984e-01 8.536218933098721484e-01 8.598798854296796357e-01 8.738028863732242302e-01 8.709373853700944634e-01 8.570299887077715839e-01 8.661579567695070203e-01 8.643112962405327115e-01 8.648962273203096851e-01 8.607675776388725719e-01 8.484358289958190413e-01 8.404640495640585129e-01 8.522108019367401477e-01 8.587055708302285817e-01 8.590984820919866927e-01 8.480891417046843017e-01 8.473704685226916000e-01 8.562984494593786078e-01 8.562744663490464703e-01 8.500459128813740994e-01 8.201735700430244913e-01 8.550490392773265613e-01 8.367924980746701547e-01 8.542811318679168764e-01 8.513735760776007799e-01 8.630911500881599530e-01 8.389113654589036573e-01 8.574433262998578664e-01 8.625483560966031860e-01 8.647893105085496801e-01 8.516542071670351044e-01 8.570661562144992196e-01 8.548138054464720081e-01 8.670824880886217612e-01 8.656138138636672030e-01 8.747017268698732417e-01 8.622412629129322381e-01 8.577469653550957585e-01 8.562996670838111113e-01 8.744515221927776638e-01 8.711031125978947465e-01 8.667197035201708033e-01 8.656851718182990707e-01 8.731087447322188888e-01 8.669513804821639136e-01 8.778792477550212414e-01 8.716529983562960604e-01 8.823498098389966904e-01 8.639416654496050452e-01 8.670441087650576639e-01 8.485605098051233197e-01 8.499559857507914540e-01 8.608974415736736496e-01 8.565730293807117812e-01 8.663256358512615440e-01 8.619822690201929261e-01 8.675366035808316223e-01 8.682277713281902898e-01 8.695346662469560783e-01
2.956563269932802052e-02 8.334440733355881481e-02 2.087497977330121379e-01 3.900844681114210566e-01 3.832118714309415974e-01 3.331814966759733543e-01 5.942395201227763657e-01 5.621931766517866969e-01 6.532127212464045041e-01 6.434547040956927200e-01 6.421388320272274353e-01 7.196648579660489542e-01 1.000000000000000000e+00 6.094729384085777468e-01 7.709879929746278338e-01 7.666079264644499736e-01 6.593784262422769382e-01 5.187941704435518053e-01 5.847455784455172223e-01 5.154666910704893690e-01 5.322466468829082364e-01 6.309418086473217446e-01 6.391219913406281927e-01 5.633233452865405999e-01 6.128400714140109784e-01 7.158853917651700760e-01 7.080670344818325024e-01 7.007263012248452494e-01 6.448788614359769467e-01 6.798723654526820370e-01 7.389171260258277085e-01 7.382601713430418933e-01 6.606128134902780058e-01 7.093436054516802924e-01 6.860541761956008289e-01 7.522892469021507100e-01 7.254317663166317542e-01 7.452093605603744564e-01 7.501718336668642406e-01 7.476330307893517269e-01 7.874112181101599051e-01 7.707099669643028284e-01 7.803918047058386875e-01 7.812566245219042527e-01 7.839746747665936599e-01 7.757495574146622275e-01 8.109394854312924616e-01 8.064557275379496959e-01 8.026923758571337109e-01 7.662848328517237739e-01 7.768153582419520253e-01 7.680765513866467664e-01 7.922483885576865337e-01 7.992621210208674665e-01 7.785486367258103169e-01 7.872299625626274500e-01 7.888806840813316068e-01 7.899976578489129597e-01 7.807852010267912757e-01 8.017427202372751083e-01 8.067724058434421197e-01 7.971954239956914323e-01 7.837964590368731166e-01 7.918829559882507585e-01 7.832428324471018000e-01 8.032283393606101107e-01 8.034236403819097205e-01 7.825368609786204077e-01 7.866696221180358162e-01 7.761618078503916829e-01 7.832372806574685598e-01 7.939985330056061885e-01 7.732307102816218247e-01 7.840100058024666030e-01 7.973582880465459599e-01 7.958172695114050788e-01 7.877406135967907064e-01 7.752510430197012692e-01 7.950010868828448762e-01 7.935275705655361334e-01 7.996711158200356939e-01 8.000510199969528280e-01 7.985296006481205078e-01 7.877418985248427763e-01 7.921877088523485710e-01 7.944341070044594888e-01 8.021342256052621522e-01 7.949807568835505212e-01 8.025107460546720972e-01 7.991748824762801018e-01 7.949502420605983888e-01 8.041695847371561623e-01 8.080618539167759851e-01 8.030362180706953623e-01 8.093411637402688763e-01 8.073278435508723927e-01 7.937640917567811982e-01 7.989396616585203725e-01 8.101876211237772907e-01 8.003134144064927291e-01 8.092212379804952782e-01 8.048774891468047921e-01 8.059951971911544222e-01 8.054032943982516457e-01 8.099771461829347041e-01 8.043806572001478417e-01 8.115149336365047317e-01 8.023465438175659825e-01 8.025960321312828327e-01 8.058266981743074098e-01 8.022018714368313042e-01 8.124255772598510950e-01 8.054371211547992626e-01 8.086842788447958785e-01 8.044054652097243352e-01 8.133250904600886066e-01
