1.000000000000000000e+00 1.136576407663568988e-01 8.819660866892144180e-02 6.143049583926708801e-02 2.766362244523648192e-02 -6.667090042316764324e-03 2.678264252122428829e-02 4.394789051130318369e-02 9.087448670010528362e-02 3.102043791172530429e-02 7.178545463525713710e-02 3.580338411563289969e-02 8.313003469573709142e-03 -3.441341947808543994e-02 6.287049697842493276e-04 1.960122038152941129e-02 6.567533462777767894e-02 5.046075909048274022e-02 1.589186996862644238e-02 1.189650834180856348e-01 2.313333844522732705e-02 3.185038397206221145e-02 2.511183950321641684e-02 1.223149812336041600e-02 -6.823721229366032717e-03 2.356541871004694602e-02 4.007484064337404200e-02 3.832698354080765757e-02 3.593185663241893479e-02 5.941128467113857697e-02 5.338893948305800663e-02 2.127549872917120638e-02 -2.045039437883888755e-02 -7.277614482806241993e-03 2.935185992178397305e-02 6.727208545750410287e-03 1.447694600890229132e-02 -2.003902298827391418e-02 1.255176895913065298e-02 -5.058497583390676733e-02 6.727429213950375693e-03 -1.004675490525829516e-02 -5.745827629475221306e-03 7.388106933141176495e-03 7.954374588878159943e-03 1.396523607848000788e-02 6.099769181531713817e-03 1.393640094726245060e-02 1.125098364377441658e-02 2.870078542437151051e-03 4.200457585334313459e-04 -2.384359857676690043e-03 2.016673193034812170e-02 3.756183439069447905e-02 1.866953853345639305e-02 -5.948092532329864526e-03 5.410367956199609724e-02 9.583044927826462125e-03 6.461626497864748388e-03 3.202189832715093831e-02 1.443036831141658767e-02 2.424052269503852719e-02 1.892298816508574191e-02 3.059584937696531448e-02 4.821340477202471636e-02 5.467323078218021964e-02 1.553657450638352977e-02 6.238122921353474008e-03 1.504976588994554575e-02 3.709044383053887450e-02 -1.970701005369994863e-03 1.096800014331114625e-02 4.995233714232959633e-04 -1.162771845113746462e-02 9.413794128800383187e-03 1.602451822126558720e-02 9.172549137232845207e-03 1.667114872472006543e-02 1.847708541464723742e-02 2.501555768890443773e-02 1.335314829618833472e-02 1.907997520481062928e-02 2.109834538174591018e-02 1.020669679109157367e-02 -3.279506091651001633e-03 -3.506609638585296996e-04 3.577792477380351173e-03 -6.497942666366340186e-03 1.651462390587040601e-03 9.543051087102147854e-04 -2.071057173607809485e-02 -3.661990193148292449e-03 -6.851046282859247702e-03 2.720321022840670264e-03 4.719955382668970800e-03 8.572406836800151170e-03 -1.288419320638053772e-04 4.562319505716693618e-02 1.711993682418700910e-02 -3.848648141757019837e-03 -1.065065626772121118e-02 2.110462850619648431e-02 1.209728770084413617e-02 2.827150626947250254e-03 8.155760685391515857e-03 4.102002614102713551e-02 1.435329372692810586e-02 1.111000442506918963e-02 1.050322068905608884e-02 1.165404050633450130e-02 5.101330719868129790e-03 1.936490825948971456e-02 1.486271378091170298e-02 2.462074888634736142e-02 3.442536524801735609e-02 3.264404003644539448e-02
1.136576407663568988e-01 1.000000000000000000e+00 8.687003209018251404e-02 1.310867440421932262e-01 8.553275074878162465e-02 1.136005606458734551e-01 1.608961634018502840e-01 1.583981910279274041e-01 1.611831205740149042e-01 1.827299616984585651e-01 1.612673121357313666e-01 1.681102570808115093e-01 1.441414615100366503e-01 1.240929783343351217e-01 1.695958172248671347e-01 1.610476617959273882e-01 1.625677485003044487e-01 1.340640959496446905e-01 1.523829364130342701e-01 2.040356821061677373e-01 1.049669346331077169e-01 1.488880667782905842e-01 1.745944480944278954e-01 1.387211470109084577e-01 1.306628940395119787e-01 1.817381314602906361e-01 1.809294338730518814e-01 1.752357335994981502e-01 1.876183093545905345e-01 1.892930400184436590e-01 1.946828177783647973e-01 1.750535196936997828e-01 1.578024063263558929e-01 1.628135438428667814e-01 1.718011420486371676e-01 1.389353350939587506e-01 1.673685506318594030e-01 1.499273020974606629e-01 1.622850796923774597e-01 1.473141775445370727e-01 1.644724791843795997e-01 1.572101380710734519e-01 1.361066317184176921e-01 1.573579981842469777e-01 1.626996424235441219e-01 1.688368645738733131e-01 1.655503117333829433e-01 1.682956730434158332e-01 1.675059188552015244e-01 1.410484519112520374e-01 1.551995381652716832e-01 1.180930359649467326e-01 1.592434595631329886e-01 1.787459221506602636e-01 1.675087099843667049e-01 1.683061869010371581e-01 1.689189279684865375e-01 1.560264357932240054e-01 1.692467505347250989e-01 1.732713001011177700e-01 1.632234077510329173e-01 1.685945482094969583e-01 1.602478978189265935e-01 1.617325543256782350e-01 1.635397543840199086e-01 1.754455992041734635e-01 1.700824992726439888e-01 1.641598457608948736e-01 1.783319053344773197e-01 1.770258792778898471e-01 1.579698347082526544e-01 1.628154086938814471e-01 1.634171834052586536e-01 1.546222139797897577e-01 1.670562739474893976e-01 1.702766897255851564e-01 1.713863756987036580e-01 1.763410856339661659e-01 1.778275451340144975e-01 1.772326170287986391e-01 1.738278568417163661e-01 1.748582881345212003e-01 1.774982857117582691e-01 1.744890506059089963e-01 1.640669983448728164e-01 1.655865946868050331e-01 1.643904640578760512e-01 1.654150179882466487e-01 1.657194602079331835e-01 1.655201755902278582e-01 1.632881817341799990e-01 1.629772238068334100e-01 1.601010547222282698e-01 1.676140197835167545e-01 1.680598983046736328e-01 1.714663986672062546e-01 1.540081481758614756e-01 1.675441793346734154e-01 1.663741835907920630e-01 1.630022371474937337e-01 1.515188411615665531e-01 1.653264149835453889e-01 1.627029732302593956e-01 1.586987335966738299e-01 1.540159137636500919e-01 1.797093404153067286e-01 1.693124816550510003e-01 1.688100510971536350e-01 1.701744333386956409e-01 1.676483890010166677e-01 1.690863699301219103e-01 1.688129494121318186e-01 1.705330300684639033e-01 1.671411744060999349e-01 1.668296046037306413e-01 1.731374295373336869e-01
8.819660866892144180e-02 8.687003209018251404e-02 1.000000000000000000e+00 3.102822018556043449e-01 1.870509607736640934e-01 2.207672910128581356e-01 3.359380170863424109e-01 3.216411991887169197e-01 3.332931580741692601e-01 2.944824466061263246e-01 3.582061705573831856e-01 3.763559136179674969e-01 3.333769957740767564e-01 2.708944471916702734e-01 3.501262990100725281e-01 3.593315487432569011e-01 3.240366510373393072e-01 3.535169595515093022e-01 3.593874339638668536e-01 3.306635629305130220e-01 3.445128028556387334e-01 3.619831006319574884e-01 3.773996686371899889e-01 3.556367275015646090e-01 3.484158975821330384e-01 3.688359701506787047e-01 3.676528496897946696e-01 3.596352611088060591e-01 3.653636689265967186e-01 3.748191488251162995e-01 3.777690206183295096e-01 3.767210448385941435e-01 3.392137626400282824e-01 3.710431720494795638e-01 3.755203819719827862e-01 3.701026214752721755e-01 3.740553700454740116e-01 3.674829528164230696e-01 3.697745962517957619e-01 3.650682828132463809e-01 3.623953199292341276e-01 3.601998940150172857e-01 3.832418275920927431e-01 3.732250593795162219e-01 3.790465756574720180e-01 3.690680524766212223e-01 3.594594127010397044e-01 3.640128233668432634e-01 3.659997638541078180e-01 3.755957447005061067e-01 3.658667885057990121e-01 3.768680208648742536e-01 3.843405967217430885e-01 3.720691161765682931e-01 3.734048900805451154e-01 3.663398961409137233e-01 3.919929106681352415e-01 3.648307275046939746e-01 3.700376294182138870e-01 3.702511316291833832e-01 3.810143321992461862e-01 3.771969182682259891e-01 3.779174213550549055e-01 3.772343373128378419e-01 3.776700416023514584e-01 3.810603559931801110e-01 3.632253776667737077e-01 3.736619860596104292e-01 3.760375220774235805e-01 3.848626469752784440e-01 3.693303296434582994e-01 3.735347763284503353e-01 3.713426070520959299e-01 3.719454161936959768e-01 3.651880378687287765e-01 3.661891640256201841e-01 3.636323895329275913e-01 3.647079260629206288e-01 3.670877971079606894e-01 3.656477699065511233e-01 3.691969101223502303e-01 3.723335318939908767e-01 3.737678123353314064e-01 3.658009983173690083e-01 3.675417897142156942e-01 3.706313693931223563e-01 3.710531549343746849e-01 3.681688668967751932e-01 3.674607764400643628e-01 3.728315650670941950e-01 3.643153638147471618e-01 3.669467459520215358e-01 3.680580958040211570e-01 3.685434634509131002e-01 3.623848015952203516e-01 3.670209667155385769e-01 3.764414612830785378e-01 3.692042870524110398e-01 3.725200275268583661e-01 3.656978681254291486e-01 3.720715878368197616e-01 3.733389536268824083e-01 3.753935715050035760e-01 3.685907662541465513e-01 3.754924052783743527e-01 3.759641370899040602e-01 3.663164751126340990e-01 3.666039394806794305e-01 3.652732336097718746e-01 3.629733543534830464e-01 3.648392296881760033e-01 3.673085762298927137e-01 3.691009556963121829e-01 3.705077230198607907e-01 3.686091848329713927e-01 3.706413515161260386e-01
6.143049583926708801e-02 1.310867440421932262e-01 3.102822018556043449e-01 1.000000000000000000e+00 3.258689367134363635e-01 3.811496538088630648e-01 5.649661350671228988e-01 5.605216798641825537e-01 5.806629398936974384e-01 5.354808837868954008e-01 5.933028918028927512e-01 6.507633766330076508e-01 5.753745995136647640e-01 4.633840723442058662e-01 6.186478561062287440e-01 6.334163042819058731e-01 5.706856868813846573e-01 5.779823900498044509e-01 5.940566273025633670e-01 5.088288699844947249e-01 5.767785395437245999e-01 6.222995990249744480e-01 6.203267260800173766e-01 5.870594426245537845e-01 5.960261617125562905e-01 6.317930529112024685e-01 6.244785548679723242e-01 6.283866025425819402e-01 6.155827827971152022e-01 6.407083153343314796e-01 6.385451005122781964e-01 6.411487072532637832e-01 5.988722847054251952e-01 6.291149125860038271e-01 6.250601277894339836e-01 6.251913736349552497e-01 6.266145005353181974e-01 6.304752830322782886e-01 6.432934424744413127e-01 6.159401347533444149e-01 6.324836163327398619e-01 6.293850565158507493e-01 6.341994728512547752e-01 6.470365518905819568e-01 6.483849529028073988e-01 6.417573061460514205e-01 6.361311592901497391e-01 6.367328210088506468e-01 6.393763825898793884e-01 6.308102894532308103e-01 6.370929920066864538e-01 6.245937302863017182e-01 6.465707516024118418e-01 6.421438636336844752e-01 6.344917989079147391e-01 6.372847035115757341e-01 6.460444997643495224e-01 6.464918501722268784e-01 6.352445062017796351e-01 6.463911077242125991e-01 6.500998063596158394e-01 6.425021118171738710e-01 6.392437150131187185e-01 6.433532981753105062e-01 6.460892220885640080e-01 6.511195416782932233e-01 6.378644611862405167e-01 6.452245754962983026e-01 6.453993718020570869e-01 6.441381080778745272e-01 6.460796845686638257e-01 6.440738555858945835e-01 6.356432495714613440e-01 6.397263443675926808e-01 6.449177707934561354e-01 6.429175447788525455e-01 6.385671752123168732e-01 6.397442591320814387e-01 6.425736110089101949e-01 6.393771196466953022e-01 6.404405376930745186e-01 6.424969177937459586e-01 6.465492926767202331e-01 6.415715754910926716e-01 6.473433064009421756e-01 6.433458473867156302e-01 6.388468818121155746e-01 6.464101058043336678e-01 6.443827735339211493e-01 6.486464587316331798e-01 6.344586118685784371e-01 6.423701330126843079e-01 6.419246895552427334e-01 6.434313429928885109e-01 6.408624563563226628e-01 6.419721830677341812e-01 6.482418336475374021e-01 6.488023266106556219e-01 6.501828847768632569e-01 6.439813186640214182e-01 6.427131534033838633e-01 6.506914309495840376e-01 6.475653927265289100e-01 6.461704715187565062e-01 6.498944258010834751e-01 6.525894464940300566e-01 6.448105457815502817e-01 6.415353780113872695e-01 6.466947938122984407e-01 6.423763270952502769e-01 6.473499757081266903e-01 6.460956398825791203e-01 6.477467476839885441e-01 6.480090163111601465e-01 6.436517671985556577e-01 6.483529744958752561e-01
2.766362244523648192e-02 8.553275074878162465e-02 1.870509607736640934e-01 3.258689367134363635e-01 1.000000000000000000e+00 3.001089137472410240e-01 4.505507895512940175e-01 4.611573840256942280e-01 4.327585383549053533e-01 3.931028837704432788e-01 4.398811082378229487e-01 4.802391161913605599e-01 4.605801015483687033e-01 3.729818997153953042e-01 4.847146974143327069e-01 4.930802818898613604e-01 4.482622896574017801e-01 4.192688256474033093e-01 4.403379001587233166e-01 3.552160783437588454e-01 4.298817193905282164e-01 4.766744908458606100e-01 4.538639114539270714e-01 4.282284871009011118e-01 4.513999262491610875e-01 4.808429963992725265e-01 4.790296675022890360e-01 4.764496901044897870e-01 4.647938825186174183e-01 4.808000303148152188e-01 4.775555478792559705e-01 4.783721597111965651e-01 4.513483035383640263e-01 4.642431365303733015e-01 4.775640989556449445e-01 4.705838036159674664e-01 4.721061800838559641e-01 4.842738882691418056e-01 4.922654644702575966e-01 4.653196991176108410e-01 4.899791076257190570e-01 4.884221764616054062e-01 4.939207468638930343e-01 4.991649662572756330e-01 4.944443269239200411e-01 4.928555138690726700e-01 4.848278288593198537e-01 4.945751276552272091e-01 4.902189988248452646e-01 4.849664467155249681e-01 4.872428518798082586e-01 4.807487151280487314e-01 4.879964894197698078e-01 4.896310743459741932e-01 4.877704819693181038e-01 4.909386065263631749e-01 4.770827033803451966e-01 4.952378996165215375e-01 4.811085378946353130e-01 4.985113129509911034e-01 4.944622475831507158e-01 4.862366760037584723e-01 4.778320099343625338e-01 4.897345763219017045e-01 4.923497098981934883e-01 4.866085180566855350e-01 4.878372389108243112e-01 4.891476628004344795e-01 4.859545284474776072e-01 4.804919076595478566e-01 4.923035029685939867e-01 4.912157039567799366e-01 4.790960677586441063e-01 4.873963702754345872e-01 4.916840697821264206e-01 4.915653617944759080e-01 4.890912872569866954e-01 4.876669267527894980e-01 4.889348434347151051e-01 4.864029530168150761e-01 4.905504951492180576e-01 4.886824229799973107e-01 4.859109316453217309e-01 4.853527349234522115e-01 4.915976922133415417e-01 4.880794078746072406e-01 4.888686224422616466e-01 4.893948697529949543e-01 4.928615076286761987e-01 4.900338905888231289e-01 4.848586330494362162e-01 4.967394671537436190e-01 4.918110393872496267e-01 4.946152904227296143e-01 4.918943816143283021e-01 4.882399308893875522e-01 4.911532264742651810e-01 4.881592739058895902e-01 4.929299944359228358e-01 4.917111608740024620e-01 4.957213856475990998e-01 4.874796646514000797e-01 4.920232145370453947e-01 4.983072343635539525e-01 4.957299349323511795e-01 4.803475730883413619e-01 4.885004696734639995e-01 4.897219238847925760e-01 4.885241998929654716e-01 4.912055125036161596e-01 4.880735119762616980e-01 4.941521540741140583e-01 4.860355852156006407e-01 4.914159539331989790e-01 4.936277151763863724e-01 4.867500246955589471e-01
-6.667090042316764324e-03 1.136005606458734551e-01 2.207672910128581356e-01 3.811496538088630648e-01 3.001089137472410240e-01 1.000000000000000000e+00 5.047868803054731401e-01 4.774276207561682361e-01 5.159678490926801198e-01 4.889461227462825188e-01 5.129972635476052201e-01 5.565167406394168070e-01 5.137261952823123368e-01 4.537325701826668833e-01 5.763736588891795742e-01 5.604973520114732155e-01 5.266466710592929701e-01 4.921685909479706633e-01 5.299335456405120937e-01 4.160783963687243459e-01 4.670066476556210544e-01 5.418127199956942475e-01 5.439480219103846048e-01 5.197344975446498427e-01 5.196543838510807589e-01 5.662979285441233079e-01 5.586990165601157798e-01 5.639111948875115132e-01 5.387606147391474920e-01 5.661193046007907403e-01 5.759148632339989859e-01 5.788151072319038803e-01 5.532088238531833735e-01 5.725084782318664578e-01 5.591889971786935254e-01 5.454090644352393991e-01 5.679741355558534099e-01 5.718400909783316610e-01 5.852672887956789083e-01 5.599069142412559374e-01 5.826538935927727536e-01 5.881902566437532398e-01 5.682195724768167588e-01 5.895938497266977052e-01 5.795023898657900574e-01 5.852113253685971017e-01 5.935850940249285390e-01 5.964468299576123345e-01 5.909546505080059964e-01 5.646991293350904773e-01 5.765752967211090763e-01 5.271264754265070351e-01 5.639604347999171985e-01 5.866475472810250835e-01 5.825467492986693419e-01 5.845378205397574467e-01 5.466618513021511694e-01 5.839667887673518631e-01 5.836575718344457764e-01 5.841743828473680011e-01 5.784919917332150829e-01 5.789578954070528916e-01 5.716481941317824722e-01 5.717754881176767556e-01 5.694658697517719359e-01 5.682316191837958330e-01 5.922768496467849531e-01 5.944395709088535762e-01 5.902875513690195586e-01 5.763702770723180269e-01 5.873620782196684598e-01 5.913163814465806079e-01 5.880463856181817883e-01 5.866763622872620543e-01 5.920890271107438485e-01 5.900398566759571528e-01 5.903005151146244467e-01 5.878876925774828566e-01 5.891792596936251680e-01 5.889308765803019652e-01 5.932553231191345366e-01 5.921757631607599270e-01 5.896292489118467595e-01 5.905026252350402682e-01 5.897551476083392474e-01 5.907960174255783015e-01 5.913704515710926923e-01 5.901362049413073629e-01 5.939187626945431342e-01 5.907931632370165831e-01 5.899499206674900798e-01 5.922593674365627114e-01 5.902650287154667108e-01 5.928866676179840312e-01 5.944461838948016386e-01 5.934683395159665587e-01 5.719690060509811103e-01 5.732675293662846672e-01 5.829479688086548483e-01 5.874714231246690455e-01 5.872990462032431358e-01 5.819510498226273532e-01 5.879202560012558587e-01 5.906703591090884942e-01 5.805631411928589003e-01 5.690983936958343703e-01 5.922539129831169147e-01 5.947925838389508391e-01 5.928202039632283205e-01 5.925852966491145235e-01 5.911858591146875730e-01 5.898068038537205293e-01 5.854208836921264147e-01 5.853899352377472942e-01 5.875308013024145293e-01 5.824898520222724363e-01
2.678264252122428829e-02 1.608961634018502840e-01 3.359380170863424109e-01 5.649661350671228988e-01 4.505507895512940175e-01 5.047868803054731401e-01 1.000000000000000000e+00 7.164311582626602393e-01 7.288265089643004568e-01 6.694714888878386949e-01 7.389602314248592263e-01 8.005363497753158475e-01 7.343780462535722808e-01 6.169684320716382064e-01 8.328934330302397715e-01 8.119128914800993746e-01 7.359217413598906354e-01 7.202931780825609920e-01 7.534041817381911255e-01 6.358479476024951893e-01 6.966534585257926349e-01 7.664067584786290466e-01 7.788959306714426933e-01 7.414638993975531944e-01 7.229896965373322493e-01 7.900203955035051129e-01 7.814405931664721860e-01 7.976758149344540527e-01 7.710273458152473447e-01 7.996727105787528878e-01 8.064027745382534862e-01 8.224789194906089174e-01 7.643633564619993770e-01 8.007811369916876254e-01 7.924151615357443168e-01 7.849065182532010132e-01 8.013964853290835855e-01 8.027777835361956660e-01 8.235045260155172686e-01 7.897371711691272278e-01 8.078802726228044850e-01 8.135127140223101794e-01 8.079633471523988142e-01 8.190226674649441208e-01 8.209909090295791634e-01 8.147999202524938145e-01 8.141324536596247219e-01 8.170044931071284156e-01 8.161341775254038478e-01 7.920151307502304450e-01 8.088620181187096136e-01 7.567107800732660872e-01 8.068710848812896685e-01 8.188719908798269831e-01 8.115962353954686570e-01 8.145649018234731864e-01 8.023107852626321090e-01 8.124517943282089094e-01 8.150898444421126321e-01 8.197491319046115166e-01 8.212180792466277079e-01 8.194707213270726598e-01 8.102290249049139970e-01 8.186932865797144077e-01 8.125558875426931449e-01 8.146660460781566249e-01 8.206443396890656938e-01 8.238107066922494282e-01 8.269258137024928512e-01 8.182183366462317808e-01 8.179952129871506106e-01 8.223262221796510119e-01 8.169376918813775479e-01 8.086443596290405766e-01 8.218335837144903344e-01 8.193782507362922241e-01 8.174550132361578791e-01 8.121743112640141815e-01 8.179010051235089396e-01 8.157222760816693619e-01 8.155543687561614963e-01 8.171193416713734559e-01 8.274287283515626701e-01 8.197146983851804070e-01 8.189222623866324602e-01 8.200038785771912586e-01 8.217641319400039723e-01 8.233096232839481887e-01 8.263765602733275095e-01 8.214205212615368623e-01 8.180380038991208469e-01 8.241061932929745204e-01 8.218936601771055228e-01 8.246883402776327143e-01 8.204151931834529066e-01 8.213634432439784749e-01 8.077351591461070512e-01 8.067396122289881566e-01 8.191399933677443457e-01 8.179811687918915331e-01 8.195797303824403635e-01 8.156883840170360278e-01 8.206430526139031345e-01 8.212900129066172950e-01 8.142506183431014177e-01 8.126552872344778855e-01 8.208359058742373815e-01 8.190507919787646252e-01 8.193001013368890195e-01 8.213880418800905137e-01 8.204991867687485563e-01 8.224695564964050742e-01 8.215577835665113238e-01 8.213042464333213388e-01 8.181106509064774990e-01 8.169282245880145066e-01
4.394789051130318369e-02 1.583981910279274041e-01 3.216411991887169197e-01 5.605216798641825537e-01 4.611573840256942280e-01 4.774276207561682361e-01 7.164311582626602393e-01 1.000000000000000000e+00 7.095458811085489925e-01 6.554849235966794252e-01 7.138079831377607265e-01 7.682518868360367348e-01 7.195498451554962482e-01 5.989820442260030964e-01 7.733346746132481186e-01 7.975266108472639504e-01 7.151784796504240260e-01 6.922925390032989013e-01 7.139994592087710590e-01 6.295078322559641837e-01 6.814786866171070878e-01 7.433071459342325271e-01 7.466748688563374925e-01 6.981554384209955888e-01 7.008451157125793474e-01 7.641190396211440250e-01 7.559922765322191207e-01 7.586684879611416132e-01 7.298012744517919925e-01 7.634749858720071281e-01 7.706743937950886192e-01 7.912733850087035892e-01 7.299225536520100865e-01 7.720428191048693822e-01 7.589195065272859031e-01 7.621956251614447897e-01 7.605813961482320584e-01 7.895782755831499689e-01 7.920788855758069680e-01 7.609379682957428948e-01 7.799844435005415244e-01 7.889118383811342117e-01 7.855667587919424877e-01 7.997885954119798857e-01 7.912837688975472572e-01 7.879388060087368917e-01 7.907357105174817047e-01 7.912570456910027472e-01 7.924347516310548123e-01 7.905757162391222614e-01 7.956261561963362539e-01 7.666080435329094556e-01 7.958648760116411314e-01 7.906487842881089190e-01 7.901296951131313584e-01 7.889103273692454898e-01 7.953033369009666620e-01 7.949494604712424861e-01 7.936965277446420552e-01 7.993051166351942127e-01 8.025100202649974035e-01 7.970887257315310004e-01 7.937232937536364830e-01 7.995204760185559145e-01 7.993523174627589212e-01 7.997015737617612086e-01 7.958141261095516006e-01 7.934507222658394587e-01 7.973069922334125037e-01 7.945497851838775327e-01 7.950105193618236532e-01 7.973003511684698674e-01 7.828258914199553997e-01 7.816609269209000566e-01 7.933575459619451875e-01 7.905334599058055911e-01 7.859634856530073321e-01 7.849395795791411778e-01 7.885333422919712509e-01 7.858091138603408021e-01 7.902497584035532707e-01 7.878949652760083300e-01 7.969438802720830717e-01 7.908286000587751996e-01 7.989224954305704784e-01 7.944859326037350122e-01 7.905452583173334657e-01 7.988438580807193379e-01 7.968785965530105209e-01 7.959470505539981700e-01 7.852389596664440807e-01 7.966338162453745486e-01 7.923919554184399860e-01 7.958139125493269850e-01 7.980087275796182711e-01 7.957680360482889403e-01 7.946577250780119117e-01 7.964386287075281290e-01 8.009859560524129618e-01 8.003155601844910150e-01 7.964094057889468115e-01 7.996622521384796345e-01 7.980789016251864654e-01 8.029355073126468456e-01 8.004781028806727816e-01 7.953435592254206599e-01 7.973133662328474314e-01 7.939582974642142021e-01 7.941439273684506306e-01 7.976873403050650513e-01 7.980215354539756945e-01 7.984142103471570939e-01 7.984250749593336804e-01 8.002407842136280980e-01 7.990533362682938900e-01 7.984862741845079048e-01
9.087448670010528362e-02 1.611831205740149042e-01 3.332931580741692601e-01 5.806629398936974384e-01 4.327585383549053533e-01 5.159678490926801198e-01 7.288265089643004568e-01 7.095458811085489925e-01 1.000000000000000000e+00 7.436041234962460500e-01 7.909073527142601590e-01 8.365281327897990948e-01 7.612688864196740512e-01 6.460391562946562471e-01 8.389846884432101692e-01 8.335672769319800723e-01 8.047217520659034617e-01 7.282031761302615314e-01 7.786432171162568361e-01 6.475111840746815561e-01 6.909972097573547911e-01 8.095667597525777470e-01 8.087670281866512489e-01 7.478358937234853565e-01 7.637873322227860529e-01 8.436128655005667998e-01 8.338945802848556355e-01 8.456112051568366317e-01 8.318057935655833735e-01 8.666205285524262170e-01 8.714587335244117217e-01 8.490800434126434260e-01 8.052051700287885527e-01 8.258801347614648236e-01 8.440950674958127564e-01 8.120356216701895002e-01 8.437224522227203538e-01 8.375097236231821007e-01 8.676406866842506505e-01 8.044743070347992742e-01 8.608580849178233407e-01 8.552742661338178509e-01 8.440198512349168514e-01 8.699051816539200566e-01 8.615228612760579274e-01 8.674642504807859034e-01 8.688859994573926437e-01 8.765193628629098788e-01 8.720160033064389138e-01 8.366219489239890006e-01 8.506886573797423079e-01 7.969691550806163871e-01 8.517602192122437632e-01 8.794801302197318149e-01 8.612967134824983662e-01 8.561081175671960697e-01 8.582604562880835619e-01 8.662248241363728063e-01 8.570181847802398334e-01 8.796333080218823319e-01 8.742495629426497716e-01 8.754876303459937503e-01 8.635084087615970683e-01 8.733836165457153911e-01 8.734792539570256364e-01 8.785760912420315094e-01 8.758654095564215591e-01 8.656319988136470522e-01 8.697460472893677741e-01 8.543128585009137632e-01 8.625080487283777186e-01 8.744668368739797470e-01 8.488161438818900839e-01 8.562102172254330013e-01 8.739770565817218673e-01 8.731157683304373585e-01 8.702459217358252674e-01 8.722122047736532435e-01 8.729472800024669077e-01 8.777781161344742067e-01 8.728143027303264523e-01 8.782869171657304852e-01 8.696651722585909683e-01 8.712560571023234557e-01 8.632840019354329764e-01 8.622327172291671671e-01 8.650549103951866714e-01 8.651923746898961820e-01 8.723955470680050395e-01 8.650439683805315472e-01 8.537134192336190974e-01 8.706752105522840290e-01 8.688924739526290297e-01 8.733302914563778607e-01 8.728147496292845142e-01 8.770764709583256380e-01 8.509719002211466599e-01 8.713493689223292815e-01 8.767282449677589184e-01 8.633888567947892723e-01 8.658532926043768230e-01 8.722544583354424619e-01 8.734749394606655670e-01 8.727780135968209452e-01 8.688430753024851683e-01 8.747609663439831484e-01 8.782611433005708124e-01 8.749017902465496821e-01 8.722967110341613983e-01 8.767048794920343502e-01 8.695689996194685412e-01 8.815000133587423958e-01 8.775743519412390059e-01 8.804311574983776367e-01 8.798658989977288236e-01 8.810719582032763286e-01
3.102043791172530429e-02 1.827299616984585651e-01 2.944824466061263246e-01 5.354808837868954008e-01 3.931028837704432788e-01 4.889461227462825188e-01 6.694714888878386949e-01 6.554849235966794252e-01 7.436041234962460500e-01 1.000000000000000000e+00 7.192683762795152314e-01 7.681341746921470648e-01 7.099545662000271706e-01 6.256705048561035376e-01 7.855777529299655670e-01 7.645973918312501949e-01 7.262243641982576436e-01 6.552926703839575540e-01 7.070739810610293663e-01 5.729639212463595310e-01 6.023075213317059529e-01 7.292439840235377391e-01 7.388083416385611280e-01 6.861395267371904749e-01 6.875438849977074662e-01 7.846241877132149600e-01 7.695678443806134306e-01 7.836446558113260297e-01 7.684859077592549603e-01 8.000517079010250887e-01 8.093742558823653344e-01 7.918464586351314782e-01 7.583120313892793840e-01 7.748977380885037070e-01 7.799743904367754110e-01 7.401306253907744548e-01 7.885534321681544334e-01 7.881042197179626285e-01 8.034282612277557911e-01 7.677130953312079065e-01 8.085968103041548671e-01 8.012465377017909951e-01 7.696894486930334622e-01 8.061946997804728676e-01 8.022834437267372110e-01 8.076958782244956225e-01 8.158099190278956803e-01 8.185123573525029395e-01 8.125834774936602223e-01 7.700925983988350376e-01 7.880200367980795262e-01 7.120005986691799738e-01 7.738805277411329175e-01 8.126726700587255658e-01 8.052640310384177047e-01 8.083799525604281611e-01 7.655634080184517964e-01 8.086584148325907107e-01 8.039730572105846518e-01 8.083666813347346602e-01 8.012422116121925564e-01 8.030452556915671503e-01 7.918407381226053587e-01 7.941328995927720014e-01 7.958085165009681772e-01 7.974206631818547830e-01 8.175436160303254374e-01 8.059453000073576456e-01 8.138242459056626021e-01 7.875808805727779749e-01 7.977848638471151110e-01 8.122114828193754965e-01 7.944689320397538834e-01 7.973535327299470232e-01 8.167905563935103919e-01 8.188423946432119571e-01 8.156205313863877926e-01 8.143227839905071708e-01 8.148814936714116053e-01 8.208106973058454381e-01 8.211552697211732532e-01 8.228819906951285734e-01 8.136524727235930898e-01 8.154519040612875358e-01 8.085147435334346655e-01 8.090062766484332757e-01 8.142596999933404689e-01 8.141863251517198474e-01 8.180097127027072812e-01 8.111556260700252263e-01 8.101182040641839999e-01 8.186837691297133013e-01 8.153088569664523888e-01 8.176989132474496991e-01 8.189376149418766682e-01 8.215421327589911282e-01 7.834395829231938224e-01 7.940651786212563623e-01 8.071859833344195989e-01 8.070670520658648206e-01 8.039035138663807034e-01 8.060338412012388876e-01 8.070914712924518453e-01 8.110992210083380893e-01 8.006403544904664438e-01 7.991482696434432098e-01 8.182019841393570747e-01 8.193188197700180808e-01 8.174806945364982980e-01 8.196591677373118445e-01 8.159854126367566129e-01 8.171110443458876604e-01 8.153350051160129786e-01 8.135543920319622258e-01 8.110061481992737464e-01 8.128097117193971988e-01
7.178545463525713710e-02 1.612673121357313666e-01 3.582061705573831856e-01 5.933028918028927512e-01 4.398811082378229487e-01 5.129972635476052201e-01 7.389602314248592263e-01 7.138079831377607265e-01 7.909073527142601590e-01 7.192683762795152314e-01 1.000000000000000000e+00 8.475851171506572079e-01 7.546188620362217492e-01 6.564622556728245684e-01 8.388206354564250455e-01 8.367527725825105733e-01 7.941759247462150118e-01 7.422172130777854315e-01 7.893506476479347223e-01 6.576027464210082440e-01 7.158536005178199879e-01 8.075629352162755348e-01 8.155781034300054744e-01 7.642228058643574240e-01 7.656370454561894912e-01 8.454858705112459072e-01 8.326901598792181280e-01 8.408562401714632095e-01 8.296404219770140420e-01 8.612282342573516214e-01 8.707640043023363585e-01 8.573813162920440600e-01 8.093627948476780354e-01 8.405252737867142665e-01 8.388175157691684092e-01 8.223422389849674996e-01 8.464020717703306662e-01 8.456399637406453174e-01 8.658994737077694293e-01 8.192534002195667187e-01 8.575579183560883001e-01 8.570767347722944018e-01 8.436187947410268562e-01 8.713007718021379411e-01 8.641479819969739573e-01 8.623765682192523485e-01 8.623182436491423353e-01 8.695550879072735384e-01 8.657645007463883324e-01 8.435325684030634541e-01 8.565838894540532822e-01 8.073136489016514705e-01 8.549451044689088119e-01 8.751106756235057516e-01 8.666707172663729031e-01 8.620703367033454301e-01 8.634605741172272086e-01 8.650423301719787350e-01 8.663339166924753920e-01 8.750893596688750220e-01 8.726929826347487040e-01 8.758770595215766841e-01 8.692961938847079129e-01 8.704738158879851140e-01 8.657340280788428100e-01 8.748066936141484229e-01 8.704315869101837411e-01 8.679609259986548198e-01 8.710509235085071023e-01 8.590803824006394418e-01 8.643186784054918137e-01 8.725723081086755872e-01 8.554811226479367425e-01 8.572566762115966243e-01 8.732061647227973289e-01 8.705259264425483368e-01 8.672097577934474444e-01 8.673124264316862675e-01 8.682065369195727245e-01 8.720981403186875980e-01 8.704664032019655551e-01 8.734033137627885690e-01 8.712902031269849079e-01 8.691860224720709960e-01 8.656690864215667025e-01 8.687763154677063948e-01 8.661754193455341033e-01 8.662982103920182642e-01 8.711604224874214264e-01 8.690304343020827105e-01 8.578244804843276894e-01 8.693634241935767060e-01 8.679665081090409684e-01 8.710702553579149354e-01 8.702503886882715367e-01 8.726316742632950207e-01 8.559291514468271300e-01 8.646688533909453467e-01 8.712375172341009222e-01 8.637010985538519092e-01 8.644485932122900618e-01 8.711901358895386416e-01 8.702861558159914468e-01 8.700849620588239075e-01 8.671982648870170118e-01 8.723474775935784464e-01 8.725003573366075793e-01 8.721974263666660843e-01 8.715621938782142086e-01 8.715447833325983273e-01 8.694598356183217414e-01 8.745743719325884680e-01 8.736440965858801588e-01 8.748766786785058258e-01 8.728927501935557220e-01 8.732510566268456564e-01
3.580338411563289969e-02 1.681102570808115093e-01 3.763559136179674969e-01 6.507633766330076508e-01 4.802391161913605599e-01 5.565167406394168070e-01 8.005363497753158475e-01 7.682518868360367348e-01 8.365281327897990948e-01 7.681341746921470648e-01 8.475851171506572079e-01 1.000000000000000000e+00 8.237552217335556426e-01 7.044848515871632300e-01 9.056419245422041575e-01 9.059492930883497053e-01 8.470048230090613250e-01 8.065388899192598160e-01 8.542690937081770519e-01 7.110945916367474862e-01 7.855472663215590234e-01 8.801522495171527627e-01 8.841671570031339744e-01 8.335554740262685058e-01 8.407037924338931489e-01 9.089915008989525314e-01 8.982344887093730579e-01 9.069283055378575265e-01 8.903983379678408472e-01 9.178279521635175353e-01 9.243722678138370785e-01 9.290512309353986531e-01 8.776299941114446002e-01 9.114901494586751252e-01 9.026149520834929607e-01 8.942960742519897588e-01 9.122045809175459707e-01 9.217083310724257794e-01 9.350202678849317550e-01 8.977570864221839919e-01 9.280344748064099925e-01 9.267288396688933005e-01 9.243200328070164673e-01 9.390001584772564858e-01 9.382152588686017980e-01 9.322621039492084982e-01 9.344996707649337875e-01 9.375526342230782184e-01 9.350953808771260700e-01 9.176250393980511788e-01 9.314710440785329837e-01 8.841596066608883309e-01 9.294977380667616140e-01 9.377685711721609474e-01 9.301516089683988797e-01 9.313227499205044557e-01 9.287099257050358547e-01 9.352820392036275132e-01 9.344245101036565693e-01 9.404738187950790751e-01 9.417876652386287795e-01 9.425347032592217289e-01 9.365147338068054994e-01 9.391823321993044704e-01 9.345419020667782295e-01 9.378848047999590598e-01 9.396467906614744958e-01 9.408461830230111511e-01 9.413915598481485958e-01 9.326462752883919460e-01 9.380510258268026647e-01 9.438741734845277342e-01 9.297404053727632567e-01 9.318609130429034160e-01 9.424192725851240349e-01 9.402977912320769072e-01 9.364289949459576601e-01 9.354114162359580265e-01 9.364883496710428856e-01 9.372292022885020391e-01 9.383891228563343567e-01 9.403032335721708268e-01 9.410330803388468057e-01 9.392091683712282535e-01 9.382770059220232328e-01 9.389651415605915208e-01 9.387227683503515108e-01 9.401353285182383335e-01 9.420569133845344556e-01 9.396801220246394637e-01 9.335859047826625678e-01 9.415798855189978500e-01 9.420469946072492773e-01 9.426959662980729515e-01 9.398969142550932521e-01 9.414908514494290115e-01 9.317586607507422070e-01 9.296326809542395653e-01 9.424034831318663930e-01 9.368713688877017276e-01 9.403057621684242084e-01 9.395680956106702286e-01 9.419928781076826185e-01 9.437455471915444649e-01 9.404795721712200240e-01 9.360326070826318068e-01 9.414248839505687805e-01 9.390351536296421830e-01 9.395267526628227062e-01 9.402995489852464805e-01 9.395073114916938639e-01 9.432864426257072665e-01 9.421012402425403831e-01 9.430684859134579323e-01 9.402521796713799729e-01 9.404649971217885485e-01
8.313003469573709142e-03 1.441414615100366503e-01 3.333769957740767564e-01 5.753745995136647640e-01 4.605801015483687033e-01 5.137261952823123368e-01 7.343780462535722808e-01 7.195498451554962482e-01 7.612688864196740512e-01 7.099545662000271706e-01 7.546188620362217492e-01 8.237552217335556426e-01 1.000000000000000000e+00 6.362155609879628360e-01 8.326234138340767865e-01 8.368792208963354851e-01 7.672243075160123382e-01 7.127087981245556758e-01 7.547486122191185975e-01 6.287921616493949983e-01 6.920127816024389533e-01 7.882899380390702149e-01 7.891571175947514893e-01 7.377512658420797287e-01 7.492623931060892195e-01 8.228568339656948671e-01 8.165588751256546152e-01 8.192754435881749453e-01 8.062349362777838646e-01 8.363688044542413325e-01 8.369764314558466589e-01 8.438664912705924337e-01 7.987553942322210832e-01 8.250841250404389315e-01 8.258216758830387860e-01 8.138545499647893422e-01 8.271473052354423317e-01 8.367752599079648634e-01 8.568641488276395046e-01 8.150953702925433086e-01 8.549383407518823530e-01 8.480222072529115529e-01 8.454994599113581089e-01 8.624232151673003610e-01 8.548930903890284982e-01 8.497753201983268001e-01 8.585278272748364525e-01 8.600772336926777450e-01 8.570818360685906745e-01 8.336104680783248400e-01 8.450389871585123336e-01 8.020647634820317062e-01 8.411687091407079597e-01 8.535438077306679583e-01 8.480004173952070401e-01 8.480034247642720402e-01 8.305428845566088514e-01 8.548718854489085750e-01 8.451607117943826797e-01 8.589360310564549961e-01 8.600135214494514235e-01 8.536370151027884434e-01 8.456814411428705824e-01 8.557902666828683946e-01 8.530486312138966243e-01 8.455641995142306744e-01 8.617957103748968839e-01 8.578997160437507041e-01 8.585346460055236495e-01 8.455418706887917191e-01 8.509637459187805453e-01 8.588927084870648931e-01 8.465901861915061666e-01 8.488756812042516087e-01 8.609321254042983096e-01 8.597786927201597207e-01 8.539933449493714024e-01 8.542153662742733022e-01 8.568718676714786042e-01 8.580534251141327395e-01 8.596289120834172959e-01 8.599375493906011858e-01 8.583223226145314522e-01 8.582810029347522907e-01 8.606922043233531383e-01 8.572265613458359690e-01 8.592842938125567764e-01 8.610623231998734139e-01 8.649427608403775780e-01 8.589786675194219789e-01 8.522969079827572569e-01 8.632663626236977139e-01 8.623099005303921372e-01 8.632714114208901446e-01 8.625509882998960709e-01 8.624594581663395099e-01 8.517509538763794463e-01 8.461798408864635856e-01 8.599744639479843800e-01 8.587563388818615362e-01 8.648778941926255071e-01 8.563775693382604803e-01 8.587556473528604739e-01 8.660425995315534919e-01 8.598876606898893105e-01 8.470192976721419020e-01 8.602291603984245638e-01 8.611457970171590981e-01 8.599332818355226449e-01 8.617730094456789169e-01 8.592995938786923693e-01 8.633806595824824459e-01 8.581457015839130120e-01 8.611318275115888987e-01 8.603401468879210423e-01 8.552741820332334655e-01
