1.000000000000000000e+00 1.096300140430958026e-01 9.525487766545746859e-02 1.182770059371824750e-01 1.479618523901122217e-02 2.418103956004269417e-02 5.251912416212213552e-02 7.755223739082318934e-02 9.340936192709765884e-02 5.204837170095893972e-02 4.724320793458650081e-02 4.385970506974470190e-02 3.667090475462635168e-02 4.997385211316006381e-02 3.205033835720268176e-02 6.223093712171218900e-02 1.132744340882928941e-01 1.578229636573170447e-01 1.648401217727688273e-01 1.318594817484361470e-01 1.700936277907033056e-01 1.691614241713651767e-01 1.232871529802521404e-01 1.724328897835419871e-01 1.657225727621443878e-01 1.072250991347378918e-01 1.239073696613977593e-01 1.205390850833033822e-01 1.157225839547307289e-01 1.616553397162713290e-01 1.372767893904423553e-01 9.581362528387123156e-02 1.089005317610347717e-01 1.221737902227880007e-01 1.070971931050785642e-01 9.193262388621618875e-02 1.061015158765002409e-01 7.085940952882656407e-02 7.603289183901117132e-02 6.037566214699883332e-02 4.911444592915963775e-02 3.232887807648779366e-02 6.749501029529961227e-02 5.149078078657667867e-02 7.198092212069538698e-02 6.463256778123932511e-02 2.334927447365824429e-02 3.106613326863941899e-02 4.021285029763885244e-02 5.591797928258113171e-02 5.100122677295931828e-02 8.756821225387120822e-02 3.918521448226005427e-02 4.555104630776867641e-02 4.489966540897838421e-02 5.222835257104214285e-02 6.708076296579261466e-02 2.689657473662061468e-02 4.396894178178185897e-02 4.007575228094168579e-02 4.153263500390068363e-02 5.974677725372785214e-02 4.950981627560582798e-02 6.134412472178204373e-02 4.887364598420208123e-02 5.855558251281758192e-02 2.952244495362913931e-02 5.165779927840900149e-02 5.661915705610705285e-02 5.572428496092057121e-02 5.573498839896018353e-02 5.138008314597329595e-02 5.666189551406974889e-02 5.995115651294594117e-02 5.361974982302615544e-02 5.486310556662703924e-02 5.341694108538173197e-02 5.488860213107323721e-02 4.673263014254386977e-02 5.192610040839459873e-02 6.472337092017961535e-02 4.974160615486730025e-02 5.304451773302019252e-02 6.332866252323506029e-02 4.520872578325776242e-02 5.846564739282757162e-02 4.287896909877914747e-02 2.633028767114056062e-02 4.083547205494976462e-02 4.268622406221848214e-02 4.196629625038566375e-02 2.385567298441430492e-02 3.096379277842619890e-02 2.851431309783997864e-02 1.119614041542536624e-02 1.837888430135090415e-02 2.164155880312180688e-02 3.473036381940883960e-02 1.740331200709207063e-02 2.800612839722909850e-02 2.511197456479337398e-02 2.530543043226818681e-02 1.652841572260253800e-02 2.425841476911560005e-02 3.546717708539261910e-02 3.233820272056242562e-02 2.751469637972956545e-02 2.276548851233600734e-02 2.985582743965716282e-02 2.525875706599153836e-02 1.307094984321010255e-02 1.698637574393508515e-02 2.630874489903722510e-02 3.045383888068687803e-02 3.037125238730706278e-02 2.905602889118146653e-02
1.096300140430958026e-01 1.000000000000000000e+00 6.123637953339106793e-02 1.360603573137889599e-01 7.136831638194353344e-02 1.192603014094937436e-01 1.430920230017952710e-01 1.411950673867774508e-01 1.480626155737437000e-01 1.563373146341194009e-01 1.289808858105530587e-01 1.500429884678761983e-01 1.136732908299095818e-01 1.501262476648836941e-01 1.497263188262504263e-01 1.486445587681016200e-01 1.637956622722680777e-01 1.750911440698605104e-01 1.635952392099820907e-01 1.480384046987598679e-01 1.784774566822521225e-01 1.706146350168333270e-01 1.820898009233581638e-01 1.784638535024253569e-01 1.656863061665965198e-01 1.557736635252098545e-01 1.861374409482633718e-01 1.819342502920329174e-01 1.850410321803232228e-01 1.818043560425826044e-01 1.951401081543751026e-01 1.780707282557293381e-01 1.614560143743148657e-01 1.772043534259408748e-01 1.496846652693507029e-01 1.749966483916808868e-01 1.816446956647233824e-01 1.776843713831748883e-01 1.796045796708089504e-01 1.638134623831367931e-01 1.634712649767585957e-01 1.609406460713267706e-01 1.579503560748535262e-01 1.637430480946111544e-01 1.680153501664051197e-01 1.688795646069696510e-01 1.587274221855558276e-01 1.579741302132403047e-01 1.603582229133083681e-01 1.544039106672047412e-01 1.665879953821591541e-01 1.658311865168740074e-01 1.526281133566043946e-01 1.617435791581895432e-01 1.620459580447499437e-01 1.690983208444568620e-01 1.632648189737784250e-01 1.599289927035318359e-01 1.649062719417326017e-01 1.624580278675544498e-01 1.582711607764424322e-01 1.613430407725039983e-01 1.615869306406919614e-01 1.672747096385486798e-01 1.550529640568993062e-01 1.636505906342445860e-01 1.579488776861257548e-01 1.636368732096829259e-01 1.671969590384363991e-01 1.604883350217273519e-01 1.631757413650393174e-01 1.630337166974299423e-01 1.636182185230914965e-01 1.598716431196909038e-01 1.657144433717138710e-01 1.688373609211536730e-01 1.692257548656358190e-01 1.712246464425496995e-01 1.672222496627361332e-01 1.709690399475681244e-01 1.744519030057612163e-01 1.702113955323862615e-01 1.695598860053200985e-01 1.628562140052722818e-01 1.613203023105245493e-01 1.684614905638554538e-01 1.668260687176964518e-01 1.597011544732479249e-01 1.662676762781492568e-01 1.638710732354482780e-01 1.631405705874183210e-01 1.585491735305438188e-01 1.608664138793767240e-01 1.579612325593757749e-01 1.538907721446209909e-01 1.572017231778620738e-01 1.552239043393369433e-01 1.566279067410991099e-01 1.544342998033919612e-01 1.590652508657780517e-01 1.544268420529242847e-01 1.570351496448845474e-01 1.518585262446349449e-01 1.556715977548214225e-01 1.601967334340893834e-01 1.544839834825628977e-01 1.586948506202907061e-01 1.570159356041676835e-01 1.565718962132789382e-01 1.573625720488151802e-01 1.535813427605064174e-01 1.540089322715046671e-01 1.545294842363048038e-01 1.592552639212707066e-01 1.593192687130070007e-01 1.563380335382698050e-01
9.525487766545746859e-02 6.123637953339106793e-02 1.000000000000000000e+00 3.732323649192513804e-01 1.922981020569583255e-01 2.366773375592674256e-01 3.309048353960118982e-01 3.172220681624707272e-01 3.095997419327864986e-01 2.834793405879830752e-01 3.798968304413716246e-01 3.852229445592462165e-01 3.137474847236058628e-01 3.204562111725155482e-01 3.612215320122957318e-01 3.587659176260167837e-01 3.279303893337593978e-01 3.917301795541002218e-01 3.771703822458881694e-01 3.168378860246660600e-01 3.810446357164610220e-01 3.802253136560029834e-01 3.516426623516670791e-01 3.870014821175609132e-01 3.817372084979260283e-01 3.809722349844019140e-01 3.969252356657008707e-01 3.812001674868181200e-01 3.648591028899342836e-01 3.860449770454077445e-01 3.994137038768175718e-01 3.766915570333398966e-01 3.564139575885661437e-01 3.871383476900330800e-01 3.699104019522237996e-01 3.836777685223982659e-01 3.826891582418043281e-01 3.547620312334226478e-01 3.736560693560073698e-01 3.602469511864875296e-01 3.578607341478514114e-01 3.531401703768022315e-01 3.769993073866937938e-01 3.819094785608596609e-01 3.818376917984814822e-01 3.777911208799681897e-01 3.500067002766389379e-01 3.503718948032732983e-01 3.540905034679782681e-01 3.658419041585685982e-01 3.572796905575490456e-01 3.797254318699176956e-01 3.644157569424785192e-01 3.445754024391640691e-01 3.472666424920789474e-01 3.639265119186786968e-01 3.491333120862277761e-01 3.521596553907634930e-01 3.480704786406437212e-01 3.546877954714703352e-01 3.610594148966179695e-01 3.575560828831075288e-01 3.483628665466618757e-01 3.662651720451914339e-01 3.633115346373912424e-01 3.604040683323690986e-01 3.497390572784320195e-01 3.702746863611589556e-01 3.688206242933396162e-01 3.702527288630689251e-01 3.736591850590320063e-01 3.649656323886552034e-01 3.736877488257001056e-01 3.713832415346541294e-01 3.703682311760496115e-01 3.709869223566729657e-01 3.701057343868775495e-01 3.651869607257997030e-01 3.703288160863296707e-01 3.670255840088219035e-01 3.689689052196404861e-01 3.754937312997845278e-01 3.583180574401662599e-01 3.635097613150474749e-01 3.628338217562358525e-01 3.719294000774009401e-01 3.699619904273807602e-01 3.551892887172543589e-01 3.628612410295981583e-01 3.560035352953590526e-01 3.605495293984567473e-01 3.521767778028971896e-01 3.645972507734901447e-01 3.614152541336950186e-01 3.478389984109899191e-01 3.487370230960845086e-01 3.552108490038150546e-01 3.520097382247139861e-01 3.506224481192471432e-01 3.563333771684680795e-01 3.612250729921311909e-01 3.502367518396812263e-01 3.532196249645359054e-01 3.561571014862927043e-01 3.642114721461873761e-01 3.461940130347459510e-01 3.501381795045132028e-01 3.502666587008128052e-01 3.532138093569138770e-01 3.535140337380537345e-01 3.481355778625586095e-01 3.482069780507638379e-01 3.504418369491968943e-01 3.544224928727934820e-01 3.551136266321881507e-01 3.466333630713143710e-01
1.182770059371824750e-01 1.360603573137889599e-01 3.732323649192513804e-01 1.000000000000000000e+00 3.230966188771831060e-01 3.318338144774405918e-01 5.310040890544290848e-01 5.072647702221986243e-01 4.935108123890170617e-01 4.421964671225631638e-01 5.354049291017445311e-01 6.207686334231469205e-01 5.216879611216350687e-01 4.714749009000905322e-01 5.695135847742801571e-01 5.700337832252613257e-01 5.123567695256840970e-01 5.508867168474396170e-01 5.444885044288592102e-01 5.236793822458558623e-01 5.968210342592852324e-01 5.991875800188081191e-01 5.278245596621489177e-01 5.733660955527447589e-01 5.696169106251711689e-01 5.610649287683390218e-01 6.043523451154509951e-01 6.022616605877071372e-01 5.587434165164107958e-01 6.232163253252096524e-01 6.359125342649778467e-01 5.708001311027303126e-01 5.629998077522060385e-01 6.007463682545235439e-01 5.719990810797666025e-01 5.890815923804370025e-01 6.024306931967929879e-01 5.673126852165986111e-01 5.939351676508324296e-01 5.683655959907003563e-01 5.511611220941894373e-01 5.556499254039158897e-01 5.935089710657024398e-01 5.950524750053461931e-01 5.984949120645046694e-01 5.883979184750217639e-01 5.501391948005324162e-01 5.403460047646959641e-01 5.535441650207645337e-01 5.763811755958389016e-01 5.714178504025018146e-01 6.150010367907279285e-01 5.861674352022961942e-01 5.364229673362870265e-01 5.382322342701484352e-01 5.610164442136806873e-01 5.607393013010418814e-01 5.465637458726302356e-01 5.452535981671630116e-01 5.614304215463080672e-01 5.689018905079850086e-01 5.553502024372528600e-01 5.471231157244628163e-01 5.837181849048981297e-01 5.670819687691819322e-01 5.741068580462469484e-01 5.460256433104810903e-01 5.674346124594994434e-01 5.696943591669478835e-01 5.905284649689760412e-01 5.801971551776944347e-01 5.749022715480915924e-01 5.729048841936376091e-01 5.721629670756646080e-01 5.769523610949521819e-01 5.798143204061093625e-01 5.755501175678799930e-01 5.730958302367458179e-01 5.811863021904503102e-01 5.851436332717884214e-01 5.897179069059623746e-01 5.918105589919071541e-01 5.672588000843677980e-01 5.748911197100614601e-01 5.667317190412280992e-01 5.808436476306434448e-01 5.748118811182136856e-01 5.598120452722653573e-01 5.697505903029044250e-01 5.578005070990101899e-01 5.687323192424112994e-01 5.556693736704377828e-01 5.732715976806299629e-01 5.705033544074874508e-01 5.490878159518028934e-01 5.462762195574616397e-01 5.692255343362432329e-01 5.666547257500419432e-01 5.581727834785088493e-01 5.626821647186638353e-01 5.679600079361153409e-01 5.588866641035594718e-01 5.649595627477204118e-01 5.644908134837878233e-01 5.767990676263700101e-01 5.587159157765118067e-01 5.579072830791239612e-01 5.483425424207153398e-01 5.511900729440702973e-01 5.549265839628432229e-01 5.406704073829041723e-01 5.482980848579631639e-01 5.496613040296417507e-01 5.613998200916057169e-01 5.593388484779621139e-01 5.570969378182643039e-01
1.479618523901122217e-02 7.136831638194353344e-02 1.922981020569583255e-01 3.230966188771831060e-01 1.000000000000000000e+00 2.576407380594043506e-01 4.632489776325349751e-01 4.503041930920143043e-01 4.131782006774710747e-01 3.844676764552380499e-01 4.307952914281235057e-01 4.869002324339686272e-01 4.941391376104486421e-01 3.984990615102582123e-01 5.013335560818217296e-01 4.959992719432898545e-01 4.185172646734477975e-01 4.012095200596603739e-01 4.009932161737279621e-01 3.554012577346977730e-01 3.672555226157078745e-01 3.962163113658010993e-01 4.076359741738344034e-01 4.164417294340856945e-01 3.993976277427677690e-01 4.422463619775264809e-01 4.479589301790165012e-01 4.453719454561430591e-01 3.873683494306657815e-01 4.282473299423854574e-01 4.422743438465228105e-01 4.617270358935260388e-01 4.488484347106975192e-01 4.708097015857454215e-01 4.626472772265277644e-01 4.640607336630096502e-01 4.704461804044420270e-01 4.650427683537914358e-01 4.780026572742365198e-01 4.718487826765551119e-01 4.800294241495862146e-01 4.869570715349302303e-01 4.745309399674593753e-01 4.988308025934795054e-01 4.795557018705128294e-01 4.786318804048835251e-01 4.887767706497092579e-01 4.895731017014249287e-01 4.861352083445859562e-01 4.821387326211724056e-01 4.801175508878808285e-01 4.705669287226588171e-01 4.859108042691419604e-01 4.825408101080336798e-01 4.750649147056934529e-01 4.710307768668609563e-01 4.767671004134426682e-01 4.868257497687461521e-01 4.753264540940391747e-01 4.866303986587073305e-01 4.946809613425327545e-01 4.759338944925666226e-01 4.710503336531438601e-01 4.853848809101221073e-01 4.890130222821781891e-01 4.786191104091576110e-01 4.883679493825635043e-01 4.899994017464323059e-01 4.854615256004853330e-01 4.841702082584199429e-01 4.848059302553184846e-01 4.878060137975543942e-01 4.905456109836429102e-01 4.852154330878483135e-01 4.857551965827350826e-01 4.854800087858472946e-01 4.792037795662550392e-01 4.697107561287458544e-01 4.808062953927745298e-01 4.843780387575095658e-01 4.794885908121770401e-01 4.879013701298097194e-01 4.858304769820976921e-01 4.787346646238159753e-01 4.912315624573160844e-01 4.939976202198845812e-01 4.900314243057866115e-01 4.876604624119158515e-01 4.926354154783220141e-01 4.809170570257920163e-01 4.916643491429975033e-01 4.921226079741538029e-01 4.960803177825384713e-01 4.942742519470581519e-01 4.910357651327155182e-01 4.915990471492529545e-01 4.926986947805845896e-01 4.906331050166047314e-01 4.910058764151565835e-01 4.920463680452901167e-01 4.971600945844706909e-01 4.880723130163328594e-01 4.944891307258776902e-01 4.969592592474758042e-01 4.944263744302854202e-01 4.909979722906749333e-01 4.929198069548850203e-01 4.920673021920162205e-01 4.897026767386888357e-01 4.914192707595871901e-01 4.858470515926736621e-01 4.906216915621722241e-01 4.876711839589699116e-01 4.903604133763140860e-01 4.913799850620437226e-01 4.861197020263975932e-01
2.418103956004269417e-02 1.192603014094937436e-01 2.366773375592674256e-01 3.318338144774405918e-01 2.576407380594043506e-01 1.000000000000000000e+00 4.691083703717346398e-01 4.333690485495564348e-01 4.344283956929567703e-01 4.096940254803483339e-01 4.649579490860473174e-01 4.860384239828941522e-01 4.519953404818181086e-01 4.121441747948429990e-01 5.093978921858327569e-01 5.061721317922753816e-01 4.478419963853116914e-01 4.451178935070965181e-01 4.469478884650840977e-01 3.878026365846694024e-01 4.300062528690133390e-01 4.653252158044426934e-01 4.642902232524896977e-01 4.571640508926633206e-01 4.558115420003961415e-01 4.754643932696189235e-01 4.913938678694746431e-01 5.074830451140329712e-01 4.613185079695216739e-01 4.759693102485600402e-01 4.961262436254563202e-01 5.032409285191740134e-01 4.951103670575324744e-01 5.083286961267657889e-01 4.751454426199130943e-01 5.039232351040928704e-01 5.077148099907516920e-01 5.126443976050845119e-01 5.220631658855511281e-01 5.152020036633921940e-01 5.116503338847688820e-01 5.173429485505708358e-01 5.213998225843275991e-01 5.201159154079968427e-01 5.212801987686803695e-01 5.186793215070334417e-01 5.063393297031570928e-01 5.066047112992057011e-01 5.115101147285392447e-01 5.077431790446315096e-01 5.161780360700692905e-01 5.167755873726975757e-01 5.168257555409753179e-01 4.993525879478710183e-01 5.088416644524926813e-01 5.128892666560713742e-01 5.115971992682090130e-01 5.097248059619156058e-01 5.097061148995811752e-01 5.119651566569082268e-01 5.176470411737792432e-01 5.086809245451079375e-01 5.099654585123684081e-01 5.161595170401703792e-01 5.059849272732100944e-01 5.059740150610606557e-01 5.107051034656484578e-01 5.203738417565536567e-01 5.188968291199118621e-01 5.121648803007676776e-01 5.145856627411460327e-01 5.181652479503761066e-01 5.212543172296596472e-01 5.173377653397459586e-01 5.207818752054652611e-01 5.238035329466705914e-01 5.203924088683180571e-01 5.143399643049141323e-01 5.208125167013532009e-01 5.222888579357714001e-01 5.268447744963014046e-01 5.212144078779124001e-01 5.219560262376568005e-01 5.169732099090995625e-01 5.216508781340165601e-01 5.250474469291254165e-01 5.239110540682169193e-01 5.179878724998706607e-01 5.206971779848709181e-01 5.203933099315816158e-01 5.241507071848552357e-01 5.168908589877623250e-01 5.235539098421502224e-01 5.193400515829506014e-01 5.139004637554454025e-01 5.139295887299943910e-01 5.238418865227884025e-01 5.117885329306757214e-01 5.182498426026738159e-01 5.223576287122548845e-01 5.252369811399579813e-01 5.204747217195733189e-01 5.175605506499004749e-01 5.187117479992908731e-01 5.212772879319216290e-01 5.177067647398448935e-01 5.164377620057492013e-01 5.156831270177048010e-01 5.166079392977139806e-01 5.136193364762707825e-01 5.139329849688736296e-01 5.122801271715009541e-01 5.159499912075600214e-01 5.145384029055016795e-01 5.169996964338048340e-01 5.112847521219022751e-01
5.251912416212213552e-02 1.430920230017952710e-01 3.309048353960118982e-01 5.310040890544290848e-01 4.632489776325349751e-01 4.691083703717346398e-01 1.000000000000000000e+00 7.236421327986787277e-01 7.043294833072814010e-01 6.515981870226053019e-01 7.213147041286455119e-01 7.663852683570656632e-01 7.302960495948938036e-01 6.701769312559179292e-01 8.309245632227261202e-01 8.073521686314378831e-01 7.059144880060272964e-01 6.661857076981003711e-01 6.881813240229986972e-01 5.557870237935816915e-01 6.176947212957771827e-01 7.057533969161882137e-01 6.846883291877334798e-01 6.881721981948873967e-01 7.058134927715460361e-01 7.405614005703796687e-01 7.560667647320531426e-01 7.698643170734750241e-01 6.995708868583528917e-01 7.261072095446515773e-01 7.433547405206268888e-01 7.623195167770878689e-01 7.426213245385115957e-01 7.646296276242552370e-01 7.506028780837878944e-01 7.601979158182414764e-01 7.774172315106346876e-01 7.821624456180110707e-01 7.907556681478434824e-01 7.785821976693071411e-01 7.914750711612819067e-01 8.030052650436790840e-01 7.912685324159453026e-01 8.107353240291634844e-01 7.986312366574097599e-01 7.976497339769903494e-01 7.982632532347492260e-01 7.990152828931845752e-01 7.898254234371090421e-01 7.823925788279451066e-01 7.916014644100141107e-01 7.830502034971671410e-01 7.967841623092958292e-01 7.932350998304915635e-01 7.875092828314113058e-01 7.839919527716913139e-01 7.873539327679515143e-01 7.960023169249418329e-01 7.943896203128252287e-01 8.000642909247472900e-01 8.006835776544161121e-01 7.919304669537778896e-01 7.889567087588799099e-01 7.955690232160328446e-01 8.023712808181583389e-01 7.914837287523738274e-01 8.008976149435882430e-01 8.057741451454405457e-01 7.995930092379028853e-01 7.770527383419147949e-01 8.029270234171818066e-01 8.075277532317167717e-01 7.996983315303332063e-01 8.042369230599808461e-01 8.054550980705320606e-01 8.081403181628900034e-01 8.052582474870271234e-01 7.885732477962998921e-01 8.003396357308780740e-01 8.004972766604915302e-01 7.991486394348750188e-01 8.008520077057779130e-01 8.008991607273038271e-01 7.984992967537930530e-01 8.041455917202917636e-01 8.049148774452141719e-01 8.019108609022542744e-01 8.042252254724350236e-01 8.061408942136762956e-01 7.959940358737906951e-01 8.088343721324846580e-01 8.066216184736337835e-01 8.106038446083243532e-01 8.110370553858557985e-01 8.007346358046640855e-01 8.011371130968815146e-01 8.007083208995348089e-01 7.966416143954111462e-01 7.998855550613470644e-01 8.043883436979298862e-01 8.074766859242616945e-01 8.005269326247446138e-01 8.054861047276115071e-01 8.082420823491633932e-01 8.096505066397539085e-01 7.993924059159976947e-01 8.019560534362216719e-01 8.025384248344584748e-01 7.996997346253996719e-01 8.023814536178663914e-01 7.979831415561809971e-01 8.020794330405087713e-01 8.004525998818057264e-01 8.015826920328684713e-01 8.041489119579635636e-01 8.008379536401626364e-01
7.755223739082318934e-02 1.411950673867774508e-01 3.172220681624707272e-01 5.072647702221986243e-01 4.503041930920143043e-01 4.333690485495564348e-01 7.236421327986787277e-01 1.000000000000000000e+00 6.581897775560542341e-01 6.080014036184452353e-01 6.732779578575391888e-01 7.323743159106717027e-01 6.927061587084191174e-01 6.225381186311950144e-01 7.658070106269398991e-01 7.842848554804539019e-01 6.804047404970426927e-01 6.684721469701686569e-01 6.785541780510394583e-01 5.777335326369548163e-01 6.278183177636261769e-01 6.826921687530713712e-01 6.733596290721552968e-01 6.800419704956707223e-01 6.828035475481807337e-01 7.259725939015727603e-01 7.188463987002275957e-01 7.323596562389635967e-01 6.604900934831772208e-01 6.930425411958399673e-01 7.012589382616194467e-01 7.455854056393774743e-01 7.156918233542408636e-01 7.399614438625250479e-01 7.205918066162029234e-01 7.331196406539056687e-01 7.351697298088774035e-01 7.491947495301575222e-01 7.502432325375728572e-01 7.516055500830791658e-01 7.434359864065407386e-01 7.533402510263343954e-01 7.603175094341255713e-01 7.676331130347028298e-01 7.586225215159930757e-01 7.612371531945824055e-01 7.520691323924231231e-01 7.506794956038148614e-01 7.525507682797168973e-01 7.509849769592250590e-01 7.552481220935212125e-01 7.486773834143816142e-01 7.530262371854229420e-01 7.471068226471624385e-01 7.422142639290444377e-01 7.492012129300805734e-01 7.495086503914943910e-01 7.488383638532571940e-01 7.490693059773967377e-01 7.521527833495188498e-01 7.561489647012662463e-01 7.509532804764300629e-01 7.499064228911306307e-01 7.562259074073806042e-01 7.584772185258581434e-01 7.486570805677825735e-01 7.480832224221248827e-01 7.596889402530895286e-01 7.560015822370032001e-01 7.489173528487891307e-01 7.595262020957928017e-01 7.580125349251339850e-01 7.619776722590225759e-01 7.568557853280810654e-01 7.643747557997356834e-01 7.587050559601804522e-01 7.553855887908705879e-01 7.371217713680336958e-01 7.551736087295991551e-01 7.500626474831516566e-01 7.503607870857779139e-01 7.478143285043661326e-01 7.538944124473931918e-01 7.507110358557382845e-01 7.606350609714679356e-01 7.627714010388728649e-01 7.541385368017193835e-01 7.578716279012395196e-01 7.577651596988436156e-01 7.489458306816092481e-01 7.623660778379890424e-01 7.551534421933300267e-01 7.594201363561884355e-01 7.604197200493549857e-01 7.498178531525876434e-01 7.523769024508283332e-01 7.562417443946302109e-01 7.531055853581014592e-01 7.523478028196386447e-01 7.575216901783125012e-01 7.608038499983773573e-01 7.526226294705874453e-01 7.562253869162443021e-01 7.600249275272539240e-01 7.623303445224031138e-01 7.537871626965353400e-01 7.552594274608022129e-01 7.534850025521342420e-01 7.549583666965450357e-01 7.564054848547365761e-01 7.482437340456634667e-01 7.514339692922725744e-01 7.532753704090651148e-01 7.537429674325327733e-01 7.562786018247583675e-01 7.482969578607336913e-01
9.340936192709765884e-02 1.480626155737437000e-01 3.095997419327864986e-01 4.935108123890170617e-01 4.131782006774710747e-01 4.344283956929567703e-01 7.043294833072814010e-01 6.581897775560542341e-01 1.000000000000000000e+00 6.869015319856540680e-01 7.688258092385944487e-01 8.115632136885877479e-01 7.314585631874266358e-01 6.917540389740276519e-01 8.265677650642639929e-01 8.097895472379813553e-01 7.689196646684882674e-01 6.883780849979550531e-01 7.182567929719539945e-01 6.100668687584261951e-01 6.462538463524163390e-01 7.224096214176389807e-01 7.664771738433338033e-01 7.119493149536739729e-01 7.176344356534214430e-01 7.855978979160261888e-01 7.916377096311055794e-01 8.060807693572272781e-01 7.339542838199251129e-01 7.511860039632041186e-01 7.718424168815088970e-01 8.232614259149477753e-01 7.786196744609451548e-01 7.942719253324811435e-01 7.880535402561583691e-01 8.017349645545773784e-01 8.198662817235302658e-01 8.225898476211707111e-01 8.286527218707242515e-01 8.119620999039267595e-01 8.429535625595095949e-01 8.433272715986148693e-01 8.198604234389045287e-01 8.434973169227351075e-01 8.357013073486979637e-01 8.381127070824018199e-01 8.568563650159071177e-01 8.619681898167055323e-01 8.517063630958544573e-01 8.269788798882006242e-01 8.353922538431529654e-01 8.087548025020709908e-01 8.351316468309668561e-01 8.563236518293131372e-01 8.504646062508416371e-01 8.458801775318341987e-01 8.485191101616427201e-01 8.476773081028038392e-01 8.526629382092216769e-01 8.612734142570754869e-01 8.580146532208263732e-01 8.558056150603045031e-01 8.510925882186948233e-01 8.513559062460311910e-01 8.515877586697290225e-01 8.541820794161448793e-01 8.574169878935210543e-01 8.551757453475279380e-01 8.538756244911523963e-01 8.362309701534541562e-01 8.426891748288368733e-01 8.527234611913766527e-01 8.472530435749792144e-01 8.429046390757655161e-01 8.569170067399176638e-01 8.544900159527630823e-01 8.508101824634829446e-01 8.368080179932678719e-01 8.459867693510846332e-01 8.473186504114580408e-01 8.467248379039455930e-01 8.468825431380491153e-01 8.560273871226226072e-01 8.429722161372684708e-01 8.543592527067205289e-01 8.484923599546866368e-01 8.528108490565424749e-01 8.550590805297759722e-01 8.549181501930358529e-01 8.528278643141388171e-01 8.536898351105138838e-01 8.566451376907462389e-01 8.567065557445351365e-01 8.544369293734571658e-01 8.563622535961953330e-01 8.586081453441885003e-01 8.436340695980039106e-01 8.529592182394608590e-01 8.553097933118090079e-01 8.545924129767595856e-01 8.532289582087946300e-01 8.569740789545946535e-01 8.535402221319723370e-01 8.563156770582993627e-01 8.540510544588170161e-01 8.553414894715811734e-01 8.572372186665099258e-01 8.588464954042386301e-01 8.600582286768931883e-01 8.582442932920941736e-01 8.558967932286137836e-01 8.590228607920747939e-01 8.581016742012859133e-01 8.585512833760894358e-01 8.548078387001276646e-01 8.569664893931233651e-01
5.204837170095893972e-02 1.563373146341194009e-01 2.834793405879830752e-01 4.421964671225631638e-01 3.844676764552380499e-01 4.096940254803483339e-01 6.515981870226053019e-01 6.080014036184452353e-01 6.869015319856540680e-01 1.000000000000000000e+00 6.835655391194366270e-01 7.115155187093552547e-01 6.516340656305166235e-01 6.247440195951488029e-01 7.440893581111993615e-01 7.286511042482505252e-01 6.664538387984006995e-01 6.264229421096935146e-01 6.412099179501569157e-01 5.605307208093702753e-01 5.943107619309246914e-01 6.416915067339189482e-01 6.886725864026328470e-01 6.508193008782570121e-01 6.337505955541219427e-01 6.990941541093006473e-01 7.151931288585567925e-01 7.284956231980361796e-01 6.668902877413999120e-01 6.904814218215912236e-01 7.002489488392603656e-01 7.477220332113512224e-01 7.163931940175574109e-01 7.191209848774370306e-01 7.151302925143593336e-01 7.168503653844565671e-01 7.370203659216310044e-01 7.450434138139737650e-01 7.561549337496427103e-01 7.360128619840301534e-01 7.561753402119538725e-01 7.604570825443397464e-01 7.369648368366807922e-01 7.570724746687340634e-01 7.504096530123119946e-01 7.519174545143686439e-01 7.651716276951705531e-01 7.694399756659128231e-01 7.624279565716134410e-01 7.405568845936322253e-01 7.532331640276930251e-01 7.168120276663513257e-01 7.404096381954446970e-01 7.682107069149164413e-01 7.613216745109140371e-01 7.630484112078537162e-01 7.556441515045035917e-01 7.650226755307297788e-01 7.622688632119539731e-01 7.660103900872524685e-01 7.600037226475190311e-01 7.625003734908145647e-01 7.610606431756969936e-01 7.611609201696316607e-01 7.560641087233659352e-01 7.604110395721133120e-01 7.633574602843414825e-01 7.672401424873730447e-01 7.702134080647183856e-01 7.525067873063666646e-01 7.514147494224365786e-01 7.611642388518591318e-01 7.633884881239233478e-01 7.510762122752040471e-01 7.673948798418693817e-01 7.680009645295327037e-01 7.639700353818557055e-01 7.522702088101931306e-01 7.585394444042520279e-01 7.626055305707870602e-01 7.601795239116989622e-01 7.623476426315484167e-01 7.701148508219969324e-01 7.648109123202253556e-01 7.695600750478185370e-01 7.643940941780555942e-01 7.647915197211841987e-01 7.681117114827257231e-01 7.697051348730700182e-01 7.657092314370191888e-01 7.678881758573318228e-01 7.665777736045287227e-01 7.659410462416119669e-01 7.687464335022832218e-01 7.663677648140266863e-01 7.689985097763891719e-01 7.601323509272046586e-01 7.575869491957645252e-01 7.634936332841670836e-01 7.664900640608691695e-01 7.651883827384629022e-01 7.662109813006708903e-01 7.599929406527790032e-01 7.658228009647124468e-01 7.638516165870818941e-01 7.634191136945556178e-01 7.681659960542297494e-01 7.682575063462698806e-01 7.676148743497847038e-01 7.669067807161624728e-01 7.652822874212360516e-01 7.665660382626727776e-01 7.665360154158864514e-01 7.670743095089807007e-01 7.629232023119311146e-01 7.662509493576896702e-01
4.724320793458650081e-02 1.289808858105530587e-01 3.798968304413716246e-01 5.354049291017445311e-01 4.307952914281235057e-01 4.649579490860473174e-01 7.213147041286455119e-01 6.732779578575391888e-01 7.688258092385944487e-01 6.835655391194366270e-01 1.000000000000000000e+00 8.464047076166366645e-01 7.483186804325417940e-01 6.971531770309349341e-01 8.439525249878115920e-01 8.252147504434159675e-01 7.714454427854726681e-01 7.239233241278223430e-01 7.518067782773646401e-01 6.210949477063546498e-01 6.832409683906500719e-01 7.629907161501227053e-01 7.685565629359697448e-01 7.361716960595697801e-01 7.535703428474980203e-01 8.200352987515595604e-01 8.179169847997128651e-01 8.297527260626147427e-01 7.738548847354829174e-01 7.834310358755957049e-01 8.127168319434456834e-01 8.395464302694698455e-01 7.928452052467646061e-01 8.140500502025611596e-01 8.039247405069248620e-01 8.333245492523922993e-01 8.431296415180212778e-01 8.245197473216230311e-01 8.464711563269733396e-01 8.349529252066721918e-01 8.616049913781029801e-01 8.543215706170840251e-01 8.463207253832210064e-01 8.679744490299344806e-01 8.696962993489139038e-01 8.593622595180384627e-01 8.694009896718680741e-01 8.660232661357625261e-01 8.606893860893063408e-01 8.449318987662962632e-01 8.489206956147805627e-01 8.430562082069928964e-01 8.643448451253689102e-01 8.605321343881813245e-01 8.557973215240007869e-01 8.607092182554373361e-01 8.558734854549596704e-01 8.640619712277639586e-01 8.571555156498156247e-01 8.692769704697097533e-01 8.713546398239875312e-01 8.631597677566619220e-01 8.568796320301195202e-01 8.703653480373066964e-01 8.714099104047071664e-01 8.650226298755466781e-01 8.710008746523209000e-01 8.737864403323413187e-01 8.698631516006288811e-01 8.524576798102883046e-01 8.655940690542969218e-01 8.729698865389072804e-01 8.652203443371105918e-01 8.642051638259319324e-01 8.753230431154199742e-01 8.713268594298814174e-01 8.712471751515806773e-01 8.636085027677795622e-01 8.723128108302868888e-01 8.676460605334471721e-01 8.615961589927253472e-01 8.685839329362571304e-01 8.699004202878758418e-01 8.611608712417613276e-01 8.672356676903494321e-01 8.697733202152296839e-01 8.708481217804222574e-01 8.687053499973435011e-01 8.690966382340967744e-01 8.653227356217119137e-01 8.707689223768041442e-01 8.726921724838518912e-01 8.743257987932011588e-01 8.732460359968395869e-01 8.691629214929382785e-01 8.709998432722618755e-01 8.627061635563063602e-01 8.681077514615861412e-01 8.689596556553462747e-01 8.698693647475892465e-01 8.714086754257485135e-01 8.685974187122127432e-01 8.729936067564312285e-01 8.736865889955607312e-01 8.773843716339522203e-01 8.699653200558318256e-01 8.702073936329813852e-01 8.713134450790332997e-01 8.717549901430799997e-01 8.723073804252579055e-01 8.694777156628037407e-01 8.719628233527194627e-01 8.688055433360185598e-01 8.725106020560539077e-01 8.723892986278435346e-01 8.688190711681008649e-01
4.385970506974470190e-02 1.500429884678761983e-01 3.852229445592462165e-01 6.207686334231469205e-01 4.869002324339686272e-01 4.860384239828941522e-01 7.663852683570656632e-01 7.323743159106717027e-01 8.115632136885877479e-01 7.115155187093552547e-01 8.464047076166366645e-01 1.000000000000000000e+00 8.093441435482333635e-01 7.510410431150439381e-01 8.994175213003710034e-01 8.820890660837158448e-01 7.959582311832427148e-01 7.497922872575846220e-01 7.728131000130858963e-01 6.710494058829512554e-01 7.303012913353094104e-01 8.018062237616868648e-01 7.990312405306027044e-01 7.784626303921767798e-01 7.860459887561518366e-01 8.556421381466113862e-01 8.680953531280014568e-01 8.754532304591605696e-01 8.071846738772943119e-01 8.375641062907281942e-01 8.751493028287672393e-01 8.805391128698507597e-01 8.405173654227353630e-01 8.661263734175642659e-01 8.524105201990392899e-01 8.777785215505427008e-01 8.938001658153428286e-01 8.794041429211654215e-01 8.995316208721197970e-01 8.791688185931563204e-01 9.060973234059761516e-01 9.077110498078027057e-01 8.938632082997622907e-01 9.226530616645987060e-01 9.164154956703337573e-01 9.137233482650006788e-01 9.208565469558239736e-01 9.178606237600758222e-01 9.109484119337617480e-01 8.952024374731248901e-01 8.998223249880012986e-01 8.899573413896092466e-01 9.153362546381059728e-01 9.087468710734764032e-01 9.039341825794680041e-01 9.074615068212209534e-01 9.042101250961559478e-01 9.151919640816928991e-01 9.066813213684847828e-01 9.245631799388212002e-01 9.234052319699266320e-01 9.133491214696067839e-01 9.067114729617120616e-01 9.209930955363896388e-01 9.199689394869784431e-01 9.181259663674670168e-01 9.192015970181641737e-01 9.207066902869378566e-01 9.172663609002904561e-01 9.107943461803295060e-01 9.165234995471077672e-01 9.231890735003116522e-01 9.180795729107589231e-01 9.136687364095965602e-01 9.269079791178649330e-01 9.251411882980671297e-01 9.211972862640970261e-01 9.139735143854104127e-01 9.230106338370107633e-01 9.206480707202584490e-01 9.173825685603174129e-01 9.249580498262838235e-01 9.190205507846177513e-01 9.125987850337705654e-01 9.195760820018304971e-01 9.223971971956191895e-01 9.244935681899981716e-01 9.214815178553076302e-01 9.226387581219331890e-01 9.133259083510717469e-01 9.201237665728948523e-01 9.232851638680802386e-01 9.275682876760780182e-01 9.275474008633808332e-01 9.232366934873966757e-01 9.232768438086189633e-01 9.147058325636573395e-01 9.198781667569121412e-01 9.236162065898687601e-01 9.216843172825623931e-01 9.245615792799652954e-01 9.224309048577956638e-01 9.250386402929205998e-01 9.275111425818958200e-01 9.291342083558444820e-01 9.209364054111418563e-01 9.232999993643395964e-01 9.220531592917932118e-01 9.225244771059946114e-01 9.243795233117363397e-01 9.195488644009129908e-01 9.242699275238213108e-01 9.216803156757782389e-01 9.252820587991564816e-01 9.226542890695490495e-01 9.220899415801144805e-01
3.667090475462635168e-02 1.136732908299095818e-01 3.137474847236058628e-01 5.216879611216350687e-01 4.941391376104486421e-01 4.519953404818181086e-01 7.302960495948938036e-01 6.927061587084191174e-01 7.314585631874266358e-01 6.516340656305166235e-01 7.483186804325417940e-01 8.093441435482333635e-01 1.000000000000000000e+00 6.852064722622512871e-01 8.339394523663420378e-01 8.228926756801423492e-01 7.321217482865458592e-01 6.826041715060343629e-01 6.973519965908634433e-01 6.128445153345760676e-01 6.454802439054279084e-01 7.078898135474849251e-01 7.276283160904638558e-01 7.009779763258228158e-01 7.025376626219338450e-01 7.783643625879668182e-01 7.843915717747541594e-01 7.948317045147399451e-01 7.186254373006540908e-01 7.445231518371799861e-01 7.693844578616337859e-01 8.045288940752158835e-01 7.637523885080389485e-01 7.853088472710040291e-01 7.746650450369526597e-01 7.893894777374397265e-01 8.053735161907422668e-01 8.116177567844444773e-01 8.192106348930042747e-01 8.101880854657980136e-01 8.313462786623302403e-01 8.344789489316891684e-01 8.160185527421039975e-01 8.426464029977477344e-01 8.290803218471309854e-01 8.289336444890874622e-01 8.420225436037535038e-01 8.399275947632176553e-01 8.361775939128081037e-01 8.226960398092216797e-01 8.299213080245626539e-01 8.022730329964156137e-01 8.325008158385366341e-01 8.333116874463633028e-01 8.313080640808249155e-01 8.290911533947333822e-01 8.257515758098212810e-01 8.386446606087767375e-01 8.323432285883783921e-01 8.434246561659116681e-01 8.433468396011517543e-01 8.331351613537182343e-01 8.306104639449158888e-01 8.357300837587927633e-01 8.319682751093565587e-01 8.323188088372868165e-01 8.397642182860280968e-01 8.408820134369048294e-01 8.365751038881736878e-01 8.268407612386127203e-01 8.331641523410618921e-01 8.386740996031178952e-01 8.346686129689597777e-01 8.290683756687698969e-01 8.433566767509148576e-01 8.423565865536090103e-01 8.382866130000927729e-01 8.258392140165229378e-01 8.358502559159032286e-01 8.367338112162709951e-01 8.330818503226148364e-01 8.396224866460321179e-01 8.404655496152917404e-01 8.290893633731842849e-01 8.428816157402291287e-01 8.387126792738266445e-01 8.439879437273143381e-01 8.460997277138422312e-01 8.443857952531751421e-01 8.392165746912744195e-01 8.436624220951166597e-01 8.450906446883014178e-01 8.458500382411855423e-01 8.481473214138350869e-01 8.456611664185720301e-01 8.448410962804129287e-01 8.406499705721636184e-01 8.394606791198827578e-01 8.450276543807800911e-01 8.461744211808133187e-01 8.468821365246751443e-01 8.438482323363579729e-01 8.436075862730368913e-01 8.488321877083343514e-01 8.458499257576669317e-01 8.415727154044384539e-01 8.454226627775046632e-01 8.444888201867830624e-01 8.446774426711599615e-01 8.464718517275857668e-01 8.420371502918559958e-01 8.449080107594774125e-01 8.438075156596831494e-01 8.438874599630199480e-01 8.416129187331584660e-01 8.397026583053306403e-01
