1.000000000000000000e+00 1.582005011458042509e-01 1.913979660495213897e-01 9.943187423220657684e-02 7.868264471075037125e-02 5.123553510229419267e-02 1.199018063394614864e-01 1.391017822728114195e-01 1.773946174662069941e-01 9.042484758853969184e-02 1.303502950701466712e-01 1.280579039903447652e-02 7.937770619958020579e-02 -3.846300468418380192e-02 5.601655717125627459e-02 8.194856034118226662e-02 2.057842532818359438e-01 3.401689549527281975e-01 3.286922006654675044e-01 2.748005585893948388e-01 2.840396009591414361e-01 3.202177514200889030e-01 3.472995150154389865e-01 2.874611520765743000e-01 2.589650633320387252e-01 2.579317573104792372e-01 2.217255112115787963e-01 2.285881685935434171e-01 3.054205945750176898e-01 2.750124455078826191e-01 2.591414812331708784e-01 2.170808425437390499e-01 2.078598212287751934e-01 2.094231351582591383e-01 2.353771431362599031e-01 2.037246268589079368e-01 1.879038873187453829e-01 1.663438471313212763e-01 1.667881189886312732e-01 1.558428568647026724e-01 8.988423576173468210e-02 8.715883936447126057e-02 9.408446553624355557e-02 1.437632560791399228e-01 1.333782688757616242e-01 1.390999371561845444e-01 1.356417287881728738e-02 6.359390757450224252e-02 5.550700721523819242e-02 8.997418482524824346e-02 9.048920742893132307e-02 8.617469937455886353e-02 7.138759935902817821e-02 1.224318131851915292e-01 1.366755021315790297e-01 1.683352556701826486e-01 1.251260991637782316e-01 5.875464102172858055e-02 7.509565068443889435e-02 1.061903499851626631e-01 6.637963221299258976e-02 9.391069601520306287e-02 8.252660260220803790e-02 8.563532790564934438e-02 1.281108308381700978e-01 1.011324083493577441e-01 7.520432756401827790e-02 1.281212118278209078e-01 1.322765672995954433e-01 1.253096260403237516e-01 1.305416804351627325e-01 1.255671365062982492e-01 1.145322034193515665e-01 1.254668552529393244e-01 9.692271441944090571e-02 1.079054217102774910e-01 9.756811168094990661e-02 1.370540355844602765e-01 1.270216058876304233e-01 1.615791957841149484e-01 1.315709741622952123e-01 1.239708460301732484e-01 1.255204933855683380e-01 1.115362567113359349e-01 6.712392792377071260e-02 8.154074371311857694e-02 1.075528246218470790e-01 5.865825346770967008e-02 7.097365562494070690e-02 9.668268730214227280e-02 4.125395216928659514e-02 2.743322960475746974e-02 6.559381533794984842e-02 6.156763502398100718e-02 1.437583681721487511e-02 3.838274635713657262e-02 -5.755059208375927276e-04 6.172800069510274434e-02 2.198718188611111651e-02 3.397039534278242789e-02 1.953250808426872792e-02 1.628856201126981443e-02 3.462985027607647093e-02 3.449571992064079384e-02 6.908233140947919737e-02 6.585237231387473800e-02 3.933993456084246276e-02 4.941538699230840076e-02 7.243984166870014174e-02 3.497042671399754749e-02 3.782837510545007664e-02 5.065033480507104974e-02 4.809080729173713376e-02 3.386533939700282075e-02 7.322873232612917005e-02 5.116158628267510750e-02
1.582005011458042509e-01 1.000000000000000000e+00 1.029544320309449951e-01 8.138498265151489219e-02 8.795134402754073433e-02 1.094658191777208994e-01 1.522001797769974296e-01 1.352989323416595446e-01 2.125874274445020695e-01 1.985921252061561004e-01 1.679948040703720391e-01 1.351886849210927888e-01 1.477296401449210983e-01 1.217473836983352375e-01 1.648717278204317460e-01 1.480485782187612731e-01 1.735673005758515963e-01 1.474865137569731088e-01 1.367732684560907241e-01 1.424211423485886308e-01 1.202250515693923522e-01 1.500595197735785646e-01 2.088176004317721102e-01 1.511310819744790535e-01 1.400322428758895010e-01 1.848391882286715693e-01 1.675103574795003547e-01 1.827226151296989509e-01 1.862733447282835797e-01 1.827496399384651582e-01 1.965861516441380352e-01 1.925194635714253255e-01 1.521608853014261020e-01 1.664881437176663759e-01 1.544671332851157708e-01 1.667268823444591208e-01 1.730547601063536500e-01 1.849303471363530071e-01 1.749777232984190689e-01 1.766880796898342709e-01 1.747278383139359015e-01 1.631123574694950951e-01 1.491161448948668811e-01 1.762418991758363529e-01 1.712550752517755237e-01 1.879653407984724911e-01 1.593230295866273349e-01 1.768543520333424601e-01 1.642102874925384370e-01 1.431941542896482122e-01 1.617075943698119411e-01 1.370593073576130416e-01 1.505932060414648388e-01 1.920837306761855601e-01 1.865294844528000706e-01 2.078102731864471253e-01 1.743325171022813980e-01 1.674151155295168503e-01 1.702696670038655602e-01 1.784335948785213399e-01 1.600799086309761532e-01 1.770994421683466935e-01 1.690661513798550897e-01 1.725141719762187664e-01 1.808311777223250150e-01 1.800124720183941818e-01 1.767792924273673127e-01 1.787618987445375174e-01 1.901647199415974210e-01 1.712962415255116500e-01 1.616504066069904544e-01 1.763148178221813356e-01 1.754820601393836388e-01 1.653572560348724740e-01 1.791696431035231796e-01 1.750214529879683123e-01 1.698440301367530603e-01 1.791410858964222752e-01 1.820596924482773271e-01 1.899047304348294996e-01 1.781188084654783399e-01 1.898925908207928226e-01 1.912545779276886293e-01 1.652996498772839329e-01 1.587132545006225692e-01 1.677403573724275399e-01 1.772444941019189479e-01 1.765307442407782479e-01 1.743362735000392461e-01 1.930132819511926889e-01 1.553545665474903581e-01 1.635967805932355690e-01 1.726823976635964986e-01 1.738865507926757314e-01 1.652431091717683487e-01 1.741465089092591456e-01 1.382004040869678485e-01 1.625762018395982000e-01 1.553949915730898357e-01 1.626825912185209388e-01 1.512487930168962547e-01 1.620165186572865013e-01 1.553277412117305134e-01 1.645532811452130317e-01 1.686975192167799453e-01 1.773603192064300560e-01 1.686813607659276293e-01 1.756928497264289013e-01 1.794444240125397383e-01 1.674833778972074083e-01 1.720257392032330523e-01 1.712678104298949455e-01 1.754865627194297506e-01 1.697459503418805027e-01 1.733702104207077987e-01 1.729092883570768902e-01
1.913979660495213897e-01 1.029544320309449951e-01 1.000000000000000000e+00 3.523158650287548932e-01 2.365333096073182484e-01 2.297999408343354144e-01 3.691771138405667285e-01 3.481408840407620997e-01 3.728085022812577809e-01 3.021334530925588457e-01 4.150505721961953443e-01 3.693185876958320346e-01 3.487427168447596038e-01 2.853312724453784810e-01 3.631854441994479821e-01 3.752470941712756081e-01 4.253581398048215667e-01 4.534824769142858369e-01 4.899804455972608941e-01 3.553035927356717472e-01 4.477555926960154475e-01 5.078984505127853710e-01 4.385820174701597352e-01 4.413073342680115529e-01 4.786720986216119744e-01 4.909292242487264812e-01 4.752093208776861366e-01 4.720012451387239905e-01 5.016503903877811421e-01 4.731519460047887704e-01 4.871246407076490481e-01 4.186853295331960378e-01 4.478134528779100232e-01 4.366565578836918982e-01 4.529967355898187886e-01 4.453328964466680695e-01 4.521686714691128262e-01 4.165202532062920460e-01 4.332351150116844907e-01 4.353696668396064839e-01 4.032666987329337482e-01 3.868888712500727078e-01 4.026083545077004389e-01 4.249871379727487297e-01 4.385307378933757660e-01 4.213906890552144846e-01 3.492147219756689402e-01 3.619744934851559237e-01 3.707472099136776555e-01 4.012807473477082998e-01 3.968017758331217615e-01 4.066150789416543287e-01 3.752589246491636055e-01 3.861139910001060715e-01 4.006739910944907002e-01 4.116799651931742909e-01 3.998770253493094673e-01 3.775708834433778582e-01 3.762847615402118984e-01 3.898046629969197374e-01 3.815241939159428886e-01 3.785553613967952424e-01 3.807584748470590474e-01 3.824123737193743655e-01 4.093836744331285082e-01 3.838022382071495930e-01 3.737746224214081869e-01 4.117421312581766024e-01 3.940149214848192583e-01 3.973188656058394552e-01 4.318652351549856494e-01 4.258866779450051765e-01 3.964012399214395521e-01 4.203801379633484436e-01 4.107317113236177430e-01 4.185787473754404298e-01 4.164125555315150162e-01 4.366469679616017396e-01 4.259384102296177033e-01 4.278631681534716402e-01 4.190795530356276610e-01 4.186495357068709677e-01 4.025159847625842113e-01 4.154520835052918359e-01 3.773569543202167087e-01 3.873154873165012835e-01 4.076688135868563045e-01 3.642705138541600940e-01 3.834765134100506789e-01 3.823638852327983506e-01 3.850297121405251710e-01 3.578492896309937166e-01 3.827080989498293229e-01 3.756171894690080171e-01 3.417551944036292255e-01 3.512184914766662280e-01 3.417855631825946205e-01 3.645216294141481739e-01 3.528162051008099653e-01 3.601026106557263518e-01 3.585954023227311827e-01 3.422204043698212073e-01 3.608973276327001045e-01 3.574313565977516038e-01 3.773285539210866069e-01 3.550399463231573294e-01 3.519206309171237224e-01 3.609919164652461987e-01 3.749246645300484682e-01 3.525946578394965614e-01 3.569659087175995893e-01 3.596737900739834237e-01 3.503317256473217900e-01 3.518375975391848653e-01 3.775986589628345103e-01 3.567311952039646794e-01
9.943187423220657684e-02 8.138498265151489219e-02 3.523158650287548932e-01 1.000000000000000000e+00 4.030637093823778438e-01 3.346989622058493263e-01 6.289294285268666185e-01 5.677252862093353780e-01 4.538304668913964446e-01 3.935989646836514644e-01 5.576908587912161597e-01 6.464607343954457130e-01 5.514130155769491060e-01 3.954858581839288956e-01 5.687884389604339619e-01 5.776936754853209122e-01 5.005520825167979471e-01 5.088905014739814048e-01 5.374697247860105165e-01 5.364014912794577983e-01 6.266758830117217238e-01 5.949246909299801267e-01 5.317625143713389235e-01 5.377268565853213778e-01 5.793173596210391407e-01 5.340824013855179908e-01 5.194529289295082286e-01 4.932223787918827429e-01 4.690273438288364294e-01 4.525035856471467666e-01 5.043682477740301096e-01 5.487780286282017972e-01 4.718144596400805080e-01 5.251583394971556240e-01 4.430282794399079127e-01 5.864316737383563627e-01 5.041376927638396843e-01 5.152364571253706949e-01 5.347794736784485803e-01 5.633214295581545628e-01 5.432063984863758632e-01 5.325033862518165906e-01 5.632561190182510114e-01 5.552462323706335301e-01 5.618411054671010874e-01 5.124886244958654080e-01 5.083108083345236894e-01 5.113006225254138615e-01 5.395423081598174075e-01 5.703160143874366206e-01 5.492667703309155325e-01 6.091895415156179938e-01 5.693509713491946567e-01 5.062844888526563114e-01 5.011350507952220257e-01 5.082962520032398013e-01 5.564422902962146145e-01 5.033478188614887161e-01 5.097119411947900192e-01 5.400380422637812705e-01 5.476040099910375325e-01 5.071575941161199363e-01 5.373735826049262920e-01 5.388940644711144312e-01 5.432088256694228567e-01 5.352452693006236606e-01 5.146689335358798356e-01 5.297238691513395104e-01 5.446044234626866709e-01 5.997881395049273756e-01 5.964593905105348703e-01 5.491202412564734070e-01 5.421980307127937104e-01 5.723055483373571395e-01 5.538182712817265596e-01 5.245281096695506573e-01 5.357804627862832181e-01 5.169176325440512088e-01 5.347061092256307768e-01 5.156786826923447364e-01 5.220829784770492088e-01 5.142845153947044334e-01 5.495242046545195658e-01 5.123907470369315487e-01 5.455941191830844250e-01 5.492927637881971359e-01 5.373751329590444881e-01 5.176602527944734744e-01 5.282912052974325645e-01 5.342501900619461841e-01 5.512351321677504412e-01 5.172581612379636429e-01 5.337292537561262318e-01 5.217948194885995150e-01 4.969054424672771364e-01 5.033770446194956172e-01 5.577206473446864043e-01 5.709262448682623781e-01 5.281813969302011635e-01 5.276103609332947197e-01 5.439957598566338426e-01 5.278294926278125354e-01 5.386626091486986789e-01 5.255189235995008090e-01 5.549569205582374209e-01 5.216709415888850510e-01 5.195762563524608524e-01 5.020813408719930759e-01 5.194376587614021323e-01 5.056534107221826169e-01 5.100715146734691174e-01 5.165570519210136435e-01 5.058589162626204727e-01 5.217637344953676148e-01 5.218226611636974654e-01 5.101926932238016743e-01
7.868264471075037125e-02 8.795134402754073433e-02 2.365333096073182484e-01 4.030637093823778438e-01 1.000000000000000000e+00 2.798511386309904814e-01 5.094634798214172644e-01 4.991741471848425427e-01 4.508545648373903925e-01 3.918999014855344409e-01 4.945441450597791166e-01 5.237412204554365847e-01 5.045825952382356760e-01 4.277958533912679662e-01 5.164084391704508725e-01 5.327576583084299156e-01 4.494463366706950569e-01 3.975262884089049709e-01 4.118709469492575215e-01 4.086680912306939195e-01 4.170653639902339171e-01 4.529520333418158851e-01 4.535917381627606604e-01 4.405286361253945571e-01 4.734615137883484981e-01 4.784827611547323722e-01 4.680314188549367094e-01 4.631077967525285000e-01 4.111542089325361804e-01 4.250685398971044138e-01 4.742376493999266307e-01 5.015686152814803345e-01 4.326865685295375186e-01 4.764741035511848022e-01 4.333449615680730616e-01 5.156165262011852546e-01 4.821685441958887264e-01 4.806489737958141162e-01 4.979869428471138670e-01 4.943259539075341991e-01 5.145114664475340938e-01 5.110925921585093290e-01 5.192326475513809880e-01 5.098581902105735475e-01 5.157372703396578828e-01 4.904445244382301672e-01 5.046569655118217090e-01 5.030579003879606104e-01 5.131946565876952526e-01 5.140752351100648099e-01 5.053766675367319383e-01 5.325383873318325634e-01 5.236579863732097051e-01 5.015583356589256026e-01 4.897512254828433886e-01 4.959826326224911486e-01 5.135819443185590805e-01 4.991230915432383619e-01 4.922025659114245832e-01 5.194759209921748777e-01 5.219857453793790292e-01 4.981693375280424885e-01 5.061796723660580977e-01 5.139782259971180656e-01 5.174414069366103375e-01 5.164781353128706787e-01 5.045903689739941189e-01 5.041544884113413616e-01 5.199359743614311302e-01 5.275169886528111585e-01 5.272655112005694145e-01 5.137290649830493772e-01 5.136059452805779024e-01 5.267545750337975230e-01 5.230117740981127250e-01 5.050439409226297194e-01 5.043853247894114489e-01 4.919512954680297923e-01 5.110162795062223040e-01 5.015035509437328898e-01 5.129969290504595714e-01 5.053348403205253359e-01 5.172059082182980383e-01 5.025449820382114074e-01 5.223461738832467782e-01 5.245044924907205086e-01 5.198484532116830481e-01 5.025716749582236353e-01 5.109419130404184717e-01 5.092785603395787453e-01 5.210495998248296790e-01 5.100427241579194026e-01 5.127997291249852818e-01 5.113075327919689439e-01 4.985660723904595804e-01 5.017923758345576024e-01 5.167997076735019180e-01 5.231516253107354464e-01 5.157538577561371351e-01 5.112933665919472404e-01 5.198115872402082616e-01 5.067433248658193001e-01 5.159732843513835654e-01 5.111278562366050604e-01 5.228879504394603472e-01 5.028668874803082778e-01 5.063820618523219297e-01 5.022732604256565647e-01 5.069219296860866253e-01 5.029803452516991014e-01 5.020755272850294659e-01 5.109117722952147833e-01 5.011638600922144748e-01 5.090785726824685886e-01 5.077670281215286296e-01 5.043774625503383291e-01
5.123553510229419267e-02 1.094658191777208994e-01 2.297999408343354144e-01 3.346989622058493263e-01 2.798511386309904814e-01 1.000000000000000000e+00 4.799669914223024247e-01 4.558817367151951627e-01 5.034820183756436585e-01 4.709406183696114856e-01 5.158470914694380793e-01 5.309636737109012516e-01 5.051542207769781356e-01 4.937495603254299925e-01 5.528869960160867070e-01 5.429154805788005689e-01 4.862127056958659432e-01 3.582111611114562888e-01 4.036150024209659848e-01 2.914909708793422816e-01 3.560403797478693400e-01 4.461816459875795338e-01 4.163754420404397472e-01 3.825451796089782142e-01 4.566687470349312661e-01 5.242383975058743095e-01 5.223987221005693682e-01 5.260181326414438141e-01 4.741043566559631217e-01 4.752553862319508493e-01 5.197931361912464521e-01 4.961638871895335257e-01 4.844552685524313174e-01 4.744666728237649234e-01 4.584044203667255735e-01 5.058291180535632314e-01 5.113124727024326299e-01 5.326504883533966783e-01 5.317427023762187899e-01 5.527066272413784231e-01 5.661193480517479060e-01 5.606104631473971533e-01 5.590000344200606319e-01 5.628009136486553654e-01 5.634806721983122157e-01 5.547192193930463588e-01 5.645514997351681608e-01 5.687454623347775184e-01 5.587878704529858354e-01 5.454579847875716814e-01 5.586941460794769831e-01 5.442186300497953155e-01 5.634346082898877839e-01 5.625530554121783711e-01 5.609447176167450255e-01 5.564377292596636160e-01 5.579515725828785300e-01 5.653756111608503332e-01 5.600957716360650540e-01 5.677010875111134780e-01 5.663967923678250305e-01 5.660057859131302216e-01 5.583274383337673008e-01 5.712354162287761605e-01 5.640729976783980248e-01 5.607770522262882640e-01 5.665041384406557246e-01 5.525706154850527074e-01 5.518398028996583937e-01 5.235733080743700807e-01 5.489555974258791826e-01 5.672486708771494746e-01 5.343879814086893720e-01 5.447175070279556275e-01 5.752156483734949255e-01 5.712715918340435239e-01 5.729076328663403883e-01 5.625251888550663049e-01 5.699051640361285642e-01 5.569826798819829117e-01 5.569424829632532159e-01 5.717419893892868865e-01 5.674400969836456143e-01 5.512760105779066500e-01 5.514776820725691975e-01 5.506449998308815541e-01 5.625990509171392429e-01 5.680602737678837055e-01 5.711618823261331857e-01 5.683231600006934947e-01 5.661729051633871412e-01 5.711379879719864494e-01 5.737187476924655583e-01 5.726352215176460092e-01 5.646205979527390006e-01 5.666678744202953144e-01 5.611542556720352515e-01 5.610065130944047462e-01 5.657497354087031027e-01 5.652386864492563445e-01 5.667263357291582038e-01 5.662841223053554085e-01 5.675296026576214237e-01 5.716295083686255829e-01 5.713541426491768327e-01 5.622893154325192544e-01 5.658498179178801379e-01 5.659825412443085790e-01 5.716318599453851235e-01 5.694693659425883459e-01 5.693573812985615046e-01 5.681631930910184813e-01 5.676327440257618040e-01 5.699253347039138218e-01 5.698979976225777566e-01 5.665059549038748976e-01
1.199018063394614864e-01 1.522001797769974296e-01 3.691771138405667285e-01 6.289294285268666185e-01 5.094634798214172644e-01 4.799669914223024247e-01 1.000000000000000000e+00 7.469683030171277993e-01 6.772881475179756139e-01 6.132295230393165486e-01 7.543705506551948714e-01 7.966428019097292479e-01 7.459558864769105790e-01 6.326831554297066562e-01 8.236564893424789258e-01 8.086313218845282424e-01 6.925748721915528927e-01 6.291030649382577389e-01 6.710364443985848970e-01 6.112627581591679737e-01 6.710374312900923011e-01 7.284217863464377274e-01 6.835899183976652527e-01 6.777069626781195844e-01 7.410515068612451017e-01 7.377826570709764553e-01 7.292898354683478024e-01 7.359200750426946325e-01 6.687057199248666040e-01 6.818865155968604208e-01 7.365592433271225259e-01 7.654419892622639221e-01 6.998654844458349622e-01 7.345794279787485337e-01 6.774031919146383807e-01 7.869591849439429021e-01 7.449440430879504804e-01 7.677683054693031917e-01 7.703771469968546670e-01 7.879669216389171282e-01 7.885633772160713928e-01 7.877071990779793698e-01 7.989178652302534323e-01 8.005767738032253389e-01 7.931130405706857678e-01 7.754173283886022228e-01 7.620724702189551891e-01 7.679155961148378395e-01 7.891071175477616384e-01 7.927235316720970815e-01 7.855824768753619791e-01 8.047026672903444533e-01 7.931808690717782051e-01 7.657606700831879332e-01 7.654443324798564374e-01 7.645249305844230570e-01 7.964248095973619490e-01 7.693521895550698986e-01 7.688562877349335301e-01 7.893324504907672789e-01 7.932893403370372409e-01 7.718087067456728123e-01 7.906079725177738160e-01 7.895655887052146493e-01 7.794034383879621108e-01 7.833849764209661615e-01 7.689585889527371654e-01 7.763785034589361089e-01 7.932723415251575760e-01 8.057221673106315096e-01 8.153363926927755800e-01 7.959395133719516791e-01 7.786540006153583882e-01 8.079328546430818436e-01 8.008424503782148873e-01 7.814785243914755819e-01 7.929095713455526218e-01 7.690033720637254877e-01 7.935945360877619814e-01 7.825190895014033643e-01 7.897592380646771826e-01 7.795524147777203039e-01 7.890602841821070523e-01 7.780620875095799471e-01 7.939619112376985477e-01 7.946237589586208072e-01 7.956142499256053657e-01 7.769649903250450684e-01 7.905691933487785095e-01 7.803432401936346574e-01 7.970406972633256037e-01 7.793142084722275431e-01 7.895471066906036839e-01 7.861846243602153006e-01 7.594319019505699764e-01 7.660949111275313639e-01 7.935680571136964900e-01 7.977866873634149592e-01 7.802713355358129599e-01 7.780759726954419309e-01 7.944837922332140812e-01 7.790563364807352453e-01 7.831544556082229436e-01 7.815818999533348244e-01 7.952406393943144414e-01 7.755801606941326032e-01 7.745976361247727260e-01 7.621020825907879326e-01 7.785716570119024516e-01 7.663333872420807769e-01 7.684687779840921884e-01 7.738331500000379393e-01 7.666114972027135988e-01 7.758793004250336134e-01 7.737898891200708507e-01 7.652115341412597527e-01
1.391017822728114195e-01 1.352989323416595446e-01 3.481408840407620997e-01 5.677252862093353780e-01 4.991741471848425427e-01 4.558817367151951627e-01 7.469683030171277993e-01 1.000000000000000000e+00 6.783662622672483877e-01 6.157187263450485393e-01 7.400765891814975461e-01 7.743150625334951354e-01 7.440336142056758195e-01 6.269029163500620117e-01 7.918441550004892138e-01 8.095670851624574560e-01 6.884933255113175887e-01 6.288508889420270087e-01 6.511128886654993231e-01 5.929580830679489489e-01 6.474491199684793141e-01 6.962941849854319409e-01 6.667781053565560168e-01 6.660797031704116522e-01 7.076076463696940877e-01 7.191541955395660546e-01 7.235979331499182710e-01 7.265744093400395842e-01 6.642553489564420044e-01 6.774044030508189485e-01 7.207623677460998080e-01 7.698773973976749119e-01 7.096433533174847375e-01 7.368367661867305518e-01 6.670840988658418569e-01 7.534725163336331022e-01 7.181438791893149931e-01 7.744805592356277524e-01 7.633248384988537971e-01 7.836607183302197743e-01 7.787469393775201532e-01 7.820438647241895191e-01 7.922137787194140079e-01 7.903543462124906771e-01 7.755009185742816058e-01 7.704019879000328919e-01 7.589820008949350605e-01 7.656156884404219376e-01 7.865140065063854768e-01 7.886299445434463706e-01 7.960265573904449221e-01 7.887209718858123608e-01 7.861605043414949812e-01 7.638511564211168947e-01 7.630870981972069922e-01 7.622802884118446975e-01 7.845420999383877492e-01 7.681012696073934443e-01 7.761835808621969646e-01 7.856485479355215240e-01 7.899072021407114175e-01 7.714799202450036697e-01 7.841953706482454045e-01 7.821031189748198775e-01 7.760981985120254389e-01 7.789331677978132973e-01 7.685258301378733448e-01 7.773984616344472576e-01 7.873084000641420444e-01 7.917465476752143516e-01 8.010034771422965827e-01 7.872816873295651607e-01 7.772240484457956233e-01 7.890322318361027154e-01 7.888156206927338099e-01 7.723404653314704937e-01 7.770170783271923565e-01 7.599468531024053952e-01 7.809707495527902221e-01 7.727664104064599915e-01 7.759681494242663957e-01 7.726946483549056444e-01 7.808236769043293002e-01 7.698006992949230076e-01 7.915287835374731351e-01 7.901030129237129884e-01 7.790869484987515969e-01 7.768551925033242433e-01 7.814666060828250327e-01 7.708527961275707385e-01 7.820551689475302437e-01 7.715703971923576487e-01 7.805675222675420022e-01 7.790554300193093251e-01 7.576240076567447579e-01 7.616407256451426244e-01 7.824463537833882265e-01 7.915338478677930167e-01 7.734706292091154678e-01 7.769483097675027317e-01 7.814776500294137174e-01 7.719434670111837704e-01 7.747487613434463904e-01 7.758168717083773203e-01 7.849747036420049451e-01 7.681161955282155285e-01 7.711962700966857875e-01 7.596401827491736647e-01 7.718884080208605614e-01 7.630122613520768926e-01 7.636204015096333952e-01 7.688390340665467448e-01 7.633520391861020604e-01 7.694355863904251969e-01 7.688999614336471389e-01 7.613528534877320730e-01
1.773946174662069941e-01 2.125874274445020695e-01 3.728085022812577809e-01 4.538304668913964446e-01 4.508545648373903925e-01 5.034820183756436585e-01 6.772881475179756139e-01 6.783662622672483877e-01 1.000000000000000000e+00 7.470950977513267643e-01 7.962311106653693349e-01 7.818377607466496793e-01 7.471035019873112359e-01 7.526010166572889570e-01 8.335135394427576339e-01 8.165609994929897697e-01 8.038183807329136732e-01 6.421806297226364535e-01 6.602217388332476400e-01 5.619296000679826486e-01 5.956124184804781896e-01 7.016158447257102582e-01 7.096316295035846045e-01 6.774257973251042175e-01 7.110123737838575098e-01 8.090120280115524753e-01 8.261509925548375932e-01 8.357513183341341856e-01 7.502472568520387464e-01 8.031980739540717229e-01 8.275639232350168184e-01 8.179183135634986446e-01 7.938494544367165062e-01 7.905859012371243555e-01 7.796785699809608561e-01 7.961970673827917233e-01 8.288252108911383642e-01 8.528846480346461423e-01 8.522136157915281007e-01 8.294194781982672238e-01 8.680503393703885573e-01 8.584753573447664321e-01 8.389258914130892641e-01 8.678125663241770260e-01 8.587384569356282249e-01 8.621174342000955670e-01 8.637679360139954854e-01 8.798278727977942859e-01 8.634914865974917531e-01 8.306360341341730846e-01 8.556312840553512711e-01 8.276081889938700087e-01 8.484918578499635045e-01 8.820586828220026154e-01 8.705087561063384882e-01 8.729583234743093501e-01 8.574290637545821658e-01 8.734236604339499221e-01 8.676100685093249831e-01 8.825905644030079822e-01 8.686297112071765802e-01 8.771900201850213463e-01 8.599541924409234150e-01 8.663514795173019589e-01 8.813935316819252463e-01 8.754192178777039368e-01 8.795207211416210535e-01 8.710978470704373589e-01 8.732524325424562139e-01 8.400250839242547896e-01 8.528794203251960360e-01 8.737091866190487277e-01 8.568225193940368634e-01 8.484092771713314107e-01 8.778763007263253870e-01 8.808687681684297388e-01 8.746468527442885499e-01 8.682327623772092551e-01 8.740542347506408127e-01 8.773336483272361486e-01 8.771940190639323509e-01 8.856612662515309653e-01 8.804407760407126915e-01 8.728488403779892657e-01 8.586780399171189959e-01 8.606245213165667485e-01 8.740666100472243016e-01 8.745623373784928711e-01 8.765571713586897129e-01 8.687729932447250114e-01 8.571522877356390069e-01 8.666380955655718088e-01 8.721905802136034058e-01 8.752021499487744327e-01 8.658591965820513492e-01 8.723105493529342835e-01 8.332192081600640066e-01 8.551328563412704531e-01 8.656606098509147529e-01 8.654711179572643909e-01 8.526877503692885663e-01 8.581615176717912741e-01 8.653264500021803363e-01 8.681668000343739644e-01 8.712219160488970937e-01 8.671814240097542870e-01 8.706686383443282828e-01 8.757937235277979404e-01 8.781787101280782437e-01 8.737278729235673502e-01 8.720648805398523162e-01 8.773676349700016974e-01 8.735519811324043982e-01 8.701437879828480826e-01 8.804307729364949653e-01 8.744435488281735447e-01
9.042484758853969184e-02 1.985921252061561004e-01 3.021334530925588457e-01 3.935989646836514644e-01 3.918999014855344409e-01 4.709406183696114856e-01 6.132295230393165486e-01 6.157187263450485393e-01 7.470950977513267643e-01 1.000000000000000000e+00 7.242715074571346445e-01 7.266670329819782115e-01 6.981300661268519114e-01 7.020651828075440415e-01 7.788809944956512910e-01 7.583887695376587690e-01 7.068168483428159954e-01 5.215705500132676864e-01 5.416334166101587355e-01 4.708754932085267852e-01 4.800643326767069508e-01 5.742916086578745416e-01 6.024250905830937919e-01 5.684395688869854357e-01 5.977073291407659639e-01 6.939297880885521019e-01 7.188273658066729466e-01 7.335434852531810268e-01 6.391876407927101766e-01 6.780784851867814877e-01 7.049038391967132888e-01 7.331844186133646968e-01 6.924965170306215390e-01 6.930500849293442789e-01 6.594807846800749829e-01 6.970116880539182214e-01 7.181368053560909237e-01 7.754016183932734840e-01 7.577027872242226847e-01 7.623624976196575753e-01 7.983026688466960952e-01 7.934956116880023114e-01 7.707100481799196157e-01 7.895971599615368985e-01 7.738397148467492936e-01 7.830472138475328414e-01 8.049040201708295150e-01 8.216853008454780838e-01 7.986126170537531932e-01 7.585770113359807665e-01 7.916790290606897651e-01 7.477336904474040091e-01 7.823865954978812542e-01 8.127463790318270043e-01 7.944698431301968622e-01 7.963469330670837065e-01 7.823224188015890368e-01 8.072510937189633085e-01 8.070589243740766694e-01 8.100646373930574518e-01 7.995214114310023046e-01 8.081719534077713707e-01 7.891485024352152822e-01 7.970498114744903884e-01 7.986439793251032260e-01 8.036812704747416936e-01 8.162230895423961963e-01 7.945663342001274554e-01 7.997827858383780297e-01 7.653096120379069278e-01 7.698358059138150633e-01 7.937783717347933754e-01 7.825439473241572186e-01 7.682720179597011256e-01 8.019944144319510748e-01 8.021127496951038216e-01 7.927150958787171353e-01 7.854799503807151639e-01 7.937212540985214559e-01 7.864386711777865413e-01 7.882243167817611917e-01 8.039898870883126492e-01 8.056712123734077746e-01 7.866280974821353578e-01 7.932461368221263021e-01 7.943792714335552452e-01 7.953530867443442398e-01 8.139653875046950482e-01 8.081186830016733325e-01 8.059932949134307467e-01 7.956242306060382630e-01 8.098738985613733732e-01 8.094510287702064710e-01 8.107181405257697371e-01 8.143978986223341376e-01 8.182780208397015809e-01 7.889257467373578248e-01 7.907215210960285567e-01 8.049953587549836254e-01 8.077798144835071081e-01 7.976521297166943025e-01 8.071438909953785323e-01 8.068679031101094745e-01 8.105010544829776009e-01 8.054156267783350032e-01 8.070361117469956325e-01 8.139122681056530917e-01 8.174568116559021158e-01 8.164506969160209016e-01 8.143913354813674399e-01 8.143439534042057337e-01 8.149605219473086137e-01 8.163980487821663745e-01 8.108898859059338049e-01 8.125229146978415473e-01 8.146873243630394779e-01
1.303502950701466712e-01 1.679948040703720391e-01 4.150505721961953443e-01 5.576908587912161597e-01 4.945441450597791166e-01 5.158470914694380793e-01 7.543705506551948714e-01 7.400765891814975461e-01 7.962311106653693349e-01 7.242715074571346445e-01 1.000000000000000000e+00 8.499946626520380466e-01 7.978743500034690683e-01 7.541811434181142637e-01 8.696426414848245079e-01 8.558826432598921619e-01 7.921910417985369435e-01 6.798140580461036198e-01 7.129481059746750615e-01 6.174641670148089956e-01 6.668205274670827576e-01 7.524842038052519388e-01 7.394673037868545462e-01 7.352075916886826601e-01 7.726133658784999358e-01 8.254300386723834038e-01 8.374985817254481102e-01 8.454585393344853372e-01 7.738649782690022461e-01 7.996036260055136013e-01 8.448539975118765089e-01 8.409350109871793766e-01 8.109084346353317985e-01 8.229039760101923839e-01 7.926493335097980486e-01 8.456995351825788987e-01 8.512830081717516206e-01 8.653455112883192690e-01 8.712466342706415290e-01 8.672505441446096697e-01 8.874572135277527529e-01 8.810469435878168776e-01 8.782012415766774494e-01 8.887880300238287790e-01 8.878849491318956400e-01 8.824358109692932439e-01 8.706944959572958664e-01 8.827726384299781071e-01 8.773858296189794848e-01 8.639081831425325930e-01 8.765250820303023271e-01 8.657939671703147599e-01 8.705973521340516497e-01 8.835794173644552219e-01 8.761179317404015343e-01 8.773460412261607777e-01 8.812633562515687080e-01 8.793633969057172983e-01 8.789523775963412611e-01 8.915466699995551192e-01 8.899951975712492303e-01 8.806180731782276006e-01 8.840522130765411379e-01 8.810155266335136792e-01 8.838862939242168038e-01 8.855401819904784588e-01 8.843306658814285015e-01 8.882276794440032708e-01 8.907260051106691279e-01 8.775604296216577005e-01 8.895775075430312206e-01 8.954761154822700187e-01 8.830061747948267925e-01 8.887856299329115473e-01 8.978464656471775163e-01 8.924510123422527696e-01 8.903530912264876473e-01 8.847277581106109956e-01 8.915521060699928002e-01 8.891243637926735666e-01 8.937843157299613095e-01 8.945049854480159324e-01 8.905952744121616860e-01 8.863482239947039210e-01 8.841903709390821486e-01 8.889213369794801700e-01 8.965318944927318512e-01 8.840212902756722224e-01 8.922667299991775547e-01 8.818225239484107636e-01 8.866420344768519701e-01 8.806467657596473986e-01 8.915077085773193133e-01 8.896586946028951504e-01 8.726906849901081564e-01 8.796317661356122253e-01 8.689214229310323612e-01 8.768037967706291402e-01 8.804489706653267911e-01 8.779865076738548879e-01 8.819748793677539833e-01 8.768546605496105872e-01 8.781413077310106230e-01 8.817478102276303797e-01 8.891985241772606408e-01 8.791916262784268410e-01 8.797762538628859375e-01 8.821157959907366397e-01 8.901804708010471190e-01 8.789233334326194136e-01 8.817102812142569856e-01 8.828967840945344259e-01 8.798233635034361511e-01 8.795689351221422925e-01 8.825275755390433741e-01 8.782865641067381102e-01
1.280579039903447652e-02 1.351886849210927888e-01 3.693185876958320346e-01 6.464607343954457130e-01 5.237412204554365847e-01 5.309636737109012516e-01 7.966428019097292479e-01 7.743150625334951354e-01 7.818377607466496793e-01 7.266670329819782115e-01 8.499946626520380466e-01 1.000000000000000000e+00 8.327641665702836260e-01 7.821420308009163769e-01 9.121414080537657565e-01 8.966855057005133078e-01 7.769631294003546129e-01 6.274776304916732661e-01 6.610326266552887242e-01 6.119823989408921250e-01 6.645224567314169661e-01 7.213747271439321374e-01 6.792352019372261962e-01 6.924130394573166924e-01 7.458514785446214157e-01 7.832266314987100797e-01 8.011290096236642899e-01 7.949952875261530050e-01 6.876428248788331032e-01 7.218291427248505476e-01 7.856134847719170589e-01 8.342384856628231038e-01 7.631393372987883561e-01 7.989841128518618829e-01 7.298009840057134712e-01 8.355202517840555343e-01 8.105102349703359188e-01 8.560801096174395219e-01 8.554271430277835542e-01 8.684625567458273965e-01 9.081082009392320575e-01 8.968296029343577613e-01 8.960032133971284063e-01 8.953799102232389284e-01 8.922817449499202969e-01 8.711637535730777371e-01 9.119050940848897335e-01 9.082094202233811364e-01 9.184964351505693347e-01 8.970998984386853170e-01 9.050899843911863751e-01 9.108380391232376860e-01 9.144895599491327243e-01 8.899062010627908359e-01 8.769540094012598930e-01 8.680194095955856559e-01 9.028549719897697168e-01 9.045174847021406617e-01 9.018248448270613782e-01 9.127816781773823163e-01 9.219698507144622468e-01 8.992687128811194253e-01 9.087126244069216874e-01 9.103834622576364444e-01 9.009552197388374095e-01 9.071965457251355280e-01 9.070600023435645420e-01 8.922065198119328855e-01 9.005247929769936155e-01 9.067883045059913494e-01 9.104854602859747681e-01 9.046601819047050963e-01 8.961424716604821095e-01 8.996613010419338696e-01 9.161973717348289581e-01 8.974486364154934392e-01 8.994222913162503996e-01 8.702354551948828787e-01 8.913337562023706528e-01 8.713072836640010088e-01 8.870919710595541741e-01 8.894789480747838928e-01 9.043391421595146085e-01 8.866877501471547296e-01 9.155209777550975536e-01 9.137055961768527634e-01 9.024106539524383575e-01 9.117557706259644679e-01 9.128783974244913946e-01 8.990196725198944527e-01 9.228491071217370667e-01 9.167796069123705927e-01 9.167029314398387196e-01 9.130019879226727308e-01 9.109951931336515152e-01 9.124387443638788397e-01 9.274925959311977053e-01 9.263477630122829432e-01 9.231405996373164280e-01 9.172481950415056762e-01 9.247379808431864801e-01 9.223830484816148978e-01 9.224140481194645913e-01 9.212308803474773544e-01 9.241462334336866258e-01 9.096308037400151481e-01 9.193196345237054645e-01 9.078034312889234902e-01 9.108519671889395708e-01 9.118306822085013863e-01 9.110520506423028797e-01 9.155095296169131203e-01 9.106891333083401152e-01 9.189762892051420717e-01 9.115751248209182922e-01 9.097349146473483472e-01
7.937770619958020579e-02 1.477296401449210983e-01 3.487427168447596038e-01 5.514130155769491060e-01 5.045825952382356760e-01 5.051542207769781356e-01 7.459558864769105790e-01 7.440336142056758195e-01 7.471035019873112359e-01 6.981300661268519114e-01 7.978743500034690683e-01 8.327641665702836260e-01 1.000000000000000000e+00 7.217828641922363619e-01 8.513517119626974328e-01 8.552209768095574427e-01 7.545591083640624808e-01 6.193390245511105618e-01 6.437122579604902528e-01 5.906805133472654568e-01 6.198514202062905820e-01 6.912038572278630388e-01 6.733651612075930437e-01 6.769454344091542231e-01 7.227871448400078336e-01 7.610795150659299679e-01 7.680824345368960637e-01 7.764130698926638985e-01 6.840194928926356388e-01 7.220215763224040462e-01 7.612472743736030667e-01 8.084301145908947550e-01 7.584765046385800735e-01 7.826401199872646819e-01 7.251418735729859844e-01 8.061877280931830647e-01 7.912196213371521791e-01 8.240472321817280399e-01 8.263177975805245934e-01 8.324249724028042197e-01 8.540396634705269552e-01 8.476507959357341138e-01 8.521563568739903838e-01 8.530286615515555448e-01 8.495976679054663139e-01 8.299369430696416083e-01 8.509205550169340881e-01 8.564563767201772704e-01 8.593408931167650922e-01 8.416728694772047659e-01 8.543361620640355092e-01 8.488506354848224245e-01 8.540868431991004428e-01 8.457158810640124091e-01 8.324363286003433338e-01 8.293718118607120715e-01 8.459863819628965498e-01 8.481204586627779651e-01 8.465771099619032736e-01 8.625146984447287224e-01 8.636217490453442780e-01 8.476099640622432041e-01 8.461229387224435960e-01 8.590456374069651568e-01 8.522768838468463004e-01 8.530160519825412679e-01 8.557280409249011788e-01 8.462968593919414362e-01 8.557896640056611437e-01 8.498501306142970391e-01 8.539539917702663185e-01 8.537069162537065381e-01 8.450091016333988181e-01 8.528332465557815212e-01 8.647586216174130147e-01 8.468971123783368693e-01 8.474387429947281003e-01 8.284568713652739058e-01 8.434888960584620010e-01 8.366240059856292488e-01 8.488050764580715724e-01 8.482301615151159879e-01 8.518220191228594862e-01 8.448110461212084976e-01 8.622850219221357415e-01 8.657076402608585575e-01 8.594101819895887395e-01 8.571004797626462501e-01 8.613935114468642684e-01 8.487388326304631248e-01 8.601626899334630094e-01 8.563766667208875250e-01 8.610331263083603748e-01 8.589794792464875428e-01 8.522956941723538460e-01 8.557069715752138039e-01 8.555981058171137077e-01 8.591554911614461831e-01 8.586538735352928775e-01 8.578648354948696930e-01 8.646052815372834432e-01 8.543939876834493186e-01 8.601094200755335928e-01 8.608762492095909380e-01 8.661316314456468657e-01 8.497210867770624843e-01 8.576357501580131881e-01 8.541685457884410360e-01 8.576776955050509077e-01 8.534224370673998417e-01 8.522012919958242838e-01 8.592982974957401598e-01 8.521797208315791128e-01 8.581970277930632829e-01 8.574266951744504706e-01 8.517545992037219849e-01
