1.000000000000000000e+00 1.099807749034135834e-01 9.934857736899148362e-02 2.106951448946638508e-02 3.646832530091442814e-02 2.189690163907112574e-02 2.194652723406607248e-02 3.598613157179392230e-02 1.456109417426240948e-01 8.567466223314997020e-02 4.819850240426460514e-02 -6.794821350217563651e-03 6.659454070734447360e-03 -1.917849224118964649e-02 2.252900863904991682e-02 2.168756386119442478e-02 1.208729808001346162e-01 1.163948499820830484e-01 6.791204398806552356e-02 1.546562597235653091e-01 1.530845386140434472e-01 8.824022116683707950e-02 9.288631144783997262e-02 1.047581408663859626e-01 8.257776456295488898e-02 1.135642262001525238e-01 8.159040580387068309e-02 7.486796050924501844e-02 1.019763690165552128e-01 9.095681515993030153e-02 7.275320795351515601e-02 6.739894969742174502e-02 4.772119019414613333e-02 5.372291955515722667e-02 5.268755096870915422e-02 2.314700668094278255e-02 5.644799376215450110e-02 2.342636117240596769e-02 3.380215443766598771e-02 -1.651020017330437004e-02 4.005444485620504591e-02 -3.225871599367561605e-03 -4.606743144232811407e-03 2.333155672516079582e-02 1.258675425532609395e-02 1.504492700891869178e-02 9.626170813315879787e-03 3.209265122127070990e-02 3.563161497646854387e-02 3.065418625723515672e-02 2.592454721109087659e-02 1.780319899964344030e-04 1.659153112350410936e-02 6.251725767882082563e-02 7.333547622684985501e-02 5.782547351752385240e-02 5.894309931479021353e-02 2.149405234196404002e-02 4.244076521100119403e-02 2.907274205667476422e-02 2.022894817915435808e-03 3.778718222079765349e-02 2.759153157699863190e-02 4.849275297546118413e-02 5.744854996113495788e-02 4.611611783993801311e-02 2.254671039051712664e-02 2.845075541245120632e-02 4.194009268771797805e-02 5.834233531414988877e-02 3.501391407933247824e-02 3.690848156936274438e-02 4.338486263187501385e-02 3.338999372697398771e-02 4.996508890465719416e-02 3.210416256876855168e-02 1.544902446555501858e-02 4.383060358211461616e-02 2.128655900071765167e-02 3.672634647771751831e-02 3.426984352878650886e-02 3.021536682318779615e-02 3.429721267060478057e-02 2.679796778349715497e-02 1.284524883351649029e-02 2.482027472536759219e-02 2.032235956053064438e-02 1.345702571887689297e-02 1.311036943035452131e-02 4.653438356424371980e-02 -4.780657496891526845e-03 1.247925069611511423e-03 5.745310725108348365e-03 1.125600896787577396e-02 8.287283667304540941e-03 1.756659410800988363e-02 -1.373935282042288352e-03 2.801349778456694445e-02 1.171004381921592931e-02 8.944759865020841458e-03 -5.541830938459183821e-03 1.188655005837811057e-02 1.804015332624387541e-02 3.179125247185421530e-03 1.587607562008096218e-02 3.042987420616630537e-02 3.024863442959396104e-02 2.276800955010750346e-02 3.514885002463750963e-02 7.177904080238678257e-03 1.296868645118257578e-02 1.858216011868431272e-02 2.062455345667950357e-02 2.381371337609150887e-02 3.102525653004897799e-02 3.029273287977352069e-02
1.099807749034135834e-01 1.000000000000000000e+00 8.334991761206225758e-02 5.330561844824086709e-02 2.800987657672471265e-02 5.008448657503281748e-02 1.329191651342971348e-01 9.493431476706767902e-02 1.669218911716323084e-01 1.987920592776531714e-01 1.315420626736379661e-01 1.057920234872682663e-01 1.315426289337775501e-01 1.246999304783995149e-01 1.429322515049520070e-01 1.364436101338902529e-01 1.228203685634769726e-01 2.074701777058801655e-01 1.697519443887141044e-01 1.770184839462555781e-01 1.514565469328847946e-01 1.534047870527660284e-01 1.963732394540481652e-01 2.126977344178852258e-01 1.627693326986003886e-01 1.947104590959571613e-01 1.662017370874314393e-01 1.740510450193443193e-01 1.961349496458165975e-01 1.942341992357953240e-01 1.738416573137213095e-01 1.880102150361859237e-01 1.753284155403607714e-01 1.851572183086124812e-01 1.697665653174476874e-01 1.484775212121569876e-01 1.581675920673134284e-01 1.641368436856771862e-01 1.640688205985347536e-01 1.283924890735284041e-01 1.607614400510110342e-01 1.503697504320612444e-01 1.265565930100979730e-01 1.338417776484149835e-01 1.492337119396062173e-01 1.546755897219307951e-01 1.298917629297604293e-01 1.437130698904650894e-01 1.325832749031267410e-01 1.218313172557298346e-01 1.359541596800714625e-01 7.701519309887874809e-02 1.157712560352329861e-01 1.532765762562935397e-01 1.457019553933123213e-01 1.581270606172907878e-01 1.034204591992103350e-01 1.402136618337826990e-01 1.407314706300064056e-01 1.316539612850120000e-01 1.183905581367074994e-01 1.342296721216213184e-01 1.303681184185821462e-01 1.305493094445350499e-01 1.319711320493210105e-01 1.219197581133765751e-01 1.470381586198964974e-01 1.579324339825656232e-01 1.787405710147025872e-01 1.621037488264633342e-01 1.468614763994570416e-01 1.495987672728829876e-01 1.805293592389143054e-01 1.534553847955772987e-01 1.680209374306234626e-01 1.583715862852380363e-01 1.569518152639526043e-01 1.666320468031095292e-01 1.543367929481615219e-01 1.675399805688599641e-01 1.618571218362657993e-01 1.566925986770096313e-01 1.499015590456436453e-01 1.626431409302033226e-01 1.503530182188145825e-01 1.575778525203790081e-01 1.502861270257984383e-01 1.516588574560526759e-01 1.502599004566946839e-01 1.520239747671399133e-01 1.461240122239901573e-01 1.446420042872117728e-01 1.435353529091341618e-01 1.500695953222995205e-01 1.357266826825421491e-01 1.433190123196681209e-01 1.209614979194571088e-01 1.017312466283201988e-01 1.260906244578089974e-01 1.369738640966642329e-01 1.322497734551571769e-01 1.205006769587796400e-01 1.222462941459660224e-01 1.326199835621128531e-01 1.233132234447492093e-01 1.058096272727335474e-01 1.296047319168484868e-01 1.499424878639245284e-01 1.494192284123513348e-01 1.333460995215348110e-01 1.421615978317571638e-01 1.302949863977890532e-01 1.306683439476467590e-01 1.277056776224615442e-01 1.342131450460646580e-01 1.251674920675371061e-01
9.934857736899148362e-02 8.334991761206225758e-02 1.000000000000000000e+00 3.481789597175328765e-01 2.426780995064811430e-01 1.401255945588302243e-01 3.606047900484353197e-01 3.459968154037160182e-01 3.589121396842996359e-01 3.263055327625484781e-01 3.806166752555227295e-01 3.776611558409467273e-01 3.127506461786903613e-01 2.899153027015041739e-01 3.915894515644628426e-01 3.696585949256504522e-01 3.738918708707885119e-01 3.841113508170079238e-01 3.745110154011937476e-01 3.802097774725621826e-01 3.529728180186498254e-01 3.737024296881598096e-01 3.982651818093938534e-01 3.952055707990249633e-01 3.821027781182108063e-01 4.078241606256830520e-01 4.024533610993256683e-01 4.062541222737330315e-01 4.060123117998967746e-01 4.051229822627162025e-01 4.168649285780625657e-01 4.060036198535286744e-01 3.810905965308133969e-01 4.028238821495376265e-01 3.804873016080166370e-01 3.915181289862277869e-01 3.914100027708447005e-01 3.911752394919696951e-01 3.989413911924135636e-01 3.883475845435608864e-01 3.958536462560152125e-01 3.873413690431669609e-01 3.901237167430857133e-01 3.851229496196516000e-01 3.984607316183531034e-01 3.834557930912713686e-01 3.747375460878691333e-01 3.789903425580732343e-01 3.773640756927214568e-01 3.835437844487720183e-01 3.803433276608754188e-01 3.860786436783009146e-01 3.776703538267931481e-01 3.874692898972871835e-01 3.827203947234672499e-01 4.026488161568891333e-01 3.718825296518740720e-01 3.815321575911572172e-01 3.786412095092825947e-01 3.785964782665499628e-01 3.819954371264194792e-01 3.783849171103900733e-01 3.743874116028036991e-01 3.725549393291073264e-01 3.841407593025950584e-01 3.792774346110656114e-01 3.823491471912536799e-01 3.928840231915344816e-01 4.060759032715434702e-01 4.039941283823586526e-01 3.826858538321056269e-01 3.882431098897471955e-01 4.058281257613826631e-01 3.924798465960663285e-01 4.010529133774187183e-01 3.984332083367176924e-01 3.883327169814285162e-01 3.994104842321691828e-01 3.958823578563395729e-01 3.844908902654997074e-01 3.949971037339412017e-01 3.997432199600774450e-01 4.025472989723213879e-01 3.852091489788823653e-01 3.966923039054804367e-01 4.006574797670300336e-01 4.012326760554378313e-01 3.880281388001994847e-01 3.907327711886273702e-01 3.984972431433470019e-01 3.949019985878705619e-01 3.871611704469922199e-01 3.901790374990799504e-01 3.888576503291216180e-01 3.779472094415974870e-01 3.820174061594360237e-01 3.928218722164316112e-01 3.795688687249148541e-01 3.874613015972304120e-01 3.896908768806525147e-01 3.921341675164581320e-01 3.813722660841428747e-01 3.784997385408896964e-01 3.848585214728860171e-01 3.881760181242828178e-01 3.782371835676717198e-01 3.805559780530470837e-01 3.831810165496690734e-01 3.880890286729153371e-01 3.822486684795181611e-01 3.808887374503768797e-01 3.787290443480053059e-01 3.813260618640585409e-01 3.834201903002522616e-01 3.829997784318616150e-01 3.787162081341156616e-01
2.106951448946638508e-02 5.330561844824086709e-02 3.481789597175328765e-01 1.000000000000000000e+00 3.632898031320952459e-01 2.449793530350328485e-01 5.246474950522813652e-01 5.383584292102960855e-01 5.494523379734799207e-01 4.800133422994443122e-01 5.838085738329245045e-01 6.181237067914145955e-01 5.605549250702059894e-01 4.164031127509950081e-01 6.051776479475325932e-01 6.031462295750009694e-01 5.639740518663088897e-01 5.063517150094828390e-01 5.507777161102047625e-01 5.031696348736001134e-01 4.923509565262227383e-01 5.810426179199468244e-01 5.447563742630440187e-01 5.227088435417771572e-01 5.571143513853186180e-01 5.788917545429658196e-01 5.769673085808542101e-01 5.795493480518009166e-01 5.704670105926420431e-01 5.918035363745844935e-01 6.123248310498891067e-01 6.001181060243023779e-01 5.614290777779337160e-01 5.938035780397654673e-01 5.786338895657414660e-01 6.062371858561120819e-01 5.860276781418627401e-01 6.147927959823390465e-01 6.128348324759913535e-01 6.035013641050499533e-01 6.133074711749824104e-01 6.123282003474525004e-01 6.271114385816686232e-01 6.251354141351350702e-01 6.126551697496074311e-01 6.157489300339781257e-01 6.184497949779965698e-01 6.170959321276314746e-01 6.146302450126879258e-01 6.144748682242369142e-01 6.201743568567742448e-01 6.197511703701101826e-01 6.173246876292162177e-01 6.136428047313917666e-01 6.007089048747866755e-01 6.114761138266907592e-01 6.097076936319127949e-01 6.161325997041495750e-01 6.075285447996651156e-01 6.169698384839900074e-01 6.278949581046716633e-01 6.124866080551575331e-01 6.143241999209763105e-01 6.140420904031803628e-01 6.109484837221490494e-01 6.144565502453269712e-01 6.200425864920358077e-01 6.198146466483831496e-01 6.180389706233754277e-01 6.293236976282506889e-01 6.177945790254749658e-01 6.178758010636127285e-01 6.136407834928616634e-01 6.146037478035124568e-01 6.224512689555324885e-01 6.204081171799749050e-01 6.149274366827172100e-01 6.142065209700761086e-01 6.187887128159424988e-01 6.123398944403285471e-01 6.167523164949662018e-01 6.285503936780264533e-01 6.260934287620639749e-01 6.105259471331251353e-01 6.278633296955142828e-01 6.273378451146740531e-01 6.234059793350619216e-01 6.270251329946257002e-01 6.234030628410321961e-01 6.251104373617037968e-01 6.258395967637613300e-01 6.237042536395773773e-01 6.249284456871797566e-01 6.227182619090642079e-01 6.240886593616996603e-01 6.217929760283875673e-01 6.380992376407813582e-01 6.274436420427992323e-01 6.287829100301001173e-01 6.303373180316718116e-01 6.327929038098922820e-01 6.289236637165296351e-01 6.243133613011081495e-01 6.251802704778012254e-01 6.307020925375377285e-01 6.316384201014408895e-01 6.230601374200148701e-01 6.218769472054633818e-01 6.227031192994728626e-01 6.229300467917568973e-01 6.232124216137042705e-01 6.222020622805929380e-01 6.260240820375215787e-01 6.277333325284638610e-01 6.224664437597032807e-01 6.235729155849564220e-01
3.646832530091442814e-02 2.800987657672471265e-02 2.426780995064811430e-01 3.632898031320952459e-01 1.000000000000000000e+00 1.671754848948195926e-01 4.280537594407682889e-01 4.438175973235511940e-01 4.352575618306678273e-01 3.985016675640695172e-01 4.459452052140601697e-01 4.654153627773940927e-01 4.473918856454737192e-01 3.160115432756407383e-01 4.785232194879008860e-01 4.801562586876658711e-01 4.410166039069067234e-01 3.769286811148036542e-01 4.232747449617026980e-01 3.518977038353511277e-01 4.282178340300722419e-01 4.679863792311407811e-01 3.834345412347396342e-01 3.658363318875050285e-01 4.469138754680762604e-01 4.390597863763252007e-01 4.494694431350768071e-01 4.601343142986005219e-01 4.432673220306695416e-01 4.558092568505641151e-01 4.841479236423615884e-01 4.215875644770921693e-01 4.350421444344539368e-01 4.130900716551419993e-01 4.478181235031727381e-01 4.591261964472490020e-01 4.654947729403539625e-01 4.676292728549152344e-01 4.715321755854472441e-01 4.558833986280663719e-01 4.743769904150241801e-01 4.748863078054676445e-01 4.831973638836077334e-01 4.902224686050090097e-01 4.835079327154769846e-01 4.851796143969608344e-01 4.920275161826309640e-01 4.871910960785606481e-01 4.863048148527835401e-01 4.716181959172460747e-01 4.832332905799882616e-01 4.799210263995552506e-01 4.884172155225940393e-01 4.858852437470964625e-01 4.787667359115237997e-01 4.709569981778538583e-01 4.892155829641430254e-01 4.875130731296279385e-01 4.820350772272481987e-01 5.012767154055223218e-01 4.907805239494322791e-01 4.903581118883792445e-01 4.800662964352087614e-01 4.921877456731372225e-01 4.962208926679747001e-01 4.991068017546869684e-01 4.831362209038959077e-01 4.848387644029350518e-01 4.666324788379664912e-01 4.843549713015296576e-01 5.004107844373599789e-01 4.915700057682604318e-01 4.603492363352394423e-01 4.910600267937237362e-01 4.906281426072020557e-01 4.913672070528875557e-01 4.906385777027313377e-01 4.872109246793066006e-01 4.864559016551773807e-01 4.781047876493599857e-01 4.822935217440791900e-01 4.943453861987602282e-01 4.796124635917460299e-01 4.770161414215401963e-01 4.732419027327705585e-01 4.728192378204272295e-01 4.849187239122593751e-01 4.848820826277450702e-01 4.861699752184053813e-01 4.919442884580925157e-01 4.840124021276888122e-01 4.898970581433383931e-01 4.904222254521334312e-01 4.873917418841831606e-01 4.964654038793024360e-01 4.962831178493140039e-01 4.911886959547824283e-01 5.073989739204710636e-01 5.063635515485365168e-01 4.923962123190812057e-01 4.926504764611205900e-01 4.989017190608083241e-01 5.036786073510383099e-01 4.954301120558438076e-01 4.975716679314765023e-01 5.105663355058897013e-01 4.980363474591891770e-01 4.939294794154160395e-01 4.969059767133972016e-01 4.952465766946283487e-01 4.884162588916611814e-01 5.017249765691728092e-01 4.969645177273393499e-01 5.006246521156629825e-01 4.967314998193608777e-01 5.034786243687855434e-01
2.189690163907112574e-02 5.008448657503281748e-02 1.401255945588302243e-01 2.449793530350328485e-01 1.671754848948195926e-01 1.000000000000000000e+00 3.367900586635765858e-01 3.118362581816567225e-01 3.146946026620119352e-01 2.954410597588981724e-01 3.433965595123532055e-01 3.509297344565879828e-01 3.270946134342636036e-01 2.423238337774540063e-01 3.524428443565094660e-01 3.722413993008153454e-01 3.242681602239185779e-01 2.922244504650850505e-01 3.306429312522236597e-01 2.842673842699215969e-01 2.900065519558798210e-01 3.486750199084555080e-01 3.009478662314691855e-01 2.970743814308585140e-01 3.322034342445561728e-01 3.277885300556315773e-01 3.383713365015683650e-01 3.285347275751279161e-01 3.226834355222295558e-01 3.455644726972959546e-01 3.578208615694228323e-01 3.436743844285284344e-01 3.413058783149136577e-01 3.529496881406713471e-01 3.393988307742350496e-01 3.609532747546800313e-01 3.457539332626285988e-01 3.663911866567202691e-01 3.707177353143131793e-01 3.559467218302641012e-01 3.690838988333698945e-01 3.681945098726491228e-01 3.762198735068691402e-01 3.766471156523584218e-01 3.688704749840854835e-01 3.654968007604610380e-01 3.783316022458924621e-01 3.751014201240054358e-01 3.779915887346013137e-01 3.731187250138126021e-01 3.769383799411715752e-01 3.685652421974454640e-01 3.758230677546190446e-01 3.715510284478977243e-01 3.593960602438260876e-01 3.545923097598638329e-01 3.714762442540654463e-01 3.690824085375521979e-01 3.729802013200282929e-01 3.768141422636995808e-01 3.832084517302904447e-01 3.768951567967859795e-01 3.778204742607301769e-01 3.781914375841281539e-01 3.709550722376332987e-01 3.753378733275813395e-01 3.756505611962463465e-01 3.772127318570966947e-01 3.696912657650447409e-01 3.728482768433556971e-01 3.777517708614134273e-01 3.754875954267222760e-01 3.646767645208968678e-01 3.758774417242739529e-01 3.712670925357333118e-01 3.683362581159688176e-01 3.692347918371422510e-01 3.682712283488056015e-01 3.745249681830115085e-01 3.688413161737433832e-01 3.722816306308237566e-01 3.765292061606147489e-01 3.649372014520144702e-01 3.691825754250644964e-01 3.729196445622373624e-01 3.750687299782058393e-01 3.710636822335721674e-01 3.738658753480398889e-01 3.730578770944746880e-01 3.706063797847401475e-01 3.679023385625072584e-01 3.731159858903334015e-01 3.754520095781629374e-01 3.758901167789587272e-01 3.786943208243430670e-01 3.793034117454570642e-01 3.769105037697814686e-01 3.780842164713386633e-01 3.814129623991670548e-01 3.788783837721068637e-01 3.787924594166519610e-01 3.762715009706871783e-01 3.778035340319336188e-01 3.777968602376417517e-01 3.794896367463813647e-01 3.801114621174309094e-01 3.820723760139227432e-01 3.801233719779405495e-01 3.757598491218779868e-01 3.806463197843353297e-01 3.761305224722429341e-01 3.780314728876776886e-01 3.806702038957715528e-01 3.816165812818211323e-01 3.758843746343111802e-01 3.780738965443637412e-01
2.194652723406607248e-02 1.329191651342971348e-01 3.606047900484353197e-01 5.246474950522813652e-01 4.280537594407682889e-01 3.367900586635765858e-01 1.000000000000000000e+00 6.901765367821230956e-01 6.819649899271787996e-01 6.328713099158955746e-01 7.336930153110353681e-01 7.619575182339194397e-01 6.835016990400256676e-01 5.476269611461191955e-01 8.103867840858552940e-01 7.764859954674727671e-01 6.978052876651787972e-01 6.618093130517735956e-01 7.171422429668705689e-01 5.878503097418329437e-01 6.379874819083960480e-01 7.279203083299566890e-01 7.105203709891485531e-01 6.726697922113737960e-01 7.060094188322867392e-01 7.215103768300630271e-01 7.390401026368871307e-01 7.564102768664662246e-01 7.657548742542951148e-01 7.632238167971930887e-01 7.936659704509566593e-01 7.631102105251768020e-01 7.586688267770801408e-01 7.601593604773287938e-01 7.522382231817963394e-01 7.751332213620502065e-01 7.778795791509365287e-01 7.983405258495812618e-01 8.027820400879068785e-01 7.718740988783172607e-01 7.877557588043463399e-01 7.919822410902336296e-01 7.896059450220679343e-01 7.993339862242293536e-01 7.946892106047697135e-01 8.025618393803298778e-01 7.885047560665153776e-01 7.922922801488672118e-01 7.799191546968385902e-01 7.728716841301441765e-01 7.852403440219433151e-01 7.447831414204438838e-01 7.739101379697728156e-01 7.805978629925183210e-01 7.553799789853509195e-01 7.824798982918421686e-01 7.500364515723918490e-01 7.911732637482390418e-01 7.769669604414038977e-01 7.843909954901630011e-01 7.826710417708409029e-01 7.757001274762969079e-01 7.793966050796607981e-01 7.774206591365109276e-01 7.774994447309061529e-01 7.680691072272195496e-01 7.944460306581438980e-01 7.997711922110518623e-01 7.981312392266621814e-01 7.837760775296991334e-01 7.994703097067827890e-01 7.953647833810539858e-01 7.878256742286257053e-01 7.934962760363762913e-01 7.975860628947540887e-01 8.033327342078657729e-01 8.037935040831397648e-01 8.090136000710956843e-01 8.028882742617696744e-01 7.985336574490875527e-01 8.033665387259972812e-01 8.063794119384164460e-01 8.051364243537953991e-01 7.948999382758048515e-01 7.973055690133382667e-01 8.031242250244358116e-01 8.059142091528964658e-01 8.069681569968731871e-01 8.083658998735149259e-01 8.023707416376576473e-01 8.064474954167806242e-01 8.036966983837429135e-01 8.027038876897154562e-01 8.064104029502507931e-01 7.973633050110818798e-01 7.986205818165176273e-01 7.972376419708452344e-01 7.794075322708733378e-01 7.946618420625861656e-01 8.025748719404420806e-01 8.029949343660706118e-01 7.937265463736757898e-01 7.881751447226801321e-01 8.003788344198361493e-01 7.956796300480806217e-01 7.810901059822602521e-01 7.910188986160802127e-01 7.953588878005360963e-01 7.977571377940142483e-01 7.982156912079307887e-01 7.984275442679586998e-01 7.915100475302170313e-01 7.918159458590005029e-01 7.943409894111584935e-01 7.917938407253853894e-01 7.838223726679200976e-01
3.598613157179392230e-02 9.493431476706767902e-02 3.459968154037160182e-01 5.383584292102960855e-01 4.438175973235511940e-01 3.118362581816567225e-01 6.901765367821230956e-01 1.000000000000000000e+00 6.979650480496288889e-01 6.401155239487859028e-01 7.454177454537698200e-01 7.715476077853226089e-01 6.991075316257788774e-01 5.399194760405023885e-01 8.012058111247328807e-01 7.958587782777208908e-01 7.121382160801632555e-01 6.329332233263597063e-01 6.999763717367056826e-01 6.011466711948969532e-01 6.288722475128435407e-01 7.131856403945078249e-01 6.945037852532495171e-01 6.504866909833323385e-01 6.896919573479000087e-01 7.295616961010299439e-01 7.352107060560889584e-01 7.429969285056853279e-01 7.413196969316502294e-01 7.507077428116259998e-01 7.836912109920287639e-01 7.650202398727645736e-01 7.486196170654734194e-01 7.605029606262937447e-01 7.447273236970329835e-01 7.757617026985818010e-01 7.735005380427839583e-01 7.936813294469310387e-01 7.966013779493875679e-01 7.739690461696133728e-01 7.879236171715926496e-01 7.864919794547948761e-01 7.970146456149841407e-01 8.009393963840619746e-01 7.885127170161755350e-01 7.982862260738852189e-01 8.000560314782143578e-01 7.992446167241019639e-01 7.974462287020316342e-01 7.901136923953758773e-01 7.982247315423903755e-01 7.685530165136532643e-01 7.888470190022284223e-01 7.912758556136575416e-01 7.772160075191111295e-01 7.858919913675235236e-01 7.795430518275618947e-01 7.971103368019510915e-01 7.916793871640960267e-01 7.906081195144468721e-01 7.993088278906617106e-01 7.895191365129418104e-01 7.944918846543826962e-01 7.928042798454458806e-01 7.853284911429023740e-01 7.858797297916155777e-01 8.010139948249891395e-01 7.959432187962891536e-01 7.933811787552176309e-01 7.865331057008259075e-01 7.918617119544889560e-01 7.940323038810627176e-01 7.830080899105943404e-01 7.867244026858448702e-01 7.983226506895308994e-01 7.975249587165841314e-01 7.962737320485229198e-01 7.965341576835532900e-01 7.987223698413546957e-01 7.881091626351958146e-01 7.947880526768994480e-01 8.014315935421076897e-01 8.042134652597130451e-01 7.896519090962739185e-01 8.081680076149487801e-01 8.029326816807181855e-01 8.009853943132667631e-01 8.079484859977156264e-01 8.055345336213152185e-01 8.044746929518876710e-01 8.021167614803490498e-01 8.053721886128344387e-01 8.040904479092073620e-01 8.042262657954739602e-01 8.038554900469435660e-01 8.032775085913562707e-01 8.111203760181218136e-01 8.026332973763812273e-01 8.078695689886202791e-01 8.087829195703162277e-01 8.069103547781422137e-01 8.069863883358857626e-01 7.979342247982827985e-01 8.065011910339821011e-01 8.074082339743876569e-01 7.978736427689218091e-01 8.044037012772177198e-01 8.004406088328357427e-01 8.022032887771594067e-01 8.040045380649590845e-01 8.045696367342384248e-01 7.997294509773986704e-01 8.020852168202252663e-01 8.047763769675757572e-01 7.994039650255325702e-01 7.961749309986778655e-01
1.456109417426240948e-01 1.669218911716323084e-01 3.589121396842996359e-01 5.494523379734799207e-01 4.352575618306678273e-01 3.146946026620119352e-01 6.819649899271787996e-01 6.979650480496288889e-01 1.000000000000000000e+00 7.453367370264878389e-01 7.965150539036224275e-01 8.165920517396241252e-01 7.504840110391012287e-01 5.758762566627118051e-01 8.234908474997534311e-01 8.217301639075670350e-01 8.098671544135569444e-01 6.835670402049621730e-01 7.590792792252734067e-01 6.684261046326069877e-01 6.973981463329415043e-01 7.771878942733591034e-01 7.412790131161629548e-01 7.097449292884805416e-01 7.671008506219423317e-01 8.131450171544770678e-01 8.060662758821580676e-01 8.068514205340431289e-01 8.043077003615128895e-01 8.353405901713192305e-01 8.585734413972146983e-01 8.273039723511620425e-01 7.977034769504514067e-01 8.053461440258152804e-01 8.260245506623590250e-01 8.105119940818374946e-01 8.433118819819080958e-01 8.364972993280270774e-01 8.498537271629676981e-01 8.005984203407991995e-01 8.524918079560186435e-01 8.361805014124267244e-01 8.390778403863056178e-01 8.559450772400081231e-01 8.392616352651689482e-01 8.446938131524436288e-01 8.576402064597399288e-01 8.720379501504976760e-01 8.659906978516860310e-01 8.364371304439861543e-01 8.547320816909675933e-01 8.124641251056893276e-01 8.488446289840998471e-01 8.779531510217238877e-01 8.633950511516081949e-01 8.493156218084287890e-01 8.629899381942399694e-01 8.548632975775807274e-01 8.609574156111228227e-01 8.700632948333318906e-01 8.561128708879841565e-01 8.688896729110369144e-01 8.608963380809966370e-01 8.727648680380766244e-01 8.724592046516168597e-01 8.715415947033202659e-01 8.637882850108716815e-01 8.579205790770850770e-01 8.565689400041415213e-01 8.554515041689000343e-01 8.580554141650640343e-01 8.620791109445575806e-01 8.424402332675478000e-01 8.523789229691942637e-01 8.652791629481751956e-01 8.636632203498980642e-01 8.514485901372838006e-01 8.594392276309411605e-01 8.522548562759676427e-01 8.610495031989682246e-01 8.639991659260998214e-01 8.681420437888404118e-01 8.558881402140093853e-01 8.596150765244873204e-01 8.513558765436054498e-01 8.565357329910866513e-01 8.569391623241169320e-01 8.566923359925115999e-01 8.592169621650126432e-01 8.612663315293059840e-01 8.425614910100664989e-01 8.542662661929762979e-01 8.579381002413435375e-01 8.578062927201302035e-01 8.612801213906857711e-01 8.662241307035408733e-01 8.472632740203042134e-01 8.572351254149546129e-01 8.579006296108698804e-01 8.570864280640234645e-01 8.486859976110399106e-01 8.576627282659881057e-01 8.660399301345129697e-01 8.589544971785497696e-01 8.622343930911883225e-01 8.623044447003721524e-01 8.693418794977925135e-01 8.680721488550671161e-01 8.683110777587884632e-01 8.594211655867670663e-01 8.569850976228784445e-01 8.669299079114058948e-01 8.655632456469568581e-01 8.682211938972912435e-01 8.689729864346056321e-01 8.699266169458396147e-01
8.567466223314997020e-02 1.987920592776531714e-01 3.263055327625484781e-01 4.800133422994443122e-01 3.985016675640695172e-01 2.954410597588981724e-01 6.328713099158955746e-01 6.401155239487859028e-01 7.453367370264878389e-01 1.000000000000000000e+00 7.284206881980861414e-01 7.491945233629638823e-01 6.655850799423816966e-01 5.286344560295891393e-01 7.654189868687754084e-01 7.553241509489720951e-01 7.177425458027270055e-01 6.241176619404507075e-01 7.085487921064735906e-01 5.895139434448632976e-01 6.210726760424868376e-01 7.112473726524652928e-01 6.899745255162198498e-01 6.514673570206919173e-01 7.072719029618170783e-01 7.519719829335429484e-01 7.496532787657870234e-01 7.550728680654783531e-01 7.579239289516696010e-01 7.767629908633488789e-01 7.925033635911331586e-01 7.567132095230643118e-01 7.472194586740115163e-01 7.343473119040263564e-01 7.591118881335500168e-01 7.511135330097831186e-01 7.766699267210340762e-01 7.833047083614909090e-01 7.912743870634151300e-01 7.555428554592882318e-01 7.894903573005743747e-01 7.822242661379247286e-01 7.782715206743590075e-01 7.912388891133511626e-01 7.807919942236178912e-01 7.910527376797154009e-01 7.910788187205353150e-01 8.037465811318107445e-01 7.923733888646553591e-01 7.587991286950651615e-01 7.864756862298989404e-01 7.178591435297310142e-01 7.695779257978243582e-01 8.096373281103621533e-01 7.956833703470311825e-01 7.897662547703694358e-01 7.795740867653834227e-01 7.961361247649662021e-01 8.020451644057036145e-01 7.977154159339658879e-01 7.869793036208498904e-01 7.997592669461252024e-01 7.965859073500852761e-01 7.947085837575698086e-01 7.897897643135676216e-01 7.903519597060612023e-01 7.953505042690155458e-01 7.944877104113640121e-01 7.906411098191449272e-01 7.848410307602684544e-01 7.903955314910817709e-01 7.960876266954114433e-01 7.787770194147140002e-01 7.872294580733105729e-01 8.042862336195421014e-01 8.010613460077012915e-01 7.972554822323282275e-01 8.013868003779411886e-01 7.952297058511351713e-01 8.015280709120281566e-01 7.996588928106900251e-01 8.049353782311140515e-01 7.917497640493074140e-01 7.952212762918487998e-01 7.825121283060458843e-01 7.883813128225118927e-01 7.972393213250540400e-01 7.978870647692229978e-01 7.994947861889060148e-01 8.023898267455131794e-01 7.864815299745095967e-01 7.956367126677286183e-01 7.970833814839569653e-01 8.001562766407751548e-01 7.970391406751754504e-01 8.027553362924757518e-01 7.755924673796877888e-01 7.712018243558580455e-01 7.892640121606969705e-01 7.897471445374119048e-01 7.895719566657833921e-01 7.909504232095403431e-01 7.901725448521300654e-01 7.944447782183723383e-01 7.871954668480214412e-01 7.848327239087864449e-01 7.953201829224534336e-01 8.043257171398336958e-01 8.057119904666425469e-01 7.971165082194168194e-01 7.981325855182518358e-01 7.967170303051386293e-01 7.987552930864328937e-01 7.959435407327637435e-01 7.944725211496945771e-01 7.957794984002570793e-01
4.819850240426460514e-02 1.315420626736379661e-01 3.806166752555227295e-01 5.838085738329245045e-01 4.459452052140601697e-01 3.433965595123532055e-01 7.336930153110353681e-01 7.454177454537698200e-01 7.965150539036224275e-01 7.284206881980861414e-01 1.000000000000000000e+00 8.721330810860437044e-01 7.807720961200806942e-01 5.972395137574830759e-01 8.724076343154995028e-01 8.689024567559158196e-01 8.073692988592211517e-01 7.035271268300221648e-01 8.010145068206691032e-01 6.680901257554142658e-01 6.905224673363281607e-01 8.149048332853655596e-01 7.742279810277621355e-01 7.348242114624433663e-01 8.027399949772712207e-01 8.203109460566264666e-01 8.343904209695658380e-01 8.385728075199496701e-01 8.376817544657666481e-01 8.571918994318494800e-01 8.899198110735311307e-01 8.528736741096716312e-01 8.371675482847706906e-01 8.408834124031201451e-01 8.465101074125794822e-01 8.676721074026783054e-01 8.891317956149414892e-01 8.869012271435696704e-01 8.916059505149116493e-01 8.683282495881452512e-01 8.915023134270195770e-01 8.862452292095400752e-01 8.908500061542465875e-01 9.016535390759886637e-01 8.881337461511389364e-01 8.921883555544982691e-01 9.023079763645039941e-01 9.058595636320245781e-01 9.005682129210669240e-01 8.754064553904939983e-01 8.968487818182876437e-01 8.575446686380820971e-01 8.877789642383461244e-01 9.018053038896559626e-01 8.862450993243540243e-01 8.873767308280081645e-01 8.866447240944751451e-01 8.990115452617852831e-01 8.977103549799151372e-01 8.997861411942729148e-01 9.029536248021625688e-01 9.004639423337830184e-01 9.006575404250908301e-01 8.975510426957292731e-01 8.952279792884301202e-01 8.960912337623304635e-01 9.041870112628699330e-01 8.994013341635601622e-01 8.926756601370613442e-01 8.883149412127934186e-01 8.956400277995861803e-01 9.025445504589205692e-01 8.812948035431484861e-01 8.956696016557977869e-01 9.022936918455495281e-01 9.053290982285366884e-01 9.010477672443002461e-01 8.995905184818300260e-01 9.012782622964328194e-01 8.982821171430481755e-01 9.039330140138092107e-01 9.085383227792320771e-01 8.981416048266128715e-01 8.967558528039577537e-01 8.954506847406105141e-01 8.993072057903354066e-01 9.038785030016980304e-01 9.041953560375892707e-01 9.061358472941408726e-01 9.024438788372649567e-01 8.996965097675231338e-01 9.054135365978610572e-01 9.072077291150079104e-01 9.072708209022909420e-01 9.056794346364671622e-01 9.079718087827640671e-01 8.990228801587412111e-01 8.920872714508417678e-01 9.031164457602101070e-01 9.031260700366018357e-01 9.044585214716076571e-01 9.044237705258489912e-01 9.034188723300329293e-01 9.063219416706077558e-01 9.050737284285421680e-01 9.003102787929136985e-01 9.068322625251246105e-01 9.078461622470879178e-01 9.072398601069703306e-01 9.048373284099153757e-01 9.045074386335829608e-01 9.051496038907227426e-01 9.074343563640848709e-01 9.053975103780698142e-01 9.041160363658256038e-01 9.051187523494418352e-01
-6.794821350217563651e-03 1.057920234872682663e-01 3.776611558409467273e-01 6.181237067914145955e-01 4.654153627773940927e-01 3.509297344565879828e-01 7.619575182339194397e-01 7.715476077853226089e-01 8.165920517396241252e-01 7.491945233629638823e-01 8.721330810860437044e-01 1.000000000000000000e+00 8.218880967948836158e-01 6.283948981836692260e-01 9.032538893878931940e-01 9.061943032557979727e-01 8.257705135257099593e-01 7.029691340231200014e-01 8.055372565762418668e-01 6.664180469054066247e-01 6.956141856381992117e-01 8.241126603283090990e-01 7.765719205608013764e-01 7.296298724318777129e-01 8.019427361859761128e-01 8.313666556836988297e-01 8.431725311310063198e-01 8.525077095091533330e-01 8.434798102472588210e-01 8.702038823455009453e-01 9.121105851173354484e-01 8.725628893049777179e-01 8.614523407563989821e-01 8.643401610376212352e-01 8.689750554980369968e-01 8.952529193920267803e-01 8.979685822338381307e-01 9.155774589673760788e-01 9.211517889176326079e-01 8.935318014945193843e-01 9.143185316523303463e-01 9.148033338498020584e-01 9.262763468848899118e-01 9.351287942518924368e-01 9.188175643973045537e-01 9.235442433106081372e-01 9.379796917020171154e-01 9.368581760811941495e-01 9.332963957423464629e-01 9.109155682104668195e-01 9.286273892890006820e-01 8.961743211693138367e-01 9.218034615440660051e-01 9.287387771929124236e-01 9.079337519115489030e-01 9.061643927020209821e-01 9.183271866564794994e-01 9.330765323359755392e-01 9.264434319747395508e-01 9.366857844372976638e-01 9.398856914787543371e-01 9.326958862143241991e-01 9.325435265058735768e-01 9.316525668126012238e-01 9.243082202544784520e-01 9.295619142912164845e-01 9.368044621547418904e-01 9.263950819380235568e-01 9.178679582637281342e-01 9.127117475755055498e-01 9.241567626573536920e-01 9.280967642817193886e-01 9.031094919707292057e-01 9.171116127783112137e-01 9.267290582791768427e-01 9.314722293636418238e-01 9.303713799968019726e-01 9.248539286853556529e-01 9.283160356081191500e-01 9.246925941680389505e-01 9.304469358517309940e-01 9.371250299378294235e-01 9.273292116441190780e-01 9.257596283574602847e-01 9.309562390122637643e-01 9.312917764621806427e-01 9.330833748229940827e-01 9.368139678349948207e-01 9.377604195094126904e-01 9.272011065680386688e-01 9.295514300305324218e-01 9.389541313975040548e-01 9.391492312178316704e-01 9.381284248471368770e-01 9.416160302137586147e-01 9.423365626714336196e-01 9.359293168023803400e-01 9.306161226782821982e-01 9.391852532311845136e-01 9.386407814090929058e-01 9.394512741348483020e-01 9.404274693741478952e-01 9.394303044279478376e-01 9.427771096107995241e-01 9.406990856746504370e-01 9.349229891043633334e-01 9.402961767172351992e-01 9.384038779700374366e-01 9.355756204701309864e-01 9.408754923597063557e-01 9.368634353692905092e-01 9.408546470900056580e-01 9.415340868782272610e-01 9.411639105821923978e-01 9.384535245397701564e-01 9.394631464758544936e-01
6.659454070734447360e-03 1.315426289337775501e-01 3.127506461786903613e-01 5.605549250702059894e-01 4.473918856454737192e-01 3.270946134342636036e-01 6.835016990400256676e-01 6.991075316257788774e-01 7.504840110391012287e-01 6.655850799423816966e-01 7.807720961200806942e-01 8.218880967948836158e-01 1.000000000000000000e+00 5.687650405837966217e-01 8.152868665727295294e-01 8.266077611867669317e-01 7.491241952966851692e-01 6.359462322995607098e-01 7.237997222822109000e-01 5.940300359703950539e-01 6.287342244201088448e-01 7.421686253721750948e-01 6.957107964191387994e-01 6.621107208718096659e-01 7.271565978557769094e-01 7.570295857853195365e-01 7.627950809547480171e-01 7.659559456928548560e-01 7.551082114924951849e-01 7.803800320546588898e-01 8.214495186624096723e-01 7.803611002962099752e-01 7.642352815412168932e-01 7.697684028926109479e-01 7.748892191202061408e-01 8.050132462324579574e-01 8.062142840667575472e-01 8.218995550191264821e-01 8.267937448652156185e-01 7.995236829228991038e-01 8.292403491919473346e-01 8.310505100381121446e-01 8.366227429237887980e-01 8.449922761720041198e-01 8.319525950366115641e-01 8.361695641946969015e-01 8.552206487267766111e-01 8.516691488199936710e-01 8.462234739490795965e-01 8.165889161751441749e-01 8.363740710020023394e-01 8.126889709635481962e-01 8.414124624787810980e-01 8.428016773640761850e-01 8.145063184014846858e-01 8.177628677021366865e-01 8.257044140652854969e-01 8.418724350867311523e-01 8.342947537342219055e-01 8.551781424530987552e-01 8.502918167769241142e-01 8.422130808886734155e-01 8.364085288013661801e-01 8.441191278492711225e-01 8.402068232503152601e-01 8.430369589050089596e-01 8.516835040493124787e-01 8.455907671022077077e-01 8.304006316466163717e-01 8.292260083124858294e-01 8.397726185887135486e-01 8.438246294366097411e-01 8.213334983040949666e-01 8.369706753003357536e-01 8.430764505123807817e-01 8.451622373660435672e-01 8.442128146134341149e-01 8.372741210374262666e-01 8.444588837314372931e-01 8.370652197944521422e-01 8.415743043395867984e-01 8.510775149784981508e-01 8.368143228640263498e-01 8.364601708409840075e-01 8.394295892639141998e-01 8.412854039813820739e-01 8.436260140920056605e-01 8.498409812617675474e-01 8.501636343192651157e-01 8.429889713004583562e-01 8.419449122351524428e-01 8.528612780784554648e-01 8.542951645504376357e-01 8.517042330079798163e-01 8.593121066590430068e-01 8.564964418575706784e-01 8.489684435325070000e-01 8.479102041140981205e-01 8.576326368463884631e-01 8.527277916904473232e-01 8.545838789482356201e-01 8.555603791998109831e-01 8.579285241376339854e-01 8.581903042215219823e-01 8.552993996503571728e-01 8.513416930023325335e-01 8.552695975405267825e-01 8.560142799392345125e-01 8.500401809965006938e-01 8.574197110904641095e-01 8.515719451665376694e-01 8.601809232959032325e-01 8.559774738194912969e-01 8.586068783066694854e-01 8.554278888718258589e-01 8.582013099481896612e-01
