1.000000000000000000e+00 3.124286198362547506e-01 1.955124570855795996e-01 8.160574902294695510e-02 -3.879513317619192898e-03 2.073448219118484773e-02 -9.154181923144422139e-02 -2.630746197827416727e-02 2.382539503907795397e-01 7.834574056116937191e-02 1.214046755274147404e-01 2.161804041985666835e-02 4.591404909835553744e-02 1.706236966387689874e-02 -6.861316748585651049e-02 1.641622243349436655e-03 2.494030000726220608e-01 3.929572728138150395e-01 3.149957453328599000e-01 2.415358126323822185e-01 2.952141168487467104e-01 2.971161070614380395e-01 3.498763480426849704e-01 3.602546528864868924e-01 3.048373198537410178e-01 1.900180746668226617e-01 2.152771422205564944e-01 2.171241975404486213e-01 2.409465360046291749e-01 2.272690896733304822e-01 1.359140932560946591e-01 1.921343044492456464e-01 1.788254718337632110e-01 1.919560207449518829e-01 1.984285839282923514e-01 1.185677408228868052e-01 1.168452904766561634e-01 1.033692292115965666e-01 9.178983285973532635e-02 9.835945772565556078e-02 8.084443540491209612e-02 5.224828852931671236e-02 3.140292626936344589e-02 6.098602277262858001e-02 8.756398516429557410e-02 7.539692628773023153e-02 3.457467158526892487e-02 4.631636376314365172e-02 6.175110234773401735e-02 1.061690377534483393e-01 8.443962802800679401e-02 8.308552974179547745e-02 3.059974670569324748e-02 1.001762631964725481e-01 1.097052241919783261e-01 1.153918860184691975e-01 1.106719535493356776e-01 6.137000239938621843e-02 8.497441066827701728e-02 5.830878188546270019e-02 5.854552788929866941e-02 4.642615495825498650e-02 4.040047432270457012e-02 4.826586692493146924e-02 1.009215659319670777e-01 8.298983688018490845e-02 5.455751788129618862e-02 1.237861710633159223e-01 1.080508977572892937e-01 9.468563876980858052e-02 9.489476047300536565e-02 1.104890900805418352e-01 1.401083780649818034e-01 1.258339350272140444e-01 7.630233696085067518e-02 8.169122843033890802e-02 8.063402687638646094e-02 1.098483708797098890e-01 8.002865672192466251e-02 7.780568373652037295e-02 6.575979241614278437e-02 5.246343702901425099e-02 1.009319533774405697e-01 8.124123320290212169e-02 4.917144663522074466e-02 6.835851553843305672e-02 3.617590502095222038e-02 2.651157130563215961e-02 3.802115294603117257e-02 6.731425769718568652e-02 5.294775443375132618e-02 2.754991576604553377e-02 2.366037821545172865e-02 2.999727386183489650e-02 1.186775227642754282e-02 2.427746177434255900e-02 9.027574647778143641e-03 6.529825192049858174e-02 2.985837163667107164e-02 3.171711585110532916e-02 9.527167029103873405e-03 2.761283230767973274e-02 1.972058378096170142e-02 1.659749753426007293e-02 2.430711778437795803e-02 6.777068684624196204e-02 3.989178880947744088e-02 4.504708782846886944e-02 4.530014432181549144e-02 2.877406533050435450e-02 2.243531967857664497e-02 3.437554168780197761e-02 2.403350090595491109e-02 2.108123571889509648e-02 6.018945839417832316e-02 2.642311507280914809e-02
3.124286198362547506e-01 1.000000000000000000e+00 1.988706281178423685e-01 5.710948986373753922e-02 6.747182677325641587e-02 1.032980703820289420e-01 6.026670215265859248e-02 1.043725797163202323e-01 2.790713149882321775e-01 2.468244942002038311e-01 1.932331069715537419e-01 1.135136795227887491e-01 1.243308563943187062e-01 1.142643352407857055e-01 8.695955280500484996e-02 1.498420546939555897e-01 2.684613689651335067e-01 3.273560006765393604e-01 2.843041107695301606e-01 1.848692705956465621e-01 2.469466880659060282e-01 2.634117628134355349e-01 3.374787717521898767e-01 3.498080151992302711e-01 2.926410175242323275e-01 2.450635053161531463e-01 2.453702572940988924e-01 2.787732943795466212e-01 2.878623052809368144e-01 2.967887850475389722e-01 2.277948473728709511e-01 2.697007481983724753e-01 2.567921663737146587e-01 2.711984385919226637e-01 2.955391524865624286e-01 2.105784108554223655e-01 2.349890750600823197e-01 2.129664239861823460e-01 2.081014083907450074e-01 2.018412545569771011e-01 1.946903630990807488e-01 1.732937915963415898e-01 1.495578296297863929e-01 1.765411259800285515e-01 1.924662172148671191e-01 1.994006837865433812e-01 1.665092931062166492e-01 1.782676211470167194e-01 1.701939982357563996e-01 1.879220570347249486e-01 1.912793022896613071e-01 1.374424452677738551e-01 1.468475255135361923e-01 2.204261674671048887e-01 2.221157179667031245e-01 2.271013398298890040e-01 1.995679634571216887e-01 1.863580872725970061e-01 1.989992241066431133e-01 1.813324365282718287e-01 1.711209928102100930e-01 1.765073974973597193e-01 1.590804854042429939e-01 1.686377615909130656e-01 1.937759260638557135e-01 1.873440611984258375e-01 1.819452373100569620e-01 2.233183258694098061e-01 2.205277164622325703e-01 1.812416848763522548e-01 1.895487167176170551e-01 2.074298454072110165e-01 2.372495471174889681e-01 2.166141181919823688e-01 1.884597772369811797e-01 1.915515259462448328e-01 1.948776659059709704e-01 2.204483589313860625e-01 1.927509667123779025e-01 1.992371306262930852e-01 1.906484895384096545e-01 1.801605421642826499e-01 2.152181371795419684e-01 2.114265231037730786e-01 1.800109159597088893e-01 1.974378510750725013e-01 1.738166342018625243e-01 1.706739486647713966e-01 1.743670556736142407e-01 1.961975312061870480e-01 1.794402517271341813e-01 1.633684468766185005e-01 1.585714903711865631e-01 1.659035221406355842e-01 1.578099878199126227e-01 1.656224207764776246e-01 1.386372369882253042e-01 1.759123237740376766e-01 1.634947288144685262e-01 1.661101824385995407e-01 1.471502825958220795e-01 1.607122327166037312e-01 1.503955397548685513e-01 1.530668923713896790e-01 1.513397641644401437e-01 1.880126210526611163e-01 1.673394447806555718e-01 1.828469877947026256e-01 1.822806897028093620e-01 1.659146758950714173e-01 1.643963107582595007e-01 1.675008582953411984e-01 1.637844528884551398e-01 1.570845619615140742e-01 1.785864562434978653e-01 1.585551209905051995e-01
1.955124570855795996e-01 1.988706281178423685e-01 1.000000000000000000e+00 3.588687673719936355e-01 1.845211635874878797e-01 2.563069245081801006e-01 2.685125225618758549e-01 2.625967865023938197e-01 3.700493485450345732e-01 3.080581586019993656e-01 3.950827900540871407e-01 3.617180679919527742e-01 3.061068955223248955e-01 2.790934694393448767e-01 3.035261886570048695e-01 3.259306958241245944e-01 3.928194667543416507e-01 4.150887692913187710e-01 4.146728006000598432e-01 3.672744180050314111e-01 3.989550945165044049e-01 4.284327420760668526e-01 4.314563593147076048e-01 4.153240783584596363e-01 4.304371405919382720e-01 4.126432619789556777e-01 4.157066911499053274e-01 4.240399421028983040e-01 4.176286553346936214e-01 4.272722336383319997e-01 4.045674465834405709e-01 4.004725742023532709e-01 4.147906915201491906e-01 3.985152238116671519e-01 4.014377641507396732e-01 3.939531600822442914e-01 3.928661894310153668e-01 3.646391426375963363e-01 3.689789876726377038e-01 3.847429916177314002e-01 3.716622593161894583e-01 3.612705756229194765e-01 3.511162558885562723e-01 3.650534417017673450e-01 3.810394548071371346e-01 3.701257312137409827e-01 3.486713378406067210e-01 3.564128476564997206e-01 3.632375798844115211e-01 3.679787511500774433e-01 3.655061585900167276e-01 3.741462584256271540e-01 3.503147609995216905e-01 3.718437864702762718e-01 3.807218708961248033e-01 3.847347119082075162e-01 3.787639416181168839e-01 3.605685452134446689e-01 3.707979406746491069e-01 3.591996729948689904e-01 3.585271137295844568e-01 3.578178897003433390e-01 3.604999494953721739e-01 3.514377832777060839e-01 3.734445801957479993e-01 3.674178438018874671e-01 3.600700753063982851e-01 3.881957668840268494e-01 3.807602291348680112e-01 3.821614638473803116e-01 3.899771428149199637e-01 3.861045455456225683e-01 3.874318689651573000e-01 3.936628318520032921e-01 3.731875499748470437e-01 3.769752773219040565e-01 3.761886506859273838e-01 3.868190831313068068e-01 3.783222576851134611e-01 3.683052370391242114e-01 3.691641409312952371e-01 3.666280205761524025e-01 3.801794648015274780e-01 3.675021987794701017e-01 3.493667725630791310e-01 3.627264525458075983e-01 3.574013506230584447e-01 3.467950587148651009e-01 3.553632205973798475e-01 3.643737747820695594e-01 3.680129460060021507e-01 3.512682519687347904e-01 3.522711270151670515e-01 3.552085929698431399e-01 3.427976515811591018e-01 3.495826882099319355e-01 3.442721835441391320e-01 3.576601099151222041e-01 3.521250893713260277e-01 3.496474345572169740e-01 3.455416718675705101e-01 3.496965844682233815e-01 3.516771129594600809e-01 3.483133272663259672e-01 3.529285717187575777e-01 3.625665656535077552e-01 3.556403615990034184e-01 3.595318656983462757e-01 3.597632991326845664e-01 3.513860171507153241e-01 3.484471944348710437e-01 3.553337329710017922e-01 3.495392586814109470e-01 3.468500933676881837e-01 3.607224067809872703e-01 3.479518383585821217e-01
8.160574902294695510e-02 5.710948986373753922e-02 3.588687673719936355e-01 1.000000000000000000e+00 3.804948077401336670e-01 3.751471664348196011e-01 5.282335833794838953e-01 5.129635741588443043e-01 5.164007161735536533e-01 4.421333034081030844e-01 5.732615239812233199e-01 6.465577054973138393e-01 5.212338941299901052e-01 4.584349153903622409e-01 5.641357009894970576e-01 5.786277301233977433e-01 5.219142001176140244e-01 4.936346202652242554e-01 5.282629743116369347e-01 5.826161380671879275e-01 6.061729437495547712e-01 5.895111363846947672e-01 4.968541445409542234e-01 4.791410323303013641e-01 5.418029372190419357e-01 5.876501926749457816e-01 6.010769014385021203e-01 5.694246592529464968e-01 5.482653873625149554e-01 5.608027457501636448e-01 5.933418315259105791e-01 5.556638371275075539e-01 5.425478013971868352e-01 5.461741946938271086e-01 5.161290512253715601e-01 5.707233985548562094e-01 5.554647433796279232e-01 5.663341509875673419e-01 5.739112512939863464e-01 5.765094003303579129e-01 5.934783642638330470e-01 5.943968479782198999e-01 6.047340508077204690e-01 6.061926762479082909e-01 5.999723067983325775e-01 5.844712096514649291e-01 5.718576040783978076e-01 5.657575663400307153e-01 5.862569291584268649e-01 5.793549640154668223e-01 5.840235309559245191e-01 6.265518724056589051e-01 5.979449669490379815e-01 5.505100282601398387e-01 5.642578911411847420e-01 5.667843824889270410e-01 5.973778016780377786e-01 5.818696062444003170e-01 5.854101808771250415e-01 5.844098569787643527e-01 5.900966744470792502e-01 5.879666247190074024e-01 5.958106901848624348e-01 5.887036928861407725e-01 5.862905203573864910e-01 5.925510116806967931e-01 5.720991210187990061e-01 5.787982622919228826e-01 5.699097535627056788e-01 6.239834002804872659e-01 6.206357239532661607e-01 5.876597389363779067e-01 5.693825798534236649e-01 5.970219020757848716e-01 5.965768664994435255e-01 5.943526400533286624e-01 5.968785427241419805e-01 5.835389982170549050e-01 5.924014421143166675e-01 5.761510415552510977e-01 5.712621295040218872e-01 5.779100853433061236e-01 5.798221401102782169e-01 5.572739884611865868e-01 5.616086234816630718e-01 5.632525194901046861e-01 5.697254966411559041e-01 5.738118923766597490e-01 5.745929328003983594e-01 5.680635359611929669e-01 5.844039147280469804e-01 5.849993409246957432e-01 5.798674515053563461e-01 5.817935647108184449e-01 5.715792828163794859e-01 5.715560773726909849e-01 5.915052190410988731e-01 5.741721627484961399e-01 5.829412524978428989e-01 5.836975780833794092e-01 5.890339709683364289e-01 5.820239765188355285e-01 5.900736470278833412e-01 5.891751059472979390e-01 5.875368011623690601e-01 5.811784778870552337e-01 5.801195128205428597e-01 5.724345140881619276e-01 5.725543226698827093e-01 5.787190419337052694e-01 5.823173888561863354e-01 5.829458077803754135e-01 5.786467944119086937e-01 5.774846605218584283e-01 5.747289636429909754e-01 5.791767315180801345e-01
-3.879513317619192898e-03 6.747182677325641587e-02 1.845211635874878797e-01 3.804948077401336670e-01 1.000000000000000000e+00 2.749404150694349513e-01 4.667493683128077220e-01 4.645214262185770049e-01 4.181769821060100645e-01 4.164975425201453141e-01 4.457085503618977151e-01 4.858253681516332967e-01 4.766051452582962256e-01 3.807434733554667106e-01 4.848503942470169248e-01 4.959435537615835554e-01 3.968329116935379042e-01 3.272113318220242206e-01 3.485870937995632635e-01 3.710715589696497174e-01 3.719976981697993290e-01 3.673576531405935430e-01 3.491364373024102297e-01 3.446892625374555763e-01 3.438643908037657959e-01 4.247859751660593153e-01 4.140180673207058959e-01 4.090688169321207157e-01 3.847688327372618677e-01 4.308293504247482919e-01 4.626399531999159098e-01 4.409953082952510761e-01 4.200869461259792437e-01 4.284001620743184691e-01 4.332654066763544365e-01 4.261867853229253100e-01 4.532483413078748913e-01 4.591276998232158846e-01 4.694310272194205935e-01 4.247402152531571384e-01 4.785402671122188090e-01 4.781330540460314582e-01 4.691884352892375376e-01 4.859024199975641167e-01 4.679519112268872294e-01 4.758285268128206180e-01 4.773952131560796897e-01 4.765037700889965810e-01 4.822393879980091391e-01 4.585457842210327040e-01 4.631444680961989135e-01 4.616932695171236389e-01 4.767130131664790715e-01 4.624589273274766210e-01 4.616495737007698108e-01 4.425700416805749549e-01 4.706874598997873860e-01 4.814366342505271290e-01 4.718394461492018688e-01 4.898168565088782400e-01 4.878933030897313894e-01 4.899315079004684659e-01 4.889997680952557491e-01 4.843603189578705726e-01 4.767445101436819099e-01 4.738203984092426713e-01 4.747394320410616153e-01 4.644081092604070982e-01 4.704279303066887241e-01 4.821350471478488275e-01 4.730346457895382439e-01 4.563464511693097192e-01 4.632605100024297928e-01 4.597691559502177228e-01 4.757447281779695336e-01 4.765870354074770443e-01 4.777447138730211429e-01 4.630991292113271207e-01 4.774394111724443723e-01 4.818793973773587425e-01 4.712967441853132544e-01 4.813591941572985533e-01 4.694879034711346710e-01 4.688775014437510658e-01 4.707776439592317175e-01 4.722286202465505456e-01 4.762549066050008051e-01 4.810596860790457008e-01 4.830484130773368134e-01 4.692648423001816727e-01 4.692361706695850065e-01 4.824889199490728364e-01 4.789121702855572704e-01 4.812740390876190100e-01 4.850970078823730325e-01 4.793139495328498922e-01 4.792520980981488377e-01 4.776638957776226380e-01 4.854802655143877210e-01 4.817850263314786829e-01 4.866438085923801005e-01 4.841226781128313839e-01 4.884434686193492303e-01 4.889121474712534998e-01 4.811239009702487635e-01 4.763043633624138851e-01 4.852775947244828969e-01 4.811211740504685030e-01 4.793370705389235487e-01 4.842086624752881541e-01 4.798371136199201525e-01 4.867357434864373888e-01 4.808811906600118924e-01 4.864044586322660568e-01 4.786839120206515807e-01 4.798126414476683310e-01
2.073448219118484773e-02 1.032980703820289420e-01 2.563069245081801006e-01 3.751471664348196011e-01 2.749404150694349513e-01 1.000000000000000000e+00 5.012629232496278453e-01 4.654162122831385084e-01 5.264529870773000386e-01 4.873702501275112842e-01 5.400416257654773178e-01 5.726968249414288170e-01 5.287343424522025215e-01 4.871798394630447726e-01 5.671558545387320738e-01 5.732295682860365504e-01 5.135193811152197751e-01 4.367605904568550579e-01 4.990037217941629133e-01 4.463525753637814786e-01 4.321225598981048299e-01 4.894608761442978406e-01 4.972820781521047895e-01 4.776138998405887182e-01 4.817402932956942885e-01 5.650397408642676700e-01 5.620925651422409297e-01 5.523259100447348580e-01 5.352830240318082744e-01 5.656367784910730778e-01 5.949090106576666592e-01 5.821648812889655966e-01 5.608549043291035652e-01 5.695561732925564780e-01 5.652544841436069056e-01 5.630533672563621250e-01 5.906133746035404641e-01 5.801145569870677088e-01 5.985334563735392743e-01 5.761009189586432377e-01 5.967688099121607470e-01 5.952850852344834243e-01 5.908177560312547483e-01 6.064547267382547346e-01 5.979538987842217823e-01 5.983475035597921599e-01 6.011218136228668740e-01 6.083426445435553553e-01 6.018554609253801146e-01 5.776134240584506196e-01 5.874858982568857968e-01 5.650447806525740191e-01 5.919981458586407452e-01 5.929076140707907339e-01 5.898741572969075087e-01 5.939863718361008127e-01 5.901617035741090200e-01 6.028605367314212593e-01 5.970033255140906325e-01 6.077271441647941197e-01 6.073812916805184647e-01 6.017221878019496373e-01 5.921056267998199285e-01 6.016340696671178545e-01 5.969057450649644103e-01 5.997964639006311272e-01 6.072374184132277586e-01 6.027015903197328051e-01 6.044697072629399148e-01 5.946180401064478094e-01 6.000928046282044681e-01 6.028376796540152460e-01 6.004147223975165870e-01 6.007406664275293240e-01 6.093779286024070263e-01 6.066343963880769241e-01 6.093612104089048964e-01 6.027075008574974690e-01 6.053606016716078786e-01 6.079478718162563133e-01 6.086418733626069999e-01 6.105625728348559322e-01 6.051945015058853850e-01 6.093526049989556048e-01 6.063057950372635618e-01 6.067316140623639775e-01 6.103506808777836579e-01 6.088789087834931557e-01 6.065765822310567046e-01 6.093700472780548827e-01 6.095901674058881170e-01 6.095272122682291460e-01 6.067775370786590017e-01 6.093724338377416450e-01 6.104425914141073939e-01 6.088950008706079942e-01 6.042118307044882508e-01 5.968437765003686835e-01 6.096030183928986546e-01 6.090455755745550759e-01 6.065584618143370355e-01 6.054983683281048856e-01 6.066871070086071738e-01 6.079793515299197759e-01 6.048716731483585463e-01 6.034990378812201683e-01 6.071824969839416664e-01 6.079956556059975536e-01 6.088555468135039561e-01 6.088900631907078198e-01 6.067390262736278572e-01 6.084564857229725066e-01 6.083398392699221890e-01 6.062618376983576196e-01 6.038573728955305420e-01 6.065802262644142129e-01
-9.154181923144422139e-02 6.026670215265859248e-02 2.685125225618758549e-01 5.282335833794838953e-01 4.667493683128077220e-01 5.012629232496278453e-01 1.000000000000000000e+00 7.227556527226662864e-01 6.208885873737618466e-01 6.306640704542778586e-01 6.897964888304757292e-01 7.703564860239000556e-01 7.173269590156958753e-01 6.401777769114812555e-01 8.366273628316981403e-01 7.948897725220427368e-01 6.156954573985815582e-01 4.487295394349344324e-01 5.281269166498838707e-01 5.356546882093691231e-01 4.790352726306666420e-01 5.104872086063744208e-01 5.169027453451122689e-01 4.678258532442274298e-01 4.822408391217724022e-01 6.900474915734585712e-01 6.522472238860692606e-01 6.433419522076754271e-01 5.998238840881264800e-01 6.426966013250523524e-01 7.232033747579789118e-01 6.995557830996412818e-01 6.662771870560262322e-01 6.799875154495855778e-01 6.674298884942614363e-01 7.063793337494976843e-01 7.274705727441262981e-01 7.466896777528519991e-01 7.629975001225043352e-01 7.216435759409663975e-01 7.687307003124999039e-01 7.762768234883932195e-01 7.778236379906072751e-01 7.873051878597567832e-01 7.521548819794543483e-01 7.703992064361354641e-01 7.851518434846285199e-01 7.904804316837863443e-01 7.832233524246008383e-01 7.354906139535017928e-01 7.553155373597486566e-01 7.362983626158593475e-01 7.819427058493529925e-01 7.644897314311931424e-01 7.578424834369014151e-01 7.472386576079845799e-01 7.620563621793954301e-01 7.806403343045035248e-01 7.685374391764205892e-01 7.902743443349993235e-01 7.873590935385093026e-01 7.966796163941368691e-01 7.957097836542902369e-01 7.937620313116269255e-01 7.622740263961604867e-01 7.795161705839700472e-01 7.874225872801936532e-01 7.494283309554023997e-01 7.633210766033312611e-01 7.653902070207352359e-01 7.505069941601486549e-01 7.458520546282425556e-01 7.355898202228805527e-01 7.363329589630778216e-01 7.790791700381380913e-01 7.726095439408893206e-01 7.745990443739536602e-01 7.492041570115174354e-01 7.681659781523978436e-01 7.754067764103945715e-01 7.754605225151995906e-01 7.843653354164619174e-01 7.671176978030180837e-01 7.696348880962224914e-01 7.836327818248688404e-01 7.750618451764974548e-01 7.877394895593660129e-01 7.993799803792660530e-01 7.949225358891371940e-01 7.811357391831429409e-01 7.847153071487568132e-01 7.988831081524819799e-01 7.949573395780260565e-01 7.950251514664289365e-01 8.017792907083722831e-01 7.994182582978802687e-01 8.023775868356131102e-01 7.823607147179504340e-01 7.970655338449081917e-01 7.944053337860480513e-01 8.055400305646421844e-01 8.013816872829860882e-01 8.023894255788464047e-01 8.040231779019597624e-01 7.963969483108684910e-01 7.889434593841515575e-01 7.970616103563932242e-01 7.934609596325656877e-01 7.953868782549025074e-01 7.992853637660706223e-01 7.995536882010230162e-01 7.994912342974198616e-01 8.054806189895431512e-01 8.039800428661182385e-01 7.815435423193440867e-01 8.000366660791178308e-01
-2.630746197827416727e-02 1.043725797163202323e-01 2.625967865023938197e-01 5.129635741588443043e-01 4.645214262185770049e-01 4.654162122831385084e-01 7.227556527226662864e-01 1.000000000000000000e+00 6.702093418367133237e-01 6.479657699889808109e-01 7.030629959776750759e-01 7.635900485293359852e-01 7.033027510970576435e-01 6.422036989143734553e-01 7.915980426805460102e-01 8.010899354636333847e-01 6.600574510722556631e-01 5.355799615260744551e-01 5.938194400354096514e-01 5.948843198462454573e-01 5.542192729158985642e-01 5.795519250862962712e-01 5.899935960213950059e-01 5.629358271832696214e-01 5.470159716904530178e-01 7.298029305925768373e-01 6.931262653351031311e-01 6.873988621420674683e-01 6.436686583780536486e-01 6.954611283685729894e-01 7.483944987774869828e-01 7.467622284459598525e-01 7.079607157416705210e-01 7.303061001341140113e-01 7.075919674738642140e-01 7.352468782476668796e-01 7.434861254249747198e-01 7.823707961335728545e-01 7.827902833671727123e-01 7.478971537989469454e-01 7.810349992118840179e-01 7.895805876866885953e-01 7.853196139480674853e-01 7.959087279339792653e-01 7.755069942760273172e-01 7.847030367785230442e-01 7.934647691787536372e-01 7.933237687657008763e-01 7.987241054486553526e-01 7.788826016196618296e-01 7.895599013585243853e-01 7.621887863232087446e-01 7.885515053400224961e-01 7.722364990699969178e-01 7.748586505810380887e-01 7.680098521764104902e-01 7.857545993035911502e-01 7.935302314389386380e-01 7.942945928569072889e-01 7.993787185758186586e-01 7.998415255544333302e-01 8.007517625020278418e-01 8.036909811694785688e-01 8.019214987848518605e-01 7.803521692239492324e-01 7.940495096327275792e-01 7.942653667799763895e-01 7.741386880543454918e-01 7.839587809187920087e-01 7.852154814704498387e-01 7.699275714137397975e-01 7.655355166281462287e-01 7.706605257505307893e-01 7.616413695354848912e-01 7.952001013892404657e-01 7.867690473099178128e-01 7.882812741867070150e-01 7.710685125711951304e-01 7.840569429838923909e-01 7.896191827991984047e-01 7.859765578072474002e-01 7.906045043926198668e-01 7.859864603864142873e-01 7.831150297381325176e-01 8.013155436199816961e-01 7.901314302397336453e-01 7.902814852990142080e-01 8.047214233014506890e-01 8.010077188140436455e-01 7.907984907361472748e-01 7.915622713183395609e-01 8.035104989419703525e-01 7.970265857481092509e-01 7.977770342534447057e-01 8.011830342324399723e-01 8.014580067190648638e-01 8.099818661812511200e-01 8.028612457077742848e-01 8.042772481554750774e-01 8.080364273393594310e-01 8.077941361656781893e-01 8.081834113099261030e-01 8.019290281489184213e-01 8.077280781886652106e-01 8.044572143873099934e-01 7.999460098697919186e-01 8.063802340834896887e-01 7.984846187764953473e-01 7.985502058754370136e-01 8.034630647735059306e-01 8.069821960369358838e-01 8.016545347107839614e-01 8.035255035944809388e-01 8.065097142344737069e-01 7.922143214239201203e-01 8.022552183641876722e-01
2.382539503907795397e-01 2.790713149882321775e-01 3.700493485450345732e-01 5.164007161735536533e-01 4.181769821060100645e-01 5.264529870773000386e-01 6.208885873737618466e-01 6.702093418367133237e-01 1.000000000000000000e+00 7.476739541964885216e-01 7.986411721476457393e-01 7.951358050107231179e-01 7.428528355472484579e-01 6.710983278657542961e-01 7.558642386768242849e-01 8.083706236140190127e-01 8.235452301551577925e-01 7.801116988417592379e-01 8.162669911385294075e-01 7.230642981490883470e-01 7.290733401172976302e-01 7.933436629713543908e-01 8.090730137367817543e-01 8.059498270081449922e-01 7.818485976596774023e-01 8.514355478338753169e-01 8.476982615860284564e-01 8.475971180784985792e-01 8.329249387910464542e-01 8.715343010558107562e-01 8.713546515162061690e-01 8.841609761098545572e-01 8.370935960241360219e-01 8.682821577399870705e-01 8.637949330078364962e-01 8.233538802971018811e-01 8.551389606975958735e-01 8.581381702698015479e-01 8.616624641559407216e-01 8.199866845439165441e-01 8.590638830062277131e-01 8.460419246896329071e-01 8.286193571133061431e-01 8.582368532221423818e-01 8.551899829178298829e-01 8.599682942487221204e-01 8.538291359235000710e-01 8.614684070503267899e-01 8.625743561675249804e-01 8.566248811975776256e-01 8.628030105014552475e-01 8.213672906143660857e-01 8.425487821339154859e-01 8.683663931139125047e-01 8.679637701288474005e-01 8.635825606354472495e-01 8.620194575265054393e-01 8.618932781792073561e-01 8.699113967634332090e-01 8.677400380897146714e-01 8.663143805250207441e-01 8.597470517103804610e-01 8.474465361221139581e-01 8.600260898348903726e-01 8.724066789353595031e-01 8.666628137209209104e-01 8.626394318026213703e-01 8.860784397673380219e-01 8.785780010565519271e-01 8.678681396843515028e-01 8.691275039139874092e-01 8.780287151922450128e-01 8.856345108311916015e-01 8.781549973339172199e-01 8.668201485738316059e-01 8.708349559775740989e-01 8.664824256477224873e-01 8.744339678278244543e-01 8.687438965716272055e-01 8.740803324374161187e-01 8.651175060012384899e-01 8.646064838668179320e-01 8.745914591133341354e-01 8.705819022537595320e-01 8.561316668976188815e-01 8.659743015407266320e-01 8.522194121335463501e-01 8.505900373097066147e-01 8.559793739553686054e-01 8.629088241686974081e-01 8.534707831787811116e-01 8.508836477622824246e-01 8.477597245535827275e-01 8.523759022122079365e-01 8.479185265717607001e-01 8.527596471580338733e-01 8.276539308024558617e-01 8.581907957916234952e-01 8.537376840662053157e-01 8.529996543316016311e-01 8.385015416975051261e-01 8.505016394708921901e-01 8.463483009555644587e-01 8.483044180981245130e-01 8.469442962010392817e-01 8.583546847027724302e-01 8.589431827038789269e-01 8.605232424788611389e-01 8.586465789859638598e-01 8.559025098796331221e-01 8.487329459414371113e-01 8.582533280683324328e-01 8.497138608074447097e-01 8.496655435205393569e-01 8.645000961742554946e-01 8.504367594169064404e-01
7.834574056116937191e-02 2.468244942002038311e-01 3.080581586019993656e-01 4.421333034081030844e-01 4.164975425201453141e-01 4.873702501275112842e-01 6.306640704542778586e-01 6.479657699889808109e-01 7.476739541964885216e-01 1.000000000000000000e+00 7.199227489239510280e-01 7.340887094724036777e-01 6.963574199167738010e-01 6.482828119300495517e-01 7.445972683158357253e-01 7.669582267259821284e-01 7.028850911410092772e-01 6.154451421747260120e-01 6.753444922460996036e-01 5.931660600060363331e-01 5.655879990194099260e-01 6.328272192520465467e-01 6.791059887112598226e-01 6.648790736970284776e-01 6.373604711502787179e-01 7.617358582064731598e-01 7.350532076268379011e-01 7.392976736332854681e-01 7.191268697639279228e-01 7.738720732123629542e-01 7.932366387122874452e-01 7.954688544933999905e-01 7.725774724598314380e-01 7.793250493506492793e-01 7.867423431614439799e-01 7.587464558660521607e-01 7.933362502264528215e-01 7.943094106623889150e-01 7.991948302199646248e-01 7.551268588113652092e-01 7.981559550904150369e-01 7.872684996130262514e-01 7.769412606691821210e-01 8.008105801822092973e-01 7.862350231013311985e-01 8.018126280809082518e-01 8.054799654885157478e-01 8.152859434787537163e-01 8.046457213681319498e-01 7.820230757697010926e-01 7.973608576660640157e-01 7.361504316621890753e-01 7.874345508272172500e-01 8.155347411246032241e-01 8.062060592756586930e-01 8.022316338969823768e-01 7.935274529770621754e-01 8.053002460200221480e-01 8.087251971586123522e-01 8.111717608046514760e-01 8.093295331466452414e-01 8.107944769455605050e-01 8.009559270152378785e-01 8.032955260403363829e-01 8.003674409111046772e-01 8.028309524897488947e-01 8.116668394459254365e-01 8.119425464102996148e-01 8.178934392723052893e-01 7.909786403819352163e-01 7.891752450297088162e-01 8.054302267572307494e-01 8.065331754833189315e-01 7.978097483363960629e-01 8.080514763915628285e-01 8.087262613603999339e-01 8.063047251913264546e-01 8.070906497922327727e-01 8.060958126400585844e-01 8.166809792054955386e-01 8.114903091182256167e-01 8.121175891790595180e-01 8.090283587288022993e-01 8.206491112614819894e-01 8.097672600786198771e-01 8.128476345555548654e-01 8.071205037827784423e-01 8.109662019189346482e-01 8.126233028850474716e-01 8.154976814840739774e-01 8.028979155511684063e-01 8.055123873380214405e-01 8.039596013295595700e-01 8.070430147931447751e-01 8.095713187777521247e-01 8.126545974977104070e-01 7.891715938205741132e-01 8.040513260568378229e-01 8.104529308355404860e-01 8.075027425832533856e-01 8.010101006718712835e-01 8.089035763668483980e-01 8.047687821726728918e-01 8.045658149075126664e-01 8.015572565778147363e-01 8.094168760100033388e-01 8.115080899330140429e-01 8.151631597031772092e-01 8.162738257480577353e-01 8.101878203622523422e-01 8.057869140998558111e-01 8.120867401688578457e-01 8.096339760549701170e-01 8.086894614574695606e-01 8.093357571519368410e-01 8.079069784473228433e-01
1.214046755274147404e-01 1.932331069715537419e-01 3.950827900540871407e-01 5.732615239812233199e-01 4.457085503618977151e-01 5.400416257654773178e-01 6.897964888304757292e-01 7.030629959776750759e-01 7.986411721476457393e-01 7.199227489239510280e-01 1.000000000000000000e+00 8.393518086591420513e-01 7.566884561697115874e-01 6.797433108548501801e-01 8.013724628281847506e-01 8.331566119882417576e-01 7.894941669059379885e-01 7.168415570468973375e-01 7.797423464655721670e-01 6.959398770885736329e-01 7.142813931135018057e-01 7.636654304015880745e-01 7.621552793955715943e-01 7.478508395403756781e-01 7.488532476004479133e-01 8.445131759477666478e-01 8.432772773349511697e-01 8.333993022050890653e-01 8.057906555710770968e-01 8.416766951559434551e-01 8.735249223981337297e-01 8.618321196312846988e-01 8.195188420042553989e-01 8.511108204826792756e-01 8.283985787692420555e-01 8.371759607811801729e-01 8.510398263902594351e-01 8.565144793215596630e-01 8.657990797242396397e-01 8.403423745179895432e-01 8.672711293120859422e-01 8.571610517157903786e-01 8.510908655925318866e-01 8.690239628202461875e-01 8.701495195282066275e-01 8.669299692140051139e-01 8.607325224719326595e-01 8.616901772429744755e-01 8.703920414875354616e-01 8.590240863410896210e-01 8.647426330790732862e-01 8.452765662577805816e-01 8.587025837269407491e-01 8.564268321124548500e-01 8.621874766136320423e-01 8.605146745022698163e-01 8.671207026176990240e-01 8.671189037658438847e-01 8.730644807984279110e-01 8.716975090492850020e-01 8.740207614512167655e-01 8.688215357586100973e-01 8.659108975043866563e-01 8.666571930038374783e-01 8.693879949258944695e-01 8.687269973114840615e-01 8.681969778377299773e-01 8.785810971621285104e-01 8.743036331135995987e-01 8.739343063123162780e-01 8.749700886361526653e-01 8.737259717461688391e-01 8.735331964194512633e-01 8.735513916320092331e-01 8.765184617089530894e-01 8.771462341023091858e-01 8.756253648381641108e-01 8.717134510400232905e-01 8.785180071666305324e-01 8.746899756771323586e-01 8.695911350616694069e-01 8.733989052629805849e-01 8.757782456031694140e-01 8.665158259584141431e-01 8.630875113760797523e-01 8.671206696995813479e-01 8.626516684096834364e-01 8.662774163484034950e-01 8.684767819535899047e-01 8.674991696740922409e-01 8.685870380647219280e-01 8.661910355109387893e-01 8.641780356141824937e-01 8.678335806806011243e-01 8.615087656448018327e-01 8.641909833421924647e-01 8.532435699338595247e-01 8.611016468728134310e-01 8.664409233722187853e-01 8.682085711366385183e-01 8.609770036662709458e-01 8.641165423276111479e-01 8.655715132842067838e-01 8.649136624525434192e-01 8.634245603564001392e-01 8.638728509803396127e-01 8.685742087852162951e-01 8.667229675966855451e-01 8.671184446018639358e-01 8.653279247756621162e-01 8.656465892387865679e-01 8.682896361223942927e-01 8.623808350008104195e-01 8.626072233966426417e-01 8.661885443953518671e-01 8.610370830573620404e-01
2.161804041985666835e-02 1.135136795227887491e-01 3.617180679919527742e-01 6.465577054973138393e-01 4.858253681516332967e-01 5.726968249414288170e-01 7.703564860239000556e-01 7.635900485293359852e-01 7.951358050107231179e-01 7.340887094724036777e-01 8.393518086591420513e-01 1.000000000000000000e+00 8.154735999802923407e-01 7.398223637438240408e-01 8.921620188792124262e-01 8.988919602067044767e-01 7.782267247845284786e-01 6.673677862771286717e-01 7.534850149125251750e-01 7.172727925340393051e-01 7.107266291686878956e-01 7.640389550072823610e-01 7.217282219480728456e-01 6.967606252895343077e-01 7.297319431546281931e-01 8.619705403392081688e-01 8.573800886753303319e-01 8.396918149267350584e-01 7.955110135453156150e-01 8.388412331718037018e-01 8.963186734676948930e-01 8.710417107484726973e-01 8.383289787734725662e-01 8.579777768934472304e-01 8.288834109496600044e-01 8.716474923741855951e-01 8.845138216467188785e-01 8.991728053845963187e-01 9.078775453488965308e-01 8.848738851839994535e-01 9.159641022085565076e-01 9.202994579235529438e-01 9.208813771656005898e-01 9.299354301790978550e-01 9.171822556753050915e-01 9.156012899890096923e-01 9.184678400925951891e-01 9.150389440834778565e-01 9.217028937699697222e-01 8.969289226269633319e-01 9.137336266708014909e-01 9.045868839331592248e-01 9.209751299142064918e-01 8.874020442798626895e-01 8.892252314376468680e-01 8.905975558331925557e-01 9.044451104140089903e-01 9.201060752549613531e-01 9.156240183984500902e-01 9.248096967434659144e-01 9.247179821763004126e-01 9.236967584681847754e-01 9.197989709826428495e-01 9.270628879897454544e-01 9.132246145001846616e-01 9.189675519287262562e-01 9.184458980205592038e-01 9.082721734665208935e-01 9.082451960192721163e-01 9.243970020462308756e-01 9.220013910077738961e-01 9.130703499460656181e-01 8.975799247089164545e-01 9.079548821540804893e-01 9.240074305968075663e-01 9.240795037664181200e-01 9.216671253717220180e-01 9.032672374721729680e-01 9.214853304847351323e-01 9.179812954154746851e-01 9.168135761005800077e-01 9.243701679939391180e-01 9.132794463074377367e-01 9.043963143293766160e-01 9.127071738685056390e-01 9.112915458100158128e-01 9.193391852315879742e-01 9.214757774620329078e-01 9.232064045643042505e-01 9.111654328276280745e-01 9.235236955775971701e-01 9.284087300319225911e-01 9.266191464532659294e-01 9.285591245675893779e-01 9.231418889373739223e-01 9.225990993328710976e-01 9.208791840190875266e-01 9.064949217226282441e-01 9.238574821502323342e-01 9.250364033407867392e-01 9.282048797083387592e-01 9.224400919975819235e-01 9.271530083829057078e-01 9.300321327558671580e-01 9.263431017081282803e-01 9.103495105052615832e-01 9.220139144864856195e-01 9.176872166061803560e-01 9.165526914519959156e-01 9.240217345698580331e-01 9.242951099482940025e-01 9.263281822938679300e-01 9.216847027595551634e-01 9.234578363475572926e-01 9.182241685828290700e-01 9.217898521583415272e-01
4.591404909835553744e-02 1.243308563943187062e-01 3.061068955223248955e-01 5.212338941299901052e-01 4.766051452582962256e-01 5.287343424522025215e-01 7.173269590156958753e-01 7.033027510970576435e-01 7.428528355472484579e-01 6.963574199167738010e-01 7.566884561697115874e-01 8.154735999802923407e-01 1.000000000000000000e+00 6.863856969793113993e-01 8.292591579770349774e-01 8.349583571997460929e-01 7.139226097929088910e-01 5.977454354238640466e-01 6.750522362654588493e-01 6.259614907342454515e-01 5.897799378985371099e-01 6.577332633406847151e-01 6.587552942892540564e-01 6.321494626868283673e-01 6.357909809478505814e-01 7.871936369336571815e-01 7.615651000383641955e-01 7.588482149457989046e-01 7.155358301786890474e-01 7.653001743724511252e-01 8.205545845049664333e-01 8.064933828999004684e-01 7.710519990498460041e-01 7.948195455814005550e-01 7.753120425729362886e-01 7.983565854902185954e-01 8.129688443781822871e-01 8.282784200753449122e-01 8.401489514851525620e-01 7.977041859167062210e-01 8.394506563317827297e-01 8.426268503957325962e-01 8.363594904918103534e-01 8.509074367828517449e-01 8.339920978554347109e-01 8.465015028672236985e-01 8.528636207040125594e-01 8.537254319128423363e-01 8.478301728994120934e-01 8.230964998821274081e-01 8.364828608041263713e-01 8.132257723131862681e-01 8.449872884058601263e-01 8.302917616259317679e-01 8.226182233465439975e-01 8.202277043834088621e-01 8.263708509953393566e-01 8.483924275343701638e-01 8.378115305753262021e-01 8.580921622452158948e-01 8.544668582991821193e-01 8.522645207667408629e-01 8.430440959620359997e-01 8.546294820859196006e-01 8.460177964797372940e-01 8.477366318983992066e-01 8.544530520197105572e-01 8.377645012401281344e-01 8.456330775790109611e-01 8.387602096008356378e-01 8.347604390244991457e-01 8.396653013738291094e-01 8.321179427158805764e-01 8.312581857921901296e-01 8.525680441991224656e-01 8.501450670477611604e-01 8.472728146558895501e-01 8.316427785206358392e-01 8.431659865778505791e-01 8.522450881427231506e-01 8.492691102454006380e-01 8.549090319858313469e-01 8.453806008173588848e-01 8.472585222310538011e-01 8.526086204098028976e-01 8.509282938689807230e-01 8.512670490888293306e-01 8.548702241815989700e-01 8.579869273099789417e-01 8.461839360303916591e-01 8.505054204501413251e-01 8.578059271565179333e-01 8.554817898309375890e-01 8.574424908028334125e-01 8.575719044305336602e-01 8.572520333251645308e-01 8.477933186082274863e-01 8.451459134838500420e-01 8.568641364782392245e-01 8.551306855149134467e-01 8.560771006245132542e-01 8.550340568140114561e-01 8.562124722938052601e-01 8.590562143754054691e-01 8.550600268055659203e-01 8.453185666402096565e-01 8.564426804289687611e-01 8.528081341019587702e-01 8.505875823574490235e-01 8.573192730872659650e-01 8.532951125844161488e-01 8.594279824380423038e-01 8.545883305906988303e-01 8.596752111024954512e-01 8.527868208957138929e-01 8.562096903301715800e-01
