1.000000000000000000e+00 1.884763043465417232e-01 -2.934672972911256048e-03 7.255521120411478550e-03 5.442834180977804831e-02 -3.026442451778580886e-02 -9.650135056166441946e-03 2.467492173716463733e-02 1.671925696035897468e-01 8.836890339929626137e-02 -1.125998917056473918e-02 4.060375385268525511e-02 4.982616725300170052e-02 -1.684704656283887020e-02 6.005979804669097678e-03 2.330699412883690050e-02 1.299689420222096548e-01 -8.011451654869228278e-02 -4.618348963175431671e-02 3.949715703049578447e-02 -3.252311488785564197e-02 -1.351065141527309221e-02 -9.670304631165509146e-02 -1.041592369205317087e-01 -7.574471622495158873e-02 -8.806703961349589922e-04 2.648362565936405403e-03 -5.431142010600430864e-02 -1.658214479033324681e-02 3.458474600071893140e-02 1.132561075287734885e-02 -4.839142800976577174e-02 -6.942425637818810946e-02 -4.975942178347823180e-02 -3.718638440758943731e-02 -4.049672083865749755e-02 -4.852320769862950023e-02 -5.477449319331777894e-02 -3.535841952181612707e-02 -1.130582955736938733e-01 -7.138101037095943499e-03 -4.573871336662173326e-02 -4.573575154905891449e-02 1.577158236063476784e-02 -3.690173496598289637e-02 -2.791415800711985820e-02 5.331574514469619198e-03 1.931617062700749857e-02 4.901976272675265776e-03 -5.663889438132811011e-02 -2.305511683439374557e-02 -5.955383040298306563e-02 3.765071381545880870e-03 5.715585219455524696e-02 9.352569962380565677e-03 -4.484505677055272005e-02 3.272077560209110669e-02 -3.742184434598598824e-03 -5.980726784867291396e-03 7.897480725919046873e-02 2.906423566408257095e-02 4.275881904906254222e-02 1.677990126163443271e-02 4.628897581555537627e-02 6.582434976282822148e-02 4.940248122619030069e-02 1.101815608221693582e-02 -1.821131368473778017e-02 -2.086717995610901447e-02 6.646683956192421701e-03 -1.307938101143101862e-02 -2.713426566508970929e-03 -4.688955002842053882e-02 -4.364399800648138122e-02 -5.415168267448094638e-03 -1.043198322178047650e-02 -2.664130940644856768e-02 4.355925494742954145e-03 -1.002388666941533661e-02 1.743535321223151080e-02 -1.492980468384449803e-02 7.813604273648720039e-03 -3.085420740253749794e-02 -7.326354235100936314e-03 -4.553622591356958071e-02 -2.433297844868723483e-02 -3.131182520039115652e-02 -5.349005632816469791e-02 -1.842940540406696331e-02 -5.453355048293227758e-02 -7.046671869761490792e-02 -2.581066714146291324e-02 -2.291603552080065040e-02 -2.005207066923749698e-02 4.696974731888026340e-03 7.211628203041851870e-03 -5.533093902511667522e-02 9.610300774736343227e-03 -2.242660569176626456e-02 -3.631410942702565509e-02 -3.082295868779589762e-02 -2.434713907392845392e-02 -3.844208941810981200e-03 -1.162167603413436596e-03 -1.545433445951203619e-02 2.277576726757646591e-03 1.673872234022223335e-02 1.144635982117352124e-02 -1.271730197082519657e-02 4.037446658208787044e-03 -3.658523378672820514e-02 4.248520409815071536e-02 -1.234019712670340104e-03 1.814326618444643546e-02 3.324817957249338179e-02 3.308534548669314623e-02
1.884763043465417232e-01 1.000000000000000000e+00 8.144765321525060386e-02 1.610833770317240121e-01 1.356884810079855008e-01 9.171563205443596101e-02 1.426822345634687628e-01 1.502890350542575582e-01 2.245349193300039403e-01 2.181353981853432211e-01 1.505713040263483571e-01 1.693688766082123431e-01 1.763183021662666772e-01 9.210158766700973776e-02 1.697547305316697008e-01 1.733787083490831160e-01 2.232429722394372318e-01 1.334712933161494863e-01 1.462396363393357601e-01 1.710961062171338642e-01 1.299501181605582367e-01 1.571629802716833224e-01 1.170440796550634571e-01 1.085307714395609829e-01 1.116275507766639197e-01 1.737083116903704316e-01 1.709749411400720565e-01 1.241964979596697077e-01 1.690276845555764573e-01 1.839529643923284996e-01 1.687526585922321798e-01 1.471424418151311142e-01 9.168763903916837821e-02 1.386239814950792626e-01 1.158511195589363718e-01 1.336665529252469564e-01 1.239071569490132335e-01 1.106184328934316369e-01 1.321925536044740446e-01 8.267153082524117402e-02 1.578013617856579565e-01 1.218760959784036813e-01 1.130639118418661077e-01 1.600989910026567598e-01 1.422311958056839409e-01 1.437342197494421436e-01 1.647446567683888696e-01 1.784994677293685605e-01 1.633897713974522270e-01 9.670716257742088817e-02 1.233259423616754058e-01 1.091856148960573536e-01 1.502995335680027966e-01 2.045715011583543463e-01 1.791658229708601169e-01 1.534496408166317050e-01 1.891004219333413949e-01 1.569565202372609769e-01 1.654620456797031847e-01 2.024479724572557371e-01 1.689762151719288452e-01 1.925894110108851143e-01 1.743456013750385725e-01 1.826797967327511985e-01 1.895050473288106829e-01 1.976211371062056299e-01 1.695922182434589920e-01 1.553259623210412055e-01 1.628942774625263823e-01 1.674073808486416792e-01 1.519315904414463014e-01 1.553662935695419578e-01 1.473776461661474857e-01 1.383089218291606026e-01 1.584881519648220494e-01 1.524788278124123986e-01 1.460889002369364642e-01 1.753645465767325606e-01 1.581374543339091054e-01 1.685032132032780461e-01 1.419152010004473274e-01 1.603640963697706145e-01 1.454027462132596871e-01 1.548178539858826031e-01 1.331286570942021852e-01 1.544331152272832020e-01 1.388255487221100037e-01 1.308082457497808659e-01 1.457390126676902098e-01 1.425326994193622798e-01 1.167673930050882325e-01 1.389281129167891093e-01 1.452472604542092149e-01 1.435458566005870795e-01 1.596950644074633663e-01 1.646733297519178962e-01 1.150281999141487543e-01 1.576670825697648604e-01 1.430993932192783369e-01 1.298000121572210341e-01 1.299714532476758944e-01 1.450628141728619591e-01 1.504872754683469482e-01 1.519451313359180544e-01 1.486320801479057152e-01 1.624878859125815644e-01 1.710439563919814721e-01 1.729102425524709774e-01 1.600603486717852297e-01 1.647179999970717623e-01 1.430608633441790012e-01 1.820806037006858225e-01 1.708961275067103769e-01 1.676359664058038323e-01 1.751192033710440299e-01 1.771422158776154165e-01
-2.934672972911256048e-03 8.144765321525060386e-02 1.000000000000000000e+00 3.214243175990162960e-01 1.836014666679745000e-01 1.953025690192117525e-01 3.401451733304000635e-01 2.856044830960994263e-01 3.033601981229908096e-01 3.120879689148098879e-01 3.381290463463474949e-01 3.531637500142045805e-01 3.110939456747829346e-01 2.344005314633596793e-01 3.543335569196011670e-01 3.488481435430874078e-01 3.308390096039846573e-01 3.645658913001148527e-01 3.691344305885373434e-01 2.770286391672498461e-01 3.604950860804784774e-01 3.757929670794775134e-01 3.914329348622515026e-01 3.770565988210904385e-01 3.787860797551351189e-01 3.713583082537419422e-01 3.688528084361103465e-01 3.455911397001372731e-01 3.644129719454989869e-01 3.579094384428509468e-01 3.704220127243921246e-01 3.878569128083279582e-01 3.548994298037550510e-01 3.848213773568558982e-01 3.540529591853453506e-01 3.590928320056784862e-01 3.618639735478496045e-01 3.496614909684975236e-01 3.722217116249931790e-01 3.485087074053420109e-01 3.623750238384732536e-01 3.541120647987823222e-01 3.516890548729867949e-01 3.632414496968358053e-01 3.787855863082056351e-01 3.590173271247108500e-01 3.587087795067344653e-01 3.640920497000650902e-01 3.534471781758304898e-01 3.536661012373508717e-01 3.466375133928046304e-01 3.596617288438772042e-01 3.592692141715885246e-01 3.523638100148916430e-01 3.490277949299438465e-01 3.671766619068289050e-01 3.563837609490160263e-01 3.632312439507046076e-01 3.475754828963399934e-01 3.491110292728314968e-01 3.524058787295545891e-01 3.497335852857951233e-01 3.512619547800933661e-01 3.541129964652673934e-01 3.550057086357051306e-01 3.569414353870249967e-01 3.647913275273308442e-01 3.769288279221529314e-01 3.818950578432713794e-01 3.644950158637229598e-01 3.692376683496769729e-01 3.709944925619786948e-01 3.796613640181755178e-01 3.745204291321156398e-01 3.685808177215414427e-01 3.619617190123883277e-01 3.635885340586655912e-01 3.656323843434709508e-01 3.686344347372582653e-01 3.569776773816689674e-01 3.726153583767417010e-01 3.671478492398119187e-01 3.779640032010880835e-01 3.680148143505205249e-01 3.779068637617266635e-01 3.759192139911985420e-01 3.646986026100246803e-01 3.701667508268980944e-01 3.672842393350722601e-01 3.712548165615724982e-01 3.695103117871944565e-01 3.650657608844725677e-01 3.696794319832288900e-01 3.645024009632110151e-01 3.586088919388289997e-01 3.600292014269790286e-01 3.597835299886131821e-01 3.623253926176091544e-01 3.616290336527064886e-01 3.642516241365181262e-01 3.607262250922933511e-01 3.649452379672558089e-01 3.620359421379206188e-01 3.616359277070462785e-01 3.658436799922312188e-01 3.650078129968435392e-01 3.604660551010516745e-01 3.623902296641098864e-01 3.629675471057659530e-01 3.616552115339104478e-01 3.625845763319437420e-01 3.569944028142095771e-01 3.652858585925599644e-01 3.625588648675316938e-01 3.587763781249962425e-01 3.605169568130978108e-01
7.255521120411478550e-03 1.610833770317240121e-01 3.214243175990162960e-01 1.000000000000000000e+00 3.329579497065212612e-01 3.518263932952209183e-01 5.549895272636744536e-01 5.579617384120660883e-01 5.448731648946630868e-01 5.540587623468550271e-01 5.827241833224813261e-01 6.258844917798001006e-01 5.622705930012409370e-01 4.289855373029827224e-01 6.208961487926593081e-01 6.190843498080632612e-01 5.892090751293219686e-01 6.038515780671360744e-01 6.102453149769372365e-01 4.889645912351022194e-01 5.870349068624107769e-01 6.244059409306740305e-01 6.240977231310240736e-01 5.772667157183303255e-01 6.040093632393654932e-01 6.370774360320177188e-01 6.350708121787703719e-01 6.185464827623882167e-01 6.336719852574422829e-01 6.313622166123065149e-01 6.390553996844001716e-01 6.465459964176950569e-01 6.042164544062088583e-01 6.245572746242571416e-01 6.114712722592620109e-01 6.215281335289755127e-01 6.161472995018091314e-01 6.262037222083797205e-01 6.419086007515878434e-01 6.157266828001035641e-01 6.338393899714924729e-01 6.253429892886627206e-01 6.196120442107821980e-01 6.397567745149168594e-01 6.471376983270231698e-01 6.337706660404159864e-01 6.221232048433519290e-01 6.309582712495782619e-01 6.215003804533942855e-01 6.096572247431629732e-01 6.196456972067537761e-01 6.025594498654630593e-01 6.188366242166511988e-01 6.184892988919132861e-01 6.131911357891450809e-01 6.422769285236522574e-01 6.279404883439755336e-01 6.325747605641235394e-01 6.137385169951611319e-01 6.201336836784350215e-01 6.287165654607218546e-01 6.144174701448704701e-01 6.313190880993077014e-01 6.328364467465799059e-01 6.289874449289623026e-01 6.300747759119608160e-01 6.362019679785771986e-01 6.428473510062017171e-01 6.458321423043474896e-01 6.261440124213505376e-01 6.376709872606575180e-01 6.383213619479491951e-01 6.308104733781975115e-01 6.318129700587037378e-01 6.381212781414594692e-01 6.369960408338963820e-01 6.369031557472435434e-01 6.458487437903922546e-01 6.383015503183685491e-01 6.323826925116244890e-01 6.443011046140457720e-01 6.416897970380630589e-01 6.475727263501017683e-01 6.459834238133154161e-01 6.456427117696703633e-01 6.402442449251716239e-01 6.381609387456381732e-01 6.475814267774896438e-01 6.432314127802937209e-01 6.463880987087384788e-01 6.407599001769239688e-01 6.347906407261929562e-01 6.413379949042903316e-01 6.387952473141429444e-01 6.283069158699804424e-01 6.304565750815626091e-01 6.316520876439623011e-01 6.284042713913140510e-01 6.313777777624963727e-01 6.390356577723038667e-01 6.348369740810173578e-01 6.408930531515345530e-01 6.260202016657098190e-01 6.347490322874155266e-01 6.353196758647616793e-01 6.358975777430736498e-01 6.293392639931764121e-01 6.358598786322089413e-01 6.378953777875863151e-01 6.352365777509935141e-01 6.351265400174544995e-01 6.324151464818896784e-01 6.351712384903754893e-01 6.431313253828606635e-01 6.333804841787121775e-01 6.325618590323949242e-01
5.442834180977804831e-02 1.356884810079855008e-01 1.836014666679745000e-01 3.329579497065212612e-01 1.000000000000000000e+00 2.379807332168673573e-01 4.471416811944560754e-01 4.416598816825129115e-01 4.672052572625282063e-01 4.272670667974847181e-01 4.505911312768192678e-01 4.853703685204309171e-01 4.858589973701225029e-01 3.429466572898561827e-01 4.989617799900440409e-01 4.939565006961664229e-01 4.571375140544882143e-01 4.281749168807147399e-01 4.465316742784047888e-01 3.998512050670723905e-01 4.333408029594364441e-01 4.659883274731621561e-01 4.113286666121427904e-01 3.860956005522130918e-01 4.371322083445015050e-01 4.611726892500521147e-01 4.673660227289234692e-01 4.229543114120200564e-01 4.329396229657065942e-01 4.789136902465606638e-01 4.904224924380932160e-01 4.687708174228709668e-01 4.219020216131806333e-01 4.454130460384273515e-01 4.473248867257740846e-01 4.332659418972108489e-01 4.709504134475420156e-01 4.509092097361417917e-01 4.645180871844349357e-01 4.150978444931334721e-01 4.969491427387402460e-01 4.743732518460712089e-01 4.668742884513792379e-01 4.989070614049137542e-01 4.747072125857427771e-01 4.730549085075810289e-01 4.956912716550262443e-01 5.071941373784798479e-01 4.954773545227881271e-01 4.404501516878644996e-01 4.646795399137628180e-01 4.598001131175135647e-01 4.978381093899513776e-01 5.070807105961765426e-01 4.888741803855280454e-01 4.754896697179266107e-01 4.751474737005774718e-01 4.915248067165687296e-01 4.768221608310654891e-01 5.206148301659487831e-01 4.982594263518406730e-01 4.948638998326114757e-01 4.798162479208785136e-01 4.977851918566418288e-01 5.088120935809088419e-01 5.008132590888203506e-01 4.991544182469555002e-01 4.893349982589552116e-01 4.922659157838825683e-01 4.881266050735189599e-01 4.924380206791494907e-01 4.979684737182261123e-01 4.676345719374594423e-01 4.752661483302951240e-01 4.970938397457563274e-01 4.961053284564113652e-01 4.806365900965172133e-01 4.905964997359797408e-01 4.824717073230748166e-01 5.008323806904493303e-01 4.977835389399002386e-01 5.021983374622450702e-01 4.784150169507894734e-01 5.009175603877433769e-01 4.877222539672744217e-01 4.898543117622460863e-01 4.856451942918322273e-01 4.779252874303010490e-01 4.912126647654424527e-01 4.711322391904322893e-01 4.670449290657778807e-01 4.927023593313029082e-01 4.905674587662271491e-01 4.894612849239056707e-01 5.002740637749450991e-01 5.034460074102777849e-01 4.745342586235355431e-01 4.900174347880038583e-01 4.938312513737679876e-01 4.863164654631739747e-01 4.869694889358414658e-01 4.889581334307009919e-01 5.007181961540244641e-01 5.029327856830982935e-01 4.904083920689527032e-01 4.910021954793493681e-01 5.008637999833969179e-01 5.023556482358136899e-01 4.955960169216625522e-01 5.014601854606964837e-01 4.827508667605257542e-01 5.112997639611182032e-01 4.926664285862294990e-01 4.993932736629147495e-01 5.052582988637277506e-01 5.051331935667885409e-01
-3.026442451778580886e-02 9.171563205443596101e-02 1.953025690192117525e-01 3.518263932952209183e-01 2.379807332168673573e-01 1.000000000000000000e+00 4.332862468313230520e-01 3.589257784393421469e-01 3.992869806535542798e-01 3.920250334694704297e-01 4.098242689032533526e-01 4.424647678025858677e-01 4.088166752525562164e-01 3.479347914018544041e-01 4.620482366624526493e-01 4.442010727198079101e-01 4.071714383336787479e-01 4.066705777655623133e-01 4.310593835827626341e-01 3.263610603138801802e-01 4.218305251291390445e-01 4.430928704277919961e-01 4.389536168782381398e-01 4.088175435168151517e-01 4.445522115194821544e-01 4.491603395474270677e-01 4.388057236266584837e-01 4.456161458221968297e-01 4.404210962907268434e-01 4.341529428225792131e-01 4.579261129646239326e-01 4.654576342348734075e-01 4.471272384604774164e-01 4.547671584093186947e-01 4.523366950306648149e-01 4.636521680087040131e-01 4.601179019265673187e-01 4.654436946995635926e-01 4.793888825420013489e-01 4.561668681138532633e-01 4.647472815269879098e-01 4.619859823763073914e-01 4.592007089614374427e-01 4.675005165485033309e-01 4.772287599423043480e-01 4.708169300501068300e-01 4.600508400888915217e-01 4.575608663768318540e-01 4.578952530431916745e-01 4.605079618011539422e-01 4.644265961931832165e-01 4.592791596978081925e-01 4.549449910182441492e-01 4.348733784259886659e-01 4.303071566928898251e-01 4.677782020529488993e-01 4.400154061169644359e-01 4.587496224239080433e-01 4.387746289533033806e-01 4.446637693215400033e-01 4.574250092792105371e-01 4.305244917515857472e-01 4.439232547880778701e-01 4.568140399193046930e-01 4.604202537829772957e-01 4.531765041897756752e-01 4.702743829645389950e-01 4.675446515341579179e-01 4.599507457995132276e-01 4.552397789942793649e-01 4.708763161301806055e-01 4.709723879219041009e-01 4.585232270204739335e-01 4.700038363677351283e-01 4.676152559621903348e-01 4.707383741198128413e-01 4.675257414376433052e-01 4.654500111877910018e-01 4.651739892933287601e-01 4.625560690945256792e-01 4.737425996297733866e-01 4.676838764308802188e-01 4.779160483643330459e-01 4.687829548628962839e-01 4.690359471216963838e-01 4.700624181992646422e-01 4.799967991761839858e-01 4.736259096374066391e-01 4.775542051163155777e-01 4.706658074627890209e-01 4.719450526430721271e-01 4.697942330695368263e-01 4.739814143956286863e-01 4.748125834060604178e-01 4.663251527370403937e-01 4.668251291289570726e-01 4.652367536472694076e-01 4.597580314203287277e-01 4.641683517924878322e-01 4.722716780494576327e-01 4.700821003462291592e-01 4.678435996342815151e-01 4.640938935302479917e-01 4.679083104641054147e-01 4.774725990931054653e-01 4.584572233412141373e-01 4.619984039533073794e-01 4.664156356298247430e-01 4.658098559317774279e-01 4.640261690650608339e-01 4.615651423178905866e-01 4.607497180041515983e-01 4.586508457783859960e-01 4.710082369528212354e-01 4.697731958726106827e-01 4.627452841503039704e-01
-9.650135056166441946e-03 1.426822345634687628e-01 3.401451733304000635e-01 5.549895272636744536e-01 4.471416811944560754e-01 4.332862468313230520e-01 1.000000000000000000e+00 6.939179364282983542e-01 6.971387321494040279e-01 7.096729488339621472e-01 7.460796371258268112e-01 7.771435290543509122e-01 7.147107067550283466e-01 5.775004138837885881e-01 8.468138604725630181e-01 7.915125108416560806e-01 7.098137036424861934e-01 7.257503557463182986e-01 7.291297104850115174e-01 6.702864166974629168e-01 7.310319815065488003e-01 7.595578993407979818e-01 7.540577512792229209e-01 6.973283324910739545e-01 7.368688731435842909e-01 7.755082435626200477e-01 7.741081608948663373e-01 7.655737529833867017e-01 7.742699519006263076e-01 7.858000104346157810e-01 8.178844761884899173e-01 8.122673454100693968e-01 7.418717369293322816e-01 7.868275148508592221e-01 7.612626498398651353e-01 7.566462637883435427e-01 7.788814578140423883e-01 8.134560540835997777e-01 8.035826829109150582e-01 7.768442827924844085e-01 8.095644746583072759e-01 8.074119039623672833e-01 8.008296269558334846e-01 8.098705737098078616e-01 8.142168356137723384e-01 8.190049492293347555e-01 8.062725874641861745e-01 8.075835468827171626e-01 8.065248679841250379e-01 7.783283919025739683e-01 8.048308381850627358e-01 7.706523009564083537e-01 7.914666930214326879e-01 7.835527924980515424e-01 7.824316944975984178e-01 8.066049820601089992e-01 7.702116401744267815e-01 8.008515611933658684e-01 8.021153783890274669e-01 7.806322876296412083e-01 7.933013249547411494e-01 7.783333134072577542e-01 7.887103471227234763e-01 7.895107740615385783e-01 7.881806194965373935e-01 7.868923712063292664e-01 8.117599097603646063e-01 8.093585347347276304e-01 8.189337921038505330e-01 8.135886731586361442e-01 8.053536147321389560e-01 8.089695135161304451e-01 7.951976680003218778e-01 7.968842093993709907e-01 8.088389637290899215e-01 8.078457505606412292e-01 8.076567004886060497e-01 8.110958242544845653e-01 8.192008009687796743e-01 8.075825619060442717e-01 8.117517878809213938e-01 8.139789239880822480e-01 8.111682063747902571e-01 8.137100448952873100e-01 8.088842764410900665e-01 8.141921179424921329e-01 8.071517938560079930e-01 8.197681943594523624e-01 8.160224344975601785e-01 8.074018442821752073e-01 8.103041698125991177e-01 8.149025177211453030e-01 8.142882171147870496e-01 8.233038875610031448e-01 8.064517692783954583e-01 8.090541884975765985e-01 7.984567875588072239e-01 7.772735596993630702e-01 8.039058083268786348e-01 8.126809977139380914e-01 8.129652296245708509e-01 7.997986489517350250e-01 7.978617575204134393e-01 8.065594906309401235e-01 7.994075264272966219e-01 7.887293527819408956e-01 8.019245947125422935e-01 8.073090417598530744e-01 8.091217289731932327e-01 8.062198037441437037e-01 8.051248420590108035e-01 7.997632521752884305e-01 8.001862591082533616e-01 8.018654484275800076e-01 7.984689732644367766e-01 7.940431824461201549e-01
2.467492173716463733e-02 1.502890350542575582e-01 2.856044830960994263e-01 5.579617384120660883e-01 4.416598816825129115e-01 3.589257784393421469e-01 6.939179364282983542e-01 1.000000000000000000e+00 6.942211847984514073e-01 6.789112233460072865e-01 7.183172913402593451e-01 7.454932986527523786e-01 7.153037820158090199e-01 5.507887751577591473e-01 7.628693230041315720e-01 7.892246773693553097e-01 7.006894334810290781e-01 7.005667771189104664e-01 7.217364165940455267e-01 6.486725945734806986e-01 7.086652460307407697e-01 7.372283965237176329e-01 7.033721640667154329e-01 6.860170864873070817e-01 7.224221559525527692e-01 7.512184579715766031e-01 7.477998196673794062e-01 7.117744625822763904e-01 7.295664537806126893e-01 7.524100679267856639e-01 7.749657617178600244e-01 7.579754969647878315e-01 6.720522921305075448e-01 7.338980857247924261e-01 7.078709949315892258e-01 7.072994818652879045e-01 7.205418585156290190e-01 7.606508753152492197e-01 7.503812453584408626e-01 7.223801465584446246e-01 7.837479672632642336e-01 7.687229866192520911e-01 7.585768395338264858e-01 7.841114818868937242e-01 7.747883578275878147e-01 7.680036610714336964e-01 7.879501958755573687e-01 7.867554554525504340e-01 7.769255048084744431e-01 7.385879876107631636e-01 7.731736742663737338e-01 7.386064895617954207e-01 7.769443649721053946e-01 7.757052241975119777e-01 7.750270741733510382e-01 7.819063328040171124e-01 7.699430916786162982e-01 7.947639191734593433e-01 7.844111905046794453e-01 7.784313066677115422e-01 7.862953285993481423e-01 7.793674302545827715e-01 7.858871331113470582e-01 7.786709529547556352e-01 7.738485539723446438e-01 7.798975163227052088e-01 7.866261230420583672e-01 7.887791657489141572e-01 7.843803841357150919e-01 7.889732693783952922e-01 7.877106691558366514e-01 7.899044084814439426e-01 7.742099521248305694e-01 7.777905378383965784e-01 7.870158230499211260e-01 7.795696272295293827e-01 7.752601689301925614e-01 7.830991930281204771e-01 7.861360944507058690e-01 7.870273444028668131e-01 7.848279686782743125e-01 7.883899423337346057e-01 7.801525649881463353e-01 7.771023520063233825e-01 7.771564051125655626e-01 7.824203833628211591e-01 7.744881009179915843e-01 7.907328200245187233e-01 7.830531423517702594e-01 7.856898302300429071e-01 7.694122201908014658e-01 7.889091963973307031e-01 7.878631270221936322e-01 7.883245190933872992e-01 7.884982408023143430e-01 7.906450761206550437e-01 7.787716005562799193e-01 7.846114783671701565e-01 7.948393488128135953e-01 7.946807130522541840e-01 7.880785292257819208e-01 7.975564284831491157e-01 7.818500620075556906e-01 7.947842139018285179e-01 7.824005290246376365e-01 7.911766852283259599e-01 7.900744572379484465e-01 7.906066601286291240e-01 7.942435271248770023e-01 7.992765786695452679e-01 8.005392120733023642e-01 7.910769310350521666e-01 7.944856189168563176e-01 7.915487176339003339e-01 7.835633919863566055e-01 7.861666178786310688e-01
1.671925696035897468e-01 2.245349193300039403e-01 3.033601981229908096e-01 5.448731648946630868e-01 4.672052572625282063e-01 3.992869806535542798e-01 6.971387321494040279e-01 6.942211847984514073e-01 1.000000000000000000e+00 7.751788754030586315e-01 7.652470205967066841e-01 8.259939103498167290e-01 7.795807135017318590e-01 5.751727591458487554e-01 8.135631196447319358e-01 8.215379035614167602e-01 8.191075305878593449e-01 7.085918206823068610e-01 7.530215916513378627e-01 6.642068835862814380e-01 7.314489414626031971e-01 7.798875845082052782e-01 7.026912689705222537e-01 6.592091446660128806e-01 7.306616958864158295e-01 7.953151751411527970e-01 8.013187109974175826e-01 7.343329173288720702e-01 7.684960294717704254e-01 8.240777169277609948e-01 8.384190380028369027e-01 7.959131419115700323e-01 7.024046227051953251e-01 7.588356725830787131e-01 7.657143071794778599e-01 7.470622912068802801e-01 7.877714163498108491e-01 7.819700872910634315e-01 8.013824156623288175e-01 7.212021545649596188e-01 8.377613785741055974e-01 8.054488145622845652e-01 7.856180405548405243e-01 8.527334864556295191e-01 8.160826357676499443e-01 8.207197103070367206e-01 8.553712540989485413e-01 8.651565119079779320e-01 8.522215807131792165e-01 7.649003878136303447e-01 8.099346266795154348e-01 7.679453662556604554e-01 8.391797992351016644e-01 8.654357001568374619e-01 8.329951210330549527e-01 8.187811173741714743e-01 8.411200179277220634e-01 8.429671516997877534e-01 8.311073521561479494e-01 8.835268711962609434e-01 8.622116177895821076e-01 8.531902940804590996e-01 8.434641421890120006e-01 8.598313937713453203e-01 8.757419955067416995e-01 8.686754790573799623e-01 8.599219350000196771e-01 8.410692027602675314e-01 8.362785262996639268e-01 8.454292693929935654e-01 8.418182106827279965e-01 8.486415889366141219e-01 8.098246547087488700e-01 8.166921505449860064e-01 8.482955599910929623e-01 8.448035562524239817e-01 8.270008154957353419e-01 8.443440540940994055e-01 8.399618878391446053e-01 8.612552108459516909e-01 8.415108375383955064e-01 8.574276910544614827e-01 8.269587436187990637e-01 8.452052443109728808e-01 8.204469680293727807e-01 8.360792252403815850e-01 8.318359148822792593e-01 8.165980487147624922e-01 8.429729029272070573e-01 8.155262244681407147e-01 8.006696607189013326e-01 8.381921262101925674e-01 8.421899002812539559e-01 8.415028887451886375e-01 8.591260856627819242e-01 8.613461747739435959e-01 8.024647422526627327e-01 8.384393639650734587e-01 8.361577271301501302e-01 8.231699716345934892e-01 8.258991663203358868e-01 8.347111247006031576e-01 8.485046492870611523e-01 8.528010291172100077e-01 8.389769154760662317e-01 8.441272105594332942e-01 8.613409277245814843e-01 8.620563491123303113e-01 8.469043595429009974e-01 8.552240693468868837e-01 8.280824236221611123e-01 8.755080012537624912e-01 8.477317916426113653e-01 8.593416626051112450e-01 8.701493865564210450e-01 8.685913191443354053e-01
8.836890339929626137e-02 2.181353981853432211e-01 3.120879689148098879e-01 5.540587623468550271e-01 4.272670667974847181e-01 3.920250334694704297e-01 7.096729488339621472e-01 6.789112233460072865e-01 7.751788754030586315e-01 1.000000000000000000e+00 7.580208952114387833e-01 8.090092265501599433e-01 7.544736929486208776e-01 5.811254032522052970e-01 8.211770302894920714e-01 8.047829594647407658e-01 7.703369153141770287e-01 7.155081659036698349e-01 7.566674370519371751e-01 6.453899520674323265e-01 7.358557209608888039e-01 7.711793842448544378e-01 7.391685700098192813e-01 6.842096889698752182e-01 7.424739808895477466e-01 7.942712103011976277e-01 7.844495102144948273e-01 7.461092896641272620e-01 7.778932552475337214e-01 8.129570508569452514e-01 8.279397394446595948e-01 8.102027368387139106e-01 7.280741613265290235e-01 7.763894603815064688e-01 7.678265809125461860e-01 7.644626545290539310e-01 7.876027570726886751e-01 7.930464769820662063e-01 8.097838891205911827e-01 7.489760697058542860e-01 8.261555738301062934e-01 8.041664693788620477e-01 7.887311786934441127e-01 8.349599617252205785e-01 8.235253651957267218e-01 8.200112496595653999e-01 8.393461085933785482e-01 8.468764450214509854e-01 8.380752737779286754e-01 7.659889333666826117e-01 8.035084553725638790e-01 7.673885723846706197e-01 8.154812281881523850e-01 8.368044896287699652e-01 8.110479145619550190e-01 8.213355985716852548e-01 8.153627207254107168e-01 8.260437834932078394e-01 8.196516751234235176e-01 8.479162406473846891e-01 8.330655123131985862e-01 8.268172068226863347e-01 8.201444976111362806e-01 8.334965787070777177e-01 8.425804079349429321e-01 8.399069889572098324e-01 8.458741098417277282e-01 8.321826057953448652e-01 8.326262376035039603e-01 8.304147161596818760e-01 8.305990797596093378e-01 8.347979743929873075e-01 8.078638365246944009e-01 8.114583909546574381e-01 8.338161378165196425e-01 8.334675548940514433e-01 8.187815452954839701e-01 8.342842005756254675e-01 8.291905798949876782e-01 8.438904585620392584e-01 8.322296168106040337e-01 8.408593259475140025e-01 8.286972843543836120e-01 8.349828052479248974e-01 8.156443775362351989e-01 8.296131198859663103e-01 8.272507189751570067e-01 8.193325258121497701e-01 8.351081968277722645e-01 8.212513201660178730e-01 8.087539641014113156e-01 8.283857822376341495e-01 8.321257937504015212e-01 8.338543116098796615e-01 8.398347052038370730e-01 8.435761970647230878e-01 7.927555155404996112e-01 8.119194323013031456e-01 8.200807972547780045e-01 8.159583266498553478e-01 8.145107924605982097e-01 8.211854092463668486e-01 8.278293194299856106e-01 8.325900510983772485e-01 8.255042166361770128e-01 8.249454537685363409e-01 8.399642834639722278e-01 8.443297401162171978e-01 8.359174000331892618e-01 8.384749898202756846e-01 8.198251833070062666e-01 8.471763986681365433e-01 8.327368056473549718e-01 8.360188819499505541e-01 8.433336161514135565e-01 8.437563434769019821e-01
-1.125998917056473918e-02 1.505713040263483571e-01 3.381290463463474949e-01 5.827241833224813261e-01 4.505911312768192678e-01 4.098242689032533526e-01 7.460796371258268112e-01 7.183172913402593451e-01 7.652470205967066841e-01 7.580208952114387833e-01 1.000000000000000000e+00 8.523326219130201720e-01 7.791500387125862570e-01 6.170496882144703710e-01 8.596276694806600505e-01 8.434227687060470435e-01 7.862522023927031034e-01 7.623672484543246863e-01 7.951646609902531804e-01 6.810725860543636045e-01 7.732508669192910133e-01 8.165625132352400950e-01 7.859353782347521244e-01 7.330076229617001893e-01 8.006983145672120772e-01 8.346210923243504443e-01 8.319742129640569361e-01 7.997418028037270865e-01 8.119879996990576609e-01 8.554302857601392418e-01 8.742253401570257987e-01 8.538443918738585214e-01 7.715093504949194214e-01 8.148629706998219424e-01 8.134757432372941022e-01 8.037873941173768744e-01 8.390478798239814351e-01 8.486058779352020354e-01 8.516409643387321537e-01 8.170540952704938853e-01 8.804991253132767870e-01 8.672001004134436419e-01 8.517823827807398107e-01 8.803992832751817987e-01 8.752879300283803454e-01 8.706429464972950116e-01 8.877123891138196665e-01 8.883513520688484100e-01 8.885885879283955679e-01 8.288528569880988517e-01 8.593792872964555185e-01 8.380941911471165851e-01 8.753492563642623070e-01 8.726564670427044978e-01 8.643587187256567272e-01 8.763303931701831306e-01 8.601581635859890662e-01 8.815052602876066734e-01 8.717488657091263526e-01 8.764854833264107414e-01 8.804887899292687115e-01 8.717299575300151426e-01 8.721817963897053883e-01 8.745056167912186318e-01 8.714744584116331794e-01 8.750519377625181061e-01 8.871501882714968312e-01 8.823227765093664132e-01 8.811175314310715212e-01 8.769847508087362797e-01 8.814634199783077939e-01 8.862430927587777729e-01 8.619969107451904700e-01 8.710844248472144891e-01 8.863371194150133636e-01 8.842264669436775693e-01 8.714688831408720082e-01 8.773360814220975135e-01 8.804927208172023123e-01 8.892553647727144961e-01 8.835259344739001541e-01 8.897767904849871456e-01 8.762600297470286570e-01 8.831330309970847336e-01 8.756466791096929603e-01 8.801194900776512231e-01 8.779110365902554891e-01 8.796866836196347572e-01 8.849828522145515297e-01 8.775052653173179840e-01 8.711376282250019587e-01 8.882929734901372498e-01 8.893671800332042521e-01 8.883820275777644104e-01 8.914837024389330455e-01 8.922734423879618015e-01 8.706054894949800671e-01 8.696622814268809565e-01 8.855406981450560933e-01 8.809408136540690659e-01 8.833183816255459897e-01 8.857894109667719951e-01 8.861675580761639859e-01 8.910310216047023779e-01 8.811367151192096570e-01 8.814559659434232364e-01 8.888282568577252629e-01 8.908497524444729532e-01 8.898862309324603315e-01 8.910295219326415106e-01 8.854601014704112094e-01 8.886562280976556538e-01 8.891183722926897515e-01 8.864266623497903952e-01 8.847295423074542642e-01 8.853772915968599611e-01
4.060375385268525511e-02 1.693688766082123431e-01 3.531637500142045805e-01 6.258844917798001006e-01 4.853703685204309171e-01 4.424647678025858677e-01 7.771435290543509122e-01 7.454932986527523786e-01 8.259939103498167290e-01 8.090092265501599433e-01 8.523326219130201720e-01 1.000000000000000000e+00 8.254774865578358156e-01 6.572073132124504058e-01 9.067913143164699763e-01 9.044499718114801246e-01 8.384426209447433109e-01 8.069559331583966433e-01 8.521107210122698117e-01 6.942539707196158094e-01 8.195747506196719989e-01 8.678787185505294488e-01 8.265696405778273359e-01 7.735538259116563342e-01 8.451846372443352351e-01 8.825978224739717826e-01 8.815944661719857800e-01 8.384461584533183798e-01 8.619456440642111472e-01 8.953431358504408966e-01 9.213632684301034104e-01 9.053547007908485655e-01 8.159467044010479952e-01 8.644028531071497046e-01 8.639136096852222391e-01 8.589512690005972617e-01 8.881869985107286869e-01 8.980158329879229795e-01 9.096821581594626283e-01 8.588778984876267453e-01 9.271013305658963866e-01 9.130902816143323664e-01 9.006867972117692522e-01 9.383559567179796668e-01 9.216634669198976448e-01 9.226063041901140238e-01 9.367752847515710135e-01 9.426387233434834201e-01 9.387199203327794006e-01 8.772603855883061019e-01 9.115178838920359183e-01 8.737531777281366541e-01 9.235964213288566649e-01 9.294190462376492601e-01 9.189368538535920283e-01 9.245727855270200468e-01 9.181598559900454593e-01 9.362837881074420610e-01 9.268291956732431780e-01 9.349272671520315603e-01 9.363648868661837987e-01 9.266012754669163964e-01 9.299086417168671570e-01 9.331188488524346791e-01 9.334392582223277612e-01 9.344155508924792963e-01 9.431229330550185974e-01 9.347345516626056616e-01 9.308346013309368727e-01 9.235169624163598323e-01 9.363738581716937182e-01 9.391958747002521202e-01 9.095005255798197519e-01 9.213193084698994006e-01 9.380943010097553270e-01 9.373542365296136936e-01 9.224898492404276507e-01 9.327171090629884365e-01 9.329481805719095355e-01 9.395275923641944749e-01 9.368040688599210686e-01 9.427951246469724600e-01 9.271402609963237396e-01 9.366688738055144459e-01 9.246301622398109821e-01 9.325480849625332747e-01 9.324828338756530055e-01 9.252263235890045845e-01 9.400092168962587147e-01 9.227686486977695335e-01 9.159463767320613625e-01 9.351762280907460756e-01 9.386890438791802849e-01 9.386970778902573587e-01 9.438931535581298604e-01 9.454155124932207555e-01 9.127017087981443844e-01 9.203715204233753333e-01 9.337489055343181077e-01 9.262836034170391919e-01 9.287803779449145258e-01 9.341384033511228591e-01 9.361930353549562378e-01 9.430695534543775960e-01 9.315461079485838347e-01 9.293981229792798171e-01 9.425672728394779432e-01 9.445502007237293052e-01 9.400286121505574410e-01 9.427068380300664963e-01 9.286523887377283737e-01 9.454203557744739195e-01 9.387404183698988547e-01 9.394446849304392000e-01 9.416683069104887505e-01 9.416694117953458010e-01
4.982616725300170052e-02 1.763183021662666772e-01 3.110939456747829346e-01 5.622705930012409370e-01 4.858589973701225029e-01 4.088166752525562164e-01 7.147107067550283466e-01 7.153037820158090199e-01 7.795807135017318590e-01 7.544736929486208776e-01 7.791500387125862570e-01 8.254774865578358156e-01 1.000000000000000000e+00 5.911916780278346772e-01 8.383553228495387311e-01 8.345318670949616324e-01 7.695663966383704535e-01 7.370003122805852680e-01 7.748442314392952612e-01 6.630697989591362029e-01 7.475368724923682207e-01 7.858601634644153400e-01 7.371399999642815892e-01 6.980582866924643914e-01 7.626226298380046620e-01 8.111309365674922445e-01 8.040070401233494479e-01 7.540524353722878326e-01 7.776962377956349037e-01 8.167914436550509638e-01 8.422224099484799664e-01 8.111460582970522193e-01 7.233998801826680980e-01 7.754927108159291871e-01 7.769644686777901210e-01 7.630351560752745010e-01 8.018603856458428325e-01 8.026219206964143593e-01 8.223418773879278554e-01 7.592592487770832843e-01 8.513985457146033831e-01 8.227012049983836173e-01 8.053429927213108241e-01 8.558364463819853052e-01 8.370408921919182399e-01 8.344923393092987807e-01 8.596123286100827432e-01 8.645480133139045176e-01 8.565247794739595522e-01 7.862896887135567559e-01 8.252407309100842081e-01 7.922511782749921405e-01 8.414691570112003971e-01 8.520824701176452631e-01 8.334463264615016298e-01 8.394008777717105740e-01 8.307815534144372682e-01 8.538984233531591306e-01 8.377840695134458615e-01 8.693503488964279269e-01 8.585304977593336551e-01 8.430032565592826543e-01 8.426567063720510342e-01 8.550064911115002886e-01 8.626641563137280588e-01 8.572866969124436354e-01 8.662874259079695882e-01 8.541515798241524626e-01 8.480173336978102938e-01 8.519612400523053353e-01 8.539147370099968715e-01 8.586554641856440906e-01 8.300945912716285457e-01 8.397734513540963119e-01 8.605204467552005632e-01 8.581214436514119637e-01 8.434949045528226108e-01 8.522609003212407996e-01 8.513939183703841396e-01 8.633799623616142949e-01 8.561722901350887760e-01 8.642402085465902273e-01 8.419458889583421035e-01 8.543973071792158036e-01 8.397758970694139125e-01 8.482740617561603802e-01 8.496812265752714532e-01 8.433789829374316316e-01 8.566084194328644763e-01 8.412525984067116269e-01 8.307715223805531846e-01 8.556959603402706227e-01 8.580238998372954340e-01 8.570126983815837818e-01 8.659144382373925586e-01 8.680949330818157339e-01 8.307369822755515942e-01 8.446865442783675348e-01 8.559645533752774371e-01 8.469735528599584562e-01 8.432355661466739427e-01 8.536637017969170849e-01 8.585295506309136293e-01 8.641849568946255999e-01 8.517091288215161704e-01 8.501469060700991287e-01 8.652135047799918155e-01 8.680193494103524143e-01 8.617647837950097589e-01 8.653973044519867042e-01 8.503189829379829145e-01 8.731000457630648803e-01 8.568825169586844481e-01 8.631373754418706357e-01 8.666245693470416844e-01 8.680565653480903920e-01
