1.000000000000000000e+00 1.136763328339035484e-01 9.439952029489087626e-02 2.475490148621497383e-02 9.118149845012876731e-02 4.120764801186285048e-02 3.231214370885535092e-02 6.541803652429230287e-02 1.293828065273339434e-01 4.876318143200153443e-02 1.719001341731351759e-02 1.857236537979556693e-02 6.405464967448452895e-02 -6.597315915050834013e-04 1.456038580467314790e-02 3.427364189765103736e-02 8.543071308606323133e-02 -8.558710476498299774e-03 -2.427944094205645477e-03 -2.040901106376849863e-02 3.511237606415676393e-02 1.374716285157412572e-02 2.852879837241997438e-02 -2.516679937952878351e-02 1.938102687333556097e-03 6.377351707181942719e-02 3.381565324669411760e-02 1.496538832705630873e-02 6.077290856336507036e-02 7.551874833638627660e-02 3.185869317385973259e-02 8.493241649704913465e-03 6.661707947653553070e-03 -1.671260732381286973e-02 5.864832291049612567e-02 3.821083165734518849e-03 2.255289448148876247e-02 -1.328689376619132147e-02 1.061945866314602640e-03 -1.898264355878464746e-02 1.367217280579124429e-02 -1.057486359488703752e-02 -1.727906204058815218e-02 -1.516480946391130023e-04 -4.850983214801470565e-03 -1.044362352652348190e-02 1.636608693077843540e-02 6.527182698513044577e-03 2.258633757892720625e-02 1.977084273805936390e-02 1.975608671422002943e-02 1.984651172145779005e-02 1.948758572247089732e-02 4.832279413987560640e-02 1.018328226277027092e-02 2.988061709074312650e-02 5.984399915197730763e-02 2.583033772869999974e-03 -4.265543014651964650e-03 4.185792023317820576e-02 1.119520536007185575e-02 2.393429531666785293e-02 7.010829199547186606e-03 4.613453814188060720e-02 5.936089870086301568e-02 6.138557229805744614e-02 1.781336631359986891e-02 1.665995199867007035e-03 9.591356982662811032e-03 -4.360215376199572980e-03 9.544976028287605052e-03 1.524267247860376824e-02 -9.479670607047283037e-03 -5.344173769150461009e-03 1.774973434278271506e-02 1.945137136317136653e-02 1.033522586199565538e-02 3.331689724216083809e-02 3.159392558740963669e-03 3.380038790163202023e-02 1.842817812505669409e-02 1.710131060240812143e-02 1.677083050799321046e-02 3.030478486634888974e-02 2.558854494595414267e-03 -1.671806887610018111e-02 -4.510496501600578904e-03 -5.801715479322028940e-03 -5.404473042035060244e-03 7.661348168245744709e-03 -1.815530396040949956e-02 -6.888392927739983920e-03 -3.517398387571346683e-03 -5.863925545459479534e-03 9.843411102601971885e-03 1.083997995530221019e-02 1.963374067282652475e-03 3.675431199198837817e-02 6.968895456278136058e-03 1.291727622565596797e-02 -9.428245016676798859e-03 1.530649294304050993e-02 1.285982430472536013e-02 3.330254764742605119e-03 1.181922711933926229e-02 3.537134901392975650e-02 2.706871951444348931e-02 1.528960257591855353e-02 8.748608140735705807e-03 1.576258911389465805e-02 1.393203395386488500e-03 2.566792398186000523e-02 1.595260957453695574e-02 1.920377647499246776e-02 3.151269604609349684e-02 3.540078934026927998e-02
1.136763328339035484e-01 1.000000000000000000e+00 1.090305576911959479e-01 9.978372925676963490e-02 9.398927156491752866e-02 1.357578028196065045e-01 1.752975734543455177e-01 1.224391909519021299e-01 1.900614368496786333e-01 1.983697505405554173e-01 1.723967307668321791e-01 1.367157728658701943e-01 1.467231085125736412e-01 1.293122211787351150e-01 1.704445709479724125e-01 1.535937490000601202e-01 1.722516452212480842e-01 1.801246272390276126e-01 1.979400252959675199e-01 1.478411439821381290e-01 1.367436430338655473e-01 1.929430582223075064e-01 2.194226980554511153e-01 1.999043820812284600e-01 2.021768780914472707e-01 2.109094243541733138e-01 1.979965984020328196e-01 2.002771659360944312e-01 2.105267727512102061e-01 2.319394830652502237e-01 2.099729656537345779e-01 1.934501537174007635e-01 1.794711275272004580e-01 1.880338421341704314e-01 2.007853133168945592e-01 1.705988232770432322e-01 2.088277270428734178e-01 1.740958584304279910e-01 1.947033758405384007e-01 1.835186242689214597e-01 1.688597711916873523e-01 1.751711420369234939e-01 1.600870969769258301e-01 1.724333994968761663e-01 1.817760964845168692e-01 1.831210536211484718e-01 1.644162309105566544e-01 1.689405045621350798e-01 1.695339141012857376e-01 1.643889966566236260e-01 1.676937948580603244e-01 1.381770981620434324e-01 1.570244056294792800e-01 1.927909057631367606e-01 1.724714053048562734e-01 1.953024848054993878e-01 1.652256106315093676e-01 1.623804780831621108e-01 1.660108484809849072e-01 1.664393548472088424e-01 1.589014250311445164e-01 1.649822036729476082e-01 1.507727728089153230e-01 1.750647008606878718e-01 1.725077123738329998e-01 1.742942557456315100e-01 1.780137322222521135e-01 1.828601151955682180e-01 1.948779900107315000e-01 1.689131670497395210e-01 1.821856387554326995e-01 1.917952937893223075e-01 1.809263854065041588e-01 1.898860573131589125e-01 1.855291557908961275e-01 1.877156791477009867e-01 1.916704660215996225e-01 1.949532618168766107e-01 1.939098605559249622e-01 1.985383076843094674e-01 1.934017914599862331e-01 1.883303831806702466e-01 1.895948895362727926e-01 1.815949716960794658e-01 1.670833748046376133e-01 1.704883017404970891e-01 1.816556752671250607e-01 1.751735861150179319e-01 1.783709634666328925e-01 1.759504533969643292e-01 1.768771078032271571e-01 1.693680715662683189e-01 1.748153388029870803e-01 1.752096518708013695e-01 1.667204706768151690e-01 1.723215155464107584e-01 1.516019046989936503e-01 1.647310986470578165e-01 1.580544284518904941e-01 1.639913236578503797e-01 1.577670828641386247e-01 1.590813325035279890e-01 1.624705634459602532e-01 1.609840127966554735e-01 1.643845398515418887e-01 1.625812374358632240e-01 1.715209625001500593e-01 1.763088184743004661e-01 1.759714600221700398e-01 1.603328030804236082e-01 1.612019850792102416e-01 1.656416172736775994e-01 1.650400943561233513e-01 1.671977759879342551e-01 1.701521623810971218e-01 1.651110970340410045e-01
9.439952029489087626e-02 1.090305576911959479e-01 1.000000000000000000e+00 3.328182959701196930e-01 1.958814316729439731e-01 2.398562850890143539e-01 3.446413607579198457e-01 3.394387461959380015e-01 3.627538175652439412e-01 3.284999408889078820e-01 3.949233175647257066e-01 3.929951032038276892e-01 3.405038477759277371e-01 2.640014088069279619e-01 3.796824659763438081e-01 3.702507392658189178e-01 3.719592095632548445e-01 3.926249123429736421e-01 3.992789753940973463e-01 3.865294758745965731e-01 4.111054591154192361e-01 4.123962943343336685e-01 3.865377208121117403e-01 4.070847182088394023e-01 4.015466601291175497e-01 3.907499622988009902e-01 3.970910524385751761e-01 3.923152363184304048e-01 3.633935915390559268e-01 3.931172805726455000e-01 4.071344467123252930e-01 4.002198250039145644e-01 3.727261465749537317e-01 4.043375079122147331e-01 3.926514333916563126e-01 4.254136161229611357e-01 4.163931878098258710e-01 3.816575093322479018e-01 3.992083496292722633e-01 4.049513828611387423e-01 4.016270170995375199e-01 3.939149839802372211e-01 3.915312269857029182e-01 4.036912055975849234e-01 4.163663203427154236e-01 3.959365469014189398e-01 3.904180671890020715e-01 3.905363473842538569e-01 4.019711398091199706e-01 4.148715849329114858e-01 4.056585618789024794e-01 4.223540530814098859e-01 4.089180610076539324e-01 3.917162460308642458e-01 3.878817041316902081e-01 4.095094725287318216e-01 3.963745644829823611e-01 3.918561289570417494e-01 3.843350868913185669e-01 3.875937493436174552e-01 3.936582480463481915e-01 3.821785568499131980e-01 3.837775092591981241e-01 3.950111825539859844e-01 3.981626126180884961e-01 3.999434462059758832e-01 3.979240588673130796e-01 4.100016688905895323e-01 4.102351143112831222e-01 4.082985360004751652e-01 4.213904076639414242e-01 4.118824993251812283e-01 4.144829277786229449e-01 4.182514759378306302e-01 4.049885501533974086e-01 4.071198330201234450e-01 4.087924309445195581e-01 3.962438036114371842e-01 4.062280516187626311e-01 4.051593394605426668e-01 4.158037576625920884e-01 4.033652628607569679e-01 4.188451017122173381e-01 3.992857743329242814e-01 4.045379071818799854e-01 4.080394437900299320e-01 4.150191698474673396e-01 4.019768873851090607e-01 4.003596854168537944e-01 4.105667605079216798e-01 4.138828424747010848e-01 4.014308286044007690e-01 4.091594275069552200e-01 4.036613107250462407e-01 3.915212760152273486e-01 3.935864317787217126e-01 4.055403495957592974e-01 3.974695568037570070e-01 3.899581761188900542e-01 4.048056163275348673e-01 4.031246056093775731e-01 3.975926418101855542e-01 3.983268954411661733e-01 4.004677290124294964e-01 4.097488992080768333e-01 3.906303820603236332e-01 3.962806300694726169e-01 3.979066023078579595e-01 4.034519344723289103e-01 3.922118193183277146e-01 3.933003204640378447e-01 3.915363199601346045e-01 3.913074018702474843e-01 3.992868958679826608e-01 4.016253534286037818e-01 3.943870522271991086e-01
2.475490148621497383e-02 9.978372925676963490e-02 3.328182959701196930e-01 1.000000000000000000e+00 3.569597657667373247e-01 3.576150450446976548e-01 5.426751912643351661e-01 5.321257425290142340e-01 5.372409111189263564e-01 5.000539524818724546e-01 6.063085005261177329e-01 6.345897225879989501e-01 5.681365079828533116e-01 4.276786051009269229e-01 5.966643921313966592e-01 5.997843980709650635e-01 5.508725845082514949e-01 5.574208543695581275e-01 5.373635278518550384e-01 5.746634132586951882e-01 6.407275762479527348e-01 5.901916440338837999e-01 5.369276133017639729e-01 5.669365756108779575e-01 5.253232617249311565e-01 5.484745543884453900e-01 5.725845997717443625e-01 5.601621682760252741e-01 4.833735137735091225e-01 5.159123899116593304e-01 5.724351740411817158e-01 5.991550514195541632e-01 5.318733602430315566e-01 6.045229161108939264e-01 5.483095917067125624e-01 6.349593988398687383e-01 5.944571963545185467e-01 5.890894402146745756e-01 6.025965782053739339e-01 6.270021099430571621e-01 6.102130318022344069e-01 6.049135767651777629e-01 6.276923232893623084e-01 6.257251098362132113e-01 6.393369342826054069e-01 5.945525252595396104e-01 6.134718120520419316e-01 6.031433476709258112e-01 6.173652952147868911e-01 6.365450819382717507e-01 6.271036389172602865e-01 6.488821060001359609e-01 6.375423393435291075e-01 5.941768525023725100e-01 5.965526062797428253e-01 6.104312964281054521e-01 6.230285977036351674e-01 6.095564876128322096e-01 5.936746279522781000e-01 6.162185574038973046e-01 6.166252755486046899e-01 6.046341527070505650e-01 6.015772526937595011e-01 6.172111026767764796e-01 6.158298015273538928e-01 6.216170005451376879e-01 6.133288130374455749e-01 6.137661163379788398e-01 6.128096028148221075e-01 6.408622627729311239e-01 6.402708796499775312e-01 6.145532723406555986e-01 6.238829708378715866e-01 6.159226592979353265e-01 6.117011909814724646e-01 6.094979658499114494e-01 5.994456495517420658e-01 5.792355485958148309e-01 5.980298159223209620e-01 5.862038841248750076e-01 6.074846795686058565e-01 5.987878533349546561e-01 6.414262081787792669e-01 5.971855640359551298e-01 6.255627391010961658e-01 6.270480813611440940e-01 6.312526495995324227e-01 6.159523360017842286e-01 6.192233305157391898e-01 6.346026395201774806e-01 6.289797280987463601e-01 6.239289269484364908e-01 6.332006690966445195e-01 6.246548590475027307e-01 6.102944716041048823e-01 6.130931313617129508e-01 6.499801222970472692e-01 6.259008857878853860e-01 6.215900286052925550e-01 6.313327780099574627e-01 6.391262905266185124e-01 6.255906817564630407e-01 6.330496760163392134e-01 6.286240567350664943e-01 6.400448224740542535e-01 6.233148311024302446e-01 6.180974342169294200e-01 6.079096881652441553e-01 6.203480158134798694e-01 6.142566299916510930e-01 6.184168815962280963e-01 6.184697926605445817e-01 6.176689147496831067e-01 6.275910203144481336e-01 6.179213067706595952e-01 6.220089275037782306e-01
9.118149845012876731e-02 9.398927156491752866e-02 1.958814316729439731e-01 3.569597657667373247e-01 1.000000000000000000e+00 2.587433725957357100e-01 4.311315502012377232e-01 4.822759707467052515e-01 4.355144179155708839e-01 4.025242001697026395e-01 4.516727832134715404e-01 4.855334313672483026e-01 4.826306065900995979e-01 3.507369547295070555e-01 4.719934509384418608e-01 5.056068630697516664e-01 4.312848837177568617e-01 4.151010612435169778e-01 3.876921122225218674e-01 4.247414852647503070e-01 4.626149136455237620e-01 4.293831340370535266e-01 3.867917449193387647e-01 3.883146612174572798e-01 3.630671963475602393e-01 4.398072726207754024e-01 4.411357611335900430e-01 4.073048702629379347e-01 3.670393919301996877e-01 3.808601212729775809e-01 4.391694565952824481e-01 4.554756504537069151e-01 3.839010327262965538e-01 4.398649944064027539e-01 4.150236028692247947e-01 4.645754743117188057e-01 4.352627827463238508e-01 4.405820702752354934e-01 4.570676526460517031e-01 4.508899557880739484e-01 4.726445825185528471e-01 4.662591861918731206e-01 4.876706179451799628e-01 4.882555878142370576e-01 4.791550498324039231e-01 4.625893276671008136e-01 4.870109790871397504e-01 4.789211260013126470e-01 4.820692768622407143e-01 4.691727889258351381e-01 4.829352705261700796e-01 4.798337743954492751e-01 4.942355974594637158e-01 4.826675212806758597e-01 4.708845926329151554e-01 4.702197283387817284e-01 5.015539197922326276e-01 4.836994323251915806e-01 4.669400336763433468e-01 5.085580512880919501e-01 4.928334893565350927e-01 4.948785152695917566e-01 4.834821814923241923e-01 4.991670633720318162e-01 4.958693137318608835e-01 5.159551893456342242e-01 4.829515222391799756e-01 4.731002350302323523e-01 4.703736207594678143e-01 4.948976685440937828e-01 4.835598332069384053e-01 4.745881729315868380e-01 4.752923834590548346e-01 4.613779031251533658e-01 4.780761423736021309e-01 4.725711252053381162e-01 4.624783546335440310e-01 4.552649964649791992e-01 4.578478675302671830e-01 4.560149814555073400e-01 4.666049223397206180e-01 4.714614403752057092e-01 4.912983316948709711e-01 4.707304867679266702e-01 4.753193284409930053e-01 4.731659002188396967e-01 4.773179506009324613e-01 4.747582205785194631e-01 4.754827131006389429e-01 4.894012693336972086e-01 4.665457117876016246e-01 4.815730660095380311e-01 4.834478611211966981e-01 4.776961255550573049e-01 4.853447537113779187e-01 4.864540421107600432e-01 4.951224532730792438e-01 5.067781994229567655e-01 4.983389807360884549e-01 4.886946161407998424e-01 4.953747423315100762e-01 4.954413347837248183e-01 4.960652432248762733e-01 4.936290014488106670e-01 5.003605652400876513e-01 5.118370376395084964e-01 4.949582961202879106e-01 4.826975679326950264e-01 4.868682352870163932e-01 4.919796206297089025e-01 4.856522831596088441e-01 5.003533602018469528e-01 4.958685034335962305e-01 4.981482566388796829e-01 4.883284048255722709e-01 5.058399562103822467e-01
4.120764801186285048e-02 1.357578028196065045e-01 2.398562850890143539e-01 3.576150450446976548e-01 2.587433725957357100e-01 1.000000000000000000e+00 4.981546016699024415e-01 4.463842542093704457e-01 4.887258993779686755e-01 4.521840366130979172e-01 5.001079852430609929e-01 5.085811883075653794e-01 4.645752977719674881e-01 3.566142254983487025e-01 5.279511023769930533e-01 5.064414248189745837e-01 4.613120996714677458e-01 4.778805421340264759e-01 4.919846781574287453e-01 4.518556713857840856e-01 4.563486969296752238e-01 5.109845852938288413e-01 4.939444495126897317e-01 4.727779266245590861e-01 4.694100607693021954e-01 5.053739755540113121e-01 5.195706950811448399e-01 5.113841077871005281e-01 4.630258612482393010e-01 5.043800044626198797e-01 5.327527986065739851e-01 5.177962009383786368e-01 4.888943212253738513e-01 5.194233740220761675e-01 5.141423030226435209e-01 5.064924373314725337e-01 5.294260719884400501e-01 5.204440264215857148e-01 5.383562155980150532e-01 5.269853836455747897e-01 5.330584141216512251e-01 5.330312913709925882e-01 5.145728786026835255e-01 5.398186182049345971e-01 5.263311689614452726e-01 5.358615984202331761e-01 5.348150135249757353e-01 5.348640212942241678e-01 5.312650744433391470e-01 5.183914459546202780e-01 5.314819965436049509e-01 5.063335601563799804e-01 5.311197865180693478e-01 5.348095269284711684e-01 5.270026716429662139e-01 5.379416998485720969e-01 5.326216634241612846e-01 5.311608193591830229e-01 5.337945572007545270e-01 5.347481986351366734e-01 5.330412962967746582e-01 5.317279701132460179e-01 5.274184085316113713e-01 5.367346248239763806e-01 5.319261633370598874e-01 5.365197544201155688e-01 5.412563932111773557e-01 5.416374541458472969e-01 5.429271324179454350e-01 5.346891845202765836e-01 5.448883146096378249e-01 5.417931495747627668e-01 5.368842776053238675e-01 5.402493173082365541e-01 5.411584032084281182e-01 5.444022035058259101e-01 5.414738276412980333e-01 5.305483131582560130e-01 5.403258773622902078e-01 5.373229230510071508e-01 5.511541695934404350e-01 5.399698555294828450e-01 5.480313862657490986e-01 5.443809890400497231e-01 5.338819582666094465e-01 5.422042742585043706e-01 5.460465236569392866e-01 5.409534252152018441e-01 5.477411747005962450e-01 5.430219919863837896e-01 5.462626958868612714e-01 5.420525094798905874e-01 5.411687456053753120e-01 5.442069911614444422e-01 5.380024663081717229e-01 5.412205763697456318e-01 5.290686902116213952e-01 5.335296136444640513e-01 5.380695838021564148e-01 5.374430890537309491e-01 5.366828606659762579e-01 5.388958410299927726e-01 5.333860746407532716e-01 5.410730664650574839e-01 5.387715642280307415e-01 5.381189184685629678e-01 5.385173525463491373e-01 5.422618127361918949e-01 5.434488681546518762e-01 5.395340763337269641e-01 5.424017343710996197e-01 5.383655743183245468e-01 5.398294522597190115e-01 5.412097831830966488e-01 5.365216947923334700e-01 5.374058279425132367e-01
3.231214370885535092e-02 1.752975734543455177e-01 3.446413607579198457e-01 5.426751912643351661e-01 4.311315502012377232e-01 4.981546016699024415e-01 1.000000000000000000e+00 6.844028276988809445e-01 7.089221832837431236e-01 6.854782601543525367e-01 7.353217882367176772e-01 7.720874351161670646e-01 6.955190968878186553e-01 5.652156668304486598e-01 8.229916705507283048e-01 7.708073312575647318e-01 6.993875094600316977e-01 7.015253310387185026e-01 6.979216515523835040e-01 6.516167274644441010e-01 6.735460233862962109e-01 7.225822637915905178e-01 7.067624687686160367e-01 6.784726564525295212e-01 6.508023532609857886e-01 7.510555553918556448e-01 7.674437824790674156e-01 7.680215689045502003e-01 7.058133226760540113e-01 7.309651715990090892e-01 7.782196641657567193e-01 7.808352699715602752e-01 7.377040788684903205e-01 7.694652783215535363e-01 7.487600268846978935e-01 7.561769422201910507e-01 7.561171461763721569e-01 7.962123499957620698e-01 8.059851920114731172e-01 7.938058029895985745e-01 7.908606507111650696e-01 8.021889690453674060e-01 7.753612875429597429e-01 8.019968369006310605e-01 7.877134600989184054e-01 8.015111318004615182e-01 7.904865244451414474e-01 7.910958180820260033e-01 7.870755692859181529e-01 7.691518640510660587e-01 7.955633307898262174e-01 7.537396539369574100e-01 7.827395588440826391e-01 7.856331087315868711e-01 7.819808823404799103e-01 7.924353429507767776e-01 7.733071062105388860e-01 7.885919944515136226e-01 7.857482664618724577e-01 7.924015071949610522e-01 7.893004996336926427e-01 7.850910412838754127e-01 7.748900475473683436e-01 7.862679816138321565e-01 7.793834579493919001e-01 7.853155923530217297e-01 7.966839378887430323e-01 7.913755221409557450e-01 7.912730073270597408e-01 7.860144710745514685e-01 7.964990199533485971e-01 7.964657384839631815e-01 7.820958168084484186e-01 7.793138598004227813e-01 7.981379827411272387e-01 8.000470899940099745e-01 8.011328681247701367e-01 7.825828050643709455e-01 7.941043608903136652e-01 7.825677442023202257e-01 7.961530446571674080e-01 7.950934018685750226e-01 8.002712766069864925e-01 7.954187763954726487e-01 7.943766219181004340e-01 7.966230611129708761e-01 7.990604515703348953e-01 8.077782588094887251e-01 8.065282740378191262e-01 7.970677975389200975e-01 8.043972316858992722e-01 8.039176326736198197e-01 7.990075892614246778e-01 8.068687936281231377e-01 7.928153465857239457e-01 7.947941921710757196e-01 7.863163161400816836e-01 7.877239214266464895e-01 7.940899814885217234e-01 7.972983951063177255e-01 7.956232747905942482e-01 7.939148928625786583e-01 7.929704110026867259e-01 7.966381523030600098e-01 7.945414981669068899e-01 7.876575369227711843e-01 7.936472383736717928e-01 7.955975799647291291e-01 7.979485001640724828e-01 7.951131404223641397e-01 7.968158406948337991e-01 7.934698092608309938e-01 7.934370569187287892e-01 7.963219593689250253e-01 7.877284183561595876e-01 7.892589379410938077e-01
6.541803652429230287e-02 1.224391909519021299e-01 3.394387461959380015e-01 5.321257425290142340e-01 4.822759707467052515e-01 4.463842542093704457e-01 6.844028276988809445e-01 1.000000000000000000e+00 7.056550303744458796e-01 6.419592944630027054e-01 7.092452277777154812e-01 7.605322154138833834e-01 7.011346415035519808e-01 5.463581403691774030e-01 7.514193510533153653e-01 7.872894318541647785e-01 6.836400625991878588e-01 6.665755859650474013e-01 6.498902589658513973e-01 6.354420071355013633e-01 6.635599013050746953e-01 6.860725550603963274e-01 6.484529158295926354e-01 6.262616643545696471e-01 5.973049386549902362e-01 7.080246370514741150e-01 7.211611789382746940e-01 6.767941354633438822e-01 6.288634993750049640e-01 6.613187070709780624e-01 7.213065435021946969e-01 7.399358953342307643e-01 6.717508116433982268e-01 7.275568744430996881e-01 6.970387944958390536e-01 7.258095059529803272e-01 7.002168678105246125e-01 7.293986071296606477e-01 7.532078386878533482e-01 7.302531587695614279e-01 7.544326599646230536e-01 7.556166508532984327e-01 7.657109049021131320e-01 7.696707965761221404e-01 7.491091001197535126e-01 7.469609269871816393e-01 7.726209823734832005e-01 7.693236668850551574e-01 7.652329218393645327e-01 7.472920069406989718e-01 7.693638937400287814e-01 7.356888917421912089e-01 7.667632125773240492e-01 7.710225222416829949e-01 7.595340219489191691e-01 7.533186149035069334e-01 7.746817807599130079e-01 7.747447946912631167e-01 7.609094972851855321e-01 7.852028878985112259e-01 7.786480634820622804e-01 7.772814411810123891e-01 7.688972893026183586e-01 7.776977497798706063e-01 7.717854124589920151e-01 7.830532234944350689e-01 7.700268856266596629e-01 7.666668759998118698e-01 7.609711978021118650e-01 7.675588384829030719e-01 7.711201511769353312e-01 7.642285203213572409e-01 7.569332605983745133e-01 7.390713246374590595e-01 7.688293636998450031e-01 7.623742583893643454e-01 7.477045100248649323e-01 7.426898651355742231e-01 7.490996601216115547e-01 7.470786691578508165e-01 7.543862605404652033e-01 7.596620529835012015e-01 7.702053144967432319e-01 7.646079127497619199e-01 7.715993186787799551e-01 7.662958948457272434e-01 7.598216810603020122e-01 7.694570481850055987e-01 7.693432280656865574e-01 7.693454290747260282e-01 7.568485815163354946e-01 7.722815933103220898e-01 7.672523970260913817e-01 7.713196829502492191e-01 7.749903268843588711e-01 7.749498842232984686e-01 7.765638499447190535e-01 7.828836632082291080e-01 7.868452318621127484e-01 7.787454913334223017e-01 7.832031405263707446e-01 7.849944346514903248e-01 7.789707247260304612e-01 7.837149431199533778e-01 7.804413460596618668e-01 7.882739065162119863e-01 7.795394656024162705e-01 7.719983327891374314e-01 7.736559150076192104e-01 7.820038844741581396e-01 7.812220298890728554e-01 7.832557713446123282e-01 7.845956917864252977e-01 7.834287842919939182e-01 7.754489727693886225e-01 7.821593892569660422e-01
1.293828065273339434e-01 1.900614368496786333e-01 3.627538175652439412e-01 5.372409111189263564e-01 4.355144179155708839e-01 4.887258993779686755e-01 7.089221832837431236e-01 7.056550303744458796e-01 1.000000000000000000e+00 7.519667325649366241e-01 8.052194905449523432e-01 8.221802835693167166e-01 7.790935955680952096e-01 5.997605125581898511e-01 8.375559269827599351e-01 8.327655459142625505e-01 7.937372069781812867e-01 7.466393342298534019e-01 7.540809676503860137e-01 6.842840639366586375e-01 6.773444306296604323e-01 7.767248111487956574e-01 7.487984387759579752e-01 7.010557551079791283e-01 7.013004256501266243e-01 8.152162487777756539e-01 8.266939724917643506e-01 7.774817656904702279e-01 7.612387371387553392e-01 7.924474637845316805e-01 8.440725522793165458e-01 8.315121050841618455e-01 7.587801454841905935e-01 7.982287999455071059e-01 7.920997882193679951e-01 8.025267192866418764e-01 8.054595043679890765e-01 8.323254207971209073e-01 8.458225295549772760e-01 8.158591391944182147e-01 8.571861746223902179e-01 8.537561070466490598e-01 8.273732420468534743e-01 8.620726994424325884e-01 8.397377402340485686e-01 8.476953675259504273e-01 8.725897557670104776e-01 8.772963151238589719e-01 8.674735036131947519e-01 8.366076041333259106e-01 8.664450979972060374e-01 8.227826265414358575e-01 8.507005737968319492e-01 8.764077243445522747e-01 8.559773770375982416e-01 8.594989032856746869e-01 8.633247549695893808e-01 8.682311168287534242e-01 8.637720813847609147e-01 8.805068504296366116e-01 8.683049830656014434e-01 8.704348268801829214e-01 8.578140870186098388e-01 8.776755628780467111e-01 8.813078507060811972e-01 8.744250232866020989e-01 8.783333700251401144e-01 8.663205930660443643e-01 8.593416091355179365e-01 8.541686414170570618e-01 8.617834058106216277e-01 8.687050691036963812e-01 8.419518350571816301e-01 8.442026882485530459e-01 8.737524879242952736e-01 8.688219351761183873e-01 8.547823208609873769e-01 8.601080119397651602e-01 8.586785594971960700e-01 8.658690601386577201e-01 8.619046180095292220e-01 8.747876950299194876e-01 8.671083216086373779e-01 8.678775851727836832e-01 8.610739974137107122e-01 8.551206363162510149e-01 8.570257047575751130e-01 8.684010566767191852e-01 8.687630459936769300e-01 8.653632021286730147e-01 8.492772330856951379e-01 8.687286180590277906e-01 8.671358339488188793e-01 8.690561984024315345e-01 8.773358537933766410e-01 8.800518467368559916e-01 8.545502934038263776e-01 8.689954132155719435e-01 8.707680015000650586e-01 8.742338641973702584e-01 8.629923108893647887e-01 8.727264319736226517e-01 8.706210248931390838e-01 8.737094794095945360e-01 8.711135631272045599e-01 8.710665616180249815e-01 8.795298043281657430e-01 8.798484133760899883e-01 8.742996666320584920e-01 8.777655311533314464e-01 8.730791822389000201e-01 8.794711950902007747e-01 8.773879935550799036e-01 8.794319733904893965e-01 8.828191321480319820e-01 8.782896165578654157e-01
4.876318143200153443e-02 1.983697505405554173e-01 3.284999408889078820e-01 5.000539524818724546e-01 4.025242001697026395e-01 4.521840366130979172e-01 6.854782601543525367e-01 6.419592944630027054e-01 7.519667325649366241e-01 1.000000000000000000e+00 7.592337965888996676e-01 7.742544924111605109e-01 7.256595477208721556e-01 5.650999089761608030e-01 7.935404181854868177e-01 7.816891792696941677e-01 7.398027121455679200e-01 7.149776620543353278e-01 7.095016312105740797e-01 6.566670517998047796e-01 6.207563720476575453e-01 7.267112436688911714e-01 7.237059827639907850e-01 6.800386490117865668e-01 6.677396700394844231e-01 7.722965304650442064e-01 7.806939824907753733e-01 7.523211973035589528e-01 7.361607690456098974e-01 7.626090049152193240e-01 8.084909891668951021e-01 7.987036630821151562e-01 7.397005100275694245e-01 7.686510887473231302e-01 7.537777817090020038e-01 7.517432048034520253e-01 7.557911850387323272e-01 7.954837986023999274e-01 8.114990606319855138e-01 7.765696685438446822e-01 8.112291942652938292e-01 8.086929153649915492e-01 7.743646077507371217e-01 8.116633857827141307e-01 7.903909156932552582e-01 8.096147555275928775e-01 8.195185975333991735e-01 8.260645235240836604e-01 8.127459519032496083e-01 7.813378314995447216e-01 8.128117047380498672e-01 7.504876711223034125e-01 7.906852551934095974e-01 8.261906773926073200e-01 8.083945986701340791e-01 8.085837630551613309e-01 7.970016668433381746e-01 8.103413796834858518e-01 8.170831573337429266e-01 8.147732707027112165e-01 8.137686053684918264e-01 8.124708512826384066e-01 8.024538298112439128e-01 8.180682974409555497e-01 8.101156015073994743e-01 8.088031953572959454e-01 8.274401711951853144e-01 8.183860951931990479e-01 8.186363317858526001e-01 8.060375089477370691e-01 8.101581114285072438e-01 8.207955464831728776e-01 7.982622390721968442e-01 7.999687052168196200e-01 8.246547603951286387e-01 8.247814903661245811e-01 8.184703280967109418e-01 8.172516106412297532e-01 8.246857228796414807e-01 8.207997951001883008e-01 8.179493683750986843e-01 8.290005126885393594e-01 8.171681423477167305e-01 8.214335926723173031e-01 8.114365593707569824e-01 8.101741732685859843e-01 8.106609256831361909e-01 8.235919591310600918e-01 8.237684799545047509e-01 8.140001476577383155e-01 8.074606347215314006e-01 8.206610631757953467e-01 8.174084751271070148e-01 8.226658689456827211e-01 8.255114159685302822e-01 8.271754201126017003e-01 7.955576950435799821e-01 8.112536430495401740e-01 8.181129586426404421e-01 8.198417191795872583e-01 8.067538456071368103e-01 8.170311965848811031e-01 8.170566003173628244e-01 8.180359615184923383e-01 8.117668635912577146e-01 8.102704436221752626e-01 8.256711733628344652e-01 8.265460335975867157e-01 8.217275078565449142e-01 8.215306495635192885e-01 8.192003168862205253e-01 8.227404695288539349e-01 8.205269080852737318e-01 8.221711994816512936e-01 8.218940701061779874e-01 8.181654052548971157e-01
1.719001341731351759e-02 1.723967307668321791e-01 3.949233175647257066e-01 6.063085005261177329e-01 4.516727832134715404e-01 5.001079852430609929e-01 7.353217882367176772e-01 7.092452277777154812e-01 8.052194905449523432e-01 7.592337965888996676e-01 1.000000000000000000e+00 8.693075089391059107e-01 7.837316854288728374e-01 6.208864447536568409e-01 8.668305330808466769e-01 8.570106484068750197e-01 8.002839608230067903e-01 7.911768305601868390e-01 7.976636431098959035e-01 7.537539127948195139e-01 7.475770852737524397e-01 8.206316903328372270e-01 7.931887078395346569e-01 7.746816080400911186e-01 7.569486619920220427e-01 8.381326581049685087e-01 8.556413145108137108e-01 8.367779681884645049e-01 7.824281018559041678e-01 8.203428894520811143e-01 8.835969710577709080e-01 8.725516108954025629e-01 8.081194226703127814e-01 8.562298090779095761e-01 8.321471975985982317e-01 8.514148236972904904e-01 8.550231185161857317e-01 8.702754253690500041e-01 8.826305629336612668e-01 8.767309679190616878e-01 8.907057312806325733e-01 8.908034379635993982e-01 8.739548523800177993e-01 8.983403718269643567e-01 8.912292196567663805e-01 8.860504909446768051e-01 8.962383057711655887e-01 8.993828630036548866e-01 8.954450234434528921e-01 8.753395714220659762e-01 8.976531908091018863e-01 8.648099673086485639e-01 8.891607793766475032e-01 8.898464744389734671e-01 8.866288887639667271e-01 8.960500523482073376e-01 8.860248942024095964e-01 8.929680358269591611e-01 8.910910061042777164e-01 8.953899699098685216e-01 8.976793903763067295e-01 8.906957406274563782e-01 8.865330917235337838e-01 8.943969410798204844e-01 8.866001044751573579e-01 8.916567093476412964e-01 9.034719554716622580e-01 9.004292658577410791e-01 8.982093415083701737e-01 8.977126562533708221e-01 9.039900361340564849e-01 9.022452488668621928e-01 8.899056418066443319e-01 8.938175722407905033e-01 9.040787946431974031e-01 9.017236929988076133e-01 8.960030394829332501e-01 8.849411219298624065e-01 8.951444838136979332e-01 8.931037359715898738e-01 9.015598175224325272e-01 9.017620380673894154e-01 9.064327875169595483e-01 8.950508161864495493e-01 8.954214527822855763e-01 8.983581144513781425e-01 9.035343200656957841e-01 9.016161487172488220e-01 9.057542200764558959e-01 9.038029202145941854e-01 9.028331182292606005e-01 9.054351291097390009e-01 9.069029788996576524e-01 9.058115216337786491e-01 9.028415338750273023e-01 9.046502175925670297e-01 8.966641721033490331e-01 8.934530682752404029e-01 9.023351729450779235e-01 9.037751977653671887e-01 9.040904778502295569e-01 9.022175343790599378e-01 9.035784814767082729e-01 9.045670682643381921e-01 9.041879546845889015e-01 8.944154507145134492e-01 9.027123020238463358e-01 9.046017746203225407e-01 9.069577506920355470e-01 8.996993087091131880e-01 9.025343973638262351e-01 9.012010237479276542e-01 9.017688488622238596e-01 9.044968923306010433e-01 8.992732095954144578e-01 8.990726228720155033e-01
1.857236537979556693e-02 1.367157728658701943e-01 3.929951032038276892e-01 6.345897225879989501e-01 4.855334313672483026e-01 5.085811883075653794e-01 7.720874351161670646e-01 7.605322154138833834e-01 8.221802835693167166e-01 7.742544924111605109e-01 8.693075089391059107e-01 1.000000000000000000e+00 8.245712700350984470e-01 6.463802950461106089e-01 8.986307094874133039e-01 8.992450893860310934e-01 8.265900784370474597e-01 8.035525215455119330e-01 7.929799476646870460e-01 7.827694503733980680e-01 7.948208158635401421e-01 8.301843238300116168e-01 7.841611860073995910e-01 7.749138335425679314e-01 7.381188134765509501e-01 8.379764154555567890e-01 8.713135808986847142e-01 8.336398879320128241e-01 7.704957942241894564e-01 8.049911832759242269e-01 8.830046610944257690e-01 8.936947105780560507e-01 8.087242716548306287e-01 8.740283773864089278e-01 8.321156954144799389e-01 8.823150943333567531e-01 8.631003073125952385e-01 8.935500228364371411e-01 9.061343606586615973e-01 8.978443154442863339e-01 9.187306771333835220e-01 9.191537245976094672e-01 9.068744092189349182e-01 9.316299759588164697e-01 9.163693150261547071e-01 9.098335889164282930e-01 9.323234165567289011e-01 9.327160846726070265e-01 9.280750628037043315e-01 9.043191336945066716e-01 9.320653620755819935e-01 8.990955244531155799e-01 9.246458209642737236e-01 9.183385104471624150e-01 9.098917715044386734e-01 9.125730381916598022e-01 9.225405190065997241e-01 9.300493337959697682e-01 9.248747873659927121e-01 9.360360032684760245e-01 9.343355101987296241e-01 9.280743717827553141e-01 9.201299866736805111e-01 9.299951845732473688e-01 9.228105772094988835e-01 9.299885972088652863e-01 9.346366160173694704e-01 9.251639238530051657e-01 9.190041079886049902e-01 9.348070107595056744e-01 9.325928743368824270e-01 9.236149263238527807e-01 9.179101346564636499e-01 9.104717856608723903e-01 9.281172283864816963e-01 9.243315763857450351e-01 9.102443542763798412e-01 8.990944022027034244e-01 9.124631792388142593e-01 9.058323045657288297e-01 9.193971102134602669e-01 9.226758245637349809e-01 9.349734478161713103e-01 9.163124238799321697e-01 9.255592608897015294e-01 9.287643266425044120e-01 9.306240229555500232e-01 9.312572126718353660e-01 9.330076355412223466e-01 9.333368260763932334e-01 9.254248370668751722e-01 9.364660660394118485e-01 9.370629604841269611e-01 9.351000924495197486e-01 9.370092516224454160e-01 9.370351836866026574e-01 9.344646905476248211e-01 9.312424492191281322e-01 9.385516991764289996e-01 9.395933243427111448e-01 9.387394056608070469e-01 9.397539787753933505e-01 9.389716619377355133e-01 9.418387755010479978e-01 9.385645677709313350e-01 9.331765927964514873e-01 9.372974503905699972e-01 9.311385097326612126e-01 9.364936340944965965e-01 9.372627505535813253e-01 9.388104747665896310e-01 9.398558643932256595e-01 9.394142464791083169e-01 9.410843407652502712e-01 9.343002963436475294e-01 9.375931864786908321e-01
6.405464967448452895e-02 1.467231085125736412e-01 3.405038477759277371e-01 5.681365079828533116e-01 4.826306065900995979e-01 4.645752977719674881e-01 6.955190968878186553e-01 7.011346415035519808e-01 7.790935955680952096e-01 7.256595477208721556e-01 7.837316854288728374e-01 8.245712700350984470e-01 1.000000000000000000e+00 5.929250531521890188e-01 8.290701210696096446e-01 8.415555566034540469e-01 7.600144306638166869e-01 7.371734347227861806e-01 7.263943679972518774e-01 7.086840290742334458e-01 6.905590304324497053e-01 7.447739010255768344e-01 7.312772008589462081e-01 6.983460265025656089e-01 6.741279055182193281e-01 7.895812175404726130e-01 8.019604567120061089e-01 7.589997911071182379e-01 7.221363161114073836e-01 7.536806028745609565e-01 8.164406076769803455e-01 8.207347837286065317e-01 7.324032934743341938e-01 7.976789342372289093e-01 7.701685675027577505e-01 7.962929297640332083e-01 7.861645249263402579e-01 8.116508884554467507e-01 8.361183391647349916e-01 8.071997391163849844e-01 8.462576737283933337e-01 8.415752773496569805e-01 8.391872551632847399e-01 8.589642023781185465e-01 8.363400385760187961e-01 8.353781387853906892e-01 8.582339281781626861e-01 8.592182645699527610e-01 8.447746234841116975e-01 8.143662041425576703e-01 8.465943026893255619e-01 8.110139088918077999e-01 8.452407820241493175e-01 8.548518028479729081e-01 8.380750732680687376e-01 8.382374682196065407e-01 8.450717008701573718e-01 8.560954974464312084e-01 8.444080976317455134e-01 8.680062310724748764e-01 8.549588778495927910e-01 8.573732230706825330e-01 8.423078027171068127e-01 8.618456680340799148e-01 8.545896185223620378e-01 8.638460654989720267e-01 8.607755560694002606e-01 8.505661901250901602e-01 8.466984349132886667e-01 8.549570765812944950e-01 8.493923636578939451e-01 8.482983435276030271e-01 8.383879460478061985e-01 8.308758845693348105e-01 8.564172436516962472e-01 8.512992815658738666e-01 8.383477667494286800e-01 8.323275163502439344e-01 8.418326888278298004e-01 8.397059635453311133e-01 8.445880069723128436e-01 8.544445910408304812e-01 8.550247281487716178e-01 8.459695839735047462e-01 8.431494865684127094e-01 8.471038222260894868e-01 8.489655947921767032e-01 8.528634074049278313e-01 8.557678123629920419e-01 8.544779596902009056e-01 8.379234584227261973e-01 8.567987735251619830e-01 8.547262390787654374e-01 8.562483500657395163e-01 8.607432066229235845e-01 8.621643614491588670e-01 8.391623112018273822e-01 8.518876307184235497e-01 8.591176768570651934e-01 8.546501800443967456e-01 8.556519530046051702e-01 8.568400156543576340e-01 8.633524939378154350e-01 8.627812993202560454e-01 8.609927687053942069e-01 8.584268395008188834e-01 8.610573338273023181e-01 8.612069003550197888e-01 8.583465769467658601e-01 8.613560402195157284e-01 8.562718468386469883e-01 8.668196648397499260e-01 8.636251971856923060e-01 8.638754365054390760e-01 8.604866536179782699e-01 8.664462587204636579e-01
