1.000000000000000000e+00 2.156997979243139296e-01 1.722809742530513333e-01 5.909183983001514966e-04 7.554686774004737426e-02 1.061595834130663919e-02 6.487802217874820421e-02 -1.146283493595356254e-05 2.406210871813012353e-01 1.272389844193304309e-01 8.934253128682045908e-02 -3.032683538358495884e-02 3.386909222620924313e-03 -1.124143165755121278e-02 1.685026188834286287e-02 2.197766899955046552e-02 1.164838878821351925e-01 2.897232032105517274e-01 2.250085599087607025e-01 1.611434578454651045e-01 1.868616632359211827e-01 2.096843503924417373e-01 1.537659068183798161e-01 1.666142769802517742e-01 2.059321447816195583e-01 1.799129559901277153e-01 1.630567495712174075e-01 1.224655575765215970e-01 2.131267088931014797e-01 1.996960913223805312e-01 1.701398147161734820e-01 8.801168137019936555e-02 1.173050601170299301e-01 6.902196471213446760e-02 1.307906207691876821e-01 3.853162544462374051e-02 9.615895554809779366e-02 4.919987698482502364e-02 6.978331739230891895e-02 -2.261405858809743558e-03 3.075085310469039337e-02 1.685844345598256494e-02 2.496289551090501851e-02 4.359665399352029985e-02 4.904773629695114573e-02 5.390117650064973898e-02 1.549752157773563212e-02 4.927311358221490162e-02 2.731577114933090092e-02 3.430068844592861019e-03 1.351871735664575760e-02 -3.054469545459275056e-04 5.311660255106350620e-02 9.190299922270572797e-02 7.601865234409263539e-02 4.401588465922587345e-02 5.674571233206084087e-02 3.447058127977593867e-02 3.855716678349672272e-02 8.513957243509318040e-02 3.683269111351579472e-02 5.831158998697517221e-02 5.238286039311245562e-02 3.755508254243832694e-02 7.568167663895331021e-02 5.686659796480525442e-02 4.692241716652772315e-02 8.032112911195930793e-02 7.167556962924055697e-02 9.443578741199037951e-02 7.427684413749539860e-02 7.890438793977908039e-02 7.218947755590969517e-02 8.208158515240611408e-02 6.263889844826082964e-02 7.868533202576413754e-02 5.310466554981466136e-02 1.009300932324888600e-01 5.552606998608411448e-02 8.442646138602351302e-02 7.150879981828341114e-02 7.988412612485827624e-02 4.801241390920818475e-02 6.768811823260949267e-02 1.509023927586828706e-03 3.058754117643519566e-02 3.908106540113038402e-02 1.379810473783834798e-02 2.787934134263285457e-02 4.509003247433927830e-02 1.548557820141529227e-02 1.631040778753963666e-02 2.370363280768222544e-02 2.023026861559428305e-02 1.495236277717501734e-02 2.656057627314510963e-02 -2.679404396260549881e-02 6.288075870136227569e-03 3.826498710610460024e-03 -8.156896271025039502e-03 -4.659188413499832336e-03 3.486623098036073943e-03 9.778757030803065728e-03 7.263338976659786724e-04 2.488172618977839228e-04 3.353075921992972053e-02 1.848543928029457856e-02 3.615107974680450975e-02 3.992559868864543893e-02 2.488301662109234161e-02 1.125871557476177016e-02 3.288651555224506723e-02 1.174488737845788555e-02 7.730175621754646620e-03 3.629972132680332059e-02 2.197990183656448049e-02
2.156997979243139296e-01 1.000000000000000000e+00 8.078865207508688362e-02 1.978376541169758751e-02 7.898364768228734178e-02 9.891606775114718253e-02 1.595303874985908588e-01 1.169754022174925162e-01 2.302455202003166890e-01 2.084334354491712282e-01 1.423552857811270222e-01 1.117992979853790619e-01 1.316360964566319347e-01 1.340681979781882527e-01 1.571993096396838152e-01 1.508745569846451084e-01 1.730728735885641578e-01 1.934026518639730408e-01 1.892992526571652956e-01 1.723745217008036401e-01 1.598708272985445988e-01 1.679813603693406376e-01 1.683187586843906958e-01 1.512398102473059835e-01 1.623387715392087260e-01 2.052409632632508085e-01 1.899885875535507751e-01 1.832614370342964816e-01 2.097948278143657030e-01 2.001700889679363382e-01 1.985796069997486368e-01 1.628617459638570797e-01 1.775065876389334274e-01 1.602207920390389950e-01 1.829144198062343241e-01 1.470295729944628982e-01 1.745621818630785083e-01 1.703119614388942660e-01 1.731609555933273648e-01 1.396315829314994372e-01 1.539180811417699135e-01 1.508629600745456378e-01 1.481394522875942865e-01 1.616418139266619647e-01 1.582684213882880886e-01 1.606466329956745265e-01 1.597616858616310032e-01 1.684106471454757392e-01 1.624097412776476790e-01 1.424132075469533854e-01 1.579586449972046336e-01 1.065975955469031233e-01 1.544535402296857152e-01 1.872303129054337101e-01 1.816358222884188467e-01 1.712254850107653437e-01 1.627230926712875392e-01 1.632541087980306505e-01 1.733084254409336389e-01 1.807227448233048595e-01 1.632637737138636913e-01 1.751446917977105833e-01 1.763435770189938634e-01 1.669792168638549457e-01 1.670222239131635700e-01 1.678777741166791182e-01 1.645988314379609185e-01 1.706791857153201752e-01 1.742244891759403280e-01 1.861812268720511865e-01 1.644152346167121470e-01 1.671166490453204478e-01 1.674618356137940467e-01 1.645739138162639059e-01 1.770600307224896586e-01 1.730777246814333148e-01 1.626546099783489352e-01 1.866290124654551297e-01 1.711735869767433971e-01 1.794492954361838477e-01 1.746314434215534839e-01 1.762973613829388886e-01 1.664776045379905145e-01 1.710946266762843893e-01 1.460345149118305874e-01 1.567643236947695584e-01 1.569806118522113214e-01 1.568060333297887909e-01 1.586100960250678982e-01 1.738722341088283496e-01 1.515182026540351223e-01 1.553904520253845400e-01 1.563999765110952178e-01 1.576998975017462334e-01 1.583347861898004028e-01 1.613781891955515246e-01 1.313417703483193144e-01 1.350500528223078367e-01 1.516629543890381515e-01 1.478303933707959539e-01 1.453054730415264950e-01 1.510007094126687155e-01 1.447189283149747374e-01 1.459480483245574334e-01 1.353961752796771500e-01 1.563677385958893162e-01 1.548127015560171738e-01 1.672300050041723440e-01 1.718890759060368312e-01 1.620297608455055494e-01 1.617434449357044723e-01 1.619252433365117594e-01 1.550749653746196777e-01 1.490311912755900026e-01 1.602348934324843155e-01 1.540393873436339267e-01
1.722809742530513333e-01 8.078865207508688362e-02 1.000000000000000000e+00 3.206899912937757890e-01 1.922129665929365183e-01 2.207985387632351582e-01 3.313723730353104191e-01 3.057053463444112107e-01 3.635322865206834786e-01 3.177489192411872554e-01 3.882820463800135125e-01 3.765745906335793425e-01 3.246517244622595944e-01 3.138780152001226509e-01 3.699715810485584844e-01 3.690878258259341349e-01 3.771985699090110722e-01 4.123061076652063117e-01 4.187039371785752362e-01 3.079584104215713491e-01 4.017138789724346015e-01 4.187417262694824172e-01 4.081759843078098249e-01 4.093644714638612347e-01 4.161224548642933341e-01 4.093265487764649602e-01 4.157970012690191952e-01 3.983392296656560472e-01 4.101494567157953908e-01 4.109611328383955819e-01 4.197475195430326322e-01 4.297704716060430918e-01 4.183991017471604956e-01 4.007817147375336564e-01 4.026712609158030198e-01 4.008846317634816026e-01 4.184248550410287759e-01 3.919175821910712565e-01 3.971224499169027644e-01 3.926073923243655894e-01 3.859409832318542177e-01 3.804384044744801296e-01 3.895227710846955183e-01 3.980557828671937859e-01 4.079753925361248590e-01 3.809719244121121395e-01 3.769564334281603202e-01 3.844658662435627705e-01 3.822016548258521662e-01 3.710264900884944761e-01 3.836720451241470431e-01 3.870281214109907442e-01 3.881850110365547835e-01 3.836627210131440258e-01 3.784647192324055442e-01 3.773159861173929208e-01 3.832511965357518480e-01 3.803610657005280782e-01 3.770148448662207219e-01 3.862379096024102232e-01 3.819742136828643275e-01 3.823934853927831168e-01 3.752331487481218031e-01 3.901118022498220594e-01 3.905283180936246490e-01 3.859564786250543889e-01 3.832104347326699134e-01 4.064178493572551676e-01 4.085646703207125308e-01 3.989120694098479136e-01 4.133916119895557628e-01 4.069643361618921484e-01 4.080865253159319805e-01 4.070426393735264159e-01 3.922346265960235390e-01 4.004873200784784260e-01 3.926346881937480826e-01 3.970194828292216704e-01 3.958017100522362997e-01 3.958420727863901645e-01 3.952845668167794257e-01 3.914916871397102205e-01 3.946079833638772572e-01 3.965755267618724100e-01 3.870054032760258944e-01 3.902816938509630629e-01 3.972806235620634507e-01 3.835946096763922508e-01 3.866216406635176184e-01 3.825385390079696357e-01 3.869082953704599537e-01 3.814635078370899324e-01 3.897294871647863368e-01 3.816785395676072778e-01 3.751205733376565821e-01 3.765098819851166456e-01 3.740727012488808123e-01 3.730502700093765722e-01 3.760301150006709614e-01 3.791235030152828589e-01 3.763957454351909981e-01 3.791131886895182657e-01 3.768453601549287546e-01 3.778881732542412886e-01 3.841519328486622809e-01 3.788439395618204975e-01 3.771023792065709701e-01 3.806024303956638266e-01 3.791985334901515348e-01 3.797316170002537628e-01 3.772324181467582860e-01 3.808343089724048336e-01 3.764553372889121174e-01 3.767539219699869713e-01 3.821351710315923356e-01 3.783048518299652607e-01
5.909183983001514966e-04 1.978376541169758751e-02 3.206899912937757890e-01 1.000000000000000000e+00 3.470434541842947196e-01 3.702854543852702185e-01 5.531652959582626927e-01 5.486231322964749690e-01 4.405610752353981696e-01 4.314362915438098578e-01 5.348794797622411501e-01 6.358051214846091037e-01 5.320750052151776988e-01 4.931336868870759282e-01 5.698707109319011144e-01 5.693858852416057159e-01 4.928976393523999966e-01 4.021006836379097393e-01 4.357427133589240054e-01 4.827132173622435962e-01 4.889451691311998416e-01 4.443132939750544796e-01 5.079009614013101359e-01 4.988867249854768149e-01 4.828215915155381621e-01 5.061259680476302147e-01 5.164956219300715912e-01 4.963765513873284463e-01 4.776609433842612384e-01 5.024908253211008979e-01 5.108784567298191304e-01 5.447565444564242965e-01 5.190905082471042320e-01 5.442549425885719883e-01 5.278529329699377382e-01 5.812990008628222682e-01 5.506354638627594111e-01 5.468909552984826394e-01 5.527381403907707380e-01 5.546542392885791539e-01 5.488545902733120707e-01 5.436751183137312760e-01 5.911803794815818636e-01 5.682338695104590665e-01 5.674415558398679948e-01 5.376991921982279266e-01 5.469503061057594540e-01 5.482156243310004617e-01 5.712224764057163284e-01 5.847661052949248983e-01 5.733442030560979008e-01 6.134708693704468141e-01 5.832481736518677629e-01 5.490080929915374108e-01 5.463575882841672504e-01 5.463047567780446867e-01 5.904998757824927447e-01 5.529994611415559591e-01 5.556914010473971155e-01 5.575159147584858310e-01 5.763166365511628308e-01 5.653797988783645367e-01 5.608773109980537130e-01 5.790634207592177951e-01 5.433951204061568951e-01 5.872652377367635346e-01 5.441383730840082533e-01 5.294198812857141556e-01 5.535378952484915072e-01 5.716367516023470596e-01 5.471460813729754902e-01 5.362401246518808673e-01 5.487048032969075173e-01 5.568516145892057345e-01 5.446008354619140679e-01 5.397194436095151815e-01 5.440481342587848435e-01 5.248413086716069431e-01 5.452956571452537426e-01 5.346993567792791557e-01 5.461073099623955374e-01 5.320295431099046901e-01 5.589559350019824846e-01 5.540129587794209165e-01 5.696875646755246159e-01 5.602081617469096830e-01 5.643833008491034864e-01 5.537495773336126303e-01 5.529755946022401059e-01 5.500759421262535476e-01 5.534011418943998173e-01 5.531247680955589940e-01 5.587994999762946335e-01 5.467905735278947299e-01 5.538335591849493644e-01 5.510012417308003396e-01 5.853906564883128993e-01 5.944638798710886185e-01 5.730926104174346447e-01 5.769352016462508947e-01 5.720119612114180629e-01 5.770857139570263472e-01 5.690603695638717374e-01 5.664628423633609744e-01 5.800142896039316431e-01 5.795282654557409874e-01 5.645481614962496453e-01 5.479055275329099972e-01 5.493501543305276957e-01 5.563789568609230907e-01 5.620842142145001663e-01 5.589615984315556840e-01 5.635629996845243905e-01 5.670239996318363618e-01 5.493500149382384290e-01 5.656439699440565239e-01
7.554686774004737426e-02 7.898364768228734178e-02 1.922129665929365183e-01 3.470434541842947196e-01 1.000000000000000000e+00 2.762159009702753187e-01 4.878442910369442109e-01 4.489517276064055040e-01 4.301020360565772638e-01 4.205848695250277713e-01 4.476882358605990264e-01 4.675140872904537392e-01 4.927944380498904819e-01 4.280874897918608979e-01 4.921505696594930535e-01 4.947052143737015739e-01 4.391364872636572270e-01 3.575485675892438597e-01 3.970683612263476436e-01 3.669096908068995022e-01 3.726473638721609083e-01 3.899137787112668119e-01 4.177876136007820373e-01 3.878478340882651199e-01 3.921860048365993223e-01 4.647155628767492552e-01 4.578348148176449861e-01 4.630766551708495049e-01 4.592163104230336246e-01 4.599642659795119548e-01 4.616766208585489917e-01 4.451484261612765336e-01 4.458352398565454400e-01 4.420009750573091201e-01 4.575757412490540355e-01 4.434025699383559727e-01 4.527037829231588817e-01 4.798130562331623383e-01 4.752379276309514067e-01 4.580497587187311592e-01 4.831457103571012435e-01 4.745096627967481107e-01 4.822047760330009925e-01 4.835166450489183920e-01 4.744237354612168001e-01 4.773189943023812276e-01 4.794917531288038215e-01 4.825313661667541831e-01 4.779619808294676697e-01 4.603838250780827868e-01 4.796721085631341919e-01 4.601972820743206460e-01 4.870949160796882449e-01 4.897129617887693853e-01 4.846808845626038309e-01 4.803455925189428211e-01 4.770790998250128423e-01 4.897614859122214614e-01 4.815323951383940759e-01 4.961807880598377296e-01 4.890166949001113483e-01 4.873261380391793463e-01 4.894839179457415868e-01 4.799950149362094409e-01 4.690648107363102337e-01 4.924605450861941902e-01 4.775010549235224055e-01 4.649481632882904725e-01 4.680759560949838138e-01 4.814604377250076284e-01 4.636622663644744402e-01 4.709177056875591405e-01 4.643284666861922649e-01 4.723704507104836137e-01 4.829910199959545070e-01 4.794316856609321942e-01 4.780468811420834352e-01 4.796984970492289557e-01 4.794858389269400223e-01 4.720453572584650259e-01 4.739137241288892688e-01 4.761204392343038605e-01 4.754181690954559780e-01 4.794247089682399099e-01 4.670531939364547802e-01 4.710965073948215065e-01 4.734308099387097846e-01 4.808005071776809691e-01 4.727720727112753596e-01 4.814088512333759007e-01 4.722465190128284918e-01 4.816383430556211431e-01 4.790054966651468016e-01 4.750726088853493567e-01 4.806732954115798262e-01 4.805410091901307079e-01 4.805774390205878599e-01 4.771632830453089724e-01 4.817236585563674511e-01 4.802274106548826138e-01 4.814883499551004253e-01 4.839370655621701989e-01 4.793900169369524900e-01 4.849376579959343014e-01 4.752444530640558273e-01 4.878163111455305900e-01 4.802679306898976486e-01 4.816122424407618952e-01 4.832082673845632392e-01 4.837154801049385333e-01 4.851717195705966268e-01 4.869833466830407187e-01 4.856852213145336772e-01 4.801413618970316044e-01 4.744075363220660035e-01 4.836945031879599788e-01
1.061595834130663919e-02 9.891606775114718253e-02 2.207985387632351582e-01 3.702854543852702185e-01 2.762159009702753187e-01 1.000000000000000000e+00 5.120717950729076762e-01 4.638388860435787020e-01 4.831002293092480637e-01 4.636258796586908981e-01 5.187381106624732174e-01 5.544950471306157036e-01 5.090278390771142414e-01 5.088074503348438693e-01 5.699878312764415922e-01 5.488885828597297456e-01 5.149745090955565319e-01 4.078376284289619291e-01 4.609977073640569301e-01 3.740706789039376923e-01 4.433255746626084126e-01 4.638279507369226229e-01 4.678627671251565645e-01 4.670269047189731793e-01 4.823972090521532752e-01 5.289347603925461661e-01 5.286408124536506881e-01 5.375358185955795287e-01 5.097023888098998201e-01 5.151704232209864953e-01 5.448939975705101579e-01 5.315229640238596787e-01 5.334809047316138031e-01 5.443440871391043157e-01 5.326268518397969665e-01 5.400878374654392022e-01 5.430202791076950142e-01 5.761349569260846293e-01 5.790928892606602707e-01 5.602863843936291000e-01 5.806029881614572785e-01 5.811619163752083095e-01 5.673734253747995115e-01 5.853669010483003587e-01 5.772040749856685027e-01 5.805190229702619220e-01 5.874192507998290402e-01 5.871958391974103630e-01 5.857944224286434354e-01 5.610384311627478748e-01 5.793295054216096585e-01 5.696957201749445199e-01 5.772687979927531021e-01 5.775945893069588388e-01 5.726716199418282471e-01 5.733396381994465552e-01 5.689793795230527751e-01 5.840002234556211924e-01 5.832459661273001750e-01 5.851739471673802484e-01 5.847971740259724216e-01 5.833070298541076504e-01 5.746436483520680483e-01 5.851863476734538994e-01 5.791685067558838274e-01 5.850215623213228522e-01 5.880839607838104222e-01 5.781329744495850020e-01 5.753554061888269677e-01 5.689221066118218539e-01 5.801879088301675758e-01 5.765379205952657626e-01 5.727126872730927687e-01 5.802608365471932927e-01 5.837010224522897195e-01 5.836010178433055362e-01 5.852801933658616784e-01 5.735635837832163686e-01 5.840113306578903485e-01 5.797345348922371411e-01 5.798143571756722014e-01 5.817455260899305758e-01 5.849024537683054081e-01 5.807946679284803349e-01 5.838477023465924454e-01 5.848150571406329767e-01 5.855769742341560002e-01 5.888248307690808758e-01 5.881611840772448252e-01 5.822101836230689775e-01 5.845122965880816812e-01 5.911962881028446359e-01 5.899499888651955626e-01 5.900857065910292132e-01 5.898473423181643804e-01 5.931766275346140871e-01 5.834630925763345521e-01 5.800781219280096712e-01 5.920455967167013167e-01 5.934201803985469370e-01 5.914295856003201068e-01 5.925877240310607474e-01 5.907567489466167832e-01 5.928961846984486250e-01 5.898495824612345340e-01 5.869912795779811399e-01 5.933875138043648301e-01 5.908910546320743640e-01 5.891534029682882201e-01 5.921912705541518829e-01 5.927484571397445556e-01 5.912201976203612652e-01 5.924684066395785598e-01 5.931017709843355856e-01 5.894804259579388139e-01 5.912678120759896627e-01
6.487802217874820421e-02 1.595303874985908588e-01 3.313723730353104191e-01 5.531652959582626927e-01 4.878442910369442109e-01 5.120717950729076762e-01 1.000000000000000000e+00 7.205516533255964529e-01 7.129278194627157728e-01 6.987446743700843621e-01 7.422801905663271027e-01 7.908977888660438937e-01 7.350498701454686312e-01 7.172517083832576912e-01 8.461489613650007291e-01 8.094801808446225877e-01 7.394125520755575609e-01 6.215457896384473102e-01 6.885058070919013451e-01 5.555161229817063839e-01 6.480099131602975460e-01 6.831574461197561510e-01 7.066239266874145830e-01 6.748706800239313575e-01 6.888004392226049211e-01 7.753650878595810259e-01 7.636052977169736078e-01 7.804177596703845143e-01 7.571474668332667246e-01 7.614403454949242311e-01 7.785022816692513947e-01 7.652005241354876697e-01 7.642249132651705024e-01 7.671085028847572929e-01 7.718848462643358443e-01 7.700235460610396210e-01 7.769404839456848233e-01 8.183424861321642041e-01 8.166862579821744239e-01 7.958937591869609252e-01 8.037328593487168549e-01 8.086034356105585852e-01 8.165150315085359933e-01 8.219257075048974626e-01 8.086739072414013130e-01 8.158388107027844116e-01 8.117077040379329089e-01 8.145681369175803432e-01 8.171355421758198512e-01 7.926036195110727212e-01 8.161246397163917088e-01 7.901503781363112822e-01 8.092513875137915536e-01 8.160831941292273628e-01 8.069671891627101523e-01 8.132352655147440101e-01 8.061234693954942854e-01 8.152907722403367474e-01 8.167613964485396227e-01 8.204336424841153219e-01 8.226961419333628234e-01 8.209973570456400305e-01 8.160291866187857623e-01 8.219142750581328594e-01 8.061534747438729998e-01 8.224056425291799144e-01 8.117223807290624427e-01 8.012768795449385362e-01 8.032941130297068799e-01 7.961008067621759832e-01 8.038066519111128905e-01 8.057408371832660565e-01 7.951229908352120956e-01 8.074489882956095155e-01 8.179534435393968073e-01 8.141161743999715261e-01 8.173816542748233438e-01 8.095609300156851873e-01 8.126682694928660800e-01 8.001636202047053281e-01 8.098061498744499875e-01 8.061475826824791024e-01 8.176763928611059384e-01 8.148580182158904339e-01 8.066111919793444995e-01 8.100995516979105915e-01 8.125899696527165705e-01 8.212866535406927460e-01 8.154845568477082640e-01 8.177803576140507680e-01 8.136221024856266082e-01 8.176765305450028887e-01 8.151526067976556655e-01 8.165069271162801456e-01 8.127468791677396887e-01 8.146711776415609396e-01 8.101655003755154905e-01 8.053552836152246819e-01 8.161465342559731662e-01 8.179796166578358063e-01 8.190444200963299393e-01 8.190837019983997491e-01 8.124661827953585380e-01 8.176939505729007296e-01 8.103346529059998193e-01 8.160138786822779267e-01 8.150888288139453985e-01 8.151316149444802761e-01 8.177639166969609130e-01 8.172261244486862530e-01 8.210249005079778284e-01 8.160347783599765092e-01 8.181565426079496772e-01 8.153477595335475447e-01 8.074973499771079810e-01 8.142699158131819770e-01
-1.146283493595356254e-05 1.169754022174925162e-01 3.057053463444112107e-01 5.486231322964749690e-01 4.489517276064055040e-01 4.638388860435787020e-01 7.205516533255964529e-01 1.000000000000000000e+00 6.328640056489188703e-01 6.033302216335562074e-01 6.923465696695992877e-01 7.560981990182806811e-01 7.086692409625350297e-01 6.793831780721694136e-01 7.753718823907952418e-01 7.859089187368311080e-01 6.700140369787628281e-01 5.447427599652657770e-01 6.020457510803729484e-01 5.190931681636826722e-01 5.972565241679705927e-01 6.153657854046202802e-01 6.451394381766236696e-01 5.977549775727928338e-01 6.100805317365348701e-01 7.144173489600962323e-01 6.920349357010917579e-01 7.024528947109692778e-01 6.777216868136443084e-01 6.872669154162661664e-01 7.030134206129879937e-01 7.126271958645787885e-01 7.055259829373716762e-01 7.134550268545557516e-01 7.210758127964844721e-01 7.113142096195587127e-01 7.152351512842948233e-01 7.687290625601875815e-01 7.573252129861250959e-01 7.467843335361242785e-01 7.542565867772086374e-01 7.609161086776268235e-01 7.625809850784661670e-01 7.717964122430632790e-01 7.511181555866490722e-01 7.572703829312323887e-01 7.632433606058189879e-01 7.602782567792149004e-01 7.705473103593556417e-01 7.557639626247925069e-01 7.718987557441440162e-01 7.383970008924799489e-01 7.621570336950518332e-01 7.578867534936545303e-01 7.518734259002836096e-01 7.607250600997214063e-01 7.595892796992733675e-01 7.704373644532332976e-01 7.629903899938281775e-01 7.646610497661731065e-01 7.720196650029799157e-01 7.635034079239481075e-01 7.640052216347125169e-01 7.709128756866788779e-01 7.486120500799352540e-01 7.697841456100783519e-01 7.564567304727650709e-01 7.384623027759306124e-01 7.444232456088424321e-01 7.449219333249198494e-01 7.441233665419358934e-01 7.465310945246317331e-01 7.288155073838346043e-01 7.415750891633257069e-01 7.621496475424998085e-01 7.549781987697657959e-01 7.553635026135793185e-01 7.431156630648827477e-01 7.503339195861914446e-01 7.418414390684022752e-01 7.501520986800791491e-01 7.463537607078770675e-01 7.616979190417497714e-01 7.620202743865217565e-01 7.660420387682929100e-01 7.582575969201778010e-01 7.587395050372713889e-01 7.729352535559348425e-01 7.629740167167873288e-01 7.666557151983492968e-01 7.609539949278073534e-01 7.683441291324989431e-01 7.597793259724807680e-01 7.631372563053543390e-01 7.639151255606358992e-01 7.627434984335275114e-01 7.728624918078741413e-01 7.674667956951076730e-01 7.729117643979014352e-01 7.733426883966840748e-01 7.699351794640573177e-01 7.771114697528667126e-01 7.634303860631805883e-01 7.735896560202859540e-01 7.629353511416332445e-01 7.686872108196237674e-01 7.681223198206491576e-01 7.640088924566145190e-01 7.668133603353809447e-01 7.686544508704861167e-01 7.726519292611830902e-01 7.659272579683363835e-01 7.680717820832926312e-01 7.675356176414799281e-01 7.556037869222193004e-01 7.667717771759376966e-01
2.406210871813012353e-01 2.302455202003166890e-01 3.635322865206834786e-01 4.405610752353981696e-01 4.301020360565772638e-01 4.831002293092480637e-01 7.129278194627157728e-01 6.328640056489188703e-01 1.000000000000000000e+00 7.571135654603625698e-01 7.705908356346663490e-01 7.516823266707834961e-01 7.080233022286225308e-01 7.308176858623256500e-01 8.067114344972590168e-01 7.859565570840904014e-01 8.001195868830062174e-01 7.154244204099103888e-01 7.550560657335519954e-01 5.792126717369665556e-01 6.475660097224050782e-01 7.187850215581174096e-01 7.534464646418834732e-01 7.302124169631944994e-01 7.290478915898405132e-01 8.218193571440383094e-01 7.996030363768582561e-01 8.120959294875884638e-01 8.287908441555857930e-01 8.139444115846242722e-01 8.386855826996237884e-01 8.061322161325720215e-01 7.831183727685819829e-01 7.875945797660256487e-01 8.055683383348453130e-01 7.619149251299339731e-01 7.988635363053895322e-01 8.208787619698134641e-01 8.289524948477130506e-01 7.802390374061186629e-01 8.233937503346716591e-01 8.125934179644326294e-01 7.918079875446515370e-01 8.246614105676629558e-01 8.233033504392018864e-01 8.300647427263204703e-01 8.348203850227262635e-01 8.524495993771821212e-01 8.379908757278673459e-01 7.860329580578833131e-01 8.191002422186437482e-01 7.732493837296796624e-01 8.243102049804469367e-01 8.615731641528545648e-01 8.475218074907350241e-01 8.344891658262882927e-01 8.268377493515480792e-01 8.298553818366288803e-01 8.396761468412109464e-01 8.514264622690419504e-01 8.378370112176857232e-01 8.479198745182353614e-01 8.412398702909884562e-01 8.392841444261583961e-01 8.464389244973803406e-01 8.396093422519422811e-01 8.473675852906497052e-01 8.485618575408837572e-01 8.443058635864845174e-01 8.337729571551950603e-01 8.264007564787754223e-01 8.384944657475655871e-01 8.388879329694496345e-01 8.400364035808098873e-01 8.454269377800557317e-01 8.460561219617838136e-01 8.375738830698057358e-01 8.571034156135792781e-01 8.465499217073675364e-01 8.508697285561110935e-01 8.459340555536777329e-01 8.495320367651764126e-01 8.412582485807518218e-01 8.447615731996794830e-01 8.137309918696631339e-01 8.304332004925265576e-01 8.309359645455843824e-01 8.295074484442431784e-01 8.348949212102391160e-01 8.389125960238453805e-01 8.209557381369537721e-01 8.315317898841704247e-01 8.319228784802030763e-01 8.336391242015007697e-01 8.365070792222987217e-01 8.421045948881332732e-01 8.006142350440881295e-01 8.058265200503439418e-01 8.283637550200045885e-01 8.205396723672356840e-01 8.202314798411608487e-01 8.278914175829138467e-01 8.261029072573723431e-01 8.259280923557686949e-01 8.168541441685404081e-01 8.302387488310991603e-01 8.366797485675842028e-01 8.450344082980906224e-01 8.464892826361556377e-01 8.386124391148699342e-01 8.351381910840187661e-01 8.411393418126296151e-01 8.339783722967777368e-01 8.300747714583516235e-01 8.396289368328315739e-01 8.352659879067192428e-01
1.272389844193304309e-01 2.084334354491712282e-01 3.177489192411872554e-01 4.314362915438098578e-01 4.205848695250277713e-01 4.636258796586908981e-01 6.987446743700843621e-01 6.033302216335562074e-01 7.571135654603625698e-01 1.000000000000000000e+00 7.211378571976513330e-01 7.268566466852856012e-01 6.922194110146373536e-01 6.927006314103946183e-01 7.793793906925485793e-01 7.489397375959967462e-01 7.505025278892585305e-01 6.368601348183567934e-01 7.037645849629251549e-01 5.354165348299838589e-01 6.165240459212368851e-01 6.767763045468176974e-01 6.883992825880663746e-01 6.749402816578725650e-01 6.761380335632288796e-01 7.779583918619125127e-01 7.640211391604488922e-01 7.661742806730325039e-01 7.799904228452165800e-01 7.676723433471828173e-01 7.945793327843541087e-01 7.637596464539184726e-01 7.426061685233047438e-01 7.523306172201303932e-01 7.504414333835224271e-01 7.511421644737641401e-01 7.693741583310619303e-01 7.905030932102350416e-01 7.932932819698635951e-01 7.624462835913512482e-01 7.941814277577736725e-01 7.868762736291701199e-01 7.696284366706208635e-01 7.953059197239049638e-01 7.977247137879860395e-01 7.899872517644859204e-01 8.024533898395388443e-01 8.089622587525662212e-01 8.023385220605180335e-01 7.556706661422997184e-01 7.935107827647459589e-01 7.437298964356955366e-01 7.842474444222967689e-01 8.074341138544622876e-01 8.000684881559537720e-01 7.970748952143794641e-01 7.725454587627498260e-01 7.940757210934639154e-01 7.977760383871030925e-01 8.063759053736536675e-01 7.970087481073989677e-01 8.031648360596614911e-01 7.990261312386626180e-01 8.026483281109189072e-01 7.972541876644769765e-01 7.977657562691981008e-01 8.021260223840214199e-01 8.008437400458793265e-01 7.948822070350515245e-01 7.907566750302111869e-01 7.900838280258349888e-01 7.982282233268239713e-01 7.930291787503437329e-01 7.975984274978229482e-01 8.085895066292531075e-01 8.058031704756362101e-01 7.999845654213542101e-01 8.138863813990087070e-01 8.084431877753229800e-01 8.069727765233223327e-01 8.037550242385447241e-01 8.084301053822303684e-01 8.002400002467925377e-01 7.978279156329369792e-01 7.820112461528704317e-01 7.917705759171890234e-01 7.970197736607906869e-01 7.968062993384937842e-01 7.983074424065341734e-01 8.014253588296794684e-01 7.897743759567485977e-01 7.975932139824177813e-01 7.990443271229434874e-01 7.974291001087924213e-01 8.010101347564331231e-01 8.022425819228145016e-01 7.696503702079139364e-01 7.667095965427006554e-01 7.903374567058834010e-01 7.881174439840349377e-01 7.880888610790126592e-01 7.889292835813321858e-01 7.914978349541315072e-01 7.929511470256576100e-01 7.859553755172944411e-01 7.867628774699076954e-01 7.945222821717567996e-01 8.052326573632478945e-01 8.057674124845253250e-01 8.024867213771764707e-01 7.968706143308156298e-01 8.020369719288208410e-01 7.963839111367585488e-01 7.941596282431431231e-01 7.998305265811606057e-01 7.955959913516685855e-01
8.934253128682045908e-02 1.423552857811270222e-01 3.882820463800135125e-01 5.348794797622411501e-01 4.476882358605990264e-01 5.187381106624732174e-01 7.422801905663271027e-01 6.923465696695992877e-01 7.705908356346663490e-01 7.211378571976513330e-01 1.000000000000000000e+00 8.389054329217845440e-01 7.483311911284095119e-01 7.614556384989452642e-01 8.531745745004069015e-01 8.319281159205855758e-01 8.078277015330981303e-01 7.173858230210491405e-01 7.730869195695175833e-01 5.849552476871571205e-01 7.081460833435586633e-01 7.611943305042736529e-01 7.779690796898369731e-01 7.568614247073773837e-01 7.697303801403968526e-01 8.508154610596772027e-01 8.557983517791684092e-01 8.616910674050041186e-01 8.322786010165094117e-01 8.525102934269452870e-01 8.673402960832969910e-01 8.558867375139479483e-01 8.528379291731886802e-01 8.461391989450566253e-01 8.570062298371440290e-01 8.335328144675950846e-01 8.649591888517790261e-01 8.794657323133483473e-01 8.837599365450865552e-01 8.636978030755193547e-01 8.791199049190371317e-01 8.775448994075067954e-01 8.633198388082902186e-01 8.864300498386150640e-01 8.828099152873530864e-01 8.840793942607512168e-01 8.823338141276838575e-01 8.867584423801039284e-01 8.818003086367478538e-01 8.524164952614867730e-01 8.759384044934851454e-01 8.507143805675934090e-01 8.747928022790315561e-01 8.776671421308411825e-01 8.722395339414565907e-01 8.767190800841340170e-01 8.608286527559891876e-01 8.777536037552751136e-01 8.756933404895766992e-01 8.809970505591135925e-01 8.768131738282340937e-01 8.819811638878697346e-01 8.733326103219054559e-01 8.826890745294783125e-01 8.803204573014368206e-01 8.802376986433988471e-01 8.843469572342046447e-01 8.847389340001756697e-01 8.817033078745825092e-01 8.697191608476619873e-01 8.804185491048616141e-01 8.862083553388566681e-01 8.749981745463041305e-01 8.855855614901153583e-01 8.895484118154109998e-01 8.936625463079665987e-01 8.899375263789010004e-01 8.872373668915756184e-01 8.852137654699695490e-01 8.848963657223015700e-01 8.913945532123436211e-01 8.901267205410136052e-01 8.881798094853136094e-01 8.920704628038760298e-01 8.809488217618450800e-01 8.819644260397649926e-01 8.882745424834057602e-01 8.868952609146054655e-01 8.887075595151200380e-01 8.817658919519023586e-01 8.876947483029297148e-01 8.871205939632176296e-01 8.882130530775067534e-01 8.863054353254645745e-01 8.825018498907352127e-01 8.835815760740524105e-01 8.690891454943737715e-01 8.597573027874121365e-01 8.791190309353411614e-01 8.807606793884470431e-01 8.789530795526689921e-01 8.819048064749215321e-01 8.802155743634584306e-01 8.833266331169474794e-01 8.809495541554166476e-01 8.745576596501543065e-01 8.806172368220452906e-01 8.837505959584612825e-01 8.855801907741337464e-01 8.847853643980305716e-01 8.830342134557813694e-01 8.838048599973676867e-01 8.816743701467614214e-01 8.805774969695672194e-01 8.837158112548074707e-01 8.824730485516777412e-01
-3.032683538358495884e-02 1.117992979853790619e-01 3.765745906335793425e-01 6.358051214846091037e-01 4.675140872904537392e-01 5.544950471306157036e-01 7.908977888660438937e-01 7.560981990182806811e-01 7.516823266707834961e-01 7.268566466852856012e-01 8.389054329217845440e-01 1.000000000000000000e+00 8.110299904508295743e-01 8.084661192681436015e-01 9.046467414505150462e-01 8.869299220846235121e-01 8.162144645645779129e-01 6.507182901510455419e-01 7.266267461945522532e-01 6.030833787217233510e-01 6.856657958394041241e-01 7.149525139869739032e-01 7.717077664430971318e-01 7.440206300271258177e-01 7.370386806997776263e-01 8.349965108609365139e-01 8.374143531901943049e-01 8.483352425980045242e-01 8.006251316380671446e-01 8.249091361742607598e-01 8.493555800333952854e-01 8.666388297571673283e-01 8.486253740942917290e-01 8.612812295619148850e-01 8.536169455522895078e-01 8.770956903301857510e-01 8.751653134973788051e-01 9.025162421637820120e-01 9.050412450239538886e-01 9.005038747779353647e-01 9.099465628423828445e-01 9.119672674158294523e-01 9.098826440581438968e-01 9.184560637335703603e-01 9.115688204820756591e-01 9.023381227634993396e-01 9.181685699892528918e-01 9.160740726559792879e-01 9.240747890716448643e-01 8.992957388602248470e-01 9.189076237771264255e-01 9.053496916337548939e-01 9.119192393028768828e-01 9.054437160891328773e-01 9.002518154226030189e-01 9.038462250549987864e-01 9.073253819870704673e-01 9.152326388379471434e-01 9.110967624114458818e-01 9.110888180169207651e-01 9.207932032322022620e-01 9.160652297681345368e-01 9.079805276441875739e-01 9.243507782614105439e-01 9.027335653312641428e-01 9.217017405586388490e-01 9.152309174044797047e-01 8.962470627408655188e-01 9.049087315822882394e-01 8.953712953415454701e-01 8.956503505295004830e-01 8.968804307805916531e-01 8.945927075734037004e-01 9.043069164059760467e-01 9.127074730631190569e-01 9.045148441042458742e-01 9.114634286071796598e-01 8.947642583819704898e-01 9.109204247576255797e-01 9.003902929935082566e-01 9.082945232893299137e-01 9.046667873947086269e-01 9.177519391875305077e-01 9.132940549138134356e-01 9.190972975242313048e-01 9.163539816728786258e-01 9.206827092081564246e-01 9.213445840196010650e-01 9.211410623393906372e-01 9.121566860038927693e-01 9.215469092143830920e-01 9.224444347671237887e-01 9.225172153826746158e-01 9.197238598684559507e-01 9.221928942308074140e-01 9.209470787223454913e-01 9.250454711723378187e-01 9.167285777535025826e-01 9.260555016874376655e-01 9.295787066574890956e-01 9.275615916372673686e-01 9.278816321774983056e-01 9.246427690426761714e-01 9.277998191461275246e-01 9.279492910215572099e-01 9.197654268278371292e-01 9.238654310193618047e-01 9.172827448006273254e-01 9.161962220596268081e-01 9.227796430450599940e-01 9.233922116792185886e-01 9.225514174810023338e-01 9.260360938896555760e-01 9.257102876152409898e-01 9.159045770955825949e-01 9.249293358862132886e-01
3.386909222620924313e-03 1.316360964566319347e-01 3.246517244622595944e-01 5.320750052151776988e-01 4.927944380498904819e-01 5.090278390771142414e-01 7.350498701454686312e-01 7.086692409625350297e-01 7.080233022286225308e-01 6.922194110146373536e-01 7.483311911284095119e-01 8.110299904508295743e-01 1.000000000000000000e+00 7.597326243892933428e-01 8.431400488333853360e-01 8.338852189902411505e-01 7.482723586773831759e-01 5.979916121625412639e-01 6.726304491335280966e-01 5.771313925876825346e-01 6.219700748504364274e-01 6.593675363729956107e-01 6.922446684613300372e-01 6.693865265024745437e-01 6.747767314478929634e-01 7.741150809529933063e-01 7.776600420631486488e-01 7.793246035822346540e-01 7.627180315182530146e-01 7.673324846335222160e-01 7.967239206465067669e-01 7.718397826155751762e-01 7.655083610098818436e-01 7.707176280669960633e-01 7.771014192017110522e-01 7.820559595910283601e-01 8.022166451215450023e-01 8.231733269322563107e-01 8.309995602006038373e-01 8.112967954548565563e-01 8.405206690755161469e-01 8.401866179957471203e-01 8.296668312593956651e-01 8.451454812351945067e-01 8.356439393701654561e-01 8.341440198163591058e-01 8.541056179111049529e-01 8.462839920103686353e-01 8.468085669067813015e-01 8.110364304782030631e-01 8.427459160308989894e-01 8.145962222048098722e-01 8.386844652911183973e-01 8.412681896500661116e-01 8.304742046999082916e-01 8.318385226808756583e-01 8.223416668098648685e-01 8.479410914607852234e-01 8.380480018359109939e-01 8.556129063455750750e-01 8.491573056807977249e-01 8.456074281958055883e-01 8.369160903232240045e-01 8.492900251600717931e-01 8.385916269587435634e-01 8.492961240756434771e-01 8.464347565063599088e-01 8.261459561744132207e-01 8.269044967507942490e-01 8.320635652046093345e-01 8.257890890846285581e-01 8.307422710966229085e-01 8.197073154024440145e-01 8.310202428384202422e-01 8.474645709479711186e-01 8.412195400323277950e-01 8.374811286195499305e-01 8.334876255536598499e-01 8.433424417740232881e-01 8.396896307811836380e-01 8.419769811851186558e-01 8.423412706309660880e-01 8.419748911607582986e-01 8.392270315765528732e-01 8.378206507003201908e-01 8.386311889339862491e-01 8.448796450776288047e-01 8.475890271446370194e-01 8.473330700027104090e-01 8.437401676060192202e-01 8.404681172426862190e-01 8.540729618065096007e-01 8.512208166669180676e-01 8.497763424438157243e-01 8.550803578178850506e-01 8.532994381036829168e-01 8.414210149133735106e-01 8.370626472392623807e-01 8.537967457654426218e-01 8.503027523975025259e-01 8.534037640736517050e-01 8.524558399165317324e-01 8.538051752417177287e-01 8.569618912876101335e-01 8.486768800769248777e-01 8.442025108771056274e-01 8.531575405336351281e-01 8.514668865640714346e-01 8.500703818167774095e-01 8.560627786161624231e-01 8.515971944227476165e-01 8.576539395431084234e-01 8.535655518167974964e-01 8.535063911721836316e-01 8.475295842108916400e-01 8.545628872128346876e-01
