1.000000000000000000e+00 2.551131665308364327e-01 2.556946448057563770e-01 -2.047865255466387036e-02 -1.076913088456345341e-01 -5.263432743788225288e-02 -1.045266802438075265e-01 -1.032449287722294884e-01 1.906715569053017423e-01 1.016184793407699516e-01 1.440485746220514507e-01 6.470334635363807901e-03 -7.544976619766038950e-02 -3.171970072002725915e-03 -7.860798700613581824e-02 -6.875888223456577686e-02 1.022699164962581481e-01 2.861939345574261995e-01 1.790015052720276556e-01 4.942091572504404839e-02 1.807602391933041952e-01 1.873255334901165470e-01 2.709633446605176910e-01 2.373128485123634501e-01 2.197539438026409886e-01 1.658296019580238756e-01 1.244722389845396154e-01 1.435365091476750177e-01 2.104991233675964357e-01 2.430452214478713013e-01 1.807200021314845917e-01 1.692606112269610386e-01 1.617755195819598202e-01 1.878528794374808297e-01 1.961919018733284670e-01 1.239661084423203247e-01 1.521463823650259783e-01 4.837603581383128487e-02 9.778048752140590383e-02 4.307339469504750662e-02 5.163047632923161573e-02 1.445387921702114171e-03 -2.966325151816543229e-02 4.240037274362713077e-02 6.354247539950406976e-02 7.102349628180266994e-02 2.637423207411132564e-02 3.249876865755992050e-02 1.894532071029460599e-02 8.025553277611865988e-02 2.294598883125606795e-02 6.275547474342343945e-02 2.800498304578760006e-02 6.661321222713686985e-02 6.574366819942165097e-02 8.571032184688291700e-02 5.502163542627441783e-02 3.318854357322455467e-03 -5.622637042827015146e-03 1.594314210574352547e-02 -2.152924767648789484e-02 7.286409353800464388e-03 -6.160654509059582465e-03 3.790327712655701398e-02 9.606162117934000100e-02 5.771485953205916786e-02 5.288365465456126846e-02 9.514542921069399362e-02 9.767484143755630899e-02 5.585801670898916937e-02 9.066731466599932399e-02 8.060285938772913938e-02 1.032272636190438714e-01 1.080854384814935593e-01 4.699167038502707894e-02 4.282526965214957654e-02 5.370718816101070076e-02 1.015215593702224334e-01 9.010957828003093861e-02 1.015516767359383038e-01 8.309317111336053663e-02 8.058251448222511493e-02 8.772366456252114753e-02 8.378626199588401491e-02 4.318071069953086094e-02 7.574136930413156998e-02 5.347985463408032325e-02 1.985238296082928247e-02 4.306560151626372818e-02 5.798264569641070620e-02 2.523676405877433443e-02 1.357227272720115500e-02 3.188558991482833699e-02 3.407697654308634166e-02 1.192948871838384571e-02 1.656682500182172710e-02 1.398973888121507123e-02 5.908752513546616791e-02 1.203434032380867012e-02 1.477038763243941275e-02 8.386291279273937888e-03 3.279980156874851699e-03 1.706885435196602062e-03 3.845106935310157494e-03 3.343029856362677438e-02 4.065029503455487581e-02 2.483490358745704674e-02 1.459846983747178570e-02 2.782743846953653760e-02 8.563140925700212999e-03 -4.650700982334676076e-03 1.022819999089105529e-02 8.927744449710128122e-03 2.649140627431901748e-02 5.895419023371942235e-02 3.227527270866558523e-02
2.551131665308364327e-01 1.000000000000000000e+00 1.135977237666437462e-01 -7.875944733148622368e-02 -5.691800894541261535e-02 3.065418346484537204e-02 -7.083844875234155715e-03 -2.085309450173456272e-02 2.236983235352205668e-01 2.006758234479832093e-01 1.574571392455598740e-01 5.679420264872998836e-02 1.937991774849200446e-02 6.659736590348903917e-02 3.527438180137290602e-02 4.037222939235501906e-02 1.395244133327649128e-01 2.068358521660943194e-01 1.680218049405146075e-01 2.870030737387471026e-02 1.295450104842927608e-01 1.575214670839128750e-01 2.603981612932299017e-01 2.140425455345400241e-01 2.133156828430325669e-01 1.951183353314792923e-01 1.538472440354159143e-01 2.029842399214512871e-01 2.756787754374931954e-01 2.591529436420181298e-01 2.354527058424690789e-01 2.313174807187401982e-01 2.343022261064245104e-01 2.173907755320882429e-01 2.484370901160755096e-01 1.703766029071768218e-01 2.194556120077285899e-01 1.670300342744571731e-01 1.841094668795504874e-01 1.364154768141489227e-01 1.382488392260746435e-01 1.208630926104095893e-01 8.552708261472297124e-02 1.409220352811174359e-01 1.416553530852117104e-01 1.781332174780674016e-01 1.451528195036144442e-01 1.464845628382743237e-01 1.436597653237208783e-01 1.465196196255633132e-01 1.417057798904981236e-01 9.989416016362517858e-02 1.138338870139617987e-01 1.655880979937444097e-01 1.645654788344091124e-01 1.875643398846552623e-01 1.439898039892232584e-01 1.267182039576384422e-01 1.296409700795032038e-01 1.342510699964081233e-01 1.084537775501042689e-01 1.343255757981378640e-01 1.234162708657667584e-01 1.525709452391426912e-01 1.626867706374200417e-01 1.462799637244906470e-01 1.585465799364484951e-01 1.773345166421490260e-01 1.955506242160374442e-01 1.258443235172362895e-01 1.571077906090537768e-01 1.621319508921738040e-01 1.897491561045100417e-01 1.863516620096544729e-01 1.507841235503891708e-01 1.572737793283870700e-01 1.761058856982414544e-01 2.073630646507038100e-01 1.992897344409813032e-01 2.069439288381408892e-01 1.915386116294007512e-01 1.848801960546671008e-01 1.828019673394262745e-01 1.909734283674082989e-01 1.579257771242899844e-01 1.780136149878238094e-01 1.649855490680265657e-01 1.480982207870221723e-01 1.621780297350511324e-01 1.655370989696317297e-01 1.417029525466143858e-01 1.345135556699289525e-01 1.429139038137396123e-01 1.492826226811619916e-01 1.396303279954691778e-01 1.458471641259266594e-01 1.244685042778141959e-01 1.501261414922190063e-01 1.321049672776194728e-01 1.330196759637218007e-01 1.274103161422754371e-01 1.260185027898947652e-01 1.127059056213713523e-01 1.236602682649596829e-01 1.277956289810758539e-01 1.479593168386592883e-01 1.467389847941237280e-01 1.454214504039909039e-01 1.517143674002685849e-01 1.349543417567395931e-01 1.287749529676291971e-01 1.320545450179956282e-01 1.309057824619546950e-01 1.409474087959486366e-01 1.524858986751268519e-01 1.375055452606423478e-01
2.556946448057563770e-01 1.135977237666437462e-01 1.000000000000000000e+00 4.071270104722766736e-01 9.379051482665931583e-02 1.308776164714250678e-01 3.500848164329348894e-02 6.353983770606763670e-02 3.090038452569719429e-01 1.922267062586953124e-01 4.309114662864743095e-01 3.881900480852051860e-01 4.181237984339180452e-02 2.007506174523809306e-01 1.354018380244497999e-01 1.561232711294034958e-01 3.346015495343171442e-01 5.787132826817880105e-01 4.602943511615133487e-01 4.474954247771001370e-01 5.655068879128518633e-01 4.949762807176156243e-01 4.817732060723479148e-01 5.276916664999103945e-01 5.233138609239370576e-01 4.186827829403892420e-01 3.732209419574372133e-01 4.111082825629268633e-01 4.577059585319105395e-01 4.897109368022313225e-01 4.478402108620374578e-01 4.205442127949801101e-01 3.858954501966584405e-01 4.522679029223686253e-01 4.089410651047144518e-01 4.016487170416132568e-01 4.028723128760361427e-01 3.102221285204160850e-01 3.308539093076219295e-01 3.446400752801475620e-01 2.905889183160255684e-01 2.355862624802247118e-01 2.363779777748680477e-01 3.200651501621681883e-01 3.343287643024390743e-01 3.262961770255044525e-01 2.527733427445018055e-01 2.576320313127183903e-01 2.730971143334664508e-01 3.953319405713219825e-01 2.929506236626051030e-01 4.009030183361112498e-01 2.967224620875616448e-01 2.671752161945800119e-01 2.948866431624184159e-01 2.960774571324449322e-01 3.324107344942927589e-01 2.073443412284197152e-01 2.382649420500851933e-01 2.285718377603719875e-01 2.296825935102839722e-01 2.201487609195392214e-01 2.703812281942062357e-01 2.800468168137655867e-01 3.317018115340703566e-01 2.892053921824022655e-01 2.766916338880143211e-01 3.430762838973585027e-01 3.424950776345525028e-01 3.517595419348922281e-01 3.738389685607043655e-01 3.201305295936980322e-01 3.487011642044755555e-01 3.695383567007625158e-01 2.942633455507928653e-01 2.963302135351203459e-01 2.867664846000067547e-01 3.317331392367768861e-01 3.327479348393748704e-01 3.172985336466507822e-01 3.157743210278691204e-01 3.049043137259128677e-01 3.273720581571548105e-01 3.019499629213016068e-01 2.957540682417860722e-01 3.222958675187539979e-01 2.911343085260179597e-01 2.609920642691356818e-01 2.786288471765658858e-01 2.937756594485368966e-01 2.755908568792178048e-01 2.524848555902895475e-01 2.802170317879137951e-01 2.693467470924953977e-01 2.369496240387671815e-01 2.280776195210569290e-01 2.896091751169961870e-01 3.087545603570110986e-01 2.399271202408950754e-01 2.534033633903314264e-01 2.309662410632171703e-01 2.459517556830816964e-01 2.309041279962195381e-01 2.424658143938631660e-01 2.818542171740759383e-01 2.798404878425082010e-01 2.403317754659001215e-01 2.285672405570599308e-01 2.518394676699167722e-01 2.388401431954295107e-01 2.222729870356371373e-01 2.169524443780219414e-01 2.201340201765897564e-01 2.406409857516255413e-01 2.735140378254593552e-01 2.510617950591275127e-01
-2.047865255466387036e-02 -7.875944733148622368e-02 4.071270104722766736e-01 1.000000000000000000e+00 2.746896466400312598e-01 2.683086647931733348e-01 3.034208601776092196e-01 3.679617254719438901e-01 3.248613847969423207e-01 2.383411025305895714e-01 4.316147870976236867e-01 5.790897700235034806e-01 3.067825097098327847e-01 3.394973641729911451e-01 4.145051554069724697e-01 4.053960623259857954e-01 4.182529758962339472e-01 4.307443470349732739e-01 4.258619449631648179e-01 5.653438025825042734e-01 5.083574694926735749e-01 4.653164116081246471e-01 3.774556312160383120e-01 4.483084431976799289e-01 4.563472400090352599e-01 4.401404498535717580e-01 4.334306051107450486e-01 4.373542837324158050e-01 3.903941318376316638e-01 4.177804107151067425e-01 4.340077739399892942e-01 4.301126159680145333e-01 3.896649038383477315e-01 4.437324249703263335e-01 3.964308229373184056e-01 4.605486207050897840e-01 4.265525475445726689e-01 4.222514025296286166e-01 4.274998045676132730e-01 4.589562256473454505e-01 4.289510763637128243e-01 4.037868771172751226e-01 4.458370996581570989e-01 4.555887537624053740e-01 4.650823377245083545e-01 4.294063102533926535e-01 4.141151099344527187e-01 4.153751391112189273e-01 4.322452180166403424e-01 4.778338113631611650e-01 4.362812152289751166e-01 5.282874870941807188e-01 4.559919669357448413e-01 4.013693852329610623e-01 4.089203487622876110e-01 3.929590559040497810e-01 4.504222389740986654e-01 3.862501391666317008e-01 4.130744036383326989e-01 4.062538639017636011e-01 4.259273253384994740e-01 4.029543529300979587e-01 4.349296078272973931e-01 4.264824563961375214e-01 4.408870893621221754e-01 4.387245952541846128e-01 4.200829137703397387e-01 4.275676629563233133e-01 4.267116108345484493e-01 4.940392027239485229e-01 4.639406944780789521e-01 4.317870246471273710e-01 4.264296498018059212e-01 4.421745717955339883e-01 4.357430507309607015e-01 4.290212747925137293e-01 4.113179313149270544e-01 4.021179935615758483e-01 4.102936673834240433e-01 3.939755870358889189e-01 4.138382848838501049e-01 4.115614405380881857e-01 4.274796719778135579e-01 4.066253098725781667e-01 4.270601587059009163e-01 4.264543449574659251e-01 4.301515689410620458e-01 4.184902898219637901e-01 4.198755516263172338e-01 4.230060949336869047e-01 4.323240715415430646e-01 4.198582907382684692e-01 4.338182443134790955e-01 4.221645298724117090e-01 4.096029366149276374e-01 4.000608175170846659e-01 4.439926684766014597e-01 4.418235643381729361e-01 4.193714814330875007e-01 4.258976255690035129e-01 4.145850880039892439e-01 4.226584745650769914e-01 4.267812114859351746e-01 4.218924238565112117e-01 4.514847723020825598e-01 4.254795520194752378e-01 4.065839093516669389e-01 3.947190071904335684e-01 4.071525537194885525e-01 4.115264818706410588e-01 4.066210574558895008e-01 4.001006846375497195e-01 4.050751156533202169e-01 4.090552913860581175e-01 4.150425224354531983e-01 4.241051298481231524e-01
-1.076913088456345341e-01 -5.691800894541261535e-02 9.379051482665931583e-02 2.746896466400312598e-01 1.000000000000000000e+00 2.474165822007701743e-01 4.049484013396287829e-01 3.994351983704849118e-01 3.030736432288932414e-01 2.675396236579609677e-01 2.877283195814650529e-01 3.823449253861141983e-01 3.943527288904721817e-01 3.133543635581554354e-01 4.471661535385577091e-01 4.337644424987802116e-01 3.521837969279463243e-01 1.465505494577780954e-01 2.555961166944323293e-01 2.401959436258772895e-01 2.052493205349564809e-01 2.621682799484629789e-01 2.083046404470984825e-01 2.422699886203729946e-01 2.694886626900506732e-01 3.052072562057969174e-01 3.118450584893107669e-01 3.377903682076160430e-01 2.767897215177695935e-01 2.568433109432269323e-01 3.038464982754324750e-01 3.255299025998369400e-01 3.229047460500478195e-01 3.042885851257395857e-01 3.027938209955257087e-01 3.531484041228555859e-01 3.286240929048115378e-01 3.824577386257150824e-01 3.699546676960922542e-01 3.804734267212683818e-01 3.969751765113752051e-01 3.997258373127359210e-01 4.229509612192809409e-01 4.009737285887554625e-01 3.966449292593116072e-01 3.841969848774585694e-01 4.005895219557778497e-01 4.021377399141745634e-01 4.035643270263369886e-01 3.715517393846757277e-01 4.017464319263392980e-01 4.095274020322529074e-01 4.065632914180704049e-01 3.855724926754077742e-01 3.799137715599038012e-01 3.696360558502163607e-01 3.869591714196910504e-01 3.955629935246482987e-01 4.088291890692617447e-01 4.057723667899536535e-01 4.210395932838262301e-01 4.015348737614616303e-01 4.088314091801028560e-01 3.939666129696124952e-01 3.732434604611231110e-01 3.960476977914163532e-01 3.961902791739640439e-01 3.651252824884960724e-01 3.706277024565280964e-01 3.741125389501944176e-01 3.584694818869201272e-01 3.744692270134871159e-01 3.630787311525395800e-01 3.617504106382175566e-01 3.948527160330860264e-01 3.912353742926953371e-01 3.878883954385836108e-01 3.568432531046234479e-01 3.627721750586558880e-01 3.553457007114793065e-01 3.719635188512387391e-01 3.728497200055091998e-01 3.802159047196096986e-01 3.725659453196404902e-01 3.963999164003145226e-01 3.818307645361757041e-01 3.910399449527628413e-01 4.047251273994146303e-01 3.946641748395406379e-01 3.891420893686434734e-01 4.069088122184452705e-01 4.137634967724902468e-01 4.040749273936085073e-01 4.017019662186624984e-01 4.043689998836506039e-01 4.042692535821912347e-01 4.085794053477826981e-01 3.960985290050663687e-01 4.084008650109116623e-01 4.123087153259776816e-01 4.145013049327663235e-01 4.110689444979543916e-01 4.139182880707016343e-01 4.143265804036814770e-01 4.120726205007969600e-01 3.993978651460545204e-01 4.037857907982280725e-01 4.051114977597680689e-01 4.020812239756819118e-01 4.071025356780129667e-01 4.108761464818465048e-01 4.080197802891110115e-01 4.082004756912581134e-01 4.023986104892368632e-01 3.953626765589247638e-01 4.061058704394328589e-01
-5.263432743788225288e-02 3.065418346484537204e-02 1.308776164714250678e-01 2.683086647931733348e-01 2.474165822007701743e-01 1.000000000000000000e+00 4.269972071042246742e-01 3.771670445678598216e-01 4.086660950778259194e-01 3.472476207738440235e-01 3.793534360961750562e-01 4.429536422746475077e-01 3.986081013776791582e-01 3.695628741638598003e-01 4.810574382979003749e-01 4.771160797354683236e-01 4.198619838728489539e-01 2.764143792190972837e-01 3.719859101505830212e-01 3.497330026264720559e-01 3.300290580164870202e-01 3.826668880612273393e-01 3.045760933312706698e-01 3.335166629006617312e-01 3.694921657955638761e-01 4.184813920429672485e-01 4.328382865267814128e-01 4.238601053886182357e-01 3.666472559442964796e-01 3.657690408886634659e-01 4.103252703580381744e-01 4.265629914528821232e-01 4.174814807386860727e-01 4.118548691186125765e-01 4.055685182329418770e-01 4.444967010775978111e-01 4.246473489984994854e-01 4.710377114209761129e-01 4.629413304586834643e-01 4.653979304318606181e-01 4.763564412596222875e-01 4.815568909449796098e-01 4.855871928555579586e-01 4.848909544482168377e-01 4.789205320991129500e-01 4.682503999613265577e-01 4.844073692437080303e-01 4.872585120255561453e-01 4.844901790737156655e-01 4.666694165609721612e-01 4.841608170491927821e-01 4.707876419990571493e-01 4.796755996944280787e-01 4.752572877741391144e-01 4.661700351218613925e-01 4.564699483860292784e-01 4.664147623272640875e-01 4.846499270021233374e-01 4.843207732425978684e-01 4.856364631051823810e-01 4.917915909046667866e-01 4.836769041287044546e-01 4.850020782100676331e-01 4.812799546310683740e-01 4.725869237459956462e-01 4.809274444410555072e-01 4.858879517756436450e-01 4.688859874897307045e-01 4.665928004689521846e-01 4.819800320174425501e-01 4.709413555571216881e-01 4.782343244309439356e-01 4.585567900589119228e-01 4.603601363567385030e-01 4.876243178663738354e-01 4.783663056256909352e-01 4.789592806679614512e-01 4.558038410691550024e-01 4.618073695874589935e-01 4.596847347847882181e-01 4.707327454020417967e-01 4.714337643639824327e-01 4.717452479130322951e-01 4.683860803926694349e-01 4.843632562903357197e-01 4.750370587790926358e-01 4.801393084051263638e-01 4.937198341914054711e-01 4.874237811868672998e-01 4.814311028671640624e-01 4.911878679507790668e-01 4.923683200920214720e-01 4.871155229197578485e-01 4.890209960941876988e-01 4.907599159662984767e-01 4.904560364846500820e-01 4.928626940979047855e-01 4.867491910825700874e-01 4.936858998923902564e-01 4.982299865683357809e-01 4.959369696398942540e-01 4.977295430908648677e-01 4.908314693657498951e-01 4.971252382779998702e-01 4.960813172463597875e-01 4.861947364080564937e-01 4.904762604684078098e-01 4.888522319286297546e-01 4.857926280245671302e-01 4.945924945685843954e-01 4.962025919116786477e-01 4.901123968180716717e-01 4.915330284707625785e-01 4.909417932067656754e-01 4.840880631496679021e-01 4.883325397294743242e-01
-1.045266802438075265e-01 -7.083844875234155715e-03 3.500848164329348894e-02 3.034208601776092196e-01 4.049484013396287829e-01 4.269972071042246742e-01 1.000000000000000000e+00 6.518087329088955162e-01 5.196088823162012815e-01 4.932018498319647448e-01 4.503074941853419944e-01 5.770395370993880446e-01 6.206411978186868739e-01 5.352770862899763893e-01 7.704198510626609764e-01 7.065428898550373260e-01 5.723595867390052216e-01 2.663509038400496687e-01 4.255728993934825843e-01 4.287332774471815378e-01 3.146958384568704359e-01 4.490300143538229483e-01 3.677703448276966602e-01 3.759387450427872368e-01 4.165655261988644997e-01 5.215654442274916258e-01 5.364394070147026072e-01 5.598170551581006515e-01 4.248519073665907309e-01 4.085066366862708520e-01 4.972871261738921467e-01 5.422300706543290438e-01 5.529938928726829683e-01 5.230784072416944097e-01 5.180101616182315460e-01 6.056084399399825902e-01 5.502788276369975362e-01 6.322456880422616665e-01 6.287740544402240506e-01 6.467484798166451831e-01 6.588827443053725252e-01 6.859520926259489171e-01 7.078398986342605559e-01 6.608038831613094466e-01 6.516645654596692205e-01 6.278356284243644669e-01 6.705597545932805437e-01 6.672917429483657958e-01 6.616741491287020382e-01 6.091719150737984201e-01 6.562838241041142329e-01 6.424756181632423901e-01 6.678174672069167039e-01 6.494266493338203272e-01 6.313385094382033547e-01 6.276757503125449666e-01 6.317149855006707337e-01 6.812384293657152146e-01 6.681342581593059382e-01 6.775558950065108110e-01 6.902794838789323428e-01 6.707580224683631354e-01 6.603762207792555072e-01 6.557296860288782669e-01 6.330787683077390149e-01 6.578386030567752174e-01 6.633639539316756872e-01 6.192751097178288422e-01 6.188511632554756225e-01 6.386015495573749146e-01 6.041681385444748198e-01 6.408319883061788236e-01 6.073513959335835599e-01 5.983013795866271023e-01 6.617206879530876940e-01 6.473238444908278044e-01 6.480317284382604015e-01 5.961663309212226203e-01 6.106403018171948638e-01 6.021492822228663444e-01 6.281417773908378743e-01 6.279136956998939700e-01 6.434679364714225303e-01 6.335502699303507956e-01 6.710063212117620690e-01 6.412965128415774041e-01 6.593213287200470063e-01 6.831779566840644469e-01 6.666946662094497267e-01 6.653742455524082056e-01 6.826480058107666782e-01 6.865373692068351685e-01 6.711176253810433590e-01 6.758489796020982210e-01 6.772437429209531290e-01 6.780973301787091012e-01 6.791608601251164501e-01 6.519748547358744650e-01 6.817755217707808235e-01 6.923543135319610853e-01 7.000836945772634934e-01 6.892208372911089453e-01 6.942245374455446871e-01 6.940202572858259478e-01 6.847388244500904886e-01 6.646789148328012820e-01 6.811154327175784617e-01 6.773899433202874576e-01 6.703960141151157348e-01 6.831133550697705559e-01 6.911095696189643034e-01 6.847278711319908506e-01 6.851811429960374955e-01 6.785367751436341965e-01 6.657595656858882327e-01 6.807931819251941130e-01
-1.032449287722294884e-01 -2.085309450173456272e-02 6.353983770606763670e-02 3.679617254719438901e-01 3.994351983704849118e-01 3.771670445678598216e-01 6.518087329088955162e-01 1.000000000000000000e+00 5.013147290037365256e-01 4.555676406141146995e-01 4.390813040142731438e-01 5.823400778302080250e-01 5.984694886189677598e-01 5.142671636922140355e-01 7.239659016598871677e-01 7.050831920133168174e-01 5.424517683339503682e-01 2.443111750761912671e-01 4.116579388454653099e-01 4.339024306309989254e-01 3.351290623802098967e-01 4.339734509922252848e-01 3.281256528450362531e-01 3.557228497929058597e-01 3.984321674777390743e-01 5.130738526414206913e-01 5.191675386402250236e-01 5.346811106597630925e-01 4.189342655483056510e-01 3.988692705457663190e-01 4.796091606638149818e-01 5.223176008708364515e-01 5.223260454037804701e-01 4.982830355934621536e-01 4.913514805151142362e-01 5.748372568028019547e-01 5.337230146167744049e-01 6.136759141770993242e-01 5.977452130216007742e-01 6.231212035052511311e-01 6.323896272246499750e-01 6.538738020566284836e-01 6.852722504734857223e-01 6.345828209072360560e-01 6.221908538076994510e-01 6.010581920072587403e-01 6.453265597560040590e-01 6.433929005725721462e-01 6.414611360116559968e-01 5.922391618704054839e-01 6.381429839269133764e-01 6.295938930043191162e-01 6.490223295799887326e-01 6.218470040271927290e-01 6.109401416561379694e-01 5.945477599423598658e-01 6.141369517651545928e-01 6.519202749552429621e-01 6.476079935946453814e-01 6.531136996261616146e-01 6.654191656167287583e-01 6.472188402115058858e-01 6.428611653049702834e-01 6.309810178286091586e-01 6.028419021939516176e-01 6.336911622253007526e-01 6.368992207646090309e-01 5.892931976010917783e-01 5.906015994152744586e-01 6.229248058623280127e-01 5.916259909774936876e-01 6.122649734398043497e-01 5.778517047157684106e-01 5.721997775458740332e-01 6.373647623380479521e-01 6.237031793969757265e-01 6.241017143788377686e-01 5.749034478800535419e-01 5.819494986562689931e-01 5.778250370911923728e-01 6.022027618946418359e-01 6.042713527422298725e-01 6.116483220239372631e-01 6.039795312980191788e-01 6.409208342333049258e-01 6.113042830659132232e-01 6.340651009283286843e-01 6.556182410316904186e-01 6.373673911008725934e-01 6.354475827976160396e-01 6.564235068429948861e-01 6.582511573145909400e-01 6.430867843751019164e-01 6.494843353177415235e-01 6.533857158254907649e-01 6.525225418216510365e-01 6.557574735350403250e-01 6.340004348592758188e-01 6.597166387951391986e-01 6.647484551033152611e-01 6.725818062804075348e-01 6.632909259970771743e-01 6.666302698338162358e-01 6.675110508196214765e-01 6.622988945432104479e-01 6.400065391226843481e-01 6.549218487867328742e-01 6.509805543241605763e-01 6.472439707107640050e-01 6.565026965069417075e-01 6.668197406741821487e-01 6.581573390078564456e-01 6.608787236822366573e-01 6.538641540160344823e-01 6.364628098018250135e-01 6.549391022495268944e-01
1.906715569053017423e-01 2.236983235352205668e-01 3.090038452569719429e-01 3.248613847969423207e-01 3.030736432288932414e-01 4.086660950778259194e-01 5.196088823162012815e-01 5.013147290037365256e-01 1.000000000000000000e+00 7.077028531698361657e-01 7.138005551505806068e-01 7.057762432849878920e-01 6.106606800952718572e-01 5.988337242431550633e-01 7.153512203556393612e-01 7.172140451763817648e-01 7.686529521732639036e-01 6.044674389793418534e-01 7.164204155464306556e-01 5.257828768714261081e-01 5.946943553586309106e-01 7.083258677235899636e-01 7.224135703668088659e-01 7.111740436611946325e-01 7.487501989462311824e-01 8.055776652386643644e-01 7.917050932672443642e-01 8.177045153937623212e-01 8.062073365704778283e-01 7.945898339260724086e-01 8.306210939054520237e-01 8.274444476996689612e-01 8.123007393677750265e-01 8.070494592483261620e-01 8.094540866346834340e-01 8.116720062325002427e-01 8.312260810897613705e-01 8.308256953587698224e-01 8.462155937623683233e-01 8.010865508320053063e-01 8.285870923457709925e-01 8.072140786663396517e-01 7.862647097347011949e-01 8.296656471367651609e-01 8.263356475723488970e-01 8.360042495744297586e-01 8.333681765284490783e-01 8.424231868525332567e-01 8.337428650826017584e-01 8.164441049252098015e-01 8.311251062613927987e-01 7.928196245916778739e-01 8.085908126818338593e-01 8.513128616909892976e-01 8.468609995704442506e-01 8.477086788658942940e-01 8.326822807384594016e-01 8.214839685845598538e-01 8.258727174093027923e-01 8.329375308243033293e-01 8.167655405573314154e-01 8.290634874176293634e-01 8.179882972835010868e-01 8.390050994590532163e-01 8.494117384365403867e-01 8.394265863069120259e-01 8.469886041178763536e-01 8.470771008748128050e-01 8.506470912492487546e-01 8.138742556424393149e-01 8.270207897844019662e-01 8.451500668108787861e-01 8.406445555755378551e-01 8.425668448887855266e-01 8.451484650008700417e-01 8.417147856384492588e-01 8.480737035421805903e-01 8.581635080128254822e-01 8.535026206552288608e-01 8.599643287035505512e-01 8.545240211005228348e-01 8.550706077345058276e-01 8.537746393555454283e-01 8.520182402151346146e-01 8.393213091438298523e-01 8.477616127782052757e-01 8.492569798418744265e-01 8.357762541977556969e-01 8.464564132912165695e-01 8.449114543031448488e-01 8.342358951863751981e-01 8.340153686543066991e-01 8.394297935591322757e-01 8.401124749083151988e-01 8.348755862865885335e-01 8.390077052091288179e-01 8.277952987314743938e-01 8.425200549950755402e-01 8.333983409973469980e-01 8.346970905337285362e-01 8.298743473922076674e-01 8.294176965056065942e-01 8.179027741395794582e-01 8.287265409160079477e-01 8.354967177477661266e-01 8.437568758453145579e-01 8.395972418990572672e-01 8.380391726167510935e-01 8.419792973443147588e-01 8.320865712755475263e-01 8.268118211181161303e-01 8.329505992080799004e-01 8.326273134244300822e-01 8.410303674051239353e-01 8.450274227940861582e-01 8.363072109339683147e-01
1.016184793407699516e-01 2.006758234479832093e-01 1.922267062586953124e-01 2.383411025305895714e-01 2.675396236579609677e-01 3.472476207738440235e-01 4.932018498319647448e-01 4.555676406141146995e-01 7.077028531698361657e-01 1.000000000000000000e+00 6.299546566244031975e-01 6.211656845762048018e-01 5.868660995378750522e-01 5.467832152808705937e-01 6.734587985391042864e-01 6.491680549147520463e-01 6.735358650076734843e-01 5.117749688482813308e-01 6.300536031439075701e-01 4.408183308381470877e-01 4.901982548906255732e-01 6.145593004202234422e-01 6.440941505189223815e-01 6.217304622984212159e-01 6.564693301756224786e-01 7.215116795135768646e-01 7.160475819812036624e-01 7.333013876986428370e-01 7.135562576871199436e-01 7.005451162114774144e-01 7.365922265536335445e-01 7.431914362878059288e-01 7.395212932855323995e-01 7.188081148537512899e-01 7.326013446459210821e-01 7.187127827099999422e-01 7.458159730804597709e-01 7.621725405746376802e-01 7.716174945873586211e-01 7.186213758733592805e-01 7.624754718885335958e-01 7.457352184044082621e-01 7.202051661442436803e-01 7.481349308095377459e-01 7.397693566968092105e-01 7.659192959485680019e-01 7.741304791338541325e-01 7.795044050970115768e-01 7.583248863541645068e-01 7.144097924262676758e-01 7.574220553303032677e-01 6.811165941714097949e-01 7.238884092209559862e-01 7.845707223159594790e-01 7.773942048358730705e-01 7.828737564483585487e-01 7.486314053022747883e-01 7.662749565329595169e-01 7.649575526319409846e-01 7.722191620572267379e-01 7.572293470471050947e-01 7.682078133542008525e-01 7.475125647368799919e-01 7.632774564789772676e-01 7.617772370795894421e-01 7.602895954138952916e-01 7.762740348029726345e-01 7.703107934578022897e-01 7.745389481285313016e-01 7.343972658763973094e-01 7.489878091960454620e-01 7.735365968093096400e-01 7.696044636163968944e-01 7.659615675616056052e-01 7.710844411751897054e-01 7.701556832257721030e-01 7.738865859245275258e-01 7.793720542182386302e-01 7.773136108591451876e-01 7.889732199213684849e-01 7.814012686241736949e-01 7.841565947600532827e-01 7.735218712126391560e-01 7.823726273400760656e-01 7.701152998417593043e-01 7.730655566036399584e-01 7.754589745946585122e-01 7.706142951541476993e-01 7.769653727395805509e-01 7.745826493794051304e-01 7.663278710663071758e-01 7.684864733009747484e-01 7.691636443426401737e-01 7.750576619068549888e-01 7.737486210384035834e-01 7.790376818386399727e-01 7.466102360093599399e-01 7.506831503393542881e-01 7.676230531173943161e-01 7.656644699841957946e-01 7.668605648355014681e-01 7.601105331255038067e-01 7.538338475381813897e-01 7.642550670956957948e-01 7.579892574951190287e-01 7.688195078825302842e-01 7.752738370562872738e-01 7.758085751553118747e-01 7.768177472913433412e-01 7.703547300937196862e-01 7.695590704273541638e-01 7.743687601105178064e-01 7.716694188603897553e-01 7.719539073561731968e-01 7.753184006394329142e-01 7.675042658193589329e-01
1.440485746220514507e-01 1.574571392455598740e-01 4.309114662864743095e-01 4.316147870976236867e-01 2.877283195814650529e-01 3.793534360961750562e-01 4.503074941853419944e-01 4.390813040142731438e-01 7.138005551505806068e-01 6.299546566244031975e-01 1.000000000000000000e+00 7.724950983153210382e-01 5.231734900202956728e-01 5.874462147256520606e-01 6.529895572040947949e-01 6.597904511692351814e-01 7.327586627884732362e-01 7.102959075931360999e-01 7.560008008708998251e-01 6.323936566381522795e-01 7.093994476965946872e-01 7.568047638008966738e-01 7.644651081543817339e-01 7.765808248246794943e-01 7.990172951438788695e-01 8.179697539398402828e-01 7.968586755843489744e-01 8.135762457494644107e-01 8.141246692512171812e-01 8.154506453410874656e-01 8.347367814019057697e-01 8.286652850252307356e-01 7.976812943600608552e-01 8.179358803640397468e-01 7.963367505265569468e-01 7.952976282563327670e-01 8.162784511376555141e-01 8.055698054737315816e-01 8.096124870419845188e-01 7.936638086882972232e-01 7.945908204341047831e-01 7.591268699910005413e-01 7.521266235660623023e-01 8.035734261279787738e-01 8.019231903103678505e-01 8.080737240565627477e-01 7.865565687066194966e-01 7.910022358610169224e-01 7.965459077316818792e-01 8.225890747684189153e-01 7.968434460059755642e-01 8.049857685369966598e-01 7.903374547255110905e-01 7.947479595191110358e-01 8.077230732413641645e-01 8.024327512650855088e-01 8.183239464195316559e-01 7.582810240458048856e-01 7.818181090658663512e-01 7.740451276235650324e-01 7.740193214708157576e-01 7.738200066956120171e-01 7.903756197622832103e-01 7.951119614431351179e-01 8.129826578478093202e-01 7.983040886954974047e-01 7.999986303728342518e-01 8.236143455372497701e-01 8.239451111718752996e-01 8.124551610036336857e-01 8.235616391929060365e-01 8.127418917950191002e-01 8.207392631793123394e-01 8.280137784897617648e-01 8.064087219449335153e-01 8.083801969943826826e-01 8.009378330555467773e-01 8.205023351457415570e-01 8.209193406260266723e-01 8.205002045865303906e-01 8.143738804385929342e-01 8.182377171851098474e-01 8.153199377261418634e-01 8.078988315711502777e-01 8.006553369247964014e-01 8.159627424549686925e-01 8.061080428946646448e-01 7.901629417408326805e-01 7.995166471143515530e-01 8.030207065842959180e-01 7.902030540160782657e-01 7.862143260208241946e-01 7.972319016378742740e-01 7.933425919589613962e-01 7.818316970649640263e-01 7.792714742904566227e-01 7.976388860867151820e-01 8.044015843924383624e-01 7.826070046613518016e-01 7.846348709765813556e-01 7.709864393858963938e-01 7.841361018605710331e-01 7.711533240866154104e-01 7.792680972678310836e-01 7.948284978517816679e-01 7.993900485143330403e-01 7.820212487614569552e-01 7.778100689689786407e-01 7.885319417427860689e-01 7.813077713066336472e-01 7.715481101814949394e-01 7.722415631860187757e-01 7.719219400853980506e-01 7.808677724468291448e-01 7.946861136955560845e-01 7.860700315760074108e-01
6.470334635363807901e-03 5.679420264872998836e-02 3.881900480852051860e-01 5.790897700235034806e-01 3.823449253861141983e-01 4.429536422746475077e-01 5.770395370993880446e-01 5.823400778302080250e-01 7.057762432849878920e-01 6.211656845762048018e-01 7.724950983153210382e-01 1.000000000000000000e+00 6.229099505432822426e-01 6.451814640508219956e-01 7.757158174289096042e-01 7.756220664637859530e-01 7.671365652487549536e-01 6.326337959842699421e-01 7.330437618753654627e-01 6.988661298696861035e-01 6.938885777368416496e-01 7.542997065651952937e-01 6.844644526551127983e-01 7.299987520532512653e-01 7.655155489168976590e-01 8.072835839141913050e-01 8.006938078434163719e-01 8.192307701242732554e-01 7.642204250808413146e-01 7.625710963865343084e-01 8.099204419035189728e-01 8.149658775683465972e-01 7.871480495430921431e-01 8.075469177645533403e-01 7.696558081368922721e-01 8.317555647233034755e-01 8.157573350059714734e-01 8.409190536045187958e-01 8.394589780601194873e-01 8.408917743411086221e-01 8.421934029063602445e-01 8.228912966086333602e-01 8.378593307244306398e-01 8.597604538067752378e-01 8.556216046094888839e-01 8.402088580697951725e-01 8.409590561323547764e-01 8.410486572754206636e-01 8.519715059442982685e-01 8.569343091331821372e-01 8.532498867031053091e-01 8.754388253096052619e-01 8.522201557002762051e-01 8.332048082245835374e-01 8.372664005303416257e-01 8.221137289514467428e-01 8.564161010156716713e-01 8.185172100775313098e-01 8.405825526112223889e-01 8.338726607183439832e-01 8.437953242024773814e-01 8.294611544100130018e-01 8.478102048179301242e-01 8.456514061362394585e-01 8.468167270239651545e-01 8.484762354420142261e-01 8.452131075295815643e-01 8.440846137555820805e-01 8.418265562472341257e-01 8.647413734328837087e-01 8.526460701924262198e-01 8.467264261828544303e-01 8.348325077325131627e-01 8.429355062040096991e-01 8.526629611045347668e-01 8.490011283367112638e-01 8.376961925908105178e-01 8.281640924663612457e-01 8.367215707325252882e-01 8.257840307592549944e-01 8.371313505973917435e-01 8.418085420747813963e-01 8.454529496291028901e-01 8.283961572557652087e-01 8.486637013173575772e-01 8.460127524337400784e-01 8.512088178400096794e-01 8.440988377698865897e-01 8.452790722515709509e-01 8.455775675082467524e-01 8.486779876616598051e-01 8.453516961060519863e-01 8.509286061744387730e-01 8.461319067062336163e-01 8.386262950413414519e-01 8.339998185278809650e-01 8.522008035007071491e-01 8.485213040060344269e-01 8.414661118062672918e-01 8.458295850466659438e-01 8.363567537889534664e-01 8.443477087034199080e-01 8.405019120106200781e-01 8.451707758651612057e-01 8.583461205732244581e-01 8.434757133053362166e-01 8.350002602196554546e-01 8.303224587158211101e-01 8.379296062047055793e-01 8.395681376925964168e-01 8.352811445390545542e-01 8.312446545291457545e-01 8.314006554884991740e-01 8.370519843936548021e-01 8.420340949878035719e-01 8.424963068488634521e-01
-7.544976619766038950e-02 1.937991774849200446e-02 4.181237984339180452e-02 3.067825097098327847e-01 3.943527288904721817e-01 3.986081013776791582e-01 6.206411978186868739e-01 5.984694886189677598e-01 6.106606800952718572e-01 5.868660995378750522e-01 5.231734900202956728e-01 6.229099505432822426e-01 1.000000000000000000e+00 5.757058007592953386e-01 7.693935342453859239e-01 7.557563590325334646e-01 6.413148413014591043e-01 3.020292463386749504e-01 4.949054409344728067e-01 4.067773760163367891e-01 3.470473668539892920e-01 4.905453541333036904e-01 4.499928090187426677e-01 4.525246236981662618e-01 4.952709721804971488e-01 6.129801332166796568e-01 6.305091948505742172e-01 6.321151499958377329e-01 5.436631258759893059e-01 5.266546702753073239e-01 6.008754362593494713e-01 6.253356705159390794e-01 6.181728699933013438e-01 5.842912119365802903e-01 6.036281337655057255e-01 6.430700447324033675e-01 6.385624853863107742e-01 7.094725688368721528e-01 7.053315886991932127e-01 6.826649441995280565e-01 7.335266613490784016e-01 7.457404777376942517e-01 7.599898201423017641e-01 7.340899680170803743e-01 7.167292602392482115e-01 7.181507822081449888e-01 7.617807831943376184e-01 7.622141495261264277e-01 7.477795833460191277e-01 6.635699928667436742e-01 7.325750144545489784e-01 6.833061611266129098e-01 7.343556523739429576e-01 7.520301851631719936e-01 7.315005155792230207e-01 7.205276124043050734e-01 7.137568539682074276e-01 7.698455898167305689e-01 7.605397827822981682e-01 7.754013536632675674e-01 7.756158253167479977e-01 7.709409244948359774e-01 7.435913092145907122e-01 7.417493736561181494e-01 7.154232596008107681e-01 7.478584687370506412e-01 7.552347937829034796e-01 7.084371472421285842e-01 7.065958001997466598e-01 7.027287469717777846e-01 6.838387449751335279e-01 7.255686860676936467e-01 6.973293066136602159e-01 6.886321959593090236e-01 7.471841947057996647e-01 7.408682714053451690e-01 7.426179753265224059e-01 7.044481410864261717e-01 7.055557828521527020e-01 7.093765079409215524e-01 7.198191200744818996e-01 7.298150617791083761e-01 7.175412157121167089e-01 7.261577350475338921e-01 7.384907250377450438e-01 7.235741508569720759e-01 7.458336567619362478e-01 7.554848636325905975e-01 7.488265513444238852e-01 7.380296629824796284e-01 7.515050166797311304e-01 7.667228826527744401e-01 7.567812379037498483e-01 7.590370248293305533e-01 7.729592914044022267e-01 7.741686824232446584e-01 7.451863767526630822e-01 7.354642819479811910e-01 7.743373644595977767e-01 7.669669693100557017e-01 7.778491420258708544e-01 7.681995192524102567e-01 7.769662571032306397e-01 7.738966596938393616e-01 7.616869399070276270e-01 7.527943849084790529e-01 7.698556921112239548e-01 7.719904690023791094e-01 7.624690855824225455e-01 7.704235892453348278e-01 7.775497295368396511e-01 7.816801180678493166e-01 7.793589578029381792e-01 7.719190258842910657e-01 7.558952581696249950e-01 7.714121694245374972e-01
