1.000000000000000000e+00 8.736635525339588038e-02 4.955485305390597978e-02 5.568819627919873588e-02 6.618826069220327957e-02 3.884940979032009550e-02 5.662108234422778830e-03 4.458490901264802048e-02 6.446525052732700323e-02 6.221938037929448939e-02 2.678107922660737106e-02 1.967740379063076528e-02 2.221583066080899671e-02 -2.542097476902933050e-03 6.721686559639282552e-04 4.358266820731131197e-02 9.438202379781038265e-02 5.715585693726599886e-02 -1.271574857544947521e-02 6.072773416760283982e-02 4.104693381093828253e-02 2.881146515445248343e-04 -1.028755510071450129e-02 -1.928826745153773212e-02 -1.788396822515486359e-02 -6.830057434964760662e-04 3.918185648727160603e-02 -9.351327086999672647e-03 7.273260723660741889e-02 5.571407974472199209e-02 2.619122606450951032e-02 1.056672476835588716e-02 -2.348469969591961831e-02 -4.842912040750707928e-03 2.151480486108560408e-02 4.128813184246409723e-02 -9.761130952158773508e-03 1.935141774642057041e-02 7.994557631572519335e-03 -5.806530649906295471e-02 -1.205613697036526759e-02 -2.203814880912506255e-02 -2.450861863929060594e-03 6.618274893895014811e-03 -2.185741621046105934e-02 9.933552621797923921e-03 5.153864667724180823e-03 2.188644431965856493e-02 3.019480292993821646e-02 6.427774667525193442e-02 4.162570708960521004e-02 4.534240393224861498e-02 3.381051482864096125e-02 5.862856041087419895e-02 5.027773709564813814e-02 3.431592772381129169e-02 1.148082635026617809e-01 7.159474291107288321e-03 5.298986159960870218e-02 4.354628076405649140e-02 1.793079902169426518e-02 6.043893877970846207e-02 6.869622722784964053e-02 8.211057589677780988e-02 6.743276993155650212e-02 8.966707886321025056e-02 1.463826491640482855e-02 8.420015087930067185e-03 1.719649561594863022e-03 3.057542918665727763e-02 -1.711806797167256212e-03 1.484858688915289323e-03 -4.705431860449906141e-03 -1.156171702426149646e-02 5.644213015893431024e-03 5.220612494456456157e-03 1.578101802452117064e-03 3.773318579418720453e-02 2.315770387216289396e-03 4.148569492518763835e-02 1.147521115569395678e-02 1.197646922487576905e-02 2.534921945442426133e-02 1.793091994435249553e-02 -6.176603086736648807e-04 -5.889254394816259130e-04 -6.861548021529471214e-03 -5.801280732389517761e-03 -2.970108530382848701e-03 9.758696873861421456e-03 -3.311439418186300221e-02 -1.312626506766218469e-02 -1.117142643382678172e-02 -1.652250939997697982e-02 2.199841166564500596e-03 9.348570300972806196e-03 2.274086157201494259e-03 6.350757269468743083e-02 2.325788204974699180e-02 -5.902238895599085100e-03 -4.028737427805453505e-03 3.292549813861061353e-02 2.718499037583041456e-02 2.588130547552156512e-03 2.285739256704626132e-02 5.533313481120765570e-02 3.643740093340506331e-02 1.186850674203688595e-02 1.250185677498790414e-02 1.543946626667144946e-02 3.933214424411823375e-03 2.893672998711783670e-02 2.882631523836215806e-02 4.583024166759271101e-02 5.149371068952502545e-02 4.552284786572152742e-02
8.736635525339588038e-02 1.000000000000000000e+00 5.915305920067234768e-02 5.591060256062773542e-02 6.761549110992791378e-02 7.555057955174895867e-02 1.005613662798757330e-01 9.078474987306558996e-02 1.503665877448891186e-01 1.530282152863236822e-01 1.413766573790282977e-01 1.274011119966926842e-01 1.296821389289476989e-01 1.169855375884446408e-01 1.242444729676512732e-01 1.369060147818391138e-01 1.520836359451828157e-01 6.991432659213150935e-02 7.858484982752546311e-02 3.694525936069483624e-02 3.960569063151591490e-02 6.822985817134394337e-02 8.292077592993700452e-02 5.500961292846300726e-02 6.396672838746185474e-02 1.054215158464559127e-01 1.233944349596261952e-01 1.049420140837250548e-01 1.318673464332630607e-01 1.383307072587410536e-01 1.251331893675923235e-01 1.298871065353637555e-01 1.068078355165760773e-01 1.151024859080247431e-01 1.418232103862055171e-01 1.080433368209876427e-01 1.210745153644289251e-01 1.283658999855875060e-01 1.255341863969773319e-01 1.037959506953800015e-01 1.378637869520917547e-01 1.181445427433592127e-01 1.032241441445784225e-01 1.279604979925481612e-01 1.166904852803728604e-01 1.296583445388134470e-01 1.513579848696698649e-01 1.498667880170312383e-01 1.498184390401536559e-01 1.174134567478236496e-01 1.284582404078855322e-01 9.983661667074822388e-02 1.284374253989445380e-01 1.596768803301518991e-01 1.513259488379307127e-01 1.276777748654941425e-01 1.358513722787207112e-01 1.411586296299544296e-01 1.472427553713096526e-01 1.532545970140092306e-01 1.380236376344048110e-01 1.512702856768852744e-01 1.343943963077364190e-01 1.404082465355044329e-01 1.380721450605012224e-01 1.470123414442839893e-01 1.516196442902103536e-01 1.286691724538742421e-01 1.357523777663385556e-01 1.171709210918826377e-01 1.171881976709049922e-01 1.333895133362398289e-01 1.192019561666884109e-01 1.046582877234421283e-01 1.356864955439042175e-01 1.443290312485165094e-01 1.349033529177094404e-01 1.411902306036739718e-01 1.243948346093791957e-01 1.532660710750944344e-01 1.399380100445753172e-01 1.415912899271239977e-01 1.333205498968906833e-01 1.404351135791395144e-01 1.301473208246645974e-01 1.315997091769033067e-01 1.319767030701085586e-01 1.361843828366755271e-01 1.366660273976490481e-01 1.374935334113981666e-01 1.275630378761241079e-01 1.362125344453205822e-01 1.344602399902481149e-01 1.310266029903595364e-01 1.460553521411590006e-01 1.496024349253032848e-01 1.144584877011033397e-01 1.314587528795295168e-01 1.400185279954754280e-01 1.292967827907153811e-01 1.271473221028376344e-01 1.263028204358897233e-01 1.327868773653840262e-01 1.325811764769380119e-01 1.299274606214390337e-01 1.358002308506051081e-01 1.458095298862633615e-01 1.455861792908633989e-01 1.422372927339455861e-01 1.476414687523864844e-01 1.398242119776818559e-01 1.454236565390342462e-01 1.442015678047318950e-01 1.401661494732364954e-01 1.440440131374052801e-01 1.475872850773924383e-01
4.955485305390597978e-02 5.915305920067234768e-02 1.000000000000000000e+00 2.722792007823112148e-01 1.346735526684603168e-01 1.887521796009392627e-01 2.833837145405646574e-01 2.585830398773936167e-01 2.857649825688757250e-01 2.462911485756353602e-01 2.997216555749206424e-01 3.039321537726473732e-01 2.638450163414182703e-01 2.627556000219382071e-01 2.888644991480345259e-01 2.943612822498258286e-01 2.730378173389471641e-01 2.926841171359996219e-01 3.047629574464970625e-01 2.614504630358092663e-01 2.919868177697817480e-01 3.104775125889903675e-01 3.208940159153690352e-01 3.231709280019881003e-01 3.220599271105817341e-01 3.114187252334765232e-01 2.973959729673144592e-01 3.338674296991517854e-01 3.118985626871599859e-01 3.083754354793309949e-01 3.237560652080760937e-01 3.246812626416128444e-01 3.113536868003409230e-01 3.347198252703960097e-01 3.077122395479031658e-01 3.079643502777155151e-01 3.239920543138958831e-01 3.178220519848944381e-01 3.216894480366057074e-01 3.274305702984560140e-01 3.002833921485073554e-01 3.194807326999755670e-01 3.100778445805960626e-01 3.114449549045190668e-01 3.174818025109492625e-01 3.199246750110981696e-01 2.939001171365894782e-01 2.972729352387633028e-01 2.934333374562432262e-01 2.892965335766307655e-01 3.013310450399185325e-01 3.044715438698667453e-01 2.962312761114183624e-01 2.836974746932195424e-01 2.802978549120744289e-01 2.827780185099033616e-01 2.624436372672795392e-01 2.994389174338513149e-01 2.814599558193868201e-01 2.848488080888548213e-01 2.967045506959476442e-01 2.804627052927887720e-01 2.784197730078156741e-01 2.790343326920491362e-01 2.857368549954910630e-01 2.798417396881826558e-01 2.988641911148202657e-01 3.117656748301725900e-01 3.173727594327604429e-01 3.094324527244018963e-01 3.145771304759275577e-01 3.129223560654373348e-01 3.251840124213222216e-01 3.225795447273551719e-01 3.067070977159306322e-01 3.014420748577137932e-01 3.150851171061836986e-01 3.115166084840009786e-01 3.218294622210630673e-01 2.957802450970202224e-01 3.091077840417803535e-01 3.015215816466479959e-01 3.105514944043459291e-01 3.088331903744057638e-01 3.115122194954906276e-01 3.201610694646960242e-01 3.122414594000569310e-01 3.160726732174580222e-01 3.147661176277564143e-01 2.993254348202954440e-01 3.180123519962801959e-01 3.093643092307741815e-01 3.077215525590447087e-01 3.128345762731147839e-01 2.987839877227638219e-01 2.980673668149914080e-01 2.948221029038120000e-01 2.833188693517391110e-01 2.961648510824979041e-01 3.086612885059111799e-01 3.065297913423988829e-01 2.959833160805891428e-01 2.987718461508081513e-01 3.035740099106937206e-01 2.976815265259371568e-01 2.823245831409427753e-01 2.890991456476423860e-01 2.967537853256362324e-01 2.955361877738270637e-01 2.969570766260379302e-01 2.962624240995656022e-01 2.962597541557801528e-01 2.923485091845130501e-01 2.963212055234900055e-01 2.943147851752632160e-01 2.896672255156999554e-01
5.568819627919873588e-02 5.591060256062773542e-02 2.722792007823112148e-01 1.000000000000000000e+00 2.638897285796953374e-01 3.301855139817372331e-01 4.421798321918933850e-01 4.106494485471640088e-01 4.442738350143443649e-01 4.142610212788881974e-01 4.853017793006241809e-01 5.171357348586251845e-01 4.410037271893085253e-01 4.682535109040253385e-01 5.116068689580293150e-01 4.784787798423924543e-01 4.643848745338226003e-01 4.690469581015092038e-01 4.658237106595900512e-01 4.373625711729866028e-01 4.664925400525613552e-01 4.770047667295644334e-01 5.034082038922256253e-01 4.677152072031001695e-01 4.678778549052213243e-01 5.175897641023122775e-01 5.186142006367934210e-01 5.205979564625115019e-01 5.339070578181747129e-01 5.098311964899823190e-01 5.439078919710886861e-01 5.236353752210944901e-01 5.190251479476634122e-01 5.119067348791974670e-01 5.110419350018596818e-01 5.269899647198201809e-01 5.234776487092556163e-01 5.226851053057749441e-01 5.343445663892311126e-01 5.188044020445602422e-01 5.122463011201618954e-01 5.265067369307953049e-01 5.276680971437159862e-01 5.374054658080555935e-01 5.313555700318306485e-01 5.381355806133901742e-01 5.224549686204185139e-01 5.227631212378738290e-01 5.186778725790218703e-01 5.155167146183217142e-01 5.254080977626919280e-01 5.282599160754686274e-01 5.229702065797432464e-01 5.183690576521442495e-01 5.114922789673295167e-01 5.218870770792369829e-01 5.197199758047357232e-01 5.235511825180371170e-01 5.180761415591682573e-01 5.244972516405796981e-01 5.296236707040623548e-01 5.225792390976033985e-01 5.244499298080330663e-01 5.230447314628288158e-01 5.261238026774085474e-01 5.251692253447408643e-01 5.178041522840456379e-01 5.237699912768606358e-01 5.360584300295384574e-01 5.364026728070393490e-01 5.240827428272829547e-01 5.247525972951494477e-01 5.244442962619479953e-01 5.307447725642776559e-01 5.320343808344385472e-01 5.245615579340663359e-01 5.324320034026934767e-01 5.376420392017716710e-01 5.374210887566074346e-01 5.245867565211369543e-01 5.306433105308611120e-01 5.302512944819722795e-01 5.390612708043911461e-01 5.354630380365342779e-01 5.325964832806405758e-01 5.330745278563808753e-01 5.286394870465754847e-01 5.310339853155970902e-01 5.318791804008303759e-01 5.252250633287791626e-01 5.333459331180682161e-01 5.235179936877053519e-01 5.310990161257077569e-01 5.313017791727886463e-01 5.213031213108879625e-01 5.219746604901306375e-01 5.285364843404810609e-01 5.251026246279189014e-01 5.275968802884397624e-01 5.311230352803179011e-01 5.311034807609293917e-01 5.299438012011636889e-01 5.280912445188300497e-01 5.282931964416025528e-01 5.315926248878536375e-01 5.268984532497259510e-01 5.218696068784484110e-01 5.213391586758547858e-01 5.243174289458937265e-01 5.194644842211300073e-01 5.242574322228625849e-01 5.265415313109815809e-01 5.235239073801973841e-01 5.298386872203710851e-01 5.301620132576104760e-01 5.235010445488587072e-01
6.618826069220327957e-02 6.761549110992791378e-02 1.346735526684603168e-01 2.638897285796953374e-01 1.000000000000000000e+00 2.135382515481344112e-01 3.671160667805720701e-01 3.362358291528242393e-01 3.916805893586649545e-01 3.575679363138987710e-01 3.839726110855373742e-01 3.910396379568031322e-01 3.956201493627797827e-01 3.571443996870887205e-01 4.259103190416133056e-01 4.340772446892981473e-01 3.852653959389765181e-01 3.575340719900103048e-01 3.653898559123538448e-01 3.067452205601887139e-01 3.297905999405720268e-01 3.640598234798148591e-01 3.660601871223783110e-01 3.311577379987294956e-01 3.530086054716959909e-01 4.169196982288846387e-01 4.156740200807891861e-01 4.090499576862918762e-01 4.129796758710106430e-01 4.210945918159481050e-01 4.353811704052955034e-01 4.057369173198551726e-01 3.793667594844170043e-01 3.830163120100548158e-01 4.125584037694743911e-01 4.027687555410326414e-01 4.119207839911058211e-01 4.149993652483905393e-01 4.268905283775781268e-01 3.966490558233195518e-01 4.371536034731882125e-01 4.215489253794521551e-01 4.194151290944242993e-01 4.330570453902442551e-01 4.252028331339663958e-01 4.291385155679663388e-01 4.409595747873190641e-01 4.442847594805988676e-01 4.415342080724995455e-01 4.153824313188252404e-01 4.289488839653672336e-01 4.191359504118391532e-01 4.240202305294067942e-01 4.441174236204462056e-01 4.411938741856740176e-01 4.347663890529923081e-01 4.366734913519561001e-01 4.337724342413294965e-01 4.361821032815605959e-01 4.447747516476166507e-01 4.444377072721030775e-01 4.444664537764738688e-01 4.412143493983799458e-01 4.445405741674596789e-01 4.346820550033111963e-01 4.420304526584251659e-01 4.372280265024818813e-01 4.343377579398133292e-01 4.303694351065125434e-01 4.288872151926268472e-01 4.305030055726748461e-01 4.340721275459304418e-01 4.178058199184136456e-01 4.240841373484905974e-01 4.427878431433057149e-01 4.427393007678006587e-01 4.389780799915456444e-01 4.376970947298610692e-01 4.323649061812946948e-01 4.435497568098680232e-01 4.435948788585894476e-01 4.381650910393476983e-01 4.310086449662672292e-01 4.386677157100984936e-01 4.320256192975902576e-01 4.256914063094903722e-01 4.305119442280860298e-01 4.334197333624797421e-01 4.356194101207667702e-01 4.432466482511330796e-01 4.323858284650136663e-01 4.380240509376415181e-01 4.366065410803225411e-01 4.332349956319086481e-01 4.385046042181383608e-01 4.419081906085405853e-01 4.394583569777985588e-01 4.431021864439532720e-01 4.437070616011296598e-01 4.365395854100185269e-01 4.393887564037070592e-01 4.406953060436125114e-01 4.443692003143503433e-01 4.407300595774092944e-01 4.381199910345189297e-01 4.457929473216388772e-01 4.466258436796363140e-01 4.419218090010968991e-01 4.435292632235574573e-01 4.413731845330394754e-01 4.403671585663718746e-01 4.440801707613747373e-01 4.442836915041050161e-01 4.446971842416437837e-01 4.418743402982119872e-01 4.460017651934203298e-01
3.884940979032009550e-02 7.555057955174895867e-02 1.887521796009392627e-01 3.301855139817372331e-01 2.135382515481344112e-01 1.000000000000000000e+00 4.552535451125270249e-01 3.888132195928379331e-01 4.679569869884647737e-01 4.214251887162127064e-01 4.594410341087635241e-01 4.812751905712846501e-01 4.267034206913160599e-01 4.375309384215956832e-01 4.955874392381751647e-01 4.884877422940189784e-01 4.772940262235511599e-01 4.604043542337432071e-01 4.658367188178013651e-01 4.162420569378285085e-01 4.526137448656398776e-01 4.644031439404658346e-01 4.925916032359869412e-01 4.615256884489776779e-01 4.579663334951477038e-01 5.193327208721633115e-01 5.141974423984667641e-01 5.060805225386167949e-01 5.182487490003326869e-01 5.149743934744562823e-01 5.378991726693872488e-01 5.266368479938865477e-01 4.979722043613996063e-01 5.157530544048894994e-01 5.040061150586523375e-01 5.166023605968398380e-01 5.220169149405291531e-01 5.216838804811866348e-01 5.217315526179335805e-01 5.113065367434787012e-01 5.176547341232357047e-01 5.199306962286585065e-01 5.217595559639403024e-01 5.229756054482158634e-01 5.235437923294439244e-01 5.243360239921636134e-01 5.168809414727891793e-01 5.197883866884713822e-01 5.169819475036837586e-01 5.140078167874814197e-01 5.236171656209189784e-01 5.126383704179799938e-01 5.105763130380409631e-01 5.143075054396187840e-01 5.138203964822221081e-01 5.183403621438900100e-01 5.070664850806382296e-01 5.244432399502160225e-01 5.169699772025443396e-01 5.170082427862767727e-01 5.219008699718058475e-01 5.097924448275178433e-01 5.144215567583955151e-01 5.111896915823744836e-01 5.118351626846316949e-01 5.110921305654576585e-01 5.162389173035639711e-01 5.219805365775387340e-01 5.240933537581634605e-01 5.231538800874587780e-01 5.174622886009473399e-01 5.173504370310184619e-01 5.229902423824529523e-01 5.213186083615221067e-01 5.271283153109087571e-01 5.229090494899196750e-01 5.295626779655692173e-01 5.312235717274181868e-01 5.320791621521162584e-01 5.216251053840312846e-01 5.274024599779986167e-01 5.291994006880422763e-01 5.280776017366226593e-01 5.217423317534284344e-01 5.226745303164002099e-01 5.274649342766740689e-01 5.264803152129406971e-01 5.264052963978723687e-01 5.271346340118758800e-01 5.246868378911514474e-01 5.269113727501193445e-01 5.238821310590607849e-01 5.251760454137331946e-01 5.236285701727025899e-01 5.195449202869375505e-01 5.202009939577886266e-01 5.199880687990123818e-01 5.178085625877116849e-01 5.211685264907415238e-01 5.279255777157815244e-01 5.246778513747482053e-01 5.214560855915703064e-01 5.224016599937945093e-01 5.206681765985345933e-01 5.227419963291576321e-01 5.186222861613892787e-01 5.185833326898640072e-01 5.216043813792599071e-01 5.204104714398075648e-01 5.187878777144433462e-01 5.215854732382738668e-01 5.186339379579694153e-01 5.176864851173528237e-01 5.212714572212217012e-01 5.208519931351026644e-01 5.174886145903287993e-01
5.662108234422778830e-03 1.005613662798757330e-01 2.833837145405646574e-01 4.421798321918933850e-01 3.671160667805720701e-01 4.552535451125270249e-01 1.000000000000000000e+00 6.141419492908306577e-01 6.637863951657291262e-01 6.100471154212486757e-01 6.884672298050371619e-01 7.197712026558431564e-01 6.410252719747239203e-01 6.848594693059666394e-01 7.804320831945202874e-01 7.274499397931064593e-01 6.610084020946176420e-01 6.796761757239669910e-01 6.882809558700564434e-01 5.722556250563147762e-01 6.436225479762246460e-01 7.043375650629321028e-01 7.290240272244613573e-01 6.773000744470185630e-01 6.996852635066106441e-01 7.810950090836717985e-01 7.499832199497900032e-01 7.698153208610754028e-01 7.554978812487829209e-01 7.449179374138306109e-01 7.873863369737805762e-01 7.635698685014861153e-01 7.433023591403423724e-01 7.535965396163386565e-01 7.424519463845064005e-01 7.355157169376691506e-01 7.478544489548141216e-01 7.785854697601681806e-01 7.793806631880156877e-01 7.703818331229544958e-01 7.690146262535143551e-01 7.852949204184231924e-01 7.772249684241022694e-01 7.828375870369290723e-01 7.734557786843913041e-01 7.895269348168679757e-01 7.647656496926413805e-01 7.634158661142708135e-01 7.549414790646571394e-01 7.331277840370028498e-01 7.656697569744806975e-01 7.429428718494593964e-01 7.482628925230624395e-01 7.455581335778949104e-01 7.436147698055605160e-01 7.578671442527558089e-01 7.190574614972684575e-01 7.721377399462661106e-01 7.491328638091500070e-01 7.530379922885306332e-01 7.672426944044600239e-01 7.428759859055137360e-01 7.386875883494345985e-01 7.333134170894306525e-01 7.395992611071490197e-01 7.345176482382675953e-01 7.615681323703590300e-01 7.742050069010052438e-01 7.802232784946636635e-01 7.607569471246256043e-01 7.770886965238724686e-01 7.754868826913260405e-01 7.723859146896209227e-01 7.769635723481825851e-01 7.805972082142925705e-01 7.745673509903827636e-01 7.847616519022351245e-01 7.766262297515500457e-01 7.880928699508494839e-01 7.676865291281126380e-01 7.728951258319644024e-01 7.786074075356183011e-01 7.719189895669394952e-01 7.710762177285901409e-01 7.674498611248184998e-01 7.737735564535260790e-01 7.719875534232250036e-01 7.865544645702470250e-01 7.812492934678021417e-01 7.750425706805140758e-01 7.825966559269248446e-01 7.807202254366257810e-01 7.794183887038734770e-01 7.879313614459756421e-01 7.673428731589063689e-01 7.657435220088658623e-01 7.649478653748766899e-01 7.415939546929306569e-01 7.646487368548371411e-01 7.783766355964812922e-01 7.811084711880887932e-01 7.668322550923164505e-01 7.605022361788486007e-01 7.745533571807994289e-01 7.653531338775091397e-01 7.501662366174353114e-01 7.551699496773224274e-01 7.665212636767481102e-01 7.714909826687128547e-01 7.633238534840131040e-01 7.720523179006774095e-01 7.662940673459707197e-01 7.614336416504448035e-01 7.611622979511588616e-01 7.562067499379662161e-01 7.529097411425503816e-01
4.458490901264802048e-02 9.078474987306558996e-02 2.585830398773936167e-01 4.106494485471640088e-01 3.362358291528242393e-01 3.888132195928379331e-01 6.141419492908306577e-01 1.000000000000000000e+00 5.820409333983433964e-01 5.170418241776434387e-01 6.078168919599082898e-01 6.579594958714878317e-01 5.766450829839487868e-01 5.716018755388706518e-01 6.943989955638425471e-01 6.794447551854124745e-01 5.920873508751225422e-01 5.949834030475125157e-01 6.138873025420500396e-01 5.224886401128706614e-01 5.623108344635796563e-01 6.148292274151690995e-01 6.448858503299417233e-01 5.652569262791380389e-01 6.063689705572000710e-01 6.889100602886946145e-01 6.579326522961654877e-01 7.006094257633043165e-01 6.844373473126699192e-01 6.555760294989414483e-01 6.964960092618786014e-01 6.712215023550544002e-01 6.576728680396286553e-01 6.460164906652586803e-01 6.512196223468845746e-01 6.652168852664600562e-01 6.689301384490093927e-01 6.874096642285834058e-01 6.850072758879484081e-01 6.882934858345489681e-01 6.699593540799974045e-01 6.978664385865489539e-01 7.039718319412825442e-01 7.010173559358494622e-01 6.946643440477355824e-01 7.038838769862462152e-01 6.754305326104378393e-01 6.751737477933509313e-01 6.685736513012852100e-01 6.653768971275942912e-01 6.882601204907290438e-01 6.814264289593657820e-01 6.748095379120463422e-01 6.668799161992940983e-01 6.730830582738130952e-01 6.848707086696544932e-01 6.645158071526160448e-01 6.910928096917924313e-01 6.790783191543998676e-01 6.750119180351412673e-01 6.857389666180371268e-01 6.739766768150708964e-01 6.735244081452611553e-01 6.722857110529756319e-01 6.658145235809858065e-01 6.707395797191548770e-01 6.700779852928514524e-01 6.760648012182755018e-01 6.878721245483029323e-01 6.798828896834079316e-01 6.793450022468352500e-01 6.803064824909992314e-01 6.690239596274688560e-01 6.779467660999374257e-01 6.929281724768793227e-01 6.859870099187612702e-01 6.984919821894193248e-01 6.939515290518807333e-01 6.964644373643842368e-01 6.793156840286431741e-01 6.819615335233891740e-01 6.877196898625379529e-01 6.881432035668404446e-01 6.842368598041820293e-01 6.823185866298965285e-01 6.761385997528736036e-01 6.804522055840086514e-01 6.965849613219525782e-01 6.860949149430324301e-01 6.914874772016132987e-01 6.893505451724765143e-01 6.862302505534194630e-01 6.882101187430199607e-01 6.929988842211944888e-01 6.740385099176537942e-01 6.756040006428740696e-01 6.914944027955373107e-01 6.770628925705665102e-01 6.814751138049338630e-01 6.891311489786609012e-01 6.942758243600478663e-01 6.885603608463694014e-01 6.818247013317565441e-01 6.906333053121542775e-01 6.847544614703391375e-01 6.841499303358674622e-01 6.770791771942985537e-01 6.792674462074498321e-01 6.878685770636201458e-01 6.793856966152310717e-01 6.847815578806173420e-01 6.810496393101064250e-01 6.809845734155832719e-01 6.837202185863407999e-01 6.791866757766834573e-01 6.747948952687211621e-01
6.446525052732700323e-02 1.503665877448891186e-01 2.857649825688757250e-01 4.442738350143443649e-01 3.916805893586649545e-01 4.679569869884647737e-01 6.637863951657291262e-01 5.820409333983433964e-01 1.000000000000000000e+00 7.174109794818106511e-01 7.344571911528443575e-01 7.871519411391592058e-01 7.221922508807048224e-01 7.263740518931759427e-01 8.093660301491640841e-01 7.819652872593811921e-01 7.707076745018309749e-01 6.927711650623220585e-01 7.227023937264311915e-01 6.077162532438665776e-01 6.546953841415029673e-01 7.255779981283642099e-01 7.322824805297960538e-01 6.747334385245760124e-01 6.993746001334021356e-01 7.985005932190748501e-01 7.981757488959529967e-01 7.862614617099122905e-01 8.137238175347916158e-01 8.026520539741053284e-01 8.390045540899797594e-01 8.212588042841122427e-01 7.554822235758433813e-01 7.920736771004776022e-01 8.067936073854158341e-01 7.946285409632345420e-01 8.091537455887175545e-01 8.271650842489954858e-01 8.333409711564087052e-01 7.734980409716847305e-01 8.360470367125943936e-01 8.241807124807649654e-01 8.170892657280015570e-01 8.379027016522180293e-01 8.176879400630318040e-01 8.367290317331050886e-01 8.527702698100729783e-01 8.591668293926035815e-01 8.534067228466287736e-01 8.210674313640141664e-01 8.415239179966098604e-01 8.107677298658060305e-01 8.226120687170664914e-01 8.539335955916839138e-01 8.411846225703095703e-01 8.310282549980237965e-01 8.287799889696100264e-01 8.483472642830982569e-01 8.425866984009298122e-01 8.569179650526188574e-01 8.520985124473284822e-01 8.500049294627111118e-01 8.369930100612077428e-01 8.471723084810439675e-01 8.511462379538594636e-01 8.453577807057492954e-01 8.572847060774444472e-01 8.426183672926121915e-01 8.497271764344492828e-01 8.334216133413827610e-01 8.321361751909696070e-01 8.449154293424062656e-01 8.302761951877138946e-01 8.273437152305699316e-01 8.501635780251607377e-01 8.526852013974413058e-01 8.450507951299772724e-01 8.535222157282846833e-01 8.422000780787997076e-01 8.540706361228679322e-01 8.524376739768710909e-01 8.541240079304206478e-01 8.486822844529618992e-01 8.493494491353269504e-01 8.419966793218863765e-01 8.467451566130733687e-01 8.497184207018710911e-01 8.455982885762074464e-01 8.505178255081369265e-01 8.446829872514173276e-01 8.358626341098949197e-01 8.502561489824462804e-01 8.473264610601313196e-01 8.470334401233839960e-01 8.551895734248606828e-01 8.561473757489761471e-01 8.288133642977241200e-01 8.445336312481492858e-01 8.534120760848300513e-01 8.485190128251186570e-01 8.448907699802620241e-01 8.459529760784701979e-01 8.493194450981842447e-01 8.524036941601260686e-01 8.498940676993538279e-01 8.437481946900788898e-01 8.547650779005491195e-01 8.567043602926892598e-01 8.510501941400578918e-01 8.566475355453684326e-01 8.499946868681774736e-01 8.575429100815881167e-01 8.519288823801033361e-01 8.557707587558435192e-01 8.557071857975496743e-01 8.540131484324456901e-01
6.221938037929448939e-02 1.530282152863236822e-01 2.462911485756353602e-01 4.142610212788881974e-01 3.575679363138987710e-01 4.214251887162127064e-01 6.100471154212486757e-01 5.170418241776434387e-01 7.174109794818106511e-01 1.000000000000000000e+00 6.872694659449509746e-01 7.149515997311328697e-01 6.695103729286950855e-01 6.643464417738143002e-01 7.443351494555959791e-01 7.224383033446220015e-01 7.076488844755299823e-01 6.247873862898929431e-01 6.543851506018393271e-01 5.472665578770153916e-01 5.910809281887834388e-01 6.575256275094081282e-01 6.736251787831852855e-01 6.131023325095112941e-01 6.356620172007800829e-01 7.368697621748581117e-01 7.272903487906149378e-01 7.273783911080897724e-01 7.448952322270389059e-01 7.411851272364237131e-01 7.693301027611962883e-01 7.634932130769784830e-01 7.031111836079163568e-01 7.341168164408284902e-01 7.500011926225412795e-01 7.330976069175928478e-01 7.431263152164182539e-01 7.640034978435390478e-01 7.739932522269128423e-01 7.192899596022820363e-01 7.826061057617258454e-01 7.594546203490124547e-01 7.493680598292787876e-01 7.729611609525903759e-01 7.504397176973801598e-01 7.723381411145676667e-01 7.909559268834110979e-01 8.027870121372061574e-01 7.915551369658775371e-01 7.492527500172764254e-01 7.753558268490128302e-01 7.353580150404692706e-01 7.582922498452502325e-01 7.940550680735471989e-01 7.795478902352417361e-01 7.693502706573117633e-01 7.597947227364111322e-01 7.849018212508223069e-01 7.810397905455783718e-01 7.910074798648573102e-01 7.886958928873037955e-01 7.861363502177228790e-01 7.698029668527390790e-01 7.786357694006703634e-01 7.837706667813708616e-01 7.773224737233918047e-01 7.981417121184235519e-01 7.808817278539660345e-01 7.864079036568010217e-01 7.688675656552836912e-01 7.671101599953287220e-01 7.831834913352025973e-01 7.668342511293692043e-01 7.600365327841849261e-01 7.872961665362356865e-01 7.910996163619686827e-01 7.797217603838614286e-01 7.879643829658796728e-01 7.773462189477495787e-01 7.934495518915449797e-01 7.915514516937293132e-01 7.929188852725549408e-01 7.865445208972983160e-01 7.882652082727517051e-01 7.786394543637771282e-01 7.847940672382200944e-01 7.880810312138227802e-01 7.882194532006647769e-01 7.900009311243323396e-01 7.861825477355691705e-01 7.751706128289018727e-01 7.892694788020934160e-01 7.867138409759115714e-01 7.864424460956810359e-01 7.967774140782643011e-01 7.968953434819047166e-01 7.659994925414191913e-01 7.761549307562618516e-01 7.937556442571030990e-01 7.866324148166795593e-01 7.831449193763284633e-01 7.810665858352108248e-01 7.864628541644237414e-01 7.876914388887625851e-01 7.855805042083341405e-01 7.779537425195163225e-01 7.941120322733652426e-01 7.967670799585637731e-01 7.925347315197590614e-01 7.952967562447925687e-01 7.899965597278401086e-01 7.955802804856715316e-01 7.908254210139635809e-01 7.907927981647324689e-01 7.883233256366991570e-01 7.906674964839430775e-01
2.678107922660737106e-02 1.413766573790282977e-01 2.997216555749206424e-01 4.853017793006241809e-01 3.839726110855373742e-01 4.594410341087635241e-01 6.884672298050371619e-01 6.078168919599082898e-01 7.344571911528443575e-01 6.872694659449509746e-01 1.000000000000000000e+00 8.063670117739069054e-01 7.075778627543819477e-01 7.239011263554506748e-01 8.172335372881168736e-01 7.889211171305967607e-01 7.465611085487570131e-01 7.067622325813389672e-01 7.434572727874653175e-01 6.262714067860141176e-01 6.782728703500017220e-01 7.532625050041460435e-01 7.680568345803203689e-01 7.064231297791729869e-01 7.391343207413960670e-01 8.136395909355373934e-01 7.985628421886564743e-01 8.122239996964354392e-01 8.028521575879543626e-01 7.963392878955671828e-01 8.404837836430013587e-01 8.356110816295171384e-01 7.899358258096089713e-01 8.093816622270386674e-01 8.069655298268905153e-01 7.985875390323936562e-01 8.225718196917163327e-01 8.360442759700025261e-01 8.478696206984983608e-01 8.115324809996788957e-01 8.468492510868868006e-01 8.428652283991181493e-01 8.274243140944095298e-01 8.533888711482118250e-01 8.359182880610586119e-01 8.474558369587955609e-01 8.497766663675184740e-01 8.494765896806361072e-01 8.446176097475007749e-01 8.140550129296151294e-01 8.421448688123693849e-01 8.145281622416249423e-01 8.263615547304414832e-01 8.357409144914147436e-01 8.297420274065674395e-01 8.287635549171048499e-01 8.038470644583224356e-01 8.495110829007744835e-01 8.370193718884659795e-01 8.440656181786188039e-01 8.476791367194057569e-01 8.372128287332194496e-01 8.232768809924142506e-01 8.279765525016400396e-01 8.353475268349090932e-01 8.275442367309097103e-01 8.525656073092144904e-01 8.481539554359032174e-01 8.576647005352753261e-01 8.402214236142695469e-01 8.457055185657298413e-01 8.510094768136126087e-01 8.408098135933393946e-01 8.430078034374279827e-01 8.555139102735568324e-01 8.546111607931966558e-01 8.565840026143993757e-01 8.523285928289960900e-01 8.508479911395148143e-01 8.495058877818691956e-01 8.556561788167942328e-01 8.581516745491964970e-01 8.480015131295521869e-01 8.576107644157882071e-01 8.499050843502883312e-01 8.557850792051423516e-01 8.556936555883344342e-01 8.574235355039203643e-01 8.600616481806565572e-01 8.497981432333248097e-01 8.550242541011791042e-01 8.579222618368570474e-01 8.532787195740177966e-01 8.575628001493623698e-01 8.546260161909001729e-01 8.544451932888074142e-01 8.340123891431640013e-01 8.286800491182754191e-01 8.498552420689176046e-01 8.569534244541282542e-01 8.529221053459883350e-01 8.425614752325892853e-01 8.471479484616187827e-01 8.543378685007221307e-01 8.471160776261331682e-01 8.302308149881878485e-01 8.447590996615047532e-01 8.523249376509984820e-01 8.495780772651841950e-01 8.528027557929079849e-01 8.511348898089686754e-01 8.521455641698214567e-01 8.474361799648407745e-01 8.465959565643870199e-01 8.469594612551345492e-01 8.430874029529182856e-01
1.967740379063076528e-02 1.274011119966926842e-01 3.039321537726473732e-01 5.171357348586251845e-01 3.910396379568031322e-01 4.812751905712846501e-01 7.197712026558431564e-01 6.579594958714878317e-01 7.871519411391592058e-01 7.149515997311328697e-01 8.063670117739069054e-01 1.000000000000000000e+00 7.658754238386982216e-01 7.696029547211286070e-01 8.797649742903758119e-01 8.551138327885756674e-01 7.800944542230802137e-01 7.443067503465706780e-01 7.744028546880600272e-01 6.657400287612198486e-01 7.088121010624335305e-01 7.864436297806011167e-01 7.998119160855591270e-01 7.246911182793406292e-01 7.655750507721015286e-01 8.713266432095888581e-01 8.554727665474342047e-01 8.656021231812059957e-01 8.719656144326862757e-01 8.468783056312809698e-01 9.002062801599629571e-01 8.772833008054825576e-01 8.305135013791722365e-01 8.492202621212040503e-01 8.613415898437887241e-01 8.594434892934753600e-01 8.759234162876029517e-01 8.847303180012250357e-01 8.982450001539213913e-01 8.599354217658432553e-01 8.924901153916738883e-01 8.960974308135800648e-01 8.975282146116726478e-01 9.095121229017789632e-01 8.946519776920013323e-01 9.035953939086962539e-01 9.059343892371839457e-01 9.048295108928119390e-01 9.004725392418759800e-01 8.694835954984236892e-01 8.965232675770136161e-01 8.826837103228465375e-01 8.848616532838489146e-01 8.936724016769814760e-01 8.864821168855596678e-01 8.862639021529042926e-01 8.700952195163808023e-01 9.037520186191578819e-01 8.913198122370922238e-01 9.032351463835768257e-01 9.100661518357987534e-01 8.974042261242283214e-01 8.858657283457007647e-01 8.930738017203012635e-01 8.947835659663530006e-01 8.883952968204833489e-01 9.052102151128053054e-01 8.961452366709310446e-01 9.063169135552237021e-01 8.944172962291718765e-01 8.927750307082311654e-01 9.006864640921330434e-01 8.851896885081255162e-01 8.894211894985529776e-01 9.109683356640221330e-01 9.081502825367830933e-01 9.094609144033953818e-01 9.084726808422060040e-01 9.057718979029472095e-01 9.021772972772487131e-01 9.084400372096272935e-01 9.130634034852949110e-01 9.066838764076889934e-01 9.063321721580033241e-01 9.035780601058452932e-01 9.044933194312659852e-01 9.098018298696151085e-01 9.085536008153809462e-01 9.124324727999437723e-01 9.051971298761923856e-01 9.064660137525251127e-01 9.111267700852836438e-01 9.109639744141543316e-01 9.116748794434554881e-01 9.080472994022434907e-01 9.089929607785490751e-01 8.983249300823897832e-01 8.944423854404007779e-01 9.075414818152598428e-01 9.113302030323587877e-01 9.134409606904839718e-01 9.042757341277890548e-01 9.061601858809394949e-01 9.134581739156283353e-01 9.094608138329334235e-01 8.978501048358926706e-01 9.051247924074595774e-01 9.092463002324123744e-01 9.073961962870158438e-01 9.086094288088136794e-01 9.071452199048783971e-01 9.085701198976251503e-01 9.060996228921126550e-01 9.084067802065149966e-01 9.066231424587354315e-01 9.039852933758532050e-01
2.221583066080899671e-02 1.296821389289476989e-01 2.638450163414182703e-01 4.410037271893085253e-01 3.956201493627797827e-01 4.267034206913160599e-01 6.410252719747239203e-01 5.766450829839487868e-01 7.221922508807048224e-01 6.695103729286950855e-01 7.075778627543819477e-01 7.658754238386982216e-01 1.000000000000000000e+00 6.798443264164449884e-01 7.967333898054680397e-01 7.669031565907308279e-01 7.090258751261185877e-01 6.590120539733537175e-01 6.902774451486600737e-01 5.694923623787215838e-01 6.161844268487726151e-01 6.895524898304932204e-01 6.911958725214836230e-01 6.380620857493308762e-01 6.713694598804185176e-01 7.801231298662638647e-01 7.629085164065974034e-01 7.652288389189481066e-01 7.729134477801246073e-01 7.660841984467802179e-01 8.018350487538477012e-01 7.703529826358598287e-01 7.169082980161242125e-01 7.372645022421605576e-01 7.647938251341882543e-01 7.553563519664491244e-01 7.694515639138800323e-01 7.790995585498696752e-01 7.953455284128839731e-01 7.520642278367442035e-01 8.153783331336492690e-01 7.937659426582233113e-01 7.914094520566195001e-01 8.089585074165096534e-01 7.930778108022653594e-01 8.033009287648921193e-01 8.195168275641621092e-01 8.233727154606899079e-01 8.186977666097183803e-01 7.707727916281578162e-01 7.966718197322401052e-01 7.777065608442220723e-01 7.967945195208335774e-01 8.195238045379916736e-01 8.111522386622053160e-01 8.048811346267221722e-01 7.890434500337062396e-01 8.150067284674030743e-01 8.047459545721236118e-01 8.241971723139193129e-01 8.229261918923992392e-01 8.157111093135497315e-01 8.056741328364622756e-01 8.110603070569132322e-01 8.104581839014509681e-01 8.079552994093949225e-01 8.240651432713703706e-01 8.100813402744853065e-01 8.145570471289680370e-01 8.006843930126347209e-01 8.001121364211823961e-01 8.178389002519356188e-01 7.960373986669986301e-01 7.972253833107884047e-01 8.245008185420129587e-01 8.216924999322429146e-01 8.168324798490725902e-01 8.179210971227435234e-01 8.136400610927003729e-01 8.215304975877790739e-01 8.196836956057909074e-01 8.252979915817046930e-01 8.117439257227694327e-01 8.134147982489399187e-01 8.029727926262590909e-01 8.053876220864787383e-01 8.152935254304898294e-01 8.176738948539680196e-01 8.194150933407429171e-01 8.215887562457910853e-01 8.071121041068960444e-01 8.229242188909915434e-01 8.202097719282314126e-01 8.205374651570970235e-01 8.267577388715910969e-01 8.270551104799099829e-01 8.090148369847253162e-01 8.097257329694145245e-01 8.254016378456050518e-01 8.184945457012414716e-01 8.225899481091066834e-01 8.163328362024844242e-01 8.196375890997046332e-01 8.242254204444130483e-01 8.229065817326699506e-01 8.153637609030764954e-01 8.243926594203185854e-01 8.269410960762297869e-01 8.260126811102184163e-01 8.245845892835191870e-01 8.208490519375453154e-01 8.272167025606916857e-01 8.235772727806255356e-01 8.251160141657630787e-01 8.217611675173930319e-01 8.233919605618329474e-01
