1.000000000000000000e+00 1.444981334361560843e-01 2.491555489261926548e-01 2.054815627594886729e-01 3.960203402305428888e-02 1.595808547211925027e-02 -5.302504449261967456e-02 -4.039710589841509492e-02 1.514649730194677912e-01 8.252817724838827640e-02 1.026278212594499695e-01 1.131816973903195661e-01 9.628116977139873287e-03 1.863964468842382524e-02 -2.920744215796064122e-02 -5.089466780534417437e-03 9.530246740636394431e-02 1.716963271451590056e-01 1.769229765726220982e-01 1.385761977861591811e-02 2.510264873031212152e-01 2.421091234975028539e-01 1.072873962936018860e-01 2.162992537658171011e-01 2.563173706581033384e-01 1.071251150792002088e-01 1.592166790342404159e-01 1.096118772064399866e-01 1.867512993504315266e-01 1.777711705069781045e-01 1.598026174331472482e-01 3.105671862267197006e-02 5.128891395475032589e-02 7.213272154856519014e-02 8.133157532858412142e-02 7.868899052705417840e-02 1.020598115313647858e-01 3.440990292483453797e-03 4.267131363817639605e-02 -2.455967437986533719e-02 3.102782704285977564e-02 2.291609189074984843e-02 1.422077571348150105e-02 1.511664906101804415e-02 6.200456400940732027e-02 4.387523586840473555e-02 2.206598000240232033e-03 2.566454468107116568e-02 1.472524079870197837e-02 -9.654585284716243887e-03 3.085531230376699894e-04 1.377868619459345773e-02 2.613857998274173380e-02 5.931881661851750448e-02 5.237531634093960109e-02 5.374550840199564250e-02 5.094190427740530325e-02 1.306820091731535419e-02 1.010006069453327736e-02 3.136124440776921762e-02 1.404595733465561352e-02 2.835750598625752517e-02 8.935983723262531236e-03 1.617199078153734246e-02 7.852427601176681371e-02 5.968864666103870092e-02 2.615087690889451172e-02 5.186671573269963087e-02 5.268556264564157321e-02 3.384924328729550791e-02 1.010109222255742567e-01 7.378454235105216807e-02 9.826849598836666366e-02 1.244657779621464733e-01 5.130921919481924026e-02 5.696590345728617943e-02 3.500706294384002548e-02 8.950866516537822615e-02 7.905323161354500805e-02 8.150856590839804239e-02 7.445367500011979001e-02 7.604269177828180959e-02 6.200290158202131224e-02 5.364418857764123583e-02 2.579276228216300509e-02 5.685498290124779697e-02 5.079771400105535101e-02 1.163695054458148068e-02 2.630754039144423545e-02 4.895927346386315382e-02 6.849951643803519133e-03 1.316887203659647745e-02 2.392734639392386439e-02 2.666249831103429876e-02 4.544121223161459722e-03 1.676224100881898091e-02 3.250980373318139958e-03 5.001216646988506515e-02 1.524979058396568575e-02 -1.361098689664104076e-03 6.828527455422758567e-03 2.644139977598265745e-02 3.011058863856036841e-02 6.658489184466253111e-03 2.205424167842551589e-02 5.047227100652872112e-02 2.736404949529316899e-02 2.504727591640016834e-02 4.107498521616864684e-02 7.567414217884230361e-03 1.160612987432910193e-02 1.823863586777412643e-02 2.054106980685057107e-02 2.263924339200894947e-02 3.311119369856520278e-02 4.075449850385195333e-02
1.444981334361560843e-01 1.000000000000000000e+00 1.751595697537454976e-01 1.144102151503546549e-01 5.369067381179967041e-02 8.618468256617352330e-02 9.322918904014793062e-02 6.261391230491783477e-02 1.572742305944710983e-01 1.823739163754720394e-01 1.598344888636010486e-01 1.745766396129335152e-01 1.532789932103086061e-01 1.525991084047990110e-01 1.361356712009717251e-01 1.300836683522466064e-01 1.697069470842547390e-01 1.793207625803888428e-01 2.211428582947802535e-01 9.887531648056173406e-02 1.838894725785827633e-01 2.281562147626927106e-01 1.784652610473523027e-01 1.810470133810275495e-01 2.210732743096864850e-01 2.035059560348980168e-01 2.212159859617067181e-01 2.112399054646163510e-01 2.403649453901678668e-01 2.453369973579411778e-01 2.332987700989838653e-01 1.544243716426970114e-01 1.592700315808428246e-01 1.459257631423064860e-01 1.774068738753423191e-01 1.152065327678415130e-01 1.715269896859273890e-01 1.339512511097287195e-01 1.522313788419075442e-01 1.228298029182602752e-01 1.666124537034727737e-01 1.485521718503008126e-01 1.265746072484642548e-01 1.491925698691386470e-01 1.619266369489296420e-01 1.615262776159977764e-01 1.544822648973922519e-01 1.697761026939600126e-01 1.388794689069863808e-01 1.087573485353276054e-01 1.168154503673319994e-01 1.280691058201297861e-01 1.438091096450971884e-01 1.909165035380840647e-01 1.692506618231097437e-01 1.829355349968884714e-01 1.447310886158403309e-01 1.498844392975400286e-01 1.442891090803247178e-01 1.684141030848671783e-01 1.364947805411564075e-01 1.591424254838086916e-01 1.406496156464871750e-01 1.343491797960710277e-01 1.769713407939966787e-01 1.648757356834362753e-01 1.645108253234096596e-01 1.798467069004075491e-01 1.810545343985337785e-01 1.689684275393945889e-01 1.862404060156381269e-01 1.873966959017988876e-01 1.799307532073373683e-01 1.935169157515919391e-01 1.771091493435946185e-01 1.783776689519245839e-01 1.707238397450652201e-01 2.023308550572603948e-01 1.961168462282928127e-01 1.979550292877324258e-01 1.875428996345723798e-01 2.027004639687458032e-01 1.676700732863423415e-01 1.787279894263139046e-01 1.481209474496836820e-01 1.640957547028268626e-01 1.705694089778024836e-01 1.497421951760982139e-01 1.611017257808036451e-01 1.762331637758736969e-01 1.486908434181456184e-01 1.539578074278248332e-01 1.609681631925172496e-01 1.605926810849449826e-01 1.551484497625653103e-01 1.624840757567130589e-01 1.213271942887695215e-01 1.433296550739115160e-01 1.506522118223412032e-01 1.336672058371334848e-01 1.443589740114134545e-01 1.484256273268675652e-01 1.593264528001477331e-01 1.505132184151374009e-01 1.573688298543351183e-01 1.555272334223164188e-01 1.523605354779244692e-01 1.741959683669587200e-01 1.760427994985968303e-01 1.516176649928465958e-01 1.547274596435745109e-01 1.628519571800542964e-01 1.596671790477703079e-01 1.539006784713285447e-01 1.689119465359795458e-01 1.692027582490925885e-01
2.491555489261926548e-01 1.751595697537454976e-01 1.000000000000000000e+00 4.640889545581033948e-01 1.469817137254349759e-01 1.751266773494971341e-01 1.649740685284838415e-01 1.701834604136430729e-01 3.696676880445223801e-01 3.299501517674516826e-01 4.269535109719468924e-01 4.280309028026715312e-01 2.857617292414884602e-01 2.946450530694003644e-01 2.761946791435984094e-01 2.854525742107271169e-01 3.325816961752024459e-01 4.725239394111511171e-01 4.913187880757375892e-01 1.802733747209588344e-01 5.190502653133092226e-01 5.449213337754353903e-01 4.380992107635954258e-01 5.098742405697604951e-01 5.667223945134022278e-01 4.375366887890820289e-01 4.873800106667229293e-01 4.590956839569518277e-01 5.232877114399967500e-01 5.313633471469753067e-01 5.274060095464796483e-01 3.655102154144336257e-01 4.036636033093763398e-01 3.989062656641503835e-01 4.178687554729091369e-01 3.484884006753026786e-01 4.365894855083574666e-01 3.347999328578936673e-01 3.741049547643957029e-01 3.203665498753343055e-01 3.583938486712559546e-01 3.553578175847559306e-01 3.295443495161724523e-01 3.459521658005141886e-01 3.968613750898805637e-01 3.860862584744481074e-01 3.219570518021520611e-01 3.414148399317292193e-01 3.189366050464102487e-01 2.873571264091471233e-01 3.051801927178041662e-01 2.621965812059310896e-01 3.077739370191591717e-01 3.583740342968151915e-01 3.731439091018324272e-01 3.845071514926207135e-01 3.183714779107439385e-01 3.290917932877782115e-01 3.232406699446766507e-01 3.211222646255476043e-01 3.107864415087500110e-01 3.304046546657158911e-01 3.218897016093802410e-01 3.010236541523447773e-01 3.465163264676603960e-01 3.309092675458246147e-01 3.405178865850301273e-01 3.862175205597503935e-01 3.791975993388764232e-01 3.399189793511813718e-01 4.385475506041545124e-01 4.063802341430243770e-01 4.287164029181244618e-01 4.613828288467533012e-01 3.837227477855744140e-01 3.889599820788346984e-01 3.719211531887897104e-01 4.434757819085414221e-01 4.326179982757402120e-01 4.287102964119720583e-01 4.129130093421560233e-01 4.305056086155135686e-01 3.758391830733125438e-01 3.906292535833670865e-01 3.389762574312027987e-01 3.766520623068992935e-01 3.823618084287368490e-01 3.395965163291243538e-01 3.569150309436840973e-01 3.756421169901462687e-01 3.310412677311622143e-01 3.371234044777691174e-01 3.534059081586095608e-01 3.578679203057679170e-01 3.250459074505714363e-01 3.356365566400564826e-01 3.196400313928213777e-01 3.319968298600118328e-01 3.328413210389580823e-01 3.174065857455497519e-01 3.269726215825328741e-01 3.388653039903564701e-01 3.391154211290660636e-01 3.244328664211022506e-01 3.309913269865510377e-01 3.470920518366509278e-01 3.378803386706270007e-01 3.431807758513092943e-01 3.662936749207968412e-01 3.217084671528390172e-01 3.371011472028403455e-01 3.278724076624742745e-01 3.367515780537702064e-01 3.282267632856359918e-01 3.335932420375050111e-01 3.400156983995782922e-01
2.054815627594886729e-01 1.144102151503546549e-01 4.640889545581033948e-01 1.000000000000000000e+00 2.882272688855219700e-01 3.462019894866609215e-01 4.247208539559010898e-01 4.332149879579251794e-01 5.923529509925933301e-01 5.060963229944557273e-01 6.174850267534702786e-01 6.725970444157013395e-01 4.978727674690050509e-01 5.073895685112814746e-01 5.318057975331695886e-01 5.467220377109081042e-01 5.455914278903414294e-01 6.281470809295479629e-01 6.091496679738881426e-01 4.167296930838207958e-01 6.652481331704678258e-01 6.577565606859622216e-01 6.226992750436846080e-01 6.348493839550478635e-01 6.569792365232858256e-01 6.128241416285129528e-01 6.386817362157808375e-01 6.070663301268590661e-01 5.977048929682119427e-01 6.335122798097116981e-01 6.513485335737688731e-01 5.965032209874906455e-01 5.893986295481032922e-01 6.203428950663159025e-01 6.009192758272891011e-01 6.046412799751782474e-01 6.543212054687731483e-01 5.904550728209406740e-01 6.188632433868688221e-01 5.841456681235741577e-01 5.874864555452452564e-01 6.000380378772685042e-01 5.943918023664690464e-01 6.002083381985052757e-01 6.319678682837052142e-01 6.242421138853361251e-01 5.731707860873929139e-01 5.832959039356792053e-01 5.861545802609393618e-01 5.693572580136245787e-01 5.857703311144863978e-01 5.250756646055751986e-01 5.703190435669387437e-01 5.790223635689241144e-01 5.994079020417570902e-01 6.064423306965233129e-01 5.827048437409170223e-01 5.850774172540735840e-01 5.823539134278188367e-01 5.689931330238578999e-01 5.827397938997844751e-01 5.828893463819294629e-01 5.867302712900299699e-01 5.701658908103668377e-01 5.832215579310184861e-01 5.820053574493969650e-01 5.847021531115002002e-01 6.078186881695708532e-01 6.067601392336869903e-01 5.920101337138091724e-01 6.469978116504286891e-01 6.214376190940208433e-01 6.360094580900795824e-01 6.551119868565332682e-01 6.081496953770246794e-01 6.092667928652455434e-01 5.977471458703380591e-01 6.221346802838234602e-01 6.253943092035706419e-01 6.204872038736494178e-01 6.280071577823824747e-01 6.230407576897929456e-01 6.120641517535904130e-01 6.119587204814629366e-01 5.982681823657322040e-01 6.135691127512340470e-01 6.182222562905168584e-01 5.917761991804250110e-01 6.004641474990851657e-01 6.037815546275282497e-01 5.849120981008355535e-01 5.884296950101137735e-01 6.000251624095515046e-01 6.011441772881186418e-01 5.746608621563435992e-01 5.799545115393101025e-01 5.961506392060268444e-01 5.952069196009213137e-01 5.908176143828894888e-01 5.852778272954510808e-01 5.891386325178532557e-01 5.981646835702494336e-01 5.915834741226282389e-01 5.852636962900729101e-01 5.871678036977256987e-01 5.975581038346216012e-01 5.950626025413138231e-01 5.776220458600751506e-01 5.956292858770225740e-01 5.759499243566951199e-01 5.865546677775909101e-01 5.730345238701846089e-01 5.882722217778190155e-01 5.849416026320148898e-01 5.741598314817244475e-01 5.834852229610907326e-01
3.960203402305428888e-02 5.369067381179967041e-02 1.469817137254349759e-01 2.882272688855219700e-01 1.000000000000000000e+00 3.159570371977359349e-01 4.452893996672153687e-01 4.354269786187627278e-01 4.457594493517623713e-01 4.096633717903250815e-01 4.176778946522302638e-01 4.509620608893555871e-01 4.439075196860661210e-01 4.389105486150718383e-01 4.817376574153280910e-01 4.828977737740536291e-01 4.334688171215323460e-01 3.974726573369331550e-01 3.985665268540687922e-01 4.158163456159647553e-01 3.748909972825014703e-01 3.795488132008540405e-01 3.825162967329228114e-01 3.856264456059149692e-01 3.452458440402979556e-01 4.322360933040748643e-01 4.114468191615330839e-01 4.057371275226903107e-01 3.411805097367750506e-01 3.889444538301422005e-01 4.026970950512099301e-01 4.621696340545330961e-01 3.855668183761061241e-01 4.456021988828153257e-01 4.072644597541795197e-01 4.218817206762351946e-01 4.318514931856421990e-01 4.648974371587761278e-01 4.650231845946903309e-01 4.560045761053923563e-01 4.742695270564779575e-01 4.743079653517602301e-01 4.696114107732365928e-01 4.851847413777152784e-01 4.737319247598462124e-01 4.756521591560705642e-01 4.862057369748203906e-01 4.799354006067336198e-01 4.873171586490542828e-01 4.743178019821206459e-01 4.770023856466328316e-01 4.726604428914884526e-01 4.799719539669006774e-01 4.744507266716199156e-01 4.617873853782156202e-01 4.630326770648968138e-01 4.839163501344599383e-01 4.886897512846066771e-01 4.756022642900724628e-01 4.944710615306141532e-01 4.893954229952865442e-01 4.887392014876212332e-01 4.779433494492725809e-01 4.870985069775959908e-01 4.836475419378759577e-01 4.934885068335085334e-01 4.851759019049595723e-01 4.774834635203267230e-01 4.838624170030042526e-01 4.960287731554507418e-01 4.653167020761277417e-01 4.727411525207669829e-01 4.765051450103116593e-01 4.586547936591812147e-01 4.779066299038086663e-01 4.726453440007303830e-01 4.749153542526907135e-01 4.467778362178110863e-01 4.691186922004755844e-01 4.563201631814867154e-01 4.692999259523179534e-01 4.631997073657318498e-01 4.699397851645893409e-01 4.673638852043118241e-01 4.794959343580650901e-01 4.832382057082353910e-01 4.655376148904484257e-01 4.834705715191972009e-01 4.794104077050815316e-01 4.783408275849116431e-01 4.786776056754768471e-01 4.885827902752383212e-01 4.848106426976899752e-01 4.836462551725218550e-01 4.863204363238999295e-01 4.857210399957762603e-01 4.782678133152819533e-01 4.874081241081448246e-01 4.905900149728213977e-01 4.809976603094573977e-01 4.903382246990497517e-01 4.876266185007177012e-01 4.897135766156610059e-01 4.900493443054445009e-01 4.860985556781986516e-01 4.879184828312058131e-01 4.905528733690120990e-01 4.860953276193831774e-01 4.794497991318004693e-01 4.869815451925870176e-01 4.814415008096382120e-01 4.912898288572967731e-01 4.890460032331365725e-01 4.911841774370783176e-01 4.815961383946772978e-01 4.917016229160257601e-01
1.595808547211925027e-02 8.618468256617352330e-02 1.751266773494971341e-01 3.462019894866609215e-01 3.159570371977359349e-01 1.000000000000000000e+00 5.115164865145110928e-01 5.005429110629153744e-01 5.177649750119975858e-01 4.917068913667216878e-01 4.922228555904943903e-01 5.504482879425300901e-01 5.174967276679678374e-01 5.155916185811879604e-01 5.839389722176324682e-01 5.776642243745334637e-01 5.211942531333861872e-01 4.581679429296056094e-01 4.638711628860124336e-01 4.132411904648494727e-01 4.376006338381402960e-01 4.483101257488705804e-01 5.007822741450838055e-01 4.394314565819109064e-01 4.209917396924734434e-01 5.220439980743254438e-01 5.138764583948708387e-01 5.121907400527454524e-01 4.240874708506583990e-01 4.652419221586532871e-01 4.843823710667355953e-01 5.620709135573308535e-01 5.009087034887903522e-01 5.417575655983495331e-01 5.135685155975073801e-01 5.433580239296487147e-01 5.426350717968948523e-01 5.742332226769363279e-01 5.728418155367667186e-01 5.768629888081192592e-01 5.802191376646028687e-01 5.922792586483595079e-01 5.894640460105847746e-01 5.929665891129547450e-01 5.797200800675370580e-01 5.800542061692699480e-01 5.950804225539840786e-01 5.865840307181681146e-01 5.932721923882574577e-01 5.725956663156803739e-01 5.805561846426825490e-01 5.701533365702960987e-01 5.845324097069604097e-01 5.783711509925791860e-01 5.722220320852730024e-01 5.726920570874620697e-01 5.859838288543823825e-01 5.986384318712103525e-01 5.820586536833738389e-01 5.964434637021788221e-01 5.980175985117340831e-01 5.914652674731999404e-01 5.892906690756787302e-01 5.914299054045262238e-01 5.759704549166059229e-01 5.945272400507798372e-01 5.923069380452538057e-01 5.788234218254481034e-01 5.840835041383373172e-01 5.806102862611026705e-01 5.648582608924487269e-01 5.801913385351373798e-01 5.660639524699114800e-01 5.559363182982667295e-01 5.843392956842754504e-01 5.821888788424968153e-01 5.867289214538546904e-01 5.530169106364816178e-01 5.675952394270187273e-01 5.600718624016761682e-01 5.737294473337414269e-01 5.607940194244420695e-01 5.880879610633716892e-01 5.832842190380449487e-01 5.947419014449418784e-01 5.881472344232935301e-01 5.820510920441701597e-01 5.938750759334345819e-01 5.909113556644027820e-01 5.870035309428749404e-01 5.957551652621366767e-01 5.986959792518472545e-01 5.949589868295352968e-01 5.896877415606562867e-01 5.960394259644749004e-01 5.963666720827307532e-01 5.952495351470460383e-01 5.933764606894782467e-01 5.994978365834943146e-01 5.949506234985767472e-01 6.024850480303286515e-01 5.965001073461165815e-01 5.979650548264368037e-01 5.996196024514329759e-01 6.007126496101778956e-01 5.960396261190529232e-01 5.997732690635261266e-01 5.897483008192320186e-01 5.895609563164031508e-01 5.965723611273271443e-01 5.948164709054797328e-01 5.961286262527469848e-01 5.973082339737363355e-01 5.973701292620697822e-01 5.876462757176047491e-01 5.949607390227170667e-01
-5.302504449261967456e-02 9.322918904014793062e-02 1.649740685284838415e-01 4.247208539559010898e-01 4.452893996672153687e-01 5.115164865145110928e-01 1.000000000000000000e+00 7.427126844655418392e-01 6.726106372701208258e-01 6.586454058205183371e-01 6.527240211193586772e-01 7.075250421486593000e-01 7.066418356557497837e-01 7.173703073747650372e-01 8.483804112799043784e-01 8.115004972374563197e-01 7.224276356815577671e-01 5.958388911816184796e-01 5.907572114088357473e-01 6.369545807085217337e-01 5.475836736576487063e-01 5.325312765302382401e-01 6.573911889695316368e-01 5.578649874708446754e-01 4.879639835214714672e-01 6.761897164907822999e-01 6.469440731936692002e-01 6.618174324807502007e-01 5.041393305046473206e-01 5.783953405975358342e-01 6.096542081366590482e-01 7.724776027559419056e-01 6.579773668973222245e-01 7.488245455616632240e-01 6.635188450365051560e-01 7.155832851436475517e-01 7.044873448616923994e-01 7.833878441876784837e-01 7.702558581271974347e-01 7.763747269356739977e-01 7.738977190430156305e-01 7.851662427853945969e-01 7.807760557831401327e-01 8.017830538187569189e-01 7.705665444708695855e-01 7.728387030250646328e-01 8.069323635094582947e-01 7.907737057448018803e-01 8.005852687583093763e-01 8.030982550249613494e-01 7.982096799245615992e-01 7.953712963178717343e-01 7.989195218517926023e-01 7.616153088872954502e-01 7.367923821744516433e-01 7.517598875181091822e-01 7.886483003218760501e-01 7.955260308887105447e-01 7.775650867647289077e-01 8.026629590655065538e-01 8.090396910585827550e-01 7.937386329759879011e-01 7.853966480299178210e-01 8.096148417475863557e-01 7.836047850520928559e-01 7.981857623862830264e-01 7.968163985270501071e-01 7.761602432281896613e-01 7.835052619920049866e-01 8.042014752867230332e-01 7.378821173672808209e-01 7.615695921182127348e-01 7.515227961815972302e-01 7.158862549169391354e-01 7.772968515579947724e-01 7.675691345618764760e-01 7.813963685301223983e-01 7.121910472447433582e-01 7.453911518998465047e-01 7.332041495987522417e-01 7.604196043280212480e-01 7.433193802608331069e-01 7.767795601179066090e-01 7.681444858829086231e-01 8.059608929233457175e-01 7.879936501274759086e-01 7.751969467895796218e-01 8.033075622030383389e-01 7.992828395281029730e-01 7.759860207775038932e-01 8.031070208479758055e-01 8.038475427470413992e-01 8.006877942307639717e-01 7.958816290810638572e-01 8.056173018263577124e-01 7.974301395400982262e-01 8.008173549360969590e-01 7.948272099601342289e-01 8.065486243394197619e-01 8.130219978319204177e-01 8.112911968378976324e-01 7.989553222227746554e-01 8.014383537632679966e-01 8.095861387534982745e-01 8.104540490246605611e-01 7.910001198943588108e-01 8.020344645953334517e-01 7.877017624103405113e-01 7.795527701844817692e-01 8.076314411930639592e-01 7.937983236885228777e-01 8.055529941722182619e-01 7.998419797978035817e-01 8.068191352758778967e-01 7.989342319154051353e-01 8.017223266454935882e-01
-4.039710589841509492e-02 6.261391230491783477e-02 1.701834604136430729e-01 4.332149879579251794e-01 4.354269786187627278e-01 5.005429110629153744e-01 7.427126844655418392e-01 1.000000000000000000e+00 6.612876337575857022e-01 6.091461367633490553e-01 6.381217953336153492e-01 7.010527768252273750e-01 6.826384502106941365e-01 6.852572351661464500e-01 7.850614607130387279e-01 8.020351330967054881e-01 6.695552506708797313e-01 5.630365185966865749e-01 5.621505699397462141e-01 5.644203664589415581e-01 5.175746037597657168e-01 5.151565462655648409e-01 6.360510991459291663e-01 5.283515710006282395e-01 4.747006887111668849e-01 6.595726658545627563e-01 6.319866765375765638e-01 6.405863167931794555e-01 5.065477461554426242e-01 5.704940912304158340e-01 6.027902546203843803e-01 7.480779394923773307e-01 6.456684398160317251e-01 7.238448921852875806e-01 6.512813861698102391e-01 7.001672351060723720e-01 6.873709317753652348e-01 7.738041458000791684e-01 7.511512596728761038e-01 7.637237210159215639e-01 7.448493220466746445e-01 7.631242349775936296e-01 7.649002890467284654e-01 7.773932262426568318e-01 7.415302739218270212e-01 7.517437708246247352e-01 7.796289112041282499e-01 7.654048358772856941e-01 7.822980467504017099e-01 7.865389537082031479e-01 7.892733822602105986e-01 7.484938192126452394e-01 7.630006245118283736e-01 7.393913129074417556e-01 7.359763036856974416e-01 7.345854067587009872e-01 7.763630693636635050e-01 7.820787736326976214e-01 7.733796439312874416e-01 7.712582334595943223e-01 7.871898335887860254e-01 7.777270023386156916e-01 7.789949533716723495e-01 7.852958274663476290e-01 7.426639797306208157e-01 7.658211207136937926e-01 7.637235517365411619e-01 7.434396447495340565e-01 7.505466543808270163e-01 7.599087170413157954e-01 7.117964527273756836e-01 7.327606171363804100e-01 7.193199648574657434e-01 6.927527941490471131e-01 7.500466807375223421e-01 7.427943418642639628e-01 7.513230709204619107e-01 6.958412334584501702e-01 7.172895080880903329e-01 7.135007948850102810e-01 7.352988273890299631e-01 7.203980175324153912e-01 7.536529484075347174e-01 7.412517442186444816e-01 7.782673878130427214e-01 7.591193613888951308e-01 7.494553347814566502e-01 7.773678017773545390e-01 7.701353036227658322e-01 7.517646963935531446e-01 7.683048491752403342e-01 7.742213458588029784e-01 7.689233847529275412e-01 7.653822796700627817e-01 7.757551543863100418e-01 7.678127368526446173e-01 7.855769223878107388e-01 7.756699282886326818e-01 7.830219113335642467e-01 7.914369991563496853e-01 7.813715764651233409e-01 7.793075151408150880e-01 7.714094955002160914e-01 7.822703775637500634e-01 7.755987471105497688e-01 7.657012239024612033e-01 7.808728048647018971e-01 7.561965703372918179e-01 7.541512656789286506e-01 7.777751821808415178e-01 7.732136525550079575e-01 7.714482172359360401e-01 7.742585733741746967e-01 7.786300817740720026e-01 7.594219716636383399e-01 7.657550494018738885e-01
1.514649730194677912e-01 1.572742305944710983e-01 3.696676880445223801e-01 5.923529509925933301e-01 4.457594493517623713e-01 5.177649750119975858e-01 6.726106372701208258e-01 6.612876337575857022e-01 1.000000000000000000e+00 7.403060947878025155e-01 7.989273581014267878e-01 8.409392024075013072e-01 7.671472912289775126e-01 7.689351698439774729e-01 8.239790456744054969e-01 8.043434350131337673e-01 8.076697630976040765e-01 7.728240143964922870e-01 7.829878308756704763e-01 6.127565088690299921e-01 7.421141813690952382e-01 7.733436678392350272e-01 7.854434605582851781e-01 7.509719065410619399e-01 7.347841324192991852e-01 8.420278030352201792e-01 8.173103089280446820e-01 8.199401389411618002e-01 7.493168433395034356e-01 7.966441083712740845e-01 8.141194666712755490e-01 8.550291785228656405e-01 7.682454681063752844e-01 8.307818593995610623e-01 8.027811034913591159e-01 7.975330485163873995e-01 8.355878265425541462e-01 8.455597632637196215e-01 8.488559316663316645e-01 8.274988840188219896e-01 8.620847369366614332e-01 8.543866302470571883e-01 8.368416942483768439e-01 8.669027652011763729e-01 8.660814538541178331e-01 8.641810801027981492e-01 8.662085486147609315e-01 8.758720147212017970e-01 8.678733638624833713e-01 8.329876077659184030e-01 8.473518495135821116e-01 8.221907572250121143e-01 8.595823607408377143e-01 8.753473191247459484e-01 8.581118134847683931e-01 8.666565292793685371e-01 8.660443440342007193e-01 8.622125716012380980e-01 8.578320050251098117e-01 8.751286923128230866e-01 8.664495716000769621e-01 8.703681382547965306e-01 8.574063783753588242e-01 8.622429983043232715e-01 8.807388482726081769e-01 8.798018184514315720e-01 8.720974722525094425e-01 8.757143460282265091e-01 8.750774544125720089e-01 8.643394635737028375e-01 8.730409859936583139e-01 8.792957297696466501e-01 8.718147668471386558e-01 8.689969934818875252e-01 8.774631498317091438e-01 8.741157172464851799e-01 8.699342524262111409e-01 8.597401503900281572e-01 8.713768332719682430e-01 8.668130386761726536e-01 8.749051967416282549e-01 8.720977579634564547e-01 8.751260189683298663e-01 8.646829019114327108e-01 8.582461329085423474e-01 8.731415073344003241e-01 8.693645917016463720e-01 8.648997297224003677e-01 8.687723518642200826e-01 8.748483551879143727e-01 8.605917839386562074e-01 8.702613215860505180e-01 8.715605596499375052e-01 8.710172353803405931e-01 8.673076915506962026e-01 8.712173478500016000e-01 8.415469499600163328e-01 8.630535974038990865e-01 8.654306400927186393e-01 8.525150676240256242e-01 8.625141616339949691e-01 8.692169760985316573e-01 8.727490970516340596e-01 8.664956900986959809e-01 8.668733596233200167e-01 8.696181212737014166e-01 8.702230370212171717e-01 8.728023654768455319e-01 8.752616988522806674e-01 8.675038362746314569e-01 8.663241370003645914e-01 8.731469051030744666e-01 8.708133849324048992e-01 8.707934054361723408e-01 8.730763716471944269e-01 8.774975327466494335e-01
8.252817724838827640e-02 1.823739163754720394e-01 3.299501517674516826e-01 5.060963229944557273e-01 4.096633717903250815e-01 4.917068913667216878e-01 6.586454058205183371e-01 6.091461367633490553e-01 7.403060947878025155e-01 1.000000000000000000e+00 7.382292069037326154e-01 7.740074020359334339e-01 7.029899801202268428e-01 7.193335739029402820e-01 7.804366790135869314e-01 7.585281747894982995e-01 7.409898633298702686e-01 7.008905679145587264e-01 7.153610269277885791e-01 5.637873382396155764e-01 6.595845273065797931e-01 7.110836161934573907e-01 7.268698225409968572e-01 6.716913299282651906e-01 6.726519199211375977e-01 7.888980530042687400e-01 7.729412236946173742e-01 7.767320441193295011e-01 7.075194465128501475e-01 7.555966978379476950e-01 7.704964300343385419e-01 7.918614023838017602e-01 7.324038669798650369e-01 7.642060205236805848e-01 7.595810864255713168e-01 7.326797549587505953e-01 7.782806961397580325e-01 7.876080526868539655e-01 7.923494935142803008e-01 7.767267351298585698e-01 8.092957454614213564e-01 8.057555222369228165e-01 7.809815539537973139e-01 8.095917170761309789e-01 8.051798456966576811e-01 8.081722985734672848e-01 8.115841584593488367e-01 8.225857741709499127e-01 8.021298223594282018e-01 7.607037125174374026e-01 7.810138625883797925e-01 7.509526610245831346e-01 7.875012364980379376e-01 8.188867965815198602e-01 8.036342468770952818e-01 8.166538328076012876e-01 7.907238514081575964e-01 8.062557970685950703e-01 7.987733216222898669e-01 8.149951908561730018e-01 8.005602160222374808e-01 8.082746142982722981e-01 7.945983074562139592e-01 7.954557225467712156e-01 8.096147563954347870e-01 8.114488207533230302e-01 8.161299896547822286e-01 8.192153579954544185e-01 8.191193038447007746e-01 8.070293856244304953e-01 8.123939175268372059e-01 8.214577136415273095e-01 8.058772101235386343e-01 8.070215745726577738e-01 8.252928918107358403e-01 8.235196185333529817e-01 8.214997619166883869e-01 8.106007993955817170e-01 8.213440361355343056e-01 8.175689228900843153e-01 8.221832219986425772e-01 8.223934571356995571e-01 8.173686908656434547e-01 8.176320189896832957e-01 8.060958230581096728e-01 8.134196477309169060e-01 8.177426946967549792e-01 8.149536354122834947e-01 8.197386034562774704e-01 8.212076726476618127e-01 8.111152801404210022e-01 8.170710812342223406e-01 8.200142573675689439e-01 8.211369237478262084e-01 8.169420671527567457e-01 8.200277669647225709e-01 7.856296861548757171e-01 7.970930361438349765e-01 8.108708659798592455e-01 8.008612577695355395e-01 8.096612534897876801e-01 8.093254064293604610e-01 8.140920238670326103e-01 8.122010770468663932e-01 8.130664238446233538e-01 8.033116586983338747e-01 8.130458050560961381e-01 8.230059205863088367e-01 8.220832370221317076e-01 8.140055881256870185e-01 8.142842458487575819e-01 8.174474212173877818e-01 8.141791477846362923e-01 8.118261203997928499e-01 8.172342325984988110e-01 8.168030945487897432e-01
1.026278212594499695e-01 1.598344888636010486e-01 4.269535109719468924e-01 6.174850267534702786e-01 4.176778946522302638e-01 4.922228555904943903e-01 6.527240211193586772e-01 6.381217953336153492e-01 7.989273581014267878e-01 7.382292069037326154e-01 1.000000000000000000e+00 8.715851934373710641e-01 7.676591810450835718e-01 7.772228701530674577e-01 8.193873185791235025e-01 8.033843612407860491e-01 7.857216140139359206e-01 8.140542832549751973e-01 8.224670326808094512e-01 5.955402897369685977e-01 7.776706661025911682e-01 8.150590394927772486e-01 8.208908563258731084e-01 7.903435705967098990e-01 7.917103014208002332e-01 8.592582365210469364e-01 8.571663813621734906e-01 8.610299121128127675e-01 7.973696861351866616e-01 8.543065180002472614e-01 8.703658812575608694e-01 8.684379000360021861e-01 8.121705436005934864e-01 8.503019290828313093e-01 8.425716281961137533e-01 8.104904900073126583e-01 8.683640204511926530e-01 8.519251366171411988e-01 8.698106392511645302e-01 8.400107210773883892e-01 8.723047439697968475e-01 8.649103245121155803e-01 8.430502546451807966e-01 8.712478473849519789e-01 8.857296492795100340e-01 8.799090710329088294e-01 8.666833540064741159e-01 8.746868166278802814e-01 8.641857495181197724e-01 8.207279313539034282e-01 8.394358885854427133e-01 7.946172401206523794e-01 8.498633332191088963e-01 8.708165701248913315e-01 8.607890000515847628e-01 8.754880954081081246e-01 8.425004986303273879e-01 8.576409321370002115e-01 8.528348289933377346e-01 8.641931661583350799e-01 8.612785243541368763e-01 8.668908721235362158e-01 8.547481400319986156e-01 8.518774971657424588e-01 8.690417407670009142e-01 8.614659189552811291e-01 8.791442874902590798e-01 8.915611161757054370e-01 8.902952057762856253e-01 8.648622674772112884e-01 8.966451145383969035e-01 8.934185998957632213e-01 8.901209054885763639e-01 8.971156895236174211e-01 8.896041253125599457e-01 8.901024973705532473e-01 8.836606217553557574e-01 8.902896510019385756e-01 8.968048270265372990e-01 8.948085516804104023e-01 8.958965640469773728e-01 8.992372286956457073e-01 8.860578371576079970e-01 8.852572830008140770e-01 8.664500575318903053e-01 8.842624667129498350e-01 8.865025733143765407e-01 8.769862410458562074e-01 8.815453820315426459e-01 8.862887019333098859e-01 8.740059519278650102e-01 8.764957154444202869e-01 8.829058565726800589e-01 8.841180834663456833e-01 8.723257305530462968e-01 8.773409342750394524e-01 8.481051582175156422e-01 8.525925596462892164e-01 8.675589738736657619e-01 8.597398996409800764e-01 8.700070502156441732e-01 8.694467950144759705e-01 8.749062444567451413e-01 8.698988834821098637e-01 8.662572439418637638e-01 8.623332351259533901e-01 8.705796085715926669e-01 8.799997724511662289e-01 8.818423110010247257e-01 8.699804296984524621e-01 8.711178694954458956e-01 8.726763695645693986e-01 8.734390859679306285e-01 8.721307356140098888e-01 8.724744600091159930e-01 8.700469885874074771e-01
1.131816973903195661e-01 1.745766396129335152e-01 4.280309028026715312e-01 6.725970444157013395e-01 4.509620608893555871e-01 5.504482879425300901e-01 7.075250421486593000e-01 7.010527768252273750e-01 8.409392024075013072e-01 7.740074020359334339e-01 8.715851934373710641e-01 1.000000000000000000e+00 8.002375828073312602e-01 8.184956725430708735e-01 8.690579796500856880e-01 8.592570942214243779e-01 8.259860440911712676e-01 8.335826962776993199e-01 8.303436106211463663e-01 6.595816499938669253e-01 8.107505394429647128e-01 8.309836686216935941e-01 8.529026035802481642e-01 8.070653106376303176e-01 8.070564329584755114e-01 8.868113308554500529e-01 8.857217900987426340e-01 8.793617225956931183e-01 8.048363792395687444e-01 8.664507051905255830e-01 8.869739688011375467e-01 9.082433958807040186e-01 8.455127838847150690e-01 8.976403690061325324e-01 8.725133944075144088e-01 8.679931198365066214e-01 9.126494719891773411e-01 9.070389663076086073e-01 9.185723421915861220e-01 8.938035152678652784e-01 9.128917647878170838e-01 9.151278220639783578e-01 8.982679357310228152e-01 9.223114331937135590e-01 9.310782332331439815e-01 9.244615230143088391e-01 9.144055130119026487e-01 9.209840737841278324e-01 9.151653836306810064e-01 8.840512895907566282e-01 9.019654879946447101e-01 8.520605337441223837e-01 9.012814364637589115e-01 9.117911292142844015e-01 9.076704143187966922e-01 9.182696563104485454e-01 9.001615972777678998e-01 9.132382533976163286e-01 9.069004782404385123e-01 9.131191824831180748e-01 9.144682631181958454e-01 9.156920804230161970e-01 9.071764111273767917e-01 9.046184674091053424e-01 9.094204291165419729e-01 9.135078784398944496e-01 9.216508972288171009e-01 9.297277794040315069e-01 9.301776333946440989e-01 9.194036745474389871e-01 9.344580929247088275e-01 9.329111113958579171e-01 9.277927221511389488e-01 9.337971643401481447e-01 9.315271875228442466e-01 9.312694453535977912e-01 9.255014376459276271e-01 9.208760434772946812e-01 9.308991789915466164e-01 9.272111523245604170e-01 9.391655204948990976e-01 9.343786150015537251e-01 9.293797536903914969e-01 9.282397217621869423e-01 9.214463121743990959e-01 9.302874699272760672e-01 9.346241917723341341e-01 9.228665301474621163e-01 9.286618457039735874e-01 9.299267936275348312e-01 9.199745657691826839e-01 9.243622261666599726e-01 9.295676649955090243e-01 9.291813418070562491e-01 9.192037087896998138e-01 9.218887389655034958e-01 9.081900096108392884e-01 9.089985214018843074e-01 9.198265374158751673e-01 9.137418185088952427e-01 9.214784923712470155e-01 9.209477011100488664e-01 9.243627163885458353e-01 9.214169916568435426e-01 9.197667126220270273e-01 9.143483851261139383e-01 9.223049538487207988e-01 9.201470332106139738e-01 9.249975285282180382e-01 9.185104916965933786e-01 9.204047849154244343e-01 9.173330155545391662e-01 9.217137056501940595e-01 9.199698285134800813e-01 9.146617220391149994e-01 9.186602968077185460e-01
9.628116977139873287e-03 1.532789932103086061e-01 2.857617292414884602e-01 4.978727674690050509e-01 4.439075196860661210e-01 5.174967276679678374e-01 7.066418356557497837e-01 6.826384502106941365e-01 7.671472912289775126e-01 7.029899801202268428e-01 7.676591810450835718e-01 8.002375828073312602e-01 1.000000000000000000e+00 7.679411393921032891e-01 8.402908931110665280e-01 8.246733730879685087e-01 7.682315062097999636e-01 7.141914344444438845e-01 7.248758144263991454e-01 6.368093153070233381e-01 6.642116551211940667e-01 6.863105052225504377e-01 7.414653699911286644e-01 6.807270276379335794e-01 6.450590266820728225e-01 7.975273159528993849e-01 7.714087635628440465e-01 7.831625816827811892e-01 6.845074092886039852e-01 7.407431493136191758e-01 7.553505203221986264e-01 8.393623613092582314e-01 7.533584841293075041e-01 7.972227872690594852e-01 7.749634814286981976e-01 7.643194827476728070e-01 7.947933884737050647e-01 8.285427450089886126e-01 8.274858345789538605e-01 8.179782182287488324e-01 8.494080979186626745e-01 8.395198844693645412e-01 8.254393982850027900e-01 8.535934669488998150e-01 8.434687663020331572e-01 8.433398451027283027e-01 8.637976336145007927e-01 8.660491510225727385e-01 8.579315268958095375e-01 8.218477017873626611e-01 8.282170458092740217e-01 8.167476897317068607e-01 8.490860350621407537e-01 8.533429886580946588e-01 8.252701111551493662e-01 8.408150960368182547e-01 8.385009345259698543e-01 8.533828011864668106e-01 8.377938740169921239e-01 8.680553696443357170e-01 8.600596683770433959e-01 8.592422005028509391e-01 8.443060388217125123e-01 8.545375524850610249e-01 8.541934009660496763e-01 8.592602629258961899e-01 8.644287828863203016e-01 8.565720534862291125e-01 8.621106544325277676e-01 8.611103332994356485e-01 8.370329095673998410e-01 8.522995393801841013e-01 8.364467027089012019e-01 8.268920343611353418e-01 8.542244391703689432e-01 8.565258312094327087e-01 8.557644121696763584e-01 8.289229250077679856e-01 8.432397395534708684e-01 8.423228441668381139e-01 8.512128376933804086e-01 8.472935835227733969e-01 8.499810800089863116e-01 8.483637001446774351e-01 8.491426180578052207e-01 8.540198011652525567e-01 8.510318527835679658e-01 8.582064439915940701e-01 8.586700017221198244e-01 8.571220646280065525e-01 8.579457547532529649e-01 8.649663836454879462e-01 8.621681281874213898e-01 8.624701740387969995e-01 8.683621614307113212e-01 8.676624142660593897e-01 8.335831269670106458e-01 8.451427352501889034e-01 8.601970413307916674e-01 8.504298976095748808e-01 8.587634817361460282e-01 8.581342227427726232e-01 8.666135197428906922e-01 8.651628367870526359e-01 8.599519055236369836e-01 8.535697474806792640e-01 8.582771759483865948e-01 8.649830699565694836e-01 8.598004077672845025e-01 8.664987782766648827e-01 8.587073887134594186e-01 8.701743658825560335e-01 8.647603630344536940e-01 8.659115555766063732e-01 8.646920063551924995e-01 8.672555136121129493e-01
