1.000000000000000000e+00 1.640569413931530496e-01 1.548039633535163717e-01 1.293284091002984415e-01 1.035717912252959866e-01 2.776414598623975528e-03 1.157519555677936213e-01 7.420184977086961842e-02 1.340313547301073549e-01 4.737964481613750334e-02 2.019285678909951698e-02 3.752266484337706681e-02 4.713821905603746837e-02 1.120163615758879017e-02 5.653460108669941531e-02 3.686732825717040085e-02 1.052759859819263066e-01 8.490332706315871503e-02 6.249555167967105890e-02 1.538112637237641078e-01 1.378014274867440936e-01 1.263642894402783046e-01 1.428430324569018584e-01 1.405358897250716665e-01 7.572617392189237573e-02 1.030296720386609105e-01 6.753064104840561521e-02 9.215535175873079687e-02 1.478955501742856560e-01 1.184451015763157561e-01 9.977064010152267293e-02 8.464448216561662464e-02 1.092328449861790646e-01 1.273216026701723402e-01 1.153635244831963808e-01 7.240827722030462876e-02 9.119804137564929691e-02 2.683524362777250927e-02 3.665572493624155020e-02 1.895912517328127156e-02 7.769677504164726467e-03 1.384312472957471667e-02 1.026723880616931851e-02 3.672842597594722786e-02 6.186598424499477333e-02 4.102388901906953850e-02 3.850464134211573335e-03 1.644864549056805278e-02 3.266658592901083152e-02 4.779688686133995446e-02 3.922939678828881414e-03 6.132560528920980025e-02 4.217435466253519755e-02 4.884462821925861925e-02 4.857479318942781871e-02 4.547223710124993074e-02 6.964217828031664392e-02 -1.705145801426859479e-03 -1.680815162389797529e-02 2.754991410118136363e-02 1.950020950507871942e-02 1.979108078244340430e-02 6.652221112697099745e-03 4.797456695340575339e-02 7.164097778271857897e-02 8.147455189270839948e-02 2.407383909726797458e-02 1.919011097501547788e-02 4.598551902710284328e-02 5.894228405361609524e-02 3.186636038554851308e-02 3.535881148514418565e-02 4.824032733693807418e-02 2.524338607262954434e-02 3.939030013064745428e-02 4.407113722433567832e-02 4.343304152618281816e-02 6.302235834226237177e-02 6.025277067718236290e-02 4.406810374368363287e-02 4.882376480477708391e-02 3.919361034946077654e-02 4.075965261062614725e-02 5.555952762278449503e-02 2.627772315886776899e-02 4.380728751648479968e-02 2.526566586790871330e-02 1.283708640520408312e-02 2.707286984222713813e-02 3.673903373213435741e-02 3.162828655449711340e-02 9.045571232035943057e-03 2.493183730682385288e-02 1.878752863476857923e-02 -5.421150633854260542e-04 1.083698635873471885e-02 8.653696522412086464e-03 4.028389817700529785e-02 2.109269962294468923e-03 -4.870955784810518494e-04 2.466325254635772651e-03 1.509474557221290869e-02 2.399585235784923790e-02 6.640917469255784925e-03 3.010328713206586113e-02 4.315237907531079692e-02 2.481279734251299815e-02 1.262623518834920210e-02 1.906777183044915114e-02 6.175510173179561343e-03 -9.657932935085112788e-03 1.683154620127189430e-02 9.818469347450436285e-03 3.293949701967208848e-02 3.679562958149588253e-02 4.530894722256370577e-02
1.640569413931530496e-01 1.000000000000000000e+00 1.080973105801201622e-01 1.375207787011225868e-01 1.153527991688466231e-01 1.149595149744337269e-01 1.701818917359231575e-01 1.506711023432697194e-01 2.007623507536974994e-01 1.937095532766008044e-01 1.566329298672769488e-01 1.714225185184070077e-01 1.490647779253631011e-01 1.421524750900788614e-01 1.758531579979493442e-01 1.724037999041477254e-01 1.890685683925711624e-01 1.489277478812672806e-01 1.675253057140638768e-01 1.530654651265360711e-01 1.691477392813308112e-01 1.705310200039027724e-01 2.079428041019492357e-01 1.706295908619608337e-01 1.586481391951486963e-01 1.917072822051145708e-01 1.788129220859865087e-01 1.796811167198719139e-01 1.534671911056812998e-01 2.180924545809698745e-01 1.988593428437063493e-01 1.868241964647955056e-01 1.999988054800550530e-01 1.886622538112622816e-01 1.987690833890816411e-01 1.781301936431308464e-01 2.003357959876957139e-01 1.752771813892953778e-01 1.820259682571918058e-01 1.741591235104251179e-01 1.643657399854519252e-01 1.696435294807237260e-01 1.642867563051903235e-01 1.690977481067053034e-01 1.830663115200538149e-01 1.766029118226464523e-01 1.653804939696868204e-01 1.697205779093007572e-01 1.761424227410253174e-01 1.623433155269162764e-01 1.682705493747105596e-01 1.530468964548397925e-01 1.670902727783441233e-01 1.892019253450353267e-01 1.925041171982473653e-01 1.876281373388414553e-01 1.858520306085113538e-01 1.737306527020371361e-01 1.747780098592937315e-01 1.708127593515260945e-01 1.711151398561042980e-01 1.746496616570992755e-01 1.697867407333573109e-01 1.841217492807820100e-01 1.730968109092740348e-01 1.825736250559562568e-01 1.726474809540355926e-01 1.665713779606758094e-01 1.887249653372341796e-01 1.796849535626125483e-01 1.726387123618160491e-01 1.725316825405338594e-01 1.759064922234943040e-01 1.716440611090429835e-01 1.848398789108587070e-01 1.807797635441993900e-01 1.789321963135336868e-01 1.728425571485648904e-01 1.811603447577453119e-01 1.918906712681278937e-01 1.888976771150909229e-01 1.806152933227875290e-01 1.790139819579824876e-01 1.942753306068085162e-01 1.721201609415313749e-01 1.768173263284076313e-01 1.773339937364567243e-01 1.700393453629081286e-01 1.755170156617053556e-01 1.789512959012685978e-01 1.806352952509358012e-01 1.698513491299664113e-01 1.752582410823784465e-01 1.695744030556785020e-01 1.671947913366877703e-01 1.719744394296149337e-01 1.636733940147314104e-01 1.645726318859111192e-01 1.609908782885919876e-01 1.647840521352894605e-01 1.661124818280019511e-01 1.634355063543534159e-01 1.693120582281403830e-01 1.595895026648016524e-01 1.680181444468660801e-01 1.724594506179205622e-01 1.707057941726166650e-01 1.762942445407935377e-01 1.794079550675909129e-01 1.694228043437959741e-01 1.700330235707321613e-01 1.699773794423410089e-01 1.692551000266963035e-01 1.682699610750011121e-01 1.713389546689672860e-01 1.733243378038096527e-01
1.548039633535163717e-01 1.080973105801201622e-01 1.000000000000000000e+00 3.745999530439779179e-01 2.496357493605053657e-01 2.708668071966411350e-01 3.984718519285391225e-01 3.708067692620692912e-01 4.004954514124355880e-01 3.322059485243368249e-01 3.907719360469079084e-01 4.103438870032260488e-01 3.555244929057448378e-01 3.646678933861581262e-01 4.207442998579854487e-01 4.118691755255423081e-01 3.896006954808514666e-01 3.903445579596002690e-01 3.947586089890783301e-01 3.678714494745466967e-01 3.973522129486701804e-01 4.332329963089386338e-01 4.180005855582735741e-01 3.919463641083752448e-01 3.916930504887297659e-01 4.093109090116376358e-01 4.087136115470385578e-01 4.175090217059640452e-01 3.890194560860700257e-01 4.082051458561039015e-01 4.191479875420222601e-01 4.251756411799043622e-01 4.003698388808086817e-01 4.246685232322213177e-01 4.090507733747107966e-01 4.118954274679260674e-01 4.208589600789575114e-01 4.138702830443760639e-01 4.211092916999970570e-01 3.869995637877783889e-01 3.983542944514324446e-01 4.106587742639511429e-01 4.068135882231816436e-01 4.190397527868174321e-01 4.209934097419658627e-01 4.162786044468665403e-01 3.960106725805637162e-01 4.008338788638442507e-01 4.008985853705662183e-01 4.144061332326974822e-01 4.030224990401118923e-01 4.130626904083086193e-01 4.126076144007078672e-01 3.980951169506973808e-01 3.980871767344981715e-01 4.050419028471228811e-01 4.077986493386915878e-01 3.979394911211894259e-01 3.856911381868879940e-01 4.018836805747750263e-01 4.040904595628284635e-01 3.952856273868360915e-01 3.994126411694133849e-01 4.132201862502993261e-01 4.156578317319456484e-01 4.139485521146533675e-01 4.085966542127655310e-01 4.122121640282076505e-01 4.187451957972785355e-01 4.256288068208520237e-01 4.179420403207322332e-01 4.169366158595291805e-01 4.189198196446023981e-01 4.130425037937963118e-01 4.104165074401474600e-01 4.167547180023518094e-01 4.113534317914754324e-01 4.116921808347309142e-01 4.225637277072728515e-01 4.084171682309544749e-01 4.115012727887201738e-01 4.115855326234401090e-01 4.194633620760274684e-01 4.103354014813955231e-01 4.127985736703707609e-01 4.178581449599632069e-01 4.131139947677784363e-01 4.082516607522884700e-01 4.144971431036375553e-01 4.128657876292018969e-01 4.111385728340269385e-01 4.060325480895510264e-01 4.165138496076738472e-01 4.139531255373277707e-01 3.962176811938321608e-01 4.010534144852695992e-01 4.049832258914859429e-01 4.089659487658595105e-01 4.000738226999996927e-01 4.036257676988224685e-01 4.083877056016129159e-01 4.052444328457188161e-01 4.099195163993245572e-01 4.058907871243068732e-01 4.177558098232421746e-01 4.066811373938148400e-01 4.050260001079693528e-01 4.022212306429238104e-01 4.044287320680794995e-01 4.007350171202282985e-01 3.965000798653894321e-01 4.014533640880541543e-01 4.012498341482669262e-01 4.103538611384159318e-01 4.090698315293645471e-01 4.096183662018897942e-01
1.293284091002984415e-01 1.375207787011225868e-01 3.745999530439779179e-01 1.000000000000000000e+00 4.067887447159029279e-01 4.308009777412775132e-01 6.270302617308831650e-01 5.877473679989813071e-01 6.402462210813650856e-01 5.545586143007690261e-01 6.086215115780124751e-01 6.627185548988261399e-01 5.813031278007338987e-01 5.952683444579461858e-01 6.749497633134555752e-01 6.573311088827052950e-01 6.369761963339851674e-01 6.066066255281863384e-01 6.349848644423378152e-01 5.712574070419296213e-01 6.381662689665879018e-01 6.695369387361271851e-01 6.330125967448764213e-01 5.857262183660457699e-01 6.063386439240642245e-01 6.563974079205893153e-01 6.603326916729876928e-01 6.503670576699195349e-01 5.868602671177337582e-01 6.433383302824134953e-01 6.621459884882417990e-01 6.672949474874081410e-01 6.113626988380486127e-01 6.501852114319658371e-01 6.244630381203550851e-01 6.520430243295777251e-01 6.487633192510001701e-01 6.545441816926281797e-01 6.637550694659446471e-01 6.324346013686438228e-01 6.556524082586953073e-01 6.637193224866204666e-01 6.589937798977767436e-01 6.695878299714670412e-01 6.742496755467185521e-01 6.682755520999579257e-01 6.526161251576036992e-01 6.562839405855878105e-01 6.565282588284031551e-01 6.570162894155212596e-01 6.509723309907090583e-01 6.666744979058436549e-01 6.765056125315551672e-01 6.569116272217884189e-01 6.540108495662881882e-01 6.653992306431073533e-01 6.596148285696565861e-01 6.541768213289472778e-01 6.346645414715205158e-01 6.554475542572893998e-01 6.628520194053733050e-01 6.489429566303284158e-01 6.530328034964226758e-01 6.650835755845917463e-01 6.760196668764506533e-01 6.679836606251549069e-01 6.616744699385485040e-01 6.671622540187501782e-01 6.695712953055004135e-01 6.788714337265101539e-01 6.713363395386590105e-01 6.707073598369519551e-01 6.636373296251780740e-01 6.603122980337344794e-01 6.648628946933656803e-01 6.705828173649106549e-01 6.579125749509384669e-01 6.508461238381464398e-01 6.717040688464744891e-01 6.587737770736571408e-01 6.596910877145906182e-01 6.637232488991836599e-01 6.756038128858845582e-01 6.550392313756318030e-01 6.658856805876154361e-01 6.655719463915579226e-01 6.615366868536176614e-01 6.652907783195555202e-01 6.668910162062379188e-01 6.706550938849666910e-01 6.629484680348487480e-01 6.632158613745822162e-01 6.692103360227238396e-01 6.677002308478793280e-01 6.552397853303737474e-01 6.577344161967043634e-01 6.656263956049611741e-01 6.653358341658142106e-01 6.575254333785051086e-01 6.627577272407254583e-01 6.668924116593225593e-01 6.674220861730078003e-01 6.684189489324952049e-01 6.654962841485061453e-01 6.761832056099574828e-01 6.668783282300779769e-01 6.623546485501352610e-01 6.567177480370255394e-01 6.623394119854143502e-01 6.601479320162501052e-01 6.561885261698088279e-01 6.586406026941328262e-01 6.580849130877525210e-01 6.705889351704173995e-01 6.655102833502309911e-01 6.680496130917887854e-01
1.035717912252959866e-01 1.153527991688466231e-01 2.496357493605053657e-01 4.067887447159029279e-01 1.000000000000000000e+00 3.259163286616082456e-01 4.757049228809773767e-01 4.803997959327192535e-01 4.888789905562875293e-01 4.283111430886488713e-01 4.521857996648904199e-01 4.921845267988197992e-01 4.847318462841692654e-01 4.420875464950048128e-01 5.092728583982699675e-01 5.005276943161568459e-01 4.868450986714478179e-01 4.766074877463810089e-01 4.930531810182007257e-01 4.350542249772984538e-01 5.053394840982924352e-01 5.080084201337945471e-01 4.863838464350366819e-01 4.701836749867097098e-01 4.692684674867467209e-01 4.974978156352946601e-01 4.804663655044164594e-01 4.841948808173530128e-01 4.044963171846647221e-01 4.867111322674460006e-01 4.881903891724256317e-01 5.110953537512983313e-01 4.570018650921736647e-01 4.799085546248657574e-01 4.693842749731787500e-01 4.771523752398464380e-01 4.924779957009601250e-01 4.941582826872061296e-01 5.012471194909898786e-01 4.708465826315512692e-01 4.926020132675806851e-01 4.989202386292528324e-01 4.998038578952901378e-01 5.092973322442607698e-01 5.079421447293803737e-01 4.998661681637284748e-01 4.873674842575240196e-01 4.952260330757132234e-01 4.920174164191963850e-01 4.962888661345734032e-01 4.841689485557029715e-01 4.952382131459791004e-01 5.027931414804219790e-01 4.849308737434981365e-01 4.835697268904918245e-01 4.990834113961142848e-01 4.728659185230298378e-01 4.863157888019650765e-01 4.639079656950866326e-01 4.897181471592049196e-01 4.913806704463853925e-01 4.735620514518358859e-01 4.802466968030517092e-01 4.864484492516704672e-01 4.967514653269230473e-01 4.871010836237282815e-01 4.953300139508458599e-01 5.052976253416656682e-01 5.063244094322969513e-01 5.109345893670012018e-01 5.137215077291950038e-01 5.044576020570806785e-01 5.075874978762670020e-01 5.036838323270533824e-01 4.985459086611619961e-01 4.969018465348710167e-01 4.858221804923435472e-01 4.721430962543569643e-01 5.004315598163511236e-01 4.963092806148062808e-01 4.979550194838029964e-01 4.967488222159022748e-01 5.024366889730401686e-01 4.900845149869800799e-01 5.041505323110776482e-01 4.977415527495019920e-01 4.950846438574931785e-01 5.005817351740015075e-01 4.993323142463088060e-01 5.024698668656530920e-01 4.972872216923807098e-01 4.974508799363960843e-01 5.004019935179742085e-01 4.983914260352823589e-01 4.888003777635999136e-01 4.923665551893487979e-01 5.067450506308355251e-01 5.012643053071293986e-01 4.966435080986973394e-01 5.018883768352495611e-01 5.037433605501814293e-01 4.999675507314229050e-01 5.017175965006013261e-01 5.003829123137416568e-01 5.068249054976353696e-01 4.983578685231838112e-01 4.979995640047935046e-01 4.918174140419526719e-01 4.947401229471553585e-01 4.957559965280934899e-01 4.887647446296103371e-01 4.932063048307588904e-01 4.885143795569822367e-01 5.034598538048860039e-01 4.941122923537320522e-01 4.965328332069597894e-01
2.776414598623975528e-03 1.149595149744337269e-01 2.708668071966411350e-01 4.308009777412775132e-01 3.259163286616082456e-01 1.000000000000000000e+00 5.374539604269462645e-01 5.080812912708371210e-01 5.598591946285176313e-01 5.404052616010958099e-01 5.814615096814539363e-01 6.160276924436753898e-01 5.305296974088916651e-01 5.544704221706675540e-01 6.159756606667720069e-01 6.058934220501807077e-01 5.685474752614014804e-01 5.404015252059339858e-01 5.830322664591919279e-01 4.551728922446708903e-01 5.484586164250973006e-01 5.928476702627728523e-01 5.585160398359882983e-01 5.014051424460684858e-01 5.518580234682205488e-01 5.949259548196104141e-01 6.009201977982703280e-01 6.015644536759390260e-01 5.255089448060112911e-01 5.851467319507169806e-01 6.076130188257429232e-01 6.138207904931551884e-01 5.608328735525444086e-01 5.750153765144239149e-01 5.785049264794472901e-01 5.911348092255123143e-01 6.001422114941744601e-01 6.251770359600783422e-01 6.239232292016028136e-01 5.928813284629217417e-01 6.284027193579480031e-01 6.297832261318171421e-01 6.234337166423289389e-01 6.363724920660807083e-01 6.256566189319078264e-01 6.304359290035901342e-01 6.314284924847758385e-01 6.308244549118264821e-01 6.300534693617977355e-01 6.026822505054650891e-01 6.221828371436708416e-01 6.095683393530247907e-01 6.263906700976988873e-01 6.274911030922573074e-01 6.224803387087687323e-01 6.232575914299135489e-01 6.141245397048107346e-01 6.313725764902893278e-01 6.253096387985503934e-01 6.287904055702958628e-01 6.336140084086995250e-01 6.275413239765814666e-01 6.226594043352121632e-01 6.282767290936353000e-01 6.252323060065151372e-01 6.240509379694332281e-01 6.325352940306652183e-01 6.321939500139287516e-01 6.358051944197801175e-01 6.233201007367844548e-01 6.359283938687921856e-01 6.335709270298608420e-01 6.226115396879747799e-01 6.258508649892543518e-01 6.330187823862801766e-01 6.296592829783033141e-01 6.286461010466077859e-01 6.201382004138586979e-01 6.282329085781563904e-01 6.271361319335179152e-01 6.303853159394936512e-01 6.328519601082750468e-01 6.368194544540937141e-01 6.271256161934316564e-01 6.329261181877758879e-01 6.307368682003621219e-01 6.333126078165590700e-01 6.357554276692248818e-01 6.331582875323013004e-01 6.331638223012858724e-01 6.315764597784760959e-01 6.377675547695721425e-01 6.362297240791182640e-01 6.361018874616576335e-01 6.360110047926977872e-01 6.364967972064016211e-01 6.277822904218779421e-01 6.239197581614707167e-01 6.348873485959652951e-01 6.366129743769000093e-01 6.387389374643321904e-01 6.345561061651777690e-01 6.362017937034198933e-01 6.369222058990198221e-01 6.362173680011116161e-01 6.307685463774537205e-01 6.359365528023561698e-01 6.348164437525408710e-01 6.356694986013726734e-01 6.354349706052681013e-01 6.358285017522640192e-01 6.345910395597847975e-01 6.341221137971314592e-01 6.338872575658914821e-01 6.317490711943080095e-01 6.330472830838584919e-01
1.157519555677936213e-01 1.701818917359231575e-01 3.984718519285391225e-01 6.270302617308831650e-01 4.757049228809773767e-01 5.374539604269462645e-01 1.000000000000000000e+00 7.399189671884635056e-01 7.517379630769623899e-01 6.761960489604270652e-01 7.292135307699637581e-01 7.864213145634906255e-01 6.918067924132565993e-01 7.140490368815708422e-01 8.464900348168375999e-01 7.946288910519027082e-01 7.405818514374966632e-01 7.224895208929676960e-01 7.746343894211432657e-01 6.967915940236277805e-01 7.791088029728444608e-01 8.204039889506475891e-01 7.792122016571009224e-01 7.124696430765743438e-01 7.662570721597862233e-01 7.928919777457232865e-01 8.120000061245706835e-01 8.189851641085736933e-01 7.621560789237572520e-01 7.828462765248740407e-01 7.961551699915128122e-01 8.080080448554277650e-01 7.872145580958854749e-01 8.003861010911048623e-01 7.740324487958326616e-01 8.276713297569511241e-01 8.089737125716724986e-01 8.130465328350173770e-01 8.247381562519093823e-01 8.246494451766889222e-01 7.967358416205229110e-01 8.234454044571811737e-01 8.182534962174941029e-01 8.264244946697669736e-01 8.279248668350551732e-01 8.219926866946607458e-01 7.863306419736566522e-01 7.845783062863466162e-01 7.981128887384137949e-01 8.068741922889403062e-01 8.054700878823879417e-01 8.198510849121439792e-01 8.164554281825908699e-01 7.762524746923129548e-01 7.862553932833220571e-01 8.073999418344081080e-01 7.935382676592246387e-01 7.871335874191437432e-01 7.630160699360893917e-01 7.785052306093660501e-01 7.983417933669318955e-01 7.677176704802133322e-01 7.810905391741027604e-01 7.944205146376276394e-01 8.057631585538832519e-01 7.984648372401146332e-01 7.947902713425589738e-01 7.971571884989224754e-01 8.040587901115779923e-01 8.144445904251725876e-01 8.130839014308078871e-01 8.115607120709290578e-01 7.954543506173614720e-01 7.992451691821603754e-01 8.016586638347669158e-01 8.117493113065382682e-01 8.094856864469155422e-01 8.074967423465417848e-01 8.251384764713036724e-01 7.891916453345826366e-01 8.020920662425338188e-01 7.979291418837473060e-01 8.155662228067502850e-01 7.956734831861672630e-01 8.155213721388838710e-01 8.050768246941433226e-01 8.136029746179972433e-01 8.168730954335913230e-01 8.102514539672595051e-01 8.233700332665390142e-01 8.263694161623449386e-01 8.097438835654096057e-01 8.115882405581081871e-01 8.179863544203447301e-01 7.869308493001662130e-01 7.906656112291448046e-01 8.109182964658858683e-01 7.912327477791242236e-01 7.876953278056518792e-01 8.006980988036496161e-01 8.128973827220546955e-01 7.937757843615319553e-01 8.036520243583384904e-01 7.999009489981453447e-01 8.157462168882229081e-01 7.905182028220786306e-01 7.939945108515181760e-01 7.884123049543967365e-01 7.970102069419539026e-01 7.909235778010131890e-01 7.940719722660074531e-01 7.868857017034019963e-01 7.863856425397519612e-01 7.950154810450524856e-01 7.931296470491173700e-01 7.958431915798610534e-01
7.420184977086961842e-02 1.506711023432697194e-01 3.708067692620692912e-01 5.877473679989813071e-01 4.803997959327192535e-01 5.080812912708371210e-01 7.399189671884635056e-01 1.000000000000000000e+00 7.238609229335564166e-01 6.708554016693776267e-01 7.291156942780459005e-01 7.754987165036130170e-01 6.850850203584721854e-01 7.028495437243263977e-01 7.991227006695958979e-01 7.915346632119057979e-01 7.264604804971550589e-01 7.082636495096021889e-01 7.411118873896940240e-01 6.579502489626135597e-01 7.463738606709413581e-01 7.760640721229812300e-01 7.351788282874538449e-01 6.784035833813912841e-01 7.075469121487754087e-01 7.579542624798492056e-01 7.654849406894091990e-01 7.613368544596046394e-01 6.613748358699577112e-01 7.436260235723725076e-01 7.642216217202305595e-01 7.946031372903752388e-01 7.318280653968559646e-01 7.703798340824777879e-01 7.376426963356889077e-01 7.729094630604689264e-01 7.580681116034230227e-01 7.901053704717595494e-01 7.951770325248059823e-01 7.738574273449463359e-01 7.791532757956360911e-01 7.938548763939405895e-01 7.901240992705875765e-01 7.996984852300610402e-01 7.941226793598084033e-01 7.941770030970705108e-01 7.817043938087531174e-01 7.802665005517765984e-01 7.940916474126041846e-01 7.996405602121200440e-01 7.921666603556165587e-01 7.791529010533639887e-01 7.911622907741023836e-01 7.759802525632216730e-01 7.801885006213208351e-01 7.928502060669180285e-01 7.903962501759690396e-01 7.860612656518134456e-01 7.693393617475643431e-01 7.732727790604274620e-01 7.891849253772071915e-01 7.734987555318273422e-01 7.848276767293674849e-01 7.877958205280994886e-01 7.906817031759745262e-01 7.843995703032401456e-01 7.865363244189750302e-01 7.896224946574440517e-01 7.960945684657825261e-01 7.999472073153036655e-01 7.969130732310258924e-01 7.937181818692077284e-01 7.852042825648801738e-01 7.751701743623632401e-01 7.872880615735688981e-01 7.884731101912075824e-01 7.794558568841357671e-01 7.661861974596605451e-01 7.910289809448743936e-01 7.800744675521114058e-01 7.816247034642976876e-01 7.831323256246895959e-01 7.963938184187782099e-01 7.799398482530203180e-01 8.009850412473014103e-01 7.926835466281737519e-01 7.850774885874600706e-01 7.995668832259242853e-01 7.942137003394739159e-01 7.961838712328789258e-01 7.950935966946199862e-01 7.926572785448273706e-01 7.943519638359867185e-01 7.935777141557678327e-01 7.814559125531107542e-01 7.841882904376050734e-01 8.008591265558174799e-01 7.892152541970912649e-01 7.861575148720035822e-01 7.952168305739393261e-01 7.932346303919196595e-01 7.948415247000891748e-01 7.918188437849507100e-01 7.908591524343864254e-01 7.969164931517109807e-01 7.894328635915144332e-01 7.912972843233941900e-01 7.833172785547555250e-01 7.903867376334544614e-01 7.890536603444373576e-01 7.909952548822871687e-01 7.811800688931125336e-01 7.840302694088088220e-01 7.888239829112725365e-01 7.836322448517890615e-01 7.865256744666925259e-01
1.340313547301073549e-01 2.007623507536974994e-01 4.004954514124355880e-01 6.402462210813650856e-01 4.888789905562875293e-01 5.598591946285176313e-01 7.517379630769623899e-01 7.238609229335564166e-01 1.000000000000000000e+00 7.558677710361506596e-01 8.084852462534830586e-01 8.472493359355456333e-01 7.574778175770295885e-01 7.865537518517879967e-01 8.678757118475629584e-01 8.424370956717162073e-01 8.156121635954816096e-01 7.494290602941673374e-01 7.997588040348573291e-01 6.766458589740630414e-01 7.925192248628235570e-01 8.387489419844597061e-01 8.190797552440728380e-01 7.366810792883273784e-01 7.603983803571288114e-01 8.657585584564472247e-01 8.600278485330598022e-01 8.573835764709012430e-01 7.776284334914174146e-01 8.612144965248947903e-01 8.806623013990334536e-01 8.712066769946066325e-01 8.242956195867515712e-01 8.492839460166172749e-01 8.408103260432394643e-01 8.249252256127389549e-01 8.615144245128795175e-01 8.609451574680386798e-01 8.682008705842190199e-01 8.148570162425302632e-01 8.634991472941466739e-01 8.618623189492605752e-01 8.415358597389276385e-01 8.742326160454797490e-01 8.773650314170844400e-01 8.744119175338562755e-01 8.698251858962847693e-01 8.742729452494236719e-01 8.706999234668870713e-01 8.466816514461925625e-01 8.455573756877455827e-01 8.417012917670867456e-01 8.682583770082163976e-01 8.823873342687339472e-01 8.784862980005941901e-01 8.800123787200327952e-01 8.666161762404426261e-01 8.671009696763012364e-01 8.471999989325752489e-01 8.753804563244349524e-01 8.759071849084809624e-01 8.693960124622198693e-01 8.567341518412573409e-01 8.744312953214571360e-01 8.831792192848345602e-01 8.828092377730865081e-01 8.754293021968992949e-01 8.713361156844177113e-01 8.859183669113275261e-01 8.751102476159403620e-01 8.726877220160934590e-01 8.796895921735806700e-01 8.685062096581852575e-01 8.604771033094588129e-01 8.850382847718760715e-01 8.845514374337376529e-01 8.794196780531944313e-01 8.733844417369737156e-01 8.854189856967811245e-01 8.809983616783007010e-01 8.810872642209612859e-01 8.844940615439598197e-01 8.825817235245186909e-01 8.783981637865384551e-01 8.711242345222567351e-01 8.809370493002476321e-01 8.756073619902481342e-01 8.756721512575683652e-01 8.794738961658209453e-01 8.807665357134463191e-01 8.755408547043561640e-01 8.755257049995659457e-01 8.794011010576148202e-01 8.768001976347481463e-01 8.712861721576664609e-01 8.746981216554827743e-01 8.599143373022192227e-01 8.690877561302849941e-01 8.707750886410112745e-01 8.662889686794449373e-01 8.676322283446633588e-01 8.725425271857462084e-01 8.789329550250318812e-01 8.727267470287499718e-01 8.776573097325583994e-01 8.764113200008334381e-01 8.784727872421599359e-01 8.767223100063598062e-01 8.796314668411522320e-01 8.736733763951110010e-01 8.664482530098183144e-01 8.758505469156994128e-01 8.737998442423312584e-01 8.787685312901732937e-01 8.810455918705778489e-01 8.823574443685686663e-01
4.737964481613750334e-02 1.937095532766008044e-01 3.322059485243368249e-01 5.545586143007690261e-01 4.283111430886488713e-01 5.404052616010958099e-01 6.761960489604270652e-01 6.708554016693776267e-01 7.558677710361506596e-01 1.000000000000000000e+00 7.620504667792492581e-01 7.986233059504881382e-01 7.055168910721576481e-01 7.431531307797382135e-01 8.096734031151836541e-01 7.949173199156185365e-01 7.441213634577871217e-01 6.823109372373907799e-01 7.447492481636187600e-01 5.818971827015865239e-01 7.067457432788367688e-01 7.598658102029345329e-01 7.464674237797658263e-01 6.591036043555831281e-01 7.050773993953373120e-01 7.926103037815742658e-01 7.890751742770597543e-01 7.846092851116246436e-01 6.768375105795493285e-01 7.837958023922275697e-01 8.095522119340181622e-01 8.094187747415181322e-01 7.589307372078875069e-01 7.717630380147285640e-01 7.725534496460954026e-01 7.647023199851887831e-01 7.984600561543595543e-01 8.101391033452370882e-01 8.183987394692650019e-01 7.757862313698894452e-01 8.234249420468772174e-01 8.191002992518213732e-01 7.992140401226545121e-01 8.259330643685156570e-01 8.190332113367060352e-01 8.204763417747319432e-01 8.289089786436573126e-01 8.350579636111934434e-01 8.227403174113585571e-01 7.843798706434506052e-01 8.065034093737942777e-01 7.740178825242907124e-01 8.124688439163639808e-01 8.316284167339377253e-01 8.248050054916903351e-01 8.270185299975801874e-01 8.045637452838974024e-01 8.254768627156954253e-01 8.164786949893964030e-01 8.276649421796770101e-01 8.284071108599080357e-01 8.268147014002353856e-01 8.065612686407098719e-01 8.215441007703760956e-01 8.186379610273355478e-01 8.194530836694376985e-01 8.316749446133487877e-01 8.264317091633804901e-01 8.323939952804931819e-01 8.127955111469767902e-01 8.228790267980851114e-01 8.299958601836607830e-01 8.158876608060725566e-01 8.157867285687357972e-01 8.333336280757722703e-01 8.315008677006583415e-01 8.245536530385914054e-01 8.073797491026034612e-01 8.236550872034312798e-01 8.321638691654658082e-01 8.287717290033350670e-01 8.325044155885942265e-01 8.328588659842101061e-01 8.278813762969555734e-01 8.230202796286714140e-01 8.270326599637979337e-01 8.313006565267919701e-01 8.301545923970841123e-01 8.322198866151558905e-01 8.294833069916648371e-01 8.290107478620879489e-01 8.337210875985908709e-01 8.326279087008225943e-01 8.296048368336248480e-01 8.331970888147374188e-01 8.346583609576762042e-01 8.142128220560554963e-01 8.121014014356198185e-01 8.280337397794126364e-01 8.275265590905281909e-01 8.245144351663316051e-01 8.229166309155943049e-01 8.295102325621739325e-01 8.301019631917349040e-01 8.262685388334202186e-01 8.199000244773183566e-01 8.310293733081606238e-01 8.343924368800104130e-01 8.348042466275442663e-01 8.320508318139406834e-01 8.291339031959948924e-01 8.331885671986569708e-01 8.323083002296777222e-01 8.279465003890900121e-01 8.289569195027647330e-01 8.289907831252162351e-01
2.019285678909951698e-02 1.566329298672769488e-01 3.907719360469079084e-01 6.086215115780124751e-01 4.521857996648904199e-01 5.814615096814539363e-01 7.292135307699637581e-01 7.291156942780459005e-01 8.084852462534830586e-01 7.620504667792492581e-01 1.000000000000000000e+00 8.837464227014246720e-01 7.806823545587534552e-01 8.288769054117653967e-01 8.841804036653564403e-01 8.657221445188877373e-01 8.165488691590282455e-01 7.527477449883608340e-01 8.140466701573670916e-01 6.461273227923579610e-01 7.734757459578770478e-01 8.281820096138277076e-01 7.951516607498853029e-01 7.124578592497676777e-01 7.580679578231650506e-01 8.466055041397462233e-01 8.554476874925697194e-01 8.457611004698180057e-01 7.284608402379502134e-01 8.394723364305912705e-01 8.721588878897859054e-01 8.738090052081489700e-01 7.993461719069151483e-01 8.309604770017687825e-01 8.235785699332403009e-01 8.255891091245728397e-01 8.567657953628855516e-01 8.849821969219636708e-01 8.891882955905311414e-01 8.375582715245515342e-01 8.932904041584373012e-01 8.937544304877074186e-01 8.821754664933688650e-01 8.990674071329145534e-01 8.857795697370161037e-01 8.954007668152653698e-01 9.082238775391590080e-01 9.099847594879133528e-01 8.982443339093575396e-01 8.642817476983775116e-01 8.878809487165685299e-01 8.546173199964259837e-01 8.921308569786635667e-01 9.035375475831707304e-01 8.958775399228350311e-01 8.971201254869042296e-01 8.848655843399407805e-01 9.064858880634354410e-01 8.993666685670407279e-01 9.085112797895594783e-01 9.100391558164542261e-01 9.083225549256502829e-01 8.975159842571674984e-01 9.019849328576082792e-01 8.957493178476995110e-01 8.985404906410502379e-01 9.109425789968228493e-01 9.044221567338954770e-01 9.060197287364516461e-01 8.934442092072769626e-01 9.019844162654395703e-01 9.050663871567808938e-01 8.894018120884035206e-01 8.875292203777535027e-01 9.068611204764536193e-01 9.046195304894262268e-01 8.970225429649373305e-01 8.770402604572155036e-01 8.969518871876258626e-01 9.049269712726040193e-01 9.013599109341732252e-01 9.094196854630719473e-01 9.066454612705052707e-01 8.967831829215042738e-01 9.021534949858557306e-01 9.020739537355068061e-01 9.032662876098893623e-01 9.073429975592205432e-01 9.101294301170875789e-01 9.001733574963470819e-01 8.969655613377836012e-01 9.104682630023268608e-01 9.084804092824366739e-01 9.079523749448313863e-01 9.120842239266060414e-01 9.128127001317185574e-01 8.937337808824994401e-01 8.949489766391355294e-01 9.110471475874798442e-01 9.077270637057098801e-01 9.060197561562330915e-01 9.082333466125454002e-01 9.094944507143910561e-01 9.121821758327898211e-01 9.067963797021689754e-01 9.030751382936947902e-01 9.096251968603079607e-01 9.117744675645544916e-01 9.103610553644874148e-01 9.128064919125389309e-01 9.091226458465045956e-01 9.128001865921998581e-01 9.133954272754556403e-01 9.111279052689152946e-01 9.081497845818975456e-01 9.086069597803633213e-01
3.752266484337706681e-02 1.714225185184070077e-01 4.103438870032260488e-01 6.627185548988261399e-01 4.921845267988197992e-01 6.160276924436753898e-01 7.864213145634906255e-01 7.754987165036130170e-01 8.472493359355456333e-01 7.986233059504881382e-01 8.837464227014246720e-01 1.000000000000000000e+00 8.151166223690982093e-01 8.571636914557997367e-01 9.323112948852390058e-01 9.094486553608822632e-01 8.547109895165793114e-01 7.983383236465917410e-01 8.572655738905876621e-01 6.930323946107560529e-01 8.220430711741291141e-01 8.797062632094939660e-01 8.397729008231131775e-01 7.597857210714091813e-01 8.076263981828463168e-01 8.938750793380184634e-01 9.026563369475014698e-01 8.977066304009042597e-01 7.864149664661690409e-01 8.824191893610664472e-01 9.187682580004205013e-01 9.179385813603186950e-01 8.443742887232691396e-01 8.756017500974232481e-01 8.671730236774575218e-01 8.754136118380214659e-01 8.999266616995929002e-01 9.318520757348335293e-01 9.345321906272727741e-01 8.806439054362737995e-01 9.379073063911479435e-01 9.374503875337926173e-01 9.248395493745937834e-01 9.439544590743677022e-01 9.351702758989210995e-01 9.406499109480523924e-01 9.490626457308699582e-01 9.501871949462612488e-01 9.384331306618376445e-01 9.098573113089534203e-01 9.338701329695697773e-01 9.014992957569251120e-01 9.378283756101042368e-01 9.446001819389934218e-01 9.369462027561078488e-01 9.416478221099318091e-01 9.296759746079368281e-01 9.467192602161534909e-01 9.385837994797610051e-01 9.492161809777265313e-01 9.528405439935813126e-01 9.475371644616465971e-01 9.396651369312808422e-01 9.478361725250241676e-01 9.412456541372365981e-01 9.430500976030669058e-01 9.525431258698475734e-01 9.475625935121997356e-01 9.478880608878861302e-01 9.372447985228330447e-01 9.470734116741147401e-01 9.502715431475989849e-01 9.333909076221539314e-01 9.334997905118397332e-01 9.499832949968921580e-01 9.485411321845959032e-01 9.415062178524979952e-01 9.261932070771957681e-01 9.435891232941173712e-01 9.459688312979651625e-01 9.448588349519795315e-01 9.522895870345868818e-01 9.528388373954174151e-01 9.391321090933391069e-01 9.445862349323045359e-01 9.451507052987685453e-01 9.459398200270692225e-01 9.501685399920920538e-01 9.524393028428735919e-01 9.464418960478316878e-01 9.442443306961234573e-01 9.529346544904881977e-01 9.527152830995077037e-01 9.520784356558084083e-01 9.518002454405919410e-01 9.539784815780456562e-01 9.377665484165723653e-01 9.383203741393045805e-01 9.511113962002115674e-01 9.492718372322203058e-01 9.485999363001296203e-01 9.495562899723668515e-01 9.532726548338565919e-01 9.534774970818077344e-01 9.522231751539985689e-01 9.460061067453692241e-01 9.513340487315362637e-01 9.527409792742798089e-01 9.527940910772880745e-01 9.529511614150439902e-01 9.489979223434873434e-01 9.533923390997836034e-01 9.535849023500843069e-01 9.527537977573148353e-01 9.508604786956738053e-01 9.522151232308271318e-01
4.713821905603746837e-02 1.490647779253631011e-01 3.555244929057448378e-01 5.813031278007338987e-01 4.847318462841692654e-01 5.305296974088916651e-01 6.918067924132565993e-01 6.850850203584721854e-01 7.574778175770295885e-01 7.055168910721576481e-01 7.806823545587534552e-01 8.151166223690982093e-01 1.000000000000000000e+00 7.611337061528710146e-01 8.270577193229191604e-01 8.176224278138078949e-01 7.610749652761582551e-01 7.131791089348784585e-01 7.662115240021198925e-01 6.194722342458494069e-01 7.383064139065721454e-01 7.805413710017422568e-01 7.266580109045404079e-01 6.662367708223476681e-01 7.080026431056060110e-01 7.852919140519272201e-01 7.903816346394240133e-01 7.856678598012933890e-01 6.544961189685648550e-01 7.737107943078571637e-01 8.003292611380935506e-01 8.099850572626943190e-01 7.305534028326876594e-01 7.579046430088016706e-01 7.591166527108335060e-01 7.569259893796876915e-01 7.888253941447631590e-01 8.179247201079378193e-01 8.234677457082660856e-01 7.706510976161250470e-01 8.320270477233594475e-01 8.275091180516620515e-01 8.217490687373110170e-01 8.359140180094336570e-01 8.188540114243662016e-01 8.275470654434564644e-01 8.426086314082427142e-01 8.477691535189346705e-01 8.300791021863822561e-01 7.989257748307034834e-01 8.161322750937631820e-01 7.940135977947537782e-01 8.293652373780504572e-01 8.369814679762493936e-01 8.222491894616049679e-01 8.278193271146019327e-01 8.126592598490538499e-01 8.370590290580846027e-01 8.216612881757818787e-01 8.487452089286683377e-01 8.441626837037503606e-01 8.373263871203078246e-01 8.246331016068352282e-01 8.355903249720234571e-01 8.383115522035625711e-01 8.331130594828619618e-01 8.461070880530894289e-01 8.446891310259553309e-01 8.381960780824198043e-01 8.345114714572550163e-01 8.446004414183025943e-01 8.429741475056392597e-01 8.264979199473760918e-01 8.275948948929390259e-01 8.380313457549144474e-01 8.357591013864429375e-01 8.244743634337811100e-01 8.021839138656065016e-01 8.284114162730972231e-01 8.386156718817059375e-01 8.347766814529067325e-01 8.422622810224846823e-01 8.428449358950607095e-01 8.279428273742466260e-01 8.392481063760570681e-01 8.323888032365507339e-01 8.365935122167086346e-01 8.412571864138242983e-01 8.440954824039971216e-01 8.341889016615250396e-01 8.328410021521442941e-01 8.436102679430261819e-01 8.448119592410796574e-01 8.447450553833371067e-01 8.445002642906078716e-01 8.473668182097234824e-01 8.376258557633274870e-01 8.383094294674048319e-01 8.478047687162799662e-01 8.457248657484581766e-01 8.466648532742735433e-01 8.481356621487461389e-01 8.457408214816605208e-01 8.521319752586028473e-01 8.476579523883442935e-01 8.418745865100665249e-01 8.462215543709861176e-01 8.449946159821957181e-01 8.436118560398068178e-01 8.485824066068144989e-01 8.394907797478761147e-01 8.498722048316356137e-01 8.461082467241077820e-01 8.516852346696734966e-01 8.477178797233303476e-01 8.484058472309968790e-01
