1.000000000000000000e+00 2.091312373723100970e-01 1.437327138894781975e-01 7.804278059663821709e-02 6.189612867345485603e-02 -4.554278505275858625e-03 4.379198100488375378e-02 1.371400042453781512e-02 1.734466436643273823e-01 9.339484635663274081e-02 3.181946470807332783e-02 2.187969603926912324e-02 1.516394063337463648e-02 -7.204280035839234764e-03 1.097246141002860935e-02 3.147289107879894243e-02 1.086613113406175585e-01 1.454329046457910057e-01 1.340433760195963442e-01 -7.516862292427901882e-02 5.622628256721163426e-02 9.640957470535789497e-02 1.065221678223797624e-01 8.116077963347204105e-02 1.097099889351424440e-01 9.992577947485835332e-02 9.805354289658026190e-02 9.300114485526607411e-02 1.107223667825674995e-01 1.242641920685778750e-01 8.325861179079153962e-02 6.047848991835825389e-02 6.704713171185369691e-02 4.035172343055895561e-02 7.068171933237091253e-02 3.311037772460879297e-02 6.920465737734493583e-02 1.257839257765414054e-02 8.856794484072191484e-03 -4.694229938481478404e-02 1.037571676987333706e-02 -1.152408509162479444e-02 -4.602372344681045224e-02 1.048417312126388723e-02 2.965748349618541405e-02 1.286005244563929312e-02 9.833690679442541258e-03 2.955420583991908920e-02 3.329728877398013126e-02 3.061076343041563980e-02 1.417504240007411327e-02 1.423175965781855491e-02 -8.609439850306797176e-03 6.366518052755748558e-02 8.232952785883682068e-02 5.181860731489699307e-02 7.516764646944415484e-02 1.854120085887431268e-02 2.066117438501968717e-02 4.909938656324860234e-02 7.846645327120947699e-03 3.223725043111697747e-02 2.957148773368608458e-02 4.584766928255758905e-02 8.183536008767265668e-02 7.553575578718255135e-02 3.148050966912670223e-02 3.363615634367932844e-02 3.400566683387218347e-02 -2.410401527684306357e-03 2.072824674461622163e-02 4.499463671426273681e-02 1.624852528748002914e-02 2.879779282712251892e-02 3.555600218526146911e-02 3.480753982100146665e-02 3.307044263454760047e-02 5.345467483595005981e-02 2.628754227878616484e-02 5.006992269207407448e-02 3.681086284120892171e-02 3.157478444929292388e-02 4.227439886793091239e-02 4.398058375258951519e-02 1.481802471662747693e-02 1.954560762120268608e-02 1.726649089438172038e-02 4.428245331753512606e-03 4.135830117881856248e-03 2.132205082941815780e-02 -1.232576552939803997e-02 3.036385280481017270e-03 1.374523245801791485e-02 1.658936598668504271e-03 4.623743910210307770e-03 1.391171235625821012e-02 -1.243596346435328973e-02 3.841712773400315223e-02 4.044134679893870814e-03 -7.699147743141089399e-03 -5.685399997971815264e-03 1.007668366203181599e-02 3.454294729660506609e-03 -1.039613715877531512e-03 1.685842851113190932e-02 4.666751572584893620e-02 2.230841305369075933e-02 2.342267750363970225e-02 2.492299582665708987e-02 8.323223574732878730e-03 -2.528845581966253451e-03 2.418870751168862576e-02 8.799203820555830113e-03 2.467543541107691113e-02 4.090891827143901260e-02 4.111244901432774268e-02
2.091312373723100970e-01 1.000000000000000000e+00 9.841451765095278470e-02 1.095662434927169721e-01 8.795719124394410504e-02 8.376575633039612390e-02 1.421696536833063074e-01 1.275936056100411553e-01 2.043803660353239737e-01 1.754943421609016507e-01 1.445781678883680532e-01 1.358881561127839865e-01 1.336017669876812253e-01 1.192709308322224410e-01 1.445272413020543267e-01 1.433926938339252222e-01 1.803114598795539092e-01 1.575934116602127066e-01 1.578818783621050992e-01 5.766747224126352045e-02 1.179236819467369829e-01 1.366963783041159342e-01 1.341078029226903667e-01 1.047452316628062624e-01 1.283288752599855975e-01 1.739203914409973573e-01 1.645448926283328561e-01 1.681919032200646369e-01 1.856220850353422214e-01 1.869283255929908572e-01 1.682842955217688508e-01 1.434825230633611781e-01 1.405675593156385239e-01 1.099035541307076536e-01 1.364427808249041862e-01 1.117099310249747290e-01 1.423455061943805777e-01 1.291308856732316657e-01 1.236703232164517996e-01 1.034792824841650610e-01 1.328415404550732648e-01 1.249143553476204371e-01 9.507883275260500811e-02 1.326865955588913959e-01 1.340831896591428707e-01 1.377890143534600542e-01 1.318856840858218527e-01 1.530905188223356805e-01 1.456018261243079703e-01 1.282752049710403075e-01 1.313520135938470723e-01 1.116445219059686716e-01 1.246383277965371489e-01 1.725292725405512817e-01 1.868678325638710447e-01 1.628471281747010391e-01 1.796100490950186535e-01 1.496527966390447939e-01 1.506050133188878704e-01 1.585043288994028021e-01 1.328916452984969798e-01 1.589983562157752661e-01 1.578242746822800247e-01 1.558547048114425904e-01 1.631590582586584237e-01 1.730148148840647548e-01 1.409204968725382701e-01 1.395065017930188500e-01 1.417056202251569530e-01 1.231749725737799339e-01 1.301499039034682004e-01 1.475548174884623864e-01 1.186847202739448881e-01 1.293550336047117888e-01 1.501925867109720203e-01 1.462681141317972999e-01 1.520738046681866518e-01 1.588209658365804522e-01 1.435243148775268152e-01 1.543905162288263244e-01 1.419790907572737182e-01 1.414997825656606756e-01 1.460397822897973874e-01 1.463785736953113203e-01 1.277064752873209863e-01 1.260288777127643589e-01 1.287855578501663767e-01 1.333792416673461323e-01 1.286725457757032232e-01 1.455536618314640096e-01 1.204719463110045935e-01 1.327421402820815888e-01 1.316319954620699673e-01 1.348204022637153610e-01 1.373783745783455634e-01 1.414737572241295260e-01 1.263586443824117334e-01 1.430104843347912436e-01 1.316403532913769658e-01 1.227960744403717164e-01 1.241936122757464206e-01 1.360181419014621917e-01 1.301896553453465999e-01 1.280536091917378050e-01 1.293375672204247484e-01 1.609970463575164934e-01 1.417054422088500354e-01 1.476095316257026169e-01 1.511561586863630902e-01 1.362589344969290239e-01 1.341580807317953872e-01 1.427995840394342686e-01 1.387390408245264828e-01 1.434665756061758168e-01 1.430393259338768319e-01 1.509957539884691224e-01
1.437327138894781975e-01 9.841451765095278470e-02 1.000000000000000000e+00 3.571973006833596975e-01 2.097649507308770866e-01 2.147901461560519643e-01 3.366612758268364147e-01 3.064802963321762719e-01 3.670357257096084069e-01 3.365488660123997500e-01 3.637353999604008847e-01 3.710354892488927914e-01 3.140607141281226977e-01 2.829764351058899896e-01 3.684818112155463510e-01 3.508032334424358578e-01 3.655972718081058059e-01 3.647612837908206229e-01 3.687920250782740217e-01 2.473715595028590508e-01 3.440186916880890733e-01 3.631011272408636859e-01 3.719390048190769349e-01 3.200007138176350630e-01 3.465569159766893614e-01 3.941635602992131227e-01 3.952647281468881224e-01 3.993765416649963651e-01 3.780866934086024034e-01 3.972607678006602194e-01 3.980783702850882455e-01 3.856088015365731758e-01 4.047689598646334042e-01 3.753304055457137300e-01 3.896198438448630896e-01 3.701253735753971541e-01 3.921971312443563451e-01 3.804314921595483567e-01 3.806831203858031532e-01 3.581436728757879107e-01 3.752773459857992600e-01 3.745020411976298091e-01 3.485123502907049309e-01 3.742209780171091849e-01 3.900510763623175614e-01 3.771196777993431337e-01 3.686904304498513918e-01 3.783382326465133394e-01 3.738716852876467489e-01 3.676965452789479061e-01 3.689496251641829483e-01 3.529190463558845026e-01 3.521382239701838501e-01 3.815552082759411934e-01 3.768508728476065994e-01 3.890678479466870288e-01 3.660745690894799398e-01 3.738201665837728727e-01 3.684662647939148661e-01 3.731944014058315440e-01 3.678841520076798211e-01 3.657238099005176712e-01 3.663705146801169987e-01 3.724773907831731012e-01 3.794793647127779335e-01 3.791688274829330130e-01 3.806535072483561155e-01 3.849091737773805422e-01 3.830826992925837060e-01 3.654925527318511058e-01 3.792801484647120858e-01 3.882815214136368098e-01 3.676620710347547893e-01 3.734154744552893868e-01 3.831718489289313578e-01 3.844740153808672845e-01 3.814394795496653390e-01 3.836592647178710402e-01 3.730645559982637138e-01 3.845245251803622311e-01 3.869898750499700113e-01 3.857083913896243721e-01 3.845573797754094914e-01 3.891283278157370851e-01 3.824349050240867798e-01 3.828290833826551998e-01 3.854398891165064511e-01 3.746944932203707390e-01 3.762379993498445874e-01 3.814088700254727460e-01 3.764480212718083196e-01 3.749505420346371798e-01 3.769236393592472201e-01 3.726850041773103750e-01 3.702015730949967942e-01 3.719018231508146033e-01 3.646469345621083935e-01 3.740584656563539223e-01 3.710025734889734195e-01 3.706646304999967612e-01 3.697493363822229595e-01 3.710141889890255507e-01 3.702163506892648392e-01 3.723559321978127667e-01 3.742760582371683076e-01 3.744791872846703340e-01 3.741030046651979690e-01 3.745120538863461745e-01 3.776288413952993417e-01 3.677159931555643024e-01 3.711295888449401836e-01 3.725654420577818038e-01 3.695731237057275353e-01 3.741612267582258289e-01 3.792575661248732688e-01 3.758025552282953097e-01
7.804278059663821709e-02 1.095662434927169721e-01 3.571973006833596975e-01 1.000000000000000000e+00 3.519611281952074178e-01 3.694221459020183285e-01 5.543622905703877723e-01 5.550861637647546143e-01 5.617610040668263860e-01 5.016736752844975777e-01 6.072369600504278209e-01 6.692853972585139921e-01 5.501743435810363403e-01 5.014750219017392041e-01 6.133621691718733615e-01 6.146241473977575032e-01 6.185460070363474339e-01 5.786184679430268485e-01 6.001649070451038348e-01 5.295006808390565478e-01 6.322586735109383405e-01 6.643505904226687520e-01 6.406585043019416004e-01 5.917172126188545711e-01 6.075969470714083220e-01 6.453504028733263453e-01 6.275813393152158692e-01 6.383522176618904309e-01 5.997929283175581494e-01 6.095051592379823191e-01 6.368357536293390853e-01 6.735998175069008997e-01 6.272180094747182855e-01 6.550598057166276966e-01 6.068890407017115685e-01 6.419592371943835252e-01 6.313558363620692671e-01 6.358877378939238323e-01 6.346877498309921872e-01 6.335683931554109138e-01 6.360202739231699542e-01 6.264652048838277310e-01 6.074427012730462261e-01 6.392702323667609488e-01 6.513634949437953070e-01 6.244679860481213707e-01 6.203828097601491454e-01 6.258632709713977116e-01 6.242708113432204886e-01 6.424365858228767712e-01 6.310650785000824214e-01 6.574035918698325487e-01 6.268056520928306785e-01 6.230555040247711673e-01 6.153559605692380252e-01 6.411041285964419467e-01 6.156416944701158522e-01 6.286260772830286614e-01 6.185341503521696316e-01 6.286790290110930712e-01 6.304372839799327055e-01 6.125495012417073726e-01 6.192029940634965479e-01 6.199630524936817766e-01 6.389862868948333885e-01 6.333414743425244131e-01 6.338957987078336354e-01 6.450337331268023444e-01 6.529667277820448978e-01 6.477486504385722155e-01 6.518652002640087373e-01 6.406140912734047399e-01 6.554462156913959392e-01 6.504430511673821025e-01 6.416894379258110126e-01 6.376053403629867722e-01 6.320377981937816969e-01 6.254923691043133838e-01 6.277005015743492011e-01 6.322121466937948853e-01 6.310556701315483963e-01 6.308129757377003433e-01 6.506553510874357737e-01 6.345542958621420704e-01 6.559010282698386485e-01 6.476806161901709213e-01 6.380982260150812602e-01 6.361688713399292761e-01 6.299843203679000858e-01 6.323578374583325168e-01 6.423002603089590368e-01 6.301477732298880197e-01 6.417213302487319027e-01 6.286193692100102703e-01 6.231146858038791869e-01 6.233012626012058854e-01 6.449224702793896480e-01 6.433973681946389966e-01 6.354925930959014480e-01 6.383901155021872720e-01 6.344675803599771902e-01 6.357890929449144801e-01 6.357660953844493923e-01 6.343822822381837145e-01 6.512667142118898633e-01 6.339634504934206216e-01 6.319294677200482102e-01 6.251068131822327123e-01 6.341527619048858977e-01 6.268720913320701138e-01 6.284960015627459873e-01 6.267509990712184509e-01 6.260691033083788382e-01 6.321447078482507198e-01 6.316929640395730905e-01 6.329183588378725078e-01
6.189612867345485603e-02 8.795719124394410504e-02 2.097649507308770866e-01 3.519611281952074178e-01 1.000000000000000000e+00 2.650941766089623397e-01 4.896871134438672835e-01 4.696045991960080546e-01 4.660106399054810278e-01 4.362224323353791067e-01 4.754502322397242131e-01 4.974147923237838831e-01 5.089179968810508825e-01 3.811510744052704625e-01 5.248549547395467973e-01 5.320252188616889644e-01 4.727588991934483231e-01 3.550980976987552218e-01 4.102639756535595983e-01 3.859210572227941283e-01 4.004024885937434997e-01 4.512667570002018014e-01 4.194925308692702970e-01 3.538656533589186748e-01 3.752370807141678921e-01 4.929728273947884265e-01 4.870855145250195806e-01 4.831380224547974778e-01 4.941007081440738635e-01 4.791974997356788779e-01 5.010329404295820188e-01 4.849338278705750960e-01 4.658591713381077803e-01 4.728201405774434263e-01 4.878748036883523431e-01 4.820902228748693563e-01 4.909051348336754272e-01 4.948258330291431806e-01 5.057292660592440647e-01 4.522605247556751307e-01 5.106588862919191341e-01 4.998423528682808259e-01 4.956617860223325733e-01 5.187440413383515025e-01 4.973732123839669783e-01 5.052237547626698966e-01 5.070520490059119423e-01 5.131841254408320285e-01 5.076390574479658913e-01 4.958727219497923167e-01 4.929795263793818605e-01 5.032623331294268088e-01 5.129630869378372093e-01 5.165992776651671115e-01 5.040293249101776007e-01 5.038042050532497429e-01 5.031947278211698071e-01 5.168491344451962011e-01 5.035720502799833076e-01 5.218579083145241659e-01 5.112123449505865391e-01 5.128931121571373986e-01 5.104782842133481768e-01 5.158706375228291341e-01 5.164990245519670564e-01 5.166638172401371021e-01 5.127433844715465483e-01 5.037141425585461851e-01 5.116744990896987533e-01 5.064331464293777563e-01 5.019152131517617965e-01 5.020125203371211819e-01 4.909868064261246889e-01 4.815389570069034120e-01 5.172314995773951152e-01 5.118282576467564349e-01 5.081708514784604169e-01 5.141976787027988660e-01 5.092199980118746749e-01 5.106674793400692858e-01 5.101956067851072252e-01 5.122802724083330705e-01 5.108461856867373418e-01 5.148009536929570862e-01 5.061108254919450822e-01 5.045231881497191928e-01 5.045431831681245205e-01 5.112473676851480020e-01 5.095504669477440851e-01 5.103290875405976923e-01 4.982681408015366409e-01 5.117076289575123171e-01 5.097214716132546508e-01 5.089671495268766055e-01 5.114671274322708516e-01 5.111742139505919269e-01 5.017869949076591007e-01 5.122704344644068986e-01 5.132380160526581747e-01 5.084913699812824150e-01 5.135719033193218985e-01 5.128564981041546789e-01 5.146795441832416884e-01 5.158973384556674313e-01 5.171777099970965574e-01 5.132533849110364477e-01 5.154469893067713526e-01 5.149541940692917708e-01 5.168073554980523454e-01 5.108829973745736552e-01 5.095942216357233212e-01 5.189103118511760870e-01 5.157803481825674607e-01 5.155964400152007743e-01 5.188999344926154000e-01 5.189785253825037747e-01
-4.554278505275858625e-03 8.376575633039612390e-02 2.147901461560519643e-01 3.694221459020183285e-01 2.650941766089623397e-01 1.000000000000000000e+00 4.814531635004096199e-01 4.489425613645876556e-01 4.882768202170880145e-01 4.790500483399302012e-01 5.139267527837853011e-01 5.341954595137877737e-01 4.807219373245339433e-01 4.342859983446515360e-01 5.372653849260171643e-01 5.329795034874281745e-01 4.865099182261397037e-01 4.363059048461702116e-01 4.684747756042058620e-01 4.097601605604585528e-01 4.771950174481907059e-01 5.007663551105004940e-01 4.876202353063871509e-01 4.396182292763523569e-01 4.649050151625476746e-01 5.325779394164986691e-01 5.274082138779701001e-01 5.178899463314813323e-01 4.979624460881885151e-01 5.181925669519182875e-01 5.427567399387135394e-01 5.316245986611510821e-01 5.208346811688584488e-01 5.248610077120251516e-01 5.250327887330105137e-01 5.271357868323303109e-01 5.440653791591807398e-01 5.475418707082343461e-01 5.584300620179413199e-01 5.377343083457781781e-01 5.616954329140321223e-01 5.552617553004418616e-01 5.493812483674663794e-01 5.563050106434525022e-01 5.531833021701225706e-01 5.558117303616292304e-01 5.665681749560735891e-01 5.620277250021710191e-01 5.510868646550584060e-01 5.246389685290454574e-01 5.490308655376875402e-01 5.284655231797794617e-01 5.547412156804035765e-01 5.568545248163029315e-01 5.345153904788541022e-01 5.561133951594782188e-01 5.221739142085835006e-01 5.585095164267158685e-01 5.569595782045110299e-01 5.584524665747027106e-01 5.610122767429474022e-01 5.484656940558266802e-01 5.411386067770739272e-01 5.505641177779210249e-01 5.508489873343037635e-01 5.482891091275081674e-01 5.673716366681020862e-01 5.658915400696712394e-01 5.620099944138889914e-01 5.585901443995111570e-01 5.709386659660684593e-01 5.672700758042380498e-01 5.529247616854124914e-01 5.538335259437590086e-01 5.668873796751310312e-01 5.666433128760804960e-01 5.647264873273895036e-01 5.527688881927147468e-01 5.635938461790751530e-01 5.591843242929791513e-01 5.634648686722649735e-01 5.658283231402103652e-01 5.644009181236908645e-01 5.604513392636053526e-01 5.646135104269427440e-01 5.624035253408111723e-01 5.664657959068646331e-01 5.710610644737069697e-01 5.663982702413001835e-01 5.695464798373355286e-01 5.707537736455479127e-01 5.710583646342731745e-01 5.663756548543704694e-01 5.704727957213643341e-01 5.675085963330455119e-01 5.696375531839262818e-01 5.559846122089546760e-01 5.537883832028916986e-01 5.668443159673917098e-01 5.659434076364463495e-01 5.687846996003808053e-01 5.647091654773480629e-01 5.668962545920654961e-01 5.664492497540958293e-01 5.627250959031638855e-01 5.560329513919298750e-01 5.666969394994899600e-01 5.674327164741910234e-01 5.679092076582591408e-01 5.679394739254267632e-01 5.684308446414902960e-01 5.660495013706208223e-01 5.656955104595996486e-01 5.645689043542710950e-01 5.637738111562617949e-01 5.604230654575352855e-01
4.379198100488375378e-02 1.421696536833063074e-01 3.366612758268364147e-01 5.543622905703877723e-01 4.896871134438672835e-01 4.814531635004096199e-01 1.000000000000000000e+00 7.227039009802271874e-01 7.316673462443802345e-01 6.755482041647672409e-01 7.625506475337401335e-01 7.959552076893652295e-01 7.370459216739475572e-01 6.220267661147698135e-01 8.361111409974218978e-01 8.087240539349512813e-01 7.408560139190872862e-01 6.100415973220510990e-01 6.677384993427339932e-01 6.073621231221383310e-01 6.572865237544082140e-01 7.256636224222415832e-01 6.830038848501882587e-01 6.132026676595541126e-01 6.409764027721555069e-01 7.921327994406617279e-01 7.725877441507279508e-01 7.760749630516555753e-01 7.562863984764967018e-01 7.732739497642893145e-01 7.987068314190752805e-01 7.923165644846840161e-01 7.611663599804339153e-01 7.620501832796884312e-01 7.869023064158728875e-01 7.619562037631308904e-01 7.774903089795469624e-01 8.139281510279700038e-01 8.091281262501566207e-01 7.646163487438334405e-01 8.116140640081025426e-01 8.095895188736386139e-01 7.805315033243672707e-01 8.170253013009800558e-01 8.014807109847917888e-01 8.083273911155015590e-01 8.139675371922153735e-01 8.183095791915652173e-01 8.144514656993986357e-01 7.945093523760992094e-01 8.048763246261319004e-01 7.861259718307876954e-01 8.084612614016996046e-01 8.157956285017095022e-01 7.973699869486783331e-01 8.178674270086006004e-01 7.912785263987681672e-01 8.174789301405180897e-01 8.121435084160967266e-01 8.203830577922316403e-01 8.150262895188246093e-01 8.116235948387362509e-01 8.091285923798211543e-01 8.172979882843258714e-01 8.085835026168828321e-01 8.141974272110906741e-01 8.168980487297314852e-01 8.120411141985601766e-01 8.184720640118200441e-01 8.081223793115279719e-01 8.078529260546900570e-01 8.077625422700992486e-01 7.989882150390184012e-01 7.878153606996290970e-01 8.254352313151804843e-01 8.176379205934548589e-01 8.178370732008898303e-01 8.092115670895808632e-01 8.114407979980318153e-01 8.134856444832830880e-01 8.131418460780829305e-01 8.169266640908040555e-01 8.226014855683277949e-01 8.195569286701144263e-01 8.185411638681586721e-01 8.131643881053637335e-01 8.088498643245690678e-01 8.230223638784216478e-01 8.148353749557281089e-01 8.225938363878115833e-01 8.132086444459800667e-01 8.195823079720285786e-01 8.181689097009571254e-01 8.168765467524368162e-01 8.165487462092493320e-01 8.172584796067156043e-01 8.145478585252150516e-01 8.147371844986167622e-01 8.193628560810249928e-01 8.207476548486053458e-01 8.179006044556730304e-01 8.196973225575875377e-01 8.177122114113438700e-01 8.192958615373001630e-01 8.188379288976940229e-01 8.176330024457718615e-01 8.217244071438748465e-01 8.200311153323714963e-01 8.241117933191630662e-01 8.197343150812048673e-01 8.185894507214458438e-01 8.203124639280952035e-01 8.190032039491310645e-01 8.202496527323388520e-01 8.155437814185823031e-01 8.177921991288502612e-01
1.371400042453781512e-02 1.275936056100411553e-01 3.064802963321762719e-01 5.550861637647546143e-01 4.696045991960080546e-01 4.489425613645876556e-01 7.227039009802271874e-01 1.000000000000000000e+00 7.074410023967975247e-01 6.459220217824505061e-01 7.503473909185399693e-01 7.991368057268178893e-01 7.278308208793623502e-01 6.243802794474871964e-01 7.976269360946973697e-01 8.139963971915032959e-01 7.069946523360124413e-01 5.796698490553564564e-01 6.450832310799627933e-01 5.675872217156705535e-01 6.381849824466234722e-01 7.033899365424620687e-01 6.574566548268336863e-01 5.838150616749767652e-01 6.188349002023820766e-01 7.665960393263208106e-01 7.445786060717288768e-01 7.394711072270331309e-01 7.082401118755347058e-01 7.353893062976528672e-01 7.590068759756991579e-01 7.640964451805468682e-01 7.394219880784218546e-01 7.374226763855273870e-01 7.469238422636345076e-01 7.527403750747548861e-01 7.470086936995772309e-01 7.959599888376903687e-01 7.947056207133078587e-01 7.546115644627772179e-01 7.947773114943826878e-01 7.959733578112345720e-01 7.806772093627966091e-01 8.119111613293277241e-01 7.828754954433962965e-01 7.905259274923469581e-01 7.990229266647319584e-01 7.976646501960016344e-01 7.970944058089023398e-01 7.839521810864091833e-01 7.950788124218188813e-01 7.773523446512198287e-01 7.972632321687456169e-01 7.965589116377971290e-01 7.800648249326773698e-01 7.928381065869303246e-01 7.817539540382018037e-01 8.023711539751247068e-01 7.968598639107540293e-01 8.035698479206057065e-01 8.057922545420659333e-01 7.981392542834657711e-01 7.968401824174731196e-01 7.984945200431184942e-01 7.843617337627591946e-01 7.925799109017506172e-01 7.987927960379743730e-01 7.900458424315451866e-01 7.932079140068241108e-01 7.806995129708483860e-01 7.932784815362446951e-01 7.874936158471326220e-01 7.678202598088054165e-01 7.649640974369988911e-01 8.045575240001041628e-01 7.952509745096844052e-01 7.940103001787214287e-01 7.803497044092136958e-01 7.899164546959840383e-01 7.874824488124438915e-01 7.888627139628680007e-01 7.921520642404537016e-01 7.999887829675015327e-01 7.940197742748787979e-01 7.978946644325678461e-01 7.892965151558534176e-01 7.886835540089933705e-01 8.065972664170037998e-01 7.980411027451339567e-01 8.041401787182026473e-01 7.971976128116585736e-01 8.030368028865383367e-01 8.007884894046245483e-01 8.048100413361810590e-01 8.007400381299478731e-01 8.021585034069399489e-01 8.120993392008595269e-01 8.032057538299096633e-01 8.076351670939465599e-01 8.071352093811650086e-01 8.069582847692551297e-01 8.091139053767666400e-01 8.051599895270959983e-01 8.096796469386804418e-01 8.045694624283987739e-01 8.027397846150575722e-01 8.061119139575818604e-01 8.014494591139480484e-01 8.072701290024826282e-01 8.052965339367367248e-01 8.055480102600304226e-01 8.037495494141458918e-01 8.073207415852895474e-01 8.056258458516687426e-01 7.927304238557771887e-01 8.012704895460686094e-01
1.734466436643273823e-01 2.043803660353239737e-01 3.670357257096084069e-01 5.617610040668263860e-01 4.660106399054810278e-01 4.882768202170880145e-01 7.316673462443802345e-01 7.074410023967975247e-01 1.000000000000000000e+00 7.303213259708183358e-01 8.038728978242563050e-01 8.103696486374518670e-01 7.487114658930750233e-01 6.575407830489078398e-01 8.236045078237395067e-01 8.172022311251709858e-01 8.149492140688029407e-01 7.153864381777625958e-01 7.686481192681031693e-01 5.847710397970677931e-01 7.044427846310757912e-01 7.967274401876568435e-01 7.451906942569607173e-01 6.698945691255326906e-01 7.237817774418925376e-01 8.547549321686053192e-01 8.477850109403338719e-01 8.511129767441235616e-01 8.386020491348894490e-01 8.615533162638100428e-01 8.717622654526293591e-01 8.392685086895209645e-01 8.137823890067189536e-01 7.964783660304758373e-01 8.481882869012297155e-01 8.053937682288052624e-01 8.565879833904507246e-01 8.438266447465131437e-01 8.399988524839402393e-01 7.923804919636198152e-01 8.513725083585430564e-01 8.392446771563946140e-01 7.949510604474310238e-01 8.484460783910939830e-01 8.534345724709384573e-01 8.470440485337378256e-01 8.524410089052191219e-01 8.650108434781104139e-01 8.643348543006424967e-01 8.295216468269451804e-01 8.414148790408196854e-01 8.172080836621804512e-01 8.354714283395331398e-01 8.739871871648515755e-01 8.706418485994494860e-01 8.732686702489278474e-01 8.573808573347873052e-01 8.599277526332393951e-01 8.597245785764198178e-01 8.693823418071449094e-01 8.524820217442795611e-01 8.587273168127038669e-01 8.565422813233690702e-01 8.654459024286766944e-01 8.737526855777948409e-01 8.744125154194647420e-01 8.648159483873524289e-01 8.585180300044028545e-01 8.595422650289011868e-01 8.408413736359361401e-01 8.489009050420269764e-01 8.648606761695376566e-01 8.291529421723600191e-01 8.366643745303975477e-01 8.686883013878157200e-01 8.656645600822250319e-01 8.654913276523451549e-01 8.671742346502200327e-01 8.583838089341239153e-01 8.714572361245481735e-01 8.676098839189325673e-01 8.648143561694898729e-01 8.671012155528562415e-01 8.656758208383883435e-01 8.473878255070560472e-01 8.461600362677297316e-01 8.561193404927547324e-01 8.520630623700728989e-01 8.512665808732894357e-01 8.605385823474703821e-01 8.397358448484747440e-01 8.536433140384165341e-01 8.571421495806362811e-01 8.503872160738296104e-01 8.534398667615126222e-01 8.572382993624959591e-01 8.319330672528754134e-01 8.538656307001900592e-01 8.505272676226176554e-01 8.463436325895681289e-01 8.456720040432925689e-01 8.526147455223311855e-01 8.490575890784182178e-01 8.510019562166178941e-01 8.539880043047413105e-01 8.638082422802139115e-01 8.596170356447838667e-01 8.635695123055718847e-01 8.660450090692611846e-01 8.558346313306769426e-01 8.517728458927108504e-01 8.609024171651490365e-01 8.542256331701896244e-01 8.606936654716583757e-01 8.672219465775704572e-01 8.644749937776634585e-01
9.339484635663274081e-02 1.754943421609016507e-01 3.365488660123997500e-01 5.016736752844975777e-01 4.362224323353791067e-01 4.790500483399302012e-01 6.755482041647672409e-01 6.459220217824505061e-01 7.303213259708183358e-01 1.000000000000000000e+00 7.527900622173880896e-01 7.566037258507790630e-01 7.162156299296363882e-01 6.260779649166983152e-01 7.795458684072724687e-01 7.648990410083437164e-01 7.307711422331224504e-01 6.055143416934279932e-01 6.701804210867059464e-01 4.995152727915031510e-01 6.047124069450082740e-01 6.744011189325428424e-01 6.639470773072466692e-01 5.846391043614217464e-01 6.260900683251019450e-01 7.672395314349250706e-01 7.638401092356570388e-01 7.581035054621811931e-01 7.468602571452254146e-01 7.790706492858312515e-01 7.852749036558381857e-01 7.538311649587804419e-01 7.434231255935330740e-01 7.327539128567521765e-01 7.747211940360285709e-01 7.337151970736647266e-01 7.752249752957659501e-01 7.885317554487711877e-01 7.905943375400391604e-01 7.293086293655596242e-01 7.973617017347572888e-01 7.911748976469049621e-01 7.601907184748134538e-01 7.968026519589862522e-01 7.874371347942493715e-01 7.910824768944221264e-01 8.094594862108466238e-01 8.166745649547871855e-01 7.985828112532902257e-01 7.542721652349634320e-01 7.832534499582091136e-01 7.337666544582427397e-01 7.811308756820252164e-01 8.141670159932502537e-01 7.885002400745662055e-01 7.957523666262282802e-01 7.714368615061261147e-01 8.031866048395406299e-01 8.004507744382480805e-01 8.110672509782009820e-01 8.003507676764277656e-01 8.010465217298238239e-01 7.940600488758638997e-01 8.065212957720372389e-01 7.954764291924155684e-01 7.971964033251796033e-01 8.107365472169448806e-01 8.027889451129816001e-01 8.006033466015750610e-01 7.783530120627555338e-01 7.945920025464590086e-01 8.051239221853891959e-01 7.693475968713374691e-01 7.734674221311126363e-01 8.103758843276095414e-01 8.117746761651949416e-01 8.084607037225172155e-01 8.077633353184924259e-01 8.087737682721806154e-01 8.127261379067932667e-01 8.056238095689871592e-01 8.127750592587020817e-01 8.069557566631172518e-01 8.134735232780426761e-01 7.942118687725165938e-01 7.949863921125027710e-01 8.020170290933417157e-01 8.093637211848876412e-01 8.075177484037038278e-01 8.086154764610405943e-01 7.947974928762856495e-01 8.097058253712063891e-01 8.049765181296788530e-01 8.096354416715695335e-01 8.108840985350591613e-01 8.140359458465836751e-01 7.769714855482890981e-01 7.890362920810388703e-01 8.043878260006733782e-01 7.986429702661441699e-01 7.992312936299710291e-01 8.042435324625736293e-01 8.024999468484285137e-01 8.042024527032788361e-01 7.942721012402325087e-01 8.008097073922781917e-01 8.090378742204612506e-01 8.146428117346796727e-01 8.102183136032673483e-01 8.086230041143899205e-01 8.069508331277205349e-01 8.128687412408610591e-01 8.076838208137470110e-01 8.096260208285640525e-01 8.094958122345342622e-01 8.078985354966351506e-01
3.181946470807332783e-02 1.445781678883680532e-01 3.637353999604008847e-01 6.072369600504278209e-01 4.754502322397242131e-01 5.139267527837853011e-01 7.625506475337401335e-01 7.503473909185399693e-01 8.038728978242563050e-01 7.527900622173880896e-01 1.000000000000000000e+00 8.773432453568139611e-01 8.016041782509517599e-01 7.015979372813826442e-01 8.731339268038192936e-01 8.644035891293634366e-01 8.124686672748894223e-01 7.164581799881624136e-01 7.717924770115744959e-01 6.227969894073261958e-01 7.490262627474467694e-01 8.209597605917157148e-01 7.756353153672771450e-01 7.018630428297920609e-01 7.490713281468943663e-01 8.682155872642157712e-01 8.620857851681393846e-01 8.619059763418377429e-01 8.296358880298092542e-01 8.629270903652115354e-01 8.910346026843689593e-01 8.732434795271418748e-01 8.510442442524970286e-01 8.503785535443098009e-01 8.718168532175755159e-01 8.467539978363369801e-01 8.791556919707816942e-01 9.004204052053047524e-01 8.957569762227622912e-01 8.600016859284519422e-01 9.031831489342705410e-01 8.975191058283196188e-01 8.627306670559364843e-01 9.032787908014863199e-01 8.989529962005078367e-01 8.952573560038032952e-01 9.058364028004203261e-01 9.078240385389504397e-01 9.045499889023913553e-01 8.811141295763866843e-01 8.950384386379037771e-01 8.701826247760692246e-01 8.932153516184304642e-01 9.007746190848757717e-01 8.834092202321891518e-01 9.070512440845133195e-01 8.765989507351504839e-01 9.050359114090547052e-01 9.017077438526154287e-01 9.044432593670669318e-01 9.053575185111311097e-01 8.957747864126421877e-01 8.956192264767995903e-01 9.012628879666167991e-01 8.939494484354503223e-01 8.958483102994151404e-01 9.076437397369621074e-01 9.079859562460540490e-01 9.056006677039295516e-01 8.920029855372740846e-01 9.057773060311642421e-01 9.081559594365583576e-01 8.859051546324328008e-01 8.887546776282335692e-01 9.125524245308044291e-01 9.101561313227523042e-01 9.088020380149850475e-01 8.970631516847374920e-01 9.024003806110418857e-01 9.089807802613636412e-01 9.076225245487418158e-01 9.095531100909908240e-01 9.104304361777120214e-01 9.061961117389465414e-01 9.071632199995959267e-01 9.022293644283685410e-01 9.055934458832413103e-01 9.099080116047021383e-01 9.070580354569096615e-01 9.107116873853143835e-01 9.045302365593835825e-01 9.106711658974833146e-01 9.106026107653069079e-01 9.079688972792129276e-01 9.084915111107221275e-01 9.093519855085495651e-01 9.001278436191635368e-01 9.008470977527474055e-01 9.102766092702063716e-01 9.103382241469014646e-01 9.050123710990209958e-01 9.094500692376269457e-01 9.079644797108902265e-01 9.102212446270946389e-01 9.086321422988382635e-01 9.019727720134759208e-01 9.104771271853828729e-01 9.093571636026662741e-01 9.124266488076181458e-01 9.086828322199379526e-01 9.105878473593430611e-01 9.083367923547438494e-01 9.075719836033401267e-01 9.095952253303242196e-01 9.051207453461803665e-01 9.058503460343343416e-01
2.187969603926912324e-02 1.358881561127839865e-01 3.710354892488927914e-01 6.692853972585139921e-01 4.974147923237838831e-01 5.341954595137877737e-01 7.959552076893652295e-01 7.991368057268178893e-01 8.103696486374518670e-01 7.566037258507790630e-01 8.773432453568139611e-01 1.000000000000000000e+00 8.256895621539410701e-01 7.310375504278310288e-01 9.047441156071542867e-01 9.038201998803744308e-01 8.404056350609855341e-01 7.191431142776705254e-01 7.767600572963219152e-01 6.797884183451953222e-01 7.813741674272226545e-01 8.433894611516509210e-01 7.969774484677459858e-01 7.204916733238778681e-01 7.693753762856674339e-01 8.931864567149495615e-01 8.812387681788511617e-01 8.796071444591380128e-01 8.429206427546349634e-01 8.732575569699780882e-01 9.043508337473592507e-01 9.038767083455974127e-01 8.725027755629282122e-01 8.792777166702823166e-01 8.877180560091062489e-01 8.892928885567588093e-01 8.928048313737424468e-01 9.261412898249916648e-01 9.268618885564321452e-01 8.916225107083718404e-01 9.317361728930178000e-01 9.235998539596851353e-01 9.036624931591931142e-01 9.379951187056416728e-01 9.263921886312598275e-01 9.219688545347257680e-01 9.313701371488115610e-01 9.332126821801615124e-01 9.300991104967724077e-01 9.127492571263672305e-01 9.280322440345970536e-01 9.167598766970747048e-01 9.294721689669991349e-01 9.251629703223281931e-01 9.086923494909169285e-01 9.294325192470547226e-01 9.065345922062381101e-01 9.323381075928688366e-01 9.285732330164618853e-01 9.348579371407975680e-01 9.373586405426732604e-01 9.257490694016901056e-01 9.245705702814603910e-01 9.283422735976610829e-01 9.223285617289315175e-01 9.246509153344164567e-01 9.344169387373997271e-01 9.316127233123325802e-01 9.321995718800281105e-01 9.261968210289300840e-01 9.356844909941481880e-01 9.322123904536104844e-01 9.133862767396432325e-01 9.142805566388382266e-01 9.385933569098258156e-01 9.343578582720131198e-01 9.296500730696732884e-01 9.180185152005396754e-01 9.270365901816893794e-01 9.278224089827391552e-01 9.291689438591310690e-01 9.334845869273182828e-01 9.370755040007152648e-01 9.308019155730860028e-01 9.350660154043571870e-01 9.303066445084066105e-01 9.320818811726219177e-01 9.383009403104196622e-01 9.357718461343583760e-01 9.373214017942382847e-01 9.335773795086859117e-01 9.377317722299443048e-01 9.390322990364736722e-01 9.370509422223072260e-01 9.357437322810172597e-01 9.358960095916534216e-01 9.335592644061715406e-01 9.321932022354995073e-01 9.393747030618107008e-01 9.382404707094066376e-01 9.378686896256982486e-01 9.378598235862483090e-01 9.396008381167659795e-01 9.404451042041569453e-01 9.413574646948928981e-01 9.313449759347529611e-01 9.387859112041001541e-01 9.346391832349647544e-01 9.395120568233478187e-01 9.370868002205138270e-01 9.372936622389452799e-01 9.362215999686963608e-01 9.368264233588625700e-01 9.372273814641157719e-01 9.331534389893466619e-01 9.344472610622446274e-01
1.516394063337463648e-02 1.336017669876812253e-01 3.140607141281226977e-01 5.501743435810363403e-01 5.089179968810508825e-01 4.807219373245339433e-01 7.370459216739475572e-01 7.278308208793623502e-01 7.487114658930750233e-01 7.162156299296363882e-01 8.016041782509517599e-01 8.256895621539410701e-01 1.000000000000000000e+00 6.781616317184074871e-01 8.443023292386087064e-01 8.508494332206378852e-01 7.509655345327196363e-01 6.052599772868384465e-01 6.725639944172714380e-01 6.089634079892728424e-01 6.575969906581142777e-01 7.262438867168311551e-01 6.921817281279550871e-01 6.110215850964290096e-01 6.486292035041384407e-01 8.157840868301931003e-01 8.063153171005479347e-01 7.940502050872983997e-01 7.746575783916364033e-01 8.037137801109435209e-01 8.387421927647566999e-01 8.031506614612814454e-01 7.716758617689876143e-01 7.806065952854090995e-01 8.136262771920134140e-01 7.956109775581305943e-01 8.165535906821415058e-01 8.429822488999796359e-01 8.524229763350418265e-01 7.876549375945193221e-01 8.576165404123863301e-01 8.530477572829912036e-01 8.347480424590389969e-01 8.640972688902972543e-01 8.476704168547829488e-01 8.515604090869601794e-01 8.703881464749094743e-01 8.690759998856609769e-01 8.616318387047509075e-01 8.242594712582901328e-01 8.449479629161761318e-01 8.175187664903688090e-01 8.572081886011986285e-01 8.637914557379446912e-01 8.338864096151382688e-01 8.508808303143650109e-01 8.308423399720832325e-01 8.663644152927836295e-01 8.569211424863706350e-01 8.735259743339511829e-01 8.671769463443420589e-01 8.635171991955491455e-01 8.552230612676481325e-01 8.657535218564871293e-01 8.519857551773483140e-01 8.573437264035627114e-01 8.687684238690023264e-01 8.552430136413607942e-01 8.564127583164347080e-01 8.497089500721642930e-01 8.544475888888496407e-01 8.539242449473364305e-01 8.281558888333017121e-01 8.260557528986200992e-01 8.693522243466874633e-01 8.637912256313768911e-01 8.623928356265426753e-01 8.538905198181599987e-01 8.616311628049349025e-01 8.608653607346553605e-01 8.622354312503242024e-01 8.692872780730401816e-01 8.622274147923825183e-01 8.625496063514538347e-01 8.551392121490727360e-01 8.536067048949267377e-01 8.604719508766744962e-01 8.672958620145547748e-01 8.688947529577546458e-01 8.684611048405779243e-01 8.550053510727737560e-01 8.713703813396299624e-01 8.681118655710091669e-01 8.715615855514768917e-01 8.730466690509152139e-01 8.732390448264504279e-01 8.514470956041688687e-01 8.580222114318903914e-01 8.714764137352168927e-01 8.641123691633917359e-01 8.690082995095920193e-01 8.685928260013023872e-01 8.724374568270431007e-01 8.736282148525386093e-01 8.657807483937004500e-01 8.640068855478648668e-01 8.723958195986157849e-01 8.736268958473745183e-01 8.724828960191679528e-01 8.729062115102935726e-01 8.712566931765450828e-01 8.767523287118201836e-01 8.732048798921866473e-01 8.716220979504316624e-01 8.662727246841265272e-01 8.707931495849490222e-01
