1.000000000000000000e+00 1.064402240477200501e-01 7.087297186396115944e-02 -4.322232726138711123e-02 3.373009971614946562e-02 7.628694676775484712e-03 7.069866743482135403e-03 -4.179338809241485431e-02 1.576886659917564326e-01 4.909636130811702304e-02 2.106533282539590698e-02 -2.983425586073195149e-02 1.828420901044564006e-02 -1.453177007756794800e-02 -6.842600238942760441e-03 1.137011090976706041e-03 1.266516269926125093e-01 1.174699085214041955e-01 8.675852579009080134e-02 8.605481988925064996e-02 1.323547770379633892e-01 1.001538265411663770e-01 1.368432718064190035e-01 6.404478753417366943e-02 7.990742839011755194e-02 1.077481533566395089e-01 1.149311476924532588e-01 8.672566475989171297e-02 1.946070036581645790e-01 1.417047335548149989e-01 1.075795212807299644e-01 5.255241895973576660e-02 4.828459914493284100e-02 2.310785614892192641e-02 7.358368145218438516e-02 2.615839927425601605e-02 5.448705457359531018e-02 2.726178985019907935e-02 4.706319511387054705e-02 -4.297721882157057999e-02 2.565434743035100579e-02 -1.276263548943824301e-02 -4.588960426939076714e-02 1.307495990241243876e-02 8.042585977087856469e-03 2.907328578763012511e-02 -1.613954492547709668e-04 3.104267671058645942e-02 2.725558709333190249e-02 -3.836873243050839197e-03 1.108475719260133135e-02 -3.304703786597915083e-02 -1.561708394748278529e-02 6.565886389888242469e-02 3.269145966034752576e-02 5.333354011238117948e-02 4.669216311825646198e-02 2.373132264680666639e-02 1.833452517120248704e-02 3.609953372837217817e-02 -1.074026058554482937e-02 4.744904890713885076e-02 1.960610716369476023e-02 6.402677066647680104e-02 7.717550435601069903e-02 5.990759755188281716e-02 3.413613306308348888e-02 4.276352203942784119e-02 4.932624143131813382e-02 5.143753851581283482e-02 3.716152605742941567e-02 3.990536763480664190e-02 3.472342875615960084e-02 2.960182955075083694e-02 3.290894200674633618e-02 3.554808665483972369e-02 3.200685604277365287e-02 7.817364985879921013e-02 3.360239912058445022e-02 5.640568986371702342e-02 4.622775376260698788e-02 4.422785914237691712e-02 5.031187261255001125e-02 3.274661509070696946e-02 3.625665092418376909e-03 1.987016034866911918e-02 2.000374140914621540e-02 1.041093342795155162e-02 1.323063373436867904e-02 1.056701079928952861e-02 -2.183776657676947397e-02 3.913836464097594968e-06 -3.024731902113385849e-03 1.194880264175056557e-03 5.828123555878830971e-03 1.652511330643351845e-02 -4.607556053246034122e-02 2.624065618438698247e-02 -1.474491485015287651e-02 -1.870924591923435118e-02 -1.863005042955654181e-02 -1.187819514712558063e-03 -8.192006135203116655e-04 -6.766588995581221226e-03 1.524520469853827241e-02 1.726410951625867787e-02 3.107896733480376011e-02 2.122116434054970371e-02 1.855715027820778115e-02 1.174461335649360123e-02 3.838546612116370584e-03 2.646708299831625893e-02 2.108910673175451791e-02 2.544516072140747334e-02 4.139412037273484252e-02 3.720996630361544238e-02
1.064402240477200501e-01 1.000000000000000000e+00 3.391359396718356817e-02 7.414080113639417990e-02 9.177306339895872911e-02 6.506554247406917679e-02 1.402304925240224487e-01 1.277222750946225560e-01 1.714038450106958877e-01 1.985517474588741338e-01 1.276941902002411422e-01 1.199335442865275547e-01 1.608228890181524762e-01 1.122125667429677703e-01 1.487925901807733708e-01 1.618954576450063187e-01 1.503185379624956686e-01 5.326838083679407559e-02 5.956713494975088979e-02 5.094369882371382885e-02 7.085105457532077378e-02 6.910477555447715192e-02 8.842012585396187563e-02 5.904837531087488850e-02 5.333363738479269395e-02 1.196857260005356194e-01 1.254415595929238292e-01 1.381511644559933472e-01 1.222083336949074395e-01 1.358407655181340934e-01 1.326416370779882337e-01 1.306246482280972732e-01 1.480065744885517565e-01 1.317151682324526896e-01 1.493645503536786823e-01 1.144838043144151690e-01 1.410130840124254326e-01 1.675326878431752375e-01 1.554727014591608114e-01 1.317567608321235095e-01 1.493461391225623658e-01 1.465413897112052277e-01 1.110535615946580540e-01 1.443357373267977473e-01 1.275509202576453061e-01 1.553940585105331451e-01 1.629159495432796478e-01 1.706226312572810544e-01 1.602152463989247044e-01 1.270872653945739617e-01 1.479804584949341029e-01 1.044174949068634450e-01 1.310609669974546199e-01 1.773183693360075586e-01 1.666651849853028888e-01 1.611337075315693868e-01 1.575823095601510404e-01 1.629774341423666228e-01 1.650846636638830245e-01 1.644696506891953625e-01 1.474673366417857401e-01 1.701873557329670328e-01 1.559640724196893757e-01 1.624581171788538059e-01 1.531100735665799906e-01 1.590391435764847705e-01 1.590238986063422788e-01 1.422361873024633183e-01 1.439679348983704255e-01 1.404697279783919117e-01 1.307211323702106853e-01 1.347484954375731125e-01 1.341698709098818887e-01 1.185962426579290907e-01 1.566202694068318524e-01 1.563408975757513697e-01 1.559276021545742963e-01 1.490472930134753571e-01 1.524122978012343588e-01 1.596824890246250073e-01 1.510035348204390171e-01 1.541233755793426641e-01 1.611587217641130276e-01 1.582314320620579473e-01 1.445246887599154206e-01 1.521376431777668736e-01 1.466102205690250626e-01 1.582081466264264602e-01 1.583710550322114663e-01 1.550729515871910325e-01 1.461882810978340219e-01 1.538567167340840203e-01 1.474100302048890199e-01 1.547120100727123748e-01 1.631707369890597614e-01 1.672752772343518157e-01 1.240536627293058747e-01 1.489863123366368947e-01 1.526411561582032561e-01 1.404475193453645909e-01 1.421719180265961779e-01 1.536427755327436917e-01 1.503660354828084134e-01 1.500793961957474776e-01 1.429804787166754076e-01 1.599536695183939594e-01 1.674696501734884713e-01 1.684905068464374600e-01 1.637574386684491345e-01 1.614774352976974803e-01 1.640341631808066303e-01 1.674450871154430365e-01 1.686866578611353196e-01 1.599420688908687882e-01 1.604804059929241244e-01 1.610511539049735985e-01
7.087297186396115944e-02 3.391359396718356817e-02 1.000000000000000000e+00 2.857247328309602818e-01 1.731238552924270480e-01 2.509175527534435735e-01 3.106926768822131923e-01 2.789143800537388640e-01 3.513389123971976113e-01 2.735314598036140410e-01 3.931296936567004185e-01 3.726610728805291317e-01 3.039040237656936982e-01 2.690318427067214246e-01 3.505809933492275987e-01 3.236292305680018577e-01 3.583282023382637349e-01 4.317806965628953053e-01 4.225420987330891220e-01 3.332441031902281803e-01 4.346581804809661054e-01 4.408009879470830006e-01 4.238188932661324793e-01 4.139354828640717243e-01 4.298378550562145239e-01 4.203821909200974316e-01 4.245118007498254742e-01 4.109872947009440280e-01 3.847797245349368067e-01 4.236313585015828442e-01 4.205865057201928492e-01 4.096420361047611314e-01 4.009079776281461727e-01 4.068052516733185464e-01 4.127113069819557944e-01 4.033912330496841614e-01 4.303832015318275195e-01 3.970267153431283891e-01 4.087050711558796734e-01 4.060975621368980715e-01 3.846197502618734498e-01 3.836655564041949185e-01 3.985965095904645539e-01 3.931295728550364688e-01 4.093082139389043750e-01 3.972664188796738438e-01 3.500291792634322441e-01 3.644570440229089048e-01 3.485564557064918523e-01 3.672228811442113661e-01 3.698132345373376095e-01 3.773184949846828395e-01 3.624663815834938130e-01 3.508845654856150853e-01 3.610228580229441486e-01 3.955128016524162016e-01 3.551741145209847961e-01 3.707470768983855969e-01 3.497839324562018737e-01 3.543958079317133247e-01 3.548282659516227011e-01 3.491570566469543446e-01 3.413881610775589270e-01 3.489149557430855086e-01 3.799226652951122052e-01 3.613849130139032417e-01 3.698259678559195907e-01 3.998063495569848524e-01 4.013102713084191753e-01 4.058657265519518553e-01 4.140078701484554702e-01 4.075169184450059268e-01 4.010365946878904908e-01 4.124687471774747261e-01 3.827761577135217474e-01 3.840586838532862313e-01 3.821189901451325643e-01 3.832058720849175759e-01 3.898426135177879281e-01 3.832852146679986416e-01 3.886078611237124281e-01 3.900628695249410693e-01 3.823799394315098299e-01 3.734719832653738969e-01 3.761061733344220337e-01 3.812348153997934808e-01 3.961104502221175494e-01 3.754587287576794941e-01 3.799083995028840754e-01 3.810437297766032794e-01 3.872692795203888649e-01 3.722757716054939103e-01 3.861370683402978177e-01 3.786019406914976626e-01 3.548982950951863891e-01 3.587924971877963221e-01 3.691050514588104514e-01 3.529750636344580195e-01 3.580273294235445380e-01 3.698732564166059555e-01 3.724996851839654788e-01 3.608662039743268379e-01 3.585212242777323088e-01 3.712200346809543250e-01 3.784725218651398548e-01 3.546028203865622119e-01 3.528678105550245858e-01 3.583656213905911381e-01 3.649384882744700631e-01 3.594368090413507244e-01 3.578411404865481371e-01 3.561909602089866622e-01 3.548883514752990687e-01 3.550407562786251359e-01 3.687899937017489194e-01 3.617465310212418239e-01
-4.322232726138711123e-02 7.414080113639417990e-02 2.857247328309602818e-01 1.000000000000000000e+00 3.026831581846573527e-01 3.806335525133777709e-01 5.558950391153208992e-01 5.377699674969327326e-01 5.239842300783451590e-01 4.466751636403277770e-01 5.567477078398258561e-01 6.323472514707936254e-01 5.341398758841858774e-01 4.518191410631419158e-01 6.084102802994336701e-01 5.888532406637925209e-01 5.460638774670472095e-01 4.559279958805236288e-01 4.736896589170186966e-01 3.720817689478049806e-01 4.180659436395843809e-01 4.859281372228100859e-01 4.712954524025215197e-01 4.408118766824752344e-01 4.627240050202834909e-01 5.678785198783434796e-01 5.437824404270573675e-01 5.328426327682591612e-01 4.573788736712903757e-01 5.277365808431871974e-01 5.554637106141129266e-01 5.893204536451185360e-01 5.331535781536262952e-01 5.623361548477121552e-01 5.477681234805830135e-01 5.846235055359328969e-01 5.572891060129835372e-01 5.765247567724284261e-01 5.893283320475615206e-01 5.774462311020260863e-01 6.024345319299029278e-01 5.977320054198491661e-01 6.098780063400545126e-01 6.110062834124369013e-01 6.169012900586152703e-01 5.836851845181663112e-01 6.000672756340745817e-01 5.948969200004866620e-01 5.965339093314022678e-01 6.013674638861858934e-01 6.014001540695885772e-01 6.153262003649518919e-01 6.191733650843315173e-01 5.787012628317464991e-01 5.707058078233265830e-01 5.767066316445536023e-01 5.968943473931883625e-01 5.950076284031750040e-01 5.811051672419995651e-01 6.053287952037236241e-01 6.111893476165308758e-01 5.872428568455153597e-01 5.845332929735738148e-01 5.994183219857281975e-01 6.036533196571380877e-01 6.068171507507302831e-01 5.981260142816895442e-01 5.868977579957288526e-01 6.020359183496972744e-01 5.834214473214734964e-01 5.872127767562037581e-01 5.904947184024970097e-01 5.806088120498578142e-01 5.752256010283506305e-01 6.018909877118691076e-01 5.910068191452080288e-01 5.898316978557821555e-01 5.746753375968273181e-01 5.933519833723100989e-01 5.825270144541987438e-01 5.817723511423814609e-01 5.977070583045219765e-01 6.078451295586931868e-01 5.787212868348055039e-01 6.008138608388233770e-01 5.983413552636805965e-01 5.975850346457444173e-01 5.999712386254082430e-01 6.041551332005802299e-01 6.086574341371475683e-01 6.012161863679689189e-01 6.053314201320715293e-01 6.127775608054680800e-01 6.075200828572665523e-01 5.975234282425305743e-01 5.990278767116512526e-01 6.049464348246309520e-01 6.036395092808322094e-01 6.017220557430368322e-01 6.079639592896004530e-01 6.133069449373665938e-01 6.057703894229541364e-01 6.122047303669296836e-01 6.147293646995863892e-01 6.168081141749603979e-01 6.043310085312741942e-01 6.000893888014722233e-01 5.977297622128764365e-01 5.923447371760403035e-01 6.017198375794124976e-01 5.945667020901966859e-01 6.017874993426315378e-01 5.965569380308006764e-01 6.078028906849893831e-01 6.029718719769118218e-01 6.059509539782634846e-01
3.373009971614946562e-02 9.177306339895872911e-02 1.731238552924270480e-01 3.026831581846573527e-01 1.000000000000000000e+00 2.994555327661935773e-01 4.624022871964971193e-01 4.270643678193259407e-01 4.377029432675010323e-01 3.969008699898926018e-01 4.256881133766719505e-01 4.621436481853808398e-01 4.772302078912003531e-01 3.778901748159046448e-01 4.823078055599520630e-01 4.882756934184787068e-01 4.181601214401317601e-01 3.297197555930372892e-01 3.422340300246793920e-01 3.042079154335329272e-01 3.180934075028183372e-01 3.581643442486744933e-01 3.674929935491190180e-01 3.462022872012123775e-01 3.425039364168728784e-01 4.285441653382513483e-01 4.299626595696133813e-01 4.364062210111659956e-01 3.858392103890655456e-01 4.235994067956379561e-01 4.462089451980268406e-01 4.483854589482316189e-01 4.080628894462755007e-01 4.332968038024553326e-01 4.338158348357917804e-01 4.361727408308824772e-01 4.407110787420519538e-01 4.565201511031173887e-01 4.592092664672383084e-01 4.403965858405611833e-01 4.803232652635519018e-01 4.681016615676495962e-01 4.723491475354687497e-01 4.818009978974032159e-01 4.661958148175962546e-01 4.702134930653921741e-01 4.796517838663808542e-01 4.798602592475265660e-01 4.786777764702664917e-01 4.472339246724663098e-01 4.627114584369342865e-01 4.494110274951406137e-01 4.707131398766289943e-01 4.796336888103966412e-01 4.675675264615223869e-01 4.659825532327348530e-01 4.733237974612916066e-01 4.786795145356305126e-01 4.664545739473712760e-01 4.921952900652675766e-01 4.915589627660780225e-01 4.838831450449835314e-01 4.667636715674804981e-01 4.745893913894025373e-01 4.783261860027243073e-01 4.852772383866474915e-01 4.797191669416021598e-01 4.658669295423836787e-01 4.792067206814056290e-01 4.724229436640662860e-01 4.574764187502698420e-01 4.629198510541743250e-01 4.698688390845738305e-01 4.481950989830336685e-01 4.820202571201335218e-01 4.779051747572056752e-01 4.773386839773901547e-01 4.654761153520046157e-01 4.736752129657414434e-01 4.723540434768236373e-01 4.730985793680292928e-01 4.780356755959030424e-01 4.807006280819549615e-01 4.663305703715496242e-01 4.690422110969287295e-01 4.785305086705336497e-01 4.738241074877476700e-01 4.784210593900760089e-01 4.772685032304914143e-01 4.794012691293214057e-01 4.689489613819431413e-01 4.808265873123598877e-01 4.803064060484467102e-01 4.816352692772902788e-01 4.844997309805536001e-01 4.863317610810627412e-01 4.598887811110447532e-01 4.696983342750309931e-01 4.749354659526088263e-01 4.700083814759330458e-01 4.812972219542653862e-01 4.755990822412305419e-01 4.817480830954429250e-01 4.826040296487762449e-01 4.788173886222517051e-01 4.809312796593206984e-01 4.834131302187714141e-01 4.856178570829341457e-01 4.793225422762953380e-01 4.855786502991812359e-01 4.782647149461302649e-01 4.882390149292009096e-01 4.855440072019364672e-01 4.824306007188363110e-01 4.832224051713647772e-01 4.860733494718414427e-01
7.628694676775484712e-03 6.506554247406917679e-02 2.509175527534435735e-01 3.806335525133777709e-01 2.994555327661935773e-01 1.000000000000000000e+00 5.290845360972776801e-01 4.808156081009021809e-01 5.370468487723056850e-01 4.871290465525172086e-01 5.473848681981092756e-01 5.847853451264937164e-01 5.133438680713554580e-01 4.564730077271689779e-01 5.775526628345474256e-01 5.689840254191030899e-01 5.163491412818995707e-01 4.471806675856995206e-01 4.761277562561070931e-01 3.382804486888795203e-01 4.425970670679928443e-01 4.996399930113429311e-01 4.994390664398971613e-01 4.592049285860887453e-01 4.894455140848245622e-01 5.658363427032947479e-01 5.413843118086704154e-01 5.616819676485694801e-01 5.025621769347330403e-01 5.397463693369802806e-01 5.676510978777976613e-01 5.746832525876414133e-01 5.490078216227497476e-01 5.692093938865081526e-01 5.688130545266941729e-01 5.755312615953542821e-01 5.735673283518282206e-01 5.867442446732388239e-01 5.955200042423357543e-01 5.817039292275719697e-01 5.924798481703058561e-01 5.944111926638709908e-01 5.902016905142385417e-01 6.054918299491575118e-01 5.899569974272286244e-01 6.002622264155024201e-01 5.914570073799007011e-01 5.925888348746930490e-01 5.914615086366961094e-01 5.888419349746722986e-01 5.961648034655457895e-01 5.768005237647892969e-01 5.813509934303814353e-01 5.829007493853263222e-01 5.847052653774578168e-01 5.933696300519041289e-01 5.870991601480560762e-01 5.945588135400950991e-01 5.899999108161430028e-01 5.908614421446792830e-01 5.977060164133192188e-01 5.878406689048446543e-01 5.848024806594857017e-01 5.839657450773440006e-01 5.802172553759941120e-01 5.834399305810107350e-01 5.917941537316616651e-01 5.871858371373405161e-01 5.898404888785055977e-01 5.678117592192886143e-01 5.892350377274886419e-01 5.885286946244571160e-01 5.770247375009002200e-01 5.824070599851002283e-01 5.967076427922299864e-01 5.951165317749793626e-01 5.940009186637987826e-01 5.863354865627901091e-01 5.960739319588815865e-01 5.935384261075792312e-01 5.949726981119763947e-01 5.942844101511031152e-01 5.937950977467599811e-01 5.924248399375831031e-01 6.017822258103771027e-01 5.970063453395473285e-01 5.990697870352789112e-01 5.981761336931645801e-01 6.028302543039028016e-01 5.947241345660543299e-01 5.973023921847641082e-01 5.990907464249366488e-01 5.995440356353156641e-01 6.027878717165759959e-01 5.930903467039074783e-01 5.943408213500641635e-01 5.978696229958010422e-01 5.892669823906855342e-01 5.972610419863433329e-01 5.968827274714166853e-01 6.015857534396266137e-01 5.988657405868302863e-01 5.927562411331632752e-01 6.013688064130899846e-01 5.981337852941307487e-01 5.926253206469670465e-01 5.921943352584219111e-01 5.933250494881601167e-01 5.957399883174515631e-01 5.947724414365137546e-01 5.928346994708055817e-01 5.910526732419080220e-01 5.922110788498964329e-01 5.958155715910905537e-01 5.925613690125167698e-01 5.900772499860388320e-01
7.069866743482135403e-03 1.402304925240224487e-01 3.106926768822131923e-01 5.558950391153208992e-01 4.624022871964971193e-01 5.290845360972776801e-01 1.000000000000000000e+00 7.094864449309546961e-01 7.354053400009241681e-01 6.856602480685505263e-01 7.485017908025917155e-01 7.985849763385169942e-01 7.355180140126414967e-01 6.297875591995069078e-01 8.497695984959404703e-01 8.227900161032415394e-01 7.232919944870114248e-01 6.115044881268787424e-01 6.458289301417132755e-01 4.794065044021316724e-01 5.846264276339565580e-01 6.410050262927308173e-01 6.606814624076174924e-01 6.310057625645051349e-01 6.380295659740047309e-01 7.760415899749316671e-01 7.499526722559807235e-01 7.642854070914619768e-01 6.835930192266990169e-01 7.514081134393524319e-01 7.725867241445997236e-01 8.049419481034946200e-01 7.582571876637466124e-01 7.792105494570897850e-01 7.796598461638998279e-01 7.622221616902430386e-01 7.753478527711551438e-01 8.108895188369114049e-01 8.134828334437129715e-01 7.924471723081407681e-01 8.275224817570002722e-01 8.255843632609595195e-01 8.121798722390780600e-01 8.333216879216485129e-01 8.181753398617338524e-01 8.248314022844666082e-01 8.310101596968543225e-01 8.338410952769038653e-01 8.323353990853734619e-01 8.075130354560159374e-01 8.251720797670720753e-01 7.900727764810894227e-01 8.204750931745933284e-01 8.236605434293645667e-01 8.181371821013811996e-01 8.134646764057278379e-01 8.123973522611021014e-01 8.302684196036602682e-01 8.247228764923902888e-01 8.352750929222970688e-01 8.355755942311690054e-01 8.264169735673015937e-01 8.177166186212455612e-01 8.149295185914978701e-01 8.062037488048487965e-01 8.203339965677894918e-01 8.307991536069224692e-01 8.233510840147081344e-01 8.354222008975410452e-01 8.028709490631384949e-01 8.097952831334207513e-01 8.101652312945964995e-01 8.158216041629690052e-01 7.994531289849191591e-01 8.347369407129604513e-01 8.299276110939431961e-01 8.315298508450228443e-01 8.196430717541304256e-01 8.308516593974960562e-01 8.271053909213410549e-01 8.239894712607703786e-01 8.286502311744219362e-01 8.296522169962987636e-01 8.290593875434256743e-01 8.321641856337500531e-01 8.357216496601768130e-01 8.286271588670840460e-01 8.355388499282961901e-01 8.369775422841819745e-01 8.294862596761716222e-01 8.292117471024912367e-01 8.380779970264229384e-01 8.338854778757959219e-01 8.390270048049314200e-01 8.347301521662192636e-01 8.368790684033996508e-01 8.245545090150659950e-01 8.209299762103884346e-01 8.287481856590023233e-01 8.320369749650398106e-01 8.359828965625846209e-01 8.317953940957175663e-01 8.329362388656514904e-01 8.380296890021802225e-01 8.300945449168712909e-01 8.260815681706635827e-01 8.354077545997611320e-01 8.348064482960552146e-01 8.331087714096333530e-01 8.374811580925481946e-01 8.330379580579506671e-01 8.347288298801390782e-01 8.330431120074055507e-01 8.334073735688148910e-01 8.262934399770239802e-01 8.288582377630892006e-01
-4.179338809241485431e-02 1.277222750946225560e-01 2.789143800537388640e-01 5.377699674969327326e-01 4.270643678193259407e-01 4.808156081009021809e-01 7.094864449309546961e-01 1.000000000000000000e+00 6.709429604163739125e-01 6.316300476250169549e-01 6.988662420264077912e-01 7.587670343363315251e-01 7.063971325971988291e-01 5.888204244836531265e-01 7.859901341762215443e-01 7.938221155342184421e-01 6.640743330075205009e-01 5.182714260319883914e-01 5.526352261718708858e-01 4.155077464303287282e-01 4.957619530069690139e-01 5.668420965346006035e-01 5.584081582817285172e-01 5.241008456640221524e-01 5.522142212843155207e-01 6.958898908970718722e-01 6.681177889418496996e-01 6.853215137923882594e-01 5.823449027536253819e-01 6.474924126678910374e-01 6.844853686953960015e-01 7.410063708584498920e-01 7.067135696321779070e-01 7.166704542695345737e-01 7.090278351840744175e-01 7.078169715082578417e-01 7.022700498995693152e-01 7.609168017075410573e-01 7.478105646526838068e-01 7.503224376575630128e-01 7.705301315302514054e-01 7.745516056798124049e-01 7.647086344834136407e-01 7.807119202532155633e-01 7.616636082443830613e-01 7.617361788618380869e-01 7.874707719600140265e-01 7.807149509168204160e-01 7.821101566082721002e-01 7.654186680161400025e-01 7.799379378096836790e-01 7.479668342729218766e-01 7.745492127992466003e-01 7.663647928695773714e-01 7.679961482764049441e-01 7.519905279588154912e-01 7.650802174929411947e-01 7.831218259414221006e-01 7.820358110444008970e-01 7.809512598836461095e-01 7.906606617605050902e-01 7.739954626371847723e-01 7.769819634475774173e-01 7.610527344986957043e-01 7.495978375071977728e-01 7.623210782042219025e-01 7.768159795045296301e-01 7.548320642192017926e-01 7.649854793845919376e-01 7.344608470189756266e-01 7.448069054838144520e-01 7.493955525814225416e-01 7.382573716453986190e-01 7.265404138212631091e-01 7.754647207944631582e-01 7.711914485721084178e-01 7.715760302637437729e-01 7.468100009811997619e-01 7.656966437276109261e-01 7.555905969000697997e-01 7.542253591871239671e-01 7.640277088835210062e-01 7.704385099152647465e-01 7.684693711338076438e-01 7.794980840982836945e-01 7.755984249924092744e-01 7.677186940073863486e-01 7.857014629902050462e-01 7.821396882202540368e-01 7.789090911031102404e-01 7.808866565871981358e-01 7.894276667680704129e-01 7.829654036567064157e-01 7.880375771185194056e-01 7.861942312783918307e-01 7.872531700871864269e-01 7.847888090521537574e-01 7.734343389302898997e-01 7.888411693532805247e-01 7.908596853591335352e-01 7.893303073015035531e-01 7.884162037799532508e-01 7.857495479566322105e-01 7.938693739565845231e-01 7.774258046192900062e-01 7.781223216360749761e-01 7.832752671218153884e-01 7.837315971212654997e-01 7.829751244512338504e-01 7.889339065193248235e-01 7.885205629001372785e-01 7.844173090079644695e-01 7.850138844847028841e-01 7.837631223228220811e-01 7.754096383434403439e-01 7.774152610074268610e-01
1.576886659917564326e-01 1.714038450106958877e-01 3.513389123971976113e-01 5.239842300783451590e-01 4.377029432675010323e-01 5.370468487723056850e-01 7.354053400009241681e-01 6.709429604163739125e-01 1.000000000000000000e+00 7.414214512362680143e-01 7.901422879341625238e-01 8.142448359853832196e-01 7.616496596872603941e-01 6.528452208627559816e-01 8.274022350394092395e-01 8.214537276816058498e-01 8.051568996001552403e-01 6.721880102035265869e-01 7.059475261620189457e-01 5.240350352630300801e-01 6.647317677209212405e-01 7.266576673499260952e-01 7.127001437310438448e-01 6.510598861645596758e-01 6.948022590545522847e-01 8.296731588487666897e-01 8.162999364915479728e-01 8.283858954916502038e-01 7.641393116290856602e-01 8.160959915863521541e-01 8.424890128068439621e-01 8.263869201985996060e-01 7.893697770484277010e-01 7.949784343522489083e-01 8.181282828656782913e-01 7.884620031931822703e-01 8.214170649597837270e-01 8.421126891510191115e-01 8.464202349314069451e-01 7.941082888438929510e-01 8.610766174749712176e-01 8.468279036901065204e-01 7.994840406867591565e-01 8.625338417240432376e-01 8.461955853875360312e-01 8.583512828882409185e-01 8.620896867556011589e-01 8.805837109300903576e-01 8.683427694305051459e-01 8.195623123830683143e-01 8.475522409165229254e-01 8.041736977143281173e-01 8.374274497290237207e-01 8.816363797884900766e-01 8.611950767928053807e-01 8.664291249651251414e-01 8.636390639403014324e-01 8.686839778913447718e-01 8.597291021777270226e-01 8.780832253542597554e-01 8.583382130774566132e-01 8.704912996507409018e-01 8.500155345365927317e-01 8.625335063029337945e-01 8.807871031744602952e-01 8.757548126188989812e-01 8.764244441360219406e-01 8.692642073087981647e-01 8.683744101034494012e-01 8.488705514201597691e-01 8.603981119943535649e-01 8.651351351274295665e-01 8.467049452848848246e-01 8.393923309305748592e-01 8.773455159041436691e-01 8.750791422270340902e-01 8.740713174959442444e-01 8.693952169576328881e-01 8.694462916276347597e-01 8.720615866653712578e-01 8.701535045406842972e-01 8.773157114789175148e-01 8.775616145389136813e-01 8.617654183019877179e-01 8.572680962992481613e-01 8.662683555386984091e-01 8.642018108197869752e-01 8.694673348951601488e-01 8.706289856400240001e-01 8.674545240456593698e-01 8.500766331908731210e-01 8.688816055190241583e-01 8.656486078455136735e-01 8.687172452605739226e-01 8.698717561904504292e-01 8.736477473914853187e-01 8.367180576348619558e-01 8.664233492545978521e-01 8.605913129328401912e-01 8.560314209932162743e-01 8.579437273873238290e-01 8.653553274716289101e-01 8.641607354294399412e-01 8.661820975527747546e-01 8.700075379450019630e-01 8.683153634258566900e-01 8.757319988045253467e-01 8.770213181022712412e-01 8.721323892940626710e-01 8.713327429940170843e-01 8.641652568205402396e-01 8.789567511999614169e-01 8.731493605511307932e-01 8.764468316795637204e-01 8.817032467997800715e-01 8.797411352121443651e-01
4.909636130811702304e-02 1.985517474588741338e-01 2.735314598036140410e-01 4.466751636403277770e-01 3.969008699898926018e-01 4.871290465525172086e-01 6.856602480685505263e-01 6.316300476250169549e-01 7.414214512362680143e-01 1.000000000000000000e+00 7.167489311964756471e-01 7.436595916151099717e-01 6.998089303733129318e-01 6.126351642665439634e-01 7.776163157287309113e-01 7.584895382920194828e-01 7.037557702732949449e-01 5.543744829323046241e-01 6.086894118800458831e-01 4.376361271872997727e-01 5.446562253009057386e-01 6.120482656718156944e-01 6.155325115693045523e-01 5.695551668661664735e-01 6.039602920048126045e-01 7.204595582214351479e-01 7.102908741603671805e-01 7.331813036046621601e-01 6.377856674068707044e-01 7.044285193839101566e-01 7.416476525837130129e-01 7.424637570688616961e-01 7.277490056348812075e-01 7.226853964967223654e-01 7.407618305941381376e-01 7.130751596629468780e-01 7.438798529957415528e-01 7.708244879869059485e-01 7.699625665830753807e-01 7.438998743573900230e-01 7.884321704450569790e-01 7.849690576740203651e-01 7.388121518487444916e-01 7.828837441193913227e-01 7.715987132483534960e-01 7.823181882496037520e-01 7.998408311321696385e-01 8.055244198251481080e-01 7.895766527128692536e-01 7.334196949981985902e-01 7.738561369204643992e-01 7.231822488715430319e-01 7.605117076773195706e-01 7.975544547689822350e-01 7.769160881326998558e-01 7.830048288447312155e-01 7.693319490025566365e-01 8.003741013064746834e-01 7.880258269082734968e-01 8.003518413761580019e-01 7.871107213057390029e-01 7.895844154846762830e-01 7.712700183597481773e-01 7.767342971117356942e-01 7.826063700673649981e-01 7.776399554850446094e-01 8.030744307972947915e-01 7.881097740568310250e-01 7.812271577815749213e-01 7.630500552489818400e-01 7.773001755915854849e-01 7.806146203476431733e-01 7.722684295966937285e-01 7.602811572934907725e-01 8.013746860423502927e-01 7.957745237466987698e-01 7.959806408634009234e-01 7.770093187403585011e-01 7.886347117770224902e-01 7.884056270653272414e-01 7.861982721185821754e-01 7.967106048107819305e-01 7.993727670834853694e-01 7.909328436178088007e-01 7.797304676335324869e-01 7.907040018006055160e-01 7.911185047406331661e-01 7.989782240683845904e-01 8.005679253374327065e-01 7.962921472775210674e-01 7.922620398114342821e-01 8.036976726314768449e-01 7.955452611312647804e-01 8.011135932115723834e-01 8.068346111130844101e-01 8.076631061857598715e-01 7.699733131001754716e-01 7.767363856562867763e-01 7.973282199185039998e-01 7.885049706284403825e-01 7.906344053508490566e-01 7.933883916610809939e-01 7.933759963990739683e-01 7.969818619789544867e-01 7.873122366089231328e-01 7.902058343896503079e-01 8.007621249509572214e-01 8.049078107528309101e-01 8.007602521890677671e-01 8.031426481661713135e-01 8.024323118663353460e-01 8.063276514352815116e-01 8.038139554877067328e-01 7.973563898933213601e-01 8.008919860964051063e-01 7.973399828789101695e-01
2.106533282539590698e-02 1.276941902002411422e-01 3.931296936567004185e-01 5.567477078398258561e-01 4.256881133766719505e-01 5.473848681981092756e-01 7.485017908025917155e-01 6.988662420264077912e-01 7.901422879341625238e-01 7.167489311964756471e-01 1.000000000000000000e+00 8.586876428624707902e-01 7.643923353716837177e-01 6.728704703091109574e-01 8.504804485698376215e-01 8.297296685098682900e-01 7.895276400941004802e-01 7.084804815271381617e-01 7.450219908693920257e-01 5.531800606978666268e-01 6.914060665467113287e-01 7.560830757568983707e-01 7.436899566783701232e-01 7.136550382711907003e-01 7.479855049219348295e-01 8.481602829150246547e-01 8.383447887443173929e-01 8.405955486769027818e-01 7.435903720205079281e-01 8.219523501896389694e-01 8.546605950391802375e-01 8.628034718078753107e-01 8.213699181705442776e-01 8.374921256351205434e-01 8.443458983532785567e-01 8.330748600978392648e-01 8.539577240412721260e-01 8.638033230099603221e-01 8.758996817860108530e-01 8.558727706832376381e-01 8.846959676518914018e-01 8.890735711422910192e-01 8.649297045702996067e-01 8.909188231158572391e-01 8.878709406030579343e-01 8.813111008342608965e-01 8.844701901144300660e-01 8.890647335704933152e-01 8.760896477655985004e-01 8.514569295444837094e-01 8.735130012041841807e-01 8.599735946625821637e-01 8.708566686000875912e-01 8.729108399757530279e-01 8.664205948567393900e-01 8.800480515730485509e-01 8.641106420009039280e-01 8.826110602695046436e-01 8.691249242746811321e-01 8.850661512682149734e-01 8.867007630508829674e-01 8.695409174114557826e-01 8.597659553623404616e-01 8.626995024743330243e-01 8.823299201534611225e-01 8.748614872288301703e-01 8.914367319958641511e-01 8.926578809975600493e-01 8.936502679371992608e-01 8.739479044218988468e-01 8.926299914365232180e-01 8.939237086916174135e-01 8.803649500681193230e-01 8.798241502290348182e-01 8.981791868654779298e-01 8.955069532924664344e-01 8.940658657363319550e-01 8.750509321272098573e-01 8.911690753597096837e-01 8.878021610667516939e-01 8.891633111707728521e-01 8.961976252672368970e-01 8.919972994625446905e-01 8.862592982203674197e-01 8.878777255824796821e-01 8.928944889802586937e-01 8.973756121429578014e-01 8.954035911791551339e-01 8.966673635754982552e-01 8.942450905572105757e-01 8.952484811238149431e-01 8.970502156261944693e-01 8.998988848011653108e-01 8.984994315442178525e-01 8.906065411518947483e-01 8.908035742795037404e-01 8.791446126481309298e-01 8.720672222725786016e-01 8.877883410843951939e-01 8.913700820964237659e-01 8.958613057494156928e-01 8.869481604005811093e-01 8.888632967540975871e-01 8.947272655917721806e-01 8.928371038650282365e-01 8.777173388399398535e-01 8.827067659270229072e-01 8.898815505217887445e-01 8.896977949453196421e-01 8.900604499212005916e-01 8.870248693186700839e-01 8.903670127667561163e-01 8.848957539670839756e-01 8.860392865229510528e-01 8.903348104892510051e-01 8.869746209780413615e-01
-2.983425586073195149e-02 1.199335442865275547e-01 3.726610728805291317e-01 6.323472514707936254e-01 4.621436481853808398e-01 5.847853451264937164e-01 7.985849763385169942e-01 7.587670343363315251e-01 8.142448359853832196e-01 7.436595916151099717e-01 8.586876428624707902e-01 1.000000000000000000e+00 8.063268653541175723e-01 7.009254900241519426e-01 9.064184955101917129e-01 8.899176158955277582e-01 8.137996024142574170e-01 6.810423209706617520e-01 7.382057892457758452e-01 5.375367960551854507e-01 6.650381202171025130e-01 7.566777003261143664e-01 7.338804544783820161e-01 6.962715133514433274e-01 7.422634223277452259e-01 8.587880832445138335e-01 8.481153458358329233e-01 8.485893364513152903e-01 7.327178568446092166e-01 8.292399719909964162e-01 8.696624337639867752e-01 8.832098883533128220e-01 8.348274774829946843e-01 8.535255850847517367e-01 8.582774331536960899e-01 8.598814068222818685e-01 8.713195443400152396e-01 8.914502919676309256e-01 8.988478601144879176e-01 8.829300860668777284e-01 9.197029650798278499e-01 9.220209517928141807e-01 9.036904977470419098e-01 9.304899174032911224e-01 9.257707656475246960e-01 9.118801395301500134e-01 9.260735535295634424e-01 9.235724490943805209e-01 9.137853332320797772e-01 8.897032376552699295e-01 9.104811032146948868e-01 9.011793671898628011e-01 9.231416439844093436e-01 9.033131686686727280e-01 8.952438591158851100e-01 9.024242286101464838e-01 8.982811949494635684e-01 9.218803634180681161e-01 9.045884817569977976e-01 9.266793888618422015e-01 9.297333659223063762e-01 9.066784210204114069e-01 8.983818680869767315e-01 8.974707409485273013e-01 9.165508498319436814e-01 9.116941173667919562e-01 9.272821321314552723e-01 9.159235012464326253e-01 9.194481925830242375e-01 8.931760583802764719e-01 9.146380318011342325e-01 9.182376165683880931e-01 9.009473740922838703e-01 9.032225756204741440e-01 9.300717644037447274e-01 9.252114890088213306e-01 9.223692516397284935e-01 8.961558139653662547e-01 9.210221517483444531e-01 9.134234075153501164e-01 9.142633350655319235e-01 9.268268359850070359e-01 9.253110918974175592e-01 9.106407471157563771e-01 9.208865571865383348e-01 9.227599470743712562e-01 9.268158500956882317e-01 9.294211042574772597e-01 9.315626346528794732e-01 9.285879002804011684e-01 9.289008392424648042e-01 9.353112400762282341e-01 9.372497567852802192e-01 9.355002227477142718e-01 9.295184861449781177e-01 9.287828692855618629e-01 9.218249412665747711e-01 9.130914364520023030e-01 9.292624518553348478e-01 9.313150095470409395e-01 9.360377907471292280e-01 9.280559000435928407e-01 9.323055676216368548e-01 9.381556875854358823e-01 9.334323970926020619e-01 9.187681806874600232e-01 9.213322235918957048e-01 9.277094538080817854e-01 9.238394703564208887e-01 9.302952577809533441e-01 9.241146839068115071e-01 9.291920495560351823e-01 9.236248114668744735e-01 9.274495365133064162e-01 9.284151068198814860e-01 9.259272974720790250e-01
1.828420901044564006e-02 1.608228890181524762e-01 3.039040237656936982e-01 5.341398758841858774e-01 4.772302078912003531e-01 5.133438680713554580e-01 7.355180140126414967e-01 7.063971325971988291e-01 7.616496596872603941e-01 6.998089303733129318e-01 7.643923353716837177e-01 8.063268653541175723e-01 1.000000000000000000e+00 6.382502572123655016e-01 8.329870593042348892e-01 8.315684140319052897e-01 7.537587010163815382e-01 5.857966214506070690e-01 6.377668987028255465e-01 4.456449358322621124e-01 5.624032139888089921e-01 6.460900138770228063e-01 6.421816953732001343e-01 6.018531186704294544e-01 6.303746810207850881e-01 7.719818219346108457e-01 7.574757970718054567e-01 7.630274294143696290e-01 6.755290173950790900e-01 7.449043585961456770e-01 7.868785952693795327e-01 7.919164434642579353e-01 7.531659134176020842e-01 7.723420383968805369e-01 7.800025937519419195e-01 7.659963043263445792e-01 7.796966118386609024e-01 8.089785258308247462e-01 8.178358718289392426e-01 7.881766429198111545e-01 8.413917646213625590e-01 8.317432860014090101e-01 8.058661017177572994e-01 8.451564464302701030e-01 8.282856478089845043e-01 8.340162295209915255e-01 8.502957468941971797e-01 8.509149141326652899e-01 8.451564063234500157e-01 8.045637584115143959e-01 8.264557511468967332e-01 7.987320059178465437e-01 8.307162632834271809e-01 8.386778790856445065e-01 8.265165550516055948e-01 8.229870343912739639e-01 8.288686520910422129e-01 8.486544871628022291e-01 8.334442717354944019e-01 8.568600572659709202e-01 8.539719701056429635e-01 8.423310384746995894e-01 8.289802649437182369e-01 8.349401558099591725e-01 8.352404277920553177e-01 8.403377360612254154e-01 8.491882332816489409e-01 8.328210578995538516e-01 8.335286979824342302e-01 8.027160587334201125e-01 8.204029744690372050e-01 8.256388292655747474e-01 8.179716979701788793e-01 8.049172752464885949e-01 8.514394654982836430e-01 8.449500670524753287e-01 8.419155565233045202e-01 8.252795735265856525e-01 8.350469846404449115e-01 8.334734415379889683e-01 8.347036861343621883e-01 8.445585174659036021e-01 8.444778961850115673e-01 8.353169949867254029e-01 8.402796011707539536e-01 8.453219261685741559e-01 8.421384832791480868e-01 8.476536118240529660e-01 8.495417518787807820e-01 8.420028327029405180e-01 8.385247925777883360e-01 8.535982864207480869e-01 8.507722471680670973e-01 8.531751658582213960e-01 8.549575172019828750e-01 8.555033056137330005e-01 8.339604432655176591e-01 8.406246680768958424e-01 8.510015971845276139e-01 8.458621849275256288e-01 8.505690797814218218e-01 8.481725782634699229e-01 8.535170226193171672e-01 8.566972531131032964e-01 8.479444676488562260e-01 8.445486766815019086e-01 8.535249053913024353e-01 8.534616011026477933e-01 8.484242452058285977e-01 8.556031557177253832e-01 8.486035845889130513e-01 8.570986065927246322e-01 8.533984810263718357e-01 8.541093793929116496e-01 8.508095651094529366e-01 8.517654209108631580e-01
