1.000000000000000000e+00 8.465476938088373204e-02 7.499344812723549025e-02 9.293260710365415511e-02 -5.418781759338670186e-03 4.895575496403413440e-02 7.116359631329118030e-02 2.339651527467731182e-02 7.859885351271632403e-02 4.109093480522800490e-02 3.199826033282568427e-02 3.077773039970328403e-02 8.310065069806636326e-03 2.432391669366571266e-02 1.582063936081749833e-02 1.631396319483362917e-02 5.371560191572657267e-02 3.892205668686583159e-02 4.650476374746691927e-02 2.061996692994550601e-02 3.484774067150990529e-02 2.496555251667995426e-02 5.204612567769451026e-02 4.293425109947429652e-02 5.261922373129292868e-02 4.441164413272662148e-02 3.268143429278209250e-02 1.313342278752146347e-02 3.540519637759455274e-02 -1.604783157161063581e-02 3.068661016758631246e-02 1.853108090040495384e-02 -2.440839038956115967e-02 1.407708615201797020e-02 -3.204634587408709823e-02 2.833197597009533969e-02 5.596390968887297347e-03 7.576319014407342269e-03 4.541924386578967757e-03 2.453898838371594907e-02 1.225722835352739855e-02 4.794306322702190405e-03 8.333932342174922570e-03 1.612981325882940215e-02 1.991032134012942628e-02 -7.538680603862466618e-04 1.076256390468609443e-02 1.167135856193228169e-02 2.322630798920561832e-02 4.635751738424982032e-02 2.525485182179718416e-02 4.971040486148751991e-02 3.263191142161066954e-02 2.493839525892042192e-02 3.658627942917620779e-02 1.291360322945037803e-02 4.928766117947402936e-02 1.035710810049355300e-02 1.654810026644639234e-02 1.386987091468704775e-02 2.243112059652845394e-02 1.317746861649922441e-02 3.391415191083679143e-02 2.184007132940813181e-02 2.032114304760009038e-02 3.749095543473176390e-02 1.641752967089251877e-02 1.449623470980688014e-02 1.160862393545471390e-02 4.805923358541074573e-03 1.427832691113379952e-02 1.695209783699995129e-02 1.049503193900349664e-02 1.499230291695593034e-02 1.730599588731914634e-02 1.788275921075070315e-02 1.210902926298399601e-02 1.713593993708126609e-02 1.682842447016777779e-02 -8.752979277667189513e-04 5.697451739265371002e-04 1.147788784173183439e-02 7.224709354789676970e-03 -1.098106671284342778e-02 8.135581230754234533e-03 2.998999802500775923e-03 2.915491949601233240e-03 3.464569450726158028e-03 6.380236625498387527e-03 3.837629865254071036e-03 -2.384829996795011914e-04 8.834414375042690115e-03 9.911831558751721394e-03 4.893947430258165088e-03 5.321200292646517151e-03 1.232809804691389899e-02 2.362780437076184362e-02 3.631940325154249527e-02 1.770190407651316827e-02 1.097814516673323477e-02 4.465710501207316441e-03 1.724304891891041691e-02 1.242202835600867035e-02 7.791650384232312425e-03 1.576859600499169733e-02 1.903712739564192638e-02 1.838605042004867393e-02 1.599855150028667988e-02 8.465167731540854806e-03 1.262626707652260080e-02 6.658728799892789200e-03 7.728110571563150816e-03 9.846118373297492801e-03 1.745511547831404137e-02 1.557266709496759986e-02 1.923880211109809876e-02
8.465476938088373204e-02 1.000000000000000000e+00 1.573789321540953468e-01 1.515382190884493607e-01 7.966649078438381437e-02 1.160079261713760773e-01 2.061814171683666042e-01 2.015763507849286096e-01 2.026529907266249042e-01 1.954103503292211608e-01 1.908285759121208514e-01 1.848449810057777865e-01 1.554806861529161310e-01 1.432633946882417852e-01 1.862888423532531312e-01 1.848015351044155485e-01 1.905879114836641630e-01 1.997678370339366349e-01 2.089777473129535712e-01 1.450708254345299819e-01 1.987078567949394081e-01 2.062069135798244857e-01 2.144778584496458418e-01 2.069478242565739867e-01 2.163343300222541621e-01 1.840775917711409693e-01 1.841551044846554130e-01 1.912762044792167548e-01 2.084799965558752632e-01 1.932886352753049319e-01 1.631201125738379887e-01 1.889329600472816895e-01 1.759216290617851008e-01 1.950431528370788481e-01 1.774177644200864434e-01 1.791376563613450712e-01 1.612405123209509072e-01 1.727151446011328528e-01 1.811334664436650976e-01 1.724297849929298243e-01 1.550721531258014985e-01 1.665005414240514070e-01 1.700005494968341302e-01 1.674970851132875083e-01 1.655422896422535650e-01 1.758964776124249119e-01 1.630918991369804394e-01 1.609254389044944555e-01 1.595142915516041537e-01 1.738891594172515542e-01 1.700824949653279572e-01 1.635783591788023128e-01 1.663040538529678425e-01 1.728838124392679532e-01 1.769494390177684118e-01 1.783294429432760175e-01 1.812157461212104692e-01 1.640684545141904704e-01 1.691115648814447148e-01 1.679335717747000301e-01 1.601466882649707768e-01 1.657860970185217053e-01 1.722036677485035971e-01 1.679529175263815011e-01 1.666347198149566722e-01 1.702142781614079392e-01 1.554092140430609614e-01 1.666618334615356245e-01 1.673138426582282678e-01 1.669240296906781551e-01 1.760411033596077923e-01 1.670114438449002425e-01 1.773077412327266622e-01 1.773502151663628457e-01 1.633808032748709227e-01 1.630564463764752892e-01 1.677699918667764079e-01 1.925094103203276175e-01 1.764934147144908705e-01 1.706691916019031641e-01 1.650439478126849435e-01 1.541016963435642706e-01 1.645744693284242888e-01 1.675705289958318300e-01 1.651539591596177803e-01 1.635315054119923783e-01 1.563507015506039599e-01 1.647240921778009015e-01 1.616644814175081657e-01 1.657361405610925653e-01 1.584780601784816501e-01 1.582319362283837183e-01 1.600676880503238697e-01 1.584404957086951171e-01 1.548037408069717902e-01 1.616598705337944919e-01 1.555107466035959840e-01 1.620018383108603466e-01 1.607242089590402989e-01 1.628545252201740456e-01 1.584068103238243652e-01 1.623366407608231865e-01 1.550658898614748482e-01 1.625139540141781191e-01 1.620182847777998925e-01 1.628540635057346142e-01 1.635840875733911570e-01 1.650603750200880793e-01 1.623798670081776918e-01 1.655403149893211467e-01 1.612628802124513316e-01 1.576002494321166736e-01 1.606393630744065715e-01 1.640796387459617645e-01 1.592322251327890903e-01 1.597805284157206296e-01
7.499344812723549025e-02 1.573789321540953468e-01 1.000000000000000000e+00 3.789610879481022931e-01 1.877533934987837272e-01 2.298075022438208770e-01 3.881501941087830976e-01 3.520635876271463460e-01 3.697985210115502519e-01 3.438016627378130408e-01 3.971160235755591961e-01 3.889958890196610342e-01 3.187555034548877342e-01 3.228411636346630309e-01 3.694941602126552427e-01 3.614206875304225575e-01 3.664639042036515471e-01 3.731611927560535280e-01 3.945814177645292631e-01 2.479688705922921121e-01 3.823396263316526378e-01 3.982960865380835713e-01 3.940718730108401791e-01 3.641797106064916800e-01 4.093134507071085615e-01 3.923825061218169652e-01 3.828291550019824463e-01 3.805420285975499306e-01 3.866660072425812111e-01 3.482592763821543147e-01 3.838607927727371583e-01 3.909413060230066961e-01 3.454484542310522488e-01 3.983100578159528560e-01 3.322705182235660692e-01 3.820187031387266563e-01 3.715476865482691959e-01 3.912686010338166653e-01 3.840304509915705711e-01 3.872180628944520420e-01 3.826456697295786413e-01 3.755770030136594828e-01 3.829835054488875401e-01 3.827896933037498450e-01 3.793927753435595851e-01 3.830058195700333790e-01 3.699149040269176236e-01 3.736841467813502016e-01 3.751818853768482676e-01 3.998833585834655757e-01 3.987670485031788448e-01 3.971014989191831712e-01 3.879349493724442155e-01 3.810999660543930578e-01 3.867259852482479165e-01 3.859083965063384025e-01 3.970975663066904637e-01 3.741060694578133283e-01 3.802042744083045656e-01 3.754385535546851949e-01 3.808262229239340324e-01 3.770317898390131428e-01 3.938222332632542177e-01 3.862001707676173123e-01 3.847193685445908229e-01 3.881033896909175662e-01 3.742100314875881351e-01 3.873489985775450672e-01 3.777324092984998272e-01 3.682661194677869232e-01 3.954447252523149436e-01 3.899079430549765024e-01 3.857074305620021293e-01 3.933447891866888591e-01 3.812282287842797546e-01 3.845873066061345491e-01 3.835601711996321495e-01 4.000391930406368979e-01 3.887168751109700282e-01 3.724129185753364824e-01 3.734742098362898166e-01 3.768920495044640329e-01 3.811133564477162672e-01 3.668043900286473424e-01 3.891090605666964186e-01 3.853174405090874499e-01 3.748853629212328120e-01 3.801278117391236333e-01 3.789403364623992188e-01 3.826044522373901469e-01 3.768093084540919957e-01 3.797553189345266311e-01 3.791453967317054419e-01 3.769910820885089553e-01 3.722430487541486532e-01 3.756859126250140513e-01 3.817264726891123061e-01 3.920222891155716871e-01 3.812844155769294363e-01 3.828537164583660779e-01 3.781889811765646314e-01 3.855534817181405782e-01 3.780296673586719947e-01 3.803366193090742531e-01 3.841647839684431132e-01 3.846598820291483589e-01 3.788464528453076019e-01 3.801116093687808561e-01 3.802396868922823248e-01 3.797981557294717314e-01 3.799826861462193839e-01 3.721670680243068796e-01 3.779172254182930346e-01 3.844112433005989482e-01 3.816139137069030629e-01 3.785073435232022554e-01
9.293260710365415511e-02 1.515382190884493607e-01 3.789610879481022931e-01 1.000000000000000000e+00 3.127883373207709927e-01 3.812549128393659670e-01 5.591009438405899479e-01 5.467420730487195790e-01 5.699012864688159929e-01 5.235497207954559196e-01 5.878390208189978594e-01 6.177040937625564165e-01 5.300739478912850355e-01 4.942744441128303357e-01 6.164647835168366452e-01 5.915022574507773356e-01 5.740237315250698025e-01 5.710830196822020977e-01 6.030667150008393040e-01 4.478990247797485225e-01 5.956096877558550995e-01 6.043377484399716781e-01 5.912806228361101590e-01 5.399767846495219237e-01 5.966993624666142582e-01 6.256930432438333467e-01 6.156285417740489097e-01 6.116400529718840628e-01 5.827707453784076730e-01 5.801073657024512498e-01 6.077563114688041557e-01 6.286484437857131624e-01 5.817645751334207249e-01 6.319455824272923739e-01 5.690841440951014407e-01 6.116974165597071078e-01 6.023533904005400341e-01 6.294443470998777324e-01 6.276394080995156832e-01 6.230861809979001409e-01 6.138445794697657831e-01 6.088140638992927123e-01 6.149783064403131494e-01 6.145522444075466328e-01 6.177680599219534940e-01 6.160334551971253791e-01 6.099666752908856626e-01 6.139408643116299746e-01 6.171832023812741097e-01 6.359343278677351829e-01 6.342077115188845537e-01 6.238439655688221563e-01 6.178652908576431901e-01 6.182516948803282730e-01 6.244891757973013435e-01 6.230080763370325903e-01 6.283848362834624224e-01 6.128097161738392806e-01 6.241810106791930712e-01 6.131238497166247026e-01 6.246953990970364190e-01 6.148696386229648425e-01 6.267397827630027951e-01 6.229771707846541995e-01 6.125908613838659811e-01 6.217608889735704025e-01 6.119927293215826625e-01 6.191915490720765192e-01 6.156611705166085136e-01 6.075093925372492265e-01 6.314205332708007212e-01 6.207881788845273086e-01 6.192771635568122823e-01 6.239779330562298387e-01 6.181931264757982714e-01 6.177542933114440471e-01 6.190669921650585605e-01 6.176404264738505345e-01 6.181501551853036958e-01 6.103024582274075849e-01 6.169132002343316046e-01 6.115091250298869685e-01 6.208235010834071144e-01 6.101061979088400200e-01 6.325581514790549198e-01 6.255164842420996019e-01 6.156339086415641981e-01 6.200857528608513247e-01 6.193909110890583047e-01 6.200989051094687454e-01 6.179497451633098049e-01 6.164217743406493755e-01 6.122143572310294601e-01 6.127362090177781440e-01 6.088604334166722865e-01 6.112482393724519847e-01 6.264512137111504231e-01 6.292892791306832212e-01 6.166514996708422069e-01 6.201846595329678635e-01 6.127994249405743776e-01 6.245669939973219620e-01 6.144779442297390037e-01 6.175871077122430108e-01 6.231677974189779867e-01 6.244329985044427822e-01 6.173675054660175965e-01 6.157729822597080016e-01 6.157146981096288663e-01 6.163728816274862687e-01 6.133472981885490505e-01 6.104420908069834173e-01 6.153914075153488206e-01 6.239565345976073596e-01 6.154493967495358042e-01 6.175148296712082985e-01
-5.418781759338670186e-03 7.966649078438381437e-02 1.877533934987837272e-01 3.127883373207709927e-01 1.000000000000000000e+00 3.275893877797769194e-01 4.227871957952887838e-01 4.374800851300263971e-01 4.323996917469988266e-01 3.975162390381353772e-01 4.388390163624109608e-01 4.597468729741597815e-01 4.378444284093935268e-01 3.639918256973062038e-01 4.689313244730339836e-01 4.476669703736410599e-01 4.306030269912941577e-01 3.974363874612756309e-01 4.188696929719904483e-01 3.530648795950831476e-01 4.170663410103375712e-01 4.469307930073677659e-01 4.074061622751767864e-01 3.545426140912918411e-01 4.180710635380625595e-01 4.521879292803288042e-01 4.653884987057937961e-01 4.674006759584615756e-01 4.227571179833339854e-01 4.273459155596394110e-01 4.796325166244290727e-01 4.534196586380974670e-01 4.309957066287931626e-01 4.662521452749869844e-01 4.490595022726240892e-01 4.756094264042752262e-01 4.644064529350401260e-01 4.684377937597585251e-01 4.776661738975626625e-01 4.687418880834086643e-01 4.786220982163372772e-01 4.839176231243343396e-01 4.768955580846443998e-01 4.866175458049177283e-01 4.802729339298399402e-01 4.819877538130994399e-01 4.855305418784719440e-01 4.830265100007535284e-01 4.792653923614573763e-01 4.574179099705446561e-01 4.731673186191847624e-01 4.626666650622273669e-01 4.733960790385664530e-01 4.733332518582444304e-01 4.709538263631653510e-01 4.755272805961185956e-01 4.668176580549967536e-01 4.911972609038570137e-01 4.783587058452614116e-01 4.878100017112647069e-01 4.768734257189979342e-01 4.833963390678249206e-01 4.677216406980180818e-01 4.837692673185733372e-01 4.759306859668113732e-01 4.730496352662025283e-01 4.827027235763730051e-01 4.788531758074417444e-01 4.785357591692491197e-01 4.731557112073561111e-01 4.804537655467729929e-01 4.807192551684649207e-01 4.638950772832057257e-01 4.719029546468287983e-01 4.832353064443972723e-01 4.846206891655449600e-01 4.813711177080953751e-01 4.762632680831271337e-01 4.823490788848220356e-01 4.760509661236109746e-01 4.816364806673120169e-01 4.838510730544265392e-01 4.844050073327405004e-01 4.757764631000515054e-01 4.784356340981270606e-01 4.800877826262643921e-01 4.843237830863703630e-01 4.828239041629162065e-01 4.854854743833372233e-01 4.845077156040601407e-01 4.847754610350606397e-01 4.881201617696520056e-01 4.856612942777654429e-01 4.840761023577040412e-01 4.835269352053370717e-01 4.855364263701564820e-01 4.783608910965380656e-01 4.762340544756475946e-01 4.865665707547727203e-01 4.792095140392300112e-01 4.843843753639708316e-01 4.834146632018241907e-01 4.797392976759923822e-01 4.861218476273037603e-01 4.819514557299514057e-01 4.801693759882121326e-01 4.820266290350958549e-01 4.844831110191908374e-01 4.863277956428518900e-01 4.860401833165122198e-01 4.881127730378119756e-01 4.858262072402006471e-01 4.852155833547924790e-01 4.871658877464903337e-01 4.817757768745219438e-01 4.800002061674101816e-01
4.895575496403413440e-02 1.160079261713760773e-01 2.298075022438208770e-01 3.812549128393659670e-01 3.275893877797769194e-01 1.000000000000000000e+00 5.552128384571632935e-01 4.939016162427271039e-01 5.526634905090948013e-01 4.975356766807006448e-01 5.604491552679575772e-01 5.856473997935117692e-01 5.159215256484551704e-01 4.770833388086510030e-01 6.027812278755454445e-01 5.871585779733805577e-01 5.321609665621541696e-01 5.358114292982240068e-01 5.611181893514322061e-01 4.381682498214559685e-01 5.473249642634714363e-01 5.791522724285261825e-01 5.455306311249901174e-01 5.010416451646440006e-01 5.542255449552004887e-01 5.907970828003178410e-01 5.897052330821717092e-01 5.897028102976525910e-01 5.538281909217207533e-01 5.702260932960303563e-01 6.080529454446672588e-01 5.975222914872697633e-01 5.602893686536580820e-01 6.055576033515901457e-01 5.596924007080501529e-01 5.891454451904100109e-01 5.987657589470359865e-01 6.108598898931407728e-01 6.085709838401502925e-01 5.946321466357090690e-01 6.083211250591816777e-01 6.096827312273600530e-01 6.033265120718404040e-01 6.136868222977988063e-01 6.044395446830118646e-01 6.179212833057804444e-01 6.177631264663431265e-01 6.151110349973760716e-01 6.093890177449332590e-01 6.014966194611168770e-01 6.160656761539714532e-01 5.945284058620122769e-01 6.033194574232774166e-01 6.106474039094742512e-01 6.126381846564579181e-01 6.117128053222433692e-01 5.999182745587720023e-01 6.160308647498659029e-01 6.170672958225704718e-01 6.083134867168912274e-01 6.138830173750925434e-01 6.153081142249495761e-01 6.061572058024745635e-01 6.122903898467959571e-01 6.044076665409069404e-01 6.017605476948193477e-01 6.116675889630444063e-01 6.167771798264606309e-01 6.185153528970521730e-01 6.057148329243717821e-01 6.155113254056674421e-01 6.179478815548808956e-01 6.099006896693017765e-01 6.161119467423581408e-01 6.175386898674729563e-01 6.186688222734103570e-01 6.179325225521560272e-01 6.071341348753549472e-01 6.214964265493395645e-01 6.116544055688742931e-01 6.122115949570656745e-01 6.162939152280227928e-01 6.134173270338925121e-01 6.063822064411514834e-01 6.184959865465247120e-01 6.173114522270727322e-01 6.122706425118495943e-01 6.190231039969039672e-01 6.146207126337124294e-01 6.161455751009559112e-01 6.179356515717752130e-01 6.187981353405888063e-01 6.164624929715313284e-01 6.177760645520455896e-01 6.135056437548970232e-01 6.149873119228865814e-01 6.130920125083799688e-01 6.095610913885591842e-01 6.168615750947895604e-01 6.203930705784986843e-01 6.160952357423430392e-01 6.170155552467248006e-01 6.100080421783965479e-01 6.181536133657066223e-01 6.126739024214885587e-01 6.109337895530450036e-01 6.148634573456696062e-01 6.168280879630957392e-01 6.159739472893325241e-01 6.151364334950482071e-01 6.167818851612003606e-01 6.131525093035484764e-01 6.174497640366231055e-01 6.158426272723860340e-01 6.080172505023010432e-01 6.108237590065993539e-01
7.116359631329118030e-02 2.061814171683666042e-01 3.881501941087830976e-01 5.591009438405899479e-01 4.227871957952887838e-01 5.552128384571632935e-01 1.000000000000000000e+00 7.184031765193065189e-01 7.533424131064399010e-01 7.037461804461525583e-01 7.814749503115513418e-01 8.197551472435400388e-01 7.297384949877475657e-01 6.639463127735086845e-01 8.264005748172821297e-01 8.124719498005904539e-01 7.497713398522795059e-01 7.501011907835735126e-01 7.772461142780607846e-01 6.334321213394809025e-01 7.790661787908776947e-01 8.008865398052210649e-01 7.774606269437597250e-01 7.252786859797778485e-01 7.759367030195977177e-01 8.264944635481041857e-01 8.080297338195577828e-01 8.017636881799351523e-01 7.517640009894399622e-01 7.795626408168606636e-01 8.180013543215025607e-01 8.208349376461457902e-01 7.626551450915650676e-01 8.268234313269818836e-01 7.644824562142035207e-01 8.239490252414621851e-01 8.134407747304078784e-01 8.193973282194365604e-01 8.352369482077032226e-01 8.148388788811433692e-01 8.176021413699742224e-01 8.183281523015282222e-01 8.235739427731855189e-01 8.328437208441037409e-01 8.225764292354158513e-01 8.263558995226767401e-01 8.257666142128812226e-01 8.225312373260588172e-01 8.251532494130828788e-01 8.134110321703508228e-01 8.335775830248001173e-01 8.338711972633469083e-01 8.299450292571378673e-01 8.321792170267251487e-01 8.347444428689032581e-01 8.320963475070772830e-01 8.376884861911352287e-01 8.254666434714351686e-01 8.327042066231338246e-01 8.315071489303703656e-01 8.303926966522251485e-01 8.335540173273137121e-01 8.374733550165145424e-01 8.365971779968149891e-01 8.298440918323722881e-01 8.365975250270485386e-01 8.252444036873064492e-01 8.373331573006439488e-01 8.319132942709729361e-01 8.287487060779153980e-01 8.406266801741290040e-01 8.353053345161528531e-01 8.347237713858657315e-01 8.359329077445171174e-01 8.326590306100098982e-01 8.335979738740058043e-01 8.283178421183526874e-01 8.184796044059498010e-01 8.367173503779014032e-01 8.263461585459914716e-01 8.328729010950560729e-01 8.293444409058041700e-01 8.331237779971185642e-01 8.203569624844662123e-01 8.315277148075637115e-01 8.350383415122081265e-01 8.262917658780466468e-01 8.340630696505515473e-01 8.341163635530177700e-01 8.322847130515287351e-01 8.271081896195775496e-01 8.327189348862985563e-01 8.315092609410706936e-01 8.329443019641803447e-01 8.248958162481343503e-01 8.301228247549394812e-01 8.294105373647416846e-01 8.306165752294081273e-01 8.325148570022524730e-01 8.338902595450109478e-01 8.325905727727178629e-01 8.367934044897562540e-01 8.296035936135416344e-01 8.337247080975613844e-01 8.367087623264291008e-01 8.335278547780409220e-01 8.319844062967558518e-01 8.344834277707313674e-01 8.351019314523550063e-01 8.360170068019732170e-01 8.316603803024180674e-01 8.291329121037377403e-01 8.342732331669189261e-01 8.381648068089740944e-01 8.273544687988531043e-01 8.349203485323117846e-01
2.339651527467731182e-02 2.015763507849286096e-01 3.520635876271463460e-01 5.467420730487195790e-01 4.374800851300263971e-01 4.939016162427271039e-01 7.184031765193065189e-01 1.000000000000000000e+00 7.204852238300063494e-01 6.697839854034838281e-01 7.227943077979225306e-01 7.693382114069508004e-01 6.991147913387434354e-01 6.157250622566314835e-01 7.892940481434004285e-01 7.653799227870617949e-01 7.005626988883134620e-01 6.960220478493118756e-01 7.320614537510834463e-01 5.699322330517659907e-01 7.264914358665934824e-01 7.601422062598147678e-01 7.175758276789880874e-01 6.601500843809988694e-01 7.166296368755060708e-01 7.680820676087692922e-01 7.719968013056673906e-01 7.665890766905565368e-01 7.193407293468536690e-01 7.448137080087756656e-01 7.788743787574262667e-01 7.760902167398607832e-01 7.286871703249043764e-01 7.879101593545340121e-01 7.351446397722611881e-01 7.691949925806543797e-01 7.771834997527792277e-01 7.913874954751307644e-01 7.959398116432391257e-01 7.723196986889181437e-01 7.807021375462497303e-01 7.858514979335804451e-01 7.806854454929997855e-01 7.925248013234466038e-01 7.776673157368538813e-01 7.891440975261382329e-01 7.898089400403199845e-01 7.882660118483304501e-01 7.876936707626313039e-01 7.831988428498930510e-01 7.974538484500470759e-01 7.640844534005423183e-01 7.763787862316506860e-01 7.820866189170434524e-01 7.844507286374005073e-01 7.882081481892426744e-01 7.790443041930027457e-01 7.921828418205274502e-01 7.976841679289751186e-01 7.879568004863295450e-01 7.933836614248954699e-01 7.919974448898056130e-01 7.874629067079255140e-01 7.943799829948143820e-01 7.846848214634197793e-01 7.799362056692621392e-01 7.882450053702050319e-01 7.966187980187886541e-01 7.969591553271286877e-01 7.868054278434476467e-01 7.980800854777301279e-01 7.970727617371534679e-01 7.907489738702965232e-01 7.956177289268461239e-01 7.919800591328124417e-01 7.931690688685413271e-01 7.931536066431609244e-01 7.836440057988462993e-01 7.957328860039711849e-01 7.924805807426956727e-01 7.935268957747435570e-01 7.916150018782749376e-01 7.947770410216206116e-01 7.844296070200542648e-01 8.028797779913227073e-01 7.995573871786220144e-01 7.903507755158990511e-01 7.991701011997346393e-01 7.966500231361340889e-01 7.953936397166290195e-01 7.946748830387101448e-01 7.950190674438728511e-01 7.936320085770093291e-01 7.949501813563976116e-01 7.905030547948981301e-01 7.926896884197041082e-01 7.959906358052568631e-01 7.898083335184431508e-01 7.950234416041134233e-01 7.996857419505789544e-01 7.931577530673302734e-01 7.940807238827460868e-01 7.886660689474662700e-01 7.963815277183891039e-01 7.917790086405877004e-01 7.919787857381513918e-01 7.944318027240955260e-01 7.915168151767202342e-01 7.951489841861795194e-01 7.954602706880686824e-01 7.952054039204089486e-01 7.915096095772991003e-01 7.945550584464962096e-01 7.978833886895874139e-01 7.854465050256340675e-01 7.888229936771704587e-01
7.859885351271632403e-02 2.026529907266249042e-01 3.697985210115502519e-01 5.699012864688159929e-01 4.323996917469988266e-01 5.526634905090948013e-01 7.533424131064399010e-01 7.204852238300063494e-01 1.000000000000000000e+00 7.428365413772779480e-01 8.053031974017939021e-01 8.475219339994414236e-01 7.713970795533570124e-01 6.814239986269644556e-01 8.514562474499351996e-01 8.362319890271719958e-01 7.979024725403681684e-01 7.479537643044484874e-01 7.691934945688239100e-01 6.639137544936702939e-01 7.860047781478770590e-01 8.079932492010046818e-01 7.791063840828674758e-01 6.776228403475519357e-01 7.561370015049491133e-01 8.453447229626428472e-01 8.501406293553928073e-01 8.449024020022447568e-01 7.743610417517012845e-01 8.218157467703799401e-01 8.620751998109148495e-01 8.425058402459896234e-01 8.056858193090110642e-01 8.491926860209647598e-01 8.211469252141705422e-01 8.412752749834814248e-01 8.662289528507366443e-01 8.569484135891497489e-01 8.715826507013814117e-01 8.391939974106479294e-01 8.669055057694725619e-01 8.611545975221419624e-01 8.478818020752509899e-01 8.727583078811552708e-01 8.599595389451183403e-01 8.702345157818464072e-01 8.739972455096787218e-01 8.753771521395464772e-01 8.774548554777458209e-01 8.546193912662268799e-01 8.762440067944994304e-01 8.474342605992591926e-01 8.635937294342816983e-01 8.807717177061732405e-01 8.818110292128374939e-01 8.692225378043693107e-01 8.853403839894531391e-01 8.735852687997412991e-01 8.798251867555118011e-01 8.799346407926694758e-01 8.736433708956061750e-01 8.821909639334556408e-01 8.806634856074682105e-01 8.785727115920551888e-01 8.769878991668068613e-01 8.801504526343252310e-01 8.749325067813540358e-01 8.713898615449694462e-01 8.734713396933625473e-01 8.686007765771488476e-01 8.709469528723807752e-01 8.722286273573945925e-01 8.522497603387110265e-01 8.598253300157657764e-01 8.776207182384347938e-01 8.782003371155701066e-01 8.739553697156325907e-01 8.563194054601438454e-01 8.736660355818545165e-01 8.793835509954709417e-01 8.815392411767631886e-01 8.756955826946514199e-01 8.754704499313510357e-01 8.743478333096743604e-01 8.749035068824819739e-01 8.733355498636889980e-01 8.723795529511573221e-01 8.763141663299256479e-01 8.795480122839908210e-01 8.715128212944603936e-01 8.745058710042598049e-01 8.757264647685379932e-01 8.754322302952234347e-01 8.751837161969208134e-01 8.759155496322514889e-01 8.786840957414169262e-01 8.784546961862179648e-01 8.837976285653316166e-01 8.788307103924297703e-01 8.755265511513559140e-01 8.699780719854353084e-01 8.828910832479036630e-01 8.718344631089424146e-01 8.757959569370477038e-01 8.746158440957363389e-01 8.810555382885779663e-01 8.833560582552243412e-01 8.784813571148263334e-01 8.788681263084330286e-01 8.796119300604336999e-01 8.757986210308073005e-01 8.773100335251600157e-01 8.795660270494147781e-01 8.830005583340415631e-01 8.768783721801320930e-01 8.785639710362764809e-01
4.109093480522800490e-02 1.954103503292211608e-01 3.438016627378130408e-01 5.235497207954559196e-01 3.975162390381353772e-01 4.975356766807006448e-01 7.037461804461525583e-01 6.697839854034838281e-01 7.428365413772779480e-01 1.000000000000000000e+00 7.381903731106563837e-01 7.824483067219732968e-01 7.124392185071809491e-01 6.089148031394376881e-01 7.929518363865013519e-01 7.699191705170175259e-01 7.283029965628223801e-01 7.026857204021541570e-01 7.261073689384638374e-01 6.001986271696853059e-01 7.334333802539266811e-01 7.636058265114130661e-01 7.431310991979824809e-01 6.727933467014106661e-01 7.213556502825001493e-01 7.918474279668624716e-01 7.801505362344501870e-01 7.800517958861038492e-01 7.235835337980762727e-01 7.480900742495876221e-01 7.919479241831103300e-01 7.843478343417505938e-01 7.540337163798814801e-01 7.834534689684172770e-01 7.543772573649101254e-01 7.836488865694347661e-01 7.907515549307001512e-01 7.889374380237705875e-01 8.066900067785651718e-01 7.860974462760409454e-01 8.053456543395656198e-01 8.059693339895053210e-01 7.988806297771007259e-01 8.081910630988847766e-01 8.036537918391555291e-01 8.040567791707741163e-01 8.092600513637554505e-01 8.149314276758364839e-01 8.083874599981618614e-01 7.652693685714669902e-01 8.012089747798307737e-01 7.889613646337744202e-01 7.967896497487679808e-01 8.169042886239987755e-01 8.112497619143924643e-01 8.127358485081317419e-01 8.042359364649386277e-01 8.110672614743960063e-01 8.085415132560861418e-01 8.162505673724441690e-01 8.084458433831567259e-01 8.119203556119971577e-01 8.053685310938973885e-01 8.090207744419626312e-01 8.053642287727537097e-01 8.104049293514072883e-01 8.119507228531005483e-01 8.133153563667664399e-01 8.112637725075312334e-01 8.051429471775883862e-01 8.101662642781028989e-01 8.128620935868348107e-01 8.059235392722179370e-01 8.082059249802745482e-01 8.139322950568055326e-01 8.113099719946375021e-01 8.120760545323687518e-01 7.915681837745625060e-01 8.134419785284376925e-01 8.090859778322095908e-01 8.138996973537624413e-01 8.093929038321630021e-01 8.117708460778215729e-01 8.070109422468410010e-01 8.020220153530638330e-01 8.109073879503279070e-01 8.122558719589884069e-01 8.123271763052637429e-01 8.135499322297871094e-01 8.122503202929551858e-01 8.117086186658812874e-01 8.129725800241406342e-01 8.113314633047845614e-01 8.152379676953676046e-01 8.120690228958713508e-01 8.149063107467848788e-01 8.033358639406970036e-01 7.984092102407217562e-01 8.110480936087895998e-01 8.073856963116415875e-01 8.111513133292607147e-01 8.101065639371258786e-01 8.085057005458270440e-01 8.125916177214038694e-01 8.109891828054871521e-01 8.127529757065735661e-01 8.119597775084520519e-01 8.163792551136928033e-01 8.139601017426143503e-01 8.149722164832553517e-01 8.126652125830091666e-01 8.145040141564932057e-01 8.139349163052669311e-01 8.112438522722281720e-01 8.094015519326162034e-01 8.136017252550522549e-01
3.199826033282568427e-02 1.908285759121208514e-01 3.971160235755591961e-01 5.878390208189978594e-01 4.388390163624109608e-01 5.604491552679575772e-01 7.814749503115513418e-01 7.227943077979225306e-01 8.053031974017939021e-01 7.381903731106563837e-01 1.000000000000000000e+00 8.660356596471612267e-01 7.728486590267005241e-01 6.873779176608786345e-01 8.602159922390250069e-01 8.516400397696453073e-01 8.046769457622684474e-01 7.709903640197026675e-01 7.998824523077823212e-01 6.683388202279637591e-01 8.150833929729847105e-01 8.352807266367040517e-01 7.987129536562088683e-01 7.219869610513542924e-01 7.860904253617843063e-01 8.629324021876715323e-01 8.573274109250936803e-01 8.589213727829849709e-01 7.976271698470330795e-01 8.303063437922105772e-01 8.727654542652936165e-01 8.657522200974662185e-01 8.286417785521088542e-01 8.722795361092409161e-01 8.284015837001876825e-01 8.680675834754746356e-01 8.724944409634334264e-01 8.776317970133525881e-01 8.851822839796116282e-01 8.652589217569892632e-01 8.754994606233762466e-01 8.765922409499140588e-01 8.711044124489766283e-01 8.843761045271645305e-01 8.705991443986030864e-01 8.837270061804932686e-01 8.807946504218536754e-01 8.808344149470994644e-01 8.791754412170864619e-01 8.627295702150916679e-01 8.852876792040059728e-01 8.691713881316643908e-01 8.735052236943526838e-01 8.850858029249935033e-01 8.828925169789952898e-01 8.826986709168022083e-01 8.832377070251866691e-01 8.811620207148914696e-01 8.875076176031136965e-01 8.869001776197888987e-01 8.856167166320403350e-01 8.866855648622664621e-01 8.856596743814562078e-01 8.889539611019037224e-01 8.854934615108465135e-01 8.824167556868709461e-01 8.809346328822696970e-01 8.821629335825261764e-01 8.856313982978151200e-01 8.839926743187871416e-01 8.885303979549379338e-01 8.865487623115454463e-01 8.778218732012293968e-01 8.783330416660530826e-01 8.872463543146319465e-01 8.893845626047811592e-01 8.842381146926991953e-01 8.746533079388844056e-01 8.842194223410381193e-01 8.862663341091180369e-01 8.911996680426353956e-01 8.836471269947117069e-01 8.882624688829744430e-01 8.846225508724986364e-01 8.885870038846184205e-01 8.906452444876117314e-01 8.842877343999082651e-01 8.912785174686830292e-01 8.906400824135030092e-01 8.869958869924852163e-01 8.858727608370731144e-01 8.865807935290980213e-01 8.876382654319581178e-01 8.879684108100874829e-01 8.836679536347767927e-01 8.859899600811287357e-01 8.853106138164230643e-01 8.821681314264333551e-01 8.862707857097954500e-01 8.905634633246112264e-01 8.873042750581928706e-01 8.902601779989254283e-01 8.827914882719538614e-01 8.890562420621729300e-01 8.899194706012499845e-01 8.893558439684550176e-01 8.880047563314950043e-01 8.879220910656605570e-01 8.889203207714172494e-01 8.881713607145802492e-01 8.869695709265550398e-01 8.866436860673236886e-01 8.896315796643869955e-01 8.899029204888044831e-01 8.856899331612742010e-01 8.876214992343103294e-01
3.077773039970328403e-02 1.848449810057777865e-01 3.889958890196610342e-01 6.177040937625564165e-01 4.597468729741597815e-01 5.856473997935117692e-01 8.197551472435400388e-01 7.693382114069508004e-01 8.475219339994414236e-01 7.824483067219732968e-01 8.660356596471612267e-01 1.000000000000000000e+00 8.180840618050715385e-01 7.331536022593713176e-01 9.175905616932584774e-01 8.955963736785296225e-01 8.357872160880273071e-01 8.046603021430572822e-01 8.317175581368103643e-01 7.020578703021381761e-01 8.524324062407471203e-01 8.745734413737328294e-01 8.307191989566478085e-01 7.444043831221646146e-01 8.207068010577752704e-01 9.085511141422237813e-01 9.074309821724133585e-01 9.046803687578623965e-01 8.381940448171061320e-01 8.737999903179832772e-01 9.212870758754558853e-01 9.026638641257671569e-01 8.623497370936354933e-01 9.104083490309705651e-01 8.689948724729534835e-01 9.121605563816795881e-01 9.178009144793007890e-01 9.197959538948852209e-01 9.330796768746315584e-01 9.085681036739161609e-01 9.229928997628156218e-01 9.222551276630261974e-01 9.147161590146176691e-01 9.325353025180892486e-01 9.237756770400394890e-01 9.337462021168810855e-01 9.342551171570845359e-01 9.337766430185699962e-01 9.343953548307036838e-01 9.145141473086108030e-01 9.366656033852571728e-01 9.136965867042822209e-01 9.264174957387195652e-01 9.345247355738762751e-01 9.363971416561708283e-01 9.325493736984877824e-01 9.353186439130442009e-01 9.324734702686084953e-01 9.373756984454117980e-01 9.363016703478316272e-01 9.345914380040613034e-01 9.387048502749459900e-01 9.368927319528193021e-01 9.392205221810141502e-01 9.350023740264954419e-01 9.354284236429044608e-01 9.326743799677742475e-01 9.318256561953300876e-01 9.335636299398238913e-01 9.325227551898481737e-01 9.355628418095787158e-01 9.366494384332391121e-01 9.210446355630061976e-01 9.250041061743872195e-01 9.393804932862654944e-01 9.401144824432414726e-01 9.369895952113734827e-01 9.225634181236992415e-01 9.369523581585660343e-01 9.337325966703995395e-01 9.378904809345554039e-01 9.364400763628478730e-01 9.368429729903137160e-01 9.318418762025597601e-01 9.368258552244392856e-01 9.369563519970336429e-01 9.340462143020951125e-01 9.412590227519769259e-01 9.403532052483264403e-01 9.365957550819380417e-01 9.373711243889926159e-01 9.379456945519454303e-01 9.360051276061086556e-01 9.386375421658619267e-01 9.356876026173094330e-01 9.387825222790916468e-01 9.401549839371172723e-01 9.374798588580062209e-01 9.375544017195940327e-01 9.404878756009837915e-01 9.370453832924274806e-01 9.429176441114104357e-01 9.359274162815398590e-01 9.401533266408536038e-01 9.395415531246615881e-01 9.402578966302044261e-01 9.412394479720632701e-01 9.399802742821169455e-01 9.416810208958381612e-01 9.413102729307957217e-01 9.402202460636255310e-01 9.374479728493879671e-01 9.408241509347401443e-01 9.435185696753575213e-01 9.358419235954916759e-01 9.392270843851577844e-01
8.310065069806636326e-03 1.554806861529161310e-01 3.187555034548877342e-01 5.300739478912850355e-01 4.378444284093935268e-01 5.159215256484551704e-01 7.297384949877475657e-01 6.991147913387434354e-01 7.713970795533570124e-01 7.124392185071809491e-01 7.728486590267005241e-01 8.180840618050715385e-01 1.000000000000000000e+00 6.531280728806042601e-01 8.364150764857869458e-01 8.254951743658864860e-01 7.559926415194204719e-01 7.121731023657715820e-01 7.333028793914843080e-01 6.478855021084917176e-01 7.551364261624098351e-01 7.774507163565954615e-01 7.430563320462942878e-01 6.623209259855781239e-01 7.225982167871745077e-01 8.229838060665285449e-01 8.301633337829685821e-01 8.241012240864258320e-01 7.502598214251069431e-01 7.804742612016252190e-01 8.401498987498421389e-01 8.156514274030367551e-01 7.848835443607448115e-01 8.145936302558230979e-01 7.870768037684732210e-01 8.271021180891586777e-01 8.396344908010316965e-01 8.311268342223632200e-01 8.459283138566120464e-01 8.285036806756211902e-01 8.490634267006759162e-01 8.508939058836648694e-01 8.393240728250818128e-01 8.588684499288353758e-01 8.519095578003141878e-01 8.539175013924524826e-01 8.591168063240081088e-01 8.589282408576711658e-01 8.576212761301922338e-01 8.063289943393610049e-01 8.456543356474001127e-01 8.297799378559542749e-01 8.467400636739994546e-01 8.612462579367545779e-01 8.537387350621207238e-01 8.545521446512337471e-01 8.456725370241016115e-01 8.599753999824779616e-01 8.544918942515296045e-01 8.665635780819183065e-01 8.510455402816367032e-01 8.630205595186991596e-01 8.496304463946823260e-01 8.571189534332657178e-01 8.567493532557646230e-01 8.577778157843372053e-01 8.612547489588433525e-01 8.549704715034447400e-01 8.560006482159425723e-01 8.550543287851624097e-01 8.538681810161303787e-01 8.576669639625574826e-01 8.371254314192468904e-01 8.405490442959271391e-01 8.640041062316846654e-01 8.593235834786278060e-01 8.604267896552362238e-01 8.345754747826776843e-01 8.557165009915679299e-01 8.606248381766081756e-01 8.596789295811164688e-01 8.621350676286624326e-01 8.600394128500016278e-01 8.548944693331896882e-01 8.503089686306027906e-01 8.559472667361125442e-01 8.606708412598031988e-01 8.605990083921553069e-01 8.644058842912608620e-01 8.596743638316275415e-01 8.611608960756453879e-01 8.633144562620851392e-01 8.610289559962589490e-01 8.634638297099093140e-01 8.647452465012711587e-01 8.641724765171903133e-01 8.533606184399451511e-01 8.516294256200918067e-01 8.621033555506797397e-01 8.587308486843675537e-01 8.618674532290333534e-01 8.605237517350875498e-01 8.594653993205880749e-01 8.634677105270497366e-01 8.618268302338719655e-01 8.608621309986506098e-01 8.635273550132722686e-01 8.654407741634508877e-01 8.647772751617811560e-01 8.639444529829514163e-01 8.639348019167933934e-01 8.670048871592999085e-01 8.658350019129052999e-01 8.623770189326758207e-01 8.625151480205056620e-01 8.658754100658903052e-01
