1.000000000000000000e+00 5.104584264762131868e-02 1.424573756159663862e-01 -4.428730740559309702e-03 -1.104627329403667056e-02 1.573419722570593799e-03 3.813408198031827817e-02 7.863163351438628990e-02 1.756767365650412638e-01 8.344348022053438285e-02 4.980349647370461291e-02 -2.647353910101133204e-02 1.254190128705390608e-02 2.064927381083139779e-02 1.853378341586431680e-02 4.200772976404250347e-02 1.482955041474077751e-01 2.458894672711344764e-01 2.015451381026009958e-01 1.174612989885718967e-01 2.046635526840927810e-01 1.938564368790240688e-01 1.957294915918763589e-01 1.733088925720167039e-01 1.685957373494431921e-01 1.361113163031942297e-01 1.028608072442407512e-01 1.317171294632051848e-01 1.552024868789373402e-01 1.798241703898814381e-01 1.488908342035251686e-01 1.107184527401308821e-01 1.023357627342297849e-01 1.260888806798041717e-01 1.397705473043748536e-01 8.023622495171459090e-02 1.214009006430187831e-01 3.055659451595194726e-02 6.040761966258944432e-02 2.487386310531734118e-02 3.588938824253082305e-02 1.073860237381885942e-02 2.707662529111295666e-02 3.648252704387197620e-02 6.818577304398812378e-02 2.579018042941864930e-02 2.128306570891845897e-02 3.867359525947555027e-02 4.582118409810104903e-02 4.534118729031012124e-02 4.787638877737238063e-02 6.053634560045348390e-02 3.586549050893629575e-02 6.284741244378395930e-02 7.508133320625223761e-02 5.417381845063538870e-02 8.848267214477657794e-02 4.118273424194485860e-02 4.043726861931699890e-02 6.048252180926481925e-02 2.151292428015844777e-02 6.252793603897513486e-02 4.944642727236057966e-02 3.942271860896123109e-02 9.748404336573039675e-02 7.198059359321924700e-02 5.269236380053556046e-02 8.497319282243104288e-02 7.342678125435264658e-02 5.787714499872029933e-02 8.327064617775228883e-02 8.625142489207461571e-02 8.351465931912881169e-02 8.190714096228986218e-02 5.052061068673568273e-02 5.617958625646773951e-02 5.062279372118778931e-02 7.388050968055784318e-02 6.447906109030017430e-02 7.876334439072858740e-02 6.230317074644749903e-02 6.275895964081490419e-02 8.397793719265442269e-02 6.684311325197453413e-02 3.020602441034109936e-02 5.519468520280669532e-02 4.354832061732235443e-02 1.261520401244125948e-02 3.159757738524714143e-02 6.084671248733447557e-02 2.589585469858680933e-02 8.524657691038503918e-03 3.183982768679240877e-02 1.806938104233166142e-02 4.498849415950455580e-03 2.575113251037365603e-02 -2.362450789130444029e-03 3.124410860365138543e-02 9.870671150634788629e-03 1.227255585611842885e-02 1.329856428448579660e-02 2.399627994062773079e-02 1.237836247800688620e-02 1.658238717751480892e-02 2.199976597315955393e-02 4.946009518717015691e-02 2.253802123426957085e-02 2.710855549637316078e-02 3.801981139630212364e-02 2.522192799401807087e-02 1.840098554318685478e-02 3.593378128081585465e-02 2.745888869111003799e-02 2.000760986208654710e-02 6.227955676653063738e-02 4.391993919464375062e-02
5.104584264762131868e-02 1.000000000000000000e+00 5.316748587114359520e-02 -3.503984243165184781e-02 6.343061667443139484e-02 9.280525625206342832e-02 1.354313126045715299e-01 8.349159148709299483e-02 1.361669066090772651e-01 2.331813724390974785e-01 9.084381605991757869e-02 4.475856499971117564e-02 1.140791868224053235e-01 1.126444578923769674e-01 1.312808969258305591e-01 1.146456761189048601e-01 1.042696386101079759e-01 1.273349578701601093e-01 1.222097568151504499e-01 5.256568175020376321e-02 1.110468677845501823e-02 5.318728574145790977e-02 1.634777157103582401e-01 1.139938616375529706e-01 1.350014487342672542e-01 1.304089834926461799e-01 1.245722929338562851e-01 1.551338593015844647e-01 1.661318184388998198e-01 1.718146642888549736e-01 1.681303902675410911e-01 1.475630226814098334e-01 1.763948045090765193e-01 1.311214232810393732e-01 1.713088732188398633e-01 9.807432703352904346e-02 1.404335374576677342e-01 1.595801867875265290e-01 1.770913036844588007e-01 1.360768886315466275e-01 1.367242458877832301e-01 1.408490905596333498e-01 1.214317834217395337e-01 1.134092479697661610e-01 1.300108212789302942e-01 1.581447283013037719e-01 1.271958754120008916e-01 1.357623147986002643e-01 1.200949473132198186e-01 1.122676264389830675e-01 1.344585331320315158e-01 4.426574049837152941e-02 7.526899189827686298e-02 1.499657264423175096e-01 1.531911830406436636e-01 1.616998587663961151e-01 1.028392020314989053e-01 1.274933285717382847e-01 1.392224925984260342e-01 1.123749828333195505e-01 1.065298747935695678e-01 1.248528966677699414e-01 1.316215527741814995e-01 1.245627254728395444e-01 1.103494520669937723e-01 9.874263787972922812e-02 1.308746989930528182e-01 1.351840071907364216e-01 1.505682119132511487e-01 1.135908918934385448e-01 1.055126463606448767e-01 1.298172190682802818e-01 1.243864992435606276e-01 1.298902417714302704e-01 1.382171893263846318e-01 1.374429290507214185e-01 1.446451464131479347e-01 1.581572910671598386e-01 1.510051515554965973e-01 1.625934795915490727e-01 1.437964199322603609e-01 1.477111521805142824e-01 1.482211883887707971e-01 1.720364442244030623e-01 1.347558351589816517e-01 1.282482354583673045e-01 1.342625402507956478e-01 1.502231132174366435e-01 1.570422998239770496e-01 1.661909098607368129e-01 1.445124006203953593e-01 1.361885683048785767e-01 1.330537183532620460e-01 1.445307778938132726e-01 1.271464284775005726e-01 1.400521823527963450e-01 1.184489438023116070e-01 9.594394466556124823e-02 1.236914244976754645e-01 1.302743680389105430e-01 1.312422666245290637e-01 1.317437087568213150e-01 1.069552359676733261e-01 1.195019461674234895e-01 1.015880424643751806e-01 1.158154150080168560e-01 1.266599056863796369e-01 1.493726605280306374e-01 1.530993336134998106e-01 1.272561462202098925e-01 1.441725098880894118e-01 1.219790562165293663e-01 1.307709359540981942e-01 1.296579183688671977e-01 1.167143335647440744e-01 1.159276138503546605e-01
1.424573756159663862e-01 5.316748587114359520e-02 1.000000000000000000e+00 2.736346142002533122e-01 1.467225014899743996e-01 1.567848909410346214e-01 2.689386589040302367e-01 2.387740599460754232e-01 2.706768776942594656e-01 2.214480275523124098e-01 2.981406345141555114e-01 2.725121823375840080e-01 2.446315874982296357e-01 2.691193118358905512e-01 2.899615199406682664e-01 2.941706022479761984e-01 3.007232584440547307e-01 3.548861792363324219e-01 3.506040786581690050e-01 2.699027702524381955e-01 3.470293942537527321e-01 3.755164513688375449e-01 3.180388245536542313e-01 3.416386416997643782e-01 3.535163589333574774e-01 3.576813930691328247e-01 3.390888867500227444e-01 3.473834631460452904e-01 3.126004129968444345e-01 3.285740885888422946e-01 3.426604458261193198e-01 3.384286939239161685e-01 3.017828764738971214e-01 3.453136293923273481e-01 3.050945146594701285e-01 3.427078113433428275e-01 3.401103397125253003e-01 2.960315741356089325e-01 2.967343012814546155e-01 3.163607838693910379e-01 3.178931459822644801e-01 3.118215731005098412e-01 3.126963982999505509e-01 3.275541234698029491e-01 3.379973795214853971e-01 2.880261131700688759e-01 2.951216039128208846e-01 2.896803250856161971e-01 2.960215542312376047e-01 3.134629311075290414e-01 3.082282631715666521e-01 3.103821819748652233e-01 3.024973218299500388e-01 2.891514588050490553e-01 3.051473128931713186e-01 3.240147355239241800e-01 2.955315573336524393e-01 3.115281421034015730e-01 3.054053080882632165e-01 2.991238054351119113e-01 2.995141232590067815e-01 2.972554333127218062e-01 2.931797248880894102e-01 2.893742048867753436e-01 3.108591778690175111e-01 2.959886177649533878e-01 3.125958106773490952e-01 3.407472177040823946e-01 3.268071792215503923e-01 3.229969437722711723e-01 3.496647125682166846e-01 3.365434602305049649e-01 3.362794566719283784e-01 3.364760331689594652e-01 3.237210231006794059e-01 3.177512137654204816e-01 3.166885059591091345e-01 3.159122511216425067e-01 3.153770390273492041e-01 3.154643944541555833e-01 3.259731951932456906e-01 3.186136361566449526e-01 3.169852413088433685e-01 3.123573334753055875e-01 3.181274121294657142e-01 3.241645891403497348e-01 3.253257153197841034e-01 2.986546339932110161e-01 2.984638956112450892e-01 3.134215339223656027e-01 3.143912089863086234e-01 3.051228268388657683e-01 3.156988235502921070e-01 3.041311754560529490e-01 2.915809075875159251e-01 2.931935015666392030e-01 3.010563441186033251e-01 3.041363594037442830e-01 3.011866014114009116e-01 3.076458611518624320e-01 3.065037848704194601e-01 2.994350046193307024e-01 3.017742662764344441e-01 3.045127254552999485e-01 3.120972468929438803e-01 2.938176712841585325e-01 2.957738978086747461e-01 2.969553166165237457e-01 3.006576503086454411e-01 2.999522775339719116e-01 2.973975276401078505e-01 2.936783813964948808e-01 2.945188760552767127e-01 2.925363722477367645e-01 3.125462539942958085e-01 2.958828143188992343e-01
-4.428730740559309702e-03 -3.503984243165184781e-02 2.736346142002533122e-01 1.000000000000000000e+00 2.665727180268009922e-01 2.843658957499496931e-01 4.297024887495963230e-01 4.238826287307019824e-01 3.638381030486947942e-01 3.246427097820439034e-01 4.480041694196281177e-01 5.312503742234606641e-01 4.290127570164515847e-01 4.246038620684672860e-01 4.845515457446601393e-01 4.837475910302484472e-01 4.094160272238515641e-01 3.067490853426748654e-01 3.295094287493466334e-01 3.483488358289409392e-01 4.149641554970037727e-01 4.112909226276086350e-01 3.021585354437518189e-01 3.275952392903911381e-01 3.356434430210616937e-01 4.638773912053860693e-01 4.547376600218648313e-01 4.471226267802783649e-01 4.094726633032343410e-01 3.868372402566398471e-01 4.286049409017731460e-01 4.298975508674101609e-01 3.871952817140767444e-01 4.170109355623334846e-01 3.758022358625116577e-01 4.859259291756304333e-01 4.435984527879152095e-01 4.570990567515364478e-01 4.444663906930717001e-01 4.834575431033344417e-01 4.855683985814290837e-01 4.829179534451137901e-01 4.943711389696104352e-01 5.060784308021676337e-01 4.880099402357500615e-01 4.706019249632125701e-01 4.832199803490754286e-01 4.656252264446647526e-01 4.735530802866874667e-01 4.832328982412280594e-01 4.784802497033872615e-01 5.113698445080390176e-01 5.127471382368429254e-01 4.298475758644845213e-01 4.237310650765323539e-01 4.466308098932132986e-01 4.641413248036433403e-01 4.762262076558191337e-01 4.698204638381125453e-01 4.865568901870581109e-01 4.996374274993828357e-01 4.664561167650899121e-01 4.622417278588932810e-01 4.794771233354667150e-01 4.712797362912589660e-01 4.750217687888227402e-01 4.741283355083026896e-01 4.619269957490253486e-01 4.513933420567866617e-01 4.886769476957777969e-01 4.873548647502999875e-01 4.703160867466721351e-01 4.582528837337830896e-01 4.621418783795843144e-01 4.861816950578657925e-01 4.886960011882350852e-01 4.855122876305855151e-01 4.723639263612460781e-01 4.750388889353453492e-01 4.534075064655196940e-01 4.630208988742838816e-01 4.711736788381734597e-01 4.490883890848490489e-01 4.379345614302401768e-01 4.743522777930627154e-01 4.708399773007035938e-01 4.799526692223149982e-01 4.740461037602543559e-01 4.598844747103835173e-01 4.476356710773416459e-01 4.863129732532732175e-01 4.920929681944271050e-01 4.901894383982916548e-01 4.845285274219336413e-01 4.835235945934008850e-01 4.716327318392279366e-01 4.941694494507587465e-01 4.871298726649916921e-01 4.870122722025571615e-01 4.899509514788652487e-01 4.885396916103424414e-01 4.765151147100329387e-01 5.025600904651752465e-01 4.963788485550439944e-01 5.006085231792013479e-01 4.730697650195131998e-01 4.759444789306744306e-01 4.631908205349988816e-01 4.572195361862693153e-01 4.830572633033276553e-01 4.752137426518331931e-01 4.803644908941325786e-01 4.790416544454538239e-01 4.778850086172373723e-01 4.819171113527390693e-01 4.787168732359712298e-01
-1.104627329403667056e-02 6.343061667443139484e-02 1.467225014899743996e-01 2.665727180268009922e-01 1.000000000000000000e+00 2.244803387458015886e-01 3.404169185848525125e-01 3.162089935395292484e-01 3.486688474174849395e-01 3.303045247452456312e-01 3.324908380919962547e-01 3.880217718923319459e-01 3.824404268204985580e-01 3.420448510090016159e-01 4.138751099241507747e-01 3.909093278322152143e-01 3.308645955621978829e-01 2.644259404390089663e-01 2.764282969303537563e-01 3.233094423204788126e-01 3.083281659469257474e-01 2.943218962793320292e-01 2.569788596830570038e-01 2.933372332630170276e-01 2.848565913589629628e-01 3.415171156165965893e-01 3.475799423765743579e-01 3.114506879219251512e-01 2.965857247661943807e-01 3.325757151329872263e-01 3.524674767715985091e-01 3.694699716242498266e-01 3.194347941947168756e-01 3.615601013781367667e-01 3.262648851828102159e-01 3.820830563625405296e-01 3.514198956144610198e-01 3.822555967076639583e-01 3.779640477223807915e-01 3.692332117480900400e-01 3.946887369085577135e-01 3.935949613310481543e-01 3.929420504898175071e-01 4.077663046318080187e-01 3.875535010864650243e-01 3.898232339105976441e-01 4.199408561504796022e-01 3.997276676419233565e-01 3.992023848140955899e-01 3.925103210086187122e-01 3.921094344824663236e-01 3.864423935908133934e-01 3.967591761374489878e-01 3.831973804758253555e-01 3.772763165212795200e-01 3.808306589871839343e-01 3.835743981439119210e-01 4.088550374364031681e-01 3.999869400373195494e-01 4.112503445144357617e-01 4.121444744298675689e-01 4.038264291972230025e-01 3.999693872492752211e-01 4.149041325284434367e-01 3.912578580163565412e-01 3.925334679844057484e-01 4.103516447528853250e-01 3.961580649691692213e-01 3.934950299353404124e-01 4.226076329698876810e-01 4.026475931469956637e-01 3.909870267264866084e-01 4.026064985742066615e-01 3.906559046843841032e-01 4.061913421403159363e-01 3.975649675292120544e-01 3.921712694711232960e-01 3.802902570104894631e-01 3.936813577007191034e-01 3.939001779655861846e-01 3.954009707660638417e-01 4.001627438449009144e-01 3.913705612031242453e-01 3.875268224552320673e-01 4.043540489584933062e-01 4.105010718094531663e-01 4.088310609385933936e-01 4.055286245680735924e-01 4.060687697156725728e-01 3.920250224720975840e-01 4.000669140059079920e-01 4.144612441436194006e-01 4.103850272786818687e-01 4.067185779894256226e-01 4.130442308651489647e-01 4.118898185936615275e-01 4.108244936137347425e-01 4.010038692944490890e-01 4.112485410343362791e-01 4.138226752152347476e-01 4.141032248235688162e-01 4.035718306831144186e-01 4.168065157474094562e-01 4.171745653359554828e-01 4.129717320675792003e-01 4.011212083168152476e-01 4.118013246038478847e-01 4.105679635188031473e-01 4.043813030931776020e-01 4.121602967741756496e-01 4.099839388850323174e-01 4.126341887970978450e-01 4.136041935747832854e-01 4.133552872315943150e-01 4.060886124083644688e-01 4.056278046711896401e-01
1.573419722570593799e-03 9.280525625206342832e-02 1.567848909410346214e-01 2.843658957499496931e-01 2.244803387458015886e-01 1.000000000000000000e+00 4.611398112408185979e-01 3.577010616624649031e-01 3.949940121792458458e-01 3.634467199468072174e-01 4.130582875736366066e-01 4.659071303058376912e-01 4.055632855562837924e-01 4.332338928404897427e-01 4.864260203384644377e-01 4.639486392434205020e-01 3.960239601935762743e-01 3.484520013314030273e-01 3.710533606070551271e-01 3.255940728784158522e-01 3.229815933514436077e-01 3.803081288833993767e-01 3.546175610066142347e-01 3.676462850515599401e-01 3.845898124668638007e-01 4.337809474205384097e-01 4.477132598074128889e-01 4.320777254682794943e-01 4.107447518641239026e-01 4.341270061099309352e-01 4.555609119028277698e-01 4.601912891425646857e-01 4.243307569679621305e-01 4.431504743049544670e-01 4.294595131061094695e-01 4.634313884876890555e-01 4.666613319695002704e-01 4.820741660144504115e-01 4.847384303311434994e-01 4.737363785930255866e-01 4.979305632148970928e-01 4.998528028306697957e-01 4.905027528125343594e-01 5.054705241451930009e-01 4.819548521687179732e-01 4.973006819383067878e-01 5.001629944013300522e-01 4.919709553596421925e-01 4.885193254938571261e-01 4.798231583554269930e-01 4.876013009354240868e-01 4.621437525688675274e-01 4.811592890737318995e-01 4.732908452859351800e-01 4.630752251551847887e-01 4.810416077229024978e-01 4.651315689108617701e-01 4.887487946767349878e-01 4.901360546193342937e-01 4.853400875926279778e-01 5.007984631856124969e-01 4.816678192035246941e-01 4.867035189455927169e-01 4.938574109348704000e-01 4.776880025124225493e-01 4.719513120990122546e-01 4.970845408612887262e-01 4.929532257109249804e-01 4.855766248643942906e-01 4.835932173431157222e-01 4.839373535447994423e-01 4.888935579024610845e-01 4.808218208315260256e-01 4.893879508547215873e-01 4.939117203431864223e-01 4.995797053474240745e-01 4.978426754572016777e-01 4.874354348609554188e-01 4.980232890052577743e-01 4.917513025273113070e-01 4.961151447286497596e-01 5.002406440905354801e-01 4.813628351325600074e-01 4.854671974023278547e-01 4.966238769549613519e-01 4.973988875050432967e-01 5.003193574588139514e-01 5.027768581832019468e-01 5.011381636024793140e-01 4.847937694160334710e-01 5.009907335333961820e-01 5.101895131391916971e-01 5.034575178061153622e-01 5.064135721283201663e-01 5.049503262392650571e-01 5.010353217822541838e-01 4.918851335226608334e-01 4.858193737976089777e-01 5.029417572295183936e-01 5.068989883672905261e-01 5.073991590429457466e-01 4.941935613197417920e-01 4.962365605782773081e-01 5.062934146871911345e-01 4.970804482308877059e-01 4.822555004426969383e-01 5.023988959009800803e-01 4.964369809958234514e-01 4.932175191051277885e-01 4.997505536507931834e-01 4.988968034529763784e-01 4.968594184366448285e-01 4.992957675543329699e-01 5.012193833891201988e-01 4.905572148987416004e-01 4.913809132885879061e-01
3.813408198031827817e-02 1.354313126045715299e-01 2.689386589040302367e-01 4.297024887495963230e-01 3.404169185848525125e-01 4.611398112408185979e-01 1.000000000000000000e+00 6.291625826534905652e-01 6.172555003400105322e-01 5.930611801700219621e-01 6.508268341387313249e-01 7.048379885541682377e-01 6.248062457520694446e-01 6.486522421879832301e-01 7.876111302233222977e-01 7.463780176811107836e-01 6.321910243352640846e-01 5.634446496554786910e-01 6.043707642738187502e-01 5.043157208521110713e-01 5.818125427544710293e-01 6.260500557288413148e-01 5.860016983669611434e-01 5.775437498321910335e-01 6.090209178991142780e-01 7.419570206679122482e-01 7.354072172391965534e-01 7.361896390121313027e-01 6.799531779045205893e-01 7.224474426309134278e-01 7.550879287776799398e-01 7.162913774376129528e-01 6.882110197924204975e-01 6.950330147225188826e-01 6.806356490421429095e-01 7.114728502401832522e-01 7.466489771710431711e-01 7.647099060685496053e-01 7.520791043244711149e-01 7.617925412144314068e-01 7.661426966076844147e-01 7.752064406399186147e-01 7.647030323451823319e-01 7.818391295572626465e-01 7.715840387561395675e-01 7.752460556640027312e-01 7.550347562677760527e-01 7.417283350115093654e-01 7.447281011513801063e-01 7.376524498661413132e-01 7.639430431493894336e-01 6.949223840106810712e-01 7.362640131315785208e-01 7.239211178369336919e-01 7.257049290197007396e-01 7.514563016600472878e-01 7.125675616231553766e-01 7.604151879613498810e-01 7.637593604160142213e-01 7.426091300465212930e-01 7.567730433350231545e-01 7.342397223372439941e-01 7.420043931632996914e-01 7.381133831566141223e-01 7.292665179469847159e-01 7.198224919326140503e-01 7.506706485191022571e-01 7.490396285422583622e-01 7.451280002645913614e-01 7.419026133956063696e-01 7.533804516072056812e-01 7.527811138297324511e-01 7.297273543619824387e-01 7.428497929141442135e-01 7.757482992397874977e-01 7.698051577249407362e-01 7.715708528937572641e-01 7.573012190097987428e-01 7.713896555626913454e-01 7.562157732878115324e-01 7.637734300591879633e-01 7.732430312974959419e-01 7.385921127041185086e-01 7.497687258254284171e-01 7.526538503498370059e-01 7.480162804484355998e-01 7.636942668824733271e-01 7.703653746632537214e-01 7.580085647476179078e-01 7.512896914137048299e-01 7.753875565920788082e-01 7.741690672221949177e-01 7.693345999382829037e-01 7.739348080532412189e-01 7.533177551433055674e-01 7.511938855258357695e-01 7.523859091966585977e-01 7.340500584923627114e-01 7.578835354764043020e-01 7.665107689056211981e-01 7.642286488244329767e-01 7.508673750979032446e-01 7.495351399137195614e-01 7.649785814549937557e-01 7.477743425618758044e-01 7.299999660372713528e-01 7.474753097659483370e-01 7.499051347168598225e-01 7.500333553140841047e-01 7.582701011271633096e-01 7.675857244626960174e-01 7.505446807645267393e-01 7.499590702880055693e-01 7.478742794562813767e-01 7.462833816794085529e-01 7.404341468465975851e-01
7.863163351438628990e-02 8.349159148709299483e-02 2.387740599460754232e-01 4.238826287307019824e-01 3.162089935395292484e-01 3.577010616624649031e-01 6.291625826534905652e-01 1.000000000000000000e+00 5.829126642329464092e-01 5.471187945687134846e-01 6.116605749798738056e-01 6.632320710563402999e-01 5.963584160561896663e-01 6.082444753137108417e-01 7.007172835072090766e-01 7.142447526631658938e-01 5.989482412106652554e-01 5.151753722019799531e-01 5.435658201123161337e-01 5.081265552056101198e-01 5.613229104474547482e-01 5.786363076470069089e-01 5.231146782566797881e-01 5.186472171694616051e-01 5.373329825003334559e-01 6.821294465448323185e-01 6.657827434621964580e-01 6.499997468231095699e-01 6.253562397314283983e-01 6.429993029157090589e-01 6.694369391715534467e-01 6.715868046715275375e-01 6.057290332115342624e-01 6.516868815045921970e-01 6.187789828262366676e-01 6.772792279920635261e-01 6.667521697988046947e-01 7.045795123328653098e-01 6.914596463466232690e-01 6.925169882739502514e-01 6.945236932884484293e-01 7.038016582777062435e-01 7.175101260787478674e-01 7.185430365814313713e-01 6.993010602496932959e-01 7.024501518144408152e-01 7.019588328038639524e-01 6.897597520477202204e-01 7.000626406796475187e-01 7.012503649937257277e-01 7.160116429637740643e-01 6.732698805652693741e-01 6.951816897099079018e-01 6.763365931640683559e-01 6.793852285362244059e-01 6.832020171111488072e-01 6.914819219637843295e-01 7.102454692221835675e-01 7.097586468118494141e-01 6.940857989241588921e-01 7.103115477265398159e-01 6.938257052630565358e-01 7.038520605771592109e-01 7.000167936627768039e-01 6.855310522521972372e-01 6.859717477591381618e-01 6.962630238158402651e-01 6.915950088221496372e-01 6.851868492712410719e-01 6.973793347130365916e-01 6.947012270105055176e-01 6.906719647330148426e-01 6.724260447397875096e-01 6.754679865294858088e-01 7.107710017045423267e-01 7.060484039799518330e-01 7.030177140729907403e-01 6.926154522913825495e-01 6.987510334707860427e-01 6.903271801196246837e-01 6.917983728505241459e-01 7.049747085097802790e-01 6.829485474718909321e-01 6.784489221415557214e-01 7.029396733974188072e-01 6.941278896558491507e-01 6.972610400728992408e-01 7.057940710094980918e-01 6.967811683182082438e-01 6.886814167076500404e-01 7.000650256917302361e-01 7.091634663297380348e-01 7.028779650946752611e-01 7.093422268438327460e-01 6.976571511416594928e-01 6.959398165330121788e-01 7.124876323008105805e-01 7.070074050969578083e-01 7.095232600403368339e-01 7.114767156726311548e-01 7.123895415169559930e-01 7.101878451097237699e-01 7.041801170674281130e-01 7.147159160182671167e-01 7.062997873010425920e-01 7.009651201894926409e-01 6.995672523361823325e-01 6.936108907317803940e-01 6.967398374620474844e-01 7.088561889085577272e-01 7.104607552392141478e-01 6.972291971813401323e-01 7.038766173010448934e-01 7.038950798952691157e-01 6.954381186551540361e-01 6.961650265473942056e-01
1.756767365650412638e-01 1.361669066090772651e-01 2.706768776942594656e-01 3.638381030486947942e-01 3.486688474174849395e-01 3.949940121792458458e-01 6.172555003400105322e-01 5.829126642329464092e-01 1.000000000000000000e+00 7.227514011976180486e-01 7.077225940206699484e-01 7.210417294428301815e-01 6.861989903451486406e-01 7.149064442031017874e-01 7.798284447082530768e-01 7.655809716533328313e-01 7.872634100396792567e-01 6.660677379846409174e-01 6.838848021013067546e-01 5.823024807231176325e-01 6.258057172794433409e-01 6.597483539740442993e-01 6.956662926354765242e-01 6.568158195417964640e-01 6.763148178393671994e-01 7.578824279021139088e-01 7.526293055588021419e-01 7.187925535016286283e-01 7.118656139847812092e-01 7.885290370768981427e-01 7.860167382729131846e-01 8.164921813767895831e-01 7.374493946052437243e-01 7.914307448268286249e-01 7.815457773902733107e-01 7.753852877566607127e-01 7.908197902507163590e-01 7.931191337382300643e-01 8.145894747052022655e-01 7.431411033209105454e-01 8.062972777857483342e-01 7.874757802740206536e-01 7.903982394786233101e-01 8.008675376198610696e-01 7.910705349885026605e-01 8.025402342905934017e-01 8.332327368669797396e-01 8.455326020930367115e-01 8.386821876164594070e-01 7.933788758635760274e-01 8.086654851392364174e-01 7.791057072582217025e-01 7.997316101977219871e-01 8.460341856608787348e-01 8.346972824018901171e-01 8.163365602361744022e-01 8.367649414517220885e-01 8.286143855340705189e-01 8.262024580987124001e-01 8.431138880303046257e-01 8.284403791944832118e-01 8.459034016270932099e-01 8.340809106880163748e-01 8.352680670708382271e-01 8.452512345527144477e-01 8.378390934996665651e-01 8.473757482502134453e-01 8.372594268363736658e-01 8.380815387490414547e-01 8.213184954759339407e-01 8.204968431421482133e-01 8.393024165101238276e-01 8.180526299303310100e-01 8.199701110935674331e-01 8.327059400141623158e-01 8.302252773295768495e-01 8.247171639135124632e-01 8.197757194125911973e-01 8.293812402034662634e-01 8.412153676279741088e-01 8.376796721128892953e-01 8.363787338374163438e-01 8.451389489930234422e-01 8.332099828047466739e-01 8.233485338939879883e-01 8.383717700218492608e-01 8.301985063722671088e-01 8.258023234405557078e-01 8.355559509801835372e-01 8.362142095144331488e-01 8.094517179787155126e-01 8.229554462531879500e-01 8.299241204389690152e-01 8.286859601202460901e-01 8.331080605137228812e-01 8.432320895782708936e-01 8.004492778177929591e-01 8.254271398474010146e-01 8.302039045991822519e-01 8.261939062000552836e-01 8.277868905232974583e-01 8.342593537083858868e-01 8.240167981029092870e-01 8.306782916221753243e-01 8.294288562121138186e-01 8.381394380763141916e-01 8.401070162972530397e-01 8.437485047566117835e-01 8.475247034422063175e-01 8.377071029137617142e-01 8.315459042036992265e-01 8.430564808425368151e-01 8.415908593162200191e-01 8.371129783271316072e-01 8.463690833202395236e-01 8.437085437301354851e-01
8.344348022053438285e-02 2.331813724390974785e-01 2.214480275523124098e-01 3.246427097820439034e-01 3.303045247452456312e-01 3.634467199468072174e-01 5.930611801700219621e-01 5.471187945687134846e-01 7.227514011976180486e-01 1.000000000000000000e+00 6.335603089244847830e-01 6.417832222707549050e-01 6.564111100741081284e-01 6.741663764635906775e-01 7.354027398608929955e-01 7.237878533288242267e-01 6.743579061338307312e-01 5.854784061012862084e-01 5.967736843748260300e-01 5.159664043695040281e-01 4.990929604491019522e-01 5.504197714782873563e-01 6.384082203156817847e-01 5.711483667590721014e-01 5.916555155451944659e-01 7.111227336028761448e-01 7.011493227775560388e-01 6.895914829982169314e-01 6.653632402889153585e-01 7.315680576468019947e-01 7.477090377073202232e-01 7.580871056855466028e-01 7.073736144871041187e-01 7.292921167215129508e-01 7.282419758706363266e-01 7.080830785161476015e-01 7.377958956332607565e-01 7.730382098266411761e-01 7.812787782152106342e-01 7.259270126700844150e-01 7.673415288915337307e-01 7.589283987795443220e-01 7.507876459104613209e-01 7.519584789310930217e-01 7.512215288828296700e-01 7.733708297867724069e-01 7.804987994772646376e-01 7.956810747817628648e-01 7.807597207686877150e-01 7.404970017276016891e-01 7.658657901675914870e-01 6.911586343945570476e-01 7.318632829010421892e-01 7.949594981254179960e-01 7.881355707179086290e-01 7.797328535058402066e-01 7.702485432460464132e-01 7.784385574822553222e-01 7.829736928117625450e-01 7.766029544855221900e-01 7.714238195498549500e-01 7.855333227055709688e-01 7.843678513359275684e-01 7.786825482185857350e-01 7.587672398276030794e-01 7.680147797707771451e-01 7.858108300999134821e-01 7.713676410653511617e-01 7.776021817430031069e-01 7.553117588253838166e-01 7.343081068869445893e-01 7.678687847445463399e-01 7.458589297444493393e-01 7.424035824503865122e-01 7.833297288882689058e-01 7.772598129086691898e-01 7.754437920073314894e-01 7.720761173508585706e-01 7.781909564996623008e-01 7.880575283174183765e-01 7.816498080719463948e-01 7.866922211999316517e-01 7.863932218820657294e-01 7.846377955028844831e-01 7.730647507058497903e-01 7.751762089216315266e-01 7.772710897711652134e-01 7.874991339453594197e-01 7.921106118203747881e-01 7.921757442424043338e-01 7.713730844882334958e-01 7.790279095968465350e-01 7.802407304655007980e-01 7.849674432766845511e-01 7.838790017854645464e-01 7.899020896504864719e-01 7.581183197146947883e-01 7.618107531678145472e-01 7.779191711310565749e-01 7.772722628958204094e-01 7.809192858355246125e-01 7.833387168120655719e-01 7.667802027426107170e-01 7.757211742188246939e-01 7.657835025855643796e-01 7.798678087104736756e-01 7.860778866852512481e-01 7.941444621280426830e-01 7.978832166987606112e-01 7.851674240399210136e-01 7.874565716638241009e-01 7.847225270430564503e-01 7.869837125992249494e-01 7.841727491595305022e-01 7.769798495195880950e-01 7.825139876802147398e-01
4.980349647370461291e-02 9.084381605991757869e-02 2.981406345141555114e-01 4.480041694196281177e-01 3.324908380919962547e-01 4.130582875736366066e-01 6.508268341387313249e-01 6.116605749798738056e-01 7.077225940206699484e-01 6.335603089244847830e-01 1.000000000000000000e+00 7.575197956018459022e-01 6.598118557297260045e-01 7.052391740385993701e-01 7.732269922405904383e-01 7.695785778384763853e-01 7.112189562730677483e-01 6.393905592194968346e-01 6.579373063024215318e-01 5.638574254004263819e-01 6.502637839219063132e-01 6.804412806321880058e-01 6.457462571427413645e-01 6.351662423415691539e-01 6.585597336956956482e-01 7.669067159507189091e-01 7.629066809800326698e-01 7.465765949731768547e-01 7.042701827340978049e-01 7.443601270519638602e-01 7.757468633335049546e-01 7.792957153862424269e-01 7.224757812644180266e-01 7.535546423196302079e-01 7.317236828699762441e-01 7.780023026842001199e-01 7.920764275925928910e-01 7.866030396468948194e-01 7.874975453951098547e-01 7.801193415236993278e-01 8.074694413013756566e-01 7.923990546043395700e-01 8.028922967594157578e-01 8.127665947056925688e-01 8.054542669865503157e-01 7.981860459173744093e-01 8.070494201907972842e-01 8.064197916909909836e-01 8.054289431132884980e-01 7.868860145110803117e-01 8.010840005769848116e-01 7.770203825507520090e-01 7.947143064704592641e-01 7.901536566498816860e-01 7.865916439502561586e-01 7.985479240712402005e-01 7.945088513249741746e-01 8.101886950417769295e-01 8.052330443544020167e-01 8.091355548537736420e-01 8.127315271284523135e-01 8.064800733904762264e-01 8.022485400137890910e-01 8.026064158203043419e-01 8.020470764221718785e-01 8.005536653974709704e-01 8.145518187349456429e-01 8.117632409268821236e-01 8.028552364376632111e-01 8.035407440239523691e-01 8.130496090582750579e-01 8.135941402480149076e-01 7.884931757039808087e-01 7.999473388873443724e-01 8.216351969118984577e-01 8.196728503846376634e-01 8.178560224400392986e-01 8.035345820801094163e-01 8.101978930702260495e-01 8.053085078675115138e-01 8.136764284466709851e-01 8.202655191419223613e-01 8.048642421670472169e-01 8.013186916567068829e-01 8.068190600777466193e-01 8.092203775814370559e-01 8.173434552690299615e-01 8.117755062567343360e-01 8.083987431330517115e-01 8.086058018646939960e-01 8.158150229945971832e-01 8.157931407517947653e-01 8.185909167499491046e-01 8.154160958602465481e-01 8.103133043033299288e-01 8.111472440483291635e-01 8.027424427782103855e-01 8.041888935836052354e-01 8.147157304589185411e-01 8.151473696615346709e-01 8.161464072688865423e-01 8.120813182142856412e-01 8.092687341157580594e-01 8.173703969919209333e-01 8.144874782484954334e-01 8.038184703104246376e-01 8.099233476619454031e-01 8.093433772994840236e-01 8.092958420556590760e-01 8.143824096627091391e-01 8.148753269967736745e-01 8.115735768021411500e-01 8.111372595785842909e-01 8.090314049599270918e-01 8.167398252071812470e-01 8.091323448568470411e-01
-2.647353910101133204e-02 4.475856499971117564e-02 2.725121823375840080e-01 5.312503742234606641e-01 3.880217718923319459e-01 4.659071303058376912e-01 7.048379885541682377e-01 6.632320710563402999e-01 7.210417294428301815e-01 6.417832222707549050e-01 7.575197956018459022e-01 1.000000000000000000e+00 7.340438344907881385e-01 7.559788993268105051e-01 8.549888415639679273e-01 8.384232528996834466e-01 7.365361819501728968e-01 5.562599827065294322e-01 6.112479270694942679e-01 5.880579708803810313e-01 6.431740761445977617e-01 6.644811637471417232e-01 5.878095758720033315e-01 6.003286485137020456e-01 6.195405338096243719e-01 7.723566358142472943e-01 7.825659908555750999e-01 7.295102843530021364e-01 6.870322781780161536e-01 7.211056101650877848e-01 7.593833665398287414e-01 7.957621221642070530e-01 7.042655073365533536e-01 7.622704199988783458e-01 7.248915694305611002e-01 8.115897434395855647e-01 7.891329452859773275e-01 8.244563846810852858e-01 8.231384606246339164e-01 8.143621659053768003e-01 8.629167097362028249e-01 8.498662696401455552e-01 8.570919544602454421e-01 8.760702798227149035e-01 8.430399339956907712e-01 8.443784455853460269e-01 8.852790259445511012e-01 8.662471244983058760e-01 8.717599083158255047e-01 8.458292088452423751e-01 8.534798861535370929e-01 8.563429464012433101e-01 8.734404243067412921e-01 8.342763807389037556e-01 8.131888768151023239e-01 8.232395583491436408e-01 8.457712838273877543e-01 8.662006051326619493e-01 8.600881946403563516e-01 8.782511945300081058e-01 8.937549397764711356e-01 8.624906251430026760e-01 8.581040487685875906e-01 8.734698405201827276e-01 8.570882817795203445e-01 8.653148434286993540e-01 8.724917516078457558e-01 8.469622719352433160e-01 8.394963107713728778e-01 8.661412883298487131e-01 8.578410671310177094e-01 8.529765973343343965e-01 8.322957978566731807e-01 8.373627348460848108e-01 8.722894490246966281e-01 8.687772035597133291e-01 8.640426588109010320e-01 8.362892675911377527e-01 8.530315818030040909e-01 8.417174680729230252e-01 8.522721946164812934e-01 8.625130528731657087e-01 8.380989286356426149e-01 8.279936413968717046e-01 8.574840526087742498e-01 8.621759273490561259e-01 8.691317437702847926e-01 8.674444227110738037e-01 8.606120663037402085e-01 8.418101408155584942e-01 8.649737731387719952e-01 8.843712346211048958e-01 8.759178481231685298e-01 8.770530288984366152e-01 8.867286602198678480e-01 8.774790892640779161e-01 8.685372864578259078e-01 8.745632040780324523e-01 8.858164671140144053e-01 8.813724444293785654e-01 8.821589424873799157e-01 8.729339927196266835e-01 8.902840127499680456e-01 8.916519044379087600e-01 8.894944267316534647e-01 8.641626556241090995e-01 8.811685159720905602e-01 8.688888726557215669e-01 8.613564727141059807e-01 8.837703032439271356e-01 8.741783195971762899e-01 8.829905947008858114e-01 8.792340793898654194e-01 8.790827843630000249e-01 8.748970434871021773e-01 8.774963235498214331e-01
1.254190128705390608e-02 1.140791868224053235e-01 2.446315874982296357e-01 4.290127570164515847e-01 3.824404268204985580e-01 4.055632855562837924e-01 6.248062457520694446e-01 5.963584160561896663e-01 6.861989903451486406e-01 6.564111100741081284e-01 6.598118557297260045e-01 7.340438344907881385e-01 1.000000000000000000e+00 6.956812892149155658e-01 7.838541642634063722e-01 7.733984171043372102e-01 6.893914744907065906e-01 5.373692664524244433e-01 5.777989131190850447e-01 5.326321966607963088e-01 5.578682572033263343e-01 5.779435522025783145e-01 5.857337263355972823e-01 5.610990303187199935e-01 5.753624639129245599e-01 7.124636756972001495e-01 7.090950730137772773e-01 6.712173761416950768e-01 6.551370118968325995e-01 6.967355744430022702e-01 7.240075643646547432e-01 7.529354166026192008e-01 6.736247532055975595e-01 7.190156319101203009e-01 6.942222735501247799e-01 7.424482110601104967e-01 7.254467907338625343e-01 7.698234987768385329e-01 7.728142640078951020e-01 7.306552047025473007e-01 7.891729059006835634e-01 7.819837169865446747e-01 7.779534558720005988e-01 7.908761504747910953e-01 7.683036006145435026e-01 7.779676908101187394e-01 8.158395228443261482e-01 8.125402959132913550e-01 8.049182270283460339e-01 7.642348101805360727e-01 7.838953221913118607e-01 7.511252414223257290e-01 7.835840881397750923e-01 7.956089386357740878e-01 7.718786224437922394e-01 7.728099663295953103e-01 7.898965509770398130e-01 8.093943703724465477e-01 7.987453885336940340e-01 8.175427548268436873e-01 8.163257220707870188e-01 8.104296392002067195e-01 8.020029560531217738e-01 8.130523302050337575e-01 7.945395740881245894e-01 8.000177831075627743e-01 8.120593887366567287e-01 7.877233457423710172e-01 7.876109496938008547e-01 7.913175262241630703e-01 7.720385635283786296e-01 7.892736558018612625e-01 7.698205071550929812e-01 7.635831267952932766e-01 8.074648963717131478e-01 8.011229927100340653e-01 7.993824292942082188e-01 7.855298296113494283e-01 7.968677535591195404e-01 7.922369088881705546e-01 7.933455335104954154e-01 8.040616446519478488e-01 7.932975140043347917e-01 7.829039488668967373e-01 7.907026392048397412e-01 7.985829810252976779e-01 7.989598426805479825e-01 8.036206363417172094e-01 8.044801193462933764e-01 7.946122106878326097e-01 7.897081788601758578e-01 8.107038616426937017e-01 8.072515523113275027e-01 8.084834421450807218e-01 8.183448498413788963e-01 8.175016631086987617e-01 7.910141708918533299e-01 8.000197239394916116e-01 8.148889714051719135e-01 8.087756605911451402e-01 8.086364177979354917e-01 8.099205069736851170e-01 8.121303036588357616e-01 8.156388470992171902e-01 8.059873002005323306e-01 8.060559655139081237e-01 8.175335279364178698e-01 8.126070346223241980e-01 8.094496485683894127e-01 8.188866231352367464e-01 8.092887079441054565e-01 8.197460644641503258e-01 8.167342014604788147e-01 8.147261183454318489e-01 8.095670223660208498e-01 8.134981151007329991e-01
