1.000000000000000000e+00 1.355247253799442830e-01 6.171622314995960784e-02 1.307250462007307212e-01 9.255135761202477884e-02 3.394557978581718566e-02 9.429633419031488439e-02 9.431606717365724479e-02 1.530124266117718901e-01 5.852398388454699285e-02 6.023325763635604783e-03 4.774492965907391889e-02 3.705539875864195809e-02 -1.368892734487340114e-03 3.878346891127943535e-02 5.909789266664981777e-02 1.293195429300527111e-01 9.696700455814408204e-02 6.667353206110625263e-02 1.076479582451980443e-01 4.023114042144906172e-02 4.046505532875224742e-02 7.516093873828701144e-02 5.365972700719005145e-02 2.123671638693192670e-02 8.516371637294194163e-02 5.159083885529069935e-02 2.435763354367809566e-02 5.416704521252144189e-02 9.074379523621585800e-03 2.852239091206698954e-02 3.413961338267699347e-02 -9.115939916845752083e-04 5.034157294343524422e-03 -3.322034739864449839e-03 1.478243704365102967e-02 -1.217762525311348078e-02 -6.817260463097205882e-03 1.466102844650881212e-02 -1.328320657754212750e-02 1.929065399992006824e-02 -4.279122065889830705e-03 1.714517141573981135e-02 2.267713595433112211e-02 1.578615249672659510e-02 2.037487639106461915e-03 1.377966628926658929e-02 1.422499318711430323e-02 1.908441161967012328e-02 1.792809478405736926e-03 1.581619803380491379e-02 1.123556285321968516e-02 4.454365937480140453e-02 5.591836567852810636e-02 4.745311762148627516e-02 3.297425997699403311e-02 7.494283308318039349e-02 2.017477724162317770e-02 3.737807558906951211e-02 4.274698425024838627e-02 2.984584128059082977e-02 5.498317771771004531e-02 5.057710450410664305e-02 4.722396813909824492e-02 6.033521980510076627e-02 5.604355821926210873e-02 2.571042867705974205e-02 2.324583159593120521e-02 3.586572710665569819e-02 5.746146867693076310e-02 1.279682297929535771e-02 1.872489300969622239e-02 2.410935276750365841e-02 1.231902155823868562e-02 2.477087107726704332e-02 1.425041005250890676e-02 1.163678882353482227e-02 3.046662118637626787e-02 1.149638776785348246e-02 1.950878483220530590e-02 1.895497948193719875e-02 1.702289992818404804e-02 2.734774350757197131e-02 8.579547243070509768e-03 -2.952565920386567185e-03 2.651701290140519481e-03 1.128063484777469338e-04 5.238793562921816201e-04 3.202561912048172265e-03 1.368566266688373174e-02 -9.103845211525624440e-03 1.351675212485070219e-03 9.060509929008081845e-03 5.737262050338868408e-03 1.452487593464205778e-02 1.446609013644933189e-02 9.726207420717931582e-03 4.812383378938288325e-02 1.809015166074579364e-02 4.697435297820214475e-03 1.291387304409138959e-02 3.288020797570249260e-02 2.695801362848403507e-02 1.089990634017144917e-02 2.409610398866307221e-02 4.285006255427904059e-02 2.525583048722369189e-02 2.183851082266428587e-02 1.996783158799838795e-02 2.383917659832873043e-02 1.759085590516046987e-02 2.840874330722402072e-02 2.624417620765378753e-02 3.704162437662701646e-02 3.877525818826248194e-02 4.378294034047768707e-02
1.355247253799442830e-01 1.000000000000000000e+00 1.083630942270748104e-01 1.561172329853946772e-01 9.067243085320553231e-02 1.023311915092564028e-01 1.922399873101282297e-01 1.332551699185439975e-01 1.997254848531695992e-01 1.798447680523058700e-01 1.559952145173464644e-01 1.707210511176848744e-01 1.499851877816445467e-01 1.308418603298072691e-01 1.679454515983772600e-01 1.781057701902022672e-01 1.788504243179153130e-01 1.790228248144150325e-01 1.602887701892729277e-01 1.375945092572918582e-01 1.438650888700943320e-01 1.452544268865411936e-01 1.760117163423970399e-01 1.663511828620741206e-01 1.648188837610337354e-01 1.866851789686230501e-01 1.668763239765287953e-01 1.461516450830887548e-01 1.553869636396211229e-01 1.241883265178715667e-01 1.730866172524509750e-01 1.667530625632756558e-01 1.329928720347781368e-01 1.587700005984516438e-01 1.272001772254061081e-01 1.445142767515205928e-01 1.456828139552421297e-01 1.503071020698580618e-01 1.506849734004205299e-01 1.529494751477136483e-01 1.653073460866995026e-01 1.532744970588534594e-01 1.576601629642194746e-01 1.622279006475082774e-01 1.583010415717046593e-01 1.520632259006246823e-01 1.651482067115124241e-01 1.634757903843730709e-01 1.660867389526279048e-01 1.362187288197765633e-01 1.556375886953625942e-01 1.197733462762630846e-01 1.562488286253503611e-01 1.779031521950279748e-01 1.814629660647336662e-01 1.662947799963476747e-01 1.756363955521749731e-01 1.636034324254795891e-01 1.799144708989877384e-01 1.775606928558413344e-01 1.630058758602440649e-01 1.838927237770511258e-01 1.736819130125792920e-01 1.609083379559441696e-01 1.607848805442163298e-01 1.688522241230920595e-01 1.629035210312252124e-01 1.669477835725129977e-01 1.747934817249141570e-01 1.770647411695560614e-01 1.549632356717668136e-01 1.672010245971285169e-01 1.647239852365249002e-01 1.556008673121887231e-01 1.672842204604932659e-01 1.646009044817517142e-01 1.642802997544091648e-01 1.657489127086095859e-01 1.623065962873638801e-01 1.585546444330611926e-01 1.595936886846227587e-01 1.688809684636067843e-01 1.678812992978388763e-01 1.550802875807244796e-01 1.511844450150197638e-01 1.568053265007439412e-01 1.556282203677266107e-01 1.606076864387918635e-01 1.570223561410772628e-01 1.683855709637631370e-01 1.541794374834767889e-01 1.599816869654122342e-01 1.628595758225405421e-01 1.607454793979491703e-01 1.661588993498102351e-01 1.656927161880308030e-01 1.589983341817246543e-01 1.604861345497271830e-01 1.695286091457035849e-01 1.583111064201659091e-01 1.630538970649372532e-01 1.702005885977718458e-01 1.626891247124902240e-01 1.628533829251422316e-01 1.566243664224351295e-01 1.770393947799168144e-01 1.673261639738332363e-01 1.698902442748816133e-01 1.669361656701384700e-01 1.752687656227624735e-01 1.736809255246455075e-01 1.702124573578719102e-01 1.707437240910963383e-01 1.677238151485263007e-01 1.594717631665676372e-01 1.686940320772712942e-01
6.171622314995960784e-02 1.083630942270748104e-01 1.000000000000000000e+00 3.897995327598767767e-01 2.479714316895956228e-01 2.681640246690160656e-01 4.215560950620003688e-01 3.752197137253544534e-01 3.814132715197473544e-01 3.423557973836711121e-01 3.887003412934476043e-01 4.131769519473917907e-01 3.770450579886568954e-01 2.947009751372597353e-01 4.249784599744161895e-01 4.061724119281768242e-01 3.900337244260643210e-01 4.044692065635980271e-01 4.167722705188252053e-01 3.893771723931882534e-01 4.082246729041105193e-01 4.281673495919168237e-01 4.168561148252946102e-01 4.085768710055883712e-01 4.077931592277350692e-01 4.402577328933358625e-01 4.101830044438409262e-01 4.311859572992863820e-01 4.173208450692073579e-01 3.977753076004010291e-01 4.135754160076549057e-01 4.239567063915903877e-01 4.254560175822711399e-01 4.007662943687601564e-01 4.039905190726764128e-01 3.926787684217324381e-01 4.035167994066652386e-01 4.259498526431104160e-01 4.128728150758431692e-01 4.392423913141941250e-01 4.186739761191508036e-01 4.248664510315536269e-01 4.303003307156151869e-01 4.163533579035933463e-01 4.219998474426033819e-01 4.066649544490741897e-01 3.978958169819022950e-01 3.919787196691337794e-01 4.062652334116677033e-01 4.182068254002514474e-01 4.197700043861903874e-01 4.227994261934500120e-01 4.167208097436024272e-01 3.975757302620101519e-01 4.090667807143602563e-01 4.186795561700005219e-01 4.079894739002559167e-01 4.072494152417680535e-01 4.057131739395961056e-01 4.005203111293482166e-01 4.108553598710626420e-01 4.019111778868315055e-01 4.135072743302627973e-01 4.116255059953247142e-01 4.013153225964419812e-01 4.037759306235631507e-01 3.999107210883026675e-01 4.059638464923068235e-01 4.185018663298489261e-01 4.315577228938820009e-01 4.166558552441101404e-01 4.059488575318413450e-01 4.117701482813647118e-01 4.155680409931587493e-01 4.118581389141486859e-01 4.039368815800116197e-01 4.148397620035799704e-01 3.988547622014896321e-01 4.077849346485236115e-01 4.002651459852348270e-01 4.045101222993474077e-01 3.944946310140473589e-01 4.137566740965439305e-01 4.067426857417326125e-01 4.093343976622547675e-01 4.056685782982408783e-01 4.044628635944055306e-01 4.115958234286494766e-01 4.026711926186666290e-01 4.090132526913916600e-01 4.240846602312595137e-01 4.059966817357909541e-01 4.065908613715141229e-01 4.043045617807374259e-01 3.922932205062047983e-01 3.928302755466034912e-01 4.114344961058336025e-01 4.010090110789580331e-01 4.040438100024544288e-01 4.111154774519899524e-01 4.071341375628638182e-01 4.042144460829331654e-01 4.066559476605205448e-01 4.039765669395373182e-01 4.073457527229122910e-01 4.022485295392551063e-01 3.992876000481491161e-01 3.987781707692302224e-01 4.004346248299208710e-01 3.973830439781388946e-01 4.007174754718598741e-01 3.956000274967819141e-01 3.961729970629709330e-01 3.988051994740783868e-01 3.956546197147557953e-01 3.961103612837002519e-01
1.307250462007307212e-01 1.561172329853946772e-01 3.897995327598767767e-01 1.000000000000000000e+00 3.989680922062123214e-01 3.979378175973261045e-01 6.385187752380525605e-01 5.898606217105177851e-01 6.093450179730649507e-01 5.104132495066585617e-01 5.963522875648339383e-01 6.498382422269664005e-01 5.804571071844516483e-01 4.350828929450246685e-01 6.409772263366322331e-01 6.439492996934065294e-01 6.135239752025242188e-01 6.283425451381748905e-01 6.203269944982617856e-01 5.407730352803493679e-01 6.013109176354005658e-01 6.343218962698090602e-01 6.220388466102595437e-01 6.034417390569914996e-01 6.204748325334432657e-01 6.645244056659892484e-01 6.356591221071282716e-01 6.528577621674105380e-01 6.610514283747337405e-01 6.001527403512356695e-01 6.280987984259430723e-01 6.424746993513272830e-01 6.120785203863327029e-01 6.099805315525812510e-01 5.988059675683422567e-01 6.023420388820740490e-01 6.074094889628967042e-01 6.449071077461646651e-01 6.347054801413464231e-01 6.488740784494376745e-01 6.382505929253541321e-01 6.392296241104706844e-01 6.620123445312133814e-01 6.478789994453225676e-01 6.400123841901300681e-01 6.299338562493624893e-01 6.218579425602225319e-01 6.161987140321653067e-01 6.371571203002861505e-01 6.372649090176878417e-01 6.474606918293627222e-01 6.344294262083918223e-01 6.488097190994921437e-01 6.336445280558280491e-01 6.449415640040210285e-01 6.432199423185395171e-01 6.476498942134246706e-01 6.360518934464832741e-01 6.424206948165706033e-01 6.342742627794001331e-01 6.413239025600647736e-01 6.422194139873386165e-01 6.496688360080541402e-01 6.413635313337068267e-01 6.336971304191654220e-01 6.396710766565978368e-01 6.223857885654177080e-01 6.359170886192370142e-01 6.450495172565108293e-01 6.578462937261290167e-01 6.366303022668147182e-01 6.313339795676221611e-01 6.317007629596319562e-01 6.402613865931940929e-01 6.388020545546231332e-01 6.327577782591589095e-01 6.398473049263221357e-01 6.404406205017735276e-01 6.328424154405040136e-01 6.240674001742402277e-01 6.268301620665668317e-01 6.205158603051944555e-01 6.419644424604703525e-01 6.208635483380360309e-01 6.285654962146584035e-01 6.225284663158388021e-01 6.186948738560683614e-01 6.379927019642124275e-01 6.255116955340366269e-01 6.360780135292078974e-01 6.355617792082608464e-01 6.279095187063966632e-01 6.345732810120797707e-01 6.306373176661819180e-01 6.186173389435931647e-01 6.202153915900385783e-01 6.438430907372192369e-01 6.380072857100276273e-01 6.322297767308933114e-01 6.404383106549553784e-01 6.385705277854126782e-01 6.413014350940672292e-01 6.377670797341777886e-01 6.333631909723532738e-01 6.371987768525015916e-01 6.424417864971985193e-01 6.298186811904863402e-01 6.258423326838575829e-01 6.317292491570066781e-01 6.323531063040087608e-01 6.343384361401751548e-01 6.256134175323534441e-01 6.305603082796398251e-01 6.333336247169832900e-01 6.197980550332243821e-01 6.270885993394349489e-01
9.255135761202477884e-02 9.067243085320553231e-02 2.479714316895956228e-01 3.989680922062123214e-01 1.000000000000000000e+00 3.448166839841518283e-01 5.015183634458589834e-01 5.076478722480781691e-01 4.795106417814274935e-01 4.063622210262907153e-01 4.527116533584000790e-01 4.977913997829123138e-01 4.665680587718740724e-01 3.366100728254340368e-01 5.184379815155146787e-01 5.126374743183959026e-01 4.764561735763484518e-01 4.664886021384728743e-01 4.801670624290127476e-01 4.188969264773175216e-01 4.602131968689951447e-01 4.748461159712491497e-01 4.783481365957874543e-01 4.463202301897258306e-01 4.617641241977177291e-01 5.170246844503967321e-01 4.873750499305857242e-01 4.939264907657948123e-01 4.875699577591026124e-01 4.600566315674890494e-01 4.978348723246202034e-01 4.872600504095009888e-01 4.631961449543040010e-01 4.593129918576019932e-01 4.630059119092122533e-01 4.777301093706006196e-01 4.774827046917446971e-01 5.018805313825855929e-01 4.946225191634050500e-01 5.088892396038084964e-01 4.999095097188979708e-01 5.019317687756865709e-01 5.109080044710798685e-01 5.129955494090352452e-01 5.048263267085356665e-01 5.010510701510605402e-01 4.980310237094327519e-01 4.908804951897766666e-01 5.036881567168064455e-01 4.997845357492723961e-01 5.120289612401968116e-01 5.023597300140276722e-01 5.088725204551775017e-01 5.033078317688768344e-01 5.042795703688991438e-01 5.153355467978566473e-01 5.111902699909122161e-01 5.025730921818100105e-01 5.057453836990214446e-01 5.035491486052432464e-01 5.115268648080490976e-01 5.058589505109812867e-01 5.141652487166222807e-01 5.101276702867938440e-01 5.024678804884331607e-01 5.096439481510660618e-01 4.962852314950430554e-01 5.017768923308592033e-01 5.041976308258759865e-01 5.089400857149446455e-01 4.936859297767673405e-01 4.956272624691361317e-01 4.958932192183846399e-01 4.978765682240156032e-01 5.052739844427782678e-01 4.952616466371344561e-01 4.971365376633721245e-01 4.947941011040186687e-01 4.979437997798440985e-01 4.944341217987641701e-01 4.960134942448859441e-01 4.945293833913704251e-01 5.083279175053900811e-01 4.921247829431057430e-01 4.912375139578054606e-01 4.897786161709664632e-01 4.931874849056924748e-01 4.996509338063909178e-01 4.933959479191452058e-01 5.056023860258300751e-01 5.004368685223440361e-01 4.969133544096741018e-01 5.031356928402312967e-01 4.989013666484768406e-01 4.938674376559907264e-01 4.921107204782408928e-01 4.957766860125418784e-01 4.931883986653917140e-01 4.946857892767573261e-01 5.020594420361426113e-01 5.038569494320009889e-01 4.980053542381265852e-01 5.043781202406470987e-01 4.991637014241079862e-01 5.059893537316743073e-01 4.958253798875715268e-01 4.986829976355819372e-01 4.971605738652171147e-01 4.952062512933485539e-01 4.999737947965486873e-01 4.966664514699973276e-01 4.961397243652371780e-01 4.943001371967232771e-01 4.993320955709773523e-01 4.950164402859875690e-01 4.990662657679065806e-01
3.394557978581718566e-02 1.023311915092564028e-01 2.681640246690160656e-01 3.979378175973261045e-01 3.448166839841518283e-01 1.000000000000000000e+00 4.923715632357427152e-01 5.141249691935214639e-01 5.224431181141028224e-01 4.850709764361868515e-01 5.444726773476801229e-01 5.608027608568249001e-01 5.474122838870424390e-01 4.080277511402565227e-01 5.688396725803367415e-01 5.650627879764834605e-01 5.115127411840398874e-01 5.097969461013220904e-01 5.352228419442240925e-01 4.439998912049727964e-01 5.291038732652092458e-01 5.538827929815793860e-01 5.470969750075831417e-01 5.308459743979310197e-01 5.636557514318730755e-01 5.826727732684208183e-01 5.682076888086938782e-01 5.645231141797643071e-01 5.537510189399893479e-01 5.612383637505802270e-01 5.892384936142507357e-01 5.787829059037312707e-01 5.433442055970065798e-01 5.647980346126028062e-01 5.554213203803428645e-01 5.579526594189707644e-01 5.675735360766166471e-01 5.792629768039813110e-01 5.834548981410848656e-01 5.748420979551223109e-01 5.884233123777707908e-01 5.911164825910485421e-01 5.833743231820400776e-01 5.973926098938520113e-01 5.922190929578884377e-01 5.871640791475462029e-01 5.860717315259188487e-01 5.834297784413912114e-01 5.956452522383428594e-01 5.801071957944978763e-01 5.879216873459010007e-01 5.588267020666928264e-01 5.792367504132019951e-01 5.808645938074615822e-01 5.835821175915003600e-01 5.886323892185002515e-01 5.727641889367763861e-01 5.913148901200803165e-01 5.837174606334366578e-01 5.906893518382582142e-01 5.883143648331410347e-01 5.867396025173566843e-01 5.820660846782718112e-01 5.891948390503819466e-01 5.768053393242686955e-01 5.829372484625289230e-01 5.871152596639455101e-01 5.912640742697811147e-01 5.913289959508376548e-01 5.910896323239154260e-01 5.913113541519217087e-01 5.924837666098273781e-01 5.843497953905384401e-01 5.941792736033553179e-01 5.951588796581590568e-01 5.909080958538229789e-01 5.966103843305974319e-01 5.817039507897023842e-01 5.921065975662805903e-01 5.851936481608226437e-01 5.868751548563539977e-01 5.909022558432255323e-01 5.905467696597841432e-01 5.888753732858703627e-01 5.897973340399355058e-01 5.909730492628992859e-01 5.878431503722755247e-01 5.959372311997428451e-01 5.897843061659852060e-01 5.875506068271757476e-01 5.941383032988721835e-01 5.940149853367729937e-01 5.934138164814092287e-01 5.929694302655501570e-01 5.901001451460606839e-01 5.880894579151754176e-01 5.902376910338839044e-01 5.771854658094682788e-01 5.902995678346230068e-01 5.973682150369409305e-01 5.944395258841270735e-01 5.862266394134628689e-01 5.910109034180902610e-01 5.938442883408210360e-01 5.878694950868716962e-01 5.816755712948185053e-01 5.893909371954119125e-01 5.851348973365189110e-01 5.856849296032351493e-01 5.926551991998910696e-01 5.874628590618201640e-01 5.881338901000506825e-01 5.885751855479164352e-01 5.866795035153136162e-01 5.861182946474846611e-01 5.823958324831792766e-01
9.429633419031488439e-02 1.922399873101282297e-01 4.215560950620003688e-01 6.385187752380525605e-01 5.015183634458589834e-01 4.923715632357427152e-01 1.000000000000000000e+00 7.344530877617030384e-01 7.097855736606925037e-01 6.342123701853931150e-01 7.142805224790214069e-01 7.763031868550429593e-01 7.184366459382584003e-01 5.397576723425721035e-01 8.260198115373147409e-01 8.049421160461375235e-01 7.337272831530883277e-01 7.559742776846531953e-01 7.554515782078647934e-01 6.749248170162737148e-01 7.279072821816240380e-01 7.570776754724867219e-01 7.836835487346259788e-01 7.454012460409599194e-01 7.615546216938068325e-01 8.222315667138992978e-01 7.832608084943322169e-01 8.092967916276607721e-01 7.933438668928570747e-01 7.350294099012221194e-01 7.816797218271279712e-01 7.988429200192465052e-01 7.739197402683976046e-01 7.595084498242740123e-01 7.491732534840770397e-01 7.348405839585623323e-01 7.583266654899440962e-01 8.079814444943714813e-01 7.854096731633171125e-01 8.116013560030020946e-01 7.822751113937683742e-01 7.991865306978240824e-01 8.020122988081853643e-01 7.985363747560411118e-01 7.898052791239996706e-01 7.866552544737396291e-01 7.628870828656628689e-01 7.564605810896727345e-01 7.801160129242948882e-01 7.845744750484929808e-01 7.989893904783581524e-01 7.694180624602431351e-01 7.869641849024802127e-01 7.772772634579674378e-01 7.827597205492641264e-01 7.973186812063988160e-01 7.752357844551445165e-01 7.685639271573025955e-01 7.823306112812523638e-01 7.770450330220286528e-01 7.837813480881994366e-01 7.834785120875429332e-01 7.908181780789764748e-01 7.837253782435134042e-01 7.671603900236440010e-01 7.780625603327475659e-01 7.644529322160528162e-01 7.798056060873580497e-01 7.944586594096314514e-01 8.079544465753953908e-01 7.772735732697904076e-01 7.719229642311404849e-01 7.813857161348645164e-01 7.856222346597229178e-01 7.929708719947436979e-01 7.767511494109488046e-01 7.903686008330856883e-01 7.778924451688754571e-01 7.863024474172584100e-01 7.680054120150673347e-01 7.729873965326501395e-01 7.657904847202673393e-01 7.930843968122660570e-01 7.722621589887483928e-01 7.779904128986669942e-01 7.690079643006735299e-01 7.682233345833039406e-01 7.923107619792847389e-01 7.732329576533985005e-01 7.883311652998181707e-01 7.973944199473385064e-01 7.769644557489909786e-01 7.823512065109085034e-01 7.787439218884039116e-01 7.612023975295387768e-01 7.610441460683331494e-01 7.805538852414541928e-01 7.640925796669622017e-01 7.734343167337305314e-01 7.873496814295084523e-01 7.826932438790098479e-01 7.771118562152175002e-01 7.828439001419850163e-01 7.760772941808633529e-01 7.742869320043987980e-01 7.750175498331324242e-01 7.723763270074658349e-01 7.706823629816835775e-01 7.760872126071407529e-01 7.730693266050346901e-01 7.769262649533889009e-01 7.681363415464494970e-01 7.703882212988942824e-01 7.703252696759061990e-01 7.598910371070767278e-01 7.654644800961197815e-01
9.431606717365724479e-02 1.332551699185439975e-01 3.752197137253544534e-01 5.898606217105177851e-01 5.076478722480781691e-01 5.141249691935214639e-01 7.344530877617030384e-01 1.000000000000000000e+00 7.372296135862754785e-01 6.536760485218675587e-01 7.405829505118243228e-01 7.930844088866249031e-01 7.346882946218231680e-01 5.355883456028628364e-01 8.064056153994898501e-01 8.225137030196227883e-01 7.511641567789387741e-01 7.290685218491717023e-01 7.555968593599172722e-01 6.240960911154140867e-01 7.336426071935441273e-01 7.591578787243515869e-01 7.569200367190648260e-01 7.153337651845702583e-01 7.623713803820657553e-01 8.059912348516899971e-01 7.852199747139548824e-01 7.772571138446869865e-01 7.734275495821472113e-01 7.441566928824658866e-01 7.934227357869311215e-01 7.778856641868804322e-01 7.207598379096192831e-01 7.406921695706157882e-01 7.269773410333225661e-01 7.549257850389703428e-01 7.603091782194919546e-01 7.993343766347293933e-01 7.950597674205769350e-01 7.872718772511504426e-01 7.906821028385834227e-01 7.978925274399839562e-01 8.027842934784998885e-01 8.141612953196276647e-01 8.014983572605467455e-01 7.982006081739895231e-01 7.969198538950570398e-01 7.934119119080116356e-01 8.048163007100700428e-01 7.912250994532598058e-01 8.108549553726216441e-01 7.642607561442972264e-01 8.017265424910551275e-01 8.066488824040751737e-01 8.112210912668609275e-01 8.119691612195398811e-01 8.031323049306605677e-01 8.060649146448493063e-01 8.134738212184350337e-01 8.067868380063867306e-01 8.082171583983192020e-01 8.130028815619707583e-01 8.158964270710474809e-01 8.051499888891217038e-01 7.914776332006566717e-01 8.076725382386317209e-01 7.954553216737771937e-01 8.037172157250161986e-01 7.983550497605444995e-01 8.097582553229107916e-01 7.998032742412917173e-01 7.988154781353324907e-01 7.881067020540472035e-01 8.022733423796359897e-01 8.073055823217109017e-01 7.978225549523029203e-01 7.977486055469625859e-01 7.966886054187554134e-01 7.996428626965933484e-01 7.962588961093981510e-01 7.957486408314793369e-01 7.947490203466495151e-01 8.058939564684749479e-01 7.866742493177483198e-01 7.880115548093626909e-01 7.840983001421737431e-01 7.910471073651378360e-01 8.076326233330896054e-01 7.982145565314561209e-01 8.096833370019246301e-01 7.973471477028563070e-01 7.992495737035256731e-01 8.022084877320856400e-01 8.021356185238454062e-01 7.969842505502153784e-01 7.963226853624533197e-01 8.013498350015761940e-01 7.974567972026547213e-01 8.035768067015014449e-01 8.064666886372156007e-01 8.058461231906944855e-01 8.101078146619961062e-01 8.038758083769472762e-01 8.050486540163659388e-01 7.999012984915243596e-01 8.069246119506818804e-01 8.031404153120768052e-01 8.024265157771094392e-01 8.073988030046315156e-01 8.064733932952438122e-01 8.115300001542390396e-01 8.018220833870598474e-01 8.049290551083668754e-01 8.008409347649078081e-01 7.909602474662078553e-01 7.984107964329215656e-01
1.530124266117718901e-01 1.997254848531695992e-01 3.814132715197473544e-01 6.093450179730649507e-01 4.795106417814274935e-01 5.224431181141028224e-01 7.097855736606925037e-01 7.372296135862754785e-01 1.000000000000000000e+00 7.408926483507191074e-01 8.055150872474389212e-01 8.464441914543024970e-01 7.701682671633481858e-01 5.927866990155081783e-01 8.407901282513872143e-01 8.428386230558226888e-01 8.328584452779749236e-01 7.631428203044824388e-01 8.015047779231269098e-01 6.474934461763917071e-01 7.471309081404363672e-01 8.057112381336849483e-01 8.091137033917807919e-01 7.556758472882828537e-01 8.037764445622566090e-01 8.541366998666858334e-01 8.438723912810648375e-01 8.278167058401901812e-01 8.234122661675885579e-01 8.063124609152142463e-01 8.642242513324867037e-01 8.279404962664073109e-01 7.564614545270501589e-01 7.918499048391665074e-01 7.745873867755165287e-01 8.063724741310833721e-01 8.137539024478490646e-01 8.255867307772760677e-01 8.479087604985361404e-01 8.042664068448821535e-01 8.563022023621357226e-01 8.484091654256876724e-01 8.445573877723917544e-01 8.667860986738882279e-01 8.597926002786998589e-01 8.509806463366710316e-01 8.672970206511789737e-01 8.680767846802576182e-01 8.653658000600384925e-01 8.269119819686320261e-01 8.535006762105590283e-01 8.080929266643729347e-01 8.632875626028162497e-01 8.797597881890064642e-01 8.703624780916070502e-01 8.654787214700699893e-01 8.763636246359033377e-01 8.594829810632476086e-01 8.686846986968111972e-01 8.811390680139506992e-01 8.711581305954481103e-01 8.814155672283855436e-01 8.731568521321718679e-01 8.756352889164636943e-01 8.789358663709589958e-01 8.815483455021314585e-01 8.730756090278057879e-01 8.701952681382426613e-01 8.663972717696919457e-01 8.692913347080901687e-01 8.616196111746645681e-01 8.698497439430575850e-01 8.496706684334422999e-01 8.580383812480786299e-01 8.740446404674466763e-01 8.704317818328299872e-01 8.669974686202446268e-01 8.619272166571296800e-01 8.660765773528414924e-01 8.713206303912597317e-01 8.673494208721830301e-01 8.707095606097111640e-01 8.712834732134381310e-01 8.581298592652526480e-01 8.482946601150813670e-01 8.523224522815714410e-01 8.570644768263409041e-01 8.599880418382690461e-01 8.636202042318154026e-01 8.635968096406337891e-01 8.526337051785620735e-01 8.636121632980339191e-01 8.686115318443429212e-01 8.666820258622457418e-01 8.695238789708460425e-01 8.687026919973512840e-01 8.552631939712516118e-01 8.706834335106162781e-01 8.700054124231839658e-01 8.611737452598996478e-01 8.685035331471010478e-01 8.714987027429904609e-01 8.735813494523843037e-01 8.680005244441739709e-01 8.695824027546339430e-01 8.747814464354980446e-01 8.728430635355813871e-01 8.716856844332013798e-01 8.690226787544352849e-01 8.729434076351091365e-01 8.643566553134995889e-01 8.767959083615958216e-01 8.740517325730621234e-01 8.787922978523718953e-01 8.761125264667692925e-01 8.817336726152925630e-01
5.852398388454699285e-02 1.798447680523058700e-01 3.423557973836711121e-01 5.104132495066585617e-01 4.063622210262907153e-01 4.850709764361868515e-01 6.342123701853931150e-01 6.536760485218675587e-01 7.408926483507191074e-01 1.000000000000000000e+00 7.526625776018581737e-01 7.741640877590701963e-01 7.134691496433316349e-01 5.639504856063282112e-01 7.737827029116962629e-01 7.659958010386682670e-01 7.404040776062935647e-01 6.738502470368179509e-01 7.267547401608989155e-01 5.552744115336101238e-01 6.731767925595842916e-01 7.366865512803617566e-01 7.352963792401233656e-01 6.950111843634945163e-01 7.404976325364536205e-01 7.674350484983996079e-01 7.677803292613177844e-01 7.501553022202063215e-01 7.425754216500141114e-01 7.455516370646103619e-01 8.048150122680136631e-01 7.638802600931517972e-01 6.928620749942847601e-01 7.413404173081336035e-01 7.151262805735190131e-01 7.486042912045606235e-01 7.603199228387167441e-01 7.726399816691277289e-01 7.937995631863086210e-01 7.455362462930642531e-01 7.938558795332341100e-01 7.938842844310360913e-01 7.759649540583638538e-01 7.993701385934566250e-01 7.988807657649543703e-01 7.985521636606401907e-01 8.119354828538917213e-01 8.154800321814774655e-01 8.046754145268043557e-01 7.658519444465557990e-01 7.921573328669215819e-01 7.289355124563544619e-01 7.852926559018373887e-01 8.127936953648885465e-01 8.040088970829205595e-01 8.002019034966795230e-01 7.896542928564865838e-01 8.009318874741685468e-01 8.071717525546819871e-01 8.131112261636609384e-01 8.062979101709819574e-01 8.092999474387115866e-01 8.008359116286438706e-01 8.011494459253849509e-01 7.987752725816626986e-01 8.059413605686648330e-01 8.149985710002575212e-01 8.121044400298993438e-01 8.031438753781211526e-01 7.963074591478609410e-01 8.036014728734580670e-01 8.127530943454215340e-01 7.929214297173360348e-01 8.007392642223425394e-01 8.106271334767793935e-01 8.129328573153339343e-01 8.045403868316721718e-01 7.975660272846872845e-01 8.118416312055271034e-01 8.129077971305690431e-01 8.114298290570641781e-01 8.183827825496731156e-01 8.114121001258914889e-01 8.056106938039193643e-01 8.014351990343002718e-01 8.034854349861614287e-01 8.090109941252774384e-01 8.102683745595516962e-01 8.152032250733839414e-01 8.102311305204666914e-01 8.035481974464857569e-01 8.115194849572694435e-01 8.135756703584948735e-01 8.156604546663080990e-01 8.167330523084311844e-01 8.173393289015061791e-01 8.000786225956120212e-01 8.023038039485154149e-01 8.137311528025150675e-01 8.051288055324905546e-01 8.103828935996720828e-01 8.126797679769813820e-01 8.111489694056639443e-01 8.134388367522047414e-01 8.056643270155717795e-01 8.117424960425669855e-01 8.170681892744977581e-01 8.187281263202891290e-01 8.150452846662606943e-01 8.155779386851264023e-01 8.120386983637005729e-01 8.177971698269280720e-01 8.155635401544033547e-01 8.161537057533531092e-01 8.118061117812424010e-01 8.143695904051390100e-01
6.023325763635604783e-03 1.559952145173464644e-01 3.887003412934476043e-01 5.963522875648339383e-01 4.527116533584000790e-01 5.444726773476801229e-01 7.142805224790214069e-01 7.405829505118243228e-01 8.055150872474389212e-01 7.526625776018581737e-01 1.000000000000000000e+00 8.768201768680085051e-01 8.029757926474697660e-01 6.340402910842506401e-01 8.732598259348848257e-01 8.666695920489410065e-01 8.186444275234711077e-01 7.556324363435505953e-01 8.201793564056292229e-01 6.481216287179997204e-01 7.886609074910233552e-01 8.339010322862900892e-01 8.251820905279417806e-01 7.868375157913085616e-01 8.380693852413051426e-01 8.708971637282163503e-01 8.616986554102783469e-01 8.587025214766325076e-01 8.438348057120760304e-01 8.520105253882993557e-01 8.917102740021579654e-01 8.665176559232986575e-01 8.069300825696900104e-01 8.507902445639013989e-01 8.282502612730898717e-01 8.552715388420260023e-01 8.718952335390703912e-01 8.811203790897382815e-01 8.975953112504975184e-01 8.600005557887366869e-01 8.980426692570732117e-01 8.980262548801325462e-01 8.900652577970977752e-01 9.049460202147404653e-01 9.047705746343768229e-01 9.003113327390521725e-01 9.050901573412526435e-01 9.089456006134084554e-01 9.062863537912173584e-01 8.809155408670044096e-01 8.980345957638246057e-01 8.546282267590016302e-01 8.936550467824667665e-01 9.008704962251712356e-01 8.959481386452665674e-01 9.001520227178597677e-01 8.856179430490581650e-01 8.993306789767147036e-01 8.989687173777431983e-01 9.081500130348142408e-01 9.069238423685570538e-01 9.019520303007024786e-01 8.960320694477285075e-01 8.988853867136499254e-01 8.967331745082935957e-01 9.020069658911499255e-01 9.105571881219425290e-01 9.091496448129215979e-01 9.014120265889354888e-01 8.949218896690996905e-01 9.044984337076363845e-01 9.098590287811638699e-01 8.925420312660984345e-01 9.023519828529315001e-01 9.107433173939525339e-01 9.100495527182778099e-01 9.063234506565691628e-01 8.969566196066046659e-01 9.086427192701997946e-01 9.073058251634522620e-01 9.095227134137605640e-01 9.098902893982134810e-01 9.111108833555016107e-01 9.030387277868352491e-01 9.066343044769429316e-01 9.056684173902210810e-01 9.096717752920980837e-01 9.109710264800374713e-01 9.131938138094756185e-01 9.106533691433743583e-01 9.092432875181605256e-01 9.133245605001857337e-01 9.130342061631688821e-01 9.134403951300431590e-01 9.110727078578279015e-01 9.114249944130174974e-01 9.011607424039175251e-01 8.948387151665936345e-01 9.082309888006061538e-01 9.092664807317605291e-01 9.118144439058232242e-01 9.057755722788650710e-01 9.093255690944719305e-01 9.120456205650967485e-01 9.097242777919708479e-01 9.022146481502953952e-01 9.088594051497338455e-01 9.098030880815456412e-01 9.089762632589047930e-01 9.099622813687449074e-01 9.073199187848913772e-01 9.090614735736286534e-01 9.100649301662327995e-01 9.091747832011242147e-01 9.045205048866442610e-01 9.054759918068827629e-01
4.774492965907391889e-02 1.707210511176848744e-01 4.131769519473917907e-01 6.498382422269664005e-01 4.977913997829123138e-01 5.608027608568249001e-01 7.763031868550429593e-01 7.930844088866249031e-01 8.464441914543024970e-01 7.741640877590701963e-01 8.768201768680085051e-01 1.000000000000000000e+00 8.443221104232133678e-01 6.555230439850615598e-01 9.131045112440424605e-01 9.093561529171912960e-01 8.606790028288899830e-01 8.141420885605206159e-01 8.625198949475346710e-01 6.897227234287943709e-01 8.300525032362439104e-01 8.755497472155095995e-01 8.664600497729033624e-01 8.276705761859285415e-01 8.774820868942594387e-01 9.127809593961343504e-01 9.055399989360575219e-01 8.976744082090916121e-01 8.852917938937322484e-01 8.769965068785291473e-01 9.302353774374464424e-01 9.021559991317091853e-01 8.365713815689896915e-01 8.739092724569235138e-01 8.528316292561876066e-01 8.909406359233171813e-01 8.984146604578742146e-01 9.169167214182386560e-01 9.323169262548662850e-01 8.979895859801723113e-01 9.320773331743488210e-01 9.341228644139295545e-01 9.297583420936829102e-01 9.447027684187840890e-01 9.389827488828276225e-01 9.351057334442347546e-01 9.402286252161968783e-01 9.408108458096092752e-01 9.409322051012291022e-01 9.149973408751845838e-01 9.390125553027762750e-01 8.933368867468681751e-01 9.336636201042632921e-01 9.405947633646832839e-01 9.372362336895309065e-01 9.407294218837409794e-01 9.304500160828759192e-01 9.375386042546657306e-01 9.408125685707013908e-01 9.449611821168260040e-01 9.455556067152250943e-01 9.433137032445380044e-01 9.399208162290207946e-01 9.409793214626377411e-01 9.358045360139799485e-01 9.427705681120226444e-01 9.444859943602462726e-01 9.458763757932365790e-01 9.380513324903191341e-01 9.383587058536447811e-01 9.408675730287870964e-01 9.441892910652976978e-01 9.260029770613369404e-01 9.407678812737767515e-01 9.472679583063843278e-01 9.426696855849855394e-01 9.409368909652481294e-01 9.346406661316009057e-01 9.439744039514113005e-01 9.429625352913777458e-01 9.412927699492491529e-01 9.424309539564554861e-01 9.477363945066031858e-01 9.339538915469356439e-01 9.336864843935569480e-01 9.334984166667776861e-01 9.408480130586348578e-01 9.444599445095714918e-01 9.444578792933513434e-01 9.465570135182928002e-01 9.397569454377935338e-01 9.447189351226363829e-01 9.472549610571172618e-01 9.460909099773432418e-01 9.422603718530205841e-01 9.432138465623820522e-01 9.350883367507407673e-01 9.344888363095386064e-01 9.433881913079430470e-01 9.430572208306112758e-01 9.472429822336841942e-01 9.442117122566932030e-01 9.449256958697253017e-01 9.469869033528407476e-01 9.458604463882697155e-01 9.416518364035081357e-01 9.446397249820065456e-01 9.449825854732747388e-01 9.441862620906517067e-01 9.437902837479941187e-01 9.425537055731363356e-01 9.448371378375880481e-01 9.444983369274763119e-01 9.464837237493224364e-01 9.410868226308457540e-01 9.424213878178648862e-01
3.705539875864195809e-02 1.499851877816445467e-01 3.770450579886568954e-01 5.804571071844516483e-01 4.665680587718740724e-01 5.474122838870424390e-01 7.184366459382584003e-01 7.346882946218231680e-01 7.701682671633481858e-01 7.134691496433316349e-01 8.029757926474697660e-01 8.443221104232133678e-01 1.000000000000000000e+00 6.130532060626834312e-01 8.435977999718629050e-01 8.500568607358334194e-01 7.813265792337091842e-01 7.315382397618963584e-01 7.888678016747022737e-01 6.269995180042950977e-01 7.701407984834008902e-01 8.041645566369610698e-01 7.997119276482640426e-01 7.574948526649647462e-01 8.069900118506497799e-01 8.355638063423647122e-01 8.303012529251926344e-01 8.246433374602302191e-01 8.175579460144567490e-01 8.112841176337409754e-01 8.636664992281578579e-01 8.330813517754324105e-01 7.687891015530562422e-01 8.072962813065127641e-01 7.974769462066029213e-01 8.251502111117849925e-01 8.386110053431728995e-01 8.448743094179165247e-01 8.579003429236092826e-01 8.328574015708235523e-01 8.601979404501247650e-01 8.655478388490644992e-01 8.564994105335328456e-01 8.705829149209192153e-01 8.693810774677107611e-01 8.644781467408715336e-01 8.722144181203395075e-01 8.705742561547671343e-01 8.761287667204277207e-01 8.527858290545852205e-01 8.659732275029136117e-01 8.321192975125352165e-01 8.648192886493492049e-01 8.696498518513099407e-01 8.661055161284921811e-01 8.704808858014840833e-01 8.631035215433164876e-01 8.678833789636758445e-01 8.662116145096032671e-01 8.768664470875816574e-01 8.744875631544596351e-01 8.727398722408241660e-01 8.682005818438370826e-01 8.711276099287549313e-01 8.627632033747110185e-01 8.713234282932550423e-01 8.708441708368959144e-01 8.701198565034169441e-01 8.628055904925162611e-01 8.605214892175139241e-01 8.645646618748012990e-01 8.703642221128377043e-01 8.519894802490201036e-01 8.663681954150618258e-01 8.751089505196169016e-01 8.692172884921653964e-01 8.708123726521991292e-01 8.640846752478172910e-01 8.695889085969136234e-01 8.684009011426925273e-01 8.717223343394953083e-01 8.724459901236851778e-01 8.742078088471092467e-01 8.634994984780480776e-01 8.608680294732653504e-01 8.609003418591513190e-01 8.679496898651702930e-01 8.738950663003175467e-01 8.728571625878080997e-01 8.774160989433147373e-01 8.671777111533716109e-01 8.744784164679151317e-01 8.752789343361704333e-01 8.750736928476948728e-01 8.727363279725054435e-01 8.727130372065846631e-01 8.629868153980542189e-01 8.600147754809689404e-01 8.746035170133301673e-01 8.757379400107144773e-01 8.781941471883645267e-01 8.702800157384738000e-01 8.751766117696612168e-01 8.754377419237916458e-01 8.738916920072736794e-01 8.675299272839552822e-01 8.721451857149677966e-01 8.724858361057810097e-01 8.730235697544823648e-01 8.738931350459395730e-01 8.708219691716369004e-01 8.754227581412765691e-01 8.737651899402902878e-01 8.731380144848704949e-01 8.702106647630506453e-01 8.710164956455893615e-01
