1.000000000000000000e+00 1.277821183003055860e-01 1.075083747920947824e-01 4.511959954937330708e-02 1.286389904558494189e-02 5.492111013878068007e-03 1.876661659482492528e-02 3.323692188041927481e-02 1.613633998668131952e-01 5.333635220504125835e-02 3.522291368259542615e-02 2.206833963239411903e-02 3.987360954262090390e-02 -2.715867322425432120e-02 2.500561389523434878e-03 1.522515085715508802e-02 1.388734283660909008e-01 1.051284147812869552e-01 7.470035016851174492e-02 3.930312566201991931e-02 9.406390257968916258e-02 1.085178571387100527e-01 9.622534481998780420e-02 9.456165853973806656e-02 1.142932811727023629e-01 7.595085140343689478e-02 1.066432799039659790e-01 8.380068282260377810e-02 1.342184979939375633e-01 1.423976619412699318e-01 1.012311619509636551e-01 5.974428784990777619e-02 5.047878776226573383e-02 7.038432699122167124e-02 8.926334028563867595e-02 3.181943204915716611e-02 6.478104380651068805e-02 6.315717127421677582e-03 3.271081896589118909e-02 -1.099565816182576476e-02 2.662533981413327949e-02 3.536717044276315672e-03 -2.768847406550794046e-02 1.356641506036228816e-02 2.540910639107274438e-02 1.587838477025882086e-02 7.934263339470698506e-03 1.385791585141733437e-02 1.909960706309233799e-02 6.942745603519828897e-03 4.109470561880413340e-03 3.753809198598203473e-02 2.121322704920815608e-02 3.058666213952897922e-02 3.630830199320352752e-02 3.181954761245293917e-02 3.748291804023082263e-02 2.382697898025044111e-03 7.221374364023712238e-03 5.309342423496359042e-02 -7.184932104256715234e-04 3.284313143210337849e-02 8.801628161910794376e-03 3.694949403988105618e-02 8.901212971067372359e-02 6.248410336375221502e-02 2.216558117364083452e-02 3.401354528596808868e-02 4.856912269887840583e-02 3.968418673689438902e-02 2.994790511268661387e-02 3.109452288015351895e-02 3.833939763741382734e-02 3.789907663131857063e-02 3.278779582999139658e-02 3.890526208848407719e-02 3.788554542841145872e-02 6.405804509898341270e-02 4.565696367106822362e-02 6.446407833390895015e-02 4.687346442532079605e-02 4.300306345283114867e-02 4.386099122718458559e-02 5.068351775733137554e-02 1.277879230181423915e-02 3.262567977413766140e-02 2.370284769053076709e-02 1.073259374109285371e-04 1.683391065377592977e-02 2.742399908304142195e-02 1.288797513585968751e-02 3.147041721942971711e-03 1.725930719470017763e-02 1.008113602862835585e-02 9.385161533450740766e-04 1.162785145631000522e-02 -2.912080885219442417e-02 2.025133209899093387e-02 -7.680881781971026639e-03 -9.032803150954853491e-03 -1.665673715172156025e-02 -4.745572367566000191e-03 2.408690324744588215e-03 -3.471172903492028821e-03 1.025211097657617067e-02 1.373786633111567616e-02 1.142444231881576192e-02 1.533882789000765023e-02 1.649681181375148992e-02 1.134336606544328850e-02 -6.155835375739077998e-03 2.769278122884847454e-02 9.139868897118817379e-03 1.239742693651273153e-02 5.424477984152877713e-02 2.713257901763039756e-02
1.277821183003055860e-01 1.000000000000000000e+00 7.874982533743635216e-02 5.839763918565490930e-02 -1.192640215033322548e-03 8.630072665177195013e-02 1.375154663258515708e-01 1.162097240501221707e-01 1.878658087768698970e-01 2.097576695110029144e-01 1.675505053236093778e-01 1.233124154694862779e-01 1.235768201997523852e-01 9.963331690460587586e-02 1.426584426991403254e-01 1.407691622347782834e-01 1.791971075458821117e-01 2.279858004290415685e-01 2.090325850855777323e-01 6.303110599134877090e-02 1.435722658783680772e-01 1.545740942869095191e-01 2.099669933172667591e-01 2.167663782824716390e-01 2.140060888356890567e-01 2.129086971290817532e-01 2.121632893152511357e-01 2.109779167771513309e-01 2.499264941941913010e-01 2.658634771146737852e-01 2.230105671361777564e-01 1.833643218897070271e-01 1.799512784985974057e-01 1.731371417535439439e-01 2.036661504860674543e-01 1.352924491924771822e-01 1.831206350478658818e-01 1.641090208192799993e-01 1.664732091644844925e-01 1.463347564314564087e-01 1.792377588500951857e-01 1.582587756348012853e-01 1.340562607115173277e-01 1.465322841000696596e-01 1.679113062831987802e-01 1.705974372340400280e-01 1.560462167646323173e-01 1.592000879497007804e-01 1.560455659492786251e-01 1.211701678031088247e-01 1.442498253028595689e-01 1.069914279943423446e-01 1.356441544137187427e-01 1.680995678563128592e-01 1.689622367509327483e-01 1.893629980775112520e-01 1.266812906173285236e-01 1.498942840230072238e-01 1.600686226131629586e-01 1.547374156753607288e-01 1.375670619827369379e-01 1.518859816137420049e-01 1.447203832247032917e-01 1.402813551992519725e-01 1.481593279222424842e-01 1.559722788227287382e-01 1.585739831117227161e-01 1.811081309727299582e-01 1.856931726654349746e-01 1.644416327423327551e-01 1.626692577484765145e-01 1.686769781398894108e-01 1.889979635411093983e-01 1.857250491637713330e-01 1.821644664382741086e-01 1.837216207593262984e-01 1.894198621111232994e-01 2.055561115788077375e-01 2.013411122185925495e-01 2.085455500977886900e-01 1.911428240088290098e-01 1.880625549090100546e-01 1.705267765370357680e-01 1.950739723230330014e-01 1.557783112527894864e-01 1.686392760763634480e-01 1.724389743680265208e-01 1.625945486850703392e-01 1.651943761090955420e-01 1.794888615191838899e-01 1.686676083929573577e-01 1.580999947751595969e-01 1.690923052471077215e-01 1.650239170502152963e-01 1.534953091102287115e-01 1.575142421001329840e-01 1.188747584302647375e-01 1.286521050354464124e-01 1.390360107338373397e-01 1.500519898397111307e-01 1.430123326662620931e-01 1.352614649839209426e-01 1.434285653049643949e-01 1.451222495394515755e-01 1.370115722509863965e-01 1.354937927231630312e-01 1.437180665294133242e-01 1.647130129466930493e-01 1.663099525153470815e-01 1.511703166681036270e-01 1.531374542848778220e-01 1.551418498027844761e-01 1.495842067896726579e-01 1.413336702388207633e-01 1.562676321488498665e-01 1.502908541182731983e-01
1.075083747920947824e-01 7.874982533743635216e-02 1.000000000000000000e+00 3.948479918334599770e-01 2.139464068922661832e-01 2.881722450477415820e-01 3.483092238895147963e-01 3.367629718102418401e-01 3.348180238547508458e-01 2.807566779594074524e-01 3.774950356699942611e-01 4.074678377877229973e-01 3.222599161122069455e-01 2.915074216057224055e-01 3.706399997541457991e-01 3.621371070227702993e-01 3.477955047335163363e-01 3.919693634255058678e-01 4.092436209115051238e-01 3.589682520846951275e-01 4.660028051466734156e-01 4.446009710411333860e-01 4.257983195354472783e-01 4.116186461869932312e-01 4.258407794299040039e-01 4.028534324765150609e-01 4.032605740030743013e-01 4.192053298072317968e-01 3.987030336898073624e-01 3.851803845437642981e-01 3.854943726448392116e-01 4.056817097436093977e-01 4.016130821698344344e-01 4.112107469661540060e-01 3.923797796697822693e-01 4.015523521857006783e-01 4.190767192938698593e-01 3.991133606609683637e-01 3.871734330915818645e-01 4.180660855610442428e-01 3.908167730746314183e-01 3.896221523322790925e-01 3.908885126014524647e-01 3.908705795712767439e-01 4.022066665334686486e-01 3.935811848661008860e-01 3.582935355216115836e-01 3.663296273017045968e-01 3.720423192600851858e-01 4.048537085745718134e-01 3.948491045596227988e-01 4.126866385963292583e-01 3.738807459618245232e-01 3.672532576706205032e-01 3.836657033109916459e-01 3.902613375952259100e-01 3.973456212543053367e-01 3.754468768280974644e-01 3.776809550242663516e-01 3.647276712623553907e-01 3.709931749141439083e-01 3.686950085936083754e-01 3.720544807834940682e-01 3.750331885958095302e-01 3.598261347904431751e-01 3.863283404267512378e-01 3.639172635854268090e-01 3.880646195395153764e-01 3.971117092721707098e-01 4.114548623923027226e-01 4.131139359348300344e-01 3.919280256772242343e-01 3.918760043646975499e-01 3.993528093170581883e-01 3.854218139591062964e-01 3.891116452283278071e-01 3.840276036302877616e-01 3.926404374342792880e-01 3.831709157610795335e-01 3.794999112381153283e-01 3.857468648111860854e-01 3.731068212871949119e-01 3.910377888263268376e-01 3.874620840034175839e-01 3.863229030435612610e-01 3.927582258426418060e-01 3.946603565013051540e-01 3.734145497071668096e-01 3.741330976408771547e-01 3.797257163671845515e-01 3.965909618514169566e-01 3.771410367908502592e-01 3.784854378348762038e-01 3.740122625355885577e-01 3.606606423054722343e-01 3.631864284363600093e-01 3.827399731580382047e-01 3.804578486868845921e-01 3.720556603588723310e-01 3.755829811697911080e-01 3.762194200445683756e-01 3.685951405833665651e-01 3.679843447221556318e-01 3.702712843510854723e-01 3.865844874455158786e-01 3.760071598535657533e-01 3.731634891918758634e-01 3.628283968135362914e-01 3.748986528877068514e-01 3.658337263809391948e-01 3.753185923308529071e-01 3.614622077381109966e-01 3.660556287156868649e-01 3.625462934465643605e-01 3.616800522206772284e-01 3.738271409514106192e-01
4.511959954937330708e-02 5.839763918565490930e-02 3.948479918334599770e-01 1.000000000000000000e+00 3.379432175034387531e-01 4.282941494489818646e-01 5.559614877911296382e-01 5.558536862848959537e-01 5.136639646903894407e-01 4.221053611441479836e-01 5.744493969566172309e-01 6.575679077958793695e-01 5.387646575038271823e-01 4.570334041108575773e-01 6.113269709950123199e-01 5.804636912922377379e-01 5.431802021876170894e-01 5.269881941082257271e-01 5.557817764969755769e-01 5.990509906559672304e-01 6.504308107637959413e-01 6.428655666142633063e-01 6.070950324952635313e-01 5.494594953958191752e-01 5.630583528786702319e-01 5.656266475144590133e-01 5.733862245264438329e-01 5.844842240498835384e-01 4.979153522775608964e-01 5.201259834536383631e-01 5.560021516273011555e-01 6.189680955281452457e-01 5.779900775859131423e-01 6.234405695215544663e-01 5.797486718355455704e-01 6.364538833844901600e-01 6.129597354765577988e-01 6.052527830089594607e-01 5.996107667202943414e-01 6.285384339374051610e-01 5.903485686040113034e-01 5.943711356321564887e-01 6.135847867241291942e-01 6.177147147668731186e-01 6.173280639652857227e-01 5.893245725032517646e-01 5.681457975056301013e-01 5.706579375708865642e-01 5.891278170754291610e-01 6.369521032177343223e-01 6.223173244626295508e-01 6.502637657652654557e-01 6.026464714218230379e-01 5.732624063394271552e-01 5.878390265188159214e-01 5.905179724509722616e-01 6.295345705554066251e-01 5.869180745968036739e-01 5.939461091329667486e-01 5.770209955028101634e-01 5.932432386531798496e-01 5.841594706769316359e-01 5.925859927200839428e-01 6.031296288229847091e-01 5.719549240183133820e-01 6.042657116483822755e-01 5.724300003082343213e-01 5.835526690985163301e-01 6.019257093634624578e-01 6.263108219918294139e-01 6.256214207950488992e-01 5.921831702181885593e-01 5.852283503093547168e-01 5.895321601057273986e-01 5.788391780252829522e-01 5.845478072998340213e-01 5.729892513120904418e-01 5.603291827022374161e-01 5.622987753798097676e-01 5.596219876441526075e-01 5.832046825922515554e-01 5.664429872825829104e-01 6.061608004139057426e-01 5.850556884854626327e-01 6.037497328595764490e-01 6.055999936028041430e-01 6.063744835949514966e-01 5.805635630364162081e-01 5.846361605560707053e-01 5.794489351671345823e-01 6.042266178414352762e-01 5.819697799694515394e-01 5.900042547333201881e-01 5.792503788844828305e-01 5.698485912802627729e-01 5.717082690642185661e-01 6.063574537282664378e-01 6.088358342987180150e-01 5.884518340336128972e-01 5.890865756642867934e-01 5.931073250245608719e-01 5.870106512148267619e-01 5.871618125468193172e-01 5.833237302904836774e-01 6.160026205376498698e-01 5.944925171208538250e-01 5.912460095879789046e-01 5.666762753809416742e-01 5.819647257644596783e-01 5.804568421216285135e-01 5.874317692515325096e-01 5.740856960826553612e-01 5.778946703651528516e-01 5.801438023040488279e-01 5.708201178012081156e-01 5.894212994280043638e-01
1.286389904558494189e-02 -1.192640215033322548e-03 2.139464068922661832e-01 3.379432175034387531e-01 1.000000000000000000e+00 2.791768071104118176e-01 4.376921120271450860e-01 4.025633054850721870e-01 4.129020710172391917e-01 3.583016314931992130e-01 4.073337337836890892e-01 4.624714555504068070e-01 4.564454222791554105e-01 3.751135213908074473e-01 4.693898300979305604e-01 4.609976065808692458e-01 4.200790383983010190e-01 3.494455316659321742e-01 3.931854650939166085e-01 3.694086589997468972e-01 3.961083406654257733e-01 4.217715133003619443e-01 4.065313622859959564e-01 3.595750380610840957e-01 3.793715431155081919e-01 4.231569058157074181e-01 4.257766753390036518e-01 4.212216228765665593e-01 3.895326365091319465e-01 3.909048080198500585e-01 4.348394164567588871e-01 4.372251996827354326e-01 4.134135344919817601e-01 4.194233044823376111e-01 4.270707656214066117e-01 4.268346434582124260e-01 4.484924542808877423e-01 4.336945471623761539e-01 4.514151622393315910e-01 4.206901546039264472e-01 4.498402306010179652e-01 4.503925392771019331e-01 4.590264872668614049e-01 4.636869109480345474e-01 4.561935676883090429e-01 4.505252053249654276e-01 4.558564951767333784e-01 4.587671558277906514e-01 4.611974108620644497e-01 4.523762475790443771e-01 4.585958431827018567e-01 4.782284172633090580e-01 4.743541130498896696e-01 4.583631407398118807e-01 4.531603362544094904e-01 4.525657937219446647e-01 4.665271115124338119e-01 4.635098532578356134e-01 4.474216145187270288e-01 4.717954094918043184e-01 4.737805510520712304e-01 4.582539451293789479e-01 4.608179037889913454e-01 4.701705556457749791e-01 4.655364228230881030e-01 4.730460969197168297e-01 4.617705615443774558e-01 4.571193541393683279e-01 4.541667260881150359e-01 4.614432183844393021e-01 4.648568716628800890e-01 4.583259732155289257e-01 4.482987136226084246e-01 4.513901304676739556e-01 4.564674132005029361e-01 4.538274137139752806e-01 4.498624630908413247e-01 4.467654144634486957e-01 4.434241415349114979e-01 4.418039981793493443e-01 4.515404290936060328e-01 4.535323565305759419e-01 4.624647639973274993e-01 4.474669714859028646e-01 4.616983118297839916e-01 4.531396835106329957e-01 4.620755628588067432e-01 4.572493462942245901e-01 4.627189871033566826e-01 4.571701771545755855e-01 4.545747853229994417e-01 4.616326366246945589e-01 4.604661527521388131e-01 4.613496324536991433e-01 4.611044871169629467e-01 4.632902726018455208e-01 4.664189745441849055e-01 4.748168145007474750e-01 4.742449458404716656e-01 4.668987890589915146e-01 4.688873053510109745e-01 4.704752242050804223e-01 4.724789619806302188e-01 4.714515727190635719e-01 4.764779184139078527e-01 4.720565071912766753e-01 4.706842082052478116e-01 4.610322884535756893e-01 4.606828894346922665e-01 4.664659841607411983e-01 4.605268927142815993e-01 4.722376141040878772e-01 4.652827306925276796e-01 4.741594510796200979e-01 4.629271845863422441e-01 4.762667419463538776e-01
5.492111013878068007e-03 8.630072665177195013e-02 2.881722450477415820e-01 4.282941494489818646e-01 2.791768071104118176e-01 1.000000000000000000e+00 5.235963804779425468e-01 4.881254098270552677e-01 5.015281280709072975e-01 4.674279207538777903e-01 5.406705191750627026e-01 5.864873280133487965e-01 5.052445730147610004e-01 4.365808855462752214e-01 5.830904002323028523e-01 5.694749571832069535e-01 4.951304462484348301e-01 4.967775087002478940e-01 5.272346735672900353e-01 4.566233689823065989e-01 5.347445438542346441e-01 5.577595243871227293e-01 5.479864423167077891e-01 5.141879255610928290e-01 5.238457120975344994e-01 5.470406654992753248e-01 5.403384064637498652e-01 5.571706937792023639e-01 5.186842481082306611e-01 5.129895101409891467e-01 5.495563556801333904e-01 5.789116246706857982e-01 5.462720344075885359e-01 5.587162225183207598e-01 5.560174747740959100e-01 5.703222288095098902e-01 5.809894006477543948e-01 5.846097910396587105e-01 5.789894974198447342e-01 5.777338818675763488e-01 5.836452957374743677e-01 5.842768988511917172e-01 5.930828336107651921e-01 5.928530911917314628e-01 5.927993082082655407e-01 5.883492563144521181e-01 5.751315289612680681e-01 5.812163484927465040e-01 5.842940105403841011e-01 5.763050503501565558e-01 5.920897174978936306e-01 5.736129254381385767e-01 5.824220549078049647e-01 5.813758860099595971e-01 5.797305982683230718e-01 5.880048549816453418e-01 5.835437534295812023e-01 5.880851558001864987e-01 5.856879920480230206e-01 5.778589222757174459e-01 5.919618210667449976e-01 5.811254951581269479e-01 5.844880885804755177e-01 5.831433110192003610e-01 5.710392024006416545e-01 5.833618000133800052e-01 5.849638779204850980e-01 5.878426443559056080e-01 5.925132417776458604e-01 5.944162087313102916e-01 6.018241363792644627e-01 5.894352777743182559e-01 5.852059233305846320e-01 5.882317886822123754e-01 5.879552358599707818e-01 5.844193365727587963e-01 5.850329836989990318e-01 5.782475784663535512e-01 5.722852461104278587e-01 5.680903915782784530e-01 5.854855595695390713e-01 5.784970951543345619e-01 5.931130795180074022e-01 5.823927088507246941e-01 5.899895086299948854e-01 5.895928856280227004e-01 5.972618842341501644e-01 5.921486323861762102e-01 5.874398935041154068e-01 5.901611576011245308e-01 5.979727765566997810e-01 5.922909806228907614e-01 5.915666200558681309e-01 5.910938701423198438e-01 5.852558311813312875e-01 5.857035208407032068e-01 5.932505195066102299e-01 5.805458510743316536e-01 5.919600797003858883e-01 5.933643124372566247e-01 5.982570833208846750e-01 5.908156842976345358e-01 5.883534452194999487e-01 5.924380008625489413e-01 5.956065276254595142e-01 5.885524350343205313e-01 5.884350052879885329e-01 5.859757403507084295e-01 5.908614615134779591e-01 5.855780053565780019e-01 5.912518717133933288e-01 5.823797576076827909e-01 5.873152119276087157e-01 5.837125075061593282e-01 5.810822995816544712e-01 5.877497387725628686e-01
1.876661659482492528e-02 1.375154663258515708e-01 3.483092238895147963e-01 5.559614877911296382e-01 4.376921120271450860e-01 5.235963804779425468e-01 1.000000000000000000e+00 6.885085408918050209e-01 6.663361052436653775e-01 6.247250447996273159e-01 7.189723309183894129e-01 7.643231646573230842e-01 6.880937642749748173e-01 5.948688495012701694e-01 8.338750362947447980e-01 7.619444131415531452e-01 6.780089197655719824e-01 5.909004916875396640e-01 6.514491137785904940e-01 6.424375927591748914e-01 6.258421522783850222e-01 6.996731703377796485e-01 6.998578927958477580e-01 6.232316713324584923e-01 6.495213643851006635e-01 7.194480940166400051e-01 7.189302560561499078e-01 7.468702267478205536e-01 6.712551699325939314e-01 6.665361589774709827e-01 7.436285785552438909e-01 7.692408892359189343e-01 7.265727426455089732e-01 7.457393427194869417e-01 7.239596478792084122e-01 7.465309151229877482e-01 7.402796582664253888e-01 7.806122833147778328e-01 7.789995557395453796e-01 7.679371819493185924e-01 7.685051691853760358e-01 7.849515614366795457e-01 7.742569692005984994e-01 7.874414852536782972e-01 7.780673593968541191e-01 7.896019383360575183e-01 7.729342742979495862e-01 7.723299178917101271e-01 7.794110654818083850e-01 7.624578263417114421e-01 7.776679349066654146e-01 7.441071609524954056e-01 7.709903831195630275e-01 7.699166802403726306e-01 7.670756669759283275e-01 7.782955755838467660e-01 7.749234942631895162e-01 7.792639555495842751e-01 7.780798069442018683e-01 7.682398279396036589e-01 7.770592435845297130e-01 7.680397528315532352e-01 7.722300099342854773e-01 7.703863518453899495e-01 7.629620371817286140e-01 7.755434785983088553e-01 7.771763699583927876e-01 7.643679059608260440e-01 7.755443172398385210e-01 7.796006615772751447e-01 7.763529478771606929e-01 7.737101946981385092e-01 7.629000201852151886e-01 7.587258966391643433e-01 7.768015055908932265e-01 7.759558151443135543e-01 7.793417734607702707e-01 7.605875917873534675e-01 7.707855385189422703e-01 7.501223535873416948e-01 7.668777113571041415e-01 7.699889246385048791e-01 7.876797779494884022e-01 7.642190032331811489e-01 7.871810568448586176e-01 7.841170826903828273e-01 7.818704285176528712e-01 7.883951820147674372e-01 7.876951709122932410e-01 7.817499094146668215e-01 7.914819035876785591e-01 7.871796149184385749e-01 7.847756734286401858e-01 7.887339389132980161e-01 7.772455857929185807e-01 7.782421210329227845e-01 7.814223624778641186e-01 7.783913938243165465e-01 7.838737350360069911e-01 7.863218539313523436e-01 7.863155613154277912e-01 7.797156394647661859e-01 7.786326416944809869e-01 7.830563369521486017e-01 7.848603438609839111e-01 7.757132090082251574e-01 7.823589391096359424e-01 7.761938036119199191e-01 7.794163646765879250e-01 7.813593026018439414e-01 7.848188973369427668e-01 7.769656055361414682e-01 7.774164480881108341e-01 7.785339095021471811e-01 7.739333464572442089e-01 7.783022632778192618e-01
3.323692188041927481e-02 1.162097240501221707e-01 3.367629718102418401e-01 5.558536862848959537e-01 4.025633054850721870e-01 4.881254098270552677e-01 6.885085408918050209e-01 1.000000000000000000e+00 6.598726302599251525e-01 6.015934846873891573e-01 7.025810628153436044e-01 7.510713152449969288e-01 6.885826879689583846e-01 5.882989902707462804e-01 7.694365271743750512e-01 7.706109248833888925e-01 6.651758465518562424e-01 5.977540373100356241e-01 6.422743908765099485e-01 5.993729796275942823e-01 6.373607546293804660e-01 6.890761492052785986e-01 6.563123487658102384e-01 5.994519896720728047e-01 6.308444552059272459e-01 6.985950980178405878e-01 6.871432682341578335e-01 7.043546240482567722e-01 6.331567077524995479e-01 6.543237827325425471e-01 7.183581769046218923e-01 7.365409583982470698e-01 6.824086821374418799e-01 7.071146292909773479e-01 7.028012765893236757e-01 7.128977066117779815e-01 7.181293640374839526e-01 7.542970422275195874e-01 7.461189714642608717e-01 7.267161049519870186e-01 7.506066516017649848e-01 7.551082181756134659e-01 7.484113495103218439e-01 7.740679419665560390e-01 7.491974220084531844e-01 7.584835682665463930e-01 7.563259836308223738e-01 7.565492608955661780e-01 7.710957873718820021e-01 7.598668809518176470e-01 7.656846641503513018e-01 7.376634751422329606e-01 7.587453379963383648e-01 7.559013157284455442e-01 7.565202305075934275e-01 7.549358663584369022e-01 7.722755213650560613e-01 7.669864561239788658e-01 7.672668116159307994e-01 7.583735820318420195e-01 7.672525905256688539e-01 7.626550951409911683e-01 7.693213555027633710e-01 7.674123565578311323e-01 7.550977911279029842e-01 7.661381612202725622e-01 7.589249950986670656e-01 7.501047168431036472e-01 7.551449741715624553e-01 7.605299103078047018e-01 7.666906094333550969e-01 7.561655338323522990e-01 7.379893880290800956e-01 7.406530210288361227e-01 7.562975432004201970e-01 7.538867233855336414e-01 7.497264761796516019e-01 7.364530520791229273e-01 7.415562154657502347e-01 7.389936650648154526e-01 7.481410617901576021e-01 7.538450305730680645e-01 7.645010221853989485e-01 7.473257590275511619e-01 7.732941353104949567e-01 7.621341896957891660e-01 7.585137294780576189e-01 7.706701750470754675e-01 7.670338619100836031e-01 7.646016902639698465e-01 7.596896804738594300e-01 7.659970055907101560e-01 7.604476814069303092e-01 7.669526133374350296e-01 7.629053111120990271e-01 7.625412301579890251e-01 7.758209850438883004e-01 7.818488935446692434e-01 7.730708485644850469e-01 7.723417998380033289e-01 7.684395586560011093e-01 7.761058313138774478e-01 7.691550612612997329e-01 7.727196618299428943e-01 7.735517915345713202e-01 7.717546881372044920e-01 7.773468570510144726e-01 7.605333631920097037e-01 7.673923435822833650e-01 7.702995087946356012e-01 7.733107893650401632e-01 7.643261300953088089e-01 7.666648566571632184e-01 7.716588188413637805e-01 7.619359581752034316e-01 7.682876085553150824e-01
1.613633998668131952e-01 1.878658087768698970e-01 3.348180238547508458e-01 5.136639646903894407e-01 4.129020710172391917e-01 5.015281280709072975e-01 6.663361052436653775e-01 6.598726302599251525e-01 1.000000000000000000e+00 7.367315794806160723e-01 7.921117349564177346e-01 8.029518219286155833e-01 7.395649898182178328e-01 6.240480819755448438e-01 8.092163734759897364e-01 8.064546318574035144e-01 7.775634092111833873e-01 7.186913700968415863e-01 7.554456766498909293e-01 5.966264506196471418e-01 6.817200035629820132e-01 7.668340834242015625e-01 7.689654043547899942e-01 7.261727472248405979e-01 7.556398800431252116e-01 8.159581372413750033e-01 8.257133105358804848e-01 8.116641583517713032e-01 7.817539566177573729e-01 8.217714928802379859e-01 8.568058306796526580e-01 8.337419198811345522e-01 7.787615183147290621e-01 7.898840334493992810e-01 8.273521629330085059e-01 7.739325239522764077e-01 8.297784059335978624e-01 8.212869888973362009e-01 8.405604801148334193e-01 7.705538161883190851e-01 8.550538577058672818e-01 8.397374370957608747e-01 8.028437353547959177e-01 8.430697917353575654e-01 8.429682753000266038e-01 8.358992664118432003e-01 8.539687419889858688e-01 8.642208258215089423e-01 8.553708824760747342e-01 7.904106657553001680e-01 8.289860638037480633e-01 7.984166666667549261e-01 8.450055937753299107e-01 8.661762722033241602e-01 8.535845964033565991e-01 8.556348097739550074e-01 8.302584606826018954e-01 8.480969425701684328e-01 8.469996410914737428e-01 8.670684753054221927e-01 8.493795358196921663e-01 8.578552384565309996e-01 8.399966061276918916e-01 8.500383452630112524e-01 8.673122576587561916e-01 8.645822894071071296e-01 8.616828727702341428e-01 8.655578205722033180e-01 8.652235790980947749e-01 8.521142669579229167e-01 8.545528328196912993e-01 8.636452673228477428e-01 8.537134035751213768e-01 8.590345645231395322e-01 8.671474348295931112e-01 8.680446963594442567e-01 8.620339716090585913e-01 8.599823223965420427e-01 8.628397778364399473e-01 8.744487316554127032e-01 8.726441284143673371e-01 8.727459196048041878e-01 8.667550406905223381e-01 8.686579639214824233e-01 8.509454751899602210e-01 8.592087702450448283e-01 8.606829736034645739e-01 8.550062811271647023e-01 8.622443831396392477e-01 8.633933040179272433e-01 8.505156015081710708e-01 8.567580969993382478e-01 8.611707857029118340e-01 8.600573590379980704e-01 8.598619543707968216e-01 8.643969281807010185e-01 8.202273915944628957e-01 8.415723152915079996e-01 8.507006186839300987e-01 8.501810841049295409e-01 8.442029919328464249e-01 8.481479411049447359e-01 8.570585246529417445e-01 8.543253048707221131e-01 8.528085254150282735e-01 8.494844777744509079e-01 8.569440518992592626e-01 8.670838091303012529e-01 8.639825952818225296e-01 8.608715392216652607e-01 8.532983448302366991e-01 8.681177188139813650e-01 8.591347568671034995e-01 8.594679727996459295e-01 8.725747314590961423e-01 8.646325224589173075e-01
5.333635220504125835e-02 2.097576695110029144e-01 2.807566779594074524e-01 4.221053611441479836e-01 3.583016314931992130e-01 4.674279207538777903e-01 6.247250447996273159e-01 6.015934846873891573e-01 7.367315794806160723e-01 1.000000000000000000e+00 7.239143904450515699e-01 7.360197001900068425e-01 6.860187915642795842e-01 6.029285160302575441e-01 7.684026695596020140e-01 7.586430174366033397e-01 7.102816950827068876e-01 6.422583205964532693e-01 6.870522842039754607e-01 5.281275678057493206e-01 5.869208068894600228e-01 6.737084711046591456e-01 6.903699910396537964e-01 6.534073806030205045e-01 6.811119063835252563e-01 7.494298787331608036e-01 7.528894195923711008e-01 7.411961638007087405e-01 7.075160314342350265e-01 7.452325761047914332e-01 7.911895984668523285e-01 7.675682408655428723e-01 7.070883394539907441e-01 7.215092131032965206e-01 7.515750972305863531e-01 7.034578951291229343e-01 7.563298319826448068e-01 7.657385402803960073e-01 7.766702245495802348e-01 7.103030528772121821e-01 7.986877926848179321e-01 7.896842134091109910e-01 7.553578453334173215e-01 7.856421626848557604e-01 7.818153352975056869e-01 7.839499126586711997e-01 8.138749181111464281e-01 8.182111807487947308e-01 8.081277776266340140e-01 7.264197828652018130e-01 7.763467616254960957e-01 7.188587377158743852e-01 7.788743975938442476e-01 8.187806311757088729e-01 8.048675689991121596e-01 8.039905130267464006e-01 7.686627655187808772e-01 8.026347798429386282e-01 8.032488592391877624e-01 8.144466890820969418e-01 8.024516902554527098e-01 8.060527548003244558e-01 7.952804509529884935e-01 7.928835191652766623e-01 7.996691027607456537e-01 8.009155672208544408e-01 8.131242250889193501e-01 8.109436856493060786e-01 8.022904489649334003e-01 7.915755976187853760e-01 7.927552112825786423e-01 8.114013352764219977e-01 8.015591801739182509e-01 8.010078067980245242e-01 8.144126869908749899e-01 8.128533240582477282e-01 8.104430693211790437e-01 8.030126272556458167e-01 8.104194433391473940e-01 8.150989284691926295e-01 8.107099140995513986e-01 8.197052206750881087e-01 8.051949834192879685e-01 8.051448345701220921e-01 7.931367831782613065e-01 8.014341054470504044e-01 8.047804207198588911e-01 8.080353793788366268e-01 8.111115315272111603e-01 8.135071846440685706e-01 7.975379189736443442e-01 8.118635375846074975e-01 8.131465842173754011e-01 8.124411053483038270e-01 8.172140082808748707e-01 8.184411750343033587e-01 7.668265503295148555e-01 7.819076366956264623e-01 8.038507956953135913e-01 8.041583646345490388e-01 7.970860120766269930e-01 7.996514197904659449e-01 8.065232879012816936e-01 8.077336100714329614e-01 7.934390893040705883e-01 7.939636967140653034e-01 8.054778716276289607e-01 8.209918025167076694e-01 8.152615803112592818e-01 8.140830883513550109e-01 8.078025560233194069e-01 8.179478168869110943e-01 8.125865515258828831e-01 8.056175413683053232e-01 8.132422836433929048e-01 8.110060947627349970e-01
3.522291368259542615e-02 1.675505053236093778e-01 3.774950356699942611e-01 5.744493969566172309e-01 4.073337337836890892e-01 5.406705191750627026e-01 7.189723309183894129e-01 7.025810628153436044e-01 7.921117349564177346e-01 7.239143904450515699e-01 1.000000000000000000e+00 8.565132620469004809e-01 7.648137692415714062e-01 6.617210931877354207e-01 8.530393029692363571e-01 8.413667629973895501e-01 7.777797544756419601e-01 7.206062285822566471e-01 7.733200979337482295e-01 6.493695760745337164e-01 7.304096426205162196e-01 8.016820736527247027e-01 7.916929984674697662e-01 7.349490904257375279e-01 7.742080856176861703e-01 8.331294708322288800e-01 8.385171907117072720e-01 8.397009470122938080e-01 7.811606114217660712e-01 8.079092406094737777e-01 8.613763729367063249e-01 8.578273454980397394e-01 8.092432284445324475e-01 8.247452205583524210e-01 8.371664220666484857e-01 8.292518053836912539e-01 8.583377164601883047e-01 8.636362850859850004e-01 8.697538356704560547e-01 8.363907531605748735e-01 8.818667586273456482e-01 8.779425643393016232e-01 8.590733845914028111e-01 8.866745415686528853e-01 8.855869870531101196e-01 8.755665726952535088e-01 8.823946645006214284e-01 8.864138290268300802e-01 8.881007117757901970e-01 8.455143647685365860e-01 8.736353459194646787e-01 8.432676634810049032e-01 8.775632486174128610e-01 8.893990585200934884e-01 8.830810316695262285e-01 8.819118755370868312e-01 8.762514834089877303e-01 8.850975741760225279e-01 8.842841026632588530e-01 8.840589752333849471e-01 8.859967276881617337e-01 8.853901486522703923e-01 8.794523243341092478e-01 8.823916471011595819e-01 8.732533925444616596e-01 8.901650952772172110e-01 8.872574790762400854e-01 8.840026178321263028e-01 8.832135402480852937e-01 8.838909241908270431e-01 8.916607136175367376e-01 8.906396409042384166e-01 8.735947446402848593e-01 8.821630213783517860e-01 8.919142948837675000e-01 8.904499897044457768e-01 8.844840445432932130e-01 8.778506590884552763e-01 8.795261370297432491e-01 8.837520307897315242e-01 8.907549806574857065e-01 8.898861663313464287e-01 8.902055938129416202e-01 8.828314436496141893e-01 8.810391386226036348e-01 8.859204718035595949e-01 8.951526941844667462e-01 8.838367188949474151e-01 8.892331708040909222e-01 8.890105824607571483e-01 8.875927261721273664e-01 8.912747732776604703e-01 8.927404703888550674e-01 8.895666580810352997e-01 8.887967306028073944e-01 8.907021351928017250e-01 8.655083039993451965e-01 8.767143931061691653e-01 8.860600606003795621e-01 8.851105463057578060e-01 8.838659547086714641e-01 8.833341523237376869e-01 8.873355650244052484e-01 8.882022588337357138e-01 8.886788728331647125e-01 8.838293558318632837e-01 8.888110072671838724e-01 8.902592215614049120e-01 8.937219834027113619e-01 8.907081695571367197e-01 8.901754916946742480e-01 8.890496569330929022e-01 8.885983857595208812e-01 8.868687110590366407e-01 8.835312480371105837e-01 8.918894574638892569e-01
2.206833963239411903e-02 1.233124154694862779e-01 4.074678377877229973e-01 6.575679077958793695e-01 4.624714555504068070e-01 5.864873280133487965e-01 7.643231646573230842e-01 7.510713152449969288e-01 8.029518219286155833e-01 7.360197001900068425e-01 8.565132620469004809e-01 1.000000000000000000e+00 7.974819082514177371e-01 6.874080671768901807e-01 9.027374574996298584e-01 8.846384773994804274e-01 8.055474744298529721e-01 7.288787136355477925e-01 7.939073122128617044e-01 7.245518314647394487e-01 7.814447350926275737e-01 8.429903948593726604e-01 8.212767091231670813e-01 7.528290024768130584e-01 7.871507383068397923e-01 8.381810164636258609e-01 8.505158060013982002e-01 8.512884637045309288e-01 7.667276750094232929e-01 7.935336518956372931e-01 8.608186367845154230e-01 8.985219877731884797e-01 8.412074071270562170e-01 8.685353477147230716e-01 8.583543194236658014e-01 8.779753791742208602e-01 8.855365738743719017e-01 9.056109309564792653e-01 9.049013047086837958e-01 8.816086369196677319e-01 9.112182783105300388e-01 9.154264564918463964e-01 9.100566599256610933e-01 9.291048473182824674e-01 9.178120915572445249e-01 9.061417581200709170e-01 9.166303311010208787e-01 9.180792934945820605e-01 9.233824603211192583e-01 9.011810249552774099e-01 9.231726264669046778e-01 9.045174964485143132e-01 9.216202323230455740e-01 9.159925992522448546e-01 9.120741293885106238e-01 9.111838263685386741e-01 9.248322912904021198e-01 9.240108034454305175e-01 9.218933530948391075e-01 9.190963552484350263e-01 9.274668411150198688e-01 9.217100535834775732e-01 9.193154121463863460e-01 9.242272626124721224e-01 9.056036313761068879e-01 9.268495529018256907e-01 9.197220567975059602e-01 9.134231464188039551e-01 9.172731621539034208e-01 9.231719742958647279e-01 9.312218386090667099e-01 9.233207014950814973e-01 9.049897925451396707e-01 9.087289449323672219e-01 9.150285316537878355e-01 9.144095938668812540e-01 9.069953893930083888e-01 8.886308386331333020e-01 8.969294012774248204e-01 8.944456907436773019e-01 9.116899484307936508e-01 9.090421837456773568e-01 9.271280935730430439e-01 9.086984092476911856e-01 9.218431624072620512e-01 9.229688208577880859e-01 9.282294046709184121e-01 9.195292114143953643e-01 9.221300990247464080e-01 9.165479250484482865e-01 9.236857174187083075e-01 9.235266233958399074e-01 9.243956183387654901e-01 9.220060882775436006e-01 9.225839539295896952e-01 9.228628117780027784e-01 9.174868463878500524e-01 9.203119513458636325e-01 9.259534691957227448e-01 9.253011293086588207e-01 9.262944223006371880e-01 9.234819815081188876e-01 9.257812168183321422e-01 9.264123002824858899e-01 9.342494743587300698e-01 9.229829239632669768e-01 9.258770343346272025e-01 9.188931492981881055e-01 9.227694780030945010e-01 9.251177065345500550e-01 9.252428311454458099e-01 9.226202147201526538e-01 9.244758903809787709e-01 9.239936468336866771e-01 9.182430838758154357e-01 9.276198648177444994e-01
3.987360954262090390e-02 1.235768201997523852e-01 3.222599161122069455e-01 5.387646575038271823e-01 4.564454222791554105e-01 5.052445730147610004e-01 6.880937642749748173e-01 6.885826879689583846e-01 7.395649898182178328e-01 6.860187915642795842e-01 7.648137692415714062e-01 7.974819082514177371e-01 1.000000000000000000e+00 6.278533894627389422e-01 8.166117060097806135e-01 8.176459488085473515e-01 7.243236731351834212e-01 6.478122659979906883e-01 7.041511375163470587e-01 6.176876211297350761e-01 6.566645049023744907e-01 7.282693740666931204e-01 7.146037247038650175e-01 6.600801574217189938e-01 6.943039885687521950e-01 7.747170537652277034e-01 7.807465064391081455e-01 7.717789628317682782e-01 7.134837661607895676e-01 7.396700411083839688e-01 7.980279122100930600e-01 7.936628031567253272e-01 7.336397983777090959e-01 7.515070386440730887e-01 7.807449145980601690e-01 7.634799205149973567e-01 7.951699602841650893e-01 7.985098213360154462e-01 8.176376074194098287e-01 7.617567444868996729e-01 8.249907749574857396e-01 8.195612448715403620e-01 8.135397102364156918e-01 8.349345818477778014e-01 8.174190816676528692e-01 8.193506358831358360e-01 8.336888439696473752e-01 8.368037122943831063e-01 8.359473369946986976e-01 7.929191222956952778e-01 8.217554591595117586e-01 7.990762102396788968e-01 8.334735832843910286e-01 8.366191464417127577e-01 8.273175674534709589e-01 8.237794168457660549e-01 8.177377420309890343e-01 8.368383244022911116e-01 8.245409200858079268e-01 8.403711274738460135e-01 8.435931517135828450e-01 8.310607632209595641e-01 8.274771041130563054e-01 8.351855829699091904e-01 8.249483131909217670e-01 8.385637153993198423e-01 8.382607721100689968e-01 8.287916897270422023e-01 8.278538920931779455e-01 8.326396340899631099e-01 8.312427858728632657e-01 8.341842230239963074e-01 8.175599082106840276e-01 8.220036227670953766e-01 8.387240245890072998e-01 8.348944434701872641e-01 8.322272159380207368e-01 8.192407714994243140e-01 8.237857522636515828e-01 8.280264779583133006e-01 8.344106472541109598e-01 8.371222607526508375e-01 8.347713208095883797e-01 8.279824813980468656e-01 8.340587182350692741e-01 8.288835428879912648e-01 8.375119776670564287e-01 8.365423740680122400e-01 8.399634470892137772e-01 8.378913988467643348e-01 8.292864579084341381e-01 8.392314697883168639e-01 8.367728729218081307e-01 8.423633318451726470e-01 8.399935961435878173e-01 8.416985030394844580e-01 8.239547806543131570e-01 8.329335376348848685e-01 8.435576897799483831e-01 8.379952631157862042e-01 8.385493905185702479e-01 8.410367599011164819e-01 8.418082183295945153e-01 8.439018678972838305e-01 8.427874971656432734e-01 8.369998828269433755e-01 8.418740278556399170e-01 8.409381492241996270e-01 8.427867329448356370e-01 8.424239542035967254e-01 8.402309204840684442e-01 8.451091367896786943e-01 8.409524677400990189e-01 8.456524292195135573e-01 8.364361398756504640e-01 8.452540988498286056e-01
