1.000000000000000000e+00 1.979451683620810087e-01 2.262691506180665446e-01 1.136055653862190346e-01 3.686639391819827166e-02 2.922832073821145585e-02 7.935608183094315649e-02 5.344059559132692538e-02 3.304925997265658610e-01 1.386978929864992327e-01 1.220163054425493915e-01 4.057869923482609886e-02 1.239137950552231249e-02 2.938225675984817986e-02 4.865534032023530013e-03 5.545806994767006615e-02 2.654388149252395190e-01 3.398083103397068205e-01 3.005503023087484626e-01 1.005884309815171379e-01 2.447693386747448463e-01 2.772175491813108628e-01 3.418804881009752661e-01 2.874732317816182103e-01 3.003230242017217999e-01 2.581669095102007150e-01 2.646455296448237404e-01 2.082397079554750285e-01 2.432008487278877473e-01 2.227933849923610099e-01 2.143160089768785803e-01 2.434410847568280745e-01 2.202832999083332299e-01 2.016306269912806204e-01 1.852997355697150184e-01 1.932467684009551434e-01 1.993103818875738564e-01 5.806186587152539769e-02 1.218862328564568193e-01 1.029339800882931311e-01 8.029455316053735192e-02 4.404262170946328381e-02 8.286113833217860491e-02 8.467675444326007439e-02 1.294939279640935637e-01 7.425718916206934528e-02 3.282947937868711114e-02 6.854646589480098418e-02 4.636647211152709891e-02 7.801875956060609629e-02 7.569183028016647496e-02 1.196170302103969213e-01 4.724722072895872621e-02 1.119615065285159278e-01 1.329441953997625714e-01 1.533552143742840101e-01 1.547134985163061416e-01 7.775480851046433217e-02 8.465344326375530415e-02 8.216792499148090068e-02 5.935447264374903859e-02 9.361758424289348679e-02 5.894284242155495290e-02 8.841455101040777975e-02 1.515920607999629022e-01 1.235321895740636583e-01 7.292883221677783079e-02 1.284197171748152067e-01 1.389062966437521196e-01 6.856692966653682442e-02 9.236607675079262780e-02 1.195264874206531658e-01 1.432173416181368730e-01 1.389517297002063057e-01 1.047896744241288147e-01 1.012236202685909137e-01 8.983842747477849278e-02 1.153492605864357146e-01 7.466925427810351679e-02 1.059754898731018607e-01 1.137304403299532196e-01 9.462692503100554597e-02 1.251104537362312530e-01 1.060205181159480092e-01 6.680088882994542065e-02 8.528906808591570077e-02 9.823653421404261732e-02 3.143263291418622180e-02 5.539043447682752419e-02 8.991819941823263329e-02 4.681084859118173763e-02 3.164216014693410628e-02 6.217358625002997879e-02 3.182244079644364065e-02 1.041911336141459511e-02 3.285061027565979591e-02 3.255442921743404577e-03 5.416253224477736439e-02 1.607107350103704688e-02 2.341444569137803022e-02 2.152270134936031670e-02 1.672178108399881985e-02 1.676892561982130589e-02 2.414931058961921825e-02 5.829980853075102110e-02 7.552664497628940043e-02 3.639367213383039312e-02 5.378851298627878447e-02 6.552598168853504546e-02 4.641006633921469782e-02 2.980992811632716608e-02 4.778642371918483123e-02 3.507630211704772932e-02 5.097676613853941580e-02 8.574938476042177904e-02 7.305214175147677069e-02
1.979451683620810087e-01 1.000000000000000000e+00 1.378989401968999662e-01 -2.890603249724442089e-02 3.866485595385505541e-02 7.942908172795803967e-02 1.721988512771279456e-01 1.011530580802093016e-01 2.311343588633637536e-01 2.795570418555674008e-01 1.665369847961943317e-01 7.265226565801592706e-02 1.044587900364047361e-01 1.420362103777712270e-01 1.508372045544004447e-01 1.341188815055117944e-01 2.304882887484185905e-01 2.449131466832904780e-01 2.371421439208711845e-01 -2.299321355043751347e-02 2.898814087734777334e-02 1.605739432185071258e-01 2.745496255473485747e-01 2.242791597317082275e-01 2.472436402973370029e-01 2.453575387361586480e-01 2.089212662344503979e-01 2.424590255463408284e-01 2.432330712537900397e-01 2.679000329140487913e-01 2.359032250553819987e-01 2.370019672314203352e-01 2.624995067349762956e-01 2.327643481936410852e-01 2.584087366507024086e-01 1.743797517286726773e-01 2.354125000271863055e-01 1.777039286301419496e-01 1.921013446898251209e-01 1.621553095379164033e-01 1.659313007873999546e-01 1.652615166224252474e-01 1.435745851689087527e-01 1.503938293250198233e-01 1.661495666518434666e-01 1.825152960616946984e-01 1.457385325144448518e-01 1.751148995180655255e-01 1.528238609054670405e-01 1.352112885584315360e-01 1.524393750184958041e-01 9.286956068867532887e-02 9.821720911071686599e-02 1.913058340324062800e-01 1.999595432371581993e-01 2.201601273735067366e-01 1.647086294486432845e-01 1.721814155798321866e-01 1.675669694905142504e-01 1.495352148377978030e-01 1.366030212958246060e-01 1.563919714412722040e-01 1.338461797155785504e-01 1.542184339812413263e-01 1.846920377642762290e-01 1.543828650972355609e-01 1.714157021994382468e-01 1.997963605724042968e-01 2.071041038904155862e-01 1.074479738140790841e-01 1.306887482476370987e-01 1.840193143644508200e-01 2.048301374853291612e-01 1.997970787300062112e-01 1.831080324983349328e-01 1.759593466139110773e-01 1.895171740693802898e-01 1.952926354361574912e-01 2.031732701956383558e-01 2.049694742236807532e-01 2.074622904905600307e-01 1.961147287304785825e-01 1.982205401092235197e-01 2.109561285011226084e-01 1.677319885426703239e-01 1.877712702881992601e-01 1.821990672250857202e-01 1.685708492095009670e-01 1.726159117987035307e-01 1.929762758252869248e-01 1.595940719284602849e-01 1.521674103672124856e-01 1.588501192162322939e-01 1.623489686422127098e-01 1.439710545007686360e-01 1.585057712088427662e-01 1.054487847402900969e-01 1.288213759323349750e-01 1.308045460362885215e-01 1.397113575023191667e-01 1.314649343892825284e-01 1.231713359581201178e-01 1.109124029708224296e-01 1.312174886964872500e-01 1.348222104945964728e-01 1.427230368469726840e-01 1.497780996705716516e-01 1.711718947855437323e-01 1.744026369303846857e-01 1.553328408914887993e-01 1.501034142581673392e-01 1.456672705248618360e-01 1.419063703379271901e-01 1.485028074621692618e-01 1.681522779969383541e-01 1.472029747121789134e-01
2.262691506180665446e-01 1.378989401968999662e-01 1.000000000000000000e+00 3.614374109096569754e-01 1.947186836649780206e-01 2.394742573906429584e-01 3.326495034151568109e-01 3.062739867520312687e-01 4.105065445140825831e-01 3.195688001071954054e-01 3.995907446511259842e-01 3.799071076427690263e-01 3.017911181770325801e-01 3.193991187678496546e-01 3.487973233793592587e-01 3.596232652937572660e-01 3.878089150272189256e-01 4.435423519949271420e-01 4.476670260585708383e-01 3.059480648453543616e-01 4.287415144770682085e-01 4.546107209799185589e-01 4.374583426838737910e-01 4.397366631241214074e-01 4.481487554903122450e-01 4.409383637100777742e-01 4.507168281346865535e-01 4.211957783640796205e-01 4.234752283371829851e-01 4.276110724450291611e-01 4.419781681991421518e-01 4.525314333751268570e-01 4.015941404909905144e-01 4.309066616537753913e-01 4.025222312235368638e-01 4.448473336296914771e-01 4.296227637495331764e-01 3.559247974022513028e-01 4.089552785680765079e-01 4.045320594955968407e-01 3.871370089625577049e-01 3.655789639372039046e-01 3.997005304262993830e-01 3.938833691974878426e-01 4.346103634640778868e-01 3.832996201297916294e-01 3.610022470917446102e-01 3.747221258217673379e-01 3.644434518881811691e-01 3.638587199993427723e-01 3.778620617030193918e-01 3.794339253428917202e-01 3.639565524824735498e-01 3.719159305826224560e-01 3.900165402151139493e-01 4.176570407571837951e-01 3.944766988781740480e-01 3.792585382407206440e-01 3.710258076639650349e-01 3.669860967651660810e-01 3.807207897110292949e-01 3.734084874149760647e-01 3.580153232918165118e-01 3.775638931880629379e-01 3.915948297966819203e-01 3.892842413641043886e-01 3.721026827895176914e-01 4.123485040592498319e-01 4.124850505903751019e-01 3.911297732714227315e-01 4.109489895417110517e-01 4.128815068423160040e-01 4.249182814319287238e-01 4.248366808561153674e-01 4.034496768184847593e-01 4.052643792203820539e-01 3.900780363748800328e-01 3.992786135807938064e-01 3.905613431227065169e-01 4.024703334503614283e-01 4.023405297322201757e-01 3.978029718637182133e-01 4.112900378600552465e-01 3.859798229827589577e-01 3.844960355139511177e-01 3.989871636176561820e-01 4.031789471922799795e-01 3.674248041642210749e-01 3.753019001910892771e-01 3.974452043576131577e-01 3.884474255248114849e-01 3.746637594335885946e-01 3.942535294792436362e-01 3.701632935952571257e-01 3.551736504288000584e-01 3.639724034668063712e-01 3.621246911963942883e-01 3.590932317594345835e-01 3.610931535004635595e-01 3.636424187507947270e-01 3.695185542313211280e-01 3.548701470353157195e-01 3.574607223266905165e-01 3.648156446113194895e-01 3.827080818989979094e-01 3.799277503097917563e-01 3.622712337452573261e-01 3.698849401213199495e-01 3.772906381359535377e-01 3.668514857347038860e-01 3.655914660381954229e-01 3.601663845527142138e-01 3.672537387612646587e-01 3.712615517721586933e-01 3.788845936251010182e-01 3.765470554234034983e-01
1.136055653862190346e-01 -2.890603249724442089e-02 3.614374109096569754e-01 1.000000000000000000e+00 3.638498805369793643e-01 3.616251687007713822e-01 4.636201708249633180e-01 5.344717968832941590e-01 4.695895626875804529e-01 3.657171241802165684e-01 5.313726301296965993e-01 6.298964778907949480e-01 5.106125213039469646e-01 4.487330414421246139e-01 5.100086236136244233e-01 5.415953444562281449e-01 4.438973658284273149e-01 4.278411939246525852e-01 4.454512304490118590e-01 6.246583099337073008e-01 6.758955808102180551e-01 5.531836647296529685e-01 4.087585831471917119e-01 5.065185173779581662e-01 4.491154604049132915e-01 4.449687425141168884e-01 4.993501484892272635e-01 4.237142581684976705e-01 4.459682498080140278e-01 4.584408327390156468e-01 5.046852523867029205e-01 5.063715066737319859e-01 3.800349731974903000e-01 4.960260420440256168e-01 4.234609239616712317e-01 5.615095608064893939e-01 4.785624509816631122e-01 4.370272370979141341e-01 5.128753150360003676e-01 4.780148975678444323e-01 5.191420717368189219e-01 4.815717829281335183e-01 5.575587376749379098e-01 5.504916280305967025e-01 5.526011940057264926e-01 4.946039921491759417e-01 5.307239584334726423e-01 5.136277007850075238e-01 5.249849081437258924e-01 5.022113592440572427e-01 5.108536399910436065e-01 6.034085526338176519e-01 5.774802120120913207e-01 4.847901430555505153e-01 4.894335488588166805e-01 4.870920429501303661e-01 5.430634309577156982e-01 4.998157427471840442e-01 4.948923094380422993e-01 5.418406987444968070e-01 5.629411342670810336e-01 5.295724905558392148e-01 5.344322990370188320e-01 5.496093475935222017e-01 5.376378653739094515e-01 5.649613443283613146e-01 5.180776392398562802e-01 5.202477455027112452e-01 5.239219398982161158e-01 6.283663076738015274e-01 6.075304706223420004e-01 5.333620964282524968e-01 5.404260740217168291e-01 5.435147478192733361e-01 5.239513594420087683e-01 5.374105688617701881e-01 4.956834196031722484e-01 5.120418968516400327e-01 4.992919238235745683e-01 5.236655862793927474e-01 5.102482624150216362e-01 5.185497487195067645e-01 5.262737033935287467e-01 4.867665799349819022e-01 5.223661718979581980e-01 5.326908530767983097e-01 5.385624365328772756e-01 5.077475794323421665e-01 5.186864959266984654e-01 5.125094492982731342e-01 5.215513197023953218e-01 5.323784882623490144e-01 5.496427649567864337e-01 5.201803043123984782e-01 5.248583732502410948e-01 5.208375538857051845e-01 5.566352902015258008e-01 5.388043581423653805e-01 5.383549905079493270e-01 5.360714614459290983e-01 5.567610638373482468e-01 5.435273280652860306e-01 5.686222044282227550e-01 5.497912522493559884e-01 5.740409620712501049e-01 5.481635520166245890e-01 5.280889416466977293e-01 5.107087836234426304e-01 5.154338603666394070e-01 5.246921511648687808e-01 5.264671645312176684e-01 5.345635971971193223e-01 5.390432141033276725e-01 5.448476779536809422e-01 5.348813920993118476e-01 5.557778465433397264e-01
3.686639391819827166e-02 3.866485595385505541e-02 1.947186836649780206e-01 3.638498805369793643e-01 1.000000000000000000e+00 3.203640039462698486e-01 4.463764310136246194e-01 4.716321405106557729e-01 4.246360525140312481e-01 3.765366169337585611e-01 4.479932967637133001e-01 5.158485502599698957e-01 4.791412558181028514e-01 4.336223261602910606e-01 4.999836370959404031e-01 4.967553602964277504e-01 3.936421658369069765e-01 3.019452100632192271e-01 3.592759394600082423e-01 3.896319726276651907e-01 4.169658242111131674e-01 4.031834031760000436e-01 3.026237661733011675e-01 3.448456128940285970e-01 3.307278696915976757e-01 4.094703486772324208e-01 4.066585669851359719e-01 3.788405660296750854e-01 3.810540158901840058e-01 3.890891022896546536e-01 4.283240922119892491e-01 4.366139437139960333e-01 3.812933395594618746e-01 4.334672393114855082e-01 4.025699140263005460e-01 4.150321528920143943e-01 4.169972288802613059e-01 4.582856618959239015e-01 4.727544179237740396e-01 4.377730289289488153e-01 4.885117863862111776e-01 4.724494151581547507e-01 4.861961757848574095e-01 4.999631372489070635e-01 4.739622114362252447e-01 4.711853711256327459e-01 5.003418462039159742e-01 4.947052532053082263e-01 4.955316919330489123e-01 4.611496032357031427e-01 4.738826144786874583e-01 4.887257542152547707e-01 5.127997995808356579e-01 4.753361223108885647e-01 4.624621494908474628e-01 4.570009688558598904e-01 4.691475603097493563e-01 4.822218396444693522e-01 4.701875004978632866e-01 5.077086280899861803e-01 4.981966742105819468e-01 4.839501939079022264e-01 4.876470953730167590e-01 4.907695343431643931e-01 4.841482780855785872e-01 4.907163344722614839e-01 4.917030673762969872e-01 4.706459099554811121e-01 4.734428821736997861e-01 5.133028971439925758e-01 5.065695502191125410e-01 4.765791408802740325e-01 4.672511638484648788e-01 4.685976334988857794e-01 4.865455486154340314e-01 4.802040630163521562e-01 4.629099692535861288e-01 4.620173637906226372e-01 4.700927052787108318e-01 4.723417105434972729e-01 4.628203278447001190e-01 4.732527605354444056e-01 4.751929946281774342e-01 4.651677137348483870e-01 4.861366104395252741e-01 4.869513061326137815e-01 4.704642823725452283e-01 4.949745565214559995e-01 4.909752235367272344e-01 4.806333440277319458e-01 4.879582198067127230e-01 5.013347295141350468e-01 4.944683350677476219e-01 4.924080971042414379e-01 4.951486303660681543e-01 4.970771183901185331e-01 4.940733502538378619e-01 4.848310711822679253e-01 4.939743977374226325e-01 5.006138212697982537e-01 5.042773674076298507e-01 4.924467356813087004e-01 5.106700171141625999e-01 5.058916153990105080e-01 5.003572015482687929e-01 4.788758333401025857e-01 4.942313295213220936e-01 4.944202538446351158e-01 4.856772640455491175e-01 4.989460596657416258e-01 4.906921742408463238e-01 5.016115698099355980e-01 4.933012662449143826e-01 4.950407605998035088e-01 4.904389149584134078e-01 4.935032891014352052e-01
2.922832073821145585e-02 7.942908172795803967e-02 2.394742573906429584e-01 3.616251687007713822e-01 3.203640039462698486e-01 1.000000000000000000e+00 5.048293391736673463e-01 4.689436583340156339e-01 5.125004899989259455e-01 4.553793731422423607e-01 5.406182776795083189e-01 5.759641487487788813e-01 5.300223754665084330e-01 5.420841002433897104e-01 5.877665325358515380e-01 5.634501360294283945e-01 4.801148912244568301e-01 3.895371919551135487e-01 4.552797403815639354e-01 3.781688518518570019e-01 4.159924252098570197e-01 4.807306831723953122e-01 4.044851895284323762e-01 4.054557570065524530e-01 4.214976120185997543e-01 5.123153295048225031e-01 5.093526579878856486e-01 4.959096144859478361e-01 4.915974796766531263e-01 5.043959430093314378e-01 5.351347068921963324e-01 5.228259442183885719e-01 4.849918062749388192e-01 5.157824594102566884e-01 5.142940400372216780e-01 5.071314078106471390e-01 5.299421623136303383e-01 5.408419304354293855e-01 5.696945450686003998e-01 5.294883815326987264e-01 5.856386004863675110e-01 5.755108332095841828e-01 5.726726796004182329e-01 5.927203811574557335e-01 5.732050690148314809e-01 5.797902001397325922e-01 5.966941684747404384e-01 5.971070359505892267e-01 5.909089258852008308e-01 5.331620379612020955e-01 5.661496039381985756e-01 5.637676516858327602e-01 5.929738050299173668e-01 5.874425343331574068e-01 5.742733734611885632e-01 5.656096383608520961e-01 5.739603669234324412e-01 5.852274644335014875e-01 5.732098490213844988e-01 6.027024142636461246e-01 5.961794440800016748e-01 5.860402119997275561e-01 5.872386906069990697e-01 5.866835790550695151e-01 5.864066545537870434e-01 5.962824168015049553e-01 5.940440985950841135e-01 5.788663571242671502e-01 5.760741241927342937e-01 5.905662082350640052e-01 5.943586905996496306e-01 5.867604679278579649e-01 5.653454472705818912e-01 5.706436381052951701e-01 5.885274163969684835e-01 5.880550202950567407e-01 5.827875498719828906e-01 5.713202942298420961e-01 5.875938287840620777e-01 5.775919601474754916e-01 5.704816832108605684e-01 5.828454569619518910e-01 5.849282343616561963e-01 5.777586796606609676e-01 5.845786499400646985e-01 5.840486602568728536e-01 5.812519916140534981e-01 5.931372894120937600e-01 5.942604890941750595e-01 5.877840437768676596e-01 5.897063607022590137e-01 5.992141006122428948e-01 5.950936591030830947e-01 5.986520938125774460e-01 6.012867392367824415e-01 6.022141752267774484e-01 5.904853756201058346e-01 5.815417354788701143e-01 5.959699690744918454e-01 5.962149714106186327e-01 5.973466802312992208e-01 5.964193131595133535e-01 6.029685154094652777e-01 6.043643421120942216e-01 5.986183239828412050e-01 5.921661187947464544e-01 5.996552779828844271e-01 5.992670461109740332e-01 5.970617107204527763e-01 6.004692293332154485e-01 5.967962048653244755e-01 6.029433083233951551e-01 5.983719101963784759e-01 5.993129024123816651e-01 5.988357685254649398e-01 6.011377497080362398e-01
7.935608183094315649e-02 1.721988512771279456e-01 3.326495034151568109e-01 4.636201708249633180e-01 4.463764310136246194e-01 5.048293391736673463e-01 1.000000000000000000e+00 6.966698829704094376e-01 6.997275513002180203e-01 6.501706558778219680e-01 7.239863201665310832e-01 7.496392083427277919e-01 6.981499055425255396e-01 7.045894554956082523e-01 8.483745641719794284e-01 7.911290440961200598e-01 6.520208859536389401e-01 5.432453462358822760e-01 6.329716726221996659e-01 5.122782880901251001e-01 5.541496968146834012e-01 6.365050072674665049e-01 5.720942422379180492e-01 5.604745305697512725e-01 5.770245144002718041e-01 7.259432349597431111e-01 7.199026316421159866e-01 7.382806188211076259e-01 7.067868632304428189e-01 7.054499156479048239e-01 7.537858832190400538e-01 7.431277555925140943e-01 7.239380295510362551e-01 7.404385062186651378e-01 7.294527573736946380e-01 7.065118751883442405e-01 7.537159700655071681e-01 7.757976842239581172e-01 8.096496193685015497e-01 7.756028535460839368e-01 7.989170976240529409e-01 8.045835157401621807e-01 7.985154209447788975e-01 8.102696221704344115e-01 7.958844071325992253e-01 8.110777014840909738e-01 7.951133523259126257e-01 8.039229501086446739e-01 7.954866809446099474e-01 7.396142805156518119e-01 7.913269192665255414e-01 7.362003792264718571e-01 7.846413063839360325e-01 7.845412861005888194e-01 7.817074910010727296e-01 7.846449615863000382e-01 7.617122285275881310e-01 7.926348406648831002e-01 7.850158061371690366e-01 7.906768728330090257e-01 8.013080195574077136e-01 7.769273115620337622e-01 7.814113991206389498e-01 7.806039084188008959e-01 7.742688762718571427e-01 7.748566142186887884e-01 7.992458322006988913e-01 7.845009402970084533e-01 7.879909505470770181e-01 7.829172676155788935e-01 7.855742718798490731e-01 7.874946225527700294e-01 7.659020188501420856e-01 7.629016070536450700e-01 8.030694691407900265e-01 7.961784423402414879e-01 8.042590607299874295e-01 7.848327831572282642e-01 8.029573183179030682e-01 7.847282289451406045e-01 7.856557425276247120e-01 7.966800674496354873e-01 7.970325516660993204e-01 7.988254913819978764e-01 8.043140475162282588e-01 7.973209047528941884e-01 7.973056039871511125e-01 8.202985620304814596e-01 8.183406030621124261e-01 8.013061472879291491e-01 8.169417046692990514e-01 8.142992684322057917e-01 8.119515432218731288e-01 8.158123536267087861e-01 7.984482428235245566e-01 8.038054983828012423e-01 8.024997765799161131e-01 7.736548033446047912e-01 8.017285712378389162e-01 8.128528184819292512e-01 8.110828939852269270e-01 7.978401986248968569e-01 7.956524061382544977e-01 8.041060881725023979e-01 7.946734904613239614e-01 7.814784925870700283e-01 8.009763386572783528e-01 8.016774396641256351e-01 8.042885207269818704e-01 8.024626413906591482e-01 8.007785523433734731e-01 7.982439238115852653e-01 7.993386803171657062e-01 7.995861728406822300e-01 7.912950090987378449e-01 7.924331990520487867e-01
5.344059559132692538e-02 1.011530580802093016e-01 3.062739867520312687e-01 5.344717968832941590e-01 4.716321405106557729e-01 4.689436583340156339e-01 6.966698829704094376e-01 1.000000000000000000e+00 6.552451009244155689e-01 5.867198075455801742e-01 6.905832483209481953e-01 7.430222817201965757e-01 6.756362035810337119e-01 6.744714275508665313e-01 7.677221576872437225e-01 7.866319484763073522e-01 5.901053527102629870e-01 4.870464818253531503e-01 5.837837093007711697e-01 5.317540814284246187e-01 6.051065186251384231e-01 6.293531255700561822e-01 5.110607316697515223e-01 5.215690689921108625e-01 5.296679451879107159e-01 6.507092038289756797e-01 6.593799116785595826e-01 6.456304966573300774e-01 6.307142403355208149e-01 6.296755862274908688e-01 6.772170266952187712e-01 6.895744150417055796e-01 6.423652804591184484e-01 6.785099272921923941e-01 6.565457442201725335e-01 6.737401866403724959e-01 6.772302722399041741e-01 7.246769245306152740e-01 7.460636952608346029e-01 7.237036349420490344e-01 7.516762164566195281e-01 7.455612117448930931e-01 7.678026623376508208e-01 7.733812527763025413e-01 7.461305119295222887e-01 7.449088831451562420e-01 7.589568279122343997e-01 7.554976396795020088e-01 7.571089713545583466e-01 7.190784436686472603e-01 7.556278821101501952e-01 7.249942471686164902e-01 7.640491305151569934e-01 7.305228905646056203e-01 7.278126663086207371e-01 7.248694689856842732e-01 7.357788278172648910e-01 7.504680205751499411e-01 7.443330889473759315e-01 7.574167303974769228e-01 7.675318276513377613e-01 7.455420356619404387e-01 7.564786935347121988e-01 7.477141966744219603e-01 7.287121318150862059e-01 7.444449091089705428e-01 7.498401223456239162e-01 7.287983342711733536e-01 7.300178088746718252e-01 7.587646224989215149e-01 7.660417499607463654e-01 7.411239482875615625e-01 7.110421333864838100e-01 7.152275056437565892e-01 7.481873827222176310e-01 7.479436968955525122e-01 7.372771751075309909e-01 7.261721000150883620e-01 7.296332577746897918e-01 7.317415617085607504e-01 7.239079482348511618e-01 7.356241747671514730e-01 7.445253541961369681e-01 7.340516050289735972e-01 7.578706632202294458e-01 7.443242824608082842e-01 7.430356329265476178e-01 7.712476332474546004e-01 7.618288583718894058e-01 7.510400788901613334e-01 7.613878872677962706e-01 7.688483569241898463e-01 7.661332981175020818e-01 7.649849439682241403e-01 7.597022766368924929e-01 7.595751044388830975e-01 7.820864013007888804e-01 7.518473483777631250e-01 7.656526069305936710e-01 7.789381284824170582e-01 7.790069022007105604e-01 7.721822555914430453e-01 7.701625479756836201e-01 7.765411396434774849e-01 7.646810937849546352e-01 7.573037148990651168e-01 7.620095854150483738e-01 7.527459478505247326e-01 7.587096899821061946e-01 7.672911105772605156e-01 7.704013349696888779e-01 7.618535978482433579e-01 7.677619745997955603e-01 7.643727011621398448e-01 7.458912015486923730e-01 7.562010785537286450e-01
3.304925997265658610e-01 2.311343588633637536e-01 4.105065445140825831e-01 4.695895626875804529e-01 4.246360525140312481e-01 5.125004899989259455e-01 6.997275513002180203e-01 6.552451009244155689e-01 1.000000000000000000e+00 7.309675937303962145e-01 7.847892288310630571e-01 7.766033213330018059e-01 6.997673232263206256e-01 7.193717075645132963e-01 7.815668385687311037e-01 7.909517919525168583e-01 7.852865805862314641e-01 6.831829125074538878e-01 7.430294556626679814e-01 5.136438864344646804e-01 6.615405744461227977e-01 7.507843997766581179e-01 7.066773764504540312e-01 6.714924145706145930e-01 7.144490259869161752e-01 8.325079711962624085e-01 8.164013444723671187e-01 7.875082570855538311e-01 8.103149411491191723e-01 8.087775542520342364e-01 8.477569448961781440e-01 8.382960019541702001e-01 7.758668729919073748e-01 8.015295479196846706e-01 8.075330508665718998e-01 7.741735648435951189e-01 8.275482059076428865e-01 7.781412425073919170e-01 8.225905701771105694e-01 7.578565543773937430e-01 8.340265445186545445e-01 7.967978562021414968e-01 7.900611848370663326e-01 8.321291692475760726e-01 8.315312304814151956e-01 8.168371717240684449e-01 8.279535018426633641e-01 8.497371324034840301e-01 8.298613284571464410e-01 7.753629590219900392e-01 8.146128820812235105e-01 8.036975962479588897e-01 8.155863624983900051e-01 8.608086898228225481e-01 8.526615565079982417e-01 8.508780804550719612e-01 8.553194491106236308e-01 8.391102371647706226e-01 8.349288781740393794e-01 8.520547018128595829e-01 8.302001668587721817e-01 8.453692433497413949e-01 8.247959375158450124e-01 8.370850286636596360e-01 8.692118192780124986e-01 8.603618736932223676e-01 8.440433186031551793e-01 8.467740615861765185e-01 8.543527638736057028e-01 8.139298407368806831e-01 8.324727850163226028e-01 8.508424681837126746e-01 8.326447661357877505e-01 8.371671369666208173e-01 8.547810268007072221e-01 8.504010410563258571e-01 8.397148245771058894e-01 8.468187755653412419e-01 8.282806782276557200e-01 8.511909995575025478e-01 8.470595041569759509e-01 8.520232682267977475e-01 8.528699592262732887e-01 8.467385896932970724e-01 8.271986628809749886e-01 8.379857891207951326e-01 8.342337067285685581e-01 8.194822523888517507e-01 8.282465551184771124e-01 8.438252834667943070e-01 8.110682595074557577e-01 8.261302636552432244e-01 8.316005636572253445e-01 8.219052034433214082e-01 8.191005009909871903e-01 8.311401321393537822e-01 7.817483682058753436e-01 8.152051504992572362e-01 8.141773916943212397e-01 8.143780158892464094e-01 8.124457893111368678e-01 8.092836148219406667e-01 8.159395035279811692e-01 8.226685784928438050e-01 8.314381181086275552e-01 8.313732647344795890e-01 8.299573005066966935e-01 8.406502581336938729e-01 8.427362290633375608e-01 8.377022755275516097e-01 8.201396977154958856e-01 8.388051596548741218e-01 8.263874601272481746e-01 8.347223112372782472e-01 8.466870526158771781e-01 8.456967097226929519e-01
1.386978929864992327e-01 2.795570418555674008e-01 3.195688001071954054e-01 3.657171241802165684e-01 3.765366169337585611e-01 4.553793731422423607e-01 6.501706558778219680e-01 5.867198075455801742e-01 7.309675937303962145e-01 1.000000000000000000e+00 7.209004346980597555e-01 6.965473418152853258e-01 6.531875629175120102e-01 6.797463845657309989e-01 7.589817447879358969e-01 7.274748627316887095e-01 6.790080338967487972e-01 5.731958725839361168e-01 6.446284222089364579e-01 3.971353611100667536e-01 4.890716288629360919e-01 6.217573790764947539e-01 6.179996290195306496e-01 5.763272318991803367e-01 6.278714984158040302e-01 7.399668574253553954e-01 7.222238928645928757e-01 7.228059515615304909e-01 7.299921588252271665e-01 7.435383691229690006e-01 7.751745837112620219e-01 7.557886962117934537e-01 7.170971187694610283e-01 7.294868676970726051e-01 7.509572082114760461e-01 6.965815621944984048e-01 7.613775862852987242e-01 7.431147210129466218e-01 7.676303566665930722e-01 7.160020723623417016e-01 7.813766501927312813e-01 7.657825780864200294e-01 7.267269855349123286e-01 7.669316326520824179e-01 7.714585521391122969e-01 7.772880212489322593e-01 7.871688002361196812e-01 8.009421761534520900e-01 7.855527466164851091e-01 7.079478135829846419e-01 7.589170923507342348e-01 7.020815707885962320e-01 7.430875945558729212e-01 7.993056310958038813e-01 7.943016935864889438e-01 7.997983630670043587e-01 7.676063125803030962e-01 7.957541211278902349e-01 7.875651933152006956e-01 7.824061401245022696e-01 7.736050368227834761e-01 7.840116363046419901e-01 7.686074497237787018e-01 7.663098978311460030e-01 7.803733423224602506e-01 7.790600727781487045e-01 7.915452164252757550e-01 7.889761984067913403e-01 7.950217106853739724e-01 7.341620273189756185e-01 7.543609779480056066e-01 7.902186662659714811e-01 7.682225587990597626e-01 7.730127980741582361e-01 7.960230015610465504e-01 7.919418676121146028e-01 7.948401310415847965e-01 7.879349144716858433e-01 7.906673886189851119e-01 7.958012945256164317e-01 7.992509113791235187e-01 8.019925355529603506e-01 8.007815658945449666e-01 7.949170740196108698e-01 7.787313283788049878e-01 7.893938971551432981e-01 7.887327310517812107e-01 7.868648683553706169e-01 7.884413375617380648e-01 8.036979006029859596e-01 7.757229301308272706e-01 7.881970749196746118e-01 7.882769626573460364e-01 7.887720264893071098e-01 7.857910484758321434e-01 7.929369781983636178e-01 7.424751578237309690e-01 7.538226532407277247e-01 7.797011687062401775e-01 7.769403440142298445e-01 7.727191810382111337e-01 7.693024856868342365e-01 7.649704622945041610e-01 7.770042202992110125e-01 7.753839147323418057e-01 7.771811622715909529e-01 7.903018032173154683e-01 8.000253500528436978e-01 8.009004573958965478e-01 7.916528544224429309e-01 7.857299430397353124e-01 7.892789680695723176e-01 7.877569252898355412e-01 7.844255376847054650e-01 7.891535647451852764e-01 7.860879266924736264e-01
1.220163054425493915e-01 1.665369847961943317e-01 3.995907446511259842e-01 5.313726301296965993e-01 4.479932967637133001e-01 5.406182776795083189e-01 7.239863201665310832e-01 6.905832483209481953e-01 7.847892288310630571e-01 7.209004346980597555e-01 1.000000000000000000e+00 8.550664881480586343e-01 7.507776712210181280e-01 7.683766733391222958e-01 8.421633550926783673e-01 8.378471311099906504e-01 7.533468297671497282e-01 6.593815639579655441e-01 7.427210882986192697e-01 5.298040684684874879e-01 6.698760807148639307e-01 7.721276133853236523e-01 6.751749996953302357e-01 6.733158696413488187e-01 7.133151787833593716e-01 8.285945993268948317e-01 8.220305822911079252e-01 8.067062399786243398e-01 8.142655925996588051e-01 8.210520556752647359e-01 8.672254480799629350e-01 8.387573425436337660e-01 7.963608096707825990e-01 8.307436971563922912e-01 8.237647835517619699e-01 8.083390641759735651e-01 8.481494831986270411e-01 8.361221293631381224e-01 8.731427683671439954e-01 8.150717127097171222e-01 8.760454839914086911e-01 8.608439110370817993e-01 8.460231553177284258e-01 8.829328601407829824e-01 8.814625434426690553e-01 8.694479855705493643e-01 8.799074892334083353e-01 8.850997052002975707e-01 8.797087965839216483e-01 8.245680395030980936e-01 8.631344940917879960e-01 8.340868579476946598e-01 8.620442385832021159e-01 8.781115567357894447e-01 8.688583714072624087e-01 8.767279288824775252e-01 8.654172442077734395e-01 8.791181478577668740e-01 8.701177651164664351e-01 8.846346917827176970e-01 8.823113020514083971e-01 8.752173712319087917e-01 8.651040881609983746e-01 8.721321596000397580e-01 8.838184663057755408e-01 8.817990116715591631e-01 8.882212318813340612e-01 8.877127322438645995e-01 8.819995004252679793e-01 8.623567709345577592e-01 8.918669791053679408e-01 8.961140748095547393e-01 8.712453113186520159e-01 8.791454792165205312e-01 8.957662727748215703e-01 8.964259899891883210e-01 8.860886210277223451e-01 8.859096110450697115e-01 8.809236560224227297e-01 8.935379333775165245e-01 8.881678713210143794e-01 8.947052125673148337e-01 8.919990925190990350e-01 8.814820914784537997e-01 8.818469567965627753e-01 8.892918639191749186e-01 8.866750245122649865e-01 8.818404260147838514e-01 8.871819374523139956e-01 8.885037804284323659e-01 8.734280591045308073e-01 8.871377670889348810e-01 8.913162077546464834e-01 8.850671762382935626e-01 8.820091541796263312e-01 8.870863043597931874e-01 8.585858491814692961e-01 8.602563573837704869e-01 8.736710504567333224e-01 8.768839551995215587e-01 8.788053332449515809e-01 8.703893265293068948e-01 8.762317759752167312e-01 8.848269151693179957e-01 8.863011539895166990e-01 8.739619484190782606e-01 8.844958427805482692e-01 8.880678319524220043e-01 8.891193657751983448e-01 8.859711503589278170e-01 8.785886441255840174e-01 8.856238361015084104e-01 8.828268161020214055e-01 8.868364917930657843e-01 8.891042252717620276e-01 8.878545658269294538e-01
4.057869923482609886e-02 7.265226565801592706e-02 3.799071076427690263e-01 6.298964778907949480e-01 5.158485502599698957e-01 5.759641487487788813e-01 7.496392083427277919e-01 7.430222817201965757e-01 7.766033213330018059e-01 6.965473418152853258e-01 8.550664881480586343e-01 1.000000000000000000e+00 8.004210875811079706e-01 7.927002251897392604e-01 8.820195747546349940e-01 8.869106272665286950e-01 7.338874002705045863e-01 5.989435825473143904e-01 6.916964573262578408e-01 6.395844632551100917e-01 7.421477197054210384e-01 7.655301528504493414e-01 6.021992692235687006e-01 6.341900821900687824e-01 6.518127890544258562e-01 7.767279097662364018e-01 7.937544871187445228e-01 7.564690173112688099e-01 7.643374832245058981e-01 7.733138261505420052e-01 8.342284823978639574e-01 8.122624889909600965e-01 7.439364461065627321e-01 8.053537869338662780e-01 7.813555322358276545e-01 8.128900043559013078e-01 8.125306801880615160e-01 8.455075391004306384e-01 8.791837818741533583e-01 8.187868686406831742e-01 8.923901215308241985e-01 8.727405040519878865e-01 8.781272198802673179e-01 9.136787041658831487e-01 8.893987795299609367e-01 8.825881375441004817e-01 9.178697669068940357e-01 9.087121562038433797e-01 9.138996880039744752e-01 8.556451625619997392e-01 8.911945736851490940e-01 8.933617675875787922e-01 9.216150966294309743e-01 8.914744969853134471e-01 8.728973702400802948e-01 8.593981805663187812e-01 8.961750593968218492e-01 8.954813988252549040e-01 8.932440805906929349e-01 9.221105922150217848e-01 9.241913703447005579e-01 9.091507974250589985e-01 9.112317203404910471e-01 9.123498095846925837e-01 8.991613294520069966e-01 9.177063732227712656e-01 9.043793715333178218e-01 8.832180951552529580e-01 8.791956334433727038e-01 9.251194955553226906e-01 9.298977653154936185e-01 8.992433815945475306e-01 8.633433135594450469e-01 8.757564490870045626e-01 9.022055750783863903e-01 9.048008516626021569e-01 8.853148353280513305e-01 8.817446013050299625e-01 8.810968975760566924e-01 8.940783896237097794e-01 8.803828154277976159e-01 8.976755958030886440e-01 8.915666757644380436e-01 8.755204746638980406e-01 8.946369707396260029e-01 8.970224192791167450e-01 8.937288155828222447e-01 9.017858787484422933e-01 9.056400646277141808e-01 8.923774629733848274e-01 8.932433799896434268e-01 9.154138025231517428e-01 9.124402068567476487e-01 9.099462671964836380e-01 9.161156775857054457e-01 9.143547146899053679e-01 9.027277922652231501e-01 8.981648729316200619e-01 9.129285313222628151e-01 9.118973968764746418e-01 9.173949116427754236e-01 9.129401786571951227e-01 9.270114795466866120e-01 9.231580563903566405e-01 9.234528158578413359e-01 9.063905806331176152e-01 9.159867248332319578e-01 9.078199992327504741e-01 9.050010137110150454e-01 9.148865967362858065e-01 9.076811009167126132e-01 9.207222374201019521e-01 9.174164087971403703e-01 9.202170482954814545e-01 9.115557334834178960e-01 9.214418787580845871e-01
1.239137950552231249e-02 1.044587900364047361e-01 3.017911181770325801e-01 5.106125213039469646e-01 4.791412558181028514e-01 5.300223754665084330e-01 6.981499055425255396e-01 6.756362035810337119e-01 6.997673232263206256e-01 6.531875629175120102e-01 7.507776712210181280e-01 8.004210875811079706e-01 1.000000000000000000e+00 7.337484476037603454e-01 8.205811489882057774e-01 8.108572075114631739e-01 6.554797812729548090e-01 5.028969813908151787e-01 6.012032053022056122e-01 5.355979416303253693e-01 5.985984143839566674e-01 6.487846391076853569e-01 5.199977621859668275e-01 5.312045139611166755e-01 5.586441926290718341e-01 7.017017865931604037e-01 6.901481979068553319e-01 6.823371091359456964e-01 6.805269801062149293e-01 6.822180151620372834e-01 7.339734237842724385e-01 7.241220390670699558e-01 6.695909667418419309e-01 7.219069595970039055e-01 7.151826858398503406e-01 7.026926155226818071e-01 7.266583752073750846e-01 7.688254124452775784e-01 7.962258724182894598e-01 7.285675865313007149e-01 8.125913550268227814e-01 8.027439575841742725e-01 7.930364599504179379e-01 8.287147653493844857e-01 7.956227760065618382e-01 8.060790488561210276e-01 8.394671310429989708e-01 8.319314380625246752e-01 8.313063369772458744e-01 7.657376090543545066e-01 8.000661424099725361e-01 7.829561683810261075e-01 8.288486219379942455e-01 8.126323549207928876e-01 7.916246789701462117e-01 7.808379146761620371e-01 7.892072160637421119e-01 8.164948632740461898e-01 8.003472756885702255e-01 8.411184646464577863e-01 8.327896863452440845e-01 8.132217131141292743e-01 8.161749458704609106e-01 8.183981101333043240e-01 8.103421144318154745e-01 8.204719545105915168e-01 8.290418875145828537e-01 7.997390494967504537e-01 8.002814691492970978e-01 8.264779591210025256e-01 8.272638989016748434e-01 8.135438865895103788e-01 7.751484308043077309e-01 7.800763963614704144e-01 8.235927376676211997e-01 8.193536121200224454e-01 8.103906839912855542e-01 7.988840439605008337e-01 8.042353640139114912e-01 8.074162303137640828e-01 7.993537357616582462e-01 8.146903499720125064e-01 8.098863842471800689e-01 8.068437823734759817e-01 8.215224925182214033e-01 8.170329942302517745e-01 8.103331853077015978e-01 8.309051887483911436e-01 8.310343526120053115e-01 8.168506836427543716e-01 8.162235787505992546e-01 8.399574378815208853e-01 8.299410745355773056e-01 8.344390953456458648e-01 8.408063252744436555e-01 8.403557051158371261e-01 8.246003568404843831e-01 8.197863716856104155e-01 8.354106864366306340e-01 8.368320814936733854e-01 8.387540121942074212e-01 8.335863227349167293e-01 8.446100622858476736e-01 8.459568597475878304e-01 8.363194707629165725e-01 8.166368195181585854e-01 8.393261970033653041e-01 8.353025905437818643e-01 8.295957309451823525e-01 8.391338393161201781e-01 8.288636958463033722e-01 8.436897575073707412e-01 8.341680972191208854e-01 8.400994246297228685e-01 8.289429984331956325e-01 8.360496776947433650e-01
