1.000000000000000000e+00 2.905807104286544096e-01 2.146069786038811156e-01 -5.188545930080999680e-02 7.230215156024905054e-02 8.259702990265119227e-02 5.327920411603094542e-02 1.879085944734332561e-02 2.295121488091724227e-01 1.228794197313967662e-01 6.147741843105914566e-02 -5.838569715093341189e-02 3.491324453250765208e-02 1.413435061053782207e-02 6.261633484777013627e-03 3.147646159546949735e-02 1.843891689391757849e-01 3.617466796115115790e-01 2.809930930547940298e-01 2.894507820954871913e-01 3.175832189066942202e-01 2.711846204311989528e-01 3.525306753329311982e-01 3.379577130061937051e-01 3.546146332354547792e-01 2.388878700201019500e-01 2.548691290617677296e-01 2.099868577384268464e-01 2.373080477343957606e-01 2.198710001024891114e-01 1.751489042972367571e-01 1.874546505717621658e-01 1.590398136067443235e-01 1.664715437214216720e-01 1.843274123103974260e-01 1.394899358971642966e-01 1.272835835241964142e-01 9.647821552181833071e-02 1.032654155452305683e-01 9.942809449204222105e-02 8.686143599212835242e-02 8.012515699925709667e-02 7.619431669116702444e-02 7.028263424485400868e-02 1.310007733291810583e-01 8.257962712921630699e-02 3.320353215274526870e-02 7.090672880249208887e-02 3.907013736139220567e-02 5.929885848137271542e-02 6.617737931311273858e-02 3.952023818655714393e-02 2.830017472709066978e-02 1.032922316662286538e-01 1.154875984129012934e-01 1.464211455339595735e-01 1.120582406638020723e-01 8.851064810969855312e-02 7.288425889758476384e-02 8.001901366188275688e-02 5.494828451385969093e-02 8.321187499067510263e-02 4.211827720476391673e-02 6.520584630957917960e-02 9.899684908900052704e-02 9.587762230287560916e-02 6.129980591360560671e-02 1.150268903412475230e-01 1.161694703004240437e-01 1.150104488793711882e-01 1.191667111636847409e-01 1.062913304173631057e-01 1.376452435021368881e-01 1.652869328899157775e-01 7.250675138536910591e-02 8.733092420181051696e-02 6.447021561021189229e-02 1.001925526870191818e-01 7.167644349025523165e-02 1.052644604782283083e-01 1.010294299753733416e-01 7.744911866608447659e-02 9.814940045881946629e-02 8.500921091556364051e-02 7.518289607857482626e-02 8.374107318986541426e-02 6.189347691665647577e-02 4.561606843233828590e-02 4.511299017569870423e-02 9.718011343564944560e-02 4.838600002557844754e-02 3.180188477333838193e-02 5.888449169051648835e-02 3.737122445281108180e-02 1.402850234076358053e-02 2.471033964815247397e-02 7.033026643748887044e-03 1.547522343156372202e-02 2.391444092078458261e-02 2.473010313429292728e-02 2.975611497228746599e-02 1.386248039632451655e-02 1.690981975660059422e-02 2.368130135858993388e-02 4.712686617359153340e-02 4.272343567572550044e-02 1.472049675750230872e-02 4.733012990113672630e-02 5.049283019172049608e-02 3.290989624069611680e-02 3.026366058371650347e-02 3.775107111658317083e-02 2.871313652806275346e-02 2.842105466844185163e-02 5.324091081558093158e-02 5.077737140891194073e-02
2.905807104286544096e-01 1.000000000000000000e+00 1.644411376416667347e-01 -2.193655399220575085e-03 7.261976332293619552e-02 1.624210675277870941e-01 1.528552528905744723e-01 1.161224936214395598e-01 2.676710993132344618e-01 2.438971465762185820e-01 1.799459728995539409e-01 8.080935384139910360e-02 1.191332653583490331e-01 1.208435095405060861e-01 1.498872810493093455e-01 1.650738605641932089e-01 2.400659729017056154e-01 3.701489758878663827e-01 3.342055860043225968e-01 2.645540322556969026e-01 3.142191807802209857e-01 3.117675924465975745e-01 3.856250479135445164e-01 3.475877130029575435e-01 3.858939699788135891e-01 3.195492999395912470e-01 3.104546935710600364e-01 3.142156575695182474e-01 3.332150647121382425e-01 3.271860232235927479e-01 2.959999138734683011e-01 2.840549860019269679e-01 2.904735250926789858e-01 2.769974719248380346e-01 3.066545371812912646e-01 2.542418650923685686e-01 2.642518107797297011e-01 2.590911677150434245e-01 2.570382454882964018e-01 2.582152958525418263e-01 2.161342767338178539e-01 2.362199020135981320e-01 2.036507480148683491e-01 2.002660494440492711e-01 2.459665965312383684e-01 2.418520298924883849e-01 1.666914957721751522e-01 2.026876237294601701e-01 1.771133173375701864e-01 1.742511179880510130e-01 1.877963411315466125e-01 1.212707169782644007e-01 1.465916349941379371e-01 2.321646686019087080e-01 2.500346278490301333e-01 2.823647869551028089e-01 2.154289123220923807e-01 2.250942120803454960e-01 2.090188828258325027e-01 1.845619898836405592e-01 1.803568943058333207e-01 2.076359637179708562e-01 1.905453514331973963e-01 1.832380128441873091e-01 1.937603633147744198e-01 1.936570145002410870e-01 1.895839868193262001e-01 2.379400041506615493e-01 2.370988720705245190e-01 2.205068451246462169e-01 2.247596078283382592e-01 2.307864127063889714e-01 2.474365635356121640e-01 2.642931314337110815e-01 2.061448697565530508e-01 2.108314995109813739e-01 2.120423287219120601e-01 2.287606257225344997e-01 2.139436089553161391e-01 2.360572845455927993e-01 2.315979095155454581e-01 2.200532752464781916e-01 2.222758928207911322e-01 2.254176240936337505e-01 2.128391521780567675e-01 2.143780226834363367e-01 2.061515361487586684e-01 2.011061145561021113e-01 1.997934380570524082e-01 2.327627886115346822e-01 2.018862082943591318e-01 1.828617809618011125e-01 1.957570101889969105e-01 1.938402239961438123e-01 1.582553144683478408e-01 1.711849341877386133e-01 1.508240501014765367e-01 1.382330985252845645e-01 1.611590830241148853e-01 1.611093720775741700e-01 1.766718971124531801e-01 1.574526896708088874e-01 1.470263013717504619e-01 1.643961920383307795e-01 1.673314522520174541e-01 1.688423964343054584e-01 1.554187260130746040e-01 1.897248468040550196e-01 1.964556120542933493e-01 1.729354510798975508e-01 1.799625550117105177e-01 1.680828828993645163e-01 1.759089207115835107e-01 1.624073427944361381e-01 1.803122375489625839e-01 1.691437786990384606e-01
2.146069786038811156e-01 1.644411376416667347e-01 1.000000000000000000e+00 3.739942947827867847e-01 2.723805155176300952e-01 2.898845173902116490e-01 4.131324850622078437e-01 3.774141493947975601e-01 4.346571050412502690e-01 3.656137876695027544e-01 4.300716220174027882e-01 3.816999317885843568e-01 3.435581346420176763e-01 2.913089574020129024e-01 3.957776718189096599e-01 3.862624966902258872e-01 3.872073537279187572e-01 5.003313636737783954e-01 4.882094018755847586e-01 4.479341958400431256e-01 5.077562800938708598e-01 5.240354990381631550e-01 4.871421615992720389e-01 4.811905074465810395e-01 5.158833644918793260e-01 4.744847242175097013e-01 5.143139145029034243e-01 4.688304330758364946e-01 4.867549544109985860e-01 4.907697882876960738e-01 4.823625875133633056e-01 4.742793088790261957e-01 4.537844321498069045e-01 4.775915593195224629e-01 4.693791269323048243e-01 4.607606223485972707e-01 4.644113304629134409e-01 4.223553369913975453e-01 4.450134202631222391e-01 4.303560956602625054e-01 4.275605564559918914e-01 4.274866610981625237e-01 4.372000398527575160e-01 4.278644106128695612e-01 4.600807622321976265e-01 4.195813155511119996e-01 3.918652015596993388e-01 4.010930765708484724e-01 3.867717707276503436e-01 4.097675415715633651e-01 4.082137241404000805e-01 3.900041547091885330e-01 3.894167865404276618e-01 4.095699724109267970e-01 4.075331287057454843e-01 4.345825117884893896e-01 3.990874288945185366e-01 4.136927459450736033e-01 3.951395258628553897e-01 4.035598431977531764e-01 4.000882105730898530e-01 3.957975126745653105e-01 3.743697805678976032e-01 3.998553909008421003e-01 4.193945833673201062e-01 4.139114917709253438e-01 4.027405565333382342e-01 4.348097140814488060e-01 4.414174529037652728e-01 4.511030912115980285e-01 4.551965405905123996e-01 4.400559225271102326e-01 4.559429225599058166e-01 4.662873151388809978e-01 4.220579735711133540e-01 4.351638744992331054e-01 4.224499138761801387e-01 4.416335411237963249e-01 4.263605303409345737e-01 4.403067472245035252e-01 4.373515940727044637e-01 4.278340362206598524e-01 4.338422302239448580e-01 4.262805198285562480e-01 4.337927165915514971e-01 4.386609014903429804e-01 4.241314875313845212e-01 4.098204665183332596e-01 4.100497341137868124e-01 4.231219451778216456e-01 4.208141196588425781e-01 3.974165144963341390e-01 4.177530490902799931e-01 4.004155026013342389e-01 3.798360326955395605e-01 3.820341552502881100e-01 3.867833051864215110e-01 3.766549375180646697e-01 3.880979598598981450e-01 3.988588945055971946e-01 4.033990668244004651e-01 3.824968515076717646e-01 3.884003440960592801e-01 3.897978317168862006e-01 4.078091547958480612e-01 3.882315625479688670e-01 3.821608675101021424e-01 3.928349730267058360e-01 4.000379867520417188e-01 3.911980571251899574e-01 3.887128632883845025e-01 3.889936322156396509e-01 3.829118817016947118e-01 3.894483247851699970e-01 4.016348376871736181e-01 3.964238291516701818e-01
-5.188545930080999680e-02 -2.193655399220575085e-03 3.739942947827867847e-01 1.000000000000000000e+00 3.973353258987160075e-01 3.748091843716940819e-01 5.607853310844791439e-01 5.540845465923506241e-01 4.499874224621763230e-01 3.986527821012981754e-01 5.638110605591464264e-01 6.627796452569072461e-01 5.454727167958667300e-01 4.325589447443077273e-01 5.815753985505061063e-01 5.756589155229762111e-01 4.324365637412664332e-01 3.268006221849231174e-01 3.915910154963548884e-01 4.321639111045920134e-01 4.137616315360096997e-01 4.799279152717575436e-01 3.281792864941267540e-01 3.603815561234458009e-01 3.473715416533971201e-01 4.287596430986755358e-01 4.438078634197267780e-01 4.192038757187498410e-01 4.140757632272243360e-01 4.381960098954968963e-01 4.812568101568709400e-01 4.723300499508761296e-01 3.966068348997097703e-01 4.985537196720963293e-01 4.284018264029780254e-01 4.922089861366754082e-01 4.695561451806070652e-01 4.637755552505943846e-01 4.890426719604969996e-01 4.535287083069869940e-01 5.335579064892199685e-01 5.012896123241755708e-01 5.526474432022294714e-01 5.580851708648786325e-01 5.233360604631456248e-01 5.003217570868604414e-01 5.650005117027310231e-01 5.371573033610285153e-01 5.499009014625714231e-01 5.595248660576748190e-01 5.532576310402271824e-01 6.096209482848296002e-01 5.965771088320340754e-01 5.123772510352891940e-01 4.835746422642214215e-01 4.752252822473854166e-01 5.143654576996643524e-01 5.177998046164639101e-01 5.174009409306475904e-01 5.619671918311577308e-01 5.689992691496604804e-01 5.275732670754634812e-01 5.258506501217375950e-01 5.604189311248957139e-01 5.639997160202794291e-01 5.654229276686867367e-01 5.530419207780370439e-01 5.261668712566510697e-01 5.415451463746475680e-01 5.682727840610515280e-01 5.621896275071609494e-01 5.448605541152994336e-01 5.306024994193666577e-01 5.205685351306676978e-01 5.520458436988145978e-01 5.517442985867992977e-01 5.479987402996894241e-01 5.324985215251062387e-01 5.460406899345984222e-01 5.303550825747801456e-01 5.324912767087035537e-01 5.472011632155289185e-01 5.482448152634702421e-01 5.235586906763977089e-01 5.542170638044230380e-01 5.596943462957119086e-01 5.431992759978213625e-01 5.557207245521614825e-01 5.483968112305130926e-01 5.303841380138059058e-01 5.495034338067638080e-01 5.620232339175091907e-01 5.625488782050019898e-01 5.498939266094670097e-01 5.708880000599193538e-01 5.583889342840833159e-01 5.785682276108266020e-01 5.856193544682449792e-01 5.834283208209630756e-01 5.878096168900998064e-01 5.743408278727950567e-01 5.755272706575571551e-01 5.970347972666717462e-01 5.767280041642093291e-01 5.905000111900419180e-01 5.578108922416841198e-01 5.755015288180795885e-01 5.460056072061123533e-01 5.464610363475819188e-01 5.645711361357300673e-01 5.496646152801116791e-01 5.708984433749798582e-01 5.556396668751363288e-01 5.800120903730172639e-01 5.619465905064029432e-01 5.764399334266870900e-01
7.230215156024905054e-02 7.261976332293619552e-02 2.723805155176300952e-01 3.973353258987160075e-01 1.000000000000000000e+00 3.469976174501671617e-01 4.907496903946174105e-01 4.770766307381104077e-01 4.713513421945345061e-01 4.240341493914801529e-01 4.869262634496656639e-01 5.169655387356665299e-01 5.192700726317918125e-01 4.104197780200820045e-01 5.245110726404565993e-01 5.287846002277530877e-01 4.673241699664000270e-01 3.554868296746801493e-01 4.015949705628791278e-01 3.814870092547817393e-01 3.962739318053542514e-01 4.339469546228664765e-01 3.688844465031104747e-01 3.862732646140366599e-01 3.670936845054540432e-01 4.394548160591337238e-01 4.219528393140876132e-01 4.218421849499714993e-01 3.985248404678240486e-01 4.210962979047184751e-01 4.423840671020460302e-01 4.653495915333577537e-01 4.022833860701309772e-01 4.669194760230567787e-01 4.266975364837066187e-01 4.815199700396592397e-01 4.507384686581093480e-01 4.466073888099448275e-01 4.662638955755071257e-01 4.466936232841592358e-01 5.009529756607303819e-01 4.886026416919545534e-01 5.193521634179322222e-01 5.153090861591201888e-01 4.975825258042225752e-01 4.789333823435247273e-01 5.179802202567372893e-01 5.116792579815823139e-01 5.037073198107534511e-01 4.802175678078431376e-01 4.983152718175651863e-01 5.335734756300999360e-01 5.226378557112900669e-01 4.981500552539182558e-01 4.796737776554291788e-01 4.795832878006095479e-01 4.825681432224603329e-01 5.036768389094170573e-01 4.893779642705846644e-01 5.328675662969292182e-01 5.224910575624138742e-01 5.047563443851265097e-01 4.780112506969891872e-01 5.173264540979756188e-01 5.324849099343388348e-01 5.294176889445285639e-01 5.207818193123190387e-01 5.066997398001299446e-01 5.133109774841587702e-01 5.151607535077835642e-01 5.171455807948402983e-01 5.100319499229990505e-01 5.091201223923083052e-01 5.007489518129701889e-01 5.145852223779966428e-01 5.087051286160181318e-01 5.032194563156511258e-01 4.949491180551963687e-01 5.021995431362591411e-01 4.916660721654342314e-01 5.005248449084822582e-01 5.008586466378914803e-01 5.165588849776970859e-01 4.950316332249948270e-01 5.056687979762020113e-01 5.148754944067991390e-01 5.074794168458131027e-01 5.103765808597579001e-01 5.055153607350308942e-01 5.104066017905366515e-01 5.072145956047106052e-01 5.190767151079710429e-01 5.185907750919250825e-01 5.097081040226154602e-01 5.218853464292992905e-01 5.189886129941305715e-01 5.080783716670128625e-01 5.076308952579668965e-01 5.222876129960603020e-01 5.238574230634622797e-01 5.204769244716747068e-01 5.109986931771892671e-01 5.278319188635314241e-01 5.250672174799732028e-01 5.300250124689497300e-01 5.037484288224821638e-01 5.226318777023074569e-01 5.180197929579617444e-01 5.136225830544522974e-01 5.222746854592245080e-01 5.125077775196539287e-01 5.311594841907404385e-01 5.098802900655374781e-01 5.238405222759648927e-01 5.242348942845808102e-01 5.312677691559077875e-01
8.259702990265119227e-02 1.624210675277870941e-01 2.898845173902116490e-01 3.748091843716940819e-01 3.469976174501671617e-01 1.000000000000000000e+00 5.740857473616737261e-01 5.133672936016729915e-01 5.411613962126609056e-01 5.151532492586380352e-01 5.772316071191923026e-01 5.617935614202639316e-01 5.277043570306445552e-01 4.427056355053300973e-01 6.015744343973618014e-01 5.981444416842646161e-01 5.296474487654981855e-01 5.085771518819844905e-01 5.608765641686221937e-01 4.817697659623194073e-01 5.206609847746107578e-01 5.682786246454963885e-01 5.222971904609093885e-01 5.208603914874984087e-01 5.300215716940341881e-01 5.662248124826080309e-01 5.666477115162575906e-01 5.737777071601795065e-01 5.588597823911624074e-01 5.594317454705287629e-01 5.911369490287501360e-01 6.140378709973495219e-01 5.549435170830179231e-01 5.964913190714704605e-01 5.735270829819868466e-01 5.884976780522593875e-01 5.922233236015252977e-01 5.969714464861495262e-01 6.030825008720239744e-01 5.954532249617736639e-01 6.154893030776850127e-01 6.107511970889673014e-01 6.113536065580373879e-01 6.182100433034701803e-01 6.136399630000720640e-01 6.100250593229612495e-01 6.166980269664439351e-01 6.220617693688901273e-01 6.136063522011143689e-01 5.876656099865639193e-01 6.068843016417654335e-01 5.691763203715867192e-01 6.004872115205789340e-01 6.163061400047867844e-01 6.049195963600295656e-01 6.166078945949142742e-01 5.860767532334530960e-01 6.177766635683549223e-01 6.131466459820100745e-01 6.118918643876681829e-01 6.126293011937933297e-01 6.083435323478320056e-01 6.015615035335964977e-01 6.048021616447921689e-01 6.097536668392541381e-01 6.076210231942811291e-01 6.165936071006489216e-01 6.255548334198961502e-01 6.343637267527841850e-01 6.312861040679733637e-01 6.253865797328658216e-01 6.259232986421415790e-01 6.299377900670224406e-01 6.252305822411131642e-01 6.174980107994975098e-01 6.229448120669792699e-01 6.214215899787236541e-01 6.136873721583951946e-01 6.204758743825760092e-01 6.158997740446540137e-01 6.189210560596629662e-01 6.203197528347984546e-01 6.245292010735303823e-01 6.139691781548255456e-01 6.241951625996908781e-01 6.270504436130867054e-01 6.224796708572946091e-01 6.229683709973075079e-01 6.207602735232591318e-01 6.254356300881930286e-01 6.232353027334203155e-01 6.204757243877173645e-01 6.271788715796388081e-01 6.190881199861997253e-01 6.140684488365518723e-01 6.143917618763961030e-01 6.103010233268894025e-01 5.964721882784508322e-01 6.134986760229326208e-01 6.178547767844333460e-01 6.196570183237737339e-01 6.122562984492394556e-01 6.146291894075369688e-01 6.152163598749865736e-01 6.172194926509767532e-01 6.049903756896769513e-01 6.134767586579279453e-01 6.146182903108826645e-01 6.193350079244577255e-01 6.172536133417876325e-01 6.166894273651216674e-01 6.147829659085436438e-01 6.160650323158632924e-01 6.133869356717962518e-01 6.126682709656403603e-01 6.112034433460027394e-01
5.327920411603094542e-02 1.528552528905744723e-01 4.131324850622078437e-01 5.607853310844791439e-01 4.907496903946174105e-01 5.740857473616737261e-01 1.000000000000000000e+00 7.346352787772933990e-01 7.285630024840294983e-01 6.878333752223414477e-01 7.764406036398219246e-01 7.955961294216817858e-01 7.383133755692099509e-01 6.319423312105612034e-01 8.584592964394431869e-01 8.192054728531057428e-01 7.131031620072334487e-01 6.215473105831731404e-01 7.166678595130799856e-01 6.314443824965989549e-01 6.673971658565426290e-01 7.469020784962603354e-01 6.421124779973859109e-01 6.584299517997046491e-01 6.668494220789737970e-01 7.393063755417808025e-01 7.532296055381859645e-01 7.689860981032223819e-01 7.238921976635016575e-01 7.284471474104202704e-01 7.794141690549964974e-01 7.943995602797710998e-01 7.444786270478153112e-01 7.906598461857465843e-01 7.495307119252786476e-01 7.873351564544648351e-01 7.904643694830258971e-01 7.954585979345574209e-01 8.064873704994982573e-01 8.065456877196293117e-01 8.359141914658374528e-01 8.311027532680010932e-01 8.306700217711222578e-01 8.389684525273516380e-01 8.321198155965756627e-01 8.178276464924884026e-01 8.300599035758485789e-01 8.298856758948012224e-01 8.138928662253150925e-01 7.846174144046162979e-01 8.112083446978650692e-01 7.869954368458239591e-01 8.196661678972966270e-01 8.137625467184077532e-01 7.942180840479322601e-01 8.000704644974545587e-01 7.731857916075964843e-01 8.217379658590303615e-01 8.111812718516709930e-01 8.267174718163479152e-01 8.220487540304673990e-01 8.104183134846907333e-01 7.961850610408541806e-01 8.111465790942995469e-01 8.219258448198459854e-01 8.216594817155022934e-01 8.312134245846336533e-01 8.264142909910938695e-01 8.376158864384308789e-01 8.399893812747631916e-01 8.346574642461599414e-01 8.350065117129072956e-01 8.314860048482036747e-01 8.246683022743768188e-01 8.324562149020495738e-01 8.396783381033912086e-01 8.477035799366672286e-01 8.211563401526368322e-01 8.341782206880181683e-01 8.179934318529115123e-01 8.285927129219923248e-01 8.294572001707875009e-01 8.363784179809281571e-01 8.247287921023482848e-01 8.375038933922869244e-01 8.397655014017434416e-01 8.394119707228652194e-01 8.412275609039069346e-01 8.345466096561703351e-01 8.310091222175954861e-01 8.533229698992096379e-01 8.451885479285845548e-01 8.454607398785444206e-01 8.404980071862512281e-01 8.321127888145937179e-01 8.297399140240289128e-01 8.211586076059772532e-01 8.030257552793030884e-01 8.273843604491231130e-01 8.380395845908776842e-01 8.423831560848562550e-01 8.209622663389712915e-01 8.336415087903168430e-01 8.352045353379985437e-01 8.337219433569253990e-01 8.087084966960698118e-01 8.270535907396431297e-01 8.290377606529742982e-01 8.307934877198266399e-01 8.317583693110693899e-01 8.328038826420808283e-01 8.336257995275441202e-01 8.245704293605438107e-01 8.254551245812006277e-01 8.289636887887863459e-01 8.291699199480343507e-01
1.879085944734332561e-02 1.161224936214395598e-01 3.774141493947975601e-01 5.540845465923506241e-01 4.770766307381104077e-01 5.133672936016729915e-01 7.346352787772933990e-01 1.000000000000000000e+00 6.756003637647013393e-01 6.241990254354476964e-01 7.396242025248009888e-01 7.664801014991445838e-01 7.166864559938692647e-01 5.966979659556619353e-01 7.892075979335209102e-01 7.927501230683990929e-01 6.485388182383539091e-01 5.605688467130055530e-01 6.429685425219630046e-01 5.607764868845982464e-01 6.142076369022485549e-01 6.897733604147627817e-01 5.502417143199904714e-01 5.546796979530570493e-01 5.756179912996021164e-01 6.786382821009243616e-01 6.750622845951260720e-01 6.766119580301087622e-01 6.487716942682466570e-01 6.523900548414652834e-01 6.955001554427904242e-01 7.198530182385175502e-01 6.505135501145573595e-01 7.096085157449089076e-01 6.639669806328387658e-01 7.133033070440302215e-01 6.958370345184660133e-01 7.404874969586380251e-01 7.283622411400029195e-01 7.263391370160823257e-01 7.683753468423212274e-01 7.620828964658988847e-01 7.741529616252638135e-01 7.819601405607455868e-01 7.580363319319901594e-01 7.477776200025669784e-01 7.867994071149210233e-01 7.745827714507084183e-01 7.810559577548689125e-01 7.659122158176293604e-01 7.848522541881508552e-01 7.585568028659688267e-01 7.860534935288090441e-01 7.645527697222308516e-01 7.557249102522991535e-01 7.469637282381637045e-01 7.451312116537103236e-01 7.741636995211060857e-01 7.801509689644040568e-01 7.735695639850385108e-01 7.855078616112228795e-01 7.676106117559273745e-01 7.701040329325760103e-01 7.653851614358521127e-01 7.662992872894057728e-01 7.744309629555131691e-01 7.799942434556305093e-01 7.696529847956524728e-01 7.730059629722262349e-01 7.797510930605990875e-01 7.846443032792915773e-01 7.805289719129753223e-01 7.564329863803187504e-01 7.479229157749955892e-01 7.761873993268835203e-01 7.749366089634560639e-01 7.721199888209386852e-01 7.618947490938862144e-01 7.712387464161932771e-01 7.545937727186324828e-01 7.623177543215159391e-01 7.712361031705408099e-01 7.776852659329436257e-01 7.582295181003536610e-01 7.826769284725390019e-01 7.784311310812815909e-01 7.680303327545676684e-01 7.897692283230758337e-01 7.749255400330919974e-01 7.755661389800645455e-01 7.771080000782393249e-01 7.849478628579708017e-01 7.855030147094371751e-01 7.810581750802653156e-01 7.882075668834337412e-01 7.824016196853927907e-01 7.917984423605226585e-01 7.836136016490633516e-01 7.967700729366381518e-01 7.994997235315742801e-01 7.920294973707810993e-01 7.929798358486117582e-01 7.929745452646698167e-01 7.929877855297565725e-01 7.923596538519075416e-01 7.770302804147631859e-01 7.892753794618964092e-01 7.767913335644479611e-01 7.861626277755188186e-01 7.891803936842665124e-01 7.897881339470768092e-01 7.856393057702312221e-01 7.857775318895731109e-01 7.863230539862430257e-01 7.803137311939087883e-01 7.854623213184189767e-01
2.295121488091724227e-01 2.676710993132344618e-01 4.346571050412502690e-01 4.499874224621763230e-01 4.713513421945345061e-01 5.411613962126609056e-01 7.285630024840294983e-01 6.756003637647013393e-01 1.000000000000000000e+00 7.658782451533392432e-01 7.950007624814084961e-01 7.543166610501695901e-01 7.542593061932868492e-01 6.449665453235950974e-01 8.179295770526677778e-01 8.192775067255351207e-01 8.042589476571352369e-01 7.457601202209509506e-01 8.080047809813499793e-01 6.599397438691825268e-01 7.709570897356338159e-01 8.265032858743081023e-01 7.487682984011787557e-01 7.147021002860410865e-01 7.640530632530856403e-01 8.398329272082112329e-01 8.325196128538944196e-01 8.245913676876093223e-01 8.181366403360934569e-01 8.311298424625752634e-01 8.566823808203873902e-01 8.523240515813349516e-01 7.968682092787630067e-01 8.170851635572742300e-01 8.241645681044468263e-01 8.314302346845604541e-01 8.374848402247511148e-01 8.361394840673708195e-01 8.510237592810176999e-01 8.131680061772886825e-01 8.677860160939329104e-01 8.521838271437892631e-01 8.414266346361427562e-01 8.691271062342491582e-01 8.650423508179699850e-01 8.572944075001708297e-01 8.562598087695350024e-01 8.737090516636918380e-01 8.492681290083777812e-01 8.042219242544773605e-01 8.466118558621902324e-01 7.891971317470618530e-01 8.235895018872051443e-01 8.755679287274641398e-01 8.655805664736884175e-01 8.727360399841207483e-01 8.400306220849848016e-01 8.727374582119495905e-01 8.596508745768138837e-01 8.736210319407903269e-01 8.599791539972924115e-01 8.681870245723410928e-01 8.343074648893445966e-01 8.573325625201589917e-01 8.707051284469220498e-01 8.670303530835501427e-01 8.683698374159841693e-01 8.782117299887512996e-01 8.760308660614717358e-01 8.676262044348728164e-01 8.766130831174773208e-01 8.799116210414574812e-01 8.615722771954638093e-01 8.747499399589814262e-01 8.731005270436329457e-01 8.768409948277393617e-01 8.628985490651621681e-01 8.746020597653278994e-01 8.677120704289684738e-01 8.769456173731215998e-01 8.804371452272496956e-01 8.735688609155176643e-01 8.725984224062722783e-01 8.706359684356044237e-01 8.567465153431599312e-01 8.649730111334745786e-01 8.652230844031378876e-01 8.579030961858543636e-01 8.613810583671790422e-01 8.754163090956518234e-01 8.536015805407755064e-01 8.566193554868859472e-01 8.669127108888647903e-01 8.606554096346284988e-01 8.502848786238260681e-01 8.571235726205486127e-01 8.211350217575086319e-01 8.183576111548954701e-01 8.460840191157679158e-01 8.450391254861286949e-01 8.499260900647911399e-01 8.388304335635111686e-01 8.421511869389591842e-01 8.530738419731591637e-01 8.523646658142500776e-01 8.410537826895532199e-01 8.464692755737154295e-01 8.661607701214538713e-01 8.646258735673942875e-01 8.585421472780188079e-01 8.547825559975856802e-01 8.617514423150028913e-01 8.546233229262132358e-01 8.500921702283554815e-01 8.646962287669963665e-01 8.607401459099185415e-01
1.228794197313967662e-01 2.438971465762185820e-01 3.656137876695027544e-01 3.986527821012981754e-01 4.240341493914801529e-01 5.151532492586380352e-01 6.878333752223414477e-01 6.241990254354476964e-01 7.658782451533392432e-01 1.000000000000000000e+00 7.483767459865792171e-01 7.168122881928891132e-01 6.960870508271963519e-01 6.050571649165773502e-01 7.736752192530754746e-01 7.727189047364672048e-01 7.279367547807245042e-01 6.813884879578828713e-01 7.379974959798196732e-01 5.750411128698734720e-01 6.882932495847857712e-01 7.488427725687109016e-01 6.823315602783422973e-01 6.346770582758989310e-01 6.879385141684809524e-01 7.898772869962955578e-01 7.748332629247360881e-01 7.724484895211888302e-01 7.673078451471836425e-01 7.864983510417011825e-01 8.061327024072456604e-01 8.006720435289874649e-01 7.550205786817770770e-01 7.568421182205065101e-01 7.811434799968357545e-01 7.733556111862357474e-01 7.994884042887926423e-01 8.057567510385877929e-01 8.110571670520879684e-01 7.851278375038275303e-01 8.211074851006255892e-01 8.133226405741181830e-01 7.888102693862448778e-01 8.170939691342414823e-01 8.164963390023183276e-01 8.210557160670064469e-01 8.146037751224549650e-01 8.327454530993604331e-01 8.132544324312203088e-01 7.564992843606519468e-01 7.992457753028259226e-01 7.198502119257430554e-01 7.754450159715824409e-01 8.367541099228511525e-01 8.356845740897701491e-01 8.337556549666096384e-01 7.912378388875546120e-01 8.281969092612652128e-01 8.215719123470457408e-01 8.167959176148316125e-01 8.102940532152721476e-01 8.236819197082324573e-01 8.050372231649762789e-01 8.052481540989455677e-01 8.036831191728472934e-01 8.090585714963379749e-01 8.212742324299554530e-01 8.279465487699035897e-01 8.257042845646739293e-01 8.096720036575421053e-01 8.170161229678063464e-01 8.291803716858763273e-01 8.032823143400004140e-01 8.156982752496007016e-01 8.303130487529933879e-01 8.302190748995673664e-01 8.208726072030447796e-01 8.269599578857382838e-01 8.278306838687566893e-01 8.335240772754232141e-01 8.351749933807471882e-01 8.298442923202962174e-01 8.237234187848038180e-01 8.293338868720545598e-01 8.153218084244551189e-01 8.170203788326462213e-01 8.212561540309614161e-01 8.241410212489103104e-01 8.257862672618754285e-01 8.332391976050853577e-01 8.163533235412749889e-01 8.189460804947757966e-01 8.218744177400719719e-01 8.233293627380836588e-01 8.124898981201996717e-01 8.198555490481893582e-01 7.894020298152023551e-01 7.813705432328050815e-01 8.083411227037589075e-01 8.069237118876178005e-01 8.085770456297803888e-01 8.048028130835348515e-01 7.963131648435940457e-01 8.114510720363833363e-01 8.003801993654678926e-01 8.031456123576712347e-01 8.110213597961550835e-01 8.285148014721539500e-01 8.287519103785968566e-01 8.184883484201302961e-01 8.212352488471739154e-01 8.161254532219061053e-01 8.194415937284827978e-01 8.075539496419766872e-01 8.156427171195467229e-01 8.129687132059463250e-01
6.147741843105914566e-02 1.799459728995539409e-01 4.300716220174027882e-01 5.638110605591464264e-01 4.869262634496656639e-01 5.772316071191923026e-01 7.764406036398219246e-01 7.396242025248009888e-01 7.950007624814084961e-01 7.483767459865792171e-01 1.000000000000000000e+00 8.578871735947349864e-01 7.923275294931839685e-01 6.843670535607861982e-01 8.799443590563696960e-01 8.688017372576816166e-01 7.897716947982678093e-01 6.785071816906539377e-01 7.783039795599456800e-01 6.101387359580383585e-01 7.242131854555737824e-01 8.049900769298836689e-01 6.782512913503617735e-01 6.530107569874123996e-01 7.034685530553934640e-01 8.136662411118422700e-01 8.141757703725545081e-01 8.087322819988568279e-01 7.914956271481333738e-01 8.105595397921765422e-01 8.565675990316512500e-01 8.412692328763214933e-01 7.854029550893882883e-01 8.184724096750488620e-01 8.072282983900412878e-01 8.391404198745182619e-01 8.474681537076379501e-01 8.493748931728229978e-01 8.641301691630502990e-01 8.377998882598021169e-01 8.920121841809903751e-01 8.762078839155289511e-01 8.796156171993476658e-01 9.012786077280366959e-01 8.858453239828113501e-01 8.788798748854609322e-01 9.023701701086830340e-01 9.011970911014496322e-01 8.932698095684468154e-01 8.505674794148913032e-01 8.853494100050197657e-01 8.552789464328798275e-01 8.868673483166246152e-01 8.929257153494527532e-01 8.807829869245140664e-01 8.716930947988951184e-01 8.665721154024024209e-01 8.963438297444977776e-01 8.928756276503995171e-01 9.037809100440519217e-01 9.020504966215925347e-01 8.960763843561820874e-01 8.826969826035470090e-01 8.921256933637756736e-01 8.987785876308971300e-01 8.997559567474106013e-01 9.049289041652067711e-01 9.002401942840426718e-01 8.964352637018538905e-01 8.902148742603080978e-01 9.040100847032777054e-01 9.056814836758739773e-01 8.756213964473948952e-01 8.825247920403332946e-01 9.085150555172659681e-01 9.082617767535517972e-01 8.990261151944509699e-01 8.963012166188226715e-01 9.002102427506567528e-01 8.998609302065525561e-01 9.024755875022844043e-01 9.086076224049883798e-01 8.991655623100172079e-01 8.930665393193704116e-01 8.917764843376180250e-01 8.967318637772575540e-01 9.026209102290986275e-01 9.012437221983212732e-01 9.032942116857638482e-01 8.986181735766006762e-01 8.987245339926853704e-01 9.045352449143461149e-01 9.078731138171177717e-01 9.044253943982291100e-01 9.034456829920507470e-01 9.040868162007695830e-01 8.840157610198949856e-01 8.802010833499084308e-01 9.016375608175408729e-01 9.007466747552650421e-01 9.034663426639338857e-01 8.996208397676627166e-01 9.016823129803624992e-01 9.057559771892342848e-01 9.027333492239495438e-01 8.895252389011827354e-01 9.014309199491612468e-01 9.037528980467675055e-01 9.045007892276863970e-01 9.058828059172295832e-01 9.024008386343319588e-01 9.067959869581763144e-01 9.037079743577584034e-01 9.010607867146920302e-01 9.079140728824383055e-01 9.052289842687797350e-01
-5.838569715093341189e-02 8.080935384139910360e-02 3.816999317885843568e-01 6.627796452569072461e-01 5.169655387356665299e-01 5.617935614202639316e-01 7.955961294216817858e-01 7.664801014991445838e-01 7.543166610501695901e-01 7.168122881928891132e-01 8.578871735947349864e-01 1.000000000000000000e+00 8.108046520229337251e-01 6.895865374865637332e-01 8.954868324446674244e-01 8.838481829002257095e-01 7.469408382616746778e-01 5.617695899080461519e-01 6.804747860719098096e-01 5.686503382523959704e-01 6.385430161975172991e-01 7.394009106387086083e-01 5.738293751289315070e-01 5.718615837806534374e-01 5.914341968743140887e-01 7.355434759681791501e-01 7.311753198136348164e-01 7.244586078376687999e-01 7.076324971676458686e-01 7.314810814895252866e-01 7.988409593356855520e-01 7.948765436430111908e-01 7.096698738578762766e-01 7.787482371900865674e-01 7.328745457604749491e-01 7.988172106797143401e-01 7.981993143078472963e-01 8.134363794362193811e-01 8.270628670456223741e-01 7.897897117237067111e-01 8.707541858889233932e-01 8.448321138565411115e-01 8.687967188575450583e-01 8.938445420906563355e-01 8.523270946791221547e-01 8.504066807192010025e-01 9.114346941190017981e-01 8.927667436731188122e-01 9.030101544784415735e-01 8.580730843690425047e-01 8.861935045682260981e-01 8.781990438417973666e-01 9.091843223845467170e-01 8.749450166645432736e-01 8.550849932948043630e-01 8.320146541809113616e-01 8.578702742508923507e-01 8.755578800177489240e-01 8.840245924650856901e-01 9.043959327159083461e-01 9.115642922777459356e-01 8.893613736223053845e-01 8.878635349279273559e-01 8.984130729021115869e-01 8.923024547080175006e-01 8.984244009256134866e-01 9.021286767683869279e-01 8.741260921182880672e-01 8.781367641851731687e-01 8.776756956023128442e-01 8.837142474918313617e-01 8.868959547445787184e-01 8.520515006770452704e-01 8.438987729402183113e-01 8.963272888060973553e-01 8.894330851148006811e-01 8.851519194638480803e-01 8.723982009367652335e-01 8.884934454577170237e-01 8.764406151685100177e-01 8.784630999924578632e-01 8.930098269494161078e-01 8.843397158891261878e-01 8.700437168722245929e-01 8.796230868943706316e-01 8.866632885779582862e-01 8.891930522228442824e-01 8.948494004694240722e-01 8.981045857706253521e-01 8.796946374531406931e-01 8.869271465450364600e-01 9.041166650154763840e-01 9.021373265618682913e-01 8.998423066823154626e-01 9.161461483705524156e-01 9.121682335756428062e-01 8.990709919404475947e-01 9.026966264387430439e-01 9.152884697829095639e-01 9.122383021921187662e-01 9.052073162167688647e-01 9.124258553252351245e-01 9.206783892177236028e-01 9.154919421885677755e-01 9.100398169740344656e-01 8.965127214853046977e-01 9.176184421095772148e-01 9.027536655889200068e-01 9.008971817708578689e-01 9.111733880014097897e-01 9.034319075285912604e-01 9.152499274036434151e-01 9.091295701200662327e-01 9.131376330297519273e-01 9.079396777036261579e-01 9.131921674449703374e-01
3.491324453250765208e-02 1.191332653583490331e-01 3.435581346420176763e-01 5.454727167958667300e-01 5.192700726317918125e-01 5.277043570306445552e-01 7.383133755692099509e-01 7.166864559938692647e-01 7.542593061932868492e-01 6.960870508271963519e-01 7.923275294931839685e-01 8.108046520229337251e-01 1.000000000000000000e+00 6.575502240224260220e-01 8.427121813563285269e-01 8.366255694999181758e-01 7.265891503868282530e-01 5.660148006541602106e-01 6.783392195277744285e-01 5.452799476150174129e-01 6.227263244101781670e-01 7.119049627498719168e-01 5.660870113682414662e-01 5.676670711893955223e-01 5.919574503786313446e-01 7.329680670217890714e-01 7.190861171419763442e-01 7.234467398714018449e-01 6.909241996882367065e-01 7.167241926405407693e-01 7.691671724306918811e-01 7.527653141347254717e-01 6.904387365408437560e-01 7.375445124083612747e-01 7.181330732595403443e-01 7.569308387936722893e-01 7.657990385897226471e-01 7.709177444188064499e-01 7.855998716841610108e-01 7.514279020694744071e-01 8.384894394535102879e-01 8.128248630481988979e-01 8.294751173212273621e-01 8.504209162880296269e-01 8.133024170803940800e-01 8.180536040441128698e-01 8.579042146821452830e-01 8.495418211931112795e-01 8.428349715873748593e-01 7.899702046288297197e-01 8.305525300852896198e-01 8.181509749354264338e-01 8.457603369486306200e-01 8.351402388315254388e-01 8.167190481891453135e-01 8.000315045824639704e-01 8.015818458813463998e-01 8.372035642915167664e-01 8.321369363346859949e-01 8.592927291643929211e-01 8.567859821565163569e-01 8.410869346638653044e-01 8.205248272475810234e-01 8.464601663638932072e-01 8.489965992812271711e-01 8.495320619258115435e-01 8.562364948150482657e-01 8.383178647671494232e-01 8.323689235369774453e-01 8.313870095721380693e-01 8.415412395408445878e-01 8.459913324935612877e-01 8.122794242747480853e-01 8.118997138479269182e-01 8.538675542088258741e-01 8.497159352036711688e-01 8.417029102461781598e-01 8.310097425667322124e-01 8.380843365083581187e-01 8.332841787771025910e-01 8.380386089565219354e-01 8.470999299580469488e-01 8.375121991116529774e-01 8.304111232145535704e-01 8.303016566739670479e-01 8.377986927293593622e-01 8.430677542822755388e-01 8.439620719858269560e-01 8.465176343286354710e-01 8.393583927846690607e-01 8.380905743379500894e-01 8.582721798755692522e-01 8.533547538400747534e-01 8.516737156155141930e-01 8.618809427850447902e-01 8.600796975206732586e-01 8.365064058061706387e-01 8.370348497411737032e-01 8.579237414150401309e-01 8.532265402568820489e-01 8.555912772352841644e-01 8.511020246051576033e-01 8.617748878592224049e-01 8.637930839569959440e-01 8.582265268897463217e-01 8.384288056615265550e-01 8.593155752273325954e-01 8.578264651984978117e-01 8.538419765447921028e-01 8.602785566521928828e-01 8.520965178966085629e-01 8.661830228355961170e-01 8.544250752742004185e-01 8.604056407715878763e-01 8.567993757027625445e-01 8.616719238373512502e-01
