1.000000000000000000e+00 1.187822893717187522e-01 7.121641739296497020e-02 9.971193295689689817e-02 -2.044168177493204883e-03 -5.210270502532501902e-02 -3.949856078928100779e-04 4.373251947604498563e-02 8.854922193154651788e-02 6.372326149430328213e-02 8.494232693295184281e-03 1.697701159309935454e-02 2.114966563863033763e-02 -1.252751164462724554e-02 2.362148037875325471e-02 3.985471281536039079e-02 9.378297162893936556e-02 5.186318822991031058e-02 2.381157032958061345e-02 1.869522348728925865e-01 2.176397977779881421e-02 2.441783371585677306e-02 5.308671226927730996e-02 5.035859423542487709e-03 -3.167882624595507596e-02 4.021665023009567130e-02 3.308340683675778382e-02 1.023556675531013538e-02 6.585808350348698603e-02 5.674061264968483648e-02 2.717202314743762809e-02 5.583526602517346893e-02 1.239703305827916623e-02 3.660097578632730275e-02 3.449202794706766884e-02 -7.126883738233032520e-03 7.023397436638387573e-03 1.476570070746581476e-02 3.699592239810949989e-03 -3.655743176414390228e-02 -1.010751777465219861e-03 -1.386247280819570896e-02 -1.794734267979358408e-02 2.210550884185040650e-03 -7.055926922154245233e-04 7.759475498846445107e-03 1.162781499974133506e-02 3.370093579624511976e-02 4.905571448838115522e-02 4.635402598529321516e-02 2.351750942992813717e-02 1.577745292877735924e-03 1.296788864497634870e-02 5.833378650919947284e-02 4.169443993325423065e-02 1.221695112811137414e-02 6.370102520142888192e-02 4.992580686172526719e-03 2.986083906410540167e-02 3.688600547951708525e-02 2.248815563889705257e-02 2.155682053576427407e-02 3.530252381961366398e-02 3.908679330681606029e-02 5.988088029482449559e-02 5.511390570043787906e-02 2.755423152312535748e-02 1.850147535582421371e-02 2.281058976516696715e-02 5.142527262073869759e-02 8.561031576939468618e-03 1.201276701383183557e-02 1.736686790506258155e-02 -4.983115394870867541e-03 1.140759114350290392e-02 9.293847548448256474e-03 5.633353466483972775e-03 2.964855078462834415e-02 1.949115722248549037e-02 1.870315569087615398e-02 6.891453395667829739e-03 7.648294621731480461e-03 3.132454218339804364e-02 8.574939703663094978e-03 1.758834119181867592e-02 1.902837986350910254e-02 -1.838550170317112945e-04 7.160140354654983066e-03 2.575211884085932060e-03 5.392003244377931333e-03 -7.314138861698022374e-03 -2.974179992695905918e-03 -2.088113629976468509e-03 1.495509913262489188e-03 4.180286115420860441e-03 1.080704645836201051e-02 1.048340541648933207e-02 6.335817591908121660e-02 2.843753490627060065e-02 9.244694599791198827e-03 -1.138119198216460022e-02 2.853868402570164386e-02 8.515341899879510373e-03 2.560165241018222838e-03 1.653312555865452116e-02 4.020000147687303321e-02 4.266704070377963509e-02 1.276140642263241289e-02 1.379209111778086604e-02 1.079914484583113961e-02 4.033919054341445799e-03 1.957772056974534103e-02 1.656345316651063743e-02 2.934274196716916278e-02 2.469804645171733148e-02 2.986651576313600551e-02
1.187822893717187522e-01 1.000000000000000000e+00 8.575208884041159163e-02 9.377722033886627673e-02 6.958501896610611026e-02 9.220179715192060310e-02 1.356947555473939082e-01 1.264623680950050233e-01 1.681238272980732362e-01 1.683558831517931176e-01 1.387958282723428527e-01 1.344850934455341651e-01 1.244082544209380026e-01 8.742024647313763330e-02 1.382748643840489289e-01 1.413240728522644485e-01 1.545876705481622759e-01 1.171701261421783380e-01 9.513345155836699929e-02 2.087406891342014348e-01 8.899028453542001671e-02 8.649779621379535821e-02 9.658553971101005442e-02 7.770185737693929839e-02 6.490758817008540627e-02 1.432121769128466560e-01 1.360845386012898284e-01 1.201871018304771638e-01 1.546297262221233426e-01 1.297559333508210844e-01 1.497435821030565217e-01 1.387662606997003556e-01 1.023170585417921413e-01 1.132167400253610845e-01 1.264362329728351553e-01 8.837235190949581376e-02 1.141917485856295128e-01 1.225558064593070678e-01 1.126473308214464703e-01 8.866441142089338812e-02 1.400484311826394879e-01 1.159609143910608625e-01 1.042287804617603730e-01 1.333250749153729320e-01 1.132485204990195393e-01 1.397868677096567591e-01 1.508694210562233073e-01 1.730893141249910117e-01 1.531036371522109807e-01 1.180372179208005884e-01 1.286863237575500141e-01 7.492210556590907233e-02 1.287531171078991343e-01 1.848931220663009023e-01 1.725391875697574740e-01 1.396195920887210173e-01 1.552125124924478572e-01 1.408325805835897171e-01 1.663665639805206597e-01 1.630847581630050502e-01 1.299269535802456410e-01 1.607147216052924876e-01 1.572210908950599229e-01 1.426950768820113291e-01 1.386111807160139153e-01 1.569964540333583791e-01 1.488105077031885437e-01 1.332767016918959546e-01 1.440311897146163977e-01 1.612885257291098440e-01 1.309089595537474837e-01 1.297765694867655806e-01 1.369963023124968204e-01 1.195386766354188945e-01 1.390450486835171640e-01 1.400592384123200973e-01 1.309344020440489087e-01 1.482873941768516890e-01 1.410942720007558049e-01 1.355323719382920955e-01 1.317119500787607977e-01 1.435813457347337174e-01 1.429082628828089729e-01 1.308126332375981749e-01 1.268395920635185248e-01 1.285671460886870787e-01 1.300048982053503555e-01 1.350227494595848954e-01 1.261225447754255324e-01 1.455583479904754840e-01 1.224962280629751238e-01 1.370290360740075153e-01 1.303216962347014118e-01 1.392220680934233568e-01 1.521195144061322502e-01 1.536268040421400749e-01 1.121661961268789059e-01 1.356027461770862863e-01 1.366864691846571278e-01 1.311597432490750614e-01 1.198510362735967921e-01 1.431161326363291353e-01 1.318013064189219596e-01 1.364672997275452049e-01 1.241428451088280316e-01 1.487332777092209568e-01 1.500832178315118781e-01 1.569283282880394592e-01 1.537063162282793216e-01 1.528983387611124733e-01 1.489459857785687402e-01 1.563472446218858170e-01 1.558325308154289712e-01 1.450110956158356945e-01 1.385010375623550727e-01 1.465596971054928532e-01
7.121641739296497020e-02 8.575208884041159163e-02 1.000000000000000000e+00 3.313861061843489386e-01 1.553600528969092121e-01 2.179029733669149149e-01 3.324318401339331763e-01 3.300914008020149337e-01 3.450991726015094074e-01 3.222138819858809122e-01 3.459201482738852862e-01 3.736483847985981321e-01 3.231011468959767985e-01 2.798827691579695021e-01 3.763326152865549279e-01 3.696555619154816008e-01 3.507082845794618486e-01 3.490872901274730822e-01 3.684389674916713764e-01 3.158969322662489310e-01 3.632403111081994873e-01 3.800390706081348546e-01 3.780223543506608386e-01 3.425263158128435403e-01 3.462418539262991923e-01 3.881429613587787375e-01 3.763245203102951186e-01 3.716607004854031171e-01 3.524333229424846392e-01 3.915341995988756429e-01 3.901235754483417528e-01 3.860358636193744752e-01 3.698331834399862239e-01 3.763207367425430716e-01 3.838108055210869285e-01 3.613662880382914055e-01 3.857638571680314654e-01 3.653621860069324878e-01 3.674102657245846837e-01 3.662390206752620392e-01 3.607357109944119844e-01 3.717148349657423134e-01 3.700996226752860108e-01 3.750396074226720056e-01 3.844700585510129054e-01 3.825957994156501396e-01 3.689397890938535540e-01 3.731926137417528877e-01 3.821448440136544500e-01 3.803340160263289915e-01 3.809480981038003145e-01 3.622121686327238743e-01 3.742299352675271806e-01 3.700442172193832979e-01 3.793800344674273517e-01 3.756733022834544689e-01 3.863181404850028478e-01 3.744737831538906270e-01 3.767063110803761661e-01 3.709795820142322564e-01 3.852360980666444945e-01 3.740059774950385552e-01 3.779683085039758916e-01 3.765732227818758826e-01 3.732009573762369858e-01 3.764565622512842102e-01 3.751085440387705305e-01 3.830770962347779807e-01 3.826979789653938147e-01 3.851858767890329882e-01 3.815554834160507780e-01 3.773263316089704444e-01 3.805693502861934863e-01 3.808113488699842453e-01 3.797011340138123914e-01 3.776652355771124014e-01 3.766495601610888033e-01 3.747297895831831482e-01 3.783050929043464405e-01 3.821054117803672767e-01 3.775970149449061619e-01 3.776063817710730297e-01 3.747372014392187367e-01 3.803287569674111968e-01 3.745234415853124221e-01 3.749155527799620802e-01 3.768097273978558426e-01 3.730193916810157773e-01 3.751539913553159078e-01 3.774118303363735993e-01 3.790523887736743092e-01 3.726396772175644689e-01 3.779946746847932526e-01 3.743331807923908072e-01 3.653102555456791967e-01 3.683193801424864966e-01 3.781166563761359511e-01 3.797643019180274582e-01 3.807908722617469599e-01 3.754986946348060073e-01 3.785486148994627320e-01 3.799041204952309236e-01 3.731411435589945813e-01 3.741188887878378333e-01 3.749390842744452779e-01 3.834985146043399240e-01 3.798817168386734999e-01 3.695309476305639329e-01 3.756618677493188119e-01 3.715405326600121350e-01 3.723668939581053494e-01 3.703076126891751141e-01 3.732807918290374505e-01 3.764869041257604132e-01 3.671106448601783590e-01 3.748259576092858869e-01
9.971193295689689817e-02 9.377722033886627673e-02 3.313861061843489386e-01 1.000000000000000000e+00 2.952343725560599985e-01 3.928984259379320609e-01 5.762830327454915302e-01 5.734757223259308034e-01 5.708686718060880239e-01 5.249716040196259481e-01 5.790942603315124559e-01 6.195807143234546288e-01 5.327651801492859773e-01 4.755053852953221583e-01 6.187682973476932302e-01 6.193784588562999405e-01 5.611234347067886041e-01 5.976384682464248588e-01 6.041491914025582943e-01 5.348849904873622663e-01 5.921499721982175224e-01 6.353242301132847603e-01 6.429113949587114130e-01 5.809581883733495600e-01 5.783617524362225648e-01 6.466079265360841211e-01 6.191359323932477121e-01 6.422161751217363435e-01 6.002841480205953761e-01 6.493746557325116298e-01 6.148351514752417035e-01 6.403683655233460836e-01 6.138774137705949041e-01 6.245231997446726302e-01 6.265100900360556224e-01 6.053628025065613816e-01 6.238942870809958130e-01 6.257031387338858330e-01 6.252890917743014754e-01 6.098502159939304113e-01 5.948635197532455843e-01 6.172203310871081650e-01 6.275550137458065780e-01 6.234737260460654351e-01 6.297569957349107295e-01 6.222584759159847101e-01 5.952758385470304781e-01 6.048636984639881309e-01 6.141567184979899174e-01 6.177034672816018590e-01 6.238512901496148233e-01 5.973541156776777106e-01 6.042336493641302653e-01 5.972664730095358365e-01 6.208655407589168673e-01 6.273262705368002345e-01 6.113629593424357855e-01 6.020279207295026191e-01 6.083334507477889952e-01 5.969235035641149434e-01 6.224396718070568379e-01 6.012124756919287050e-01 6.046029778365917817e-01 6.140443398576604928e-01 6.086649568822480871e-01 6.036765253568754375e-01 6.033104384342398152e-01 6.186743401896016570e-01 6.251907758128822934e-01 6.212140011564523112e-01 6.213453136333928484e-01 6.147869441330632290e-01 6.202794463788773305e-01 6.153659905903590133e-01 6.187295418834207750e-01 6.105907245946680106e-01 6.172649319023332248e-01 6.114462225513163096e-01 6.205520512259965482e-01 6.209976251380098233e-01 6.196017416286082602e-01 6.056487020174533553e-01 6.222660179789668566e-01 6.218456270924332951e-01 6.199512484145867086e-01 6.154040686892462420e-01 6.118391592849024008e-01 6.220827241521015294e-01 6.166729153924661588e-01 6.222476122497762052e-01 6.214139566042172769e-01 6.064022124277066439e-01 6.121005437417382788e-01 6.118852660750018213e-01 5.875835386591435894e-01 5.936117699215552879e-01 6.257792419929655292e-01 6.206284370686763197e-01 6.138629878228513137e-01 6.220453782189466763e-01 6.185129971351482903e-01 6.150239209088730341e-01 6.084924181342569183e-01 6.102017002791977340e-01 6.107247859618194497e-01 6.149883163630958105e-01 6.146220695360392616e-01 6.009891634738527832e-01 6.102385485635006823e-01 5.948062136017416845e-01 6.077609268941944753e-01 5.968222375476774921e-01 6.000229091997072439e-01 6.141412985217904463e-01 5.996520230556721121e-01 6.066376662047205937e-01
-2.044168177493204883e-03 6.958501896610611026e-02 1.553600528969092121e-01 2.952343725560599985e-01 1.000000000000000000e+00 2.989893396605706188e-01 4.377802431544731698e-01 3.963530506052924673e-01 4.089898538950383911e-01 3.972371771259022855e-01 4.240273770447835489e-01 4.433510918652453503e-01 4.315116975532328203e-01 3.703017361327049506e-01 4.671441468086030002e-01 4.466193649464658133e-01 4.104047989622645609e-01 3.940583839363026586e-01 4.209170382020888668e-01 3.318042065343434488e-01 4.020020354812622321e-01 4.192152779308335742e-01 4.013778167152892151e-01 3.992806864418179669e-01 4.267571222680069387e-01 4.670848798318333883e-01 4.281227582208559368e-01 4.485523118570809431e-01 4.355330955861480002e-01 4.381816261215910058e-01 4.540323013976075295e-01 4.621875331914021001e-01 4.349727520556287974e-01 4.610451940080622646e-01 4.410713796407473297e-01 4.339584053926877072e-01 4.363312455968976211e-01 4.652843435331782684e-01 4.637140327069590451e-01 4.462225654217797377e-01 4.689437936050900868e-01 4.621675273198558309e-01 4.460424000255646115e-01 4.573372978338502981e-01 4.538355630978555544e-01 4.551568635270779040e-01 4.657370182168216188e-01 4.669578026439914487e-01 4.631732835229310230e-01 4.659764966592005453e-01 4.678455528651796480e-01 4.506438604428945616e-01 4.568611083446229570e-01 4.470818507113087370e-01 4.506744209753519859e-01 4.651310486356285412e-01 4.523976271674381988e-01 4.539939606934763616e-01 4.548818520521068498e-01 4.614475986492466153e-01 4.599176653674209581e-01 4.499499314097750724e-01 4.514673407052927634e-01 4.559410750967084480e-01 4.612807713918267716e-01 4.587226307736191888e-01 4.714599797442642903e-01 4.642960307214926141e-01 4.689282336057317702e-01 4.604371892958936119e-01 4.640334329349131148e-01 4.673735188509141603e-01 4.618342182161310761e-01 4.657325349980467877e-01 4.671608560673559674e-01 4.644079804755287255e-01 4.632362475133279256e-01 4.672692291568819045e-01 4.624659175560478785e-01 4.592894554312395017e-01 4.598156718870410331e-01 4.638696015158987884e-01 4.694740251560247102e-01 4.637452315060299757e-01 4.710055193170601950e-01 4.749938055937946713e-01 4.639158297399691988e-01 4.728773455812335658e-01 4.694317235088896756e-01 4.625381665062729408e-01 4.662355582862129366e-01 4.725812850744698923e-01 4.703969262163976706e-01 4.683930946939582340e-01 4.704037650102976809e-01 4.701028401973842974e-01 4.681164512239867626e-01 4.676494699853717685e-01 4.701527263262506029e-01 4.728125517350819096e-01 4.697045071903421798e-01 4.638586023264241742e-01 4.663913600953292216e-01 4.660097200264747275e-01 4.716475611528848644e-01 4.570817617342293193e-01 4.683564159828951801e-01 4.687349934199953605e-01 4.671554597012840260e-01 4.721020174016254400e-01 4.634899772404024176e-01 4.706102070176939045e-01 4.602995101768960207e-01 4.695845539922635092e-01 4.675449766178668698e-01 4.669987138323383191e-01
-5.210270502532501902e-02 9.220179715192060310e-02 2.179029733669149149e-01 3.928984259379320609e-01 2.989893396605706188e-01 1.000000000000000000e+00 5.115550941176908450e-01 4.955916037299558652e-01 5.307594913095771139e-01 4.819645849456529740e-01 5.583360245340532879e-01 5.764745415123776473e-01 5.198713695650842848e-01 4.759035002596514463e-01 5.877090566820398765e-01 5.615268301563286490e-01 5.191579948390554478e-01 5.059975337823480190e-01 5.499854614264022556e-01 3.865003649862742141e-01 5.308114478252974333e-01 5.593594372194711228e-01 5.314836824336443000e-01 5.222281133321471369e-01 5.497726472481326843e-01 5.818597203299032961e-01 5.719296336734581709e-01 5.853238893193936088e-01 5.444116325804901901e-01 5.781863786454392029e-01 5.932547893219771717e-01 5.803955536451650410e-01 5.758441958043680753e-01 5.873367443077923689e-01 5.765635698683970745e-01 5.828101062826128720e-01 5.907356216832928553e-01 6.020213148783446488e-01 6.127143738038459686e-01 5.931435869260833771e-01 6.085433626165461796e-01 6.112397117210555120e-01 5.965586319696076778e-01 6.129063564965601119e-01 6.036822292595638295e-01 6.060372303349217393e-01 6.065800840415369599e-01 6.040606263504886275e-01 5.937737731354687520e-01 5.877067672670001075e-01 5.980380392152480074e-01 5.840525519690953349e-01 5.938139990702127058e-01 5.863460426929434366e-01 5.961422186712976856e-01 6.097260154779001740e-01 5.817443593104405508e-01 6.004710275627619387e-01 5.940783787263027582e-01 5.988611782289474661e-01 6.012722401427931240e-01 5.963102908942107261e-01 5.942603291008734523e-01 5.942895691707846817e-01 5.894619698686763831e-01 5.929914462058091251e-01 6.058356830704607621e-01 6.113878426305958680e-01 6.048419276467770223e-01 5.873556761390268388e-01 6.106079175105635359e-01 6.144557782038080340e-01 6.016186898654557469e-01 6.114135448666293549e-01 6.096565313396927754e-01 6.080655016794898060e-01 6.099284626972297785e-01 6.063551855940765289e-01 6.047868575611542452e-01 6.042222460368256165e-01 6.101312507418444886e-01 6.099280547064482860e-01 6.072155180870946189e-01 6.070538956013625809e-01 6.049119554050160774e-01 6.104529568293181052e-01 6.151994023722382465e-01 6.128045602663826363e-01 6.165743672068443315e-01 6.109482229823954835e-01 6.118050772860990083e-01 6.180295270328758361e-01 6.163103561166511923e-01 6.139855398501788963e-01 6.140182762946010397e-01 6.114037469294206772e-01 6.058828911757376812e-01 5.896231822381357013e-01 6.081047412615340209e-01 6.130559919237016375e-01 6.157528176447814028e-01 6.052042582338185150e-01 6.095839495402399777e-01 6.126322588636423649e-01 6.093821499275988707e-01 5.947637509944840861e-01 6.027970388649824818e-01 6.109110489903586405e-01 6.105451453508393689e-01 6.128284027416767143e-01 6.087674214019351826e-01 6.096835607123921585e-01 6.046785759345331135e-01 6.077406664266171710e-01 6.072069936675573709e-01 6.051941575085133529e-01
-3.949856078928100779e-04 1.356947555473939082e-01 3.324318401339331763e-01 5.762830327454915302e-01 4.377802431544731698e-01 5.115550941176908450e-01 1.000000000000000000e+00 7.104307615123029995e-01 6.912773195314496633e-01 6.574115206737773942e-01 7.398955123402044531e-01 7.707662692484534839e-01 6.947380512669738550e-01 6.305540238020338473e-01 8.372777411126416380e-01 7.873958188108701739e-01 6.884698755271289050e-01 6.756862106968611892e-01 7.218066083300010982e-01 5.816570443694076831e-01 7.077216795259094750e-01 7.515207009089386325e-01 7.324691446450606325e-01 6.735364714327358726e-01 7.144798808070951246e-01 8.038848450065217977e-01 7.801710531372693103e-01 7.957675037602163215e-01 7.323262036602870007e-01 7.999870157941171289e-01 7.976240727603643998e-01 7.768601500264930015e-01 7.646487602418644558e-01 7.683550145700980272e-01 7.729129863224295516e-01 7.435356911655319756e-01 7.801221564947451448e-01 8.008600375517985759e-01 7.889677597555416755e-01 7.809171163190511411e-01 7.908135123626740537e-01 7.958739881613390299e-01 7.826956124091785094e-01 8.015144152468753891e-01 7.926584181888263192e-01 8.029871668334479518e-01 7.875897311756883123e-01 7.932524262601675646e-01 7.833833185643320762e-01 7.666917442066203403e-01 7.952003611831021113e-01 7.343268324296664540e-01 7.718956712619745586e-01 7.782972116480640912e-01 7.908709888189735526e-01 8.057904507244001424e-01 7.770073191460410422e-01 7.877206680208029832e-01 7.981939048129587100e-01 7.814232361327823062e-01 7.831853505572924368e-01 7.870250415428013957e-01 7.839120925410431040e-01 7.832821388200079671e-01 7.745946018249053600e-01 7.760196404792911729e-01 7.927860307058612888e-01 7.991815242418951470e-01 8.002076142799608993e-01 7.796396988490463809e-01 7.952259975825578531e-01 7.982105622919338783e-01 7.873909272592574116e-01 7.925780070223754636e-01 8.050904953635469319e-01 7.996219022562010004e-01 8.051785442998180553e-01 7.902416003031240699e-01 8.037721680745624209e-01 7.987652312961730505e-01 7.987809511899791604e-01 8.004265240167218742e-01 7.981570926800735100e-01 8.004107535282323216e-01 7.955134961314982434e-01 7.913645049328390524e-01 7.955961645591317355e-01 8.063297718171243966e-01 8.012028494829411818e-01 8.041927703288725970e-01 8.068955979157995673e-01 8.013418228551197897e-01 8.001322073788939004e-01 8.036851711422962063e-01 7.905954979522796799e-01 7.926335009928224817e-01 7.896986244447073977e-01 7.785984623276223093e-01 7.915040032227640410e-01 7.999488948322149851e-01 7.979974541426047008e-01 7.928835066308408397e-01 7.874820749312577695e-01 7.971405837105894898e-01 7.891471285622205789e-01 7.878065086287578955e-01 7.926835959851055158e-01 7.961492136424574984e-01 8.006023426271937637e-01 7.937674574258763993e-01 7.991450027549433788e-01 7.909141438047332384e-01 7.925119605667395595e-01 7.929802566855060908e-01 7.836479913028705502e-01 7.865337950153540314e-01
4.373251947604498563e-02 1.264623680950050233e-01 3.300914008020149337e-01 5.734757223259308034e-01 3.963530506052924673e-01 4.955916037299558652e-01 7.104307615123029995e-01 1.000000000000000000e+00 6.842609505864291064e-01 6.544220235580475720e-01 7.123499661141472483e-01 7.570834236870234157e-01 6.707848251404431306e-01 6.066086246238615587e-01 7.753315663947487613e-01 7.837610458875516883e-01 6.914022483266196728e-01 7.037962540350891638e-01 7.357940441207456717e-01 5.976237370125645487e-01 7.107792449347236641e-01 7.564411004571687247e-01 7.368983434561328094e-01 6.965064683918178456e-01 7.157457159077919018e-01 7.799495328475924971e-01 7.525942102998031125e-01 7.682118817783565312e-01 7.114208588120840560e-01 7.776666987613339854e-01 7.646039213189516071e-01 7.781702335009941240e-01 7.548047377178919159e-01 7.644685585488212309e-01 7.637821544180184441e-01 7.355652254631882547e-01 7.607151027931372544e-01 7.821057122081299662e-01 7.756239298854616937e-01 7.592927592474626453e-01 7.641637260226259443e-01 7.734935264899638341e-01 7.700932058685748816e-01 7.791807190100455971e-01 7.713405613064284738e-01 7.786726376449810694e-01 7.630495159017719464e-01 7.695798275128434840e-01 7.694533261144087533e-01 7.581522408114123035e-01 7.787870377524676035e-01 7.244286817268223988e-01 7.511323827460313352e-01 7.575769897894859550e-01 7.700361635276551375e-01 7.796614881787290452e-01 7.600732932306679679e-01 7.664166052093662751e-01 7.727958059373327693e-01 7.580810982543232379e-01 7.726401872949140159e-01 7.649442788478982846e-01 7.658128855012703573e-01 7.645157314203631094e-01 7.584270257243788116e-01 7.524777372285613719e-01 7.655763628349859795e-01 7.802435963742098135e-01 7.811168023481379619e-01 7.689684735166933960e-01 7.781834104117038020e-01 7.743175008843419249e-01 7.782770868093044081e-01 7.749828781306707937e-01 7.771819870875416036e-01 7.700580639991856380e-01 7.769283593959336320e-01 7.646006962146520980e-01 7.804202611863431116e-01 7.757994535789273227e-01 7.742661408637243614e-01 7.662656429364655963e-01 7.760769294377423133e-01 7.787249027912872545e-01 7.742234729138584015e-01 7.726533311804322235e-01 7.726102398961057771e-01 7.790288856941305351e-01 7.790593700511544428e-01 7.797974978311055239e-01 7.796603789693645759e-01 7.737706160603324834e-01 7.740351957623918810e-01 7.746382877636893705e-01 7.599920336196936965e-01 7.636866776049763272e-01 7.768402505214592191e-01 7.596586073056783572e-01 7.684862410558231938e-01 7.774586734541802935e-01 7.777789547348706867e-01 7.734135855207450172e-01 7.645358730185889407e-01 7.732597946267373290e-01 7.647117980978628271e-01 7.687440472314448492e-01 7.698278321726514939e-01 7.668795591668231548e-01 7.727072631101832290e-01 7.646025967471995477e-01 7.735433926352078826e-01 7.633217958600402309e-01 7.662255417269149271e-01 7.708382523411784204e-01 7.587822602822202889e-01 7.621208463015961554e-01
8.854922193154651788e-02 1.681238272980732362e-01 3.450991726015094074e-01 5.708686718060880239e-01 4.089898538950383911e-01 5.307594913095771139e-01 6.912773195314496633e-01 6.842609505864291064e-01 1.000000000000000000e+00 7.431722361768899887e-01 8.146761394861640193e-01 8.391942733476259741e-01 7.451199952365382684e-01 6.810786452127404189e-01 8.383495588486303829e-01 8.295672844400050483e-01 8.174053088393247180e-01 7.395041434664268998e-01 7.643533892095154547e-01 7.073758708575038634e-01 7.216544089747687352e-01 7.854895020681578188e-01 7.650046085000939966e-01 6.959545915650711123e-01 7.217350180844721574e-01 8.504679908583150372e-01 8.320835898122578289e-01 8.222698042831264598e-01 7.814879891303531112e-01 8.561948606757568969e-01 8.559593799886048293e-01 8.603340334063642736e-01 8.125000684251787453e-01 8.426810112471292413e-01 8.424390742183768266e-01 7.955914480980321724e-01 8.372176551312940918e-01 8.483683318592477596e-01 8.541606442167066771e-01 7.979421415866835288e-01 8.615568306325827042e-01 8.485237446834442698e-01 8.253318243548279920e-01 8.655724120309498115e-01 8.498197660612470949e-01 8.643145625665360487e-01 8.803415354089954015e-01 8.904471616636072673e-01 8.802330289469162405e-01 8.516860030711358442e-01 8.616285695223659946e-01 8.051512841910311025e-01 8.559490819743326151e-01 8.908166134602060193e-01 8.764641728762829764e-01 8.618130595758279888e-01 8.846646057015545850e-01 8.702780667010295845e-01 8.801607287287729342e-01 8.918359118728703683e-01 8.722527580596459718e-01 8.788935886806491515e-01 8.797195174734756540e-01 8.816706612531890475e-01 8.810277760030927885e-01 8.912573644389037986e-01 8.830263883842586203e-01 8.750639501839746481e-01 8.797623633439949353e-01 8.775294990732275258e-01 8.672064788250855027e-01 8.724646839531148279e-01 8.621042667231724188e-01 8.525028439347358544e-01 8.783039481515048097e-01 8.745949709732233623e-01 8.689316136731269902e-01 8.646496107054830738e-01 8.742944314105686177e-01 8.791416704926416914e-01 8.750637139819013033e-01 8.744289418140279713e-01 8.793152518002292917e-01 8.777571976505209594e-01 8.683558176979423449e-01 8.719906468796456700e-01 8.675538457071498843e-01 8.717676911317407962e-01 8.710199550768421561e-01 8.727795102442090780e-01 8.636073255933475190e-01 8.711079736135054485e-01 8.701198692621715525e-01 8.750172133611482383e-01 8.766220555533041914e-01 8.803114721022948785e-01 8.574454456407490932e-01 8.767164631859850621e-01 8.776587207373249822e-01 8.669563438524549026e-01 8.572874935369939609e-01 8.800390082229664346e-01 8.725740073157236543e-01 8.763589851107181916e-01 8.712999025542406129e-01 8.808480630242160325e-01 8.859962459458124995e-01 8.840500204963103181e-01 8.822281336607037394e-01 8.784218284677410837e-01 8.752297633445463854e-01 8.860312871340020324e-01 8.793238450725371358e-01 8.840848248587477309e-01 8.814222522803779603e-01 8.851416054592884386e-01
6.372326149430328213e-02 1.683558831517931176e-01 3.222138819858809122e-01 5.249716040196259481e-01 3.972371771259022855e-01 4.819645849456529740e-01 6.574115206737773942e-01 6.544220235580475720e-01 7.431722361768899887e-01 1.000000000000000000e+00 7.289713338876107063e-01 7.608190720700904741e-01 6.939160603819225503e-01 6.112357823666333401e-01 7.729361682336914896e-01 7.586813272156046617e-01 7.219647436369255322e-01 6.750605184456597296e-01 7.091769957876525865e-01 6.210504691320432036e-01 6.649686140780526333e-01 7.224719201468771113e-01 7.046780742712542844e-01 6.450674229327469922e-01 6.664673525001904020e-01 7.795200490248533898e-01 7.699111812165362334e-01 7.665103808078227443e-01 7.439458440156032637e-01 7.749769736979815749e-01 7.846879307846844620e-01 7.771973324537588823e-01 7.412023272973058408e-01 7.590147904636080911e-01 7.592908057102487618e-01 7.320606831679600246e-01 7.678120440681207581e-01 7.779141394129583942e-01 7.804256687514511404e-01 7.436060071497566648e-01 7.922827262181546537e-01 7.802603167359645209e-01 7.666846029742017121e-01 7.916980657521323073e-01 7.751655463007413038e-01 7.909018510115796152e-01 7.934116446213895779e-01 8.103313806011768206e-01 7.928572717406845438e-01 7.639347073810552891e-01 7.797585742142152387e-01 7.235615804387479644e-01 7.754688854267467457e-01 8.080247515613201426e-01 8.023825702900918566e-01 7.964984079059985733e-01 7.848352172834582863e-01 7.913323899629501890e-01 7.988625504719782944e-01 8.003295400978306384e-01 7.851127697969202401e-01 7.954549854398255126e-01 7.919747979184713627e-01 7.881261832071683182e-01 7.882459539738120302e-01 7.979735008082371461e-01 7.997642028355635979e-01 7.952946258609069341e-01 7.990110918913396754e-01 7.935519427269847048e-01 7.920998055443937425e-01 7.959888044440247556e-01 7.854259345620667743e-01 7.804403143310307822e-01 7.992142867904091785e-01 7.974858382685492408e-01 7.930634670957205090e-01 7.989226865780213460e-01 7.972344303552225675e-01 7.943530580804184504e-01 7.957496338900957866e-01 7.970786716822497731e-01 7.995751930400549767e-01 7.949171487543805759e-01 7.903937238461385961e-01 7.912968015328205595e-01 7.907785561922217044e-01 7.972837851590810487e-01 7.953862883585043342e-01 7.994490547349617504e-01 7.890344362979171411e-01 7.941240192181824309e-01 7.923426566504874202e-01 7.994075644023637128e-01 7.960544412280531335e-01 8.006127336412791617e-01 7.794659709738145370e-01 7.855740081528223007e-01 7.895649079519697633e-01 7.899388314128651389e-01 7.836562583769064450e-01 7.973475266177724174e-01 7.903619281513819539e-01 7.962094039114647748e-01 7.879106973641329947e-01 7.935352981452787891e-01 8.018669280669088462e-01 8.046972974876523965e-01 8.043260796020180736e-01 7.954186014869594201e-01 7.991960237930231248e-01 8.011239047491786058e-01 7.992214457725045351e-01 7.991657019794409234e-01 7.929639708810332088e-01 7.992787168047966739e-01
8.494232693295184281e-03 1.387958282723428527e-01 3.459201482738852862e-01 5.790942603315124559e-01 4.240273770447835489e-01 5.583360245340532879e-01 7.398955123402044531e-01 7.123499661141472483e-01 8.146761394861640193e-01 7.289713338876107063e-01 1.000000000000000000e+00 8.695498605552584026e-01 7.687569197564236845e-01 7.110839364277667940e-01 8.742212359045087311e-01 8.525037750565231942e-01 8.071527294930541663e-01 7.607470184312806749e-01 8.112967433181572652e-01 6.678367851413574696e-01 7.570657572920974632e-01 8.297680833859188976e-01 8.056361837107205437e-01 7.437598500124406042e-01 7.792184584830911254e-01 8.752464636197277992e-01 8.622548909760054947e-01 8.599068524393943536e-01 8.011270080242307579e-01 8.741476892141784028e-01 8.824893944353270347e-01 8.834187888730673510e-01 8.443621121176665412e-01 8.723557841582504357e-01 8.680434396082113979e-01 8.505640386159136757e-01 8.757433799434339861e-01 8.845162202622708358e-01 8.936502128874158624e-01 8.609109706712763099e-01 8.906182878677152415e-01 8.895530724899991526e-01 8.771937043670181566e-01 8.972411928367923784e-01 8.924300227272776720e-01 8.942120176100073481e-01 9.013506380979164900e-01 9.021314509721136687e-01 8.944004655746338184e-01 8.762166584017929694e-01 8.935827484454272884e-01 8.536795001908844549e-01 8.901714907780204911e-01 8.855153155448607372e-01 8.905759449132857331e-01 8.947498293297929672e-01 8.901525081558373520e-01 8.973938632148468209e-01 8.949487206037397558e-01 8.990991275918717163e-01 8.982132678497715128e-01 8.960695349151567290e-01 8.925252475049493261e-01 8.965047779106062320e-01 8.924783215061036223e-01 8.978358117132132499e-01 9.036522161035550615e-01 9.043071553217116865e-01 9.051693037147916510e-01 8.936955815668202741e-01 9.006587808623471858e-01 9.058816772569618925e-01 8.932400876414907653e-01 8.939226738453814880e-01 9.063484802459587097e-01 9.034535309985416429e-01 9.007293383224734828e-01 8.913385294629534439e-01 9.009747822430580477e-01 9.026516058089963934e-01 9.043210889259815088e-01 9.046072644383338357e-01 9.060879129078986960e-01 9.051716596260711567e-01 9.023351322405227526e-01 9.021790859714629018e-01 9.045916949957962805e-01 9.060141649158524046e-01 9.069247305430784278e-01 9.051945615316896454e-01 9.039442123799605877e-01 9.063940179431586586e-01 9.053500455490860466e-01 9.071862328041845336e-01 9.027027787755266264e-01 9.049980174093862351e-01 8.963224617181149156e-01 8.916370381659829425e-01 9.017572322549387565e-01 9.028619209554854530e-01 9.000191019969465689e-01 9.042089263203488825e-01 9.022560686867334701e-01 9.064881634074245520e-01 9.032806015515524312e-01 8.982115297057624570e-01 9.029428014282023796e-01 9.053604846240906889e-01 9.056539434858614790e-01 9.038501626211113971e-01 9.037144039374600535e-01 9.041294852633794399e-01 9.027610450010422616e-01 9.057473404649744042e-01 9.017270638521702741e-01 9.048033337471229620e-01
1.697701159309935454e-02 1.344850934455341651e-01 3.736483847985981321e-01 6.195807143234546288e-01 4.433510918652453503e-01 5.764745415123776473e-01 7.707662692484534839e-01 7.570834236870234157e-01 8.391942733476259741e-01 7.608190720700904741e-01 8.695498605552584026e-01 1.000000000000000000e+00 8.000927356623638298e-01 7.375757667770271864e-01 9.038509117223181288e-01 8.925481468863235568e-01 8.264129285683812220e-01 8.002086429702520709e-01 8.450624863100737461e-01 6.888133371491421686e-01 8.027865428870819553e-01 8.740018079128215600e-01 8.430051341933907372e-01 7.837409170297027217e-01 8.196990984874242825e-01 9.104627558387378139e-01 8.968326666199067931e-01 9.034127341553697121e-01 8.500130809927957110e-01 9.116068415044140671e-01 9.169464278669091639e-01 9.137557025999495375e-01 8.902168331052642269e-01 9.057058255121042123e-01 8.991275751786650394e-01 8.814164790882494938e-01 9.110300610291456325e-01 9.242676132577855030e-01 9.283572183943056277e-01 8.999810802999965720e-01 9.233451271640142899e-01 9.279963907988254546e-01 9.142014034767315112e-01 9.343388433047422614e-01 9.280863871456392911e-01 9.324791614944605289e-01 9.316984468345256287e-01 9.345367093101909495e-01 9.269543947602862932e-01 9.112007223671936273e-01 9.273842331050372589e-01 8.922487742530130772e-01 9.224066409165230240e-01 9.193949390171024527e-01 9.270353452934330107e-01 9.346340200726983571e-01 9.207378181674289452e-01 9.324200474696698882e-01 9.288293707516679376e-01 9.292149096319735069e-01 9.338008755875019107e-01 9.297846908894792373e-01 9.297499133653710501e-01 9.272993850907468305e-01 9.227115719284374462e-01 9.289363383889900350e-01 9.346233124364493605e-01 9.368158892289578654e-01 9.372838714408635585e-01 9.263245762309447739e-01 9.358749805214978679e-01 9.391340641464049899e-01 9.281437884302891073e-01 9.297655584389523664e-01 9.400672566556478316e-01 9.358339303441410850e-01 9.352589465338039254e-01 9.307237397604191109e-01 9.369369767921303938e-01 9.366978223806800008e-01 9.378605997986482201e-01 9.357341987095781910e-01 9.360627580593640085e-01 9.396951110701219356e-01 9.352571699223564128e-01 9.342335168961602987e-01 9.380074893675393044e-01 9.404147287358827212e-01 9.397515229460463582e-01 9.382851787172923341e-01 9.375556103165488819e-01 9.379338159312964329e-01 9.395183944627616413e-01 9.408825865816392575e-01 9.330291343084897715e-01 9.353930960500093095e-01 9.292584587134686824e-01 9.216399003380852939e-01 9.313966547476817404e-01 9.351552070554375318e-01 9.343266405978361000e-01 9.357702237527002476e-01 9.355735717583223421e-01 9.389149467016311146e-01 9.355067567057071543e-01 9.271165887962002916e-01 9.332061333526914249e-01 9.372835817127771474e-01 9.382104473045757009e-01 9.346380766694603048e-01 9.362700398394286916e-01 9.340183947668444508e-01 9.329935292998334795e-01 9.367201386225798565e-01 9.320586770037085911e-01 9.358875372036749019e-01
2.114966563863033763e-02 1.244082544209380026e-01 3.231011468959767985e-01 5.327651801492859773e-01 4.315116975532328203e-01 5.198713695650842848e-01 6.947380512669738550e-01 6.707848251404431306e-01 7.451199952365382684e-01 6.939160603819225503e-01 7.687569197564236845e-01 8.000927356623638298e-01 1.000000000000000000e+00 6.680109922872767836e-01 8.147176147443758731e-01 8.033442309355162125e-01 7.408353881914655492e-01 6.953147040269627155e-01 7.466628384411176933e-01 5.936875061222821603e-01 6.937204792745961246e-01 7.677943109766273144e-01 7.290766791830980420e-01 6.926125987885263235e-01 7.208091861444705373e-01 8.119113567981303126e-01 7.914571216169399293e-01 8.002653123486012099e-01 7.527277763456515780e-01 8.078255496167849881e-01 8.253402666310034608e-01 8.128754785322105381e-01 7.880220229649467223e-01 8.143828827507889612e-01 8.088478255190313382e-01 7.865362874528474268e-01 8.161225658041048048e-01 8.165213988731854222e-01 8.303141453249145432e-01 7.952556109954310726e-01 8.238221287753565436e-01 8.288579170648334715e-01 8.098287812460327473e-01 8.350148935316050736e-01 8.275877296790379312e-01 8.298865384352450691e-01 8.383214808027384946e-01 8.353409491892155314e-01 8.270013428592107863e-01 8.092463111699476075e-01 8.211734750756517487e-01 7.915352302830007680e-01 8.245205942407715094e-01 8.173444316904997509e-01 8.168649576626674236e-01 8.299264503615246813e-01 8.140432960222779846e-01 8.282154332483876447e-01 8.221972977010399974e-01 8.372744292530677201e-01 8.337386159218106441e-01 8.240826988942839826e-01 8.211579493179590461e-01 8.272950098899568561e-01 8.325501780877542224e-01 8.303615819756352545e-01 8.446468861227491853e-01 8.391347780726683414e-01 8.416202073218173041e-01 8.272496079515465617e-01 8.366253582539583400e-01 8.419111812529581629e-01 8.294514899111936623e-01 8.330319190242800875e-01 8.435912600195603073e-01 8.416391847160628048e-01 8.397784941767765243e-01 8.317461902941705176e-01 8.391961319108139916e-01 8.390727429433366691e-01 8.391827280656326549e-01 8.403978718174368590e-01 8.413126286921087660e-01 8.409114943710171985e-01 8.396916609646545293e-01 8.438370054954242860e-01 8.403934510687223192e-01 8.425111815609266364e-01 8.428237013051962379e-01 8.392286387338272480e-01 8.397940838118366225e-01 8.432195461645352053e-01 8.436166590459089898e-01 8.444232329559483441e-01 8.423968756441764238e-01 8.430103795586766369e-01 8.292745581843633529e-01 8.281006988624317611e-01 8.372109572132502286e-01 8.387940789963054256e-01 8.396366078089440022e-01 8.366190134360659281e-01 8.427798067375558144e-01 8.429529143572146443e-01 8.427880750147294098e-01 8.297860803343838354e-01 8.380658944345311667e-01 8.428246685737784683e-01 8.403972252371739726e-01 8.422131913210010312e-01 8.375239984470437271e-01 8.455895298171268726e-01 8.369161716586437372e-01 8.428060742422187612e-01 8.440987372712438486e-01 8.427485152004829949e-01
