1.000000000000000000e+00 7.822084554926202193e-02 3.508070434391530323e-02 3.130111675955239703e-02 3.810175298745909628e-02 -2.105608653277322127e-03 4.036827608856037586e-02 2.850739494701991922e-02 8.531225237182324395e-02 4.922047339417635198e-02 4.843186190030970145e-02 1.322368683412756749e-02 2.041375486334634851e-02 8.879075485440942814e-03 1.016544655466884890e-02 4.676669552400754097e-03 3.259350418975086316e-02 -3.522344541908453003e-02 -2.000464475669673156e-02 1.263730481073275375e-02 -3.294319794755432018e-02 -1.804699052307985260e-02 -2.781673870001253115e-02 -4.504795364041968425e-02 -3.204496271959270809e-02 1.223442924843703289e-02 2.050778482672355185e-02 1.274799505989064261e-02 2.817513164432898509e-02 2.976814833661108051e-02 3.642225695383082690e-02 -1.336218747372227081e-02 -2.167137690460627444e-02 -2.764196904422537571e-02 4.041730058254278460e-03 -2.426188035106845858e-02 1.237560950242448839e-02 -2.709998896983595307e-02 -6.876120638575572083e-03 -3.957015289302848182e-02 1.036206705847457846e-02 -9.785655667174982669e-03 -3.514704622302566167e-02 7.386902264954332657e-03 3.458427239160801435e-03 1.236248191243701985e-02 -2.676992187152070317e-03 4.672867250851222426e-03 4.860746031574846027e-03 -1.803829250243117049e-02 -1.600752247206301687e-02 -2.789478834701758850e-02 1.218604249214240258e-03 1.826263152774906806e-02 -1.272283332931172569e-03 -8.040878442494025363e-03 7.701344715425913548e-03 2.940660834203963608e-03 -8.824468847198091437e-03 1.860010321890390866e-02 -1.344505509746530929e-02 1.006884204022285775e-02 -3.107535670790072713e-04 6.218244649580174747e-03 2.521321929521814706e-02 2.668919005097914257e-02 6.625431086372747698e-03 -9.225901441080361365e-03 -3.231452189887871595e-03 7.845315465364476396e-03 -9.927235807495925560e-03 9.134212646844403621e-04 -1.593902487333959464e-02 -1.283737639671026290e-02 5.272139325444296851e-03 6.870301685065765933e-03 6.455896949546901208e-03 1.380874785875831935e-02 4.723495040113763303e-03 1.392071286557572916e-02 1.328903272956190491e-02 1.595690712637965261e-02 8.904597082436014818e-03 3.845901764126483102e-03 -5.936889924111829475e-03 -8.602935266250916202e-03 4.429189733655602458e-03 -6.284000713356543630e-03 -4.081620037153599855e-03 -2.494539997757765342e-03 -1.024376067647479391e-02 -2.074975260032952806e-03 -3.336252778035518878e-03 1.075375179042611191e-03 -1.108401157555511350e-03 5.769654540827815620e-03 -1.824401481100993566e-02 1.995760286240097492e-02 2.046099168367974464e-04 -1.094051889127111224e-02 -1.818723248637741860e-02 2.176404652187850872e-03 5.701934482912897686e-03 -1.706009398417871262e-03 -2.827190713777753741e-03 1.427270109567073918e-02 7.558275293723847044e-03 9.397812714304273896e-03 1.310961725355109121e-03 1.130696817726111088e-02 3.286637390428185680e-03 1.636648582508552080e-02 1.149754712095835650e-02 9.838524753859493460e-03 2.048516653391531037e-02 1.945513659715012583e-02
7.822084554926202193e-02 1.000000000000000000e+00 9.767238779550818650e-02 1.040806732692833858e-01 6.138576144012652946e-02 9.818352078298857311e-02 1.629801118233601132e-01 1.233176719594008680e-01 1.555296842416540593e-01 1.444773211660666523e-01 1.643634904433439736e-01 1.462937036475228936e-01 1.496449088709492781e-01 1.264565560425594259e-01 1.678349487182869970e-01 1.582681065032920387e-01 1.545332810567165149e-01 1.187232103987046067e-01 1.512430022026982346e-01 1.206495690168268714e-01 1.122250845844515732e-01 1.524018366185363182e-01 1.530497462171882261e-01 1.377926584449144232e-01 1.354052120359014733e-01 1.631860536397579386e-01 1.634097420921689914e-01 1.717216645638219852e-01 1.668380541255309879e-01 1.674966830631412218e-01 1.769743504804567880e-01 1.518321865138599625e-01 1.502452000307275271e-01 1.521199716609646369e-01 1.579709773570943110e-01 1.360570720188036542e-01 1.685474084149153895e-01 1.443119744575803998e-01 1.517952713249593466e-01 1.531759004984693251e-01 1.625259625142908004e-01 1.598452998284830284e-01 1.302052880654587519e-01 1.590609964183022362e-01 1.612917781031389386e-01 1.612562106712529808e-01 1.602168673519283326e-01 1.651190212733407159e-01 1.625316152958283522e-01 1.381526482789805499e-01 1.439626781090712349e-01 1.184731003616164985e-01 1.455731350734273677e-01 1.688639344102384476e-01 1.582096996442943493e-01 1.576666021664466788e-01 1.492521847797601831e-01 1.563138700562789474e-01 1.582573966682523647e-01 1.659536481749400716e-01 1.489148355523193246e-01 1.561100610987207205e-01 1.523073876261278603e-01 1.557531796344438502e-01 1.551810967648298845e-01 1.570710875458468936e-01 1.649751173067035559e-01 1.593421000637778306e-01 1.602062504305184210e-01 1.629034293227547003e-01 1.569745943722174186e-01 1.607412920468868633e-01 1.591845007777489551e-01 1.570987465831990004e-01 1.602209882760066151e-01 1.634043988781503920e-01 1.685305083780380131e-01 1.687024045284332974e-01 1.676589079192369047e-01 1.646650015139778656e-01 1.657478574309259323e-01 1.679881895261267910e-01 1.688500537831160164e-01 1.648186866966705466e-01 1.561072076816926446e-01 1.593429025365333818e-01 1.640335539812607102e-01 1.604083424887004228e-01 1.604424298440878249e-01 1.618672577155320924e-01 1.605759262230254947e-01 1.641211074147293225e-01 1.603257810824852414e-01 1.639520635405109505e-01 1.635291225046039132e-01 1.665076359393178052e-01 1.422062901961337056e-01 1.579967607143269170e-01 1.547395695050877151e-01 1.561492122831274476e-01 1.498792537076252818e-01 1.569629888847702548e-01 1.596921638870646420e-01 1.562883508138908362e-01 1.525927986962421767e-01 1.624434912763666750e-01 1.650314834780479134e-01 1.672379948548007311e-01 1.632157471836600815e-01 1.662358090636811558e-01 1.626053675402962806e-01 1.647527682119636350e-01 1.621298373032103168e-01 1.618407969248363554e-01 1.612730301902247920e-01 1.613155735411263281e-01
3.508070434391530323e-02 9.767238779550818650e-02 1.000000000000000000e+00 3.272832707581886380e-01 2.032810715752737529e-01 2.336463071298262029e-01 3.446484731047795291e-01 3.283030684251717624e-01 3.377812353611850948e-01 3.094823862128187053e-01 3.301110516246317239e-01 3.888776228242705191e-01 3.386852096119648547e-01 3.075815692508521715e-01 3.792497680230622614e-01 3.649718488721958032e-01 3.426308267323865397e-01 3.615337781793820926e-01 3.723533165496794028e-01 3.086340086396454629e-01 3.435141572399663112e-01 3.725561248355551691e-01 3.973489367468595046e-01 3.528276808211388560e-01 3.730290223874182520e-01 3.868429846833825736e-01 3.694640397282734079e-01 3.714896659578574845e-01 3.776320066128180941e-01 3.846578670465011784e-01 3.852960857836745245e-01 3.934527261047966462e-01 3.654964591925642936e-01 3.858758421757536583e-01 3.717521684713678831e-01 3.784884849229560033e-01 3.758866543065292332e-01 3.809399651056327718e-01 3.887410488098327899e-01 3.829204632348329196e-01 3.854394093766061458e-01 3.896476923003593940e-01 3.876102156488975825e-01 3.871083761236133736e-01 3.918396031876570373e-01 3.889172738207373747e-01 3.775962997367911522e-01 3.801503851691864222e-01 3.773493188667156328e-01 3.800627843669380779e-01 3.794964768980060854e-01 3.835314061776289862e-01 3.855898746341938077e-01 3.814490473248435820e-01 3.770549576589218854e-01 3.891430522496170386e-01 3.849866288785206425e-01 3.802298661347128794e-01 3.814399482735183478e-01 3.826286277540524305e-01 3.844867252670098323e-01 3.861214468157539437e-01 3.836192336000623926e-01 3.809345189236014728e-01 3.770520421992608062e-01 3.806635132566993374e-01 3.822806882754843372e-01 3.869112477721505794e-01 3.893356714851142764e-01 3.800634505538151298e-01 3.866578895090074242e-01 3.846144706850407879e-01 3.886194847421317045e-01 3.889854010543897234e-01 3.877209374892941485e-01 3.818386735796442943e-01 3.856504809858027349e-01 3.836271760622010918e-01 3.850303379266827863e-01 3.822077852385919461e-01 3.855668009429075171e-01 3.901534339851096544e-01 3.899572711939119918e-01 3.865327630655227553e-01 3.858855439730773385e-01 3.879405782439305228e-01 3.879018763978769324e-01 3.877609705665542306e-01 3.863586154660766936e-01 3.874315601187167668e-01 3.879414210266046714e-01 3.867367419495756908e-01 3.891532542110200943e-01 3.871753931252654435e-01 3.799553184407946649e-01 3.819096712750090772e-01 3.840712537449822439e-01 3.795127972429790941e-01 3.848899173550288655e-01 3.881687406042504951e-01 3.877533371673499984e-01 3.815641599799245998e-01 3.875056477637729979e-01 3.842525395443292524e-01 3.874508394935979871e-01 3.844090890570231456e-01 3.815599633695390680e-01 3.819277141681713394e-01 3.818608670493411905e-01 3.813721995967894185e-01 3.809858665972628011e-01 3.838168678042350734e-01 3.819995762001254791e-01 3.818237484254700664e-01 3.825829565790808129e-01 3.819506480131602544e-01
3.130111675955239703e-02 1.040806732692833858e-01 3.272832707581886380e-01 1.000000000000000000e+00 3.825156416707001239e-01 3.671985815733903591e-01 5.855773183487501532e-01 5.710221585954868839e-01 5.877580181239331347e-01 5.254357526785405907e-01 5.850763901941397060e-01 6.481598489800071139e-01 5.839571700318896275e-01 4.674042923335785527e-01 6.441594639536565303e-01 6.362741831013094540e-01 5.725822533270860104e-01 6.192974962787043403e-01 6.246218405231425130e-01 5.662729614447243875e-01 6.121285986614274366e-01 6.263328027439721835e-01 6.292864976735014215e-01 6.062188530054254398e-01 6.233274246825164511e-01 6.419313068483052387e-01 6.234089599564577311e-01 6.301914863955024870e-01 6.312260154251142508e-01 6.453689288911214073e-01 6.539151436555192820e-01 6.406000009829593278e-01 5.766280738637078462e-01 6.207248850767741466e-01 6.108429028815228756e-01 6.033364074009731626e-01 6.169191727187288699e-01 6.255489629491155501e-01 6.433909738548222457e-01 6.195494198144900766e-01 6.336086189694000170e-01 6.422856654665021203e-01 6.370997501225799109e-01 6.504868812134295686e-01 6.455453566834139512e-01 6.439840976340439616e-01 6.318245142381144763e-01 6.319567954981175628e-01 6.304444917934544090e-01 6.231996005325479704e-01 6.322400461854531528e-01 6.171987435810101230e-01 6.445552387469328792e-01 6.392842448057450833e-01 6.327228269400579919e-01 6.399106025033085565e-01 6.444267059833075351e-01 6.369770229248205018e-01 6.351578001660639350e-01 6.451089543161961926e-01 6.435073838104955479e-01 6.453784117673907472e-01 6.392908021440770749e-01 6.430944332868708813e-01 6.410997278936582111e-01 6.490073777136715627e-01 6.331974419454839964e-01 6.450664300838495624e-01 6.499698765679555734e-01 6.569045085362826830e-01 6.522398172115526638e-01 6.420829985496192549e-01 6.496985602979482577e-01 6.501892345741497881e-01 6.504720414177138643e-01 6.354844265585656293e-01 6.418533046740970693e-01 6.428603072368039850e-01 6.409961610370811247e-01 6.401794532305333796e-01 6.357596381253093343e-01 6.471152838709917088e-01 6.447639296879440485e-01 6.364237448534204589e-01 6.356438553403548353e-01 6.381911393878070271e-01 6.356239785395305653e-01 6.427390622415706245e-01 6.414753322346454789e-01 6.449943702512443977e-01 6.353361804063706320e-01 6.414720620053568911e-01 6.423139535022980295e-01 6.470952813721685404e-01 6.326327828380817753e-01 6.348271634388263918e-01 6.350363204135736073e-01 6.361694433942752802e-01 6.423797341269039674e-01 6.368043262285972839e-01 6.375092378699110940e-01 6.380036286202935836e-01 6.498704446917595856e-01 6.435221439585819825e-01 6.449417510881717552e-01 6.427495399756600891e-01 6.366172365616229456e-01 6.359843279565677854e-01 6.406494157970678005e-01 6.385883781970294049e-01 6.419127839983375106e-01 6.440910679921246773e-01 6.441847527435056175e-01 6.416398902433330109e-01 6.409183573854329019e-01 6.479013213449976716e-01
3.810175298745909628e-02 6.138576144012652946e-02 2.032810715752737529e-01 3.825156416707001239e-01 1.000000000000000000e+00 2.920640551238423144e-01 4.661974083363324972e-01 4.857372921609140470e-01 4.542880463833944837e-01 4.214705156718945300e-01 4.529193876197960544e-01 4.919385479760348123e-01 4.688551887950491714e-01 3.687898045305132988e-01 4.952977641080799631e-01 5.007071264590163828e-01 4.392170245756195079e-01 4.268420002609146224e-01 4.449121242049569602e-01 4.017872463075122802e-01 4.427220888049167025e-01 4.592535743344445809e-01 4.623159304898467603e-01 4.260292875525221734e-01 4.571608992070941291e-01 4.840165212480359580e-01 4.763686401619789401e-01 4.827900769379683821e-01 4.731341738198791003e-01 4.904138454887846388e-01 4.851753474464602922e-01 4.805624401430222403e-01 4.514422177218572196e-01 4.722297319973318142e-01 4.727598399838554566e-01 4.783768807935520617e-01 4.780858573813820955e-01 4.765779855034253942e-01 4.857664153352426184e-01 4.761592172181319804e-01 4.884057295772831209e-01 4.897652606474669490e-01 4.876381179331277238e-01 4.919698045646682116e-01 4.950837738556280176e-01 4.912546636647419085e-01 4.899171150555713949e-01 4.856984586481797317e-01 4.850689997253246899e-01 4.837862476536960998e-01 4.834198267871733790e-01 4.866149359095059967e-01 5.005263941401750794e-01 4.829612587961036319e-01 4.876099331848168239e-01 4.918231525278976557e-01 4.803907373401826164e-01 4.863645175982644342e-01 4.851214147507047492e-01 4.921283330606486817e-01 4.894147267684496594e-01 4.877652322206234015e-01 4.826904559296846808e-01 4.862350455392189241e-01 4.945833568248379497e-01 4.933479780830252182e-01 4.885722277075000841e-01 4.864924606342488356e-01 4.962021785824314302e-01 4.954772766903112746e-01 4.908983202674429558e-01 4.906626373499624605e-01 4.855621035513368322e-01 4.887845127025468028e-01 4.949067024224589328e-01 4.838218515180854329e-01 4.851700993819113572e-01 4.911524178931573892e-01 4.880629714707456768e-01 4.902463656137619474e-01 4.895564605701493988e-01 4.906468877005617513e-01 4.976306516686088699e-01 4.863924553290174257e-01 4.940132432928098782e-01 4.924523559739859557e-01 4.892692485979811545e-01 4.918876861725948180e-01 4.891726442978819867e-01 4.965769854881086909e-01 4.895952555831977748e-01 4.909416128346555941e-01 4.918227004291452209e-01 4.931813943875900663e-01 4.897477928989584228e-01 4.889847542322731666e-01 4.921421404376974951e-01 4.972330240303479698e-01 4.929716248950211654e-01 4.954867234453071423e-01 4.920019555368681519e-01 4.918843426887416492e-01 4.994438647518928964e-01 4.941778023795561636e-01 4.995136209831370633e-01 4.856280620772160939e-01 4.911648813728812235e-01 4.910874915051595124e-01 4.944654615311830925e-01 4.910680125268344631e-01 4.932933961264377443e-01 4.926809437671927916e-01 4.908382571364474090e-01 4.905700069342346925e-01 4.935614520486978907e-01 4.957996182328989199e-01
-2.105608653277322127e-03 9.818352078298857311e-02 2.336463071298262029e-01 3.671985815733903591e-01 2.920640551238423144e-01 1.000000000000000000e+00 5.031653639175467374e-01 4.583613032696503553e-01 5.268584619938974090e-01 4.789389251812237736e-01 5.064818117862784908e-01 5.530712580971219872e-01 5.259134138696368588e-01 4.561313795365634083e-01 5.662752143613170031e-01 5.577916153128830157e-01 5.368633179140896994e-01 5.010192814636272862e-01 5.377394784151230400e-01 4.181033524153292547e-01 4.840495293004147270e-01 5.513240203136864359e-01 5.446558686844387154e-01 5.173408550657603300e-01 5.416223009483229767e-01 5.712036567278935273e-01 5.600650536411937441e-01 5.679878987369297860e-01 5.688480043601640279e-01 5.790984733239760152e-01 5.786414147118075224e-01 5.729115829235693624e-01 5.491582511152202084e-01 5.671262793962917881e-01 5.732621148812333534e-01 5.581686081165014857e-01 5.783994551975640830e-01 5.742208382809403933e-01 5.870263304121718928e-01 5.608697723778324207e-01 5.834760727797549951e-01 5.903788015835684799e-01 5.806885903230657453e-01 5.936405254988533775e-01 5.791488415611726337e-01 5.879195834294567158e-01 5.851995327907674183e-01 5.908217730535010315e-01 5.860854389810431497e-01 5.654481721815860507e-01 5.770830840265552819e-01 5.529950939624568296e-01 5.733439112106916147e-01 5.779397279542040078e-01 5.730031991889220633e-01 5.857111156657066608e-01 5.590579249750154966e-01 5.846537516363116138e-01 5.750987581254120018e-01 5.867527940146276544e-01 5.832769176774070807e-01 5.794869418560611996e-01 5.692493723109449677e-01 5.792182333130689864e-01 5.874341153684635719e-01 5.720165451058528694e-01 5.917012060511503968e-01 5.885794334711518250e-01 5.873795547405969986e-01 5.774227357941299488e-01 5.873541165419242649e-01 5.922489106088696387e-01 5.768244822144702466e-01 5.879907070975171068e-01 5.871248364388467200e-01 5.928787992873940649e-01 5.914465410838743997e-01 5.897512567478245815e-01 5.903531940684124679e-01 5.918602873372028617e-01 5.902003421904198355e-01 5.927968302280833823e-01 5.889806309206866430e-01 5.907412133888400030e-01 5.871803798786053852e-01 5.881227735310773364e-01 5.921061150156645692e-01 5.893638025449470241e-01 5.940479353966425791e-01 5.901823117480387015e-01 5.886331928167544136e-01 5.964625367674906142e-01 5.920118808941583488e-01 5.929646148971550179e-01 5.924150671918881894e-01 5.924434008160398557e-01 5.771871728578897853e-01 5.708626669279840415e-01 5.841382720834068509e-01 5.853564676445688342e-01 5.927430022994464309e-01 5.838195296963158976e-01 5.911598167653292490e-01 5.919929279906352981e-01 5.896360074522023487e-01 5.770129165125669202e-01 5.878235528773391172e-01 5.910653495888633646e-01 5.882888206308326540e-01 5.936486749868554735e-01 5.889267540634908205e-01 5.909879718757613531e-01 5.871862543944719182e-01 5.906808907499766503e-01 5.890821405070443273e-01 5.881288940639403107e-01
4.036827608856037586e-02 1.629801118233601132e-01 3.446484731047795291e-01 5.855773183487501532e-01 4.661974083363324972e-01 5.031653639175467374e-01 1.000000000000000000e+00 7.063537162116537704e-01 7.487208496717395745e-01 6.908229976669144623e-01 7.351895201858017481e-01 8.005867056949826921e-01 7.343531500675297696e-01 6.163098181339298209e-01 8.412246384427333190e-01 8.078131657113256647e-01 7.534168335861201049e-01 7.259231144854391138e-01 7.639033455390906724e-01 6.550440687029169817e-01 7.064113313251265680e-01 7.780481708561540755e-01 7.832084764585519610e-01 7.341771261517198166e-01 7.636054936948636351e-01 8.100313867857397154e-01 7.923080734053954410e-01 8.131189176351205639e-01 7.995175610920017828e-01 8.146509749726993377e-01 8.228623730492126143e-01 8.146769888129176129e-01 7.566866841250623477e-01 7.881188888415727734e-01 7.837650614150794004e-01 7.684590877659630559e-01 7.957034948626205972e-01 8.032070928789665221e-01 8.172417655180245211e-01 7.964286655248667968e-01 8.215779237426384940e-01 8.225675637976864740e-01 8.035779029754849256e-01 8.322275468909097196e-01 8.226617703738119403e-01 8.256486344540825417e-01 8.194841411643024598e-01 8.202796137656613862e-01 8.155890871427521338e-01 7.912750419678582503e-01 8.072928138755647298e-01 7.658425151049412793e-01 8.114799781442062487e-01 8.202838189298675697e-01 8.154502581405712602e-01 8.254475431692678278e-01 8.101536016957299191e-01 8.238498268580658479e-01 8.222396081487860497e-01 8.278235103915407844e-01 8.199450136257231403e-01 8.224104124992364095e-01 8.136566711095426507e-01 8.185735605702072482e-01 8.168299832239117597e-01 8.239406985790346249e-01 8.196930141495907263e-01 8.244370071751230267e-01 8.250268029429183025e-01 8.213900533466551579e-01 8.224579759937272749e-01 8.261034281748073083e-01 8.148176926041332813e-01 8.165760114995729291e-01 8.292045835332502168e-01 8.215355740455431155e-01 8.253658925556628390e-01 8.261914832012976495e-01 8.247288644937010860e-01 8.280879660898640138e-01 8.253194587207994815e-01 8.282151446454762977e-01 8.284782691675360855e-01 8.218389648245744139e-01 8.183078818188345149e-01 8.200436936496348084e-01 8.213115639817943903e-01 8.261795123879673852e-01 8.288045003921895582e-01 8.278415644565885190e-01 8.215660924396056553e-01 8.285964835436808729e-01 8.270079939346623998e-01 8.303726410524182588e-01 8.212873810686769360e-01 8.243589842308969295e-01 8.121910494162031258e-01 8.141547282161319954e-01 8.219131517153694944e-01 8.178350069157059865e-01 8.202832565756372762e-01 8.225369811529790187e-01 8.242313919736338201e-01 8.255429623858581145e-01 8.207245642063972779e-01 8.228568816678136777e-01 8.245382499258548936e-01 8.250433455962664642e-01 8.250130200311954765e-01 8.256761358526457650e-01 8.294520726707936831e-01 8.282840057970647374e-01 8.265295177600332499e-01 8.243534389122422201e-01 8.247587877928870270e-01 8.254600684638200292e-01
2.850739494701991922e-02 1.233176719594008680e-01 3.283030684251717624e-01 5.710221585954868839e-01 4.857372921609140470e-01 4.583613032696503553e-01 7.063537162116537704e-01 1.000000000000000000e+00 7.068550281104439836e-01 6.419319578241874380e-01 7.008603496877482408e-01 7.650222287181209779e-01 7.204538652877692240e-01 5.980007896386668742e-01 7.836389425290599675e-01 8.014933958796608415e-01 7.093224020297121957e-01 7.231716476961549400e-01 7.419028989748257530e-01 6.679082713617241485e-01 7.239316676723029920e-01 7.546979374949280839e-01 7.406442296925381807e-01 7.115483658096660724e-01 7.469442447907495009e-01 7.728053481456588214e-01 7.527117950667501223e-01 7.640600206755399082e-01 7.469953845966622596e-01 7.605209704557979178e-01 7.670328006815922972e-01 7.800343263499137647e-01 7.052094070179666385e-01 7.521554680510706969e-01 7.408027563747467958e-01 7.414030244825298155e-01 7.415823080033198123e-01 7.761114098701794584e-01 7.805754422965145434e-01 7.642705782028360595e-01 7.793119331699990271e-01 7.868653696546943355e-01 7.862825370524483271e-01 7.954259633222996451e-01 7.853462889095511601e-01 7.849768397555471067e-01 7.828783794513952676e-01 7.760215182626992725e-01 7.823502239505152334e-01 7.792833559006892008e-01 7.853727053760819476e-01 7.641207066199694475e-01 7.886324213704465347e-01 7.785143848602690264e-01 7.828995409417073281e-01 7.911917092811602270e-01 7.830470839082570578e-01 7.885145211704848167e-01 7.868330688212031854e-01 7.861920885160768036e-01 7.913162873671438780e-01 7.863765741857423608e-01 7.834600968697513768e-01 7.881309808235489323e-01 7.865854124232375399e-01 7.880241154699338946e-01 7.796674251916357878e-01 7.868194508053107938e-01 7.897960695602610492e-01 7.973044817110717108e-01 7.935212134204251422e-01 7.885396603663235027e-01 7.818917865017289692e-01 7.881714602340508247e-01 7.893726067152950776e-01 7.789845207065957400e-01 7.782146648030631164e-01 7.818266138770080254e-01 7.790951952389583157e-01 7.846522121314586373e-01 7.787008625517619631e-01 7.806516699529916226e-01 7.859880706091374458e-01 7.799817082202904484e-01 7.856700056943566324e-01 7.838876511217757193e-01 7.738530079098101533e-01 7.913891655805407321e-01 7.850307605385399290e-01 7.928440401116224612e-01 7.786137526329051095e-01 7.873473269428983290e-01 7.852706743727142502e-01 7.878001129011135140e-01 7.839049825211672484e-01 7.834048286002665007e-01 7.944371190168779684e-01 7.889443747112249161e-01 7.941000512317739624e-01 7.898872617279787400e-01 7.909206118830048871e-01 7.924681517192703195e-01 7.923229380687002443e-01 7.939591912666397189e-01 7.937780992277564396e-01 7.860700103890785329e-01 7.867126351852157251e-01 7.851279671610768007e-01 7.910989232040123165e-01 7.879404642076041076e-01 7.938902554372513354e-01 7.885601973764685413e-01 7.891208142703391992e-01 7.877410142684323491e-01 7.881611908205511385e-01 7.892113313488086090e-01
8.531225237182324395e-02 1.555296842416540593e-01 3.377812353611850948e-01 5.877580181239331347e-01 4.542880463833944837e-01 5.268584619938974090e-01 7.487208496717395745e-01 7.068550281104439836e-01 1.000000000000000000e+00 7.405629410752060382e-01 7.935734357159068830e-01 8.459792812470842138e-01 7.831645434365859249e-01 6.710749219480740546e-01 8.534420280416955551e-01 8.339596395941860640e-01 8.109411974190724459e-01 7.267942309102438658e-01 7.899536769988122487e-01 6.744836235868650887e-01 7.006854001597986326e-01 7.993185837261644888e-01 7.973304200838184919e-01 7.471608933557876142e-01 7.716942180956138930e-01 8.583117105622373177e-01 8.391137276995402905e-01 8.502072120381075626e-01 8.448608383036148028e-01 8.700818501563578611e-01 8.740775107223466289e-01 8.540062798742725780e-01 7.921841072096570402e-01 8.280925921375302812e-01 8.354838059814293505e-01 7.995196241907216450e-01 8.390911546682917610e-01 8.377216984620168283e-01 8.574891603623705505e-01 8.155505798334256040e-01 8.651904419154790027e-01 8.583802467975613082e-01 8.317470968154090372e-01 8.717925009714417861e-01 8.634614840578976880e-01 8.655410983912660283e-01 8.757131689810641051e-01 8.800280331872850637e-01 8.769387216819352071e-01 8.346132335790850121e-01 8.472525487114110909e-01 7.969571957685646080e-01 8.607842147808729694e-01 8.813513823972929373e-01 8.666595353362798182e-01 8.651591469304179549e-01 8.581402590198946578e-01 8.714980183462164298e-01 8.620474617357012370e-01 8.851208734655804378e-01 8.709421402229668985e-01 8.777887554080308075e-01 8.625360989878948503e-01 8.726945923548038442e-01 8.767016431049620140e-01 8.796361630219526884e-01 8.792061323852679022e-01 8.699116067498209315e-01 8.728973215016452292e-01 8.695115032643808695e-01 8.626293875652296661e-01 8.765056335816042710e-01 8.556602825993232520e-01 8.577227319139900663e-01 8.789589051589287161e-01 8.767498207182403691e-01 8.757476581233863966e-01 8.787425028406393723e-01 8.756748762754358317e-01 8.843765476647718060e-01 8.792358518247437305e-01 8.848022860116314670e-01 8.770868516088025091e-01 8.720455069974575313e-01 8.668795685645773741e-01 8.686890103840625432e-01 8.697736703202354480e-01 8.726014809556987828e-01 8.759346688710937245e-01 8.708649509762703689e-01 8.614032203217499850e-01 8.756040552976107616e-01 8.763840250659188369e-01 8.776844321966560392e-01 8.800511841496546639e-01 8.831287678224472026e-01 8.553430741341032650e-01 8.739380836957959531e-01 8.776071785231945865e-01 8.678681640078740323e-01 8.650993554182578871e-01 8.776485187941630572e-01 8.797148278433482016e-01 8.796512381345711340e-01 8.723436722519316566e-01 8.783270040091227804e-01 8.829725734216324895e-01 8.815262481570760311e-01 8.790361177501125889e-01 8.840355147622380727e-01 8.798426894256616837e-01 8.882368082735174752e-01 8.841333546444620772e-01 8.842875960205165420e-01 8.826897438269152296e-01 8.858381204655473296e-01
4.922047339417635198e-02 1.444773211660666523e-01 3.094823862128187053e-01 5.254357526785405907e-01 4.214705156718945300e-01 4.789389251812237736e-01 6.908229976669144623e-01 6.419319578241874380e-01 7.405629410752060382e-01 1.000000000000000000e+00 7.363188001619281886e-01 7.825582213553097244e-01 7.154544150411623615e-01 6.089190947057269154e-01 7.804869797944881116e-01 7.727323520271511814e-01 7.397565293383064899e-01 6.805316825696904326e-01 7.274400530951323773e-01 6.286425852773094292e-01 6.423068882507657618e-01 7.324236795449177162e-01 7.452106936108191526e-01 6.972631838528953185e-01 7.117187269997521382e-01 7.908780792894966050e-01 7.838156107108603665e-01 7.899664293403718673e-01 7.838843213835376966e-01 8.062039566037189076e-01 8.044809329039740442e-01 7.912441623372720167e-01 7.356415685226880274e-01 7.671069009678548323e-01 7.723208689495998369e-01 7.332017223118887372e-01 7.735445099665564372e-01 7.830706616255861396e-01 7.950975351256889256e-01 7.634098350649866083e-01 8.034016640574423995e-01 7.945901087371355365e-01 7.642782480682923651e-01 8.042382350626463561e-01 7.981005902707026811e-01 8.003538959079641302e-01 8.083118712862881194e-01 8.117855484118868814e-01 8.037445264106966025e-01 7.720085093237839535e-01 7.846870829206027409e-01 7.288076839297260578e-01 7.907755269711874702e-01 8.143133011779766228e-01 8.061907349936217049e-01 8.039025824600427583e-01 7.911141563192418680e-01 8.087320385473577566e-01 8.089943413438427378e-01 8.151108036134221413e-01 8.034230298168933970e-01 8.103191674487526530e-01 8.001760844354061097e-01 8.020499720996677739e-01 8.029340007330391105e-01 8.055608263903779598e-01 8.116839967744300388e-01 8.045306654792226952e-01 8.078799471943685084e-01 8.018232937195965970e-01 7.932202590974277712e-01 8.059300407895583218e-01 7.947579296853619635e-01 7.932819281911019926e-01 8.103563696201071531e-01 8.111726467564507326e-01 8.099366836009598281e-01 8.121808684209105289e-01 8.092657475922038213e-01 8.161079241242849003e-01 8.117065966018520706e-01 8.155409797631478774e-01 8.107487316196336780e-01 8.079512252175122811e-01 8.029842040214157928e-01 8.037579046167142582e-01 8.066529458351773263e-01 8.068954112355836150e-01 8.090106070460835186e-01 8.062462701268495735e-01 8.009524263534285593e-01 8.090929247668219304e-01 8.091539339518610818e-01 8.116405914200606198e-01 8.100338710416734589e-01 8.136256501952056075e-01 7.897889464902740908e-01 7.992124364356401056e-01 8.066455389788208530e-01 8.013168211185274226e-01 7.961791950162158127e-01 8.074530684937699654e-01 8.049571793986717294e-01 8.074361352263631497e-01 7.993802814441489657e-01 8.072128417236401621e-01 8.146838265890151698e-01 8.147627503007434102e-01 8.133033381933308936e-01 8.145130371706107431e-01 8.154164883333790970e-01 8.157143216816505893e-01 8.147419518202702049e-01 8.121060090957834543e-01 8.098455443462229120e-01 8.122655534318373727e-01
4.843186190030970145e-02 1.643634904433439736e-01 3.301110516246317239e-01 5.850763901941397060e-01 4.529193876197960544e-01 5.064818117862784908e-01 7.351895201858017481e-01 7.008603496877482408e-01 7.935734357159068830e-01 7.363188001619281886e-01 1.000000000000000000e+00 8.549911372512678520e-01 7.800221668563231958e-01 6.724628252281315000e-01 8.518697103771533108e-01 8.369782365523433798e-01 7.940195360652397838e-01 7.355398520190374878e-01 7.974142572368896342e-01 6.733335567422500390e-01 7.101348424001524551e-01 8.006352019038684986e-01 8.084028711241909582e-01 7.645087160895714939e-01 7.810042685182974065e-01 8.563052856514382638e-01 8.412674110112003945e-01 8.536825032822475956e-01 8.328632753183096149e-01 8.671200542195760530e-01 8.717134925469562923e-01 8.674996930849523391e-01 8.111314515293186478e-01 8.461347558399417990e-01 8.398815974971405307e-01 8.201765151885392902e-01 8.459933983750836939e-01 8.547439220760362222e-01 8.667575755645333668e-01 8.359511336513615332e-01 8.729186358931259049e-01 8.673799682326237548e-01 8.479356813274735449e-01 8.753429586090294423e-01 8.783538143837539280e-01 8.675969104356783257e-01 8.794952425666422435e-01 8.791822170507042067e-01 8.770362248137327787e-01 8.491428925062926014e-01 8.613899120504471263e-01 8.206049090704505833e-01 8.660432569847996698e-01 8.769746612227221627e-01 8.699089331849528817e-01 8.731480654595585866e-01 8.611810472796538329e-01 8.730298724482072892e-01 8.706128151704132234e-01 8.799242405453907567e-01 8.789128288820288182e-01 8.762944604388692715e-01 8.664367710326661420e-01 8.721829638419260622e-01 8.745812650233936170e-01 8.740634201046306728e-01 8.826574441765412393e-01 8.761644574523572704e-01 8.796805615187381910e-01 8.709149189782309231e-01 8.684928204711603872e-01 8.773053424690738789e-01 8.655151717911457876e-01 8.646085170005692877e-01 8.834595382667105312e-01 8.825874061205920551e-01 8.766080582959339118e-01 8.768044537012865680e-01 8.769696126586765672e-01 8.833234931110567345e-01 8.809447290412363296e-01 8.850047265911443750e-01 8.814511580342779817e-01 8.780087527630455746e-01 8.775832370544505157e-01 8.784512523421077468e-01 8.774036924155219630e-01 8.797176281583205526e-01 8.820998775518005264e-01 8.770121381803575034e-01 8.755537575431309172e-01 8.817870479225088376e-01 8.809543886413438996e-01 8.806198087347661962e-01 8.820136875464100745e-01 8.836541492549808696e-01 8.702747342143298814e-01 8.707820432659278964e-01 8.809440361092532035e-01 8.766582950585219969e-01 8.750381124654424969e-01 8.803439318306427452e-01 8.810169914887092668e-01 8.825319956018936596e-01 8.797151203260813457e-01 8.767540647868959924e-01 8.826082759787657883e-01 8.825270223373012923e-01 8.812722470189735535e-01 8.828668741039008561e-01 8.830676914468845728e-01 8.831173937081877590e-01 8.832333389596263018e-01 8.818874102455448449e-01 8.840803588623584730e-01 8.811657704675223135e-01
1.322368683412756749e-02 1.462937036475228936e-01 3.888776228242705191e-01 6.481598489800071139e-01 4.919385479760348123e-01 5.530712580971219872e-01 8.005867056949826921e-01 7.650222287181209779e-01 8.459792812470842138e-01 7.825582213553097244e-01 8.549911372512678520e-01 1.000000000000000000e+00 8.356385231916607648e-01 7.171620994150282868e-01 9.196205765613126859e-01 9.035763918200564460e-01 8.602661652138342552e-01 8.123940292501087290e-01 8.703194208704518875e-01 7.094344659806798292e-01 7.929245909450073349e-01 8.783643323178581541e-01 8.811770726540957277e-01 8.365975087027878176e-01 8.624357031324506595e-01 9.240587591799274136e-01 9.049674974029224828e-01 9.184198672000833952e-01 9.051576449105703803e-01 9.331674948337044251e-01 9.350532485258534754e-01 9.255840184247932090e-01 8.677422276506462362e-01 9.100592734227046510e-01 9.023406499831585492e-01 8.878089480854934878e-01 9.122314428190886337e-01 9.215678946000658289e-01 9.336130153541356558e-01 9.043629057351048051e-01 9.368704457195714541e-01 9.361428342352922094e-01 9.204093141200069272e-01 9.433447978402678125e-01 9.408396343172343856e-01 9.360742230166748667e-01 9.421178854433849281e-01 9.422952493985339295e-01 9.383928208857901243e-01 9.169031143041084242e-01 9.271839645496883220e-01 8.902021642287092362e-01 9.341267958219018341e-01 9.389782902603757142e-01 9.331738746873720070e-01 9.408308550136026405e-01 9.245733670173833518e-01 9.384059619625036985e-01 9.362802417131415034e-01 9.427928087470043295e-01 9.432088825133061460e-01 9.394967273745714609e-01 9.307033563844625546e-01 9.384435145907272791e-01 9.393161993494297812e-01 9.383808765351417946e-01 9.445410626203851745e-01 9.441632814108148475e-01 9.446026950320834947e-01 9.320740116901592431e-01 9.415505255059878342e-01 9.459275574624511629e-01 9.349011337565609203e-01 9.403161741135965812e-01 9.492733545360864111e-01 9.437276231180581343e-01 9.434562671650810195e-01 9.421773688715783246e-01 9.428446678393838098e-01 9.459555132321215698e-01 9.446497242660480964e-01 9.492679162832735607e-01 9.470195374767186314e-01 9.410662479864726482e-01 9.402785936089294028e-01 9.430037228261265447e-01 9.433091177362616930e-01 9.447152573365261707e-01 9.469455684441602239e-01 9.457469077558097181e-01 9.404957984156652184e-01 9.472943199103635026e-01 9.469286890222685660e-01 9.481355514615257274e-01 9.454913633305358500e-01 9.465205967007596088e-01 9.329762503338461244e-01 9.326372105921807432e-01 9.427077837432108476e-01 9.406496907522611250e-01 9.416744968630751389e-01 9.414713858453286344e-01 9.463192559287042505e-01 9.460264374196537540e-01 9.442410903415431322e-01 9.368097346482433530e-01 9.456773696911859872e-01 9.453934719050729463e-01 9.458175427570529870e-01 9.449659597385832166e-01 9.456071472242378873e-01 9.467027957941692717e-01 9.449588852734743805e-01 9.451949679189793896e-01 9.460414775941122789e-01 9.453245560332496078e-01
2.041375486334634851e-02 1.496449088709492781e-01 3.386852096119648547e-01 5.839571700318896275e-01 4.688551887950491714e-01 5.259134138696368588e-01 7.343531500675297696e-01 7.204538652877692240e-01 7.831645434365859249e-01 7.154544150411623615e-01 7.800221668563231958e-01 8.356385231916607648e-01 1.000000000000000000e+00 6.651256332845810748e-01 8.476661246793897320e-01 8.476593038921045320e-01 7.916007797144382074e-01 7.393791310328544641e-01 7.908885612140954535e-01 6.434914042412753776e-01 7.299745736805450802e-01 8.038236882817573203e-01 7.986733406466384189e-01 7.564526835074034672e-01 7.893888135741948808e-01 8.481862335145295972e-01 8.296075011505641417e-01 8.407269597613353795e-01 8.303851155766470704e-01 8.596985073889011897e-01 8.544716683892723541e-01 8.495747937006805639e-01 7.915898179460308937e-01 8.269645768054273427e-01 8.318091651490004956e-01 8.046171105946238189e-01 8.373509182425009634e-01 8.432388252603060241e-01 8.567199609931729354e-01 8.276129555269754468e-01 8.618133700551122711e-01 8.599247573446392456e-01 8.495953864422223223e-01 8.697198479336331056e-01 8.688607069991760579e-01 8.608443420836500160e-01 8.681837884250379611e-01 8.702777512928033810e-01 8.679333741163798299e-01 8.434463116037751451e-01 8.524756404029532053e-01 8.184608968118969319e-01 8.617569668614881717e-01 8.677125974571263667e-01 8.631067164273101833e-01 8.664581293696129727e-01 8.483248199658446342e-01 8.696181670698964750e-01 8.590290280960404257e-01 8.729738113319666093e-01 8.729349459839202963e-01 8.664091655302406103e-01 8.566421420596400660e-01 8.656975030848673702e-01 8.626770738510974867e-01 8.641642334667833936e-01 8.704761631520756548e-01 8.683102656028233168e-01 8.663447423342545139e-01 8.602207156738914673e-01 8.665961670269746175e-01 8.709868274677591282e-01 8.518326185195235212e-01 8.628141720841763229e-01 8.729991358540183377e-01 8.699922964430060190e-01 8.657833871859315078e-01 8.680311549312509367e-01 8.655720500799307660e-01 8.745072012035685072e-01 8.678070163185391817e-01 8.731538069673683289e-01 8.665410782405414958e-01 8.666313326231193104e-01 8.646413896606095495e-01 8.637334394084725808e-01 8.644594986728176833e-01 8.692616476662097247e-01 8.700488186780390709e-01 8.693845785002231041e-01 8.613734654708314897e-01 8.714375470852955274e-01 8.719178451679583386e-01 8.726430324986081954e-01 8.747071352425432877e-01 8.734916277396168605e-01 8.623290091363323695e-01 8.643990788951714244e-01 8.735103882386865415e-01 8.676699545983618256e-01 8.702785738835009388e-01 8.710307818471386687e-01 8.737725115708444568e-01 8.764148272488407887e-01 8.717270146892044380e-01 8.636220381537683677e-01 8.741111202701548066e-01 8.733869655500123841e-01 8.728984310611828112e-01 8.739085440219719336e-01 8.727201273236062651e-01 8.768103860407108208e-01 8.744446168221425841e-01 8.734240855470291054e-01 8.710854383708221960e-01 8.736532885767045453e-01
