1.000000000000000000e+00 1.143245450405765001e-01 3.182525862898576141e-02 -5.513318568539282705e-02 -4.558184842297537120e-03 -2.119511741270678137e-02 4.574183351506074142e-03 -1.443930071285948191e-02 9.957256225366387103e-02 6.405697052599805541e-02 1.951160826465768092e-02 -1.274323287721606385e-02 -3.457642430364848279e-03 -2.830498975704491549e-02 5.181028086324050621e-04 -2.619537833873109792e-03 7.631423785718993713e-02 1.068537103685295309e-01 6.179150429686428719e-02 1.273766359353782074e-01 9.537884725815926057e-02 3.881881115954560757e-02 4.397127556373580520e-02 5.988498521589651069e-02 3.557759343756883297e-02 8.706715949804545718e-02 3.850846673425720873e-02 6.250843970031604371e-03 7.767542106695403403e-02 7.884973369714559643e-02 2.941537870438545518e-02 3.158080615485750475e-02 -1.005265469600722002e-02 1.032621517493918784e-02 4.946416910786417820e-02 -8.749041366798836900e-03 1.454597721486533242e-03 -5.111165922491068755e-03 -8.068963140756417116e-03 -6.341378689188310880e-02 3.312720040730241997e-03 -1.930938799684936771e-02 -4.466925639381246621e-02 4.019561965639636449e-04 -3.146836796078971571e-02 1.184074312438801457e-02 7.155094241165179704e-03 1.913186359718014110e-02 -2.269996643698290670e-03 -7.875569296503667771e-03 -1.155201549052086753e-02 -3.177221771378067883e-02 -7.410519211744758840e-03 3.181015994293283355e-02 3.239988665210317281e-02 1.766597487419571677e-02 1.929753740360231479e-02 2.647317306746440474e-03 6.147927334646073952e-03 1.994936017891197483e-02 -2.206301447004924837e-02 2.515651695144333067e-02 2.542196163773682155e-03 2.256898698341718024e-02 2.939252768258533710e-02 1.731339078351664534e-02 2.190735276994650038e-02 1.931518931832798200e-02 3.255078303833622982e-02 4.440157313950057749e-02 2.910373896446037667e-02 2.514250802949839422e-02 2.157929690320752741e-02 2.317698040861302863e-02 2.951116917337423193e-02 2.279248434592854450e-02 1.415585513658416950e-02 3.084191287670252912e-02 1.488254087997787668e-02 2.768145511427114874e-02 2.398956715695266945e-02 1.687492819559046828e-02 3.019136199019958888e-02 3.342984016162692945e-02 1.294317941044938712e-02 1.641529835961640441e-02 7.081068034773953072e-03 7.943269230251933169e-03 6.773434023601416880e-04 2.313863492495106880e-02 -3.332721010892082236e-03 -2.013461677541623744e-03 -7.874399698340871917e-03 1.722208644817998396e-04 -2.381345731703594405e-03 1.045655810031843706e-02 -1.359089640659126054e-02 2.297373103148036416e-02 4.774670835954795793e-03 -2.857617674461084868e-03 -1.255593655178718210e-02 3.802251172342725576e-03 -3.640248009015232579e-03 -5.876350404606203379e-03 -5.335374884032280038e-03 1.162532617291326016e-02 1.597562350028208789e-02 2.182050780507840959e-02 1.887343299047610293e-02 1.029139567422985256e-02 -3.466824253099369015e-03 9.215427436691412191e-03 1.276725830591916334e-02 1.726083401621131622e-02 1.669471039232417464e-02 1.181875110347486296e-02
1.143245450405765001e-01 1.000000000000000000e+00 2.054931593925889838e-02 1.867898919252296286e-02 2.890563550107294946e-02 7.482493157810472806e-02 1.441159157399000412e-01 1.401630461904920799e-01 1.905829213740921624e-01 1.979318459887697557e-01 1.493058375024034490e-01 1.081427859571898326e-01 1.369937382994305675e-01 1.125208380305831313e-01 1.583353252638527164e-01 1.469927510494459522e-01 1.585412610715430382e-01 1.346596535099745806e-01 1.237144056229510930e-01 1.268943811555661716e-01 1.097797885129904727e-01 9.578648263891610670e-02 1.380046071023496301e-01 1.127403894780817789e-01 1.054029603004540544e-01 1.852862739742454912e-01 1.415183380331737906e-01 1.402923712273486112e-01 1.672655552835312365e-01 1.619865805604422671e-01 1.532624891519142052e-01 1.663747219088068940e-01 1.544997908599802516e-01 1.428724817501181854e-01 1.584519739837120522e-01 1.275008030401329484e-01 1.399228596752659093e-01 1.486036850031102474e-01 1.514061566695526773e-01 1.385572244860457380e-01 1.565638273337485453e-01 1.387628818198920755e-01 1.282932795514021285e-01 1.380752655796184114e-01 1.304441656958043594e-01 1.450268018205065901e-01 1.600461332856886465e-01 1.666507701774160022e-01 1.480630099277542855e-01 1.413741512014329293e-01 1.510214334731187213e-01 1.022294083518939106e-01 1.240169447308260703e-01 1.637932954508416472e-01 1.599371495082871353e-01 1.543013391882675223e-01 1.375337362361075955e-01 1.510843015239061449e-01 1.545370800016019619e-01 1.595003308118567997e-01 1.387369698512507521e-01 1.609327149169414162e-01 1.505646615289427670e-01 1.495985219281519840e-01 1.497981331446805731e-01 1.492142264486954750e-01 1.613771961120170351e-01 1.543432064381898006e-01 1.691178084212736077e-01 1.581346576567923823e-01 1.402291069141817503e-01 1.519080114380967628e-01 1.499414481849626057e-01 1.499478061779253024e-01 1.666183861254358356e-01 1.560226859044891445e-01 1.581440909709257991e-01 1.729715288053191857e-01 1.563109509473570025e-01 1.618310716721158005e-01 1.511492674851862283e-01 1.600165322381710276e-01 1.627007022960656746e-01 1.660923635861459857e-01 1.521552836819432541e-01 1.518950608193639085e-01 1.536078461867076417e-01 1.558791185036216831e-01 1.574928159832978958e-01 1.574200507720776299e-01 1.554592719746696050e-01 1.535323137490402501e-01 1.467880137864096823e-01 1.509573780720114000e-01 1.558752889051588097e-01 1.611806600709753678e-01 1.365475831762736347e-01 1.426330262857147535e-01 1.499508445231459153e-01 1.505594887728694264e-01 1.447657496137457755e-01 1.499428858512421581e-01 1.372722057591104772e-01 1.474425636958021646e-01 1.385239254647707974e-01 1.448029209859030553e-01 1.530777707017649258e-01 1.636326869845046716e-01 1.616581175894451217e-01 1.592612113044587496e-01 1.505745085635704361e-01 1.558255692159430661e-01 1.576978526357087351e-01 1.558164392400264719e-01 1.510774844842568132e-01 1.483003819183447980e-01
3.182525862898576141e-02 2.054931593925889838e-02 1.000000000000000000e+00 2.666638665640905237e-01 1.760303003375552344e-01 2.057714535059747551e-01 3.141532208291135109e-01 2.812312676979575321e-01 3.210497937089185627e-01 2.742143094689031835e-01 3.386563934591572678e-01 3.416245972230827488e-01 3.067900953733385117e-01 3.228893095798337498e-01 3.494953293831378760e-01 3.454819606730221704e-01 3.262968363235255742e-01 3.475005759234724434e-01 3.392134314314704802e-01 3.201133220408390878e-01 3.501629725980737184e-01 3.557561447230866425e-01 3.571964602926752663e-01 3.495134623769198257e-01 3.674374439718653962e-01 3.539418503058124887e-01 3.636334304712642851e-01 3.636206722246045353e-01 3.701372037747694410e-01 3.715939438014756457e-01 3.842583928406116400e-01 3.750139049555469284e-01 3.200819319854810163e-01 3.609475704776311522e-01 3.502210597983412832e-01 3.527038466674524697e-01 3.692020147713283018e-01 3.654439041489710993e-01 3.630812104684785768e-01 3.542775640903680356e-01 3.693851164236611750e-01 3.684664581252388160e-01 3.611223252597760003e-01 3.720831443324222887e-01 3.685195268555664372e-01 3.685106417990814398e-01 3.693186987431910651e-01 3.686717718649841213e-01 3.649679529281374957e-01 3.632453307089372196e-01 3.678857429365939846e-01 3.544381712143520047e-01 3.692651189199015471e-01 3.685338012380958705e-01 3.685206085813662047e-01 3.722520849778360730e-01 3.744840097628665543e-01 3.736211654745276167e-01 3.725148920496661464e-01 3.658639224216201358e-01 3.697166428121501647e-01 3.694315451644288872e-01 3.696672134455493697e-01 3.673235995033735102e-01 3.680748341180499206e-01 3.670819017043011612e-01 3.664492319072248372e-01 3.752362054660482449e-01 3.729392218487092014e-01 3.677093232606741813e-01 3.774568913220742172e-01 3.747516509067452817e-01 3.710440686320660708e-01 3.800144854528903493e-01 3.702202666277845666e-01 3.789549112601847680e-01 3.694583923771992962e-01 3.771564724389042111e-01 3.698619452316970757e-01 3.726112600045556333e-01 3.698311752760511939e-01 3.740261685219682386e-01 3.696978119068269897e-01 3.670724793277416742e-01 3.686837612522525509e-01 3.682893068016164784e-01 3.682223100441462948e-01 3.653287289170461527e-01 3.644357871304592655e-01 3.759837036116136511e-01 3.621423264311841583e-01 3.678925667103372654e-01 3.697161061472178378e-01 3.705086889240136183e-01 3.669006059791676266e-01 3.668377380649063824e-01 3.688766634066564798e-01 3.689618787194903771e-01 3.711461532932584517e-01 3.654684331335099068e-01 3.687041519488616359e-01 3.697583620126683179e-01 3.666201185308969879e-01 3.657750543991962755e-01 3.678628441194309318e-01 3.716425111901511813e-01 3.696706191294427124e-01 3.686628174641356503e-01 3.720249930903009594e-01 3.699433287569722228e-01 3.710186356125854679e-01 3.649481764462767508e-01 3.699228741585754432e-01 3.660553782527887767e-01 3.695379537895731037e-01 3.704608623172752635e-01
-5.513318568539282705e-02 1.867898919252296286e-02 2.666638665640905237e-01 1.000000000000000000e+00 3.700019108386773947e-01 3.713807367783882873e-01 5.162978920957446149e-01 5.625484858587185277e-01 4.649050469374930161e-01 4.170696029697631424e-01 5.255488572462582164e-01 6.152131924048842571e-01 5.139196286906614342e-01 5.089575556601538819e-01 5.911679411075528856e-01 5.986604610056917020e-01 5.281908650149207407e-01 4.321343459854741775e-01 5.460157075536660187e-01 3.802428108688921116e-01 4.835529640552175268e-01 5.832354766485510211e-01 5.070333468056302806e-01 5.252661139377439170e-01 5.736631224717511079e-01 5.137049948643475084e-01 5.476383806501032847e-01 6.056273856593213933e-01 5.570548059584485845e-01 5.446385452157286311e-01 5.776445155694329703e-01 5.770628578949763554e-01 5.732578598801938430e-01 5.958727031541006802e-01 5.414149223508406550e-01 6.006511904118155831e-01 5.969043121533126328e-01 5.884861469056303918e-01 6.089064432638635616e-01 6.047304689097933172e-01 5.923056550350307425e-01 6.166845381855029506e-01 6.236983887913819524e-01 6.171397899977518753e-01 6.193966068406194792e-01 5.897125986693744215e-01 5.744522509555721745e-01 5.701934386186028325e-01 5.755043649199648170e-01 5.997883241438481949e-01 6.002088915096708277e-01 6.342361492499410947e-01 6.125765767587579846e-01 5.547727922668329592e-01 5.382912780662156838e-01 5.559212978848538933e-01 5.710987685907282785e-01 5.759372185082747286e-01 5.592192708742956819e-01 5.781834337784046429e-01 5.986421879138196234e-01 5.623567555961005437e-01 5.743453829633973218e-01 5.824016502209867774e-01 5.833913369978094288e-01 5.849018153027504274e-01 5.795216457052427828e-01 5.823729543702768074e-01 5.724939116453873211e-01 5.518894152551493404e-01 5.914368141187325012e-01 5.944725065926798058e-01 5.774939107785774794e-01 5.852974115900432261e-01 5.711801271920743384e-01 5.845579166359271550e-01 5.909776061202266506e-01 5.690023314288025214e-01 5.960941076766064217e-01 5.735558583492994522e-01 5.913169420421371392e-01 5.777103278209659853e-01 5.807942017161641379e-01 5.757121263444211490e-01 5.921468936867395616e-01 5.932637722845022221e-01 5.932529494323530717e-01 5.861346177245225775e-01 5.924408899716457899e-01 5.738436931080270753e-01 5.991310422593940643e-01 5.966855277953370118e-01 6.022730026215508126e-01 6.005725365107567049e-01 5.841255383629174736e-01 5.788092510289232218e-01 6.064779823178192419e-01 5.887434371134655509e-01 5.902379848770503701e-01 5.935181371141435847e-01 6.078856605039671956e-01 5.894357085658783468e-01 5.961749349426741507e-01 5.996736255840607877e-01 6.125473147270861229e-01 5.840057392580051410e-01 5.821121478664711413e-01 5.708171465836165970e-01 5.693494290615647158e-01 5.811512652778122456e-01 5.869490297430562942e-01 5.831990246066197647e-01 5.803174554035335220e-01 5.868423371781021913e-01 5.924290744801381514e-01 5.892494439385884686e-01
-4.558184842297537120e-03 2.890563550107294946e-02 1.760303003375552344e-01 3.700019108386773947e-01 1.000000000000000000e+00 2.753361115729657804e-01 4.283935919093260214e-01 4.538594180282675139e-01 3.945846259547791668e-01 3.382371951944392885e-01 4.244604046103605532e-01 4.504391872778792938e-01 4.192930628056248943e-01 4.116802645087999091e-01 4.669395865276921853e-01 4.679918509482428046e-01 4.072435812859933613e-01 4.065234923777865106e-01 4.410898586542721378e-01 3.560122412929700442e-01 3.978069148351259243e-01 4.537137377401637695e-01 4.177101328113440593e-01 4.497189486176912387e-01 4.601815028873001423e-01 4.314932683057324803e-01 4.463926772191535997e-01 4.655665044531253072e-01 4.482321673653135163e-01 4.336961113343646423e-01 4.649458067023004570e-01 4.504667965495630089e-01 4.132396444423857562e-01 4.565316657564288949e-01 4.252466215208632883e-01 4.648597847703875852e-01 4.626828315524627588e-01 4.537573443963713871e-01 4.553219945255518875e-01 4.434765333588241432e-01 4.687685808135665932e-01 4.799679105991290218e-01 4.771348673342410973e-01 4.857226362735822534e-01 4.723121521281173907e-01 4.660404399445720047e-01 4.613258302973208269e-01 4.601783903372678730e-01 4.530770367086887074e-01 4.555414506699744237e-01 4.604292673861194451e-01 4.762879792049088401e-01 4.725657649777753044e-01 4.488349131887920396e-01 4.421048765272339032e-01 4.455110719297752375e-01 4.472356998933137429e-01 4.687626682429661407e-01 4.466889820676690492e-01 4.647216833443468809e-01 4.672557800142576601e-01 4.497721678741594120e-01 4.471503080728082558e-01 4.570129921417053764e-01 4.682088618328838492e-01 4.625176736215296791e-01 4.664970769729518407e-01 4.713957789151583255e-01 4.623937541410084173e-01 4.597946182502960499e-01 4.755459414393291007e-01 4.755177843337954346e-01 4.696438727837031757e-01 4.778582612411321762e-01 4.619539635210937467e-01 4.726126481886103736e-01 4.678059002986641457e-01 4.612722248087510191e-01 4.756235248404510063e-01 4.650051561738916539e-01 4.696763030990223076e-01 4.682331643774741980e-01 4.615095927549588417e-01 4.657926558107398640e-01 4.701287491543850172e-01 4.749682818193786127e-01 4.683293266377736019e-01 4.674851867037464470e-01 4.679555853514691943e-01 4.578140769303177815e-01 4.741077200018520288e-01 4.750206968465912061e-01 4.744614312966957126e-01 4.764144645535597911e-01 4.643236648054345772e-01 4.640445494565995088e-01 4.733467044408443125e-01 4.669793260836896387e-01 4.691583510335480267e-01 4.701623145945502680e-01 4.760245402766137834e-01 4.679459644004700936e-01 4.686091173107628238e-01 4.737791466433956544e-01 4.769104892329841805e-01 4.643839438353898896e-01 4.652346008101898578e-01 4.616317930228652777e-01 4.610640627410109715e-01 4.647164338563752883e-01 4.650020464664906261e-01 4.682857060952011485e-01 4.622149832034736505e-01 4.645213155038813158e-01 4.659040147357020323e-01 4.696459167117515987e-01
-2.119511741270678137e-02 7.482493157810472806e-02 2.057714535059747551e-01 3.713807367783882873e-01 2.753361115729657804e-01 1.000000000000000000e+00 4.799726813927405744e-01 5.029385589456069061e-01 5.092187407114795450e-01 4.423286376268223408e-01 4.998396239463459567e-01 5.592348930854689204e-01 4.921757420605323285e-01 5.139988097818769530e-01 5.655108818154561678e-01 5.578504957879610870e-01 5.175155154420598702e-01 4.480682074410500815e-01 4.859672423896093107e-01 3.883666163414345451e-01 4.501381169687180828e-01 5.029063783191529691e-01 5.106769261337535948e-01 5.019859335977601145e-01 5.188980569178036628e-01 5.260380987217015969e-01 5.376930353147288955e-01 5.448265759285908505e-01 5.298153587324293534e-01 5.290538593595217609e-01 5.686876818525988808e-01 5.634542432501704612e-01 5.191676886672174085e-01 5.558505755536818915e-01 5.237939560175549625e-01 5.511227996348679881e-01 5.656355014293917849e-01 5.723750610558611118e-01 5.771419943672527753e-01 5.644355846707929114e-01 5.758182277830941054e-01 5.766607062819116836e-01 5.651548011201692479e-01 5.827402565160189063e-01 5.745086233181019297e-01 5.763837687636221840e-01 5.799353816204735335e-01 5.825760249345405262e-01 5.827051674138412629e-01 5.731896809468870480e-01 5.866601658369295924e-01 5.619443875493733698e-01 5.740607570005763494e-01 5.805040433099852848e-01 5.725810772943996652e-01 5.703661793130414548e-01 5.781199017587170808e-01 5.785544162608785568e-01 5.857597651736770050e-01 5.871695782558783439e-01 5.871583758809991727e-01 5.847315757257720570e-01 5.828199231654854762e-01 5.832945853584025064e-01 5.756409927169540142e-01 5.867265218029614759e-01 5.814796718130035291e-01 5.774277412508510565e-01 5.752720629030061428e-01 5.558483836200318606e-01 5.745091419027530399e-01 5.826337354782803457e-01 5.789882380842522602e-01 5.737309877349398013e-01 5.772363655647874126e-01 5.778474247558581522e-01 5.794635762915087973e-01 5.725001774850244640e-01 5.816548589965274685e-01 5.784646041268890482e-01 5.779609962705941628e-01 5.827106201262285401e-01 5.809155088427586655e-01 5.669405414230700435e-01 5.810168569458119547e-01 5.819457803715494260e-01 5.852710789597276309e-01 5.843821096412395999e-01 5.819258002042506650e-01 5.780896854537824758e-01 5.813397844757476340e-01 5.846266851655735897e-01 5.875902172961865455e-01 5.871342576349056763e-01 5.904805738764821177e-01 5.889891964880784592e-01 5.828286081233304827e-01 5.778393253579046096e-01 5.804174598629000537e-01 5.806786817365904296e-01 5.826502557892122569e-01 5.854128969594614151e-01 5.826590024910818233e-01 5.871191196982481486e-01 5.880975289568166620e-01 5.847778378374471897e-01 5.840023411133432596e-01 5.834612675816491789e-01 5.819043318468359871e-01 5.825916246391779074e-01 5.879467381580638641e-01 5.868470986716421978e-01 5.865317705890588096e-01 5.836802536888558990e-01 5.819206372347444089e-01 5.868767496082192281e-01
4.574183351506074142e-03 1.441159157399000412e-01 3.141532208291135109e-01 5.162978920957446149e-01 4.283935919093260214e-01 4.799726813927405744e-01 1.000000000000000000e+00 7.147516828454030247e-01 6.860424829999034468e-01 6.291359578333242109e-01 7.135775123465161185e-01 7.674388292671637801e-01 6.908851724680101780e-01 6.973224399313960875e-01 8.268415277561639298e-01 7.800363191605411695e-01 6.837217190247019127e-01 6.106683062766097292e-01 6.636952909731402839e-01 5.253407722838918659e-01 5.892220039802837928e-01 6.745865744087118365e-01 6.982971493009380026e-01 6.702083381330653511e-01 6.924313856341199891e-01 7.376409486984550901e-01 7.567776883450003655e-01 7.883434263351896121e-01 7.499083159279879007e-01 7.486169469869099480e-01 7.840246843729434811e-01 7.764654106637947084e-01 7.503848959526909779e-01 7.596703834711719949e-01 7.487336515458211661e-01 7.518362865137334650e-01 7.946201894577602509e-01 7.790963515357967051e-01 7.890752917818079082e-01 7.790572614208006730e-01 7.878505260197252724e-01 7.982986830176062032e-01 7.969218984109353032e-01 8.066363220525258892e-01 7.894144881005407122e-01 7.981024011566663079e-01 7.936211205431160653e-01 7.897667075227912115e-01 7.839724729024546424e-01 7.662333829940881635e-01 7.805309917262294173e-01 7.735674932821788863e-01 7.858666699812861811e-01 7.807095405714415959e-01 7.722184713168197545e-01 7.719458810686726791e-01 7.682108198604913341e-01 7.899577541461327845e-01 7.817615042654956214e-01 7.962036117297131010e-01 7.995124904122404841e-01 7.861529004003575682e-01 7.780292210553461096e-01 7.818284852060108925e-01 7.833254367472268775e-01 7.845283031382384031e-01 7.968605538582055337e-01 7.889443080505985639e-01 7.947493276094956816e-01 7.586060512001758793e-01 7.779290281567772247e-01 7.928638015541493722e-01 7.840616934276256611e-01 7.850848460886732383e-01 7.955146115468939572e-01 8.067266497460117147e-01 8.133166251139946068e-01 7.950572440320183842e-01 8.033752363022723664e-01 7.997367210118593306e-01 8.022598423202249585e-01 8.014273701324499122e-01 7.920185182073133934e-01 8.007030900069450619e-01 7.919528880066344367e-01 7.957366705950497110e-01 8.007976736949229402e-01 7.999885656147339708e-01 8.045720064012011896e-01 7.852684711009498830e-01 8.123504899348098496e-01 8.067484291165836208e-01 8.046878460544397704e-01 8.095509065714314723e-01 7.997298334620763782e-01 8.004236516833966864e-01 7.908419677209077570e-01 7.873288622080175658e-01 7.976040766179154362e-01 7.989245967185292230e-01 8.064242774760556065e-01 7.958798413078610468e-01 7.968087512750667845e-01 8.021170921219056282e-01 7.990337833258878142e-01 7.932501496767314642e-01 7.948078242314370323e-01 7.974558509517865046e-01 7.978419001501383390e-01 7.970799671167371203e-01 7.989578974082972573e-01 8.008981798819357900e-01 7.974125244451630845e-01 7.946708478485066118e-01 7.958388811990795286e-01 7.959182809280131998e-01
-1.443930071285948191e-02 1.401630461904920799e-01 2.812312676979575321e-01 5.625484858587185277e-01 4.538594180282675139e-01 5.029385589456069061e-01 7.147516828454030247e-01 1.000000000000000000e+00 6.991496178725310484e-01 6.435401365267547913e-01 7.224995367816979819e-01 7.842140951590578224e-01 7.099517804027448697e-01 7.006001149516459803e-01 8.022514662326344359e-01 8.083760361867400324e-01 7.127005665243232313e-01 6.298182083342501736e-01 6.869080297655673073e-01 5.482356075781175120e-01 6.169932821117258825e-01 7.119336926248934772e-01 7.168629949347348207e-01 6.980944947529377220e-01 7.231548397117169014e-01 7.536212014121055347e-01 7.606902798229225882e-01 7.960137315404620661e-01 7.643409517769012007e-01 7.502638754738362170e-01 7.799254602348625331e-01 7.959694886484662835e-01 7.635117458618906339e-01 7.869877253170979303e-01 7.610954271880036037e-01 7.803409967724310725e-01 7.939043202081724759e-01 8.044934424296844577e-01 8.054894805087260412e-01 7.934764933626198280e-01 8.061186158554985992e-01 8.138406196740871623e-01 8.144053704646907477e-01 8.198953656153634695e-01 8.044362412476602220e-01 8.095635428906499120e-01 8.077872481891780199e-01 8.091890124813181373e-01 8.039300677153895514e-01 7.958991625828981675e-01 8.075386717911350321e-01 7.989897155689974495e-01 8.020147368479675354e-01 7.918591836215894686e-01 7.853516530355388880e-01 7.841190523139531798e-01 7.860731694089426735e-01 8.040179482902788388e-01 7.999554594246799377e-01 8.078524326715169623e-01 8.158046394654651090e-01 7.998995448796910601e-01 7.987829047452014164e-01 7.968052008016550669e-01 7.988346047211317691e-01 8.012105113593075423e-01 8.097909179826525694e-01 8.030965908525010688e-01 8.053087911777998542e-01 7.749238026312292860e-01 8.003992081125717029e-01 8.083468926243475572e-01 8.027801511270551416e-01 8.016518749037783165e-01 8.080398557702029860e-01 8.102147909299269868e-01 8.150316210217032342e-01 8.030165295372299061e-01 8.142200076357123395e-01 8.093888221064571287e-01 8.113337211203442978e-01 8.069522833310334153e-01 8.050645136511461741e-01 8.101290912121490440e-01 8.102739714590413422e-01 8.132278432338924112e-01 8.152947058468376085e-01 8.149220909022334425e-01 8.182647146512106451e-01 7.943200325820958252e-01 8.210454251913413826e-01 8.207958686930847403e-01 8.167361063328806292e-01 8.210167262903624863e-01 8.120632384705700479e-01 8.112512470302912782e-01 8.149100634803485566e-01 8.037144597891056064e-01 8.134252567581539139e-01 8.149006199198092215e-01 8.241260405309788206e-01 8.129790059247370415e-01 8.112858569902255956e-01 8.186075950254755318e-01 8.159929584178527984e-01 8.035978243844908997e-01 8.090065059603018804e-01 8.082877705099683618e-01 8.062112228482717358e-01 8.120551222822801618e-01 8.139838943102325475e-01 8.132579391630256893e-01 8.112134471645551237e-01 8.098123084077689660e-01 8.107768878323896589e-01 8.094465248100065624e-01
9.957256225366387103e-02 1.905829213740921624e-01 3.210497937089185627e-01 4.649050469374930161e-01 3.945846259547791668e-01 5.092187407114795450e-01 6.860424829999034468e-01 6.991496178725310484e-01 1.000000000000000000e+00 7.366142314320621720e-01 7.655328277379019886e-01 7.925793052238790937e-01 7.170317956872506171e-01 7.530825442113112667e-01 8.183388952497491209e-01 8.146867740592695917e-01 7.956747261560506157e-01 7.320759769627271929e-01 7.429403184575913421e-01 6.480760205503512950e-01 7.016381813683122415e-01 7.263772882694051747e-01 7.797951299982046613e-01 7.607534428206257360e-01 7.536454332453292881e-01 8.333528910365824993e-01 8.177697032946400491e-01 7.978204966358473094e-01 8.211277722479588537e-01 8.192067405695999671e-01 8.492331881295573925e-01 8.463473855864953599e-01 7.504859331309293724e-01 8.165968150088463995e-01 8.074488204385878998e-01 8.060953218641783158e-01 8.229907635402551325e-01 8.352370629578468320e-01 8.358709269588459057e-01 7.821712669572428167e-01 8.512139100725241159e-01 8.306963301711858261e-01 8.088682538217115692e-01 8.432191670751278956e-01 8.248703740032734544e-01 8.455348709365266835e-01 8.582205099722015618e-01 8.727024930780208356e-01 8.513254980290062557e-01 8.268010600416813016e-01 8.455859369940613712e-01 8.020363828184640109e-01 8.328547444615045370e-01 8.802617638260054056e-01 8.664676688692075635e-01 8.563251698108508281e-01 8.548688436999813955e-01 8.605672697898003598e-01 8.606476403329992308e-01 8.714631382773853074e-01 8.498622015383757722e-01 8.719247853213050181e-01 8.573850698740701493e-01 8.643318467784774084e-01 8.668047481103288154e-01 8.668740010120137285e-01 8.684299878126681138e-01 8.637005042057624982e-01 8.686265699782976801e-01 8.490848088077245226e-01 8.533185318084119952e-01 8.574864048951553741e-01 8.587688125987071874e-01 8.563396497532119733e-01 8.707341757002107219e-01 8.605112676095256763e-01 8.564315168166316550e-01 8.665216661558110545e-01 8.539673791806217107e-01 8.656030651207435866e-01 8.560482623987608619e-01 8.694249913816208819e-01 8.737311422949981532e-01 8.624333413390399272e-01 8.554276785529141280e-01 8.597489968299929508e-01 8.613112814628808289e-01 8.642929491965755107e-01 8.579903281210924382e-01 8.682226593603814546e-01 8.502382131550503264e-01 8.578417990720031971e-01 8.546447016266018881e-01 8.593699632483952078e-01 8.664634669895971975e-01 8.711791872309754270e-01 8.408427545258507774e-01 8.576280492312453596e-01 8.561395832782844328e-01 8.544598541777717049e-01 8.501405549889273772e-01 8.620116482669007985e-01 8.525270633713835089e-01 8.596201353242652887e-01 8.546141139205507553e-01 8.630367677411932004e-01 8.646966227478071199e-01 8.732657186245561531e-01 8.714177428691428640e-01 8.647669163394484659e-01 8.599339178718452548e-01 8.703481267890428308e-01 8.702557725905948338e-01 8.687121650195598344e-01 8.664893479057159675e-01 8.673763690511011593e-01
6.405697052599805541e-02 1.979318459887697557e-01 2.742143094689031835e-01 4.170696029697631424e-01 3.382371951944392885e-01 4.423286376268223408e-01 6.291359578333242109e-01 6.435401365267547913e-01 7.366142314320621720e-01 1.000000000000000000e+00 6.955651953447052893e-01 7.207251152819934559e-01 6.619331174822795649e-01 6.631362103427251853e-01 7.535181280332172715e-01 7.440066863684628995e-01 6.956058801416827864e-01 6.364644151825190610e-01 6.612504110165072779e-01 5.761710664632574419e-01 6.077718233927884572e-01 6.497381014126446530e-01 6.921518559300047224e-01 6.691149046987462379e-01 6.799486242576353590e-01 7.609384929659328556e-01 7.453879291154474895e-01 7.284448608586505669e-01 7.405946704682154769e-01 7.341153903569379580e-01 7.656181849661641836e-01 7.694725030250099129e-01 7.006733689405097998e-01 7.406239129903221530e-01 7.285960953589051270e-01 7.320512482539078825e-01 7.481063639622730355e-01 7.724402910806766887e-01 7.683625922493151350e-01 7.335990258898122951e-01 7.808537487901149321e-01 7.619786683331098986e-01 7.461491780710957089e-01 7.681506964188619113e-01 7.488566669328580172e-01 7.777066141048476489e-01 7.883745663734712528e-01 7.963266890462610270e-01 7.805133342756747084e-01 7.625418914552702931e-01 7.773997167107887796e-01 7.212909636563067384e-01 7.534856550436125344e-01 7.915267532814090901e-01 7.863495169596884660e-01 7.757689167762569227e-01 7.661590074900205272e-01 7.857595101274189586e-01 7.887568363872942134e-01 7.877478734866902865e-01 7.791238673675356941e-01 7.891156647243493527e-01 7.814965353463212416e-01 7.774002976027979406e-01 7.748270273595384561e-01 7.729195097027479200e-01 7.897695085634811596e-01 7.793518887726105238e-01 7.925012675618801072e-01 7.727062350496413101e-01 7.703121818366701623e-01 7.800319027265304461e-01 7.789852594538621000e-01 7.769102556541221949e-01 7.941422740961902038e-01 7.838804751006563931e-01 7.824342645651666261e-01 7.900827801156382613e-01 7.809996728115590203e-01 7.883681951274673638e-01 7.820289502717677754e-01 7.906116502006989011e-01 7.894940576660834930e-01 7.858624046891623527e-01 7.839930102125097777e-01 7.830432364793212807e-01 7.844400944573651779e-01 7.923904263274486048e-01 7.876133836807019950e-01 7.854872711761563542e-01 7.819215988979939524e-01 7.880437408273538447e-01 7.806343767972017123e-01 7.867424869862778003e-01 7.906104488216476600e-01 7.932914808251270156e-01 7.738343463310564108e-01 7.790553949126215461e-01 7.834755328619951165e-01 7.870411486942665569e-01 7.774249486708479928e-01 7.854800104122564575e-01 7.746455857040299708e-01 7.846776572670536298e-01 7.760006841438265024e-01 7.804514252836500798e-01 7.887824156844785994e-01 7.945597545602869349e-01 7.932267569747295521e-01 7.902445818191532467e-01 7.871082269074117788e-01 7.911662573311322166e-01 7.925604865008353261e-01 7.880596803524192451e-01 7.840072403590626626e-01 7.819981639418916997e-01
1.951160826465768092e-02 1.493058375024034490e-01 3.386563934591572678e-01 5.255488572462582164e-01 4.244604046103605532e-01 4.998396239463459567e-01 7.135775123465161185e-01 7.224995367816979819e-01 7.655328277379019886e-01 6.955651953447052893e-01 1.000000000000000000e+00 8.276946705568720697e-01 7.252484613418878068e-01 7.434186898196349924e-01 8.265986545181549516e-01 8.306129767916464735e-01 7.685528807479381497e-01 7.144721825653793656e-01 7.572891858807425658e-01 6.488301350152052560e-01 7.003736619424119070e-01 7.558597025178342976e-01 7.517714850229929580e-01 7.592616282892309387e-01 7.720785375513014026e-01 8.211219575016726058e-01 8.230262210650526322e-01 8.180493415824985348e-01 8.158723057910420851e-01 8.213737410939144779e-01 8.530781382844403460e-01 8.503785994745144405e-01 7.895471827102958917e-01 8.308111710197810806e-01 8.199066627430933174e-01 8.158345757427207801e-01 8.477052055931859620e-01 8.483854303403314256e-01 8.494035292910983026e-01 8.179616260801376715e-01 8.578477973184444050e-01 8.526490608191057419e-01 8.369750580748875901e-01 8.588361720657698983e-01 8.476539229144451904e-01 8.572961417961775243e-01 8.631294263382817133e-01 8.645886991722925297e-01 8.584565187074669756e-01 8.421257893483241608e-01 8.543067272563488190e-01 8.254255095784643892e-01 8.455029450998906571e-01 8.572520057900735457e-01 8.493619844613727876e-01 8.416678479968884297e-01 8.456780501658376359e-01 8.600902801943534071e-01 8.584824636418761923e-01 8.667655870159602927e-01 8.610807191011817796e-01 8.617695057066764308e-01 8.539546405448676936e-01 8.570615287483359657e-01 8.612863767452427766e-01 8.581576666615580162e-01 8.689595601243164102e-01 8.669855729511473097e-01 8.674027639781221044e-01 8.490512618418879498e-01 8.629142399485667525e-01 8.643793486707127549e-01 8.624705273989413667e-01 8.639458282734645556e-01 8.707382301135292435e-01 8.689143831796177775e-01 8.683874498057706504e-01 8.676034535303452921e-01 8.648737522871123851e-01 8.709571045983800497e-01 8.700540691062640386e-01 8.698908908377485094e-01 8.647593170616352243e-01 8.720925892273491131e-01 8.668357520687106632e-01 8.691254718037947358e-01 8.695123692993090847e-01 8.690413654066372340e-01 8.692487659840741898e-01 8.566339323764292635e-01 8.669695366746219545e-01 8.711417500586456919e-01 8.657141592715199563e-01 8.698081103454962104e-01 8.683734386870032296e-01 8.691703533228700707e-01 8.591635646894133505e-01 8.613828040624617044e-01 8.694865749131711619e-01 8.682456124001670661e-01 8.655474093104698063e-01 8.679249750871259605e-01 8.623615534937120186e-01 8.705517494646468624e-01 8.649367152541337367e-01 8.618492391665266705e-01 8.682418812979081357e-01 8.684511987507856912e-01 8.684886562574064550e-01 8.694043998826994635e-01 8.663359454529181436e-01 8.701494582725765037e-01 8.692763493767085015e-01 8.686125397369784951e-01 8.660912703916582300e-01 8.654672675525055814e-01
-1.274323287721606385e-02 1.081427859571898326e-01 3.416245972230827488e-01 6.152131924048842571e-01 4.504391872778792938e-01 5.592348930854689204e-01 7.674388292671637801e-01 7.842140951590578224e-01 7.925793052238790937e-01 7.207251152819934559e-01 8.276946705568720697e-01 1.000000000000000000e+00 7.805608136344101000e-01 8.054812912390155732e-01 8.925456548759591602e-01 8.948365038382942727e-01 8.111543279620903046e-01 7.216920782957497726e-01 7.894751816727902938e-01 6.599497859295119229e-01 7.233569348083890294e-01 8.093505608165889598e-01 7.942818636600840199e-01 7.874855198348473806e-01 8.179060900821245594e-01 8.420946116015338712e-01 8.693245919083578688e-01 8.796812986348384600e-01 8.522675842174187721e-01 8.562180577777950274e-01 8.985200721032333693e-01 9.027960857978165610e-01 8.474220533785405962e-01 8.895768847722049788e-01 8.590678925025320156e-01 8.878524091913416738e-01 9.058286731296750771e-01 9.083032270181786716e-01 9.174401682755978227e-01 8.968087043198615937e-01 9.128815369696728910e-01 9.238193623077447514e-01 9.111872488275845061e-01 9.279425460511405710e-01 9.198059588369026374e-01 9.178992470628460909e-01 9.203898564220410750e-01 9.180839167148477920e-01 9.139350245398979444e-01 9.094403641733388444e-01 9.217910468699110904e-01 9.082823418498703338e-01 9.122179975558840637e-01 9.090373378579421626e-01 8.988140642105467704e-01 8.989773345953073758e-01 9.076955241505957339e-01 9.177726888268609162e-01 9.154729459033407180e-01 9.245829730910183342e-01 9.272101529180907242e-01 9.189855771290876829e-01 9.164812774981038190e-01 9.169627558444858328e-01 9.158155006097801198e-01 9.190411822916689788e-01 9.238131201034529560e-01 9.177062976208486544e-01 9.161701409980579358e-01 8.972485327030410573e-01 9.139504905241728761e-01 9.204022604829755760e-01 9.125497871642208603e-01 9.125776525190660848e-01 9.193416116758447165e-01 9.214079461652459058e-01 9.238322264142505569e-01 9.145976919492365687e-01 9.218611165957606435e-01 9.210160020725648433e-01 9.247768968140199775e-01 9.229899674817226840e-01 9.216039797405357614e-01 9.206272922479129539e-01 9.233199763315698139e-01 9.260448063413095898e-01 9.294508537839804019e-01 9.263046123489422357e-01 9.284135539970465034e-01 9.136259470388592430e-01 9.293359383232145943e-01 9.298860372415546083e-01 9.316713896092139180e-01 9.315547199776278431e-01 9.287669132653537662e-01 9.268155073692125878e-01 9.248362124793375605e-01 9.200467125798307277e-01 9.262773624324839306e-01 9.265150795494369040e-01 9.317890061411061575e-01 9.270741610074005878e-01 9.247960819969228696e-01 9.312716292295089016e-01 9.320766242571003612e-01 9.232456927825950510e-01 9.238888520351519196e-01 9.214267019686448457e-01 9.207820135086639546e-01 9.252952110153620513e-01 9.268835659010904449e-01 9.270092431989461756e-01 9.260616392837529576e-01 9.255523451502971621e-01 9.257832140050205050e-01 9.260337122619874961e-01
-3.457642430364848279e-03 1.369937382994305675e-01 3.067900953733385117e-01 5.139196286906614342e-01 4.192930628056248943e-01 4.921757420605323285e-01 6.908851724680101780e-01 7.099517804027448697e-01 7.170317956872506171e-01 6.619331174822795649e-01 7.252484613418878068e-01 7.805608136344101000e-01 1.000000000000000000e+00 7.212499330409298803e-01 8.104859573916665116e-01 8.046136167798141337e-01 7.236999209425589719e-01 6.340772966212663286e-01 7.035450898644874940e-01 5.580630507038983890e-01 6.227221828713186413e-01 7.174980949355683757e-01 7.182437670183098311e-01 7.011433189227396223e-01 7.373908549509218258e-01 7.718966692185064149e-01 7.761223674662786065e-01 7.950400202173026898e-01 7.702213099693580034e-01 7.556235813987653982e-01 8.006425944262910432e-01 8.089099676872777422e-01 7.676638181211348222e-01 7.892777722306718591e-01 7.676153310501218074e-01 7.856523123876825165e-01 8.039736271751692920e-01 8.092272926901761254e-01 8.151132230239241938e-01 8.046543911558899920e-01 8.247729534434886656e-01 8.198455994801209235e-01 8.120881666881275551e-01 8.279384774737870156e-01 8.103260882842983071e-01 8.245239227322446185e-01 8.257462256766203712e-01 8.291908751395499211e-01 8.186743620584685521e-01 8.052188626491241230e-01 8.175191064717743927e-01 8.017958180349130659e-01 8.168941573251436994e-01 8.160485582709865460e-01 8.036851540475292710e-01 8.031270219629266238e-01 8.015050266093332043e-01 8.229999818958684266e-01 8.157593105371389042e-01 8.283314468807324582e-01 8.313797873264139326e-01 8.178487203199825695e-01 8.133329458966033210e-01 8.141005459957925128e-01 8.187728536906390131e-01 8.181801642420950538e-01 8.269065529010708460e-01 8.231338907770695545e-01 8.223722670480106967e-01 7.938559112636431880e-01 8.180761914524907752e-01 8.260853314104578127e-01 8.168756135931616313e-01 8.203398537908660471e-01 8.265908993760069379e-01 8.297298119167535457e-01 8.298175948240951172e-01 8.241316586031225411e-01 8.301865954337553921e-01 8.247066900442349136e-01 8.283756731961244846e-01 8.292612092888905773e-01 8.234916417053720350e-01 8.255486427451299569e-01 8.278758392180576298e-01 8.279038185261724525e-01 8.324239868970866318e-01 8.316950849516004940e-01 8.360816703476180445e-01 8.188048382768373656e-01 8.375416802234739722e-01 8.363058719725112722e-01 8.356875952504312366e-01 8.356095130476673960e-01 8.345167978541822018e-01 8.330166126255797998e-01 8.252891550797278875e-01 8.197060395536102106e-01 8.288964635935804903e-01 8.312123961068376143e-01 8.358774642184112480e-01 8.296476786752809973e-01 8.278666841817220456e-01 8.339117039592525149e-01 8.318590233773086595e-01 8.250910758544306445e-01 8.261265501526645627e-01 8.295924528928781960e-01 8.279175906932759732e-01 8.308706910319316741e-01 8.295176164358093462e-01 8.340469480637952016e-01 8.307495278444917419e-01 8.300551332159652462e-01 8.285855407824422869e-01 8.288687502375012839e-01
