1.000000000000000000e+00 2.725004365186392899e-02 9.227332558559163400e-02 4.756397872296068419e-02 1.681281260028209476e-02 7.409191296065762052e-03 1.513562066210584478e-02 2.068868448137488672e-02 8.784397429768420196e-02 5.180897709133602119e-02 7.600790904445911024e-03 2.147576426144243850e-02 2.647225182801946075e-02 -7.676190291195458641e-03 1.656747187266751839e-02 1.874724583652434898e-02 6.352053127762273543e-02 6.064536380996839865e-02 4.839218049921928388e-02 -3.804414991651169226e-02 4.308057140087473424e-02 6.142864222660260332e-02 4.092015450260381992e-02 3.806252478433753972e-02 3.915248819097846833e-02 6.151077167856919964e-02 3.336351577530118073e-02 2.352372599995567262e-02 4.943950076269346128e-02 3.033534719393056814e-02 3.216751366496458514e-02 5.275499197307811916e-02 4.196854674273728381e-02 5.697440641596004940e-02 2.442512061084151781e-02 7.598667072023419268e-03 1.644533810991859538e-02 3.138256963689842194e-02 1.658596583400871044e-02 -1.004924978536054191e-02 1.696156441294560668e-02 9.076359459798002613e-03 -1.109447654444576520e-02 2.170903084226957075e-02 1.461792934934394612e-02 1.414901419346533892e-02 9.507455403793994494e-03 1.305259265576043555e-02 4.626374501436552808e-03 4.585276156227131861e-02 2.332427856351967921e-02 3.975438223419690970e-02 2.127441500425425805e-02 2.022669113602679897e-02 2.064920554147160400e-02 7.952425716873174483e-03 1.804676945201870789e-02 1.560997103180234401e-02 4.132203786616675100e-04 2.045745888195271353e-02 7.788787180991668842e-03 1.597800360554213830e-02 5.730021271237869043e-03 2.167033845410204843e-02 3.412454903895601604e-02 1.915926442725052192e-02 1.180084817880956531e-02 1.595713181007755999e-02 2.386554021418740151e-02 -9.462056196025922863e-03 1.879069553722677310e-02 2.324878987581922851e-02 1.479162766637425949e-02 1.239010247024543640e-02 2.099701835368013997e-02 1.445965896517838536e-02 1.669828055742685752e-02 1.830848428654812884e-02 1.900051936749472606e-02 1.282567088878294390e-02 1.629052712313008161e-02 1.044111328645266207e-02 9.682274395029543193e-03 1.739395178204115183e-02 2.701553103231625619e-02 2.527429374890794930e-02 5.992700497297485419e-03 7.606133451848503223e-03 8.770840271854858303e-03 -1.283547797875224557e-02 4.447764248355981498e-04 5.359105043239492140e-03 4.279125774538613744e-03 5.128807285543912284e-03 -4.960061079354067138e-04 2.322830237652100810e-03 -1.377901257461660971e-02 1.841134987083447791e-02 -1.206638407720109565e-02 1.102460722878088190e-02 -1.173127038940472745e-02 5.218373735728547638e-04 8.804316356366954574e-03 6.846584178664546876e-03 1.141086555546985334e-02 -6.266145756290969829e-03 9.599001960638297443e-03 7.028212939837255591e-03 6.434930443794642692e-04 9.377124453048793495e-03 -1.124053598912531232e-02 6.450125891000376907e-03 -9.700996885203383826e-04 5.789946958322504493e-03 2.104999359237416309e-02 9.806854699349961887e-03
2.725004365186392899e-02 1.000000000000000000e+00 1.035369743645162405e-01 7.027429948997729325e-02 9.779404365217200801e-02 8.821518998072844231e-02 1.516893990968803396e-01 1.098736805638035469e-01 1.596049079007369476e-01 1.959090871900285302e-01 1.496947579421674668e-01 1.519859272250587978e-01 1.439413367704379665e-01 1.042897916011900211e-01 1.582193386047947015e-01 1.424164666831757020e-01 1.420413516830371092e-01 1.483486279098062965e-01 1.416449439564965163e-01 1.091568433059522947e-01 8.753643992654110140e-02 1.361456043339079325e-01 1.679774266870391886e-01 1.242189130885154036e-01 1.478614457203952237e-01 1.738644015524945241e-01 1.489491038592750949e-01 1.560125930024482965e-01 1.518320209251192154e-01 1.594903522805743434e-01 1.643241215706596481e-01 1.611989863584196436e-01 1.363264169805312453e-01 1.545158413010204179e-01 1.459401144249865001e-01 1.358732470954345239e-01 1.517012320938574965e-01 1.549430217184921688e-01 1.615288924427754624e-01 1.325919572070998476e-01 1.577042444492740003e-01 1.505394616840116384e-01 1.494577584458029185e-01 1.615629526952035711e-01 1.486088976187176502e-01 1.666755303198052263e-01 1.616030309859468606e-01 1.650368781822750264e-01 1.672079302761635133e-01 1.402275901376942302e-01 1.514046951124791707e-01 1.198718885289025010e-01 1.445231698049197211e-01 1.802969405119704271e-01 1.732552077943041446e-01 1.673442645171228649e-01 1.586296017911336398e-01 1.601730946813140488e-01 1.697126441793757323e-01 1.688839930904818543e-01 1.634022454099274546e-01 1.673208927925535772e-01 1.618916423552339556e-01 1.601730518247559687e-01 1.451898566599232054e-01 1.637529248594805087e-01 1.589612381670377494e-01 1.629705461296898916e-01 1.694216529093434676e-01 1.493816277339382603e-01 1.514715024995324788e-01 1.616284954680256014e-01 1.543129274215593039e-01 1.579638947381056535e-01 1.659197980330502642e-01 1.610077273892964178e-01 1.592361979552002760e-01 1.568415101904697684e-01 1.645364251250985566e-01 1.529045139411623622e-01 1.580773492759992849e-01 1.580316634350555915e-01 1.532708028442052728e-01 1.541806843254527881e-01 1.589665331835975748e-01 1.597656133815925639e-01 1.518002485119372136e-01 1.536862193947316213e-01 1.551524228644253212e-01 1.520224917712717505e-01 1.494933825417280315e-01 1.558096948256862402e-01 1.552721841060365482e-01 1.599666297222696598e-01 1.552176321391429692e-01 1.595594522449671204e-01 1.379419261878806757e-01 1.450624388712324908e-01 1.505617206965231825e-01 1.498991280602655074e-01 1.481055298335455239e-01 1.461225668917517373e-01 1.506875089954181346e-01 1.527282767553969633e-01 1.426507884599984566e-01 1.495928494179321611e-01 1.599097415922020315e-01 1.583504638646414941e-01 1.584633965775989473e-01 1.576190301988613929e-01 1.499665142072062196e-01 1.565192107313839454e-01 1.554026488607214707e-01 1.527508699145758986e-01 1.512880685563977035e-01 1.524918571252708577e-01
9.227332558559163400e-02 1.035369743645162405e-01 1.000000000000000000e+00 3.702435257066680196e-01 2.248310287226479298e-01 2.731648681509530885e-01 3.724341920714248633e-01 3.177872570908500949e-01 3.854695720700852535e-01 3.411990289245664387e-01 4.051020040431503322e-01 4.075163578150846067e-01 3.667630342143683442e-01 3.018285963388672166e-01 3.995705385901694995e-01 3.836994877351803113e-01 3.603431863203778729e-01 3.348488488055356149e-01 3.608713565806028201e-01 3.051057326034753991e-01 2.996747474773437392e-01 3.832018737769141703e-01 3.852243331265467474e-01 3.150551003330714916e-01 3.512913889902781750e-01 4.233004753420870903e-01 4.142387273250738855e-01 4.270080484300262103e-01 4.023735255302941516e-01 4.299228187180141325e-01 4.259227222771965748e-01 4.091667097184072954e-01 4.193951339287982916e-01 4.055638215296384907e-01 4.176462624775856280e-01 3.901843269916155932e-01 4.267972580494892587e-01 4.116215049488821665e-01 4.148302716798843437e-01 4.193399719677403659e-01 4.119862752621206159e-01 4.198621508160292892e-01 4.064469270649394561e-01 4.165711195985147830e-01 4.187079766095408995e-01 4.241750342309593691e-01 3.935159840295041067e-01 3.993710134235665676e-01 3.825864014280936365e-01 3.771490365048795756e-01 3.887220006001001482e-01 3.759003927754349106e-01 3.943909645594352864e-01 3.821894247563339397e-01 3.860014406668708653e-01 4.053100080009678918e-01 3.677830857816750676e-01 4.000421276980957175e-01 3.783776184389122665e-01 3.923083002446684509e-01 3.869653528671782583e-01 3.808547535917223281e-01 3.716367627018834496e-01 3.815105289553420431e-01 3.972593166945451171e-01 3.797980766880161840e-01 3.998777372940109931e-01 4.005026612390666374e-01 4.118689201148367784e-01 3.847795211354308464e-01 4.041991346633319604e-01 4.108902922670005786e-01 3.943070386890546453e-01 4.033604830945944353e-01 4.179819480555407307e-01 4.179511499057166346e-01 4.245193441901914388e-01 4.125033080354843507e-01 4.188402681381113157e-01 4.207325384663336276e-01 4.130478628398402963e-01 4.087156869987713104e-01 4.083202885488934064e-01 4.234417521484881708e-01 4.071528830071641791e-01 4.087946579155540272e-01 4.146305638223498624e-01 4.119612887279051616e-01 4.123821496938388509e-01 4.062673740173909365e-01 4.208897546402563528e-01 4.134744957842185209e-01 4.092090124610309188e-01 4.127960351512773296e-01 3.975791029594039072e-01 3.975362565717978081e-01 3.828919743646586049e-01 3.754439595078417624e-01 3.881690351899717562e-01 3.917839139428525019e-01 4.072262435334028097e-01 3.854484356401923772e-01 4.027729628488923019e-01 4.011567739414858003e-01 4.015659489239786217e-01 3.821348065765023949e-01 3.866056047624800152e-01 4.006687925193429534e-01 3.997967886512067137e-01 3.956400437936883341e-01 3.950967526244190675e-01 3.935867960742346350e-01 3.915005073181545558e-01 3.909681682868879626e-01 4.001754996097841022e-01 3.928907494204205708e-01
4.756397872296068419e-02 7.027429948997729325e-02 3.702435257066680196e-01 1.000000000000000000e+00 3.706119680482248824e-01 4.294520194003770275e-01 5.979393369882420872e-01 5.652468052545942534e-01 5.684946749749824058e-01 5.079936770714309491e-01 5.959539493280606726e-01 6.572341876598866151e-01 5.781716922959841964e-01 5.032214076963967830e-01 6.463779674977211398e-01 6.334120813331705069e-01 5.761785503714629275e-01 5.256428352733436560e-01 5.706006946714643480e-01 5.339051597076289735e-01 5.280255614885493998e-01 6.109160369153668890e-01 5.534898710008803180e-01 4.937478680418213028e-01 5.209427540041196014e-01 6.325946783061031642e-01 6.455845106373131470e-01 6.518261718837333740e-01 6.283091228938288975e-01 6.446535878600877512e-01 6.578283886139952852e-01 6.347587172908740749e-01 6.184280838333788832e-01 6.263260764500101496e-01 6.248969285771459603e-01 6.320080739023430372e-01 6.426891284036396756e-01 6.494950259552438876e-01 6.453837434822206065e-01 6.540726799380444101e-01 6.510168221615731943e-01 6.564727784456491078e-01 6.500680643155128946e-01 6.581615749825744377e-01 6.620912592714671696e-01 6.495633673291859589e-01 6.313311920327433491e-01 6.316031911506052587e-01 6.246774846971068218e-01 6.240654459976243684e-01 6.366099191375370614e-01 6.396571502772777640e-01 6.477343884882935665e-01 6.145017418591476321e-01 6.199984540020891943e-01 6.331023599887064535e-01 6.229135457766058481e-01 6.332778615538467992e-01 6.119774810357025974e-01 6.244166980264435063e-01 6.350433160010496847e-01 6.206767712534033699e-01 6.192397572400573091e-01 6.272203879263505977e-01 6.447884215909728267e-01 6.234080940330138931e-01 6.316255164582632586e-01 6.382425612577090623e-01 6.403382046841620268e-01 6.426656283823296567e-01 6.477978599892433298e-01 6.412912586004024806e-01 6.251552386639070980e-01 6.315283733163647995e-01 6.587900925142566866e-01 6.579760627770726567e-01 6.671117291016229744e-01 6.582841479329459844e-01 6.466331710801723753e-01 6.578956396946034069e-01 6.509241335099460457e-01 6.479963037688880600e-01 6.564074697516356638e-01 6.604261636634823907e-01 6.445180276741258041e-01 6.454121263899277317e-01 6.531054171637412642e-01 6.540376931577693842e-01 6.520044055952882722e-01 6.535713516251133726e-01 6.638377150480925248e-01 6.528573331403709767e-01 6.478655009733608194e-01 6.501542197848920734e-01 6.345447970574421559e-01 6.344570537000657762e-01 6.449037009811429133e-01 6.342225522823260464e-01 6.411490884542955238e-01 6.388429788583929181e-01 6.558389210102092415e-01 6.395021768955344577e-01 6.470052268471986334e-01 6.478867098580134432e-01 6.572335689395059077e-01 6.371971021518801903e-01 6.297045165184131932e-01 6.338576372188128305e-01 6.437380694714601725e-01 6.342537379171405698e-01 6.429503936642571027e-01 6.312461648781014789e-01 6.374651334995440344e-01 6.387703668069214524e-01 6.423784071146013686e-01 6.388325574329072332e-01
1.681281260028209476e-02 9.779404365217200801e-02 2.248310287226479298e-01 3.706119680482248824e-01 1.000000000000000000e+00 3.296145550315342510e-01 4.535780331127362563e-01 4.460191319286948564e-01 4.594476833903399782e-01 4.211899535914947479e-01 4.541386176912064476e-01 4.915006700374366377e-01 4.938423027718802372e-01 4.148531685777915867e-01 4.982580906898553819e-01 4.967393415452741046e-01 4.436103805840839187e-01 3.834191685642940328e-01 4.045620945255055667e-01 4.312076749201337877e-01 3.933105498433283609e-01 4.356564490130457323e-01 3.982176253518844300e-01 3.548003552322311904e-01 3.654488997055908572e-01 4.777726136446355243e-01 4.896151995370859322e-01 4.785410720114267602e-01 4.549849659828691384e-01 4.756096174205703409e-01 4.807721532686863863e-01 4.813248656627231448e-01 4.570019330111418920e-01 4.651756198582820412e-01 4.595145010326123214e-01 4.693552927699932709e-01 4.848610293647005465e-01 4.895783556191156682e-01 4.934475026513676643e-01 4.742427216933417511e-01 5.044101704785958207e-01 4.963709612577711927e-01 5.073216226600899548e-01 5.121629255335937714e-01 4.988063251735844195e-01 4.925680438433210906e-01 4.999610061726559307e-01 4.970425808523422639e-01 4.937788392279615080e-01 4.699056743792151547e-01 4.940029899064873886e-01 4.708297815973573885e-01 5.041679581524669551e-01 4.908087325268057355e-01 4.898788695025380613e-01 4.963212844347998365e-01 4.866596137809053868e-01 4.999031864200304542e-01 4.964315265370988217e-01 5.060269305232196757e-01 5.043647597946239181e-01 4.988425145089855350e-01 4.883729461342015687e-01 4.896889123243812758e-01 4.910101118240604023e-01 4.964305370976764276e-01 4.918398958915081165e-01 4.925330575780458853e-01 4.905847518615860658e-01 5.110396516912261156e-01 4.991850033176070678e-01 4.923501582204118932e-01 4.752319494134156219e-01 4.807060947406469054e-01 5.038736829143958262e-01 5.042440992223578000e-01 5.036076593031717508e-01 4.968648575282541002e-01 4.874840784043948383e-01 4.977706850163047259e-01 4.991231922517438413e-01 4.972972672056674148e-01 4.997872963003903157e-01 4.983065234832530499e-01 4.987201296484676805e-01 4.937768801737923430e-01 4.973459400541720421e-01 4.994990733327052679e-01 5.023096253825037882e-01 5.002922761456474188e-01 5.022819139537358923e-01 5.040106301050746307e-01 4.971400455550615272e-01 5.019970805053016738e-01 5.003501909580679863e-01 5.004396928023739921e-01 4.975668089092684099e-01 4.894041229768865131e-01 5.057529379592710095e-01 4.959023545928001320e-01 5.071822567321252473e-01 4.994649005538595032e-01 5.041518443329853216e-01 5.082220248617715930e-01 5.028063532610529407e-01 5.039309691273510250e-01 4.993421631082933243e-01 4.957749131517055208e-01 5.023242072714090289e-01 5.048336247430978974e-01 5.072257858932944785e-01 5.043834982430326352e-01 5.047589129226012217e-01 5.011139983419889976e-01 4.980182172082596725e-01 5.050490506935482182e-01
7.409191296065762052e-03 8.821518998072844231e-02 2.731648681509530885e-01 4.294520194003770275e-01 3.296145550315342510e-01 1.000000000000000000e+00 5.457121877837399770e-01 5.232433156926742379e-01 5.413709872736536255e-01 5.071891307699080143e-01 5.686505449624562614e-01 6.087002657071167722e-01 5.476915317991798426e-01 4.983172412551603037e-01 6.093136567035717377e-01 5.952664449542317548e-01 5.585504597804890059e-01 5.023134658393725305e-01 5.223056574084307124e-01 4.643316445217091082e-01 4.692518883701233823e-01 5.526605735241575390e-01 5.152972291549744455e-01 4.670887596207934367e-01 4.829773220330939587e-01 5.901667121746170253e-01 5.876022827425044781e-01 5.770747422682986905e-01 5.644253536902353874e-01 5.837825180429927485e-01 6.164017391988135808e-01 5.971103575591550916e-01 5.408856359219234022e-01 5.707444598774517042e-01 5.639486254378152097e-01 5.852062914596195542e-01 6.065781038222460841e-01 5.888243908237000834e-01 6.049446606151140937e-01 5.754102710626098904e-01 6.112630604244180255e-01 6.161928311430251437e-01 6.022402341234036616e-01 6.171808733196232355e-01 6.155086986891562528e-01 6.114750749578641287e-01 6.169103712760936054e-01 6.192791144842328954e-01 6.093821855616075034e-01 5.712279717515180710e-01 5.936271727539002008e-01 5.836482040812294159e-01 6.155526976086387325e-01 6.103123997720383276e-01 6.092501316681442347e-01 6.082456277032121106e-01 6.018290839365039169e-01 6.190183382226271958e-01 6.096508852680923018e-01 6.183536393521956720e-01 6.180510461505928088e-01 6.147133914162035140e-01 6.023711900046799794e-01 6.035100051861158610e-01 6.145049574950247617e-01 6.147072132391785404e-01 6.167767109366960598e-01 6.205382128178302814e-01 6.171364338253245707e-01 6.081130196145686506e-01 6.182934520989036287e-01 6.207298686892085415e-01 6.018094329191540082e-01 6.063181757846998199e-01 6.224032240029876428e-01 6.251188710388697611e-01 6.242672235619596277e-01 6.188223441253957180e-01 6.193401278425585410e-01 6.227077903896698352e-01 6.222556225467404944e-01 6.253282446972693309e-01 6.221882546789117008e-01 6.191374526495391217e-01 6.112054759371629009e-01 6.166629106977431496e-01 6.218585907116743750e-01 6.196539364755651036e-01 6.225458059934194655e-01 6.145547707121171710e-01 6.176483538044322819e-01 6.240534717721414326e-01 6.230997906952262522e-01 6.229985185293067662e-01 6.206771057318903884e-01 6.220561325591495994e-01 6.063777650740924674e-01 6.065277840430054468e-01 6.216058065367131569e-01 6.142949178881977890e-01 6.217506582875188537e-01 6.169405885123543376e-01 6.227161035663858479e-01 6.236511879587209872e-01 6.227253693255132561e-01 6.187631820480855582e-01 6.190064803394834669e-01 6.219437401548215671e-01 6.209811086075412989e-01 6.207645804503159059e-01 6.202952517907076579e-01 6.244956746425890382e-01 6.233209713230976057e-01 6.230978247294479688e-01 6.216223827070890273e-01 6.227304176168523275e-01
1.513562066210584478e-02 1.516893990968803396e-01 3.724341920714248633e-01 5.979393369882420872e-01 4.535780331127362563e-01 5.457121877837399770e-01 1.000000000000000000e+00 7.066318921871691527e-01 7.167177771176197476e-01 6.680929053478450452e-01 7.540401442051227754e-01 7.971384569290131950e-01 7.327966505183090007e-01 6.615233824384032513e-01 8.526401550191528012e-01 8.059831043254818139e-01 7.273355877750059539e-01 6.225988024841104806e-01 6.712807292218068156e-01 6.900467507386759403e-01 5.992472571640619083e-01 6.936526759428525146e-01 6.782509979667692424e-01 6.030119825935914557e-01 6.072554421112406065e-01 7.861628002847789176e-01 7.886303796262565946e-01 7.945523539421701642e-01 7.587600730348842415e-01 7.720101565160147894e-01 8.175184140768806396e-01 7.909404765808657478e-01 7.434037517216576241e-01 7.653474853846971016e-01 7.463220302606852208e-01 7.770608073757168111e-01 7.989819176787343880e-01 8.085373225802234831e-01 8.071722728843910843e-01 8.053981290980212204e-01 8.181450319880213540e-01 8.223747810462387342e-01 8.100226995428519983e-01 8.215484744446878151e-01 8.176992023708535839e-01 8.211741383889298307e-01 8.162328435400066917e-01 8.111953582125509543e-01 8.078370004743886668e-01 7.698358330599439636e-01 8.030477565165451415e-01 7.691492360578601195e-01 8.138465209553167323e-01 7.907731656854271041e-01 7.964331044657464442e-01 8.122912016321721662e-01 7.848199041060039960e-01 8.069112932836478569e-01 8.075324440047617625e-01 8.029478611575933122e-01 8.109417553902171782e-01 8.006553144237863462e-01 7.899003548738621205e-01 7.960175914889844329e-01 8.018269620186960767e-01 7.986943317307018120e-01 8.110828758397393701e-01 8.059823957436198505e-01 8.128930998046431933e-01 8.253118123716380872e-01 7.993697208982113445e-01 8.015301290933537492e-01 7.947516086560361126e-01 7.900970673249515519e-01 8.228630127318706799e-01 8.245626429950052572e-01 8.313984682955193328e-01 8.175368197178987106e-01 8.167036970429560894e-01 8.170883597044698021e-01 8.207243459476590841e-01 8.200106081770374145e-01 8.268017266997236270e-01 8.194822880273809895e-01 8.138687221877851652e-01 8.138083416044057383e-01 8.206655799449523725e-01 8.268538870763432191e-01 8.231153383691139913e-01 8.228114896481367735e-01 8.334735203217067401e-01 8.278207287749241861e-01 8.199615706527031422e-01 8.240543352043034897e-01 8.137297801340460657e-01 8.150631334962651353e-01 8.169171395834197158e-01 8.007326543950999964e-01 8.216835273452934851e-01 8.165685157521977988e-01 8.256328518317419540e-01 8.113044845331820465e-01 8.181770774391368128e-01 8.214510844469065098e-01 8.186255933794610584e-01 8.086484404855462937e-01 8.110195643560893508e-01 8.121359862962801435e-01 8.191407000750996481e-01 8.124606229190710627e-01 8.203532244046721766e-01 8.115775193233002449e-01 8.149127895417279666e-01 8.138007436023524388e-01 8.115099785693437040e-01 8.111285913010947146e-01
2.068868448137488672e-02 1.098736805638035469e-01 3.177872570908500949e-01 5.652468052545942534e-01 4.460191319286948564e-01 5.232433156926742379e-01 7.066318921871691527e-01 1.000000000000000000e+00 6.985711950191667574e-01 6.445177164383891766e-01 7.168272126064724192e-01 7.733601846036182170e-01 7.105933520498746159e-01 6.131220603544907943e-01 7.906429467878751671e-01 7.989923316742817416e-01 7.200227936963834452e-01 6.188751328326488332e-01 6.563952738986307267e-01 6.262367786810252301e-01 6.094807111607644101e-01 6.891204010795043411e-01 6.584359589233100829e-01 5.733433632106054167e-01 5.905378321441141498e-01 7.557482073881135465e-01 7.584876573497207897e-01 7.541343362720901444e-01 7.136202525186003953e-01 7.458008641189292076e-01 7.724716679574165079e-01 7.768931032600946418e-01 7.205684665876299633e-01 7.546650151660404537e-01 7.210223273219944495e-01 7.710557340004235982e-01 7.714262749599180014e-01 8.081579729981186455e-01 7.915332128169502157e-01 7.744528964112887826e-01 7.869247889052841671e-01 7.971334040782905861e-01 7.907654579341101275e-01 7.961132813071220005e-01 7.873656669657340679e-01 7.830702317961767411e-01 7.943783611275603285e-01 7.866015966249660929e-01 7.971214317400135974e-01 7.851568289816868162e-01 8.086977921717295459e-01 7.487855458551390120e-01 7.816674594051934433e-01 7.653443444336814894e-01 7.819348594706194699e-01 7.869745784622040885e-01 7.827458140389832453e-01 7.957472641505211053e-01 7.896716569204088598e-01 7.823385020428850201e-01 7.964183044571176984e-01 7.873597038872798271e-01 7.923200296184114144e-01 7.934032313448732276e-01 7.865309922244855256e-01 7.830747734724591291e-01 7.862915482229255737e-01 7.772153749217689533e-01 7.823607954761728767e-01 7.850543869770821859e-01 7.821350761239705962e-01 7.776524226732004497e-01 7.569387243961021028e-01 7.623348325133524339e-01 7.971044155260337272e-01 7.922611775672890877e-01 7.919149862413876750e-01 7.833066611131724866e-01 7.775476026049980005e-01 7.878375953887921668e-01 7.930012892366404831e-01 7.911918531078422356e-01 8.059945759068836146e-01 7.951447102183838433e-01 8.028599918939943736e-01 7.910227044638554750e-01 7.962272564796876173e-01 8.063705128152640622e-01 8.014729940257957486e-01 7.997556904407918665e-01 7.967784791607819272e-01 8.001020735103278048e-01 7.938780614249872913e-01 7.963595905269024167e-01 7.903223092006556039e-01 7.931055601150294176e-01 8.099552931770067632e-01 7.951651730435227439e-01 8.011694479366516797e-01 8.069325612765723132e-01 8.014053987990038541e-01 8.062103343666335853e-01 7.922860944574157127e-01 8.039546910040094030e-01 7.973972470631821574e-01 7.955349969365931306e-01 7.959265035375404640e-01 7.890750653195339748e-01 7.999489916436821613e-01 7.951413789832206813e-01 8.035711751905632028e-01 7.892201808265758567e-01 7.985009343022216877e-01 8.012322572317009950e-01 7.908403331814420900e-01 7.884118032483069527e-01
8.784397429768420196e-02 1.596049079007369476e-01 3.854695720700852535e-01 5.684946749749824058e-01 4.594476833903399782e-01 5.413709872736536255e-01 7.167177771176197476e-01 6.985711950191667574e-01 1.000000000000000000e+00 7.538882975929265262e-01 8.078254777552495991e-01 8.470635957180884246e-01 7.811688940363994416e-01 6.943889727487980723e-01 8.463006107357819996e-01 8.414608714776304899e-01 8.266544131622578506e-01 6.815722735251903419e-01 7.331348406209192703e-01 6.430278915124408856e-01 6.199717933966710781e-01 7.730293411452904273e-01 7.468609543294121300e-01 6.431095079379681723e-01 6.814370659080212222e-01 8.377669426650267148e-01 8.261931887322704338e-01 7.960872062792753168e-01 7.822271304525589830e-01 8.221964174309476237e-01 8.681576630791121296e-01 8.507888844046646026e-01 7.498252467716184366e-01 8.064259565118081508e-01 7.763786701562093162e-01 8.151646095255944413e-01 8.455300732345495396e-01 8.370667449315228881e-01 8.576497585705059601e-01 7.721236659740791097e-01 8.714999818876925097e-01 8.549730855940289587e-01 8.308326793651625852e-01 8.771765763232567403e-01 8.596754489642747243e-01 8.628439656472068897e-01 8.846417725809034849e-01 8.861771965910252291e-01 8.729901163060348468e-01 8.253550455113974893e-01 8.563523939445162325e-01 8.220002932414026686e-01 8.705115541955092962e-01 8.786277209218289475e-01 8.702342770104624092e-01 8.664219038868018474e-01 8.549113834551906876e-01 8.753591721201294806e-01 8.658177903732238168e-01 8.852607033389551239e-01 8.792052269673885645e-01 8.759432028637760270e-01 8.616642549986480715e-01 8.688848522640979510e-01 8.785538975045650290e-01 8.794037166049576415e-01 8.868369702530555232e-01 8.793052856083424240e-01 8.810323533718301681e-01 8.604278282480205542e-01 8.706341302611021460e-01 8.792418139067113003e-01 8.480171789612014344e-01 8.605096163627190542e-01 8.781292504239549546e-01 8.796407144054396721e-01 8.723955964820598874e-01 8.690629726361102092e-01 8.732866700371322288e-01 8.722482069469063015e-01 8.800105198265910644e-01 8.855462699774624413e-01 8.717838176825771779e-01 8.659630021613505813e-01 8.731391393451394256e-01 8.773784021988710879e-01 8.723494046148676517e-01 8.729922320611543940e-01 8.783701847862450673e-01 8.587428714862372914e-01 8.589817593280997254e-01 8.793936925564185270e-01 8.819684532853545589e-01 8.804683029625007817e-01 8.841046533230733084e-01 8.849905809910635357e-01 8.525651366491807659e-01 8.675415301119240308e-01 8.762049765612587304e-01 8.759450105722165203e-01 8.691543525154196148e-01 8.739847783641745416e-01 8.831344317753592188e-01 8.844723919749053476e-01 8.803476757861521396e-01 8.703346197328150069e-01 8.833334532316513554e-01 8.841713505139283669e-01 8.766159574897974815e-01 8.862068853152358372e-01 8.709006586614528311e-01 8.883497404487724625e-01 8.814539654138562330e-01 8.824791331917474224e-01 8.880468139838032515e-01 8.854788747087974921e-01
5.180897709133602119e-02 1.959090871900285302e-01 3.411990289245664387e-01 5.079936770714309491e-01 4.211899535914947479e-01 5.071891307699080143e-01 6.680929053478450452e-01 6.445177164383891766e-01 7.538882975929265262e-01 1.000000000000000000e+00 7.427063965864580952e-01 7.775481193387101531e-01 7.109408330827483580e-01 6.420510363281929367e-01 7.867198356934997916e-01 7.671394770109094541e-01 7.397181910102548219e-01 6.384577978956251787e-01 6.980821648625951115e-01 5.306939097622198620e-01 5.384385483040603493e-01 7.138661153614948018e-01 7.318921138755057898e-01 5.963388875676824963e-01 6.575427044506364505e-01 7.902995999198745292e-01 7.806749700771347111e-01 7.596274740586335117e-01 7.510917430976187248e-01 7.863307087713652388e-01 8.165557475034421753e-01 7.882081612042740604e-01 7.105135283238805943e-01 7.434133795808145484e-01 7.263600600972103249e-01 7.478049953258303351e-01 7.939634099338283013e-01 7.800912925659031494e-01 8.006711890540167964e-01 7.257347742908023536e-01 8.185828405942477959e-01 8.041959169195490587e-01 7.716674636175188118e-01 8.175849447460914465e-01 8.039112472397434983e-01 8.143255714389996403e-01 8.220303278457441465e-01 8.327305006386469532e-01 8.043038683874588202e-01 7.422192392587942944e-01 7.864006116943168534e-01 7.205589465359375501e-01 7.944526350658311920e-01 8.207886040063250288e-01 8.074870987807387657e-01 8.151976401087831503e-01 7.719181483501328378e-01 8.133827926787009499e-01 8.023415215030711423e-01 8.135990468096881978e-01 8.075316723954492071e-01 8.056270411632652229e-01 7.921770774052095954e-01 7.986993481236031034e-01 8.011659277395883905e-01 8.033074597702366537e-01 8.267115351679733548e-01 8.196683995883419227e-01 8.243199446003780517e-01 7.735221592572347760e-01 8.031811579205482277e-01 8.251678404746500828e-01 7.852394273134477576e-01 8.056972586016903914e-01 8.237925394489673536e-01 8.234648899345767825e-01 8.204765441603408815e-01 8.193524445772053522e-01 8.256770737592383780e-01 8.139272727643973582e-01 8.220644259590179637e-01 8.285408410824083303e-01 8.110594049341619538e-01 8.095991199918176617e-01 8.093172501379054529e-01 8.133611811766737754e-01 8.184147024106666057e-01 8.172471302415499350e-01 8.206785547961469307e-01 8.056486591706601974e-01 8.054593270390403292e-01 8.241277663256206809e-01 8.250149659323576801e-01 8.268677463848741471e-01 8.261600773339921044e-01 8.272520350066350225e-01 7.881724700990491161e-01 7.879468707530260518e-01 8.126673022892993981e-01 8.122784472425288449e-01 8.099483683477058937e-01 8.069399439728074386e-01 8.148863441473038760e-01 8.222649114992088837e-01 8.053933659655974076e-01 7.992953830226340317e-01 8.175738654377771031e-01 8.294144480733904867e-01 8.187559244064521735e-01 8.236607657510393032e-01 8.116721051221251759e-01 8.221768201697458034e-01 8.171536381650374992e-01 8.177384890882591906e-01 8.174385792509357707e-01 8.138004973071570891e-01
7.600790904445911024e-03 1.496947579421674668e-01 4.051020040431503322e-01 5.959539493280606726e-01 4.541386176912064476e-01 5.686505449624562614e-01 7.540401442051227754e-01 7.168272126064724192e-01 8.078254777552495991e-01 7.427063965864580952e-01 1.000000000000000000e+00 8.749685627726713211e-01 7.726553370010844635e-01 7.033036579971541080e-01 8.594854946970414966e-01 8.464606766036757435e-01 8.128321072720933183e-01 7.129218285235610075e-01 7.734301728280954524e-01 6.536104483634653795e-01 6.380744047061518431e-01 7.975189177511777805e-01 7.834591780645192571e-01 6.772307713105855109e-01 7.108154393462507992e-01 8.536565086273586456e-01 8.457377052327752498e-01 8.339674576430585740e-01 7.975836941231179145e-01 8.510481019417998061e-01 8.847483800642786944e-01 8.724995868538406585e-01 7.900662301594565395e-01 8.362746511454307585e-01 8.125899387258587181e-01 8.455319462595369817e-01 8.697962748045079406e-01 8.677133571019799430e-01 8.799777022032150287e-01 8.266891435307427427e-01 8.889830898356317901e-01 8.829150161594487844e-01 8.584082596386009012e-01 8.895540463967387401e-01 8.869336303810726463e-01 8.835260783172018684e-01 8.918498275283535115e-01 8.953455841875680443e-01 8.784496088509359257e-01 8.309656441381202407e-01 8.666699193647824373e-01 8.253372441143906890e-01 8.785697299677870387e-01 8.802795272555076211e-01 8.780484981852854087e-01 8.894563069157540580e-01 8.534214552531094178e-01 8.839520313389918060e-01 8.736093528136859021e-01 8.831825999924849402e-01 8.804305869866699830e-01 8.760184028183202187e-01 8.651744451597800367e-01 8.713185847543956086e-01 8.843661562432123535e-01 8.774333298234906486e-01 8.957796364358941998e-01 8.950562185654428182e-01 8.984998933809662525e-01 8.704438403072476405e-01 8.869134363300231749e-01 8.962678741536477256e-01 8.704501052215756207e-01 8.794671200591296367e-01 8.949277974790152967e-01 8.978522371619462872e-01 8.924481149793038748e-01 8.830444106788003511e-01 8.923811956483755914e-01 8.938771947063743895e-01 8.994401928188039408e-01 8.997577445923999884e-01 8.971667008591363013e-01 8.929914188188396995e-01 8.920019127728723296e-01 8.967459270473611133e-01 8.962052734319694292e-01 8.987294311472011632e-01 8.993977534352043390e-01 8.884672865167049238e-01 8.909627906351780258e-01 9.000489409622731696e-01 8.984989722895951880e-01 8.989557473424764078e-01 8.975499736926100258e-01 8.980309503493895118e-01 8.760053701178843744e-01 8.719128481903370975e-01 8.890632522491757062e-01 8.905668714761831861e-01 8.911597793405309220e-01 8.873282356868295029e-01 8.972463454679450168e-01 8.991528188774603469e-01 8.937086260206602573e-01 8.817692247053438015e-01 8.925928832127116852e-01 8.985097463256006556e-01 8.958957972800716263e-01 8.961715365955789103e-01 8.908732854026368830e-01 8.944517246351064710e-01 8.932098184355756754e-01 8.927362061569688034e-01 8.935328056932718699e-01 8.917671419421298040e-01
2.147576426144243850e-02 1.519859272250587978e-01 4.075163578150846067e-01 6.572341876598866151e-01 4.915006700374366377e-01 6.087002657071167722e-01 7.971384569290131950e-01 7.733601846036182170e-01 8.470635957180884246e-01 7.775481193387101531e-01 8.749685627726713211e-01 1.000000000000000000e+00 8.244209897378698138e-01 7.390052108601734560e-01 9.097512349459635494e-01 8.994103937341325627e-01 8.535269906171516485e-01 7.325980789729178433e-01 7.953409714854652313e-01 6.997895026376406147e-01 6.756902728163148852e-01 8.280054155253709913e-01 8.017157986772789346e-01 6.937062369671582740e-01 7.338808178871447652e-01 8.926584899712826093e-01 8.968888236070895470e-01 8.818639520787580066e-01 8.541623430043289167e-01 8.908104905745950486e-01 9.327159485678112594e-01 9.093359833737716391e-01 8.276036035062170892e-01 8.722018856726485581e-01 8.475116363933354879e-01 8.915135983915816187e-01 9.146382489820998885e-01 9.130193536122019893e-01 9.249161915755499397e-01 8.766279801110011816e-01 9.342989083342847501e-01 9.295663693369388136e-01 9.099788458465023488e-01 9.389402895281266925e-01 9.324500201392136312e-01 9.315725179004367140e-01 9.380234623483902912e-01 9.388085722343720851e-01 9.275228643376057791e-01 8.809190490950099539e-01 9.179611557331368576e-01 8.795227668945718724e-01 9.260388058790143262e-01 9.214852485246913805e-01 9.203860346295608119e-01 9.268642158517473861e-01 9.051591347634644347e-01 9.311958171280618757e-01 9.192866106703164730e-01 9.300793572863013114e-01 9.312750319029636792e-01 9.239220081509644800e-01 9.153912682922117350e-01 9.223385300587861879e-01 9.320258962664444979e-01 9.280640858001785176e-01 9.402189942469808548e-01 9.354468393638284418e-01 9.377626303803170416e-01 9.186808523423256601e-01 9.294545919518584220e-01 9.377204469936704090e-01 9.073049136223775291e-01 9.196110553991230230e-01 9.428307420215878976e-01 9.447680019164315102e-01 9.412615716338351701e-01 9.371640568677952476e-01 9.369700110141523375e-01 9.395787415893346317e-01 9.442624640029866345e-01 9.466013729982564184e-01 9.424912960508958770e-01 9.385082091141982996e-01 9.335771150694271991e-01 9.369327961829050366e-01 9.424552496163123294e-01 9.417691582595053568e-01 9.448488914976137520e-01 9.323806815666142445e-01 9.363841278316534789e-01 9.450347397856322385e-01 9.460514719365975544e-01 9.454916200490178779e-01 9.412450194829872219e-01 9.429082716978836043e-01 9.222966270438189840e-01 9.223379821575102833e-01 9.370289718231319398e-01 9.348212790764894864e-01 9.391846768902231135e-01 9.355776219414458916e-01 9.429250922255737466e-01 9.445890969126222725e-01 9.428775660112261869e-01 9.302443435483989109e-01 9.379634249710386840e-01 9.411838699171505285e-01 9.405973376619938264e-01 9.413803177858517390e-01 9.373859712155254709e-01 9.412763510404299483e-01 9.396767992857129048e-01 9.419582807349666798e-01 9.412745216610460819e-01 9.398411201326898334e-01
2.647225182801946075e-02 1.439413367704379665e-01 3.667630342143683442e-01 5.781716922959841964e-01 4.938423027718802372e-01 5.476915317991798426e-01 7.327966505183090007e-01 7.105933520498746159e-01 7.811688940363994416e-01 7.109408330827483580e-01 7.726553370010844635e-01 8.244209897378698138e-01 1.000000000000000000e+00 6.844350108199772631e-01 8.421550990252991697e-01 8.367370597445493718e-01 7.725112597478605014e-01 6.475886281138711897e-01 6.989436499094912048e-01 6.748425911486876094e-01 6.106916447872520193e-01 7.386081956808742133e-01 7.099414630491458489e-01 6.098507973607377730e-01 6.475214391617399867e-01 8.076565488124368697e-01 8.080320336104431789e-01 7.942823015489127725e-01 7.658551212675552833e-01 8.050755752515916797e-01 8.374852635243907883e-01 8.121666677528230904e-01 7.468105911207695291e-01 7.747555102259245929e-01 7.657045273389837536e-01 8.015184654881518656e-01 8.215736685636902958e-01 8.225752894563327366e-01 8.367142614903153586e-01 7.913067125828516790e-01 8.539093180912251668e-01 8.468282794441136518e-01 8.403586804468873295e-01 8.608700079248956527e-01 8.452453098068853921e-01 8.445061300506649937e-01 8.617211344268068673e-01 8.584655596182260151e-01 8.477147343742236218e-01 7.948173345804636636e-01 8.377671251184607426e-01 8.040329388656597409e-01 8.519443848249673712e-01 8.445348803328553977e-01 8.412150190584108955e-01 8.469200887998963312e-01 8.308159805875313664e-01 8.530280527241337341e-01 8.440869055919265618e-01 8.616058792797725019e-01 8.599123093415692587e-01 8.505071446194784057e-01 8.415244073652820012e-01 8.414425691249445283e-01 8.484407063703104379e-01 8.526585504308121788e-01 8.562487022334406284e-01 8.498831829229147594e-01 8.504466458011231689e-01 8.507658850402400885e-01 8.436920487419569126e-01 8.493181383697718800e-01 8.200825708090835331e-01 8.304987676103841032e-01 8.587227630251046406e-01 8.585642974368433711e-01 8.554620730446520493e-01 8.478043007481900206e-01 8.472857259307379207e-01 8.511054776969895208e-01 8.564330879978550026e-01 8.601625601805484855e-01 8.541847855272854950e-01 8.480520399869506676e-01 8.438990706287126109e-01 8.460303671995853536e-01 8.541128503641987058e-01 8.526482063076797902e-01 8.575135694876386827e-01 8.532048270409550161e-01 8.502643882200897618e-01 8.625432624162211459e-01 8.593513010099430582e-01 8.594338622470184541e-01 8.601344787492589683e-01 8.607663183787355177e-01 8.426066868855117686e-01 8.386090471863435480e-01 8.613387592317155450e-01 8.494182302832563591e-01 8.613022386332298552e-01 8.531442909631843374e-01 8.597371970120037954e-01 8.630986034559294806e-01 8.588091394235538578e-01 8.533666373686765727e-01 8.548887483689068256e-01 8.598992887009164754e-01 8.588599947680781721e-01 8.603939385416868868e-01 8.585896074246620602e-01 8.634354411398632578e-01 8.606010592079422761e-01 8.609943303322115105e-01 8.583790624118020629e-01 8.615298952916526920e-01
