1.000000000000000000e+00 1.330441701536431431e-01 1.477969849746750552e-01 -1.077277072179740774e-04 6.817115011611454833e-02 4.940450757342638999e-02 2.568142384535110692e-02 3.530850072068975054e-02 1.535525022099914483e-01 7.561488782955012866e-02 5.850805534606011438e-02 2.860931277235892814e-02 2.330215704993664552e-02 1.351693874318439514e-02 3.446376269709067273e-03 2.784098194956402886e-02 2.197950236215524267e-01 3.472434727129158349e-01 2.519471219369905923e-01 2.846822261373099239e-01 2.412680580549885212e-01 2.125452833307820144e-01 2.811933429795241968e-01 2.668655388479858059e-01 1.674367200845959247e-01 1.734891778165569554e-01 1.479635973422932516e-01 1.160868213967876095e-01 1.680114146676187359e-01 1.717609171352111885e-01 1.229816475081010746e-01 1.761475517332393992e-01 1.339174970393992581e-01 1.786020133811506150e-01 1.510955529175010970e-01 1.725169977077519734e-01 1.649577675463458626e-01 8.159226716964157466e-02 7.840729960700588974e-02 2.479579280265843677e-02 5.357447662201598321e-02 9.338657438352021556e-03 3.219056270325727775e-02 5.788502853582328661e-02 7.713408009844943680e-02 6.100197542634117759e-02 2.372989719351835392e-02 3.015865253004397506e-02 5.060600597902766007e-02 9.201242750611580978e-02 6.639924813718744989e-02 4.208750738049400753e-02 4.385448378180478030e-02 7.563481481388403815e-02 1.288940936409111171e-01 1.271708151929586694e-01 1.200508056348291441e-01 3.053198312135816522e-02 6.754640419885016289e-02 3.753536721566442386e-02 2.269667296631537601e-02 5.993132640870643679e-02 6.144640988284674754e-02 4.043765359207447674e-02 8.595516074154023467e-02 8.694565966812088653e-02 6.353868860551366293e-02 1.057128138895264691e-01 1.154215929891756198e-01 1.193920829662304811e-01 8.236748208271529870e-02 9.175520906649986541e-02 1.265082974380920544e-01 8.241991052807566553e-02 6.760052340437262830e-02 7.509568268811643577e-02 5.264757883044748898e-02 8.689735656668051700e-02 5.287327857447599033e-02 7.259863448013341436e-02 8.440525941873129601e-02 4.914852132378250138e-02 9.144948032400312954e-02 8.757774568690103456e-02 5.737340987214858967e-02 8.493219886286838827e-02 7.848382069897513746e-02 4.260621570889299575e-02 4.115891927752360346e-02 8.441579384699580968e-02 4.453859796339004057e-02 2.001335072381494815e-02 2.638556139747485693e-02 3.002463170906748136e-02 6.390356045403611240e-03 2.002485856372943768e-02 2.400581451204773092e-02 4.970240775472969941e-02 3.113114812291718422e-03 2.558600238650212202e-02 -4.249781630243013378e-03 3.329912811325804606e-02 3.117937480770131484e-02 1.829194600425343084e-02 4.183247334621881253e-02 6.065589374616499330e-02 3.199623161696628360e-02 2.863261857230028559e-02 5.317819577608641490e-02 1.452361302053009791e-02 2.152341893830674383e-02 1.827483750224289175e-02 2.638661145459310006e-02 2.442269380896166381e-02 5.017040880830263283e-02 4.989575886496878249e-02
1.330441701536431431e-01 1.000000000000000000e+00 9.471406731508157095e-02 2.591800391107218493e-02 8.177014740194564479e-02 1.053238554415007466e-01 1.147287130703865676e-01 9.825110363861448703e-02 1.844628680291026390e-01 1.933479120057378375e-01 1.533132907817838231e-01 1.126070619639614745e-01 1.147229308475312543e-01 1.456832257545615517e-01 1.342277600253237169e-01 1.351177558932589173e-01 1.821914274981948079e-01 1.472055882157762008e-01 1.368260413509049811e-01 7.607334981285621134e-02 6.814195571011351371e-02 1.140821580111485434e-01 1.525102051663760339e-01 1.121666018092374317e-01 1.157085822704223554e-01 1.838156800750394004e-01 1.480113736066179242e-01 1.618521998019273322e-01 1.615461204024636332e-01 1.713416240150544834e-01 1.673581533041004765e-01 1.631304722238840765e-01 1.787884701616027916e-01 1.567358997537193488e-01 1.818948379825955086e-01 1.460719484915353472e-01 1.462102761999100609e-01 1.794494988685198245e-01 1.652090061355173944e-01 1.396241914348560209e-01 1.602352172683880749e-01 1.624975033900442900e-01 1.445240709080438113e-01 1.650301630574334266e-01 1.506677374859688723e-01 1.672447447414784072e-01 1.616686195565899264e-01 1.664355265183032617e-01 1.580525070037398505e-01 1.508997201625973672e-01 1.677378112993504200e-01 1.302107192260756052e-01 1.428048776078192084e-01 1.788130735382482128e-01 1.591413115840782377e-01 1.631560363029303795e-01 1.501025456299567851e-01 1.670990421294875905e-01 1.728090106401251880e-01 1.570036661504196074e-01 1.608750553673983785e-01 1.666231029238826045e-01 1.668127503804888445e-01 1.568300160448532488e-01 1.601422658414541067e-01 1.546134100992599680e-01 1.746479022262049374e-01 1.756376915911788406e-01 1.738944915208658903e-01 1.508171143586845564e-01 1.434274310997178947e-01 1.714837553543055726e-01 1.722035285411888383e-01 1.444135322785845832e-01 1.801884024039788201e-01 1.715434488413015712e-01 1.755897549388477641e-01 1.868575685342003800e-01 1.779272545799788496e-01 1.777189673815321724e-01 1.772834806584355216e-01 1.711217888869330794e-01 1.779267637462954854e-01 1.814629042673948089e-01 1.647259204436242186e-01 1.676806975761598595e-01 1.720838047875475063e-01 1.771321575069501053e-01 1.698117935862427652e-01 1.778251355484192220e-01 1.745065133899876275e-01 1.702134020378920642e-01 1.609302309200275893e-01 1.700843187789945199e-01 1.607851119334824386e-01 1.721627707018553721e-01 1.510881949418932946e-01 1.559813147882859741e-01 1.641819832683048264e-01 1.656346696581809941e-01 1.601458351378720335e-01 1.621883472740582588e-01 1.526090170770003362e-01 1.623165523692243484e-01 1.524392829448228959e-01 1.664904181674008166e-01 1.650866561608112792e-01 1.779267572960956667e-01 1.759758917743460271e-01 1.684057512179441274e-01 1.743273613684454271e-01 1.628119968600418022e-01 1.694079341830419250e-01 1.621582810522840257e-01 1.656075388277385152e-01 1.601533011779268101e-01
1.477969849746750552e-01 9.471406731508157095e-02 1.000000000000000000e+00 3.616809895179143308e-01 2.552642849590837093e-01 2.452133752468504124e-01 3.597355953079584001e-01 3.688406765831063194e-01 3.739656925052647352e-01 3.167843274933674902e-01 3.908312159107572015e-01 4.172979805139340748e-01 3.469631096379328650e-01 3.496504233100100612e-01 3.871921229369512663e-01 3.961927871823227587e-01 3.985737291099744617e-01 3.756991133081787337e-01 3.934913805863892722e-01 3.604971386238044473e-01 3.873731361466276613e-01 4.206102161570072773e-01 4.032211301757158695e-01 3.917831070253293690e-01 4.049204417050124571e-01 4.314148922227445393e-01 4.327104222616094953e-01 4.231126304290298568e-01 3.857789900148970719e-01 4.174293606001719947e-01 4.215202370914265528e-01 4.185056549919855540e-01 3.965766703979770602e-01 4.064799906583538847e-01 3.900839614787162679e-01 4.192028031551761069e-01 4.210037108185993304e-01 3.836634207499900473e-01 4.146140121942786805e-01 4.191090553924267104e-01 4.180344309522805446e-01 3.926792691529717994e-01 4.025440407958462696e-01 4.122062974534742019e-01 4.284589606476569834e-01 4.025251436090606094e-01 3.789960352140120947e-01 3.849732328423350336e-01 3.795458184868198415e-01 3.846922776162062241e-01 4.008232095780296933e-01 3.841700663202661237e-01 3.933339551670312351e-01 3.730194633204091947e-01 3.863476804754806815e-01 4.125527826950110555e-01 3.789834024364459597e-01 3.858660648721829456e-01 3.758145783473918478e-01 3.920475105997316412e-01 3.800251919118167176e-01 3.820577623816363011e-01 3.758751899173777278e-01 3.842493011557301941e-01 4.066896054321691989e-01 3.940896124649572174e-01 3.927559664380388393e-01 4.108076022539901007e-01 4.128610599933187353e-01 4.085221276647843514e-01 4.167533824481884364e-01 4.085718440891122905e-01 4.121536970763115537e-01 4.104300603509961620e-01 4.084119095550763356e-01 4.079010788364938467e-01 4.060261447039744120e-01 3.931570562265037094e-01 4.032893014115968011e-01 3.956340866742148465e-01 4.029082727292901955e-01 4.020665531818565785e-01 4.107157624343615310e-01 3.956820112574584436e-01 3.942554458246965710e-01 4.011355593806181230e-01 4.113602261034085550e-01 3.895133352313162600e-01 3.954454793158441173e-01 4.024947273278083326e-01 4.106750533561643879e-01 3.943418103866810354e-01 3.942389948858845972e-01 3.918545501302966860e-01 3.731851239183593405e-01 3.797356863234109814e-01 3.804803584642550418e-01 3.737819843703116263e-01 3.694831361937573888e-01 3.889555241257843243e-01 3.817653027298372193e-01 3.781262465596403333e-01 3.888696913073301231e-01 3.869104184389016710e-01 3.907615310419443877e-01 3.783361686082579167e-01 3.783162105844395939e-01 3.774622011131423815e-01 3.857026010809354033e-01 3.777231623377746983e-01 3.755441563590283249e-01 3.811965135242386116e-01 3.735280280653928697e-01 3.817968168047625177e-01 3.924027394121215040e-01 3.849184330867535531e-01
-1.077277072179740774e-04 2.591800391107218493e-02 3.616809895179143308e-01 1.000000000000000000e+00 3.925799412154111767e-01 3.345977902684194039e-01 4.994135186750474076e-01 5.538978868132129474e-01 4.481747776433520070e-01 4.210688459406689566e-01 5.096088741847900616e-01 6.138324341808877316e-01 5.436594873866306132e-01 4.973105882650429854e-01 5.424565709323547757e-01 5.891799449708378100e-01 4.626183996981018121e-01 3.940400101266566257e-01 4.524807860813822025e-01 4.317316342917030814e-01 4.953164634310515124e-01 5.318678413652766501e-01 3.984411150890728170e-01 4.574079174500975675e-01 5.094603708429925604e-01 4.830602354192603531e-01 5.146549644780576971e-01 4.834806681421880414e-01 3.937173451583404482e-01 4.756893543392902712e-01 4.951364815852704049e-01 4.960166673646866919e-01 4.607838707069696338e-01 4.751965358931279915e-01 4.398950542879310754e-01 5.094818301526868876e-01 4.927471589811480146e-01 4.995613340284978943e-01 5.208929486297648737e-01 5.312254479683541364e-01 5.506641458085512753e-01 5.355134388718379990e-01 5.618812988291473909e-01 5.616445747780339781e-01 5.592082790237915546e-01 5.293013474586926170e-01 5.286275642859131763e-01 5.273389377872177430e-01 5.268929695455697448e-01 5.239162504201443360e-01 5.452967644660218216e-01 5.468588103585610982e-01 5.464581503079671831e-01 4.985986666506205811e-01 4.928926054417018809e-01 5.045022701435998291e-01 5.057515959421300389e-01 5.290071128581874671e-01 5.047982067419527485e-01 5.410203332877319138e-01 5.418816698281104793e-01 5.218439475996146104e-01 5.235617974693904664e-01 5.508318600786655805e-01 5.348547937962502274e-01 5.378710236063830585e-01 5.265745392008345238e-01 5.265682345976707701e-01 5.248452028889516452e-01 5.445775235647086765e-01 5.670059186932995265e-01 5.300148224629657179e-01 5.294831575279249636e-01 5.550021824673163628e-01 5.315779844517792840e-01 5.288008138922113410e-01 5.318338984749673148e-01 4.884332717129198365e-01 5.283090162384608268e-01 5.183654771712093989e-01 5.178338849948666001e-01 5.290490184051388489e-01 5.162387008194311289e-01 5.049468260038655343e-01 5.293440656155424806e-01 5.278206352666495738e-01 5.260746810309414601e-01 5.210964513045912572e-01 5.293629202364443787e-01 5.190572533324099291e-01 5.337141362402741951e-01 5.383336579171986713e-01 5.427067822317118706e-01 5.287430297198824070e-01 5.242900559982913711e-01 5.270300172117479143e-01 5.417003718499573406e-01 5.361434409954330960e-01 5.311986801984446283e-01 5.392617342497448840e-01 5.432734157999810076e-01 5.346305269442903629e-01 5.429200600792579712e-01 5.391510054571502231e-01 5.433356183930593275e-01 5.235064453585835942e-01 5.271154679830987178e-01 5.169470183489605075e-01 5.163214718039810247e-01 5.286656788152165332e-01 5.187202485323847423e-01 5.332896351103683097e-01 5.209649070607729193e-01 5.390665897455179101e-01 5.333955432088304249e-01 5.337532457884706094e-01
6.817115011611454833e-02 8.177014740194564479e-02 2.552642849590837093e-01 3.925799412154111767e-01 1.000000000000000000e+00 3.166637206586971898e-01 4.611887615701182330e-01 4.803217775487467756e-01 4.375928596167119600e-01 4.009735202941195342e-01 4.606833239703631566e-01 5.026922404213615136e-01 4.556873202200962814e-01 4.425955379250959276e-01 4.949519897423332870e-01 5.100405922358141053e-01 4.504987601875957148e-01 4.166930310575506224e-01 4.644065179737632554e-01 4.266819716560096842e-01 4.672455049720969922e-01 4.888978079497230955e-01 4.377038906367256010e-01 4.741227149031476684e-01 4.851922012934860029e-01 4.795290773033760723e-01 4.852932153971398210e-01 4.670238323224420451e-01 4.066282303476007609e-01 4.593669248140482275e-01 4.719469655141346753e-01 4.871505781466917151e-01 4.306835473636331235e-01 4.685533941502438293e-01 4.441919122112855667e-01 4.815721933705640612e-01 4.713774040858719205e-01 4.763696008353262568e-01 4.793639220566354719e-01 4.849133435044397089e-01 5.009380195712369588e-01 4.870593841617658626e-01 4.995697865071417887e-01 5.045946623047555812e-01 5.103296378982319359e-01 4.832531347354096507e-01 4.808887072121408868e-01 4.807313809488035217e-01 4.895139873731599311e-01 4.922854864646861173e-01 4.973573867285843719e-01 4.960704496285064380e-01 4.981151577875581049e-01 4.767162389949699541e-01 4.900053006353333740e-01 4.947511908291562510e-01 4.916365600397574198e-01 4.912595801989928512e-01 4.787167803607294547e-01 4.951246854701160105e-01 4.889669224904821809e-01 4.828533802349722071e-01 4.849062262811119073e-01 4.982167636349205120e-01 4.901362446107674353e-01 5.055266007231514758e-01 4.852629444781831891e-01 4.966085690112138629e-01 5.001787529163652657e-01 5.063548121848526762e-01 5.139830625644833395e-01 4.962750631227806353e-01 5.075246600704406141e-01 5.161198142961505031e-01 4.923293285402432495e-01 4.855809382878849556e-01 4.849248531542115770e-01 4.644507578330500652e-01 4.835872196568389292e-01 4.829927188715761321e-01 4.775854538208745281e-01 4.816402848067735665e-01 4.872436371007057287e-01 4.702143066895519974e-01 4.849156802956217649e-01 4.962679523977728824e-01 4.862798532350846581e-01 4.869997514962473018e-01 4.830534760074460254e-01 4.932048941416253274e-01 4.854969383158698193e-01 4.881112410889578701e-01 4.912108518833976367e-01 4.830433231812417683e-01 4.742585076193570059e-01 4.781191178508909512e-01 4.865666235535294204e-01 4.857725149107335327e-01 4.784428649276635803e-01 4.874355574019604842e-01 4.820024784512677574e-01 4.840457152568391486e-01 4.924238731775791300e-01 4.896667222587607893e-01 4.979207488125625414e-01 4.822847602854571925e-01 4.796345328047253442e-01 4.775900402424198554e-01 4.804468679707740164e-01 4.804415240386674113e-01 4.762665080612396018e-01 4.850685585569578517e-01 4.778638843333847808e-01 4.862740107929058864e-01 4.884199588021728711e-01 4.927206686030324301e-01
4.940450757342638999e-02 1.053238554415007466e-01 2.452133752468504124e-01 3.345977902684194039e-01 3.166637206586971898e-01 1.000000000000000000e+00 5.433629466793744589e-01 4.963100252482248176e-01 5.269598070241465759e-01 4.745958960638384516e-01 5.409655210364854305e-01 5.594632179070243572e-01 5.041236023104671560e-01 5.421573644914149392e-01 5.828234147820490207e-01 5.666739292275976281e-01 5.231953672176394843e-01 4.549730304327336272e-01 5.176634411199604324e-01 4.262118025100239960e-01 4.719949769220763147e-01 5.305301063328368150e-01 4.887359464548067245e-01 4.787436024640208676e-01 5.306966702532868174e-01 5.841462139033144485e-01 5.830281807445841791e-01 5.909403999361451110e-01 5.666619414667913857e-01 5.795330482144399609e-01 6.083937091051854207e-01 5.656980454218794030e-01 5.570058056103187605e-01 5.598882986463670219e-01 5.715476039031182065e-01 5.711430861603919995e-01 5.742036829588833546e-01 5.719729348901995136e-01 5.971723460858381349e-01 5.830053301796246368e-01 6.017156624866263348e-01 5.943355095098302732e-01 5.942026532742047396e-01 6.055889728171287567e-01 6.013322900741806531e-01 6.111528153279042197e-01 5.962200154848575906e-01 6.003905176355108786e-01 5.901420052015550199e-01 5.684481796347583549e-01 5.813545143253487923e-01 5.737363009276277293e-01 5.919981290920097727e-01 5.949312503106279904e-01 5.934324895734527372e-01 6.000579317872305474e-01 5.849073938771021108e-01 6.000688992378373499e-01 5.898067968694021834e-01 5.986860196791576882e-01 5.945955509577932618e-01 5.955741732492673135e-01 5.857143515604683603e-01 5.828682312209203520e-01 5.951411174409280136e-01 5.947569221992878852e-01 5.985083051785383690e-01 6.003509940402479428e-01 5.956788842644412663e-01 5.905190371581796605e-01 6.055755189370589653e-01 6.064287940547204991e-01 5.868426671477887657e-01 6.019708287058034291e-01 6.107352928484433008e-01 6.120805989241453471e-01 6.093403281630055401e-01 6.094734348130786961e-01 6.067355884782765774e-01 6.067795463218351726e-01 6.042970569142952497e-01 6.104931570767256899e-01 6.039818667562257826e-01 6.036230910112508896e-01 5.896926995607818522e-01 5.956122517547118855e-01 6.051059513727530259e-01 6.000803714374403075e-01 6.050730294597032044e-01 6.050451279486747103e-01 6.063665956910530008e-01 6.023970295366747330e-01 6.049219897994627670e-01 6.084898050158471516e-01 5.947402332092730504e-01 5.970779675235046158e-01 5.829759626825173902e-01 5.829555448108509896e-01 5.894636942620687936e-01 5.892384290767866961e-01 5.904682376011125555e-01 5.888660076061255078e-01 5.967019642563876625e-01 5.979304711658159910e-01 5.968180347509373096e-01 5.912868197336113019e-01 5.932791414905500549e-01 5.974813623124879403e-01 6.031103073303007989e-01 5.964570776243673933e-01 5.961019360974885162e-01 5.985597656138846867e-01 5.977478250346471844e-01 5.933043968818679792e-01 5.971228228771280344e-01 5.983057271078318085e-01
2.568142384535110692e-02 1.147287130703865676e-01 3.597355953079584001e-01 4.994135186750474076e-01 4.611887615701182330e-01 5.433629466793744589e-01 1.000000000000000000e+00 7.151931127997185333e-01 7.084756935949381162e-01 6.540985431547889917e-01 7.345185425017796144e-01 7.830317082578500676e-01 6.918376223031608152e-01 7.139142610241686615e-01 8.519346016008388922e-01 7.985733651263264843e-01 6.896537180034301162e-01 5.767511492180072974e-01 6.774213090540315285e-01 5.563612411953803294e-01 6.299238707975505225e-01 6.968295442308890530e-01 6.714536298361091227e-01 6.642567855465821847e-01 7.126600239953179150e-01 7.763644837594657622e-01 7.832094455046896275e-01 8.061754329018077092e-01 7.431236181647681294e-01 7.642504991537432124e-01 7.939239827620816481e-01 7.741152639394600632e-01 7.669524431684801025e-01 7.608760477363418762e-01 7.604233075236740413e-01 7.646653355504055005e-01 7.661042654204108793e-01 8.004630548571294302e-01 8.075815110644215533e-01 8.321594473670593795e-01 8.217762075162492463e-01 8.319380494105861334e-01 8.127771611757205195e-01 8.244939189442744842e-01 8.249378896245374015e-01 8.192341780053254974e-01 8.038373484382932421e-01 8.038334255187101762e-01 8.056318823079265945e-01 7.874728563067300291e-01 8.023337071186498193e-01 8.051203601248307917e-01 8.073571348412544868e-01 7.863702165029936575e-01 7.894086711041869986e-01 8.060535893891546122e-01 7.823495218314616695e-01 8.119746884208725035e-01 7.941679131869529007e-01 8.073940846477049016e-01 7.978391163075144732e-01 7.900038611814131917e-01 7.911685790594488177e-01 7.864130335444474706e-01 7.953135769202065442e-01 7.945290994708551491e-01 7.985321314481432786e-01 8.002340061307394725e-01 7.979180035915710567e-01 7.797560013869236917e-01 8.104957952821023603e-01 8.060963946595078866e-01 7.914834054278965247e-01 8.181555597638225930e-01 8.148026790200539882e-01 8.138125591031831751e-01 8.206691705108994928e-01 8.030722948960271612e-01 8.166458958691401593e-01 8.048985775523715969e-01 7.954072834850820506e-01 8.097344455656284579e-01 8.113136711062457485e-01 7.991523876751237543e-01 8.054735217955146798e-01 8.024450102125608719e-01 8.046085681615372520e-01 8.160282654129511482e-01 8.148344502299873504e-01 8.041513541868394732e-01 8.235938432175679003e-01 8.201195499455105065e-01 8.202934340926107959e-01 8.190229538978093249e-01 8.030895056111538866e-01 8.025970229124406163e-01 8.019209849052697514e-01 7.924275159058147278e-01 8.030647519175622140e-01 8.118403952894738262e-01 8.094550056734970411e-01 8.053680365514080952e-01 8.126407892803244604e-01 8.164006291882269783e-01 8.112461623882371020e-01 7.883589077147201696e-01 7.988043619773290693e-01 7.990320615133682525e-01 8.026440002696285658e-01 8.022853435025508739e-01 8.031682589841462327e-01 8.070371213580244119e-01 8.035720389343179448e-01 8.015077786952136130e-01 8.032749705821419228e-01 8.016575557668962349e-01
3.530850072068975054e-02 9.825110363861448703e-02 3.688406765831063194e-01 5.538978868132129474e-01 4.803217775487467756e-01 4.963100252482248176e-01 7.151931127997185333e-01 1.000000000000000000e+00 6.723257613862460014e-01 6.399710139589344093e-01 7.098595917628081065e-01 7.812510936718000121e-01 6.987258163828381496e-01 6.957007853128472918e-01 7.863582991957832613e-01 7.959807818697421933e-01 6.685836497691680647e-01 5.749938470539086577e-01 6.572791848965748862e-01 5.638048776726630740e-01 6.353460313399003079e-01 6.965800061448245151e-01 6.120344505591339690e-01 6.282181954952359426e-01 6.808425344853682448e-01 7.360070270631516864e-01 7.436583388762417757e-01 7.362892951700368283e-01 6.653203770056708155e-01 7.094752922036563492e-01 7.357671180654873355e-01 7.297175182485663436e-01 6.971361138598713980e-01 7.133960096108002968e-01 6.938737266762551315e-01 7.347614635517795145e-01 7.079760475411441822e-01 7.643788857734258313e-01 7.630438678736433111e-01 7.736942110757827340e-01 7.824568126551838532e-01 7.810763567775931282e-01 7.955635717657034700e-01 7.952688847434679076e-01 7.906346136074148268e-01 7.773740587932973511e-01 7.743266528011742977e-01 7.715035095189758385e-01 7.772451272767385566e-01 7.717380779972183857e-01 7.894517029309159328e-01 7.921952635714942792e-01 7.871020883476119723e-01 7.581329817597066700e-01 7.656337964356206838e-01 7.723688231363252665e-01 7.697146119151686561e-01 7.876761460122291281e-01 7.731041939012347486e-01 7.822790568907860287e-01 7.811003319522521471e-01 7.736590869439348150e-01 7.801802124384167314e-01 7.753909107604053386e-01 7.739393707230994846e-01 7.834493187967337402e-01 7.690625543034290690e-01 7.761701857607387067e-01 7.620629324917257419e-01 7.661705499863418201e-01 7.903257338189548786e-01 7.742559669521957844e-01 7.600525424598915114e-01 7.816361473075800204e-01 7.787844869866713537e-01 7.773112589839917819e-01 7.776825541366692018e-01 7.571664572938273663e-01 7.796510264764897613e-01 7.692399363124088341e-01 7.587533664759198437e-01 7.729544585750124375e-01 7.696181190946588258e-01 7.623670230004716553e-01 7.747333908711911965e-01 7.707221955336107655e-01 7.673786789651926288e-01 7.803368193879698378e-01 7.761921362891538445e-01 7.768433046754612548e-01 7.802169531447276096e-01 7.837083476505380952e-01 7.856841316429948874e-01 7.784216221322181051e-01 7.714722542748477796e-01 7.729693754696286279e-01 7.852236074358251994e-01 7.828631164410718712e-01 7.803077654162082766e-01 7.835990856517769387e-01 7.836050757602778249e-01 7.864288123827454235e-01 7.894090041941521640e-01 7.883884460478780554e-01 7.885670489697991226e-01 7.763874924866346339e-01 7.745815643617581792e-01 7.678664160171401187e-01 7.756869600141885757e-01 7.756307930885132373e-01 7.773604382926229128e-01 7.781487557459239035e-01 7.769521560394768711e-01 7.809056257444343396e-01 7.761652025852890935e-01 7.796479984270505703e-01
1.535525022099914483e-01 1.844628680291026390e-01 3.739656925052647352e-01 4.481747776433520070e-01 4.375928596167119600e-01 5.269598070241465759e-01 7.084756935949381162e-01 6.723257613862460014e-01 1.000000000000000000e+00 7.663540589295482208e-01 7.948741930309976000e-01 8.015282734475229764e-01 7.421382800741451735e-01 7.780324532166457141e-01 8.397689660542774215e-01 8.223436152598109228e-01 8.177448173208260451e-01 6.677936482162918352e-01 7.356204404064153879e-01 6.129823055580092550e-01 6.441739490006027635e-01 7.302263022874204701e-01 7.074416293633316588e-01 6.946041689584202539e-01 7.170831034359079759e-01 8.309095043121762503e-01 8.183229009111947505e-01 8.227435394711796190e-01 7.719289662224482207e-01 8.368356069153021215e-01 8.521250281745940125e-01 8.498796039896641119e-01 8.274971586462652740e-01 8.425655011650033943e-01 8.448005659281687674e-01 8.398261501890216252e-01 8.283992131789712499e-01 8.634360158687802711e-01 8.741702584231328954e-01 8.145965166038628968e-01 8.715253927059780636e-01 8.608930414788678043e-01 8.625176848248478079e-01 8.702966669975995551e-01 8.639534068720297055e-01 8.732836515719202275e-01 8.777269214470375669e-01 8.879010220414453869e-01 8.838071451181643834e-01 8.580512346794310075e-01 8.758089480374673386e-01 8.373758550887249186e-01 8.640161437273047307e-01 8.904218022563945567e-01 8.766756510104946054e-01 8.727070026106096279e-01 8.755161043038123259e-01 8.728233740713132738e-01 8.790433594703704889e-01 8.827965721860187021e-01 8.791553393881552658e-01 8.809127170255470762e-01 8.783239730939147449e-01 8.800372122944235542e-01 8.857428227910351115e-01 8.834107970023020728e-01 8.916901074187842946e-01 8.854701473341526352e-01 8.821821400277699565e-01 8.621906793030307270e-01 8.649221979284079653e-01 8.846370958193211509e-01 8.692613657707437547e-01 8.661130289067167087e-01 8.845114874546025074e-01 8.821197045301348849e-01 8.789265744402484648e-01 8.754481836876917278e-01 8.805804256347032899e-01 8.895304694748505936e-01 8.854839751080175736e-01 8.848062186130623008e-01 8.871841370445999742e-01 8.865580727960125085e-01 8.833173297588575723e-01 8.882285535112774966e-01 8.841590159490239076e-01 8.843278650858658052e-01 8.851315388631606496e-01 8.903687517616439839e-01 8.772074228743176327e-01 8.797743045670584072e-01 8.797388941631374415e-01 8.827956387388262716e-01 8.816838989207083088e-01 8.857469714957356688e-01 8.690127940597990319e-01 8.733751817934418682e-01 8.734000806347419488e-01 8.802277015099996271e-01 8.710303788995040764e-01 8.787594339160864632e-01 8.794923981972238014e-01 8.809743472201942982e-01 8.827697765771179705e-01 8.826738846400271621e-01 8.857846594190023071e-01 8.865462488150356313e-01 8.892846701102303797e-01 8.812821957609703327e-01 8.803870325073706038e-01 8.839115281928140444e-01 8.825130200185341556e-01 8.848028090422960235e-01 8.885434170492693129e-01 8.873274286785527432e-01
7.561488782955012866e-02 1.933479120057378375e-01 3.167843274933674902e-01 4.210688459406689566e-01 4.009735202941195342e-01 4.745958960638384516e-01 6.540985431547889917e-01 6.399710139589344093e-01 7.663540589295482208e-01 1.000000000000000000e+00 7.280356204803030140e-01 7.592972196804388396e-01 6.939057600870399689e-01 7.236378742954970855e-01 7.831677033082674599e-01 7.817126603166155707e-01 7.334951175904654841e-01 5.933728020220775390e-01 6.570197800921223630e-01 5.486129774339131293e-01 5.790533956998735743e-01 6.535097444648199083e-01 6.298805253901200718e-01 6.329728722076293224e-01 6.516371853506074396e-01 7.542744217214134572e-01 7.410978576153373076e-01 7.401694454250358213e-01 6.928981902828730277e-01 7.550423858419066381e-01 7.754911218767657211e-01 7.746695096830136240e-01 7.541568780706807695e-01 7.636142075828359355e-01 7.642447402058653028e-01 7.567286582480560186e-01 7.464802835511991086e-01 7.992142628752143541e-01 7.972842643771108628e-01 7.508574145002628875e-01 8.037504497000950154e-01 7.955715766461007865e-01 8.023451167557964503e-01 8.062584604587275106e-01 7.948169956338871911e-01 8.061151625499851647e-01 8.152973956678273293e-01 8.253372236406695261e-01 8.190663202077935745e-01 7.857471155748665392e-01 8.079152729339901251e-01 7.604675341337436834e-01 7.973672057933426371e-01 8.249530991008976466e-01 8.016238868042423471e-01 7.945325966967810016e-01 7.986741070421720101e-01 8.089614092334729278e-01 8.210384858105755912e-01 8.153403169977524456e-01 8.193070400619147930e-01 8.208244130599809951e-01 8.123501252075537860e-01 8.178861546670025406e-01 8.079646583574912055e-01 8.125298261902088592e-01 8.228360091644801866e-01 8.149007296237399389e-01 8.143167095157738400e-01 7.960607440014518810e-01 7.952032373078966598e-01 8.121584396580924237e-01 8.059752911758910621e-01 7.993686722619217644e-01 8.172430036078346394e-01 8.130400315790462518e-01 8.120314930249271645e-01 8.057709428357477943e-01 8.135205735101710411e-01 8.172964983187233079e-01 8.119454318544792049e-01 8.189431714050172673e-01 8.152961617288014828e-01 8.128534934595462724e-01 8.147898464280772801e-01 8.192147707066997908e-01 8.154991087516713089e-01 8.181378077267096316e-01 8.184069853260396155e-01 8.187458843672481557e-01 8.108929373351992931e-01 8.158644860246484498e-01 8.158653642708935116e-01 8.191238540955801950e-01 8.184464562096485096e-01 8.238127631033129727e-01 8.026707003039587063e-01 8.062842030975951868e-01 8.150386767918853526e-01 8.157315030659239019e-01 8.097178019726397613e-01 8.109321870716399427e-01 8.130847136712187062e-01 8.148786967603374176e-01 8.136197280452812652e-01 8.122189956075063222e-01 8.232194415381357544e-01 8.239473965711479053e-01 8.218278933246485618e-01 8.196421336160003568e-01 8.174636942878559243e-01 8.199213997740905091e-01 8.216165503872038256e-01 8.214105716962908366e-01 8.180526177971370050e-01 8.194786157460628440e-01
5.850805534606011438e-02 1.533132907817838231e-01 3.908312159107572015e-01 5.096088741847900616e-01 4.606833239703631566e-01 5.409655210364854305e-01 7.345185425017796144e-01 7.098595917628081065e-01 7.948741930309976000e-01 7.280356204803030140e-01 1.000000000000000000e+00 8.352288373034053581e-01 7.608590865224617028e-01 7.762196768820547321e-01 8.456502605455327171e-01 8.432419746002188798e-01 7.725229360661909350e-01 6.627469873872608996e-01 7.346201624640587013e-01 6.159861864599983639e-01 6.695119246192581253e-01 7.532355209193259959e-01 6.982091642586510938e-01 6.906467466414036860e-01 7.385052975431448674e-01 8.311068414674116500e-01 8.320835670582730215e-01 8.275445034693439395e-01 7.759019326464483557e-01 8.366035870356716142e-01 8.608618307861669594e-01 8.379073088526111102e-01 8.146955195932199523e-01 8.275042887861004948e-01 8.301343634214325418e-01 8.279286720518737042e-01 8.278232796518186776e-01 8.590577048725812626e-01 8.684433128867935503e-01 8.383129979509849061e-01 8.720598792254222742e-01 8.664594180965875525e-01 8.703645948497443774e-01 8.815902204975525347e-01 8.732876789432808540e-01 8.756225093069182064e-01 8.703739746883274453e-01 8.785653373172053193e-01 8.747569996053475849e-01 8.561101907276229550e-01 8.725729771290865466e-01 8.441688660395949562e-01 8.692279981002927203e-01 8.715605465223237314e-01 8.665698256800510313e-01 8.679591877694365909e-01 8.641667572089132277e-01 8.727683892928992382e-01 8.714790766251955256e-01 8.771575067902580569e-01 8.771295968563854739e-01 8.778676401892684389e-01 8.737862148720074718e-01 8.739055898965263358e-01 8.729007934835470994e-01 8.768779314037177253e-01 8.782381131214169745e-01 8.803118468553106091e-01 8.735948554033424740e-01 8.629593693504210572e-01 8.733006835782443078e-01 8.778853047769813456e-01 8.629155826922394468e-01 8.668753574499445946e-01 8.871384948546674476e-01 8.807703946739233736e-01 8.814888409947790882e-01 8.716078191809778497e-01 8.806012472422944937e-01 8.813079390113595091e-01 8.763966567496338511e-01 8.812644060884456954e-01 8.787604804372762812e-01 8.761008880950214017e-01 8.761305817218887348e-01 8.779093867776367466e-01 8.779511741222900678e-01 8.811789271860318573e-01 8.812160365070693668e-01 8.836150504687153573e-01 8.816373343159424891e-01 8.799834352648625568e-01 8.808167500056627297e-01 8.805631621155763922e-01 8.744581468898153798e-01 8.782681098708364775e-01 8.671258404733215297e-01 8.673206928565075913e-01 8.716417739609076953e-01 8.767412543248189749e-01 8.737906805911946906e-01 8.744530562441648058e-01 8.783836913468238139e-01 8.802319855701709050e-01 8.771696263805284222e-01 8.744596062751756049e-01 8.772649691536072991e-01 8.795832173258935072e-01 8.838387120832350563e-01 8.767427432657303177e-01 8.795689425940694806e-01 8.789220430276274421e-01 8.781347770662577545e-01 8.780407131546856814e-01 8.760811671482618967e-01 8.773057291680318448e-01
2.860931277235892814e-02 1.126070619639614745e-01 4.172979805139340748e-01 6.138324341808877316e-01 5.026922404213615136e-01 5.594632179070243572e-01 7.830317082578500676e-01 7.812510936718000121e-01 8.015282734475229764e-01 7.592972196804388396e-01 8.352288373034053581e-01 1.000000000000000000e+00 7.966572807629463959e-01 8.122748502701244711e-01 8.960889932648654632e-01 8.955288412797687281e-01 7.948094600815931443e-01 6.665176235752119371e-01 7.467441194474686572e-01 6.690163956127375133e-01 7.244040707413561542e-01 7.891691219527905421e-01 7.087152443352270348e-01 7.386127085921944113e-01 7.708611441222833482e-01 8.371888555239670460e-01 8.488132553199944086e-01 8.435270018515281798e-01 7.673912966255592716e-01 8.456653617474035878e-01 8.688684405438610314e-01 8.682623031533979185e-01 8.273569712846422508e-01 8.517736457058758814e-01 8.338319972209322639e-01 8.571814691677328568e-01 8.460457786548269965e-01 8.896655053873837593e-01 8.934791632386583915e-01 8.811444502505727527e-01 9.043874021725589740e-01 8.990646038990728339e-01 9.125904462279954554e-01 9.147303546847389555e-01 9.088878111318250408e-01 9.016858705331101120e-01 9.021054408460874585e-01 9.060388048378245074e-01 9.151011463543569091e-01 8.988140394621206841e-01 9.130615930737118191e-01 8.951746907456529234e-01 9.083439134726974951e-01 8.916886363424616491e-01 8.911459067468078254e-01 8.959871332438977820e-01 8.980397236800725658e-01 9.042726044033555510e-01 9.001595455510336130e-01 9.082897330750806519e-01 9.107466856378670927e-01 9.021238175028318818e-01 9.037374205631987234e-01 9.108461360869053447e-01 9.007219857659803930e-01 9.117579013827691314e-01 9.010954225741478751e-01 9.009551405724838258e-01 8.997321844672396818e-01 9.006002162181956372e-01 9.113478153818189709e-01 9.015815796882281630e-01 8.925002694136129344e-01 9.106148054324321173e-01 9.025195602435031050e-01 9.005898356211886613e-01 9.023955389202219513e-01 8.814329743885226387e-01 8.999569063269847735e-01 9.017708000506944321e-01 8.942092257562248570e-01 9.019000626126635334e-01 9.012767527705699555e-01 8.919827069822651167e-01 9.073883881320637945e-01 9.073884736389296046e-01 9.022859672606816650e-01 9.065782846722187927e-01 9.066639270841388987e-01 9.026814638057605311e-01 9.046167045696703601e-01 9.072916039402858512e-01 9.111014822986166495e-01 9.063580298902402799e-01 9.045589732651749815e-01 9.052459945511793782e-01 9.093941843426581739e-01 9.083882841289218080e-01 9.080999271209039270e-01 9.114688977327458641e-01 9.070112711835216501e-01 9.124024504849289618e-01 9.152945740342928183e-01 9.120699447044153807e-01 9.157494196963054112e-01 9.038279961736191970e-01 9.086758016009472971e-01 8.999446792542296070e-01 9.044907718221861792e-01 9.053323003213521458e-01 9.038254791363139473e-01 9.078416693809663318e-01 9.061051691828935217e-01 9.120024072711750973e-01 9.066671922791069704e-01 9.111209475277658454e-01
2.330215704993664552e-02 1.147229308475312543e-01 3.469631096379328650e-01 5.436594873866306132e-01 4.556873202200962814e-01 5.041236023104671560e-01 6.918376223031608152e-01 6.987258163828381496e-01 7.421382800741451735e-01 6.939057600870399689e-01 7.608590865224617028e-01 7.966572807629463959e-01 1.000000000000000000e+00 7.462825055015829268e-01 8.203071864290003568e-01 8.299338670017955000e-01 7.200350169794929034e-01 5.700411751259787385e-01 6.537757080618601391e-01 5.545298922568764333e-01 5.942373009978693110e-01 6.825758469799790840e-01 6.076195862157630634e-01 6.273440943113468560e-01 6.857342227051458350e-01 7.414449573846279007e-01 7.581473890053865849e-01 7.477314271710948645e-01 6.625063382159506187e-01 7.473632893750427053e-01 7.779122305027043049e-01 7.629468684190012784e-01 7.376210273723782240e-01 7.529141607783389478e-01 7.405493566834199237e-01 7.610392839172316348e-01 7.462184311717242613e-01 7.924136154867363890e-01 8.110988169642276979e-01 7.777207594652673084e-01 8.278205317415048281e-01 8.254040301831414572e-01 8.332419467000165003e-01 8.325796471443285274e-01 8.205027057836767890e-01 8.221768090680261487e-01 8.391975844165494580e-01 8.371275803694175899e-01 8.261914051021154171e-01 7.861689204055899438e-01 8.202026307005454431e-01 8.042400399318305748e-01 8.254959793775827892e-01 8.233950647061339945e-01 7.918508617607508127e-01 7.931184164447029339e-01 7.953911303685570200e-01 8.306207810887201726e-01 8.147616047599594014e-01 8.475326846650156343e-01 8.417158408663881763e-01 8.273743464202552023e-01 8.211892517743271114e-01 8.367603231200954061e-01 8.304845898817427852e-01 8.294814600214797107e-01 8.367920843488808602e-01 8.264051963532778045e-01 8.197708837933672665e-01 8.113353572235838529e-01 8.229063785428254452e-01 8.302635612366536799e-01 8.142990410246639943e-01 8.284158437297617361e-01 8.302966894766977690e-01 8.276401324554729655e-01 8.307753732982745554e-01 8.023829957083059572e-01 8.321426194516144959e-01 8.306884548143408376e-01 8.232778191418624880e-01 8.347914377799143804e-01 8.226645794551644686e-01 8.170267868901596175e-01 8.295714997019587589e-01 8.326990787398150795e-01 8.315647859088620697e-01 8.334710175435706692e-01 8.370304896443608866e-01 8.271257357399363075e-01 8.306739993492363583e-01 8.406927420528985673e-01 8.433162688199069557e-01 8.389374081351866907e-01 8.411404256215532227e-01 8.415833267198821188e-01 8.246726027988017238e-01 8.197650744992721616e-01 8.354261594667836688e-01 8.356796069782950198e-01 8.408104155347022601e-01 8.286006258297495819e-01 8.397656087803350156e-01 8.404349183612719321e-01 8.381453448444756704e-01 8.212307399059940449e-01 8.356234401761964969e-01 8.373083578899094270e-01 8.309531153441711560e-01 8.402707880519362238e-01 8.305908920353600733e-01 8.444413265217831643e-01 8.337280220667524500e-01 8.416918593865992948e-01 8.395276310885270155e-01 8.367783980578648029e-01
