1.000000000000000000e+00 8.999930028699698603e-02 1.770333547402468677e-01 1.602720714936071711e-01 1.402552969892064960e-01 4.131927088157368727e-02 1.316524082872581880e-01 1.253161991273151754e-01 1.862873972783631871e-01 4.553051942395338475e-02 1.411391847469176675e-01 7.090710475711661798e-02 5.574873681488105859e-02 5.579612120357144850e-02 1.000074906628018317e-01 8.261827775866650847e-02 1.317144457693317783e-01 1.867257031226642605e-01 1.458456115894659344e-01 1.437681524285499279e-01 2.055665235490478082e-01 1.880261424513853530e-01 1.291176830190203240e-01 1.399579892722840890e-01 1.726535234765980698e-01 1.562728330078847205e-01 1.423384554439341143e-01 7.890761492888218043e-02 1.349993417960645981e-01 1.395452978152222634e-01 1.255847531824036412e-01 8.126068138565353816e-02 7.641041923618673015e-02 9.592365267920056893e-02 9.155196679988655828e-02 7.184368391429006573e-02 4.620749875111407334e-02 6.630956126358625302e-02 5.337297852733799419e-02 4.534459210471271373e-02 5.756352638169013464e-02 3.808564647000553527e-02 4.253051473156572310e-02 7.865128220773945356e-02 7.431838416057799657e-02 5.177737683499804983e-02 1.356058292595418296e-02 3.587780051710398599e-02 5.325412809203219910e-02 6.452473599573999019e-02 5.767272016182607014e-02 9.072489708790527907e-02 5.606295450861119301e-02 4.865668348067696963e-02 5.117116828171522358e-02 4.728593766365354889e-02 1.103927954928937416e-01 4.287677289973595984e-02 5.014766497464549083e-02 8.296754746021928195e-02 3.346105272047687068e-02 6.378842864207169561e-02 6.371870696387595123e-02 8.176868687481848863e-02 8.519489355029399857e-02 8.407268934342350397e-02 5.208188549308769011e-02 5.994948019741406370e-02 5.366625163772744539e-02 8.327648871587191304e-02 7.414992153642196993e-02 6.999692009381711100e-02 6.988329778070845322e-02 6.593428471285582571e-02 7.067938293102268843e-02 5.427734450252744147e-02 4.803809750023461944e-02 6.119367827827035949e-02 4.947002935846916971e-02 3.564269084347132521e-02 2.970123707210490724e-02 3.668045238353527526e-02 5.937350195990263174e-02 3.866339152909138016e-02 4.108216643248036731e-02 4.452676816307281349e-02 1.841873709669384837e-02 3.911672411600670973e-02 1.820999442747507635e-02 5.037216962976043960e-02 2.910232306180256939e-02 2.321870272323389023e-02 3.449796781678290958e-02 2.586926456331519603e-02 1.416901175387113264e-02 1.831278624387546253e-02 5.761529394980983987e-02 7.433372937278913406e-02 3.101186312349170360e-02 3.411932756767090819e-02 1.586580481318768804e-02 4.001390761936652468e-02 4.347444575691476742e-02 2.569480276235520944e-02 4.584440285116654634e-02 7.327152768260566940e-02 4.987444323286252534e-02 2.255687804339443978e-02 3.471552672034755593e-02 3.353879817521300544e-02 3.825027969240731712e-02 3.723816930787600399e-02 3.447703662127232088e-02 3.793440240935148228e-02 6.178300249857013315e-02 5.790905453155233140e-02
8.999930028699698603e-02 1.000000000000000000e+00 5.865705535714979546e-02 4.447545890233044891e-02 7.419996162244826832e-02 7.216048427390442388e-02 1.129189262928967236e-01 7.161245275763528095e-02 1.452414374229737126e-01 1.682888849151690513e-01 1.041408980385979954e-01 1.315004269285748595e-01 1.203514298790385323e-01 7.220397212827064926e-02 1.302738653765509735e-01 9.866955695751380984e-02 1.392376874785825336e-01 1.276575648122978968e-01 1.287840494811606784e-01 1.128557785326612245e-01 1.213924559748785909e-01 1.290150706333210995e-01 1.373153153619635081e-01 1.390108832207491707e-01 1.540367089723645999e-01 1.389777003674271816e-01 1.359604133749350019e-01 1.332994070891463656e-01 9.954002421983834670e-02 1.405721110107167882e-01 1.256197973503328513e-01 1.566492369876707202e-01 1.467167587780029703e-01 1.580680780741480218e-01 1.511801162014697053e-01 1.454608488211806827e-01 1.365539761735963808e-01 1.346362728012331922e-01 1.517717688653833774e-01 1.368376236611763830e-01 1.560728380618270628e-01 1.417772894874418654e-01 1.496364140007857280e-01 1.458907702132110906e-01 1.446889797176163228e-01 1.344723819910971507e-01 1.422384100650929961e-01 1.453763493381121930e-01 1.376687007747740277e-01 1.220626876843151770e-01 1.334651280401667195e-01 1.235056810579049508e-01 1.122865976689581963e-01 1.360589987025230541e-01 1.244790120896627911e-01 1.442517949244045417e-01 1.085552071978031496e-01 1.351610082566526982e-01 1.341130324102634830e-01 1.392075760554388197e-01 1.287040330880600270e-01 1.258649932348257505e-01 1.173534394742700299e-01 1.352031753223059407e-01 1.347792330719770060e-01 1.198193569651001822e-01 1.508673480144269718e-01 1.462125134697886131e-01 1.461753469434663444e-01 1.469110838125192720e-01 1.461208961036750131e-01 1.533353835496237272e-01 1.519060390673655780e-01 1.574166492482977908e-01 1.485778679604995434e-01 1.407316669615930049e-01 1.463978153105275348e-01 1.352943720624711077e-01 1.369571692196024371e-01 1.442393019417892996e-01 1.412656842995428930e-01 1.402894942517559917e-01 1.486628868176282647e-01 1.474886096636401633e-01 1.409144486377593153e-01 1.523907713755640880e-01 1.419333592818791956e-01 1.456122059349604925e-01 1.470284555962433071e-01 1.515547570386459042e-01 1.415563609627149277e-01 1.468840678903194918e-01 1.431047931152726604e-01 1.440192465308461067e-01 1.427576961655404320e-01 1.456389394199850973e-01 1.339671873872678720e-01 1.252934058673641493e-01 1.342667379745562106e-01 1.412063869726229437e-01 1.423070066914796927e-01 1.358752683573872244e-01 1.327183075344813556e-01 1.410569464996768996e-01 1.388372192767367286e-01 1.328745952735109759e-01 1.420635352155808218e-01 1.459980119951125588e-01 1.482088364462174346e-01 1.421898178648926259e-01 1.449070356512116575e-01 1.424890079559720801e-01 1.386162336459264011e-01 1.394789807867973519e-01 1.437036708944370855e-01 1.321861250174225233e-01
1.770333547402468677e-01 5.865705535714979546e-02 1.000000000000000000e+00 3.826002510276954038e-01 1.999865981729866404e-01 1.559730721555216693e-01 3.567254712291281216e-01 3.501262635536991352e-01 3.287021524264133743e-01 2.513025292161442104e-01 3.867355158303352747e-01 3.431423950710141280e-01 2.472091357911038734e-01 2.468263145849700912e-01 3.683216793995664484e-01 3.645520665945091165e-01 3.362127026920032624e-01 3.640424795113466061e-01 3.496574057023291715e-01 3.314203291666693030e-01 3.964149692967068872e-01 3.850169408509364621e-01 3.580420134670268539e-01 3.378055171451495031e-01 3.542926741215018938e-01 4.047838987469404293e-01 3.869615821105250042e-01 3.660444455688698362e-01 3.598959346765581713e-01 3.491547152494792750e-01 3.712499264518394626e-01 3.754943609593955900e-01 3.948574091022530319e-01 3.915926632350625325e-01 3.398112070823522957e-01 3.796214369434489644e-01 3.542776202304062649e-01 3.505637384397844447e-01 3.685706874970159364e-01 3.614998686849978382e-01 3.296422958794908986e-01 3.270955830927539387e-01 3.381846089174879721e-01 3.579961112043241744e-01 3.782360211067499756e-01 3.423105343341836804e-01 2.812516570856528064e-01 2.896092135632981068e-01 3.096957065852141699e-01 3.439839930003176782e-01 3.315278019114505925e-01 3.479034178622575912e-01 3.148922231988395826e-01 2.928782143493320889e-01 3.035062961481660437e-01 3.173051545734985601e-01 3.345784131539226713e-01 3.103278180004808706e-01 3.061753669023170588e-01 3.081905838707680867e-01 3.095630165543049594e-01 3.028784006544467666e-01 3.074176542655422395e-01 3.225347144298131297e-01 3.218971355491783148e-01 3.172708862695255982e-01 3.050319294633570544e-01 3.198333869588836365e-01 3.343131555304723057e-01 3.339482273036183391e-01 3.326949370622368507e-01 3.243406231067818557e-01 3.301254311791088081e-01 3.190542403905778923e-01 3.389125208718489213e-01 3.307214526953264344e-01 3.285198301010837096e-01 3.261349748934319059e-01 3.216611465785458868e-01 3.079694534530431627e-01 3.168774708791664008e-01 3.150191224048732308e-01 3.339385165000472999e-01 3.263565206335748980e-01 3.429871767660158111e-01 3.417280706767105714e-01 3.261888991463589571e-01 3.306573947076930087e-01 3.150893231695534591e-01 3.196275623290817935e-01 3.363885789421074413e-01 3.071448082894008835e-01 3.256954873825966823e-01 3.172164222130163247e-01 2.857295949138497493e-01 2.871714499030317835e-01 3.337916484126489669e-01 3.249998744810095874e-01 3.049052650740432524e-01 3.155958155556296552e-01 3.043688411258529403e-01 3.087074537868932933e-01 3.049519690185200083e-01 3.074292907656565599e-01 3.186066990630874729e-01 3.196910689333411493e-01 3.140222234596037332e-01 2.862257849984207736e-01 3.009819443429277985e-01 3.021986254744357669e-01 3.043542858866294942e-01 2.915814952397541848e-01 2.916032916538753850e-01 3.062221127812510546e-01 3.073777154656076038e-01 3.105703189063594993e-01
1.602720714936071711e-01 4.447545890233044891e-02 3.826002510276954038e-01 1.000000000000000000e+00 3.727849709148725044e-01 2.738499920153311673e-01 5.531028603362935225e-01 5.402607896477626959e-01 4.437970777673217460e-01 3.260048728746090529e-01 5.384184017984972037e-01 5.261535049755592386e-01 3.856106788347284375e-01 3.854813092777888972e-01 5.560453036442429831e-01 5.723312432343897749e-01 4.524070878717549316e-01 5.332778136588046669e-01 4.714869936810505702e-01 5.246853377370721550e-01 5.865067546734962223e-01 5.316101278869468372e-01 5.287787791148824690e-01 4.773164666684210911e-01 4.838452952971887266e-01 5.810634297163546069e-01 5.600840115668007657e-01 5.568025933656202131e-01 5.582716771728840621e-01 5.354417852668732491e-01 5.563398324719349697e-01 5.284271969964395854e-01 5.524806469309563317e-01 5.379962343266719849e-01 4.759884797171619053e-01 5.295277045038542241e-01 5.197093786303054186e-01 5.579335751501729446e-01 5.373759936073237986e-01 5.512304944322461431e-01 4.994902620104306190e-01 5.170784807887089940e-01 5.237078920885762656e-01 5.409466620660408065e-01 5.444743801748797019e-01 5.337943146009582751e-01 4.541250406309922938e-01 4.466071889450164423e-01 4.743851509104283770e-01 5.392415660533714794e-01 5.313610456510547975e-01 5.159662866211345289e-01 4.883622465819656977e-01 4.474511762691896211e-01 4.683858087954344551e-01 4.886411647621645704e-01 5.061262283470192580e-01 4.846565736890503517e-01 4.831849850921440814e-01 4.714316206358998285e-01 4.827647635880036869e-01 4.708702067144588943e-01 4.932222669027903073e-01 4.915565096087439190e-01 4.804580628046835611e-01 4.757967803168640097e-01 4.594195903309131190e-01 4.870198074357749984e-01 4.981944103342194063e-01 5.009072037540707178e-01 5.021398641239867011e-01 4.863473814667744755e-01 4.921995234267317332e-01 4.809443283400259284e-01 5.131271070402086965e-01 4.999938160748038096e-01 5.049403398931289200e-01 5.067827331317936723e-01 5.076971028893187965e-01 4.649925473364645567e-01 4.836742718108501538e-01 4.835672969181045167e-01 4.981674693912157004e-01 4.832090506982247846e-01 5.175232939400917775e-01 5.008819542540738912e-01 4.831801340109513898e-01 5.063715663317590598e-01 4.868092820041425295e-01 4.920859596654766910e-01 5.182431115699833724e-01 4.767776822299873984e-01 5.006871813913972291e-01 4.920197901400766294e-01 4.445682648600923770e-01 4.467933390301314645e-01 5.195938912176008007e-01 5.083183239778719109e-01 4.786129784497200057e-01 4.955889758056770678e-01 4.718426365319049465e-01 4.849269458320162318e-01 4.670608422281070649e-01 4.810629113277591906e-01 4.906087943061124834e-01 4.857601777525054620e-01 4.769268255188200967e-01 4.422981969604443120e-01 4.669675032062715614e-01 4.704776555915359815e-01 4.715759186177216900e-01 4.486374342925126824e-01 4.507576116855064874e-01 4.731366523629770282e-01 4.678886131705557450e-01 4.715046083030596247e-01
1.402552969892064960e-01 7.419996162244826832e-02 1.999865981729866404e-01 3.727849709148725044e-01 1.000000000000000000e+00 2.210413224525405729e-01 4.451505524658018187e-01 4.736961747825613189e-01 3.829302361810139610e-01 3.000022165917748951e-01 4.268416756697456793e-01 4.319749332682730758e-01 3.711901921777571722e-01 3.418643856674444259e-01 4.680082643854011626e-01 4.751068144997190323e-01 3.865248681838746592e-01 4.368241527544459157e-01 3.753331794079879935e-01 4.627146937448564645e-01 4.908503168759190127e-01 4.331443835653117636e-01 4.223943420236991875e-01 3.878503864392267575e-01 4.083514819060928835e-01 4.767516545050352605e-01 4.472334389564153745e-01 4.378665954800621263e-01 4.361076222094293908e-01 4.534718676729908582e-01 4.586080966897852496e-01 4.064657071341110095e-01 3.962226809410573369e-01 4.005789452608257695e-01 3.985665385101546110e-01 4.221036367303778736e-01 4.219290630827827737e-01 4.504482487130194168e-01 4.242488714027341512e-01 4.335690668384995505e-01 4.126237854341404110e-01 4.199337322406147543e-01 4.471506868339515384e-01 4.604569859878289706e-01 4.431034828131116265e-01 4.514883422893946063e-01 3.917102722296243456e-01 3.881879116720669542e-01 4.050538679265813236e-01 4.233229248670989375e-01 4.385266105504915801e-01 4.244244926404745488e-01 4.333096911305513443e-01 3.998790715963377318e-01 4.138962882232642415e-01 4.118211589345886492e-01 4.424549055460069158e-01 4.184256182487121056e-01 4.265930431413885726e-01 4.334769608731218193e-01 4.226697217895997727e-01 4.295421920217573075e-01 4.374602241568292249e-01 4.277282073812401775e-01 4.085027688247515054e-01 4.281197483685862393e-01 3.890689046845529075e-01 4.165916398370967388e-01 4.170358432956939310e-01 4.369544637034019074e-01 4.287770695235337270e-01 4.149730541799263595e-01 4.154005212789571577e-01 4.125177845120621689e-01 4.306193769596407539e-01 4.210786655967493908e-01 4.188607570299539007e-01 4.172197756014645043e-01 4.317459441763726313e-01 3.973238656546387859e-01 4.073367995710325262e-01 4.064108411115587849e-01 4.155325979368829081e-01 3.981925817886614039e-01 4.082521310124355152e-01 4.031891188739165632e-01 3.984754428275462668e-01 4.196596304965407587e-01 4.033484415687352276e-01 4.268747462165240480e-01 4.219011437034200784e-01 4.022253990270119317e-01 4.185233197681615946e-01 4.113548859984801909e-01 3.840588296863498563e-01 3.878327023720329891e-01 4.336374099798516735e-01 4.281292942613416641e-01 4.119433575665578107e-01 4.145974210936849702e-01 4.038145011976549403e-01 4.180111970700143842e-01 4.029728037981690769e-01 4.110489510355875842e-01 4.114125302520256211e-01 4.291114203281841677e-01 4.082895434728024964e-01 3.859184611667929587e-01 4.045376087592817416e-01 4.031592449256917732e-01 4.139687332077005011e-01 3.982719343760880437e-01 3.991711477157240395e-01 4.060830096238307596e-01 4.000159742318831757e-01 4.079914867760752739e-01
4.131927088157368727e-02 7.216048427390442388e-02 1.559730721555216693e-01 2.738499920153311673e-01 2.210413224525405729e-01 1.000000000000000000e+00 3.977627142873814692e-01 3.432750277177063492e-01 3.592534160528184084e-01 2.763195761586083044e-01 3.803788646401403128e-01 3.912811436419357802e-01 3.219405883450015549e-01 3.095709869410977477e-01 4.099376510311641408e-01 4.001472800496976845e-01 3.721021639920062407e-01 3.568333436447391205e-01 3.497409132609457516e-01 3.779309065347861707e-01 3.722123233241419471e-01 3.635328339046179358e-01 3.969688377594617901e-01 3.589559365610360819e-01 3.607663983412487951e-01 4.169885549721033535e-01 4.078943227492347057e-01 4.307002194180477028e-01 4.100097790498710704e-01 3.962225991643942846e-01 4.101084087603314998e-01 4.087938568383324700e-01 3.998831451550779459e-01 4.023143061963241340e-01 3.739918050959366580e-01 3.963034880747139388e-01 4.091130884660564848e-01 4.221687327357532826e-01 4.227665047977515189e-01 4.317720423824114584e-01 4.190771344169348933e-01 4.229594604900740462e-01 4.234049734604349857e-01 4.212891496845971862e-01 4.288537642671697570e-01 4.287959127589646147e-01 4.063818259598330207e-01 4.039922546462070274e-01 4.007635057147337920e-01 4.021169935019797137e-01 4.143754611867139781e-01 3.896171559059538048e-01 3.992692805776356102e-01 3.908834010252797420e-01 3.987821632885690248e-01 4.115598245642623221e-01 3.806314983237987781e-01 4.121947569206916295e-01 4.090894595885125606e-01 3.952839691603216576e-01 4.095412229399240656e-01 3.978142226448543317e-01 3.967708905399295327e-01 3.898546253547684470e-01 3.858874844977319141e-01 3.854920264922501172e-01 4.036527400499004270e-01 4.109995063126687387e-01 4.149769792822276537e-01 4.127178778085808797e-01 4.139431715976326087e-01 4.118940772453625887e-01 4.122342580153009473e-01 4.126677849098744910e-01 4.208792803229752799e-01 4.254740145856112932e-01 4.251050282265266267e-01 4.246236691696080867e-01 4.256623956719292612e-01 4.072835316468101929e-01 4.166164176290121368e-01 4.122121422236975641e-01 4.162721627562671056e-01 4.108931958689030495e-01 4.220695685323936908e-01 4.206005751363310896e-01 4.157660065383789738e-01 4.219230083119316355e-01 4.180810117067529363e-01 4.166316822834623124e-01 4.309881030840223004e-01 4.174936287450770611e-01 4.238483053442990145e-01 4.218342100168371855e-01 4.026578786917099917e-01 4.030985047874550697e-01 4.191388178023046085e-01 4.065738436885604767e-01 4.102630468596031310e-01 4.186166298418541598e-01 4.154512046903689471e-01 4.080060847197465312e-01 4.017228818852618955e-01 4.144891620325691362e-01 4.083539329952134977e-01 3.980369732830644769e-01 4.048849428886938662e-01 4.016073530146696546e-01 4.075685717389100904e-01 4.093346122589308633e-01 4.091984738243931163e-01 3.992600968880385404e-01 4.000701970310577837e-01 4.032120120890425596e-01 3.963502727735357944e-01 3.973196216826593297e-01
1.316524082872581880e-01 1.129189262928967236e-01 3.567254712291281216e-01 5.531028603362935225e-01 4.451505524658018187e-01 3.977627142873814692e-01 1.000000000000000000e+00 6.479633132327003997e-01 6.156186727687825710e-01 5.167087747514963469e-01 6.912006761165104818e-01 7.009684818550326879e-01 5.910875007365754552e-01 5.376754117788132836e-01 7.749950073704225950e-01 7.348178540473609965e-01 6.289520823957941431e-01 6.562579312144688481e-01 6.170252020837726503e-01 6.884842807615119131e-01 7.157764298483428878e-01 6.694689316845522375e-01 7.133371883469815655e-01 6.213231608212946844e-01 6.447746016112740897e-01 7.714661653044011524e-01 7.530364151166225595e-01 7.606788368184403959e-01 7.267088485052982660e-01 7.436309466538585378e-01 7.619118058334777288e-01 7.119047302380252518e-01 7.181455452099062553e-01 7.040284390444448981e-01 6.588934689087729835e-01 7.167699216465071022e-01 7.188037076682265436e-01 7.449737780188848690e-01 7.456985237015152368e-01 7.441677561705334343e-01 7.103675560929703092e-01 7.244707458058505800e-01 7.398864607974365848e-01 7.522662435769476019e-01 7.466367221626540873e-01 7.511944377280922458e-01 6.632041751571322585e-01 6.637388250561077063e-01 6.800488833157077861e-01 7.098286927474116714e-01 7.250179643845129362e-01 6.899325518309804561e-01 6.711090813202336136e-01 6.603138054173335325e-01 6.807002679098381748e-01 6.988617118504930614e-01 6.882222967553706106e-01 6.904057957961629022e-01 6.954354744040663894e-01 6.803953002321019294e-01 6.921366593953519608e-01 6.782248092983751420e-01 6.901550397543648740e-01 6.938375033966079908e-01 6.761163302905153216e-01 6.723384067209984272e-01 6.720636036101348409e-01 6.947540482644402049e-01 7.107047001258139929e-01 7.086570575994916021e-01 7.009190172362194104e-01 6.976234042572332372e-01 6.936127087506830380e-01 6.883696089996423906e-01 7.251198753976212386e-01 7.220836463363444757e-01 7.171392220928565209e-01 7.140272321071826633e-01 7.302262797443282993e-01 6.822255231960991928e-01 7.025988963327917114e-01 6.973074385997984903e-01 7.121905872760728728e-01 6.913803756540178869e-01 7.108951091850895798e-01 7.057696518144334075e-01 6.963369398044650938e-01 7.176993461590465140e-01 7.008141313108320336e-01 7.106807740047029753e-01 7.300081643262914532e-01 6.928439649914653886e-01 7.113868529993966350e-01 7.103296659672024838e-01 6.592175717560132542e-01 6.635658450894030835e-01 7.113126138660580411e-01 6.943997574696595398e-01 6.846926277678148098e-01 7.020180020627030393e-01 6.901775420406458528e-01 6.888555888308076636e-01 6.709506688435699084e-01 6.956540757418007148e-01 6.943397516782303658e-01 6.858623051932296599e-01 6.833781525005591106e-01 6.619572452949958885e-01 6.807645955611472122e-01 6.814043876435613711e-01 6.835107735517559346e-01 6.631098578551419820e-01 6.618603038587427267e-01 6.809232247854227760e-01 6.730343906071400983e-01 6.708611741660425176e-01
1.253161991273151754e-01 7.161245275763528095e-02 3.501262635536991352e-01 5.402607896477626959e-01 4.736961747825613189e-01 3.432750277177063492e-01 6.479633132327003997e-01 1.000000000000000000e+00 6.020352098582431033e-01 4.807925510632496957e-01 6.453889902500739018e-01 6.701476215320154584e-01 5.619711676038701142e-01 5.134474350956134137e-01 7.128067902070726047e-01 7.397317812219346145e-01 5.931236444913896566e-01 6.487529465363421899e-01 5.970810113863291857e-01 6.747352112335848195e-01 7.082741813104059814e-01 6.581773398884316340e-01 6.752969350176213359e-01 5.975971946364926346e-01 6.183809359140169937e-01 7.179816110575200083e-01 6.963444369518200228e-01 7.019702189038480311e-01 6.646844644418163917e-01 6.860857069464111335e-01 7.000317700184234271e-01 6.866409361946141932e-01 6.883780459942142604e-01 6.790593259860528974e-01 6.453839976865328731e-01 6.798023684093325025e-01 6.581918523153500455e-01 7.327003145096092629e-01 6.966813486730697447e-01 7.093054399766263174e-01 6.740457326849625952e-01 6.902756582696084608e-01 7.000398333062727296e-01 7.141134187330605565e-01 6.992456004849548767e-01 7.084083671495373657e-01 6.369623844287078951e-01 6.372641705144428403e-01 6.621966533072788375e-01 7.093507947002342107e-01 7.109662757104519004e-01 6.739040989913793744e-01 6.568395552842580809e-01 6.398072292859736665e-01 6.621839593556163583e-01 6.673507006799059837e-01 6.931834831180383460e-01 6.749584550752911749e-01 6.835175080791936475e-01 6.545837985723494956e-01 6.759226315303343835e-01 6.710262100620626446e-01 6.928267829237640951e-01 6.779545645148484789e-01 6.524422608775148902e-01 6.599872280210083986e-01 6.420687118528984882e-01 6.697239549801807801e-01 6.810592534571607848e-01 6.889923714564610835e-01 6.832174736852406616e-01 6.639987850378727963e-01 6.675457587420574601e-01 6.582684893644585866e-01 6.851798160411981531e-01 6.798899883742701711e-01 6.806780665281539910e-01 6.722211477136060820e-01 6.836720764083720203e-01 6.497791436671979115e-01 6.613858164535546535e-01 6.613894631812362590e-01 6.791841738737137701e-01 6.640345061474752786e-01 6.953053402791993243e-01 6.770984300995638305e-01 6.561379229897190690e-01 6.910841566804462044e-01 6.653806858142298220e-01 6.744313951745255498e-01 6.953477483231395029e-01 6.611302819701979638e-01 6.785706000477927935e-01 6.748089779994599358e-01 6.363559298251834084e-01 6.374899340483514143e-01 7.041859617035615138e-01 6.895766142002193178e-01 6.707234464054726564e-01 6.828247763608328302e-01 6.635599790811254062e-01 6.792777119459599833e-01 6.492824021425437353e-01 6.696622665044417166e-01 6.719628221215027120e-01 6.776019505236259288e-01 6.654458415041339947e-01 6.311853429507059410e-01 6.559129806559456100e-01 6.590225905630247016e-01 6.655944283207014811e-01 6.400194367362536108e-01 6.487668250861075014e-01 6.631955218748409875e-01 6.472527178665870018e-01 6.527231472651698896e-01
1.862873972783631871e-01 1.452414374229737126e-01 3.287021524264133743e-01 4.437970777673217460e-01 3.829302361810139610e-01 3.592534160528184084e-01 6.156186727687825710e-01 6.020352098582431033e-01 1.000000000000000000e+00 6.757884921452830262e-01 7.382925860357475445e-01 7.572768763990448404e-01 6.910960589747452421e-01 6.053962473321818916e-01 7.952020298948154764e-01 7.446417107856069251e-01 7.777661299070933731e-01 7.199340861468875863e-01 7.184877345838664997e-01 7.452796345317805882e-01 7.232836641385943510e-01 7.402986082506762822e-01 7.925771873821582103e-01 6.984689386285153345e-01 7.269011457905681928e-01 7.997765877896401143e-01 7.893382828731008161e-01 7.761110408688181028e-01 7.440222836461086731e-01 7.735499546268096438e-01 8.028480810719695882e-01 8.111973947432292720e-01 7.439104305624768543e-01 7.650472191101153063e-01 7.664387175609558289e-01 7.531353695210061261e-01 7.511444487464612463e-01 7.976302702558503155e-01 8.047204230260566193e-01 7.670551032705698047e-01 8.296060621058782836e-01 8.148127390970281159e-01 7.986550241074253931e-01 8.327543049968239020e-01 8.122710131925836574e-01 8.175678174796033870e-01 8.216806521303173794e-01 8.355451466345650280e-01 8.390765450286515881e-01 7.912306888902818081e-01 8.205133413033673939e-01 8.084057583452241014e-01 8.142308312340704735e-01 8.355629229409473613e-01 8.290215405076528654e-01 8.319204761744166676e-01 8.380047143117819175e-01 8.316997912807583271e-01 8.352708866274274335e-01 8.509140630334207644e-01 8.320950319335390644e-01 8.385951717231977520e-01 8.308773435351305414e-01 8.464453831859526378e-01 8.417769177183779261e-01 8.457633376551695337e-01 8.367795763520703423e-01 8.372729510986339774e-01 8.384397027403549529e-01 8.462691538106629219e-01 8.375062301468495507e-01 8.388517315386981865e-01 8.209153975390754976e-01 8.316452229618506164e-01 8.413895936270714415e-01 8.344910758422303676e-01 8.309301574190012252e-01 8.267011959500022433e-01 8.316607138292200219e-01 8.297195701711248539e-01 8.278024555567236042e-01 8.317043761960298820e-01 8.367709256613722335e-01 8.298078878578847295e-01 8.209068909668070235e-01 8.252824908738517484e-01 8.156156765613520321e-01 8.305445308589591846e-01 8.271086016932545082e-01 8.361889816628371719e-01 8.176752944103707899e-01 8.280191573356953105e-01 8.315760801234383104e-01 8.283826932402049703e-01 8.243756151853003367e-01 8.280192965233371671e-01 8.272697640783003292e-01 8.350829170148118541e-01 8.285113837279405313e-01 8.300153185862696459e-01 8.224179506172537568e-01 8.311473886612693596e-01 8.301211523287376215e-01 8.286455446353903076e-01 8.315301278605811142e-01 8.427256401749275705e-01 8.388651388698327160e-01 8.256261554082928722e-01 8.317879956773480687e-01 8.339429292052861209e-01 8.343844723535921437e-01 8.371893554923814929e-01 8.311192734077040845e-01 8.361233184564630383e-01 8.388922654913246735e-01 8.395531462697218839e-01
4.553051942395338475e-02 1.682888849151690513e-01 2.513025292161442104e-01 3.260048728746090529e-01 3.000022165917748951e-01 2.763195761586083044e-01 5.167087747514963469e-01 4.807925510632496957e-01 6.757884921452830262e-01 1.000000000000000000e+00 6.207538522111357704e-01 6.558669400216077250e-01 6.275636014009802199e-01 5.304609363663989052e-01 6.841014779975155280e-01 6.295915795072241083e-01 6.548853031210659648e-01 5.808441940938682269e-01 6.014174663089463246e-01 6.237398877873645553e-01 5.686329283215377783e-01 5.953753870288556183e-01 6.604007466864922904e-01 5.797681880215704853e-01 6.012667613081308371e-01 6.725547438263060895e-01 6.596416778593825470e-01 6.568205209446321691e-01 6.202562362553597497e-01 6.490828844657123842e-01 6.888240374345585559e-01 7.121720002581977127e-01 6.334448596344962601e-01 6.615548442044829613e-01 6.639265119814935501e-01 6.535565200444153344e-01 6.615076833689217395e-01 6.927374321493731113e-01 7.129195770755698547e-01 6.680900598778259925e-01 7.396793339433460623e-01 7.293202841320756136e-01 7.138102018259718795e-01 7.356018322948978394e-01 7.153157343390686984e-01 7.165376772896481228e-01 7.572784887803969411e-01 7.695180698467832814e-01 7.540504072998344132e-01 6.843788815420578375e-01 7.259917486731778391e-01 6.894810970723013188e-01 7.179155728330238739e-01 7.633670954017443000e-01 7.442666596823438452e-01 7.508082454810324213e-01 7.169320751538649228e-01 7.547510655922122780e-01 7.562255858465233294e-01 7.603436692836570421e-01 7.507477861060266600e-01 7.531407878534220890e-01 7.352292680731481456e-01 7.468936208486718353e-01 7.439572703563545053e-01 7.434339078497019804e-01 7.657397839780368809e-01 7.536642671646885949e-01 7.545727508562909414e-01 7.527279314580684888e-01 7.410496525807888091e-01 7.525663002874880547e-01 7.334705550622988568e-01 7.469078412736060990e-01 7.500539621159325598e-01 7.520372418028783423e-01 7.489715969384905803e-01 7.424578286630565405e-01 7.439146665322293739e-01 7.557362762240420473e-01 7.550060507225518913e-01 7.578801784509348050e-01 7.512509374686457964e-01 7.505498387623592560e-01 7.332826358223585306e-01 7.428723620036361552e-01 7.459326339396152861e-01 7.516062603170942102e-01 7.549232045131458735e-01 7.580232841809791955e-01 7.331127230264549155e-01 7.606554909785687713e-01 7.551274126736529091e-01 7.507525058789520367e-01 7.625067984123486964e-01 7.661993223882086479e-01 7.347610692723848258e-01 7.361534687120472320e-01 7.559270370756882018e-01 7.516715681606156441e-01 7.554751195659682450e-01 7.532796692098654434e-01 7.540139561406236091e-01 7.582193593917170293e-01 7.472154132261542570e-01 7.531470379098801349e-01 7.613664760735343595e-01 7.669221274453440484e-01 7.638531637701014843e-01 7.651624252324911168e-01 7.652932290457605813e-01 7.670673878863384365e-01 7.660439010657830172e-01 7.591378857364911026e-01 7.564049435338180416e-01 7.577552381028791473e-01
1.411391847469176675e-01 1.041408980385979954e-01 3.867355158303352747e-01 5.384184017984972037e-01 4.268416756697456793e-01 3.803788646401403128e-01 6.912006761165104818e-01 6.453889902500739018e-01 7.382925860357475445e-01 6.207538522111357704e-01 1.000000000000000000e+00 7.988621120817813726e-01 6.795693336402309770e-01 6.153529871381926419e-01 8.157082478930334224e-01 7.772128159358157040e-01 7.499555534483299812e-01 7.338609472014866464e-01 7.121157500085746328e-01 7.505536549911049349e-01 7.509233721202750456e-01 7.513593356480737784e-01 7.978319453853688348e-01 6.929128174481641311e-01 7.172817462563823021e-01 8.340188596956039646e-01 8.227000677391752559e-01 8.199991098699359604e-01 7.690480088519570101e-01 8.003832794529646133e-01 8.431783979777125460e-01 8.183382422230693898e-01 7.850615147032354857e-01 7.836191170373355552e-01 7.615186584715250007e-01 8.039768867960956911e-01 7.993607509649824916e-01 8.225313249219012857e-01 8.285698834373800281e-01 8.184501986936562057e-01 8.174450716694104946e-01 8.233156279123809984e-01 8.170565459481748949e-01 8.433954263330816215e-01 8.378855304441665819e-01 8.340513126974745672e-01 7.996261483362810951e-01 8.016199056582293814e-01 8.144528769598270435e-01 8.100457573310382298e-01 8.277593207000798481e-01 8.168904213843858342e-01 8.030828759298763719e-01 8.016066487726168921e-01 8.085010254294159315e-01 8.201061589775568983e-01 8.285423359167733981e-01 8.161597227826041800e-01 8.197373466026153244e-01 8.155710606317141398e-01 8.232715892606002894e-01 8.152890246380322115e-01 8.182452269738716977e-01 8.258679920167536492e-01 8.153874710860811170e-01 8.164013497340684156e-01 8.085999243013282101e-01 8.196587914076005621e-01 8.242095099468992325e-01 8.245136637706134142e-01 8.236833647301532446e-01 8.177759838975491302e-01 8.045645271791582731e-01 8.114851517233112599e-01 8.373633449323372169e-01 8.330318695106300186e-01 8.291949598745734784e-01 8.221332864261207130e-01 8.301861522599569554e-01 8.061236251376604489e-01 8.195117856827180969e-01 8.222991552118488201e-01 8.291519709001150540e-01 8.158860157529069790e-01 8.248320680859266840e-01 8.209728072453031933e-01 8.193867561313338266e-01 8.273177409291111450e-01 8.209165661711868012e-01 8.258381092498745524e-01 8.354038534723401410e-01 8.165259571760450363e-01 8.298580662244220418e-01 8.241520540390953053e-01 7.990203916555348451e-01 8.006951898121429378e-01 8.308469287939360681e-01 8.276121450294292581e-01 8.155255098604414776e-01 8.224614284737731262e-01 8.150234175360333566e-01 8.179320668493672564e-01 8.100666608478969133e-01 8.183159948286817809e-01 8.243863142214266082e-01 8.235907944513378709e-01 8.169493430046319560e-01 7.983090861322417187e-01 8.101443111913099182e-01 8.131889251463391144e-01 8.138718747511987095e-01 8.051858714125869065e-01 8.028932661401783077e-01 8.155292177201793891e-01 8.119522727242594051e-01 8.130636779641501333e-01
7.090710475711661798e-02 1.315004269285748595e-01 3.431423950710141280e-01 5.261535049755592386e-01 4.319749332682730758e-01 3.912811436419357802e-01 7.009684818550326879e-01 6.701476215320154584e-01 7.572768763990448404e-01 6.558669400216077250e-01 7.988621120817813726e-01 1.000000000000000000e+00 7.361112464862534788e-01 6.548216369730444075e-01 8.599466714953359903e-01 8.311291741155306667e-01 7.585657066366569001e-01 7.264412957649239999e-01 7.135174685215911472e-01 7.719009020568092794e-01 7.554204322128723614e-01 7.469465011532552268e-01 8.123704852135792409e-01 6.851735956806462857e-01 7.206653958983707531e-01 8.511335889231655960e-01 8.433614766004662311e-01 8.565452793397863029e-01 8.052185568961582884e-01 8.202624046306127292e-01 8.745001600785420326e-01 8.374860861780443200e-01 8.134104952095192465e-01 7.966148596983672059e-01 7.961686408553495520e-01 8.191062182995054730e-01 8.341579108081230709e-01 8.655607576113285573e-01 8.700728434755340412e-01 8.538657730395877721e-01 8.699072208102051063e-01 8.791374014116023483e-01 8.672617149137139547e-01 8.889335178768060786e-01 8.729235494114848670e-01 8.884448551678996164e-01 8.612651036532168458e-01 8.630104231669062376e-01 8.682891229386102694e-01 8.561328588193939382e-01 8.743827994919988189e-01 8.502365540847897085e-01 8.575983728827593078e-01 8.580096969412811525e-01 8.639457079164960529e-01 8.734301641666426530e-01 8.599642953548414237e-01 8.725371274357240914e-01 8.727209067201527892e-01 8.685392836136071049e-01 8.795481697701927892e-01 8.651254776638157562e-01 8.685896420688945518e-01 8.714527334458894714e-01 8.628745816755771791e-01 8.661086278377958525e-01 8.636571822300617152e-01 8.652184183327052969e-01 8.725673369300168680e-01 8.742339381345659577e-01 8.698311377927925303e-01 8.684219602184495290e-01 8.392021546258709996e-01 8.555535533712084195e-01 8.852817437911334464e-01 8.871140748877899274e-01 8.849290288242710467e-01 8.761164550710707211e-01 8.838376081672444373e-01 8.659430050010156199e-01 8.788901516445862816e-01 8.814325340206361492e-01 8.775080979882573518e-01 8.709374370290939860e-01 8.723066720443156674e-01 8.634379908142121307e-01 8.722636791553186608e-01 8.816822867537857933e-01 8.781941500901161435e-01 8.818639555165889155e-01 8.844123626836988272e-01 8.769017289300160556e-01 8.826635682936283533e-01 8.846748832274433649e-01 8.629977743493527642e-01 8.646045686792254159e-01 8.748126575077993516e-01 8.748765289800586320e-01 8.739012081382329100e-01 8.781134321081991434e-01 8.732114981282479427e-01 8.748137648918697939e-01 8.682657072656614350e-01 8.805081830933555453e-01 8.785155720754712627e-01 8.729713167206044622e-01 8.727434183881349616e-01 8.624970862235928903e-01 8.711052800434184729e-01 8.730078728077037553e-01 8.742211450673913475e-01 8.651760841936015911e-01 8.642326236720353494e-01 8.720662125854947710e-01 8.670936828704753907e-01 8.701181571921706714e-01
5.574873681488105859e-02 1.203514298790385323e-01 2.472091357911038734e-01 3.856106788347284375e-01 3.711901921777571722e-01 3.219405883450015549e-01 5.910875007365754552e-01 5.619711676038701142e-01 6.910960589747452421e-01 6.275636014009802199e-01 6.795693336402309770e-01 7.361112464862534788e-01 1.000000000000000000e+00 5.825611089013401633e-01 7.688129560582076527e-01 7.194798486249062153e-01 6.839946313367293307e-01 6.229238634753974102e-01 6.291842245577652371e-01 6.691706844703146917e-01 6.299790018075563935e-01 6.481694269686221199e-01 7.252204408043761985e-01 5.986237383361536768e-01 6.427471728241934690e-01 7.369889211986543343e-01 7.408994139481090979e-01 7.425656675509230142e-01 7.095054664629242280e-01 7.279219818334036196e-01 7.684745381597550828e-01 7.527213627211031266e-01 7.045158633305194096e-01 6.979444180475721238e-01 7.236224422704872206e-01 7.257144706991307537e-01 7.508971379889348707e-01 7.587867515978380384e-01 7.819615198879100726e-01 7.323131139668122014e-01 7.922606965784666500e-01 7.975523731037925668e-01 7.794009443312575058e-01 8.037523911754218542e-01 7.739312207206694438e-01 7.970569149192545666e-01 8.105184191232194246e-01 8.133600299826804214e-01 8.046201415307822069e-01 7.584423248804963436e-01 7.845978350058847584e-01 7.753208627769517802e-01 7.907497876224176547e-01 8.101117861551279109e-01 7.996538178220232718e-01 8.024733202476076466e-01 7.842691318495911279e-01 8.082422794985879566e-01 8.028259479294385104e-01 8.150492799077221351e-01 8.124809704111087827e-01 8.056859937471894106e-01 7.947688455296040289e-01 8.061016297264759212e-01 8.090590826320586126e-01 8.090409132557775385e-01 8.096340226057930911e-01 7.982480317612434817e-01 8.037052615187367799e-01 8.004600331940951996e-01 8.005555347154922341e-01 8.073373201632690899e-01 7.666518842409837386e-01 7.905782902948005342e-01 8.106433339270039395e-01 8.131253168449003033e-01 8.112860207134079404e-01 8.075500141443978652e-01 8.075272343678154829e-01 8.086563269800987053e-01 8.146871907326733719e-01 8.199782917791765824e-01 8.077598485064004796e-01 8.066190784042330808e-01 7.925440199712776579e-01 7.921264414942247312e-01 8.057958752544180925e-01 8.059764132498412614e-01 8.130920125683313016e-01 8.156670857485746051e-01 8.006767578600644253e-01 8.151195938078830139e-01 8.121410236772748092e-01 8.137552411683132148e-01 8.167714537455262880e-01 8.167083676912691992e-01 7.905074582709731290e-01 8.031285879790855953e-01 8.140686131311856144e-01 8.069408167213897309e-01 8.127774621721504111e-01 8.108459233206106731e-01 8.101526168554664675e-01 8.185771243418797916e-01 8.147859609376418843e-01 8.092858614189814004e-01 8.138746397051779269e-01 8.170243371945677957e-01 8.159530161956140004e-01 8.159153109039551932e-01 8.144733240368025040e-01 8.201578793835259118e-01 8.157490118465930973e-01 8.176872091736419046e-01 8.180764018181988506e-01 8.169860752155120309e-01
