1.000000000000000000e+00 1.394991906020692507e-01 1.746674219888167401e-01 1.204504290688871021e-01 8.150579980327327112e-02 1.031906116779533478e-01 5.580006746853965333e-02 3.771474861673182466e-02 1.410605605384634698e-01 6.921957173996334811e-02 7.338150616943625582e-02 5.538641520673703161e-02 6.414225630669762035e-02 -2.118691339451799372e-03 3.171559903306042649e-02 1.707254591594539739e-02 6.887725087157599291e-02 1.636157296956758100e-01 1.352512732316222266e-01 1.663442527780543134e-01 1.095626850742304342e-01 1.061023800415269863e-01 1.541281106743782880e-01 1.798640942386424413e-01 1.463911655821661661e-01 1.431740155640694179e-01 8.773081342259607396e-02 1.333545001620094206e-01 1.413738468116077229e-01 1.004596935805940755e-01 8.746116987277637034e-02 9.046457855263344283e-02 6.495674742051990580e-02 1.072578188244437541e-01 9.284277645774574594e-02 5.721421296389250094e-02 7.239068965833626856e-02 4.598027856234278982e-02 3.697099950961783149e-02 2.839776368991325448e-02 3.615127529915566906e-02 3.515919923026388644e-02 1.531186925089882134e-02 3.667740792973404884e-02 6.072050244324005142e-02 3.276651464604585229e-02 3.093242316262661412e-02 2.485120141314998282e-02 6.395683909448313109e-02 6.652492237354867832e-02 4.277034822969837113e-02 2.600911902062171682e-02 2.928930335934647883e-02 6.958671032123225908e-02 7.632723333141169797e-02 6.124591399313763368e-02 8.268457044807801803e-02 2.731736193864561096e-02 6.501772370497352349e-02 2.611648919021366741e-02 2.159257461118406149e-02 3.934392236278688032e-02 3.434421053480402053e-02 3.817827370223243061e-02 4.892721537216478817e-02 6.283713687112155166e-02 2.784577335623547936e-02 4.827015400095421849e-02 6.847313343297004029e-02 3.934614598343118969e-02 4.281500267755757733e-02 5.202281727871047728e-02 7.894947108480576681e-02 6.983559903756089704e-02 4.597919072147626379e-02 3.456586156383172764e-02 3.870372062131195723e-02 6.414076385999747942e-02 5.038234602423632275e-02 5.520996184562953352e-02 4.879143956625076051e-02 4.377133751050215488e-02 4.998306619030199599e-02 4.224478466363739554e-02 4.103631765927760050e-02 5.860204925131469456e-02 4.083607935049240328e-02 2.607445530925028843e-02 2.294693644947403549e-02 4.774522429413975699e-02 2.127568641647007222e-02 1.635929605557116112e-02 2.673736527289711021e-02 1.921788370721294256e-02 1.306152815536168812e-02 1.601018505297726116e-02 2.502381490880480411e-02 6.092143856866256285e-02 1.463618109141319977e-02 2.255379703831536867e-02 7.123200969616235063e-03 2.035274296074521261e-02 1.514038535313747859e-02 1.478688564514730151e-02 2.636283687433014014e-02 6.182096232053238549e-02 3.649462052506399767e-02 2.508357641358221340e-02 3.386891912300421525e-02 2.394275768671921129e-02 2.019919596032259540e-02 1.674846104087345661e-02 2.392159298621822361e-02 2.038869162124028536e-02 3.388653819565025371e-02 4.837233352149707816e-02
1.394991906020692507e-01 1.000000000000000000e+00 1.457504039916612815e-01 1.103981219733364688e-01 8.979207704604008633e-02 1.261815827672035650e-01 1.593425500884663726e-01 1.319951220228337829e-01 1.812444566762429765e-01 2.054008049206866304e-01 1.597605176173912123e-01 1.682133417238491357e-01 1.652210113246738998e-01 1.431800739741515838e-01 1.764876187681344577e-01 1.697414473127423495e-01 1.623948794503598525e-01 1.882262984744598466e-01 1.851874635908851152e-01 1.483684307455680751e-01 1.343919267788689087e-01 1.561110962689862824e-01 2.107821642810128182e-01 1.779975223210870372e-01 1.992366065441170397e-01 2.099396764930002157e-01 1.886742405446310833e-01 2.185844585651205152e-01 2.133468452501792456e-01 2.110959555095173745e-01 2.003612174996735329e-01 1.959427021445394879e-01 2.044648709349328741e-01 1.985536435743503747e-01 2.178882163757978330e-01 1.708923507551093346e-01 2.013675335313293846e-01 1.894431010993815889e-01 1.874363603408962797e-01 1.840457806849576383e-01 1.830251912345524923e-01 1.672470577364098820e-01 1.524943840466003175e-01 1.736681275771061461e-01 1.815812838446898003e-01 1.790409660869378417e-01 1.815708892193295121e-01 1.838706619926843144e-01 1.970237222449432168e-01 1.829521163293090502e-01 1.824554008248230053e-01 1.440870778272182184e-01 1.722249167518570545e-01 1.911464779140705506e-01 1.926114272830411756e-01 2.021053710839492978e-01 1.784255849257552207e-01 1.702742619381483469e-01 1.892578827417393528e-01 1.758653625839868007e-01 1.642562643235915554e-01 1.739519887280176480e-01 1.636297604234742964e-01 1.736389411959291529e-01 1.600537555333428896e-01 1.752395159279733217e-01 1.767132546550278238e-01 1.789613414913978351e-01 1.913940133743017025e-01 1.665486098789882019e-01 1.649801384517597391e-01 1.842946443300660375e-01 1.739325581715129576e-01 1.833860542383258796e-01 1.854955725086822327e-01 1.838444416768364731e-01 1.888715036669417202e-01 1.997315141204858979e-01 1.913952719513734302e-01 1.922284523434963643e-01 1.908806130273346391e-01 1.866817651096202013e-01 1.837474870790585524e-01 1.944479377147730337e-01 1.820713564979804799e-01 1.861784964596251424e-01 1.817690431941209328e-01 1.864114795496178145e-01 1.766226789556596122e-01 1.911461875723677040e-01 1.774265827408966767e-01 1.753533115482969751e-01 1.758113719749059556e-01 1.773173336646303999e-01 1.805005710640085748e-01 1.811911349363055646e-01 1.772807918724551568e-01 1.755871319455073465e-01 1.771665577126822211e-01 1.810555225851493422e-01 1.690915733202082993e-01 1.739131949011233635e-01 1.718103086956382919e-01 1.695852761244254769e-01 1.673719907226983716e-01 1.777450178534771830e-01 1.863451831581362794e-01 1.831478109312488223e-01 1.872997707527181421e-01 1.805993749806892035e-01 1.823260592283510451e-01 1.753384577845053527e-01 1.779889773715644941e-01 1.733429201173622980e-01 1.721402980055828646e-01 1.774227967550681129e-01
1.746674219888167401e-01 1.457504039916612815e-01 1.000000000000000000e+00 3.749367147872144646e-01 2.065785065353379635e-01 3.148220005118859133e-01 3.742650983383295493e-01 3.290336119916764668e-01 4.069599744795787122e-01 3.430063896935574008e-01 3.829294536737792853e-01 4.022663265476491001e-01 3.628725201280791346e-01 3.335286790653483324e-01 3.959336631825937092e-01 3.882232125243174070e-01 3.975925393082457293e-01 4.183927319916837528e-01 4.109598392674979062e-01 4.156640571439143561e-01 4.028973596204727947e-01 4.076132669793507968e-01 4.348519935064908970e-01 4.077441502108717919e-01 4.045042506864871545e-01 4.542550665617702821e-01 4.271961994722629496e-01 4.345363698548855291e-01 4.371809567749020964e-01 4.188428883468028885e-01 4.346531807052692042e-01 4.407333213741057021e-01 4.139424785467431533e-01 4.438718612238385375e-01 4.205336193937060374e-01 4.163849282748548486e-01 4.163179220368035671e-01 4.093990617872122484e-01 4.067925958399530306e-01 3.928657237606954511e-01 4.092699978269804806e-01 4.007765788283515485e-01 3.923836485991880063e-01 4.094362307384242228e-01 4.211310904313498860e-01 4.050372136431317216e-01 4.043527581924438730e-01 3.984426441326112123e-01 4.153574124046771621e-01 4.137791316454486612e-01 4.118981554718489924e-01 3.777918867237010092e-01 3.876945923970229191e-01 4.081014706613754206e-01 4.171662248653185134e-01 4.171791871706406196e-01 4.112503808911408543e-01 3.928596623151324185e-01 4.146834925014936113e-01 3.928735027379962608e-01 3.955462648148188043e-01 3.943823262206564984e-01 3.939527136907880478e-01 4.024908109350134322e-01 4.052360483922117784e-01 4.048189564230162407e-01 3.989582836720422243e-01 4.108449475255220307e-01 4.226600032103471904e-01 4.053191149177509667e-01 4.107061010233899467e-01 4.126804421694501013e-01 4.229494068031317555e-01 4.135435887407122313e-01 4.106219011865782087e-01 4.101940163589336552e-01 4.048367383529198338e-01 4.178974801231588598e-01 4.133285738463504666e-01 4.211983711274365771e-01 4.166609771366551751e-01 4.166850474070110666e-01 4.159773979791888676e-01 4.074863179024613147e-01 4.115980008524926514e-01 4.225967656150367846e-01 4.102576568899615195e-01 4.033272294104355282e-01 4.001402424206139119e-01 4.100183845994628817e-01 3.992934015503757372e-01 3.972877288729217971e-01 4.063020437540012519e-01 3.984737274343780888e-01 3.926379651586636155e-01 3.910946854766699232e-01 3.924300809880101881e-01 4.092714052856160079e-01 3.970967641873559550e-01 4.047734828583103850e-01 3.898131436448888376e-01 3.944411675495684833e-01 3.938348115884064971e-01 3.924633278782387324e-01 3.997817750097449885e-01 4.033553540482857080e-01 4.021715801963287595e-01 3.966054585724509973e-01 4.009583148087043636e-01 3.974253673155141997e-01 3.962253421374538620e-01 3.906323022577740112e-01 3.945007859599369282e-01 3.930630849584378361e-01 4.041928430834328956e-01 4.043816585589466439e-01
1.204504290688871021e-01 1.103981219733364688e-01 3.749367147872144646e-01 1.000000000000000000e+00 4.048242147183326867e-01 4.389180988450486209e-01 6.035619140935302163e-01 5.524264177433630962e-01 5.716323124509727904e-01 5.227934468575267113e-01 6.035846086465460614e-01 6.532733523678687648e-01 5.568286249224251305e-01 5.520105169435894910e-01 6.266243580441749339e-01 6.077576102563938543e-01 5.817339552416402881e-01 5.229076631672552322e-01 5.837803053394210462e-01 5.891953915147007947e-01 6.366686457661623333e-01 6.365312341058941836e-01 5.865508806688360943e-01 5.134032196909963375e-01 5.508929641553363954e-01 6.242618781619390100e-01 6.203247138400925786e-01 6.245989833427163518e-01 5.870499102767448019e-01 5.950493306159523321e-01 6.205427398760047231e-01 6.136848511085636337e-01 5.922782039912961594e-01 6.017487999826349743e-01 5.914914949720169179e-01 6.209107372325028962e-01 6.048499694868164633e-01 6.130532037878082541e-01 6.205300089130095786e-01 6.199589393297099127e-01 6.223314855148374125e-01 6.324853269763234254e-01 6.325633054130768151e-01 6.389819376182103161e-01 6.384662331129846713e-01 6.174417653463784017e-01 6.075601001138642987e-01 6.004591801294618669e-01 6.127073970295789929e-01 6.305334307078297451e-01 6.248928655805218169e-01 6.423704588843359709e-01 6.246063395954398745e-01 5.973753428357079232e-01 6.026992935585357980e-01 6.067307384512101720e-01 6.252447560692435680e-01 6.144090896550600256e-01 6.045788259470986636e-01 6.085115678806576334e-01 6.243810808027188131e-01 6.026932167576486421e-01 6.169968460346212380e-01 6.187936920745872316e-01 6.221498122767323835e-01 6.233846913801170952e-01 6.048072401061042047e-01 6.120510632645690396e-01 6.123000358533395859e-01 6.391202698091145162e-01 6.352379450997308608e-01 6.135303339321569460e-01 6.128916114139225657e-01 5.970073361317663752e-01 6.141990977869096202e-01 6.158997694666668021e-01 6.148872996376293365e-01 6.014721919647665338e-01 6.113769136545614824e-01 6.066457070310624644e-01 6.038269369989764934e-01 6.089451940958794385e-01 6.254532173997816580e-01 6.063236912551210889e-01 6.132231963720398138e-01 6.115358017996016526e-01 6.106388019621790120e-01 6.177236237524423856e-01 6.114109988462202994e-01 6.244329067788113585e-01 6.243113065243338644e-01 6.185419644980630904e-01 6.224290063765703929e-01 6.150230791493096483e-01 6.022771311418618767e-01 6.022619361916815572e-01 6.227381241230935949e-01 6.271999094794393770e-01 6.156019807424778501e-01 6.179564048226467987e-01 6.231464602084452187e-01 6.179838299908564370e-01 6.197987784545485601e-01 6.208931323191271279e-01 6.266902179168691855e-01 6.244955139814636347e-01 6.110863136812174634e-01 5.987842256999846846e-01 6.042877250734466354e-01 6.112942711707552990e-01 6.129995111655568429e-01 6.060068127845393837e-01 6.107104562488552268e-01 6.140576054276829510e-01 6.138550553872137439e-01 6.212993427785197253e-01
8.150579980327327112e-02 8.979207704604008633e-02 2.065785065353379635e-01 4.048242147183326867e-01 1.000000000000000000e+00 3.884367288932082940e-01 5.121591872895815412e-01 4.851006446265808125e-01 5.005202002020996410e-01 4.504149562726796341e-01 5.053228697130809355e-01 5.381528270186102247e-01 5.069146298660242023e-01 4.649918461191255847e-01 5.462958152596509853e-01 5.241117001225216177e-01 5.003299851482551075e-01 4.432862221255774449e-01 4.926467919037313958e-01 4.697268171396923875e-01 4.785323415249886359e-01 5.007345503592850466e-01 4.762727690710292228e-01 4.214635589759981316e-01 4.760594776005856454e-01 5.350216629797343026e-01 5.180383046168698380e-01 5.008960334674760206e-01 4.800586054775770606e-01 5.034371620037833006e-01 5.336132996357451086e-01 5.163616878073825633e-01 4.870875473284224655e-01 4.953462799545372275e-01 4.990120632099189768e-01 5.239092060085397407e-01 5.095131792910504442e-01 5.353446177090622760e-01 5.395480133083739860e-01 5.146719560578256747e-01 5.383930840859546540e-01 5.513930884459957715e-01 5.403009704260012258e-01 5.516907963483008714e-01 5.424274773565157526e-01 5.451600972304180281e-01 5.361082866822283188e-01 5.316546066803390369e-01 5.371359882130354313e-01 5.350124655494481463e-01 5.406672069470823683e-01 5.389336541248659351e-01 5.404585988239516414e-01 5.364380121914840149e-01 5.353048296450589882e-01 5.358244907284925862e-01 5.326218426550207719e-01 5.427318179262817788e-01 5.279741534598189068e-01 5.443822712819458287e-01 5.510367941026758087e-01 5.378023356910235364e-01 5.363399615471424742e-01 5.419281125125945398e-01 5.468819176972763429e-01 5.456901414968935438e-01 5.372713939141159356e-01 5.345218048405443456e-01 5.381531986681618029e-01 5.495932602566061531e-01 5.399111767421194141e-01 5.364451346756068384e-01 5.198609329503158794e-01 5.237098685445858992e-01 5.419395865973374304e-01 5.369775052207129695e-01 5.337067244091249218e-01 5.213218631302505290e-01 5.366284835073756865e-01 5.318409516308096885e-01 5.326962242371607870e-01 5.400418865741974939e-01 5.343071794653119211e-01 5.328622324083351902e-01 5.349073078967164774e-01 5.302608506387842535e-01 5.316430203573973001e-01 5.447472009757715616e-01 5.381445950389134314e-01 5.458006121292645618e-01 5.361595208866294371e-01 5.442614021417420123e-01 5.461346123973084277e-01 5.424235501139632598e-01 5.375743912282864301e-01 5.381596603688342251e-01 5.483987878699125851e-01 5.488056649803363385e-01 5.445331484265748534e-01 5.480928824691274626e-01 5.455715947181375425e-01 5.454218104811825452e-01 5.452041809853432897e-01 5.482648423447469277e-01 5.474101614782356240e-01 5.458650719495941050e-01 5.421692675122369298e-01 5.389935107070515929e-01 5.406449374836038713e-01 5.437046996343799510e-01 5.380326804276340802e-01 5.429121204054357941e-01 5.438078214593617954e-01 5.436134516617877610e-01 5.439287099807241788e-01 5.456307571727497807e-01
1.031906116779533478e-01 1.261815827672035650e-01 3.148220005118859133e-01 4.389180988450486209e-01 3.884367288932082940e-01 1.000000000000000000e+00 5.649034140075166466e-01 5.090127724539937892e-01 5.637417326876610346e-01 5.340882343060056048e-01 5.713892180765521855e-01 5.942276489943901785e-01 5.454161724907994335e-01 5.424818353514831992e-01 6.028645485925790970e-01 5.882714830008817231e-01 5.636194252459156839e-01 5.263580675639323303e-01 5.715218435105403616e-01 5.373343116736341019e-01 5.627347747471688200e-01 5.955566942334197256e-01 5.726076252193633698e-01 5.101499605503282408e-01 5.525920373408543806e-01 6.089395352275560613e-01 6.016671152347888851e-01 5.937131457789853739e-01 5.879854675032067934e-01 5.734089379230381534e-01 6.131115081823749202e-01 6.115916539942320984e-01 5.735459311095714163e-01 5.829758556416433368e-01 5.719571578499584863e-01 6.040432007212918064e-01 5.866853596526739878e-01 6.132144101601987307e-01 6.077877415660304372e-01 5.990009000098140968e-01 6.109320144230261374e-01 6.162198996615216862e-01 6.015561694959951078e-01 6.188005665297581226e-01 6.188515873951342394e-01 6.136038525794277332e-01 6.100491499492814995e-01 6.075576618676808982e-01 6.085240471067906443e-01 6.047814916866806056e-01 6.108235757833605506e-01 5.949822324332836310e-01 5.966953419403786540e-01 6.033339065487540731e-01 6.065794031396835040e-01 6.118260571948858084e-01 6.053073741673195007e-01 6.066057437563656674e-01 6.091509432141141156e-01 6.047778692548374524e-01 6.050031509834153942e-01 6.037359196716951537e-01 6.069079790260774043e-01 6.057289418739857378e-01 6.054975700871351174e-01 6.070589364464591409e-01 6.065508380472436345e-01 6.125610130203067438e-01 6.149574264057670048e-01 6.143785730415818325e-01 6.163371382696014589e-01 6.150328361965242685e-01 6.025142568621978389e-01 6.037989690710378055e-01 6.136822576129982165e-01 6.101656497805731938e-01 6.158706961330966401e-01 6.121036557925825239e-01 6.172622108900842619e-01 6.125170956585834769e-01 6.066229597400767393e-01 6.135759923763706158e-01 6.187530391997027035e-01 6.042495517930417392e-01 6.061577067411415554e-01 6.085006959265559789e-01 6.122166535618150940e-01 6.129830295314007138e-01 6.104085021403821143e-01 6.174217810647347759e-01 6.110169224605178639e-01 6.118678041872259721e-01 6.134280217362009235e-01 6.145026454290589690e-01 6.037116740375236823e-01 6.068882715471598521e-01 6.019862348930672402e-01 6.068684570104824205e-01 6.048731514635662387e-01 6.089379027321180082e-01 6.122047932193673825e-01 6.067502671909055234e-01 6.064014066052761942e-01 6.109573400689756184e-01 6.128562370773903423e-01 6.083461336320048485e-01 6.064701013286994957e-01 6.060933296307963181e-01 6.090472397147395078e-01 6.092398982558082654e-01 6.069408253609994697e-01 6.064529341448254840e-01 6.092506973998665920e-01 6.078996623880067451e-01 6.101323294773657313e-01 6.120118205296396496e-01
5.580006746853965333e-02 1.593425500884663726e-01 3.742650983383295493e-01 6.035619140935302163e-01 5.121591872895815412e-01 5.649034140075166466e-01 1.000000000000000000e+00 7.411480189598373958e-01 7.294193947477044526e-01 7.068302754697805002e-01 7.558154519838109486e-01 8.087107297119018323e-01 7.316828615681479908e-01 7.205230473087185228e-01 8.497355681076070866e-01 8.022087718905226428e-01 7.664492488160477013e-01 6.784942883490423515e-01 7.503722112748866246e-01 6.787859645453439006e-01 7.398705962372515987e-01 7.889299437082918365e-01 7.420742555001299534e-01 6.633996576385804422e-01 7.296272030796994157e-01 7.891295155225891422e-01 7.862365587599990935e-01 7.811479354154261534e-01 7.451553632967747864e-01 7.687536317147731779e-01 8.133213299053259071e-01 8.017175107557058533e-01 7.695811822590508111e-01 7.833475572149618538e-01 7.640068936502846242e-01 8.088399483171734294e-01 7.965908645202313121e-01 8.198153200477968916e-01 8.263933606973182799e-01 8.102164617493816667e-01 8.169449661535004292e-01 8.329524174338894804e-01 8.163825117972529632e-01 8.345624474607368226e-01 8.311318467959598610e-01 8.304211396473832885e-01 8.137400393807401322e-01 8.131891021835586653e-01 8.102760978632598254e-01 8.066339318360991051e-01 8.207001817154526702e-01 7.901034159286169922e-01 8.105119280660463277e-01 8.070302576568302300e-01 8.053750602170121065e-01 8.099913478829524616e-01 8.074907072450582257e-01 8.187194874016349155e-01 8.078349655345021807e-01 8.162123593178880476e-01 8.190075845152642309e-01 8.097001131714803845e-01 8.161417130435583145e-01 8.213831418725137112e-01 8.155808712672253380e-01 8.177831783661645426e-01 8.155623314795045209e-01 8.181655760548477430e-01 8.195765582837779561e-01 8.258720457352290989e-01 8.262820749991798275e-01 8.200365014401463926e-01 8.090788546434714013e-01 8.025643491209126790e-01 8.190491745922503508e-01 8.174647447486859120e-01 8.259906484757696399e-01 8.038578642346969616e-01 8.200141096334405688e-01 8.098639903202085044e-01 8.130465919834007904e-01 8.186983412486431577e-01 8.301885631601485516e-01 8.172138618553635991e-01 8.181712204140138001e-01 8.185466767347427952e-01 8.202031178536236533e-01 8.313260758520216731e-01 8.243214504010392130e-01 8.256628390307743093e-01 8.319753632604305338e-01 8.281518661552296212e-01 8.279284165034935805e-01 8.289453182796163722e-01 8.184354831923121854e-01 8.181746488471780543e-01 8.184631608518186940e-01 8.159181629269448566e-01 8.227735239459672556e-01 8.272759076546255530e-01 8.286261803144741034e-01 8.226709735774441201e-01 8.172689818642184800e-01 8.258817114853163055e-01 8.222979878319398583e-01 8.185152500752510552e-01 8.192333568126550780e-01 8.155491751645738141e-01 8.176969394275654945e-01 8.227693496498404979e-01 8.211574363356635153e-01 8.184773238816883678e-01 8.210969570791958327e-01 8.221590647388509199e-01 8.196399107035949871e-01 8.187622610659329725e-01
3.771474861673182466e-02 1.319951220228337829e-01 3.290336119916764668e-01 5.524264177433630962e-01 4.851006446265808125e-01 5.090127724539937892e-01 7.411480189598373958e-01 1.000000000000000000e+00 7.084324392135183945e-01 6.738258724715765480e-01 7.323411701103155202e-01 7.879773674450257781e-01 7.208554091361941696e-01 7.024871982319124131e-01 8.014031052780167252e-01 7.974100797405435648e-01 7.397160774512503423e-01 6.625477109733478587e-01 7.178257393560220079e-01 6.486724932942570243e-01 7.214384426970189557e-01 7.516115612941557389e-01 7.140235105376875335e-01 6.419220196435171388e-01 6.989804996780412116e-01 7.587261833334058014e-01 7.629228727137071786e-01 7.156525800211149813e-01 7.120042912383144351e-01 7.310872924743092582e-01 7.857074860989421428e-01 7.755380846496687797e-01 7.312909450665422417e-01 7.544379281973697671e-01 7.279758389479583647e-01 7.892143344420259332e-01 7.571218596316151572e-01 7.907206753373168251e-01 7.966977234828684917e-01 7.680767098262014647e-01 7.951733369515477934e-01 8.019998133988694988e-01 7.937628069314374146e-01 8.051102666242955230e-01 7.971428861593607973e-01 7.925123374360306672e-01 7.973669700015326711e-01 7.924927831487589280e-01 7.983913544760607994e-01 7.791364069952253502e-01 8.018596624796340278e-01 7.668767454997750255e-01 7.903820937134886648e-01 7.936699698565534700e-01 7.932119439935007010e-01 7.892640693551535858e-01 7.965304084921557282e-01 7.973635944806933828e-01 7.985102655594303878e-01 8.005624784434061114e-01 8.080090686528017541e-01 7.999922608561430559e-01 8.034971408856735886e-01 8.029499647873351575e-01 7.941262896028346008e-01 7.997575879742729876e-01 7.947884400962917928e-01 7.981352034652871019e-01 7.980791423228632553e-01 8.025969862304463964e-01 8.014455410528210644e-01 7.957466718002649264e-01 7.862116777859533556e-01 7.795847870892005371e-01 7.989538353007002991e-01 7.959065101382761798e-01 7.924525378293851841e-01 7.832613578075227068e-01 7.954122140528671059e-01 7.938563778149372308e-01 7.920045628700776996e-01 7.978493294048368822e-01 7.998822060378357746e-01 7.934987576386207664e-01 7.951584621150008525e-01 7.968008554477288286e-01 7.946527329236929837e-01 8.035397453941670598e-01 8.021210907024222125e-01 8.000474074290671034e-01 7.964679323870059724e-01 7.997547087903112972e-01 8.030093766473912487e-01 8.022128085439418355e-01 8.004928070387949957e-01 7.981402988651777886e-01 8.040714183613051347e-01 8.017656835759634504e-01 8.063211876806536393e-01 8.041039283035081864e-01 8.050433162622406824e-01 8.087655783648252106e-01 7.984410260865157927e-01 8.060522341830448356e-01 8.025095529622200408e-01 8.073079054679441757e-01 8.042001732828232274e-01 7.960294631732622861e-01 7.999547794137723544e-01 8.044483182060454540e-01 8.051997537677846317e-01 7.998333749186951058e-01 8.050824810303174317e-01 8.053278030713579838e-01 7.988650798895404748e-01 8.021545541778061228e-01
1.410605605384634698e-01 1.812444566762429765e-01 4.069599744795787122e-01 5.716323124509727904e-01 5.005202002020996410e-01 5.637417326876610346e-01 7.294193947477044526e-01 7.084324392135183945e-01 1.000000000000000000e+00 7.707210309888593569e-01 8.145612435458916556e-01 8.475272544957200838e-01 7.717853803308597493e-01 7.665670610095747239e-01 8.555710023855476187e-01 8.381740186286983363e-01 8.332710116873593975e-01 7.547617607104489812e-01 8.170920428942103353e-01 7.066819815078396738e-01 7.817965734503952158e-01 8.281059648918307481e-01 7.980282404695435705e-01 7.229479459837184763e-01 7.991506961790962871e-01 8.588109823160950951e-01 8.505386596251410802e-01 7.996000551301242210e-01 8.242390486499839852e-01 8.128380652822417840e-01 8.810517234032010370e-01 8.561189028085739450e-01 7.969312043386022060e-01 8.253987387784892382e-01 8.112985201377492794e-01 8.489486070850440491e-01 8.416287868791328952e-01 8.571288653850848149e-01 8.656589211949827778e-01 8.174110419554123652e-01 8.747840346585737947e-01 8.656801685927214551e-01 8.306038598437508469e-01 8.773003872702146433e-01 8.690880406741799957e-01 8.682997424999998604e-01 8.817853656613305890e-01 8.860581546819734644e-01 8.837639547427516007e-01 8.659615510527735038e-01 8.689405973257789961e-01 8.392913746219325954e-01 8.728092827438327372e-01 8.913380500394272321e-01 8.898440430493008702e-01 8.833321254176467185e-01 8.864207375504005171e-01 8.787410973666676117e-01 8.759989008048894021e-01 8.857043371769799389e-01 8.751489299088693885e-01 8.843793566878991319e-01 8.812478101682802434e-01 8.823181582636906439e-01 8.893575499791291916e-01 8.933414254787270803e-01 8.841807005024917565e-01 8.807388988618484182e-01 8.827822836120610139e-01 8.699982187980622728e-01 8.819676636617245213e-01 8.853887212796770489e-01 8.582435577552337547e-01 8.712693909233016898e-01 8.864795895336872178e-01 8.824168312141990045e-01 8.748335392833023194e-01 8.794254798421107244e-01 8.823583259464828910e-01 8.846836936346822444e-01 8.815669472801471729e-01 8.880643699763447474e-01 8.724501940087558971e-01 8.759536228245683454e-01 8.681729654486688430e-01 8.753877952254723871e-01 8.792800554237761856e-01 8.733446194523908357e-01 8.789580313804917777e-01 8.771365788181268996e-01 8.637306773042665586e-01 8.758119849360516129e-01 8.807788009097710091e-01 8.784599774409695971e-01 8.795607247637389214e-01 8.822348841098678340e-01 8.638535247271273976e-01 8.829266152743023843e-01 8.731216959269355593e-01 8.738622659426118489e-01 8.662635010261979795e-01 8.771496654345853905e-01 8.803406315807911220e-01 8.795620741724802238e-01 8.820377822684878355e-01 8.815632545018834421e-01 8.865714182375469266e-01 8.852136868924463942e-01 8.856047705427538830e-01 8.830591121435452662e-01 8.764247330090292332e-01 8.841825640452106727e-01 8.838700778807586644e-01 8.823352607494392430e-01 8.874900949169932662e-01 8.922058165183205380e-01
6.921957173996334811e-02 2.054008049206866304e-01 3.430063896935574008e-01 5.227934468575267113e-01 4.504149562726796341e-01 5.340882343060056048e-01 7.068302754697805002e-01 6.738258724715765480e-01 7.707210309888593569e-01 1.000000000000000000e+00 7.733048609741300927e-01 8.088769504458312998e-01 7.432963661631533103e-01 7.323542878482282026e-01 8.270155290368239598e-01 8.052178345152737338e-01 7.734025065051944869e-01 7.167426086732637813e-01 7.666423358180451952e-01 6.355584180598735644e-01 7.188872834746101725e-01 7.817449507767265660e-01 7.517630510717108194e-01 6.764921011946070095e-01 7.605713416161231644e-01 8.172014376390244195e-01 8.170949325695672227e-01 7.770270350519434821e-01 7.883173299401398104e-01 7.809896730331661319e-01 8.431110479194566798e-01 8.217028276233703243e-01 7.764644036380293768e-01 7.886603617864345050e-01 7.762964507685513604e-01 8.047090515032070401e-01 8.128890733392626355e-01 8.320821609898300109e-01 8.380906738450988325e-01 7.997736673993197654e-01 8.435123792625854877e-01 8.350363530788804667e-01 7.970853774584402140e-01 8.404426829485226458e-01 8.367473290496877381e-01 8.405613236195370597e-01 8.534625901370254120e-01 8.564533597447469004e-01 8.461129219620190378e-01 8.228517258844203486e-01 8.384447936105329235e-01 7.856972842325863349e-01 8.312419934984600633e-01 8.518826666455835417e-01 8.496808291284405623e-01 8.541613720363948614e-01 8.334531387387211776e-01 8.451221289934929271e-01 8.438016415040796581e-01 8.495768987077922940e-01 8.356467789507360244e-01 8.439936654193017640e-01 8.407516325562482962e-01 8.465952340150360023e-01 8.369635750959181220e-01 8.429322588169968489e-01 8.506508033556523518e-01 8.462694001759114570e-01 8.477742788100797178e-01 8.286500289966237665e-01 8.409124572682371568e-01 8.518012689349744315e-01 8.191695090526233125e-01 8.366138652709247392e-01 8.545747536344301398e-01 8.532246588483477501e-01 8.509929251937430328e-01 8.480859091713552900e-01 8.512952242884997966e-01 8.530267722308154665e-01 8.522811809578016984e-01 8.545988763432394997e-01 8.421071408099664035e-01 8.493327844421334483e-01 8.399459207059679633e-01 8.428594989513407132e-01 8.480759607164090053e-01 8.504746698961572760e-01 8.508653281093809806e-01 8.460138904939231708e-01 8.423423285883069322e-01 8.500387131666654605e-01 8.491928310082069720e-01 8.507894200415037078e-01 8.541301601160754542e-01 8.548128268035881661e-01 8.345268710741885476e-01 8.419814495363814322e-01 8.455766029007263374e-01 8.488080634422798809e-01 8.385148222828743281e-01 8.460451794996606267e-01 8.466528863137803285e-01 8.485271608313461611e-01 8.439286572934815434e-01 8.420783447813041667e-01 8.553611257033013615e-01 8.568674859580400760e-01 8.558089167043604339e-01 8.528625522699672112e-01 8.480975395695674601e-01 8.515054815696780910e-01 8.511927498265079439e-01 8.505832011562268757e-01 8.508896857153313009e-01 8.504179253573913577e-01
7.338150616943625582e-02 1.597605176173912123e-01 3.829294536737792853e-01 6.035846086465460614e-01 5.053228697130809355e-01 5.713892180765521855e-01 7.558154519838109486e-01 7.323411701103155202e-01 8.145612435458916556e-01 7.733048609741300927e-01 1.000000000000000000e+00 8.763680116326150182e-01 7.851712593489630354e-01 7.907085337916327505e-01 8.772278629414821394e-01 8.579175808132388781e-01 8.284429169503346735e-01 7.588469928741391479e-01 8.187454703312189164e-01 7.149593815223865834e-01 7.822465551891538693e-01 8.433595657417370939e-01 8.076526989467939233e-01 7.181453983838131938e-01 8.031764098310747446e-01 8.632039016367240025e-01 8.758686402004374205e-01 8.330493189848608981e-01 8.274570256909823396e-01 8.408528810881815696e-01 8.951771084409305690e-01 8.723973322400773167e-01 8.376610546721019457e-01 8.399630921120396776e-01 8.386109506362049437e-01 8.679220247979106961e-01 8.689427200122151751e-01 8.839048198236205689e-01 8.910268394989150353e-01 8.641107726097682074e-01 8.980182800171530033e-01 8.963547906669164789e-01 8.691126340961927710e-01 8.995069232710015683e-01 8.974372182149482624e-01 8.920718856873040004e-01 8.965185478617395676e-01 8.968435715840051836e-01 8.877518783369122701e-01 8.693733204085718480e-01 8.863572509121805387e-01 8.494519438920502541e-01 8.877347978943511686e-01 8.901012328186449496e-01 8.879486143064392323e-01 8.939188851126202984e-01 8.742608353928101872e-01 8.964392552697655336e-01 8.845667683546599713e-01 8.946695188178450664e-01 8.901028176143025439e-01 8.876391520288360315e-01 8.882648009292488656e-01 8.898392467441360587e-01 8.901163398151662465e-01 8.892707971075407558e-01 9.006396374239933333e-01 8.986214479863834370e-01 8.980909827955800839e-01 8.919187224012040671e-01 8.994791368088872474e-01 9.017272777556597507e-01 8.749185848400529153e-01 8.850357407264048959e-01 9.046417167999303288e-01 9.029115523265567322e-01 9.003586082542845981e-01 8.936108105653162159e-01 9.013830865504051104e-01 8.999540064635368486e-01 9.011541320727605164e-01 9.047563028474259195e-01 9.000480690980299237e-01 9.007985125602868681e-01 8.935290654834860957e-01 8.950846382914920962e-01 9.022551786776923377e-01 9.005523062319046312e-01 9.023862172808964077e-01 8.969298440585838916e-01 8.985619029558775672e-01 9.021328293551936772e-01 9.054131445771904652e-01 9.040241134145161617e-01 8.997181597981235290e-01 9.004539841458089056e-01 8.880854140266651875e-01 8.885209772760265245e-01 8.983832456616499540e-01 8.995182022203493943e-01 8.981437918848690360e-01 8.970026380483682171e-01 8.986733558518794629e-01 9.020715314487839365e-01 8.998282359369340622e-01 8.896020587912036870e-01 9.000398878769448885e-01 9.002176893076048181e-01 9.013166355460459078e-01 9.018502941293587982e-01 8.973311548203565247e-01 8.989657136991002773e-01 8.990992203628799251e-01 8.999849562040531659e-01 9.006288812657147203e-01 8.987496408291416605e-01
5.538641520673703161e-02 1.682133417238491357e-01 4.022663265476491001e-01 6.532733523678687648e-01 5.381528270186102247e-01 5.942276489943901785e-01 8.087107297119018323e-01 7.879773674450257781e-01 8.475272544957200838e-01 8.088769504458312998e-01 8.763680116326150182e-01 1.000000000000000000e+00 8.300972841253373424e-01 8.309358481336078794e-01 9.236048600467871017e-01 9.110248510112678444e-01 8.585247362799766080e-01 7.655316892736677703e-01 8.445748668223235223e-01 7.447015197294384325e-01 8.323889275581618508e-01 8.884160267866578753e-01 8.160662180549163036e-01 7.263762778882336679e-01 8.183568320416002573e-01 8.923384468505672906e-01 9.051815944964026750e-01 8.595045242178369627e-01 8.447222028914801450e-01 8.742456245961919281e-01 9.203097453355817414e-01 8.988900686717690158e-01 8.639256511768099722e-01 8.614031201170878616e-01 8.637133537640154790e-01 9.011868183834800261e-01 8.911119335964995392e-01 9.152777283956452514e-01 9.273221904878449218e-01 8.966958302876404385e-01 9.379833782122973806e-01 9.375724034266145201e-01 9.142662217614976328e-01 9.443560157518968712e-01 9.359057769691692119e-01 9.301725228019611658e-01 9.358505186451253621e-01 9.371941114670457873e-01 9.263155806866549824e-01 9.117442438151397432e-01 9.254403587970180256e-01 9.047157620050040316e-01 9.333234254533770979e-01 9.285391025008090660e-01 9.246045637018962537e-01 9.262448623422833149e-01 9.210157118508038865e-01 9.394871769206508683e-01 9.208430982417358246e-01 9.409561200707498019e-01 9.374919470585961756e-01 9.337600478871900256e-01 9.352442302768857463e-01 9.352195025576141019e-01 9.336274310485069838e-01 9.376789530613469648e-01 9.386552798523241092e-01 9.334667304529925547e-01 9.295276775608550812e-01 9.378556091389013138e-01 9.427911254475909164e-01 9.371360137198319062e-01 9.061510534571595166e-01 9.146160798565023953e-01 9.415748310679789013e-01 9.409021751708248615e-01 9.355701259031146133e-01 9.234221000660961520e-01 9.343585581400080109e-01 9.327435050078555223e-01 9.310826631902415773e-01 9.394403506420748728e-01 9.337118818863219261e-01 9.331454968730751309e-01 9.262615689500807159e-01 9.260462527685141554e-01 9.334741795742976800e-01 9.372556340006192865e-01 9.403851823551754308e-01 9.325597232157235572e-01 9.368053362066702805e-01 9.427686947795208550e-01 9.439387963366724366e-01 9.431524438166106750e-01 9.406872247834422440e-01 9.406315650706232878e-01 9.314586247845768607e-01 9.334233554751668605e-01 9.396596400227520407e-01 9.373415847260823108e-01 9.405212835341264510e-01 9.404749737856615832e-01 9.430379258980703394e-01 9.463463736770255652e-01 9.442914966381376063e-01 9.357753542895097532e-01 9.399298909026742033e-01 9.375583079338286607e-01 9.380439983879025334e-01 9.424714102762213885e-01 9.363631685268763993e-01 9.423676858395584333e-01 9.415840330433108418e-01 9.426965562502223062e-01 9.408009390526124172e-01 9.433565602791136318e-01
6.414225630669762035e-02 1.652210113246738998e-01 3.628725201280791346e-01 5.568286249224251305e-01 5.069146298660242023e-01 5.454161724907994335e-01 7.316828615681479908e-01 7.208554091361941696e-01 7.717853803308597493e-01 7.432963661631533103e-01 7.851712593489630354e-01 8.300972841253373424e-01 1.000000000000000000e+00 7.511064389688044685e-01 8.486853481319528436e-01 8.327108088502179761e-01 7.949472199183084120e-01 7.239077255277672762e-01 7.725145567974818217e-01 6.814060729894995116e-01 7.480105047996986611e-01 7.925728203899738977e-01 7.582948431435865277e-01 6.779196010501100655e-01 7.537296219211939707e-01 8.231785256148673735e-01 8.232453674098126895e-01 7.774855609801967216e-01 7.719697168720840441e-01 7.892032975977887332e-01 8.456172178925811522e-01 8.301088762373033392e-01 7.874746432499774018e-01 7.977836005204046455e-01 7.906747494728890713e-01 8.253423546114709852e-01 8.129952445191254151e-01 8.404461370503787387e-01 8.449557311230049272e-01 8.089425361885513865e-01 8.552984694253632503e-01 8.558131074848412956e-01 8.367111443360790712e-01 8.629442041065222835e-01 8.490239337939244901e-01 8.529031521476496680e-01 8.601819287067512532e-01 8.604339526648934200e-01 8.518543838954321101e-01 8.285364242143197222e-01 8.510800522588034545e-01 8.117293393008777613e-01 8.469356268926492293e-01 8.635963034351992196e-01 8.581859464275772842e-01 8.562588264184272102e-01 8.480064355029227618e-01 8.635681925567745276e-01 8.557812427891632323e-01 8.644577252332181772e-01 8.642784758213744034e-01 8.630370477197025769e-01 8.595660976840220346e-01 8.560139801025451467e-01 8.579561052418536171e-01 8.606061786024107318e-01 8.618084197633482102e-01 8.556608854387387497e-01 8.565162141897009196e-01 8.507575381500708245e-01 8.570153116722959430e-01 8.581442762218265408e-01 8.304588766686437085e-01 8.398614316962592641e-01 8.620515907879754414e-01 8.609495063093758338e-01 8.556112862885699721e-01 8.462999295080438911e-01 8.557472884903296606e-01 8.583200703475373228e-01 8.538489986535765519e-01 8.617249775235069631e-01 8.515844904949417815e-01 8.569368877344097912e-01 8.524437626222186593e-01 8.528298517266224010e-01 8.550654251424629759e-01 8.603377828963143514e-01 8.598140702582601769e-01 8.576878517829396031e-01 8.528230745141770486e-01 8.610624104696974479e-01 8.619916882100110422e-01 8.616418862058224937e-01 8.621658736919813881e-01 8.638705131442879770e-01 8.500813541590439559e-01 8.519977575150158300e-01 8.602700099735509642e-01 8.602496659187695016e-01 8.594624841149569594e-01 8.616732318907621702e-01 8.589717341393925398e-01 8.650166984714489082e-01 8.603461419265892030e-01 8.596439944892696472e-01 8.616955111433448611e-01 8.637497460586585074e-01 8.654688223940657510e-01 8.633830278518632717e-01 8.602671943655623155e-01 8.647895993539774784e-01 8.658143538918647852e-01 8.637326602695306610e-01 8.630205177000428440e-01 8.638263751061807660e-01
