1.000000000000000000e+00 1.505297024377400816e-01 1.340258686080455786e-01 -1.439625494942477733e-02 2.586953194663399805e-02 2.755755237066493876e-02 2.112494707712929756e-02 5.972852903739706704e-02 1.643745204262116455e-01 6.938585603117866651e-02 2.681515845329916770e-02 -2.407184075692481856e-02 9.799350779372844114e-03 -2.077815291653632018e-02 -4.279805506242327813e-03 1.038308591245683775e-02 9.106292469336559059e-02 1.838634563554548407e-01 1.433535646915525819e-01 3.042156463862505378e-02 9.245149621111463378e-02 1.363704827310007472e-01 2.127130913670398360e-01 1.877505601417253922e-01 1.765689732827034619e-01 1.786698322461886812e-01 1.047829594781712476e-01 1.468666608789711281e-01 1.943157440291333193e-01 1.961284512336096963e-01 1.497776333618028588e-01 8.672428598431092261e-02 1.341364052336858903e-01 8.632364862498355385e-02 1.523874444305900744e-01 5.444218115664001961e-02 1.054982134512979369e-01 6.389206106035832944e-02 7.302513904475647910e-02 3.437716735482400365e-02 5.490996290040400796e-02 1.886940422280899976e-02 1.974210267465751484e-02 3.927660499488419554e-02 5.140618501038157762e-02 3.991609248479947164e-02 1.807118147706521932e-02 3.746454945805337278e-02 1.877075983200546597e-02 6.750559220758334082e-03 3.870442687548754368e-02 -5.458927987508176843e-02 1.508566108126841061e-02 5.965863664357379942e-02 5.627039121883054690e-02 7.024732429188386418e-02 2.183054555987142681e-02 1.461053898512651959e-02 2.275658016591797922e-02 4.718397072738781534e-02 2.457012675851516503e-02 3.810377764942562279e-02 3.881332309275178916e-02 3.852206950318978057e-02 4.929953005838012825e-02 3.722459352804338706e-02 2.956745717163299439e-02 4.785081932979799724e-02 6.410962524262180107e-02 2.158004358788413735e-03 4.233697522565472299e-02 5.487153662938959453e-02 6.818684630465751684e-02 7.183427937799910512e-02 5.766839460830611164e-02 4.386481704114781471e-02 5.042969227427326895e-02 9.104223743116665601e-02 7.006176256104293398e-02 9.394711019759706405e-02 8.407900442595805934e-02 6.187044128935476062e-02 4.936371846125855306e-02 8.686136316691193959e-02 2.435166321846491191e-02 3.492526418956295314e-02 4.816888334255014364e-02 2.473085208739664309e-02 3.491961392954027327e-02 4.542824790202169838e-02 3.401006948522954793e-02 9.104093578328980793e-03 1.783350083325254201e-02 1.703998000129701429e-02 4.435603023145389887e-03 1.509462351102776670e-02 -2.607772289736079701e-03 1.250989046205745053e-02 1.169529887201686651e-02 1.606023264672273160e-02 3.239022915214453090e-03 6.689344049991732821e-03 5.635021399586313947e-04 1.394055130921860539e-03 -3.648229071068697597e-03 7.923846548859320854e-03 1.493746202461204708e-02 2.537151440936149735e-02 2.415293132652480620e-02 1.103355175602467771e-02 -1.753565739011596391e-03 2.119964067307014699e-02 9.726305835809585798e-03 2.314258710857093268e-02 2.232301094289226157e-02 6.773359150230332144e-03
1.505297024377400816e-01 1.000000000000000000e+00 8.250524746487718220e-02 5.664882638681027066e-02 7.114137123429026266e-02 4.137053377919781838e-02 1.185487317079344238e-01 9.936616365054549982e-02 2.097671082890423533e-01 1.711810114001351690e-01 1.409429602499719381e-01 9.735460508075496899e-02 1.184169463624736435e-01 1.010675419450788315e-01 1.296298404478413990e-01 1.171400190751768766e-01 1.787116546311384446e-01 2.003076161555907286e-01 1.626095523934452669e-01 6.010511393238788386e-02 1.203640373777091627e-01 1.543398804851973394e-01 2.210581060112245255e-01 1.959377019577328016e-01 1.705733547775132308e-01 1.927028697552966852e-01 1.719662377466883441e-01 1.772974620020051628e-01 2.015813208181022331e-01 2.291983745956204799e-01 2.007035847765296366e-01 1.577289058749393180e-01 1.676479401018851345e-01 1.592304598101306756e-01 2.059830623872433153e-01 1.388410857276576316e-01 1.859855604813766827e-01 1.310178231383393455e-01 1.466739913082194535e-01 1.174558295129487645e-01 1.496571063209822527e-01 1.314857485279999905e-01 1.162570243572471906e-01 1.384985285492874862e-01 1.494541328168559058e-01 1.457510865366102304e-01 1.387436724703878799e-01 1.503686660079315285e-01 1.354306195613441399e-01 9.758533823631815318e-02 1.224307669492106510e-01 6.732817649916356118e-02 1.300240477524985949e-01 1.678619132867053831e-01 1.692276777970146417e-01 1.575853684307690350e-01 1.370632669090458000e-01 1.367150963289142374e-01 1.379449542585041710e-01 1.547924710280571547e-01 1.363790345475828225e-01 1.566973912795178447e-01 1.503709014316781667e-01 1.327881527338539702e-01 1.442589522799362645e-01 1.463417356444687845e-01 1.524630311350414769e-01 1.545580834557977457e-01 1.658624876164553341e-01 1.193969704102079005e-01 1.437476851610839379e-01 1.530410745171599252e-01 1.711115511295430436e-01 1.620278736685160370e-01 1.517124436020203804e-01 1.488749235012445937e-01 1.543824282225813860e-01 1.707641789727629145e-01 1.599053502561098572e-01 1.782725783948389542e-01 1.736143339043033085e-01 1.655790640873248398e-01 1.535731384444710135e-01 1.783998783376879727e-01 1.332579218680681465e-01 1.466865948757133664e-01 1.545480326129660409e-01 1.349425526648811435e-01 1.475850667721617104e-01 1.578006500379405819e-01 1.443271961515568136e-01 1.312234608709550998e-01 1.354959832079291882e-01 1.407553186459490069e-01 1.343032649047632421e-01 1.416179534862837264e-01 1.037769687718011064e-01 1.164777421304838828e-01 1.241570199533420793e-01 1.207672715289762888e-01 1.222475981494411251e-01 1.265012350749992465e-01 1.213866382655820197e-01 1.235859505954835791e-01 1.203112627248591610e-01 1.330987428481775203e-01 1.353107043874076376e-01 1.453671178349217885e-01 1.472582326551513388e-01 1.323451715677952389e-01 1.344384489328449284e-01 1.409078939737810898e-01 1.414161682167940637e-01 1.305033311944812646e-01 1.413294785312913804e-01 1.310872772375458184e-01
1.340258686080455786e-01 8.250524746487718220e-02 1.000000000000000000e+00 3.733784701407378837e-01 2.267104602675038272e-01 2.582011757024605392e-01 3.842741634382041416e-01 3.912005354933737467e-01 4.115218393670314057e-01 3.278271492674090792e-01 3.972011090005280742e-01 4.082337379039180925e-01 3.618245969858714384e-01 3.701238865216993634e-01 4.118148342316824140e-01 4.082200993844740111e-01 3.786265570482935106e-01 4.586927253367997226e-01 4.507227397441451178e-01 3.848075830335960790e-01 4.384406467834433552e-01 4.645116079867274150e-01 4.464640715618458655e-01 4.507597466416363718e-01 4.387136850734555948e-01 4.630375078542819933e-01 4.398715619915282149e-01 4.334847004275257376e-01 4.442709758738567771e-01 4.287460694497733926e-01 4.355209738708076261e-01 4.531008856139351337e-01 4.384297566000157076e-01 4.500738626474622972e-01 4.281564935772751435e-01 4.404445235181934093e-01 4.352333987610882970e-01 4.479672639803396472e-01 4.480318738707322890e-01 4.387494406630738641e-01 4.298253667683541446e-01 4.280423354493000931e-01 4.381595608817871468e-01 4.405121537082558603e-01 4.477432913792676050e-01 4.230190734972235078e-01 4.071418005074994295e-01 4.171413406679189695e-01 4.129882154726794985e-01 4.187683389068971862e-01 4.333445885015502208e-01 4.166281181853500049e-01 4.199105614198064829e-01 4.159706548193707332e-01 4.253582927509313993e-01 4.404518830173886901e-01 4.048837225005366136e-01 4.117139906763980783e-01 4.178417861756640317e-01 4.115354892147066179e-01 4.192696862185909534e-01 4.115059351343105520e-01 4.132006653813337649e-01 4.086693669001804086e-01 4.159289635844021227e-01 4.117403383618121748e-01 4.086826084735359355e-01 4.397041980002343586e-01 4.494284011371503240e-01 4.350793218490091041e-01 4.486661062607593675e-01 4.367369653647099059e-01 4.547660219070184806e-01 4.435451143441047073e-01 4.293036898455499517e-01 4.261577299208235692e-01 4.230231388063219744e-01 4.381501609833113320e-01 4.468093104148603278e-01 4.321963563402729247e-01 4.409708162777185581e-01 4.199444970748413830e-01 4.368977735437465926e-01 4.361133279592296907e-01 4.355583239093118730e-01 4.391121468228461056e-01 4.375429188729330066e-01 4.317204880261195643e-01 4.277713420158942847e-01 4.310087176830303957e-01 4.283228965253740861e-01 4.119259532382461009e-01 4.231124743136361332e-01 4.130995125464982376e-01 4.016642704327475499e-01 4.026783117367478404e-01 4.249126255607773572e-01 4.111258034736982592e-01 4.156382157846775782e-01 4.239517185401828758e-01 4.201045010711665917e-01 4.160523433470085242e-01 4.096311450150176281e-01 4.107450464890853858e-01 4.185626703594141351e-01 4.106883030820087654e-01 4.078939447397192941e-01 4.080285747077005420e-01 4.203050960624282739e-01 4.043206727887969643e-01 4.075249847405927328e-01 4.072445096378345397e-01 4.057866251016173376e-01 4.134799131292276053e-01 4.087772554232145805e-01 3.971096778687714379e-01
-1.439625494942477733e-02 5.664882638681027066e-02 3.733784701407378837e-01 1.000000000000000000e+00 4.102114727884924039e-01 4.029791148926703537e-01 5.990656622595493808e-01 5.926879809498609708e-01 5.094377712441781059e-01 4.000096747630046412e-01 5.560525144477926895e-01 6.605106892676263497e-01 5.552125101532630058e-01 5.064669279702938010e-01 6.276053812115599539e-01 6.139497860642051386e-01 5.175755085282429668e-01 4.588336898906858474e-01 4.846510356471820380e-01 5.800932324581803412e-01 5.558474633536006904e-01 5.010867298111209012e-01 4.059912893050891536e-01 4.176284068029213481e-01 4.085928090684362024e-01 5.208602923241224536e-01 5.369208998257832821e-01 4.934798545900547229e-01 4.374687766895469787e-01 4.172096906348325418e-01 4.921135587195993866e-01 5.693966368772611641e-01 4.745971162670944432e-01 5.471986329885824007e-01 4.652448182120439979e-01 5.593190474245571808e-01 5.033760589372500149e-01 5.800615234027720613e-01 5.666262098285044235e-01 5.770708359051178737e-01 5.864261573832838526e-01 5.935924512787393859e-01 6.061584111618967263e-01 6.058357950588291185e-01 5.951558473600807586e-01 5.669917419723002894e-01 6.041734898750186211e-01 5.904348471688922739e-01 6.053248296582534049e-01 6.073429393452749459e-01 6.030994130166938971e-01 6.404083387159241747e-01 6.106241480242423636e-01 5.833323305800330871e-01 5.877694253144853942e-01 5.680511507070550303e-01 6.083096813725318297e-01 5.927159362311489321e-01 6.011468976360704319e-01 5.996485776954310065e-01 6.137519911776945225e-01 5.906914703236404440e-01 5.913354388686922203e-01 5.990904457208604539e-01 6.077280947239698250e-01 6.103372167681653249e-01 5.847178290182930560e-01 5.858649646027201952e-01 5.863396859613528855e-01 6.561392543693899126e-01 6.071720185662482505e-01 5.759498047824647138e-01 5.739033179822610187e-01 5.578506992123425379e-01 5.824608037583136610e-01 5.826042376692180946e-01 5.733324088014301045e-01 5.516057427618847875e-01 5.766511129354024989e-01 5.464978460311206154e-01 5.587466104072419393e-01 5.633474389615547029e-01 5.954823452950681606e-01 5.548512905210558621e-01 6.157588051731470724e-01 6.044354082432574771e-01 5.829145158029588325e-01 6.101825460723058203e-01 5.877353873649353577e-01 5.861086424698175312e-01 5.896516880817812556e-01 5.986464993539564183e-01 6.009617496483662391e-01 5.866429283309280152e-01 5.957273286945240498e-01 5.914611336180639611e-01 6.257425478177573996e-01 6.240890326304894264e-01 6.155015267518424427e-01 6.208633847833384678e-01 6.089743734607133696e-01 6.166023074250683855e-01 6.124477725979676768e-01 6.124799228902380044e-01 6.220120328747138494e-01 6.165642041252732408e-01 6.047609318325798400e-01 5.859741010690170393e-01 5.941085377737609363e-01 6.021529859010863461e-01 6.066646911632719297e-01 6.037734191454992017e-01 5.988486196874746037e-01 6.031033539637122853e-01 5.977283461485507488e-01 6.095903035137232306e-01
2.586953194663399805e-02 7.114137123429026266e-02 2.267104602675038272e-01 4.102114727884924039e-01 1.000000000000000000e+00 3.061311344659632394e-01 4.957012846254595928e-01 4.827900605153747637e-01 4.278549045608326939e-01 3.711383987577893673e-01 4.569906131245809466e-01 5.175433678642902269e-01 4.804728682056049749e-01 3.819691334396779769e-01 4.918321245466862335e-01 4.853368944002041108e-01 4.143855261048529082e-01 3.500555607321005347e-01 3.453720416636563706e-01 4.424299992051453634e-01 3.943711378422175007e-01 3.500770212241813839e-01 3.255908814509327898e-01 2.983828446886570562e-01 2.831956228235191775e-01 4.379417794654708040e-01 4.351298845526352377e-01 3.971613207552940894e-01 3.695279748680148635e-01 3.564294139850565646e-01 4.273779006301412497e-01 4.388139201067869921e-01 3.697967302133015055e-01 4.035821080179136100e-01 3.872470933445474883e-01 4.223449820379365227e-01 4.112619335612685001e-01 4.546926461217808968e-01 4.446936440795904999e-01 4.378718894569928466e-01 4.802276831347485619e-01 4.720665986380506163e-01 4.754299746598477650e-01 4.798963240316045376e-01 4.678116774490994056e-01 4.517925418389728831e-01 4.853445803981490947e-01 4.732622172577762854e-01 4.801298853890582641e-01 4.588632750386972270e-01 4.801789517926643991e-01 4.705341732042483960e-01 4.825543302075773200e-01 4.840723651290435026e-01 4.802366057577215352e-01 4.470590159951899900e-01 4.865573369201710574e-01 4.866685980075032836e-01 4.834351948967444690e-01 5.014334433339852071e-01 5.026708063889963052e-01 4.848376279388154630e-01 4.796132424339336064e-01 4.759430147745909445e-01 4.908413463039254521e-01 4.976095258407126076e-01 4.659395356089223728e-01 4.546915807414713129e-01 4.593595196174007911e-01 5.093830557491101363e-01 4.549765679075931102e-01 4.469317081469207364e-01 4.387814067623383996e-01 4.243203086413878666e-01 4.687946720563535563e-01 4.672775201939750045e-01 4.628268214928582536e-01 4.517338204973056492e-01 4.574958275965395060e-01 4.469428496397584993e-01 4.476287856319006719e-01 4.610359917711780442e-01 4.625504477362625821e-01 4.458538858117527814e-01 4.725153204100421833e-01 4.593685701482439487e-01 4.601297793462828523e-01 4.718591520955713881e-01 4.628718249727243883e-01 4.634624323346275832e-01 4.587160759531075382e-01 4.756530341669757966e-01 4.750430592679891761e-01 4.642200253283607081e-01 4.782945722114354536e-01 4.769763942810667512e-01 4.823688486786255059e-01 4.896977735540424814e-01 4.929457209816811569e-01 4.838135210555690180e-01 4.771544533545892253e-01 4.828693453882116349e-01 4.876261915142767189e-01 4.860616526618926070e-01 4.788531993824864941e-01 4.920827480451443470e-01 4.828961395634677745e-01 4.715076995910020830e-01 4.755453436249757471e-01 4.899096648834891377e-01 4.804438430226418699e-01 4.936966514742541778e-01 4.788133097073070665e-01 4.762741522277544326e-01 4.752558768811532275e-01 4.888714998742554885e-01
2.755755237066493876e-02 4.137053377919781838e-02 2.582011757024605392e-01 4.029791148926703537e-01 3.061311344659632394e-01 1.000000000000000000e+00 4.947733198330276361e-01 4.910713578132628876e-01 4.917077020799241471e-01 4.140384800315565217e-01 5.386317144335356355e-01 5.444098117098578049e-01 4.880128052159785623e-01 4.769462816892515167e-01 5.591365923240322333e-01 5.388176168218047346e-01 5.085134538851021624e-01 4.882398174975724481e-01 5.002601538716806573e-01 4.097090914624647029e-01 4.899296984507465758e-01 5.242249802096876632e-01 4.776563821745448135e-01 4.724586392521459288e-01 4.649494343752796355e-01 5.279517535712880960e-01 5.528222964960323171e-01 5.296412968526035270e-01 5.160509755559254952e-01 5.104118461632518589e-01 5.425211674195080658e-01 5.658378460749300398e-01 5.150054821366526481e-01 5.492948604073145669e-01 5.186750937374262627e-01 5.500732623711440672e-01 5.424147987168321805e-01 5.614252398867259908e-01 5.683614496896997048e-01 5.586258578877385528e-01 5.658236311175650624e-01 5.719712316241171157e-01 5.811800660126142937e-01 5.816061536328709369e-01 5.760665486839982030e-01 5.690067481951424089e-01 5.715372647280364538e-01 5.667676498694848020e-01 5.727108539550234134e-01 5.528620861234901929e-01 5.732619270678166457e-01 5.375684270259717401e-01 5.616957184765414279e-01 5.633718080979227549e-01 5.669910783749131378e-01 5.723619339094880853e-01 5.500483100119909485e-01 5.635138343618931733e-01 5.709422454164033711e-01 5.596273660763487756e-01 5.715783484871299613e-01 5.611428949960552970e-01 5.560370041541879971e-01 5.559409667238137676e-01 5.630240089998147512e-01 5.562586854403381853e-01 5.642316024709309596e-01 5.752057717926603031e-01 5.784063971797873682e-01 5.710104297245566229e-01 5.754286354884200483e-01 5.746271075393354355e-01 5.712105153880305819e-01 5.646814725323334727e-01 5.696402375558855535e-01 5.738585242383338336e-01 5.734487712857654351e-01 5.723397011606440321e-01 5.762653646690534259e-01 5.642408075694890224e-01 5.733977636482504581e-01 5.647795161779857187e-01 5.756173897443082055e-01 5.654041200512739396e-01 5.758297229513994475e-01 5.762522460649066591e-01 5.806453353898155534e-01 5.806397244814647252e-01 5.741098516155721532e-01 5.726596708556056514e-01 5.771303357438479775e-01 5.723911574767873711e-01 5.764516932321362974e-01 5.756101138144227303e-01 5.679632861200277771e-01 5.668752470281034350e-01 5.730830487901832360e-01 5.611877883543420209e-01 5.745994062043051631e-01 5.785998757848863638e-01 5.780343490453833111e-01 5.711336624051273070e-01 5.660781550501439163e-01 5.736545989597398032e-01 5.721531238560190191e-01 5.588222946748135911e-01 5.681507475223401826e-01 5.652854059840903833e-01 5.676079580736536068e-01 5.674668202453759802e-01 5.687761143241609751e-01 5.638309643312877650e-01 5.632437612726992615e-01 5.662613527208815167e-01 5.663363991556320531e-01 5.622019175092716203e-01
2.112494707712929756e-02 1.185487317079344238e-01 3.842741634382041416e-01 5.990656622595493808e-01 4.957012846254595928e-01 4.947733198330276361e-01 1.000000000000000000e+00 7.112717061123582374e-01 6.593139630879942814e-01 5.768428536996597078e-01 7.359269900822364985e-01 7.896442238863751184e-01 7.185760437256685229e-01 6.512719990230930733e-01 8.377167332404563682e-01 7.942823658346165328e-01 6.878897258601309739e-01 5.774861839858301815e-01 6.024426415800413492e-01 5.865076477734544325e-01 5.944400172575423635e-01 6.126803145978346743e-01 5.761701278000954662e-01 5.200740428132628601e-01 5.177222577976627882e-01 7.373559369013892306e-01 7.395454403828364276e-01 7.407891530372775479e-01 6.710962552452326424e-01 6.324455220679361389e-01 7.247823622953400990e-01 7.523988641870679173e-01 7.066233717003471693e-01 7.013835645791726137e-01 6.693699530669516840e-01 7.337398331257457551e-01 7.091376025881839240e-01 7.942675107492606079e-01 7.766402766922619882e-01 7.897865391862071149e-01 7.912326390440824753e-01 8.108524110817775243e-01 7.944988382732950383e-01 8.001567511380153208e-01 7.860171560837609928e-01 7.999575102317589836e-01 7.859381128478670764e-01 7.805384324195692169e-01 7.890633060755958272e-01 7.625935113725934578e-01 7.913931788218455665e-01 7.658775273951466955e-01 7.806985127411429914e-01 7.733029684644974200e-01 7.745154667170478513e-01 7.755500140608827531e-01 7.658023048292097457e-01 7.829639969203010530e-01 7.853425290956912441e-01 7.780613537675774571e-01 7.906891299780468563e-01 7.693281495851269636e-01 7.690851741152910925e-01 7.748412263393429367e-01 7.777142308936169091e-01 7.736951184449741836e-01 7.743687661261452471e-01 7.615753212821043672e-01 7.636870903183667902e-01 7.821061804079079138e-01 7.548913502348482130e-01 7.579956848629392230e-01 7.315053435396348114e-01 7.244629060538224641e-01 7.861780721849787046e-01 7.852010408445574408e-01 7.976225695704043384e-01 7.691255832326486797e-01 7.809711985244126575e-01 7.462886088424637299e-01 7.616241899246076752e-01 7.721770645298300373e-01 7.802942073252016053e-01 7.603595506119442682e-01 7.888888882631198696e-01 7.725418536181453133e-01 7.768653019211934074e-01 8.011382854890307659e-01 7.894792634295673128e-01 7.828914099877922750e-01 8.008721681090121836e-01 7.981486444887699871e-01 7.898998521926485772e-01 7.953878844564130635e-01 7.851033230421854414e-01 7.796294532817462652e-01 7.955120233877543967e-01 7.801896005230568587e-01 7.972108103341533081e-01 7.998637513054893677e-01 7.988397383074824498e-01 7.956203550472036312e-01 7.875875903145254098e-01 7.939107613599711843e-01 7.906910827730487812e-01 7.873347965905596046e-01 7.850361953267190884e-01 7.800353051471108357e-01 7.866825538756897496e-01 7.899261247305385814e-01 7.924146121532402720e-01 7.873376748298610561e-01 7.825359075001777631e-01 7.841305301551864115e-01 7.774893148331223358e-01 7.788638583710359997e-01
5.972852903739706704e-02 9.936616365054549982e-02 3.912005354933737467e-01 5.926879809498609708e-01 4.827900605153747637e-01 4.910713578132628876e-01 7.112717061123582374e-01 1.000000000000000000e+00 6.385348247290526524e-01 5.416482970943067299e-01 7.014658304912722020e-01 7.615168790701585255e-01 6.707284402071945761e-01 6.005982871430299852e-01 7.624659018344751571e-01 7.794604193692517002e-01 6.683519972732888670e-01 6.174874413343134361e-01 6.307499047233926515e-01 5.866523615202160480e-01 6.466719923115542557e-01 6.452202686908993234e-01 5.973840641956784658e-01 5.760332801941817626e-01 5.487581120173703475e-01 6.976412178959184862e-01 7.028022128329957097e-01 6.691305407733250110e-01 6.197410368020763727e-01 6.145920161361695389e-01 6.819170958316578268e-01 7.489087041262145750e-01 6.701929488865508988e-01 7.109701391081933997e-01 6.602316326003188074e-01 7.294342688309184419e-01 6.845409241674255130e-01 7.668917402738871791e-01 7.490063846725172336e-01 7.514314724570190229e-01 7.455929502299000200e-01 7.595186617288592901e-01 7.727806269876837941e-01 7.655725359395014751e-01 7.580907878166379676e-01 7.344665633384750425e-01 7.521385376032244663e-01 7.372577388054073477e-01 7.516834935891351099e-01 7.576156930686844815e-01 7.761663410067516367e-01 7.476961735295593048e-01 7.515534816572847499e-01 7.379800042198032539e-01 7.525259173456301243e-01 7.381470881371686721e-01 7.521643002433640035e-01 7.548201048541678393e-01 7.687362610958914377e-01 7.442849154386008692e-01 7.649730616585673770e-01 7.462371352830888815e-01 7.454820220999585079e-01 7.451648440119148509e-01 7.487691686426086735e-01 7.474966525332891187e-01 7.333086422327431686e-01 7.365745674670732823e-01 7.460444737059120923e-01 7.541618126172912051e-01 7.358075115030918711e-01 7.296001541360053189e-01 7.274436941143165303e-01 7.045486631096797847e-01 7.385617322013071639e-01 7.359265710588278608e-01 7.344269128999417751e-01 7.185391719092928398e-01 7.356833971615531764e-01 7.177403344975453736e-01 7.280171595290580999e-01 7.236599331636854870e-01 7.547041993836863805e-01 7.297099695595868907e-01 7.662257614343004342e-01 7.516716754006140810e-01 7.466112924745635926e-01 7.681169487594521339e-01 7.485599583859905426e-01 7.452668813229101907e-01 7.513414456733920055e-01 7.475336142287209995e-01 7.488469630726333204e-01 7.430443517319501590e-01 7.406224429947567689e-01 7.362400009032669113e-01 7.728150058639009501e-01 7.581374916999554792e-01 7.656240514071477321e-01 7.721244204276468404e-01 7.598261447460353812e-01 7.651401307762740744e-01 7.468056127847737535e-01 7.563997641924677939e-01 7.574880305268759662e-01 7.588771140043977237e-01 7.489923531560943593e-01 7.339100697785306826e-01 7.476122055771052821e-01 7.535358547409941599e-01 7.620923596846718162e-01 7.460478009744294647e-01 7.479374472534905394e-01 7.461940144283285559e-01 7.391428235592610863e-01 7.409906641099881508e-01
1.643745204262116455e-01 2.097671082890423533e-01 4.115218393670314057e-01 5.094377712441781059e-01 4.278549045608326939e-01 4.917077020799241471e-01 6.593139630879942814e-01 6.385348247290526524e-01 1.000000000000000000e+00 6.915604884633838045e-01 7.788536339353661075e-01 7.782407911070453599e-01 7.373060711486093544e-01 7.025722477906382046e-01 8.049205778485757357e-01 7.897693788780351110e-01 7.672908013759665025e-01 6.862153292087401768e-01 7.132847025779935901e-01 5.237040327235197301e-01 6.296693578448958606e-01 7.322513855091922208e-01 7.265100037543037459e-01 6.785603832162896420e-01 6.844669340925347845e-01 8.257668485029027172e-01 8.251258357432271762e-01 7.736668505331606438e-01 7.600016178997556215e-01 8.103942335803555608e-01 8.438842250680487211e-01 8.098893691041850751e-01 7.368029400310227572e-01 7.697654787916395902e-01 7.880891194964168012e-01 7.601872173179662351e-01 8.009760085081886194e-01 8.020202172329089496e-01 8.148402728824326591e-01 7.549172583661669655e-01 8.468411573690451943e-01 8.150859822892655426e-01 7.879901238567511568e-01 8.409550979762742129e-01 8.391194811903892603e-01 8.222431027541224902e-01 8.502823911149927083e-01 8.619825030519678855e-01 8.509376640730951236e-01 7.701680630269482908e-01 8.133470735886828562e-01 7.249524649083943784e-01 8.336075585365830820e-01 8.655868482007169629e-01 8.546254322485462573e-01 8.541606917685402589e-01 8.165090941343938757e-01 8.390342934539740671e-01 8.347555498486443071e-01 8.577976656840969882e-01 8.436327051657296350e-01 8.455141487751128837e-01 8.401687246327772529e-01 8.436041020857736328e-01 8.516908148771710207e-01 8.473669182823947432e-01 8.561701077051607767e-01 8.539262067856379090e-01 8.596921978583108581e-01 8.188654928978839065e-01 8.340185934754545949e-01 8.577627438449119124e-01 8.381787400360000140e-01 8.378998430307822431e-01 8.632351512663429816e-01 8.603991494777366578e-01 8.506668612110410699e-01 8.561759866880033210e-01 8.600509250276240358e-01 8.720346422159229727e-01 8.670915956860190121e-01 8.676117285237414656e-01 8.516159289236454599e-01 8.640301025833371229e-01 8.273606468606917730e-01 8.415040428236184589e-01 8.480575484727868041e-01 8.425290835340795148e-01 8.527076260418963161e-01 8.553858636599779297e-01 8.368705118790258357e-01 8.446122266002570322e-01 8.506540706547309760e-01 8.475502433228804255e-01 8.499675147875157544e-01 8.552828428527516902e-01 8.199743161890690191e-01 8.290410554607856586e-01 8.458603697379358799e-01 8.381904610286419199e-01 8.326095900769610036e-01 8.405273139095205126e-01 8.433419089434457394e-01 8.428987178466067487e-01 8.331821149348619393e-01 8.374947975374437137e-01 8.534103612675457695e-01 8.583674696248534408e-01 8.569753975637606214e-01 8.508618232851493657e-01 8.394814856437109452e-01 8.558247003067813719e-01 8.487194238575673788e-01 8.528381029153212500e-01 8.531041490110931047e-01 8.450290560806077433e-01
6.938585603117866651e-02 1.711810114001351690e-01 3.278271492674090792e-01 4.000096747630046412e-01 3.711383987577893673e-01 4.140384800315565217e-01 5.768428536996597078e-01 5.416482970943067299e-01 6.915604884633838045e-01 1.000000000000000000e+00 6.976236337782216745e-01 6.832014500757421782e-01 6.517491757941240582e-01 6.110219441138622365e-01 7.050782115077683931e-01 6.809681189691743075e-01 6.725534126964769488e-01 5.872049397083726197e-01 6.168030018116916757e-01 4.173845489413399168e-01 5.218999531991654894e-01 6.305932107473111170e-01 6.386358376745174814e-01 5.816562044985170710e-01 6.022178515248103325e-01 7.211282673215375638e-01 7.379034687400288783e-01 6.805010672193620991e-01 6.672136297210998768e-01 7.130127643328860731e-01 7.492293407471065647e-01 7.051552034323345097e-01 6.602011541077678070e-01 6.797879959033599206e-01 7.045447816658938489e-01 6.734694443328701485e-01 7.157216489811539795e-01 6.978483781740408842e-01 7.214039507458133160e-01 6.742456872899958986e-01 7.460184699785262774e-01 7.226262245932982831e-01 7.013283879832636902e-01 7.380125714248552127e-01 7.414154639434014094e-01 7.330451152903122436e-01 7.443025956638706919e-01 7.586243081604923111e-01 7.399877401364465257e-01 6.628770264009912205e-01 7.053826872961211913e-01 6.405951070903513900e-01 7.242997964739171790e-01 7.560521293049708991e-01 7.472609758811723513e-01 7.453327028051145442e-01 7.001950783628393404e-01 7.423029620337565637e-01 7.247062863770781238e-01 7.441205981981680040e-01 7.334153548688893132e-01 7.351373415698561065e-01 7.268129596495777056e-01 7.268910672165148634e-01 7.379435553140027970e-01 7.301662170263031326e-01 7.539732167570203369e-01 7.476276227934711693e-01 7.511751925983595202e-01 7.021966955988502290e-01 7.284901272572820163e-01 7.514348300618076681e-01 7.345854994890438361e-01 7.398090021526280147e-01 7.585823413876480181e-01 7.564482318118055382e-01 7.519336873100483931e-01 7.531382191650928259e-01 7.557622841984926731e-01 7.650412585855729253e-01 7.615189726805130510e-01 7.664743669926330494e-01 7.480660370916245583e-01 7.603794479024761355e-01 7.306896438085439538e-01 7.378105441050575308e-01 7.494546731994439215e-01 7.404851010214775764e-01 7.536847491100345797e-01 7.528495499237983779e-01 7.427631623953682150e-01 7.462621022833670903e-01 7.495004673368855785e-01 7.498748527699647948e-01 7.498681079109790204e-01 7.536944154838547405e-01 7.174126608652598991e-01 7.143618314790581847e-01 7.404672567351733292e-01 7.332820539322425502e-01 7.362322459669156105e-01 7.364897957323793820e-01 7.394023510466097848e-01 7.414043814113093767e-01 7.307872464212740171e-01 7.331415362397691871e-01 7.461321040598166698e-01 7.554474218982911715e-01 7.548074866749699963e-01 7.460676815281254148e-01 7.422150700019796155e-01 7.502660473483790948e-01 7.479873163900042643e-01 7.454776005225305369e-01 7.485407536092577585e-01 7.385909364138611988e-01
2.681515845329916770e-02 1.409429602499719381e-01 3.972011090005280742e-01 5.560525144477926895e-01 4.569906131245809466e-01 5.386317144335356355e-01 7.359269900822364985e-01 7.014658304912722020e-01 7.788536339353661075e-01 6.976236337782216745e-01 1.000000000000000000e+00 8.578098503516002893e-01 7.881014995663062628e-01 7.424670868130081036e-01 8.755375681405858090e-01 8.512928818288114652e-01 8.073064451468007219e-01 6.978542052064059531e-01 7.379429964956781829e-01 5.605505473689075258e-01 6.863740458478608808e-01 7.573215897915640538e-01 7.191586816855566333e-01 6.769390085443151017e-01 6.874415599133500976e-01 8.300982873601163714e-01 8.553678153268801099e-01 7.896435309297313854e-01 7.457014367144940703e-01 7.832061261888415560e-01 8.581983527639455156e-01 8.619162788472982673e-01 7.770942856258917786e-01 8.259829851600530848e-01 8.017779925041474964e-01 8.363044843210594159e-01 8.338580979558611883e-01 8.643252691005026689e-01 8.730379539482190365e-01 8.367125313109184948e-01 8.977851395211164931e-01 8.836042643800287033e-01 8.709974222267972133e-01 8.984834430410340023e-01 8.938797756939182992e-01 8.803455987869939214e-01 9.033809931562906126e-01 9.042313322032405898e-01 9.008993871107356943e-01 8.535940987269394764e-01 8.814761546353827582e-01 8.364465926846995636e-01 8.893225163454887561e-01 8.963166199184300353e-01 8.895416001273470652e-01 8.904069641325176310e-01 8.615202473622171064e-01 8.990587193858883275e-01 8.855837772312927791e-01 8.944956184799915944e-01 8.972641244226010615e-01 8.836656268264581060e-01 8.783171071665041296e-01 8.858131105014315221e-01 8.925516263122641458e-01 8.844570612068073379e-01 9.037523593496031848e-01 8.993230860740698551e-01 8.973250741987205403e-01 8.756187539957749344e-01 8.880014693089256506e-01 8.995661706543982561e-01 8.770927284259206758e-01 8.771621862263894176e-01 9.024299578017490608e-01 9.030554822892734590e-01 8.942454828826510438e-01 8.806145202751238799e-01 8.967705520407405206e-01 8.908860531837555774e-01 8.942235598272805230e-01 9.009235131730174428e-01 9.031646807907525165e-01 8.925217146248505262e-01 8.972198949528354950e-01 8.970175369646030683e-01 9.005834537619732405e-01 9.043015665607312403e-01 9.054372315985792508e-01 9.039669632006696043e-01 8.975252340811964435e-01 9.035234792987698604e-01 9.061645905476447549e-01 9.042362453776093822e-01 9.065839008199154669e-01 9.060274828363632516e-01 8.897596834266047194e-01 8.826024104903014145e-01 9.039535881848960175e-01 9.017968618492926414e-01 8.999016367388563697e-01 8.995966273476169173e-01 9.019713618169781233e-01 9.038797987086137908e-01 9.021027819679262594e-01 8.902622594862347194e-01 9.040113387138922763e-01 9.051877396005726384e-01 9.060391153627198602e-01 9.054423811144579615e-01 9.024005281574922765e-01 9.035808900293534895e-01 8.999896421893134324e-01 9.025743793455734965e-01 9.050061958733234269e-01 8.966254493042427054e-01
-2.407184075692481856e-02 9.735460508075496899e-02 4.082337379039180925e-01 6.605106892676263497e-01 5.175433678642902269e-01 5.444098117098578049e-01 7.896442238863751184e-01 7.615168790701585255e-01 7.782407911070453599e-01 6.832014500757421782e-01 8.578098503516002893e-01 1.000000000000000000e+00 8.251902797274468515e-01 7.584524971106668678e-01 9.075593129230191680e-01 8.977166798522305813e-01 7.920494371093278474e-01 6.612031777123292819e-01 7.051961149498314763e-01 6.523065656104650722e-01 7.057162853513507805e-01 7.256166734907631977e-01 6.565973122447714694e-01 6.161173005544187120e-01 6.264351331958536440e-01 8.020717388555946847e-01 8.393988377702810144e-01 7.675900323565373329e-01 7.034483634301944566e-01 7.236409790920828033e-01 8.213647156519053860e-01 8.518014355903809065e-01 7.460179712249469519e-01 8.061409301101376546e-01 7.613519918948429277e-01 8.340836034169643032e-01 8.086886274607204550e-01 8.712598333589146593e-01 8.647916762791828527e-01 8.444581260213313012e-01 9.022396126341974965e-01 8.973032586908744612e-01 8.919617632929621731e-01 9.144742500235534255e-01 9.017521472072363986e-01 8.855280825495852604e-01 9.261454508565782895e-01 9.187269221960872034e-01 9.222016088310696080e-01 8.796157857789718149e-01 9.008853946416278680e-01 8.824523731000748494e-01 9.214822193606195810e-01 9.106487569190484521e-01 9.052809287908086811e-01 8.859508775823158322e-01 9.073741870564018264e-01 9.212966949061264232e-01 9.155140539935934241e-01 9.213912627226628071e-01 9.289041151510813998e-01 9.134087935029315819e-01 9.072431238803163600e-01 9.122608753224684675e-01 9.176971930427235691e-01 9.218381414875727042e-01 9.138091096613001341e-01 9.017621259843043857e-01 8.975971780853235771e-01 9.247413665967597618e-01 8.976400182056261112e-01 8.971638884128303459e-01 8.684246031183309178e-01 8.639732873560767024e-01 9.068951918014199753e-01 9.083823881867351124e-01 8.965489850974038832e-01 8.745266192076699419e-01 8.937500655561051444e-01 8.802171874377422434e-01 8.838657703304073632e-01 8.996338294246908340e-01 9.099033416176334210e-01 8.838782002937647375e-01 9.148122004607919244e-01 9.051095984320465249e-01 9.015790490925441603e-01 9.191021449766648699e-01 9.125640938255088486e-01 9.066767630695445890e-01 9.039523213335117768e-01 9.218296245433712510e-01 9.209364873487657643e-01 9.149569213224658659e-01 9.274973934569681333e-01 9.240394713138583294e-01 9.231850219490597143e-01 9.255881545829262036e-01 9.332664195239100957e-01 9.277917813644603884e-01 9.210500303732739313e-01 9.306748345342651385e-01 9.315373567851062964e-01 9.300027892156493836e-01 9.294226058490206999e-01 9.285971222364847177e-01 9.287227814391955105e-01 9.187228302052384832e-01 9.207925816812186914e-01 9.298923041418910573e-01 9.275439583914378838e-01 9.291138167605490494e-01 9.252393185634216755e-01 9.253851397064379869e-01 9.208781986782432760e-01 9.309146783633698297e-01
9.799350779372844114e-03 1.184169463624736435e-01 3.618245969858714384e-01 5.552125101532630058e-01 4.804728682056049749e-01 4.880128052159785623e-01 7.185760437256685229e-01 6.707284402071945761e-01 7.373060711486093544e-01 6.517491757941240582e-01 7.881014995663062628e-01 8.251902797274468515e-01 1.000000000000000000e+00 7.105114587071166277e-01 8.421245805083591440e-01 8.239834091925170023e-01 7.287815354894331410e-01 5.920082666428369000e-01 6.373565870671352718e-01 5.594419570646631534e-01 5.984707799664430450e-01 6.542146122588653467e-01 6.118847679449898047e-01 5.595161585269091686e-01 5.745985871822094637e-01 7.629710132334730499e-01 7.825556771374457821e-01 7.304304467156517156e-01 6.737131855436400141e-01 6.996156952987444555e-01 7.770632448137756443e-01 7.784219487884820321e-01 6.897242226737699822e-01 7.280737522804274775e-01 7.208565670023346916e-01 7.407947699271993924e-01 7.564855294913248596e-01 7.903466620755900118e-01 7.942138522619557328e-01 7.620644620981358308e-01 8.371168390444255758e-01 8.302882938327523776e-01 8.047985955260910096e-01 8.392115423757637860e-01 8.259213157114795312e-01 8.250254763655293644e-01 8.530181144584573216e-01 8.514330880746869834e-01 8.481448632087111861e-01 7.810163714691249481e-01 8.108711444060041629e-01 7.785348287645360577e-01 8.427977945336173615e-01 8.461041332376525448e-01 8.316830618789783358e-01 8.221444544834636270e-01 8.137264310347533947e-01 8.488350679582381542e-01 8.280121917021370237e-01 8.542067515791889054e-01 8.477290967891940587e-01 8.360425634268751072e-01 8.243803166703294050e-01 8.316794384142869312e-01 8.438030894793567827e-01 8.427400903375231733e-01 8.479322590219510181e-01 8.322089705134837478e-01 8.297030482522085304e-01 8.369004220265855443e-01 8.205873256454541131e-01 8.307383789314468636e-01 8.009115678584897147e-01 8.007382595793275382e-01 8.499092934022696166e-01 8.452010730741588151e-01 8.405364641851831298e-01 8.202474575319067540e-01 8.364184896447798279e-01 8.245485837758893544e-01 8.275936939815459192e-01 8.445748311557684795e-01 8.345995792379284905e-01 8.260232887271812263e-01 8.320750445199874834e-01 8.305814940643186928e-01 8.312341840771274581e-01 8.445660872926469276e-01 8.458750036399755867e-01 8.411697873699612860e-01 8.351557023553031200e-01 8.533982593645613735e-01 8.500681925986111054e-01 8.509002794483028209e-01 8.579482770376711809e-01 8.562148319512457029e-01 8.377074633840586593e-01 8.422262084298661744e-01 8.563895824802617573e-01 8.475970597303660314e-01 8.454272444751069759e-01 8.513870944918487949e-01 8.556010396340850699e-01 8.577486223350754280e-01 8.478127482101789347e-01 8.497601854717952152e-01 8.569632136518301468e-01 8.540760504940505538e-01 8.532973407941855104e-01 8.596680514803368700e-01 8.504531398019541388e-01 8.606542549435008960e-01 8.531814423413652815e-01 8.549331332933454153e-01 8.512040726815132130e-01 8.572063541145432675e-01
