1.000000000000000000e+00 7.767281278798614241e-02 5.074025507586645001e-02 5.025520618595329808e-04 5.645204237345360226e-02 -2.159120227572082149e-02 -9.081428056359688514e-03 1.786621480126916392e-02 9.219347750438290634e-02 4.888195464309134236e-02 1.091529207384520951e-02 1.155634368192642696e-02 3.773182095102939337e-02 4.402205026882774833e-03 -5.005974575311035631e-03 3.438815992938823191e-03 5.527802455417214766e-02 -6.014161833248740478e-03 -1.224404794260759884e-02 2.424013174316537803e-02 2.562813125490366953e-02 -2.431063769912363698e-03 7.553811318066357659e-03 -1.386679240362774339e-02 -1.382993712881596185e-02 3.399437731037190796e-02 1.263243124086469056e-02 -8.498305432230089662e-03 2.084832932876302947e-02 2.628304391833256523e-02 2.612909332070855947e-02 1.735968981829665372e-02 -7.178140060399334360e-03 1.384942190946623908e-02 1.940571753318235185e-02 6.612928158476328103e-03 8.292322131266098226e-03 -3.445511461168679259e-03 -2.607749269421544562e-04 -3.727168966751711471e-02 -2.309081250695526558e-03 -1.575896350106359423e-02 -1.386715936598558602e-02 -7.042097407343420046e-03 -5.616632501227918420e-03 -8.388197709891551807e-03 1.389797508953095027e-02 1.602913273189048374e-02 3.407414095911001639e-02 2.462593404269687591e-02 2.475571354321733086e-02 5.637522807064894795e-03 1.393593748259754940e-02 2.067101454453520309e-02 -1.015376322306907851e-03 -1.593767914617467540e-03 3.514237402114996078e-02 -5.925951748052655892e-03 4.181915084306839746e-03 3.609435128246289010e-02 2.660747460947235007e-02 2.426826041618504806e-02 1.339572895244550699e-02 5.850612771873636014e-02 5.045690914454222659e-02 3.996034353776820036e-02 2.021473218908927810e-02 -2.485204554744105659e-03 6.209026077046746889e-03 8.246788046056219290e-03 -8.262871350671282568e-04 1.477838248882375628e-03 -4.671402180506599097e-03 -6.932953172270430939e-03 1.124392881585519095e-02 5.406448096930060662e-03 -1.427221119080441906e-03 1.585177427710366196e-02 -8.182675249588322597e-03 2.070433603225569144e-02 1.802806767640401445e-02 9.788503327666744913e-03 3.304519453301335563e-02 1.278745549961325494e-02 9.246126546239404748e-03 4.669392673647670272e-03 4.699329956292084068e-03 -3.883342487144859738e-03 2.771688136664789202e-04 1.844028541230648350e-03 -1.245385946555437919e-02 -8.156035167610282272e-03 -8.208845362732685239e-03 -5.646326693912760708e-03 4.605399917485136947e-03 6.766846721420873532e-03 -1.178481227145500299e-02 3.079914749534583968e-02 7.854220489484680517e-03 7.132669335841715884e-03 -1.334242259632758762e-02 4.416555492709020245e-03 1.104742719345280962e-02 -1.358083748378188359e-03 6.948333354109253318e-03 1.354605476189786259e-02 1.923707624345866521e-02 5.545224526015789593e-03 -2.613350036596992325e-03 4.836619592827303207e-03 -9.267791329367228853e-03 1.990464743853079602e-02 3.350213901258042911e-03 2.928606578434019003e-02 2.656382045109866377e-02 1.625476582478525139e-02
7.767281278798614241e-02 1.000000000000000000e+00 9.551498408029307496e-02 1.102328724947980870e-01 9.955081502790673331e-02 8.050250008711958005e-02 1.491681601624375020e-01 1.233772552843669795e-01 1.713649199516427968e-01 1.727005439774116358e-01 1.607822286278430268e-01 1.586074477982729880e-01 1.505029078722790459e-01 1.044373140864815891e-01 1.602633705670953590e-01 1.544044513426987286e-01 1.609975008700141041e-01 1.676170375301542226e-01 1.525179139080392043e-01 1.360163789055053030e-01 1.644562600360979510e-01 1.586619321208384836e-01 1.622694716975722484e-01 1.648862098764373452e-01 1.686250134498718245e-01 1.776190876866479973e-01 1.778419237447965429e-01 1.697642670225449901e-01 1.745650417812975586e-01 1.853412108909929801e-01 1.785034057318526657e-01 1.779989804326986835e-01 1.661522799158122177e-01 1.668023745174020411e-01 1.638881314478021212e-01 1.640873651358912833e-01 1.605723484444323834e-01 1.567557319641388613e-01 1.556152239120398295e-01 1.432518385457539623e-01 1.735299163280200341e-01 1.544480022690972176e-01 1.510177220313854429e-01 1.610457434156542800e-01 1.624002480295850259e-01 1.492583984095010585e-01 1.709678513023897561e-01 1.765981476133232919e-01 1.724948096945268794e-01 1.594767340822230428e-01 1.644439975294570422e-01 1.579477443105528900e-01 1.593642722704713410e-01 1.721892373140260224e-01 1.674224199438714700e-01 1.643617593070521854e-01 1.707670844125109277e-01 1.591077046677042417e-01 1.653478024550769920e-01 1.731571031347224621e-01 1.664725025996980357e-01 1.665454421236903237e-01 1.651894217199341153e-01 1.727226883229784626e-01 1.760720535664051234e-01 1.717863012603940143e-01 1.710084752624231319e-01 1.692938956408355233e-01 1.722733420796459525e-01 1.729194968740037919e-01 1.697760015550306978e-01 1.702865880923584707e-01 1.692978228476207936e-01 1.642440750193440713e-01 1.740457521985499800e-01 1.687907393521026755e-01 1.688909031090658763e-01 1.773301532027482807e-01 1.665431431669052442e-01 1.779668236465745956e-01 1.743962537709528582e-01 1.705925146591883712e-01 1.779956847535733577e-01 1.690339713441563751e-01 1.631283287195768872e-01 1.672339782857140134e-01 1.696904602301369247e-01 1.644879583280273172e-01 1.647575666095767166e-01 1.673903629897554313e-01 1.634114017644947292e-01 1.645114018942182843e-01 1.663851271729174519e-01 1.631426584593901608e-01 1.674842334988314307e-01 1.700699567264618572e-01 1.541154107702172871e-01 1.659221447987322684e-01 1.667655311635083404e-01 1.681264830015485046e-01 1.602617586839267805e-01 1.636775332837873409e-01 1.678297915629103632e-01 1.645144663840972798e-01 1.641649752323680878e-01 1.671836641338720342e-01 1.732346088200312773e-01 1.688533187138714642e-01 1.660801726071859108e-01 1.693433081929027195e-01 1.662631238010199852e-01 1.685693223982843436e-01 1.674782990153772799e-01 1.702907523610428242e-01 1.741977516946018878e-01 1.704999100013645519e-01
5.074025507586645001e-02 9.551498408029307496e-02 1.000000000000000000e+00 3.240860818753332206e-01 1.922055379617557402e-01 2.229320476526613914e-01 3.384105004787876791e-01 3.076976388759618541e-01 3.601013826905188342e-01 3.280612926036846067e-01 3.750355126032982045e-01 3.855342401535711283e-01 3.609964181671487249e-01 2.831275969359078326e-01 3.830903586507791725e-01 3.846238403547891926e-01 3.612877471437190291e-01 3.584688792502663257e-01 3.776448803092790074e-01 3.367677895974161562e-01 3.801252557224393258e-01 3.840352115873227334e-01 3.930423277048086805e-01 3.956558189752397703e-01 3.900320444199819603e-01 3.936137628606343752e-01 3.803352369631115004e-01 3.914795875487222521e-01 3.870281941066137654e-01 3.933158464649105790e-01 3.977484989998155140e-01 4.018798575944426688e-01 3.847847251372352728e-01 4.097810882289877332e-01 3.740902666288719591e-01 3.919957007451266850e-01 3.993110954176363747e-01 3.939309476842846047e-01 3.962608359114652701e-01 3.915980089702794653e-01 3.901454556222455072e-01 3.907044109053918191e-01 3.852115654337788242e-01 3.928708967543986241e-01 4.027194203956031004e-01 3.771171923682432037e-01 3.946360324024940636e-01 3.890721720315076237e-01 3.932721304796015782e-01 4.003639061703572755e-01 4.027703280370527605e-01 3.823363382605325378e-01 3.879969369231834331e-01 3.812534219986285500e-01 3.820869459647028843e-01 3.965066735977773038e-01 3.877538461025649696e-01 3.881082035676148845e-01 3.840860534130413062e-01 3.860060766606682181e-01 3.900671801941617556e-01 3.728976230945013626e-01 3.793650735535485374e-01 3.922993429921168840e-01 3.926862790189325492e-01 3.864204915498047344e-01 3.950216159194607779e-01 3.958208873269345451e-01 3.992158394097493623e-01 3.875149442354718365e-01 3.972343853768467437e-01 3.969633506131122758e-01 3.961461946658405564e-01 3.977645674359426842e-01 3.975243125297025504e-01 3.923024235664217541e-01 3.961075926460215224e-01 3.924247325846730305e-01 3.967216565930707373e-01 3.923273246944319892e-01 3.951762834984822170e-01 4.011168694276468494e-01 3.980481115637308775e-01 3.901841760174284968e-01 3.998646858552104000e-01 4.001841211686242294e-01 4.042026601945319930e-01 4.007986839160385673e-01 3.964700655674980867e-01 3.994478616090472167e-01 3.950660051008206275e-01 3.937491573194766281e-01 3.974294250108340587e-01 3.923092431723501639e-01 3.934843110416906264e-01 3.936166984983935357e-01 4.002919615233358486e-01 3.886493862688621959e-01 3.939209204295144318e-01 3.988910627032923317e-01 3.968508447895224278e-01 3.952804215524401976e-01 3.884258090382741169e-01 3.957139496116306998e-01 3.949723169382629573e-01 3.888040559071520574e-01 3.930656813212553558e-01 3.942710795755679509e-01 3.934748345819650828e-01 3.908689248101953617e-01 3.949185613124489014e-01 3.907134324282887650e-01 3.870150492988585489e-01 3.961193427568551195e-01 3.941353548317297339e-01 3.885889505189483173e-01
5.025520618595329808e-04 1.102328724947980870e-01 3.240860818753332206e-01 1.000000000000000000e+00 3.569101843553248998e-01 4.012495908549639778e-01 5.577357548104540097e-01 5.594616620131495077e-01 5.774598594218087744e-01 5.519835033424065340e-01 5.976057693624196032e-01 6.245958489956537907e-01 5.991310469212631773e-01 4.859577371372867938e-01 6.360516710889151382e-01 6.329953040152326293e-01 5.790406226592030858e-01 5.835118508303488438e-01 5.976489443806271007e-01 5.815999061733565512e-01 6.146122551732084993e-01 6.253879181353824146e-01 5.962500930036562785e-01 6.094595373990475684e-01 6.158851051574194546e-01 6.253588854854887913e-01 6.209276565581201002e-01 6.233988782563709696e-01 6.064748323554340903e-01 6.268214880422604551e-01 6.366386486188876370e-01 6.379418759891398727e-01 6.072978416129994894e-01 6.385518736003620299e-01 6.094901278161175551e-01 6.298031193687043672e-01 6.285134751746456194e-01 6.384552891774939454e-01 6.423068930917765762e-01 6.311820285142530906e-01 6.399534537748112761e-01 6.421712868721854983e-01 6.406123003084400747e-01 6.471389194466058425e-01 6.422867848826616655e-01 6.448462976194683227e-01 6.417730986357440548e-01 6.443736775750735779e-01 6.327550936994317254e-01 6.285876896596580554e-01 6.352857604345931719e-01 6.298718799434276372e-01 6.375522249957602527e-01 6.432320189571222313e-01 6.409110946604497094e-01 6.421887950425136937e-01 6.376339071490243482e-01 6.467244912096669074e-01 6.419631867467253672e-01 6.472151130399459440e-01 6.414354306116485382e-01 6.431853884406130151e-01 6.365735616589625057e-01 6.382789542115144821e-01 6.409923005592830236e-01 6.403094134410539651e-01 6.432493291636570687e-01 6.421562600623411665e-01 6.432516103631056303e-01 6.476120830369864745e-01 6.479044852894808582e-01 6.452044357759120219e-01 6.378070966636559813e-01 6.403757563371613726e-01 6.446797851562139359e-01 6.456184527598908263e-01 6.408482882557767768e-01 6.404274169231243263e-01 6.435101785124054397e-01 6.429271112731029802e-01 6.414993647858074910e-01 6.440265886911041848e-01 6.481412825611555517e-01 6.436066876935451209e-01 6.443234187610679120e-01 6.485963546297813798e-01 6.491603826747225359e-01 6.488745704773647427e-01 6.462059199922409736e-01 6.506828417097992867e-01 6.440859492143871101e-01 6.448672589402415500e-01 6.458770911179175789e-01 6.483687811355822728e-01 6.462057828603982035e-01 6.466683460533284578e-01 6.388312226494241575e-01 6.327302155311025356e-01 6.450191150976022358e-01 6.433427436768478502e-01 6.479202734177187395e-01 6.417518771300313452e-01 6.461056744987511147e-01 6.475842114526226823e-01 6.450559599854062132e-01 6.443192530126087281e-01 6.418734447666152310e-01 6.472640829579007216e-01 6.474405018762717789e-01 6.468280954346802281e-01 6.466730977377834755e-01 6.483715567509641398e-01 6.497412186426353431e-01 6.465981561537178512e-01 6.459225077573234053e-01 6.455477904895547958e-01
5.645204237345360226e-02 9.955081502790673331e-02 1.922055379617557402e-01 3.569101843553248998e-01 1.000000000000000000e+00 3.453674363301771910e-01 4.744609495013111244e-01 4.825736358255957592e-01 4.804513680417257238e-01 4.435153377625297155e-01 4.989711786786841796e-01 5.212706304061967000e-01 5.124179746034266403e-01 3.995375824220186445e-01 5.268800717381303400e-01 5.344238963928169550e-01 4.774648478070453450e-01 4.785092319833546548e-01 4.878233468638861203e-01 4.748773564139611159e-01 4.943107204200465343e-01 5.090694279280174595e-01 4.893469599057171937e-01 4.937430913122771159e-01 5.127574096652427471e-01 5.177893174530695530e-01 5.124894996014301984e-01 5.197305652449049074e-01 5.063556594407611078e-01 5.268433806015017096e-01 5.302147190285176892e-01 5.164407790466484238e-01 5.065383314513067781e-01 5.110568120991860752e-01 5.058263517172403301e-01 5.074711499447515095e-01 5.219830439632414665e-01 5.252597327441940189e-01 5.254267329517275931e-01 5.129461145137071965e-01 5.271306440679943695e-01 5.313789225666796234e-01 5.300931826878796382e-01 5.396944300266569572e-01 5.274043908387632262e-01 5.331168163995724241e-01 5.316230148460248106e-01 5.371017656975530796e-01 5.312500049469920382e-01 5.188862310339041883e-01 5.233850470477157124e-01 5.245349495245067439e-01 5.252381672813295488e-01 5.333917857813830210e-01 5.335034478886885312e-01 5.378408222921419179e-01 5.359872638254536970e-01 5.348937565044413756e-01 5.315377061320539775e-01 5.443481184603810030e-01 5.378134200876286686e-01 5.388126621974697050e-01 5.308174206990629029e-01 5.332828973531993366e-01 5.323663879696670653e-01 5.364825867627095457e-01 5.352045637474202033e-01 5.305500102745882574e-01 5.334271943026350771e-01 5.360224033459687343e-01 5.334485596630049731e-01 5.300406148159614306e-01 5.248906009448182086e-01 5.295834592015727926e-01 5.367158963145829409e-01 5.354810898983489720e-01 5.323799736115299996e-01 5.307151403740248963e-01 5.241572944491016406e-01 5.344717433322888622e-01 5.322267815445269612e-01 5.337499997263395191e-01 5.345881294690327801e-01 5.350423725325428315e-01 5.328401089158762982e-01 5.299913115901074834e-01 5.316333970750398707e-01 5.350991852509382474e-01 5.358155072479540149e-01 5.339660222500938191e-01 5.272713930636734325e-01 5.326622104465109642e-01 5.351081635084768973e-01 5.362828322325844388e-01 5.360345274185519537e-01 5.348127483010137739e-01 5.232281660466019391e-01 5.271157448332925988e-01 5.336328089636297456e-01 5.311754212776449435e-01 5.357488481340330067e-01 5.321537057269616344e-01 5.365333429909009411e-01 5.386416718454196673e-01 5.356825740084094623e-01 5.333666596866220022e-01 5.318079747600766849e-01 5.364959910629749640e-01 5.357966757156680249e-01 5.388149098780850021e-01 5.338381875676923016e-01 5.406061183689185867e-01 5.364152076080483944e-01 5.370945801794289043e-01 5.352292912128867597e-01 5.373886451727165614e-01
-2.159120227572082149e-02 8.050250008711958005e-02 2.229320476526613914e-01 4.012495908549639778e-01 3.453674363301771910e-01 1.000000000000000000e+00 5.229617224317359980e-01 4.780512326816276358e-01 5.113042308981602391e-01 4.769328067919184622e-01 5.353288672343461396e-01 5.661125086391003425e-01 5.075392009987221842e-01 4.452251929164740551e-01 5.651405065401396977e-01 5.706433954280610843e-01 5.028427080102702007e-01 5.285889848533406044e-01 5.397662297426402134e-01 5.093064309616306407e-01 5.363058727409721893e-01 5.645670162389450075e-01 5.574805596243266326e-01 5.561271683427990720e-01 5.687779021503225341e-01 5.645192620116852300e-01 5.729473579891344315e-01 5.718985329350235736e-01 5.598679485988532489e-01 5.697277798661062320e-01 5.807912630543868859e-01 5.716038434438042160e-01 5.559506457030507498e-01 5.771457846680346782e-01 5.558028882573474716e-01 5.553007117920658597e-01 5.701943329329708376e-01 5.761255213646240270e-01 5.707478648930158771e-01 5.765496824687164068e-01 5.854931569516613754e-01 5.858131804327426639e-01 5.812437593200892039e-01 5.889596131186337624e-01 5.843809588213736417e-01 5.873583794050085682e-01 5.812465395091657161e-01 5.778686212295758295e-01 5.653220846069384464e-01 5.617302743605300241e-01 5.688736935565000818e-01 5.652273376521173009e-01 5.865055368474209052e-01 5.701001156061291653e-01 5.768464867524590867e-01 5.809543624867226086e-01 5.656754306136011490e-01 5.780638362624078708e-01 5.787883268066464915e-01 5.795231811360513907e-01 5.770368224358451981e-01 5.762516672493003256e-01 5.671445681504733161e-01 5.585633873080945166e-01 5.715404231498792953e-01 5.738468043245892325e-01 5.784123010689204980e-01 5.837901905697289173e-01 5.847832642360839550e-01 5.870975878334150355e-01 5.834442317538833800e-01 5.855972654450963821e-01 5.800227384740089809e-01 5.834644272465511206e-01 5.826918053115547336e-01 5.843039820445181665e-01 5.860026982166233189e-01 5.804665645998161594e-01 5.810986375569692219e-01 5.839241131899269854e-01 5.849415281117296139e-01 5.854942113806690385e-01 5.760748182595468725e-01 5.802133962079657481e-01 5.834659134238365796e-01 5.887632673912650549e-01 5.852858606871719216e-01 5.852410518732075184e-01 5.832074841500384244e-01 5.837174656552511776e-01 5.870691787000881234e-01 5.879559081965231027e-01 5.884326561348023343e-01 5.907666566424089050e-01 5.837472919586276232e-01 5.818052647659680554e-01 5.756127746795594025e-01 5.695460054805427941e-01 5.787571115574693392e-01 5.834833713446782033e-01 5.895955376285438865e-01 5.750265223243261614e-01 5.823221660697673885e-01 5.849644043515402902e-01 5.843798240867172922e-01 5.747047104100060366e-01 5.761512601457791094e-01 5.803851104165018704e-01 5.832193868452619778e-01 5.835794305877402000e-01 5.815991747810635992e-01 5.806755928557497670e-01 5.818360314489638974e-01 5.752346524749626377e-01 5.762199043115396879e-01 5.790369993031078133e-01
-9.081428056359688514e-03 1.491681601624375020e-01 3.384105004787876791e-01 5.577357548104540097e-01 4.744609495013111244e-01 5.229617224317359980e-01 1.000000000000000000e+00 7.038931847641634043e-01 7.263907975874122069e-01 6.925141997895042367e-01 7.667097564324802939e-01 8.131568540743296936e-01 7.548039010997062981e-01 6.045508827254555406e-01 8.321579417278870405e-01 8.130038695632295642e-01 7.373052838428681977e-01 7.628590427789575523e-01 7.864300858341866096e-01 7.344909374785671963e-01 7.685526108258903255e-01 8.071833112594799520e-01 7.868975863769094303e-01 7.884812128325340286e-01 8.206828262177739974e-01 8.189500460363844381e-01 8.165870633876296525e-01 8.341897697913905896e-01 8.127454780700368309e-01 8.161120920140937374e-01 8.389431295336141625e-01 8.168952858670097683e-01 7.878094002805722251e-01 8.177028100562336865e-01 7.776443318480643629e-01 8.097845541803003755e-01 8.282631709816812293e-01 8.245661710311864567e-01 8.342940670073363263e-01 8.350757375128686766e-01 8.351775620806328737e-01 8.437727052290854290e-01 8.313256897822166591e-01 8.436410125564489659e-01 8.398268790556403518e-01 8.481796562063782519e-01 8.352387753017566085e-01 8.318465792164251305e-01 8.203455300963791164e-01 8.082314442258381471e-01 8.221634245110147621e-01 8.206080679233692665e-01 8.275165723854569499e-01 8.271789650252802106e-01 8.283065177967890991e-01 8.402694836104672715e-01 8.217546194999312270e-01 8.307733191449672150e-01 8.290455776873899563e-01 8.304680744993664376e-01 8.322043699661308969e-01 8.241095906450618402e-01 8.207699108019680390e-01 8.164470792678411026e-01 8.237930573171624582e-01 8.260887367118414648e-01 8.350092298351504683e-01 8.394047989156258049e-01 8.420902690337612739e-01 8.394261825029483148e-01 8.406060841495381908e-01 8.416628615152136339e-01 8.336341953884550682e-01 8.405710540513382512e-01 8.451928742217312829e-01 8.436528867824277800e-01 8.430018749918105625e-01 8.379343566741387361e-01 8.474934923186827618e-01 8.343766501622263965e-01 8.375960195653475715e-01 8.435616273660695441e-01 8.346821041908911720e-01 8.335364113703599420e-01 8.352696963922060513e-01 8.439056083818520237e-01 8.432259668361935523e-01 8.441150091983435910e-01 8.429688697121675567e-01 8.457022377153198267e-01 8.500603523278682516e-01 8.463434041283647291e-01 8.449781299700960258e-01 8.504584582566665496e-01 8.398740165693591164e-01 8.414399575554790678e-01 8.360076888337640844e-01 8.229063498728391712e-01 8.367010362663052092e-01 8.369894982305247089e-01 8.472157160769144824e-01 8.324994146480558799e-01 8.386369273115611422e-01 8.423775160215669633e-01 8.415569272065134276e-01 8.319771576561049153e-01 8.330734022073255085e-01 8.404739659168308785e-01 8.440077544000741394e-01 8.416707607038820260e-01 8.401242847365247846e-01 8.379186648253096337e-01 8.381480941987400346e-01 8.336503040884309934e-01 8.331292008054189679e-01 8.362935757206881870e-01
1.786621480126916392e-02 1.233772552843669795e-01 3.076976388759618541e-01 5.594616620131495077e-01 4.825736358255957592e-01 4.780512326816276358e-01 7.038931847641634043e-01 1.000000000000000000e+00 7.099894969360663888e-01 6.558686266682901556e-01 7.267254290896634217e-01 7.819463502876971006e-01 7.377103813162133594e-01 5.736475210879865561e-01 7.804373687670616011e-01 7.950507612247871281e-01 7.061040222804593203e-01 7.211310479022342568e-01 7.356896451608196941e-01 7.053396896983731290e-01 7.518086757460104019e-01 7.605466626519771234e-01 7.332310135134586515e-01 7.521096937825402229e-01 7.596830704627948183e-01 7.566358488600225529e-01 7.556138242855297005e-01 7.645502961434199607e-01 7.525579499605214995e-01 7.589754996448216939e-01 7.777085210664418380e-01 7.796353704015074326e-01 7.457215078191836710e-01 7.777335664552327277e-01 7.436889816616919502e-01 7.525090783973324982e-01 7.623579924427207333e-01 7.909264832408636758e-01 7.811141951448017373e-01 7.640013916044300357e-01 7.756406282508017114e-01 7.843073636987279995e-01 7.743008933462697252e-01 7.982741764234301263e-01 7.795009487392980940e-01 7.943197149831023873e-01 7.891899740954813058e-01 7.926696117224310001e-01 7.888863453422517713e-01 7.738867558801195701e-01 7.869529498874914264e-01 7.640037521919045282e-01 7.804192832489724729e-01 7.886802971269594176e-01 7.952471146209804109e-01 7.845623362893445751e-01 7.901910414788635428e-01 7.846742227085700128e-01 7.965703451463697071e-01 7.932993392406402222e-01 7.930712817725844577e-01 7.920743545594555179e-01 7.944939562538578803e-01 7.817506060156801384e-01 7.821097377489851787e-01 7.890559651566338983e-01 7.869582165752613268e-01 7.881602249014929562e-01 7.924256053422386037e-01 7.916757590926256638e-01 7.914023390115287881e-01 7.897095563109641780e-01 7.829761747559735863e-01 7.840831400617731539e-01 7.905083930880634213e-01 7.876376289883590953e-01 7.865176085801308670e-01 7.878353476959262247e-01 7.887015396164666070e-01 7.871516991151626952e-01 7.896495926058576531e-01 7.897060860929627779e-01 7.901687484621879864e-01 7.872706862414438067e-01 7.911038621140624727e-01 7.921334537678774712e-01 7.902771959100201027e-01 7.958815789489080972e-01 7.932255126215040919e-01 7.919723571121739525e-01 7.839652211471829224e-01 7.901909749703146524e-01 7.876714317293904699e-01 7.970747379313014580e-01 7.926724283565601548e-01 7.914027191433834485e-01 7.871811157008901105e-01 7.893595428983598561e-01 7.987055750134237631e-01 7.917511135330299599e-01 7.953373095765361445e-01 7.992057087360679990e-01 7.922856097704111811e-01 7.963111152802531123e-01 7.864126270367081117e-01 7.953491156717092947e-01 7.945242094842920322e-01 7.913686729638156336e-01 7.948081768108222755e-01 7.959778942735445950e-01 7.943820698175652062e-01 7.934901708554786826e-01 7.975640561216390534e-01 7.945400976623020473e-01 7.908243842777894494e-01 7.911846757572192912e-01
9.219347750438290634e-02 1.713649199516427968e-01 3.601013826905188342e-01 5.774598594218087744e-01 4.804513680417257238e-01 5.113042308981602391e-01 7.263907975874122069e-01 7.099894969360663888e-01 1.000000000000000000e+00 7.444125015545115520e-01 7.954848572477752899e-01 8.385816454740245840e-01 7.830719994086366986e-01 6.441565440014338506e-01 8.498021778258774139e-01 8.421898338855420274e-01 8.150120084434007151e-01 7.956348869202582996e-01 8.021267249429233637e-01 7.657052330449249933e-01 8.102086894961503249e-01 8.318765909919684232e-01 8.137057364402349169e-01 8.163869553020713932e-01 8.335861222026034190e-01 8.545232643453565258e-01 8.435541321818327276e-01 8.436157492697373694e-01 8.431129337308758132e-01 8.626677461921073986e-01 8.652643887743269868e-01 8.638994776579979051e-01 8.149405843160455465e-01 8.514732101884123772e-01 8.256936484635166718e-01 8.174209004020752678e-01 8.451859057302565370e-01 8.497194705137985915e-01 8.525453133866800481e-01 8.344128881925088059e-01 8.625701692032856638e-01 8.547390497154793154e-01 8.345779474362305939e-01 8.624755443619011031e-01 8.542170318806715512e-01 8.578170878663652354e-01 8.770446447686723879e-01 8.796224697726632291e-01 8.767692372394311207e-01 8.556205612705236607e-01 8.616407350946793109e-01 8.473244130044742528e-01 8.625462676241656412e-01 8.801299391404111550e-01 8.708184179353352095e-01 8.684135710645481954e-01 8.805263357189808682e-01 8.660562645527308812e-01 8.724854220330890975e-01 8.839318035816100538e-01 8.775442623003065767e-01 8.725277851094496162e-01 8.651767800242196049e-01 8.739786008108786364e-01 8.796828551825782716e-01 8.843422982080477723e-01 8.807583678429885543e-01 8.757162119747096130e-01 8.762373459950797416e-01 8.721274626133225238e-01 8.746572300666699551e-01 8.755549939370292911e-01 8.690318048371555859e-01 8.697827111853346782e-01 8.789917910106500587e-01 8.761746827366994061e-01 8.712099748769075447e-01 8.773587793756519870e-01 8.695843368118162386e-01 8.786897350881671676e-01 8.762878500267705650e-01 8.786293737985455543e-01 8.824633144635130044e-01 8.756032973501033378e-01 8.704791500203655774e-01 8.741800494948522848e-01 8.745511704217580062e-01 8.749854273066798305e-01 8.748212914388824313e-01 8.722361610843666346e-01 8.664871260300255340e-01 8.742229566207799785e-01 8.711620501687865614e-01 8.746829345433271286e-01 8.799672425917267615e-01 8.804171079448239734e-01 8.573959711312729715e-01 8.772818290690032050e-01 8.778595078064657109e-01 8.762050982784169717e-01 8.690162498977760386e-01 8.743676277407660402e-01 8.790310544058567155e-01 8.762353067721346811e-01 8.732841112466191991e-01 8.771534887298561012e-01 8.816234141807237634e-01 8.790258548422199558e-01 8.764692370656487208e-01 8.791937796846318598e-01 8.732386172461709117e-01 8.836616566673678452e-01 8.767281820353306498e-01 8.823619368329757018e-01 8.813793543748618120e-01 8.830909306098219114e-01
4.888195464309134236e-02 1.727005439774116358e-01 3.280612926036846067e-01 5.519835033424065340e-01 4.435153377625297155e-01 4.769328067919184622e-01 6.925141997895042367e-01 6.558686266682901556e-01 7.444125015545115520e-01 1.000000000000000000e+00 7.525078619372327360e-01 7.750433831931193840e-01 7.269460584474345399e-01 5.935890881145778897e-01 7.896396490565387172e-01 7.807579397733301896e-01 7.378262488400156860e-01 7.289566942251179960e-01 7.478067846545092268e-01 6.937806391159606623e-01 7.469088133514406591e-01 7.729945594386167240e-01 7.515348218361647126e-01 7.563861452879767633e-01 7.769308203847746785e-01 7.832880033012011856e-01 7.789389340436101428e-01 7.860957376778878736e-01 7.806211827145869142e-01 7.950037112446041165e-01 8.053001216544553031e-01 7.949218027095763528e-01 7.672307989589887134e-01 7.878077437503233638e-01 7.714038040711109767e-01 7.624075008888240301e-01 7.899062604089730488e-01 7.903998670251543013e-01 7.967737711393598765e-01 7.850639796943990056e-01 8.045859185810514402e-01 7.937468447550959372e-01 7.776458270748786150e-01 7.963673263812102165e-01 7.994877939955884472e-01 7.922934304835044239e-01 8.129511796580898286e-01 8.181428342187985203e-01 8.135502882723149032e-01 7.853936837043411501e-01 7.975975259305200238e-01 7.854355754780427690e-01 7.969847516627048822e-01 8.125053265078113762e-01 8.004029967707628757e-01 8.073455200440388113e-01 8.145441930739686365e-01 8.010472228229392755e-01 8.090134421881248761e-01 8.113137459528494411e-01 8.098264234683837381e-01 8.040842878349303557e-01 7.997767468299991078e-01 8.028143623895458436e-01 8.106721981822215817e-01 8.144252957854618558e-01 8.150958027277852569e-01 8.111195398392668787e-01 8.123917914331091339e-01 8.079720684240413453e-01 8.125307723007888505e-01 8.132685333032555475e-01 8.064832297143750273e-01 8.091499804790125427e-01 8.134228374259918626e-01 8.114706002453566658e-01 8.090690599963583640e-01 8.116448037343529931e-01 8.088381374639496135e-01 8.128009830460970475e-01 8.117359131657334581e-01 8.145210039858885587e-01 8.176996764615908075e-01 8.124558941242663312e-01 8.047266210514678608e-01 8.098361551386382695e-01 8.127305387804971692e-01 8.126969243786317243e-01 8.120503822948629269e-01 8.140685209864156890e-01 8.096970655657799165e-01 8.105038746280186501e-01 8.128453631262267942e-01 8.111864630998077974e-01 8.147309114193788115e-01 8.155098434946210784e-01 7.961130455998973732e-01 8.020048563218161730e-01 8.104465430482691302e-01 8.079326312421738487e-01 8.053956026769778509e-01 8.040867049610370687e-01 8.115896421403370198e-01 8.098213904748967629e-01 8.100213888296740050e-01 8.111552801403524304e-01 8.153296515409615974e-01 8.153590603455799224e-01 8.136734182694561612e-01 8.146093677182001391e-01 8.108404330588773190e-01 8.164020624535992532e-01 8.119640880206037137e-01 8.126680509155743692e-01 8.128390270451306687e-01 8.148565173711661558e-01
1.091529207384520951e-02 1.607822286278430268e-01 3.750355126032982045e-01 5.976057693624196032e-01 4.989711786786841796e-01 5.353288672343461396e-01 7.667097564324802939e-01 7.267254290896634217e-01 7.954848572477752899e-01 7.525078619372327360e-01 1.000000000000000000e+00 8.691441508202398802e-01 7.952977185270527771e-01 6.653238282505417045e-01 8.739582319052502379e-01 8.583332434824444412e-01 8.104840145883422942e-01 8.127596932735612345e-01 8.295737037948182069e-01 7.741986932630776641e-01 8.255017972940256188e-01 8.564119148044502250e-01 8.366713739708151465e-01 8.434667864213253319e-01 8.623277797713713166e-01 8.698850945551759306e-01 8.680343331533266760e-01 8.727121261928117990e-01 8.561924341032356445e-01 8.769755773987765179e-01 8.910999396688958907e-01 8.835958804545345213e-01 8.516222874093597461e-01 8.760644112356706925e-01 8.453800526229914292e-01 8.547012895014141076e-01 8.835282457189596039e-01 8.831114713547009165e-01 8.836805544773463916e-01 8.769049966574079535e-01 8.896602377405853357e-01 8.872212430661458038e-01 8.711243603040017547e-01 8.869177198369284643e-01 8.896220063642761300e-01 8.910171156019293104e-01 8.982947512572533322e-01 8.972699208383283498e-01 8.905538786368748516e-01 8.732850053532712487e-01 8.837057692183796220e-01 8.676031126814930383e-01 8.820039188856461099e-01 8.896759326117136268e-01 8.891295763947013597e-01 8.928751418418852115e-01 8.883920350540351896e-01 8.910063629867459589e-01 8.931901388467915481e-01 8.936502936882009251e-01 8.930549116720001290e-01 8.838998757096161452e-01 8.797255170358851961e-01 8.787796320982883547e-01 8.870691233030854050e-01 8.907224876495616339e-01 8.990837983577720793e-01 8.978013771395831899e-01 9.000967816176241865e-01 8.971217135219949901e-01 8.975277767663827344e-01 9.022147636909387813e-01 8.937054978644006775e-01 8.985087430677574094e-01 9.029670868440503595e-01 8.987922071040173044e-01 8.982319205726623235e-01 8.952249420854093698e-01 8.972703525051887175e-01 8.993750550802858124e-01 8.986297403010327089e-01 9.016711116871660714e-01 8.961453759563813293e-01 8.981471961991432940e-01 8.946514879138736109e-01 9.002744837200213901e-01 8.995667121730559490e-01 9.018822274138643680e-01 9.015605164852840137e-01 9.029481272013843984e-01 9.014567001632296517e-01 9.020019323083009466e-01 9.000764919349473203e-01 9.020371568113305649e-01 9.019153215677049307e-01 9.023047903197612962e-01 8.908968437214854763e-01 8.865735927234205116e-01 8.981887985343308678e-01 8.974449025420547787e-01 8.987990209233199801e-01 8.952032756957916115e-01 8.977638971092709586e-01 9.004468886331454813e-01 8.971468457447023814e-01 8.937499881523506273e-01 8.986835612287175090e-01 9.014697831536445660e-01 9.024483086222977457e-01 9.009442719469167304e-01 8.996333582689670649e-01 8.993229234989343901e-01 8.970628857799135547e-01 8.961875686608584690e-01 8.966657976543307429e-01 8.984031348125903760e-01
1.155634368192642696e-02 1.586074477982729880e-01 3.855342401535711283e-01 6.245958489956537907e-01 5.212706304061967000e-01 5.661125086391003425e-01 8.131568540743296936e-01 7.819463502876971006e-01 8.385816454740245840e-01 7.750433831931193840e-01 8.691441508202398802e-01 1.000000000000000000e+00 8.422433753068173656e-01 6.948049096552134651e-01 9.193364128260839152e-01 9.137605488647111418e-01 8.373690289337397674e-01 8.502891328373138879e-01 8.650042665429285016e-01 8.119885396396708810e-01 8.745439475634272375e-01 9.020916521694057888e-01 8.731151347140987395e-01 8.808639944798198895e-01 9.040776188300809757e-01 9.094641681781856501e-01 9.043609251165147800e-01 9.144406404520033504e-01 8.987795633347162028e-01 9.163059636264562213e-01 9.297122143557531304e-01 9.233970494450088884e-01 8.895253708339723175e-01 9.132550262070646685e-01 8.857989069632299373e-01 8.920985981003006771e-01 9.202898737328638612e-01 9.279534195854853840e-01 9.294765266730509179e-01 9.148805754115383326e-01 9.297936686332706202e-01 9.325837881138474561e-01 9.141454739048163747e-01 9.367483173961683729e-01 9.293935159289531400e-01 9.324345970940735029e-01 9.413396626492455121e-01 9.408861584006202872e-01 9.363968519191840922e-01 9.162409477833795002e-01 9.325866764855386126e-01 9.102012800841113860e-01 9.270750146111492729e-01 9.334011589340563964e-01 9.306358653797566216e-01 9.348835649740009357e-01 9.350375117706104522e-01 9.338458310383553895e-01 9.377529478076265246e-01 9.420602821410702932e-01 9.410388445925111922e-01 9.328348622175394178e-01 9.289993903055360214e-01 9.314983735938476839e-01 9.310438533074237855e-01 9.371123807945166417e-01 9.414589189820758985e-01 9.405110442322742736e-01 9.416301916694683749e-01 9.375830230387111053e-01 9.420762652778863488e-01 9.443352920700551767e-01 9.322214416857371733e-01 9.388342283263693133e-01 9.451543262046586680e-01 9.418849001673665899e-01 9.425705209059715983e-01 9.401674551796668222e-01 9.402655699234112596e-01 9.412605758128329558e-01 9.411319838249939673e-01 9.447015345564783173e-01 9.398182536204708892e-01 9.402629264250004226e-01 9.375731657618016079e-01 9.416445380079878635e-01 9.426386756544797851e-01 9.447637413107864424e-01 9.456071515520518833e-01 9.421414510488358429e-01 9.418061239492347969e-01 9.446584012923288087e-01 9.430666658937226776e-01 9.457323788366462924e-01 9.449159452703242978e-01 9.447995337737487009e-01 9.316113209835854558e-01 9.334986733195852482e-01 9.435637372273991685e-01 9.413910765455844043e-01 9.422271668808800404e-01 9.406495062624591341e-01 9.416868198214568553e-01 9.461523701414443766e-01 9.399761203909895446e-01 9.383269324849184967e-01 9.437185371608473039e-01 9.436702008627773086e-01 9.436090336248680321e-01 9.453339633069979264e-01 9.427024914279350520e-01 9.454939202540667553e-01 9.424716662152984314e-01 9.435425906799835838e-01 9.409365339022053298e-01 9.424860152826610715e-01
3.773182095102939337e-02 1.505029078722790459e-01 3.609964181671487249e-01 5.991310469212631773e-01 5.124179746034266403e-01 5.075392009987221842e-01 7.548039010997062981e-01 7.377103813162133594e-01 7.830719994086366986e-01 7.269460584474345399e-01 7.952977185270527771e-01 8.422433753068173656e-01 1.000000000000000000e+00 6.510698768744043186e-01 8.565881321286507033e-01 8.513540091776915508e-01 7.770942305456871591e-01 7.821260366478063331e-01 7.919586946621727241e-01 7.610827730142820657e-01 8.049884934832752803e-01 8.279755477389875162e-01 8.064562729942069685e-01 8.035486108225100566e-01 8.299096708370944375e-01 8.494588540848110325e-01 8.402082156606951457e-01 8.495285831911756347e-01 8.406579231175294042e-01 8.567346066427582452e-01 8.641693043837020971e-01 8.504939470974637317e-01 8.308083744627329237e-01 8.422943752755740476e-01 8.320415704831346515e-01 8.277397794717011870e-01 8.547629660684997743e-01 8.559221684817093223e-01 8.652340321656537547e-01 8.470790703018511447e-01 8.626804546676428709e-01 8.668332209165608981e-01 8.568716102924116562e-01 8.722691839951018933e-01 8.626377921687545802e-01 8.668820462200286237e-01 8.748878360292031697e-01 8.776908692270192214e-01 8.716065008050816187e-01 8.473740455391379767e-01 8.594870760238019214e-01 8.487816222839386082e-01 8.629553335396366043e-01 8.730325067411869311e-01 8.635668878689238825e-01 8.711120983284756925e-01 8.727801371407150066e-01 8.710211437072318263e-01 8.680184131572383777e-01 8.835885689528490960e-01 8.774520850354468049e-01 8.716762917658756882e-01 8.610646291103208894e-01 8.712238337189577297e-01 8.671176608546661280e-01 8.758034741960311065e-01 8.777364796448609008e-01 8.723872923254124556e-01 8.763233378601787971e-01 8.721621018211811460e-01 8.744127776482045755e-01 8.733719989503185843e-01 8.621065903058044988e-01 8.687485313278673349e-01 8.790957551339411147e-01 8.746813082995714694e-01 8.731848134966859742e-01 8.770869961606216902e-01 8.689550180406541147e-01 8.777728223900088667e-01 8.765034748808648857e-01 8.795614387506475174e-01 8.774857271349510990e-01 8.781502089214856532e-01 8.712597760423570481e-01 8.721741896561874263e-01 8.761172678452349150e-01 8.767941644035460724e-01 8.791132658186449067e-01 8.771031746636109849e-01 8.731475411393825325e-01 8.762508257703208736e-01 8.763756192047260640e-01 8.785441781067708789e-01 8.802519281378435867e-01 8.792229160122979614e-01 8.633610060412457710e-01 8.692366505268527277e-01 8.763246905490111871e-01 8.727457683359802765e-01 8.757992922321858886e-01 8.726791461074980827e-01 8.788684080979243252e-01 8.791610260572133573e-01 8.738818719425217596e-01 8.763709401937419541e-01 8.783121097427419866e-01 8.792196696296565861e-01 8.777717342407488355e-01 8.795960917164483694e-01 8.753030417742009295e-01 8.829609690262455457e-01 8.772631833573758531e-01 8.803309512301378259e-01 8.761738734081799818e-01 8.794651455663454742e-01
