1.000000000000000000e+00 7.907556334191191694e-02 1.914309044405014815e-01 9.272689438447558052e-02 3.543111234891892659e-03 1.768405699365274003e-02 1.349234961457586035e-01 7.158791651406409828e-02 1.798740274247825066e-01 8.737488586848198013e-02 1.553996078429986660e-01 6.863920659769605359e-02 9.946515470005140233e-03 4.676952657702644622e-02 6.838514495236000523e-02 3.846522342799060107e-02 1.629904491068984718e-01 2.515849401692967779e-01 2.179410754861677846e-01 2.098656664618968049e-01 2.519120478376376537e-01 2.235560106263583535e-01 1.445829353472520284e-01 1.984269921910355727e-01 2.023920531967974001e-01 2.117561485141885025e-01 1.732437274734544008e-01 1.528957910322366054e-01 1.548945393824344152e-01 1.551066349716469228e-01 1.562673335543476316e-01 9.525602676655142709e-02 1.042197625625704560e-01 1.124344468567828881e-01 9.155340112411558540e-02 1.235788302328586635e-01 1.097473836391697488e-01 9.272313956143905800e-02 8.942252453194605988e-02 1.329592621579195333e-01 7.826834391700793203e-02 7.237637625601746338e-02 8.571478828971546005e-02 9.893609610871423321e-02 1.143603921747334135e-01 8.178874368240302006e-02 3.484232199728106577e-02 3.864824265027162059e-02 3.571201320129525902e-02 6.361138028652506271e-02 7.075355278328863962e-02 9.050397598964018964e-02 6.812357826946496830e-02 6.287113743464572968e-02 8.146773905373609626e-02 9.369448043566201700e-02 7.023153384036368019e-02 3.556237209993845516e-02 6.722806722010425673e-02 6.189686068737393354e-02 2.995285263781876858e-02 5.445847786010019065e-02 6.369314786027478748e-02 5.043691559303003363e-02 8.407354374076859982e-02 7.122751751596721748e-02 3.337768484516778073e-02 7.565745423643858991e-02 5.995522809648934359e-02 9.888899732388474473e-02 9.546890512781709692e-02 8.860672133624662716e-02 8.405048062315523261e-02 8.519069812728798097e-02 8.862107552761590290e-02 6.469564631036463231e-02 7.320411670667714699e-02 8.189040650188439407e-02 7.329138330133318224e-02 5.979188774398915690e-02 5.669461115361137254e-02 5.910104307028571369e-02 5.325320038917428361e-02 5.174699811333511451e-02 4.348488071615916328e-02 5.538772768667116209e-02 6.143560537785840853e-02 3.374171986755972880e-02 4.386895321981761076e-02 6.204294508144334030e-02 6.306043189794470483e-02 3.516806771285745786e-02 5.748903129993018085e-02 4.310887360821578224e-02 6.029955095661417193e-04 1.640852831942051643e-02 2.699971079435410301e-02 2.639505662872406247e-02 1.301504592511307581e-02 1.946639116035111042e-02 2.206178104840101489e-02 2.146862765704139406e-02 2.945944443958479347e-02 3.343285418836444700e-02 4.521845021572921258e-02 3.293461460868386120e-02 1.673131286702269835e-02 2.904852411199135287e-02 3.776507815104997168e-02 1.901637408752356040e-02 2.555285920651138160e-02 2.536934997401514569e-02 2.155654525487373310e-02 2.024463614914018272e-02 4.439447703988895488e-02 3.859149411079922792e-02
7.907556334191191694e-02 1.000000000000000000e+00 4.948730590220239839e-02 6.533799351554750445e-02 2.797305769991201979e-02 6.720556447242841125e-02 1.135094674290128003e-01 1.108145388048515367e-01 1.599132930914164974e-01 1.606947553175080423e-01 1.195609700547529408e-01 1.301110879946098253e-01 1.068430629747472854e-01 1.126789449644268748e-01 1.334073011871779180e-01 1.418941673763898237e-01 1.701511152567521667e-01 9.465558186720698930e-02 9.292375441537915892e-02 8.664324701226136516e-02 7.895907420130195142e-02 8.427641902364249593e-02 1.313469366854569664e-01 8.143561074964343616e-02 8.258503698489583211e-02 1.200519583601371426e-01 1.365997852988362904e-01 1.231856232615818891e-01 1.320182462546238000e-01 1.159311938085375027e-01 1.454365432818099380e-01 1.421615369948389940e-01 8.978475929757212537e-02 1.217572003946968129e-01 1.006219345416664718e-01 1.261053092980637669e-01 1.175151161053890336e-01 1.492836042006414898e-01 1.460288804023732179e-01 1.462191731698380959e-01 1.593165045356329801e-01 1.542934758458162359e-01 1.417038109920936428e-01 1.445024661737712157e-01 1.521783715089874145e-01 1.428696169831798202e-01 1.518672579197022088e-01 1.583765255926853910e-01 1.512071564077420438e-01 1.309713461477239882e-01 1.503462687877543114e-01 1.434617862377168540e-01 1.423687053800103686e-01 1.465460852236086242e-01 1.344565529537427029e-01 1.563948465886941530e-01 1.403548340451342413e-01 1.549634230670947355e-01 1.474411997234714999e-01 1.462892032309263957e-01 1.428032654898986620e-01 1.451624873005048777e-01 1.396604116288449604e-01 1.487394551554289956e-01 1.556815368049830894e-01 1.408603334420473752e-01 1.617640858303046325e-01 1.502349817127852649e-01 1.558011734010605609e-01 1.349389494439966475e-01 1.262198508828112631e-01 1.429584425896289479e-01 1.411437680120739002e-01 1.376116697372937736e-01 1.548145636367172506e-01 1.464452821581764264e-01 1.532326040560733071e-01 1.533047462887283385e-01 1.497918508940422611e-01 1.429098565628721951e-01 1.433544433292404940e-01 1.563075146831059969e-01 1.694846074870448305e-01 1.219237410413146344e-01 1.394238999133944334e-01 1.447250758515656599e-01 1.523493296908791927e-01 1.545680586787928912e-01 1.504963768922407130e-01 1.650347939069088388e-01 1.536379434789827692e-01 1.578216995177467441e-01 1.559617628513736143e-01 1.546081393482085231e-01 1.511128290552344045e-01 1.587591446086346059e-01 1.538994152965929563e-01 1.476609571763007889e-01 1.508794982405580187e-01 1.583592431908333598e-01 1.520254485711943770e-01 1.553217266164712285e-01 1.533073317419775261e-01 1.542012085636680907e-01 1.572127893920112762e-01 1.581629183235019886e-01 1.547850848954053504e-01 1.598561727418529310e-01 1.575314439825282187e-01 1.578131125892409115e-01 1.573190206179269357e-01 1.533396200469196724e-01 1.564285953905157622e-01 1.567972876144664018e-01 1.581782460969852200e-01 1.550278595447190377e-01
1.914309044405014815e-01 4.948730590220239839e-02 1.000000000000000000e+00 3.695193920956580391e-01 1.454906324693073516e-01 1.979065552713567544e-01 3.434903580715285010e-01 2.851505321479468336e-01 3.209804840938029757e-01 2.688182388695041780e-01 3.802975603865113019e-01 3.338885745397788818e-01 2.132351690415379419e-01 2.182951026751307200e-01 3.295936956042130883e-01 3.006423780250214173e-01 2.748605292732880234e-01 3.668044015057075891e-01 3.886352008996573071e-01 3.316984074702257201e-01 4.130185332649286556e-01 4.170940296921785695e-01 3.713735687008217767e-01 3.946931653100106407e-01 4.020971032328098937e-01 3.758104817587967772e-01 3.729840282387594796e-01 3.616371499705197667e-01 3.665087729092113555e-01 3.796018316421591043e-01 3.853720966337794152e-01 3.226693121548587784e-01 3.210131979369152955e-01 3.358559024729377285e-01 3.061931031749792753e-01 3.675317277001086125e-01 3.581443045888422216e-01 3.092033699400540958e-01 3.230738001715429131e-01 3.518219943112338433e-01 2.963086312818281609e-01 2.989226007390830553e-01 3.368238739901381895e-01 3.253694278280639951e-01 3.318700171752305694e-01 3.188880282232263164e-01 2.709721552638454933e-01 2.688153987274760626e-01 2.618229191436277081e-01 2.928726100236046515e-01 2.875641580264665653e-01 3.240489223146110764e-01 2.941701969257631277e-01 2.812666435814273891e-01 2.869417990779526417e-01 3.010572156438111047e-01 2.982985081148686879e-01 2.655398038639914526e-01 2.856622243686653406e-01 2.935190138726538334e-01 2.751802492373368603e-01 2.833708412233388874e-01 2.897379322143041613e-01 2.770322872780041634e-01 3.101997195023709075e-01 3.073932339215427190e-01 2.670242678550769910e-01 3.089457575926956023e-01 2.972308248984850687e-01 3.147366446413528696e-01 3.420925315600776284e-01 3.360224466671229426e-01 3.236161811440163016e-01 3.375845770456907813e-01 3.119420331071123265e-01 3.055619335221947397e-01 3.070817880989856197e-01 3.196957196849604110e-01 3.247488786632802826e-01 3.138308678111734751e-01 3.049309124098238399e-01 3.125446267640393239e-01 2.883451721396516065e-01 2.888452211302862116e-01 2.795580864577945079e-01 2.968122995994729729e-01 3.130410714360021829e-01 2.665395403622803361e-01 2.878719136461513339e-01 2.894089506201598105e-01 2.940867990923439201e-01 2.742608963331746863e-01 3.006462581942979106e-01 2.870323252267716896e-01 2.500423111908547380e-01 2.536383780961092849e-01 2.709164210216968849e-01 2.747502959445607962e-01 2.619860370917915793e-01 2.571013051412183725e-01 2.673063205600936798e-01 2.599179698431937635e-01 2.669254777090896424e-01 2.718254837726225004e-01 2.892682247320346733e-01 2.742358153743896798e-01 2.594434579488977266e-01 2.562467498918320485e-01 2.676351931455102640e-01 2.613034124723105922e-01 2.639353534672809753e-01 2.667547730477909940e-01 2.630979075786992194e-01 2.600653400205552579e-01 2.802549788327752811e-01 2.816491907688177809e-01
9.272689438447558052e-02 6.533799351554750445e-02 3.695193920956580391e-01 1.000000000000000000e+00 2.159829648766268817e-01 3.129746774225241057e-01 4.646751288542921854e-01 4.255418273691735642e-01 4.682641945561599739e-01 4.139063815155006876e-01 4.938418912347843914e-01 5.554891236876081662e-01 3.930618182190796506e-01 3.810874235316837888e-01 5.142786432978189159e-01 4.906964988106571890e-01 4.055613695600771007e-01 3.894510013648991853e-01 4.329679808472414737e-01 3.867288954227910414e-01 4.575483382422954604e-01 4.640300215216713320e-01 4.511627562422276250e-01 4.423760970911866375e-01 4.515323524779246700e-01 5.194320596064725404e-01 5.199070903079036077e-01 4.971876178342292119e-01 4.766094977862536664e-01 5.084115566486531179e-01 5.369063585356209645e-01 4.593799953176904149e-01 4.463110386644157379e-01 4.762328574643518442e-01 4.320790030321608466e-01 5.055115574070306872e-01 5.007849601751120927e-01 4.826264065624572552e-01 5.041508836784182046e-01 4.980713618495878903e-01 5.008669881695778647e-01 4.884015598002895420e-01 5.106761488878573951e-01 5.254726225943268103e-01 5.191047071779143485e-01 5.058374294611749367e-01 4.732090251254675306e-01 4.712191043027406101e-01 4.547378278882203140e-01 4.677734564919777127e-01 4.723119675642411530e-01 5.238033667819042005e-01 5.023099079237636211e-01 4.738949499298202861e-01 4.618525346813210919e-01 4.877605472854495416e-01 4.793454803452820157e-01 4.726473751652089939e-01 4.587785142356624046e-01 4.948447834417422642e-01 4.839547277057483221e-01 4.718873246487406137e-01 4.718832740371605161e-01 4.765070072795496992e-01 4.933814415884154037e-01 4.987132364586244759e-01 4.663782091751522696e-01 4.828773350232680728e-01 4.746501817433780301e-01 4.855966458259305396e-01 5.025583531975431617e-01 5.005541609843234818e-01 4.875194553608296899e-01 4.990537892643903128e-01 5.076027871788271195e-01 5.016656858309296307e-01 5.022139438591357585e-01 4.986214774234440372e-01 5.087844065440715324e-01 4.954736606170873636e-01 4.867287110635325487e-01 5.089578775036621705e-01 4.763313159150001641e-01 4.616662263871110783e-01 4.708909337134555284e-01 4.865798431617827102e-01 4.942964601734659569e-01 4.700741509938580198e-01 4.884470072961640263e-01 4.863158965697714220e-01 4.849062244026284274e-01 4.843883034736381488e-01 5.001947950556229205e-01 4.936688526355266782e-01 4.652695006343085526e-01 4.632159078337265146e-01 4.704131141376650671e-01 4.696460469946055483e-01 4.666054605941949429e-01 4.651366181941461453e-01 4.776022627294531087e-01 4.651297611525748721e-01 4.823572748240455010e-01 4.835250561452572593e-01 4.942685415679010652e-01 4.689486912478560421e-01 4.615881615534651594e-01 4.654886667897408792e-01 4.662071810537563032e-01 4.732928247639188180e-01 4.617642157435480343e-01 4.753217918718279367e-01 4.655871146761472179e-01 4.676706662510780599e-01 4.848832028790402426e-01 4.876480280949552770e-01
3.543111234891892659e-03 2.797305769991201979e-02 1.454906324693073516e-01 2.159829648766268817e-01 1.000000000000000000e+00 2.634820653120534262e-01 3.760795493669450429e-01 3.598375730108717141e-01 3.533233554872955429e-01 3.434409169787445149e-01 3.507024320643745696e-01 3.923967655504342344e-01 3.474800730809775584e-01 3.209999605329442174e-01 4.229360826292825060e-01 4.111948011377266066e-01 3.007857622619586890e-01 3.029671329433510363e-01 3.073456191891663636e-01 2.989607027107113457e-01 3.091651602961959511e-01 3.164658328170125712e-01 3.307094753452020086e-01 3.269530926135005289e-01 3.215602592223294476e-01 3.688168741468159095e-01 3.816247987235167338e-01 3.897540327642308733e-01 3.552911350033052806e-01 3.790768639308277344e-01 3.943259951727098866e-01 3.849922165095571724e-01 3.785588496370380640e-01 3.910548408728506398e-01 3.775516561873811794e-01 3.951541406054371874e-01 4.068139485529979060e-01 4.040308052053079302e-01 4.138349862503081789e-01 3.938528555601459313e-01 4.100914368504967600e-01 4.101533399619511355e-01 4.243917908726327348e-01 4.219016836924468494e-01 4.131270991743378196e-01 4.152247346249396398e-01 4.193973623080861080e-01 4.065810011614800490e-01 4.077996758985283909e-01 4.084188194407830097e-01 4.136077227710608928e-01 4.159981028932473457e-01 4.134043497489795493e-01 4.051216539797216076e-01 4.015794517158219334e-01 3.947131010558247999e-01 4.038224712169333208e-01 4.164532205123682718e-01 4.062782031319649434e-01 4.207536622401646942e-01 4.221989776177773046e-01 4.173470874748081982e-01 4.160203097543958006e-01 4.133368673690632766e-01 4.058648513557266968e-01 4.145050990170280336e-01 4.055269985934471522e-01 4.130121178544967075e-01 4.084024850722854372e-01 4.049218162602356008e-01 4.092905107326079150e-01 4.138306516908598631e-01 4.088095089711456520e-01 4.090455326572123296e-01 4.205502321614393302e-01 4.242635232773935283e-01 4.163877013350534284e-01 4.095108749275047644e-01 4.183791801159759682e-01 4.168508921068496687e-01 4.188751883225222405e-01 4.170388975548598998e-01 4.011159868413461949e-01 4.190370782112019521e-01 4.180690350802542254e-01 4.161731968442158314e-01 4.159084669901456643e-01 4.178138366980727603e-01 4.189258794906852712e-01 4.090217958861276371e-01 4.199016575967043363e-01 4.217021397044965481e-01 4.199094002606458820e-01 4.200104325202398403e-01 4.169292833089157657e-01 4.144849666104358232e-01 4.140713020048599757e-01 4.124076930952385034e-01 4.150792690174248678e-01 4.134030876662351806e-01 4.224944383139843107e-01 4.112000367928455025e-01 4.103180180086283269e-01 4.197648213119064553e-01 4.159367074442412160e-01 4.042932030918277020e-01 4.121873895306494284e-01 4.105766731267294078e-01 4.107450203429421909e-01 4.199787048990957228e-01 4.153074346757215096e-01 4.147047018871970470e-01 4.128719318076015665e-01 4.126823548241631001e-01 4.158613729198466502e-01 4.124279627371043033e-01
1.768405699365274003e-02 6.720556447242841125e-02 1.979065552713567544e-01 3.129746774225241057e-01 2.634820653120534262e-01 1.000000000000000000e+00 4.743703199708128593e-01 4.069816877905012564e-01 4.847069340460337661e-01 4.423454705473569004e-01 4.575602799016041389e-01 4.952802353978630334e-01 4.209500762709889043e-01 4.180054926009095229e-01 5.220547989070443151e-01 5.042584431528190914e-01 4.350637924255831290e-01 4.030531205777128090e-01 4.276447081959580121e-01 3.601742379800635385e-01 4.304969560974488130e-01 4.326971742752172556e-01 4.651887741583292657e-01 4.289167222065289886e-01 4.432307878840116011e-01 4.869357774922503102e-01 4.918576676398862535e-01 5.148466455478797332e-01 4.685752456417072720e-01 4.968742952079560071e-01 5.231769520342814950e-01 4.980436996530069327e-01 4.853955860936347566e-01 5.088149155349014352e-01 4.757284246099812708e-01 5.222481505740464991e-01 5.187263208351599042e-01 5.299176197560595547e-01 5.358870009432379344e-01 5.170977178252549322e-01 5.287177628246475525e-01 5.372239743376189258e-01 5.375747872603668931e-01 5.443795863986651273e-01 5.428377069372068986e-01 5.402463239571286824e-01 5.298206372657319196e-01 5.292293963515761757e-01 5.158330421325139081e-01 5.153327640240171759e-01 5.303386724386868201e-01 5.284003894151525493e-01 5.371081932618707588e-01 5.243447926924091895e-01 5.130393935680687134e-01 5.266767174700037746e-01 5.217250127665669091e-01 5.375934759758821402e-01 5.229123522172260952e-01 5.388392306616017757e-01 5.321325324828841685e-01 5.334661208568607371e-01 5.302235357426724471e-01 5.254689427023249149e-01 5.306291799845963553e-01 5.353226511304509661e-01 5.309187011061224926e-01 5.333128105557994880e-01 5.288487141237775413e-01 5.171009492487921300e-01 5.370330154094195008e-01 5.377896250630470609e-01 5.259361374154721824e-01 5.370781823326346016e-01 5.423845594319556263e-01 5.440591943729328195e-01 5.440153744346148956e-01 5.340902814365083850e-01 5.408608595299683186e-01 5.346272790300796718e-01 5.349701844696475028e-01 5.423393973181891425e-01 5.336965054073524728e-01 5.270136002007810294e-01 5.300126788892663976e-01 5.348505265314518198e-01 5.418678248669704933e-01 5.362031424833457738e-01 5.425273196177501367e-01 5.376208415576430033e-01 5.436474174485307342e-01 5.414208692650545052e-01 5.422158193236437107e-01 5.435952745676728703e-01 5.301867137087648008e-01 5.284190627176097443e-01 5.310261937875327964e-01 5.242576490401290590e-01 5.286885961613110307e-01 5.314809215176173884e-01 5.391991489102838653e-01 5.293459282946301192e-01 5.300160415906741695e-01 5.381663004779536630e-01 5.397351127503580148e-01 5.271476474905922860e-01 5.267532210715141217e-01 5.291640301056440565e-01 5.293534604978772373e-01 5.364798880096657285e-01 5.347248925881810111e-01 5.347130833607929290e-01 5.319675633748741639e-01 5.290337519213768047e-01 5.323581296814886565e-01 5.356158335065470677e-01
1.349234961457586035e-01 1.135094674290128003e-01 3.434903580715285010e-01 4.646751288542921854e-01 3.760795493669450429e-01 4.743703199708128593e-01 1.000000000000000000e+00 5.933935178284784895e-01 6.783106271313745772e-01 6.044755977543094794e-01 6.641665450040524776e-01 6.945049434871705119e-01 5.878790501950335035e-01 5.658049531996873771e-01 7.738734219019188787e-01 7.033000221331613400e-01 6.221273755602603206e-01 6.148776427827197244e-01 6.520522975625435702e-01 5.414675596404583402e-01 6.520379825154621889e-01 6.763891465287940052e-01 6.569993636807468507e-01 6.488453159981327767e-01 6.576182115681344920e-01 7.351316155241297556e-01 7.527840454157656014e-01 7.622925200072382390e-01 7.025533119451141673e-01 7.356654135795622773e-01 7.594400491583986890e-01 6.924777049271120255e-01 6.995112571429054071e-01 7.132745951721403133e-01 6.760822827609381802e-01 7.353528006506866443e-01 7.442032551986622613e-01 7.294140173391050475e-01 7.471039878612981688e-01 7.488826473362036884e-01 7.313106888781554238e-01 7.438223174191801457e-01 7.608520659931526930e-01 7.572804204854254317e-01 7.589172668952477441e-01 7.550484413450326837e-01 7.105792953861606032e-01 7.045864465838831414e-01 6.899283122867949647e-01 6.968576247847305671e-01 7.184519672187614781e-01 7.252824198313938542e-01 7.159103429974406074e-01 7.045049566606810254e-01 6.988069691012027684e-01 7.181067049015456005e-01 7.049652388499135780e-01 7.129519711911477264e-01 7.124626183819882108e-01 7.284707868113680096e-01 7.056056621403543616e-01 7.221302978706277687e-01 7.160132688871722051e-01 7.056077896877610556e-01 7.215743785274425504e-01 7.248980920060072997e-01 7.001819930310977380e-01 7.337254811434222868e-01 7.104704571531542667e-01 7.076291601015632926e-01 7.452652614542272236e-01 7.463546150904195597e-01 7.272723013590310925e-01 7.412246360219814090e-01 7.534051127315982699e-01 7.480562076431975793e-01 7.498830174133962467e-01 7.428094329648841088e-01 7.500605677961058593e-01 7.357940915772832602e-01 7.319106372234502889e-01 7.425198068712320909e-01 7.128222902188620091e-01 7.207074324306256274e-01 7.155189522172351602e-01 7.256529064711949584e-01 7.364260920648515452e-01 7.166452449919670231e-01 7.314345779353079724e-01 7.295728912520763609e-01 7.492334673760776553e-01 7.286651652863244122e-01 7.398686028669099191e-01 7.353573798388653993e-01 6.950704408590674399e-01 6.980361768992270344e-01 7.052347167019428209e-01 6.898829955466532216e-01 6.998592686863720491e-01 7.024752730621787178e-01 7.222442080772559780e-01 6.971071136460995632e-01 7.057026941903639106e-01 7.191905412617612958e-01 7.218479570707334592e-01 6.976446048564958202e-01 6.938161126355681940e-01 7.019396649797795540e-01 7.056297662562863726e-01 7.099716407743627000e-01 7.106532642289425938e-01 7.079678688523348695e-01 7.029498646787072369e-01 6.983105701313681024e-01 7.149813019622629495e-01 7.101405719134121775e-01
7.158791651406409828e-02 1.108145388048515367e-01 2.851505321479468336e-01 4.255418273691735642e-01 3.598375730108717141e-01 4.069816877905012564e-01 5.933935178284784895e-01 1.000000000000000000e+00 6.067194106858866398e-01 5.599659046182973166e-01 6.048398115395019481e-01 6.715963178591188854e-01 5.980180788617560639e-01 5.324868240363460625e-01 7.100154954378083971e-01 7.084322942049990912e-01 5.927136965473399632e-01 5.326579508678538355e-01 5.602572465087729547e-01 5.119547603396336077e-01 5.770042705779797609e-01 5.653363849650315798e-01 5.818193636427393400e-01 5.615821465573701543e-01 5.572016072008109111e-01 6.290575286765371921e-01 6.494808781031783385e-01 6.400738036402989772e-01 6.104414631819359283e-01 6.393305765954342412e-01 6.632661067386798059e-01 6.477451068106968579e-01 6.119182200976706065e-01 6.556238949865299537e-01 6.038676006676547692e-01 6.583260584635968193e-01 6.551113674280172328e-01 6.820938217367615852e-01 6.840203441650516414e-01 6.669543851387697009e-01 6.904139789210744782e-01 6.868118192751009321e-01 6.891685200585361271e-01 6.871819171879349764e-01 6.846299219431281058e-01 6.838485949841327516e-01 6.888492303817566054e-01 6.926585799822956302e-01 6.785901713639945765e-01 6.677736734341078728e-01 6.870035894423929257e-01 6.887640809424736554e-01 6.878604620064866504e-01 6.828985003116365693e-01 6.726363354378662729e-01 6.776610965625633476e-01 6.859069813914565605e-01 6.849433857784782420e-01 6.885314563558965206e-01 6.998394553504876381e-01 6.997958150944058042e-01 6.932399744525972185e-01 6.854150269082520675e-01 6.844481647709489414e-01 6.955571638279746116e-01 6.940936875707399700e-01 6.888645116538195667e-01 6.997573829993405381e-01 6.868993376542243956e-01 6.917574769489072128e-01 7.027286882400758383e-01 7.040140114725498277e-01 6.939153449892020431e-01 6.955372087100843981e-01 7.040691526495447272e-01 6.983517681348908601e-01 6.979757175368742628e-01 6.868023173303376971e-01 6.971082035983621195e-01 6.927248119786532099e-01 6.935390756021715397e-01 7.033935877796840819e-01 6.906173660389870461e-01 6.794532817791145707e-01 6.830841388933072134e-01 6.935957763070732529e-01 6.970945133545316530e-01 6.942967445333108056e-01 6.928782658595474819e-01 6.944202094387950108e-01 6.933726313060012414e-01 6.965131690137014164e-01 7.036365416756732438e-01 7.004929139116592429e-01 6.871192424066846494e-01 6.873046314291147985e-01 6.851204382574307417e-01 6.876701905111513025e-01 6.904922331973180061e-01 6.878015248179192298e-01 6.903824486791072523e-01 6.866940618517795025e-01 6.937736924893623813e-01 6.947143487065648992e-01 7.005783067104282003e-01 6.851002057221781127e-01 6.866368323910723159e-01 6.866932546256883096e-01 6.892678091424385700e-01 6.908168796532436762e-01 6.904528058715164729e-01 6.944064003060552714e-01 6.881532474106879516e-01 6.888041810338476623e-01 6.990663254636906299e-01 6.945842386218037401e-01
1.798740274247825066e-01 1.599132930914164974e-01 3.209804840938029757e-01 4.682641945561599739e-01 3.533233554872955429e-01 4.847069340460337661e-01 6.783106271313745772e-01 6.067194106858866398e-01 1.000000000000000000e+00 7.397303037202916931e-01 7.287413279664293198e-01 7.645331544028959314e-01 6.646390042184389113e-01 6.384593207056260544e-01 8.066582796393265697e-01 7.681603546687910677e-01 7.507289889789391379e-01 6.830027053543359372e-01 6.858941168326724291e-01 6.153949106078022702e-01 6.960604596788595444e-01 6.955320952697926495e-01 7.198490075433519042e-01 6.877216424820401519e-01 6.821552833478731204e-01 8.068791011238517497e-01 8.006391418077249966e-01 8.066300889821883535e-01 7.604015056495635472e-01 8.032712467105699305e-01 8.255230403810555062e-01 8.055911811763967201e-01 7.839262201647146933e-01 8.067245032762998536e-01 7.703324379418726719e-01 8.209718689460985264e-01 8.270838534135469544e-01 8.465184179695841582e-01 8.471313309406192094e-01 8.427160060593180679e-01 8.442155004149225483e-01 8.402288850072120452e-01 8.415675536134932244e-01 8.490648033300118858e-01 8.468223096640765668e-01 8.492516248158221703e-01 8.312489034635501817e-01 8.402100037354890416e-01 8.261158139984448034e-01 8.210290958829121744e-01 8.420138889955692818e-01 8.156151422251476379e-01 8.272961169165532480e-01 8.408849093131511854e-01 8.366719049285591403e-01 8.437072557012169627e-01 8.351314300813943436e-01 8.331934757264113367e-01 8.437066729525485309e-01 8.498495624819398797e-01 8.277439749908226396e-01 8.435190881466086976e-01 8.404645070976168864e-01 8.367401651147897690e-01 8.359932717883160613e-01 8.423375520235829583e-01 8.306288090073545849e-01 8.441311714003897348e-01 8.355760774024992843e-01 8.255029841702741233e-01 8.332702097096381655e-01 8.403698363458581566e-01 8.284474250999227518e-01 8.330835915377682310e-01 8.603467075680977239e-01 8.516603470727658332e-01 8.483439167857886876e-01 8.412205261123750777e-01 8.502747329706810131e-01 8.440767706100256174e-01 8.434967474926917674e-01 8.479446367444073429e-01 8.356962838495822776e-01 8.332707244531221136e-01 8.364977163919491421e-01 8.414670261533341300e-01 8.489028963413424167e-01 8.404528563792232898e-01 8.467657108897568285e-01 8.467965488474699098e-01 8.523828491293148346e-01 8.429318708336935861e-01 8.500850724921186208e-01 8.449768920745692746e-01 8.226370881094496879e-01 8.283548422693159941e-01 8.335528550450014285e-01 8.240161339016375264e-01 8.276221870604384412e-01 8.302312179353850130e-01 8.356183157852191679e-01 8.302438325317744727e-01 8.271333888524642353e-01 8.388108362840562826e-01 8.405866465458843306e-01 8.281456641070010782e-01 8.282299030945849960e-01 8.354589217210109942e-01 8.381907634684522268e-01 8.326778930637450671e-01 8.366139060135227012e-01 8.345129489501448283e-01 8.325168242372403826e-01 8.308151738703339895e-01 8.353414286403739730e-01 8.359227537759507110e-01
8.737488586848198013e-02 1.606947553175080423e-01 2.688182388695041780e-01 4.139063815155006876e-01 3.434409169787445149e-01 4.423454705473569004e-01 6.044755977543094794e-01 5.599659046182973166e-01 7.397303037202916931e-01 1.000000000000000000e+00 6.506342995045376609e-01 7.169896349583663175e-01 6.433498245078510536e-01 6.093425480844780751e-01 7.534987703225241029e-01 7.331859941624764287e-01 6.886053864066934427e-01 5.849879415612257993e-01 5.785084766709296389e-01 5.157393728333810046e-01 6.004829669969891093e-01 5.931412760288425901e-01 6.545432059503343281e-01 5.989904070462941377e-01 5.963436022657460089e-01 7.152386741393059744e-01 7.167573705153554853e-01 7.303364411358327368e-01 6.896053181246750707e-01 7.253458336787177441e-01 7.459689755956965262e-01 7.593425296757092546e-01 7.248677674916773617e-01 7.470727709385894810e-01 7.048243906699902528e-01 7.563843655230125806e-01 7.495864610706882702e-01 8.033196822917695323e-01 7.931530618507225405e-01 7.807975595702901783e-01 7.935515364700423957e-01 7.902593779568414245e-01 7.841346371521948910e-01 7.880975061301194184e-01 7.852917387210531786e-01 7.888790023978214938e-01 7.958074735517428611e-01 8.039982259279243593e-01 7.940433640630683021e-01 7.774250482782029126e-01 7.950913990419581356e-01 7.583111743660954085e-01 7.802771360583961036e-01 7.968666864490635549e-01 7.858922255428104631e-01 7.956419846745914626e-01 7.946078701543334288e-01 7.959639434226589705e-01 8.003835162227957989e-01 8.044037290047801880e-01 7.888451284509893080e-01 7.996390447832084636e-01 7.932004210788980991e-01 7.972832051772535955e-01 7.804488680770237385e-01 7.903807312549069319e-01 7.960037512348498989e-01 7.907305789287322195e-01 7.886345261066396439e-01 7.606933953986774188e-01 7.708203249360471299e-01 7.811479008259505363e-01 7.705534361757464534e-01 7.778276359385097871e-01 8.002709899613350553e-01 7.963100338816310186e-01 7.964946590131163351e-01 7.875040312101863060e-01 7.963841332868585310e-01 7.936099592845903272e-01 7.895580718449175528e-01 7.983667864816232917e-01 7.993515045104940819e-01 7.828682313842938445e-01 7.885586153618167060e-01 7.921244564404874566e-01 7.972338394422409102e-01 8.039283867627187163e-01 8.037281698820518683e-01 8.030455928632509455e-01 8.027984399452132713e-01 8.018595056848670799e-01 8.021762196959119073e-01 8.021885739161030981e-01 7.894585399686862015e-01 7.962458661079493405e-01 7.984971862840930523e-01 7.899993396669036105e-01 7.965605315802077868e-01 7.962084264965249014e-01 7.970118839714172010e-01 7.983606734475958699e-01 7.880855353326207124e-01 7.982147974091557963e-01 7.982435856980725220e-01 7.943722243120026061e-01 7.949439013017544076e-01 7.990760405235779462e-01 8.009400807764703867e-01 7.982913684882684269e-01 8.022675717673889428e-01 7.979943724145718287e-01 7.984348612576614990e-01 7.975345906129965856e-01 7.952229149847953593e-01 7.957370593038611828e-01
1.553996078429986660e-01 1.195609700547529408e-01 3.802975603865113019e-01 4.938418912347843914e-01 3.507024320643745696e-01 4.575602799016041389e-01 6.641665450040524776e-01 6.048398115395019481e-01 7.287413279664293198e-01 6.506342995045376609e-01 1.000000000000000000e+00 7.666115111093680934e-01 6.159282482331187580e-01 5.917414843725311568e-01 7.614586627147813536e-01 7.387171765227267262e-01 6.761474534070512910e-01 6.668710163567685978e-01 6.920240214332626927e-01 6.075929740427513659e-01 7.020582428546069398e-01 7.177984321541409640e-01 7.035992015937538868e-01 7.049650795781721158e-01 7.061924650294728600e-01 7.668661803118494991e-01 7.741866315784083907e-01 7.676323009229434335e-01 7.270666734713993051e-01 7.925886627818863328e-01 8.140132899859504612e-01 7.667289230496517893e-01 7.509702605868245895e-01 7.841403240781467110e-01 7.445850514486717087e-01 8.049356015644623108e-01 8.081753789131270738e-01 7.826840377402950466e-01 8.017715236133942103e-01 7.869060684820681217e-01 7.879192112690529548e-01 7.794340526597088870e-01 7.963078463391245476e-01 7.955926114207442224e-01 8.067832379072487070e-01 7.924839866389759013e-01 7.746880799557880337e-01 7.733746334358441166e-01 7.628190012000968245e-01 7.696983074301764205e-01 7.820744402160142439e-01 7.790441561103516044e-01 7.804054337863206570e-01 7.795755217810540483e-01 7.783792928712611747e-01 7.866646469046968404e-01 7.848449140913233979e-01 7.674464225416793850e-01 7.753458975022944344e-01 7.892921227133079531e-01 7.735180188836799919e-01 7.859539454282752358e-01 7.862924764184995308e-01 7.782217669225391932e-01 7.908383295067717977e-01 7.981981726880745809e-01 7.674812359784137783e-01 7.977940845967594896e-01 7.842125522502835233e-01 7.780705174458480977e-01 8.067771956917103582e-01 8.114042080193132334e-01 7.923056631459385324e-01 8.076825392091632194e-01 8.021257217981565546e-01 8.011128554050640505e-01 7.970757984903916737e-01 7.938732928550562562e-01 8.056967736059084118e-01 8.010189348508814922e-01 8.003571235149977703e-01 8.042693104122493608e-01 7.807858696809030219e-01 7.892101491870380237e-01 7.851810199620662400e-01 7.935029169988909725e-01 8.025859355036001341e-01 7.786780589177457745e-01 7.921330407649423977e-01 7.889530702269106355e-01 8.001248615101533845e-01 7.831053838935088107e-01 7.987044024293732392e-01 7.881739305166541865e-01 7.637023331345454968e-01 7.674098059164957686e-01 7.744876959313101716e-01 7.692623575508942269e-01 7.700481224087446508e-01 7.681473202341611017e-01 7.779633929254858860e-01 7.709992592855157145e-01 7.741619154006152970e-01 7.769887775160392307e-01 7.896782310178501740e-01 7.732405176138572589e-01 7.674344119540831288e-01 7.688030607918097115e-01 7.739788810641586858e-01 7.711046878530776194e-01 7.727517580295902855e-01 7.749151977850560202e-01 7.736072732053487222e-01 7.689658077039954742e-01 7.836262832544329537e-01 7.841519981971857289e-01
6.863920659769605359e-02 1.301110879946098253e-01 3.338885745397788818e-01 5.554891236876081662e-01 3.923967655504342344e-01 4.952802353978630334e-01 6.945049434871705119e-01 6.715963178591188854e-01 7.645331544028959314e-01 7.169896349583663175e-01 7.666115111093680934e-01 1.000000000000000000e+00 7.318999739233699176e-01 6.699583387309487881e-01 8.599580778408927317e-01 8.461741601858614459e-01 7.374603576022091822e-01 6.347877581156660121e-01 6.415343528327093203e-01 6.068691454651001793e-01 6.750711780040051790e-01 6.596384463488204064e-01 7.066794290387258259e-01 6.779695878371589934e-01 6.575122800316756111e-01 7.761058160429874508e-01 8.106551884741409753e-01 7.945699065995938115e-01 7.435249760338995539e-01 8.015788427340730937e-01 8.343617939747617340e-01 8.302781860565802141e-01 7.752838447734934357e-01 8.284739486298319244e-01 7.787021221155748796e-01 8.396817690201746620e-01 8.344514459522384131e-01 8.634008428114671174e-01 8.701803068071328751e-01 8.352884465128554980e-01 8.844446901515534698e-01 8.664785765563585151e-01 8.670681224242133833e-01 8.779217338080583799e-01 8.637636160509944983e-01 8.708607370954087878e-01 8.801295720099955311e-01 8.812886680205104240e-01 8.709542148241614656e-01 8.589184922029683422e-01 8.739657724605951472e-01 8.677341513165113263e-01 8.784631157152398284e-01 8.689582173175034452e-01 8.510915170579375078e-01 8.613320334634214648e-01 8.691585689753085209e-01 8.756082253062360543e-01 8.673680173003033289e-01 8.847009941186990689e-01 8.883236692549765223e-01 8.746629931613726372e-01 8.657236888544669329e-01 8.801922302159547185e-01 8.697497020924604971e-01 8.826845115524698526e-01 8.793386436282280005e-01 8.790895991639589013e-01 8.712958317089057880e-01 8.619192678410827479e-01 8.604990034704635971e-01 8.709225056788851838e-01 8.682476366927089906e-01 8.677840362831539256e-01 8.883115366830059978e-01 8.841642757636885008e-01 8.802782480056218217e-01 8.648847840456556080e-01 8.814694063517152234e-01 8.841031734726468860e-01 8.821593469508660634e-01 8.923224783407706084e-01 8.730752402527282019e-01 8.619327708497224183e-01 8.731509176989655785e-01 8.814728260265680682e-01 8.863062762659404958e-01 8.822520627506157398e-01 8.848977495891364731e-01 8.808894207131732212e-01 8.805738486906407037e-01 8.884783776162828994e-01 8.940775374464484671e-01 8.910056682731812838e-01 8.827109702209876563e-01 8.819030840177581876e-01 8.796432149731813199e-01 8.791481261174165507e-01 8.824172590894011625e-01 8.803391535850838556e-01 8.847919954825212985e-01 8.818763316975276600e-01 8.900740723423514744e-01 8.896136198579757126e-01 8.930970808933225147e-01 8.785175320558804568e-01 8.809597723558810767e-01 8.801729336632045930e-01 8.808382998089991922e-01 8.842000280660293754e-01 8.790245315763173251e-01 8.857048720828898380e-01 8.811562307760398838e-01 8.814315200520237426e-01 8.824161677702769824e-01 8.879903439130941711e-01
9.946515470005140233e-03 1.068430629747472854e-01 2.132351690415379419e-01 3.930618182190796506e-01 3.474800730809775584e-01 4.209500762709889043e-01 5.878790501950335035e-01 5.980180788617560639e-01 6.646390042184389113e-01 6.433498245078510536e-01 6.159282482331187580e-01 7.318999739233699176e-01 1.000000000000000000e+00 6.261429791249452093e-01 7.705184200011389040e-01 7.577685376439237119e-01 6.452776523056794611e-01 5.019358220695143702e-01 5.146227806193136578e-01 5.196225505436519176e-01 5.385087008242227524e-01 5.179169069959135285e-01 5.834458299607129250e-01 5.531320458386720373e-01 5.277809791148921903e-01 6.320218135210394772e-01 6.657855249088217020e-01 6.594018910253903742e-01 6.167222955568648635e-01 6.724447992238641314e-01 6.939332658571047974e-01 7.313053706307357515e-01 6.721944986343748596e-01 7.271086292083884794e-01 6.738160274136552053e-01 7.250577351798855874e-01 7.120927628981033042e-01 7.657131654728589476e-01 7.668375488044770760e-01 7.242910072841260982e-01 7.829307664168174696e-01 7.721194712707015739e-01 7.625750601592999889e-01 7.724187805206221835e-01 7.538582838276148834e-01 7.716022074237219863e-01 8.054304143155326390e-01 8.053722250216798217e-01 8.022007754259055101e-01 7.735285487254223158e-01 7.889485345851625642e-01 7.676672713295299433e-01 7.859517664230296630e-01 7.860074629602518126e-01 7.613538434841629066e-01 7.619165498206599274e-01 7.759844836329530260e-01 7.991705526775932933e-01 7.816211452391534920e-01 8.018482726800565397e-01 8.132338706293937847e-01 7.922919195234479073e-01 7.792227276253536061e-01 8.010400464394346054e-01 7.824135319541701827e-01 7.875705456425522444e-01 8.062494141033050843e-01 7.883345915164815532e-01 7.849714015474110740e-01 7.769879540406964269e-01 7.608171299161253787e-01 7.745649202736953898e-01 7.776847726123937710e-01 7.677757623076514326e-01 7.856788856281703426e-01 7.891863522235397221e-01 7.872439960656936186e-01 7.704544995982919309e-01 7.775642054417224447e-01 7.869472321558369510e-01 7.932183648929310715e-01 7.972277991412956011e-01 7.883352767160966001e-01 7.774907420953531823e-01 7.954564056328029542e-01 7.986596102525982399e-01 7.947870715480125359e-01 8.069204883232079517e-01 8.018341677359662745e-01 7.926372565509514079e-01 7.924701420208530855e-01 8.094895636974668296e-01 8.018828186759699994e-01 8.068902329952057917e-01 8.153879140835115225e-01 8.146406387796482074e-01 8.013516499135794335e-01 8.045579166357318401e-01 8.105516101736744972e-01 8.108442824963499884e-01 8.085980099065137594e-01 8.065301316537228926e-01 8.102544902152284401e-01 8.124035833714343680e-01 8.080906889019165984e-01 7.983666598156000660e-01 8.113450764395799819e-01 8.091183357113929109e-01 8.033047223479065080e-01 8.122276386059430475e-01 8.061130971206013074e-01 8.138174608001120802e-01 8.073018089160640676e-01 8.120188844779375748e-01 8.048802745182522811e-01 8.062688630602740103e-01
