1.000000000000000000e+00 1.409293860115342079e-01 6.686480681967717221e-02 -1.628693693039125548e-02 6.683328938255906661e-03 -8.002529788893390783e-02 1.906452316936328370e-02 5.117161322176770610e-02 1.139343106967705826e-01 3.245609020636851944e-02 6.335206907930349129e-02 -1.193867496993973945e-02 3.092337154180210129e-02 -4.557311334012832671e-03 -3.823122121986516787e-03 1.087599676482714668e-02 1.407997357020278062e-01 2.134369691949046799e-01 1.738140385857167569e-01 7.843915534132589462e-02 5.621214306873442701e-02 1.298109095717856765e-01 2.142453148817364539e-01 1.954776045891379599e-01 1.720280198393180360e-01 1.320286364260128964e-01 6.868855512916259565e-02 8.402519057438996575e-02 9.296047866647760838e-02 6.345516981140757184e-02 8.786925124729767778e-02 1.053947261988388284e-01 6.074134438628867039e-02 9.091012429031455899e-02 8.258316534109813589e-02 7.221706759734146386e-02 5.725634471051587598e-02 5.625052532878446754e-02 3.110137712407241850e-02 3.103250981642158290e-02 2.460940356314405067e-02 1.792731805900979122e-02 8.355310479099216370e-03 2.120322172575384370e-02 3.972466238838211205e-02 3.210821678588662853e-02 1.726452703412739362e-02 2.024846654826668174e-02 2.585538270823607362e-02 2.965354593992945015e-02 3.570679328917871626e-02 2.269138110423258095e-02 3.317495265460620318e-02 4.962297544775861463e-02 7.476323754416806799e-02 7.221116312251071867e-02 6.605044251994703075e-02 2.389175274237806054e-02 4.357207331818104684e-02 3.813160450042304972e-02 1.631129163010798522e-02 5.197651394623391957e-02 4.769364321155598885e-02 3.288229070748876354e-02 6.430720251715175972e-02 5.809935651451375582e-02 3.744380406077360557e-02 5.999976237482435720e-02 7.213538935340339797e-02 3.615458630572850746e-02 2.079345272995832689e-02 4.243104499302741139e-02 8.166720237574093266e-02 4.995012875872818087e-02 4.416533763986583982e-02 2.090679032283218955e-02 3.417369317808966606e-02 3.700879200672428648e-02 2.962549354663155526e-02 2.586959353278203352e-02 3.282556280162765572e-02 3.058239645836685963e-02 6.291237785658927717e-02 4.580191485644965338e-02 4.243779684627134452e-02 4.879263162171950524e-02 3.567773803638691482e-02 2.942883723188745304e-02 2.219956839708699114e-02 5.684590972298009248e-02 4.011791322831207568e-02 2.158227251727629428e-02 1.476249546527228472e-02 1.464961976122867646e-02 1.086009062194211172e-02 1.484817770437685432e-02 1.826696376617480133e-02 4.687359036667994305e-02 2.077322738805888191e-02 2.525024967249633531e-02 5.429059775954573784e-04 2.785503921710732328e-02 1.729053873041954195e-02 6.975706251295453984e-03 1.964974510807818153e-02 4.469854316375767439e-02 2.255677192222996924e-02 2.983878694989719471e-02 4.273518867184109005e-02 2.681905188405707754e-02 2.376751893348342040e-02 1.903107793752298327e-02 2.211605192561165098e-02 2.026443038397196875e-02 3.807742987719175964e-02 2.463617759747111641e-02
1.409293860115342079e-01 1.000000000000000000e+00 5.659470383482001488e-02 7.103847292357973187e-02 9.650237958691659790e-02 6.434832818760352624e-02 1.626339120069759114e-01 1.174784903935323921e-01 1.808862746116370601e-01 1.725519005184641963e-01 1.567912800826399833e-01 1.452473628312584697e-01 1.443319052883149101e-01 1.428616771381627515e-01 1.517171462648963520e-01 1.578161864258749436e-01 1.935958758798585200e-01 2.083426761053534249e-01 1.975028593369038132e-01 9.662666415198445380e-02 1.228332502775653923e-01 1.858554847117284137e-01 2.213930533042161031e-01 1.891160176579235186e-01 2.032947591161754497e-01 2.080363977019869526e-01 1.768110857191842744e-01 1.944694195645555734e-01 2.041602962964608747e-01 1.956716117487685980e-01 2.010105063379136470e-01 2.034928631446694114e-01 1.901353913499707615e-01 1.887833280837991623e-01 1.958443865455953281e-01 1.770083480233689277e-01 1.811082535982426744e-01 1.890860080087927442e-01 1.742138570637712380e-01 1.647770342310745928e-01 1.766811331416346387e-01 1.695901681832444052e-01 1.380044122785566707e-01 1.717508397607383774e-01 1.774265549387590568e-01 1.806689879756187278e-01 1.688496746608859067e-01 1.761021313951047496e-01 1.756560673719976817e-01 1.687524743574437547e-01 1.667756469749103465e-01 1.491253737257753342e-01 1.720430525841075697e-01 1.861515109038316407e-01 1.922198760947997909e-01 1.947389715164126178e-01 1.883210458048247549e-01 1.697410127995765960e-01 1.853893388230481998e-01 1.773086140831942048e-01 1.649378467889716926e-01 1.824235870117006109e-01 1.773310802796861096e-01 1.716032524935295345e-01 1.877917667022068193e-01 1.798119613391035709e-01 1.808069181292626670e-01 1.865523396235812259e-01 1.962739544579172879e-01 1.615819273233780051e-01 1.647900027007660473e-01 1.831778477052870835e-01 1.845093554394061364e-01 1.736599932875097230e-01 1.881104549101821344e-01 1.752262032086390475e-01 1.802391616941465269e-01 1.890017143423448343e-01 1.815042386081685555e-01 1.832411125206755698e-01 1.908705352409468814e-01 1.857468753986504240e-01 1.953375649107557399e-01 1.900046250848539953e-01 1.792586252500145416e-01 1.853149403057165190e-01 1.839882262498921395e-01 1.774409589934027587e-01 1.762799081778131105e-01 1.871762645590879515e-01 1.797647632371338344e-01 1.747621713423478107e-01 1.713446869779959580e-01 1.730131150264486717e-01 1.703766914078823913e-01 1.774208508347658586e-01 1.635737563093185853e-01 1.798164572396507288e-01 1.704586259176121832e-01 1.723421962478375868e-01 1.561041167317191725e-01 1.787728115192802614e-01 1.674741550948330160e-01 1.626547556050932652e-01 1.695492001429921847e-01 1.798365476076745073e-01 1.759285607848557476e-01 1.830078086126840087e-01 1.869232467409175646e-01 1.771152025689066434e-01 1.780295348001507683e-01 1.741822180117806318e-01 1.782016705563046755e-01 1.761662372323690717e-01 1.831864466315661633e-01 1.755316173370739530e-01
6.686480681967717221e-02 5.659470383482001488e-02 1.000000000000000000e+00 3.258148434080364031e-01 1.986531707351286979e-01 2.083505163096118773e-01 3.660336999474786412e-01 3.416736170530511041e-01 3.284839015116407523e-01 2.979005238149339818e-01 3.636684344090934107e-01 3.702447221538843203e-01 3.505286692295059292e-01 3.184540413803010894e-01 3.648995009838874037e-01 3.769846584378783727e-01 3.724995604096388857e-01 3.756859947687473111e-01 3.837503975784971044e-01 3.456948984213271681e-01 3.909174065429943945e-01 3.942768179056146960e-01 3.833344970991589551e-01 3.913152240861856868e-01 3.736478995974413797e-01 3.602239921836566938e-01 3.693024089897106177e-01 3.782172276221579810e-01 3.492968993613971840e-01 3.480277302956843455e-01 3.558405890344479294e-01 3.917320423446474797e-01 3.687132120797899648e-01 4.075918399428558603e-01 3.618694619007139512e-01 3.877066606104085378e-01 3.611082350232729388e-01 3.802541093671428230e-01 3.798992820920246705e-01 3.702719621074233580e-01 3.616453525610568431e-01 3.649089894685568214e-01 3.681632575827352150e-01 3.746378742860121402e-01 3.826367443750700037e-01 3.597620855364708214e-01 3.637858226475063628e-01 3.607283248114508400e-01 3.574252068805341964e-01 3.770169055954921133e-01 3.735721805142990237e-01 3.772818281274663565e-01 3.741538488526824358e-01 3.612867000031237397e-01 3.616718303423837044e-01 3.626949083378418481e-01 3.628928942982087014e-01 3.593304590686416389e-01 3.585524088897011907e-01 3.601434007979770757e-01 3.678778285916328716e-01 3.508273286132462254e-01 3.556634702535197978e-01 3.732871996554547600e-01 3.688226268329434232e-01 3.673569816428987056e-01 3.676387922681285669e-01 3.831354551557897836e-01 3.795805371156861230e-01 3.904764281553039784e-01 3.905043560279896075e-01 3.789683012827576025e-01 3.978782404317581234e-01 3.890104472120410328e-01 3.723565972727723716e-01 3.704366504240896307e-01 3.689912606513170990e-01 3.622022190903816385e-01 3.644899140729116471e-01 3.597923840848676336e-01 3.681971672911587001e-01 3.618919265440202482e-01 3.738605216964783762e-01 3.741659195106251112e-01 3.888206613961388558e-01 3.900422958289778697e-01 3.762434723177552343e-01 3.738475262769815344e-01 3.723451542555115124e-01 3.771565844008208934e-01 3.812527112164141863e-01 3.709397808806463859e-01 3.733216154391414410e-01 3.651119505228631601e-01 3.612311309813819316e-01 3.626113391900449012e-01 3.788168293670247655e-01 3.700094289532501191e-01 3.721414847562643513e-01 3.793263483483858556e-01 3.724827402066184234e-01 3.714166540769571756e-01 3.673282574511685383e-01 3.689541172152923099e-01 3.792459725457645314e-01 3.709741970873078887e-01 3.641500767119622006e-01 3.603305689567167791e-01 3.659874030645928755e-01 3.655911388041800936e-01 3.676570010308262137e-01 3.626028894887454168e-01 3.597843391810647273e-01 3.653939681570066988e-01 3.704180448655896019e-01 3.630846102371322326e-01
-1.628693693039125548e-02 7.103847292357973187e-02 3.258148434080364031e-01 1.000000000000000000e+00 3.135189587906685449e-01 3.649041517756959618e-01 6.087357950807511520e-01 5.781339586323600566e-01 4.517083023714736356e-01 4.341142978433329969e-01 5.424631707793892144e-01 6.310223706389747056e-01 5.232724117205216352e-01 5.270914262813570783e-01 5.873414062747499553e-01 5.952914836552982703e-01 4.975599880154005228e-01 4.384036189568793485e-01 4.797136881926964413e-01 5.033292999420505565e-01 5.685164396267239351e-01 5.594676446978421591e-01 4.565503946326249229e-01 4.715758950581568354e-01 4.902730142860033391e-01 5.184964596502968925e-01 5.507356023679382817e-01 5.523304676331872720e-01 5.058947510985291052e-01 5.061674716822379683e-01 5.151528557240317996e-01 5.333386694950811302e-01 5.316794083428580953e-01 5.557877071250990619e-01 4.939891441032465691e-01 5.638437672021963110e-01 5.234494465528979346e-01 5.658809471420016557e-01 5.720784344883184103e-01 5.888447104641547636e-01 5.646152417392514833e-01 5.747462136530209209e-01 6.096795465440091322e-01 5.890760730520501198e-01 5.775208535428286716e-01 5.647074941375506141e-01 5.521314983891630890e-01 5.476390377152402511e-01 5.552279571741604025e-01 5.870543191039592212e-01 5.951992038496692894e-01 6.128288122495086920e-01 5.701099803374815034e-01 5.334363162825627169e-01 5.389819946323780586e-01 5.387804317887494587e-01 5.473092846280183110e-01 5.551144830705159183e-01 5.524385041152426457e-01 5.441654040264662928e-01 5.739710985371897500e-01 5.343693997942873253e-01 5.545117383289466240e-01 5.728696891210567355e-01 5.390644587679647159e-01 5.566737865811117736e-01 5.484943357500199346e-01 5.563557744549394446e-01 5.372798742166420283e-01 5.795637799939725721e-01 5.953980807651989560e-01 5.636664779029670891e-01 5.559829220488885504e-01 5.770562479791655486e-01 5.618978730222270457e-01 5.619465198296998976e-01 5.609948956191005420e-01 5.445790309772148285e-01 5.645720946854655420e-01 5.426964363824909876e-01 5.399016743657326645e-01 5.455922995920909901e-01 5.449985439322699854e-01 5.434221885062552326e-01 5.744851018671093268e-01 5.581550795132428355e-01 5.525950672822630416e-01 5.718153367653430186e-01 5.672271363788802256e-01 5.694073309291359797e-01 5.759463806285552989e-01 5.703536684102838983e-01 5.680664588709741780e-01 5.662405958782392723e-01 5.520101871819547146e-01 5.535279439170421867e-01 6.050833479103346901e-01 5.682062531530370775e-01 5.726858767656819449e-01 5.853148029351551429e-01 5.946480131350406761e-01 5.827278483194450187e-01 5.698782644960169730e-01 5.755026663740331339e-01 5.820130083514343244e-01 5.709130550389118763e-01 5.576038844374796577e-01 5.403813169853167730e-01 5.503374317389625459e-01 5.596486164196045054e-01 5.681381915175485187e-01 5.548136302809256737e-01 5.557570971124832226e-01 5.667739267313384177e-01 5.526421995280277333e-01 5.576842558655700222e-01
6.683328938255906661e-03 9.650237958691659790e-02 1.986531707351286979e-01 3.135189587906685449e-01 1.000000000000000000e+00 2.869903986761236370e-01 4.512356182632206725e-01 4.506404942257175028e-01 4.432503198712803849e-01 4.156088050480932772e-01 4.612352887749826547e-01 4.756044880152779375e-01 4.445060263392991429e-01 4.538598145316016241e-01 4.972732611427618243e-01 4.913572544622559768e-01 4.565864641231873189e-01 4.271718609592471960e-01 4.458555140809758455e-01 3.590952333366626004e-01 4.183374606924660788e-01 4.672980096164635055e-01 4.450188535303600257e-01 4.359258350635532575e-01 4.525343503617292318e-01 4.859343016021555051e-01 4.915746749720263375e-01 4.878475596047783802e-01 4.754427892852877702e-01 4.797591255938374877e-01 4.905264650161175743e-01 4.918796929940451590e-01 4.747378176648870407e-01 4.902440613657217394e-01 4.703160043733412565e-01 4.872461658237906001e-01 4.806064015425959846e-01 4.986949548591080306e-01 5.085241099901989248e-01 5.007442690339184432e-01 5.043881715415007294e-01 5.048189423833856493e-01 5.039678063716207523e-01 5.077092223809007709e-01 5.027969638505274119e-01 5.060692065195429024e-01 4.972362869114046457e-01 4.953395092221751783e-01 4.905072305079861139e-01 4.960313043302761460e-01 5.037873028079898896e-01 4.956161129163406120e-01 4.904626036744335060e-01 4.994492342987378319e-01 4.975453729922175161e-01 4.991378968540489125e-01 4.949411467033442702e-01 4.956631234946737297e-01 4.969749512351538945e-01 4.955679899991502491e-01 5.020088313017582182e-01 4.902714547778291854e-01 4.951103193462870200e-01 5.019965726040173104e-01 4.944912286562239689e-01 4.981534891399937992e-01 4.958409366827292719e-01 5.024893877968699130e-01 4.968350653437367259e-01 4.912058618695829271e-01 5.018161760903953050e-01 5.047915383174035320e-01 4.985878522759756293e-01 5.039844990674803293e-01 5.011209837709764692e-01 4.948173066918951646e-01 5.016577318355324167e-01 4.940448544851498980e-01 4.981401250905230782e-01 4.883706529799501372e-01 4.885756489819952919e-01 4.963883659205949317e-01 4.983260573823013462e-01 4.921478118119337886e-01 5.024251205950496235e-01 5.029911858452531526e-01 4.995980398874448336e-01 5.055505474709112157e-01 5.045829438815803147e-01 5.049078566261422374e-01 5.069576982253735098e-01 5.064095339511746063e-01 5.048871037744363521e-01 5.040038959196955215e-01 4.963442202293983918e-01 4.985156054287498972e-01 5.050687718858972719e-01 4.995688269847358698e-01 5.021958311726347768e-01 5.056313914013100819e-01 5.088299859050238183e-01 5.011756173917149004e-01 5.008045019595724900e-01 5.054572752160619853e-01 5.052853211276201462e-01 4.984881653511989974e-01 4.987129745467734354e-01 4.981412851723430180e-01 4.995878675570136762e-01 4.974905127483172373e-01 5.017166099322145634e-01 4.993179132923115660e-01 4.956304023439556117e-01 5.005722245738917220e-01 5.000105558009001472e-01 4.986375794603226663e-01
-8.002529788893390783e-02 6.434832818760352624e-02 2.083505163096118773e-01 3.649041517756959618e-01 2.869903986761236370e-01 1.000000000000000000e+00 4.974135709693907059e-01 4.519858806669104778e-01 4.964077177751309300e-01 4.869064735241170894e-01 5.118599902062974660e-01 5.614646130566590676e-01 4.923373779539096384e-01 5.278554720048440618e-01 5.633784608195679944e-01 5.568768398641567030e-01 4.715902548128513838e-01 4.139889512150977113e-01 4.512107433700441872e-01 4.012804030406715849e-01 4.386284724958461889e-01 4.835112721965496574e-01 4.403031020581896771e-01 4.254500563897545828e-01 4.426912479844937187e-01 5.035178983055176305e-01 5.377266408071024184e-01 5.362196987052721964e-01 5.068736878093481613e-01 5.390708905728989198e-01 5.418683564721349377e-01 5.329598076262346273e-01 5.259968351716268753e-01 5.274193210907786034e-01 5.344709443027937379e-01 5.278546693114866128e-01 5.478819688767259111e-01 5.495230805108081151e-01 5.594288853522417782e-01 5.325891634365115257e-01 5.642041298040330055e-01 5.694625174392147215e-01 5.531754869495282279e-01 5.708035955748085311e-01 5.574044106915961860e-01 5.577396584955166547e-01 5.718596608676838056e-01 5.730770192032722532e-01 5.679675115188449475e-01 5.554093288536354756e-01 5.590084773884458347e-01 5.413391985939772777e-01 5.545032686523503340e-01 5.584802982787621106e-01 5.429551817957919413e-01 5.432217167751579590e-01 5.477273811004778059e-01 5.674398954317285693e-01 5.604323057895196358e-01 5.633695366725051112e-01 5.710420902831410128e-01 5.550833570551271245e-01 5.541648481942712534e-01 5.689087491245335970e-01 5.519448386677595630e-01 5.570543881376011086e-01 5.692391699993988308e-01 5.617497869333955007e-01 5.568207907316995442e-01 5.581082381671527148e-01 5.698546315468607792e-01 5.636567466162616391e-01 5.443911943940165088e-01 5.552203145760313818e-01 5.682499319300331475e-01 5.733598421556035385e-01 5.713286013188696444e-01 5.655028684908209868e-01 5.704124664726818450e-01 5.657908212456925767e-01 5.669147510001923962e-01 5.689268582250437412e-01 5.588171013829049683e-01 5.641600621181527275e-01 5.639448444741368416e-01 5.632456592270516094e-01 5.716478092546242173e-01 5.726512576663718157e-01 5.732066996229346900e-01 5.580922565602979279e-01 5.661652995569581570e-01 5.743626196735406308e-01 5.770004504800942957e-01 5.744685505815737558e-01 5.769049083827696434e-01 5.764837619136095048e-01 5.614338333488583244e-01 5.626649259059463004e-01 5.735209477444114246e-01 5.707703490824380665e-01 5.737502002939532941e-01 5.727979616722227441e-01 5.742731393260562811e-01 5.807600631430996918e-01 5.709436256717125291e-01 5.623619512322473035e-01 5.728243054431859660e-01 5.697292581271914402e-01 5.636434888253620823e-01 5.742896094794783801e-01 5.714899803765340902e-01 5.738775549767557438e-01 5.708815039785392065e-01 5.756196821169176081e-01 5.679054189186205637e-01 5.696464750612730832e-01
1.906452316936328370e-02 1.626339120069759114e-01 3.660336999474786412e-01 6.087357950807511520e-01 4.512356182632206725e-01 4.974135709693907059e-01 1.000000000000000000e+00 7.298734170471524729e-01 6.865895107342850912e-01 6.579410530436172744e-01 7.547694862956713102e-01 8.164731630163041265e-01 7.323719691083707684e-01 7.279515367051083707e-01 8.331358928398299168e-01 8.080495747763073444e-01 7.180833967647857197e-01 6.740565686692999714e-01 7.112420724455188470e-01 6.402466827862559606e-01 7.219641314813517452e-01 7.646475868855077129e-01 6.987340055123628657e-01 6.801055948221162994e-01 7.179327946551543604e-01 7.707055790803835071e-01 7.765597776358921234e-01 7.907895516713969730e-01 7.534688215703074787e-01 7.692709432211325415e-01 7.806317813828566043e-01 7.853501476314260765e-01 7.719194398212027020e-01 7.978005608674022531e-01 7.522413953190649760e-01 8.027363967815197565e-01 7.801544381493130675e-01 8.211411664475767314e-01 8.168044321261177521e-01 8.184873217719605965e-01 8.083682326923368189e-01 8.204516542645545751e-01 8.285600845389815561e-01 8.228360879440287379e-01 8.148688913374576570e-01 8.178858160005018085e-01 7.953518844456205494e-01 7.949638723989042033e-01 7.990430809055548700e-01 8.207912135926089814e-01 8.285301164030879351e-01 8.038528487898192187e-01 7.949714652510617707e-01 7.840232465554908270e-01 7.866722139822051041e-01 7.976765694350023139e-01 7.859127248223995998e-01 7.967777736731491700e-01 7.935662381971235746e-01 7.859198187891290877e-01 8.068022381403507914e-01 7.769409924725182437e-01 7.871858430427571829e-01 8.058091782792293767e-01 7.845152663589357589e-01 7.908659149848612513e-01 7.951823115353792160e-01 7.997585220632889014e-01 7.904257313000486729e-01 8.037203799795089587e-01 8.159079978359609076e-01 8.057097720814726527e-01 7.944348295109769920e-01 8.121943875606529861e-01 8.078845803295382488e-01 8.043970369217315897e-01 8.092927779208481942e-01 7.968500918940348843e-01 8.093692181216085579e-01 7.919349871200332958e-01 7.942483543303527904e-01 7.952463485323919556e-01 8.011077935503695402e-01 8.002608085741209631e-01 8.142160829387175003e-01 8.078995582230138472e-01 8.054244373230885490e-01 8.186201495444849208e-01 8.139390146873098919e-01 8.121680874678375295e-01 8.175519118337857272e-01 8.132705328844797021e-01 8.092291500962305317e-01 8.137477519751025179e-01 7.974937123311510723e-01 7.973495770119859438e-01 8.207729594090632519e-01 7.978626877047999555e-01 8.064055625139058270e-01 8.214000820164005789e-01 8.216867791760782413e-01 8.079883311001924140e-01 8.022449861008095207e-01 8.129019110002501103e-01 8.124461020831009739e-01 7.941848140764069530e-01 7.967936645249300565e-01 7.951429695284704113e-01 7.982256793753481627e-01 8.020016613369510550e-01 8.071011471487018474e-01 7.948110266587632422e-01 7.911398241620755112e-01 8.039190808112834929e-01 7.969313838731911792e-01 7.907065486901498907e-01
5.117161322176770610e-02 1.174784903935323921e-01 3.416736170530511041e-01 5.781339586323600566e-01 4.506404942257175028e-01 4.519858806669104778e-01 7.298734170471524729e-01 1.000000000000000000e+00 6.677196472466077060e-01 6.213612942211850232e-01 7.263246353633344699e-01 7.769931480960469150e-01 7.035763216050009428e-01 6.965827566743771904e-01 7.741300688569134891e-01 7.771451153187134420e-01 7.152684599746111926e-01 6.629242009578030226e-01 6.966648312167182944e-01 6.509138114352983617e-01 7.102794603383207894e-01 7.409531677013424522e-01 6.846306861941124922e-01 6.686326854336401837e-01 6.902437896696059783e-01 7.449664402173371558e-01 7.437627198958368657e-01 7.598863831819752113e-01 7.361723222610347950e-01 7.361521750284641952e-01 7.556446167807285841e-01 7.595632645188127308e-01 7.442717672540569707e-01 7.719311761761271651e-01 7.272260799157457267e-01 7.723935049517937079e-01 7.436299052547153954e-01 7.808531711457883384e-01 7.807507981597754387e-01 7.727858219561811737e-01 7.760550164314354848e-01 7.804637394737731215e-01 7.877233223720786492e-01 7.865398254681055246e-01 7.750865215553243148e-01 7.746861627246404147e-01 7.675043491346884572e-01 7.633247976890247255e-01 7.694565910038085876e-01 7.923655035338204033e-01 7.975335416123585652e-01 7.862926570511492574e-01 7.707525780241567537e-01 7.627362728909118372e-01 7.683637851578434264e-01 7.680983111739911884e-01 7.708888897859177414e-01 7.731639139411281558e-01 7.736683488390454499e-01 7.609983181890320747e-01 7.792643802396387320e-01 7.569327826957957805e-01 7.704856036236203964e-01 7.832324863127262393e-01 7.636288222863424346e-01 7.730417240288076641e-01 7.658681230097695858e-01 7.712391925761100664e-01 7.655211051788550769e-01 7.866243152007240669e-01 7.854902396696283873e-01 7.709131939258725419e-01 7.714551039521547748e-01 7.788283745920099310e-01 7.758194403713559728e-01 7.699596647430041463e-01 7.760175735142043063e-01 7.701084243295620579e-01 7.751768689939347867e-01 7.606308023926408035e-01 7.594937585739154340e-01 7.631107465175973603e-01 7.729547119230457675e-01 7.677478819879443028e-01 7.814016080591741353e-01 7.767534031932195049e-01 7.721781960891043184e-01 7.829761461982023274e-01 7.770834560344337394e-01 7.832502795164716369e-01 7.840964375566695788e-01 7.796840162821522258e-01 7.731798339261627406e-01 7.757487832383136439e-01 7.651822881472416515e-01 7.656186294315550089e-01 7.872051254088239247e-01 7.750231246688252806e-01 7.783018019475538285e-01 7.874535946257549268e-01 7.862979075623965919e-01 7.815131012948298705e-01 7.719277217756588261e-01 7.789276807929779167e-01 7.832972066075325479e-01 7.756106854695651309e-01 7.687776466245388463e-01 7.641704432827037818e-01 7.731574939160343884e-01 7.752197169177889036e-01 7.791370812054975170e-01 7.666344795582938909e-01 7.629762454182489329e-01 7.732902718287961719e-01 7.713861414586791199e-01 7.667743502098406383e-01
1.139343106967705826e-01 1.808862746116370601e-01 3.284839015116407523e-01 4.517083023714736356e-01 4.432503198712803849e-01 4.964077177751309300e-01 6.865895107342850912e-01 6.677196472466077060e-01 1.000000000000000000e+00 7.484627394630367636e-01 7.948820289194743482e-01 8.039820406136001241e-01 7.556830897336891395e-01 7.590185662449521198e-01 8.399579203991379694e-01 8.188967958702912942e-01 7.855216924005173906e-01 7.251845351030361542e-01 7.557290723711804770e-01 6.089162511715338066e-01 6.755133107237214496e-01 7.712230416941322497e-01 7.668258817185911180e-01 7.041168922347451620e-01 7.411412423429357688e-01 8.352768842344153732e-01 8.438348973263624098e-01 8.391270784281027462e-01 8.195105207757830135e-01 8.683828499006952528e-01 8.702942819337590175e-01 8.507979806125353095e-01 8.126133640204630249e-01 8.147331341677873651e-01 8.418818640995732183e-01 8.065570921519199521e-01 8.598901486238730296e-01 8.388957038927971066e-01 8.518691153026360929e-01 7.991850858674061087e-01 8.642842088215089147e-01 8.579223139372997853e-01 8.054878303595024436e-01 8.603284356631706320e-01 8.579675739659503586e-01 8.553981587422790911e-01 8.741982314051538472e-01 8.807638892865234936e-01 8.751283194987371505e-01 8.410058154684125764e-01 8.484361326697662520e-01 8.218896285914230049e-01 8.556449542911451767e-01 8.821767429334101962e-01 8.714292610450961041e-01 8.683984990414901350e-01 8.745755648516447822e-01 8.686959519344737979e-01 8.739902116115403352e-01 8.842053283181964263e-01 8.698802819093004457e-01 8.807734011376266992e-01 8.698739802381604269e-01 8.714885881707227222e-01 8.784414931775791358e-01 8.792636032986069772e-01 8.788677963144375660e-01 8.712072829417873976e-01 8.750504725551726537e-01 8.543257066811682510e-01 8.571825635771126439e-01 8.725631861175484616e-01 8.526578147486720827e-01 8.539920638346333304e-01 8.783887630576442396e-01 8.757581847102084982e-01 8.709554990006065367e-01 8.714437323613476449e-01 8.692947682861896785e-01 8.798361495543856048e-01 8.776299866176423548e-01 8.810403879449235642e-01 8.782563040520668940e-01 8.769755512377325202e-01 8.562036343833983043e-01 8.646587313196837377e-01 8.733993586172896784e-01 8.681509549124604153e-01 8.725238262219122687e-01 8.627570067412062560e-01 8.614004679326213720e-01 8.718525026107786235e-01 8.706008827874882616e-01 8.727401369799933084e-01 8.784130916845155346e-01 8.790148214304123186e-01 8.387285622539289998e-01 8.715432014932286142e-01 8.736189282922559585e-01 8.638670302319459982e-01 8.521561914201818411e-01 8.705636022270969443e-01 8.710023102316897248e-01 8.696851831233516350e-01 8.658575180938634652e-01 8.702117772915092253e-01 8.799403772614413644e-01 8.813211458116400054e-01 8.783902032426605944e-01 8.789731002113039260e-01 8.712654541434043942e-01 8.818839515169775156e-01 8.796998417054718855e-01 8.765542166032592730e-01 8.814301137691076260e-01 8.807424608325197246e-01
3.245609020636851944e-02 1.725519005184641963e-01 2.979005238149339818e-01 4.341142978433329969e-01 4.156088050480932772e-01 4.869064735241170894e-01 6.579410530436172744e-01 6.213612942211850232e-01 7.484627394630367636e-01 1.000000000000000000e+00 7.300602925907593299e-01 7.652995139711818995e-01 7.122160598403266540e-01 7.131664512204538564e-01 7.957620840082708646e-01 7.714840979524466569e-01 6.987121797116943034e-01 6.465138135338691638e-01 6.810125652925300699e-01 5.395237963847130391e-01 6.254184708716140628e-01 7.034787471349034371e-01 6.773253768895918236e-01 6.286761829356605213e-01 6.779690342398585479e-01 7.555410204000554408e-01 7.785779194945124937e-01 7.690136971395185039e-01 7.478642770211592072e-01 8.083908143633252719e-01 8.051813933583285010e-01 7.837691526384631402e-01 7.610984877598971909e-01 7.620290856347545771e-01 7.744920887312967128e-01 7.553677336821772448e-01 7.864086175985565141e-01 7.898473802416274836e-01 7.953503476126991822e-01 7.515410946739120579e-01 8.118187468909286997e-01 8.086773449038535677e-01 7.648943950630168187e-01 8.070008640694090740e-01 8.000716489750597793e-01 8.052169094254119086e-01 8.228982784276408502e-01 8.274203257553621738e-01 8.171739893876793781e-01 7.947415347610026215e-01 7.987844483574543242e-01 7.697251812167650309e-01 7.975258516523986430e-01 8.222547338024355223e-01 8.067190051002032236e-01 8.029137401083306091e-01 8.123544950911046891e-01 8.193615018374909020e-01 8.154297476949909917e-01 8.231944723725113100e-01 8.181517624868283045e-01 8.181437862732841015e-01 8.110467838959897202e-01 8.132163155503623342e-01 8.106192571446828588e-01 8.157693502394497420e-01 8.253574505875558298e-01 8.143754522002719654e-01 8.152653917820115170e-01 7.948841879437561486e-01 8.071495804793770157e-01 8.164540584142868651e-01 7.911838535869588629e-01 8.002547938545163664e-01 8.186101431324925848e-01 8.221964800438417154e-01 8.124330436302950043e-01 8.141694412381584867e-01 8.140474075435024659e-01 8.274369626207485062e-01 8.245528556678194398e-01 8.275955740498988078e-01 8.186444289277343689e-01 8.193070785807993195e-01 8.063754174689646836e-01 8.117644324395615341e-01 8.210623115218287360e-01 8.185617733809276153e-01 8.207109723160029846e-01 8.060455741864800405e-01 8.070722479766611057e-01 8.200736286496936867e-01 8.223324306754737911e-01 8.201355933481555560e-01 8.286571825316546569e-01 8.291304780801939112e-01 7.939875233586151104e-01 8.152837097066325533e-01 8.217392555292127865e-01 8.150753444304728035e-01 8.075266419318263278e-01 8.198992421223825211e-01 8.172492636177436376e-01 8.198024998443647071e-01 8.155797094161543193e-01 8.148135558621886210e-01 8.278150151491325826e-01 8.283572691143298306e-01 8.218561514873267138e-01 8.258459503395920720e-01 8.205272034127095715e-01 8.288645845453075367e-01 8.267287831442478030e-01 8.252027497654803589e-01 8.263499286414572875e-01 8.248497126980931515e-01
6.335206907930349129e-02 1.567912800826399833e-01 3.636684344090934107e-01 5.424631707793892144e-01 4.612352887749826547e-01 5.118599902062974660e-01 7.547694862956713102e-01 7.263246353633344699e-01 7.948820289194743482e-01 7.300602925907593299e-01 1.000000000000000000e+00 8.547330439643839872e-01 7.808695552351416769e-01 7.846357627790178091e-01 8.621107682791588900e-01 8.531805229683834257e-01 8.064246160238036643e-01 7.476494464237157800e-01 7.867138137604164916e-01 6.637776980088212486e-01 7.312636010544841803e-01 8.150392821474565785e-01 7.848871052549667438e-01 7.422087634020929636e-01 7.828907229344227447e-01 8.561218703989645906e-01 8.557692127502194435e-01 8.589278794125244643e-01 8.361658874691861865e-01 8.683784111126707783e-01 8.887311171227599838e-01 8.720987253455145805e-01 8.432974299474372826e-01 8.665952999906377796e-01 8.495314311437345278e-01 8.594036657777813781e-01 8.667807630313971723e-01 8.759044180495125786e-01 8.861802621882860498e-01 8.563293884129402622e-01 8.870896961352109367e-01 8.821008386883194552e-01 8.609143378655323975e-01 8.896006226012116436e-01 8.899190929438565156e-01 8.823629879014114330e-01 8.884159742140802507e-01 8.896066820160364319e-01 8.889356283659557434e-01 8.785384022768663037e-01 8.854701511462281793e-01 8.650123627577470664e-01 8.772038884279931281e-01 8.888510184936202485e-01 8.871125143377071032e-01 8.861614389630858568e-01 8.867249922529777395e-01 8.889635262303630103e-01 8.872147311144842341e-01 8.898183377278876538e-01 8.912121666338552739e-01 8.858523708607968228e-01 8.831609765144367019e-01 8.918456780614941737e-01 8.881820368024629930e-01 8.927565994695838558e-01 8.928381971148978691e-01 8.929004889563670888e-01 8.891699030474208287e-01 8.821485592700900602e-01 8.873216021419736421e-01 8.934956125009838601e-01 8.820213319187278911e-01 8.872102948813729295e-01 8.973934190130276045e-01 8.908192779689071417e-01 8.902821038254815633e-01 8.856081473729585651e-01 8.891323792466687692e-01 8.898598374830984925e-01 8.885561601796300168e-01 8.919623707187526174e-01 8.939165431177340526e-01 8.901863660986700788e-01 8.900901301762819129e-01 8.937949665940233546e-01 8.932509259041380156e-01 8.944793883559502001e-01 8.943979077338133354e-01 8.939611776405586019e-01 8.941453429322846480e-01 8.968447313954447386e-01 8.944056316245084792e-01 8.939021754583706958e-01 8.910854770864453656e-01 8.911721047453385891e-01 8.817939976838591321e-01 8.861504690773925885e-01 8.940076954317256464e-01 8.952056556422336442e-01 8.869684876425917297e-01 8.911733274593869325e-01 8.893862463489597969e-01 8.935370224683860663e-01 8.946781753981566387e-01 8.883692437579209233e-01 8.923273997428803339e-01 8.915875436488019945e-01 8.950691396687546764e-01 8.952435487145836701e-01 8.942436873401077291e-01 8.916157640418329589e-01 8.897905765278615320e-01 8.915410613241833149e-01 8.921830790409032153e-01 8.895978210404734687e-01
-1.193867496993973945e-02 1.452473628312584697e-01 3.702447221538843203e-01 6.310223706389747056e-01 4.756044880152779375e-01 5.614646130566590676e-01 8.164731630163041265e-01 7.769931480960469150e-01 8.039820406136001241e-01 7.652995139711818995e-01 8.547330439643839872e-01 1.000000000000000000e+00 8.150034461265245334e-01 8.335168775726053969e-01 9.176827118756634150e-01 9.048122423073461373e-01 8.080411329491861139e-01 7.243900455668293992e-01 7.794014112068499145e-01 6.755387141917257310e-01 7.661674388316914719e-01 8.339480568821285855e-01 7.629174401371102698e-01 7.287271308505421930e-01 7.761713570443470323e-01 8.520973579656051511e-01 8.796249514693049720e-01 8.775645071954889520e-01 8.389822086499307829e-01 8.869825942157139043e-01 9.014769727961258194e-01 8.853984320761231208e-01 8.576604434272458999e-01 8.819762085918791961e-01 8.599848060210315559e-01 8.839332876384735638e-01 8.900448584654078177e-01 9.032202454190019214e-01 9.204719016625262373e-01 8.926923020988829505e-01 9.205009034329286743e-01 9.252828533866216398e-01 9.132641386789894788e-01 9.343176830302445390e-01 9.227987541493307688e-01 9.158900230519106955e-01 9.284400758444570911e-01 9.274165163807253087e-01 9.281866951881170280e-01 9.200616047438617828e-01 9.278443794826605195e-01 9.231542199638612667e-01 9.159924636143107479e-01 9.175635885935642388e-01 9.083054763654719865e-01 9.070643474416585361e-01 9.182123226291967200e-01 9.252826272733236657e-01 9.200771030013318308e-01 9.237867517344389157e-01 9.351085639860626797e-01 9.172006430742947192e-01 9.206957344230647378e-01 9.322268959508069885e-01 9.157826536258981687e-01 9.252864208653983624e-01 9.270407863215401889e-01 9.209740971643836094e-01 9.120682135127475831e-01 9.175894652639275950e-01 9.338957642731728903e-01 9.273270946243203916e-01 9.044240762378665810e-01 9.226066607389522556e-01 9.279586312338277132e-01 9.315843573324947835e-01 9.251954055422298984e-01 9.151954734655384227e-01 9.255725962463404732e-01 9.238766861847599321e-01 9.210589050987489923e-01 9.254227206608018896e-01 9.203531900730992366e-01 9.203840352482159926e-01 9.241228618702028719e-01 9.223925247905024882e-01 9.262452952611327506e-01 9.324661052371793213e-01 9.333087417749621473e-01 9.223183665154510713e-01 9.288824651613599714e-01 9.351296392979329131e-01 9.349463106885127495e-01 9.345908233551226685e-01 9.327626329645938297e-01 9.330346482695149879e-01 9.284979192386431102e-01 9.244353897916903762e-01 9.365630088644446571e-01 9.367702058338545079e-01 9.382824662244831915e-01 9.361415609199502663e-01 9.342504472615660305e-01 9.388401114908808687e-01 9.386000890738319669e-01 9.283250832723168866e-01 9.324163429485117227e-01 9.262236224683415564e-01 9.269202034866850237e-01 9.328673627791269629e-01 9.353575600157025827e-01 9.326206005659362086e-01 9.316713301613567255e-01 9.347728125317689152e-01 9.289922296510509936e-01 9.317678959638017178e-01
3.092337154180210129e-02 1.443319052883149101e-01 3.505286692295059292e-01 5.232724117205216352e-01 4.445060263392991429e-01 4.923373779539096384e-01 7.323719691083707684e-01 7.035763216050009428e-01 7.556830897336891395e-01 7.122160598403266540e-01 7.808695552351416769e-01 8.150034461265245334e-01 1.000000000000000000e+00 7.732835790585541602e-01 8.427709587043286099e-01 8.382433425855886355e-01 7.625200160702407803e-01 7.251579371809355745e-01 7.597532102939262844e-01 6.180597687942938068e-01 6.952400261425889516e-01 7.838178489931755255e-01 7.569183385465190206e-01 7.280457819916735795e-01 7.586802394998285459e-01 8.142784237866755870e-01 8.242607144547489106e-01 8.210886835799564576e-01 7.941956067028111965e-01 8.379401962944079685e-01 8.398333035686789128e-01 8.450127534621137970e-01 8.065303359864924859e-01 8.342247181214005325e-01 8.213965025137681675e-01 8.260777620889460104e-01 8.349713881831635209e-01 8.415492683720059430e-01 8.513823464091228033e-01 8.152544273543431697e-01 8.508963422851093528e-01 8.526615651424459541e-01 8.308648504126932011e-01 8.618469680121123577e-01 8.529820952131280665e-01 8.472451080974047199e-01 8.603675617969106515e-01 8.597563145942396234e-01 8.571188345320448487e-01 8.441447209403626362e-01 8.516901088282513577e-01 8.368939672557752507e-01 8.499735772143754975e-01 8.564243410732604866e-01 8.524589013076986355e-01 8.529015601784878386e-01 8.526203879423207566e-01 8.570974087329977786e-01 8.531982251859855371e-01 8.614486230362190522e-01 8.618301659527425329e-01 8.526176214614010762e-01 8.530529031749835012e-01 8.599407251206678815e-01 8.546495939355898130e-01 8.598130773038983321e-01 8.617700057975310468e-01 8.639528402160946419e-01 8.609908444862255372e-01 8.484562086338528486e-01 8.594656846213111212e-01 8.656959226184360867e-01 8.560573489206129150e-01 8.585578219270233458e-01 8.651896031966562761e-01 8.612168571707696785e-01 8.589522217076315247e-01 8.523905565984191135e-01 8.621842919628662782e-01 8.584464414236948615e-01 8.571135787370828263e-01 8.606706632865928075e-01 8.637881303517930265e-01 8.619318282787520324e-01 8.583914215214846211e-01 8.622908362758889833e-01 8.613994199464111157e-01 8.633176990441309151e-01 8.633450692998858589e-01 8.604569633531112816e-01 8.598227662783332059e-01 8.646734929724657626e-01 8.638337175685759650e-01 8.628970432442826244e-01 8.617164981344868080e-01 8.628961067209631741e-01 8.503624134368901188e-01 8.553450220847574892e-01 8.636775384529417066e-01 8.625796261520146668e-01 8.589347191582222818e-01 8.615971395904785668e-01 8.608963710838007932e-01 8.647169435333910137e-01 8.632780180358206046e-01 8.587144992611391858e-01 8.629206266727771357e-01 8.627993702588727665e-01 8.647304776682217531e-01 8.636050816715689082e-01 8.624816115498120661e-01 8.625494294162884268e-01 8.596790761765765732e-01 8.635003239028601341e-01 8.628434785092491399e-01 8.614492293782105570e-01
