1.000000000000000000e+00 9.147555332721879484e-02 1.528351900256456064e-01 4.445523259819587208e-02 -6.218348601389430720e-03 5.006726027997643672e-03 3.462016227048034939e-02 8.569659512490934716e-02 1.228196732976563205e-01 3.401571752662192055e-02 5.290351881820883062e-02 3.789074414398752033e-02 5.070760541972837813e-03 1.386212258936268859e-03 2.921618504135129954e-02 1.941029207732922895e-02 1.170742884392617644e-01 8.496694913320353149e-02 8.627214952119915958e-02 3.973110960557414695e-02 8.209936233860434807e-02 7.427868926066587274e-02 9.943372423805024729e-02 5.952707924096253822e-02 9.003833744053502119e-02 9.566281502304706252e-02 8.312833905035917070e-02 5.343190382904849933e-02 1.151915153391486896e-01 1.224473206400270298e-01 6.591785675182822157e-02 4.782165464267374572e-02 5.706124746429289130e-02 6.753567286401912506e-02 9.741401062227175722e-02 5.046599545726533631e-02 4.605979812214903990e-02 2.596604566607867148e-02 3.156289871022655014e-02 -1.905170016812405068e-02 1.966699766155336621e-02 1.864128735062619072e-02 2.171569375596138149e-02 3.412775406008472512e-02 1.920741925226264815e-02 2.673588604554963735e-02 8.516173613048936414e-03 2.239216017542133841e-02 2.522163079312848832e-02 6.530783713755732023e-02 3.969611150193238375e-02 5.649463686848291144e-02 1.768623484162775567e-02 4.896377267467710154e-02 4.703682072200917469e-02 1.484433748117357579e-02 6.772007568701562952e-02 1.799387084500419023e-02 1.799152627128634482e-02 3.588103301494396935e-02 3.041602336601199885e-02 3.963902584675105950e-02 2.763927233206660283e-02 5.466068766856210792e-02 6.446893005548089139e-02 6.326754177630650178e-02 2.820244028837546463e-02 2.091259134577007697e-02 3.139427257394524634e-02 2.160841407085244137e-02 3.552264050655783156e-02 3.744335198555708011e-02 3.010017903029243644e-02 3.605750680307728828e-02 3.789914722017275611e-02 2.559951449601486489e-02 2.586122980258209747e-02 4.610609288176663323e-02 3.330181300557762125e-02 5.250906930386756849e-02 4.415338447926264731e-02 2.691045187665601357e-02 4.982079227559948337e-02 5.515877979512402718e-02 3.883218698082958192e-02 2.883050892654118180e-02 1.548980026616535687e-02 1.550333443425712214e-02 1.625723139679503132e-02 2.750029286388378652e-02 5.999492819376811559e-03 1.201307318268689944e-02 2.064888229174031628e-02 4.622470228479765540e-03 5.264279917022334984e-03 1.033951124547219901e-02 2.085094978844543798e-02 5.301192330722669099e-02 2.431771072623006499e-02 2.071982557306073156e-02 1.085951942259620259e-02 2.269341414751625124e-02 1.695883578306541656e-02 1.480569964972217392e-02 3.150233818852244544e-02 5.750701784858999049e-02 2.764805703422850217e-02 1.759334137538104761e-02 2.382406382651913387e-02 1.812697603888535278e-02 1.341051731272559569e-02 2.869935286189279761e-02 2.799854752397245433e-02 3.349089113434492587e-02 4.015264986461099944e-02 3.749117993634789453e-02
9.147555332721879484e-02 1.000000000000000000e+00 5.144446044098398979e-02 9.068007567402069924e-02 9.518682579955119183e-02 5.229589821353498175e-02 1.421476330995503079e-01 1.394014385719279381e-01 1.515487680685748961e-01 1.537322073756821617e-01 1.365764770898897085e-01 1.422260084746433950e-01 1.196959358089760422e-01 9.695108879460638540e-02 1.521924706748924438e-01 1.365285989273251066e-01 1.732428447916092573e-01 1.398316967690261814e-01 1.529050654455129943e-01 1.220451184948134760e-01 1.281918011178324046e-01 1.305814070451453424e-01 1.357415681807561947e-01 1.189080028097743852e-01 1.444803514934537569e-01 1.569961972093565916e-01 1.495512698743925728e-01 1.401179368139634784e-01 1.603006113130541754e-01 1.699903143177642351e-01 1.552230159148541844e-01 1.531857096570036769e-01 1.459249024751961832e-01 1.571491317527515252e-01 1.615899336129234809e-01 1.394924035244691773e-01 1.406372320740634230e-01 1.369102837279307372e-01 1.469639927456854733e-01 1.110865812880689057e-01 1.583355469381904357e-01 1.461431619111129010e-01 1.260093597238376439e-01 1.371857248346664282e-01 1.372362043122976327e-01 1.324765695749610395e-01 1.487260824148754212e-01 1.517742603392734091e-01 1.505611134392358663e-01 1.494436238901053482e-01 1.399233377475783413e-01 1.456994038109886425e-01 1.381279247672383970e-01 1.580984668003528049e-01 1.466490446881325016e-01 1.444915985730253205e-01 1.514901931678859226e-01 1.390382518588288430e-01 1.402860067822625234e-01 1.504633740609103709e-01 1.454884993244844882e-01 1.452382924722021573e-01 1.418471883903747177e-01 1.533988661358216266e-01 1.537810722272572317e-01 1.555715220689143918e-01 1.580111784990552160e-01 1.504700002934878933e-01 1.538915633031476826e-01 1.408748294038094651e-01 1.422874423736190386e-01 1.518198485052917046e-01 1.434679070163503434e-01 1.431490160473944673e-01 1.567983388009926704e-01 1.528694349448402046e-01 1.526001955909557506e-01 1.603787465185879391e-01 1.547182265700683124e-01 1.649618232302249021e-01 1.558903431165000186e-01 1.539295486480367625e-01 1.591737240775187301e-01 1.595265056537964465e-01 1.540890891051089895e-01 1.492170022114440997e-01 1.476388964300140716e-01 1.508045253355927151e-01 1.540421022727647138e-01 1.561407511978308016e-01 1.463182298443351514e-01 1.494146520524041455e-01 1.455027292147326456e-01 1.461332130794451012e-01 1.513946523422881885e-01 1.535910645278285580e-01 1.411167171673189114e-01 1.509220470535171110e-01 1.530477938653833914e-01 1.495710655984442139e-01 1.445986223433442519e-01 1.470987300735949743e-01 1.477948737525337508e-01 1.469007535441468892e-01 1.514580262086209772e-01 1.565805042550205417e-01 1.522210371263312545e-01 1.561441928525159617e-01 1.519553673973471075e-01 1.514437389408268275e-01 1.482303452989739700e-01 1.550693893137326529e-01 1.520292527646328884e-01 1.552257441668362659e-01 1.526962253574503103e-01 1.522150755031114744e-01
1.528351900256456064e-01 5.144446044098398979e-02 1.000000000000000000e+00 3.249850427432792177e-01 1.553164082248156275e-01 2.187714292520555048e-01 3.351905670109155411e-01 3.720332734157646426e-01 3.400446276109443389e-01 2.848929359479528967e-01 3.541743048521707182e-01 3.686070653517793949e-01 2.704834654416161666e-01 2.830227039223220387e-01 3.574652304422027416e-01 3.473948309181781324e-01 3.789809685073264323e-01 4.046721724476083359e-01 4.040175319241586793e-01 3.775902722627402230e-01 3.944385844026740973e-01 4.098831074424789112e-01 4.155216503684883156e-01 4.047070672839316319e-01 4.025162100618481231e-01 4.053478055276725778e-01 3.848242545515413449e-01 3.763471493716038507e-01 4.023522574828065079e-01 4.036919386009255595e-01 3.858918808931221522e-01 3.884581966145849163e-01 3.848821793325682972e-01 3.954714355509417745e-01 3.955860390578919139e-01 3.827992756373715388e-01 3.718000813138633287e-01 3.661181313702558948e-01 3.799109321806490858e-01 3.622177376873564891e-01 3.603428349617916471e-01 3.658783136015514303e-01 3.733240392151607745e-01 3.707760552741798943e-01 3.682656368644808276e-01 3.700594598109422928e-01 3.380008267415541834e-01 3.417583229858415783e-01 3.503715070921555874e-01 3.740977421709106299e-01 3.682715137354943269e-01 3.683820741402805687e-01 3.455851643337201073e-01 3.574689713203031416e-01 3.645835430897282348e-01 3.699667956672880176e-01 3.722252075864423970e-01 3.535242116106211419e-01 3.568846574323478738e-01 3.572358102312503947e-01 3.580894816835655803e-01 3.652228571695934622e-01 3.584525768506591215e-01 3.665977476599239226e-01 3.800081227692752583e-01 3.602964412855312326e-01 3.518727464017064044e-01 3.706599374162399263e-01 3.734980597079168851e-01 3.739496253888121569e-01 3.850078838102697354e-01 3.783521376125239533e-01 3.864843040873373048e-01 3.841404657802214295e-01 3.770610592952689522e-01 3.592951906505841841e-01 3.619000017113499501e-01 3.637735466218360858e-01 3.732595670985726644e-01 3.747273859851450450e-01 3.812275782187733442e-01 3.607288137978099107e-01 3.753806794631602828e-01 3.858924650541808998e-01 3.696517033163082000e-01 3.694717794761437912e-01 3.562323349578742082e-01 3.651528931399964373e-01 3.588341284495106254e-01 3.726203054761572653e-01 3.592098607451184589e-01 3.547176357845441830e-01 3.610944582984899065e-01 3.498174917651263871e-01 3.400191224348986796e-01 3.422285514524252004e-01 3.616925039890366844e-01 3.569301763811811301e-01 3.518570274494834949e-01 3.554440491253700318e-01 3.520487734827606463e-01 3.495399036571178453e-01 3.402812966626804769e-01 3.515088756902914890e-01 3.585674944782692442e-01 3.627863476935340170e-01 3.493251890359597156e-01 3.465953177324390122e-01 3.550911621541098517e-01 3.450123401419981084e-01 3.504728148507940677e-01 3.496641054362799039e-01 3.538967784652682358e-01 3.540237522672982640e-01 3.562866033926562204e-01 3.432347712280346963e-01
4.445523259819587208e-02 9.068007567402069924e-02 3.249850427432792177e-01 1.000000000000000000e+00 3.256205266171827706e-01 3.690557132695050924e-01 5.624092600474430714e-01 5.344860429620578168e-01 5.514213800766901707e-01 4.962455458476726089e-01 5.917311156835759478e-01 6.519868763040820303e-01 5.333590831372815311e-01 5.244793330185028024e-01 6.133983144881863803e-01 6.037973798866691499e-01 5.727717066408248847e-01 5.302033717118145306e-01 5.358494275541134666e-01 5.449904049273101014e-01 5.295638005548366500e-01 5.698449913784024989e-01 5.534198909212558748e-01 5.166844724292768420e-01 5.475984031895864135e-01 5.765275133301361876e-01 5.955440986022800809e-01 5.949585442049759587e-01 5.461616320932407564e-01 5.491815352313702547e-01 6.149999789884387225e-01 6.162349319002178305e-01 5.776460953499094053e-01 6.087569728391576396e-01 5.663561263766189180e-01 6.283797093317768923e-01 6.136903124999329995e-01 6.213088208305957982e-01 6.272477476926467954e-01 6.115346287490001087e-01 6.211801895673180196e-01 6.243581570969412020e-01 6.378093377753508708e-01 6.394770625075855142e-01 6.356478316518392457e-01 6.267944463966623747e-01 6.171163967518592530e-01 6.144555533106986767e-01 6.139812477401914714e-01 6.220762544891171864e-01 6.345184780034451855e-01 6.369661188648044758e-01 6.183177407669083747e-01 6.054062395387043161e-01 6.095650395245586495e-01 6.202825331478388771e-01 6.130555652457135851e-01 6.205211965408188313e-01 6.170393046409065052e-01 6.246633022918981482e-01 6.265559089720171837e-01 6.209252015416396597e-01 6.190347676872909322e-01 6.241239504672534411e-01 6.216390349393988712e-01 6.093322837631565125e-01 6.173413820710328404e-01 6.232859586431844789e-01 6.240461805461626765e-01 6.283599971360795955e-01 6.325534651363614591e-01 6.224468996183109004e-01 6.223349792338395137e-01 6.242476663204308274e-01 6.240818753700875243e-01 6.206855871346063092e-01 6.247150181367198130e-01 6.029285504797353701e-01 6.193418433500489373e-01 6.104053753245768377e-01 6.213345647579814335e-01 6.210484871883492630e-01 6.227745174020653529e-01 6.271318913635978154e-01 6.319138870340899050e-01 6.338132097611917093e-01 6.306871790549705148e-01 6.308339541212990564e-01 6.272253505809648466e-01 6.231377497199276361e-01 6.328201097031951328e-01 6.319729395047156695e-01 6.320062650116877734e-01 6.262308613177767214e-01 6.201065875188996879e-01 6.177227652691427151e-01 6.343813479682453016e-01 6.253305697733601010e-01 6.270950942061791489e-01 6.333561296081680059e-01 6.341334919690969629e-01 6.246416405589526599e-01 6.235739352157856352e-01 6.312188634574543711e-01 6.347310542572105474e-01 6.120545246292835584e-01 6.207109753859965107e-01 6.170615494647293531e-01 6.178431922548327515e-01 6.204832980132430897e-01 6.263451087127581696e-01 6.226186741295411942e-01 6.202876035358064755e-01 6.233307974791688633e-01 6.224657901255435943e-01 6.151812601803698932e-01
-6.218348601389430720e-03 9.518682579955119183e-02 1.553164082248156275e-01 3.256205266171827706e-01 1.000000000000000000e+00 2.860607809025940140e-01 4.127828848006045992e-01 3.875403247747070123e-01 4.203176414402298722e-01 3.690258900451267032e-01 4.226600452735199687e-01 4.622611162314261279e-01 4.578455716769877504e-01 4.036880768595136892e-01 4.699032703078335205e-01 4.769105106925081161e-01 3.979044208519864068e-01 3.374302051781674083e-01 3.703823605577531985e-01 3.399411512032075033e-01 3.247299009081795473e-01 3.850770754237720084e-01 3.330290729334228761e-01 3.274130205383620762e-01 3.630238799192413435e-01 3.969826773903653017e-01 4.226352619278615497e-01 4.174753213206664482e-01 3.738293385225234244e-01 3.619666812192542937e-01 4.431787545196159694e-01 4.188480417587107651e-01 3.509884110930592271e-01 3.975235768479551957e-01 3.446355155377409663e-01 3.933833923917601783e-01 4.158481099212354981e-01 4.393435954871597882e-01 4.358801359548947207e-01 4.079250064760546746e-01 4.595446593409250879e-01 4.637309328841471845e-01 4.458788949954206049e-01 4.742306161532715558e-01 4.555873440297207311e-01 4.603394166837743162e-01 4.774134414240369662e-01 4.763370359533727894e-01 4.700475626672297458e-01 4.409958245735137172e-01 4.561096644612235851e-01 4.552186341024743177e-01 4.833860965775664820e-01 4.694736516543205895e-01 4.626585191156453170e-01 4.536845840554472042e-01 4.528437047968016382e-01 4.721812488581481060e-01 4.704408405331849674e-01 4.898886136693245685e-01 4.798630139753788382e-01 4.802429017048620574e-01 4.677736439696799642e-01 4.712107911507328328e-01 4.618256679927840724e-01 4.721293792893557772e-01 4.741789560164782480e-01 4.691238951480775077e-01 4.555442341606278367e-01 4.577827832316014312e-01 4.674130058596544512e-01 4.654584444408441102e-01 4.465564469118282753e-01 4.591030060267463631e-01 4.709239885268569070e-01 4.728948834991880679e-01 4.688870465684187305e-01 4.559745592091938859e-01 4.642825106619259956e-01 4.579780355750449061e-01 4.578698856942116091e-01 4.756309033491807892e-01 4.549781134048876963e-01 4.467789312656226808e-01 4.562052371199754042e-01 4.561169601836326803e-01 4.643171479479817898e-01 4.676165850075683639e-01 4.716858353897313005e-01 4.607327808883183162e-01 4.633582023239679049e-01 4.764513164889059293e-01 4.724190995551463268e-01 4.804990541548203598e-01 4.839502989116153953e-01 4.820106172682546153e-01 4.667569970935220858e-01 4.687990420268176583e-01 4.808183065277218393e-01 4.718689248564452154e-01 4.802320774493843425e-01 4.759537982582593973e-01 4.831734141825883566e-01 4.823302864918231347e-01 4.751715942576616447e-01 4.680632104645505720e-01 4.805444742565921912e-01 4.774005341381465928e-01 4.775966208917107880e-01 4.824249490915472061e-01 4.760452823667897793e-01 4.851058797944184375e-01 4.791674164559877602e-01 4.784045508921926926e-01 4.776556100473145494e-01 4.807367500733397692e-01
5.006726027997643672e-03 5.229589821353498175e-02 2.187714292520555048e-01 3.690557132695050924e-01 2.860607809025940140e-01 1.000000000000000000e+00 5.038822101666230457e-01 4.301571694372146593e-01 4.706107952994292298e-01 4.206718368635156691e-01 4.913058618372486697e-01 5.351859884333064477e-01 4.783579994519944201e-01 4.532331470263226691e-01 5.298991576718161678e-01 5.282207396829639023e-01 4.536609768922658659e-01 4.149821528669802584e-01 4.348485776081784104e-01 4.164777963290940410e-01 3.813778405327243326e-01 4.574432294655081388e-01 4.247973510711215428e-01 3.883081036464963720e-01 4.295049316773423276e-01 4.789296665049552759e-01 5.076062481221074174e-01 4.986841373038328751e-01 4.550562389748344927e-01 4.574972469571421674e-01 5.208638264059544110e-01 5.101602073357855982e-01 4.729034157625852663e-01 4.887287228739368161e-01 4.666286254803208577e-01 4.986392356500178313e-01 5.192417727558643614e-01 5.029883029901537350e-01 5.206097262378966972e-01 5.020706133650525427e-01 5.328464477788751319e-01 5.424542188184170444e-01 5.265390647472465435e-01 5.404355235210360764e-01 5.359565312549589011e-01 5.327897397453665862e-01 5.487760877587474218e-01 5.432203315473378424e-01 5.371369123947554725e-01 5.146694427472333633e-01 5.232712853944651021e-01 5.238127835148547184e-01 5.392902599852419376e-01 5.344495466986884935e-01 5.276486147000147842e-01 5.265726509578346759e-01 5.223731026460368687e-01 5.383916098287944152e-01 5.334030083592556926e-01 5.477058303339513712e-01 5.435757607574509542e-01 5.384931672713844097e-01 5.317661870765785226e-01 5.338799180342467254e-01 5.327845630179274261e-01 5.303384576956773344e-01 5.429346823954090961e-01 5.389216228601632075e-01 5.368024679817695599e-01 5.327544731574482828e-01 5.322833502721721066e-01 5.372961362844509425e-01 5.222346321629289800e-01 5.264162905085575384e-01 5.448268693103052174e-01 5.445293799921289146e-01 5.489253030592069482e-01 5.333988376371221474e-01 5.400116578489788655e-01 5.329772277298812089e-01 5.421965657127508775e-01 5.460185734762842413e-01 5.379600285240435653e-01 5.408974402146197180e-01 5.404573771519193270e-01 5.404397708531686328e-01 5.468958474365303024e-01 5.459253963906249840e-01 5.432384666063558853e-01 5.421977244259624795e-01 5.521974686322103087e-01 5.517202899681581396e-01 5.496303690498310912e-01 5.523866087765597621e-01 5.502884890834394138e-01 5.500061991274796114e-01 5.396529226997835993e-01 5.356751211081361985e-01 5.455470477750136160e-01 5.440763994261281766e-01 5.508915312046130941e-01 5.409300333494304613e-01 5.459486472051285899e-01 5.483132056590498404e-01 5.449384976910164324e-01 5.325724544512414615e-01 5.451917619633236400e-01 5.469444473458223710e-01 5.466197103259903267e-01 5.489461498096555037e-01 5.451296980662281300e-01 5.480517442917520743e-01 5.436763594794399301e-01 5.449268705683935066e-01 5.418922216314868701e-01 5.427661344202844296e-01
3.462016227048034939e-02 1.421476330995503079e-01 3.351905670109155411e-01 5.624092600474430714e-01 4.127828848006045992e-01 5.038822101666230457e-01 1.000000000000000000e+00 7.040136029415747787e-01 7.379555860955606672e-01 6.437778416825468142e-01 7.418527026494438070e-01 7.919536049949125189e-01 7.081727277790460517e-01 6.767297973578384473e-01 8.229322947187471815e-01 7.991593659216478240e-01 7.272683189434092643e-01 7.246147619868066325e-01 7.336399655670406972e-01 7.162715799167331809e-01 6.976240786530386595e-01 7.546593534336547560e-01 7.508539656167633192e-01 7.031650060939462765e-01 7.371561865484462794e-01 7.828419277570158874e-01 7.826109909761985728e-01 8.027021646946410627e-01 7.579081837996843873e-01 7.561887232361081956e-01 8.170410752143433264e-01 8.178665032709609983e-01 7.755421944348059871e-01 8.112586850529875937e-01 7.720495340563985343e-01 8.060809707211690212e-01 8.206277279360273402e-01 8.225698649234811644e-01 8.255805176813832968e-01 8.081670855179134971e-01 8.216271349746572250e-01 8.255368249787327084e-01 8.220403808396826717e-01 8.316122820843677710e-01 8.230474447717426312e-01 8.275349320088558613e-01 8.143156640151730796e-01 8.136599912614669305e-01 8.108093624238612573e-01 8.138935286910055078e-01 8.307003315101074703e-01 7.982002677596622409e-01 7.922916391775112199e-01 8.059001725997533283e-01 8.055491274321294748e-01 8.205874774226894486e-01 8.024012351834184376e-01 8.166589010227115475e-01 8.208765192449546388e-01 8.148060806455896810e-01 8.156435668746758738e-01 8.136796512220103583e-01 8.078489023670588631e-01 8.142536373036795005e-01 8.128990073465492960e-01 8.004275617930987075e-01 8.123442971117135203e-01 8.225606315643938515e-01 8.249069346345109244e-01 8.204672513039108495e-01 8.229716225593202150e-01 8.220766520224422891e-01 8.182668042767451411e-01 8.230609733674542072e-01 8.202457433516433527e-01 8.168481346772636931e-01 8.214252735344151901e-01 8.078510293195948488e-01 8.192016242507111912e-01 8.081205020186021937e-01 8.219027365128379614e-01 8.190172416137377898e-01 8.249923767490068283e-01 8.185958392044753174e-01 8.216512609685101554e-01 8.273203273697071758e-01 8.266653875146868780e-01 8.291078430149456668e-01 8.240740420865363403e-01 8.223214665701422676e-01 8.281381253425356137e-01 8.265531779575938653e-01 8.279295593150995947e-01 8.259644232018840126e-01 8.140405130756196428e-01 8.128586591400447370e-01 8.224891071942592724e-01 8.109259528439981546e-01 8.162434834441285592e-01 8.258566730619597562e-01 8.250742994987861900e-01 8.178219689920783741e-01 8.098995811832614411e-01 8.251490503132637988e-01 8.238159883801431382e-01 8.042788956568427405e-01 8.114969557974314185e-01 8.146668664400231741e-01 8.123993925237719127e-01 8.156093064653463509e-01 8.215099535328722613e-01 8.151585353084628283e-01 8.149922935522774248e-01 8.159290751807707354e-01 8.174923843952139890e-01 8.072174928658665261e-01
8.569659512490934716e-02 1.394014385719279381e-01 3.720332734157646426e-01 5.344860429620578168e-01 3.875403247747070123e-01 4.301571694372146593e-01 7.040136029415747787e-01 1.000000000000000000e+00 6.987264581557848242e-01 6.008289344980621838e-01 6.991871644697063015e-01 7.441833650540986556e-01 6.596090614462470914e-01 6.386258316040456240e-01 7.674700280252590989e-01 7.573760544969009301e-01 7.138385183688852331e-01 7.062448112232251329e-01 7.136232760741519909e-01 6.856096920546305151e-01 6.782804149029686425e-01 7.348803758573224654e-01 7.241699103755856459e-01 6.757709611462482391e-01 7.193214276913690863e-01 7.582785547957052730e-01 7.485982610779750024e-01 7.665161587497985041e-01 7.372022419537442861e-01 7.332771480751897331e-01 7.703621697090323739e-01 7.699597299497354941e-01 7.420175432600583099e-01 7.618096651334579361e-01 7.434697112210845171e-01 7.495895489372266240e-01 7.707436196857323507e-01 7.833514835819771482e-01 7.850404127636907425e-01 7.689871252610964714e-01 7.741977013505876304e-01 7.834932548571595934e-01 7.810537507141723790e-01 7.868005001356545014e-01 7.728719033604599664e-01 7.869187138309915452e-01 7.593132827086509495e-01 7.618717962497528751e-01 7.585246805435684747e-01 7.675715281502792919e-01 7.856017644335936412e-01 7.556409867840437888e-01 7.427535426513560690e-01 7.635954983792710982e-01 7.668129720981984310e-01 7.789282583128979143e-01 7.641911467937916314e-01 7.705821583243658290e-01 7.808129820094418250e-01 7.666378369838710016e-01 7.681507323767481354e-01 7.732616945834362987e-01 7.733904034984818709e-01 7.697487455757041630e-01 7.677388867885220902e-01 7.545443674512457566e-01 7.591570632490681758e-01 7.715756776679617568e-01 7.739494125563357585e-01 7.699616620244469356e-01 7.786467911054281155e-01 7.774726764700861104e-01 7.690603168869470929e-01 7.774243077179540107e-01 7.757697745493445929e-01 7.656169631587033120e-01 7.702215941984995595e-01 7.658905910943263340e-01 7.723640829887512549e-01 7.678869336842988336e-01 7.754933118480127341e-01 7.666903085136108631e-01 7.715200876649712658e-01 7.767372642518440840e-01 7.697627979390996300e-01 7.716851434155450606e-01 7.684613548393898208e-01 7.768981728364111605e-01 7.726147300582973942e-01 7.752804542938520616e-01 7.730386411988959816e-01 7.719807799392151004e-01 7.706404101545972773e-01 7.713622600302791898e-01 7.584601174810539082e-01 7.575263829497579371e-01 7.697860649128490662e-01 7.602206014318816374e-01 7.625567003624941220e-01 7.725385396560811024e-01 7.715438830274296000e-01 7.649459793691775200e-01 7.549296064960002717e-01 7.725255772369808982e-01 7.679743919172166144e-01 7.587439346900437531e-01 7.593747031128168512e-01 7.628502564289736387e-01 7.655375985201199329e-01 7.608473133801245680e-01 7.688174273928819469e-01 7.643203490218520857e-01 7.664439986583063691e-01 7.630609236272243301e-01 7.665116012336461448e-01 7.534076645378955384e-01
1.228196732976563205e-01 1.515487680685748961e-01 3.400446276109443389e-01 5.514213800766901707e-01 4.203176414402298722e-01 4.706107952994292298e-01 7.379555860955606672e-01 6.987264581557848242e-01 1.000000000000000000e+00 7.239403340717612823e-01 8.075376757767797065e-01 8.214556914881331329e-01 7.488799164087045490e-01 7.163126340863126273e-01 8.454440140726228181e-01 8.334051108324895818e-01 8.180793264076907656e-01 7.637604892488275565e-01 7.880401568436817827e-01 7.095533498785705495e-01 7.290537079402419351e-01 8.032840618241637864e-01 7.890480775324889562e-01 7.373192535544389470e-01 7.932728508813899904e-01 8.517896844966803549e-01 8.430829646859704374e-01 8.401127753978653301e-01 8.342981419086548112e-01 8.444845389139467029e-01 8.782630882694268948e-01 8.677075871324690937e-01 8.092127615706505850e-01 8.509303145070046259e-01 8.281575996784986682e-01 8.292705455237894263e-01 8.649867950694998253e-01 8.519907211411554826e-01 8.631829008330855757e-01 8.076335878412603808e-01 8.691468329498939216e-01 8.575950833059213796e-01 8.333292241419640867e-01 8.723406305916067138e-01 8.607883571857868343e-01 8.606229875016211395e-01 8.735214427966375705e-01 8.833887612715531912e-01 8.807455878710358510e-01 8.647671053930048313e-01 8.707223224875880740e-01 8.493697775259276828e-01 8.585975906170217886e-01 8.849948599579706698e-01 8.773004837553409763e-01 8.708660165462617231e-01 8.796582426471689642e-01 8.752552126948793809e-01 8.738516755139653647e-01 8.795640724026433377e-01 8.776102728930157415e-01 8.765035121749233937e-01 8.697828209289876211e-01 8.817393805094745352e-01 8.861325591686176617e-01 8.832205264113354160e-01 8.795410790755031627e-01 8.791384764176496391e-01 8.818992350357859333e-01 8.661250674888416601e-01 8.730453348504972899e-01 8.822538543201151606e-01 8.676895973365172932e-01 8.739540279631575759e-01 8.779337382054165362e-01 8.769201831204218589e-01 8.721391952333041875e-01 8.791882037423782714e-01 8.766684213910739265e-01 8.810868369200286487e-01 8.821112136582941465e-01 8.835674484646329763e-01 8.856184541807362587e-01 8.780733193207138632e-01 8.739837449776308720e-01 8.775230183051250243e-01 8.743113246170305386e-01 8.746556905018874062e-01 8.760094211550547572e-01 8.773234608090664244e-01 8.659849165707416141e-01 8.750771624650233171e-01 8.785920377901489386e-01 8.742167049643825294e-01 8.738133809718592326e-01 8.747065375192000225e-01 8.665891065770749968e-01 8.771257108760759369e-01 8.750389657616244321e-01 8.735254011901090188e-01 8.679144774726265110e-01 8.744578434464181926e-01 8.719962478946974294e-01 8.768340500897928713e-01 8.789210360234871455e-01 8.793567538734585742e-01 8.767724166217322201e-01 8.799602458819595352e-01 8.774249431718300629e-01 8.761963602567387488e-01 8.760331595990584752e-01 8.823378902335595741e-01 8.797008950071594224e-01 8.797378633282674221e-01 8.847544476689940263e-01 8.820207199472278603e-01
3.401571752662192055e-02 1.537322073756821617e-01 2.848929359479528967e-01 4.962455458476726089e-01 3.690258900451267032e-01 4.206718368635156691e-01 6.437778416825468142e-01 6.008289344980621838e-01 7.239403340717612823e-01 1.000000000000000000e+00 7.096735359732910808e-01 7.366913440764573107e-01 6.655633630582173943e-01 6.635701277877043003e-01 7.682364065489812877e-01 7.515920510296446588e-01 7.008543994257864229e-01 6.314409988244283900e-01 6.717042908713374283e-01 6.034866214484531088e-01 5.811419511052748899e-01 6.716360793180283784e-01 6.570082382978422730e-01 6.025242737088261080e-01 6.566774946652463862e-01 7.254862475622185780e-01 7.453625737634648196e-01 7.265140588279948020e-01 7.150283971412516593e-01 7.254576393685457925e-01 7.734854563724242738e-01 7.614571433143033641e-01 6.988330183068992563e-01 7.344751525840679252e-01 7.117715308187365642e-01 7.167802682170892892e-01 7.581473652382708650e-01 7.494000326671063084e-01 7.592435589404121776e-01 7.068802018157426259e-01 7.748078053291294065e-01 7.653824834867694049e-01 7.282373400540744779e-01 7.699940483230660604e-01 7.702467117446987199e-01 7.657401311098779306e-01 7.877238767699172861e-01 7.979915811425044581e-01 7.891989407621446961e-01 7.645076267916448565e-01 7.662957509678598456e-01 7.492198521003308187e-01 7.750845893491700167e-01 7.944217284682618674e-01 7.827552373913162498e-01 7.763095511502656754e-01 7.743644524750876723e-01 7.814413142642839816e-01 7.824355050256400768e-01 7.907854513457872603e-01 7.901021171602518045e-01 7.821659423663379629e-01 7.749124802083715569e-01 7.813320818703385351e-01 7.829395725478673906e-01 7.870896351828046145e-01 7.956702872548100380e-01 7.857015153041975175e-01 7.917162439722282841e-01 7.743453332316498905e-01 7.685700474505402502e-01 7.850981743170631910e-01 7.665838953827057711e-01 7.694171556538738077e-01 7.900246778979310713e-01 7.924310689769581417e-01 7.895202607142863815e-01 7.915794133627976903e-01 7.889394825403619471e-01 7.949400077449785273e-01 7.917550355781933780e-01 7.963074824683529229e-01 7.902108414731815467e-01 7.869522989009201108e-01 7.841119655690106383e-01 7.841393968955999716e-01 7.864757359762187816e-01 7.865186322922105289e-01 7.928198631823718534e-01 7.881423977226049704e-01 7.814571174199267389e-01 7.917558609702863848e-01 7.875369292083975736e-01 7.885315819416137684e-01 7.939450669223964141e-01 7.960916909416615450e-01 7.767741799325155183e-01 7.810692726098383831e-01 7.916409987969497131e-01 7.884024146941450706e-01 7.856457676967015802e-01 7.871652697209589045e-01 7.875713616474016021e-01 7.888168002537689905e-01 7.870211283888510767e-01 7.853403885601435430e-01 7.928600296482657406e-01 7.974238500557956355e-01 7.952950973244754529e-01 7.947385471105608001e-01 7.903762103785652027e-01 7.944537591590923320e-01 7.918669652680959681e-01 7.902574682208080015e-01 7.900143995480566339e-01 7.944483972948277462e-01
5.290351881820883062e-02 1.365764770898897085e-01 3.541743048521707182e-01 5.917311156835759478e-01 4.226600452735199687e-01 4.913058618372486697e-01 7.418527026494438070e-01 6.991871644697063015e-01 8.075376757767797065e-01 7.096735359732910808e-01 1.000000000000000000e+00 8.621424975084822639e-01 7.564126758038707266e-01 7.351948316928992311e-01 8.639494489604629957e-01 8.507553196556475461e-01 7.990342665425649304e-01 7.661869956588597264e-01 7.843221557401488520e-01 7.280495281373816630e-01 7.209380313345957747e-01 8.009107267390328522e-01 7.824923007211714854e-01 7.399153322372783448e-01 7.797262248394090101e-01 8.371786135564839304e-01 8.454308240158625587e-01 8.450608780319606161e-01 8.126679214421903552e-01 8.177005249242674800e-01 8.828639353234120080e-01 8.773933489395236984e-01 8.194920939190327713e-01 8.600451503281384413e-01 8.199090396788810686e-01 8.494771610032791909e-01 8.741614207630544753e-01 8.668547510333367567e-01 8.824608293874200982e-01 8.368432780874401899e-01 8.827159676091264062e-01 8.768986480479988854e-01 8.538887447237761830e-01 8.867761165131636814e-01 8.841967368963918883e-01 8.760651978580393795e-01 8.838257801242778156e-01 8.885494078662345974e-01 8.863483136416325792e-01 8.771919050277616758e-01 8.802825454175461362e-01 8.654296129423867390e-01 8.715335176646396009e-01 8.828550536335901811e-01 8.783465696234411535e-01 8.844896129139152574e-01 8.759373619914542219e-01 8.830002586127981834e-01 8.831948852878958034e-01 8.840731718760261870e-01 8.880537825554681852e-01 8.809977228457948062e-01 8.789738682804050240e-01 8.830062592423492118e-01 8.840049491217700783e-01 8.790509821024125037e-01 8.886750155853349042e-01 8.924234343387154045e-01 8.943830326339139436e-01 8.833974964283635156e-01 8.864930535245644228e-01 8.924105795149143150e-01 8.814382747295211873e-01 8.858178098805404854e-01 8.915169362733351699e-01 8.904141323964360755e-01 8.904954342274663537e-01 8.849327836894340660e-01 8.878873930196202746e-01 8.864556049472541721e-01 8.910284546146757245e-01 8.931352230934785918e-01 8.925560010126728505e-01 8.888199079005051351e-01 8.920300750641964038e-01 8.950577855292429774e-01 8.930603625881806673e-01 8.945878979582183588e-01 8.947953411409467206e-01 8.929725610648272527e-01 8.913631852191905569e-01 8.943187408223739476e-01 8.949967159710009446e-01 8.910601833224750523e-01 8.895033295425501807e-01 8.882106642083154036e-01 8.870436225533231411e-01 8.844106398336797348e-01 8.871139749597668489e-01 8.923207409807248913e-01 8.900553193875939684e-01 8.879642878387264959e-01 8.848200243353975258e-01 8.927595579912260826e-01 8.928236228038181066e-01 8.812649486731420900e-01 8.881040544317926333e-01 8.894731788401932793e-01 8.880936336315059521e-01 8.891191510464053760e-01 8.907306295248256234e-01 8.897584139922753987e-01 8.873395258673947295e-01 8.904799875585802660e-01 8.915880187053903949e-01 8.871068567512437886e-01
3.789074414398752033e-02 1.422260084746433950e-01 3.686070653517793949e-01 6.519868763040820303e-01 4.622611162314261279e-01 5.351859884333064477e-01 7.919536049949125189e-01 7.441833650540986556e-01 8.214556914881331329e-01 7.366913440764573107e-01 8.621424975084822639e-01 1.000000000000000000e+00 8.016253249655364010e-01 7.895770472370342574e-01 9.027603466864121406e-01 8.944261478000268273e-01 8.271078190973550903e-01 7.747376020836371779e-01 8.062324905996193225e-01 7.532070851221539520e-01 7.336187900671743423e-01 8.250995521992278148e-01 7.911233191942602661e-01 7.498276735727702480e-01 7.983154511836570988e-01 8.564351129634237836e-01 8.786687803457370327e-01 8.730748185802483796e-01 8.217755242880648847e-01 8.233915412412586843e-01 9.083160752928757242e-01 9.029583391362447919e-01 8.321518870266831902e-01 8.839958136335701600e-01 8.265100798744253741e-01 8.788778637433870555e-01 9.013486898447975459e-01 8.988727668477104471e-01 9.143794729396126364e-01 8.756979848889496765e-01 9.194523297133961881e-01 9.213140962948634938e-01 9.013517793526669708e-01 9.314852399591982968e-01 9.244730287855369433e-01 9.145563550508052364e-01 9.271351286143579840e-01 9.263318171721178773e-01 9.268437206365232051e-01 9.115415647743282390e-01 9.218404461415447004e-01 9.137695897770796716e-01 9.187310660998048162e-01 9.202243372455546355e-01 9.151873014669037465e-01 9.187369191456129514e-01 9.117792019681330018e-01 9.247426920989716415e-01 9.236241589866821533e-01 9.305687673319423814e-01 9.331823087618197343e-01 9.256738873950618451e-01 9.184666718915713846e-01 9.239407253108350426e-01 9.199459163475153245e-01 9.187659737347201316e-01 9.303384908067842129e-01 9.321558264077081102e-01 9.292512406210226006e-01 9.215099380129679885e-01 9.280556977503314764e-01 9.319220792650514396e-01 9.163018841466558095e-01 9.233439925065259901e-01 9.341429641244337612e-01 9.294252731853797078e-01 9.299075623504333699e-01 9.177304975992389702e-01 9.266065663750355785e-01 9.208936642054942334e-01 9.275842244428690320e-01 9.325318585238716595e-01 9.280251469020635025e-01 9.229190423483863981e-01 9.290583557186835595e-01 9.326002268073478874e-01 9.328954491489459544e-01 9.352136239049789745e-01 9.346639174379015591e-01 9.296724003234808631e-01 9.338161056189859810e-01 9.375331105419708599e-01 9.371994559659916346e-01 9.348985019900978299e-01 9.337903783288437065e-01 9.330875866234069616e-01 9.339065275562102864e-01 9.261548957335894450e-01 9.327779950272637732e-01 9.378280942392330788e-01 9.369283089699915745e-01 9.327014877333734688e-01 9.327841144679951402e-01 9.385206640551009283e-01 9.363523524538297504e-01 9.205768016317781299e-01 9.324467423378659525e-01 9.305017874119668742e-01 9.299322382997365910e-01 9.334320996794686076e-01 9.336450946596950295e-01 9.330614195446053083e-01 9.305714169218639586e-01 9.330735699645843484e-01 9.314338262575091454e-01 9.272032930391121974e-01
5.070760541972837813e-03 1.196959358089760422e-01 2.704834654416161666e-01 5.333590831372815311e-01 4.578455716769877504e-01 4.783579994519944201e-01 7.081727277790460517e-01 6.596090614462470914e-01 7.488799164087045490e-01 6.655633630582173943e-01 7.564126758038707266e-01 8.016253249655364010e-01 1.000000000000000000e+00 7.145893828768045131e-01 8.142644031098861257e-01 8.205806037384441032e-01 7.315474427862194151e-01 6.770239890009801531e-01 7.131317150718985420e-01 6.573991997080870231e-01 6.377683750105797023e-01 7.280214265859777933e-01 6.896068104135796295e-01 6.481327589504991549e-01 6.989640625106774419e-01 7.624646818826671391e-01 7.842665210965947820e-01 7.883093643086500624e-01 7.298497447562607432e-01 7.320686508899449940e-01 8.157649411560237152e-01 8.056212789851345812e-01 7.400892346869417660e-01 7.827127107397667816e-01 7.340130322225865145e-01 7.703909184687699474e-01 8.031141803503649701e-01 8.127874709846121259e-01 8.220096844886696230e-01 7.832898432800173838e-01 8.317322684481661677e-01 8.356966761418176404e-01 8.077684197106228536e-01 8.424152685289579834e-01 8.272153052523503192e-01 8.253414175900952721e-01 8.466341559419813256e-01 8.436566234713851475e-01 8.416003461668913888e-01 8.172783161833818699e-01 8.358575811588382365e-01 8.138374634902199034e-01 8.331093134369265130e-01 8.338173217931243997e-01 8.260043805459923449e-01 8.286413786890832744e-01 8.195460498373928759e-01 8.398654202427462412e-01 8.380773980259511591e-01 8.486056521322253854e-01 8.451854590487669627e-01 8.349308529662083922e-01 8.274800565927226126e-01 8.373226495968558725e-01 8.294216167762462621e-01 8.312049228556219749e-01 8.431280333007905581e-01 8.400058503462785042e-01 8.373547538754270159e-01 8.284428403458926615e-01 8.329175386589234842e-01 8.401425852044851483e-01 8.160641463227740200e-01 8.271825780640743586e-01 8.388143685457525311e-01 8.438605471282885073e-01 8.439776909660003934e-01 8.264498809776540389e-01 8.371969239506399374e-01 8.327377467783565468e-01 8.349943890085050890e-01 8.455363957926261831e-01 8.341790032674395450e-01 8.288785973602776913e-01 8.371449085575272120e-01 8.349283998047506428e-01 8.437162657407669686e-01 8.449807873193585506e-01 8.472643670230414203e-01 8.372436514462797685e-01 8.418823225488086814e-01 8.500198043923329339e-01 8.465820101734476966e-01 8.529712519865815246e-01 8.511172967112162757e-01 8.488720514119615368e-01 8.375237340884705839e-01 8.355310360089114319e-01 8.450156760653068089e-01 8.473322899989959023e-01 8.466847383488182999e-01 8.439629399158592449e-01 8.461394639876231860e-01 8.520926731383041686e-01 8.442212455078262900e-01 8.297940569041818426e-01 8.457215751591636854e-01 8.475031779954335098e-01 8.440052501139784225e-01 8.508118824665946711e-01 8.460612839650086814e-01 8.488950260075558418e-01 8.423639710040091710e-01 8.449041927713628608e-01 8.429999999164030644e-01 8.423091232300968789e-01
