1.000000000000000000e+00 1.129744971039834817e-01 2.124350816576800471e-01 5.225057220013838710e-02 8.859983141146296481e-02 -2.961836200260350299e-02 4.750632153979759270e-02 1.104372810539091948e-01 1.880448039963597828e-01 8.665598373138966304e-02 6.896522501126058080e-02 6.755909701689524760e-02 1.085597908256832611e-01 2.356251104184435216e-02 4.469547579996765996e-02 9.470642509272171605e-02 2.266947636892381324e-01 3.589269024244188255e-01 2.837521463827875068e-01 3.607008787092591540e-01 3.257168900419147861e-01 3.119785913821995771e-01 4.030211210640994857e-01 3.451886302890049274e-01 3.402813631284626328e-01 2.626298310524231572e-01 2.465413435487402161e-01 2.530472857572046430e-01 2.526933441799363855e-01 2.521278034798423717e-01 1.974078976811516895e-01 2.395360991713897658e-01 2.319798837212931619e-01 1.754815196638253305e-01 2.233857881021545366e-01 1.910996622857332183e-01 1.991768944443320366e-01 1.129999197480570927e-01 1.220742102883104752e-01 1.253796139747740124e-01 1.535533658831048642e-01 8.031665700419862719e-02 1.366268752014735688e-01 1.258166549315730132e-01 1.200368976080775085e-01 9.827731551408142030e-02 4.494794845362026781e-02 6.361255212359721856e-02 8.301649109023959139e-02 9.420940840896334378e-02 1.064052493168200914e-01 5.066507391152774015e-02 6.502631426433139183e-02 9.676575192198598463e-02 1.377482920751689488e-01 1.820520724328729967e-01 8.896536837294759248e-02 9.493876150550496773e-02 9.330486649325905879e-02 7.626581850367496196e-02 6.988192480714722210e-02 8.510053837822721678e-02 4.890361150874331791e-02 5.049296011768384523e-02 8.899303929028438975e-02 8.242243107723096207e-02 7.686971758296225199e-02 1.280603189923984753e-01 1.441013384826673460e-01 1.610657567958087011e-01 1.484297688469900789e-01 1.414596874065995324e-01 1.587784364010710603e-01 1.670174484989062069e-01 9.626595359827901099e-02 1.013847236294644211e-01 7.851820791967896451e-02 9.024713872127021475e-02 9.804132850999276727e-02 1.262707047677093519e-01 1.105862081676849545e-01 8.293383155054431799e-02 1.032870597665967727e-01 9.657716308503161429e-02 5.365366455521317773e-02 8.426754991996342203e-02 1.013412321589373111e-01 4.014509326714753995e-02 5.018495063643776261e-02 9.790958732426199851e-02 4.668599336774897218e-02 4.939493979805691798e-02 5.613947578455932841e-02 5.792098109067255612e-02 2.271917951895291790e-02 3.339637877354695999e-02 3.073107336091817840e-02 3.257831550058579162e-02 2.004749496401145650e-02 4.548482901153115543e-02 3.817903704036645918e-02 3.605092025463689509e-02 2.825774695007573709e-02 4.303055383174972381e-02 5.246263495157760248e-02 3.624971623015892097e-02 3.682753498346767046e-02 3.435980212067017009e-02 5.997811075781004503e-02 3.658845764403548945e-02 4.419153996657555067e-02 2.694056477385082388e-02 3.771915014178327946e-02 2.313009342971216603e-02 5.681775033007838149e-02 4.138797191271322701e-02
1.129744971039834817e-01 1.000000000000000000e+00 8.031190632813664521e-02 -1.215622659179020799e-02 4.651825865677550187e-02 7.872984435418678428e-02 6.828087628365296646e-02 6.067440369037609138e-02 1.741324664556860025e-01 1.805905805203601722e-01 1.427669913060799767e-01 9.906926099440999112e-02 1.117813229635388483e-01 1.302880539059773635e-01 1.186555526734633659e-01 1.277278180728771972e-01 1.529560982564387439e-01 1.780516760732122339e-01 1.899115169002026926e-01 1.028193205374573482e-01 1.432301241316404905e-01 1.331406273602731005e-01 1.951250731476846245e-01 1.784703569704226278e-01 1.738667069148141786e-01 1.598028599681360629e-01 1.845578260096835954e-01 1.847620191186469252e-01 2.038272520890124506e-01 2.177450559666062879e-01 2.026581298217406124e-01 1.848344098547679837e-01 1.989486377040735610e-01 1.781948223035261236e-01 2.249826241594025111e-01 1.662407348542548347e-01 2.061000403727153707e-01 1.642172190635811935e-01 1.678865602930102174e-01 1.456087502298118452e-01 1.647394112583810410e-01 1.325000136829825870e-01 1.336646096207704248e-01 1.474679326048006778e-01 1.560119931305325724e-01 1.539095067014714380e-01 1.617043041949346727e-01 1.726084113289941824e-01 1.533371630401025032e-01 1.222060256534396316e-01 1.686734438494783550e-01 1.002062807979979403e-01 1.253966089081811897e-01 1.931890779146252513e-01 1.865189708861125506e-01 1.869582373529849184e-01 1.569272287780347497e-01 1.650366809870461859e-01 1.702382588313494094e-01 1.645482057030681899e-01 1.561777297431101164e-01 1.764385379052767211e-01 1.537911897853637688e-01 1.532024072311816421e-01 1.710039590909117613e-01 1.516150233053855101e-01 1.777271516061973422e-01 1.807359298829756822e-01 1.817693125773169882e-01 1.557213147167261225e-01 1.679455548291156342e-01 1.795473218469053056e-01 1.857556210752347170e-01 1.813617247794810095e-01 1.737524462343123799e-01 1.722065231088836801e-01 1.750373713780226659e-01 1.834685884288032309e-01 1.779998233905869531e-01 1.986810354177497573e-01 1.925641065889026060e-01 1.800179802307764476e-01 1.738382655188553394e-01 1.963638273960487957e-01 1.575157953106437470e-01 1.706203576498284136e-01 1.868074509237927505e-01 1.573532446218318115e-01 1.661238221510725477e-01 1.749253533112867520e-01 1.614899037455987119e-01 1.624310645165159828e-01 1.611239586435160576e-01 1.558566952206470457e-01 1.612552125513218859e-01 1.677672729331257384e-01 1.347783429818078527e-01 1.414885408927481214e-01 1.532167256282237211e-01 1.574748698781326950e-01 1.514465663476677326e-01 1.527482110678047567e-01 1.434606355036963099e-01 1.484274087554961208e-01 1.490758983448765285e-01 1.499743991959913425e-01 1.598404771691984971e-01 1.757317041669495261e-01 1.728845273705268692e-01 1.580535332195540932e-01 1.611194293456575666e-01 1.617680557239088435e-01 1.657473885071317488e-01 1.597701298397987968e-01 1.684405195284948975e-01 1.585753656712369231e-01
2.124350816576800471e-01 8.031190632813664521e-02 1.000000000000000000e+00 4.024933041678475654e-01 2.283213440263896776e-01 2.207026275645759261e-01 3.231890338653167771e-01 3.582096964341417999e-01 3.443607646536440137e-01 2.939329514139968902e-01 3.713807750123674922e-01 4.385707989765419978e-01 3.683908938568412617e-01 3.183360484994813278e-01 3.478037595737703547e-01 3.663762779268089353e-01 3.678191091113384714e-01 3.858097164883660946e-01 3.623267381801130727e-01 4.256924575908360708e-01 4.305312168816428087e-01 4.337498468624629289e-01 3.968298544432671271e-01 3.805385703636808836e-01 3.873833907685618194e-01 4.105227125621543349e-01 4.183738779701807187e-01 3.995480367958759160e-01 4.065154677086179613e-01 3.872657322734864294e-01 3.932892299301989913e-01 3.937780048099337460e-01 3.671206530565685466e-01 3.784055047286156159e-01 3.645696157954956274e-01 4.108203962677899890e-01 3.675732583389560992e-01 3.461579834020681035e-01 3.801043213642347207e-01 3.782493743088938820e-01 3.926606745613451799e-01 3.470034558481235876e-01 3.941182934606328736e-01 3.968566884039447240e-01 3.955435798957853133e-01 3.616169083058078937e-01 3.386619294113131229e-01 3.330395412316302650e-01 3.535366737511021484e-01 3.864201250542979582e-01 3.715584082226187634e-01 3.883473511374083142e-01 3.810868762841281288e-01 3.300948511898240123e-01 3.453635471471860341e-01 3.718869317738762170e-01 3.533531244557752693e-01 3.601788319869657640e-01 3.482607788629817347e-01 3.589600746217130878e-01 3.593509601733251291e-01 3.425453100340961066e-01 3.229601168191021943e-01 3.462358239405867177e-01 3.532555506893226283e-01 3.678180114358832742e-01 3.457563641823256373e-01 3.652197423024673983e-01 3.670853779112948634e-01 4.099893314615603579e-01 3.981764150157093285e-01 3.796151865024047778e-01 3.700601627496955537e-01 3.888402517711212480e-01 3.708152075077578158e-01 3.708752417800525447e-01 3.529343667899040304e-01 3.572180107507972324e-01 3.715574725426942782e-01 3.612049710026448146e-01 3.530838240068587819e-01 3.575508660127647009e-01 3.634457050963930680e-01 3.415718219717802651e-01 3.481006559555046009e-01 3.602596052782562897e-01 3.714789995844248183e-01 3.406588408752672104e-01 3.449785366815139587e-01 3.579559770133893815e-01 3.389083950350925689e-01 3.447431678563409596e-01 3.579390177543401164e-01 3.559641317155923246e-01 3.301206049807574594e-01 3.299688675767029067e-01 3.480930124576901430e-01 3.418505331487435295e-01 3.347162004670061197e-01 3.495133199985463457e-01 3.496984828432990744e-01 3.408160450462505153e-01 3.502861272743269527e-01 3.539986604587055941e-01 3.663320353646886685e-01 3.420909786888333692e-01 3.354739625894856414e-01 3.271959144142481679e-01 3.355969004115021415e-01 3.379221466842959876e-01 3.413590942822761209e-01 3.337383381571784602e-01 3.400433477422871165e-01 3.291883679773371929e-01 3.457788629483564691e-01 3.444241979113837338e-01
5.225057220013838710e-02 -1.215622659179020799e-02 4.024933041678475654e-01 1.000000000000000000e+00 3.265442005843766649e-01 3.300269078426210645e-01 5.353060056235262598e-01 5.310866019425969364e-01 4.124163419623485538e-01 3.962227579932491861e-01 5.138171622084340973e-01 6.873343167740529891e-01 4.977390085616781312e-01 4.643976116339785243e-01 5.432083540778739339e-01 5.409900863193431997e-01 4.143888962900404427e-01 3.412710035906023620e-01 3.549133371616488564e-01 4.202864129667303605e-01 4.219644299443189306e-01 4.597822546718713377e-01 3.202966385367319035e-01 3.607314496769295498e-01 3.641185631267970235e-01 5.013700892803087950e-01 4.877001406105463954e-01 4.792604757127252868e-01 4.478965469645311281e-01 4.268802297553489500e-01 4.879292834538901391e-01 4.588936678968247307e-01 4.164952917927139953e-01 4.827172735612812460e-01 3.858282462322548678e-01 5.216239321882140123e-01 4.361892880697068597e-01 5.024382115111054592e-01 5.293979847330115840e-01 5.291627909473882729e-01 5.315429819518839860e-01 5.318733683053403771e-01 5.602818274560613654e-01 5.561482652228755263e-01 5.460364895948539576e-01 5.291568438062825841e-01 4.879705743561700837e-01 4.768850539311135228e-01 5.038318062212879811e-01 5.754405520805032648e-01 5.169663382030277310e-01 6.190136624704074553e-01 5.866811738869301962e-01 4.405046587362588251e-01 4.408908085083933504e-01 4.521653488756039452e-01 4.947013044973507800e-01 4.994945313076298299e-01 4.793559543118938726e-01 5.121509806236813622e-01 5.078292139975089103e-01 4.744440905317433566e-01 4.771027265562318709e-01 5.148712693774851745e-01 4.883861785255595445e-01 5.290534244855984447e-01 4.755179275092201729e-01 4.692371079958029823e-01 4.748111727292941286e-01 5.174070525114942143e-01 5.069994215908981694e-01 4.801714868933154023e-01 4.630656894589638695e-01 4.803192199040318133e-01 5.099153607750994688e-01 5.114058985221621167e-01 4.935335258044052376e-01 4.926086131904211518e-01 5.113412370681991170e-01 4.629360173960724856e-01 4.594548377997934030e-01 5.004827621132266202e-01 4.891915464040841877e-01 4.525933215620623895e-01 5.199395650159893689e-01 5.059105259928787790e-01 4.850182213999103542e-01 5.114952749349863659e-01 5.054807508259008264e-01 4.848216938839339241e-01 5.037128262779858590e-01 5.069729377437791618e-01 5.157469864445546337e-01 5.236112110724555624e-01 4.924438633494853113e-01 4.832162846149385960e-01 5.396220802955983276e-01 5.294032675031146162e-01 5.071996618840979298e-01 5.210277614592394579e-01 5.265062395271146167e-01 5.152912083279160838e-01 5.356466008260653000e-01 5.307977203384144360e-01 5.408628944351164813e-01 5.103045152965334230e-01 5.004729026953839144e-01 4.707950728186382494e-01 4.759795770449565255e-01 5.089537717550841611e-01 5.005178684574894676e-01 4.988637581446918046e-01 4.972022605019546515e-01 4.990335498618915788e-01 4.889504565659738566e-01 5.106018881243761243e-01
8.859983141146296481e-02 4.651825865677550187e-02 2.283213440263896776e-01 3.265442005843766649e-01 1.000000000000000000e+00 3.088213485606763342e-01 4.630213429312625140e-01 4.452665036347083771e-01 3.632632129939953880e-01 3.643888888560322115e-01 4.216649056792993733e-01 4.746951460261237266e-01 4.414232912462133229e-01 3.888538822362975211e-01 4.915480142579731759e-01 4.802689796861602800e-01 3.767506904189522055e-01 3.476294255912517062e-01 3.365326664015436675e-01 3.270912797771441949e-01 3.166562429454770067e-01 3.803700212046409179e-01 3.763226877286656169e-01 3.643961903549070014e-01 3.602110233312614263e-01 4.467631845023742332e-01 4.462225745977436153e-01 4.240407944935533080e-01 4.240903830192780388e-01 3.915231926550448716e-01 4.210436304894049631e-01 4.340365563175656027e-01 4.124507713046091650e-01 4.454935017258257468e-01 4.032152304338099125e-01 4.454717532592757379e-01 4.152116868877258615e-01 4.246739828118142324e-01 4.689481641389305899e-01 4.736217381599745480e-01 4.639539490666098054e-01 4.495740509336078050e-01 4.800666438991462170e-01 4.779017981445746188e-01 4.710456923053899514e-01 4.681478243462214306e-01 4.540041363538694363e-01 4.419835713823665468e-01 4.570171995278690114e-01 4.791644812222091154e-01 4.581819132564210473e-01 4.991648286423270298e-01 4.786581461367790946e-01 4.284566848600432354e-01 4.276326821940124590e-01 4.445954068984617757e-01 4.342983742296477323e-01 4.501698169770241842e-01 4.393169082947712689e-01 4.555182437923023242e-01 4.615400063390008856e-01 4.338527373152732403e-01 4.229863290925920394e-01 4.477146058897480407e-01 4.377743969495038190e-01 4.510014504864854334e-01 4.459972152349967467e-01 4.412073718776881592e-01 4.498094583039247141e-01 4.423378299134647085e-01 4.487036738432894634e-01 4.465981519730626847e-01 4.433656673528553749e-01 4.542002180799308286e-01 4.677323724237426594e-01 4.559507481745470048e-01 4.565537472006522268e-01 4.499906217746511006e-01 4.655385732230994944e-01 4.335788246731023809e-01 4.418847794034296839e-01 4.458128483114793261e-01 4.509825727916293991e-01 4.420197680180669164e-01 4.625434036143136196e-01 4.618621184671111712e-01 4.502760129854823101e-01 4.612903170936123454e-01 4.633000279219454121e-01 4.543841029189079617e-01 4.625468403284346830e-01 4.611440086507832548e-01 4.692550910169264733e-01 4.704035548617491735e-01 4.509339022074403958e-01 4.500577234225000001e-01 4.712389726866897388e-01 4.556030993000442231e-01 4.543735099637953856e-01 4.612794392391352249e-01 4.669093149997011194e-01 4.536256375319060452e-01 4.654147483813971253e-01 4.673818780345060375e-01 4.708386134159975311e-01 4.459907144778511578e-01 4.505978044043913444e-01 4.426595090756801354e-01 4.449325483500495282e-01 4.485509183041043735e-01 4.527489186102615082e-01 4.488254242633778479e-01 4.519502462978709501e-01 4.512118940582109383e-01 4.468214792415450276e-01 4.507263400911245554e-01
-2.961836200260350299e-02 7.872984435418678428e-02 2.207026275645759261e-01 3.300269078426210645e-01 3.088213485606763342e-01 1.000000000000000000e+00 4.948132321397779032e-01 4.317465835801337359e-01 4.162622616213374482e-01 4.194558865791370716e-01 4.518231569979556106e-01 4.978198246142880312e-01 4.600094303916997807e-01 4.857108940742504988e-01 5.374307071331657637e-01 5.045036762400094688e-01 4.170849580550315405e-01 3.298782496792749264e-01 3.609809209951745923e-01 2.943105757654354560e-01 2.937022099599792546e-01 3.636311549484033123e-01 3.367324199163191367e-01 3.373246225774887974e-01 3.459464225260119319e-01 4.640643600232240429e-01 4.507082861707255028e-01 4.449601724921108947e-01 4.210776229261421477e-01 4.220482629337446445e-01 4.687042035858363653e-01 4.600334376362579802e-01 4.470348814463724896e-01 4.822991305035624343e-01 4.499693554413113361e-01 4.683011499610366113e-01 4.607938566920138368e-01 5.041288872434792623e-01 5.195280787294680458e-01 5.082745912361078533e-01 5.147745933477344549e-01 5.214289688443186632e-01 5.114353869968784050e-01 5.278227424966873693e-01 5.216220613842993403e-01 5.216243959324384782e-01 5.334100532988205190e-01 5.291250095920466689e-01 5.323782886525627589e-01 5.310285546394352130e-01 5.198486956732591979e-01 5.374350750325798121e-01 5.259317209523016734e-01 5.154236151471816019e-01 5.047575792063239142e-01 5.018364108671127255e-01 5.236644455023282685e-01 5.196384037038374037e-01 5.207232762602707066e-01 5.314956690833634312e-01 5.330493952711115035e-01 5.232700243216250602e-01 5.193039710362424843e-01 5.315803864051279470e-01 5.139747473753419893e-01 5.253770936635711042e-01 5.270418703876391664e-01 5.042696183765946749e-01 5.072139615710699045e-01 4.870851523634857072e-01 4.947567423945485321e-01 5.055076391416899462e-01 4.885258450787456908e-01 4.955815212931514169e-01 5.292157160361331547e-01 5.244916772383494408e-01 5.250776185055833212e-01 5.161924024745977446e-01 5.213070103349620732e-01 4.979787270927321097e-01 5.101729289307519455e-01 5.247499643659424562e-01 5.211016278249992473e-01 5.129651717581660275e-01 5.359388102353301875e-01 5.254518473157309133e-01 5.177222248594297582e-01 5.391346006811901237e-01 5.360249633532995217e-01 5.258637158612815554e-01 5.344179789970751049e-01 5.380717180144245493e-01 5.359527530003718176e-01 5.394548309459722413e-01 5.374987803815358678e-01 5.364433687053947741e-01 5.418431184052059368e-01 5.414371003050907349e-01 5.349582954630943687e-01 5.367557781309784115e-01 5.400949978948770269e-01 5.356993364679315528e-01 5.388262785357093021e-01 5.392833745301296444e-01 5.391967449211032548e-01 5.355783841568085846e-01 5.365729402780917701e-01 5.333045709609994800e-01 5.310529823310176090e-01 5.355591194659061749e-01 5.360364160222392815e-01 5.364371520055197795e-01 5.368380607400510263e-01 5.376967415677977868e-01 5.308697145371448212e-01 5.332236955844634752e-01
4.750632153979759270e-02 6.828087628365296646e-02 3.231890338653167771e-01 5.353060056235262598e-01 4.630213429312625140e-01 4.948132321397779032e-01 1.000000000000000000e+00 7.114167156479996867e-01 5.884070179804277156e-01 5.908094760205711005e-01 6.482830335556994950e-01 7.204706523429805776e-01 6.794701712118252912e-01 6.529095989069836348e-01 8.135750557558362184e-01 7.640979327336905325e-01 5.960921657679850716e-01 4.802987356922811535e-01 4.959371847750017048e-01 4.573767423049500680e-01 4.204826079717081666e-01 5.214191235848952832e-01 5.037906191383016985e-01 4.860970877268814827e-01 4.790358438120254636e-01 7.087756482652355361e-01 6.612722472650914840e-01 6.721222907896557963e-01 6.368015261544175409e-01 5.889317058184225795e-01 6.638763053892796639e-01 6.846881439238658995e-01 6.791448439514213842e-01 6.963514772255315899e-01 6.131872305419041602e-01 6.820312635688554614e-01 6.391669786767096850e-01 7.419194169180797216e-01 7.601496361221369291e-01 7.907840070948504163e-01 7.489104776675059583e-01 7.607019515153217171e-01 7.821840262624170093e-01 7.762478056749434474e-01 7.570452140732718549e-01 7.717175048269352411e-01 7.447535914731729934e-01 7.348507267901683848e-01 7.576831545449934646e-01 7.907230014336571466e-01 7.613556335334312752e-01 7.999202419173306877e-01 7.745482077426899536e-01 7.068214847022664671e-01 7.016868780901721614e-01 7.165086203746013904e-01 7.304910139001096203e-01 7.429484290616381603e-01 7.362094156934099187e-01 7.431302618933653958e-01 7.513594987110160384e-01 7.324718267789397386e-01 7.286311336675987960e-01 7.537206505497398012e-01 7.179393510486141716e-01 7.416873861053137063e-01 7.343852154944530142e-01 7.047537949044108130e-01 7.152836626609140325e-01 6.940162461907063429e-01 6.861993542899136322e-01 7.052018005952799262e-01 6.855845194160695710e-01 6.902999351395279204e-01 7.578430324752934988e-01 7.395690176642182312e-01 7.499267177152727504e-01 7.290455052284776638e-01 7.500944662990147727e-01 6.959501453530224646e-01 7.015344509755093716e-01 7.279702998989824314e-01 7.346452084237956592e-01 7.130995048406936210e-01 7.576278960098014048e-01 7.402353552001114112e-01 7.234711229870541827e-01 7.644462516109301609e-01 7.559157209518210241e-01 7.421901703559420360e-01 7.678903435549987444e-01 7.594675279055776995e-01 7.593069524683951910e-01 7.709983889004641266e-01 7.453960615352257513e-01 7.427632240807559016e-01 7.812408586291093027e-01 7.592344678635311039e-01 7.535300946738792138e-01 7.663809472517739696e-01 7.725380602121033613e-01 7.593754953902004390e-01 7.638034855623083708e-01 7.708132024459729559e-01 7.681145735894510107e-01 7.482736947596844157e-01 7.486456314210044871e-01 7.348138522128968564e-01 7.389248445485804284e-01 7.507100361724720061e-01 7.531900244258500354e-01 7.412506956237423505e-01 7.490633863684840188e-01 7.522399215764020708e-01 7.318552425823975360e-01 7.429921348208479159e-01
1.104372810539091948e-01 6.067440369037609138e-02 3.582096964341417999e-01 5.310866019425969364e-01 4.452665036347083771e-01 4.317465835801337359e-01 7.114167156479996867e-01 1.000000000000000000e+00 6.600205725201672147e-01 6.330398516706985390e-01 6.965086955889089326e-01 7.395069750189253721e-01 6.984105261474152782e-01 6.752739934715061842e-01 7.906838720101444506e-01 7.802063554420620717e-01 6.614936313791809352e-01 5.772919986060325304e-01 5.943823407195875097e-01 5.482099915814911961e-01 5.347025671867625674e-01 6.289541539898213518e-01 5.992683022889602196e-01 5.884620043259267685e-01 5.915735504408737855e-01 7.552920893457348850e-01 7.313643377159300130e-01 7.337047989326368480e-01 7.012434011324092387e-01 6.778926107392252431e-01 7.316641276265090088e-01 7.338219522547992923e-01 7.228662114007702311e-01 7.315021832680020930e-01 6.879113530372477081e-01 7.486027450133919681e-01 7.118234274609013257e-01 7.605370136135288783e-01 7.806180275947219860e-01 7.897519606884387811e-01 7.824239075588267367e-01 7.765027146792156110e-01 7.993361996453073326e-01 7.957528754877550847e-01 7.849862425706174429e-01 7.860592470228647821e-01 7.615893161039613002e-01 7.615613815979327406e-01 7.744020165541631862e-01 7.941108587067740032e-01 7.760527436933195577e-01 7.945589257530011329e-01 7.886593707097562245e-01 7.440044785704363894e-01 7.460063461335461055e-01 7.600132065477804844e-01 7.640776465020400199e-01 7.686621966658760963e-01 7.608702673187587306e-01 7.733988955593216197e-01 7.732444109016095579e-01 7.604553456523036603e-01 7.528964690553663353e-01 7.722568663355953156e-01 7.531392393184446199e-01 7.750738006332857921e-01 7.600584891954313971e-01 7.484485632514621400e-01 7.564246456538692431e-01 7.472324925237913140e-01 7.458105823245241295e-01 7.527405153008991379e-01 7.351746848348257313e-01 7.486099988543318817e-01 7.802919929804446042e-01 7.730821147312441077e-01 7.714454108443955516e-01 7.638196150195268874e-01 7.766607631382485000e-01 7.433553673543088491e-01 7.459616966053956855e-01 7.634242433955219509e-01 7.672457216715908856e-01 7.503375668456938596e-01 7.738592297244618612e-01 7.639425364692974396e-01 7.597420334687194909e-01 7.729109380721739253e-01 7.713075009205857535e-01 7.703576201909758669e-01 7.779214952494049040e-01 7.741324390443111714e-01 7.783588695984564598e-01 7.856221563730582114e-01 7.616425987303127032e-01 7.604323666846392049e-01 7.852792657649451113e-01 7.731418026157593770e-01 7.675754213171624984e-01 7.795982732330323239e-01 7.831386962986067735e-01 7.730504484093491113e-01 7.753614001533081224e-01 7.829618724934017671e-01 7.839542018980432125e-01 7.671848454753198432e-01 7.656706099697987433e-01 7.559107184498619070e-01 7.626448355461403761e-01 7.682792327196233950e-01 7.701044721283827332e-01 7.628101157520928988e-01 7.668044050720799198e-01 7.646872225620874319e-01 7.579240254665585708e-01 7.668378961009610917e-01
1.880448039963597828e-01 1.741324664556860025e-01 3.443607646536440137e-01 4.124163419623485538e-01 3.632632129939953880e-01 4.162622616213374482e-01 5.884070179804277156e-01 6.600205725201672147e-01 1.000000000000000000e+00 7.240608258550562670e-01 7.529832864774279599e-01 7.325224328003083762e-01 7.414072331835103169e-01 7.335222597330052219e-01 7.745448638353215065e-01 7.911074196229954669e-01 8.275667389304718347e-01 7.837753035208071539e-01 7.828344423851680833e-01 7.246526593823813256e-01 7.132584584807599715e-01 7.687468582736040057e-01 7.710432213002861301e-01 8.005475199602432035e-01 7.711866227324343237e-01 8.463775874940862032e-01 8.396930664969165514e-01 8.539608081333777134e-01 8.004955619914034814e-01 8.606767958732451929e-01 8.664536327180163422e-01 8.758630913837670562e-01 8.443057472725556956e-01 8.527001224593702133e-01 8.601123261844799694e-01 8.567162609759950698e-01 8.772302589114678861e-01 8.553533013814376140e-01 8.493799002163222589e-01 8.087413368891055443e-01 8.644146360287058295e-01 8.462864841499104784e-01 8.376892811031440012e-01 8.469775087208398778e-01 8.500201214567087993e-01 8.390458585035813766e-01 8.381433360791959997e-01 8.558614320935323816e-01 8.502189854713898542e-01 8.202348781147085210e-01 8.536770056580261778e-01 7.753134141548257974e-01 8.173559684323530306e-01 8.656177832398371796e-01 8.709942125018409476e-01 8.686129617573213890e-01 8.637055532870788754e-01 8.574804859095758180e-01 8.627325389457524141e-01 8.541154414952006890e-01 8.469609677785996382e-01 8.586950443051772908e-01 8.501204437846210382e-01 8.444665597998873841e-01 8.587320250219399043e-01 8.619260916658014748e-01 8.531762802993428929e-01 8.738961933955810002e-01 8.806914287213251091e-01 8.716447228241508416e-01 8.651875893120599681e-01 8.666506430301932351e-01 8.773425657712508041e-01 8.676271788654330575e-01 8.528092767476725955e-01 8.610534910252473084e-01 8.480135462481548370e-01 8.523523130022260252e-01 8.474458146919255919e-01 8.654224517566625474e-01 8.636478207643427663e-01 8.570445506816553038e-01 8.648061237275725954e-01 8.604219345282156928e-01 8.375014866962916527e-01 8.529950847408767078e-01 8.624591365353750927e-01 8.313103234305347922e-01 8.400349536053490773e-01 8.592835629645771967e-01 8.309661838877335782e-01 8.433328451720663033e-01 8.378059025748793021e-01 8.387223733142381565e-01 8.327078674878546360e-01 8.382507243765562333e-01 8.203465439028064798e-01 8.319139003086426509e-01 8.310410667125329720e-01 8.388883103419580989e-01 8.318889392021735496e-01 8.365603481682322151e-01 8.257080403911771782e-01 8.350592503519096432e-01 8.381625882529651905e-01 8.427791403707448614e-01 8.409266637161364466e-01 8.428208590017481905e-01 8.514971581543138157e-01 8.396757600538616861e-01 8.415001979501526286e-01 8.395036189530107329e-01 8.379191430970820420e-01 8.304092744665275694e-01 8.443436046996726230e-01 8.432262477811749424e-01
8.665598373138966304e-02 1.805905805203601722e-01 2.939329514139968902e-01 3.962227579932491861e-01 3.643888888560322115e-01 4.194558865791370716e-01 5.908094760205711005e-01 6.330398516706985390e-01 7.240608258550562670e-01 1.000000000000000000e+00 7.048766799553473072e-01 7.066280333791312707e-01 7.107712662207528176e-01 6.998612452008470264e-01 7.645594087805310801e-01 7.521050875532334645e-01 7.123014545072783310e-01 6.249895786244354934e-01 6.412235129325333238e-01 5.474539244408713756e-01 5.360942592093826953e-01 6.253533088784044569e-01 6.212296483291870342e-01 6.408895494159260187e-01 6.184908570046223630e-01 7.449731719501446747e-01 7.420622641609695425e-01 7.386184853396203787e-01 6.959742382508646852e-01 7.450444980219288471e-01 7.772256158074156707e-01 7.640200988520221559e-01 7.469044420454988842e-01 7.728806672105514863e-01 7.567375144185961577e-01 7.648671132124509331e-01 7.788875449240774129e-01 7.976852871589041882e-01 7.968955482597342987e-01 7.617850183586138968e-01 8.013345054188902861e-01 7.944384337265643081e-01 7.776857414294621185e-01 7.932173776586260994e-01 7.917325206232820323e-01 7.965352291698506448e-01 8.101613975124291045e-01 8.148053986630090506e-01 7.993896974340441997e-01 7.722432956550238092e-01 8.014052838485029584e-01 7.557324009102434070e-01 7.866181036117567693e-01 8.127457354742647633e-01 7.983795600405013682e-01 7.917618960280354834e-01 8.024451952405834421e-01 8.048888764305920374e-01 8.072290303159834757e-01 8.122447051688319597e-01 8.072323115383732706e-01 8.115122164428961726e-01 8.049378795143230514e-01 8.063487929968569112e-01 8.031003214752640007e-01 8.065524931126430985e-01 8.143370760665796793e-01 8.031276083210866501e-01 8.073316318317446116e-01 7.812425717654900570e-01 7.805406079148988763e-01 7.955283451350213531e-01 7.999495818479942510e-01 7.895001815872580986e-01 8.114765646475228245e-01 8.099922179346298323e-01 8.105502231088693721e-01 8.052339261483868471e-01 7.995065186349719077e-01 8.023221390719296187e-01 8.060284479913215616e-01 8.140639625505116106e-01 8.117575166601408432e-01 8.070763447461212214e-01 8.033158449279634850e-01 8.094352950202946539e-01 8.113443657655546870e-01 8.094317063540764634e-01 8.104963738077489710e-01 8.132460788855735423e-01 8.067210445388377504e-01 8.135317198827241025e-01 8.078075280040925010e-01 8.093198912817770596e-01 8.101802211088389161e-01 8.147319706585182120e-01 7.991907748149574831e-01 8.033225946740294443e-01 8.084927260115898351e-01 8.087820949918687052e-01 8.068025872938658916e-01 8.082897505173372021e-01 8.018821864180936121e-01 8.077769140296822137e-01 8.076288407169736061e-01 8.106062912010867372e-01 8.113276911789683021e-01 8.144503773314692996e-01 8.144327993301736512e-01 8.106937046455475748e-01 8.128238450701240625e-01 8.130932210342595168e-01 8.129091826182125446e-01 8.090319901201734609e-01 8.080458921738602474e-01 8.089600265324569106e-01
6.896522501126058080e-02 1.427669913060799767e-01 3.713807750123674922e-01 5.138171622084340973e-01 4.216649056792993733e-01 4.518231569979556106e-01 6.482830335556994950e-01 6.965086955889089326e-01 7.529832864774279599e-01 7.048766799553473072e-01 1.000000000000000000e+00 8.119867622619114655e-01 7.523967288681912002e-01 7.473754304923537761e-01 8.192166963727182116e-01 8.096089583440572168e-01 7.473763700010613853e-01 6.781352522135869476e-01 7.019697142117364841e-01 6.207816584352883194e-01 6.383306378174450346e-01 7.112857982729028361e-01 6.550175554850194981e-01 6.931774268533436034e-01 6.849645590799700035e-01 7.951726695517534749e-01 7.981047401383634110e-01 7.940968927918156117e-01 7.465091110561031806e-01 7.916426319630177622e-01 8.346513111256548267e-01 8.109513505492321750e-01 7.798270063193359913e-01 8.240365797580743168e-01 7.998742414524386835e-01 8.331590881913001345e-01 8.222113335400508261e-01 8.351382860415602627e-01 8.465404732982747538e-01 8.100748652921974102e-01 8.484300324365757762e-01 8.489059850395797024e-01 8.358595579601002523e-01 8.527739214452725314e-01 8.613058563309344828e-01 8.493025448871472927e-01 8.558848889513813729e-01 8.560421363193683186e-01 8.540937982916797511e-01 8.372863631156379771e-01 8.522074631621650020e-01 8.272828641197796928e-01 8.522208403782860486e-01 8.491513949365770975e-01 8.409982732732070865e-01 8.332074709616992259e-01 8.554870685144529974e-01 8.574467339192448634e-01 8.547019573258571867e-01 8.641336384657607450e-01 8.620078714142287435e-01 8.525383051986366034e-01 8.482915990628689951e-01 8.571670806867950354e-01 8.586675582331713130e-01 8.650206991595731365e-01 8.579851845030778135e-01 8.583276118253199138e-01 8.553732105709639377e-01 8.519321003576911799e-01 8.578258014462502024e-01 8.563244209329526901e-01 8.472724421102577619e-01 8.500323473581458122e-01 8.618671102717229138e-01 8.639895335448880553e-01 8.588051586089893163e-01 8.538154564679061309e-01 8.561277801818549804e-01 8.518367987413542064e-01 8.568504469089831543e-01 8.629874623942958012e-01 8.617057919645042530e-01 8.533522484655973184e-01 8.564101853470641457e-01 8.598552326762598508e-01 8.622817086313890877e-01 8.591989758727732740e-01 8.599750531444174673e-01 8.572817680983232380e-01 8.546113411957750872e-01 8.613608651473675382e-01 8.625423537395371376e-01 8.605209093990747737e-01 8.585968325976469639e-01 8.580999402049532820e-01 8.557961692812374732e-01 8.595790312467840311e-01 8.624605102531498479e-01 8.621944572950394070e-01 8.616091922335953335e-01 8.614933780342658443e-01 8.594427516557229252e-01 8.619450348211243895e-01 8.660247191829691937e-01 8.607355494271254903e-01 8.608167608293363360e-01 8.567589157791802856e-01 8.582129350566907178e-01 8.636076245052949352e-01 8.605945067568239182e-01 8.630783512519284439e-01 8.603134790410571497e-01 8.595491265744351628e-01 8.615177006503674795e-01 8.645562582495056603e-01
6.755909701689524760e-02 9.906926099440999112e-02 4.385707989765419978e-01 6.873343167740529891e-01 4.746951460261237266e-01 4.978198246142880312e-01 7.204706523429805776e-01 7.395069750189253721e-01 7.325224328003083762e-01 7.066280333791312707e-01 8.119867622619114655e-01 1.000000000000000000e+00 7.992804833156123001e-01 7.768990133666863196e-01 8.567515336645050716e-01 8.494364355021629676e-01 7.397147533802301833e-01 6.459431037911550488e-01 6.629330266760583568e-01 6.373196324296949156e-01 6.495538999346806008e-01 7.208466390782797273e-01 6.341816806546187735e-01 6.714537800868861650e-01 6.578507353543529002e-01 8.119419095874116366e-01 8.140659025644411129e-01 7.912915504018962487e-01 7.461175094974847877e-01 7.709912496008821670e-01 8.367399914703059771e-01 8.086396530745579847e-01 7.669362373625344675e-01 8.356012381803989975e-01 7.635444710961974968e-01 8.471401983251095613e-01 8.070479227586478954e-01 8.444641887820191206e-01 8.730281875206223896e-01 8.507444431108763805e-01 8.689751615696591491e-01 8.646872424273110980e-01 8.690344588429494976e-01 8.906402666116236544e-01 8.827893380410095636e-01 8.694802073313980806e-01 8.644477570853760229e-01 8.558858935269579860e-01 8.694517743918189767e-01 8.888576231463135580e-01 8.690144738048541928e-01 9.009766197639428320e-01 8.997893114539907700e-01 8.339733348387993184e-01 8.272318011851114150e-01 8.312653898980514322e-01 8.622032179270748831e-01 8.671049503538061920e-01 8.560804048695402901e-01 8.799614688407326746e-01 8.775007350420482855e-01 8.534959421019778780e-01 8.459997202751968759e-01 8.720687488721643454e-01 8.594133343408214554e-01 8.823515588130539378e-01 8.595681971883212258e-01 8.508245012931572315e-01 8.502259824139446476e-01 8.655105832651200926e-01 8.636276145225573186e-01 8.550296326702766514e-01 8.426532119104079843e-01 8.503764234647901432e-01 8.773572358909694779e-01 8.751864067826119475e-01 8.635891170171428044e-01 8.565888421973792966e-01 8.711556567687651631e-01 8.451699823767888642e-01 8.490036729033638707e-01 8.686318290850003621e-01 8.640203302829907450e-01 8.402980408970310844e-01 8.796229924175852366e-01 8.750382503179452431e-01 8.640033329012535290e-01 8.780425896572170430e-01 8.735585531911176371e-01 8.639510907508514137e-01 8.692085863055526440e-01 8.760310055125800632e-01 8.822976868534119221e-01 8.812120600708949203e-01 8.675961675168957221e-01 8.640743329017044339e-01 8.869961150172882558e-01 8.831837153328345735e-01 8.761011210765725643e-01 8.829952955329394282e-01 8.857709880470112651e-01 8.805124021473500484e-01 8.874543778056289689e-01 8.892634915794037642e-01 8.934579131312893052e-01 8.756283813989682585e-01 8.720426936366160175e-01 8.570932606431619361e-01 8.587402296450484807e-01 8.756982359807899963e-01 8.728805494415111665e-01 8.714688873249132328e-01 8.730751520339576910e-01 8.713468816247716964e-01 8.672264773040149199e-01 8.761334894296054498e-01
1.085597908256832611e-01 1.117813229635388483e-01 3.683908938568412617e-01 4.977390085616781312e-01 4.414232912462133229e-01 4.600094303916997807e-01 6.794701712118252912e-01 6.984105261474152782e-01 7.414072331835103169e-01 7.107712662207528176e-01 7.523967288681912002e-01 7.992804833156123001e-01 1.000000000000000000e+00 7.548608146220258108e-01 8.277348454644720688e-01 8.228421269731751586e-01 7.427430303962577751e-01 6.615990076425831701e-01 6.781348127463784348e-01 6.016752308718996689e-01 5.997568463602546140e-01 6.934631099644543717e-01 6.597146259149596625e-01 6.814038437837138806e-01 6.682091939649597023e-01 8.022559575412590016e-01 7.982254498383118957e-01 7.836299903187607940e-01 7.454338697554573345e-01 7.691884880580748263e-01 8.153320994252859499e-01 8.117042495680665271e-01 7.825441449151572249e-01 8.175078292168027616e-01 7.847224095553038126e-01 8.208317779717679841e-01 8.068427167450464843e-01 8.279290753276256076e-01 8.472399169802415919e-01 8.193248809022715129e-01 8.470080033662272800e-01 8.439007232676187797e-01 8.427816166066984804e-01 8.583564107540577748e-01 8.505043155614283590e-01 8.444606574659029308e-01 8.508409790102186010e-01 8.503969031674069035e-01 8.531047786318509685e-01 8.453147240314091704e-01 8.486514218174449065e-01 8.352364492307295940e-01 8.472091864102027081e-01 8.397658268139380766e-01 8.344778880015771838e-01 8.350668812200580104e-01 8.473448028916557018e-01 8.500714633015188371e-01 8.485896800838438336e-01 8.589270343639594518e-01 8.575170851143720796e-01 8.460756387026610037e-01 8.366981414675555007e-01 8.516940179812653167e-01 8.440098490307404999e-01 8.574149747422550316e-01 8.499494454981499914e-01 8.464004368476527596e-01 8.492952049023596572e-01 8.337086429641201724e-01 8.379443467553304714e-01 8.457228908369793796e-01 8.380105932911962041e-01 8.392973505882750374e-01 8.578472714242619812e-01 8.549340428647387302e-01 8.513263572131669621e-01 8.434265116944577034e-01 8.474934966727737384e-01 8.379182458172745873e-01 8.419426488243857420e-01 8.519420809970916775e-01 8.538989582792153588e-01 8.419976314631568703e-01 8.521666261351671379e-01 8.535197091031542227e-01 8.524087269112172738e-01 8.529313362207124882e-01 8.540932763797556282e-01 8.547246118887739108e-01 8.498026646246521487e-01 8.568006416262959890e-01 8.570589138413697849e-01 8.571686715841850823e-01 8.499134449249066137e-01 8.509151818130942235e-01 8.504800262869139926e-01 8.529144149141855147e-01 8.508052149357929750e-01 8.557225312421806729e-01 8.573439814353449595e-01 8.525966661884445408e-01 8.510169634817703610e-01 8.584028043649249984e-01 8.605668193710703795e-01 8.524558745989425645e-01 8.529024222589360882e-01 8.481442162306069843e-01 8.505177418446818738e-01 8.538456349504610632e-01 8.539686541365013595e-01 8.523379516774826081e-01 8.541641545761720078e-01 8.497987321420767959e-01 8.505342389289088922e-01 8.533947952724107999e-01
