1.000000000000000000e+00 8.085738650783590165e-02 3.728874609954684755e-02 4.586490158301136447e-03 1.505703753997687279e-02 4.440105935975926371e-02 4.194529362894714071e-03 3.253876608785092814e-03 9.344737677773372331e-02 4.586004109546624324e-02 3.449313382737639877e-02 9.171174026620959596e-03 -1.559823828343771509e-03 7.704965962653979351e-03 3.948024263951176518e-03 9.654131081162906081e-03 5.812966810686308328e-02 8.165865223890211855e-02 7.955783527955319345e-02 6.335098226480802286e-02 9.669849282099246546e-02 8.092401880290636673e-02 9.052638577821299493e-02 1.000276323598639355e-01 1.009174631106924819e-01 7.175373133838229556e-02 4.442421083591680669e-02 4.427908116895509262e-03 4.960490114597849998e-02 6.320052011605595266e-02 5.459370710222417877e-02 3.501886153543816438e-02 9.169699413612371688e-03 4.624047911037681979e-02 5.609169822888363660e-02 1.839696255894457053e-02 4.654258044276714940e-02 -2.005148980127791428e-03 2.092034094793822005e-02 -2.245007018367642729e-02 1.428181485022697074e-02 -1.048114334887673138e-02 -6.109782177659392639e-03 4.934178157788747347e-03 2.497377841934647624e-02 -3.055859141248816208e-04 1.258315773546300927e-02 2.397105969163097067e-02 1.604838211861039227e-02 7.649288471172003938e-03 2.247068925226759425e-03 -2.642042047214427508e-03 9.829705836375341593e-03 3.285229328215195921e-02 3.395467859994420051e-02 3.047471058463068275e-02 2.814105042306154492e-02 1.185779039892478383e-02 1.492817209942857472e-02 2.037487988457750698e-02 9.081922335965596574e-03 1.228842665507105629e-02 1.336447311467427006e-02 1.173522364832217148e-02 3.699339361281255012e-02 2.802410176729079605e-02 1.833345068116902857e-02 1.686956425701344534e-02 1.688844444616714735e-02 2.325132310007934494e-02 2.778209653058501608e-02 2.756406346556054127e-02 3.115522381144181924e-02 3.112480818552074494e-02 1.520829988130374330e-02 1.202090266658415937e-02 1.499881364465384306e-03 1.546090722328385438e-02 1.534872252603041755e-02 3.063700089768444865e-02 3.176981073526498334e-02 2.458365305572113649e-02 2.089016163917399582e-02 2.196613978651837037e-02 7.244026144202086667e-03 2.166567376981411164e-02 9.784094999203050286e-03 -5.507303861880229363e-03 4.865860983235355611e-03 8.272663993595512702e-03 -1.552399684687152254e-02 -1.503712040642195269e-03 6.918128854130644635e-03 8.644470235471681343e-05 5.996462951086544736e-03 7.876095622144309652e-03 -1.243526809696046155e-02 3.342050111669865597e-02 7.022607347219345444e-03 -2.772841313528697210e-03 -1.211871640705099694e-02 4.984072785372522206e-03 6.790660894521475567e-03 1.058860092390938876e-03 5.597310554984613259e-03 1.445225653696423883e-02 1.810646552464957593e-02 1.496366557539520990e-02 9.975173607793662994e-03 3.498628858996628756e-03 -6.065191301842580603e-03 1.603480925092821280e-02 2.459260578413654218e-03 9.292647441951464374e-03 2.462755702344793587e-02 2.161279258188671115e-02
8.085738650783590165e-02 1.000000000000000000e+00 9.626127478311306829e-02 1.092082069731772631e-01 9.269852096590684709e-02 1.045609177612076279e-01 1.700406831085888304e-01 1.262477573932883068e-01 1.881375620799769777e-01 2.268361923978671479e-01 1.643110093507701153e-01 1.449241974261437360e-01 1.139910193350301137e-01 1.501131805177506329e-01 1.512188538614318567e-01 1.514669430497821712e-01 1.853712335589867422e-01 1.740756222115965868e-01 1.971959641065434143e-01 1.093507327576323657e-01 1.551311736615486048e-01 1.807962993881784275e-01 1.903904851103224161e-01 1.913299499105098611e-01 1.800570723795840711e-01 1.912873970625628972e-01 1.717751022648351666e-01 1.402726304883981645e-01 1.841013359330256616e-01 2.071345567154810607e-01 2.020235552222246211e-01 1.793725558624320870e-01 1.561725918588039996e-01 1.866860689442655374e-01 2.003762581881098626e-01 1.611926967316761605e-01 1.840104951298625613e-01 1.609615385313777625e-01 1.729272442935338161e-01 1.347443037413056655e-01 1.622377437166606373e-01 1.448086267562469776e-01 1.418377029686599122e-01 1.587072593459198377e-01 1.724770058050006105e-01 1.646125320640687284e-01 1.498389782339981380e-01 1.638085042852621409e-01 1.691757888049236214e-01 1.499850129129707554e-01 1.559036381513726477e-01 1.017151007909061766e-01 1.393708006747113037e-01 1.841810017287594803e-01 1.908797555691204850e-01 1.877702448603750518e-01 1.695553818713614325e-01 1.622916408026179591e-01 1.722714241006247926e-01 1.674239339168192842e-01 1.593889908525132626e-01 1.735155916215490035e-01 1.705295551309906066e-01 1.695494627750599448e-01 1.683509407514968970e-01 1.660911161547095338e-01 1.618422118772533391e-01 1.670053277850108153e-01 1.706373868475045963e-01 1.508213897441826878e-01 1.622604206656010351e-01 1.696869827723642421e-01 1.711012032568651753e-01 1.682928309350146256e-01 1.645589150637391529e-01 1.614629602892622418e-01 1.516781171674567164e-01 1.678369375995281410e-01 1.638524618874985517e-01 1.747496413590531872e-01 1.725142594785304684e-01 1.729779114267845919e-01 1.663681899006742848e-01 1.728423040359292895e-01 1.603454851626691657e-01 1.693558660036763863e-01 1.603261484506919854e-01 1.476592949703196544e-01 1.620286359259371367e-01 1.554533455480634763e-01 1.415620427690514882e-01 1.509819216981187762e-01 1.561765257355370307e-01 1.523326514252050512e-01 1.517476784861661598e-01 1.574616190401600391e-01 1.279174288337965038e-01 1.509736220297697717e-01 1.514762816266631840e-01 1.428537442130475288e-01 1.359570429553595416e-01 1.477457181520080154e-01 1.425285854600219781e-01 1.500811822965837372e-01 1.454375644000705237e-01 1.569340938974194688e-01 1.620221197576144634e-01 1.657808330250772344e-01 1.586533703088233438e-01 1.524944915319161876e-01 1.483756165260274318e-01 1.575605010141280238e-01 1.554347445178003717e-01 1.544240009453791418e-01 1.640903861737539327e-01 1.546166063699776494e-01
3.728874609954684755e-02 9.626127478311306829e-02 1.000000000000000000e+00 3.671914839168778366e-01 2.157921232183588611e-01 2.255994870410930053e-01 3.855014973347182794e-01 3.698946661545847725e-01 3.630875588848088142e-01 3.664501199270215337e-01 3.871111166193509368e-01 3.868429183497579249e-01 3.355566210287108664e-01 3.531108570942119163e-01 3.904390213848211721e-01 3.980095725116336025e-01 3.944133241871024542e-01 4.363637879626238170e-01 4.086548054175782041e-01 3.848403752007210077e-01 4.135127166532038268e-01 4.331811102309970907e-01 4.313244764347993199e-01 4.123809875378097733e-01 4.024909388899270968e-01 4.416831124522209717e-01 4.161344461166653352e-01 4.156172438774468625e-01 3.896057254998581687e-01 4.096294527713569278e-01 4.134466363795221144e-01 4.378058009834142061e-01 4.230754131185359701e-01 4.382349213484910688e-01 4.099926693443712300e-01 4.226649613015854845e-01 4.091672611368931123e-01 4.219176753118890066e-01 4.192742031290329074e-01 4.179234686623198303e-01 4.055639036343675619e-01 3.963134656247584431e-01 3.842876168233774758e-01 4.036604573774011384e-01 4.125472178867783390e-01 3.952517834123964180e-01 3.923196208555061459e-01 3.879341688529321930e-01 4.086347069971297818e-01 4.181240948158458370e-01 4.158440990696967154e-01 3.956836429288056456e-01 3.928582107183531957e-01 4.034717010785437430e-01 4.169263944259886112e-01 4.305477468112831607e-01 4.153740300755080495e-01 3.905292628589596138e-01 4.038957423363442323e-01 3.882154294002430062e-01 4.047502809758659614e-01 3.984082383254365922e-01 4.137095804015529232e-01 4.014890741296860410e-01 3.945488135593348544e-01 3.953069036111552803e-01 3.850854167923308813e-01 4.041549563692665714e-01 4.120403699501304917e-01 4.010419932727571912e-01 4.098693033655603779e-01 4.057192619431919667e-01 4.084393540095363484e-01 4.092944153172766164e-01 4.020812410932053660e-01 4.010986951224278507e-01 3.980110910431815530e-01 3.861551944996908237e-01 3.993403583535952706e-01 3.897694303108702463e-01 3.933480808627663472e-01 4.011559978234613411e-01 4.117111009977553193e-01 4.043760439674043417e-01 4.068810105872036065e-01 4.072908313586135476e-01 4.019922881717004071e-01 4.011044941132864139e-01 4.006656051707101485e-01 4.086940598629573707e-01 4.061575467310946097e-01 3.921630299390106988e-01 3.972456669020731912e-01 3.949184300388108859e-01 3.811708996936164495e-01 3.836820646706026738e-01 3.957595478035960679e-01 3.943799378788944154e-01 3.897492464484786368e-01 3.944184693724678836e-01 3.829994046535758478e-01 3.928234268286975861e-01 3.885585555138295066e-01 3.859190785229520415e-01 3.939340758828587252e-01 3.923778403645842849e-01 3.908316535798470048e-01 3.875818089052873727e-01 3.957755841966526522e-01 3.852934351005263824e-01 3.935134769462301230e-01 3.823823201095902791e-01 3.825745573808488897e-01 3.869851367577517021e-01 3.910634720613277993e-01 3.856702061769455292e-01
4.586490158301136447e-03 1.092082069731772631e-01 3.671914839168778366e-01 1.000000000000000000e+00 3.636612037010043541e-01 4.089144873552268966e-01 5.964809421338613804e-01 5.988829549605516611e-01 5.704348229912994395e-01 5.358812821333140963e-01 5.915721935598712289e-01 6.454819627926132730e-01 5.720469939950701965e-01 5.776962563896684832e-01 6.434687114575361466e-01 6.370695840326335846e-01 5.774917555940992653e-01 5.550505139337438276e-01 5.575869994075958180e-01 6.106444868552365346e-01 5.953471672307034668e-01 5.723714169744593683e-01 5.557597270635975528e-01 5.459990723432087689e-01 4.908931242028561348e-01 6.262572570782772852e-01 6.258205548286359665e-01 6.284111313473210725e-01 5.915065920529954946e-01 5.926747294756588014e-01 6.203361381042967748e-01 6.284988556741052390e-01 5.792235555478966180e-01 6.198402198872453583e-01 5.906443191072149324e-01 6.323672681095701131e-01 6.056004350987099771e-01 6.305118187769719329e-01 6.426794148581418398e-01 6.308799978916337370e-01 6.501282699132570064e-01 6.473350213643451756e-01 6.425028892407721459e-01 6.503148118093725616e-01 6.432686166483008172e-01 6.322113700986347062e-01 6.360508078023815459e-01 6.229134868349519571e-01 6.310100618408068796e-01 6.311083172729463620e-01 6.436268823671033035e-01 6.417672754096443999e-01 6.418262814539653638e-01 6.235679276045063002e-01 6.352697771896584911e-01 6.428945109821944115e-01 6.287811924211127446e-01 6.337820672399576694e-01 6.288068031381045531e-01 6.271864417401729064e-01 6.507369017796617028e-01 6.300543944984814404e-01 6.429830760263607337e-01 6.356883702519535717e-01 6.240674575924302081e-01 6.301364210728500614e-01 6.317203591388208528e-01 6.375613464173426337e-01 6.420373200183934204e-01 6.549668034683359119e-01 6.371623210564638651e-01 6.247555669708970694e-01 6.367480701540565446e-01 6.226392198820320800e-01 6.474444637865001129e-01 6.446892905238306160e-01 6.422644021095923472e-01 6.332988811290699571e-01 6.419914686112518920e-01 6.253931101079368560e-01 6.211932865439065976e-01 6.355272055307497059e-01 6.466547754000848691e-01 6.313284399981594630e-01 6.526754930700210400e-01 6.382017929896905972e-01 6.393901227605058857e-01 6.507582538346752266e-01 6.444644200398851330e-01 6.501163176401720811e-01 6.498293163087478508e-01 6.466587689402469863e-01 6.411492489581519516e-01 6.445171097633132229e-01 6.335648242784828188e-01 6.318321162807505331e-01 6.629995514994629913e-01 6.519800996713017716e-01 6.497110559021193055e-01 6.516000061440763158e-01 6.538174082748184901e-01 6.550230096271590918e-01 6.470408904669584516e-01 6.481774270837113994e-01 6.504012411485450285e-01 6.440166964470871447e-01 6.395530932602713214e-01 6.333611950484229203e-01 6.502991367714554549e-01 6.385930667893244816e-01 6.459204424400092348e-01 6.345897818785819489e-01 6.398742933366972085e-01 6.397844942657462397e-01 6.325667438083580896e-01 6.343486158511871809e-01
1.505703753997687279e-02 9.269852096590684709e-02 2.157921232183588611e-01 3.636612037010043541e-01 1.000000000000000000e+00 3.030479323757928056e-01 4.567459618544854605e-01 4.397467705734096066e-01 4.444623649813304045e-01 4.191496981122658227e-01 4.322850872784345100e-01 4.889876137623312413e-01 4.870938957186583540e-01 4.508305109889130247e-01 4.978792986098996010e-01 4.900020884818385714e-01 4.238580988231992475e-01 3.948348969513121864e-01 4.135073847680953429e-01 4.192854513119854132e-01 4.162119081216582583e-01 4.221590630675691735e-01 4.185456517799296394e-01 3.997442913036604595e-01 3.784281539312467912e-01 4.726796439590915666e-01 4.914141750476280213e-01 4.699655622038103053e-01 4.324448461673718325e-01 4.600983869465657405e-01 4.809004366443644929e-01 4.593558053594224422e-01 4.093085620980470019e-01 4.552133660899111978e-01 4.502672953195574479e-01 4.515377680869269716e-01 4.748872214719307427e-01 4.690785482936093986e-01 4.826512621857121377e-01 4.581429073951314712e-01 4.983208289438735283e-01 4.962490503782800988e-01 4.885496089091425076e-01 5.016548116991838002e-01 4.979123428804744234e-01 4.936722014789725055e-01 5.002698134594238955e-01 4.990675940784166098e-01 4.872410312267290711e-01 4.611809592484140130e-01 4.854944192468282349e-01 4.703515525037353373e-01 4.939102169231698869e-01 4.981652582983109867e-01 4.814925537511448583e-01 4.917659391441800976e-01 4.614336684517859610e-01 4.951635981700829303e-01 4.846905341744015550e-01 4.983494958902097149e-01 4.984145752269273921e-01 4.882960145199449764e-01 4.808648183570979340e-01 4.859613387272169738e-01 4.929641576224587651e-01 4.856619121159386210e-01 4.961068971177143294e-01 4.942246303077462155e-01 4.979235436984826291e-01 4.911756844869971106e-01 4.840369806935804764e-01 4.891807212079002376e-01 4.846012892015669205e-01 4.803351620767575825e-01 5.085713063067023310e-01 5.005593253868699799e-01 4.930693959504802160e-01 4.860341611236561055e-01 4.997780705074984509e-01 4.990239120852104082e-01 4.952244244493168024e-01 4.980184955683129022e-01 4.937447881159339191e-01 4.940313490510814254e-01 4.973507781038949971e-01 4.942098644088052661e-01 4.976781194291577948e-01 4.993231037741269751e-01 5.036899143461394113e-01 5.009096881918246869e-01 4.978980144219629089e-01 5.050228059345647225e-01 5.049790015462610748e-01 5.021234553933460187e-01 5.005538797388359162e-01 4.992246502181666434e-01 5.008347927742216044e-01 5.003527227629870344e-01 5.059706307323726948e-01 5.043303244950165798e-01 5.079538110826580244e-01 5.010294241982251595e-01 5.036214519114876609e-01 5.050890697203564983e-01 4.996791732241341322e-01 4.933731219350689923e-01 5.038246014912073356e-01 4.988021155276403107e-01 5.072331265834207903e-01 5.042774001755656599e-01 5.008659729924817006e-01 5.025828878161278102e-01 4.997143253163107146e-01 5.002760661234326722e-01 4.960724143235157868e-01 4.953508256772622964e-01
4.440105935975926371e-02 1.045609177612076279e-01 2.255994870410930053e-01 4.089144873552268966e-01 3.030479323757928056e-01 1.000000000000000000e+00 5.663869634360062522e-01 5.114717848918842735e-01 5.329044879041300309e-01 5.251148643423279028e-01 5.542153544984080860e-01 6.001994526838700938e-01 5.551193398571525606e-01 5.565892972381039083e-01 6.146828569558100419e-01 6.034141469507855460e-01 5.673841815157470991e-01 5.100051848968211177e-01 5.490807664102942409e-01 4.998763135975721750e-01 5.211799004576039840e-01 5.530936375690009843e-01 5.455405868769213074e-01 5.244573156854983598e-01 4.898588293030902707e-01 5.832035111279646467e-01 5.920370659229658994e-01 5.961401933637353601e-01 5.769285287569662080e-01 5.798796578342801933e-01 5.910191682335276253e-01 6.163878098715531717e-01 5.778244337862714630e-01 6.047506554588610861e-01 5.826775723891256531e-01 5.952538848652970671e-01 5.897146178159812235e-01 6.200289507289965529e-01 6.224212780766876785e-01 6.082958886786342667e-01 6.260951092321749289e-01 6.168384845092580449e-01 6.093699762521271879e-01 6.280244815485841459e-01 6.246414977945561331e-01 6.178953696937077300e-01 6.250994824699634966e-01 6.259376823985490779e-01 6.224954968254641230e-01 6.005591094650858386e-01 6.228545074692595218e-01 6.061128251418904656e-01 6.201403316456574055e-01 6.249365487640222705e-01 6.280666218689203717e-01 6.260248126586432926e-01 6.177496211341694243e-01 6.240436014087062944e-01 6.315216477647432880e-01 6.211035539570355368e-01 6.263068309357736618e-01 6.271945022768953271e-01 6.232400675184762706e-01 6.259652255586289904e-01 6.119700738913336213e-01 6.231088214613136333e-01 6.217726057775422310e-01 6.234162709688132464e-01 6.264236367131347238e-01 6.194103169590444713e-01 6.153282019450426743e-01 6.164718722259812100e-01 6.206792924512920528e-01 6.082800844319251610e-01 6.272702359469818356e-01 6.183617366583813446e-01 6.216680027078033133e-01 6.202865786800660919e-01 6.278410997353089940e-01 6.116195968020000651e-01 6.160356895340854955e-01 6.137455622401830624e-01 6.299883105091085289e-01 6.235344397416078266e-01 6.185980903629969552e-01 6.234009319361422108e-01 6.210086594498145374e-01 6.245836857019539945e-01 6.241733282155128570e-01 6.303027993633233406e-01 6.253348220622375608e-01 6.238650060358701399e-01 6.227492327638214364e-01 6.278069981581398951e-01 6.209414089615424848e-01 6.195811469541927519e-01 6.148240799819366664e-01 6.098218872452698669e-01 6.192978251040609505e-01 6.173566048211235335e-01 6.220055890703246604e-01 6.218707990589517065e-01 6.228876027690187778e-01 6.222059494539717850e-01 6.236326918786325724e-01 6.170036871371525899e-01 6.233609839072333791e-01 6.226424551353993975e-01 6.287796155194086412e-01 6.244118498302345666e-01 6.259808871427440247e-01 6.203179204019348969e-01 6.265594687802853446e-01 6.205915863647132324e-01 6.198432791659229668e-01 6.226412402683175751e-01
4.194529362894714071e-03 1.700406831085888304e-01 3.855014973347182794e-01 5.964809421338613804e-01 4.567459618544854605e-01 5.663869634360062522e-01 1.000000000000000000e+00 7.615650847642359000e-01 7.144146699889162289e-01 6.948376915279254051e-01 7.340069035962429878e-01 7.907969396963862030e-01 7.369937652919428261e-01 7.433470637500869671e-01 8.510245377052938487e-01 8.184176472556149440e-01 7.444374391097867694e-01 7.344455215388152602e-01 7.372179866616552779e-01 7.415112238828147628e-01 7.395656902484804007e-01 7.505377229003712403e-01 7.542298440154823203e-01 7.216060576610061617e-01 6.562888542822624682e-01 8.222584861616937246e-01 7.979072092175324427e-01 8.048445985255466839e-01 7.761984011223534985e-01 7.924012083055456124e-01 8.156899150499359319e-01 8.275972913213078819e-01 7.813393696091526230e-01 8.169451648502353835e-01 7.973382264563297905e-01 7.999070817107754028e-01 8.064251830600642768e-01 8.323457076680035316e-01 8.373614226312366959e-01 8.138422046500440876e-01 8.240013917062285476e-01 8.194192644480935428e-01 8.084224133158384173e-01 8.320695143006568983e-01 8.291944643448538876e-01 8.238408789759508188e-01 8.111789413367309631e-01 8.037388350784382407e-01 8.211536856839302123e-01 8.023295907212852907e-01 8.269403793727445606e-01 7.711494649355676856e-01 8.070454487282836542e-01 8.130382831674949351e-01 8.251267710456761106e-01 8.343553884109902175e-01 8.085597953708349994e-01 8.165056356809082816e-01 8.255460433305366053e-01 8.072114927634587156e-01 8.219268625290410135e-01 8.146673014539419500e-01 8.285677529984648571e-01 8.171059653887478014e-01 7.900158273822595056e-01 8.009308740455505227e-01 8.014220808547656283e-01 8.147344672911951413e-01 8.278897387289482213e-01 8.276676967260537809e-01 8.056344770002519251e-01 8.039378756462379760e-01 8.160497646734792276e-01 7.967874477050123083e-01 8.273907539937983557e-01 8.133522969591761020e-01 8.173067170518952818e-01 8.111070512652783782e-01 8.240502171519983321e-01 8.084514601081994600e-01 8.098753018677600224e-01 8.143048996962705122e-01 8.177143095707992693e-01 8.235366001250601364e-01 8.202925775998965996e-01 8.201738462014070974e-01 8.158938317472902435e-01 8.252931256669804316e-01 8.221822507194410656e-01 8.263587832262755395e-01 8.232431985581009082e-01 8.159167180822215482e-01 8.130894638904846428e-01 8.183180008829451513e-01 8.027096013726207069e-01 8.026840440626825668e-01 8.112669763486098917e-01 7.994920006313780414e-01 8.127030607510966620e-01 8.151026106166447960e-01 8.110691607867905883e-01 8.172885686422804996e-01 8.065835296659150666e-01 8.111478607282789355e-01 8.047299974241828302e-01 8.065362754072104012e-01 8.105313658331353421e-01 8.071075452760091418e-01 8.243186863177327517e-01 8.082059324552763879e-01 8.224446661994571084e-01 8.034869035124788672e-01 8.100911731402451466e-01 8.058755511850123066e-01 7.981669553662105177e-01 7.986953988718106245e-01
3.253876608785092814e-03 1.262477573932883068e-01 3.698946661545847725e-01 5.988829549605516611e-01 4.397467705734096066e-01 5.114717848918842735e-01 7.615650847642359000e-01 1.000000000000000000e+00 6.746472282757643990e-01 6.636433251257929378e-01 7.098561273931378590e-01 7.691154496750380876e-01 7.330565559197856906e-01 7.153306243063769498e-01 8.089061082547647219e-01 7.982365413004697263e-01 7.088241062110540724e-01 6.778157264625627176e-01 6.888983779912095651e-01 7.178809614016112839e-01 7.291999509710057614e-01 7.061165688829820208e-01 6.858333458963888907e-01 6.563154372636379463e-01 6.050176319831239713e-01 7.748307798616292930e-01 7.652510607897597961e-01 7.672389387173018660e-01 7.258054854396152056e-01 7.379655833237706020e-01 7.618361248757562487e-01 7.784604069718092934e-01 7.376115167418354490e-01 7.599635968452006507e-01 7.414188170549722567e-01 7.552122108900164443e-01 7.540489623028218125e-01 7.976868468584349392e-01 7.958191386542403656e-01 7.862067511158387090e-01 7.941095761840178957e-01 7.917839206157261112e-01 7.879046079861489194e-01 8.051726226944030396e-01 7.967490833207042655e-01 7.884760183403298761e-01 7.933022360266218653e-01 7.779603764770816055e-01 7.917269441935252949e-01 7.736735328667100342e-01 8.056693613252664532e-01 7.514103584001270431e-01 7.857401237907726266e-01 7.822118811288145679e-01 7.928729738946836969e-01 7.944454932414458659e-01 7.813402601482165588e-01 7.990098421788572880e-01 8.050868873803872505e-01 7.858533766010453725e-01 8.026460409443330057e-01 7.903682177385891183e-01 8.069171149767205842e-01 7.948865837735894502e-01 7.713429723266065352e-01 7.778935001858108267e-01 7.757506784910308539e-01 7.843893544390844186e-01 7.901154094458084920e-01 8.057978458887008477e-01 7.839855200387971790e-01 7.726131953508886818e-01 7.789297018103208403e-01 7.643864112976691549e-01 7.976264082703785618e-01 7.849695213595355714e-01 7.873391520070491811e-01 7.812406592576984776e-01 7.902287547489025288e-01 7.788851667330420891e-01 7.764501592057517776e-01 7.809801345390803284e-01 7.864475222469301530e-01 7.887272826743183529e-01 7.883168260494474167e-01 7.820700084544137676e-01 7.861071521081048896e-01 7.998945565778927680e-01 7.941626743259456722e-01 7.960616495284992267e-01 7.936880152443492875e-01 7.919737988487055569e-01 7.887392719335603042e-01 7.925525634478729486e-01 7.814837349966347047e-01 7.799124391254653732e-01 7.946983890271231976e-01 7.830134672157837983e-01 7.952704208819504350e-01 7.956332448259141321e-01 7.907321341185111763e-01 8.050707430391521591e-01 7.877400421876932235e-01 7.912440817331897192e-01 7.814887928083725788e-01 7.893644724702729709e-01 7.868698027341148871e-01 7.803783141873603668e-01 7.999081328712291938e-01 7.899480426405779410e-01 8.030260842503933461e-01 7.826664795123586815e-01 7.928494373622748670e-01 7.881810643735629451e-01 7.763624933402786255e-01 7.784517828676642548e-01
9.344737677773372331e-02 1.881375620799769777e-01 3.630875588848088142e-01 5.704348229912994395e-01 4.444623649813304045e-01 5.329044879041300309e-01 7.144146699889162289e-01 6.746472282757643990e-01 1.000000000000000000e+00 7.581201734093911959e-01 7.697668555343143426e-01 8.187674384212526579e-01 7.590729784719345563e-01 7.701364328407542814e-01 8.348621291275071243e-01 8.311168721132731196e-01 7.901819751230563238e-01 7.260770865387686790e-01 7.782842332206032498e-01 6.569142448039843041e-01 7.383611015773619002e-01 7.897873546877525186e-01 7.425840235553394786e-01 7.253690505891479123e-01 7.179173896235954144e-01 8.034184494343256100e-01 8.325699364193950291e-01 8.023597122325928366e-01 7.814367544202165394e-01 8.272280234992069881e-01 8.414321034734171256e-01 8.175064399104456925e-01 7.430845143008378839e-01 8.215033919646218541e-01 8.195589306568544785e-01 8.042097169135320467e-01 8.491358795504621026e-01 8.155575741677580925e-01 8.480243387955586076e-01 7.868974316886259146e-01 8.468447156155500810e-01 8.346609916621751113e-01 8.199391008743938114e-01 8.550380039293211665e-01 8.547629807329387708e-01 8.570184692412776695e-01 8.565359842989777039e-01 8.691717503716586135e-01 8.541015935246637492e-01 7.978180826512976109e-01 8.336998880952350977e-01 7.956698175129826023e-01 8.449169313161710715e-01 8.682529335161764950e-01 8.564643106133308370e-01 8.591133351240003435e-01 8.398076758409390719e-01 8.577910612419690217e-01 8.476880954131049695e-01 8.663190949278318786e-01 8.537085785698900198e-01 8.600178258164548062e-01 8.475842907316716301e-01 8.558918991030979306e-01 8.676571639929649971e-01 8.611267387345076241e-01 8.654844383584654466e-01 8.670225474130915932e-01 8.596567968588980646e-01 8.493097517608878544e-01 8.596745498803575192e-01 8.656973395086529077e-01 8.502319281636320225e-01 8.525356613317550680e-01 8.620780827197643825e-01 8.658243626335504484e-01 8.562336303528500503e-01 8.563373436388271864e-01 8.589317256718264071e-01 8.618008355878935545e-01 8.636598414806334612e-01 8.644902520453165984e-01 8.616452118354945844e-01 8.662471628682374414e-01 8.500344679697808825e-01 8.611775088541518963e-01 8.624459018964786283e-01 8.518276497401268132e-01 8.642810295461266223e-01 8.576149791091690622e-01 8.448008519194335486e-01 8.589416227121707825e-01 8.612059354066102790e-01 8.600863742854043537e-01 8.614275439883355423e-01 8.654074117310319725e-01 8.297473854088531775e-01 8.519545991776964478e-01 8.573372110122055023e-01 8.479140611111076753e-01 8.453854744934091725e-01 8.539550723397967280e-01 8.559047160027035694e-01 8.584977014504545645e-01 8.577511680267259075e-01 8.611141553206792532e-01 8.674454114610313793e-01 8.682389492358774108e-01 8.618843943158475129e-01 8.607029632358613735e-01 8.520393639025413135e-01 8.665607511652186901e-01 8.585442611353024667e-01 8.631022860844804745e-01 8.697420793862298272e-01 8.653087294428062348e-01
4.586004109546624324e-02 2.268361923978671479e-01 3.664501199270215337e-01 5.358812821333140963e-01 4.191496981122658227e-01 5.251148643423279028e-01 6.948376915279254051e-01 6.636433251257929378e-01 7.581201734093911959e-01 1.000000000000000000e+00 7.315209482904336813e-01 7.755748208128098176e-01 7.072140146155458940e-01 7.273100252147058908e-01 7.909904991969910482e-01 7.841734087613760895e-01 7.508709110297419054e-01 6.932736654599011006e-01 7.387970594672831348e-01 6.292785600189336748e-01 7.021771097368531001e-01 7.550054767252571963e-01 7.145800176647807422e-01 6.931346522428585288e-01 6.830315875373274004e-01 7.677469467830886352e-01 7.836854142090181607e-01 7.666131453715862021e-01 7.384227706600260399e-01 7.907376730126042252e-01 8.093988148857498288e-01 7.883435880009574959e-01 7.273421300444771198e-01 7.866657272624002495e-01 7.693195805829728950e-01 7.756709825659836577e-01 7.997389604814783004e-01 7.814241416124024786e-01 8.070861943499545443e-01 7.715631237280773380e-01 8.112687501596085315e-01 7.935613510638723778e-01 7.755400964521799168e-01 8.112425343479623407e-01 8.145543849907512790e-01 8.097425132072002540e-01 8.085826301287856177e-01 8.179867721553061299e-01 8.123228328589134906e-01 7.568935945102511775e-01 7.945931074433612018e-01 7.412856162820198325e-01 7.944630518929892693e-01 8.248429370717467179e-01 8.226505803045927046e-01 8.227215473487651254e-01 8.068665024182548606e-01 8.089875648911877271e-01 8.128193700046889569e-01 8.168117872261204671e-01 8.136470979472244514e-01 8.232721599540266944e-01 8.137851648555878281e-01 8.204851018152012898e-01 8.168780522309426750e-01 8.137680407588887554e-01 8.138973873714623330e-01 8.170145531505569325e-01 8.132728906626086607e-01 8.021251441072365651e-01 8.129807635850848646e-01 8.171768244779401558e-01 8.057747542649547068e-01 8.066337155575240558e-01 8.153788403458256395e-01 8.182983078159339341e-01 8.063404965107013878e-01 8.031152977589527397e-01 8.155921235527824331e-01 8.159857197350691704e-01 8.133443071505559452e-01 8.193995967885098208e-01 8.164162659762391749e-01 8.167472560611134247e-01 7.993452702072625371e-01 8.122342571703432546e-01 8.161075433042793703e-01 8.072276922839550783e-01 8.185823789183297450e-01 8.161491978288408777e-01 8.059935760535841265e-01 8.113665841240510490e-01 8.137717075620383156e-01 8.128818406937206031e-01 8.089517764955787005e-01 8.150348905498955299e-01 7.811519041529144669e-01 7.871412462563771584e-01 8.027404873317183220e-01 7.961295665289466195e-01 7.967215943477359286e-01 8.050541009577337759e-01 8.035543818420782802e-01 8.063822902044001095e-01 8.040624937924977234e-01 8.125547802227279792e-01 8.138760703808730623e-01 8.180247470439382385e-01 8.150719583373626786e-01 8.112498262951047812e-01 8.101797929531280307e-01 8.134141886240844332e-01 8.116029160481398330e-01 8.114972009818665066e-01 8.167147838667835336e-01 8.109540572744537990e-01
3.449313382737639877e-02 1.643110093507701153e-01 3.871111166193509368e-01 5.915721935598712289e-01 4.322850872784345100e-01 5.542153544984080860e-01 7.340069035962429878e-01 7.098561273931378590e-01 7.697668555343143426e-01 7.315209482904336813e-01 1.000000000000000000e+00 8.422997134835168431e-01 7.640966772789490324e-01 7.821519938002511330e-01 8.495468100278051882e-01 8.400578200905642889e-01 7.946564400181140853e-01 7.267885238420892513e-01 7.749977886217193079e-01 6.974440162542377974e-01 7.602010996385684116e-01 7.945235082943883365e-01 7.547424498934212078e-01 7.356620423631634598e-01 7.170777083110532191e-01 8.151638516598446182e-01 8.323060957685470829e-01 8.238092308730025071e-01 7.882834016256500265e-01 8.300664329335605274e-01 8.555975456561255577e-01 8.382019819524175741e-01 7.719888670333533431e-01 8.312587276695565519e-01 8.171903423777209241e-01 8.231139337881083762e-01 8.506881184462113943e-01 8.390265230872117064e-01 8.608913633973551693e-01 8.234535854612442529e-01 8.631574885890532789e-01 8.482832862150363473e-01 8.327164080457487572e-01 8.664777799253142732e-01 8.696549848045160847e-01 8.629464072705973487e-01 8.670281140151866461e-01 8.655292408256466397e-01 8.632266636216300304e-01 8.206471319681435395e-01 8.551902017451713522e-01 8.132785765628074426e-01 8.545358434379949353e-01 8.648738456072546654e-01 8.581587056873365427e-01 8.677514288603028758e-01 8.456254424263900393e-01 8.610608805244510666e-01 8.615021102937395758e-01 8.645138946883726971e-01 8.634231974407591270e-01 8.644080533133232658e-01 8.577664144646224287e-01 8.648305803607971853e-01 8.628614603534466854e-01 8.603572881304653031e-01 8.660631849669828686e-01 8.713010570277842648e-01 8.661375184504275238e-01 8.630552118318152166e-01 8.681613006379065300e-01 8.694691811575143703e-01 8.575015626310221739e-01 8.597993226787506993e-01 8.709252582298748768e-01 8.687259176721408016e-01 8.660114060539513270e-01 8.613104536786986287e-01 8.671567359424401378e-01 8.680448034485991338e-01 8.698278289922185547e-01 8.724444787207451535e-01 8.705183437764902887e-01 8.688444556338170699e-01 8.535123738949751404e-01 8.651605147703093079e-01 8.724559682805295147e-01 8.647525592446262399e-01 8.690882145747688137e-01 8.709043943993324266e-01 8.627440227397612516e-01 8.665168275527346253e-01 8.680130295806229856e-01 8.699853829939375727e-01 8.655486219021973904e-01 8.664338436853259440e-01 8.446285499520731488e-01 8.488373570747125285e-01 8.620285831318703629e-01 8.580260959963486034e-01 8.558593527773029619e-01 8.624899758098822922e-01 8.627128275050645057e-01 8.643808581328532581e-01 8.635211399830736712e-01 8.623313014270547194e-01 8.678468172139205405e-01 8.685220442026910792e-01 8.702560008161803751e-01 8.653701803181862440e-01 8.665389533536549393e-01 8.663688112802577779e-01 8.649918515171012290e-01 8.665327654393657486e-01 8.675674273179032614e-01 8.654558436112472775e-01
9.171174026620959596e-03 1.449241974261437360e-01 3.868429183497579249e-01 6.454819627926132730e-01 4.889876137623312413e-01 6.001994526838700938e-01 7.907969396963862030e-01 7.691154496750380876e-01 8.187674384212526579e-01 7.755748208128098176e-01 8.422997134835168431e-01 1.000000000000000000e+00 8.340905046635715969e-01 8.576768844163022987e-01 9.261051778343435403e-01 9.135556964866962115e-01 8.326388231590421407e-01 7.212220982264291314e-01 7.899797763672425921e-01 7.416278137697470685e-01 7.880994661339925100e-01 8.027948966765205974e-01 7.612306895227212156e-01 7.271936474094288227e-01 7.063912245894423680e-01 8.499179368359589537e-01 8.833765466755179041e-01 8.729107677347472949e-01 8.305512001303426706e-01 8.737707669107506181e-01 9.015679426150825515e-01 8.785189671922112309e-01 8.028691123878145541e-01 8.677667535502608942e-01 8.595566014738478255e-01 8.726200148207072793e-01 8.995943856772252722e-01 8.964524782080930398e-01 9.203502366575779803e-01 8.803812875500071078e-01 9.311334302314918654e-01 9.210699596607593298e-01 9.072661393137734231e-01 9.400649717185100007e-01 9.305268420250694117e-01 9.324258203817589186e-01 9.453200569911582862e-01 9.443426694621762651e-01 9.356910815174076523e-01 8.847554795188177224e-01 9.230664030964248479e-01 8.950783496921471682e-01 9.356290323304611301e-01 9.348444627045076061e-01 9.255728916176221288e-01 9.215453602588897786e-01 9.186222600418968431e-01 9.401982480439924350e-01 9.332518678278038937e-01 9.431159112543449075e-01 9.421548549840504938e-01 9.421335234150668425e-01 9.307228887695784270e-01 9.407383821499363252e-01 9.303139861832109281e-01 9.388826460479525737e-01 9.430258320743531986e-01 9.357701209596557268e-01 9.289562801191053598e-01 9.323898211811859627e-01 9.275291285741367187e-01 9.264847831742091255e-01 9.122064105959297731e-01 9.127428349019448550e-01 9.447235433679169736e-01 9.432946185015738116e-01 9.348251144743389141e-01 9.339399345218443171e-01 9.362606421475887508e-01 9.364255157296949017e-01 9.364704430734592799e-01 9.418285606645506736e-01 9.336693662127454330e-01 9.343926447769563826e-01 9.200989184289268819e-01 9.276925218263307737e-01 9.424188897645933150e-01 9.360430838444091517e-01 9.424442395084158264e-01 9.379082146430861577e-01 9.314381657694319472e-01 9.439366004838676272e-01 9.428981803425752206e-01 9.435832567042954366e-01 9.439233604602166317e-01 9.461555629292293101e-01 9.232728411408985814e-01 9.287252392783039712e-01 9.424612085417146679e-01 9.333858858891755927e-01 9.388682270749726388e-01 9.425356704420174703e-01 9.449860108147556392e-01 9.442501642404120821e-01 9.426466921541599708e-01 9.429792684219640009e-01 9.448917477385394559e-01 9.457654765773093608e-01 9.465046697635336459e-01 9.465311374973053304e-01 9.427284789790559838e-01 9.473891434637651265e-01 9.470094634832978420e-01 9.470079807129742067e-01 9.426884034897623499e-01 9.455632236444828642e-01
-1.559823828343771509e-03 1.139910193350301137e-01 3.355566210287108664e-01 5.720469939950701965e-01 4.870938957186583540e-01 5.551193398571525606e-01 7.369937652919428261e-01 7.330565559197856906e-01 7.590729784719345563e-01 7.072140146155458940e-01 7.640966772789490324e-01 8.340905046635715969e-01 1.000000000000000000e+00 7.880372184361783550e-01 8.638681034730586461e-01 8.461635071277343600e-01 7.616211220825430672e-01 6.933637724644156064e-01 7.380719303999286884e-01 6.967278917192072374e-01 7.248520779412834791e-01 7.530833950050832559e-01 7.235307584094965438e-01 7.053468214728266794e-01 6.805181389372759737e-01 8.071016219287923121e-01 8.229913247717133284e-01 8.099260476501228823e-01 7.609643822918301659e-01 8.101250538432291926e-01 8.353856911199251112e-01 8.159463849852586215e-01 7.271721515776795597e-01 8.042284608872355411e-01 7.946943636447324488e-01 7.999535575289756784e-01 8.376401663492165639e-01 8.264206334005195220e-01 8.497026629063847425e-01 8.053062129217796183e-01 8.653353692788527951e-01 8.584064944799150165e-01 8.533177723767644274e-01 8.724385822536645518e-01 8.645727310801250010e-01 8.699824738393686641e-01 8.758437089506849738e-01 8.730749810595223037e-01 8.555003930202781381e-01 8.022589793047624207e-01 8.456450544777568412e-01 8.068723167776791216e-01 8.571958845775153879e-01 8.655561177663706474e-01 8.488159710605861497e-01 8.591570103279736470e-01 8.197129948412307243e-01 8.712175038457969922e-01 8.541399625492137604e-01 8.721650037291589497e-01 8.656178239816614273e-01 8.601020353797803608e-01 8.472592919733021866e-01 8.554948719692482273e-01 8.564246855545043502e-01 8.555518183751585903e-01 8.745948810844654808e-01 8.718919577876559357e-01 8.684807855764847817e-01 8.666969929226964187e-01 8.639328745105575580e-01 8.659037839324257302e-01 8.556023031716760707e-01 8.539227629792167651e-01 8.793918288559270380e-01 8.755729652460189083e-01 8.693083299186531443e-01 8.591164209151568310e-01 8.707583920372831132e-01 8.705824109510699182e-01 8.713569128682376874e-01 8.724209417139298095e-01 8.636824784580090508e-01 8.687606867789333664e-01 8.612476241335322857e-01 8.656985684927712699e-01 8.727563143858139139e-01 8.718204660631130309e-01 8.751734219537389281e-01 8.719836088995829293e-01 8.625543275889082651e-01 8.782324368994374186e-01 8.760370181415678692e-01 8.765258311100204702e-01 8.774736060186295594e-01 8.774024279287835348e-01 8.590810819713217139e-01 8.592514632970773558e-01 8.762919751336999408e-01 8.716810426619323593e-01 8.750515555051280314e-01 8.708747443755733286e-01 8.771262188305286589e-01 8.801907015443735105e-01 8.715489166358167950e-01 8.655901042378030263e-01 8.773962735798713775e-01 8.762247743651986331e-01 8.804222795712230987e-01 8.764746283293508577e-01 8.740568193933152541e-01 8.775138407282749853e-01 8.749843985589056405e-01 8.756176434610407622e-01 8.712640784126403082e-01 8.727622241859224195e-01
