1.000000000000000000e+00 1.292584597308055194e-01 1.385602480347793153e-01 -4.887839204146909172e-02 5.145375512561507769e-02 3.316419788850938355e-02 4.558628175918906511e-02 6.769377070957478815e-02 2.016721267123572914e-01 6.331887455875165327e-02 1.035652171738172256e-01 -4.915573407153873975e-02 6.780084835851228620e-02 1.236229419363366749e-02 4.202072075408164187e-02 3.237555768010458995e-02 2.208785489191805729e-01 4.157956645861889400e-01 3.687106304762252096e-01 3.407607758306213097e-01 3.552383627435233282e-01 3.314955164224558937e-01 3.871512641764054963e-01 4.090719985030352723e-01 3.503972101013180795e-01 2.691154735724045621e-01 3.003979775680245545e-01 2.762949319562242878e-01 2.841282311976094377e-01 3.193248580439803641e-01 2.675670091254895855e-01 2.419792358242293939e-01 2.398212329244115149e-01 2.913934252477919928e-01 2.874301743697461609e-01 2.551582909509327313e-01 2.730638423959130257e-01 1.319641532810515716e-01 1.882257985694515134e-01 1.189680914970222825e-01 1.131320683968681795e-01 9.966449495003405767e-02 1.214236336162644314e-01 9.676128210008737296e-02 1.731796842279171578e-01 1.166018438366261678e-01 3.034301191802922168e-02 4.084033376178470426e-02 6.455219802821302033e-02 1.126662629948646382e-01 9.908152489030457033e-02 1.012110054045053664e-01 5.430138049804328348e-02 8.064512741445094279e-02 1.133130832539764182e-01 1.563923367056623548e-01 1.031310117661806969e-01 7.764609510545740501e-02 6.474620792127336322e-02 6.502294992122478745e-02 6.780705705121399529e-02 5.407099128380908615e-02 6.056336401388343754e-02 8.356229159005910956e-02 1.078447474686264895e-01 8.550131641081937239e-02 6.582896577995878129e-02 1.567496492175383394e-01 1.476616414920771114e-01 1.679709188193108937e-01 1.558346020532870024e-01 1.497396870326523077e-01 1.866866251880627270e-01 1.838035739100140897e-01 1.004088631100944623e-01 1.007708959411195010e-01 9.078259604908296698e-02 1.288927886820684099e-01 1.193321666271359299e-01 1.436521709099052857e-01 1.529634005299574662e-01 1.209009963736711879e-01 1.062246583789796806e-01 1.258889354133606864e-01 8.740107302056246419e-02 1.363170267265684799e-01 1.201518086798843421e-01 5.368394843763563823e-02 7.626262712191703153e-02 9.188855875247770033e-02 6.105462082628902720e-02 3.546028801917191359e-02 7.397664313287266591e-02 5.895031357185826631e-02 6.981139323759578096e-03 2.897048836625418233e-02 3.377947753593104480e-02 7.841586661712253437e-02 2.820904352574869767e-02 2.861034325703426875e-02 3.753197081172507388e-02 2.803828308355951413e-02 2.249402850227586945e-02 2.980989573648950425e-02 7.785158450348760029e-02 5.572898341721537613e-02 3.244042596469114137e-02 4.510855336230942120e-02 6.376132187851904498e-02 1.815465438681808721e-02 2.718728879778408922e-02 1.855373372256295672e-02 3.264923248809278866e-02 4.384142919253562060e-02 6.219969789814742966e-02 5.192957387235379307e-02
1.292584597308055194e-01 1.000000000000000000e+00 8.133032054023489610e-02 3.305538648801883278e-02 5.008060642148180752e-02 1.015175950600349236e-01 1.033217055852053284e-01 1.112331754146377860e-01 1.635821583518637379e-01 1.613529459805017607e-01 1.453616381953590775e-01 1.168006446703087897e-01 1.205794172839810829e-01 1.166315090259637255e-01 1.392716698323201441e-01 1.351366742744773142e-01 1.679057321592599128e-01 1.725139892052573176e-01 1.695472875298934534e-01 1.578832378085389954e-01 1.375004620546883272e-01 1.587302569962026066e-01 1.934509800400632806e-01 1.690589262086841515e-01 1.749389386703485427e-01 1.813428236843515895e-01 1.870337871564693166e-01 1.988120494393854076e-01 1.808063230923705189e-01 1.906633177624882103e-01 1.835059741564194213e-01 1.941637278405361489e-01 1.925577906077693691e-01 1.845970481410416919e-01 1.890188413477811857e-01 1.614747321798671031e-01 1.723097984437871044e-01 1.842586922644362524e-01 1.778214006905128874e-01 1.654967857447644242e-01 1.613681520807556946e-01 1.623278059196368306e-01 1.606691609414344912e-01 1.562238894650184451e-01 1.629174312774992195e-01 1.669355156163340181e-01 1.459469280898764432e-01 1.571341111813475133e-01 1.538691035728519674e-01 1.566465203137489270e-01 1.674802728769890781e-01 1.348964968000813391e-01 1.382128705079921083e-01 1.718197954699932084e-01 1.799923638429899442e-01 1.870050106176897875e-01 1.609064902869608571e-01 1.573149446326675693e-01 1.595688419198919294e-01 1.586399035404312263e-01 1.533310463281397362e-01 1.630733451815360446e-01 1.614937370292895968e-01 1.498443894244201879e-01 1.541446312435288402e-01 1.595013292354086898e-01 1.597967354988091004e-01 1.712592428728344496e-01 1.786019973642336278e-01 1.661768218266424790e-01 1.629694127142532201e-01 1.656559995464095270e-01 1.693087123884444156e-01 1.699711466747110267e-01 1.664453787450875244e-01 1.646624879039537415e-01 1.675109542358822479e-01 1.703270926874099755e-01 1.696003182416040700e-01 1.694290306403807567e-01 1.686231835378303734e-01 1.640024634351845700e-01 1.686365571236200511e-01 1.735225240296446036e-01 1.636756254636567987e-01 1.688759115745498696e-01 1.585408111522431107e-01 1.627492063469296868e-01 1.588903531609265063e-01 1.714260692011356502e-01 1.584791461860522166e-01 1.499027453478173344e-01 1.569812333843138841e-01 1.549995235315235476e-01 1.462425125562024364e-01 1.528089141553579666e-01 1.394530695868732018e-01 1.540993833610999064e-01 1.485714006257939646e-01 1.483430727594745313e-01 1.519141865822306314e-01 1.468673197207595316e-01 1.438837571440048924e-01 1.447682969489634819e-01 1.555260525317951892e-01 1.545166547700642934e-01 1.500991320143519325e-01 1.576008923166466458e-01 1.632835268426156561e-01 1.508390248703263270e-01 1.548915889181902428e-01 1.483975038191039653e-01 1.546347769907804315e-01 1.518097026721848541e-01 1.528470533269362386e-01 1.575453529528722252e-01
1.385602480347793153e-01 8.133032054023489610e-02 1.000000000000000000e+00 3.349368146491377152e-01 2.014073157620202559e-01 2.449014121104136910e-01 3.327201236181350774e-01 3.216120574039626479e-01 3.695935793383273715e-01 2.850187211161730461e-01 3.946036507031354668e-01 3.713301659312970848e-01 3.445872053513264199e-01 3.098520418569237211e-01 3.709138704321709445e-01 3.570036797128822159e-01 3.987512342999959825e-01 3.766089373465437706e-01 4.252022446715579829e-01 3.380822538645156805e-01 4.004991517700792758e-01 4.383675101526487428e-01 3.966324805111617890e-01 4.071914037352300508e-01 4.275673888714520143e-01 4.175575805706744914e-01 4.350885290589522891e-01 3.975463695344542692e-01 3.677465514066044494e-01 4.013698710054453000e-01 4.283217914115110547e-01 4.056686427335848832e-01 3.860430426191150399e-01 4.172328295735049375e-01 3.905715899386463796e-01 4.357305120827303369e-01 4.281892359099490064e-01 3.746085506218473915e-01 4.172311355327821270e-01 3.974109985138461476e-01 4.120977960679360064e-01 3.910670101495766771e-01 4.111554381418244253e-01 4.121265671866821689e-01 4.284459141596866916e-01 3.992624495440114663e-01 3.804728067684805537e-01 3.754482001558633875e-01 3.773897078870462329e-01 3.854033408928731474e-01 3.820157461178032010e-01 4.183145556694346512e-01 3.894075183394401507e-01 3.747572037788561294e-01 3.822448430307193168e-01 4.042465467728825201e-01 3.888786075229571093e-01 3.810153829181359697e-01 3.688144561751532935e-01 3.801134356738566922e-01 3.870946644231638700e-01 3.723847856661781086e-01 3.695056962389057231e-01 3.913595974560674651e-01 4.028204398244272233e-01 3.921967213435130772e-01 3.892148970569949129e-01 4.160345524918331872e-01 4.096841749848785241e-01 4.117284041470403166e-01 4.301619794136969932e-01 4.232766743322537439e-01 4.190971567656985863e-01 4.305774958528443830e-01 3.981108494469990933e-01 4.045855183819774825e-01 3.897344815678146501e-01 3.897264050964149851e-01 4.050350203711935992e-01 4.070834760527788365e-01 4.170801123714651393e-01 4.090349280013808597e-01 4.062784812735580342e-01 3.992017848843362193e-01 3.937756713634284478e-01 4.077487193776288543e-01 4.138901500473106121e-01 3.805614668911029841e-01 3.936603838788968468e-01 3.927278818077886147e-01 3.945664398354751246e-01 3.829275099657952763e-01 4.046082088976498126e-01 3.917185806165560114e-01 3.700305918493373980e-01 3.750230889063810857e-01 3.889392642676293144e-01 3.831985401622076681e-01 3.798100553819338532e-01 3.824976118250587587e-01 3.890128312830166690e-01 3.747469983174239738e-01 3.843431381261563362e-01 3.813315210262939181e-01 4.030140467317785968e-01 3.845141796116889332e-01 3.767404770486074694e-01 3.790107627962954195e-01 3.833314698472931603e-01 3.707523648726208654e-01 3.733379066171136906e-01 3.729939993668275888e-01 3.728221083278914216e-01 3.793054963415753988e-01 3.913134061005983932e-01 3.867807856189334759e-01
-4.887839204146909172e-02 3.305538648801883278e-02 3.349368146491377152e-01 1.000000000000000000e+00 2.812419576746351124e-01 3.493668111608981830e-01 5.474965360659838076e-01 4.863342789559843560e-01 4.707760108273771338e-01 3.942108311967546519e-01 5.595711577511651713e-01 6.276010104836226011e-01 5.230120796654028625e-01 4.529172531238097599e-01 5.789882249955501381e-01 5.631606816402442428e-01 4.831266185922488687e-01 2.993698229870057070e-01 3.866561423084010074e-01 3.548290911046103613e-01 4.150145246649938335e-01 4.428493898294533215e-01 3.916282710024427960e-01 3.915570900324124581e-01 4.148318086207631872e-01 4.628143618755292676e-01 4.699719589305085266e-01 4.292841855551167707e-01 3.557686843709924607e-01 4.111091762429835428e-01 4.672578372400368885e-01 5.066576326886800263e-01 4.371028149880006319e-01 4.920865698751076267e-01 4.396811800822980065e-01 5.273307940745410871e-01 4.929154499642679488e-01 4.964387213933824650e-01 5.279601947215941671e-01 5.320270469065941921e-01 5.615947852789150430e-01 5.515870611802098367e-01 5.640111511436136649e-01 5.669281604141259701e-01 5.464128300773420932e-01 5.320006316538072877e-01 5.580128457899437011e-01 5.505771060029706065e-01 5.545262259695111773e-01 5.458190685504747952e-01 5.367576874412799404e-01 5.867983321687963993e-01 5.675696845009600144e-01 5.163804521203874121e-01 5.049935567982314355e-01 5.090418327090300288e-01 5.352775433609400224e-01 5.340963086382783942e-01 5.172045244314761314e-01 5.473405529385425572e-01 5.635790049063144069e-01 5.367544262464210014e-01 5.260524626448868091e-01 5.572379240918821086e-01 5.385134228517846067e-01 5.468614602123724744e-01 5.548733682868999262e-01 5.281683158426934144e-01 5.490939570062276509e-01 5.380403858311398890e-01 5.586448703145826533e-01 5.477107278515656041e-01 5.437979320325898591e-01 5.393936315117984215e-01 5.433746358552796751e-01 5.446362933944345341e-01 5.410081793674998973e-01 4.977704753594209275e-01 5.489251759463831259e-01 5.329174272240392307e-01 5.372177239667401683e-01 5.392685384298342433e-01 5.553326158431031168e-01 5.338269544139261358e-01 5.609553778285681913e-01 5.544187721138154057e-01 5.613706728986134209e-01 5.493311392784270275e-01 5.548510664539613169e-01 5.330773236498392853e-01 5.621914949282529328e-01 5.621075271490366676e-01 5.689741349971768614e-01 5.587668995344620138e-01 5.555950349917341269e-01 5.527509369192501465e-01 5.853179887947659310e-01 5.512802136491010696e-01 5.653118622047557107e-01 5.671647181766614754e-01 5.731908941068446506e-01 5.628472221150452315e-01 5.757004812363722968e-01 5.669776932113631540e-01 5.747923110907408040e-01 5.562641266147425601e-01 5.630230400224797149e-01 5.452038059240643664e-01 5.372369581225154844e-01 5.530481511246226889e-01 5.440745834203527531e-01 5.555569383090139812e-01 5.488151911330603205e-01 5.557977129292547280e-01 5.574243456336357427e-01 5.587659397856026278e-01
5.145375512561507769e-02 5.008060642148180752e-02 2.014073157620202559e-01 2.812419576746351124e-01 1.000000000000000000e+00 2.806053761472258046e-01 4.258849301536424270e-01 4.327255998555556427e-01 4.234211683172793284e-01 3.610941199997877993e-01 4.342348926300002021e-01 4.449517296912738340e-01 4.314637040615511565e-01 4.041430644335733402e-01 4.823292899976823200e-01 4.704327335383364783e-01 3.914373392368053484e-01 2.951148724182388050e-01 3.249723588017265352e-01 3.358649807465908799e-01 3.224140004129285586e-01 3.389700295475454594e-01 3.013423199254763873e-01 3.090787400210365798e-01 3.288558934769395536e-01 4.272594580171972800e-01 4.249565265952522930e-01 4.433798702378387024e-01 3.904034816592261703e-01 4.083742641859204880e-01 4.332024340839829013e-01 4.311065068759904473e-01 4.232093661071350543e-01 4.091472388973030894e-01 4.112923247716584463e-01 4.108505854387801692e-01 4.076824507991734792e-01 4.759062523641716114e-01 4.557517660353074263e-01 4.641154860171597396e-01 4.749242934064442645e-01 4.807215067757576454e-01 4.635338960525181018e-01 4.846462517438541173e-01 4.567994745619872732e-01 4.743810413091480993e-01 4.769573107249147625e-01 4.739041691911305976e-01 4.686190836617858402e-01 4.612663655759804415e-01 4.776461891830238171e-01 4.463072285915288262e-01 4.721978515206293192e-01 4.631850356287411929e-01 4.548054501864360888e-01 4.500251789292862847e-01 4.581489730307848340e-01 4.830240570109352038e-01 4.745485726195987075e-01 4.828261803106851380e-01 4.764188323313411910e-01 4.695379241165906770e-01 4.710256231071319744e-01 4.713413174613005907e-01 4.608326365443249917e-01 4.665552780796066723e-01 4.709716543730835814e-01 4.562944994289178102e-01 4.614278114319547708e-01 4.642414810977057438e-01 4.573498923354930579e-01 4.627796555614209773e-01 4.438955868539226635e-01 4.447510887582027395e-01 4.747929665942658972e-01 4.742547933676374838e-01 4.786627529209203091e-01 4.598741177094686772e-01 4.762348662964034918e-01 4.703060313323220165e-01 4.677928162868067452e-01 4.768216436676525061e-01 4.609061848183891863e-01 4.675197865223874039e-01 4.744701034633559411e-01 4.679928852429237063e-01 4.676927610998706242e-01 4.747391287671061666e-01 4.775572374031942791e-01 4.641456021694070899e-01 4.752827772283975127e-01 4.779525935176817120e-01 4.758907029474415684e-01 4.780553574476790191e-01 4.715200266851719002e-01 4.738023556180967488e-01 4.710997532924899867e-01 4.675620186895815822e-01 4.710588109410479007e-01 4.734879529426190281e-01 4.747247000088848368e-01 4.745820165214264530e-01 4.732977162635653157e-01 4.794075281074023365e-01 4.710581235032886838e-01 4.655092209044456308e-01 4.743601462101922350e-01 4.712718480074107319e-01 4.663442954516989203e-01 4.751418138254343004e-01 4.707420855295509909e-01 4.770967580123794405e-01 4.745356353578041864e-01 4.734602994296598921e-01 4.685074730755556804e-01 4.735036218820833920e-01
3.316419788850938355e-02 1.015175950600349236e-01 2.449014121104136910e-01 3.493668111608981830e-01 2.806053761472258046e-01 1.000000000000000000e+00 5.290983323859083098e-01 4.780538197523675481e-01 5.234957941619919897e-01 4.440750313553550876e-01 5.392120713363102169e-01 5.703340797529301565e-01 5.367467576001183627e-01 5.047193296949523678e-01 5.787760120073613956e-01 5.607289396880739130e-01 5.192782769905798235e-01 3.484230260648535915e-01 4.286114022034377413e-01 3.570727615294140289e-01 3.990739831564470985e-01 4.535597788927032137e-01 4.019857344871156091e-01 3.952146218918598519e-01 4.470211687192606198e-01 5.183674875578015984e-01 5.071185085406794135e-01 5.181005762342496546e-01 4.806293331653678780e-01 4.911702436916410286e-01 5.288336469813477159e-01 5.357434122298132539e-01 4.905126287077268832e-01 4.967168286139891920e-01 4.966192267079781453e-01 5.242413642679111252e-01 5.095363998744986134e-01 5.574865160347172166e-01 5.577558535565694253e-01 5.588919201244970658e-01 5.997820396031738888e-01 5.869905442585541255e-01 5.835218249304823246e-01 5.942911641484581731e-01 5.874810913650115873e-01 5.808820545866094642e-01 6.028557724489321812e-01 5.998102017088176030e-01 5.942313759852522193e-01 5.690529912979622740e-01 5.823083003986595507e-01 5.739356921847085236e-01 5.934513601671925764e-01 5.912498441460405374e-01 5.786653718552605685e-01 5.786130603234472813e-01 5.872587523578614022e-01 5.926229654761360210e-01 5.893916654302457925e-01 6.036841179089565967e-01 6.018467797426422239e-01 5.947871311152906904e-01 5.882522288962176438e-01 5.928078707994578478e-01 5.955391492233925721e-01 6.004911772800594072e-01 6.060257689510476498e-01 5.884447418053738721e-01 5.901587709565533357e-01 5.731463325943468856e-01 5.900763211308729383e-01 5.979539661806293482e-01 5.707954532891426069e-01 5.821907300544056918e-01 6.003244592816219249e-01 5.957195271493072042e-01 5.972794795727706108e-01 5.854283908638093781e-01 5.973989348189423509e-01 5.897732035823282093e-01 5.873697825233669123e-01 6.014453656448993657e-01 6.000773086553339297e-01 5.905501084871941364e-01 5.920935707054608699e-01 5.888772153511830920e-01 5.984211227252751453e-01 5.958695281057683202e-01 5.984845238470400952e-01 6.006867453651986155e-01 5.995978197018220213e-01 6.056587241678155209e-01 6.065786665357880691e-01 6.049288592340472670e-01 6.017720005060103183e-01 6.056853475560660671e-01 6.016394156625450851e-01 5.995703219252837002e-01 6.048134190002740773e-01 5.995163969418629835e-01 6.041322273062297299e-01 6.028993241873223941e-01 6.047284706915970753e-01 6.075095401158979724e-01 6.041703884091237375e-01 6.041901521900716610e-01 6.065960028393450054e-01 6.044623714900316802e-01 6.004804089116765331e-01 6.028738465816162462e-01 6.020239921648089521e-01 6.066068221542337824e-01 6.044333745437234784e-01 6.045409524868888829e-01 6.033635021473807702e-01 6.072989700912273525e-01
4.558628175918906511e-02 1.033217055852053284e-01 3.327201236181350774e-01 5.474965360659838076e-01 4.258849301536424270e-01 5.290983323859083098e-01 1.000000000000000000e+00 7.043188832843616520e-01 7.213760271781581856e-01 6.066268113511609217e-01 7.398944989496748503e-01 7.710377806842939608e-01 7.267040902301198368e-01 6.910427710984416994e-01 8.558089519023877045e-01 7.968508004186753979e-01 6.858931267074218630e-01 5.024289520803484344e-01 5.680222333222361142e-01 5.357013257183229626e-01 5.611792695326724978e-01 5.873637839205319011e-01 5.724252263038824839e-01 5.721377360567205805e-01 5.995878924976875135e-01 7.053350294921912900e-01 7.000093643816583944e-01 7.190623879579500777e-01 6.461452326569391280e-01 6.910293824110177452e-01 7.409281536455519790e-01 7.461473264217565182e-01 6.972843661049406006e-01 7.207172887496011704e-01 7.062661861432713017e-01 7.379382312175383207e-01 7.378871282838270762e-01 7.809673061292848883e-01 7.883482080681192272e-01 7.739996602191782094e-01 8.061848023290664189e-01 8.058627710848265124e-01 8.045026270326989248e-01 8.180957058086693046e-01 7.894727888198629362e-01 7.985678555471520390e-01 8.079341467849227021e-01 8.088807907688353449e-01 8.007121481749124303e-01 7.770768957059515092e-01 8.034578313530296167e-01 7.882522495036453636e-01 8.066892707755201064e-01 7.873194061809903888e-01 7.773896741203855099e-01 7.766161477153363801e-01 7.878500815990544526e-01 8.011575629908583851e-01 7.988173459379116492e-01 8.112904794056055024e-01 8.187549453365766672e-01 8.014591851860227711e-01 7.932402242344696042e-01 8.085448627191835769e-01 7.954297636472946742e-01 8.018287361598348539e-01 8.084960857317092797e-01 7.893233604688056904e-01 8.019471832923009691e-01 7.850349315395713790e-01 7.884627897981982825e-01 7.903655642698022010e-01 7.862820922167608195e-01 7.800714513197910538e-01 8.044954082487052460e-01 8.039577096248751165e-01 8.074523885971011117e-01 7.803779712469429697e-01 8.096440627129338763e-01 8.017608021627571357e-01 8.059493500456917925e-01 8.108967476123892792e-01 8.063215072754117418e-01 8.035133760166701666e-01 8.073113921247255798e-01 8.072875170562119340e-01 8.128600851812015637e-01 8.096504224064718924e-01 8.137288070248340777e-01 7.970075113059618133e-01 8.160492149086031599e-01 8.141411655200236908e-01 8.176891784246717032e-01 8.174797355117369158e-01 8.080600522895889926e-01 8.075303426311702948e-01 8.093609284531374515e-01 7.994788009761842895e-01 8.144551271882349841e-01 8.105421610776429864e-01 8.178256459199781947e-01 8.096385027463194328e-01 8.139736711342383524e-01 8.145914306162033158e-01 8.164823883313112596e-01 8.048428281946715668e-01 8.106293206615842184e-01 8.078878466280882131e-01 8.031844988849214939e-01 8.060157464134481975e-01 8.043770540690843296e-01 8.120688266057622950e-01 8.090005419679791032e-01 8.119334679746172956e-01 8.082659163453932427e-01 8.102290964154235109e-01
6.769377070957478815e-02 1.112331754146377860e-01 3.216120574039626479e-01 4.863342789559843560e-01 4.327255998555556427e-01 4.780538197523675481e-01 7.043188832843616520e-01 1.000000000000000000e+00 6.886853065414467734e-01 5.835845570259868831e-01 7.129027836885232228e-01 7.309047356156206376e-01 6.938125014274609814e-01 6.354836139162702846e-01 7.812271573518164702e-01 7.764412384684503676e-01 6.720327189225067110e-01 5.214590474188600666e-01 5.717480869572529878e-01 5.487539282568825172e-01 5.816447049900531630e-01 5.984332408747150556e-01 5.506733926929592293e-01 5.630294565033756582e-01 6.046195981129961483e-01 6.962217901697527189e-01 6.827159093176953242e-01 7.043083141064874209e-01 6.434556862846610992e-01 6.692571170485291931e-01 7.117301958088152469e-01 7.228295382890248533e-01 6.900588129704166018e-01 7.095317531674242284e-01 6.871848441659855755e-01 7.107294899867578897e-01 7.010951587674479901e-01 7.611565499608466956e-01 7.625479293158772265e-01 7.501435901726577482e-01 7.749596176195546748e-01 7.738640249634766155e-01 7.761887912728968608e-01 7.866666138111056972e-01 7.588444811855273864e-01 7.687638223420498740e-01 7.747026399225057647e-01 7.696993324777378076e-01 7.682059057074124286e-01 7.557231906531275412e-01 7.779305856509491912e-01 7.622616828129841204e-01 7.705651063334804096e-01 7.572648458971505958e-01 7.559178337975180906e-01 7.535625291753861310e-01 7.577707259008651386e-01 7.749891214890750613e-01 7.684206062930465375e-01 7.793956189493592701e-01 7.811686153835675217e-01 7.729709089469402050e-01 7.654204154738353250e-01 7.754502060735685154e-01 7.626080551836470489e-01 7.728800510321749417e-01 7.718657251869078806e-01 7.641940901576095291e-01 7.680318380177106885e-01 7.684383246253013722e-01 7.650926735224625741e-01 7.635450515381240200e-01 7.544827557772476601e-01 7.535683683771563501e-01 7.769452142012874818e-01 7.699205746155296515e-01 7.745905398239669726e-01 7.565999217207769467e-01 7.779231336101457561e-01 7.665157623277627508e-01 7.707939270001692433e-01 7.726194674122498496e-01 7.719081135702920982e-01 7.693092651626330936e-01 7.765083805356433055e-01 7.770768898888781306e-01 7.769390131553937096e-01 7.764359532720938040e-01 7.787839002830309054e-01 7.682671850928557422e-01 7.780290406303439488e-01 7.760387340876989670e-01 7.793295252471148515e-01 7.803179701805613711e-01 7.688611331568303564e-01 7.718792393682851749e-01 7.705400319131006093e-01 7.679554651625067896e-01 7.787419359896632365e-01 7.737849412368827950e-01 7.812315386597676881e-01 7.744064187789148068e-01 7.759665484473413644e-01 7.782293496374469433e-01 7.822585137137044731e-01 7.685344572587661238e-01 7.759888232374929640e-01 7.716079688713411988e-01 7.719510798960314002e-01 7.756962630378584356e-01 7.711259772117174949e-01 7.729389234573204037e-01 7.733978884687352506e-01 7.763845419170223305e-01 7.763250839111034418e-01 7.745550577000488435e-01
2.016721267123572914e-01 1.635821583518637379e-01 3.695935793383273715e-01 4.707760108273771338e-01 4.234211683172793284e-01 5.234957941619919897e-01 7.213760271781581856e-01 6.886853065414467734e-01 1.000000000000000000e+00 6.756602134277908123e-01 7.873406717815131239e-01 7.635927601874632487e-01 7.472292524078956166e-01 7.268650211688715279e-01 8.230549195799775619e-01 8.062074280553901406e-01 7.821496926105387937e-01 6.613890258081297491e-01 7.055347582812973029e-01 6.446341612040674685e-01 6.667164992848526595e-01 7.119444932664023007e-01 7.143761288862773284e-01 7.039617322269060562e-01 7.346106422822673565e-01 8.117928577790387568e-01 8.103444707553368875e-01 8.240965968134355002e-01 7.692151642529494460e-01 8.221642864962674935e-01 8.369011841607076896e-01 8.593076796262806294e-01 8.132444325524627038e-01 8.169409741386938206e-01 8.314573176689301626e-01 8.130922286457988868e-01 8.300333007731078849e-01 8.510653611155335474e-01 8.637367776297969479e-01 8.305361327241288505e-01 8.660335016798835772e-01 8.521180346158888641e-01 8.600086000039446343e-01 8.670056855882044555e-01 8.619918903275043398e-01 8.619243051675665734e-01 8.543775720497132076e-01 8.656132934118478950e-01 8.592356125711612114e-01 8.436093000607352010e-01 8.640197285346136180e-01 8.259941977010059055e-01 8.515449116185326295e-01 8.668149053465971088e-01 8.608561269287740014e-01 8.676732047625748123e-01 8.641307444144267214e-01 8.636187915138457960e-01 8.567821350876454467e-01 8.687013184759071471e-01 8.654021571261480972e-01 8.674955900313530144e-01 8.563416716309913967e-01 8.655902354231864715e-01 8.631276781003217602e-01 8.721874645173224305e-01 8.655411252693578916e-01 8.757868711042439136e-01 8.836094147357359541e-01 8.630502819265056802e-01 8.636495284504038805e-01 8.726000996149332334e-01 8.669152045609426205e-01 8.730256599333201528e-01 8.714990788358875085e-01 8.715816120514267018e-01 8.681185016496433260e-01 8.644398320757384901e-01 8.763829325210553689e-01 8.829930261736033126e-01 8.854648706741271580e-01 8.773310360949773123e-01 8.703395755103709996e-01 8.827807107443905732e-01 8.668625781834703448e-01 8.753854928718035611e-01 8.757364485604034465e-01 8.601489611466177632e-01 8.697295653254421000e-01 8.699094383384771145e-01 8.641303478164246155e-01 8.555994014159906680e-01 8.673929110888980443e-01 8.650250445547514877e-01 8.488878007194270436e-01 8.563844875924900846e-01 8.476522323923429969e-01 8.577844047828263596e-01 8.572699283574736207e-01 8.527291976082024272e-01 8.581781735790990906e-01 8.552930517779445685e-01 8.530363117325964195e-01 8.553442893854246165e-01 8.666108269156069799e-01 8.603572496231318700e-01 8.574609780704907092e-01 8.625016419558423353e-01 8.676249334554154702e-01 8.517568397762512733e-01 8.557572212814457124e-01 8.546817561959830778e-01 8.600114706593224856e-01 8.622804926432605654e-01 8.648054097701403098e-01 8.668458743890634643e-01
6.331887455875165327e-02 1.613529459805017607e-01 2.850187211161730461e-01 3.942108311967546519e-01 3.610941199997877993e-01 4.440750313553550876e-01 6.066268113511609217e-01 5.835845570259868831e-01 6.756602134277908123e-01 1.000000000000000000e+00 6.567620246236135495e-01 6.828543603306126419e-01 6.420635829496000868e-01 6.454645707455543002e-01 7.198999779945643995e-01 6.911916638713566652e-01 6.266302749062764299e-01 4.731203779566529599e-01 5.051714142727513623e-01 4.649113997418474198e-01 4.668872143916227846e-01 5.176564318546171828e-01 5.078473069475010204e-01 4.875056015500971451e-01 5.288588657719327513e-01 6.434203233552832080e-01 6.305137040027157802e-01 6.669482259158041604e-01 6.077102062892595358e-01 6.259672404057387007e-01 6.520591563771181987e-01 6.816153357816069347e-01 6.606543726027779284e-01 6.281700737362266862e-01 6.501439321662562110e-01 6.224851765238721413e-01 6.338856891994981702e-01 7.218975932099194193e-01 7.078810127030955579e-01 7.042666189158900414e-01 7.383002176599755551e-01 7.314733852055247398e-01 7.124259313873422261e-01 7.325453577560988583e-01 7.095207069811388934e-01 7.257055369918470333e-01 7.425939608354187316e-01 7.506409309936047380e-01 7.307857529070804770e-01 6.933982024590188420e-01 7.332132385982511602e-01 6.693034672568187737e-01 7.251877418999769231e-01 7.423459458479256812e-01 7.232008029321884690e-01 7.250603836395427271e-01 7.172591622171411441e-01 7.420155147870409751e-01 7.462232296942417076e-01 7.489050017727841846e-01 7.421076861542290626e-01 7.459636405607581455e-01 7.342693544120455496e-01 7.235860655245565098e-01 7.289223379927638469e-01 7.395428058419144524e-01 7.476517471426936678e-01 7.305703943786294730e-01 7.345276983206265875e-01 7.144802890610072454e-01 7.104264022327959616e-01 7.256157440756053623e-01 7.043166829871539969e-01 7.075468269865472504e-01 7.444612375498311785e-01 7.409520174118405800e-01 7.440501994476187431e-01 7.286248757511072371e-01 7.353636388378146371e-01 7.337141387419168215e-01 7.329463392943509348e-01 7.373464469472550409e-01 7.375810262429268738e-01 7.432090931176784654e-01 7.384900514919729986e-01 7.311954018426374269e-01 7.324540684193243667e-01 7.487511527747710005e-01 7.456240212012915647e-01 7.417007532144801463e-01 7.451816870125131942e-01 7.463947281462350869e-01 7.434479147729745607e-01 7.461862558799300382e-01 7.462415660838807030e-01 7.497484422399429693e-01 7.251699631317208850e-01 7.266764848829395662e-01 7.422004703328658470e-01 7.402858730062215065e-01 7.388168452975585332e-01 7.410112816851097683e-01 7.407657488282225478e-01 7.442769646429829855e-01 7.338123210096874072e-01 7.322040643459063469e-01 7.427622304867874670e-01 7.509270202106396175e-01 7.450440343404689525e-01 7.447259247491861966e-01 7.461783659981079397e-01 7.473906774936450725e-01 7.477639241622274779e-01 7.460279578630747421e-01 7.432255017898706795e-01 7.426970814704950685e-01
1.035652171738172256e-01 1.453616381953590775e-01 3.946036507031354668e-01 5.595711577511651713e-01 4.342348926300002021e-01 5.392120713363102169e-01 7.398944989496748503e-01 7.129027836885232228e-01 7.873406717815131239e-01 6.567620246236135495e-01 1.000000000000000000e+00 8.353652548634242780e-01 7.703508595237966716e-01 7.465291896641644831e-01 8.498488526925832565e-01 8.366511782537502384e-01 7.850971730849671815e-01 6.145626838773248224e-01 6.844813911821824304e-01 6.059237438988268609e-01 6.545165614643803087e-01 7.152504375839244810e-01 6.636529318628079377e-01 6.652673283465435627e-01 7.168009339500596155e-01 8.008710807441015156e-01 7.933327661362420402e-01 7.988542239736462491e-01 7.284470824126604294e-01 7.750598167123000648e-01 8.164847063629236956e-01 8.310096898130349130e-01 7.843403580118845086e-01 7.974257570773042314e-01 7.891478912386309386e-01 8.070506189760633386e-01 8.017512621261356776e-01 8.434174142308257238e-01 8.578567500682852121e-01 8.495912817565129949e-01 8.786250676022578920e-01 8.705288093164280649e-01 8.751636680126536616e-01 8.862002577930513381e-01 8.781136130816744600e-01 8.680726119102907257e-01 8.754493728475848391e-01 8.741497851225642490e-01 8.691800557737404676e-01 8.536159160919344346e-01 8.712716895801023709e-01 8.553964948479275687e-01 8.747629035040642709e-01 8.599896283318053669e-01 8.526622440365113631e-01 8.614134513230572443e-01 8.617268703780884831e-01 8.726660747186022471e-01 8.652114648007634967e-01 8.781000264643575859e-01 8.832889427339150057e-01 8.706580162268101608e-01 8.601085507984929102e-01 8.759788487693115355e-01 8.772199109108593795e-01 8.778957334593168182e-01 8.825239193682598016e-01 8.784055277201560097e-01 8.824308017033534179e-01 8.697314138875419376e-01 8.822587449834310425e-01 8.848666560800618752e-01 8.681725239064257416e-01 8.762828436860059522e-01 8.849279698795363691e-01 8.846646977325599570e-01 8.816103871042422213e-01 8.607713082099879287e-01 8.833554572150653650e-01 8.809518190178317054e-01 8.856570793653604223e-01 8.844053469363887254e-01 8.852964930463653737e-01 8.819334326117120870e-01 8.805338351847805667e-01 8.823618558569327197e-01 8.866816157815179400e-01 8.790172160947850033e-01 8.847844618205575884e-01 8.777786338942722422e-01 8.851026203795132608e-01 8.812282959282186079e-01 8.911685036515296643e-01 8.863737779813196660e-01 8.736269078474513394e-01 8.782134220234690813e-01 8.796483743967750124e-01 8.739848701205953363e-01 8.802933034917267419e-01 8.786093865178434825e-01 8.851731074298957447e-01 8.775972108906965330e-01 8.815982540139573054e-01 8.822444082956933942e-01 8.871262596703496373e-01 8.747317772204824537e-01 8.782907055178940103e-01 8.776662549611514708e-01 8.774314905644875484e-01 8.766738851885450545e-01 8.743980566515092701e-01 8.769015235512211959e-01 8.763976364880721182e-01 8.802948550515191650e-01 8.829997758161611809e-01 8.805824759843594585e-01
-4.915573407153873975e-02 1.168006446703087897e-01 3.713301659312970848e-01 6.276010104836226011e-01 4.449517296912738340e-01 5.703340797529301565e-01 7.710377806842939608e-01 7.309047356156206376e-01 7.635927601874632487e-01 6.828543603306126419e-01 8.353652548634242780e-01 1.000000000000000000e+00 8.086968921721359171e-01 7.809056730008651082e-01 8.888388548719023952e-01 8.749358729806526735e-01 7.567066428507639442e-01 4.902611247883361667e-01 5.819480353966351993e-01 5.280745746593160650e-01 5.691386768601004453e-01 6.300773450051414537e-01 5.610904865152614995e-01 5.549174900329946203e-01 6.249577730929325448e-01 7.497338165243063735e-01 7.262599242137134370e-01 7.389061363982105668e-01 6.511802887679851715e-01 6.956768329850627763e-01 7.585402153909838185e-01 7.922365522627605738e-01 7.307394917992815486e-01 7.390239879831108638e-01 7.268067115392613520e-01 7.703980082264592077e-01 7.479832597865777588e-01 8.398534346691124419e-01 8.431306948534240675e-01 8.520196010425017397e-01 8.985420045633969455e-01 8.883940062213889766e-01 8.809539974539575269e-01 9.039684575011160961e-01 8.655960468655538032e-01 8.763549044852598779e-01 9.184843966411792016e-01 9.142945763205115872e-01 8.998660604474166824e-01 8.609853286687116913e-01 8.842965449119364330e-01 8.759060618393227360e-01 9.088408538205141607e-01 8.835087134155238386e-01 8.594668440130003306e-01 8.562381371296460264e-01 8.785455492247643550e-01 9.004850648564971527e-01 8.885246161829571943e-01 9.103243771685340935e-01 9.138750993005964052e-01 9.036437932960833530e-01 8.881473091818784527e-01 9.000600733965150591e-01 8.894983344445792639e-01 9.036673448782555074e-01 9.143295444477986811e-01 8.715383596232652019e-01 8.830467958279847318e-01 8.630148584463973593e-01 8.805320449641057534e-01 8.832738127323391808e-01 8.534178053781389384e-01 8.581764186771045910e-01 9.009453360511624487e-01 8.988215033073494453e-01 8.982788829958318066e-01 8.582446285836645705e-01 8.942641580422314718e-01 8.792430086913638476e-01 8.799128942817411314e-01 8.923763139387352883e-01 9.003131195241775853e-01 8.856855369877368878e-01 9.026423534632573853e-01 8.881689227187116176e-01 8.980053774669937150e-01 9.098714670917306124e-01 9.120231289866521651e-01 8.953003912636051664e-01 9.138841155860691901e-01 9.230562891683687932e-01 9.188525107252485391e-01 9.176786814190980301e-01 9.244464456840595368e-01 9.224256225396322284e-01 9.231566396395299856e-01 9.028268621344519573e-01 9.235667709628385680e-01 9.217653367236841033e-01 9.254326299408178746e-01 9.225027119238221607e-01 9.272818070486846809e-01 9.270419650918355625e-01 9.155725408721363534e-01 9.116726636713804455e-01 9.226895342461036709e-01 9.154767140706701056e-01 9.056511628415488957e-01 9.225001937805925589e-01 9.150278503637330196e-01 9.250569543666244954e-01 9.185210904811184074e-01 9.195837558903751097e-01 9.141829568061097255e-01 9.179132459539294242e-01
6.780084835851228620e-02 1.205794172839810829e-01 3.445872053513264199e-01 5.230120796654028625e-01 4.314637040615511565e-01 5.367467576001183627e-01 7.267040902301198368e-01 6.938125014274609814e-01 7.472292524078956166e-01 6.420635829496000868e-01 7.703508595237966716e-01 8.086968921721359171e-01 1.000000000000000000e+00 7.265648824190578114e-01 8.354566887005258069e-01 8.306486607640378717e-01 7.276567717254277534e-01 5.234643648767030033e-01 5.924638674450436460e-01 5.465852146630496566e-01 5.723251947414692564e-01 6.240994478934088763e-01 5.652639544218786005e-01 5.726126866340612853e-01 6.276287292751527858e-01 7.362581853323419967e-01 7.147084570568729145e-01 7.295586368140581923e-01 6.683268920919044342e-01 7.044324157799496389e-01 7.476590287472077989e-01 7.690717260673010092e-01 7.164777032379529009e-01 7.294732003347311755e-01 7.240528816426776704e-01 7.379298371686443536e-01 7.298582703307249231e-01 8.041418769920395393e-01 8.021387145261967833e-01 7.988749100025381855e-01 8.424762077336619415e-01 8.359222388008525906e-01 8.265741641461255007e-01 8.477218771587931023e-01 8.213017650552372206e-01 8.248562631269714673e-01 8.483434065554822379e-01 8.484149012148961555e-01 8.415839229671993049e-01 8.146488260427222627e-01 8.366844590107607171e-01 8.091529888510478052e-01 8.434454073477924974e-01 8.278585592418852279e-01 8.078796110106584161e-01 8.070867026168030423e-01 8.228444063317008617e-01 8.461535835290892038e-01 8.358726631208962532e-01 8.540110698893177421e-01 8.521204233316552745e-01 8.410132857871563949e-01 8.255076837491838182e-01 8.400119712853959530e-01 8.359330452294406744e-01 8.429836581087638558e-01 8.537441532175772396e-01 8.290265624079156126e-01 8.345258595103899335e-01 8.223546202974556518e-01 8.295908683019771468e-01 8.364079405696663860e-01 8.129375959249218742e-01 8.158628259455324994e-01 8.468235327749643604e-01 8.413452401248677770e-01 8.428911231492957068e-01 8.215541762974644113e-01 8.429975940297702586e-01 8.367720092768001772e-01 8.343851188399927787e-01 8.437496337534764468e-01 8.398865639488590773e-01 8.383235634219637911e-01 8.479515025315194077e-01 8.401181827091569465e-01 8.433505770608746843e-01 8.493819297959993575e-01 8.501689607239226731e-01 8.378062206786285326e-01 8.493860234437917711e-01 8.536148105918750506e-01 8.537550452504336640e-01 8.526445671669761195e-01 8.517877063669938575e-01 8.517588333280868840e-01 8.492802798674372600e-01 8.431080816368552444e-01 8.510242791320068445e-01 8.521136552636041639e-01 8.541668534737053564e-01 8.511317269737683766e-01 8.546055209579891399e-01 8.573735526160407572e-01 8.518828229672918972e-01 8.443754449804879991e-01 8.535146526697432456e-01 8.495355958993994205e-01 8.434737530889627743e-01 8.510902681558374372e-01 8.470799736554346371e-01 8.536252575134960496e-01 8.506753771753445825e-01 8.523839681745533081e-01 8.499133326895745855e-01 8.510049852401248005e-01
