1.000000000000000000e+00 2.302798043361036495e-01 1.455024788510445866e-01 -2.264629078306200013e-02 6.164864904006051027e-02 5.417030830022043913e-03 7.871699721694498664e-02 4.581944109045835850e-02 1.909874651907521037e-01 4.328713804480911753e-02 5.412477852193055966e-02 1.480035045637513071e-02 2.976095480331272802e-02 -1.579499016557701918e-02 3.621549917029065480e-02 3.903495635680899467e-02 1.202601005138476120e-01 1.206796590134330965e-01 1.252858991061242266e-01 2.473712327899063937e-02 1.251938386973288353e-01 1.011272884208301304e-01 1.553340924653706379e-01 1.349727162261889490e-01 1.473196336545535279e-01 1.512257160147660873e-01 7.302843840045075696e-02 7.119130900690830155e-02 1.673699571400039388e-01 1.412321755202564921e-01 9.303668724828816072e-02 8.889143776358003624e-02 1.367160516884745047e-01 1.232120977504370246e-01 1.416703324387896812e-01 7.399935906930253660e-02 9.436639867976870377e-02 4.078575925885031400e-02 6.963418248612611439e-02 -1.192437218101532852e-02 5.011152252853454114e-02 -2.772636715073582142e-02 -9.672427442000045006e-03 1.506766730893222689e-02 4.461034038290540016e-02 9.702478883258166750e-03 1.056741442683415202e-02 3.494243990353994994e-02 3.720576926860230671e-02 6.644529275406084456e-02 3.653889964050367062e-02 4.744589101241949297e-02 3.861110942625004677e-02 6.736509007419315409e-02 7.931006322896891336e-02 6.585076917966103949e-02 9.412462677686540824e-02 2.368566117739121998e-02 3.377193549459394512e-02 5.773215184216433371e-02 3.848716086343175607e-02 4.325535223114207461e-02 5.530560463135394261e-02 5.221838549603560059e-02 5.626917449656237968e-02 7.946368029444876580e-02 3.356782493718771243e-02 4.109628579393300590e-02 4.956604141184865753e-02 2.082440069586770706e-02 3.620232604669963716e-02 4.212486493934897158e-02 5.469661931206143413e-02 5.345469533096183085e-02 4.884458660357255538e-02 4.323433339880279613e-02 3.014478377956719343e-02 8.507399655060607357e-02 4.181605407109481587e-02 7.371187322315900237e-02 7.186359424846187893e-02 3.766964210173027322e-02 5.315120335533969620e-02 7.222598516302368432e-02 2.414235166338186619e-02 5.105654556870986571e-02 3.480667073866045708e-02 1.380149858909385067e-02 3.640266038871226711e-02 4.126350045676694528e-02 8.669218796881218963e-05 5.231478209295847490e-03 9.144981245860675512e-03 7.321689061990778111e-03 3.880510641854308627e-03 2.530481663038221946e-02 -1.020783864129615713e-02 4.976872914631331329e-02 5.157470341808688061e-03 -1.694635546683075870e-03 -7.444573047147654173e-03 2.124738057099082381e-02 2.259699541686799318e-02 -9.637406260950903084e-04 1.730274965598169526e-02 4.611150785701024352e-02 1.881382674945258557e-02 3.329258290352411775e-02 2.800107392749904764e-02 1.472564680177811634e-02 -1.015471359617838888e-02 2.900015382146508419e-02 1.572075571590171583e-02 4.222677217170125313e-02 3.730141608972558503e-02 4.008417721517143484e-02
2.302798043361036495e-01 1.000000000000000000e+00 1.420125479782750888e-01 2.642274577249779672e-03 1.018891170413896152e-01 9.286984676901392788e-02 1.625486878307913774e-01 1.010376022697109105e-01 2.231524843492213861e-01 1.598621987867785976e-01 1.565450556779388880e-01 1.142058097453319682e-01 1.038074676333471391e-01 9.170728422117568890e-02 1.428112077558802984e-01 1.254637799140577714e-01 1.847434253021410788e-01 2.060454055002065576e-01 2.355626527556606842e-01 5.708179887652457818e-02 1.599192732882588897e-01 2.204082336130420428e-01 2.715903088935033849e-01 2.374402119492951269e-01 2.707182204035383788e-01 2.473835868039928054e-01 2.015852170253626674e-01 2.136425117094977455e-01 2.809020326672112544e-01 2.570168488699634546e-01 2.255024354461899472e-01 2.142645918415384265e-01 2.497397270778292100e-01 2.422935086359567780e-01 2.386045321136704978e-01 1.915944336698336414e-01 2.143620495946091942e-01 1.673680635590428789e-01 2.025283265012703393e-01 1.337040747002126440e-01 1.852594593028413505e-01 1.321615324492422805e-01 1.334790814682224047e-01 1.499947175077143424e-01 1.714677573215001860e-01 1.688483985268285359e-01 1.441858392003530498e-01 1.682784506020422732e-01 1.564614587431339965e-01 1.485899783491727577e-01 1.479311870155659292e-01 1.159567988892318963e-01 1.282574779075123794e-01 1.781375855420472831e-01 1.801736397437039561e-01 2.032670159613006733e-01 1.475047631024903050e-01 1.488508776641058740e-01 1.468959441586234205e-01 1.596667980091840688e-01 1.406553643753411798e-01 1.453649665365143173e-01 1.389222840383466662e-01 1.527421446328941224e-01 1.566489509422808180e-01 1.686539728264893345e-01 1.649030307252729588e-01 1.745647291749073959e-01 1.858579588944999084e-01 1.356264409265605375e-01 1.682097983241356842e-01 1.825246506767337906e-01 1.855412115454937727e-01 1.916512954534011492e-01 1.853443527728930174e-01 1.839726619902687654e-01 1.828109596224552491e-01 2.203687833770425764e-01 1.881029947713514505e-01 2.062586381351031728e-01 2.012164954824274543e-01 1.788214179547507054e-01 1.869422513467760560e-01 2.072383397535925154e-01 1.560672257733761725e-01 1.895142041108006103e-01 1.760716014640863747e-01 1.620503441421784763e-01 1.788062341241355990e-01 1.816919364735995190e-01 1.554314422341879776e-01 1.485350847652538442e-01 1.556410573191773505e-01 1.557660598246042305e-01 1.445815046724259201e-01 1.614192020869440469e-01 1.030208202400436507e-01 1.345549398443850742e-01 1.313113622951838644e-01 1.380350856692478256e-01 1.365562025406728275e-01 1.319004797241348226e-01 1.357555996124086839e-01 1.355133157752684836e-01 1.356517947321806139e-01 1.458183227897285883e-01 1.429472103463786392e-01 1.678507316256158122e-01 1.622693371499678017e-01 1.459477208585755748e-01 1.318435019193536228e-01 1.491027213490078718e-01 1.413546214220758879e-01 1.531295664622662756e-01 1.523382602858247836e-01 1.473684755152480930e-01
1.455024788510445866e-01 1.420125479782750888e-01 1.000000000000000000e+00 3.293028801296329355e-01 2.092530677604534373e-01 1.891636445871649197e-01 4.043399228106009935e-01 3.325338635251717245e-01 3.912553038781841352e-01 2.774593194191495305e-01 3.839990650553460894e-01 3.852902470693316817e-01 2.970131419167857945e-01 2.396081742409996718e-01 3.829822423162344558e-01 3.667484062572197723e-01 3.557144047617079030e-01 4.138277353878924147e-01 3.869040204992450493e-01 3.926153566713095899e-01 4.105922548209583467e-01 4.061031884584251905e-01 4.383707070071212186e-01 4.176239443956685782e-01 3.945321819063772328e-01 4.093428702531041741e-01 3.795234317408887614e-01 3.871626352126673054e-01 3.951755564012581212e-01 4.261599809353231461e-01 3.981861959652703842e-01 4.221267066420715808e-01 4.065811546006020127e-01 4.463809628551714814e-01 4.039315844955704282e-01 4.129719773483186418e-01 4.100984310369458763e-01 4.061076806776125481e-01 4.067149471514410197e-01 3.978460891231589969e-01 3.875104368591815174e-01 3.516888071496293011e-01 3.763258264803922004e-01 3.731657382335176742e-01 3.938188916348741020e-01 3.764498507401599081e-01 3.570688729110499948e-01 3.543445248863186237e-01 3.770917085002011282e-01 4.120600735416941607e-01 3.952745898762610177e-01 3.675788207119724538e-01 3.606714092138605943e-01 3.654096909092868772e-01 3.758296903078884865e-01 3.846575857742658422e-01 3.826112330527211003e-01 3.624433591994326576e-01 3.704571803165500055e-01 3.595401508227165088e-01 3.803642635676781625e-01 3.608984994809323887e-01 3.804625719619589286e-01 3.694494984631328527e-01 3.582454640678576219e-01 3.704482251112858338e-01 3.583876458359179784e-01 3.755299508904009209e-01 3.852179963828175624e-01 3.925119066048747274e-01 3.807612482710543977e-01 3.675428330719434644e-01 3.919391237266203198e-01 3.833406069076308320e-01 3.746485094729428145e-01 3.714945006215704670e-01 3.664303713711817290e-01 3.777374965473258572e-01 3.692616220457148879e-01 3.812365233553961508e-01 3.918300333598521146e-01 3.721692991570778042e-01 3.782053909503968470e-01 3.811466680039816146e-01 3.709642415059350440e-01 3.941568170583863440e-01 3.805164829858201925e-01 3.671717628932003041e-01 3.713146581785973233e-01 3.720852370747622651e-01 3.626397559340561738e-01 3.647701511162315668e-01 3.601517959423134463e-01 3.562833341677689725e-01 3.483222543602550458e-01 3.535770228485172750e-01 3.541633779051175934e-01 3.556609011838099965e-01 3.583313601980475105e-01 3.612083900361768296e-01 3.571162754161121833e-01 3.577216189169336591e-01 3.480354611732009995e-01 3.534744488294855325e-01 3.601896460581385240e-01 3.585312866734859938e-01 3.526732890926587149e-01 3.511412212109561448e-01 3.576603260074709967e-01 3.531386180541135622e-01 3.545642348550348544e-01 3.481188205672644531e-01 3.492971922064637136e-01 3.564496334768809671e-01 3.563953127793436093e-01 3.466429110138071756e-01
-2.264629078306200013e-02 2.642274577249779672e-03 3.293028801296329355e-01 1.000000000000000000e+00 3.869858767929851839e-01 3.696616136476190695e-01 5.743494551266465908e-01 5.505959958430649559e-01 4.441068009710175679e-01 3.698838072706693847e-01 5.111409080078169742e-01 6.344020794383442574e-01 4.900944539564656699e-01 3.813327382084000794e-01 5.706700071375776506e-01 5.857501844066332897e-01 4.436117710148997362e-01 4.168182529601804909e-01 3.948218219143582730e-01 6.125230628728466353e-01 4.993530441445482859e-01 4.447421377251673524e-01 4.253059682059034952e-01 3.884549582605205109e-01 3.572146285326232018e-01 4.584694787522154980e-01 4.510311973525094609e-01 4.792404841310111130e-01 3.553634551781743034e-01 4.008625403436728574e-01 4.585086632400110496e-01 4.972411024077436625e-01 4.001883635269491979e-01 4.725483584930217917e-01 4.120640063485925264e-01 5.176036012853407753e-01 4.582982035664380782e-01 5.293780811590770297e-01 5.076617283972342243e-01 5.663010732744726550e-01 4.993014065549613023e-01 5.500709409692638996e-01 5.726788933608015775e-01 5.390029418402108030e-01 5.480959178508749696e-01 5.235111032165026268e-01 5.023732583179463251e-01 4.808120002118608793e-01 5.158166567936063318e-01 5.548468090921745421e-01 5.509563082743758056e-01 5.665027928558036274e-01 5.382326644002527471e-01 4.783013188385188963e-01 4.816433238176756060e-01 4.794168482682359400e-01 5.185078339652707813e-01 5.268163959883810366e-01 5.091327467994253286e-01 5.106841811524975849e-01 5.515871440190859287e-01 5.092527311709190707e-01 5.271156294009036181e-01 5.254606757076145662e-01 5.011054630044533553e-01 5.197176173896062013e-01 4.914677953785895892e-01 4.837794922223695449e-01 4.930441332233673757e-01 5.665419728813866351e-01 4.957341559278765630e-01 4.750742031162303869e-01 4.866822594888758347e-01 4.692428638032431487e-01 4.963109197066792322e-01 4.839207872606733352e-01 4.901197225607409891e-01 4.429439078356262049e-01 4.788413395899849823e-01 4.612267545551964054e-01 4.603754626663150162e-01 4.872527787981766334e-01 5.009828683771461177e-01 4.585193365520583431e-01 5.209687798346993581e-01 4.976157862600825155e-01 4.974022875587206793e-01 5.072351857876571390e-01 4.977309270020032206e-01 4.929376246485054347e-01 5.257137033282754945e-01 5.247778356005139422e-01 5.152827770799277562e-01 5.119600588937669450e-01 5.022213873226329950e-01 4.920135186339573141e-01 5.617915180750122639e-01 5.292415547805049414e-01 5.361736869249982274e-01 5.372391299123580044e-01 5.365204580466631512e-01 5.283231541207390469e-01 5.209190786667422524e-01 5.311433066650405044e-01 5.372910766369617397e-01 5.167230024299317437e-01 5.067380939868574297e-01 4.798387564284661289e-01 4.930902663216736870e-01 5.101844429537237824e-01 5.224445191060541616e-01 5.083100915404245024e-01 5.139152152600109380e-01 5.102284665891589910e-01 5.049613258899819934e-01 5.096369270338517721e-01
6.164864904006051027e-02 1.018891170413896152e-01 2.092530677604534373e-01 3.869858767929851839e-01 1.000000000000000000e+00 2.791377768034735696e-01 4.835915635720808292e-01 4.899036417481391625e-01 4.473523640432626736e-01 3.654223382705267809e-01 4.474732940899300293e-01 5.020880118437299755e-01 4.805813818193120368e-01 3.326280217707491826e-01 5.066333286384610002e-01 5.187891520359703135e-01 4.433887448885748261e-01 4.375639272545460146e-01 4.249561299603998865e-01 4.792706312024136994e-01 4.580362569743164913e-01 4.652325112088560033e-01 4.445369098088525761e-01 4.468301306028513165e-01 4.237196966244680119e-01 4.694328546533849678e-01 4.384885646947943028e-01 4.547809704898441718e-01 4.028116392921786693e-01 4.283262063955970977e-01 4.599135503546037951e-01 4.751958552680329295e-01 3.912508224141219570e-01 4.697973584527704305e-01 4.300267262324033446e-01 4.561843985790523526e-01 4.440036854423604629e-01 4.787456867024297846e-01 4.731406683359216658e-01 4.726143902078016046e-01 4.797131835485739515e-01 4.903841567808348567e-01 4.928294322810586325e-01 4.976104932036054529e-01 4.916515930090999964e-01 4.849085347861835094e-01 4.842572862900771380e-01 4.768144845371336538e-01 4.923721604533092822e-01 4.790404186100503114e-01 4.822021552636205355e-01 4.826706907308651595e-01 4.919041987143527583e-01 4.791259257779958425e-01 4.833897138278959171e-01 4.833165255129285298e-01 4.810708458176546354e-01 4.971627578387082247e-01 4.871630557211361068e-01 4.988258391446829809e-01 4.960674998521074075e-01 4.911930176632525735e-01 4.890502507199092630e-01 4.863930602269031511e-01 4.815565813175770593e-01 4.924593558324026343e-01 4.832882057740095494e-01 4.849558347152314042e-01 4.876529164112943793e-01 5.102356971985601009e-01 4.908958265095256235e-01 4.826348467520013563e-01 4.933581742447718521e-01 4.879822769543233907e-01 4.889718720951206632e-01 4.762269738971656174e-01 4.760761398161905689e-01 4.581042087152844000e-01 4.795772002131986067e-01 4.671965126744955232e-01 4.681097106254737961e-01 4.750993031743504513e-01 4.857612804736747836e-01 4.636223316670586292e-01 4.831861076640238117e-01 4.874517096836146202e-01 4.782795431806996511e-01 4.877616164171912350e-01 4.783648788428183085e-01 4.884100762007922980e-01 4.848254155019753875e-01 4.913526998720911809e-01 4.903198046183999681e-01 4.862636276394586843e-01 4.840479880696295645e-01 4.822667410992403925e-01 4.956798500708123334e-01 4.844225000672805481e-01 4.931299360152579525e-01 4.901644299801134474e-01 4.918133466926528086e-01 4.914265990131131967e-01 4.887817991389188377e-01 4.948901316787827076e-01 4.897789717025115008e-01 4.886351980886017854e-01 4.868841878750754248e-01 4.775515460799384937e-01 4.857234258645276026e-01 4.901748016985292278e-01 4.930040535272388613e-01 4.935165598994770697e-01 4.908611267000410616e-01 4.850933871152182664e-01 4.853130855025976631e-01 4.879754383134929374e-01
5.417030830022043913e-03 9.286984676901392788e-02 1.891636445871649197e-01 3.696616136476190695e-01 2.791377768034735696e-01 1.000000000000000000e+00 5.078344259615683587e-01 4.349501764778945234e-01 4.628944289885026375e-01 4.479751681145469622e-01 5.078450771008470310e-01 5.402455569475360653e-01 4.777124988665662486e-01 3.690000516034963041e-01 5.491899064411817077e-01 5.381124292715456781e-01 4.715283282886534866e-01 4.306103362728175288e-01 4.416453522825212197e-01 4.548160228538898897e-01 4.686975325161013006e-01 4.860736988194032659e-01 4.520457859543944856e-01 4.297016058037266273e-01 4.353569790909538328e-01 4.973536966823273731e-01 4.986229602141220574e-01 5.043906240122697504e-01 4.584111449208324585e-01 4.715847571007208416e-01 5.147043197074615550e-01 5.179878398403151563e-01 4.600699213796426990e-01 4.939071751763781104e-01 4.801776687724866877e-01 5.104740025322441754e-01 4.977804367978624356e-01 5.349112554754138493e-01 5.257918728239083794e-01 5.260654234507903260e-01 5.356630226870743305e-01 5.449744246415204607e-01 5.534342777664111868e-01 5.496112067148675173e-01 5.379853430992809216e-01 5.434633775229602559e-01 5.381785905339503406e-01 5.353781181545064216e-01 5.366539927365927554e-01 5.319783052894333508e-01 5.421339819421897577e-01 5.341980096649191490e-01 5.435493990702602307e-01 5.290365358796400574e-01 5.235581136454513507e-01 5.224838436765493199e-01 5.243317638139574077e-01 5.439236144049863775e-01 5.337542529508915168e-01 5.426059065103151502e-01 5.526747404962364385e-01 5.403521810554904325e-01 5.396419863482889712e-01 5.409945922201901958e-01 5.356970435387546914e-01 5.397470858294374230e-01 5.377128131651053300e-01 5.318461255485056327e-01 5.359360735008739107e-01 5.439012769049478280e-01 5.327034952050511141e-01 5.311860139744684073e-01 5.264802882634498360e-01 5.235167519526330304e-01 5.376244918368356940e-01 5.365399269538300153e-01 5.385057092791029065e-01 5.240895854527269915e-01 5.340311913184322412e-01 5.228333274918713913e-01 5.263765907471433803e-01 5.356890177138725617e-01 5.363063987856112602e-01 5.240653029611871405e-01 5.413956088065701167e-01 5.358924760638829055e-01 5.400879297537638513e-01 5.423023424701597373e-01 5.390112724933125987e-01 5.354156038064046275e-01 5.453830734166533745e-01 5.491188473147755600e-01 5.414550528628313542e-01 5.463558034376455597e-01 5.405668129135448030e-01 5.391592464115217975e-01 5.429662802274998201e-01 5.335688130677138652e-01 5.463888261642039224e-01 5.464166318552422519e-01 5.481992196058749212e-01 5.423155390431652068e-01 5.431040513677972692e-01 5.498287072122916008e-01 5.475038343306201094e-01 5.380004055696793186e-01 5.390302028310670623e-01 5.352752060345694618e-01 5.379559179257947799e-01 5.438056375831189504e-01 5.433097718357328132e-01 5.431190775334523435e-01 5.425626093017700269e-01 5.397455492768816754e-01 5.409688364219452650e-01 5.405873161919829695e-01
7.871699721694498664e-02 1.625486878307913774e-01 4.043399228106009935e-01 5.743494551266465908e-01 4.835915635720808292e-01 5.078344259615683587e-01 1.000000000000000000e+00 7.029900209185222515e-01 7.168519236986695686e-01 6.300029961260825706e-01 7.471436688726027509e-01 7.966797792807249756e-01 7.010922861867217026e-01 5.573916778465960453e-01 8.250445139539011041e-01 7.890187574515051816e-01 6.848719321732256171e-01 7.164606197242460173e-01 7.202335069739381757e-01 7.296017461686234995e-01 7.417627712134620133e-01 7.564137003982908114e-01 7.474163434693393837e-01 7.153474604209226761e-01 7.097680337749148194e-01 7.860450811969911245e-01 7.648901300176585982e-01 7.951108002293437726e-01 7.327549758385834000e-01 7.589016959799982365e-01 7.877384758593333203e-01 7.942863374404628418e-01 7.208427094279766800e-01 7.854620757249276553e-01 7.393457060650107104e-01 7.832392862407855372e-01 7.733159149061742399e-01 8.055339429722007116e-01 8.035623623038141705e-01 8.050728202015617896e-01 7.999645645226534096e-01 8.000994475421675522e-01 8.065156763761154313e-01 8.097644872032297991e-01 8.104360338251311857e-01 8.075777132748499509e-01 7.780468711701877815e-01 7.748575817364139473e-01 7.876920863827531205e-01 7.913921455689060247e-01 8.028325372487291611e-01 7.749262529088789542e-01 7.805599067611280750e-01 7.700314153679487239e-01 7.784808786295777105e-01 7.928519820391605188e-01 7.654159612548666614e-01 7.928414533266341380e-01 7.826515059458162282e-01 7.799802714670429626e-01 7.976794256705214137e-01 7.746383848081509482e-01 7.818700369060890276e-01 7.770950406600923843e-01 7.695949174129276260e-01 7.818973241717293021e-01 7.812036958418346888e-01 7.893572000067268224e-01 7.956694214891281147e-01 8.192266644089971628e-01 7.955713916117095330e-01 7.842597152034797015e-01 7.962003000286732579e-01 7.894879248244227599e-01 7.972416066548942970e-01 7.883139844060694790e-01 7.950404472134807721e-01 7.826544365108958345e-01 7.923981499982596377e-01 7.806573921753824363e-01 7.830041874195565743e-01 7.854480314704127553e-01 7.938994806870879328e-01 7.814941804193035191e-01 7.913693121833910160e-01 7.993453721775114484e-01 7.919131890659720785e-01 7.944652817095776420e-01 7.927100216032697544e-01 7.921747566462518098e-01 7.992616408290516006e-01 8.012481966677007517e-01 7.911023799918601718e-01 7.963486213878065989e-01 7.784513657071275849e-01 7.785789186039451248e-01 7.867895441299681547e-01 7.668530764119753096e-01 7.878829010474840411e-01 7.957710379863237593e-01 7.959691554929807511e-01 7.837507714248048707e-01 7.756893228569501364e-01 7.939603594108973761e-01 7.884009752422809214e-01 7.748001169663475407e-01 7.765999670041794367e-01 7.759181526257976635e-01 7.829128773799088892e-01 7.855842243941979497e-01 7.883495530631992043e-01 7.763716525770314458e-01 7.803716498044152017e-01 7.765792322989117924e-01 7.769753202589124719e-01 7.717612176192550910e-01
4.581944109045835850e-02 1.010376022697109105e-01 3.325338635251717245e-01 5.505959958430649559e-01 4.899036417481391625e-01 4.349501764778945234e-01 7.029900209185222515e-01 1.000000000000000000e+00 6.734280583991555380e-01 5.971046827288630787e-01 6.996830080404180530e-01 7.657676912035362715e-01 6.869179203118629395e-01 5.287723071037345735e-01 7.650779769159312682e-01 7.868396764917944264e-01 6.634948465531215200e-01 6.393832036922445505e-01 6.351093810419352614e-01 6.924969781761783905e-01 6.665024064896351019e-01 6.832731311419161235e-01 6.553664612170465587e-01 6.249686913857683823e-01 6.073927149445363938e-01 7.060121620328793091e-01 6.913717259063698606e-01 6.914404036076667870e-01 6.256760661555387237e-01 6.601768404439067872e-01 7.062748522052543221e-01 7.335555578670934773e-01 6.427727854234304150e-01 7.152016762211967915e-01 6.630973119772248792e-01 7.146722136135349457e-01 6.844510168485785639e-01 7.687996248376545161e-01 7.444106742543884492e-01 7.527714270825227594e-01 7.419061843178382798e-01 7.521481766856582540e-01 7.620027577367325389e-01 7.632619513442912007e-01 7.524426554707708270e-01 7.437509190012441262e-01 7.446849368139775160e-01 7.391094566815281652e-01 7.616052142469930120e-01 7.661951818474302955e-01 7.765152587612872415e-01 7.503766164555244478e-01 7.496420199920463823e-01 7.362404644837263756e-01 7.488537881162684595e-01 7.401922335705134470e-01 7.551022959368807186e-01 7.637670705286021544e-01 7.690195258687803070e-01 7.482672847367159985e-01 7.750567730670110400e-01 7.563012652529115254e-01 7.684532458488868567e-01 7.555461481788612321e-01 7.364268411958961869e-01 7.491570275249241906e-01 7.432533086524021337e-01 7.389041115756398437e-01 7.441099103132842174e-01 7.698430923902478407e-01 7.382485875829252198e-01 7.317461925708665937e-01 7.386358626721694076e-01 7.309641858243556278e-01 7.463653401395278220e-01 7.381251705838043353e-01 7.325895455033372139e-01 7.133095882494931983e-01 7.297790454167780716e-01 7.274165459785612020e-01 7.195674721926319517e-01 7.340336584980512447e-01 7.460172971634746464e-01 7.185118393157921002e-01 7.563927913258839952e-01 7.476363298161956550e-01 7.380880153309524738e-01 7.553287317919515909e-01 7.449372560305690394e-01 7.465805300007020140e-01 7.487781387636858188e-01 7.571166906854628342e-01 7.499900956330588508e-01 7.482975772004776260e-01 7.452531900027067335e-01 7.432995688367861620e-01 7.763910888538929633e-01 7.552882627296317875e-01 7.668495107136772404e-01 7.669227209116680211e-01 7.614796504463872129e-01 7.678478141211643182e-01 7.507487148141110955e-01 7.643078569068392225e-01 7.576609669131453284e-01 7.571688774873979177e-01 7.531245986576865503e-01 7.367948713851644182e-01 7.480601403129807370e-01 7.562836170950555381e-01 7.654559729100784971e-01 7.491060123002516447e-01 7.602346122472986023e-01 7.519056508168490138e-01 7.443792924091758856e-01 7.460759765981134217e-01
1.909874651907521037e-01 2.231524843492213861e-01 3.912553038781841352e-01 4.441068009710175679e-01 4.473523640432626736e-01 4.628944289885026375e-01 7.168519236986695686e-01 6.734280583991555380e-01 1.000000000000000000e+00 7.089272203381067339e-01 7.840166835852048210e-01 7.850646112823154166e-01 7.232422951707454528e-01 5.893327648492874271e-01 8.142387626823426316e-01 8.032521554247188389e-01 7.830827662447178428e-01 7.706096400855177997e-01 7.897155914254436748e-01 6.809047644573978930e-01 7.634021461517055407e-01 8.214256214156161473e-01 8.072403408010311310e-01 7.644050678582742231e-01 7.653801027854882921e-01 8.476951488682340496e-01 8.283555724094179284e-01 8.167667355419725439e-01 7.995803178143896517e-01 8.399022796428423643e-01 8.585336617280666660e-01 8.586990242875984780e-01 8.104712770725469584e-01 8.472055175371668856e-01 8.395354073802627770e-01 8.209274586563494180e-01 8.492030207556144905e-01 8.365327844554568681e-01 8.569379787822690719e-01 7.860012876497497469e-01 8.596615721523729325e-01 8.167653990760279648e-01 8.248007657062909059e-01 8.501345805347326756e-01 8.435766667829801557e-01 8.370046542238294141e-01 8.427238514005430670e-01 8.589372591041883886e-01 8.510806822355299062e-01 8.320775824037488499e-01 8.378105991525974794e-01 8.239433392697659286e-01 8.387744701675645675e-01 8.659516852016260202e-01 8.626114232267887427e-01 8.599439262913293192e-01 8.486021787577118225e-01 8.461403164438554558e-01 8.432820775833818061e-01 8.615667027931810384e-01 8.515907758471868982e-01 8.516599959632666916e-01 8.487628118316811188e-01 8.516221983232167281e-01 8.572512888797604313e-01 8.678160015934436311e-01 8.572047791310969389e-01 8.600097995347549817e-01 8.659916302840107161e-01 8.468565924017905644e-01 8.527745588190439596e-01 8.575977153313698587e-01 8.595096644148146892e-01 8.531132457968653160e-01 8.642545613367192958e-01 8.622452762323445929e-01 8.521762033804807235e-01 8.610609282914918339e-01 8.525725543401323492e-01 8.685379290720671719e-01 8.668373892030323269e-01 8.589810450494440586e-01 8.652178169759412452e-01 8.664073951940359786e-01 8.449913864599798430e-01 8.638296962936581336e-01 8.592615226386804972e-01 8.497564953623655271e-01 8.605331345156025380e-01 8.596082320672685517e-01 8.392251655416196332e-01 8.486438287973243622e-01 8.487964550051704249e-01 8.504056998008490131e-01 8.451283631823838238e-01 8.551619269117182176e-01 8.121525804575966401e-01 8.368125719141410457e-01 8.395013418386145787e-01 8.366398421690387499e-01 8.397470021486780345e-01 8.422422382876276759e-01 8.455617017289533965e-01 8.426770682403800228e-01 8.449579569185181604e-01 8.468024156733474639e-01 8.463552445372687361e-01 8.568426642113918801e-01 8.544745230442840622e-01 8.485888055763012305e-01 8.351577856771852382e-01 8.528663143344460407e-01 8.451066915863599815e-01 8.523539183654526008e-01 8.536754525655593229e-01 8.522469054606612859e-01
4.328713804480911753e-02 1.598621987867785976e-01 2.774593194191495305e-01 3.698838072706693847e-01 3.654223382705267809e-01 4.479751681145469622e-01 6.300029961260825706e-01 5.971046827288630787e-01 7.089272203381067339e-01 1.000000000000000000e+00 7.108486746565862990e-01 7.318340424269871303e-01 6.992965203233753035e-01 5.614419790046354386e-01 7.577530374995034013e-01 7.507088934915918665e-01 7.049954700815880271e-01 6.606679009067479846e-01 6.926248030825969959e-01 5.868305878998582026e-01 6.339746216775048460e-01 7.279697672408836917e-01 6.954470534255771108e-01 6.402183385914987923e-01 6.640081609594684631e-01 7.478248321251632635e-01 7.636757032662642164e-01 7.354167834378938506e-01 6.891264557003302649e-01 7.277894689075200541e-01 7.930818248329535303e-01 7.744934925332730424e-01 7.186794940710472535e-01 7.420390829337746297e-01 7.421169590703388108e-01 7.414078297738142531e-01 7.580224536714673667e-01 7.719779165679284683e-01 7.837449331065948765e-01 7.385400848679752883e-01 7.992493067578957389e-01 7.856318502341064214e-01 7.768540105728390932e-01 7.982257100367767810e-01 7.833960693650512397e-01 7.867818669878008375e-01 8.052424742829561444e-01 8.146825002682056560e-01 7.995470900871566311e-01 7.540391617247798051e-01 7.820383955002373488e-01 7.653885300212686094e-01 7.889200003507365055e-01 8.093287810140420424e-01 7.971396370219381300e-01 8.024169745886923222e-01 7.727033356081948190e-01 7.994266832328404959e-01 7.957650795581131531e-01 8.048766835616237847e-01 7.969208253812944953e-01 8.021801069813853102e-01 7.879718620633932025e-01 8.029021161908166393e-01 8.064638544207434201e-01 8.012272958023898273e-01 8.127531422998583999e-01 8.044655098095523371e-01 8.073197697333875933e-01 7.831328713855620904e-01 7.963505056526978265e-01 8.057714822991201009e-01 7.882982387252980283e-01 7.929598186072480681e-01 8.128463551159222922e-01 8.109015223813436091e-01 8.069544547278173496e-01 7.955559304775737806e-01 8.023631107905681015e-01 8.102375387714104704e-01 8.073435267211963584e-01 8.154604825882669772e-01 8.123582992216419330e-01 8.071324594223892035e-01 8.047981413877469681e-01 8.046357765141126661e-01 8.116962815027353173e-01 8.128573253476707450e-01 8.114384704008889004e-01 8.134169370912839314e-01 8.076408944742062834e-01 8.091723856002537296e-01 8.120256820842676193e-01 8.114847841292918140e-01 8.143666198333845418e-01 8.177599341720830362e-01 7.799762025576213453e-01 7.894100403404239463e-01 8.054706016438201166e-01 8.043958734061759097e-01 8.068953934957783236e-01 8.020866020746461045e-01 8.026794332152558109e-01 8.078254883396526198e-01 8.061440405043759361e-01 8.006470121692493835e-01 8.093439103515379651e-01 8.188839524998106079e-01 8.151228161113170945e-01 8.108685485862845432e-01 8.079650602935068981e-01 8.137213215377130382e-01 8.101352733257295435e-01 8.101702394541366870e-01 8.127224501840636384e-01 8.101227121035607937e-01
5.412477852193055966e-02 1.565450556779388880e-01 3.839990650553460894e-01 5.111409080078169742e-01 4.474732940899300293e-01 5.078450771008470310e-01 7.471436688726027509e-01 6.996830080404180530e-01 7.840166835852048210e-01 7.108486746565862990e-01 1.000000000000000000e+00 8.426335684631558465e-01 7.637929280470707738e-01 6.156770190825873179e-01 8.512058171076760660e-01 8.387191974296852592e-01 7.813255299323201841e-01 7.552791424505821416e-01 7.725352442447973589e-01 7.212525213574981775e-01 7.624950500734912762e-01 8.157194402211234152e-01 7.890216583387310578e-01 7.405047414177149401e-01 7.391526456772008480e-01 8.349292326518982232e-01 8.337872616023225270e-01 8.302325868228448424e-01 7.741750778359162144e-01 8.179209566738001591e-01 8.688677575377491413e-01 8.687813255747537378e-01 8.029099183503334292e-01 8.416595151922534601e-01 8.275691151506258114e-01 8.369342812322688729e-01 8.546329923189702749e-01 8.663788900198740039e-01 8.745066328656355692e-01 8.441603714927841118e-01 8.759751798394428413e-01 8.670756953599919603e-01 8.677207622235655338e-01 8.805282427051296379e-01 8.739240363007524381e-01 8.682417993741633477e-01 8.794609944764979481e-01 8.792785309318204012e-01 8.806074245246600096e-01 8.642681608590602194e-01 8.740493271417081322e-01 8.578221839260221637e-01 8.673443177683091143e-01 8.753724133428281151e-01 8.741457949042844566e-01 8.775175046710809168e-01 8.582026380997588300e-01 8.805801728478845902e-01 8.723396166270478425e-01 8.771750601129226776e-01 8.811012687622115092e-01 8.728086573555519090e-01 8.674935858573312730e-01 8.751427534165450162e-01 8.752352613531978465e-01 8.804972322995665568e-01 8.836524377253257567e-01 8.801443229622877285e-01 8.847723264622707751e-01 8.817017041618253614e-01 8.777364566499723519e-01 8.773246821727487266e-01 8.715339999478939337e-01 8.689292194935100966e-01 8.859003791803753414e-01 8.832142049343425505e-01 8.798745023922767139e-01 8.663120641875755590e-01 8.752659039895671622e-01 8.778812044191216524e-01 8.788915795490606087e-01 8.837133686205359551e-01 8.854660957001353472e-01 8.782122100454299307e-01 8.827442613785325687e-01 8.840893219322794039e-01 8.845682477649511322e-01 8.852394735763686739e-01 8.855408771263554302e-01 8.847724283094818842e-01 8.835711735083139340e-01 8.874302976718019265e-01 8.848532804255313522e-01 8.842794617641965838e-01 8.823674963841209307e-01 8.837149225019633736e-01 8.664805456140473039e-01 8.692191580875490153e-01 8.807298098843219236e-01 8.831083004834944239e-01 8.833415050198616392e-01 8.798099544878698053e-01 8.758764300511384659e-01 8.839779833413876631e-01 8.848245398209479973e-01 8.751284597050595915e-01 8.815956828887245855e-01 8.817565066647031768e-01 8.836379589175521465e-01 8.831119165648204650e-01 8.806799762123260766e-01 8.805476846251185652e-01 8.811458420458745389e-01 8.808658320960590649e-01 8.808232865260189337e-01 8.788826681212826841e-01
1.480035045637513071e-02 1.142058097453319682e-01 3.852902470693316817e-01 6.344020794383442574e-01 5.020880118437299755e-01 5.402455569475360653e-01 7.966797792807249756e-01 7.657676912035362715e-01 7.850646112823154166e-01 7.318340424269871303e-01 8.426335684631558465e-01 1.000000000000000000e+00 8.068904796201566976e-01 6.345386600602429539e-01 9.003297774247021046e-01 8.987103158301771311e-01 7.887561776960965165e-01 7.384388628887972317e-01 7.523849001916322887e-01 7.939048918429026935e-01 7.708750253518716899e-01 8.078342339572575082e-01 7.712991717455711660e-01 7.228940963950682974e-01 7.112832736194807381e-01 8.297381348912952204e-01 8.333107362571191556e-01 8.297711350219203474e-01 7.331165865203286280e-01 7.873589769888510448e-01 8.644219694455198555e-01 8.749007865218226820e-01 7.777095012701183974e-01 8.388501610492592464e-01 8.008944630157642797e-01 8.562177802957861017e-01 8.359608080660871909e-01 8.934362485605867876e-01 8.867552154937297093e-01 8.805225095547846159e-01 8.885589170747314469e-01 9.070823532604483930e-01 9.126123371231589232e-01 9.141795612274773442e-01 9.030493243317156971e-01 8.961647389890006199e-01 9.058842612508155590e-01 8.957093048100152055e-01 9.105682695215391309e-01 9.019527919608985034e-01 9.148383021875378107e-01 9.055670911773100462e-01 9.114012185803106458e-01 8.907606385711787089e-01 8.885633953726023160e-01 8.839366937795466450e-01 8.919756865254688805e-01 9.129344183599398255e-01 9.044752917967927575e-01 9.076730344465605560e-01 9.254662547454580723e-01 9.054035518521833525e-01 9.075080360729540496e-01 9.108142416550020215e-01 8.985648472540845866e-01 9.091939706767563356e-01 9.028382992732010282e-01 8.931726040577404602e-01 8.989493664921119898e-01 9.206943276253167774e-01 8.940793661135678638e-01 8.889405646721511012e-01 8.855074095853148197e-01 8.783220931516858565e-01 9.031957905447959289e-01 8.951731194282720461e-01 8.931975592376836248e-01 8.605466734611408874e-01 8.851800895467262231e-01 8.807292708843033058e-01 8.795794805555250395e-01 8.981931612727117598e-01 9.016571331783683751e-01 8.785903601031390675e-01 9.108228832539764230e-01 8.994359784795896706e-01 9.023458599837836935e-01 9.087617101653340246e-01 9.017798884048262575e-01 9.007203771892929867e-01 9.104493981081018816e-01 9.151563212776191447e-01 9.101898524919871392e-01 9.094567351653345399e-01 9.081645828304525381e-01 9.049830392080012720e-01 9.180584217389857749e-01 9.068500342718864848e-01 9.215107992440242368e-01 9.173138836370196003e-01 9.179650715251855830e-01 9.154019792369293418e-01 9.129525180238380333e-01 9.198013912577728268e-01 9.185486842887561343e-01 9.080227551157906696e-01 9.098005990351540895e-01 8.977577269538673521e-01 9.039316741294616264e-01 9.124288315067609068e-01 9.140274680830837717e-01 9.102009949960332413e-01 9.124528728428558111e-01 9.089675579999846322e-01 9.069565062202216144e-01 9.083427518407041212e-01
2.976095480331272802e-02 1.038074676333471391e-01 2.970131419167857945e-01 4.900944539564656699e-01 4.805813818193120368e-01 4.777124988665662486e-01 7.010922861867217026e-01 6.869179203118629395e-01 7.232422951707454528e-01 6.992965203233753035e-01 7.637929280470707738e-01 8.068904796201566976e-01 1.000000000000000000e+00 5.976743808956037629e-01 8.206964137946992643e-01 8.205414321346273798e-01 7.347323476543325960e-01 6.865876023936848815e-01 7.049263966593218855e-01 6.978861405670383489e-01 7.035802333243847961e-01 7.501456053549547809e-01 7.172721463205750103e-01 6.789391453243766028e-01 6.726926563015332983e-01 7.647711858982086941e-01 7.711423186747118352e-01 7.540674455495133266e-01 6.792707523782260948e-01 7.277791580911990854e-01 8.005989155381303402e-01 7.995342440842686527e-01 7.022426275431080667e-01 7.647289258910453524e-01 7.410389175437939180e-01 7.682090522380864428e-01 7.640736733687001347e-01 8.039748639504221694e-01 8.046757533720478861e-01 7.806548380862661229e-01 8.198790098959939376e-01 8.276762946485628492e-01 8.226859895163217695e-01 8.360778609509721404e-01 8.211264737421389848e-01 8.140717069146787832e-01 8.415721094665988833e-01 8.327589215932355016e-01 8.356593641660654548e-01 8.069103905960263168e-01 8.219456475014081942e-01 8.200746849605865529e-01 8.354643042151330690e-01 8.313418401925926071e-01 8.262919858885607871e-01 8.234516760108115951e-01 8.168047448905226826e-01 8.413702653131656106e-01 8.320910198725680607e-01 8.407920872514866861e-01 8.412833208042547195e-01 8.373222976809765461e-01 8.291233709661607332e-01 8.359579138409336529e-01 8.347442831016410603e-01 8.403676227609800931e-01 8.408156669441929632e-01 8.327172383513765652e-01 8.341498813432555171e-01 8.405965002977194844e-01 8.286663245643922648e-01 8.282337608839928089e-01 8.248698539155643328e-01 8.219735056689397856e-01 8.386689776346457625e-01 8.308241753307167299e-01 8.258617239435336321e-01 8.001183633986725940e-01 8.210750701719813360e-01 8.209664113680016362e-01 8.195144635264983712e-01 8.330391293628723881e-01 8.349661943039131673e-01 8.117775334439929491e-01 8.340119850640270727e-01 8.309564226525276709e-01 8.319909883311552568e-01 8.389668070225924090e-01 8.314896594104265182e-01 8.388988991331288725e-01 8.332860541583315683e-01 8.420163854173549067e-01 8.409814673656833550e-01 8.408782781231705084e-01 8.428569421719891430e-01 8.403054467979307329e-01 8.390806177662373244e-01 8.360467846137684678e-01 8.473881727846640510e-01 8.405406775711401490e-01 8.424553410798623077e-01 8.451467511032868529e-01 8.455274577570245365e-01 8.482649911311572755e-01 8.459235362462242946e-01 8.414369537689933010e-01 8.446280637831308225e-01 8.373489210913407366e-01 8.406883392380293252e-01 8.446855665241923550e-01 8.448146154094926530e-01 8.476173976389266285e-01 8.453337230258334278e-01 8.422335420057873723e-01 8.426985077590343209e-01 8.441192132536994297e-01
