1.000000000000000000e+00 1.937162244298696601e-01 2.408915392211772311e-01 1.786987953089163861e-01 1.211718510204232574e-01 5.568361029059185757e-02 1.734034531890986941e-01 1.871936752151499850e-01 3.093035214763316665e-01 1.152932047159305889e-01 1.579306165567603004e-01 8.297242570075488710e-02 -5.226923775625511720e-02 -1.112437020446963715e-02 5.042682026556988273e-02 5.510809414597094003e-02 2.173978102364644005e-01 3.697245154620615870e-01 1.939788169473865842e-01 2.111772815360329347e-01 2.608502881071164681e-01 1.587588900947692339e-01 2.725125308744956176e-01 2.893620968670074789e-01 2.309665699404049588e-01 2.399174005933340792e-01 2.344620870993662787e-01 2.204383649943586487e-01 2.593506542026649542e-01 2.672530894291895165e-01 2.012482127723866643e-01 2.030741150473696910e-01 2.040768948131581328e-01 2.226657951807450020e-01 2.349798344207741085e-01 2.371292142613253828e-01 1.715918914508231807e-01 1.659169781634081964e-01 1.613056948038815996e-01 1.007272488262889176e-01 7.858614087333387621e-02 6.251903983343194693e-02 5.309444515225292260e-02 1.032083632338750140e-01 9.967887993187096729e-02 9.827303255207377186e-02 3.372994403113432904e-02 5.264308765733268641e-02 6.267729519480783051e-02 1.340975853941687168e-01 1.230594875502647595e-01 1.185765970879198578e-01 8.225817492058537517e-02 1.050265224881257731e-01 1.058292853985153270e-01 1.067108754941170357e-01 1.254165257008802714e-01 5.561682902825980379e-02 8.878014807619989679e-02 8.547671032808486224e-02 5.143301754788179303e-02 8.364789091812740995e-02 8.850902832718762769e-02 1.101622799147895376e-01 1.301747780111308095e-01 1.180689595842965289e-01 5.962946397619970501e-02 1.067358577087663546e-01 1.156826337613315464e-01 1.059978117245275464e-01 6.642970149670708591e-02 6.889101999119311148e-02 1.213880328700647770e-01 1.111876927605616738e-01 8.320366007670268460e-02 7.612199345912416815e-02 7.044804018873156159e-02 1.090197648858701462e-01 9.923143393138056378e-02 1.162954125725505911e-01 1.048136476365288949e-01 8.566530750988660126e-02 8.412201675252770072e-02 9.655859237384918636e-02 5.902446477855613494e-02 7.723210979359336481e-02 7.285930488171486752e-02 4.317356835816434785e-02 6.705482890754795033e-02 7.709065275709754694e-02 3.364622526662455759e-02 2.197713603487088177e-02 4.404112668693041521e-02 4.471692506195670824e-02 2.380960874311480874e-02 2.906306887985526596e-02 2.561232565999010252e-02 6.562561693638872817e-02 4.089800630000029608e-02 3.939758954561404375e-02 7.529215999943982343e-03 4.406413273035778011e-02 3.403313581751942624e-02 3.851484608041554070e-02 5.936982321959392850e-02 5.277196377201887056e-02 4.206141463005718534e-02 4.658512198285137684e-02 4.900552968670104231e-02 3.496163367389477916e-02 3.133240891114034282e-02 3.602756237914402082e-02 3.258769501208716446e-02 3.995270272503636394e-02 6.780150419241759430e-02 5.880610284534391191e-02
1.937162244298696601e-01 1.000000000000000000e+00 1.568183152899783050e-01 1.289535129601143415e-01 5.236639918567421309e-02 1.098677357929594006e-01 1.402696079186406541e-01 1.256996321593872590e-01 2.498419534711505963e-01 2.462978523608082004e-01 1.943110344439940018e-01 1.564662272765930673e-01 8.523061133997017480e-02 1.185160502498674856e-01 1.254897687978617504e-01 1.253075911634056183e-01 2.121536756890868847e-01 2.166255708614105435e-01 1.790223353428511133e-01 5.917215457002238804e-02 9.554107750767851237e-02 1.164592832651640680e-01 2.735018860577844713e-01 2.156448061673975070e-01 2.017912252104499538e-01 2.588096771120261264e-01 2.357346314066769699e-01 2.449769379874447428e-01 2.445880727625426021e-01 2.811546606208831789e-01 2.538934308343630541e-01 2.261638768171654601e-01 2.270937837650683633e-01 2.159322430564645512e-01 2.531292463273863702e-01 2.259009583583543312e-01 2.283690664247770286e-01 2.160068916903749858e-01 2.229057648172538264e-01 1.870969504659879268e-01 1.868204628672998358e-01 1.648611567621686980e-01 1.456147524618971456e-01 1.719600657874872651e-01 1.816117014242517869e-01 2.086792580693470345e-01 1.540768604989718182e-01 1.752810993012620944e-01 1.652203971477851641e-01 1.668677944782780420e-01 1.696928914461200422e-01 1.144083199981864724e-01 1.535075612669879741e-01 2.060652520478382377e-01 2.047163905033297648e-01 2.046543602411698970e-01 1.809981728169695880e-01 1.648643361003072627e-01 1.853800547136058574e-01 1.654406473972596381e-01 1.511337902202760652e-01 1.753319078305847212e-01 1.845750925052002667e-01 1.688883767550912740e-01 1.736554095811623233e-01 1.766964492320251823e-01 1.751579944107281572e-01 1.922114269238294204e-01 2.132967210535359481e-01 1.485192582142357831e-01 1.381526850268488815e-01 1.679417310615817505e-01 1.924312494530825701e-01 1.804539558927529264e-01 1.889181620601990130e-01 1.852729797470896445e-01 1.841441087114967234e-01 1.912549413452278302e-01 2.022706090916760180e-01 2.083398691989230278e-01 1.994371568586136290e-01 2.040552629845340249e-01 1.886575787288642947e-01 2.118754519140681192e-01 1.753828432723995301e-01 1.787790919513808086e-01 1.830202740581885201e-01 1.709821586944388072e-01 1.878854632001274172e-01 1.893687534451297394e-01 1.672262421718468672e-01 1.574435961826655683e-01 1.667862239257351942e-01 1.720613190508867851e-01 1.577351130220649711e-01 1.690868404360609534e-01 1.401252265276913822e-01 1.514618190859956803e-01 1.636584157555821817e-01 1.610252550658620441e-01 1.431757094706606614e-01 1.612229666417540896e-01 1.492576981419757587e-01 1.481090046348733646e-01 1.449355037622890863e-01 1.727487092766824828e-01 1.627069370699318063e-01 1.817333737587411846e-01 1.772798461367177114e-01 1.600365735106419884e-01 1.692364202854316213e-01 1.567980468601057886e-01 1.675863654586109142e-01 1.562492593167288946e-01 1.623070723432066820e-01 1.625774913157532475e-01
2.408915392211772311e-01 1.568183152899783050e-01 1.000000000000000000e+00 3.587083423383432557e-01 1.621073488394166595e-01 2.411499130327421914e-01 3.422517579870366089e-01 2.792183161519656287e-01 3.966592988133649245e-01 3.225816573242004104e-01 4.045481735315824001e-01 3.757437902589989553e-01 2.401957269498681824e-01 2.954613184260997949e-01 3.341100477675704727e-01 3.155752595268893623e-01 3.821755512998477600e-01 4.552540343474676399e-01 4.320927436404645716e-01 2.647050882833769103e-01 3.810351004032339617e-01 3.947535249514909639e-01 4.803313678303121059e-01 4.654122292622141499e-01 4.615923804815602050e-01 4.901755491500233708e-01 4.945848388833962161e-01 4.823518651779211130e-01 4.789665486336289746e-01 5.044690247111335291e-01 4.850584802904451820e-01 4.549627742086758686e-01 4.664256822006117575e-01 4.740752182971578743e-01 4.760059355510357637e-01 4.448700717203425969e-01 4.514206477897619307e-01 4.362534311561939160e-01 4.375207600983062606e-01 4.115894477561010678e-01 4.043390965489508382e-01 3.936906615087770178e-01 3.667467135365115594e-01 3.943213152450116832e-01 4.130533901557391641e-01 4.160024042761943375e-01 3.468768202006806134e-01 3.706515814519958374e-01 3.555362332148121474e-01 3.986255005187708811e-01 3.981534023598336525e-01 3.657180053975930822e-01 3.715834835457162422e-01 3.915955525609482457e-01 4.020542986823943954e-01 4.220314255757463551e-01 3.755039055853400809e-01 3.620423093811027115e-01 3.824769403640261300e-01 3.650318497259042450e-01 3.612948539295582351e-01 3.651961263113379652e-01 3.812370030815356858e-01 3.691705879729785256e-01 3.892745269418519949e-01 3.778965313997976749e-01 3.690801034008877046e-01 4.146871389167289257e-01 4.153657523765006410e-01 3.762661107903301771e-01 3.770901626094317893e-01 3.991848406493812562e-01 4.140462213537481340e-01 4.228963130159961725e-01 4.095714525284388507e-01 4.013855188010182484e-01 4.037000543909607941e-01 4.136998642733302756e-01 4.179860802375858775e-01 4.241716523116686455e-01 4.172477162483579360e-01 4.170694473352768439e-01 3.853859715403422648e-01 4.149291905092848398e-01 3.796261715702210493e-01 3.936313474935886347e-01 3.975181475674375853e-01 3.715233669287856810e-01 3.926013763804568346e-01 3.858661039853067964e-01 3.774019810250317519e-01 3.653273324051773963e-01 3.826765164671860897e-01 3.810807901656660945e-01 3.489675787307043864e-01 3.551134998457268765e-01 3.382781291379571287e-01 3.387545900034665824e-01 3.531590894125721247e-01 3.597697630800440471e-01 3.444515024818153304e-01 3.504525730399799532e-01 3.497839597186607752e-01 3.562527856581927943e-01 3.586718312266095610e-01 3.448772455018683791e-01 3.523342634294914788e-01 3.659475545712851940e-01 3.691774492819765996e-01 3.525368184229725754e-01 3.550696488959968478e-01 3.459343435263264599e-01 3.531631825482507425e-01 3.427130142905946975e-01 3.669507903121765890e-01 3.439973811238163925e-01
1.786987953089163861e-01 1.289535129601143415e-01 3.587083423383432557e-01 1.000000000000000000e+00 3.825810888634565976e-01 3.929482083113481350e-01 5.832780480847864490e-01 5.730819806462893462e-01 5.699759934167202280e-01 4.843506678836254076e-01 6.010481434676886447e-01 6.627434243180474471e-01 4.801503200996484200e-01 5.148266574101821869e-01 5.928762827316523820e-01 5.933153362575321887e-01 5.856795576357498589e-01 5.585210019840691764e-01 5.707053445022465255e-01 4.863441445255685669e-01 5.856338471121462774e-01 6.005217030950136259e-01 5.623352808029440375e-01 5.525309075483658683e-01 5.899435311821529249e-01 5.872630205254570912e-01 6.083216545658109986e-01 6.057762210723323104e-01 6.089478778150753113e-01 6.037850937345141666e-01 6.285250601868861420e-01 6.445752352046192346e-01 5.769615038180784250e-01 6.194806874941076735e-01 5.923196021590211302e-01 6.245929325691943479e-01 6.059593157497853433e-01 6.230485063907523768e-01 6.214755156163297434e-01 6.250018031382925665e-01 6.206144890129117186e-01 6.274171686703180484e-01 6.386310672842226976e-01 6.414641107554186483e-01 6.349673033909807307e-01 6.197100664142702886e-01 5.964290810334968995e-01 5.882516260675854092e-01 6.039744710683474516e-01 6.244617415389417392e-01 6.314876190183676963e-01 6.510684802917694469e-01 6.275651046674854960e-01 5.955983743673174402e-01 5.993123518654694948e-01 6.069564228259691774e-01 6.102638170073626522e-01 6.002643190739607171e-01 6.036250619947689522e-01 6.023922521725751933e-01 6.136770238236413100e-01 5.957626773881473659e-01 6.070477241331022622e-01 6.112880335420480815e-01 6.155771578021750345e-01 6.196078216218714463e-01 5.972030373722626573e-01 6.199715460729503524e-01 6.133516305989253903e-01 6.383573522022795155e-01 6.311067434598582881e-01 6.248567687708531659e-01 6.169165735302056808e-01 6.267313161158855062e-01 6.163920961119330189e-01 6.217188173962839848e-01 6.144070022256881147e-01 6.260824083998799416e-01 6.285571968246845831e-01 6.321670860340501408e-01 6.230146465756863927e-01 6.136319595000833127e-01 6.212353954726468341e-01 6.060561626670470936e-01 6.226745498438968074e-01 6.146155608350055699e-01 6.178876389175391726e-01 6.096401156051528547e-01 6.199314190314958450e-01 6.193417248341490655e-01 6.220109147327921306e-01 6.091392293949176029e-01 6.203125571235551527e-01 6.229288653759530447e-01 5.903232104026339133e-01 5.907599484253193145e-01 6.279462200321941356e-01 6.185201941031138739e-01 6.135096385122784657e-01 6.113693811935784206e-01 6.198183493729845228e-01 6.129054166943970205e-01 6.082676516000289357e-01 6.135927172924160455e-01 6.264339219118345570e-01 6.026029463126131303e-01 6.077274199420689138e-01 5.895568746446913089e-01 6.065030796221418941e-01 6.002092502334077651e-01 6.003936163721319552e-01 5.889306735060999554e-01 5.976413665681274967e-01 6.049229647562456291e-01 5.973804460340123024e-01 5.954674638028452094e-01
1.211718510204232574e-01 5.236639918567421309e-02 1.621073488394166595e-01 3.825810888634565976e-01 1.000000000000000000e+00 3.172982067781016657e-01 5.032830196644216825e-01 5.330771354949507268e-01 4.498658302882513893e-01 3.680593504086316914e-01 4.371302970263888366e-01 4.893635020892064813e-01 4.676940816555402725e-01 3.998494574535891299e-01 5.134646451485666008e-01 5.260931246199983535e-01 4.571915948581527500e-01 3.649808290640104702e-01 3.593494811550686507e-01 3.728823965817210095e-01 3.741025466575280678e-01 3.893032660867312700e-01 3.556959602093838213e-01 3.724756244106269265e-01 3.690059907438597020e-01 4.005096231365853909e-01 4.116597158642529286e-01 4.033397421636779057e-01 3.959720715680988268e-01 3.856188386485370767e-01 4.190291137657592424e-01 4.562480543492937191e-01 3.791325464389063149e-01 4.311279111113911489e-01 4.003658361146493760e-01 4.614220683310653048e-01 4.169662084399335944e-01 4.438045477282738238e-01 4.500683584266635950e-01 4.255274101015275590e-01 4.644352553275756801e-01 4.747548189821916842e-01 4.867916279597962470e-01 4.998790945589756674e-01 4.617680858216635653e-01 4.532180542955934754e-01 4.812106667088418277e-01 4.630551863210168873e-01 4.749924935167531559e-01 4.527989353195767674e-01 4.734856281063833383e-01 5.012531305939513793e-01 4.881827973175380531e-01 4.687001093735275181e-01 4.523653854661191520e-01 4.467882177041580527e-01 4.746464606651686902e-01 4.887471095727739523e-01 4.653405797797496857e-01 4.963109192493501687e-01 4.901518006589357657e-01 4.804023853532862209e-01 4.708308277533390651e-01 4.938703135058084004e-01 4.822764545629505961e-01 4.884540417739224316e-01 4.739344104643409272e-01 4.631237002744741926e-01 4.661365101460083205e-01 4.860196567483304753e-01 4.657915029274431462e-01 4.630381837975985349e-01 4.653983221901337175e-01 4.571523294303607710e-01 4.622618676613468591e-01 4.661047115976517108e-01 4.604299351666129581e-01 4.589191793962563715e-01 4.612009294960717765e-01 4.651707621488427868e-01 4.591532866210591979e-01 4.532686487892793048e-01 4.674286511327434002e-01 4.477711083664267511e-01 4.677845785857799865e-01 4.657550881980496160e-01 4.612239803665598714e-01 4.678388799305601697e-01 4.653117081221992413e-01 4.699589645706181984e-01 4.615488746777357543e-01 4.735307884563495495e-01 4.702369996543180886e-01 4.700420631646801684e-01 4.741722155798945848e-01 4.675112923269981735e-01 4.766017999120393811e-01 4.866389464720277114e-01 4.797705550633133420e-01 4.715605448853466553e-01 4.796020001956605716e-01 4.789781971892455026e-01 4.829350984581620154e-01 4.885582850187092374e-01 4.890489573506459631e-01 4.743474661332589548e-01 4.766025830714217260e-01 4.680160479583366784e-01 4.693421989518467563e-01 4.810586296835751563e-01 4.663181681987991212e-01 4.791280012825771539e-01 4.733289326789587026e-01 4.841543360087107173e-01 4.713089598357637078e-01 4.825509692561360531e-01
5.568361029059185757e-02 1.098677357929594006e-01 2.411499130327421914e-01 3.929482083113481350e-01 3.172982067781016657e-01 1.000000000000000000e+00 5.199291255620677177e-01 4.930861646559773215e-01 5.266566336007004745e-01 4.852552219192152738e-01 5.333007180447427720e-01 5.671118755496290520e-01 5.049503259163429236e-01 5.336515068359184433e-01 5.920035001062929902e-01 5.762845268403805621e-01 5.222288532783700976e-01 4.107912012315738104e-01 4.790309384123680458e-01 3.648023983265973880e-01 4.044194412390659243e-01 4.798510002206642366e-01 4.889992175760794479e-01 4.514704334487902870e-01 4.784843399015826226e-01 5.383303359020034096e-01 5.344852503924285569e-01 5.475138021453326287e-01 5.201225981909695095e-01 5.055242222778719707e-01 5.535958752730768540e-01 5.636196747955393160e-01 5.319251767231930605e-01 5.465677624495428599e-01 5.255559259791287019e-01 5.285435643011364704e-01 5.416244621473993437e-01 5.799401253304966586e-01 5.794657933361035962e-01 5.694257235132842432e-01 5.997556290611960605e-01 6.063801754465064642e-01 5.914133582687292057e-01 6.053178033457469187e-01 5.940169682346884139e-01 5.944785123421618689e-01 6.000868710865564504e-01 5.972330814923173525e-01 5.934081627755238841e-01 5.748033911046772637e-01 5.949202326698592724e-01 5.688419583018086145e-01 5.948025929736509010e-01 5.893979868891812135e-01 5.839912899086994180e-01 5.918048607246280124e-01 5.821149600894972576e-01 5.963381526122294440e-01 5.880800520868544323e-01 5.956943992808740873e-01 6.015246475967973572e-01 5.891724209400790446e-01 5.871354736791362106e-01 5.923441346600913926e-01 5.884557936985960191e-01 5.876238405551990063e-01 6.003078920442702637e-01 5.951823028246149283e-01 5.971440507844085754e-01 5.784182743686944184e-01 5.883177978887033088e-01 5.967203326540156949e-01 5.840870707527390238e-01 5.900896059534430638e-01 6.022117208868627003e-01 5.990539540130584983e-01 6.028729277261287711e-01 5.951449553909805568e-01 5.996737721014399058e-01 5.936095836611338106e-01 5.924297325737081232e-01 5.944121436415831239e-01 6.005081477353579889e-01 5.891142247792033881e-01 5.987094619191694056e-01 5.977568316782150282e-01 5.905111356347441109e-01 6.037302173609322420e-01 6.036669978580393447e-01 5.941132157619433141e-01 6.031780952150338493e-01 6.083798906994434263e-01 6.021412453520350594e-01 6.072147209116189881e-01 6.005939687115237069e-01 5.985409559189437401e-01 5.946073728209390064e-01 5.927726766231166122e-01 6.017346437661015290e-01 6.015974661048856253e-01 6.039687988957925802e-01 5.997515625891821633e-01 6.000159644602426345e-01 6.048792427957584428e-01 5.994176166556584029e-01 5.913123131587171288e-01 5.998181879072727041e-01 5.982182033365888163e-01 6.010102543846407297e-01 5.993862056787173653e-01 5.958449478639787911e-01 5.961178947893922553e-01 5.967518813051194693e-01 5.982459528377920277e-01 5.960584364322010220e-01 5.942808919410756952e-01
1.734034531890986941e-01 1.402696079186406541e-01 3.422517579870366089e-01 5.832780480847864490e-01 5.032830196644216825e-01 5.199291255620677177e-01 1.000000000000000000e+00 7.495815472242198796e-01 7.005181650309502128e-01 6.155854045677749964e-01 6.935343539479624786e-01 7.472075990278347346e-01 5.977582828287504313e-01 6.317041852596861906e-01 8.021466399282107806e-01 7.533837332598174452e-01 7.093577300656305207e-01 6.381703246735261903e-01 6.539670828764009292e-01 5.584436946298609872e-01 6.147321456954676355e-01 6.670368154415194928e-01 6.771550870827572899e-01 6.529743438566759650e-01 6.748312042374874364e-01 7.280697118000531987e-01 7.322277642314509727e-01 7.265654858414333228e-01 7.079967055137549314e-01 6.841393491345221234e-01 7.191512568064661881e-01 7.687227681427754034e-01 7.069706669524722376e-01 7.376471340541198574e-01 7.025184879654905457e-01 7.345924713862175270e-01 6.985618713364718513e-01 7.705668988469155378e-01 7.516237955053431952e-01 7.643599243582260838e-01 7.562417755337712544e-01 7.743416169176038366e-01 7.697270069894595057e-01 7.872158700270754927e-01 7.574203129284992064e-01 7.555851074376342957e-01 7.409417844167478506e-01 7.391242967769522387e-01 7.519975917964477619e-01 7.590505472787503205e-01 7.739498211044942844e-01 7.651941431281084061e-01 7.675403656876321756e-01 7.555201831321152195e-01 7.591778540791932484e-01 7.603117940471680880e-01 7.719291815880007235e-01 7.571890249922456073e-01 7.641799347456690317e-01 7.529027818845949183e-01 7.641746628385021056e-01 7.532653146464139970e-01 7.580428490695062527e-01 7.622841542841340967e-01 7.444136358450954560e-01 7.644014792173423611e-01 7.387933225812973737e-01 7.596078727377203466e-01 7.606183200314268200e-01 7.541593459803241917e-01 7.438208486863510105e-01 7.548171022891230209e-01 7.527195631172393098e-01 7.553267864866142212e-01 7.558524800342559802e-01 7.511587444907943389e-01 7.533199005024402428e-01 7.534896126582560916e-01 7.551714105133617849e-01 7.581188853897433688e-01 7.476215799671352968e-01 7.360391146806185558e-01 7.540149784045074854e-01 7.392591011070128726e-01 7.521302649959603626e-01 7.456944445770444796e-01 7.388227999326153483e-01 7.529284480113458411e-01 7.541231977606907000e-01 7.621869989702818593e-01 7.558707724896159830e-01 7.508021613049793430e-01 7.514568299680101093e-01 7.593171165931256184e-01 7.366291022966336977e-01 7.351715875852915527e-01 7.589021544956626730e-01 7.537554492647352555e-01 7.576159887459732456e-01 7.498616779458540105e-01 7.543950814417432760e-01 7.553983507139838682e-01 7.452623244828600058e-01 7.565797421938104117e-01 7.575087665953369465e-01 7.515508248124715962e-01 7.501800456574665432e-01 7.398196947809225765e-01 7.567044403012946896e-01 7.434903485371755494e-01 7.457673044952352059e-01 7.318160941464280089e-01 7.454081343411168570e-01 7.433361223164599574e-01 7.289598017581999656e-01 7.403709194030113627e-01
1.871936752151499850e-01 1.256996321593872590e-01 2.792183161519656287e-01 5.730819806462893462e-01 5.330771354949507268e-01 4.930861646559773215e-01 7.495815472242198796e-01 1.000000000000000000e+00 6.944116972812914845e-01 6.055313188820801162e-01 7.007981163420722304e-01 7.454051645713155594e-01 6.161068533686633319e-01 6.221374881084902331e-01 7.659414066916400143e-01 7.768015082203127974e-01 7.174077106625761369e-01 6.486311229864037964e-01 6.500850224063916549e-01 5.925233875029622954e-01 6.484838194424706881e-01 6.719068839510422553e-01 6.444795657808307654e-01 6.348729431011387314e-01 6.554258145649621836e-01 6.859811617825123387e-01 6.945171038800909136e-01 6.877442612512898457e-01 6.668026392236320321e-01 6.564503174808259400e-01 6.962486497561791721e-01 7.595653067194183539e-01 6.712787700490613352e-01 7.264299394008111310e-01 6.880246759601750250e-01 7.370983622492326415e-01 6.906947965461309735e-01 7.551021039472635143e-01 7.383495053394194541e-01 7.457955063681181995e-01 7.409049885382128497e-01 7.611971789442676384e-01 7.693853458535910850e-01 7.799099830650814136e-01 7.437847486940057928e-01 7.360288368931786618e-01 7.445138379157840713e-01 7.319904191427015760e-01 7.523301821465693262e-01 7.651464300837442778e-01 7.733354809131839369e-01 7.814348236203325637e-01 7.647503687762494673e-01 7.389129408885977135e-01 7.398072158626048944e-01 7.387446775396609988e-01 7.614671206300679396e-01 7.573953163651483411e-01 7.555228684069992262e-01 7.505698686021764487e-01 7.580861863268221201e-01 7.452384044681427122e-01 7.512612624805908856e-01 7.583918895036364516e-01 7.441846721769664885e-01 7.625371792095582135e-01 7.364684064483340009e-01 7.516598392764098913e-01 7.452189090536108784e-01 7.663440208757219541e-01 7.518640759806144436e-01 7.494272397732114621e-01 7.473205292002030875e-01 7.467985463389540390e-01 7.393322248313951572e-01 7.386210449249318577e-01 7.283295174339122768e-01 7.304058117750148460e-01 7.448820048059205945e-01 7.480492798319827719e-01 7.353295679205514856e-01 7.246683869440718739e-01 7.461346446458455572e-01 7.211613592122657623e-01 7.517770710025024616e-01 7.458965187600249402e-01 7.362167571031974500e-01 7.439121371063476262e-01 7.455733004119690088e-01 7.505017774896229898e-01 7.430450096605135668e-01 7.411201014723811653e-01 7.449933662110822530e-01 7.475111498257568377e-01 7.341394490460608768e-01 7.325075719054457979e-01 7.578676867096915126e-01 7.586380056950718931e-01 7.560850062601045529e-01 7.485784518809325272e-01 7.508687876071196143e-01 7.533851774497635212e-01 7.463629678585586014e-01 7.563213821261990377e-01 7.595935585727028316e-01 7.462778092729295265e-01 7.478174115038931369e-01 7.338812685813327352e-01 7.468862727189752304e-01 7.425337757732352051e-01 7.412829611204380109e-01 7.312529533789464686e-01 7.407682347542244861e-01 7.443365413680613774e-01 7.280313215011322558e-01 7.418720847912440020e-01
3.093035214763316665e-01 2.498419534711505963e-01 3.966592988133649245e-01 5.699759934167202280e-01 4.498658302882513893e-01 5.266566336007004745e-01 7.005181650309502128e-01 6.944116972812914845e-01 1.000000000000000000e+00 7.234929560400982229e-01 7.915049024465751204e-01 8.012262023216851770e-01 6.608208987334073248e-01 7.121569888215070199e-01 8.014169154694931185e-01 7.827308588095682751e-01 8.205916166658193678e-01 7.212627979043534365e-01 7.351638165048328677e-01 5.545748403813137717e-01 6.609114026756169880e-01 7.013344879456646641e-01 7.814199468687029748e-01 7.289115952068978554e-01 7.528303333777074391e-01 8.239930987209846958e-01 8.244030458621232071e-01 8.078558697201240202e-01 7.945067499938865963e-01 8.118398072996528825e-01 8.453814654200624279e-01 8.514861432049096734e-01 7.988504057482722631e-01 8.395698882146372943e-01 8.260592984050721954e-01 8.415989157116496866e-01 8.308465650582056439e-01 8.517220604385720151e-01 8.614702306102162144e-01 8.011572089113989659e-01 8.391682250282151978e-01 8.216735344253460749e-01 8.013222708140188555e-01 8.474534354458203023e-01 8.447860926595172071e-01 8.389898786195607583e-01 8.276098766604312873e-01 8.390840807175269367e-01 8.307474847683191665e-01 8.349780525999043190e-01 8.524257686297427306e-01 8.109792703763187838e-01 8.255510921303181870e-01 8.517018195920275092e-01 8.461594629693969249e-01 8.501165683813375340e-01 8.439538085476198104e-01 8.354389394984264028e-01 8.447762595185327461e-01 8.472872945114745535e-01 8.296478265232962723e-01 8.429428679903621102e-01 8.427003557135389622e-01 8.502858930503939261e-01 8.556684056072865197e-01 8.524689948406808382e-01 8.416011493618674733e-01 8.570946862721290360e-01 8.555792151555712266e-01 8.290756751925119072e-01 8.235480459831004962e-01 8.372934748423371820e-01 8.467702554138469839e-01 8.446310529373972642e-01 8.496668960905479073e-01 8.463630650042877068e-01 8.360054482680330246e-01 8.460724206054701657e-01 8.450672532273069137e-01 8.581605720566612971e-01 8.544517773411229866e-01 8.517907259500767658e-01 8.487621976366094279e-01 8.449728759532730837e-01 8.325089735289487036e-01 8.428409714921302198e-01 8.387410336018392698e-01 8.318192015241088200e-01 8.445585964511796995e-01 8.450255542660606300e-01 8.197532058166379088e-01 8.224787960258490571e-01 8.327261974065828243e-01 8.335188124931997011e-01 8.225506040080431402e-01 8.287254186094195063e-01 8.022484224651206253e-01 8.215052626954523207e-01 8.293218167390007389e-01 8.296636584339622811e-01 8.085361737182693576e-01 8.304595539207308974e-01 8.239711011049549727e-01 8.296541574517247719e-01 8.304190514899110198e-01 8.262050881097502408e-01 8.291885206755478244e-01 8.384673842200099925e-01 8.377273761535996011e-01 8.295230111427699393e-01 8.269565816160101557e-01 8.280869059665499909e-01 8.294436821256725434e-01 8.271185231018783890e-01 8.409297395891222049e-01 8.339322711298727819e-01
1.152932047159305889e-01 2.462978523608082004e-01 3.225816573242004104e-01 4.843506678836254076e-01 3.680593504086316914e-01 4.852552219192152738e-01 6.155854045677749964e-01 6.055313188820801162e-01 7.234929560400982229e-01 1.000000000000000000e+00 7.208474359021944666e-01 7.459914859852421198e-01 6.503725347600026740e-01 6.913408766555948493e-01 7.658260132186468505e-01 7.434833906855393693e-01 7.101852795636912630e-01 5.791402230586741862e-01 6.438294680795199065e-01 4.412125009751962645e-01 5.105714995950081381e-01 6.045022712734618997e-01 6.980170786816314310e-01 6.196573577996664639e-01 6.549590008721882795e-01 7.380175565446431829e-01 7.261163535955504900e-01 7.223366613756198040e-01 6.848259075996198098e-01 7.190560231121029267e-01 7.690410027596019660e-01 7.692421259591790683e-01 7.143159206598579392e-01 7.496562711971258564e-01 7.357118403916325100e-01 7.474602478128477001e-01 7.615762151932053969e-01 7.785337057271504158e-01 7.923445898429082312e-01 7.523123055206064613e-01 7.989244807669485526e-01 7.792845421981901000e-01 7.613103545466405331e-01 7.835204308641879889e-01 7.914985157533681592e-01 7.960560922112607241e-01 7.986685245318494442e-01 8.092638552905170313e-01 7.914210472017116915e-01 7.629754619046559272e-01 7.842595443725408622e-01 7.326347486279317645e-01 7.801335557421334999e-01 8.095197680053202172e-01 7.969581107530396835e-01 8.086160781398382680e-01 7.843556041123782574e-01 7.978128114141697091e-01 8.015297188028396302e-01 7.952129694745320165e-01 7.916813251814112107e-01 8.004513768380441263e-01 8.018912461435554473e-01 7.881230671375087926e-01 7.862340733027073369e-01 7.957464042528882286e-01 8.077916258524974191e-01 8.073150552329789731e-01 8.097520688033379432e-01 7.629674441710154742e-01 7.733130683105970959e-01 7.982025410721304004e-01 7.951658970986862363e-01 7.926384808650412950e-01 8.083346567597533561e-01 8.055438189738657329e-01 7.979110056787477312e-01 7.875581950576329149e-01 7.966089989101206026e-01 8.049853767344431477e-01 8.078455007788584163e-01 8.119976052558743884e-01 8.073327458321482020e-01 8.060600398298403135e-01 7.986131533624705181e-01 8.027276994968873813e-01 8.027200408104978591e-01 8.043419249842121976e-01 8.079843658672771767e-01 8.064254857005295207e-01 7.950108232899369964e-01 7.972109100981972230e-01 8.032126996376882655e-01 8.034178675739322983e-01 8.007340235862743238e-01 8.079491855683365031e-01 7.753124742906004618e-01 7.810155910527409873e-01 7.999869684030191941e-01 7.968010741638198446e-01 7.861285370662024485e-01 7.982972102774205103e-01 7.961119474689122288e-01 7.968558040631424921e-01 7.933565345465317664e-01 7.958327129583621096e-01 8.010315192595028888e-01 8.092498837091420816e-01 8.081559558675546207e-01 8.016143843119288848e-01 8.034450370707139077e-01 8.004453623784972827e-01 8.052855467809887369e-01 7.973176113161138945e-01 7.981374945632319085e-01 8.008340013777327515e-01
1.579306165567603004e-01 1.943110344439940018e-01 4.045481735315824001e-01 6.010481434676886447e-01 4.371302970263888366e-01 5.333007180447427720e-01 6.935343539479624786e-01 7.007981163420722304e-01 7.915049024465751204e-01 7.208474359021944666e-01 1.000000000000000000e+00 8.424615399418817763e-01 6.758374961314019824e-01 7.387525852503661339e-01 8.294006774879305599e-01 7.929575264448365246e-01 7.970751880796682620e-01 7.353874512271376673e-01 7.729122860849881871e-01 5.527554191700528863e-01 6.800027903088881054e-01 7.389910837391925336e-01 7.788026631083394546e-01 7.579181637192083931e-01 7.827760606872656846e-01 8.314778261308967133e-01 8.394523392345779600e-01 8.322741116230036873e-01 8.066138326390227542e-01 8.316109859604631227e-01 8.811391620850265172e-01 8.632115313874155760e-01 8.068873260122437774e-01 8.554116178434757467e-01 8.388777282819481762e-01 8.558274458828416531e-01 8.719601678786564891e-01 8.631065895849066028e-01 8.836883474073193856e-01 8.459541707287075996e-01 8.700928065674410350e-01 8.632407963337418444e-01 8.468429362221923107e-01 8.750255100324305646e-01 8.828113941228565853e-01 8.733792173059090613e-01 8.569210816252653684e-01 8.554152386185506218e-01 8.525089307321547238e-01 8.490748444152900198e-01 8.648203946232998485e-01 8.340743783440169867e-01 8.496190672837787838e-01 8.596126251688986919e-01 8.552777799457392804e-01 8.665236219520597860e-01 8.428347688145133576e-01 8.586638668719280831e-01 8.587939932852673985e-01 8.559778654970670031e-01 8.565941184100699379e-01 8.546904899789513621e-01 8.576807999379326697e-01 8.560629906213340634e-01 8.542737034869836155e-01 8.578878221400936255e-01 8.615554731282879519e-01 8.907298283421403173e-01 8.771831981087767627e-01 8.616347670812055659e-01 8.634345528770789313e-01 8.731349715849443527e-01 8.845803037079139619e-01 8.858276432946180501e-01 8.793957783893512348e-01 8.817412963149491301e-01 8.722313986151605247e-01 8.750103968621754102e-01 8.863069044011018249e-01 8.913652034784564915e-01 8.876522571367063685e-01 8.861930863513771683e-01 8.683694883816317489e-01 8.683401329550197723e-01 8.675920973307340578e-01 8.763808490636951776e-01 8.812532487247215496e-01 8.641185753892441923e-01 8.792758884183727863e-01 8.700389995734820747e-01 8.681431736379100483e-01 8.635913513961654964e-01 8.734500266783929989e-01 8.738909762455341346e-01 8.541533830943459638e-01 8.588436970843790208e-01 8.444796310948885498e-01 8.418446925254525759e-01 8.616556546043925291e-01 8.604318614629888895e-01 8.540675770104235731e-01 8.577939546664226089e-01 8.549384478284941524e-01 8.617056469873541902e-01 8.613142687032714351e-01 8.514482853990982258e-01 8.568898266523790053e-01 8.636668435967382873e-01 8.669340199853873274e-01 8.582410360875019073e-01 8.582544718109786919e-01 8.504909306079038167e-01 8.585823645698535955e-01 8.541946061308210991e-01 8.546179563595462936e-01 8.504763560995408644e-01
8.297242570075488710e-02 1.564662272765930673e-01 3.757437902589989553e-01 6.627434243180474471e-01 4.893635020892064813e-01 5.671118755496290520e-01 7.472075990278347346e-01 7.454051645713155594e-01 8.012262023216851770e-01 7.459914859852421198e-01 8.424615399418817763e-01 1.000000000000000000e+00 7.780545914798721041e-01 8.067268418287913967e-01 9.020883015414935535e-01 8.924145594043434437e-01 8.233644834631512754e-01 6.706864771314886564e-01 7.426986329724212244e-01 5.887798258046903488e-01 6.898118549384836262e-01 7.477411920587367922e-01 7.535910423999697683e-01 7.027946909560810473e-01 7.419678148845770815e-01 8.084390338561558975e-01 8.239250861423946803e-01 8.072625137320680322e-01 7.854603261697526984e-01 7.967517889238215911e-01 8.667140774060935193e-01 8.869980240087979029e-01 8.035673156669376205e-01 8.578843481356646095e-01 8.199575885924251795e-01 8.706359017612871343e-01 8.588685451787417824e-01 8.915384633407184012e-01 9.016752059592640922e-01 8.713296694442950185e-01 9.146021879475519922e-01 9.140725080557794424e-01 9.121762244617614979e-01 9.305587022778220030e-01 9.235242587564157501e-01 9.083490643223155470e-01 9.290081639112911516e-01 9.233804668556220285e-01 9.243347705463289543e-01 9.001864757127221450e-01 9.232394637877440191e-01 9.088963517471446707e-01 9.288838755574586603e-01 9.177347871966041737e-01 9.111680493169540540e-01 9.116866481561807234e-01 9.151060163521713697e-01 9.217384049423978931e-01 9.205009291915794423e-01 9.321304511825291295e-01 9.330578178815086554e-01 9.228288920164896547e-01 9.245198004303391004e-01 9.285770060520744940e-01 9.235749542122949629e-01 9.336031215345035328e-01 9.272001682023359725e-01 9.241863503348987097e-01 9.176650696715376032e-01 9.187907040773092282e-01 9.213522264236786441e-01 9.247154811467830360e-01 9.126991574910909844e-01 9.124677922141025688e-01 9.259363914333945678e-01 9.286646198474851621e-01 9.168524033608476120e-01 9.119878233730998041e-01 9.124278760916894049e-01 9.261739144601730533e-01 9.269127337659752719e-01 9.237901561283980989e-01 9.290522558123935903e-01 9.137904297292376299e-01 9.221730541129926628e-01 9.260918811322853550e-01 9.259566910083530944e-01 9.267932765032230735e-01 9.300584301276032528e-01 9.263434230492717525e-01 9.225677293383557354e-01 9.292081905293122501e-01 9.332419433297403089e-01 9.331223805584250020e-01 9.275209364533778533e-01 9.272133651340707106e-01 9.158804529215478496e-01 9.216896202415424399e-01 9.286253090340002014e-01 9.270312250831711509e-01 9.261989101793007828e-01 9.310781318310970001e-01 9.322477178213963711e-01 9.343481796136847706e-01 9.371270657761938683e-01 9.195497102249799992e-01 9.288021850803137580e-01 9.246616205367089725e-01 9.281200121323314178e-01 9.297656304690139484e-01 9.261517824876944749e-01 9.278787983484935165e-01 9.275851760226203613e-01 9.303117704571735036e-01 9.276273931454828148e-01 9.292721122902471986e-01
-5.226923775625511720e-02 8.523061133997017480e-02 2.401957269498681824e-01 4.801503200996484200e-01 4.676940816555402725e-01 5.049503259163429236e-01 5.977582828287504313e-01 6.161068533686633319e-01 6.608208987334073248e-01 6.503725347600026740e-01 6.758374961314019824e-01 7.780545914798721041e-01 1.000000000000000000e+00 7.527443409898155746e-01 8.113677362023253847e-01 8.134049378146859244e-01 6.674841108303166681e-01 4.207369436588302980e-01 5.552238986974870061e-01 4.320963015561321008e-01 4.572822799525499970e-01 5.653518296741655291e-01 5.705533350805631621e-01 4.732040663609988207e-01 5.366816385132114897e-01 6.473923898363308504e-01 6.340249537242226285e-01 6.275502175646135994e-01 5.839284279036421887e-01 5.960478362302720212e-01 6.900381597453647542e-01 7.126516194064416165e-01 6.391800766047600613e-01 6.749901710621011297e-01 6.446340885415144939e-01 6.878131322427201155e-01 6.914232285135387679e-01 7.325600651270672836e-01 7.579428312008893442e-01 7.092805408532746325e-01 7.949905379397371741e-01 7.904630169006058305e-01 7.837082420471103150e-01 8.021359231174672866e-01 7.849739638030464040e-01 7.765097349722784870e-01 8.408261293070875553e-01 8.351366185267472542e-01 8.276991784276233055e-01 7.523655243253172253e-01 7.877541238073669794e-01 7.578713138922248405e-01 8.061334360286488421e-01 8.101283303342813324e-01 7.887934976704098489e-01 7.902964555113808354e-01 7.878149195646259040e-01 8.206332086270470283e-01 8.043294710134057945e-01 8.373026139885615393e-01 8.333213428386880839e-01 8.199410698029350186e-01 8.097238423722081802e-01 8.172483509278591907e-01 8.133282457780552921e-01 8.121671463504890331e-01 8.370707303044647718e-01 7.965370390732819939e-01 7.962042821676534876e-01 7.858739539468657664e-01 8.019894566281977610e-01 8.061316675913499097e-01 7.709651142597254703e-01 7.702700187721980285e-01 8.136756373861063762e-01 8.114350438172347468e-01 8.041689869524364376e-01 7.819423389785742362e-01 7.791485006836037508e-01 7.881093057219296094e-01 7.978910479964522739e-01 8.057802376704417124e-01 8.184625986653270013e-01 8.004233108264043883e-01 8.117644116440133617e-01 8.125109161235520849e-01 8.032652072736743420e-01 8.284338277365322911e-01 8.181828827306231178e-01 8.128032787013278471e-01 8.123613456497230656e-01 8.346211693006426735e-01 8.264100881667617582e-01 8.253285405439227951e-01 8.461604353974270243e-01 8.429963306809786783e-01 8.062411384979094597e-01 8.198078045012084925e-01 8.298377426450844752e-01 8.291244837578324312e-01 8.304947481185437352e-01 8.316211984519430445e-01 8.394897278493300696e-01 8.407675282814608408e-01 8.295689667790755450e-01 8.196840172011150560e-01 8.355212270009026998e-01 8.334499523987887182e-01 8.268706933714844443e-01 8.407974593592217882e-01 8.305840142153455563e-01 8.504133314628463669e-01 8.374115949292720851e-01 8.430419216112892133e-01 8.378146894936265854e-01 8.389483760776321741e-01
