1.000000000000000000e+00 2.981354759937922538e-01 1.380544326964291690e-01 -1.389322142429527326e-02 -4.074444350194966064e-02 8.225362159814433860e-02 2.346639363855790653e-02 1.204793813851064849e-01 2.255750672243669597e-01 1.327233239504435336e-01 1.134145453399294373e-01 5.189273295285691534e-02 -8.189728949225842311e-03 5.326853782435221965e-03 1.286438904333210217e-02 6.616302232871711098e-02 9.886818091335723702e-02 2.310900364801901363e-01 2.232105515681058472e-01 2.137341882818419303e-01 1.349538376494749670e-01 1.568624789709999190e-01 2.349143084757430444e-01 1.341041999730283596e-01 1.933552259105388027e-01 1.773734281851357952e-01 1.459553294761634923e-01 1.531594994547822997e-01 2.281985600807998060e-01 2.690290950056041797e-01 1.429111916346065825e-01 1.455366800512986059e-01 2.116159825167725494e-01 1.288742417341917634e-01 1.951158086200269481e-01 6.329595675586349723e-02 8.845734295221029109e-02 9.527581223870840166e-02 1.162353761467734420e-01 6.764176485770533043e-02 7.168516520071738229e-02 6.552702363529178120e-02 4.066448823387437683e-02 7.245401386876877681e-02 5.368064837596158573e-02 7.575456531246355096e-02 1.746728505860356204e-02 5.687402817772539004e-02 7.786161417005091345e-02 7.918627848858381113e-02 9.804494487999493302e-02 3.752403621451876753e-02 3.920528539188160994e-02 7.818776332148662245e-02 8.861993848735592871e-02 7.895831060224070552e-02 1.156936840563571045e-01 3.689646574024819242e-02 6.685140585472831853e-02 7.019834870951949246e-02 3.479432290829961860e-02 7.374045788980822247e-02 9.214847202835450835e-02 9.243927949519316345e-02 9.196480006893176240e-02 9.160517879114157824e-02 4.531295516073807761e-02 9.544880858515304711e-02 1.081289716695358755e-01 8.197402292885691555e-02 6.765532094959400555e-02 8.322704711968870184e-02 9.048221656291904891e-02 7.314835988804332945e-02 7.848312732981585493e-02 8.130140223981706382e-02 7.940343667077731649e-02 1.064560528889244018e-01 1.081659365855862504e-01 9.715357494636571445e-02 6.917025063089340953e-02 6.044508196686855517e-02 9.277213864629789419e-02 1.107521903901176885e-01 5.041642302849604074e-02 4.783459389536751788e-02 3.765645155488178686e-02 5.328321221388129802e-02 4.907425717025670764e-02 8.585029649157951970e-02 6.045124850501604197e-02 3.050406122590489100e-02 3.230607142131408649e-02 3.579014078892745615e-02 1.277570331188939735e-02 2.396989763434880655e-02 2.078831433442477478e-02 4.651023884013610193e-02 2.035164277468291122e-02 3.512293729741268467e-02 4.365153802407174648e-03 3.120088557684167971e-02 1.770429499285689628e-02 2.042886720548103482e-02 2.855844907687152615e-02 6.256802791888883830e-02 3.961884691087065591e-02 4.039572255736726542e-02 5.500929856969909854e-02 3.989107395101928327e-02 2.866389773233832955e-02 3.229356867620487154e-02 3.288918694130085058e-02 3.467053806235897984e-02 5.632013062291640199e-02 4.129243837436776671e-02
2.981354759937922538e-01 1.000000000000000000e+00 3.976337388425464636e-02 -8.616769769597994177e-02 4.272028834258608659e-02 6.418442445434979771e-02 8.360467334039015097e-02 1.855670749839871125e-01 2.418107771766602188e-01 2.503378384633706544e-01 1.076498970995732191e-01 6.087490977400086822e-02 8.822809800754079224e-02 1.054409922011025347e-01 1.298689584896428051e-01 1.400377948186443955e-01 1.783803556681176350e-01 1.806369613591025935e-01 1.807900039233707179e-01 1.399292805271243889e-01 5.945856729921063927e-02 9.590113274798377219e-02 2.069852829766163638e-01 9.264675910824864136e-02 1.464423857518259708e-01 2.072652819490725662e-01 1.750547747697626388e-01 1.719922715098707311e-01 2.564609213421446543e-01 2.374604436674362107e-01 1.963281374963868620e-01 1.957573764494692781e-01 2.295486065566341161e-01 1.552010575736306741e-01 2.029560831159699374e-01 8.751823095674045316e-02 1.370158784773173599e-01 1.672838377300154000e-01 1.789218338203763525e-01 1.185508272450871148e-01 1.550245090888443256e-01 1.486926988486395318e-01 1.087262681418923738e-01 1.298074208013303699e-01 1.132690360021223058e-01 1.680006073875516259e-01 1.441482566327570158e-01 1.627714044080424693e-01 1.601987628288258358e-01 1.376238837944121496e-01 1.703403511654213998e-01 7.771986302676517355e-02 9.145111139672912337e-02 1.863733841320433515e-01 1.868475003577809157e-01 1.774219313074876792e-01 1.737943993659548936e-01 1.561250486599534137e-01 1.661825666029062842e-01 1.528387305318348044e-01 1.316590987356290321e-01 1.626632371911376496e-01 1.551546847029979248e-01 1.644166518231588991e-01 1.623847188345736159e-01 1.494989174328562598e-01 1.599418039434240268e-01 1.695398058632021643e-01 1.828398459868041670e-01 1.431115852671396294e-01 1.265310071374071421e-01 1.586418071154199749e-01 1.525399091022698606e-01 1.371450694040267371e-01 1.728423627848158228e-01 1.718052165625333083e-01 1.657101004794351573e-01 1.939105413944171297e-01 1.884916605551614499e-01 1.850038385601083801e-01 1.614020419485948099e-01 1.664613098061392682e-01 1.768400981937182648e-01 1.792491111132665238e-01 1.382665076033505192e-01 1.423637078343856222e-01 1.387774455625084280e-01 1.494281693827314850e-01 1.505917318092423185e-01 1.805085828723188013e-01 1.496722772230436038e-01 1.413137165409141249e-01 1.295530225061821972e-01 1.432955606993318309e-01 1.337441782306793836e-01 1.495694154449800917e-01 1.086032198056327280e-01 1.206082783408747028e-01 1.336166512495855219e-01 1.365930894654814320e-01 1.222077588682710103e-01 1.310676485925880708e-01 1.010807795581048774e-01 1.214440252426527839e-01 1.157956829507509472e-01 1.450159124246005737e-01 1.406636590963605826e-01 1.654372633775713086e-01 1.695103240725115978e-01 1.518867784715065006e-01 1.441112199037279384e-01 1.404548091591587555e-01 1.425617840548637771e-01 1.413528466309697806e-01 1.542480521016072192e-01 1.380290548771605785e-01
1.380544326964291690e-01 3.976337388425464636e-02 1.000000000000000000e+00 4.021627693372381018e-01 5.772073327500721468e-02 2.199655633315284464e-01 2.597889448929925349e-01 2.570027999674833197e-01 2.759684851164628250e-01 2.213926430783060839e-01 3.532318990541303827e-01 3.801902032513320151e-01 2.125839232357749631e-01 2.170007788654674807e-01 2.731171550805942538e-01 2.915253279701850442e-01 2.805020401775893957e-01 4.033308429509439574e-01 3.935311930658413337e-01 3.996663763872972952e-01 4.320359083652088317e-01 4.369990056426086844e-01 3.919298336392995630e-01 3.956321068541407970e-01 4.252088577596198071e-01 3.525221690702899924e-01 3.393982755459735157e-01 3.585578778438013314e-01 3.164490225174793059e-01 3.781602079489405632e-01 3.419706443241011251e-01 3.599816697310557756e-01 3.668239098014741684e-01 3.873859381670824442e-01 3.710056366997490640e-01 3.577154933132801751e-01 3.341570536265147107e-01 3.356124550726899969e-01 3.548057677452264858e-01 3.869451088612835821e-01 3.087468783676802220e-01 3.160430580702806580e-01 3.531418900929241822e-01 3.373791330793761700e-01 3.563506734787518782e-01 3.130761798386539896e-01 2.523311353660513401e-01 2.716671774633857561e-01 2.861526874305208024e-01 3.302007117881700093e-01 3.210251232989962400e-01 3.537519938383810181e-01 3.192539719190392034e-01 2.650873873364371636e-01 2.878258769234559034e-01 3.168889691697271971e-01 3.113022551798416138e-01 2.675695371958646818e-01 2.793319476568673076e-01 2.908624049072771611e-01 2.871845668927365813e-01 2.823883032599713294e-01 3.176093057634356565e-01 3.081260696005240773e-01 3.164205947966277077e-01 3.145626910638752438e-01 2.692619463783498257e-01 3.271516032434850230e-01 3.204972515136521038e-01 3.409296601529840376e-01 3.514762718630883853e-01 3.354800478032025080e-01 3.520444152480335931e-01 3.470674759295067635e-01 3.026308124545414868e-01 3.079616355707553432e-01 3.078518266556044547e-01 3.029525479574688429e-01 3.131973528136428597e-01 3.003535194178450496e-01 2.989852792536821235e-01 2.831361319272035493e-01 3.246111336436173778e-01 3.195664923755647258e-01 3.183464696129976179e-01 3.133024815847055278e-01 3.024901219383515638e-01 3.085864626876038685e-01 3.016291252279058033e-01 3.230877442976661240e-01 3.219491797697662250e-01 2.934958833827844282e-01 3.063758601931537706e-01 2.966537929310400501e-01 2.665838362527138128e-01 2.582297576124925054e-01 3.103911906678433197e-01 3.048719326261248308e-01 2.712755935391863438e-01 2.940048687004386818e-01 2.904077157165270706e-01 2.941361660806047218e-01 3.005874736261177071e-01 2.954242779382092454e-01 3.139314029641277481e-01 2.980517326404519274e-01 2.816303321690943884e-01 2.563847213304973893e-01 2.834886907361832131e-01 2.718983704091956222e-01 2.757106265885540530e-01 2.716438608824014445e-01 2.751445026615634837e-01 2.826610831089745868e-01 2.906993114967765246e-01 2.872230895775130799e-01
-1.389322142429527326e-02 -8.616769769597994177e-02 4.021627693372381018e-01 1.000000000000000000e+00 2.014563013229549449e-01 3.185891558535872692e-01 4.274540685975699583e-01 3.409331083589035027e-01 3.126084625508718240e-01 1.987028046501878031e-01 4.618127156837991687e-01 5.959027211080550890e-01 3.422241903973726185e-01 3.277910540245650428e-01 4.091624813577687814e-01 4.264497029429134556e-01 3.473094598008688583e-01 4.145395789181441915e-01 4.058270707799151444e-01 5.067651374837292000e-01 5.745322437138682403e-01 5.204142244075737889e-01 4.176087492414895519e-01 5.163494536052695150e-01 4.827330814534784853e-01 4.146769979817139795e-01 3.899614441314062097e-01 4.445806540312028932e-01 3.396964688371452157e-01 3.972506926235556679e-01 4.153879224397242775e-01 4.359704853330506058e-01 4.144345053970792669e-01 4.879743493326921255e-01 4.064441495901267021e-01 5.273685177198468299e-01 4.422071364545833161e-01 4.539111526363983073e-01 4.470274174959302793e-01 5.212138374252541784e-01 4.344287063807197868e-01 4.351022476721237431e-01 5.084430596845618266e-01 4.800715991266881200e-01 5.055703341462647327e-01 4.169680265247867057e-01 3.848981085240922861e-01 3.854221237397709721e-01 4.020512980234903222e-01 4.773367952408780202e-01 4.407542405705529576e-01 5.129825262863436652e-01 4.912642430331344290e-01 3.590588703948711102e-01 3.805174573791291204e-01 4.274112165960984866e-01 4.259984170096451916e-01 3.921480029751672203e-01 4.025123854725088379e-01 4.069816194817110211e-01 4.196648757478750880e-01 4.066728796975044857e-01 4.499734504070393992e-01 4.374939774251043745e-01 4.176392877278187754e-01 4.331132166929606564e-01 3.816749077873104468e-01 4.173641434362324598e-01 4.191469868504974494e-01 4.754585920919284225e-01 4.817482308899794785e-01 4.346762977013448048e-01 4.631850529003426198e-01 4.723111669708056071e-01 4.056698995707941346e-01 4.048622862176594062e-01 4.113091105824796534e-01 3.801764659064700291e-01 3.949749589368864999e-01 3.844320161874603681e-01 4.031036513680940070e-01 3.868773900638231567e-01 4.297591357070302265e-01 4.090645692155290836e-01 4.533498151739434046e-01 4.354380228841172595e-01 4.299126088240429744e-01 4.306664426870568940e-01 4.190380314348764457e-01 4.242829606621174032e-01 4.394035971770057780e-01 4.207094542821699368e-01 4.459207359157770223e-01 4.233424863368219215e-01 4.002920770948008578e-01 3.811430839676225868e-01 4.865059617033449801e-01 4.694296148188814577e-01 4.150011856896450024e-01 4.339544476358505598e-01 4.363804178779703835e-01 4.474511872819772473e-01 4.660703050142276926e-01 4.404979766927719642e-01 4.658133175317065722e-01 4.351244715021787557e-01 4.198926479721428739e-01 3.698231091321415587e-01 3.971282119743190231e-01 3.963249747779631349e-01 4.078620705261609136e-01 4.020980727508590147e-01 4.142162456293786432e-01 4.242339792672509269e-01 4.085144356873054439e-01 4.162905034523415315e-01
-4.074444350194966064e-02 4.272028834258608659e-02 5.772073327500721468e-02 2.014563013229549449e-01 1.000000000000000000e+00 1.662051130468512328e-01 3.286457541836912966e-01 3.461735165291298100e-01 3.174715997242014698e-01 2.939154526220574271e-01 3.225059417160149877e-01 3.593219400795026330e-01 3.532708007769718717e-01 2.793517413001400662e-01 3.916108556581593403e-01 3.876954455336331651e-01 3.353016832328033492e-01 2.622438151439510090e-01 2.981924296028567456e-01 2.200762302693522188e-01 2.762918596005580762e-01 3.049400893901544340e-01 2.625279792232406706e-01 2.427332407322652374e-01 2.651574710532174639e-01 3.494366520472946269e-01 3.444760679207391485e-01 3.364113323929283639e-01 3.116162992681596466e-01 2.758721770259259243e-01 3.495576801862099181e-01 3.538842924661220191e-01 3.020173123576356256e-01 3.103682006676957705e-01 2.982652103183512926e-01 3.228026120559507883e-01 3.409950281230790248e-01 3.712913729187790612e-01 3.554473247331117469e-01 3.659438652874451581e-01 3.790199095467103874e-01 3.832320350138038179e-01 3.861568903652346507e-01 3.925826325722232557e-01 3.705887707606429493e-01 3.889311336928648610e-01 3.956037836470002178e-01 3.912575303406103377e-01 3.889601602528849900e-01 3.729353292826152466e-01 3.766080984963285361e-01 3.813838435458228870e-01 3.901974299955133230e-01 3.858039478288452506e-01 3.776675499767887523e-01 3.770548334087755471e-01 3.734663534406814644e-01 3.874665646414837683e-01 3.813941118787393947e-01 3.891096569044688036e-01 4.041477107637047594e-01 3.893260475208580873e-01 3.752765181706166353e-01 3.859723662438409031e-01 3.771843858996992704e-01 3.789813315615083722e-01 3.899488168668129306e-01 3.738935473816359933e-01 3.606075175368089747e-01 3.617189942543941328e-01 3.802479787022944868e-01 3.778715501420298328e-01 3.532090810811561177e-01 3.621745419609115890e-01 3.898062209013988255e-01 3.817656039501339249e-01 3.816245643942627885e-01 3.706206875828708114e-01 3.713650792727846150e-01 3.702963613997691805e-01 3.752298790968723874e-01 3.868379482200752784e-01 3.658298750939348309e-01 3.651955738081963387e-01 3.800944747142564473e-01 3.739775419002302481e-01 3.777878541253711364e-01 3.867505040243248149e-01 3.886221984663174034e-01 3.762629320847199477e-01 3.816426670036591196e-01 3.950407706062261104e-01 3.954005546009443650e-01 3.943847101422979229e-01 3.986317547775121151e-01 3.984910888088460390e-01 3.931331035261975693e-01 3.881950541662300691e-01 4.045014441979187803e-01 3.975487688462968072e-01 4.021773233769470046e-01 3.997558038109860212e-01 4.011425077262933403e-01 4.048063262497223480e-01 3.898292941942791967e-01 3.914690672523689630e-01 3.948987944093247937e-01 3.911580763500105973e-01 3.916162331967511512e-01 3.939613291611429591e-01 3.926505638756940253e-01 3.977856420443313668e-01 3.995717153527440502e-01 3.962192286819262721e-01 3.895397803826680105e-01 3.907421241117390309e-01
8.225362159814433860e-02 6.418442445434979771e-02 2.199655633315284464e-01 3.185891558535872692e-01 1.662051130468512328e-01 1.000000000000000000e+00 3.582379324495107986e-01 3.156310045793208618e-01 3.560553804011916679e-01 3.164300852289783084e-01 3.881708578983207869e-01 4.089779779918785718e-01 3.326795319832703823e-01 3.204141414004155752e-01 3.960066298882088387e-01 4.015738913753404971e-01 3.852168081168057534e-01 3.891350426222422443e-01 3.886968454832150921e-01 4.024495152761671801e-01 4.084334860133924661e-01 4.036781701616366513e-01 3.795771722603701881e-01 3.756962374798564208e-01 3.936879267905237789e-01 4.196816354759140832e-01 4.040780668642029450e-01 4.194679567322485148e-01 4.052791263125217758e-01 4.098535216719139673e-01 4.138237534652069449e-01 4.357975690001570368e-01 4.212484871446558476e-01 4.209625046359906086e-01 4.081285328128783640e-01 4.004627241645908331e-01 4.003712496546877331e-01 4.242532320358710085e-01 4.324691657495356445e-01 4.284425834594385307e-01 4.217449565057026506e-01 4.189713595737025731e-01 4.200368910532827904e-01 4.301261918458004208e-01 4.299767123309204409e-01 4.221476359730061967e-01 3.981061278807552783e-01 4.093597759099639743e-01 4.143685171015896174e-01 4.279895931582684554e-01 4.292297203436070130e-01 4.123683598180800103e-01 4.237555923957583848e-01 4.063573033096189446e-01 4.085077838725466592e-01 4.187987135812542561e-01 4.257203149627830085e-01 4.051508173770509424e-01 4.188095328873430168e-01 4.159697891843955331e-01 4.118441989306676487e-01 4.181338508460717973e-01 4.303644293822172506e-01 4.256551861304001538e-01 4.191390436892871163e-01 4.211763938207964131e-01 4.052367710304471404e-01 4.262164549216693743e-01 4.312451167958510356e-01 4.418382713425310637e-01 4.340961989871616189e-01 4.302467429824117229e-01 4.238812390218649750e-01 4.268345013323884829e-01 4.266870769662438612e-01 4.238120549596446907e-01 4.281163598452263908e-01 4.190120432293783503e-01 4.222322218829775986e-01 4.146888868358222235e-01 4.156161624659303611e-01 4.114316392817701784e-01 4.319654563972660233e-01 4.300940672954322586e-01 4.338372718427651598e-01 4.234511614052401951e-01 4.170038352151947403e-01 4.274026106945538195e-01 4.194948533850309524e-01 4.314871864371511712e-01 4.350214894673111732e-01 4.198444420041942404e-01 4.249530053149681019e-01 4.218356066102213475e-01 4.053165467353451734e-01 4.044829050572241180e-01 4.318219975291825996e-01 4.294847482162772456e-01 4.124441961337499962e-01 4.251142187803057526e-01 4.162399822084040801e-01 4.257051432440194794e-01 4.189573079530949373e-01 4.230681053167514305e-01 4.262145703318538925e-01 4.263710808452588763e-01 4.188382789305285514e-01 4.054308248716857466e-01 4.170084712412555072e-01 4.148817107628560152e-01 4.166226066790608695e-01 4.132997542265560709e-01 4.174034843165509434e-01 4.191669390534188411e-01 4.158514512974244015e-01 4.152564672685337688e-01
2.346639363855790653e-02 8.360467334039015097e-02 2.597889448929925349e-01 4.274540685975699583e-01 3.286457541836912966e-01 3.582379324495107986e-01 1.000000000000000000e+00 5.797261740391554952e-01 5.421157078361789061e-01 5.244888249833711269e-01 5.948860588449653708e-01 6.527344666521639471e-01 5.594042851922043091e-01 5.108478450867143250e-01 7.360662451906038184e-01 6.706495142527643116e-01 5.807585503135792582e-01 5.370481251884007268e-01 5.519894441691391984e-01 5.538548562175605872e-01 5.294849117692811413e-01 5.584806917196363241e-01 5.516836220464028662e-01 5.223080497074934492e-01 5.297309900139179906e-01 6.299921744633139031e-01 6.120609906261624822e-01 6.497198209249178680e-01 5.840320204701909823e-01 5.628382049359436090e-01 6.451097837646739830e-01 6.644186624476754455e-01 6.125637270857414718e-01 6.269909228517840383e-01 5.959012185637116987e-01 6.077896523604897627e-01 6.197465316383622413e-01 6.942230777582403256e-01 6.689030050087779733e-01 6.778089622605397713e-01 6.711449118105763390e-01 6.946498396581013424e-01 6.829499965619885149e-01 6.939612926900659007e-01 6.618697448557159246e-01 6.855605497960581829e-01 6.691848960155289960e-01 6.749117706539132788e-01 6.654220823674378282e-01 6.885603470184672448e-01 6.882079117176952421e-01 6.602455894103119727e-01 6.649636228793815995e-01 6.546025932652108636e-01 6.591243397413962812e-01 6.771466003584216686e-01 6.546892220988134170e-01 6.798492737055867874e-01 6.798926655770805016e-01 6.622509331987581627e-01 6.833899575035966567e-01 6.697693983039576526e-01 6.830563526524423557e-01 6.663241386809601874e-01 6.612766814581478858e-01 6.527336016468807678e-01 6.742340373344619664e-01 6.643705149361267548e-01 6.726135438431144475e-01 6.791109607789872493e-01 6.671091447755663761e-01 6.691475831696561682e-01 6.615400481702529145e-01 6.633359832768177533e-01 6.800288498773106038e-01 6.700876495126345533e-01 6.825367964960800116e-01 6.544775301805914047e-01 6.722331665722264260e-01 6.563915640217444780e-01 6.611577681720111066e-01 6.717471585907767162e-01 6.747358709375316232e-01 6.649056891594181673e-01 6.999581225147784025e-01 6.838204002820494898e-01 6.710634080109587618e-01 7.027423864851972679e-01 6.891598244844677756e-01 6.814097737262776455e-01 6.973902966877731924e-01 6.913762379561748661e-01 6.853481735525838170e-01 6.923344019277445360e-01 6.793568706952197722e-01 6.740074443588041087e-01 7.056550240700828480e-01 6.804129646688715782e-01 6.863801709429522280e-01 7.002813926057014360e-01 6.987730374794910437e-01 6.969788574604917075e-01 6.823737442652617613e-01 6.940982119082598212e-01 6.857804581519423293e-01 6.742560470589713528e-01 6.792577232550169875e-01 6.679643019105209190e-01 6.768360113524026778e-01 6.819538407392753410e-01 6.875820363756793840e-01 6.746580996658118057e-01 6.839399978902744870e-01 6.849142065544933100e-01 6.702946464615164857e-01 6.665859547089469928e-01
1.204793813851064849e-01 1.855670749839871125e-01 2.570027999674833197e-01 3.409331083589035027e-01 3.461735165291298100e-01 3.156310045793208618e-01 5.797261740391554952e-01 1.000000000000000000e+00 5.946389576972023194e-01 5.483522821620383514e-01 5.916925381586990440e-01 6.238487609665935851e-01 5.402672540980344440e-01 4.964461397490476657e-01 6.776373958203736336e-01 7.035581473399308283e-01 5.953508401015679130e-01 5.446186968561456121e-01 5.805059094102380524e-01 5.066148041400833080e-01 4.896438223823006974e-01 5.563806837369864589e-01 5.522598005381296193e-01 4.750281183837663512e-01 5.152211168695627341e-01 6.677305651954499321e-01 6.311247966231371409e-01 6.500334290668446924e-01 6.346402434491250633e-01 6.033970916593204281e-01 6.535623646100811035e-01 6.635888005208021578e-01 6.473707105889793256e-01 6.154559518931351780e-01 6.227321731717475606e-01 5.590432562541171047e-01 6.032008561815452863e-01 7.007377182560639017e-01 6.794784031545625380e-01 6.649094398485007051e-01 6.736827196614544322e-01 6.839530627461024581e-01 6.707074394446834731e-01 6.875141531819808360e-01 6.407872224172347364e-01 6.836179481735188412e-01 6.623027053504479955e-01 6.681800380343827506e-01 6.763460768879253626e-01 6.926020245221479188e-01 7.040984238231687842e-01 6.314075252165383123e-01 6.502465690524430464e-01 6.667668742814079064e-01 6.783621371897375907e-01 6.789430560762487188e-01 6.710873544800470825e-01 6.761228536721146654e-01 6.870348419514521465e-01 6.631245626162705076e-01 6.803176036306277652e-01 6.806136263811863873e-01 6.926873011338712249e-01 6.816735894720366007e-01 6.606405842476736900e-01 6.451905672346291976e-01 6.661935453181674349e-01 6.677875066779537239e-01 6.665582087476646933e-01 6.558383446995187382e-01 6.549311355466724827e-01 6.622752514307171934e-01 6.430167986702503002e-01 6.422226865953041264e-01 6.846943955638981061e-01 6.714202208799336935e-01 6.770297162285111581e-01 6.647169933243849416e-01 6.739786343940949997e-01 6.662131738779841772e-01 6.569901537676626768e-01 6.757596115738681020e-01 6.717687967840552110e-01 6.678614779191948125e-01 6.857075079600274403e-01 6.687456166074692288e-01 6.505070389168443601e-01 6.924375782197744744e-01 6.837195102193809326e-01 6.799061755242892247e-01 6.821679824876000220e-01 6.803754130806082268e-01 6.735825316365627868e-01 6.804095688198622538e-01 6.678260273890026522e-01 6.684426409907170408e-01 6.915069557040515180e-01 6.779411494569363983e-01 6.824071729331442349e-01 6.932436773739407698e-01 6.829369006806902398e-01 6.904460009429160827e-01 6.612334063630179726e-01 6.806419275630875010e-01 6.697921038938259297e-01 6.759442594624137657e-01 6.759390104213566230e-01 6.697779725871932932e-01 6.813596893403374155e-01 6.764685296465933195e-01 6.790502569882516104e-01 6.691989668195582608e-01 6.794709179530431520e-01 6.834254229762908306e-01 6.684847562958741163e-01 6.607877799082600978e-01
2.255750672243669597e-01 2.418107771766602188e-01 2.759684851164628250e-01 3.126084625508718240e-01 3.174715997242014698e-01 3.560553804011916679e-01 5.421157078361789061e-01 5.946389576972023194e-01 1.000000000000000000e+00 6.935577627873618090e-01 7.122578830370088765e-01 6.836419135737975550e-01 6.296358896362558299e-01 5.801028721205703231e-01 7.431230520513816273e-01 7.676651392699526122e-01 7.594766416887046567e-01 7.024297551685474428e-01 7.470473140542601698e-01 6.688440860088911144e-01 6.123584436765983074e-01 6.837809271368998632e-01 7.468778026700731987e-01 6.582816227783541141e-01 6.999049989417874817e-01 8.075746312162930263e-01 7.811654176667031102e-01 7.887298677619497544e-01 7.970321685067117690e-01 8.058537398511333993e-01 8.256356640114745904e-01 8.135932494233548695e-01 7.871925114772905241e-01 7.636353713006371891e-01 7.931856915714811107e-01 7.150942250650609289e-01 7.880064246540710027e-01 7.753432571785089378e-01 8.101109336225366109e-01 7.460176833775573613e-01 8.089478350491672298e-01 8.008806045586331912e-01 7.625432201996289461e-01 8.046284000207251097e-01 7.829107287953893657e-01 8.081531758613023086e-01 8.046134187293406681e-01 8.205821072846786191e-01 8.226465435582204222e-01 7.865140231922076453e-01 8.068697039159484774e-01 7.559373284135995075e-01 7.831974143544082612e-01 8.327747295615864909e-01 8.276038595440302625e-01 8.164404064870141031e-01 8.297365898484277968e-01 8.041406145995559918e-01 8.163468538129214913e-01 8.283889725105968438e-01 8.097968219541437085e-01 8.208812432303147499e-01 8.150774974377614779e-01 8.218314021405811465e-01 8.266528101653584093e-01 8.228548280666772019e-01 8.189221889029456580e-01 8.275447854233558553e-01 8.323839014063902919e-01 8.166251426250121792e-01 8.015697369316688858e-01 8.227147196485212755e-01 8.070156693353538468e-01 8.074766757141423890e-01 8.320907304349468570e-01 8.245673472168685292e-01 8.260194888093272958e-01 8.266504499001605666e-01 8.354490074646490072e-01 8.361371531952468406e-01 8.258839848902220782e-01 8.294478127702791248e-01 8.301233567219229448e-01 8.383482105834578757e-01 8.091260138861212647e-01 8.106353014845329996e-01 8.097893868162212572e-01 8.139889599462253322e-01 8.191388671904410446e-01 8.273687267443602389e-01 8.160053371104484254e-01 8.125294290322310209e-01 8.094526842132537814e-01 8.164314390850552217e-01 8.074317593961338746e-01 8.125942471525304800e-01 7.891418044311203639e-01 8.049324606954202377e-01 8.073011964680306685e-01 8.063803018283038915e-01 7.974656344750672421e-01 8.088644284604629142e-01 7.984605531942354784e-01 8.070453384284939080e-01 8.052003404176636403e-01 8.193727177270123674e-01 8.172092122993817043e-01 8.177004579815261298e-01 8.257254185851444772e-01 8.147034659688083824e-01 8.098776239581777503e-01 8.184295711749010049e-01 8.118395614817667250e-01 8.143814708974744798e-01 8.243522936538637547e-01 8.183005267802797578e-01
1.327233239504435336e-01 2.503378384633706544e-01 2.213926430783060839e-01 1.987028046501878031e-01 2.939154526220574271e-01 3.164300852289783084e-01 5.244888249833711269e-01 5.483522821620383514e-01 6.935577627873618090e-01 1.000000000000000000e+00 5.931315097928028246e-01 6.057938243564600089e-01 5.917368108676607230e-01 5.410838245383992051e-01 7.046742290638319250e-01 6.895172863148680831e-01 6.817578036955808107e-01 6.036527152252070261e-01 6.310587784648263865e-01 5.393295256152016437e-01 4.930089473276216272e-01 5.616529920702969525e-01 6.431681738703857176e-01 5.370301521041762616e-01 5.804864188479244014e-01 7.154636461760160993e-01 6.825613374199231975e-01 6.932869063994939740e-01 7.114535959574014301e-01 6.831680810928151271e-01 7.375269682590883669e-01 7.433901125173747459e-01 6.947129509322697016e-01 6.670963764478227143e-01 6.972872622192566316e-01 6.241048041964721849e-01 6.976398576025334419e-01 7.183537105299647729e-01 7.306596730226951886e-01 6.712636397555695744e-01 7.423113170757819068e-01 7.334785613737301313e-01 6.891907381432822444e-01 7.260417132594736422e-01 6.974680713989862557e-01 7.522314476418561213e-01 7.554596049500345023e-01 7.725477970311829257e-01 7.598432284437456330e-01 7.165172922085416563e-01 7.472706771753323540e-01 6.715664759013607599e-01 6.966199285369143457e-01 7.742203392977136112e-01 7.736494398404000217e-01 7.595601487151327769e-01 7.526037071897342390e-01 7.541943284008089110e-01 7.643808389767879907e-01 7.561145036880762005e-01 7.501517741301854114e-01 7.581678744155894156e-01 7.456065746566683528e-01 7.466529696111405823e-01 7.463269588748695504e-01 7.450080143715249736e-01 7.643833334909394539e-01 7.575174846233773129e-01 7.575220330152275805e-01 7.310840362835528961e-01 7.168744849184713885e-01 7.450561451322583739e-01 7.239233625292240681e-01 7.211676387703311875e-01 7.628771339983638766e-01 7.587040327486412883e-01 7.522834102840444404e-01 7.601983680452492065e-01 7.627900484882792487e-01 7.657777403142796979e-01 7.503042946042182137e-01 7.647010785764627450e-01 7.565688390689286891e-01 7.549619006017584955e-01 7.354852882469132824e-01 7.389544778860634988e-01 7.412941237044020637e-01 7.501704078927298180e-01 7.556979393927455435e-01 7.600423198252717061e-01 7.455071721243206051e-01 7.528128719145321668e-01 7.407089661202614916e-01 7.528942332519042990e-01 7.531700123426869897e-01 7.633255700788039722e-01 7.188544451252533163e-01 7.236322370723811126e-01 7.511023204285400823e-01 7.473388597726630111e-01 7.449363808935280939e-01 7.444813898107047745e-01 7.241506283683801781e-01 7.454657775777917550e-01 7.308562952834075643e-01 7.484701670766249482e-01 7.528174366452905497e-01 7.689116396681070498e-01 7.688193362621011939e-01 7.604519056962576462e-01 7.575284809286184640e-01 7.575928311263296910e-01 7.562828537101146109e-01 7.515918767405322942e-01 7.567046158552418467e-01 7.513185404785936994e-01
1.134145453399294373e-01 1.076498970995732191e-01 3.532318990541303827e-01 4.618127156837991687e-01 3.225059417160149877e-01 3.881708578983207869e-01 5.948860588449653708e-01 5.916925381586990440e-01 7.122578830370088765e-01 5.931315097928028246e-01 1.000000000000000000e+00 7.903673873284188245e-01 6.362061533727269014e-01 6.053186795864282654e-01 7.576629922952573537e-01 7.802044245725944238e-01 7.203639768055055681e-01 7.063138413974964225e-01 7.534877201929187640e-01 6.889314644562166690e-01 6.750770189733289461e-01 7.388606161867417033e-01 7.380527995520597129e-01 7.034243388249343809e-01 7.292802972310319376e-01 7.974036313816385002e-01 7.749276505290472183e-01 7.942736708035527116e-01 7.463935707774820294e-01 7.773273034837921980e-01 8.096691004698711724e-01 8.134510666212184660e-01 7.791570568688589438e-01 7.906469209745481397e-01 7.809983209655613212e-01 7.518413199606450714e-01 7.893524094106572075e-01 8.039823925709089769e-01 8.246498019540521307e-01 7.993494240662964989e-01 8.133327431251667905e-01 8.090170982638525965e-01 8.065475437344493681e-01 8.257010818171709454e-01 8.180334068181127627e-01 8.084055585937930388e-01 7.911246353395080533e-01 7.987600669941949949e-01 8.059487529286907259e-01 8.062411142212412285e-01 8.093712785212843208e-01 7.980890581931968653e-01 8.047298860461650216e-01 7.934230128714933050e-01 7.975094758661513961e-01 8.116027322885845940e-01 8.088658401737806036e-01 7.927493495432758053e-01 8.045136004025678078e-01 8.127253883735154893e-01 8.088425121624839287e-01 8.043499399903663027e-01 8.150269130694381969e-01 8.144551907416780478e-01 8.150830374374750109e-01 8.110983439440760945e-01 7.978456596069632978e-01 8.217827989824145751e-01 8.208992711321458913e-01 8.234508412175505221e-01 8.198947655362462950e-01 8.224887135931423510e-01 8.170726843288896868e-01 8.218965841751143531e-01 8.173973911712670848e-01 8.167972130415731558e-01 8.169679055703639170e-01 7.996718020804219895e-01 8.163689101658710978e-01 8.147479246173824352e-01 8.155982641478006778e-01 8.132948501053850476e-01 8.201899368480300989e-01 8.202495450188617143e-01 8.200767778409684405e-01 8.141489861346032919e-01 8.090294951036145488e-01 8.205541609593445251e-01 8.178447936962406351e-01 8.191401267232361061e-01 8.263525338102303275e-01 8.136638855498636858e-01 8.212743659165884225e-01 8.172911043800306086e-01 8.015925975555611149e-01 7.964949899617288498e-01 8.123845070067845509e-01 8.082948220379975179e-01 8.031111151508236734e-01 8.123538256027094118e-01 8.090039790929509644e-01 8.145604370414851747e-01 8.175847451419653300e-01 8.150270151263158125e-01 8.175024380305500049e-01 8.104147731499645735e-01 8.091395517454978981e-01 7.931330198877496462e-01 8.080994730959489836e-01 8.015165803806457712e-01 8.045184962211556767e-01 8.061948616168405080e-01 8.052519031059582888e-01 8.085407417917367390e-01 8.102117180423663578e-01 8.078899805672373757e-01
5.189273295285691534e-02 6.087490977400086822e-02 3.801902032513320151e-01 5.959027211080550890e-01 3.593219400795026330e-01 4.089779779918785718e-01 6.527344666521639471e-01 6.238487609665935851e-01 6.836419135737975550e-01 6.057938243564600089e-01 7.903673873284188245e-01 1.000000000000000000e+00 6.741224289870678676e-01 6.319101160196430866e-01 7.910382067837327114e-01 8.121146818915512267e-01 7.148897745751857657e-01 7.141647602255184468e-01 7.530496752050696019e-01 7.361339912379918360e-01 7.705207834699742131e-01 7.949700556952862263e-01 7.443747715587523128e-01 7.593935079156709511e-01 7.730806331807625886e-01 7.984602370089495249e-01 7.775421695910628150e-01 8.125947611156177919e-01 7.375920553976832439e-01 7.672883785543548329e-01 8.342857996770548512e-01 8.334218083331429439e-01 7.704630077915158859e-01 8.266964738243773869e-01 7.837299896468615801e-01 8.298400533661233203e-01 8.307779256739818985e-01 8.361641121143548183e-01 8.437832838142891312e-01 8.513403541136999042e-01 8.327449623469886930e-01 8.382788034186579029e-01 8.675378424588966464e-01 8.692211545466860256e-01 8.722388359293010707e-01 8.379603790123117957e-01 8.225983787944364245e-01 8.228931179814673591e-01 8.341554171879785873e-01 8.564802340267614333e-01 8.472585957943230550e-01 8.650189597623113569e-01 8.626384607507966429e-01 8.089802765689648734e-01 8.211497533048762731e-01 8.375770627957995762e-01 8.433935651449908644e-01 8.254080834996775362e-01 8.329814968900329797e-01 8.386154003469225016e-01 8.457941336316376901e-01 8.349148344270215238e-01 8.539371718373347520e-01 8.515797246986369640e-01 8.424160307162824601e-01 8.514010708392013571e-01 8.182202955284640922e-01 8.382964479729335672e-01 8.358384649454738691e-01 8.657152651293669177e-01 8.681071215805468144e-01 8.512593711591134316e-01 8.506394469614559917e-01 8.617446566900416327e-01 8.367590708089953644e-01 8.346993509255900001e-01 8.357089878156962470e-01 8.138445260458989639e-01 8.284811965243971121e-01 8.258756486216055626e-01 8.329999877507969774e-01 8.296620364987458141e-01 8.440063570679544602e-01 8.323230132117676039e-01 8.508278172982909338e-01 8.440684150612179915e-01 8.436048868265640932e-01 8.414824381337517867e-01 8.425812890119229737e-01 8.418681423145258913e-01 8.479574672345238096e-01 8.408109681809259328e-01 8.560673774106759559e-01 8.435775221413934766e-01 8.305369581470442020e-01 8.204403635338622935e-01 8.595363307404491060e-01 8.541978191415070532e-01 8.364314359213231853e-01 8.434023034994085899e-01 8.468603964605461165e-01 8.507653021342277411e-01 8.613397511475431312e-01 8.520042161093147604e-01 8.632285413295407439e-01 8.450854639906524302e-01 8.404099382041175792e-01 8.115982029398938202e-01 8.310959625221427949e-01 8.297799527437831335e-01 8.315199342113581693e-01 8.328755720181630906e-01 8.370535273115936592e-01 8.409860965090238949e-01 8.371333292031968298e-01 8.397985730372435897e-01
-8.189728949225842311e-03 8.822809800754079224e-02 2.125839232357749631e-01 3.422241903973726185e-01 3.532708007769718717e-01 3.326795319832703823e-01 5.594042851922043091e-01 5.402672540980344440e-01 6.296358896362558299e-01 5.917368108676607230e-01 6.362061533727269014e-01 6.741224289870678676e-01 1.000000000000000000e+00 5.761975882116290304e-01 7.492604117149685994e-01 7.342369047019392525e-01 6.696718859094145104e-01 5.726280353418400360e-01 6.261914078219089630e-01 5.505251079324651187e-01 5.624064073835969291e-01 6.062001259071269077e-01 5.986802311183986314e-01 5.881896803350893377e-01 5.975019755017836331e-01 6.990899425540949563e-01 6.942478901433055682e-01 7.016860421039907703e-01 6.538727762017421119e-01 6.414802710420084431e-01 7.435334549279195571e-01 7.303069786819121889e-01 6.577518187190753984e-01 6.901759869318563334e-01 6.721436331735016756e-01 6.889720664333007782e-01 7.385826877454800821e-01 7.227576449549818483e-01 7.400864530043980150e-01 7.088896564501276920e-01 7.648471971247797763e-01 7.590736033488412193e-01 7.387947226231198483e-01 7.629257711671419973e-01 7.499064900597592898e-01 7.649320573950522117e-01 7.890781433061602179e-01 7.802640345286480095e-01 7.723798525197526077e-01 7.409437898550474966e-01 7.459714616547353794e-01 7.332953558315536968e-01 7.549267522836370370e-01 7.739450630354703931e-01 7.654288744598143346e-01 7.621968492172357390e-01 7.525748538111959318e-01 7.817060462126874665e-01 7.710096095488144785e-01 7.759208603538638727e-01 7.838221803250120523e-01 7.676871462158947335e-01 7.581553582337008379e-01 7.617218220428937370e-01 7.655521896100603296e-01 7.636906294020329167e-01 7.835822399519490888e-01 7.641108883456066980e-01 7.643371508292561289e-01 7.667500490190339857e-01 7.639719689839694627e-01 7.702309724080245168e-01 7.485348251948525933e-01 7.621430118774790152e-01 7.751233243233031089e-01 7.709598427586555891e-01 7.726169765068887640e-01 7.545487536729524880e-01 7.636809481087736273e-01 7.679496042626809960e-01 7.768781940431535027e-01 7.836174236440081042e-01 7.667878578747847618e-01 7.654298828932831755e-01 7.730363354115094010e-01 7.761858600042830236e-01 7.787949513641898580e-01 7.750556999666571301e-01 7.819225438430619235e-01 7.681024972317361810e-01 7.730929193509477049e-01 7.864995294010891369e-01 7.857063431374120555e-01 7.859230481999797124e-01 7.912161081008461938e-01 7.906011032829337593e-01 7.735748709557880298e-01 7.716748933009348610e-01 7.885156051105627339e-01 7.813672483713718364e-01 7.842043697306286809e-01 7.846325034488432770e-01 7.841557060237346333e-01 7.905121857112061834e-01 7.822966911549283919e-01 7.778754641778494738e-01 7.865138091745644822e-01 7.855234405959280464e-01 7.816321480591995607e-01 7.857279061743650539e-01 7.849341340730263683e-01 7.905927219963322372e-01 7.848482553149258578e-01 7.851889905684139581e-01 7.834354479983465236e-01 7.845431397563022990e-01
