1.000000000000000000e+00 1.930360132509299498e-01 8.462545943428420592e-02 2.643157757055328641e-02 4.997783936080802542e-02 -6.223214893432406358e-02 -2.889118431331519354e-02 -1.092374306474710663e-02 2.026417666816727192e-01 1.029193991925795720e-01 -2.706911104129551115e-03 2.276553418617633523e-02 4.116871808714375053e-02 2.687745817166830795e-02 -1.504001780262129682e-02 9.013526565969851717e-03 1.186262915799210227e-01 -3.149756183720571479e-02 3.517852582737922978e-02 -7.177406106317539558e-02 2.750293380910556057e-02 7.980177108274907893e-02 -3.673263785951882097e-03 -1.622578594472908961e-02 5.527945308544397057e-02 9.256145219004552338e-02 7.577504106472229828e-02 5.151314062647609909e-02 1.117528533901374632e-01 1.221928597173602832e-01 8.894105520111314500e-02 -1.514436961289324264e-02 3.808750285201101086e-03 -1.430286370115190463e-02 5.004706932760882160e-02 7.015706986670159663e-03 5.576852089107559723e-02 -1.343937755933306659e-02 5.228311060200957310e-03 -5.844194410558457148e-02 2.615716074925996185e-02 -2.146946845180152177e-02 -3.709416002413764429e-02 1.432080675804546857e-02 1.195679781674307586e-02 8.011146816135504903e-03 1.302384202075045246e-02 3.812269804112760480e-02 3.072615515946151496e-02 1.053430986434089525e-03 5.837910869838066133e-03 1.714118562311045752e-03 3.600515387220513258e-02 5.285123464475883354e-02 4.160329799010001328e-02 1.202241680506001449e-02 5.952455288106297399e-02 1.618333248611144443e-02 1.881581092383618689e-02 6.163229921875207351e-02 1.185406274838049848e-02 4.504477467055165163e-02 1.613687925702787448e-02 4.748912943633884498e-02 8.757174406772186281e-02 7.534687821772977079e-02 2.666282814620297981e-02 -1.188150155705309033e-02 1.664888588147967830e-03 -1.896154645580363021e-02 7.979238524163627042e-03 2.895112646181708868e-02 -1.954610024657458048e-02 1.481302410508724895e-02 3.180992747000047777e-02 2.040456809910762628e-02 2.159328781417835588e-02 4.453979344480187008e-02 2.054303124319764931e-02 3.930883631363338987e-02 2.936407086036787670e-02 3.639430043984152180e-02 9.915589588072884486e-03 1.505375275824562264e-02 -1.690871096269769974e-02 -1.277039041687117425e-02 5.613655024035555177e-03 -1.135398657022660025e-02 -1.613382046512930237e-03 7.314981734086748117e-04 -1.885828021763396797e-02 -4.434242316842405308e-03 4.903800006329710887e-03 -6.168250136815124456e-03 7.758329457465387193e-03 1.634547699023730649e-02 -1.876416495465048351e-02 4.430657806144441824e-02 1.671938064982894483e-03 -2.181138591134588328e-03 -1.422833413749997888e-02 2.435968914191724653e-03 1.121135556522613076e-02 2.233210087348678000e-03 1.561594917137598335e-02 3.475066968462653394e-02 2.596522128616266314e-02 2.074804838222817777e-02 1.707560033577398134e-02 1.148331318784535753e-02 -1.496214791929633900e-03 2.596768850207961665e-02 1.403097613730142600e-02 1.461027005686035482e-02 4.561601226420843036e-02 4.637598512120130051e-02
1.930360132509299498e-01 1.000000000000000000e+00 7.348558435657746857e-02 1.698251329983069269e-02 6.337556738555273628e-02 5.014566711267386817e-02 1.031226963650551803e-01 1.231960990954165808e-01 1.885598449640150664e-01 2.349691591248216638e-01 1.126722708466929290e-01 1.077107153438119219e-01 1.472586627404506576e-01 1.142796367247312511e-01 1.175339455317025855e-01 1.339014711382317813e-01 1.321576612129132244e-01 2.800384885241663166e-02 1.068880402670615293e-01 1.709436856247434702e-02 5.759242686714239473e-02 8.467947452627640204e-02 8.901752497525451668e-02 5.912683711204776843e-02 8.415624862340391477e-02 1.448724391423302782e-01 1.267585467678606082e-01 1.199230821686162740e-01 1.791548121342181610e-01 1.752686682112286620e-01 1.636578507272467564e-01 1.155947588181232416e-01 1.039239100525193860e-01 9.096812021964917339e-02 1.293994064504493946e-01 8.437386940040934868e-02 1.440746140211298376e-01 7.528296185033535315e-02 1.084669474134178774e-01 5.624410039418305252e-02 1.232557252557785338e-01 9.698678010195882493e-02 6.269781538723191716e-02 1.096852405147553527e-01 1.091245145237472597e-01 1.203721085673652991e-01 1.334082267352973139e-01 1.610712826384148866e-01 1.431203148512199541e-01 8.038698039894165426e-02 9.401026259453588996e-02 6.233590006938159039e-02 1.276464822196535509e-01 1.674137324323361486e-01 1.497471426513391768e-01 1.295282821126477191e-01 1.381754722582632933e-01 1.211049854214644034e-01 1.293242076126556728e-01 1.651133883829270788e-01 1.267460848221385883e-01 1.495414365643579491e-01 1.212930652128665215e-01 1.478057649749704439e-01 1.477951321962792108e-01 1.701908322635772297e-01 1.465129095661698855e-01 1.156926227168684901e-01 1.326294991588246042e-01 1.060128662094282914e-01 1.147738193918936139e-01 1.322834992371727525e-01 1.149089818721669432e-01 1.199254388854783526e-01 1.422782580682808717e-01 1.354798179134197311e-01 1.448711419980370230e-01 1.701780805178444989e-01 1.497710221674799502e-01 1.555975251856475672e-01 1.458767026907214492e-01 1.512966773007654309e-01 1.349945319357205575e-01 1.460400946224709173e-01 1.077046069930009953e-01 1.196428904617480582e-01 1.330514677216488584e-01 1.248443179751925203e-01 1.267569847103482139e-01 1.307393614243932967e-01 1.155456234499767226e-01 1.274620109490766373e-01 1.258731485667350936e-01 1.247687494310189132e-01 1.380840633522502081e-01 1.510342788903485112e-01 9.716132458943772809e-02 1.426018860402740729e-01 1.344335310914267501e-01 1.257561350439574954e-01 1.139563495607335136e-01 1.189820904293537457e-01 1.336943510689337367e-01 1.200869500721116478e-01 1.253004866795311423e-01 1.474536870592468574e-01 1.509336570847121251e-01 1.504935935555398174e-01 1.450091049224546957e-01 1.307529830976009999e-01 1.273554096299587823e-01 1.487854827204319330e-01 1.405763224368938302e-01 1.343917039087384191e-01 1.498226499786479704e-01 1.676954240723625422e-01
8.462545943428420592e-02 7.348558435657746857e-02 1.000000000000000000e+00 3.781105781510365471e-01 1.909878807115577559e-01 1.073690018431300713e-01 3.346704430546856290e-01 3.511016929075039261e-01 3.278337035252105736e-01 2.952044047723100251e-01 3.396045693393872633e-01 4.032221858909755818e-01 3.353049069333386978e-01 2.431463801669488112e-01 3.575525454100371148e-01 3.862546504685154813e-01 3.291911766048538079e-01 3.445390169556828419e-01 3.516427934484144258e-01 3.790858601469128675e-01 3.847127471307090207e-01 3.611535310262253828e-01 3.556830459629863883e-01 3.227432528620994279e-01 3.311700734578788552e-01 3.489269494299553354e-01 3.475349545539803131e-01 3.450072514145988700e-01 3.359662923684611502e-01 3.614479889417769876e-01 3.830911817316020596e-01 3.761904610248856806e-01 3.511594718691569694e-01 3.605396785209842858e-01 3.430409034707113114e-01 3.765966966883405598e-01 3.525069345035085067e-01 3.707679546947547089e-01 3.752559260336069680e-01 3.593324116325206652e-01 3.515235456802409675e-01 3.438367465380653965e-01 3.677445715359994316e-01 3.738753876663238884e-01 3.732689053699100312e-01 3.620669821478634809e-01 3.519168337317046813e-01 3.503319503131154256e-01 3.615361948409860360e-01 3.648720385950839917e-01 3.606241475271171337e-01 3.629744657317852674e-01 3.674507067053476850e-01 3.522888332048160209e-01 3.493445755129205299e-01 3.695719066867406144e-01 3.641172447711424343e-01 3.459966336407521714e-01 3.575139952192459836e-01 3.513893387248643307e-01 3.626592326219638118e-01 3.571485854486057820e-01 3.669021750921360181e-01 3.732967318505245879e-01 3.561902250400723613e-01 3.581805895601079537e-01 3.549050149618016015e-01 3.554903997639562996e-01 3.737312450148483345e-01 3.888206236764756851e-01 3.731603088585456751e-01 3.593523717419986330e-01 3.695340324610164595e-01 3.626342370826040606e-01 3.522061114513712066e-01 3.481467562970497198e-01 3.484501176446386794e-01 3.442310785259609651e-01 3.498940954944815829e-01 3.473801801775810438e-01 3.576374238238228531e-01 3.654594697405228465e-01 3.710788657980024219e-01 3.476502519594326657e-01 3.540481373020416545e-01 3.612542972519220408e-01 3.533584251351171712e-01 3.534231726104785087e-01 3.545456622649627021e-01 3.695707392219404475e-01 3.541842461144656395e-01 3.447620829909005535e-01 3.588710933777609635e-01 3.519707667813017915e-01 3.418295490918247248e-01 3.444810448356581678e-01 3.625779903137381077e-01 3.566833199478039451e-01 3.495376566445390631e-01 3.555231377206430898e-01 3.541498713629073203e-01 3.572079081129949651e-01 3.472808303257695073e-01 3.508200461689852667e-01 3.583780593779621881e-01 3.638552375329607291e-01 3.476274204762833664e-01 3.413010663119447896e-01 3.522360784567218905e-01 3.464373027664680582e-01 3.555166286975779966e-01 3.433160333066244130e-01 3.506430880582118714e-01 3.547995883559657559e-01 3.470376145617453667e-01 3.526196670898104069e-01
2.643157757055328641e-02 1.698251329983069269e-02 3.781105781510365471e-01 1.000000000000000000e+00 2.891985805272215271e-01 2.553559812079333469e-01 5.588396616144450935e-01 5.441000266031149613e-01 4.663685291933032384e-01 3.972390598960017782e-01 5.426146559269990899e-01 6.356956940313606141e-01 5.098291801773404686e-01 3.996743189118752704e-01 5.941604270005529376e-01 5.940976587614530402e-01 5.181852899027352688e-01 5.743308938797441199e-01 5.198632982089117505e-01 5.997176695039724281e-01 6.438332957587082905e-01 5.547288555289403567e-01 5.462345829762171867e-01 4.886217636644507589e-01 4.671659759283421920e-01 5.446622157477289949e-01 5.624623601543176088e-01 5.444367050719502998e-01 4.651760060335839997e-01 5.089856824756334719e-01 5.629859432500226024e-01 5.992883607363509446e-01 5.288271321037590900e-01 5.853385000447273168e-01 5.320819709019346533e-01 6.061256348480589251e-01 5.447809970993239270e-01 5.889599383521275655e-01 6.001045037295925644e-01 5.795575512608336366e-01 5.585788657347630082e-01 5.771033918673903473e-01 6.024230334323288361e-01 5.973965774200924450e-01 5.944922427715504387e-01 5.771905724181539687e-01 5.600114695926201591e-01 5.416839348277098232e-01 5.685481510612759859e-01 6.019565073022176138e-01 5.932087929342748645e-01 6.178266659519027204e-01 5.884818983881879850e-01 5.264514968114140103e-01 5.213002361955088038e-01 5.781698094030920387e-01 5.604912898949776512e-01 5.540025346631787251e-01 5.587923956458829000e-01 5.478050234542183317e-01 5.875559811383966879e-01 5.471886367148310892e-01 5.616538567021379658e-01 5.846892336018734149e-01 5.675286045864599282e-01 5.554680904707633982e-01 5.590947981907815612e-01 5.594364571542288500e-01 5.815253561317444975e-01 6.197108954935665048e-01 5.947337638429041062e-01 5.599183133616860708e-01 5.798808948303857402e-01 5.538844853330003870e-01 5.554467981187747316e-01 5.538755105424580938e-01 5.465632636655689547e-01 5.152462148720416968e-01 5.453262142523408462e-01 5.303582607314304420e-01 5.457699345387071466e-01 5.553301592847671442e-01 5.901027037602840641e-01 5.422312098523459634e-01 5.758782393248267351e-01 5.812760306021641510e-01 5.616020546264909319e-01 5.724156072417689867e-01 5.694477537477810047e-01 5.798864592591134182e-01 5.646291128885992938e-01 5.574326901278658930e-01 5.723173111082860975e-01 5.656013354447815278e-01 5.472296828389576762e-01 5.400812096807523499e-01 5.968024454167396575e-01 5.776264822935970322e-01 5.716804950185800926e-01 5.833166456401002176e-01 5.787047998115124603e-01 5.862515463597435250e-01 5.631114559053965740e-01 5.716312425505351014e-01 5.881428200834849518e-01 5.677799224012098911e-01 5.568589522661553382e-01 5.375864961567241584e-01 5.503871078522168947e-01 5.564497453310173203e-01 5.664455762732324429e-01 5.457364189787902164e-01 5.551109093870555400e-01 5.717864656825323300e-01 5.558893045697151925e-01 5.539621448518183833e-01
4.997783936080802542e-02 6.337556738555273628e-02 1.909878807115577559e-01 2.891985805272215271e-01 1.000000000000000000e+00 1.908663118115805912e-01 4.142638992967492828e-01 4.162184923286554317e-01 4.051769387732118699e-01 3.605335773628231544e-01 3.967394866288335709e-01 4.428420768160116761e-01 4.506361224773016150e-01 3.460989941792185220e-01 4.653071850106777485e-01 4.597571262142433612e-01 3.857265518938339244e-01 3.762406298039899233e-01 4.191012141731222385e-01 3.589683370277836905e-01 4.068748895106483188e-01 4.165688783188660760e-01 3.634095920484889386e-01 3.672673725922767085e-01 3.790032471451775242e-01 4.410036502794558166e-01 4.218706739556128404e-01 4.290437240876001090e-01 4.030036690493110085e-01 4.284342388536711010e-01 4.506836283210370331e-01 4.245311194779293751e-01 3.955866149512202168e-01 4.304386661457279550e-01 4.136212580132079819e-01 4.379244085112301565e-01 4.361827619300342462e-01 4.306485756508341978e-01 4.491949221908817513e-01 3.983757161473127084e-01 4.552497622140084799e-01 4.589921277756034423e-01 4.747834838786351153e-01 4.832631841204653167e-01 4.510579434055916881e-01 4.565678428546580125e-01 4.618169421931890284e-01 4.533088964809426913e-01 4.527525664646813164e-01 4.407269457766379572e-01 4.528447184106255685e-01 4.673225649081862443e-01 4.744827664005935586e-01 4.237195284277635032e-01 4.136552896866226292e-01 4.394693329005870397e-01 4.089328813437575483e-01 4.663733442394467077e-01 4.301495578931380792e-01 4.598906006785213330e-01 4.721435258220277875e-01 4.323451205746829951e-01 4.361150962802228803e-01 4.531488244061119275e-01 4.558094999064599695e-01 4.359457853764016066e-01 4.655650378989417693e-01 4.649979888682328477e-01 4.607353539711198653e-01 4.724450683847758459e-01 4.722384741306379641e-01 4.693586021532987207e-01 4.591993727895899990e-01 4.589763756056046695e-01 4.719141520585160010e-01 4.640856767601784783e-01 4.640962027820130786e-01 4.584911854536414810e-01 4.654081696440799942e-01 4.637511399816609536e-01 4.663140910234866987e-01 4.688116182201049198e-01 4.580125654380707290e-01 4.643580343428816981e-01 4.647023319761361404e-01 4.684353472773361560e-01 4.647608350976375480e-01 4.594765941172158086e-01 4.708324200810758420e-01 4.527074484657278020e-01 4.532044911318275360e-01 4.676402034020046283e-01 4.710844982296751304e-01 4.647543182395645900e-01 4.672061161260795403e-01 4.642673210199909084e-01 4.681820034941130415e-01 4.624805083344853407e-01 4.785460044938560920e-01 4.693187045330776130e-01 4.820489039035326106e-01 4.666505261638354551e-01 4.739787698683564088e-01 4.781419947726081587e-01 4.806026764637045812e-01 4.462008589492174604e-01 4.611519461164019784e-01 4.625698981626325534e-01 4.583768148830671962e-01 4.650084035524981729e-01 4.552005762087527607e-01 4.687515337048487329e-01 4.597698777336594600e-01 4.678378597567768860e-01 4.670839248288339851e-01 4.581343462678496570e-01
-6.223214893432406358e-02 5.014566711267386817e-02 1.073690018431300713e-01 2.553559812079333469e-01 1.908663118115805912e-01 1.000000000000000000e+00 3.789718434355785481e-01 3.342011331405609353e-01 3.030043795125628159e-01 3.087113430184716956e-01 3.714228154287279593e-01 3.743065731273622077e-01 3.452792335777765675e-01 2.765418735334611577e-01 3.989850430917596946e-01 3.843665557627604090e-01 3.196113885322213743e-01 3.185213586830059618e-01 3.363527599319152128e-01 2.927927510661635924e-01 3.132955855795081512e-01 3.211563110976263791e-01 3.366664750664124517e-01 2.945367674994235352e-01 2.955340425474556332e-01 3.599531211344139670e-01 3.813423705820367937e-01 3.664437333872841429e-01 3.463486927474974109e-01 3.544480880619381158e-01 3.813585019170223633e-01 3.773657809560885812e-01 3.730723153937193226e-01 3.758156795896918645e-01 3.588475196998572869e-01 3.817345599071421125e-01 3.823622104562187651e-01 3.800398962290335581e-01 3.983272886518004485e-01 3.801670917909121261e-01 3.919763915022110856e-01 4.103494576134265603e-01 3.966543354054837822e-01 4.086697605947349765e-01 4.035182310644055415e-01 4.039899848888943712e-01 4.001946399423629841e-01 3.938551029076253207e-01 3.889034655948547803e-01 3.862059412844670581e-01 3.884417460721038551e-01 3.841872348547430982e-01 3.947269677515033437e-01 3.771000729549373598e-01 3.757287306933191351e-01 3.918773720944992989e-01 3.626557602536702452e-01 3.918409818653964538e-01 3.900086090532453031e-01 3.884219370925658388e-01 3.991598623060353956e-01 3.848501932440582807e-01 3.828959404475201223e-01 3.882843040545523317e-01 3.809547650430991639e-01 3.766256859319786487e-01 4.022814993447250131e-01 4.012550726378271704e-01 4.058286872960112923e-01 4.049778171682162364e-01 4.000232978298134401e-01 3.995405948671009733e-01 3.962301631147679970e-01 3.896090257721265271e-01 4.051666161256935461e-01 4.042326436687871394e-01 4.037161712215586173e-01 3.974440090174461981e-01 4.031234048284800253e-01 3.951793415483953464e-01 4.048442080424828338e-01 4.024806056527447384e-01 4.020015284927069277e-01 4.052329605592547845e-01 4.120910421195916329e-01 4.067344595862567025e-01 4.098513531649740638e-01 4.066493991700852462e-01 4.150415337994104448e-01 4.003333800516402086e-01 4.101560187182444750e-01 4.109019367953355428e-01 4.092273329803097770e-01 4.112707442528597546e-01 4.050109754791850203e-01 4.011743654291599070e-01 4.052251911615670221e-01 3.910695443421941531e-01 4.067679321518981039e-01 4.055263831293133836e-01 4.125053629977162295e-01 4.025824620085990402e-01 4.048116373164260540e-01 4.074375539280981617e-01 4.057682548048809346e-01 3.817771398672981653e-01 3.993584868802044774e-01 4.025358891172581832e-01 4.008595127001329805e-01 4.029087909310672400e-01 4.045776350594258997e-01 4.007538805814678251e-01 3.981968052846087680e-01 4.021983612144587883e-01 3.956373235899879881e-01 3.916152446431021006e-01
-2.889118431331519354e-02 1.031226963650551803e-01 3.346704430546856290e-01 5.588396616144450935e-01 4.142638992967492828e-01 3.789718434355785481e-01 1.000000000000000000e+00 7.114912460932277805e-01 6.269354072713504422e-01 6.164506101913168612e-01 6.965259542146553517e-01 7.699553636663695189e-01 7.094541002437391164e-01 5.752478003591328104e-01 8.170343002942267452e-01 7.875061707789920984e-01 6.447287998578737911e-01 6.628156272540475236e-01 6.506714631001698779e-01 6.987187197009304684e-01 6.737485316195113150e-01 6.198907828819522070e-01 6.536752100529372722e-01 5.952782287933977567e-01 5.531235287858138339e-01 7.015725956153542331e-01 7.085392090541814403e-01 7.164005818240940515e-01 6.300385306368456728e-01 6.623028368510686104e-01 7.172752207661875490e-01 7.722331621088001086e-01 7.096665262855279543e-01 7.403060281970466061e-01 6.955291662386442475e-01 7.377105072245656592e-01 7.217332450128574051e-01 7.587467770168899728e-01 7.743750965200839609e-01 7.402447284464421795e-01 7.462803948832906764e-01 7.786987926587748410e-01 7.850417488053602622e-01 7.914098379003171591e-01 7.744816202184389153e-01 7.796397669318273493e-01 7.686021172739702090e-01 7.569517250937172204e-01 7.578496011013539091e-01 7.424986893251197539e-01 7.680697110767441549e-01 7.481197379355478683e-01 7.649460270902093129e-01 7.344700609309229300e-01 7.223756754935586333e-01 7.646475797998788515e-01 7.205095850407252644e-01 7.599113810384792167e-01 7.544886246153135190e-01 7.520081875151255479e-01 7.803281326878805935e-01 7.475188682303215426e-01 7.538791543904563852e-01 7.645375572253676477e-01 7.391434062183329656e-01 7.406148086818694631e-01 7.695485779639971158e-01 7.689978386725657700e-01 7.867428131999760765e-01 8.092212102276183927e-01 7.647994446460881779e-01 7.538049274493399121e-01 7.805508896008895858e-01 7.292213630696751103e-01 7.633330381995361291e-01 7.622005923961170382e-01 7.656647702744457940e-01 7.358576197309348865e-01 7.587211618717314421e-01 7.380408399691658072e-01 7.550073743455477659e-01 7.565570639363458083e-01 7.808247892211221952e-01 7.648361387594739824e-01 7.772995593136196035e-01 7.815626156869406316e-01 7.673346854495785019e-01 7.840692611994021233e-01 7.835611814628602456e-01 7.768014334637114437e-01 7.781811246391248105e-01 7.758770630074682817e-01 7.804933427592845030e-01 7.839723739630249932e-01 7.672770988156557559e-01 7.641473449172236920e-01 7.751069731012294461e-01 7.510826923559960067e-01 7.785521578430900647e-01 7.855374044976526360e-01 7.884856467288057225e-01 7.760006386724165317e-01 7.671745586236438097e-01 7.786165988288932249e-01 7.731748742610000669e-01 7.524690862987687412e-01 7.617068910162255735e-01 7.589874259673660140e-01 7.658847161335828879e-01 7.682591844023053396e-01 7.726470095565449725e-01 7.612638386667709423e-01 7.666146765379556749e-01 7.713210427973802297e-01 7.566652968626438325e-01 7.551194621881186508e-01
-1.092374306474710663e-02 1.231960990954165808e-01 3.511016929075039261e-01 5.441000266031149613e-01 4.162184923286554317e-01 3.342011331405609353e-01 7.114912460932277805e-01 1.000000000000000000e+00 6.208712772639900512e-01 5.993401792103446590e-01 6.664642639856407369e-01 7.551067384905975066e-01 7.129573162812055109e-01 5.410460565645486275e-01 7.639761838607678213e-01 7.849615478436441363e-01 6.318059049841436847e-01 6.447743694400059900e-01 6.506628902165471073e-01 6.533603435546366800e-01 6.759393854201065643e-01 6.292665486256268093e-01 6.173662043884138306e-01 5.778385854367873442e-01 5.519833625462837734e-01 6.724617429586343675e-01 6.623918300619940913e-01 6.748185912696533784e-01 6.170070629788472205e-01 6.530927423809933519e-01 6.974936765283976658e-01 7.442386764456193626e-01 6.675523433534779061e-01 7.242484894570899723e-01 6.778709088476313482e-01 7.153073084639378632e-01 6.753314519811702832e-01 7.440570605693882511e-01 7.514150201235363369e-01 6.898469545157015492e-01 7.081540955008265303e-01 7.368601450041294409e-01 7.492468686219524443e-01 7.621966309303870313e-01 7.370807402606937009e-01 7.505248287568837551e-01 7.500180162074803203e-01 7.343473858113812591e-01 7.463567390019859582e-01 7.402692267726790343e-01 7.503235562043114593e-01 7.261649215624002007e-01 7.537821500431629573e-01 7.162840632511157102e-01 7.084878068390891848e-01 7.374211634684092465e-01 7.150379930478971691e-01 7.439365566505102834e-01 7.344558144921662368e-01 7.377254065519357473e-01 7.658787849232314704e-01 7.381931632380951402e-01 7.461494484175165143e-01 7.612122144483581820e-01 7.292166130798584112e-01 7.363363832897900085e-01 7.500494379568409808e-01 7.467302726061970652e-01 7.571454199514271455e-01 7.805627382802671210e-01 7.522209316214099051e-01 7.376778019820652288e-01 7.503124484201523225e-01 7.120334684668218062e-01 7.375159510961530884e-01 7.302972509671215029e-01 7.296131068178378642e-01 7.116109514918639301e-01 7.347384360374419332e-01 7.304265753742377187e-01 7.318546521862938636e-01 7.377695316313805929e-01 7.512863791690392867e-01 7.364324651601437122e-01 7.539704220077174668e-01 7.576484429045406976e-01 7.339139670541818816e-01 7.531306335850928013e-01 7.516558123356676946e-01 7.462304462992758181e-01 7.313504909568637746e-01 7.427119612454375908e-01 7.466822789688958295e-01 7.492144533910631843e-01 7.454920966775752111e-01 7.428962760961029810e-01 7.520721622932334816e-01 7.485786447239509700e-01 7.597741034995724174e-01 7.594388960596607507e-01 7.609155494901007621e-01 7.607752805065535195e-01 7.470897441901240832e-01 7.569989473146764292e-01 7.590982780278520137e-01 7.460592768497017468e-01 7.483687162196216436e-01 7.358095285066009739e-01 7.434224050543971618e-01 7.449483120108711942e-01 7.474107893554583493e-01 7.437360865827251644e-01 7.494844923255051805e-01 7.587822143622560134e-01 7.401538946400939567e-01 7.467035963182172553e-01
2.026417666816727192e-01 1.885598449640150664e-01 3.278337035252105736e-01 4.663685291933032384e-01 4.051769387732118699e-01 3.030043795125628159e-01 6.269354072713504422e-01 6.208712772639900512e-01 1.000000000000000000e+00 7.297041717062329180e-01 7.431791412129544749e-01 7.885205737298728312e-01 7.359034880657574496e-01 6.051454132315406964e-01 7.769564058905130688e-01 7.844589773068348926e-01 7.675008233302055283e-01 6.065232474832011889e-01 7.213866214015276501e-01 5.282659308143869969e-01 6.379654840687639661e-01 7.057443437942048092e-01 6.576704745255476103e-01 5.808644950228992743e-01 6.464033828006430227e-01 7.828336998878918651e-01 7.834718173210346581e-01 7.745422170604561174e-01 7.250397015249642196e-01 7.953069264136594096e-01 8.118829759611525532e-01 7.607728688219733693e-01 7.406238399735777245e-01 7.237228704841376370e-01 7.816408171085934553e-01 7.507550438494614564e-01 7.932952702904000342e-01 7.682780917338716264e-01 7.982993186281184261e-01 7.242543036455131311e-01 8.195857983135196312e-01 7.884974059293695658e-01 7.662751751989962390e-01 8.213850762917652704e-01 8.112994107850424186e-01 7.969568728801270652e-01 8.370229212240872796e-01 8.504567542802830005e-01 8.318596082591001029e-01 7.677477357457874740e-01 8.020434626863560679e-01 7.562175145244327545e-01 8.273585834828205421e-01 8.385855312456037547e-01 8.058973269039109155e-01 8.099112254409686074e-01 8.199556367462865758e-01 8.331123945194990332e-01 8.182430283519255276e-01 8.588937244552097283e-01 8.350872905289821180e-01 8.395842700892066635e-01 8.169894623289380986e-01 8.401884249182182129e-01 8.571398279194415437e-01 8.481293900389764717e-01 8.430975939712488376e-01 8.125974628720896709e-01 8.204399996763820369e-01 7.944663918434003991e-01 8.221667635552143416e-01 8.376132015779824691e-01 7.916033028550462092e-01 8.061598210526800257e-01 8.391164150391596799e-01 8.356413417589424464e-01 8.239278476413017804e-01 8.160139541330559965e-01 8.263392848218461539e-01 8.425008281305262914e-01 8.417710079457516592e-01 8.416862507872399091e-01 8.272918348217530582e-01 8.314214244597918357e-01 8.074076362269855256e-01 8.091796216312264756e-01 8.232645080991032316e-01 8.231825964925452155e-01 8.273154378702290979e-01 8.205987616699095266e-01 8.066125748216549374e-01 8.274597061084834060e-01 8.300540775613166611e-01 8.270925801119443088e-01 8.372939497119951113e-01 8.434308915093764458e-01 8.032799077152172895e-01 8.282554716484835655e-01 8.309811985272472779e-01 8.245341940206313280e-01 8.206564162212636182e-01 8.260785369070606787e-01 8.350660874731054006e-01 8.328670496225555331e-01 8.297395404540529595e-01 8.311341964882382749e-01 8.396902600953123352e-01 8.431232870181227801e-01 8.389106652493832916e-01 8.371307034152850601e-01 8.267034458260391627e-01 8.469103520504225324e-01 8.401725095164230828e-01 8.368595630289441534e-01 8.509587073903054355e-01 8.481823634527536626e-01
1.029193991925795720e-01 2.349691591248216638e-01 2.952044047723100251e-01 3.972390598960017782e-01 3.605335773628231544e-01 3.087113430184716956e-01 6.164506101913168612e-01 5.993401792103446590e-01 7.297041717062329180e-01 1.000000000000000000e+00 6.964745280764328417e-01 7.296321282681053066e-01 6.900971123034888022e-01 5.693817561842191566e-01 7.425244162361163136e-01 7.341876275657711615e-01 6.548339103829461383e-01 5.568402322168131136e-01 6.533581250535471785e-01 4.874991585965187113e-01 5.535997733743454052e-01 6.009462284707489665e-01 6.196034991739365339e-01 5.407816350121389393e-01 5.672788759946988391e-01 7.291350507703996398e-01 7.257769194502857735e-01 7.209965947248884177e-01 6.921852054764182638e-01 7.403751228980961496e-01 7.511988181369979589e-01 7.249149051950115608e-01 7.039376567454773692e-01 6.770066013432802787e-01 7.275454999143906587e-01 6.809903165125918978e-01 7.437426556189726812e-01 7.220961401685496162e-01 7.521192840847178429e-01 7.000997732089678793e-01 7.670888745651550655e-01 7.467479555818472559e-01 7.154366112064683980e-01 7.593913817281928713e-01 7.539186010328067233e-01 7.568870901452703359e-01 7.841243389495842209e-01 8.056420213984755163e-01 7.777570789941508078e-01 7.045892550370609353e-01 7.407924360685427256e-01 6.733943048206130211e-01 7.592401888883835159e-01 7.988003636341992619e-01 7.738309887491601202e-01 7.747246849429904048e-01 7.567350901739773317e-01 7.782347630740344968e-01 7.799091337041617056e-01 7.935555385928861893e-01 7.753151150872993336e-01 7.888909476092192952e-01 7.701778690256687598e-01 7.780143451232230944e-01 7.662105332483734044e-01 7.809481660773778255e-01 7.866113831340599827e-01 7.667486525459857871e-01 7.799026885109040519e-01 7.440727203069912310e-01 7.592021414325642592e-01 7.758639251289134453e-01 7.521092786582892487e-01 7.458311069587685305e-01 7.886137257909648923e-01 7.840935685424338386e-01 7.786122184758572651e-01 7.818167253745296197e-01 7.816047704070664404e-01 7.902209549824146251e-01 7.880012172621874145e-01 7.904440494727121846e-01 7.798797929254737138e-01 7.880000717046494740e-01 7.626019879413742375e-01 7.644854701665659835e-01 7.760313347944173268e-01 7.849136777266050302e-01 7.822269556377074995e-01 7.869698876765790496e-01 7.712676098367728938e-01 7.843484993683877970e-01 7.817722604665520159e-01 7.830965743605363683e-01 7.900934130180735648e-01 7.993878859414671467e-01 7.552614317154452417e-01 7.653250267533083795e-01 7.818043949526819469e-01 7.765648523991879326e-01 7.699750353313459250e-01 7.756482686600859600e-01 7.815141081885502716e-01 7.775412986181671204e-01 7.699403931151440617e-01 7.820826055731867621e-01 7.903708589834668174e-01 7.998906681524263762e-01 7.978750369633781370e-01 7.854351737353540974e-01 7.890973985641948074e-01 7.946884379116327946e-01 7.922825308491417973e-01 7.832777935878662001e-01 7.817638826552981701e-01 7.924012385337145803e-01
-2.706911104129551115e-03 1.126722708466929290e-01 3.396045693393872633e-01 5.426146559269990899e-01 3.967394866288335709e-01 3.714228154287279593e-01 6.965259542146553517e-01 6.664642639856407369e-01 7.431791412129544749e-01 6.964745280764328417e-01 1.000000000000000000e+00 8.360828274082698908e-01 7.559184307577724304e-01 6.249567324423361825e-01 8.373549622143098281e-01 8.249277380483319710e-01 7.243891776579015618e-01 6.951017379825339404e-01 7.637580004135161582e-01 6.264834961826518667e-01 6.937969129092502740e-01 7.386553121010694944e-01 7.403336980485738517e-01 6.653171170439676763e-01 6.942780066180126441e-01 8.032022214844249941e-01 8.185022475870349368e-01 8.228083113161545059e-01 7.461185413796032062e-01 8.018152897178790761e-01 8.456904447172585160e-01 8.302005882436550577e-01 8.041281771044668236e-01 7.959716151185359800e-01 8.158108652865665444e-01 8.080420555369032254e-01 8.358300567551971705e-01 8.345861464395661899e-01 8.627633379776751266e-01 8.256377673113310944e-01 8.585733563974429217e-01 8.597228851164706587e-01 8.471585124657684540e-01 8.702604851007341713e-01 8.705043800533311948e-01 8.561373235630078682e-01 8.672679178807044531e-01 8.663295397111384633e-01 8.565904252903043803e-01 8.226703360585850833e-01 8.503965318834832976e-01 8.215990087538841413e-01 8.595954178266921319e-01 8.439301424738779867e-01 8.238200455559894220e-01 8.612655607758498144e-01 8.303381865063413914e-01 8.642197887756415398e-01 8.520141633019305827e-01 8.592750125791983606e-01 8.718194506074908867e-01 8.546050615757749824e-01 8.526906852242179813e-01 8.599262012809498756e-01 8.480437367878972399e-01 8.470241915141597522e-01 8.684465666072967993e-01 8.685642051161969190e-01 8.744113446760019004e-01 8.572736103634777116e-01 8.719294768330777545e-01 8.737784721333139437e-01 8.576247739669974335e-01 8.555533915505244558e-01 8.758259712984284295e-01 8.746014786785900608e-01 8.667797888598869349e-01 8.484523671771311282e-01 8.693527651159927983e-01 8.652895791903111311e-01 8.721883549999235319e-01 8.721161492698052964e-01 8.744778269217468036e-01 8.705214298229642100e-01 8.689110902997779773e-01 8.680885601059387113e-01 8.729408908058391425e-01 8.759028429640058899e-01 8.786533968183146692e-01 8.735776059009793260e-01 8.766077706318142759e-01 8.770184728191605661e-01 8.811152133900536088e-01 8.804949748204566884e-01 8.718471698843015538e-01 8.706935546923255664e-01 8.674697709775504029e-01 8.504835714400369451e-01 8.729967833676351985e-01 8.708088184206420612e-01 8.764864860954034720e-01 8.706781989356129348e-01 8.724129784233151108e-01 8.752995798765478286e-01 8.714995697059940705e-01 8.546422109136292411e-01 8.655496178325100542e-01 8.685181011200522327e-01 8.709283358370850658e-01 8.703179448360744974e-01 8.721679707840789275e-01 8.692834513047374978e-01 8.708095854907146327e-01 8.704715772177125110e-01 8.645103983786144308e-01 8.598876914794587600e-01
2.276553418617633523e-02 1.077107153438119219e-01 4.032221858909755818e-01 6.356956940313606141e-01 4.428420768160116761e-01 3.743065731273622077e-01 7.699553636663695189e-01 7.551067384905975066e-01 7.885205737298728312e-01 7.296321282681053066e-01 8.360828274082698908e-01 1.000000000000000000e+00 8.103508065365633284e-01 6.642392277972908321e-01 8.939263929878091819e-01 8.948915753934337802e-01 7.983857396877795942e-01 7.449208546513597096e-01 7.855942363778316562e-01 7.121518425267215902e-01 7.709487700456020276e-01 7.651359549778107283e-01 7.558394560531566109e-01 6.716313206945179193e-01 6.911110791529078146e-01 8.396269608156659014e-01 8.504717189390388343e-01 8.458881393104659141e-01 7.538210154459810131e-01 8.199682340088255694e-01 8.675561220597438616e-01 8.849430092628918221e-01 8.286111382648936319e-01 8.441340454036233565e-01 8.471691664033547120e-01 8.577894982851657080e-01 8.579928769249022258e-01 8.958073692353963891e-01 9.038523845449407679e-01 8.561789042400057559e-01 8.941835785114377044e-01 9.017464562177794907e-01 8.924083118623107325e-01 9.254622353049670735e-01 9.106257487615374568e-01 8.992260236696957287e-01 9.194534521059294363e-01 9.128679244992680131e-01 9.155604797779649529e-01 8.894926774743413533e-01 9.138997891390210349e-01 8.844287480581447536e-01 9.180539353900035726e-01 8.954859014707733378e-01 8.797621883051733871e-01 9.115824062279146434e-01 8.960334133251571798e-01 9.121841086006596822e-01 9.130847080622710443e-01 9.137345595010699650e-01 9.298345962410402565e-01 9.118454224633777416e-01 9.116478381359996996e-01 9.222679615629758576e-01 9.061813616504025282e-01 9.086026142074123957e-01 9.168721530666453789e-01 9.041461468097042875e-01 9.193448333818000640e-01 9.184924201691935242e-01 9.155649786495940745e-01 9.086696060562541311e-01 8.956951378408496423e-01 8.806080873530325315e-01 9.121055226691926476e-01 9.092156052020511359e-01 9.013323322874666754e-01 8.734043721765992752e-01 8.982676235033547618e-01 8.983351075508984040e-01 9.068335208313648144e-01 9.076048709891161304e-01 9.226868825762090109e-01 9.091092321692337830e-01 9.148677328149369403e-01 9.117860390174657992e-01 9.056579866038034776e-01 9.222824267629347039e-01 9.178457132341220071e-01 9.186081854885902453e-01 9.072723995293936472e-01 9.151529798952576789e-01 9.188682946494917125e-01 9.166213783916626889e-01 9.161646605087022666e-01 9.146775535487708941e-01 9.178616399341195109e-01 9.116510466395172374e-01 9.225828198477032949e-01 9.243038663865329463e-01 9.212260291819507341e-01 9.261778531439366358e-01 9.166360306847807227e-01 9.233924207639128134e-01 9.226200570949808499e-01 9.123058289512355756e-01 9.176350418293576228e-01 9.103905354240205972e-01 9.166771481784373732e-01 9.185030037561612293e-01 9.208693306837583137e-01 9.152347672461351724e-01 9.208420961823895468e-01 9.235348277456315591e-01 9.144060922661603197e-01 9.145234004130394778e-01
4.116871808714375053e-02 1.472586627404506576e-01 3.353049069333386978e-01 5.098291801773404686e-01 4.506361224773016150e-01 3.452792335777765675e-01 7.094541002437391164e-01 7.129573162812055109e-01 7.359034880657574496e-01 6.900971123034888022e-01 7.559184307577724304e-01 8.103508065365633284e-01 1.000000000000000000e+00 5.957715941996808429e-01 8.204107589706849391e-01 8.248934279101944878e-01 7.097980876677287831e-01 6.545587317734450350e-01 7.229588972872915686e-01 6.135785228183323614e-01 6.799726397271379508e-01 6.928093965155128764e-01 6.661107083116842853e-01 6.167545614436332757e-01 6.403661240292053414e-01 7.669844263906493431e-01 7.540961594674612245e-01 7.555957261726540253e-01 6.905080809749484239e-01 7.348233170970374095e-01 7.874032220608581101e-01 7.918486135824036598e-01 7.367277359514841084e-01 7.633202845137386783e-01 7.581337663618422651e-01 7.667732483364676499e-01 7.834118854187809289e-01 7.925784235684918411e-01 8.166870602389523226e-01 7.487357635277631651e-01 8.217236895768348370e-01 8.175675683406504746e-01 8.141284327892067685e-01 8.453377281797699316e-01 8.243555496664904947e-01 8.257769270685852980e-01 8.497478039183034015e-01 8.425648975778481375e-01 8.284897250091509679e-01 7.910402827672703419e-01 8.188248045378399009e-01 7.948236267727004645e-01 8.390668213987567681e-01 8.141771616896523733e-01 7.883255179747169494e-01 8.155642382923512512e-01 7.854052187022686482e-01 8.435417899290513777e-01 8.159590619644923049e-01 8.512871849001737434e-01 8.512528427320753543e-01 8.272950550360543831e-01 8.148303913489098882e-01 8.331453359761199495e-01 8.276837753066397241e-01 8.279892305933542751e-01 8.469631974050414458e-01 8.396782555778882218e-01 8.459186527272409828e-01 8.350958674396178338e-01 8.408815943380069102e-01 8.415303589646794258e-01 8.301884510939370188e-01 8.157286716355953704e-01 8.448729714651297407e-01 8.410339966534717826e-01 8.321157050269694100e-01 8.145418156779439256e-01 8.345998168924836369e-01 8.381020883564104240e-01 8.391653574232628143e-01 8.427027352595976017e-01 8.435511787508899184e-01 8.391377802211544834e-01 8.403132032852308475e-01 8.407783836821538515e-01 8.388528431519270967e-01 8.462695590596909234e-01 8.476907574449910054e-01 8.420359026583571493e-01 8.287198877842633093e-01 8.451109262045943815e-01 8.463521787677650288e-01 8.465967427435665549e-01 8.516369012990511189e-01 8.498001728984477809e-01 8.301902461857433302e-01 8.298511319558813382e-01 8.521067978841619928e-01 8.472142620495448639e-01 8.504323489104101963e-01 8.457775397644154980e-01 8.476283140437300689e-01 8.553190422479475252e-01 8.504866569508051644e-01 8.322878039432698438e-01 8.455392276576562116e-01 8.469447325031828067e-01 8.478707884561494934e-01 8.495653146219188656e-01 8.443461837547998616e-01 8.539353791669170857e-01 8.494294085610604172e-01 8.481484828342764626e-01 8.446786687476184330e-01 8.476311711191709675e-01
