1.000000000000000000e+00 1.924505161603006220e-01 2.127603088443065227e-01 2.030522614071700871e-01 7.336461838204785813e-02 1.920561249420232527e-02 1.424263367591089013e-01 1.334262093721886588e-01 1.552148406957425397e-01 8.162119076781751414e-02 6.088856075827592945e-02 8.731233823129798399e-02 2.116821556256742731e-02 -8.991770662534235431e-03 9.331153902714163506e-02 5.827840778255526100e-02 1.818985657975156489e-01 2.489289161438690001e-01 2.084777276384161548e-01 2.116216527336369779e-01 2.525058780885778287e-01 2.205894412253829318e-01 2.274241089074600097e-01 2.162110410626278401e-01 1.987270003046076872e-01 1.884777658593427552e-01 1.637488016640156474e-01 1.373432193730997342e-01 1.470694003257162208e-01 1.433389097004321155e-01 1.054122157449974145e-01 1.376948125162762437e-01 8.053335444880878324e-02 1.077908063292701141e-01 8.578635848376234274e-02 8.684338869176748410e-02 8.498779913158162336e-02 7.265349609831132927e-02 1.643557796192877951e-02 5.493270820632562002e-02 6.704468238461146201e-02 5.162574024096805436e-02 1.619166799470257018e-02 5.431412022949098917e-02 8.044075381710498462e-02 5.049029294002074092e-02 3.601178381417512869e-02 4.455365196088858365e-02 4.771299053498471998e-02 7.700360510770429268e-02 5.032955187864009833e-02 7.217534473580526633e-02 4.220015321081074106e-02 8.347906908677320270e-02 7.773595721874693165e-02 9.246074168662646309e-02 1.138093384303469346e-01 4.358502323967088782e-02 4.731197429779874369e-02 6.354590508619535616e-02 4.018725749272061137e-02 4.516940347157110541e-02 4.423699298629874682e-02 4.029555446794787915e-02 7.867565074940351122e-02 9.527183139932908496e-02 4.476902487973422051e-02 9.230103839258808895e-02 9.597125319359232909e-02 8.673782764322328365e-02 9.565533535951824262e-02 8.006352502628144574e-02 9.180113844715538651e-02 8.800772170177505183e-02 6.535626357196494540e-02 6.119124864550037207e-02 6.109326046304615343e-02 6.468325445290705467e-02 7.138483743959052330e-02 8.223418130034687579e-02 6.554169004457428838e-02 4.167453615805497696e-02 8.080828961924783893e-02 7.831972573926933301e-02 2.937775827083946231e-02 5.090035039181133036e-02 3.150741438629674207e-02 3.553897621630244807e-02 2.717236303730156607e-02 5.785740797933006802e-02 3.104307342030909050e-02 2.882560041457759084e-02 3.336957979384681805e-02 2.830428517609235098e-02 1.061122881240453460e-02 2.480684675623818711e-02 3.863748740707764751e-02 6.694388396399779395e-02 2.527366545436556325e-02 2.250547202803120789e-02 1.557318888902905736e-03 4.980177677361340149e-02 2.559978944391155462e-02 2.015380042793572454e-02 4.881227416844848704e-02 7.206833098288310813e-02 4.107370087898973982e-02 3.238070407007090368e-02 3.912245779135043594e-02 2.049952976573374969e-02 2.118641130737270242e-02 3.459549395087022083e-02 2.378789283047549885e-02 3.772295951744716186e-02 4.291011296229015753e-02 5.528181978032321170e-02
1.924505161603006220e-01 1.000000000000000000e+00 1.531239160110630937e-01 1.713982130199935283e-01 9.271893318064773626e-02 8.074045227270287839e-02 1.974792759957151034e-01 1.668538693090056146e-01 2.017807418433573141e-01 2.202210541405217881e-01 1.729957492267147068e-01 1.831705601597092559e-01 1.510081073790057460e-01 1.309098529616869455e-01 1.937225673213803234e-01 1.763386552181829547e-01 2.021086106993477960e-01 2.972200349777167627e-01 2.931561603610939315e-01 2.248313043384233822e-01 2.616429767410022311e-01 2.503824100926266283e-01 3.028608677693273576e-01 2.956361133942077002e-01 2.772309951100702663e-01 2.756304006206596324e-01 2.187382967952631041e-01 2.289742546981544391e-01 2.477749040218162335e-01 2.248032586482039963e-01 2.294454796909002892e-01 2.368171253284677702e-01 1.878403692165587779e-01 2.042246027726885294e-01 1.949806586626753602e-01 1.669559134718804350e-01 1.933825286751370554e-01 2.072664519712767162e-01 1.640369014757006305e-01 1.896865279449658215e-01 1.990566522183169762e-01 1.819116025542591164e-01 1.573110308675824132e-01 1.804530027856184327e-01 1.945319676314936352e-01 1.951426879533141590e-01 1.783393822089557323e-01 1.887145157693847497e-01 1.742871979020820805e-01 1.771027183899960833e-01 1.802408247321808932e-01 1.585556641821830592e-01 1.620909600838150999e-01 2.054683845308067081e-01 2.135647814110285259e-01 2.165040776915909959e-01 1.819928784435137226e-01 1.798643020589079655e-01 1.877508500278302905e-01 1.712980858326298983e-01 1.688182384862325913e-01 1.704583213939513120e-01 1.693076991245268392e-01 1.534143053514618882e-01 1.787715143696037567e-01 1.741332819579682056e-01 1.795084290986785347e-01 2.204972671266002271e-01 2.253379068553789943e-01 2.142175608369051576e-01 2.134365277093044078e-01 2.117385002770297286e-01 2.239516192413950613e-01 2.159435009061027588e-01 1.994063360098149718e-01 1.922088394174681636e-01 1.944842311003874002e-01 1.948793386363290581e-01 1.993779743364908486e-01 2.002073454130664787e-01 1.952964731368502793e-01 1.823661718025816336e-01 1.990699604376519882e-01 2.014228154711119878e-01 1.720188174891480182e-01 1.842942750842163913e-01 1.786281686405125357e-01 1.816963165272680591e-01 1.724939875806201506e-01 1.903100670358027768e-01 1.772308047674696074e-01 1.770699924023098060e-01 1.773468138400627891e-01 1.781701297271821582e-01 1.660909308938353091e-01 1.755648221997872793e-01 1.679749816316007116e-01 1.606918642091045846e-01 1.733338827590115150e-01 1.670248489792315327e-01 1.592740657047883035e-01 1.743101195148838434e-01 1.655481858934347017e-01 1.661688988852460247e-01 1.710588208121942011e-01 1.748261150070070657e-01 1.714804775973930440e-01 1.826738595930779696e-01 1.864839486984607442e-01 1.674786758937686082e-01 1.771983208009965394e-01 1.693235168652126588e-01 1.664556152707594716e-01 1.630105854467928383e-01 1.620802238448446064e-01 1.689818129698889282e-01
2.127603088443065227e-01 1.531239160110630937e-01 1.000000000000000000e+00 4.272968964077873966e-01 2.226835801670510595e-01 2.353527109025236597e-01 4.253925471190719287e-01 3.926706776299953572e-01 3.935658848913733410e-01 3.603090787504882875e-01 3.867529856232186369e-01 4.364806318925826822e-01 3.243142074097445371e-01 3.143445000535337597e-01 4.227577345116773078e-01 3.952733800073887638e-01 4.081182279141297164e-01 4.223101895829342589e-01 4.315638111242101060e-01 3.816326212795641548e-01 4.397065338908842658e-01 4.645873811014691324e-01 4.117047552462615445e-01 4.170216334510237766e-01 4.272448231546215891e-01 4.394929685058026614e-01 4.632801066228695031e-01 4.615014094358425578e-01 4.522842608673042220e-01 4.251768662181721892e-01 4.282432403666732723e-01 4.401047242356616596e-01 4.352004223106608061e-01 4.472984452757710616e-01 4.080730481017240119e-01 4.328832054254961870e-01 4.324329850694729749e-01 4.250873793675635781e-01 3.935138702064742700e-01 4.235925179092239201e-01 4.161935374041855207e-01 4.187883543627933802e-01 3.850448104493403578e-01 4.082026309363955274e-01 4.267151951313540303e-01 4.098301949272918909e-01 3.917698685605400244e-01 3.915338568657386609e-01 3.817752471575688311e-01 4.214764693377872073e-01 4.095630861131810407e-01 4.113578369713957739e-01 3.864376337794356298e-01 4.003170493236580252e-01 3.939490072924502484e-01 4.076489685571698662e-01 4.137820025481566688e-01 3.915613940749357869e-01 3.940681207803419794e-01 3.874327406234006066e-01 3.850684971581515570e-01 3.792981199944375770e-01 3.761864012110467392e-01 3.843995678889753354e-01 4.030410846410469872e-01 3.969845076975604958e-01 3.979170881242186653e-01 4.224733443913186726e-01 4.187842162953774316e-01 4.076797477611943110e-01 4.273426653604760483e-01 4.267596107423275997e-01 4.250839551014061746e-01 4.238310341629312195e-01 4.131841413404142571e-01 4.157496195385824156e-01 4.202292891377721329e-01 4.145809982066403498e-01 4.226707440266927462e-01 4.229453219807703390e-01 4.175938719152453293e-01 4.037497376019892337e-01 4.236533720973367223e-01 4.192150392237380951e-01 4.044478198389274692e-01 4.169543166017196656e-01 4.114037383038641194e-01 4.050430758791288555e-01 4.071781322253093527e-01 4.029288759163136002e-01 4.082964345584993437e-01 4.020252237062048595e-01 4.024862178138499114e-01 4.035135080921584683e-01 3.776458884347687617e-01 3.826017568365849830e-01 4.019110955217921610e-01 3.987048478853953970e-01 3.875431160722410673e-01 3.916267384696434095e-01 3.837291601226248128e-01 4.001637667085142791e-01 3.827245403249261990e-01 3.899014694925448943e-01 4.076932724982234579e-01 4.017964439349382411e-01 3.867270257785911935e-01 3.868130782978335125e-01 3.907756263859505363e-01 3.830627496564659173e-01 3.863298810980862474e-01 3.830387928035032807e-01 3.816608490354205796e-01 3.929449873389411763e-01 3.897550160452997736e-01 3.908448362972844481e-01
2.030522614071700871e-01 1.713982130199935283e-01 4.272968964077873966e-01 1.000000000000000000e+00 3.528094531890845764e-01 3.478132481100936202e-01 6.083170331403244813e-01 5.840525070751724224e-01 5.534410493028733002e-01 4.959206288713349786e-01 5.706587550500560324e-01 6.301378224463275446e-01 5.056263672688915412e-01 4.872620646575118175e-01 6.261884123231166166e-01 5.994076429657060334e-01 5.597007165640889292e-01 5.149529846276739153e-01 5.266293152211202200e-01 5.538073530977568604e-01 6.025446111095438262e-01 5.967216877509945450e-01 5.024031414261312944e-01 5.037078135253136857e-01 5.255678711429103700e-01 5.715301449151338753e-01 6.262577288367815465e-01 6.161835033342319967e-01 6.121919697158809681e-01 6.001033615836884882e-01 6.010351020537113564e-01 5.985496921690454109e-01 5.840357549491149713e-01 6.003018640341306611e-01 5.758157476104577288e-01 5.944604530018954280e-01 5.926802549016068067e-01 6.027686373164898859e-01 5.720014100427852632e-01 5.821524351152095322e-01 5.993074915329505981e-01 5.957894515440952388e-01 5.814649927611895697e-01 5.987731580360470263e-01 6.114766464754450848e-01 5.978698866214999796e-01 5.745401044114313294e-01 5.739871728741884338e-01 5.770782122764720468e-01 6.026673929260036866e-01 6.044054397397692346e-01 6.008653904106265875e-01 5.708128651508457274e-01 5.726876691405173858e-01 5.754927042577614449e-01 5.840997844829722840e-01 6.053960508257953954e-01 5.776105096580036458e-01 5.829918636356655748e-01 5.755407727477021007e-01 5.768388884936097583e-01 5.694396580156422250e-01 5.708795556694927775e-01 5.785177482710547325e-01 5.828925598760852367e-01 5.860704085879110403e-01 5.832583916131638402e-01 5.913285428119984255e-01 5.936833787474397051e-01 6.033341985374494065e-01 5.991752325995720607e-01 5.962647559859646229e-01 5.839942366874827373e-01 5.793690819724299779e-01 5.956216269125923501e-01 6.022673667880031889e-01 6.057374041518112096e-01 6.054119606844119428e-01 6.047167711023926362e-01 6.107849155209982284e-01 6.008473291921487824e-01 5.908566170021676278e-01 6.037401110897754331e-01 6.036930649650195102e-01 5.806669778598547715e-01 5.917819983677199414e-01 5.898755597487369551e-01 5.879398057848435055e-01 5.902138726727896856e-01 5.880691752452792409e-01 5.884985975503916888e-01 5.886353935424539774e-01 5.907980008250171000e-01 5.874841786360524010e-01 5.687400823369450631e-01 5.689087102245037331e-01 5.932862792850210898e-01 5.946942381242750209e-01 5.816358642069405782e-01 5.846500626130329836e-01 5.787508109422011549e-01 5.953628580580436758e-01 5.737415098461050578e-01 5.833994613512787364e-01 5.944741944979800019e-01 5.958534807884749984e-01 5.781215932917400657e-01 5.673643328198298974e-01 5.752911299583369775e-01 5.731116517019101408e-01 5.790011913517972841e-01 5.736957750930926636e-01 5.754673796776972328e-01 5.908144507388892741e-01 5.781875788950169293e-01 5.815333309476220514e-01
7.336461838204785813e-02 9.271893318064773626e-02 2.226835801670510595e-01 3.528094531890845764e-01 1.000000000000000000e+00 3.233041026565953713e-01 4.868213247448278658e-01 4.446625590438462172e-01 4.247504739078984404e-01 4.235006627392724488e-01 4.759224688305271345e-01 4.781352581605441410e-01 4.774605268037649952e-01 4.383506304598644987e-01 5.121657144808816620e-01 4.886609243790364654e-01 4.402563609807199074e-01 3.983291501859838601e-01 4.004026616109411241e-01 4.092207090799946934e-01 4.055818578888535919e-01 4.243343930928885621e-01 4.016779407146980341e-01 4.015558035342114418e-01 4.113426317882170613e-01 4.726773789605301923e-01 4.786719914257191455e-01 4.976446413474716612e-01 4.615756510428364878e-01 4.817011058796388245e-01 4.865129483576955960e-01 4.939878708365469384e-01 4.998453680004689148e-01 4.992615491486527279e-01 4.893639747431712261e-01 4.943672654147373002e-01 4.825814715647739339e-01 5.107170904132019018e-01 5.063977536799969537e-01 5.018857705290181714e-01 5.087187235977500555e-01 5.158944380928474072e-01 5.202916735690483740e-01 5.051165935856672951e-01 5.057475352268374635e-01 5.045022024612288991e-01 4.943099444395882003e-01 4.954491698323041926e-01 4.859585005582567896e-01 4.959773647186088152e-01 4.986304227771616859e-01 4.913971390399476391e-01 4.883250494543859288e-01 4.783153990291272861e-01 4.827277635677705292e-01 4.822575759908466209e-01 4.621841295078947254e-01 4.927261572766368225e-01 4.857792191775628377e-01 4.824389764497870603e-01 4.869073090014094385e-01 4.731537331486230236e-01 4.673676054680125369e-01 4.759811476625012694e-01 4.773863519700928260e-01 4.648161553104377952e-01 4.942639301373444871e-01 4.912310202873551024e-01 4.996190303888587980e-01 5.021530735103716392e-01 4.873718579900954695e-01 4.903688373391038025e-01 4.888545992283171437e-01 4.847182569292047827e-01 5.022388213629338516e-01 5.081694162698473516e-01 5.072248773069273353e-01 4.967887851167244184e-01 5.037562106348028035e-01 5.010490597040621052e-01 5.022102317359820045e-01 4.977422220481418913e-01 5.027990100486970926e-01 5.005109544164890734e-01 5.127604098198617066e-01 5.084403836252978648e-01 5.035078265998105262e-01 5.141962509350658239e-01 5.113437563798871599e-01 4.960322172799652152e-01 5.116011137794640451e-01 5.100059943975805421e-01 5.067064390524081974e-01 5.089744436256320448e-01 4.958548438429251082e-01 4.951169696883686022e-01 5.178726458232759677e-01 4.925542956832542618e-01 4.957624123650606895e-01 5.112791480682931100e-01 5.154234130560102489e-01 4.972040242940135579e-01 4.958392565556165588e-01 5.068168874069345353e-01 5.043925487881524283e-01 4.830862790382337568e-01 4.949136394159153740e-01 4.963068851373906298e-01 4.965812599021696694e-01 4.951629121629038122e-01 5.003723196608327317e-01 4.942957246729066112e-01 4.871810333324995690e-01 4.977315570688435331e-01 4.906125455470371488e-01 4.835820766449888675e-01
1.920561249420232527e-02 8.074045227270287839e-02 2.353527109025236597e-01 3.478132481100936202e-01 3.233041026565953713e-01 1.000000000000000000e+00 5.151641371559816385e-01 4.661204139848156847e-01 5.006791730725288492e-01 5.006114617503436559e-01 5.455047340513969889e-01 5.521545829867282595e-01 5.006988205534316227e-01 5.145383706825527037e-01 5.748929807991115526e-01 5.646507786697690934e-01 5.075424958055496649e-01 3.989222486070142515e-01 4.319354661350503499e-01 4.006484325284442316e-01 4.415011563106953085e-01 4.767385032231621911e-01 4.152871680048668690e-01 4.093248027958468205e-01 4.478851504344411039e-01 5.019715665135576765e-01 5.364071604080224986e-01 5.433366704908846323e-01 5.159354784830629814e-01 5.455205786627596032e-01 5.660680910937647692e-01 5.419621357804305095e-01 5.477691328283756933e-01 5.383158303622194163e-01 5.473022477556198639e-01 5.428716728983008499e-01 5.549872627660020763e-01 5.709091790910356679e-01 5.820189359916606575e-01 5.465558985495154731e-01 5.797738077342959873e-01 5.858435452578756308e-01 5.767375337644770061e-01 5.836676993860793194e-01 5.693465933311699922e-01 5.863892701682057451e-01 5.913679077458456890e-01 5.886260604821036413e-01 5.853985822852935117e-01 5.739122127453533118e-01 5.864228521574422759e-01 5.625543290654416717e-01 5.842237347170395889e-01 5.732391103933673904e-01 5.758624837532271279e-01 5.730986008533699438e-01 5.652484753089670466e-01 5.910124293946019680e-01 5.851219795472455409e-01 5.875113094416609671e-01 5.908507171247735501e-01 5.816470716824337917e-01 5.766176038321696451e-01 5.806529526800343621e-01 5.795895708685214753e-01 5.756738652192174843e-01 5.941385984224735184e-01 5.750987731372524392e-01 5.752727522081529932e-01 5.808622699827601377e-01 5.747592639106707813e-01 5.794572251280336594e-01 5.607562755449443381e-01 5.703612544021398056e-01 5.910496841568920745e-01 5.940297729384264036e-01 5.940746413035161710e-01 5.889936049289569153e-01 5.852534051890304623e-01 5.850536901940578405e-01 5.875460014323755642e-01 5.918163752271000666e-01 5.874618810754426157e-01 5.831454585444917349e-01 5.909440370887121263e-01 5.868904591916126456e-01 5.875764746714675635e-01 5.924687037068462336e-01 5.979136983864653532e-01 5.868877354920327694e-01 5.918134541208019961e-01 6.004950416659714518e-01 5.916172966346319173e-01 5.974213780924385597e-01 5.964626110539814619e-01 5.948978162142576354e-01 5.826287565171948124e-01 5.831078048901561228e-01 5.928084255309449269e-01 5.960145554096237808e-01 5.971817102201656402e-01 5.918679572954663737e-01 5.914766982826417108e-01 5.967486901306142677e-01 5.939753718031138829e-01 5.831419003637827725e-01 5.944710405529365360e-01 5.928514399048513406e-01 5.925834133744966037e-01 5.957880149466926456e-01 5.964910952237341135e-01 5.950675411099413115e-01 5.925668837105739772e-01 5.926166383528016501e-01 5.904407287397970272e-01 5.889091724301620534e-01
1.424263367591089013e-01 1.974792759957151034e-01 4.253925471190719287e-01 6.083170331403244813e-01 4.868213247448278658e-01 5.151641371559816385e-01 1.000000000000000000e+00 7.252377806076343303e-01 7.104684105125121940e-01 6.905553695354635924e-01 7.525757592160927656e-01 8.044098817480730412e-01 7.156864700759906217e-01 6.891421266815435098e-01 8.534205895079366444e-01 7.985384788743066231e-01 7.154754007300659913e-01 6.781169664697049848e-01 7.039922674525544988e-01 6.561523605543563287e-01 7.169196176616282612e-01 7.434916932300872361e-01 6.945283229616729948e-01 6.893781457091396891e-01 7.111975779390886654e-01 7.667123619361402298e-01 8.029355701787725952e-01 8.294511839494769223e-01 7.984690108770223782e-01 7.836873748525348127e-01 8.009989136250134090e-01 8.072379540452899738e-01 7.871565868126002563e-01 8.017114896400989732e-01 7.762000696795150478e-01 7.716975727478379010e-01 7.901785639974667763e-01 8.195015771993027220e-01 7.930993196892675012e-01 8.107920606363117066e-01 8.141009438317632352e-01 8.222602498742030974e-01 8.006033278531007324e-01 8.094494443555090291e-01 8.093224341954987633e-01 8.140738155728568515e-01 7.951059680991768852e-01 7.945832318434054020e-01 7.842737439819607026e-01 8.027606968004966648e-01 8.067785325401855001e-01 7.962662099730689613e-01 7.856934356504429173e-01 7.852248651785237454e-01 7.914247723057549200e-01 7.994933276559418323e-01 7.710062663466714650e-01 7.923004619054719866e-01 7.948747951858018412e-01 7.757270681974797188e-01 7.804851907718820536e-01 7.714121045311125302e-01 7.616645070074338220e-01 7.650607319862020583e-01 7.735235808811816716e-01 7.643847535270622551e-01 7.956699629828950515e-01 8.070369825075693893e-01 8.154861754915337935e-01 8.069784836454727550e-01 8.044834886838737598e-01 8.055583452816261758e-01 8.039702956198676587e-01 7.987320879580257493e-01 8.097025649950249093e-01 8.139073433090346921e-01 8.274123046306949281e-01 8.148532553836821402e-01 8.225618449373632846e-01 8.093255760535862375e-01 8.142441004627705148e-01 7.980961081799669010e-01 8.137593681488120012e-01 8.116926483139523807e-01 8.129971468796609591e-01 8.104015279368821378e-01 8.022884938042226244e-01 8.163155508062067689e-01 8.120137370217898054e-01 8.021957382068114484e-01 8.231691557047181584e-01 8.154397476109362941e-01 8.067523113951305946e-01 8.162033906312353704e-01 7.912447967087837819e-01 7.919434398004980835e-01 8.050638877393654358e-01 7.811103695056359486e-01 7.909486681961256371e-01 8.063575726085443485e-01 8.084904005615797251e-01 7.950338604579531010e-01 7.922567595314214950e-01 8.034750170337607855e-01 8.024701433867886813e-01 7.822405876615453613e-01 7.905853254065884350e-01 7.901560379706388249e-01 7.982682382364075790e-01 7.922239212084009052e-01 8.024451883350905979e-01 7.886530881559973283e-01 7.838375166344019318e-01 7.883616693391962693e-01 7.818302290573629909e-01 7.775782027626775283e-01
1.334262093721886588e-01 1.668538693090056146e-01 3.926706776299953572e-01 5.840525070751724224e-01 4.446625590438462172e-01 4.661204139848156847e-01 7.252377806076343303e-01 1.000000000000000000e+00 6.713927285692550262e-01 6.521148259646395440e-01 7.082662338590350881e-01 7.577791090318025669e-01 6.704787178944326964e-01 6.579977248330024509e-01 7.778237765800830594e-01 7.617078761292529476e-01 6.792811892312852207e-01 6.247168450130888839e-01 6.537246791109024846e-01 6.289546360984801243e-01 6.760440017900690712e-01 6.927808628322561502e-01 6.336667888524247783e-01 6.313532231831768815e-01 6.440145924199403016e-01 7.177388787539238368e-01 7.388482120326455016e-01 7.342400166738312084e-01 6.983828248985107789e-01 7.294383749584739673e-01 7.418054708216055282e-01 7.576445611811112313e-01 7.310205238501142899e-01 7.529601911136677428e-01 7.191896684532126383e-01 7.337952952186593825e-01 7.266801142506482680e-01 7.707671960094105712e-01 7.447153335084520931e-01 7.404075991698541026e-01 7.586645359252399690e-01 7.650666239765928633e-01 7.607438523426721666e-01 7.621894528672039648e-01 7.629600807074533586e-01 7.623489855588232444e-01 7.523433079519520339e-01 7.503721011303902122e-01 7.488060447172896206e-01 7.656294649840724720e-01 7.678518083478143019e-01 7.514570649603268260e-01 7.453658752100666973e-01 7.382978410422357252e-01 7.461477051232547897e-01 7.484732781840111038e-01 7.453805229116319264e-01 7.542245326186272081e-01 7.522661143853359711e-01 7.407784478771568537e-01 7.489133245033764430e-01 7.330312055923402514e-01 7.359683408409596339e-01 7.383969258174682970e-01 7.368881343028059749e-01 7.351395279292981533e-01 7.570258731503871630e-01 7.585056336646899267e-01 7.650353472089698181e-01 7.643182070426437491e-01 7.599132073940063625e-01 7.594956068856192344e-01 7.560815258465644062e-01 7.513321138537639721e-01 7.650820845426693495e-01 7.647913067276339572e-01 7.642829799784857103e-01 7.491208944183611607e-01 7.655274888727774396e-01 7.608016698585418069e-01 7.608139740721689970e-01 7.520695070362820589e-01 7.733035510271838442e-01 7.663291560998094498e-01 7.697378896422493177e-01 7.666519904066950719e-01 7.577782876366389031e-01 7.710427602797889080e-01 7.647315105248744249e-01 7.633725740415199246e-01 7.645698482249544403e-01 7.656577423109093283e-01 7.610274146876970791e-01 7.624394779181539183e-01 7.497737229305807549e-01 7.502762861781747672e-01 7.762666072391549710e-01 7.573669865355929787e-01 7.615914141181359120e-01 7.677711801857505236e-01 7.652695650950188666e-01 7.662036208702232010e-01 7.529493888119594969e-01 7.634229747083242090e-01 7.674713957400862707e-01 7.571969520252770369e-01 7.546119845852187202e-01 7.477507081998813199e-01 7.564848571047257941e-01 7.546482985740490257e-01 7.620931847351574140e-01 7.508968314767502372e-01 7.493952346422777522e-01 7.596851976307845700e-01 7.487580972920017119e-01 7.460779812283457879e-01
1.552148406957425397e-01 2.017807418433573141e-01 3.935658848913733410e-01 5.534410493028733002e-01 4.247504739078984404e-01 5.006791730725288492e-01 7.104684105125121940e-01 6.713927285692550262e-01 1.000000000000000000e+00 7.557468518079293318e-01 7.934905704856796138e-01 8.213157870011023043e-01 7.455350053414971923e-01 7.425609840041367260e-01 8.362181764636106296e-01 8.016944908626784105e-01 8.179635394442427154e-01 6.954899690433425929e-01 7.342283065632150274e-01 6.441706084999059279e-01 7.236424637658992465e-01 7.859656840071493900e-01 7.301703876158645024e-01 7.021980829956429027e-01 7.364943453526526795e-01 8.109142327120623106e-01 8.400186820089430295e-01 8.102067141674538231e-01 7.841054713693960121e-01 8.172225116111404564e-01 8.603575729070135347e-01 8.357750629734337355e-01 7.847049900394426070e-01 7.860432049303168744e-01 7.883269183864539675e-01 7.808237225110999935e-01 8.074121619361424029e-01 8.303349064459332185e-01 8.079295327280803241e-01 7.660241281883698461e-01 8.600542053242216101e-01 8.399745780292260378e-01 8.129785236545702398e-01 8.537346490180052205e-01 8.504849575379226367e-01 8.398596250143830488e-01 8.641357361121168035e-01 8.704812244224419127e-01 8.549155219944502004e-01 8.225150439241314393e-01 8.526354539987546222e-01 8.180598665697595973e-01 8.483560316275932101e-01 8.759596462311783904e-01 8.662278544185380014e-01 8.692331141513088832e-01 8.670263112633325164e-01 8.603416244845160099e-01 8.626193523415925934e-01 8.729021311065638944e-01 8.663352505389432245e-01 8.634662545279021550e-01 8.529366964084408309e-01 8.478034029710301844e-01 8.743770428727305477e-01 8.771362603842011163e-01 8.686893267192468127e-01 8.661940180871920969e-01 8.603093735019129440e-01 8.556627227557713766e-01 8.679724298382477388e-01 8.698428656251848690e-01 8.521236517322504644e-01 8.594647306975665702e-01 8.704000356880539080e-01 8.685443122554378226e-01 8.594483204491262240e-01 8.572554617492984530e-01 8.633084553525844917e-01 8.687455032532518384e-01 8.641900272066536104e-01 8.700219744830285373e-01 8.706469987123386378e-01 8.658959656868359112e-01 8.406912820804057773e-01 8.513540645148859332e-01 8.581577182167937634e-01 8.549879430684363957e-01 8.532519913731230199e-01 8.646694469883804413e-01 8.442174204340211485e-01 8.594293921827484972e-01 8.635063076402044180e-01 8.574201465264571498e-01 8.590287307590545041e-01 8.646965218061694047e-01 8.362267885326868377e-01 8.571491233392888320e-01 8.603997420172480037e-01 8.541237319511921777e-01 8.420081868532243163e-01 8.694559354683687458e-01 8.632358259570712677e-01 8.581831426921501249e-01 8.712558402031831406e-01 8.732781442358054091e-01 8.672834423677097115e-01 8.662541882049319408e-01 8.660810991303239392e-01 8.626483190105865839e-01 8.571577363477705935e-01 8.698118653335703554e-01 8.645456298654167204e-01 8.640784303559706503e-01 8.721098355311707184e-01 8.773770779094374195e-01
8.162119076781751414e-02 2.202210541405217881e-01 3.603090787504882875e-01 4.959206288713349786e-01 4.235006627392724488e-01 5.006114617503436559e-01 6.905553695354635924e-01 6.521148259646395440e-01 7.557468518079293318e-01 1.000000000000000000e+00 7.573556423376268665e-01 7.760987583339542528e-01 7.139146985630669962e-01 7.164745366266938031e-01 8.030182107768464306e-01 7.650845349567089171e-01 7.459100750796767709e-01 6.826470099719734730e-01 7.264765064915422732e-01 6.120386626585813117e-01 6.625031164259482797e-01 7.265416772674911927e-01 7.302777487430952563e-01 7.039025704131234296e-01 7.183790324763428270e-01 7.973141559184948601e-01 7.867758312296805334e-01 7.841418475612546013e-01 7.575167770737196715e-01 7.901685348399680731e-01 8.303207448982433680e-01 8.243325665300147431e-01 7.673259894984479912e-01 7.827794691618228384e-01 7.772934555783476140e-01 7.603813761097432122e-01 7.890443554223057765e-01 8.202883810849301849e-01 7.987375871036702657e-01 7.744019026969499730e-01 8.306154591153050992e-01 8.199994808666531965e-01 7.943191829697634487e-01 8.241911114951798734e-01 8.240385650743968782e-01 8.157708830735781458e-01 8.304161006441710402e-01 8.392823319267449511e-01 8.210342938095583909e-01 7.918573679426581524e-01 8.226683476941595297e-01 7.688718618730026044e-01 8.085773876003601313e-01 8.365270033335779898e-01 8.353119941728239795e-01 8.344166432094038965e-01 7.939192964561133659e-01 8.236184181783885450e-01 8.312111177713489285e-01 8.155731943377704241e-01 8.194401018427828198e-01 8.134623468427750748e-01 8.018097642378900769e-01 8.015008194434636302e-01 8.173707733362751693e-01 8.021668007242626075e-01 8.336740504838684451e-01 8.421717757497225731e-01 8.440544542104552184e-01 8.294648444559858946e-01 8.325157271655158064e-01 8.375454442804566302e-01 8.355801093173480520e-01 8.350571779974186315e-01 8.399792132056163041e-01 8.327311416763490959e-01 8.299145068473264830e-01 8.258882773239381025e-01 8.365463311721893502e-01 8.318992318636135863e-01 8.371770350617548928e-01 8.372246955164240889e-01 8.374046113867213981e-01 8.352776974671212162e-01 8.263221683010424368e-01 8.327040568875265780e-01 8.308557619862336763e-01 8.369836977286887469e-01 8.315319737051894977e-01 8.327602661509904136e-01 8.284418395849244554e-01 8.343600201896073099e-01 8.362991016360388219e-01 8.345500826243765768e-01 8.311085900316280695e-01 8.347054789777974548e-01 8.113579926063421155e-01 7.961502642234477012e-01 8.270316627712807067e-01 8.313133467658496700e-01 8.236092122723548403e-01 8.267394660386254701e-01 8.247792075640013598e-01 8.292147847858569731e-01 8.279644575067752754e-01 8.125867402629948222e-01 8.273623276243707858e-01 8.379836419724936425e-01 8.373616796898830650e-01 8.309069439259343381e-01 8.328030201225227191e-01 8.289902685169984187e-01 8.246687479373016050e-01 8.197983115411044963e-01 8.261143332306217779e-01 8.213820851215736241e-01
6.088856075827592945e-02 1.729957492267147068e-01 3.867529856232186369e-01 5.706587550500560324e-01 4.759224688305271345e-01 5.455047340513969889e-01 7.525757592160927656e-01 7.082662338590350881e-01 7.934905704856796138e-01 7.573556423376268665e-01 1.000000000000000000e+00 8.706793527935882127e-01 7.899430771908811932e-01 7.872843455505622590e-01 8.754222963479301178e-01 8.648957291498308164e-01 7.842812352303105694e-01 6.521183802083597714e-01 7.032833973132186500e-01 6.123187098462797850e-01 6.951038842173319354e-01 7.533527272637791095e-01 6.874739934456732815e-01 6.740829174261440127e-01 7.152601903258100080e-01 8.025555757333189266e-01 8.345791480523133687e-01 8.310154206540972810e-01 7.970633912173300528e-01 8.487161808418887121e-01 8.827216089194854787e-01 8.474189577217352554e-01 8.231065243034292322e-01 8.289810548803492329e-01 8.342417261128771688e-01 8.312502848692383539e-01 8.474900833474172668e-01 8.763693808905839155e-01 8.740702237227226945e-01 8.262013687441146503e-01 8.863687413990787300e-01 8.784764360962309393e-01 8.696136841238272241e-01 8.897906358154417106e-01 8.837064667727205780e-01 8.826180318759025978e-01 9.039711892583438546e-01 8.997667279424733655e-01 8.977031701737733238e-01 8.729256708717750834e-01 9.019258988189159387e-01 8.566594961443555478e-01 8.900164586967347358e-01 8.881319498757029862e-01 8.906629702468646936e-01 8.840015515363981446e-01 8.836125563080188261e-01 8.995064257613367698e-01 9.021568655034333251e-01 8.987406674952745922e-01 9.035452507246427567e-01 8.949481386969996288e-01 8.885670200682839193e-01 8.886070840439529439e-01 8.910345424455909935e-01 8.868644028571892601e-01 9.017087196096776891e-01 8.857837468904784517e-01 8.866391551096955981e-01 8.883864034725084124e-01 8.832171172557427008e-01 8.926163093605452570e-01 8.728437514196494273e-01 8.781793338342449573e-01 9.034118787475627910e-01 9.042351659938697717e-01 8.988677104709488219e-01 8.929061582572616063e-01 8.972658128126205224e-01 9.002784838793047584e-01 8.988678196025589040e-01 9.058914336565579983e-01 9.001207643444137929e-01 8.991644635288549292e-01 8.928675165161273908e-01 8.967584440195801587e-01 9.004030049198289420e-01 9.012609778858837739e-01 9.032348274390616938e-01 9.015149430122878504e-01 8.959402264419663586e-01 9.042832650502811154e-01 9.055534437424305194e-01 9.031343101510040938e-01 9.066364684245118433e-01 9.052898293732138946e-01 8.870087446015094690e-01 8.860342770485404307e-01 9.061173970892035801e-01 9.012006769687558316e-01 8.971516658002788303e-01 9.066331694368833238e-01 9.030099457252280803e-01 9.024320126217614257e-01 9.059439125570557527e-01 8.963806069923460074e-01 9.028776014846652265e-01 9.031154170408820514e-01 9.033001442135696335e-01 9.064497343312266642e-01 9.045724814866570318e-01 9.066258905338695495e-01 9.047855216158765534e-01 9.045787426472519099e-01 9.029614167942173752e-01 9.020312354223187779e-01
8.731233823129798399e-02 1.831705601597092559e-01 4.364806318925826822e-01 6.301378224463275446e-01 4.781352581605441410e-01 5.521545829867282595e-01 8.044098817480730412e-01 7.577791090318025669e-01 8.213157870011023043e-01 7.760987583339542528e-01 8.706793527935882127e-01 1.000000000000000000e+00 8.111558300881172023e-01 8.083092257294320904e-01 9.125171025287939219e-01 8.952036474644302633e-01 8.192039159141266680e-01 6.877435758685601641e-01 7.367524014562097934e-01 6.641492047850082736e-01 7.448871800002873078e-01 7.974622282557299879e-01 7.168552624378261573e-01 7.008957800140823702e-01 7.450462790716750883e-01 8.351995943336050221e-01 8.822472427139632645e-01 8.774514172063023754e-01 8.527062386665988925e-01 8.772304131183191744e-01 9.105304660512811843e-01 8.815551312570212295e-01 8.618927963463677289e-01 8.640809423700125391e-01 8.596305408801083736e-01 8.664773013266308110e-01 8.765733856407224023e-01 9.110776958074028320e-01 9.018023129394859838e-01 8.601632291110984374e-01 9.191133060255985976e-01 9.162743459548043923e-01 9.046433720067488249e-01 9.272174351912844115e-01 9.142452526377883304e-01 9.138339793866820937e-01 9.254331215117898024e-01 9.222703368108876587e-01 9.216535079166665589e-01 9.094478365842740830e-01 9.330197933235212515e-01 8.905332251304742819e-01 9.156582541582077850e-01 9.087237487398308611e-01 9.115120133116542123e-01 9.082013001569786415e-01 9.158485203641008043e-01 9.221918726943524325e-01 9.248175837277943234e-01 9.253828946961685231e-01 9.279822229735016359e-01 9.189810639087708788e-01 9.136597682824595390e-01 9.199193083652411618e-01 9.189118105028446504e-01 9.149810338270338850e-01 9.270930955702135767e-01 9.139347647052779022e-01 9.129910089431390041e-01 9.146759051629638204e-01 9.156387183276287756e-01 9.197530232378661186e-01 9.000913923432015684e-01 9.055733324585968358e-01 9.296131127800661975e-01 9.328855366796190429e-01 9.308107293720704334e-01 9.281100627289110561e-01 9.286802146155322957e-01 9.273677829531357109e-01 9.255141741970223102e-01 9.291423451857595550e-01 9.280926210555011657e-01 9.283581553848133661e-01 9.138704886113707682e-01 9.197572965907908626e-01 9.229290917563299779e-01 9.246343623457952132e-01 9.278346680992615170e-01 9.237136617790413506e-01 9.234647133252529283e-01 9.312510926757305851e-01 9.299135902186144165e-01 9.296205057632230817e-01 9.263185670114449932e-01 9.265764653092393166e-01 9.096584444668367464e-01 9.103595457968479687e-01 9.260564317133578305e-01 9.256196191818533148e-01 9.232595857552878815e-01 9.309318121709732052e-01 9.252792366450637296e-01 9.297103500301772128e-01 9.311181389184747248e-01 9.242211640664838024e-01 9.245498840537202945e-01 9.221226975009246818e-01 9.254096781065904720e-01 9.281229295796483703e-01 9.268037374366545622e-01 9.290334775500300735e-01 9.272060016606897825e-01 9.292418396881381160e-01 9.266507927491678398e-01 9.254325421180970013e-01
2.116821556256742731e-02 1.510081073790057460e-01 3.243142074097445371e-01 5.056263672688915412e-01 4.774605268037649952e-01 5.006988205534316227e-01 7.156864700759906217e-01 6.704787178944326964e-01 7.455350053414971923e-01 7.139146985630669962e-01 7.899430771908811932e-01 8.111558300881172023e-01 1.000000000000000000e+00 7.528114819664295521e-01 8.337571374361879561e-01 8.246494125067064251e-01 7.237379965990645703e-01 6.040304060196513003e-01 6.432376923926188539e-01 5.999439255679618332e-01 6.393141202698904291e-01 6.835876098745080620e-01 6.440499734475088056e-01 6.302193634191910476e-01 6.595049211162504754e-01 7.462707293029381406e-01 7.711482076850290079e-01 7.736142564198400517e-01 7.454041993036967240e-01 7.905649356259217830e-01 8.267565949083545140e-01 7.987371983287908650e-01 7.709839519556590526e-01 7.747477772601798485e-01 7.841844809605283961e-01 7.837458960900167693e-01 7.924796580731348072e-01 8.266613088817021948e-01 8.353862905721217702e-01 7.814717766040464308e-01 8.387995554082716687e-01 8.384064449835940680e-01 8.416915183011168811e-01 8.500421918906518881e-01 8.358060095849836335e-01 8.381585271340271648e-01 8.511305510899944693e-01 8.510599762221120468e-01 8.433007081917187620e-01 8.204388206205709411e-01 8.456609640075243295e-01 8.082354734923890005e-01 8.432356728888211750e-01 8.303397080239190986e-01 8.372400494882930033e-01 8.299070834569399757e-01 8.138983228080572951e-01 8.424202991661308149e-01 8.438331190213202992e-01 8.462217305328799677e-01 8.450881798467215766e-01 8.392656105993875348e-01 8.321649764408942662e-01 8.337709700092650333e-01 8.320546345553677670e-01 8.262062886755120461e-01 8.515855540987509187e-01 8.314594320628301283e-01 8.374046681507957279e-01 8.393928527610182710e-01 8.247510232835350008e-01 8.361390336717503535e-01 8.184379129556769161e-01 8.210674649037064121e-01 8.483851334602700023e-01 8.494333858935186887e-01 8.438005808584085887e-01 8.367429133642366734e-01 8.444430181526570989e-01 8.395501451227576073e-01 8.425979549869504481e-01 8.504111641846012759e-01 8.452645902974026404e-01 8.411102501679235122e-01 8.482791520940087260e-01 8.421956530468145408e-01 8.428740713577437260e-01 8.516208501702767775e-01 8.498529264315505261e-01 8.500201573534590382e-01 8.421057815506496347e-01 8.557033304680751185e-01 8.545085358405649645e-01 8.552773508408469949e-01 8.588573022504605303e-01 8.561071716073047622e-01 8.477743205990266873e-01 8.382902360485179338e-01 8.546694162882684243e-01 8.582060435446522417e-01 8.596413040926053073e-01 8.526411556189266161e-01 8.566244007619550072e-01 8.609890385607813501e-01 8.536586189666273139e-01 8.392309981422488852e-01 8.533505561817523732e-01 8.528827919256088963e-01 8.534429829728323869e-01 8.556291319744471213e-01 8.555567661907463872e-01 8.570927009911264438e-01 8.509196412712101143e-01 8.540979026394761586e-01 8.491459400435830140e-01 8.462104213656561624e-01
