1.000000000000000000e+00 2.323995012921032666e-01 1.926754782979334113e-01 1.287694758753096802e-01 1.177036389860974253e-01 -4.487304508600900230e-03 5.566591033135164651e-02 1.033280250013794005e-01 2.487925361836367810e-01 2.172414151155646067e-01 8.945527129712459169e-02 2.420460965220399066e-02 5.125594435866395737e-02 -5.286559877898014403e-02 3.521033392166796061e-02 3.098282453051325741e-02 1.969416856066407706e-01 3.210910789083046835e-01 2.475542946440856540e-01 2.533780101568506860e-01 3.494627370123245536e-01 2.462053695909316442e-01 2.493945869402602877e-01 2.538508228095785468e-01 2.372671684883715659e-01 2.244216879924715857e-01 1.838439057493490847e-01 1.826652861534407146e-01 2.140534200661465547e-01 1.768197913516906805e-01 1.742798226650487947e-01 1.747148546041019102e-01 1.398766955635839526e-01 1.278976506429658488e-01 1.384096229481980300e-01 1.122731877353755486e-01 1.452233955774796526e-01 8.828706235168079508e-02 6.400581492258425320e-02 6.002706850475256206e-02 9.146132007469458258e-02 5.151363322225862434e-02 6.773785996405154441e-02 6.683500389360129412e-02 1.337112286783437576e-01 7.300623018875392056e-02 2.514862909511030725e-02 5.152709674587771516e-02 3.873543322986386372e-02 7.189321171501197871e-02 5.872852411857572980e-02 7.299577139135661474e-02 8.859866581282420384e-02 9.673204371086002729e-02 1.041162714144293483e-01 1.057523876508772998e-01 1.238235534977625008e-01 6.417775459635652324e-02 4.356199504197636602e-02 7.907259312235923043e-02 4.734420151362236928e-02 5.476605786093142331e-02 4.197842231327843232e-02 6.143411045027340894e-02 9.697895202071304954e-02 9.557856010634632749e-02 4.953347763932987313e-02 9.167837440286728812e-02 1.068127701900117577e-01 1.308465304995963252e-01 1.216729400416478868e-01 1.065606907255740865e-01 1.114619766352135527e-01 1.037770561372069744e-01 6.599004249606413297e-02 8.657382842205403606e-02 5.308841211224096107e-02 8.234993085365986676e-02 8.756686227093948838e-02 9.401366442475229956e-02 8.506203339280213327e-02 8.436480246932531735e-02 7.853542653449614719e-02 7.658218618345208339e-02 6.535037849604560800e-02 6.730788371121933233e-02 8.604136873155361631e-02 3.512394191861251125e-02 4.058103650703382553e-02 6.973388713919323467e-02 4.610523666647297486e-02 3.487562732777780422e-02 5.412364234292602050e-02 4.223678433835729995e-02 1.498828811529773035e-02 3.478882493679064103e-02 4.255373142135857045e-02 8.825155244234569873e-02 4.583655323038879348e-02 4.795298574744306236e-02 3.832441923341046996e-02 3.504826394742287937e-02 4.618741857181640070e-02 3.510568701002425573e-02 5.121463043961310690e-02 7.153963785448687329e-02 4.773538591859556590e-02 3.295438032652540927e-02 4.667992049360025764e-02 3.377629134589090615e-02 3.480942273525036712e-02 4.415701175902368714e-02 3.835613526720104555e-02 2.963850579350419540e-02 6.108149623920339916e-02 5.505032383808007579e-02
2.323995012921032666e-01 1.000000000000000000e+00 1.043790493086067528e-01 1.041185201910673347e-01 1.269849457778249591e-01 3.546307782934320085e-02 1.125447899666155854e-01 1.661532342965689191e-01 2.346923081392194577e-01 2.984046641996699889e-01 2.016376879015706058e-01 1.338199379490839225e-01 1.376842283962728675e-01 7.191717104622744050e-02 1.537168183244215502e-01 1.480616773417356424e-01 2.107835460992553422e-01 2.541630053777365617e-01 2.492445020280485424e-01 1.052885718641799750e-01 2.209252346929475863e-01 2.166728906782254827e-01 2.536278796552338677e-01 2.638133968387438855e-01 2.743061772225659500e-01 2.514692034271805432e-01 2.118114928293678423e-01 2.091080215554642907e-01 2.480955284105687553e-01 2.449797229294534973e-01 2.420063096909267353e-01 2.265864633742043222e-01 2.082897562798359525e-01 2.199959675004142801e-01 2.184810444708167876e-01 1.782421838473190467e-01 2.006955246292475292e-01 2.044683156763719423e-01 1.880889918637225766e-01 1.536975993988070610e-01 1.951935099309851374e-01 1.704755757476978939e-01 1.720321166614425801e-01 1.687334320062284510e-01 2.151770934252092149e-01 1.900776158074712618e-01 1.594810623968384578e-01 1.758250209450242241e-01 1.572102372296021455e-01 1.576530104997703186e-01 1.683278194101916203e-01 1.276318838483164742e-01 1.613634135083468479e-01 2.037883957941797608e-01 2.046230689411155934e-01 2.106363661269125276e-01 1.819605819467963181e-01 1.749321648420623931e-01 1.720911905991176494e-01 1.773157858452308333e-01 1.619853228474358031e-01 1.770835842815210448e-01 1.787502590477906550e-01 1.669106210187482620e-01 1.685037197876617932e-01 1.765227023023797082e-01 1.756141445920200994e-01 2.005746449287545974e-01 2.095730336568679408e-01 1.630562429528410462e-01 1.942571108023774806e-01 2.006668329818614982e-01 2.131209084483197680e-01 2.114316693082561871e-01 1.854869613038770126e-01 1.858100832409834424e-01 1.669220667211796794e-01 1.951509725663298223e-01 1.921236828856560941e-01 2.085962412347575345e-01 2.042655021277924587e-01 1.958406606019648943e-01 2.031626062857551929e-01 1.981498557725172305e-01 1.853840313553969110e-01 1.898337162590518212e-01 1.900143426483427433e-01 1.806396291855941472e-01 1.801270658426123161e-01 2.042443257871368323e-01 1.691355132924659832e-01 1.660838519956036041e-01 1.679380023805189526e-01 1.715708852905976356e-01 1.546995320448860955e-01 1.690787752322814586e-01 1.564017109811719486e-01 1.664286246537640124e-01 1.635453876510442328e-01 1.691097227820279048e-01 1.620922233430803772e-01 1.632286193037259803e-01 1.538846118565098675e-01 1.615881572709899905e-01 1.592036570686772567e-01 1.705469159243813149e-01 1.668036018874550219e-01 1.734448049577748951e-01 1.814995212263053048e-01 1.609941071178560834e-01 1.700596815520824256e-01 1.670002829036699443e-01 1.700817559625596720e-01 1.652766188871799824e-01 1.648649116694539951e-01 1.636330326619527264e-01
1.926754782979334113e-01 1.043790493086067528e-01 1.000000000000000000e+00 3.099119512572723334e-01 1.890778241656967118e-01 2.014684439264837479e-01 2.504524317119419252e-01 2.743533158859736143e-01 3.703191901523077978e-01 3.912180738152114534e-01 3.910297649422102562e-01 3.437352737702596972e-01 3.145017961148557917e-01 2.775879162705514602e-01 3.494727866853951648e-01 3.206278377668668744e-01 3.949341991664067630e-01 4.419823473743016984e-01 4.394202366915948565e-01 3.404684635154116568e-01 4.533358544993303374e-01 4.497986172879333000e-01 4.427964114728757949e-01 4.163221538884186446e-01 4.296859828986033802e-01 4.204068143499743448e-01 4.219458941765135140e-01 4.371566141266677308e-01 4.363033732399559383e-01 4.038648950175871000e-01 4.289246583447494099e-01 4.423209067874661060e-01 4.205351312771676286e-01 4.357038303108484723e-01 4.151961382226374564e-01 4.235120973508827991e-01 4.170775182786381485e-01 4.071303745831946208e-01 3.911430571502029774e-01 3.987179262922521672e-01 3.948927373781130346e-01 3.776548328637979735e-01 3.806229954954999384e-01 3.850061896182094823e-01 4.334603894959660475e-01 3.859393619175803813e-01 3.563230689453155686e-01 3.649983694922335209e-01 3.595490541083241620e-01 3.881657692990976849e-01 3.732048251589238919e-01 3.758916432705088351e-01 3.712629073883721431e-01 3.694450289898888462e-01 3.814246820331007592e-01 4.022214944341009346e-01 3.796629380285531652e-01 3.811139978753996238e-01 3.530402345640115125e-01 3.635773953169516570e-01 3.614057942610411356e-01 3.502898535738516728e-01 3.573334274473854988e-01 3.597893743062372529e-01 3.881616207389526618e-01 3.848351194816457266e-01 3.724853655459997581e-01 3.996407337018712536e-01 4.070673816371005449e-01 4.033543088672697507e-01 4.134154099484209088e-01 4.120381806227031429e-01 4.070268599032090262e-01 4.048841473768663990e-01 3.895072269051507163e-01 4.069067757194509416e-01 3.877416871911970042e-01 4.012334637538510496e-01 4.020399421198447287e-01 4.034011557161698569e-01 4.046159928821978502e-01 4.051742602705258878e-01 3.963315268568315952e-01 3.954806086822275080e-01 4.010507834109751646e-01 4.005297806656820669e-01 4.071063988471112505e-01 3.820428484878282682e-01 3.843104498369957489e-01 3.883205317427010361e-01 3.923962468683491189e-01 3.776768220884943461e-01 3.905458497701715936e-01 3.802059552420194444e-01 3.578041138555243528e-01 3.614804141453258901e-01 3.700336386458645266e-01 3.891596237389059465e-01 3.650909945274227186e-01 3.808763880658765366e-01 3.724154433938196562e-01 3.624154300629013892e-01 3.730234965725926499e-01 3.705034086771618052e-01 3.811917328725449305e-01 3.703638740492212755e-01 3.683102774759619558e-01 3.588939516496910676e-01 3.683950002354706155e-01 3.597174101722159234e-01 3.647864551207248285e-01 3.618481355057588944e-01 3.617142777637981643e-01 3.602665705689945264e-01 3.805866545817416791e-01 3.760244092062445254e-01
1.287694758753096802e-01 1.041185201910673347e-01 3.099119512572723334e-01 1.000000000000000000e+00 3.704226879032172515e-01 3.346795554554389263e-01 4.931431502440818959e-01 5.657569583473910368e-01 5.016688191481794012e-01 4.828230559741815697e-01 5.625919409859940767e-01 6.396481450615991715e-01 4.977384051174381652e-01 4.612369524859422643e-01 5.641487170472951895e-01 5.810252638514178392e-01 5.119858294859697123e-01 4.904033382693817056e-01 5.185926109578603560e-01 5.390129287131121272e-01 5.737651926892987087e-01 5.528631121623295286e-01 5.838132069893876563e-01 5.227343746638370980e-01 5.474827353729201374e-01 5.360024516838075570e-01 5.413424484126102554e-01 5.243733799455014832e-01 4.884467005433515419e-01 5.060380132656644436e-01 5.112702227213504758e-01 5.963818445103877819e-01 5.291589580928366399e-01 5.602170174326170926e-01 5.304129203286830352e-01 5.755017087142410004e-01 5.279101706159819996e-01 5.682753326458807042e-01 5.580320978329934567e-01 5.823683710433433802e-01 5.556780037407342832e-01 5.538704112185984796e-01 5.849421331492705711e-01 5.707839947205529674e-01 5.909270942479253330e-01 5.479684253645452641e-01 5.477862107525649504e-01 5.241157904803608325e-01 5.461037487891312603e-01 5.921759041994371087e-01 5.796486951566964807e-01 6.081215956015356694e-01 5.873139782459486646e-01 5.104385705284228969e-01 5.460183048673126205e-01 5.620594570789446687e-01 5.617646612093444292e-01 5.426813961184184798e-01 5.352830999790442190e-01 5.501872303528888564e-01 5.613354281017219893e-01 5.372213141584835094e-01 5.537594025732986980e-01 5.524816026823492487e-01 5.571633401487053883e-01 5.723993888341745162e-01 5.394672644770932557e-01 5.603346223644887214e-01 5.859209100045384977e-01 6.066639010095885576e-01 5.901611773436585828e-01 5.643189832931776451e-01 5.766395730288296217e-01 5.691681732391539184e-01 5.489321879351615197e-01 5.646592276866920779e-01 5.475431087034939859e-01 5.379540910339436488e-01 5.595578862663959097e-01 5.385287940249706695e-01 5.471673933349854302e-01 5.474072436678691922e-01 5.725973274437856642e-01 5.466079218636706871e-01 5.741508183943718757e-01 5.622724760678133871e-01 5.608158211260697579e-01 5.556300653695639413e-01 5.477377398002658548e-01 5.544341484726992286e-01 5.638619053975093554e-01 5.651858838318134515e-01 5.605316711450112344e-01 5.486142791478556546e-01 5.420945572055785311e-01 5.321071644078727569e-01 5.657140451930883218e-01 5.736296783396838128e-01 5.544787886378076402e-01 5.741969244626694557e-01 5.596290952363929261e-01 5.431527872763074472e-01 5.689839661333941923e-01 5.533972090191581206e-01 5.788628605062685617e-01 5.483155336675471503e-01 5.504067398528019739e-01 5.305968989912491773e-01 5.344313700214884388e-01 5.479429237841750844e-01 5.410844970043289237e-01 5.480913385592590670e-01 5.345409872192585787e-01 5.425290147721295586e-01 5.605091779385572570e-01 5.588768069679326267e-01
1.177036389860974253e-01 1.269849457778249591e-01 1.890778241656967118e-01 3.704226879032172515e-01 1.000000000000000000e+00 2.388172154112074008e-01 4.749392209616000171e-01 5.082382389185917670e-01 4.324825987051326148e-01 3.925546057063154515e-01 4.386506658472877906e-01 4.725912548967859395e-01 4.878762810052786336e-01 3.889864474946729822e-01 4.978243159745090463e-01 5.041804857553465746e-01 4.134764553373944662e-01 3.681565131562651305e-01 3.895689284461059665e-01 4.107710071792699535e-01 4.091271952255394750e-01 4.268678980310650073e-01 4.011269069534879605e-01 3.802877037457273457e-01 4.267813486212137519e-01 4.444588842149661545e-01 4.444521134884387159e-01 4.289849190636573772e-01 3.983769152804695901e-01 4.049628373615312693e-01 4.192285946779393258e-01 4.520108759998949788e-01 4.069082892480257452e-01 4.284984389737203636e-01 4.215067694362853445e-01 4.370549820969719113e-01 4.283231274764359719e-01 4.478850508455317625e-01 4.541314044238133341e-01 4.525733458341901216e-01 4.594384119022446589e-01 4.636011911709366218e-01 4.731317504464433998e-01 4.697743692077460120e-01 4.700101319609863437e-01 4.589896716242112817e-01 4.594064151079504943e-01 4.444547963588474371e-01 4.499266512108555660e-01 4.674573937949963454e-01 4.698798992031145150e-01 4.832957474719990487e-01 4.896062094112863528e-01 4.362546945657668207e-01 4.561365292238184210e-01 4.413173257295309182e-01 4.587603624463448826e-01 4.628900744473172790e-01 4.502078588602788090e-01 4.704009559018872966e-01 4.694100270501908034e-01 4.494878712439087098e-01 4.476594166411941855e-01 4.611091621494973203e-01 4.625551551162239705e-01 4.673843503691612611e-01 4.505215311016831370e-01 4.516939795173433025e-01 4.644352215512723703e-01 4.820695783456327432e-01 4.690499841681027293e-01 4.548958788183894431e-01 4.613504221255891324e-01 4.571302570363142137e-01 4.604095249027366221e-01 4.634058798747519026e-01 4.570107671223523349e-01 4.462341505528307217e-01 4.633613495567995288e-01 4.433693608704993294e-01 4.542217080130295792e-01 4.525702439082837092e-01 4.514953920324433212e-01 4.461139329879704740e-01 4.651240430523300717e-01 4.548580873799512037e-01 4.574484343288143240e-01 4.552778910994879635e-01 4.556874870176200187e-01 4.449909672707420549e-01 4.574373846063645721e-01 4.665437451909860145e-01 4.643276479181421834e-01 4.579601041791856453e-01 4.514251210817377680e-01 4.458952076537201492e-01 4.667879270387642054e-01 4.692142589356971261e-01 4.589640738942423193e-01 4.710131765345911825e-01 4.659674193432586931e-01 4.454833440761059027e-01 4.697007779833811125e-01 4.626705162215903888e-01 4.680851879671538707e-01 4.471051520633315679e-01 4.566322078418898478e-01 4.475289822361327441e-01 4.487512362647592123e-01 4.594375878931207247e-01 4.506534962296617208e-01 4.623088810850889963e-01 4.433169466095331912e-01 4.526804289059562225e-01 4.598365613408476049e-01 4.584429169377296498e-01
-4.487304508600900230e-03 3.546307782934320085e-02 2.014684439264837479e-01 3.346795554554389263e-01 2.388172154112074008e-01 1.000000000000000000e+00 4.819107692480541494e-01 4.110369822680596807e-01 4.650237711643386840e-01 4.329081025210076428e-01 5.008013065851631973e-01 5.442266162203037716e-01 4.603509315425226012e-01 5.228379711332463708e-01 5.548063197011386949e-01 5.370241151044727879e-01 4.663302184313849463e-01 3.537650755414989412e-01 4.151610246553208983e-01 3.547123257251839079e-01 3.723064826769226787e-01 4.610120705400106988e-01 3.828166189324790913e-01 3.627796144736228356e-01 4.292104492031126317e-01 4.822883681979356907e-01 5.166785547058695416e-01 4.886234725084785402e-01 4.531125969266312503e-01 4.385821915579832253e-01 5.003127618816749500e-01 5.019896524678676419e-01 4.563156293792763329e-01 4.801010623136812705e-01 4.648364761047162896e-01 5.094271584985133883e-01 5.105798505946517185e-01 5.060985875620634955e-01 5.347624452284377439e-01 5.220489128920265953e-01 5.519282043716564612e-01 5.529423468404129904e-01 5.362354518756894395e-01 5.700512414361689206e-01 5.428102105180186987e-01 5.483727731150682683e-01 5.712081485759906707e-01 5.642679329256419241e-01 5.681256588467317181e-01 5.367715853986045893e-01 5.497559672538427922e-01 5.521335882427731434e-01 5.625457782533378470e-01 5.433501373988188776e-01 5.367150899689887567e-01 5.396260432994747225e-01 5.496381231239246823e-01 5.534535743781512362e-01 5.544120652397834803e-01 5.682206162034241226e-01 5.646480856041804497e-01 5.612037754352540153e-01 5.559182814348219148e-01 5.600989957934711105e-01 5.599534707140909617e-01 5.658710181625919988e-01 5.685411905166172231e-01 5.487126968179416586e-01 5.436378784344624293e-01 5.467210501955664936e-01 5.506137862649020942e-01 5.581346222046645877e-01 5.331108902889982737e-01 5.468579940889704005e-01 5.661559238678814943e-01 5.664122880947355387e-01 5.639787884425839781e-01 5.504248239716352797e-01 5.583421788406064401e-01 5.469177497260476750e-01 5.547329249040073851e-01 5.568728176459203372e-01 5.494245199353872122e-01 5.436188876854044505e-01 5.502970605629813328e-01 5.522725421954142178e-01 5.597189540417886189e-01 5.576823027649610021e-01 5.595588594596888621e-01 5.551492642170485770e-01 5.577914411313769083e-01 5.724930244442965055e-01 5.739570781400180621e-01 5.687888377081674607e-01 5.734772988989154108e-01 5.717801397936171925e-01 5.625288001333359489e-01 5.596559797578398721e-01 5.674597199234067135e-01 5.656379770789491390e-01 5.718993353789734169e-01 5.656461408489977805e-01 5.768260025975904259e-01 5.737185819369249318e-01 5.728818931146079096e-01 5.640801854691589456e-01 5.699893573438925554e-01 5.712373745341779996e-01 5.654947641195066099e-01 5.732012949822153924e-01 5.664946288694164833e-01 5.749330648373591757e-01 5.688247380837627709e-01 5.689497889537860065e-01 5.743821787083437380e-01 5.746833930944309499e-01
5.566591033135164651e-02 1.125447899666155854e-01 2.504524317119419252e-01 4.931431502440818959e-01 4.749392209616000171e-01 4.819107692480541494e-01 1.000000000000000000e+00 6.907289425021380103e-01 6.461746696923558186e-01 5.717771678606439201e-01 6.730787974098302318e-01 7.405927382902215417e-01 6.540422556791168907e-01 6.716318110352796911e-01 8.200815903739450130e-01 7.649152006472129672e-01 6.285618948174781506e-01 4.611971369171698476e-01 5.597198581465858691e-01 4.939335477079486170e-01 4.847044539389658846e-01 6.066272291795142824e-01 5.395294497317595361e-01 4.884128671219215012e-01 5.829409508107306070e-01 6.818922349967827534e-01 6.856894467901247792e-01 6.676382963695882689e-01 5.670169579700888862e-01 5.902488345000176384e-01 6.469403701476107438e-01 6.795188000739035283e-01 6.374819110922084198e-01 6.550648268779452055e-01 6.362113814032843706e-01 6.895282466346147610e-01 6.782244106196029243e-01 7.099468323485992327e-01 7.211766573052345031e-01 7.272274062115831050e-01 7.446720040607982538e-01 7.406035777760998640e-01 7.449050985755767407e-01 7.559740610237122294e-01 7.248396467770042984e-01 7.175192385769130210e-01 7.435143464929027113e-01 7.276620126704888003e-01 7.464491301927053124e-01 7.364996008478627010e-01 7.581618939785348399e-01 7.251604952822030548e-01 7.486187946134694737e-01 7.037672936262920897e-01 7.121990810999662136e-01 7.072634109922818491e-01 7.326289821774065736e-01 7.325215171337369213e-01 7.416555535113910080e-01 7.448665374759162461e-01 7.493161010316741200e-01 7.364524996699435277e-01 7.383991102156886033e-01 7.452401854991054231e-01 7.232373550433848219e-01 7.306820148797544823e-01 7.316865644652724709e-01 7.100210254734604653e-01 7.148174176195175589e-01 7.138151348457696388e-01 7.160888148955570909e-01 7.168179399172839306e-01 6.909774613708193902e-01 7.046507394672394398e-01 7.390782382224339031e-01 7.367422219961725638e-01 7.389388887595668143e-01 6.981709786778380611e-01 7.253179836715469841e-01 6.997846806528101871e-01 7.190621010199080843e-01 7.177122758264832258e-01 7.216291117192924487e-01 7.147853145366985794e-01 7.287735421056922291e-01 7.204035385413255499e-01 7.297795275156022665e-01 7.379237797385671538e-01 7.344295239640612483e-01 7.229196789532458256e-01 7.447914217015649818e-01 7.505238488292885757e-01 7.446546464964388656e-01 7.400759072658764648e-01 7.416617430942067379e-01 7.357213442415768689e-01 7.507244919040368947e-01 7.323049891583091053e-01 7.450853606514871164e-01 7.495866573740435079e-01 7.495119797235505477e-01 7.378785107176590863e-01 7.464790636780779254e-01 7.482308700971956883e-01 7.415711549615185971e-01 7.317582637365833698e-01 7.427982062419791198e-01 7.320813583205521002e-01 7.303173687908415257e-01 7.471425529690973732e-01 7.389764460675863900e-01 7.449357098896259854e-01 7.323730113951555376e-01 7.375783122171849504e-01 7.334685770204493194e-01 7.368614470835842534e-01
1.033280250013794005e-01 1.661532342965689191e-01 2.743533158859736143e-01 5.657569583473910368e-01 5.082382389185917670e-01 4.110369822680596807e-01 6.907289425021380103e-01 1.000000000000000000e+00 6.632325903419029611e-01 6.161048659873754607e-01 6.699660909946435483e-01 7.382734932283195883e-01 6.735425674073868274e-01 6.167351914128464951e-01 7.609368113326197003e-01 7.983112988233088680e-01 6.405106848429432675e-01 5.298930121465253995e-01 5.861971992535913722e-01 5.406149139588860564e-01 5.683117714882409688e-01 6.262472548928524896e-01 5.947708850127342295e-01 5.526111961687995011e-01 6.162655893575977872e-01 6.731163598868087350e-01 6.739226766405552738e-01 6.504881709946318535e-01 5.921812851646067744e-01 6.060955695313002822e-01 6.469461700844565399e-01 7.042260176942254368e-01 6.432586436925823437e-01 6.797505609867054988e-01 6.426191427397600631e-01 6.795838289011679745e-01 6.568823078778032176e-01 7.219757125573879053e-01 7.183845516385631846e-01 6.971574523489332265e-01 7.215535386351066283e-01 7.183877554346084215e-01 7.388472035000817062e-01 7.406873990565622234e-01 7.226392420143916695e-01 7.118445217047120188e-01 7.326693979840055437e-01 7.148335253439513925e-01 7.391808039810805475e-01 7.550580815265072188e-01 7.599103901868273780e-01 7.306833592389765375e-01 7.509024925070871825e-01 7.026064574168571220e-01 7.354621881933409711e-01 7.212679597632779549e-01 7.485164574220343203e-01 7.418253992381610429e-01 7.467216589528110626e-01 7.391579471856383199e-01 7.499263804007457734e-01 7.403356040880085809e-01 7.470241597244167142e-01 7.445729374232749054e-01 7.201265279956653442e-01 7.362575498101154858e-01 7.153780157435186693e-01 7.128454899708237535e-01 7.279197671561794536e-01 7.298719020081301245e-01 7.177622537681747072e-01 7.146204808869233149e-01 7.106166964187666801e-01 7.065582635115191801e-01 7.209835349314279718e-01 7.179118430664978012e-01 7.147827513570144120e-01 6.922913402540165073e-01 7.159602462501681863e-01 6.982494789905300259e-01 7.099381136565643402e-01 7.072254691057268117e-01 7.245928595364768965e-01 7.149529993245622439e-01 7.387812698461465599e-01 7.228115261783475409e-01 7.182494589684391695e-01 7.319995149505602594e-01 7.200663325472523857e-01 7.191257029712608828e-01 7.235211910649019806e-01 7.327231073499361758e-01 7.272619942268038207e-01 7.220771471947904363e-01 7.259786019100563648e-01 7.194731341440940842e-01 7.553549256590957883e-01 7.489713808594286037e-01 7.431503915693431495e-01 7.468666449200953572e-01 7.381493086297401529e-01 7.354605857027570748e-01 7.349179011138990969e-01 7.392188679853165523e-01 7.374139946027604697e-01 7.355455682170327636e-01 7.383800847611085016e-01 7.136348489847212928e-01 7.231719718041592637e-01 7.390543517540366647e-01 7.328472128542237174e-01 7.335708426701011975e-01 7.271360951363453617e-01 7.306890621728528989e-01 7.239031091230125892e-01 7.268714530337040403e-01
2.487925361836367810e-01 2.346923081392194577e-01 3.703191901523077978e-01 5.016688191481794012e-01 4.324825987051326148e-01 4.650237711643386840e-01 6.461746696923558186e-01 6.632325903419029611e-01 1.000000000000000000e+00 7.643736805527444611e-01 7.948037257724481774e-01 7.854105794737621382e-01 6.975877181941756433e-01 7.065022828684186518e-01 8.100954293741892132e-01 7.878639685186206165e-01 7.988148181270295911e-01 7.025156882986030027e-01 7.443664788344350747e-01 6.109460085590895373e-01 7.067669456010516882e-01 7.811938278689903870e-01 7.087210485000131621e-01 6.954333876259111147e-01 7.763481382626504779e-01 8.259899114672553111e-01 8.239126875701436870e-01 7.876902502387121974e-01 7.576684406611350342e-01 7.650726410074132344e-01 8.344471601846510378e-01 8.363439104455365758e-01 7.561637669702573339e-01 7.948256310454876461e-01 7.678361973864725742e-01 7.831185434593195271e-01 8.072521305347207798e-01 8.099184384497841727e-01 8.164010689641578722e-01 7.726666183334415239e-01 8.461442602395886636e-01 8.149564939672195862e-01 8.015259756948086567e-01 8.448501034802591292e-01 8.528326694278532960e-01 8.323013717407766743e-01 8.449446573259596915e-01 8.597696255189937187e-01 8.524496198930634483e-01 8.245900400716184020e-01 8.356906392140102113e-01 8.093005291183456018e-01 8.517354301175567022e-01 8.630716138377694246e-01 8.582805711157099893e-01 8.532729970657103591e-01 8.718703682685434719e-01 8.469578770509653687e-01 8.461816411457377951e-01 8.700254834489113964e-01 8.501421323628899351e-01 8.531360016671520885e-01 8.435676017773924285e-01 8.502771920173448628e-01 8.607473653424539961e-01 8.658405773532696914e-01 8.549224991961027476e-01 8.554916831458688753e-01 8.572272437200109119e-01 8.483071970979102483e-01 8.616981487533101891e-01 8.609557259817093300e-01 8.493390351307560371e-01 8.526103447320185769e-01 8.566124917000293992e-01 8.541211716117645958e-01 8.386880298552006341e-01 8.395752744823395952e-01 8.577915250187990726e-01 8.556660772865887221e-01 8.567972914471778667e-01 8.576937012109386860e-01 8.526035672012260980e-01 8.455605464797641968e-01 8.448684940099538965e-01 8.498399221867425357e-01 8.526080214662018486e-01 8.404930047866714382e-01 8.412062417247196944e-01 8.540511998276102412e-01 8.336145569633219843e-01 8.406552061253050878e-01 8.535957598148845582e-01 8.454890437025468497e-01 8.436203494917339230e-01 8.529302808889542842e-01 8.434077193896430957e-01 8.592032303182073338e-01 8.530408251543288856e-01 8.462716953478163218e-01 8.444942674730523402e-01 8.481474327056006679e-01 8.500594045143314847e-01 8.495261657064561156e-01 8.510214660946285870e-01 8.599712824508529696e-01 8.570854064380003523e-01 8.498024938165478215e-01 8.548783825264065772e-01 8.507575821956042672e-01 8.478825277907312552e-01 8.582641857474804237e-01 8.511710908612722948e-01 8.470745951353908509e-01 8.566255703515424091e-01 8.571930300655693502e-01
2.172414151155646067e-01 2.984046641996699889e-01 3.912180738152114534e-01 4.828230559741815697e-01 3.925546057063154515e-01 4.329081025210076428e-01 5.717771678606439201e-01 6.161048659873754607e-01 7.643736805527444611e-01 1.000000000000000000e+00 7.557805269950828020e-01 7.279637333498059082e-01 6.618271990338380206e-01 6.524171037523620598e-01 7.418091155007989768e-01 7.285404278452000115e-01 7.329794101020480346e-01 6.858162584109085413e-01 7.321420431595399014e-01 5.394616406337043868e-01 6.842430120247259273e-01 7.536699783387522666e-01 7.132624196651282666e-01 6.801921826732091336e-01 7.605213749127480716e-01 7.904782817005941986e-01 7.839273658113680154e-01 7.835242749954806074e-01 7.667235451821664549e-01 7.499812097876260575e-01 7.924469286039653726e-01 8.007710811458117472e-01 7.369412660742482579e-01 7.690327085756722969e-01 7.409641668127541214e-01 7.403650193039310601e-01 7.592956032327258242e-01 7.858542331036008077e-01 7.811322446217090487e-01 7.395785120770034249e-01 8.019755051798698187e-01 7.809273116965615991e-01 7.630360874197543719e-01 7.890955527721315033e-01 8.145584673095879191e-01 7.979981126754102094e-01 7.821594407809921989e-01 7.986824496824107555e-01 7.853337848597702342e-01 7.682421444488229945e-01 7.785648659649972991e-01 7.264045864100547867e-01 7.736542969780418888e-01 8.104442044210122820e-01 8.130629552090536949e-01 8.150944954052893321e-01 7.983665832991156952e-01 7.971877330178530618e-01 7.886364316055445300e-01 8.017808799607079040e-01 7.857401841594333636e-01 7.934379754287648190e-01 7.900683200263467487e-01 7.789983534538282850e-01 7.926361350145706419e-01 7.975746822057901975e-01 7.946162509872974899e-01 8.052450770422785453e-01 8.108033124631004451e-01 7.825054870965234555e-01 8.102530826921497953e-01 8.140702067434372191e-01 8.009841215312123452e-01 8.056223168505756149e-01 8.076683421819713660e-01 8.103992103986485951e-01 7.981508640948127287e-01 8.094152065764652626e-01 8.139174443901486811e-01 8.110411718076483423e-01 8.081468307921949590e-01 8.081137843382257824e-01 8.098561730155540150e-01 8.034061080864748350e-01 8.004331839633600509e-01 8.016863810126509948e-01 8.006273086757283997e-01 7.994937977751381819e-01 7.948725896481833031e-01 8.128685231330838867e-01 7.887644033124376897e-01 7.934825167217446351e-01 7.970137611074641359e-01 7.983519129390201918e-01 7.841084959370216989e-01 7.925161093967793002e-01 7.831129707487571867e-01 7.955171069899249492e-01 7.900061731469024684e-01 7.938074708341056329e-01 7.871449117305365784e-01 7.899396732843350089e-01 7.835639787020425295e-01 7.929172860347151186e-01 7.863585919688280690e-01 7.973926225305524307e-01 7.971161270985853697e-01 7.935144675127137059e-01 8.043637556951661605e-01 7.877038770978751492e-01 7.965484011790211483e-01 7.947211171690697906e-01 7.949186302737765164e-01 7.867060817132521811e-01 7.889516446794747617e-01 7.929657493571514726e-01
8.945527129712459169e-02 2.016376879015706058e-01 3.910297649422102562e-01 5.625919409859940767e-01 4.386506658472877906e-01 5.008013065851631973e-01 6.730787974098302318e-01 6.699660909946435483e-01 7.948037257724481774e-01 7.557805269950828020e-01 1.000000000000000000e+00 8.440328496941530423e-01 7.502430794109969936e-01 7.596208242365998231e-01 8.498682571747381287e-01 8.239022843237453486e-01 7.876815583299429102e-01 6.976991651319255361e-01 7.562844448682478626e-01 5.853569296572829206e-01 6.855324609267131608e-01 7.823484619401814832e-01 7.371628136700526523e-01 7.030651721218580397e-01 7.891021134205938869e-01 8.368772502943301328e-01 8.488527745410200387e-01 8.279650320306233269e-01 7.731078065273474520e-01 8.139090610156580752e-01 8.710266932925115890e-01 8.615541342796156910e-01 8.022399482288434802e-01 8.406552577684935912e-01 8.156653671360023505e-01 8.331230954027728508e-01 8.498814004674059008e-01 8.630335002486805296e-01 8.726114832183177183e-01 8.398367393679839754e-01 8.860779790189506899e-01 8.719897001180774154e-01 8.586434323491878295e-01 8.887711872388636136e-01 8.923721056250604189e-01 8.855509874958463756e-01 8.879907389191911138e-01 8.881560173710218997e-01 8.855813850780912544e-01 8.656481008030889601e-01 8.772163841870663781e-01 8.476548976961409965e-01 8.772194444010293912e-01 8.822017946465572358e-01 8.861252633058636086e-01 8.884719907641766001e-01 8.780056894831063108e-01 8.863497054385306440e-01 8.790466472257955077e-01 8.912203278739029289e-01 8.874449276087226224e-01 8.811629757613962388e-01 8.847475754223543820e-01 8.772917237622716025e-01 8.856383818063670033e-01 8.907886737755017492e-01 8.908835934051951844e-01 8.956788704570459725e-01 8.927058861486737440e-01 8.678214230771471582e-01 8.938279551312670046e-01 8.957534186640271345e-01 8.821517353717458487e-01 8.863772098711890646e-01 8.971878804774833238e-01 8.979030139088600704e-01 8.911878886581355852e-01 8.781722126511203319e-01 8.955905332090072779e-01 8.929524143835737560e-01 8.978078636622690567e-01 8.991711977493771490e-01 8.958809492644537187e-01 8.884981019621288612e-01 8.921422693712508512e-01 8.947229651449530863e-01 8.953112740749158416e-01 8.962487712344147095e-01 8.928194507786061385e-01 8.963017153299375206e-01 8.904358082365352312e-01 8.950327880892693377e-01 8.985211979014507966e-01 8.948249372438853433e-01 8.888908916575648522e-01 8.909161542429475666e-01 8.848871231174386676e-01 8.871474464589977904e-01 8.900686860114369603e-01 8.943315934885278651e-01 8.921591756329519951e-01 8.880822907627881069e-01 8.912838456593501490e-01 8.928076024969917590e-01 8.941200405148947983e-01 8.876040929868602714e-01 8.932164095121517544e-01 8.884771718255469741e-01 8.931653883491990076e-01 8.908156289544879591e-01 8.908416687590553495e-01 8.945907738827444389e-01 8.892553235919619103e-01 8.882670314458146477e-01 8.932478228384584940e-01 8.939445098532886602e-01
2.420460965220399066e-02 1.338199379490839225e-01 3.437352737702596972e-01 6.396481450615991715e-01 4.725912548967859395e-01 5.442266162203037716e-01 7.405927382902215417e-01 7.382734932283195883e-01 7.854105794737621382e-01 7.279637333498059082e-01 8.440328496941530423e-01 1.000000000000000000e+00 7.832961560785142163e-01 8.171232069386925589e-01 8.972773154764103198e-01 8.927453246977735679e-01 7.770871519768136615e-01 6.440288934782952834e-01 7.160067702406128776e-01 6.313496010112236156e-01 6.675469768529326275e-01 7.675575138563286437e-01 7.164005402843959258e-01 6.660974674740334223e-01 7.579910407577759024e-01 8.094392126471126048e-01 8.357876128329785326e-01 8.065249140252763738e-01 7.379160982229917565e-01 7.692776671547583156e-01 8.373114724698215161e-01 8.569392381391666147e-01 7.806243422056926562e-01 8.240208453359731955e-01 7.881930967194837878e-01 8.493827465677217248e-01 8.361852818356275696e-01 8.646353326505388237e-01 8.849003179611459879e-01 8.673173791903139307e-01 8.985959933295468716e-01 8.972009568484127229e-01 8.888970464574997843e-01 9.151477089802062537e-01 8.954676146917326385e-01 8.923687723967977936e-01 9.231000625567754581e-01 9.064991554715599031e-01 9.135390069169074811e-01 8.922936546133664049e-01 9.098971316804179699e-01 9.009544459369484004e-01 9.134784895672555249e-01 8.831253460992072313e-01 8.845694710439823139e-01 8.863048080135277340e-01 8.950616307285859108e-01 9.014922415212430762e-01 8.982699955088753185e-01 9.142622544069731738e-01 9.174127686961504047e-01 9.015368285259328651e-01 9.054152680530184183e-01 9.083602387838903836e-01 9.071516860975282759e-01 9.178215098894693114e-01 9.148102402717289694e-01 9.047235337888991369e-01 9.104790275933362098e-01 9.056402610906686412e-01 9.089878151088228719e-01 9.075143552747050313e-01 8.922033238844550018e-01 8.977761616193412619e-01 9.140538071286178345e-01 9.129561621137519678e-01 9.118346745276112442e-01 8.877832072510506434e-01 9.093000647153413052e-01 8.931847725400087201e-01 9.017208845473176915e-01 9.070557195179770327e-01 9.096102931221751176e-01 8.958430905759136031e-01 9.110386412289532831e-01 9.087281152908298631e-01 9.085220396714364099e-01 9.148315117340904967e-01 9.118977875868138350e-01 9.092782914248244142e-01 9.129348055284403074e-01 9.261085094578705990e-01 9.235718482201564772e-01 9.203465640080590315e-01 9.235146163296943378e-01 9.177811879579330645e-01 9.148897877829508252e-01 9.126953165024432879e-01 9.194953323908825471e-01 9.250426914862209804e-01 9.229029270495775483e-01 9.153069062296492753e-01 9.278773287703917516e-01 9.243722439683719205e-01 9.293263849714810121e-01 9.108261226303304703e-01 9.210762041139411993e-01 9.143911475354792318e-01 9.115065773370858437e-01 9.206960962285657413e-01 9.149078277696810479e-01 9.230439777394333634e-01 9.135451021621817658e-01 9.189751291131048605e-01 9.212532442147510769e-01 9.247392689830907786e-01
5.125594435866395737e-02 1.376842283962728675e-01 3.145017961148557917e-01 4.977384051174381652e-01 4.878762810052786336e-01 4.603509315425226012e-01 6.540422556791168907e-01 6.735425674073868274e-01 6.975877181941756433e-01 6.618271990338380206e-01 7.502430794109969936e-01 7.832961560785142163e-01 1.000000000000000000e+00 7.177012588757660794e-01 8.087415316947238475e-01 8.052555727788556217e-01 6.828053830232625465e-01 5.733563194691450038e-01 6.437873920998949950e-01 5.509920522365484574e-01 5.848205936568999785e-01 7.015719338614534450e-01 6.237822861062060076e-01 5.780332590851822161e-01 6.821486188846238585e-01 7.266494782408631226e-01 7.488081394520025302e-01 7.306942483814231615e-01 6.682868885498350897e-01 6.939589643525980733e-01 7.495106496538859187e-01 7.476227319379054048e-01 6.938790411286560600e-01 7.216094913243148445e-01 7.040054538961807440e-01 7.409168268677374103e-01 7.511760853714672947e-01 7.578615732581094333e-01 7.826358089672128537e-01 7.657909079269274999e-01 8.015311719517899114e-01 8.017160789551863731e-01 7.898657344455753959e-01 8.127253905591839134e-01 7.934463329194217929e-01 7.968949021777761432e-01 8.138703735461829680e-01 8.075330520396819534e-01 8.054905220432641011e-01 7.843814057355653624e-01 7.993610452703573399e-01 7.939597340626425304e-01 8.095208703605474287e-01 7.909906377075531791e-01 7.887068112391261154e-01 7.818333722297562405e-01 7.872714625101944197e-01 8.098309185191211457e-01 7.978546405472446423e-01 8.100717604038880637e-01 8.102168728896361749e-01 7.983656283725885094e-01 7.946648353017562449e-01 8.023332896477328724e-01 8.010797429609003428e-01 8.077445416275960133e-01 8.078750952193681778e-01 7.962973179714685212e-01 7.982269195256873617e-01 7.979822251545749534e-01 8.065395711791304434e-01 8.083137917363877323e-01 7.827358310392092955e-01 7.970944154967540829e-01 8.146116484218637321e-01 8.162892046034305737e-01 8.159016328710700927e-01 7.944660657914762725e-01 8.098313459946360204e-01 8.046312810543492233e-01 8.070211893789764890e-01 8.123877746854003545e-01 7.950682306458559667e-01 8.013725949339044474e-01 8.068647040373213564e-01 8.039432230492415954e-01 8.096089811187932028e-01 8.120868769346328842e-01 8.113017888231538466e-01 8.025845918187810568e-01 8.101815984455025266e-01 8.215248911896397832e-01 8.218503300398560807e-01 8.195400261723094770e-01 8.176326590454165988e-01 8.138110456360549971e-01 8.124731688407954566e-01 8.084398906076091240e-01 8.146179217730143973e-01 8.196096315499625806e-01 8.203308936577172750e-01 8.111905049577878835e-01 8.208292215772948763e-01 8.201584106080448411e-01 8.198649255749982379e-01 8.037212227482307680e-01 8.157552343437811659e-01 8.126520324948933727e-01 8.113654177506055554e-01 8.165310759184180034e-01 8.121380789466804417e-01 8.172460146071887088e-01 8.113202544613650202e-01 8.125904269702134419e-01 8.137660119916586554e-01 8.189644572301590930e-01
