1.000000000000000000e+00 1.521964564901989447e-01 1.008886576550646202e-01 1.078737740630625747e-01 9.364768798044097176e-02 2.497981103293865981e-02 6.430071948069042420e-02 3.963912984767086617e-02 1.210605132880218510e-01 8.819969202272412434e-02 2.986681146575330750e-02 4.816307956422063996e-02 2.415391909648349072e-02 -1.298817737790325388e-02 3.460957590497833886e-02 2.665102904896304511e-02 9.183128655586375588e-02 1.421174883905464981e-01 1.326143543993195950e-01 1.140696957717329957e-01 9.123696483893385667e-02 1.396159662734871298e-01 1.714601477173368360e-01 1.432667156611867054e-01 1.404864358729457918e-01 1.281819758780703700e-01 1.033995790136377074e-01 1.020363640154118567e-01 1.332933626805457294e-01 1.497424326970700770e-01 1.048765097912589123e-01 8.871617619295667223e-02 1.304785823820006907e-01 1.019593499896139926e-01 1.421156634262232543e-01 8.159832522255301701e-02 1.078333827966235225e-01 6.844384201440852078e-02 6.902285675617274296e-02 5.909632714758798755e-02 4.450861096436483505e-02 3.611412659072585352e-02 4.617954573520206135e-02 3.824347934186014125e-02 7.701193081402293861e-02 3.886082891283609841e-02 2.011760946247974011e-02 3.114936195279572467e-02 2.599634246672099039e-02 5.500320818422436975e-02 5.594285299800273031e-02 5.492846290281905991e-02 3.442904185656094768e-02 4.769287223212243659e-02 6.554758409661419483e-02 7.317897157030753275e-02 4.740253835503563384e-02 2.541692236881212819e-02 4.150577302233980637e-02 2.267171530756487835e-02 2.151875485026123400e-02 2.598025080821701402e-02 3.551223232558002596e-02 2.650652514943218838e-02 4.432996368907864138e-02 3.686779310006641636e-02 2.851752461691993770e-02 4.985681096964456049e-02 5.594860652681087065e-02 5.355091846376744402e-02 5.096272382530622064e-02 5.865548021035076054e-02 6.610275386041307433e-02 6.756688234462640552e-02 5.760473029367461223e-02 4.664589841901389811e-02 5.084913335294520553e-02 6.403479716431734192e-02 5.347701373591487450e-02 5.776804136450325311e-02 5.427117882668724275e-02 4.725410935362341774e-02 6.365282405799797816e-02 6.838851332733134059e-02 4.687373362111783154e-02 5.087763830628699163e-02 4.506208897721250550e-02 3.102985157677536424e-02 3.360280290731641750e-02 5.020121512613862080e-02 4.713501835458262790e-02 2.170508724157052885e-02 2.854944898150799104e-02 2.152234719790991138e-02 6.292803123757462203e-03 1.884548548867042220e-02 3.630522551075620469e-02 4.474284104309670523e-02 1.930911847759488043e-02 3.305508744205554184e-02 2.120173065487183234e-02 2.155318182372841992e-02 1.628979436472224873e-02 1.550779866947320229e-02 3.043365741138846434e-02 4.116565208815478605e-02 2.845879392586066550e-02 2.803794949096953190e-02 3.669397157680279881e-02 1.361266423290701313e-02 1.585452833413535101e-02 1.121374468382100448e-02 1.396170793846416430e-02 2.409385047252770098e-02 2.273984307077521819e-02 2.321828893963176488e-02
1.521964564901989447e-01 1.000000000000000000e+00 1.008064582946270743e-01 1.079393176859718279e-01 1.361484668817658505e-01 1.111937474066763271e-01 1.590078259548773354e-01 1.608028474120534734e-01 1.898324995814200944e-01 2.038920854580950071e-01 1.534318758253650217e-01 1.582491349190765229e-01 1.660282078850177645e-01 1.352405564659853454e-01 1.688776327380805964e-01 1.641921057566006203e-01 1.926572186104665851e-01 1.864786388593552280e-01 1.818293509626112692e-01 1.351726223923154224e-01 9.229522143945319279e-02 1.388296029963336786e-01 2.239292928627051038e-01 1.578049299443760878e-01 1.428751908120257375e-01 2.047573734547691315e-01 1.959587484662333734e-01 2.024684136033258197e-01 1.933549624817401946e-01 2.245291060759216639e-01 1.987219465247897776e-01 2.027447697837744534e-01 1.962605126010635304e-01 1.812878612879638696e-01 2.082487194807602082e-01 1.810997453493511933e-01 1.978642615585087250e-01 1.938700897580867832e-01 1.871124478066296115e-01 1.808773859489608837e-01 1.674818751473472200e-01 1.720199642454328104e-01 1.547167399579740810e-01 1.710229690059088814e-01 1.930952448297336699e-01 1.737524343386504522e-01 1.608493766639680078e-01 1.764603130393387342e-01 1.620137994467058529e-01 1.553104504929439800e-01 1.792542561806983459e-01 1.299612541498555429e-01 1.464908529175191210e-01 1.778145220041902064e-01 1.871001185571173342e-01 1.963466330766489853e-01 1.618149392298772471e-01 1.668804997847543048e-01 1.766782009596206959e-01 1.613716222820728574e-01 1.502308979594043636e-01 1.650593126073093553e-01 1.660188357436145346e-01 1.688194652653158268e-01 1.680500451912871340e-01 1.601987893300817478e-01 1.681451179096926096e-01 1.659589709306655003e-01 1.841354325749557930e-01 1.642551702428643179e-01 1.508017358255520912e-01 1.653014568330095913e-01 1.628774999942706192e-01 1.619287122009020197e-01 1.826955538161192660e-01 1.701134077648887855e-01 1.710299040282628469e-01 1.779359359649693162e-01 1.803634497425730954e-01 1.798697834751115388e-01 1.762794102419489028e-01 1.773559882812180133e-01 1.949268496601919698e-01 1.779575884056738277e-01 1.703464191770857061e-01 1.682643603707699442e-01 1.740714886701662800e-01 1.666855155206400096e-01 1.738071340286529431e-01 1.819685211516803014e-01 1.739514040870608624e-01 1.648269351787023662e-01 1.616201440059020222e-01 1.653703959127994505e-01 1.609991744152753923e-01 1.670956702151136786e-01 1.563436471935191474e-01 1.590193244048490606e-01 1.573349905304438356e-01 1.595829023498641919e-01 1.494175292562839596e-01 1.579551614890492284e-01 1.463033009634077675e-01 1.518960711788123752e-01 1.614270096885625505e-01 1.614765881546753323e-01 1.653186927278452456e-01 1.744681452915742281e-01 1.752125038959376213e-01 1.612800987936201524e-01 1.606446004521687732e-01 1.586930437906234337e-01 1.576029093596792718e-01 1.593076190037781281e-01 1.622928731951845671e-01 1.608417107327383133e-01
1.008886576550646202e-01 1.008064582946270743e-01 1.000000000000000000e+00 3.200498745243831600e-01 2.064610054450721766e-01 1.705537032579518830e-01 3.195971737982229999e-01 3.157632798642062699e-01 3.494212244010579393e-01 3.269060941271163534e-01 3.451975043075155014e-01 3.647511218165025992e-01 3.135227522349587903e-01 2.996225643932551308e-01 3.503240382294207644e-01 3.480434387088691683e-01 3.502986891471474573e-01 3.211672419420997238e-01 3.412946396415041939e-01 2.738670447136115627e-01 2.960754434005482549e-01 3.577508474625021861e-01 3.597200837284425523e-01 3.479232579173607842e-01 3.455170663984698520e-01 3.736002593963961838e-01 3.681607752408728729e-01 3.567722691383128364e-01 3.439770644838870961e-01 3.549432755048733679e-01 3.632050943105962770e-01 3.655683762573972428e-01 3.539805304517914530e-01 3.704671326286473332e-01 3.609658618209372616e-01 3.585495570653186026e-01 3.635965060774757340e-01 3.715640196783377425e-01 3.667554057259936884e-01 3.645163703578557235e-01 3.501982098669798038e-01 3.501944739594846645e-01 3.570405676353013424e-01 3.591392688160118252e-01 3.702884160122792423e-01 3.568921606614548492e-01 3.530440873358187126e-01 3.520397639389091227e-01 3.574662658301828722e-01 3.676708192724501556e-01 3.721111074001529073e-01 3.371418230891375933e-01 3.520696983916724032e-01 3.586599429095864711e-01 3.653311706790130509e-01 3.667611066056775115e-01 3.667678613677312072e-01 3.577457775785722882e-01 3.661980916161799438e-01 3.517674746402301711e-01 3.549045192517636393e-01 3.594005728402882016e-01 3.647951496313429631e-01 3.581875661751362516e-01 3.613247203444133193e-01 3.620042515723025933e-01 3.526103464828823641e-01 3.596321305110380950e-01 3.658562000350484289e-01 3.564166045905035607e-01 3.616977508993882706e-01 3.657334427934598176e-01 3.662058382307390447e-01 3.671675757671729046e-01 3.645126167791507554e-01 3.577622551683695695e-01 3.563653091524079941e-01 3.593703858690565633e-01 3.576406130909856040e-01 3.566975717678678159e-01 3.565791679767469358e-01 3.613864681823195646e-01 3.713821118865366921e-01 3.646232917055622358e-01 3.660815952991419153e-01 3.636460595568501986e-01 3.575799631934538647e-01 3.574047547428767513e-01 3.558741551985812324e-01 3.639205149297971564e-01 3.597997478022825768e-01 3.524526678319816475e-01 3.502036878539488973e-01 3.501696593779671240e-01 3.452697187668527512e-01 3.499304159741165043e-01 3.605185274255179873e-01 3.629627833696025818e-01 3.532474175196251287e-01 3.599796494502975341e-01 3.519557761096913095e-01 3.579749042647664692e-01 3.429368275396386667e-01 3.504472724697340613e-01 3.537818776136896215e-01 3.628145586012699875e-01 3.568250459837055688e-01 3.541386023847438169e-01 3.594257453938124458e-01 3.489422295042844957e-01 3.510393741795821976e-01 3.465525483671127449e-01 3.527601185903644909e-01 3.558776877583661458e-01 3.494934310732113469e-01 3.515498912231216355e-01
1.078737740630625747e-01 1.079393176859718279e-01 3.200498745243831600e-01 1.000000000000000000e+00 3.375584591807851420e-01 3.439456556781403385e-01 5.923608666112628596e-01 5.422403970983392663e-01 5.360934697868160459e-01 4.861233281367482451e-01 5.401319060220866053e-01 6.449667049061815760e-01 5.236803131169622816e-01 4.931848956350642355e-01 6.052290524249618331e-01 5.763140403030002634e-01 5.474289453783587334e-01 4.955199147146386318e-01 5.292466420385433246e-01 4.325797329445451034e-01 5.005944063765761509e-01 5.994627987347609377e-01 5.177076679427823347e-01 5.331555918564568897e-01 5.656894440333399832e-01 5.610385571074180122e-01 5.473709242536995978e-01 5.453719078401242371e-01 4.488960066770811830e-01 4.971576105629123554e-01 5.438431397335040662e-01 5.755180998923253854e-01 5.448332695883248977e-01 5.632860137465085515e-01 5.372588822099767514e-01 5.878435879818652010e-01 5.818446056404231737e-01 5.845907094184014108e-01 5.667961473577983744e-01 6.023331583150152158e-01 5.846528933966683717e-01 5.867676781087839410e-01 6.096519567461796685e-01 5.913473204791234172e-01 5.991178162223808057e-01 5.674877381108234253e-01 5.720774696854844521e-01 5.662021344059060546e-01 5.843310395549040637e-01 6.071853706627777791e-01 6.056220852257586662e-01 5.967762897461074134e-01 5.901702477014175718e-01 5.528328567962274009e-01 5.657069488178904093e-01 5.910058758172970217e-01 5.810617195236248422e-01 5.723550152214047504e-01 5.797285000225959051e-01 5.650870270685669494e-01 5.845069932851990613e-01 5.669138018587013272e-01 5.827310277277421013e-01 5.737977567296073111e-01 5.785078543520999483e-01 5.801219520550792152e-01 5.637903071448447934e-01 5.710534137639392549e-01 5.701688988122696200e-01 5.719628652383024203e-01 5.917739863826143587e-01 5.849883091655726508e-01 5.688110172561486877e-01 5.880532434765435301e-01 5.823100465363520994e-01 5.702419164587977374e-01 5.719905569458486605e-01 5.368834066933532156e-01 5.504122836328739776e-01 5.414609661674658625e-01 5.689153213668821651e-01 5.617565525699280693e-01 5.800236861156187196e-01 5.632325924609233869e-01 5.864267559307757560e-01 5.726686386634018966e-01 5.841154562295409747e-01 5.834989361284389497e-01 5.647988893120828857e-01 5.846334051886818983e-01 5.910234930214086635e-01 5.804296165045915723e-01 5.752159438012864889e-01 5.721240075366875732e-01 5.611065383578167642e-01 5.628332541759709651e-01 6.121463173798056268e-01 5.946711522710141917e-01 5.779429661123679507e-01 5.884054318003835160e-01 5.919349871369981031e-01 5.874587836222041615e-01 5.744963272820068356e-01 5.827237856668622262e-01 5.852879790028719942e-01 5.840435369562753110e-01 5.779287736695322142e-01 5.631697539581395073e-01 5.754058376608390812e-01 5.685276477580643029e-01 5.733056456639663567e-01 5.644384170205585249e-01 5.696922597356484097e-01 5.742315140649650873e-01 5.649112994803116017e-01 5.712685386459471770e-01
9.364768798044097176e-02 1.361484668817658505e-01 2.064610054450721766e-01 3.375584591807851420e-01 1.000000000000000000e+00 2.779370814583494442e-01 4.393060738364835682e-01 4.608147193633411742e-01 4.520186819966496294e-01 4.191853541920849135e-01 4.442122409342182943e-01 4.704577149491293575e-01 4.825995538022794795e-01 4.104830306485398039e-01 4.889126560197090687e-01 4.897326099860986326e-01 4.405130018307703010e-01 3.965055437543815176e-01 4.452915965281438737e-01 2.910059960876420493e-01 3.309330244678650446e-01 4.485681237286361922e-01 4.249372142746085101e-01 4.225319224532250728e-01 4.450521702755588782e-01 4.744478091526715402e-01 4.721446805223356580e-01 4.774389437602641895e-01 4.285051563026252563e-01 4.489424008627970752e-01 4.723121723195992105e-01 4.731830587684610068e-01 4.559179872340323181e-01 4.713512647455123106e-01 4.597431221008151381e-01 4.763281396215034991e-01 4.916189759791892433e-01 4.961827885788221426e-01 4.951298463023131036e-01 4.807961982689408220e-01 4.862616070206221552e-01 4.882988858550155742e-01 4.940483249655232556e-01 4.932153280654484329e-01 4.913047199796904962e-01 4.914206632290482046e-01 4.806070363895930120e-01 4.809144381627585285e-01 4.783838893981392504e-01 4.705014994019144914e-01 4.822943914739525884e-01 4.721396918500984641e-01 4.788997167810891686e-01 4.730345547890924540e-01 4.741037795611354744e-01 4.808989281946640104e-01 4.647076043946833934e-01 4.835646627819264465e-01 4.806108523360566598e-01 4.842097926250771289e-01 4.824632092617225365e-01 4.733736612793125187e-01 4.761706164897310800e-01 4.748200966338493867e-01 4.871232332490248451e-01 4.811453866010779734e-01 4.824747538544862380e-01 4.812424341472179568e-01 4.798037992774829563e-01 4.542318425361381862e-01 4.825036410630834105e-01 4.890874592243804608e-01 4.736621672745763845e-01 4.834892983879907624e-01 4.889009116486141560e-01 4.875630978530949844e-01 4.864275924313153365e-01 4.747534797110991578e-01 4.847546985801158836e-01 4.757858279948635749e-01 4.881232139161887362e-01 4.854735606424193661e-01 4.837516837407283554e-01 4.800732879635720707e-01 4.844147064073051068e-01 4.851415757131425921e-01 4.922381448889248112e-01 4.873227502448396753e-01 4.861688476628935329e-01 4.846016258013789435e-01 4.892110165964079216e-01 4.876963890583241312e-01 4.885316870151438784e-01 4.856295693118931056e-01 4.808240240287080525e-01 4.827017751307630111e-01 4.800698069105325816e-01 4.830683834690256417e-01 4.807731831937196443e-01 4.844993028462099560e-01 4.852576493097044974e-01 4.801584961660925743e-01 4.816763214788602476e-01 4.855838526206650019e-01 4.859584466366359545e-01 4.746482479039778601e-01 4.826259478772417233e-01 4.825493768675933048e-01 4.817311377969422104e-01 4.798978930217159267e-01 4.792833359929532522e-01 4.793576111868211309e-01 4.760742973985448989e-01 4.842707614268121352e-01 4.817068885146599810e-01 4.787034264754425061e-01
2.497981103293865981e-02 1.111937474066763271e-01 1.705537032579518830e-01 3.439456556781403385e-01 2.779370814583494442e-01 1.000000000000000000e+00 5.011095949608224132e-01 4.747366518603530205e-01 5.146338296467579676e-01 5.175175414048385214e-01 5.204309125297995609e-01 5.358693795471173305e-01 5.077908129156887274e-01 4.830201661850452854e-01 5.569066946828981068e-01 5.609391327114552350e-01 5.139617730107315374e-01 4.568579098667564509e-01 5.017151058249772477e-01 3.361720502555760048e-01 4.042101829477510178e-01 4.932372652079196063e-01 4.605199783677416669e-01 4.701321185170323491e-01 4.864594842432995447e-01 5.127082773499784807e-01 5.285405994007214003e-01 5.417185222785183552e-01 4.695505538050793182e-01 4.910913961618207368e-01 5.407885907779789170e-01 5.534635140000276898e-01 5.067904901085872327e-01 5.381389044381801323e-01 5.057333310365469403e-01 5.483191963163672744e-01 5.507895719149018543e-01 5.566152326650457560e-01 5.669518010635622440e-01 5.627443495615811475e-01 5.727685370766102402e-01 5.739928738946434850e-01 5.633638714398820913e-01 5.777217380980865791e-01 5.676099764528723668e-01 5.697586662231507448e-01 5.765673855356545641e-01 5.732339586745976989e-01 5.698439245248715368e-01 5.536108540230627595e-01 5.637246761944793016e-01 5.498138523798646871e-01 5.595849670581815039e-01 5.568965926619525719e-01 5.519574490471422790e-01 5.542437402211141118e-01 5.507010040659995331e-01 5.673975154770606322e-01 5.594016422966865409e-01 5.688071485329547761e-01 5.724354004302906196e-01 5.657614860851100103e-01 5.585342400126094287e-01 5.688282181977355467e-01 5.707364381796865560e-01 5.652233647474583789e-01 5.791796846186393344e-01 5.753994772902196742e-01 5.651942611865170552e-01 5.476375029369728864e-01 5.748289867028760769e-01 5.746841090032305255e-01 5.602861732804343964e-01 5.647028303369412416e-01 5.712121640386939037e-01 5.732766931722755865e-01 5.743290417443540630e-01 5.551790546013790628e-01 5.688713850436755148e-01 5.610405876095870825e-01 5.707049771523121651e-01 5.723555389933927540e-01 5.684017861032031327e-01 5.606238726535354155e-01 5.739485622550757338e-01 5.727404840969813060e-01 5.821293961461558863e-01 5.803756095410067539e-01 5.810476388377083801e-01 5.723223333639508859e-01 5.787893696043683311e-01 5.828095995491866521e-01 5.808236093787728649e-01 5.819591696618726662e-01 5.819143987529685758e-01 5.787445675895100949e-01 5.727377505182572603e-01 5.667424359788280075e-01 5.786225426697980678e-01 5.777596438930970857e-01 5.812496797311260677e-01 5.767433455688858457e-01 5.784099934268334131e-01 5.822746294698376568e-01 5.811486064784804340e-01 5.663662162734333094e-01 5.768861221230591196e-01 5.771255848011366263e-01 5.747145218228250085e-01 5.796149146739741909e-01 5.800231295247617602e-01 5.782216135191355910e-01 5.756972554771093709e-01 5.764012905235343931e-01 5.771656190934049135e-01 5.745624779853164554e-01
6.430071948069042420e-02 1.590078259548773354e-01 3.195971737982229999e-01 5.923608666112628596e-01 4.393060738364835682e-01 5.011095949608224132e-01 1.000000000000000000e+00 7.435463055572730795e-01 7.209420473381445982e-01 6.876573970911316058e-01 7.282565556325966138e-01 7.979286031073181684e-01 7.099588665634498641e-01 6.888036059311282155e-01 8.452210508640113362e-01 7.940496441002271588e-01 7.349831289781905141e-01 6.431645949310412780e-01 6.958232201812640794e-01 5.329703917019096293e-01 5.733222291459317832e-01 7.242521943092764536e-01 6.954840960730224175e-01 6.693649345146244212e-01 6.981083161939007908e-01 7.581193907003649368e-01 7.582715919673764793e-01 7.685952581130950367e-01 6.826905329396038002e-01 6.996144046379830783e-01 7.672193093195391889e-01 7.903504062235459093e-01 7.397711403022666499e-01 7.720152498309301725e-01 7.281906837748439720e-01 7.898343066819054625e-01 7.964271796717607987e-01 8.148109566321352082e-01 8.006881045466389679e-01 8.206562794425326102e-01 8.031639122419093058e-01 8.160942702964149031e-01 8.184683894067703580e-01 8.157324099442316845e-01 8.080286456364933478e-01 8.038495602764410553e-01 7.983555764768397456e-01 8.000330054979785110e-01 8.025275513373500980e-01 7.981405243677305306e-01 8.159013786113671340e-01 7.657083465336810280e-01 7.844866755435788708e-01 7.875807087751306446e-01 7.912293857385209739e-01 8.108398372829438427e-01 7.959432708628589870e-01 8.017455304188834120e-01 8.067921410118504832e-01 7.882555665470409867e-01 8.044113402664924140e-01 7.977027654362567333e-01 8.047388874654878288e-01 7.953265311520981706e-01 7.912055960374817509e-01 7.944264397446431092e-01 7.973009154973200729e-01 7.933792644279400452e-01 7.964600314584664442e-01 7.732690707619246373e-01 7.956639770361795261e-01 8.011229685338897566e-01 7.787423726999119777e-01 7.873591023075792172e-01 8.076713854762528344e-01 8.005217453714955633e-01 8.097974406835379835e-01 7.813098703308293258e-01 7.921793003013803958e-01 7.735192989588096646e-01 8.016303673333681212e-01 7.946962046966437043e-01 8.071821829896703715e-01 7.937021763808259633e-01 8.134915594676884742e-01 8.028730042009527557e-01 8.138784099758927804e-01 8.157319513335263839e-01 8.038943736326626954e-01 8.096907327325784109e-01 8.206490417389281644e-01 8.107688297163840874e-01 8.045392412335476973e-01 8.096392183651580643e-01 7.950141493759083078e-01 8.009688443002215275e-01 8.180819269925407866e-01 7.990001452407065052e-01 8.053319224683919142e-01 8.103984712585712291e-01 8.137478236778635798e-01 8.101560003616811168e-01 7.922412423933733461e-01 8.067165292896621986e-01 8.045266722419358585e-01 8.006899761444088437e-01 8.042639293186302218e-01 7.998159270342637406e-01 8.074753636289161429e-01 8.010843066072382834e-01 8.082454457769127076e-01 7.943605100148244391e-01 8.000617634970698111e-01 7.991726991038088368e-01 7.922264370036187220e-01 7.922242998665736113e-01
3.963912984767086617e-02 1.608028474120534734e-01 3.157632798642062699e-01 5.422403970983392663e-01 4.608147193633411742e-01 4.747366518603530205e-01 7.435463055572730795e-01 1.000000000000000000e+00 7.078382595982829484e-01 6.863417747230269317e-01 7.251553653025907265e-01 7.814047901714670230e-01 7.409783157315580349e-01 6.879936737812059055e-01 8.182224132815397732e-01 8.207037664107902364e-01 7.317318707681096379e-01 6.163572714967731070e-01 6.770572065255109351e-01 4.834827581957564790e-01 5.601033009243152616e-01 6.905370254773007810e-01 6.602068778701151164e-01 6.443163267043439113e-01 6.710007503096909742e-01 7.314043623704628017e-01 7.441752927031473064e-01 7.488885034120246198e-01 6.532958376524200528e-01 6.736368717972511799e-01 7.509548485987088684e-01 7.724789626455826896e-01 7.050552451060951853e-01 7.593011266852716101e-01 7.027547657307015028e-01 7.685194629516631792e-01 7.606727124757858283e-01 8.054957071654528233e-01 7.947727481434747610e-01 7.939592663277147411e-01 7.926213567168104435e-01 8.093810885522859655e-01 8.046245650588578213e-01 8.122552006165286720e-01 7.919884752211662216e-01 8.019618321624156776e-01 8.069465596576486099e-01 8.036355025675090413e-01 8.052673657369905369e-01 7.943415898423727972e-01 8.081768715403229164e-01 7.765951599636027325e-01 7.942121636239974913e-01 7.914297964733756352e-01 7.852453804906818213e-01 7.940846193569550682e-01 7.951216852947485814e-01 8.042420190745540598e-01 8.026545218283169802e-01 8.021291837827536630e-01 8.097777842581079799e-01 8.019391004822902236e-01 8.055792706358516631e-01 8.064592819183471484e-01 7.992139277436109968e-01 8.049304150879197373e-01 8.033035048710009951e-01 7.937770359422504640e-01 7.867753846877283408e-01 7.639297864558117768e-01 7.929224917675161688e-01 7.938764983208469461e-01 7.734717789788730924e-01 7.834270553211793997e-01 7.973721844198883302e-01 7.939568965075941565e-01 7.961289411793766035e-01 7.688807850940209132e-01 7.827192308609556282e-01 7.705171803577709477e-01 7.911346615449900144e-01 7.918277193460059316e-01 8.015276681724210484e-01 7.777141902442197274e-01 8.048249464213509397e-01 8.015194988915965713e-01 8.055307605423809303e-01 8.114816941391339578e-01 8.048332708959315962e-01 8.037130920655060073e-01 8.044353927454553910e-01 8.109401963498046317e-01 8.068528166462419771e-01 8.088500845982269372e-01 8.053898913319020858e-01 8.074455782590937991e-01 8.090553891850149615e-01 8.045055913645825507e-01 8.076708895558053491e-01 8.053256492077579543e-01 8.113520121828271536e-01 8.142924559083872804e-01 8.043519504871631254e-01 8.126770000368097602e-01 8.136253879498305253e-01 8.036475156602197467e-01 8.100350155657842777e-01 8.037939063958599029e-01 8.080339293355681685e-01 8.090823148459015401e-01 8.087487948450440278e-01 8.050084167427939974e-01 8.082790472799038506e-01 8.101963044077202802e-01 8.068371148901284373e-01 8.063265748355442630e-01
1.210605132880218510e-01 1.898324995814200944e-01 3.494212244010579393e-01 5.360934697868160459e-01 4.520186819966496294e-01 5.146338296467579676e-01 7.209420473381445982e-01 7.078382595982829484e-01 1.000000000000000000e+00 7.700121223045335306e-01 7.824031332006134987e-01 8.323170277147886598e-01 7.698165985029512548e-01 7.498137131960994628e-01 8.405692948388325814e-01 8.307965136200164968e-01 8.230780061309148632e-01 7.366661620513575981e-01 7.854549350061776902e-01 5.798083524181589787e-01 6.232674914984233094e-01 7.886682682651255938e-01 7.783647401097457674e-01 7.552399607631786749e-01 7.695982360436669500e-01 8.487321683467988764e-01 8.510363264981934961e-01 8.428402364346813114e-01 7.972765944093495039e-01 8.279079848173064304e-01 8.709221970955319803e-01 8.621140673676157551e-01 8.080000702357643672e-01 8.452409903393945934e-01 8.283214984869470277e-01 8.276770036321450252e-01 8.669512391716337474e-01 8.550788407934474256e-01 8.649760756763792413e-01 8.487489507381715814e-01 8.636705262332843303e-01 8.573445911352488569e-01 8.373991408776735312e-01 8.671961527463757369e-01 8.744672295029130016e-01 8.616508359317527344e-01 8.642261442781461467e-01 8.750276101373921644e-01 8.672334537469427174e-01 8.477787360935741257e-01 8.617015905011068400e-01 8.227463197717834742e-01 8.561053244255082406e-01 8.775727033999254356e-01 8.749987525399232080e-01 8.634676714125758545e-01 8.764204521701980388e-01 8.664124735693049528e-01 8.669466425326735060e-01 8.707776789604042555e-01 8.712116234068403298e-01 8.726432726669236528e-01 8.694421264540428407e-01 8.684588054300232951e-01 8.763847267806973429e-01 8.765324332442847588e-01 8.723711433714844699e-01 8.761941017282380839e-01 8.755921375894505365e-01 8.472140503352735275e-01 8.660224568256318367e-01 8.727728864415841281e-01 8.652785318478556364e-01 8.605201454364089786e-01 8.818458449422765799e-01 8.757331955319553884e-01 8.744653445109119572e-01 8.686374903272715553e-01 8.728557290271179436e-01 8.692608703696393935e-01 8.766533634179362044e-01 8.758809815543132649e-01 8.780261233765084272e-01 8.717894344175347587e-01 8.687606620742592822e-01 8.716577744681942574e-01 8.737190520460078602e-01 8.671925952764222290e-01 8.726713541558430709e-01 8.731819903139710348e-01 8.707664675264009668e-01 8.643757812450353351e-01 8.704849675433389278e-01 8.659934872091973324e-01 8.610337796897853391e-01 8.692937316342637111e-01 8.523374853182071886e-01 8.693699654526124698e-01 8.688366583446526237e-01 8.665502005948403363e-01 8.604131199443326716e-01 8.672677683037359753e-01 8.626035295510817713e-01 8.670989532195154670e-01 8.675047929109839240e-01 8.775874815966488995e-01 8.743712169787215549e-01 8.733433157181333950e-01 8.757489003622473955e-01 8.646026121123037145e-01 8.666411472857402654e-01 8.668676990634934798e-01 8.684986896921588206e-01 8.716159016406527238e-01 8.713377839820585224e-01 8.712131811822928507e-01
8.819969202272412434e-02 2.038920854580950071e-01 3.269060941271163534e-01 4.861233281367482451e-01 4.191853541920849135e-01 5.175175414048385214e-01 6.876573970911316058e-01 6.863417747230269317e-01 7.700121223045335306e-01 1.000000000000000000e+00 7.458050380902196963e-01 7.780232510391360545e-01 7.274991953846122739e-01 7.120670107755078249e-01 7.995507434841131467e-01 7.956679631196065250e-01 7.638327509532187864e-01 6.789224155964641572e-01 7.345568886084185012e-01 5.305951639632755512e-01 5.826883444836822301e-01 7.202517846046055938e-01 7.308549648640236818e-01 6.999612948692188752e-01 7.021145932074781548e-01 7.989781827558983807e-01 8.025815102559180625e-01 7.975847190393067221e-01 7.547448512304021362e-01 7.743889657171173502e-01 8.192517704648918375e-01 8.211614145962468081e-01 7.517152477463058258e-01 7.941566242965870659e-01 7.671675192189294501e-01 7.809442623592094401e-01 8.142317696475476207e-01 8.170993044390565396e-01 8.245058779074804223e-01 8.129706242161875984e-01 8.225400593059531973e-01 8.210563460994102503e-01 7.998777978053341897e-01 8.287980657002987916e-01 8.277780159791146009e-01 8.240003904936297197e-01 8.287458869176284049e-01 8.394957731333545503e-01 8.258604642314004707e-01 7.959460906472659580e-01 8.187149242157104601e-01 7.657727792796307220e-01 8.063351168825216853e-01 8.328706557268638067e-01 8.276728878299766112e-01 8.265793814134758666e-01 8.207653442427462753e-01 8.266361007505733660e-01 8.267136820122230612e-01 8.276219846080106191e-01 8.267613529276562900e-01 8.291432064060747509e-01 8.230855804222362293e-01 8.279288079886057972e-01 8.230535248696253525e-01 8.276401941728017686e-01 8.313791276497963789e-01 8.294731937442818559e-01 8.330678192758630418e-01 8.057521414300629070e-01 8.212547452485695620e-01 8.307698352688162036e-01 8.167526811690031252e-01 8.125605293145383712e-01 8.404336167283601444e-01 8.349712986685616789e-01 8.335965250530259496e-01 8.320004593664651615e-01 8.301508978652595294e-01 8.257911913993523090e-01 8.363376517794585130e-01 8.367529613271795785e-01 8.352895517803293757e-01 8.300326368432681123e-01 8.287039496427053287e-01 8.273918223300225083e-01 8.333888932726332133e-01 8.330461136134282851e-01 8.356077274632122132e-01 8.347921159542398550e-01 8.329620770638378469e-01 8.332359789289759400e-01 8.305986418265350890e-01 8.335745294064107469e-01 8.305358819094743605e-01 8.364602640299960701e-01 8.184513407622101555e-01 8.188789008255734636e-01 8.286835400298003806e-01 8.271942805844469948e-01 8.238288398323567741e-01 8.300882899235175749e-01 8.212700250928186563e-01 8.291331652648186168e-01 8.268407055291726593e-01 8.286496045377642616e-01 8.340465767290284882e-01 8.372986925194773056e-01 8.381206511197862863e-01 8.299945914498491062e-01 8.322823107460445291e-01 8.309733836083162961e-01 8.309482070755012106e-01 8.323059052659814716e-01 8.321705280037088315e-01 8.296308559946389272e-01
2.986681146575330750e-02 1.534318758253650217e-01 3.451975043075155014e-01 5.401319060220866053e-01 4.442122409342182943e-01 5.204309125297995609e-01 7.282565556325966138e-01 7.251553653025907265e-01 7.824031332006134987e-01 7.458050380902196963e-01 1.000000000000000000e+00 8.505925535524886394e-01 7.700142086921850648e-01 7.534763741543647475e-01 8.573113507241053588e-01 8.510780720641637487e-01 7.900143204614321624e-01 7.000774624493160125e-01 7.552811157611468706e-01 5.511948215967350517e-01 5.972926596083368844e-01 7.379359453480658360e-01 7.367303730396709271e-01 7.281702447661791977e-01 7.323246619469143681e-01 8.248489238235378052e-01 8.314827137377243105e-01 8.326101187529523218e-01 7.618694173772596612e-01 7.940567866511270001e-01 8.606721034904474266e-01 8.611146761390043869e-01 7.723120588307270662e-01 8.350483380025339741e-01 7.944241870526518312e-01 8.219029215850147674e-01 8.471764704371083088e-01 8.579870753713271236e-01 8.643175751973249943e-01 8.566503515178807149e-01 8.725992286725164915e-01 8.701152352935697110e-01 8.552739040998010855e-01 8.808679409851113418e-01 8.708196887561573396e-01 8.765220516328924294e-01 8.837113666624826225e-01 8.844092654284764210e-01 8.819638202873414379e-01 8.538891191384797574e-01 8.696051232053747526e-01 8.274386517116900652e-01 8.723409749396895396e-01 8.770020545701243675e-01 8.648895296399654598e-01 8.682787278348386151e-01 8.734718951943516441e-01 8.804568595715933643e-01 8.752469974151966259e-01 8.810559845908965126e-01 8.864947167705395925e-01 8.847203566287953347e-01 8.778582015291760410e-01 8.791896741101800083e-01 8.750353376066684064e-01 8.803540339012315696e-01 8.858247319419637611e-01 8.824650065362765750e-01 8.831186591375257411e-01 8.480916561593966341e-01 8.647677449198623023e-01 8.781887617198390616e-01 8.666708077713795033e-01 8.620922394572401171e-01 8.865518321398170309e-01 8.851656666181731969e-01 8.835169248692464894e-01 8.704545861324053391e-01 8.811409793437786631e-01 8.741371597668086135e-01 8.832957822115178326e-01 8.862009010565156109e-01 8.795830589304990399e-01 8.742187231239314515e-01 8.772914422585065264e-01 8.796842351210806266e-01 8.833088504589692302e-01 8.843775086992874401e-01 8.865221386114754409e-01 8.830337140188689871e-01 8.836027662530353544e-01 8.860623007168140219e-01 8.874607136965320109e-01 8.874135018959687926e-01 8.864137431392771216e-01 8.886690309550412392e-01 8.742647117299042758e-01 8.753169874467714440e-01 8.877030050190491961e-01 8.836677043906863149e-01 8.835085355953991026e-01 8.864709908022700979e-01 8.830818955509834867e-01 8.891127250423360717e-01 8.819665925519190042e-01 8.812895650405695447e-01 8.880418356390049617e-01 8.872031205460535475e-01 8.877476565033252109e-01 8.865125180822694961e-01 8.874466596532926133e-01 8.876120192201412129e-01 8.887856506308348115e-01 8.868112184431219402e-01 8.837688127202861788e-01 8.851846725758298895e-01
4.816307956422063996e-02 1.582491349190765229e-01 3.647511218165025992e-01 6.449667049061815760e-01 4.704577149491293575e-01 5.358693795471173305e-01 7.979286031073181684e-01 7.814047901714670230e-01 8.323170277147886598e-01 7.780232510391360545e-01 8.505925535524886394e-01 1.000000000000000000e+00 8.125324029226151934e-01 7.913031849706553267e-01 9.118382404333904567e-01 8.971311788619401595e-01 8.366938959444021329e-01 7.226992481817207103e-01 7.936740321098113560e-01 5.847848336754446485e-01 6.539173527772953465e-01 8.096174411144921867e-01 7.683101535664459414e-01 7.633556443954744308e-01 7.877647146019793878e-01 8.526693503790157003e-01 8.607748646627799705e-01 8.585597192000242739e-01 7.553663605648823776e-01 8.059586466566162066e-01 8.764691524103577214e-01 8.945844343022620881e-01 8.193838267337490988e-01 8.725628618746533727e-01 8.301215826677473819e-01 8.743991448318096937e-01 8.875158344046389924e-01 9.042236380274972785e-01 8.989851149817221776e-01 9.092418774455992558e-01 9.160803003401173372e-01 9.149026427941616690e-01 9.051352285940436060e-01 9.262897566111071290e-01 9.132917086735901080e-01 9.149467872202536878e-01 9.233183596777119195e-01 9.228067854104685663e-01 9.271554748589361239e-01 9.093029494956488268e-01 9.220378688172891080e-01 8.925861597688851123e-01 9.190205161621345376e-01 9.129964825549976570e-01 9.093457826780617648e-01 9.110741674901857712e-01 9.223650099178460904e-01 9.229575978908142186e-01 9.218590681541739551e-01 9.215597045913787033e-01 9.333452825930728114e-01 9.243227836119123353e-01 9.237362436005674970e-01 9.235243358846372264e-01 9.216325866483350282e-01 9.266005854172311151e-01 9.221706252652227542e-01 9.170531717687010476e-01 9.145748311161359112e-01 8.881377100677411152e-01 9.130295019888796659e-01 9.180765004241284721e-01 9.007613319944751673e-01 9.065152208005067269e-01 9.212349217914604926e-01 9.169956822117851791e-01 9.179012790554216261e-01 8.855014289411674566e-01 9.031898491200730517e-01 8.951490236839311221e-01 9.153243677130331601e-01 9.150233372884820637e-01 9.179025127283692020e-01 9.050034175851444651e-01 9.199849727983124836e-01 9.152910945190727565e-01 9.232843635801143423e-01 9.243428460138511937e-01 9.196847237253839014e-01 9.222938922691865660e-01 9.258468901964763687e-01 9.253572281746468287e-01 9.253518291635128845e-01 9.244246075667462703e-01 9.208165576938749375e-01 9.236142608752437866e-01 9.222268544026144266e-01 9.205198291285845436e-01 9.250459704853981613e-01 9.255025504002274417e-01 9.268447436066009626e-01 9.274650797309589301e-01 9.246479291756181107e-01 9.287035976006222660e-01 9.258298605252957003e-01 9.244959413852930075e-01 9.285380376971222871e-01 9.206219438823189938e-01 9.246387960373193549e-01 9.226600051756849163e-01 9.248694901281053760e-01 9.227206959869138636e-01 9.258165496331087763e-01 9.239420665645639019e-01 9.222666867167219618e-01 9.234291366513963650e-01
2.415391909648349072e-02 1.660282078850177645e-01 3.135227522349587903e-01 5.236803131169622816e-01 4.825995538022794795e-01 5.077908129156887274e-01 7.099588665634498641e-01 7.409783157315580349e-01 7.698165985029512548e-01 7.274991953846122739e-01 7.700142086921850648e-01 8.125324029226151934e-01 1.000000000000000000e+00 7.260779947447869587e-01 8.343139807939745634e-01 8.384329579474456562e-01 7.798303981045443534e-01 6.676792190449851727e-01 7.337445104498185877e-01 5.102916191049093886e-01 5.748500174211459424e-01 7.245035152214110985e-01 7.080415299423027387e-01 6.903712461630802100e-01 7.091232165423552170e-01 7.989809657402341392e-01 8.033803976856045415e-01 8.031882877640142970e-01 7.219766184619453853e-01 7.557177857180061853e-01 8.180814765709992775e-01 8.197773925491766978e-01 7.457593597717044887e-01 8.056643932981139011e-01 7.617631531280080193e-01 7.984125548650974347e-01 8.176372088277151784e-01 8.310549182424156189e-01 8.417074563359262518e-01 8.297434019264793292e-01 8.484705019108960133e-01 8.521055859266980503e-01 8.358182531866769072e-01 8.607258424612194148e-01 8.438989902055747949e-01 8.545548179347682849e-01 8.584277321003281891e-01 8.598162141425695904e-01 8.501972229389672675e-01 8.167961569457615756e-01 8.332473220395013591e-01 8.140002098180892931e-01 8.462042073037553402e-01 8.512529296060064032e-01 8.355343542332048790e-01 8.390453786299416628e-01 8.412684527909710663e-01 8.575415607379954785e-01 8.422923269783416655e-01 8.658000772349048191e-01 8.593078398190228118e-01 8.559144434788916733e-01 8.462306233185000748e-01 8.577270215676436882e-01 8.580934492586405060e-01 8.588901024598885048e-01 8.608674083998826276e-01 8.520260852391202677e-01 8.448422915170754610e-01 8.163626448329238672e-01 8.449509492406573896e-01 8.507862424362986342e-01 8.316884727776903130e-01 8.354112257861497914e-01 8.572815062419080201e-01 8.555746557289659604e-01 8.517361470893634046e-01 8.332431446129325847e-01 8.507127210227540814e-01 8.448712190758022045e-01 8.540193324451808010e-01 8.557719669888887992e-01 8.493972080948768433e-01 8.388884164064974724e-01 8.480687528745438630e-01 8.482313237346742474e-01 8.585967423163458623e-01 8.574456691254402907e-01 8.603952753466114212e-01 8.545122734148421495e-01 8.543842407749956402e-01 8.623643350205462133e-01 8.641498597039291019e-01 8.623783871220903618e-01 8.627856551126581452e-01 8.630091114137240504e-01 8.431942294808889571e-01 8.478583956465135518e-01 8.591179739339925847e-01 8.536819535652744317e-01 8.587443033465934628e-01 8.572435518272930599e-01 8.602911417353401591e-01 8.646399295611203462e-01 8.600716742111845781e-01 8.502066588630791122e-01 8.605449185774584064e-01 8.614211318571608489e-01 8.603438100530123034e-01 8.629275176450347251e-01 8.586907742505749397e-01 8.651986250500121045e-01 8.606127971989799841e-01 8.617305724774446674e-01 8.647964025106951169e-01 8.612673984546795891e-01
