1.000000000000000000e+00 9.622659707715942867e-02 7.578668956687878433e-02 4.146924866418615768e-02 2.309698496205923185e-02 1.466640492627437412e-02 2.611115191589405415e-02 3.984457129034268963e-02 2.817010830492174683e-02 6.336183799854137877e-02 2.780483624764759718e-03 2.355552800513698725e-02 -2.061804151246819303e-02 1.681682708132390194e-02 6.102894497014886045e-03 1.368431829867390939e-02 4.883902824368854118e-02 2.933546036011894925e-02 3.030182611649649693e-02 5.610907423810543998e-02 4.533523848536429729e-02 4.479460634249197298e-02 3.120372667063095462e-02 3.954469673410569014e-02 7.112936121861193617e-02 5.372447759094350905e-02 6.168838521603325908e-02 4.258322170917650668e-02 6.177162767810742694e-02 4.081434278661507514e-02 1.069081836179637014e-02 2.806107416247639527e-02 6.047406757490569884e-02 2.812395971874881787e-02 3.353767074539335674e-02 4.839850799480423932e-02 2.141289686707564463e-02 2.761046341522363154e-02 2.011919618626095696e-02 3.220010113402871355e-02 2.241698476527590259e-02 1.221574343718713485e-02 7.474272501110483524e-03 8.581637449250044750e-03 1.774672936676344182e-02 1.403496266252816232e-02 4.544538176571116112e-03 9.460963943218464456e-03 1.582286075342045212e-02 3.577910798239746643e-02 2.540608400498464703e-02 2.239527352395104254e-02 2.019863667466859775e-02 2.346161336192226568e-02 1.379770452624935577e-02 9.708617341587021804e-03 2.074680234985444918e-02 7.608863701306370179e-03 9.606990577856544880e-03 1.375399128668947438e-02 1.560604130695740152e-02 1.019935451890941966e-02 1.605182977831786859e-02 2.173306094288392221e-02 2.197963574003693188e-02 2.352324422491259767e-02 1.592326255085089667e-02 1.265506153657241714e-02 2.029172434157438046e-02 1.903213613174898830e-02 1.927758712256639334e-02 2.123395334289481656e-02 1.724417077006645121e-02 2.866770370335166782e-02 2.224768599745320999e-02 1.653578508625346694e-02 2.185103089430168871e-02 3.012808016850259535e-02 2.511152592284614932e-02 1.916726088029732308e-02 1.716190963690788704e-02 8.190840478957728960e-03 2.798990619429897464e-02 1.909561774388466096e-02 2.440992399555170361e-02 1.203454804074151514e-02 1.897845543030211510e-02 9.535905925864271437e-03 1.007805722911239710e-02 2.283825810189674468e-02 1.679642964625871482e-02 1.029214520241347741e-02 1.075290077854853567e-02 4.526993002209241460e-03 8.709922728038458229e-04 6.984800383453840938e-03 2.046445094286188093e-02 3.035268465564956025e-02 7.616472991935926626e-03 2.136529421237307741e-02 1.072915782322700351e-02 1.541224032451256158e-02 7.908060114777609034e-03 6.627166474841580425e-03 1.303181998479136655e-02 2.033398684091806269e-02 1.456718019727443192e-02 1.145093653712090168e-02 8.685279727417992771e-03 5.616941595001849301e-03 5.296523344277984623e-03 6.103577760645681645e-03 6.767583401575167842e-03 1.468830212384631545e-02 9.442815740200009161e-03 1.282367691978468505e-02
9.622659707715942867e-02 1.000000000000000000e+00 1.072372726673833793e-01 1.355037132978271497e-01 1.162747466680841141e-01 1.304554019085516214e-01 1.372819203156956380e-01 1.583034104762170990e-01 1.859857051522231797e-01 1.829796146233611809e-01 1.482628768833118282e-01 1.630076527290166277e-01 1.499167001054453607e-01 1.432578925784305790e-01 1.664081071212872853e-01 1.552127761250196025e-01 1.654356842565810337e-01 1.580207201367883896e-01 1.455222635595262992e-01 1.800991355672077743e-01 1.480506586352700049e-01 1.530906299326678932e-01 1.560382951917396177e-01 1.596890846591516033e-01 1.620375120000541735e-01 1.787029104009875413e-01 1.780910633239995433e-01 1.616656352260958940e-01 2.014658395183210604e-01 1.738521165918431866e-01 1.715533807949989331e-01 1.763788742759619110e-01 1.776708481945185047e-01 1.662509733782020771e-01 1.624556426952891708e-01 1.629785662040765526e-01 1.587571289930896912e-01 1.726065620862978212e-01 1.688487271853830185e-01 1.620316472893974513e-01 1.656152435754157937e-01 1.645376941459600340e-01 1.630369709014428403e-01 1.664036563609929964e-01 1.712136630204749710e-01 1.659498299186492332e-01 1.694544173309683321e-01 1.710730463655400768e-01 1.731328520590346143e-01 1.700869998921697157e-01 1.666370206401238396e-01 1.520420546105314408e-01 1.654615509508635396e-01 1.811886315405613901e-01 1.727332353533113651e-01 1.629123353894582071e-01 1.731550086000754607e-01 1.749143734082083124e-01 1.729437025535334738e-01 1.794484727465756602e-01 1.729475865002483570e-01 1.802872690528075916e-01 1.763206222176205429e-01 1.792534474936916811e-01 1.736015207889656797e-01 1.757861074533406953e-01 1.725562198716412143e-01 1.677898895214876007e-01 1.801919067052268342e-01 1.771021620871750246e-01 1.673024003381637925e-01 1.723742706081677900e-01 1.776080125892583461e-01 1.720217268319396142e-01 1.776201859274305628e-01 1.706039442749495150e-01 1.712765275333107962e-01 1.817187909161483983e-01 1.867218949643873749e-01 1.817860136374239988e-01 1.718204961858769420e-01 1.712339819016047981e-01 1.831303945886073314e-01 1.766609939934001561e-01 1.834022232144285891e-01 1.783193180536293831e-01 1.742646125687586089e-01 1.774963427645172287e-01 1.750604940541396759e-01 1.791958456955648760e-01 1.718048295666797787e-01 1.686666422428426959e-01 1.704038196850364839e-01 1.666940748804369987e-01 1.700661402671293787e-01 1.685231043438981668e-01 1.786926830631108132e-01 1.757972513434506168e-01 1.731246496018286063e-01 1.783527159042853916e-01 1.709758024496162987e-01 1.772433482599922727e-01 1.687727507684546047e-01 1.694216435254777831e-01 1.651846939471254272e-01 1.784170200607584078e-01 1.767493113609410194e-01 1.728880921152720906e-01 1.719657432582836210e-01 1.704558029905627603e-01 1.694095772005081435e-01 1.723211553036453625e-01 1.728193345264708580e-01 1.743797522027092373e-01 1.720334654584067535e-01 1.711978798854681405e-01
7.578668956687878433e-02 1.072372726673833793e-01 1.000000000000000000e+00 3.508421062598014450e-01 2.401692222688382727e-01 2.259714303724462969e-01 3.537420636012452713e-01 3.606068294809516295e-01 3.733940285141097437e-01 3.412866000046181902e-01 3.679219130149609107e-01 3.733403946213070812e-01 3.335769287484929291e-01 2.830007506285771579e-01 3.711678256780951424e-01 3.805244817341735808e-01 3.730596119193540505e-01 3.882428509849110698e-01 3.830101665352296791e-01 3.501754496827167440e-01 3.952822530045014271e-01 3.953365480010180844e-01 3.872856366739062528e-01 3.730105891803593421e-01 3.839923523563154584e-01 4.004523876547958494e-01 4.037505116030397634e-01 4.038631727335094124e-01 3.868939390857841221e-01 3.894584839662208475e-01 3.942726251170418084e-01 4.084495522101602716e-01 3.937467091491909099e-01 3.983632577095444494e-01 3.996578180068894870e-01 4.003520133178345430e-01 4.032072748974470100e-01 3.967426474609874743e-01 3.959144291578863828e-01 4.059563938600751487e-01 4.009353121902827222e-01 4.002480281657449512e-01 3.955770526078383753e-01 3.915103530906516860e-01 3.944244876375345710e-01 3.881032246877631486e-01 3.840773257512228311e-01 3.882423354326889342e-01 3.862763101759137951e-01 3.932992320617610948e-01 3.878829665677637761e-01 3.983856898322544748e-01 3.877399490348413802e-01 3.872399430832302314e-01 3.917933390842244235e-01 3.954329101852073203e-01 3.883644031388445161e-01 3.881095468908724033e-01 3.774392881438464187e-01 3.801264460707147186e-01 3.885312303844377646e-01 3.832574929754276050e-01 3.862524689186152549e-01 3.822856766758067071e-01 3.880676269454897409e-01 3.923400623363041961e-01 3.836025234235976300e-01 3.885022004920206107e-01 3.958240706072534421e-01 3.971501140133688601e-01 3.982965606327542596e-01 3.927357242511402280e-01 3.877103179556935508e-01 3.925102395268615374e-01 3.893062535358067233e-01 3.877378170946867986e-01 3.926435648542860313e-01 3.838506649768783086e-01 3.939251021004415154e-01 3.857013266183169642e-01 3.908313525599373395e-01 3.870487951577513686e-01 3.967974104428002025e-01 3.972983226879787666e-01 4.001294278636615687e-01 3.982212381034207493e-01 3.980071559197335129e-01 3.904896230198500184e-01 3.925593973916011725e-01 3.992622018835262354e-01 3.989590423964110566e-01 3.895768317955974891e-01 3.860463299735933940e-01 3.889695810901185880e-01 3.799060224825291932e-01 3.824008569922260903e-01 3.955546076948192602e-01 3.961573704556514697e-01 3.867164647754046669e-01 3.952234662099219920e-01 3.905165083885166477e-01 3.903413744595525259e-01 3.826423210668961072e-01 3.870371175214170067e-01 3.952381181532066967e-01 3.898664237904251317e-01 3.876030264992590957e-01 3.835055801516542573e-01 3.870945253244214568e-01 3.844968981789080864e-01 3.855157640290435284e-01 3.832983865297938664e-01 3.828566743654207016e-01 3.903260727937339913e-01 3.875411951825440404e-01 3.899913375935406545e-01
4.146924866418615768e-02 1.355037132978271497e-01 3.508421062598014450e-01 1.000000000000000000e+00 3.821047169787759601e-01 4.017684451314316729e-01 6.032644995663234422e-01 5.943062274632767705e-01 5.949957207589748887e-01 5.500690636428159364e-01 6.161751253552744112e-01 6.464719119908473033e-01 5.841358708641593012e-01 5.084637329201873168e-01 6.524220170293822951e-01 6.513483312508172585e-01 6.077585207195178585e-01 5.867928813310951952e-01 6.023074335402646140e-01 5.488330974898705250e-01 6.435990470422281451e-01 6.326691644878901233e-01 5.908899333374894036e-01 5.615148706041264148e-01 5.935824305156963687e-01 6.570545286298379306e-01 6.556517200255632671e-01 6.631117390455184557e-01 6.474860744902756204e-01 6.524593658871756796e-01 6.609726638849562352e-01 6.570057604860700673e-01 6.548340472880548324e-01 6.423537799851066765e-01 6.661638593865979452e-01 6.501631225979151996e-01 6.622618199582253062e-01 6.665762117563908129e-01 6.664268176227252649e-01 6.576053659701340814e-01 6.636189500758591375e-01 6.702791325389244603e-01 6.602583874200429470e-01 6.631905554531232205e-01 6.595520277783937235e-01 6.650814782923105684e-01 6.551447697419301441e-01 6.543901266877647505e-01 6.567407726401700563e-01 6.697992742600924476e-01 6.640426718981028431e-01 6.656425089119184513e-01 6.504271734363296087e-01 6.517975713878115807e-01 6.559240934699410719e-01 6.638833896267299917e-01 6.577504716805188112e-01 6.585397828316200686e-01 6.537002633760647941e-01 6.534631063710564236e-01 6.589050195340760974e-01 6.511486979002966136e-01 6.561901960093045050e-01 6.574122909778559176e-01 6.530547597535165671e-01 6.568106767947786695e-01 6.538395801560373810e-01 6.540435991510468172e-01 6.572190347565282087e-01 6.629548119167949505e-01 6.660537130841769349e-01 6.582701341043829535e-01 6.381210362037280648e-01 6.509443493120845581e-01 6.580012403571168234e-01 6.586548658715034588e-01 6.616824490646714407e-01 6.545540399915331653e-01 6.535984364754254816e-01 6.531198584940669516e-01 6.547568914312960064e-01 6.551202235213853253e-01 6.602204652235050819e-01 6.670124586354105878e-01 6.638852758282098865e-01 6.553190644123938480e-01 6.619978042249646810e-01 6.604860460086154905e-01 6.635738754781248527e-01 6.618611807909926537e-01 6.671453813494016005e-01 6.597240184301829125e-01 6.542277172131937268e-01 6.589022864496685283e-01 6.519076786809752111e-01 6.511262830189946671e-01 6.704800406433037985e-01 6.772431901980587865e-01 6.631219450402954241e-01 6.673462791258832905e-01 6.594699063052158472e-01 6.661306542109358686e-01 6.541624287422919126e-01 6.613191391245769601e-01 6.667659662531046916e-01 6.609602617673197011e-01 6.598857141124010450e-01 6.516552672616274799e-01 6.549855623298035390e-01 6.572641960059529831e-01 6.576671466092202101e-01 6.538472804164630059e-01 6.552663365559878716e-01 6.624277065974445433e-01 6.547322053014683618e-01 6.596804034346355206e-01
2.309698496205923185e-02 1.162747466680841141e-01 2.401692222688382727e-01 3.821047169787759601e-01 1.000000000000000000e+00 3.227930029175878346e-01 4.855772098651638946e-01 4.765510198933990971e-01 4.859338280569899249e-01 4.557343414546705107e-01 4.953065509592834426e-01 5.128025761732960541e-01 4.975384739705485670e-01 4.092133827425735726e-01 5.222395378786219844e-01 5.292171852552038924e-01 4.819780393650461292e-01 4.878757893275619817e-01 4.890733407761283513e-01 4.333152600888161565e-01 5.025106476181002702e-01 5.080046207028663385e-01 4.707418255604371993e-01 4.542533851518265609e-01 4.892816579038467006e-01 5.298941129621450585e-01 5.124919784016408464e-01 5.110958441961195309e-01 5.174144203910457929e-01 5.117371706695718059e-01 5.151541824813542503e-01 5.262741006155823298e-01 4.996971294804732899e-01 5.063556554796104781e-01 5.121349141373828795e-01 5.098757568203291513e-01 5.073758676839060788e-01 5.355267490195947389e-01 5.299641201736174922e-01 5.212216028366443155e-01 5.224116060152611540e-01 5.348573815987949231e-01 5.380071661028894558e-01 5.355754236204999241e-01 5.289388468722271419e-01 5.343074604054784960e-01 5.353368909534617082e-01 5.345603559923504111e-01 5.345696111017846919e-01 5.328415999897300193e-01 5.414411169674017144e-01 5.220172390213027036e-01 5.210756334421189351e-01 5.368614784742063994e-01 5.323607622584929366e-01 5.302946580574153801e-01 5.340272275217656794e-01 5.348193511175005632e-01 5.390436316744255940e-01 5.376079325478763105e-01 5.422157220817658274e-01 5.361790867365235913e-01 5.395085964269521472e-01 5.401545128660154571e-01 5.325917014938135186e-01 5.365079831023502610e-01 5.318527460953863528e-01 5.300351992942443635e-01 5.360784532769307109e-01 5.390483029590983355e-01 5.347144805254395727e-01 5.348707917693845681e-01 5.252980093573041964e-01 5.274239859864603419e-01 5.343672296806185606e-01 5.333084366821659872e-01 5.345029117204183056e-01 5.325335973574464310e-01 5.325826077624506993e-01 5.294853402032653200e-01 5.278550129137591362e-01 5.243005513123261130e-01 5.377190267327869311e-01 5.389624435412474490e-01 5.337213654142767272e-01 5.307364220703978397e-01 5.305550335047832800e-01 5.344632375544637881e-01 5.346574114507330888e-01 5.359095247025383868e-01 5.384634580103256907e-01 5.348069548673517470e-01 5.302235313381629123e-01 5.308943022957687274e-01 5.303775908683352469e-01 5.320778831492555261e-01 5.320740574434402737e-01 5.332880141160992737e-01 5.351995728474799874e-01 5.367074622875769307e-01 5.335023175587897404e-01 5.339097913789144778e-01 5.302416357258362689e-01 5.333430499136250225e-01 5.329313726955839936e-01 5.298085076772434121e-01 5.342486661410598137e-01 5.351605831386475609e-01 5.336262032037094594e-01 5.373052133643019257e-01 5.325954973010700311e-01 5.338867913683799094e-01 5.307747793619007615e-01 5.356363991386184908e-01 5.318289889819927119e-01 5.329162459232787974e-01
1.466640492627437412e-02 1.304554019085516214e-01 2.259714303724462969e-01 4.017684451314316729e-01 3.227930029175878346e-01 1.000000000000000000e+00 5.181430148641350542e-01 4.696652127814345268e-01 5.365864778780113920e-01 4.937557745577517143e-01 5.240059629934885610e-01 5.591724334949876862e-01 5.257302754169200787e-01 4.604570699831897485e-01 5.690421468413950912e-01 5.502389514717661578e-01 5.309794456935236218e-01 4.936467583962906858e-01 5.121395380374280659e-01 4.776182366285419700e-01 5.274814011028702287e-01 5.341255439761377621e-01 4.972449816785365351e-01 4.857921192327184778e-01 5.082496297321325018e-01 5.562959829041870252e-01 5.531279832907434191e-01 5.379742523029269474e-01 5.607173543805834548e-01 5.257924974011032315e-01 5.767932505651693909e-01 5.687548961030440831e-01 5.097390725716016702e-01 5.457719408627029756e-01 5.330477298520589491e-01 5.489293748322208177e-01 5.525468541231847164e-01 5.676337031812300760e-01 5.762045023680242295e-01 5.576930649172265886e-01 5.766835078563543604e-01 5.764968131985546140e-01 5.785773621301860681e-01 5.841514774043130576e-01 5.821835220390793042e-01 5.796212473447909241e-01 5.866124293300445380e-01 5.850866797094793625e-01 5.828328317302557959e-01 5.678555662457703823e-01 5.718701935623052846e-01 5.676303066031817002e-01 5.748418614255971226e-01 5.817678304424178659e-01 5.729236435130500293e-01 5.755078288931373409e-01 5.728672013067822588e-01 5.816893058650750570e-01 5.770701213720292877e-01 5.862228125600928985e-01 5.848209327544267033e-01 5.843759103769999852e-01 5.781827041572840109e-01 5.831988362664459746e-01 5.831334085543621315e-01 5.851662502366173912e-01 5.861930052387881451e-01 5.856582237949052860e-01 5.862293910111683326e-01 5.865235694290327206e-01 5.808515945833173655e-01 5.847756786951743280e-01 5.714747657483962850e-01 5.736137959534530761e-01 5.897237787878278903e-01 5.847504384942519007e-01 5.864892022592472776e-01 5.862886841835543983e-01 5.898916880721326583e-01 5.890068090289467539e-01 5.858459835854651354e-01 5.879518172138062937e-01 5.871162537202664344e-01 5.805486754058369891e-01 5.826387738583308495e-01 5.827669689492985805e-01 5.869325677128568453e-01 5.867223203677340848e-01 5.881600927272274681e-01 5.873440310437308964e-01 5.879661433139408144e-01 5.903734794498940452e-01 5.863321282729028194e-01 5.900634651445590961e-01 5.892083564078074431e-01 5.881176126650033975e-01 5.855258504639995198e-01 5.844761517825720620e-01 5.915707272758873314e-01 5.900465448617697728e-01 5.913689873433028987e-01 5.898606397822658831e-01 5.862420215130057510e-01 5.906685230755409632e-01 5.855713836709828257e-01 5.849199904124043892e-01 5.899989070395865731e-01 5.877544932923474130e-01 5.879202826365356183e-01 5.889936048081314546e-01 5.882324042391514629e-01 5.882565214100660134e-01 5.895557190711401274e-01 5.917985273731981577e-01 5.853567394140766211e-01 5.866655172211077129e-01
2.611115191589405415e-02 1.372819203156956380e-01 3.537420636012452713e-01 6.032644995663234422e-01 4.855772098651638946e-01 5.181430148641350542e-01 1.000000000000000000e+00 7.312883448657572227e-01 7.676301129920815036e-01 7.251516286590491411e-01 7.650623145673757231e-01 8.068273884828056630e-01 7.517988907216559546e-01 6.107759681869751045e-01 8.437075116714012335e-01 8.332857447182947519e-01 7.841975149044961846e-01 7.950962590116684714e-01 8.045539960082401798e-01 7.275694579004475804e-01 8.246268723530915112e-01 8.242865753229542403e-01 7.993429898695796343e-01 7.720486819060332628e-01 7.921049658796710524e-01 8.391833821240690661e-01 8.076358053257302050e-01 8.195326579369993647e-01 8.187615494627392687e-01 8.052131684719388005e-01 8.248820566726955406e-01 8.551831064374283420e-01 8.205609579093505745e-01 8.404965776134013522e-01 8.231166453591108878e-01 8.347613041942534284e-01 8.255345247097831685e-01 8.578439454849343671e-01 8.484718488981408679e-01 8.384769088765172684e-01 8.334721527951650666e-01 8.452629591351505933e-01 8.504773261650980798e-01 8.392669549106431814e-01 8.296480682292891595e-01 8.349579620926306234e-01 8.300993949737996980e-01 8.351363548846190143e-01 8.404921353715567589e-01 8.526923045150422986e-01 8.530232432043823865e-01 8.177113997102535281e-01 8.153790834524624609e-01 8.391062629405606765e-01 8.423418559410266182e-01 8.489638386650971702e-01 8.446424385274752256e-01 8.293694670326325902e-01 8.372065169851155009e-01 8.371930746086813091e-01 8.434219267945085585e-01 8.372943543293392965e-01 8.429478231481859485e-01 8.404857103830408738e-01 8.334561234618230730e-01 8.316415731843928016e-01 8.326275427790343908e-01 8.343292361995990891e-01 8.497934654966150525e-01 8.468992857535349028e-01 8.467154763509170401e-01 8.395879924021293350e-01 8.417083047719232658e-01 8.386823005152233002e-01 8.334732907150432801e-01 8.326438682492243171e-01 8.379255838548155255e-01 8.260231393739881911e-01 8.356085813414534380e-01 8.270339816105849451e-01 8.273352375936917635e-01 8.216849840648111636e-01 8.541082268883027906e-01 8.473238498019851628e-01 8.501348579588937637e-01 8.468917159706981224e-01 8.372770249007125409e-01 8.422223773292809579e-01 8.443768399713089678e-01 8.474277925006028500e-01 8.483014943046207623e-01 8.325225220880615451e-01 8.278217825067051283e-01 8.318849320281811455e-01 8.246339533079730666e-01 8.263834537830588856e-01 8.406438265672161458e-01 8.447667713838911130e-01 8.323664104981470802e-01 8.419413405458020527e-01 8.353282958455874319e-01 8.415903066454344383e-01 8.177497105709987668e-01 8.297886442695774356e-01 8.362273539232017994e-01 8.356277628918582501e-01 8.366988321224066993e-01 8.265998720165379510e-01 8.332380470717020149e-01 8.330723527271286510e-01 8.312998229028970565e-01 8.277461781776617178e-01 8.281822344897287191e-01 8.363289231985344685e-01 8.288284168924369144e-01 8.321951617083575004e-01
3.984457129034268963e-02 1.583034104762170990e-01 3.606068294809516295e-01 5.943062274632767705e-01 4.765510198933990971e-01 4.696652127814345268e-01 7.312883448657572227e-01 1.000000000000000000e+00 7.425493752089593613e-01 6.988297618318342064e-01 7.435640987082918762e-01 7.723455358552059336e-01 7.156946739998485407e-01 6.086431657145403573e-01 7.986066922158806536e-01 7.967284625078817628e-01 7.538613801062722386e-01 7.389379184602968831e-01 7.521227405592482151e-01 6.630048428469940136e-01 7.743016002112034224e-01 7.798455638884336238e-01 7.353388808687658651e-01 7.063189684406224744e-01 7.473224215519889135e-01 8.035234093484749929e-01 7.844721601458759519e-01 7.875681083411845140e-01 7.896691145586400840e-01 7.768315988798931704e-01 7.937832485901948898e-01 8.064006162534109734e-01 7.795024154632742563e-01 7.838656113333306585e-01 7.840683831673805892e-01 7.880165395678505602e-01 7.893109253230535804e-01 8.169595761830749092e-01 8.102328791715646128e-01 7.964328184548571388e-01 8.043646296942051910e-01 8.141504046889149748e-01 8.097029033874779680e-01 8.033759847176961122e-01 8.034362065155690180e-01 8.011703453710791178e-01 8.006958795542725715e-01 8.026421199306461585e-01 8.045617915807510290e-01 8.127300890045244808e-01 8.138415116223992607e-01 7.883905611742604291e-01 7.895844733444924435e-01 8.040079494677838667e-01 8.045979414580450850e-01 8.084346222228645518e-01 8.054725468066530336e-01 8.006501020903246113e-01 8.045727999882104076e-01 8.038088383191688280e-01 8.108465619134481717e-01 8.018820149941132680e-01 8.063738271396547752e-01 8.065558649163134808e-01 8.026294040656967166e-01 7.999893675457711018e-01 7.990262106957919386e-01 8.010110120341277229e-01 8.082980293860335674e-01 8.069851607894905632e-01 8.138411858066013638e-01 8.083288960709971160e-01 7.953829672660173156e-01 8.024408175252207842e-01 8.041897697502750075e-01 8.046054487879497064e-01 8.068747531064626166e-01 7.995317169917589561e-01 8.068308864420471460e-01 7.974691321595875904e-01 7.971455720251580113e-01 7.944705432687038105e-01 8.112459051686740086e-01 8.087546290249086889e-01 8.090869054686354866e-01 8.050131124421457951e-01 8.040652854403178562e-01 8.079560366955349515e-01 8.083022519030562680e-01 8.125598970953968880e-01 8.131084884269464963e-01 8.050933148538977902e-01 7.989952787093688169e-01 8.017705608551494167e-01 7.964147223020405786e-01 7.973101507544615441e-01 8.131989757283625275e-01 8.134217830818697426e-01 8.033201518197803370e-01 8.112044985095795413e-01 8.048540244985782355e-01 8.106011985990482227e-01 7.950176368294049611e-01 8.031141101822665274e-01 8.079002440721172462e-01 8.029161333473511242e-01 8.061099291975629688e-01 7.987225955986317905e-01 8.036677267855834028e-01 8.031923863715622058e-01 8.016573452756458051e-01 7.992407805542052213e-01 7.983175303225521491e-01 8.066987254604635060e-01 8.002780407463467860e-01 8.015539042749066923e-01
2.817010830492174683e-02 1.859857051522231797e-01 3.733940285141097437e-01 5.949957207589748887e-01 4.859338280569899249e-01 5.365864778780113920e-01 7.676301129920815036e-01 7.425493752089593613e-01 1.000000000000000000e+00 7.819271996305278138e-01 8.216916477202604874e-01 8.555357690274372207e-01 8.051229581938402768e-01 6.845554787810517183e-01 8.712036821224210525e-01 8.638127050221979797e-01 8.252187838363823635e-01 7.926406456435514114e-01 8.139804963098337121e-01 7.142509888154900954e-01 8.159927825844546234e-01 8.373513090329848252e-01 8.029698700442904347e-01 7.699554421656179537e-01 8.162503941173115951e-01 8.728626466740387890e-01 8.547422161665406692e-01 8.401284144647070962e-01 8.571480835665965525e-01 8.305651145174756111e-01 8.809500941384063033e-01 8.761533765835715082e-01 8.032529894784129487e-01 8.412575890351772223e-01 8.355045245700087886e-01 8.461840243701322928e-01 8.609006628655756499e-01 8.730419473525220520e-01 8.842501687918891129e-01 8.518631902756214069e-01 8.873223978860936834e-01 8.837786580045439155e-01 8.820532720404097304e-01 8.866318235559919048e-01 8.871817471078942141e-01 8.812290771493900277e-01 8.932572541866907745e-01 8.981697914401618466e-01 8.955330858042576114e-01 8.773192079214533479e-01 8.871814958246594385e-01 8.642166768301655644e-01 8.846355344754123218e-01 9.014821508886291523e-01 8.972288693452160624e-01 8.916429597363146886e-01 8.953298370364042302e-01 8.936226627948686829e-01 8.949558103008520282e-01 8.991274209521492589e-01 8.976131294771806379e-01 8.992090062097184422e-01 8.962005603469684889e-01 8.962825387406967437e-01 8.950924667930180156e-01 8.986324822482550934e-01 8.942284086345189120e-01 8.920600811758594428e-01 8.917336363188002046e-01 8.913611228751463500e-01 8.930036050150820248e-01 8.964189544088083661e-01 8.807872285712495808e-01 8.888834790998216828e-01 8.962249899707878109e-01 8.926471338948323009e-01 8.927941313276137603e-01 8.898569744047878372e-01 8.898213182413858835e-01 8.898988768372548819e-01 8.902158132175107541e-01 8.908858953069646036e-01 8.950836310132608276e-01 8.882463561124489537e-01 8.784208308616875405e-01 8.840643081949437487e-01 8.914063677037642464e-01 8.890629343989689959e-01 8.930506833210988260e-01 8.914716004769787094e-01 8.877388197141987680e-01 8.928663068821475202e-01 8.937589177949585295e-01 8.924664687843242294e-01 8.925189916045837002e-01 8.964115038532443069e-01 8.842680494024236504e-01 8.894119066136465523e-01 8.932747580182711644e-01 8.877931065087628637e-01 8.913133516362039543e-01 8.904741624695610147e-01 8.903297662047962024e-01 8.933453913748562458e-01 8.935332994031810472e-01 8.942628409139269374e-01 8.966865760811963959e-01 8.968705079543994874e-01 8.960474654436790809e-01 8.966768411338966738e-01 8.933477103843323608e-01 8.965503546418273073e-01 8.955273010611684015e-01 8.963671817361399397e-01 8.936428947798731315e-01 8.971373885750948407e-01
6.336183799854137877e-02 1.829796146233611809e-01 3.412866000046181902e-01 5.500690636428159364e-01 4.557343414546705107e-01 4.937557745577517143e-01 7.251516286590491411e-01 6.988297618318342064e-01 7.819271996305278138e-01 1.000000000000000000e+00 7.621940462572758257e-01 8.109060858131442728e-01 7.564594692925525887e-01 6.525496709803275674e-01 8.236756931187493302e-01 8.107096284332828695e-01 7.736835682973816075e-01 7.489277397641184164e-01 7.748698124800255105e-01 6.681993000667972860e-01 7.757648748834325980e-01 7.969717595855283498e-01 7.576428153342545935e-01 7.355524419302118533e-01 7.806425533795473548e-01 8.333637971330739580e-01 8.120508650687127128e-01 7.972279872223831942e-01 8.234553460363809307e-01 7.877690218952418943e-01 8.327374986921007860e-01 8.248681035961912267e-01 7.752600941725049655e-01 7.979978197575936516e-01 7.885673952190991320e-01 8.046556475034329914e-01 8.148386034899530728e-01 8.250529101090471329e-01 8.337517247473517079e-01 8.071179973183535417e-01 8.351472725716521106e-01 8.334941983636839913e-01 8.269232173613645376e-01 8.359502955749678055e-01 8.353498445944512740e-01 8.355777565821825847e-01 8.413776316201306837e-01 8.433331731100017770e-01 8.453150289908853976e-01 8.270084851505690171e-01 8.365472397214911426e-01 8.111264186740501092e-01 8.259792563954003741e-01 8.478186188294380976e-01 8.429708163667180010e-01 8.387565861450204663e-01 8.389824600446578184e-01 8.367929628541371789e-01 8.406770779270702487e-01 8.453981175082252442e-01 8.445246999588374992e-01 8.436774498881922657e-01 8.413960219757449233e-01 8.436915731628523707e-01 8.435532804423034881e-01 8.437008154572187557e-01 8.429878013064766584e-01 8.430865240080273049e-01 8.419545058093860224e-01 8.384706993962212085e-01 8.453672043271829306e-01 8.474265144242061343e-01 8.304541562480262096e-01 8.422705297813346537e-01 8.462659816049551420e-01 8.439581908329609750e-01 8.440193048573788603e-01 8.432543812775500358e-01 8.432206023815620455e-01 8.435750381907587414e-01 8.420247135302790786e-01 8.431918875401401836e-01 8.481737205007991998e-01 8.421803519133912452e-01 8.351297651604515648e-01 8.352191479720485479e-01 8.431890250223078587e-01 8.397085084311868286e-01 8.433036357420906626e-01 8.414478104028874084e-01 8.387453785310595711e-01 8.422772992119894608e-01 8.437584078144537703e-01 8.411547544449585745e-01 8.414445354570199154e-01 8.428361323317924425e-01 8.394264941830488214e-01 8.427031156191611139e-01 8.433466142898281559e-01 8.420708878644725948e-01 8.407033110520437669e-01 8.430663870443156904e-01 8.379881609633117456e-01 8.429367927588677922e-01 8.426533531818628520e-01 8.437473203319851844e-01 8.468794850436859312e-01 8.448075387058077146e-01 8.437762789998384250e-01 8.441647078305443141e-01 8.399177411544089811e-01 8.438957172635158654e-01 8.439848809999279666e-01 8.462030951475398854e-01 8.419268064978555621e-01 8.460367517196801801e-01
2.780483624764759718e-03 1.482628768833118282e-01 3.679219130149609107e-01 6.161751253552744112e-01 4.953065509592834426e-01 5.240059629934885610e-01 7.650623145673757231e-01 7.435640987082918762e-01 8.216916477202604874e-01 7.621940462572758257e-01 1.000000000000000000e+00 8.652165952515591396e-01 8.135500517537789245e-01 6.868333678384835883e-01 8.719407822757222482e-01 8.617011995579363370e-01 8.154001297366310075e-01 7.815364274941624112e-01 8.141732011672196956e-01 6.825762425626615837e-01 8.163516015467251474e-01 8.390655085054813389e-01 7.849356073350736152e-01 7.589149198557318954e-01 8.080188338208683652e-01 8.661416066168955430e-01 8.488702177359747081e-01 8.476593927222864089e-01 8.511189179992670883e-01 8.297802054823111284e-01 8.824862644654730692e-01 8.705895375752515930e-01 8.081365508105698980e-01 8.449936636245621857e-01 8.408651795339401325e-01 8.563966170627381747e-01 8.680210823460251524e-01 8.779500471188111943e-01 8.881629253248729539e-01 8.573580363903512414e-01 8.879557691633399585e-01 8.874988561229303352e-01 8.855864314614267929e-01 8.873435405270286847e-01 8.902829621789841719e-01 8.874450750879131489e-01 8.965525103051500411e-01 8.980375843203876052e-01 8.960414105033817078e-01 8.730870330039216531e-01 8.877765130305831365e-01 8.692561682098456366e-01 8.832358350728746199e-01 8.952452437120668183e-01 8.922668507177623498e-01 8.929454052024322630e-01 8.881196826646601261e-01 8.949915400268625421e-01 8.929098073185258722e-01 8.939523762920674743e-01 8.980188178113683861e-01 8.947166279996788818e-01 8.929904430297168627e-01 8.948440638177744821e-01 8.897344690275584833e-01 8.922654260406774895e-01 8.951754616597168424e-01 8.958555551944651363e-01 8.917225396883111666e-01 8.871916429808235360e-01 8.954933483352017776e-01 8.982670969085603252e-01 8.761544471921530741e-01 8.884065922011699090e-01 8.963950910739446609e-01 8.966880331905161539e-01 8.954848694216881455e-01 8.904805445030823385e-01 8.868043058212934371e-01 8.906511333002377073e-01 8.944301202396552908e-01 8.938043237498052296e-01 8.912028342765614397e-01 8.947717604478884201e-01 8.812661932688227173e-01 8.864403724378483451e-01 8.965516742117916049e-01 8.933320355816355418e-01 8.976786018259866884e-01 8.947783404749107827e-01 8.961472807456933865e-01 8.972184282568755886e-01 8.969032535037204656e-01 8.975835761093435838e-01 8.973658822312867711e-01 8.985999213914536154e-01 8.878761694594338172e-01 8.890434027145052154e-01 8.968584033786837217e-01 8.914589644169572669e-01 8.953832764865455873e-01 8.930745927222975000e-01 8.936893812530430914e-01 8.978711649617658885e-01 8.989335838870835538e-01 8.919371187363330789e-01 8.986732905793328730e-01 8.979162430152697327e-01 8.986775776029939378e-01 8.995160490505893502e-01 8.972850082843889519e-01 8.982742951403905884e-01 8.974089769440113384e-01 8.989159218560426323e-01 8.957922906618832615e-01 8.976792487786319219e-01
2.355552800513698725e-02 1.630076527290166277e-01 3.733403946213070812e-01 6.464719119908473033e-01 5.128025761732960541e-01 5.591724334949876862e-01 8.068273884828056630e-01 7.723455358552059336e-01 8.555357690274372207e-01 8.109060858131442728e-01 8.652165952515591396e-01 1.000000000000000000e+00 8.430880888242413551e-01 7.268608069560090756e-01 9.177875775597255092e-01 9.105049620554890311e-01 8.477387683619252989e-01 8.249177894642619746e-01 8.527334468544893742e-01 7.268660745383386246e-01 8.646253042078843043e-01 8.842346675252422683e-01 8.265125840288887193e-01 7.993669572096305798e-01 8.508012489156181468e-01 9.127141378283399886e-01 9.007077447234789203e-01 8.914111794878090134e-01 9.031265861558267494e-01 8.797989273335079519e-01 9.324114030299115452e-01 9.157582434151788631e-01 8.545542891874567948e-01 8.854333594771517379e-01 8.853634568509768377e-01 8.970263160760955090e-01 9.122349368737188158e-01 9.250711236039246277e-01 9.325190461350961746e-01 9.056348463393275594e-01 9.350041517967946358e-01 9.343361354171166866e-01 9.292468369310683540e-01 9.386224892022004829e-01 9.338200777948972853e-01 9.331673067555638079e-01 9.403507466275834448e-01 9.421380860084905828e-01 9.393602846332513856e-01 9.245660717359803771e-01 9.325251915480072817e-01 9.177015415735828574e-01 9.297942180468398155e-01 9.394103357725539505e-01 9.372717034840210015e-01 9.391656259370799731e-01 9.334651013933872310e-01 9.404480792951759316e-01 9.368414446386729155e-01 9.416843004026882458e-01 9.431762263147597247e-01 9.401602782486794263e-01 9.372923167670647038e-01 9.381146251356504706e-01 9.385595086820530675e-01 9.395061363645277330e-01 9.404067550926566987e-01 9.403632213258235062e-01 9.356830698399551949e-01 9.350624724701095403e-01 9.425530316519286078e-01 9.433309594793617414e-01 9.209115512521325320e-01 9.331639766694989069e-01 9.425485600299785549e-01 9.431897452637162393e-01 9.420104358371983455e-01 9.383910397223071964e-01 9.350214799975055113e-01 9.384611803307255640e-01 9.384158638459343393e-01 9.403586259294723915e-01 9.385669349581445831e-01 9.403828971453310759e-01 9.278893264195077206e-01 9.308948636951802635e-01 9.421243216354204808e-01 9.394028253150232821e-01 9.418640409192537977e-01 9.400312342364977036e-01 9.411837710526832490e-01 9.439255017349611476e-01 9.417190661870544766e-01 9.435322927348694932e-01 9.413969395302429488e-01 9.421674720682160498e-01 9.351803212254952147e-01 9.360587515882979881e-01 9.423212994685660204e-01 9.397524070898282122e-01 9.416345069450103855e-01 9.408833324316661084e-01 9.390031325647799632e-01 9.433342437973518679e-01 9.438742495633986040e-01 9.376927800872654206e-01 9.421452100137224228e-01 9.415275907624871543e-01 9.424910127512260427e-01 9.435460627825028590e-01 9.412975403680857722e-01 9.427310845353420454e-01 9.413981321570787930e-01 9.441108251201847379e-01 9.414067925648286206e-01 9.426826939602755973e-01
-2.061804151246819303e-02 1.499167001054453607e-01 3.335769287484929291e-01 5.841358708641593012e-01 4.975384739705485670e-01 5.257302754169200787e-01 7.517988907216559546e-01 7.156946739998485407e-01 8.051229581938402768e-01 7.564594692925525887e-01 8.135500517537789245e-01 8.430880888242413551e-01 1.000000000000000000e+00 6.909047109207548942e-01 8.667479076810076233e-01 8.524592751965859305e-01 7.961126264828115584e-01 7.595027402963909768e-01 7.879246523153308202e-01 6.798770417035793212e-01 7.883333814191549882e-01 8.101850356832960287e-01 7.684301602462729752e-01 7.376777521493044221e-01 7.781393439012184166e-01 8.454583444039008855e-01 8.265444805604187373e-01 8.137637934313655119e-01 8.341612058462110069e-01 8.083653142175981632e-01 8.714378913642663038e-01 8.574829904920348023e-01 7.789063424354077947e-01 8.291520367029887595e-01 8.161580185938802634e-01 8.192058742021504081e-01 8.463403971497048817e-01 8.625983150135839717e-01 8.756504929607842325e-01 8.382538835104927921e-01 8.701497340114158208e-01 8.750469342268949458e-01 8.706525272008305283e-01 8.778489173111784227e-01 8.699109750468022595e-01 8.768093157036659369e-01 8.906700189224574515e-01 8.880052688239430392e-01 8.857483374078970462e-01 8.596821391363549392e-01 8.707118969028038169e-01 8.475870082718042209e-01 8.696174521632092924e-01 8.831398245687495097e-01 8.803836511919853614e-01 8.769848195834678561e-01 8.717668752949169209e-01 8.868751945550151783e-01 8.847148745471115072e-01 8.856722524035068878e-01 8.863693316146606938e-01 8.859158702634402083e-01 8.821911264399149299e-01 8.834675454120064497e-01 8.779873027062515822e-01 8.813269766080241707e-01 8.867954820309146280e-01 8.859970301011789173e-01 8.835409751249381216e-01 8.775844891898710864e-01 8.808633837038533088e-01 8.845746100253422117e-01 8.701745213298105464e-01 8.709493357639062072e-01 8.857208485953727006e-01 8.837251722085778249e-01 8.825422834033919139e-01 8.797556281044680571e-01 8.809950029599710186e-01 8.855470827714579940e-01 8.853368568260804317e-01 8.859234343438379122e-01 8.817760770831818418e-01 8.832857540922264272e-01 8.758140041583354352e-01 8.807090085119161360e-01 8.825674130803243811e-01 8.875923626711724745e-01 8.881460688954730953e-01 8.822548864150892012e-01 8.815053963520119718e-01 8.892972332839862437e-01 8.867042683177138729e-01 8.891710584308104570e-01 8.916753320614598799e-01 8.903057273088923473e-01 8.794589526674919666e-01 8.754081368040214084e-01 8.887699408972892234e-01 8.835757777214814368e-01 8.880766228221532721e-01 8.864487429875301805e-01 8.836780478561345742e-01 8.907313723357616064e-01 8.845820640629612486e-01 8.813428689327260646e-01 8.892317377247080934e-01 8.907180013784957717e-01 8.899570981856672613e-01 8.903582866811615704e-01 8.896436771406242006e-01 8.901711135272564190e-01 8.903083259467414745e-01 8.895963974687524090e-01 8.869815898820153643e-01 8.871639380744910097e-01
