1.000000000000000000e+00 1.072441894700647408e-01 4.770145197047106350e-02 5.249567022337379291e-02 -2.098132081986966296e-02 -7.192701366930883376e-03 3.201364962786201057e-02 4.661791227837219775e-03 5.864469801345999211e-02 2.068866972846544403e-02 3.808201113410821306e-03 2.080554232875210866e-02 1.102745320713353731e-02 2.175020505732595810e-02 -1.497850607578508041e-02 7.249648929070338053e-03 6.798328060816598295e-02 1.014052217721653770e-01 7.655518137039347970e-02 2.637939925484061952e-03 4.651724848451963684e-02 9.763061891487434529e-02 1.022922945901246911e-01 9.126146756367110868e-02 9.163477221953207630e-02 6.214117038407349775e-02 5.531577275779390318e-02 8.537381076080524656e-02 9.829708047263488457e-02 9.747792203903106467e-02 7.173564990025861621e-02 5.917913395767934737e-02 8.208885077109026596e-02 7.422980530556876066e-02 1.051514736775085446e-01 5.651178082933389774e-02 6.876418356945751542e-02 3.623162634701204005e-02 5.651972511175699931e-02 3.445753103915341620e-02 2.675290980418303793e-02 1.734527472493796116e-02 1.254038195504802479e-02 3.500551176571705531e-02 4.135865107097731058e-02 4.100942756263677158e-02 3.565586720154165505e-04 1.769666276940025373e-02 1.109747990257045451e-02 3.214216354279798848e-02 1.305935035057292394e-02 9.127282606373682619e-03 9.636869372349317342e-03 2.181833293268238549e-02 2.578541545013907088e-02 4.054359820545475057e-02 2.531228755875672073e-02 1.786895136786330676e-02 9.099766498651273502e-03 1.984620351474868788e-02 2.182936711288414790e-03 3.376222674660683126e-03 1.169360690083492017e-03 1.521005843847003658e-02 3.560894740528703500e-02 1.608883398919762689e-02 1.968363406477737637e-02 3.122836420516178838e-02 3.368661532593479613e-02 7.707103444775570411e-03 2.255453692680459143e-02 3.744031564191799971e-02 3.468868561126439709e-02 3.739904161636586205e-02 3.291254589790094942e-02 3.024780884914997359e-02 3.363854299251581997e-02 4.130853822557019328e-02 4.142233359358975936e-02 4.000986360020407362e-02 3.535370170326217198e-02 2.670664692905170765e-02 4.350433190535018396e-02 3.321342294906462489e-02 2.770728719651426725e-02 3.211875008237118079e-02 3.438925682207837758e-02 1.722809419260454278e-02 2.610665278059362548e-02 3.881847800511659119e-02 1.953565832824046000e-02 2.014606292031010173e-02 1.913254537818244103e-02 1.948101818266283550e-02 9.961998420355888673e-03 1.910287527644553493e-02 2.377024200319602203e-03 1.978998098277408996e-02 8.845857290977837684e-03 1.406418866717364449e-02 6.324185696638030645e-03 1.290409140267613670e-02 1.256614765157350148e-02 1.238171880325879617e-02 1.469714050513314108e-02 1.927925992773183925e-02 1.089700793644338833e-02 1.799352365134554432e-02 1.696670511144191679e-02 1.394356285756884889e-02 9.462919145785808964e-03 1.470040105011838870e-02 9.491225116574261364e-03 1.058080310383871687e-02 2.596826092815946244e-02 7.980209870154915397e-03
1.072441894700647408e-01 1.000000000000000000e+00 1.102778761235698179e-01 7.665883366670045440e-02 1.185342488740688260e-01 1.388298062186967552e-01 1.332607394092186204e-01 1.426701289514144266e-01 1.805590264299844760e-01 1.924663122540488658e-01 1.947512904073004369e-01 1.511380826816578482e-01 1.750907912541095901e-01 1.613702565079958851e-01 1.508156006816201433e-01 1.646606166260295434e-01 1.747403124311433520e-01 1.868857951676117513e-01 1.969196302084838535e-01 9.976243264962823820e-02 1.234595395490756947e-01 1.763295924236384926e-01 1.911165779240184270e-01 1.482087438136552027e-01 1.719934354006638078e-01 1.760500787134857970e-01 1.775284140270093070e-01 1.884715555322706848e-01 2.168396540905287717e-01 2.181876535894345936e-01 2.052612719025972421e-01 2.026665463131157863e-01 1.932488067991879610e-01 2.034296009140245387e-01 2.057252221652664526e-01 1.667048105535709757e-01 1.966895728556546374e-01 1.853904128380577110e-01 1.932517152434476138e-01 1.607599313862431989e-01 1.775197460593281040e-01 1.730304532920634020e-01 1.391368747611070322e-01 1.784218584033416821e-01 1.841368014817044430e-01 1.905691484560842197e-01 1.748553480998529530e-01 1.767720940703825794e-01 1.749193508891659921e-01 1.530839751450545905e-01 1.718903669887942298e-01 1.163297173116304151e-01 1.573452345337021663e-01 1.855599583693407495e-01 1.802979126258927312e-01 1.797998934781344094e-01 1.656145858078746369e-01 1.749916408811058866e-01 1.736208400405991614e-01 1.719749386992514284e-01 1.591512412320487957e-01 1.658788514611106990e-01 1.592210484367669876e-01 1.727118757883379374e-01 1.719894061445251809e-01 1.797634778085775431e-01 1.833355934042129598e-01 1.814368590765055578e-01 1.928830142349883536e-01 1.589383685774319876e-01 1.671236760232697183e-01 1.917734033934740956e-01 1.794971022802552552e-01 1.748210268396909739e-01 1.843631646467590313e-01 1.884971636151105412e-01 1.878218743320904660e-01 1.985409751764668773e-01 1.894410196134768687e-01 1.889841146576262121e-01 1.908305981297971077e-01 1.903334619867042277e-01 1.920998555748522629e-01 1.933254513247628092e-01 1.769054033404547643e-01 1.907186742577234861e-01 1.878331705167113896e-01 1.758699256898733632e-01 1.838542562156943450e-01 1.936297022400699508e-01 1.771867412129901898e-01 1.783637048898757405e-01 1.830663266524009125e-01 1.814256470179967939e-01 1.767273881835388083e-01 1.806121588020673518e-01 1.465008475424494083e-01 1.604013506241274700e-01 1.647832794948418111e-01 1.715682072834595340e-01 1.682158922324436812e-01 1.671985691670290763e-01 1.666201738893804130e-01 1.693313141070721117e-01 1.669736680685552366e-01 1.699091038364105299e-01 1.734484000180348817e-01 1.823078101135798268e-01 1.807132916196503014e-01 1.737422942916294344e-01 1.689302265823416083e-01 1.751826214875227272e-01 1.703190363373101590e-01 1.723128387180939691e-01 1.799772626380999885e-01 1.685738059798428390e-01
4.770145197047106350e-02 1.102778761235698179e-01 1.000000000000000000e+00 3.395941226471111407e-01 1.786217239743246032e-01 2.639831962956926681e-01 3.066926447653682275e-01 2.877049389260071255e-01 2.876573337912333717e-01 2.821326063432641473e-01 3.536686958834346917e-01 3.522790430215659851e-01 3.377535917602946247e-01 3.055478876565386748e-01 3.419263895333709558e-01 3.378114319222490503e-01 3.050825673314827569e-01 3.133369370212716332e-01 3.426552374789969546e-01 3.058418887985844270e-01 3.460314667481418915e-01 3.438697568280117967e-01 3.245644653864121487e-01 3.223782898872001312e-01 3.464729949537523335e-01 3.713474299198615269e-01 3.528041084207642619e-01 3.358329231356680933e-01 3.245018746326532311e-01 3.472048965036669821e-01 3.427103863668130024e-01 3.362102707528918377e-01 3.265892377235339317e-01 3.408261731317951959e-01 3.370464783858868052e-01 3.584233156510857610e-01 3.477415421260053319e-01 3.263797423959875488e-01 3.465365140936395583e-01 3.455779647862260995e-01 3.514201625678501362e-01 3.331534903593926233e-01 3.403029607196728090e-01 3.439986326664582483e-01 3.555027167553164724e-01 3.455963352538563016e-01 3.251007219382536229e-01 3.342474471004749925e-01 3.356761392511343201e-01 3.411142079127638116e-01 3.404541581296716135e-01 3.565767797637163783e-01 3.473253102442859230e-01 3.404048463648420841e-01 3.501689988725051883e-01 3.514017825956768371e-01 3.423034717533113280e-01 3.288772705362908444e-01 3.360915947261745029e-01 3.315362427428696912e-01 3.397817824963111355e-01 3.326332390656240312e-01 3.382276003791097607e-01 3.327194843905987853e-01 3.477106295951851167e-01 3.427392702691511306e-01 3.395612998265459814e-01 3.463876167652112925e-01 3.359728814106050510e-01 3.468235363680118866e-01 3.562307448441769386e-01 3.522164068967467143e-01 3.443377601321294113e-01 3.595355640008151554e-01 3.589384793332175416e-01 3.470990187013137107e-01 3.386045409423846797e-01 3.363337482027581871e-01 3.464158397225419739e-01 3.364370686683716971e-01 3.476336045067289771e-01 3.429702887811399981e-01 3.492790608349008452e-01 3.424014230089841848e-01 3.433792586758495080e-01 3.450588859636613548e-01 3.526971601325189498e-01 3.358198592289068918e-01 3.362205536835771724e-01 3.493980453274304621e-01 3.432417793934308681e-01 3.401396247504056558e-01 3.451823813667425078e-01 3.399865210560546469e-01 3.403442881545116760e-01 3.424251814038775654e-01 3.397382637942247818e-01 3.481732255851073266e-01 3.418038379218807932e-01 3.389338530913258984e-01 3.447314600479962077e-01 3.413831162652109508e-01 3.483301482682049088e-01 3.400778811350581576e-01 3.522022940001146574e-01 3.428051354333365164e-01 3.355811296679480638e-01 3.400614748006355326e-01 3.417932628966511288e-01 3.380790719806197608e-01 3.360644922106974519e-01 3.385986907907098664e-01 3.351958034917872920e-01 3.365931138059466976e-01 3.480370617183009552e-01 3.412486535988734082e-01
5.249567022337379291e-02 7.665883366670045440e-02 3.395941226471111407e-01 1.000000000000000000e+00 3.702030187521490046e-01 4.062559142756958508e-01 6.198544086503674500e-01 5.932642918838719748e-01 5.214526680825918303e-01 4.964169851436777692e-01 5.940454944901695233e-01 6.441840913694901749e-01 5.573828770914313058e-01 5.299479681043979262e-01 6.282273036119879750e-01 6.240856794787776884e-01 5.750526051200998134e-01 5.407040328483657676e-01 5.675063412399810048e-01 6.255734498356422257e-01 6.343118365405328030e-01 5.935900283273246592e-01 5.325030518539785040e-01 5.599016622306912661e-01 5.892889244246981573e-01 6.421395004753404079e-01 5.994181383364918236e-01 5.839209862089214109e-01 5.405071703774043668e-01 5.479986355958472721e-01 5.712333470981747485e-01 5.916858771722873778e-01 5.622571137690914878e-01 5.846743858011526074e-01 5.462440239394196206e-01 6.305539193336118231e-01 5.756266473699911401e-01 5.864744537751356290e-01 5.831545011272752932e-01 6.219975297012766413e-01 6.210208857502691471e-01 6.066760767611233396e-01 6.359025965699854899e-01 6.097019071433458226e-01 6.124928335070447538e-01 5.823204104827693905e-01 5.879897047837578938e-01 5.928517049186873278e-01 6.091655036185940064e-01 6.480356639140089081e-01 6.294013062099063083e-01 6.713177248402707464e-01 6.279122229454615622e-01 5.836600262120363869e-01 6.004196883219281577e-01 6.077816445313733995e-01 6.193566735215833008e-01 5.958228074906583016e-01 6.046274093478912759e-01 5.966528872112522031e-01 6.180203839796446497e-01 5.967356579991776044e-01 6.040716605152490759e-01 6.048299749287855409e-01 6.068874175051482966e-01 6.039767584296668046e-01 5.888741920801321417e-01 5.941832499639266851e-01 5.775191539425461595e-01 6.371985369667606536e-01 6.298372002366690037e-01 5.986440852868125662e-01 5.877078143832267232e-01 6.208844264471334862e-01 6.161980668699319486e-01 6.038946927138090226e-01 5.914713579334904825e-01 5.728529061397654720e-01 5.906057396512960356e-01 5.783647990486460166e-01 5.881744955383654272e-01 5.891734596804211188e-01 6.032751632698082345e-01 5.806165187192007249e-01 6.111989019973518289e-01 5.930160247673305074e-01 6.013125645954668919e-01 5.962600878602648535e-01 5.814598070190282186e-01 5.945612665309222278e-01 6.096008487071156168e-01 5.999023003433353596e-01 6.003742164988277175e-01 5.904810916229047413e-01 5.919564132410745083e-01 5.934931211052469902e-01 6.238646290139912010e-01 6.283454885755848096e-01 6.106205088082741206e-01 6.134954167994794982e-01 6.100800303568960636e-01 6.135682173464526157e-01 6.143609175777684506e-01 6.020794162720320974e-01 6.294408402600059071e-01 6.152004168662177364e-01 5.934032849932363574e-01 5.868222265107810864e-01 5.977830110108379724e-01 5.979573388730423655e-01 6.016699963140583751e-01 5.946592879119280139e-01 5.952528151569006498e-01 5.981377518391938208e-01 6.047069785498526695e-01 6.061381982770811527e-01
-2.098132081986966296e-02 1.185342488740688260e-01 1.786217239743246032e-01 3.702030187521490046e-01 1.000000000000000000e+00 3.119364808577316239e-01 4.778204843494208709e-01 4.789621783931945487e-01 4.333266471619742766e-01 4.241315880593318211e-01 4.601511268860885573e-01 4.803039990148036398e-01 5.057821053998362570e-01 4.445171824373522762e-01 5.151984630492553174e-01 5.003902728797851029e-01 4.080115221120352853e-01 3.751175657326517032e-01 3.974692512790640730e-01 4.957523173457416554e-01 4.339845857141786389e-01 3.851474315549258121e-01 3.740482929842607884e-01 3.499341417862835701e-01 3.888613626821790237e-01 4.634757020303794661e-01 4.580316502925830258e-01 4.344698682152752234e-01 3.974846788939729314e-01 4.213397070326928562e-01 4.544926765567013360e-01 4.524182287755189602e-01 4.082246088804519779e-01 4.139203542940909086e-01 4.039776478639616752e-01 4.479315954430527214e-01 4.394580520858117345e-01 4.441794266405642011e-01 4.516482959622487581e-01 4.421015582557013546e-01 4.854413575438567552e-01 4.765962841451980569e-01 4.783378664572390804e-01 4.733332149999625593e-01 4.665196417053339428e-01 4.624957654347288671e-01 4.857079915668931491e-01 4.873730664490601994e-01 4.832972285207774443e-01 4.665775903672215175e-01 4.810928352177241685e-01 5.017001247656227569e-01 4.979788405785740002e-01 4.777120378358727937e-01 4.746865741743028777e-01 4.632489720238320841e-01 4.688552935490005180e-01 4.771857195420921571e-01 4.761081839920487391e-01 4.843851772011646961e-01 4.908576026825694494e-01 4.775865126837444130e-01 4.726219182961046150e-01 4.780633184849375494e-01 4.809150189776453810e-01 4.948067707744677746e-01 4.828835019755418623e-01 4.679687952815762553e-01 4.674565519819619541e-01 5.076839887662959461e-01 4.831935870044926085e-01 4.730046306546384360e-01 4.596479337922641517e-01 4.768457996470436555e-01 4.823861741887133237e-01 4.824910732825502535e-01 4.784098503381770118e-01 4.578993089257121230e-01 4.704415915158174921e-01 4.646470203746921879e-01 4.706711947459758516e-01 4.806220443395010644e-01 4.717434313922952982e-01 4.725632645483634486e-01 4.780963538116810851e-01 4.744313173512991755e-01 4.763475178402004073e-01 4.755977959125721188e-01 4.731096874673773045e-01 4.741326057127042692e-01 4.833083058299127988e-01 4.846526296666412992e-01 4.808379892608557471e-01 4.841605841195568138e-01 4.894063403258219203e-01 4.862296354714371049e-01 4.865581459356875804e-01 5.000497478961807296e-01 4.911259518343795705e-01 4.899605349671052323e-01 4.937626776687251140e-01 4.898127388609843091e-01 4.961580125338409530e-01 4.890579850431726605e-01 5.035668924582314965e-01 4.957929446500869419e-01 4.876128676690000274e-01 4.815860562760185259e-01 4.840453178455890182e-01 4.857971687375556846e-01 4.803858934906317657e-01 4.919979470786516873e-01 4.850834157364982135e-01 4.886728695521820875e-01 4.934568459180528888e-01 4.999955745662796325e-01
-7.192701366930883376e-03 1.388298062186967552e-01 2.639831962956926681e-01 4.062559142756958508e-01 3.119364808577316239e-01 1.000000000000000000e+00 5.117640170955258805e-01 4.735109910091456209e-01 5.044785956513379022e-01 5.069531654491947759e-01 5.438790177461342301e-01 5.445411436394574922e-01 5.492760529094095068e-01 5.231891279536966533e-01 5.678314390740720752e-01 5.560446672556127456e-01 5.069763966984683901e-01 4.816945919711121959e-01 5.178661482118398496e-01 4.663370363337462909e-01 5.057920459019497050e-01 5.171633683068774801e-01 4.917598260109511399e-01 4.724697182106908921e-01 5.116045098102833810e-01 5.655923301070363562e-01 5.596645474947322674e-01 5.411385205067437143e-01 5.206663880918529497e-01 5.350403446770127802e-01 5.534142142286143651e-01 5.496670950301001390e-01 5.152526195853547319e-01 5.318675708069650065e-01 5.222904829974897023e-01 5.461487239626989787e-01 5.521998076109453368e-01 5.460678694559298885e-01 5.479225527906733673e-01 5.448198441188129015e-01 5.819670711242237449e-01 5.709201644317901669e-01 5.469274657027400899e-01 5.693626969769264301e-01 5.739100494526797602e-01 5.581961054749228213e-01 5.711023521366015432e-01 5.663577816222441497e-01 5.642641576574897178e-01 5.521451211361292355e-01 5.624592087412438879e-01 5.608983983502241477e-01 5.677368010091748962e-01 5.678033575990417692e-01 5.701704946874751601e-01 5.680235387834248195e-01 5.614073173390257132e-01 5.669786107427180477e-01 5.637798878918847123e-01 5.648554199619584271e-01 5.675103585818846996e-01 5.600520616283591879e-01 5.597181272903568594e-01 5.576764570872164706e-01 5.722673765745310837e-01 5.781834921104319625e-01 5.667257502955599380e-01 5.732760653882376101e-01 5.661964103531921255e-01 5.719838948426489988e-01 5.814932657345501799e-01 5.765136190541136907e-01 5.623744088237039307e-01 5.776811261805367970e-01 5.843963439400003956e-01 5.803806381265594894e-01 5.748443762573889337e-01 5.669733178505976801e-01 5.713642545509346471e-01 5.612230800879691728e-01 5.691714949222818065e-01 5.724709400680466631e-01 5.736831060587135322e-01 5.712627726006728190e-01 5.705157170619820084e-01 5.726274942304704352e-01 5.764157697017516790e-01 5.732624266918147082e-01 5.689751276061257856e-01 5.790915754124908998e-01 5.780633190122916876e-01 5.755986850142056355e-01 5.764287533980588796e-01 5.730914700921670990e-01 5.717586441124437036e-01 5.718224264035017823e-01 5.711813198345723208e-01 5.750735370375333888e-01 5.728456978508602582e-01 5.737757751279198848e-01 5.739689604352270491e-01 5.757290838499399266e-01 5.773902078943935479e-01 5.742857473838615112e-01 5.828632580099111227e-01 5.789637436505058465e-01 5.727647514350744373e-01 5.737173929389761673e-01 5.780762446231771934e-01 5.742059580610971992e-01 5.706943836464180020e-01 5.732144125469649243e-01 5.709067023259928320e-01 5.703069661932630430e-01 5.795666884009728070e-01 5.782796235894515080e-01
3.201364962786201057e-02 1.332607394092186204e-01 3.066926447653682275e-01 6.198544086503674500e-01 4.778204843494208709e-01 5.117640170955258805e-01 1.000000000000000000e+00 7.150691007749803152e-01 7.010578116882671962e-01 6.491273471821280561e-01 7.430281581294534421e-01 7.846410509466246186e-01 7.236905786067971968e-01 6.933395672574848012e-01 8.244491472748551875e-01 7.819051148895537207e-01 7.328259774674129590e-01 7.273096079459440144e-01 7.499717155793347301e-01 7.065574719815215232e-01 7.761816888257186964e-01 7.507201360873509977e-01 7.029597661921753726e-01 7.217839054022788803e-01 7.443854229793613886e-01 8.153919512923941681e-01 7.823160664740128611e-01 7.625587500617320158e-01 7.317743373258510653e-01 7.486756420137081758e-01 7.714812274424189820e-01 7.766693191849913802e-01 7.263527210601929962e-01 7.547012918963561523e-01 7.361114783919917581e-01 7.792672496847935504e-01 7.620349421860196371e-01 7.611021834392438512e-01 7.690060907859518347e-01 7.774401151164429535e-01 7.976693575828069926e-01 7.830097352184148818e-01 8.014927025807226935e-01 7.936631860625072976e-01 7.978123575330982042e-01 7.717756023183991454e-01 7.746048461064573010e-01 7.779949498619149750e-01 7.860103248080066995e-01 7.967780156910027056e-01 7.969828428775513895e-01 8.158629034404702995e-01 7.987265449395190009e-01 7.766108411664556233e-01 7.889277263221616820e-01 7.905021357177868246e-01 7.952766103558598365e-01 7.792118501791230889e-01 7.834788075705390042e-01 7.821120825806238130e-01 7.917992356772670659e-01 7.763534030453155266e-01 7.817085017692784188e-01 7.793461061117628041e-01 7.916114737753353614e-01 7.882571972057472731e-01 7.795980831267939060e-01 7.919251514367157130e-01 7.798774325072214131e-01 8.064900213132959461e-01 8.052007616624449193e-01 7.923086573335100802e-01 7.848996981796182437e-01 8.046445266139684582e-01 8.051378204901040725e-01 7.924546136290996357e-01 7.827714875105531434e-01 7.763211835272132433e-01 7.872067730010038344e-01 7.769959028128065048e-01 7.847390527431477025e-01 7.836744610890356011e-01 7.936596031410063645e-01 7.768878821242829469e-01 7.934265874028987309e-01 7.865289384245039983e-01 7.892073540622780436e-01 7.845571372701991564e-01 7.764890035235814114e-01 7.947322974911653626e-01 7.943464909997394185e-01 7.892061486360018030e-01 7.888133760898023983e-01 7.827465388969712112e-01 7.806339724931244950e-01 7.807709596232862426e-01 8.045573881948947514e-01 8.069618763422909957e-01 7.930091653205579849e-01 7.961275671143204224e-01 7.979532277381423677e-01 7.997190002613202564e-01 7.945804509417289108e-01 7.883074685842000884e-01 8.087923059674299031e-01 8.044397793204267622e-01 7.828418413816775612e-01 7.825972591700744996e-01 7.936962656072537037e-01 7.875381135815887612e-01 7.884520283243595662e-01 7.836968263646154620e-01 7.843486089873265010e-01 7.865988286717210398e-01 7.907613235879719094e-01 7.912988920966993467e-01
4.661791227837219775e-03 1.426701289514144266e-01 2.877049389260071255e-01 5.932642918838719748e-01 4.789621783931945487e-01 4.735109910091456209e-01 7.150691007749803152e-01 1.000000000000000000e+00 6.879134933878923164e-01 6.428995817184861572e-01 7.212541467536699447e-01 7.764713177800914856e-01 7.111483860641346633e-01 6.823477135335099808e-01 7.917114989345571674e-01 7.896966032383508916e-01 7.007177912511360907e-01 6.417498731184617666e-01 6.638117349029997172e-01 7.302689107833122417e-01 7.296317960722291662e-01 6.837229881485538119e-01 6.304996599300256577e-01 6.344220387324995825e-01 6.724303383335442641e-01 7.531661749182384513e-01 7.278087870576644969e-01 7.256295740943756734e-01 6.878765728996200091e-01 6.992020685116615564e-01 7.369102529521099898e-01 7.432880683932022725e-01 7.030068535343821923e-01 7.097800214786267325e-01 6.946828467157990517e-01 7.510384855936331761e-01 7.317601488844932556e-01 7.431792357787990744e-01 7.502101945657524418e-01 7.539951504010494743e-01 7.741652162750086719e-01 7.688748636339214348e-01 7.806443781814833560e-01 7.713864367508234121e-01 7.602324590165242535e-01 7.556370753075559721e-01 7.731547714578015373e-01 7.731141724285107708e-01 7.828501993113251567e-01 7.780164136996121638e-01 7.883827681532620257e-01 7.902931589341217755e-01 7.840689499634045934e-01 7.624410735294323560e-01 7.637874297028389714e-01 7.554522154381415611e-01 7.804458406410710314e-01 7.719896585210774820e-01 7.771619323158087678e-01 7.767273532440286399e-01 7.895976459627895849e-01 7.775390118133642670e-01 7.804562930573152313e-01 7.798524592376681053e-01 7.759403139712865993e-01 7.788140826097555980e-01 7.682446954674266859e-01 7.596925083789883848e-01 7.555394487281443805e-01 8.075512693605771952e-01 7.824769742244219728e-01 7.627459693037090815e-01 7.500793988000914458e-01 7.706941140390801692e-01 7.759873451772160147e-01 7.728318440124316568e-01 7.649353809447615449e-01 7.512616285888741308e-01 7.633424758915089425e-01 7.569040447411669037e-01 7.593647161155711034e-01 7.671289759058610436e-01 7.658682509831481466e-01 7.573232562621277086e-01 7.775256325995624218e-01 7.669557838892514523e-01 7.665699230793016072e-01 7.695562940003806141e-01 7.632125720187097340e-01 7.600861614910221498e-01 7.730004383663380274e-01 7.738093240457140087e-01 7.758657161946096448e-01 7.715910933786129799e-01 7.751295126250875578e-01 7.731005755399865675e-01 7.876231268472990710e-01 7.939802577236129144e-01 7.876562042431625166e-01 7.861025378912284145e-01 7.850360660449684502e-01 7.876721260386243539e-01 7.887422213143356897e-01 7.793435018128277436e-01 7.938167462028119514e-01 7.887797514592647108e-01 7.768226790864495301e-01 7.685276879805169603e-01 7.747424019402571194e-01 7.784517856707866557e-01 7.776019842992606401e-01 7.796962076278274312e-01 7.798662000247150727e-01 7.831524858007944401e-01 7.758326742390385666e-01 7.841696360075248728e-01
5.864469801345999211e-02 1.805590264299844760e-01 2.876573337912333717e-01 5.214526680825918303e-01 4.333266471619742766e-01 5.044785956513379022e-01 7.010578116882671962e-01 6.879134933878923164e-01 1.000000000000000000e+00 7.597762177690736696e-01 7.880736829274760380e-01 8.253352939200760963e-01 7.678253428658322610e-01 7.762038485521610687e-01 8.458325957679934115e-01 8.404200118081401882e-01 8.133810989892659160e-01 7.612914353295315850e-01 7.738575352028133070e-01 6.769250820008121394e-01 7.575527329612655736e-01 7.711174060735539459e-01 7.648217230894355234e-01 7.182863109533079715e-01 7.652934735598639904e-01 8.351525605258066642e-01 8.386376664197039421e-01 8.479339633747986493e-01 8.293839383874191951e-01 8.534175755241714123e-01 8.804303387644087930e-01 8.675841859880573104e-01 8.371956201156562916e-01 8.412109133858713950e-01 8.464611982422872716e-01 8.285408642579608074e-01 8.707320086571107565e-01 8.693897015509300941e-01 8.806272658576977941e-01 8.492077710037854166e-01 8.748879649691279070e-01 8.738112477859657501e-01 8.470837992412793005e-01 8.832528741157898988e-01 8.738606036571372471e-01 8.827293583434274726e-01 8.872390007396554479e-01 8.907151312376568875e-01 8.835346279482828580e-01 8.486940984123911846e-01 8.773244421486569022e-01 8.187256519874768212e-01 8.671276002020565921e-01 8.877055210004828334e-01 8.788840082151726518e-01 8.736383432378196368e-01 8.733184065820673858e-01 8.839328825746839424e-01 8.827919019871407480e-01 8.844611728391014172e-01 8.761034429342348107e-01 8.777914877592634113e-01 8.727627294131377056e-01 8.808374568358935397e-01 8.842186249090905337e-01 8.824273648402404246e-01 8.879127924462147936e-01 8.821159456240317276e-01 8.889076473213473051e-01 8.728451581524933056e-01 8.744275290053767913e-01 8.832530121969048853e-01 8.723944542047682438e-01 8.713345910349593604e-01 8.846271313189605356e-01 8.860718763876013204e-01 8.849795223348138062e-01 8.859869163991567209e-01 8.863166521369357786e-01 8.887818072828365112e-01 8.875026244069544878e-01 8.929897538527558076e-01 8.860755349113639268e-01 8.904464967476077852e-01 8.834510369883572523e-01 8.885360129432073872e-01 8.877765242980409921e-01 8.865674012243924818e-01 8.905520834137886643e-01 8.856710911251216567e-01 8.802198154375685535e-01 8.874108180108318811e-01 8.893160837315521317e-01 8.891170400033618915e-01 8.861076600764165034e-01 8.871825375878383824e-01 8.653950321585210936e-01 8.729476542832280694e-01 8.815299438249256658e-01 8.844711249867578395e-01 8.826496787289578316e-01 8.835108078769625672e-01 8.828371366112010010e-01 8.864469558278011974e-01 8.800997383891222547e-01 8.797844805765340226e-01 8.868504677212236675e-01 8.910562494455677163e-01 8.891228939881479221e-01 8.868226378448726965e-01 8.821287712071352871e-01 8.879601144322317730e-01 8.846187397597360391e-01 8.857272390400794393e-01 8.874792215669098372e-01 8.826581605398878816e-01
2.068866972846544403e-02 1.924663122540488658e-01 2.821326063432641473e-01 4.964169851436777692e-01 4.241315880593318211e-01 5.069531654491947759e-01 6.491273471821280561e-01 6.428995817184861572e-01 7.597762177690736696e-01 1.000000000000000000e+00 7.399286069603047133e-01 7.711936620402048970e-01 7.317470508775849591e-01 7.266865968650243479e-01 7.941676959556651649e-01 7.863565627384433432e-01 7.371104208874296182e-01 6.991723931640576595e-01 7.089246538924643959e-01 6.387920753544581443e-01 6.889793345647764466e-01 6.969735089875656042e-01 7.053990733465770324e-01 6.568726000582983948e-01 6.978661129986806211e-01 7.762073650991746510e-01 7.817043984503894150e-01 7.901265024993343600e-01 7.693068724326472818e-01 7.933799544571134010e-01 8.224990173636843593e-01 8.088831036920581807e-01 7.696488807872563509e-01 7.788208793467366053e-01 7.843612094125599343e-01 7.597838640734522198e-01 8.057806016780449943e-01 8.041466615919494743e-01 8.121518002654823931e-01 7.782777526871541562e-01 8.191858374463386605e-01 8.164816183471491629e-01 7.750879000551005316e-01 8.189163908486498666e-01 8.171375274613781325e-01 8.210112873400314815e-01 8.269106236930734433e-01 8.293531807974057202e-01 8.204895711186577234e-01 7.745912673132191451e-01 8.097253088082816408e-01 7.561687978753908190e-01 8.048894102821410046e-01 8.332949052549730729e-01 8.228197788844111571e-01 8.133760322814840293e-01 8.059191646503546247e-01 8.217114785164995050e-01 8.209158916599443856e-01 8.265476660192517810e-01 8.148225975991921777e-01 8.178455230592361902e-01 8.080137223236257826e-01 8.162919412081316439e-01 8.211077487029331268e-01 8.273950514838305237e-01 8.299783575385241141e-01 8.239316946455015334e-01 8.346478370027411442e-01 8.167781153739765987e-01 8.127203901939356046e-01 8.246724504512021880e-01 8.193869686399676278e-01 8.109580801091004210e-01 8.270147114886974293e-01 8.305211731834888367e-01 8.294099469251468015e-01 8.252628230623190175e-01 8.273174936735107066e-01 8.289368802241449119e-01 8.300374472160215733e-01 8.358265748659808869e-01 8.292054806443700521e-01 8.330468870936388326e-01 8.234162769332281639e-01 8.320441993013658610e-01 8.289299692904448236e-01 8.254335015469432824e-01 8.318731186798485888e-01 8.299008059425311279e-01 8.218399459045426791e-01 8.289965314587816048e-01 8.294176188475151923e-01 8.321033812561439147e-01 8.305706889346010646e-01 8.314497852029989478e-01 7.974952121584836240e-01 8.127889464399898900e-01 8.203860078721991744e-01 8.225326183288703685e-01 8.200883829888583332e-01 8.213210325433150105e-01 8.241119433142624073e-01 8.270616341506347169e-01 8.240975257776682605e-01 8.209753636025507451e-01 8.293372553983400230e-01 8.332678100704182800e-01 8.307926713763054138e-01 8.282558693085567691e-01 8.232344988625037718e-01 8.313169391345616166e-01 8.266866565883651541e-01 8.262772376944164110e-01 8.318456503173085048e-01 8.292131399437328021e-01
3.808201113410821306e-03 1.947512904073004369e-01 3.536686958834346917e-01 5.940454944901695233e-01 4.601511268860885573e-01 5.438790177461342301e-01 7.430281581294534421e-01 7.212541467536699447e-01 7.880736829274760380e-01 7.399286069603047133e-01 1.000000000000000000e+00 8.520482085465088673e-01 7.816765520462080064e-01 7.730125331661087396e-01 8.640948204698957191e-01 8.410773197120052780e-01 8.000223381288072977e-01 7.558693018684358167e-01 7.884677780747747500e-01 7.019549714214385894e-01 7.780223385260397473e-01 7.825960494657278055e-01 7.689969486993658565e-01 7.398026636292246438e-01 7.829595126685638951e-01 8.616192261893536042e-01 8.430935827285019890e-01 8.490227752630089553e-01 8.184637187658788671e-01 8.390273485103784123e-01 8.671686119944423954e-01 8.605279257821480954e-01 8.207004398987380878e-01 8.358932680000260573e-01 8.302863322031595050e-01 8.378485161448820939e-01 8.593519954479736933e-01 8.586288781800327508e-01 8.684281959096731285e-01 8.506337455088402999e-01 8.829980003398807398e-01 8.751528781815938185e-01 8.628000423970233479e-01 8.808897755434140775e-01 8.793515405293089726e-01 8.731062720621052264e-01 8.778806971855271923e-01 8.787192933047969223e-01 8.792779852385261830e-01 8.617685507330574701e-01 8.785396428530242163e-01 8.531123633909082349e-01 8.781731130309959887e-01 8.736675611030702004e-01 8.725471400487995188e-01 8.768300611393187172e-01 8.705182100530204359e-01 8.755245634920382214e-01 8.751291456285561488e-01 8.761865865310479728e-01 8.820890220371291335e-01 8.717043815022091913e-01 8.694926069827327852e-01 8.740593563905617591e-01 8.756540657657220228e-01 8.791108342104313467e-01 8.802618146834482182e-01 8.792622894226063135e-01 8.771951791471507276e-01 8.784752248756979576e-01 8.807772139080984886e-01 8.829482443173642947e-01 8.707066649304248118e-01 8.800247491331912864e-01 8.912235392912326581e-01 8.846339902622418760e-01 8.817245472748919122e-01 8.763218227066014165e-01 8.825951375423074508e-01 8.784295081434653207e-01 8.819226024620828719e-01 8.843792103462787546e-01 8.834858565145851106e-01 8.810332578002627590e-01 8.838324182992014499e-01 8.821288286067394679e-01 8.846157765244664350e-01 8.844059805988195855e-01 8.810606975320635081e-01 8.836350239391710382e-01 8.863366440730550133e-01 8.847380738685102219e-01 8.852116460242068774e-01 8.826295044124085054e-01 8.807996785139474705e-01 8.811349532955994324e-01 8.801746380089336963e-01 8.793138958237933789e-01 8.838938326506232679e-01 8.856341375220763146e-01 8.869727675295425717e-01 8.850552111854407267e-01 8.839579260704536479e-01 8.838076832634289559e-01 8.886780573005668149e-01 8.814294775250204328e-01 8.810539639356700370e-01 8.807240193211766099e-01 8.844603551346009729e-01 8.828210758133260283e-01 8.824331582499567173e-01 8.810644221261642040e-01 8.797545440971772379e-01 8.802395780436297335e-01 8.845453670020980708e-01 8.809873973136600478e-01
2.080554232875210866e-02 1.511380826816578482e-01 3.522790430215659851e-01 6.441840913694901749e-01 4.803039990148036398e-01 5.445411436394574922e-01 7.846410509466246186e-01 7.764713177800914856e-01 8.253352939200760963e-01 7.711936620402048970e-01 8.520482085465088673e-01 1.000000000000000000e+00 8.222546993644975766e-01 8.160965047629122893e-01 9.150645539961586028e-01 9.076031544957390285e-01 8.308759369770774006e-01 7.720073990467287706e-01 8.075920742267703734e-01 7.739128044585680266e-01 8.291462676235573648e-01 8.136933122426205367e-01 7.796120235718255742e-01 7.677762889413943803e-01 8.078029598991103288e-01 8.934399909743874213e-01 8.720609983276365051e-01 8.740544921176339743e-01 8.246597767096278675e-01 8.536828126025417518e-01 8.970664575120109729e-01 8.987470973387600148e-01 8.510527190526814278e-01 8.669225242519859043e-01 8.508131639591858253e-01 8.880357955696590588e-01 8.894390109715167858e-01 8.975871706577964737e-01 9.070908230700481800e-01 9.022917953301182736e-01 9.296902239108604249e-01 9.200096836784467103e-01 9.169000531996822634e-01 9.223795690759759580e-01 9.178013889056740870e-01 9.136247602169307314e-01 9.272946192636223328e-01 9.310453565385944374e-01 9.316410152906081654e-01 9.144831726237767633e-01 9.311370961334807239e-01 9.184319028612896174e-01 9.306209317770189893e-01 9.210105436599751449e-01 9.189939415837292680e-01 9.150906643761318460e-01 9.218875315670925774e-01 9.245941858932061885e-01 9.293035749256601807e-01 9.282683716811411800e-01 9.367685446851640174e-01 9.281399737298392516e-01 9.254001296836594781e-01 9.271575082034705373e-01 9.263857326347226806e-01 9.318266883984038795e-01 9.279726866274504715e-01 9.228549592879717878e-01 9.166359054505074377e-01 9.401584894028857109e-01 9.337610828093791948e-01 9.237885485886587755e-01 9.134250634237232047e-01 9.258307945085061386e-01 9.324287589121305064e-01 9.275333137254204718e-01 9.231335737725304691e-01 9.095892607632650728e-01 9.206203972829545279e-01 9.160535011697084062e-01 9.210792824864427741e-01 9.257967899091893438e-01 9.263799201411099249e-01 9.193453103883800770e-01 9.330112106144813344e-01 9.262065110107007282e-01 9.286490601340580131e-01 9.291026630345107229e-01 9.247517362887873738e-01 9.214034959541679282e-01 9.301839213312204091e-01 9.330289044332793491e-01 9.335330080161385879e-01 9.298219153201952025e-01 9.330831943288306896e-01 9.344979196567921864e-01 9.307217924555554189e-01 9.340673621936113058e-01 9.366557108881528038e-01 9.364801005965246450e-01 9.371622318315911970e-01 9.364896330300295224e-01 9.396443694915950218e-01 9.360553256397994293e-01 9.432572990535594837e-01 9.317741281527626152e-01 9.338259706340221733e-01 9.297484173513357320e-01 9.314478639653687164e-01 9.333837875413355523e-01 9.334219105395813454e-01 9.336679641575422739e-01 9.331954705759508695e-01 9.351518307469359748e-01 9.334020393318254172e-01 9.368186379203933267e-01
1.102745320713353731e-02 1.750907912541095901e-01 3.377535917602946247e-01 5.573828770914313058e-01 5.057821053998362570e-01 5.492760529094095068e-01 7.236905786067971968e-01 7.111483860641346633e-01 7.678253428658322610e-01 7.317470508775849591e-01 7.816765520462080064e-01 8.222546993644975766e-01 1.000000000000000000e+00 7.734351571711483020e-01 8.487599852919424093e-01 8.344542610896763524e-01 7.599061730171227103e-01 7.085960196468108485e-01 7.376331075704526397e-01 7.073283045906448852e-01 7.373786678993651256e-01 7.315833031432358302e-01 7.195386038384835592e-01 6.787515640743535528e-01 7.244843182203805076e-01 8.144340976679593780e-01 8.091398311013756617e-01 8.021605252458358093e-01 7.637447106252938100e-01 7.902585108984816475e-01 8.261802736849443995e-01 8.195300369997641221e-01 7.624442710800630740e-01 7.823673471250672806e-01 7.775894875095802350e-01 7.910056977340961248e-01 8.144713454552847676e-01 8.176812003392864847e-01 8.294369954120486277e-01 8.106330703212604183e-01 8.531562157342950092e-01 8.479870156989521846e-01 8.269158677319107253e-01 8.480116192215173543e-01 8.427171773538469912e-01 8.388788618750662174e-01 8.538297849791951499e-01 8.544559513847618248e-01 8.491723730285064553e-01 8.219873007470207549e-01 8.437264357345480859e-01 8.277197608762372205e-01 8.480983254530713999e-01 8.527775275979977421e-01 8.523414772432997832e-01 8.394059434910751127e-01 8.406371057659355328e-01 8.530995317156869762e-01 8.518394392446904106e-01 8.557244448568234185e-01 8.574121395594601625e-01 8.486311187617464613e-01 8.442487906379122498e-01 8.482532618215891107e-01 8.497449118218087794e-01 8.596698770418099711e-01 8.565787182705342229e-01 8.513393588541777746e-01 8.486355719204501380e-01 8.580668590701939769e-01 8.545635944273278772e-01 8.544773179343045921e-01 8.403960616390857563e-01 8.490974248501059751e-01 8.605793806668533552e-01 8.576545461376131607e-01 8.535908631472461927e-01 8.410196108686384120e-01 8.492329747710055665e-01 8.428821806815308681e-01 8.512278362376619611e-01 8.580753729253254303e-01 8.511543910648187161e-01 8.523860314802745863e-01 8.538578268850728348e-01 8.541181443837646547e-01 8.546283000033298993e-01 8.552818344155238561e-01 8.522371729609740099e-01 8.526153105990000869e-01 8.540200091162921670e-01 8.602310709956602075e-01 8.598904032006973175e-01 8.602759981130898570e-01 8.605820159059992536e-01 8.610017157860510029e-01 8.499636538164636601e-01 8.558903877149132144e-01 8.574245156698524495e-01 8.580657697744308310e-01 8.617307692852793632e-01 8.590418965873614088e-01 8.630080362188099485e-01 8.606406359672955642e-01 8.647044015381052384e-01 8.584894647445808769e-01 8.596499006118959452e-01 8.607517655269582013e-01 8.600675483590617398e-01 8.600503202284069948e-01 8.564550139946006668e-01 8.617743075123565077e-01 8.578417945157750246e-01 8.584968069595330098e-01 8.623780078008838057e-01 8.621900775565397579e-01
