1.000000000000000000e+00 4.885369112399656766e-02 6.525379336994603652e-02 -9.616133474469566733e-03 -1.213891469650868124e-02 8.556946658765600400e-03 -7.020144575912106930e-03 2.896631935179306075e-02 6.277221961864443145e-02 3.196651640590741222e-02 1.720169397897001670e-02 6.004346975758927465e-03 7.018299129706245289e-03 -7.302633326894136107e-03 9.496732972724297077e-04 7.670967861857654578e-03 4.319941662791858955e-02 -4.141525330868159327e-02 -2.009489287706541644e-02 4.615438546256904646e-03 -1.100970531841614398e-02 -1.049109286168926208e-02 -2.943929387165475017e-02 -5.500792031690002887e-02 -3.386744290707468380e-02 2.809181154173969602e-02 1.359682771622460276e-02 1.397315803695379187e-02 2.772945552263846730e-02 4.490284206407256506e-02 3.134929114007010964e-02 -6.034568682185668768e-03 9.773224677061976423e-03 -1.225675029839525323e-02 2.545461052078713815e-02 -2.373849580169437937e-02 3.492208623029947629e-03 -1.523725880098964446e-02 -4.951783924783723090e-03 -3.926730559163949669e-02 2.185945884360575991e-03 -1.427618817070241096e-02 -2.797559209322156987e-02 -6.938685207759855318e-03 -2.907639528328416229e-03 -1.139257726608586090e-02 5.652719423038508363e-03 9.594813492957566040e-03 2.116105679456841901e-02 2.267748482615359121e-02 6.292046275143074914e-03 1.739358530483929577e-02 -1.251482874180575959e-03 1.824747192565638609e-02 4.372527399752449209e-03 -9.574999535640810189e-03 4.800536607016576973e-02 -5.564658497644327760e-03 9.090032123037189438e-03 1.952584035389594297e-02 2.083032385428998899e-03 1.644371471475584989e-02 8.116242126727950257e-03 2.525193997303564961e-02 3.529251651886008284e-02 2.885091227665811595e-02 1.138569855369511025e-02 -6.076279053019187533e-03 -4.767499324039681935e-03 -5.183411532295055871e-03 -1.361530967732443517e-02 -5.125331176428814597e-03 -3.046030233571379517e-02 -2.778392712429390496e-02 6.853893373685785231e-03 2.445251246294461670e-03 1.327317542321250141e-03 1.736998760690214305e-02 4.524479296654441117e-03 2.272187708670267425e-02 5.922241787553023627e-03 9.670199147614787563e-03 8.092061897529893508e-03 9.095656759236377467e-03 -3.284296023213272801e-03 -9.572575387944584277e-03 -6.375215957664335034e-03 -9.022714558408808164e-03 -7.605588948567614145e-03 -2.338122161403147561e-03 -2.214748268827957875e-02 -6.353944830121545546e-03 -4.101681773012034841e-03 -6.897490626227192542e-03 1.854861596685041187e-03 5.544658471009685299e-03 3.767223854366315208e-03 3.475090020292419951e-02 -6.376552155177574958e-04 -4.362116121966484739e-03 -1.235443084295089443e-02 1.018426420058170939e-02 5.032910668187241462e-03 3.260867377128971040e-03 1.217282473317628927e-02 2.563240059851044916e-02 1.569435670330784210e-02 6.287253470174137930e-03 3.550003159934611921e-03 8.997291779192947286e-03 1.890756311036076616e-03 9.594398935522371885e-03 1.175401687137052516e-02 1.603791923271385284e-02 1.518791657325876433e-02 1.983408137267373209e-02
4.885369112399656766e-02 1.000000000000000000e+00 8.632302310308118121e-02 9.461441044904159159e-02 8.008241084814142485e-02 8.403659545870845182e-02 1.625724643340208109e-01 1.503644081595987836e-01 1.814354680562224598e-01 1.589674742385757400e-01 1.454812557927956385e-01 1.528714704677816560e-01 1.382251757984210294e-01 1.196874281045762073e-01 1.717902591548074731e-01 1.678721680808268613e-01 1.781200721867405024e-01 1.476957417456254140e-01 1.467101191672568750e-01 9.363894021989056793e-02 9.449739292547747194e-02 1.044798844853749853e-01 1.887482857778902678e-01 1.411390261889411135e-01 1.497275411803180856e-01 1.934717419668176841e-01 1.738049462349159080e-01 1.901691465528863867e-01 1.826601486363094162e-01 2.084701168178640096e-01 1.951955205951449723e-01 1.896332409934106122e-01 1.900075492814425893e-01 1.702583888755494212e-01 1.959399843717095635e-01 1.670462140977977961e-01 1.938267079046602226e-01 1.679022944782035398e-01 1.633158239611589568e-01 1.729163788885837438e-01 1.745572816143537431e-01 1.755972687089783768e-01 1.685507667335755799e-01 1.634895910722053980e-01 1.800328646107348385e-01 1.680382985712859656e-01 1.714156558826574472e-01 1.817585875205156298e-01 1.660338182325740430e-01 1.412857155271448617e-01 1.567432976124825683e-01 1.474087061728364956e-01 1.611945591556303292e-01 1.875074696358508819e-01 1.854954419880637251e-01 1.913448921886353182e-01 1.673124454693722674e-01 1.745132081628884835e-01 1.662465652724259557e-01 1.742700097604638898e-01 1.542869593872840672e-01 1.731794387631424292e-01 1.644583159738592371e-01 1.562630333059663312e-01 1.595880561525187258e-01 1.780560189503612167e-01 1.724622350395098591e-01 1.611953695384173435e-01 1.766470614606419076e-01 1.568042784353291530e-01 1.449845095182868693e-01 1.659525798297828425e-01 1.622194214478138441e-01 1.623408622568050796e-01 1.762575572474301966e-01 1.777051229561590617e-01 1.773583419138225759e-01 1.804801631288718566e-01 1.745502916250817604e-01 1.817595053782578851e-01 1.779609421451407159e-01 1.823906484292119323e-01 1.820371896204835416e-01 1.756462999316880935e-01 1.615885546469316425e-01 1.741127904921621339e-01 1.770944076912096543e-01 1.686070341264230277e-01 1.714237772270625904e-01 1.843576216239120602e-01 1.756001544000907466e-01 1.711266563623420889e-01 1.747299486888884146e-01 1.724287875912779988e-01 1.680226605594158096e-01 1.726922697214721414e-01 1.461385131527087877e-01 1.555554504484591150e-01 1.582828218352626826e-01 1.590332692740842324e-01 1.660194488473457075e-01 1.574594920751793137e-01 1.664786862787088761e-01 1.619096929090985681e-01 1.672439705075519367e-01 1.713378449588698060e-01 1.669440812991107026e-01 1.796636916508427828e-01 1.795102387110018294e-01 1.674821540817581778e-01 1.706113468576186121e-01 1.680991524771785761e-01 1.713787226610646863e-01 1.654418179538007516e-01 1.664045309114569882e-01 1.786424962654008519e-01
6.525379336994603652e-02 8.632302310308118121e-02 1.000000000000000000e+00 3.100334476341402579e-01 1.897520986751611294e-01 2.085249746743138843e-01 3.300298470117687955e-01 3.071384257951192964e-01 3.661794537664294080e-01 3.279385889557812073e-01 3.368169943711323833e-01 3.674847387051702885e-01 3.358117787223141026e-01 3.371887837253335074e-01 3.738203311764807246e-01 3.638291414902757870e-01 3.426059609470171741e-01 3.475489473773359927e-01 3.511481483366813428e-01 3.025811889521044518e-01 3.204780603211786483e-01 3.485678837116722995e-01 3.483977486613012431e-01 3.284850586873921952e-01 3.559277273657519003e-01 3.694735064434943594e-01 3.697285747122390775e-01 3.624137087183438299e-01 3.724088161694690813e-01 3.594151059548055249e-01 3.822000628447328463e-01 3.821012944972583814e-01 3.586982299724409962e-01 3.765263352003174191e-01 3.577875594471495724e-01 3.675142413708344380e-01 3.715625338898067009e-01 3.699617308033489316e-01 3.708977554142061095e-01 3.611825941568565512e-01 3.843935714356234712e-01 3.720030774161196541e-01 3.689522564030915941e-01 3.738475763815314878e-01 3.788694967688399640e-01 3.743910436056886448e-01 3.771521720377520870e-01 3.763011145570016591e-01 3.739343333072897013e-01 3.628664574420399358e-01 3.737013796627083329e-01 3.678864339405423789e-01 3.654589654923148800e-01 3.755215801948244003e-01 3.689026100798557528e-01 3.760718274739801581e-01 3.642093048065864758e-01 3.731787888589849778e-01 3.677652011446992941e-01 3.760391074078932583e-01 3.731707896032847582e-01 3.686288401633203149e-01 3.661618333065103648e-01 3.756073353685941973e-01 3.778061324096305129e-01 3.754661790639471364e-01 3.790887827211015249e-01 3.725823982059762174e-01 3.781896904493490252e-01 3.756790251875467557e-01 3.761073164291990900e-01 3.783168907158718786e-01 3.680182537661656483e-01 3.765778531155566378e-01 3.775879713193339149e-01 3.772901352174179990e-01 3.761642053028945165e-01 3.784861117605918812e-01 3.755401535314071837e-01 3.770781231079924911e-01 3.734912427151407810e-01 3.836114323449668628e-01 3.803134455763071964e-01 3.713994265995266275e-01 3.734465494761513016e-01 3.782165847056563890e-01 3.764937613480149325e-01 3.776709920443002688e-01 3.755392965475891631e-01 3.773137129687748614e-01 3.743920703112459392e-01 3.785081809821110310e-01 3.789287739208032635e-01 3.766475625414728023e-01 3.771413595232688820e-01 3.762049216287254860e-01 3.740110607086226113e-01 3.728345324051967613e-01 3.748148170697223613e-01 3.787489319028284895e-01 3.777816345303586787e-01 3.765546286055324043e-01 3.750681999408383427e-01 3.758498599135552398e-01 3.791820087792647787e-01 3.753960337609087983e-01 3.757019713406021255e-01 3.771121452467298130e-01 3.764268153115689075e-01 3.769106464428274017e-01 3.772942370626898301e-01 3.751543773664972048e-01 3.786063059041949730e-01 3.781459657143422248e-01 3.771779302553343594e-01 3.747469368138807710e-01
-9.616133474469566733e-03 9.461441044904159159e-02 3.100334476341402579e-01 1.000000000000000000e+00 3.379232009367726386e-01 4.136386498942947187e-01 5.683222670407241939e-01 5.722330035152274341e-01 5.813839895640413591e-01 5.396744495322658430e-01 5.778253443253351662e-01 6.347699207132968535e-01 5.584671376122758435e-01 5.672664414994887938e-01 6.375104601957060080e-01 6.264356680782980913e-01 5.980358450382612379e-01 6.001933727538548702e-01 6.118174860351427435e-01 5.306784585274054722e-01 5.953480703313760447e-01 6.320350143752943017e-01 5.718392622124813807e-01 5.865809583171236463e-01 6.124312432669106743e-01 6.045098663591389476e-01 6.120835581667527503e-01 6.070711905796186691e-01 6.044466472646771171e-01 6.035189201596725672e-01 6.247031021168988341e-01 6.437090045478710554e-01 6.152371764346146188e-01 6.369756866777477322e-01 6.128267653301973095e-01 6.354721309303910104e-01 6.278081042693904879e-01 6.364430049399493194e-01 6.450662294457125689e-01 6.261081211763421805e-01 6.413623769287555287e-01 6.424045252857437660e-01 6.447422269452254273e-01 6.436862872227062660e-01 6.376601264878936082e-01 6.406727097097447698e-01 6.392003461761522898e-01 6.431752021071841519e-01 6.361918345669028696e-01 6.248250720301529171e-01 6.427195971779554595e-01 6.468946022101283999e-01 6.344135587778113594e-01 6.427384117050234380e-01 6.350858272614801070e-01 6.324430241430500921e-01 6.339856535110042213e-01 6.413468919941484048e-01 6.390420987344066495e-01 6.412838660761845944e-01 6.404906619428107906e-01 6.400016722558055093e-01 6.391892336932665231e-01 6.455015505680912202e-01 6.418459474107010010e-01 6.469344199411455332e-01 6.389630308814585602e-01 6.453891331702107381e-01 6.435973387840646653e-01 6.523716292709212938e-01 6.564753103444620486e-01 6.475692178526553100e-01 6.412679794927432786e-01 6.479094692417917134e-01 6.344560577899920339e-01 6.376863193775896832e-01 6.407083993692648249e-01 6.365982881471626831e-01 6.390559278840409752e-01 6.319986785821236630e-01 6.375617596937407372e-01 6.405219682414795557e-01 6.474303021136111891e-01 6.383493511228505168e-01 6.418246792891880714e-01 6.439255593668475885e-01 6.453039955981615394e-01 6.528121960129239509e-01 6.457202843760124766e-01 6.409562792130441000e-01 6.426009287795630964e-01 6.438907492859530235e-01 6.441715607442370928e-01 6.447344076896592835e-01 6.449571911398187529e-01 6.439893372375526948e-01 6.487518448183373643e-01 6.474011116266414900e-01 6.440991052784312831e-01 6.513412152420983148e-01 6.505016434879894449e-01 6.548162716533798555e-01 6.457852321074127877e-01 6.487058419770741491e-01 6.548486202606783602e-01 6.526433613130612210e-01 6.459117522029467207e-01 6.449498677302294425e-01 6.449727524266165579e-01 6.483490783226745213e-01 6.518579336970040661e-01 6.472895591999134890e-01 6.520045483578217338e-01 6.519335787006578231e-01 6.490893917514745093e-01 6.506686833314520024e-01
-1.213891469650868124e-02 8.008241084814142485e-02 1.897520986751611294e-01 3.379232009367726386e-01 1.000000000000000000e+00 2.926552050150951212e-01 4.448934758548084845e-01 4.559233260478466887e-01 4.554393982881906888e-01 4.020874554178373028e-01 4.634377111002246918e-01 4.791438276868822399e-01 4.770054634977961561e-01 4.408892640050518508e-01 4.942226117175535505e-01 4.985148893278619209e-01 4.496602960317639397e-01 4.521859061072313613e-01 4.633323888176192340e-01 4.342093607010577005e-01 4.740603280446384904e-01 4.586349290366099063e-01 4.405434556288114756e-01 4.445127234019899398e-01 4.594645023494479119e-01 4.618763248996602400e-01 4.742848024803676954e-01 4.722223848712305272e-01 4.765375028312332506e-01 4.691615801490444104e-01 4.983225986677615738e-01 5.002548211896401531e-01 4.701714473215620749e-01 4.850401212106033588e-01 4.719798559452145215e-01 4.721101007821614792e-01 4.915488073899560995e-01 4.908128433765286958e-01 4.951504120164944567e-01 4.687847367928900666e-01 5.008663133866320116e-01 4.971721770141497854e-01 4.991033980860280495e-01 4.983428719341858049e-01 4.868013244910819326e-01 5.065139082303459217e-01 5.125969698986369005e-01 5.063522894179838252e-01 5.124843824176367191e-01 4.887730503555662298e-01 5.061421744859780913e-01 4.824551613458630261e-01 5.033466845275401669e-01 5.031184695688172281e-01 4.994711844309114301e-01 4.843274680914023689e-01 4.907993028721724382e-01 5.054619899142488437e-01 5.048999111260665806e-01 5.094944242942200940e-01 5.048061364949042451e-01 5.078679200855008569e-01 5.020992355710932609e-01 5.097917788954201557e-01 5.001409466282451532e-01 5.079825424689398128e-01 5.044490989377131696e-01 5.038539414350479140e-01 5.069954364996321905e-01 5.213158847827267239e-01 5.131957530215325303e-01 5.016071453052955986e-01 5.072718409359658898e-01 5.068567477290736312e-01 5.021319082312609705e-01 5.012310962791443059e-01 5.008319931692691851e-01 4.983950789069651610e-01 4.997659784062323252e-01 5.001038351511672975e-01 5.018630048550482003e-01 5.037881276357542015e-01 4.991030953739104548e-01 5.049242370840197891e-01 4.993338566591087324e-01 5.006559963746759490e-01 5.046977566746354560e-01 4.996834511013834579e-01 5.020943088205979121e-01 4.916671443788008800e-01 4.951489804629397029e-01 5.036709946361511703e-01 5.013007647590175253e-01 5.050753903235541964e-01 5.094125679123060468e-01 5.065207680634571386e-01 4.969478953114649378e-01 5.018043973827327475e-01 5.082464669643027566e-01 5.039027240590192580e-01 5.034317164080086560e-01 5.032107508839940291e-01 5.098937791722750745e-01 5.085087165295757439e-01 5.000898269287917808e-01 4.963631025813720621e-01 5.074065244395064012e-01 5.048182210685757676e-01 5.010481952186192078e-01 5.092737802503807254e-01 5.027102278740499530e-01 5.091315689132297484e-01 5.073701310577006796e-01 5.070889923017486423e-01 5.021881924375375394e-01 5.058127428774870094e-01
8.556946658765600400e-03 8.403659545870845182e-02 2.085249746743138843e-01 4.136386498942947187e-01 2.926552050150951212e-01 1.000000000000000000e+00 5.195953012658235393e-01 5.027678163117986765e-01 5.481232762432626249e-01 5.022563970431703773e-01 5.395631673105836246e-01 5.644688586383576068e-01 5.307236132230487291e-01 5.062048786387993715e-01 5.845317094353195131e-01 5.805036895227766447e-01 5.584212755868510625e-01 5.570652788668720712e-01 5.734517648017736224e-01 4.457672455584154592e-01 5.284341075750127459e-01 5.690183318122135070e-01 5.488292421770907259e-01 5.442399445787561296e-01 5.735046750571435314e-01 5.804027507661463359e-01 5.762035054791673216e-01 5.628768375245132294e-01 5.797175984033720031e-01 5.688356293208549630e-01 5.955485414027485991e-01 5.945623003394552297e-01 5.508545424086649378e-01 5.941505047408492945e-01 5.611298391949584019e-01 5.670549542008723742e-01 5.898418911352408811e-01 5.945788559924034544e-01 6.004027745125115612e-01 5.780754834285671828e-01 5.978261466262294599e-01 5.915281965824498167e-01 5.971009546220040765e-01 6.018371485337492555e-01 5.968574867418641183e-01 5.981645171232671254e-01 6.075549774932578195e-01 6.070744581403341167e-01 6.078087196258488145e-01 5.878027217337818966e-01 6.062940680962132234e-01 5.957962338384316103e-01 5.999411425787898322e-01 6.028022581529516311e-01 6.013640969555535953e-01 5.991175343602228587e-01 5.994155479523788355e-01 6.022822669240102123e-01 6.037293935072669537e-01 6.074349276205146531e-01 6.091739573527671370e-01 6.056813339589984801e-01 6.059019838667381030e-01 6.075163461093948669e-01 6.040916098083990438e-01 6.075698144333776529e-01 6.069628881887081384e-01 6.078203936471489044e-01 6.060136131595966758e-01 6.057595672694437994e-01 6.100927643449329807e-01 6.093215970257114256e-01 6.023304400969917705e-01 6.091997755700711004e-01 6.068106671549049480e-01 6.061814218374175223e-01 6.031488709150313321e-01 6.002743093362044036e-01 6.052341299607579828e-01 6.041910701375068360e-01 6.056389006418815280e-01 6.065611282935197135e-01 6.059446222095284940e-01 6.006811826043988445e-01 6.020335003527410578e-01 6.050407528404316837e-01 6.043366887455089431e-01 6.080797034652389854e-01 6.093991474063169544e-01 6.000059627789725569e-01 5.994185755264941351e-01 6.061364656089622827e-01 6.024627980021138862e-01 6.054240876138254901e-01 6.088025451206037220e-01 6.071697174354532267e-01 6.077260094101308852e-01 6.097203290835684353e-01 6.091832530956725611e-01 6.087350792935387611e-01 6.072054374366270268e-01 6.113443389130768235e-01 6.076430189401501591e-01 6.100789157447694677e-01 6.098387107972437216e-01 6.042097331024619544e-01 6.093361499624814215e-01 6.056818961992140871e-01 6.063289533587623570e-01 6.077897374364007455e-01 6.081780863865564601e-01 6.084709569457045220e-01 6.095289132228914886e-01 6.100537528683630528e-01 6.073683353607870483e-01 6.097568991593939058e-01
-7.020144575912106930e-03 1.625724643340208109e-01 3.300298470117687955e-01 5.683222670407241939e-01 4.448934758548084845e-01 5.195953012658235393e-01 1.000000000000000000e+00 7.100585227523501519e-01 7.472077074379783745e-01 6.884144269940726257e-01 7.544092441783640801e-01 7.985426245658925337e-01 7.323663232735214690e-01 7.310980231830543907e-01 8.390058729040805741e-01 8.014362078646061205e-01 7.515064518506426872e-01 7.713413185416818640e-01 7.866557075447619951e-01 6.290836817631036970e-01 6.995953590573523728e-01 7.664507798685445961e-01 7.712398415918546579e-01 7.427540629809152861e-01 7.865571048315224134e-01 8.043566594799624880e-01 8.081275971954539061e-01 8.193455042704418378e-01 7.954101679485406917e-01 8.012103543989892440e-01 8.237710939722269199e-01 8.414674653301850160e-01 8.137215195218311381e-01 8.352899012050107874e-01 7.997793292062960191e-01 8.170635177155038953e-01 8.351747629958214958e-01 8.400067771272977657e-01 8.409394215223384705e-01 8.380703779812770371e-01 8.332794668052523335e-01 8.379637496107122940e-01 8.455160211046517382e-01 8.404831077349950164e-01 8.338131899800231839e-01 8.417098924809883753e-01 8.301099234335290733e-01 8.362467957394109641e-01 8.251824887454956015e-01 7.971370038410543479e-01 8.268883369258041016e-01 8.081546261381580276e-01 8.243022242960624801e-01 8.310640345980651045e-01 8.285660004900871067e-01 8.351832683983999583e-01 8.032274474168564771e-01 8.358109301356774212e-01 8.289115356105544175e-01 8.288509623979565255e-01 8.251369106479803373e-01 8.259711452741789195e-01 8.208331835695427126e-01 8.229825812433608778e-01 8.170004007096064447e-01 8.231592568374033192e-01 8.316708369006330370e-01 8.351731564029462040e-01 8.406829545773242263e-01 8.323904014663503492e-01 8.332008224608387081e-01 8.395773751763638826e-01 8.270589082098945832e-01 8.356284774496328671e-01 8.366923381318388531e-01 8.375739259508324652e-01 8.393758082528118836e-01 8.270849244532602063e-01 8.370862980109037288e-01 8.221363130002087294e-01 8.343126855692020172e-01 8.323835918283412072e-01 8.390377069935400778e-01 8.325013585390348414e-01 8.309244372043855797e-01 8.385217133775810794e-01 8.458521704515935546e-01 8.431099058373019428e-01 8.433535055537794145e-01 8.373656943892391347e-01 8.479581861602256687e-01 8.415147248984804484e-01 8.403222542389723326e-01 8.434939965080393565e-01 8.340924219143759366e-01 8.341499173078690266e-01 8.198203246438781067e-01 8.111784299162723144e-01 8.272692662729742574e-01 8.373998053362120553e-01 8.430628073771805342e-01 8.302877544067809312e-01 8.312234276558135848e-01 8.362100266909464619e-01 8.330331914305191265e-01 8.227230708016787242e-01 8.272652335474981466e-01 8.358405039842374817e-01 8.355099126988339009e-01 8.308038987946857468e-01 8.383709876160635455e-01 8.342738351074040493e-01 8.329074471878487040e-01 8.312383758729912087e-01 8.321156005773368003e-01 8.300938370522152887e-01
2.896631935179306075e-02 1.503644081595987836e-01 3.071384257951192964e-01 5.722330035152274341e-01 4.559233260478466887e-01 5.027678163117986765e-01 7.100585227523501519e-01 1.000000000000000000e+00 7.152675738118329241e-01 6.552081011281372103e-01 7.217716916174853337e-01 7.728717384501285759e-01 7.231749161021434613e-01 6.968328400177931092e-01 7.957574365359629809e-01 7.902170824979878327e-01 7.253688812329838198e-01 7.165115649972864098e-01 7.468822715671786794e-01 6.475454361226495870e-01 7.316314171962284840e-01 7.502628412723624240e-01 7.018198284602068515e-01 6.959259594328812693e-01 7.395565408460227363e-01 7.525957167149630589e-01 7.517652849883724731e-01 7.466380771945180239e-01 7.526836935195412304e-01 7.473405536823117812e-01 7.763439351021150792e-01 7.888770444897367229e-01 7.524229491560446847e-01 7.816226350939659007e-01 7.553266610959562533e-01 7.710883423713126295e-01 7.770071943852437935e-01 7.915998954746937821e-01 7.951062965082830170e-01 7.615584323525592669e-01 7.810574866445842979e-01 7.843839306326593208e-01 7.936655684692756063e-01 7.993108460206760357e-01 7.833675941085460614e-01 7.936970133664047466e-01 7.963266245446607439e-01 7.972546984091013478e-01 7.996775565892595417e-01 7.882025827327875378e-01 8.037107479936360654e-01 7.955714007750851469e-01 7.949606304468633811e-01 7.994423816264052407e-01 7.944719930263667296e-01 7.872763126958715052e-01 7.969130823835871569e-01 7.989821195555997235e-01 8.027181013504857132e-01 8.010497072433371279e-01 8.019338815093339790e-01 8.033120355087046693e-01 8.031282665123196107e-01 8.061837230893958983e-01 7.980544491921405248e-01 8.029679377306117027e-01 7.972088755658386372e-01 7.981178734999333502e-01 7.977174210401869470e-01 8.079911699456643337e-01 8.081893528743178123e-01 7.985082843326261060e-01 7.884182031908777422e-01 7.963553214336748232e-01 7.923853970293346372e-01 7.905611873329702055e-01 7.894318172746405127e-01 7.877110829022111460e-01 7.896698092081710918e-01 7.856133249578890476e-01 7.915287263079886504e-01 7.918124683905364281e-01 7.955177845952272619e-01 7.897718888095970335e-01 7.939686847325260199e-01 7.949373792793753557e-01 7.965624296222509892e-01 8.001118430736033904e-01 7.963710487956344730e-01 7.899919575259679583e-01 7.870300736114629325e-01 7.958439987867332865e-01 7.933941451778666609e-01 7.977175308314148339e-01 8.007198233273763455e-01 7.987141208669321646e-01 7.928255033881351777e-01 7.978826158377576583e-01 8.013205390851534382e-01 8.014865764777419077e-01 8.004678914050168403e-01 8.063616181069868105e-01 8.008261076846339144e-01 8.032844018150105958e-01 8.044354667792770197e-01 7.995630479324769002e-01 8.013827564980287033e-01 7.969780804863115797e-01 7.984529298908282779e-01 8.030707698111215764e-01 8.002144282519990659e-01 8.005858582067679752e-01 8.040909774603067772e-01 8.037625196828180885e-01 7.995502237432432491e-01 8.024513751161664876e-01
6.277221961864443145e-02 1.814354680562224598e-01 3.661794537664294080e-01 5.813839895640413591e-01 4.554393982881906888e-01 5.481232762432626249e-01 7.472077074379783745e-01 7.152675738118329241e-01 1.000000000000000000e+00 7.517866046331903584e-01 7.992514855616565939e-01 8.550626211151551859e-01 7.887992924606151979e-01 7.691041081279268443e-01 8.580278245500085887e-01 8.404567583120120533e-01 8.184253085836630248e-01 7.733497239411897262e-01 7.988825873791325360e-01 6.503481148218939190e-01 7.362548487885272053e-01 7.725595567839617095e-01 7.860934514500976800e-01 7.431136330233725218e-01 7.918415791050441577e-01 8.459836864048979610e-01 8.459270191306380582e-01 8.383803310513269214e-01 8.620627941670685468e-01 8.458137466686869166e-01 8.773330872603970487e-01 8.687375824145239234e-01 8.363170610782179049e-01 8.558016277787574566e-01 8.440451907930511810e-01 8.210687960831162258e-01 8.629825637758731238e-01 8.617814571053781236e-01 8.692068554571767969e-01 8.245744506531066387e-01 8.722978822390410336e-01 8.667192589947797510e-01 8.549004846092739252e-01 8.763482100475480374e-01 8.673209501017931089e-01 8.691143695032669259e-01 8.828364622169891929e-01 8.880898868622578712e-01 8.859816954546083645e-01 8.533858723808417368e-01 8.761748113740738253e-01 8.576673986076817080e-01 8.724898257568914905e-01 8.861932223469961567e-01 8.760689291386524191e-01 8.710142850219778632e-01 8.716280720134217397e-01 8.798905009910542585e-01 8.807004418008855806e-01 8.899731382056776940e-01 8.789314798319582955e-01 8.816637040800349157e-01 8.744251838168153323e-01 8.855828562951114646e-01 8.836666648198916452e-01 8.852940756069135331e-01 8.856805747450025024e-01 8.797427604756421493e-01 8.841995068849951567e-01 8.743755607768564087e-01 8.707047048301511660e-01 8.796512470255967164e-01 8.590880082323718581e-01 8.661353561514617549e-01 8.825676401983423291e-01 8.820606271861917147e-01 8.795850461632762629e-01 8.852853440453766209e-01 8.781597925888832146e-01 8.844492528177366752e-01 8.843181121465764072e-01 8.887990962362473102e-01 8.862081183454669775e-01 8.833798281797727858e-01 8.730175785366145469e-01 8.793115595442339005e-01 8.803438463273771664e-01 8.788941450522645971e-01 8.807926989307427457e-01 8.773546367660536305e-01 8.686606188872347811e-01 8.812924968256434788e-01 8.812517475671542977e-01 8.805055870348703628e-01 8.873705054035968542e-01 8.868205973916493123e-01 8.676088039701668198e-01 8.807207356653772301e-01 8.826044454663461991e-01 8.793625684940319376e-01 8.782556959349411274e-01 8.846042405558314226e-01 8.823788248204413875e-01 8.848008758872406565e-01 8.817832998289727442e-01 8.817883602676189758e-01 8.874865160237537243e-01 8.862523422187384980e-01 8.833341813048619651e-01 8.867438423667434177e-01 8.813549488254655007e-01 8.880912992326212008e-01 8.867755996331669888e-01 8.907469474105558227e-01 8.871703206525374252e-01 8.893286497567896021e-01
3.196651640590741222e-02 1.589674742385757400e-01 3.279385889557812073e-01 5.396744495322658430e-01 4.020874554178373028e-01 5.022563970431703773e-01 6.884144269940726257e-01 6.552081011281372103e-01 7.517866046331903584e-01 1.000000000000000000e+00 7.391184973280503501e-01 7.796072093667019143e-01 7.144961714187396673e-01 7.146954180814290014e-01 7.988474301614705286e-01 7.790288021229340165e-01 7.386882152659669520e-01 7.140158144435223564e-01 7.420626398299263737e-01 5.738336370072174564e-01 6.562192302234172159e-01 7.128682916349138310e-01 7.256231334826743762e-01 6.800179711660309101e-01 7.367436626022153545e-01 7.878946610604007361e-01 7.898600498865574471e-01 7.697526792545713592e-01 7.900313683609626603e-01 7.813001635070916384e-01 8.105468969705965643e-01 8.029519978829627869e-01 7.664623791757652072e-01 7.865708797527518614e-01 7.703010582499738579e-01 7.620718532239254550e-01 7.978433307566011878e-01 8.043702141622472990e-01 8.030859177794442694e-01 7.800187361374010253e-01 8.126317364503786722e-01 8.095062841294167200e-01 7.943908126307973605e-01 8.092473529882269201e-01 8.085201891103417360e-01 8.099669495182606482e-01 8.220835616820298952e-01 8.244012316427733467e-01 8.169817395182992215e-01 7.768092993967673499e-01 8.051030374178700377e-01 7.894215682127734279e-01 8.031095890624605493e-01 8.232211532919193608e-01 8.158118068454550675e-01 8.160501870119958312e-01 8.035770324583787483e-01 8.179361233762315608e-01 8.146538356708858952e-01 8.231277910139987997e-01 8.075683507780371251e-01 8.150122322524444574e-01 8.050774900167667614e-01 8.137863993973140087e-01 8.151857006500828895e-01 8.222590869453123563e-01 8.221863947991523425e-01 8.179670186957054279e-01 8.193007571022113966e-01 8.028277458379952103e-01 8.015657089843164496e-01 8.181433527732872024e-01 7.924924554982661906e-01 8.011084370467038696e-01 8.202250692844471613e-01 8.211519434047181987e-01 8.165326975522376740e-01 8.181626428153129238e-01 8.170890138081445819e-01 8.209239930442634448e-01 8.199613727568201282e-01 8.230649181942742976e-01 8.251621179771968517e-01 8.159015498301710467e-01 8.057024073626793959e-01 8.166072274883743320e-01 8.177324834704146062e-01 8.180052708553745555e-01 8.189912827535882345e-01 8.215740668776347899e-01 8.123239394983724493e-01 8.173916930125022517e-01 8.206598410916888797e-01 8.209531426612844962e-01 8.218264442574033657e-01 8.235341788810304209e-01 7.956784104646471567e-01 8.051463889166382559e-01 8.132906408654376751e-01 8.133554346118990752e-01 8.155838642278097073e-01 8.146402992847669999e-01 8.156742560781249374e-01 8.171376113416769504e-01 8.172917637317028694e-01 8.157283484329570511e-01 8.193988035437936857e-01 8.248504981153930160e-01 8.235289402460493902e-01 8.208076583215447863e-01 8.211887291130219868e-01 8.235404440485672994e-01 8.207196981005405734e-01 8.197992676941893153e-01 8.218342597842029917e-01 8.231605898389313669e-01
1.720169397897001670e-02 1.454812557927956385e-01 3.368169943711323833e-01 5.778253443253351662e-01 4.634377111002246918e-01 5.395631673105836246e-01 7.544092441783640801e-01 7.217716916174853337e-01 7.992514855616565939e-01 7.391184973280503501e-01 1.000000000000000000e+00 8.600914080360024805e-01 7.907951638212536993e-01 7.813090986705406582e-01 8.660074161804001136e-01 8.500632626269964964e-01 7.975794795543150739e-01 7.907562645965982018e-01 8.289805772259025707e-01 6.416250231719174968e-01 7.322516320810831258e-01 7.976754671091673687e-01 7.983066481248032309e-01 7.558951143300398634e-01 8.165622972855755002e-01 8.544839395172993957e-01 8.547812417381364103e-01 8.443834332771191775e-01 8.534501309247792822e-01 8.437137208832373725e-01 8.700967529169499892e-01 8.737625156209016808e-01 8.341382965127641658e-01 8.590999035619901747e-01 8.413909859240388256e-01 8.379151323161392328e-01 8.674336426117525978e-01 8.751979315340849830e-01 8.782352164364627400e-01 8.525024073146295622e-01 8.808707974266085650e-01 8.813185592707813987e-01 8.757000660298372985e-01 8.861518911712471525e-01 8.770610915222525339e-01 8.817403739738300938e-01 8.880259292006967842e-01 8.902292738362735935e-01 8.833033457942681688e-01 8.480965218061973232e-01 8.793964350696121812e-01 8.589530745369819975e-01 8.753243964743716576e-01 8.861691966692150091e-01 8.802565777851516504e-01 8.828535435748882110e-01 8.602460704363977806e-01 8.887015723972923054e-01 8.824735290014096289e-01 8.906706835738958938e-01 8.865468419825379698e-01 8.818613643695530913e-01 8.762516364176580197e-01 8.824347227959010720e-01 8.797603019334325758e-01 8.814498563095926054e-01 8.925183950342736594e-01 8.919024979136938036e-01 8.901437752814768123e-01 8.771375967704693188e-01 8.824507072128289220e-01 8.914292731607088571e-01 8.732190877637731052e-01 8.822035468339290976e-01 8.917536732231214902e-01 8.901629284884210458e-01 8.892869677844041920e-01 8.869121163672902819e-01 8.905863218256476754e-01 8.887236579151286398e-01 8.900358760587244733e-01 8.920603896634335950e-01 8.900216588715021970e-01 8.885736636445892289e-01 8.801426425107515827e-01 8.870606023267816331e-01 8.896245250419754225e-01 8.912986337070725185e-01 8.915865040082565640e-01 8.905576217538215822e-01 8.868756207096619715e-01 8.934336553500966671e-01 8.924205706148896633e-01 8.928029773262191604e-01 8.939053561408139004e-01 8.936125141932688143e-01 8.757409398455506810e-01 8.725374376216126215e-01 8.902105610503936450e-01 8.890130278169148248e-01 8.924933356333977219e-01 8.894009121978839749e-01 8.894440721677306927e-01 8.941637646926078320e-01 8.886779357906414711e-01 8.817989587478591851e-01 8.888944346701603827e-01 8.935845501280560432e-01 8.935006380399546089e-01 8.926226588635308712e-01 8.916014867245892761e-01 8.939871950231466080e-01 8.913787900944363241e-01 8.909450932797072786e-01 8.900245328719341709e-01 8.890668906215638545e-01
6.004346975758927465e-03 1.528714704677816560e-01 3.674847387051702885e-01 6.347699207132968535e-01 4.791438276868822399e-01 5.644688586383576068e-01 7.985426245658925337e-01 7.728717384501285759e-01 8.550626211151551859e-01 7.796072093667019143e-01 8.600914080360024805e-01 1.000000000000000000e+00 8.398762350471151716e-01 8.236180451685415349e-01 9.183778401000197711e-01 9.008472359033260490e-01 8.471941928759521012e-01 8.325255385020157162e-01 8.640676622780636418e-01 6.944892193347989018e-01 7.880485826677825489e-01 8.395433535477139220e-01 8.290308956164509357e-01 7.959345291040752501e-01 8.565092296738958666e-01 8.933647384660611257e-01 9.000062280496773370e-01 8.867616821753041556e-01 9.009786790198781592e-01 8.888943198001387769e-01 9.254891147711840071e-01 9.208418803303322075e-01 8.806621034211735699e-01 9.117648867124891199e-01 8.869129357705390904e-01 8.880111166203042972e-01 9.156676140909920658e-01 9.237406096199206607e-01 9.315586149748331657e-01 8.948047968517190975e-01 9.271449096176280769e-01 9.271873967232144853e-01 9.257917579643318851e-01 9.374357421205915530e-01 9.243373883068525254e-01 9.320853667463013803e-01 9.401117973702302066e-01 9.418745935133293612e-01 9.360770713103504503e-01 9.086569054397301004e-01 9.352006810630479894e-01 9.176779848617638846e-01 9.306566210753564050e-01 9.365954737428094923e-01 9.289237488443126134e-01 9.256938240418577379e-01 9.154079278411283438e-01 9.379548421293208982e-01 9.369454791109813607e-01 9.425069469217651763e-01 9.393868388879257347e-01 9.342053226558717505e-01 9.283752546316944576e-01 9.382755779256621853e-01 9.332837302074579178e-01 9.362701496345130492e-01 9.409577262778533457e-01 9.414131657191548985e-01 9.400047594510972937e-01 9.318278602760619034e-01 9.362186859257298766e-01 9.417036315998311702e-01 9.209426895549159831e-01 9.291482549797283053e-01 9.394470867373121425e-01 9.398710952088845660e-01 9.377772084609508063e-01 9.372426462640974787e-01 9.363310256073340554e-01 9.361996408143882231e-01 9.393046124296899890e-01 9.414478830781436436e-01 9.394351756763288375e-01 9.371889621816356097e-01 9.335073868448573453e-01 9.373117207185681643e-01 9.391346890006195824e-01 9.425603013482596326e-01 9.413678971367362980e-01 9.361010881839098019e-01 9.324021329725145080e-01 9.428023888912774320e-01 9.414417683895555111e-01 9.429555709645395245e-01 9.454345239083394858e-01 9.448129713398581986e-01 9.303348384957771389e-01 9.320994345727769970e-01 9.434422597904722485e-01 9.428919422823803798e-01 9.426982685173417309e-01 9.423401457571648487e-01 9.426258326700025503e-01 9.454943377022453355e-01 9.421194235857907051e-01 9.345876261152675779e-01 9.437634341650035230e-01 9.432828130548744916e-01 9.417631950662498364e-01 9.453936828467689457e-01 9.417457382601066573e-01 9.452025089397303459e-01 9.432095712427612799e-01 9.447777686375310457e-01 9.429887089567908776e-01 9.419623512085585348e-01
7.018299129706245289e-03 1.382251757984210294e-01 3.358117787223141026e-01 5.584671376122758435e-01 4.770054634977961561e-01 5.307236132230487291e-01 7.323663232735214690e-01 7.231749161021434613e-01 7.887992924606151979e-01 7.144961714187396673e-01 7.907951638212536993e-01 8.398762350471151716e-01 1.000000000000000000e+00 7.638238973931460452e-01 8.489162498500344434e-01 8.450355810171131798e-01 7.754175723184300040e-01 7.733654825035034541e-01 7.949634066159867452e-01 6.405395797457309470e-01 7.307588690971027479e-01 7.618007057468035859e-01 7.641802636111733049e-01 7.316909974544333339e-01 7.816928282149103735e-01 8.262730364297143915e-01 8.385558863907836002e-01 8.239373055568429693e-01 8.339152884615254058e-01 8.227330613094180345e-01 8.574695378224731490e-01 8.478335448083835768e-01 8.141397532542228310e-01 8.339628995411080270e-01 8.198378187041124310e-01 8.098123448395895263e-01 8.449412183216810091e-01 8.489960849459311509e-01 8.619767281517818347e-01 8.194984529484568014e-01 8.624577363105113692e-01 8.580675083026730876e-01 8.506087496345557941e-01 8.685318853278977125e-01 8.545039808413249505e-01 8.636712722863194580e-01 8.778136453510724246e-01 8.742108277538547245e-01 8.707038300583120893e-01 8.389598775077361514e-01 8.661739925934703876e-01 8.439619734870873469e-01 8.638669144806166988e-01 8.682248027353728359e-01 8.570277340832896940e-01 8.532530539380493995e-01 8.436352358651776351e-01 8.674853148487169374e-01 8.681422380412074924e-01 8.803838963210350865e-01 8.757609885992354570e-01 8.663384274258320028e-01 8.616718318920552067e-01 8.727615626739687604e-01 8.706954671768896148e-01 8.676936443920304498e-01 8.766177234626330028e-01 8.746790345758056473e-01 8.722900101219775992e-01 8.670522560864818429e-01 8.691585078449960422e-01 8.717091348863655886e-01 8.530305435723360974e-01 8.625391263998378744e-01 8.732213712547642892e-01 8.745358422905321616e-01 8.704992553548331902e-01 8.705275446403016870e-01 8.714565676041043929e-01 8.707015396194419665e-01 8.722547004751022293e-01 8.747615691524955883e-01 8.703488109873869227e-01 8.709001819195894001e-01 8.660000359474687714e-01 8.679137727082195664e-01 8.708620206850707923e-01 8.725133213512451524e-01 8.732517565986023245e-01 8.644833546318491102e-01 8.617303855823739145e-01 8.764403746731576073e-01 8.742598545979267666e-01 8.750734583616919249e-01 8.807575781050844821e-01 8.792328106363823670e-01 8.665123286327088836e-01 8.716041613755451944e-01 8.804930144033107364e-01 8.755486484691664684e-01 8.741331980876846375e-01 8.756614888619074222e-01 8.782271504385230632e-01 8.802044393883156070e-01 8.732704438399019331e-01 8.648422800400519250e-01 8.799938192697571715e-01 8.753548546068439240e-01 8.725401492905960898e-01 8.783935390551030897e-01 8.717455854849092134e-01 8.805590194877357391e-01 8.763423667210209489e-01 8.810141139144226363e-01 8.752166049756630040e-01 8.750708582651689493e-01
