1.000000000000000000e+00 1.763672953479377969e-01 1.718055256670617537e-01 1.791955949543910798e-02 -4.120089938185745627e-03 -1.170878683668657994e-02 2.764905933114899378e-02 1.024329992869431240e-03 1.413194648428034994e-01 6.915149880511071989e-02 7.182415498251379371e-02 1.932689240949034964e-02 1.897171926518268588e-03 4.187217504431982318e-03 1.340098134545094494e-02 -2.302989798572831551e-02 1.189393736982685551e-01 2.113834896426790011e-01 1.890425683554844694e-01 9.555360093195680582e-02 2.191815873042176899e-01 1.747793541766238246e-01 1.870576226601805003e-01 1.946906396689636609e-01 1.617185909233761487e-01 1.403618761411285498e-01 1.499917182156304540e-01 1.434608757564809767e-01 1.575067882865832380e-01 1.656064731093501441e-01 1.561431642277597287e-01 1.223673561623739720e-01 1.381495876492265518e-01 1.456507043884810726e-01 1.372692197665655034e-01 1.119425294128710696e-01 1.021794754087395340e-01 7.672259661840935552e-02 1.044812764425901708e-01 5.156805860594804169e-02 5.543471369613821309e-02 5.423469476064404077e-02 1.885896455363444621e-02 5.659106136466020981e-02 8.024728587191572171e-02 7.952377590422819720e-02 1.717770608373344471e-02 2.274092328643509062e-02 3.377369276494773115e-02 7.607277500745945886e-02 8.592300039799839750e-02 -3.568085358845846794e-02 2.300043852002650949e-02 5.296833278289730940e-02 7.057500514017422955e-02 7.846746361824505356e-02 7.895388437030580187e-02 2.346946880004273372e-02 5.345511469433861240e-02 3.809552867436400564e-02 1.911570353517735160e-02 5.840769280218854886e-02 4.230270561792964790e-02 6.626666334555887661e-02 6.559709698023179214e-02 4.661889804928302794e-02 4.780306442627291208e-02 8.087259862508659747e-02 6.690320915503106258e-02 5.313783871661333091e-02 6.374834738268102263e-02 6.245996311544037977e-02 8.771665416075884181e-02 6.922811694282336725e-02 6.129704523881792516e-02 6.373961003071186571e-02 8.163227763906578949e-02 8.317250780091725582e-02 5.720061675923958366e-02 7.788025483409194427e-02 6.778622374389006722e-02 6.894038657709755658e-02 8.833648972320418125e-02 7.770234911683819579e-02 5.778094499109341642e-02 7.526567618758774059e-02 6.273439445668781145e-02 4.226903233629519807e-02 5.111141385648920732e-02 6.282445068767064655e-02 4.248559023142325919e-02 2.125940492463680373e-02 3.664546839353770291e-02 3.087020287189725515e-02 7.011458083112741442e-03 2.177982330916728229e-02 2.709006378621503508e-02 2.896109096516462367e-02 1.436213525397919341e-02 3.962896910917935306e-02 2.199286940489867531e-02 2.595808938778565444e-02 9.844131351551523024e-03 1.531611642243447050e-02 1.232029103740988479e-02 5.650939453200303636e-02 2.933294212904851567e-02 3.299263618619973498e-02 4.649987322967310405e-02 1.871096676821716598e-02 2.968121775075897167e-02 1.600188292433035384e-02 3.296178653638737188e-02 4.151569531272829988e-02 4.607968602837628908e-02 1.492702762497516260e-02
1.763672953479377969e-01 1.000000000000000000e+00 1.422773952338908798e-01 1.710107758148917134e-01 8.032897539159511435e-02 1.413767504289495380e-01 1.619048934324688327e-01 1.461896407877990856e-01 2.245884869032726827e-01 2.098874794980942760e-01 1.960240714272166451e-01 1.855461660390632928e-01 1.549048649462377025e-01 1.708666382193055056e-01 1.550743571924449171e-01 1.625794390838362635e-01 2.013741263252333269e-01 2.416148099966536067e-01 2.514344795179229153e-01 1.620360705231876641e-01 2.320621061015132325e-01 2.395695430664024350e-01 2.692049814864076462e-01 2.380095485368576014e-01 2.499092792576503574e-01 2.395921551446472952e-01 2.444345506282863401e-01 2.428522640392598020e-01 2.277940023351282539e-01 2.475895916857588086e-01 2.532614274108507257e-01 2.526597353914374899e-01 2.493652738108038114e-01 2.415091666381135593e-01 2.337494537350877088e-01 2.305272069876517782e-01 2.285719531941058646e-01 2.080172058640548105e-01 2.269144178190638794e-01 2.038426013606422504e-01 2.052680834671636867e-01 2.014972201580745026e-01 1.739021925739283603e-01 2.012170550032873206e-01 2.206796201345347097e-01 2.167635773139008071e-01 1.817049329828918092e-01 1.828941233647944087e-01 1.891892933910478691e-01 1.952403137284289547e-01 2.175591948914158136e-01 1.198611031663460169e-01 1.775982470948110903e-01 1.973675094260351204e-01 2.099303183981700294e-01 2.251628306003917446e-01 2.044045164029997808e-01 1.840472471763961171e-01 2.038938248563418043e-01 1.900544305015311741e-01 1.804458339546519963e-01 1.974181470098034519e-01 1.949545770011563706e-01 2.054295039467600448e-01 1.938929413198368090e-01 1.964982263519983730e-01 1.925809789352934120e-01 2.147461948216519700e-01 2.217231244148078761e-01 1.941708219694368021e-01 2.082468110574365039e-01 2.082835425893305448e-01 2.174040200710433413e-01 2.118117828096248156e-01 2.046701642026573231e-01 2.074858658024904545e-01 2.196584684345966876e-01 2.061029683592614237e-01 2.038548978278945101e-01 2.126599888939105787e-01 2.091783787348125701e-01 2.126866887257503058e-01 2.287982248126107232e-01 2.126499768973041105e-01 1.978641891845619172e-01 2.087750504259172635e-01 2.154824426152906480e-01 1.964257766318764642e-01 2.014869527641863778e-01 2.121740020052827191e-01 2.029748396176311587e-01 1.856138662224828539e-01 1.960166580280465753e-01 1.893212069800845054e-01 1.725085253772370431e-01 1.843410396340570412e-01 1.713691375837896880e-01 1.630154397524626042e-01 1.729095991872576510e-01 1.889266229499980965e-01 1.854780699528412458e-01 1.771354525574818928e-01 1.681194141842154710e-01 1.720949400662036832e-01 1.704760824070250258e-01 1.988114521650819200e-01 1.840381510156415268e-01 1.902781981954299317e-01 1.981418006396311882e-01 1.778273843110763364e-01 1.872282328223616177e-01 1.773544741924633350e-01 1.874215345311575076e-01 1.890866255494444703e-01 1.895216661782083978e-01 1.736410725149493961e-01
1.718055256670617537e-01 1.422773952338908798e-01 1.000000000000000000e+00 2.713492204022663890e-01 1.300629092860838554e-01 2.067419803772202191e-01 3.062198508326546276e-01 2.449999416306978817e-01 3.627993810754615023e-01 3.099060022652121438e-01 3.559802245307155388e-01 3.187512856751609225e-01 2.623253671659754871e-01 2.890084075663222341e-01 3.053579602553337935e-01 2.744393511235170835e-01 3.669391775131083389e-01 4.374312893419040060e-01 4.415075426311388940e-01 2.710454863146972704e-01 4.302758086617576860e-01 4.329006967390087723e-01 4.375338421651189247e-01 4.515548904397889696e-01 4.233721166109499223e-01 4.142889762744100257e-01 4.178921027205956817e-01 4.105435566523149005e-01 3.992077628525755872e-01 4.357017867366374531e-01 4.407439091852698998e-01 4.178790343711771826e-01 4.182669435179086070e-01 4.482109063353792999e-01 4.239173886558162407e-01 4.156958006580063203e-01 4.036123983876304666e-01 3.890600290558660079e-01 4.184985062700796732e-01 3.836246026618707616e-01 3.654703649523233233e-01 3.702761030920998508e-01 3.501494773167979080e-01 3.693792919533172014e-01 3.978050198818035565e-01 3.804037092908281736e-01 3.246406627401488554e-01 3.322393774650109211e-01 3.401466267891639084e-01 3.867636005771805108e-01 3.984427104433672095e-01 2.827344027282223671e-01 3.213036787541856398e-01 3.478065965931440573e-01 3.669851235644542853e-01 3.910760857657872291e-01 3.712356146835995019e-01 3.394932116800483124e-01 3.625490682438570755e-01 3.312391170414652475e-01 3.294819569531650671e-01 3.453620427566047590e-01 3.507011746764292504e-01 3.567924040480565107e-01 3.530072685970492841e-01 3.440738562859865790e-01 3.472538666030169363e-01 3.930848770015563098e-01 3.664345032259714308e-01 3.533791911271861319e-01 3.732078422398286133e-01 3.704685271668661795e-01 3.935618317895252516e-01 3.825666077330727721e-01 3.653399463582747142e-01 3.639457929555159899e-01 3.721507736872085026e-01 3.698317670836759330e-01 3.675900586745691756e-01 3.775018003958531820e-01 3.713734057370843278e-01 3.766850499828125476e-01 3.854052018976286131e-01 3.718967619182174666e-01 3.726637205179763046e-01 3.794220476691800292e-01 3.723111827124085949e-01 3.568517105779377419e-01 3.621507089608875796e-01 3.756524283200232128e-01 3.620854592788256832e-01 3.394688346818540148e-01 3.570720614730643616e-01 3.479519173392387477e-01 3.167052265260911215e-01 3.286443588517326542e-01 3.476575417609041874e-01 3.318014760111509531e-01 3.311935899923438287e-01 3.582871240039695593e-01 3.457029012799060497e-01 3.396582939730782846e-01 3.119475196188930544e-01 3.320730477649384005e-01 3.307004108835560618e-01 3.541124860528315210e-01 3.322307604565518102e-01 3.386403046200978650e-01 3.504549790222544758e-01 3.273188196426896068e-01 3.452913935395406364e-01 3.231062713365403516e-01 3.373713228561585065e-01 3.411102287149163081e-01 3.436189174350501307e-01 3.183883388747663634e-01
1.791955949543910798e-02 1.710107758148917134e-01 2.713492204022663890e-01 1.000000000000000000e+00 3.333323735735034266e-01 4.372009312619724586e-01 5.534355187056604342e-01 5.506409510748824232e-01 5.460965041786686180e-01 5.303320241957126813e-01 5.588737487078814237e-01 6.403850912440526288e-01 5.852737344794003427e-01 5.708615412228781327e-01 6.217119081201722963e-01 6.392173866609925925e-01 5.400384515979438360e-01 4.847281037980540330e-01 4.955920214564301096e-01 4.889318467401513879e-01 4.630008466562427483e-01 5.073425163145242056e-01 4.566780154226178778e-01 4.489437993473112676e-01 5.184248972944588418e-01 5.721266480654803033e-01 5.486777551638541972e-01 5.308755536682647769e-01 4.769351555932854758e-01 5.196367958311716162e-01 5.633794258663130661e-01 5.800146960444033661e-01 5.163772610043825262e-01 5.660909398711575502e-01 5.133726067987945951e-01 6.189807406470256845e-01 5.991375688772861974e-01 5.636527299987029727e-01 6.071227530090580471e-01 5.843067298179056568e-01 6.221406797258418608e-01 5.954913874777204574e-01 6.419173894489239585e-01 6.200160552452219642e-01 6.381278319396824772e-01 5.778110077184099858e-01 6.189849411921626299e-01 6.190001884698933532e-01 6.148758224213159984e-01 6.102753240709570814e-01 6.039393459547650611e-01 6.391651170255845393e-01 6.381878461848596862e-01 6.005520480429097363e-01 5.799241005838761120e-01 5.901545483521400959e-01 5.872123024356178389e-01 5.897698424019063301e-01 5.959192841837446242e-01 6.131129177110024031e-01 6.359048174482407889e-01 5.983014901885039816e-01 6.085309132099018248e-01 6.094215057697814908e-01 6.031201183977578095e-01 6.256709100331014906e-01 6.168341514150151861e-01 6.091343241373353701e-01 6.191079360200297810e-01 6.429817978228840047e-01 6.335603503626507926e-01 6.147390148222802164e-01 6.012424775086070428e-01 6.245564518735275961e-01 6.126445109394628163e-01 6.075136339508203642e-01 5.956735431052366803e-01 5.737900113560361337e-01 6.024679033649187332e-01 5.918952767511765911e-01 5.935642098419685597e-01 6.132734661983757496e-01 6.068547273529761865e-01 5.748061277126855773e-01 6.023183081669338801e-01 6.060411438875294987e-01 6.223746394137787963e-01 5.956803563883671382e-01 6.000327546580502824e-01 6.105436772664827316e-01 6.093645576512110029e-01 6.180775059956644668e-01 6.295866257040174663e-01 6.104797258154286421e-01 6.168305435524719105e-01 6.177974342226902893e-01 6.078491467532608494e-01 6.087088924611252505e-01 6.257856245104937987e-01 6.175498989643437575e-01 6.256619418353498441e-01 6.164500980699854082e-01 6.298920210630085670e-01 6.228492608743643189e-01 6.468567805035196905e-01 6.027405802288084979e-01 6.169165431852856596e-01 6.104272449006148404e-01 6.100363236447370330e-01 6.116897213282210810e-01 6.021325423375305519e-01 6.197635045724382286e-01 6.118523155344565145e-01 6.136790304402843788e-01 6.160910195173945336e-01 6.319296311512317965e-01
-4.120089938185745627e-03 8.032897539159511435e-02 1.300629092860838554e-01 3.333323735735034266e-01 1.000000000000000000e+00 3.268065059923153104e-01 4.568218796650114211e-01 4.512043590762426781e-01 4.432900583172692532e-01 4.240951112311848736e-01 4.307012886117886907e-01 4.887403531480837282e-01 5.114783803132528783e-01 4.664322830230619998e-01 4.954984735555207909e-01 4.922495424180751700e-01 4.426777642938617974e-01 3.408556793157904163e-01 3.724886322460483346e-01 3.424877596105264654e-01 3.093231406038630116e-01 3.895019714669776811e-01 3.285783949278001659e-01 3.235661259328196371e-01 3.614124810404718557e-01 4.587433279489387949e-01 4.305864107027814747e-01 4.166959899332159933e-01 3.927911475354501358e-01 3.709035868632296618e-01 4.245351903417010075e-01 4.263907207020894430e-01 3.716475063815005142e-01 3.847415535157202582e-01 3.775664649300696230e-01 4.092946698095781266e-01 4.320207344086640089e-01 4.271899548221017584e-01 4.374576213548636572e-01 4.065319127692621493e-01 4.790072289877255196e-01 4.707758035589348911e-01 4.665910311084983109e-01 4.851626887683872513e-01 4.721980136648323279e-01 4.606056297163139690e-01 4.927335038717102211e-01 4.903952058934830660e-01 4.767987263781756080e-01 4.357097438444119120e-01 4.401612243459757656e-01 4.520849328086976038e-01 4.963759647323415236e-01 4.870089579990222184e-01 4.674231472219957384e-01 4.616413850456109191e-01 4.569269122312363818e-01 4.783369807563290776e-01 4.648472935728756306e-01 5.000468900062264854e-01 4.892587944857909599e-01 4.816590959613852863e-01 4.707079797826254075e-01 4.706333748742753675e-01 4.845989061086465877e-01 4.946079849239053416e-01 4.936262802735922328e-01 4.792261935448990928e-01 4.772484710529813490e-01 4.855055244650386403e-01 4.846469343523133189e-01 4.856098192261243951e-01 4.670566843814132341e-01 4.755702103583244744e-01 4.901008278844010135e-01 4.860909880125909854e-01 4.767627214974645700e-01 4.717967890685967891e-01 4.838124198435483914e-01 4.625215315461173038e-01 4.666731657589331395e-01 4.802891151892994537e-01 4.719020672811723993e-01 4.549401553739402804e-01 4.700029826837705538e-01 4.706757645696647008e-01 4.736088476515594170e-01 4.768270517689462973e-01 4.744423666881916191e-01 4.747869045108528696e-01 4.746767715394443199e-01 4.936621540930855034e-01 4.898489329877172005e-01 4.878109282574653593e-01 4.958422407102014429e-01 4.946606063599621739e-01 4.708864891816391118e-01 4.787405165873123702e-01 4.917337662228340456e-01 4.843537293467499172e-01 4.879390060020564746e-01 4.806661221717623000e-01 5.016958203925576676e-01 4.954300218659971611e-01 4.940209213058238125e-01 4.732326907727594789e-01 4.909946714835985437e-01 4.904099832950083449e-01 4.878393334781330193e-01 4.927228770123525114e-01 4.768432013605016229e-01 4.975738383653017793e-01 4.869433723298015604e-01 4.853911304093322943e-01 4.927045835711926780e-01 4.991910201492696930e-01
-1.170878683668657994e-02 1.413767504289495380e-01 2.067419803772202191e-01 4.372009312619724586e-01 3.268065059923153104e-01 1.000000000000000000e+00 5.801066896167529352e-01 4.991650460940383338e-01 5.674884390971822734e-01 5.348084760372681101e-01 5.794985773504822690e-01 6.113506078979359382e-01 5.545602506715372471e-01 5.881416920863106190e-01 6.311513321416878375e-01 5.985978879484753490e-01 5.759594331705546466e-01 4.819489626433150486e-01 5.182848579012926393e-01 4.298387826924572330e-01 4.687930593268242463e-01 5.416199009940561027e-01 4.753176976769282747e-01 4.622478376826295587e-01 5.232626236244359852e-01 6.015762567743746514e-01 5.917803355884504457e-01 5.675973175531311421e-01 5.299822134280099961e-01 5.267785745778049700e-01 5.816711620771084501e-01 5.974672419275467439e-01 5.490555814184885364e-01 5.810874946720899770e-01 5.484158527096539837e-01 6.049179569795252176e-01 6.020330707989736130e-01 6.040977616240634784e-01 6.179535773311137792e-01 5.965570602109446785e-01 6.379765277883620023e-01 6.294021489625878374e-01 6.348289500389382445e-01 6.438021060296129638e-01 6.385360221794400548e-01 6.136221356618809519e-01 6.418238413235998197e-01 6.418893496297428669e-01 6.390400017737796201e-01 6.220009996966826549e-01 6.226351597483087419e-01 6.053657129574181450e-01 6.431131859071692602e-01 6.314366137831266546e-01 6.222160098609672563e-01 6.254908100521108238e-01 6.162279520294478008e-01 6.280258018059519109e-01 6.282534318357809733e-01 6.381870389393430321e-01 6.413210383599630138e-01 6.257760535045032713e-01 6.324878824751146711e-01 6.259045147833314227e-01 6.295815135126890949e-01 6.369666405442657720e-01 6.382957915532601056e-01 6.326604229082155584e-01 6.310216546155600348e-01 6.350122696720560400e-01 6.441969265389673183e-01 6.413915976978936673e-01 6.215745602970169648e-01 6.334393208697544075e-01 6.435275867820166029e-01 6.373714000078298803e-01 6.315461487550041442e-01 6.237264018557241441e-01 6.354578530641475931e-01 6.137322834579208575e-01 6.255452007450295060e-01 6.312075440248672287e-01 6.329749479024505687e-01 6.175588425357336764e-01 6.368580616527220739e-01 6.347942537655655304e-01 6.371179476998586333e-01 6.365090319090591642e-01 6.345107857429754805e-01 6.394672072406777374e-01 6.389003321711496097e-01 6.440709957007697550e-01 6.464310937595161288e-01 6.409481217876360493e-01 6.423476801227671062e-01 6.427311277833926972e-01 6.397546844354824458e-01 6.315308602755391743e-01 6.449668564158742567e-01 6.467181933141501471e-01 6.503256247378195187e-01 6.404377381737571540e-01 6.422037028477330933e-01 6.478738953446847582e-01 6.479926410324950981e-01 6.344189949441583209e-01 6.416670068808613125e-01 6.398288471944215683e-01 6.424610299331033891e-01 6.404195703090834746e-01 6.369073387507719897e-01 6.445424403970116956e-01 6.383382152209157168e-01 6.381914162912575295e-01 6.376358319177382050e-01 6.395931754714346829e-01
2.764905933114899378e-02 1.619048934324688327e-01 3.062198508326546276e-01 5.534355187056604342e-01 4.568218796650114211e-01 5.801066896167529352e-01 1.000000000000000000e+00 6.605172904929854649e-01 7.500341651940417576e-01 7.162463892417791911e-01 7.466179761946507565e-01 7.949330943700909646e-01 7.258809718359969798e-01 7.757727976502685197e-01 8.502442688080552591e-01 7.739986739655125847e-01 7.488565078981032075e-01 6.243550437936435937e-01 6.716528894818742934e-01 5.356123768117319051e-01 5.698537172770422599e-01 6.902519032034224455e-01 6.109366536977960394e-01 5.954377925249962900e-01 6.578356989477899264e-01 7.982973519048174316e-01 7.718737944371225623e-01 7.756477147297161645e-01 7.201616317559801361e-01 6.885226405152137241e-01 7.651852043994916697e-01 7.760524465503226832e-01 7.348457849120743068e-01 7.431525493727871856e-01 7.177009013237299895e-01 7.566488266215326552e-01 7.756725760418573534e-01 8.149618114326717677e-01 8.014193691918546358e-01 7.931096192306275050e-01 8.314908318561089473e-01 8.377962264570881779e-01 8.118953620193962717e-01 8.411719309426487490e-01 8.224977864790612436e-01 8.257511589473517377e-01 8.322189617740558543e-01 8.361233171019836208e-01 8.289317901437830427e-01 7.969728696843420002e-01 8.112964331147604069e-01 7.349679486177742582e-01 8.199256554309816147e-01 8.295879923333252526e-01 8.116723859371068883e-01 8.221318431627562262e-01 8.030767612930376220e-01 8.279143457778352921e-01 8.288338586336966296e-01 8.324352109394255184e-01 8.275841816997957512e-01 8.249460290910453075e-01 8.188665739814652289e-01 8.165107364550563407e-01 8.166725926512964362e-01 8.194376081232686015e-01 8.368129503574807115e-01 8.233541687356036309e-01 8.129079489115814683e-01 8.185045202262136721e-01 8.231454981461701070e-01 8.290749503879600857e-01 8.042978686401334176e-01 8.140608346039627241e-01 8.436756224284954753e-01 8.397982909729287959e-01 8.392913054519652860e-01 8.280017986583418921e-01 8.370754213059892201e-01 8.034430620106702836e-01 8.222841419979259880e-01 8.254892554747532696e-01 8.263082780214435763e-01 8.148206728311537805e-01 8.301216745947908038e-01 8.213756089207800981e-01 8.242777716998938020e-01 8.424635978625220067e-01 8.320293666466247462e-01 8.393050436289388738e-01 8.468341773756220547e-01 8.481459021448696234e-01 8.403720171434486685e-01 8.461293452080514976e-01 8.362896845080047825e-01 8.360278880645338750e-01 8.354749703385049298e-01 8.158022026598320542e-01 8.366613715156583364e-01 8.419528917971468296e-01 8.427721666946927925e-01 8.327925226145240778e-01 8.322625818570401623e-01 8.434147010005160761e-01 8.283295575608777828e-01 8.278204044486499047e-01 8.321796604562378130e-01 8.366512383022448596e-01 8.389992279575794187e-01 8.380189581412632593e-01 8.375284870231491929e-01 8.365994760206115766e-01 8.349267799374231469e-01 8.331921672086423092e-01 8.289715985205405868e-01 8.277896887058573405e-01
1.024329992869431240e-03 1.461896407877990856e-01 2.449999416306978817e-01 5.506409510748824232e-01 4.512043590762426781e-01 4.991650460940383338e-01 6.605172904929854649e-01 1.000000000000000000e+00 6.550495836816414563e-01 6.268956726285942471e-01 6.464925177379998722e-01 7.270041647299766430e-01 6.875390807953398742e-01 6.862454215417487235e-01 7.319340673753018667e-01 7.692071658904950926e-01 6.486326655325285184e-01 5.124351668356931233e-01 5.410549405586670968e-01 4.968068095282892616e-01 4.979194697384974888e-01 5.802132192736035865e-01 4.850494668232745998e-01 4.602383657822249896e-01 5.503339081987618231e-01 6.569505574913807600e-01 6.218264955612675671e-01 6.021732398458368163e-01 5.656596884412531390e-01 5.670558644072043464e-01 6.363921755329994268e-01 6.491978622329228621e-01 5.776790031224180444e-01 6.293575419970119933e-01 5.864841994069081021e-01 6.685878897621915229e-01 6.535618210829261532e-01 6.696768026915250749e-01 6.827566020379146616e-01 6.354775226480191552e-01 7.175872610600737556e-01 6.908483393637208092e-01 7.340248549566226188e-01 7.247211504447889086e-01 7.067527353807387946e-01 6.768077578770769209e-01 7.390187189468819806e-01 7.324630088330797983e-01 7.382579154254995668e-01 7.090714202646218878e-01 7.197072697773767569e-01 6.890813424836800261e-01 7.362412925498889038e-01 7.210034306992358921e-01 6.951438560200831063e-01 6.852482861465819530e-01 7.076070043650739549e-01 7.063335048533231353e-01 7.172902728729574351e-01 7.315432440951434856e-01 7.460078416440368843e-01 7.260862104803988970e-01 7.303887235716240989e-01 7.380470182456879691e-01 7.196749837534572869e-01 7.395652822823473027e-01 7.297363294900779396e-01 7.039343722674656911e-01 7.147102604756112587e-01 7.285782108633072074e-01 7.239060622731031680e-01 7.156259651037972791e-01 6.866685574405259063e-01 7.078255157835767752e-01 7.195585993463902152e-01 7.114058371443313655e-01 7.036332220483144662e-01 6.913343216668433877e-01 7.055776228950234596e-01 6.901091741646808719e-01 6.929648986440591907e-01 7.120307533035429293e-01 7.117494486956531530e-01 6.815287657167022894e-01 7.038297311141629153e-01 7.072002292266207357e-01 7.155028008637822623e-01 7.101049233217721079e-01 7.077998959346262220e-01 7.076436338964675610e-01 7.074847942562868530e-01 7.255091840875451670e-01 7.261631545308715463e-01 7.200547961245773454e-01 7.323755982550836929e-01 7.333741446137151954e-01 7.104620033989470507e-01 7.212632629839694776e-01 7.366216948023817102e-01 7.267755268047091377e-01 7.329184026465364044e-01 7.299283602729338405e-01 7.393757830393984376e-01 7.321943165695423694e-01 7.368548767284198719e-01 7.160820176328055453e-01 7.352246763631853366e-01 7.253682540886088326e-01 7.206372882927962742e-01 7.286142182119389465e-01 7.145336137289395317e-01 7.324984939968920417e-01 7.250280613145595465e-01 7.316813535498644105e-01 7.310862069802334107e-01 7.368651963924865989e-01
1.413194648428034994e-01 2.245884869032726827e-01 3.627993810754615023e-01 5.460965041786686180e-01 4.432900583172692532e-01 5.674884390971822734e-01 7.500341651940417576e-01 6.550495836816414563e-01 1.000000000000000000e+00 7.784897285628014085e-01 8.051530480144309943e-01 8.352985589739320149e-01 7.581101320553327305e-01 7.923094486041565299e-01 8.497608214061238563e-01 7.998401120472750092e-01 8.353892359825192404e-01 7.009409396704976425e-01 7.422371880596675409e-01 5.753241677560734235e-01 6.483264069915822825e-01 7.542606976546134545e-01 7.093440836349059753e-01 6.876971989237373739e-01 7.354981098883689450e-01 8.597930314581135880e-01 8.435863376407322090e-01 8.290187247763584066e-01 7.983822717793963575e-01 8.087338444595580933e-01 8.580992682812337291e-01 8.493308995226633851e-01 7.964268029873601273e-01 8.235513528332277788e-01 8.149619863836222722e-01 8.161760238829652847e-01 8.426353502463169720e-01 8.594641362190523770e-01 8.634007762935446140e-01 7.948375916199726943e-01 8.799915105573109519e-01 8.644727945509396161e-01 8.321259520741771665e-01 8.857372012122446403e-01 8.711046794564352158e-01 8.755845802812814993e-01 8.793169197493119205e-01 8.841783223863352026e-01 8.840439272755734601e-01 8.513570777602558204e-01 8.709630091944068342e-01 7.660056270464076222e-01 8.673959198070337884e-01 8.964501845429518889e-01 8.851893189333850387e-01 8.820856307973681254e-01 8.843664456881882296e-01 8.741367515188669390e-01 8.852548821198954476e-01 8.890209655186577242e-01 8.806203952873249419e-01 8.953899986231826924e-01 8.811270923708067748e-01 8.921027671748377186e-01 8.899514823598768665e-01 8.918594660200449553e-01 8.925077607626966669e-01 8.902654176719245749e-01 8.843012396512132112e-01 8.661348134420904232e-01 8.727337744078691451e-01 8.883107950268703812e-01 8.773859607713545561e-01 8.775461242560360642e-01 8.952258217740044488e-01 8.939283102722163088e-01 8.955715260629584229e-01 8.842654684863682224e-01 8.845020022111242941e-01 8.874244716637779140e-01 8.899855315790339283e-01 8.938158946843918207e-01 8.948945522443002565e-01 8.829363206607887538e-01 8.770867365571266561e-01 8.869737694869493927e-01 8.816918661598432960e-01 8.851212875813427861e-01 8.858246068838877552e-01 8.898078901820036801e-01 8.756361375703819450e-01 8.794426472117425897e-01 8.850807259013642181e-01 8.855335233761043590e-01 8.793346306419628222e-01 8.854879094939909212e-01 8.648562800020114238e-01 8.736533142436480048e-01 8.806034359459131711e-01 8.825817778553135540e-01 8.737782929251508568e-01 8.794910306774500475e-01 8.724024457884758110e-01 8.767705108241086176e-01 8.720154017960631831e-01 8.918023219071828933e-01 8.886908369924687578e-01 8.882292752765458266e-01 8.930173192519772485e-01 8.817226334348713390e-01 8.801793303434697346e-01 8.834998573695265200e-01 8.886319607002011178e-01 8.914835315872167154e-01 8.910015711574750252e-01 8.817885915427224885e-01
6.915149880511071989e-02 2.098874794980942760e-01 3.099060022652121438e-01 5.303320241957126813e-01 4.240951112311848736e-01 5.348084760372681101e-01 7.162463892417791911e-01 6.268956726285942471e-01 7.784897285628014085e-01 1.000000000000000000e+00 7.559772665605306585e-01 8.008458568608164407e-01 7.215913913784545164e-01 7.621050926837062978e-01 8.131116663065102168e-01 7.673117460807121759e-01 7.672211483247711739e-01 6.022177170112990030e-01 6.832346331541758744e-01 4.891935743931989933e-01 5.691901051589538518e-01 7.039966886306959770e-01 6.343159477303679239e-01 6.064585036274313667e-01 6.781387931160548499e-01 7.988614211862380410e-01 7.852759037621499516e-01 7.725056139943309308e-01 7.310284008148265622e-01 7.334384413049271911e-01 7.953438371478955826e-01 7.884720806769203172e-01 7.437485148394366030e-01 7.550534700909375951e-01 7.557681164314884459e-01 7.624793984172371086e-01 7.967185102168919952e-01 8.063850768807470093e-01 8.116236637667852971e-01 7.610600661850014381e-01 8.318242999226524992e-01 8.238539327909691901e-01 8.007833754728092002e-01 8.403912741768004846e-01 8.274301404933646076e-01 8.185546492372580696e-01 8.390422055992836636e-01 8.447757605744826703e-01 8.327494197349156746e-01 7.880256614892838796e-01 8.124554180039111895e-01 7.356494509789778258e-01 8.266235583359209382e-01 8.457948387874486551e-01 8.291346105705187375e-01 8.299436631561735167e-01 8.167031163658622361e-01 8.341971534612250272e-01 8.338742432867798371e-01 8.433779714191720345e-01 8.398491988829728250e-01 8.366040798992571137e-01 8.317412034107385388e-01 8.348863527505973048e-01 8.342654557211633959e-01 8.363627094969340314e-01 8.436493955146794343e-01 8.327066981580222294e-01 8.301376156388874383e-01 8.047868468889325388e-01 8.270941870872743351e-01 8.416556812326092540e-01 8.160127240885484134e-01 8.235483564644338061e-01 8.441592038604248671e-01 8.454156619013207807e-01 8.391523392217061783e-01 8.294862321544869133e-01 8.359559302148836801e-01 8.340643406981200769e-01 8.381442508753054188e-01 8.456256702093269961e-01 8.356699805207796761e-01 8.311080958806253971e-01 8.266215921415105417e-01 8.311905678342926818e-01 8.373832538229112332e-01 8.376857337566565587e-01 8.413839853356073206e-01 8.403330539723820047e-01 8.331087407500438191e-01 8.424701323833598821e-01 8.455881261907871593e-01 8.408363283965599733e-01 8.396639721857028782e-01 8.436068791015229884e-01 8.215606853821287858e-01 8.190758888827994744e-01 8.356038468363947702e-01 8.339370219972583875e-01 8.365871557190591723e-01 8.315015420603953933e-01 8.349716498983676960e-01 8.407583874428250503e-01 8.282498156238166098e-01 8.359841369278931955e-01 8.387083706686955242e-01 8.445292948292669744e-01 8.455840386926067875e-01 8.408182264667191097e-01 8.367088860692882823e-01 8.425331117121640512e-01 8.415256489227136427e-01 8.405686138381702754e-01 8.406836073755614702e-01 8.369428793258664179e-01
7.182415498251379371e-02 1.960240714272166451e-01 3.559802245307155388e-01 5.588737487078814237e-01 4.307012886117886907e-01 5.794985773504822690e-01 7.466179761946507565e-01 6.464925177379998722e-01 8.051530480144309943e-01 7.559772665605306585e-01 1.000000000000000000e+00 8.361721897834399897e-01 7.437196401230133924e-01 7.857316235721421016e-01 8.420180900539855351e-01 7.748289913538644047e-01 8.052747594401459263e-01 6.725238624057000569e-01 7.312617526982158056e-01 5.403843113233984807e-01 6.235115186944493182e-01 7.390684565755377688e-01 6.911830303379482565e-01 6.788778302133351428e-01 7.288840483998398900e-01 8.371124746099398717e-01 8.290936436404306997e-01 8.066185439830996229e-01 7.708558612187158543e-01 7.877056985488716245e-01 8.430620960328752966e-01 8.460395203028089339e-01 7.979397564501288231e-01 8.200853320791887668e-01 8.069407865503430699e-01 8.161419748469023183e-01 8.430863883654403645e-01 8.498003739758752673e-01 8.586406445448940827e-01 8.086949610646456676e-01 8.733540814203073488e-01 8.637929239440645945e-01 8.364416292883416482e-01 8.766940790105213210e-01 8.716948786200926502e-01 8.636579531252166486e-01 8.725667040541327246e-01 8.793239636049836605e-01 8.698303882430760137e-01 8.378073989874240679e-01 8.519901348326149870e-01 7.639374694728522375e-01 8.572782370198576141e-01 8.797959621101110184e-01 8.648812308782600766e-01 8.730926583744019753e-01 8.556288670039131627e-01 8.728271349037381999e-01 8.725367926274235630e-01 8.753685058696842880e-01 8.723859344428902540e-01 8.718230709349066299e-01 8.677075562754883453e-01 8.692722424838796869e-01 8.699031687194868079e-01 8.700337032076207455e-01 8.845565341732395392e-01 8.829917194735080743e-01 8.753967361141353765e-01 8.533902703279072632e-01 8.702067176154646422e-01 8.842936759270810798e-01 8.707556080737859361e-01 8.722880921092986961e-01 8.874026775447406701e-01 8.848669099528930770e-01 8.789864230796804456e-01 8.711865067894242198e-01 8.773778397947299412e-01 8.776783248814143956e-01 8.837760503305169824e-01 8.868386015583612503e-01 8.833722180904383103e-01 8.744749774012416932e-01 8.735549946984760838e-01 8.811716114061847183e-01 8.832181619365290226e-01 8.803669705515155819e-01 8.835426499578737936e-01 8.827602103360862040e-01 8.775114195799524897e-01 8.804467006754600478e-01 8.878933394192687345e-01 8.839861352510915982e-01 8.771704710655489068e-01 8.814997758871997435e-01 8.644561337913210242e-01 8.603980197914897765e-01 8.775742554334310386e-01 8.796890996918866890e-01 8.770339811588133694e-01 8.737108466019167796e-01 8.709280190045202152e-01 8.777356050400395571e-01 8.707942590199946320e-01 8.782364019401625033e-01 8.782765619522725498e-01 8.817526148846438483e-01 8.849408793551661878e-01 8.787826063253088016e-01 8.788522197339305730e-01 8.794379560684291164e-01 8.809658960021905516e-01 8.811933666636463380e-01 8.799047074328596452e-01 8.732555673148368891e-01
1.932689240949034964e-02 1.855461660390632928e-01 3.187512856751609225e-01 6.403850912440526288e-01 4.887403531480837282e-01 6.113506078979359382e-01 7.949330943700909646e-01 7.270041647299766430e-01 8.352985589739320149e-01 8.008458568608164407e-01 8.361721897834399897e-01 1.000000000000000000e+00 8.222326951723923916e-01 8.487764398221534501e-01 9.079148881063719978e-01 8.790209684008416513e-01 8.342691660888622573e-01 6.582099918949494421e-01 7.060427930595847279e-01 5.898068272268808254e-01 6.054831277119080424e-01 7.284210685111015549e-01 6.640758929441371583e-01 6.355144526673704997e-01 7.119697040765394780e-01 8.544774216705711689e-01 8.321946055970176337e-01 8.101943383007914612e-01 7.634904368398407470e-01 7.823561328708007467e-01 8.497670602019868902e-01 8.479542089643051783e-01 7.807884054607667768e-01 8.162798204424794868e-01 7.981431037784748606e-01 8.477066196846262391e-01 8.665635064207252158e-01 8.657972805342298850e-01 8.810033552024125747e-01 8.240880408627123677e-01 9.166531861208422338e-01 8.958110294578209842e-01 8.940612909377740891e-01 9.203947536885442871e-01 9.110739107735323916e-01 8.876951494352740557e-01 9.328999576344434441e-01 9.319130987999556526e-01 9.229046443025298307e-01 8.755123509900207823e-01 8.901582047814403653e-01 8.531527129137389531e-01 9.272662807770496451e-01 9.235614542659624782e-01 8.928785382761273981e-01 8.944936999391744914e-01 8.945986382638388967e-01 9.091695288023144972e-01 9.102149493941297242e-01 9.317052974202653104e-01 9.363349649272282305e-01 9.200302424951141145e-01 9.182870067724833163e-01 9.210136196283231769e-01 9.181632698166029005e-01 9.308369488697636474e-01 9.314594759137464486e-01 9.100487949366035112e-01 9.161419809800708247e-01 9.092652225105275487e-01 9.100151168663704881e-01 9.196481266024403300e-01 8.926053901868107321e-01 9.054075550439264486e-01 9.271534465500281819e-01 9.249175527193886914e-01 9.134419252214094342e-01 9.017151528697298080e-01 9.122248104716320638e-01 9.073713010587175498e-01 9.129702648443149826e-01 9.213265399734745786e-01 9.150211279663428288e-01 8.995811913955155115e-01 9.045828646477536150e-01 9.095987911205843934e-01 9.200158994371502308e-01 9.157739273302948346e-01 9.180144863132444488e-01 9.172377563730607086e-01 9.136301466257227277e-01 9.295795777122761727e-01 9.319242119519430823e-01 9.264112996901011643e-01 9.332895681542631161e-01 9.354283146334164689e-01 9.071242579613714163e-01 9.134087299266279159e-01 9.327570590163665187e-01 9.230635663088802012e-01 9.259529784681767017e-01 9.246801025376466532e-01 9.363017391512267196e-01 9.318693304578266057e-01 9.323834817595592073e-01 9.184976913511705421e-01 9.318770343239637377e-01 9.304859716507015710e-01 9.282692928758249362e-01 9.305936744002855088e-01 9.192096237016978977e-01 9.351810610038222560e-01 9.300732363040150608e-01 9.299433137529334870e-01 9.306246384278415995e-01 9.366192694812982555e-01
1.897171926518268588e-03 1.549048649462377025e-01 2.623253671659754871e-01 5.852737344794003427e-01 5.114783803132528783e-01 5.545602506715372471e-01 7.258809718359969798e-01 6.875390807953398742e-01 7.581101320553327305e-01 7.215913913784545164e-01 7.437196401230133924e-01 8.222326951723923916e-01 1.000000000000000000e+00 7.800308242067440778e-01 8.339393490446110890e-01 8.362499286015675493e-01 7.480276407519538262e-01 5.755453044492081505e-01 6.209763635080003397e-01 5.428124682712701654e-01 5.155498460354881463e-01 6.346271565763011990e-01 5.811589104238884529e-01 5.528628704616398437e-01 6.331266516452084270e-01 7.579741152108109281e-01 7.362545628296588429e-01 7.150123681387756669e-01 6.735937564670079203e-01 6.825066149434211304e-01 7.495006320897273921e-01 7.609714868132082533e-01 6.753865396260370080e-01 7.162763722285786505e-01 6.956941674090653116e-01 7.537763956582033131e-01 7.713494597388679264e-01 7.641484447423152471e-01 7.863169932163168729e-01 7.336978370611914047e-01 8.328899238626172874e-01 8.086685463818406028e-01 8.216607162278862786e-01 8.332390610052324842e-01 8.195878603302080290e-01 7.990936038056167812e-01 8.551282658904503231e-01 8.521048025440595142e-01 8.345140622813479458e-01 7.787680144193616094e-01 7.871865529030906972e-01 7.915104168644583327e-01 8.462492088698437831e-01 8.392767199411852452e-01 8.042556592552700945e-01 8.038758882539522865e-01 7.988077625829409500e-01 8.214353969293556323e-01 8.171889424109379796e-01 8.530532436304700816e-01 8.548702079702247270e-01 8.330419541778824044e-01 8.296676039554818916e-01 8.317340868785888519e-01 8.327028195311081404e-01 8.481179199634565347e-01 8.516429034944092979e-01 8.238362915386998608e-01 8.356618703995433162e-01 8.289886708949346650e-01 8.237676779655849213e-01 8.330933162541931392e-01 8.078679176117775640e-01 8.225290401136532425e-01 8.427697693819115043e-01 8.385588746927947756e-01 8.269656019280950954e-01 8.140955662974692641e-01 8.278009157983635680e-01 8.149847819056065257e-01 8.235550401950320065e-01 8.335151708855418340e-01 8.258753629010633368e-01 8.101303161242475737e-01 8.190955983067602642e-01 8.219928031891264864e-01 8.335705144268846789e-01 8.317238074570838524e-01 8.302745329836728194e-01 8.310259879967993868e-01 8.289141857233898181e-01 8.494468598304838469e-01 8.486084130434590200e-01 8.420635522176571630e-01 8.587144010312021125e-01 8.573911752932824593e-01 8.238758824798265712e-01 8.302523419387578540e-01 8.550662103459479857e-01 8.421453982269431204e-01 8.500412086653492683e-01 8.428454485446894573e-01 8.613469381254417190e-01 8.539573397927636700e-01 8.567413957509543154e-01 8.311937222999226105e-01 8.500133589183097582e-01 8.500381772368955646e-01 8.474593327051157532e-01 8.517375254959884678e-01 8.394130659077052581e-01 8.589101455931363871e-01 8.485827843010708138e-01 8.477001331488599467e-01 8.511900963031169276e-01 8.606178497968457464e-01
