1.000000000000000000e+00 4.625710056431592970e-02 2.613346634093431375e-01 1.840940801333494636e-01 8.760191087729383985e-02 6.985370415289116064e-02 1.991912706696537805e-01 1.093048718650182355e-01 1.187633773726439190e-01 1.001788639182725066e-01 1.120268942691219211e-01 9.954483711884205832e-02 1.842353486743505270e-02 8.482562976532292964e-02 1.147447581131574024e-01 9.982153559242522289e-02 1.917076636309024973e-01 3.049251145136103736e-01 2.846676283532419416e-01 3.220915149160950564e-01 3.082488660798882729e-01 2.680334166511408323e-01 2.637262631311121930e-01 2.736544282114560800e-01 2.346728178050324631e-01 2.120571644563354063e-01 1.863440359815055625e-01 1.501416535499773830e-01 2.391310026301197433e-01 2.138787651259178302e-01 1.802779640909104308e-01 1.986613169383047162e-01 1.800995820564622873e-01 2.094887009777201270e-01 1.931963082133247023e-01 1.895580424028102395e-01 1.749779385953154354e-01 1.146073473459085917e-01 1.130150220586776388e-01 1.191116852965171252e-01 7.988632224709185659e-02 7.099459262468021947e-02 7.775023289555584027e-02 6.963117061513031392e-02 1.331690197106505935e-01 9.100906585337127652e-02 3.588160158299867619e-02 3.306265191003983361e-02 6.061280335797832736e-02 1.493209010290747485e-01 1.105295314885309799e-01 1.272618900535160136e-01 7.744428849337683940e-02 7.557166970818215979e-02 1.054885787682798698e-01 1.118628300817300081e-01 1.250553235305324473e-01 4.159272438422540602e-02 6.707357325665595782e-02 4.085465167089672583e-02 4.115621415095081087e-02 5.735425792026521696e-02 6.484210625905285907e-02 6.928802243516882231e-02 7.154498681916578173e-02 7.573515957635998386e-02 4.557552531761360076e-02 1.103621461440335294e-01 1.084554939350061420e-01 1.599890455194338812e-01 1.194370983895318844e-01 1.026059348767849738e-01 1.267232615057273803e-01 1.193419079392659538e-01 7.295139568162047061e-02 8.369279173731297705e-02 5.753921880729166716e-02 9.445386613532558151e-02 6.903500873194023946e-02 8.576050420448115552e-02 9.069939775544065552e-02 7.434443954809763500e-02 8.758855922690887696e-02 8.441352441370339466e-02 6.953087110249324410e-02 8.874946401184012623e-02 8.503986485291775699e-02 5.019391913906965513e-02 4.724637578417945766e-02 6.427850543495999824e-02 6.895510780462826839e-02 3.160457130869599729e-02 5.013577080501373934e-02 3.618055390197755239e-02 1.419349855943367530e-02 2.010356134883704154e-02 6.240009605657091674e-02 8.076612988644382707e-02 3.740033162699531871e-02 5.103814044351930729e-02 2.123243306525297511e-02 4.395109602530923587e-02 4.304794224584602286e-02 2.204469855085125843e-02 6.399613512110566282e-02 5.802086161607905579e-02 2.947139148189629326e-02 2.451942461008762772e-02 4.581435180593423917e-02 3.130581887683576980e-02 4.143600352400691328e-02 2.269709866956929126e-02 3.128461755645695758e-02 3.309524396465398505e-02 4.339183145868437397e-02 3.833777130630573737e-02
4.625710056431592970e-02 1.000000000000000000e+00 9.147400597085013352e-02 1.525385265770878851e-01 1.639143524460041912e-01 1.097093916582762424e-01 1.851437187141642127e-01 1.539171438388106383e-01 1.904404883934633086e-01 1.719584987008909993e-01 1.593970694680910682e-01 1.648413074651625121e-01 1.258870764725533442e-01 1.409315325159217203e-01 1.861141845150489638e-01 1.765857375080944480e-01 1.530636483322666552e-01 1.511614353602694083e-01 1.303702291644134037e-01 1.252077284875678098e-01 1.329519490536014981e-01 1.492960638946728147e-01 1.968417652513389793e-01 1.412053647177939908e-01 1.458712387962924628e-01 2.055897649942070582e-01 1.902219904405915707e-01 1.985697521044892944e-01 2.124903293375716706e-01 1.792902412158200731e-01 1.964646315401137044e-01 1.799709676395115088e-01 1.710847728462450978e-01 1.566880587935194080e-01 1.624794976557628057e-01 1.659861322908851022e-01 1.735436051631870091e-01 1.789124048859448701e-01 1.770119897694284461e-01 1.724347548473387504e-01 1.726416903085928878e-01 1.584455072010073629e-01 1.638956588925334079e-01 1.737968166107715096e-01 1.714116808043004980e-01 1.801251237227651514e-01 1.630425524192227749e-01 1.608748303689353232e-01 1.637293374105126265e-01 1.651402853904940515e-01 1.620755060586555885e-01 1.409116090994512460e-01 1.630673050512537747e-01 1.767101685373583808e-01 1.800499434533673615e-01 1.943358980408809444e-01 1.704605522988970334e-01 1.662283495505022801e-01 1.632729004795659966e-01 1.575461949491659686e-01 1.587673306604721335e-01 1.663423756699060618e-01 1.612495949897096992e-01 1.597337607422685546e-01 1.496898324718680673e-01 1.629698019748656579e-01 1.523011115722507636e-01 1.607736836118165147e-01 1.717222852106207454e-01 1.553217429367956814e-01 1.501450408678143278e-01 1.621797602723287490e-01 1.559921761574095400e-01 1.577566767679150495e-01 1.715131101469344610e-01 1.775857045401770529e-01 1.734600359606239539e-01 1.879153088322783605e-01 1.743817378320468015e-01 1.724690712406897752e-01 1.689381656034831536e-01 1.712706070055294294e-01 1.676184195408707278e-01 1.647626589239790662e-01 1.590111696402550234e-01 1.586556787473356600e-01 1.628312469876201929e-01 1.614119189503433194e-01 1.635818305244285398e-01 1.694549214005867666e-01 1.654412326853349491e-01 1.615086728989621745e-01 1.592263933401839304e-01 1.615089068792729121e-01 1.525193476339543608e-01 1.545200045514641130e-01 1.610382739434605137e-01 1.609205583961950126e-01 1.541302593324072323e-01 1.580123282908084958e-01 1.544556147394433587e-01 1.559023920071508917e-01 1.565237702850708068e-01 1.560842686843322280e-01 1.549636212294295823e-01 1.589797154591908734e-01 1.547917006867081391e-01 1.577392539187007781e-01 1.611431644173154376e-01 1.596881622820414126e-01 1.619169094306628642e-01 1.570640276540325453e-01 1.583323601947495829e-01 1.558489807822392714e-01 1.524419271191033987e-01 1.532311391538902223e-01
2.613346634093431375e-01 9.147400597085013352e-02 1.000000000000000000e+00 4.488199180375977981e-01 2.889399771894624047e-01 3.005493684869560145e-01 5.002525591061782739e-01 3.989080798894080182e-01 3.955019847026580160e-01 3.612800934082807669e-01 4.458263353006033936e-01 4.283834460845745151e-01 3.096057888412702686e-01 3.920780727936680754e-01 4.522058828021729981e-01 4.428976975066449273e-01 4.847022907258989322e-01 5.431905497937742355e-01 5.621926606554230599e-01 4.884286782216865075e-01 5.435222593095598853e-01 5.672035088976508099e-01 5.449599443110185737e-01 5.451608433921004693e-01 5.400581351000569574e-01 5.210750934413483915e-01 5.193103352583664511e-01 5.007312967053535457e-01 5.268383868694431760e-01 5.309107199191789306e-01 5.188947143676736484e-01 4.996700786950488138e-01 5.088516949569422687e-01 5.269487362680322917e-01 5.290347961730297310e-01 5.154697669217415124e-01 5.204037069569021901e-01 4.500784847864924831e-01 4.680183024115656121e-01 4.876690699523742456e-01 4.402116172158657692e-01 4.254387357681753135e-01 4.414447958239198222e-01 4.260866210307179269e-01 4.873062912982312755e-01 4.434183590973735933e-01 3.813032231272103223e-01 3.707562042249283318e-01 3.936076758284878796e-01 4.581860486741877736e-01 4.401388753569719370e-01 4.554870978605690124e-01 4.214112938834138067e-01 4.025384319380614917e-01 4.237227332589562634e-01 4.513571922838752748e-01 4.360664394757714502e-01 3.869209437546136665e-01 3.992147655976400200e-01 3.827478316178228313e-01 3.810731730170403564e-01 3.905336004445657538e-01 3.981564019205037774e-01 4.081325193109507365e-01 4.095113705058481268e-01 4.016941473743034230e-01 3.927605717044610478e-01 4.590528772816021563e-01 4.453720740014239787e-01 4.765301458358917608e-01 4.750079208870571779e-01 4.590631745284558529e-01 4.674983117785875830e-01 4.741323013743721781e-01 4.257825006496508968e-01 4.364322381662398276e-01 4.131826877234577311e-01 4.298357784519775127e-01 4.175292111147324570e-01 4.281938799306139187e-01 4.503194236329333133e-01 4.282344132709164919e-01 4.339030129234359712e-01 4.332180663329940340e-01 4.201201725389780983e-01 4.321648924597017438e-01 4.443302152296648710e-01 3.966440848511462725e-01 4.040590892749839624e-01 4.169630903240842401e-01 4.336954797824665864e-01 3.845122431926837892e-01 4.091935050123753359e-01 3.919532699326194192e-01 3.587365373441919747e-01 3.621793045715205328e-01 4.030409581991007961e-01 4.020703597598102030e-01 3.823172360705479611e-01 3.967684077250357988e-01 3.806262386936186681e-01 3.840529735511752363e-01 3.875289674794069050e-01 3.735698118582839733e-01 4.102009479442708106e-01 3.906896390972560140e-01 3.665433825598238271e-01 3.661257540789633613e-01 3.874451135527675616e-01 3.770241846920826534e-01 3.826537358242516063e-01 3.679958787632662820e-01 3.747684053647720726e-01 3.799308055546951057e-01 3.932022223514647363e-01 3.791628356067905381e-01
1.840940801333494636e-01 1.525385265770878851e-01 4.488199180375977981e-01 1.000000000000000000e+00 4.659082053807754309e-01 4.513426840617638103e-01 6.777166026062665383e-01 6.088851905413600329e-01 5.844671155595112522e-01 5.171372119832211567e-01 6.209790578318254983e-01 6.720372327726457096e-01 5.134250702901513863e-01 5.450301001323890615e-01 6.658736521832087085e-01 6.594686654029182638e-01 6.401257692243854658e-01 5.455868244749352280e-01 5.830027010518394892e-01 5.727743826651132686e-01 5.792320879370290720e-01 6.649397283114512058e-01 6.238135663001218578e-01 5.681043300250988581e-01 5.973142486398417272e-01 7.046371890654011816e-01 6.890433617186575432e-01 6.690343563792262582e-01 6.464690935851540310e-01 6.533027601072421975e-01 6.872747151638931573e-01 6.526355883340959618e-01 6.244904997828435445e-01 6.427434003735299495e-01 6.499304744738894080e-01 6.834361241970886569e-01 6.527454857597998483e-01 6.364539484877977937e-01 6.521323545529894572e-01 6.882543572139424581e-01 6.448951158650495508e-01 6.296811214666503398e-01 6.485055202124511142e-01 6.417486124969488115e-01 6.866666401291027233e-01 6.400980568592666842e-01 5.886804543329581252e-01 5.773673692140608438e-01 6.026953550336574539e-01 6.761175468306935832e-01 6.480920617128033134e-01 6.903364402133970179e-01 6.511601520363615725e-01 5.966500741330238444e-01 6.161039812319616393e-01 6.536183131229843513e-01 6.468384351363561935e-01 6.015635999384820742e-01 5.908650334153593420e-01 5.868086851201139709e-01 5.986067461829079894e-01 5.886783641452302263e-01 5.948613691409675441e-01 6.107872828561532463e-01 5.950342114152046280e-01 6.051489116547057456e-01 5.850646470499849539e-01 6.127088096539063944e-01 6.170799653226469728e-01 6.466143339080495656e-01 6.269479484116818879e-01 6.278977367795702813e-01 6.074564708687827386e-01 6.163596364872233613e-01 6.265517592541240965e-01 6.293953069126756450e-01 6.060851632494090868e-01 6.089610070993535240e-01 6.119080747435773349e-01 6.082443910432657752e-01 6.257212842778271389e-01 6.240810425934090189e-01 6.292321158450298046e-01 5.928351073441554542e-01 6.147649204768430575e-01 6.016754914373069196e-01 6.318671621053532084e-01 5.968126438555514390e-01 6.016997953782962094e-01 6.207009465428888761e-01 6.297478922893456899e-01 5.953013293983304699e-01 6.098240365013144482e-01 5.975142773246699957e-01 5.621076880426760791e-01 5.658856570393765439e-01 6.368451918828481606e-01 6.274780050199704196e-01 5.950407489363942481e-01 6.085938148419961502e-01 5.920001626487255697e-01 5.993224064429025777e-01 6.062969547441467988e-01 5.893417896447258331e-01 6.268216647941178277e-01 6.093883875538533834e-01 5.766970180668592461e-01 5.702621994472034661e-01 5.932264970258680492e-01 5.836467014115843677e-01 5.920321167159138254e-01 5.769002269617623524e-01 5.818321881394072914e-01 5.907941889638931299e-01 5.862172680874523367e-01 5.956199845798046955e-01
8.760191087729383985e-02 1.639143524460041912e-01 2.889399771894624047e-01 4.659082053807754309e-01 1.000000000000000000e+00 3.414305444954193192e-01 5.083746188635146490e-01 5.099998483693550799e-01 4.835930381585477611e-01 4.321481645444201214e-01 4.833597331581729328e-01 5.336321014526927975e-01 4.707980042808684873e-01 4.435174993043398683e-01 5.405692227352367762e-01 5.425460862296325182e-01 4.825257094434787786e-01 3.942826553590143557e-01 4.036071182478860875e-01 3.921399279499871993e-01 3.983758017023973919e-01 4.562876829669809120e-01 4.472002192641307272e-01 4.085530444024937369e-01 4.301228819650740887e-01 5.366556752906088690e-01 5.294202815854870403e-01 5.238175826847271122e-01 4.868865362616536241e-01 4.941389966557342972e-01 5.112540620280161541e-01 5.016203392954002860e-01 4.721695190716140300e-01 4.770575065339502374e-01 4.745536634396717579e-01 4.882224291066055155e-01 4.951846349467263209e-01 5.077971068384130593e-01 5.052061151120990079e-01 5.097911032303357182e-01 5.316922920766323779e-01 5.145256964451888626e-01 5.188466073669655287e-01 5.257504167648071602e-01 5.294794925289376675e-01 5.199269135186623814e-01 5.103907806723028129e-01 4.999468112954293941e-01 5.103033760321821211e-01 5.014880140088908700e-01 5.136469172905784308e-01 5.280531685609527459e-01 5.316711114151193573e-01 5.173222228393796751e-01 5.192024446696620332e-01 5.280852872245372920e-01 5.235948531917071769e-01 5.174000816388149016e-01 5.034850499364118548e-01 5.128465812752790454e-01 5.147411390603512382e-01 5.130819186039878854e-01 5.076266481629485572e-01 5.019163851477940197e-01 4.940485751750946508e-01 5.120852862150613305e-01 4.982121774021002203e-01 5.058112324863275333e-01 5.075892546124020077e-01 5.140735474024549223e-01 5.014211184134493848e-01 5.116888481711824310e-01 4.985538377745415417e-01 4.991377987008265849e-01 5.202119048122281209e-01 5.187104693996732463e-01 5.099413931612112316e-01 5.078943594559284236e-01 5.082664373347496323e-01 5.054410445784236483e-01 5.094937463241206999e-01 5.167448213345017249e-01 5.128572319700875903e-01 4.936875608437936158e-01 4.991363264902646812e-01 4.980309099814584917e-01 5.130183677883763949e-01 5.028616561100801574e-01 5.010587152004459810e-01 5.165848819460434616e-01 5.121600698582278177e-01 5.061111978919100585e-01 5.109354962819057100e-01 5.033643092749860992e-01 4.937495155020897308e-01 4.959456414305931093e-01 5.168404429960509194e-01 5.090595624828214705e-01 5.072466222940312797e-01 5.055326138180727957e-01 5.014280946332567712e-01 5.095010212237497393e-01 5.165717439668167099e-01 5.080578707829089824e-01 5.162385295242017946e-01 5.134117826769343251e-01 4.984083847367431486e-01 4.967570328183245065e-01 5.088079693314359053e-01 5.057589429230670008e-01 5.076271735533204321e-01 5.051768182261962004e-01 5.025885747533062053e-01 5.055517398395732442e-01 5.017666552403509117e-01 5.063514553284994557e-01
6.985370415289116064e-02 1.097093916582762424e-01 3.005493684869560145e-01 4.513426840617638103e-01 3.414305444954193192e-01 1.000000000000000000e+00 5.580933160301635443e-01 5.401829269686846402e-01 5.659187203191047288e-01 5.218842633424788380e-01 5.716345983029016420e-01 5.891266129589759482e-01 5.155185158376887067e-01 5.155397172407154560e-01 6.098951977773385824e-01 6.028134703598150290e-01 5.482882761732229548e-01 4.611478577082252506e-01 4.983787750813657991e-01 4.237007750615215951e-01 4.663039497330105365e-01 5.459623689493269261e-01 5.153780637715714708e-01 4.979137831611916698e-01 5.411827240894898639e-01 5.921435784814970127e-01 5.993233906812068801e-01 6.026063267711406768e-01 5.614306827187047766e-01 5.791667081464716427e-01 6.053730869602627074e-01 5.933500396047580727e-01 5.727614329742568566e-01 5.818080992275139751e-01 5.828301042198449355e-01 5.842019793990478327e-01 5.968188352410203068e-01 6.125229059853609659e-01 6.159912546504552333e-01 6.039515914227514548e-01 6.198469441298387617e-01 6.156606047165487094e-01 6.112535561969009157e-01 6.135918001957276768e-01 6.206204105249094605e-01 6.154604007152436607e-01 6.050564358808515619e-01 5.960951802156682078e-01 6.116325137308884496e-01 6.129463022992740484e-01 6.220702551161672034e-01 6.063855050634335830e-01 6.147813291799567592e-01 6.049242826822421870e-01 6.056290323490257643e-01 6.187211073818178475e-01 6.099121706597968595e-01 6.038797364559985725e-01 6.040468027769039239e-01 6.060028656716722750e-01 6.061334251287378017e-01 5.989107869385178473e-01 6.030478562579628665e-01 6.117342223411541546e-01 5.990374286959716521e-01 6.023335026305778328e-01 6.030010710728428425e-01 6.103021690541196032e-01 6.072574111606663383e-01 5.999074871898655292e-01 6.130751134656050594e-01 6.208911475137782743e-01 6.017983411541014682e-01 6.120233869076088240e-01 6.203289637608524476e-01 6.193407380775779458e-01 6.155836034844694993e-01 6.088575796123221195e-01 6.123412855781888986e-01 6.093110838736337520e-01 6.181470261203136918e-01 6.182835810767847162e-01 6.137672605017798766e-01 6.052023774332786488e-01 6.110849471572311620e-01 6.080672108270969156e-01 6.180594504188648974e-01 6.082695630484955540e-01 6.120947543435085736e-01 6.160742374969373492e-01 6.175535100773642538e-01 6.072482408050399183e-01 6.133065006725656465e-01 6.065063280846684224e-01 5.975597045163013599e-01 5.979431918159082704e-01 6.152790264932604947e-01 6.124012272927159550e-01 6.067349189966506628e-01 6.126659661456680395e-01 6.054770572595398193e-01 6.066580748774519360e-01 6.095686168767703306e-01 6.054059073383288858e-01 6.125154673131900651e-01 6.075516098819075950e-01 6.008258344336508960e-01 5.979028880456479511e-01 6.084848131740839827e-01 6.056331443799198855e-01 6.050223721461908122e-01 6.020204808123816864e-01 6.022928802734394127e-01 6.051821310881231319e-01 6.043980065917179401e-01 6.056489878972242114e-01
1.991912706696537805e-01 1.851437187141642127e-01 5.002525591061782739e-01 6.777166026062665383e-01 5.083746188635146490e-01 5.580933160301635443e-01 1.000000000000000000e+00 7.399999395016041426e-01 7.448632188872149618e-01 6.866348859469116883e-01 7.675535801320688689e-01 7.895679948091931522e-01 6.608952875551969974e-01 6.858832079029143491e-01 8.437074095799993456e-01 8.144570695827280105e-01 7.818335644683018781e-01 7.220157457253505440e-01 7.476699435924181181e-01 6.653612990298173324e-01 7.135043071282538563e-01 7.925548097046574147e-01 7.788463919127296409e-01 7.412950956233135269e-01 7.637921801428894097e-01 8.538933785825763012e-01 8.481490929949093704e-01 8.425036736523792147e-01 8.297035861417964009e-01 8.252885376331325906e-01 8.510972177275489825e-01 8.272792600310971967e-01 8.039552206475110152e-01 8.153607342428782490e-01 8.151912426393583821e-01 8.128870058470262228e-01 8.227024319491785809e-01 8.172014784294001633e-01 8.210831090610699601e-01 8.272978797123341499e-01 8.167175037904658152e-01 8.085412540746550469e-01 8.028294346557903749e-01 8.114354695586387667e-01 8.430421540891160914e-01 8.173334055583382218e-01 7.679095644865253645e-01 7.612056978377810257e-01 7.822923003059319980e-01 8.188988906426608594e-01 8.163680345025204899e-01 8.105429161663116888e-01 8.037820606912230437e-01 7.859511729977121108e-01 8.032369267258987477e-01 8.289590528596949559e-01 8.078103488342388561e-01 7.792796979731583251e-01 7.828355430564147843e-01 7.699534115222018693e-01 7.722146758357792962e-01 7.741285612839771124e-01 7.774587457893387121e-01 7.860996388178761451e-01 7.760544994280458297e-01 7.796581601521155314e-01 7.724063526526520063e-01 8.136659615087105113e-01 8.101006434498135844e-01 8.181293391127235637e-01 8.140573523496025254e-01 8.159564058155280852e-01 8.089396868782900984e-01 8.114160525428057991e-01 8.116699147536122760e-01 8.187858792149760312e-01 8.019479332198545807e-01 8.119706066698828550e-01 8.017495484721173238e-01 8.045458417626552006e-01 8.176374730469758711e-01 8.093933999886152586e-01 8.099208999619291749e-01 7.945177600328476863e-01 7.950381005831926862e-01 7.977792576928391943e-01 8.125724024155173142e-01 7.862222573368996548e-01 7.888607803026821408e-01 8.023414650237602475e-01 8.115669715714168841e-01 7.773515942871885853e-01 7.879378475498773904e-01 7.832318793469270624e-01 7.502420724706010402e-01 7.537850715335833174e-01 7.948572690770038252e-01 7.866748492176816043e-01 7.724467472379736854e-01 7.893063235299051517e-01 7.706475228943134859e-01 7.740661125817887012e-01 7.772782277365245518e-01 7.659463563549784304e-01 7.920994247667335619e-01 7.790477385840078872e-01 7.573910458365287202e-01 7.582803488387569457e-01 7.810671024522241046e-01 7.687185411278864011e-01 7.767264578327967017e-01 7.589085674574566065e-01 7.650612983511382303e-01 7.685804889403472506e-01 7.730911255329451226e-01 7.685688512017576635e-01
1.093048718650182355e-01 1.539171438388106383e-01 3.989080798894080182e-01 6.088851905413600329e-01 5.099998483693550799e-01 5.401829269686846402e-01 7.399999395016041426e-01 1.000000000000000000e+00 7.387709700150709713e-01 7.044718061237895679e-01 7.550880173675690310e-01 8.104087947693505711e-01 7.204039844845340212e-01 7.152644081960626288e-01 8.244596771050372030e-01 8.259493238804632709e-01 7.423691836365751140e-01 5.890000859753933282e-01 6.384849302672120919e-01 5.709583243573386202e-01 6.181555169656439697e-01 7.120760318253663845e-01 6.663344198147210795e-01 6.402408466284906785e-01 6.838476677699538708e-01 7.690634974470432761e-01 7.881738594008789178e-01 7.860741683042281602e-01 7.456723851320280483e-01 7.682036115210355565e-01 7.870940254587535101e-01 7.767013743446304908e-01 7.473501860594764512e-01 7.618846962045626725e-01 7.644195403483546869e-01 7.627845805439718019e-01 7.708683178139168479e-01 8.108810971326800843e-01 8.105371370549139254e-01 7.861457493386703188e-01 8.132275877086233562e-01 8.192171331624460429e-01 8.200097753234064646e-01 8.244975881312496258e-01 8.248016439964703794e-01 8.209894986219935520e-01 8.084275696157173785e-01 8.060372835000144676e-01 8.134135821792048970e-01 8.026538064082375801e-01 8.265693014199830824e-01 8.111895435021024836e-01 8.250082425137256203e-01 8.140736729124046223e-01 8.184821292349456767e-01 8.164257106622911930e-01 8.229209223393399997e-01 8.140677387205800253e-01 8.163183229384167738e-01 8.124489692452889766e-01 8.148715965904572700e-01 8.155334111242511508e-01 8.162783105093076585e-01 8.172161900822942915e-01 8.050493961186144798e-01 8.174814486134410751e-01 8.078469083963656372e-01 8.080615614910228173e-01 8.093833295158099350e-01 8.087596200545617009e-01 8.171516911247176385e-01 8.210330806039969342e-01 8.010823591740979799e-01 8.001337454696992868e-01 8.250216932809772974e-01 8.214654035138931887e-01 8.143279287828802948e-01 8.146745330587714662e-01 8.175734880136990013e-01 8.149062275876607364e-01 8.159002651710037801e-01 8.189407278515675737e-01 8.227294021952566982e-01 8.057861698735361289e-01 8.139602398481522449e-01 8.103442740678674650e-01 8.187730222414902892e-01 8.159996063794461296e-01 8.132973059560526519e-01 8.191754173383506421e-01 8.206051117396191419e-01 8.123120304451222351e-01 8.186869823764035825e-01 8.139000364887931660e-01 8.000933971415035151e-01 8.023525618059982323e-01 8.248941926090493926e-01 8.159715446061448496e-01 8.164976590689034808e-01 8.188639741801637673e-01 8.085313555718917078e-01 8.173842615026688518e-01 8.175793363354735277e-01 8.107042858675748143e-01 8.208181359843079727e-01 8.216913100320021313e-01 8.074024547374097915e-01 8.040899932569671726e-01 8.140691276898145423e-01 8.090685367080581170e-01 8.162901440344718651e-01 8.075480049582905995e-01 8.096640619551636053e-01 8.110192722351823313e-01 8.078550162305940807e-01 8.148291231232069887e-01
1.187633773726439190e-01 1.904404883934633086e-01 3.955019847026580160e-01 5.844671155595112522e-01 4.835930381585477611e-01 5.659187203191047288e-01 7.448632188872149618e-01 7.387709700150709713e-01 1.000000000000000000e+00 7.690836265193342625e-01 8.125244482454170303e-01 8.354209826187587451e-01 7.508170588926916800e-01 7.544996787022670848e-01 8.654209975459300486e-01 8.471420379814694757e-01 7.962150144157456033e-01 6.428035067584569884e-01 6.766346505112145193e-01 5.828193428658323683e-01 6.514545326828627969e-01 7.324392381936051244e-01 7.294338355414670128e-01 6.927419113395609784e-01 7.410062977607323464e-01 8.340494608990698389e-01 8.401264011447485691e-01 8.489174165242584502e-01 8.043548237103446130e-01 8.343373643802136641e-01 8.392076976367189856e-01 8.427212327659353575e-01 8.108785849045575533e-01 8.154064919525128019e-01 8.252557110308786914e-01 8.085480079842752854e-01 8.373649558476312649e-01 8.711173691016347309e-01 8.714299200982228433e-01 8.281562766748672422e-01 8.817868757151710035e-01 8.672372793668783331e-01 8.541810795920637966e-01 8.765986510793274400e-01 8.667410352680556818e-01 8.723880855033971926e-01 8.766545981781703745e-01 8.721114102291932513e-01 8.798785947512561822e-01 8.528568400720986098e-01 8.791314876272658951e-01 8.433451246870098394e-01 8.743214401301808714e-01 8.819857291282408029e-01 8.808363727779680019e-01 8.857195551478683759e-01 8.764921063416516445e-01 8.763416930404737126e-01 8.739994684616242404e-01 8.785514697251232130e-01 8.780662836896364620e-01 8.795358770722100372e-01 8.762099455214261701e-01 8.786264972463260214e-01 8.702499713899436440e-01 8.771740408794171939e-01 8.738574319183443073e-01 8.748996299338230864e-01 8.774676220687323003e-01 8.577118538916361778e-01 8.652315478511711788e-01 8.803930580692985730e-01 8.656835440511488899e-01 8.675398802921425734e-01 8.863534886368551469e-01 8.875422754259544300e-01 8.812302544394257087e-01 8.844282461490474700e-01 8.750230753718829524e-01 8.855358464579444755e-01 8.863018545429272033e-01 8.851620572970335665e-01 8.844319975574981285e-01 8.809838140098925630e-01 8.760281365699011946e-01 8.770711844259106993e-01 8.792885501588869612e-01 8.756048385022914271e-01 8.775888058274464720e-01 8.827286925464755685e-01 8.751394825532270438e-01 8.730617331833281369e-01 8.786033866655889035e-01 8.742109689344947920e-01 8.672712233564212614e-01 8.694122600481970498e-01 8.765017545107015584e-01 8.781024608200536097e-01 8.769547132021846547e-01 8.769541893978041180e-01 8.663403086964258648e-01 8.775544447889916944e-01 8.787131610730158915e-01 8.708905092942573756e-01 8.766498692212638666e-01 8.808325146090700830e-01 8.731606899690798063e-01 8.709721112562638368e-01 8.801927643585008010e-01 8.758696457853046846e-01 8.770376895774437687e-01 8.734232803768940956e-01 8.748958859094081442e-01 8.769361731693195994e-01 8.739921606594195369e-01 8.758917715122895853e-01
1.001788639182725066e-01 1.719584987008909993e-01 3.612800934082807669e-01 5.171372119832211567e-01 4.321481645444201214e-01 5.218842633424788380e-01 6.866348859469116883e-01 7.044718061237895679e-01 7.690836265193342625e-01 1.000000000000000000e+00 7.589280138121975439e-01 7.874712549240300286e-01 7.325394733040840878e-01 7.259603763710055224e-01 8.134728307142242709e-01 8.050592150663195001e-01 7.265627513399467441e-01 5.885353153574507390e-01 6.127435995615286846e-01 5.274295969232577486e-01 5.739054329380592900e-01 6.574662727992279798e-01 6.827498648958850724e-01 6.493844186610397973e-01 6.843469533930350845e-01 7.578649819610772109e-01 7.739804480120121566e-01 7.899034432351843549e-01 7.373933309648672552e-01 7.703295281457386290e-01 7.773899825624188686e-01 7.960126103679258103e-01 7.638735922724673166e-01 7.713106255135704359e-01 7.739042712819833580e-01 7.466832817669829536e-01 7.794385074342634612e-01 8.211025296132679063e-01 8.200045936177018380e-01 7.750162143819253613e-01 8.291584224468633302e-01 8.251398348202323429e-01 8.118325208293657447e-01 8.268014499787371685e-01 8.101971392987323828e-01 8.241415771776766652e-01 8.390179135335678051e-01 8.380071120811518615e-01 8.356553812923577240e-01 7.939584589039843099e-01 8.294818352845423348e-01 7.937137764862424172e-01 8.266700716179986586e-01 8.424755660916476430e-01 8.361636172992811256e-01 8.318552032555992515e-01 8.243992669124574624e-01 8.365917785849303900e-01 8.374913818446046987e-01 8.357083659506768791e-01 8.343425740432349746e-01 8.387861852703230037e-01 8.362840752354476770e-01 8.337949066566041623e-01 8.227937293018802167e-01 8.387282961661889358e-01 8.341570708791673505e-01 8.294041998849499553e-01 8.389655938716438222e-01 8.113108934638484371e-01 8.142963554571476248e-01 8.322307041218436341e-01 8.237586145923152525e-01 8.225055709408382043e-01 8.377389067694568370e-01 8.384527586407125588e-01 8.351744346399285757e-01 8.347994817500672404e-01 8.354453495140853336e-01 8.432916716760322506e-01 8.358991937668051042e-01 8.379042076051119725e-01 8.392509120031540482e-01 8.378562565885808722e-01 8.324293439262356875e-01 8.355365724561072405e-01 8.316323940434764417e-01 8.365215520933485527e-01 8.369011836092323797e-01 8.383570710643980517e-01 8.332237618474751528e-01 8.345200330502404729e-01 8.367455932312088951e-01 8.340905314949252913e-01 8.323482534932800103e-01 8.342625365045187591e-01 8.269479098198488920e-01 8.250120631947938099e-01 8.344399324412589136e-01 8.343667578714935029e-01 8.262576208158614044e-01 8.364382957536155017e-01 8.343532545688123747e-01 8.310786034887134299e-01 8.308286299156983912e-01 8.350815640946168683e-01 8.341684346892493940e-01 8.345585178759025169e-01 8.377267298769498494e-01 8.364731450372302479e-01 8.367672337034308683e-01 8.348614008109567219e-01 8.355147289090657514e-01 8.338988149175632358e-01 8.320394345983231910e-01 8.356754216051492934e-01
1.120268942691219211e-01 1.593970694680910682e-01 4.458263353006033936e-01 6.209790578318254983e-01 4.833597331581729328e-01 5.716345983029016420e-01 7.675535801320688689e-01 7.550880173675690310e-01 8.125244482454170303e-01 7.589280138121975439e-01 1.000000000000000000e+00 8.636898138100165268e-01 7.653639334038248032e-01 7.637851170740278528e-01 8.799221925446322201e-01 8.683837599617404424e-01 8.114165530721207942e-01 6.781805769163157249e-01 7.091976310381814530e-01 6.203226990893959680e-01 6.714179909985574790e-01 7.644066140933414299e-01 7.557161449934224340e-01 7.278706727045756164e-01 7.655465543267740980e-01 8.365415039321413282e-01 8.578847254207403461e-01 8.647776901390388238e-01 8.150475467458121459e-01 8.472989661244716419e-01 8.626275088413428715e-01 8.699514576593910808e-01 8.401764672731759642e-01 8.524754282689184226e-01 8.538449224708302143e-01 8.380256373648898860e-01 8.600111040957229003e-01 8.874361878695274930e-01 8.891722916907661700e-01 8.592349701091495096e-01 8.926932625181468461e-01 8.886559792375336997e-01 8.826761788004865439e-01 8.918398510485252562e-01 8.893505702019944836e-01 8.886147863976172623e-01 8.840780315653801180e-01 8.788425603927685348e-01 8.892642244869309875e-01 8.729662453664259747e-01 8.965296329366783112e-01 8.761600311856141410e-01 8.924082816060996404e-01 8.880718373300571233e-01 8.842400449099844240e-01 8.926510363243514989e-01 8.818660093142188794e-01 8.863089069254759256e-01 8.835441042191188865e-01 8.859351484330679760e-01 8.855350634360786843e-01 8.836668508149387868e-01 8.847202396368808452e-01 8.899838683023147956e-01 8.837179681992748392e-01 8.866805796197481104e-01 8.860249851444125246e-01 8.950428457021907258e-01 8.980110339828825117e-01 8.853514950746935730e-01 8.889312171303672683e-01 9.004462458698647698e-01 8.883956263892759386e-01 8.888173782215884611e-01 8.969706656256870581e-01 9.008341488376808703e-01 8.894652689913412624e-01 8.928588540192936573e-01 8.901095074737475077e-01 8.964301375136024541e-01 8.999782333126853384e-01 8.989174143605557221e-01 8.990733587838731777e-01 8.926187362456341479e-01 8.942578023267554466e-01 8.944626738141809863e-01 8.984179143230950348e-01 8.881573222092222775e-01 8.915286443360748159e-01 8.938422715148534037e-01 8.951130224883582231e-01 8.853343020642412409e-01 8.923688404953773468e-01 8.876997700102249311e-01 8.761949855321644609e-01 8.781966829412676256e-01 8.886913085732802697e-01 8.838539506151364966e-01 8.866767812195117671e-01 8.885109776136743687e-01 8.811984056352355488e-01 8.879532574819988255e-01 8.898506669824514104e-01 8.828727217358947055e-01 8.948800338968272428e-01 8.865089601806016573e-01 8.801116053233090097e-01 8.792957816747514199e-01 8.876039538279431040e-01 8.845570354750056374e-01 8.859892172143880584e-01 8.809900641622063766e-01 8.826824000510480328e-01 8.861805108140712317e-01 8.859514766566125576e-01 8.860068016976184735e-01
9.954483711884205832e-02 1.648413074651625121e-01 4.283834460845745151e-01 6.720372327726457096e-01 5.336321014526927975e-01 5.891266129589759482e-01 7.895679948091931522e-01 8.104087947693505711e-01 8.354209826187587451e-01 7.874712549240300286e-01 8.636898138100165268e-01 1.000000000000000000e+00 8.090596778304456338e-01 7.786193222872814790e-01 9.154493183557510516e-01 9.109320474435991244e-01 8.108371273299053161e-01 6.172049293296787420e-01 6.656843447780805834e-01 5.932980607928652894e-01 6.292915519603261565e-01 7.483612475601255642e-01 7.261586304838032468e-01 6.855093319907112903e-01 7.407639843647363387e-01 8.439702086440666884e-01 8.727925050431877274e-01 8.807572408809730691e-01 8.033992351898845419e-01 8.430048163189131083e-01 8.712338045757402893e-01 8.752222123498758499e-01 8.389590303331273535e-01 8.465891263317483206e-01 8.520513322145611967e-01 8.562839571942948425e-01 8.605003315231630756e-01 9.143133700122538787e-01 9.121211075357801290e-01 8.938878936367735673e-01 9.231091261804025283e-01 9.266325644663823136e-01 9.251412035508129739e-01 9.332142554491420494e-01 9.211724044316126347e-01 9.214853466102754798e-01 9.234320646267842880e-01 9.211579239769634997e-01 9.248335659565564137e-01 9.072662003490719052e-01 9.316821873478295934e-01 9.211865106540003678e-01 9.332374670253721360e-01 9.166631291500897394e-01 9.115301005852616267e-01 9.185607139250294706e-01 9.141919588630122995e-01 9.215507028057328132e-01 9.164612780546698145e-01 9.218929865490907982e-01 9.239884778509650509e-01 9.177078608854740693e-01 9.166366149066875746e-01 9.269652264796959251e-01 9.132405626903745688e-01 9.227519347974360020e-01 9.203480294301232822e-01 9.061462203403790605e-01 9.163046380373952582e-01 8.989974315108997249e-01 9.049904451111844272e-01 9.204847399682024589e-01 8.951514604190150548e-01 8.993540102355679355e-01 9.321645441946431188e-01 9.272241960497177304e-01 9.214934189357759653e-01 9.123249339251637835e-01 9.238177035406703874e-01 9.178479298450922252e-01 9.205881854295149269e-01 9.260596140451178293e-01 9.284881379262664991e-01 9.073165547908147444e-01 9.230339682451524919e-01 9.144469433934405700e-01 9.263569219258099841e-01 9.240752545898348602e-01 9.256038264866258691e-01 9.288064654020948829e-01 9.297523044388459335e-01 9.270256412067034990e-01 9.313232890556454313e-01 9.277993735986398427e-01 9.178982224121158273e-01 9.191927796434328224e-01 9.306971664511266562e-01 9.206684388316254131e-01 9.260012072592604948e-01 9.293876373702951721e-01 9.258158898574400109e-01 9.272890743699220284e-01 9.305792254643154848e-01 9.271150747776425449e-01 9.365446378026280883e-01 9.267443174601321942e-01 9.216173344671284573e-01 9.190701469808154611e-01 9.247216945931509002e-01 9.231526931230528144e-01 9.244515254238960811e-01 9.222054425817957091e-01 9.229645485610883382e-01 9.252704268602800486e-01 9.199552048329197040e-01 9.284248977663338565e-01
1.842353486743505270e-02 1.258870764725533442e-01 3.096057888412702686e-01 5.134250702901513863e-01 4.707980042808684873e-01 5.155185158376887067e-01 6.608952875551969974e-01 7.204039844845340212e-01 7.508170588926916800e-01 7.325394733040840878e-01 7.653639334038248032e-01 8.090596778304456338e-01 1.000000000000000000e+00 7.047741694579358063e-01 8.186413983321456644e-01 8.240817229243498909e-01 7.041092383216098760e-01 5.041941566063530278e-01 5.349271102628708752e-01 4.632550017508580420e-01 4.927185189424717060e-01 5.956785122814685085e-01 6.004374383636552626e-01 5.748359828443998509e-01 6.239953481423206050e-01 7.072565297578351506e-01 7.500594167548707558e-01 7.667419627931288950e-01 6.842608929454663258e-01 7.242385606133072695e-01 7.506115092318084159e-01 7.690621236792233306e-01 7.325731320746727837e-01 7.331835100958364881e-01 7.312343377975648595e-01 7.239549818508251855e-01 7.467911933419737469e-01 8.233817771996326806e-01 8.155691163285084810e-01 7.702796589315943354e-01 8.361535261893218163e-01 8.457506919600834561e-01 8.392935384531651222e-01 8.505432609221865725e-01 8.113709752016484700e-01 8.341842383243918135e-01 8.655335360511859921e-01 8.657938790333206125e-01 8.523509340854046323e-01 7.844358713953369922e-01 8.373317363562711169e-01 8.045505706991963324e-01 8.448734845514237479e-01 8.543301168371481014e-01 8.327504642918677202e-01 8.215030170867219095e-01 8.180124236471766341e-01 8.580155303957681667e-01 8.509644244084324516e-01 8.651014689567788629e-01 8.619136388966054385e-01 8.592624099761634326e-01 8.522858353868504322e-01 8.527138187419180948e-01 8.456638384426131694e-01 8.540176541108541741e-01 8.612004431525078774e-01 8.285612804524837838e-01 8.397910427930620481e-01 8.041340241483947437e-01 8.143061739021681955e-01 8.359495225232486115e-01 8.184618254017270722e-01 8.167689043398617121e-01 8.545107202921763401e-01 8.496854845437502579e-01 8.549779551126475141e-01 8.407593943438990136e-01 8.535228187159320523e-01 8.494817671846207618e-01 8.412733238415801562e-01 8.523639179284838718e-01 8.488739550241910514e-01 8.413106434194816963e-01 8.471251980042573404e-01 8.428021447737952254e-01 8.444563204811733614e-01 8.594492333163358255e-01 8.592185485782148913e-01 8.529590392496289031e-01 8.493752941020297209e-01 8.647074685244441339e-01 8.605659422094658062e-01 8.640375811812055495e-01 8.670479187990030034e-01 8.671104317215548862e-01 8.459463359097441071e-01 8.349400430995990163e-01 8.612141325660297442e-01 8.560141561268642674e-01 8.626515350521637426e-01 8.604012263013506301e-01 8.628222129696465625e-01 8.657948615925444846e-01 8.570660978056103829e-01 8.560462825655859032e-01 8.634537302188649566e-01 8.661588964127363566e-01 8.623327100337908613e-01 8.657232473586977672e-01 8.615690512854551342e-01 8.678181966426022909e-01 8.663237841742643663e-01 8.625837448742724733e-01 8.599455056080584914e-01 8.657230664515751517e-01
