1.000000000000000000e+00 2.033632535436837377e-02 7.055395903765816767e-02 5.289921756980729695e-02 4.983003161419385235e-02 -2.872451358354596255e-03 -1.009952296819125427e-03 2.318616830985826410e-02 8.537928061629052046e-02 8.534423771868058367e-03 1.262544407161326522e-02 1.475572874829698955e-02 1.210710931647107462e-02 4.954177053403079414e-03 1.309305867549251032e-02 2.805001822257714716e-02 4.657189806974892932e-02 2.303215102099158071e-03 1.954501550974625454e-02 7.752256170808684375e-04 3.054948007932143522e-02 2.436796863255461312e-02 3.231992792975878215e-02 -1.826363166179100547e-03 9.574340868112289279e-03 1.573997921294191873e-02 2.139956502148696038e-02 2.973591021957109563e-03 -1.317486412418545152e-02 2.141767502936808149e-02 1.946974608757475259e-02 4.757787159662417269e-03 -3.232804674652679094e-02 -7.311663463456433533e-04 1.462399296203069094e-03 1.489434181348439808e-02 1.307770772606546214e-02 -2.125756286914273069e-02 -9.569070911317302053e-04 -4.886368781341784290e-02 2.002674290417934353e-03 -9.141276525340425937e-03 -1.180083258797749897e-02 3.283068970447759576e-03 6.923739703839686122e-03 -5.340104697636896200e-03 1.691991161491939247e-02 9.236675572520702468e-03 1.585430005782317159e-02 2.341415687026916423e-02 1.748166051290558215e-02 3.711346469067114406e-02 2.514541824055793046e-02 3.316996915155984854e-02 5.835283470967609666e-03 -2.683999993168179922e-03 5.208781862302647170e-02 -1.393783077953093200e-04 2.250905150005354585e-02 3.171636958847926652e-02 3.532791028965164004e-02 2.535489258715088387e-02 1.523291838759708444e-02 3.830960691325391992e-02 3.698221895739154524e-02 5.039374061969702917e-02 1.175609334761949787e-02 3.328083427580201840e-04 9.462048423000695915e-03 -7.648463832280809685e-03 4.068618596607318644e-03 9.207467902334386459e-03 -3.917443311026987639e-03 7.601215888811673274e-03 7.639019484614296106e-03 3.839176020635013797e-03 -1.388527540047200179e-03 -4.855206209734613289e-03 6.344962427132730225e-03 9.606560483965445943e-03 1.458731110356390435e-02 9.897535251194885045e-03 2.078563628352264256e-02 -9.711125572173431170e-04 -6.664006711725561612e-04 1.416148359812828073e-03 5.826098667635504214e-03 -1.341343759230542634e-03 -2.716737578287832869e-04 1.276502157970422699e-02 -1.411932824368486439e-02 -4.639680343360925497e-04 -2.788112852698530850e-03 -4.116077881930159214e-03 6.673858837153134535e-03 8.992053877368519701e-03 4.559823567088085866e-03 5.426499381974149439e-02 2.092938388338348721e-02 1.033235501803078139e-02 -4.273512699529939327e-03 2.503910106919068901e-02 1.319313348077626007e-02 1.339541782678235456e-03 1.797079135484999646e-02 4.057957292630293145e-02 2.798349939023617519e-02 9.807330836521941514e-03 1.192143261537305203e-02 1.760083509227431536e-02 1.892684166980404190e-02 1.993642175261738439e-02 2.173293290643845896e-02 3.057487093728520136e-02 1.922376451662421645e-02 3.092754951335224475e-02
2.033632535436837377e-02 1.000000000000000000e+00 8.636680960015317987e-02 1.199767924565808969e-01 9.364408370419524674e-02 1.289355790717623407e-01 1.658971856897529795e-01 1.602039384580410397e-01 1.707738159488311758e-01 1.663512346095490924e-01 1.612463484364666522e-01 1.606639366931544854e-01 1.593494642074077261e-01 1.399516025855212786e-01 1.624460497966353778e-01 1.813224395534040467e-01 1.809108319801099318e-01 1.534546752381807100e-01 1.661154158582583418e-01 1.602248840306927657e-01 1.580101258574267142e-01 1.671395594778417315e-01 1.549611097988460584e-01 1.635249633974655004e-01 1.391320522179531061e-01 1.706832955678510011e-01 1.738712631949091425e-01 1.557398041767305563e-01 1.400882970753814516e-01 1.750684495244147487e-01 1.713593743676430359e-01 1.744191245776430532e-01 1.614751003354660264e-01 1.631877433783765763e-01 1.793438621809566313e-01 1.348721061402206323e-01 1.689646155905356328e-01 1.699712756795825619e-01 1.598892639352927636e-01 1.492524120292861023e-01 1.715303414538137672e-01 1.614477940149520729e-01 1.595930255860609492e-01 1.733160914596378888e-01 1.658652337344496963e-01 1.691626014856029425e-01 1.806772214320416237e-01 1.770372467461268640e-01 1.702023424170037436e-01 1.588932060509565258e-01 1.638048416796372975e-01 1.525433024677245453e-01 1.703976637310941067e-01 1.827986925269967367e-01 1.803489242332229348e-01 1.691646758944419515e-01 1.698332945721421350e-01 1.820900337113253720e-01 1.796067787976329821e-01 1.785594583108778000e-01 1.710880485802820650e-01 1.833845740144384451e-01 1.698443484217653232e-01 1.716282129668206813e-01 1.726343740620411571e-01 1.808635505668467203e-01 1.748948071633477930e-01 1.744640743102264524e-01 1.793917980262344780e-01 1.765293584100356417e-01 1.713836275422080113e-01 1.698848016375169023e-01 1.777090421463067282e-01 1.670004847137011583e-01 1.720842164836003940e-01 1.716728882342176965e-01 1.710473308496030798e-01 1.634633996036145842e-01 1.691607223719344133e-01 1.746319910246413865e-01 1.744544936646462152e-01 1.767617842262154126e-01 1.728835233778191760e-01 1.788650287728127952e-01 1.697516214082352148e-01 1.711265120382423621e-01 1.675085649499209739e-01 1.775431196755656305e-01 1.720811030317820622e-01 1.744939053497382153e-01 1.688372008819505055e-01 1.684164329063533860e-01 1.669032696394288917e-01 1.692059583013622304e-01 1.744531965322919931e-01 1.774346340494246943e-01 1.547359823766199793e-01 1.716833543832725906e-01 1.719910434238137442e-01 1.674180316574289951e-01 1.626731592416556793e-01 1.721450950068126595e-01 1.725771570762581753e-01 1.699616028283515989e-01 1.685329321220469800e-01 1.762295417485315874e-01 1.760588267067937085e-01 1.799799034673948417e-01 1.808510539887194790e-01 1.813969536244289527e-01 1.794467790191134893e-01 1.783087828558684584e-01 1.815599370520947775e-01 1.708038732904739732e-01 1.735008487956462842e-01 1.789119106914122403e-01
7.055395903765816767e-02 8.636680960015317987e-02 1.000000000000000000e+00 3.409481428464742891e-01 2.249239256651185404e-01 2.721922290669301359e-01 3.704791132558239442e-01 3.488591431828327871e-01 3.852856458018714680e-01 3.531508859392783473e-01 3.846864779402828782e-01 3.960880606893014688e-01 3.646775482464005291e-01 2.831214176237118463e-01 4.001673755476014005e-01 4.091797530057110222e-01 3.936068057140456045e-01 3.913899224813207622e-01 3.963958066882194986e-01 3.769455045517753899e-01 4.054844613703270095e-01 4.036649218277479911e-01 3.984924955118032130e-01 3.769942522081025094e-01 3.742803787259836312e-01 4.065434169625354865e-01 4.041658090988377028e-01 3.914710726871871160e-01 3.654350101577392707e-01 4.038124837528540012e-01 4.153714258204361243e-01 4.198935104587570577e-01 3.984031279233124501e-01 4.157470296194005210e-01 4.085680092230616345e-01 3.965846440011694951e-01 4.014740969584526531e-01 4.143814011419816312e-01 4.151844295634140591e-01 3.919557540064600998e-01 4.061475588396000758e-01 4.064954181267620981e-01 4.007335542998083922e-01 4.115956155938172989e-01 4.087666293769885439e-01 4.038726349195019272e-01 4.108328018806834958e-01 4.125001263434903698e-01 4.042329020707466358e-01 4.025732559740796690e-01 4.071125828205717223e-01 4.019809370410599159e-01 4.012202992757090136e-01 4.115369063208155209e-01 4.039971098889250101e-01 4.100164303768425444e-01 4.060804004616603846e-01 4.098142124364498318e-01 4.067880305281853515e-01 4.146204292372946965e-01 4.169715532307045613e-01 4.121192866974411895e-01 4.032889943050633197e-01 4.123579045086803729e-01 4.107917587943047399e-01 4.136283618132737261e-01 4.143597801282056792e-01 4.129632567540856281e-01 4.150142702730697519e-01 4.128723163468475121e-01 4.180508641656108804e-01 4.156781944237786242e-01 4.074978888439980684e-01 4.117459153869599819e-01 4.134058495649745590e-01 4.120635994151573556e-01 4.060336614492513485e-01 4.004863957398918650e-01 4.088110619002445212e-01 4.124193165097467806e-01 4.191215928235438870e-01 4.202287625278229855e-01 4.208575662256199279e-01 4.134381957486163994e-01 4.198920688184326067e-01 4.169591412802565733e-01 4.259223020141858496e-01 4.195552368057598458e-01 4.208454352615513816e-01 4.142934889042272362e-01 4.132978601086642056e-01 4.145497297483005106e-01 4.156646755669698989e-01 4.143977475467422456e-01 4.115280408285192371e-01 4.140568460957868568e-01 4.108616826146229695e-01 4.194531953918717582e-01 4.141510396931912252e-01 4.163880755037753789e-01 4.119406647575882263e-01 4.183039637458118021e-01 4.112579041863315688e-01 4.158144047344632943e-01 4.161156466865664205e-01 4.124506631216474095e-01 4.161499970106378177e-01 4.130732383955503240e-01 4.139654196201656977e-01 4.148090333972999644e-01 4.176298740580248747e-01 4.140721523238664603e-01 4.150999024695372075e-01 4.171819959994087501e-01 4.176736054728343861e-01 4.140757767123999233e-01
5.289921756980729695e-02 1.199767924565808969e-01 3.409481428464742891e-01 1.000000000000000000e+00 3.854170839356221845e-01 4.441862645143223043e-01 6.137304350300208933e-01 5.825450213364561369e-01 6.241221536681074156e-01 5.643483962353659233e-01 6.198838879274066738e-01 6.622707071599267525e-01 6.016117504073520417e-01 4.554969529019085583e-01 6.496123361089471970e-01 6.582660641844988447e-01 6.127851797750325513e-01 6.291919231197061757e-01 6.404922031958169004e-01 6.156613093255329794e-01 6.328550005617427088e-01 6.458006827043133447e-01 6.244227336501601000e-01 6.233342012678616539e-01 6.028786927335272328e-01 6.555700813553706485e-01 6.492311829979489080e-01 6.406592573073466301e-01 6.475799493604612600e-01 6.699548646203996594e-01 6.638093614578858270e-01 6.621694598671796772e-01 6.209688239758244244e-01 6.430497698461150602e-01 6.410729814031794760e-01 6.425401217907493745e-01 6.444328855887473395e-01 6.465388504568027050e-01 6.699000161561118327e-01 6.368347804184264493e-01 6.539414015363673727e-01 6.575864308187067131e-01 6.564809073399544559e-01 6.683428094525063479e-01 6.645892646977195062e-01 6.624775885880792581e-01 6.596719642901517355e-01 6.641072304912949420e-01 6.567816200215007560e-01 6.388749894867593593e-01 6.549147208058490044e-01 6.458412298502430593e-01 6.585720738429220456e-01 6.597845470956369418e-01 6.429569270868890074e-01 6.628986688663069948e-01 6.579537486501173538e-01 6.590321762765204427e-01 6.489682503090913324e-01 6.643034269254121105e-01 6.597929570257641263e-01 6.601138219279848451e-01 6.519080326453295937e-01 6.651664481685432007e-01 6.662894870280349213e-01 6.665979809667976763e-01 6.632568699970705639e-01 6.711822950931721765e-01 6.716364545399186037e-01 6.704821926429010981e-01 6.704807803963257484e-01 6.695289984408688833e-01 6.638977042916954785e-01 6.689425960119972370e-01 6.664883947989270752e-01 6.662107647413779699e-01 6.680273311881856912e-01 6.643060719052573670e-01 6.693749386858268702e-01 6.699832142937984791e-01 6.719648464946162969e-01 6.723540465820196932e-01 6.750312163001481736e-01 6.657639419585758001e-01 6.692597170628808989e-01 6.702461025390371585e-01 6.711397186851739693e-01 6.738935151300712301e-01 6.727915703391100788e-01 6.720539642002988368e-01 6.674923008601332253e-01 6.711231229012135646e-01 6.680432665841303796e-01 6.707389330400193028e-01 6.644750176931913943e-01 6.675199930298018058e-01 6.668429883123320190e-01 6.672815013793980121e-01 6.695380797459216105e-01 6.668589513947698055e-01 6.710733579151180184e-01 6.728087061644421052e-01 6.662751924425777128e-01 6.704215310842048803e-01 6.706164678806861845e-01 6.701484511737750838e-01 6.685732667243985405e-01 6.674604625002461544e-01 6.678322664660492070e-01 6.676339244810401974e-01 6.720382734826477744e-01 6.700646804790386657e-01 6.705677011712465330e-01 6.731292660992711507e-01 6.636370684373201767e-01 6.683970985459509739e-01
4.983003161419385235e-02 9.364408370419524674e-02 2.249239256651185404e-01 3.854170839356221845e-01 1.000000000000000000e+00 3.451458778677485850e-01 4.942014367994326252e-01 4.874942226336008710e-01 4.739645457815764851e-01 4.321343015273677035e-01 4.958568141275259133e-01 5.042004962803688928e-01 5.023468540381791358e-01 3.419930713867608274e-01 5.152096876930106761e-01 5.178985221342129464e-01 4.838761700413291011e-01 5.094244738646683812e-01 4.934059250417731635e-01 5.048908505626353849e-01 5.257994113322348451e-01 5.276633185699719508e-01 4.799045240208564267e-01 4.970283565530445036e-01 5.047784604744631753e-01 5.068898025604315905e-01 5.035743288397275252e-01 5.033426827766047662e-01 5.054658525843208627e-01 5.128881506130265056e-01 5.200521290980452127e-01 5.104362797593744450e-01 4.622413708737501126e-01 4.961901654558195651e-01 4.949728442004002193e-01 5.026549380702061143e-01 5.028248582637819819e-01 4.958260332429819117e-01 5.229199819995680176e-01 4.926202701799701766e-01 5.187861705116775246e-01 5.352657435408983977e-01 5.399068825854541620e-01 5.357392519955723742e-01 5.191906100275288649e-01 5.242378084615482159e-01 5.158595464168493905e-01 5.169474014857731170e-01 5.131208897684582659e-01 5.076051838134145733e-01 5.130582268834121829e-01 5.282575024441538147e-01 5.306815440831851305e-01 5.057304427844315775e-01 4.915977556725271147e-01 5.217674943022408973e-01 5.010004339656956018e-01 5.210654590289647281e-01 4.907679461075541427e-01 5.285489164407127793e-01 5.175453047936124928e-01 5.083447437199505314e-01 4.983575758972977887e-01 5.147055754634354274e-01 5.191697734129778752e-01 5.204841579422994080e-01 5.202971946365080314e-01 5.286289486689967898e-01 5.219256476086699958e-01 5.329292399200650232e-01 5.346567544645961512e-01 5.284753432273107121e-01 5.219270469357578657e-01 5.314340146861772363e-01 5.218498157202773324e-01 5.205761017918396627e-01 5.217710740202979869e-01 5.257713900943050689e-01 5.228531925497292843e-01 5.245757495978182749e-01 5.209563507757410949e-01 5.223318627757133070e-01 5.197118397770473797e-01 5.138062061699150140e-01 5.180421899279183950e-01 5.188554245159986422e-01 5.234875992855629878e-01 5.259365429758617871e-01 5.247050491646335635e-01 5.321356984488647690e-01 5.160805183637761084e-01 5.300359369744814808e-01 5.236595891764577182e-01 5.279185555211511893e-01 5.208794791447139971e-01 5.214371093629496245e-01 5.219528581547577817e-01 5.224212381575519260e-01 5.261539873265127509e-01 5.223124160384923220e-01 5.395804030761600645e-01 5.258062843243666018e-01 5.247405602913735034e-01 5.342114498269658895e-01 5.305518110906360940e-01 5.207680834707971718e-01 5.213013915327012748e-01 5.227264011452548154e-01 5.235126621784319534e-01 5.264155707040928389e-01 5.271128856557545372e-01 5.267933870295666843e-01 5.240742309501931206e-01 5.258682193564921947e-01 5.244541920865247731e-01 5.236591779259833768e-01
-2.872451358354596255e-03 1.289355790717623407e-01 2.721922290669301359e-01 4.441862645143223043e-01 3.451458778677485850e-01 1.000000000000000000e+00 5.257627820372039462e-01 5.141258138331555871e-01 5.339036300908214239e-01 4.708723044873440733e-01 5.531368778785107354e-01 5.754416598826751494e-01 5.160708123163174621e-01 3.740564231151723429e-01 5.787566876799362658e-01 5.712001136070964380e-01 5.486364933069712846e-01 5.349884448834439921e-01 5.573936778268644421e-01 5.306397286461730367e-01 5.439267626541617329e-01 5.722488946573905944e-01 5.338464984209215780e-01 5.245969979964670848e-01 5.300212869677559668e-01 5.718984735855323631e-01 5.715298086879855299e-01 5.623830291299483086e-01 5.652949754948690675e-01 5.788405114255793515e-01 5.897215535052777735e-01 5.787456453589543415e-01 5.404495236373488831e-01 5.637812090300526879e-01 5.607499427244972967e-01 5.588455671983635353e-01 5.605314200143883818e-01 5.771521924630784728e-01 5.840474507312216623e-01 5.613690673010842680e-01 5.885723121683678061e-01 5.896231576906396654e-01 5.844236144051588866e-01 5.905140279630337607e-01 5.861333271097928233e-01 5.889634000371389844e-01 5.858405521103098312e-01 5.893699488474104520e-01 5.819712307857005662e-01 5.596378667479833258e-01 5.768929529643630483e-01 5.605708659882983058e-01 5.825969989645864988e-01 5.820669251806440680e-01 5.793239279837191225e-01 5.894160943749771064e-01 5.741524719817912015e-01 5.877422917787270551e-01 5.734296697142380328e-01 5.890160476927792654e-01 5.841318330268493453e-01 5.835091159818974749e-01 5.790694638011643081e-01 5.823456954567919341e-01 5.857850431683633285e-01 5.857606054606638857e-01 5.932522526353826153e-01 5.915987176987804741e-01 5.899826034534372265e-01 5.913601018548533261e-01 5.930902779998717955e-01 5.926634579588931917e-01 5.802209753557207028e-01 5.831967760252673161e-01 5.913715107648138680e-01 5.934278623900891558e-01 5.922070037295203981e-01 5.946457310020452081e-01 5.921707445178708840e-01 5.907151941426436181e-01 5.868591168008654435e-01 5.950493471872262408e-01 5.923558982817005436e-01 5.951741647246482358e-01 5.904639303086672841e-01 5.888514396018597052e-01 5.908041597356752384e-01 5.971478136100879519e-01 5.960366949857315300e-01 5.964406116335634334e-01 5.898697111221606892e-01 5.947132940475809981e-01 5.905210384272927548e-01 5.959879639867521339e-01 5.924296378137708929e-01 5.940878636850069894e-01 5.842380655262000566e-01 5.812865765517866157e-01 5.909092819625543225e-01 5.900108218755831802e-01 5.935095583692941990e-01 5.920048167117075710e-01 5.902322057995211813e-01 5.941569877061830818e-01 5.911165486261051871e-01 5.850377927578772619e-01 5.902967299051621319e-01 5.929681399643350614e-01 5.939529723122503047e-01 5.931111548266780886e-01 5.955075949605651564e-01 5.927265197597716417e-01 5.930042149652225980e-01 5.913218210828727894e-01 5.917155627524165462e-01 5.904180429327089419e-01
-1.009952296819125427e-03 1.658971856897529795e-01 3.704791132558239442e-01 6.137304350300208933e-01 4.942014367994326252e-01 5.257627820372039462e-01 1.000000000000000000e+00 7.281134408850026274e-01 7.447306373310328409e-01 6.924236098197482647e-01 7.716978320440371908e-01 8.051921587338605191e-01 7.535549601526086994e-01 5.639448729386397074e-01 8.353129748365543117e-01 8.166738638539463579e-01 7.567393669258385414e-01 7.910718490030472783e-01 7.935102498716141151e-01 7.890781149251656634e-01 8.014664384835508137e-01 8.113459877782600582e-01 7.672249627264180472e-01 7.623244107189038887e-01 7.506809486436386569e-01 8.148692244089412728e-01 8.148913153158710010e-01 8.156706744456618807e-01 8.129576888279522739e-01 8.286258286922446592e-01 8.374503538321330653e-01 8.259825034571438573e-01 7.773573929875124966e-01 8.101553366894467256e-01 8.029500315128562660e-01 8.019862176440164525e-01 8.146905142342374395e-01 8.251910379099136605e-01 8.429635262302820342e-01 8.061015116014809134e-01 8.281344653695530411e-01 8.391635712904469413e-01 8.360928431827002738e-01 8.421260534199281889e-01 8.321645991191769509e-01 8.416342667442260339e-01 8.197482557578011919e-01 8.265496778811961542e-01 8.164330710401689339e-01 8.019567056840918307e-01 8.170561713985020624e-01 8.058270552247903673e-01 8.159149352707174563e-01 8.160579785112717088e-01 8.041450888012651177e-01 8.309844780414868959e-01 8.052164695383321469e-01 8.258029230299551715e-01 8.037283822555332247e-01 8.252200719119151540e-01 8.203996280706752353e-01 8.159706357341220961e-01 8.037044265051445091e-01 8.232019249652781090e-01 8.283658860875325880e-01 8.210173618989543565e-01 8.295946727741873028e-01 8.385401770645621866e-01 8.368276580822763266e-01 8.438192589311108716e-01 8.407200598779220879e-01 8.354806287475322613e-01 8.288597903780454690e-01 8.267118174099781225e-01 8.339455065432600511e-01 8.379958530185640520e-01 8.425708886620577598e-01 8.369165781464160681e-01 8.378565509163298231e-01 8.373269038939458175e-01 8.381247442726387220e-01 8.394759486945545524e-01 8.381311766252352857e-01 8.344951768974896433e-01 8.351691658111245475e-01 8.367613427612581312e-01 8.415371182185871213e-01 8.454020036184317632e-01 8.438517466679782419e-01 8.402255209615286935e-01 8.385352434812696210e-01 8.419987761976117646e-01 8.383927603565171083e-01 8.456129350922468868e-01 8.303780509489739892e-01 8.326537700172351730e-01 8.247137903737429276e-01 8.200933811852652022e-01 8.296221129291071472e-01 8.294418936252165864e-01 8.419784986725811216e-01 8.320609245308906443e-01 8.288388541747264693e-01 8.383334424929032025e-01 8.338761366941797037e-01 8.217940594923677233e-01 8.270193821644077348e-01 8.323972120401977870e-01 8.332872595062567056e-01 8.311091629762015209e-01 8.336873872638931315e-01 8.319657897619548992e-01 8.301174138472259267e-01 8.327841956879148411e-01 8.289213249895088786e-01 8.274387102184492804e-01
2.318616830985826410e-02 1.602039384580410397e-01 3.488591431828327871e-01 5.825450213364561369e-01 4.874942226336008710e-01 5.141258138331555871e-01 7.281134408850026274e-01 1.000000000000000000e+00 7.278332694822352567e-01 6.643244071519750493e-01 7.440500356117949465e-01 7.797377725402140358e-01 7.209971200967650873e-01 5.432137748799340526e-01 7.861822161759908223e-01 7.950515684157487550e-01 7.256612384731112586e-01 7.372034565576405241e-01 7.465183176420499001e-01 7.371346943483128022e-01 7.584481381817350654e-01 7.635737985410786521e-01 7.125931933710095700e-01 7.078577219105416374e-01 7.046983680432105102e-01 7.715160080637024631e-01 7.671269592464564635e-01 7.467338469425063296e-01 7.379085125035633741e-01 7.862773278681871592e-01 7.972414939396288425e-01 7.875906040291825727e-01 7.247873125328476718e-01 7.628797129297510971e-01 7.569504322656822604e-01 7.493278092489582543e-01 7.664066735995982427e-01 7.898819430344373727e-01 7.921348371868522920e-01 7.561403286966819071e-01 7.870521515237490773e-01 7.915630700429424627e-01 7.826669018124886579e-01 8.021651868156570719e-01 7.864405611556615217e-01 7.958652650551589769e-01 7.912911591024827107e-01 7.951827088547384070e-01 7.906505959940783868e-01 7.748295714657754685e-01 7.937648848665123102e-01 7.642112730597888648e-01 7.869247750819688969e-01 7.893667879816709254e-01 7.770987015521176877e-01 7.916296912726195067e-01 7.847338842485263033e-01 7.974955557940528461e-01 7.905226866467106595e-01 7.956497307809498043e-01 7.938465754801597996e-01 7.934078742470954682e-01 7.817548713440386488e-01 7.946462488986305583e-01 7.934554750525585343e-01 7.945650203224039476e-01 7.972204089992945830e-01 7.990100815065053208e-01 7.947442692023239941e-01 8.003078601080413357e-01 7.991304559094517534e-01 7.964772702553118977e-01 7.787742137893546301e-01 7.840804415473884292e-01 7.969925640296564584e-01 7.989626834257741450e-01 7.916722558844826452e-01 7.896054952094979651e-01 7.914534293716629643e-01 8.001122512656320129e-01 7.994177605851411350e-01 8.021618795941286573e-01 7.995697379109765190e-01 7.924004625302087934e-01 7.947877453395180147e-01 7.921259763437226153e-01 8.009447510453469032e-01 8.079995449465345869e-01 8.022269409820427244e-01 8.000576841575041120e-01 7.920707331528399342e-01 8.011271463056911513e-01 7.961519498742961609e-01 8.019015528334818566e-01 7.969500383220243789e-01 7.989846681933877592e-01 7.945901883836722357e-01 7.981453278493301218e-01 8.001162851127187059e-01 8.006763705200269365e-01 7.971584198922663234e-01 8.050864530251072848e-01 7.937442783125849832e-01 8.020556619699007461e-01 7.959535389961958085e-01 7.966578687572487549e-01 8.005972938714349674e-01 7.997725977078654624e-01 8.029874294216933217e-01 8.044212069119531794e-01 8.101606429822163502e-01 8.002238870323973297e-01 8.030049469571195475e-01 8.005149506391436853e-01 7.967193299533298356e-01 7.959023526846775720e-01
8.537928061629052046e-02 1.707738159488311758e-01 3.852856458018714680e-01 6.241221536681074156e-01 4.739645457815764851e-01 5.339036300908214239e-01 7.447306373310328409e-01 7.278332694822352567e-01 1.000000000000000000e+00 7.533443278797863352e-01 8.260359749947289165e-01 8.489796633305846107e-01 7.825304518588329650e-01 5.942548866207373326e-01 8.549458739233788407e-01 8.534689874387115793e-01 8.148604936865806447e-01 7.950423560413379942e-01 8.192965976087090985e-01 8.004307797520477941e-01 8.028518337002713556e-01 8.378196426019672849e-01 7.964502575124782213e-01 7.731554738720000097e-01 7.617125318841717618e-01 8.568751291932248382e-01 8.514165510453521879e-01 8.268674414633957470e-01 8.110134858609046038e-01 8.679783034096071326e-01 8.737095925847214728e-01 8.628316529656984146e-01 7.867247445780702897e-01 8.306714081908411762e-01 8.395574065315581924e-01 8.184852275151811574e-01 8.460463960905367786e-01 8.472828350178820411e-01 8.581790197517660257e-01 8.183183821521765600e-01 8.681593327421271988e-01 8.633284500579710974e-01 8.456641257432381265e-01 8.778823511962238202e-01 8.687218759525442424e-01 8.637082522160008935e-01 8.869479622906809579e-01 8.877330649645522875e-01 8.758150219441243056e-01 8.493211336190342742e-01 8.669817622223723319e-01 8.452475837003460279e-01 8.749386489320113425e-01 8.856212806553942496e-01 8.650924700278457280e-01 8.656977356948163393e-01 8.779168123246047228e-01 8.787826171102433026e-01 8.749978538550687857e-01 8.940359361087747425e-01 8.848487751280593727e-01 8.847107120890120857e-01 8.632780963420879639e-01 8.863331699533352204e-01 8.887396465362291664e-01 8.892020477037180237e-01 8.856619117449293643e-01 8.797623806706255101e-01 8.796718101865769190e-01 8.763017131601122944e-01 8.796171730426436408e-01 8.815322163858362314e-01 8.612339547989055211e-01 8.684466296827013654e-01 8.837142091326916082e-01 8.822757514080247221e-01 8.747988126892081162e-01 8.720247650246335525e-01 8.796771430851575424e-01 8.853335823481748301e-01 8.846651594359656867e-01 8.870238749489856023e-01 8.817923037984927159e-01 8.774584184957654465e-01 8.749511514220267294e-01 8.742433003238231359e-01 8.813757873019940625e-01 8.817743822743958626e-01 8.817412644533842991e-01 8.799097447926775839e-01 8.694342209505541152e-01 8.813297660374080911e-01 8.798835016927661901e-01 8.810729928695696378e-01 8.858683343415756362e-01 8.872008721300153056e-01 8.631521887522557446e-01 8.885786619158480004e-01 8.865877054234094778e-01 8.787255701657212814e-01 8.709409111284327487e-01 8.852001764066433909e-01 8.838402911588971733e-01 8.829726105130658587e-01 8.827835412911767543e-01 8.840749829513695479e-01 8.893354747711148534e-01 8.859485006430359855e-01 8.861496160766015873e-01 8.895257925373472041e-01 8.880411650359154585e-01 8.919027440999516276e-01 8.900239648143685178e-01 8.894293512128818024e-01 8.885745738433518115e-01 8.898662145131633894e-01
8.534423771868058367e-03 1.663512346095490924e-01 3.531508859392783473e-01 5.643483962353659233e-01 4.321343015273677035e-01 4.708723044873440733e-01 6.924236098197482647e-01 6.643244071519750493e-01 7.533443278797863352e-01 1.000000000000000000e+00 7.572518673864110372e-01 7.905887557829099910e-01 7.289844775820503164e-01 5.538011536837433857e-01 7.948061136735802279e-01 7.860066349523406881e-01 7.515944949797537245e-01 7.419073518107126564e-01 7.674714387015203476e-01 7.362709257519840511e-01 7.359218180948592369e-01 7.767378209516148102e-01 7.350652647349226188e-01 7.226047288573202998e-01 7.127064252637079766e-01 7.947152240593847727e-01 7.979954737289541855e-01 7.742474388837187194e-01 7.680747178043001444e-01 8.063906316942023311e-01 8.148755528590576613e-01 8.040327809542121562e-01 7.362672554539166914e-01 7.755295165778028910e-01 7.751039762989312409e-01 7.554300693692636015e-01 7.826785535545526251e-01 7.872809382279467583e-01 7.992969301262619064e-01 7.654428842555567325e-01 8.094837942549998333e-01 8.046250880183393184e-01 7.799837609549106210e-01 8.163062373064711164e-01 8.080977022979164426e-01 8.052180951436540557e-01 8.214533726205139885e-01 8.299064660046455710e-01 8.146366616052547194e-01 7.787973449699651107e-01 7.952079412143105985e-01 7.704609133787592157e-01 8.087853582646343797e-01 8.212298114339222632e-01 8.061912732950140548e-01 8.079181388371600159e-01 8.097816546788801917e-01 8.154484906360471852e-01 8.079315289659450006e-01 8.239958247805551084e-01 8.139534021829846200e-01 8.188842711067972902e-01 7.991669833124792621e-01 8.157527028519331314e-01 8.198199880848530130e-01 8.173234291169043653e-01 8.236522752493052879e-01 8.226848531959116695e-01 8.213281850834696085e-01 8.205736206689950851e-01 8.224933841892226871e-01 8.220475557824348245e-01 8.052377284945760882e-01 8.093294100202222952e-01 8.249295491736966524e-01 8.238828911790803122e-01 8.214207706476792659e-01 8.188023004184074027e-01 8.219394095348360185e-01 8.250407091211731103e-01 8.217470017916246317e-01 8.254407456203481930e-01 8.214723029700942147e-01 8.170117856568454018e-01 8.167060287245587746e-01 8.151053718486834798e-01 8.210288810197385878e-01 8.235987403786529937e-01 8.235604315804440079e-01 8.168326253548439109e-01 8.178909001853871263e-01 8.228473361893845484e-01 8.217926731075504421e-01 8.240098315943004126e-01 8.267664387119144642e-01 8.289736168285565254e-01 8.061764975316680903e-01 8.184102983512065999e-01 8.244516939819419576e-01 8.176182260922457701e-01 8.122060530956894953e-01 8.215296809138639134e-01 8.220688704493352983e-01 8.233456315643048473e-01 8.190226849296824430e-01 8.213712364927157061e-01 8.257391931014766984e-01 8.267356906575035191e-01 8.247465091775311175e-01 8.271421315306037858e-01 8.251557078335793882e-01 8.290217532460257832e-01 8.281689370801248451e-01 8.258156593782761679e-01 8.255275235669887746e-01 8.246489414741962065e-01
1.262544407161326522e-02 1.612463484364666522e-01 3.846864779402828782e-01 6.198838879274066738e-01 4.958568141275259133e-01 5.531368778785107354e-01 7.716978320440371908e-01 7.440500356117949465e-01 8.260359749947289165e-01 7.572518673864110372e-01 1.000000000000000000e+00 8.808346159774246287e-01 8.076025628468536111e-01 6.116983060244252091e-01 8.778480060909233940e-01 8.713113973500915543e-01 8.216360465174898930e-01 8.221903207220753185e-01 8.552811088290367403e-01 8.189826152387276181e-01 8.250307280499707963e-01 8.599838752882673631e-01 8.183455210605270480e-01 8.069245537964954140e-01 7.999565351893754839e-01 8.819260573913451084e-01 8.785081351186846410e-01 8.541893483407005938e-01 8.485753099806738753e-01 8.907102907819173243e-01 9.068568569379796829e-01 8.904587214843416865e-01 8.118766705978641696e-01 8.576053859840242488e-01 8.560353317882546387e-01 8.430815019125280640e-01 8.623338042837066508e-01 8.809582205123392962e-01 8.876505040332050012e-01 8.623241265349389506e-01 8.996732990118166962e-01 8.975517466296498714e-01 8.829479939435839198e-01 9.073496021328242289e-01 9.011886055915189209e-01 8.996122053043503763e-01 9.057945173000191419e-01 9.087974686830894155e-01 9.020268234360565573e-01 8.704082988142185506e-01 8.885784520488173577e-01 8.663718659809560574e-01 8.956802220969458661e-01 8.993434954053819430e-01 8.904524151340239557e-01 8.999288110752279302e-01 8.898821897107397350e-01 9.038485578478661076e-01 8.931403488735829566e-01 9.085443834824925569e-01 9.012378390856377042e-01 9.001225725674472100e-01 8.863435263567638334e-01 8.997783866334159164e-01 9.039599432998516315e-01 8.998864549417859848e-01 9.113109492472797335e-01 9.115278530142471025e-01 9.072807885150019347e-01 9.060964747605485536e-01 9.091083923572205183e-01 9.098642894122519476e-01 8.901624480527293715e-01 9.006288918956742995e-01 9.110646686703901542e-01 9.111087005518866411e-01 9.057599669480120852e-01 9.032250488641709874e-01 9.092943465033168637e-01 9.118512830383597167e-01 9.099791518525970346e-01 9.135868794826308426e-01 9.055855245358160888e-01 9.020735458480843016e-01 9.046887714357385590e-01 8.996240919441051975e-01 9.081558271192411436e-01 9.106722222521299592e-01 9.105427861571485648e-01 9.076159010359636792e-01 9.044710694025505093e-01 9.123848635421262232e-01 9.107542254278907512e-01 9.120596817811454926e-01 9.126980703695405372e-01 9.145226171998180886e-01 8.976038291960848348e-01 9.012291305364923399e-01 9.111167579126863147e-01 9.058475168459462212e-01 9.047195653489531475e-01 9.090584698521549933e-01 9.112913256739912926e-01 9.120494440941531167e-01 9.094328760611781748e-01 9.021015516554333757e-01 9.108628492461721127e-01 9.126573726686657562e-01 9.116922393601269992e-01 9.132816389397919732e-01 9.121847659218113025e-01 9.130671033218012989e-01 9.113951656538835655e-01 9.102798638065552339e-01 9.112200499301003065e-01 9.109548911912029867e-01
1.475572874829698955e-02 1.606639366931544854e-01 3.960880606893014688e-01 6.622707071599267525e-01 5.042004962803688928e-01 5.754416598826751494e-01 8.051921587338605191e-01 7.797377725402140358e-01 8.489796633305846107e-01 7.905887557829099910e-01 8.808346159774246287e-01 1.000000000000000000e+00 8.334953577618015030e-01 6.319914908703013756e-01 9.147291681367584193e-01 9.124252613887147145e-01 8.565608792152807904e-01 8.545269040667425875e-01 8.799988207552318364e-01 8.483000535829344768e-01 8.608429178009864291e-01 8.935610714549266920e-01 8.496880602378632519e-01 8.328210168807205216e-01 8.284126131255153958e-01 9.120745425818999053e-01 9.114958441874744244e-01 8.937633889100962126e-01 8.863353399599339655e-01 9.291644445013641507e-01 9.377580498767870143e-01 9.261214415504361863e-01 8.557771514109889788e-01 8.957072587920723583e-01 8.953562831315496906e-01 8.826300708073157031e-01 8.992267472117836391e-01 9.236871861562038211e-01 9.268157575019860817e-01 9.014740697374277190e-01 9.362227315902770242e-01 9.369257221996699636e-01 9.224471924444104243e-01 9.462711741289625555e-01 9.355613151955630702e-01 9.381217533435758371e-01 9.448173743486597553e-01 9.476457923545252848e-01 9.415756120059688428e-01 9.123767692826908471e-01 9.308922904412393340e-01 9.012809376981273379e-01 9.319138009028575809e-01 9.358279618201914563e-01 9.300296666677251300e-01 9.366091506588436477e-01 9.285987132471658079e-01 9.423321131007538209e-01 9.329871888317926576e-01 9.439296698461373536e-01 9.404546821811988755e-01 9.398253836852834553e-01 9.274758611970252975e-01 9.395826124775475963e-01 9.411811660818677483e-01 9.372521134702023193e-01 9.484622986078777851e-01 9.470788967672069125e-01 9.416853998918571778e-01 9.457309654760071016e-01 9.463016900886771499e-01 9.478457794942913850e-01 9.239086909589024899e-01 9.340049068966114199e-01 9.466175496086884911e-01 9.474867545662123414e-01 9.426758149028650058e-01 9.407089387711391471e-01 9.460638798817069262e-01 9.497778336683619926e-01 9.475625140021614046e-01 9.510913992425048535e-01 9.403381938369399506e-01 9.415045179281343879e-01 9.431206168303863935e-01 9.390086262542495232e-01 9.458241043097398437e-01 9.477740817581655763e-01 9.474757767192094615e-01 9.421244883878959753e-01 9.418315420481406797e-01 9.495443711591073921e-01 9.467920914492931050e-01 9.503838416457661697e-01 9.503722646584312761e-01 9.510290096446695207e-01 9.336733273814664669e-01 9.376118811248647100e-01 9.455829331651623981e-01 9.412216428394214462e-01 9.407808489690635545e-01 9.441903754016012229e-01 9.456589824201561134e-01 9.489106113378145135e-01 9.447539214934851381e-01 9.373217132819944286e-01 9.465002254216539068e-01 9.491856984330961922e-01 9.488198722685705633e-01 9.491441872963966020e-01 9.475066320280377541e-01 9.486251186100147503e-01 9.476137225330718561e-01 9.463225624988338414e-01 9.473148696334470209e-01 9.459611650405603811e-01
1.210710931647107462e-02 1.593494642074077261e-01 3.646775482464005291e-01 6.016117504073520417e-01 5.023468540381791358e-01 5.160708123163174621e-01 7.535549601526086994e-01 7.209971200967650873e-01 7.825304518588329650e-01 7.289844775820503164e-01 8.076025628468536111e-01 8.334953577618015030e-01 1.000000000000000000e+00 5.653717665323931829e-01 8.420290435949457919e-01 8.440742682638997518e-01 7.894899815961647915e-01 7.795111390656751515e-01 8.144778851335856551e-01 7.939239063489725856e-01 7.966461178343857696e-01 8.175531257449993872e-01 7.812490526969778637e-01 7.711967976635106803e-01 7.585341110923232710e-01 8.406958804538701147e-01 8.318637409671185701e-01 8.110248344544860322e-01 8.186063684982058941e-01 8.451542390630393253e-01 8.568463739871110540e-01 8.468122981285026718e-01 7.831375836057286044e-01 8.235422217113397281e-01 8.280060358966357947e-01 8.090908920513169011e-01 8.206405651961554693e-01 8.376822123094943562e-01 8.499130979551058340e-01 8.167268298198201437e-01 8.608353021751252721e-01 8.598161247187565692e-01 8.503821120484145180e-01 8.677468842943025784e-01 8.552955460036409940e-01 8.570880891815750857e-01 8.634854809403029741e-01 8.679756320612557197e-01 8.571508398832647924e-01 8.321794421457969770e-01 8.474703695338766662e-01 8.317234895873586442e-01 8.567643138634886135e-01 8.566229781217421513e-01 8.480020141875139750e-01 8.587719240378696162e-01 8.475347158807193804e-01 8.656602436497018438e-01 8.470479625993345696e-01 8.674514254193266272e-01 8.623237907961219806e-01 8.594306383350465151e-01 8.447593491968976576e-01 8.568308775327344584e-01 8.593318190476706420e-01 8.609584371931647828e-01 8.672445672433171104e-01 8.678781773830402946e-01 8.636395864367264474e-01 8.691102782284895190e-01 8.665284002420332587e-01 8.644301467249542181e-01 8.509343578468676617e-01 8.558338388126275342e-01 8.678106376336118810e-01 8.645351395657524529e-01 8.637763007274905647e-01 8.635600060743120476e-01 8.669289392967111096e-01 8.682594090637529849e-01 8.655897895493684935e-01 8.695739883194264497e-01 8.598071071093474904e-01 8.628598150073564232e-01 8.642823867756085354e-01 8.621625591141502953e-01 8.646189437495509500e-01 8.682752377990408110e-01 8.673603688474469386e-01 8.672271459731764054e-01 8.591254284657007245e-01 8.699514428709487213e-01 8.672154839660325409e-01 8.700780867069822788e-01 8.686670446869565465e-01 8.707399548195299266e-01 8.548040533246245021e-01 8.595029589177348717e-01 8.661452882795637187e-01 8.609501566409856199e-01 8.662226023566006461e-01 8.650212025844201680e-01 8.663129401949668518e-01 8.716454497861343409e-01 8.677625162172897255e-01 8.602321900589757764e-01 8.661256029001246359e-01 8.698004699461188149e-01 8.690229171205409164e-01 8.702428590550723708e-01 8.676164379775863633e-01 8.702456351137900503e-01 8.688611865883392182e-01 8.672529702739492086e-01 8.661249183416031006e-01 8.668485906093500448e-01
