1.000000000000000000e+00 7.239242125882970613e-02 5.108963459889632325e-02 4.628766460922674464e-02 3.487073515238788002e-02 1.252688482821845938e-03 1.887917771958800423e-02 4.058905498241865972e-02 8.305206381275488658e-02 4.536654141751879539e-03 3.018035462298928814e-02 2.585641840059927157e-02 3.423887300168133863e-02 6.397293099187265249e-03 6.624100779454642277e-03 1.977770456071808319e-02 3.510671092536488819e-02 2.167628321990710052e-02 1.436588021478007841e-02 1.874144393585155249e-03 3.890366097724656108e-02 1.606866191179016912e-02 2.891390352666323854e-02 -4.485061882142001195e-03 8.512364827246224341e-03 2.423221009863057301e-02 2.317666317490729364e-02 2.192968229992546276e-03 3.721666285607616587e-02 9.858793786860652400e-03 1.450709749117328265e-02 2.871325497706779875e-02 -3.322850102463955312e-03 1.030752024136059701e-02 5.545351040232651858e-03 1.045655122970004687e-02 1.622729980402950719e-03 -2.170042047157952955e-03 -1.356854451920135431e-03 -2.927127808713644169e-02 6.343704471792702485e-03 -1.642018878195039208e-02 -1.439588025952238948e-02 4.358471297438995355e-03 6.672278742130077246e-03 -1.051316356490288213e-02 1.333325373096182643e-03 6.716860892905348462e-03 1.267313151647691399e-02 3.023648477756235575e-02 2.011670108822092781e-02 2.347878971185199393e-02 2.634208601061816327e-02 1.681372524803896942e-02 1.249568000193746614e-02 -1.633651807466160845e-04 4.914005426873984533e-02 -2.998163542180192105e-03 1.315947223838084129e-02 2.532886396301922000e-02 2.104957001592663510e-02 2.001850682380473465e-02 2.500579274156767770e-02 3.112743781603995522e-02 3.955840129237328529e-02 3.711871987441703324e-02 4.718483425122763260e-03 3.139650322671852251e-03 1.468411920332460610e-02 1.162563658295322731e-02 6.523594680965086150e-03 6.122407903734183041e-04 3.677905522927093964e-03 -4.169406352759200064e-04 1.034631437185915166e-02 1.221440416265126734e-02 5.375179577189002217e-03 9.411439012950922195e-03 -3.956809983945508771e-03 7.325080275050386419e-03 1.322070325898433082e-02 5.273836252649709809e-03 2.124729390458484843e-02 6.016370897578546262e-03 7.700873327077932019e-03 8.580643404958381709e-03 -4.769675928538587295e-03 -2.011894231812466106e-03 -8.315233659222829535e-04 9.899251283845764138e-03 -1.085173034386560827e-02 2.113448584702740628e-04 3.504102477090053919e-03 -4.547012819368661043e-03 8.112990987189486235e-04 5.989188569001534582e-03 1.391058923121927908e-02 5.089135310474990348e-02 1.614611991233184940e-02 1.066199110670576489e-02 4.093321164054832678e-03 2.198724074530593320e-02 1.499423042991370608e-02 7.325783038641847308e-03 1.678390122956900307e-02 4.402728619807765725e-02 2.429604983049409028e-02 9.573629016618857498e-03 6.587816223439280777e-03 1.646013640837980935e-02 6.705407906929038847e-03 1.410337634790239172e-02 1.536954872223748880e-02 2.224735774446213316e-02 2.029658273011790068e-02 2.702009320699693892e-02
7.239242125882970613e-02 1.000000000000000000e+00 2.763369803709038106e-02 9.546400025738030481e-02 9.137453713469309569e-02 1.038910399715609750e-01 1.401922182930550875e-01 1.323647263083812808e-01 1.494745898393471939e-01 1.540942786314689339e-01 1.361702174085437367e-01 1.470329968475533600e-01 1.581595588653313400e-01 1.379584247615545933e-01 1.483538441559906218e-01 1.463960737814145596e-01 1.335303590246940397e-01 1.280271570420323801e-01 1.354589052005454874e-01 1.064876704163601334e-01 1.233355396476398386e-01 1.309448813623578234e-01 1.265254454733706624e-01 1.323870613027759158e-01 1.203162031909561086e-01 1.519062101207781512e-01 1.497007507949425498e-01 1.397294559798665792e-01 1.380600063535547817e-01 1.540769099270395404e-01 1.604275057626150525e-01 1.669106578073451530e-01 1.403615994375113363e-01 1.641946449790748219e-01 1.578160958863501495e-01 1.466397831199501844e-01 1.521505239572455426e-01 1.507476828876480046e-01 1.446152614581354412e-01 1.405544808907240872e-01 1.557279117004399804e-01 1.472133608479908318e-01 1.346930743987612977e-01 1.575795658895908224e-01 1.519239162301581625e-01 1.531413962560816688e-01 1.604211569559397810e-01 1.618896975561166796e-01 1.606910571271691901e-01 1.543394151382637969e-01 1.531766293907774468e-01 1.325728820895617499e-01 1.580542871696719032e-01 1.739233235318622395e-01 1.724971604657224988e-01 1.556564206199478606e-01 1.672169693958465153e-01 1.613373764057452753e-01 1.616251271840684345e-01 1.588578795810324795e-01 1.579663080372152861e-01 1.714855064152968345e-01 1.603796469815934878e-01 1.612940195806542298e-01 1.561840005210005100e-01 1.632014209755252299e-01 1.598278713317528299e-01 1.542868614574062214e-01 1.607433209652112116e-01 1.529988289002967294e-01 1.467966114154791724e-01 1.532355631563780962e-01 1.545151028442221519e-01 1.487605398315109129e-01 1.559800399944406835e-01 1.535707554726788160e-01 1.531697173081404129e-01 1.499689203514250058e-01 1.557422586835723599e-01 1.578663823775055819e-01 1.652650327812849873e-01 1.585902821582201028e-01 1.638578173347997047e-01 1.604503274609345442e-01 1.628744993200119395e-01 1.624367670237719663e-01 1.548004955991404974e-01 1.587139497857137649e-01 1.572729824627444040e-01 1.621840326513127872e-01 1.523500877835333445e-01 1.551035618135573613e-01 1.551172931839339686e-01 1.564035007047153425e-01 1.609712828430272524e-01 1.607639932703573971e-01 1.541891028881529901e-01 1.610826991886637194e-01 1.601679957130063559e-01 1.574128052479557005e-01 1.512245262157082271e-01 1.570595190519961382e-01 1.634497353623934612e-01 1.553686541563462364e-01 1.578053643041216203e-01 1.679718445942841865e-01 1.646434308313512451e-01 1.620253618491285241e-01 1.604904372821430725e-01 1.637859601826389677e-01 1.627228205770564762e-01 1.641348715796585866e-01 1.638042294330512849e-01 1.604041967874738350e-01 1.557415458250731022e-01 1.629403116961498366e-01
5.108963459889632325e-02 2.763369803709038106e-02 1.000000000000000000e+00 3.355452201603315587e-01 1.977756920282246478e-01 2.358240792138713293e-01 3.315155208649319118e-01 3.252256464278774351e-01 3.458955526885862386e-01 3.019729639650314823e-01 3.316611293821968287e-01 3.657507496651155598e-01 3.327323818746369399e-01 2.922746175392559320e-01 3.703025761698087170e-01 3.576803388336606271e-01 3.393161161432795558e-01 3.305081362416767421e-01 3.516205991134961906e-01 2.951619036921720451e-01 3.456846665852358891e-01 3.563731105855958980e-01 3.462641369867437424e-01 3.236976401464746744e-01 3.412645649041070595e-01 3.761681850827351958e-01 3.735996582502926211e-01 3.793805135234234460e-01 3.724330709453670951e-01 3.714561032461629053e-01 3.797021858658276572e-01 3.785398894151427718e-01 3.678520262295858489e-01 3.536077223440939332e-01 3.645526515432426784e-01 3.638770189525746823e-01 3.687130417234100177e-01 3.662296298021425756e-01 3.716608383812378680e-01 3.679500486285585126e-01 3.717620703928847248e-01 3.679402918541960221e-01 3.663994054731426475e-01 3.715374240607151601e-01 3.735744498823266313e-01 3.720969849605307300e-01 3.685423982146199817e-01 3.679245514777126358e-01 3.706379079644804841e-01 3.716985351567629325e-01 3.731945642228475246e-01 3.589119806794859313e-01 3.672816798764110824e-01 3.629772404959194509e-01 3.629472324840776198e-01 3.648899076885656068e-01 3.653955231230705536e-01 3.670799060341471409e-01 3.667464646449490884e-01 3.680295181614692268e-01 3.721238265770579479e-01 3.667307803272050748e-01 3.695869836390217045e-01 3.732327515410787111e-01 3.725591212347297843e-01 3.723979110435237105e-01 3.672939457489163839e-01 3.703413209293542341e-01 3.707375401235317169e-01 3.725179345802205333e-01 3.754955600570928920e-01 3.720054636427327366e-01 3.606215903550505364e-01 3.675413335118119518e-01 3.773459083600703701e-01 3.756004708124840441e-01 3.814170087391325348e-01 3.797246907687843454e-01 3.750652717241928502e-01 3.745386468045181494e-01 3.748960599862278253e-01 3.807830488704978533e-01 3.732223671540276788e-01 3.756745366647885054e-01 3.743319136973513039e-01 3.717109864104137240e-01 3.718732654454494080e-01 3.731392711339561741e-01 3.756123508923773224e-01 3.684461112165166030e-01 3.733490346109058500e-01 3.738279581322767053e-01 3.722066976411189110e-01 3.745231971221216760e-01 3.716811292789412025e-01 3.719115369827105111e-01 3.749957650447264812e-01 3.761538483267309885e-01 3.723707026873633863e-01 3.725006247048089913e-01 3.739574255168148231e-01 3.774874089138132160e-01 3.763483037958281763e-01 3.751438194265656612e-01 3.762830213071893803e-01 3.746863707018874279e-01 3.756261644770517161e-01 3.700187226274894714e-01 3.726605187216435744e-01 3.718766733308792038e-01 3.738903466723780267e-01 3.722622987538476980e-01 3.730041494914714817e-01 3.764584952245202398e-01 3.732299312175185180e-01 3.751313931589080886e-01
4.628766460922674464e-02 9.546400025738030481e-02 3.355452201603315587e-01 1.000000000000000000e+00 2.949347620252236180e-01 3.497462527767219442e-01 5.664226981824819207e-01 5.415350473773464790e-01 5.643087834306855788e-01 5.159148620479777625e-01 5.930426033635417538e-01 6.221915403142639356e-01 5.390349734852656338e-01 4.972659160864192351e-01 6.281225958577367763e-01 6.105942012623666315e-01 5.784941488975028356e-01 5.854481083172097255e-01 6.006710718924924697e-01 5.332751454679077741e-01 5.975709911241789962e-01 6.246361315252834112e-01 5.952224955313130117e-01 5.844428939459959116e-01 5.984782657941303263e-01 6.276246753972090087e-01 6.235953561488195573e-01 6.393333161901285644e-01 6.158631472191617995e-01 6.203511435787653072e-01 6.309795072211303868e-01 6.341729748016112778e-01 6.191238000111387585e-01 6.304790829321222922e-01 6.157491140550888087e-01 6.325821330744417770e-01 6.276331823616084771e-01 6.344555973152615769e-01 6.417910638977371018e-01 6.301627979410829861e-01 6.301755105013481240e-01 6.367800011172594088e-01 6.385347285731834965e-01 6.390964242155574571e-01 6.421200633152736037e-01 6.308458902360780662e-01 6.159669846775435165e-01 6.266870093025016519e-01 6.246114162971861949e-01 6.326811309154227736e-01 6.367256087344866922e-01 6.177106787713929625e-01 6.225941229223138640e-01 6.167161123145207258e-01 6.150851090636394458e-01 6.234175652381938049e-01 6.199183153759697529e-01 6.249794481361341525e-01 6.207787955773169664e-01 6.212542855172011880e-01 6.296631125249887440e-01 6.173779532354962685e-01 6.252680485257159360e-01 6.272560990356715882e-01 6.250821677800779685e-01 6.251266416972878215e-01 6.220197839523327055e-01 6.285345779237957453e-01 6.269014222467202968e-01 6.358363433018189292e-01 6.350884318985187127e-01 6.309673366933857830e-01 6.207666121952901683e-01 6.297690381660899783e-01 6.333638235683322071e-01 6.340747065906038316e-01 6.386572426938037506e-01 6.372274855061620391e-01 6.297152872939433266e-01 6.248369360277297169e-01 6.246558005368806343e-01 6.350446129853364319e-01 6.397272197146076644e-01 6.301600583948507861e-01 6.345255926003381397e-01 6.319487892316691946e-01 6.348633094909970076e-01 6.354558770860193606e-01 6.347375801723201816e-01 6.313444274377603138e-01 6.407833995588380072e-01 6.327359850518435858e-01 6.332548707453163894e-01 6.334865744306024116e-01 6.239407235444827116e-01 6.252900894670383458e-01 6.355388944079868319e-01 6.279287233484686093e-01 6.289826703007408426e-01 6.327382677118535970e-01 6.399314969015856835e-01 6.321840775474045770e-01 6.254523034865032693e-01 6.306833105752273072e-01 6.347752255230151297e-01 6.276913242894072154e-01 6.279155747439560953e-01 6.257769904442217479e-01 6.293642616621799579e-01 6.284561942501643017e-01 6.289456411684916093e-01 6.255797783848567883e-01 6.273072954087940412e-01 6.321171181193372401e-01 6.278306299759784936e-01 6.256318945652664665e-01
3.487073515238788002e-02 9.137453713469309569e-02 1.977756920282246478e-01 2.949347620252236180e-01 1.000000000000000000e+00 2.821526154699803834e-01 4.058408213395843789e-01 4.403685899110793556e-01 4.132448214192733227e-01 3.955993067855351208e-01 4.303953008120756651e-01 4.505080724409175619e-01 4.361941068513699449e-01 3.603684391834949818e-01 4.683235969897091566e-01 4.595841653906282409e-01 4.446814771433627578e-01 4.321198877502795410e-01 4.527935341570478722e-01 3.449361197403256196e-01 4.456254129539348185e-01 4.559966354735133232e-01 4.514147988634042430e-01 4.395965364218174520e-01 4.537135624516874799e-01 4.734585264737767307e-01 4.567763657093590890e-01 4.495737734881542491e-01 4.462574098932176603e-01 4.684844645480373826e-01 4.751166774972956364e-01 4.714606722252910886e-01 4.423684167109827037e-01 4.595281351067876940e-01 4.597698519344808332e-01 4.595421399247746619e-01 4.779682493956585732e-01 4.647046681029065596e-01 4.743101254705610059e-01 4.604699053221548155e-01 4.707301823464395962e-01 4.708715808827607097e-01 4.738458538831462064e-01 4.797807946589617845e-01 4.706134128297422281e-01 4.752134424249356281e-01 4.746200457161495745e-01 4.704546581903180646e-01 4.692538350140298964e-01 4.749225167787333723e-01 4.715834108654882173e-01 4.579443291207707656e-01 4.699011650219331315e-01 4.611534095478291295e-01 4.482643088929703645e-01 4.722424621804481304e-01 4.451103143112984939e-01 4.717549241518399494e-01 4.550195094730222767e-01 4.752228319397509559e-01 4.701712557828822137e-01 4.578257611832425855e-01 4.613270721070913405e-01 4.655799427447268046e-01 4.708737990677976382e-01 4.651462311489066304e-01 4.688344685624450392e-01 4.748964008147897320e-01 4.737334203170399660e-01 4.683020934149449421e-01 4.762561572814282274e-01 4.716806260683050755e-01 4.678000076595870693e-01 4.755899470084673508e-01 4.781316648598294972e-01 4.766671071396220705e-01 4.713973176119461983e-01 4.747872536065548266e-01 4.747618987752820208e-01 4.743489305066258543e-01 4.765183769469303887e-01 4.753776661540115023e-01 4.729386664037969479e-01 4.743392583166652909e-01 4.713963506697651518e-01 4.734907673420505891e-01 4.758599420780597611e-01 4.751060545607717622e-01 4.783290477828037179e-01 4.763316324016387271e-01 4.743349420137138450e-01 4.757361017015073745e-01 4.739189395219884360e-01 4.766337883661843633e-01 4.742797071174721935e-01 4.719881963547564174e-01 4.723372592418524918e-01 4.661660260701476766e-01 4.735075030562295173e-01 4.749964481409688077e-01 4.742818449278609072e-01 4.725531621235806168e-01 4.750588709574953827e-01 4.767791517652110733e-01 4.767387937563162814e-01 4.572343246390467297e-01 4.697961224564409788e-01 4.708739894806879267e-01 4.747481364988110353e-01 4.723928174615507070e-01 4.698931164479909217e-01 4.739452024931672391e-01 4.657433663022236825e-01 4.755990322395859948e-01 4.749623143808850978e-01 4.696378415951565355e-01
1.252688482821845938e-03 1.038910399715609750e-01 2.358240792138713293e-01 3.497462527767219442e-01 2.821526154699803834e-01 1.000000000000000000e+00 5.280510809660104998e-01 4.828505402572816352e-01 5.111796562232272523e-01 4.810195434289147864e-01 5.259808149689672030e-01 5.519258331777900928e-01 4.987772525684200375e-01 4.458755348407621444e-01 5.732931593464760667e-01 5.576926506280451834e-01 5.204860946878420158e-01 5.201923796084657603e-01 5.435650768092556984e-01 4.427193865048248411e-01 5.230883483564967573e-01 5.457646520724592776e-01 5.345361283061302871e-01 5.199083229159150443e-01 5.465057453536334986e-01 5.764667483521522806e-01 5.616563325176935351e-01 5.662257353426595197e-01 5.613368193978606202e-01 5.827009076773072005e-01 5.877868273644420993e-01 5.690687861995826768e-01 5.463405428744984027e-01 5.580981781287518428e-01 5.508264230715228527e-01 5.429311723063754425e-01 5.764611968705050105e-01 5.786638094469012117e-01 5.800760003059626246e-01 5.604163219196023338e-01 5.788697357676950705e-01 5.747268214408802756e-01 5.759026748490196912e-01 5.867299106079969517e-01 5.761844809179685889e-01 5.825408965681138085e-01 5.902974759885153411e-01 5.863514519378384415e-01 5.880480130040945941e-01 5.735482369668145619e-01 5.791733459534594841e-01 5.562280171041499299e-01 5.755233487021161887e-01 5.806374563589659088e-01 5.712051453048315741e-01 5.773019343420099370e-01 5.689143390198998507e-01 5.851486265808882870e-01 5.823717523909709426e-01 5.848447356949350029e-01 5.861178520393478530e-01 5.831183881100526767e-01 5.837624912102371555e-01 5.821226236485590455e-01 5.784156191168763339e-01 5.775561579471787388e-01 5.892515737138543930e-01 5.879455546859387871e-01 5.869908246001155350e-01 5.824720676946112397e-01 5.868498665998831409e-01 5.890774092109997140e-01 5.770306304190517821e-01 5.830240785647474722e-01 5.893943664103639124e-01 5.904238304459465958e-01 5.930010115090238454e-01 5.900501339786139443e-01 5.903663546020059272e-01 5.908093110920284996e-01 5.887805921266630049e-01 5.922307964812174585e-01 5.782150543383812735e-01 5.889363189956449141e-01 5.844524283087808580e-01 5.852372900965653324e-01 5.866324152222548438e-01 5.904247239311393169e-01 5.929772628836531556e-01 5.820654735029608950e-01 5.856853980652875213e-01 5.890509220788719968e-01 5.911914860686794393e-01 5.919438769800199340e-01 5.900247308383733680e-01 5.906795657805882227e-01 5.823295058966916349e-01 5.804166324084886197e-01 5.905192131985353976e-01 5.868678507625452179e-01 5.914991121260910756e-01 5.878149255926681249e-01 5.876104265976078711e-01 5.910294062906212842e-01 5.875976561326091696e-01 5.788793391379281061e-01 5.873846391391123190e-01 5.912291123594184405e-01 5.889877616885328404e-01 5.884022978651807234e-01 5.911635490567714868e-01 5.895701654784014645e-01 5.878408691632428518e-01 5.866780797353217114e-01 5.862632629525315053e-01 5.838600255483605839e-01
1.887917771958800423e-02 1.401922182930550875e-01 3.315155208649319118e-01 5.664226981824819207e-01 4.058408213395843789e-01 5.280510809660104998e-01 1.000000000000000000e+00 7.107167510543631606e-01 7.385355774541154661e-01 6.860801167562173841e-01 7.714717651182606550e-01 8.044066346209529650e-01 7.136922283936244504e-01 6.514015761398543880e-01 8.324591513909235241e-01 8.052110001543155704e-01 7.515434191823866517e-01 7.654404913083696638e-01 7.800172820773888516e-01 6.732662947436438561e-01 7.597925101761674460e-01 7.972632388418038341e-01 7.738937864604271688e-01 7.637785743489946544e-01 7.765774097196187498e-01 8.202315774067334697e-01 8.076648072232696096e-01 8.265582097557078178e-01 7.895497695975196573e-01 8.186268314534805857e-01 8.360477358839973894e-01 8.180486331062389871e-01 7.920423777379284047e-01 8.030530601550518455e-01 8.053745760629736905e-01 7.945390956248190584e-01 8.277740503040792452e-01 8.290367697109438661e-01 8.338373687912249421e-01 8.204911716174153602e-01 8.288305323696107951e-01 8.374921972655727798e-01 8.371947406841797612e-01 8.387111180265460764e-01 8.306018044196793459e-01 8.394276485422589307e-01 8.232496508703670557e-01 8.319440078157812613e-01 8.280963307516181482e-01 8.238109443345875693e-01 8.321814220334867729e-01 7.986615332579470872e-01 8.212480595619017221e-01 8.233904465048844656e-01 8.197028872223275364e-01 8.279263686105171605e-01 8.126676421393936867e-01 8.296751263105470731e-01 8.258271929344839224e-01 8.274742157881358473e-01 8.332804621254087385e-01 8.257748417173202959e-01 8.275774663144108700e-01 8.229582953686478408e-01 8.175442633514925506e-01 8.232245130640810649e-01 8.248661614373200557e-01 8.348528171787432672e-01 8.315182188383484219e-01 8.387777890836611849e-01 8.356561528640300551e-01 8.369865429753258201e-01 8.242374613769883895e-01 8.301347509229219934e-01 8.362559012904436928e-01 8.366535577882113772e-01 8.391718171574802376e-01 8.334528590351758526e-01 8.350189897884785495e-01 8.335706811653438297e-01 8.329246558359049146e-01 8.380615802595084984e-01 8.298436280897059092e-01 8.330741419179015228e-01 8.332932631940717094e-01 8.306655569015573004e-01 8.364940313051545395e-01 8.409395642463696197e-01 8.405907943722398246e-01 8.322118330528639474e-01 8.395300561388214788e-01 8.382311482822443205e-01 8.370075654838311507e-01 8.415076825635274815e-01 8.303545108520919982e-01 8.326352169726606300e-01 8.313421773708652429e-01 8.217976544237436398e-01 8.307721528528076993e-01 8.342664584715687726e-01 8.414429083914101160e-01 8.327406651829503126e-01 8.310017264667355352e-01 8.347095514023372687e-01 8.332197889122779921e-01 8.244167902576073903e-01 8.307818722780754284e-01 8.320278250474865134e-01 8.347563901741433812e-01 8.319533246830099760e-01 8.350150047024168520e-01 8.290531344967122518e-01 8.319146013876733692e-01 8.320523942568526232e-01 8.260950253709099522e-01 8.269890201843226318e-01
4.058905498241865972e-02 1.323647263083812808e-01 3.252256464278774351e-01 5.415350473773464790e-01 4.403685899110793556e-01 4.828505402572816352e-01 7.107167510543631606e-01 1.000000000000000000e+00 7.123149987401775629e-01 6.500891830514970993e-01 7.240134956644534991e-01 7.822584097282401228e-01 7.052456110875972017e-01 6.307845369917539635e-01 7.891435465018961093e-01 8.030708507612854818e-01 7.296044023536569778e-01 7.330675917238611561e-01 7.533861600666357239e-01 6.250153744056722305e-01 7.390003150098735096e-01 7.607056002961961605e-01 7.393387781640013978e-01 7.263713954614708923e-01 7.458782634633053243e-01 7.918767924083887078e-01 7.772203982058759619e-01 7.741659366694674249e-01 7.587819125690025146e-01 7.866449038240281855e-01 7.992941545385803259e-01 7.933498649103699618e-01 7.561107554435015921e-01 7.784097035626398320e-01 7.719546192677269048e-01 7.641156911913099536e-01 7.837041983805239642e-01 8.097355747057808362e-01 8.068644216936784463e-01 7.886972263480422907e-01 8.032286009053068998e-01 8.018046159129074146e-01 8.026327838635133327e-01 8.109668738408798427e-01 7.931881684423363055e-01 8.105051078470482118e-01 8.013315166529823008e-01 8.054232459500566543e-01 8.071559258932298198e-01 8.043384524285115411e-01 8.131329015219324052e-01 7.649686926937079301e-01 7.961559759423386673e-01 7.985698587844466401e-01 7.918981641904769830e-01 8.009633364863578686e-01 7.898258321319163722e-01 8.089636073731574228e-01 8.050659790674309368e-01 8.061168029761879295e-01 8.076298606144381997e-01 8.028976656377597720e-01 8.072912405780878764e-01 8.037720344352158319e-01 7.936640789201254709e-01 7.946264084284550000e-01 8.042137310435416575e-01 8.068771452792141696e-01 8.069728212530387079e-01 8.034335365363051151e-01 8.086397320272504796e-01 8.057254240269781098e-01 7.927463308679216780e-01 8.011129879139663457e-01 8.092846909297886082e-01 8.063867338849453059e-01 8.032970265077702399e-01 7.997788509701535542e-01 8.037092791516311507e-01 8.061824395267594978e-01 8.029588949458750236e-01 8.096676344778024337e-01 8.048317180707749152e-01 8.036385365199151254e-01 8.061968216794961339e-01 8.038975124594552879e-01 8.025895257338240274e-01 8.141724402395056348e-01 8.119145224704888975e-01 8.059293487225105412e-01 8.025081878841028304e-01 8.102382981815169360e-01 8.091365928457343593e-01 8.105457714828516735e-01 8.067720776640712188e-01 8.080930457620766338e-01 8.082117870367890866e-01 8.043577818106901756e-01 8.109824811603244532e-01 8.129612137871529143e-01 8.154618752549692706e-01 8.140196980483443978e-01 8.065611432820362081e-01 8.131703012493344263e-01 8.061013252114306304e-01 8.007992791919146258e-01 8.117567003791008595e-01 8.050907666434308219e-01 8.076157519645408289e-01 8.127262482645527530e-01 8.140178269503122177e-01 8.086135993002522282e-01 8.110309048974002621e-01 8.108018154385586707e-01 8.024862699099893915e-01 8.038597630981900721e-01
8.305206381275488658e-02 1.494745898393471939e-01 3.458955526885862386e-01 5.643087834306855788e-01 4.132448214192733227e-01 5.111796562232272523e-01 7.385355774541154661e-01 7.123149987401775629e-01 1.000000000000000000e+00 7.314135818774076814e-01 7.810989955455921452e-01 8.337075373860738381e-01 7.617797675823564374e-01 6.709280311744995062e-01 8.395628215035521036e-01 8.356217452888429209e-01 8.012158795123683896e-01 7.906266690756312832e-01 7.990167762236571880e-01 6.421464699152881206e-01 7.760399326095385186e-01 8.057377028543415420e-01 8.027739585810961254e-01 7.869840579973241823e-01 8.016508951416659867e-01 8.502116231345573372e-01 8.349640920064810290e-01 8.184797772173493247e-01 8.052878628611350731e-01 8.564576462374209331e-01 8.604212602006570121e-01 8.534298013565091434e-01 7.913786090348797764e-01 8.325798397185502076e-01 8.304333705845737823e-01 8.191933901112525840e-01 8.466170443716067862e-01 8.445285908656445795e-01 8.549108170422041741e-01 8.144035166230108036e-01 8.593731523027119401e-01 8.514559188824417646e-01 8.389026792231237817e-01 8.632507651138028315e-01 8.571341793566885636e-01 8.505471043065934156e-01 8.679265030659680802e-01 8.726485334118877502e-01 8.740245147601977127e-01 8.570575324777928161e-01 8.660030131530587205e-01 8.418787401387930469e-01 8.623364287481852797e-01 8.703829199530619398e-01 8.481080043303863558e-01 8.582187525294749930e-01 8.675584179483754044e-01 8.591151890611071762e-01 8.660835184051516311e-01 8.782598738130793503e-01 8.761618276246032622e-01 8.664716427765897233e-01 8.663206000006198337e-01 8.723678333794891993e-01 8.764794761020939795e-01 8.796276710138554167e-01 8.729954204009975349e-01 8.732242689556504178e-01 8.729434629990383554e-01 8.619648751883537408e-01 8.680746287297994579e-01 8.684156789282755362e-01 8.617522769139578376e-01 8.636872390333194538e-01 8.727424651434338987e-01 8.711485404020105072e-01 8.622560752264490924e-01 8.579274111528037983e-01 8.630237129543759655e-01 8.712232644257903447e-01 8.712529061776576045e-01 8.718403209438355672e-01 8.725274013332129375e-01 8.650060700904909083e-01 8.604620119179386961e-01 8.685099241282406846e-01 8.647074990726493215e-01 8.664969637915083123e-01 8.689321418276083620e-01 8.685977155291724205e-01 8.551938454027643299e-01 8.703875661984137313e-01 8.712728537469582868e-01 8.679762741314359653e-01 8.721524385052741302e-01 8.740294411067727198e-01 8.562252749261216600e-01 8.647407964253102097e-01 8.709854990725105495e-01 8.688363457288766911e-01 8.673338487895785320e-01 8.718715985936106305e-01 8.736256526965554547e-01 8.727018600525682235e-01 8.734138606145822603e-01 8.723991511307751523e-01 8.764512171239992044e-01 8.735693691506360992e-01 8.718189288083154631e-01 8.748970158182794998e-01 8.702819662694292191e-01 8.770904179608473017e-01 8.720339605868820954e-01 8.775135549107454525e-01 8.767247142037988272e-01 8.780510600852107217e-01
4.536654141751879539e-03 1.540942786314689339e-01 3.019729639650314823e-01 5.159148620479777625e-01 3.955993067855351208e-01 4.810195434289147864e-01 6.860801167562173841e-01 6.500891830514970993e-01 7.314135818774076814e-01 1.000000000000000000e+00 7.318435818928726855e-01 7.706929653173087980e-01 6.979194884280782718e-01 6.180028538249560111e-01 7.778226339283809132e-01 7.735604218647971209e-01 7.505631659930617205e-01 7.224512819257149498e-01 7.438434968259598490e-01 5.733112849348754869e-01 7.096329168990350711e-01 7.432150675914652727e-01 7.406718133276339877e-01 7.207292028364720160e-01 7.406781509923840989e-01 7.753047879221272032e-01 7.699797899647727872e-01 7.675825528380039176e-01 7.430662304470077029e-01 7.878826646456759120e-01 7.961641638685597044e-01 7.937775728700772193e-01 7.623206334072104573e-01 7.726768035525679590e-01 7.771236487159697282e-01 7.592156501897050491e-01 7.861717815449561497e-01 7.968971022756548006e-01 7.958872439652819875e-01 7.762148350126598650e-01 8.011818690014368416e-01 7.949239388596429645e-01 7.830694867273275683e-01 8.038686021015862826e-01 7.958798902767094674e-01 7.905318634569784564e-01 8.116723041328803845e-01 8.118431739611279285e-01 8.080562788669568564e-01 7.887870682290657465e-01 7.988521890874454856e-01 7.659068618526335692e-01 7.890328787813312150e-01 8.060667002652621704e-01 7.872583536764555801e-01 7.989329054689727760e-01 7.914601696403357201e-01 8.026292374647042704e-01 8.024120109533471323e-01 8.083983872405317017e-01 8.045834234350138781e-01 8.050035062030584943e-01 7.977078340333961792e-01 8.033419422384614483e-01 8.035900562845905704e-01 8.058020074509306685e-01 8.120999354687657990e-01 8.106542555169684583e-01 8.060959375759562118e-01 7.950854975655378132e-01 8.061178474537341598e-01 8.092676358939971948e-01 7.950832788220988379e-01 8.016736895374176886e-01 8.088613544238226760e-01 8.108212631923242819e-01 8.070538434536175254e-01 7.966716846604827706e-01 8.047979574212265064e-01 8.114823153489043595e-01 8.102887373606594279e-01 8.107755196189483371e-01 8.077252637611000985e-01 8.092890049912602191e-01 8.049811334520772244e-01 8.046176817604920872e-01 8.095456169300745408e-01 8.101421443198054684e-01 8.108928362760964292e-01 8.080171399433999646e-01 8.071698912678600957e-01 8.117382994597560630e-01 8.125255048503482458e-01 8.103316147504937561e-01 8.125002968296486383e-01 8.136831498752677971e-01 7.933107866062768521e-01 7.923821878237977678e-01 8.061065741809843033e-01 8.070791211665075959e-01 8.063744196093962646e-01 8.045719991302822116e-01 8.081498656672448933e-01 8.098383261242753095e-01 8.079318761827437578e-01 8.019271226795949836e-01 8.108367515440416673e-01 8.120721269280629651e-01 8.109415433321459643e-01 8.122118770773031349e-01 8.093570577106706798e-01 8.128602167286552715e-01 8.103328433742597037e-01 8.103504909045892157e-01 8.098887952379416610e-01 8.118213189224673387e-01
3.018035462298928814e-02 1.361702174085437367e-01 3.316611293821968287e-01 5.930426033635417538e-01 4.303953008120756651e-01 5.259808149689672030e-01 7.714717651182606550e-01 7.240134956644534991e-01 7.810989955455921452e-01 7.318435818928726855e-01 1.000000000000000000e+00 8.516588492963698132e-01 7.608062212987030115e-01 6.692469541565112534e-01 8.608993893781089479e-01 8.451336708087181515e-01 8.036866482607366580e-01 8.056541858385740662e-01 8.226359317350525613e-01 6.598877288386910678e-01 7.936642226014049006e-01 8.261716815682182968e-01 8.291769409209046593e-01 8.095561362994578847e-01 8.227036237033221733e-01 8.642331035439826392e-01 8.495516707501711284e-01 8.477407922436223098e-01 8.327242866895979700e-01 8.746423260536824174e-01 8.884478863772098389e-01 8.766948228174799018e-01 8.292539374560852217e-01 8.610829656560667900e-01 8.517897595362385887e-01 8.399117216254383678e-01 8.701778218479030436e-01 8.688465581740695276e-01 8.784740137308735264e-01 8.531916398241754518e-01 8.788473498247504345e-01 8.769730091297230912e-01 8.636346824815369638e-01 8.839206677432148718e-01 8.792848798358068318e-01 8.740264437900099326e-01 8.838342306990861763e-01 8.874000366776446658e-01 8.853344598065071569e-01 8.719069801058769720e-01 8.776588810087576631e-01 8.498415060696119516e-01 8.737227493179128279e-01 8.788833255556048885e-01 8.669180000022985721e-01 8.797297625978232061e-01 8.700674316681519249e-01 8.782550288158731400e-01 8.819349743035967970e-01 8.857290319791900624e-01 8.877042002434281098e-01 8.796148241288688219e-01 8.795836988139955626e-01 8.790733725470291082e-01 8.778425645082922335e-01 8.814666048829905565e-01 8.860838178143760624e-01 8.901709880813312159e-01 8.881893296621349299e-01 8.783352177659423665e-01 8.857121170832715773e-01 8.894983245969716457e-01 8.800128576260299873e-01 8.831426135849121950e-01 8.916550733205702572e-01 8.880667573180474061e-01 8.886645638063841446e-01 8.852758397925347689e-01 8.859282837983626369e-01 8.892569294842224137e-01 8.896266418177751767e-01 8.906305120864741465e-01 8.872208150543789973e-01 8.886773179689192448e-01 8.842832847513698580e-01 8.883884707206753939e-01 8.897552896857917615e-01 8.896756753272772045e-01 8.908881742471228549e-01 8.891304806104358693e-01 8.880281012476034519e-01 8.904160552333698631e-01 8.920802453671723420e-01 8.910060736057359154e-01 8.891696477416881628e-01 8.898971617995702355e-01 8.775800342734357828e-01 8.756145388274799712e-01 8.874208117013115960e-01 8.865907602620262118e-01 8.858286478056789370e-01 8.861303540910447918e-01 8.867260088419057773e-01 8.890965370184947814e-01 8.887299026191177731e-01 8.788419870248124210e-01 8.882498631721662541e-01 8.887579625064735422e-01 8.890957000832500068e-01 8.875458434550385078e-01 8.865489556067241983e-01 8.887670877080416920e-01 8.864326878756245698e-01 8.881403573304231802e-01 8.845917307744843860e-01 8.878752546054248240e-01
2.585641840059927157e-02 1.470329968475533600e-01 3.657507496651155598e-01 6.221915403142639356e-01 4.505080724409175619e-01 5.519258331777900928e-01 8.044066346209529650e-01 7.822584097282401228e-01 8.337075373860738381e-01 7.706929653173087980e-01 8.516588492963698132e-01 1.000000000000000000e+00 8.135812198364386072e-01 7.205192339687074288e-01 9.101804110297102568e-01 9.071079559197720021e-01 8.454877343090573261e-01 8.428561720916702971e-01 8.592935146236635457e-01 6.981791496819802489e-01 8.396219288851234364e-01 8.693904415714864831e-01 8.588859585638735084e-01 8.352440378111130048e-01 8.604770271349040378e-01 9.161500212274068522e-01 9.003579728366823964e-01 8.952151299575714649e-01 8.724983517213468209e-01 9.182810810545204427e-01 9.326593714505824195e-01 9.180053693046098529e-01 8.723747853042634892e-01 8.987650964145075250e-01 8.934688541161185382e-01 8.833512912792139682e-01 9.131857262168735501e-01 9.235394484973549201e-01 9.279770026067953870e-01 8.998379926105941617e-01 9.289808831820489665e-01 9.229446897740152256e-01 9.186369745151825583e-01 9.364464898358142442e-01 9.229604997299339919e-01 9.277175623760902656e-01 9.321560600429610322e-01 9.368383940173864444e-01 9.353929750727030257e-01 9.211704320286662195e-01 9.347875159629852604e-01 8.983057750462235536e-01 9.249207472242051420e-01 9.319366630997175660e-01 9.179018168302890412e-01 9.269518701473770106e-01 9.237045420360874282e-01 9.329125703949190385e-01 9.319435066825568770e-01 9.383138814234216474e-01 9.398109432558452436e-01 9.334805713445880615e-01 9.341181194509463603e-01 9.349954718528953324e-01 9.280264492703237389e-01 9.355723559447419735e-01 9.351508203096677851e-01 9.367640398128295187e-01 9.362805688550410732e-01 9.276737952603040238e-01 9.333881207257649359e-01 9.365447569050121546e-01 9.218293424598889008e-01 9.263026044673450254e-01 9.403643749382148975e-01 9.397846148260878829e-01 9.345794758558366722e-01 9.271491616252310886e-01 9.314927843323076440e-01 9.368965122210746177e-01 9.346254782404813666e-01 9.400295966271062786e-01 9.330764062070099341e-01 9.330712734929927921e-01 9.305895640578887296e-01 9.343679697840536758e-01 9.356829225636530412e-01 9.380883131217909732e-01 9.387519950213006892e-01 9.350703379474417654e-01 9.304784680841917677e-01 9.395470505041697562e-01 9.397721967485999084e-01 9.396844716357311000e-01 9.376546562174178367e-01 9.396394779281767029e-01 9.257788614645255931e-01 9.267220529843190890e-01 9.381249049784845528e-01 9.355841640419246819e-01 9.404170565992379105e-01 9.390963879915519286e-01 9.366902885827593783e-01 9.408444219753000493e-01 9.393273900884285821e-01 9.336255406483746633e-01 9.389224937409894611e-01 9.384512905338351363e-01 9.396819008033728826e-01 9.396507704761921653e-01 9.385399344621577766e-01 9.399111194243654488e-01 9.401104370610987582e-01 9.414749083769153870e-01 9.363034197684870774e-01 9.384445649052824967e-01
3.423887300168133863e-02 1.581595588653313400e-01 3.327323818746369399e-01 5.390349734852656338e-01 4.361941068513699449e-01 4.987772525684200375e-01 7.136922283936244504e-01 7.052456110875972017e-01 7.617797675823564374e-01 6.979194884280782718e-01 7.608062212987030115e-01 8.135812198364386072e-01 1.000000000000000000e+00 6.603306001365708555e-01 8.263216601635007263e-01 8.328336920532211085e-01 7.701859303030194059e-01 7.584570135941497426e-01 7.763656793655002719e-01 6.090813196925761730e-01 7.562439773244092889e-01 7.819257568608195541e-01 7.784048376849956874e-01 7.590391883478293522e-01 7.697855794943706531e-01 8.269627187786208200e-01 8.033045607976507796e-01 7.915436040231127457e-01 7.796296195650725958e-01 8.314034130847187676e-01 8.347261944729728045e-01 8.358344622760440767e-01 7.747413232387466708e-01 8.130530132760602768e-01 8.127606509564019310e-01 7.929968167397188905e-01 8.258757863887143946e-01 8.316310446405543733e-01 8.359967457347000641e-01 8.003063073629727020e-01 8.400895297841635134e-01 8.337258992966081195e-01 8.307688021015912083e-01 8.492371551500652593e-01 8.331643268168540395e-01 8.358210378472054058e-01 8.534075992503623587e-01 8.529203315586350032e-01 8.508627353233151336e-01 8.303194612413389297e-01 8.396061828210787947e-01 8.126067877564826514e-01 8.408470051453759142e-01 8.474716742843033668e-01 8.271613185454543826e-01 8.408846649022123643e-01 8.287283273355200430e-01 8.469525830488310314e-01 8.414127751445706904e-01 8.603189897284654331e-01 8.527028296658106798e-01 8.466645973862622077e-01 8.442332872380520215e-01 8.466861387867387068e-01 8.486045160044278779e-01 8.490236286855095127e-01 8.554787386569340235e-01 8.533711244129191797e-01 8.573889480513553485e-01 8.412718636683371720e-01 8.478857489632534161e-01 8.502231569859100002e-01 8.407525949613473548e-01 8.435845125882439621e-01 8.542928532809399567e-01 8.517077107032704486e-01 8.434023403762673787e-01 8.361525642585011520e-01 8.459078427471203865e-01 8.537076144492121710e-01 8.551708459251493588e-01 8.544241381735916407e-01 8.478857570022609869e-01 8.499705736680900348e-01 8.480551270812317632e-01 8.528012337400903142e-01 8.510114279997231801e-01 8.515461263076768983e-01 8.537828526668994611e-01 8.492808066358973340e-01 8.410277969039903212e-01 8.540998872964211674e-01 8.532413458824269492e-01 8.549396282112738943e-01 8.576788045366071644e-01 8.570672865952368991e-01 8.388220914611305146e-01 8.431804208850746107e-01 8.563651319785168248e-01 8.496874716218012491e-01 8.539966552241741171e-01 8.519068892516793445e-01 8.553079100779535926e-01 8.592424523178513462e-01 8.557083554642996859e-01 8.464401844203768288e-01 8.560963273063886270e-01 8.567089537630850904e-01 8.564115925661066608e-01 8.573315470876717859e-01 8.529893395744035933e-01 8.602761295708131195e-01 8.566528509623210219e-01 8.573742512436657304e-01 8.561906207698520843e-01 8.563616704435562665e-01
