1.000000000000000000e+00 1.381487926477819594e-01 4.897373937050485820e-02 -8.233318345432139029e-02 4.368975160350548753e-02 1.011272980345552519e-02 -7.178897175449741597e-03 -9.788810438164761638e-03 1.195869853227260887e-01 8.056551483773199962e-02 1.316687440454456827e-02 -4.914740276563783067e-02 -2.318816516060123387e-02 1.181414927089679927e-02 -2.596879387095425706e-02 -2.204238109615447305e-02 5.203099065333358780e-02 1.196096739664463532e-01 1.336802901679673694e-01 -6.363250030274002211e-02 -2.400909790939895292e-03 5.637455702061559132e-02 1.592953229064089649e-01 1.205432104835146984e-01 1.148830378637210742e-01 5.364591827760956805e-02 8.130921451412043144e-02 7.945447691372747867e-02 1.004665012103817950e-01 1.230268668368075385e-01 7.948470944972560459e-02 5.751955257545710021e-02 8.436437719618251896e-02 3.974629666239054560e-02 1.119530596718135429e-01 5.432430574029773612e-02 8.129529467765438111e-02 -1.689981383473891999e-02 2.115904829150086486e-02 -1.937261111255526858e-02 1.183487611509760964e-02 -1.449679126543231521e-02 -3.815887236809294147e-02 3.766311609383651664e-03 2.405409142670401554e-02 9.589013084628920155e-04 7.395500030301318042e-03 1.585741925484071557e-02 7.314228409415986232e-03 -2.125758948605933982e-03 -2.355385383991897078e-02 -2.552896131270756055e-02 1.080506631239160423e-02 3.161369189382581130e-02 2.800811406923412253e-02 3.186609904498015344e-02 4.053007511503543131e-02 7.974212399439810708e-03 -5.098594328764080976e-04 7.830325525226554048e-03 -3.727787733580648685e-03 1.139790757111442711e-02 4.209279880289074072e-03 9.548024219399551052e-03 4.205283548762350082e-02 5.208231640809563023e-02 1.830947446351535723e-02 4.642869187315680490e-02 3.270845572109463278e-02 -3.595186319685970272e-02 6.099104149775918388e-03 4.342162350565374057e-02 5.465467164998596972e-02 4.971999241377377671e-02 7.816305257241754761e-03 2.312253518094174731e-02 2.539599210275254176e-02 4.309226425492253959e-02 2.737953932610195235e-02 6.016687117487017067e-02 5.361287150057014034e-02 3.303489233547746151e-02 4.036531376295120210e-02 5.304298154172371049e-02 5.016344805791424959e-04 2.199303100718584189e-02 3.126581646927743124e-02 -8.991550438928918448e-03 1.181649000542561723e-02 2.209665996461400786e-02 2.640573012751743030e-03 -6.652233705774437012e-05 1.071200029130635160e-02 6.633850527899048423e-03 4.928466391672645976e-04 5.961576210485956470e-03 -3.177324989461510069e-02 1.290378747040016837e-02 5.380601532510235607e-04 -1.828506887905055958e-02 -1.679866596710875154e-02 6.189143503475587208e-04 -5.712623644584835817e-04 -1.238484037220421302e-02 9.118267166260180315e-03 1.830813016859307585e-02 4.872133412112146338e-03 1.022469177423649365e-02 7.985248448052133935e-03 2.221170095747183361e-03 -2.651457703455646457e-03 7.945056270776929344e-03 7.629022970827906678e-05 1.638738522252109961e-02 2.644671023771320850e-02 2.638317739233026621e-02
1.381487926477819594e-01 1.000000000000000000e+00 7.088603662314500731e-02 2.688367810840538649e-02 1.061331154928070175e-01 1.142470061582417373e-01 1.207939131285911127e-01 1.115790135468573696e-01 1.873377559201540588e-01 1.848417413905348861e-01 1.338682132922585089e-01 1.054266836648977135e-01 1.233732328598319689e-01 1.578581441300276889e-01 1.368657275899143044e-01 1.128393515583092643e-01 1.429038230356662609e-01 1.282575309313288003e-01 1.730865094475468602e-01 2.140592946919497169e-02 2.954095995587553702e-02 1.281513011456293094e-01 2.099582415734140839e-01 1.671603365383039497e-01 1.751290568734120701e-01 1.881173401485099206e-01 1.959466740648880823e-01 2.035786944812793264e-01 2.082625670309600496e-01 2.158378773969240605e-01 2.005567752796111047e-01 1.815194473485676196e-01 1.664773095523159330e-01 1.713509760308801477e-01 2.086673222237728775e-01 1.586539728309321606e-01 1.909500858638221998e-01 1.357956731548329854e-01 1.602851790081630812e-01 1.325011398332111567e-01 1.608057760970327543e-01 1.508753931040150709e-01 1.382302196049890186e-01 1.520221507783165726e-01 1.676827402683671031e-01 1.558768419681452744e-01 1.514124170663746216e-01 1.630777037785623440e-01 1.558522286266249557e-01 1.411774041531834445e-01 1.328949492394466136e-01 1.144150220433024223e-01 1.394919286428001615e-01 1.665950187315511644e-01 1.679342645526689659e-01 1.822552917246043902e-01 1.552041112046452509e-01 1.605119371369335135e-01 1.453994763415174807e-01 1.518034325787141481e-01 1.475735038864695037e-01 1.494740035345226425e-01 1.484940385328328283e-01 1.540394814401101764e-01 1.670422350549931323e-01 1.733628682910437202e-01 1.687622741995892517e-01 1.738047416395038514e-01 1.742770139488075409e-01 1.145820282486512270e-01 1.314673947623479500e-01 1.736520754964376578e-01 1.759425302555861770e-01 1.663940520210965002e-01 1.643994177711247395e-01 1.705556123654481948e-01 1.718500280262929281e-01 1.774385650200462350e-01 1.749701110636886769e-01 1.863643163677732029e-01 1.832681994314260543e-01 1.762868622319812562e-01 1.782379941545829682e-01 1.819871925520126221e-01 1.575228414419478917e-01 1.659551265103122730e-01 1.749176145767366852e-01 1.510185727975699999e-01 1.579032636295702174e-01 1.711739819596261591e-01 1.590927171151002850e-01 1.576882080314736534e-01 1.631776100656231743e-01 1.632090428758622980e-01 1.560600397131047534e-01 1.582902350368602939e-01 1.293222549677031652e-01 1.490104141693480155e-01 1.534867962942083608e-01 1.417009671471913812e-01 1.466828967769059355e-01 1.464726653824376945e-01 1.416505271848831349e-01 1.480687040997293591e-01 1.551612588890526057e-01 1.519730345606178923e-01 1.527789606431888547e-01 1.642582615569840865e-01 1.602214525390560362e-01 1.534746804392074782e-01 1.477958183150185623e-01 1.570922274090735260e-01 1.499343657786901540e-01 1.571184745540755712e-01 1.629938001901763134e-01 1.609174409843336373e-01
4.897373937050485820e-02 7.088603662314500731e-02 1.000000000000000000e+00 2.049715702970668352e-01 1.306952362442836690e-01 1.471049631314418071e-01 2.678101430756877899e-01 2.537064143863391741e-01 2.872970135620506738e-01 2.660071451638924001e-01 2.859400598149194894e-01 2.755689207784925987e-01 2.395208754694408693e-01 2.572446392746901567e-01 2.949810282843179365e-01 2.849358471370944668e-01 2.628808251884474645e-01 3.224073397726233137e-01 3.230533413617399652e-01 2.669633669699947864e-01 2.975688178149321073e-01 3.370952494797204158e-01 3.283657470539277368e-01 3.130188097565325678e-01 3.258396926820792960e-01 3.264345545523380521e-01 3.177462132280176599e-01 3.250906976128152270e-01 3.277601441327568366e-01 3.267230604012676953e-01 3.233443860415859405e-01 3.279799301372762210e-01 3.281824181797391438e-01 3.229028281320711624e-01 3.362865781401794263e-01 3.273270977543563109e-01 3.280681912473151773e-01 3.052941065808781329e-01 3.149565767301232277e-01 3.103027224745171231e-01 3.101463208962442208e-01 2.964402522511367377e-01 3.009671095627537984e-01 3.091848481474542831e-01 3.170500674916683637e-01 3.008631178879621060e-01 2.940153856594953652e-01 3.012792373115982247e-01 2.966896873907687304e-01 3.051292309212590981e-01 2.998301371871503473e-01 3.075575296122167179e-01 3.052236172013356730e-01 3.005681417639948227e-01 3.024402810782207962e-01 3.140358814690313860e-01 3.060035606285640419e-01 2.988211146263432538e-01 3.008697499552922539e-01 2.986767261264185458e-01 2.988139218227227611e-01 3.005182043847874906e-01 3.033676506372264825e-01 3.033250957487897415e-01 3.151402042946851445e-01 3.156847453044543395e-01 3.043902048200544108e-01 3.178700603483599618e-01 3.192986149182292510e-01 3.132696737963942546e-01 3.262700041021393549e-01 3.229648637934255384e-01 3.163891151711176186e-01 3.277389706877296138e-01 3.096314254942929556e-01 3.057821886901249120e-01 3.051462443624040066e-01 3.153266644418308284e-01 3.046292594621896055e-01 3.159569717479956408e-01 3.145185591411430170e-01 3.059302378864025562e-01 3.159451976135548845e-01 3.187383042096491037e-01 3.105472074721815079e-01 3.146914059158519850e-01 3.159124894976582665e-01 3.023192577898450306e-01 3.084222403052241379e-01 3.120781559733747934e-01 3.118884216766147910e-01 3.018966538593907400e-01 3.049995320220288963e-01 3.061450851168363019e-01 2.954814069634112417e-01 2.980704041935602344e-01 2.893414534852997710e-01 2.900126099140720726e-01 2.928529502207197210e-01 2.954702962119654108e-01 2.976709687427397388e-01 2.982118154331216409e-01 2.963909507836777757e-01 2.975708880219598562e-01 3.096173271478711020e-01 2.976969914263240535e-01 2.952745320509212457e-01 2.985961556863598876e-01 3.012615132121733152e-01 2.965904835312856425e-01 2.947884083973978386e-01 2.972703358516970429e-01 2.963730540680108994e-01 2.994948548449536951e-01 3.100157930169911702e-01 3.054538355117162873e-01
-8.233318345432139029e-02 2.688367810840538649e-02 2.049715702970668352e-01 1.000000000000000000e+00 2.719505546326369538e-01 3.140207964026942578e-01 5.191298688906070824e-01 5.270824389604705784e-01 4.383332312261756236e-01 4.090863784841175521e-01 4.749042911649206111e-01 6.081298024583692285e-01 4.845565804917387198e-01 4.792405537267746540e-01 5.584467950366539535e-01 5.750497367044880015e-01 4.731788872204805707e-01 3.873680162227650103e-01 4.024477195568266774e-01 4.703183072791399244e-01 4.652705570569481419e-01 5.045366352179362357e-01 3.557577569927179439e-01 3.782361209219556875e-01 4.056270545298795716e-01 5.175014914182870518e-01 4.753483322285693147e-01 4.790658907376577069e-01 4.895758973239802692e-01 4.379935582126414650e-01 4.792025214069976502e-01 4.875686538486017629e-01 4.470985526970842061e-01 4.908564164247536388e-01 4.442269738860111783e-01 4.923756322623869530e-01 4.648677296086605737e-01 5.661381015550492890e-01 5.305094036707833638e-01 5.454406138587998276e-01 5.372624807705131955e-01 5.499955392937823095e-01 5.696196778645646885e-01 5.591010764985737680e-01 5.436661746269487727e-01 5.422625256845440278e-01 5.418522467463247061e-01 5.397911731098534727e-01 5.447760228773470548e-01 5.510887162198639944e-01 5.653060707518658967e-01 5.904924567265159574e-01 5.729639724173930526e-01 5.429387196729648091e-01 5.511821100810651020e-01 5.108975340853416647e-01 5.648298142542906852e-01 5.472523553328118018e-01 5.726902218236907816e-01 5.549362325587138267e-01 5.622799542090953784e-01 5.628377399598066821e-01 5.736881588845268443e-01 5.546026670318674467e-01 5.462728093104219917e-01 5.430476973512738947e-01 5.324675706053826341e-01 5.152538817264101789e-01 5.232201545969200618e-01 5.834024417216913116e-01 5.650500442907309129e-01 5.265958514631918774e-01 5.056001815409458811e-01 5.145626408313805911e-01 5.536908775883381262e-01 5.394614477743125969e-01 5.366006052305661855e-01 5.320434612246081052e-01 5.287547411425191912e-01 5.091390653395907462e-01 5.052704972268743377e-01 5.195230317881300852e-01 5.277336906735132782e-01 5.172586584478493510e-01 5.390922078747740764e-01 5.272357890740805297e-01 5.252174152039630339e-01 5.596515500264380716e-01 5.366141687966689000e-01 5.383918169139744192e-01 5.461197472515330054e-01 5.548194272588385934e-01 5.432721121469097358e-01 5.445766935531392017e-01 5.457016265467174998e-01 5.444509263058553428e-01 5.807333028337602343e-01 5.610421991474721093e-01 5.555521321843176485e-01 5.630194572791265006e-01 5.616651516673736300e-01 5.664245345685207100e-01 5.612122325071745577e-01 5.609454287111254045e-01 5.567011019315352138e-01 5.671058151894654564e-01 5.523507052396132710e-01 5.449270014941940410e-01 5.536212988214064268e-01 5.522169913447622092e-01 5.622704627685312095e-01 5.512497045016032660e-01 5.596598197351795312e-01 5.493245914160638232e-01 5.477903362085103645e-01 5.490702838156011900e-01
4.368975160350548753e-02 1.061331154928070175e-01 1.306952362442836690e-01 2.719505546326369538e-01 1.000000000000000000e+00 2.235503064917623850e-01 4.140826144255218000e-01 3.979624879067868437e-01 4.152104335657419987e-01 3.924964591006848691e-01 4.110432319419058400e-01 4.395457650271929473e-01 4.056062597396880576e-01 3.927208821071183076e-01 4.568934290547342347e-01 4.473937766124983506e-01 4.192925822644208433e-01 3.945043270768213706e-01 4.306653455303743327e-01 3.280939405299623246e-01 3.774467564025068000e-01 4.457102337184345453e-01 4.134338768769020289e-01 4.069049809335380519e-01 4.296853953703854145e-01 4.572112698194639724e-01 4.464417546978722839e-01 4.490379679834204385e-01 4.534824860661956225e-01 4.349416924730284961e-01 4.474620803753914799e-01 4.471601755862817384e-01 4.353915511044716413e-01 4.457184714701518113e-01 4.428539146892009892e-01 4.579557817524589902e-01 4.515508058615793630e-01 4.536864343221038709e-01 4.564116352334806059e-01 4.557803759175974578e-01 4.595805045124363164e-01 4.497075398122740153e-01 4.548292103100657902e-01 4.623164749094599291e-01 4.698185095728180660e-01 4.533790059433281949e-01 4.524553998513399233e-01 4.540938509891953578e-01 4.564664980558472696e-01 4.437451707763198083e-01 4.519990609249483482e-01 4.629384096581004027e-01 4.651853719130861764e-01 4.547669474221778252e-01 4.591701349756058814e-01 4.565864879203496707e-01 4.608086663608109701e-01 4.525517312369077838e-01 4.565009348073579831e-01 4.595451860552716150e-01 4.597660559724955354e-01 4.543228155520848688e-01 4.533718266527909102e-01 4.600381037219090086e-01 4.705008283840864669e-01 4.655226337896485322e-01 4.571806899423065951e-01 4.655391786912094765e-01 4.578831787730060499e-01 4.488699623471221201e-01 4.699749334748387075e-01 4.704175687009993223e-01 4.589777523611985877e-01 4.674542205307420373e-01 4.628761833963350170e-01 4.578707220677668555e-01 4.639019717300559842e-01 4.606568120183602288e-01 4.523410172566630916e-01 4.550425461088814516e-01 4.581726472669268024e-01 4.560997353599834381e-01 4.683811562750613833e-01 4.571428543552876200e-01 4.503986025556681594e-01 4.592114555116402208e-01 4.648645650668598028e-01 4.569117341866628101e-01 4.603708919763559448e-01 4.628323724021112806e-01 4.630166174660283462e-01 4.594050571937177141e-01 4.609263362177475343e-01 4.589761402692641989e-01 4.567142214502959985e-01 4.547907125593597111e-01 4.527987642271285029e-01 4.581379329052198135e-01 4.581576257813572139e-01 4.554099730651480771e-01 4.583657876630949923e-01 4.592676655833423660e-01 4.592881217416020512e-01 4.584656048047843768e-01 4.632041853590305736e-01 4.650703108014888620e-01 4.559948028150671018e-01 4.574847344531651760e-01 4.599823556423600079e-01 4.573570494729580216e-01 4.586604105192848557e-01 4.587514088420606706e-01 4.565950552922166672e-01 4.624979549137671619e-01 4.640440148080050009e-01 4.623037658701292796e-01
1.011272980345552519e-02 1.142470061582417373e-01 1.471049631314418071e-01 3.140207964026942578e-01 2.235503064917623850e-01 1.000000000000000000e+00 4.486456141358434180e-01 3.875739385415696292e-01 4.657346344755298184e-01 4.084379445786388563e-01 4.341281379704730048e-01 4.663528537414502462e-01 4.217815699012074093e-01 4.476540119297005016e-01 4.931871045956858768e-01 4.869389562137519389e-01 4.347633887372111539e-01 3.445255834955545104e-01 3.788553632068651367e-01 3.121915156937318803e-01 3.401904773523479752e-01 4.184668992314455882e-01 3.910065456779246995e-01 3.664977251317830809e-01 4.037042591021166027e-01 4.866673712351140546e-01 4.827058355706361770e-01 4.832858294857337311e-01 4.817286689453432191e-01 4.727284001482897069e-01 4.954422168231176205e-01 4.704429918397174948e-01 4.519584889875365996e-01 4.719351737449514750e-01 4.694605032494346686e-01 4.641972489705937788e-01 4.772522220791435288e-01 5.005649634048366936e-01 5.007785772714062889e-01 4.789011843598741658e-01 4.991254986624448775e-01 5.040010171827430385e-01 4.955964126960561433e-01 5.000431150170029371e-01 5.037251724347827642e-01 5.086517206654110890e-01 5.023096952350508682e-01 5.025184973125957910e-01 5.008862641393058146e-01 4.854347091122873659e-01 4.986830586816643485e-01 4.806219446096804959e-01 5.008750509478862023e-01 5.033023413836317239e-01 5.012442787713945469e-01 4.983322037518641001e-01 4.951223148012265929e-01 5.003308824768460950e-01 5.032634251483711907e-01 5.067318080941534131e-01 4.990533380184102863e-01 5.056994829981374950e-01 4.947233003357632275e-01 5.022755936791218900e-01 4.989553820712896992e-01 4.977686582842871243e-01 5.036993602974587647e-01 4.936889498249067976e-01 4.954878194355341048e-01 4.865278610959883343e-01 4.884512028097402481e-01 4.956308842825213334e-01 4.851217272154353388e-01 4.885175184013433869e-01 5.087324148420711012e-01 5.064164019764330060e-01 5.075695529312910237e-01 5.037474468066807098e-01 5.034698184717233405e-01 5.012548672381572645e-01 5.002676259315355090e-01 5.090783986071970579e-01 5.002600163110989540e-01 5.013912840929101167e-01 4.990573160743681513e-01 4.968276313831724300e-01 5.034796494456099669e-01 5.063637340064500725e-01 5.045549867621578199e-01 4.999267395085268406e-01 5.052784893827710899e-01 5.076613373708761534e-01 5.055503274630842592e-01 5.100296606137465494e-01 5.080914515752682492e-01 5.055748919244958950e-01 4.957152730687974240e-01 4.948030478757142747e-01 5.027199526309559241e-01 5.043509491514291954e-01 5.051981185095577587e-01 5.030279004389570652e-01 5.055709720871627288e-01 5.078435822856034454e-01 5.030947539901385879e-01 4.964892407746120950e-01 5.050667815113039083e-01 5.070967850312855241e-01 5.076572455316130661e-01 5.064939877795192613e-01 5.058676771994293775e-01 5.079918328388676185e-01 5.071836025931814040e-01 5.055263114824214421e-01 5.043807541830964691e-01 5.044373441239515810e-01
-7.178897175449741597e-03 1.207939131285911127e-01 2.678101430756877899e-01 5.191298688906070824e-01 4.140826144255218000e-01 4.486456141358434180e-01 1.000000000000000000e+00 7.039113816712911920e-01 6.944106039588311408e-01 6.663183032317659960e-01 6.952326641556064724e-01 7.816370466882087698e-01 7.027356214431395021e-01 6.966905641842340291e-01 8.190197986840770383e-01 7.966348346284378712e-01 7.020440314470119958e-01 6.195295462065107950e-01 6.512333862106718385e-01 5.667870210551707588e-01 5.981877174878089676e-01 7.325651164958878470e-01 6.529199507542990943e-01 6.346906225994514150e-01 6.901257506282919563e-01 7.883795587600406218e-01 7.685084772829602340e-01 7.667415329957196768e-01 7.716712550272675220e-01 7.519414815945498765e-01 7.748710032218457666e-01 7.704655514615721401e-01 7.514505391694616954e-01 7.783734770195807062e-01 7.643254018889732437e-01 7.743728929890750790e-01 7.718198215406794072e-01 8.089519054059151060e-01 8.099188350862566166e-01 8.003523042366227358e-01 8.016956848533689506e-01 8.066728618663763228e-01 8.121997094878337098e-01 8.120217038038337609e-01 8.043320592343723430e-01 8.026082766203488372e-01 7.930230158601644375e-01 7.973483759859391062e-01 7.988530755300071728e-01 7.972178947001947735e-01 8.134388417051332532e-01 7.976578256807786982e-01 7.962641481486237849e-01 7.951924808845979298e-01 7.962206660507602507e-01 7.931163174561921547e-01 7.954586724486303329e-01 7.962156887399184368e-01 8.047760040163743911e-01 7.991596448070458214e-01 8.091577905581659458e-01 8.014364753552249976e-01 7.969609833787885123e-01 8.050227511122712842e-01 8.027548204329336690e-01 7.997414314219868370e-01 7.974853809589979026e-01 7.959987641872745545e-01 7.934889025011241381e-01 7.887092385469072209e-01 8.044865863953671870e-01 8.048563142884929134e-01 7.802492802800700122e-01 7.903789245338872504e-01 8.150556342912773644e-01 8.036631314159194961e-01 8.034319744983607903e-01 8.052960414899638097e-01 7.979043371451511879e-01 7.965853715236823618e-01 7.963016229979812399e-01 7.960715628873802352e-01 8.055647005918666892e-01 8.026597424029248140e-01 8.004013224666322035e-01 8.039316823712319149e-01 8.083661660937425664e-01 8.143172048289333276e-01 8.064197412136159260e-01 8.090128440114975339e-01 8.171563291518587624e-01 8.117698609740076066e-01 8.086975893829443374e-01 8.123016336548113392e-01 8.008415013040079966e-01 8.003178416562680697e-01 8.070546053465766922e-01 7.934778044588984836e-01 8.037079861770488609e-01 8.091012686801009046e-01 8.133896069056483213e-01 8.066782670047298875e-01 8.065161800980766849e-01 8.072590213171754181e-01 8.118505090417884595e-01 8.016891664199687906e-01 8.019688983182650110e-01 8.038376625148574428e-01 8.078421025253736953e-01 8.031862165671386222e-01 8.073379859864084906e-01 8.023484800690757757e-01 8.050153747153243611e-01 8.075216307151892314e-01 8.080609227783045467e-01 8.041329685607655486e-01
-9.788810438164761638e-03 1.115790135468573696e-01 2.537064143863391741e-01 5.270824389604705784e-01 3.979624879067868437e-01 3.875739385415696292e-01 7.039113816712911920e-01 1.000000000000000000e+00 6.624655527890971340e-01 6.421833326265004027e-01 6.702160283814597719e-01 7.616257980141505346e-01 6.608788758254118267e-01 6.640533695939345726e-01 7.623581306832631910e-01 7.846328414275093310e-01 6.667962315099019710e-01 5.739315360644503539e-01 6.002090908760568944e-01 5.398328657567386113e-01 5.808833817703800140e-01 6.862777147364738095e-01 5.807306945529169262e-01 5.760085043502767288e-01 6.258909350908257174e-01 7.481064819496697771e-01 7.087519566683757599e-01 7.099471263883150307e-01 7.287362559689071206e-01 6.944862672606335607e-01 7.267863834765581066e-01 7.204786195691776918e-01 6.942341042531390283e-01 7.174203127658232981e-01 6.993430899240340448e-01 7.161216193153387977e-01 7.000333748980981374e-01 7.799125338058023882e-01 7.617504039714690922e-01 7.480609531810500368e-01 7.587717450762746507e-01 7.613548070075462082e-01 7.744182685119042064e-01 7.737689656059424381e-01 7.558504929601458366e-01 7.582489510957299839e-01 7.619045650346475407e-01 7.598224462815128533e-01 7.651903621138651523e-01 7.748116328582502765e-01 7.802311749715885592e-01 7.651433028730766361e-01 7.753146202650085250e-01 7.632346716058103775e-01 7.729803600705593691e-01 7.413886069904905840e-01 7.817358231408877423e-01 7.655377253146408156e-01 7.786437464923001706e-01 7.689250766164984485e-01 7.814993441759326975e-01 7.798375530393965027e-01 7.836462091587447221e-01 7.797502837267475950e-01 7.686079599809594320e-01 7.711430364011649941e-01 7.538855812351745733e-01 7.529443082075121252e-01 7.502306190675195330e-01 7.572493314290434929e-01 7.658701114208991134e-01 7.567733905986478993e-01 7.365078202126933427e-01 7.420322437332982357e-01 7.737117623066259720e-01 7.655729897967337161e-01 7.624636496691789000e-01 7.653853781053382432e-01 7.539693981477844087e-01 7.491582440943326260e-01 7.477902568583758569e-01 7.542968810646738520e-01 7.618079585046624302e-01 7.568125709862861816e-01 7.629562311777378092e-01 7.543159321285317631e-01 7.577306725853013569e-01 7.776089124776525141e-01 7.631647248745893064e-01 7.642706762818847199e-01 7.683428983855686845e-01 7.733250002313412086e-01 7.641438138277791836e-01 7.679660889093480325e-01 7.653105520759316827e-01 7.645669482390541338e-01 7.839112311930694910e-01 7.755833481217252467e-01 7.744680637247631783e-01 7.765505325990957886e-01 7.776299670986578372e-01 7.808840372777373640e-01 7.696380354247167599e-01 7.742118418419734471e-01 7.698196933553718146e-01 7.806164560291490861e-01 7.724896462756445370e-01 7.668075155368846429e-01 7.743532597154910713e-01 7.708689939110798806e-01 7.762009204776884053e-01 7.711875983887834796e-01 7.750616909431675694e-01 7.768100303552301078e-01 7.679541820933889484e-01 7.698558459023890910e-01
1.195869853227260887e-01 1.873377559201540588e-01 2.872970135620506738e-01 4.383332312261756236e-01 4.152104335657419987e-01 4.657346344755298184e-01 6.944106039588311408e-01 6.624655527890971340e-01 1.000000000000000000e+00 7.607093131031751332e-01 7.411483456205387732e-01 7.873554368820986360e-01 7.260309004899402341e-01 7.494446051441888690e-01 8.271785523431305354e-01 8.146428647501248177e-01 7.929974626872109411e-01 6.700712298419323476e-01 7.267192106648504568e-01 4.990051265629142918e-01 5.738830875836944401e-01 7.438748149509826213e-01 7.601512666493397408e-01 7.193458062491748795e-01 7.587358074103416339e-01 8.462266825930616632e-01 8.393713336117873958e-01 8.516744215263681861e-01 8.515972942342249219e-01 8.594501343688953909e-01 8.726145388485834209e-01 8.489891011483068350e-01 7.955085352219714023e-01 8.289559388171793275e-01 8.289239344615157989e-01 8.121312611544814208e-01 8.458052278334283747e-01 8.349543061883931694e-01 8.542061105589888736e-01 7.999763182717215537e-01 8.606535289482643014e-01 8.524376703472943406e-01 8.220012092073135657e-01 8.588925951528018077e-01 8.577381028705680643e-01 8.542337204607527434e-01 8.630318328416756168e-01 8.720149149556212231e-01 8.626567591901418419e-01 8.401409480062768109e-01 8.447776738272426700e-01 8.120754652357702330e-01 8.521805641894971695e-01 8.780503549106963845e-01 8.678683532148833146e-01 8.696311818795577908e-01 8.645580886016884792e-01 8.661863471055974983e-01 8.562864008473654032e-01 8.713449417930061447e-01 8.587674226736781158e-01 8.659899094303836753e-01 8.553997309997996012e-01 8.616213953854082730e-01 8.688466428338438297e-01 8.790568861957980262e-01 8.754056312805081896e-01 8.732095361713515524e-01 8.713365877158241180e-01 8.114735540267249414e-01 8.376885031579299756e-01 8.702292936201219131e-01 8.669381698125956381e-01 8.603945805207984243e-01 8.696716550095442422e-01 8.737026778479176636e-01 8.719789784376236197e-01 8.791657660535946439e-01 8.716300194629710285e-01 8.819943483199175205e-01 8.775116732995109636e-01 8.804434785831496413e-01 8.768917693178398531e-01 8.768356996014767812e-01 8.594692749133556742e-01 8.673104014722957666e-01 8.738354654019627743e-01 8.595508781834909628e-01 8.701622462320474094e-01 8.681960095692401458e-01 8.612211389684470975e-01 8.667236450411928139e-01 8.690508174068807268e-01 8.685507066495941064e-01 8.698203448260150017e-01 8.713915018474651664e-01 8.381783322730135266e-01 8.598071872255329540e-01 8.667312250486433056e-01 8.567014426799810511e-01 8.534211459513982856e-01 8.641780443245238308e-01 8.597689644414334698e-01 8.611035440267097441e-01 8.682331991753257094e-01 8.645752582721076829e-01 8.721238992849155158e-01 8.720278907046770112e-01 8.699465754088110403e-01 8.709568713469594270e-01 8.641697997220906258e-01 8.723967763881003146e-01 8.674940626262035437e-01 8.724233210977277997e-01 8.706313778158847327e-01 8.765427143910446972e-01
8.056551483773199962e-02 1.848417413905348861e-01 2.660071451638924001e-01 4.090863784841175521e-01 3.924964591006848691e-01 4.084379445786388563e-01 6.663183032317659960e-01 6.421833326265004027e-01 7.607093131031751332e-01 1.000000000000000000e+00 7.029912076835735935e-01 7.441298362497270613e-01 6.824825772557893133e-01 7.173492639150247374e-01 7.878458589119753386e-01 7.740142468560428091e-01 7.292360314736371363e-01 6.300048018294875929e-01 6.846600036517852539e-01 4.659113240881829765e-01 5.331506045539676775e-01 7.041409627753602019e-01 7.121544451726270486e-01 6.780343754539376322e-01 7.125852708310298489e-01 7.983847098728813485e-01 7.834824745079072006e-01 7.962705683468297435e-01 8.051791873920294274e-01 8.026835582688782722e-01 8.178347814966362428e-01 7.998756741491649391e-01 7.484901120057215751e-01 7.814343432645832754e-01 7.852872539260595808e-01 7.658429648838923631e-01 7.935765926234389367e-01 7.922029935318715133e-01 8.086150497794629688e-01 7.616511627072699575e-01 8.147091696063724076e-01 8.092112113083229641e-01 7.878696527726152254e-01 8.166928260899983805e-01 8.059244482806072751e-01 8.102604506582693489e-01 8.163018375908047686e-01 8.247131569928316530e-01 8.147035846757842981e-01 7.921976286039654758e-01 8.007625888316086682e-01 7.629893606759217128e-01 8.016797771861325916e-01 8.276067365347091753e-01 8.230121425087958409e-01 8.208933682205244997e-01 8.125493271157943065e-01 8.209714107674668249e-01 8.147375885572022414e-01 8.176655931782079723e-01 8.178350586250714427e-01 8.176244843169353516e-01 8.112555769542074691e-01 8.154277797158919761e-01 8.188223364643093527e-01 8.232100809368689820e-01 8.252666695754596882e-01 8.234335753469187447e-01 8.187214283147588034e-01 7.636898202076100040e-01 7.893915453602484700e-01 8.199216187035774928e-01 8.169688892271380620e-01 8.115924558659270982e-01 8.214509722307753448e-01 8.271032210997254497e-01 8.247440723901674486e-01 8.287468168969157611e-01 8.219380387014761924e-01 8.327159866403683885e-01 8.276125309375241823e-01 8.284419177429775960e-01 8.268901020731233009e-01 8.268633015228199490e-01 8.134388460672853371e-01 8.190201849500374776e-01 8.239728020185106416e-01 8.163172291645346412e-01 8.226804772711371339e-01 8.240445829953372270e-01 8.146485819932275385e-01 8.204417891613359215e-01 8.203675162398247345e-01 8.221006301043228826e-01 8.215985250269038920e-01 8.237931315606962235e-01 8.001867949600834917e-01 8.125871142721446949e-01 8.226526279893547899e-01 8.117106317093053525e-01 8.137105380501400420e-01 8.202139154572088975e-01 8.152820482875626773e-01 8.160997038860533515e-01 8.178059311902060591e-01 8.176250299288196910e-01 8.231086454712444045e-01 8.233153696593553672e-01 8.243546129954876234e-01 8.227212406587599558e-01 8.194554273351501994e-01 8.231395343693072020e-01 8.204547223724175664e-01 8.244590517510477223e-01 8.195613590463756148e-01 8.239076563281458876e-01
1.316687440454456827e-02 1.338682132922585089e-01 2.859400598149194894e-01 4.749042911649206111e-01 4.110432319419058400e-01 4.341281379704730048e-01 6.952326641556064724e-01 6.702160283814597719e-01 7.411483456205387732e-01 7.029912076835735935e-01 1.000000000000000000e+00 8.044218562064157085e-01 7.183564336361525360e-01 7.405144458609040914e-01 8.239543259416269860e-01 8.032119724464827915e-01 7.510177041864920522e-01 6.265793787567782713e-01 6.895721481542121944e-01 5.235751318240321472e-01 5.839503198399402795e-01 7.314748350426718559e-01 6.920607601782695628e-01 6.762025255769943399e-01 7.109946090049441558e-01 8.105201980295129172e-01 7.963386792631985678e-01 7.999692857706041105e-01 8.004022606791226790e-01 7.913055459149929138e-01 8.126104803098452845e-01 8.047006127071779646e-01 7.529240156103476078e-01 8.037842466257290042e-01 7.745675541846531731e-01 7.840854442720215367e-01 7.992758323427896494e-01 8.257451688376173937e-01 8.393555337587899068e-01 7.996800543474988920e-01 8.422587729599706474e-01 8.422947308864614513e-01 8.302789925284308481e-01 8.442826126167143341e-01 8.332462180983912781e-01 8.349963563661985111e-01 8.468744911456977942e-01 8.478952863535398343e-01 8.421063156871034794e-01 8.216760977301197366e-01 8.396643862916438605e-01 8.129802274431185971e-01 8.297644163967453634e-01 8.450584334086924665e-01 8.403045490347675894e-01 8.360756585569142363e-01 8.332749445441884895e-01 8.454161473714704167e-01 8.442576424098632293e-01 8.498126086645081401e-01 8.469220017606656770e-01 8.441748908899717740e-01 8.389679685986586311e-01 8.439392201835210772e-01 8.436362022937888838e-01 8.412872113261886664e-01 8.487092232865067754e-01 8.429668057462207376e-01 8.399795811584435112e-01 8.143805044322384168e-01 8.293462717434041398e-01 8.430504909326314023e-01 8.304097929655486210e-01 8.331786248144162910e-01 8.511562185054755147e-01 8.469944299612616190e-01 8.459696448580711348e-01 8.455953509132752011e-01 8.425385894931829434e-01 8.414297620393629273e-01 8.399190770458968558e-01 8.479085558853926008e-01 8.471020323570885857e-01 8.390849078703029873e-01 8.409283987407992766e-01 8.457955276938390332e-01 8.458794933813410521e-01 8.505246212097878900e-01 8.517036610669140861e-01 8.470791882520574134e-01 8.443860753471524871e-01 8.518021596347042923e-01 8.513664782547345489e-01 8.515452918275219218e-01 8.520529349390875140e-01 8.530314844477080438e-01 8.379809750668688606e-01 8.375203365474969130e-01 8.489047174547653674e-01 8.475736987914056497e-01 8.482983884945957120e-01 8.477414501757720711e-01 8.492577376599022010e-01 8.516750133519928045e-01 8.500864114084273337e-01 8.448854275178070417e-01 8.506054262853922632e-01 8.520263176673283922e-01 8.504118921911911766e-01 8.505086416171807606e-01 8.509624770137963479e-01 8.542321987694675434e-01 8.521264775949730641e-01 8.517773826445885765e-01 8.490264181614636252e-01 8.505815191887743376e-01
-4.914740276563783067e-02 1.054266836648977135e-01 2.755689207784925987e-01 6.081298024583692285e-01 4.395457650271929473e-01 4.663528537414502462e-01 7.816370466882087698e-01 7.616257980141505346e-01 7.873554368820986360e-01 7.441298362497270613e-01 8.044218562064157085e-01 1.000000000000000000e+00 7.941919782760739066e-01 8.014604711458058750e-01 9.113559291232548043e-01 8.979123211629633783e-01 8.090473944739823287e-01 6.578112050756914631e-01 7.078509155973571332e-01 6.352545245206768776e-01 6.797909092047265123e-01 7.958609547570573151e-01 6.974156350924322068e-01 6.902817895078835475e-01 7.369125910994509532e-01 8.739449409069229846e-01 8.410522373379152317e-01 8.385409674507111610e-01 8.469736070526284744e-01 8.190934475401554504e-01 8.653969234568229529e-01 8.590252309556231092e-01 8.014400731517293819e-01 8.608354371450088749e-01 8.127118549010217130e-01 8.483968863520400250e-01 8.465957091086769859e-01 9.203874011283741385e-01 9.087233694702244735e-01 8.912557210116427431e-01 9.120176439078329089e-01 9.207862628727876420e-01 9.223813510345089117e-01 9.274930044216210812e-01 9.069061661359958393e-01 9.139316436787048303e-01 9.194692306053741104e-01 9.201319394699062348e-01 9.213190936878526971e-01 9.104353124458458568e-01 9.296157447627921844e-01 9.136998841565158180e-01 9.197737837190269605e-01 9.199825919016223486e-01 9.186788664081751987e-01 8.965640450784102544e-01 9.197893302207019728e-01 9.209507851356493191e-01 9.322699032713559486e-01 9.268925029700239016e-01 9.306083259615726133e-01 9.289973090741131534e-01 9.303606193854205841e-01 9.257745051006369685e-01 9.123316776274080775e-01 9.102497671716593963e-01 9.163357938462300956e-01 9.009447207511193101e-01 9.044366357831945535e-01 9.131947830339214311e-01 9.150338189219352492e-01 9.051711405480656891e-01 8.849929921957975232e-01 8.888031597807086737e-01 9.254108443898853009e-01 9.167492600904855182e-01 9.146486231966615144e-01 9.106056350961443391e-01 9.063161778874982977e-01 8.939938902752203598e-01 8.945717164461427506e-01 9.082312812977149097e-01 9.111928992245661441e-01 9.006489143437020894e-01 9.162623444815105600e-01 9.106843597368065035e-01 9.112960484511484216e-01 9.311581807224631469e-01 9.212035913552721889e-01 9.145640750494941074e-01 9.205182328819316862e-01 9.295827132080275446e-01 9.228185914425356406e-01 9.236311887231508644e-01 9.274238507009083810e-01 9.260864631282937909e-01 9.336549734253597466e-01 9.237348290198378331e-01 9.296326800116453404e-01 9.332389722119113218e-01 9.326014954241514943e-01 9.332036782809234321e-01 9.309535962465733672e-01 9.332606952214316243e-01 9.282513299268404516e-01 9.268993263366963609e-01 9.294997469550246860e-01 9.249456078061740749e-01 9.282048484953460132e-01 9.284542323414085585e-01 9.342898748008513499e-01 9.286563755960628441e-01 9.319480302624102430e-01 9.278758978227167331e-01 9.225407976755203299e-01 9.246918317605852256e-01
-2.318816516060123387e-02 1.233732328598319689e-01 2.395208754694408693e-01 4.845565804917387198e-01 4.056062597396880576e-01 4.217815699012074093e-01 7.027356214431395021e-01 6.608788758254118267e-01 7.260309004899402341e-01 6.824825772557893133e-01 7.183564336361525360e-01 7.941919782760739066e-01 1.000000000000000000e+00 7.303114573838251911e-01 8.327511149232621479e-01 8.046392941666440368e-01 7.412803361259850954e-01 5.854243234857591238e-01 6.529391678053433345e-01 5.280408616457644699e-01 5.598963167700506949e-01 7.065816684860398711e-01 6.586808441165763472e-01 6.339055061079947873e-01 6.826146820845089280e-01 8.040374731421242593e-01 7.772291344723163409e-01 7.831996994115181243e-01 7.796030550469422726e-01 7.751018597988147407e-01 8.053281395466392878e-01 7.957912575013510459e-01 7.416988486678249837e-01 7.965780408425969794e-01 7.640802306966416602e-01 7.749751293759449267e-01 7.891903491713172514e-01 8.234477106592890117e-01 8.267938941871095793e-01 8.017347892080005645e-01 8.322834088763052529e-01 8.371878365031025782e-01 8.285655242399135867e-01 8.362826614511066348e-01 8.244051534495692168e-01 8.317175004580876774e-01 8.387243918487565786e-01 8.402195149190755386e-01 8.380060958788072556e-01 8.213709835162177342e-01 8.373373059402714480e-01 8.031717616855863495e-01 8.171700719614450881e-01 8.334972797052764282e-01 8.276805126582045258e-01 8.289821264427307268e-01 8.154333688818037329e-01 8.379596197681197234e-01 8.332480835565200250e-01 8.425357621609820269e-01 8.393577367648760168e-01 8.339273582836101983e-01 8.274561534026506626e-01 8.342675600209460418e-01 8.275319821805063869e-01 8.257519084896611794e-01 8.402110265472808592e-01 8.250017946886778475e-01 8.319225543834292136e-01 8.108255740228875741e-01 8.137077735431145209e-01 8.281148588815773204e-01 8.111863871219161526e-01 8.131519886259266361e-01 8.436253675744230796e-01 8.356492109644930721e-01 8.404949143802239453e-01 8.317505043299915357e-01 8.336763785956859962e-01 8.280128979979953785e-01 8.286077703183989396e-01 8.379064757378839046e-01 8.362810655406712756e-01 8.300679641954693544e-01 8.392810216456439987e-01 8.359303468934299319e-01 8.362503238225792446e-01 8.468862359985386279e-01 8.446339933495460306e-01 8.375225134361465873e-01 8.408527093865423296e-01 8.462555492318626360e-01 8.435057075333055598e-01 8.450819494182177927e-01 8.464116169121690403e-01 8.459880125202170476e-01 8.339905416090325208e-01 8.296841579589928628e-01 8.419423878201907074e-01 8.442056520566899591e-01 8.469446169944252478e-01 8.416879406282975484e-01 8.425073531914345493e-01 8.471461579725317881e-01 8.432782732820758298e-01 8.315056563730897077e-01 8.444496425061025491e-01 8.449721950416004823e-01 8.433613283260606996e-01 8.439068354619264634e-01 8.417354249189458182e-01 8.444222060878336933e-01 8.445104820709916638e-01 8.439829979228894441e-01 8.396944977369774632e-01 8.377233356807466391e-01
