1.000000000000000000e+00 1.180972217936038932e-01 8.680359649728754123e-02 -1.443776450966891174e-02 4.002138543330343440e-02 2.677566962587900681e-02 4.382972428513516594e-02 4.331681510442808580e-02 9.366572708123997726e-02 4.052641165685345881e-02 2.833088589538646646e-02 -2.177624900430432872e-02 1.040459863860187899e-02 2.056481697418822974e-02 8.581025876097174779e-03 1.666168922824397616e-02 1.143531877180968409e-01 2.082022653967995074e-01 1.519716735862196300e-01 2.565008622667573346e-01 2.140669522707438766e-01 1.683036082239078024e-01 1.415646991547654387e-01 1.741163620490849273e-01 1.587378500630028666e-01 1.405442021083921356e-01 8.168979539164444859e-02 9.384514256105555563e-02 1.204909379463698083e-01 1.087873184729753195e-01 1.034778855153684340e-01 8.269554961108861735e-02 6.771154727042157095e-02 7.506814113844766101e-02 1.031324415613108086e-01 5.051641779912669633e-02 7.041138523419047945e-02 3.232931138896972395e-02 4.778548781775444898e-02 1.825443655203516993e-02 3.532697920142753578e-02 2.352035199704347046e-02 3.410458383021831158e-02 3.774049393668883756e-02 5.128583773233934967e-02 4.837060632133304006e-02 7.789159021045676846e-03 2.260679683471434470e-02 1.353489695844012179e-02 2.554068782538889207e-02 3.789225472740372774e-02 2.880108380024026457e-02 1.817771306944335197e-02 5.359121943411565558e-02 7.072856978876794487e-02 6.530358655378218358e-02 6.052092792266808990e-02 3.245506851019066413e-02 3.643710017726866507e-02 3.797390868329020980e-02 2.562765832328868162e-02 3.434468521156436999e-02 2.684302251355059898e-02 2.425103171182474773e-02 5.202037052456192495e-02 5.103534509679250042e-02 2.635005461501243110e-02 5.630587047172179449e-02 5.085513986341681780e-02 1.049295045442796975e-01 7.804273997945702923e-02 5.917407105576837772e-02 7.428040515535112853e-02 7.282868146056727110e-02 4.832040611749125608e-02 4.317595129949843707e-02 4.303007896977533581e-02 6.147274495415354367e-02 5.341545776436114334e-02 5.288048024778659734e-02 4.151062576848327940e-02 4.627903585698546485e-02 5.412054656469470620e-02 4.077114155197765488e-02 2.267662715055160025e-02 3.689884287367369703e-02 2.703825711426090586e-02 1.842364828779154140e-02 1.336790029453242996e-02 4.260580184535569387e-02 2.397524446533580086e-02 2.097692323862531197e-02 1.869660109988437874e-02 2.088631154340405555e-02 8.997273934167007714e-03 1.347172898787877583e-02 8.200190728626570100e-03 2.431558904648454048e-02 9.994248022713975513e-03 1.942271488996507450e-02 7.164623842802041002e-03 1.869880859796136871e-02 1.350519918492220153e-02 9.487307036910544444e-03 2.182783202078349832e-02 3.095536978266402034e-02 1.738824590984644827e-02 3.185788161939646229e-02 3.635500651894345292e-02 1.829614497720480695e-02 2.002043196628075852e-02 1.530054071171413170e-02 1.647892910652691903e-02 1.558969986363556784e-02 3.284995111510512211e-02 2.612234768178249913e-02
1.180972217936038932e-01 1.000000000000000000e+00 7.049143648510151905e-02 5.426252863291301104e-02 4.763528510511012143e-02 1.061729800407916202e-01 1.350582372527561748e-01 1.480245720783253671e-01 1.851236636701075744e-01 2.042067074243541225e-01 1.590178692393684479e-01 1.430562010756727953e-01 1.514112684360329197e-01 1.452674166515388054e-01 1.553468744718926042e-01 1.707701476129545315e-01 1.767807639908779982e-01 2.055880928552276665e-01 1.633731524680975544e-01 1.958304178029831588e-01 1.567498830015906508e-01 1.441644386036517456e-01 2.145124065134268454e-01 2.005624277299466185e-01 1.502673725101647817e-01 1.806656070931858815e-01 1.749937165867452848e-01 1.659852061328404293e-01 1.452201855581297940e-01 1.729941716748614744e-01 1.803570604315909987e-01 2.046407097067291236e-01 1.816296657841390549e-01 1.856138450739538981e-01 1.764063976826802937e-01 1.605894307826025991e-01 1.531512081075692699e-01 1.768024623641947790e-01 1.835723407563445153e-01 1.633490765895175834e-01 1.763676523394070716e-01 1.666103215900987256e-01 1.602695964067260559e-01 1.778352626499586642e-01 1.745460457103682195e-01 1.709245404821465031e-01 1.759880372003801985e-01 1.774047158077045327e-01 1.648560125848890501e-01 1.704441396720882684e-01 1.789452768901398094e-01 1.639871469150268046e-01 1.630794621312933179e-01 1.754450443565754025e-01 1.738562720135028161e-01 1.847714518262331129e-01 1.698971432646138036e-01 1.762630595218256380e-01 1.761771629476537593e-01 1.849675545272311816e-01 1.729284768727153421e-01 1.686409376472296218e-01 1.612233530463506870e-01 1.713062170212920621e-01 1.742608624176862353e-01 1.766190913842087817e-01 1.824233075763685152e-01 1.904326196025898088e-01 1.942308699569113839e-01 2.002102545718429938e-01 1.732981802800964144e-01 1.759471082995510693e-01 2.015061331947723688e-01 1.758880050043695742e-01 1.849573942360850931e-01 1.773990515350252206e-01 1.725049830998711120e-01 1.695982392997161525e-01 1.718132549754078364e-01 1.848274041665654843e-01 1.736142790928752733e-01 1.823538242496798301e-01 1.933955365034650820e-01 1.751011284406688850e-01 1.675152345060864911e-01 1.850883011794081101e-01 1.724681316517315544e-01 1.781788200149728163e-01 1.718148928403499254e-01 1.853226823047459670e-01 1.708146530840652100e-01 1.749980068833004165e-01 1.738354921580985701e-01 1.708121239399829627e-01 1.716912159623838752e-01 1.755008188160321891e-01 1.590530296398064980e-01 1.611603094659243562e-01 1.707839748670577362e-01 1.732445190529499635e-01 1.632980613440344342e-01 1.739916849657119624e-01 1.676997406284110037e-01 1.710890050513893257e-01 1.756116189871862465e-01 1.708905901904686775e-01 1.693516331639327854e-01 1.779468104380933224e-01 1.789658494817323031e-01 1.739289564748172645e-01 1.738419387533947646e-01 1.733786412170651992e-01 1.708615573673408494e-01 1.702492134220664199e-01 1.757794631126604334e-01 1.732709818548675840e-01
8.680359649728754123e-02 7.049143648510151905e-02 1.000000000000000000e+00 3.513046607505621033e-01 2.142978003928204256e-01 2.372651980112112369e-01 3.609465234127604005e-01 3.343616773063344261e-01 3.500498784646250972e-01 2.996458102622725495e-01 3.871338453777045663e-01 3.795494716037525196e-01 3.252474886616482097e-01 3.524548609506414909e-01 3.731451392782719756e-01 3.624644823027784457e-01 3.576169060746799966e-01 3.461426087853459177e-01 3.698857626313315494e-01 3.119678198433350480e-01 3.645720659752723636e-01 3.857632164326018076e-01 3.251164722234948234e-01 3.611959425278521429e-01 3.554477478886006181e-01 4.075081360566249478e-01 3.951461655635911674e-01 3.829478461827864333e-01 3.442666516430513690e-01 4.007722718793316208e-01 4.006107894593248786e-01 3.787867129440189440e-01 3.442830295530960316e-01 3.715118161037601063e-01 3.792366301461316813e-01 3.906945203469006089e-01 3.801507075766722976e-01 3.745277058743815557e-01 3.892537593629821768e-01 3.767357067897202927e-01 3.792169540748836498e-01 3.723568425941984339e-01 3.797149925001093163e-01 3.829597862613100534e-01 3.953436700446982810e-01 3.843114598668571635e-01 3.590066072843623446e-01 3.668421805830926474e-01 3.604145554743155011e-01 3.716547739098506331e-01 3.776029575925237136e-01 3.751500250493741695e-01 3.711864410870739373e-01 3.503414475648585213e-01 3.496892800787745892e-01 3.789341841795522137e-01 3.673037761169885562e-01 3.624175987326314075e-01 3.655748685710185075e-01 3.700404171967768274e-01 3.749408432719651407e-01 3.622490846811816101e-01 3.553308269916455875e-01 3.784471708900118969e-01 3.798038069496181834e-01 3.707154905552552671e-01 3.667284119149550325e-01 3.826139899418798951e-01 3.726579842758178107e-01 3.819464549152238875e-01 3.901834530333555540e-01 3.891274289124229124e-01 3.777270139430047302e-01 3.855004939209943360e-01 3.898827824443256151e-01 3.862175396130896332e-01 3.767294947405716021e-01 3.651914854937314270e-01 3.844791365941489514e-01 3.885572163792115896e-01 3.883842625698330497e-01 3.896474379169801439e-01 3.744062793130922828e-01 3.746773171723551954e-01 3.641038285958959064e-01 3.729152175994807084e-01 3.779876436833473075e-01 3.691683300910907906e-01 3.705375958373012812e-01 3.776028249805934434e-01 3.763171028255121731e-01 3.750265384936918300e-01 3.741556336501227764e-01 3.743257760612682672e-01 3.645550057986344239e-01 3.610832097406233010e-01 3.661357342155983075e-01 3.718440844108731325e-01 3.658692790687479435e-01 3.697042582827190782e-01 3.722856630447626824e-01 3.678547908008339973e-01 3.705560232194167192e-01 3.695737112937057534e-01 3.751595228699362017e-01 3.676269402779759887e-01 3.650148972532950009e-01 3.649796118746868046e-01 3.662147704071794241e-01 3.656238333479767122e-01 3.617752172069825800e-01 3.657552691962460134e-01 3.615233158407052394e-01 3.703239616860791172e-01 3.710758600455530409e-01 3.665551881444545912e-01
-1.443776450966891174e-02 5.426252863291301104e-02 3.513046607505621033e-01 1.000000000000000000e+00 3.799504290134367301e-01 4.347212792555613659e-01 5.879236501516925673e-01 5.383309214475481275e-01 4.958143313894980420e-01 4.411976080687758373e-01 5.856950175754173094e-01 6.605908114754035498e-01 5.364704098638527485e-01 5.202874522075883190e-01 5.762817724714955903e-01 5.529935272480598352e-01 5.022729171480219135e-01 3.204130284094575121e-01 3.999025111023132850e-01 2.870317226960505952e-01 3.923351731761691163e-01 4.514301271622479517e-01 3.120438690230160628e-01 3.422044054107267197e-01 3.671505630653587593e-01 5.161993807512271770e-01 5.418116883769603653e-01 5.445266488086130119e-01 4.883377721813068617e-01 4.826676983205637206e-01 5.110843787443610786e-01 4.855341189364908994e-01 4.521248967836594690e-01 4.675657158827399851e-01 4.621886866820071882e-01 5.199676676040758672e-01 4.833739779454689356e-01 5.336596998509872680e-01 5.305135201730449834e-01 5.499161275562727269e-01 5.586961167452406674e-01 5.717467647990782664e-01 5.645676537253381255e-01 5.754881832452978241e-01 5.654972622424145889e-01 5.405052732876551858e-01 5.488911489873543603e-01 5.424647108507321125e-01 5.493957045290481789e-01 5.600745034723916271e-01 5.581796968437545692e-01 5.935653031854016826e-01 5.871400307448858547e-01 5.110229185339263402e-01 4.958474102263848438e-01 5.103475576748472964e-01 5.399709143438284897e-01 5.518172903380430538e-01 5.381727200173463954e-01 5.467422466683413695e-01 5.655649111169324117e-01 5.347821941651327293e-01 5.376218038512448061e-01 5.623055086866367569e-01 5.620808665533729709e-01 5.414029821814669852e-01 5.439873241197249465e-01 5.277904761489690122e-01 5.043436967255721104e-01 5.042583682041107407e-01 5.339991435361385319e-01 5.427000700931561283e-01 4.954537511532265404e-01 5.112136609310502511e-01 5.561069676392956795e-01 5.618839011932253991e-01 5.540145666389660883e-01 5.406382415891173299e-01 5.667068772276278033e-01 5.404101661553346592e-01 5.336128568415077211e-01 5.563831595043687850e-01 5.227636426958403026e-01 5.241563920298609736e-01 5.403610065258207529e-01 5.328037863474958113e-01 5.442460717435102513e-01 5.464734518477203373e-01 5.515154646180253639e-01 5.323184150520861024e-01 5.557264061607269934e-01 5.677471057482444960e-01 5.630987507133182746e-01 5.666911317678521298e-01 5.528510434091147285e-01 5.440981517780469900e-01 5.699854643871715698e-01 5.709101298926687607e-01 5.561889429289388342e-01 5.574891518540519009e-01 5.678371108051923910e-01 5.547271178659273216e-01 5.720833550387411925e-01 5.659283172257422168e-01 5.668111578911134707e-01 5.470882372089092005e-01 5.539132060430542737e-01 5.330656642894691100e-01 5.255942173705436815e-01 5.564711562897917130e-01 5.445991557617496648e-01 5.542547774679331685e-01 5.444609298062780267e-01 5.622498100383128694e-01 5.564705135072661735e-01 5.575628860803727438e-01
4.002138543330343440e-02 4.763528510511012143e-02 2.142978003928204256e-01 3.799504290134367301e-01 1.000000000000000000e+00 3.474044075640915219e-01 4.922796856658099851e-01 4.426151081412036392e-01 4.468545513951535098e-01 3.846284275095706584e-01 4.733093522339835157e-01 4.939302494111069142e-01 4.682900744443794228e-01 4.430349661455508792e-01 4.960001409107923642e-01 4.804786019847149814e-01 4.432403188799544647e-01 3.416026718518027083e-01 3.812619920986403121e-01 3.157433312531227609e-01 3.263572727436894749e-01 3.867580526297588195e-01 3.660502550173460601e-01 3.522191681997202672e-01 3.450358258209137441e-01 4.418614325724496972e-01 4.613790015923996957e-01 4.577765064193727862e-01 4.121136518827597239e-01 4.242416034078192455e-01 4.424410869783935718e-01 4.599072673145712664e-01 3.999326919638378497e-01 4.295507708292918281e-01 4.158375095842472002e-01 4.549100919957386191e-01 4.362955369818082296e-01 4.694694543360745098e-01 4.616972899919430939e-01 4.685208276637315983e-01 4.861206063719919479e-01 4.865860318499041770e-01 4.725508846728478374e-01 4.873595096939501992e-01 4.845154925468290186e-01 4.698908610129255981e-01 4.804722069295271902e-01 4.766012624403135334e-01 4.759738738666950408e-01 4.740234458176603716e-01 4.775802710534889362e-01 4.851897799880550144e-01 4.913456106116069200e-01 4.621632536984730533e-01 4.472220675324296568e-01 4.598773358664705602e-01 4.702059669635246797e-01 4.806295193507730823e-01 4.675713894411146487e-01 4.827451585298591641e-01 4.855246391602020539e-01 4.692228438041439187e-01 4.640749591706800348e-01 4.809675244845715292e-01 4.833005682724228480e-01 4.736444668773930333e-01 4.821750762459868778e-01 4.770384127662373741e-01 4.751718276226727933e-01 4.635897354798325098e-01 4.696152368955571199e-01 4.804570188866690850e-01 4.630873263981011290e-01 4.600865373053756313e-01 4.864480153689896835e-01 4.914310445963674945e-01 4.860220539101653414e-01 4.744750869341841093e-01 4.845643474988898802e-01 4.666201663912468711e-01 4.736607818140364246e-01 4.804018683285285474e-01 4.787005387020689118e-01 4.703170782221161028e-01 4.831123014751503297e-01 4.773036729631652819e-01 4.793608082526460978e-01 4.861954794418798520e-01 4.824783196240298722e-01 4.823647073840722221e-01 4.875236313124788334e-01 4.942683056888215742e-01 4.889574648913316834e-01 4.908587630171689087e-01 4.850055583670398462e-01 4.809271581200391665e-01 4.895206687046214089e-01 4.923558431197498919e-01 4.871963838239030120e-01 4.899500261680740931e-01 4.930154371874562180e-01 4.868892039107677872e-01 4.883637595436166046e-01 4.910680708837373842e-01 4.933874449351816072e-01 4.829517824574903750e-01 4.873907945929401575e-01 4.784274729989825281e-01 4.729057707204971095e-01 4.891302947171921600e-01 4.798617414949349902e-01 4.872148947610865921e-01 4.813158804477147834e-01 4.876172976998918163e-01 4.860161410994472408e-01 4.858346378069962612e-01
2.677566962587900681e-02 1.061729800407916202e-01 2.372651980112112369e-01 4.347212792555613659e-01 3.474044075640915219e-01 1.000000000000000000e+00 5.523959669322333621e-01 5.255926933687352642e-01 5.564525011189290771e-01 5.088884301684668543e-01 5.680145383899773970e-01 5.991108391070962824e-01 5.419628802314244709e-01 5.559556711528622630e-01 6.136654008510369351e-01 5.974481467196743889e-01 5.543407655080148100e-01 4.071107636854200407e-01 4.579964646948769813e-01 3.559767261611778699e-01 3.990075770475796646e-01 4.556022722917906220e-01 4.262113838182666203e-01 4.289834093011882232e-01 4.153577423766948717e-01 5.313691870164604092e-01 5.527512059863682881e-01 5.656015485256498110e-01 4.999485277486218071e-01 5.105796438495047163e-01 5.368481886194081953e-01 5.724036481726093584e-01 5.231064939111776946e-01 5.403100186133933391e-01 5.252416587181681917e-01 5.575079578520696355e-01 5.415918847180067885e-01 5.946242555332087454e-01 5.949053258046655968e-01 5.877154460395275226e-01 6.154011435664692442e-01 6.126257742806616724e-01 5.982719656638616490e-01 6.112870569559661904e-01 6.035995253048558329e-01 5.920904670438029704e-01 6.195977091147341076e-01 6.156991680302272840e-01 6.077178067890229851e-01 5.843706195155077276e-01 6.044361587780213707e-01 5.937782393058763653e-01 6.019743949033005137e-01 5.997423096607936710e-01 5.737121242161991042e-01 5.742830738201087915e-01 5.894646117073788494e-01 6.056901900956951357e-01 6.064213714554806955e-01 6.154402857244626324e-01 6.084300807588225446e-01 6.034196452263210775e-01 5.971176442402769124e-01 6.118613185990414705e-01 6.150113901808695882e-01 6.011846278559214163e-01 6.193272578804928097e-01 6.027795821274015697e-01 6.013691177456789161e-01 5.826963337677196764e-01 5.919434706582591410e-01 6.076866136928388284e-01 5.909141531842451167e-01 5.894368306359314413e-01 6.122093863575308603e-01 6.144134919465171762e-01 6.124171147430067519e-01 5.908910327408190000e-01 6.108695046001386686e-01 6.079629868916129887e-01 6.060995850170316501e-01 6.118984668650147007e-01 6.085438832999225944e-01 6.039116065575508285e-01 6.055743600866644316e-01 6.062590535643711531e-01 6.142922069366498761e-01 6.164711358342815917e-01 6.223976665284005616e-01 6.052530838900269661e-01 6.198910125924675940e-01 6.247607912036583500e-01 6.238172131485610894e-01 6.227622566522666991e-01 6.232075699576410388e-01 6.203482961018753628e-01 6.161365110738036277e-01 6.117594774255695755e-01 6.149930046426236308e-01 6.152576884179071781e-01 6.210385255872010735e-01 6.186324466274777389e-01 6.211980830408150300e-01 6.203293117517937327e-01 6.176092418513713378e-01 6.117927123869354444e-01 6.188859940199089582e-01 6.129924561690647256e-01 6.069199872534796203e-01 6.201235870333229316e-01 6.167398389561400407e-01 6.199304295780966312e-01 6.164600144272197602e-01 6.196365474012759389e-01 6.186328083703356295e-01 6.193529018707792932e-01
4.382972428513516594e-02 1.350582372527561748e-01 3.609465234127604005e-01 5.879236501516925673e-01 4.922796856658099851e-01 5.523959669322333621e-01 1.000000000000000000e+00 7.393381482848716546e-01 7.413996201992508750e-01 6.732234805054374549e-01 7.712487078824300513e-01 8.027709701592476987e-01 7.320863220337436861e-01 7.414613471981035264e-01 8.437779738737237745e-01 8.092318299235735646e-01 7.389004303698732956e-01 5.834544977805777854e-01 6.390733940129598167e-01 5.229770366074002474e-01 5.749776912999419176e-01 6.507735985577025595e-01 5.989980936966584624e-01 5.934349548588375711e-01 5.953022659573357078e-01 7.545930010484032113e-01 7.698578794762397370e-01 7.884343335424686128e-01 7.149686484868441605e-01 7.367596573576358221e-01 7.661605412553318395e-01 7.645507156799754567e-01 7.153887293258992530e-01 7.229987835736368940e-01 7.208031090499101845e-01 7.631480431603976378e-01 7.334603361886333772e-01 8.031863497239442040e-01 7.982728729451356031e-01 7.983810669357154222e-01 8.151768907822332100e-01 8.237074916777391564e-01 8.114794012807557966e-01 8.272118312542849905e-01 8.142188268791082928e-01 8.144570012134028092e-01 8.054235255134775118e-01 7.993921454545390715e-01 8.041845086186467650e-01 7.984458521814290499e-01 8.125810777502033844e-01 8.002329253254507613e-01 8.117710301813605422e-01 7.807780484525619347e-01 7.640182686595707873e-01 7.840338591045009631e-01 7.953985548065646283e-01 8.039040192752815450e-01 8.012670222566153910e-01 8.108810676133698658e-01 8.124550397918400835e-01 8.026236981677308258e-01 7.926977611945866808e-01 8.143351403532496091e-01 8.159656279687267366e-01 7.999724166246029444e-01 8.086805304941533379e-01 8.000569623873683422e-01 7.886103375187006881e-01 7.772480055713764102e-01 7.855367505292110142e-01 8.090135839412533336e-01 7.757292571019870353e-01 7.768314112852703346e-01 8.199990623423648595e-01 8.206938709847144686e-01 8.224086374160053392e-01 8.021008815050407748e-01 8.243087566050122383e-01 8.060598322725133213e-01 8.022151009196454297e-01 8.188678072468897895e-01 8.030308350437379561e-01 7.942454959388292046e-01 7.979439399763040841e-01 7.956687400877522354e-01 8.062669260566281970e-01 8.146182844226661501e-01 8.115262487317131956e-01 8.092974889739352751e-01 8.180705899489293387e-01 8.257985371336159508e-01 8.192853208568547929e-01 8.246709828276247434e-01 8.122600872308407549e-01 8.067301383662850434e-01 8.140890366403297218e-01 8.160669786312897411e-01 8.129241229816355219e-01 8.176609424063230325e-01 8.235181807722743441e-01 8.144944142708144819e-01 8.164074642708707419e-01 8.205339780042097964e-01 8.183391570953535421e-01 8.051509132484667708e-01 8.115286374396956104e-01 8.035026584898380397e-01 8.004704115859772040e-01 8.156709593159415794e-01 8.092987534578987008e-01 8.134210956291428873e-01 8.093301165573583145e-01 8.178073346036599522e-01 8.162990982893194580e-01 8.109017930201610769e-01
4.331681510442808580e-02 1.480245720783253671e-01 3.343616773063344261e-01 5.383309214475481275e-01 4.426151081412036392e-01 5.255926933687352642e-01 7.393381482848716546e-01 1.000000000000000000e+00 7.219306476722586741e-01 6.790027128960116620e-01 7.538619880773548276e-01 7.874613389627138638e-01 7.336759746516119396e-01 7.321266928768975779e-01 8.089694764622756828e-01 8.109832736162181366e-01 7.260544892572310394e-01 5.841625234898484287e-01 6.291282829958164680e-01 5.129388088440565152e-01 5.578850328734717978e-01 6.198290700493526151e-01 6.127512613861127999e-01 6.059067207759369911e-01 5.789990076280336906e-01 7.078305856791434758e-01 7.336344646064930641e-01 7.531496369129507817e-01 6.928894026433640718e-01 7.073279183885583521e-01 7.285731842689063820e-01 7.744137381444242685e-01 7.136543550276196468e-01 7.375272873189869793e-01 7.144185502750776129e-01 7.401278163730363735e-01 7.247991629936625380e-01 7.999735342492256818e-01 7.908375261624627228e-01 7.801443026981350615e-01 7.999378720648231411e-01 8.036074564525331754e-01 7.898605532137723539e-01 8.072694734617170687e-01 7.851836680059181006e-01 7.966922985059505802e-01 8.033061804236483194e-01 8.032569175604019618e-01 8.032613542631144021e-01 7.914442574666986641e-01 8.052521015095412960e-01 7.795092306765347701e-01 8.006629524750270566e-01 7.811043786501021824e-01 7.644695701677088895e-01 7.727861839045399028e-01 7.873598673157637950e-01 8.007718675477200065e-01 8.000449769748290141e-01 8.048771101274058148e-01 8.073185035456922343e-01 8.021951717049947694e-01 7.927234517519086143e-01 8.123307450149160891e-01 8.031999306296216945e-01 7.933801035043275274e-01 8.044511093433406312e-01 7.968317437486346355e-01 7.926213808361254332e-01 7.735085074412031414e-01 7.777858383330155112e-01 7.945920708819733669e-01 7.799252443165040072e-01 7.729552158898730374e-01 7.994130854457123236e-01 8.025303686970254313e-01 8.043690501214889599e-01 7.896877342243414644e-01 8.001028512802352832e-01 7.901500152016583955e-01 7.916582634233824134e-01 7.996328486837347427e-01 7.989457021278115745e-01 7.939856916558644118e-01 8.005330413959285130e-01 7.996649679595191351e-01 7.972342689992271136e-01 8.106269972277735381e-01 8.077630712360824861e-01 7.970922830631206324e-01 8.044588467139938137e-01 8.109803836076266981e-01 8.087868898615312441e-01 8.103785167433970038e-01 8.051193521624609994e-01 8.057387398376187893e-01 8.044350290696858918e-01 8.067165617287885837e-01 8.078589262576417740e-01 8.107871444582233078e-01 8.125267180142491386e-01 8.092384021844403197e-01 8.094877832116302852e-01 8.133515839076003173e-01 8.078524803832730639e-01 8.031540845255850103e-01 8.086831568518847435e-01 8.006657527197800217e-01 7.954419118350644080e-01 8.074122953725382246e-01 8.056014342661110827e-01 8.078436436196597681e-01 8.071336219154328084e-01 8.129485288182923819e-01 8.066342446941338062e-01 8.056040876024233022e-01
9.366572708123997726e-02 1.851236636701075744e-01 3.500498784646250972e-01 4.958143313894980420e-01 4.468545513951535098e-01 5.564525011189290771e-01 7.413996201992508750e-01 7.219306476722586741e-01 1.000000000000000000e+00 7.744405988940882279e-01 8.111237593320925754e-01 8.229028816267915936e-01 7.664066530484723305e-01 7.881830437124083266e-01 8.583465956710787381e-01 8.436912434113088555e-01 8.200087616040319105e-01 6.876862411879202108e-01 7.114075385305310695e-01 6.285275581942481038e-01 6.375215561168018352e-01 6.975687182854319879e-01 6.903015929540406992e-01 6.890414902824292254e-01 6.465471112120785291e-01 7.870971443928536093e-01 7.972108638727033458e-01 8.198988684804416893e-01 7.481136620424237993e-01 7.700194629352089537e-01 7.986693665094469763e-01 8.608442550453923037e-01 7.834418482587485189e-01 8.031487590033221657e-01 7.871800838081972618e-01 7.932845221851481110e-01 7.911941231852922529e-01 8.685669855672961681e-01 8.611548843691243516e-01 8.466166305191208385e-01 8.758339990195705971e-01 8.724779685142918240e-01 8.440863465317883785e-01 8.781532440876431700e-01 8.560758195324177366e-01 8.672517695259490678e-01 8.841754537689038296e-01 8.923821892999337368e-01 8.820087316504121588e-01 8.506712986018859501e-01 8.804526641048360247e-01 8.297149966934862508e-01 8.608409677296253726e-01 8.849766534322324185e-01 8.663948287234398693e-01 8.679559824666395196e-01 8.808452232748997801e-01 8.792980713226996592e-01 8.862269015676097483e-01 8.909694535130736615e-01 8.808069238684597124e-01 8.855696875196664708e-01 8.794770294786283804e-01 8.847852902701509592e-01 8.840608655123649573e-01 8.858344225887074819e-01 8.914973853706290585e-01 8.859538521715375481e-01 8.809466804974155352e-01 8.765253170916130765e-01 8.627862545755858870e-01 8.792627658829065274e-01 8.725527366139432806e-01 8.546024235355789145e-01 8.827843151401786326e-01 8.825845433194381418e-01 8.827014964752137871e-01 8.578865358643543715e-01 8.758772476222983494e-01 8.731617460672596032e-01 8.763054546693643809e-01 8.775385941792716027e-01 8.842570796111797193e-01 8.769943667014693522e-01 8.718702654615142489e-01 8.786585269605845516e-01 8.756102947900280542e-01 8.852639778630626566e-01 8.833225499071333253e-01 8.794316900767025214e-01 8.811356910119130248e-01 8.869872806242193874e-01 8.832200127561420366e-01 8.860015272427926858e-01 8.899044675876001120e-01 8.903202869030100164e-01 8.701673034434994625e-01 8.781117307536977501e-01 8.838576055956156585e-01 8.825579508055434452e-01 8.774470248671518702e-01 8.875526709670086278e-01 8.824135041288244663e-01 8.847281488879294997e-01 8.812637963586901213e-01 8.868009947679035276e-01 8.871591670002413332e-01 8.902771558601456636e-01 8.859050013339981877e-01 8.918210916967043156e-01 8.867116179322268588e-01 8.911442706744273634e-01 8.889476444314963199e-01 8.888806077144988382e-01 8.894414677735534847e-01 8.896182262754723791e-01
4.052641165685345881e-02 2.042067074243541225e-01 2.996458102622725495e-01 4.411976080687758373e-01 3.846284275095706584e-01 5.088884301684668543e-01 6.732234805054374549e-01 6.790027128960116620e-01 7.744405988940882279e-01 1.000000000000000000e+00 7.503217841331482063e-01 7.746746219586811977e-01 7.145741269165079013e-01 7.500694818125969165e-01 7.996398637577163404e-01 7.928887647337654609e-01 7.508662313419974810e-01 6.126558422335490750e-01 6.417876745695169083e-01 5.411171625254779238e-01 5.461110017623858059e-01 6.208014222269380156e-01 6.520420812357018425e-01 6.178067818833806735e-01 5.813200116313892440e-01 7.269331351789203310e-01 7.346621320125890087e-01 7.573927811108516206e-01 6.856869627627071306e-01 6.970654693321947093e-01 7.317948888896864679e-01 8.021451050909496061e-01 7.304589444806908194e-01 7.416524251892272490e-01 7.270103346151530754e-01 7.355602060913644102e-01 7.379784243391173115e-01 8.175153258855420990e-01 8.078085310153853005e-01 7.885739285993622616e-01 8.246917902593858818e-01 8.214006190371254679e-01 7.885960636890475550e-01 8.191262759735137289e-01 7.981354787202262768e-01 8.097590573080580834e-01 8.360671470225439217e-01 8.444935668795721107e-01 8.275483580704210418e-01 7.934820802547026819e-01 8.251234457125903310e-01 7.760686777945131620e-01 8.023813465045265270e-01 8.306110898869421000e-01 8.096043226453790709e-01 8.149438692502570802e-01 8.112755957383422922e-01 8.288682330603855952e-01 8.313037365757294239e-01 8.357244536012934377e-01 8.283298997887971193e-01 8.316988965485972995e-01 8.249231461789489073e-01 8.284132755696392847e-01 8.228595306649699737e-01 8.279954235496342907e-01 8.412649563334310132e-01 8.306015697422491906e-01 8.310347188641700189e-01 8.069385909900955722e-01 7.998515677514863587e-01 8.213776207367768922e-01 8.139553513215700420e-01 7.967722649002499935e-01 8.293466106599198806e-01 8.254664833429731230e-01 8.255173288316275393e-01 8.038181081502249192e-01 8.186072762151256343e-01 8.146902491157084203e-01 8.208204193613254374e-01 8.225221493071321888e-01 8.329817756612641899e-01 8.214151880483135937e-01 8.219041267339204371e-01 8.246410943362409984e-01 8.260258879843893620e-01 8.378775112790421975e-01 8.342702695277443015e-01 8.299730727653082951e-01 8.301984387758315487e-01 8.367765038552628099e-01 8.334321353510160124e-01 8.350190568123261325e-01 8.404939599881418033e-01 8.425704271991417693e-01 8.201379828238006819e-01 8.232418116412323350e-01 8.341567249130529271e-01 8.341458284974042625e-01 8.274746663378648170e-01 8.378312005799080087e-01 8.323903501833064267e-01 8.371461995924550648e-01 8.325284546308135969e-01 8.312195088413035782e-01 8.355326802852443002e-01 8.417067387557860547e-01 8.370079954052614957e-01 8.387366203512233165e-01 8.392495756037851029e-01 8.405217699331606340e-01 8.409998701253901254e-01 8.378752119055863368e-01 8.344442582192597158e-01 8.380567412442097019e-01
2.833088589538646646e-02 1.590178692393684479e-01 3.871338453777045663e-01 5.856950175754173094e-01 4.733093522339835157e-01 5.680145383899773970e-01 7.712487078824300513e-01 7.538619880773548276e-01 8.111237593320925754e-01 7.503217841331482063e-01 1.000000000000000000e+00 8.702795979688976447e-01 7.847424218292364806e-01 8.054171099879884332e-01 8.795238515907227717e-01 8.594221731360990324e-01 7.993540303553776649e-01 6.513580392652635886e-01 7.155702286587743988e-01 5.562342085686978743e-01 6.270174157431614992e-01 7.199507518764509673e-01 6.657615939386225534e-01 6.796984653372583063e-01 6.675460128313525088e-01 8.144917206887564154e-01 8.296941188567362735e-01 8.459457627163569082e-01 7.633835642415659484e-01 8.020333561277249723e-01 8.334149345092765060e-01 8.481543859300626487e-01 8.046094970205982522e-01 8.107010233278938438e-01 8.114170044102960722e-01 8.332136386823156826e-01 8.264445123234041013e-01 8.749729913455809305e-01 8.798919427266527205e-01 8.762759049934679689e-01 8.815808272283319758e-01 8.866243921743234280e-01 8.781496374777016944e-01 8.945784538895761306e-01 8.846677888875101869e-01 8.837795448215605143e-01 8.869295010491068387e-01 8.867997144549580879e-01 8.824341088110805309e-01 8.654732350691983767e-01 8.855835220988356182e-01 8.684888985685981222e-01 8.847056638883642465e-01 8.685095735660093297e-01 8.528415241731628349e-01 8.637879121361081713e-01 8.730107188319052858e-01 8.863604222166708846e-01 8.787422699043766494e-01 8.902478432702116695e-01 8.894903935827708219e-01 8.831721842482274099e-01 8.738933198363311172e-01 8.910804074370095584e-01 8.921174065578152401e-01 8.859204405464560228e-01 8.907171796939966635e-01 8.847340855406324867e-01 8.745613848068169993e-01 8.537382310922040363e-01 8.694581289187042206e-01 8.869976326995873128e-01 8.632202100746445561e-01 8.648628619904522585e-01 8.949724671769483386e-01 8.954154618583690661e-01 8.918753655324042073e-01 8.689541804744119746e-01 8.898868015686465238e-01 8.865898586113234447e-01 8.905907338765809422e-01 8.944297238911412817e-01 8.817393003288750419e-01 8.871810490760690948e-01 8.840266249314849833e-01 8.819787795670565034e-01 8.942067167340974621e-01 8.910418781955329326e-01 8.958492265411078792e-01 8.811584547027793146e-01 8.976283496386663341e-01 8.971821685345772179e-01 8.985788339987681450e-01 8.991470913141667021e-01 8.928450461541664884e-01 8.911062452679114898e-01 8.861934102485334863e-01 8.875093199871239014e-01 8.899546367844084482e-01 8.921224130415775777e-01 8.965222366940537313e-01 8.915234270669191163e-01 8.968443322773138604e-01 8.966570266346329809e-01 8.970194732604064303e-01 8.866294284319663488e-01 8.890448666796675337e-01 8.885071009586336110e-01 8.839468014135867246e-01 8.931703546838783980e-01 8.890055183221988733e-01 8.951005282163729815e-01 8.910255765958892127e-01 8.951555331967672169e-01 8.941222947465685689e-01 8.934615571897531749e-01
-2.177624900430432872e-02 1.430562010756727953e-01 3.795494716037525196e-01 6.605908114754035498e-01 4.939302494111069142e-01 5.991108391070962824e-01 8.027709701592476987e-01 7.874613389627138638e-01 8.229028816267915936e-01 7.746746219586811977e-01 8.702795979688976447e-01 1.000000000000000000e+00 8.197397148310850978e-01 8.351838769765198567e-01 9.110912247464278968e-01 8.938318512139824534e-01 8.162296651127957103e-01 6.085408328018857560e-01 6.908288677899133701e-01 5.271381485828809943e-01 5.964826542403399712e-01 6.965026553845358182e-01 6.371998320575672503e-01 6.353283752015422836e-01 6.278245162226464560e-01 8.101210524871087504e-01 8.339861759525618590e-01 8.473808157821872689e-01 7.634269534176949534e-01 7.740169156415297458e-01 8.189180410345835437e-01 8.517456842787882731e-01 7.920161856342116113e-01 8.076064835238991879e-01 7.916426982157573899e-01 8.405436825273759904e-01 8.166870501758431988e-01 8.944482015484566118e-01 8.872812047747370423e-01 8.924958058245893167e-01 9.089713611199783383e-01 9.137137372705560479e-01 8.975158945943468858e-01 9.200399856837362389e-01 8.994960799800291174e-01 8.941417038626493508e-01 9.169488328538233368e-01 9.162734826303755575e-01 9.151680607704055781e-01 8.968740855106202003e-01 9.110778692234989817e-01 8.998568494430739806e-01 9.174394506399247140e-01 8.893649637019622745e-01 8.681754549557795242e-01 8.741388128636179422e-01 8.981272088750661409e-01 9.112814114804184129e-01 9.068643438482957286e-01 9.154334584055126012e-01 9.219955835908481001e-01 9.088487370808790988e-01 9.054318062839276093e-01 9.216506623897460226e-01 9.121007875032126622e-01 9.063771684004897633e-01 9.152375973171664736e-01 8.975142371783959572e-01 8.868916535699008508e-01 8.602447185557667853e-01 8.789512064244234812e-01 9.008903406712425177e-01 8.669736873701805457e-01 8.666566453128684566e-01 9.147972414398372054e-01 9.147384852821630608e-01 9.139760626133441868e-01 8.863399351127636550e-01 9.083434188558978661e-01 8.935496544147830678e-01 8.992086544769726242e-01 9.074274729039534249e-01 8.973306159154706974e-01 8.968108363519681214e-01 9.057983026748074318e-01 8.986509292033610929e-01 9.111952321971555913e-01 9.168700918681798040e-01 9.182182835152782330e-01 9.024769079805698979e-01 9.197127892479781686e-01 9.262047226132126276e-01 9.249567431071028523e-01 9.252159018822109227e-01 9.225657359609038544e-01 9.203500243360636102e-01 9.199177861392864308e-01 9.208151038311549463e-01 9.207936147967116236e-01 9.199237285145450693e-01 9.257901807285388029e-01 9.207012218996587505e-01 9.275826979586507814e-01 9.277058036516853123e-01 9.239182182934112531e-01 9.158267152983031734e-01 9.201622805283045103e-01 9.104650349042846535e-01 9.048833574723361695e-01 9.225830318067201885e-01 9.167928377141350005e-01 9.230915328262264685e-01 9.193124458057732040e-01 9.260805846460576918e-01 9.188894757454434403e-01 9.221927392076160190e-01
1.040459863860187899e-02 1.514112684360329197e-01 3.252474886616482097e-01 5.364704098638527485e-01 4.682900744443794228e-01 5.419628802314244709e-01 7.320863220337436861e-01 7.336759746516119396e-01 7.664066530484723305e-01 7.145741269165079013e-01 7.847424218292364806e-01 8.197397148310850978e-01 1.000000000000000000e+00 7.719619406867189726e-01 8.402919467887756122e-01 8.357776303016026809e-01 7.467519734216760963e-01 6.076076162072540088e-01 6.519352157594082708e-01 5.151698860750710818e-01 5.603281941971937075e-01 6.446013618353354513e-01 6.370555705743012886e-01 6.254232664718394341e-01 6.024169776813634858e-01 7.397785144305681904e-01 7.573953405058717614e-01 7.776397352399815333e-01 7.074324485389361650e-01 7.292075333001405424e-01 7.558287438671327241e-01 7.995368479949575002e-01 7.336375458878052758e-01 7.478960617694350166e-01 7.421899632133358571e-01 7.593279428690566935e-01 7.537731527976668788e-01 8.248725924231571360e-01 8.188421834819858969e-01 8.099774355694322470e-01 8.318679233255851235e-01 8.356507106079342773e-01 8.231375226025751113e-01 8.481938379655269422e-01 8.228183472876544613e-01 8.290043241025375487e-01 8.500245330833289259e-01 8.474515096434547257e-01 8.427904639073834359e-01 8.241532804822480074e-01 8.376289849265705634e-01 8.164791957077389695e-01 8.416559623528122591e-01 8.290123355437081232e-01 8.070541814431715366e-01 8.117021037021791008e-01 8.262354347272379274e-01 8.418285732916103159e-01 8.384451695984521669e-01 8.511197529943563822e-01 8.493599759899692625e-01 8.436438968562085527e-01 8.341719819225356103e-01 8.487275515754164612e-01 8.411059705001565634e-01 8.397821724051932613e-01 8.495936781304673779e-01 8.373736289528402876e-01 8.344731798065158079e-01 8.057297915829811918e-01 8.153097768955898106e-01 8.340590834512079388e-01 8.182362753728580351e-01 8.130059548055996732e-01 8.420902415698714449e-01 8.433370837674520892e-01 8.433700212300124788e-01 8.214976293797282558e-01 8.377139783544134133e-01 8.250982789592037348e-01 8.314815502496867294e-01 8.377163569330255966e-01 8.355755218724493227e-01 8.323666732771318744e-01 8.392321713550169315e-01 8.324001184916963725e-01 8.362963935692782069e-01 8.482111255858238996e-01 8.472802164740594888e-01 8.348289294700159680e-01 8.445846898818989423e-01 8.523813749498880821e-01 8.504435246698898165e-01 8.531158969432237615e-01 8.510335097669842197e-01 8.507026386502504200e-01 8.416466910077072816e-01 8.479239964679605723e-01 8.534534033752937399e-01 8.506820092144938839e-01 8.515761490235126407e-01 8.513737152015238285e-01 8.525840930048851352e-01 8.552532255969481634e-01 8.508637013702867735e-01 8.445801859536212763e-01 8.506156065539970390e-01 8.463477721230115991e-01 8.405775492692282302e-01 8.534027857392251226e-01 8.467933448892003279e-01 8.542461086135344495e-01 8.520074131845366550e-01 8.563634454082388325e-01 8.479991555457085939e-01 8.528026945630653444e-01
