1.000000000000000000e+00 9.772169823654543175e-02 2.064209099148858750e-02 -3.226007682865808524e-02 2.823288787436453035e-02 -1.054863450406318820e-02 6.964375202103832013e-03 -1.050391374089403897e-02 6.964234956261744491e-02 4.760937523358455686e-02 1.743373911266866277e-02 -2.878568405432862728e-02 3.733325158575316084e-03 6.236776726917092790e-03 -2.435365051128020428e-04 -1.927915527776154908e-02 5.345549242331726347e-02 1.024299202610484683e-01 8.373680152491722040e-02 -1.826297659057416270e-02 1.095985585307805883e-02 2.587098781306299694e-02 1.167967379074014156e-01 1.092872345161989833e-01 1.089381340707947232e-01 5.795464003686452009e-02 2.121320895247578997e-02 4.681997417777451764e-02 7.259284007382341142e-02 5.473640605727058545e-02 2.978777219291926445e-02 4.416665665712549843e-02 3.596911198168048496e-02 3.699180407050569469e-02 2.901279615906537934e-02 2.038986097480255041e-02 4.152634712278098494e-02 -2.232184491133554303e-03 1.608369023763956546e-02 -4.073154809532904957e-03 2.039516245763143415e-02 3.137644010567082562e-03 -1.786722109240277898e-02 6.297139603759131440e-03 2.308353683537786236e-02 7.693418999197573251e-03 4.921512464239102304e-03 9.274496121148735270e-03 -2.845567078768805299e-04 -1.481100561612907866e-02 -1.522856913333499838e-02 -1.991337558323112711e-02 -5.016514371534416643e-03 7.771086570894006514e-03 -2.420238615517769903e-03 -7.377996694857357580e-04 -2.277644657854710139e-02 -1.084721823258355013e-03 -1.992273908946048250e-02 4.742769412022896681e-03 -9.340678946264937763e-03 -6.840375115004466121e-03 -2.734566077078500954e-02 -1.256882298920030186e-02 2.075434848297822224e-02 -2.137059166142952008e-03 1.700397204030066819e-02 2.527855658827780905e-02 2.969926028243470573e-02 -4.738206363798881660e-03 -4.587097806523585271e-04 2.184943618226483850e-02 3.892398255194229328e-02 3.722244755848400088e-02 1.578169165717673017e-02 1.532567451728536305e-02 2.031120974188305173e-02 3.554287788000057985e-02 2.148498618646276989e-02 1.990559029944526798e-02 2.004162475220878231e-02 8.521280674296071236e-03 2.762432510756870560e-02 1.882362288062057812e-02 4.155486465010198652e-03 1.904747817157650958e-02 1.732860251218177813e-02 -2.461858753576900895e-03 6.110420473038531176e-03 1.789509652206680221e-02 1.305732797167919595e-02 8.156529428831917061e-03 5.083472088681821772e-03 3.105195455500182975e-03 3.943481500731168155e-05 4.705037542391059605e-03 -2.230654745795192934e-02 -7.545854838793979863e-03 -8.673312941657887812e-03 -4.267759971538834067e-03 -8.544923808806566268e-03 -7.235398582122128802e-03 -1.150852566988932102e-03 -6.961256424905697734e-04 2.892255146930785940e-03 -1.153113603595048130e-02 -5.730733368815395983e-04 1.192345774894783966e-02 3.591942688956622966e-03 -7.651666980020506480e-04 -4.856014178559363119e-03 4.319918354969230941e-03 -3.049489930743323404e-03 -2.455978550672294376e-03 1.580584348898411706e-02 4.905279692814578513e-03
9.772169823654543175e-02 1.000000000000000000e+00 3.360065614363635933e-02 4.696084578358295826e-03 4.310209760464604051e-02 7.893685946030785938e-02 1.141185494607571682e-01 6.504842133911416246e-02 1.539360651605888586e-01 1.967411268393204071e-01 1.420329481927731785e-01 1.083493507425626889e-01 1.338723299153422586e-01 1.045248180264355675e-01 1.295077283678144620e-01 1.316928157100251129e-01 1.569855534764667826e-01 1.364279962746798580e-01 1.670017656266373218e-01 1.024431409749708768e-02 5.016516082621994693e-02 1.252659100316766139e-01 1.671927971555897952e-01 1.488024041895153193e-01 1.792788244493504213e-01 1.679637733747402772e-01 1.521566001101553878e-01 1.771830549341956162e-01 1.589524246457003076e-01 1.798283238050619182e-01 1.590447347994035920e-01 1.581274672484601074e-01 1.679706987231688042e-01 1.449665110244627297e-01 1.648516592564160943e-01 1.390040557582101488e-01 1.566387517923641393e-01 1.428998347397127666e-01 1.553612616856782647e-01 1.411403769384846352e-01 1.701165704173727145e-01 1.691090041722454196e-01 1.304554471605254562e-01 1.599857175663945974e-01 1.588533589900884002e-01 1.596986754893897908e-01 1.623531760835259241e-01 1.642066495571604945e-01 1.550184255163737090e-01 1.326740984174149263e-01 1.310169967451456086e-01 1.258530377099587316e-01 1.396416595566568886e-01 1.563442355233709280e-01 1.334119002195679471e-01 1.329913707737913342e-01 1.130044740816439630e-01 1.589191214202625158e-01 1.388425993491227695e-01 1.580929746418643644e-01 1.412749648698868044e-01 1.369472888169291358e-01 1.119064806876976653e-01 1.359647996156437277e-01 1.562768746206217307e-01 1.411524408000553454e-01 1.647160845564621112e-01 1.656378178570258042e-01 1.667326805333530226e-01 1.281955781975188113e-01 1.427188002922971100e-01 1.667031431773486894e-01 1.627313386700925679e-01 1.652987577095163529e-01 1.642229026384360857e-01 1.647930034365427121e-01 1.733528443594368196e-01 1.684525641071295821e-01 1.743831673416724459e-01 1.662929987205802318e-01 1.696008541101085010e-01 1.638656817770998697e-01 1.640334157704983475e-01 1.640454111278808191e-01 1.594138971327243304e-01 1.626745686289778892e-01 1.672804256099863496e-01 1.542046249576225769e-01 1.558925691103527911e-01 1.591835556606065183e-01 1.698572224832104183e-01 1.683828773978194304e-01 1.649948554055276351e-01 1.623688564876223650e-01 1.615290134771279196e-01 1.631365772378682577e-01 1.429926201355353754e-01 1.405805261745155799e-01 1.511861779273357964e-01 1.525083116295351815e-01 1.490748807659979802e-01 1.474831991327945624e-01 1.576503841428274488e-01 1.579326534257447234e-01 1.551961118730832700e-01 1.361677230734360533e-01 1.550341125899492023e-01 1.635823070208081986e-01 1.559146014623354060e-01 1.569024388864238562e-01 1.515507339732755365e-01 1.607447508454904195e-01 1.494958966582571602e-01 1.485620858790509258e-01 1.610283212641139272e-01 1.550803480131449641e-01
2.064209099148858750e-02 3.360065614363635933e-02 1.000000000000000000e+00 3.156769158113084672e-01 2.179180895714346866e-01 1.973537195135041944e-01 3.487463595558863982e-01 3.382550146005101066e-01 3.485806124267317729e-01 3.304779966870717844e-01 3.772960407626108625e-01 3.840646570062825060e-01 3.337776379837430474e-01 2.838387270117891936e-01 3.822934106449529246e-01 3.851469329449243584e-01 3.681701013290954450e-01 3.591889861983775800e-01 3.657754311718567908e-01 2.774678892103055738e-01 3.761023505693793512e-01 3.935475386051136559e-01 3.729302905272625090e-01 3.541924866338152511e-01 3.549986732496207553e-01 3.804590457380755408e-01 3.862227227937966578e-01 3.808886695678300183e-01 3.884683527274672143e-01 3.878640083145362127e-01 3.984927756081555472e-01 3.954842042596472540e-01 3.873751610237642362e-01 4.079156621725974485e-01 3.976726788346024444e-01 4.030194245718129453e-01 4.074232415184449452e-01 3.924652213455875338e-01 3.973955428959574099e-01 3.881787994883060811e-01 3.831476630769463654e-01 3.900296344553083050e-01 3.943692946201330929e-01 3.909026313711814193e-01 3.950248926367702640e-01 3.917403801937536789e-01 3.837373767267701630e-01 3.825908481255139160e-01 3.837940145162325178e-01 3.915648750994163985e-01 3.907913426420948633e-01 3.894430539142264558e-01 3.791144215078768864e-01 3.828636740081324819e-01 3.813612553240340319e-01 3.798572302918843402e-01 3.891046292889307479e-01 3.873887646597511392e-01 3.821011881027575052e-01 3.813574051099766771e-01 3.882559690548810782e-01 3.894359967715328441e-01 3.849508936279671389e-01 3.908492724041676136e-01 3.921645538912005846e-01 3.878563496289526014e-01 3.906933023103067448e-01 3.938263127323336499e-01 3.954310676094717203e-01 3.803897205160936545e-01 3.949079158241750043e-01 3.910670554862036852e-01 3.964912484663702386e-01 3.906609374696751180e-01 3.901147926838790525e-01 3.911862424589768183e-01 3.877933612054218493e-01 3.907831917654865372e-01 3.850611121608480958e-01 3.899036386797334885e-01 3.891330767695131421e-01 3.953969944762633637e-01 3.956305190436483210e-01 3.934401819650321652e-01 3.947341257306004048e-01 3.976879688385429601e-01 3.950566149599075705e-01 3.913723550915840788e-01 3.908414174708713107e-01 3.905832784181363926e-01 3.908211232102691279e-01 3.880805194155285132e-01 3.878725213785741976e-01 3.876038676149904383e-01 3.842382966247945841e-01 3.839557789475738780e-01 3.867115490308338788e-01 3.884970889079200074e-01 3.878623962846416418e-01 3.892449587087011276e-01 3.913505153282643145e-01 3.890432182566461727e-01 3.844113833437191596e-01 3.855546986121135000e-01 3.912908982048365902e-01 3.867995964918835572e-01 3.859912840992129612e-01 3.856527333139314617e-01 3.841165263938527974e-01 3.830619961573601406e-01 3.819386136155413225e-01 3.856259111865452116e-01 3.878205588185243413e-01 3.883582319778475789e-01 3.885666563881620128e-01 3.885950795735355068e-01
-3.226007682865808524e-02 4.696084578358295826e-03 3.156769158113084672e-01 1.000000000000000000e+00 3.478899248870992444e-01 3.184171699285881507e-01 5.892985760382187799e-01 5.551288945539504249e-01 5.510716588298891772e-01 5.089241649766147457e-01 5.859610843988181106e-01 6.369383232622728430e-01 5.460364630845923051e-01 4.428437642576593669e-01 6.201697225821010129e-01 6.202801023197029862e-01 5.739774920185261031e-01 5.264016768670013446e-01 5.363454215050310614e-01 5.575387156023585700e-01 6.314112923976691327e-01 6.156630480292989427e-01 5.149343042264866721e-01 4.935094809606077604e-01 5.033533490580571756e-01 5.944002048915584258e-01 5.840995232457009134e-01 5.875162016759100103e-01 5.687421686150484490e-01 5.953839101102131881e-01 6.173366813755944982e-01 6.136183836989769214e-01 6.128201111156293956e-01 6.149106931738016479e-01 5.905950240560179365e-01 6.297249044720690803e-01 6.206180862531729403e-01 6.362689538036263581e-01 6.263461042489382180e-01 6.282867030258514340e-01 6.150424905575951895e-01 6.118421608715269855e-01 6.452434773307857974e-01 6.176747276843921330e-01 6.238253387367658220e-01 6.117469427261029713e-01 6.096412488866133073e-01 6.123256970872350546e-01 6.201782505152916292e-01 6.335325440691376153e-01 6.427021147852234328e-01 6.333346927029686046e-01 6.232106267440220559e-01 6.155856693334523788e-01 6.255273402035793628e-01 6.228800799281507539e-01 6.453307558311586201e-01 6.216826732919762399e-01 6.306657851859168717e-01 6.170364039780621424e-01 6.313060991642727160e-01 6.334238240174765444e-01 6.399961603412672728e-01 6.373272133894181124e-01 6.157382508943094468e-01 6.304177208478950467e-01 6.107572298974028868e-01 6.080448270435878655e-01 6.096621639641431889e-01 6.352269729361506023e-01 6.315203973725613817e-01 6.075628280885947419e-01 5.981552145019192190e-01 6.010879492695064830e-01 6.174399404214662157e-01 6.158297974888020665e-01 6.083824789142447953e-01 6.048467503080341423e-01 6.012854677043615315e-01 6.107089306948519924e-01 6.096581796477485993e-01 6.174417895705920367e-01 6.218442632697525063e-01 6.201419588781249548e-01 6.232089008548261644e-01 6.173545189103801789e-01 6.152932829673207760e-01 6.264005355759867388e-01 6.203750143754690471e-01 6.240807496414921829e-01 6.220535316610028564e-01 6.144259166751655510e-01 6.186117256004889375e-01 6.173559603401418405e-01 6.147444722110322335e-01 6.144590330623446173e-01 6.346450294543527493e-01 6.252536023636280360e-01 6.258149386235641876e-01 6.289027556299091604e-01 6.314878693879337757e-01 6.287415012217043575e-01 6.163531303317307808e-01 6.182491413986044293e-01 6.246797844484451856e-01 6.280737502186756194e-01 6.188527950433851954e-01 6.137032964978244021e-01 6.189185088810498225e-01 6.206423987968638922e-01 6.250536311271406298e-01 6.172720814650208832e-01 6.238523188218145776e-01 6.254114489856731351e-01 6.163328136518204659e-01 6.190060743982335190e-01
2.823288787436453035e-02 4.310209760464604051e-02 2.179180895714346866e-01 3.478899248870992444e-01 1.000000000000000000e+00 2.990633660666968119e-01 4.555427036188023360e-01 4.298643791080943855e-01 4.509232175712217239e-01 4.176585666401729791e-01 4.579519027942067777e-01 4.809697114271523910e-01 4.599728757238633059e-01 3.562520277292230975e-01 4.894985512478984280e-01 4.881648576289117636e-01 4.459064836196263704e-01 4.097654342790421067e-01 4.493390819651685297e-01 3.744043533535179047e-01 4.351307735094575024e-01 4.632088764768790834e-01 4.213962092454953678e-01 4.056337715006931854e-01 4.180186874883465298e-01 4.758434852331115406e-01 4.796256444231902227e-01 4.620600170104556259e-01 4.528383994595669981e-01 4.750118083206331110e-01 4.907838441686777631e-01 4.847049375162434948e-01 4.615179051680552980e-01 4.717255034447352946e-01 4.734495434126073654e-01 4.661171278695493969e-01 4.782312496717912587e-01 4.866067135252268860e-01 4.945973400318903201e-01 4.728777342281383911e-01 4.940481065341282285e-01 4.919395366096791511e-01 4.887584348982643156e-01 5.044823754869477428e-01 4.922180129408519345e-01 4.940994550279379505e-01 4.981558004113195159e-01 4.974825374411954160e-01 4.935453608947551474e-01 4.811927327843447677e-01 4.887942810532970306e-01 4.898205686515518797e-01 4.904210919898999710e-01 5.022325185101103040e-01 4.974021853313132513e-01 4.899858264717435463e-01 4.913914393843367701e-01 4.956117849463876346e-01 4.983410690520688746e-01 5.011388532630106640e-01 5.001388493927552137e-01 5.026939741493772207e-01 4.902538844125608475e-01 4.978809955748975113e-01 4.923005972552085274e-01 5.008470131258162539e-01 5.017587849414558709e-01 4.977694192354395475e-01 4.985416134946485944e-01 5.008334143764006097e-01 4.941485766693483606e-01 4.981926373924541185e-01 4.914056244531360140e-01 4.878862798732193640e-01 5.017533537917996389e-01 4.968900871945927111e-01 4.967644782518256252e-01 4.937672665551709472e-01 4.996381834804518030e-01 4.965465976850916840e-01 4.969687959918779319e-01 5.034275342221715688e-01 4.944424210807519815e-01 4.952078107350873504e-01 4.940808965500094740e-01 4.947645386087227704e-01 5.013355393820393413e-01 4.989142660862369572e-01 5.004608409180792972e-01 4.975309436888063486e-01 4.969734981334019142e-01 5.002276468134645437e-01 5.006720997289347830e-01 4.998015235252900035e-01 5.032887406807290409e-01 5.018461191580968483e-01 4.876699293247332423e-01 4.889422386270516063e-01 4.991590080012831554e-01 4.959141105707036701e-01 5.010931993284334363e-01 4.976042114105228009e-01 4.972513077670063231e-01 5.016249510589196881e-01 4.993484788659294238e-01 4.992666292566378949e-01 4.966382672464604853e-01 5.023418374391980246e-01 5.032799513929226976e-01 5.027319864816357509e-01 5.018793152783832534e-01 5.013764422243047747e-01 5.043042630858436404e-01 5.020107674865463832e-01 4.989312482361311640e-01 5.038339063201975332e-01
-1.054863450406318820e-02 7.893685946030785938e-02 1.973537195135041944e-01 3.184171699285881507e-01 2.990633660666968119e-01 1.000000000000000000e+00 4.596382235891621204e-01 4.346644803067441498e-01 4.640402824766532985e-01 4.559479389130616234e-01 4.779718821250303340e-01 5.042787584377854682e-01 4.548426559127857205e-01 3.781166632951536433e-01 5.155198831155574091e-01 5.098385953577846408e-01 4.733467723948329708e-01 4.199968137148432645e-01 4.660624726341476287e-01 3.666487412520154088e-01 4.268460151742155539e-01 4.880804363986747663e-01 4.527508142298001803e-01 4.184631206421526861e-01 4.546286822502185188e-01 4.986261489011393766e-01 5.068497207992087583e-01 5.019621760807908561e-01 4.738443706383745901e-01 5.008906395468240014e-01 5.239483359790849670e-01 5.113757174422685070e-01 5.026354438185912654e-01 4.946201021910978102e-01 5.056185019154574301e-01 4.985757504216605795e-01 5.153841869722654012e-01 5.188328921072493660e-01 5.196376388697395710e-01 5.196488869208545358e-01 5.275862089641236707e-01 5.280617921472550158e-01 5.241922843199957605e-01 5.346801002634847810e-01 5.242803951589248834e-01 5.280687691305483433e-01 5.296902074504249436e-01 5.328952366601407142e-01 5.207187650186636541e-01 5.016319878820634237e-01 5.166303835765631014e-01 5.126908953277642400e-01 5.199934683347692266e-01 5.319270658779983174e-01 5.268414285525980789e-01 5.152315440254895407e-01 5.094261253352457830e-01 5.279545060553001434e-01 5.253264480755116539e-01 5.321594880836871821e-01 5.245856319192135908e-01 5.295734679436311376e-01 5.154811610035667790e-01 5.206175807012068946e-01 5.153956826822584381e-01 5.240135678699514576e-01 5.279415252013205384e-01 5.280809030426258932e-01 5.263057098405549139e-01 5.233539193290320801e-01 5.286984818248573470e-01 5.295002881608876777e-01 5.149358956939604770e-01 5.216044899033763782e-01 5.308590702478187540e-01 5.323512092850574140e-01 5.306452238874960203e-01 5.234138167377180295e-01 5.282098721688417431e-01 5.291587524594896230e-01 5.336791231650306333e-01 5.334557416954410769e-01 5.246999039031017276e-01 5.248874777021047544e-01 5.214971800686268866e-01 5.257099755014944531e-01 5.343600024806599569e-01 5.315594761803854595e-01 5.328204273414688386e-01 5.280624262901798538e-01 5.310802067619957434e-01 5.325685532162273139e-01 5.304453540822041679e-01 5.342593712299704700e-01 5.329319438698979505e-01 5.341166928041638506e-01 5.186422902051753825e-01 5.114274515788767017e-01 5.283331483466109368e-01 5.262319739299905486e-01 5.306629017910357016e-01 5.258057843873444881e-01 5.267901059566358901e-01 5.328589993007847303e-01 5.258331475904590713e-01 5.195619640978816900e-01 5.281587779234634406e-01 5.333401173495685432e-01 5.337362183058395049e-01 5.336408789406470454e-01 5.352131599811661422e-01 5.340825973086402723e-01 5.326733860020245181e-01 5.272216938893822258e-01 5.269172241870871964e-01 5.294449584404158360e-01
6.964375202103832013e-03 1.141185494607571682e-01 3.487463595558863982e-01 5.892985760382187799e-01 4.555427036188023360e-01 4.596382235891621204e-01 1.000000000000000000e+00 7.101447819660424710e-01 7.302095063745679404e-01 6.894890945296749951e-01 7.773440904121579065e-01 8.046431937438426329e-01 7.358659340857902631e-01 5.986878205973300560e-01 8.268135574827235601e-01 8.091503442243371813e-01 7.479996621813452817e-01 7.073739265369902718e-01 7.361249629359890578e-01 6.533865198977334421e-01 7.566797602454974347e-01 7.910349326741675791e-01 7.289095789485071641e-01 6.939964852857886113e-01 7.003065069474033733e-01 7.966881462805939229e-01 7.827299335943790348e-01 7.903147115753468288e-01 7.676687506147753526e-01 7.938377319221737727e-01 8.203466556829037692e-01 8.197602109386075142e-01 7.911487451660882408e-01 8.137655330867320513e-01 7.974875448922101873e-01 8.039122650144050475e-01 8.170289797527041653e-01 8.278166030609858117e-01 8.322267879662306189e-01 8.124901839817003646e-01 8.168451687831628227e-01 8.148032815145338503e-01 8.316268462362007563e-01 8.249200510473213566e-01 8.227710207948225607e-01 8.252863418845590715e-01 8.159909193254628601e-01 8.164188135680682246e-01 8.142475107862392480e-01 8.066375558883869257e-01 8.220718807510924986e-01 8.127097089203396685e-01 8.120984656985991146e-01 8.214812352555312946e-01 8.196726257692121820e-01 8.178775725806171071e-01 8.193476846566105642e-01 8.219924693344172750e-01 8.213775391815604232e-01 8.178929703349986369e-01 8.239464431527461219e-01 8.257982254320690441e-01 8.266277618614892297e-01 8.236985796549824990e-01 8.145676960218024565e-01 8.207796631907590124e-01 8.203384829246347376e-01 8.201670473480410228e-01 8.220740865884567095e-01 8.266089630756869866e-01 8.269060889912345225e-01 8.160354732047683246e-01 8.135249860205560068e-01 8.068650620279945729e-01 8.242806414799873638e-01 8.230606303655955136e-01 8.200452671191541532e-01 8.176886519427412070e-01 8.170549183323325693e-01 8.208922119312446197e-01 8.201153148042505947e-01 8.227363187472579442e-01 8.267134862805013418e-01 8.271523436601053714e-01 8.229316757211584399e-01 8.274479387167826827e-01 8.226676801354386726e-01 8.283405424423657681e-01 8.270874720423097015e-01 8.264750829098234108e-01 8.253941481886080123e-01 8.248178608630342135e-01 8.233188664396082768e-01 8.249490411581438254e-01 8.203191887999217169e-01 8.209999052721499435e-01 8.183178875917064277e-01 8.108915180937555922e-01 8.222094767502287072e-01 8.223062212775951174e-01 8.315203266434508800e-01 8.252727463628999338e-01 8.168760755157841169e-01 8.224939877218288009e-01 8.228761212320072627e-01 8.153524552428683680e-01 8.173327591710484175e-01 8.214716342926833281e-01 8.237392548651858437e-01 8.217111442306727076e-01 8.270520763171651524e-01 8.223777809140813133e-01 8.241454950065498775e-01 8.228602815965441186e-01 8.174726870583962635e-01 8.206951869404641720e-01
-1.050391374089403897e-02 6.504842133911416246e-02 3.382550146005101066e-01 5.551288945539504249e-01 4.298643791080943855e-01 4.346644803067441498e-01 7.101447819660424710e-01 1.000000000000000000e+00 6.995712481217347678e-01 6.516810794129369588e-01 7.439553721747419468e-01 7.896035636113888367e-01 7.180003315208254300e-01 5.820655400273496705e-01 7.936544137775495278e-01 7.900186088918924598e-01 7.136519325757182397e-01 6.577381690316043139e-01 6.841380580812834733e-01 6.322414763227163226e-01 7.352395093524640712e-01 7.510419857580067360e-01 6.499032666088278010e-01 6.227374532491654069e-01 6.341835433086292495e-01 7.433770261490628695e-01 7.441682739428393534e-01 7.341918333818377995e-01 7.204542525375656759e-01 7.480455283300889713e-01 7.813254028693600306e-01 7.616192054365585884e-01 7.321045614707960558e-01 7.619992557892577567e-01 7.520655317174060883e-01 7.576577858230717499e-01 7.689658113436770304e-01 7.927440497566202726e-01 7.915533913939840627e-01 7.623450170267560555e-01 7.802929702268017742e-01 7.870081338208576582e-01 8.012743918206585159e-01 7.998426172363557463e-01 7.763729028785595343e-01 7.955076081919940645e-01 7.949059077453933808e-01 7.951052157318495572e-01 7.922231466117608534e-01 7.820817794738695872e-01 8.018867682620625104e-01 7.918846018136096454e-01 7.904049743491392555e-01 7.975672722603557308e-01 8.013474101540456473e-01 7.866843489543772217e-01 8.048084413952573124e-01 7.999445633772873654e-01 8.027386977751719277e-01 7.995598666206250593e-01 8.072032524875344395e-01 8.111905013914435525e-01 8.131347091835087193e-01 8.079545091970288251e-01 7.916486495628238806e-01 8.030696778332554464e-01 7.906542501837586778e-01 7.866185040644920745e-01 7.885713256721063047e-01 8.049214429487577815e-01 8.042278442897791146e-01 7.883607760403457121e-01 7.743980983632526849e-01 7.685137927960068449e-01 7.921853876029333330e-01 7.917826683100201990e-01 7.820269468090139675e-01 7.858201393300381365e-01 7.881220657233183324e-01 7.947700519792997298e-01 7.904528126583695302e-01 7.982358140674840064e-01 7.887392748438143419e-01 7.941182402328050838e-01 7.982204538501098678e-01 7.956409155570974834e-01 7.933462142876588352e-01 8.062064191963718152e-01 8.018793281186662458e-01 7.941402816925106078e-01 7.877348985051764174e-01 7.965141921792443513e-01 7.968499555996381156e-01 8.014788986222324274e-01 8.012126915815738215e-01 8.007752836813704089e-01 8.027442729316199843e-01 8.006872114880660973e-01 8.056306744403290976e-01 8.034835308539793886e-01 8.094364489935428342e-01 8.101520560736422683e-01 7.964149763469575705e-01 8.044069340824008263e-01 8.021272654871618446e-01 8.069644268250509844e-01 7.999197631972791989e-01 7.973739559075367911e-01 8.011885811905358201e-01 8.034771066263206585e-01 8.052577171133821210e-01 8.018074462193882646e-01 8.079889767678710699e-01 8.063793506224251617e-01 7.971962729787909208e-01 8.029358573099055763e-01
6.964234956261744491e-02 1.539360651605888586e-01 3.485806124267317729e-01 5.510716588298891772e-01 4.509232175712217239e-01 4.640402824766532985e-01 7.302095063745679404e-01 6.995712481217347678e-01 1.000000000000000000e+00 7.636165763892658331e-01 8.099665239321381938e-01 8.237005728517536873e-01 7.748381337511367484e-01 6.377763231295681123e-01 8.515692515220508740e-01 8.363959974112468165e-01 8.206373190936580020e-01 7.662275126609692233e-01 8.100287244362672778e-01 6.362379666529499600e-01 7.493589368477304724e-01 8.326384863723388374e-01 7.983907555362115271e-01 7.522469662425478321e-01 7.770423018366353629e-01 8.544602454285743498e-01 8.484064987874087027e-01 8.463645703809219434e-01 8.285534965676085717e-01 8.596436148870099103e-01 8.783285029545090383e-01 8.689037447762354427e-01 8.368573627542926774e-01 8.483959479396198100e-01 8.536726200760559324e-01 8.301086454920200142e-01 8.635385088854928837e-01 8.617602750118865673e-01 8.658413883538820244e-01 8.487280241570548389e-01 8.780704055553959497e-01 8.689229099549657942e-01 8.509450884292026895e-01 8.742891818313206498e-01 8.743865293028605379e-01 8.685002826373812157e-01 8.797171618016863537e-01 8.863114466434778294e-01 8.758797877267286980e-01 8.601075440601629873e-01 8.686707124657043755e-01 8.588386267362498883e-01 8.661317342068234337e-01 8.838977357038766414e-01 8.750813021586290041e-01 8.723116960676062792e-01 8.705434767962845211e-01 8.760961239343475482e-01 8.744573013504836068e-01 8.813867421516228262e-01 8.784535732140906772e-01 8.787371264962741124e-01 8.648075821572974720e-01 8.754689360195023751e-01 8.809253559907838094e-01 8.834372161649949318e-01 8.838220626709120120e-01 8.833779325204039745e-01 8.855279077184051717e-01 8.667927494871399130e-01 8.736440882951607145e-01 8.804507247821878879e-01 8.723190827369177169e-01 8.739058987932250000e-01 8.833589782536109825e-01 8.817105333924244448e-01 8.821024915076248751e-01 8.799259549599947050e-01 8.798542650856876479e-01 8.843541136106379819e-01 8.843846613801150669e-01 8.845054494363280284e-01 8.827627945355667194e-01 8.834738381993437750e-01 8.730203253068679059e-01 8.795727527357423137e-01 8.783126497625483031e-01 8.782300859082348143e-01 8.794376303937715411e-01 8.802803953147897431e-01 8.754610645168751093e-01 8.811865258189133243e-01 8.810048101301651835e-01 8.808419499673058040e-01 8.805751547174209826e-01 8.835817849603951890e-01 8.652383817132567323e-01 8.700740336396932673e-01 8.756433779292233099e-01 8.758877219487831711e-01 8.738756380476412344e-01 8.763086208395056698e-01 8.792313658582205926e-01 8.786715065328937202e-01 8.799702963923687893e-01 8.729551155692134579e-01 8.805698629502842767e-01 8.840810792056247314e-01 8.825457870251610659e-01 8.793676220757872253e-01 8.792419537575046906e-01 8.825001098200596639e-01 8.801347223708525513e-01 8.792418786220154159e-01 8.802052095590656711e-01 8.828446641406367812e-01
4.760937523358455686e-02 1.967411268393204071e-01 3.304779966870717844e-01 5.089241649766147457e-01 4.176585666401729791e-01 4.559479389130616234e-01 6.894890945296749951e-01 6.516810794129369588e-01 7.636165763892658331e-01 1.000000000000000000e+00 7.689402490860550721e-01 7.806139125790737543e-01 7.335546755184323420e-01 6.032764473940412930e-01 8.159998867622672014e-01 7.991171076299951048e-01 7.783603923220191456e-01 7.009059553974094081e-01 7.708163115419873757e-01 5.541184063738557875e-01 6.834842087621784135e-01 7.847120768181260475e-01 7.579408265762196395e-01 6.996669851701803333e-01 7.434053383660733649e-01 8.158828971159901577e-01 8.064337898122625470e-01 8.142578472303586556e-01 7.772439552022580855e-01 8.184918350094688710e-01 8.313496333304956076e-01 8.212233814501583851e-01 8.025154829826445235e-01 8.007778365158919609e-01 8.094461429220294324e-01 7.927995377328652671e-01 8.203918369787317477e-01 8.238836375900401299e-01 8.315699539485674752e-01 8.189155688491791540e-01 8.401540820757747996e-01 8.359695021156481332e-01 8.123587761144058783e-01 8.381502212731067880e-01 8.358868802804615417e-01 8.330390033820409545e-01 8.391733287223621662e-01 8.441753112901400069e-01 8.386633979094704205e-01 8.174663955524007486e-01 8.225433324511338684e-01 8.119089012324703925e-01 8.230494115918217668e-01 8.388536086281557225e-01 8.243669849724148957e-01 8.251823339848076699e-01 8.119247502074862233e-01 8.335878065623670841e-01 8.253381621365266652e-01 8.405796107097713854e-01 8.324022242315936015e-01 8.271875397565273680e-01 8.108679357924537534e-01 8.289638662924321277e-01 8.336674157212328184e-01 8.330826543146637730e-01 8.434421527287864206e-01 8.388916832568928950e-01 8.417195624423636779e-01 8.127649282903395278e-01 8.298369896127801848e-01 8.428122254650288747e-01 8.242559117782084499e-01 8.342078524494538350e-01 8.418504869468147467e-01 8.408042647130679059e-01 8.424805430013090346e-01 8.365579719041676965e-01 8.411996522532504406e-01 8.431968413078851921e-01 8.438027801430801889e-01 8.426940097811409514e-01 8.427978451969057039e-01 8.406009786134046591e-01 8.339588854444633936e-01 8.364635373798445794e-01 8.405965920480991116e-01 8.391020594811036126e-01 8.398069317664058619e-01 8.412399525856103510e-01 8.431836169870829956e-01 8.446480543768580818e-01 8.420044984404434496e-01 8.443205812218695927e-01 8.415172726915586265e-01 8.435609634957484948e-01 8.240642972683077661e-01 8.220106757955470966e-01 8.346980139795674436e-01 8.362065373547650227e-01 8.349886752621240582e-01 8.339529712899820257e-01 8.394014867246285538e-01 8.376816819917859425e-01 8.382983704483730758e-01 8.247984223268780557e-01 8.388968417272336664e-01 8.444515887332695314e-01 8.413611772443182479e-01 8.391431508528386374e-01 8.380605663204788724e-01 8.418262732512095115e-01 8.359461321562847713e-01 8.347815265935993878e-01 8.401628846718527388e-01 8.387740737387379131e-01
1.743373911266866277e-02 1.420329481927731785e-01 3.772960407626108625e-01 5.859610843988181106e-01 4.579519027942067777e-01 4.779718821250303340e-01 7.773440904121579065e-01 7.439553721747419468e-01 8.099665239321381938e-01 7.689402490860550721e-01 1.000000000000000000e+00 8.633117846911132487e-01 7.963290285780039168e-01 6.493464410463281045e-01 8.800046412734277013e-01 8.679118693750665914e-01 8.245397601623501993e-01 7.723076964991001381e-01 8.292307188696208531e-01 6.503696254808600807e-01 7.882516412016372653e-01 8.571207273252720027e-01 7.953941006664003721e-01 7.644073122209158466e-01 7.838134387528695735e-01 8.686958805487177138e-01 8.625731689985648432e-01 8.621550255565346710e-01 8.295460704278169173e-01 8.661388799510607583e-01 9.013307607812709454e-01 8.883219752474048603e-01 8.523262466778873669e-01 8.806515966436089249e-01 8.711155518061955982e-01 8.655599814753066612e-01 8.909611924276286121e-01 8.931580920457342643e-01 8.980191184592443143e-01 8.747252376727334688e-01 8.972485027060512763e-01 8.967394296835818901e-01 8.902706218150743256e-01 9.024623415842256691e-01 8.935907270520607737e-01 8.979574734867059593e-01 9.016646362370399626e-01 9.036975413164851645e-01 8.972118693910665632e-01 8.852482078904344576e-01 8.991975188144948339e-01 8.862612281125508140e-01 8.891080628606612413e-01 9.008226431334714901e-01 8.943470763150802583e-01 8.912486259027118107e-01 8.899415335324496468e-01 9.016096325688326418e-01 8.976841401683214317e-01 9.007652249492446028e-01 9.046627118962571323e-01 9.020102770596682973e-01 8.904526316323088109e-01 8.999515582678181413e-01 8.992015882757217193e-01 9.014156072213836968e-01 9.046028503015071109e-01 9.041306533479245289e-01 9.048656275298416762e-01 8.934763321959635629e-01 9.055638823394224213e-01 9.026648572609292653e-01 8.963470519271028447e-01 8.936423459716972273e-01 9.051370994173972839e-01 9.037498199786100361e-01 8.993685016503321084e-01 8.976880260754319663e-01 9.001430428986931798e-01 9.031673608016649313e-01 9.025531709965609606e-01 9.056994518600687272e-01 9.050466779714674281e-01 9.037761997167893524e-01 9.071140156424380985e-01 9.076140250730783121e-01 9.060258502620402998e-01 9.070468358055889802e-01 9.082278136668451296e-01 9.038085505547188703e-01 9.037222963441327028e-01 9.059221810579765055e-01 9.062573096467777534e-01 9.070330025400822338e-01 9.052089687073322510e-01 9.060066975726661642e-01 8.960371233328680018e-01 8.940967848502138215e-01 9.041364335933724794e-01 9.046434035862738199e-01 9.047446858211340981e-01 9.054331731940863381e-01 9.003987000830131482e-01 9.062396318710158605e-01 9.056284767599674934e-01 8.951841073862517595e-01 9.034446386047877420e-01 9.053491286940015259e-01 9.052065376387889994e-01 9.051980315362468943e-01 9.055775789980078372e-01 9.062666411287323420e-01 9.049514233588966672e-01 9.034422348569155492e-01 9.034794376552517381e-01 9.060488132492319213e-01
-2.878568405432862728e-02 1.083493507425626889e-01 3.840646570062825060e-01 6.369383232622728430e-01 4.809697114271523910e-01 5.042787584377854682e-01 8.046431937438426329e-01 7.896035636113888367e-01 8.237005728517536873e-01 7.806139125790737543e-01 8.633117846911132487e-01 1.000000000000000000e+00 8.294886450651961507e-01 6.743315876462462333e-01 9.126276085161856289e-01 9.079346777294411419e-01 8.432672613801770467e-01 7.570028613101044135e-01 8.119718074997921420e-01 7.078164595452441921e-01 8.274440864316899846e-01 8.781891204252287864e-01 7.689773629187079962e-01 7.334542801894663455e-01 7.618040112499543381e-01 8.739120276189296099e-01 8.789758450016432745e-01 8.663146892845068336e-01 8.320107570747113934e-01 8.711343952150948367e-01 9.161627318291013511e-01 8.989311106629114256e-01 8.645911269959880574e-01 8.879410394648905580e-01 8.795053440585689497e-01 8.887819572668502754e-01 9.010906814128326614e-01 9.208145227321758997e-01 9.228649275792460971e-01 9.022347717243897058e-01 9.162126524925913174e-01 9.219866193085258788e-01 9.281961428655737256e-01 9.316263090685942272e-01 9.189002590973140983e-01 9.218449093251160908e-01 9.311345605784449031e-01 9.316713768206705826e-01 9.271656285070714043e-01 9.122676671241604085e-01 9.325536457957430692e-01 9.218402504404011877e-01 9.229892446320915322e-01 9.322392223253199717e-01 9.265404728081237939e-01 9.169846423498614341e-01 9.321601660268780121e-01 9.337819216404978917e-01 9.357376316713842401e-01 9.353971615584405486e-01 9.388605720711088454e-01 9.427649016592990483e-01 9.359914305884433627e-01 9.394791981665302494e-01 9.267622232680833294e-01 9.377450188427589595e-01 9.303919172327531628e-01 9.222696313375636779e-01 9.216427233119793838e-01 9.325332815997365854e-01 9.381794378924777078e-01 9.244375074846272744e-01 9.039904334762933757e-01 9.052406603182705513e-01 9.281211152470206782e-01 9.264414877183518859e-01 9.201818829174681635e-01 9.141262890447441336e-01 9.189755033256216121e-01 9.256478811173642907e-01 9.242818061107362926e-01 9.322951652251119103e-01 9.261997625780787891e-01 9.255494566822188851e-01 9.271020294220629898e-01 9.275790235558505348e-01 9.309422382079890479e-01 9.360911886165441675e-01 9.358359564060821922e-01 9.289327095871434681e-01 9.259104084491547315e-01 9.322190834832551065e-01 9.334155225545981427e-01 9.355114765991491277e-01 9.360662400233026315e-01 9.361307789152624181e-01 9.295707344544992257e-01 9.282598358913941583e-01 9.360561891622134478e-01 9.348980629673256937e-01 9.390141955376032357e-01 9.389751782129456270e-01 9.325804042358323276e-01 9.371047903387691447e-01 9.362982773682881898e-01 9.346719563172378731e-01 9.331748334625293850e-01 9.317222216365744769e-01 9.356530846741215601e-01 9.379441753219358580e-01 9.394354906421116258e-01 9.374448165469825289e-01 9.415943147554071135e-01 9.381061638989910412e-01 9.333610144457662461e-01 9.375338904695013076e-01
3.733325158575316084e-03 1.338723299153422586e-01 3.337776379837430474e-01 5.460364630845923051e-01 4.599728757238633059e-01 4.548426559127857205e-01 7.358659340857902631e-01 7.180003315208254300e-01 7.748381337511367484e-01 7.335546755184323420e-01 7.963290285780039168e-01 8.294886450651961507e-01 1.000000000000000000e+00 6.290054064771601894e-01 8.483929696032721512e-01 8.400935119548066377e-01 7.896195054323469353e-01 7.029529696496575886e-01 7.689606891013014422e-01 6.189626104279264407e-01 7.367282447310447013e-01 8.080632098879901859e-01 7.298416798908540226e-01 6.885129274044589076e-01 7.291023932913968109e-01 8.266281964229662549e-01 8.244977205736722103e-01 8.186431861368420604e-01 7.822291603818017913e-01 8.205023325852515148e-01 8.553325370387031557e-01 8.352558636537983361e-01 8.081979281926104930e-01 8.202055057153032624e-01 8.183377642468565583e-01 8.193685826023239249e-01 8.343188572462655328e-01 8.476904383550045718e-01 8.563540537721361368e-01 8.368377414716552387e-01 8.589783749790008693e-01 8.630929961354526503e-01 8.575468525293418187e-01 8.703271543571545754e-01 8.534716682889749162e-01 8.607961509861294935e-01 8.715470126703309672e-01 8.743769266147946029e-01 8.675531441968173940e-01 8.418788593767024819e-01 8.609711235720582945e-01 8.514848862345512082e-01 8.577212949472503567e-01 8.700144954913912043e-01 8.592932860715460919e-01 8.491112283480658496e-01 8.539946256408478265e-01 8.715937894583316581e-01 8.653660229419753991e-01 8.771782001859704803e-01 8.734082755428901335e-01 8.709922951512196754e-01 8.551245978033797934e-01 8.680172505185355103e-01 8.644091636397382983e-01 8.683505828687381189e-01 8.718334930939638516e-01 8.640943620374265111e-01 8.641388331168423642e-01 8.612445739716163562e-01 8.694999847808955185e-01 8.690948676764997938e-01 8.458269617470303148e-01 8.523106322992148876e-01 8.691311599439165425e-01 8.670238641237854038e-01 8.645947531327574653e-01 8.584059771497896119e-01 8.653643067433881564e-01 8.684013358229403234e-01 8.688174858467743178e-01 8.735618989534809087e-01 8.666173170147013494e-01 8.618446346242143452e-01 8.660553836294689889e-01 8.668502102954357413e-01 8.700756299670272531e-01 8.742407839712900142e-01 8.739080157292092865e-01 8.690331610213593017e-01 8.676407905101983786e-01 8.740488391209645380e-01 8.738253059106046994e-01 8.749436349626462661e-01 8.767010416208633750e-01 8.768377150779915752e-01 8.658632068136398185e-01 8.635702455035972891e-01 8.739728269596270804e-01 8.729472666163452521e-01 8.745905024209901235e-01 8.734632934555952577e-01 8.719546733382677051e-01 8.763153571144544074e-01 8.735714681505588608e-01 8.664383128292300063e-01 8.742053889491987473e-01 8.745659616942409453e-01 8.737167059664615598e-01 8.761576529656707191e-01 8.749455155067368262e-01 8.778165002583072640e-01 8.753450389665982101e-01 8.744119196058928178e-01 8.737565600182622960e-01 8.746202771468517545e-01
