1.000000000000000000e+00 4.312147541372436665e-02 4.217351899835854873e-02 3.201260409990908801e-02 3.766067828411794743e-02 -7.548753495983122688e-03 2.085902788275331016e-02 -1.255921368499015971e-02 8.371929878813985648e-02 4.072429101716388417e-02 7.885233273230230280e-03 9.435093934678055738e-03 3.130649142634883003e-02 -5.630910870743956062e-05 1.096334045749415217e-02 1.661929369214671867e-02 5.382253685660925296e-02 7.786981293301398037e-03 1.420447775322102556e-02 1.160468536029367857e-02 4.316314498126647831e-02 3.162003069121076260e-02 4.334041503540362467e-03 7.618655970216167628e-06 1.717442725920242247e-02 2.248739360212492246e-03 -1.049623787653157286e-03 -4.869648962722056447e-03 2.649528390213367821e-02 1.935649007466566998e-02 1.045622720832809979e-02 -6.320043493993069555e-03 -2.132554275602902699e-02 -2.336207648293467734e-02 -1.114018926091161869e-02 1.290934669814121014e-02 -6.839379162683980468e-03 -2.819997984041078959e-02 -1.080096654840348100e-02 -3.679113858731847264e-02 1.667196993867865631e-04 -1.006391116692307783e-02 -5.614427149473318231e-03 -5.285031493359021969e-03 5.525542730678836487e-03 -1.515573502959191967e-03 3.613384906198239144e-03 1.108619888319835670e-02 1.458959785548753600e-02 -1.226896750449544757e-02 -9.929522759650295446e-03 4.237867962856909504e-02 1.937969193438538601e-02 2.889060034048024708e-02 -6.922138382912372155e-04 -7.185835553633715053e-03 4.866611471575465336e-02 3.011359755242012937e-03 -4.209447638313323047e-03 2.015679392577298182e-02 3.484464177796052237e-03 1.304643538376867515e-02 4.884743233747299712e-03 2.228507626406941652e-02 5.140514417966823846e-02 4.653057660831910053e-02 1.471815056602084754e-02 4.848095756043623722e-03 4.924849987055566862e-03 1.230783384098672883e-02 1.005854601002479504e-02 1.004755909566278256e-02 4.249057404390304757e-03 1.629635211034852075e-03 -8.353373698154427470e-07 3.636795106209717195e-04 -2.974246515176672857e-03 2.074540579381357712e-03 -1.683090465955698655e-03 4.287352822120014777e-03 1.788425850458142665e-03 3.225173910755937262e-03 2.080077000526213415e-02 -5.249849238368876729e-03 -6.408241379361670834e-03 -2.717149910743548585e-03 -5.220620666723686278e-03 -9.859555305422564725e-03 -5.133176380182594319e-03 -6.597566149119234342e-03 -1.724386032776909286e-02 -5.995619832927725698e-03 -3.013676493845009446e-03 -3.108280213491040542e-03 7.397145500368743770e-05 5.717426404216930172e-03 -8.711665419211613720e-03 3.839179031023017691e-02 1.514100002878286146e-03 -6.125829379912997932e-03 -3.378311314715162078e-03 9.682230835086435769e-03 2.096612497606463454e-02 8.014428695977316884e-04 2.387531001954615317e-02 3.306048723039890780e-02 1.736288461464545810e-02 9.469859811421248511e-03 1.194415843524670139e-03 4.502621998564071762e-03 -4.221464272185621557e-03 1.381566172304234986e-02 7.222127012949186055e-03 1.528470652134594245e-02 3.035356915589445745e-02 3.254313459337992986e-02
4.312147541372436665e-02 1.000000000000000000e+00 -6.092806103887299027e-03 6.302734552452148031e-02 6.353966289360284125e-02 6.173592068742203565e-02 1.204520582977123555e-01 9.801729019624669248e-02 1.559782934997797077e-01 1.448788301106148091e-01 1.373355058869248357e-01 1.284079399452242032e-01 1.249311461925789180e-01 1.166713176868001411e-01 1.360122599488830242e-01 1.401261450632392547e-01 1.288684105023625293e-01 8.789163272696902396e-02 1.133701376511438569e-01 6.264607197018462470e-02 1.046010457320993431e-01 1.208487104789035538e-01 1.004122931504128347e-01 1.071645300580902349e-01 1.074528418762044635e-01 1.267242907371698424e-01 1.362086399494283340e-01 1.305303196838293323e-01 1.296620443632676423e-01 1.405692482926891307e-01 1.387602763123555183e-01 1.292760509196482499e-01 1.191134029965547486e-01 1.154375359290980146e-01 1.162562547626323772e-01 1.417514730039201309e-01 1.287331567328029447e-01 1.347326646438006537e-01 1.374731006395269184e-01 1.281158723611636741e-01 1.409298592169331010e-01 1.400631372043313616e-01 1.371408127399719179e-01 1.385651911593590302e-01 1.526524156913718067e-01 1.379633275465657616e-01 1.489093368039385856e-01 1.514064055567835576e-01 1.501786442162776347e-01 1.233336132800175455e-01 1.481182913358798925e-01 1.299747455192152290e-01 1.387887901583965133e-01 1.557036594344045344e-01 1.308070993838701124e-01 1.405141914145235649e-01 1.477910959623743858e-01 1.500787607210100905e-01 1.385609062628287147e-01 1.517908941040209125e-01 1.445643550878762118e-01 1.490920529180185528e-01 1.415923016456699934e-01 1.545250381354280889e-01 1.548440544961511012e-01 1.532074584347964674e-01 1.533081260593311401e-01 1.436805402352310801e-01 1.382354295306143510e-01 1.263937309185027003e-01 1.368695022570984576e-01 1.438607470057418347e-01 1.395992700464246672e-01 1.397085834762002710e-01 1.436041234974688163e-01 1.402498565395574326e-01 1.447541051931792999e-01 1.528220308152956897e-01 1.430239172275650783e-01 1.470609737844180698e-01 1.489663746610750406e-01 1.459209139553672152e-01 1.569207793824869135e-01 1.407363493204813742e-01 1.337271656243178286e-01 1.403088683862268871e-01 1.428842070843055478e-01 1.435284643174023766e-01 1.466537383712290810e-01 1.489870739148903001e-01 1.399693525320955811e-01 1.462431624803890995e-01 1.498739648872676744e-01 1.438726249178542971e-01 1.524652854989349549e-01 1.513513248479833873e-01 1.318967683228421117e-01 1.484810126113648709e-01 1.463784693124047798e-01 1.437399117785486680e-01 1.480027068999865691e-01 1.447516231258297037e-01 1.483619119986809287e-01 1.483896105049428149e-01 1.475611154866376673e-01 1.559693079300785989e-01 1.522422839942349226e-01 1.542161584368606508e-01 1.487565195169229804e-01 1.519290953497089147e-01 1.498404908838658900e-01 1.560026435673914635e-01 1.513098207207654033e-01 1.521950508118775636e-01 1.548711106967959605e-01 1.556666105609313400e-01
4.217351899835854873e-02 -6.092806103887299027e-03 1.000000000000000000e+00 3.124683109036465734e-01 1.965540211952559180e-01 2.467948593028109483e-01 3.375378807716485352e-01 3.293404634925868324e-01 3.514976325131234924e-01 3.404320661429033334e-01 3.603545491779578391e-01 3.627553150250765190e-01 3.397599768508434148e-01 3.134026401392471795e-01 3.671108795961032234e-01 3.504571978392122533e-01 3.802310895217576037e-01 3.867222802515400404e-01 3.669184951108675485e-01 3.473630597775422268e-01 3.832009516208835787e-01 3.768457957170729400e-01 3.971284124871248267e-01 3.635683802526797903e-01 3.805774559428473647e-01 3.891387458144893730e-01 3.751194671250399071e-01 3.739265700981092011e-01 3.621545048444153592e-01 3.810018051685772900e-01 3.761645736646796467e-01 3.977179828184125854e-01 3.841360343458342652e-01 3.841102769596202449e-01 3.930611213497486878e-01 3.785151984588450702e-01 3.913982417299072258e-01 3.762081946867156246e-01 3.799200569713258591e-01 3.906926127972662477e-01 3.720248175240293831e-01 3.666314220133846113e-01 3.741294875402603193e-01 3.772576489313985704e-01 3.834139591030568672e-01 3.824626109676167451e-01 3.577288076123640304e-01 3.689910050134830866e-01 3.650751093169944950e-01 3.736697337989015044e-01 3.657658897124413389e-01 3.859782211658066009e-01 3.787289618446120776e-01 3.653133799453167629e-01 3.714760366745459286e-01 3.907687505615199952e-01 3.709605212244801997e-01 3.676382718997547316e-01 3.623703510904904834e-01 3.636240834255863863e-01 3.690479940588768382e-01 3.623647391918502492e-01 3.674542759561215122e-01 3.690914205287438854e-01 3.676961740706454762e-01 3.675992302814343748e-01 3.730194637833156301e-01 3.792768432724433203e-01 3.867036486786274430e-01 3.941334231467160665e-01 3.839115331257519914e-01 3.759012170161284971e-01 3.778531688009649225e-01 3.778770936216869769e-01 3.737158133046882269e-01 3.755369252527437363e-01 3.706430714106475066e-01 3.668674746164896083e-01 3.758103478642746409e-01 3.745647084774980651e-01 3.723287914171304891e-01 3.641952036068237253e-01 3.804906819668946172e-01 3.777047612371112750e-01 3.829959470469512239e-01 3.800724229438142143e-01 3.868778594663108694e-01 3.760814818202701248e-01 3.721756270970896785e-01 3.736494476677659771e-01 3.796790182397383195e-01 3.707422924767923567e-01 3.696170087596303278e-01 3.719636344601270905e-01 3.659550493718181086e-01 3.682449505900123876e-01 3.854834275706453539e-01 3.723762461957188519e-01 3.708000316907074101e-01 3.733733179587876982e-01 3.720847953988338230e-01 3.731936772903484689e-01 3.720340770663599361e-01 3.700626252088881074e-01 3.800444656442325542e-01 3.676448450247501998e-01 3.704592616811888672e-01 3.698114671730602376e-01 3.715847834857179399e-01 3.652331371317192321e-01 3.670389885493767768e-01 3.640030181496545225e-01 3.641439359999008585e-01 3.694801208638210932e-01 3.703125764623956262e-01 3.692554726460584025e-01
3.201260409990908801e-02 6.302734552452148031e-02 3.124683109036465734e-01 1.000000000000000000e+00 3.392159535220448663e-01 4.230662094318889954e-01 5.717537472674040222e-01 5.457747928029947904e-01 5.879327965057833394e-01 5.443399786564834253e-01 5.867044267137923041e-01 6.392249914771803709e-01 5.627562663575459423e-01 5.556388974935128067e-01 6.356878687902043357e-01 6.297532363189014548e-01 5.957780781538231096e-01 5.912899237058190094e-01 6.096918452498669705e-01 5.212230029979504353e-01 6.184561520902681631e-01 6.167472350695489824e-01 6.056589357028198117e-01 5.921010017783833179e-01 6.304300059125222955e-01 6.380865076264606861e-01 6.237286236024230934e-01 6.187567521122411263e-01 6.140471191034893028e-01 6.433284094692202082e-01 6.410208398920070882e-01 6.282867260077960037e-01 5.859195203529529161e-01 6.157446865662579150e-01 6.159267798790449833e-01 6.289015614209164662e-01 6.236363312205303044e-01 6.309515972382006010e-01 6.348751685389463217e-01 6.239452950491801708e-01 6.365636544744869285e-01 6.363521373768963318e-01 6.369425521893222752e-01 6.388072656790895198e-01 6.378899182683945845e-01 6.465245251812253846e-01 6.331442783790218742e-01 6.435068988586721828e-01 6.412342368416735772e-01 6.240518109252658485e-01 6.356464111034278996e-01 6.407260318723054793e-01 6.435743378643208334e-01 6.393781375192928440e-01 6.396777565455257220e-01 6.526469354427659741e-01 6.451929558874837101e-01 6.373574230822056652e-01 6.379408305160332304e-01 6.334180256367206718e-01 6.405526467175528538e-01 6.398229180290813112e-01 6.388634722609843886e-01 6.419165179729080517e-01 6.406644786757755838e-01 6.465974282063937650e-01 6.437267891633214889e-01 6.456139076769490392e-01 6.511905952904061268e-01 6.526830567313831599e-01 6.505130458132334370e-01 6.458340185054524119e-01 6.429388417126068456e-01 6.472920952528304905e-01 6.420748455559345258e-01 6.434169025708419420e-01 6.387875012377972617e-01 6.320822232855182188e-01 6.422925180136133116e-01 6.433149157995167178e-01 6.421294257490263169e-01 6.381161638545166381e-01 6.494662728233039362e-01 6.400530522476541861e-01 6.408826348532629114e-01 6.433566834927920697e-01 6.422073722051777622e-01 6.450272436542805465e-01 6.389012647720040405e-01 6.428171912593049209e-01 6.376957449016504853e-01 6.380769266294090691e-01 6.395688556667747937e-01 6.413213609574007767e-01 6.383825889514467278e-01 6.417282971567879191e-01 6.413384425445257664e-01 6.459536481387303519e-01 6.410196338252411863e-01 6.431663192975308752e-01 6.436103611127333979e-01 6.463874967779644765e-01 6.434170868301971602e-01 6.414531234062386122e-01 6.500399542152306420e-01 6.468749485774158980e-01 6.444246212168216470e-01 6.426386989439852870e-01 6.432168555894001161e-01 6.390207867752705218e-01 6.390969415175190571e-01 6.388584151135633382e-01 6.401920350735794685e-01 6.440404620224773335e-01 6.443697612285769205e-01 6.436131374140220407e-01
3.766067828411794743e-02 6.353966289360284125e-02 1.965540211952559180e-01 3.392159535220448663e-01 1.000000000000000000e+00 2.845906435921229383e-01 4.224453867567671828e-01 4.101095966103109891e-01 4.551330537740493343e-01 3.893900571534740784e-01 4.193120925474579375e-01 4.597864598527326430e-01 4.235310721428233172e-01 4.211853336840876705e-01 4.704989246604331932e-01 4.537228656781747693e-01 4.302506564525795385e-01 4.174851281733056307e-01 4.348922056611998488e-01 3.832616859639508267e-01 4.461440461369704513e-01 4.515066811675264580e-01 4.234627173830456948e-01 4.216670435783139159e-01 4.593666470543189551e-01 4.643519067298957914e-01 4.628240443799688797e-01 4.584555179899307831e-01 4.580122607038891180e-01 4.787791513541030941e-01 4.726348060430183851e-01 4.147816549733486235e-01 3.812890645610681473e-01 4.098480753323163195e-01 4.284666213282463110e-01 4.205765718255916608e-01 4.371017415194981548e-01 4.405135040867976803e-01 4.523505604349793430e-01 4.323054608694287815e-01 4.673673712018298065e-01 4.640038525241481637e-01 4.587291085510665223e-01 4.710008753108799184e-01 4.582006465827316855e-01 4.715115379185796374e-01 4.698134424290497657e-01 4.708905280113468983e-01 4.608874404811498238e-01 4.247050149731608770e-01 4.562369505086246724e-01 4.617229621935251549e-01 4.672249864610177328e-01 4.774863682944445742e-01 4.770619912235736781e-01 4.671607170819858101e-01 4.679002964131682152e-01 4.722293151496559926e-01 4.734229837635822724e-01 4.788222050865666990e-01 4.672333341137722140e-01 4.742452094049628419e-01 4.713485266588889333e-01 4.653777841163638240e-01 4.778323267068162461e-01 4.790814911949737298e-01 4.683424778886088324e-01 4.715832451250676072e-01 4.682594419070856273e-01 4.807818384475736617e-01 4.752319389311219777e-01 4.721467872877803118e-01 4.677753442790044125e-01 4.771948573862681009e-01 4.750848341018981680e-01 4.719489245458465820e-01 4.697054316392261786e-01 4.684463423061701604e-01 4.764669648578188643e-01 4.756466158136259947e-01 4.690838343465192906e-01 4.747538697780421812e-01 4.683111330820946550e-01 4.593205618714971128e-01 4.525176462136048516e-01 4.636972242147336387e-01 4.610349380121265828e-01 4.618295426953777927e-01 4.652456525729064540e-01 4.711298236873433520e-01 4.551628456065390793e-01 4.675782793064005016e-01 4.676744875828661718e-01 4.705272247277654252e-01 4.687012543138863174e-01 4.708214120908815192e-01 4.463578083185082979e-01 4.676838651734697150e-01 4.665594820268668119e-01 4.633027561130438898e-01 4.637508836355337949e-01 4.647549501919006620e-01 4.704131422421177211e-01 4.700688559629780938e-01 4.704751618996840246e-01 4.702578310556257968e-01 4.692977488766226779e-01 4.777706244315404471e-01 4.742837932447231397e-01 4.713075852895129980e-01 4.706400354544320597e-01 4.755556233140029732e-01 4.727750721281045454e-01 4.704112253019810952e-01 4.742108772024813401e-01 4.763295466571674797e-01
-7.548753495983122688e-03 6.173592068742203565e-02 2.467948593028109483e-01 4.230662094318889954e-01 2.845906435921229383e-01 1.000000000000000000e+00 5.471642620866760121e-01 5.337529495014707859e-01 5.386427822734571880e-01 4.890941965879597730e-01 5.476423241614518655e-01 5.820497564473420260e-01 5.304740508618560613e-01 5.053860290468431549e-01 6.021420786657427637e-01 5.861861444543415844e-01 5.394988140019869594e-01 5.419296219288157745e-01 5.456929880203851280e-01 4.708145506746752584e-01 5.599691298011669760e-01 5.701269072611523381e-01 5.592868055343980238e-01 5.411750300674355030e-01 5.722603489035994473e-01 5.980759531985949673e-01 5.915725633985339238e-01 5.872020528875926404e-01 5.961493506146591237e-01 5.970418608018021045e-01 6.034105597603592885e-01 5.703342054529222382e-01 5.344816293501771787e-01 5.650936393794324664e-01 5.657140296709457505e-01 5.749245959591773314e-01 5.884210293492668775e-01 5.849247357794650215e-01 5.923639794377807410e-01 5.926930316507330598e-01 5.935489017207499218e-01 6.043141533527939258e-01 5.958209871399864355e-01 5.972409341203608335e-01 5.914489043068846819e-01 6.071829990112950215e-01 5.937290332445440688e-01 6.013787224479605342e-01 5.995020623847042707e-01 5.755570846057487255e-01 5.924002463200918056e-01 5.909108152702891026e-01 5.973926497227122212e-01 5.983134167898869205e-01 6.034377250901431511e-01 6.047274914387541500e-01 5.932577061673912633e-01 5.958514523460104462e-01 6.021227301974537705e-01 5.962092810014268940e-01 6.010683948111417152e-01 5.950593627782496675e-01 6.052159337115966542e-01 5.962692494191200732e-01 5.924859318119176654e-01 5.962909920212028370e-01 6.009301676329332764e-01 6.066539698440844841e-01 6.043879245620686902e-01 6.043628701185074226e-01 6.067234497311861929e-01 6.017101867935412685e-01 5.994981963794526747e-01 6.064719566340296408e-01 6.032617060842069279e-01 6.028212375130916900e-01 6.001681786626013038e-01 6.038725247795547757e-01 6.024687648254000161e-01 5.997812834811963034e-01 6.016364826166037405e-01 6.007771073448139321e-01 6.010102358451323568e-01 5.962159670648655707e-01 5.945505576872447406e-01 6.013185523404011024e-01 6.005348586822366608e-01 6.041433129650820577e-01 6.025148489208155267e-01 6.023254795170407405e-01 5.989886453693988866e-01 6.013551184704042374e-01 5.994182781795491799e-01 6.056602940627070497e-01 5.980138718873508896e-01 6.003878181485146071e-01 5.988847056742265806e-01 5.943981524421633189e-01 5.981361900595992820e-01 6.019114095332106507e-01 6.040155490892745727e-01 6.019416909277403027e-01 5.978081003366154667e-01 6.007719943944807017e-01 6.007665908071999628e-01 5.943807137381262873e-01 5.989721594441137498e-01 6.021326982125416727e-01 6.029538635047633210e-01 5.982509238642113036e-01 6.003431227660390723e-01 5.981186876769414296e-01 5.999216433697356354e-01 5.999193497513204409e-01 5.986227115008075916e-01 5.995434979884034510e-01
2.085902788275331016e-02 1.204520582977123555e-01 3.375378807716485352e-01 5.717537472674040222e-01 4.224453867567671828e-01 5.471642620866760121e-01 1.000000000000000000e+00 7.213635772904027910e-01 7.382851537899155492e-01 6.702597009304633868e-01 7.566953638998217269e-01 7.932367481436001233e-01 7.300514688465625790e-01 7.114885858556354581e-01 8.302856102400465454e-01 8.068337694317192499e-01 7.444936562392653334e-01 7.529882283516341479e-01 7.718930757500037654e-01 6.497566041988432906e-01 7.662748024137447933e-01 7.908468438122752131e-01 7.749959171339946273e-01 7.584179828405472890e-01 8.001276164296771132e-01 8.288536305086992018e-01 8.163366587095807203e-01 8.328399613681026770e-01 8.297577668486432190e-01 8.297985299237895518e-01 8.362581552640937499e-01 7.901936815216645815e-01 7.551788669571934953e-01 7.851177330342593574e-01 7.865439050213899330e-01 7.944441437998991384e-01 8.225744903682015163e-01 8.098580323720319107e-01 8.283692507278712647e-01 8.174966987815064368e-01 8.247851589071715228e-01 8.283704740760148288e-01 8.279859411913904621e-01 8.289769449164602344e-01 8.233648728259080896e-01 8.352941455752583844e-01 8.231173020515190064e-01 8.280072812350158795e-01 8.222282834791673212e-01 7.961863579825686488e-01 8.218574001525978945e-01 8.118692247169607690e-01 8.140796590102239438e-01 8.203963288728087777e-01 8.184317183687059849e-01 8.339445067297409642e-01 8.091631805636653185e-01 8.219085360134389395e-01 8.233673858931848111e-01 8.212090545936229224e-01 8.285632185624739465e-01 8.162070814874098357e-01 8.157618529590709988e-01 8.254408819386174212e-01 8.207810062338579682e-01 8.184391435832706341e-01 8.310765322886396467e-01 8.359262794844468658e-01 8.336122074765797141e-01 8.298345923045236106e-01 8.371812866359623628e-01 8.338693371151283396e-01 8.259553878163109486e-01 8.385739998392252037e-01 8.345851127898876731e-01 8.295128213924131133e-01 8.353680294466956369e-01 8.370167691370945517e-01 8.370948657245556035e-01 8.293877016821408210e-01 8.305249667782143019e-01 8.320096314529846770e-01 8.351784807563000790e-01 8.237654747882862116e-01 8.209696486837054774e-01 8.308412453010451948e-01 8.357401764420736567e-01 8.349945219609155034e-01 8.312868444265002488e-01 8.353372748291997274e-01 8.345461968520689888e-01 8.336556069786417167e-01 8.314115290491311816e-01 8.352997827911294859e-01 8.255119288523151688e-01 8.281630116279099507e-01 8.249401819215246290e-01 8.172385811444451420e-01 8.282149532349009080e-01 8.318333620820251850e-01 8.338520353302406596e-01 8.287902245311680183e-01 8.261566337297651108e-01 8.303116347065221392e-01 8.312354863662579918e-01 8.192446916475216723e-01 8.266019180587207416e-01 8.298536057978950220e-01 8.292242173631760860e-01 8.273704951899892857e-01 8.269143316398126498e-01 8.260970973658617877e-01 8.238351869983898679e-01 8.285561824203607761e-01 8.258839123399400739e-01 8.225286010792588476e-01
-1.255921368499015971e-02 9.801729019624669248e-02 3.293404634925868324e-01 5.457747928029947904e-01 4.101095966103109891e-01 5.337529495014707859e-01 7.213635772904027910e-01 1.000000000000000000e+00 7.184289074693188670e-01 6.636481760880571512e-01 7.270195042852032330e-01 7.805948976308385578e-01 7.034596080510672200e-01 7.118956725711366174e-01 7.974047884412166498e-01 7.987692651641326025e-01 7.258005300627071721e-01 7.016481942605254929e-01 7.340914145528220081e-01 6.227958585074704345e-01 7.189956736342730803e-01 7.419516055006663002e-01 7.284237738514406368e-01 6.939839344466945947e-01 7.534560353507184782e-01 7.990026003141866839e-01 7.830727828808811131e-01 7.951706265060347611e-01 8.006659819552042201e-01 8.067487573252263289e-01 8.080367204743822418e-01 7.710658529245143500e-01 7.339548104696340669e-01 7.624455543030346227e-01 7.710915816784346122e-01 7.672487260148775912e-01 7.801041505275978505e-01 7.975156333750565985e-01 8.061937413156682330e-01 7.941636530411647632e-01 8.031313172543823597e-01 8.070965535110161682e-01 8.104723612707933622e-01 8.086428853382885418e-01 7.953169050602730827e-01 8.128231706873645379e-01 8.073010097864147250e-01 8.104552708818570927e-01 8.041725087845303932e-01 7.832369115096478041e-01 8.056816648770399603e-01 7.839939713623298445e-01 7.984322820014497779e-01 8.001157664034473926e-01 8.025087552642184985e-01 8.114279085250241108e-01 7.907878645015937735e-01 8.084605491379172060e-01 8.087091135882935600e-01 8.043348933013142465e-01 8.141312395174393757e-01 8.033725265963483908e-01 8.040221257754495143e-01 8.043338003348526888e-01 7.957083068093462330e-01 7.960617779225122037e-01 8.113463841074594063e-01 8.106018565057251379e-01 8.083987984434650720e-01 8.029907722555642557e-01 8.062880323518721859e-01 8.092490985681091153e-01 7.925924238091399676e-01 8.052168958059158221e-01 8.105615414328426471e-01 8.100337243762426587e-01 8.098924145702055544e-01 8.161234995024644334e-01 8.099492264790231211e-01 8.103482845396118295e-01 8.080484113572226068e-01 8.101441643754349053e-01 8.071653807153973403e-01 8.061029207945765718e-01 8.023738440912038250e-01 8.085250605398850432e-01 8.067007083257451416e-01 8.149264720827409381e-01 8.108727190317982503e-01 8.103021646713693960e-01 8.066209742526706528e-01 8.133708964248445028e-01 8.118634334726468893e-01 8.127561747793065061e-01 8.093925472296956691e-01 8.102341052677144440e-01 8.054683003720232159e-01 7.980216209103963010e-01 8.119188732262622166e-01 8.137353758792862379e-01 8.140102026445928951e-01 8.120773598939583504e-01 8.053865039554848337e-01 8.125747366348811118e-01 8.094080243259150764e-01 8.034571314893574900e-01 8.088784400954743825e-01 8.098141723001425207e-01 8.097649080134039501e-01 8.109064078581209589e-01 8.137815303148970836e-01 8.087046959911181609e-01 8.094945105952163766e-01 8.098959218319162767e-01 8.047044384111103899e-01 8.034937371213840551e-01
8.371929878813985648e-02 1.559782934997797077e-01 3.514976325131234924e-01 5.879327965057833394e-01 4.551330537740493343e-01 5.386427822734571880e-01 7.382851537899155492e-01 7.184289074693188670e-01 1.000000000000000000e+00 7.351379929699037863e-01 7.967044971153840471e-01 8.416076328497275050e-01 7.629539972208851939e-01 7.545789544015819583e-01 8.488384459560199824e-01 8.426638690477084026e-01 7.857199479927006180e-01 7.292123450246793537e-01 7.690337906855934103e-01 6.568265834828147520e-01 7.793678122949322384e-01 7.884734053516381236e-01 7.449785823371264382e-01 7.277308345718407345e-01 7.930971827775881167e-01 8.479303112571637824e-01 8.304656221560202667e-01 8.357234265102345683e-01 8.378065397928809999e-01 8.658690868630936066e-01 8.669923506610013320e-01 8.051566500912380464e-01 7.683035984168030685e-01 7.912023261005548536e-01 8.175139612137920508e-01 8.167190075462477106e-01 8.341686772063106048e-01 8.426363332899723391e-01 8.537350360777519187e-01 8.146648155298795713e-01 8.609128575966994434e-01 8.556901479728865612e-01 8.548332394553692648e-01 8.700059061162702667e-01 8.523271809278117894e-01 8.608140700966008252e-01 8.695675454220390677e-01 8.779321094568487416e-01 8.708770290266585334e-01 8.248120237470299987e-01 8.600093156437084163e-01 8.561596709626174695e-01 8.679399022365772431e-01 8.833441414720256679e-01 8.648486957185125279e-01 8.624362139900612068e-01 8.774331358247068335e-01 8.701965035459940934e-01 8.697849722662344130e-01 8.805766106412110661e-01 8.737045998882249087e-01 8.790557600058777066e-01 8.721496804367313560e-01 8.817760465087702837e-01 8.831629178739682784e-01 8.858942786399409686e-01 8.755539696352699908e-01 8.661221174835325165e-01 8.660215704172594675e-01 8.623393337509183132e-01 8.650504588562992758e-01 8.704526885184794560e-01 8.446767313856481385e-01 8.626605025021147899e-01 8.726698316537665479e-01 8.705334361834287105e-01 8.697564862891937754e-01 8.727303966234696286e-01 8.697617886240107676e-01 8.765634706346571159e-01 8.724448810011954381e-01 8.748501675333424377e-01 8.754748338867439639e-01 8.654484677360778644e-01 8.548467879230702282e-01 8.630174699598364141e-01 8.636336030942942665e-01 8.666408879759728290e-01 8.703160406221595036e-01 8.644014921518086148e-01 8.560095575301308601e-01 8.692675675697122406e-01 8.693578992877010192e-01 8.711573077400478482e-01 8.742763393670539562e-01 8.774260067400726504e-01 8.477805616864211302e-01 8.754583028008712242e-01 8.712318182227533070e-01 8.681056289588798824e-01 8.688524118532967577e-01 8.744629994406541984e-01 8.795265473775435439e-01 8.740903030832692933e-01 8.785751259500430566e-01 8.787995896205832436e-01 8.803165209342611597e-01 8.784301249060948447e-01 8.735051426539313102e-01 8.748600803776999113e-01 8.700510166306429927e-01 8.801754812599423827e-01 8.763674781511070488e-01 8.802119711790399315e-01 8.822810693852235486e-01 8.845319111335625539e-01
4.072429101716388417e-02 1.448788301106148091e-01 3.404320661429033334e-01 5.443399786564834253e-01 3.893900571534740784e-01 4.890941965879597730e-01 6.702597009304633868e-01 6.636481760880571512e-01 7.351379929699037863e-01 1.000000000000000000e+00 7.352955995670875655e-01 7.650597682700809310e-01 7.007995750798996504e-01 6.908955175693761719e-01 7.742864157748466925e-01 7.693899535209327567e-01 7.054012229303149306e-01 6.687814526446145269e-01 7.056394411262144617e-01 5.965348297641263065e-01 6.809175098203803511e-01 7.069456918562396774e-01 6.820893726873729079e-01 6.581800663699337584e-01 7.172935591545021028e-01 7.669889575605125520e-01 7.592889929023209916e-01 7.663918309748763980e-01 7.658211171212958579e-01 7.894213813243804445e-01 7.904908958135516972e-01 7.492439599494324920e-01 7.093269478864308031e-01 7.372308894316002004e-01 7.498545684771645847e-01 7.473935418916795026e-01 7.640003052152639640e-01 7.774518029565730126e-01 7.854695949209133943e-01 7.619708825228649340e-01 7.894054173162641241e-01 7.866694288414454173e-01 7.896607312204897422e-01 7.905289679611284814e-01 7.783058028989008337e-01 7.890746492467944906e-01 7.955340704671832741e-01 8.041773826131265457e-01 8.014655593054037519e-01 7.610167038725749178e-01 7.926328762418060059e-01 7.665040333621764290e-01 7.842379258747677051e-01 8.044640453877679453e-01 7.981353971734143071e-01 7.939185045705864363e-01 7.945765684621046709e-01 7.958251571954565451e-01 8.017417451350186131e-01 8.010063710223390698e-01 7.947672585460459072e-01 8.037171424533516850e-01 7.956811315885675695e-01 7.964874968810561340e-01 7.927250185500952506e-01 7.984650531485346647e-01 7.980730634632015041e-01 7.878966431411564830e-01 7.910616807483600299e-01 7.850866971033738650e-01 7.805033768854305887e-01 7.896395480224863705e-01 7.708744526375318484e-01 7.843544303166171128e-01 7.937655486409653793e-01 7.947937428057121334e-01 7.926869652395001076e-01 7.984109272959427628e-01 7.919009220998638465e-01 8.002756254128716717e-01 7.958189831543350801e-01 7.959991488645631330e-01 7.963121171255633790e-01 7.907893508232323176e-01 7.811366358181550673e-01 7.890319797053368944e-01 7.925520529292988670e-01 7.941845537769445240e-01 7.946707153366332488e-01 7.947359407319327662e-01 7.887608307619791148e-01 7.939833075722413369e-01 7.966924284115687316e-01 7.947728245494128929e-01 7.957682542865773812e-01 8.002343820788404560e-01 7.794477600319308364e-01 7.835265139960848613e-01 7.924324037896069983e-01 7.929380915910572147e-01 7.960652571707309555e-01 7.928953855560797459e-01 7.912577067974415623e-01 7.963433330344256156e-01 7.921357866646371315e-01 7.919666698185169329e-01 7.987615906958736023e-01 7.998865049945910188e-01 8.008815599756742287e-01 7.962855008615298269e-01 7.973914402352928477e-01 7.995219801625309541e-01 7.990718846161078970e-01 7.973638822465254350e-01 7.954187651995215935e-01 7.960367561228959277e-01
7.885233273230230280e-03 1.373355058869248357e-01 3.603545491779578391e-01 5.867044267137923041e-01 4.193120925474579375e-01 5.476423241614518655e-01 7.566953638998217269e-01 7.270195042852032330e-01 7.967044971153840471e-01 7.352955995670875655e-01 1.000000000000000000e+00 8.705581941500132315e-01 7.767567070278891261e-01 7.751978843813098763e-01 8.775045783476050909e-01 8.623265868270897361e-01 7.995683163148776806e-01 7.535736465481117641e-01 8.014944341605172440e-01 6.538339593163949859e-01 7.827872434192530982e-01 8.106811600889093361e-01 7.791783572081101283e-01 7.543911694022550352e-01 8.116007462394010386e-01 8.768041649704277907e-01 8.594053086199709979e-01 8.665855963787990612e-01 8.598597741687046270e-01 8.856831618136354889e-01 8.897933833412463578e-01 8.476757528026094279e-01 8.197374413642742885e-01 8.418811973619941824e-01 8.538849746579391109e-01 8.554728389704788771e-01 8.702788014952488327e-01 8.862016786135802349e-01 8.930775990923780494e-01 8.668386300543102774e-01 8.903415772308093112e-01 8.894190271237752965e-01 8.941212676651949520e-01 8.985222084178924318e-01 8.866827695249449581e-01 8.910258968337941843e-01 8.999382362211284514e-01 9.015892293196602347e-01 8.954129517305347008e-01 8.682208495611440924e-01 8.962941206118794080e-01 8.698482562706008059e-01 8.810144160369898225e-01 8.964906554450656762e-01 8.855711355210214020e-01 8.969393908125407044e-01 8.813645415938217154e-01 8.959752954272653946e-01 8.985927620092145629e-01 8.995134442529663099e-01 9.008752889189801660e-01 9.000088671006203356e-01 8.944649332386150897e-01 8.999945973769122309e-01 8.886930206830860879e-01 8.913081075245419260e-01 9.028123229438603792e-01 8.993092704232064083e-01 8.987869057857953425e-01 8.809319195284081028e-01 8.939433979010485976e-01 9.011442591388200141e-01 8.771359261003517371e-01 8.922411487562271759e-01 9.029230489757411604e-01 9.016585596621512488e-01 9.026959615466420006e-01 9.001530531973606086e-01 8.974289564362217808e-01 9.045679323938468075e-01 9.022044641793817155e-01 9.055991047238712843e-01 9.027785515868709254e-01 8.993243680250577743e-01 8.952558140540154419e-01 9.009124987985237532e-01 9.019620595501948168e-01 9.053611361708525651e-01 9.065000660984643410e-01 8.986143433839004491e-01 9.001086619235632025e-01 9.045076741032206380e-01 9.046291927820346856e-01 9.051943303771237126e-01 9.047244378153719291e-01 9.067980427226773887e-01 8.922185645883947691e-01 8.883388091403893183e-01 9.018765564200031948e-01 9.055199006137991669e-01 9.051832664536533235e-01 9.015116376639649154e-01 9.005810084000250848e-01 9.047410261005643939e-01 9.023686124791615581e-01 8.971397716044159365e-01 9.048770942907690129e-01 9.054949939385877888e-01 9.030142922141586315e-01 9.041835605279981980e-01 9.041225128648694431e-01 9.054929607100047351e-01 9.051310515642212451e-01 9.052901168418741040e-01 9.011815920941554925e-01 8.998135301402812036e-01
9.435093934678055738e-03 1.284079399452242032e-01 3.627553150250765190e-01 6.392249914771803709e-01 4.597864598527326430e-01 5.820497564473420260e-01 7.932367481436001233e-01 7.805948976308385578e-01 8.416076328497275050e-01 7.650597682700809310e-01 8.705581941500132315e-01 1.000000000000000000e+00 8.157573609089089350e-01 8.168299462618543449e-01 9.237469789302011902e-01 9.100945808883589283e-01 8.429830009577828909e-01 7.975439119900924467e-01 8.445358715571290587e-01 7.048737058772110986e-01 8.291969685225945019e-01 8.546317627134175643e-01 8.156349559337315869e-01 7.964738795346827382e-01 8.568795435058730314e-01 9.184459321238251928e-01 9.016755999537705568e-01 9.081879474626546322e-01 8.978447641151591219e-01 9.352029996939255074e-01 9.372530663852853827e-01 8.809138947096286643e-01 8.469016874531838379e-01 8.722841634725913007e-01 8.885099464345234122e-01 8.821504071222926457e-01 9.069290315761486809e-01 9.220851070976466834e-01 9.324640909989361237e-01 8.986480486574476290e-01 9.311120268008297174e-01 9.345724448570870146e-01 9.318595442497271675e-01 9.420257485302068190e-01 9.267897630688343158e-01 9.364507866864270058e-01 9.416572756153234192e-01 9.468033226691323634e-01 9.378589716763474637e-01 9.027460298702072450e-01 9.355223509903134449e-01 9.109647273463098438e-01 9.298040589628702168e-01 9.443340403814008965e-01 9.334506961036920236e-01 9.380902916503536249e-01 9.265195407103582470e-01 9.384791448079062848e-01 9.425039844553547708e-01 9.462178541461724324e-01 9.467679587066702984e-01 9.443099235094749577e-01 9.384000682047254349e-01 9.438740704039942919e-01 9.364353439478465546e-01 9.382563817187025146e-01 9.477267545587622077e-01 9.427578126128163261e-01 9.421010525461797069e-01 9.317719891517871611e-01 9.391372480838670045e-01 9.442762040248802169e-01 9.205454057176261085e-01 9.387483968303856896e-01 9.481684336488177545e-01 9.472362223981460883e-01 9.458236779136164341e-01 9.424306059735274577e-01 9.421051681553375134e-01 9.505813634760078568e-01 9.463224487557206910e-01 9.500345448877232091e-01 9.433801318631466204e-01 9.402226353095766154e-01 9.334519857024633493e-01 9.410797027816439897e-01 9.413187590659596315e-01 9.472796765437625499e-01 9.474857635675277834e-01 9.397888487844178185e-01 9.387375815594855011e-01 9.478516402625150050e-01 9.462098840738659700e-01 9.487668417949172150e-01 9.500790599404709269e-01 9.512030225880657719e-01 9.289131786178010941e-01 9.334731388800739937e-01 9.478721743564813007e-01 9.477589218234158119e-01 9.481531885636894641e-01 9.459810192575826004e-01 9.451451359928856322e-01 9.486524589454699008e-01 9.455169165181884772e-01 9.405294548526050846e-01 9.482022246673734722e-01 9.499757626127726118e-01 9.470311963380775300e-01 9.492402027068448378e-01 9.475906918941763291e-01 9.500870712537388130e-01 9.498822948650429421e-01 9.490596900139731673e-01 9.459067872864878046e-01 9.470214888514317808e-01
3.130649142634883003e-02 1.249311461925789180e-01 3.397599768508434148e-01 5.627562663575459423e-01 4.235310721428233172e-01 5.304740508618560613e-01 7.300514688465625790e-01 7.034596080510672200e-01 7.629539972208851939e-01 7.007995750798996504e-01 7.767567070278891261e-01 8.157573609089089350e-01 1.000000000000000000e+00 7.330292069285397893e-01 8.303980477100826318e-01 8.210954800914729290e-01 7.539774319020071669e-01 7.234458870482971538e-01 7.596028504886432886e-01 6.322088237536569455e-01 7.496600209628517808e-01 7.751582339940181754e-01 7.400362615681138623e-01 7.215812196912032572e-01 7.795082427681350179e-01 8.315864383064964782e-01 8.161888134244971171e-01 8.198150922006305352e-01 8.124845937567585219e-01 8.431138423490154299e-01 8.454617384395826107e-01 7.827991741723794306e-01 7.437679083712466221e-01 7.735726331640828679e-01 7.940428849898980568e-01 7.815170859252578150e-01 8.111588628939641055e-01 8.272532733368458402e-01 8.339826112912493983e-01 8.029202975626231753e-01 8.386820744798269001e-01 8.419585014567455561e-01 8.354730572981322601e-01 8.472364396060586555e-01 8.295351033657210049e-01 8.435924541127126641e-01 8.473044429425207191e-01 8.507135195941475381e-01 8.426715984892716449e-01 7.990749357805608799e-01 8.338259615965649685e-01 8.112446781744129254e-01 8.346421619963960703e-01 8.518821374225700183e-01 8.426691459619104485e-01 8.465837117406657120e-01 8.321167488651044497e-01 8.489811052933429192e-01 8.480614102638661667e-01 8.535647241425318166e-01 8.518304977546959922e-01 8.513382516237368858e-01 8.441538428369346203e-01 8.447507004599821290e-01 8.448041949126858796e-01 8.488149368564917863e-01 8.519798522542962882e-01 8.496034715803274517e-01 8.444017438022640709e-01 8.354022021457345737e-01 8.483806652973595597e-01 8.518889243053650029e-01 8.312139864898467900e-01 8.472942575079145389e-01 8.538443046233454847e-01 8.525694943074393350e-01 8.511069101056204511e-01 8.506514384656516103e-01 8.501716518479284224e-01 8.554732003033849175e-01 8.488192151292746068e-01 8.548602055447531711e-01 8.458663632053183834e-01 8.431876133544123908e-01 8.332853276197887959e-01 8.435145036809443830e-01 8.427176668711118257e-01 8.495618148375899681e-01 8.507568853756004579e-01 8.436176357990103902e-01 8.415913515955368851e-01 8.519878389007338182e-01 8.494322116455117477e-01 8.540412046646372879e-01 8.534991525239119525e-01 8.548999380001505166e-01 8.269937886612649391e-01 8.375656103275066489e-01 8.501991052277924066e-01 8.482693823514391163e-01 8.500868989104676254e-01 8.482752982298260580e-01 8.509881387954721932e-01 8.533860147251267625e-01 8.478684692905040787e-01 8.436774737160740445e-01 8.500254258977666399e-01 8.558723792476099490e-01 8.523034149768813350e-01 8.543014115287909105e-01 8.506759124164124941e-01 8.551474052177825413e-01 8.529817010572124936e-01 8.519861915279988152e-01 8.497784059230244491e-01 8.516650743355976827e-01
