1.000000000000000000e+00 8.708546410724339604e-02 1.118411810976562525e-02 7.780795288451113068e-02 -4.224932680689222342e-02 -4.420544707621047731e-02 2.615529192335823080e-02 6.006297518956529857e-02 1.147102374668586000e-01 5.299336940263334184e-02 3.777126798523532808e-02 2.479397714596293101e-02 1.676942121823867568e-04 8.478559085184186189e-03 8.213700507705637074e-03 2.288837591155082687e-02 7.328817599325029852e-02 4.270921873393800777e-02 3.065165474708412760e-02 5.459749903086891796e-04 6.526913051629959495e-02 8.773115031569604649e-02 6.449732507040047136e-02 2.847190319970128655e-02 3.735043837717545723e-02 9.908844731341281964e-02 7.118597916209098986e-02 8.013175833431512851e-02 1.082689917937420254e-01 8.470782690101100187e-02 7.222526187339742276e-02 2.859512431282025882e-02 3.804736236111921216e-02 -9.986125594721598567e-03 4.528369405434331391e-02 3.221836828569081546e-02 3.610135229285464653e-02 1.497393693274941262e-02 2.492493185264004277e-02 2.843760896014473419e-02 2.522732109537965256e-02 2.199879242880157723e-02 3.286984913470455960e-02 3.692412903938852020e-02 3.365973506455326170e-02 3.610635921448309554e-02 1.613528506789392233e-02 2.419649062704930589e-02 3.671840977618175822e-02 1.863418510647327567e-02 2.908828550020942094e-02 3.319899304660889339e-02 4.010207778904807674e-02 4.357062969397980379e-02 5.467902477531618594e-02 4.658344638333114518e-02 6.643859612533029035e-02 2.444156426535325222e-02 3.119144643710405201e-02 4.403127397302150636e-02 3.627638916453906209e-02 4.629280716146100955e-02 3.591326578790861312e-02 3.805853729679746500e-02 5.172687418915122848e-02 5.150083557206815849e-02 1.429711798719324536e-02 1.051067952554575989e-02 1.279878923518787057e-02 1.307545963941062102e-02 2.608279226825346853e-02 1.810304383952735657e-02 1.345111086050830747e-02 1.325060567865475603e-02 3.188600962616046364e-02 2.882419330101950936e-02 2.444207353545459552e-02 3.826748725458375272e-02 3.179246889102453622e-02 3.569351855406081159e-02 2.738542298619470530e-02 2.914827985344233680e-02 2.946472569800516819e-02 2.361028728767768786e-02 -5.029053177216738372e-04 -7.279796758970819189e-04 7.240017149709116265e-03 7.556370362618521769e-03 6.646217503206292877e-03 1.857751466147575248e-02 6.388481656740502800e-03 1.516816167207696471e-02 1.090099873876903061e-02 1.715888611044028011e-02 5.785918321772096085e-03 1.041183388632826307e-02 7.617584131863462150e-03 3.143922688708773727e-02 9.516007820886502808e-03 5.829100683911520552e-03 5.527667876150167171e-03 1.567822238732574994e-02 1.897174184729636878e-02 1.690036518314855241e-02 1.303156738336678187e-02 2.683541596368645837e-02 1.802199430253594026e-02 1.132342026665965513e-02 1.861617908024563658e-02 1.504743947596299918e-02 1.528974731795499677e-02 1.950544265112401712e-02 2.134885946280395616e-02 1.822068118182144925e-02 2.941050325292162218e-02 2.900646567605826356e-02
8.708546410724339604e-02 1.000000000000000000e+00 7.415447490389726060e-02 2.718113053123332942e-02 6.460804415670531875e-02 3.381464276863082458e-02 1.067882822848953833e-01 6.676434270430992024e-02 1.488684708376885601e-01 1.539317809376918034e-01 1.224573654068621675e-01 1.221048602546621203e-01 1.123913461589924889e-01 1.262482386580959237e-01 1.218411288614176385e-01 1.225906165878219295e-01 1.273389097704661355e-01 1.306703709098152033e-01 1.056956834335581463e-01 3.751912834088487469e-02 8.311414574011768974e-02 1.378970418164022493e-01 1.496314467235986545e-01 1.211983830203603174e-01 1.308413762971494809e-01 1.538169987898892199e-01 1.434838166730397213e-01 1.476040940869884355e-01 1.645731469095518540e-01 1.854016182271865376e-01 1.730489163753309578e-01 1.520212744394298654e-01 1.578042477177755143e-01 1.360171380051861667e-01 1.646702209115123716e-01 1.033821893689703536e-01 1.314925675214524414e-01 1.451012618114820296e-01 1.449652405479388007e-01 1.282351714961310896e-01 1.404915329778406163e-01 1.426117996106975316e-01 1.097295635888603377e-01 1.482820572622923494e-01 1.288244812650647664e-01 1.468387277278791758e-01 1.416683708240174810e-01 1.351819888720206253e-01 1.414579307292111454e-01 1.174811333555883242e-01 1.284681820536126007e-01 7.488418233034671578e-02 1.314383498027939245e-01 1.465211628751576511e-01 1.472382158101994132e-01 1.491788526241876189e-01 1.270632399360922815e-01 1.463707136805272313e-01 1.469725824709330608e-01 1.484856445537816594e-01 1.353730609699185794e-01 1.457516191638690006e-01 1.292675981140667396e-01 1.373343352794611782e-01 1.449969366473519428e-01 1.365112333016257062e-01 1.406771977332270662e-01 1.378451008463217053e-01 1.435294925433640012e-01 1.157251427930953008e-01 1.335216822107228030e-01 1.385363625214521277e-01 1.350017383651589686e-01 1.345327233561192937e-01 1.454274873362884912e-01 1.466263007733953350e-01 1.499454749116012342e-01 1.484055275480221092e-01 1.478506557854314396e-01 1.547536894084280412e-01 1.520494182730844634e-01 1.529863031168000043e-01 1.442540932693097411e-01 1.575217034315032349e-01 1.355147751778069121e-01 1.372976878444650273e-01 1.312925175731133876e-01 1.436609940751452097e-01 1.394574421660299823e-01 1.382551693668362391e-01 1.419687373532362296e-01 1.391797015214834565e-01 1.322138545727624681e-01 1.397439030391100789e-01 1.375380749127346480e-01 1.381389700650036134e-01 1.172869226523760439e-01 1.156009736355724099e-01 1.304598595730672717e-01 1.293470543531571038e-01 1.224403603522297296e-01 1.209556406217636992e-01 1.300824918746981695e-01 1.321728873227657197e-01 1.189588361702738212e-01 1.239347533338452656e-01 1.322797225246480080e-01 1.411711335599415973e-01 1.343037428886483253e-01 1.377624269659889489e-01 1.382735059665531341e-01 1.390047449685815339e-01 1.339997247143094872e-01 1.309501857666822144e-01 1.395372308354474733e-01 1.292890777647286438e-01
1.118411810976562525e-02 7.415447490389726060e-02 1.000000000000000000e+00 3.223813658805576576e-01 2.278444659163707531e-01 2.566814412012414781e-01 3.226596966234162034e-01 2.983303420807822959e-01 3.503663263141106321e-01 3.343957964884539114e-01 3.675953719149172017e-01 4.020014769524236087e-01 3.754843177172746960e-01 3.910522939223535221e-01 3.817495904486547520e-01 3.796355448306736879e-01 3.479058397984607920e-01 3.452796428983439525e-01 3.659001892843790626e-01 2.784960205634805508e-01 2.935314784964717094e-01 3.297180362986634194e-01 3.358518133674704975e-01 3.179553716886392434e-01 3.275998823149652850e-01 3.652552864839931912e-01 3.751143235448899937e-01 3.555735302084649385e-01 3.242108604842592889e-01 3.522198895547383191e-01 3.674669167213896470e-01 3.870534110864259913e-01 3.552393478394485493e-01 3.767942400355089316e-01 3.762603501253365956e-01 3.732034283570424549e-01 3.980216119456178592e-01 3.657024816217679941e-01 3.847623136556454493e-01 3.563161986267004977e-01 3.994560446220464800e-01 3.899489730316579861e-01 3.784685223967096945e-01 3.863162737230029231e-01 4.012324438036475871e-01 3.911360263731029074e-01 3.971329501510237892e-01 4.046391757938091471e-01 3.915645438395048417e-01 3.758761342725710497e-01 3.846125727691405705e-01 3.708743107780216874e-01 3.868919131069462614e-01 3.939986720858890679e-01 3.900676183814025810e-01 3.946448872225118421e-01 3.814434398180619468e-01 4.004689637920501033e-01 3.916723895086817731e-01 3.972815236766116809e-01 3.956759565640297072e-01 3.913076042064150273e-01 3.906012695962080006e-01 3.936046258206898907e-01 3.980883339399186038e-01 3.970290790745116816e-01 4.112270289213517671e-01 4.047915233208634334e-01 4.060281508481549118e-01 3.961973624321499243e-01 3.992168000931282656e-01 4.053960541464370348e-01 3.955663999004147557e-01 3.954471966494939039e-01 4.005327914936378519e-01 3.989024305690963557e-01 3.925083270391086510e-01 3.919291629371339791e-01 3.934089853306266260e-01 3.974367106135168748e-01 4.069258817641052683e-01 4.018896241394137592e-01 4.033769514078991980e-01 3.987475368754184735e-01 3.993205479864597729e-01 4.050045600734988871e-01 4.106662245669134848e-01 3.984097316931277111e-01 3.996444444893337833e-01 4.054375961158431796e-01 3.948677594478606223e-01 4.011610575448734672e-01 4.043041218201574583e-01 4.000628467226445273e-01 4.032820942445209389e-01 4.056375250041810432e-01 3.956728178314693478e-01 3.972742097743466316e-01 4.045658931563594907e-01 4.008683709806748485e-01 4.038171937666050204e-01 3.996512864212975469e-01 4.009499147043645295e-01 4.056706629468666003e-01 4.082736780248094055e-01 3.991408302466353253e-01 4.035787066815186286e-01 4.035304033032004467e-01 4.060288014951017876e-01 4.027553273632837327e-01 3.977127895695662940e-01 4.034906802019362360e-01 4.014921497735436384e-01 4.051114097883179999e-01 4.059115529988622795e-01 4.021041257814620407e-01
7.780795288451113068e-02 2.718113053123332942e-02 3.223813658805576576e-01 1.000000000000000000e+00 3.609268121635664794e-01 3.482105495432267772e-01 5.882237695748487871e-01 5.923597316631281640e-01 5.860542348899901999e-01 5.055298632692800664e-01 6.125436243244032353e-01 6.687224044956109337e-01 5.716281881462245140e-01 5.604244375193098149e-01 6.207781266734101466e-01 6.350323291058024289e-01 5.791775227963893435e-01 5.796378522342260364e-01 5.597171700732959110e-01 5.835831541432320302e-01 6.356430286139175267e-01 6.137459604286549242e-01 5.746141332231705645e-01 5.380196644459132038e-01 5.205510050299142488e-01 6.031536166836906077e-01 6.144253116945797011e-01 6.082648557477614570e-01 5.720108274170978557e-01 5.287915523806757667e-01 5.871562100998251044e-01 6.222969462540828278e-01 5.813577088914240187e-01 5.909842267443795594e-01 5.941521143973634844e-01 6.615513309582087276e-01 6.370527027760656269e-01 6.124383973880285215e-01 6.307810707449003074e-01 6.354821670542876166e-01 6.198895151059258257e-01 6.116261197123283866e-01 6.679784249945740493e-01 6.348241629453756918e-01 6.441806956286499908e-01 6.044379097128174116e-01 6.137298517658932306e-01 6.197573646886458398e-01 6.290737801075801938e-01 6.443452830381538599e-01 6.551079468329995548e-01 6.848030894144060410e-01 6.560992324987920954e-01 6.152112138125910290e-01 6.271264728234472452e-01 6.243065785283136160e-01 6.536714364220796991e-01 6.172116128491189624e-01 6.192336766704807927e-01 6.267640764340312032e-01 6.534267087485285952e-01 6.290059420170706073e-01 6.526314528775655210e-01 6.500461620422745002e-01 6.316267503266305150e-01 6.497935698710227692e-01 6.134128519106326616e-01 6.197208946001524499e-01 6.258729591424041505e-01 6.555343364102624859e-01 6.436105895393846588e-01 6.248848845405141628e-01 6.300548438109623284e-01 6.148930746845409079e-01 6.202782185768471734e-01 6.166433324451772169e-01 6.159780971702482066e-01 6.168822271804178525e-01 6.130951781927288513e-01 5.974767838211001436e-01 6.182159078383253625e-01 6.141357963716201906e-01 6.367297038916978069e-01 6.029091526664649425e-01 6.297029890524132867e-01 6.244628507429049735e-01 6.330079458214041832e-01 6.224049709652564877e-01 6.252284189554729865e-01 6.320937202481738959e-01 6.213830263343395055e-01 6.218711597170980543e-01 6.385613502529513541e-01 6.233926043421126328e-01 6.132635579708488605e-01 6.160344535882451567e-01 6.412381754381065724e-01 6.524216573748971015e-01 6.368403925510867092e-01 6.364962680772503489e-01 6.486027831413977429e-01 6.434467020402580006e-01 6.383744256140719830e-01 6.337293038783101684e-01 6.546180429610726215e-01 6.417851538743863937e-01 6.259658626515367530e-01 6.086860893908485615e-01 6.258892536427258513e-01 6.201043449466508983e-01 6.246783976015327644e-01 6.243543988039931270e-01 6.305268160123072008e-01 6.370782795224313455e-01 6.284383355614002742e-01 6.392735939007124779e-01
-4.224932680689222342e-02 6.460804415670531875e-02 2.278444659163707531e-01 3.609268121635664794e-01 1.000000000000000000e+00 3.415363845584661329e-01 4.866200961255882640e-01 4.429719373238442115e-01 4.531209395195139322e-01 4.440802606190371038e-01 4.636925163318610377e-01 5.151164197438793391e-01 4.953202333385243183e-01 4.898648721112296989e-01 5.478666178631910189e-01 5.286768134476812486e-01 4.515990666303781320e-01 3.931075995451032701e-01 3.956856936897312771e-01 4.233740087049346901e-01 3.994928153347081512e-01 3.867955467495842736e-01 3.952903883509725214e-01 3.536585057411484878e-01 3.442240528346833806e-01 4.597261544753509233e-01 4.696354513688540955e-01 4.705095776534287677e-01 4.148017294500969676e-01 4.090687093989047174e-01 4.514867579169334344e-01 4.832057348833166954e-01 4.438157395882821876e-01 4.577902273687529666e-01 4.618690003156177837e-01 4.774866326366012936e-01 4.835024308708884555e-01 4.839871286860601418e-01 4.912571846422364996e-01 4.637304261968009933e-01 5.262462259839558731e-01 5.216921763312156735e-01 4.992809036878551043e-01 5.180140554926380148e-01 5.043652052149888432e-01 5.050703395766964476e-01 5.307919692523969113e-01 5.327813072506841774e-01 5.196488015944963346e-01 5.128444948543040560e-01 5.162213795499861479e-01 5.163207602993241663e-01 5.249910229300261966e-01 5.260225054446076021e-01 5.174579245813477613e-01 5.081757674061567753e-01 5.081924492110536651e-01 5.354369979797064527e-01 5.203366937691642491e-01 5.295342055764254985e-01 5.327994335078879429e-01 5.201985725020075169e-01 5.278259130786600029e-01 5.262014693434494683e-01 5.160952891727187408e-01 5.274758047371430614e-01 5.314066280722519187e-01 5.204345670624556108e-01 5.239666799188904545e-01 5.424232231502040813e-01 5.129394825259759871e-01 5.103148332577267521e-01 5.079286528239406184e-01 4.848380090908433471e-01 5.236219149483005708e-01 5.231948555081944452e-01 5.125050427869642933e-01 5.085794406699744030e-01 5.050877816866575776e-01 5.070410884186745681e-01 5.111114273990388090e-01 5.149548867132287544e-01 5.181670516247639524e-01 5.082199643226634755e-01 5.240767558017902505e-01 5.190386095419593504e-01 5.215336089489883697e-01 5.246468978606553257e-01 5.235029940859160513e-01 5.223203839088351730e-01 5.167188800175300800e-01 5.315430868838220135e-01 5.305374668573867858e-01 5.260937790701928352e-01 5.359908787223294224e-01 5.342406582625156553e-01 5.339275376707395271e-01 5.418200009519608118e-01 5.410524938867183886e-01 5.374520113255099041e-01 5.357780440795073540e-01 5.360050900327206769e-01 5.413794809884047154e-01 5.380372607376074923e-01 5.411371063237540024e-01 5.333130772118591656e-01 5.372878926671739164e-01 5.325638492956651371e-01 5.334495211644122437e-01 5.354059109742494993e-01 5.299034419497049564e-01 5.359508785442120837e-01 5.324030937000971964e-01 5.377915148120731015e-01 5.289258386526916045e-01 5.376928889672982770e-01
-4.420544707621047731e-02 3.381464276863082458e-02 2.566814412012414781e-01 3.482105495432267772e-01 3.415363845584661329e-01 1.000000000000000000e+00 4.832843337675726825e-01 4.140863864910919179e-01 4.830858455234616211e-01 4.710482530052911287e-01 5.109846983157810829e-01 5.428766816088901326e-01 5.214559077070064497e-01 5.392603539632744303e-01 5.610907270761216203e-01 5.329444766901549890e-01 4.878771357991925628e-01 4.438881799847131382e-01 4.544025403931727936e-01 3.716945191461774045e-01 3.763457736661913189e-01 4.212998096811054749e-01 4.215479388042899234e-01 3.927984394808288759e-01 3.977738152143182604e-01 4.996152055886051713e-01 5.139707491978363629e-01 5.075547069236151509e-01 4.438594489436577528e-01 4.571967065902580174e-01 5.000333720473492116e-01 5.288065043804970333e-01 5.030852346112079099e-01 5.041479174014676934e-01 5.025695519749223683e-01 4.946291922627109039e-01 5.160054645595794076e-01 5.319958255924436274e-01 5.303063129815356325e-01 5.039703796424975790e-01 5.733368052913347945e-01 5.606492953814392610e-01 5.134905270877351269e-01 5.590756458148908870e-01 5.480910660845715876e-01 5.529358807352334759e-01 5.745691667056094243e-01 5.774364227357821067e-01 5.582354235439439538e-01 5.254242120569606600e-01 5.432269031724313857e-01 5.160918060025354581e-01 5.576491814710421435e-01 5.701508975370377375e-01 5.563625353453184319e-01 5.514296489360418496e-01 5.369610959129067496e-01 5.705275741230714237e-01 5.605205275751266036e-01 5.724517806677753562e-01 5.587292686720732870e-01 5.616656618145103863e-01 5.461034267323440217e-01 5.555607423097189690e-01 5.659023979775884561e-01 5.654471413243450373e-01 5.805267805990017571e-01 5.707887128133580790e-01 5.628282550172175602e-01 5.601603642213562884e-01 5.535177793753324194e-01 5.635421504087768652e-01 5.489318832247739310e-01 5.347839304683270623e-01 5.693464137423951410e-01 5.722086330020597078e-01 5.615703301955795590e-01 5.516473381671106457e-01 5.503197316290698859e-01 5.565226488452370557e-01 5.634446373349777382e-01 5.638934337460685953e-01 5.643373204755074424e-01 5.656058454539022451e-01 5.571966998579023223e-01 5.626045684764666710e-01 5.725221320974426265e-01 5.654336970833669929e-01 5.693253631650303515e-01 5.642382320899261838e-01 5.674336337974674738e-01 5.752876183978422597e-01 5.681340015356561857e-01 5.738140638748951972e-01 5.790606101956963236e-01 5.820339839413903871e-01 5.533366510867507859e-01 5.567909254303795574e-01 5.722321025095706837e-01 5.670211277026112606e-01 5.662139563646684248e-01 5.631762820124089908e-01 5.730231799296083839e-01 5.759262394668741569e-01 5.697829264416003348e-01 5.619481383143452025e-01 5.718892639704479253e-01 5.803007939547182303e-01 5.720116695663499673e-01 5.759171622344182451e-01 5.706252426185784987e-01 5.802796077839068589e-01 5.735079109140724940e-01 5.736000192399844932e-01 5.768824691088505485e-01 5.750426628536156048e-01
2.615529192335823080e-02 1.067882822848953833e-01 3.226596966234162034e-01 5.882237695748487871e-01 4.866200961255882640e-01 4.832843337675726825e-01 1.000000000000000000e+00 7.231433063765158042e-01 7.192831564762882657e-01 6.542929631382882194e-01 7.460937205083030266e-01 7.920765122993321805e-01 7.248580891105484980e-01 7.003190572393922508e-01 8.361293239517372244e-01 7.885736999639190170e-01 7.082116930956757761e-01 6.478796183496537964e-01 6.398600098315037066e-01 6.495637262883373619e-01 6.874533962022912892e-01 6.717335142695933792e-01 6.440644162182413979e-01 5.815183747457081109e-01 5.746317638423943386e-01 7.626917768625645078e-01 7.689053678860641172e-01 7.576219443655323182e-01 6.965045694581637470e-01 6.424176580363402111e-01 7.263796288988256800e-01 7.660248157749660614e-01 7.312664058324528371e-01 7.203169172523923303e-01 7.391960270137009070e-01 7.627863109439155798e-01 7.383933999628636835e-01 7.929837537257217184e-01 7.787915687008228893e-01 7.731542928570854789e-01 7.909251084550513733e-01 7.914464435256873820e-01 7.749895744490395977e-01 7.987432586776825882e-01 7.837581447839195858e-01 7.795090174377103942e-01 7.926509834346074923e-01 7.926071252770934272e-01 8.001730345924934484e-01 7.992098447740680900e-01 8.062437128564481359e-01 7.780521461822883511e-01 8.073958422139180247e-01 7.842754138295986444e-01 7.868847378590656527e-01 7.974578354061944152e-01 7.988025639002199751e-01 7.885335639215900194e-01 7.933826820722756912e-01 7.974105119467383984e-01 8.056950374742383181e-01 7.974693426458738799e-01 8.020180527921553226e-01 8.083411808473431881e-01 7.884091740459394648e-01 8.006517146460180312e-01 7.869014914832771490e-01 7.789006894403605052e-01 7.798200496791586334e-01 8.103299076030713310e-01 7.869581372894488558e-01 7.737577645129640747e-01 7.665406064301608646e-01 7.351031174070316032e-01 7.993438305503498542e-01 7.949310995182699013e-01 7.903771172604083795e-01 7.825896185768566049e-01 7.783153547922401216e-01 7.616905732514228644e-01 7.815211496410744418e-01 7.812376948416244193e-01 7.968399207339650347e-01 7.800212955211038857e-01 7.986823489118357600e-01 7.844971633961014268e-01 7.903476489817968798e-01 8.017605742050246675e-01 7.966124778113266025e-01 7.961851825011794226e-01 7.930863456601506822e-01 8.001300717310303456e-01 7.994554274260703419e-01 7.967904887817979231e-01 7.927045218195745147e-01 7.937154275061399922e-01 8.107497945578024945e-01 8.112294668980120083e-01 8.068835216455267911e-01 8.080850794887278754e-01 8.009682604928577421e-01 8.092403538326736756e-01 8.036533660300041459e-01 8.046049914862093422e-01 8.059243621657691259e-01 8.038158423429084820e-01 8.024695704884393654e-01 7.908701348555263744e-01 7.959111831486699318e-01 7.986226094078892057e-01 7.981808279089868119e-01 7.987070425177433819e-01 8.030301002299981006e-01 8.067523005618517651e-01 7.965260211456060002e-01 8.010908355099437550e-01
6.006297518956529857e-02 6.676434270430992024e-02 2.983303420807822959e-01 5.923597316631281640e-01 4.429719373238442115e-01 4.140863864910919179e-01 7.231433063765158042e-01 1.000000000000000000e+00 6.929955067571318406e-01 6.078235530595326175e-01 7.187643601920337133e-01 7.566525874846611321e-01 6.696392252898477615e-01 6.549536238165076796e-01 7.697118143030007298e-01 7.657460794175587893e-01 6.736746468187247983e-01 6.628274628390706802e-01 6.408612393567149068e-01 6.537040347839194743e-01 7.163502964028759523e-01 6.965517710799289386e-01 6.636054487179788852e-01 6.339431450151713499e-01 6.005802795602659394e-01 7.271290331453117428e-01 7.383566773210932244e-01 7.260401888812678672e-01 6.868407953128256027e-01 6.329963006874979037e-01 7.009481600322025052e-01 7.365854550671294687e-01 6.941391463715337329e-01 7.106525222942935427e-01 7.099966788877395407e-01 7.403491605308484269e-01 7.215667907408984671e-01 7.584186365084759629e-01 7.477521944982676860e-01 7.496792256364714913e-01 7.431597080096337127e-01 7.471170055642365471e-01 7.666417284581177327e-01 7.602695054607822023e-01 7.556055204201619357e-01 7.322622110369579884e-01 7.458005052727577633e-01 7.466425246483862077e-01 7.648385210245117749e-01 7.758098227835912297e-01 7.872592026769542617e-01 7.593037101030081226e-01 7.684637141477340672e-01 7.374109067710513665e-01 7.523481599545697174e-01 7.587033120281778675e-01 7.771040774835843434e-01 7.482190609564922656e-01 7.607530596152000113e-01 7.508466078432154411e-01 7.773510535255655496e-01 7.609855428723840687e-01 7.774651051289097614e-01 7.746094266670278117e-01 7.446963707766016682e-01 7.638374621917306539e-01 7.363124732954546836e-01 7.407468095586090540e-01 7.457044320039741825e-01 7.744401968728256147e-01 7.602044627692464696e-01 7.396449905332406205e-01 7.484680286677303229e-01 7.206973940248747601e-01 7.483631045737920706e-01 7.487718468087525281e-01 7.448013280613684506e-01 7.402789869135336653e-01 7.412484688300584601e-01 7.203010736277549730e-01 7.343209618627147828e-01 7.369813638563064151e-01 7.580106230708992809e-01 7.291807645116806791e-01 7.625830061939509186e-01 7.488289100343904492e-01 7.421271520948667932e-01 7.627809558350568953e-01 7.532636188725848614e-01 7.577076815822609834e-01 7.479466167588870729e-01 7.552281333943070551e-01 7.587459900927635559e-01 7.511729345567937921e-01 7.437059344073539968e-01 7.441970237095621998e-01 7.773438844205904363e-01 7.726793676479670747e-01 7.643856701886687643e-01 7.701414026203411423e-01 7.658006322802034527e-01 7.763446117952939041e-01 7.583439697106350019e-01 7.627864564962625327e-01 7.641296211262408322e-01 7.707700093142223485e-01 7.584796374212930958e-01 7.375992693453898852e-01 7.521825251937810375e-01 7.567587347278242893e-01 7.603442438289058636e-01 7.517478755321399531e-01 7.615779578954818829e-01 7.630360314581798864e-01 7.446791138683019895e-01 7.564676577441828975e-01
1.147102374668586000e-01 1.488684708376885601e-01 3.503663263141106321e-01 5.860542348899901999e-01 4.531209395195139322e-01 4.830858455234616211e-01 7.192831564762882657e-01 6.929955067571318406e-01 1.000000000000000000e+00 7.536366438279055169e-01 8.054610300009846791e-01 8.329291195386684388e-01 7.666422612323084973e-01 7.627250882706811952e-01 8.409222325193018710e-01 8.361813392965893321e-01 7.944986891533967199e-01 7.538131331707955685e-01 7.593157929141015616e-01 6.146434189306823059e-01 7.033274905170300295e-01 7.731011341664438818e-01 7.527589776749370465e-01 6.962684951930745436e-01 7.030853116290513016e-01 8.344490734035578949e-01 8.362536971810297093e-01 8.364739959323843621e-01 8.083781651704201598e-01 7.958799675105179272e-01 8.388830100030334469e-01 8.380682612420604638e-01 8.103792270955141319e-01 7.946886738058559496e-01 8.296671764600177523e-01 7.967027186527916305e-01 8.278172102994088011e-01 8.415494924471417226e-01 8.551608099761166537e-01 8.066175075436987640e-01 8.594602337479210208e-01 8.605898079625801111e-01 8.323558584249307613e-01 8.703470762108233005e-01 8.542407420018064412e-01 8.601502752310911104e-01 8.649671466410824294e-01 8.710268335462257872e-01 8.697974021025977054e-01 8.359546420884118589e-01 8.631924564275135214e-01 8.142856760994271470e-01 8.649991239053276271e-01 8.756561563602479614e-01 8.770284493873599097e-01 8.734548090905063233e-01 8.642706842744558582e-01 8.672360675905552707e-01 8.715934811641549151e-01 8.789789904526147390e-01 8.750883305898257136e-01 8.764222787411996007e-01 8.668358787586974978e-01 8.730201860927611079e-01 8.742602580313446614e-01 8.778610902823624773e-01 8.669940333770347340e-01 8.634691769262126115e-01 8.621511197500186796e-01 8.612470541690306902e-01 8.656520831405782879e-01 8.645485078045240801e-01 8.511745109639818896e-01 8.430921263842083846e-01 8.709167855756708709e-01 8.717512225265059422e-01 8.679896183513640118e-01 8.681943149084566658e-01 8.662240211938425638e-01 8.668825483650430819e-01 8.692533543573400800e-01 8.723637297609884156e-01 8.703854271538369325e-01 8.641276116435447907e-01 8.557812768519232893e-01 8.575950382694633722e-01 8.595931933999778618e-01 8.658486402096373657e-01 8.672321083132169539e-01 8.665113500389232115e-01 8.587276225742686009e-01 8.688652402753705983e-01 8.682737110679102921e-01 8.708034291988041575e-01 8.663590344929028575e-01 8.677104545689998671e-01 8.540738178539006853e-01 8.617340486619610163e-01 8.662912694355320298e-01 8.644442409633578128e-01 8.633104267606513949e-01 8.658847331476489106e-01 8.680901572047640125e-01 8.702673440702528573e-01 8.656369135010556493e-01 8.652185644487772054e-01 8.689829526066193965e-01 8.675035157464840996e-01 8.694344097819605155e-01 8.704685340733328003e-01 8.689035102792552756e-01 8.725406400334714263e-01 8.715835872742080381e-01 8.715254401160776876e-01 8.716547456921873716e-01 8.738175539463033381e-01
5.299336940263334184e-02 1.539317809376918034e-01 3.343957964884539114e-01 5.055298632692800664e-01 4.440802606190371038e-01 4.710482530052911287e-01 6.542929631382882194e-01 6.078235530595326175e-01 7.536366438279055169e-01 1.000000000000000000e+00 7.308329116298982742e-01 7.645637077644386048e-01 7.191929703972154142e-01 7.174843481246061527e-01 7.830784147454842303e-01 7.690657081730331024e-01 7.343422106593882059e-01 6.865548791478711665e-01 6.921028769747086251e-01 5.332728857100550446e-01 6.025415625703540723e-01 6.884067270048590537e-01 6.694967847830791685e-01 6.322325826236167012e-01 6.446404948003097157e-01 7.635264518466715611e-01 7.660656976530418882e-01 7.678291834553063744e-01 7.261132402889606263e-01 7.325890928647252887e-01 7.701453724455054051e-01 7.729919965672421567e-01 7.350001338152445385e-01 7.370008097216308451e-01 7.560528500300567334e-01 7.137328180267026312e-01 7.460770332100477020e-01 7.812815527794653159e-01 7.792734320252382441e-01 7.246006263567157379e-01 8.053044602877911240e-01 8.032293976266221547e-01 7.452069706283694916e-01 7.995454417695904148e-01 7.839578241082496568e-01 7.964426564356943405e-01 8.125311496597290573e-01 8.150106173908415741e-01 8.092587237211713580e-01 7.696964508790076209e-01 7.898122055910185013e-01 7.286023971090482831e-01 7.938889351740976430e-01 8.161608670256111919e-01 8.104450869470816166e-01 8.046006439199374638e-01 7.866659257128886251e-01 8.105444378117566684e-01 8.148670487093869763e-01 8.162232858128014579e-01 8.060812032582097553e-01 8.128702842399644357e-01 7.958763503038179810e-01 8.030474610030906568e-01 8.095336314535510613e-01 8.038400693258364038e-01 8.149718452321519369e-01 8.066411929008108217e-01 8.004320411230142485e-01 7.915640190550685684e-01 7.997679392606469317e-01 8.075528945884883347e-01 7.860070061230512994e-01 7.851345306993577911e-01 8.136171236841981402e-01 8.121660195828234174e-01 8.075604514854949345e-01 8.055691999633447509e-01 8.038156078790926751e-01 8.116000260757678664e-01 8.087401971926316824e-01 8.129086215997386455e-01 8.037642837735029522e-01 8.076464196484445246e-01 7.925240020003798680e-01 7.954773714517409111e-01 7.971588203787928206e-01 8.064566450247434570e-01 8.081065545725989452e-01 8.027184755110829961e-01 7.968848434873354591e-01 8.100125991969497896e-01 8.035660348526582064e-01 8.105317675016039392e-01 8.128812456701939304e-01 8.139534384680178203e-01 7.854421537582397805e-01 7.923487599687315530e-01 8.059947461173734284e-01 8.010456046596585722e-01 7.952739904608845389e-01 8.004422377176485526e-01 8.065323408273371575e-01 8.110373722739533386e-01 7.992234574058284524e-01 7.993386509679352159e-01 8.095115904475227442e-01 8.149402677786394822e-01 8.096929798369781883e-01 8.140036659954763554e-01 8.097197594997613823e-01 8.141013567455904765e-01 8.112407963846890446e-01 8.090731139390255899e-01 8.116699391024007060e-01 8.097210755618806655e-01
3.777126798523532808e-02 1.224573654068621675e-01 3.675953719149172017e-01 6.125436243244032353e-01 4.636925163318610377e-01 5.109846983157810829e-01 7.460937205083030266e-01 7.187643601920337133e-01 8.054610300009846791e-01 7.308329116298982742e-01 1.000000000000000000e+00 8.758028044925739719e-01 7.903749932620357521e-01 8.008789534616315153e-01 8.750332407292636949e-01 8.617811484926888310e-01 8.058156382829378961e-01 7.931067895297925219e-01 7.951684392692868197e-01 6.343343023193067642e-01 7.368053893964814360e-01 8.022232678123227823e-01 7.779572011582380764e-01 7.434873767166803038e-01 7.554963555326605906e-01 8.619667782516079457e-01 8.591993117078984277e-01 8.631407424650758831e-01 8.241261441170459889e-01 8.117603418698345896e-01 8.685619029476215891e-01 8.695958211035156316e-01 8.384627622347137210e-01 8.286247514598268360e-01 8.515639901437712656e-01 8.292279567709055499e-01 8.655307522806698906e-01 8.801858837745372144e-01 8.868925284454899360e-01 8.505387900089302899e-01 8.948228293434173919e-01 8.934772586863660715e-01 8.692275197868717385e-01 9.041235095371170649e-01 8.924238176036636272e-01 8.896162668974780807e-01 8.945334781961626902e-01 8.962080345029894701e-01 8.905460909630862343e-01 8.693415235998545043e-01 8.928812092961442293e-01 8.487936420561635886e-01 8.928916380809063247e-01 8.918157092865299784e-01 8.965438084312048472e-01 8.978496206393636880e-01 8.773496544959026311e-01 8.944608743386029959e-01 8.958133585454699510e-01 8.992133943495417281e-01 9.002538082454139001e-01 8.968628638495265148e-01 8.903760567039641360e-01 8.972088785403510292e-01 8.929505483613143779e-01 8.968998116398966269e-01 8.911924897281467972e-01 8.991617042727207965e-01 8.959853760133548173e-01 8.900622234281261314e-01 9.029020708842350196e-01 8.987940747194798075e-01 8.875087803967555145e-01 8.867228768680913698e-01 9.051717254510636135e-01 9.040949932764443808e-01 9.014550631263386071e-01 8.977274125606835575e-01 8.983779814514014639e-01 8.913185893075817878e-01 9.007050017797282315e-01 9.016108002477173367e-01 8.998399403785292128e-01 8.953959608679989968e-01 8.969326330565997596e-01 8.944391781782233819e-01 8.978021136081795195e-01 9.036300792412180760e-01 9.023773579586742422e-01 9.037364752730259188e-01 8.981096118450963006e-01 9.032755446054898663e-01 9.053146650209209501e-01 9.049108691695071371e-01 8.977556533574945208e-01 8.980840422295425229e-01 8.962334119623566187e-01 8.889428399724101926e-01 9.005439522883513792e-01 9.042043176647659442e-01 9.005723188668179890e-01 8.982650049898734945e-01 9.008861329308400778e-01 9.048004368384521268e-01 9.014782206847646862e-01 8.925044231570056219e-01 8.995312849068679562e-01 8.961367480308326527e-01 9.015672600237398804e-01 9.011320193355909502e-01 9.021830566208457469e-01 9.005085561025089058e-01 9.016141195006226461e-01 9.011779802381895133e-01 8.976455358160397857e-01 9.002573890433080983e-01
2.479397714596293101e-02 1.221048602546621203e-01 4.020014769524236087e-01 6.687224044956109337e-01 5.151164197438793391e-01 5.428766816088901326e-01 7.920765122993321805e-01 7.566525874846611321e-01 8.329291195386684388e-01 7.645637077644386048e-01 8.758028044925739719e-01 1.000000000000000000e+00 8.398948665571397409e-01 8.416739640480424001e-01 9.199786072334582565e-01 9.127798378401913437e-01 8.313963874595470260e-01 8.019579563006330458e-01 7.984930504763426695e-01 7.093156146388154282e-01 7.843519279613131445e-01 8.152022036873245447e-01 7.878494825362516440e-01 7.420782171726931775e-01 7.348806677560405509e-01 8.661169258097310975e-01 8.861353154538380572e-01 8.757535192544267932e-01 8.175899114859170869e-01 8.065236260914797617e-01 8.712367717616662510e-01 9.008638811758780118e-01 8.540235734794743294e-01 8.590210626282239748e-01 8.776828804815899332e-01 8.781808397567696378e-01 8.928362754100001020e-01 9.045105213301350977e-01 9.125967412369153653e-01 8.728677085621654452e-01 9.266282338205125146e-01 9.209395486957474564e-01 9.117408524442308648e-01 9.363165655803612486e-01 9.222164095226522695e-01 9.122023019977408831e-01 9.337361561715247227e-01 9.360517410057802579e-01 9.363300515980126359e-01 9.179469399674333729e-01 9.380090104646013893e-01 9.061949706835996654e-01 9.350695732743797839e-01 9.326745581864732682e-01 9.322209866555831725e-01 9.225795300031230939e-01 9.321040120138818219e-01 9.334240469760025638e-01 9.327912654215729793e-01 9.403365003010276668e-01 9.477948817764857425e-01 9.386047964242338892e-01 9.405252605610192607e-01 9.441007204808957720e-01 9.335410012904667987e-01 9.444673136239472022e-01 9.330574603916916843e-01 9.308735937367027535e-01 9.309995099347629921e-01 9.419593402453286801e-01 9.363215471771957343e-01 9.286017201882161842e-01 9.224007270785702373e-01 9.050046018586931362e-01 9.315061865134931507e-01 9.333618783834473076e-01 9.256025331497199637e-01 9.228200527795067387e-01 9.200823207317859742e-01 9.155196735032476996e-01 9.277676507633655367e-01 9.270780973867286390e-01 9.348194287658322388e-01 9.247391097622855716e-01 9.304609521345800216e-01 9.290593356837418826e-01 9.334920435123408300e-01 9.321677064773301602e-01 9.349582535020438678e-01 9.343276225801768753e-01 9.263648220798493815e-01 9.373053660487057348e-01 9.396154264644395182e-01 9.377583314468144193e-01 9.357590478515874777e-01 9.371603550831545393e-01 9.326581529247737201e-01 9.362778428596174596e-01 9.419780546787570596e-01 9.406898925759239471e-01 9.416642047485698219e-01 9.421496417227459563e-01 9.418401859518678032e-01 9.437456277574809427e-01 9.441993812972745426e-01 9.396151084844819312e-01 9.387173669216235528e-01 9.328428711704798149e-01 9.375690846236467424e-01 9.394724298660378503e-01 9.366050764478579538e-01 9.414061588209884368e-01 9.414995808835328051e-01 9.438370135283392637e-01 9.380684058865366159e-01 9.439573876408736686e-01
1.676942121823867568e-04 1.123913461589924889e-01 3.754843177172746960e-01 5.716281881462245140e-01 4.953202333385243183e-01 5.214559077070064497e-01 7.248580891105484980e-01 6.696392252898477615e-01 7.666422612323084973e-01 7.191929703972154142e-01 7.903749932620357521e-01 8.398948665571397409e-01 1.000000000000000000e+00 7.953495253780166196e-01 8.600933314513907746e-01 8.551312298792922428e-01 7.690343120770009033e-01 7.230699814728788200e-01 7.327496626121903223e-01 6.175619505747502735e-01 6.629895228409192764e-01 7.197121882553816352e-01 7.180203267435383285e-01 6.708664543709259576e-01 6.744829617154667334e-01 7.929424253737216155e-01 8.086714365552285511e-01 7.984258479960977262e-01 7.445206281207692456e-01 7.545813402515008095e-01 8.021836563151631960e-01 8.174842250478484562e-01 7.665516406241597025e-01 7.854314115998132229e-01 7.979122269142218116e-01 7.819744032957108848e-01 8.170509962659652237e-01 8.194552511410406748e-01 8.395317113466834735e-01 7.823062284481955286e-01 8.659934695945946670e-01 8.584134531251649269e-01 8.240829200544019795e-01 8.618710905850336390e-01 8.529806088855234059e-01 8.519225493674211780e-01 8.783931174875763137e-01 8.793576637638438331e-01 8.655602062984265599e-01 8.308386413964975459e-01 8.533857929629908856e-01 8.213688448308205103e-01 8.605956456446020031e-01 8.749354777138791395e-01 8.679148448123055193e-01 8.583737087556460033e-01 8.469696635317305322e-01 8.763116584502916862e-01 8.699358455557767433e-01 8.780922072112923304e-01 8.773224784525274211e-01 8.691403086130641276e-01 8.651854273760399838e-01 8.690603300965836775e-01 8.651686867994378138e-01 8.743836906304053302e-01 8.817169161822411283e-01 8.771783460967073065e-01 8.711031081219376970e-01 8.729608954457100944e-01 8.661806263174036680e-01 8.712066169373738900e-01 8.552200499286016777e-01 8.479874566447801465e-01 8.755600993034676760e-01 8.749308284074732711e-01 8.673086160118227417e-01 8.603620276636106956e-01 8.630817948976130527e-01 8.662107262794627172e-01 8.666892975518359910e-01 8.685960134284953504e-01 8.722481782576567699e-01 8.647999705309160623e-01 8.668643055221838534e-01 8.687925140411780767e-01 8.714271810850482414e-01 8.749872879814424298e-01 8.753238506219466197e-01 8.767913964564181262e-01 8.630503114169447709e-01 8.808368443001038939e-01 8.803339465912379813e-01 8.776329061332179826e-01 8.846549079310027652e-01 8.853050870736424161e-01 8.726694590356608439e-01 8.777976335794255291e-01 8.865510933338947019e-01 8.805865839879709611e-01 8.810474202519924525e-01 8.833876854710417392e-01 8.832391660051962523e-01 8.848255483345414119e-01 8.848508562561110402e-01 8.812520108112645856e-01 8.847239614160729015e-01 8.826207447291847252e-01 8.843001689763814177e-01 8.848679752544735821e-01 8.833660035623749351e-01 8.853187927392942580e-01 8.847431604024227347e-01 8.856765409753528662e-01 8.777510847641402103e-01 8.850980230596572351e-01
