1.000000000000000000e+00 1.398643548535551950e-01 1.026981531034924511e-01 4.790080451602764938e-02 6.499858588079782118e-02 2.336165572309836097e-03 1.180972439292035832e-02 2.650333341144104835e-02 1.283049685050555444e-01 7.825505463449840271e-02 2.772060198308836168e-02 2.160161330418445755e-02 4.562222569690902590e-02 -5.060452046090463049e-03 7.357152355007799682e-03 8.855175320538213879e-03 6.346274124574775855e-02 6.356735373676658529e-02 5.582518776116968118e-02 1.133499502177413576e-01 6.839804420068135160e-02 6.035833011570537754e-02 9.735147290182079305e-02 9.259011872806542642e-02 1.043948570482701316e-01 5.117546907186845684e-02 3.588522689044140040e-02 3.291976196508711316e-02 4.813518790765438510e-02 8.626892869778005069e-02 7.665879111531227752e-02 2.339557501932943220e-02 -2.832388133369300874e-04 2.674483535630550399e-02 2.517127898044460924e-02 6.334003194982349707e-05 4.771469489840677453e-02 -3.367095422865699905e-02 3.091272221097109748e-03 -3.850259829540522011e-02 1.024637127536397532e-02 -1.751186108405626204e-02 -2.165495394283981079e-02 4.601328785100689336e-03 1.176309581674602443e-02 1.903254647264839439e-04 1.246295954119376083e-02 1.988329603319869895e-02 1.194602906946360711e-02 -6.923280106404653723e-03 -2.283484643121965613e-02 -2.097683285965993433e-03 1.811779975638946535e-02 2.840113967220028041e-02 1.606925013206267350e-02 8.738655407437553868e-03 3.063352681345179671e-02 -1.415745068233265330e-03 -8.938193221951988565e-03 3.651023254327224327e-02 1.183554542308337676e-02 1.394290738532702641e-02 -3.913424512760348487e-03 1.952366729758531205e-02 3.481550053749985635e-02 3.749236080951557498e-02 1.695643093733011086e-02 1.847690912793592197e-02 3.016198944769219598e-02 4.851050711742101174e-02 1.918901210682238956e-02 2.428759708255665353e-02 3.921566558931853519e-02 4.484177871937204685e-02 1.680625153959600451e-02 2.356776898073412521e-02 1.794183438119386145e-02 2.715412265361709029e-02 4.019243414780244300e-02 4.145975452907318254e-02 3.917011886409082350e-02 3.085497411545678331e-02 2.442122523804324957e-02 1.897622564502728440e-02 2.916863077682935613e-03 1.229862082046262114e-02 1.489648738760977927e-02 -4.792439823504118096e-03 7.222633402782413330e-03 1.669769420809403063e-02 -8.307097592468526762e-03 -6.487790297856422042e-04 5.134738245343006130e-03 2.493962481436790349e-03 7.421724133684208871e-03 1.325548813006748906e-02 -7.436130273321634419e-03 2.606828318648542198e-02 1.317796522992120516e-02 -5.779224038534230617e-04 -6.849590732209192602e-03 8.088313861929381787e-03 1.089725071746762072e-02 3.555693973472931133e-03 3.580770572716413403e-03 2.205268674838356535e-02 1.853067387201496122e-02 1.654448244385852210e-02 5.464673765719351393e-03 1.185796058205049880e-02 -4.959428339491362206e-03 2.653734479769049096e-02 6.906912377898230364e-03 1.220786069847537916e-02 2.178438689910373177e-02 2.497721615555867705e-02
1.398643548535551950e-01 1.000000000000000000e+00 1.011320347895798138e-01 6.355690523855722640e-02 6.881901675480638081e-02 1.003391516994845689e-01 1.257490292059253445e-01 1.279853165442392249e-01 1.801650262001313341e-01 1.819338873320926198e-01 1.426133458393782361e-01 1.344153419281656492e-01 1.468911515856953787e-01 1.191268167823182206e-01 1.495581723959916731e-01 1.278381532124744091e-01 1.500810792786455017e-01 1.383123693061706350e-01 1.503791934533882657e-01 1.782555648291107853e-01 1.093216397832328241e-01 1.362860049881933211e-01 2.213040275843457250e-01 1.905170790889338384e-01 1.802782466528170258e-01 1.309073684418428918e-01 1.441201960134484150e-01 1.596917553840866977e-01 1.135035970121872073e-01 2.162149792330943232e-01 2.043886266446753586e-01 1.881202898511986632e-01 1.701852012665371894e-01 1.834393193216491691e-01 1.731473568580058076e-01 1.550141196277454725e-01 1.935640354998812984e-01 1.398923691341301678e-01 1.603151421267626497e-01 1.549035775772182322e-01 1.597087138047394717e-01 1.390353337709535342e-01 1.293224827306369840e-01 1.385199058559024587e-01 1.539696848771085202e-01 1.611286741460881411e-01 1.569672200475328294e-01 1.677546141433396421e-01 1.513158793524207735e-01 1.165672839592691162e-01 1.316891294335869322e-01 1.060579370907332036e-01 1.299183595912403177e-01 1.529322710979967026e-01 1.439897353503452881e-01 1.754893657420119324e-01 1.218089204122185382e-01 1.293182414993387652e-01 1.481315007401020623e-01 1.490796711221045456e-01 1.234065014874350524e-01 1.412633141903919531e-01 1.269507591178345440e-01 1.370736107472449727e-01 1.443147409654391700e-01 1.411615167029734719e-01 1.539777113946304565e-01 1.488053911841156485e-01 1.709422514841127672e-01 1.603758843703830816e-01 1.421685694419899115e-01 1.518235112474111970e-01 1.672836753697972967e-01 1.675601066664144656e-01 1.496982902687038763e-01 1.509669328779369157e-01 1.536482173345783131e-01 1.410631959122575496e-01 1.721885181830078437e-01 1.754464380574431159e-01 1.725394806527392189e-01 1.705386561741977225e-01 1.667432156829167789e-01 1.609658506873725692e-01 1.446600880567032454e-01 1.570894254916521959e-01 1.661028248607149815e-01 1.362654140437694061e-01 1.528796980071843170e-01 1.630558508014426644e-01 1.564876968168069371e-01 1.479774828472188719e-01 1.474201105033339232e-01 1.525282779870874850e-01 1.449896643413775832e-01 1.560947598733133657e-01 1.161226730123145201e-01 1.107482306879850886e-01 1.218307417421787414e-01 1.299702243968624549e-01 1.242821319301819077e-01 1.293721300587441225e-01 1.316448291234328105e-01 1.289893042579118576e-01 1.325964040736379856e-01 1.286851093247259326e-01 1.377786810587433020e-01 1.569158457322224198e-01 1.428937032173113464e-01 1.396461714549631361e-01 1.406752161551123037e-01 1.478830916288934594e-01 1.361503501718597797e-01 1.309692376919410484e-01 1.421297950566328683e-01 1.442407433365042180e-01
1.026981531034924511e-01 1.011320347895798138e-01 1.000000000000000000e+00 3.654510752676843888e-01 2.535378768190548748e-01 2.178235631010655149e-01 3.199309870847569237e-01 3.276685251035932889e-01 3.694670713366975945e-01 3.197064068376309076e-01 3.680800650047162947e-01 3.782322341668434840e-01 3.345194704081651538e-01 2.632713298734727370e-01 3.635550182537324315e-01 3.787726207299087489e-01 3.556337923833168824e-01 3.645445526947741488e-01 3.725225616102522674e-01 3.561114488393103406e-01 3.700309331411879565e-01 3.706218341516344661e-01 3.705057221474860052e-01 3.659629257074030750e-01 3.676596172113038574e-01 3.958652089414960162e-01 3.917595978795127554e-01 4.048819570079191243e-01 3.962906212834331199e-01 3.850946383944139351e-01 3.926940753919102578e-01 3.837783767411461766e-01 3.617773444735557509e-01 3.852460856234612985e-01 3.783588404962487384e-01 3.689386908740889259e-01 3.844871407997374479e-01 3.628497762449911512e-01 3.785796080483001536e-01 3.614557650799171129e-01 3.810035152469339326e-01 3.698514015190109139e-01 3.769559294348144851e-01 3.846090274339730719e-01 3.812455226906118488e-01 3.780116006781291671e-01 3.727645939510045303e-01 3.701907966845449094e-01 3.752763987597445561e-01 3.656989502339839104e-01 3.659066227748308253e-01 3.669998680551547765e-01 3.769891891929670336e-01 3.715734355913183906e-01 3.705821874819057449e-01 3.721613543330956064e-01 3.725214952950359204e-01 3.716440056872735709e-01 3.699577261792402760e-01 3.655640209525800044e-01 3.746503872086788811e-01 3.699882813355185873e-01 3.676032056030541506e-01 3.712458492873280669e-01 3.823351081342347135e-01 3.737011539579289110e-01 3.726326155102561710e-01 3.789038217201265990e-01 3.823236415097679974e-01 3.907562473129100877e-01 3.774011167984077653e-01 3.817546147552353109e-01 3.861870197554473361e-01 3.811284116500460728e-01 3.857695419862368080e-01 3.858313136208096905e-01 3.897015627472941723e-01 3.909140173946433205e-01 3.862985239119683945e-01 3.790763861038425331e-01 3.832059244077709592e-01 3.820042851677564744e-01 3.804901285804719868e-01 3.835654636063928202e-01 3.787941934905048047e-01 3.851430703621905871e-01 3.812875460728336052e-01 3.762600551020411910e-01 3.782402987748508250e-01 3.810164115207007596e-01 3.809133410765763172e-01 3.734863305639522513e-01 3.778248960420348412e-01 3.761153256922388222e-01 3.705070379302639605e-01 3.701400164628286804e-01 3.769225694361056922e-01 3.691287200752482178e-01 3.737800429037815841e-01 3.774531969997121927e-01 3.776154971481776590e-01 3.716657278845039158e-01 3.741605753965953074e-01 3.744960676191218529e-01 3.784891670258238028e-01 3.736084500025120270e-01 3.708637421988608129e-01 3.697250472088998152e-01 3.739422688512384907e-01 3.713471873820046176e-01 3.669982799056215050e-01 3.688912182422217079e-01 3.725394462890364577e-01 3.745079519450959515e-01 3.774885823347938762e-01 3.706782837311389800e-01
4.790080451602764938e-02 6.355690523855722640e-02 3.654510752676843888e-01 1.000000000000000000e+00 3.863927471571414474e-01 3.415414589474507490e-01 5.593155330108783296e-01 5.649867280916248680e-01 5.471254290184335289e-01 4.659729655730125986e-01 5.636133903441318260e-01 6.421466647209915779e-01 5.446295264750773413e-01 4.138981695449023834e-01 5.932731607752529390e-01 6.064950654124278140e-01 5.516134891317098221e-01 5.464275657310733170e-01 5.127930963247122609e-01 5.622803360573863651e-01 5.862398673510261782e-01 5.479414893059857405e-01 4.433366925742244224e-01 4.439904176961019799e-01 4.416625482461453145e-01 6.297311312125775107e-01 6.207595917118189366e-01 6.192799781731614939e-01 6.122797383192855047e-01 5.128363829268485219e-01 5.573588856782970558e-01 5.513192921613058184e-01 5.281997508690127185e-01 5.394510023491955186e-01 5.204718212653020037e-01 5.703384155022398483e-01 5.374672431600281408e-01 5.691137703994589847e-01 5.773013861486815390e-01 5.681424973892532648e-01 6.005853688600323315e-01 5.967570505868955433e-01 5.906956537323849732e-01 6.218667057368642004e-01 5.975811189977516813e-01 5.787609556459263338e-01 5.909783531790429034e-01 5.760043420984696239e-01 5.839536787804138207e-01 6.075495665079819751e-01 5.850993241374558007e-01 6.297630179792496063e-01 6.171534443888089250e-01 5.764646872597346539e-01 5.764315730370217494e-01 5.746763930281437727e-01 6.030374530367770269e-01 6.016075718754523294e-01 5.736434020991358906e-01 5.879011294708800239e-01 6.067541862640423167e-01 5.840260180096864540e-01 5.896776685968632137e-01 6.010101778576075748e-01 6.078845326505499802e-01 6.086330751425645946e-01 5.897441036137497372e-01 5.818603934403198119e-01 5.741150640863835752e-01 6.044714046791729301e-01 5.918336770173329153e-01 5.809910841858455521e-01 5.623334664945535133e-01 5.494453618163460673e-01 6.145689122501944990e-01 6.121701664937895249e-01 6.177725181726905213e-01 6.216458852704035420e-01 5.781367161619507256e-01 5.666634212507960511e-01 5.762856124246471534e-01 5.804899300268234752e-01 5.905403803115402139e-01 5.803463998948598102e-01 6.033325437487825349e-01 5.916606010191528542e-01 5.905250975133213842e-01 6.113297746988602954e-01 5.914063121103459997e-01 5.903242606018898053e-01 6.013491768294363382e-01 6.012206288641260832e-01 6.027727201090727904e-01 5.911738659289004216e-01 5.968930425977591048e-01 5.864417802361311383e-01 6.294095328721380778e-01 6.319780569837983863e-01 6.219329631930290425e-01 6.241121433564831289e-01 6.189123736208632653e-01 6.196354520693254653e-01 6.134363043605479682e-01 6.159949389912852125e-01 6.203938124827881317e-01 6.188103831657182363e-01 6.084419020545209777e-01 5.888572679600613258e-01 5.983585573149130532e-01 6.004890355497030097e-01 5.927979416672053414e-01 5.989289138972218041e-01 6.026052962632668653e-01 6.145508291134496037e-01 6.067026527961293381e-01 6.044279787181138230e-01
6.499858588079782118e-02 6.881901675480638081e-02 2.535378768190548748e-01 3.863927471571414474e-01 1.000000000000000000e+00 2.760324298058821624e-01 4.901751070719465586e-01 5.038425688294158045e-01 4.753001305194021198e-01 4.315703835349736783e-01 4.707151794918468801e-01 5.195623280060061022e-01 5.133359188583941357e-01 3.293575457511456750e-01 5.069377162306747397e-01 5.286723411584844934e-01 4.736188695549159444e-01 4.573468154895932170e-01 4.512251454280832852e-01 4.694321201175925551e-01 4.848199059777246744e-01 4.721865232200671003e-01 4.174944744256051665e-01 4.109847420736254531e-01 4.138211248872795678e-01 5.160594216454358341e-01 5.049794693735168982e-01 4.835676347379146978e-01 4.711370576796454213e-01 4.784547684671136003e-01 4.977952930716818547e-01 4.919005255586216263e-01 4.465476970726879880e-01 4.774263633222174952e-01 4.612022597775435884e-01 4.910898755931421555e-01 4.726580977621070989e-01 4.874230192134305084e-01 4.997499301153747742e-01 4.711729534572874356e-01 5.099903724001801919e-01 5.036514685558949322e-01 5.128260060559243216e-01 5.184733613998474544e-01 5.089346649178697612e-01 4.920461095224049064e-01 5.122355395535146405e-01 5.079532819358836271e-01 5.083822108759378233e-01 5.025137675899150613e-01 5.022971337093851130e-01 5.021213509501226691e-01 5.162780646070928015e-01 5.074229844204840578e-01 5.059077201144124292e-01 5.002048046485088051e-01 5.067853184586519344e-01 5.098871659456752914e-01 4.972231751551153267e-01 5.220809584973074013e-01 5.210010619348084404e-01 5.139316691074327093e-01 5.096183284706774508e-01 5.213971957358041198e-01 5.197078940895631938e-01 5.185260099626024521e-01 5.117948577678123057e-01 5.072725138620399754e-01 5.105752091247680591e-01 5.194669728614357274e-01 5.097605915228266005e-01 5.063764678538430486e-01 4.951544315724121792e-01 4.924667224978661051e-01 5.204464343319690212e-01 5.169741504027287604e-01 5.109049609437950057e-01 5.099033612468032439e-01 5.090542790203212986e-01 5.053807132642248456e-01 5.004831201673499708e-01 5.080383004427119209e-01 5.103071748055597601e-01 4.988550053814339580e-01 5.108616234844821635e-01 5.062809245187021023e-01 5.052196518948035564e-01 5.136240132038717432e-01 5.078528851283671264e-01 5.130805778922953309e-01 5.031611194288219124e-01 5.102308487520219593e-01 5.125949529908234714e-01 5.087662811137190211e-01 5.113332941732185999e-01 5.105416370907009949e-01 5.135504584464136713e-01 5.180088931340314229e-01 5.218277924690590819e-01 5.175630426556722119e-01 5.213376614398265163e-01 5.175011685168335873e-01 5.182276228535517282e-01 5.204300650645392601e-01 5.208362991690000943e-01 5.136597618374304508e-01 5.173398568081880589e-01 5.128930680566917699e-01 5.128242890469034698e-01 5.134343758416090031e-01 5.078002797556673276e-01 5.205582204063264884e-01 5.141193966119906866e-01 5.226470125027474767e-01 5.139344096543201346e-01 5.176329102735341969e-01
2.336165572309836097e-03 1.003391516994845689e-01 2.178235631010655149e-01 3.415414589474507490e-01 2.760324298058821624e-01 1.000000000000000000e+00 4.162513919750610025e-01 3.993120143762733942e-01 4.187453282064658167e-01 3.741896321063256092e-01 4.102643221043250632e-01 4.486739978162890830e-01 3.961156009741911843e-01 3.073013603992579834e-01 4.518892812098251333e-01 4.383897858207383424e-01 4.277139507098288718e-01 3.951989222275191782e-01 4.003547728137952788e-01 3.943053909452811645e-01 4.019265969583054043e-01 4.041653610310505518e-01 3.851158122044552878e-01 3.653308692626673349e-01 3.610041191860706711e-01 4.241643237287641699e-01 4.464923882562475965e-01 4.333214292985628213e-01 4.156813195944508155e-01 4.188929286136148789e-01 4.415746907638889440e-01 4.426540919329437496e-01 4.154843004926589423e-01 4.282240107254368100e-01 4.198139537062876014e-01 4.374783351295411515e-01 4.287172820223998926e-01 4.412813509465626782e-01 4.505945613953163398e-01 4.402814307868596622e-01 4.549440331378066804e-01 4.517080836949099454e-01 4.415174351803288766e-01 4.560352685017333152e-01 4.532695572574026444e-01 4.506796289463768646e-01 4.487304179993382713e-01 4.479095290334339508e-01 4.466612782723819453e-01 4.344181360476315756e-01 4.429080254899339097e-01 4.251728406180645403e-01 4.414369379685512684e-01 4.402912126412784066e-01 4.410981420317993673e-01 4.491955665038708245e-01 4.359277664571909461e-01 4.495070667604403325e-01 4.489247677647541512e-01 4.443674416766837942e-01 4.453486276114171916e-01 4.466334078660640361e-01 4.472459755410994053e-01 4.498776778613963190e-01 4.435501570465854582e-01 4.432186139117483270e-01 4.504898678070705653e-01 4.470572076323380273e-01 4.468656602364414199e-01 4.519878146553177878e-01 4.469915940701255086e-01 4.485281023722999527e-01 4.385576748511652578e-01 4.320700475572524790e-01 4.501644774677965866e-01 4.499727728802139781e-01 4.581753632938605492e-01 4.542728490104701033e-01 4.459550412549092568e-01 4.469430809960059925e-01 4.517995206504985539e-01 4.503017945756680462e-01 4.557574874429288769e-01 4.496208269566844828e-01 4.520715464760736713e-01 4.510877055917408840e-01 4.536292114700996581e-01 4.575403339756961563e-01 4.546514423699168361e-01 4.520998318143997774e-01 4.538876320852519575e-01 4.557732392613356165e-01 4.515292435762646162e-01 4.514912871507612002e-01 4.516946817409814297e-01 4.516346940668974907e-01 4.555549860566343590e-01 4.448096125084542996e-01 4.526410033613012529e-01 4.546204616116618080e-01 4.556630124218887246e-01 4.548586733286943962e-01 4.479448396863089932e-01 4.527348908784404324e-01 4.530926443903404155e-01 4.495673538660865942e-01 4.516408693055315449e-01 4.519052198308397550e-01 4.530379462733061802e-01 4.503122667985671179e-01 4.538801445376975385e-01 4.501108913546791879e-01 4.510444906390085329e-01 4.529217633483608729e-01 4.494318370656382178e-01 4.483054384369494771e-01
1.180972439292035832e-02 1.257490292059253445e-01 3.199309870847569237e-01 5.593155330108783296e-01 4.901751070719465586e-01 4.162513919750610025e-01 1.000000000000000000e+00 7.323973611830496555e-01 7.098070422225217779e-01 6.651305736653755352e-01 7.452145321178313964e-01 7.901038558926516409e-01 7.108523821533335729e-01 5.764623099444265986e-01 8.232911761174579457e-01 8.009685753076303261e-01 7.299084361075182104e-01 6.941364424096090335e-01 6.859180961548265731e-01 6.981153094783068003e-01 6.760421947194094061e-01 6.979073119337283471e-01 6.615877449717147973e-01 6.298212855181283265e-01 6.092935901059970405e-01 7.763147262522511749e-01 7.840107324752710882e-01 7.883821497279238644e-01 7.324849414421313876e-01 7.332016158410821216e-01 7.663386388432608110e-01 7.871470455202854710e-01 7.368419237938560462e-01 7.562136504208598620e-01 7.466920468592675997e-01 7.568833476870535648e-01 7.579560389649580010e-01 7.856635212586710049e-01 8.030559566808379568e-01 7.882019394474989449e-01 8.102741346292480218e-01 8.138291837024833608e-01 7.984970820254077006e-01 8.176086987470934098e-01 7.994359194225489906e-01 8.056823001758871561e-01 8.119701625711081006e-01 8.041151673362552099e-01 7.995468817191292432e-01 7.775196787928873032e-01 7.989580399089372120e-01 7.749566465214851041e-01 8.029657621355810182e-01 7.988817905880450931e-01 7.912381842192806047e-01 8.001279852394059811e-01 7.807835107435878719e-01 8.101669060060863181e-01 8.048448500339890899e-01 7.948897523627316275e-01 8.062919477304836269e-01 8.026786895867743521e-01 8.020832828858307506e-01 7.998610569807647064e-01 7.941992977012506394e-01 7.933675396920333300e-01 8.097508026304877093e-01 7.970075357982048248e-01 8.072857649290503534e-01 8.047365893991504926e-01 7.866141351044467767e-01 7.910244060224176366e-01 7.846386560880570515e-01 7.594617574643779401e-01 8.133783726331682562e-01 8.130769438388834036e-01 8.204725962793723015e-01 8.028357239016947755e-01 8.000215361529277036e-01 7.924911972022816720e-01 7.970529190506203676e-01 7.996633803599079160e-01 8.050432415543776754e-01 8.058300228166975776e-01 8.116142359920581750e-01 8.070001104606802089e-01 8.080280575177637425e-01 8.199882255658593744e-01 8.136334389776193055e-01 8.072735415174890905e-01 8.187623292064273306e-01 8.168198807501374503e-01 8.136159124175237345e-01 8.165185296341705978e-01 8.099581951121755941e-01 8.078734903254263244e-01 8.078515034687573371e-01 7.946933947327764480e-01 8.099457630408147812e-01 8.168459497826173754e-01 8.174656298748028682e-01 8.115153412803867150e-01 8.089414109656859475e-01 8.144923853422736393e-01 8.108205186952310850e-01 8.022364093666193297e-01 8.101241975970959741e-01 8.084571542028247126e-01 8.124834494835854182e-01 8.101981158420884510e-01 8.131955357885531921e-01 8.049446404382210041e-01 8.100618029607780102e-01 8.094513435723108552e-01 8.039776522355830402e-01 8.041735872801653029e-01
2.650333341144104835e-02 1.279853165442392249e-01 3.276685251035932889e-01 5.649867280916248680e-01 5.038425688294158045e-01 3.993120143762733942e-01 7.323973611830496555e-01 1.000000000000000000e+00 7.064155995116460085e-01 6.430638115805750177e-01 7.306488639131841767e-01 7.859476369000489848e-01 7.072276200130734880e-01 5.528300104960863770e-01 7.847981476329418671e-01 8.112347857129265094e-01 7.331363597679370070e-01 6.859555063764911642e-01 6.748006263282476658e-01 6.796093807286812671e-01 6.977533740013736052e-01 7.045081702623589015e-01 6.321325472658549938e-01 6.074214753998353755e-01 6.012821155986929345e-01 7.716148417767112466e-01 7.611433949854984338e-01 7.453391156534533435e-01 7.317160894434493468e-01 7.185156379095747337e-01 7.559083727675348641e-01 7.684504061094817873e-01 7.088347456422660064e-01 7.442472491156499892e-01 7.123439605517410955e-01 7.538860825137472244e-01 7.216835086227826324e-01 7.788798182197316233e-01 7.810850178608425010e-01 7.487753153028707809e-01 7.803151267439080163e-01 7.760197747052203221e-01 7.771193598978761718e-01 7.955520417617089057e-01 7.794153071022539292e-01 7.719465262474354272e-01 7.918453992580910539e-01 7.810913797067169373e-01 7.999061792444573937e-01 7.935947942690877444e-01 7.994107237338700100e-01 7.590262436032636506e-01 7.895306966819444217e-01 7.811673175731408403e-01 7.815687314892315607e-01 7.734631142330921083e-01 7.878868835786255742e-01 7.898610742361762416e-01 7.901708628547207125e-01 7.827842096145808393e-01 7.997691681384204720e-01 7.905734629902579913e-01 7.959465179337654739e-01 8.013264037371093940e-01 7.888929025914338533e-01 7.853893634335529228e-01 7.932721776307297690e-01 7.825975434803946751e-01 7.881518979963679783e-01 7.898037073412911280e-01 7.764654806240487428e-01 7.763363397831997137e-01 7.608581708383673758e-01 7.416161973314343570e-01 7.964880571755460492e-01 7.947204688360965941e-01 7.910815681175666914e-01 7.926164025129360802e-01 7.823665258024831148e-01 7.742895395476521170e-01 7.762451319833216790e-01 7.813350566074666048e-01 7.904358784159289941e-01 7.816993787686279394e-01 7.989229068644708720e-01 7.909697268109477930e-01 7.809668014038229078e-01 8.040187997249740315e-01 7.889305390880346769e-01 7.882013877590348105e-01 7.857111491009737270e-01 7.908489321090635960e-01 7.920035589330910453e-01 7.880983011267062022e-01 7.937380223206637053e-01 7.888449609652997685e-01 8.048044797828614039e-01 7.996924524895527853e-01 8.045252815644862165e-01 8.070294423922199645e-01 7.997121503119872798e-01 8.022841741609233468e-01 7.919396232614485109e-01 8.002422001814757380e-01 7.945876114811180058e-01 7.907725589085109474e-01 8.020595335072210341e-01 7.882643446283531530e-01 7.954548174221410806e-01 7.950342727272434740e-01 7.930735658934503496e-01 7.909696043825589218e-01 7.949105189793842507e-01 8.042911457379612328e-01 7.941827648233173997e-01 7.901247458629476750e-01
1.283049685050555444e-01 1.801650262001313341e-01 3.694670713366975945e-01 5.471254290184335289e-01 4.753001305194021198e-01 4.187453282064658167e-01 7.098070422225217779e-01 7.064155995116460085e-01 1.000000000000000000e+00 7.468454362938224955e-01 8.189431287856521191e-01 8.345896986965682940e-01 7.760784166351869517e-01 6.106210063313317615e-01 8.427209991574713399e-01 8.176849298481070338e-01 8.189353544728424916e-01 7.694702898919771883e-01 7.894473261149143051e-01 7.500899783418970568e-01 7.697101514041537751e-01 8.061075898173042376e-01 7.698962719211192018e-01 7.494914879104038752e-01 7.538515208125530220e-01 8.298961273236930003e-01 8.436489563133138248e-01 8.155853505763333011e-01 7.685389898469980885e-01 8.535181509489484508e-01 8.730777276591318303e-01 8.490772130856757416e-01 7.735229141297198519e-01 8.225701266035873038e-01 8.144272370103048386e-01 8.129297645628879021e-01 8.458230151200136770e-01 8.143086201288447512e-01 8.610956466098851347e-01 8.005825810852259528e-01 8.674201820115646777e-01 8.515238035038217301e-01 8.325301942520433318e-01 8.681077949548745565e-01 8.645907591133895620e-01 8.580369265443420490e-01 8.771754666598702288e-01 8.822563494938145956e-01 8.624959639286428059e-01 8.152071212537044254e-01 8.383499662798576946e-01 8.180464111921860182e-01 8.656269290149328777e-01 8.769634018797051178e-01 8.627124384583134686e-01 8.555971198113668796e-01 8.545845099190479965e-01 8.682380809286371903e-01 8.605009921648494320e-01 8.819405957798420737e-01 8.686219691091761064e-01 8.737160408009015944e-01 8.604811168882037231e-01 8.712371570860409919e-01 8.776185733349461948e-01 8.757884243296414351e-01 8.786973812893180691e-01 8.786352857404983174e-01 8.844150114741853308e-01 8.883270812285041229e-01 8.703172889452683858e-01 8.778403680676470922e-01 8.694986101241575227e-01 8.646856663098765328e-01 8.786530374871722726e-01 8.800633661190538914e-01 8.718849461236807263e-01 8.623275794054772181e-01 8.810265577403905146e-01 8.822232082564932520e-01 8.838918073944328491e-01 8.827320218606478086e-01 8.798958001412958696e-01 8.752771936531635877e-01 8.644877521291350897e-01 8.739565608712489553e-01 8.750013864064479785e-01 8.685685028519595230e-01 8.743614681742659656e-01 8.779929894600141393e-01 8.633466697614051721e-01 8.733701698391748147e-01 8.734135352531959828e-01 8.752555936475732157e-01 8.776135466593176782e-01 8.803489570039934042e-01 8.542458577014598875e-01 8.526473464082282572e-01 8.706329421111547173e-01 8.672053927977826371e-01 8.644005741630951256e-01 8.686335967437399663e-01 8.730589543362886618e-01 8.748723467712798962e-01 8.687894451829016873e-01 8.679442095624205766e-01 8.753166379887163950e-01 8.800426679558938092e-01 8.766378484394055093e-01 8.784408641300286424e-01 8.727271078378098235e-01 8.832307317319845197e-01 8.750939299728138776e-01 8.722105632678381903e-01 8.786272517818901617e-01 8.777059464184725490e-01
7.825505463449840271e-02 1.819338873320926198e-01 3.197064068376309076e-01 4.659729655730125986e-01 4.315703835349736783e-01 3.741896321063256092e-01 6.651305736653755352e-01 6.430638115805750177e-01 7.468454362938224955e-01 1.000000000000000000e+00 7.348727805428896254e-01 7.583312894849992825e-01 7.009613253389069820e-01 5.566813172824270906e-01 7.777346137643983415e-01 7.472286787014469356e-01 7.291422999534034055e-01 6.797106348987501656e-01 7.250460039910214816e-01 6.490681359868953892e-01 6.686264980968336102e-01 7.296230887149323108e-01 7.160499731502559806e-01 6.845832738672092965e-01 6.930940629123446550e-01 7.401295211668289520e-01 7.635438904957441153e-01 7.496532533554326472e-01 6.893728975549829885e-01 7.822201283283429785e-01 8.047399001941832886e-01 7.940971685698908766e-01 7.213482540267981413e-01 7.620301492116475783e-01 7.631680182353253183e-01 7.466630434534089478e-01 7.834226646045885367e-01 7.658441349518951835e-01 8.042956559466593047e-01 7.580169784460956128e-01 8.028822519331048069e-01 7.976472231885396447e-01 7.709509398974823124e-01 7.999120260672190064e-01 7.999495257359990896e-01 8.047520479280340089e-01 8.116306421801547932e-01 8.209689535139716998e-01 7.987822766254416562e-01 7.462314534258870369e-01 7.791840707359279916e-01 7.386047611329831231e-01 7.896872900769066339e-01 8.065606187030228691e-01 7.956642116678558363e-01 8.012128004541656523e-01 7.685420456532030542e-01 8.018375349474061720e-01 8.050813000824731391e-01 8.035773265287728950e-01 7.877966619553864458e-01 8.033133198570001632e-01 7.888469912147261232e-01 7.942045435512673501e-01 7.985875056498330515e-01 7.916706609227224245e-01 8.178630984542154536e-01 8.118499999888043606e-01 8.181129109486189321e-01 8.045843529561634844e-01 7.996560558282395093e-01 8.118572681329725427e-01 8.035114214776863939e-01 8.003835809683552682e-01 8.118572270277752967e-01 8.146482444359756103e-01 8.097958672299674365e-01 7.878612282795474098e-01 8.192620178647994633e-01 8.189009539831151319e-01 8.175936156651821829e-01 8.203293476560237218e-01 8.129872751745698123e-01 8.116483475193813080e-01 8.022804479892114982e-01 8.102238360959972407e-01 8.142844334975469778e-01 8.065752198978787257e-01 8.158146838277661184e-01 8.138450992476025103e-01 8.075966403196650489e-01 8.166816252809101506e-01 8.111550373462067531e-01 8.174948244648695406e-01 8.134771968505648543e-01 8.181953527487844102e-01 7.852279561475876690e-01 7.718644073960839735e-01 7.986474369068269352e-01 7.999192545452610270e-01 7.997680177054691253e-01 7.968518644800817174e-01 8.013405864781705246e-01 8.081827628389558482e-01 7.973467671593496009e-01 7.914942574695705835e-01 8.084058213337377286e-01 8.156573549152398295e-01 8.115994832616488797e-01 8.119067486050146609e-01 8.136537730759207943e-01 8.108854031003851492e-01 8.078416308869806883e-01 8.017062876145117922e-01 8.063655772741781247e-01 8.058956317824775839e-01
2.772060198308836168e-02 1.426133458393782361e-01 3.680800650047162947e-01 5.636133903441318260e-01 4.707151794918468801e-01 4.102643221043250632e-01 7.452145321178313964e-01 7.306488639131841767e-01 8.189431287856521191e-01 7.348727805428896254e-01 1.000000000000000000e+00 8.651521412150811052e-01 7.717973274251856974e-01 6.405318933813334281e-01 8.630662558206645407e-01 8.506722786338971609e-01 8.198710437510170479e-01 7.823544825602632979e-01 8.004889585848549149e-01 7.415428541614301761e-01 7.840228556748293220e-01 8.166602634651908277e-01 7.713317621459522266e-01 7.444706786184525082e-01 7.472420394909558006e-01 8.448935084641862048e-01 8.609966987403911975e-01 8.300792263538508964e-01 7.720730152700996385e-01 8.546796312344533408e-01 8.813494041955628466e-01 8.745376271731302165e-01 8.152064600460358079e-01 8.532061024813072381e-01 8.452638183119896009e-01 8.536445232325989840e-01 8.641118512729039081e-01 8.567221876129985647e-01 8.888643021465509886e-01 8.500722916243709237e-01 8.908535479492111220e-01 8.778275195111373552e-01 8.682198502518142513e-01 8.919986977892321312e-01 8.912636518586234402e-01 8.818144543478809716e-01 8.923270983748129437e-01 8.934968564246640321e-01 8.857736175152345348e-01 8.528971476525032402e-01 8.737420421325350350e-01 8.539167741472779571e-01 8.840896567790351712e-01 8.828117226770518799e-01 8.737521504213461299e-01 8.849898204239786681e-01 8.623257014676827259e-01 8.828482662198986475e-01 8.851858748900096607e-01 8.789757518246300583e-01 8.797612920110593482e-01 8.841254355540218990e-01 8.779402810439285165e-01 8.865450709202868929e-01 8.868392466130111673e-01 8.817959883277157740e-01 8.950456605355932016e-01 8.921220201398967209e-01 8.959608270868216762e-01 8.945958418099866361e-01 8.881269694333444598e-01 8.930603857198176065e-01 8.805735434686596808e-01 8.746806626898641079e-01 9.001156998014684385e-01 8.962197622663951035e-01 8.889529416923157568e-01 8.741893541758277708e-01 8.923927834094373956e-01 8.919752044328908003e-01 8.949542447008259627e-01 8.975044311641358075e-01 8.973276930827724929e-01 8.935464873062459734e-01 8.933404481559263921e-01 8.956680139719441769e-01 8.992323146994047889e-01 8.943624554231877077e-01 8.967094316832543432e-01 8.976821750434900160e-01 8.941443362685778107e-01 8.949500384229064354e-01 8.960776199536177877e-01 8.965726467512066256e-01 8.960704379110903117e-01 8.967575618441497864e-01 8.841117235627846682e-01 8.709800315030679085e-01 8.864720578551381625e-01 8.917719525502197930e-01 8.912844047692572991e-01 8.873662667894302025e-01 8.915282909271670109e-01 8.951942410690447716e-01 8.947616354324192667e-01 8.824779816672655430e-01 8.913736931088854787e-01 8.945146470244850212e-01 8.968862523416285537e-01 8.909689398599583976e-01 8.932186216035299386e-01 8.898848257853446686e-01 8.907111149415349871e-01 8.910714093109969314e-01 8.925842709024557342e-01 8.905920657470296486e-01
2.160161330418445755e-02 1.344153419281656492e-01 3.782322341668434840e-01 6.421466647209915779e-01 5.195623280060061022e-01 4.486739978162890830e-01 7.901038558926516409e-01 7.859476369000489848e-01 8.345896986965682940e-01 7.583312894849992825e-01 8.651521412150811052e-01 1.000000000000000000e+00 8.195092249641491300e-01 6.528869159717635151e-01 9.070517964424035240e-01 9.042146624348826878e-01 8.558207101275689954e-01 8.190105231418040033e-01 8.158369855980900365e-01 7.851707679528194816e-01 8.357481630870149392e-01 8.519993595451029744e-01 7.615505878812864893e-01 7.412248654417070703e-01 7.487362206496975814e-01 8.921442150317141495e-01 9.053108405119225655e-01 8.771937320581330022e-01 8.334869876357462459e-01 8.603425696394146893e-01 8.991267794600488195e-01 8.980248882076278250e-01 8.336946535141319670e-01 8.661796872696202465e-01 8.531891196123809751e-01 8.861158272042856110e-01 8.763331280839647963e-01 8.990885424976448048e-01 9.193096398263912450e-01 8.871375209249388050e-01 9.266012131418325248e-01 9.244572677573664743e-01 9.173094840982979337e-01 9.404311185726675903e-01 9.284115810237481003e-01 9.163740789319799740e-01 9.326006643986740619e-01 9.276656772383502503e-01 9.272974794687880440e-01 9.047762219188428823e-01 9.240976226748940370e-01 9.095151767442134494e-01 9.326795138470159729e-01 9.218595596516536705e-01 9.162904793286579253e-01 9.174045268301777023e-01 9.167866310403020025e-01 9.318085651970793304e-01 9.258243709291524848e-01 9.284954704170185202e-01 9.339507588203039834e-01 9.304589679952782744e-01 9.286935053560458897e-01 9.341947940733486000e-01 9.319589771440005554e-01 9.310907388609611646e-01 9.336059607004133509e-01 9.272506391548939186e-01 9.249428006834657934e-01 9.353203597263811675e-01 9.282175115691442269e-01 9.264669754955797698e-01 9.061852782969658238e-01 8.987871309791827246e-01 9.400315863048340770e-01 9.393298636036566673e-01 9.342389267631853178e-01 9.267076251395905961e-01 9.240033476764972775e-01 9.189180438720041533e-01 9.235277394699284992e-01 9.264437760447528092e-01 9.310102683982871552e-01 9.233372595977203945e-01 9.280392128265029239e-01 9.275545044712674159e-01 9.309340066911879763e-01 9.363954268268439574e-01 9.315103431655478161e-01 9.321992491752948418e-01 9.319948332585138440e-01 9.365107166875651368e-01 9.377062932258863892e-01 9.349147347161183008e-01 9.352146344543159628e-01 9.329503321574611485e-01 9.328570537523813710e-01 9.232470906376510911e-01 9.351728718190275291e-01 9.396227281788986918e-01 9.402496171114065326e-01 9.359240220785508546e-01 9.386838784371029920e-01 9.422217663661176523e-01 9.402676065585748866e-01 9.314235647487529857e-01 9.344983868247651593e-01 9.316978592808855542e-01 9.364280724906359765e-01 9.361262585977696560e-01 9.335922358028573287e-01 9.346385107404048265e-01 9.353429083522651899e-01 9.372032356615137560e-01 9.370450088437501934e-01 9.350656403858441656e-01
4.562222569690902590e-02 1.468911515856953787e-01 3.345194704081651538e-01 5.446295264750773413e-01 5.133359188583941357e-01 3.961156009741911843e-01 7.108523821533335729e-01 7.072276200130734880e-01 7.760784166351869517e-01 7.009613253389069820e-01 7.717973274251856974e-01 8.195092249641491300e-01 1.000000000000000000e+00 5.855195736720687494e-01 8.275447893448829584e-01 8.180006202548534278e-01 7.838552882497064056e-01 7.371312615016598624e-01 7.495656709289060249e-01 7.091960399752862410e-01 7.509155504872625508e-01 7.804862928235564157e-01 7.055967581607721639e-01 6.890011220518772461e-01 6.996889127594089208e-01 8.053564622633571091e-01 8.221161724082596267e-01 7.771053008575219412e-01 7.370018389539814141e-01 8.038070347099688373e-01 8.252740195056211814e-01 8.140350106229314875e-01 7.409782665922205469e-01 7.812913320723445798e-01 7.795802749926040720e-01 7.950354853662152665e-01 8.068492439988149689e-01 7.920798645119282444e-01 8.339841212709804275e-01 7.757652527588270175e-01 8.392186396935278347e-01 8.292060577173550051e-01 8.256657745389955894e-01 8.487910228158410675e-01 8.394094893365157128e-01 8.307270573607860031e-01 8.463375883195113358e-01 8.436249154358711477e-01 8.317977989416591722e-01 7.966618826857850832e-01 8.186342746708125118e-01 8.029464253005171859e-01 8.401189580378130017e-01 8.415655293507078305e-01 8.305703180587471479e-01 8.251828461197767695e-01 8.246790403743715636e-01 8.422024784614092763e-01 8.283148203536248033e-01 8.546275532572512601e-01 8.473145235681341925e-01 8.478237521001052990e-01 8.394224854215971421e-01 8.500561370721180232e-01 8.488437945267920393e-01 8.479279895116889065e-01 8.491416260212278910e-01 8.453701321084405862e-01 8.455898551424440024e-01 8.494334556286834426e-01 8.439799574806319260e-01 8.468176991601448211e-01 8.266475209436658922e-01 8.242547818108505453e-01 8.511927953976839989e-01 8.505461466879384869e-01 8.415205162331776956e-01 8.319259314063381927e-01 8.432845139491972342e-01 8.437221586808595353e-01 8.429025302525294805e-01 8.475777161398291293e-01 8.458182825661616500e-01 8.402232609313720069e-01 8.391527387695684181e-01 8.441822574694679560e-01 8.449689186205441294e-01 8.463175640894586849e-01 8.472976476672242629e-01 8.460509714077959487e-01 8.372793249820580375e-01 8.468882231561353224e-01 8.515649608859661157e-01 8.480516195326794904e-01 8.512767356995472046e-01 8.515607395696013215e-01 8.373265702952527034e-01 8.341713624489350831e-01 8.501657311183993260e-01 8.454681476259333639e-01 8.506112820155684595e-01 8.488764029522540833e-01 8.514356190634485566e-01 8.542652486171459225e-01 8.507510352416928212e-01 8.445315547058038774e-01 8.483429514809148753e-01 8.496118685296994988e-01 8.491392075849401033e-01 8.512154821958198836e-01 8.453351931340234993e-01 8.557573774915827602e-01 8.496785224504038725e-01 8.536129114030399645e-01 8.512072993241555086e-01 8.527119749212901390e-01
