1.000000000000000000e+00 5.409167120992329492e-02 2.007897822319807540e-02 5.951805727815962649e-02 1.924333618302458138e-02 -8.553843797888822931e-03 1.890853423248979245e-02 1.773519878724478735e-02 6.852356142396011374e-02 2.994346387636370385e-02 1.963940548474846226e-02 1.297573990671950506e-02 2.520678179885565279e-02 -2.262899970565914257e-02 9.506266714741381726e-03 2.202699805255530982e-02 7.112932088714371548e-02 6.432251850904485918e-04 4.408306311714356250e-05 2.588499849995023680e-02 1.253563824824000666e-02 9.589715256725970735e-03 -7.074361209453991842e-03 -1.223986735291609975e-03 -2.212824644827178847e-02 5.602705393278743264e-03 1.326505963732642172e-02 1.958974061316195656e-03 2.258851075777446385e-02 1.905003335068986350e-02 2.524444776782416508e-02 7.767261012993960205e-03 -9.707490531682214790e-03 1.327766555606309587e-02 1.558442161962471373e-02 1.657003018041211181e-02 2.271011917862193752e-02 -2.031704833239046312e-02 3.791926719560222755e-03 -1.781440969609651703e-02 -9.313163116157662977e-05 -1.867553464820254083e-02 -2.741392953084843126e-02 -2.700311818203852271e-03 1.173456743833224507e-02 -7.238969300683799520e-03 1.163316838685926093e-02 1.490750198845352918e-02 1.134326059626719445e-02 3.131935845462659272e-03 -2.903527973911416721e-03 3.193241385899738688e-02 1.826019617649185869e-02 8.446391455846625346e-03 2.243852574787260495e-03 6.101214944264044329e-03 1.925408449848434525e-02 1.609207119874970875e-04 -1.363777626641559867e-03 2.546902287614064703e-02 4.063838085930837271e-03 8.429430136740960477e-03 -2.354262127028403616e-03 8.960324218605564620e-03 3.725176964612916114e-02 2.749583207596301843e-02 2.877607046958230615e-03 -9.104203868013330432e-04 -8.255249256541825420e-04 6.062409020808903586e-03 2.225662034593221946e-04 4.247124338649743355e-03 -2.482864950814496057e-05 -2.458376050613514971e-04 4.570570089829498368e-03 2.420568206034287833e-03 -1.011362810929091263e-02 9.801321154644951350e-03 -8.409604881858616615e-05 5.773097546368371157e-03 1.268622884036598071e-02 1.057542151951247969e-02 1.926115127663044838e-02 2.812809264890863033e-03 2.716555307515669017e-03 6.920514158142885078e-03 5.287878095793419400e-03 -5.267419468424861147e-03 1.016074863361103369e-03 3.783134350630938626e-05 -9.632646987325837323e-03 -5.449034106776747335e-03 -3.219539015517263250e-04 -6.753808912162805392e-03 4.009951114604090421e-03 5.456504340139397592e-03 5.996871403246843008e-03 3.287716688523237979e-02 9.576587901011375872e-03 4.923968301220280411e-03 -1.275434789112232445e-02 1.879104772164545342e-02 1.173623170949759410e-02 5.514320366247610870e-03 1.781004156979719769e-02 2.449633915009124391e-02 1.423645154283947716e-02 3.240272884868831190e-03 3.020362572963195946e-03 1.041033939865864018e-02 1.187408580437155844e-02 2.065770280729164327e-02 8.906037648375957419e-03 1.144103283525962564e-02 2.219909351445716744e-02 2.591355844760058827e-02
5.409167120992329492e-02 1.000000000000000000e+00 5.856164126721470631e-02 1.226032075495887136e-01 6.491061116889702831e-02 1.158350239819857241e-01 1.580032612263779224e-01 1.346055967414138410e-01 1.581320577277011419e-01 1.737928628458816904e-01 1.533516771231811793e-01 1.539247552643489281e-01 1.320213506291949002e-01 1.438603074809211291e-01 1.532898556259472134e-01 1.479761783938696729e-01 1.624868057592110948e-01 1.276769762240818062e-01 1.280805365281294517e-01 1.354070530625745283e-01 1.249663572401131517e-01 1.342504073318629976e-01 1.361957663929329043e-01 1.203379921268885600e-01 1.187485166615303012e-01 1.494653281828265956e-01 1.574760453201156929e-01 1.352170799472030005e-01 1.528065104748802805e-01 1.486456441796549788e-01 1.624423852373486354e-01 1.559882076519711336e-01 1.466627721177693466e-01 1.608667272378722091e-01 1.357017532025401874e-01 1.187067494808899532e-01 1.553698956818824195e-01 1.531711576074045456e-01 1.595940029327490572e-01 1.315948891908483021e-01 1.540860665517646555e-01 1.340123013804846441e-01 1.252691050279722829e-01 1.551274034114165923e-01 1.447888043074112563e-01 1.503765721915678866e-01 1.646304849749095633e-01 1.633481375447128070e-01 1.610059424765346026e-01 1.385874207748005182e-01 1.517964960752949399e-01 1.180379076329150789e-01 1.454590415782371915e-01 1.688096511752381068e-01 1.601639784426387991e-01 1.517319649624725431e-01 1.628774388122705974e-01 1.638048913952234176e-01 1.740019371265087433e-01 1.687348473432243312e-01 1.534786098128577136e-01 1.712515272597435190e-01 1.649005711868149759e-01 1.668978247177566321e-01 1.591857346188977063e-01 1.599808665362463800e-01 1.558754023880325468e-01 1.506335241093338384e-01 1.574393167053365072e-01 1.612427343947307468e-01 1.488770355103497811e-01 1.532195036702922730e-01 1.540014195170910649e-01 1.436357155158897447e-01 1.602505409456436714e-01 1.599285355279295717e-01 1.566558294196848944e-01 1.566575468253406378e-01 1.616282168774446915e-01 1.606843845916932634e-01 1.575796191491153353e-01 1.610190404200010361e-01 1.583718997170587839e-01 1.617514127223164677e-01 1.460782224671534346e-01 1.579641833245507554e-01 1.572174790928787536e-01 1.543032610429259377e-01 1.574573697616304668e-01 1.545653404272849252e-01 1.556560439511861516e-01 1.532757549206864023e-01 1.512500466185206505e-01 1.538206097299771036e-01 1.562355344476469010e-01 1.613402925736020510e-01 1.381211359865168742e-01 1.443444972068304299e-01 1.525626726077251305e-01 1.464689121365228552e-01 1.396644647941825690e-01 1.515728065948530601e-01 1.502592629956743808e-01 1.511729107361124147e-01 1.453504498129986333e-01 1.507807251936411075e-01 1.580453128026073073e-01 1.577505712325178999e-01 1.544566361443674984e-01 1.615655258598308330e-01 1.599603769878450987e-01 1.601367919543580653e-01 1.617217235197645486e-01 1.538379812120835022e-01 1.555672338270570332e-01 1.575948524735817924e-01
2.007897822319807540e-02 5.856164126721470631e-02 1.000000000000000000e+00 3.001117401718011446e-01 1.672310863552550764e-01 1.846876729141433415e-01 3.172338527561336941e-01 3.099690229328331270e-01 3.183431596588163770e-01 3.006644824633187829e-01 3.227617353202928419e-01 3.436920935375231689e-01 2.778515230708152872e-01 2.887184971550791901e-01 3.469815182366985384e-01 3.381959416842511557e-01 3.208791278695638516e-01 3.329179125875450507e-01 3.254603362492708429e-01 3.012722025007265603e-01 3.287179784162883034e-01 3.433881830402131796e-01 3.478849426376204312e-01 3.364083010768861293e-01 3.417326577479643523e-01 3.376088040357205222e-01 3.327361348039687416e-01 3.518610415621539200e-01 3.429018549309613695e-01 3.454077361262178902e-01 3.355992654330698377e-01 3.663464839151564512e-01 3.552544961375735388e-01 3.627410166273538072e-01 3.420744439253414759e-01 3.522391176566430637e-01 3.349522563625082494e-01 3.536416787385289751e-01 3.562506443548173474e-01 3.418714428953761320e-01 3.404492343057414216e-01 3.444157571396212481e-01 3.557056082861941859e-01 3.492450967901607473e-01 3.490437774304449015e-01 3.556712851147845744e-01 3.407744849681078048e-01 3.451681449226154386e-01 3.377758072057375771e-01 3.473822454646032787e-01 3.432012665530462803e-01 3.501013117484710335e-01 3.435019591906186553e-01 3.390755167478479160e-01 3.386181677967234349e-01 3.496398228598160407e-01 3.416961124507721381e-01 3.378698226168351249e-01 3.326098074920769698e-01 3.381092406670451189e-01 3.404417748954597367e-01 3.348202031103787446e-01 3.436690694876926022e-01 3.461494892794769185e-01 3.405846128563299047e-01 3.397998134324204944e-01 3.473116876186200797e-01 3.538738356630355408e-01 3.531623188535800706e-01 3.547268278737912839e-01 3.523953887930504902e-01 3.484940738873283372e-01 3.571613958125487431e-01 3.545981468728577890e-01 3.457692079687650355e-01 3.452984330908245303e-01 3.483268886605895842e-01 3.478023324760050050e-01 3.452367170960035647e-01 3.437129695269638963e-01 3.460417443410624960e-01 3.461084825522274810e-01 3.496367215111871318e-01 3.493993029875638867e-01 3.586684586586029178e-01 3.558457221432168027e-01 3.475566300862095725e-01 3.539439196399081777e-01 3.474750971955669621e-01 3.482544499284020989e-01 3.478582666974265325e-01 3.503140508575655065e-01 3.477576725335275731e-01 3.495749266790220688e-01 3.409908965840399153e-01 3.449455574017279424e-01 3.505435144307142981e-01 3.432807489699388759e-01 3.471028352604000888e-01 3.504453413599089018e-01 3.544502867050942085e-01 3.466197895849151278e-01 3.402902218983792637e-01 3.471348348610633350e-01 3.501756133755516420e-01 3.451606081372494139e-01 3.432942443867372240e-01 3.460770689759805063e-01 3.470251768131001335e-01 3.434500082903768070e-01 3.442298584104668824e-01 3.418952234721026606e-01 3.433344744202730392e-01 3.457094055816599676e-01 3.426106982709127835e-01 3.431465872517086568e-01
5.951805727815962649e-02 1.226032075495887136e-01 3.001117401718011446e-01 1.000000000000000000e+00 3.532542370317280911e-01 3.629891366503842365e-01 5.573628940909732821e-01 5.429291490933265685e-01 5.596761705806552190e-01 4.863727373735853843e-01 5.508106446421504598e-01 6.062149424569605038e-01 5.257246252727449942e-01 5.160729091159997894e-01 6.064385212700598160e-01 5.935669623132966422e-01 5.668162906267690815e-01 5.480581976977036973e-01 5.385875753646904851e-01 5.128319443879799655e-01 5.416252877286787948e-01 5.742996043436187081e-01 5.413878940739280665e-01 5.176052446332677359e-01 5.304927738576632468e-01 5.895068136470594800e-01 5.921570013429904300e-01 5.935199829209822919e-01 5.894201876069214974e-01 5.957747851264580952e-01 5.964139640673841170e-01 6.103158974403757320e-01 5.717971884502248692e-01 6.056862672303777728e-01 5.773383087896881705e-01 6.048891681578659751e-01 5.924776073958666345e-01 5.968708207074437944e-01 6.091572023845364114e-01 5.855839312219919268e-01 5.990129416289436959e-01 5.972706198881393425e-01 6.013901956352225575e-01 6.075962344831463691e-01 6.109805669123026250e-01 6.071010543307109319e-01 6.009127191407367397e-01 6.044505789189941192e-01 5.955222424564737826e-01 5.964957927261964610e-01 5.960590736045727756e-01 6.193120435296746162e-01 6.056785784000059403e-01 5.922706649675513191e-01 5.901070568910803393e-01 6.052687460489429849e-01 5.976225649489520508e-01 5.920751357670622772e-01 5.760220843840675453e-01 5.959419882317279482e-01 5.973728568074380130e-01 5.815181818725853047e-01 5.871996442305524866e-01 6.052799770999245377e-01 6.087381192770302540e-01 6.007670253822808837e-01 6.048160098390716888e-01 6.047698006194212050e-01 6.028196870220778880e-01 6.143901960584051691e-01 6.068990634474735746e-01 6.016942843260403295e-01 6.004836499112196080e-01 6.009571590907485383e-01 6.100131748919704888e-01 6.051353651406707890e-01 6.060433026898450759e-01 6.026455854693214542e-01 6.015517302972688274e-01 6.065633989849082974e-01 6.073252370770200192e-01 6.133357472836256097e-01 6.174732561121298868e-01 6.046237220272059343e-01 6.183789238637732444e-01 6.128633971564162453e-01 6.108470388769752235e-01 6.118480161474851853e-01 6.134392493682474523e-01 6.057936325557299329e-01 6.067261348449953795e-01 6.092192554675613936e-01 6.113430032764505251e-01 6.100716398748544655e-01 6.067604721405623902e-01 6.051825300389194195e-01 6.165439697196457569e-01 6.178929691268174595e-01 6.191298762748632667e-01 6.166346969167714187e-01 6.177200402644067445e-01 6.189458008194577143e-01 6.150116998106414101e-01 6.139249316258514888e-01 6.230870606848897264e-01 6.176590963878002549e-01 6.092733539398609288e-01 6.055938485066578725e-01 6.096511128247757982e-01 6.087626168044580899e-01 6.115658382982166463e-01 6.086059284935460001e-01 6.069666469242434026e-01 6.150540959412489350e-01 6.103007452062149119e-01 6.117721268104781007e-01
1.924333618302458138e-02 6.491061116889702831e-02 1.672310863552550764e-01 3.532542370317280911e-01 1.000000000000000000e+00 2.906276994465933350e-01 4.976686495750294870e-01 4.592770770950181936e-01 4.740224235390998464e-01 4.249285734316342600e-01 4.603735156002758400e-01 4.779429598032402526e-01 4.832976454390262022e-01 4.360726824395477763e-01 5.134882916038625567e-01 4.996611858426344144e-01 4.727330830434863240e-01 4.345419226194903728e-01 4.353610109593532562e-01 4.088701813004436691e-01 4.250284963551229644e-01 4.576509595138144593e-01 4.443256633907580189e-01 4.118629425832339153e-01 4.400111065157076284e-01 5.022808017499719169e-01 4.877439389775663492e-01 4.967890915335003155e-01 5.013204804220212640e-01 5.012471734219140496e-01 5.042239001203433491e-01 4.874863220129525554e-01 4.642115334800437365e-01 4.798159247055849286e-01 4.845587048287604559e-01 4.739845390073995635e-01 4.912655683631697578e-01 4.818427700536828118e-01 4.980026988069412019e-01 4.827517252751147292e-01 5.051188865427862495e-01 4.983108016161198472e-01 5.057813188069402166e-01 5.082031244346221222e-01 5.047939894165553998e-01 5.113984093645638218e-01 5.039237021493584434e-01 5.101826968940934570e-01 5.019465903558553155e-01 4.761353783029522724e-01 4.849959105936436088e-01 4.970184068220779849e-01 5.062688349411625932e-01 5.068083690469767921e-01 5.089712045190497580e-01 5.068729349678576801e-01 4.899233174289235326e-01 5.128636071944460140e-01 4.921592311284168075e-01 5.086712006424801702e-01 5.053194505674696302e-01 4.993177414368042411e-01 4.887169551899839259e-01 5.001388959128389988e-01 5.036118177286905695e-01 5.034842990445006494e-01 5.046596112378345378e-01 4.999572317928508980e-01 5.007246814849357630e-01 5.048268829531418200e-01 4.999161104263611932e-01 5.016503467095714264e-01 4.893435604684656104e-01 4.952008825421131410e-01 5.113871702848521439e-01 5.100862531667335054e-01 5.060131000290473136e-01 5.067930003178353626e-01 5.072146213362819234e-01 5.100361237996033914e-01 5.113504757802479483e-01 5.128885906838455133e-01 5.022513586337569169e-01 5.092540340273696842e-01 5.044805444084403678e-01 5.046552795831106275e-01 5.106891729766406263e-01 5.069318403444704746e-01 5.078923474506407132e-01 5.085437694400308795e-01 5.060137061575540329e-01 5.084213221199102017e-01 5.146023154572093583e-01 5.098340228899924664e-01 5.095345733887415296e-01 5.097077964270854133e-01 5.085896142490250460e-01 5.063271230811955403e-01 5.109304326977934796e-01 5.084011430484884908e-01 5.138929673978606116e-01 5.070337473058671440e-01 5.148082267363439657e-01 5.151497082294111962e-01 5.150473262936973162e-01 5.096728592597248308e-01 5.094852279394482819e-01 5.098560981944769699e-01 5.123906009330448930e-01 5.107126105944522765e-01 5.101513194528954909e-01 5.126207819731692927e-01 5.108806904061633514e-01 5.098676649981804809e-01 5.060977417534522349e-01 5.127178300140838862e-01
-8.553843797888822931e-03 1.158350239819857241e-01 1.846876729141433415e-01 3.629891366503842365e-01 2.906276994465933350e-01 1.000000000000000000e+00 5.075711521608385901e-01 4.621840481276975332e-01 5.258557552183706907e-01 4.901888019085998138e-01 5.085515876796684598e-01 5.580881559607439035e-01 4.957172696356567099e-01 5.164701708579644279e-01 5.750003884110550523e-01 5.657354191830660239e-01 5.351883021186711886e-01 5.099933452605885931e-01 5.201538774555461986e-01 4.434439952578045352e-01 4.726087421646953945e-01 5.407322091155972732e-01 5.274324455374086451e-01 4.940839524435746144e-01 5.104937423086657322e-01 5.669534121922462644e-01 5.597092929050605514e-01 5.664903024546523724e-01 5.634874387164623410e-01 5.745743724127028162e-01 5.829515271492524686e-01 5.665473392932454111e-01 5.265591593251304214e-01 5.581555084296216940e-01 5.434952835658483083e-01 5.296008048496647636e-01 5.691403559954716362e-01 5.696917301892747698e-01 5.828257556434605080e-01 5.480945449042520234e-01 5.835356959712093561e-01 5.768614325875073279e-01 5.714265271865424101e-01 5.881234252941558438e-01 5.862787690899083914e-01 5.891823346293801889e-01 5.913736984682642639e-01 5.938075675080597415e-01 5.867904085681139303e-01 5.556524402369409366e-01 5.656642821967845514e-01 5.574518526658222006e-01 5.858467411237525679e-01 5.944955126605920848e-01 5.887170310352409786e-01 5.869597567823785500e-01 5.827559748394403050e-01 5.927268239064742428e-01 5.854719740527329908e-01 5.913314804712918038e-01 5.872162862223112567e-01 5.907343407686782566e-01 5.824216999087525881e-01 5.858086422299589868e-01 5.843133743648402101e-01 5.891482166362972395e-01 5.874433828709781924e-01 5.914464087396991143e-01 5.915978776584834842e-01 5.849586930839918431e-01 5.851293738299450098e-01 5.897884161559557858e-01 5.830700074115588993e-01 5.806998518217360017e-01 5.934492201989918225e-01 5.936905837936273800e-01 5.908936199778012099e-01 5.876138499178644725e-01 5.880665251486705269e-01 5.889082135432224252e-01 5.902018489660586509e-01 5.929556293386876176e-01 5.897273091386919797e-01 5.847743185775621244e-01 5.806839433240387205e-01 5.904568836439300084e-01 5.944221271729973610e-01 5.909646094342636546e-01 5.938445354867538661e-01 5.919603723641105875e-01 5.881192135121496856e-01 5.927338390936159884e-01 5.950690490799772636e-01 5.951940381271298985e-01 5.954848494989588570e-01 5.950763011817966630e-01 5.825729134360720929e-01 5.776722071996897023e-01 5.887971165419273456e-01 5.845449224941401400e-01 5.891593786697367774e-01 5.886618365972083877e-01 5.912500434260071769e-01 5.923175304015130260e-01 5.908150118667245820e-01 5.877762144410695333e-01 5.927820358030525538e-01 5.948290930302650992e-01 5.954081395847997671e-01 5.935660237865908462e-01 5.929782284537693515e-01 5.929798688842503607e-01 5.937699578181232507e-01 5.890553917599212763e-01 5.902053663849751164e-01 5.926197569324219705e-01
1.890853423248979245e-02 1.580032612263779224e-01 3.172338527561336941e-01 5.573628940909732821e-01 4.976686495750294870e-01 5.075711521608385901e-01 1.000000000000000000e+00 7.146679569218075123e-01 7.053169723646834921e-01 6.642988477881673903e-01 7.250438634766684931e-01 7.760263268871131492e-01 7.043834865079732221e-01 6.727582765121538078e-01 8.291528872450842913e-01 7.948160424284981262e-01 7.175082430502606190e-01 7.296853302228250016e-01 7.106814184424253833e-01 6.785187069404171600e-01 7.058818303948974915e-01 7.480749653204034066e-01 7.363936592950934834e-01 7.163815716338824968e-01 7.224089825284848443e-01 7.952691453244570274e-01 7.904978009651171256e-01 8.056059727108912938e-01 7.955614091155794876e-01 8.012545853645002270e-01 8.013311537713917465e-01 8.014167542674957012e-01 7.585405896776835633e-01 7.966176199144591186e-01 7.718702762987824650e-01 7.544559719066434855e-01 7.826415033698110868e-01 8.031697081040833908e-01 8.042395112090676701e-01 7.776071546808457358e-01 7.966114914220455701e-01 8.010749978717288666e-01 8.021258690405074221e-01 8.060633258418927749e-01 8.028557634467509141e-01 8.077792854893534047e-01 7.970469189504080232e-01 7.992028759756636402e-01 7.923374365921764806e-01 7.787164787921841969e-01 7.971608584253169205e-01 7.724548037109929544e-01 7.941199260485413136e-01 7.937161473027967151e-01 7.926693588702445892e-01 8.068906723955264759e-01 7.845423306569113686e-01 7.979072788306469377e-01 7.922310737818499815e-01 7.911803063438898054e-01 8.025919370659472252e-01 7.866456325273004646e-01 7.906152449107194391e-01 7.966679819293588372e-01 7.806372653017696894e-01 7.885851306615112577e-01 7.990171019811882491e-01 8.020402744372812087e-01 8.059115820848350431e-01 8.093168380871684775e-01 8.006155049339954699e-01 8.013401501480241773e-01 8.044501761286122488e-01 7.985629177440178861e-01 8.084534083571304208e-01 8.070490386527808813e-01 8.122915939678342356e-01 8.068358416724188409e-01 8.150209569968451806e-01 8.087018809076687020e-01 8.066770631784144774e-01 8.057223024150126367e-01 8.032637666700900292e-01 8.076263292998971943e-01 8.091324500784548013e-01 8.112503090442725329e-01 8.049993028404471840e-01 8.138107305287306525e-01 8.073969451564279032e-01 8.060700851677151668e-01 8.104344296094184719e-01 8.107611354922036329e-01 8.065091281697465142e-01 8.115680436695775768e-01 8.008414158587013887e-01 8.029313842405384483e-01 8.082999051278397795e-01 7.909906746487501694e-01 8.056932462574112330e-01 8.095737855254564463e-01 8.123531425957797314e-01 8.044283375056650032e-01 8.026514518456998593e-01 8.051745353058127330e-01 8.047032966569438450e-01 8.002807929333495274e-01 8.014139004344087436e-01 8.044847698689652216e-01 8.105222176250295174e-01 8.045438391821922997e-01 8.082131044298775935e-01 7.993894110088136662e-01 8.056471152123819701e-01 8.017172102014034074e-01 7.950390086451237792e-01 7.991187764798290960e-01
1.773519878724478735e-02 1.346055967414138410e-01 3.099690229328331270e-01 5.429291490933265685e-01 4.592770770950181936e-01 4.621840481276975332e-01 7.146679569218075123e-01 1.000000000000000000e+00 6.927742191441762509e-01 6.397158384563347289e-01 7.113245049212764126e-01 7.613055049076310477e-01 7.003921208925547592e-01 6.642986731178693871e-01 7.873596139229699364e-01 7.970926467073986554e-01 6.967025043700197928e-01 7.046693589746346742e-01 6.965995818935633022e-01 6.467202456997751536e-01 6.904076307923743272e-01 7.395322607628540545e-01 6.965070034946321265e-01 6.733646586104035103e-01 7.002965544314253554e-01 7.744603294333752830e-01 7.638802069230118397e-01 7.726809037514292822e-01 7.832865139144200572e-01 7.759717752919792488e-01 7.851089608368692074e-01 7.784079058094263148e-01 7.287420005772378140e-01 7.655642514805399701e-01 7.521616706291994747e-01 7.524527037243570193e-01 7.713666160200356448e-01 7.745970507726670506e-01 7.867278122943668350e-01 7.575210000004697353e-01 7.796397289182327439e-01 7.856720983500309341e-01 7.889088399215593572e-01 7.882139072789363654e-01 7.876821138893036478e-01 7.907717135692209354e-01 7.810779941740938481e-01 7.807956491861641757e-01 7.809118757269812860e-01 7.694484639344991717e-01 7.883326402987527182e-01 7.743279417194647296e-01 7.856709625518764062e-01 7.681838436714418794e-01 7.734315173240934316e-01 7.875294206188255819e-01 7.683366425968862767e-01 7.849781902361341324e-01 7.682721356083418440e-01 7.744471960258033638e-01 7.856530919935523771e-01 7.684793642619760501e-01 7.728241077098644274e-01 7.814543534933163782e-01 7.694042360256198032e-01 7.712681147787114888e-01 7.792075992428073583e-01 7.817172412527583214e-01 7.838312298784172460e-01 7.867047745656190472e-01 7.842114158338331364e-01 7.837051253528644068e-01 7.773198712994721093e-01 7.764145035444828258e-01 7.897692612687047253e-01 7.860741336436115612e-01 7.860012651946088891e-01 7.923199050776581487e-01 7.868144257444147360e-01 7.893538843331594501e-01 7.864490644625710125e-01 7.869132018091247183e-01 7.845524198852247277e-01 7.869033105068875544e-01 7.915248969821716551e-01 7.913926193964996303e-01 7.880830597267967086e-01 7.900732333639827187e-01 7.890827192696230341e-01 7.880555389228841578e-01 7.850309299359824466e-01 7.905858575575339664e-01 7.893073548936326844e-01 7.888847877527616070e-01 7.834525923704873662e-01 7.841940942425332794e-01 7.963807837214084140e-01 7.862260555094344738e-01 7.950810678769265616e-01 7.966006703781393083e-01 7.968630247715197124e-01 7.932190177958005073e-01 7.876778209880654913e-01 7.919355985274519893e-01 7.922828193824528187e-01 7.886864809940610233e-01 7.845523613493720072e-01 7.847517027396446743e-01 7.916490458332787750e-01 7.894584252541532177e-01 7.946434609579445807e-01 7.853156619802837968e-01 7.905313664776247862e-01 7.890253484869669265e-01 7.816609021551905734e-01 7.835109780904419008e-01
6.852356142396011374e-02 1.581320577277011419e-01 3.183431596588163770e-01 5.596761705806552190e-01 4.740224235390998464e-01 5.258557552183706907e-01 7.053169723646834921e-01 6.927742191441762509e-01 1.000000000000000000e+00 7.287887691158747572e-01 7.788759341309005046e-01 8.437240869723926506e-01 7.530262286575871711e-01 7.450140218681479132e-01 8.534281740155807983e-01 8.429489590079496386e-01 8.146864357743449636e-01 7.580392554071331279e-01 7.676554206325143515e-01 6.669725558347455729e-01 7.024697681604036292e-01 8.036164264861750395e-01 7.780818600397290119e-01 7.089145844330256852e-01 7.457149561457258047e-01 8.475447014026544768e-01 8.389991230612959816e-01 8.267218661389875711e-01 8.323673137139842026e-01 8.515957014492672172e-01 8.720515600252979338e-01 8.503927298469557972e-01 7.910507876079239109e-01 8.398618098328501924e-01 8.260050202088434768e-01 8.024730836505064024e-01 8.507732221308813569e-01 8.421730718046228636e-01 8.648717467617015320e-01 7.969158038818127121e-01 8.650763972259346568e-01 8.503963621563520592e-01 8.245168768055076702e-01 8.719677102744193276e-01 8.588845893728518366e-01 8.625133651518209765e-01 8.847777885743726145e-01 8.890055795337178379e-01 8.768320664397245556e-01 8.374729815762559371e-01 8.490744948294921546e-01 8.426393330767841805e-01 8.664474957771999275e-01 8.845781794427782785e-01 8.717463619475576131e-01 8.728297652958549868e-01 8.758868317581007812e-01 8.743664874867480563e-01 8.672886017943467474e-01 8.875413222765660137e-01 8.742072180360785927e-01 8.757510663827222652e-01 8.666768762342111909e-01 8.802939676739357511e-01 8.835327243356561056e-01 8.850779319360985165e-01 8.839362021475730691e-01 8.751644801735337653e-01 8.744690283634939387e-01 8.697305352588696747e-01 8.697954217588708126e-01 8.776825665959226974e-01 8.575259059336084455e-01 8.616589569691206485e-01 8.815741273886954499e-01 8.808312600807269854e-01 8.747871664743677167e-01 8.745084267445616399e-01 8.754576097418517167e-01 8.799667463573237480e-01 8.787831156963674673e-01 8.862345744899008393e-01 8.807368170843451471e-01 8.770156439787618607e-01 8.668383946714552923e-01 8.790303261994028006e-01 8.800699551221100592e-01 8.738953890434306704e-01 8.807768263723462221e-01 8.797591898527884480e-01 8.671016266477542533e-01 8.769930104555891948e-01 8.817143747245382857e-01 8.786344851942540224e-01 8.873407509362883916e-01 8.882468862831791601e-01 8.650688387242237987e-01 8.761552845374462883e-01 8.813194313862031670e-01 8.716453613747218165e-01 8.675512244006563511e-01 8.837161642800730466e-01 8.841248621555464204e-01 8.844502093798904951e-01 8.823326437636425101e-01 8.836536884123017410e-01 8.886008544530260567e-01 8.841930486915511311e-01 8.830339512702144456e-01 8.867531455025576825e-01 8.830614761757831221e-01 8.915601951309187756e-01 8.841310657976260146e-01 8.846859708361339836e-01 8.869381128473109444e-01 8.892789946696388892e-01
2.994346387636370385e-02 1.737928628458816904e-01 3.006644824633187829e-01 4.863727373735853843e-01 4.249285734316342600e-01 4.901888019085998138e-01 6.642988477881673903e-01 6.397158384563347289e-01 7.287887691158747572e-01 1.000000000000000000e+00 6.982737678386706781e-01 7.713107425321884536e-01 6.885891822983004618e-01 6.861202053744059892e-01 7.860664014586176140e-01 7.750061310599866138e-01 7.257017056652513842e-01 6.947087321184793884e-01 7.035047065960785551e-01 6.319844863469261664e-01 6.380724391073420154e-01 7.306255641394417966e-01 7.226937970943467793e-01 6.591786893288456017e-01 6.832414390708317908e-01 7.805226027952871792e-01 7.715024736650851755e-01 7.587751904121706747e-01 7.703412780949612237e-01 7.838748406485313014e-01 7.996419736066712192e-01 7.867765213493328469e-01 7.330129375848513096e-01 7.732509174293638043e-01 7.564474057165336829e-01 7.332552176860812621e-01 7.797683534546036022e-01 7.800220922149806446e-01 7.968156657713981739e-01 7.360943591363132699e-01 7.975753479133872448e-01 7.849985909887645663e-01 7.661799295599481807e-01 8.033336649829141418e-01 7.881152248018448159e-01 7.995494668402104432e-01 8.099034944785175050e-01 8.159320846266454597e-01 8.111238296008658200e-01 7.691168828468651908e-01 7.846896709474594500e-01 7.594351421910339184e-01 7.939476808647624173e-01 8.151922786011017719e-01 8.051604824192430954e-01 8.033418892540148404e-01 8.043042945709506508e-01 8.075249966736284257e-01 8.034029607695895026e-01 8.154002194933880343e-01 8.037190676369722064e-01 8.084970858228647250e-01 8.032883689353582657e-01 8.114729963383973121e-01 8.020984378633763123e-01 8.119104563452876899e-01 8.089976569318552135e-01 8.057996315339720494e-01 8.085703615148648327e-01 8.035281377316200180e-01 7.947966115937742382e-01 8.050499974161748895e-01 7.947243714251818192e-01 7.899513114556697690e-01 8.135967737064112582e-01 8.099881295593073238e-01 8.074956200162727304e-01 8.067590917718404642e-01 8.085721256496840592e-01 8.079279239142177493e-01 8.050679815170422859e-01 8.151708490639896221e-01 8.079865727843986711e-01 8.066010632099487321e-01 7.967430056937688798e-01 8.105008642681665876e-01 8.067264209058450097e-01 8.075354517595182413e-01 8.109135533301241594e-01 8.101164235837889915e-01 8.000531654746494414e-01 8.079228674320247938e-01 8.072287136925744289e-01 8.092499020884477146e-01 8.149372012530686771e-01 8.151047379705339546e-01 7.954180247481708044e-01 8.016442300412952582e-01 8.101054207395755880e-01 8.029078950042622953e-01 7.995195712612995775e-01 8.086705184528819590e-01 8.058832874506904886e-01 8.085936157656306023e-01 8.059066995865283856e-01 8.095562866933898594e-01 8.165676528621410579e-01 8.141204611078742825e-01 8.120456382138150353e-01 8.157707769940821807e-01 8.129506224832774297e-01 8.175329868152025892e-01 8.145197759188492759e-01 8.109194291886216988e-01 8.090327681673020743e-01 8.149085774771283042e-01
1.963940548474846226e-02 1.533516771231811793e-01 3.227617353202928419e-01 5.508106446421504598e-01 4.603735156002758400e-01 5.085515876796684598e-01 7.250438634766684931e-01 7.113245049212764126e-01 7.788759341309005046e-01 6.982737678386706781e-01 1.000000000000000000e+00 8.345981414600102122e-01 7.331287726523001425e-01 7.205094720342477554e-01 8.431431271841141051e-01 8.272947112391431101e-01 7.830507247904473500e-01 7.617883336963977570e-01 7.641862987981866695e-01 6.709899615769610026e-01 7.255407564624289929e-01 7.908724295602450605e-01 7.718834289838150120e-01 7.214711576474839294e-01 7.529564788815626963e-01 8.422349868776141113e-01 8.273260358613374610e-01 8.257462570666371793e-01 8.341462839977199506e-01 8.441102642698902203e-01 8.568279343964679828e-01 8.425803123983526266e-01 7.974763313290237354e-01 8.324599060523092398e-01 8.237725216504567793e-01 8.024738980837283764e-01 8.405581496123937235e-01 8.432448534285662545e-01 8.535328427799518947e-01 8.073477044525334545e-01 8.512050512668809521e-01 8.409117885753313315e-01 8.265253286985090320e-01 8.530878165730380047e-01 8.512520188179494296e-01 8.517567894823795394e-01 8.571997373427340250e-01 8.598798376455540904e-01 8.562566961835799129e-01 8.309004659828218564e-01 8.442010274301944284e-01 8.241883870138901891e-01 8.471314714215804065e-01 8.549590120057094511e-01 8.489772094628823540e-01 8.599030981344902846e-01 8.502460412526112732e-01 8.463357639351682948e-01 8.490201583984761102e-01 8.558150772061322575e-01 8.539942463808603001e-01 8.468826038349276386e-01 8.485389821036968261e-01 8.577433064046287026e-01 8.509695591530392900e-01 8.545607890432764808e-01 8.590667991385328994e-01 8.587173563076750948e-01 8.583142935611435265e-01 8.557294604596040744e-01 8.562199902177273225e-01 8.588106013940730588e-01 8.457474898060137747e-01 8.511721298337429076e-01 8.648115217660375942e-01 8.624052726368094390e-01 8.586066127074990506e-01 8.615157451709717362e-01 8.564391885904867330e-01 8.608689290965186869e-01 8.600161649310270606e-01 8.624496642341724639e-01 8.636172981848875274e-01 8.592992530437406629e-01 8.557864815830302785e-01 8.628921577345758376e-01 8.611431077400216738e-01 8.589840845628906596e-01 8.605350783625720368e-01 8.622581850826104288e-01 8.555525859498511743e-01 8.595521576507358930e-01 8.598458108275414125e-01 8.589391768952900907e-01 8.619012392020134472e-01 8.615428329201996194e-01 8.517765882479439998e-01 8.535671878050362649e-01 8.627087224241646313e-01 8.589717056107614157e-01 8.533043561869397831e-01 8.618077733127337270e-01 8.583227115289044917e-01 8.606825636046205874e-01 8.610612610964466507e-01 8.576449223025243151e-01 8.632716052561247855e-01 8.610888732628851905e-01 8.624864352353496244e-01 8.619647000819953275e-01 8.602701578929332626e-01 8.619994289982255697e-01 8.585833670847012877e-01 8.620924557107835229e-01 8.596978727359705363e-01 8.604894666424798277e-01
1.297573990671950506e-02 1.539247552643489281e-01 3.436920935375231689e-01 6.062149424569605038e-01 4.779429598032402526e-01 5.580881559607439035e-01 7.760263268871131492e-01 7.613055049076310477e-01 8.437240869723926506e-01 7.713107425321884536e-01 8.345981414600102122e-01 1.000000000000000000e+00 8.113503458441594374e-01 7.980432354843903786e-01 9.193654929126841013e-01 9.043613169187221246e-01 8.467830602645670668e-01 8.163735043889728260e-01 8.230926047061940531e-01 7.203337881743920867e-01 7.717768386337600095e-01 8.581290861714536700e-01 8.285927000114190477e-01 7.678929758179939835e-01 8.074013566755654514e-01 9.118896343893517775e-01 9.051096887114026268e-01 9.049716439445004701e-01 8.966859429070708210e-01 9.120632472055039131e-01 9.346349574877567123e-01 9.132067732472612942e-01 8.663540591189654583e-01 9.011502381691944841e-01 8.952785278847704697e-01 8.816867342013681164e-01 9.156507225155803287e-01 9.219738753718638158e-01 9.324723404986784425e-01 8.890623354269592271e-01 9.323407090084855353e-01 9.279990899237711144e-01 9.154837303788811997e-01 9.409724407523184508e-01 9.298479990509348481e-01 9.319982719514076086e-01 9.397742735068206343e-01 9.424846151438738273e-01 9.357113680551608637e-01 9.107803136711947189e-01 9.244363783079315722e-01 9.059727039689827732e-01 9.312719589340532345e-01 9.368428333969863742e-01 9.296396579806167626e-01 9.389913338562947409e-01 9.309166648110878128e-01 9.351760784453032604e-01 9.273635349038656939e-01 9.361645790989342464e-01 9.391606270520915789e-01 9.287224280689733158e-01 9.279404686254435486e-01 9.427825537521021815e-01 9.316365559145663999e-01 9.374898538343391374e-01 9.418604667868287761e-01 9.374544820116503807e-01 9.383154467954417655e-01 9.350523644975280435e-01 9.323928396429915777e-01 9.367689940973905616e-01 9.197640733086841491e-01 9.240853628945151499e-01 9.455571800474178445e-01 9.443619823408574421e-01 9.398987851609585942e-01 9.381769595712396992e-01 9.375061661152609416e-01 9.421399059057160574e-01 9.413768265922654033e-01 9.441912977041700961e-01 9.411597557036562867e-01 9.405330780570704263e-01 9.369072557042040783e-01 9.409138437208388606e-01 9.430591215239898517e-01 9.426762253428093707e-01 9.448432224574793148e-01 9.436564661394061249e-01 9.404355258081864566e-01 9.443565954188705147e-01 9.444585511960887914e-01 9.446676782122649385e-01 9.454698676940034296e-01 9.463841724075365835e-01 9.351943901998043263e-01 9.339092330880086612e-01 9.430843056603369634e-01 9.410835096483508577e-01 9.410453669691916101e-01 9.428233124214093763e-01 9.438474941079845193e-01 9.455568834416537838e-01 9.443966863316316518e-01 9.390856785679919660e-01 9.447452593596539216e-01 9.461535292643113992e-01 9.453869793945465227e-01 9.446004954440992973e-01 9.425977880214074789e-01 9.446795325961869771e-01 9.420823962080312475e-01 9.450212905593744495e-01 9.424542328195183449e-01 9.431080786029306662e-01
2.520678179885565279e-02 1.320213506291949002e-01 2.778515230708152872e-01 5.257246252727449942e-01 4.832976454390262022e-01 4.957172696356567099e-01 7.043834865079732221e-01 7.003921208925547592e-01 7.530262286575871711e-01 6.885891822983004618e-01 7.331287726523001425e-01 8.113503458441594374e-01 1.000000000000000000e+00 7.064180586978064946e-01 8.206867166096428745e-01 8.207656532575848818e-01 7.505165536513972446e-01 7.272811404532885105e-01 7.373761405728493923e-01 6.172688463135908021e-01 6.822108787681593345e-01 7.727631531636995899e-01 7.427843945584656771e-01 6.871318097917120671e-01 7.254656473541857276e-01 8.201779303510758901e-01 8.073147145203628527e-01 8.111491436270358291e-01 8.162452946130384079e-01 8.233657730765034932e-01 8.379584231602023037e-01 8.068482126284189926e-01 7.609879776504810955e-01 7.946142577722002942e-01 8.020202292192775140e-01 7.719034930628575486e-01 8.220479291510921493e-01 8.052512432243662532e-01 8.285871902573461734e-01 7.791102452845936055e-01 8.332758821093836366e-01 8.232262683228929179e-01 8.112649267712583878e-01 8.345266023523488785e-01 8.285716434412631060e-01 8.318638963578697254e-01 8.386195428266992602e-01 8.399463515930639668e-01 8.309783211002055303e-01 7.942459770858875112e-01 8.099769567502942413e-01 8.017196905477403934e-01 8.315082383587854009e-01 8.360459719336180706e-01 8.259305341924140231e-01 8.341603191908167902e-01 8.161946642152032583e-01 8.367779841361124848e-01 8.149873946541363878e-01 8.381529293407730119e-01 8.319602014790624667e-01 8.210820617396963339e-01 8.133780132433154897e-01 8.309036466828277900e-01 8.292850956988307987e-01 8.306829000078885805e-01 8.386647019433493000e-01 8.341078230064450372e-01 8.336857876419783153e-01 8.255185431365491544e-01 8.326148429720318100e-01 8.361209537108900136e-01 8.161870800678685534e-01 8.246471063940140622e-01 8.429423949304922781e-01 8.427612186646030734e-01 8.363545801539233882e-01 8.402908280091923032e-01 8.389631587479415842e-01 8.419373426103390345e-01 8.418292461502638879e-01 8.443173887541072231e-01 8.355177769413507649e-01 8.370256924563360679e-01 8.314618377461118204e-01 8.372928927055247605e-01 8.408734305493478223e-01 8.382571102526051865e-01 8.412596635120533906e-01 8.387528000478304824e-01 8.354797513504885753e-01 8.427198091773031585e-01 8.430754139425441496e-01 8.422137123302044781e-01 8.444011093273176005e-01 8.440752174031431743e-01 8.353930803199609567e-01 8.331512643511893579e-01 8.408131948740988904e-01 8.385612887802809112e-01 8.399192311409852119e-01 8.403144129412992713e-01 8.448282752368851956e-01 8.460869247171304286e-01 8.414112758929728209e-01 8.363155357724273431e-01 8.423808201397757767e-01 8.444829375607859623e-01 8.424738815721729557e-01 8.425945790539312030e-01 8.387269621975043110e-01 8.450835522536459532e-01 8.390507960308907220e-01 8.429788141610371488e-01 8.396214712956259207e-01 8.422372524170129715e-01
