1.000000000000000000e+00 1.009747177350373559e-01 5.294746427354678903e-02 5.086264367701052308e-02 3.684740509645025724e-02 1.193277772897864339e-02 -1.298516256172197944e-02 7.347319695216123978e-03 1.203300407147421397e-01 5.902169561968602374e-02 1.404521757640083031e-02 1.252668657231978226e-02 1.749592436976971088e-02 -2.090095263275388617e-03 -2.164069226410506464e-03 -2.998578063229313719e-03 5.602131270022196741e-02 -1.303182495064895280e-02 3.014402500336308896e-02 -5.002600819338506866e-02 -3.035821210962659153e-02 2.489984210117957356e-02 3.365683880105743014e-02 -1.935587333781987884e-02 3.568607278783752362e-02 5.322281694745117225e-02 3.390955098506109183e-02 4.118504604645888134e-02 5.758657315573305346e-02 5.677312972676919200e-02 3.505311014022214483e-02 1.900367717968758779e-02 2.160109244940846759e-02 -1.430405821450908208e-03 2.657932456823604642e-02 1.727087986859919891e-02 1.682677395643303320e-02 -9.532769917582332346e-04 1.080339680121522421e-02 -1.006289229256206869e-02 1.722671538018907128e-02 -7.057164361658962645e-03 -1.884561583492863623e-02 1.482167880790246153e-02 3.100759954928506302e-03 3.411343710745879092e-03 4.912505287982934545e-03 1.788650304618754142e-02 2.477512807807160863e-02 1.557491530424301787e-02 -1.978685306833974887e-03 3.499154744266731037e-02 3.167005962331949365e-02 3.141781967036422901e-02 2.794915884862575473e-02 1.736971241834221746e-02 5.058716150129587835e-02 -2.370641875005442389e-03 -3.236663078544632470e-03 2.832184196861244757e-02 -2.564043312582013449e-03 2.716815921367326039e-02 2.262896442236042235e-02 3.331214732990173816e-02 4.190047135717604732e-02 4.254124341189729347e-02 2.096277916989842602e-02 2.475711616924003867e-03 8.261433732941390190e-03 -1.711629910133853627e-02 -5.389860373234563705e-04 1.403787606878497199e-02 -1.359003310999186941e-02 1.093399410059781030e-02 2.056791216329375768e-02 2.282778399742326630e-02 1.582343333843752933e-02 2.960754492674847957e-02 2.306325287724168838e-02 3.233219708234730261e-02 2.577152628263515433e-02 1.538194439610234866e-02 2.193235626716482159e-02 1.266297067126262443e-02 3.734147259045287985e-03 1.256514804658197303e-03 5.742956234935256594e-03 -2.582413351894729918e-03 1.001322092524365576e-03 2.068538702443586778e-03 -3.389577144092171743e-03 -2.227331008862738597e-03 6.553737091099386299e-03 2.593539158653960803e-03 -7.175270227969727816e-04 8.339012412763250476e-03 2.981161636341362817e-03 3.839094757123075186e-02 1.608140985487494651e-03 -1.275079200911804751e-04 -4.017524714228933556e-03 1.027350665498168517e-02 1.647922796228129885e-02 5.204189208102821991e-03 2.296346620208100306e-02 2.883742845476704869e-02 1.209572201408748438e-02 1.111868198777786476e-02 1.102054096030130777e-02 6.168163818629219045e-03 -8.297144000334051583e-03 1.349283763660218301e-02 1.140718072492044252e-02 2.090520330779199049e-02 2.473621568708651505e-02 2.751681634745480054e-02
1.009747177350373559e-01 1.000000000000000000e+00 6.593932730467680359e-02 6.914647215145904025e-02 5.403066044139313850e-02 7.860994793517928070e-02 1.095862870861273874e-01 7.112693955828351677e-02 1.608975210677428547e-01 1.932332036618823190e-01 1.198024180363853886e-01 9.507376582173056312e-02 1.240989211262484987e-01 7.866371539680677705e-02 1.186457604402700872e-01 1.263278469743751020e-01 1.359075714460055706e-01 9.409213824627629674e-02 1.490248914048160900e-01 2.944075322441026821e-02 5.352133988963904410e-02 1.417477360932097863e-01 1.814919944122097839e-01 1.010292470813573540e-01 1.774212847858878672e-01 1.907284151367225900e-01 1.620910615436623736e-01 1.782674907870511749e-01 1.694328912532713782e-01 1.865115953259268988e-01 1.565101309354930137e-01 1.472451593081079146e-01 1.636792703300836427e-01 1.225423112023912853e-01 1.642030692333161790e-01 1.191344442716996133e-01 1.514994683555345167e-01 1.489368477331038387e-01 1.419053918166360839e-01 1.646043486111442578e-01 1.522522719029234528e-01 1.379920468063406125e-01 1.181484536350247416e-01 1.355137256850935112e-01 1.273331395652378129e-01 1.559258844821149737e-01 1.259129099585705736e-01 1.432421773106219154e-01 1.275141230999890796e-01 9.013950149716966342e-02 1.267484667453007974e-01 6.652949607813851696e-02 1.012587038662314393e-01 1.593411337139239992e-01 1.552947380147217671e-01 1.753884915711729220e-01 1.143690372426151847e-01 1.277025292875605400e-01 1.351251956436674284e-01 1.269184317809848306e-01 1.218712358045127148e-01 1.340977007596056425e-01 1.249153490299619584e-01 1.187398508689332111e-01 1.350166418855847927e-01 1.238194602130336941e-01 1.424722154852625378e-01 1.316762086377595009e-01 1.393961984950894961e-01 1.022904362488131630e-01 1.293262408611196568e-01 1.437385459468905613e-01 1.192081552179979215e-01 1.476681643492954721e-01 1.533338380659079181e-01 1.494264531567477128e-01 1.496014212120227449e-01 1.524879103760939658e-01 1.527254318608139427e-01 1.574850008908454113e-01 1.488992408742695617e-01 1.473876989318041453e-01 1.421142757519965050e-01 1.532550240487555726e-01 1.159955167966862100e-01 1.244671816740846731e-01 1.410135575799281171e-01 1.299285910328339677e-01 1.362933631414249280e-01 1.534378374575925963e-01 1.414916823001608759e-01 1.333597247567082922e-01 1.336451656000715027e-01 1.408297961185399627e-01 1.315295951809686836e-01 1.386652553180317549e-01 1.065452629037213494e-01 1.092050000870595228e-01 1.183095143800921983e-01 1.236733951469919379e-01 1.284550344785443943e-01 1.159980373946658816e-01 1.146926990878322367e-01 1.224105121085574399e-01 1.171134268211181523e-01 1.218158462707383261e-01 1.275856410619237713e-01 1.492792736821045296e-01 1.516739225738580055e-01 1.251873676962566850e-01 1.304259889996964572e-01 1.283708668949357368e-01 1.299199023171439538e-01 1.225724762767862186e-01 1.293779493383376833e-01 1.248581413802951484e-01
5.294746427354678903e-02 6.593932730467680359e-02 1.000000000000000000e+00 2.592611050487435009e-01 1.245704105260418831e-01 1.677890744200754014e-01 2.001755720366682478e-01 1.815756649067639394e-01 2.560253665711191284e-01 2.027485446558527360e-01 2.643006648541622594e-01 2.835754862383824682e-01 2.113565391874535349e-01 2.013888296289174928e-01 2.686494368520872533e-01 2.624571985875931990e-01 2.759485564507138111e-01 2.731598626986512235e-01 2.818176060267735261e-01 2.063751588157740902e-01 2.644581983510778112e-01 3.006117711986380225e-01 2.649297817640688946e-01 2.402549009886472964e-01 2.889573863924289610e-01 2.950220305068255722e-01 3.075311552267372406e-01 2.987081560940151315e-01 3.077531610864079892e-01 3.086062100856498680e-01 3.065338949083821762e-01 2.840049331673850652e-01 3.011540961580626008e-01 2.823739980912764458e-01 2.958133681808413629e-01 2.657161000541817253e-01 2.954096829382788503e-01 2.862298427258782030e-01 2.882919041644210756e-01 2.751403462120796117e-01 2.931325369010832071e-01 2.810782280986490189e-01 2.442747342498940433e-01 2.867495539655832149e-01 2.814845747445562929e-01 2.837434205422281197e-01 2.825997145230106922e-01 2.880382052299179652e-01 2.857701969252360308e-01 2.773904189864871417e-01 2.772829896866408350e-01 2.674126557664258108e-01 2.840586719319540543e-01 2.842271458264370998e-01 2.792801353021035493e-01 2.885193834120642342e-01 2.771746163280437991e-01 2.831545962608039702e-01 2.819803811285493400e-01 2.855416826064694491e-01 2.757702114595598220e-01 2.805290732926842279e-01 2.806229357856028228e-01 2.716249051497592326e-01 2.887725815452542033e-01 2.779622947905974195e-01 2.894327117843100150e-01 2.946984357689474421e-01 2.889326124032484122e-01 2.838773018107038082e-01 3.016983788373927000e-01 2.972497048776147621e-01 2.783789988975452490e-01 2.946103172816311733e-01 2.973532409885378258e-01 2.998240947096164066e-01 2.980877019721189791e-01 3.004675141879785683e-01 2.926158675272358400e-01 3.016445859230418303e-01 2.910204697034982635e-01 3.025798902201187746e-01 2.903454998831298539e-01 2.946699593409644602e-01 2.838144630360646126e-01 2.826838707091590686e-01 2.890878709528600932e-01 2.837418742815583927e-01 2.870775229485989510e-01 2.837758269104006525e-01 2.834900609833573837e-01 2.860090173100955369e-01 2.875978692196728415e-01 2.856635524856448449e-01 2.888494043325311456e-01 2.882231022413171417e-01 2.781571414246026830e-01 2.791564804744336992e-01 2.770428642743870684e-01 2.800436808337918304e-01 2.748389536796088106e-01 2.824438649583104755e-01 2.823642318480624192e-01 2.839598276905055951e-01 2.893969089672118189e-01 2.821644504876235082e-01 2.863881655409037386e-01 2.882314003720732321e-01 2.854856265529489012e-01 2.874054096164181948e-01 2.832648604257130831e-01 2.886620092338711974e-01 2.839558060875592149e-01 2.840570502270778341e-01 2.912863233687623121e-01 2.862326139038284256e-01
5.086264367701052308e-02 6.914647215145904025e-02 2.592611050487435009e-01 1.000000000000000000e+00 2.326406010035458327e-01 2.617428298094429673e-01 3.922577148875086572e-01 4.107446978463666909e-01 4.503800486462695152e-01 4.048652973555507129e-01 4.757161855248455695e-01 5.284023705079374800e-01 4.173483824791851537e-01 3.811135418223701721e-01 4.949825563706130027e-01 5.005425870948300160e-01 4.777755016882080374e-01 4.212259514354483314e-01 4.534866156469681830e-01 3.800713730493786024e-01 4.655387213178487360e-01 4.982999893842591788e-01 4.640744356464119313e-01 4.062463825881982293e-01 4.557255149731079813e-01 4.867055202337096653e-01 5.141816399651149005e-01 4.912486126409084664e-01 5.118822930080829670e-01 5.178742160627241020e-01 5.312684097766967595e-01 4.977379321888775188e-01 4.642588680007977420e-01 4.751238006688731086e-01 4.912781438453062699e-01 4.877236224369764228e-01 5.181455649334363311e-01 5.073186374380087571e-01 5.074322792467278465e-01 4.901512234201584328e-01 5.186070877084050235e-01 5.084558921911154217e-01 4.789918067732186757e-01 5.189380331724886553e-01 5.122201444794084457e-01 5.144333862752024089e-01 5.208012242522516155e-01 5.195027040773627647e-01 5.242631174512272230e-01 5.045780441814138317e-01 5.089427887930850769e-01 4.975215612389043973e-01 5.229021543281359152e-01 5.203562744018286335e-01 5.185049765671441158e-01 5.116079024586557278e-01 5.344539804148754625e-01 5.201952958773559121e-01 5.313202512226297136e-01 5.328141742506579126e-01 5.177941353090667054e-01 5.339107281033820263e-01 5.346558820672240309e-01 5.180310547777697838e-01 5.284022530904790571e-01 5.277399834072584728e-01 5.202010990422367698e-01 5.216304242517542100e-01 5.108756899905166904e-01 5.209543717339288893e-01 5.255970941708865141e-01 5.183939726452991836e-01 4.988756407737294785e-01 5.103782461135039084e-01 5.215092707554154217e-01 5.276261950632942233e-01 5.213413081965496687e-01 5.291989776380325861e-01 5.214203141720393786e-01 5.225412086586154192e-01 5.187074625727521315e-01 5.266196152537291342e-01 5.166188649154439538e-01 5.109915813464709355e-01 5.094156889067297245e-01 5.089661059900293383e-01 5.184197697489983936e-01 5.169563967387702519e-01 5.165538353398232418e-01 5.110208329116404657e-01 5.085262405123810447e-01 5.175455151135558429e-01 5.233061056756168616e-01 5.176428668375719910e-01 5.208008859639664534e-01 5.204007288827759981e-01 5.181346730393121547e-01 5.217166582785395246e-01 5.136561417291234388e-01 5.191673219519943316e-01 5.079030183303154811e-01 5.280210708715551426e-01 5.232440990239647371e-01 5.208684742091631570e-01 5.239450808067470655e-01 5.288737868287638477e-01 5.245107006546826378e-01 5.193109581138776187e-01 5.196970952777206776e-01 5.243121031247769404e-01 5.244514116135735593e-01 5.251538117985844467e-01 5.290816896255595703e-01 5.213098633490169664e-01 5.260032102277043542e-01 5.294268777513205793e-01
3.684740509645025724e-02 5.403066044139313850e-02 1.245704105260418831e-01 2.326406010035458327e-01 1.000000000000000000e+00 2.075344116649275594e-01 3.832928282597930503e-01 3.545812466351542236e-01 3.416157842930653832e-01 3.462060847016687481e-01 3.666296157898153996e-01 3.939036651992111615e-01 4.191582015350935331e-01 2.793956492596592067e-01 4.267843972579438705e-01 4.248257560699792990e-01 3.817688202446992141e-01 3.504041864468956380e-01 3.843485147869127316e-01 3.188281218608801648e-01 3.644848251342903689e-01 4.235900728422655748e-01 3.864909397014681391e-01 3.663961651492202987e-01 4.089203879327300006e-01 4.324071536317276032e-01 4.200548000051916864e-01 4.109239428908277314e-01 4.190941981910953351e-01 4.328753302653653989e-01 4.350714872068002226e-01 4.354863275780869181e-01 4.145215177762043290e-01 4.285133580469410175e-01 4.306302223412900587e-01 4.150985143242644781e-01 4.267655329414245524e-01 4.219974405507488369e-01 4.379004675523348600e-01 4.183040709577320326e-01 4.321577685376293276e-01 4.295771450212469977e-01 4.273048310252775539e-01 4.445974001534179210e-01 4.352736733746381259e-01 4.332315760080385769e-01 4.350223330130507660e-01 4.307095171363256592e-01 4.341131844221804981e-01 4.260434438219406483e-01 4.289269979686894385e-01 4.140722536265368792e-01 4.255012476450500958e-01 4.338807442777580237e-01 4.322805093754551464e-01 4.369875354218866748e-01 4.249151746603495594e-01 4.277884378062838944e-01 4.218697114756668198e-01 4.394376441527928501e-01 4.349941313678460930e-01 4.310528528715943941e-01 4.306778503178621542e-01 4.297366576325921672e-01 4.269049939197137600e-01 4.288842771401867315e-01 4.320630519032847561e-01 4.367989790053100618e-01 4.400024661968105488e-01 4.265937806138248023e-01 4.348593595870407502e-01 4.343913976701778146e-01 4.252151497142223069e-01 4.376189753587931830e-01 4.425981249792266259e-01 4.382414424777102968e-01 4.326858899799492786e-01 4.307284584935655580e-01 4.411582276189940366e-01 4.393518356634268929e-01 4.331820407726504341e-01 4.387599592948651095e-01 4.370020745616148838e-01 4.366622914720892923e-01 4.426460118205087779e-01 4.396986423851408921e-01 4.395676718865521582e-01 4.347302209817262009e-01 4.405165568791525321e-01 4.321223262051872016e-01 4.326287438458157331e-01 4.355491964074441058e-01 4.357074623634469290e-01 4.376948543931286628e-01 4.332116949765075775e-01 4.311832588973917857e-01 4.321321047641462632e-01 4.345273539989737976e-01 4.368161656869744003e-01 4.352061617560417650e-01 4.380667173126049363e-01 4.379691294304778326e-01 4.334996275900664386e-01 4.410679397224572251e-01 4.355165167560993145e-01 4.291131156330443841e-01 4.350694019688018943e-01 4.343107024628486412e-01 4.356897684561012452e-01 4.319171458754506587e-01 4.279854381262361285e-01 4.369583592844187847e-01 4.322829396448780170e-01 4.389602815227232613e-01 4.319100573476657989e-01 4.323797935199092946e-01
1.193277772897864339e-02 7.860994793517928070e-02 1.677890744200754014e-01 2.617428298094429673e-01 2.075344116649275594e-01 1.000000000000000000e+00 3.985363347689239721e-01 3.429674920691899720e-01 3.981149287386416269e-01 3.796490788569784613e-01 4.096477876327568324e-01 4.499397304069251979e-01 3.928715733399357757e-01 3.331843667088393302e-01 4.521187413474346828e-01 4.514132685751462981e-01 4.198535173524551301e-01 3.452681100826698324e-01 3.858123776679878714e-01 3.103382138247317013e-01 3.350276671787344451e-01 4.269381533014260377e-01 4.117501996494668526e-01 3.742707126541036100e-01 4.296139197160036560e-01 4.622933192664393509e-01 4.731264278656139854e-01 4.521889837139593804e-01 4.589222291644086682e-01 4.753414438497522987e-01 4.842466139280329207e-01 4.627275599112497528e-01 4.549234293873541946e-01 4.644402233519816514e-01 4.598832225534706386e-01 4.535052452507696286e-01 4.701041638839291159e-01 4.745431773518874463e-01 4.843414622948174486e-01 4.646224194792086815e-01 4.777541510751513454e-01 4.813799876751672091e-01 4.621343893320500884e-01 4.915432095619391428e-01 4.755690118038224945e-01 4.812854755010120833e-01 4.879546112778611056e-01 4.867727092593231442e-01 4.867105239694302088e-01 4.781946495887077764e-01 4.859327654758238690e-01 4.489318627399820905e-01 4.671373760915975559e-01 4.785193414501237585e-01 4.799439524023300097e-01 4.830504903922807625e-01 4.706962734063614984e-01 4.854525997261461279e-01 4.823897388134045228e-01 4.815983741904786841e-01 4.863909923608663588e-01 4.833968669762634951e-01 4.795190392607274754e-01 4.796619016257268053e-01 4.725566903424015530e-01 4.773118551606072568e-01 4.879024314512673821e-01 4.815714331200517950e-01 4.822480653692510222e-01 4.731212540760771912e-01 4.779340585252901397e-01 4.835764189176903760e-01 4.658464382264483339e-01 4.808155786746232119e-01 4.906851240554980786e-01 4.881422163832530581e-01 4.894398720805493430e-01 4.871161312407104038e-01 4.868467529860379672e-01 4.896483348190860396e-01 4.911047489561710111e-01 4.932869041376405916e-01 4.867599709596529545e-01 4.896610736171263523e-01 4.891234532716293715e-01 4.840844554327541349e-01 4.889802586292731346e-01 4.919882969673397555e-01 4.920235143600381056e-01 4.856985524925570008e-01 4.868736570496962623e-01 4.900101850160576422e-01 4.899079367973521171e-01 4.893766359250574793e-01 4.883110251134810675e-01 4.888948289069123820e-01 4.868105676157613582e-01 4.795030665101352452e-01 4.861577511775773686e-01 4.870824522010042124e-01 4.838795182856373556e-01 4.879826319863302952e-01 4.812845114598055529e-01 4.889449250664705260e-01 4.868458678299108500e-01 4.769325759950082677e-01 4.891800789505161284e-01 4.887347478404929224e-01 4.872349148669277152e-01 4.855223975908636302e-01 4.865507003037408684e-01 4.884407286078057964e-01 4.857698309417071147e-01 4.858022783407364154e-01 4.859694708963456233e-01 4.820968688065988550e-01
-1.298516256172197944e-02 1.095862870861273874e-01 2.001755720366682478e-01 3.922577148875086572e-01 3.832928282597930503e-01 3.985363347689239721e-01 1.000000000000000000e+00 6.118106620016201536e-01 6.060870371723248162e-01 5.829919398596565827e-01 6.187111319969336165e-01 6.899444492459858580e-01 6.147159490998097553e-01 5.259050378722557317e-01 7.612793734158219694e-01 7.276326585969444816e-01 6.412373615058234444e-01 5.713629283099737055e-01 6.090415154424757560e-01 5.370985490065826040e-01 5.833401087191039114e-01 6.725019610293646588e-01 6.665000110634857755e-01 6.150677299664504272e-01 6.568319199182734991e-01 6.979117986529024265e-01 6.898308094841557603e-01 6.905052600354064651e-01 6.757858600483244160e-01 6.996934758360489059e-01 7.208024486740682857e-01 7.402209424303399787e-01 6.959500010035629680e-01 7.242944942893730920e-01 7.147085985510480688e-01 7.176063880179623933e-01 7.252544292612747023e-01 7.341495275650868901e-01 7.443195392067658567e-01 7.188857969782710411e-01 7.330630029591927999e-01 7.463335734078291317e-01 7.302650482090539130e-01 7.474786165732419940e-01 7.415396339352292587e-01 7.435686941745753842e-01 7.480730345447914598e-01 7.431076427038769694e-01 7.459024754931636858e-01 7.397154026069641120e-01 7.507142297094409056e-01 6.948563127783654592e-01 7.316564013030057989e-01 7.382573966714706115e-01 7.421609821760958292e-01 7.421995642950912631e-01 7.331657184745522526e-01 7.407046476910259525e-01 7.449847570674558161e-01 7.412575555590511511e-01 7.555791105493906423e-01 7.457467713855078228e-01 7.452241870421043579e-01 7.409862107178017965e-01 7.298034228031716752e-01 7.372077444939867386e-01 7.454007683983644439e-01 7.444835776355737123e-01 7.532718895934807923e-01 7.439711045028475356e-01 7.404047923482828253e-01 7.411318052130402290e-01 7.310983261011756440e-01 7.370795151430776793e-01 7.417430432031570930e-01 7.415484628707929016e-01 7.402758103401201328e-01 7.302097835240992652e-01 7.440288677380297866e-01 7.370204293761216663e-01 7.441401781129310944e-01 7.436415527370388023e-01 7.550173221845166704e-01 7.493831230753006389e-01 7.612607255895266212e-01 7.550512263871415053e-01 7.472981671690908101e-01 7.599373021137871831e-01 7.569148573263780877e-01 7.438198023523326929e-01 7.460542267765838398e-01 7.523239610008201073e-01 7.491956489367751493e-01 7.512401891546014454e-01 7.491726301781602704e-01 7.472880834124134841e-01 7.477581994521250719e-01 7.436656249685750231e-01 7.557253100847669547e-01 7.608062372672065310e-01 7.560439032454219221e-01 7.571115965617886134e-01 7.501830107179235929e-01 7.554379470403191910e-01 7.487693930383733099e-01 7.438274640037066954e-01 7.536988389027526880e-01 7.482334947832006700e-01 7.494393222026420887e-01 7.503285707296232232e-01 7.511683250284186819e-01 7.477989181058353196e-01 7.501329778530874126e-01 7.521090325580024327e-01 7.427273184216340862e-01 7.442355729429489530e-01
7.347319695216123978e-03 7.112693955828351677e-02 1.815756649067639394e-01 4.107446978463666909e-01 3.545812466351542236e-01 3.429674920691899720e-01 6.118106620016201536e-01 1.000000000000000000e+00 5.653795295852536151e-01 5.420016879915321439e-01 5.783814232891852924e-01 6.645540874686403088e-01 5.865341233949090682e-01 4.697231347372060606e-01 6.975497183726325767e-01 7.132901580931867436e-01 6.121273413938994601e-01 5.221727160085664066e-01 5.762261723171961947e-01 4.967905343532839080e-01 5.615617347309745933e-01 6.370849889902084895e-01 6.014129136534686060e-01 5.501371801833573327e-01 5.917233346685565332e-01 6.521533222800366403e-01 6.553341507586252224e-01 6.444671214708728169e-01 6.509780115806912404e-01 6.608108451960591490e-01 6.833055910460594795e-01 6.843606404579831715e-01 6.499072854185174997e-01 6.713819183696286830e-01 6.697202184323846064e-01 6.706224371053768341e-01 6.816887688116847199e-01 6.994194281712451389e-01 6.972971838703084790e-01 6.695699617653111391e-01 6.815394893504725937e-01 6.870778140677018531e-01 6.858373468143789120e-01 7.056903372742424629e-01 6.928922460502874303e-01 6.980132477787025502e-01 7.027878686299152688e-01 6.967829692026185073e-01 7.027525592115351216e-01 6.939969610600031924e-01 7.077565035170827468e-01 6.517191222566184328e-01 6.893575817843259346e-01 6.984641560287595530e-01 7.070401455277521841e-01 6.879672243972062562e-01 7.066792920699034308e-01 7.067190471615597547e-01 7.183816863634340244e-01 6.990082412280400614e-01 7.126707406708540082e-01 7.186835713520413060e-01 7.175201618188356001e-01 7.014084869308423453e-01 6.957145289314384806e-01 6.976447828540590645e-01 6.973512035845195189e-01 6.940631352011915611e-01 6.976854739263715910e-01 6.972100181153764176e-01 6.925518882579286828e-01 6.943222727375240044e-01 6.752947459047708989e-01 6.821014368084605817e-01 6.943058745120014308e-01 7.018082357564870977e-01 6.903877339178938755e-01 6.947396045718450264e-01 6.972438190548275738e-01 6.958478437401213190e-01 7.007564391739612430e-01 6.996773710836322602e-01 7.013131600144003608e-01 6.994735988878693078e-01 7.058444978579664353e-01 7.008804228593427110e-01 6.993786413120415268e-01 7.127511884195356640e-01 7.048093728357962551e-01 6.886733045835982114e-01 6.869222388943683200e-01 7.007619652982809422e-01 6.967382807241777609e-01 7.013544885269296092e-01 7.039966600003687569e-01 7.008126418379526656e-01 7.077329728005069542e-01 7.063220421144588146e-01 7.110778167332252320e-01 7.093731064523042251e-01 7.011826297098341376e-01 7.163834959903233601e-01 7.051511831241843442e-01 7.118755161884349203e-01 7.024399571674888598e-01 7.099736261442717300e-01 7.066154637326131915e-01 6.990215000375572529e-01 7.036391326481787889e-01 7.079415714538399573e-01 7.098773093732843043e-01 7.041011496812065174e-01 7.120907000447447288e-01 7.100413075113788386e-01 7.009278162667976764e-01 7.043718223396567835e-01
1.203300407147421397e-01 1.608975210677428547e-01 2.560253665711191284e-01 4.503800486462695152e-01 3.416157842930653832e-01 3.981149287386416269e-01 6.060870371723248162e-01 5.653795295852536151e-01 1.000000000000000000e+00 6.960436550057991223e-01 6.917521257782628386e-01 7.427293711874281001e-01 6.720881574805042113e-01 5.455324570650799121e-01 7.429549722194762618e-01 7.518755199049301785e-01 7.479256899271680137e-01 5.904517275501498519e-01 6.849428908268604399e-01 4.979717562965412792e-01 5.808963205501078697e-01 7.390902164271819785e-01 7.343438937034796332e-01 6.174330192993841004e-01 7.478266750412885244e-01 7.833340499606364915e-01 7.763938106665287942e-01 7.730315907814950815e-01 7.672644647940780605e-01 8.032999953079510425e-01 8.002157318136569053e-01 7.716821289612507684e-01 7.418765594633285332e-01 7.523787971166177035e-01 7.760357772246475605e-01 7.592353476299323889e-01 7.978755983722859435e-01 7.642029067304920709e-01 8.003087168123440565e-01 7.512383497587175052e-01 8.038524397027450030e-01 7.870200189835803162e-01 7.433239985096317115e-01 8.037533930252579450e-01 7.857426966264515755e-01 7.932936441263924721e-01 8.077813960151197792e-01 8.211932103012342665e-01 8.121527340581041754e-01 7.580476987747879480e-01 7.830069528129505185e-01 7.432057789659450853e-01 7.924612680009429644e-01 8.265394338253619910e-01 8.101714642394008958e-01 8.115246574435572846e-01 8.112101395620521238e-01 8.013841600501082629e-01 7.972854350172653426e-01 8.253001153716840177e-01 8.013718012782045097e-01 8.153885467353035876e-01 8.026520586841043858e-01 8.143926780082415551e-01 8.209854049059419623e-01 8.179205308380240735e-01 8.203542887137155182e-01 8.012822641793797551e-01 8.044698226206626890e-01 7.790627403737928613e-01 7.986890151415548811e-01 8.163073664396691687e-01 7.664314690893430093e-01 8.113748527562041346e-01 8.186138194400369716e-01 8.150983459428803313e-01 8.141423429744057971e-01 8.139165867532025533e-01 8.124845598723364759e-01 8.232386118435857103e-01 8.213588830197040558e-01 8.189054409116633959e-01 8.168474734693054184e-01 8.106853704888279388e-01 7.903071231994187595e-01 7.986827109799716773e-01 8.131190384552167139e-01 8.000734720796807142e-01 8.108968220386363335e-01 8.084420903212330423e-01 7.907970667596290193e-01 8.066993900719133803e-01 8.094657627927982491e-01 8.110411165541185907e-01 8.129242785585182318e-01 8.185461693085266388e-01 7.875607084730952279e-01 8.008263625788516471e-01 8.020022119090148838e-01 8.003211284569073936e-01 7.992772189861034882e-01 8.053851580463087245e-01 8.053836876907403131e-01 8.119886845705979184e-01 8.125035753445930542e-01 8.074502532261519372e-01 8.146609907240741633e-01 8.197104588622846633e-01 8.175160087003883191e-01 8.123330202311886961e-01 8.040060946151247334e-01 8.206400006861743757e-01 8.118914820923350817e-01 8.172284130829036153e-01 8.193777872268090956e-01 8.177935739435577833e-01
5.902169561968602374e-02 1.932332036618823190e-01 2.027485446558527360e-01 4.048652973555507129e-01 3.462060847016687481e-01 3.796490788569784613e-01 5.829919398596565827e-01 5.420016879915321439e-01 6.960436550057991223e-01 1.000000000000000000e+00 6.427577433966841225e-01 6.910309649359372974e-01 6.306483158755856744e-01 5.205610323623455216e-01 7.148639663507703190e-01 7.113265945403319801e-01 6.842791395556787615e-01 5.654666476307943501e-01 6.539995953655985961e-01 4.911028759713903513e-01 5.547493648011400103e-01 6.987824622340420566e-01 7.172720166303220291e-01 6.096467064048801676e-01 7.201245682880308419e-01 7.469020021292547273e-01 7.357164111488183611e-01 7.437293489672267555e-01 7.344735815624511277e-01 7.604509010922438916e-01 7.604051680636814137e-01 7.457042205835073823e-01 7.254441098628620077e-01 7.123724149881273116e-01 7.419612594335992517e-01 7.105211361538750214e-01 7.502119441986541126e-01 7.336209404609089768e-01 7.581106747412240665e-01 7.321149202073988782e-01 7.627516311426940643e-01 7.602501230334642868e-01 7.191131186818616738e-01 7.581834448934368087e-01 7.483484547697500933e-01 7.618738450116360195e-01 7.640917818863198763e-01 7.758071534855861540e-01 7.548865597740322952e-01 7.009510584576132963e-01 7.415040054311596851e-01 6.780216081734471434e-01 7.255521020781054986e-01 7.814534784532986000e-01 7.669813389294067862e-01 7.793732903355091723e-01 7.388211683841877653e-01 7.582139226318658221e-01 7.540895318403207925e-01 7.651827451145618575e-01 7.572436112311448086e-01 7.609896810735967687e-01 7.483565685503364984e-01 7.505419070378550606e-01 7.582846588395535381e-01 7.519095828574916540e-01 7.717977840282476132e-01 7.604925677725011823e-01 7.678225973059648046e-01 7.410238204262619144e-01 7.547183566674523503e-01 7.729747833354365660e-01 7.347756811330081739e-01 7.681139412725859206e-01 7.730334586995667445e-01 7.712561383121728786e-01 7.727360313751306942e-01 7.666309636422972140e-01 7.735471043209610764e-01 7.760998252045320234e-01 7.746040112126997279e-01 7.741111791216027660e-01 7.719888008956438119e-01 7.748216248222458136e-01 7.486093400292442857e-01 7.585661751867192049e-01 7.706250302886238357e-01 7.611894155571206078e-01 7.680125859033631874e-01 7.733557287201637820e-01 7.631608755519319054e-01 7.690589306864304975e-01 7.664809119186505315e-01 7.715741780036406983e-01 7.678792002056032961e-01 7.732041527367046196e-01 7.356560369339941730e-01 7.387470882671915984e-01 7.560149168084896454e-01 7.578085041806819078e-01 7.601944909759100755e-01 7.533976014686909473e-01 7.531991592029222415e-01 7.642684772362178247e-01 7.570586397539545986e-01 7.508097319077037257e-01 7.655752275552655250e-01 7.765704904892039018e-01 7.758447607378197164e-01 7.633725337485387508e-01 7.624810110472620694e-01 7.681497904865984827e-01 7.635973859036144784e-01 7.626743476752502193e-01 7.635820665882040448e-01 7.607252194866762629e-01
1.404521757640083031e-02 1.198024180363853886e-01 2.643006648541622594e-01 4.757161855248455695e-01 3.666296157898153996e-01 4.096477876327568324e-01 6.187111319969336165e-01 5.783814232891852924e-01 6.917521257782628386e-01 6.427577433966841225e-01 1.000000000000000000e+00 7.941106767580693448e-01 6.685354949240744915e-01 5.605748381188505602e-01 7.745674296193596486e-01 7.612187587304980463e-01 7.450188222020638351e-01 6.418488809524977023e-01 7.042406630885876817e-01 5.468209308445176609e-01 6.402033680121338444e-01 7.544509854435030860e-01 7.265291231194599408e-01 6.664274278760409231e-01 7.489149381158782814e-01 7.796166031052687018e-01 7.893516792047593489e-01 7.802944323801044302e-01 7.762186244324017492e-01 7.953421046953189633e-01 8.236149962151209092e-01 7.985466073305010903e-01 7.640516794445769699e-01 7.865293905795096574e-01 7.884596809578442445e-01 7.818781109982899657e-01 8.146391470523504097e-01 7.887523752419434153e-01 8.227493974852200243e-01 7.798689055114054192e-01 8.256060647848837419e-01 8.237926647518309942e-01 7.758341749242063656e-01 8.213958145553135193e-01 8.153410845535689067e-01 8.140931739901904329e-01 8.335883028123313165e-01 8.387871549011334249e-01 8.277307204411921138e-01 7.865549908749860375e-01 8.151462088012618734e-01 7.736078676327468040e-01 8.112989114430848581e-01 8.280909664943548742e-01 8.196971064816471753e-01 8.201531133716032373e-01 8.079519921013476047e-01 8.276392173179009104e-01 8.199043030324484338e-01 8.308736744105249539e-01 8.273030495074760182e-01 8.241711660876059886e-01 8.152107483357674544e-01 8.203666677526214590e-01 8.270506000480388753e-01 8.179022938665118092e-01 8.388137318254164088e-01 8.348575912764698570e-01 8.304547234630541563e-01 8.186807078989344344e-01 8.344465673675052209e-01 8.390469941785480001e-01 8.113367464485460312e-01 8.343700359849354209e-01 8.383876281647025808e-01 8.354472276089178751e-01 8.369666133315317724e-01 8.307900892413221383e-01 8.329127134291697265e-01 8.344180424355353010e-01 8.315362108842435651e-01 8.402643881899338751e-01 8.308829359643884471e-01 8.332042645508773715e-01 8.246944157511345574e-01 8.312858066434677395e-01 8.359222443549503279e-01 8.326582633066651473e-01 8.369599356968963066e-01 8.305966974254784807e-01 8.282316484149826463e-01 8.379648087230817666e-01 8.392205491619090241e-01 8.384038903660112618e-01 8.410006753041311400e-01 8.416866355583911830e-01 8.176322467449272935e-01 8.134448535458148610e-01 8.300693784670420960e-01 8.323374815262758464e-01 8.282323464669887336e-01 8.289149797679244980e-01 8.326596892478368428e-01 8.366510910440466686e-01 8.336034680543751296e-01 8.170062452090847138e-01 8.383198841462335960e-01 8.386286981051672695e-01 8.366505065982632328e-01 8.378163626813134313e-01 8.354843860279530521e-01 8.390765045385251142e-01 8.338651917214695564e-01 8.343985574586033627e-01 8.395592359485135603e-01 8.312146884286426562e-01
1.252668657231978226e-02 9.507376582173056312e-02 2.835754862383824682e-01 5.284023705079374800e-01 3.939036651992111615e-01 4.499397304069251979e-01 6.899444492459858580e-01 6.645540874686403088e-01 7.427293711874281001e-01 6.910309649359372974e-01 7.941106767580693448e-01 1.000000000000000000e+00 7.270819528175416213e-01 6.137088428125779815e-01 8.484841418405814073e-01 8.418795632863484979e-01 7.913972161056392896e-01 6.826396496071199804e-01 7.416542672450556761e-01 6.186772809244740490e-01 7.105371594814009484e-01 8.149229442341228147e-01 7.773466616920022831e-01 7.039757060252995746e-01 7.901220992386276398e-01 8.387948633153567979e-01 8.507024912311299536e-01 8.374818437227232737e-01 8.289135604251453016e-01 8.549949402281752375e-01 8.870205477269003103e-01 8.642262471925634681e-01 8.285432793170837140e-01 8.543186911531056582e-01 8.519958847363403587e-01 8.487506937868427581e-01 8.746512304759057610e-01 8.679266729743634334e-01 8.875816507328149196e-01 8.504319678610552380e-01 8.854545591745930366e-01 8.858738220796612550e-01 8.482691329141366365e-01 8.938296942235791631e-01 8.864749529577481413e-01 8.863753478558030752e-01 9.005115351307532157e-01 8.962052936901693245e-01 8.931627145465937945e-01 8.677534941959679227e-01 8.876220080179992866e-01 8.407713539569017236e-01 8.771236283178649451e-01 8.893008751124036326e-01 8.874393598531529204e-01 8.819920220226183938e-01 8.810043646346372714e-01 8.957202573928461087e-01 8.936073412003877614e-01 8.964758321194178370e-01 8.963260190893013180e-01 8.957239069677682686e-01 8.894321828554866416e-01 8.873586009052942813e-01 8.894950514445917333e-01 8.864758409691260166e-01 8.982058496280248550e-01 8.940481968000228985e-01 8.912059739010039783e-01 8.891729607477900643e-01 8.967561438332900536e-01 8.964710708367722436e-01 8.679567732502518895e-01 8.857817454985503769e-01 8.980301019953798036e-01 9.008733797567063384e-01 8.972687461140742560e-01 8.876713478163721360e-01 8.951398321899306509e-01 8.924900330733710474e-01 8.956147967052726644e-01 9.021187813825513047e-01 8.973284510137269354e-01 8.938184701281048916e-01 8.941211488201832314e-01 8.957651678433946607e-01 8.995171766954060955e-01 9.012755188725233291e-01 8.995519574972478116e-01 8.890641356339246126e-01 8.876694980532847667e-01 9.015458074756395046e-01 9.003083964913436432e-01 9.006646264699409432e-01 9.026876322652886975e-01 9.017833377611699230e-01 8.886894602880590632e-01 8.855131147146347859e-01 8.970648107143098793e-01 8.999620981429032884e-01 8.923913884724178347e-01 8.994255211815836981e-01 8.976699065953677170e-01 9.038018126656309770e-01 8.983765629481215154e-01 8.877971008825060739e-01 9.038429683852901020e-01 8.993641603571060905e-01 8.974370466575001259e-01 9.028243182429235292e-01 9.021609350198013244e-01 9.012252220738840025e-01 9.004859049533940896e-01 9.000530560364746746e-01 8.995836173281682724e-01 8.967681724619789296e-01
1.749592436976971088e-02 1.240989211262484987e-01 2.113565391874535349e-01 4.173483824791851537e-01 4.191582015350935331e-01 3.928715733399357757e-01 6.147159490998097553e-01 5.865341233949090682e-01 6.720881574805042113e-01 6.306483158755856744e-01 6.685354949240744915e-01 7.270819528175416213e-01 1.000000000000000000e+00 5.352191594054602763e-01 7.642275004684877526e-01 7.610031195856435948e-01 6.950680161951572344e-01 5.746590223240475304e-01 6.551287940258205822e-01 5.092907445490522100e-01 5.753608383096111556e-01 7.102842418045659523e-01 6.846031116256429128e-01 6.028184193857103468e-01 7.066196151537170733e-01 7.602917409931444492e-01 7.463562464913434669e-01 7.509646938527309024e-01 7.399190695556945307e-01 7.738336663405240845e-01 7.864836479407179004e-01 7.549211835339568744e-01 7.307453421095503332e-01 7.373929443414170004e-01 7.638553547157462820e-01 7.439274432490777800e-01 7.719908732006683927e-01 7.641519153677948095e-01 7.877836722625484178e-01 7.475623673152926862e-01 7.905826981622451344e-01 7.854559182483784596e-01 7.532074865360678384e-01 7.955296545829994015e-01 7.778742563580042235e-01 7.853725189687930097e-01 8.004822527677882826e-01 8.006060668873676844e-01 7.948279962224759077e-01 7.598373229211683455e-01 7.839004074824492685e-01 7.251565121124581292e-01 7.698203192691848162e-01 7.978943243829959009e-01 7.893863321766447783e-01 7.916522321050504241e-01 7.722791974605353049e-01 7.940990523563365988e-01 7.850475528110715251e-01 8.016563886950290874e-01 7.978413680612281844e-01 7.909945831810741845e-01 7.810701583692459815e-01 7.930461621184524690e-01 7.863273213522137262e-01 7.804104304403737258e-01 8.002765698175551279e-01 7.871078224255383393e-01 7.907160292016384151e-01 7.744396299764206848e-01 7.864874877890893901e-01 7.971798907240749132e-01 7.534562236477444497e-01 7.911342158516806444e-01 8.010184738704482221e-01 8.007670794046635176e-01 7.963437800636131714e-01 7.941304864669860297e-01 7.964858470914878419e-01 8.020797703627350339e-01 7.991075494848024485e-01 8.046436614496804696e-01 7.947361285068265113e-01 7.957958122130712741e-01 7.869256421987196326e-01 7.886865655998172020e-01 7.977372159202125168e-01 7.937887545789892307e-01 8.010994265275119819e-01 7.917414602334983398e-01 7.854027774972875964e-01 8.002160365751784799e-01 7.980172989059234334e-01 8.008653673214606306e-01 8.025718594704694953e-01 8.031784816659846005e-01 7.822156466309932998e-01 7.801995704586801583e-01 7.936383276566417733e-01 7.950623840742083726e-01 7.939601231297800377e-01 7.931820772668939368e-01 7.926413945425545560e-01 8.002993653367747040e-01 7.909438459542014188e-01 7.780984777181612078e-01 8.023358034398135885e-01 8.031220478894950388e-01 8.021870340121648457e-01 7.986628172183146690e-01 7.951957432741258991e-01 8.034192786618131743e-01 7.929800234832017347e-01 8.009689388540899291e-01 7.981478691186236762e-01 7.924866473738836348e-01
