1.000000000000000000e+00 4.195341235300194954e-02 3.643735006758602041e-02 5.201229660509740921e-02 -1.143741627472830147e-02 2.346120465737622229e-02 1.028735644758174174e-02 1.605432955413345006e-02 9.919322272392422368e-02 -1.298145090726583370e-05 -2.744376968786312737e-02 1.324512215498488974e-04 1.916625613970930966e-02 -3.158003522075483044e-03 7.892734194920952850e-03 4.021404264433391107e-03 1.859114168757991514e-02 -4.454209227284038758e-02 -2.150505463148038102e-02 -4.746728713171297770e-02 -1.956681638801382669e-02 -2.443332216369059617e-02 -6.042056579984475019e-03 -4.148751027571544181e-02 -2.242912587025986879e-02 2.669817389306724121e-03 1.066440199501310360e-02 -2.213537029717413743e-02 9.298188422062106384e-03 1.312471922505191110e-02 5.081118395351617682e-03 2.765392230077223529e-03 -1.644532985199482003e-02 -3.249999436458064946e-03 1.225289044417798845e-02 -2.358446569385859361e-03 -8.379373890700334308e-04 -1.506342567414684606e-02 -1.123269448357676163e-02 -3.925331104924188047e-02 -1.713334692191233535e-03 -1.063510719032569919e-02 -3.735906760995472836e-02 -5.425462523424432089e-03 7.326898502189569534e-03 -1.815696763821993479e-02 3.264667511038701550e-03 4.443728558773151968e-03 6.822905035231698403e-03 1.817557163197667386e-02 9.193515330246945436e-03 1.614364135381045340e-02 1.484227847602494210e-02 8.076357858095671929e-03 5.153552912655894915e-03 -5.774878566968997574e-03 3.187422846996766645e-02 4.287519287912712820e-03 2.270130552265049208e-03 1.929601296156704254e-02 1.619510261499215037e-02 3.309547928242469357e-03 1.361880292163745142e-02 1.901763408732019128e-02 3.656742110585171901e-02 3.256004558605021110e-02 1.100396640854477484e-02 -5.326862113788612130e-03 5.406240491024526251e-03 -1.268582107542126983e-02 -1.206157092243828610e-02 -4.650245892832360894e-03 -1.474895780087913562e-02 -1.487136343927495871e-02 3.412350590438654324e-03 2.227466206688474924e-03 -6.593680355233636978e-03 3.616399004168853806e-03 -2.594093188263320304e-03 6.189153540805596675e-03 1.324368632554137268e-02 5.120265030952940444e-03 1.705063479951794692e-02 -7.411984052704367713e-04 3.965937091041700328e-03 7.684193814714984465e-03 -1.984136550408884328e-03 -5.306766349211653605e-03 -3.108102855324254739e-03 1.335081495562023607e-03 -1.932673884844721135e-02 -6.368174662991490584e-03 -3.248961372569159848e-04 -4.958542616979277375e-03 4.989082808107392353e-03 6.288747128901667899e-03 7.450242625630656805e-03 4.201575473481877765e-02 1.258022206582132090e-02 7.000657145949426563e-03 -8.270392968959266664e-03 1.613597866345070977e-02 1.523050001632712293e-02 7.808527122678649360e-03 1.687161681720721063e-02 2.934694676827992801e-02 1.725560103375699261e-02 4.963878282286889737e-03 4.064150588411854712e-03 1.332118970604798114e-02 3.604715601124473204e-03 1.423898640816471939e-02 4.156005197633057431e-03 1.787728787251447252e-02 2.468132826881791475e-02 2.596990394572251670e-02
4.195341235300194954e-02 1.000000000000000000e+00 4.145218536144858884e-02 5.897337864961553489e-02 9.768062083529968631e-02 8.964533931855225846e-02 1.348847562901696606e-01 1.453901682812729912e-01 1.493827411002899286e-01 1.691035906074536688e-01 1.396047044337258569e-01 1.352182117898643454e-01 1.433763036302625193e-01 1.234166186541006405e-01 1.492427550000678671e-01 1.435365697671054097e-01 1.567621471656211185e-01 1.347673677810286019e-01 1.504197109831239831e-01 9.116784451964944636e-02 1.029527165695400398e-01 1.298131994168687797e-01 1.449113625917061166e-01 1.236981984270531798e-01 1.422971924421169709e-01 1.594317375743344867e-01 1.472984458230391369e-01 1.485624963808705457e-01 1.412289571365075436e-01 1.529257852031062348e-01 1.515612093120621562e-01 1.493158677906418208e-01 1.299532118578831108e-01 1.395359085337029015e-01 1.468403116903921335e-01 1.434077786416605438e-01 1.515848606755619554e-01 1.531745996343053251e-01 1.533499601483126473e-01 1.570837962352462369e-01 1.542673255775015850e-01 1.506688193055258362e-01 1.440355646355401531e-01 1.604449972172969641e-01 1.540043907507595844e-01 1.538044755923237139e-01 1.625300557850768712e-01 1.614073300902627850e-01 1.607591746162047863e-01 1.422104660867541392e-01 1.526336662391585552e-01 1.492466792736076298e-01 1.575865899820796667e-01 1.652508452501097180e-01 1.679836634749213020e-01 1.630038780267314413e-01 1.635867496975725588e-01 1.614920251472398149e-01 1.610222953664363910e-01 1.642186609112468443e-01 1.563701774898886288e-01 1.631636864594124270e-01 1.594159923342076679e-01 1.523456867930085279e-01 1.607269079083834540e-01 1.653081263157791803e-01 1.624914433076564135e-01 1.604545075979901259e-01 1.589885004327922791e-01 1.482232065107306485e-01 1.551841795911100552e-01 1.603560993281780422e-01 1.544792659946964686e-01 1.562183826881180515e-01 1.627470647925935987e-01 1.580665456694776150e-01 1.555157983458819171e-01 1.523236880332718424e-01 1.551618068021113073e-01 1.529592015169146113e-01 1.586832058539195123e-01 1.573921994569624228e-01 1.613737485765078250e-01 1.526949659003057347e-01 1.542420360502535226e-01 1.574416547492511476e-01 1.613311145135644664e-01 1.597893658913038251e-01 1.589205541317670056e-01 1.686558664389402329e-01 1.575682548500448033e-01 1.582889683092985333e-01 1.579552581363905805e-01 1.587365077123912005e-01 1.616823225552211640e-01 1.629311404182206269e-01 1.543825003981983690e-01 1.556077402087888140e-01 1.597985870498878080e-01 1.567493528122298752e-01 1.534906495345380317e-01 1.565202277327985558e-01 1.620784195942852890e-01 1.585479934158695869e-01 1.601445085147148450e-01 1.634418781768974815e-01 1.630259318598255569e-01 1.659019595098483180e-01 1.644194129913501834e-01 1.651126548024671459e-01 1.648197685504509680e-01 1.640562826584340828e-01 1.651368064353656573e-01 1.593943406300710186e-01 1.600736235690298215e-01 1.615055498450539417e-01
3.643735006758602041e-02 4.145218536144858884e-02 1.000000000000000000e+00 3.343768098371786013e-01 2.037357580353837960e-01 2.320460708657196003e-01 3.372019483375778837e-01 3.041606965827572395e-01 3.124243819951378343e-01 3.085630122922084495e-01 3.425248779792151588e-01 3.585707512054502333e-01 3.115293301090187872e-01 3.074628863581436167e-01 3.688940985437528797e-01 3.585951523947283337e-01 3.255175887930926160e-01 3.623760182539230157e-01 3.505336126525618878e-01 2.888303897580818957e-01 3.485643673318159497e-01 3.771878311007205165e-01 3.676824449702584263e-01 3.555544882034565868e-01 3.563785381956263154e-01 3.788841730051976109e-01 3.709433873420124872e-01 3.739575988816939978e-01 3.764624355060545158e-01 3.606829168751876646e-01 3.697601067783479190e-01 3.758422561071199652e-01 3.746786836157963152e-01 3.661161081924018124e-01 3.623670846372505361e-01 3.586919077408743384e-01 3.707884713095845330e-01 3.644444345300044685e-01 3.714541608365040659e-01 3.546995997963477421e-01 3.689317082393506197e-01 3.758638423201091094e-01 3.686909615836299614e-01 3.745525571790412900e-01 3.750830956683762762e-01 3.714101979017016553e-01 3.623031026528076293e-01 3.610195132649138827e-01 3.567376443386101048e-01 3.756874230433252526e-01 3.712841923629573437e-01 3.635037541962164442e-01 3.714612127865660751e-01 3.586313223113276605e-01 3.562845218921040225e-01 3.644834391277133046e-01 3.586037417427733187e-01 3.592294754734481343e-01 3.504206123855007626e-01 3.629140467897297717e-01 3.642521007523419341e-01 3.580521527693569794e-01 3.564122771399427236e-01 3.676857590863483738e-01 3.684847321792528718e-01 3.671097017530757234e-01 3.661074211425766056e-01 3.721311447355405977e-01 3.690646092699497727e-01 3.698507297107179737e-01 3.761936555004693483e-01 3.761401866536441263e-01 3.695157543929044608e-01 3.702110035108454600e-01 3.715814929351181628e-01 3.730781914467420912e-01 3.763966344108517492e-01 3.739878907674427100e-01 3.704743697503374844e-01 3.613158240790535491e-01 3.687234864630463127e-01 3.737627699669359149e-01 3.748337764155498242e-01 3.687798474394086701e-01 3.776812931635066262e-01 3.743755558951258888e-01 3.770600998933590353e-01 3.671215605811004035e-01 3.742982857865254642e-01 3.671998584252211817e-01 3.755123780689751944e-01 3.685295853312737235e-01 3.715892709588087262e-01 3.706261388327932171e-01 3.637518380546765906e-01 3.632383879504513802e-01 3.675260014217230919e-01 3.740394861227208101e-01 3.691087446940588546e-01 3.672865764507150521e-01 3.708986961579519015e-01 3.704083220041111124e-01 3.638961558948837771e-01 3.678991891187183283e-01 3.728393872311415724e-01 3.685666157836763879e-01 3.666959112183060254e-01 3.635221338628169541e-01 3.667512818479282677e-01 3.612854777962882236e-01 3.604063995304048196e-01 3.662835950613989588e-01 3.655238492954854257e-01 3.699337065133795899e-01 3.664337265082485695e-01 3.704685023711122849e-01
5.201229660509740921e-02 5.897337864961553489e-02 3.343768098371786013e-01 1.000000000000000000e+00 3.327777372625098651e-01 4.069051806941746952e-01 5.669743162728400065e-01 5.467150872492690938e-01 5.587975557355455702e-01 5.199758277966957110e-01 5.778939375523682864e-01 6.226221037178019113e-01 5.403497167964211867e-01 4.998923325859184197e-01 6.221766440656020247e-01 6.154300414662298158e-01 5.694813625650196887e-01 5.675040424920883009e-01 5.756418319136251682e-01 4.817271445935648599e-01 6.037905849078003540e-01 6.180841994335674050e-01 5.767799309706177491e-01 5.885560853695109840e-01 5.909862875740289345e-01 6.281424333702484430e-01 6.191897879753222034e-01 6.259991131120765662e-01 6.134751445087207600e-01 6.130786144536427562e-01 6.225804543247591694e-01 6.298371747784997643e-01 5.945143361917665237e-01 6.238239478652443104e-01 5.840339867649614325e-01 6.084651705612110772e-01 6.133949411755634795e-01 6.238852266581355055e-01 6.347627598164291562e-01 6.011576575241455167e-01 6.196711750616066272e-01 6.269328445765216529e-01 6.199795772215407341e-01 6.347682417217682671e-01 6.324722211255550119e-01 6.270151839793939308e-01 6.158798526905436832e-01 6.124568946760075017e-01 6.122297792216304657e-01 6.291540731084288574e-01 6.285399123573047753e-01 6.144814931088496968e-01 6.163778724913363538e-01 6.131094131804483149e-01 6.092816159692766576e-01 6.148340479058351793e-01 6.159042187885205299e-01 6.098272540554700027e-01 6.066648792662359124e-01 6.175115418801460088e-01 6.266742727692219406e-01 6.106026179593877501e-01 6.202510556273818088e-01 6.264303664488903856e-01 6.227166637838864593e-01 6.255122983025837025e-01 6.179700934322235328e-01 6.243653945486534740e-01 6.198892844062882101e-01 6.214485737262934739e-01 6.352754477356444829e-01 6.279300167712115188e-01 6.185517278904638649e-01 6.201535024533628704e-01 6.258770121267297482e-01 6.270849365514511442e-01 6.333633763523160987e-01 6.314952846081545168e-01 6.230001347592384331e-01 6.147450221731335374e-01 6.135752359845790815e-01 6.242332802850093509e-01 6.309360986250599490e-01 6.171151901392503136e-01 6.251443457149331584e-01 6.249011634106296231e-01 6.235463301588189955e-01 6.273013721747955351e-01 6.265235204325894092e-01 6.201995615049195054e-01 6.284231291602462299e-01 6.256077140145941407e-01 6.274404680669771750e-01 6.293705854371816066e-01 6.165059161317646419e-01 6.165199100516434161e-01 6.157601322895637219e-01 6.238680243327424657e-01 6.221668521430001597e-01 6.254424800774491811e-01 6.265219811562237062e-01 6.269413840872739563e-01 6.173546333482646808e-01 6.247054936438544148e-01 6.299865961054109675e-01 6.181271577925497862e-01 6.165497507694804868e-01 6.182250412177985321e-01 6.197681206862358794e-01 6.184271874862609097e-01 6.173417514989950616e-01 6.174753562246710903e-01 6.171679258291354886e-01 6.279196624190120923e-01 6.217021938151443550e-01 6.240926858698991886e-01
-1.143741627472830147e-02 9.768062083529968631e-02 2.037357580353837960e-01 3.327777372625098651e-01 1.000000000000000000e+00 3.036103417384422576e-01 4.404594870071104618e-01 4.213084969406676872e-01 4.409236709784283281e-01 4.145325825883743320e-01 4.605106333260581830e-01 4.865821283376901008e-01 4.559025861124059165e-01 3.960671644023839866e-01 4.880799746010458517e-01 4.862373404184146541e-01 4.363372446529687476e-01 4.142207182831169066e-01 4.466525739004283402e-01 3.488290094230287464e-01 4.220242101072786967e-01 4.575418403027736169e-01 4.372594332461559596e-01 4.281686971355936899e-01 4.503540766387798544e-01 4.912832905857005827e-01 4.718381689221374242e-01 4.741072672187099935e-01 4.605024986910887796e-01 4.754398366478832516e-01 4.911724986119024305e-01 4.820922669112005510e-01 4.491711569371438784e-01 4.708226185845608702e-01 4.639785451535204386e-01 4.631891433605050401e-01 4.804692949712153216e-01 4.790695229681328771e-01 4.903590933160466570e-01 4.713166358258313871e-01 4.988175138858987889e-01 4.997818231161724190e-01 4.988360465754301254e-01 5.028376014665563165e-01 4.909036853864506833e-01 4.930373711513201251e-01 5.052327123660893538e-01 5.028570726317429518e-01 4.951255758148802588e-01 4.760371714838597113e-01 4.841258560082199458e-01 4.955335299977337016e-01 5.024586975356963858e-01 5.003413524053654804e-01 4.900664512198443235e-01 4.938933433477514789e-01 4.860305241372365748e-01 5.042269777548042953e-01 4.882122796256885278e-01 5.092832567470626515e-01 5.035341229823443454e-01 5.005950425729897013e-01 4.917795015501259526e-01 4.950363354505554758e-01 5.029673384171019501e-01 5.004875690709787994e-01 5.063319621763482381e-01 5.039813761982890883e-01 5.013891968927624010e-01 4.972106702805602629e-01 5.025178812443676923e-01 5.021983264895698573e-01 4.979211377345282297e-01 4.952233933638502394e-01 5.079368949210569806e-01 5.020832302453774876e-01 5.033024792943177061e-01 4.995854072396538892e-01 5.042902558919776235e-01 5.048261408608463174e-01 4.997000721716253202e-01 5.062455893360522374e-01 4.899440172915826563e-01 4.983135367533422233e-01 4.944958453408385690e-01 4.975636674040456731e-01 5.043986114897059947e-01 5.011524879219459994e-01 5.058084621259107960e-01 4.995134767598618519e-01 4.992719515783507478e-01 5.077220797278777509e-01 5.058768570041842771e-01 5.073324981965283698e-01 5.085469861826494853e-01 5.082952822820249184e-01 5.029450860464250717e-01 4.955861627584277618e-01 5.089131043277187461e-01 5.040292671279914538e-01 5.095371912284344385e-01 5.066888522522108307e-01 5.095838836596030541e-01 5.120102441314235975e-01 5.082497099060654389e-01 5.025076596681983254e-01 5.061878099126138064e-01 5.085646144398571211e-01 5.086259702848349162e-01 5.105170464637430738e-01 5.063837734601538410e-01 5.120759447667287967e-01 5.108655918873786783e-01 5.064004595154211197e-01 5.039430506830870904e-01 5.084361705706357260e-01
2.346120465737622229e-02 8.964533931855225846e-02 2.320460708657196003e-01 4.069051806941746952e-01 3.036103417384422576e-01 1.000000000000000000e+00 5.301128812182729355e-01 4.816417466400762515e-01 5.170957900423538423e-01 4.985425543142881222e-01 5.201093510102825501e-01 5.573523230972102782e-01 5.037293580046696695e-01 4.497870835405726742e-01 5.752198641133865475e-01 5.653856766007536727e-01 5.057002351588890665e-01 5.027487170549861384e-01 5.272316154205638483e-01 4.121879744433092352e-01 4.833197642956274520e-01 5.465612845090047633e-01 5.226255363728222747e-01 5.159845785307120014e-01 5.306279826167084046e-01 5.718029157726971512e-01 5.607884648394746430e-01 5.527092016496368831e-01 5.468138185415494235e-01 5.601944127206193169e-01 5.796659324783343115e-01 5.634179543984774163e-01 5.084036380516009368e-01 5.555280421156961745e-01 5.356434276961756780e-01 5.206989359909434123e-01 5.632522875345548075e-01 5.710679077436616735e-01 5.754093996856155524e-01 5.484830801720784743e-01 5.742778952202731713e-01 5.814136377680831913e-01 5.619164646543360897e-01 5.805490874154021208e-01 5.743644019949827317e-01 5.760922283213050221e-01 5.800169512004871297e-01 5.784464040002146312e-01 5.839188856686319262e-01 5.704586997622340672e-01 5.819215345249267868e-01 5.569786330553143650e-01 5.738827778458832629e-01 5.742890517885973489e-01 5.755281531454800037e-01 5.744661581731987932e-01 5.701383221492194453e-01 5.805765542728863471e-01 5.813713567436199492e-01 5.836302550736679473e-01 5.846812798126711508e-01 5.808487918487159618e-01 5.777753860110557138e-01 5.804439352058313739e-01 5.751197215183164735e-01 5.780838736719839943e-01 5.799682008672585320e-01 5.815852302505599702e-01 5.800872208591020263e-01 5.712322328438445007e-01 5.762263025887673917e-01 5.812635964696857283e-01 5.742075003398654509e-01 5.742531710330719408e-01 5.848182927457901137e-01 5.847943799068723303e-01 5.798815499991852862e-01 5.761069077258158533e-01 5.881587545789959126e-01 5.798924310154978112e-01 5.815130401889937461e-01 5.860864136464725149e-01 5.758110926984802980e-01 5.760794668559097165e-01 5.786441238439069545e-01 5.795698185837775407e-01 5.758889270047748976e-01 5.827982576826425953e-01 5.857405639367927463e-01 5.778008502809253155e-01 5.752836130724826580e-01 5.815541125868933792e-01 5.831870996738360846e-01 5.860517143532258943e-01 5.823651662359387027e-01 5.814284045429780612e-01 5.766906280496107984e-01 5.795116167127603024e-01 5.845243937640123288e-01 5.819145146894779685e-01 5.804621000642329331e-01 5.817881869891337043e-01 5.817586663452665174e-01 5.846744044168935561e-01 5.797353678442946912e-01 5.736475423148486019e-01 5.833536619920443034e-01 5.810011876808878206e-01 5.811409671800845667e-01 5.852028745567658952e-01 5.803023628565875391e-01 5.845101769762410804e-01 5.805617567553567060e-01 5.811617728373341674e-01 5.778072585527632699e-01 5.806368248894535622e-01
1.028735644758174174e-02 1.348847562901696606e-01 3.372019483375778837e-01 5.669743162728400065e-01 4.404594870071104618e-01 5.301128812182729355e-01 1.000000000000000000e+00 7.020951652975355728e-01 7.125064294639587015e-01 6.962728534130433466e-01 7.439248856822524569e-01 7.936847761599524764e-01 7.012951493048192875e-01 6.509570344347259674e-01 8.364415239242685152e-01 7.972309981123751887e-01 7.293580597994729908e-01 7.184488926458046931e-01 7.491658097271705063e-01 6.112679847433267755e-01 6.881852432389916618e-01 7.777068139489983212e-01 7.498045011178919861e-01 7.413665370825452960e-01 7.610709594089621888e-01 8.149015923722291443e-01 7.972677632106927037e-01 8.121742232315528609e-01 8.001030852752794020e-01 8.009630065293279477e-01 8.184423635908635308e-01 8.038737436921526980e-01 7.702060853818570862e-01 7.884335450580473026e-01 7.738336424996220542e-01 7.674402248384135650e-01 8.036277007350798307e-01 8.064614519947889137e-01 8.257595306828153792e-01 8.007933228718473462e-01 8.222494264156979815e-01 8.286396417044417095e-01 8.099816711337408659e-01 8.318953874517128755e-01 8.172454277447053217e-01 8.252057589283405825e-01 8.174182399952815148e-01 8.164025138105900359e-01 8.091736525614325881e-01 7.917009458949474388e-01 8.107823793045516592e-01 7.800081641729467163e-01 8.064060828256717217e-01 8.145912229420259054e-01 8.065246170808163528e-01 8.139730845981083540e-01 7.964879741687796999e-01 8.174376147706774454e-01 8.061692474961382748e-01 8.174864598602767929e-01 8.158188942167396984e-01 8.136219364745563842e-01 8.071970978452414069e-01 8.091849747132002779e-01 8.074767582195485627e-01 8.138277998643652644e-01 8.169392268234675347e-01 8.222299994478948770e-01 8.211965801806004883e-01 8.137708286073781494e-01 8.219273293102001832e-01 8.258585135412074285e-01 8.176820925893479863e-01 8.170448083614533230e-01 8.275092896660887209e-01 8.289411449034147505e-01 8.341639273490956130e-01 8.312271874218344347e-01 8.305391006977763668e-01 8.184830023674308785e-01 8.191938394933878653e-01 8.248020991771518595e-01 8.225841716542090509e-01 8.194999759462151534e-01 8.179490493241636795e-01 8.185228879206994934e-01 8.245830073723817710e-01 8.275455896414279922e-01 8.292450314186851079e-01 8.191871177148688510e-01 8.310026552527188803e-01 8.281611087022275886e-01 8.265779020383418052e-01 8.327427026286514655e-01 8.214272198289428450e-01 8.217589528031914448e-01 8.081049298314267881e-01 8.021757745595421429e-01 8.176774722139268370e-01 8.177794731334262490e-01 8.219774186474017030e-01 8.183639622387957058e-01 8.130966194779589706e-01 8.232289742346229344e-01 8.208906145017971223e-01 8.094136562000295854e-01 8.155086246293161700e-01 8.207467115653874767e-01 8.213029685537286406e-01 8.188992479290042592e-01 8.201675410719385662e-01 8.206518313182904478e-01 8.192303108000249523e-01 8.214461104323282914e-01 8.144211452205761814e-01 8.190613220049502985e-01
1.605432955413345006e-02 1.453901682812729912e-01 3.041606965827572395e-01 5.467150872492690938e-01 4.213084969406676872e-01 4.816417466400762515e-01 7.020951652975355728e-01 1.000000000000000000e+00 6.932894939794082001e-01 6.755897617579885717e-01 7.294719075621006743e-01 7.770087406716624789e-01 6.898201198880875573e-01 6.359153900677104732e-01 7.856437462367695801e-01 8.055622033663875081e-01 7.028404197584703361e-01 6.900538229298492920e-01 7.239906040014892907e-01 5.634773157538526256e-01 6.999449421767185431e-01 7.478994116627375455e-01 7.192065926188381253e-01 7.107845482886243627e-01 7.264976230100378407e-01 7.849004674728952136e-01 7.685905138703774675e-01 7.716782776573661851e-01 7.565956791552709282e-01 7.700115630731382277e-01 7.918943160815119509e-01 7.774436588842287277e-01 7.326338192763105495e-01 7.674292340260949752e-01 7.476234105424328646e-01 7.453775753838219886e-01 7.747642435782168269e-01 7.929085600309491166e-01 7.927790050803111832e-01 7.724886608716453607e-01 7.933892615333536513e-01 7.974701103307912931e-01 7.757944295417856795e-01 8.018752130547498469e-01 7.929299296450443846e-01 7.984565719679360685e-01 7.931348333912090487e-01 7.948848638327460359e-01 7.972317990330856086e-01 7.821618318270169290e-01 7.984234906177239965e-01 7.632876709704453644e-01 7.862032582864825203e-01 7.945794617793534576e-01 7.913723064722161249e-01 7.935428873140455419e-01 7.889272884122726648e-01 7.987376180445552309e-01 7.947711962923875717e-01 7.984406941466987151e-01 7.991158927523480671e-01 7.950167093278373009e-01 7.981217875052905031e-01 7.941559131026808549e-01 7.878044759525510976e-01 7.971243510810663846e-01 7.999146971591452049e-01 7.973833522827981080e-01 7.947802532007310905e-01 7.836600525236403492e-01 7.989622548812490566e-01 7.998129109207036125e-01 7.839573425988533018e-01 7.884084682244201225e-01 8.047140762463816932e-01 8.035796156605604645e-01 8.011019411274084012e-01 7.992802863099052191e-01 7.983341950585609581e-01 7.954414476526784350e-01 7.950564536023045914e-01 8.015017050765546047e-01 7.948857289309243512e-01 7.907782986625855326e-01 7.916017545204204753e-01 7.945008851851789178e-01 7.947925504172477229e-01 8.043856662290238546e-01 8.007358800601152016e-01 7.960873954486720194e-01 7.948832200392914604e-01 8.042546527568901205e-01 7.993287921256415629e-01 8.055801603187259241e-01 8.017586724975354073e-01 8.016461615150876074e-01 7.925760853529395522e-01 7.957739028276007431e-01 8.028138636794320826e-01 8.016518829017775793e-01 7.998544930442947898e-01 8.069080301052293791e-01 7.972682445326728651e-01 8.069891212461164365e-01 8.031537897775410384e-01 7.969486827876173241e-01 8.013054527957945705e-01 8.014294146801610452e-01 8.044794314298663318e-01 8.058989964702126807e-01 8.055026218176556396e-01 8.011227560902707268e-01 8.034336087356843681e-01 8.038235151120435296e-01 7.983732455140236661e-01 8.005915428472384354e-01
9.919322272392422368e-02 1.493827411002899286e-01 3.124243819951378343e-01 5.587975557355455702e-01 4.409236709784283281e-01 5.170957900423538423e-01 7.125064294639587015e-01 6.932894939794082001e-01 1.000000000000000000e+00 7.385142587247103263e-01 7.851676432529134386e-01 8.296089063309138867e-01 7.534368530694857125e-01 6.627079520318375216e-01 8.369390741142894719e-01 8.251032600035689279e-01 8.067825550425439252e-01 7.352249936500490080e-01 7.808876662011124958e-01 5.700138846715449015e-01 7.224341963107651088e-01 7.764531117959936335e-01 7.906404044947831222e-01 7.684873654691121159e-01 7.753800868673168534e-01 8.423755026615886710e-01 8.211436428331240212e-01 8.023832040706123658e-01 7.904502803346057371e-01 8.414142101346090419e-01 8.520908809638073622e-01 8.476581064885123640e-01 7.844553257924775647e-01 8.320627893845785605e-01 8.266313042046666837e-01 7.963939349005092483e-01 8.387917318102761088e-01 8.417417806975597827e-01 8.520997805721818308e-01 8.159393816768617524e-01 8.536147246281160506e-01 8.495458014380675715e-01 8.228982846354971903e-01 8.588398601527118537e-01 8.561700764374116090e-01 8.445945662096880913e-01 8.701461056827385354e-01 8.743699388794584637e-01 8.701820031690582491e-01 8.419115823358301887e-01 8.595431794854696550e-01 8.277856386155851842e-01 8.609718508860557673e-01 8.657471449139377828e-01 8.506245371226344165e-01 8.593455726134685557e-01 8.589390578322043668e-01 8.641119415966511674e-01 8.662430782406144170e-01 8.779542929898229708e-01 8.714658941424376914e-01 8.649714860356110258e-01 8.622051446586446177e-01 8.695391910684627801e-01 8.706132957366355951e-01 8.716368898990151104e-01 8.749869447536336997e-01 8.660681154795970560e-01 8.680073076163742352e-01 8.456822596472690634e-01 8.612657132472683053e-01 8.640641641394628536e-01 8.521500948069306025e-01 8.506586881379080145e-01 8.710458786382858642e-01 8.689333488824025897e-01 8.572392464548826974e-01 8.558861276949837338e-01 8.642000097588200536e-01 8.724339175157158621e-01 8.710697592449774262e-01 8.698813257355929585e-01 8.675645413074525303e-01 8.662475096601820468e-01 8.565203847129686521e-01 8.653999706908256373e-01 8.651493745237149868e-01 8.665330628546183966e-01 8.692454821940435172e-01 8.690505831621345711e-01 8.552693549686433139e-01 8.694987626870445130e-01 8.708958539637339236e-01 8.675235830144907290e-01 8.734607878217341970e-01 8.746631666501795133e-01 8.520842140087662164e-01 8.591772059546224360e-01 8.716445415537168451e-01 8.701792379601681615e-01 8.624969351309578203e-01 8.689808946161604597e-01 8.730008447845413189e-01 8.738114161648550260e-01 8.681693526810597694e-01 8.631722593773856200e-01 8.744964666291278332e-01 8.735723033567982521e-01 8.719997221367319362e-01 8.754540096511873593e-01 8.693857288633208835e-01 8.769608915336636334e-01 8.697696301285042786e-01 8.740955290412406598e-01 8.748694720954418580e-01 8.747731945500415440e-01
-1.298145090726583370e-05 1.691035906074536688e-01 3.085630122922084495e-01 5.199758277966957110e-01 4.145325825883743320e-01 4.985425543142881222e-01 6.962728534130433466e-01 6.755897617579885717e-01 7.385142587247103263e-01 1.000000000000000000e+00 7.440993535423148231e-01 7.799051677785631131e-01 6.864222861255595554e-01 6.426780623332081221e-01 7.988197323947169304e-01 7.766084644643661550e-01 7.427185709904209343e-01 7.087907166682697602e-01 7.343851412906157172e-01 5.859294817050584303e-01 6.787190538626433067e-01 7.428051357643971064e-01 7.444522227653052049e-01 7.258130643730470455e-01 7.367291548884756791e-01 7.959610913971170154e-01 7.758314465416169536e-01 7.825702612283870208e-01 7.668719557114456187e-01 7.833135376365008007e-01 8.052443577666196228e-01 8.003709349129948247e-01 7.545331792315581598e-01 7.776342280739240165e-01 7.718620636115426370e-01 7.476711941480306267e-01 7.869210812429310309e-01 8.001121082126469997e-01 8.043520549657325880e-01 7.843265891352759756e-01 8.086439612427611667e-01 8.029306435359172545e-01 7.792588141659778644e-01 8.090561314667011894e-01 8.003089567422893014e-01 8.035056610463945370e-01 8.164517178791099727e-01 8.171360933147916450e-01 8.116828545173604414e-01 7.829791237288223904e-01 8.033353965053935397e-01 7.641961671200838691e-01 7.991010478433168140e-01 8.139760791759613756e-01 8.076637187949980978e-01 8.139509118908819785e-01 8.003039281812966976e-01 8.078586515429487802e-01 8.092516630549047019e-01 8.125290818194469411e-01 8.119464979088788503e-01 8.102175611882286299e-01 8.072743754080184964e-01 8.047338138816456654e-01 8.029912434556695233e-01 8.130956817159528116e-01 8.155162438233194422e-01 8.132510574527754832e-01 8.147027551863059713e-01 8.026743492460011176e-01 8.090767363420909852e-01 8.131669152483073093e-01 8.033513319869372005e-01 8.026090924134845483e-01 8.188749472530367779e-01 8.177359736947552582e-01 8.121048449764783905e-01 8.099998976874036583e-01 8.131678428077017129e-01 8.134444186267768551e-01 8.138850911326312998e-01 8.178348153700597534e-01 8.169473922015548784e-01 8.141269171989357067e-01 8.058295789642054840e-01 8.087311372656730279e-01 8.131601607780055696e-01 8.198892890724124305e-01 8.174900745105285749e-01 8.182453008669456906e-01 8.126381995686042803e-01 8.186594645590747898e-01 8.169955188146090785e-01 8.189925169517694448e-01 8.175129742531069832e-01 8.190456481587101711e-01 7.975021718241591673e-01 8.003619459174508011e-01 8.137370973708770716e-01 8.151987275304324321e-01 8.089575534788246980e-01 8.156698944245929228e-01 8.108908117656014047e-01 8.161394638367154286e-01 8.118747385680193940e-01 8.116058021712171389e-01 8.158488377037352857e-01 8.174465682779987752e-01 8.202268066281805936e-01 8.182613826240973109e-01 8.170595372987078386e-01 8.170648058198943797e-01 8.158554664881056961e-01 8.153501868339492198e-01 8.118705522783496997e-01 8.167482069267548717e-01
-2.744376968786312737e-02 1.396047044337258569e-01 3.425248779792151588e-01 5.778939375523682864e-01 4.605106333260581830e-01 5.201093510102825501e-01 7.439248856822524569e-01 7.294719075621006743e-01 7.851676432529134386e-01 7.440993535423148231e-01 1.000000000000000000e+00 8.614378113377374468e-01 7.754955940248220436e-01 6.920973453925417518e-01 8.638601943505197500e-01 8.521866226205383477e-01 8.091965792416402348e-01 7.859622313122508475e-01 8.234778773243150995e-01 6.221958506294268387e-01 7.548900735115092742e-01 8.261926172393933010e-01 8.091909797082207367e-01 8.112969948596212566e-01 8.144574823761866478e-01 8.698090654521584142e-01 8.464940764871931034e-01 8.451684415259969052e-01 8.217073888099963863e-01 8.600675772392715190e-01 8.786630101932122461e-01 8.782303478013405718e-01 8.315940715844961639e-01 8.607216250999822904e-01 8.430019358912786975e-01 8.411844834388059189e-01 8.765171979079968700e-01 8.728520286954497553e-01 8.871061188335102043e-01 8.645142304185058357e-01 8.874975105539647524e-01 8.865570007657340712e-01 8.754565036050466764e-01 8.914513954656385630e-01 8.858179557926976200e-01 8.824065151466384815e-01 8.957872164937786819e-01 8.957666748171296822e-01 8.871551292738977246e-01 8.595038929549251305e-01 8.811888570519139652e-01 8.578573121791269740e-01 8.772451933558342851e-01 8.866476585245309794e-01 8.694579219425141448e-01 8.850412015416311284e-01 8.694423587554566124e-01 8.852929017152508795e-01 8.841187486522869010e-01 8.927372426429385222e-01 8.896628473208837429e-01 8.869501250407593185e-01 8.811196498887988726e-01 8.848824129976928798e-01 8.827089415282844964e-01 8.844183388302168103e-01 8.954288590306245244e-01 8.963347861885482271e-01 8.951101319943474133e-01 8.800572180088340746e-01 8.939205253069990587e-01 8.961565379173017654e-01 8.881236008260026127e-01 8.870941641906048281e-01 8.980921073779879471e-01 8.962458015954279933e-01 8.910329314238226717e-01 8.831346737650479506e-01 8.920084298192388905e-01 8.928283707249513590e-01 8.929152216317524093e-01 8.958533224660115701e-01 8.897597530278814615e-01 8.919701559585402340e-01 8.874920276972820821e-01 8.912788356433514192e-01 8.974911201404961458e-01 8.970981357813948565e-01 8.992228096451642116e-01 8.936514562808635098e-01 8.985962017152159254e-01 8.993520856378725004e-01 8.989575269720883055e-01 8.991951379921885312e-01 8.985314527202702406e-01 8.988882901396473279e-01 8.839728388488158339e-01 8.729323007035711957e-01 8.950332238945650776e-01 8.960576958704219441e-01 8.978982411790680240e-01 8.910906415823494076e-01 8.947790231309554754e-01 8.975230965954437146e-01 8.941164569046196053e-01 8.823060945257775733e-01 8.936522530022118493e-01 8.970577468140172872e-01 8.969689165165958267e-01 8.951649743934009251e-01 8.948208335322379581e-01 8.972112361022472893e-01 8.949654611705178953e-01 8.941619984135730226e-01 8.907497810225808443e-01 8.924374741525297194e-01
1.324512215498488974e-04 1.352182117898643454e-01 3.585707512054502333e-01 6.226221037178019113e-01 4.865821283376901008e-01 5.573523230972102782e-01 7.936847761599524764e-01 7.770087406716624789e-01 8.296089063309138867e-01 7.799051677785631131e-01 8.614378113377374468e-01 1.000000000000000000e+00 8.061240774843825285e-01 7.320796038734106448e-01 9.110023001343124927e-01 9.015022232120561974e-01 8.532805315092423237e-01 8.190254564583924202e-01 8.557965717528134286e-01 6.727125698196555481e-01 7.977785335195026750e-01 8.648007967774056226e-01 8.472163219835057157e-01 8.448942487512065558e-01 8.486328515342403955e-01 9.174076747608055360e-01 9.000147174450343623e-01 8.984010557966679578e-01 8.787945027311789836e-01 9.050318642121381041e-01 9.300053450718700487e-01 9.208041200513755742e-01 8.698050581195592157e-01 9.042278944677861752e-01 8.842549154363369412e-01 8.760033290347829515e-01 9.154407045957231315e-01 9.239716817036048857e-01 9.328305779258192487e-01 9.017094912817240626e-01 9.313855409172674404e-01 9.312075943856658045e-01 9.147253935021942839e-01 9.392027174754287167e-01 9.296010985795797321e-01 9.290205095024843818e-01 9.349078129894946576e-01 9.372611415984815064e-01 9.331152356562419925e-01 9.080516695413348716e-01 9.308781450549452607e-01 8.952855350754219677e-01 9.237533967718855044e-01 9.317537632561477823e-01 9.169633210916053878e-01 9.308081864968478225e-01 9.165770261548737974e-01 9.318931629323436994e-01 9.280451015744722865e-01 9.367149625354229681e-01 9.352327747305334560e-01 9.313480909267209951e-01 9.306723880827710849e-01 9.322214896865591571e-01 9.320153293661687099e-01 9.323151874805692962e-01 9.396263202911708801e-01 9.401570977303700394e-01 9.383969538013068323e-01 9.271314501374215977e-01 9.375180005230540070e-01 9.389427117530895206e-01 9.298371203986857125e-01 9.271171331126959458e-01 9.431396661803453929e-01 9.401137100020839910e-01 9.376950227298201934e-01 9.332682695236301784e-01 9.382729738112969287e-01 9.370170132430090115e-01 9.362838433333843247e-01 9.408148518535790483e-01 9.351758722112412103e-01 9.358530393138710934e-01 9.293226877356070004e-01 9.358299209769098681e-01 9.400969960220357802e-01 9.413011635187175097e-01 9.428969383665460890e-01 9.356461282529890955e-01 9.383916130483104245e-01 9.430616284366833968e-01 9.425656821127967877e-01 9.440445039962893636e-01 9.411293854078446319e-01 9.416130410244661908e-01 9.202765798521649332e-01 9.186434547274240359e-01 9.371514763024112460e-01 9.382418005012980178e-01 9.385654984820339664e-01 9.373670014437073261e-01 9.377119901308437200e-01 9.418825212367323285e-01 9.379585537461582190e-01 9.269510121800722535e-01 9.368961746152287828e-01 9.411679428970384231e-01 9.396148885699880937e-01 9.396173440386826892e-01 9.392551333310232842e-01 9.411265070074016359e-01 9.381752128139273506e-01 9.408749197941636000e-01 9.381918414755070490e-01 9.381101679165638751e-01
1.916625613970930966e-02 1.433763036302625193e-01 3.115293301090187872e-01 5.403497167964211867e-01 4.559025861124059165e-01 5.037293580046696695e-01 7.012951493048192875e-01 6.898201198880875573e-01 7.534368530694857125e-01 6.864222861255595554e-01 7.754955940248220436e-01 8.061240774843825285e-01 1.000000000000000000e+00 6.516198097547375445e-01 8.211236328051519928e-01 8.143740668867401888e-01 7.652626001736397843e-01 7.259773773281213982e-01 7.624987678615285924e-01 5.822212724452432431e-01 7.077147631262608041e-01 7.697008977320916046e-01 7.548317429144362212e-01 7.467125617468217680e-01 7.681878428808827097e-01 8.221465222869620559e-01 7.922939595346366604e-01 7.949415653692393224e-01 7.750937192364487638e-01 8.078086490663399788e-01 8.265092859151201843e-01 8.172083963761616054e-01 7.643858913558253532e-01 8.035992948682698644e-01 7.905475567831184991e-01 7.945430428781746768e-01 8.183732569436517057e-01 8.212419186267105875e-01 8.341307110627647070e-01 8.116448085361759324e-01 8.355396697374992687e-01 8.397801489898863991e-01 8.312818939135206975e-01 8.480995166113411976e-01 8.402707020409054817e-01 8.333320223161780893e-01 8.513583906110344657e-01 8.468246945135371462e-01 8.402161788001140108e-01 8.163586144648001808e-01 8.346205856231609932e-01 8.211156825829641903e-01 8.405379633185530164e-01 8.369224725276153132e-01 8.198033270397558914e-01 8.382422351103241409e-01 8.188135109946107493e-01 8.425378539472736517e-01 8.314469293664287219e-01 8.518052267618203555e-01 8.480080261817941611e-01 8.365250684386168478e-01 8.344967794199416034e-01 8.360382898669349583e-01 8.438139767032448724e-01 8.407537794236956685e-01 8.508550400314218720e-01 8.470828585131671140e-01 8.434341537312458614e-01 8.305452766301832934e-01 8.457575697728836328e-01 8.483573398602799465e-01 8.324834929297364461e-01 8.407037022825298855e-01 8.512512968611237740e-01 8.473614339980536370e-01 8.425342673729387943e-01 8.362077369955617234e-01 8.465971217161949447e-01 8.481253415129322848e-01 8.470318968392939185e-01 8.500628401302189330e-01 8.407151603469229517e-01 8.396856575654259025e-01 8.370650015237872665e-01 8.402727991893527149e-01 8.462029018339523034e-01 8.477328067085908581e-01 8.511838372991568091e-01 8.480739288799256093e-01 8.430716926624011176e-01 8.521546382832844158e-01 8.515706418845316872e-01 8.531467430176910005e-01 8.539240444163866961e-01 8.543414030041727170e-01 8.364221952540717986e-01 8.312879589772875777e-01 8.481387027077423868e-01 8.484975203835196655e-01 8.509276632975849575e-01 8.446308662674202328e-01 8.549604486439226214e-01 8.543882374029104776e-01 8.541965572749772306e-01 8.356505880123209495e-01 8.466321033955778175e-01 8.545986929935026621e-01 8.495765342788664798e-01 8.527472527386591450e-01 8.489426017467951446e-01 8.534733229778167507e-01 8.492014398014843257e-01 8.503783975416295826e-01 8.496560651742490755e-01 8.497360336701768047e-01
