1.000000000000000000e+00 2.010655460776550052e-01 1.809290993111994095e-01 1.949759071827318890e-01 8.552105392175431142e-02 -5.255590852290742193e-04 1.130262778009448049e-01 1.041421956875924482e-01 1.689258971321923042e-01 1.224160065121264462e-01 1.158895705165020468e-01 4.598739116746303202e-02 4.610451389314357273e-02 -1.637223234927837057e-02 6.275356428741911408e-02 9.223145821278665168e-02 1.297868261217464958e-01 2.113655059880361897e-01 1.300545485670674684e-01 1.622740879988310847e-01 1.975616584892360417e-01 1.206720741702793642e-01 1.443748844508692952e-01 1.726955326005995828e-01 1.271344371065486756e-01 1.680766250031360820e-01 1.303690608982183419e-01 6.681263057337272215e-02 1.462390417413239052e-01 9.360840843588147386e-02 8.229039211590227776e-02 7.518578399207509477e-02 1.745181193488467078e-02 7.853119264499316965e-02 3.302211518684777802e-02 4.969415592293448258e-02 2.757519039400038730e-02 4.498170424183792204e-02 2.109354654862731840e-02 2.520322013009942269e-02 2.732976051163243936e-02 3.086189754578056235e-02 -1.001341772652078292e-02 2.716693757698685971e-02 6.456886802949239612e-02 3.185529419684122315e-02 1.983692852805214041e-02 3.501798480571277628e-02 6.115269167941278505e-02 6.221657322841220999e-02 4.612610134340124068e-02 5.535986311967246165e-02 6.311914515669443670e-02 8.323503984026901781e-02 7.797112822533500132e-02 6.663009942534510455e-02 1.188487086560801043e-01 3.619278069762469491e-02 6.827040288861312145e-02 4.165705388378251883e-02 4.111780082656626978e-02 5.700537996439822286e-02 6.511741254928003764e-02 5.995551604296567305e-02 5.309715271451996565e-02 9.153328405376466581e-02 3.037495986902642719e-02 3.023613598495258209e-02 3.814071118764705143e-02 5.722465163715333841e-02 4.462374824158894110e-02 3.904902016525037267e-02 6.651731525305494552e-02 5.253893491480062655e-02 6.151822151583531684e-02 4.276415892337558783e-02 4.062709459291999337e-02 7.180071810946624111e-02 3.520216910436509139e-02 5.159312431656002534e-02 4.015550915780884828e-02 3.201319060765519392e-02 5.351968741637978810e-02 3.102451929761363206e-02 2.565336151305988230e-02 2.818162909749738140e-02 1.648737379126155589e-02 1.790027838075005859e-02 7.916749931997566631e-03 4.956568262621251914e-02 1.906964480949386101e-02 1.523291673137150762e-02 2.450577926940229051e-02 1.385740860912232364e-02 1.211131974649464274e-02 1.970394441824874568e-02 9.154940665758540611e-03 5.843694019327151656e-02 1.926720772044324126e-02 1.694733959951386093e-02 2.387700555821639994e-03 2.580644787539288290e-02 2.698330439144420306e-02 8.502672648214843962e-03 2.946366368841046857e-02 6.922391372786645958e-02 4.385457562032186313e-02 3.298254245657705058e-02 4.415195092266378102e-02 2.963712711967115415e-02 3.010579497610278016e-02 2.521503637839744502e-02 2.122699306953919687e-02 2.322637294595654434e-02 4.015830612846062880e-02 4.535393778321615554e-02
2.010655460776550052e-01 1.000000000000000000e+00 7.855074496210759372e-02 8.501879898380045042e-02 1.169001472523138463e-01 8.568805867856173208e-02 1.575495197099437417e-01 1.233046577047623438e-01 2.037401652884443803e-01 2.196242968558951292e-01 1.769277797114790496e-01 1.434730483344785479e-01 1.461779458422129974e-01 1.036490558103854154e-01 1.518930086623201114e-01 1.465823728320891917e-01 1.879473675147874390e-01 2.294527915757916814e-01 2.073283235191138163e-01 2.022410969408764969e-01 2.017881240557060363e-01 1.759776156632590349e-01 2.283370943637207107e-01 2.211083938992481623e-01 1.936897413845602989e-01 2.265846455266805615e-01 2.012435882256490560e-01 1.584389637094998360e-01 1.732036842715174996e-01 1.954733829547096180e-01 1.952860159325586487e-01 1.982861378602935876e-01 1.293746276925386296e-01 1.601416919276599793e-01 1.727053527297847946e-01 1.211646529576340114e-01 1.633497943243861772e-01 1.516519955300165978e-01 1.416563303148636876e-01 1.219597995591857331e-01 1.633303384769103361e-01 1.519420852658382171e-01 1.143446275965596115e-01 1.610118754883947956e-01 1.695115030392125854e-01 1.705798790110875374e-01 1.769370694108682862e-01 1.810828096788868746e-01 1.720450217992023356e-01 1.479491775723947578e-01 1.603336253055851757e-01 1.133565764592849440e-01 1.648781395113054771e-01 2.019354769509587866e-01 1.915672556817890892e-01 1.902617234134269808e-01 1.777655703445339963e-01 1.664608101445693988e-01 1.787677706053966142e-01 1.784730536346447460e-01 1.673838937481968714e-01 1.804931792302863214e-01 1.623230432543696089e-01 1.713033408923351486e-01 1.707200328845440429e-01 1.767555511329737539e-01 1.752574184989173500e-01 1.828693439600539983e-01 1.866684210966982338e-01 1.880274438730523134e-01 1.809864988812532050e-01 1.757941845429154271e-01 1.943613441473582559e-01 1.905307326279972735e-01 1.880151663460621625e-01 1.756352927517909890e-01 1.746840206040156385e-01 1.773884522647942719e-01 1.740917620576347968e-01 1.877852440696267666e-01 1.821222869286551749e-01 1.805925621065865572e-01 1.805846735789674584e-01 1.832697994499581096e-01 1.595932007274734332e-01 1.624613071322175972e-01 1.582331922494774890e-01 1.616130159707543368e-01 1.578348583568879582e-01 1.782821317748198575e-01 1.535519490443345014e-01 1.612576451601653027e-01 1.617119028612514775e-01 1.606375067020734959e-01 1.652594245658984828e-01 1.735257497622435252e-01 1.251081238020142761e-01 1.441059911292365825e-01 1.589316909759771745e-01 1.554347382512535347e-01 1.441547120340400390e-01 1.580508396866034393e-01 1.617222090450294303e-01 1.522456689757304971e-01 1.532385401579414996e-01 1.584625931359842088e-01 1.680519760528527973e-01 1.824596061602438979e-01 1.827440619214477369e-01 1.735609905287339993e-01 1.675372934728135144e-01 1.688641092422424328e-01 1.679913317556890051e-01 1.607093684683094936e-01 1.701856554208444061e-01 1.684850001765466621e-01
1.809290993111994095e-01 7.855074496210759372e-02 1.000000000000000000e+00 4.301359160757624034e-01 2.755971697602567216e-01 2.148823344679378078e-01 4.371914163965210931e-01 4.199634778537619795e-01 3.648757944545519272e-01 3.368641451451597768e-01 4.072996176466389673e-01 3.987861942478261312e-01 3.500153007055151755e-01 2.833273195162338554e-01 4.172210733756934742e-01 4.156694861540327079e-01 3.703330912781367390e-01 4.226975990922057780e-01 4.258002016602576156e-01 4.005245070180851741e-01 4.407212032848712435e-01 4.222535345129844186e-01 4.117605456507152928e-01 4.329794686070129739e-01 4.260214569401154505e-01 4.187717043882697721e-01 4.286874315218766052e-01 4.178367351372795913e-01 4.039269482057302185e-01 4.024774924264988285e-01 4.139829939716636598e-01 3.843148745297428892e-01 3.904196620601921297e-01 4.235904154613473471e-01 3.949914526848078422e-01 4.298590453212633444e-01 4.176435110301477405e-01 3.936220380993709078e-01 4.033053933428718540e-01 4.112757154628112199e-01 3.845237947715784976e-01 3.963885704849678393e-01 4.004994512839827880e-01 3.805318133656731550e-01 4.217664687033784165e-01 3.890422294339501152e-01 3.628280559660441162e-01 3.589245760020571829e-01 3.670887861112354100e-01 3.821623456074681457e-01 3.790383532952323886e-01 4.075693317696526541e-01 3.862771769750065198e-01 3.714792865337758765e-01 3.768262741634807456e-01 3.920016285076285967e-01 3.945329235374273602e-01 3.724079391500673686e-01 3.733099878649778769e-01 3.710910979582764391e-01 3.763721582704598889e-01 3.706968325683563381e-01 3.866969577142606029e-01 3.678092588206112179e-01 3.745678114561949434e-01 3.924214750334374946e-01 3.650849792450425735e-01 3.696929771021410516e-01 3.769879108696953529e-01 3.910109390846423505e-01 3.839259838051687912e-01 3.850876160871530840e-01 3.980746185778690771e-01 3.885877859538016676e-01 3.925925529628013222e-01 3.893490949740296969e-01 3.870173472474811027e-01 3.948434687198862370e-01 3.969332480493672488e-01 3.749687899599102869e-01 3.875305242272876760e-01 3.834244417435062613e-01 3.890839806185489302e-01 3.784669459186908447e-01 3.858483943401827543e-01 3.888630975817697899e-01 3.995504935193123219e-01 3.786126560951920128e-01 3.777566613833442388e-01 3.813008254471362823e-01 4.043426460642071119e-01 3.756832369337319011e-01 3.864626036737220938e-01 3.842293577362144164e-01 3.580541398931393893e-01 3.584464416097664641e-01 3.885375815531075805e-01 3.834678595905982035e-01 3.673006948600031629e-01 3.729183564939859141e-01 3.803580950467134736e-01 3.720553300304759170e-01 3.671449222316597316e-01 3.722781286961394098e-01 3.816238048639644664e-01 3.849698023866979235e-01 3.717438567690571349e-01 3.618990940110721199e-01 3.690299968187026325e-01 3.632011637300028295e-01 3.692877459391971651e-01 3.642287777063957788e-01 3.605523056759316614e-01 3.637549231984074094e-01 3.683530221307869668e-01 3.748227377420798034e-01
1.949759071827318890e-01 8.501879898380045042e-02 4.301359160757624034e-01 1.000000000000000000e+00 4.438326998981138583e-01 3.816050332348002172e-01 6.292216875358510597e-01 6.151380247689572922e-01 5.558158162418298520e-01 5.153095391370777767e-01 5.858058166940179889e-01 6.063771892372269434e-01 5.246954356248563212e-01 4.379770144633352569e-01 6.311205947588567344e-01 6.422407265260198228e-01 5.452986806170498912e-01 5.913793829295641569e-01 5.788738208507415717e-01 5.293412597041249334e-01 6.206336575951293399e-01 5.768580844366031357e-01 5.931047727999936292e-01 5.878118459732069034e-01 5.724811077785924018e-01 6.311054794875665674e-01 6.385293417054697107e-01 6.275814156941531552e-01 6.089659995124601100e-01 5.787364904152210165e-01 5.987290942750355116e-01 5.730842155352232625e-01 5.906913964791816740e-01 6.192793593000481822e-01 5.903690834511463592e-01 6.334091723359673853e-01 5.918434989692817894e-01 6.017034256349347299e-01 6.085964337453355633e-01 6.395049365561665811e-01 5.964556240903524653e-01 6.221339481288225004e-01 6.133352925891771834e-01 5.979084961609185678e-01 6.238383118410657513e-01 6.048395067458040009e-01 5.629291217982046458e-01 5.656461786976738626e-01 5.914227452086840975e-01 5.991373599795614124e-01 5.884193415368436098e-01 6.500148947459999382e-01 6.130810842300741248e-01 5.837259472043928588e-01 5.977782516510098398e-01 5.975357514082055843e-01 6.197852409987750777e-01 5.933409661434705384e-01 5.912009535877790212e-01 5.795069814665199104e-01 5.952637911442366647e-01 5.812846779714641032e-01 6.073937429187209469e-01 5.796186841873288698e-01 5.778563422755323975e-01 6.141725157864206253e-01 5.669569306573354339e-01 5.695857702732850525e-01 5.775140771801670070e-01 5.831277917789366994e-01 5.857289289609259875e-01 5.758992165389895668e-01 5.917084303755235641e-01 5.795802559706249024e-01 6.085437048017526829e-01 5.996409147629522263e-01 6.028751631161783919e-01 6.103342995575532504e-01 6.038382518110974040e-01 5.907069465477344794e-01 5.937638579803856675e-01 5.852018705092699724e-01 5.936907055350777451e-01 5.912475708990512224e-01 6.036237677942606350e-01 6.000550377499450638e-01 6.045509094643392034e-01 6.016960712259453725e-01 5.895782677428351715e-01 6.003325202836047314e-01 6.281418739862304479e-01 5.926359362110525941e-01 6.018163220306582684e-01 5.986013884575172028e-01 5.712084898042828485e-01 5.697176516665850565e-01 6.319693541261641734e-01 6.127829794767604144e-01 5.910458929234150283e-01 5.954313969915661087e-01 6.065181704677503616e-01 5.975423767947745102e-01 5.883259136595893057e-01 5.891053402616670542e-01 6.020750257795652871e-01 6.141538052644873735e-01 5.908488665004166807e-01 5.740384391801374164e-01 5.847377056305940179e-01 5.768038706452282005e-01 5.930025283702969885e-01 5.747145343978803389e-01 5.744847477521688450e-01 5.798407491506274436e-01 5.775508298686391484e-01 5.912272242013912882e-01
8.552105392175431142e-02 1.169001472523138463e-01 2.755971697602567216e-01 4.438326998981138583e-01 1.000000000000000000e+00 3.222478005521040023e-01 5.268410566093471026e-01 5.049749097686824229e-01 4.788328918755551111e-01 4.338595412708601828e-01 5.012270973731203227e-01 5.263721803145617884e-01 4.908279119094561271e-01 3.989145768049733864e-01 5.553244664283273346e-01 5.504624368209453111e-01 4.757880136072402122e-01 4.953141877472655996e-01 5.022376619792036090e-01 4.372991596633370448e-01 5.149696636458794829e-01 5.184272133541812932e-01 5.219992202609802234e-01 4.986159372014695723e-01 5.027290620716643454e-01 5.320705050190847052e-01 5.345446132819108298e-01 5.514865444439033260e-01 5.114860386077614285e-01 5.185493319208924756e-01 5.144457344507553653e-01 5.187972514749924491e-01 5.142890970312167243e-01 5.204241491282114440e-01 5.061865530911358046e-01 5.261642408465612153e-01 5.139547668389573554e-01 5.360109783771657144e-01 5.334238442368574029e-01 5.386215849254391008e-01 5.383268074308279472e-01 5.475676309140654618e-01 5.437272035478484256e-01 5.333696011347422994e-01 5.349198145309600472e-01 5.378800984262676055e-01 5.042473020396305294e-01 5.020316588983319006e-01 5.080115125694313338e-01 5.078294071715713232e-01 5.250340728172949722e-01 5.292118999114019395e-01 5.163872292175899492e-01 5.061829622396801787e-01 5.064505957839885442e-01 5.197198287089402902e-01 5.050621200906502128e-01 5.163333319460523541e-01 5.147340529893641436e-01 5.118077426889722226e-01 5.189408640012601603e-01 5.092018937509900089e-01 5.173340380143598427e-01 5.090390154498047881e-01 5.103084948602870652e-01 5.196795813779531148e-01 5.092802171683739054e-01 5.124597158901753602e-01 5.165598646000252314e-01 5.158752063980120983e-01 5.213252337622900079e-01 5.191150386728806687e-01 5.244045432489253811e-01 5.213364256287974507e-01 5.323737811017578148e-01 5.276731223083604982e-01 5.374328052830704694e-01 5.293830739509182148e-01 5.396101506718073981e-01 5.199448454400998898e-01 5.257789727474060371e-01 5.194334971353712360e-01 5.266732809473074761e-01 5.261712036230697942e-01 5.271812497075019088e-01 5.257278748451317263e-01 5.269106374446160812e-01 5.296019140246988055e-01 5.249957852103166456e-01 5.252277327782285399e-01 5.438205784296132883e-01 5.269687488127406949e-01 5.289590100241576831e-01 5.305859016233666070e-01 5.070753924623210285e-01 5.047215602669585799e-01 5.262058278665548983e-01 5.150845334096443295e-01 5.134931971652725302e-01 5.218045740828638479e-01 5.267064927427241861e-01 5.155057346854040601e-01 5.118588462410503803e-01 5.198590807474212649e-01 5.212662240614289733e-01 5.100742931520307888e-01 5.127718748618064204e-01 5.125953946429512298e-01 5.144354805906889982e-01 5.104243051357805205e-01 5.153754361119601279e-01 5.100970521331464891e-01 5.078818215440661366e-01 5.102110793131297006e-01 5.116918704002343388e-01 5.153113118777051804e-01
-5.255590852290742193e-04 8.568805867856173208e-02 2.148823344679378078e-01 3.816050332348002172e-01 3.222478005521040023e-01 1.000000000000000000e+00 5.345223196629228513e-01 4.898331369020700876e-01 5.382962252158403071e-01 4.945569530370609868e-01 5.256332374346140979e-01 5.747665471242561219e-01 5.284729475364009499e-01 4.556647540828364096e-01 5.821745863146435829e-01 5.755971133984296717e-01 5.213249622231941327e-01 4.945106548672032476e-01 5.158493501163866624e-01 4.425616726035562221e-01 4.993703186806631167e-01 5.124198180732101315e-01 5.221274150093611066e-01 4.779043166685144617e-01 4.783182198659280959e-01 5.413475656328115004e-01 5.459286536032601500e-01 5.610085030986896593e-01 5.106554715371948161e-01 5.643288374010075881e-01 5.602378660341512662e-01 5.729412200650135789e-01 5.399318008769090627e-01 5.451329223037422178e-01 5.705962138314485399e-01 5.503232782341320739e-01 5.701508599154646584e-01 5.760217423714422136e-01 5.909886660038923267e-01 5.693645406920282426e-01 6.010003565068131604e-01 6.035351875757632989e-01 5.955924031250563466e-01 6.065526481877262510e-01 5.849793114748587097e-01 6.037791750738596974e-01 5.987334218849098555e-01 6.028524664054447646e-01 5.927736737007689438e-01 5.703209785385218167e-01 5.896531793970072322e-01 5.854290787465851187e-01 5.871318818652845328e-01 5.964291507537123893e-01 5.929748587891585654e-01 5.946459179522444183e-01 5.810218418703305687e-01 5.993113682288919719e-01 5.927426715050230221e-01 5.983325954766861576e-01 6.028032399440809153e-01 5.999414040862058872e-01 5.949916206587363421e-01 5.935171060229752493e-01 5.927795354793194971e-01 5.975593104518230891e-01 6.018109479011449769e-01 5.972893108276631224e-01 6.004796395833912337e-01 5.837074273508765510e-01 5.952363326164628043e-01 5.944502006644146741e-01 5.853807102347755587e-01 5.856071294218589962e-01 5.998048097162450576e-01 6.030606161540603694e-01 5.993623053263208433e-01 5.845780968752740669e-01 5.971787785253372949e-01 5.895239456305420012e-01 5.960937226564542168e-01 5.977660014957506540e-01 5.999707084888121766e-01 5.981759982977397083e-01 6.019040547692975363e-01 5.974824931983060416e-01 6.001083324739414637e-01 6.051706781278300973e-01 6.077782214631446411e-01 6.055129437206380194e-01 6.045471768568727589e-01 6.111468970874719409e-01 6.055765442359951622e-01 6.104660068982008525e-01 6.057893477755990075e-01 6.071244444675205632e-01 6.076381777961578079e-01 5.990674282190857625e-01 6.064754133278544845e-01 6.077145606508388420e-01 6.107670977882339036e-01 6.062690265514553145e-01 6.065088579942153890e-01 6.095711387467639408e-01 6.045492224121244984e-01 5.999746922328360599e-01 6.053911430516449865e-01 6.058365575843434048e-01 6.052518877297075051e-01 6.067379194500256423e-01 6.063993330325134767e-01 6.068208738505530553e-01 6.061089331184484896e-01 6.038294557213739200e-01 6.038312786863054837e-01 6.042813220488540971e-01
1.130262778009448049e-01 1.575495197099437417e-01 4.371914163965210931e-01 6.292216875358510597e-01 5.268410566093471026e-01 5.345223196629228513e-01 1.000000000000000000e+00 7.621844702237570157e-01 7.250890451754873345e-01 6.829691847559039575e-01 7.610144631307410590e-01 8.128188397142044330e-01 7.303229659607378688e-01 6.236640785440358270e-01 8.488612750250188466e-01 8.308906137032443517e-01 7.210536641231511945e-01 7.346515306714495042e-01 7.438048583194434293e-01 6.725273574492867112e-01 7.567493478521887251e-01 7.526250531698734925e-01 7.784689211529871589e-01 7.297249146413427034e-01 7.325609047217683800e-01 8.056485917684844678e-01 8.151048599633715641e-01 8.189916721750027939e-01 7.519888647855521580e-01 7.969025970793943703e-01 8.215221526375289240e-01 7.915732989826633759e-01 7.967071353595777117e-01 8.060941690799245940e-01 7.992347492276946630e-01 8.208879779497376683e-01 8.196379645055839047e-01 8.142531415655596128e-01 8.381195100738547676e-01 8.301893001320518328e-01 8.143779310996370757e-01 8.375841359086715343e-01 8.334046323108108556e-01 8.262998115047919256e-01 8.292691400080128838e-01 8.330112971202902061e-01 7.961046182816479133e-01 7.912809286683893939e-01 7.970880337691375050e-01 8.028194794846259530e-01 8.101328307408447449e-01 8.203965580222848386e-01 8.039194860411761345e-01 7.979037331271694455e-01 7.999620536837853679e-01 8.128112123314910065e-01 7.998920210508220219e-01 8.028533004597974143e-01 8.011707169912515303e-01 8.043423192207813655e-01 8.117334899958997818e-01 8.033981451532618001e-01 8.057520118006922250e-01 7.998894464828480988e-01 8.000961815872718041e-01 8.150623448614747746e-01 7.974961862181799699e-01 7.971030429651343452e-01 8.074119983753442753e-01 8.032390350972200554e-01 8.055155654632165652e-01 8.016404718967413690e-01 8.088261721963735384e-01 7.989246578896181950e-01 8.260147455908370961e-01 8.206299709650128893e-01 8.247171576051439690e-01 8.056691694052396935e-01 8.282502964147627766e-01 8.080781206616893808e-01 8.212203103174503527e-01 8.196594221317414775e-01 8.199360390269018195e-01 8.176368550016960279e-01 8.204538499804019391e-01 8.206096575334429488e-01 8.312451585548219501e-01 8.256476031211962274e-01 8.244059185232650577e-01 8.184680655066520760e-01 8.470798168893807212e-01 8.220436019334870226e-01 8.232371915575149579e-01 8.273704477050576322e-01 8.005550538986331288e-01 7.981202224391309441e-01 8.245525766934570511e-01 8.079404378178176582e-01 8.059098030976510341e-01 8.150949061645865745e-01 8.266898228040917562e-01 8.110531426326729187e-01 8.044558091504346864e-01 8.147500150949645858e-01 8.146541697610691912e-01 8.055812283407058905e-01 8.049894531264804032e-01 8.028861826581171757e-01 8.059236669975619050e-01 8.012567882456571589e-01 8.074414001416962972e-01 8.036410227253414362e-01 8.008762517621108579e-01 8.036563924903631362e-01 8.028955359628460187e-01 8.095107924823432555e-01
1.041421956875924482e-01 1.233046577047623438e-01 4.199634778537619795e-01 6.151380247689572922e-01 5.049749097686824229e-01 4.898331369020700876e-01 7.621844702237570157e-01 1.000000000000000000e+00 7.385186777670137426e-01 6.611650311878555231e-01 7.584696213071883131e-01 8.017969833413615133e-01 7.100540538510948796e-01 6.271559145039301564e-01 8.267684990708196180e-01 8.238266685404774803e-01 7.305337659959444396e-01 7.348318478254319830e-01 7.471436426956843402e-01 6.521849493057413349e-01 7.638540550759665981e-01 7.572296578111110676e-01 7.725478871050772689e-01 7.340593970206583663e-01 7.357507451372563567e-01 7.920293022094249125e-01 7.984866737309508355e-01 7.979194241750481309e-01 7.407294883332895541e-01 7.829279706932884553e-01 7.952581048539894004e-01 7.972687071839099637e-01 7.821232714664108077e-01 8.042912894430697124e-01 7.864612593858258949e-01 8.060765426240686926e-01 7.921542119958062678e-01 8.159077364721446513e-01 8.224466768304298236e-01 8.156229966313955915e-01 8.106921041890737811e-01 8.265592793379209491e-01 8.202363936510875808e-01 8.181919337270321391e-01 8.213141955614894352e-01 8.171122323984880698e-01 7.943679974416623102e-01 7.940531138311764936e-01 8.038087643126713422e-01 8.117219803367585751e-01 8.180379440996013996e-01 8.093644221382245707e-01 8.040038099283670636e-01 7.931402144171101343e-01 7.960329679608452169e-01 8.063555477540998995e-01 8.042973914433182436e-01 8.078032363484626277e-01 8.023817317934909266e-01 8.008228340016284585e-01 8.105446063049080996e-01 7.997832152159399799e-01 8.064612440981340225e-01 8.045384842739008446e-01 7.978530891410493542e-01 8.093142370218158188e-01 7.964125433735306236e-01 7.961168958900756154e-01 8.020549546252018214e-01 7.979853915111800866e-01 8.096416103731728375e-01 8.019423598331266723e-01 8.055979747704404836e-01 7.999895102362551969e-01 8.162362056717037406e-01 8.111259514577513485e-01 8.132105950188869281e-01 7.988904661252628214e-01 8.137230772944864521e-01 7.978145388977678776e-01 8.076418463760318689e-01 8.069981355371944609e-01 8.130993943733009210e-01 8.053054224295156382e-01 8.191770730885077345e-01 8.153566276672353785e-01 8.173271199878449078e-01 8.213536372332962410e-01 8.133643056286161688e-01 8.127815369776618670e-01 8.277357999470256189e-01 8.144661341146024469e-01 8.168926110550766007e-01 8.164938413735761680e-01 7.997567297346936943e-01 7.959787047359863088e-01 8.248277561156138749e-01 8.122410217075027861e-01 8.084425876765616303e-01 8.170980901672278973e-01 8.194484485018292963e-01 8.102606627813434548e-01 7.996631246501714196e-01 8.122320299426574186e-01 8.137976982526092806e-01 8.060678725221182006e-01 8.083314360514697317e-01 7.972063417526332740e-01 8.023489665658940506e-01 8.020132148469504285e-01 8.091980511716209135e-01 8.000834496053941258e-01 7.992342189770993421e-01 8.045002473434148538e-01 7.997394045725286782e-01 8.047584620440491054e-01
1.689258971321923042e-01 2.037401652884443803e-01 3.648757944545519272e-01 5.558158162418298520e-01 4.788328918755551111e-01 5.382962252158403071e-01 7.250890451754873345e-01 7.385186777670137426e-01 1.000000000000000000e+00 7.717073814341327553e-01 8.081763627632081448e-01 8.381453674191656766e-01 7.569458170107196127e-01 6.724967536213869446e-01 8.495032265208625200e-01 8.475889554171202045e-01 8.241903551371165815e-01 7.831150047881640930e-01 8.068514108898205972e-01 6.827932898521082983e-01 8.105901104303142590e-01 8.043832705733382493e-01 8.238453670689932506e-01 7.869910489227244232e-01 7.833496280834056913e-01 8.555588950875369081e-01 8.564975380691395301e-01 8.347298577337770586e-01 8.198085397413806819e-01 8.716270096391365296e-01 8.530302536493761245e-01 8.702513330216088416e-01 7.791513683000806934e-01 8.284683348686951998e-01 8.396233020932465374e-01 7.938818236210093415e-01 8.176680936818565559e-01 8.535878884002723321e-01 8.476309112843855020e-01 7.891740461841151300e-01 8.656599336999351024e-01 8.585273471670106238e-01 8.223720958137723525e-01 8.634731862515103717e-01 8.618061690641365402e-01 8.606525939415364812e-01 8.742151533068706071e-01 8.771700854867566788e-01 8.766427168291369698e-01 8.577377755929044278e-01 8.727612266581820100e-01 8.268286357684330179e-01 8.649768372112931480e-01 8.830541006933960713e-01 8.724425180881056896e-01 8.765515055512307363e-01 8.673961079212084702e-01 8.718620551990907686e-01 8.732948044817772093e-01 8.748256331588951662e-01 8.741539457116254130e-01 8.797117413388128027e-01 8.688697573500084870e-01 8.820797456252289503e-01 8.779227223888941278e-01 8.845745838635941105e-01 8.760060639937868876e-01 8.737672344218270215e-01 8.783991915589466348e-01 8.620902077737682134e-01 8.789656938015735221e-01 8.773195916905467406e-01 8.727643590613031188e-01 8.730768670554887034e-01 8.848398785118630760e-01 8.818084867203629384e-01 8.796985635386637137e-01 8.788622716279750335e-01 8.780264027600288568e-01 8.842762549259126637e-01 8.831016643081008866e-01 8.779222779179506331e-01 8.821150771630129617e-01 8.742760412385041091e-01 8.707224191301534688e-01 8.700558104681915816e-01 8.604450771210718774e-01 8.698583001083234345e-01 8.707378657426627644e-01 8.782973524228955275e-01 8.536309876595662427e-01 8.697621323666463455e-01 8.717151097778169655e-01 8.721608576457730022e-01 8.710242591014393243e-01 8.748250224456877167e-01 8.425874640072217314e-01 8.716344067272222551e-01 8.707108832023466860e-01 8.667877963267061059e-01 8.577317292029330575e-01 8.710159766351175392e-01 8.699648514806980204e-01 8.697725346753929498e-01 8.708686599150935459e-01 8.721298310993266245e-01 8.794325218052957416e-01 8.771719616095875471e-01 8.809084496740213766e-01 8.778519782997287191e-01 8.726016348188425642e-01 8.753818272563745895e-01 8.731769818921426562e-01 8.750849869296348782e-01 8.770277050406966035e-01 8.788837532922836315e-01
1.224160065121264462e-01 2.196242968558951292e-01 3.368641451451597768e-01 5.153095391370777767e-01 4.338595412708601828e-01 4.945569530370609868e-01 6.829691847559039575e-01 6.611650311878555231e-01 7.717073814341327553e-01 1.000000000000000000e+00 7.604502414317357850e-01 7.739324998537822076e-01 7.201917620111725205e-01 6.191042511401693149e-01 7.894921710273762328e-01 7.783037103424585990e-01 7.645970382997725467e-01 7.488545866628436576e-01 7.542866617723406053e-01 6.609887055286413071e-01 7.542976808009018708e-01 7.309794364340190809e-01 7.700250311777865342e-01 7.426999543289318773e-01 7.188816877015568041e-01 7.962697029439463892e-01 7.808008437628304321e-01 7.573469507431094261e-01 7.429704532137255679e-01 7.926935669111463412e-01 7.853518940913536417e-01 8.189506693546065863e-01 7.170875151333546693e-01 7.775026834223480732e-01 7.811490653865348355e-01 7.343533537831801183e-01 7.574412894232269711e-01 7.915156328320442913e-01 7.864504015759435918e-01 7.409871091868901471e-01 8.072811873137704097e-01 7.957191623330015506e-01 7.598058493987959183e-01 8.100931975935556917e-01 8.008822050195124609e-01 8.094680584725291173e-01 8.240027846041105830e-01 8.280449027299278120e-01 8.285735443936620426e-01 8.033831420828972947e-01 8.137414118702314125e-01 7.687484295645906629e-01 8.107994551840699282e-01 8.389683532760506823e-01 8.295684048744165207e-01 8.271937614543826145e-01 8.218170695428529404e-01 8.210988698708563405e-01 8.281880786052726595e-01 8.263889290400864285e-01 8.250177346358112951e-01 8.301373439802837151e-01 8.197237399892024490e-01 8.252829403986426948e-01 8.212539954282540577e-01 8.273050116812386001e-01 8.263037220822709861e-01 8.276318894539658189e-01 8.312685859975057490e-01 8.203557804766170580e-01 8.245673240185333874e-01 8.238607995132629647e-01 8.271632896565427329e-01 8.228477721251744592e-01 8.283494566352914701e-01 8.239691494359357993e-01 8.158092765845257333e-01 8.122943928513783884e-01 8.148235888433785767e-01 8.172219163543217313e-01 8.186591953705236735e-01 8.215926128669501782e-01 8.273253100460110643e-01 8.159458981494358554e-01 8.157129673769148992e-01 8.174571066824108945e-01 8.045653874942662043e-01 8.166758502536861641e-01 8.146444613319483441e-01 8.259857643135881666e-01 7.958675143154964049e-01 8.185671867855275341e-01 8.186936041786800899e-01 8.151482189773125997e-01 8.230109553623645713e-01 8.273537457543330698e-01 7.934249471449532631e-01 8.157408220019369827e-01 8.190353918379994491e-01 8.173506179225671353e-01 8.040931384082047328e-01 8.194003603696666804e-01 8.189418754102941733e-01 8.156127490426126059e-01 8.156860621033986680e-01 8.194037690780054950e-01 8.279303156899019411e-01 8.297214566397496105e-01 8.306608143598455118e-01 8.269931481048882205e-01 8.236790046248450015e-01 8.250688055136569110e-01 8.241264301148462090e-01 8.217696370917483284e-01 8.223663811057384532e-01 8.226991046809375430e-01
1.158895705165020468e-01 1.769277797114790496e-01 4.072996176466389673e-01 5.858058166940179889e-01 5.012270973731203227e-01 5.256332374346140979e-01 7.610144631307410590e-01 7.584696213071883131e-01 8.081763627632081448e-01 7.604502414317357850e-01 1.000000000000000000e+00 8.617273661752652414e-01 7.700234172657196563e-01 6.667274319399990601e-01 8.700443551844065926e-01 8.685869467936253585e-01 8.155867240262989482e-01 8.061236684313601852e-01 8.160557274336696088e-01 7.099023983475797328e-01 8.233212178037485618e-01 8.090206150869257984e-01 8.199882517713665830e-01 8.044319029338835580e-01 7.936677383212131787e-01 8.572355315225480554e-01 8.642320424105054411e-01 8.411601602036350434e-01 8.136335417094395783e-01 8.588951565966326251e-01 8.724443623848664453e-01 8.691475127687516844e-01 7.908626719742366529e-01 8.523936115258139434e-01 8.469929291904043644e-01 8.289158800448246378e-01 8.480502340511263393e-01 8.593000044490035627e-01 8.639057401299540251e-01 8.243564895323762798e-01 8.717072298597946522e-01 8.703716625543930219e-01 8.408749749519053296e-01 8.793366846448487095e-01 8.801998360267824228e-01 8.806386350890980097e-01 8.821939999247073727e-01 8.818826086936096820e-01 8.833924104861554660e-01 8.701570870955248616e-01 8.777407567784802911e-01 8.598324489076506483e-01 8.820029833939360131e-01 8.887353009187484165e-01 8.890460822416639264e-01 8.835585715144813612e-01 8.883801401360722494e-01 8.813699762596852727e-01 8.868035778819532977e-01 8.851040366785034585e-01 8.904772248828047854e-01 8.897570040940481206e-01 8.902428476893696763e-01 8.849194041014464274e-01 8.829639046961208493e-01 8.958625590543709549e-01 8.825338505053419436e-01 8.830786746394763131e-01 8.884310169591881357e-01 8.783532056157740131e-01 8.879117961736754383e-01 8.851686497762996098e-01 8.897237820059654689e-01 8.853600151482923231e-01 8.950140633294388914e-01 8.930825189653300855e-01 8.867082294383317187e-01 8.808948096149668006e-01 8.863965606664740982e-01 8.864351944116283244e-01 8.905550783207107912e-01 8.923467184638224081e-01 8.892148817538784167e-01 8.827134210249778512e-01 8.837173163008098520e-01 8.862475766229890306e-01 8.824738170238101143e-01 8.840197263536375694e-01 8.843083217205029989e-01 8.888232205472682557e-01 8.775353023149546905e-01 8.844323243995274586e-01 8.891619805235895235e-01 8.855252322305766643e-01 8.818168287894918578e-01 8.837246687543797163e-01 8.689798717983144849e-01 8.856498406760165976e-01 8.848328969370137242e-01 8.813786556860465637e-01 8.789535059042036247e-01 8.874932561756740945e-01 8.835597822554477343e-01 8.812695185730913261e-01 8.875362059076210564e-01 8.883627869306862657e-01 8.894883112600091568e-01 8.867651530576156071e-01 8.901625196876569168e-01 8.865584511128442591e-01 8.868818466223963304e-01 8.847869756122442864e-01 8.843313938409441688e-01 8.847757580472643824e-01 8.844465428061926149e-01 8.902326240009774683e-01
4.598739116746303202e-02 1.434730483344785479e-01 3.987861942478261312e-01 6.063771892372269434e-01 5.263721803145617884e-01 5.747665471242561219e-01 8.128188397142044330e-01 8.017969833413615133e-01 8.381453674191656766e-01 7.739324998537822076e-01 8.617273661752652414e-01 1.000000000000000000e+00 8.155141542208680372e-01 7.338458898728411617e-01 9.208931335530387008e-01 9.120278416691058876e-01 8.388123376252411001e-01 8.071441261607136264e-01 8.334366858784554299e-01 7.136084863421909841e-01 8.314060994002071547e-01 8.352797926133521678e-01 8.433169335124262034e-01 8.076148686750826977e-01 8.082324794194523099e-01 8.773126267968106573e-01 8.894030108279078473e-01 8.909940714870727696e-01 8.286909890437150761e-01 8.916579055600420967e-01 9.028769164039864847e-01 9.151836922967921950e-01 8.592641798079156956e-01 8.954716507718010199e-01 8.949728575661791696e-01 8.933194364565620882e-01 8.997865289332752647e-01 9.142659308790009876e-01 9.285087063333142821e-01 8.935627904233649499e-01 9.329130668883505173e-01 9.351472217467520220e-01 9.222362349824902994e-01 9.416698799367996253e-01 9.294100295301476189e-01 9.370903002672648086e-01 9.329402118231687746e-01 9.314153932630896415e-01 9.270308818404128237e-01 9.148762744387073376e-01 9.276058616619738961e-01 9.209124506509337449e-01 9.254443277268117329e-01 9.233450884750106225e-01 9.202910369553407577e-01 9.238147603411851483e-01 9.141794429800270683e-01 9.341140042757110074e-01 9.258697075327129156e-01 9.348681446759594671e-01 9.385349627327541633e-01 9.331305351293053274e-01 9.271222737093692823e-01 9.304644118324989499e-01 9.317066092527525045e-01 9.341881082833906058e-01 9.354549831680265548e-01 9.326530768045345754e-01 9.352838005316124192e-01 9.190056707756859566e-01 9.338066042897336105e-01 9.315254503047619705e-01 9.275512310894913348e-01 9.256415216915836464e-01 9.404931981168150879e-01 9.414444867547724360e-01 9.379737559198333408e-01 9.219517891917893282e-01 9.373215656473246060e-01 9.251078099039182767e-01 9.357233216938022347e-01 9.400593016035839744e-01 9.384215100981685431e-01 9.314262108032289600e-01 9.389087336458374899e-01 9.397315179566692045e-01 9.417476238952106060e-01 9.416510477567077153e-01 9.433535700529910306e-01 9.402175610471723566e-01 9.402848314205362046e-01 9.435698580179715522e-01 9.432459870867742069e-01 9.447457643823026219e-01 9.376702535737027056e-01 9.364665717053332061e-01 9.337324303388310209e-01 9.344280813981884481e-01 9.388502113009002947e-01 9.393539603082734502e-01 9.427231050901982989e-01 9.412205022418187461e-01 9.384197702856920120e-01 9.424949011899568241e-01 9.425756857534913769e-01 9.310009976110072971e-01 9.382683387706084455e-01 9.369464076847329181e-01 9.368886039899371188e-01 9.376878295130902652e-01 9.388723082953081001e-01 9.382119825137869018e-01 9.372035313967210790e-01 9.389210443860415145e-01 9.371721847843557107e-01 9.398165593515253047e-01
4.610451389314357273e-02 1.461779458422129974e-01 3.500153007055151755e-01 5.246954356248563212e-01 4.908279119094561271e-01 5.284729475364009499e-01 7.303229659607378688e-01 7.100540538510948796e-01 7.569458170107196127e-01 7.201917620111725205e-01 7.700234172657196563e-01 8.155141542208680372e-01 1.000000000000000000e+00 6.659541038591519913e-01 8.379236119753242784e-01 8.285712086878040950e-01 7.787547076213429120e-01 7.385965865040927669e-01 7.613984007937589782e-01 6.605351527139962098e-01 7.555525018424199546e-01 7.681818434978818777e-01 7.704918718944666622e-01 7.443426234155415822e-01 7.393398069737692202e-01 7.969241959127677521e-01 8.030468044573707553e-01 8.073636324094551897e-01 7.529761489252512208e-01 8.128276098648076209e-01 8.133168868731823764e-01 8.322377376583581787e-01 7.716764828791451425e-01 8.035070105199498824e-01 8.013180985272404522e-01 7.921798768958070447e-01 8.048588855946139375e-01 8.210902573660709969e-01 8.367200581965434925e-01 7.952682278167242380e-01 8.470846340884273795e-01 8.501065094744070239e-01 8.340422951662960216e-01 8.549032573262611567e-01 8.398725242933384738e-01 8.525024506618464892e-01 8.511312058306321759e-01 8.514796403602976627e-01 8.412783232317075921e-01 8.197710294366350459e-01 8.386787238797258626e-01 8.226707940799774521e-01 8.336435016490879590e-01 8.436244829096662956e-01 8.309923885465150262e-01 8.409420548086936620e-01 8.145383941597179600e-01 8.470514389809418176e-01 8.355581579240450862e-01 8.540995964121077533e-01 8.509395286945123926e-01 8.459793511295951030e-01 8.308350605350602880e-01 8.421102514589677845e-01 8.489004821716398252e-01 8.446217929100601207e-01 8.521397332203254349e-01 8.548599071119870052e-01 8.547328701278290586e-01 8.453634951486121984e-01 8.536935223607257095e-01 8.508400633032281446e-01 8.478113153633881627e-01 8.474837333596371147e-01 8.562818004476796530e-01 8.535598546320510849e-01 8.541177313957363237e-01 8.367780433461625700e-01 8.547608845209951900e-01 8.342793342455356864e-01 8.450146605492400154e-01 8.516990931170281831e-01 8.549743556855937676e-01 8.425360246291988542e-01 8.523242042028678078e-01 8.529091512788087304e-01 8.493753163427382180e-01 8.583007212200859382e-01 8.569098676677945337e-01 8.552381148438907843e-01 8.499214654367687194e-01 8.591051389810315797e-01 8.585831957987239971e-01 8.603087409832756993e-01 8.566354562449763899e-01 8.548877388193426574e-01 8.440123291293084584e-01 8.452338161798611527e-01 8.534994820355280565e-01 8.562099604584366697e-01 8.572251952233678196e-01 8.558089862601558906e-01 8.548410787803900623e-01 8.596169554919771416e-01 8.557316321316874586e-01 8.425807615106337689e-01 8.521450959512359979e-01 8.567072330075471420e-01 8.552593518086860636e-01 8.558513786248144184e-01 8.540517510240316357e-01 8.570370210417055379e-01 8.553302051114897164e-01 8.562364930966831489e-01 8.559121624817618290e-01 8.554581137412103908e-01
