1.000000000000000000e+00 1.100568502596719206e-01 1.649085839467041570e-01 1.313472371425837004e-01 9.241717888466777220e-02 -1.478130802141960735e-02 9.243282104079698913e-02 8.365920658299687285e-02 9.048613854375416043e-02 8.002096791470748871e-02 6.743221862764806063e-02 6.094373519041295512e-02 1.833492423291099155e-02 1.512076317087625646e-02 4.846313138212524768e-02 4.505528817176918804e-02 1.013566180085522794e-01 1.506749080956710229e-01 1.387081533984164949e-01 1.174719882504530605e-01 1.215585355910562826e-01 1.288515508896405093e-01 1.581949367260215011e-01 1.377833802007710773e-01 1.511520771698534882e-01 1.166234013830160232e-01 7.957890659825929414e-02 9.818411698931561737e-02 1.054442919935220380e-01 1.311834917573197756e-01 9.763602641624366529e-02 8.878694973678386004e-02 8.688444761049253506e-02 8.848991247306348118e-02 9.542624002372210312e-02 1.299303187745479427e-01 9.036013018873993718e-02 3.370836577843418919e-02 6.964499941306133424e-02 2.842224244996114854e-02 3.319282114607403911e-02 1.321601746962015357e-02 4.642988258316071981e-02 3.386215672218278322e-02 5.074285914345581100e-02 2.766440497611850555e-02 1.247289453348682936e-02 1.376977022966574191e-02 2.925215476415335067e-02 6.278647989012277331e-02 3.710974554419660398e-02 4.407909536278353801e-02 2.077418339469634320e-02 2.376624446042498867e-02 2.318055614970553416e-02 3.935470780726841450e-02 7.459283193749871588e-02 1.571090555996008248e-02 2.180468374320268521e-02 4.533236487963762662e-02 4.109315553360051027e-02 3.532721575520366558e-02 3.520791243435870965e-02 6.791794674152042133e-02 5.203265753539711852e-02 4.823497949836906551e-02 2.748953260391642783e-02 4.571292370559416202e-02 5.268414302989440218e-02 4.827127097878666784e-02 3.464623536577400575e-02 4.106625132611385620e-02 4.085270224098948993e-02 4.854163851307462252e-02 3.758546294603540283e-02 3.313434607418673516e-02 3.363445150304195802e-02 4.827299119717205073e-02 4.499181132631056151e-02 5.335787152144013529e-02 3.964088789990077855e-02 3.105364069089325621e-02 4.968094922653938650e-02 4.382812428305297298e-02 4.297325264793719346e-02 4.318088827889402653e-02 3.991369199375936760e-02 2.320539255194232695e-02 3.197509712905272083e-02 2.941506033881602020e-02 3.568908929437121513e-02 1.473537515718331345e-02 2.562785177645298187e-02 1.783682084596983214e-02 1.002802539467600833e-02 1.422598271565861903e-02 4.712378636756427847e-02 5.518359142030709874e-02 2.853108709763215595e-02 2.813659786098140353e-02 2.256841276471658470e-02 2.737837126189808512e-02 1.750379494390476992e-02 2.029031730191774990e-02 2.853103686533068131e-02 4.006130891004881095e-02 3.068755052320116736e-02 1.064756858752637092e-02 1.762514001022462765e-02 1.327531228284509375e-02 1.061221753070929613e-02 2.777466128537063594e-02 2.509657017621410441e-02 3.476240630781871760e-02 2.403128617490220623e-02 2.753960021124336396e-02
1.100568502596719206e-01 1.000000000000000000e+00 1.226825648610501140e-01 1.515834883416373180e-01 1.044792951666004971e-01 8.660570474998224855e-02 1.690032047721580499e-01 1.524374403505990572e-01 1.529558804825368046e-01 1.834029656273501452e-01 1.582172886773536014e-01 1.484374524372397419e-01 1.224680836802453376e-01 1.299017180939663896e-01 1.609436240053011558e-01 1.580672138548113448e-01 1.615497075430472607e-01 1.906627744336042984e-01 1.825032242658995163e-01 1.936008718620195745e-01 1.744067365472668774e-01 1.915913841960155684e-01 1.988378478092328039e-01 1.981987443730134357e-01 2.025628680603203113e-01 1.931476460981108312e-01 1.786350581344339494e-01 1.744953112438327736e-01 2.075821082280508434e-01 2.058377730308652842e-01 2.090913057831342292e-01 1.769890657537294687e-01 1.582346415059651401e-01 1.798989473325971755e-01 1.659424163894727966e-01 1.564266074562432329e-01 1.844476201507337099e-01 1.481725782202426567e-01 1.740156273322211178e-01 1.425494014690504296e-01 1.620400468359813606e-01 1.478467262201788313e-01 1.590273816036804899e-01 1.644563341948073187e-01 1.630264264243435068e-01 1.612313688601043904e-01 1.540670579166953380e-01 1.567125959927726242e-01 1.567562049125153512e-01 1.394191154234466212e-01 1.496092273723842181e-01 1.245657268320654459e-01 1.420562573723753164e-01 1.554574181354548834e-01 1.498044891021661218e-01 1.645611957666167080e-01 1.399546449573772222e-01 1.471427401993990469e-01 1.527487630945053854e-01 1.653297077778612678e-01 1.509219574110691464e-01 1.543766277879376758e-01 1.467311721124444912e-01 1.657227306060041483e-01 1.480765995848392358e-01 1.447343087462845401e-01 1.558577315834626942e-01 1.655856469623181171e-01 1.766881571904816983e-01 1.700559695115060332e-01 1.584635306411719957e-01 1.676090897125234180e-01 1.721490080923981647e-01 1.735004053201069651e-01 1.630660311432966247e-01 1.615179151201737162e-01 1.630132305542899285e-01 1.800410538245719172e-01 1.779729754056555702e-01 1.759882911379405668e-01 1.697062096980933299e-01 1.707446987912680791e-01 1.592788031216747779e-01 1.644839803061048655e-01 1.600182065145020482e-01 1.676472415579521869e-01 1.629408133115236301e-01 1.598419618215178861e-01 1.614916650312296920e-01 1.628139888383345890e-01 1.584306825145771480e-01 1.533895333591973609e-01 1.571565044576670733e-01 1.589387296256425386e-01 1.535116103657485076e-01 1.562226878107691730e-01 1.366252404484721572e-01 1.325769410813669447e-01 1.464177021042671056e-01 1.488270966660840966e-01 1.462692807898516023e-01 1.410522612928218067e-01 1.467284041071937328e-01 1.473987886246502510e-01 1.430011303006178125e-01 1.408571050086580567e-01 1.518917450403586555e-01 1.541593083433890621e-01 1.524028221817890771e-01 1.527758445595475134e-01 1.484390099198212853e-01 1.537668494564550514e-01 1.490966823197821811e-01 1.514099012262819788e-01 1.510223929322868919e-01 1.439202644194474967e-01
1.649085839467041570e-01 1.226825648610501140e-01 1.000000000000000000e+00 3.879488616529042089e-01 2.436440062262685835e-01 2.084874702347150610e-01 3.852051066359004072e-01 3.550263381477208324e-01 3.486268906317511185e-01 3.428002974550606874e-01 3.804859729431429582e-01 3.955537254681136816e-01 3.223705783133707925e-01 3.489025904431837799e-01 4.061077992657550761e-01 3.876133361241241304e-01 3.836055449617276070e-01 4.449044541112034401e-01 4.513350920033414870e-01 4.046263268058830076e-01 4.276921542566628487e-01 4.415290679674859220e-01 4.511763178267281793e-01 4.452275932474932807e-01 4.412676416726194484e-01 4.333542816613417115e-01 4.104970128986750177e-01 4.253740511045779882e-01 3.942218881444015111e-01 4.216350718249650686e-01 4.348860331152844538e-01 4.273746566067070374e-01 4.234312744338285528e-01 4.386852294533601926e-01 4.099190092881229153e-01 4.471534017312042142e-01 4.204045855550767041e-01 4.045965067838475648e-01 4.304737870464130922e-01 4.096832328796626288e-01 4.028740006116505734e-01 3.948698258504423908e-01 4.233923120325364664e-01 3.982655736596263929e-01 4.136929163939821463e-01 3.965960207582434061e-01 3.770305817309563268e-01 3.786236942710320963e-01 3.937241764799182531e-01 4.022761155611654926e-01 4.065732721722104537e-01 3.916377289239339476e-01 3.819164635045975698e-01 3.772342678383432402e-01 3.763195317290963793e-01 4.079899468093978743e-01 3.799265381925291396e-01 3.765506175943210687e-01 3.821960114235948835e-01 3.856195003726445858e-01 3.952952085453432240e-01 3.842198858754317659e-01 3.834233387261817283e-01 4.034178166491059758e-01 3.875732396481944564e-01 3.771201581926890145e-01 3.881871929010465849e-01 4.101404559209268497e-01 4.158814141455378088e-01 4.104873849988010526e-01 3.984578319865023088e-01 3.993276874156713174e-01 4.117143585250339632e-01 4.117051991770820374e-01 4.023737620374577828e-01 3.987838823896712181e-01 3.993815840962233743e-01 3.955882524960985247e-01 4.066579202937833926e-01 4.051362571566685111e-01 4.035446820683556979e-01 4.005424238058995501e-01 4.047738845516494766e-01 4.037285053076841157e-01 4.130415010741902981e-01 4.140589932594909706e-01 4.086602188292047799e-01 4.005069686721847155e-01 4.013206745336664327e-01 3.987994477739122412e-01 4.134110402790343031e-01 3.938360832327944538e-01 3.977831995755795602e-01 3.953683702438761105e-01 3.823447620936346603e-01 3.828679603926190000e-01 4.024721170442407958e-01 3.888621193358813288e-01 3.938997349507065149e-01 4.000145288583850656e-01 3.972040051164654750e-01 3.891223381873504805e-01 3.811900842005632173e-01 3.865118183942430896e-01 3.920926915352215270e-01 3.873113964791098374e-01 3.901292906080962575e-01 3.805289848284018617e-01 3.839512459694829349e-01 3.828331403798745924e-01 3.862083878345314303e-01 3.821501788265509458e-01 3.860578582316087637e-01 3.891880462695108678e-01 3.825563134494927020e-01 3.789872376125567599e-01
1.313472371425837004e-01 1.515834883416373180e-01 3.879488616529042089e-01 1.000000000000000000e+00 4.095048451302778503e-01 3.466229088421559079e-01 5.938461242620208802e-01 5.840370833461693278e-01 5.589103038507835519e-01 5.424856784065192894e-01 6.000839384402011367e-01 6.342653677903629106e-01 5.242291277397541638e-01 5.418658510580053322e-01 6.410487877188729700e-01 6.153594461112539271e-01 5.921412374311462168e-01 6.605321707552649357e-01 6.588423988886432658e-01 6.256952943816380674e-01 6.765296738076154170e-01 6.593585369578167654e-01 6.500792347327027931e-01 6.333077313374958495e-01 6.543973604239222697e-01 6.690528294986400892e-01 6.287240851285776921e-01 6.520859656905952928e-01 6.028669012814604766e-01 6.393320986185713206e-01 6.589935701757733133e-01 6.252763247375667799e-01 6.268749707502738744e-01 6.252603745611378105e-01 6.427130686185408281e-01 6.531034132325264085e-01 6.596085129374267275e-01 6.217913060997625196e-01 6.539938517101039350e-01 6.240589053095784156e-01 6.316118036149422910e-01 6.199399357196566651e-01 6.487518561960189389e-01 6.358312839157604923e-01 6.418848989406799044e-01 6.307698422636026647e-01 6.041503108772501296e-01 6.041022431582380170e-01 6.070084887359545878e-01 6.196316397128434073e-01 6.293179775404360576e-01 6.093445576366735006e-01 6.036298695824221516e-01 6.119197820612863881e-01 6.105035489739503163e-01 6.364924010481659566e-01 6.071973177413704237e-01 6.175172495792956573e-01 6.031639576343729159e-01 6.161348929882539682e-01 6.216431928512810012e-01 6.112749758465726435e-01 6.161773446339414706e-01 6.320409510774388506e-01 6.170696552206275109e-01 6.130278627068620478e-01 6.100007695306852717e-01 6.377937443867978118e-01 6.344773506698250243e-01 6.459469337719374593e-01 6.318482521291035603e-01 6.278179371177783352e-01 6.295264754666944906e-01 6.401173722217049500e-01 6.336289617911982086e-01 6.247440785788495043e-01 6.222917648229067122e-01 6.119151215520418630e-01 6.306449709785076907e-01 6.286404010677574261e-01 6.296169564416752573e-01 6.261343725695549534e-01 6.312966660877488145e-01 6.299696320272035743e-01 6.290062847602322371e-01 6.305828385448587481e-01 6.356523361639251357e-01 6.276787858511303497e-01 6.287296552117365156e-01 6.299092833635925315e-01 6.395271014649763774e-01 6.199062218487640941e-01 6.231726242773413249e-01 6.243344573786647755e-01 6.076662299236548215e-01 6.078611464712809775e-01 6.325671341109326828e-01 6.235276710829107394e-01 6.216588951541629493e-01 6.264570162185498781e-01 6.306111533250863266e-01 6.190198272544615854e-01 6.129684882717109096e-01 6.178505048885509776e-01 6.241617817513076538e-01 6.163979334974877267e-01 6.167510099961199810e-01 6.098671794399673773e-01 6.176168830572267288e-01 6.086877540495309047e-01 6.125612465312569865e-01 6.101154221268286770e-01 6.131260910156102195e-01 6.196460230650748802e-01 6.047339967778447845e-01 6.122675866849980331e-01
9.241717888466777220e-02 1.044792951666004971e-01 2.436440062262685835e-01 4.095048451302778503e-01 1.000000000000000000e+00 3.170841804574692779e-01 4.737767542719121816e-01 4.929027079909947817e-01 4.727442801581104304e-01 4.482187287437419121e-01 4.651463573486780412e-01 5.033878116844389128e-01 4.621682365015007399e-01 4.562206218821535653e-01 5.224687270119526827e-01 5.257437562618701987e-01 5.008991842594018307e-01 4.965651175339202972e-01 5.077341298403518222e-01 4.932507889915133670e-01 5.069190463392113655e-01 5.222190420335980354e-01 5.002934673597091431e-01 4.645686438152912268e-01 4.863596868821024044e-01 5.300792791588588848e-01 5.030079883579213762e-01 4.862564954955842511e-01 4.687486031674777953e-01 4.998271415575167853e-01 5.219068056004895206e-01 4.945428655530021422e-01 4.725271828262800899e-01 4.789337860381381318e-01 5.103288721332828182e-01 4.993229779324093176e-01 5.227508364608671743e-01 4.805722879170206685e-01 5.156660892950252206e-01 4.649384705022342468e-01 5.083746164034460557e-01 4.955760135843430003e-01 5.133233272442448980e-01 5.146314671460028300e-01 5.027564529983360453e-01 5.109163754328047702e-01 5.082415190146842843e-01 5.021318970294542661e-01 5.001034726936492980e-01 4.936405426103855909e-01 4.972243168078039344e-01 4.947374855555919937e-01 5.043827894878919471e-01 5.152985649442103355e-01 5.168764810843409219e-01 5.000490487289380725e-01 4.966465867809691792e-01 5.056027432927797660e-01 4.964429190266193559e-01 5.158707445832261262e-01 5.150799773767621437e-01 5.070190325655411501e-01 5.090429495676662697e-01 5.145852793525829139e-01 5.207051143658993908e-01 5.150195753737362159e-01 5.089739599716083251e-01 5.213376596705527888e-01 5.200050042624957403e-01 5.237612083329071799e-01 5.192387198303951568e-01 5.167831035235159742e-01 5.091161373251498201e-01 5.136762588864156598e-01 5.180215751090990750e-01 5.102869097361500961e-01 5.014776835385064135e-01 4.963947247197164625e-01 5.132060636848458923e-01 5.095239781352359776e-01 5.139214123453376137e-01 5.139166519058150362e-01 5.163760134681305569e-01 5.190575554169472028e-01 5.133672184062285648e-01 5.131047590295326755e-01 5.114579138365260569e-01 5.104061272902565838e-01 5.138975567030520386e-01 5.158991613626076056e-01 5.013045554605313203e-01 5.069962129467664447e-01 5.105984778428976911e-01 5.110743969933693176e-01 5.063713158987884766e-01 5.081084515914985333e-01 5.081783378591140377e-01 5.243783628153823040e-01 5.127303477236063722e-01 5.091252634089441509e-01 5.126351308824700359e-01 5.174040938009611956e-01 5.085218474471077110e-01 5.123359349700908894e-01 5.167203796797872339e-01 5.173341159545392642e-01 5.135729674378072263e-01 5.139006751624762837e-01 5.195535953302280463e-01 5.070068808401715366e-01 5.078159454704296305e-01 5.140193498591351107e-01 5.136169893060522629e-01 5.159751901731127743e-01 5.131594239977466110e-01 5.154717415995472285e-01
-1.478130802141960735e-02 8.660570474998224855e-02 2.084874702347150610e-01 3.466229088421559079e-01 3.170841804574692779e-01 1.000000000000000000e+00 4.948491117462788802e-01 4.821974956767978160e-01 5.005705176606692897e-01 4.723334940082419831e-01 5.081950353331722292e-01 5.437270328759397087e-01 5.043509270906739728e-01 4.990140882054976967e-01 5.643362978049351053e-01 5.510515125156130178e-01 5.136013985082305000e-01 4.889810418907660217e-01 5.034050835036155691e-01 4.652105540068499634e-01 5.112884282977514516e-01 5.222149423528658074e-01 5.020108569166525925e-01 4.763644323957210713e-01 4.774721680265296975e-01 5.418204009131366572e-01 5.259585096593388798e-01 5.320649494941733781e-01 4.855838070137668550e-01 4.922190281435562254e-01 5.333290354166745351e-01 5.395371767467264101e-01 5.227332009131996360e-01 5.299626851725636190e-01 5.306718867348790836e-01 5.250332165026484477e-01 5.446873610512222852e-01 5.559906127114531138e-01 5.653666887878723291e-01 5.527625984329080921e-01 5.672365519436569636e-01 5.676362302465650655e-01 5.702543971273734691e-01 5.715887069438975177e-01 5.635189075565827377e-01 5.646076994145314831e-01 5.708372390720080070e-01 5.690942241834708870e-01 5.601772444046245747e-01 5.451009618605788809e-01 5.614263590156719497e-01 5.345665744365245553e-01 5.602872117314278144e-01 5.649749653257811755e-01 5.655618308461776156e-01 5.700437088850182077e-01 5.300171579950542222e-01 5.697866995796742051e-01 5.558386575586681255e-01 5.601783262802204622e-01 5.626154868028463429e-01 5.542629850996338980e-01 5.564731091325665346e-01 5.568804361936346980e-01 5.658699901446176961e-01 5.564201998054404408e-01 5.731021859048325284e-01 5.671362501970002024e-01 5.665209501061930775e-01 5.650813076274139313e-01 5.682565399526438021e-01 5.638908246810371283e-01 5.636582699425499721e-01 5.624103191960960757e-01 5.717422669002076852e-01 5.694829076144485303e-01 5.684107547248951064e-01 5.389364198189434685e-01 5.625956823561073517e-01 5.538694225584901432e-01 5.624055016224179804e-01 5.668149350221827198e-01 5.704411365783561561e-01 5.667183167160043666e-01 5.715758659393166408e-01 5.672207849622984410e-01 5.729143857948307827e-01 5.767541178970195803e-01 5.765928145451512110e-01 5.744618654564522808e-01 5.731088809686997187e-01 5.740009374262580177e-01 5.728300690829049024e-01 5.757077716363968589e-01 5.714274264378159662e-01 5.708219909275028536e-01 5.646157673628675600e-01 5.595479937026860418e-01 5.692463964385064967e-01 5.727629521723499595e-01 5.731537430034890912e-01 5.710456009285921342e-01 5.660317409889799034e-01 5.731122626982354529e-01 5.696036921751977955e-01 5.592110022449612305e-01 5.681303326960889244e-01 5.743032316417625571e-01 5.749738269877647800e-01 5.712567331620541644e-01 5.728356459249182020e-01 5.675400355154185394e-01 5.679702723974128231e-01 5.703876303900309308e-01 5.703639393284140047e-01 5.670188693996632834e-01
9.243282104079698913e-02 1.690032047721580499e-01 3.852051066359004072e-01 5.938461242620208802e-01 4.737767542719121816e-01 4.948491117462788802e-01 1.000000000000000000e+00 7.208219267183513246e-01 6.987607235243621373e-01 6.551537023014109007e-01 7.362640762490513247e-01 7.774538350967707956e-01 6.966168552396254654e-01 7.088662984303127912e-01 8.317285715651991929e-01 7.939889886589948098e-01 7.238663907196785097e-01 7.462401846137725059e-01 7.525207253065352431e-01 7.413208760838895239e-01 7.539239528093103493e-01 7.677012174785269316e-01 7.706237844533309067e-01 7.239568717647130169e-01 7.376036558869937254e-01 8.016758855220000868e-01 7.673734058754251297e-01 7.880808872676768884e-01 7.353678660649068943e-01 7.581003167249988905e-01 7.953613826945488130e-01 7.743930210300614680e-01 7.731904068399843011e-01 7.769487988410263002e-01 7.852203348939210681e-01 7.619647558380371333e-01 8.036990814648442560e-01 7.823229767398197643e-01 8.150739991332081047e-01 7.729246207176032613e-01 7.971513646378047824e-01 7.991197459272361137e-01 8.022168546473217310e-01 8.007168819014982564e-01 7.948464201048122124e-01 8.017149735004323041e-01 7.833699217392752212e-01 7.784736605683328925e-01 7.747072962154436526e-01 7.511269086461869193e-01 7.869515419269169643e-01 7.497773289880977909e-01 7.662904665984191510e-01 7.740022789798096658e-01 7.694252326966701805e-01 7.958962967049844073e-01 7.265115082477199282e-01 7.826299777688228154e-01 7.630876812417005661e-01 7.802687733630716549e-01 7.854590251234108145e-01 7.610374073766779102e-01 7.679955353093328441e-01 7.810606071519445859e-01 7.760163399748173374e-01 7.650652569294984495e-01 7.850261091908860012e-01 7.996708632825360041e-01 8.063160681558559917e-01 8.080409342188850097e-01 7.942820462222950351e-01 7.909439760391925311e-01 7.949574854970947735e-01 7.908174499474593944e-01 7.995876138037553149e-01 7.946047477852694607e-01 8.011938892504101295e-01 7.774176052255691305e-01 7.999207722069788806e-01 7.907730381071443881e-01 7.984992646101959357e-01 7.964952659337573015e-01 7.987772354995777979e-01 8.060950901110411904e-01 8.067671963977618432e-01 8.057792227781362948e-01 8.064495608181155850e-01 8.104983811509449687e-01 8.049999192380012936e-01 7.991376219881455301e-01 8.121234835257086226e-01 8.004219920802878585e-01 7.969523293955246279e-01 8.029621008628637924e-01 7.857603930106696888e-01 7.864719571253064867e-01 7.881742590575570029e-01 7.754341220897246201e-01 7.912451553733702569e-01 8.011679294640543514e-01 7.972055876012225095e-01 7.866632966342499422e-01 7.795621995990180686e-01 7.929620327431593507e-01 7.892543471091595375e-01 7.722702199477777807e-01 7.871827701105916786e-01 7.881106195947504833e-01 7.901828167756674848e-01 7.870886217847167243e-01 7.890925735749548808e-01 7.814726575480583914e-01 7.821768636230954641e-01 7.885549930567037347e-01 7.800782686956023726e-01 7.796547688325785597e-01
8.365920658299687285e-02 1.524374403505990572e-01 3.550263381477208324e-01 5.840370833461693278e-01 4.929027079909947817e-01 4.821974956767978160e-01 7.208219267183513246e-01 1.000000000000000000e+00 7.192446946422269560e-01 6.684977888950704994e-01 7.331478734669631958e-01 7.820458689285175735e-01 6.958376950017879370e-01 7.121790387186417437e-01 8.097330664882959050e-01 8.116533327926005459e-01 7.323329695397642336e-01 7.519958308030081362e-01 7.592331062329047420e-01 7.271229571707903405e-01 7.879010970684490189e-01 7.814096894897675227e-01 7.466836920278668854e-01 7.171543740901235031e-01 7.408266781142648361e-01 7.916184896814808525e-01 7.562501915393955443e-01 7.557680306531920911e-01 7.197955842532310911e-01 7.424493056597991636e-01 7.846675241080293128e-01 7.710740909545904520e-01 7.410167458030079146e-01 7.597184766874578443e-01 7.838436123205410055e-01 7.683561406694793261e-01 7.917723173463820929e-01 7.823057408563349746e-01 8.024174384198348164e-01 7.552159067796581082e-01 7.916485840714744260e-01 7.863764487629361088e-01 8.042434440505961124e-01 8.022200375811695539e-01 7.871378259617022310e-01 8.030740859130296450e-01 7.904304446396093198e-01 7.880578750457183368e-01 7.866356964724208201e-01 7.781122023373846508e-01 7.970901515124722003e-01 7.400792784856445872e-01 7.664431746131098455e-01 7.929930603635448882e-01 8.000986101195979305e-01 7.895376308816506317e-01 7.568313968362906374e-01 7.958647302355841280e-01 7.907993692550221443e-01 7.879054742251159205e-01 7.963110408690913244e-01 7.821481256984237351e-01 7.906935388821406674e-01 7.921069906520669113e-01 7.876857915445423242e-01 7.814311980566155391e-01 7.899794158890460771e-01 8.018011569188574494e-01 7.999553863613653171e-01 8.091904665453927281e-01 8.000487317480122762e-01 7.971686551794775477e-01 7.925210165808781460e-01 7.950854613867438525e-01 7.977947606622501908e-01 7.929426285790401874e-01 7.861988754150563974e-01 7.708994689822261659e-01 7.935405321124089362e-01 7.898115425860275929e-01 7.908459307012797312e-01 7.955886723297195262e-01 8.004044240157087708e-01 7.981883716799462736e-01 7.954076944138791516e-01 7.974933660643305222e-01 8.003176485844341048e-01 8.028036530754377731e-01 7.981673997543186072e-01 8.015577173009387213e-01 7.910062236990738072e-01 7.951002678267006241e-01 7.921960802532511670e-01 7.988588363708196693e-01 7.899515544447401894e-01 7.890418586043399518e-01 7.849885682160259170e-01 7.859238774607132383e-01 7.877427934238008245e-01 7.943385377060924180e-01 7.943776869118381878e-01 7.941570598224311217e-01 7.833231334358333742e-01 7.933181109985832924e-01 7.904060068596452382e-01 7.817816931598888797e-01 7.915658437885266796e-01 7.951292069998370238e-01 8.021569528155245710e-01 7.902901526848548075e-01 7.941507574234369926e-01 7.851524209400981835e-01 7.879563051563335252e-01 7.941799910289937259e-01 7.859946185138333430e-01 7.848160979373614010e-01
9.048613854375416043e-02 1.529558804825368046e-01 3.486268906317511185e-01 5.589103038507835519e-01 4.727442801581104304e-01 5.005705176606692897e-01 6.987607235243621373e-01 7.192446946422269560e-01 1.000000000000000000e+00 7.450934148971254389e-01 8.074485435397978916e-01 8.446454107600923633e-01 7.679819800517190265e-01 7.795959904900984228e-01 8.461083921683381082e-01 8.413621981347648715e-01 8.148098972221177183e-01 7.445450462776036504e-01 7.821743222338586321e-01 7.253589689477492053e-01 7.683560100875423959e-01 8.221055800707018912e-01 7.710476272860586899e-01 7.111276214566347731e-01 7.785434631670380412e-01 8.408646803157341365e-01 8.239035421099175638e-01 8.039452365853375637e-01 7.799714699276826257e-01 7.935183099085962866e-01 8.528779458691667648e-01 8.235019342317824176e-01 7.871297932908806194e-01 7.908017598662101522e-01 8.278231062481566926e-01 8.120303357979111736e-01 8.433219530158471144e-01 8.285780958330268842e-01 8.550487943322354623e-01 8.024933920405790122e-01 8.679089489339946173e-01 8.447476260362257738e-01 8.396120280048402496e-01 8.686222867942375858e-01 8.609438102101232282e-01 8.537203165117152048e-01 8.796761610633158091e-01 8.815990557220688695e-01 8.777745879260668849e-01 8.439268746003070198e-01 8.543260792401591308e-01 8.355916141421255716e-01 8.679914037554946615e-01 8.787672491019762333e-01 8.672718557753552604e-01 8.627161266329101963e-01 8.576306399837692052e-01 8.737790105421574527e-01 8.608514590758572504e-01 8.857020985398387225e-01 8.793018956876257342e-01 8.757135578970637324e-01 8.720853615900865385e-01 8.792431932302480213e-01 8.824919750730031431e-01 8.835152906412268026e-01 8.860441079601351078e-01 8.777105916401469754e-01 8.719025281302580366e-01 8.735358568435118709e-01 8.790465833006960716e-01 8.833345622492648763e-01 8.585144466238274763e-01 8.726434468951514978e-01 8.818312936512509026e-01 8.783253797756436221e-01 8.696992051304253124e-01 8.606160474612133404e-01 8.725748737156550083e-01 8.767196407013538861e-01 8.785884155397486461e-01 8.836237128068308300e-01 8.843134666233617436e-01 8.747287292686395377e-01 8.673030878274257116e-01 8.683149306131852097e-01 8.762521613476256244e-01 8.715728069004233802e-01 8.798469747932324836e-01 8.800727364545606335e-01 8.657058752388885337e-01 8.780699079902847259e-01 8.826775293776724096e-01 8.780965291898482628e-01 8.845427355265980118e-01 8.850504369054164044e-01 8.696818385328448642e-01 8.769854528440378383e-01 8.816497278913393298e-01 8.764553466459763520e-01 8.767027233150592735e-01 8.838578182860462595e-01 8.815193970823272940e-01 8.836308830843427886e-01 8.820657922221838421e-01 8.817470369657821605e-01 8.876265908867130294e-01 8.836364757348829091e-01 8.824424278953751921e-01 8.847093732910689123e-01 8.807847137054359843e-01 8.898741569196813028e-01 8.869439331297420681e-01 8.889885571242462925e-01 8.874700476759763701e-01 8.866068546839318554e-01
8.002096791470748871e-02 1.834029656273501452e-01 3.428002974550606874e-01 5.424856784065192894e-01 4.482187287437419121e-01 4.723334940082419831e-01 6.551537023014109007e-01 6.684977888950704994e-01 7.450934148971254389e-01 1.000000000000000000e+00 7.524329814845034381e-01 7.840331071040490540e-01 6.942246738996682431e-01 7.150280524970413776e-01 7.969108048978024161e-01 7.830666112010469249e-01 7.511143789385876790e-01 7.318680721604262640e-01 7.591620038780688695e-01 7.125816060943023222e-01 7.515247599407282042e-01 7.870226074421883267e-01 7.401285643413754167e-01 7.088267115236269733e-01 7.464953579392931138e-01 7.955367916351033797e-01 7.799027923141488294e-01 7.525452204180838045e-01 7.365947118228602930e-01 7.515527325436925921e-01 8.012497462812609994e-01 7.832615699909729612e-01 7.348898009830877598e-01 7.548240548264071315e-01 7.709749252240452044e-01 7.586353653878552539e-01 7.886768514483772918e-01 7.852163992367352519e-01 8.010244467051230721e-01 7.633924102313515148e-01 8.046863453715860093e-01 7.885661193157517124e-01 7.924509101812097223e-01 8.094489227849004376e-01 7.939558431917180803e-01 8.014709546039817667e-01 8.113005637832483297e-01 8.146690690968475534e-01 8.077307444742085618e-01 7.779389565648969773e-01 7.973990179822056934e-01 7.460238259721763132e-01 7.894775006294274533e-01 8.173138035233493692e-01 8.140273955191866806e-01 8.088090173401025762e-01 7.860438616812505108e-01 8.063476450938622531e-01 8.115507748773764796e-01 8.179248099038615161e-01 8.132713634588106810e-01 8.123313963261938886e-01 8.096683203068507639e-01 8.101731503396074618e-01 8.103600449504723136e-01 8.069622269580728480e-01 8.160333572139200076e-01 8.187762351940294225e-01 8.157911678989151483e-01 8.177067460835003576e-01 8.156817095709985033e-01 8.166046509766260453e-01 8.076486638030752063e-01 8.118735634132839829e-01 8.149937311474024781e-01 8.104994013534024822e-01 8.010390829226404774e-01 7.961521097909622924e-01 8.121029172506084581e-01 8.108711831981747498e-01 8.108564945917310363e-01 8.175289552871473076e-01 8.133384517773082356e-01 8.090404917391781359e-01 8.030200508186036146e-01 8.106256499798929482e-01 8.104777972011952825e-01 8.104754509870466528e-01 8.109766711169901221e-01 8.149452294616741366e-01 8.016010521374786757e-01 8.085341455128554067e-01 8.116057508698935052e-01 8.114911637243625853e-01 8.120086792272640519e-01 8.135014799033993826e-01 7.904784845042447383e-01 7.910255799085570416e-01 8.029877045410395153e-01 8.040303767642447141e-01 8.067855789324920313e-01 8.047779985424914351e-01 8.003618942862642527e-01 8.066683816751960556e-01 8.011285370253499183e-01 8.024632212759864602e-01 8.124235622424075265e-01 8.147952759489613950e-01 8.160414424630179075e-01 8.119762985424457957e-01 8.133113550035594441e-01 8.148435428850555606e-01 8.111568761706233754e-01 8.121459104007668905e-01 8.078651365117924810e-01 8.072563846670736121e-01
6.743221862764806063e-02 1.582172886773536014e-01 3.804859729431429582e-01 6.000839384402011367e-01 4.651463573486780412e-01 5.081950353331722292e-01 7.362640762490513247e-01 7.331478734669631958e-01 8.074485435397978916e-01 7.524329814845034381e-01 1.000000000000000000e+00 8.687858944795338045e-01 7.754908747694275739e-01 7.833127077851781417e-01 8.709858681160107530e-01 8.454778628168511112e-01 8.147951693233093096e-01 7.954013327210871509e-01 8.299241804806062328e-01 7.575269003707543192e-01 8.137274214584131471e-01 8.550510346896655900e-01 8.139421187487904108e-01 7.710393351294227982e-01 8.153847441162187515e-01 8.685730941038690700e-01 8.564449399370809290e-01 8.402016208710647582e-01 8.088439696288510783e-01 8.293961331988239927e-01 8.820265885726146227e-01 8.574061359821331108e-01 8.306673165066634779e-01 8.345302367701138424e-01 8.582533723187277808e-01 8.335356134940991035e-01 8.767303272773516731e-01 8.652504470552119242e-01 8.855730742667837774e-01 8.468318911093959400e-01 8.862347767420704070e-01 8.729530291777172213e-01 8.728901442639779296e-01 8.907523081939036080e-01 8.841418001097209878e-01 8.845524967320105292e-01 8.897261100132617395e-01 8.929409970628077176e-01 8.896849956508285917e-01 8.664173023074953628e-01 8.805803272100293233e-01 8.473973176975150290e-01 8.762464728452920015e-01 8.913081798674764578e-01 8.869253837449406763e-01 8.898921419360514840e-01 8.621035300143666813e-01 8.886002191862304445e-01 8.801978327647997924e-01 8.916928504238127440e-01 8.916714804738353761e-01 8.875428507672473710e-01 8.858301162850084065e-01 8.878381533059527264e-01 8.853186984064058684e-01 8.855230407078593657e-01 8.946279879252704292e-01 8.998884776611608682e-01 8.953753611665358214e-01 8.963537873822875479e-01 8.970091160817945664e-01 8.976665880076966086e-01 8.868475384559082464e-01 8.947526741161937469e-01 8.988627181701629443e-01 8.958941464175945724e-01 8.912845040474051128e-01 8.781959820813616258e-01 8.931910716415246698e-01 8.929895248661970930e-01 8.962135633395176271e-01 8.986349487350561160e-01 8.963502922357043934e-01 8.958376023481693373e-01 8.897092068127068210e-01 8.933633035773740350e-01 8.971911269076711104e-01 8.948208202748170192e-01 8.979838754421811675e-01 8.978074808419772568e-01 8.928492619749789361e-01 8.943082796646896204e-01 8.964505421929279683e-01 8.961582231429361389e-01 8.954488720688398296e-01 8.958141661174171544e-01 8.811283642985650033e-01 8.777729769208625354e-01 8.908387014315426455e-01 8.906802439336203303e-01 8.938151830749733184e-01 8.917733717025364548e-01 8.926831195057510770e-01 8.922818019277769519e-01 8.907688227045890139e-01 8.881719782277258668e-01 8.951567215326331484e-01 8.949378528896850815e-01 8.956394721665874581e-01 8.948209049371502743e-01 8.944201648810259364e-01 8.941572667541368702e-01 8.941567979793136889e-01 8.947865679829379859e-01 8.879282799381316149e-01 8.910938824506878797e-01
6.094373519041295512e-02 1.484374524372397419e-01 3.955537254681136816e-01 6.342653677903629106e-01 5.033878116844389128e-01 5.437270328759397087e-01 7.774538350967707956e-01 7.820458689285175735e-01 8.446454107600923633e-01 7.840331071040490540e-01 8.687858944795338045e-01 1.000000000000000000e+00 8.143609676635561456e-01 8.329834589467356443e-01 9.185575019670610963e-01 9.053609427066207083e-01 8.615253997368285122e-01 8.327962398481226769e-01 8.622119212525843901e-01 7.985411933320639699e-01 8.645170548154583745e-01 8.874787269195276718e-01 8.466952578435360532e-01 7.981647218893983542e-01 8.455457575869853581e-01 9.055465057225375869e-01 8.973649288912871613e-01 8.776960849045206681e-01 8.455949536752195295e-01 8.665663358737644151e-01 9.209330316696593410e-01 8.888417841116382778e-01 8.583943894495882354e-01 8.656697877895984661e-01 9.003986838451425445e-01 8.832642282505331899e-01 9.140800624132712215e-01 9.088160191870855442e-01 9.316358687061396804e-01 8.836887858828215148e-01 9.318092285958621268e-01 9.197706838831682941e-01 9.255830878671429396e-01 9.415638681432358936e-01 9.285127077138772833e-01 9.356838755880784175e-01 9.410816692657183458e-01 9.409804271731585512e-01 9.392681134032934143e-01 9.080248151868337558e-01 9.265944759087866300e-01 8.902047848012406561e-01 9.243636963861737721e-01 9.443893177028737096e-01 9.383229981181742119e-01 9.331259501348145857e-01 9.156018196116484376e-01 9.424129920608604882e-01 9.346947763502612139e-01 9.443388770091974971e-01 9.462194308764488859e-01 9.389978319399422402e-01 9.403251896543529664e-01 9.419873683302810718e-01 9.392040933858728513e-01 9.405239677520197406e-01 9.434818901810467784e-01 9.458885385430559900e-01 9.369344397515257938e-01 9.454166906669174697e-01 9.463223778247880080e-01 9.453218970320294012e-01 9.299306347120378513e-01 9.395805876070988383e-01 9.448379708746910133e-01 9.424696818924460651e-01 9.364583378478416043e-01 9.222267639005016227e-01 9.377782677626750329e-01 9.394433929400417549e-01 9.419623649112299768e-01 9.463824712485866542e-01 9.445954675012628865e-01 9.411423715451963101e-01 9.326378247531632582e-01 9.368446547445851147e-01 9.443252283655306778e-01 9.391874759830917130e-01 9.449880884420802651e-01 9.420395650383845965e-01 9.356047756473885313e-01 9.427250050757767230e-01 9.443958111913800524e-01 9.461281612266496666e-01 9.438181832094058032e-01 9.443859992756147292e-01 9.272874788745111285e-01 9.296424943989309853e-01 9.391194758875887061e-01 9.358887707888504659e-01 9.428324148514451997e-01 9.417918287104615205e-01 9.379508512338422532e-01 9.438843402247685255e-01 9.397801262729834626e-01 9.384754540428222880e-01 9.444700944207775617e-01 9.446792735503020122e-01 9.452961599787401692e-01 9.443086862705346585e-01 9.433928942995141176e-01 9.447404149803865225e-01 9.450257547001413849e-01 9.459224604512360690e-01 9.410643553914316284e-01 9.432952385034953924e-01
1.833492423291099155e-02 1.224680836802453376e-01 3.223705783133707925e-01 5.242291277397541638e-01 4.621682365015007399e-01 5.043509270906739728e-01 6.966168552396254654e-01 6.958376950017879370e-01 7.679819800517190265e-01 6.942246738996682431e-01 7.754908747694275739e-01 8.143609676635561456e-01 1.000000000000000000e+00 7.528608046470398607e-01 8.259021882972726880e-01 8.221181490093848465e-01 7.628353325109630267e-01 7.129846298790105674e-01 7.451726275843580938e-01 7.010828724834869963e-01 7.469730570169197392e-01 7.865925275692159380e-01 7.349995750827170715e-01 6.830488102942069428e-01 7.388008749151071530e-01 8.049117305426251034e-01 8.019900244990436633e-01 7.779072433144321730e-01 7.503242291120622021e-01 7.533147400498879653e-01 8.110096007062813639e-01 7.818391205908483688e-01 7.614433753277058958e-01 7.604777649007065099e-01 7.978175301869269154e-01 7.741994672075546147e-01 8.101320693806961515e-01 8.009459978282762460e-01 8.269396220580467194e-01 7.767858113338509396e-01 8.349666171773779677e-01 8.277791925742196133e-01 8.193299583643409711e-01 8.421784388438318114e-01 8.362942308815518588e-01 8.303267557942467514e-01 8.510216362165952120e-01 8.520501208466618737e-01 8.417918450546665321e-01 8.068387146180168168e-01 8.206911259060761799e-01 8.085632296148909104e-01 8.370570850303004073e-01 8.448134239257313327e-01 8.334390466762391370e-01 8.336455108224947175e-01 7.985088727753978377e-01 8.429924074283050572e-01 8.195368363238424436e-01 8.463176994875351022e-01 8.416321131962007929e-01 8.308906573528312967e-01 8.317967843863334210e-01 8.337565352934894758e-01 8.477412279320569732e-01 8.430017393266380221e-01 8.520570393399083953e-01 8.479294686502995004e-01 8.413350925552355308e-01 8.414029503545287225e-01 8.512326838600442480e-01 8.517873202120183063e-01 8.310352757195232920e-01 8.434295032409890869e-01 8.514797635168137591e-01 8.489953430961966196e-01 8.449416063662682497e-01 8.302774961481891314e-01 8.427736696855621101e-01 8.414756099285999325e-01 8.464945487502834043e-01 8.519589003858621945e-01 8.500349480364551846e-01 8.458745447213975588e-01 8.408958158049134601e-01 8.413191527663218539e-01 8.487546491627853129e-01 8.491315225297005886e-01 8.525824496301811495e-01 8.514428426608842138e-01 8.394185856027024384e-01 8.515719907096086505e-01 8.539885494310177627e-01 8.543967224542973193e-01 8.547898640109700130e-01 8.550886511885592567e-01 8.373842040236639805e-01 8.457154288417364496e-01 8.508748457447299351e-01 8.477751599142785421e-01 8.503117280746730344e-01 8.531555187341299806e-01 8.536888181684763044e-01 8.568244902594964740e-01 8.552974048364058168e-01 8.424413496375723343e-01 8.540704150306199782e-01 8.567978948404482153e-01 8.561260287891419019e-01 8.523885214496296214e-01 8.491000618863643323e-01 8.550056302183333123e-01 8.513827037229305672e-01 8.563594919997999932e-01 8.550920258477960889e-01 8.548317534879319446e-01
