1.000000000000000000e+00 2.719552295510377915e-01 1.554646269263894598e-01 2.279798623820937856e-02 8.328705101406627676e-02 -4.161053784067074435e-02 9.870887880134704417e-02 7.606682693479621671e-02 1.520143286745352373e-01 1.195839093930246982e-01 1.140906820962066387e-01 4.646407606882187701e-03 4.733664796147284831e-02 -9.744655868744301719e-05 6.407514072054906751e-02 2.945666300767798076e-02 7.592908598675773835e-02 2.363257139233710669e-01 2.507515284485977158e-01 5.315233123858968678e-02 3.248273189727972632e-01 2.568561625579482421e-01 2.421129715541873728e-01 2.965869846965178969e-01 3.062198645911650141e-01 1.631705457126252923e-01 1.773503795250097881e-01 1.701974253732818076e-01 2.552511054903000010e-01 2.524064607623727197e-01 1.521413742170570349e-01 7.497502159949473444e-02 1.176773678597103912e-01 1.370219409410358691e-01 1.608913792058199455e-01 7.604554861252202369e-02 1.613375909721830870e-01 6.419029077732273103e-02 8.414441777025501168e-02 5.624097473463889746e-02 7.812580385204560829e-02 8.486805914308938326e-02 5.114600838480874018e-02 5.802707140200448477e-02 8.315961533653019877e-02 9.405259369425704452e-02 1.458031683902553770e-02 2.685585831462580439e-02 1.602162653779085066e-02 1.155451308433248260e-02 1.701426609615742241e-02 1.254498254639088619e-03 6.503664387346314892e-03 5.185925923800723675e-02 4.147271963379343951e-02 8.845981961359940249e-02 1.451658901342415924e-02 3.174353504204390636e-02 6.890079527152197236e-03 3.609955684933292830e-02 1.200052417176081243e-02 9.984251512271556314e-03 -4.375289588519747780e-03 2.691602521909479406e-02 3.977913783901945721e-02 4.883068798587168746e-02 5.047925635359538921e-02 9.767989543520556872e-02 6.169331075214479210e-02 5.918156160205306771e-02 1.232821411499294278e-01 1.105829839631798789e-01 1.156728223260256733e-01 1.510674995949072563e-01 4.916165236665976518e-02 8.321365824021718927e-02 7.340713418254737888e-02 1.174474159550161351e-01 1.163171949156349833e-01 1.158639015734957978e-01 1.017582621630254147e-01 6.991686010778117022e-02 6.164818385418363578e-02 7.741415092483049099e-02 4.685447523918971624e-02 8.151477786038659190e-02 6.542107583807431348e-02 1.920639804986493115e-02 4.936182585773624121e-02 5.130420924986145437e-02 4.265672303656663222e-02 3.390918724621937858e-02 3.631065644985953522e-02 4.595183218209630827e-02 -8.232840645614535957e-04 1.633533831645143236e-02 -2.407261979520966544e-02 -2.874146751117490853e-03 -6.065395229288279670e-03 7.843550016001210254e-03 1.004844549596653654e-02 -2.427214404211364487e-03 6.719025439310426576e-03 1.121019236925231873e-02 1.743282048403719739e-02 -8.781203358181430274e-03 8.646515997475205315e-03 2.368141776329832013e-02 2.856099592239414245e-02 1.634606297801330377e-02 -4.206360273378796297e-03 1.793770371848038211e-02 -9.131616818152447218e-03 4.995865697760957028e-03 3.734953586208859810e-02 1.707752906834210035e-02
2.719552295510377915e-01 1.000000000000000000e+00 2.182500757056852203e-01 1.128993934154130380e-01 1.410607854111187165e-01 5.168638084908667996e-02 2.743954819794965916e-01 1.736722375869992896e-01 2.302789452164882289e-01 2.254275744847308027e-01 2.364120923513169936e-01 1.489776185538488895e-01 1.470647941695524819e-01 1.158910201172721199e-01 2.241608302909378903e-01 1.853305413817037117e-01 1.741897418713976020e-01 3.403663643728327415e-01 3.463867783828747382e-01 1.723145439068754226e-01 3.946630434904327966e-01 3.476223470809776672e-01 3.469865433295814539e-01 3.926739332502617863e-01 3.807287778418549928e-01 3.084199145448779933e-01 2.782617995642305830e-01 3.032162767262648884e-01 3.404908120748941225e-01 3.404397727415268138e-01 2.682083945487388488e-01 2.421751428159983066e-01 2.593303904338890020e-01 2.794832607351350195e-01 2.953013134125857531e-01 2.082841187853187448e-01 2.834753651378760786e-01 2.313466796362209088e-01 2.243884445108839110e-01 2.214095369092994869e-01 2.287373346015090514e-01 2.299257528913861703e-01 1.713173102982782081e-01 1.886371740667077967e-01 2.209901560745614335e-01 2.201828732865196148e-01 1.745124994115074546e-01 1.661720498467480767e-01 1.783937480005621246e-01 1.683105180461300365e-01 1.854669396955446192e-01 1.567938161015845766e-01 1.627078197049447450e-01 1.951525392387037094e-01 2.100208241167585699e-01 2.476343051698383924e-01 1.884152680401106061e-01 1.884655798099764967e-01 1.849596154541573167e-01 1.706070906974039847e-01 1.771554365376850071e-01 1.609862989249293830e-01 1.662341885300762101e-01 1.735268075573701829e-01 1.711436431599816232e-01 1.915473884166200569e-01 1.896613654560578288e-01 2.330813896121926299e-01 2.071748013630972107e-01 1.863192410032673274e-01 2.516658991041209048e-01 2.405850787647196842e-01 2.472804430632203621e-01 2.728908042043036719e-01 1.955636404261883177e-01 2.157082175881562536e-01 2.039961357430576383e-01 2.460094979055811315e-01 2.449489110540530312e-01 2.422704336464456543e-01 2.312187569364668183e-01 2.047098696504249804e-01 2.036722405670902403e-01 2.139329274579146456e-01 1.951652719540620251e-01 2.215579774149106229e-01 2.062111801640204578e-01 1.767875451844860557e-01 1.903214019834637838e-01 2.025807854783656381e-01 1.939765289069725340e-01 1.775634288377598846e-01 1.811483171033540229e-01 1.889851410006228583e-01 1.521981891757058780e-01 1.679236036647848984e-01 1.452908117111742781e-01 1.481360210825032331e-01 1.564527974028006585e-01 1.652679417505001080e-01 1.594279584823350693e-01 1.593970946755100260e-01 1.624634890137417742e-01 1.601221605812815085e-01 1.672139797272520489e-01 1.438687024415578886e-01 1.571491683119155269e-01 1.699853102025689899e-01 1.779138627351404267e-01 1.665305758757887888e-01 1.565816980611796083e-01 1.580763905891911791e-01 1.440187500576585178e-01 1.530857943470126659e-01 1.725430875625776905e-01 1.622738275857711354e-01
1.554646269263894598e-01 2.182500757056852203e-01 1.000000000000000000e+00 3.987517199674499024e-01 2.220571705360490089e-01 1.681685246824660418e-01 3.997613619554348796e-01 3.659813685879201306e-01 3.478811904741028749e-01 3.262330147144831272e-01 3.783551007180884218e-01 3.681319876718194828e-01 2.835480202552031481e-01 2.636607510456366321e-01 3.971526040894606813e-01 3.900668353944675704e-01 3.625580968288806827e-01 4.360069903043677919e-01 3.935426943365187280e-01 3.968632029188918220e-01 4.191096475035097635e-01 3.966111037285097729e-01 4.007191660057993210e-01 4.172888596992445076e-01 4.039703665818937806e-01 4.363882064833105034e-01 4.066573330768925021e-01 4.241931013546437756e-01 3.839286697203607157e-01 3.767382880752699337e-01 3.767095052639885533e-01 4.121089021902953897e-01 4.000293442966449953e-01 4.169111363906324863e-01 3.917724543207815602e-01 3.889585251515549902e-01 3.875848447256637352e-01 4.075276937187591320e-01 3.811742451405036314e-01 4.134947182590471559e-01 3.846938969081098447e-01 4.054328351627526361e-01 3.795072560373373705e-01 3.676945327844713951e-01 3.870225454307402724e-01 3.622344431440147616e-01 3.517695859316936624e-01 3.623908618429869111e-01 3.690483331515035936e-01 3.901371242390013760e-01 3.980806277097168611e-01 3.878643580629309584e-01 3.659635330060806990e-01 3.578297476514962772e-01 3.768862001347100810e-01 3.972929936624578495e-01 3.719826305486299001e-01 3.580936918170352090e-01 3.797594796597730804e-01 3.401009373366754573e-01 3.749200005666858404e-01 3.451964417696053999e-01 3.643838086057646919e-01 3.498045904999030342e-01 3.505239220234910857e-01 3.526804271240380761e-01 3.556111530765361239e-01 3.777081958608587975e-01 3.718664814165063004e-01 3.834589147900206441e-01 3.788810272977240490e-01 3.783626001516332549e-01 3.870530907659742170e-01 3.812678135072442576e-01 3.648203121649103431e-01 3.765543947661587620e-01 3.582344252493633308e-01 3.494114147459799202e-01 3.695263963949163011e-01 3.457231251729830368e-01 3.589708637886359632e-01 3.537577080005270824e-01 3.707661307417001728e-01 3.544672312591116148e-01 3.818528020627562913e-01 3.840976897438774795e-01 3.623102765447608342e-01 3.514628293189369646e-01 3.533586751531042069e-01 3.601773022186587347e-01 3.788219616572349180e-01 3.593368378099112137e-01 3.587533913063249424e-01 3.540720389344134689e-01 3.294337302342584262e-01 3.397700709271983532e-01 3.548150189498559537e-01 3.563052986581958792e-01 3.516087640501128209e-01 3.659374341703786060e-01 3.496814951847357356e-01 3.462960987438024607e-01 3.476469457236006644e-01 3.416564578733703450e-01 3.625996306034536820e-01 3.344994586709126305e-01 3.399701395675433502e-01 3.388640350451889161e-01 3.435615260279278327e-01 3.450588584662047098e-01 3.431476144517064952e-01 3.313588983156839918e-01 3.277998086510087172e-01 3.346837642490825271e-01 3.425468058230917712e-01 3.311099889620727210e-01
2.279798623820937856e-02 1.128993934154130380e-01 3.987517199674499024e-01 1.000000000000000000e+00 3.183069980135528332e-01 3.245630281303127918e-01 5.683911243553931847e-01 5.716137606537383675e-01 4.546282199799257517e-01 3.958665003594247223e-01 5.284525613428844304e-01 6.451766453719379735e-01 4.815958946925115725e-01 4.697212826104812944e-01 5.998382347010752236e-01 6.028542536273595598e-01 5.170333768584122192e-01 4.959495744127316863e-01 4.101553862854449561e-01 6.401803330917457124e-01 3.917111480499548826e-01 4.253902248713312129e-01 4.104632730324812573e-01 3.732547014140018549e-01 4.077305912559133771e-01 5.720792501927257634e-01 5.484450168756200839e-01 5.509468888426308775e-01 4.062196072056675211e-01 3.902633368812204462e-01 4.937802670033732966e-01 5.699165048353483920e-01 5.290731936274060132e-01 5.262512239918674117e-01 4.821551960273356419e-01 5.726663284350380634e-01 4.965506494142932770e-01 5.662384527674828583e-01 5.493464291860905568e-01 6.259587802895113517e-01 5.727700895914472623e-01 5.991361536435231283e-01 6.142958627832250107e-01 5.853746486276739658e-01 5.820989378728125274e-01 5.485627168020409394e-01 5.617193389947521265e-01 5.504529711830355998e-01 5.696831595570408524e-01 6.100486716977308044e-01 6.101503117784318198e-01 6.546913582993876268e-01 6.105124912805236503e-01 5.357022984187036485e-01 5.474841510414594214e-01 5.522750352825885889e-01 5.805668482253815155e-01 5.736456594804382192e-01 5.881829989492920463e-01 5.460340209301848269e-01 6.053517630176699083e-01 5.611414831044748697e-01 5.792903472132697740e-01 5.554832037615705653e-01 5.648915768553594008e-01 5.600780269995091487e-01 5.518166476296507694e-01 5.318231874700793949e-01 5.516113160129282322e-01 6.055232468570298510e-01 5.227365467046825032e-01 5.305437805358708125e-01 5.243639237476188653e-01 4.983757640529188904e-01 5.644214634959352495e-01 5.514089404657429583e-01 5.393316553433140648e-01 4.915291941442269663e-01 5.143085089149851408e-01 4.726507361981558963e-01 5.073444915321212445e-01 5.228438417676550820e-01 5.659360614430964942e-01 5.196091473268843464e-01 5.855086037519624531e-01 5.518706333150368293e-01 5.497270277359886936e-01 5.659871802235091343e-01 5.481773952406432393e-01 5.482097605581814914e-01 5.941214658915975333e-01 5.710590888427745648e-01 5.636736564560778096e-01 5.605558761656911360e-01 5.475462856773133380e-01 5.525706093330531310e-01 6.043530228973418295e-01 5.900250870670423753e-01 5.770720539824455431e-01 5.933313613371932194e-01 5.824828093221035008e-01 5.738205080834442029e-01 5.746702256015298049e-01 5.674539959195430416e-01 5.911037375602031796e-01 5.660190484356426577e-01 5.602988009593870000e-01 5.418109291988265630e-01 5.459426707498805653e-01 5.625231879303425053e-01 5.681237315361388207e-01 5.468831509338361041e-01 5.503236978741219421e-01 5.540622840247616532e-01 5.556247906506001089e-01 5.577636176557283498e-01
8.328705101406627676e-02 1.410607854111187165e-01 2.220571705360490089e-01 3.183069980135528332e-01 1.000000000000000000e+00 2.589981632666494282e-01 4.363542243557976819e-01 4.515525097759529594e-01 4.564661583623658703e-01 4.038807121263033872e-01 4.384236047675765802e-01 4.534753872964465415e-01 4.360154794564245484e-01 4.011944149950208982e-01 4.856726667354575033e-01 4.796291933526509177e-01 4.272011559024265770e-01 4.303925408137020958e-01 4.419867858680903705e-01 3.947166017144800310e-01 3.964804946703152644e-01 4.321206719629928084e-01 4.272687665132329227e-01 4.133410335001904690e-01 4.271256933769498332e-01 4.805973449087680427e-01 4.672191991908529740e-01 4.712035181671965223e-01 4.144030254614501918e-01 4.424538422315768549e-01 4.681187152496428805e-01 4.731144893944069230e-01 4.636703675739247132e-01 4.683492346943987084e-01 4.620076995846386647e-01 4.648393157600038683e-01 4.676547898580082352e-01 4.790437888060264937e-01 4.762368051141851466e-01 4.660648566475268928e-01 4.814792503774790733e-01 4.831156494792770983e-01 4.748630043590601479e-01 4.767383874940624988e-01 4.769719388834895990e-01 4.723645124458699662e-01 4.728176477980109427e-01 4.759527620166280615e-01 4.784772990196197173e-01 4.692028867466937481e-01 4.730315438496280334e-01 4.593437585710639093e-01 4.727639667372117716e-01 4.785470094184974821e-01 4.788535980319004182e-01 4.839062409227340988e-01 4.701954917312309301e-01 4.803159321559967720e-01 4.765395062734067988e-01 4.735728455837161510e-01 4.787504609076055351e-01 4.739897548109825998e-01 4.689172257476959538e-01 4.690422178868687286e-01 4.667520399423985555e-01 4.728385698375876522e-01 4.743943007851280091e-01 4.845058667040927913e-01 4.816106750829730609e-01 4.749377360746896426e-01 4.813379652452819402e-01 4.819317680608420917e-01 4.803949190092192123e-01 4.765001135531782839e-01 4.810427326537703996e-01 4.763895896354211068e-01 4.743317099943806792e-01 4.597983876776267076e-01 4.731370555166244385e-01 4.654213888804122901e-01 4.728682126595343260e-01 4.728444477765487708e-01 4.797976969224865829e-01 4.723552751218688117e-01 4.791097760345219281e-01 4.818691685902722344e-01 4.749264800045052137e-01 4.748620443338929520e-01 4.749759432820789828e-01 4.803260276887800218e-01 4.778709673372492639e-01 4.766227787504987434e-01 4.754891644832526798e-01 4.740258490050898166e-01 4.642825173699741126e-01 4.716389971292830885e-01 4.681272353837243050e-01 4.712639052390614203e-01 4.716288778644875390e-01 4.748458591174097854e-01 4.745997381248428515e-01 4.708260610861810247e-01 4.749620235085940667e-01 4.734146177089723628e-01 4.766453847832087809e-01 4.651588412177821152e-01 4.701651969756704408e-01 4.723593590629423522e-01 4.758437776050240542e-01 4.747540354447715161e-01 4.724773034172655151e-01 4.687835309665011052e-01 4.626037026554290499e-01 4.674774047840993818e-01 4.708839730072688079e-01 4.692181771008676061e-01
-4.161053784067074435e-02 5.168638084908667996e-02 1.681685246824660418e-01 3.245630281303127918e-01 2.589981632666494282e-01 1.000000000000000000e+00 4.311267690662402008e-01 4.427735396523265754e-01 4.648812981397562605e-01 4.315866997236205149e-01 4.530834205310781959e-01 5.270493561560503082e-01 4.727858360954737549e-01 5.001446015373602894e-01 5.206609222416239691e-01 5.199513324017126514e-01 4.870725489744556769e-01 3.906049716158404572e-01 4.171725700189065633e-01 4.017111345678646139e-01 3.125057591234806087e-01 4.080417421075717699e-01 4.030259508451450312e-01 3.554931129740372397e-01 3.929997257807908428e-01 4.865541860394946294e-01 4.866408100609901366e-01 4.898064272226196336e-01 4.210408541471781785e-01 4.345460828189530167e-01 5.115453012465055460e-01 5.163860721445830970e-01 5.041221118283808478e-01 4.867680680412433958e-01 4.865868534094983655e-01 5.234141146947534073e-01 5.039372565164894624e-01 5.230865836986299255e-01 5.419358739089727983e-01 5.264397754743359581e-01 5.471576901260233328e-01 5.405674213097145797e-01 5.195134406238383074e-01 5.571586986543284326e-01 5.481354266608339243e-01 5.416966562710535671e-01 5.629070050058472274e-01 5.550399328442369162e-01 5.502885469128151463e-01 5.421346265832367450e-01 5.392427245822146720e-01 5.385885647457956393e-01 5.576321918650725129e-01 5.417827630923526261e-01 5.400393284098661262e-01 5.341547404808165700e-01 5.354096318071692728e-01 5.609474968621295243e-01 5.532585313357234469e-01 5.581984192145442725e-01 5.567511285546393740e-01 5.541943943166317554e-01 5.489380746755636586e-01 5.435313480710848300e-01 5.559335977784227723e-01 5.435733293936235722e-01 5.597561138887824361e-01 5.422523018253362359e-01 5.467782332343551488e-01 5.452144120318260789e-01 5.305607002846820519e-01 5.427638738564405374e-01 5.256066520835288580e-01 5.199039856142648741e-01 5.636046741388923698e-01 5.559796155246959914e-01 5.549433442181381793e-01 5.297760134904112572e-01 5.343889624158908447e-01 5.320742368084786511e-01 5.448829098548267913e-01 5.557075602599659270e-01 5.565783084861558594e-01 5.506648924833912329e-01 5.579620199004594605e-01 5.482163483246507152e-01 5.630033069618258779e-01 5.635584282118301092e-01 5.637538810081164087e-01 5.556508543374284459e-01 5.632600026999529108e-01 5.685070961485032548e-01 5.652911371546345265e-01 5.654951470195642704e-01 5.691986813090593733e-01 5.666094900138520796e-01 5.710690932531735653e-01 5.566404718035992127e-01 5.692830570032998416e-01 5.664362075901131499e-01 5.666939697750670302e-01 5.681053033381503470e-01 5.697350345401536176e-01 5.717222396697785314e-01 5.661578032896713575e-01 5.545393168418922825e-01 5.630914087485264785e-01 5.642072170648125828e-01 5.604137453772055633e-01 5.665251992659541269e-01 5.710029108668116526e-01 5.624471752507802513e-01 5.666637878336761025e-01 5.626916018597761804e-01 5.623426918045583145e-01 5.586336200583470468e-01
9.870887880134704417e-02 2.743954819794965916e-01 3.997613619554348796e-01 5.683911243553931847e-01 4.363542243557976819e-01 4.311267690662402008e-01 1.000000000000000000e+00 7.138305413141380340e-01 6.811313645921789339e-01 6.007523440223739852e-01 7.087122363142027703e-01 7.568331423453751317e-01 6.592973758064866185e-01 6.278604327077308422e-01 8.309882294902010136e-01 7.737592846082631537e-01 6.955596840888828014e-01 6.890605432064563773e-01 6.671520118458174053e-01 6.656200815150506989e-01 6.148712291738249736e-01 6.547214656762442297e-01 6.784751728362475864e-01 6.484481353965524386e-01 6.556840444866538498e-01 7.814391403686477000e-01 7.356669462305018836e-01 7.652178881668065813e-01 6.645317699204669193e-01 6.680648361202103924e-01 7.281770088923579243e-01 7.852977510114259596e-01 7.561039153746685892e-01 7.689723474215139909e-01 7.447875728017551156e-01 7.602042694218363872e-01 7.331924153342844752e-01 7.947437854784763500e-01 7.755148235064558415e-01 7.949493809273020517e-01 7.783143151311272545e-01 8.024517610315736738e-01 7.826199674193876632e-01 7.720799007871309572e-01 7.735122691901220593e-01 7.626447302524049787e-01 7.649949213538923543e-01 7.484274574028418892e-01 7.684661921563624709e-01 7.785213855351436063e-01 7.958662289633483544e-01 7.505656061462776529e-01 7.648676244598734408e-01 7.489255970548256425e-01 7.655996271386228402e-01 7.807535485298006117e-01 7.658455021427186260e-01 7.692562826239665030e-01 7.823784529374872010e-01 7.468753815713328192e-01 7.874703119465380485e-01 7.565204938975220728e-01 7.666809039703602613e-01 7.589576180278799766e-01 7.499320411807947062e-01 7.528976581500238519e-01 7.608297401392900561e-01 7.602766853067499664e-01 7.716606827125970236e-01 7.653188854735798463e-01 7.507795569609789776e-01 7.567820493127193071e-01 7.610949623637455197e-01 7.472749934247874259e-01 7.683815222346370710e-01 7.586826090037301906e-01 7.544216659023104121e-01 7.292579311021745170e-01 7.542843152552951569e-01 7.251807895693520578e-01 7.428016828377310699e-01 7.435442112771176726e-01 7.790383507114041484e-01 7.509911943597905593e-01 7.858489267023825997e-01 7.758148533251780776e-01 7.626734532874051009e-01 7.716524886547118101e-01 7.640184519381992834e-01 7.674642052243603185e-01 7.879620853374087464e-01 7.728900323818989060e-01 7.650900886789450128e-01 7.628933425098829435e-01 7.458405638559630901e-01 7.559897497978391723e-01 7.749887693418897605e-01 7.628661981871399655e-01 7.640963127477516936e-01 7.821064566410541596e-01 7.732013247802649314e-01 7.658671485915593546e-01 7.607724657967170900e-01 7.592873170576743824e-01 7.670819319370821843e-01 7.453045632567190104e-01 7.550737755278833507e-01 7.505149196013727320e-01 7.570625337467774552e-01 7.616854201204850128e-01 7.631503352007436014e-01 7.454090306503957652e-01 7.434009732938327009e-01 7.522853511746762090e-01 7.533111574065116667e-01 7.486292946960217964e-01
7.606682693479621671e-02 1.736722375869992896e-01 3.659813685879201306e-01 5.716137606537383675e-01 4.515525097759529594e-01 4.427735396523265754e-01 7.138305413141380340e-01 1.000000000000000000e+00 6.763679974349051660e-01 6.167464481069282467e-01 7.077110959268804180e-01 7.715833968754114425e-01 6.774912046101335683e-01 6.643080511332650762e-01 7.921597929295860485e-01 7.869388715735013973e-01 7.049825103493726486e-01 6.732827633992544136e-01 6.562194213748464566e-01 6.921779331663643342e-01 5.940096341163901839e-01 6.487347048537556171e-01 6.539171387966117299e-01 6.172231357519585293e-01 6.299604066530524182e-01 7.605311697323923203e-01 7.412074404139926687e-01 7.544723557346030285e-01 6.443149465929011166e-01 6.559671388771699529e-01 7.305033214747763681e-01 7.807415469204223024e-01 7.484948441183261192e-01 7.593033626085505805e-01 7.251027661534299451e-01 7.678549423527323281e-01 7.269979746475413451e-01 7.927043917722963462e-01 7.742576767389252046e-01 7.835444710345818020e-01 7.787859923972783038e-01 7.955474876848848131e-01 7.935381832419664550e-01 7.895351122377938236e-01 7.833224461851137077e-01 7.727966779666559649e-01 7.754279047960237481e-01 7.693511916793769334e-01 7.809490187884583490e-01 7.986272072724662774e-01 8.035279146901522784e-01 7.875092424761550580e-01 7.842272177750787554e-01 7.618609089973067405e-01 7.733921190754597941e-01 7.795071437561212901e-01 7.787702560910357841e-01 7.870970763293194672e-01 7.945295905619468302e-01 7.638764470261815154e-01 7.986940678088562118e-01 7.735796168582934618e-01 7.820871668463811321e-01 7.680562698781358000e-01 7.708645523027011226e-01 7.681862707024980086e-01 7.724572192096877954e-01 7.715149520943689332e-01 7.780086572826763192e-01 7.913987156872033246e-01 7.576866537975566196e-01 7.665655987433462881e-01 7.641137495980798722e-01 7.444583444933420280e-01 7.765246188533322380e-01 7.713406951067566242e-01 7.642123928296350455e-01 7.330566542777681160e-01 7.540785002976849727e-01 7.290422790774944151e-01 7.494509683781034326e-01 7.574086152553534124e-01 7.848771394345741559e-01 7.588074295759992260e-01 7.915904893956829946e-01 7.816823617415645797e-01 7.701830633959338979e-01 7.803066034974597276e-01 7.750964803623711097e-01 7.742051382978965002e-01 7.902371286276353990e-01 7.818000739440189584e-01 7.776154587731229917e-01 7.773497358742719188e-01 7.616255125902035017e-01 7.695339945920521840e-01 7.926852198202558597e-01 7.812227548511402331e-01 7.782839307350761793e-01 7.924236730916577320e-01 7.854348844795857598e-01 7.827916529880880603e-01 7.781354402305645790e-01 7.786922669039340050e-01 7.880023160317126685e-01 7.659720359282187196e-01 7.717359102579324226e-01 7.630358212391858963e-01 7.666401411535966881e-01 7.755152931064348554e-01 7.781698214560858196e-01 7.634165664820825592e-01 7.625887286936452458e-01 7.684245051365808932e-01 7.709117161347988079e-01 7.635303146397071083e-01
1.520143286745352373e-01 2.302789452164882289e-01 3.478811904741028749e-01 4.546282199799257517e-01 4.564661583623658703e-01 4.648812981397562605e-01 6.811313645921789339e-01 6.763679974349051660e-01 1.000000000000000000e+00 7.429871005971560027e-01 7.701406579336974589e-01 7.718355502422227232e-01 7.444582642900682279e-01 7.461372995768110750e-01 8.295130365863800925e-01 8.013101280180512376e-01 7.930481693018960332e-01 7.227204496642595233e-01 7.962478516081920032e-01 5.795856754633902375e-01 6.887493166849684156e-01 7.729639892721282823e-01 7.757139360552212093e-01 7.350670846250845214e-01 7.660795355296328157e-01 8.406950153607198883e-01 8.223973016920643753e-01 8.183348651956583453e-01 7.982614102777069176e-01 8.226469481263383177e-01 8.707328052493154003e-01 8.223985992818473312e-01 8.166544714924476311e-01 8.212993077943394615e-01 8.325654864678556644e-01 8.241348813274759211e-01 8.551817217017969597e-01 8.308461390937842417e-01 8.591666262796852083e-01 7.808104636623636186e-01 8.636268686860812949e-01 8.407991921935907831e-01 8.043871826633510747e-01 8.561990372813425010e-01 8.545781108809858972e-01 8.586798982966306060e-01 8.566354199545392900e-01 8.705301297126618598e-01 8.546137955724035784e-01 8.157952186984082088e-01 8.171767105788289021e-01 7.880161319526691743e-01 8.350629581852064831e-01 8.756277923601506474e-01 8.689097621965542473e-01 8.723741000252354105e-01 8.414421612640727854e-01 8.601705417816120081e-01 8.450231435850533712e-01 8.714544115136771962e-01 8.494289178304580412e-01 8.599936318721594919e-01 8.431086833354130006e-01 8.590743653803180058e-01 8.673803242468500763e-01 8.628663616828097238e-01 8.738366830805904817e-01 8.782748611621912227e-01 8.583014012839680351e-01 8.358131183818773291e-01 8.770193137025258379e-01 8.846018014652974326e-01 8.624377969991100512e-01 8.783833901393744981e-01 8.726121851237245153e-01 8.770317041212971620e-01 8.723041593158936680e-01 8.705980180554139247e-01 8.798813629820684268e-01 8.811946852154980414e-01 8.798561018570922876e-01 8.815194735405232906e-01 8.702627687522355160e-01 8.720810620747883046e-01 8.489916505236956290e-01 8.692856522327818691e-01 8.710345449617856728e-01 8.564467902192539617e-01 8.669362824767941067e-01 8.759302320776307660e-01 8.445037317143904154e-01 8.629037253722897649e-01 8.657563881017420471e-01 8.676045070648650270e-01 8.595572459655091979e-01 8.671317371092643889e-01 8.289882661059326807e-01 8.393013908223425634e-01 8.518126253876333598e-01 8.455050609609369161e-01 8.543601873461391660e-01 8.534856595313591310e-01 8.576498853472439565e-01 8.615849647570164027e-01 8.596885636999022084e-01 8.481588637589907442e-01 8.591542204746662748e-01 8.715175837619190125e-01 8.723074523971033889e-01 8.631850407706636030e-01 8.535235146255557570e-01 8.679607941900192580e-01 8.583636033729374892e-01 8.607716856852316578e-01 8.701199042952035834e-01 8.630328030031858555e-01
1.195839093930246982e-01 2.254275744847308027e-01 3.262330147144831272e-01 3.958665003594247223e-01 4.038807121263033872e-01 4.315866997236205149e-01 6.007523440223739852e-01 6.167464481069282467e-01 7.429871005971560027e-01 1.000000000000000000e+00 6.790220495708160220e-01 6.941277820758701145e-01 6.710462485877508598e-01 6.809862309237580957e-01 7.540566294802881764e-01 7.316268510106687106e-01 6.975391874626449829e-01 6.585734711792368135e-01 7.138135864939605391e-01 5.449929698835555003e-01 6.046395046626659164e-01 6.900466662195589018e-01 7.090147725071086482e-01 6.718371946058405708e-01 6.860561510273668340e-01 7.575860731218424515e-01 7.493633521953618759e-01 7.504640795522186103e-01 7.161431065517753769e-01 7.423787996408197642e-01 7.835341257157092398e-01 7.612506598140973413e-01 7.500101415878173139e-01 7.603166277065960266e-01 7.628162111807335055e-01 7.451935436212826502e-01 7.745456730294963954e-01 7.650286229870287835e-01 7.816639638144730062e-01 7.253086453634377540e-01 7.885939926371970943e-01 7.671064710847133039e-01 7.281701415244468123e-01 7.787461275352624002e-01 7.727326824884848122e-01 7.821989473207096033e-01 7.849483916600284994e-01 7.993171208861631349e-01 7.791149523425511259e-01 7.422793984711189008e-01 7.525330387459813197e-01 7.045176875116945236e-01 7.572112957120048504e-01 7.907325633497334083e-01 7.882114005909632848e-01 7.944933870070234327e-01 7.557468159119618001e-01 7.832856676629346149e-01 7.764438929385305554e-01 7.856288546780740845e-01 7.662866247239459305e-01 7.772466058021422208e-01 7.620354880658382069e-01 7.722504037442976532e-01 7.762737345089770757e-01 7.723486153026909440e-01 7.913309625145452664e-01 8.010008417935526870e-01 7.917993239974565611e-01 7.671073889186653672e-01 7.893728656906177088e-01 8.008647709469213227e-01 7.941490934132305890e-01 7.959934268961967874e-01 7.919762252444838557e-01 7.972630971399754518e-01 7.945776291200050689e-01 7.855393545481472728e-01 7.955670365943220412e-01 7.990510985912080422e-01 7.998023576492927500e-01 7.998262980111158216e-01 7.910142526180937717e-01 7.978240937770720853e-01 7.797057272268780315e-01 7.973538031757114730e-01 7.929485821975270632e-01 7.829019682002993363e-01 7.939903723799066615e-01 7.942409092814400884e-01 7.777596007587206373e-01 7.902867878146425662e-01 7.890158142543723940e-01 7.912675744117657617e-01 7.813757509297319936e-01 7.883988683254075092e-01 7.596281602905676777e-01 7.570140424991167460e-01 7.769756744004722160e-01 7.752795829740860567e-01 7.774315046073341229e-01 7.780349122090921554e-01 7.778169976914102168e-01 7.828105794688436925e-01 7.768326548961229649e-01 7.612099061718855531e-01 7.785596504757232861e-01 7.915873424900654598e-01 7.924407595957573269e-01 7.879687517523931151e-01 7.795615558539848999e-01 7.836640853819274444e-01 7.782888630862171420e-01 7.783345946653801306e-01 7.844525177861031429e-01 7.758968571200850484e-01
1.140906820962066387e-01 2.364120923513169936e-01 3.783551007180884218e-01 5.284525613428844304e-01 4.384236047675765802e-01 4.530834205310781959e-01 7.087122363142027703e-01 7.077110959268804180e-01 7.701406579336974589e-01 6.790220495708160220e-01 1.000000000000000000e+00 7.962251662164092636e-01 7.159385317180158026e-01 7.150687081630392461e-01 8.198375088551653755e-01 8.097292958847729372e-01 7.624765490263496481e-01 7.623874931624609053e-01 7.724974047137602717e-01 6.573711344007006074e-01 6.898036846091760710e-01 7.603898212797453038e-01 7.799463029716480200e-01 7.395937888773447266e-01 7.500530662215770805e-01 8.429715857781036048e-01 8.173863115853594596e-01 8.276157354459936499e-01 7.664359780588966276e-01 7.872678208535955902e-01 8.416827995165510057e-01 8.465225895622657815e-01 8.240507405033898891e-01 8.392292719835544590e-01 8.261105585772450244e-01 8.161302695044175826e-01 8.279278700212637787e-01 8.397579619528071637e-01 8.486061029897421504e-01 8.116919067386618725e-01 8.536005512602495848e-01 8.445412681547255218e-01 8.056812806481479239e-01 8.413077225362077805e-01 8.469601731602912631e-01 8.420321410023147157e-01 8.376786332956039915e-01 8.352972007316038505e-01 8.427947566704057092e-01 8.324503835436879440e-01 8.349994077309675911e-01 8.096369085609114169e-01 8.319747911641172111e-01 8.458117164755651896e-01 8.518354079958750935e-01 8.616482980746698050e-01 8.314601070533803595e-01 8.428941445106864494e-01 8.447298728875065610e-01 8.372875585423819045e-01 8.440355016521837728e-01 8.356632561356382993e-01 8.347185655286937234e-01 8.327372482482655602e-01 8.357016425498867696e-01 8.386758564950561601e-01 8.448737627134923489e-01 8.577014399040375769e-01 8.527230308824790272e-01 8.408041753913761962e-01 8.499575077386577471e-01 8.567720568397108050e-01 8.538640178828604821e-01 8.491862643612274608e-01 8.502048644464473837e-01 8.535604777168317447e-01 8.454019232885002788e-01 8.389261362307958159e-01 8.512412376805857939e-01 8.402695039656736808e-01 8.452596559964612455e-01 8.488777059579016848e-01 8.548551457911184315e-01 8.475877289248734403e-01 8.524298741796495493e-01 8.580252137645085764e-01 8.464192513797140771e-01 8.473442269214471745e-01 8.457610070901061539e-01 8.541612150082567023e-01 8.432195814320517790e-01 8.469763621115294905e-01 8.460814147978676925e-01 8.457635750007409525e-01 8.348199860167891950e-01 8.415104046482707600e-01 8.320826174320115065e-01 8.287745623094556757e-01 8.377700074136708031e-01 8.426263118422803178e-01 8.386873093018716308e-01 8.402963853912518433e-01 8.382522442125411866e-01 8.408804047730631392e-01 8.439361678632079089e-01 8.206798198188591797e-01 8.351045168941284569e-01 8.396965280371589957e-01 8.425307697422327324e-01 8.420626475936227040e-01 8.394388582926106679e-01 8.361436977637254353e-01 8.305544268883188197e-01 8.318358014208712126e-01 8.389316493220946303e-01 8.317927400486697653e-01
4.646407606882187701e-03 1.489776185538488895e-01 3.681319876718194828e-01 6.451766453719379735e-01 4.534753872964465415e-01 5.270493561560503082e-01 7.568331423453751317e-01 7.715833968754114425e-01 7.718355502422227232e-01 6.941277820758701145e-01 7.962251662164092636e-01 1.000000000000000000e+00 7.693731788269828620e-01 7.662067158385010845e-01 8.830259502388205783e-01 8.883406748076515536e-01 8.014961742569817194e-01 6.918949911809431086e-01 6.862783578927572625e-01 7.613507970388745383e-01 5.688385800338928711e-01 6.750257263410905928e-01 6.906311810979263166e-01 6.189298826086716554e-01 6.521405136486325693e-01 8.412721404765935995e-01 8.307331675735294407e-01 8.284742698068550126e-01 6.997588477277819630e-01 7.111210901785832705e-01 8.276269342441524568e-01 8.657618124148660499e-01 8.284055230698715855e-01 8.257941677944217185e-01 7.992629540389100118e-01 8.623505569495752976e-01 8.137715768014526230e-01 8.800481722930739714e-01 8.799513988282744448e-01 8.756701821468076963e-01 8.945975079489556503e-01 8.902973139990948415e-01 8.723331868005373968e-01 9.034847122800071517e-01 8.913399676244643244e-01 8.767262166044689220e-01 9.054690381309670189e-01 8.923259373838645647e-01 9.061097139074379969e-01 8.997758729117596443e-01 9.037105127491320555e-01 9.013455012598919902e-01 9.190823129918558321e-01 8.856348885315828978e-01 8.904599521014925356e-01 8.792064887365097503e-01 9.007322648521646213e-01 9.080832889898442506e-01 9.140198813741934325e-01 8.961199902559485730e-01 9.209987742310083991e-01 9.061194214728912621e-01 9.070741928597422232e-01 8.955794118989482966e-01 8.968885718458496914e-01 8.983035912279104807e-01 8.980599684470329525e-01 8.739153376576938026e-01 8.927292744958295057e-01 9.064460694330700452e-01 8.543199464791789710e-01 8.747497968564540427e-01 8.585189159828520156e-01 8.327890267544826308e-01 9.044320428067654793e-01 8.906592157243991004e-01 8.846047222752428940e-01 8.465270759630479924e-01 8.617930786777497909e-01 8.404777957756928153e-01 8.621980578096956060e-01 8.798596649501149169e-01 9.007376109632574401e-01 8.762298780001633869e-01 9.056882901224675431e-01 8.890393923846814372e-01 8.923721307761484089e-01 9.075621419680702795e-01 8.973880980444832733e-01 8.922023162241750072e-01 9.086202660671196529e-01 9.082343278462646774e-01 9.046546198021778729e-01 9.025006794473058314e-01 9.011376478547543645e-01 9.045617419974407714e-01 9.202027327814756852e-01 9.110079648869621183e-01 9.138689295498200194e-01 9.155604771976736389e-01 9.129701064480640893e-01 9.147743269571064761e-01 9.142542125430025424e-01 9.109941658060557446e-01 9.165667426755325087e-01 9.047435493726806444e-01 9.079640097823257205e-01 8.972601265232824641e-01 8.992218321018599081e-01 9.092625603870655437e-01 9.094287818319525263e-01 9.006177811130561262e-01 9.038116894492554954e-01 9.049937000248405861e-01 9.030542528475081765e-01 9.042006001870905862e-01
4.733664796147284831e-02 1.470647941695524819e-01 2.835480202552031481e-01 4.815958946925115725e-01 4.360154794564245484e-01 4.727858360954737549e-01 6.592973758064866185e-01 6.774912046101335683e-01 7.444582642900682279e-01 6.710462485877508598e-01 7.159385317180158026e-01 7.693731788269828620e-01 1.000000000000000000e+00 7.242279731963955358e-01 8.009101712439503640e-01 8.000862799019771154e-01 7.504949991428790934e-01 6.508480461650170135e-01 6.901568895493357392e-01 6.046366345674262233e-01 5.737067785933694930e-01 6.751027271306438982e-01 6.837776441351635093e-01 6.277128158625742138e-01 6.566515333393789788e-01 7.713742711870168467e-01 7.633971903538111503e-01 7.541830212528314314e-01 6.824011029671600559e-01 7.204124890066714304e-01 7.919807208146552036e-01 7.891427798051317000e-01 7.686331397360396389e-01 7.646022562035461601e-01 7.603315179694561943e-01 7.983596782740683961e-01 7.800096161018558183e-01 7.962448129074419789e-01 8.173775390763919901e-01 7.693098913606849498e-01 8.271417354962207202e-01 8.075717237280132244e-01 7.963603103266052585e-01 8.309888256224319258e-01 8.188258532288379410e-01 8.164775908325273557e-01 8.357634282207808685e-01 8.351768096302475408e-01 8.325703728100468659e-01 8.079603016734183685e-01 8.121946808794739958e-01 7.857489723583732655e-01 8.255341522409135324e-01 8.326279014322939265e-01 8.284775116703043674e-01 8.219115897776330115e-01 8.167050354027322046e-01 8.372320822818376529e-01 8.263229271155668743e-01 8.419564179347172050e-01 8.343796925329806102e-01 8.381264331033406734e-01 8.257586372358277638e-01 8.293809390350718180e-01 8.322389845568656241e-01 8.282805169820606217e-01 8.391117334726212462e-01 8.313266135111164745e-01 8.314259512695003629e-01 8.193398956097369679e-01 8.173849833657356179e-01 8.290495992668226455e-01 8.150458832713137758e-01 8.092376882727632115e-01 8.371738912483844830e-01 8.300260283303162456e-01 8.280405655644046403e-01 8.031784324971322775e-01 8.165566549621271486e-01 8.159751571573392592e-01 8.230642533830626606e-01 8.339933603655184102e-01 8.383097036095240595e-01 8.252512257866899681e-01 8.273284483080344254e-01 8.300137319890589227e-01 8.322337613480027541e-01 8.365272265706444887e-01 8.357680043613514576e-01 8.410403111939572796e-01 8.249672486973902430e-01 8.419045483224829596e-01 8.399266330097419075e-01 8.374545166502755933e-01 8.399134076273175875e-01 8.424281553845341941e-01 8.311182984843676902e-01 8.272907804575160284e-01 8.381992680345047297e-01 8.371947859134035719e-01 8.406744959977000553e-01 8.378989910956675669e-01 8.392205536122040455e-01 8.420351043836340477e-01 8.400174946720024849e-01 8.278322351219633557e-01 8.394989632038855065e-01 8.413166821968128817e-01 8.416277406617265200e-01 8.413178061781453332e-01 8.399152168253818385e-01 8.429901202315781550e-01 8.388635905834066486e-01 8.394257583219868479e-01 8.378093129045077747e-01 8.382035986521746418e-01
