1.000000000000000000e+00 1.255049808019985391e-01 2.629225434216871798e-02 4.889582211680444657e-02 2.817339379388943826e-02 1.446826584016953909e-02 2.153755229387611936e-02 2.822112788159381394e-02 9.520972629593346670e-02 4.527935705961182861e-02 -5.707865369248323875e-04 2.438639248136127355e-02 1.974052098055633850e-02 -1.763702997186846616e-02 1.337698580237298152e-02 1.973813528601314413e-02 7.276472550032567210e-02 2.678526963296864669e-02 4.278043961165111514e-02 -6.409854491986174876e-04 3.209622888942954139e-02 4.339739496335977276e-02 4.580234463142212470e-02 2.981986919220691590e-02 4.455809272854881903e-02 1.117425436227718720e-02 1.145652279131218441e-02 5.841900181895504432e-03 2.351584945049950415e-02 2.487223852526026027e-02 1.751553806412207721e-03 3.394560534521137013e-02 -1.376965652786069083e-03 1.699726670614717591e-02 5.304852436392409713e-04 3.524952974833005931e-02 1.231625152533310542e-02 -1.385164914902875391e-03 4.204496639740797504e-04 -2.312836278579388782e-02 5.029092009029362091e-03 -1.489284023272459227e-02 1.138225644552481874e-02 1.003199357824913207e-02 1.311556535869556894e-02 -7.926156955101088669e-03 2.749582723815931218e-03 1.454626091681351235e-02 2.140097917503720748e-02 4.720652649594703210e-03 6.810227663855474359e-03 4.798545167536238942e-02 2.094697246376572494e-02 3.688901071855999608e-02 2.111688338496995124e-02 9.404867520877762061e-04 5.894396975931382593e-02 4.030159881274629832e-03 1.954158711418613800e-03 4.652831869602733900e-02 1.861202975565627235e-02 4.325165184703859411e-02 3.337969055945805980e-02 4.938378959422906611e-02 5.222875944093202660e-02 5.884162149694530802e-02 2.041121969932771160e-02 1.472395280947814966e-02 1.978447694154420247e-02 1.415218750402876847e-02 1.496836290439067935e-02 1.663422458873280857e-02 1.601910490210163920e-02 1.238496564993214928e-02 6.753447068644930981e-03 9.267526561382289502e-03 6.685805948828794573e-03 1.438130366003057860e-02 3.369687424145355998e-04 1.021710172788437010e-02 1.011992547984738068e-02 6.661638807259556185e-03 2.351309921847722154e-02 3.636820069212600738e-03 -8.183394401406177479e-03 4.883173038337614534e-03 9.858132160359762280e-03 -7.013846779479163303e-03 1.551384763688653926e-04 1.031759132188434826e-02 -5.093636381262416947e-03 -1.887390867689158012e-03 4.345101030963722556e-03 -5.570519240883240776e-03 1.537881189162220233e-03 7.393089553877647130e-03 -9.591824762182120032e-03 3.105528889574109969e-02 8.206588897097671226e-03 -1.452191483331686985e-03 6.951411835522934048e-04 1.020223998716399648e-02 1.848950209450122076e-02 6.964205818256543907e-04 2.480685126060981974e-02 3.143862171610438405e-02 1.729358532088956860e-02 9.998172568054415621e-03 6.361868754150439703e-03 9.149100014482739948e-03 3.081356786030213079e-03 2.052614923806519998e-02 1.376662647715521347e-02 3.007881008384670485e-02 2.856750221568748679e-02 3.345244400639852539e-02
1.255049808019985391e-01 1.000000000000000000e+00 2.149787867749837142e-02 7.953059003173623687e-02 8.092535945831730304e-02 6.031680466998070450e-02 1.393449556218036844e-01 1.323455285169480300e-01 1.903380470740877184e-01 1.749686874693886507e-01 1.222311513879959788e-01 1.548606461971386017e-01 1.182967042592048268e-01 1.166080630541771745e-01 1.554050977893048913e-01 1.434601882782572391e-01 1.983779592544208659e-01 1.627196901751712110e-01 1.797156191613243359e-01 1.081920773374636241e-01 1.459684754649464289e-01 1.673185723779568868e-01 1.813640802400825480e-01 1.717849084398072879e-01 1.789361757716376733e-01 1.589326894122181921e-01 1.518976161398235269e-01 1.489651609893924977e-01 1.573689003625329819e-01 1.571675675478033385e-01 1.500323478011679756e-01 1.722275275440739994e-01 1.392753510926434679e-01 1.713111520681945554e-01 1.545362884229563027e-01 1.630522347812919659e-01 1.534903155541717801e-01 1.555780716937541497e-01 1.510823933896543736e-01 1.399961907879137546e-01 1.535274531443331647e-01 1.402727643706498939e-01 1.433220789189898203e-01 1.546723768179748548e-01 1.626488599770137822e-01 1.501118315843446294e-01 1.518617675313061743e-01 1.598137475458655254e-01 1.638800963406225608e-01 1.444728866485673613e-01 1.484825723394480601e-01 1.595537462506033399e-01 1.472044748682832249e-01 1.730767110420068089e-01 1.652896385492190756e-01 1.617817506827908258e-01 1.780089266034898532e-01 1.548072733679473900e-01 1.575772968379578753e-01 1.791995479808620451e-01 1.601501435762638648e-01 1.798896721694435707e-01 1.654795721875338965e-01 1.763590536664348396e-01 1.885900723788609956e-01 1.808388302186852148e-01 1.620030448965035785e-01 1.639710148544318846e-01 1.692841245180822796e-01 1.543426510313216371e-01 1.624927428302475330e-01 1.660391882830737909e-01 1.663982237438754730e-01 1.619500220571167270e-01 1.602989442338005610e-01 1.600364050466462074e-01 1.535119688868026855e-01 1.635478217487169594e-01 1.616250711826532904e-01 1.584635959545152295e-01 1.583175855783138519e-01 1.531779408990648905e-01 1.672037121880515509e-01 1.593260489726384954e-01 1.493774668824183471e-01 1.572419205114362895e-01 1.569383706271215706e-01 1.549918970520378358e-01 1.552212137720456742e-01 1.660898237801123056e-01 1.537369207354575551e-01 1.535462671618263997e-01 1.548008985141091920e-01 1.537234725837742511e-01 1.516143708357926279e-01 1.582282903991752698e-01 1.356224318123243067e-01 1.585751861164095000e-01 1.542904484516529617e-01 1.477967751696160348e-01 1.494364851649664372e-01 1.544668474589170615e-01 1.567524674746015867e-01 1.509430799375077459e-01 1.616464795126981435e-01 1.648955382972252526e-01 1.594984288822509921e-01 1.607874876568842204e-01 1.596437918863350958e-01 1.571574626800514851e-01 1.574208181560215469e-01 1.629048003348466389e-01 1.627308645921734520e-01 1.639668798212211009e-01 1.702816595700900881e-01 1.705755552539833519e-01
2.629225434216871798e-02 2.149787867749837142e-02 1.000000000000000000e+00 2.555110481398840672e-01 1.371142433576687525e-01 1.237939913542685094e-01 2.219770046222222515e-01 1.998624531892575773e-01 2.313747339418306403e-01 2.198878210737023609e-01 2.631403301643921999e-01 2.540415191969773723e-01 2.225140267057687249e-01 2.391423344748778712e-01 2.713135473713492729e-01 2.618376777767795205e-01 2.390068794230348070e-01 3.005669952593634231e-01 2.829140718977837254e-01 2.505986876277276898e-01 2.929044491885522961e-01 2.997087469681885552e-01 2.869676845183191105e-01 2.867215379678265119e-01 2.880597569448192785e-01 2.857490379568791150e-01 2.878167694954238964e-01 2.934317098913069577e-01 2.918089494339080048e-01 3.042731095480154524e-01 2.901504298440680252e-01 2.743352681377283497e-01 2.945872110767110419e-01 2.934158496165659158e-01 2.956935910958516933e-01 2.918392567015745676e-01 2.995778760250696338e-01 2.802972316620470639e-01 2.970534261217251393e-01 2.645604077885194139e-01 2.790820871579751672e-01 2.855567360044576342e-01 2.828062350951651149e-01 2.812083332135126845e-01 2.852804085944694035e-01 2.904153673849162454e-01 2.586027715967557650e-01 2.628869167218593206e-01 2.472351894508474923e-01 2.683615310446041402e-01 2.664151474538005715e-01 2.450875395305332771e-01 2.378033673563295092e-01 2.469061290259330910e-01 2.457542272917182247e-01 2.777597064845138131e-01 2.159773407585192373e-01 2.643410522297701126e-01 2.489373790280200727e-01 2.414900417453456627e-01 2.441039984504462801e-01 2.363577472424846226e-01 2.345290128895643755e-01 2.331902284739134357e-01 2.555652681699772111e-01 2.302317794115606997e-01 2.662887609834668212e-01 2.739771374746695631e-01 2.772907102455350881e-01 2.751549965471337122e-01 2.800360235101206907e-01 2.848555904504080916e-01 2.786281968716855517e-01 2.834154090749301802e-01 2.760835712662106922e-01 2.754799604523887613e-01 2.776718802149857335e-01 2.834598239173328760e-01 2.797900656277051423e-01 2.875420362007138353e-01 2.907655194696283085e-01 2.846841958517984383e-01 2.758447062107111103e-01 2.843177782465208248e-01 2.776939443217689707e-01 2.818914791511586970e-01 2.869883764209811283e-01 2.773302190319181237e-01 2.799980218765323325e-01 2.683593520655115361e-01 2.830109204858601846e-01 2.729833804880126280e-01 2.830497024818823260e-01 2.792325278825691925e-01 2.644779141722731763e-01 2.651374182097196996e-01 2.639045601182585243e-01 2.470417738632305071e-01 2.540477706127549085e-01 2.708947289649344392e-01 2.777397589998506500e-01 2.585445583934627978e-01 2.550998780368078922e-01 2.707276604365961292e-01 2.637258091454142694e-01 2.477683836540177653e-01 2.576317674028338334e-01 2.675235960458006157e-01 2.635276672715858859e-01 2.640969301272150238e-01 2.649040979173509780e-01 2.567565436507993071e-01 2.544971969067461592e-01 2.573659063655677204e-01 2.623885028321918389e-01 2.509237317151152280e-01
4.889582211680444657e-02 7.953059003173623687e-02 2.555110481398840672e-01 1.000000000000000000e+00 2.471940183962004212e-01 2.427527746112886908e-01 4.335883142588642380e-01 4.060829022977262559e-01 4.522967195419272946e-01 4.251573021260072194e-01 4.471137397008698167e-01 5.080146410704603488e-01 4.280997130641683301e-01 4.161434135011394253e-01 5.057800419951968829e-01 4.960253263358231912e-01 4.778321638130695881e-01 5.046554349926228866e-01 4.734071856437307990e-01 4.710606168835538843e-01 5.277594846257703809e-01 5.075664934097244840e-01 4.923615268605049944e-01 5.027792751907101954e-01 5.101765151175038371e-01 5.074720789084282702e-01 4.915024494604083305e-01 5.154591350962142160e-01 4.816060124852146185e-01 5.080497341095771002e-01 5.168076201917366497e-01 5.210725672080895876e-01 4.992611694144066248e-01 5.253032487778537263e-01 5.075110540091387623e-01 5.185018527508788999e-01 5.206977877680879496e-01 5.052990619647952375e-01 5.192678077137120596e-01 4.896483274317505741e-01 5.117022774101973592e-01 5.134281126771863546e-01 5.172589648541706664e-01 5.215282917039166799e-01 5.198717769497970265e-01 5.150030761812514069e-01 5.000408804571205845e-01 5.031155724686561248e-01 5.042478364149333148e-01 5.097939770379301683e-01 5.126874589119173597e-01 5.252749846528864675e-01 4.992463766944104098e-01 5.034723259083003777e-01 5.022424506784919362e-01 5.059861068848929833e-01 4.975487803710009205e-01 4.983672157715764439e-01 4.991655995396909740e-01 5.102486065730950093e-01 5.112070285135544845e-01 5.040815603750441465e-01 5.024488167156072604e-01 5.053749928289286153e-01 5.216636169670106904e-01 5.080392341373738407e-01 5.072203476749828077e-01 5.126740833388550023e-01 5.189734226449101984e-01 5.234315618338596376e-01 5.220701152315636584e-01 5.134794689576230864e-01 5.191537701315581677e-01 5.164438821929119294e-01 5.111695658227862760e-01 5.144590445064489703e-01 5.114193066782127817e-01 5.120041863215074596e-01 5.163619697537631392e-01 5.147835280321327867e-01 5.165161933810005213e-01 5.163436721372105520e-01 5.198707209714459321e-01 5.121020484390891303e-01 5.104579759805120132e-01 5.184173262073153987e-01 5.151242171330703279e-01 5.096873571107287670e-01 5.173723365160248777e-01 5.145427979281845809e-01 5.130301440742401908e-01 5.114967690146395851e-01 5.165721494054709151e-01 5.175969509392572832e-01 5.049037536711525886e-01 5.055417883164063930e-01 5.014111156430364202e-01 5.140081747581177751e-01 5.043808413281114511e-01 5.065867545594145982e-01 5.112740635701177316e-01 5.089888330464322763e-01 5.143495856067259453e-01 5.140209045307472246e-01 5.207517502987942803e-01 5.066555993243234690e-01 5.058553157201870487e-01 5.101944804080243978e-01 5.088501232865294543e-01 5.046384396439004272e-01 5.041133547013642024e-01 5.076248192273387083e-01 5.060175040577253869e-01 5.118111044103701435e-01 5.136549130071217384e-01 5.119830743816111696e-01
2.817339379388943826e-02 8.092535945831730304e-02 1.371142433576687525e-01 2.471940183962004212e-01 1.000000000000000000e+00 2.331490961298011977e-01 3.616428683511068165e-01 3.588363085060060076e-01 4.020489200929590612e-01 3.623542288086151753e-01 3.761663091005235660e-01 4.196322381802801704e-01 3.910354451603241799e-01 3.637483935258614132e-01 4.312557368239307576e-01 4.162664985110030580e-01 3.902356819074567773e-01 3.919140713098535622e-01 3.943021409169243374e-01 3.854154541038676274e-01 3.977473131811180562e-01 4.066433749286317845e-01 4.051300933423448991e-01 4.084973535705290759e-01 4.134271032983273253e-01 4.306922274436952858e-01 4.123755818419779784e-01 4.220605059138022863e-01 4.007877687091501717e-01 4.212407698871460937e-01 4.373578517300628632e-01 4.305609858766338838e-01 3.999352680247654779e-01 4.173512551232353429e-01 4.224072566304842846e-01 4.129244051301542151e-01 4.273502623724674820e-01 4.182723075725104378e-01 4.328926755094084644e-01 4.134770304235539928e-01 4.382797561732890701e-01 4.339809738693199415e-01 4.371284198507947583e-01 4.406033622947103101e-01 4.385244509193902962e-01 4.368473549905163011e-01 4.382825699057790736e-01 4.382147555461871069e-01 4.279122634190312691e-01 4.157201540551062058e-01 4.313963025529016782e-01 4.231665572797311814e-01 4.175765681194157919e-01 4.342994323457252115e-01 4.271493127709029003e-01 4.413163384795468769e-01 4.156223340317816706e-01 4.406273289896487366e-01 4.324099610409150030e-01 4.363149905169340093e-01 4.385168405023519567e-01 4.291008091110695699e-01 4.287226687123882329e-01 4.262919684556432109e-01 4.323953447431050368e-01 4.283391308773120687e-01 4.400058373586980265e-01 4.420094589311547306e-01 4.436274184917323726e-01 4.455126000090401384e-01 4.395729219108083785e-01 4.419578950744339485e-01 4.415734329961638061e-01 4.391039208615327150e-01 4.406708652174660124e-01 4.478735031002500366e-01 4.420143387006446600e-01 4.408939656926567086e-01 4.401457605203552559e-01 4.432289254667736711e-01 4.393507072483412990e-01 4.432193607688570403e-01 4.339568216584904770e-01 4.432204592316552616e-01 4.355407794550596456e-01 4.417177674844923740e-01 4.414546444930919633e-01 4.368158376746426041e-01 4.396378530965101561e-01 4.462692367007867200e-01 4.356036579837849754e-01 4.412778182786981085e-01 4.403974196470393787e-01 4.407238633596519684e-01 4.376456927455405488e-01 4.415180347482554613e-01 4.366399358832755984e-01 4.352299743046458280e-01 4.383423660344714645e-01 4.382097060052317916e-01 4.438851507523582374e-01 4.402825721997927211e-01 4.384953641111088429e-01 4.422064207378255118e-01 4.390680330622558913e-01 4.379768691412893600e-01 4.393192720411094876e-01 4.418832776456886879e-01 4.399480217602342313e-01 4.399727764409298025e-01 4.387436000606331210e-01 4.413211977696465116e-01 4.396916118932823192e-01 4.394297862829890100e-01 4.377633182625203512e-01 4.383094036982984054e-01
1.446826584016953909e-02 6.031680466998070450e-02 1.237939913542685094e-01 2.427527746112886908e-01 2.331490961298011977e-01 1.000000000000000000e+00 4.119485547373745171e-01 3.527691477115338370e-01 4.283244548250526029e-01 3.902976624240063752e-01 4.095089110795230303e-01 4.470411472363491900e-01 4.130262967103573990e-01 4.159564590085088054e-01 4.818112852887132536e-01 4.631606870377146801e-01 4.432199643762944619e-01 4.391334572852154672e-01 4.472660917930621483e-01 4.098716062102619184e-01 4.264254251100875193e-01 4.462946649835270452e-01 4.429489878020887450e-01 4.489528385177550263e-01 4.634196397375385801e-01 4.890730789289003400e-01 4.441784487035180251e-01 4.609609008340044278e-01 4.276042158399792070e-01 4.407523553907349845e-01 4.860972863857498383e-01 4.917873883416561398e-01 4.663246224156117337e-01 4.827970262121427103e-01 4.637185344732241976e-01 4.668817707034084163e-01 4.716594623982717227e-01 4.937884729899522096e-01 4.862437678560708743e-01 4.835535032494820973e-01 4.989534366283056022e-01 4.915518126529750953e-01 4.940751259376757187e-01 4.954209674082545312e-01 4.922965180297880217e-01 4.893833967808964847e-01 5.019065714649743049e-01 5.057072611734787504e-01 5.050161968551893921e-01 4.989624790803322552e-01 5.039183174888748340e-01 4.869715492048380945e-01 4.935111245990773665e-01 4.978013123794275963e-01 4.971558080007308367e-01 5.004145765471543772e-01 4.881318639972724305e-01 5.035897690269405258e-01 5.044406743065227294e-01 4.936782491224704361e-01 5.008816887507079318e-01 4.927451264076375126e-01 4.975050038680524089e-01 4.970464981351511158e-01 4.952121081791758805e-01 4.880544350767219153e-01 5.044963062552690891e-01 4.996199701897665602e-01 5.010932701403658651e-01 5.000716886613960632e-01 4.995381259123712336e-01 5.022461995930544987e-01 4.976357341119492239e-01 4.984383134382198155e-01 5.028519545869273299e-01 4.993226177213753170e-01 5.003661504000259663e-01 4.887517281729572560e-01 5.025236367172714047e-01 4.919395199568381005e-01 5.005229790600929096e-01 5.020721058324275621e-01 5.066280882185298928e-01 4.997908898342909301e-01 5.052344847137201223e-01 5.040918447336178998e-01 5.050668707642883559e-01 5.055310827285218744e-01 5.029540679257568092e-01 5.047236697284999130e-01 5.020387606530193336e-01 5.076693428835430399e-01 5.051320562959406013e-01 5.024037343690404001e-01 5.055490842922262251e-01 5.082271355360515885e-01 5.119272009180451111e-01 5.066412132458749662e-01 5.104737187232286644e-01 5.112978912849978075e-01 5.114519187069385131e-01 5.112466490508806860e-01 5.101854887090062629e-01 5.109174775554174985e-01 5.063438656206904476e-01 5.067276517889576226e-01 5.108701566894505719e-01 5.061634290437190264e-01 5.059382461800506769e-01 5.079959646607176138e-01 5.092998604910703442e-01 5.070774083780927866e-01 5.080226282008492023e-01 5.100885233709249178e-01 5.044029934687978001e-01 5.001315481633626936e-01
2.153755229387611936e-02 1.393449556218036844e-01 2.219770046222222515e-01 4.335883142588642380e-01 3.616428683511068165e-01 4.119485547373745171e-01 1.000000000000000000e+00 5.959485812172845565e-01 6.686112891788139612e-01 5.906794755888034043e-01 6.308589945194347237e-01 7.174498430745961386e-01 6.510587577480061450e-01 6.258312969583741392e-01 7.662701890282878070e-01 7.322235325007467877e-01 6.681356402615592494e-01 7.061254605350191227e-01 6.996936190242296627e-01 6.793428138876992373e-01 7.076595314135769588e-01 7.194001753395622423e-01 7.045049033402924765e-01 7.219696425690443897e-01 7.271653007187430795e-01 7.575756809774061296e-01 7.113361216559894729e-01 7.484453055223307949e-01 7.191714840016345534e-01 7.196026189083405411e-01 7.575792229083170293e-01 7.593679556511007123e-01 7.307139660861491359e-01 7.478554797975860424e-01 7.315502893379786098e-01 7.269550042373450482e-01 7.505343822354222372e-01 7.457289625652195886e-01 7.480267879068416281e-01 7.325004196484530272e-01 7.604559297357833536e-01 7.594022210212099111e-01 7.576224529280238817e-01 7.746068899055541523e-01 7.626027411362676922e-01 7.695130774159187892e-01 7.578769984592160780e-01 7.565279621924445586e-01 7.576625828598735346e-01 7.486925439585822017e-01 7.582583642668058177e-01 7.395226702032715593e-01 7.357453594669022268e-01 7.511691617542907151e-01 7.534419123035938082e-01 7.641698829853483810e-01 7.250890612417927317e-01 7.565762872530538141e-01 7.551830770460381537e-01 7.492605217456771438e-01 7.560267892862608807e-01 7.446624528313928737e-01 7.446623030401350318e-01 7.428598311388583397e-01 7.543761695627946295e-01 7.370527627987543129e-01 7.629511061333846822e-01 7.659227174564113838e-01 7.729539672282026430e-01 7.693258038820302014e-01 7.676205062929889467e-01 7.682420290915981109e-01 7.705376629613909234e-01 7.663596879888405766e-01 7.693750909387719883e-01 7.646007037832045494e-01 7.687658777518411313e-01 7.664875031572364605e-01 7.700777677657125730e-01 7.627422964311367792e-01 7.654008042556980085e-01 7.687574624680978408e-01 7.653086068809636933e-01 7.674264771229050153e-01 7.656671236093901545e-01 7.699594455123465186e-01 7.657861134323017405e-01 7.684846528377274888e-01 7.667165472622652356e-01 7.667015410084313531e-01 7.695311015530498233e-01 7.700746584269104744e-01 7.693087585744117218e-01 7.718217603373614955e-01 7.627112591009331810e-01 7.644261498889898254e-01 7.611384950666748583e-01 7.562499351859977015e-01 7.632727828272890536e-01 7.669272267380520258e-01 7.700170611961795197e-01 7.657184261088079147e-01 7.602750211660771473e-01 7.710049271087912048e-01 7.655913101028036793e-01 7.544025983756517117e-01 7.628847648969189210e-01 7.667073608211422142e-01 7.662192102450611220e-01 7.661877645119256064e-01 7.659002800679913792e-01 7.614792633394211752e-01 7.599464337823509386e-01 7.609918448635651922e-01 7.630132069051220878e-01 7.552718478227494758e-01
2.822112788159381394e-02 1.323455285169480300e-01 1.998624531892575773e-01 4.060829022977262559e-01 3.588363085060060076e-01 3.527691477115338370e-01 5.959485812172845565e-01 1.000000000000000000e+00 6.443086895858036733e-01 5.824700863119744998e-01 5.986103286019990311e-01 6.862782158115257047e-01 6.321277115048847817e-01 5.992576726112254226e-01 7.072858650149421722e-01 7.119686168669449033e-01 6.421354112453442342e-01 6.657410752170014323e-01 6.638169006552406826e-01 6.385334606304005067e-01 6.613846678786031719e-01 6.729490678017301386e-01 6.743297301191886195e-01 6.809280043254469783e-01 6.800936548763895084e-01 7.063189625431993690e-01 6.688721611392581812e-01 6.896446736975337943e-01 6.544549880894974248e-01 6.659150558732410685e-01 7.017050134810817186e-01 7.283338460498807176e-01 6.821610955138951438e-01 7.191202519955771644e-01 6.887622458186629659e-01 6.943775325929645303e-01 7.000363798423090422e-01 7.177750576563344254e-01 7.168105068521121170e-01 6.909376278223544610e-01 7.145225383685959164e-01 7.208906463166843137e-01 7.112923013530009220e-01 7.291827335565517210e-01 7.132538536787158545e-01 7.225922182934441107e-01 7.226765894575096771e-01 7.207599067649459457e-01 7.264569299202514596e-01 7.226606049782904329e-01 7.326406312444155855e-01 7.049354167640540236e-01 7.010305979742090798e-01 7.157155547250371175e-01 7.204769442471995466e-01 7.247356687225331440e-01 7.059995906361135054e-01 7.198120455840106846e-01 7.261113242380508037e-01 7.191242989576790423e-01 7.260945479834897132e-01 7.131771252039067477e-01 7.202741082473598233e-01 7.165829277172284240e-01 7.208760660996405001e-01 7.106065111750917707e-01 7.225696609676277582e-01 7.266504329806469098e-01 7.332981526874746692e-01 7.286039398187694749e-01 7.276373955817591055e-01 7.257798321259476548e-01 7.262929005449076936e-01 7.215991291930277107e-01 7.250123689895051626e-01 7.205742416248211990e-01 7.190666102968280571e-01 7.178504279734939653e-01 7.175565125796047328e-01 7.192923033012589284e-01 7.190412937629048207e-01 7.232000132506014589e-01 7.347057539407017002e-01 7.253874459981468625e-01 7.298803501466130106e-01 7.316860525983476249e-01 7.243674022091395326e-01 7.309177024327753180e-01 7.280448968352638550e-01 7.290797472681371794e-01 7.246507952286229681e-01 7.290745777895896174e-01 7.244823266833634312e-01 7.266020001760059577e-01 7.243432283656042747e-01 7.270473510536838990e-01 7.303526570630629600e-01 7.332029813391256479e-01 7.321144808732344966e-01 7.336550004542859993e-01 7.298195563501816974e-01 7.343800010932325373e-01 7.264984350595729001e-01 7.331000117800307025e-01 7.301996531893414355e-01 7.272927433516203077e-01 7.292253552296598107e-01 7.251758404715158424e-01 7.293714408554320405e-01 7.293484383218676870e-01 7.278780024966681195e-01 7.284340816443793942e-01 7.255624573031407287e-01 7.335878500361574517e-01 7.262846542202944233e-01 7.244109650257128941e-01
9.520972629593346670e-02 1.903380470740877184e-01 2.313747339418306403e-01 4.522967195419272946e-01 4.020489200929590612e-01 4.283244548250526029e-01 6.686112891788139612e-01 6.443086895858036733e-01 1.000000000000000000e+00 6.900335555018458633e-01 6.853246859104604738e-01 7.830566139310494167e-01 6.971605911965778057e-01 6.809303658538230497e-01 8.019230937977138707e-01 7.808644544561552658e-01 7.783506363119633287e-01 7.501672099819579609e-01 7.595423446475879636e-01 6.892404797199470634e-01 7.532642253259774767e-01 7.761774091103058604e-01 7.691443463927644109e-01 7.616452079577817891e-01 7.824534321478622267e-01 8.054366031242541357e-01 7.714668970411179272e-01 7.825365591209384464e-01 7.464183225527707410e-01 7.806468924814677912e-01 8.153949804269802204e-01 8.301708563648705352e-01 7.621891498374085971e-01 7.998168808370428318e-01 7.891762106099581287e-01 7.893677983861486780e-01 8.051309462481255341e-01 8.011802368939534569e-01 8.044636941701386323e-01 7.707017046460835630e-01 8.224824612889749531e-01 8.091308658178117952e-01 8.045830828807382096e-01 8.240667374351247076e-01 8.211158374850211494e-01 8.121744994550830210e-01 8.327660272625436733e-01 8.376632369560601532e-01 8.384392397651407869e-01 8.053390522841792354e-01 8.242959649839004532e-01 8.231299925071657864e-01 8.171322905102482714e-01 8.472316431426039074e-01 8.377170859126620295e-01 8.308178778095222095e-01 8.382751820329995551e-01 8.275816890990957964e-01 8.322735142861467095e-01 8.487526539531295988e-01 8.408946095450550162e-01 8.471297664394563665e-01 8.367799350302825845e-01 8.445388325746504554e-01 8.512118083193073170e-01 8.445640076753165859e-01 8.432343017883315861e-01 8.373899423162598499e-01 8.453302600127918787e-01 8.365097907692795598e-01 8.349087164157827923e-01 8.402739397530040177e-01 8.355222509097760542e-01 8.307588272162570453e-01 8.361946585365185314e-01 8.360703522127365117e-01 8.331734966028401246e-01 8.311184666891603401e-01 8.297592879425312873e-01 8.332885048797976646e-01 8.342317000353307588e-01 8.377236739643885155e-01 8.383011133036979423e-01 8.327768074857831992e-01 8.218730208027422712e-01 8.334423738645676538e-01 8.352165191262590493e-01 8.277454030242689109e-01 8.306248614205636871e-01 8.408669392478882454e-01 8.259853881786540786e-01 8.316396212337354710e-01 8.345759581052216713e-01 8.296490205791768879e-01 8.362404059600986317e-01 8.389437684519835958e-01 8.132131604715338025e-01 8.412494225701315775e-01 8.368897143340010558e-01 8.283239530910521120e-01 8.257410476863976667e-01 8.369186915562492057e-01 8.376535396611027862e-01 8.330236844769476345e-01 8.454396312197376417e-01 8.451873991381219087e-01 8.417871951203714787e-01 8.417527262819667344e-01 8.394990626969484060e-01 8.383594045619866542e-01 8.355588525613616424e-01 8.460931735586987301e-01 8.434591590090901869e-01 8.457969724568614733e-01 8.492631437384262627e-01 8.473285816120225133e-01
4.527935705961182861e-02 1.749686874693886507e-01 2.198878210737023609e-01 4.251573021260072194e-01 3.623542288086151753e-01 3.902976624240063752e-01 5.906794755888034043e-01 5.824700863119744998e-01 6.900335555018458633e-01 1.000000000000000000e+00 6.397629028012410402e-01 7.045135608374870628e-01 6.433296568052588871e-01 6.252035291784999727e-01 7.293530666732407353e-01 7.080521052946164851e-01 6.851030474290645822e-01 6.856323295499353598e-01 6.900096316899503313e-01 6.389086189603506716e-01 6.709326103479268388e-01 6.970293759621044583e-01 7.022928177749498957e-01 6.932088177124280381e-01 7.040887932861633614e-01 7.373127799160188456e-01 7.092798075002200164e-01 7.202102554962518388e-01 6.891751827147349907e-01 7.205895953893239891e-01 7.568393608910276571e-01 7.491876438975794139e-01 7.067781195129378968e-01 7.301816188551822906e-01 7.314679930848159151e-01 7.126495519505285925e-01 7.347809743146745953e-01 7.320356271428851702e-01 7.373591565398913694e-01 7.137153233668476204e-01 7.549361540388327407e-01 7.429818873845900340e-01 7.268173773538834093e-01 7.485841887438718922e-01 7.541149573727444766e-01 7.431610170580649211e-01 7.670106345777357726e-01 7.751576332562977178e-01 7.639960762916438997e-01 7.239220113881063012e-01 7.498373981956900636e-01 7.271456484401456200e-01 7.369157861122296316e-01 7.752213243247914054e-01 7.628505598458353854e-01 7.650158647324768468e-01 7.469774741334391788e-01 7.613863773113604960e-01 7.645081714682970819e-01 7.700344247367942874e-01 7.648619692220278710e-01 7.629464468676505629e-01 7.520057604779830651e-01 7.566875508615730217e-01 7.665322790848442258e-01 7.577134468834993974e-01 7.744877443525256533e-01 7.696064214934951186e-01 7.726325949756068789e-01 7.650215464235463614e-01 7.643416325680247869e-01 7.709606396325557887e-01 7.694922721528699716e-01 7.624417850817623021e-01 7.694916697282220275e-01 7.717655579712152658e-01 7.675633192472874899e-01 7.639278251799986874e-01 7.658299208854584261e-01 7.719885598653464243e-01 7.726122951952884010e-01 7.750749711643318829e-01 7.640896967167873921e-01 7.697682412091995108e-01 7.557162932782720555e-01 7.664710191049354249e-01 7.683528496198646085e-01 7.626235730999090245e-01 7.669836598423191987e-01 7.683706762127255896e-01 7.614001439634954238e-01 7.679700055222637989e-01 7.662619839806033006e-01 7.654718231881524337e-01 7.716718979262541245e-01 7.740556277721378775e-01 7.436565734002948957e-01 7.566223272331918936e-01 7.656971304632976816e-01 7.621851635217329335e-01 7.577563186392807237e-01 7.628185814327311798e-01 7.618906537538641111e-01 7.626367031898251270e-01 7.659557349384235048e-01 7.658104633492790470e-01 7.697680851257266976e-01 7.764265454281336076e-01 7.717031195703806246e-01 7.716835055605109073e-01 7.687493321814772296e-01 7.734008364560688298e-01 7.711767148463019028e-01 7.675913286995700302e-01 7.727466391240719323e-01 7.701265127235885632e-01
-5.707865369248323875e-04 1.222311513879959788e-01 2.631403301643921999e-01 4.471137397008698167e-01 3.761663091005235660e-01 4.095089110795230303e-01 6.308589945194347237e-01 5.986103286019990311e-01 6.853246859104604738e-01 6.397629028012410402e-01 1.000000000000000000e+00 7.612586499225224568e-01 6.613709405525456386e-01 6.618708456773431115e-01 7.656771620630478115e-01 7.393365648406531321e-01 6.825993588786526400e-01 7.278320924084213939e-01 7.258537660797403923e-01 6.746910619060152436e-01 7.183122975547616695e-01 7.330923726186076017e-01 7.369828112531938702e-01 7.389035805521776412e-01 7.455278971373173746e-01 7.814760093251276185e-01 7.574530514574951967e-01 7.662351599635386368e-01 7.138307726786232710e-01 7.573347485780618227e-01 7.946989013934724344e-01 7.752904861874102549e-01 7.485619113747216113e-01 7.639958163724013263e-01 7.690778888566998095e-01 7.457941807618808649e-01 7.874947404742452806e-01 7.651164787635523767e-01 7.820100950933740469e-01 7.479950440024741853e-01 7.871336569406652828e-01 7.825173199851959138e-01 7.699181365697993495e-01 7.871496231237097296e-01 7.938807378271586224e-01 7.854101176265892992e-01 7.899916076450318458e-01 7.914766049138272086e-01 7.807914430259943472e-01 7.651020066569983458e-01 7.768099767111248388e-01 7.489386024381782248e-01 7.593303016129283600e-01 7.818693562154119814e-01 7.820013266833780730e-01 7.968759599268773197e-01 7.451663989172987446e-01 7.868880403730673656e-01 7.795659322483259324e-01 7.758083468772305480e-01 7.782683212267670347e-01 7.639653983473078114e-01 7.639478511287642881e-01 7.635428428737953688e-01 7.778364158548733975e-01 7.595412343638213715e-01 7.936098813027481214e-01 7.961706554763797739e-01 7.984357804698481997e-01 7.963420575687120140e-01 7.956823715483086756e-01 7.969631796763181342e-01 7.963661422394894274e-01 7.961370865148892362e-01 8.005912060651592110e-01 7.969123077052453485e-01 7.963674061800173343e-01 7.895408719527099439e-01 7.940644860452206188e-01 7.991849251632044959e-01 7.997166030959488303e-01 8.017221768011534300e-01 7.903616112706830510e-01 7.989947191311000951e-01 7.954014892917468105e-01 7.992660554771390258e-01 8.002475520476770576e-01 7.980907638250795966e-01 8.008144007448502188e-01 7.925204459289827419e-01 7.986194234888590593e-01 7.980327386053686078e-01 7.954945687919885433e-01 7.990746173903144900e-01 7.950098346369616209e-01 7.953939821840799729e-01 7.870254904390502348e-01 7.808823244593157131e-01 7.914572487205979723e-01 7.939549134885145465e-01 7.966749324264512655e-01 7.915637116583524868e-01 7.886778778640752829e-01 7.969432165720817807e-01 7.910608079204771714e-01 7.819718270294536699e-01 7.921366579904652871e-01 7.972773753379782669e-01 7.972857369183545817e-01 7.924099614141403292e-01 7.931563247074651102e-01 7.913490345322512498e-01 7.894091514631147444e-01 7.887216373723692220e-01 7.897915912009019213e-01 7.838802791185671692e-01
2.438639248136127355e-02 1.548606461971386017e-01 2.540415191969773723e-01 5.080146410704603488e-01 4.196322381802801704e-01 4.470411472363491900e-01 7.174498430745961386e-01 6.862782158115257047e-01 7.830566139310494167e-01 7.045135608374870628e-01 7.612586499225224568e-01 1.000000000000000000e+00 7.486471555472340444e-01 7.470113605694388426e-01 8.719381862270352279e-01 8.488012114359096971e-01 7.925866556561523835e-01 8.138720642377088588e-01 8.168419324162378148e-01 7.698593282369797786e-01 8.083438115840954064e-01 8.262059522162836789e-01 8.163600531129997506e-01 8.296317122226372076e-01 8.362407994788120247e-01 8.733875287499512918e-01 8.378977768441490115e-01 8.539218577108412811e-01 7.954320606859197618e-01 8.328075206904962391e-01 8.836164465628179032e-01 8.901411300459723952e-01 8.374485490373861918e-01 8.737653094024969702e-01 8.506593470181622596e-01 8.543910857846579443e-01 8.676139561641984521e-01 8.788935222245587431e-01 8.847494211666944164e-01 8.546292437622756699e-01 8.916658558818404412e-01 8.909149894297666572e-01 8.814936286481810379e-01 8.959179016338087997e-01 8.936725347848701873e-01 8.915014300316488338e-01 9.016242143511496998e-01 9.042856349244403624e-01 9.021265193207603783e-01 8.857982060895257526e-01 8.958307962324681961e-01 8.800809571146851473e-01 8.804416108206198910e-01 9.002146578552067124e-01 8.995936817323482160e-01 8.996939439582013476e-01 8.811084058780715988e-01 9.003804799633546851e-01 9.008027276223563584e-01 8.987537973841610572e-01 9.039852217152355429e-01 8.939375326718763670e-01 8.930913823635971971e-01 8.939508141243224237e-01 8.997611478808319463e-01 8.896995394155357006e-01 9.062927114076785307e-01 9.049531597638927893e-01 9.079931897298557653e-01 9.068862728173028298e-01 9.039141338553625671e-01 9.051335152581360122e-01 9.038269813971064881e-01 8.992373235958257549e-01 9.075465194502939648e-01 9.018373815777220859e-01 9.008147105308046410e-01 8.902702825132597919e-01 8.994735922683546603e-01 8.987447192426034626e-01 9.002633401897653931e-01 9.047021934388893571e-01 9.057960864461888084e-01 9.007894135508323075e-01 9.018970081091737256e-01 9.071348178649957239e-01 9.044034209671110158e-01 9.062393361504904599e-01 9.070948854572734588e-01 9.082255076540077798e-01 9.027950719300812388e-01 9.081602594196747091e-01 9.077595478343932767e-01 9.057433805740214838e-01 9.075695198327780044e-01 9.093426622192701814e-01 8.942901947385444306e-01 9.039478462783109292e-01 9.073096662713986404e-01 9.051950965487860490e-01 9.033043531700233331e-01 9.076669369936758436e-01 9.083187541569184287e-01 9.086641203519809640e-01 9.111213960091595343e-01 9.044019718707276834e-01 9.082113426820684898e-01 9.090523574805235985e-01 9.088057714216360994e-01 9.076134789046979012e-01 9.075699553150502474e-01 9.082799506139418444e-01 9.076765346221540298e-01 9.083315852466106177e-01 9.072268487251378133e-01 9.060487407206326838e-01
1.974052098055633850e-02 1.182967042592048268e-01 2.225140267057687249e-01 4.280997130641683301e-01 3.910354451603241799e-01 4.130262967103573990e-01 6.510587577480061450e-01 6.321277115048847817e-01 6.971605911965778057e-01 6.433296568052588871e-01 6.613709405525456386e-01 7.486471555472340444e-01 1.000000000000000000e+00 6.891253066728827426e-01 7.845169433981923346e-01 7.798203256114326631e-01 7.094834801701541682e-01 7.195034770443486938e-01 7.166145098035746619e-01 6.942901206278740966e-01 7.161225615591336746e-01 7.331092081591787935e-01 7.184827563553233265e-01 7.357996710741540047e-01 7.435830694612340919e-01 7.818414246171155879e-01 7.549148072142749522e-01 7.586305917267972543e-01 7.142087119155825503e-01 7.488743951318026504e-01 7.982976331280677851e-01 7.922063653090676283e-01 7.427940068311926769e-01 7.704101325792956922e-01 7.641981781408773156e-01 7.570799069689343463e-01 7.753083878269899643e-01 7.761932793862255098e-01 7.855311767490306130e-01 7.560525909102930875e-01 7.977122270703673745e-01 7.970278110092335888e-01 7.841806341920964929e-01 7.994154963106245848e-01 7.973336598623853577e-01 7.953249532406936328e-01 8.189577321321257486e-01 8.163027743547114357e-01 8.083079665203668496e-01 7.812968141160723246e-01 7.950584763558566914e-01 7.786636134408209120e-01 7.884466647985779453e-01 8.128462043471272880e-01 8.099993592874844550e-01 8.070683528726727562e-01 7.871859612766008985e-01 8.097865100263387239e-01 8.071087351382379982e-01 8.098929350608330413e-01 8.124604526911233249e-01 8.012621215867402613e-01 7.965008099298398481e-01 7.966145540833455829e-01 8.072211336788882585e-01 7.983176359489225771e-01 8.172649171655649303e-01 8.103233199779944496e-01 8.157053053379464957e-01 8.146326032851446408e-01 8.103262692213025753e-01 8.120565896586670052e-01 8.121338159618616270e-01 8.064436488263595493e-01 8.139219911754160819e-01 8.102061327583415240e-01 8.074017386575030875e-01 8.012913939091642623e-01 8.077829607072293250e-01 8.105886745070660648e-01 8.098684468885889443e-01 8.184339694993679748e-01 8.095798494162902426e-01 8.103567329273377862e-01 8.074921561403363146e-01 8.123074149403686217e-01 8.118021596742007739e-01 8.119987628067913965e-01 8.128075089056903124e-01 8.137165724635474495e-01 8.058487106372673736e-01 8.146893034973582415e-01 8.139890805342268054e-01 8.108765758828774262e-01 8.176965159587944454e-01 8.186324877675830169e-01 7.984347250446306443e-01 8.071152873351340462e-01 8.150945858512291808e-01 8.121366810801354807e-01 8.110926811658042412e-01 8.119182822276325151e-01 8.113149078809365200e-01 8.152596087947239223e-01 8.152342424771907847e-01 8.108130274665061865e-01 8.155796874535363727e-01 8.172198907685411795e-01 8.153105542332373945e-01 8.184680578529405226e-01 8.145189121124960518e-01 8.193075429104682561e-01 8.150155214218435251e-01 8.150849547654158700e-01 8.167360793467831614e-01 8.138879432640602207e-01
