1.000000000000000000e+00 5.328766558002136916e-02 5.422785336345527923e-02 2.215730471315775774e-02 1.023451780850665252e-02 1.148501581472595803e-02 5.032563943580439791e-02 3.253753513365327532e-02 7.930423443523750004e-02 7.212462228546086263e-02 1.938443069381096812e-02 1.192511916413503854e-02 3.254468346775099552e-02 2.783359410179243876e-02 8.754240329400740997e-03 3.517696843233552445e-02 7.646336394183111951e-02 5.794903924872923245e-02 3.000855699531646339e-03 5.337651015844981084e-02 5.346398537322356870e-02 2.687222700760177538e-02 3.075097890399992179e-02 1.764114684799231170e-02 1.371010879375157004e-02 2.474538908289477049e-02 2.725444412521231541e-02 -2.109941147432740222e-03 3.881832506589576182e-02 2.011354553031365414e-02 2.238050924707914169e-02 1.784487154032808262e-02 1.613936452786105327e-02 7.168439298610934998e-03 1.246893227887289554e-02 2.623939206991634035e-02 -7.218712037783403535e-04 8.199678121285551222e-03 1.623559151881028353e-02 -1.016080705984943357e-02 6.775583361710305758e-03 5.717202804161115523e-03 7.936371469315139926e-03 2.004723303347211508e-02 1.701060866393739462e-02 7.413358586339170025e-03 3.503229157805801044e-03 1.092163688446936079e-02 1.676359035250476331e-02 1.450375992179010406e-02 1.067949317276216219e-02 4.326886153293237752e-02 2.601786256970075456e-02 2.843174981914401919e-02 2.175102148168164828e-02 2.753268645389698316e-02 5.417380656629540436e-02 1.312852257122776659e-02 1.293755554775251164e-02 2.447493708653228350e-02 1.867323804436166190e-02 2.026106984523608906e-02 2.443970595174688870e-02 1.972845959999705578e-02 4.930808664859958473e-02 4.240547523226340099e-02 1.975436209579286770e-02 9.108007669367309406e-03 8.266142089908187426e-03 1.588423819880737525e-02 9.011910923952263369e-03 1.200387883447979857e-02 5.986041297222505393e-03 1.272332383724806247e-02 1.171369734415457498e-02 1.543574867204837615e-02 9.132229258384114839e-03 2.232886872381019405e-02 1.224737714620689061e-02 9.832621378038659127e-03 7.238632166902719128e-03 8.796767428157648699e-03 3.043303867531474416e-02 3.701298523721177104e-03 1.347892966367882257e-03 2.118842085461397629e-03 5.858803469078190454e-03 7.891612031626166202e-03 5.349881333416353461e-03 2.120593063365704481e-02 5.244934236841500546e-04 9.574011245294972161e-03 5.032692272272674093e-03 5.414356548978337992e-03 6.577483332400153697e-03 6.105009225280933448e-03 1.052792855815122552e-02 3.240219867749161153e-02 1.322554357556034003e-02 8.468966643186736157e-03 5.386963696006686134e-03 1.586357073348114780e-02 1.895349519665907520e-02 1.015576619192145279e-02 1.723657823414285334e-02 3.393832264451243641e-02 1.454497840548062484e-02 9.346831953124037917e-03 9.316651419176201140e-03 9.651971718016561647e-03 1.040798465905621792e-02 1.601243433206082922e-02 1.483059454580463836e-02 2.001345977744150087e-02 2.779956187674483686e-02 2.581025621557235528e-02
5.328766558002136916e-02 1.000000000000000000e+00 6.552055901982466180e-02 1.183721344381138407e-01 1.065986258025447275e-01 8.953867828303208043e-02 1.361824248324927100e-01 1.054340216442352096e-01 1.680447589411506182e-01 1.532375939671086762e-01 1.491584314813765855e-01 1.470476859033913453e-01 1.483425056175737555e-01 1.446814042041837389e-01 1.519837457146434034e-01 1.509130752855616653e-01 1.614311078636500030e-01 1.192174883792943840e-01 1.300340364635704515e-01 1.031379364074198612e-01 1.342084629637229909e-01 1.443126879384555861e-01 1.330923990990107719e-01 1.296189763921134774e-01 1.333403555186711831e-01 1.492758712483449879e-01 1.424809373693061154e-01 1.388813606677396228e-01 1.482631298055724633e-01 1.591168691474405261e-01 1.496775897516419429e-01 1.448476527088738419e-01 1.305377409542868017e-01 1.399841264806221675e-01 1.406953996488219394e-01 1.595654176366641808e-01 1.451419431206197597e-01 1.472168766501740500e-01 1.536046193760758349e-01 1.237988052506078795e-01 1.527023296339238834e-01 1.458392843281863249e-01 1.486543616699833315e-01 1.498633946786367410e-01 1.490460439122367753e-01 1.496878101693231711e-01 1.561205028511222503e-01 1.651919266514276785e-01 1.523715390382303636e-01 1.388765154638327559e-01 1.506044446083881772e-01 1.535571542344393303e-01 1.579029169883916228e-01 1.694362145820260679e-01 1.595527439344051890e-01 1.550483510267366138e-01 1.650679143934374316e-01 1.526736890445957451e-01 1.564447142792380618e-01 1.715268995491565085e-01 1.612949181525022424e-01 1.648150326689567791e-01 1.623104274600130625e-01 1.682921248760884947e-01 1.765075134362659171e-01 1.702958777400683243e-01 1.624062439450701667e-01 1.557941743301016757e-01 1.572992560671424012e-01 1.510472126048807984e-01 1.537180443225781012e-01 1.581514863988922326e-01 1.542494367748338258e-01 1.512825865020426819e-01 1.570523122542859529e-01 1.605964589597592418e-01 1.581501473423870263e-01 1.568212543773455370e-01 1.635018227001723556e-01 1.567415069796534444e-01 1.564636024648227708e-01 1.595196307924291179e-01 1.620070167500212710e-01 1.537377700500372757e-01 1.465082273766284693e-01 1.516839539907458567e-01 1.579379352350146204e-01 1.551179117166545385e-01 1.539773500589965705e-01 1.635707570534107036e-01 1.508846762506941275e-01 1.537960937648272242e-01 1.577659729453205761e-01 1.585354514310149399e-01 1.593484954623626548e-01 1.620054859870206365e-01 1.455376142156655228e-01 1.583484073779049817e-01 1.567340898715565423e-01 1.514129001939221730e-01 1.577431374628072425e-01 1.578729152588964346e-01 1.575594042433249298e-01 1.565196141435198363e-01 1.587914443517562668e-01 1.644825508275278847e-01 1.625671779423657481e-01 1.612856143312160762e-01 1.615953115115106031e-01 1.581743609031377729e-01 1.569566001370634178e-01 1.635131368543886465e-01 1.622077071324973252e-01 1.607471752419763200e-01 1.628553084141009522e-01 1.657211905992928835e-01
5.422785336345527923e-02 6.552055901982466180e-02 1.000000000000000000e+00 2.791743171653085498e-01 1.541163785580124679e-01 2.182034716325876866e-01 3.156614031893522632e-01 3.072336924525562174e-01 3.366386094401952467e-01 3.053291337184554366e-01 3.479571107777764682e-01 3.466540550949918087e-01 3.239346991361576333e-01 2.829100833262421233e-01 3.702657772696417715e-01 3.694625220833375190e-01 3.500786773903729610e-01 3.732593217185945500e-01 3.526706623159509557e-01 3.372659570311834498e-01 3.724350056125055319e-01 3.797376394248286879e-01 3.745428609260276209e-01 3.684066902603542193e-01 3.725378542856363495e-01 3.755270359136428371e-01 3.623770025341552792e-01 3.656108246144322282e-01 3.725664332901876818e-01 3.690955128057433199e-01 3.728107884790538562e-01 3.889127366583861600e-01 3.768997722648470550e-01 3.894529254427339660e-01 3.635741265302553371e-01 3.737062227783328749e-01 3.711640934454040197e-01 3.743450658913832219e-01 3.816276489579765729e-01 3.879875671073334531e-01 3.721751152262776086e-01 3.747890266230382572e-01 3.810334908490534689e-01 3.748199881197623595e-01 3.744681310947873820e-01 3.710347073758549219e-01 3.716438202156834292e-01 3.650113186595896342e-01 3.707696168133200465e-01 3.665123054118192281e-01 3.776137188093667829e-01 3.648540632147669882e-01 3.561116426441996996e-01 3.573919070936884546e-01 3.644498909997401226e-01 3.718594695180101883e-01 3.699264514365671608e-01 3.650624288690422214e-01 3.638716653210417595e-01 3.592412608079464387e-01 3.676721668515050556e-01 3.559516977739738963e-01 3.600632026633764915e-01 3.670401045192392409e-01 3.647538774244210025e-01 3.704830848629153128e-01 3.696310921871422961e-01 3.760319455710098846e-01 3.754182293384925040e-01 3.834794646043988009e-01 3.809950457872520735e-01 3.738956125824784982e-01 3.760141463526592287e-01 3.824050280888133257e-01 3.747836804025947433e-01 3.719595005466508897e-01 3.753218571942754100e-01 3.713713598248680747e-01 3.774360010239192209e-01 3.724881813856075752e-01 3.749301155184901480e-01 3.749079593162821245e-01 3.829687425928287037e-01 3.709759511685705169e-01 3.813946947771277296e-01 3.805069377758447113e-01 3.762215659997463768e-01 3.763150045859809389e-01 3.727585654415516703e-01 3.714184109075231999e-01 3.801012682889689520e-01 3.766888816591298372e-01 3.714708792421219097e-01 3.736371720688055897e-01 3.668312814169384928e-01 3.656822212864441757e-01 3.718796858983118292e-01 3.692308049804480796e-01 3.679413564055157293e-01 3.749707121565546974e-01 3.737536583002736279e-01 3.722557715654782329e-01 3.625863617025121832e-01 3.688189583210879641e-01 3.740331993489099394e-01 3.667080920641205832e-01 3.675375579356773281e-01 3.637591797960850193e-01 3.657949833664126404e-01 3.635189750883406901e-01 3.667683814613156290e-01 3.653277871854933023e-01 3.642140201813078293e-01 3.715412976106575171e-01 3.700648264522853892e-01 3.659385202883947419e-01
2.215730471315775774e-02 1.183721344381138407e-01 2.791743171653085498e-01 1.000000000000000000e+00 2.453380139964721762e-01 3.552083260739187787e-01 5.203260333032846408e-01 5.117223965710067102e-01 5.230262892460434410e-01 4.746748753185494052e-01 5.452968615979335576e-01 5.696156052961723892e-01 5.116822481838577685e-01 4.812452327785906592e-01 5.785774693937458801e-01 5.764279056333007079e-01 5.290635865794430792e-01 5.503079298597949309e-01 5.387768890104218666e-01 5.072870672072840037e-01 5.553440724738756273e-01 5.631501253336634871e-01 5.753603571932125460e-01 5.481442454309655155e-01 5.643149040582288167e-01 5.835186159228663572e-01 5.734935127365313745e-01 5.793888499916103330e-01 5.847079469366089910e-01 5.911650656418226957e-01 5.884750985468740758e-01 5.979953340602732759e-01 5.800534922237283730e-01 5.923882455910222111e-01 5.812253354142160600e-01 5.893668465835284476e-01 5.883861891295141255e-01 5.914518027771070718e-01 5.966386645763512853e-01 5.885114749046777005e-01 5.955968653939350821e-01 5.989808338800183263e-01 6.034533944533133631e-01 5.954575786942193361e-01 5.936224999369033029e-01 5.872531753453056336e-01 5.879801254988604731e-01 5.882327714688011522e-01 5.889974528655080865e-01 5.874318023049802662e-01 5.969113835771443499e-01 5.878611414892466192e-01 5.792743836666746082e-01 5.763066267698444545e-01 5.796448676496855912e-01 5.862619805377324855e-01 5.825331586843247589e-01 5.857074469339724754e-01 5.888181519559715360e-01 5.826156640542745624e-01 5.940324506506401425e-01 5.781276114184203951e-01 5.858398808602540697e-01 5.866595484547338923e-01 5.838467891263747767e-01 5.879425281999404174e-01 5.919060388706272047e-01 5.961475822935073943e-01 5.984417460903922459e-01 5.984665164356842704e-01 5.966363340002388549e-01 5.988040872280563365e-01 5.907503911462711477e-01 5.984987176209265458e-01 5.966673972722772445e-01 5.961953886181516893e-01 5.954853818588883296e-01 6.002331893476225977e-01 5.977225291478148739e-01 5.922121626484797563e-01 5.912005451366246778e-01 5.946610534683665072e-01 6.012535810617485321e-01 5.948596980902616238e-01 5.992648797558307594e-01 5.981482409571871051e-01 5.963700434773258063e-01 6.002805793662470135e-01 5.977445385928034094e-01 5.970364343653926653e-01 6.004249361389436546e-01 5.988737533664617585e-01 5.983927414922850518e-01 5.990866265958447734e-01 5.905433074225123757e-01 5.931837813650813196e-01 6.005537814453165701e-01 5.896131741103967094e-01 5.941940126710346659e-01 5.988677169978982029e-01 5.986802095421968062e-01 5.967994041639548275e-01 5.955767843973657216e-01 5.971653153120117796e-01 5.975651028413463406e-01 5.910883562274801273e-01 5.891912092157221004e-01 5.900624503882458960e-01 5.928727444628378862e-01 5.917363064567057185e-01 5.963195274437366189e-01 5.903932103544820009e-01 5.932111278019848166e-01 5.957911682070523574e-01 5.931066621549873075e-01 5.920419498305190542e-01
1.023451780850665252e-02 1.065986258025447275e-01 1.541163785580124679e-01 2.453380139964721762e-01 1.000000000000000000e+00 2.328752371244268982e-01 3.606937713197124196e-01 3.674134515057952410e-01 3.787440121107751301e-01 3.711372223341512511e-01 3.752026364298235994e-01 3.989185173398316908e-01 3.510671940333437435e-01 3.276937666250237524e-01 4.111716885616019113e-01 3.949715333547405560e-01 3.714710781736771383e-01 3.277245745162191692e-01 3.680912621867077905e-01 3.128245581035114520e-01 3.297257853681562212e-01 3.747760561997176554e-01 3.569243636468654168e-01 3.596992753774093665e-01 3.659974065458503900e-01 3.872937405230820751e-01 3.849541846365602815e-01 4.001234422903270360e-01 3.742681048718754511e-01 4.053166184612587708e-01 4.106708607456620030e-01 3.936267086243122049e-01 3.616097018660048845e-01 3.740376488646574571e-01 3.868412797307312911e-01 3.841866028244104725e-01 4.048899806697452419e-01 4.049662281453986212e-01 4.072828214193655039e-01 3.806271936968464442e-01 4.148176914552651473e-01 4.133550309296389891e-01 4.140948224964212665e-01 4.121317098711716476e-01 4.080377942629789811e-01 4.120154305213313273e-01 4.189429190835733396e-01 4.175769201398363828e-01 4.134509311195249670e-01 3.895167572442138626e-01 4.118639911105142493e-01 3.858353832257106486e-01 4.062810877290404243e-01 4.227662195931855549e-01 4.148605309639537553e-01 4.063174702123385496e-01 4.062377587234171639e-01 4.176048992618701661e-01 4.180053430385043400e-01 4.276097228367712888e-01 4.167224926996593304e-01 4.227645255679793324e-01 4.135639529244442003e-01 4.093265006649015603e-01 4.143994378440509774e-01 4.141177088492293823e-01 4.189060634197387945e-01 4.125322862711672256e-01 4.165167014062548523e-01 4.152167844521920115e-01 4.100158417068585082e-01 4.174202508844987447e-01 4.078935942274849458e-01 4.096588790064854546e-01 4.193551933373356189e-01 4.164170829367985771e-01 4.125820139023418376e-01 4.134914089954093708e-01 4.143252494165831079e-01 4.163476451868822759e-01 4.137902621255074020e-01 4.208731644375986458e-01 4.126817856963567732e-01 4.102712589219954520e-01 4.017384789468324557e-01 4.100130008118846869e-01 4.142831107927470446e-01 4.101526425457703295e-01 4.154403515627453358e-01 4.146647070673240565e-01 4.118368365746485904e-01 4.181178163107555079e-01 4.143390451766792992e-01 4.200145432279528968e-01 4.219455030907971471e-01 4.232120242124641218e-01 4.019285243290778298e-01 4.051274167740168686e-01 4.139997328071023386e-01 4.124743835688327587e-01 4.142505373295249371e-01 4.157908614329893782e-01 4.155904173001391255e-01 4.167029969063868466e-01 4.120275916948969996e-01 4.100370157708514429e-01 4.196791348438667635e-01 4.244330973136380969e-01 4.185933618844494553e-01 4.199769126686625498e-01 4.177790180061582426e-01 4.226304881733283780e-01 4.190880211796020882e-01 4.158021888096019025e-01 4.176160953840988843e-01 4.190831034078878470e-01
1.148501581472595803e-02 8.953867828303208043e-02 2.182034716325876866e-01 3.552083260739187787e-01 2.328752371244268982e-01 1.000000000000000000e+00 4.711345247549404980e-01 4.326697882866183398e-01 4.856159448632873521e-01 4.283093511758867544e-01 4.765736231875057904e-01 5.046447953639771056e-01 4.686910991087558931e-01 4.298483084177648350e-01 5.265395466020981186e-01 5.191474556617982072e-01 4.706624400406724251e-01 4.694603828726687245e-01 4.783428473925114277e-01 4.517243415793048000e-01 4.688541456549666364e-01 4.965067137467775726e-01 4.913009868641211586e-01 4.831537223417926019e-01 4.990564414382111513e-01 5.226018698873911017e-01 5.193742861385955978e-01 5.211139161535839337e-01 5.106605755130432245e-01 5.348648280424180834e-01 5.372845194499233923e-01 5.241016132061434574e-01 4.963251697994657818e-01 5.140058163836291882e-01 5.140150903792721770e-01 5.197724730371968693e-01 5.312447896267913361e-01 5.327323533064877159e-01 5.378194769412175669e-01 5.160107212690783207e-01 5.416917635457669800e-01 5.297170392770690350e-01 5.337192645086757947e-01 5.435806953627958515e-01 5.404533417430799069e-01 5.324819639686488859e-01 5.377963045028981703e-01 5.416327362134983892e-01 5.391345628303656490e-01 5.227642603586452053e-01 5.350497207769647767e-01 5.257909521784145390e-01 5.371033599458228114e-01 5.311272465679250931e-01 5.316975831647718920e-01 5.316527655530175478e-01 5.226976113732736406e-01 5.384409934298574063e-01 5.392697616845317787e-01 5.353266728940569985e-01 5.395932021652081190e-01 5.327519747687837759e-01 5.269774968944509475e-01 5.325489404691031714e-01 5.414425865893014445e-01 5.349910716553583079e-01 5.412020589296936413e-01 5.411521979200734078e-01 5.415505857838481818e-01 5.458758170869019155e-01 5.449711697624989304e-01 5.459500983352886250e-01 5.351243913888793502e-01 5.381074869098794178e-01 5.451337358971077851e-01 5.432647435605673092e-01 5.440648303507618078e-01 5.411678172059266601e-01 5.453423200739083709e-01 5.459662554410946722e-01 5.427536348169597069e-01 5.434255768369770090e-01 5.433063905897643764e-01 5.434481221689242414e-01 5.423030316494121816e-01 5.402966994989718552e-01 5.448518694517052730e-01 5.457737768661976574e-01 5.441627805029163323e-01 5.383401226617462454e-01 5.455752316072860486e-01 5.480146352456589653e-01 5.473503763473557271e-01 5.446838622992279388e-01 5.461082283078877442e-01 5.441996199967750192e-01 5.363467779129527102e-01 5.348106118674035292e-01 5.432359983808213721e-01 5.454113118238610447e-01 5.443789459755332683e-01 5.454466423307349210e-01 5.413894434517615428e-01 5.435731570400026413e-01 5.418568624063772043e-01 5.367230548366693776e-01 5.428034428028999381e-01 5.420266099421406913e-01 5.419115348888905448e-01 5.456997002181356304e-01 5.439384192438797561e-01 5.435343631292096633e-01 5.412240143510509416e-01 5.421954317605423013e-01 5.438415745219356001e-01 5.395425648465069779e-01
5.032563943580439791e-02 1.361824248324927100e-01 3.156614031893522632e-01 5.203260333032846408e-01 3.606937713197124196e-01 4.711345247549404980e-01 1.000000000000000000e+00 6.948710400394250142e-01 7.490137515631111187e-01 6.760139969124627779e-01 7.472470777557711497e-01 7.827783683675814119e-01 6.915502494328836791e-01 6.576203463231254931e-01 8.174641397967390422e-01 7.997148239924656288e-01 7.235764608694545963e-01 7.017041266057136850e-01 7.232850929265789430e-01 6.919301826000745503e-01 7.114591312656542987e-01 7.636492368687102239e-01 7.643840125172547406e-01 7.427238350186425864e-01 7.458924728678514304e-01 7.940562690891403985e-01 7.822642889366706598e-01 8.011858609901294503e-01 7.928795098151365517e-01 8.181714370843345963e-01 8.253894451133718668e-01 8.070888343982006718e-01 7.583269633429273737e-01 7.905773973165627355e-01 7.937662549526205424e-01 7.765891130000777132e-01 8.010397827331771081e-01 8.202959951112748227e-01 8.173834344645488637e-01 7.792219750025383140e-01 8.166629934651726819e-01 8.134648195884850441e-01 8.159375092909444405e-01 8.273701716101351522e-01 8.112441222067346969e-01 8.220170527369377034e-01 8.204427819885462547e-01 8.224590833965822467e-01 8.209538110401812805e-01 8.077887255837348235e-01 8.259137310657813646e-01 7.947115223072944712e-01 8.076646648520674487e-01 8.187220494908684643e-01 8.239133887883138829e-01 8.163508983065878022e-01 8.148997333912032515e-01 8.229459564926157045e-01 8.245582850015423793e-01 8.238090429309009588e-01 8.256507988627472816e-01 8.257779715148902966e-01 8.223678298117351737e-01 8.209054441015952719e-01 8.172018624694422639e-01 8.204601178506123471e-01 8.259843821271934949e-01 8.213813895016590649e-01 8.288518279341712258e-01 8.306277687486557371e-01 8.154533004821055142e-01 8.232055077109040608e-01 8.181574216237034181e-01 8.144725972628484856e-01 8.296539197095218476e-01 8.296686469853905566e-01 8.260762488260944281e-01 8.286041978466855973e-01 8.283156884296730693e-01 8.234980932790001429e-01 8.234699298531696909e-01 8.272750543579594495e-01 8.280073828958889326e-01 8.229556156715673865e-01 8.185720668398648314e-01 8.233142367189294486e-01 8.225238212201906318e-01 8.283159185990494056e-01 8.263794257612627758e-01 8.236601846946580707e-01 8.225343865608009120e-01 8.300678295654495553e-01 8.261385103359841775e-01 8.301164017987765487e-01 8.259574507032462209e-01 8.286281445962228043e-01 8.190965518362282038e-01 8.175246734473420318e-01 8.230010559448138752e-01 8.266052550357908535e-01 8.242928498317443342e-01 8.269755335817619013e-01 8.216599416438398196e-01 8.294355184472759213e-01 8.207155312711543749e-01 8.226371441854173350e-01 8.267354117227030397e-01 8.281068995866341931e-01 8.285874094465522921e-01 8.278308012293876805e-01 8.272064564378571738e-01 8.276446037005472656e-01 8.281818294961525995e-01 8.250208359566193472e-01 8.259870535040574335e-01 8.244137582891677418e-01
3.253753513365327532e-02 1.054340216442352096e-01 3.072336924525562174e-01 5.117223965710067102e-01 3.674134515057952410e-01 4.326697882866183398e-01 6.948710400394250142e-01 1.000000000000000000e+00 6.993643794796514657e-01 6.310169017941246183e-01 6.985047111402924447e-01 7.345792168420612889e-01 6.495358717427273110e-01 6.207429626624609842e-01 7.635482706309701939e-01 7.621040361628629300e-01 6.885125593905029318e-01 6.638962927930298630e-01 6.965222216387518817e-01 6.276941211059607895e-01 6.820766731738886479e-01 7.242250817982163191e-01 7.192712421479697804e-01 6.939856430339442772e-01 6.997597063865199640e-01 7.507193862172333310e-01 7.361209533192889509e-01 7.488241073650279134e-01 7.390027460088604006e-01 7.734109839030681721e-01 7.749741318714242766e-01 7.604744651619986806e-01 7.113143712591724066e-01 7.441828829190999528e-01 7.482447418851220222e-01 7.359192924900399557e-01 7.575440987901661538e-01 7.794335460622902056e-01 7.805838937187447035e-01 7.386445384186588470e-01 7.653284181140066478e-01 7.700720207089377656e-01 7.754484612086957052e-01 7.799846936927979923e-01 7.645540483788637598e-01 7.756013172911477849e-01 7.748785314992471251e-01 7.783452491373085147e-01 7.790316301430291190e-01 7.767947506002188529e-01 7.885774010681287916e-01 7.499268702461669989e-01 7.631641400833731881e-01 7.772451281833027137e-01 7.777837645596593630e-01 7.740022398112534896e-01 7.824731213508292482e-01 7.821195792539774594e-01 7.844416504208503449e-01 7.794934959476127467e-01 7.822550617011700957e-01 7.822991098136143906e-01 7.811387574218989771e-01 7.832119173246235855e-01 7.717390309275951044e-01 7.767449313371158626e-01 7.771839433071180414e-01 7.766667670069281604e-01 7.754266261875997213e-01 7.841961730132405162e-01 7.738412960078726588e-01 7.774899773850607598e-01 7.666985280841797090e-01 7.706434767392841279e-01 7.796035364884197350e-01 7.792001413896285644e-01 7.778011962852044991e-01 7.772641306656513649e-01 7.787313479267490290e-01 7.766419538739651740e-01 7.773124749388035104e-01 7.822716272077443467e-01 7.828534920164681443e-01 7.789027696829271541e-01 7.770237293819287627e-01 7.744150248447553286e-01 7.737447336557801147e-01 7.837952376936984100e-01 7.815083956750755734e-01 7.787464816002683810e-01 7.751144528224965802e-01 7.812840424825052699e-01 7.783252313313513415e-01 7.834005836533133316e-01 7.774163038306001194e-01 7.811114094743772940e-01 7.850293451836118930e-01 7.829876527444029621e-01 7.822992687937923018e-01 7.826040102772454654e-01 7.793239325803831274e-01 7.830985894953303994e-01 7.795882000544351875e-01 7.859656533817508395e-01 7.737393074277826299e-01 7.815929063607335303e-01 7.834983896737861553e-01 7.809609211514255689e-01 7.832824483841899221e-01 7.817142469533985283e-01 7.854520020615151088e-01 7.815009661885105041e-01 7.843134089291172728e-01 7.837599194866504693e-01 7.785725595353505391e-01 7.791844378668251192e-01
7.930423443523750004e-02 1.680447589411506182e-01 3.366386094401952467e-01 5.230262892460434410e-01 3.787440121107751301e-01 4.856159448632873521e-01 7.490137515631111187e-01 6.993643794796514657e-01 1.000000000000000000e+00 7.284569756778757066e-01 7.980011669267099705e-01 8.257871459563892458e-01 7.438289544831069300e-01 6.905834039691508552e-01 8.483371736858892342e-01 8.341866660119099386e-01 7.929180349106526027e-01 7.278611352788093569e-01 7.696880714532805534e-01 6.954021614854855038e-01 7.479832023409753727e-01 8.118958859504981085e-01 8.023256329070717063e-01 7.794284776909925494e-01 7.936379751733677601e-01 8.377060388641669464e-01 8.245448651722769862e-01 8.289715378320766659e-01 8.181643387708859017e-01 8.608000823377733868e-01 8.715814855284660378e-01 8.397428535470213840e-01 7.775164938418577254e-01 8.175131909157383747e-01 8.216636570962326802e-01 8.188632300941877107e-01 8.452076439237100614e-01 8.518886000404565229e-01 8.575122394440196638e-01 8.034900261803912258e-01 8.642869606308317687e-01 8.544183317257763033e-01 8.531755681530681645e-01 8.646259750228718621e-01 8.599756287044055814e-01 8.587130802289412168e-01 8.703788400581126128e-01 8.808217751794301664e-01 8.712440343440949198e-01 8.432934740983892841e-01 8.662148201690960114e-01 8.496329024505714367e-01 8.612133366242844534e-01 8.765751083406740918e-01 8.659350182836671461e-01 8.618533050855720079e-01 8.722988327779448436e-01 8.671120051544267682e-01 8.666786842242854005e-01 8.847848982930917039e-01 8.752818095609918858e-01 8.787140419669824398e-01 8.691890004347826437e-01 8.748864781277440050e-01 8.822920677855804472e-01 8.813979442227808381e-01 8.778216876320268369e-01 8.722813335647372490e-01 8.716891212307789072e-01 8.708314780567623092e-01 8.665230102324333883e-01 8.763003586862335714e-01 8.645924422540143262e-01 8.652776515945624913e-01 8.753589172272907559e-01 8.751134047964497231e-01 8.722640296199568599e-01 8.705766018377947280e-01 8.733789382498979847e-01 8.751685799563639900e-01 8.734587199242336286e-01 8.782787799982679777e-01 8.776770778034819198e-01 8.699578610511438104e-01 8.592974640767530037e-01 8.651690453653532176e-01 8.689464595320881557e-01 8.715853660483899867e-01 8.737532763216080411e-01 8.710308588177559930e-01 8.640073058794435212e-01 8.741901491018208015e-01 8.745486116162505263e-01 8.747575634961731739e-01 8.763528221419172315e-01 8.791609220593775698e-01 8.569819170607948511e-01 8.672745401555658207e-01 8.729384136228479640e-01 8.716048142898560336e-01 8.706894909300132435e-01 8.746551486363307593e-01 8.725613550421262854e-01 8.752519044399413861e-01 8.731987950567623447e-01 8.757132916334681161e-01 8.787690853146457037e-01 8.791553382918463333e-01 8.771729186719987581e-01 8.776074276606103952e-01 8.742045073143694944e-01 8.834451181076101722e-01 8.802079440473553618e-01 8.773778335509148096e-01 8.842613350151719009e-01 8.838420499219077353e-01
7.212462228546086263e-02 1.532375939671086762e-01 3.053291337184554366e-01 4.746748753185494052e-01 3.711372223341512511e-01 4.283093511758867544e-01 6.760139969124627779e-01 6.310169017941246183e-01 7.284569756778757066e-01 1.000000000000000000e+00 7.202542654754757745e-01 7.482942090249824485e-01 6.779150862241275499e-01 6.335907043060411414e-01 7.737013050027833350e-01 7.606374666402143658e-01 7.248168155248773115e-01 6.621496257830531418e-01 6.970341164132192180e-01 6.145709359757168810e-01 6.698995929766935475e-01 7.237189971947667333e-01 7.313579775445693265e-01 7.088620764634300242e-01 7.140072062875123526e-01 7.492197331728458476e-01 7.485227340197843082e-01 7.538323670192279558e-01 7.368214914410913252e-01 7.868881986460847244e-01 7.915702854679427247e-01 7.719438074306682607e-01 7.121652353287476478e-01 7.519801593883937985e-01 7.580297919636911352e-01 7.514838409601344305e-01 7.714140817881645074e-01 7.784017005970946812e-01 7.857278564518411779e-01 7.406446321520279152e-01 7.914723475357160476e-01 7.833552553399021345e-01 7.843549767766585523e-01 7.911290161072508376e-01 7.832217360153812535e-01 7.923769878091492247e-01 7.954892653702547722e-01 8.065441329430711459e-01 7.955159911829898789e-01 7.693800940510384656e-01 7.914297694656181603e-01 7.758029132769816982e-01 7.847470015934365772e-01 8.031633170035342717e-01 7.909366487583593397e-01 7.895989222402101104e-01 7.960194754850802301e-01 7.931665555046438776e-01 7.968182344673376827e-01 8.034318527430749368e-01 7.994130618289428947e-01 8.010984684857247462e-01 8.009388286683049030e-01 7.910361647214025904e-01 7.968716589963910080e-01 8.035814777840539769e-01 8.045694811760667475e-01 7.970228482823212834e-01 7.990109967209265696e-01 7.909216556280950217e-01 7.885872106867376496e-01 7.979129825233015616e-01 7.920686166088559688e-01 7.894382587140000851e-01 7.974611654970932273e-01 7.984310941941494821e-01 7.968897329191946266e-01 7.928423949435494666e-01 7.970766560260275080e-01 8.010737521154053242e-01 7.985968565404112374e-01 8.020759079702830530e-01 8.026456929743943647e-01 7.970925601044076547e-01 7.873997769943443803e-01 7.961072990613206057e-01 7.982290939430524146e-01 7.979388857344870134e-01 8.021116992495933573e-01 7.973596946735697077e-01 7.931650989854898137e-01 8.005730289214727513e-01 8.002851115655240655e-01 8.004695849295743182e-01 8.016292547811394442e-01 8.050973829148081462e-01 7.870522973513963683e-01 7.884122956671297811e-01 7.989771143222396121e-01 7.965756365390160854e-01 7.990248729684310547e-01 8.012535553250831333e-01 7.965733735703368623e-01 7.988370415275446446e-01 7.997849210749408133e-01 8.018061065693206091e-01 8.029343708278332548e-01 8.053082405326666970e-01 8.011159829741841820e-01 8.051733707271421236e-01 8.016835697124514715e-01 8.055599651974728603e-01 8.052714538663401367e-01 8.010176124835348688e-01 8.050208096054308760e-01 8.048108158454644334e-01
1.938443069381096812e-02 1.491584314813765855e-01 3.479571107777764682e-01 5.452968615979335576e-01 3.752026364298235994e-01 4.765736231875057904e-01 7.472470777557711497e-01 6.985047111402924447e-01 7.980011669267099705e-01 7.202542654754757745e-01 1.000000000000000000e+00 8.457801078475409851e-01 7.514487576127696355e-01 6.954711313430718134e-01 8.606748256728943280e-01 8.397489797657228250e-01 7.723010281098113827e-01 7.580160538170277462e-01 7.812825436542842894e-01 6.932101770969532062e-01 7.616758354975529111e-01 8.153075664144495693e-01 8.199669593522812550e-01 7.939513313536928907e-01 8.044509747345814921e-01 8.529643146174179513e-01 8.421626817945161436e-01 8.553840433214150440e-01 8.227810731669354949e-01 8.780115522016344043e-01 8.879570912574167307e-01 8.627841016705686261e-01 8.082898543270709002e-01 8.518178307321857545e-01 8.486741377138435904e-01 8.471928388807637988e-01 8.734504282635083827e-01 8.735640234510316793e-01 8.758418383401129770e-01 8.515024938530574294e-01 8.796766934602787691e-01 8.835115319451503080e-01 8.781870496468459075e-01 8.840838805564951164e-01 8.810556317002558036e-01 8.823043667455229278e-01 8.830006527964511243e-01 8.892270229432222006e-01 8.864091357126132609e-01 8.619339217114837526e-01 8.853603384869824788e-01 8.675248851715308129e-01 8.720855418826336525e-01 8.826034111636300583e-01 8.817221722831377617e-01 8.810400738450905322e-01 8.812558599438817808e-01 8.845788876773996723e-01 8.859799661323052300e-01 8.858575364965132204e-01 8.906244814515222874e-01 8.855363689234980740e-01 8.843009226337661399e-01 8.791543590641406336e-01 8.809266796209554995e-01 8.895254595530208697e-01 8.908295433666357788e-01 8.875078536321312495e-01 8.895544582203511741e-01 8.834028753869458406e-01 8.806288068835651517e-01 8.879004085825292769e-01 8.792205249021884939e-01 8.822571947650407198e-01 8.913150454661087352e-01 8.888182944960942855e-01 8.894692568494443341e-01 8.822480447224120281e-01 8.861911736287847452e-01 8.888319113097957747e-01 8.901408495198691595e-01 8.936441522281265426e-01 8.909961847254159739e-01 8.867107417557310578e-01 8.807914206891278575e-01 8.867303784974890357e-01 8.894198804593342889e-01 8.891177147294687666e-01 8.895906949937874009e-01 8.910843992182559958e-01 8.905264660517141495e-01 8.928042910047656600e-01 8.913964635868377728e-01 8.935677741235427129e-01 8.907004642710601994e-01 8.926534072951579635e-01 8.793105285229442236e-01 8.753939015867786555e-01 8.882185412881445918e-01 8.900998697623009326e-01 8.920628010486690851e-01 8.923061557823240841e-01 8.886977276838028406e-01 8.923433870743592289e-01 8.910595469016283632e-01 8.858412190278263099e-01 8.892453314044778123e-01 8.923765546934515624e-01 8.921801940509624940e-01 8.903497097824466522e-01 8.910235490658111601e-01 8.923765644690746512e-01 8.917051913099998117e-01 8.881598100640598625e-01 8.901308793838647038e-01 8.905217676372120250e-01
1.192511916413503854e-02 1.470476859033913453e-01 3.466540550949918087e-01 5.696156052961723892e-01 3.989185173398316908e-01 5.046447953639771056e-01 7.827783683675814119e-01 7.345792168420612889e-01 8.257871459563892458e-01 7.482942090249824485e-01 8.457801078475409851e-01 1.000000000000000000e+00 7.796069319230447547e-01 7.329157809545571167e-01 8.961390515129729062e-01 8.817333718333163484e-01 8.041867137365122931e-01 7.618878685653406313e-01 8.065108877797938502e-01 7.153830533152065740e-01 7.805937972046972373e-01 8.490687278603166188e-01 8.493273048761327271e-01 8.153759296165804527e-01 8.306225320711654314e-01 8.875422095679568191e-01 8.718497274636538563e-01 8.862169240168533690e-01 8.536434364024461097e-01 9.131368398726985580e-01 9.202290029087740741e-01 8.911666102735561479e-01 8.314945509392489553e-01 8.711038448013136426e-01 8.812685680007792399e-01 8.728271775052606207e-01 9.042375492898576672e-01 9.087903757965932749e-01 9.141005263340611364e-01 8.689819478613350912e-01 9.171873095405513876e-01 9.096586712033818412e-01 9.091929093222504976e-01 9.188300775460703784e-01 9.111228742103159028e-01 9.164408344687385854e-01 9.233490026529093120e-01 9.264361034132962969e-01 9.221127283752927895e-01 8.993740147461880552e-01 9.196915341257012599e-01 8.940542327888189034e-01 9.079348121512929026e-01 9.200885222301048438e-01 9.154296179073847517e-01 9.102752230987685156e-01 9.126669458697329596e-01 9.220199262269718199e-01 9.228733154814557915e-01 9.254375742271812033e-01 9.263016445489051787e-01 9.242647538270080121e-01 9.222163647042267431e-01 9.222141507511869563e-01 9.168215214312059880e-01 9.226533635990686877e-01 9.269832857721699293e-01 9.242045639889711062e-01 9.252832867891184199e-01 9.197186997058591773e-01 9.149443599743433131e-01 9.256738303962707137e-01 9.139662844349478732e-01 9.140323079540366713e-01 9.286384822861157851e-01 9.267509486275971042e-01 9.231077316057147986e-01 9.192376588102438850e-01 9.238648903340909158e-01 9.280959798799166549e-01 9.269099487303491536e-01 9.311684139508655811e-01 9.265141964534410191e-01 9.245218672838743101e-01 9.169415814929388064e-01 9.214605273369007588e-01 9.250673153867894349e-01 9.279343499739517442e-01 9.287685753836759650e-01 9.242027301540580719e-01 9.225203108166444288e-01 9.288413334499310281e-01 9.275449564733948549e-01 9.297026825864912469e-01 9.290078791015620174e-01 9.313898913544259583e-01 9.174419477522169908e-01 9.190163747750381695e-01 9.276746360478755893e-01 9.275519232195054142e-01 9.279661129436822531e-01 9.294495985159908491e-01 9.269374039302593626e-01 9.299868332098060186e-01 9.260498138837083282e-01 9.246881291819317727e-01 9.305701107859516430e-01 9.311143045327221479e-01 9.306441366083395561e-01 9.289611704631138833e-01 9.294508682932955956e-01 9.318166284702165125e-01 9.309701487644118645e-01 9.286054519471365065e-01 9.268696320590718019e-01 9.288684522420441736e-01
3.254468346775099552e-02 1.483425056175737555e-01 3.239346991361576333e-01 5.116822481838577685e-01 3.510671940333437435e-01 4.686910991087558931e-01 6.915502494328836791e-01 6.495358717427273110e-01 7.438289544831069300e-01 6.779150862241275499e-01 7.514487576127696355e-01 7.796069319230447547e-01 1.000000000000000000e+00 6.532373212688014075e-01 8.070642191907447804e-01 7.954963339048497506e-01 7.247954528836022536e-01 6.961023118763262074e-01 7.306398430225401475e-01 6.471140206615899615e-01 7.139310353777652551e-01 7.582984959801114533e-01 7.528487364809222093e-01 7.394813206461585686e-01 7.501523099850525567e-01 7.902935618495187109e-01 7.700322707936121391e-01 7.804940992969442437e-01 7.679206989118007032e-01 8.113612223683175362e-01 8.183624392668586989e-01 7.973969512153908923e-01 7.380422631631773367e-01 7.765138126406821995e-01 7.781195568088257186e-01 7.849871718353480521e-01 8.050049587657728267e-01 8.088304631720948379e-01 8.128120640389413509e-01 7.707135904183276542e-01 8.159407172362308502e-01 8.153429181111372381e-01 8.097205648454738336e-01 8.139725187913668947e-01 8.126159378692261459e-01 8.139595154340194538e-01 8.245098776259252027e-01 8.269228252110094601e-01 8.238352212294904886e-01 7.986562696978166676e-01 8.236224850499300754e-01 7.965941456534995080e-01 8.121561815532768458e-01 8.204059934659845288e-01 8.181312055346997569e-01 8.115113229712057619e-01 8.130392850155923057e-01 8.235160373383439980e-01 8.222026855345635488e-01 8.263596947178265539e-01 8.284553684620431513e-01 8.237624757819155263e-01 8.211033479433947901e-01 8.189960267121125792e-01 8.188343060702673037e-01 8.221862298795697965e-01 8.287334827023353778e-01 8.284279737551027978e-01 8.256702779991484942e-01 8.240977116072222275e-01 8.234584135727256449e-01 8.294728497083132535e-01 8.200967201833011533e-01 8.223155302883176088e-01 8.308860300365461526e-01 8.266188251441191071e-01 8.250201111711679136e-01 8.234135412983274449e-01 8.285516263567105355e-01 8.281846144514346530e-01 8.261085464441949577e-01 8.312565522412718177e-01 8.263056984073325895e-01 8.243611300410563780e-01 8.204844178133677834e-01 8.248114944921228764e-01 8.272136940846789299e-01 8.279043781627610787e-01 8.285403565454888541e-01 8.266868259599243762e-01 8.247627588132305787e-01 8.307303261150899010e-01 8.280270593975704863e-01 8.298298393402698814e-01 8.309191430194542427e-01 8.321529949455103159e-01 8.205081371384440603e-01 8.172066331867443578e-01 8.271684839139270551e-01 8.295600808590940511e-01 8.284928407997542710e-01 8.301332063232126357e-01 8.248598134465154885e-01 8.310172401773636697e-01 8.244375151614515840e-01 8.248413126208681279e-01 8.289327201214790053e-01 8.304019863340859064e-01 8.302169844570967960e-01 8.283742180199553662e-01 8.297081643766300862e-01 8.317350098359841404e-01 8.309528069737662781e-01 8.274283493618294072e-01 8.273549225665935980e-01 8.275197149465813862e-01
