1.000000000000000000e+00 5.824813630069456544e-02 1.553671082965830952e-01 7.415819547551719126e-02 -4.632092055880970838e-03 3.969219537554455335e-02 4.789690455076214826e-02 6.106484442105819532e-03 1.163606093132361075e-01 -1.416124067945079452e-02 2.130898882010463097e-02 2.760123619624554187e-02 2.239592102364322893e-02 1.370236558112847454e-02 2.296341296585666537e-03 4.262441293486926228e-03 4.153432100150222100e-02 3.479697001957331171e-02 2.419589009855973791e-02 3.727595556139960686e-02 1.934081039216087317e-02 3.467813959715201205e-02 6.264236349012722305e-02 3.335053991132072571e-02 3.174582197594971733e-02 6.204464578404000202e-02 6.777771982242380977e-02 5.166324424427279349e-02 4.992150198951850887e-02 5.090374389042004455e-02 2.891992343890586320e-02 4.769246578683552368e-02 2.765125772728583772e-02 2.978520050177571252e-02 4.404258537933461448e-02 2.596751939203969378e-02 4.250599218112681432e-02 2.661782269241355636e-02 8.557730064101272405e-03 -1.701604942141766736e-04 2.444751058949045514e-02 5.457723136679872543e-03 1.611021816090787420e-03 1.691536627294543127e-02 1.641099274839079043e-03 8.001288169614196449e-03 5.283446457129198880e-03 1.846093608106565490e-02 1.647621298574792476e-02 2.251638454340252130e-02 1.715205542648211984e-02 5.208365718395203091e-03 5.182019707190553028e-03 1.342306962876811498e-02 -4.313509353463047986e-03 1.392043605947971066e-02 2.664672411962866819e-02 7.885070210010279232e-03 8.113249475834640248e-03 1.747675375363214739e-02 1.461682233105307538e-02 1.497139677006975936e-02 8.158207119267185106e-04 2.001135517354531504e-02 2.199769352317462734e-02 1.345522205869226218e-02 2.203609997916495741e-02 9.454717889375062814e-03 1.811243984302530335e-02 1.427007395139491021e-02 1.097942896020717360e-02 1.397214518814487300e-02 1.261450603811430787e-02 1.454402145954959528e-02 1.937247551652972882e-02 2.343254562149727285e-02 1.869358576558456664e-02 3.210879519611143512e-02 1.241818298554430919e-02 2.096969026215654910e-02 2.084379939749858579e-02 1.120141909740471169e-02 1.833700558448968579e-02 3.018857864354075604e-02 1.042234810759413814e-02 9.563293275887814818e-03 7.299280459081331981e-03 7.417840006119084603e-03 8.957859508366181056e-03 1.236324723204250756e-02 9.861392390549651721e-03 4.071394707154694925e-03 2.703758162656027652e-03 8.809069516098343849e-03 1.460235250369098115e-03 1.884088558025896407e-02 6.507910449043974310e-04 1.943938109197516917e-02 7.138629016808286168e-03 1.141680121409711750e-02 -6.256749451872957273e-04 1.004359557083325458e-02 3.936579262837460076e-03 4.972986863332894310e-03 9.605991059603797080e-03 1.784600085812653586e-02 8.423166627196094700e-03 3.252312428853661175e-03 9.395684722853786660e-04 1.153234361389090731e-02 6.977579579719511357e-03 1.078702892608300601e-02 9.944157232780949374e-03 1.108465651064804124e-02 1.317892276369721054e-02 5.066040885825688796e-03
5.824813630069456544e-02 1.000000000000000000e+00 8.539431601796861060e-02 1.454786661751786558e-01 7.378625004319384895e-02 1.226422144888384830e-01 1.743838130129288511e-01 1.663805650652547541e-01 1.562980489845336440e-01 1.877011090904552315e-01 1.562613779451690332e-01 1.541746780779753578e-01 1.503959101466538772e-01 1.426580515408811256e-01 1.805264336914217116e-01 1.755532177885238965e-01 1.499800222606758882e-01 1.524112528339057748e-01 1.577163263443301378e-01 1.572350942846406363e-01 1.709185828440955568e-01 1.863169099666531769e-01 1.517379541562021705e-01 1.245842373369642347e-01 1.606935937366182898e-01 1.757714216200216562e-01 1.583401337893752536e-01 1.787331316320496244e-01 1.722283634045905509e-01 1.720960612975003523e-01 1.869746310143113877e-01 1.629001878519424906e-01 1.456500850929572655e-01 1.378616192581996469e-01 1.512739077180871861e-01 1.377730431552268708e-01 1.687803045793528356e-01 1.714120101429381648e-01 1.565286022252844467e-01 1.606283400117411442e-01 1.597450846888684717e-01 1.643638568412958412e-01 1.466694143295768360e-01 1.713486002548519904e-01 1.643714165460757326e-01 1.653753680228265965e-01 1.719253120938743773e-01 1.675414128852337481e-01 1.777031576400201485e-01 1.625359090801862527e-01 1.722392698955758639e-01 1.550558298022711168e-01 1.649030155874676717e-01 1.751647658966787036e-01 1.708115341918373387e-01 1.700379032174254568e-01 1.809187291818990795e-01 1.653899583003971552e-01 1.838784298035346099e-01 1.786314509708410436e-01 1.677126201775198389e-01 1.799699795596179930e-01 1.720129359946035164e-01 1.757979945607008598e-01 1.777642830613747893e-01 1.812821430293622416e-01 1.677826314451438816e-01 1.655153817581824227e-01 1.662875299810461782e-01 1.686615756154680457e-01 1.715603341868852660e-01 1.722745690658800399e-01 1.532894271402284181e-01 1.651932015878610771e-01 1.713479425416424839e-01 1.687384616811919980e-01 1.708565230374287924e-01 1.745176480319629853e-01 1.703305945904537988e-01 1.691598755091657802e-01 1.689800103073982041e-01 1.743169506863409546e-01 1.645585034049047712e-01 1.583840602838244294e-01 1.506210622994308412e-01 1.512769392389323730e-01 1.637545089080174598e-01 1.677530690101849686e-01 1.614434718473313213e-01 1.654948507903995225e-01 1.591506602986647867e-01 1.625763344894424201e-01 1.638010941874828152e-01 1.660273349115074237e-01 1.572735264466826599e-01 1.577344959563329319e-01 1.478649497019824399e-01 1.651248435219979105e-01 1.606497249238929559e-01 1.596607053435390722e-01 1.510085109384601276e-01 1.592595704070800811e-01 1.603430924100560928e-01 1.590413496748940558e-01 1.595314111599458740e-01 1.676956855733247875e-01 1.628070380080479940e-01 1.634795265543546594e-01 1.608761968672305365e-01 1.641891595746766130e-01 1.640485898045169755e-01 1.678457599840816328e-01 1.671430516420491785e-01 1.613328002777695558e-01 1.693976512724388039e-01 1.685426431875468867e-01
1.553671082965830952e-01 8.539431601796861060e-02 1.000000000000000000e+00 4.288659824755592931e-01 1.393977709403708409e-01 2.571371724610621023e-01 4.275264989946019889e-01 3.761200624879668664e-01 3.011804063890649030e-01 2.271719052371306280e-01 3.625097612130570024e-01 3.599836053881875775e-01 3.442564688107726534e-01 3.084276326929513701e-01 3.637559430634100810e-01 3.492923344574972999e-01 3.175039362640281193e-01 4.918108895039105533e-01 4.337964809015612544e-01 4.959132872435841888e-01 4.459550288730528278e-01 4.511752470951005400e-01 5.257899764481409610e-01 4.949556875528335897e-01 4.729238735562016904e-01 4.678842404149643475e-01 4.537443354515989791e-01 4.706086730772834348e-01 4.536985034148418583e-01 4.466427650729470344e-01 4.265955547862189667e-01 4.581643077503244066e-01 4.287933763774526286e-01 4.746488689066356015e-01 4.549998864574583135e-01 4.309118967263805833e-01 4.512700553923900126e-01 4.488763805555059383e-01 4.216118756293414371e-01 4.397220664388354350e-01 3.641093549368197846e-01 3.821045517008167525e-01 4.228250373978478804e-01 4.127686032051886000e-01 4.033609133914559663e-01 4.061773973153910422e-01 3.292803938499583305e-01 3.331045140665369608e-01 3.453488275548411424e-01 4.173130237514946494e-01 3.874625811247331963e-01 3.957058449088129981e-01 3.737912171550550333e-01 3.155394293701855313e-01 3.306759459655340128e-01 4.215227584357579271e-01 3.597397019095345816e-01 3.390078585423572655e-01 3.461037163150102458e-01 3.277049432142841723e-01 3.425906097283837881e-01 3.424616985507967781e-01 3.453514228749171577e-01 3.513739717820112962e-01 3.364317699546285345e-01 3.439950342904508629e-01 3.388045119407519512e-01 3.646328145214923766e-01 3.880050213662782355e-01 3.881400328385243848e-01 3.757085799225383660e-01 3.693881951382343432e-01 3.912347441099668366e-01 4.084383260792253667e-01 3.703322867754931247e-01 3.772673326912944769e-01 3.797352794145708033e-01 3.885668012745098765e-01 3.716229640376407795e-01 3.821915195430667378e-01 3.859815422685015651e-01 3.670325704904651154e-01 3.767247413530787625e-01 4.108426162398932657e-01 3.966477847605273666e-01 3.975487357552588419e-01 3.815067579506943307e-01 3.834870382992286997e-01 3.803289410217525202e-01 3.755054461163581658e-01 4.054725386198331227e-01 3.530024518967860292e-01 3.582163477037456634e-01 3.705429723782591722e-01 3.205730529802149342e-01 3.288861627186124847e-01 3.890651344381495513e-01 3.735939234712640222e-01 3.562886321921975297e-01 3.704901709887119532e-01 3.702573143611239681e-01 3.659270469392461589e-01 3.389530531158587157e-01 3.473010961163070509e-01 3.658457570964224193e-01 3.512950022221189572e-01 3.309783389418860522e-01 3.191143580980422834e-01 3.374070851117603187e-01 3.369820346046398796e-01 3.548962183241219370e-01 3.272246290031360916e-01 3.432800619317024071e-01 3.539582569095343079e-01 3.439409329969711493e-01 3.285933871313654886e-01
7.415819547551719126e-02 1.454786661751786558e-01 4.288659824755592931e-01 1.000000000000000000e+00 2.973248675493666560e-01 4.337908786451233345e-01 6.708711240059562764e-01 6.231223179168794424e-01 5.382545687675563961e-01 5.190719407934408780e-01 6.294190013116280902e-01 6.720715862306857469e-01 5.828847502890022181e-01 5.733436819691624109e-01 6.654842503998685821e-01 6.563854035621813354e-01 5.953777569916015588e-01 6.756681756881576240e-01 6.735080585927859520e-01 6.575154984457900476e-01 6.865742968090421394e-01 6.805195259294818388e-01 6.703291806955705701e-01 6.411857723814731180e-01 6.856131944928232080e-01 7.287464544626284235e-01 7.095521042014238944e-01 7.235204871454710140e-01 7.136325157996853408e-01 7.100740470144814021e-01 7.094646288778885257e-01 7.037735173099394226e-01 6.884401002681380666e-01 6.890693986401665860e-01 6.984825716706025700e-01 6.748777014850725342e-01 6.958403779749118279e-01 7.121003141525032998e-01 6.996693518147160118e-01 7.013023771068429557e-01 6.643680362392161420e-01 6.763139720721105252e-01 7.105160302457061983e-01 7.119042945917902765e-01 6.904435650077237474e-01 6.974291135223162907e-01 6.431387374386395850e-01 6.389205297171571818e-01 6.602730795556489563e-01 6.971819831804152434e-01 6.872515848576921105e-01 6.841817691411429259e-01 6.835291282128648227e-01 6.398974209734221708e-01 6.527116345920598306e-01 7.021417175741470063e-01 6.704548713383283731e-01 6.517123548551605472e-01 6.590339841535912679e-01 6.476051565810521105e-01 6.533872606119026649e-01 6.576335281513007169e-01 6.658365188664278067e-01 6.680855030353046731e-01 6.444466531751581462e-01 6.541311987353433111e-01 6.379046242874910622e-01 6.625774630605928417e-01 6.721171034082668028e-01 6.759804453453772677e-01 6.708567428858582815e-01 6.646275576089888393e-01 6.603936448782060653e-01 6.816493485057525392e-01 6.707470565138921037e-01 6.682065240820181939e-01 6.747457816443827028e-01 6.806242727102682633e-01 6.671326140632650725e-01 6.748572059794799571e-01 6.718199517122016573e-01 6.703456702706136472e-01 6.663626587837111481e-01 6.800551561366072750e-01 6.784420328028881730e-01 6.709306395446829052e-01 6.690864643586518223e-01 6.731046358360244231e-01 6.731719806107936410e-01 6.656585080489582085e-01 6.835555594193226669e-01 6.609908767554215636e-01 6.614149042378569820e-01 6.707434189413457037e-01 6.316503865663516404e-01 6.359410585269017480e-01 6.791923763807987680e-01 6.735712300720130274e-01 6.591805132528153477e-01 6.643885498861744621e-01 6.726576024016813760e-01 6.635473487738600129e-01 6.577571026559605460e-01 6.576633340640540837e-01 6.654821891321767158e-01 6.596289068446872239e-01 6.440861880546590035e-01 6.335185039175698085e-01 6.507499554498220595e-01 6.486248000118981505e-01 6.604087606624893247e-01 6.425140865044165484e-01 6.543488341926848584e-01 6.577403705882542972e-01 6.537649112543788554e-01 6.469371685786757809e-01
-4.632092055880970838e-03 7.378625004319384895e-02 1.393977709403708409e-01 2.973248675493666560e-01 1.000000000000000000e+00 3.550238665361462598e-01 3.949682920867327862e-01 4.130903507559927634e-01 4.666501305449671233e-01 4.582264405973601740e-01 4.501038932315391539e-01 4.871007838490741260e-01 4.983599532152340750e-01 4.677675410370462084e-01 5.150272200169798698e-01 4.816909004065244582e-01 4.927446000361678236e-01 3.834893518977287030e-01 4.404510810697462309e-01 3.538414590557495965e-01 4.038783391334251349e-01 4.465375671147083780e-01 3.619848880625016752e-01 3.757048633136543248e-01 4.185984743304112521e-01 4.486964847133017020e-01 4.518588121270561420e-01 4.559768699145745896e-01 4.496906713923283228e-01 4.505710215080522274e-01 4.704651806268446146e-01 4.655174462496485255e-01 4.592590855719747567e-01 4.420394481474205217e-01 4.395071801039447390e-01 4.645132382260123149e-01 4.620907427698732195e-01 4.713621271041559257e-01 4.757169581094023436e-01 4.503231793277568396e-01 5.090299202972078385e-01 5.118844255244682229e-01 4.836441366487946869e-01 5.042635262191726975e-01 5.013661757457630319e-01 4.928905712861784694e-01 5.312817853931214307e-01 5.305852649822824230e-01 5.194319703637324537e-01 4.720944715802862235e-01 4.955674291653086594e-01 4.880462215036572848e-01 4.996006318991212947e-01 5.319714329248125262e-01 5.182540505330383018e-01 4.945008334211361545e-01 4.992612029305907306e-01 5.287452428436729690e-01 5.151647760965203382e-01 5.355007543645955437e-01 5.264472961720505495e-01 5.191117753651551814e-01 5.101919514685292478e-01 5.117856851379949390e-01 5.322542625322187471e-01 5.248898700199727818e-01 5.344483402911650582e-01 5.245830216530917856e-01 5.191254504156894711e-01 5.154615495491911004e-01 5.189129269322814153e-01 5.210540642543939338e-01 5.183801395845820670e-01 5.047965362963680036e-01 5.219888113244364192e-01 5.232635935966244434e-01 5.167350811303268454e-01 5.108902675545912153e-01 5.212779985520309411e-01 5.194342347797563653e-01 5.174218653225921560e-01 5.216994480274974588e-01 5.225071945668744444e-01 5.117837717462198066e-01 5.102781399572587917e-01 5.174197548080547993e-01 5.221882301941863647e-01 5.182643718756061446e-01 5.190493249948602283e-01 5.228107674198434474e-01 5.088731764830675131e-01 5.268392647708122212e-01 5.258213878153780163e-01 5.232573379766871646e-01 5.355657874320095546e-01 5.337587127597737124e-01 5.038844389653365230e-01 5.041666565204340200e-01 5.243903922113580807e-01 5.225115190570853718e-01 5.219356468254909842e-01 5.210068516964895258e-01 5.234725834189157823e-01 5.337042255996699014e-01 5.238280693140314748e-01 5.176090202461092193e-01 5.283132156937788704e-01 5.363217130792659049e-01 5.281771873342709922e-01 5.307206978118019780e-01 5.234007340999965452e-01 5.365680850635282662e-01 5.263800057863340376e-01 5.236354971488912380e-01 5.313293349446729374e-01 5.317544049248748017e-01
3.969219537554455335e-02 1.226422144888384830e-01 2.571371724610621023e-01 4.337908786451233345e-01 3.550238665361462598e-01 1.000000000000000000e+00 5.556604022385682740e-01 5.288525967587055510e-01 5.747754282781943891e-01 5.551562183282621188e-01 5.821686753961422545e-01 6.074090871183944751e-01 5.740988862027792683e-01 5.835225316879092405e-01 6.307648131404787195e-01 6.108135454638363715e-01 5.949263077824139545e-01 5.494232530321073726e-01 5.821403121786777879e-01 4.987401502601990222e-01 5.602202024067549635e-01 6.074652986897107754e-01 5.306880990155062872e-01 5.278364132276128773e-01 5.791477804974940469e-01 5.944651208471972703e-01 5.919165287641982021e-01 6.158232321326673198e-01 6.085760891468703360e-01 6.025765764801239710e-01 6.144811235477515288e-01 6.146155384790080722e-01 6.154351675725984183e-01 5.997085239983919180e-01 6.008773581077025971e-01 5.956376524941696671e-01 6.189858217096756432e-01 6.232449362036835971e-01 6.227817738307229734e-01 6.124417806835300571e-01 6.452444072175074208e-01 6.463912749558321513e-01 6.280242455425537607e-01 6.379471252909931778e-01 6.396920104744231450e-01 6.358568573364187237e-01 6.481107902469882553e-01 6.531792464200979476e-01 6.410434301309436700e-01 6.149809504187078169e-01 6.319091311193300031e-01 6.229818398949715785e-01 6.355983282898844955e-01 6.449803058016368995e-01 6.323236260853202229e-01 6.369856571064356210e-01 6.227564664650651061e-01 6.461807466635376418e-01 6.375975320759866838e-01 6.477424925505820275e-01 6.463654640157403541e-01 6.404961630299569331e-01 6.368201088601335158e-01 6.337320693312761266e-01 6.473839608599485373e-01 6.437061042560846547e-01 6.498038733139088752e-01 6.528521953473024331e-01 6.549462803873586925e-01 6.462962578989344120e-01 6.512082702957437963e-01 6.520857010246060570e-01 6.501421831252073291e-01 6.461072414777612183e-01 6.490706811089461681e-01 6.530720393504019228e-01 6.509576859359315071e-01 6.469406792879003332e-01 6.540118948080175798e-01 6.496365340527774368e-01 6.532586011144358995e-01 6.504032425190993116e-01 6.509112023232275224e-01 6.527171175441019990e-01 6.469862079569989044e-01 6.516423752887158249e-01 6.559827437438465747e-01 6.531138153183594364e-01 6.544634117727180511e-01 6.531631344020908392e-01 6.528808329756482509e-01 6.539552365468115358e-01 6.531160683947461187e-01 6.534596876120126741e-01 6.486250400973165853e-01 6.498084306340324856e-01 6.396991418689090825e-01 6.251643778386525296e-01 6.490481317587993848e-01 6.501171261994337369e-01 6.498723710525337038e-01 6.456870550492339600e-01 6.466293849491364654e-01 6.512856363270387305e-01 6.507364301781761728e-01 6.344572826609469196e-01 6.437262436929634957e-01 6.482367018954215965e-01 6.475563851878590738e-01 6.485093722680818074e-01 6.486836486867404439e-01 6.488707898505781113e-01 6.459097166777706400e-01 6.459051889039904015e-01 6.500275834236987071e-01 6.470764459753821640e-01
4.789690455076214826e-02 1.743838130129288511e-01 4.275264989946019889e-01 6.708711240059562764e-01 3.949682920867327862e-01 5.556604022385682740e-01 1.000000000000000000e+00 7.722494088053044603e-01 6.925891550031976207e-01 6.679014251407113800e-01 7.660438501875629358e-01 8.243576332389520589e-01 7.586695422020793833e-01 7.280489687928686227e-01 8.545886478181319301e-01 8.269842727085021661e-01 7.498694982078479843e-01 7.867982344986704790e-01 8.076998511674388093e-01 7.570057521083481955e-01 8.054983813187225339e-01 8.202252334954356350e-01 7.643541056692783053e-01 7.332336914345566337e-01 8.067075651310621209e-01 8.737552235212830976e-01 8.569656267525552762e-01 8.708510018441499856e-01 8.532613332761482816e-01 8.465675630542836005e-01 8.620299993503092173e-01 8.415074245091357374e-01 8.443828085485102219e-01 8.181126679165443560e-01 8.399626007088001334e-01 8.142455433864910219e-01 8.460666374231147202e-01 8.720587096715882724e-01 8.587921674345615486e-01 8.628161265018625681e-01 8.365630611027307095e-01 8.480630886307988225e-01 8.627201444463230562e-01 8.685685396325277807e-01 8.552284111891816920e-01 8.634020694001515173e-01 8.164795384304640580e-01 8.148766008555144991e-01 8.304785161186951647e-01 8.412659823440205020e-01 8.536361436306447725e-01 8.191538228462837967e-01 8.410189999072734679e-01 8.117283415085557730e-01 8.229067404693696242e-01 8.636749099752814018e-01 8.293830139817415237e-01 8.263232110577428680e-01 8.368826407149166924e-01 8.223001028390437561e-01 8.233583678703889630e-01 8.330766889637338801e-01 8.320987750673864980e-01 8.337596409148367860e-01 8.126174728985501305e-01 8.169823126497881560e-01 8.128148745882554094e-01 8.298886826181214316e-01 8.371344226791388454e-01 8.387320990058515502e-01 8.352065646828299439e-01 8.320283320809390704e-01 8.183437623400215966e-01 8.357423388671978426e-01 8.427357967832541652e-01 8.388835624705247573e-01 8.502158280039154858e-01 8.465908044128517274e-01 8.372897207232226080e-01 8.380974340749109963e-01 8.401113227434751085e-01 8.367560889448711903e-01 8.343460411800466270e-01 8.467421899754307146e-01 8.409122338844714495e-01 8.314783041879523218e-01 8.372419782907802865e-01 8.458659644167697556e-01 8.445195021444166228e-01 8.371615398682322740e-01 8.547839043838121320e-01 8.353162343826382452e-01 8.346614922284053550e-01 8.422264661689619070e-01 8.076578521347131945e-01 8.096144425587600280e-01 8.437865469556823372e-01 8.303052201794330900e-01 8.290722967632928597e-01 8.338608310562251047e-01 8.392197840317396906e-01 8.312147917168335454e-01 8.246268560887967114e-01 8.297753431103045418e-01 8.299083182343791609e-01 8.259708255466943205e-01 8.178011210603657322e-01 8.088452528270255737e-01 8.258962557916508240e-01 8.214720236665331576e-01 8.337972733290832661e-01 8.165753527161503378e-01 8.260787879084691143e-01 8.268731866344926074e-01 8.235727564048843652e-01 8.148642539529135087e-01
6.106484442105819532e-03 1.663805650652547541e-01 3.761200624879668664e-01 6.231223179168794424e-01 4.130903507559927634e-01 5.288525967587055510e-01 7.722494088053044603e-01 1.000000000000000000e+00 6.800141354133149019e-01 6.666956736002666029e-01 7.344319659986540128e-01 7.954208166908536271e-01 7.369872636296364021e-01 7.147520138361433961e-01 8.248904180086754634e-01 8.067019813202561673e-01 7.371593179087279069e-01 7.578484302566165232e-01 7.809464276294844076e-01 7.203581080636195511e-01 7.874395840916825762e-01 7.916099564007277323e-01 7.273160801890571348e-01 7.105209848802475081e-01 7.729018360784063457e-01 8.264794859750694833e-01 8.094840650801871096e-01 8.217624551647108033e-01 8.095453892874071578e-01 7.975334638310480617e-01 8.185565465470617807e-01 8.204892480071211969e-01 8.022567318919325841e-01 7.908293499630270063e-01 7.980248806452636678e-01 7.874339254589149961e-01 8.031738128085137429e-01 8.379682923626440294e-01 8.252282720387037473e-01 8.193652686968089238e-01 8.082217603801704620e-01 8.200418087216646557e-01 8.332390509147100666e-01 8.426723362018410102e-01 8.256814126969599377e-01 8.343778692793696328e-01 8.060726342249709964e-01 7.975896831730380221e-01 8.155919162810396639e-01 8.314763196214282059e-01 8.361310578463918564e-01 8.136124704203168134e-01 8.244555663799566503e-01 7.984821396213991340e-01 8.104498829846003005e-01 8.343664065914057071e-01 8.187626064385328251e-01 8.105570715676942983e-01 8.174705422652351894e-01 8.073452542935711795e-01 8.152888376488647282e-01 8.185779233053314119e-01 8.224482560203395520e-01 8.215275193527086239e-01 8.010760259639350123e-01 8.104041151932291909e-01 8.016612160418581379e-01 8.177005987763015238e-01 8.193322882445388533e-01 8.211768863866730772e-01 8.228957761370243595e-01 8.181326594954866360e-01 8.059051912995318645e-01 8.169704858583030083e-01 8.205108496332332857e-01 8.135319698953463741e-01 8.224230136208833253e-01 8.204587446865043709e-01 8.158609724901122462e-01 8.124702925811272403e-01 8.148896150088322798e-01 8.145491035832432836e-01 8.181052931192029920e-01 8.172820879585891429e-01 8.242768170111830495e-01 8.157194315510377658e-01 8.155450465584026531e-01 8.283124818350371399e-01 8.239255704147565584e-01 8.198741783982758102e-01 8.251663193141394181e-01 8.168053716099081818e-01 8.170224807815931189e-01 8.230415085872171410e-01 7.982732161235071011e-01 7.968572957195877438e-01 8.296554938635406495e-01 8.249132620802005489e-01 8.196548552375251262e-01 8.232618544691733264e-01 8.232715081991689443e-01 8.229697756245973883e-01 8.136035054765549113e-01 8.181497389308939328e-01 8.185473156759716096e-01 8.162594289535345382e-01 8.089446359015343146e-01 7.971870413509767328e-01 8.104691214767428820e-01 8.097841692991510909e-01 8.198344561548790432e-01 8.051622167218045467e-01 8.139895197615126810e-01 8.176318288008396218e-01 8.121338320890014728e-01 8.074632948296313062e-01
1.163606093132361075e-01 1.562980489845336440e-01 3.011804063890649030e-01 5.382545687675563961e-01 4.666501305449671233e-01 5.747754282781943891e-01 6.925891550031976207e-01 6.800141354133149019e-01 1.000000000000000000e+00 7.216783894742663241e-01 7.667619878026825653e-01 8.179737823536815666e-01 7.667615185676581735e-01 7.761063149986213716e-01 8.221606199538844528e-01 7.916344894199577320e-01 8.239325885458143039e-01 6.652222997940429039e-01 7.381741387940237153e-01 6.137479935739915682e-01 6.891732220159543232e-01 7.586077666479935644e-01 6.332433068096519069e-01 6.221504729404615519e-01 7.130884688151157835e-01 7.652664661629444698e-01 7.785658301271684012e-01 7.761646852018923015e-01 7.657273773810927553e-01 7.612980929383789119e-01 7.922196662280580615e-01 7.857369369190573272e-01 7.757450320955804335e-01 7.398465679184901278e-01 7.650194857168490792e-01 7.624066816640083788e-01 7.834293629835249462e-01 7.942098488301375658e-01 7.915320242826836550e-01 7.665116628285139067e-01 8.473843612831152283e-01 8.345101076555008213e-01 7.860697143056603053e-01 8.214806151520646083e-01 8.186627033841240575e-01 8.119647672601150168e-01 8.596471773259597438e-01 8.704927188864006737e-01 8.578341303893149972e-01 7.946331530912739138e-01 8.304437166562846917e-01 7.960373403230697198e-01 8.218315788473136152e-01 8.662289842632628911e-01 8.440887905442258088e-01 8.177635172987576251e-01 8.348585403025290397e-01 8.571758275845799968e-01 8.530858827163246838e-01 8.648659186643908869e-01 8.597088053623191950e-01 8.554679181369914120e-01 8.404552540369645275e-01 8.478975657753797801e-01 8.596394036690827578e-01 8.534418550938452919e-01 8.702546382898255217e-01 8.554312528273958494e-01 8.527554061161916055e-01 8.447236617769702249e-01 8.466075617878855430e-01 8.577320879881555893e-01 8.346285203423225996e-01 8.310495238272165297e-01 8.591486093780582589e-01 8.591244193970636323e-01 8.529811840417279578e-01 8.506800232945850304e-01 8.492730681619805599e-01 8.507968342877263446e-01 8.524365069811836726e-01 8.529398809355953626e-01 8.571636868716392410e-01 8.445945544754871470e-01 8.366072177619058303e-01 8.380398653382207241e-01 8.488374178328793596e-01 8.480052310089968293e-01 8.499687163161114833e-01 8.553351947552301215e-01 8.376772242039052241e-01 8.576585847992967970e-01 8.539575156173261350e-01 8.541084847420965520e-01 8.661423150705784835e-01 8.741284259643344878e-01 8.325190526104211397e-01 8.331042633507647066e-01 8.566837737229355820e-01 8.535558143305861378e-01 8.445979340535885171e-01 8.533752675189774095e-01 8.547427945673090610e-01 8.589624361821404097e-01 8.544553040434529345e-01 8.549142304204810916e-01 8.639260121864434927e-01 8.671756726114959735e-01 8.616792101077990207e-01 8.663954204048731622e-01 8.587473996626382444e-01 8.683501291888484630e-01 8.625736599810762684e-01 8.604680807863613889e-01 8.624120104298379497e-01 8.617884764903869232e-01
-1.416124067945079452e-02 1.877011090904552315e-01 2.271719052371306280e-01 5.190719407934408780e-01 4.582264405973601740e-01 5.551562183282621188e-01 6.679014251407113800e-01 6.666956736002666029e-01 7.216783894742663241e-01 1.000000000000000000e+00 7.527169834887987854e-01 7.811174202478009532e-01 7.274262332126537611e-01 7.300717447295056450e-01 8.128501915413408607e-01 7.758191289886743336e-01 7.525002700120997368e-01 6.540749788469566450e-01 7.221555998893107731e-01 5.889156647446966986e-01 6.885033683192453013e-01 7.433725756664326667e-01 6.029858387180608847e-01 5.941790993806782550e-01 7.066068482591093547e-01 7.375063547415783294e-01 7.295693018774978000e-01 7.527806761939597191e-01 7.558651500273236845e-01 7.426681684774177894e-01 7.858048268285519056e-01 7.486367691020316961e-01 7.550357755835334084e-01 7.028656300572030391e-01 7.381805090823235771e-01 7.240952674816062418e-01 7.594411009220287667e-01 7.742822441508718789e-01 7.788388971921766935e-01 7.524690781062688405e-01 8.151758993864179903e-01 8.085944456170812700e-01 7.694697710596093421e-01 8.035876245795705586e-01 7.977743964484310668e-01 7.929988903501654640e-01 8.371560975878188371e-01 8.367877654716876501e-01 8.301964659729021978e-01 7.684551347500681029e-01 8.039399545748684428e-01 7.715837216918978170e-01 8.039372249180815055e-01 8.380091326130508778e-01 8.267478275691383383e-01 7.970729771322859758e-01 8.049771966354420938e-01 8.294682841769362991e-01 8.334474747316016341e-01 8.397038417297290058e-01 8.256642940576780498e-01 8.311615337022898453e-01 8.219897670258953237e-01 8.231371510588371132e-01 8.323507615237401014e-01 8.301485548184412977e-01 8.320063260930188331e-01 8.260875170799854006e-01 8.202623336019206901e-01 8.185232167392453295e-01 8.234530040079650615e-01 8.277074944328851602e-01 7.979411191155674210e-01 8.077817075423980864e-01 8.267120464038704153e-01 8.223584338903450197e-01 8.240108204737450759e-01 8.244073961196261013e-01 8.189254129457694820e-01 8.229982308751454534e-01 8.224039946693671999e-01 8.336506819783144895e-01 8.212004812946152033e-01 8.053146596986309191e-01 8.033886249751218678e-01 8.032051738227685700e-01 8.208826140577996089e-01 8.205928068967981437e-01 8.208275573196934793e-01 8.213917030923165719e-01 8.099675416077868340e-01 8.288595966773460999e-01 8.289736455582550345e-01 8.255544792392243147e-01 8.352722674380803625e-01 8.284595906520912934e-01 7.985804766222863726e-01 8.020006008441551426e-01 8.238299214577743390e-01 8.172640795141682402e-01 8.156345939063501804e-01 8.188608646601196472e-01 8.264794215434688729e-01 8.276529595173290899e-01 8.200914455471268738e-01 8.223606717331866101e-01 8.301712994177924410e-01 8.365499128937655682e-01 8.310484964581363876e-01 8.332913174877383256e-01 8.277650248504636599e-01 8.375226689830097548e-01 8.300168818551879601e-01 8.243510563660275681e-01 8.337684969754908249e-01 8.350164907010974025e-01
2.130898882010463097e-02 1.562613779451690332e-01 3.625097612130570024e-01 6.294190013116280902e-01 4.501038932315391539e-01 5.821686753961422545e-01 7.660438501875629358e-01 7.344319659986540128e-01 7.667619878026825653e-01 7.527169834887987854e-01 1.000000000000000000e+00 8.586919517665234647e-01 7.837084006023369298e-01 7.889764140019182026e-01 8.728259279432307727e-01 8.394628151873503308e-01 8.023839051925656385e-01 7.638250154821263349e-01 8.145786189511714515e-01 7.080012130640102042e-01 7.877176681281067294e-01 8.308537884596183254e-01 7.323051941034902645e-01 7.233314174058448343e-01 8.068263619828115463e-01 8.365257330000205327e-01 8.344653852915000503e-01 8.484633762101891907e-01 8.361155135910266489e-01 8.286799226485840331e-01 8.591157959646302800e-01 8.507135936433382062e-01 8.449586819176292396e-01 8.177520218434601862e-01 8.301279185697332252e-01 8.304681202171196874e-01 8.464446102112851422e-01 8.647892829854753050e-01 8.648221238174094161e-01 8.529513463296485298e-01 8.787499625072481280e-01 8.802556116443702727e-01 8.622753729413886736e-01 8.805260099748188907e-01 8.762154644664441605e-01 8.722439337833297612e-01 8.812346224010020324e-01 8.824425805701880954e-01 8.811172260200630380e-01 8.559260764459333259e-01 8.780733109202967235e-01 8.522502522627898314e-01 8.710919005203873189e-01 8.754161347057819453e-01 8.715787143817600446e-01 8.799629330217518808e-01 8.646146861069464729e-01 8.819580432100773137e-01 8.821305030492786470e-01 8.802074975347095043e-01 8.810665775390715826e-01 8.787616363962609256e-01 8.755015824214413822e-01 8.774221474899596140e-01 8.749686018987163916e-01 8.742657499174654179e-01 8.810575442184347406e-01 8.885307533374435796e-01 8.879074629545051778e-01 8.842910834786391616e-01 8.853910816454716448e-01 8.882773670160560853e-01 8.738155990981371080e-01 8.811928514016493796e-01 8.891982224833010484e-01 8.880698090429899327e-01 8.899467728481814666e-01 8.848755896910681651e-01 8.832096233351077741e-01 8.864179560918348244e-01 8.860440380016595396e-01 8.884437374605578253e-01 8.872203187257814427e-01 8.825260549165477864e-01 8.798859720614501390e-01 8.789626235718562830e-01 8.871982537017693016e-01 8.877825653516970839e-01 8.886380547739700653e-01 8.885171126098224681e-01 8.855785764282233519e-01 8.871175850447348132e-01 8.876289758027434695e-01 8.890689048539469619e-01 8.811107169102319059e-01 8.802828930821195996e-01 8.803770994688260298e-01 8.694346932114869198e-01 8.841941418951901888e-01 8.845569441419430801e-01 8.844909755714326360e-01 8.837640451666960439e-01 8.830586320507317621e-01 8.856959011576667207e-01 8.854650139621187410e-01 8.777494108266021833e-01 8.808545175004768302e-01 8.801419786399549139e-01 8.839319260749390894e-01 8.842818413412761869e-01 8.869381821400385002e-01 8.825740209557382254e-01 8.834896154654681144e-01 8.846100033756463255e-01 8.854814811560346444e-01 8.803282853689105014e-01
2.760123619624554187e-02 1.541746780779753578e-01 3.599836053881875775e-01 6.720715862306857469e-01 4.871007838490741260e-01 6.074090871183944751e-01 8.243576332389520589e-01 7.954208166908536271e-01 8.179737823536815666e-01 7.811174202478009532e-01 8.586919517665234647e-01 1.000000000000000000e+00 8.480870949758040345e-01 8.319525960824843969e-01 9.275632551294354933e-01 9.073470208044953633e-01 8.584868773623102189e-01 7.867517057989509288e-01 8.508189299922039872e-01 7.306507779638204969e-01 8.219362040887692178e-01 8.537397531146757590e-01 7.450324897306827010e-01 7.274582418839831144e-01 8.325824696963004534e-01 8.945166167487662578e-01 8.994014313526008664e-01 8.995132434918574615e-01 8.847625383950283862e-01 8.728951786369069099e-01 9.151857053994498781e-01 8.878625152804430209e-01 8.919973907009610681e-01 8.438262649495225087e-01 8.747180280771691407e-01 8.679039106016133154e-01 8.903995306914922470e-01 9.126198767546142010e-01 9.112407228515818636e-01 8.983891131821377662e-01 9.376342427815153036e-01 9.341902290179031620e-01 9.186743996877408946e-01 9.390542103707635313e-01 9.299329367014190773e-01 9.304356829134496909e-01 9.419994495064020201e-01 9.401954932408350674e-01 9.429222250213078471e-01 9.088706232174559307e-01 9.371371690578248481e-01 9.104458460570807876e-01 9.337337371208611625e-01 9.402069469959927206e-01 9.359164870330601849e-01 9.311215579751339622e-01 9.262107089530069448e-01 9.429253627109704938e-01 9.425752873217680960e-01 9.441273929181500657e-01 9.439191254740715298e-01 9.429610597736585165e-01 9.393523519232849228e-01 9.395814097475304605e-01 9.343134551341047978e-01 9.336596054208461393e-01 9.381317816116315766e-01 9.419913734409318673e-01 9.374555015696858229e-01 9.360675406701211010e-01 9.378433816151168223e-01 9.406579386076541205e-01 9.170402210604424731e-01 9.274752820556774191e-01 9.495342839381558653e-01 9.438156271048701029e-01 9.448670297556411857e-01 9.408452386870779227e-01 9.388648859683447201e-01 9.393526079520204686e-01 9.391980450700984084e-01 9.436954248299316284e-01 9.372887354764350976e-01 9.324888096105671265e-01 9.318500371016226191e-01 9.235913173387219066e-01 9.362699452106999498e-01 9.400301965493662593e-01 9.415585080519158767e-01 9.426304790583344140e-01 9.385867570127461867e-01 9.466022472736825843e-01 9.440519264299395141e-01 9.450697934551920421e-01 9.415750997140572842e-01 9.432794322529136632e-01 9.348487845733296497e-01 9.269586343957948449e-01 9.430104166459225556e-01 9.388160971021456414e-01 9.428597954694962757e-01 9.393348333723858801e-01 9.452867790097554401e-01 9.459819690097558409e-01 9.403438822987733037e-01 9.399188317466353748e-01 9.437909845635924500e-01 9.414712884505077595e-01 9.485657963202862586e-01 9.457626877886170513e-01 9.472030778268978324e-01 9.450068151031441044e-01 9.448546355811968667e-01 9.425271101838648136e-01 9.430189719101185197e-01 9.416762884570482051e-01
2.239592102364322893e-02 1.503959101466538772e-01 3.442564688107726534e-01 5.828847502890022181e-01 4.983599532152340750e-01 5.740988862027792683e-01 7.586695422020793833e-01 7.369872636296364021e-01 7.667615185676581735e-01 7.274262332126537611e-01 7.837084006023369298e-01 8.480870949758040345e-01 1.000000000000000000e+00 7.882596885925846619e-01 8.689787769733738898e-01 8.437818005655046694e-01 8.046757203674743675e-01 7.314429981596661801e-01 7.902304114296196946e-01 6.893968493004981601e-01 7.516846454742658334e-01 7.992080674811067320e-01 6.967768687024661345e-01 6.847421828759386875e-01 7.716400677470577341e-01 8.238881397551015562e-01 8.221371599667324226e-01 8.291447194623391415e-01 8.137668465018164099e-01 8.078832319214633850e-01 8.413727112155814369e-01 8.269269431517128899e-01 8.242381654829642468e-01 7.905315086396902391e-01 8.083299022048765492e-01 8.056409942129770796e-01 8.249241140755709800e-01 8.449198318259090179e-01 8.467736610958999099e-01 8.290137059667233022e-01 8.718351695523638423e-01 8.689731760038414965e-01 8.464613151454497553e-01 8.688127971689278972e-01 8.620788921647929426e-01 8.645443932341078108e-01 8.740959627880768856e-01 8.753510312350308853e-01 8.732246878019025438e-01 8.345154326064977424e-01 8.634258427220330434e-01 8.366022582765714199e-01 8.572651171315054386e-01 8.714454134689717524e-01 8.660894439345816487e-01 8.640773785398492279e-01 8.543284338800029021e-01 8.765351313893902097e-01 8.743727295191724425e-01 8.766343719029398018e-01 8.740474497319107305e-01 8.734216706519276618e-01 8.686729877158398949e-01 8.694412993578217730e-01 8.693270274139882625e-01 8.672732117014517739e-01 8.779597014611167927e-01 8.765893543364080553e-01 8.742253254411989083e-01 8.731727362399304138e-01 8.715464920723693387e-01 8.765106861456926080e-01 8.606650986415763649e-01 8.612156909123857007e-01 8.808983232331483171e-01 8.787153429384995107e-01 8.767632551527166918e-01 8.728162628198954387e-01 8.722390140744650244e-01 8.742984689391219977e-01 8.746474965153715475e-01 8.763083209065340995e-01 8.767247264045602284e-01 8.702383184385412696e-01 8.675766532582041002e-01 8.651773040154869809e-01 8.741223302740744883e-01 8.780548069811054956e-01 8.784598965040151253e-01 8.793333296338855520e-01 8.747457467805214160e-01 8.816107744973822324e-01 8.782115674328606625e-01 8.798551065583193331e-01 8.763554347054072213e-01 8.781452122980343278e-01 8.680610503242104370e-01 8.563543353154496884e-01 8.773427212399609321e-01 8.751736350486094551e-01 8.760146771245340691e-01 8.746449372404069278e-01 8.748840969976626747e-01 8.797843535664762182e-01 8.760469042739567058e-01 8.705266145259569210e-01 8.757477096478620826e-01 8.761706332834865441e-01 8.790056563193593409e-01 8.792228071755450181e-01 8.796391522878037605e-01 8.782740147975066636e-01 8.769969041846267244e-01 8.767877865968661810e-01 8.775625835962872490e-01 8.744096217581295294e-01
