1.000000000000000000e+00 1.746218632067586818e-01 7.372395494785372039e-02 6.575248286482439884e-03 7.480653800944755960e-02 -4.968239136116790050e-02 3.263313742989924771e-02 3.773892428324077813e-02 2.058947203056180619e-01 1.055848978925511827e-01 4.929712781379744918e-02 -2.132693151419556322e-03 4.838329808730393311e-02 -2.543500721334414263e-03 1.194565799885190412e-02 -1.743038868619879375e-02 1.138689282330546254e-01 1.049129907010963036e-01 1.226141996939783402e-01 -1.867091564817230376e-02 1.059065323422926086e-01 1.721354928690693176e-01 1.753701408080623192e-01 1.182352460459854676e-01 1.364758494622345109e-01 1.501482719585749692e-01 1.082494947804240187e-01 9.817445397355054060e-02 1.183589056760867980e-01 1.590758496737430805e-01 1.128929807079333963e-01 8.591734291634595122e-02 9.755255414448911477e-02 8.761856592598049609e-02 1.336714509116072036e-01 5.225520075725828550e-02 1.012791849523739240e-01 4.876522591469094337e-02 5.732253984924132878e-02 2.399179409463137250e-02 3.440582623994228872e-02 2.812618273305178898e-02 1.467695313842631161e-02 2.948855338668603804e-02 7.397287122744550247e-02 4.415740287553511501e-02 5.927463626393075433e-03 3.307109410607614319e-02 3.306042813963917804e-02 5.276189837536417876e-02 2.829283784765976653e-02 -7.607248577127532010e-03 -2.215757628339799952e-03 5.595989812333564128e-02 6.589447753515649542e-02 8.492862936593738310e-02 5.465316059432308304e-02 3.860873855868590665e-02 2.910717900116968279e-02 4.244423075974501636e-02 1.909796468865584268e-02 3.483222883354877147e-02 4.806776449025395442e-02 3.231754884631663632e-02 6.465039441440996459e-02 4.990600584739002948e-02 3.222581573470215816e-02 4.645285735954877981e-02 5.054354792677979991e-02 -1.374637988840762479e-03 5.147638744937613198e-02 4.507596372447981309e-02 3.628678897665462560e-02 5.321246324181873322e-02 5.101603854716266900e-02 3.621329249738464151e-02 2.838017013373841241e-02 3.715551023437164285e-02 4.200477426473507581e-02 5.998742956873989729e-02 5.802604938590431166e-02 3.856719715294258666e-02 4.958026508591271281e-02 4.832225107130322383e-02 3.825299945517128541e-02 3.276868067344449603e-02 2.448608190212209212e-02 8.274985166837908399e-03 1.424688278702036966e-02 4.422292960130689427e-02 1.672295843208856936e-02 9.348222895982284675e-03 1.073492365964845256e-02 2.025748390327588092e-02 2.329126432771667834e-03 1.560946402918860984e-02 -1.123954607133857177e-02 2.899288409148328624e-02 -4.334998667072151486e-03 -6.562041878713823721e-04 -1.279140989294849304e-02 1.746088854383598746e-02 3.053595161743488055e-03 1.187176509467350802e-02 1.861713956378996697e-03 2.479269701119725736e-02 1.742172848539084648e-02 2.507586329209922360e-02 2.920084832978557879e-02 1.621289146561461988e-02 6.224098147763454207e-03 2.073631466477084129e-02 1.280700885967923919e-02 1.602606421432025557e-02 3.034340927435002708e-02 2.193957355504722040e-02
1.746218632067586818e-01 1.000000000000000000e+00 4.844405032169357000e-02 2.023721209542057517e-02 7.740496783562364480e-02 7.309328124841270313e-02 7.150019771125787349e-02 5.249940960578942245e-02 1.834240935968090014e-01 2.338300136998827661e-01 1.025234831371486521e-01 8.367436906429041865e-02 6.461681523483869816e-02 7.696493110837167306e-02 1.007443703755727671e-01 8.106074370976081023e-02 1.363412758030982941e-01 5.605712682620340309e-02 1.073436045924924670e-01 -7.093768237346015533e-03 4.041125563226457239e-03 9.470370931815588755e-02 1.556340095803110390e-01 8.230812070049728368e-02 1.038904985016786964e-01 1.876394846677372219e-01 1.516662604866497732e-01 1.770301429301343044e-01 1.968829340096951430e-01 2.004638632263492093e-01 1.837882847175245915e-01 1.564532630849852501e-01 1.510190549798517690e-01 1.338970485136065092e-01 1.721715236638497459e-01 9.930817215711905399e-02 1.481753578074458400e-01 1.310641520306526642e-01 1.443213303266835112e-01 9.540953687457241761e-02 1.298929751137541388e-01 1.250980890604583839e-01 1.006485165600971565e-01 1.096547191751363615e-01 1.277724502190560885e-01 1.467385778522539985e-01 1.076334509944520540e-01 1.309159356935076790e-01 1.216847124788321410e-01 9.695743599316400396e-02 1.153558174134809294e-01 4.400005422947179945e-02 6.586149674186046743e-02 1.542384598581881539e-01 1.530550368001613315e-01 1.673638214997292262e-01 9.907559446009833737e-02 1.274880962583320176e-01 1.194339085250083615e-01 1.266196646278110460e-01 1.119336001921952123e-01 1.230610323534321870e-01 1.302916160881706087e-01 1.118574563621473339e-01 1.269283854255570942e-01 1.182028270174936557e-01 1.258768307960104471e-01 1.144203078559875991e-01 1.403164654888036100e-01 7.648791975098023777e-02 9.344413140584061084e-02 1.204229791917517112e-01 1.019927511951761040e-01 1.115214860946186493e-01 1.379515699427004694e-01 1.279044941714151673e-01 1.405380672603544767e-01 1.505448958781391289e-01 1.461493104558967138e-01 1.498840703004468700e-01 1.436980064051055217e-01 1.427875967948495639e-01 1.241589026470455576e-01 1.493376645008197001e-01 1.211521405223291992e-01 1.188564059291066233e-01 1.124448152894251401e-01 1.171333015404822653e-01 1.170447252021850765e-01 1.470728134971993895e-01 1.147872408298216823e-01 1.183945290856005944e-01 1.104723056008044685e-01 1.227168853021239209e-01 1.134171446343764517e-01 1.242075171623191476e-01 6.870161490501028312e-02 9.488671409346922936e-02 9.421296980743253113e-02 1.022303385599334785e-01 9.805393189942471222e-02 1.002137667833210566e-01 8.922323580002308741e-02 1.028857457662737257e-01 8.825767660208604093e-02 1.050364371418609361e-01 1.129052809004345154e-01 1.319619122760590235e-01 1.326019099038540927e-01 1.144217840824501564e-01 1.054810738698737788e-01 1.137991732330921602e-01 1.081092150225232279e-01 1.066048733190668035e-01 1.200612108189183652e-01 1.086603732268187905e-01
7.372395494785372039e-02 4.844405032169357000e-02 1.000000000000000000e+00 2.850401782889191438e-01 1.753452037781833561e-01 1.225942037019715214e-01 2.589291916508124625e-01 2.401775322728520734e-01 2.637673089235094692e-01 1.852146210269359217e-01 3.177129477342000574e-01 3.074879894948363557e-01 2.471372538607281566e-01 2.519304248492825193e-01 2.755408440184650698e-01 2.623781111787610310e-01 2.751727014755084300e-01 2.898623336782503168e-01 2.726255180757248819e-01 2.931414865691187588e-01 3.020611606562744744e-01 3.071958411559090885e-01 3.013047730493395027e-01 2.754077469445913029e-01 3.132894867719638876e-01 3.128230571081404010e-01 3.081583863619757335e-01 3.048207917029231440e-01 2.850241209170872314e-01 2.769939297177553272e-01 2.868223338367575925e-01 3.082916402004848289e-01 3.187427958107662551e-01 3.008725451175437438e-01 3.002071562080670386e-01 3.376132258958794985e-01 3.040425706384159987e-01 3.050458741568963794e-01 3.059027389211916304e-01 3.365976824733091788e-01 2.868278761759293638e-01 2.964666866247930299e-01 3.070681934619033937e-01 2.958311624067950785e-01 3.181008714525020986e-01 2.954335746229124759e-01 2.799163101322728608e-01 2.801978746993696867e-01 2.810630132637076395e-01 3.283177475514768018e-01 3.161622471718985028e-01 3.163702734305630093e-01 2.959691632460109134e-01 2.719736799272337024e-01 2.768778666282971090e-01 3.002363709692133509e-01 2.971494944867215104e-01 2.933519742621685800e-01 2.882197624852868012e-01 2.800033127254000775e-01 2.919247284203678738e-01 2.836342849227115326e-01 2.901964252362149721e-01 2.902064588614385876e-01 2.874521408174854908e-01 2.916377238170073105e-01 2.796812629810803141e-01 2.905003223770664667e-01 2.933979321374953764e-01 3.051666932712580049e-01 3.034659197332120195e-01 2.944928202426294050e-01 2.866334349203786269e-01 3.005179849833690686e-01 2.964493443678585805e-01 2.884255732399623740e-01 2.847703579331158918e-01 2.796045212669534541e-01 2.824494642419008716e-01 2.821517276850092903e-01 2.913730071559363366e-01 2.898791533927338460e-01 3.062004185279286750e-01 2.898969741184240223e-01 3.057941582721297458e-01 2.983263220565510188e-01 3.106711215118413416e-01 2.918505038916873739e-01 2.910114781136918238e-01 2.832640863262012032e-01 3.053112740432583072e-01 2.823686311408986072e-01 2.969196039106953289e-01 2.899059206135302103e-01 2.774889907340225004e-01 2.763054331218360304e-01 3.046071893870807012e-01 2.877022479806906619e-01 2.829811288276545267e-01 2.951691783246553347e-01 2.916011958336173215e-01 2.908491331259930868e-01 2.879413441977004551e-01 2.898227198636093016e-01 3.046391865638322094e-01 2.788996440560483348e-01 2.809799699521683958e-01 2.718850902181257911e-01 2.781353248427956282e-01 2.755897543186082155e-01 2.826084533067728666e-01 2.762342301283036705e-01 2.798502792601850198e-01 2.863933363816822397e-01 2.956330307995211348e-01 2.849501833732662193e-01
6.575248286482439884e-03 2.023721209542057517e-02 2.850401782889191438e-01 1.000000000000000000e+00 3.055145727974163949e-01 2.325442305140328070e-01 4.387274335138241499e-01 4.262228910504834434e-01 4.008136919434583945e-01 2.843011335764477066e-01 4.699704167694282453e-01 5.028407681879303315e-01 4.050657571774224364e-01 4.021759074388295274e-01 4.927141949928747766e-01 4.766587978916997925e-01 4.050210458038269734e-01 4.385050430884975259e-01 4.033188486826502217e-01 5.074427777827534847e-01 4.657645082484194177e-01 4.297222843714126328e-01 4.383512148793294316e-01 4.174830364003530581e-01 4.405165783878788877e-01 4.546024985302214438e-01 4.739411481461112130e-01 4.498925342964850138e-01 4.279553921765659186e-01 3.990366797476617711e-01 4.390999897490674431e-01 4.802839019470493964e-01 4.594863436200340434e-01 4.577039979731035713e-01 4.257929676575780698e-01 4.908966318394493156e-01 4.610489395615735009e-01 4.822118897037874774e-01 4.817477120915021338e-01 5.101060981448464204e-01 4.697848263315709816e-01 4.746478846295084097e-01 5.017367010956206297e-01 4.911824810942317376e-01 4.819054974730837548e-01 4.730423658903820106e-01 4.710564144781161922e-01 4.608673306889660704e-01 4.706310135998749145e-01 4.929820093699696648e-01 4.932960337563406239e-01 5.188777222685039270e-01 4.943180960732195262e-01 4.435590955348318043e-01 4.437990702355757433e-01 4.611275229443180801e-01 4.729422012134341102e-01 4.772489880948096452e-01 4.720458318338495163e-01 4.688750221974782306e-01 4.785166875644769058e-01 4.710253418171440054e-01 4.677935390435957741e-01 4.767804744938919925e-01 4.562092980325202496e-01 4.734243730776812598e-01 4.634061362167379294e-01 4.762241222260960027e-01 4.739067216098606927e-01 5.228245267086407688e-01 4.930615807528127004e-01 4.650703203153409571e-01 4.702581707010873857e-01 4.737243098786338980e-01 4.762809668885548131e-01 4.697229664475859323e-01 4.704816191102898504e-01 4.622963002704364999e-01 4.638901936320687924e-01 4.532862002473303509e-01 4.583448218702124155e-01 4.700775069107043791e-01 4.842930044764072184e-01 4.622143289976439751e-01 4.863209366689491553e-01 4.808085197988810067e-01 4.867582006343157408e-01 4.805912008648455247e-01 4.782268742616636592e-01 4.627584580039345585e-01 4.898443130579112625e-01 4.731328070876719694e-01 4.845680865150374106e-01 4.777335057933636553e-01 4.713097625330043838e-01 4.642981213903185633e-01 5.069705265679951278e-01 4.823413682342819198e-01 4.822240056646521222e-01 4.894483325966585974e-01 4.889473853413201510e-01 4.873923741000495413e-01 4.917703950329074258e-01 4.897054583076163592e-01 5.003507572466485698e-01 4.709777056136152940e-01 4.703889894208950762e-01 4.563616340073714528e-01 4.633816478266923333e-01 4.690248429523913298e-01 4.805012591882046880e-01 4.688178938988726840e-01 4.757345658274925171e-01 4.799889911938140519e-01 4.729839115198019583e-01 4.760199314080014732e-01
7.480653800944755960e-02 7.740496783562364480e-02 1.753452037781833561e-01 3.055145727974163949e-01 1.000000000000000000e+00 2.201499333403315883e-01 3.911967212816443995e-01 4.021001215621010649e-01 3.974099113341288403e-01 2.955380605911208103e-01 4.056720013041916761e-01 4.185972400567284368e-01 4.103301289167496368e-01 3.709433539441486238e-01 4.530221054301218353e-01 4.377637905204294633e-01 3.909687927028211996e-01 3.445208142718459432e-01 3.501040292302418089e-01 3.572285055270028598e-01 3.528097392903302709e-01 3.686821919963263472e-01 3.931940751460637484e-01 3.235323494948549872e-01 3.660104249647199159e-01 4.336260580548580990e-01 4.297312665949182819e-01 4.194583793822621587e-01 4.029063079776958323e-01 3.925463619668722592e-01 4.157375884871384319e-01 4.238825488067356484e-01 3.946544963140111162e-01 4.048067095743547172e-01 3.978786715448392464e-01 4.099583994948185484e-01 4.177917655601015023e-01 4.249020573717705584e-01 4.357320792458089787e-01 4.325619246221675263e-01 4.269866487618673712e-01 4.223600684942646621e-01 4.340996002960006983e-01 4.403425389600336137e-01 4.315360449925865205e-01 4.183089284541869346e-01 4.187783984614494304e-01 4.210669342099450652e-01 4.299924893618305433e-01 4.521808270932772822e-01 4.376665629953790382e-01 4.360563394275544513e-01 4.275547177737094029e-01 4.129066012141032749e-01 4.140184588227476259e-01 4.242656348346415252e-01 4.256293941672774084e-01 4.345783528037446275e-01 4.318576576551822477e-01 4.303059019735394619e-01 4.270574172791394840e-01 4.256417084006017260e-01 4.194915237202975211e-01 4.312036195093051916e-01 4.226262269444908681e-01 4.305177173732869789e-01 4.200416789299879494e-01 4.183098459548058035e-01 4.181916089008640425e-01 4.280279447643218771e-01 4.189542530791536823e-01 4.174755911402041608e-01 3.976588464143726576e-01 4.082644814246695342e-01 4.299299059288007596e-01 4.240172453359303817e-01 4.174176907265401137e-01 4.176542000360977669e-01 4.188331772655419782e-01 4.182559788674738988e-01 4.183903236795191161e-01 4.177471979715679518e-01 4.256456463455159378e-01 4.140032036223589840e-01 4.252956212688708271e-01 4.183990908692976074e-01 4.248711793905174394e-01 4.205295885295426417e-01 4.193895691281015470e-01 4.230084486000492139e-01 4.236269734276974508e-01 4.190574359906412694e-01 4.223093657941904833e-01 4.262865618359396036e-01 4.191125721883403599e-01 4.185086403031267333e-01 4.356338622926193005e-01 4.355945743469602505e-01 4.249009093081501653e-01 4.231500985709985563e-01 4.230925712122243221e-01 4.303374763760468569e-01 4.333201232193834573e-01 4.343889082322359152e-01 4.352247356606768758e-01 4.226734363790493054e-01 4.248142682894179845e-01 4.168513554601444571e-01 4.208799068656902675e-01 4.239188527522362859e-01 4.275295637939647841e-01 4.218141755566388040e-01 4.226857261022961554e-01 4.279451997902893878e-01 4.238216418793805951e-01 4.269307796220379037e-01
-4.968239136116790050e-02 7.309328124841270313e-02 1.225942037019715214e-01 2.325442305140328070e-01 2.201499333403315883e-01 1.000000000000000000e+00 3.704979648012032833e-01 3.705435645071624706e-01 3.774160777798816757e-01 3.341835087860245967e-01 3.920755312677287052e-01 4.390734690398291340e-01 3.702818952757881421e-01 4.133810873745921155e-01 4.761623348518619903e-01 4.499622890706813094e-01 4.061178453110796394e-01 3.829641505951715819e-01 3.888586422279340926e-01 3.552814916656394373e-01 3.745510075533078354e-01 3.827448866371078173e-01 4.012389842431302034e-01 3.894087272376768327e-01 4.142212796683545362e-01 4.184602877943588428e-01 4.234253290327486541e-01 4.349812748758142278e-01 4.257511813472872331e-01 4.196866021669447555e-01 4.487920492570783293e-01 4.548927036736333807e-01 4.198637705582765056e-01 4.511608305804593599e-01 4.325178505429169151e-01 4.629162427754601183e-01 4.610676278563234920e-01 4.570987293096860915e-01 4.703612261252900217e-01 4.674306342583406937e-01 4.798420991603331021e-01 4.781387281041074022e-01 4.732899360135782163e-01 4.878213605639786232e-01 4.722692708350909596e-01 4.732854652510030680e-01 4.849710277679645798e-01 4.825491435753795910e-01 4.751147655976323270e-01 4.522472768557976308e-01 4.671799219930717895e-01 4.807401224820674890e-01 4.801708190845696556e-01 4.623446741438617669e-01 4.456212414275162459e-01 4.501127594663700826e-01 4.542805309813136572e-01 4.761700585824896192e-01 4.691388935569670848e-01 4.761067623085632472e-01 4.734027193438812287e-01 4.698705330613495157e-01 4.617925195118517956e-01 4.703474449182551420e-01 4.666771478563288000e-01 4.690886770976397391e-01 4.826812442571651318e-01 4.832059783834685152e-01 4.763806687314836030e-01 4.863767826948127149e-01 4.794190878930029709e-01 4.868675339724577444e-01 4.822808676033695230e-01 4.809178626244812182e-01 4.761665270908802539e-01 4.798491499421014272e-01 4.805431935760031137e-01 4.742178081358318642e-01 4.829129298704025741e-01 4.721821510609423012e-01 4.759081837370378598e-01 4.826075407371173132e-01 4.832042632328008569e-01 4.754010144092172818e-01 4.800473285709021543e-01 4.840440532841558952e-01 4.893616194310293488e-01 4.859648531749771183e-01 4.890845928567672529e-01 4.742548232795101293e-01 4.860387397853223601e-01 4.861915706886159594e-01 4.881261772021775469e-01 4.837695723604049092e-01 4.871628937760002498e-01 4.865002841835784908e-01 4.867723882764760646e-01 4.754511459155920106e-01 4.881082212823205646e-01 4.916420351933981081e-01 4.907387182125561020e-01 4.820523580931534990e-01 4.832524265827986554e-01 4.874894597857739598e-01 4.902162730251908296e-01 4.762538729415421446e-01 4.838956963528150967e-01 4.806672713935292163e-01 4.810295346134701999e-01 4.862500558343924029e-01 4.869263301015167023e-01 4.859500955886637552e-01 4.850961730004818562e-01 4.858429527204484732e-01 4.836775457162366676e-01 4.801539305482259157e-01
3.263313742989924771e-02 7.150019771125787349e-02 2.589291916508124625e-01 4.387274335138241499e-01 3.911967212816443995e-01 3.704979648012032833e-01 1.000000000000000000e+00 6.025392878044677492e-01 5.907902098412223246e-01 4.586658005754468137e-01 6.270261928024335463e-01 6.793001899681010425e-01 5.863469396063196726e-01 5.871014957456470729e-01 7.534391779705114089e-01 6.834464230089584147e-01 6.230429731682899375e-01 6.009213810033924297e-01 6.032635770334020542e-01 5.902468788258902199e-01 5.870993153793846453e-01 5.836168124004028623e-01 6.059666281870411675e-01 5.742593509834047483e-01 6.304314122736243142e-01 6.788183547732313805e-01 6.699388405137743918e-01 6.827259547153786690e-01 6.736496343937843356e-01 6.053627299175392551e-01 6.547022411133073261e-01 6.914419492004573176e-01 6.691395059114806365e-01 6.639812332622373470e-01 6.220114928787624509e-01 7.038072132719952467e-01 6.638061076023280549e-01 7.313422863003814500e-01 7.177075255868416992e-01 7.459772390207249915e-01 6.999442231889225763e-01 7.174871825053721341e-01 7.258131410873890355e-01 7.184912495431465818e-01 7.090118760978140200e-01 7.044907443324406326e-01 6.957955788303351596e-01 6.903284979739499061e-01 6.943043470050733745e-01 7.263695038065645093e-01 7.328976755695731926e-01 7.392174718289846735e-01 7.063575970552586902e-01 6.744958418258955035e-01 6.749915726244087866e-01 6.941589008647410797e-01 7.102202526321009790e-01 7.114309431803312878e-01 7.133554221216581448e-01 6.902833982576349614e-01 6.976988689456354864e-01 6.983024716945097632e-01 6.999204065105055772e-01 7.060943317879383452e-01 6.791876504539079429e-01 6.975870514457089833e-01 6.863079328508523425e-01 6.964979364455757826e-01 6.924827168027126723e-01 7.122912211109220237e-01 6.974940188261017360e-01 6.902246038176156340e-01 6.792066243346627230e-01 6.928802156705400339e-01 7.062138876888044425e-01 6.949614717691535715e-01 6.983693208564666355e-01 6.930830773622086438e-01 6.956056715055646267e-01 6.765525057608275938e-01 6.815090189451871172e-01 6.834647788095564724e-01 7.058231116889811529e-01 6.871078831303697454e-01 7.119298380101075630e-01 7.023778816790027246e-01 7.058858718008083066e-01 7.154477011161911593e-01 7.066945530037088696e-01 6.964845386467217736e-01 7.239183721341816424e-01 7.074593917309509594e-01 7.123343974011996371e-01 7.086291857803447281e-01 6.959171387970791711e-01 6.907442827948722108e-01 7.419189919641475672e-01 7.183231826242534312e-01 7.109998797630650014e-01 7.195355427411449512e-01 7.150399362628562239e-01 7.189005569805627660e-01 7.157250729131940936e-01 7.164021029179683531e-01 7.235709898420340513e-01 7.008213814957890975e-01 7.004669216028395207e-01 6.834781717943440027e-01 6.947955673259974541e-01 6.987362306707542992e-01 7.153883810171953739e-01 6.942329891756888749e-01 7.047535476204276339e-01 7.092684052910799286e-01 6.941580012805795841e-01 6.955244417174401006e-01
3.773892428324077813e-02 5.249940960578942245e-02 2.401775322728520734e-01 4.262228910504834434e-01 4.021001215621010649e-01 3.705435645071624706e-01 6.025392878044677492e-01 1.000000000000000000e+00 5.705827928053680553e-01 4.491226755433091467e-01 5.883734317797963964e-01 6.495285132812559370e-01 5.751761091212281851e-01 5.689076254121822052e-01 7.032536575157110059e-01 6.777133680259266324e-01 6.166521518794151335e-01 5.906525028128327692e-01 5.873839762885237903e-01 5.696125470845545546e-01 5.773225701497948226e-01 5.842017332503847138e-01 5.976519249563354563e-01 5.636785861873375714e-01 5.991169395640495443e-01 6.332022196319836427e-01 6.373568530010225164e-01 6.180799376294088265e-01 5.941320250635561129e-01 5.837899489448370449e-01 6.264919749644313196e-01 6.563522401108097259e-01 6.020241490755081637e-01 6.413149875585167914e-01 6.000337953264295310e-01 6.538375890426771919e-01 6.427692062277535756e-01 6.622657067810350240e-01 6.736769477706970877e-01 6.660781149905348197e-01 6.641413693201012602e-01 6.647303130401663873e-01 6.839082894518128120e-01 6.910319195479649457e-01 6.699010371975776534e-01 6.657531868116720597e-01 6.749313679759262330e-01 6.757753881592923895e-01 6.777246060308450559e-01 6.760769116668986500e-01 6.816492842491819193e-01 6.853138156129798819e-01 6.780230330638479241e-01 6.640950771138456332e-01 6.586241806292740808e-01 6.565871567831486066e-01 6.813986241911279551e-01 6.839964642928183514e-01 6.837105877111326890e-01 6.805535309651480347e-01 6.858430870655091161e-01 6.823617675277793282e-01 6.787077640956881153e-01 6.810066886956300802e-01 6.709114530891753247e-01 6.845523294600089903e-01 6.766814759276194025e-01 6.835568131718711138e-01 6.744480854055183716e-01 6.993323339169336128e-01 6.883745733381892995e-01 6.770314444364434747e-01 6.700358616488605312e-01 6.734841428951259257e-01 6.780263162533336496e-01 6.709331115691112846e-01 6.633115461192561346e-01 6.584786547464600570e-01 6.643541385835199931e-01 6.615369662965115971e-01 6.644744384656160463e-01 6.652129835999225360e-01 6.795259186477539126e-01 6.608021300922282126e-01 6.788812581251996159e-01 6.804325095305286952e-01 6.787987186592605582e-01 6.787895306476992019e-01 6.795438991071718338e-01 6.679575073237699057e-01 6.782879219478455957e-01 6.787495546682611458e-01 6.823611762993148089e-01 6.763443121045992212e-01 6.785293732389235943e-01 6.755837210754794819e-01 6.919011349554688994e-01 6.898885673885241099e-01 6.900454304824805707e-01 6.843182968862958626e-01 6.863312477261295230e-01 6.925863165362859952e-01 6.886156838753603182e-01 6.938740993308727401e-01 6.953930872055509305e-01 6.848557293478726438e-01 6.831216321521097479e-01 6.693064708307503441e-01 6.740398309663788723e-01 6.788937527859854049e-01 6.862579812513234234e-01 6.809157650813193463e-01 6.859584494655227571e-01 6.861433268794618900e-01 6.785468143737852786e-01 6.863249762867653647e-01
2.058947203056180619e-01 1.834240935968090014e-01 2.637673089235094692e-01 4.008136919434583945e-01 3.974099113341288403e-01 3.774160777798816757e-01 5.907902098412223246e-01 5.705827928053680553e-01 1.000000000000000000e+00 6.356058253066694252e-01 6.955872642434632880e-01 7.218170968332404680e-01 6.544609385965515225e-01 6.684778915426914381e-01 7.611914602648462980e-01 7.295749478298866331e-01 7.829608010299793364e-01 6.488671295236707603e-01 7.137258707754703391e-01 5.414158030906653929e-01 6.015154611409386787e-01 6.885584657451712109e-01 7.630746708162741143e-01 6.556856280002038018e-01 7.288636849176612920e-01 8.176620899623746608e-01 7.832021204391795832e-01 7.926037825060414654e-01 7.886839403538097315e-01 8.065530040709015802e-01 8.277882185634046763e-01 8.114758741162610978e-01 7.725346285965584148e-01 7.811965434027543509e-01 7.971067365258140969e-01 7.727722398276297699e-01 8.161636697366820847e-01 7.949454868727225954e-01 8.163739064701350800e-01 7.677250274691670429e-01 8.141548807758178796e-01 7.983671146753623660e-01 7.956214231492405586e-01 8.047945306282241473e-01 8.177919547617732432e-01 8.108842879449132957e-01 8.026448479282739523e-01 8.206609277437645344e-01 8.145241330410346592e-01 7.898264123202750620e-01 8.061311973718634505e-01 7.431420729839030015e-01 7.674552041331845764e-01 8.258958483649709859e-01 8.231059405734577616e-01 8.339055208476356951e-01 8.043731262390890757e-01 8.163175533822490948e-01 8.149821988907707260e-01 8.197644593673594215e-01 8.088520333373352411e-01 8.171024429688880097e-01 8.173850155239520410e-01 8.124659842463959336e-01 8.176171601800649169e-01 8.181477837725941171e-01 8.162850305387285843e-01 8.131717890858620734e-01 8.240998352373245517e-01 7.817869880676117100e-01 7.902756303432989515e-01 8.142331381527413425e-01 7.867530716376606170e-01 8.059674284304240155e-01 8.248735378451665934e-01 8.132852430228819651e-01 8.112479325210896208e-01 8.163772995653493236e-01 8.199492632439834283e-01 8.257361064873401935e-01 8.284276652736307645e-01 8.226542483249410509e-01 8.201573005075150080e-01 8.213546552762042152e-01 8.115501389853582159e-01 8.075944776558181548e-01 8.127001869476428997e-01 8.029174400662065780e-01 8.085901291283621450e-01 8.215241385086019532e-01 8.054511606414529457e-01 8.059286173890011229e-01 8.064679094157951589e-01 8.125939676996755123e-01 8.046527897552131492e-01 8.108433398106086321e-01 7.779364793114262877e-01 8.028806490633554338e-01 7.954505648851530886e-01 7.980060838494201780e-01 7.939290345341135646e-01 8.076317846345701934e-01 7.941628627353827241e-01 8.065763389324666077e-01 7.984609953217230993e-01 8.058306052800957575e-01 8.113271249189748513e-01 8.141726191319200723e-01 8.181169681464647292e-01 8.104062377082008606e-01 8.033346335449569331e-01 8.126927724786293661e-01 8.083071191753589124e-01 8.111042200257300161e-01 8.150870670644593252e-01 8.106824623463930735e-01
1.055848978925511827e-01 2.338300136998827661e-01 1.852146210269359217e-01 2.843011335764477066e-01 2.955380605911208103e-01 3.341835087860245967e-01 4.586658005754468137e-01 4.491226755433091467e-01 6.356058253066694252e-01 1.000000000000000000e+00 5.700910282405563523e-01 6.102794723270645871e-01 5.437591455947845542e-01 5.765928943959442998e-01 6.434050946047369379e-01 6.182267977615900634e-01 6.542582321251487754e-01 5.142860799580121212e-01 5.994059361938885999e-01 3.775563996055533722e-01 4.368596749298838122e-01 5.362517631986231104e-01 6.233670014356389455e-01 5.186130740363216196e-01 5.834960784159677338e-01 7.098202383200283849e-01 6.662408800789413332e-01 6.825376371452028801e-01 6.983072458804845395e-01 7.038049338135696775e-01 7.289062912933409466e-01 6.879603276896412156e-01 6.523680427331743914e-01 6.499547253503511479e-01 6.840479057045085742e-01 6.279001880288127557e-01 6.971833948848698004e-01 6.772105644622899989e-01 7.007366773645425928e-01 6.422884242210040728e-01 7.061932709392668706e-01 6.989021349218512702e-01 6.759050872620946393e-01 6.903635665479418426e-01 6.930615091882660339e-01 7.100909622254161224e-01 7.003310506114165390e-01 7.200992014759599602e-01 7.046882999606454145e-01 6.443056179184769583e-01 6.818326985576187438e-01 5.955952143458467241e-01 6.432550193567883046e-01 7.277098977157892001e-01 7.221398966938205044e-01 7.230783726984475468e-01 6.589444104836840177e-01 7.000731940735972492e-01 6.973275356605083131e-01 7.051922407194815001e-01 6.970792648036775452e-01 7.038264567077087142e-01 7.035574402021365081e-01 6.907420203700743722e-01 6.944811782754661822e-01 6.973922945254862338e-01 7.131835210141067583e-01 7.025676052391640614e-01 7.137815525699741093e-01 6.550552570227375915e-01 6.661882249373166642e-01 7.034576417162196060e-01 6.753034178197591109e-01 6.827809404446915087e-01 7.187814279442535925e-01 7.140043808249394441e-01 7.187823167988636186e-01 7.257915598467916674e-01 7.220147088542679947e-01 7.307147588872153765e-01 7.237022196518221318e-01 7.260843143494649654e-01 6.974955575896385485e-01 7.214504584962503353e-01 6.931422727219131996e-01 6.904681429499152090e-01 6.987682274729423160e-01 7.024248335095920615e-01 7.082597373103548533e-01 7.206712703469086989e-01 6.971108288187995994e-01 7.078954862854131003e-01 6.973960000977513785e-01 7.102848620403119373e-01 7.061252708834947489e-01 7.144540303649066226e-01 6.526635796606826689e-01 6.774089058644672257e-01 6.892218091008150971e-01 6.909130287275556670e-01 6.914446604005340946e-01 6.909306455002475200e-01 6.780089950719966341e-01 6.966447515581607464e-01 6.793192357375543722e-01 6.890517584409548979e-01 7.046477907372405980e-01 7.216746734601759972e-01 7.196986266038922775e-01 7.082950140075700007e-01 6.938112834865813872e-01 7.054384823796888693e-01 6.995844224178179305e-01 6.995568247529079242e-01 7.021210763830948443e-01 6.973653977847772412e-01
4.929712781379744918e-02 1.025234831371486521e-01 3.177129477342000574e-01 4.699704167694282453e-01 4.056720013041916761e-01 3.920755312677287052e-01 6.270261928024335463e-01 5.883734317797963964e-01 6.955872642434632880e-01 5.700910282405563523e-01 1.000000000000000000e+00 7.876872141415700579e-01 6.455718844962211600e-01 6.842168742466797626e-01 7.860577456110633410e-01 7.625860696942597938e-01 7.522842889766409025e-01 6.812769497010242592e-01 7.015925168516831123e-01 6.293236678329006129e-01 6.457221073679682011e-01 6.709196424106923518e-01 7.348699105852410929e-01 6.663522888130442023e-01 7.322991630603473689e-01 7.887255841738844975e-01 7.704437040975196105e-01 7.744147662808076316e-01 7.553501930546034915e-01 7.604116971328386265e-01 8.097339867404009794e-01 8.087672514533900125e-01 7.647202062689603119e-01 7.832702654779892804e-01 7.685273651335811085e-01 7.991977909583053430e-01 8.118718249635495932e-01 8.041419175336068648e-01 8.176527479341793025e-01 8.115877659866281846e-01 8.132365855664177579e-01 8.089453330289264610e-01 8.235073390872633681e-01 8.210566065661026869e-01 8.232428068251735898e-01 8.113284844083238356e-01 8.157335489962216357e-01 8.187988408030583143e-01 8.199795266412434058e-01 8.110928341837603250e-01 8.238291925351887146e-01 8.021736067576890061e-01 8.041401796962637238e-01 8.063737499656413732e-01 8.069772887294024422e-01 8.185813616121949687e-01 8.054881091283421224e-01 8.211662035139084548e-01 8.206424874321368579e-01 8.145155322326328440e-01 8.178717277232531169e-01 8.154582798871676808e-01 8.143505658771169609e-01 8.198057475192283006e-01 8.091345783176313589e-01 8.197895191303258278e-01 8.141222641873538945e-01 8.193647659598336519e-01 8.239616758527570362e-01 8.202580546535583883e-01 8.108646574055753398e-01 8.191082853954306797e-01 8.051282273522563093e-01 8.151507024796239564e-01 8.261734633324702148e-01 8.181483559826130403e-01 8.128988482000611970e-01 8.147118215649795658e-01 8.161405547522062598e-01 8.196293348613615803e-01 8.223769854666224122e-01 8.217289069825176595e-01 8.288488358659673594e-01 8.196282403600501087e-01 8.273966729206512216e-01 8.258407918606887055e-01 8.330676580576996670e-01 8.228371572683936819e-01 8.244269171963546361e-01 8.208588185669952741e-01 8.265097537749999113e-01 8.202915287358031327e-01 8.265809780356101477e-01 8.252154050834370480e-01 8.196286340213151389e-01 8.173129029514367705e-01 8.280985326332391816e-01 8.231066401262863153e-01 8.212685335983109791e-01 8.256082263516971720e-01 8.260858795960430712e-01 8.247319253337377365e-01 8.227079952111369110e-01 8.261570783313443300e-01 8.329226330049132043e-01 8.175850379786505640e-01 8.211742404004059859e-01 8.137746028550864041e-01 8.210586028406068326e-01 8.180362931356117695e-01 8.221121992102909948e-01 8.191930684848319766e-01 8.204542901970871549e-01 8.245300699319978444e-01 8.211454215784018684e-01 8.208329964317934158e-01
-2.132693151419556322e-03 8.367436906429041865e-02 3.074879894948363557e-01 5.028407681879303315e-01 4.185972400567284368e-01 4.390734690398291340e-01 6.793001899681010425e-01 6.495285132812559370e-01 7.218170968332404680e-01 6.102794723270645871e-01 7.876872141415700579e-01 1.000000000000000000e+00 7.117593830474360228e-01 7.444476087367569717e-01 8.558207028862070409e-01 8.288433749892835101e-01 7.711649706321739295e-01 6.910516540745764713e-01 7.208153136116451920e-01 6.553479805904320887e-01 6.581761706792229605e-01 6.824515263994390679e-01 7.514282309981781260e-01 6.678755625596554113e-01 7.361846890344569960e-01 8.105496788660812024e-01 8.143208690959609086e-01 8.157962824293504278e-01 7.822024592171690216e-01 7.753815732833369001e-01 8.475032066030451228e-01 8.485273827242093558e-01 7.988513699409963698e-01 8.158182283807440260e-01 7.921166831665987784e-01 8.378041416749324455e-01 8.468359048569595871e-01 8.555043187253568160e-01 8.683866950401479823e-01 8.571057729095524769e-01 8.729078026775284327e-01 8.664578315160121891e-01 8.802917596829958891e-01 8.823532794518292866e-01 8.679289159830219091e-01 8.661722789313313076e-01 8.815795754251374294e-01 8.799829745090868016e-01 8.833228164186943676e-01 8.567170469808018662e-01 8.832729726941163095e-01 8.607628571311951582e-01 8.680141041170991167e-01 8.633083071269127551e-01 8.541374191975067420e-01 8.615756410844936930e-01 8.572020183397763837e-01 8.804448243106045568e-01 8.794669649315645099e-01 8.787855210093153957e-01 8.821357566913374804e-01 8.787726204821832976e-01 8.713076383829707616e-01 8.794899663970842107e-01 8.674664601964955368e-01 8.759632529590497541e-01 8.809196111206442081e-01 8.748473248754903286e-01 8.764530535319521309e-01 8.808349400605449686e-01 8.605944374034442124e-01 8.740106740689360665e-01 8.528381408535643526e-01 8.599096952062950105e-01 8.834246999606752970e-01 8.781113505814653886e-01 8.752876613949928108e-01 8.695066070639687617e-01 8.726117798591978003e-01 8.705168409104733218e-01 8.740002343347461622e-01 8.794996230987488506e-01 8.842226132913820758e-01 8.721124848574611788e-01 8.815085262490882645e-01 8.765412187955045065e-01 8.918023737740504719e-01 8.873571614616959646e-01 8.869559755082110364e-01 8.769793134676924229e-01 8.873105299641234067e-01 8.868654443604349069e-01 8.874321555304724995e-01 8.873122563309643329e-01 8.898407763932860703e-01 8.850048238388508182e-01 8.868451360776760106e-01 8.806140246550216988e-01 8.903264938683914664e-01 8.914539658139617462e-01 8.921480022229125728e-01 8.898994564517357375e-01 8.871317315629840827e-01 8.934130509792630459e-01 8.949872024003882043e-01 8.790492104708103049e-01 8.886681164696158541e-01 8.791700244306625001e-01 8.820208580594930403e-01 8.875690762557999491e-01 8.875660661961800590e-01 8.859310458556306500e-01 8.872601224960016131e-01 8.909273763956735426e-01 8.846142725767499604e-01 8.867986866062772533e-01
4.838329808730393311e-02 6.461681523483869816e-02 2.471372538607281566e-01 4.050657571774224364e-01 4.103301289167496368e-01 3.702818952757881421e-01 5.863469396063196726e-01 5.751761091212281851e-01 6.544609385965515225e-01 5.437591455947845542e-01 6.455718844962211600e-01 7.117593830474360228e-01 1.000000000000000000e+00 6.552116669682555017e-01 7.600101382154187402e-01 7.465456274210591214e-01 6.788990020500077494e-01 6.023262906585330478e-01 6.505250683267874701e-01 5.372906000131928428e-01 5.693403351427556158e-01 6.136400522733383989e-01 6.577487422793260041e-01 5.890460793445955190e-01 6.555531476106388755e-01 7.157635248739563361e-01 7.161952294029754196e-01 7.103553257732162507e-01 6.843011222077425293e-01 6.861731984569343634e-01 7.333692677676860727e-01 7.349903343817476564e-01 6.907098719653613772e-01 7.074984701301564316e-01 6.962452250498354367e-01 7.179523221715529147e-01 7.391345274393287257e-01 7.356519121391624783e-01 7.607071669509354317e-01 7.387246889306285924e-01 7.689806942639486609e-01 7.614551067521724281e-01 7.691496995350478594e-01 7.740742268696499950e-01 7.612468159747582952e-01 7.618533204792924396e-01 7.752399658529885995e-01 7.754020595623487555e-01 7.760878094596698196e-01 7.322864159216371238e-01 7.623245859871254915e-01 7.418725369923742097e-01 7.537953285049819874e-01 7.672935504195100842e-01 7.552077491371875784e-01 7.559131656257754850e-01 7.476041879935270140e-01 7.693607885195073992e-01 7.655494033274400367e-01 7.748549101991885069e-01 7.724765407105886883e-01 7.695558601588364800e-01 7.614206291294677298e-01 7.642383587809483680e-01 7.591271215154947738e-01 7.685443958482918170e-01 7.761613094780924760e-01 7.719046704411753890e-01 7.711481952684857699e-01 7.594914116909879942e-01 7.603279883374356451e-01 7.732677647994449233e-01 7.495932060369741023e-01 7.559910316554002696e-01 7.778508303473707919e-01 7.724491125292097804e-01 7.700015208817747592e-01 7.632584249540033117e-01 7.685580676890718665e-01 7.710349157579605706e-01 7.709558465220417434e-01 7.734539749868243330e-01 7.723226848363350383e-01 7.658220600872907013e-01 7.712795777740861780e-01 7.677440785916441746e-01 7.804958901962278928e-01 7.771751009008497357e-01 7.794825069470334711e-01 7.716303212717384730e-01 7.759213054779753316e-01 7.802728041076897325e-01 7.794378724363191235e-01 7.814213594740203606e-01 7.803341330513273721e-01 7.811627814880597320e-01 7.706502708042636263e-01 7.693453288757288178e-01 7.803512713703483206e-01 7.802238103121766910e-01 7.813994539086647206e-01 7.789122950987067417e-01 7.760539770093478618e-01 7.856817196732179820e-01 7.823431920661338967e-01 7.744269390665786679e-01 7.820813008653586529e-01 7.770545441467398007e-01 7.789532421225753289e-01 7.817772268484664000e-01 7.783190135922390951e-01 7.811407590650032429e-01 7.810687361501792436e-01 7.819352862663694337e-01 7.778668782145710114e-01 7.794679699220833369e-01
