1.000000000000000000e+00 8.375787532263311019e-02 6.724686431518824004e-02 1.998837872042684427e-01 1.532971243396809291e-01 -5.247291246353422839e-02 1.017411381413197008e-01 4.961474131480190369e-02 1.748091518004363520e-01 6.415672407901838736e-02 3.774129091996844543e-02 8.338057813082658254e-02 5.986862827843410922e-02 2.512667714331924887e-02 6.539109028955619740e-02 8.902713663478439843e-02 1.021559169600319977e-01 5.768443778445555420e-02 6.513579016928305876e-02 6.594786454473382806e-04 1.461977040422583751e-01 9.718788679322398760e-02 1.222518123174010235e-01 5.607424101555275042e-02 4.745263112698087232e-02 1.053862687319551544e-01 8.469076095621543010e-02 7.784061437054559662e-02 1.001814034847893359e-01 9.779098698865323902e-02 7.068529288045709291e-02 5.512222949465216126e-02 9.849789241033772569e-02 8.738373821269557196e-02 7.576316997652336738e-02 8.065796501207234126e-02 8.201035404663914452e-02 3.538613848057239192e-02 5.145166141068371890e-02 1.419697654034941109e-02 2.661840558948636373e-02 1.876542263056684562e-02 1.695640099108053009e-02 3.550533503934373558e-02 3.560509274878111835e-02 4.449142262059391922e-02 2.063770748769543778e-02 1.800900899877849043e-02 2.617632978917534478e-02 4.013337104718892739e-02 3.822093084475458244e-03 4.080415821404748816e-02 3.894500240332639945e-02 5.206255309520444602e-02 3.683502065930759073e-02 4.615543793404178891e-02 7.699015719395614632e-02 3.463360643043572606e-02 1.326039604932204019e-02 6.010309636562596869e-02 3.826482105014076401e-02 4.545392191838598661e-02 3.726539737110778211e-02 4.513517353381024666e-02 6.078042163429699801e-02 7.224847324398125936e-02 1.805830656641232296e-02 1.865521588205833192e-02 4.447126207877066112e-02 2.370371366418790038e-02 4.350537167255080079e-02 2.642510818444306769e-02 1.715074729391705480e-02 2.530486044716585836e-02 2.780239595241756553e-02 1.925905427906141401e-02 2.699252688262622144e-02 5.200940016888148942e-02 3.569734321511647268e-02 2.857804276989803216e-02 2.573537982328803070e-02 2.061132778516006070e-02 3.154083539468562764e-02 4.016570943339645844e-02 2.891584334789893893e-02 3.036835682734856032e-02 2.680847220471753445e-02 1.217396416409430478e-02 1.763266701981321821e-02 1.671123341192341100e-02 1.416480650486696274e-02 1.216461287750429145e-02 1.020520340339635054e-02 1.141999527234333935e-02 8.501965545515089914e-03 1.188906722157345025e-02 1.610642536069805883e-02 4.643087076004148023e-02 1.424417269924493218e-02 1.384442490954045438e-02 1.288585796414220023e-03 1.573203446984122386e-02 2.256405667416777616e-02 1.396305709514143907e-02 2.002690558120946707e-02 3.306779713116237557e-02 2.293011467290099331e-02 1.681247570443779663e-02 1.831690025468040231e-02 2.136328305791302187e-02 7.174795497034597812e-03 2.743999787367015775e-02 1.263091487570162409e-02 2.409854080559071382e-02 4.174615033940069775e-02 3.862579559291997450e-02
8.375787532263311019e-02 1.000000000000000000e+00 7.920061088236046709e-02 1.130946861260473391e-01 8.380752588780436552e-02 5.908737227758466271e-02 1.121381033979200609e-01 1.221405166633128120e-01 2.007657635586240219e-01 2.129492203095109670e-01 1.635205829395585120e-01 1.598794470490992881e-01 1.646977324292555056e-01 1.606984327833953230e-01 1.785366730539601765e-01 1.717275359069043994e-01 1.575766037861960067e-01 1.704265212921182993e-01 1.099258062672170272e-01 1.364428815358160740e-01 1.742413390282487318e-01 1.426341623825019833e-01 1.627006347169349942e-01 1.687183725712259885e-01 1.531885752971113290e-01 1.772882903801066556e-01 1.686090158170234499e-01 1.688947775234893867e-01 1.588232511454486795e-01 2.054852466237200026e-01 1.628600782385416779e-01 1.697659806112636338e-01 1.835851170985139391e-01 1.928354594156344304e-01 1.797478816164549131e-01 1.555650324919223004e-01 1.713551156512921891e-01 1.726898371152043032e-01 1.728762586658853517e-01 1.456244714599113366e-01 1.767121567835143736e-01 1.495289732928891391e-01 1.474646731824012791e-01 1.553913162547832516e-01 1.389729038808485972e-01 1.519438068035846301e-01 1.729762478198574871e-01 1.754020124460179131e-01 1.709476779806273772e-01 1.546694078657408489e-01 1.572256543663675121e-01 1.581826078644703037e-01 1.545774095127047387e-01 1.825011084930349414e-01 1.650548944038514321e-01 1.792728433502925600e-01 1.667282197974621627e-01 1.716923031014137846e-01 1.689810196434978484e-01 1.886885847465483712e-01 1.746419184587930107e-01 1.742042534386461783e-01 1.652273056354173486e-01 1.752593118239975656e-01 1.673034822751768569e-01 1.706243754269417268e-01 1.644294930322786896e-01 1.568831424052471168e-01 1.700716450826641746e-01 1.501794482934764863e-01 1.566554339105925286e-01 1.540636410757603714e-01 1.655508068429600022e-01 1.665555834704896820e-01 1.532233417489909655e-01 1.481705312025629051e-01 1.612669832394325320e-01 1.613516500937894338e-01 1.568193213117273499e-01 1.682664303280632101e-01 1.676867058349628126e-01 1.566010554766703033e-01 1.604461695768382989e-01 1.735729409249355537e-01 1.564669164725288331e-01 1.698346159780812492e-01 1.613099138812526256e-01 1.551319892313886561e-01 1.612960765044881284e-01 1.565165905075987240e-01 1.553411615709969495e-01 1.558049448299441420e-01 1.535017011163216094e-01 1.553386833305111792e-01 1.667777341434482086e-01 1.668490368899709364e-01 1.449671672008822632e-01 1.651477065762927687e-01 1.641925264052167543e-01 1.661289490043850181e-01 1.547864581843523546e-01 1.577355430842619366e-01 1.666508581644358111e-01 1.561529881671046283e-01 1.593665845912611290e-01 1.606356031937402895e-01 1.660515696118793350e-01 1.685531213857381916e-01 1.583521702527984909e-01 1.661788396474383478e-01 1.642881665553487247e-01 1.727100879159476077e-01 1.645084501457312331e-01 1.623902125595285961e-01 1.686694381162306688e-01 1.690119616235106481e-01
6.724686431518824004e-02 7.920061088236046709e-02 1.000000000000000000e+00 2.948658013599899652e-01 2.038120082660485055e-01 2.253614881809717918e-01 3.387639562617962286e-01 2.637713680628647195e-01 3.289151458586099253e-01 3.091982281715844882e-01 2.803993098737014855e-01 3.582037637055347501e-01 2.887438263252797288e-01 2.978591435062467596e-01 3.477053846202311504e-01 3.123345156500697550e-01 3.413770662850114102e-01 3.061315133778482189e-01 3.133654233324081329e-01 2.839705454301217347e-01 2.843606537700593129e-01 3.193984812556724950e-01 3.339017693142548038e-01 3.243886199109340951e-01 3.008922258975377795e-01 3.215910415268870559e-01 3.322050197443706110e-01 3.200752865979751283e-01 3.135566130558118392e-01 2.791003854208392587e-01 3.623994190566747764e-01 3.511331320759132901e-01 3.107850083006657438e-01 3.404971355655930787e-01 3.015279028137527462e-01 3.377744561064572881e-01 3.148476460403454302e-01 3.286528590881306333e-01 3.373404707358459431e-01 3.158904710281879025e-01 3.412664385108855614e-01 3.430373794654559827e-01 3.187268179634581977e-01 3.505479166424940729e-01 3.539576951641730251e-01 3.422906064264706893e-01 3.510381126175361466e-01 3.485006640529875188e-01 3.394660014329773379e-01 3.467914289731851563e-01 3.389121206813424658e-01 3.540799079371051983e-01 3.595781186772794014e-01 3.502591347466276206e-01 3.355218871931475721e-01 3.388328543065330933e-01 3.521895108003590957e-01 3.534002642130490979e-01 3.295411074663565087e-01 3.609162443048570257e-01 3.541846899904693702e-01 3.469794384286062905e-01 3.437861565159045507e-01 3.493524481628084155e-01 3.618935756844567919e-01 3.647014594091904094e-01 3.553399071093333306e-01 3.518586018023539541e-01 3.606573307818455310e-01 3.567381424439660664e-01 3.486504980749766114e-01 3.573902685953371794e-01 3.564093517920239873e-01 3.517297325720290524e-01 3.498912320406810106e-01 3.495508661582117371e-01 3.496434783486940256e-01 3.597840707188931786e-01 3.595686018576286225e-01 3.606513665414533554e-01 3.571260989663647689e-01 3.659350781094148353e-01 3.606814164461992211e-01 3.441256323156760555e-01 3.531690762316089249e-01 3.594628279065036902e-01 3.560467357652661868e-01 3.494131609218490975e-01 3.558652888247317292e-01 3.574651638107866347e-01 3.504112498830272426e-01 3.552481845353664958e-01 3.563302496105425488e-01 3.537749571882198296e-01 3.509357852404690892e-01 3.529058873941992025e-01 3.471316177258829683e-01 3.643632695850602121e-01 3.562157506993263167e-01 3.558268784110146243e-01 3.503528154088957902e-01 3.549320408474455069e-01 3.585467209578925840e-01 3.559263113133254719e-01 3.608115703259610618e-01 3.566010060686243266e-01 3.532960703304710015e-01 3.529864493396638880e-01 3.511633491487866632e-01 3.527271537365435083e-01 3.507921543041078727e-01 3.581024659783695330e-01 3.493310039968706704e-01 3.564688287380978204e-01 3.623861388457504384e-01 3.621642374745676629e-01
1.998837872042684427e-01 1.130946861260473391e-01 2.948658013599899652e-01 1.000000000000000000e+00 3.889195633152668918e-01 3.448667041394024579e-01 5.904464264112345706e-01 5.344224144018043798e-01 5.665394449500912311e-01 5.005859189959838140e-01 5.194088024515650659e-01 6.267395650467741941e-01 5.003630909303525831e-01 5.017557894490574100e-01 6.163538345142373087e-01 5.888045229587430818e-01 5.912815437772452887e-01 5.703316170281877984e-01 6.157321368671179185e-01 4.865712094222271467e-01 6.191765670163031920e-01 6.232527760987952581e-01 6.361736894166184486e-01 6.065517701003599882e-01 5.897623037494217346e-01 6.320372850483900740e-01 6.196098902729022528e-01 6.334552707947188610e-01 6.255681280194381744e-01 6.018762579908270016e-01 6.336863655819772179e-01 6.125000252678406421e-01 6.270190233337927799e-01 6.293362385728122899e-01 6.121370916468054091e-01 6.382783049489515470e-01 6.139859632790184429e-01 6.069771558993408700e-01 6.317145039839151544e-01 5.920851858447350180e-01 5.844616808400497909e-01 5.979410216739771133e-01 5.984121863655694762e-01 6.089247764219031245e-01 6.075912195748383038e-01 6.092731224584387872e-01 5.732325034738677827e-01 5.654434588531945804e-01 5.754200538307434609e-01 6.245633007650341906e-01 5.943204335472561661e-01 6.091870803749004359e-01 6.032094537955261515e-01 5.875969461950241168e-01 5.891490931097327355e-01 6.033492174581730483e-01 6.230794483406849604e-01 5.957943880128967473e-01 5.758478066503318615e-01 5.985706124808070072e-01 6.003962632391165455e-01 5.925956363059339260e-01 6.022166854318060647e-01 6.073885576636169903e-01 5.950444374428704997e-01 6.052964213785884118e-01 5.769869482517604453e-01 5.881778112356834676e-01 6.037460720643575973e-01 5.987276352577381999e-01 6.143721639297976544e-01 5.938914957680144768e-01 5.887719943274959400e-01 5.946740135450928610e-01 5.927640787975682057e-01 5.850837566520946664e-01 5.898863001815652929e-01 6.129057089639390332e-01 5.981949443323999471e-01 5.967852265120575650e-01 5.836788703702827652e-01 5.918504690868570117e-01 5.964318633174525708e-01 5.933012395407208928e-01 5.979680138607521567e-01 5.964260828925053159e-01 5.920445413928510092e-01 5.855390575190080327e-01 5.901215141730667968e-01 5.882468294234615147e-01 5.894081526088327250e-01 5.802678767930551373e-01 5.858633479256352139e-01 5.912618010827753734e-01 5.656057184251707115e-01 5.696208627679203440e-01 5.890773145378627174e-01 6.051294155882077641e-01 5.810414469192396458e-01 5.809108746721320937e-01 5.797164399724107353e-01 5.861665856121943685e-01 5.824594561080955746e-01 5.851831796973727684e-01 5.994420401932931686e-01 5.850755315422372371e-01 5.785293941429192621e-01 5.725940565989218189e-01 5.811305582448988982e-01 5.787928858381992114e-01 5.715424486445903618e-01 5.743847828222192753e-01 5.695652409058202803e-01 5.853981571616460045e-01 5.922409808734189207e-01 5.872336098748023314e-01
1.532971243396809291e-01 8.380752588780436552e-02 2.038120082660485055e-01 3.889195633152668918e-01 1.000000000000000000e+00 2.620962810429028900e-01 4.351370757127613342e-01 4.186852901979762898e-01 4.574160508703154493e-01 4.154888871428012997e-01 4.057998297981498248e-01 4.923568645644221253e-01 4.184210051531438435e-01 4.055906286484313172e-01 4.806846970339497260e-01 4.585774558807636514e-01 4.482548112821720387e-01 4.539284461562709816e-01 4.597489818951265850e-01 3.904311228469656281e-01 4.802977556271483817e-01 4.766036007590882528e-01 4.823620044159433462e-01 4.821280462991175408e-01 4.779659382681468727e-01 4.815967131258070411e-01 4.701384320289311858e-01 4.797425770896195929e-01 4.642480665832415809e-01 4.736227527591314601e-01 4.821792740354499118e-01 4.765752180066782917e-01 4.637846820172221718e-01 4.876922805393472116e-01 4.690637380601019313e-01 4.665091717175398611e-01 4.758677447375317948e-01 4.699034980326357025e-01 4.878460217155057843e-01 4.623552247349012601e-01 4.732522343956030442e-01 4.788300171346309142e-01 4.800989996304981799e-01 4.843586882883267886e-01 4.656288216396004542e-01 4.832455591189041000e-01 4.687153246550490038e-01 4.571964685197482670e-01 4.626969396335965379e-01 4.739354248885188636e-01 4.653258315090171848e-01 4.770145618147959010e-01 4.806277608963481773e-01 4.655006848147309473e-01 4.601044511303383766e-01 4.777810378640500732e-01 4.769654976548560743e-01 4.804975973034711911e-01 4.599645844374651849e-01 4.852369764857195067e-01 4.800059447338556606e-01 4.722863121451480461e-01 4.702333900957055834e-01 4.698725720865114530e-01 4.700136805509074756e-01 4.744185717829153548e-01 4.642428702537307883e-01 4.741954056016019492e-01 4.859156513749418593e-01 4.789385165806716582e-01 4.819775636968304799e-01 4.721039038871058247e-01 4.783766474841266159e-01 4.804623639041246119e-01 4.699064085669291124e-01 4.639555181132349881e-01 4.757181819045553373e-01 4.775851265222756381e-01 4.736857027319666957e-01 4.699236742630694130e-01 4.655488415660172241e-01 4.659337329902455416e-01 4.702259741802749526e-01 4.712933087216414907e-01 4.645935033397430858e-01 4.729122522641930892e-01 4.664815566395777990e-01 4.686276767164092028e-01 4.673438950836198980e-01 4.682205714995138490e-01 4.690297142370654093e-01 4.674130780776593608e-01 4.656353062815520305e-01 4.745145588470602860e-01 4.609463738063964700e-01 4.601108669196546375e-01 4.668972844029003477e-01 4.711035467993091030e-01 4.666229955346287706e-01 4.684863786410514153e-01 4.684726352365276014e-01 4.640947293974782561e-01 4.686592559139505232e-01 4.694999616021638400e-01 4.750539658588600056e-01 4.608636208332483886e-01 4.633699009872510599e-01 4.626684525421301264e-01 4.671996407755903968e-01 4.682764207232115172e-01 4.626097842513944847e-01 4.693971111411516794e-01 4.595862030229161399e-01 4.682794559684586022e-01 4.688137432969685103e-01 4.674227551591086383e-01
-5.247291246353422839e-02 5.908737227758466271e-02 2.253614881809717918e-01 3.448667041394024579e-01 2.620962810429028900e-01 1.000000000000000000e+00 4.794110251874554862e-01 4.696301631620197758e-01 4.695985655716190532e-01 4.633095327552853027e-01 5.097871306042196515e-01 5.364467904184676561e-01 4.689895509271493901e-01 4.698023049731300804e-01 5.455808478116455085e-01 5.071126683137978652e-01 5.293170041254413594e-01 4.859973327242522734e-01 5.163356147754806225e-01 4.224914742167067971e-01 4.467345376743938057e-01 5.012053142381729387e-01 4.956923193651314175e-01 5.004882135217060268e-01 5.090075146111965321e-01 5.188014305930024328e-01 5.262159984468074425e-01 5.259678989150313733e-01 5.098235275922902154e-01 4.741229059342392249e-01 5.540284272063248361e-01 5.426525930621586280e-01 4.832669761299017708e-01 5.180116579385577458e-01 4.978164883775633709e-01 5.347286515567012399e-01 5.203520013891905771e-01 5.434612994072627323e-01 5.519617046268072702e-01 5.362608948068986470e-01 5.597208559525390648e-01 5.639109123424417280e-01 5.584826338328033879e-01 5.688184656172979858e-01 5.777552490176656175e-01 5.642149636065630913e-01 5.727491421606287769e-01 5.678727009451699503e-01 5.661686327920225636e-01 5.458587883945003050e-01 5.623146821707295517e-01 5.574108524982025470e-01 5.721150222107970196e-01 5.629157061602746426e-01 5.531565918015561856e-01 5.540401146837449220e-01 5.547569965879495246e-01 5.690734137165364137e-01 5.612026700428294212e-01 5.648544504766321861e-01 5.719401823521471639e-01 5.674494490543169345e-01 5.620240441489087191e-01 5.636660098514190143e-01 5.641058820482784952e-01 5.651079891504783292e-01 5.759536641656396450e-01 5.744466024706705864e-01 5.709525806570641127e-01 5.684186373639339429e-01 5.689989532210129042e-01 5.762043779669678845e-01 5.703597580340885598e-01 5.661236965183171765e-01 5.794194087903727919e-01 5.799127030711608288e-01 5.768701220304949251e-01 5.640292159961063367e-01 5.733945637929205308e-01 5.760932631040491803e-01 5.737558700716798299e-01 5.812261282566743015e-01 5.819927961337202360e-01 5.645504249763498850e-01 5.725085839141498267e-01 5.707696116268475839e-01 5.793066380519501513e-01 5.741631968086412519e-01 5.810083691924525784e-01 5.793267901680617671e-01 5.759225388014087565e-01 5.783746330842348682e-01 5.817058945489743671e-01 5.805970329180210054e-01 5.750074355862978548e-01 5.773743882358202129e-01 5.654752891203582710e-01 5.636716469715481459e-01 5.715947123676857755e-01 5.702408627010309150e-01 5.788079380986450584e-01 5.737043226056433021e-01 5.728164891676886805e-01 5.772425966046924595e-01 5.780259335066025850e-01 5.692302532588765507e-01 5.756872336175586913e-01 5.759731428767899120e-01 5.774606380433019437e-01 5.743151374650063978e-01 5.764216681035005951e-01 5.742297901189723497e-01 5.768873773650239345e-01 5.792966205063500018e-01 5.740391163974309929e-01 5.735748323017774153e-01
1.017411381413197008e-01 1.121381033979200609e-01 3.387639562617962286e-01 5.904464264112345706e-01 4.351370757127613342e-01 4.794110251874554862e-01 1.000000000000000000e+00 6.758727394465113836e-01 7.051788241873864216e-01 6.550318367465106650e-01 6.840055226196910532e-01 7.936265288935963058e-01 6.611857313706140937e-01 6.756802000767808680e-01 8.124246595657195202e-01 7.634589646550742348e-01 7.688959638914070194e-01 7.006798434731035252e-01 7.594443412507327906e-01 5.729302479976646767e-01 6.915560469779534758e-01 7.530263661029398259e-01 7.571955067049884747e-01 7.202205283190213914e-01 7.193942655244639495e-01 7.827344866480022700e-01 7.819879870966355284e-01 7.964175241000285288e-01 7.912811271254266421e-01 7.149740283404071306e-01 8.120971290659712016e-01 7.957820803451726155e-01 7.729645476475893728e-01 7.809703277474153715e-01 7.499286017192046128e-01 7.905411019576870091e-01 7.782640725084123412e-01 8.047226843026236143e-01 8.046059135746337354e-01 7.773439091076951302e-01 7.885727280047621912e-01 8.029703205792823040e-01 7.785656932979408973e-01 8.165991702531477658e-01 8.161972875666246852e-01 8.275003908159882515e-01 7.948027286588402740e-01 7.931808953305006238e-01 7.944450734653428770e-01 7.975188017609489144e-01 7.951515390615925272e-01 7.898457193970332968e-01 8.097471383453940241e-01 7.977243425693596457e-01 7.995251357877926068e-01 7.983679787916497794e-01 8.065571408066207759e-01 7.990725752040692687e-01 7.946280656898948580e-01 7.970358144558788993e-01 8.006373823476834461e-01 8.016148106869837031e-01 8.072928768661388199e-01 7.922819534218212834e-01 8.009697210106117016e-01 8.088683939852301386e-01 8.028334151557395826e-01 8.025309184256631534e-01 8.100053346712042801e-01 8.042696997415257343e-01 8.082961426244370529e-01 8.086651357120558936e-01 7.921426234362748398e-01 7.936011872371394604e-01 8.140712843848800784e-01 8.107040463203534220e-01 8.107611488987451764e-01 8.247249119486731450e-01 8.163834076072655765e-01 8.122502811595152528e-01 8.054954623463743690e-01 8.148144457520057893e-01 8.176716493129838614e-01 8.021357398501697267e-01 8.129317481006383961e-01 8.084368884341867068e-01 8.160477722504085873e-01 8.119418824643652721e-01 8.146219406708514743e-01 8.104977543646050275e-01 8.091626351416095764e-01 8.052713990578146408e-01 8.083260301456397512e-01 8.149956247604669413e-01 7.945124629788337112e-01 7.987548049552861684e-01 8.019313461621178085e-01 8.082413742363437903e-01 7.986169712243851304e-01 7.981492990963162670e-01 7.977649753532864985e-01 8.055135306769805048e-01 7.958269306999916637e-01 8.082546985345887558e-01 8.101141943327327954e-01 8.077103502507184674e-01 8.045048970933931232e-01 8.007061746216450615e-01 8.101691888958388876e-01 8.033780133965049419e-01 8.024453117938752378e-01 7.954500975028694354e-01 7.988487368597647631e-01 8.054030926158625148e-01 8.071826500226092493e-01 8.052578573611137713e-01
4.961474131480190369e-02 1.221405166633128120e-01 2.637713680628647195e-01 5.344224144018043798e-01 4.186852901979762898e-01 4.696301631620197758e-01 6.758727394465113836e-01 1.000000000000000000e+00 7.034373766783971194e-01 6.474181527974143258e-01 6.771319109554436722e-01 7.649029643958723534e-01 6.587365306797976494e-01 6.726130385433968240e-01 7.821983763493640662e-01 7.427532138338660550e-01 7.092354178397680675e-01 7.118658836623360520e-01 7.188634011920186362e-01 5.747350539381799184e-01 6.854406376052804006e-01 7.179936070724869390e-01 6.943543541585744938e-01 7.086857336130011342e-01 7.096765772192626942e-01 7.527188607280732580e-01 7.461384583558020589e-01 7.528972827789288669e-01 7.329859977598647269e-01 7.240264296499355767e-01 7.649967761736018446e-01 7.477579718532352260e-01 7.322160248486487832e-01 7.566283828929610822e-01 7.315439811942692216e-01 7.543785910817373264e-01 7.488781590105813013e-01 7.615769518371092728e-01 7.839922127419943765e-01 7.235501381112550146e-01 7.662585464352071885e-01 7.711349413641234163e-01 7.601374697463916252e-01 7.840942978114971984e-01 7.711607074199348100e-01 7.793068465064429962e-01 7.734883928049949287e-01 7.679919111332941251e-01 7.687639653449431787e-01 7.591964673119099283e-01 7.743519482870190318e-01 7.764977565873899534e-01 7.804114528237822146e-01 7.699302852525858887e-01 7.599398212246920581e-01 7.599837186996070137e-01 7.801212196876663452e-01 7.797463695620199253e-01 7.637458764640165931e-01 7.847477363776040882e-01 7.890431451382938777e-01 7.823721834229687699e-01 7.803797189953581848e-01 7.854746957151319542e-01 7.784007377092037050e-01 7.821882060107741008e-01 7.751697789566461827e-01 7.792313085713762355e-01 7.803073085556163635e-01 7.713181089518020839e-01 7.805758581228300352e-01 7.785819859108997765e-01 7.716230872718827793e-01 7.726803040866372374e-01 7.862875204683608121e-01 7.784128672640168167e-01 7.800023241004359065e-01 7.806904243453954839e-01 7.770613445871231706e-01 7.797025622128618272e-01 7.778197740507287739e-01 7.765008499884035187e-01 7.820260866711260528e-01 7.825935308524095690e-01 7.784139676781485218e-01 7.781609434846945561e-01 7.790774775993235535e-01 7.789362251110125701e-01 7.857989087510415249e-01 7.745432452560729875e-01 7.760953033885849006e-01 7.763125200690681460e-01 7.746245443690238375e-01 7.829659957500672007e-01 7.717315156305100121e-01 7.735609373061524963e-01 7.718605662360926711e-01 7.813103493266492228e-01 7.786339294407637057e-01 7.744901039198274217e-01 7.808976344448054219e-01 7.815686258609205739e-01 7.772305252361383365e-01 7.843227217584393118e-01 7.840576986100145085e-01 7.757878486497638004e-01 7.780061475722485076e-01 7.764342738462114424e-01 7.762566713678693553e-01 7.791521375700518615e-01 7.708629484807729693e-01 7.781292408555043894e-01 7.752294891184041692e-01 7.861160684979492386e-01 7.790451967318914317e-01 7.784614231390731831e-01
1.748091518004363520e-01 2.007657635586240219e-01 3.289151458586099253e-01 5.665394449500912311e-01 4.574160508703154493e-01 4.695985655716190532e-01 7.051788241873864216e-01 7.034373766783971194e-01 1.000000000000000000e+00 7.389347372306571682e-01 7.221865126146583824e-01 8.262196003646059550e-01 7.196892211588760135e-01 7.599413240234000888e-01 8.328819775834290784e-01 8.013097356401021054e-01 8.031378220217274544e-01 7.717278505812088518e-01 7.598178266470504427e-01 6.115304815726473331e-01 7.483484152941853873e-01 7.744851606172076242e-01 7.587372149256430554e-01 7.727730723955485992e-01 7.600706923411408855e-01 8.061879334672865660e-01 8.052336237427955012e-01 7.997432987657518977e-01 7.830388398917582649e-01 7.954179815908346551e-01 8.416741356173434996e-01 8.217134193658945929e-01 7.861283009896284923e-01 8.137791899442046173e-01 7.887505981973406133e-01 7.919972409986035800e-01 8.051995089189162291e-01 8.160987624593030176e-01 8.334257280992262151e-01 7.644361163308110996e-01 8.378888997141413775e-01 8.217417000839675190e-01 8.040349162156450458e-01 8.432409178024278251e-01 8.258000583586653232e-01 8.294281504464761090e-01 8.553761472581575820e-01 8.525531461235579256e-01 8.449251526916203847e-01 8.100168682415642696e-01 8.269034983079823764e-01 8.266322679753872471e-01 8.499425897679634412e-01 8.537232577406791423e-01 8.234945230093576596e-01 8.370301691540108502e-01 8.478267255102321931e-01 8.526564271537464546e-01 8.254610483606038551e-01 8.772922962679999825e-01 8.613549117154439827e-01 8.547834670782928912e-01 8.357568433501064709e-01 8.591177886432935784e-01 8.608817226329146255e-01 8.631030506510559697e-01 8.548743212560599991e-01 8.495921818216385368e-01 8.540997609269380675e-01 8.368197757961910455e-01 8.484089833335567432e-01 8.492668358482102775e-01 8.434653257445404728e-01 8.456600756622215664e-01 8.478711988011400358e-01 8.411187971503609750e-01 8.489216285485017277e-01 8.518643697109739010e-01 8.498463513468896835e-01 8.561686840588500491e-01 8.517770168441742840e-01 8.483754565909142897e-01 8.493187264747278364e-01 8.522745859436732241e-01 8.385183004101035564e-01 8.481111064082000883e-01 8.433637073170330289e-01 8.421828769216395116e-01 8.488617851186387453e-01 8.415021352292196832e-01 8.379505939832274652e-01 8.461460615138864938e-01 8.416711411822951350e-01 8.475350834543607936e-01 8.503528594764485637e-01 8.522743845915202732e-01 8.278282692145981780e-01 8.503470664507047916e-01 8.531028711368188189e-01 8.497864133728872948e-01 8.447205938647542878e-01 8.446438799218901616e-01 8.568385418181742041e-01 8.515457484539087352e-01 8.506493437591893247e-01 8.476984579241839679e-01 8.543393645958299309e-01 8.525071414951764792e-01 8.440424448509868949e-01 8.539589756273845422e-01 8.432132488212491506e-01 8.649160713635488662e-01 8.482959605657639512e-01 8.578770676546755292e-01 8.608497531677293813e-01 8.598582484150829597e-01
6.415672407901838736e-02 2.129492203095109670e-01 3.091982281715844882e-01 5.005859189959838140e-01 4.154888871428012997e-01 4.633095327552853027e-01 6.550318367465106650e-01 6.474181527974143258e-01 7.389347372306571682e-01 1.000000000000000000e+00 6.812796238616449784e-01 7.708297362435192479e-01 6.844465524791917277e-01 7.315439465807028752e-01 7.973477764549988800e-01 7.482783426588212050e-01 7.423846567227925242e-01 7.144194452665139083e-01 7.052453400512592729e-01 5.797059122061061220e-01 6.591092217819302101e-01 7.107243079565752630e-01 7.241460414524720779e-01 7.253874517479460549e-01 7.112935053511864059e-01 7.586026974130382072e-01 7.635810595644118015e-01 7.678523246250408274e-01 7.380850272664241096e-01 7.309882360096222609e-01 7.977089815367953696e-01 7.853981237841569651e-01 7.433186533594929868e-01 7.632677529379348069e-01 7.302273247348877172e-01 7.350649714980097560e-01 7.690557694252847520e-01 7.812780149231647320e-01 7.864157596318983590e-01 7.537011087431184642e-01 8.094606257019876239e-01 7.975601335248547752e-01 7.661553479710444536e-01 8.018983590193554667e-01 7.869003865323693780e-01 7.952528364109846537e-01 8.153098050385585438e-01 8.197776866444902444e-01 8.053478327512225698e-01 7.595562844416891002e-01 7.833123922021725249e-01 7.733185402114314266e-01 7.995019689706731603e-01 8.117270526671724884e-01 7.931312563511357938e-01 8.043990375588908615e-01 7.931493157072915245e-01 8.135566278595486311e-01 8.016522643173276119e-01 8.228648273346124142e-01 8.139866093352885468e-01 8.105385011888753821e-01 7.932476632035988517e-01 7.988360360661654891e-01 8.062021458812751451e-01 8.058930918149616041e-01 8.170233514735034674e-01 8.112874345910138230e-01 8.161232920695437043e-01 7.991084324640882475e-01 8.016546340989790798e-01 8.087734256850994674e-01 8.064839603033044924e-01 8.064694485404518831e-01 8.096056849172806880e-01 8.065781233775665138e-01 8.145150786568398082e-01 8.139818616337952673e-01 8.155914144961011747e-01 8.163077028766910770e-01 8.138823415701936792e-01 8.161362195256416374e-01 8.154995689254534996e-01 8.093648844306932100e-01 8.010659516586020601e-01 8.117442317524948825e-01 8.117327490759056463e-01 8.122335931876154547e-01 8.131412028817300852e-01 8.109059871048784895e-01 8.101037522302907412e-01 8.157556758723218948e-01 8.119813431084765831e-01 8.140365249020038441e-01 8.178508084694536828e-01 8.200933855861652910e-01 7.944592418292054647e-01 8.035699394721591560e-01 8.136788827477596797e-01 8.117065559280396414e-01 8.098176776912197061e-01 8.098098668447895054e-01 8.173143493410801597e-01 8.141937795624724084e-01 8.123841944944552029e-01 8.102828819062997123e-01 8.161473143637947292e-01 8.212365453354577571e-01 8.131884716552296721e-01 8.183238477065937211e-01 8.152505454650282868e-01 8.227983685143880344e-01 8.140626579197297596e-01 8.151546536446873104e-01 8.176138551007681166e-01 8.200885497052982087e-01
3.774129091996844543e-02 1.635205829395585120e-01 2.803993098737014855e-01 5.194088024515650659e-01 4.057998297981498248e-01 5.097871306042196515e-01 6.840055226196910532e-01 6.771319109554436722e-01 7.221865126146583824e-01 6.812796238616449784e-01 1.000000000000000000e+00 8.038910717689612406e-01 6.815512209655495424e-01 7.163879456261239564e-01 7.955261541933209557e-01 7.598284386980723726e-01 7.471857658322711426e-01 7.446491435300041095e-01 7.446622311870653155e-01 6.126581914499112935e-01 7.070416183618809525e-01 7.505089363337584807e-01 7.157692406680037367e-01 7.429398043590149658e-01 7.473067364113659128e-01 7.900858484686569261e-01 7.927686195131665725e-01 7.884271950900904047e-01 7.547895998242104554e-01 7.694870325958095281e-01 8.173041776601832620e-01 7.886904000208999621e-01 7.405931477258913542e-01 7.712208718429227616e-01 7.636391766777304024e-01 7.644236246445726968e-01 7.849518676322626565e-01 7.960668768526474315e-01 8.087019053739478158e-01 7.722346795823683552e-01 8.205803463565710665e-01 8.107106585888349537e-01 7.973735118489376772e-01 8.236181552980561538e-01 8.112531489157578379e-01 8.153560294218491489e-01 8.290061347846421347e-01 8.247606006104675203e-01 8.298352282399972246e-01 7.959108732157230692e-01 8.163429161936632816e-01 8.064256011891020037e-01 8.225086493266940968e-01 8.154395124437895381e-01 8.072350026096903886e-01 8.128672785986543747e-01 8.148999566545468420e-01 8.167097591712195737e-01 8.165613895085960250e-01 8.265402795273416592e-01 8.313398423322453379e-01 8.227459472362528281e-01 8.157546629798222426e-01 8.232573944847269010e-01 8.138508789459768522e-01 8.166913456580189301e-01 8.294994579408928592e-01 8.325867514103383327e-01 8.249318517447862265e-01 8.189128055536673001e-01 8.261671822385369124e-01 8.275287069160285336e-01 8.240757608029373182e-01 8.254243307222658421e-01 8.358557850011015811e-01 8.327633361478521401e-01 8.318074732485618572e-01 8.199642424129195417e-01 8.294351540111154497e-01 8.348560792320497415e-01 8.307136258754131974e-01 8.330979133001300552e-01 8.289119669025252213e-01 8.288754139316454328e-01 8.223205956966173069e-01 8.205327840068354917e-01 8.241713292008194802e-01 8.275183979633962128e-01 8.306945878173622733e-01 8.286368111026630734e-01 8.261548286952389297e-01 8.296383557298282474e-01 8.289929575251034910e-01 8.314267033512399152e-01 8.292490142855942770e-01 8.295999802713212024e-01 8.203293430389706486e-01 8.223893784134476137e-01 8.291273365524419736e-01 8.273434013863318892e-01 8.300770408234579012e-01 8.295032195262027619e-01 8.293185110168076468e-01 8.318625707898441579e-01 8.299281786595336108e-01 8.237409705170403162e-01 8.321714302619619419e-01 8.298166289076319702e-01 8.305884233065491395e-01 8.313682604877097315e-01 8.274599579551020767e-01 8.308982608266672898e-01 8.291962212985217739e-01 8.324235876455138294e-01 8.255015268292854591e-01 8.281113079064009730e-01
8.338057813082658254e-02 1.598794470490992881e-01 3.582037637055347501e-01 6.267395650467741941e-01 4.923568645644221253e-01 5.364467904184676561e-01 7.936265288935963058e-01 7.649029643958723534e-01 8.262196003646059550e-01 7.708297362435192479e-01 8.038910717689612406e-01 1.000000000000000000e+00 7.762109268480575919e-01 8.105460335957354046e-01 9.143498846109190392e-01 8.630195649475493891e-01 8.457071900560494404e-01 8.236085755092872329e-01 8.511297589533218799e-01 6.767452841176444522e-01 8.006590293556420379e-01 8.516249994869592443e-01 8.407879285947659209e-01 8.444034650336089687e-01 8.439503245027972778e-01 8.923810617377311294e-01 8.967377338896408423e-01 9.015616933950039158e-01 8.793720033663376956e-01 8.598221231391830477e-01 9.211515480267324918e-01 8.980994873391331401e-01 8.609161508159971499e-01 8.866256448406918400e-01 8.646995589796833137e-01 8.756235160932620554e-01 8.891480267829994233e-01 9.115957927843991726e-01 9.198623198276079105e-01 8.813577732513943053e-01 9.215196210813988431e-01 9.217054686378950423e-01 9.034516087646023985e-01 9.319846462302666668e-01 9.150333910771556445e-01 9.274414019937943232e-01 9.262414869757052971e-01 9.221246948788694997e-01 9.224482063234179519e-01 9.059320657656925180e-01 9.174084101503433564e-01 9.115167900802289003e-01 9.247613502301478272e-01 9.193367600555777397e-01 9.130346294125188944e-01 9.195704943983888935e-01 9.236276722460973199e-01 9.281742531844447974e-01 9.177943625183200282e-01 9.335092437475549509e-01 9.349597894848252766e-01 9.291732012797122575e-01 9.260336924163724559e-01 9.253511575537324285e-01 9.145078836234354913e-01 9.224913478741167960e-01 9.271824654047746694e-01 9.292149505361179118e-01 9.308648827014752714e-01 9.214867378111210039e-01 9.295331287388681751e-01 9.275077197530813278e-01 9.229446906034670661e-01 9.256107741866752558e-01 9.329273159361556322e-01 9.281252684355622007e-01 9.322260667408410750e-01 9.339024085007394671e-01 9.326163196711287906e-01 9.327651459843627757e-01 9.278307271875277928e-01 9.301406361942495815e-01 9.296005919450519572e-01 9.269662603662464084e-01 9.232001227511553720e-01 9.251654228326324780e-01 9.264969384425837395e-01 9.291902103549937175e-01 9.311005481126205519e-01 9.272331920866954125e-01 9.265412548937248527e-01 9.296812180876092846e-01 9.270520523228885645e-01 9.330904342870141033e-01 9.251119981272769577e-01 9.258587304245822214e-01 9.194267003016470818e-01 9.248695271505801285e-01 9.280439519861054531e-01 9.271169524058187061e-01 9.286921641556969975e-01 9.286635970815978469e-01 9.273437116739512431e-01 9.314637253907775971e-01 9.310407169329040222e-01 9.244131146899072782e-01 9.282944902515349872e-01 9.269225727911766244e-01 9.287850462853164402e-01 9.286552231813043345e-01 9.260662932070580222e-01 9.288670002902462697e-01 9.266380538931013877e-01 9.297730681708403777e-01 9.252707356832022834e-01 9.296049907980360461e-01
5.986862827843410922e-02 1.646977324292555056e-01 2.887438263252797288e-01 5.003630909303525831e-01 4.184210051531438435e-01 4.689895509271493901e-01 6.611857313706140937e-01 6.587365306797976494e-01 7.196892211588760135e-01 6.844465524791917277e-01 6.815512209655495424e-01 7.762109268480575919e-01 1.000000000000000000e+00 6.966185144086922687e-01 7.862999521606169884e-01 7.510205394599654971e-01 7.329195431253734405e-01 7.141614572850508713e-01 7.286633186985024269e-01 5.582854033086568357e-01 6.820028797660050435e-01 7.385856827736394514e-01 7.028797249039360207e-01 7.120779621774268042e-01 7.222247572138865701e-01 7.578310174413878109e-01 7.594745964434823637e-01 7.562533692117380246e-01 7.367338531349090225e-01 7.165378518631302374e-01 7.844304793370310280e-01 7.717586905536490960e-01 7.238007916215618565e-01 7.526696675448210083e-01 7.202915531954946493e-01 7.429644557821085682e-01 7.563286699788510647e-01 7.895746898303854788e-01 7.862489332969789801e-01 7.544555656511158226e-01 8.030734572995112952e-01 7.994412873977344569e-01 7.806646897820276321e-01 8.092392396191893100e-01 7.893614862310820435e-01 8.066368836359177896e-01 8.115041934705630178e-01 8.098909207502009711e-01 8.031224136741464958e-01 7.761969252031892808e-01 7.980820957855156994e-01 7.863137570075653393e-01 8.037587100119510941e-01 8.025865674442991260e-01 7.931698137425896578e-01 7.978021159658724715e-01 7.911819004027553781e-01 8.113185169303099853e-01 7.988532845365566848e-01 8.174951140054231846e-01 8.123770485941814723e-01 8.089509797236963395e-01 8.001295681513633795e-01 8.020532582442466696e-01 8.056958005824881308e-01 8.036474197908858308e-01 8.120857601043521834e-01 8.099475838261197547e-01 8.058422916963196014e-01 7.989758676055735975e-01 8.078895996680003355e-01 8.111624953742222477e-01 7.967835178467761459e-01 8.012488793712236879e-01 8.105956419493757226e-01 8.066179576641226978e-01 8.086746509861270082e-01 8.055979122890429833e-01 8.069185863162425809e-01 8.090383051709184592e-01 8.058591499535660008e-01 8.092367390215995382e-01 8.064491034856987595e-01 8.036766183713605072e-01 8.006889970499244669e-01 8.014703282306974153e-01 8.033669195957526821e-01 8.093197191603680452e-01 8.100951371220989072e-01 8.045027243106581682e-01 8.030396431422333059e-01 8.120842079204061426e-01 8.083102134076382006e-01 8.138281628459940187e-01 8.122548192352293528e-01 8.124526932360187637e-01 7.966409690743105898e-01 8.039799066159802887e-01 8.095037384681167403e-01 8.093394010881066469e-01 8.083280444463624148e-01 8.071462939742580778e-01 8.111476295864028518e-01 8.131966550312577091e-01 8.115914700576910557e-01 8.027591793151104271e-01 8.124480518219473479e-01 8.103210298833094516e-01 8.083012869806047718e-01 8.139932904329429952e-01 8.097761282015323303e-01 8.149383009350398277e-01 8.098024703373053468e-01 8.136007353886214322e-01 8.132166131053530922e-01 8.134259894048593287e-01
