1.000000000000000000e+00 1.768008794126765260e-01 1.059819949792191046e-01 7.192871109710521904e-02 -1.647811535794590707e-02 3.154782075219404736e-02 8.412778878222337831e-02 5.086887389162537271e-02 1.501080193258950701e-01 7.550603471132813493e-02 9.529386802504799525e-02 4.775497451310677099e-02 1.142238024375445866e-02 3.015735156531613309e-02 2.781325967802506655e-02 2.737452957467936127e-02 1.034624822826008955e-01 1.926542944001015945e-01 1.765897435377294100e-01 1.246664066407009580e-01 1.618770065780809342e-01 1.600338421414435608e-01 1.879769160866925914e-01 1.965952711918199092e-01 2.054440415281146015e-01 1.170740628459583099e-01 9.561348354960894080e-02 1.078034370629409183e-01 8.307251398874429538e-02 1.667038355985688558e-01 1.083125941636932238e-01 1.043845981876007217e-01 1.189786776399089779e-01 5.527761806874660622e-02 1.089222954927900056e-01 9.070250252842829153e-02 1.113883571561004593e-01 3.011421131987217226e-02 3.888044936324865086e-02 5.137091735483135385e-02 3.603995588570463315e-02 1.326943582142113207e-02 2.177667389068227780e-02 2.420769750512109797e-02 5.107704238741101604e-02 2.811435684843795191e-02 2.234523528606140175e-02 3.512789101831400446e-02 4.519096255291898956e-02 5.502208896261574778e-02 4.073757093780647209e-02 3.073756094140205411e-02 1.795152445072029090e-02 3.835174364095357558e-02 5.022833582783357842e-02 5.010112373734423863e-02 5.910278666451266455e-02 2.768160455781706192e-02 4.047617045884004811e-02 2.550304855472199789e-02 3.258870885971316272e-02 3.278662882939108875e-02 3.034575956441873043e-02 3.068361320318209462e-02 4.504179246588629199e-02 3.607360286193224408e-02 3.032932405426184280e-02 5.179095106152909606e-02 6.128829323194578960e-02 4.723774501548339000e-02 5.988906715871054193e-02 5.714869313816558355e-02 7.016244293229226270e-02 9.251282091420105769e-02 4.084378419953144795e-02 3.472640267617844306e-02 2.987268623006266582e-02 3.152762161011176539e-02 4.984232434354254893e-02 6.403963725396585871e-02 6.426169374224548203e-02 4.403776088065252531e-02 4.867172195470385182e-02 5.402838540440453585e-02 4.053403084781050797e-02 3.653007519641351258e-02 4.566856185287895137e-02 6.474330295765722172e-03 1.726860270740932651e-02 2.267434997625813672e-02 3.381769057100821735e-02 1.742875530682505558e-02 2.251654063588006544e-02 1.196395042839390986e-02 7.064669446300094954e-03 1.564594126508365643e-02 2.261784376180472553e-02 2.891379607360881551e-02 1.656314033153722179e-02 2.205955439961623105e-02 5.422606536040567790e-03 1.678960716740749218e-02 1.270219305035909241e-02 7.903302255928645534e-03 1.690652334554452324e-02 2.000687782279382890e-02 2.591580849844263290e-02 1.645427605565827692e-02 2.402356692053678883e-02 1.473218308552027428e-02 5.612919709972063846e-03 1.215592215394691207e-02 8.898240428145489517e-03 1.805757679967145632e-02 1.870530066106230321e-02 1.810165168318846052e-02
1.768008794126765260e-01 1.000000000000000000e+00 1.109653542395074438e-01 8.143761812592152649e-02 6.185815698002703616e-02 1.139246555020144436e-01 1.700183717220766222e-01 1.043473261462980473e-01 2.217985667223503488e-01 2.005550687505090468e-01 1.626744917319131456e-01 1.428482806511333914e-01 1.551266409864637541e-01 1.436840883811605907e-01 1.549088760375157414e-01 1.404909521096873171e-01 1.718060498283872917e-01 2.139444280834798817e-01 2.172209348835399956e-01 1.172168907178761099e-01 1.188591025010052454e-01 1.875273713402431375e-01 2.450045945214096854e-01 2.117023323347374808e-01 2.430483588332831013e-01 2.084050452894068428e-01 1.931648402442957824e-01 2.227137424682757993e-01 2.160673964100166822e-01 2.646388080659821118e-01 2.167970475466070024e-01 1.865126106423502239e-01 2.009013065983566715e-01 1.238646748961419880e-01 2.157861790875150731e-01 1.554265851385137343e-01 2.073762511650322216e-01 1.529644744793421940e-01 1.757367438333562459e-01 1.715402750835335055e-01 1.802455186700910317e-01 1.585168943003726350e-01 1.456890861551323746e-01 1.602287394690290467e-01 1.855957869016260364e-01 1.694617261269072972e-01 1.558520862333861445e-01 1.721074712688844266e-01 1.579360792513437306e-01 1.273431800047887252e-01 1.367357517411843248e-01 1.255122624278204035e-01 1.472647807393715202e-01 1.665932509501618641e-01 1.701035689622150127e-01 1.839621632490630598e-01 1.440837012049087096e-01 1.498608621583581713e-01 1.479071927185255098e-01 1.635894018869650524e-01 1.517372700874977109e-01 1.542986469041625897e-01 1.400217978148126374e-01 1.541120758260229595e-01 1.616472154569719988e-01 1.589219236781650724e-01 1.718638114942716011e-01 1.870636444315167402e-01 1.812059998682954420e-01 1.590333826658519578e-01 1.726645232387432893e-01 1.846829239231594921e-01 1.713169389117909225e-01 2.125771267938062481e-01 1.834645914029065794e-01 1.774036209708549916e-01 1.800996585518191417e-01 1.888716804486897938e-01 1.919585283560371058e-01 1.993406296490352059e-01 1.991974873551355385e-01 1.883163845439969064e-01 1.758708638670263558e-01 1.857038625563025847e-01 1.501145838185726777e-01 1.524911738993885157e-01 1.750056230772808197e-01 1.552596371770917083e-01 1.649453082874226262e-01 1.725425617584986915e-01 1.751230090691241748e-01 1.632252079851237714e-01 1.694879648000426897e-01 1.660087896964499432e-01 1.562992444888564592e-01 1.672166207319554787e-01 1.452265967143715475e-01 1.404396000791443555e-01 1.526771975264439585e-01 1.528717478461692203e-01 1.523896114741775110e-01 1.465716738299400190e-01 1.530720316920490542e-01 1.527399940597589101e-01 1.475545562061321980e-01 1.520971828947939308e-01 1.606849981019331242e-01 1.672551114423935781e-01 1.686790853294020953e-01 1.579454864942153869e-01 1.523572808384682786e-01 1.606717200647463373e-01 1.564816865428517167e-01 1.565446096830257483e-01 1.551675994393404145e-01 1.604669457635067020e-01
1.059819949792191046e-01 1.109653542395074438e-01 1.000000000000000000e+00 3.403599725604898873e-01 2.100191355111579450e-01 2.528394841085124245e-01 3.912305750988775421e-01 3.181472565584146373e-01 3.722493352771097386e-01 3.525117693111081141e-01 3.639494289985862330e-01 3.847403847647986597e-01 3.362430700944616380e-01 3.466424199698371345e-01 3.818020621474950693e-01 3.751755703423663713e-01 3.692585726861286610e-01 3.853288037222092344e-01 4.033028733097094309e-01 3.259106483394933473e-01 3.337636120986021138e-01 3.764428686644459843e-01 4.025600061947807728e-01 3.711774166241769146e-01 3.809758580676777528e-01 3.972024266735417752e-01 3.897247643996711308e-01 4.082737213080093186e-01 3.784145703901959923e-01 4.035617080517661659e-01 4.084244614271252960e-01 3.955484787606893260e-01 3.946976795710713803e-01 3.349208522235931906e-01 3.907289580681671537e-01 3.899071099005523289e-01 4.021486193897848560e-01 3.789706010760895416e-01 3.869537390092983031e-01 4.004909219270723630e-01 3.861708022439387933e-01 3.852185825934371644e-01 3.786849527151378014e-01 3.847803322929476688e-01 4.055329978401015500e-01 3.895714568321463345e-01 3.766848660502550850e-01 3.820875954988091072e-01 3.763129641430164041e-01 3.619868983652593242e-01 3.671278511001104805e-01 3.594367973170491393e-01 3.823898953631164055e-01 3.784854734439891955e-01 3.850267577648863182e-01 3.975182301409936891e-01 3.830324947580399098e-01 3.777062354095495067e-01 3.797205935282834677e-01 3.787391737709314699e-01 3.834498729395657279e-01 3.773147665101217463e-01 3.746007977232996278e-01 3.736332201852898827e-01 3.891020790479075009e-01 3.827991257989014628e-01 3.841757009595042627e-01 3.986322291405165474e-01 3.932408808438972447e-01 3.918837991436426305e-01 3.949673029722265971e-01 3.971771608932815889e-01 3.933085821255656866e-01 4.045342844989103792e-01 3.936038763396021434e-01 3.933478465388313139e-01 3.928777457592142475e-01 3.926547207089850500e-01 3.954185060300423049e-01 3.904556546669284978e-01 4.015468007736593403e-01 3.980221282655116988e-01 3.938330117051062063e-01 3.919934229050156538e-01 3.740668601114195413e-01 3.789728983768828052e-01 3.940992322928120739e-01 3.834050325077304477e-01 3.826272013242489889e-01 3.907606490107241037e-01 3.936824513649502810e-01 3.867828409186603866e-01 3.887821052432728908e-01 3.848690356853121108e-01 3.752872896447119189e-01 3.804635030730313394e-01 3.817826323286294676e-01 3.696967540590951340e-01 3.819353932518825268e-01 3.809806572506286293e-01 3.825070375142237133e-01 3.801177079486456889e-01 3.808853885655380522e-01 3.785629976057500179e-01 3.852819074053228099e-01 3.888894755151527383e-01 3.806782471709039828e-01 3.812261921191807401e-01 3.845786324514171017e-01 3.800147721933765377e-01 3.808125736659911387e-01 3.796893390470650886e-01 3.807342813448068575e-01 3.815182453846318045e-01 3.809102580796742132e-01 3.816856415197529828e-01
7.192871109710521904e-02 8.143761812592152649e-02 3.403599725604898873e-01 1.000000000000000000e+00 3.364995303443458763e-01 4.178303271538170716e-01 6.047420735514812407e-01 5.692440077052627334e-01 5.405382709019049825e-01 5.026047531305686267e-01 5.762460454175014624e-01 6.466647390128219541e-01 5.441923598762847814e-01 5.573572935505134440e-01 6.220160876798832561e-01 6.073448079363973351e-01 5.681972579650346189e-01 5.432797359469362375e-01 5.673986260141508087e-01 5.869367906609401775e-01 5.675448626988049972e-01 5.822488039690622008e-01 5.679850977205720408e-01 5.319438197043592220e-01 5.266809156034660822e-01 6.272067811600753329e-01 6.014584863774651291e-01 6.129464774945002636e-01 5.559041258888036685e-01 5.518034341608588633e-01 5.948092491336061105e-01 6.109090954872332668e-01 5.974941261454235208e-01 5.616384894995183341e-01 5.818630032230599491e-01 6.245719731800907226e-01 6.118379849059701892e-01 6.295278700552708884e-01 6.169399848975914979e-01 6.291777052528630954e-01 6.188276543611733738e-01 6.254031671570212669e-01 6.382005677592672566e-01 6.207519179451217450e-01 6.242020707898965348e-01 6.236004104083804345e-01 6.013412926978598527e-01 6.034456767293648882e-01 6.104334050149436974e-01 6.247161733626638291e-01 6.221773390016739347e-01 6.206730542473197776e-01 6.102736445104798291e-01 6.002216981852736000e-01 6.161540570833213826e-01 6.193679929832218711e-01 6.333724551111854506e-01 6.135991205882622701e-01 6.237404924193346023e-01 6.028008141338636605e-01 6.318072703643689003e-01 6.063405453924464172e-01 6.224544483732402655e-01 6.085434420751507645e-01 6.109653135685588765e-01 6.142802369837385701e-01 5.964967354639937325e-01 6.035323405173380618e-01 5.994929459891434886e-01 6.243092694572052181e-01 6.217053533394827358e-01 6.063274606136287437e-01 6.038513471892072992e-01 6.008433177828352845e-01 6.122115660296805206e-01 6.053177911373028852e-01 6.095688407815729182e-01 5.969323720486323648e-01 6.085522400605131166e-01 5.889911295152245874e-01 6.011753207954472211e-01 6.026718435438090937e-01 6.091591815631264284e-01 6.008705007178742896e-01 6.105194683177963544e-01 6.067492243531177332e-01 6.142297081802536862e-01 6.129362168915970521e-01 6.057987844647365616e-01 6.186481098659650790e-01 6.142673637835257550e-01 6.181565095296192025e-01 6.102467657560030068e-01 6.137305531837566885e-01 5.949653771695161408e-01 5.964019910877831343e-01 6.312334041075347013e-01 6.198024160173168928e-01 6.207242353794206746e-01 6.176363819110177733e-01 6.265801670073152252e-01 6.237433511865463354e-01 6.074389643156034024e-01 6.162054927579824204e-01 6.207545605659965382e-01 6.249614394382699833e-01 6.079098057988064907e-01 5.987491342939215144e-01 6.094294987933336349e-01 6.026227577299665406e-01 6.119130155250983583e-01 5.992810575892846270e-01 6.087132530980078338e-01 6.109721368568694633e-01 6.071461757867704367e-01 6.091856824980587115e-01
-1.647811535794590707e-02 6.185815698002703616e-02 2.100191355111579450e-01 3.364995303443458763e-01 1.000000000000000000e+00 3.272507065567960560e-01 4.434001491418919638e-01 4.343427649486500397e-01 4.380227725222299306e-01 4.020311910232408081e-01 4.456906082948582370e-01 4.868581010460655278e-01 4.583508179484105383e-01 4.305180446027154217e-01 4.876988833281123426e-01 4.800104032625607808e-01 4.344022249463619922e-01 3.942392166385369490e-01 4.091443569331605357e-01 4.076103032606902543e-01 3.623877664623763595e-01 4.010811334617614410e-01 4.270926117149246859e-01 3.900041823359478022e-01 3.774562443020935687e-01 4.618857045441713272e-01 4.522148851919487456e-01 4.587159176154060880e-01 4.237357992022224851e-01 4.309029411985341174e-01 4.655680682542866489e-01 4.640253763760693317e-01 4.429271046138934520e-01 4.197460766322363979e-01 4.549756458975581230e-01 4.571975367931598311e-01 4.650092986348641766e-01 4.777511306605124464e-01 4.896126166078179076e-01 4.703242374259053449e-01 4.887043726425663870e-01 4.910516396712920062e-01 4.965922068889376262e-01 4.939437079000666420e-01 4.883068546866539128e-01 4.942249825010654463e-01 4.839293456013851191e-01 4.857985174735676148e-01 4.765680096525886644e-01 4.537230846666464035e-01 4.746497734132343882e-01 4.559962010734487925e-01 4.823520115955669540e-01 4.841175608370493766e-01 4.761483027041550908e-01 4.887962595161348678e-01 4.691704506786657514e-01 4.908141643176137103e-01 4.793019555201854520e-01 4.919867105821532083e-01 4.926929410906256690e-01 4.830611592422104916e-01 4.792215247839366477e-01 4.835489711243473598e-01 4.806497506735963321e-01 4.857677056536129911e-01 4.896595807214634277e-01 4.847901742768178091e-01 4.849452463376920375e-01 4.910281216938898186e-01 4.819024859996247634e-01 4.877246566971163988e-01 4.763444191090049351e-01 4.776899520515208719e-01 4.888211771534957117e-01 4.866222849110370952e-01 4.879469613931112781e-01 4.797574324291379311e-01 4.842553376681965616e-01 4.788139001141257234e-01 4.836586247325055932e-01 4.870279157885005206e-01 4.843734931481424311e-01 4.845383908474896750e-01 4.740916517343486403e-01 4.773467226237147476e-01 4.890114550954804407e-01 4.917074180118426452e-01 4.905714804155510977e-01 4.929058915981198163e-01 4.889086290387822942e-01 4.981434343907488183e-01 4.948305013212377368e-01 4.975763432239567741e-01 4.915239777007080479e-01 4.914252006367224035e-01 4.839377374402323850e-01 4.694957323503330948e-01 4.899931798853046638e-01 4.874415292917065323e-01 4.974587511714818611e-01 4.853592950031933029e-01 4.924214782120820977e-01 4.969052725436964302e-01 4.896812000395011633e-01 4.820951159411276388e-01 4.866264817318273761e-01 4.922229262806694927e-01 4.898409483623734073e-01 4.926210991324038724e-01 4.938139842834393112e-01 4.931843757139358631e-01 4.913817218772286721e-01 4.877507632262856885e-01 4.855045521897241034e-01 4.896592105676146889e-01
3.154782075219404736e-02 1.139246555020144436e-01 2.528394841085124245e-01 4.178303271538170716e-01 3.272507065567960560e-01 1.000000000000000000e+00 5.605849107325328040e-01 5.010564045738163941e-01 5.171661050655638192e-01 4.987070685967742723e-01 5.338049367597755834e-01 5.860729164063183116e-01 5.184343763877182765e-01 5.203595542426501241e-01 5.865600575889131640e-01 5.744317738455196887e-01 5.197802624735325949e-01 5.219285996749181145e-01 5.387090745835375616e-01 5.120551939477971937e-01 5.054964483503957551e-01 5.399846584062261146e-01 5.361791458693312418e-01 5.140851578686200796e-01 5.121964289388725167e-01 5.843819119664204198e-01 5.734909306072630830e-01 5.835610882560753332e-01 5.511592886694854920e-01 5.546633239240226221e-01 5.842111373365020954e-01 5.740332903915923435e-01 5.705686111464515209e-01 5.270334740600776113e-01 5.640196522463754025e-01 5.619677873980949423e-01 5.821787533278129922e-01 5.907156887785817156e-01 5.908568920271137781e-01 5.753055563369204872e-01 5.924000751511132590e-01 5.957517265287955999e-01 5.961597039133501585e-01 5.955699720029413724e-01 5.916103228161933014e-01 6.011705153470171537e-01 5.859332680545037420e-01 5.854808110508233909e-01 5.857269177874195876e-01 5.728673951579575929e-01 5.796175243647770925e-01 5.579746584861401404e-01 5.791849013010594849e-01 5.826124608052729581e-01 5.874670438596861777e-01 5.926822804567152270e-01 5.764851842146937466e-01 5.887443737476981687e-01 5.890606212236851880e-01 5.873193708098937149e-01 6.014200727559421145e-01 5.859364749436924980e-01 5.862476902258523248e-01 5.864546368668517307e-01 5.721766431851511570e-01 5.834625388160008530e-01 5.873864680194033072e-01 5.953618571325512976e-01 5.934319806628850502e-01 6.037844859398697750e-01 5.997758792768534963e-01 5.956556454475874229e-01 5.922694907892086524e-01 5.942727658340233310e-01 5.950330282447494623e-01 5.955108649444271762e-01 5.978466953013935603e-01 5.933116324215723658e-01 5.999238913290200204e-01 5.872923990622275214e-01 5.961343628193884747e-01 5.897693753056397759e-01 5.882714026861163292e-01 5.886045308530835074e-01 5.842438591603861253e-01 5.849579913464462155e-01 5.929634889033701395e-01 5.947476153450395042e-01 5.934666154441994301e-01 5.968863198199054754e-01 5.932249961495429380e-01 5.977016956015148708e-01 5.937708514249097069e-01 5.970213110909192711e-01 5.862743842460612642e-01 5.883206837213565965e-01 5.916865778434382550e-01 5.803783649750976492e-01 5.931519471778861075e-01 5.929391515536761581e-01 5.994869558720758995e-01 5.893772434102404478e-01 5.898331228822534245e-01 5.949716091643109106e-01 5.908028324360614647e-01 5.865050286674197144e-01 5.895298042687381335e-01 5.879679498332829324e-01 5.933131154895485704e-01 5.873011237018682662e-01 5.905598881353590901e-01 5.863002685174176776e-01 5.901322011586357386e-01 5.898808855510319082e-01 5.836589444726771880e-01 5.882348905166197017e-01
8.412778878222337831e-02 1.700183717220766222e-01 3.912305750988775421e-01 6.047420735514812407e-01 4.434001491418919638e-01 5.605849107325328040e-01 1.000000000000000000e+00 7.166170410481936814e-01 7.305813657589377286e-01 6.866145113385104803e-01 7.571196627979437377e-01 8.066701839855208167e-01 7.171824635280841242e-01 7.360647839204835785e-01 8.394543857960491406e-01 7.974999737597031624e-01 7.530726174377558868e-01 7.365577048824158979e-01 7.515995539406635784e-01 7.244860702683159071e-01 6.913192002523508295e-01 7.448546881190821756e-01 7.746548261129667656e-01 7.169760078173024187e-01 7.034903830253262935e-01 8.252805901225510610e-01 8.120727475151436892e-01 8.339658214020810867e-01 7.833187149799051285e-01 7.900256787848305429e-01 8.181611909116823789e-01 8.135262026566555393e-01 8.070956062235644657e-01 7.379301479775621786e-01 8.026942324840049547e-01 8.029980010812182156e-01 8.213489934683118054e-01 8.325922542629272671e-01 8.251486232815962163e-01 8.166938783317898576e-01 8.241010445438582410e-01 8.299995788639070726e-01 8.284235181047572283e-01 8.241379158778060487e-01 8.274604495823073558e-01 8.355487611281290361e-01 8.062450688813823652e-01 8.083946962034900263e-01 8.089724188018170281e-01 7.908664988543208096e-01 8.030074283742223429e-01 7.639579843985473406e-01 7.951273723738635502e-01 8.082022390412391122e-01 8.165187270035173528e-01 8.302788550503203968e-01 7.995804321776803780e-01 8.073597395755380823e-01 8.079912621194863531e-01 8.061427197466832784e-01 8.186815523963313357e-01 8.017784691733014224e-01 8.055551237710051327e-01 8.044080557492362393e-01 8.030010161145285652e-01 8.087596855055942946e-01 8.119064669955661229e-01 8.188545886951303920e-01 8.213316278968295636e-01 8.273238378353316991e-01 8.200395836180149889e-01 8.204917780068667899e-01 8.149020062645701001e-01 8.127954419051294233e-01 8.272113667933463921e-01 8.226447891751255126e-01 8.274063765091665967e-01 8.250102048135937727e-01 8.317412767604774881e-01 8.160769112600314568e-01 8.232112480482041139e-01 8.205896332263976634e-01 8.246001568678748006e-01 8.228757932818778764e-01 8.131735782032499804e-01 8.096181605480563537e-01 8.259329380567662637e-01 8.229847733773084650e-01 8.195694431317085416e-01 8.310720857360347491e-01 8.275081539942371611e-01 8.252378005929831284e-01 8.210630879363695067e-01 8.265577543661449811e-01 8.042096108876610749e-01 8.091376975934082560e-01 8.190088756899556177e-01 8.000011150652701630e-01 8.172801371445816976e-01 8.180626077710048127e-01 8.280630944940530203e-01 8.140825242698787045e-01 8.057656605573342290e-01 8.189918579186147296e-01 8.130947338157331616e-01 8.164790306999084590e-01 8.135349992682074927e-01 8.127717240727331260e-01 8.197508803555099144e-01 8.097841179936751121e-01 8.148157922002072784e-01 8.063768469731359412e-01 8.117357509971171448e-01 8.146960020134411673e-01 8.060096487318682001e-01 8.093209379273723636e-01
5.086887389162537271e-02 1.043473261462980473e-01 3.181472565584146373e-01 5.692440077052627334e-01 4.343427649486500397e-01 5.010564045738163941e-01 7.166170410481936814e-01 1.000000000000000000e+00 6.870324204975625237e-01 6.370060297161371787e-01 7.104287724310364149e-01 7.805465366675430339e-01 7.054646068532605119e-01 7.094624877897022230e-01 7.942086190823436365e-01 7.841157108944872833e-01 7.230906875464930827e-01 6.620983050332116537e-01 6.803175695718773897e-01 6.981941581698076771e-01 6.467989989505995574e-01 6.766448013398945749e-01 6.868325409332225462e-01 6.445449640453311257e-01 6.066637362595355132e-01 7.563261350943916161e-01 7.483999798744007670e-01 7.467353508894964964e-01 6.801172880498955742e-01 7.000205117610187600e-01 7.405989232988873239e-01 7.772150182691556219e-01 7.425569695840360529e-01 7.278545038234811582e-01 7.353964203886643736e-01 7.629910809598808852e-01 7.465506923731756173e-01 7.969327661257608053e-01 7.802318136196246812e-01 7.482999674920137734e-01 7.779162002556169186e-01 7.860992540796482020e-01 7.891967395860072232e-01 7.872423897665975501e-01 7.752310239430457717e-01 7.783936954209360604e-01 7.823914686615105474e-01 7.725499802422274298e-01 7.873453434952344399e-01 7.963605315524614481e-01 7.990386425606774701e-01 7.282564837715798101e-01 7.650592490111061128e-01 7.690044075380545463e-01 7.757795472415544014e-01 7.769013369140592706e-01 7.813945877997463541e-01 7.819878221083891301e-01 7.901055500644883489e-01 7.666712559689822237e-01 7.956144424447125774e-01 7.740580168853249399e-01 7.959346576307145815e-01 7.895109614272454168e-01 7.754003691156282629e-01 7.777237699299612839e-01 7.723997620166048739e-01 7.709821931806124518e-01 7.820589664713935019e-01 7.880097823810481295e-01 7.781808214262851964e-01 7.759557419327283156e-01 7.706402995783617760e-01 7.472542110987189234e-01 7.802918762720008061e-01 7.739867552301318288e-01 7.726634561463030515e-01 7.574478363418116755e-01 7.674439269332111735e-01 7.647800174209739010e-01 7.668910609748643692e-01 7.703853503272712899e-01 7.852712738201382825e-01 7.748753885753464354e-01 7.944144136041531024e-01 7.840862506360021245e-01 7.797567641288349893e-01 7.914022275410047547e-01 7.806108855362202670e-01 7.855288890141859381e-01 7.753085207065055773e-01 7.851848282574228621e-01 7.781680319215603658e-01 7.804262546387510380e-01 7.752946416166234256e-01 7.744195143678744842e-01 8.030784823407629558e-01 7.958030664849994329e-01 7.950192393094818177e-01 7.967079193225206080e-01 7.920266891760324723e-01 8.011102504413458725e-01 7.794426056609239373e-01 7.921998365791308450e-01 7.848210916226299183e-01 7.897260466556660363e-01 7.885174824888930845e-01 7.746234644692322480e-01 7.841354585592430482e-01 7.812630632504834471e-01 7.864531551548703536e-01 7.734270508664127242e-01 7.838831017776163312e-01 7.925030799033325746e-01 7.804074885341582002e-01 7.776173901964441582e-01
1.501080193258950701e-01 2.217985667223503488e-01 3.722493352771097386e-01 5.405382709019049825e-01 4.380227725222299306e-01 5.171661050655638192e-01 7.305813657589377286e-01 6.870324204975625237e-01 1.000000000000000000e+00 7.656859314891441004e-01 7.957860765710537132e-01 8.266464911532964699e-01 7.611364265934662532e-01 7.561085637925164527e-01 8.410941652001202584e-01 8.309231803497811875e-01 8.140745048720944288e-01 7.474081205242196768e-01 7.574439228147176184e-01 7.020060406286675603e-01 6.576102798298877339e-01 7.277349648671010973e-01 7.989933576971182116e-01 7.194166014923221164e-01 7.159858861848035216e-01 8.352930729305981794e-01 8.426508624528443736e-01 8.356623555991955499e-01 7.585850218681464696e-01 8.373930609286235338e-01 8.584499914739500692e-01 8.578356992546783966e-01 8.321305551049215099e-01 7.428098329236682007e-01 8.387243057717159722e-01 8.068532528173595342e-01 8.509732924326236514e-01 8.372244266056689810e-01 8.449860700022279181e-01 8.174941927976883127e-01 8.654989900759804122e-01 8.486187269029915603e-01 8.293642969550717448e-01 8.621316306830266729e-01 8.619842093031788721e-01 8.474756773011218325e-01 8.649654138409110793e-01 8.753099975192073501e-01 8.655329892415793980e-01 8.179198184478336797e-01 8.393973619566535982e-01 7.917184035615536519e-01 8.481238860926452183e-01 8.780876992334295528e-01 8.685912286580907971e-01 8.667654942617777358e-01 8.535099359978512989e-01 8.642449324633475483e-01 8.624699063189025239e-01 8.752298235728888098e-01 8.644557879894758656e-01 8.704555852009657757e-01 8.553675539490755986e-01 8.655982877976549084e-01 8.675520476171253437e-01 8.687187913180219878e-01 8.728529886296744200e-01 8.739523000204588721e-01 8.754855004899232407e-01 8.644637444915497237e-01 8.565583955595934551e-01 8.721284096957657717e-01 8.517709845397961610e-01 8.596731280519146479e-01 8.752015294200675699e-01 8.737234102112846346e-01 8.657115354606788049e-01 8.515555073836139632e-01 8.681695251302430361e-01 8.796173910723811273e-01 8.778950283437807478e-01 8.771682606490398548e-01 8.694991436234510429e-01 8.766501493066687356e-01 8.430939223612293754e-01 8.472675228958725935e-01 8.718450272343583052e-01 8.594995692053896130e-01 8.646163284198695731e-01 8.606292686135265102e-01 8.667068483505281362e-01 8.673516599589153886e-01 8.699146009262412882e-01 8.662517687716237980e-01 8.662775972290677196e-01 8.716077773488073444e-01 8.444653848920048445e-01 8.405388542877824110e-01 8.622457259312528155e-01 8.607020341877130720e-01 8.566939752907850592e-01 8.556536771932775620e-01 8.651600356528925673e-01 8.641450320896243431e-01 8.572097618379397321e-01 8.576812816572741971e-01 8.693677040844001169e-01 8.706953435452834400e-01 8.695392917477261507e-01 8.690538258287887619e-01 8.631094284022109431e-01 8.722235651449401495e-01 8.677387659233413153e-01 8.641756005204334068e-01 8.681316292727324635e-01 8.680622893731263501e-01
7.550603471132813493e-02 2.005550687505090468e-01 3.525117693111081141e-01 5.026047531305686267e-01 4.020311910232408081e-01 4.987070685967742723e-01 6.866145113385104803e-01 6.370060297161371787e-01 7.656859314891441004e-01 1.000000000000000000e+00 7.514829790113849439e-01 7.787537903971922804e-01 7.145062272404646420e-01 7.161451389686639413e-01 7.989240453209025539e-01 7.817320093127408942e-01 7.473297978786346274e-01 7.050071834616113975e-01 7.155852581979168514e-01 6.366950959218214967e-01 5.993365754230964848e-01 6.771722717312009809e-01 7.593856248816996946e-01 6.665418509990677087e-01 6.813473416913794489e-01 7.945806863802649112e-01 8.012767244864211769e-01 7.991812715728858763e-01 7.381145869901478695e-01 7.907054325929739891e-01 8.232771270295229371e-01 8.100238993322217418e-01 7.933894539445509597e-01 6.956466196560237014e-01 7.882714421464890320e-01 7.699477404400408842e-01 8.047540877068645182e-01 7.992614045732792105e-01 8.050104712356741521e-01 7.953849309011914448e-01 8.264682393015130302e-01 8.179049349832387961e-01 7.918915810873614625e-01 8.201413673107712521e-01 8.229148256735447919e-01 8.102197516163850421e-01 8.208348152015740862e-01 8.311027085447140195e-01 8.162457356744737824e-01 7.703810421114019036e-01 7.921616538151765585e-01 7.567035129254543468e-01 8.069693553060164337e-01 8.240055718196855894e-01 8.170030980021569800e-01 8.325649872387728134e-01 7.953981654412602964e-01 8.158415713880444731e-01 8.096036876154982798e-01 8.234528505736440351e-01 8.122726484472184705e-01 8.135243402447833727e-01 8.021650591288338461e-01 8.119503490103668897e-01 8.177965379706788607e-01 8.188989992936824835e-01 8.296721905087884874e-01 8.305508809078100407e-01 8.299139171169210849e-01 8.194683648598314329e-01 8.096318359269499831e-01 8.289560858357287731e-01 8.039854501928357378e-01 8.190271029121534152e-01 8.344396804446568838e-01 8.313711164579722368e-01 8.352172087557068192e-01 8.216597450607383557e-01 8.345699898799513461e-01 8.352685366494994046e-01 8.341139076968856481e-01 8.385475030519324857e-01 8.282694140047672793e-01 8.324051296387977583e-01 8.011859663432903123e-01 8.038342045243767053e-01 8.304760405477636942e-01 8.234029292214067874e-01 8.248084809032176778e-01 8.254004962218893793e-01 8.326521857032517238e-01 8.321931601133027989e-01 8.331206809427745830e-01 8.297764641530478436e-01 8.274895750668814776e-01 8.294453387007313383e-01 8.057519219429050139e-01 7.894748110886571357e-01 8.192779791703328485e-01 8.185119727078892238e-01 8.207774826326990070e-01 8.110232599189405311e-01 8.218279938250865335e-01 8.241324099696532013e-01 8.184642972648255022e-01 8.127754114370452365e-01 8.234029697264110270e-01 8.319228590910684451e-01 8.309526678434632219e-01 8.256009552514594896e-01 8.219479971896156423e-01 8.267200192134378511e-01 8.237744561876240157e-01 8.206196826522544896e-01 8.227202767538519534e-01 8.250375793313478034e-01
9.529386802504799525e-02 1.626744917319131456e-01 3.639494289985862330e-01 5.762460454175014624e-01 4.456906082948582370e-01 5.338049367597755834e-01 7.571196627979437377e-01 7.104287724310364149e-01 7.957860765710537132e-01 7.514829790113849439e-01 1.000000000000000000e+00 8.608481652318950017e-01 7.623357770684408008e-01 7.699884394839814350e-01 8.597647633989425886e-01 8.428224577037775056e-01 8.144211857326297821e-01 7.602051836290495412e-01 7.693525703880473854e-01 7.161626598638641816e-01 6.858151740975250155e-01 7.418184234081804940e-01 8.055883197567983434e-01 7.217779266354272805e-01 7.172365063178687272e-01 8.533651030444016072e-01 8.516072050157975637e-01 8.477715706100649173e-01 7.762429229165965783e-01 8.285272120956080899e-01 8.796088316367755011e-01 8.697167467500173110e-01 8.481856700165761875e-01 7.676076277137504622e-01 8.380226923540485817e-01 8.350733921664821313e-01 8.610085258608013437e-01 8.622353169390000183e-01 8.580422697366664186e-01 8.393283880227031535e-01 8.728641272533036455e-01 8.670603983198911235e-01 8.502679831888803053e-01 8.762430808994866593e-01 8.715748755738996767e-01 8.618330711904447217e-01 8.772824083127759298e-01 8.784457446395422808e-01 8.775065721897534754e-01 8.500108202316212225e-01 8.652535859868289991e-01 8.094119299512173571e-01 8.611330166378688977e-01 8.764741500868329371e-01 8.756023426294265999e-01 8.838242153232326315e-01 8.669888794365052664e-01 8.736689452545342016e-01 8.768044785306441380e-01 8.735244960111911983e-01 8.794811022557675884e-01 8.731385690302384539e-01 8.734579526182997267e-01 8.743027513330132727e-01 8.761840187506908517e-01 8.760500880255810419e-01 8.786432072340054633e-01 8.806334776242770168e-01 8.849745371707913311e-01 8.793291099949328560e-01 8.654319100463078174e-01 8.800672908329097988e-01 8.639785235512910111e-01 8.634861173980007409e-01 8.865755709645138927e-01 8.810679373854659602e-01 8.797155373185974181e-01 8.646315806642570490e-01 8.778022269082143003e-01 8.822735383977218238e-01 8.805769731780827003e-01 8.852455508702020692e-01 8.808474763065803348e-01 8.838779869177291193e-01 8.661131028093492779e-01 8.642846451809591546e-01 8.838812797414908884e-01 8.778003740842357239e-01 8.760023347314189746e-01 8.750826804754368027e-01 8.817615836708981858e-01 8.812670729580672768e-01 8.792732471931211657e-01 8.774235995412215106e-01 8.755148709596903833e-01 8.770150249525204833e-01 8.694584913373487600e-01 8.616977873705833346e-01 8.789248620947910373e-01 8.782950150009742885e-01 8.730468640899783361e-01 8.767499443874956500e-01 8.769838522053058361e-01 8.780225921672543121e-01 8.706537340475728470e-01 8.715592689909613666e-01 8.814892592198260157e-01 8.765364102300309268e-01 8.818347816824514407e-01 8.789007099204143580e-01 8.778103641635359722e-01 8.755006932282759502e-01 8.776106653217143894e-01 8.784307188264426358e-01 8.767857937773582133e-01 8.755657757562013144e-01
4.775497451310677099e-02 1.428482806511333914e-01 3.847403847647986597e-01 6.466647390128219541e-01 4.868581010460655278e-01 5.860729164063183116e-01 8.066701839855208167e-01 7.805465366675430339e-01 8.266464911532964699e-01 7.787537903971922804e-01 8.608481652318950017e-01 1.000000000000000000e+00 8.200106540669991340e-01 8.302196443959168892e-01 9.210217285721610248e-01 9.049672962121915187e-01 8.461537994807579732e-01 7.609794804178365846e-01 7.840744365947381889e-01 7.724219995663671456e-01 7.161255370691198552e-01 7.752351086979898387e-01 8.103671567517709562e-01 7.262267320870554599e-01 7.215309547708241844e-01 8.939480356891024160e-01 8.936739769041477377e-01 8.887884837896705692e-01 8.077061952252156951e-01 8.414879790713986063e-01 9.097866157509135743e-01 9.040367133606123096e-01 8.776195349544946289e-01 8.151476359242363356e-01 8.746834291951641749e-01 8.804720868919392318e-01 8.985609964829637253e-01 9.238538345335659541e-01 9.144434907781487931e-01 9.013753168224130086e-01 9.340655407320281878e-01 9.313934225021752722e-01 9.222249491025571455e-01 9.379567786448014255e-01 9.278101668831733040e-01 9.249377329550194649e-01 9.321768572274076181e-01 9.355245490420773802e-01 9.316002764202340192e-01 9.026589363970055624e-01 9.230833983841015833e-01 8.791249524322932718e-01 9.239220413840920632e-01 9.320690832575067031e-01 9.293680259454726311e-01 9.334399576647122165e-01 9.285273589454952070e-01 9.401075394636759786e-01 9.384496710985007484e-01 9.351187078477066761e-01 9.418512340611188138e-01 9.340280468946943193e-01 9.344321138437285956e-01 9.301322441718078426e-01 9.309121421694694920e-01 9.360121009110869972e-01 9.303636653013047653e-01 9.264964285884415007e-01 9.272309099490471107e-01 9.347097722406647602e-01 9.186826353836738956e-01 9.278004883658445001e-01 9.052337868693296485e-01 8.988965908822058593e-01 9.384233754243960224e-01 9.344082315658860383e-01 9.334579977423546060e-01 9.146005687873163259e-01 9.239892143303888306e-01 9.226113917456373326e-01 9.250429263740894692e-01 9.324827047929271640e-01 9.309901446117349044e-01 9.299451629935513441e-01 9.181744027164678856e-01 9.176328668049982262e-01 9.365538575231937557e-01 9.362830018496615114e-01 9.326563128393154933e-01 9.327924354998056167e-01 9.359431532632060957e-01 9.409168397194123123e-01 9.369369407534592353e-01 9.374679277324976523e-01 9.336276227704853881e-01 9.342295793703914164e-01 9.301919670827619724e-01 9.177557400540143906e-01 9.377825776569450600e-01 9.353503499372636254e-01 9.385336958207362024e-01 9.357323286190832867e-01 9.353647207041408951e-01 9.396302216475611591e-01 9.345696477128722091e-01 9.339902589576392078e-01 9.351413006741874367e-01 9.339841134277352408e-01 9.365817549419518384e-01 9.361666329613497206e-01 9.389511738812914565e-01 9.355448267615313895e-01 9.380692620292848671e-01 9.346911469999400479e-01 9.345144706081464081e-01 9.367255239230757313e-01
1.142238024375445866e-02 1.551266409864637541e-01 3.362430700944616380e-01 5.441923598762847814e-01 4.583508179484105383e-01 5.184343763877182765e-01 7.171824635280841242e-01 7.054646068532605119e-01 7.611364265934662532e-01 7.145062272404646420e-01 7.623357770684408008e-01 8.200106540669991340e-01 1.000000000000000000e+00 7.625645801389339118e-01 8.497372839258211519e-01 8.426568635284074071e-01 7.710282635277381225e-01 6.827965412567983394e-01 7.024869608328253578e-01 6.673435245229417667e-01 6.033584089195638267e-01 6.814850038158603018e-01 7.208169647027482529e-01 6.556065723680739588e-01 6.368713510267763889e-01 7.964068475163160743e-01 8.043468874928809687e-01 7.878114025673682574e-01 7.228921099084498758e-01 7.656051229517765178e-01 8.188620494566344332e-01 8.217338275391994351e-01 7.856649060560910725e-01 7.429904308793481293e-01 7.894612967148535443e-01 7.777290200030947398e-01 8.071502485848798258e-01 8.378981429604865916e-01 8.379583899907969702e-01 7.989613603941213560e-01 8.587305385511164735e-01 8.528006123466530530e-01 8.311076560106975819e-01 8.569657022531627089e-01 8.477174596449325028e-01 8.419147323876134958e-01 8.640349128682447422e-01 8.644986099823137593e-01 8.555498218626279572e-01 8.168148971108335488e-01 8.389195324973248713e-01 7.915241167297750735e-01 8.493835563664440258e-01 8.608140118907426919e-01 8.485572180968589118e-01 8.517618495134857692e-01 8.291651553592223056e-01 8.609060903915620733e-01 8.528110943305341474e-01 8.635867971946435961e-01 8.592035975576453044e-01 8.539825604224501321e-01 8.517961232193670407e-01 8.524734764351783456e-01 8.519367244383121429e-01 8.594699123591164058e-01 8.655300565088722697e-01 8.615964418535307923e-01 8.561551675703410469e-01 8.571075887964730855e-01 8.423183410240761004e-01 8.570881195881249193e-01 8.356751883127054858e-01 8.277093040809759827e-01 8.654342656026050573e-01 8.649800765413308001e-01 8.583205960336988127e-01 8.414614301936544916e-01 8.528307578053193616e-01 8.576319540230344929e-01 8.561395493110715016e-01 8.626975697156810119e-01 8.548294556273681177e-01 8.585728825675318365e-01 8.428327298883606655e-01 8.471232083090008969e-01 8.583923671638065134e-01 8.674922410801237938e-01 8.657194266874913557e-01 8.605828088875620008e-01 8.544782793714776892e-01 8.687852252440846357e-01 8.666024408144408220e-01 8.680992813959627075e-01 8.712523280430453099e-01 8.701962490892866109e-01 8.529173528354168088e-01 8.488366198952255193e-01 8.675271519291336553e-01 8.660828503607084228e-01 8.643871515407220985e-01 8.640536321060869884e-01 8.656069796346440581e-01 8.698579952252741831e-01 8.601598198092792469e-01 8.566682322937565486e-01 8.682298786051928507e-01 8.711624292752676579e-01 8.697382523170642532e-01 8.689363006721160243e-01 8.691956621668067706e-01 8.705795132427356364e-01 8.690073926958179484e-01 8.680015164012615525e-01 8.645150253552220665e-01 8.679074830315329780e-01
