1.000000000000000000e+00 1.665123996960869157e-01 5.930660627601569423e-02 -6.731087044538337782e-02 -5.445624014006904962e-02 -2.054152735047935774e-02 -2.686801128785259313e-02 1.344621259474122754e-02 1.991477505375623125e-01 3.323722192162961026e-02 8.951581631121072191e-03 -4.307531575106137572e-02 -2.447019597808520672e-02 1.246497380587922345e-02 -5.664614434206203218e-03 -9.555443204281195962e-04 1.664999098784811504e-01 1.390385519338037945e-01 9.761977249895033293e-02 6.000922204345674610e-02 1.149582783522798968e-01 5.197926555925018455e-02 1.331668305526914342e-01 1.234705405267929323e-01 7.914029100581125575e-02 9.780511594092995697e-02 4.898639665844038704e-02 5.582976528157171381e-02 1.206337036949318986e-01 1.368451843703119841e-01 8.185258747257076473e-02 6.594454369842671360e-02 2.827226309336403065e-02 7.242464527877515157e-02 7.867521046706532628e-02 1.396581469248096841e-02 4.576965361604088539e-02 1.796955740177628210e-03 2.998675623863709949e-02 -2.266413150322595452e-02 1.738330793049976813e-02 -1.355817060558959196e-02 -7.131315803469831516e-02 -1.665838807719247821e-03 6.534767723835321895e-03 4.980528493422305310e-03 6.541718951751871076e-03 2.901867707731074775e-02 2.633592804883954502e-02 -1.657988870686538977e-04 -3.116219566351359407e-03 -4.064067189216512277e-02 -4.631051774083705733e-03 5.198999047990429667e-02 4.681515573400869823e-02 3.223825339435236470e-02 5.131809739629208250e-02 5.865365305187298164e-03 2.542108906931148191e-03 3.644351242663448204e-02 -2.644925585380968752e-02 1.729480253684593030e-02 2.043628219197699686e-02 2.497816324498451299e-02 7.760070160079791945e-02 4.307530805227782061e-02 3.525618426674113903e-02 3.667949596912695176e-02 4.094342844006809007e-02 2.307623081857347949e-02 1.721650986507885367e-02 2.496125939232719804e-02 5.031278298505867386e-02 2.487520728160849681e-02 2.781371194040793693e-02 2.847087615204071248e-02 2.307281348690476408e-02 5.355636341922066085e-02 1.765187669758865388e-02 4.772912169611286809e-02 3.899804669975658056e-02 3.351583488780034842e-02 4.879276900849923576e-02 3.778484794929821283e-02 -5.817756525815866858e-03 2.243504602200675074e-02 1.702955268751252249e-02 1.229187401227375791e-02 1.701526203746616187e-02 2.462439570848014986e-02 -2.654748854481943712e-03 1.731792707286019042e-03 4.819086289605960943e-03 8.169954266003804158e-03 5.540969081090002524e-03 1.286045441611801884e-02 -2.271669917328697150e-02 1.968379642183161124e-02 1.019541336629543578e-03 -1.029616276525961195e-02 -7.250619595776656122e-03 -4.796289682016079484e-03 -1.889733312028685653e-03 3.494500346103416970e-03 6.771053532375405880e-03 4.170852734283939794e-02 1.902760856551341875e-02 2.561993406867953821e-02 2.627465225222819223e-02 1.769782353588255849e-02 1.349624405493597690e-02 2.379735391745427600e-02 1.432669844075281675e-02 1.664736661233257031e-02 3.974564277808805002e-02 2.883129916222530384e-02
1.665123996960869157e-01 1.000000000000000000e+00 3.061240937273847218e-02 -6.921361959923146012e-02 6.045573399091245387e-02 4.622786076808568789e-02 1.013533254921421128e-01 5.607117243067832185e-02 1.686956406345650750e-01 2.093259646649530126e-01 8.870942192387308578e-02 6.134245054012937848e-02 9.094742690582524602e-02 1.161443383558346393e-01 1.319186640609795458e-01 1.041525062700411619e-01 1.674963498970032105e-01 1.321923975618623515e-01 1.009360034716128424e-01 -4.146953655285920241e-03 -2.891784882676286771e-03 3.879155994423380549e-02 1.490191182319991203e-01 9.718004668218406528e-02 8.050285257854300491e-02 1.575148242333871684e-01 1.012913753455909754e-01 1.507783069611404181e-01 1.762658003861523881e-01 1.848758772842875597e-01 1.594806984925251081e-01 1.650341448415629519e-01 1.182797571757965988e-01 1.180420401361843008e-01 1.468161554312732153e-01 4.863969086689123172e-02 1.129065559378798211e-01 1.328483327072061682e-01 1.375382616025158655e-01 1.008794462931271868e-01 1.339405545696048805e-01 1.237401083428893295e-01 7.282124430174360952e-02 1.108901964719742200e-01 9.954520554031236201e-02 1.375744619660630441e-01 1.343895062833608545e-01 1.455806473287150349e-01 1.286167326796346655e-01 8.291173245407984504e-02 1.113617053963516512e-01 5.098097946345715725e-02 8.875415060201251316e-02 1.577627599654299329e-01 1.474601857138747585e-01 1.345472647783698128e-01 1.048232157568901174e-01 1.280965664195749532e-01 1.252417141244491217e-01 1.353429044947970783e-01 1.052451032314449253e-01 1.284702957820968161e-01 1.184794298506075538e-01 1.122223371625425958e-01 1.288716727152649510e-01 1.119217760277723545e-01 1.495304853717644156e-01 1.454430940853800869e-01 1.486233922872120528e-01 8.844802999375184216e-02 9.572863180805812888e-02 1.262289535991969192e-01 1.319423887228994008e-01 1.192729517350986507e-01 1.475148271761369811e-01 1.330795939971889386e-01 1.514652508502759010e-01 1.636081222062555907e-01 1.580919803584436567e-01 1.620675857384920870e-01 1.394850899140364087e-01 1.504244019190733306e-01 1.495125530947944426e-01 1.612099350820232202e-01 1.243328059234583560e-01 1.321807779113797210e-01 1.129911723283349295e-01 1.596302967847163246e-01 1.451999596538375570e-01 1.520851110265151740e-01 1.326339390454882583e-01 1.400187302923069921e-01 1.250000068054036295e-01 1.409257157375504166e-01 1.338672634242866200e-01 1.435128537346106459e-01 1.061306473487264312e-01 1.154644826196091767e-01 1.221355271615000015e-01 1.253162800327832782e-01 1.161863417658545172e-01 1.239368864440510698e-01 1.184522277286347292e-01 1.230903361894812864e-01 1.101607540088220399e-01 1.267697239004124399e-01 1.407241267312126232e-01 1.526453992922034153e-01 1.477001263420237021e-01 1.401963055598387797e-01 1.396335942477292813e-01 1.378092822787168326e-01 1.357280368671938686e-01 1.335275877803609179e-01 1.354883142308200838e-01 1.249820179092016453e-01
5.930660627601569423e-02 3.061240937273847218e-02 1.000000000000000000e+00 3.682551254821057607e-01 1.992839457860113017e-01 2.414878673066649106e-01 3.833715925403906044e-01 3.843161166912124616e-01 3.394749721282585009e-01 2.779951901684489246e-01 4.059898714165909306e-01 4.121302364746076141e-01 3.409360656435102555e-01 3.443185727878128044e-01 4.050284817675335880e-01 3.958911364758204710e-01 3.374059411766173744e-01 3.103345035882669189e-01 3.412836461875177752e-01 3.588055413435825569e-01 3.829950570516691410e-01 3.608841983795251784e-01 3.490505289750304718e-01 3.267179475527712817e-01 3.169155063271563155e-01 4.014865831373681804e-01 4.041761102405275197e-01 3.930673477606698718e-01 3.566462314869424666e-01 3.584435519353248445e-01 3.830980565501305168e-01 3.774727917432287860e-01 4.101802354124481909e-01 4.134021377774188544e-01 3.829904353983087928e-01 4.286476802779354833e-01 3.921235799281409529e-01 4.103035855276901400e-01 4.112476267523808016e-01 4.137260095065837806e-01 3.991711436577659033e-01 4.027011660684388650e-01 4.041717864109117819e-01 4.159616585401604283e-01 4.121207027428522851e-01 3.928091480044001438e-01 3.825228575667420361e-01 3.787102168575449124e-01 3.872930389168720011e-01 4.170631813513067665e-01 4.149023605922611546e-01 4.176302371149029358e-01 3.977512712162597497e-01 3.745456352089722163e-01 3.753445687507515061e-01 4.030013777067823488e-01 4.023199118877170410e-01 3.838966046264447041e-01 3.850823911846022463e-01 3.870777013582972770e-01 3.982719044733988856e-01 3.828671658927508825e-01 3.950017030230864590e-01 4.014027068165493817e-01 3.881249591369271834e-01 4.025124630431141659e-01 3.796937076803739708e-01 3.764062245948157637e-01 3.840799882973974233e-01 4.039658816744825520e-01 3.910015625454134058e-01 3.837226478163289767e-01 3.822213927732021621e-01 3.671596291751677565e-01 3.952746033625873512e-01 3.991414691447456864e-01 3.844116902631249388e-01 3.751379217612987316e-01 3.818053951526358403e-01 3.737736336634797096e-01 3.874314650668954640e-01 3.879969053225458264e-01 3.919381011155768646e-01 3.822259774794584120e-01 4.124246743902326151e-01 4.080235284338479262e-01 4.053848548763057114e-01 3.914452214630286808e-01 3.934248368381693672e-01 3.829757947950473973e-01 3.991510489918056459e-01 3.902853858094275097e-01 3.963391781068673070e-01 3.938439130682496181e-01 3.806043594757516080e-01 3.788868733404684996e-01 4.057726629105487537e-01 4.063685832407698539e-01 3.938924281899836566e-01 3.993523652554604730e-01 4.064235393133698859e-01 3.923075975846613273e-01 3.949708991871778152e-01 3.992965412921348767e-01 4.090022801177782275e-01 3.951664035731156654e-01 3.846673115780794294e-01 3.767097328299393033e-01 3.750099648327583912e-01 3.840018188302610769e-01 3.802521294691488252e-01 3.835467510269970348e-01 3.855620687316162476e-01 3.903244639907386127e-01 3.780449261678985873e-01 3.918401912332555859e-01
-6.731087044538337782e-02 -6.921361959923146012e-02 3.682551254821057607e-01 1.000000000000000000e+00 3.643565000777425067e-01 3.590050180110078148e-01 5.791014392523524679e-01 6.127953897096100055e-01 3.980983546313441868e-01 3.409677778931299308e-01 5.649994434526312004e-01 6.762955818980035394e-01 5.285458908291940094e-01 4.810296691068713937e-01 5.790442744587851465e-01 6.089760739381607779e-01 4.013188254118393861e-01 2.819052363367980929e-01 3.548154262890761412e-01 5.103207413839178086e-01 4.789763556611730810e-01 4.552774342633404414e-01 3.175265734499005954e-01 3.157683170745410051e-01 3.262643517122574277e-01 4.803997219915445704e-01 5.098282005430915254e-01 4.711221222855216939e-01 3.637162119607949551e-01 3.834037926483205294e-01 4.456768063519962464e-01 4.603600605834756165e-01 4.840242008376639538e-01 5.203810511456935517e-01 4.422524765449334372e-01 6.144828122213488175e-01 4.948150894129834110e-01 5.459567565105252207e-01 5.476320219629751129e-01 5.648940662391146450e-01 5.426363006998689009e-01 5.589750628726789516e-01 6.342300144342702950e-01 5.869485759928138036e-01 5.721903248335934444e-01 5.458250306600160862e-01 5.488883949824368003e-01 5.229245069967517479e-01 5.503233217122640575e-01 5.933968560540004988e-01 5.848116223495796184e-01 6.375421541047967544e-01 5.951662134311227481e-01 5.004193732770247927e-01 4.956858898704860628e-01 5.212541247715987147e-01 5.597981534952276572e-01 5.391569974605756599e-01 5.491032200138203923e-01 5.443780418891155382e-01 5.937572215271795795e-01 5.479142825526128746e-01 5.525045109748634165e-01 5.765490787666732730e-01 5.298148979090253619e-01 5.608577890890065198e-01 5.141096655689939565e-01 4.811324415606978988e-01 4.906223953741781774e-01 5.735727326483414101e-01 5.404571749302291561e-01 5.086313344078656762e-01 4.881093322864734629e-01 4.821317994571483467e-01 5.243520020402515636e-01 5.298824343070874798e-01 5.046048763873800524e-01 4.674611817663354985e-01 5.145443038434244221e-01 4.858438296827057301e-01 4.932048265696064582e-01 5.049984622675407486e-01 5.168498793106672817e-01 4.887448011832374317e-01 5.592953656144322716e-01 5.491419364983999296e-01 5.508592366677967922e-01 5.276185051465006604e-01 5.288772789143599828e-01 5.122207607822131248e-01 5.449929617514699398e-01 5.431752432223269089e-01 5.517853026871906152e-01 5.422004643684135150e-01 5.390370838647535745e-01 5.258290226227313457e-01 5.947228147285094080e-01 5.806786026400423406e-01 5.711759841690539075e-01 5.741447349461166194e-01 5.886945117934786476e-01 5.693868580054223250e-01 5.667471651915142461e-01 5.715363212032598117e-01 5.853724496718354375e-01 5.446371462594847834e-01 5.413026996428552673e-01 5.117049141206446716e-01 5.091562257330601859e-01 5.448406862493867520e-01 5.309499946045830310e-01 5.389815179257458899e-01 5.480434025429704592e-01 5.564077162707399271e-01 5.267615350747176794e-01 5.495656295914466138e-01
-5.445624014006904962e-02 6.045573399091245387e-02 1.992839457860113017e-01 3.643565000777425067e-01 1.000000000000000000e+00 2.992007769169140463e-01 4.568435454296047027e-01 4.436747480995721360e-01 3.949236507830315990e-01 3.557880209633237367e-01 4.396431450557906073e-01 4.850163628712921282e-01 4.886002776592220376e-01 4.328177382800461603e-01 4.928898342581069514e-01 4.920496139717310813e-01 3.902105222907920057e-01 2.952169737520110582e-01 3.367950013991817260e-01 3.570448268729692343e-01 3.537079534093247601e-01 3.664774979545505351e-01 3.290192416851619450e-01 2.934039235877302643e-01 3.081799021431690377e-01 4.129213880738176190e-01 4.222953048121760311e-01 3.970016972804082944e-01 3.581195320587879372e-01 3.892504230424752021e-01 4.178197890365027978e-01 4.269753473182438808e-01 3.745851204456986938e-01 4.150022893835392246e-01 4.025923233595281592e-01 4.441692887027671732e-01 4.319269670611452505e-01 4.344361201971376207e-01 4.530878662573166182e-01 4.347869203278277861e-01 4.646277511842678565e-01 4.582861088200598232e-01 4.665044734555532924e-01 4.829870579045781875e-01 4.757193044078034672e-01 4.598498929094037568e-01 4.857209231236803704e-01 4.773160737064495174e-01 4.782864955639472004e-01 4.461048130460836258e-01 4.621818508970567119e-01 4.842227264134562059e-01 4.987392968976583352e-01 4.706031568847452995e-01 4.529895041567130187e-01 4.558529006864111555e-01 4.784201351513291955e-01 4.758747868526692626e-01 4.677986005698586691e-01 4.913225072734739851e-01 4.938153158321281766e-01 4.814291772305479555e-01 4.756051468830021500e-01 4.871202536306883379e-01 4.772274093183228594e-01 4.902205243383137012e-01 4.747643441449698187e-01 4.530329967612062858e-01 4.540484447046715943e-01 4.812037299857095940e-01 4.703525585479941817e-01 4.611868733819423638e-01 4.449292105213696336e-01 4.438606650043557256e-01 4.693912754526812225e-01 4.698055321204880896e-01 4.559264866898554147e-01 4.432944288657832410e-01 4.594680348266125258e-01 4.570328876189465594e-01 4.594600610442293731e-01 4.644737761457769509e-01 4.664226463432389891e-01 4.523113282708688399e-01 4.573744117961924815e-01 4.700369944908143194e-01 4.803134558158484446e-01 4.660766672267667166e-01 4.689912517290423244e-01 4.661570101512638731e-01 4.707945782207531016e-01 4.776492544616705027e-01 4.840409916845582750e-01 4.763223980258294854e-01 4.824687797015502766e-01 4.780997829077065497e-01 4.725179274312903410e-01 4.752585820599947164e-01 4.865662147051260655e-01 4.804860592741152514e-01 4.890884502989936711e-01 4.787183441536879691e-01 4.919809050914026316e-01 4.869187721318415929e-01 4.922423611144102762e-01 4.746379045308226630e-01 4.773186568110534544e-01 4.713879824828239307e-01 4.681852959786181323e-01 4.812661928691507329e-01 4.722130247139936232e-01 4.842052275068700062e-01 4.781740444152165481e-01 4.824808597512751929e-01 4.819478392372671949e-01 4.878608180595131460e-01
-2.054152735047935774e-02 4.622786076808568789e-02 2.414878673066649106e-01 3.590050180110078148e-01 2.992007769169140463e-01 1.000000000000000000e+00 4.857460852674010954e-01 4.645377370073453527e-01 4.752011466950081808e-01 4.447858041243092364e-01 5.339381567123070438e-01 5.578789341368881605e-01 4.918881885896497774e-01 5.136108250577836598e-01 5.623023000629789880e-01 5.579184629533538997e-01 4.776131916132974609e-01 4.096503071178450583e-01 4.658024591821446347e-01 3.695502184579521621e-01 4.111854228419449808e-01 4.921004896935405881e-01 4.486683031402069477e-01 4.034431840945209569e-01 4.446142057411621162e-01 5.381406111283757454e-01 5.415235354798181300e-01 5.338510371828287804e-01 4.821645586108108672e-01 5.044260526176316262e-01 5.566325634752458118e-01 5.227359847031791684e-01 4.983317074458338825e-01 5.186123094215211449e-01 5.132250361259729221e-01 5.216666673964901468e-01 5.455565492293794616e-01 5.542276851938452431e-01 5.661082646180398692e-01 5.533696007010512341e-01 5.746045952385331335e-01 5.741148290921596065e-01 5.531157607009611343e-01 5.837544022108264175e-01 5.705869801541242348e-01 5.804682863332237819e-01 5.743588895345876910e-01 5.740753242431034797e-01 5.629834096876434879e-01 5.309089949719452139e-01 5.613815252191242111e-01 5.370148920303696727e-01 5.592517018027652886e-01 5.627276516961127184e-01 5.521372932591683824e-01 5.660647560018780000e-01 5.414281373825818866e-01 5.731057929820043695e-01 5.650372602259915444e-01 5.656905365131573715e-01 5.600351937266953017e-01 5.665454379202363722e-01 5.536388195876377205e-01 5.567015849347010104e-01 5.517809729824006970e-01 5.516185022771628033e-01 5.702318067670512081e-01 5.593561809282174835e-01 5.544600417899538947e-01 5.639034262403923581e-01 5.727856642802914289e-01 5.728582036784406473e-01 5.494740380223424037e-01 5.589749957840033368e-01 5.809746712538521596e-01 5.723015430663803693e-01 5.736220151092298325e-01 5.553843581057221757e-01 5.681391542430178632e-01 5.614212903458897230e-01 5.623310432639523349e-01 5.754784886036717895e-01 5.651638518916072274e-01 5.586812322335420467e-01 5.559545051555069284e-01 5.638386163528696926e-01 5.729471114932809250e-01 5.699775895018048821e-01 5.750353494296576162e-01 5.696200872128425186e-01 5.725862856643419985e-01 5.784512189828771023e-01 5.771362978350870199e-01 5.809948751704391290e-01 5.744073403611703599e-01 5.748787999303586194e-01 5.613961373545254263e-01 5.514613204294044335e-01 5.660728981931929527e-01 5.720502048507386528e-01 5.731874813142859848e-01 5.652591850622231684e-01 5.737984524067636372e-01 5.795268207741727240e-01 5.673166387030514901e-01 5.579879819544054653e-01 5.677914632209603019e-01 5.729663134774763966e-01 5.703602817718836926e-01 5.744624757404610538e-01 5.711596904984026501e-01 5.723520164550069955e-01 5.713803076769402578e-01 5.680497018712659107e-01 5.710751953397373848e-01 5.647212408193836852e-01
-2.686801128785259313e-02 1.013533254921421128e-01 3.833715925403906044e-01 5.791014392523524679e-01 4.568435454296047027e-01 4.857460852674010954e-01 1.000000000000000000e+00 7.149961497680429323e-01 6.539548710636770013e-01 6.063964525809009132e-01 7.359441291506534366e-01 7.950585225539671397e-01 7.165163424321380203e-01 7.051678353659014409e-01 8.398926507190891400e-01 8.017509990777156315e-01 6.389161896037670596e-01 5.212089756735688306e-01 5.995079703871185606e-01 5.339845114155303829e-01 5.436234904943497703e-01 6.234420234734797672e-01 5.901326374726175716e-01 5.386640695695463776e-01 5.583927447677148326e-01 7.373661055722351421e-01 7.287573380359468889e-01 7.324194795345160269e-01 6.742463775522091751e-01 6.890421591902043952e-01 7.296792261076394670e-01 7.300288573663702429e-01 6.961607080169367467e-01 7.286788002023415478e-01 6.957425209856779036e-01 7.389059710586191043e-01 7.218803142900973580e-01 7.760760997110141002e-01 7.828458316521261784e-01 7.652700731335155826e-01 7.922643607128773136e-01 7.972855426903804332e-01 7.822892441756813531e-01 7.954478232447107500e-01 7.801149322913020212e-01 7.959501343394245199e-01 7.936146817758847893e-01 7.880395964517643570e-01 7.926593640572523469e-01 7.584005812482566000e-01 7.894958913302519976e-01 7.658657034471633152e-01 7.881592957291303492e-01 7.762225377655268543e-01 7.636875562133295103e-01 7.775841656418183145e-01 7.697360156008076215e-01 7.910528916830813495e-01 7.873729829212998688e-01 7.864108549934430981e-01 8.006243940103179302e-01 7.871885319387762481e-01 7.768270684822863315e-01 7.883270566694957626e-01 7.654924158474427642e-01 7.751893794083368761e-01 7.838738410471997042e-01 7.585179280879158492e-01 7.616078391284031301e-01 7.769765117536460153e-01 7.691591291980733880e-01 7.709574859742541753e-01 7.465858812177130766e-01 7.513662141609922518e-01 7.916098176444791301e-01 7.861239811717142256e-01 7.856838088171623768e-01 7.648635581335762046e-01 7.955289943362533478e-01 7.717749401887807892e-01 7.675918080363722806e-01 7.819722035529123039e-01 7.794147007105542979e-01 7.682239084815694063e-01 7.825887743766851701e-01 7.879788080903644687e-01 7.880648726025484274e-01 7.933525643711069053e-01 7.917033152949174424e-01 7.845267071790825719e-01 7.947946636430530676e-01 8.005240845725281051e-01 7.960286562926026654e-01 8.033200052122816404e-01 7.955068514251999456e-01 7.932363085309204198e-01 7.977547664174208242e-01 7.872334912179966837e-01 8.036630228071123261e-01 8.037538607614013175e-01 8.078850520139276847e-01 7.945333807649253011e-01 8.001808804496630678e-01 8.036731638999743410e-01 7.960068549155158157e-01 7.856522428464951524e-01 7.967069926903961319e-01 7.852598125211098790e-01 7.830530270761513201e-01 7.979566415491571307e-01 7.890620428350165749e-01 7.933268829948600942e-01 7.962315474524070957e-01 7.965807459127453027e-01 7.812882982700062318e-01 7.874510233433121842e-01
1.344621259474122754e-02 5.607117243067832185e-02 3.843161166912124616e-01 6.127953897096100055e-01 4.436747480995721360e-01 4.645377370073453527e-01 7.149961497680429323e-01 1.000000000000000000e+00 6.380350535018207703e-01 5.470187385406635183e-01 7.213572289105869562e-01 7.800151701659144843e-01 7.151995249351331685e-01 6.825644765887401988e-01 7.758046088676058272e-01 8.033922406758539081e-01 6.363046648450449982e-01 5.455298422144639892e-01 5.896205303461008462e-01 6.134699428255722120e-01 6.405077942067093355e-01 6.390383675456395851e-01 5.830924635075619422e-01 5.505939533104138306e-01 5.477419799708825865e-01 7.155249431466045307e-01 7.093784815462704785e-01 6.882239636361652257e-01 6.456768143500863921e-01 6.681879616266469535e-01 6.986112187110691263e-01 7.105972990628318664e-01 6.772500149094794475e-01 7.291119588509773486e-01 6.768037766359915608e-01 7.405101776488576260e-01 7.001850516949315040e-01 7.601276995167457473e-01 7.626970628739967450e-01 7.402915030113043082e-01 7.580893014754654935e-01 7.539302828762022290e-01 7.642455248899940878e-01 7.778525143140769815e-01 7.661602506607423368e-01 7.533257715434200641e-01 7.645647290174736321e-01 7.510794147192831893e-01 7.727682227742004306e-01 7.666412986618742487e-01 7.861560468404283908e-01 7.625871625688960265e-01 7.748607365916158063e-01 7.402895541684477720e-01 7.329661998577412518e-01 7.528558143389149082e-01 7.665448234783498460e-01 7.636470942546161877e-01 7.724010710090817300e-01 7.631537718428358374e-01 7.806508991976394141e-01 7.664964655898203194e-01 7.684307266992960184e-01 7.762275085508215655e-01 7.585466816325324713e-01 7.655557025485996148e-01 7.499405271637946679e-01 7.298516298298536320e-01 7.366276631613568604e-01 7.733918841872247096e-01 7.519936579139554489e-01 7.427109845497363860e-01 7.292197736942450659e-01 7.163311148576421150e-01 7.540201310831954329e-01 7.531625773807891777e-01 7.387872234525391102e-01 7.304790936325488149e-01 7.432605598255616064e-01 7.394922794554875667e-01 7.353109464466036638e-01 7.450714216952796232e-01 7.489335881417997776e-01 7.326983936319558799e-01 7.586538798488688951e-01 7.656752811557233640e-01 7.622489207170370928e-01 7.578393505225208271e-01 7.565393106443890625e-01 7.496924645116415098e-01 7.565032261389004198e-01 7.622214766599864078e-01 7.654724416552682875e-01 7.658588850270170445e-01 7.660822754004205093e-01 7.553833738773575446e-01 7.805691135248836732e-01 7.787409022602233000e-01 7.818078608627754278e-01 7.792324544837729849e-01 7.825903708904325962e-01 7.740394190357057225e-01 7.702742389505531362e-01 7.788127510704536682e-01 7.769914175336261053e-01 7.644257480592521192e-01 7.652450560084813613e-01 7.474206131855231083e-01 7.448089327431814954e-01 7.710721265499349553e-01 7.626309952230921896e-01 7.632537838743227443e-01 7.675238933406005604e-01 7.701086181065294189e-01 7.571348755108606721e-01 7.656237543333547224e-01
1.991477505375623125e-01 1.686956406345650750e-01 3.394749721282585009e-01 3.980983546313441868e-01 3.949236507830315990e-01 4.752011466950081808e-01 6.539548710636770013e-01 6.380350535018207703e-01 1.000000000000000000e+00 6.892475112393716685e-01 7.531698941638892419e-01 7.351104388468993056e-01 7.089455442970051813e-01 7.421078849664362043e-01 7.918192473254345165e-01 7.833425522101644667e-01 8.113043322705726368e-01 6.588885140755772474e-01 7.186406441750722296e-01 5.504491150588278758e-01 6.303658117854695764e-01 7.038786033653697816e-01 7.195696676128021663e-01 6.442857135365773757e-01 6.690909522778777374e-01 8.112734680585977909e-01 7.777180016750434577e-01 7.668245351022668910e-01 7.558237684599170558e-01 8.163128810783546463e-01 8.290470852344812291e-01 8.031948434387037317e-01 7.152752934898868320e-01 7.820299041979213994e-01 7.892424914966852389e-01 7.236275770348168379e-01 7.938444017762393834e-01 7.742025921312842840e-01 8.048616500057897971e-01 7.370521474317851540e-01 8.243793194276938241e-01 7.888518387507548191e-01 7.014657394948111691e-01 8.131087131975586191e-01 8.086654466092905169e-01 8.112676750136460502e-01 8.344852413438716976e-01 8.545078885862185114e-01 8.391236827841528356e-01 7.576763409027625906e-01 7.895267611089600290e-01 7.441276114890221782e-01 8.106053580676285675e-01 8.565630538472244204e-01 8.363708388522433923e-01 8.226063750839601729e-01 8.317508202862382571e-01 8.288478805632971680e-01 8.156267782605405303e-01 8.544152213473651392e-01 7.895903719127578269e-01 8.344333832834250897e-01 8.146680019724583666e-01 8.246388791194142476e-01 8.621082772813951633e-01 8.444260802014843525e-01 8.552957458497967291e-01 8.332468738080177628e-01 8.328202355316310923e-01 8.169741458054607941e-01 8.259133495532815505e-01 8.379430568567447501e-01 8.206744413155506734e-01 8.175330463550498639e-01 8.489478050819944110e-01 8.428181106183127991e-01 8.364421673708017924e-01 8.379953862470690407e-01 8.301276892425728526e-01 8.517276735276781974e-01 8.420310289371346624e-01 8.520479766590609572e-01 8.513157120623400242e-01 8.415682032195591633e-01 8.015779791793462561e-01 8.298035740991204223e-01 8.332638085221064639e-01 8.343379854770324178e-01 8.386608114962095240e-01 8.399988298094790418e-01 8.215899640020617456e-01 8.342553177055770375e-01 8.355652546452831952e-01 8.387909837302996996e-01 8.410783806839456922e-01 8.456753704087425216e-01 7.900181538950172833e-01 8.209516679108347370e-01 8.258145677489380221e-01 8.150282389458330945e-01 8.147705155464909366e-01 8.183182177735246476e-01 8.313405321073744636e-01 8.353404462775280148e-01 8.262599679791272633e-01 8.426376991739318312e-01 8.431601542094858681e-01 8.505719467051831018e-01 8.470765447644937884e-01 8.433896022726202757e-01 8.377810948701005511e-01 8.520304233166983154e-01 8.399040419969113769e-01 8.385098051076397274e-01 8.589770002603064336e-01 8.489401284661558522e-01
3.323722192162961026e-02 2.093259646649530126e-01 2.779951901684489246e-01 3.409677778931299308e-01 3.557880209633237367e-01 4.447858041243092364e-01 6.063964525809009132e-01 5.470187385406635183e-01 6.892475112393716685e-01 1.000000000000000000e+00 6.636306556411371016e-01 6.732587545427158870e-01 6.269145016323335318e-01 6.776952719964020044e-01 7.316858553538295729e-01 6.989571909449860954e-01 6.675956145242754047e-01 5.319328384572481472e-01 6.019499890028182643e-01 4.363629435487267338e-01 4.746935264900345453e-01 5.816221098396784361e-01 6.080275097987862809e-01 5.245296924562816709e-01 5.558661916711894468e-01 6.978661222157794830e-01 6.855653366588784214e-01 6.887614673649983255e-01 6.593049029312495479e-01 6.949905794135642356e-01 7.269206570607114060e-01 7.154471079995213811e-01 6.446858816499630995e-01 6.852855655211360641e-01 6.883794259548587924e-01 6.443748562915537770e-01 6.945897274631552820e-01 7.206051546831409027e-01 7.315510812199251811e-01 6.923805326414045336e-01 7.434248241360726928e-01 7.339224200977823021e-01 6.645623961246104328e-01 7.371080942266931002e-01 7.233794232638817157e-01 7.460555089351385005e-01 7.587742677652342671e-01 7.719280373876795665e-01 7.498458625084529761e-01 6.822524001282290751e-01 7.230599361239291589e-01 6.672126982610950829e-01 7.186636855071800722e-01 7.650367498804367949e-01 7.443908814844719668e-01 7.405149996569758697e-01 7.174172693150239200e-01 7.505029761668086108e-01 7.407336611662986847e-01 7.541272935317295811e-01 7.258974528120302194e-01 7.457748569549657036e-01 7.282667087296598174e-01 7.262465757689865464e-01 7.436209075199889940e-01 7.350205439377475169e-01 7.696971311393615567e-01 7.431367906609706031e-01 7.403198281884556531e-01 7.156896582092647785e-01 7.318870098839053151e-01 7.490666109427573938e-01 7.232776347744614975e-01 7.246108165800544398e-01 7.637292998103041297e-01 7.560274318679442995e-01 7.642741398099760497e-01 7.549558673101059991e-01 7.593669449058902954e-01 7.606254729742630838e-01 7.566018295225587220e-01 7.669793842834367048e-01 7.603744399024876532e-01 7.557137691070398011e-01 7.345617949449367856e-01 7.470153964508630118e-01 7.462402107012392483e-01 7.679409287304271858e-01 7.655390073749079871e-01 7.605384585073197146e-01 7.545084733105607011e-01 7.661575887318720079e-01 7.586317365409217528e-01 7.646438221918739897e-01 7.649587571802013430e-01 7.714045488030550901e-01 7.263501889131486200e-01 7.295790120752692065e-01 7.503077158218829368e-01 7.474326528856320984e-01 7.436778513493254028e-01 7.450881116616298039e-01 7.522500473472935045e-01 7.556536667026402254e-01 7.405096422025181369e-01 7.425566868402758702e-01 7.619598658181662154e-01 7.714840715034982921e-01 7.652660569556073433e-01 7.634502861986834921e-01 7.602060636994996123e-01 7.646769012101243268e-01 7.597807679675766535e-01 7.573893883728068932e-01 7.655879380543832990e-01 7.545122978300894401e-01
8.951581631121072191e-03 8.870942192387308578e-02 4.059898714165909306e-01 5.649994434526312004e-01 4.396431450557906073e-01 5.339381567123070438e-01 7.359441291506534366e-01 7.213572289105869562e-01 7.531698941638892419e-01 6.636306556411371016e-01 1.000000000000000000e+00 8.607857095873661102e-01 7.560710700098309811e-01 7.853243407120595876e-01 8.647998550369020432e-01 8.598411074258119902e-01 7.556800041957524305e-01 6.555137807937905237e-01 7.372146115565474389e-01 6.320416711789024200e-01 6.860018332620054782e-01 7.597547901228649536e-01 7.203099101061317677e-01 6.623332343308980796e-01 6.921425076597800263e-01 8.350223040721475032e-01 8.408825867623913597e-01 8.214829122553863883e-01 7.685053031193217477e-01 8.044868350307973204e-01 8.585008481309833739e-01 8.309596413048451202e-01 7.980616792259901393e-01 8.402047912726815504e-01 8.162277984168524458e-01 8.413264881788182770e-01 8.557438582290726181e-01 8.604529791550143969e-01 8.773063881998790503e-01 8.542484236658255403e-01 8.829813177163394755e-01 8.749172373583107287e-01 8.398994598275556500e-01 8.902389797745056121e-01 8.889271931865571075e-01 8.795369769380166902e-01 8.878120238055757785e-01 8.865747797459621049e-01 8.837775283579640817e-01 8.507610387106794292e-01 8.736269194956614026e-01 8.556763594880559820e-01 8.746558875942982425e-01 8.781980202541904701e-01 8.656098315062283888e-01 8.813775883333517802e-01 8.708944076634502762e-01 8.828838921914049509e-01 8.750319410370248630e-01 8.852499599906583638e-01 8.785518511360607130e-01 8.800291327978546629e-01 8.745516487700611963e-01 8.797063903775255156e-01 8.744604825753123922e-01 8.840924210989109522e-01 8.848775137684884440e-01 8.702699328420191449e-01 8.672015399816148662e-01 8.834187312879768772e-01 8.855711610422596358e-01 8.820189862988052631e-01 8.608505632603391522e-01 8.617052954268104026e-01 8.907415440494902414e-01 8.920974406893890096e-01 8.824856473312606697e-01 8.682339674953051256e-01 8.781784688577930487e-01 8.780915486341253073e-01 8.815542712518171786e-01 8.886108060585193869e-01 8.886005868425198573e-01 8.726160691093439725e-01 8.815236406434420191e-01 8.907343548073101136e-01 8.969106732406344484e-01 8.868663699127399269e-01 8.922415940662207223e-01 8.865263508658193237e-01 8.906163975806020705e-01 8.938376545187517452e-01 8.958906834671936936e-01 8.945287141173685619e-01 8.907638441089764658e-01 8.897296649916546230e-01 8.802900094569863221e-01 8.805434963271910886e-01 8.896051527306927387e-01 8.893271196742588147e-01 8.937864461124748194e-01 8.862865751238860890e-01 8.920565089474965514e-01 8.964253473831483854e-01 8.974474381666562861e-01 8.836175465488765868e-01 8.877507815782218481e-01 8.872663317184255050e-01 8.835384262006888978e-01 8.911341056953837603e-01 8.843985351014971297e-01 8.904694156021553120e-01 8.886935809859741742e-01 8.899799718240278823e-01 8.862449849165687787e-01 8.909939226593081019e-01
-4.307531575106137572e-02 6.134245054012937848e-02 4.121302364746076141e-01 6.762955818980035394e-01 4.850163628712921282e-01 5.578789341368881605e-01 7.950585225539671397e-01 7.800151701659144843e-01 7.351104388468993056e-01 6.732587545427158870e-01 8.607857095873661102e-01 1.000000000000000000e+00 7.977929182903668037e-01 8.118599361275345982e-01 8.996868563909661276e-01 9.063046552926447008e-01 7.302143449695999156e-01 5.924656285345902829e-01 6.911719319974650722e-01 6.621073234103737049e-01 6.662027837886017601e-01 7.394695736026911659e-01 6.669954846581754859e-01 6.083896009622226098e-01 6.421844108640203386e-01 8.216687697048531414e-01 8.329456649176451011e-01 8.089185296469967312e-01 7.280802088875401035e-01 7.602711393727574762e-01 8.323315471225959383e-01 8.144674207397150090e-01 7.895533081735813807e-01 8.345086338740516085e-01 7.919681012815804610e-01 8.715360412505220866e-01 8.433827623431052745e-01 8.775507462025381455e-01 8.866417414530430863e-01 8.773334736790141530e-01 8.968661848370266254e-01 8.997975639320705543e-01 9.046909478904803237e-01 9.226804598859487117e-01 9.030251606817015775e-01 8.989727572528218857e-01 9.083902957954845814e-01 8.984175053473558714e-01 9.019758004027441656e-01 8.854793276884393993e-01 9.062114318493965648e-01 9.072514185575043522e-01 9.118436763391850608e-01 8.795778413486249336e-01 8.638437653764359236e-01 8.818515384413933011e-01 8.870276872709067506e-01 8.999990724489895788e-01 8.971700289378864435e-01 8.999104823610015735e-01 9.193430425532458372e-01 9.004615113976033314e-01 8.911061089061812490e-01 9.076765207054189322e-01 8.794458582003871205e-01 8.957632741797927345e-01 8.920140540300536269e-01 8.618263024593274535e-01 8.624536860339639954e-01 9.027334946377315594e-01 8.915005019203758874e-01 8.828333068556132313e-01 8.519339073945498830e-01 8.560501430533018485e-01 8.965991354242989209e-01 8.965408522737007280e-01 8.838520058917238575e-01 8.573173771346718208e-01 8.856267171402223415e-01 8.744136066396952511e-01 8.758879096328344716e-01 8.891028814881083431e-01 8.847194746328026493e-01 8.660621059440224423e-01 8.936058361392203997e-01 8.984229406488086767e-01 9.066007698084064259e-01 8.960267206304618481e-01 8.995788899875464262e-01 8.884890077583535994e-01 9.018696230343212772e-01 9.104162664618402623e-01 9.108408000238531477e-01 9.093002098739513261e-01 9.079178502659356331e-01 9.033195860014346934e-01 9.140199546727288960e-01 9.037108464096988980e-01 9.161591194918767833e-01 9.181093508188269414e-01 9.253347052810186879e-01 9.102761655176409006e-01 9.163606694625308080e-01 9.209891527241916842e-01 9.199600237301864825e-01 8.931328174959063393e-01 9.031562893672299142e-01 8.934170493085068498e-01 8.874395649810656872e-01 9.077418264135166392e-01 8.974543081569783531e-01 9.035239754817775415e-01 9.057402825068571195e-01 9.078352980919240922e-01 8.943839635126415999e-01 9.044848500184091700e-01
-2.447019597808520672e-02 9.094742690582524602e-02 3.409360656435102555e-01 5.285458908291940094e-01 4.886002776592220376e-01 4.918881885896497774e-01 7.165163424321380203e-01 7.151995249351331685e-01 7.089455442970051813e-01 6.269145016323335318e-01 7.560710700098309811e-01 7.977929182903668037e-01 1.000000000000000000e+00 7.419775698391857244e-01 8.165931602777023457e-01 8.252027713913681062e-01 6.973290928072074513e-01 5.697616967705046997e-01 6.472725803294214764e-01 5.586214132480419314e-01 5.940006917074687198e-01 6.752828823438483674e-01 6.444195390115704525e-01 5.766828153598448914e-01 6.074672229890911712e-01 7.582958465770718304e-01 7.543360949371197277e-01 7.323473011939720667e-01 6.744164961909834277e-01 7.199211660398117107e-01 7.655864603545047276e-01 7.688812615882735235e-01 6.971119143943249608e-01 7.519442457715443950e-01 7.372598301396735554e-01 7.574601253646906507e-01 7.656041386768424051e-01 7.766281055146885270e-01 7.951078562553750562e-01 7.614444428728854852e-01 8.114138242944222146e-01 8.036425847745140016e-01 7.800439876940303829e-01 8.290287016539523712e-01 8.155816890750768877e-01 8.116872401829620109e-01 8.301063449868374411e-01 8.258926823568978337e-01 8.258117026855870124e-01 7.779172754247792865e-01 8.019188848279313886e-01 7.897692960507702864e-01 8.297542762864741350e-01 8.180668841239653322e-01 7.961389846465383169e-01 8.042785651101614919e-01 8.107280905800747783e-01 8.186549829568923187e-01 8.096207440250432485e-01 8.350135728131210522e-01 8.255685191487861507e-01 8.224571992162047485e-01 8.062074664184721851e-01 8.244326310059467700e-01 8.223628471290986841e-01 8.291569156172695632e-01 8.267244608190487121e-01 8.003577208143025645e-01 8.043808490684867252e-01 8.097201447774341476e-01 8.117083939431216644e-01 8.148063317305228592e-01 7.893491522245690284e-01 7.904461858157808551e-01 8.260205986558040170e-01 8.210284852332861982e-01 8.109135478723357160e-01 7.932829558242802115e-01 8.115849754453373643e-01 8.118702587484735167e-01 8.121263871983942506e-01 8.194228112571533273e-01 8.172923229852760985e-01 8.050445074932487399e-01 8.070103410222467799e-01 8.216130667292275147e-01 8.271231505736995615e-01 8.213180199416311167e-01 8.253625359717822185e-01 8.167928004479497739e-01 8.180867676661900401e-01 8.285793439926173454e-01 8.312398083280326810e-01 8.305721744322986932e-01 8.333073046497975200e-01 8.296157490176364613e-01 8.130701646497103807e-01 8.198444289542810015e-01 8.323281714039643120e-01 8.279012011507049795e-01 8.349786136660288793e-01 8.209690155741911077e-01 8.355397104159305588e-01 8.386350140388320051e-01 8.332873044344245583e-01 8.233944316467237678e-01 8.285289518850489365e-01 8.240193992082920360e-01 8.185361188616241401e-01 8.317028279899796317e-01 8.194918393101894294e-01 8.370274696169625051e-01 8.274187836999408185e-01 8.330638849248725997e-01 8.302575659372373185e-01 8.360405401800687919e-01
