1.000000000000000000e+00 1.882772199453094930e-01 9.687327942299740757e-02 8.702970980933616429e-02 6.876009369928706358e-03 -3.749938866018132089e-02 3.774607873038192396e-02 2.855719113496740791e-02 1.346609069370964251e-01 7.151812592470876973e-02 5.076756760209175101e-02 3.923326235270247625e-02 1.519359154243584342e-03 2.671410184252367287e-02 1.601685409437992799e-02 3.588547769652190161e-02 1.272772618371702524e-01 1.664930968698666025e-01 1.138721954141780762e-01 1.773600949417280248e-01 1.773888713333175715e-01 1.187034319870856613e-01 1.955619604644970588e-01 1.473180432558835740e-01 1.306346725991412716e-01 1.546580833517632869e-01 1.032093733575959321e-01 9.725996063218750320e-02 1.366187228549030908e-01 1.345460257676956428e-01 8.664097690310364197e-02 1.075714594032851773e-01 5.302847746928506661e-02 1.108918048379548410e-01 1.114299117015853519e-01 5.028342154820442805e-02 6.978562464319604253e-02 3.512049519616339266e-02 6.140929535477190199e-02 3.220129267651095691e-03 3.713607115886890381e-02 -9.253882883834873077e-03 6.475527746195771858e-03 -3.282341049227288730e-04 3.535626124850313468e-02 1.708541153087032166e-02 1.586401381240527472e-02 3.660594862575641817e-02 4.570102452177092489e-02 6.502176894333820678e-02 3.675202722928964938e-02 6.943794529981525687e-02 3.930666551100352180e-02 6.159680189320983212e-02 7.244212366820244886e-02 7.029851171018215716e-02 8.324103864499360350e-02 1.140343378026163756e-02 3.969737296526854031e-02 3.787305641320926758e-02 2.511765583820092448e-02 2.532578840230737330e-02 3.459861019209269778e-02 6.893221607416277763e-02 7.525295331092390905e-02 8.199009946439118901e-02 4.187851991292871473e-02 5.561321229525337945e-02 6.152381284090933239e-02 6.891371306895906212e-02 3.388744524216200094e-02 4.896470160830070778e-02 5.759485762532708109e-02 6.874028390289482759e-02 5.053717135966079299e-02 3.877174168636861318e-02 2.969464875373558840e-02 4.896042584260548725e-02 3.643335556886027199e-02 4.685245149749615173e-02 4.023040545363831821e-02 3.628369340147094557e-02 6.624304378032426499e-02 4.593204167957123246e-02 3.038053366755757989e-02 4.628502797257193213e-02 3.897990599036421644e-02 1.748972356735502276e-02 2.335958759246809999e-02 3.930233800961035334e-02 9.838085529354499356e-03 4.058826986778326339e-03 2.670288141435227594e-02 1.041545955262246186e-02 1.276583254205480161e-02 1.708829576177305076e-02 9.372305138213687936e-03 3.994108262935337772e-02 1.544256443750306219e-02 1.117472184423490104e-02 8.855868901929396866e-03 2.128970308127011227e-02 2.143621700402777511e-02 -9.319896854940495825e-04 3.915369450288612441e-02 4.346498103027273546e-02 2.183520096468270083e-02 1.904606144248622429e-02 3.126184963235106862e-02 1.538256915230304389e-02 7.218432724329716318e-03 1.763125229283228970e-02 1.297117070229235510e-02 3.178634417803479634e-02 4.585119127468451766e-02 4.862109429863343407e-02
1.882772199453094930e-01 1.000000000000000000e+00 1.328206874222817302e-01 1.727068964416525465e-01 -2.090948883479479617e-02 7.179560075099017391e-02 1.596762074652038066e-01 1.050786639946032497e-01 2.007490395826345420e-01 1.844611506463921802e-01 1.421961379788803659e-01 1.526926565377662859e-01 1.124551092742143571e-01 1.278247941273598642e-01 1.649443500394711937e-01 1.595339441651399404e-01 1.936142070392007364e-01 2.388649189391892358e-01 2.055853470942186623e-01 2.200219783305718269e-01 2.201065634045056563e-01 1.816251733783819378e-01 2.762435591622509623e-01 2.591232288511794435e-01 2.174846802659289313e-01 2.088530844076818549e-01 2.151975929912918195e-01 2.243585582089694386e-01 2.285863151936296245e-01 2.320159206892953296e-01 1.962487197515141724e-01 2.217526788777988977e-01 1.782651756181005964e-01 2.116805025839343934e-01 1.989119885293623713e-01 1.430178702406944280e-01 1.820240365599076482e-01 1.674223603229048341e-01 1.784085295967049734e-01 1.755320644721251322e-01 1.532319847709670557e-01 1.390095823662603758e-01 1.569009224474249842e-01 1.496089916974407963e-01 1.624642755254161186e-01 1.592289052100749613e-01 1.285937038800757659e-01 1.576339065832419173e-01 1.459974227429252369e-01 1.420388653504239818e-01 1.415997662316797467e-01 1.480458292729146808e-01 1.600392166936529803e-01 1.650959723833450576e-01 1.753119774457268798e-01 1.954517980248321740e-01 1.540067979524018527e-01 1.434113123450645455e-01 1.497211076989369838e-01 1.480181665628578225e-01 1.343869907784940865e-01 1.394168516289409909e-01 1.306515182734066249e-01 1.338863598248607178e-01 1.660634534695240860e-01 1.777755622310583650e-01 1.503557910045575652e-01 1.709533817502170150e-01 1.843764356397525894e-01 1.735944470349798929e-01 1.476664261513422616e-01 1.651147093902885221e-01 1.848339648448930617e-01 1.897233094660404906e-01 1.590090826787282363e-01 1.645214815553966980e-01 1.598052035026081286e-01 1.744193285910194957e-01 1.661078128606516824e-01 1.601752034115497547e-01 1.680130504574544326e-01 1.576195028737473469e-01 1.808235734468078837e-01 1.646512263786156505e-01 1.496938066381592602e-01 1.743347626271055384e-01 1.580532687678044834e-01 1.471149076753365814e-01 1.537330644242392019e-01 1.731652649306631986e-01 1.568770114278363326e-01 1.391215192646457766e-01 1.555061717310934621e-01 1.511230023450172710e-01 1.377820297507419689e-01 1.421072377662626063e-01 1.246053441778072479e-01 1.311600256032540157e-01 1.289433937386001705e-01 1.360640151656747343e-01 1.370283710732635163e-01 1.375404252856368692e-01 1.436910222302859030e-01 1.245800580018457948e-01 1.504476857751634866e-01 1.472218089604875602e-01 1.335608482656100160e-01 1.432469182698887233e-01 1.499397269668310273e-01 1.370865207939822861e-01 1.420251551379356214e-01 1.387419378531744019e-01 1.387076362408311003e-01 1.407519177925994069e-01 1.477960497252041872e-01 1.552625999303843263e-01
9.687327942299740757e-02 1.328206874222817302e-01 1.000000000000000000e+00 2.164028072998207541e-01 4.592836936671611942e-02 1.598715936889764933e-01 2.029257917628973507e-01 1.923930989679532022e-01 2.810572273828156886e-01 2.732317025988509895e-01 2.536097327708903837e-01 2.643967294007385505e-01 2.222724716816924795e-01 2.235800389157632240e-01 2.714226586447821554e-01 2.631152292988422348e-01 2.826533655728998284e-01 3.359673460731664174e-01 3.082076516795673737e-01 2.756451022699001885e-01 2.955559517793435731e-01 3.029052441320154720e-01 3.597055604533064832e-01 3.615148303211166980e-01 3.340079556665899729e-01 3.386012545193747836e-01 3.331020030435213886e-01 3.357586293543006750e-01 3.262911590550512386e-01 3.453907419440577220e-01 3.209344914578661778e-01 3.403524656716033769e-01 3.203404620947601922e-01 3.293143067993409834e-01 3.368054812096722417e-01 2.699677076568797740e-01 3.176741969648824160e-01 3.008297968334983086e-01 2.999590673216102621e-01 2.939158469473807100e-01 2.993063810632736743e-01 2.762643524993032007e-01 2.735136681230234124e-01 2.811981651023658935e-01 2.906039794130849674e-01 2.834116895775521394e-01 2.665238390174632377e-01 2.810678178467398980e-01 2.758148212643740105e-01 2.881913901913818465e-01 2.871437355686578541e-01 2.736594105806898769e-01 2.892096173557345273e-01 2.779380063828781888e-01 2.897780919642304331e-01 3.072020715619964149e-01 2.667936437179301845e-01 2.767764128126359302e-01 2.759281917445194354e-01 2.703927914945309374e-01 2.698488975845904081e-01 2.515122392200087043e-01 2.531808886763246003e-01 2.509177489610923684e-01 2.752388191230043524e-01 2.736248075541056202e-01 2.749614832597102598e-01 3.068427297129576736e-01 3.107384654047487538e-01 2.966641348868813144e-01 2.851127833428996339e-01 3.048255246729810186e-01 3.137191300414610695e-01 3.171570339260949001e-01 3.036533818965913567e-01 2.993928995997416354e-01 2.974677172178142870e-01 3.005687777304447139e-01 2.977223125817441973e-01 2.915401213238213440e-01 2.918732700189955453e-01 2.909724521778226936e-01 2.958950711384885635e-01 3.030289461688159269e-01 2.963589183798431836e-01 3.025725180115838020e-01 2.834865064848326455e-01 2.825878047785876368e-01 2.831139099680329840e-01 2.931389836315473896e-01 2.943399207499970971e-01 2.760180826082661021e-01 2.819292148567569822e-01 2.822226975934757354e-01 2.703259459660778408e-01 2.677287782380294301e-01 2.696802398549228985e-01 2.695767267032443959e-01 2.721600538007153958e-01 2.811709558337668891e-01 2.725471513814023417e-01 2.630065564679615053e-01 2.669924404970974718e-01 2.631249439176442384e-01 2.755606206773729694e-01 2.578567572454968926e-01 2.656307498489920427e-01 2.687192157509815105e-01 2.739763309721637285e-01 2.723079450732156515e-01 2.665370255967950963e-01 2.613342362798499185e-01 2.604967576050613576e-01 2.594822090163743655e-01 2.777241624245439522e-01 2.671232262063823470e-01
8.702970980933616429e-02 1.727068964416525465e-01 2.164028072998207541e-01 1.000000000000000000e+00 1.858914468996006875e-01 2.887439238996524771e-01 4.843638486964449985e-01 4.368391981992161832e-01 4.525695015979213642e-01 4.592936421288342785e-01 4.343587308626122856e-01 5.769120547402591948e-01 4.386527223924165941e-01 4.509793421130374735e-01 5.402128118055553596e-01 5.234462074573573709e-01 4.641005361159177833e-01 4.584803145849514205e-01 4.500153060852163378e-01 3.701835512822719276e-01 4.787696523751602817e-01 4.812548170203735376e-01 4.632571850281032577e-01 4.453997483734044027e-01 4.403632507000807550e-01 5.218800462158992293e-01 5.294149295791765741e-01 5.414377496433552261e-01 5.013545880698008217e-01 4.873770308810314034e-01 4.840666244498480486e-01 5.352376160148883955e-01 4.963343845383856867e-01 5.124298388009179694e-01 5.048348811736965702e-01 4.958077902091404532e-01 5.176554631515952742e-01 5.187679894184117346e-01 5.207774645266803892e-01 5.441761539213022525e-01 5.192953281415357836e-01 5.307325669696362214e-01 5.529800698378088963e-01 5.324819614398830225e-01 5.248648926245988999e-01 5.184420304234662602e-01 4.827115221432695669e-01 5.090254198953712006e-01 5.199369544498481099e-01 5.170665514087374737e-01 5.238665452737982786e-01 5.323835074671192658e-01 5.242125387336844522e-01 5.050239960335418665e-01 5.125097644864082813e-01 5.266519297667101585e-01 5.247921093678439286e-01 5.171437922007556809e-01 5.150747140850505668e-01 5.175546309457508265e-01 5.265393496647187144e-01 5.063028216515229607e-01 5.060228894508135289e-01 5.106085666100311782e-01 5.112296242257510226e-01 5.231607751778349913e-01 5.034011061335290638e-01 5.073462157195393063e-01 5.197401006488859831e-01 4.996503307366693680e-01 5.109917961898483574e-01 5.178598958988112066e-01 5.021273356086976003e-01 5.068770825351409659e-01 5.258871968794401885e-01 5.246712725098210406e-01 5.230128624740707499e-01 5.197992789828407290e-01 5.222139377737432531e-01 4.997959877545595231e-01 5.175526952679289083e-01 5.120721942534850468e-01 5.238355429733839719e-01 5.085765173881539036e-01 5.135403955437928269e-01 5.087823806350590949e-01 5.142700395505725997e-01 5.188825129027718752e-01 5.166804384462996280e-01 5.251161783199053135e-01 5.262120387820043987e-01 5.157523774770365055e-01 5.236722885941176298e-01 5.290807877260222947e-01 5.054072884516372932e-01 5.040665390276588553e-01 5.228512662495801155e-01 5.141523369306311153e-01 5.179778879362758603e-01 5.155212984455727065e-01 5.250276494367769331e-01 5.152753910283766059e-01 5.220063989002114990e-01 5.124115828864944655e-01 5.285018239649880156e-01 5.069129916040380213e-01 5.048496633826033975e-01 4.990453145283507141e-01 5.057946131548730628e-01 5.097310478842304038e-01 5.050270634957042537e-01 5.052592440013621289e-01 5.053130836509367452e-01 5.189958118040697288e-01 5.138722017228611882e-01 5.189242225037532519e-01
6.876009369928706358e-03 -2.090948883479479617e-02 4.592836936671611942e-02 1.858914468996006875e-01 1.000000000000000000e+00 2.309737162440626546e-01 3.249846929210241653e-01 3.644745702235905882e-01 3.034160862604312614e-01 2.592814589083148880e-01 2.916515729363715059e-01 3.568158197099060014e-01 3.392221731681779873e-01 3.488829138163673793e-01 3.781453965488280611e-01 3.729454967991951975e-01 3.021789652449165531e-01 1.526375761414821286e-01 2.498161993372362832e-01 1.500722887617906565e-01 2.592324699796079157e-01 3.102462334222861329e-01 1.795097869547933045e-01 1.694965335132109785e-01 2.237331311587688054e-01 3.048356952114154583e-01 2.711109724920256481e-01 2.652825206071099395e-01 2.554207195435840294e-01 2.826919553799031593e-01 3.173771786478726264e-01 2.896663250634320952e-01 2.823991658474898081e-01 3.051856134777593543e-01 3.005287657921343891e-01 3.621931582338084876e-01 3.403465323220217220e-01 3.425388850973175026e-01 3.555168500512522201e-01 3.338347854805970294e-01 3.606043844867536929e-01 3.814888326061721679e-01 3.836274406149449145e-01 3.724042150772778337e-01 3.712509613300374878e-01 3.704171609657125330e-01 3.966365862707807444e-01 3.876517065808975926e-01 3.958968008075532397e-01 3.666207570791115700e-01 3.750576007181035121e-01 3.682655924821731097e-01 3.706509439514943938e-01 3.878899984028624792e-01 3.770922904637372119e-01 3.562131000054087893e-01 3.995493234366953028e-01 3.930138056677818792e-01 3.976269673914902270e-01 3.992855717817639927e-01 4.062980393669917700e-01 4.245717040262448339e-01 4.141930000181019422e-01 4.107373483980595874e-01 3.777660354680424937e-01 3.955406774890923294e-01 3.911599388019152412e-01 3.541859970813640013e-01 3.517979758699891768e-01 3.494021499836575950e-01 3.910256688368782263e-01 3.703647392900356605e-01 3.379857418114922130e-01 3.381337096003275700e-01 3.699320659353612650e-01 3.566232263430095806e-01 3.617806359876772349e-01 3.509358432342473688e-01 3.609478489244439814e-01 3.760696572271741145e-01 3.703832026579619852e-01 3.779780990434297161e-01 3.663907901878292184e-01 3.598015667863024292e-01 3.724155488400516245e-01 3.601866359960757547e-01 3.765755669618482404e-01 3.825953039891273333e-01 3.844301357763997284e-01 3.699814440425623352e-01 3.575843206863756896e-01 3.855427018914747705e-01 3.804460759300242190e-01 3.856774836657167471e-01 3.982015710593977409e-01 3.979297710555443901e-01 3.982147775798897671e-01 4.009561807606492612e-01 3.995251597668927901e-01 3.866394325379577945e-01 3.968037638966490088e-01 4.063644318562252833e-01 3.956704823658578341e-01 4.078723103168286901e-01 3.939117344200162019e-01 4.065734020766783030e-01 4.032073990284106846e-01 3.949744128228958040e-01 3.959253428457722435e-01 3.988541992128906144e-01 3.999406196176815143e-01 4.053134573752627534e-01 4.086947243041867961e-01 4.121592585711352230e-01 3.910238940805543240e-01 4.015104074678998991e-01
-3.749938866018132089e-02 7.179560075099017391e-02 1.598715936889764933e-01 2.887439238996524771e-01 2.309737162440626546e-01 1.000000000000000000e+00 4.009450620076039917e-01 3.810167225336047458e-01 4.409716904594824793e-01 4.167816169633391521e-01 4.575782888698168849e-01 4.832372235910695757e-01 4.383322972281977203e-01 4.384846094477603540e-01 5.061876241620342221e-01 4.934425130482886224e-01 4.548210648639344211e-01 3.458532147121733402e-01 4.095451134363060630e-01 3.077524188072318645e-01 3.741726406500355262e-01 4.160693079115257431e-01 3.563067792917982701e-01 3.936195810691664465e-01 4.071775517815458545e-01 4.536154698120257733e-01 4.691095725447370635e-01 4.873323198344229334e-01 4.480481563850932658e-01 4.648582324034055691e-01 5.014163275957593813e-01 4.774896562718509707e-01 4.795633509013749185e-01 4.676202316927686731e-01 4.793633879645942675e-01 4.889946648763426329e-01 5.090514882643236705e-01 5.027116473562475152e-01 5.085784188733890598e-01 5.093322844953767081e-01 5.261123475940298055e-01 5.331528055902013952e-01 5.127337738706767567e-01 5.376410453369714348e-01 5.286163068126134013e-01 5.227213664660724790e-01 5.334311831145895910e-01 5.302470089321621449e-01 5.251815201378314812e-01 4.828463218805965629e-01 5.128817379664691867e-01 4.686531420525223979e-01 5.097218431773711256e-01 5.234889044230324195e-01 5.026661500125492177e-01 5.086781512192698473e-01 4.953943445057727435e-01 5.305501008690356457e-01 5.208772684718719903e-01 5.349641743663935411e-01 5.227191718604921045e-01 5.207884318476004859e-01 5.064133556836959427e-01 5.033470050302010224e-01 5.179891824508301434e-01 5.034038274247417677e-01 5.300472358984484877e-01 5.232886942952523768e-01 5.183907234614655302e-01 4.999853938708800905e-01 5.152854008862376434e-01 5.216662942631412614e-01 5.135069059854070472e-01 5.094503188872532284e-01 5.240037467504544688e-01 5.332207463994215191e-01 5.308462456209455116e-01 5.251801791326123903e-01 5.290289544528947729e-01 5.260396401078462070e-01 5.231454068450649419e-01 5.310184821810395306e-01 5.201748149647490438e-01 5.276674196354570467e-01 5.243626214751169190e-01 5.271694520886467394e-01 5.307835882793827675e-01 5.344779941120643141e-01 5.354500661430318109e-01 5.286070879263266020e-01 5.370591629802486944e-01 5.405682346853842857e-01 5.360190841127795425e-01 5.376075205000382384e-01 5.388317504896916743e-01 5.402089665005724850e-01 5.222481287395669414e-01 5.190918159543977950e-01 5.301227722745828208e-01 5.377550576815944838e-01 5.344369739412777598e-01 5.290960051514520535e-01 5.277960228424400935e-01 5.386407340532407551e-01 5.256977230349479946e-01 5.216492684460360962e-01 5.350354901205427449e-01 5.336540930957605067e-01 5.298934283462941597e-01 5.382683278112744274e-01 5.367844458614664527e-01 5.394127730234699047e-01 5.371122491196301807e-01 5.290770448287719363e-01 5.304014596200171683e-01 5.229992073814608844e-01
3.774607873038192396e-02 1.596762074652038066e-01 2.029257917628973507e-01 4.843638486964449985e-01 3.249846929210241653e-01 4.009450620076039917e-01 1.000000000000000000e+00 5.940933095292749710e-01 6.037234926814941671e-01 6.104754899111212163e-01 5.746590152165563792e-01 7.083839117950995190e-01 5.916832098294394493e-01 6.328552732430764438e-01 7.645397497137161880e-01 7.122698292191647074e-01 6.147494631856779135e-01 5.318938866187510328e-01 6.106714300597722023e-01 4.492240520786578428e-01 5.596619013815476995e-01 6.281644311097541733e-01 5.461542014529116029e-01 5.468574413505559173e-01 5.779398282941096143e-01 6.752719476013708810e-01 6.757309276577855295e-01 6.960572154786116572e-01 6.535005931348593089e-01 6.530216375123615302e-01 6.757585508241125138e-01 6.791243596292813045e-01 6.665823482914492448e-01 6.645105390234335996e-01 6.568257242636672544e-01 6.902189076281444180e-01 7.085421807908133252e-01 7.114886159393670750e-01 7.150968958568491018e-01 7.384622873807037413e-01 7.088778101650818897e-01 7.396752607075003372e-01 7.542288824422469506e-01 7.377080481936575396e-01 7.258472142243393987e-01 7.393870751852341661e-01 7.029335232960197688e-01 7.130278046291127492e-01 7.179961222909185814e-01 6.928811107986023732e-01 7.114299452377609301e-01 7.097349665951685482e-01 7.130627711146986236e-01 7.067082818953328571e-01 7.068015738847788221e-01 7.177975072954646540e-01 7.050453383306599653e-01 7.151767777452162633e-01 7.154607731395645764e-01 7.197517414469140062e-01 7.249227342373184557e-01 7.132858474610859201e-01 7.109390106178224977e-01 7.037368955610497911e-01 7.011777334212205837e-01 7.155820249572560909e-01 7.117092489778288344e-01 7.029958604270993838e-01 7.077676936330036250e-01 6.857942986570467747e-01 7.094821659185918117e-01 7.117535971730942768e-01 6.912866826732506631e-01 6.932941781991515118e-01 7.240323723877286621e-01 7.225018390386545031e-01 7.232006418677723314e-01 7.160745550919696001e-01 7.167192403109367005e-01 7.083309023777014657e-01 7.191289899178855416e-01 7.170478730133369449e-01 7.098802654687740299e-01 7.036036382088755037e-01 7.057382495648725218e-01 7.027302615472108549e-01 7.172399513263447712e-01 7.235832763358842623e-01 7.241103804246360465e-01 7.222536744398870834e-01 7.274845616845891927e-01 7.226118158684318171e-01 7.294520937044646214e-01 7.361261331188755364e-01 7.138247912977859766e-01 7.170017413919983484e-01 7.257810193513128949e-01 7.095389429020285688e-01 7.196365031992378869e-01 7.164148639185620171e-01 7.348041498518976811e-01 7.191728437304873989e-01 7.283395855751232384e-01 7.263916275146355961e-01 7.283057467520268613e-01 7.099551801655757943e-01 7.117430055002424982e-01 7.139636484961259244e-01 7.155023270247192757e-01 7.178750663120671005e-01 7.160169145718978667e-01 7.146182799092735127e-01 7.165450369993896507e-01 7.258887529746997913e-01 7.123022558305271978e-01 7.179988802748561438e-01
2.855719113496740791e-02 1.050786639946032497e-01 1.923930989679532022e-01 4.368391981992161832e-01 3.644745702235905882e-01 3.810167225336047458e-01 5.940933095292749710e-01 1.000000000000000000e+00 5.880704537519512165e-01 5.635758096880916224e-01 5.708016365467033504e-01 6.705781554046917892e-01 5.595860490179220825e-01 6.109699509460593259e-01 6.993783564161301092e-01 7.048489762720895335e-01 5.855254781095986516e-01 4.956523122675494664e-01 5.719405520324759573e-01 4.565516994459229427e-01 5.443708422734903074e-01 6.114895338649608547e-01 5.048005325351087036e-01 5.039683729331700945e-01 5.373175642532244112e-01 6.314130240048546616e-01 6.280228846782167640e-01 6.273822195058816886e-01 5.860795059886080294e-01 6.075917571438658182e-01 6.317503261923750335e-01 6.447569585699284289e-01 6.144224142668170963e-01 6.405352984768789559e-01 6.250504558339239347e-01 6.653018017105095661e-01 6.615087260397577440e-01 6.922139964104991883e-01 6.864203716743740857e-01 6.896705104477197645e-01 6.816677315195543985e-01 7.041469311543642196e-01 7.244368728481608288e-01 7.076366878113004022e-01 6.894273472660849000e-01 7.055672317084122902e-01 6.912907034159853081e-01 6.999002300537271459e-01 7.072397761150600592e-01 6.860444051273669741e-01 7.044676020152869089e-01 6.806858043500441102e-01 6.837942542155057701e-01 6.937086745467953008e-01 6.943708463606579340e-01 6.925126900078516501e-01 7.024040337797183842e-01 7.133092292838072446e-01 7.168004529159881510e-01 7.050683991985731147e-01 7.178487745953983090e-01 7.162761514217876879e-01 7.183986140132946341e-01 6.970981262188107319e-01 6.751748481958688153e-01 6.930063837289398565e-01 6.949455832658066878e-01 6.813123237675174915e-01 6.816766624025418775e-01 6.763161730838684882e-01 6.979123704515810545e-01 6.921297818004924496e-01 6.681409399135318505e-01 6.651762344424646534e-01 6.950426912644700472e-01 6.908015214209556332e-01 6.894968304650140878e-01 6.789888090109664764e-01 6.896919203481846061e-01 6.880591166905681844e-01 6.877216635346580231e-01 6.915076776717213880e-01 6.864723573670847845e-01 6.791969892851692503e-01 6.942665259690958823e-01 6.840553918169763881e-01 6.895258807444641924e-01 7.063144542017026906e-01 7.023068537233221331e-01 6.981736579238549956e-01 6.923366603339227154e-01 7.061698417026889274e-01 7.039072203064391520e-01 7.074455098500420647e-01 7.020959242442648129e-01 7.042843278680445129e-01 7.247981047930529552e-01 7.072557826659181535e-01 7.124864620511978108e-01 7.034041263317279968e-01 7.169121334894575925e-01 7.162899106730620247e-01 7.093107936955778126e-01 7.163340361874606099e-01 7.087075761530332585e-01 7.052135302355450053e-01 7.065015453430074643e-01 7.007751495523760754e-01 7.044924616216640123e-01 7.070122424908461545e-01 7.106155561056594072e-01 7.018930317787992479e-01 7.126874230234540031e-01 7.132089231601420609e-01 6.937779944425056522e-01 6.993448988182303649e-01
1.346609069370964251e-01 2.007490395826345420e-01 2.810572273828156886e-01 4.525695015979213642e-01 3.034160862604312614e-01 4.409716904594824793e-01 6.037234926814941671e-01 5.880704537519512165e-01 1.000000000000000000e+00 7.220351475685579112e-01 7.242321141889265235e-01 7.496251659215635854e-01 6.720442963423456373e-01 7.107421889343292776e-01 7.744980178178432206e-01 7.577298809979634564e-01 7.739064002662227049e-01 7.082116715169441967e-01 7.583234681901962482e-01 6.305160267738498803e-01 7.128881233217883029e-01 7.526011738438278531e-01 7.279685215229156903e-01 7.425132424136563492e-01 7.545120160782423646e-01 8.213383784442805924e-01 7.996359907110176524e-01 8.247989819468845019e-01 7.820984496671976594e-01 8.273215163507395831e-01 8.343095874904222775e-01 8.260827725957560208e-01 7.824514943224040175e-01 8.243297961551619979e-01 8.183866292662780317e-01 7.841535491361708576e-01 8.257628439152404631e-01 8.175837541000642306e-01 8.375370935139028195e-01 7.742364516748783121e-01 8.326886847566848937e-01 8.099337550126883833e-01 7.972271270768812590e-01 8.185636213350778734e-01 8.226141071703521046e-01 8.204757328351256485e-01 8.278815730258708427e-01 8.475259590141718258e-01 8.376348019490597041e-01 8.106184490113098606e-01 8.249005997625793452e-01 8.005957297949839457e-01 8.190823089639228671e-01 8.481139955886729531e-01 8.412924724969558232e-01 8.429693446324572070e-01 8.315993080681564065e-01 8.308551860628831109e-01 8.342787539484781689e-01 8.436138837997891882e-01 8.314115050567878473e-01 8.223987579231990530e-01 8.167986885658002905e-01 8.258774285161663009e-01 8.416762239344632857e-01 8.437347394758520913e-01 8.444330963341593055e-01 8.493046485675307400e-01 8.508321966177313511e-01 8.347957303961996978e-01 8.305921353594917234e-01 8.470754468746501953e-01 8.456385315283678761e-01 8.487094869229149241e-01 8.499416665257363279e-01 8.476712096715762756e-01 8.402158737325895466e-01 8.409982755849235714e-01 8.427061807984816966e-01 8.466257334163181936e-01 8.444268054390118294e-01 8.456690392759398378e-01 8.522121752008308126e-01 8.491115793583651206e-01 8.390753501861707431e-01 8.502686905528913375e-01 8.410820144072671534e-01 8.389546501224534047e-01 8.395182115986974392e-01 8.409039662757782363e-01 8.307248693663860095e-01 8.332300958246708911e-01 8.405574947377671968e-01 8.334860227996778725e-01 8.360580847233786139e-01 8.383199437598273240e-01 8.226308328465588016e-01 8.329862527108916614e-01 8.312200696377266551e-01 8.353870967426041405e-01 8.319006716595117590e-01 8.369311342015020028e-01 8.356761368958588454e-01 8.276271309828514555e-01 8.446926664449962985e-01 8.386272993062278136e-01 8.375184931661746601e-01 8.382198015975507177e-01 8.410547222012981772e-01 8.389442367869215378e-01 8.318133638107957362e-01 8.366241029408221230e-01 8.341505220170802870e-01 8.385974906360712522e-01 8.480467851012392089e-01 8.437887073953164174e-01
7.151812592470876973e-02 1.844611506463921802e-01 2.732317025988509895e-01 4.592936421288342785e-01 2.592814589083148880e-01 4.167816169633391521e-01 6.104754899111212163e-01 5.635758096880916224e-01 7.220351475685579112e-01 1.000000000000000000e+00 6.779525547927995888e-01 7.293369212439307914e-01 6.293513386915702279e-01 6.777907297421058574e-01 7.637674944360607343e-01 7.300865259902244997e-01 7.234408868429950124e-01 6.780470743435879077e-01 7.286292714116223701e-01 5.979544503773845943e-01 6.871484621132384341e-01 7.223409152841120395e-01 6.984314812178434861e-01 7.157416300000973841e-01 7.271778482204274141e-01 7.762200017518539052e-01 7.681515183600065022e-01 7.858967664379709062e-01 7.423747484649299011e-01 7.764788881139057519e-01 7.890607608702518982e-01 7.871540048472773776e-01 7.384021150548296664e-01 7.844690076227660569e-01 7.679723982284883954e-01 7.630267307959776035e-01 7.937127764883489256e-01 7.828972106091267591e-01 8.003681519514015408e-01 7.600767642885826181e-01 7.982107685060907398e-01 7.851826782635905611e-01 7.857114245850868040e-01 7.944758100850527471e-01 7.943837729327527519e-01 7.939100280612320093e-01 7.906705399619423646e-01 8.106305059622619380e-01 7.990695804794930579e-01 7.674504591095845374e-01 7.832764149936580766e-01 7.588901536611222243e-01 7.787180232355724874e-01 8.082697356006987022e-01 8.066454072762291316e-01 8.120516902974762585e-01 7.884301045359666249e-01 7.981786569765081385e-01 7.974927783705562101e-01 8.016990066809144277e-01 7.962666382391919706e-01 7.867747658288992696e-01 7.826501824154801223e-01 7.837701340116944859e-01 7.979229675826640111e-01 8.024857136930384494e-01 8.055313337617254765e-01 8.129410556199822002e-01 8.171646160661508729e-01 7.977825168360056507e-01 7.992003009713043449e-01 8.105369808829890887e-01 8.125060128298144946e-01 8.147827932201736623e-01 8.135940791170862552e-01 8.103803860862206498e-01 8.080349879170543037e-01 8.053962093195544680e-01 8.084529156495335878e-01 8.028441703503886862e-01 8.075609876720164504e-01 8.054472601612693294e-01 8.167236235828125857e-01 8.074525736694080358e-01 8.033672334700345807e-01 8.118519010175562212e-01 8.076230392894665489e-01 8.029591079612427018e-01 8.066144224925404504e-01 8.102963839280717950e-01 8.000434968799797764e-01 8.019201371149176083e-01 8.053128549870145481e-01 8.035066873405372068e-01 8.002983893221871092e-01 8.031518146273656233e-01 7.903371969728194557e-01 7.913598163426924792e-01 7.964436776009292673e-01 7.992739518035701929e-01 8.011198568755570903e-01 7.988049335206796053e-01 7.977006224193330386e-01 7.944234233695330882e-01 8.081934489509173813e-01 7.989664066916424279e-01 8.018014184518474918e-01 8.026761361222349844e-01 8.052015151148370631e-01 8.015399804928599048e-01 7.996813303678083074e-01 7.974630935278679278e-01 7.973254550170371102e-01 8.022904741227140368e-01 8.032783410397130730e-01 8.046553768731687928e-01
5.076756760209175101e-02 1.421961379788803659e-01 2.536097327708903837e-01 4.343587308626122856e-01 2.916515729363715059e-01 4.575782888698168849e-01 5.746590152165563792e-01 5.708016365467033504e-01 7.242321141889265235e-01 6.779525547927995888e-01 1.000000000000000000e+00 7.384930128452503739e-01 6.527323607226294122e-01 6.656942966327668021e-01 7.487850262171209526e-01 7.379719114995594298e-01 7.028161968632274936e-01 6.202694059089237655e-01 6.812213023060915695e-01 5.388586400706326662e-01 6.320306778907800460e-01 6.797292918568552667e-01 6.370966271912090750e-01 6.582041855064482139e-01 6.728443912883632638e-01 7.517180683130972874e-01 7.574820640836242847e-01 7.741041075073015199e-01 7.333869965067679741e-01 7.683889073154610561e-01 7.982278570374672366e-01 7.616421917154500010e-01 7.510353921842888303e-01 7.624719663097203615e-01 7.539728056028730530e-01 7.606609633324054043e-01 7.927680631730079641e-01 7.824439217590869466e-01 7.900889068728055298e-01 7.808437333908291311e-01 8.071724427419123549e-01 7.890694187819391470e-01 7.781108388972379775e-01 8.025363494006203524e-01 7.935881441320175034e-01 7.957662853700299133e-01 8.031921046804696429e-01 8.083985875674029042e-01 8.021921336061981211e-01 7.674441854389308926e-01 7.936381399441360118e-01 7.557375782161951383e-01 7.902727851152322458e-01 8.063957604944513857e-01 7.988126918427442824e-01 8.037695659128269998e-01 7.915471013087668206e-01 8.057287465732875242e-01 7.995547054186153968e-01 8.053408714619665343e-01 8.044125242134825271e-01 7.968317110799292280e-01 7.917924629332050435e-01 7.878014480868446023e-01 7.952923897209680515e-01 7.979776845791860529e-01 8.080789112022148668e-01 8.041355504147869038e-01 8.021992148215776330e-01 7.818237729630713728e-01 7.866515415470599626e-01 8.039946183070788566e-01 7.998855254157537509e-01 7.952059435234601903e-01 8.108184497684683967e-01 8.129920363928547777e-01 8.125318006111875713e-01 8.104758542651837594e-01 8.137146517649892496e-01 8.093367354141703940e-01 8.091565183018978313e-01 8.132010121181530993e-01 8.066494407605049322e-01 8.106912291642718316e-01 8.031728864627719622e-01 8.099315671642467462e-01 8.070198925392417788e-01 8.117210914237958930e-01 8.086050863283148482e-01 8.066448545544486759e-01 8.090741167040798043e-01 8.110576050987956531e-01 8.128353262188032780e-01 8.094090463607647168e-01 8.106820946263915140e-01 8.108529197603435712e-01 8.035274296998695664e-01 7.973946907997730982e-01 8.060778302898135017e-01 8.079524995136495580e-01 8.067056282125240063e-01 8.092674246325808340e-01 8.053975013319598641e-01 8.035377726369358209e-01 8.048372702564833281e-01 8.030616320263957997e-01 8.093841843788459611e-01 8.079103820674817804e-01 8.093010188312733666e-01 8.105117960448535719e-01 8.100432271435317189e-01 8.060587380793883261e-01 8.095269827163705800e-01 8.040762874275441119e-01 8.039789200275293535e-01 8.072858784310491531e-01
3.923326235270247625e-02 1.526926565377662859e-01 2.643967294007385505e-01 5.769120547402591948e-01 3.568158197099060014e-01 4.832372235910695757e-01 7.083839117950995190e-01 6.705781554046917892e-01 7.496251659215635854e-01 7.293369212439307914e-01 7.384930128452503739e-01 1.000000000000000000e+00 7.192738638595738143e-01 7.473354190774498251e-01 8.620301108478333196e-01 8.378432128929673706e-01 7.617657556760858428e-01 6.660636479346758732e-01 7.430449832243406494e-01 5.902160262770768107e-01 7.132348206418540615e-01 7.787336347445277251e-01 6.800460831356547331e-01 6.966901936754806846e-01 7.286671985351117486e-01 8.240194932343013479e-01 8.321389858139660589e-01 8.355850710924419555e-01 7.895993523311152229e-01 8.140217946923687942e-01 8.444042145625528795e-01 8.315279023751602772e-01 8.164073072526766284e-01 8.288063841271070542e-01 8.159591512620227860e-01 8.355590838296178546e-01 8.618188114526160737e-01 8.581812563274384686e-01 8.676790107051135514e-01 8.665211708657214462e-01 8.690091986441558225e-01 8.758259592356139045e-01 8.838300343341423115e-01 8.811280579473541597e-01 8.723083474361611467e-01 8.759741195907291278e-01 8.611990575124547354e-01 8.739467576797473880e-01 8.801940281337311545e-01 8.500116545608876750e-01 8.742082921321396860e-01 8.560686123210724530e-01 8.636061058546100622e-01 8.674397511480573808e-01 8.667042258343442551e-01 8.670262618048506509e-01 8.710287907248266404e-01 8.759170531571655038e-01 8.750520850404724937e-01 8.820157731624901354e-01 8.857638758606440899e-01 8.733191140095565297e-01 8.706104539269977627e-01 8.708947570168721342e-01 8.652535289530487450e-01 8.740664127520811899e-01 8.727524746703083647e-01 8.637363517304458282e-01 8.685397318217272788e-01 8.539165310532538244e-01 8.719939593501202513e-01 8.747109028887077864e-01 8.564391961739017400e-01 8.578727036759141722e-01 8.827481883883003810e-01 8.815781114986784850e-01 8.795048096720593511e-01 8.742473464899942481e-01 8.773452098251591780e-01 8.684471452740935016e-01 8.769756265234722736e-01 8.791074806808388820e-01 8.701143973889300387e-01 8.722520426196092025e-01 8.704051343466788770e-01 8.715262179364444695e-01 8.743053939965458321e-01 8.803664295710631471e-01 8.816000278463409501e-01 8.727614922946167475e-01 8.775858062177208652e-01 8.813994207654530788e-01 8.835353302262881625e-01 8.867023557422596403e-01 8.772355083620512195e-01 8.757516811193867268e-01 8.794378241517810668e-01 8.741223773431433530e-01 8.800532824676357002e-01 8.740886418317763695e-01 8.864071412459172405e-01 8.801440967039357854e-01 8.820902779395412008e-01 8.808561212102767879e-01 8.860973521794331953e-01 8.683954728888052532e-01 8.750956068691158052e-01 8.722293216781216163e-01 8.742104388602017773e-01 8.761567208598970424e-01 8.733523502190213561e-01 8.764639579949013992e-01 8.753870923021259687e-01 8.817963229107113055e-01 8.781779469186692388e-01 8.792500430353794583e-01
1.519359154243584342e-03 1.124551092742143571e-01 2.222724716816924795e-01 4.386527223924165941e-01 3.392221731681779873e-01 4.383322972281977203e-01 5.916832098294394493e-01 5.595860490179220825e-01 6.720442963423456373e-01 6.293513386915702279e-01 6.527323607226294122e-01 7.192738638595738143e-01 1.000000000000000000e+00 6.608750155938424298e-01 7.551675654250424863e-01 7.569521609931650907e-01 6.527057574578810639e-01 5.466495238123789679e-01 6.297789523575102466e-01 4.662953824445715822e-01 5.714180698619019116e-01 6.290150552015010277e-01 5.666426991122367474e-01 5.968260026512212102e-01 6.161940522156198474e-01 7.007443641908808196e-01 7.157445103085989802e-01 7.221075432687523721e-01 6.711576923429420916e-01 7.149140633006297874e-01 7.506980864557115662e-01 7.095448047209867992e-01 7.139609481685176284e-01 7.193903923038017512e-01 7.137342276376790196e-01 7.324637824889503879e-01 7.589770689127297576e-01 7.560805198524632731e-01 7.697912763338072839e-01 7.527244212261504641e-01 7.772042053520009652e-01 7.812654347378024111e-01 7.676227759336698986e-01 7.921888523063598253e-01 7.706506374481488786e-01 7.831966099346495680e-01 7.907016033083591466e-01 7.884751707917653230e-01 7.816180736900413262e-01 7.419206324020145571e-01 7.740099586931343811e-01 7.396447091471088919e-01 7.772584703195352107e-01 7.846670741646458724e-01 7.669496083289687460e-01 7.683644423289650582e-01 7.561562856792073406e-01 7.843097104487455340e-01 7.720355749579751459e-01 7.943826919792887908e-01 7.823148745830431627e-01 7.813499857965505724e-01 7.631993177556767316e-01 7.684519400824277868e-01 7.741139909129713947e-01 7.745759487403425236e-01 7.877931269071564158e-01 7.696893209204360708e-01 7.677690863691537526e-01 7.461051858800504810e-01 7.602869700914545170e-01 7.748663101941083431e-01 7.655113917092616349e-01 7.589850222687257730e-01 7.838686698976875533e-01 7.834686150114438252e-01 7.857672827400273841e-01 7.757557909405505825e-01 7.803823972152134081e-01 7.827545065621742681e-01 7.849013215640823216e-01 7.893396251792907936e-01 7.799013555176753654e-01 7.787324125214918347e-01 7.759249086050552524e-01 7.846684853646136437e-01 7.884769168392679051e-01 7.893992903650297599e-01 7.923488797741993217e-01 7.818183212206051280e-01 7.856505534154030190e-01 7.958309311641065253e-01 7.938232012880886979e-01 7.945482957516567524e-01 7.953320952059357296e-01 7.935526187799673004e-01 7.748815586398054567e-01 7.804887105871335384e-01 7.874360841879518569e-01 7.889452245548800313e-01 7.917066452457247605e-01 7.904824560241303644e-01 7.928176944892948441e-01 7.963981930940173815e-01 7.894308225311573723e-01 7.787504446425173033e-01 7.916413926533365508e-01 7.926991741161067972e-01 7.883072748148025610e-01 7.938072181062180155e-01 7.903476996405395250e-01 7.971812754602546347e-01 7.923778266834941020e-01 7.897211773172366778e-01 7.888183560297502561e-01 7.883596445349765336e-01
