1.000000000000000000e+00 8.263904221597774546e-02 2.807462172913786635e-01 2.727784562322050146e-02 -1.707071794608407828e-02 8.411198204212698426e-02 1.043526014754245917e-02 -6.026727673454978368e-02 3.174154051994206860e-01 1.278479568757378004e-01 9.463894634292438490e-02 -4.623505820359095214e-02 -3.413273512878999341e-03 -2.218629281820709738e-03 -1.825705831357351400e-03 1.732823905758483843e-02 2.692114603625579972e-01 4.461002846739122174e-01 3.144338067978538764e-01 4.484374544482770397e-01 3.972795686822345185e-01 2.934996760308228314e-01 4.191631803067814577e-01 3.682115827072107161e-01 3.230602753496824575e-01 3.319193555310378518e-01 3.138383151965019602e-01 2.421692858325973641e-01 2.767034561673683002e-01 2.739123977474039462e-01 1.957242575377197424e-01 2.165188570324730055e-01 2.046969495360946578e-01 1.988712122524499415e-01 2.365421262266104996e-01 1.111877454580066371e-01 1.714410461578467215e-01 8.909923962254702456e-02 1.302231375740853514e-01 3.645720044783459790e-02 1.049853579357409444e-01 4.982266521395371794e-02 3.331234710737741161e-02 8.088883057009181587e-02 9.212115336074101768e-02 9.001734527831475874e-02 3.346730807061313630e-03 8.935467391342914734e-02 7.165580481853150996e-02 8.391246863672155443e-02 5.525650544732407105e-02 3.726765823521614035e-02 3.781717271609515846e-02 1.292317045702533751e-01 1.692522863153232415e-01 1.582083053715484799e-01 1.216259898069746298e-01 5.901925413684584037e-02 4.024100264269175886e-02 2.921421780764035109e-02 3.751052411030181277e-02 3.861831118911686345e-02 7.397547128724396570e-02 6.949320097951659780e-02 1.356951397523064873e-01 9.326330425824545800e-02 9.398746098651958314e-02 1.507539125241547373e-01 1.553959611360727355e-01 1.846509681960487315e-01 1.150857962844874793e-01 1.215679384543966873e-01 1.713397693331001337e-01 1.610522007861660276e-01 1.220739928938577995e-01 1.123027021282092253e-01 9.435451095000167709e-02 1.329025939823328117e-01 1.111118961558064389e-01 1.216536909413354905e-01 1.199424416078947453e-01 8.051960340275134131e-02 1.239544088177434444e-01 1.228237435653043441e-01 9.038814125070765426e-02 8.878639372744101532e-02 7.396596997810597762e-02 6.080809432898798272e-02 5.308290852079117217e-02 1.357347898010372311e-01 6.223196440062145340e-02 3.783796246856599432e-02 4.356775077709290622e-02 4.349701569630973208e-02 8.369944865238418061e-03 4.312564211027630767e-02 2.181095336094780388e-02 7.237974638310870623e-02 1.660564994365169508e-02 2.884255108697912975e-02 1.560954405003584476e-02 4.682030654647915957e-02 2.239758406294151821e-02 2.180905803915429014e-02 5.867627396348606278e-02 7.928005408947055854e-02 5.589561800649411188e-02 7.120793177859006950e-02 8.693131655630927102e-02 3.106576393200506658e-02 3.144510223484533323e-02 1.239103450030466617e-02 3.373363355375454120e-02 3.870337696381347115e-02 8.625956468453548076e-02 5.769569612506213196e-02
8.263904221597774546e-02 1.000000000000000000e+00 6.058038748173951576e-03 -4.497369356412762864e-02 9.103701198171940123e-02 1.066274923929774188e-01 8.828170970817261765e-02 8.076378999553536497e-02 1.073468034794974046e-01 1.848267242964318491e-01 8.901685779283663447e-02 7.764682445324798399e-02 1.084813626954403143e-01 8.619899311938179765e-02 1.139180581771333384e-01 1.089827117432686510e-01 1.320592979447105797e-01 1.323186421979246907e-01 1.039492930823628508e-01 9.150718641100186179e-02 5.491782265736949720e-02 4.891169084119979110e-02 9.950234038451087615e-02 9.765979951619099819e-02 8.332584386626928907e-02 1.093625648636820102e-01 9.731741432542197201e-02 1.278125124858519035e-01 1.081806106504619586e-01 9.413735591428035177e-02 1.134574190836566826e-01 1.401720399333562239e-01 1.150414295218095129e-01 1.080111288893889632e-01 1.066861794260458712e-01 9.328051462022086959e-02 1.296660822350143294e-01 1.300494463161626091e-01 1.285449245673324914e-01 1.195165811337420003e-01 1.286634366024502762e-01 1.445089753196512894e-01 1.048337644355784581e-01 1.182807878706587518e-01 1.260718955541295927e-01 1.299521228593309152e-01 1.401992350361382367e-01 1.453208055472845484e-01 1.180989263672221484e-01 8.880443011123112518e-02 1.111971717604329224e-01 7.512168371740587935e-02 1.045080860868411038e-01 1.366980714170399902e-01 1.381706869537655535e-01 1.440646230840070818e-01 1.040238186341734122e-01 1.391298504912111822e-01 1.225799640575618854e-01 1.371940694629455171e-01 1.156759424259408559e-01 1.205348786416277351e-01 1.070330726217759709e-01 1.110613043953589812e-01 1.226484806990915805e-01 1.185160211481385145e-01 1.397014330849363772e-01 1.434866935253036324e-01 1.383279062288473027e-01 1.224708311603452116e-01 1.123571911100524207e-01 1.293953916450849562e-01 1.305055470449699162e-01 1.324277846007765325e-01 1.349136298943000856e-01 1.270090990189931268e-01 1.410393371905845350e-01 1.335523301672321139e-01 1.276970200728710647e-01 1.343498715313309055e-01 1.318524102262786379e-01 1.306396972851358862e-01 1.330863527619788045e-01 1.389843006105557499e-01 1.229899999275253369e-01 1.274359268232247711e-01 1.333472347242643241e-01 1.387586794801105861e-01 1.373196969745941742e-01 1.437027729124599751e-01 1.385248966955082150e-01 1.422239272643627261e-01 1.334314415464344372e-01 1.355624835942155770e-01 1.398170571185413935e-01 1.419288442334128708e-01 1.085875779035486571e-01 1.096417473072986287e-01 1.350601853103126360e-01 1.310115472236215994e-01 1.282008244710891587e-01 1.247003348136951351e-01 1.225141694457218405e-01 1.327104866048561260e-01 1.180758383238850601e-01 1.173153371075934120e-01 1.331255162967273364e-01 1.417229866380464165e-01 1.429521612865093105e-01 1.390452432707104669e-01 1.388311079535588244e-01 1.380017654307104102e-01 1.321743157232891930e-01 1.310529047960246607e-01 1.362148714148489481e-01 1.231142786947005685e-01
2.807462172913786635e-01 6.058038748173951576e-03 1.000000000000000000e+00 4.165956005676509366e-01 2.183914736383603117e-01 2.502768917527389836e-01 3.697234583051756673e-01 3.038203313389957194e-01 4.072500055541455888e-01 2.809540346238434405e-01 4.127438284252132328e-01 3.734829542463269370e-01 3.444641330726163075e-01 3.231786460477028555e-01 3.737715627188817891e-01 3.735751254735141247e-01 4.248315846639020843e-01 4.747648962409491968e-01 4.638735733089157098e-01 4.722931406622918327e-01 5.101948794296109480e-01 4.712767611951725333e-01 4.745273960891773779e-01 4.527182715967137394e-01 4.504780483717792383e-01 4.963165448070626651e-01 4.946495398259493359e-01 4.482428041458981216e-01 4.355197238920065494e-01 4.505885774941873478e-01 4.547405336062137482e-01 4.429767639604794693e-01 4.065856254890573562e-01 4.354446972662940341e-01 4.130295057431774275e-01 4.008702881216064662e-01 4.319194765560857019e-01 3.805946638274060878e-01 4.166544280395795274e-01 3.862240631902780219e-01 4.144832667854176922e-01 3.700977463893959096e-01 3.843420698971436456e-01 4.150296276963414410e-01 4.087101446188502463e-01 3.911890907998792910e-01 3.423781745318081882e-01 3.778206690939118761e-01 3.860658971963188968e-01 3.968602898203745233e-01 3.836142701881287143e-01 3.985200593242737566e-01 3.864482403691660295e-01 3.935336512957634536e-01 4.022200316337407600e-01 4.125382320200959296e-01 3.960187746203119308e-01 3.684147793393934833e-01 3.542476059741396233e-01 3.586002568476202579e-01 3.672490516723257992e-01 3.598868844034078252e-01 3.863620705585859572e-01 3.834227925512275204e-01 4.115906761750054432e-01 3.974088906823297074e-01 3.911306462288178243e-01 4.243390168411980690e-01 4.238960858766766537e-01 4.524914728638095851e-01 4.322057787974987186e-01 4.131541515742407356e-01 4.326929432152057942e-01 4.259895367514217601e-01 4.167374743429358430e-01 4.144004577384207688e-01 3.972023548670673421e-01 4.105581266984443811e-01 4.113392392843273626e-01 4.093619795679599993e-01 4.108467634177069838e-01 3.938599572435605434e-01 4.092937318709962691e-01 3.976423119473064260e-01 3.963012262576627309e-01 3.994536171636375865e-01 3.935224451494387377e-01 3.750145870565045336e-01 3.744441844988070645e-01 4.089320243237605235e-01 3.861726051545054106e-01 3.684968478414822890e-01 3.837153637929821004e-01 3.770446408280561101e-01 3.499323078848743385e-01 3.650638645250923187e-01 3.718155571610677335e-01 3.874569662414831805e-01 3.565350193483347030e-01 3.688103393481377279e-01 3.680732140612976711e-01 3.733862088240952892e-01 3.760251407436179250e-01 3.679917908113072844e-01 3.926634063020074117e-01 3.867667666027910789e-01 3.787367143021315719e-01 3.755921237314530647e-01 3.803234049113044524e-01 3.594769624264234631e-01 3.535632240149972350e-01 3.509526697820690155e-01 3.618600864507490189e-01 3.665609245305582187e-01 3.906631354178072835e-01 3.828733724272778138e-01
2.727784562322050146e-02 -4.497369356412762864e-02 4.165956005676509366e-01 1.000000000000000000e+00 3.706431811018667810e-01 3.694303874096643292e-01 5.877465990561374642e-01 5.419300533038342582e-01 4.325752966778153574e-01 3.514605826579447756e-01 5.681579273777472849e-01 6.426351172186779426e-01 5.351966610665277457e-01 4.686137195007467060e-01 6.016449452856366120e-01 5.718169538288313536e-01 4.407313610125896397e-01 3.413429331416009127e-01 4.445787979406555790e-01 4.021749530164329123e-01 4.604104263523726148e-01 4.872479217772968108e-01 3.739520615328646436e-01 3.635664547147464121e-01 4.168453427389300359e-01 4.988720229819259000e-01 5.095788276628520075e-01 4.876628755747677846e-01 4.670620612371619851e-01 4.521081554389587143e-01 5.404831183285114804e-01 4.998846610147539282e-01 4.296539082304839940e-01 4.961711171454172287e-01 4.196004475628069552e-01 5.442939430162920811e-01 4.964340201997981539e-01 5.135724227278107845e-01 5.361693463203150989e-01 5.589747139062026804e-01 5.428466495041540663e-01 5.338885480973135644e-01 5.744754128281936989e-01 5.950580921133499235e-01 5.656445122741659004e-01 5.435927378068408089e-01 5.153771403840321508e-01 5.032280098138514068e-01 5.472665048151525991e-01 5.653135150190126135e-01 5.467800998378055111e-01 5.985312649624183745e-01 5.695322874856465489e-01 5.003656283221007417e-01 4.815310322458984937e-01 5.051543037557459925e-01 5.458146239520040854e-01 5.206613646789013394e-01 5.104985224593390214e-01 5.333976176011490100e-01 5.379570447255038745e-01 5.336280003332435351e-01 5.389609449130312591e-01 5.586696317329067352e-01 5.327288067834308194e-01 5.454300157692960616e-01 5.167520831865627384e-01 5.089294357129595658e-01 5.146938311274524835e-01 5.467477836005422143e-01 5.574465676854800655e-01 5.266183480110321335e-01 5.045315675696347979e-01 5.081073212023193841e-01 5.291142476679667750e-01 5.336427411798202458e-01 5.259910044576687760e-01 5.163326867922886088e-01 5.359293215680890343e-01 5.233516835522020738e-01 5.178505473030345918e-01 5.360253980710604216e-01 5.250096145351204058e-01 5.026861692724438058e-01 5.340258188596019862e-01 5.387204512719462324e-01 5.386757694337996893e-01 5.208434811226511085e-01 5.281541902302897551e-01 5.118151740924921089e-01 5.285173977027506353e-01 5.313664151935980628e-01 5.466578097056847829e-01 5.424527448491672788e-01 5.227836662815505964e-01 5.177629318060854580e-01 5.727666025190532029e-01 5.631202846715394061e-01 5.357927604387623388e-01 5.391867909033822848e-01 5.509628965283644986e-01 5.372558751659755050e-01 5.563603289661304130e-01 5.497181050463639806e-01 5.622691823353412888e-01 5.422870628032668838e-01 5.407997188415457623e-01 5.080864084035203732e-01 5.033489592940825208e-01 5.194686909478068992e-01 5.076914887786807551e-01 5.250451144355615662e-01 5.269747248334660794e-01 5.378943687658505057e-01 5.313253734950742491e-01 5.471687454954705654e-01
-1.707071794608407828e-02 9.103701198171940123e-02 2.183914736383603117e-01 3.706431811018667810e-01 1.000000000000000000e+00 3.029181667184383531e-01 4.870729541333560508e-01 4.591539630748017742e-01 3.563917238927513109e-01 3.517869027129794657e-01 4.475904816776183348e-01 4.875761886789182209e-01 4.759903565181988205e-01 3.961909034583364630e-01 5.024342866973317001e-01 5.007251754117676423e-01 3.710603809147899890e-01 2.552844835912597143e-01 3.452085282528211674e-01 2.560086852785285472e-01 2.892350459205818569e-01 3.484887198396246499e-01 2.641733636367158966e-01 2.893290217939814557e-01 3.193310666831600253e-01 3.648375057263714694e-01 3.901112966100129809e-01 4.082969820291239560e-01 3.565903031196781536e-01 3.685632214076610125e-01 4.340398199790468370e-01 4.304707851963371912e-01 3.782923374084682377e-01 4.164128076531551370e-01 3.694382340749384208e-01 4.348762844933121707e-01 4.283394519929050737e-01 4.438271901945955444e-01 4.564966909462901956e-01 4.666856897220265088e-01 4.666630184451838748e-01 4.753943891394724064e-01 4.834874785497014771e-01 5.024639911799211323e-01 4.781518933248274372e-01 4.664318527984733787e-01 4.782414644420114325e-01 4.504871191569784772e-01 4.677341830335523531e-01 4.662677593104139206e-01 4.710471399571847795e-01 4.980807171635210362e-01 4.912236799715504754e-01 4.337161077619275940e-01 4.116194000634112449e-01 4.313019148745034781e-01 4.461928078972386968e-01 4.650003142961944835e-01 4.507812730193812567e-01 4.809638446517811028e-01 4.690563541601242004e-01 4.593179660275443221e-01 4.492164532652272446e-01 4.662687029343219880e-01 4.500927514009130936e-01 4.605724407973116885e-01 4.606968334151467226e-01 4.511937018958113721e-01 4.498241968060801566e-01 4.464534427260326566e-01 4.700663236574875170e-01 4.626367940721693439e-01 4.401833549438485260e-01 4.437254730262529256e-01 4.583361398641968565e-01 4.615694877006824015e-01 4.679299055226911475e-01 4.455885269247607527e-01 4.645856931613104868e-01 4.615336011688013773e-01 4.513455937302848220e-01 4.686935593653406285e-01 4.540396088199045166e-01 4.527870139492805590e-01 4.682992253283026485e-01 4.730085011957721464e-01 4.745876012623860274e-01 4.666415399721479118e-01 4.726888009380465494e-01 4.498250136532490617e-01 4.738660582986091163e-01 4.819838578384069150e-01 4.819382383741889764e-01 4.811947101541790284e-01 4.786410895165937318e-01 4.682252449459717303e-01 4.894424797959556761e-01 4.781161240179302996e-01 4.809525651371533428e-01 4.825618019714404960e-01 4.889401904360667905e-01 4.702740335778470837e-01 4.838226509114263996e-01 4.889101232975832101e-01 4.832982116748534285e-01 4.636953431965317729e-01 4.756365803763671907e-01 4.531369766887068939e-01 4.527329402721884111e-01 4.739728575946655642e-01 4.584640489939841856e-01 4.765273551455905254e-01 4.692961322978938532e-01 4.777575047044757550e-01 4.674654428069746626e-01 4.729825446975042813e-01
8.411198204212698426e-02 1.066274923929774188e-01 2.502768917527389836e-01 3.694303874096643292e-01 3.029181667184383531e-01 1.000000000000000000e+00 5.453173343761857916e-01 4.958170398985352056e-01 5.163106478876802186e-01 4.842382074658408975e-01 5.620359066288534988e-01 5.728885234429940132e-01 5.221800916847486596e-01 5.046836976543646047e-01 5.978871265724413631e-01 5.956155408186606381e-01 5.307349458454619917e-01 4.352390854668461984e-01 5.226026703088177960e-01 4.018379718667745570e-01 4.558467783430101838e-01 5.329268975310329504e-01 4.571812634880134674e-01 4.524564361138421198e-01 5.013265055271473036e-01 5.691377524809272392e-01 5.720569227468289553e-01 5.832043211862664167e-01 5.242138443992476748e-01 5.569717591295885173e-01 6.071623720905305888e-01 5.813192838263934181e-01 5.586538629630383168e-01 5.680947240409933707e-01 5.553478961992628360e-01 5.797255273394994468e-01 5.932738844513947285e-01 5.953088037469234095e-01 6.062907468941991507e-01 5.996453880334295938e-01 6.120304154519714546e-01 6.143338105761442236e-01 6.042133870344248425e-01 6.209454478645324293e-01 6.129117800645287328e-01 6.119252490000560707e-01 6.118217801837180225e-01 6.093686855379406575e-01 6.053778916907206487e-01 5.910066877401636276e-01 6.011635247364653933e-01 6.020669392165285405e-01 6.105423297946105388e-01 6.053566935517246117e-01 5.948515344770797242e-01 6.039080388659446852e-01 6.006685768456688779e-01 6.101427508855831183e-01 6.032913532122191613e-01 6.162423978769366872e-01 6.077073538315747037e-01 6.073386441197914376e-01 6.106932374657566553e-01 6.045466175068492376e-01 6.141863870510984036e-01 6.126921649055860897e-01 6.150664303945229117e-01 6.126742828218398884e-01 6.079265486952487585e-01 6.012214009038744367e-01 6.225943623383148884e-01 6.224667373878096654e-01 5.945875802276171518e-01 6.081552904424125661e-01 6.202391861406152396e-01 6.190345538780214207e-01 6.157349294775004145e-01 6.074230478942591605e-01 6.150235739843969984e-01 6.149850426373004719e-01 6.129593582878145597e-01 6.189650148180249056e-01 6.082061763057653447e-01 6.090488343789582926e-01 6.089606975373041964e-01 6.098751866151724821e-01 6.188138071303047605e-01 6.117897319357680219e-01 6.136555785949296959e-01 6.176044488330304505e-01 6.142608845946463392e-01 6.186823678707779051e-01 6.155014800281126686e-01 6.198996522198242376e-01 6.109787784207699746e-01 6.148119623963781422e-01 6.062957190727125134e-01 6.089978332666968752e-01 6.117702607203046039e-01 6.112780851681666183e-01 6.150235158805068547e-01 6.137914295676909493e-01 6.162267514563225523e-01 6.165836398155168929e-01 6.187553037443845882e-01 6.135377105856506530e-01 6.155849014764954719e-01 6.156309423586516782e-01 6.138556336713089090e-01 6.139754978862693724e-01 6.107068132716650943e-01 6.124949051897549124e-01 6.134757339463650094e-01 6.142667217929773660e-01 6.197589217147458918e-01 6.165171744776909435e-01
1.043526014754245917e-02 8.828170970817261765e-02 3.697234583051756673e-01 5.877465990561374642e-01 4.870729541333560508e-01 5.453173343761857916e-01 1.000000000000000000e+00 7.168668411354029990e-01 5.932397859181259836e-01 5.912375884686030814e-01 7.348907193862894704e-01 7.954662363002604764e-01 7.190422905149572719e-01 6.621226424455004533e-01 8.372647243911590653e-01 7.966437962422151520e-01 6.476449397040155986e-01 4.936268032417124862e-01 6.310888254083319993e-01 4.645700622763160315e-01 5.457109256926420127e-01 6.363276935239186027e-01 5.275783916886787051e-01 5.250822052648759231e-01 5.887467116360409758e-01 6.847008188544519980e-01 6.818695266921320775e-01 7.126787478327737402e-01 6.542435009249472078e-01 6.625468057778894915e-01 7.465150335834603856e-01 7.213518920040584703e-01 6.650344470699085520e-01 7.065916601395100249e-01 6.554090870155003801e-01 7.508603589057504246e-01 7.274896867753237739e-01 7.623325882221921868e-01 7.706012178828550718e-01 7.729588191373878425e-01 7.742941922531666465e-01 7.825480831433379025e-01 8.029885841619011089e-01 8.109381527830452630e-01 7.856723675586771982e-01 7.866953092432267258e-01 7.764638525067391051e-01 7.616949094833974643e-01 7.765940979955427981e-01 7.706144253123212717e-01 7.757976739568239744e-01 7.876638169102441189e-01 7.949628022217184453e-01 7.461352699746403028e-01 7.226230288906891897e-01 7.496156799925759451e-01 7.606653937310908775e-01 7.732201633727349144e-01 7.631309855414776244e-01 7.859380393757716687e-01 7.830934816007003585e-01 7.755886851983725405e-01 7.703641240152735437e-01 7.822637434632556674e-01 7.685289430750854578e-01 7.728840666535868875e-01 7.761166727795213438e-01 7.609449567184599639e-01 7.562008246869744710e-01 7.519443360456520287e-01 7.807938685911341992e-01 7.766069882211570352e-01 7.414254237119159985e-01 7.524126063827411004e-01 7.755216535735250938e-01 7.765781002168541391e-01 7.781530148688039494e-01 7.617539019904141506e-01 7.804810865575697587e-01 7.713591497315968049e-01 7.639313276857764290e-01 7.819968310981910697e-01 7.712290191727906308e-01 7.587099075066572329e-01 7.724546961760986319e-01 7.779886916500464711e-01 7.822654813003575569e-01 7.795883537113706963e-01 7.809650516655166630e-01 7.657265379107512926e-01 7.815617279664688333e-01 7.881350480663165126e-01 7.931756758945617269e-01 7.935128980642602858e-01 7.808268940931339941e-01 7.774112461420115139e-01 7.975499581051375131e-01 7.863034069756791311e-01 7.879960369014840094e-01 7.896994486060087137e-01 7.999629101703766842e-01 7.829575137503209659e-01 7.958206550937138024e-01 7.973505732280226077e-01 7.962851295165221943e-01 7.785029068842914679e-01 7.875708246377927102e-01 7.650653058489648162e-01 7.644154055027397865e-01 7.799630830486269373e-01 7.691428620393636617e-01 7.836959011063020508e-01 7.832160598377532201e-01 7.870689136790692819e-01 7.832460552971416412e-01 7.848646691568538225e-01
-6.026727673454978368e-02 8.076378999553536497e-02 3.038203313389957194e-01 5.419300533038342582e-01 4.591539630748017742e-01 4.958170398985352056e-01 7.168668411354029990e-01 1.000000000000000000e+00 5.526116077557324813e-01 5.741387457931744764e-01 6.903352651652553407e-01 7.702648930352623546e-01 6.960278144319873572e-01 6.470333702248204366e-01 7.848193517140985564e-01 7.833563096759733613e-01 5.812921093394141092e-01 4.150320259967270053e-01 5.487135767645150430e-01 3.891452614390707998e-01 4.567628558647374715e-01 5.585099356689980921e-01 4.550412098389460258e-01 4.368731523385814275e-01 5.025248715039950520e-01 6.140843985281865258e-01 6.108120269246880563e-01 6.527714101886945564e-01 5.813490254886816144e-01 5.990368651384236909e-01 6.900242550971591449e-01 6.775473986666550319e-01 6.225337765954285230e-01 6.517634780489331980e-01 6.045173683083242544e-01 7.041342238996232128e-01 6.834394752205449342e-01 7.287166301818074343e-01 7.265791140643751422e-01 7.566948210685663367e-01 7.394720971734409787e-01 7.585975435619114471e-01 7.750377458541715114e-01 7.746923592941710179e-01 7.500552491577427983e-01 7.531950909992507492e-01 7.624850402638855273e-01 7.358572325355898780e-01 7.463257783784749133e-01 7.341080892013384096e-01 7.518932128811155469e-01 7.620764217201252411e-01 7.655304022646945983e-01 7.167361688295748046e-01 6.918264175944428551e-01 7.129804062374883733e-01 7.288843632130094230e-01 7.526834490831100233e-01 7.406966520262892040e-01 7.675693173019024762e-01 7.604392728616522490e-01 7.532295370767985165e-01 7.412364738293372168e-01 7.538929935738816202e-01 7.288845458238596420e-01 7.458977561878425977e-01 7.406768955051196146e-01 7.164521517020886465e-01 7.178500732169348364e-01 7.071347045517810681e-01 7.357576020311705767e-01 7.303116596592964527e-01 6.907471534672612323e-01 6.979579221472427264e-01 7.353219282228365961e-01 7.357741327328627401e-01 7.400393487117603586e-01 7.132159927876501326e-01 7.385605798241963171e-01 7.320362584056211430e-01 7.284809160554905905e-01 7.502203824188553583e-01 7.329647790105735528e-01 7.217858590481270875e-01 7.389408571233225809e-01 7.427735826072490166e-01 7.524943268046833111e-01 7.526821567970198856e-01 7.551347174322463607e-01 7.279786484427401838e-01 7.527866527325033363e-01 7.647343376663023884e-01 7.654936673306651507e-01 7.654436151307265623e-01 7.625058796726256194e-01 7.543079016695674044e-01 7.733138745786792834e-01 7.567439533069788560e-01 7.667824019376074940e-01 7.670116057631208850e-01 7.754784423024205786e-01 7.588477082136636520e-01 7.726420424878112092e-01 7.737537962979229578e-01 7.675322555911093803e-01 7.492385320297242357e-01 7.601650052242269195e-01 7.410140942670313535e-01 7.381750266635168645e-01 7.611382375666437827e-01 7.520736038815798441e-01 7.640201926200559379e-01 7.601656941767921394e-01 7.618488974780303069e-01 7.495585615359874332e-01 7.604260162522462618e-01
3.174154051994206860e-01 1.073468034794974046e-01 4.072500055541455888e-01 4.325752966778153574e-01 3.563917238927513109e-01 5.163106478876802186e-01 5.932397859181259836e-01 5.526116077557324813e-01 1.000000000000000000e+00 6.870910150708053887e-01 7.381576119858884732e-01 6.919954821873908202e-01 6.526157052944057124e-01 6.469673777119306912e-01 7.256339786008044745e-01 7.310915696945482489e-01 7.520433388140225217e-01 7.138253149236594153e-01 7.172041249815886976e-01 6.717876758515276547e-01 6.802776024020186219e-01 7.031061344835736193e-01 7.274887132082399344e-01 6.618899664653195014e-01 6.754301518310070751e-01 8.252886180519264370e-01 8.044665006902591564e-01 8.107857634584646478e-01 7.661981117021749998e-01 7.889003161144129139e-01 8.155061057533171676e-01 8.175409340225017196e-01 7.856994898866761501e-01 7.799079815159722928e-01 7.902242548969339309e-01 7.645525142687331632e-01 8.078860344515109704e-01 7.841476947141193810e-01 7.985637352885827100e-01 7.535351029182983940e-01 8.014688068816081534e-01 7.687828871765632899e-01 7.577315037623923999e-01 7.872859993223604302e-01 7.954274448228579875e-01 7.882257218393354803e-01 7.681975978567322505e-01 8.141468201364282509e-01 7.979543446567478604e-01 7.750017478572555074e-01 7.834048776267804604e-01 7.461195110193625801e-01 7.730844365763366310e-01 8.285506100568215127e-01 8.248866880995845419e-01 8.197360700412834600e-01 8.144698284367027918e-01 7.878114458649945195e-01 7.836059994379899196e-01 7.829918876233465941e-01 7.909607765633117626e-01 7.887347178922029522e-01 8.034412539739020920e-01 7.929037922306876318e-01 8.168861550276282912e-01 8.155755311534115259e-01 8.073579273258382205e-01 8.177989822087106120e-01 8.232395462915443884e-01 8.246671785610772965e-01 7.885148538007932251e-01 8.014889356212688831e-01 8.049143818850830190e-01 7.882063254539900532e-01 8.187980482897516676e-01 8.163156275393602668e-01 8.047755143558419366e-01 8.147506304357494678e-01 8.051088830073545033e-01 8.119437457577541872e-01 8.146764279224669725e-01 8.040352801912330483e-01 8.149080810357247628e-01 8.140019713656562184e-01 7.950290701013924544e-01 7.968745904188039297e-01 7.994501565676118693e-01 7.936611267827203831e-01 7.908364434600463344e-01 8.197146598596865008e-01 7.911829809451472739e-01 7.823725983257523442e-01 7.858161976717391584e-01 7.860634214414838894e-01 7.729403780563074422e-01 7.917780184688432144e-01 7.604971729894094423e-01 7.949374820373339423e-01 7.753160764901864122e-01 7.772614003481994605e-01 7.708852549489803030e-01 7.920602346768301771e-01 7.803448392686654911e-01 7.752237442391159972e-01 7.936972928980641218e-01 8.017811059820044717e-01 7.944595143009300919e-01 8.045135052837610878e-01 8.074562259752243731e-01 7.829522356551206208e-01 7.847911347870243359e-01 7.750539179015825120e-01 7.861668201292095759e-01 7.869623453944049052e-01 8.073430966476320414e-01 7.983917956677345495e-01
1.278479568757378004e-01 1.848267242964318491e-01 2.809540346238434405e-01 3.514605826579447756e-01 3.517869027129794657e-01 4.842382074658408975e-01 5.912375884686030814e-01 5.741387457931744764e-01 6.870910150708053887e-01 1.000000000000000000e+00 6.967051925882550290e-01 6.807079230140642423e-01 6.351100809199607955e-01 6.535513188519992411e-01 7.266312700948630576e-01 7.354868125228849474e-01 6.706023870529749242e-01 5.873833182897322258e-01 6.088447244940473624e-01 5.001977355265475600e-01 5.011489781400537691e-01 5.754136291731158925e-01 6.188596927584448792e-01 5.481077380457914927e-01 5.660993131958030888e-01 7.312795741183669707e-01 6.973174541232187718e-01 7.542957671486054672e-01 6.968413952397145561e-01 7.070524921426252218e-01 7.549151458284065752e-01 7.757833277013372886e-01 7.529002907231577835e-01 7.336056692518732048e-01 7.355727720635525380e-01 7.354301563278705656e-01 7.597499105446380296e-01 7.830384794840351548e-01 7.820207117282600429e-01 7.541721154807529137e-01 7.854170018645464380e-01 7.796409398144692471e-01 7.544961849553415423e-01 7.655233358785951125e-01 7.712475748451467217e-01 7.806314401530474179e-01 7.865035100746610164e-01 8.079741388160571747e-01 7.789955102674268606e-01 7.434284973807373520e-01 7.700398961634785655e-01 7.013066226611273102e-01 7.548550372830681310e-01 8.025716869934279574e-01 7.923737920081170838e-01 7.953215757683872456e-01 7.754444322245491739e-01 7.908610597676529741e-01 7.838509042972677809e-01 7.850472288894129180e-01 7.817691550662702049e-01 7.886047731003652528e-01 7.812696029145786980e-01 7.791291130168749302e-01 7.770076439052229222e-01 7.859451009085622886e-01 7.954653413630166092e-01 7.857828336211925002e-01 7.967318893450532347e-01 7.574567060318054823e-01 7.404869189287985876e-01 7.697364339293130131e-01 7.649732060776683884e-01 7.466205207532676802e-01 7.934527651106344504e-01 7.872903632270447094e-01 7.965850873913818964e-01 7.897554089964100577e-01 7.891205905500051632e-01 7.917729660376512379e-01 7.926570093856765142e-01 7.896720003335080396e-01 7.954652357723787093e-01 7.957498778810554452e-01 7.828720731760238083e-01 7.839568426215881569e-01 7.910173857196146630e-01 7.958291704538980049e-01 7.945159586379951788e-01 7.998827969622209766e-01 7.928384433015258637e-01 7.907325821308480718e-01 7.857912567612700405e-01 7.876602460944108763e-01 7.852839882681604822e-01 7.973201740421582695e-01 7.588637414131724768e-01 7.711539092562861297e-01 7.820161004466710253e-01 7.823059705017898491e-01 7.794378859460803222e-01 7.879684752126854264e-01 7.745166173711063307e-01 7.809702684008945628e-01 7.772356475069268633e-01 7.832664350611622250e-01 7.912380608876913302e-01 8.036559206083764284e-01 8.033492881952798426e-01 7.906255319021144867e-01 7.943665117674578724e-01 7.873988781709327922e-01 7.910304541212909157e-01 7.883420975361912220e-01 7.872938748982413193e-01 7.863322574938662601e-01
9.463894634292438490e-02 8.901685779283663447e-02 4.127438284252132328e-01 5.681579273777472849e-01 4.475904816776183348e-01 5.620359066288534988e-01 7.348907193862894704e-01 6.903352651652553407e-01 7.381576119858884732e-01 6.967051925882550290e-01 1.000000000000000000e+00 8.450834815558210256e-01 7.647292318112270948e-01 7.331645209608718128e-01 8.557067148044994465e-01 8.525944612193000482e-01 7.565563245539522752e-01 6.336331221625406407e-01 7.188451652272892511e-01 5.794674341412894281e-01 6.381479677652180937e-01 7.229125074471299817e-01 6.633950501115389864e-01 6.215113986704573490e-01 6.671432980580748184e-01 8.112022129892275668e-01 8.064456658665943856e-01 8.294160648012629533e-01 7.557212861907341983e-01 7.908127343044094593e-01 8.629896961460905569e-01 8.452168069818531970e-01 8.007219852200126997e-01 8.148421563221757147e-01 7.869205839187006779e-01 8.380505359835712653e-01 8.580709990694718181e-01 8.595860481167010292e-01 8.682644036920105224e-01 8.652628856929952539e-01 8.782527760368317171e-01 8.741728151104274369e-01 8.721755453806663283e-01 8.887233517866399701e-01 8.815636636438760609e-01 8.760213547121875610e-01 8.736747672154205890e-01 8.796811149249968986e-01 8.770584629094692053e-01 8.605008346961252608e-01 8.758135261522138615e-01 8.571368752729733309e-01 8.752914483413770652e-01 8.710911102090228564e-01 8.511581680587538834e-01 8.675568076275950169e-01 8.704348830294215134e-01 8.739224986653092442e-01 8.691786768381694062e-01 8.799365554293573366e-01 8.814702300625748554e-01 8.750720453080418348e-01 8.775231764027849879e-01 8.791853926333946800e-01 8.785787584147614071e-01 8.849582701492899606e-01 8.824004381898116200e-01 8.745469914051835492e-01 8.766506303346807139e-01 8.662097483671039599e-01 8.756430972809413626e-01 8.801279781251077905e-01 8.512600176754566705e-01 8.492541863613959352e-01 8.877229443584447877e-01 8.884128160319120227e-01 8.811430875162095111e-01 8.659226842445454375e-01 8.847812484387211907e-01 8.843409946887685891e-01 8.810547622371969201e-01 8.904240299326832142e-01 8.812059562832531556e-01 8.745776972568751750e-01 8.737777699835492795e-01 8.799438095895559808e-01 8.868905109296858491e-01 8.801516407921959884e-01 8.829180492313508655e-01 8.787411048159894378e-01 8.844640290682699302e-01 8.842419894459152552e-01 8.881968704748257615e-01 8.883973851718623971e-01 8.801722239146779758e-01 8.836652151912689490e-01 8.740362212872204717e-01 8.830681459655785881e-01 8.806253547853430952e-01 8.804402782381228754e-01 8.828087810559851478e-01 8.855821264928636083e-01 8.864893344037931833e-01 8.858917422991687829e-01 8.902079913784665122e-01 8.815968508484214317e-01 8.869555584423881589e-01 8.792955657763615873e-01 8.775417465727067823e-01 8.812587368218168793e-01 8.752399524121268204e-01 8.810957580847911252e-01 8.814641699448831913e-01 8.847962372812470111e-01 8.862766601388901710e-01 8.878005040826955074e-01
-4.623505820359095214e-02 7.764682445324798399e-02 3.734829542463269370e-01 6.426351172186779426e-01 4.875761886789182209e-01 5.728885234429940132e-01 7.954662363002604764e-01 7.702648930352623546e-01 6.919954821873908202e-01 6.807079230140642423e-01 8.450834815558210256e-01 1.000000000000000000e+00 8.143249680110048461e-01 7.602982529991407779e-01 9.077726534903759470e-01 8.934879966331565893e-01 7.025626344979256643e-01 5.199053170032925664e-01 6.532367726112553452e-01 4.982612717004109015e-01 5.612643004857974516e-01 6.658735425101445227e-01 5.653154874578382172e-01 5.240551664017694122e-01 5.903806475007536969e-01 7.604565925649379166e-01 7.509216077658577015e-01 7.908508308644013329e-01 7.130849217576217258e-01 7.341688973325443124e-01 8.415361221968604699e-01 8.142817391176134789e-01 7.567773380661876326e-01 7.862194039982058902e-01 7.377525362949139964e-01 8.423279265781284941e-01 8.352099483968590254e-01 8.695869202685045929e-01 8.659248930955669721e-01 8.913386653941437476e-01 8.891796790865124089e-01 8.940781805648311265e-01 9.038847240609858558e-01 9.141055575517550436e-01 8.963550404948320560e-01 8.912493390257532067e-01 9.030779795285605038e-01 8.866019388249805067e-01 8.945980579149712675e-01 8.793318920161662389e-01 8.978351884175046482e-01 8.905615295868005710e-01 9.124024819430109901e-01 8.676360143663850444e-01 8.346920371872325051e-01 8.592769124625200261e-01 8.719619071970243773e-01 8.945803449282792030e-01 8.884292309867803938e-01 9.095614619649130539e-01 9.049610514192408806e-01 9.012417709288226275e-01 8.923609323509539282e-01 8.983689178523768248e-01 8.752173964462199862e-01 8.952336454681939504e-01 8.896680844925890508e-01 8.603819683825584264e-01 8.630890005553294442e-01 8.550040929453573968e-01 8.751436507519096963e-01 8.717725348464701041e-01 8.286264604135099576e-01 8.256311761415688899e-01 8.893920916303849067e-01 8.895199642070075186e-01 8.879313838587160612e-01 8.631132012140475540e-01 8.862892362431353810e-01 8.774310851478414053e-01 8.725757115197130265e-01 9.025220043471475773e-01 8.800427515295381475e-01 8.652935358909635832e-01 8.822080764989200796e-01 8.868979092947393283e-01 9.008878741110675215e-01 8.965125997291438775e-01 8.993768445085800201e-01 8.732816892258573604e-01 8.980908298876434381e-01 9.084196512199517182e-01 9.119993172752349775e-01 9.125815669207107961e-01 9.105199723310150040e-01 9.036759760423180854e-01 9.098765264144521581e-01 9.011692006912701558e-01 9.116767526954666634e-01 9.091979632028668323e-01 9.156915233113507302e-01 9.064537172114234265e-01 9.188535292482548078e-01 9.189092932766408373e-01 9.126197721303410670e-01 8.935664030870539287e-01 9.075497108012106073e-01 8.916288423601158586e-01 8.835632945075899691e-01 9.062388857658045804e-01 8.982587265118749942e-01 9.118313666931208150e-01 9.073406021763454898e-01 9.092411529414573534e-01 8.957972643001250734e-01 9.102090163664557920e-01
-3.413273512878999341e-03 1.084813626954403143e-01 3.444641330726163075e-01 5.351966610665277457e-01 4.759903565181988205e-01 5.221800916847486596e-01 7.190422905149572719e-01 6.960278144319873572e-01 6.526157052944057124e-01 6.351100809199607955e-01 7.647292318112270948e-01 8.143249680110048461e-01 1.000000000000000000e+00 6.977631230205960655e-01 8.325735984376991805e-01 8.203010458141614114e-01 6.816232841328691006e-01 5.132005333578962825e-01 6.269268530392944072e-01 4.698954310662472045e-01 5.229714147361217425e-01 6.291900090435061932e-01 5.410440936113367627e-01 5.229220616459948623e-01 5.774294676142833760e-01 7.054161374531463524e-01 7.057720674997117749e-01 7.446700519033714327e-01 6.660464861542859660e-01 6.901253509355572691e-01 7.790703037775692508e-01 7.663513518306043215e-01 7.058357599553963801e-01 7.276318221729725089e-01 6.973386347460177603e-01 7.683914472271762275e-01 7.717503763545908724e-01 7.923014864184699801e-01 7.993299363166358473e-01 8.044906424795049693e-01 8.210578223826905386e-01 8.256524776606798399e-01 8.210043873613863674e-01 8.398658673660570617e-01 8.269099109104148804e-01 8.179216896090116817e-01 8.340776021416218544e-01 8.207915994653658398e-01 8.200649526997033645e-01 7.954816152236386939e-01 8.138010107261917092e-01 8.143348834477913689e-01 8.348766237707681004e-01 8.073586937729814172e-01 7.749989425221056605e-01 7.947933410075066485e-01 8.036158710271075201e-01 8.204718991340822498e-01 8.103669779622898472e-01 8.404200374635094617e-01 8.349360958737365168e-01 8.243001215360988843e-01 8.112394452168889547e-01 8.204571124698172291e-01 8.143040867897929358e-01 8.270649895360442372e-01 8.238902723698692254e-01 8.063077841580685856e-01 8.028070381547062206e-01 7.875294857096377665e-01 8.112468461966807487e-01 8.137357300127167070e-01 7.768638053826038004e-01 7.791776321319145993e-01 8.220760690039450314e-01 8.237105358885000728e-01 8.242091288849963115e-01 8.033596098889983494e-01 8.208476236594793862e-01 8.182923136653244001e-01 8.075349749629772145e-01 8.319135863552427068e-01 8.136553090317797388e-01 8.072559666657627142e-01 8.108444037053671449e-01 8.187052879907974479e-01 8.307246815821680563e-01 8.256402783828595826e-01 8.288846906667549641e-01 8.113672183148624706e-01 8.287538182003162390e-01 8.383158016081172503e-01 8.408357591079932414e-01 8.401961636519922338e-01 8.391217665582859642e-01 8.335455474572128765e-01 8.278816794076290231e-01 8.299115266117810252e-01 8.386069552226151913e-01 8.313875638844250293e-01 8.382537800758040891e-01 8.314924579261382398e-01 8.432173013332411315e-01 8.434555708673896479e-01 8.406001258526829556e-01 8.222905851118688103e-01 8.356122078490360039e-01 8.243652963984410276e-01 8.195684079129790245e-01 8.342433849828788661e-01 8.269932367100182313e-01 8.408636462489724739e-01 8.326872589183123008e-01 8.371341651009107654e-01 8.308939075740542357e-01 8.368096476400946893e-01
