1.000000000000000000e+00 3.341082458918688824e-01 3.266528595670429302e-01 1.663370391368561296e-01 2.070400477796743854e-01 -5.185654809659061282e-02 8.723509230012685411e-02 9.242024074965045355e-02 3.702160162994115322e-01 1.617312234094842871e-01 1.534968352372637901e-01 7.250922335720830225e-02 8.110839652886631113e-02 1.491540438421561435e-02 4.272371312735496335e-02 9.221714322127287644e-02 3.507725356081222157e-01 4.037617069108465628e-01 3.340353313823343773e-01 3.381172603304520297e-01 3.366051082939860994e-01 3.077611720754550029e-01 3.683444374663009668e-01 3.522004029452124318e-01 2.830149179978944662e-01 2.591215266379047200e-01 3.097157968246247450e-01 2.844481436611475123e-01 2.587490969028574672e-01 2.675533788668163493e-01 2.462141661369739720e-01 2.722814187746939729e-01 2.472281037712362739e-01 2.471242068076816567e-01 2.250399931405769327e-01 2.400841447513971383e-01 2.505365263923406416e-01 1.821845551844623601e-01 1.651706225234070569e-01 1.337571269745604641e-01 1.444365238064756474e-01 1.069944008370275063e-01 1.282341175370830255e-01 1.258795760886196324e-01 1.844381982336768533e-01 1.194057151464026773e-01 4.534121950564292541e-02 1.146746313505163511e-01 1.140951143529723572e-01 1.235701102107882171e-01 1.361078696243148145e-01 9.780215161654536027e-02 1.003154782452780197e-01 1.428051965849334859e-01 1.509428991875461368e-01 1.904546419360654275e-01 1.519690257259063149e-01 9.596159062545270291e-02 1.177566948636097899e-01 1.474170686822925957e-01 8.612672646181396274e-02 1.382162155563979311e-01 1.187306259208833065e-01 1.273630700590197007e-01 1.465352034009912985e-01 1.182081379701771101e-01 9.985297035837911728e-02 1.605871544917510940e-01 1.652472519263327166e-01 1.679646556678021652e-01 1.253938506589809543e-01 1.457780601987059832e-01 1.594357404768025066e-01 1.463629085298146781e-01 1.111875201757028669e-01 1.264807509912311279e-01 1.017799126840711749e-01 1.216367508155336286e-01 9.907509349634067986e-02 1.013317438442220275e-01 1.283137044637419344e-01 9.377089019826145844e-02 1.413365224790524011e-01 1.289535335137322047e-01 1.024666282841526638e-01 1.035713148178334791e-01 1.040983514917215580e-01 7.520470626864081409e-02 8.204004364655138881e-02 1.237449916524986510e-01 7.512441120166903075e-02 5.775443232161178025e-02 8.735715125856444163e-02 6.141474037892023091e-02 3.289890211067858505e-02 6.490094735754430022e-02 4.862458590725947383e-02 8.186561643227110996e-02 6.997317072149862593e-02 7.949534534227571669e-02 5.980102944393502623e-02 7.071104997893860877e-02 4.819605794440352808e-02 6.090121493439415445e-02 8.218638697527305692e-02 1.122638448607149175e-01 7.061676741540377777e-02 7.425749521438748668e-02 8.912661140829408746e-02 6.766565975683358491e-02 5.051267593813551365e-02 1.016266566801466154e-01 7.933138087014039719e-02 7.593956348645565513e-02 9.285357736679065999e-02 8.040208353632968818e-02
3.341082458918688824e-01 1.000000000000000000e+00 2.188212764296492974e-01 7.090471724561271671e-02 1.671262347089065847e-01 7.454018938068371000e-03 1.202831881966673067e-01 8.933223471165722962e-02 3.174346751929775223e-01 3.389626815853020725e-01 1.893113487464382905e-01 9.366456389972556418e-02 1.447628303699663443e-01 7.616244969171064028e-02 1.194308572563367726e-01 1.601526423916197484e-01 3.265542975636834266e-01 3.790150199004516107e-01 3.325668059766504481e-01 2.573053798657426450e-01 2.650109359954920807e-01 2.895740524977497010e-01 4.192808763378763626e-01 3.342149412340321701e-01 3.047291567276357305e-01 2.981962567119720298e-01 2.824047167327986552e-01 3.103352633629221091e-01 2.825730058687216384e-01 2.854329876278708933e-01 2.738767317042196114e-01 3.336383108054805646e-01 3.095713697793268104e-01 2.907635054861719137e-01 2.835589372687003507e-01 2.643288083681354927e-01 2.685909576493201723e-01 2.860354612321379664e-01 2.566040325433098790e-01 2.224918280229307987e-01 2.260229448438697553e-01 2.039411269035034391e-01 2.064296568130397358e-01 2.008749285686289299e-01 2.364217888581522931e-01 2.424788859521277984e-01 1.437260255451292823e-01 2.185881637081209805e-01 1.793174091017410432e-01 1.692768454493254471e-01 2.093541652525633401e-01 1.077805998460083792e-01 1.660588547433892448e-01 2.377832543508141272e-01 2.263640178368903910e-01 2.793353896443240281e-01 1.999112488070646787e-01 1.938999584664236053e-01 1.977992856646073327e-01 2.222236211855600774e-01 1.562221222866826409e-01 2.267903569905564687e-01 1.978527125004494736e-01 1.960740019059105943e-01 1.849752659492948648e-01 1.932637609812149770e-01 1.919416142113807011e-01 2.515983743227716563e-01 2.703637160732679234e-01 2.146315610347213909e-01 1.881296774899431368e-01 2.300346175128067105e-01 2.336046956238496120e-01 2.289538167570746019e-01 2.117600034641783091e-01 2.088157112592790299e-01 2.066212833007343985e-01 2.133632565021214289e-01 2.036680052609150249e-01 2.150489928878140111e-01 2.320785822170521040e-01 1.915055547898726895e-01 2.346799592507838039e-01 2.363608509628625787e-01 2.050288448536736474e-01 1.975213729543329189e-01 2.050792813360079181e-01 2.056422495295777975e-01 2.056446450402660830e-01 2.310723739908936980e-01 1.964274575382185251e-01 1.670976884567468013e-01 1.802262785354649677e-01 1.806704171470837061e-01 1.465735346728000432e-01 1.826830845182850493e-01 1.367563346100504895e-01 1.425514613351816506e-01 1.594711733994938763e-01 1.693125388006426202e-01 1.582621192129718135e-01 1.668581787877509437e-01 1.404708773788097553e-01 1.541820866827225689e-01 1.622826745680028826e-01 1.823470076229438130e-01 1.664006307429304610e-01 1.922089255284122888e-01 1.987054999414296919e-01 1.735864806637250901e-01 1.696781678275229299e-01 1.950797606152406827e-01 1.888164944811965562e-01 1.713023119685556372e-01 1.716373218574364923e-01 1.703758030146862168e-01
3.266528595670429302e-01 2.188212764296492974e-01 1.000000000000000000e+00 3.696352902256270223e-01 2.792582088216044034e-01 1.795272115785500611e-01 3.511464919141482066e-01 3.203341189134051858e-01 4.419778366573916539e-01 3.553756041527241782e-01 4.348657134629783649e-01 3.701436256265412950e-01 3.333784843790921215e-01 3.004127289706465254e-01 3.560769763013998945e-01 3.690214340854016117e-01 4.538639489434070917e-01 4.599835185908335289e-01 4.332628624517348426e-01 4.039915707842898218e-01 4.571619934607831226e-01 4.458543641491048426e-01 4.141682162583634197e-01 4.393929900732019278e-01 4.110869074242226029e-01 4.795759774778977080e-01 5.001449820663276258e-01 4.822911326831408885e-01 4.248247062059727353e-01 4.515957278300110067e-01 4.252434549581639578e-01 4.554165609302577855e-01 4.718634692032420141e-01 4.535577015383437383e-01 4.525687466870711440e-01 4.056763323706686908e-01 4.515990181813294146e-01 4.452679198051261444e-01 4.295010418814696473e-01 4.051345082688916355e-01 4.237571373407728603e-01 4.048378348519420245e-01 3.947942872273892401e-01 4.191155552387868521e-01 4.364331426036418549e-01 4.101800720731492156e-01 3.619659141600771735e-01 3.924787352884913649e-01 3.759942136177206740e-01 4.095866770197238993e-01 4.263761147996142920e-01 3.855670894656578196e-01 3.955428221504979081e-01 4.115013867302687034e-01 4.148744909288020755e-01 4.063905083406044172e-01 4.062987165783327193e-01 3.962580363343754519e-01 4.061195881646655348e-01 4.173647931013660384e-01 3.838713741160414972e-01 4.166227919384749012e-01 4.062285708004072515e-01 4.069806753645272557e-01 4.122890994272810361e-01 3.965583820071374999e-01 3.837513771290198550e-01 4.220502775096547365e-01 4.110750979037312569e-01 4.186976552120632022e-01 4.096235015585160122e-01 4.159177939683491032e-01 4.100035459474178912e-01 4.110888368258015513e-01 4.147776868580037579e-01 4.165108764994197021e-01 3.994651797713602570e-01 4.036291175388076469e-01 3.934594348474100833e-01 3.951995018340336285e-01 4.164817509249712502e-01 3.824051472920645400e-01 3.894653085281968297e-01 4.172553733596600090e-01 4.006263145212871635e-01 3.988296051524677366e-01 3.933645272413690552e-01 3.815477689325454946e-01 3.881871573485070059e-01 3.841951579706195941e-01 3.900575338830253314e-01 3.764347710077973752e-01 3.902089582672731427e-01 3.771666617892950879e-01 3.536070909502926352e-01 3.661917143143265663e-01 3.557415480630841675e-01 3.713498167777409820e-01 3.666011404928355977e-01 3.836358688462081501e-01 3.631354067036595690e-01 3.740663199153877461e-01 3.676880525652934661e-01 3.740991915357692599e-01 3.841811318524685492e-01 3.838157270704719570e-01 3.651841853337847166e-01 3.718139524967779552e-01 3.838592193585570467e-01 3.702050007013231725e-01 3.638205884993261363e-01 3.883060437347810590e-01 3.781873940247924004e-01 3.761953102060305865e-01 3.842173166330483114e-01 3.746970445384487647e-01
1.663370391368561296e-01 7.090471724561271671e-02 3.696352902256270223e-01 1.000000000000000000e+00 4.273834675833269037e-01 2.945260823770282643e-01 5.652243029828122323e-01 5.986858228257490033e-01 4.917648032602971453e-01 3.651262368860026530e-01 4.960386884407372854e-01 7.047778072087901302e-01 4.728462838819251779e-01 4.022847392688067569e-01 5.359791559739151001e-01 5.761763955744517718e-01 4.516638497115319506e-01 3.956506802919229626e-01 4.223183532518435812e-01 5.347607579919133602e-01 5.073650799076387941e-01 4.830472684329178978e-01 4.253439051562563633e-01 4.922573767038946335e-01 4.519650833005917079e-01 4.617217298168836415e-01 5.452920837681937138e-01 5.051667920999446393e-01 4.284557479095351118e-01 4.755819547226313726e-01 5.132836770273280225e-01 5.088108399716458896e-01 4.503854547482589177e-01 5.126698308696630013e-01 4.256342815007230218e-01 5.135741645202650529e-01 5.540165906521505867e-01 4.560494236414268654e-01 4.956027553660091733e-01 5.081150502123193968e-01 5.134634849024418690e-01 5.067036314999131541e-01 6.013200676702340486e-01 5.611272446724495655e-01 5.449330197772235262e-01 5.153964038898495303e-01 5.002307913791774752e-01 4.902742986604616271e-01 5.253472730244315159e-01 5.471653487838687990e-01 5.179764613475600354e-01 5.551111293581733053e-01 5.576325891609682506e-01 4.698961345453087080e-01 4.653935166423315839e-01 4.703902774767708683e-01 5.268882564418320147e-01 4.681042744952659262e-01 4.895065139194729742e-01 5.226656149665939166e-01 5.379424101340227748e-01 5.186587483172024893e-01 5.261074810836192661e-01 5.269939629983648732e-01 4.941064038838501316e-01 5.226139869109314162e-01 4.569020419065984440e-01 4.679299835910465943e-01 4.980991464485891029e-01 5.565030226859676299e-01 5.142036219673458142e-01 4.872913747936964968e-01 5.116511521884626879e-01 5.226676686350664180e-01 4.930872850205351710e-01 4.868095598464843854e-01 4.688341769014873206e-01 4.593510042980045727e-01 4.836693643685220922e-01 4.778658066166183715e-01 5.120787952053844627e-01 4.764245650955642453e-01 4.938561991304480925e-01 4.803775965562369077e-01 4.923534641373064624e-01 4.889948273427128234e-01 5.030958015112541037e-01 4.563811468127411675e-01 4.715967725747794437e-01 4.859574649791620904e-01 4.859017660593465404e-01 4.759814874199976287e-01 5.005699295198892118e-01 4.971221065063970990e-01 4.711002330499176050e-01 4.689425535690258662e-01 5.001367133256566788e-01 5.008417550208712488e-01 4.852921017283797211e-01 4.851377706288879654e-01 4.967530291800480446e-01 4.779819895199643454e-01 5.014808417678092711e-01 4.932857820694317996e-01 5.054628139763984729e-01 4.971575484745953122e-01 4.899413597354500549e-01 4.481230976816457101e-01 4.642771321059577239e-01 4.657162093737902686e-01 4.560454834322806295e-01 4.993769568301991701e-01 4.684178792036171046e-01 4.694914298063080360e-01 4.774487397781582709e-01 4.984800776125840049e-01
2.070400477796743854e-01 1.671262347089065847e-01 2.792582088216044034e-01 4.273834675833269037e-01 1.000000000000000000e+00 2.660016995603509127e-01 4.760679482170943055e-01 4.963457997108662312e-01 4.738754347736480188e-01 3.910032684581788986e-01 4.389125740411861099e-01 5.025112387218048093e-01 4.792021186725702875e-01 3.734854902390198905e-01 4.714960947920592838e-01 5.315736149191445659e-01 4.401813073799895615e-01 4.134523581839269490e-01 4.095258033494822425e-01 4.445318510596060757e-01 4.512016390443591152e-01 4.234002623853723168e-01 4.260494841318167025e-01 4.543071917533535453e-01 4.075185667846835114e-01 4.318936295830485550e-01 4.610189954282489788e-01 4.554553952295837260e-01 3.822941613357117019e-01 4.245606179829710114e-01 4.669799522205292375e-01 4.820469547949167710e-01 4.370414747316392345e-01 4.794709999267413036e-01 4.071664087522144926e-01 4.824821933431029386e-01 4.915709980154108205e-01 4.438438214766259327e-01 4.625825923192051214e-01 4.453472249487325785e-01 4.726887490845392836e-01 4.626390175028772811e-01 5.244712251368370826e-01 4.840998986487456968e-01 4.891153253323708983e-01 4.717919337798578971e-01 4.638420854103558200e-01 4.717056271129271283e-01 4.731355335841770371e-01 4.712147584614763685e-01 4.782926194803370223e-01 4.646625470648781953e-01 4.885811846771729861e-01 4.695427675752607000e-01 4.631148598698519581e-01 4.614114688630572281e-01 4.877675631533590073e-01 4.559629575887358399e-01 4.694819939653753216e-01 4.910685787040187655e-01 4.865038046759808665e-01 4.880525536051142921e-01 4.813014495062768461e-01 4.833504229209873992e-01 4.587014653465208425e-01 4.849236184635496993e-01 4.460921316822925586e-01 4.734398151654732323e-01 4.817329682036458616e-01 5.026541515522150450e-01 4.705090780468788036e-01 4.562605484076720508e-01 4.887774073393686414e-01 4.783758268075444797e-01 4.551379562434409998e-01 4.523402492840475353e-01 4.468414713139952643e-01 4.291688922072889323e-01 4.525450461196734997e-01 4.399491769102518712e-01 4.726794818303508006e-01 4.471475709737814386e-01 4.700400072614676072e-01 4.548921285598159225e-01 4.656853931035130900e-01 4.612846716359051968e-01 4.664871439169143708e-01 4.413434405264455851e-01 4.517565611769652212e-01 4.653506186071312833e-01 4.513219481841709291e-01 4.509777816612663970e-01 4.600701977231633766e-01 4.551257465667981617e-01 4.478996664865235733e-01 4.537628870961555316e-01 4.523612984075358057e-01 4.580957741257182247e-01 4.629854750711822065e-01 4.566319908786055093e-01 4.597980743614319410e-01 4.492471219324459808e-01 4.587011503297797055e-01 4.549454529998698815e-01 4.641813383406030447e-01 4.688419103274242827e-01 4.619280754875883521e-01 4.447157631074762918e-01 4.534815963206899614e-01 4.518404404680683717e-01 4.419131193676528735e-01 4.745877508294659153e-01 4.552822035087893404e-01 4.491035291790147488e-01 4.548065838177427489e-01 4.651693361276866834e-01
-5.185654809659061282e-02 7.454018938068371000e-03 1.795272115785500611e-01 2.945260823770282643e-01 2.660016995603509127e-01 1.000000000000000000e+00 5.023832149918312506e-01 4.478216492451361219e-01 4.341524406999066055e-01 4.157830613784936902e-01 5.184018183118935807e-01 5.436069527573541560e-01 4.817184860723496276e-01 5.404847878103147263e-01 5.735895438261947588e-01 5.304514281872602099e-01 3.937616448526293222e-01 2.638805839059777392e-01 3.459657036563700272e-01 2.773470351844515291e-01 3.064599940898463659e-01 3.756693767733028655e-01 3.408519796745921870e-01 3.247362190237139679e-01 3.568567181965404123e-01 4.413791242688354099e-01 4.492112523688825965e-01 4.531143006507279969e-01 3.904661345369226932e-01 4.065648558715667660e-01 4.817774322509982832e-01 4.732554323826265730e-01 4.372582178930984331e-01 4.621064943791831081e-01 4.306192458801438305e-01 4.602733728815359138e-01 4.954230252275192981e-01 5.067310579128135872e-01 5.277619196688235759e-01 5.241189750966411820e-01 5.555402830445284046e-01 5.609875284740880597e-01 5.451077728023526747e-01 5.619166417993074480e-01 5.444483992710047460e-01 5.486417665967101565e-01 5.848661581488224792e-01 5.659466007540095989e-01 5.430988042046119846e-01 5.299787642402004062e-01 5.400235158740908092e-01 5.465731503868156427e-01 5.640864039281581199e-01 5.398663969959095477e-01 5.243543819983581544e-01 5.146371687199071676e-01 5.245814370673232974e-01 5.763783764057173187e-01 5.449396233425219949e-01 5.562749311809292996e-01 5.676647034567348094e-01 5.486452295736685691e-01 5.346480535339097617e-01 5.378137967739317071e-01 5.529580009396439788e-01 5.560324124497562082e-01 5.729098645735689610e-01 5.388209750200952941e-01 5.399724386795614617e-01 5.252696496173975271e-01 5.461090488110740271e-01 5.494788491570721245e-01 5.276182081270942570e-01 5.398105449073586914e-01 5.649342472015230765e-01 5.726388151463148724e-01 5.681576530083615184e-01 5.436493152086289138e-01 5.664824182053300738e-01 5.563302131076142132e-01 5.569598938897324381e-01 5.735689276755200350e-01 5.521212019627728118e-01 5.466335848958014942e-01 5.685457328338315852e-01 5.650451801725173695e-01 5.708366501252621905e-01 5.738713484004208665e-01 5.742964024601779904e-01 5.565807277129040109e-01 5.817025498904503378e-01 5.920402698046843826e-01 5.847082923170686675e-01 5.848276043846687422e-01 5.901636392714351143e-01 5.832811151971774022e-01 5.837883688953567907e-01 5.617933888453939817e-01 5.704836582241944454e-01 5.789980343525599205e-01 5.846269073754426504e-01 5.754145845866525111e-01 5.870457965618647300e-01 5.868829442794228912e-01 5.785366909055061901e-01 5.568671484311259468e-01 5.735199010050351376e-01 5.738357195761190077e-01 5.704409439435944584e-01 5.815290124744386668e-01 5.847547487837795321e-01 5.713363158206403725e-01 5.756692028879346612e-01 5.698134324378801852e-01 5.755107233021035107e-01 5.771045305316387930e-01
8.723509230012685411e-02 1.202831881966673067e-01 3.511464919141482066e-01 5.652243029828122323e-01 4.760679482170943055e-01 5.023832149918312506e-01 1.000000000000000000e+00 7.031402252736876912e-01 6.261016061252568932e-01 5.613316075159210383e-01 6.893125789884075871e-01 7.644157756241597435e-01 6.675163576509037799e-01 6.450410475773225016e-01 8.205141795356432066e-01 7.671223299285981900e-01 6.094845682397792563e-01 4.504224929739378269e-01 5.394964012177839718e-01 4.907604991006946360e-01 5.324427544609210416e-01 5.867670243451375001e-01 5.234681173856210457e-01 5.538664458788812306e-01 5.597884967755502039e-01 6.456449242321187221e-01 6.728196579757873552e-01 6.709543725035235218e-01 5.888114406504401099e-01 6.235397751537841149e-01 7.097236395562341871e-01 6.854454414982160682e-01 6.279751221805029981e-01 6.887288677555694072e-01 6.186127822757114814e-01 6.827429904968547181e-01 7.138010239857954797e-01 7.100469410680213533e-01 7.383052862334853472e-01 7.222890369564464175e-01 7.370838966767944145e-01 7.565869519428402024e-01 7.758877427471331245e-01 7.781503620853259529e-01 7.454814328638111887e-01 7.578707721612124582e-01 7.451445271402686865e-01 7.322332463360365917e-01 7.245506003078228119e-01 7.332882868896553052e-01 7.389002984137311714e-01 7.245427812602601714e-01 7.433076858701310741e-01 7.073935661519415996e-01 6.966884198254639227e-01 6.850927939959755575e-01 7.097719154128147023e-01 7.302625669545986797e-01 7.244719258282525942e-01 7.407773275497004928e-01 7.480413463351401893e-01 7.374871260750492930e-01 7.255068568342044610e-01 7.279091667870006832e-01 7.194324649963669271e-01 7.295106615694004759e-01 7.223114761246850479e-01 7.089304428990458318e-01 7.207961131842274272e-01 7.196664915522655859e-01 7.276335720300000087e-01 7.187655734438093136e-01 7.207549150745745647e-01 7.256359228602170530e-01 7.380309136694538363e-01 7.393679773269519195e-01 7.306151146993288270e-01 7.101923304419378580e-01 7.417869965248752306e-01 7.240290483860838400e-01 7.368333327023816048e-01 7.421234083687731076e-01 7.244355777570713473e-01 7.163491186187656012e-01 7.390438741817021429e-01 7.396782987317348512e-01 7.426129197979295382e-01 7.347843190782713529e-01 7.404660327210571547e-01 7.229527870634208098e-01 7.458744088312325715e-01 7.458205589264585988e-01 7.504317483741195227e-01 7.527359018985696482e-01 7.300142241949335586e-01 7.304398016140374317e-01 7.435839050279361429e-01 7.241874186728337603e-01 7.229386198507559147e-01 7.388584227076741007e-01 7.450622687417884915e-01 7.283120183196022390e-01 7.413804991437970004e-01 7.428170689496835788e-01 7.430752416573165320e-01 7.222862437871790942e-01 7.322981343095764650e-01 7.188508261759334328e-01 7.231132078891299164e-01 7.278220621166273663e-01 7.261745350262650556e-01 7.361416351882372755e-01 7.249674113002004816e-01 7.270390144184420977e-01 7.271110288108757480e-01 7.333013073689876871e-01
9.242024074965045355e-02 8.933223471165722962e-02 3.203341189134051858e-01 5.986858228257490033e-01 4.963457997108662312e-01 4.478216492451361219e-01 7.031402252736876912e-01 1.000000000000000000e+00 6.462657859241818237e-01 5.382132815760340971e-01 6.819590666733675866e-01 7.883290868684487140e-01 6.960437669660664017e-01 6.454071893201728249e-01 7.781920407512314952e-01 8.097810782921096573e-01 5.977583026562841573e-01 4.626561349383576660e-01 5.208876706859322248e-01 5.518949100982669664e-01 5.383060414506364300e-01 5.397209538132932138e-01 5.155905959028367347e-01 5.513646869496984237e-01 5.270271593612004812e-01 6.034481685724216726e-01 6.156091834110294370e-01 5.963898373659717311e-01 5.158399326808624785e-01 5.611514047872880884e-01 6.540493738690715819e-01 6.712563790820095244e-01 5.718006983749652772e-01 6.629090503367696119e-01 5.786833746181989646e-01 6.628305343682272532e-01 6.651261531901205837e-01 6.635784408521445688e-01 6.971271777807928061e-01 6.833308340482028287e-01 7.081924701474393569e-01 7.221739586173204772e-01 7.691871330655950523e-01 7.514131481394230594e-01 7.190774476213622757e-01 7.091723657171240536e-01 7.505379345065332775e-01 7.324437961432145316e-01 7.547891807511001305e-01 7.416291621568252834e-01 7.445969095615616595e-01 7.575051148016785918e-01 7.641917857433933037e-01 7.086157765759817373e-01 7.047585655234726021e-01 6.934890991048823228e-01 7.420103007902268955e-01 7.226503315191513677e-01 7.367477234640023021e-01 7.390846072223450358e-01 7.670515412198660732e-01 7.373589634859475384e-01 7.514098005717311235e-01 7.436265534520050124e-01 7.205179901110498886e-01 7.436827419738756273e-01 7.214501576889729151e-01 7.063845539031126108e-01 7.134343627122894382e-01 7.447653251381132211e-01 7.155755346996593991e-01 6.992510392320524515e-01 7.235515717072228403e-01 7.176497933631034165e-01 7.165046836584922918e-01 7.102848840967012078e-01 6.942585562399585797e-01 6.678978699671834773e-01 7.174068751101679853e-01 6.999820662753472034e-01 7.179403822935762625e-01 7.183905735247936297e-01 7.216393509492773362e-01 6.996090222649347101e-01 7.256819488680557040e-01 7.276848960194912674e-01 7.270792376660450973e-01 7.129889047007736957e-01 7.179956017780715349e-01 7.199614243150398440e-01 7.160003412724099681e-01 7.286210982251001278e-01 7.376614020758097690e-01 7.349906775429381200e-01 7.378731942705794022e-01 7.315136830919578559e-01 7.503038331573126385e-01 7.451668014384489336e-01 7.417650725675580814e-01 7.418566144829915610e-01 7.444191695363564509e-01 7.349755011805424454e-01 7.474016748978454805e-01 7.418450580140208972e-01 7.481127416508501771e-01 7.403769876725564414e-01 7.456404139604934089e-01 7.149079119510128866e-01 7.213247599281609190e-01 7.315976185896703177e-01 7.279064923863385328e-01 7.410715806449272858e-01 7.263405818970132266e-01 7.302924407920763361e-01 7.302480033128551096e-01 7.442640668844368035e-01
3.702160162994115322e-01 3.174346751929775223e-01 4.419778366573916539e-01 4.917648032602971453e-01 4.738754347736480188e-01 4.341524406999066055e-01 6.261016061252568932e-01 6.462657859241818237e-01 1.000000000000000000e+00 7.212457762928911054e-01 7.841846773937640735e-01 7.408395026652155879e-01 7.153369726097935644e-01 6.847580987630927929e-01 7.603096258011520225e-01 7.804581506347547659e-01 8.097162651741013351e-01 7.089558018789587912e-01 7.210741421189470479e-01 6.515037693326348744e-01 6.725489470604137932e-01 6.933593574625105393e-01 7.530435823421557373e-01 7.167623954429792610e-01 6.777854020123740275e-01 7.978066944589942144e-01 8.008857135786867643e-01 7.954777296779820261e-01 7.320853597738260499e-01 7.357172572340084926e-01 7.896913668294351929e-01 8.417428155745559915e-01 7.495798937203788093e-01 7.989785836071295888e-01 7.414805693868024017e-01 7.818614702440752628e-01 8.009661665937187758e-01 8.119124021951107384e-01 8.052288266189376875e-01 7.636462311236619227e-01 8.378551955711263100e-01 8.064774456065685326e-01 8.047861699308315186e-01 8.266448655479282648e-01 8.301758417816034186e-01 8.103813797903128835e-01 8.104138098404150004e-01 8.456761975865845216e-01 8.272782759279108111e-01 8.017475611928234214e-01 8.345666566781498874e-01 7.760756940916500035e-01 8.270088330047471459e-01 8.480318058327847019e-01 8.358121069527597591e-01 8.444743316670241251e-01 8.418608738156981852e-01 8.188898583836913270e-01 8.339736598442863968e-01 8.546930978531003253e-01 8.219472469337655296e-01 8.499171285057424141e-01 8.325242194495118264e-01 8.382556721030793856e-01 8.302124286686302090e-01 8.348714629594267134e-01 8.284786345673198493e-01 8.466139294153717243e-01 8.504019284234392018e-01 8.359405096308738514e-01 7.975560409223845237e-01 8.236198618003943706e-01 8.339281714182791294e-01 8.199012380012394852e-01 8.316474981805017652e-01 8.301439774344041567e-01 8.235521024627294739e-01 8.087458483425358224e-01 8.236122579029327984e-01 8.072475943780209606e-01 8.311615992792399377e-01 8.094158432447760010e-01 8.360691555699344413e-01 8.207400264600189788e-01 8.221984006637719222e-01 8.204763952784606129e-01 8.198780123710424084e-01 8.101341375064115002e-01 8.109721704829524480e-01 8.326894677064885508e-01 8.055092565991939235e-01 8.099796486493872072e-01 8.190723096221419475e-01 8.093438548890441453e-01 8.045772525545620280e-01 8.195779828203391126e-01 7.974449188837572366e-01 8.138460999632041171e-01 8.190798274895876308e-01 8.207067848205271687e-01 8.045836142524557255e-01 8.156846229088224876e-01 8.086878921398864550e-01 8.130392581868161050e-01 8.195598526758031133e-01 8.299388014057509366e-01 8.233664627661445579e-01 8.215105741460548838e-01 8.285328569811925004e-01 8.214502206054312694e-01 8.074902083498982641e-01 8.390312431900757151e-01 8.236507208205994246e-01 8.169635094626933602e-01 8.237036541804506617e-01 8.234022399495856126e-01
1.617312234094842871e-01 3.389626815853020725e-01 3.553756041527241782e-01 3.651262368860026530e-01 3.910032684581788986e-01 4.157830613784936902e-01 5.613316075159210383e-01 5.382132815760340971e-01 7.212457762928911054e-01 1.000000000000000000e+00 7.085101351548078741e-01 6.575138803662414766e-01 6.620082121881459836e-01 6.484409062634818310e-01 7.155101570266438893e-01 7.157521573143441618e-01 6.965963320347764443e-01 5.904159360033299775e-01 6.318042561225000187e-01 5.280492074543861047e-01 5.604431308189296024e-01 6.119593129771994100e-01 6.619846141561568365e-01 6.181041451115475427e-01 6.114351945704054048e-01 7.180516596046966349e-01 7.046816565434910196e-01 7.192666872248123511e-01 6.652329792629121386e-01 6.587387982144555787e-01 7.218231321697913261e-01 7.628253230201963442e-01 6.902030168053449044e-01 7.184646976355667514e-01 6.818309726810274363e-01 7.107950799959232846e-01 7.264882966330999947e-01 7.605983377506474463e-01 7.575006248771453121e-01 7.150431746168836034e-01 7.792695899521518976e-01 7.645041680892377123e-01 7.340582170308389554e-01 7.623034385997320417e-01 7.621032438141299714e-01 7.759648163396163367e-01 7.649442681226212848e-01 8.002541788158328284e-01 7.551223836903646625e-01 7.229853698927037886e-01 7.598284179271023175e-01 6.843734522397968423e-01 7.521755327427019910e-01 7.884513584611518855e-01 7.663536473103131907e-01 7.802469984008275627e-01 7.550212972562941882e-01 7.729938719435988093e-01 7.643292408227616574e-01 7.856225853184122254e-01 7.507880602538846704e-01 7.853451892827213454e-01 7.587151588284872794e-01 7.668091322222995165e-01 7.592747760645801591e-01 7.702829687023206029e-01 7.772051470531581296e-01 7.864301755957532336e-01 7.906992738757112615e-01 7.616675861325760133e-01 7.430177260510387738e-01 7.716957600232864367e-01 7.722951520549694582e-01 7.656417953386718267e-01 7.836820595815079393e-01 7.814376901558977018e-01 7.839267809942533916e-01 7.670351008510297719e-01 7.797156901360966508e-01 7.633638516626125581e-01 7.834247592228243962e-01 7.698815970278841680e-01 7.803597076033731428e-01 7.731184272764014542e-01 7.705216963922912887e-01 7.701899642121433631e-01 7.785578320939398056e-01 7.759295993979937744e-01 7.776965429221226467e-01 7.834890920529802294e-01 7.709630103478912755e-01 7.721200659175189163e-01 7.725713703725231030e-01 7.740750878542725921e-01 7.664443956393633961e-01 7.825936290321571231e-01 7.419595102568451450e-01 7.471509054721777732e-01 7.651647838881673325e-01 7.651053159148010208e-01 7.562831144730348676e-01 7.667408815469405337e-01 7.625874089274724543e-01 7.669485038218716300e-01 7.662537384435708088e-01 7.677098995005131599e-01 7.708693470163673345e-01 7.846530966939824214e-01 7.821526044146057677e-01 7.761938288997659585e-01 7.694412638942331739e-01 7.865275742233376333e-01 7.782406993018995411e-01 7.704398855335903296e-01 7.697976618554825956e-01 7.722318830894829844e-01
1.534968352372637901e-01 1.893113487464382905e-01 4.348657134629783649e-01 4.960386884407372854e-01 4.389125740411861099e-01 5.184018183118935807e-01 6.893125789884075871e-01 6.819590666733675866e-01 7.841846773937640735e-01 7.085101351548078741e-01 1.000000000000000000e+00 8.193129989027102544e-01 7.616676718199892893e-01 7.674649217110072197e-01 8.475168019479731862e-01 8.249269702166818208e-01 7.523219634666569178e-01 6.069152586758719270e-01 6.840380431021952923e-01 5.537437685535985255e-01 6.249648490942912860e-01 6.893019882573675483e-01 6.711676084372621975e-01 6.477507628617733548e-01 6.672750554269157863e-01 8.217011231805774196e-01 8.114909299439594381e-01 8.082630245339003094e-01 7.374318278469331744e-01 7.561585021019662234e-01 8.083000491176945967e-01 8.182868335221942235e-01 7.744584518939177098e-01 7.929052206304609829e-01 7.792705019106442865e-01 7.650478095259120037e-01 8.159641155870979157e-01 8.506529683374247641e-01 8.526558617957571418e-01 8.187141214589416238e-01 8.834665005920961933e-01 8.752049634832592684e-01 8.394193625990865604e-01 8.806465623360333339e-01 8.685235589369265652e-01 8.715350030656452418e-01 8.836384542538922027e-01 8.907874785755335312e-01 8.615786639770391941e-01 8.450818593637848819e-01 8.753608856204463384e-01 8.281430063066547165e-01 8.722116396846419928e-01 8.835640698535689452e-01 8.763201628034766877e-01 8.639640983906049509e-01 8.693793024130731517e-01 8.838967662199700426e-01 8.798460344557222923e-01 8.874966779477396761e-01 8.750953360270659065e-01 8.891250542803273982e-01 8.769187351099492211e-01 8.767818172698774726e-01 8.795865826875638449e-01 8.802543817758377021e-01 8.875061264606463052e-01 8.801873656444377803e-01 8.737311570773604874e-01 8.532862178300671951e-01 8.622929019274484519e-01 8.748989886555382789e-01 8.607181653837669977e-01 8.637778818630519329e-01 9.019422994285236639e-01 9.008654129461960425e-01 8.921280173414499748e-01 8.734762006851887195e-01 8.891451340130316350e-01 8.734671822741640890e-01 8.806504006633334436e-01 8.827055308710151094e-01 8.727135800016442291e-01 8.776485027834578512e-01 8.808194856871783829e-01 8.807454296686851869e-01 8.816306485128037052e-01 8.855709389985446656e-01 8.853221537352351511e-01 8.775048972963300775e-01 8.866666730573343758e-01 8.921962184486632585e-01 8.912827724712193422e-01 8.904921047866461992e-01 8.858857843068150828e-01 8.888377541657204173e-01 8.742124251030440885e-01 8.762554146620237239e-01 8.829976753575159432e-01 8.865174485194518006e-01 8.807815344211807895e-01 8.874686838802973154e-01 8.839847946791888900e-01 8.904678576615749908e-01 8.857961951206646534e-01 8.828854477513223831e-01 8.841188261910339907e-01 8.897968454999704013e-01 8.936032360285344200e-01 8.917473147527618105e-01 8.859485745149220381e-01 8.930982279126973289e-01 8.915542912992396873e-01 8.870473384419019780e-01 8.884405146888059157e-01 8.874546765162147910e-01
7.250922335720830225e-02 9.366456389972556418e-02 3.701436256265412950e-01 7.047778072087901302e-01 5.025112387218048093e-01 5.436069527573541560e-01 7.644157756241597435e-01 7.883290868684487140e-01 7.408395026652155879e-01 6.575138803662414766e-01 8.193129989027102544e-01 1.000000000000000000e+00 7.802804871172059897e-01 7.755664869613573265e-01 8.804474268978179641e-01 8.806278265920122195e-01 6.994893581005510175e-01 5.343586544603909916e-01 6.171170492119559814e-01 6.218992435998099699e-01 6.149323478063756232e-01 6.526897021146296218e-01 6.327132873789450551e-01 6.383746678786144102e-01 6.298816688635310301e-01 7.339743405498729834e-01 7.628109549295867264e-01 7.403121465309655536e-01 6.640954483803587216e-01 6.831242437273188362e-01 7.848335590514633475e-01 8.002148369440137410e-01 6.925306145902336841e-01 7.791539857811136116e-01 6.888093460875243101e-01 7.788631919749245958e-01 8.069871985404720727e-01 7.913275664637319240e-01 8.225920449661564549e-01 8.160777015084315078e-01 8.610867034883757931e-01 8.596011694647719414e-01 8.871991303961217490e-01 8.916414999881620007e-01 8.633967658689677416e-01 8.535749191577144401e-01 8.921170465744305833e-01 8.750819810037199220e-01 8.818604986151471481e-01 8.612666539348767802e-01 8.633444779174527239e-01 8.653095620048557590e-01 8.971434559865173464e-01 8.442518133355770837e-01 8.279249400010983972e-01 8.296860769842140382e-01 8.662779324566310946e-01 8.564923500318399885e-01 8.583713884491669388e-01 8.792699009010306321e-01 8.928192833561978681e-01 8.741827744820190871e-01 8.703570283082462389e-01 8.751847133040563387e-01 8.571662338762520150e-01 8.838225581011253107e-01 8.615895350506761474e-01 8.384604341768107094e-01 8.569958977662487376e-01 8.747637664451066719e-01 8.524963489137232786e-01 8.443418605385574205e-01 8.542497548138507923e-01 8.548799074111982366e-01 8.678771271442531354e-01 8.623701147959877966e-01 8.522401362617755272e-01 8.278144471562220996e-01 8.647370985508564534e-01 8.411850927487046770e-01 8.641932182955480712e-01 8.600364527830106631e-01 8.644559004823471060e-01 8.385550492802450462e-01 8.643860317717259045e-01 8.659217636418166109e-01 8.755378208619953861e-01 8.542974414881217005e-01 8.596932587544497961e-01 8.663861373297949697e-01 8.662749993966796236e-01 8.765898093128883239e-01 8.844350793990222170e-01 8.818140285870041950e-01 8.796982171042180276e-01 8.763396705215377169e-01 8.830673224301833768e-01 8.712815891319216632e-01 8.735274575361376970e-01 8.747272555169178787e-01 8.816338136480289522e-01 8.692488832695666190e-01 8.894831226578254757e-01 8.834526115977667793e-01 8.851261290638196000e-01 8.718868424911979664e-01 8.819783903698489302e-01 8.592957394255194004e-01 8.639841703425888975e-01 8.711757852332826513e-01 8.658335716812772809e-01 8.822315748134127444e-01 8.661901215845582147e-01 8.647604592660514955e-01 8.707463048679825457e-01 8.848394501416891877e-01
8.110839652886631113e-02 1.447628303699663443e-01 3.333784843790921215e-01 4.728462838819251779e-01 4.792021186725702875e-01 4.817184860723496276e-01 6.675163576509037799e-01 6.960437669660664017e-01 7.153369726097935644e-01 6.620082121881459836e-01 7.616676718199892893e-01 7.802804871172059897e-01 1.000000000000000000e+00 7.402391511775614497e-01 8.189580357058029447e-01 8.270202597401458133e-01 6.860000452669263726e-01 5.352497155530044903e-01 6.168817313019102633e-01 5.203915635284558361e-01 5.555379089701226736e-01 6.092707267692171191e-01 6.040507397947945112e-01 6.103755438738699413e-01 6.105211156750961488e-01 7.204774363270312065e-01 7.126764456546906823e-01 7.041799331105554893e-01 6.332708032086794558e-01 6.467492189852709350e-01 7.415885409752338564e-01 7.511075196401105769e-01 6.784405016891156270e-01 7.399285154108220519e-01 6.866923162428334448e-01 7.338946980180397484e-01 7.488728970177647160e-01 7.679961487791666652e-01 7.916985891682587484e-01 7.646015047805208020e-01 8.239189328513316646e-01 8.236430665044411903e-01 8.163513335403740356e-01 8.284410420306925760e-01 8.107085281720874947e-01 8.043888656662258052e-01 8.437185172311046921e-01 8.407457337259707231e-01 8.297845583055653007e-01 8.006097332601281868e-01 8.201175426929154799e-01 8.004660380228169059e-01 8.362316428008975677e-01 8.219995563234874236e-01 8.087418828175529928e-01 8.036498569306613771e-01 8.280710869561630494e-01 8.325425484559865197e-01 8.206658267183745137e-01 8.418934488796590010e-01 8.491302906581631449e-01 8.348566602222594613e-01 8.282004015233940253e-01 8.376585279283461638e-01 8.221508054538964050e-01 8.395702701903997589e-01 8.360305676894342897e-01 8.227073375034098524e-01 8.219753844553597810e-01 8.061873636599540260e-01 8.041961554754385455e-01 8.112326128547567849e-01 8.194195724046903218e-01 8.178997087381453257e-01 8.355936321676117329e-01 8.328243404892082813e-01 8.258496036697988707e-01 7.956217302192073459e-01 8.299097824502399412e-01 8.158939825468600748e-01 8.256305589396772948e-01 8.287620797442952769e-01 8.271051486190557078e-01 8.162449768847052090e-01 8.261631733903260777e-01 8.335483365604182682e-01 8.364919186849534283e-01 8.292440197217684217e-01 8.335914500628823776e-01 8.308206679906754433e-01 8.281016397978882004e-01 8.420882645475016304e-01 8.415815959035674032e-01 8.384926046049846482e-01 8.434920496362153797e-01 8.426106716164991628e-01 8.377757115938775367e-01 8.392732821837292079e-01 8.486999084046625841e-01 8.393135659347265021e-01 8.456656383145180200e-01 8.401423659693915136e-01 8.440756579427298734e-01 8.422321717283011155e-01 8.415600229755929584e-01 8.412569445437574345e-01 8.464614899109735857e-01 8.383162703171396224e-01 8.385660942678867524e-01 8.428496200055820564e-01 8.368319860646329378e-01 8.491732593432729237e-01 8.418051611539570933e-01 8.418364636374954246e-01 8.367846395498664824e-01 8.461966652327457261e-01
