1.000000000000000000e+00 7.099858709549446145e-02 5.330856668224854406e-02 5.562147892530558413e-02 7.811483431118318270e-03 1.427699815314453086e-02 1.161040169256375917e-02 2.830908062436534450e-02 7.431110655270596610e-02 3.401360178020452346e-02 -1.100234182878675592e-03 -9.375423411754041370e-03 2.147593548393182152e-03 -9.073122804051890478e-03 1.663645057805647259e-03 4.890977730196503434e-03 5.304944908527417513e-02 4.560412551248334279e-02 3.196279208464851418e-02 2.469032227519695616e-02 2.495250748864394005e-02 3.732370652022694302e-02 1.374464203537785999e-02 2.000417596286480776e-02 1.253198112211034720e-02 4.597661390066583309e-02 2.081745532417618796e-02 -9.638190676986690270e-03 5.536104861477211120e-02 3.217594828199926704e-02 2.705998573065523938e-02 1.360371748452985502e-02 -4.716693977656136183e-02 2.271967579805086491e-03 8.407611188115612227e-03 -3.184364177880708024e-02 1.208376346274506402e-03 -3.081936159894895291e-02 -7.116879019064024231e-03 -5.832390381456877687e-02 2.712331706267611785e-03 -2.284473634099510458e-02 -5.214946219450386500e-02 -7.999405629446827357e-03 -1.170211854889768519e-02 -1.479996685165103909e-02 6.066897056678914081e-03 1.048866498190989364e-02 1.578243493550951157e-02 1.231647800089544394e-02 -9.061532247947290050e-03 -2.409591908749652341e-03 3.813756977202539117e-03 2.188418752754609301e-02 -3.209598475336917969e-03 -7.093987224591791728e-03 2.749967845015524603e-02 -1.083490441777177488e-02 -7.314396514021789461e-03 2.132516601541327092e-02 1.486578021763503184e-02 1.482468827619490281e-02 -4.004819124748476046e-03 2.476008601353321681e-02 4.215061162173314863e-02 3.991527297389636103e-02 1.668452267026877128e-02 5.600312580178452675e-03 1.474357203824425144e-02 5.113600101364016402e-03 7.861530625953018839e-03 1.202734016534371883e-02 -3.493702769972274530e-04 2.237935506106787859e-04 1.032580459603718581e-02 9.562017510767989448e-03 -7.186150755292509886e-05 1.890806230195721249e-02 9.002039500994436783e-03 1.232696143568478425e-02 7.202049798219315596e-03 9.233686766590309958e-03 1.482845549413729265e-02 6.004024497466531676e-03 -5.832094086546430953e-03 4.238806067314311588e-03 -2.935460664737251334e-03 -5.675805805927911125e-03 -5.411019279981462912e-03 2.588931249971379144e-03 -2.053892380837180412e-02 -5.345809678897295129e-03 -1.062559561301199516e-02 -5.131531368681410861e-03 5.450027788679725343e-03 6.163133789377289555e-03 -2.627874501988773127e-03 3.558437961652159004e-02 3.450116733762742006e-03 -2.414466440717808263e-03 -1.170978900371753492e-02 7.541807052215503820e-03 7.277042955221333514e-03 4.446051464409981517e-04 1.094142795955228495e-02 3.576515470480810810e-02 2.221889148750918336e-02 8.656804803159372924e-03 1.459598266702013224e-03 6.606453281305323631e-03 1.037887101207065656e-03 1.612832746248672039e-02 1.973172424139063574e-02 1.878623945925129296e-02 2.744067825320778767e-02 2.863981069523140188e-02
7.099858709549446145e-02 1.000000000000000000e+00 8.521029393572103483e-02 1.581738423658740900e-01 6.339194844557446973e-02 1.108116303687115278e-01 1.687575069528406968e-01 1.466251851675152429e-01 1.836937400154829425e-01 1.703567336467571580e-01 1.723830307125966965e-01 1.721103482365943238e-01 1.685463705672399504e-01 1.482520467794028185e-01 1.693412771692087981e-01 1.565708763322699593e-01 1.773070742529715416e-01 1.838187736036227260e-01 1.861825584009662027e-01 1.758242593800873055e-01 1.550264526639906770e-01 1.779777096769889766e-01 1.892440357258082795e-01 1.794308630377089431e-01 1.816309310914984154e-01 2.004507352537334142e-01 1.690385343420559294e-01 1.782536578237356728e-01 2.285158473966994175e-01 2.064895836644449201e-01 1.973943767057575183e-01 1.886986064871137847e-01 1.700979340258229056e-01 1.759228773558429715e-01 1.883890018886059115e-01 1.521743862624413135e-01 1.781790319779273102e-01 1.541953386837939255e-01 1.675201610613536729e-01 1.424643687593802888e-01 1.685954111325143612e-01 1.563158479873920648e-01 1.270960904325502960e-01 1.575915963046995993e-01 1.728188299370488901e-01 1.726233821443077798e-01 1.667646746631705201e-01 1.663601404578448073e-01 1.734099270439098117e-01 1.544513736894390643e-01 1.561017316871438076e-01 1.437019640287181543e-01 1.622022227843665509e-01 1.767998138375934114e-01 1.675113886685441200e-01 1.723596107538709343e-01 1.716937630925620684e-01 1.547335936637214415e-01 1.667199989859087517e-01 1.651681299741362963e-01 1.679984047258313851e-01 1.703020103897659732e-01 1.538226888180284357e-01 1.655628457911673956e-01 1.814085521197414674e-01 1.772661444919887974e-01 1.732425799497506747e-01 1.668844728365097008e-01 1.814361274634163357e-01 1.777246097317589368e-01 1.708896328549038834e-01 1.710140581298816576e-01 1.737414811657205793e-01 1.712639070728858848e-01 1.765212417491004437e-01 1.734494023819743991e-01 1.751882780498972281e-01 1.889528534646204294e-01 1.788325301512709853e-01 1.801428653532703983e-01 1.778817100924474093e-01 1.772025783452058911e-01 1.717364315253663010e-01 1.760304925719543279e-01 1.614190367526686654e-01 1.732444806971475126e-01 1.664516778431039401e-01 1.622616963330951456e-01 1.679508468307008007e-01 1.704979031585577565e-01 1.625894193784512554e-01 1.625319259229956737e-01 1.662806666937370059e-01 1.676861370655638450e-01 1.701380574583466199e-01 1.689635681826572033e-01 1.584980230051796501e-01 1.717997259674725330e-01 1.650223621738267643e-01 1.578550534467426936e-01 1.558767408628600748e-01 1.635138424823719128e-01 1.613260873261957717e-01 1.587333895230215175e-01 1.642427312163585729e-01 1.770608261114490212e-01 1.764100128452787963e-01 1.689186896588974196e-01 1.688554438239659727e-01 1.664312529527575413e-01 1.670250894852048362e-01 1.677601491064095451e-01 1.740336332478679138e-01 1.693222072461825489e-01 1.700448139349286236e-01 1.719656425900165930e-01
5.330856668224854406e-02 8.521029393572103483e-02 1.000000000000000000e+00 3.609562956013094293e-01 2.466073984228569493e-01 2.430086868196306982e-01 3.761918440339701020e-01 3.387234885218104452e-01 3.829944779066723481e-01 3.263737863497011005e-01 3.882160716755652663e-01 4.037031081276736821e-01 3.626664401439213536e-01 2.927698422060969197e-01 4.114286601573997615e-01 3.900640254535728269e-01 3.835141312402574609e-01 4.014423985965504538e-01 4.025433772048865322e-01 3.843258430290695804e-01 3.919082000643295816e-01 4.119861748914979138e-01 4.151417795386292409e-01 4.028659284886793035e-01 4.036487990283066929e-01 4.110971834872829689e-01 3.958914505203448564e-01 3.979032183034885151e-01 3.819814496296412565e-01 4.035683234037257261e-01 4.074238668820571174e-01 4.255343861402562933e-01 4.185001539454616948e-01 4.199325183471435130e-01 4.104316479281890362e-01 4.062620429100717301e-01 3.987933648612174697e-01 4.068399250239220777e-01 4.149616074348817518e-01 4.108857562500092264e-01 4.085499768794980668e-01 4.135218435140933790e-01 3.999641774982751197e-01 4.100276299941393865e-01 4.163019293823735922e-01 4.086164124428310895e-01 3.933519604997934294e-01 4.057904555777540057e-01 4.045633768189030866e-01 4.082886775541628710e-01 4.101202861326017080e-01 4.131793398127907579e-01 4.076911416403573019e-01 4.035415785391891497e-01 4.111999227840472670e-01 4.139822879990022741e-01 4.211329049199112884e-01 4.018094794063964970e-01 4.051588007420779958e-01 3.954287365162096890e-01 4.056315239166360942e-01 3.973735724112462120e-01 4.030825094572372813e-01 4.053990475031700180e-01 4.076044224953815909e-01 4.090147893123864953e-01 4.062059846175753997e-01 4.054466518304670197e-01 4.140634661033570363e-01 4.126692491590989165e-01 4.076663425878170322e-01 4.080946208457367219e-01 4.130221864383766261e-01 4.087943200146220146e-01 4.056232755705612703e-01 3.935223775769009502e-01 3.970323470754980044e-01 3.949115497816504394e-01 4.082071662572375748e-01 3.964091935521503740e-01 4.069264350584514967e-01 4.076693604000216076e-01 4.123960230122150072e-01 4.036163439682264875e-01 4.169131727209931526e-01 4.113198243457766301e-01 4.037791039194083553e-01 4.070915206720748247e-01 4.054523461389859529e-01 4.122764550059190847e-01 4.090136622660418553e-01 4.030525632697604110e-01 4.054810284572372137e-01 4.027884976065497225e-01 3.990322754069310363e-01 3.991372342286318986e-01 4.130038610501357565e-01 4.086212956305220190e-01 4.042251005405244624e-01 4.070759986526328311e-01 4.085629813441795100e-01 4.061877111915939143e-01 4.025395559730304829e-01 4.025731240171979142e-01 4.110930148901593695e-01 4.059315441785046330e-01 4.033380056514803136e-01 3.978647432878765211e-01 4.042520803064271195e-01 3.959872335955133549e-01 3.989374538748141075e-01 3.964900676894660414e-01 3.996846567788830962e-01 4.051436214956592452e-01 4.007311922559028128e-01 4.048001417894299681e-01
5.562147892530558413e-02 1.581738423658740900e-01 3.609562956013094293e-01 1.000000000000000000e+00 3.693482343255241607e-01 3.481798055015371540e-01 5.953521409349543658e-01 5.567051090396915036e-01 5.722337468533649218e-01 5.472391928249139559e-01 6.041179190669776489e-01 6.289545985001833150e-01 5.622066552896985980e-01 5.021595940583282180e-01 6.263246176236172413e-01 6.026351194969600256e-01 6.017326524223041151e-01 5.853403001063461897e-01 6.095881337638309194e-01 5.840150384572556641e-01 6.057248307163981549e-01 6.342718415210739646e-01 6.064619877256280933e-01 5.767417042639275682e-01 6.007033334134048719e-01 6.392321865388981283e-01 6.140446246854907031e-01 6.320596923116729160e-01 5.978261965616348261e-01 6.242449388070343552e-01 6.270742589896242114e-01 6.251359824707669599e-01 6.148433438561159425e-01 6.142144337333199644e-01 6.104741582109335374e-01 6.152326561951143580e-01 6.245226788907319859e-01 6.162272385721416779e-01 6.331612808004074555e-01 6.240049235855609222e-01 6.350930839971811181e-01 6.303597612692931618e-01 6.121388791115788264e-01 6.318793035236558442e-01 6.448183608547037871e-01 6.343692882013345358e-01 6.165689377089954570e-01 6.275564894568524954e-01 6.166664229380187656e-01 6.006907955241006514e-01 6.294083524890646819e-01 6.375550036586870029e-01 6.341712082757362534e-01 6.317843348200872233e-01 6.381216834759230183e-01 6.472607832687161666e-01 6.490178309481651198e-01 6.287051315253514572e-01 6.240215940464955979e-01 6.226163373112432176e-01 6.261191123188815100e-01 6.267076324822968836e-01 6.282167436764286572e-01 6.282722481414023674e-01 6.358934259626702890e-01 6.395020830941019474e-01 6.252716363526220622e-01 6.238325629044203513e-01 6.306455381272813021e-01 6.396013933076822866e-01 6.316582285800207419e-01 6.260035116771680563e-01 6.241578920963057886e-01 6.229998349702524640e-01 6.294294152970835166e-01 6.205680081935976977e-01 6.268206366764671467e-01 6.179258434045576953e-01 6.342174653446642774e-01 6.201168636770428844e-01 6.193692441918866587e-01 6.259883265507555361e-01 6.368321334107984732e-01 6.225076222485513844e-01 6.375127407944225499e-01 6.282563970926682284e-01 6.269230153309652831e-01 6.270038200296597086e-01 6.301449072830198617e-01 6.393624645422502084e-01 6.319727747170649224e-01 6.265303704046505384e-01 6.291034807042195087e-01 6.264937613793193361e-01 6.203774821178977827e-01 6.221425021916608955e-01 6.353535983243895346e-01 6.373618443740992623e-01 6.307376239437343379e-01 6.297973157207582551e-01 6.331776979512975245e-01 6.342538104042524383e-01 6.246540726281603062e-01 6.282411675545247487e-01 6.384373553523248201e-01 6.409671931967125813e-01 6.276552593906512545e-01 6.234864877781298720e-01 6.313544054066803080e-01 6.250516203645601898e-01 6.272014058285602101e-01 6.245107194754304647e-01 6.288031345614402134e-01 6.295031844346802297e-01 6.280710423307449553e-01 6.314222493284892268e-01
7.811483431118318270e-03 6.339194844557446973e-02 2.466073984228569493e-01 3.693482343255241607e-01 1.000000000000000000e+00 2.731262481025160671e-01 4.658517500236800668e-01 4.502824526691331375e-01 4.531078305538985829e-01 4.304086011264159906e-01 4.503800785761907233e-01 4.945349764987157504e-01 4.832464306377970975e-01 4.194431153687824265e-01 5.111859926688232525e-01 5.060663435794682252e-01 4.540451594866314888e-01 4.570445968573585427e-01 4.703121680541601513e-01 4.176215271428380116e-01 4.592599421430127449e-01 4.779308365751394061e-01 4.583807579342439875e-01 4.296687224927951965e-01 4.457297940451782070e-01 4.890717187342882855e-01 4.715948106694974884e-01 4.760380704845508237e-01 4.586857520924783604e-01 4.800365523339022999e-01 4.914384326838265871e-01 4.964499624146126999e-01 4.591312690273122166e-01 4.700265326569654234e-01 4.797759750606476747e-01 4.538639007544909010e-01 4.755263609663673008e-01 4.815075726354620111e-01 4.931705929107059738e-01 4.597264630697984744e-01 4.944632052193285165e-01 5.021085340850731660e-01 4.954827031334942400e-01 5.127590607732682715e-01 4.850739593009886774e-01 4.984831284294447551e-01 5.008567290112069248e-01 5.051695432664194962e-01 4.965192618425444127e-01 4.687662214444404118e-01 4.952611509743164997e-01 4.915864227759840777e-01 5.037854006286787145e-01 5.024645408899168775e-01 5.003229397948067980e-01 4.981252800948713921e-01 4.941836415576765229e-01 5.078583590129377434e-01 5.002324720639191868e-01 5.087449358983023862e-01 4.978767039080695400e-01 5.034030829466560331e-01 5.022849367981573332e-01 4.986750836916418739e-01 4.927460376278143817e-01 5.005183503304152515e-01 5.005039004219794530e-01 5.005931933351317475e-01 5.031524102101059270e-01 5.026415895325140326e-01 5.066586624347860779e-01 5.003127629608586924e-01 4.926271534312529621e-01 4.887072744888356635e-01 5.003371825465005029e-01 5.004607141245213109e-01 4.958471271251465029e-01 4.941490432823172907e-01 4.999308089954442313e-01 4.973348719410632945e-01 4.942154869897901204e-01 5.003112416056617606e-01 4.949951624768763048e-01 4.978816058367177000e-01 4.960677169273544074e-01 4.985470071781136214e-01 4.982240928652481582e-01 4.993414097548045105e-01 5.012506507457729077e-01 5.052578464370829359e-01 4.965791672748605667e-01 5.042627744193205475e-01 4.993880482626467665e-01 4.999719474201497760e-01 5.005447044080975072e-01 5.017016198853022635e-01 4.997678936672819150e-01 4.974068145763096416e-01 5.046739897932926988e-01 5.007480123087085788e-01 5.087085677165019693e-01 5.035445019951675372e-01 5.066671929367174698e-01 5.070225644835643086e-01 5.020114848046359768e-01 5.025761049519479329e-01 5.007792739922405367e-01 5.037293552934628549e-01 5.038434992150320202e-01 5.045373706996513219e-01 5.029983057821991732e-01 5.055273941960611861e-01 5.057541047700252479e-01 5.046131121112857887e-01 4.999676200921531199e-01 5.043973112339390497e-01
1.427699815314453086e-02 1.108116303687115278e-01 2.430086868196306982e-01 3.481798055015371540e-01 2.731262481025160671e-01 1.000000000000000000e+00 5.234778110023977638e-01 4.716315919786389088e-01 5.193468817125278525e-01 4.807818121698043123e-01 5.327852901743711511e-01 5.759798570054346367e-01 5.228767532754464709e-01 4.846040396465001177e-01 5.777907910581127071e-01 5.620818388812724997e-01 5.335192178309621225e-01 5.212809582247271978e-01 5.464459054286953110e-01 4.868173868126005055e-01 4.896780468653537111e-01 5.505390266101122254e-01 5.263254732240123523e-01 5.246961800639923235e-01 5.506832854985814762e-01 5.495672363012767958e-01 5.637920350167413552e-01 5.497614798259605751e-01 5.340412854999176950e-01 5.553167819413535877e-01 5.773179944721956725e-01 5.605216738397064136e-01 5.311607578882330261e-01 5.593888762160175165e-01 5.551183188598838303e-01 5.551479919074374658e-01 5.793292742679001517e-01 5.609863314724966576e-01 5.819365834617297173e-01 5.434209375476229953e-01 5.865348247790913572e-01 5.824273178589961519e-01 5.643571851181122812e-01 5.936421644119631580e-01 5.853850161965448162e-01 5.848750122807024887e-01 5.918406257987215424e-01 5.929742591380211536e-01 5.811359324950881033e-01 5.499783083671448969e-01 5.792063093499879578e-01 5.807787637661444569e-01 5.860147683600832602e-01 5.897341690198633080e-01 5.832281533943918239e-01 5.827339223448796401e-01 5.774596724470288933e-01 5.918100508760357759e-01 5.792426470768681224e-01 5.894947517951664162e-01 5.829821117246251072e-01 5.866225852396792506e-01 5.845839566557530231e-01 5.830966250473350598e-01 5.826402706027367095e-01 5.843622378790138683e-01 5.932477629337788994e-01 5.957596171650660910e-01 5.909787074096195525e-01 5.891342580393699180e-01 5.883878298858418177e-01 5.966031056681576628e-01 5.885785092462103574e-01 5.971114966943266156e-01 5.923873544997876328e-01 5.911577985750500197e-01 5.888940179731632085e-01 5.802403483312759125e-01 5.928909455412186835e-01 5.875891822127132791e-01 5.889590131632339576e-01 5.920537249536090840e-01 5.894632216834760907e-01 5.863763124518550640e-01 5.898515532061413547e-01 5.942579186349442599e-01 5.968521505721636755e-01 5.944273714543333309e-01 5.993394938214786638e-01 5.945986752444711865e-01 5.896270355439319211e-01 5.961176791716045198e-01 5.945584315015586263e-01 5.975108810578272367e-01 5.962476295137850713e-01 5.953387952368446312e-01 5.863470981292284723e-01 5.836964022934233443e-01 5.923357177281454167e-01 5.927595312870163058e-01 5.985743119264387291e-01 5.910686822150548192e-01 5.948458798446351059e-01 5.980642826973430193e-01 5.974835884978156875e-01 5.831975819201388189e-01 5.896639495343957149e-01 5.969722274415818486e-01 5.960405838544952095e-01 5.917926847455388106e-01 5.930031921174009346e-01 5.925707955229215784e-01 5.901553037322815332e-01 5.920632452102427834e-01 5.929792886312523770e-01 5.917486280393008391e-01
1.161040169256375917e-02 1.687575069528406968e-01 3.761918440339701020e-01 5.953521409349543658e-01 4.658517500236800668e-01 5.234778110023977638e-01 1.000000000000000000e+00 7.306899954214921555e-01 7.490104055506779934e-01 7.069260771203395022e-01 7.894610880703084588e-01 8.277329570154677851e-01 7.437420755867900635e-01 7.092220774568006592e-01 8.563094345517510142e-01 8.165410883880021009e-01 7.912345067672759136e-01 7.762211450083237319e-01 8.002014642886934315e-01 7.243197182036619219e-01 7.565568666048109181e-01 8.101753407580771782e-01 7.900844776541422476e-01 7.636597337382378115e-01 7.932510843530747868e-01 8.289742521640645068e-01 8.159118451060833888e-01 8.335032775865527377e-01 7.915922793884421216e-01 8.294822760174045406e-01 8.414814871543432329e-01 8.331152973431442676e-01 8.171739706544747239e-01 8.197146282549839791e-01 8.152546037152178515e-01 8.131990500074832706e-01 8.359159127324269356e-01 8.295612650943378075e-01 8.531459384022733738e-01 8.160896068393044267e-01 8.448477315845365210e-01 8.446486787696251275e-01 8.241366726917211949e-01 8.494493195602093039e-01 8.498056902227206777e-01 8.478059834755096169e-01 8.362709341696156207e-01 8.427357543631975867e-01 8.334581472965008064e-01 8.017709661835595858e-01 8.417853506231519622e-01 8.260221147503610251e-01 8.413175295411071675e-01 8.384497558259386141e-01 8.429954180291249211e-01 8.509118842322900278e-01 8.393024263819414132e-01 8.439747280489855452e-01 8.404011800244322039e-01 8.353719214700471296e-01 8.377807252694113860e-01 8.332819627825910347e-01 8.387023457300613050e-01 8.399775275065726188e-01 8.337608398996317893e-01 8.305664585216910867e-01 8.411960437982289873e-01 8.437729529024141639e-01 8.485452010332453776e-01 8.491082809199639314e-01 8.451933898430877834e-01 8.442754286760587590e-01 8.422449015685399276e-01 8.429507361374071195e-01 8.467169562735996635e-01 8.417033492280642237e-01 8.456567865155175667e-01 8.343369722124758248e-01 8.511225214395943262e-01 8.425654460390898937e-01 8.411000216595789780e-01 8.437910230083658369e-01 8.475114210889700406e-01 8.407473627619709289e-01 8.479082694446777868e-01 8.463872426529850390e-01 8.479556233369266449e-01 8.460603809854391200e-01 8.477872291507193570e-01 8.506147777507195862e-01 8.513821188809169715e-01 8.485486265122192950e-01 8.492807262165645854e-01 8.479820145344028059e-01 8.388205048187149515e-01 8.409954990892410942e-01 8.433392485045185794e-01 8.334810129661835987e-01 8.443595829450221135e-01 8.466388037206170614e-01 8.511861763807067049e-01 8.426681304628419467e-01 8.406266300871685360e-01 8.450471321471025865e-01 8.448374222479281270e-01 8.336129475615097206e-01 8.361245095434761687e-01 8.416874743033935236e-01 8.468621612936854115e-01 8.414828114551750060e-01 8.425528461560232163e-01 8.372696780727149068e-01 8.364091533508496434e-01 8.397029794765499267e-01 8.359408364815275050e-01 8.359629623888619188e-01
2.830908062436534450e-02 1.466251851675152429e-01 3.387234885218104452e-01 5.567051090396915036e-01 4.502824526691331375e-01 4.716315919786389088e-01 7.306899954214921555e-01 1.000000000000000000e+00 7.155382959038345536e-01 6.705221663815048583e-01 7.413141241165457362e-01 7.809486450893048382e-01 7.054143809595608827e-01 6.680373847982952196e-01 7.899978284477511270e-01 7.883876840037418177e-01 7.437993496437400598e-01 7.213166422894135010e-01 7.487440611652973477e-01 6.562789507421030732e-01 7.013474196527160753e-01 7.533035347421792594e-01 7.289907244830529098e-01 7.000393849034276528e-01 7.340605495825398563e-01 7.797628647455016049e-01 7.616487444058117617e-01 7.528600503511011510e-01 7.451629351379143174e-01 7.715083869143412043e-01 7.912247901662502469e-01 7.728714367136776398e-01 7.377815372684299877e-01 7.602992418316646406e-01 7.556312754160503520e-01 7.470982302260041896e-01 7.703319644305363090e-01 7.715040715744059252e-01 7.935869262250416778e-01 7.369643762680688770e-01 7.899817187572044652e-01 7.917205073687435535e-01 7.643527165217433028e-01 7.999871311556586706e-01 7.831994150568433177e-01 7.881095955952660548e-01 7.948514580302984411e-01 7.994993116891098150e-01 7.936111128938182491e-01 7.621556488762180059e-01 7.965964809364235455e-01 7.776347827255832845e-01 7.961269197810217912e-01 7.927703393545134647e-01 7.973956766092581416e-01 7.922346010864250720e-01 8.009508112033898453e-01 7.985253469234693258e-01 7.949127510730418233e-01 7.968297653353572096e-01 8.000593357598115851e-01 7.972078326630566147e-01 8.013610427390963631e-01 8.023758607424802403e-01 7.959127499477837153e-01 7.982294152312751079e-01 7.959617481072710499e-01 7.969049863881995099e-01 7.979361881082818186e-01 7.986209568229419853e-01 7.979106781730519460e-01 7.988794578377769184e-01 7.868369279640716751e-01 7.919740436114962590e-01 7.995553724237525195e-01 7.936831158641113326e-01 7.916405131855843713e-01 7.911242237892945894e-01 7.966720319679323481e-01 7.970552665208811005e-01 7.963724979029910278e-01 7.988400081587465618e-01 8.000783735415361031e-01 7.940965212920421123e-01 7.973569056957892087e-01 7.985175076252376547e-01 7.967240619305683280e-01 8.016347920681612393e-01 7.984199342553550682e-01 8.026116786200347963e-01 7.923617938912596026e-01 8.002735390634698742e-01 7.967735419498916949e-01 7.998908589961991611e-01 7.995384047803718586e-01 7.987749692503971488e-01 8.042513350871605127e-01 8.034480429663464207e-01 8.059888604571810999e-01 8.012175394974611065e-01 8.081129076300687109e-01 8.075286226319422500e-01 8.025423317221588304e-01 8.041727309741181218e-01 8.038657779657846225e-01 8.011942980921444857e-01 8.013965071137385543e-01 7.993148826123975814e-01 8.029315961657026435e-01 8.019556506968150700e-01 8.034169214905941825e-01 7.991711757322704779e-01 8.016623919061396375e-01 8.056502208742161164e-01 7.961153863027911060e-01 7.997824173405300163e-01
7.431110655270596610e-02 1.836937400154829425e-01 3.829944779066723481e-01 5.722337468533649218e-01 4.531078305538985829e-01 5.193468817125278525e-01 7.490104055506779934e-01 7.155382959038345536e-01 1.000000000000000000e+00 7.469134555796758113e-01 8.111358777900201655e-01 8.427555736618348448e-01 7.781975058946698498e-01 7.406374543050295856e-01 8.568456641117743189e-01 8.455898637303695953e-01 8.373254399083737143e-01 8.177027024491100304e-01 8.254794383085111154e-01 6.958597247042852540e-01 7.716576242300969835e-01 8.433359053543395545e-01 8.070549266304900549e-01 7.802989587262133542e-01 8.141987598742704835e-01 8.563360058448855616e-01 8.620543558572970610e-01 8.253444086102548205e-01 8.322779852846660109e-01 8.644158507812110814e-01 8.817593892252069132e-01 8.455651572485521905e-01 7.939890898436469113e-01 8.337125434224895715e-01 8.560459283287777943e-01 7.961127758878047134e-01 8.573328417786045819e-01 8.283961361894155440e-01 8.586943521006569213e-01 7.668227584950170206e-01 8.706813840025895423e-01 8.521354156256173429e-01 7.775320468272287622e-01 8.696892134379932138e-01 8.523050858774836591e-01 8.566606092808954909e-01 8.821072051351729337e-01 8.885280257835715956e-01 8.811113232238109161e-01 8.236244751752405113e-01 8.572211783448886457e-01 8.253264210437021298e-01 8.631795253426584047e-01 8.868273873582036559e-01 8.602416287025583808e-01 8.564193588339897856e-01 8.718554297889602456e-01 8.701581006354375258e-01 8.710200411869252202e-01 8.873153239376037060e-01 8.799728430327847795e-01 8.835327067019047576e-01 8.705003068652528153e-01 8.768053782596184620e-01 8.896981677160710200e-01 8.874834173550583127e-01 8.870380964795826495e-01 8.867419756985851498e-01 8.868166030298796354e-01 8.769761213112650111e-01 8.867917212989968601e-01 8.890066203936083378e-01 8.713110430022507069e-01 8.806450624074401157e-01 8.894195074291446623e-01 8.884992677629998115e-01 8.825317132529617581e-01 8.884936332468429399e-01 8.860473861898944259e-01 8.912096772098130337e-01 8.878641118518403319e-01 8.921734992108983908e-01 8.853993123134358267e-01 8.873580239819951476e-01 8.679627142096723036e-01 8.823079918338332384e-01 8.798185947352851199e-01 8.820542773726978147e-01 8.828047475167817293e-01 8.778769765056564367e-01 8.694204908740660320e-01 8.816727845346835624e-01 8.794645051189537988e-01 8.842846482911335126e-01 8.905938141975512368e-01 8.901698651263091344e-01 8.616814982795997224e-01 8.801627208062258179e-01 8.798595148482085682e-01 8.788779201332852509e-01 8.692522804913180856e-01 8.796874080015739672e-01 8.814882471877442116e-01 8.838453391808940296e-01 8.780320929592990709e-01 8.784589986878332812e-01 8.913532210891095264e-01 8.885193304616905152e-01 8.837805579533877243e-01 8.877208774694751447e-01 8.851293694396755729e-01 8.904509303004739529e-01 8.886058842082632525e-01 8.876233544068322656e-01 8.900075258776329878e-01 8.886252859904609780e-01
3.401360178020452346e-02 1.703567336467571580e-01 3.263737863497011005e-01 5.472391928249139559e-01 4.304086011264159906e-01 4.807818121698043123e-01 7.069260771203395022e-01 6.705221663815048583e-01 7.469134555796758113e-01 1.000000000000000000e+00 7.425651597508715618e-01 7.777681931086661837e-01 7.084240800059906640e-01 6.716161897178394291e-01 7.909008971167131863e-01 7.720001510238899689e-01 7.562450354802864316e-01 7.449737889413952097e-01 7.643443494438123542e-01 6.510238716272599424e-01 7.080816692993132655e-01 7.797302448187940493e-01 7.554483729680121495e-01 7.260680098915733849e-01 7.602137366856038803e-01 8.003101139275237141e-01 7.958980251142782070e-01 7.816964267777813946e-01 7.782547851286604201e-01 8.046729974576830591e-01 8.154357106740239836e-01 7.893841585667297212e-01 7.555529528864852740e-01 7.807187472907659576e-01 7.939455755255366842e-01 7.526845963654908989e-01 7.975496922080917983e-01 7.784130363804940833e-01 8.013816380647323934e-01 7.296677239051011510e-01 8.034107127351106659e-01 7.875019713741588934e-01 7.200337459503125537e-01 8.011037301611356742e-01 7.974415085943435955e-01 7.961705007770776277e-01 8.130284618023593257e-01 8.160708258669299164e-01 8.093734650796438057e-01 7.618963234709911214e-01 7.891009894323467444e-01 7.584688388210459875e-01 7.910863612854209803e-01 8.107496065168806609e-01 7.893042847696886133e-01 8.036609447292136776e-01 7.912670614067338626e-01 8.005302416261431686e-01 7.988423880194677196e-01 8.070251235225215369e-01 8.016763151892319916e-01 8.036982846938744984e-01 7.886987834337819692e-01 8.012621062453736398e-01 8.118156957066031687e-01 8.008408237470617808e-01 8.151639310265176297e-01 8.131442747275243743e-01 8.165516813751830805e-01 8.131909379792479076e-01 8.136058834571346932e-01 8.172940158103024766e-01 8.028562991730383569e-01 8.140296254873722326e-01 8.189802944825951281e-01 8.184448320621974249e-01 8.176813306540773318e-01 8.202095209716678825e-01 8.200269177445885793e-01 8.215459256995585324e-01 8.212301917085608194e-01 8.216998362880815199e-01 8.157612020093590877e-01 8.186821139861660823e-01 8.046105549740516505e-01 8.139031442800743754e-01 8.146047548811854444e-01 8.133119358637059815e-01 8.167188647673478963e-01 8.113754345734064399e-01 8.098810320324847378e-01 8.137474729129035023e-01 8.145667187891649785e-01 8.169931218150974228e-01 8.165201674057714909e-01 8.169977533538242964e-01 7.916497952104292191e-01 7.994468210979087663e-01 8.048983534018053776e-01 8.090249917734784191e-01 7.980846267371509706e-01 8.033305575279684474e-01 8.083279463918248142e-01 8.085150275403146791e-01 8.039517862954292937e-01 7.967254617497893099e-01 8.147386699984379144e-01 8.177597102344115187e-01 8.143387090343776613e-01 8.150209632035367857e-01 8.131265710074652153e-01 8.142909406779194059e-01 8.095751226701405345e-01 8.096987715093709737e-01 8.125012267939530908e-01 8.094521070127976836e-01
-1.100234182878675592e-03 1.723830307125966965e-01 3.882160716755652663e-01 6.041179190669776489e-01 4.503800785761907233e-01 5.327852901743711511e-01 7.894610880703084588e-01 7.413141241165457362e-01 8.111358777900201655e-01 7.425651597508715618e-01 1.000000000000000000e+00 8.769048779873973576e-01 7.749257492664902713e-01 7.498045310242303918e-01 8.782846263025381184e-01 8.547311939689432592e-01 8.302809360224325808e-01 8.125977489611480031e-01 8.312148795213835095e-01 7.167284936972611042e-01 7.946660861865144643e-01 8.479344244389040997e-01 8.185905153597519135e-01 7.861803944705201275e-01 8.265027282550886367e-01 8.730903738665749536e-01 8.658489483242258755e-01 8.702771451405955094e-01 8.402268606187770494e-01 8.734212044410519793e-01 8.994880935886530038e-01 8.757384772396626937e-01 8.441455893314890879e-01 8.596662486099830858e-01 8.638078436932542514e-01 8.380156790254025267e-01 8.763395068414147060e-01 8.738238410429303160e-01 8.878239978492891149e-01 8.408659763843467916e-01 8.898621813677156656e-01 8.870443954865390168e-01 8.345773584312399240e-01 8.939820900436945550e-01 8.884242369067969491e-01 8.853171607846450630e-01 8.956018962655707405e-01 8.972394152523220923e-01 8.959230717142733225e-01 8.634140247203981877e-01 8.928341842280568263e-01 8.660366939925202567e-01 8.881298255310186018e-01 8.888604150759427114e-01 8.886921778036357411e-01 8.908195389258997121e-01 8.919244851320025091e-01 8.909386713778031375e-01 8.924223664338306605e-01 8.867273270039772726e-01 8.967465586347121986e-01 8.879910279371162618e-01 8.914457417020212882e-01 8.932566684670498747e-01 8.833182185917600737e-01 8.892855760052688074e-01 8.937334452475975688e-01 8.958102784073171954e-01 8.976044496577536558e-01 8.891913348542556106e-01 8.948687786958656742e-01 8.961990701550134331e-01 8.823690072303327359e-01 8.909278546860290859e-01 8.997937252877639125e-01 8.951349624326285781e-01 8.974342891969272484e-01 8.922117006758144564e-01 8.994428871667407011e-01 8.982049918127615884e-01 8.970034571240456112e-01 8.993966220793259136e-01 8.949302152722169446e-01 8.949649044367502526e-01 8.970258721077912778e-01 8.972420936762790511e-01 8.953581365282500260e-01 8.995421184376356516e-01 8.972472646413233166e-01 8.981705491991646140e-01 8.984091529884320471e-01 8.986153684842906886e-01 8.981424687810902752e-01 8.990839708220619286e-01 8.966519421024415903e-01 8.957222986148662969e-01 8.945404892075259351e-01 8.881440825500124259e-01 8.964356844815115632e-01 9.008393559907765802e-01 8.919824859354504865e-01 8.954740341496500999e-01 8.940920471695797955e-01 8.957020738820835604e-01 8.946510936554550319e-01 8.822469808587557472e-01 8.964967145062264775e-01 8.954903613948117513e-01 8.995990462686360711e-01 8.943061348046552617e-01 8.975970692858600275e-01 8.901645212451283484e-01 8.900895783180560183e-01 8.925473849311196251e-01 8.894109705022327228e-01 8.892002688180548065e-01
-9.375423411754041370e-03 1.721103482365943238e-01 4.037031081276736821e-01 6.289545985001833150e-01 4.945349764987157504e-01 5.759798570054346367e-01 8.277329570154677851e-01 7.809486450893048382e-01 8.427555736618348448e-01 7.777681931086661837e-01 8.769048779873973576e-01 1.000000000000000000e+00 8.265265228457456814e-01 7.818679102698604666e-01 9.277846076823773602e-01 9.098243001171840705e-01 8.695848427651656776e-01 8.460147798882479142e-01 8.708793341208910244e-01 7.571589543951784407e-01 8.245342862259030792e-01 8.913171708660735382e-01 8.606091447409631723e-01 8.216158340849790687e-01 8.616043073906821670e-01 9.058102504971896618e-01 9.056829646458328664e-01 9.011149542275791458e-01 8.607957824946250724e-01 9.079542077912742259e-01 9.332212001303641369e-01 9.103512689920658651e-01 8.784081511786149266e-01 8.956006370124878213e-01 9.019083723561313048e-01 8.817830930562423619e-01 9.176614349579038654e-01 9.081995654531394013e-01 9.327152181957171218e-01 8.766195641231323554e-01 9.362049210955817324e-01 9.310020538306381654e-01 8.873178450304007869e-01 9.409391436879609438e-01 9.277522709146229785e-01 9.276480331203856844e-01 9.420873803475875441e-01 9.456126089825096503e-01 9.328654319558488117e-01 8.885575255642220727e-01 9.305251302752176601e-01 9.180648975787455424e-01 9.349975219433762641e-01 9.381084500175684848e-01 9.303297964105228246e-01 9.317669784896130958e-01 9.341566818402405881e-01 9.404010287158723891e-01 9.349437779671460058e-01 9.387357340082587154e-01 9.387221151806194319e-01 9.381234454191942351e-01 9.363461280319426150e-01 9.362052685433618349e-01 9.340415811515034861e-01 9.369719348578851026e-01 9.430719658603001765e-01 9.426684807710592473e-01 9.426853412103712859e-01 9.376970677097730134e-01 9.422802465244344283e-01 9.440159992012397971e-01 9.296663575142589675e-01 9.358457820121098836e-01 9.447622055277835607e-01 9.406443526694714397e-01 9.412225036920878196e-01 9.319991644854143109e-01 9.403243596235382196e-01 9.414925282661332773e-01 9.418850033953680700e-01 9.450361499897526052e-01 9.420276850288590298e-01 9.414876395010165488e-01 9.387830692835358315e-01 9.428131701395434661e-01 9.431889113381157763e-01 9.438067220221766362e-01 9.454061373389078815e-01 9.456606173928308046e-01 9.423750678868945130e-01 9.466061126528041436e-01 9.455664345188712350e-01 9.455326293881947120e-01 9.444757153659060211e-01 9.457131560242074686e-01 9.364205136108824101e-01 9.345103108566032990e-01 9.440196864649761377e-01 9.442603377797359476e-01 9.438705122815194137e-01 9.428582456612836227e-01 9.443533514824219433e-01 9.468607352203715077e-01 9.456316766628966031e-01 9.331697562737679696e-01 9.416799424868721458e-01 9.449153390124956919e-01 9.456875073696775491e-01 9.445485617853548455e-01 9.453076332079080046e-01 9.428474925630040415e-01 9.416166467269095897e-01 9.426380677705279432e-01 9.402385645886744969e-01 9.417265283134079734e-01
2.147593548393182152e-03 1.685463705672399504e-01 3.626664401439213536e-01 5.622066552896985980e-01 4.832464306377970975e-01 5.228767532754464709e-01 7.437420755867900635e-01 7.054143809595608827e-01 7.781975058946698498e-01 7.084240800059906640e-01 7.749257492664902713e-01 8.265265228457456814e-01 1.000000000000000000e+00 7.143561923429977423e-01 8.458368355454555232e-01 8.393627461875380336e-01 7.976972773080464041e-01 7.789487277283377864e-01 7.966402302894155518e-01 6.920602176873124067e-01 7.527503249929036189e-01 8.099950353728089247e-01 7.786300218992279198e-01 7.446872659378187542e-01 7.857642341850173962e-01 8.192108682536988207e-01 8.268570009294942125e-01 8.073402391546989909e-01 7.901995687514888900e-01 8.310087361847574572e-01 8.471754101637356538e-01 8.137656079470344528e-01 7.743713895776406231e-01 8.005408151210614554e-01 8.195760705686622183e-01 7.900809605388677825e-01 8.358936553269058489e-01 8.075127736249008148e-01 8.399022107520975888e-01 7.673672698264217829e-01 8.476343752027333256e-01 8.384052067905531924e-01 8.011257255073181982e-01 8.559476225777539193e-01 8.367061419275192424e-01 8.389845749958911858e-01 8.553899063693385374e-01 8.636305859905288873e-01 8.472875496676192109e-01 7.897641068874290404e-01 8.344018556459303904e-01 8.255499166286351942e-01 8.498015193217334229e-01 8.604021472809553206e-01 8.441491664541815876e-01 8.422260401764353199e-01 8.444095268496537576e-01 8.586080784390234255e-01 8.458314509435385098e-01 8.661705015549068243e-01 8.524646894818485032e-01 8.598441221459538486e-01 8.490416999876930770e-01 8.500425675223864941e-01 8.565766413519720901e-01 8.576841424796927127e-01 8.617796540531937888e-01 8.598197654367500942e-01 8.584216845808877450e-01 8.553376321601042775e-01 8.613824995578024390e-01 8.606703538933951902e-01 8.428923929468918885e-01 8.542120705696820693e-01 8.646798046984762731e-01 8.597306641325077603e-01 8.580207017492915700e-01 8.547126844955598157e-01 8.617867409905651810e-01 8.620012313608840238e-01 8.593739275153803314e-01 8.625878181696313707e-01 8.586337436950141067e-01 8.585540731065725018e-01 8.475676387617864238e-01 8.560158959857584460e-01 8.594948473665684485e-01 8.564377514437006012e-01 8.597196061179249726e-01 8.608409100541792869e-01 8.516654393583132920e-01 8.615739921202791862e-01 8.592665315985433816e-01 8.624603553138865397e-01 8.635118218091779596e-01 8.643800442648477134e-01 8.433240357593786429e-01 8.541253042358392111e-01 8.604095365020322239e-01 8.552094083474078845e-01 8.611989039410296032e-01 8.586199921071999697e-01 8.616579671884386782e-01 8.647957397565784188e-01 8.629826903462273213e-01 8.571252119910263145e-01 8.604760808724389864e-01 8.644266859398713754e-01 8.622788305907778117e-01 8.641764601739786444e-01 8.605157299592011144e-01 8.664125694439297476e-01 8.652877116169149785e-01 8.649734437840701506e-01 8.654223527127586912e-01 8.653138021677576619e-01
