1.000000000000000000e+00 2.229793862783438496e-01 1.674012801475674161e-01 -2.358924674927890115e-05 4.299352764435875746e-02 -4.776796886564467493e-02 -9.879518887704429985e-05 1.604519061978187597e-02 2.433341820409143930e-01 8.877591731635924022e-02 4.642218325002625545e-02 -1.198186135694440449e-02 -2.679330796271625625e-03 -2.486556330360701825e-02 -4.411093736324153171e-03 2.345035130663366933e-03 1.605670948388445984e-01 3.384394523147043476e-01 2.757805253342036633e-01 1.036075160414765967e-01 2.758978659982060377e-01 2.328180356154250508e-01 2.957092823383090097e-01 3.113500056073687516e-01 2.794084339136578277e-01 2.065132616079291827e-01 1.767153064707495391e-01 1.776299702355624011e-01 2.423897631133584973e-01 2.028226691486223199e-01 1.297732830258279402e-01 1.873980661511474577e-01 1.909444940346283481e-01 1.950661947327516910e-01 1.871051805508027188e-01 1.084456764701285936e-01 1.338574915562941725e-01 9.128429684619869533e-02 1.022423176756405844e-01 4.555401043174359121e-02 5.331945661232864730e-02 5.134868477902409384e-02 4.438832730638454793e-02 5.937774668629174080e-02 5.977292447749559673e-02 5.614510821723570771e-02 2.340183500813500933e-02 4.338432568350336638e-02 4.137714703784693693e-02 6.395135155173201080e-02 5.901559749333272487e-02 -6.802608182294759068e-03 6.021968325752987024e-03 9.095651166840269808e-02 1.001000311728838243e-01 1.227500666337714846e-01 6.085195039301478231e-02 2.982417507330253556e-02 4.179932094161806222e-02 5.121187114750940655e-02 2.721600634216252493e-02 3.271430999275227319e-02 2.899288280124886694e-02 2.058320133668258348e-02 9.209176205303030993e-02 6.278482267346068013e-02 5.558415807887966825e-02 1.087819738710327500e-01 1.163038632851510351e-01 7.865010016147011562e-02 1.029412991762447410e-01 1.004362948933295169e-01 1.358122671899240075e-01 1.285982182973623433e-01 7.085635722645554357e-02 8.193550150047040903e-02 6.654489550759226657e-02 1.192517443417956818e-01 6.693445267440574498e-02 8.126989239805740284e-02 7.794570630144205536e-02 6.448171797148159745e-02 8.233879814199990266e-02 8.303186804392688469e-02 4.722677948189291791e-02 8.436624017741535531e-02 5.748521683979689739e-02 3.792471650242919962e-02 4.416653210176729044e-02 6.640406691976963316e-02 2.703891327602199121e-02 2.327103906400123171e-02 3.084897318753363274e-02 3.094505249201714298e-02 9.582015491174437211e-03 2.043480382803534653e-02 -2.917039925092296607e-02 1.814962757723686052e-02 5.598017013889756152e-04 1.075256435669016963e-02 6.976964066114955086e-03 -1.702804066549435703e-03 -1.567691999275980068e-03 5.011979994782151358e-03 2.347841073884899404e-02 1.956078454296538566e-02 1.969749803052153747e-02 3.778000453801235586e-02 5.272553798397334318e-02 2.238128526452860118e-02 7.554633263230437282e-03 2.758641581441639845e-02 8.723374375638357978e-03 1.975161174036928896e-02 4.236914320913619941e-02 3.412151620275933467e-02
2.229793862783438496e-01 1.000000000000000000e+00 1.172329242307218883e-01 -3.718920915886944970e-03 5.736510268890099989e-02 2.283543444416744062e-02 1.006310190239670249e-01 9.285811011732178488e-02 2.346711787793331616e-01 2.280119906386708917e-01 1.424039175216171849e-01 9.892744334598480016e-02 1.245568553661051681e-01 9.470170586215359565e-02 1.357515272188357658e-01 1.457863968697294954e-01 1.782417697773290288e-01 2.267286431256654577e-01 2.168266837311952633e-01 4.360944609479362744e-02 1.811585714725875429e-01 1.808911557633862965e-01 2.348601933221844129e-01 2.170900428273608573e-01 2.196684120931796380e-01 2.198161885148029182e-01 1.929987661730059867e-01 1.975874272522041286e-01 2.501685357158919265e-01 2.442166921379183842e-01 1.869858575325621108e-01 2.056992179376511409e-01 2.155321049334287531e-01 2.060698635088614172e-01 2.167510626867213963e-01 1.583627205099966684e-01 1.762798650416931290e-01 1.964382739412554313e-01 1.805695932935631742e-01 1.269832198951503510e-01 1.636905638277559860e-01 1.547808733152947480e-01 1.275712038185497499e-01 1.558742156827179481e-01 1.483359116003241385e-01 1.553325584764769229e-01 1.556235875929566081e-01 1.665080497294257889e-01 1.676620782515819696e-01 1.592816490482680536e-01 1.723975345238660806e-01 9.517912217681755160e-02 1.228274362306901318e-01 1.925107577804730241e-01 2.025902955213969847e-01 1.975794855705587938e-01 1.712200395441632050e-01 1.647575433056983618e-01 1.762158075160663306e-01 1.696347756107040583e-01 1.613697994042332107e-01 1.705291327860885831e-01 1.610802997374879975e-01 1.539086556965627295e-01 1.681172225846805923e-01 1.764991583502770189e-01 1.625767715703836658e-01 1.860161464466924819e-01 1.878194896233790767e-01 1.558895722397675987e-01 1.734620526327909362e-01 1.799605072029961950e-01 1.876330331175714017e-01 1.927747181276740773e-01 1.737959275627972977e-01 1.727248905989730299e-01 1.708456160654701628e-01 2.014705321800493720e-01 1.748420473357934213e-01 1.957665634221250062e-01 1.820562559563275729e-01 1.751913581110351448e-01 1.749462378763068648e-01 1.945998185959122995e-01 1.499035290788428842e-01 1.766437411012842518e-01 1.616625496490413094e-01 1.618981188154088868e-01 1.618067384231745565e-01 1.742600919498156764e-01 1.397196974400907732e-01 1.474571007188988370e-01 1.483660917109039801e-01 1.513205148427179680e-01 1.469158144487570095e-01 1.533941545165605214e-01 1.029784183372873252e-01 1.375164737004559712e-01 1.328757653897914559e-01 1.372036997951925630e-01 1.318573608317332724e-01 1.388506077158641883e-01 1.322381514889398313e-01 1.379053658615032318e-01 1.400832432481535772e-01 1.513892621297829866e-01 1.504189602092201039e-01 1.630906507350853019e-01 1.723949708095932620e-01 1.535029592009005128e-01 1.468436946962746181e-01 1.561731236949323309e-01 1.500748246449522538e-01 1.530190231248390598e-01 1.552905272014911409e-01 1.572728626795223406e-01
1.674012801475674161e-01 1.172329242307218883e-01 1.000000000000000000e+00 3.356016302689005526e-01 2.267725266146298768e-01 2.135038378767621925e-01 3.087428164815895770e-01 3.515512963250075895e-01 4.162224721772332936e-01 3.311297001019239961e-01 3.931764710599009449e-01 3.817592635816135505e-01 3.355645169885538293e-01 3.148085982553680551e-01 3.545739792968645721e-01 3.676637141341153048e-01 4.129107743453697688e-01 4.059366736341864512e-01 4.327455182258861943e-01 3.494933681495765443e-01 4.357789753492772311e-01 4.482269359903099382e-01 4.186427609192963639e-01 4.077579762680718090e-01 4.193362211060428502e-01 4.437152738918340722e-01 4.585624658870245396e-01 4.282188582801794707e-01 4.087765529160768407e-01 4.192367686887126244e-01 4.150035488251211935e-01 4.282252982306364864e-01 4.049303489783946941e-01 4.103984977325154659e-01 4.076733394796469567e-01 4.151310853213498464e-01 4.203204099300538177e-01 3.862172106889827927e-01 4.031799624565582385e-01 3.993447154214192496e-01 4.023446203606126925e-01 3.942612029098603865e-01 3.954477047361191766e-01 4.101670801077803574e-01 4.084603098927107045e-01 3.872742209336762498e-01 3.819013968456528296e-01 3.833200841526236413e-01 3.901869807384561462e-01 3.947365088925588461e-01 3.941228992986888224e-01 3.969694887925762639e-01 3.941355522000615230e-01 3.929320482503396716e-01 3.923656944770804733e-01 4.089106582560978476e-01 3.913864296003716770e-01 3.752441323668729289e-01 3.762409126704061579e-01 3.946776282524594448e-01 3.871427600451697315e-01 3.740564860470618203e-01 3.815891201476769301e-01 3.746528559133108782e-01 4.086169337528759438e-01 4.011981259722290916e-01 3.924097142738346422e-01 4.149628279711304879e-01 4.084191057820737991e-01 4.090267658622776525e-01 4.335796076118412778e-01 4.222301028094316844e-01 4.142348504842855994e-01 4.231707003485953855e-01 4.115412690925845385e-01 4.170468954776262449e-01 3.993482188793012200e-01 4.068311352640640588e-01 3.937137997762128472e-01 3.938907100007220663e-01 3.983073431700267508e-01 4.008090289127154704e-01 4.040208784027278788e-01 3.941509042686046627e-01 3.916094098305617499e-01 3.926367556058704689e-01 3.975592320248416134e-01 3.844731026487708259e-01 3.824184640614708974e-01 3.992238160259341528e-01 3.900291996341713752e-01 3.877035766126322169e-01 3.926988095190430683e-01 3.854873343207709246e-01 3.737127693638020998e-01 3.777632408473758918e-01 3.644856638647830938e-01 3.803479000946301536e-01 3.814826859700403139e-01 3.793966594237992429e-01 3.816927974149995073e-01 3.743805601470239774e-01 3.859461007673451460e-01 3.807768721228466657e-01 3.912149702434560838e-01 3.793825609737074833e-01 3.782751748527641289e-01 3.809362817648141442e-01 3.892660103504028135e-01 3.802002457990649176e-01 3.740090459026202963e-01 3.825740728879010177e-01 3.723379274158770680e-01 3.772621739680865338e-01 3.889802075272633108e-01 3.865209921536615911e-01
-2.358924674927890115e-05 -3.718920915886944970e-03 3.356016302689005526e-01 1.000000000000000000e+00 3.879190858491393668e-01 3.951335534918473114e-01 5.850972993940658506e-01 5.937327300216779236e-01 4.309400013147832720e-01 3.770318651458289261e-01 5.615432784002101219e-01 6.742307590224347891e-01 5.132960707979628001e-01 5.071841267315080337e-01 5.800986296852511659e-01 5.809983222543328996e-01 4.702243760844271869e-01 3.101493688711525198e-01 3.529501759695660157e-01 6.044392491160351932e-01 4.152477098990297044e-01 4.055079452401936790e-01 4.018307801310949112e-01 4.067939738854748355e-01 3.664660128012632856e-01 4.030177318681803511e-01 4.828331047807842280e-01 4.339891373061091628e-01 3.615700937127775960e-01 4.109345923179104076e-01 4.833200654398982499e-01 5.224972344583849182e-01 3.876584568529914954e-01 4.586946397600630831e-01 4.145109396648003486e-01 5.383339876223349751e-01 5.187385957153737293e-01 4.796534379241234047e-01 5.086399126358422951e-01 5.482668274339688175e-01 5.461824948688448478e-01 5.300604573394467334e-01 5.778650955568960246e-01 5.522625630162243393e-01 5.673221288209536750e-01 5.212738657177297119e-01 5.482433090682198307e-01 5.355654440248373005e-01 5.423574003681400635e-01 5.297891825744527328e-01 5.343060455437798062e-01 6.298091287612826994e-01 5.916507525766639963e-01 4.873637879376905846e-01 4.604521391960710863e-01 4.752048647567611583e-01 5.355810280443547011e-01 5.195854998146740567e-01 5.086122701325237472e-01 5.463687026164516514e-01 5.522370351976710889e-01 5.229159139425502145e-01 5.419717398609982251e-01 5.479732440022797579e-01 5.320385348607205023e-01 5.406668534211827026e-01 5.413173517713292249e-01 5.147931745463988351e-01 5.363391232505844153e-01 6.090649389288123050e-01 5.447292209207033054e-01 5.187534365292881811e-01 5.425151622605570711e-01 5.237068204107362401e-01 5.354124126107449033e-01 5.394264676139610692e-01 5.214187965743517506e-01 4.844125205771827036e-01 5.283901586963964947e-01 5.069144964822618338e-01 5.235200151284552517e-01 5.324533610372926828e-01 5.439798022614837913e-01 4.929432554180183113e-01 5.655652474672673291e-01 5.304181959011047276e-01 5.434640511742869773e-01 5.447295762174240163e-01 5.366297950181164733e-01 5.178863120911069151e-01 5.712545529485805185e-01 5.619079466559764313e-01 5.706203003593296463e-01 5.497831267744477390e-01 5.524609906276869431e-01 5.492732478020099229e-01 5.986713056072813233e-01 5.711152580250012933e-01 5.879975765953894262e-01 5.725627437220487392e-01 5.809480991777390413e-01 5.656825939762879507e-01 5.859414083345222402e-01 5.663473704858070779e-01 5.740634048598676209e-01 5.567029826951214178e-01 5.564947295683638773e-01 5.253785222062660187e-01 5.205016667113112616e-01 5.528462826199797009e-01 5.464848020987159716e-01 5.526192909448331969e-01 5.506988522468676539e-01 5.551196263929418784e-01 5.431603238504060238e-01 5.491833109341160979e-01
4.299352764435875746e-02 5.736510268890099989e-02 2.267725266146298768e-01 3.879190858491393668e-01 1.000000000000000000e+00 3.369160788971373721e-01 4.866630652032890580e-01 5.018500777528780432e-01 4.046810438684779743e-01 3.840893414323489630e-01 4.576875413583794683e-01 4.858334598986525643e-01 4.500270398491544310e-01 4.451766401000447071e-01 4.986964546434028422e-01 4.997337993589764937e-01 4.105557290441511076e-01 3.041293417704480917e-01 3.357231622648857439e-01 3.440863610100854397e-01 3.159849095151914811e-01 3.378452890640742390e-01 3.549648436390621109e-01 3.488152928782725648e-01 3.419397159934554065e-01 4.175497998787141563e-01 4.273607162570948192e-01 4.186818288638329277e-01 3.872681746661513769e-01 4.088799746246566391e-01 4.525704758993703836e-01 4.369767986336149379e-01 3.784194040635738832e-01 4.136654457400751883e-01 4.051371964399150816e-01 4.525208746069868115e-01 4.524927961730375037e-01 4.591339065075021875e-01 4.575821924116237893e-01 4.560158542111621416e-01 4.765977626817907153e-01 4.750549741028060047e-01 4.951674746493438528e-01 4.803096230590892524e-01 4.769159712201618273e-01 4.768624222262863310e-01 4.845716425596007793e-01 4.827611362925111615e-01 4.780213424445587389e-01 4.655259114476252846e-01 4.763107636643704734e-01 4.781016890705945266e-01 4.949064460841518520e-01 4.640453520925784670e-01 4.537433949289733093e-01 4.619178467326265358e-01 4.572717847614333198e-01 4.787858789753431932e-01 4.671430987995339734e-01 4.805573846782112968e-01 4.854316681027278091e-01 4.672864892383621349e-01 4.728332255067791423e-01 4.699556930368405938e-01 4.619727160246723807e-01 4.695149043564953995e-01 4.822028714977800168e-01 4.665885122632388859e-01 4.748963074284657804e-01 4.880740650368360356e-01 4.626129924332879617e-01 4.675430337307109330e-01 4.662737534597099498e-01 4.612419484072079467e-01 4.863638029668940765e-01 4.792527745338834300e-01 4.772997396410733062e-01 4.603847186275059622e-01 4.734190906577636637e-01 4.719126788465548561e-01 4.735338172082605990e-01 4.838646787268738314e-01 4.799299890832817717e-01 4.611796524121298257e-01 4.832151311088726531e-01 4.724493167813608729e-01 4.798198521049004128e-01 4.888979097441583099e-01 4.828989716300172153e-01 4.827678041073823478e-01 4.842752864283701442e-01 4.936964085110650546e-01 4.921066192126224981e-01 4.861305879325757417e-01 4.903291678967942602e-01 4.894951727205926750e-01 5.039075279382819739e-01 4.954904915703663981e-01 5.054677049960460966e-01 4.945730044127496505e-01 5.034776035167924935e-01 4.952510519332943284e-01 4.969394105674895257e-01 4.979592731465307676e-01 4.939352031516006103e-01 4.830139743217040649e-01 4.911933318561507722e-01 4.849863367200843989e-01 4.845850361464180689e-01 4.901858670360370041e-01 4.884081338718899157e-01 4.900543404126879166e-01 4.859202046034011291e-01 4.882813295979900881e-01 4.833654480939229559e-01 4.829444094493982598e-01
-4.776796886564467493e-02 2.283543444416744062e-02 2.135038378767621925e-01 3.951335534918473114e-01 3.369160788971373721e-01 1.000000000000000000e+00 5.449115570809851539e-01 5.295391929910545636e-01 4.723462945741370711e-01 4.692763526292216825e-01 5.306466393065912834e-01 5.780640831660222023e-01 5.448377008637691477e-01 5.549609651370448482e-01 6.005735801483308434e-01 5.780632866912130963e-01 5.106852786555396984e-01 3.070156098184544935e-01 3.910039081233472325e-01 3.477761856130728302e-01 3.392613556181623968e-01 4.371630728444665381e-01 3.946779632164418294e-01 3.610631026306115321e-01 3.842271550803732505e-01 5.104855836701212013e-01 5.180847733278953759e-01 5.239748668649960583e-01 4.536640436371358054e-01 4.843895034872436334e-01 5.631923540834281594e-01 5.127352743332682650e-01 4.864956320834739056e-01 4.989376963477059057e-01 4.900063366725776470e-01 5.454360534324184107e-01 5.505724912445273400e-01 5.660039862146923895e-01 5.709353743466122344e-01 5.827938978117419566e-01 5.995317181873968115e-01 5.968115765645770621e-01 5.959862368004762434e-01 5.974584319711939706e-01 5.940746359831998724e-01 5.992090023611210681e-01 5.976981521022560750e-01 5.967276582200202739e-01 5.938580173383958272e-01 5.783158123822379482e-01 5.934482183216270856e-01 5.764116590986935185e-01 6.023019569301218956e-01 5.686985167060384372e-01 5.515693359603688339e-01 5.619665736756366270e-01 5.681734430457522356e-01 5.943596013731041738e-01 5.800455212332431554e-01 5.894158079090296987e-01 5.985603487050185079e-01 5.790503872427233967e-01 5.810456635073090181e-01 5.886221555264832261e-01 5.785547543985355423e-01 5.767605993550136700e-01 5.954669231378783012e-01 5.674900512609439840e-01 5.709381493504922522e-01 5.679414173879591132e-01 5.673368678642184415e-01 5.766719427726969549e-01 5.467840305721584082e-01 5.567584208828101344e-01 5.955949237639676097e-01 5.889650008181134266e-01 5.944819629777837733e-01 5.590080512029493853e-01 5.947982199145541715e-01 5.725949981809032030e-01 5.811941442470681674e-01 5.956781540885512927e-01 5.900144980124792937e-01 5.748834181992092951e-01 5.979756656867376563e-01 5.764600106570427762e-01 5.959879122207133451e-01 6.051637281814103986e-01 6.010306475075396504e-01 5.913267795500369850e-01 6.120187808508686933e-01 6.108042855465634080e-01 6.091022418486955470e-01 6.056574576535699306e-01 6.048137735860759090e-01 6.057970141401822772e-01 6.143185767693150057e-01 5.985360109111402815e-01 6.126674484388450193e-01 6.116023841328572797e-01 6.145107915006772226e-01 6.091699333961947405e-01 6.095400577611040926e-01 6.130407356792154649e-01 6.043892790324919551e-01 5.945234245967928599e-01 6.027440122852710802e-01 5.980154338143075510e-01 5.946705336279940468e-01 6.026572059306519735e-01 6.036157763545024757e-01 6.020899763389085946e-01 6.022527811958632293e-01 6.061346884955306491e-01 5.940016177591059821e-01 5.955719905387704127e-01
-9.879518887704429985e-05 1.006310190239670249e-01 3.087428164815895770e-01 5.850972993940658506e-01 4.866630652032890580e-01 5.449115570809851539e-01 1.000000000000000000e+00 7.655087394524366928e-01 6.704615194729225403e-01 6.401450901071917832e-01 7.489007270588432519e-01 8.066373283858103704e-01 7.392345306148118134e-01 7.419216458257689162e-01 8.562311593720340896e-01 8.141589528441899315e-01 6.873458584332666765e-01 4.662341699352485214e-01 5.374079245305696251e-01 5.777727875800051649e-01 4.889611567308382312e-01 5.453057524617261898e-01 5.803288337621815840e-01 5.591033823482122189e-01 5.412383152267259412e-01 6.475469769850179524e-01 6.631978752393281606e-01 6.760574093750277846e-01 5.980050965568917132e-01 6.579451997233518590e-01 7.375587146098973035e-01 7.301606591791359735e-01 6.478449682042763946e-01 7.019791959821909400e-01 6.700668502856245157e-01 7.532225998316891546e-01 7.499616291032670246e-01 7.631854800312488640e-01 7.763631870268045132e-01 7.779548444401874763e-01 7.895055322902163608e-01 7.935033877322809071e-01 8.116145778136739652e-01 7.968682484510682951e-01 7.917036736148911347e-01 7.893762978832526978e-01 8.063342758771498975e-01 8.009239073976567314e-01 7.950033334775662430e-01 7.751163860200961375e-01 7.950692557476928268e-01 7.820637495839085629e-01 8.085947646458873095e-01 7.667692222722768403e-01 7.395571484387875039e-01 7.502988848830788315e-01 7.646288028431890149e-01 7.860212840731863881e-01 7.712305620493143943e-01 7.982086997010028329e-01 8.018347479993044313e-01 7.868445274345988727e-01 7.855066030246332653e-01 7.939853697232449603e-01 7.723893684256527559e-01 7.812737019568080088e-01 7.989606938971426375e-01 7.704241376942196906e-01 7.851027129171105345e-01 8.070804628151934113e-01 7.603104386486330135e-01 7.640431203431623519e-01 7.741315384303421032e-01 7.616274641948657109e-01 7.891765262179074591e-01 7.806066708713538249e-01 7.869576931576413026e-01 7.438878252480551900e-01 7.921789911905054993e-01 7.714909966350654846e-01 7.866983983169154593e-01 7.945095845913617838e-01 7.973709277652866190e-01 7.677684262752395572e-01 8.116682007876973026e-01 7.911614650428663298e-01 7.991106324805290484e-01 8.086997486792407708e-01 8.056272004220663696e-01 7.852130086851151214e-01 8.157880850341145962e-01 8.174583196437109622e-01 8.146261611309769668e-01 8.110128879829754389e-01 8.116119483521803124e-01 8.104657556528811480e-01 8.183996442939618365e-01 7.991447716682658076e-01 8.216169078216849497e-01 8.185081689435810270e-01 8.265369763019571048e-01 8.089737090457893576e-01 8.190558749528170646e-01 8.166496613511520231e-01 8.112451834060021572e-01 7.919672616058891501e-01 8.073546114914781358e-01 7.979294243373183937e-01 7.907396835475565267e-01 8.088145202903556097e-01 8.024713516186037232e-01 8.077455733814656869e-01 8.072251130713932188e-01 8.092920700744145046e-01 7.986755692265639084e-01 7.995519660741178258e-01
1.604519061978187597e-02 9.285811011732178488e-02 3.515512963250075895e-01 5.937327300216779236e-01 5.018500777528780432e-01 5.295391929910545636e-01 7.655087394524366928e-01 1.000000000000000000e+00 6.801764323880508112e-01 6.454422510910893251e-01 7.472836894233727545e-01 8.091840092962647724e-01 7.374817732227135769e-01 7.253364058752670429e-01 8.169206668599746646e-01 8.199284193568835422e-01 6.941478727777796731e-01 4.792202946252156481e-01 5.583340645057275342e-01 5.764319594181678275e-01 5.192649044082066068e-01 5.687378284712002463e-01 5.614066055222330931e-01 5.467199149586310369e-01 5.445911181505520560e-01 6.605434733609928388e-01 6.783959290496973660e-01 6.724355152610040909e-01 6.037108446578046683e-01 6.698648155902288126e-01 7.287878209546357899e-01 7.179539552973701610e-01 6.434109339389626481e-01 6.891985692975165501e-01 6.783372191220735647e-01 7.567047399782527162e-01 7.363711920983684323e-01 7.546243965932492026e-01 7.663270766559296954e-01 7.573529844582398418e-01 7.901844708534865314e-01 7.861976347977679414e-01 8.075882808925969325e-01 7.952645901221826463e-01 7.812785021606175606e-01 7.749666531324211904e-01 8.007046340118487704e-01 7.973125788872817976e-01 8.005067734085492548e-01 7.754453158787671940e-01 7.930230266731205235e-01 7.745153013681360665e-01 8.053476195600209886e-01 7.665052742019423659e-01 7.444841822240225726e-01 7.482510920675359278e-01 7.783015369368648795e-01 7.860804667563265902e-01 7.820643017112700601e-01 8.015752047491113697e-01 8.086805451302534475e-01 7.899992868020716541e-01 7.948247089076826422e-01 7.985986849213242422e-01 7.758783701681721823e-01 7.858331410284965513e-01 7.947264981680975948e-01 7.713574723406912970e-01 7.753867664699359841e-01 8.022969395766811340e-01 7.674032865933417824e-01 7.679090745272306728e-01 7.589024194519465860e-01 7.573881751667508322e-01 7.897380611176328946e-01 7.816275550725130250e-01 7.812173333325372893e-01 7.465432616717294634e-01 7.776477406945316861e-01 7.751930574573617783e-01 7.812762850346542942e-01 7.899295946936027990e-01 7.906026153188780992e-01 7.666363637382104246e-01 7.959764738182426580e-01 7.782962645060906848e-01 7.913675937176132269e-01 8.010177089062283651e-01 7.955852132322221992e-01 7.831289884423313641e-01 7.973763838411435101e-01 8.084436524250822043e-01 8.047070115384649114e-01 7.991147996576535295e-01 8.061728656768937240e-01 8.049564169546512549e-01 8.157669675565634160e-01 8.018407813539861761e-01 8.222402195483214937e-01 8.129445404065038794e-01 8.207312082256810193e-01 8.110142492982101992e-01 8.137586824096046945e-01 8.132750033150689672e-01 8.077218660810318029e-01 8.004084216355600301e-01 8.079728364289039400e-01 7.929835411617103258e-01 7.907193803598980830e-01 8.078535800719059967e-01 8.042818840721589480e-01 8.071067490254345556e-01 8.067666242107583985e-01 8.077512172419893943e-01 7.949635310828246926e-01 7.987184103885995867e-01
2.433341820409143930e-01 2.346711787793331616e-01 4.162224721772332936e-01 4.309400013147832720e-01 4.046810438684779743e-01 4.723462945741370711e-01 6.704615194729225403e-01 6.801764323880508112e-01 1.000000000000000000e+00 7.470063634871769720e-01 7.819739590003660368e-01 7.598088892292279573e-01 7.289709986467549641e-01 7.376450489731861682e-01 7.956828450424386912e-01 8.017600509172241319e-01 8.361376983830998144e-01 7.186703557821607635e-01 7.873042761960056257e-01 5.133753361405750670e-01 6.934751921572818167e-01 7.754854173203274970e-01 7.677318117011162624e-01 7.497142754567446277e-01 7.635769451915433992e-01 8.507245666683814767e-01 8.335606172125782365e-01 8.456140928094268983e-01 8.270315372208676408e-01 8.531903492758385887e-01 8.622951990347026419e-01 8.387295871958030391e-01 8.221854725406775311e-01 8.441645120122006629e-01 8.452961047480069823e-01 8.389894372644135512e-01 8.535325451042329314e-01 8.486321976695297975e-01 8.624755964385359963e-01 8.137737757989305099e-01 8.518830416440056341e-01 8.470129273347153376e-01 8.204199571876948927e-01 8.560085362973396395e-01 8.414182079634773270e-01 8.498486382271327466e-01 8.477070714016107233e-01 8.572165952003885092e-01 8.552295817318350535e-01 8.385495818484148822e-01 8.587493024066295000e-01 7.697682345569224482e-01 8.184167087266780438e-01 8.722087886855545147e-01 8.685517938064848398e-01 8.764634545936677013e-01 8.496309765788832014e-01 8.459035517660057346e-01 8.481288997810030317e-01 8.606405505595072780e-01 8.493281654911442047e-01 8.490236832644421083e-01 8.440633536085154764e-01 8.364014524021928798e-01 8.703553283539514629e-01 8.605700523645020139e-01 8.604062054759301637e-01 8.779831675617644215e-01 8.695104848338626180e-01 8.315105056602897227e-01 8.642812645987578701e-01 8.730198873280596850e-01 8.618966660276313752e-01 8.700226951461050851e-01 8.669041065189668771e-01 8.716732917495430000e-01 8.638250241876447300e-01 8.724328332888027226e-01 8.575330940546829206e-01 8.696309278029885625e-01 8.698237559757722170e-01 8.671336101476369018e-01 8.698180817055367609e-01 8.701105632351284758e-01 8.421303406236874123e-01 8.633163332598100537e-01 8.599061117313463454e-01 8.479690195913783812e-01 8.552558795791155299e-01 8.659660057966083180e-01 8.386760951488627658e-01 8.473371450000082294e-01 8.489769528520245689e-01 8.514161867575404941e-01 8.400346759486483350e-01 8.474777416744669889e-01 7.943488270524871053e-01 8.269790182490560637e-01 8.259301821740026028e-01 8.292622581198780818e-01 8.270841642722442932e-01 8.262858540444969480e-01 8.296335404720334150e-01 8.354217638404116686e-01 8.448157858739948622e-01 8.352850247937478878e-01 8.420514671447270061e-01 8.559737409346912518e-01 8.623021108991653083e-01 8.473633053126826686e-01 8.362555628192306356e-01 8.494834769135317654e-01 8.386330467133856770e-01 8.438015199964936652e-01 8.570200404945692574e-01 8.502954969329298285e-01
8.877591731635924022e-02 2.280119906386708917e-01 3.311297001019239961e-01 3.770318651458289261e-01 3.840893414323489630e-01 4.692763526292216825e-01 6.401450901071917832e-01 6.454422510910893251e-01 7.470063634871769720e-01 1.000000000000000000e+00 7.224869107454263695e-01 7.066801564381504086e-01 6.977762050801470384e-01 6.978010094454077938e-01 7.727801487927203894e-01 7.604539715689830892e-01 7.315817707993079733e-01 5.601665299554023925e-01 6.501227114914744920e-01 4.197710804896541692e-01 5.369938165575713906e-01 6.403345264298891948e-01 6.354602913739332282e-01 6.121122121527740045e-01 6.324237641633210227e-01 7.529494825373611588e-01 7.317503917119677626e-01 7.520477633439027754e-01 7.239264737234794023e-01 7.518402607257387293e-01 7.838111337845952153e-01 7.470495212166515797e-01 7.359996396962247278e-01 7.518594349317068160e-01 7.526301955651679698e-01 7.547279291790724987e-01 7.688604307812454408e-01 7.994597923918209670e-01 7.971809258333242276e-01 7.580046645041427222e-01 7.988310531927025337e-01 7.957827082753154979e-01 7.714776212574454561e-01 7.955945131839314843e-01 7.857298392584738389e-01 7.954557424212143069e-01 7.996980958674605455e-01 8.059838293377139529e-01 8.038864301734972573e-01 7.788160687088327983e-01 8.043042851604270682e-01 7.112043371103788925e-01 7.720412387507195051e-01 8.033787826604003035e-01 7.959995501907550786e-01 8.007742039080734120e-01 7.720779841811492572e-01 7.976068040599204600e-01 7.948404713447791980e-01 8.001891171548354276e-01 7.942199037572290621e-01 7.943281260079418926e-01 7.858831075782620745e-01 7.874036258976186975e-01 7.903687315862073515e-01 7.906161084076553935e-01 8.032461973932066845e-01 8.007767722984290293e-01 7.955207831312315347e-01 7.624308964519763698e-01 7.809995156949960382e-01 7.981963542167633818e-01 7.760548506813320646e-01 7.880941275550643610e-01 8.095041313085272749e-01 8.038222220011048691e-01 8.075371346352385737e-01 8.003113774427800253e-01 8.025986306235809442e-01 8.066442447738956245e-01 8.092039519459007790e-01 8.121219912348169867e-01 8.026490626388462779e-01 8.073500431756167606e-01 7.924422527068637478e-01 8.005811441268935180e-01 8.039652830360979330e-01 8.048778002566145950e-01 8.077066555373261236e-01 8.080481050480730065e-01 7.927665478976775315e-01 8.016535716591034477e-01 8.006388988069023105e-01 8.032642437983156247e-01 8.008749144212566895e-01 8.039966481900198136e-01 7.608996532228847753e-01 7.733218754719863863e-01 7.856628867336782340e-01 7.922681295174828220e-01 7.877104808472464859e-01 7.856547852045066005e-01 7.880700431735381262e-01 7.969025490874622752e-01 7.925726758787824400e-01 7.822744501529026451e-01 7.979419875273975338e-01 8.083362691194125871e-01 8.076509541578044127e-01 8.042331871799612841e-01 7.979988460997222699e-01 8.010039741391784540e-01 7.967981972778405142e-01 7.981196934107994689e-01 8.010819702587842484e-01 7.978935964843654194e-01
4.642218325002625545e-02 1.424039175216171849e-01 3.931764710599009449e-01 5.615432784002101219e-01 4.576875413583794683e-01 5.306466393065912834e-01 7.489007270588432519e-01 7.472836894233727545e-01 7.819739590003660368e-01 7.224869107454263695e-01 1.000000000000000000e+00 8.654867046143278619e-01 7.953716027616498652e-01 8.032535100591140509e-01 8.650718285087175552e-01 8.655311227865658541e-01 8.133984567019880707e-01 6.287299155096572889e-01 7.221620015532624892e-01 5.816188534015617195e-01 6.471979743520257511e-01 7.386054173400092848e-01 7.157650954376688635e-01 6.876958352713291589e-01 7.053184446097201521e-01 8.065186469698795158e-01 8.234747570002339812e-01 8.157209833018999046e-01 7.738039345803512381e-01 8.104118485182546516e-01 8.651345457431074415e-01 8.363597512408038614e-01 7.816925265274516921e-01 8.235628842745248424e-01 8.130580297382943300e-01 8.579896569564642306e-01 8.608190836199114404e-01 8.561415726065659815e-01 8.749112606911936263e-01 8.468511101831215360e-01 8.889660983343443679e-01 8.800142998015227924e-01 8.709085918158432360e-01 8.946966338398028018e-01 8.913037456730394936e-01 8.796323493014187589e-01 8.962411132483953935e-01 8.966552854031151210e-01 8.943906442764676390e-01 8.708790703733982896e-01 8.882519865307434426e-01 8.563120222473908916e-01 8.872233416654722316e-01 8.834748043600210154e-01 8.662596387268117759e-01 8.732568780591679625e-01 8.786378823761468171e-01 8.863920181458364578e-01 8.798383785032192206e-01 8.977875734519610296e-01 8.956847542740247192e-01 8.857373683922865615e-01 8.865174776525772682e-01 8.854899888560614496e-01 8.897244388773609680e-01 8.945038345911295874e-01 8.987734524296938643e-01 8.920175407330092066e-01 8.892874553928014070e-01 8.859449735686202310e-01 8.882544407531987041e-01 8.941199042915334294e-01 8.768718203202428008e-01 8.826986082396184319e-01 8.989022899413166012e-01 8.978908269428578226e-01 8.920721559616422436e-01 8.784859399366928834e-01 8.910462216587884399e-01 8.853580127608774442e-01 8.947672341272862040e-01 8.999572717298349733e-01 8.990578336912042889e-01 8.841211685843206602e-01 8.904831765794738452e-01 8.894561439282945292e-01 8.968967775275383802e-01 8.928640455945774379e-01 8.963554164051329431e-01 8.933935226256236595e-01 8.933005186895282002e-01 8.989113044036398659e-01 9.029134219013518203e-01 8.988817882368878021e-01 8.973153503163655564e-01 8.989055510277449423e-01 8.789280848358682618e-01 8.853509924586850932e-01 8.938153135486418543e-01 8.906212926126703122e-01 8.943155065817705029e-01 8.910890893277635394e-01 8.988829707710401795e-01 8.980796448338063120e-01 9.026495170769168741e-01 8.880441332484214634e-01 8.962601665236780146e-01 8.943149497176605678e-01 8.935559397048540298e-01 8.975808451087803341e-01 8.914893784119973796e-01 9.001435050501679358e-01 8.953453255464948191e-01 8.970307704633081469e-01 8.993501256588488646e-01 8.988146617453320886e-01
-1.198186135694440449e-02 9.892744334598480016e-02 3.817592635816135505e-01 6.742307590224347891e-01 4.858334598986525643e-01 5.780640831660222023e-01 8.066373283858103704e-01 8.091840092962647724e-01 7.598088892292279573e-01 7.066801564381504086e-01 8.654867046143278619e-01 1.000000000000000000e+00 8.160489355833157044e-01 8.270991703112711146e-01 9.013903617498526533e-01 9.027263024197643704e-01 7.944469040669981386e-01 5.644315263948704864e-01 6.590346105622437722e-01 6.635825455219995783e-01 6.221766455167133669e-01 6.878048882243555928e-01 6.652023106274174147e-01 6.502155816246024678e-01 6.466619812552618640e-01 7.582239532912184998e-01 7.928429326739283578e-01 7.763548570681616523e-01 7.042689823516570247e-01 7.655904687927573837e-01 8.421746812346714295e-01 8.289272361172819181e-01 7.449862295590843342e-01 7.966191241945361767e-01 7.782700018659768348e-01 8.580609306710904605e-01 8.498838216010233815e-01 8.486213091188195001e-01 8.684718323280092855e-01 8.617326530533090390e-01 8.939661518770005699e-01 8.829692899153525065e-01 8.936258481075268767e-01 9.040597506948746531e-01 8.970004780686127166e-01 8.820883580758449583e-01 9.115648329633325719e-01 9.047895942077672782e-01 9.043586385344875023e-01 8.784110023227171826e-01 8.952157773788818051e-01 9.002590902008072993e-01 9.184235782388561198e-01 8.731213780592620433e-01 8.499618814647224019e-01 8.524719653030996547e-01 8.899510131574726035e-01 8.913908540062224217e-01 8.861846785139627647e-01 9.078938829452987136e-01 9.098843714074927869e-01 8.954324236078695654e-01 9.009655433222940601e-01 9.013154951806218174e-01 8.895666311447540942e-01 9.030429203797540882e-01 9.063623382292593789e-01 8.811970753665426814e-01 8.861446773036200097e-01 9.154506365666519319e-01 8.869358580712904949e-01 8.832475798279491030e-01 8.759715933938565513e-01 8.715637620815107622e-01 8.990800616632134146e-01 8.949740805139021482e-01 8.905484194316100055e-01 8.563466895653751854e-01 8.904375175499804618e-01 8.784305539442548438e-01 8.913496188982356072e-01 8.976168664914321305e-01 9.004671692086980705e-01 8.735796075583743825e-01 9.024413552107222181e-01 8.895543887959769247e-01 9.017727307909594314e-01 9.038330034157135984e-01 9.024573754768017153e-01 8.893432605382131095e-01 9.102442096541499827e-01 9.154574056273725446e-01 9.175927862835837612e-01 9.095913243025095518e-01 9.152687245782911152e-01 9.140270089968662859e-01 9.115120183287190869e-01 9.081493918769725227e-01 9.221395433369949934e-01 9.120716683732211782e-01 9.171014193044434437e-01 9.139300482239770540e-01 9.255103972393773359e-01 9.179720708625203063e-01 9.199351416599060860e-01 9.075628593554952994e-01 9.132944137337575263e-01 8.998254746078065969e-01 8.952425627158921984e-01 9.130637652468698295e-01 9.090132373641864882e-01 9.152134765031342267e-01 9.129709082988213265e-01 9.134586905585604377e-01 9.081223058020951866e-01 9.127443969245141453e-01
-2.679330796271625625e-03 1.245568553661051681e-01 3.355645169885538293e-01 5.132960707979628001e-01 4.500270398491544310e-01 5.448377008637691477e-01 7.392345306148118134e-01 7.374817732227135769e-01 7.289709986467549641e-01 6.977762050801470384e-01 7.953716027616498652e-01 8.160489355833157044e-01 1.000000000000000000e+00 7.833773500230161169e-01 8.521373364916050575e-01 8.483140695623845318e-01 7.586139894125033534e-01 5.235593410207576293e-01 6.311163424402757016e-01 5.081630828838459291e-01 5.389386474835002883e-01 6.469576004378713163e-01 6.107252566112955083e-01 5.870023714448816543e-01 6.175784329612112877e-01 7.404482386140049943e-01 7.473390902575951511e-01 7.563606356902207173e-01 6.969952069401108563e-01 7.502017117844635985e-01 8.144720154033375792e-01 7.650056977483511433e-01 7.293680837253666560e-01 7.554833376445753146e-01 7.543133006108004857e-01 8.038328053839006726e-01 7.992996125890395875e-01 8.192738395588360367e-01 8.331982021578940856e-01 8.115613157945175127e-01 8.527942523051093016e-01 8.518131626554262814e-01 8.493891890722566895e-01 8.566055312464179172e-01 8.477148792240045694e-01 8.499276313466908039e-01 8.670478719757686026e-01 8.649675583916026644e-01 8.593510490176556882e-01 8.286723472652046674e-01 8.522084135318552800e-01 8.108314027981340377e-01 8.529769995380390712e-01 8.395586137419160933e-01 8.197620005955189582e-01 8.261000896800481108e-01 8.258786508866630127e-01 8.573515078318941773e-01 8.424124853828213189e-01 8.625600630728271767e-01 8.618375235127686551e-01 8.499007395448188174e-01 8.466921105442181128e-01 8.567605872104741005e-01 8.469924453753578941e-01 8.451968189184621005e-01 8.653150013798012186e-01 8.414357588253239539e-01 8.386292195079254608e-01 8.349574549684111169e-01 8.346847873225279324e-01 8.471528255078937253e-01 8.180164744333674465e-01 8.288776753551486687e-01 8.593410038095102843e-01 8.545674543361031494e-01 8.581920100687495667e-01 8.330152632185312545e-01 8.578383213191551615e-01 8.538162055465227107e-01 8.576915801345437185e-01 8.662163545081954519e-01 8.584097698897347195e-01 8.481418366138097076e-01 8.564280049564609865e-01 8.492256951969034962e-01 8.636396193928792542e-01 8.646966742538673145e-01 8.679609653730079311e-01 8.588429016771710334e-01 8.620933930913318166e-01 8.719887809012764057e-01 8.714141192399207370e-01 8.696186393025859829e-01 8.737723921874750443e-01 8.742817918862558768e-01 8.603671812982200962e-01 8.573884023409877875e-01 8.739245038794483111e-01 8.684162004746796004e-01 8.750645189352095343e-01 8.680694768936630945e-01 8.714033478423486301e-01 8.749788442846615499e-01 8.715703900328893861e-01 8.594422887859024529e-01 8.704044593510484873e-01 8.681803524258842053e-01 8.646022555784521613e-01 8.723900959773653874e-01 8.684347411039972098e-01 8.724512276514458931e-01 8.700394302112045564e-01 8.717265903921843639e-01 8.679640985863876779e-01 8.644335463489548621e-01
