1.000000000000000000e+00 2.862093777011687212e-01 2.553808873187276562e-01 1.174158372562132263e-01 1.093775791508574541e-01 7.012196556439793949e-02 1.876279964458648364e-01 1.296420417953032533e-01 2.772568286563594775e-01 1.593071527957165001e-01 1.358797196213910319e-01 6.686398680272213901e-02 7.472055062802170078e-02 9.723375866307863713e-02 1.044852653617271698e-01 6.787505941069199578e-02 1.990559749829753089e-01 3.370392876729206288e-01 2.960640763890410310e-01 1.777100347775048550e-01 3.443534268702282963e-01 3.144713908800419455e-01 2.962983782885393880e-01 3.467705623971423790e-01 3.444599431708192938e-01 2.602782745543224530e-01 2.858093512116305357e-01 2.581211168655265786e-01 3.292796343207104459e-01 3.656839397984507634e-01 2.915976069398156789e-01 1.745201986575280750e-01 2.056878692438165457e-01 2.181890227197975929e-01 2.225168949142298791e-01 2.113367920223633567e-01 2.506094222634845381e-01 1.319862654721594697e-01 1.421535459968586990e-01 1.121563738126090809e-01 8.652103410139112827e-02 8.136516519638047062e-02 1.200428555996995716e-01 1.308833647382500465e-01 1.826771456203002408e-01 1.252769962676099080e-01 3.206255923467982161e-02 5.065544329946475993e-02 6.351514325202371747e-02 9.096621066278956502e-02 8.908253316715449011e-02 9.729191251946493757e-02 5.838520719560112704e-02 1.027210430409307845e-01 1.107587241163956737e-01 1.313439775820167965e-01 1.077258263651362791e-01 5.727763859655825990e-02 6.034591871262452722e-02 7.534700501207568235e-02 6.991050224630851462e-02 7.697139654136855857e-02 6.700596045241759280e-02 7.968770927441898300e-02 1.167186087243110293e-01 1.268743589865582999e-01 5.744238407287050041e-02 1.113823127341240921e-01 1.073562497105995522e-01 1.093402219543650605e-01 1.216611903843091147e-01 1.222065764469633248e-01 1.537865159479793742e-01 1.487919627685066748e-01 1.048242383858660892e-01 1.134976470410533761e-01 7.557099457744559379e-02 1.272785484749323626e-01 1.330974598917495366e-01 1.608143266238508118e-01 1.389432908199325079e-01 1.035875550153959879e-01 1.060942498250185273e-01 1.221939755200566330e-01 6.312683628706881878e-02 1.006674958315217361e-01 9.565570272667445195e-02 5.056237781486136451e-02 7.034069975680283526e-02 1.009291506942406741e-01 6.330197667494764924e-02 4.006272733131976266e-02 7.344292396758393682e-02 5.652778449399939453e-02 1.572621714155075096e-02 2.312921665097791499e-02 1.912070673732760295e-02 6.209184668315342187e-02 1.219584163144827281e-02 3.929387532328616761e-02 1.192777804656507644e-02 1.550950868093883654e-02 1.537141425664046226e-02 2.108406816617102927e-02 6.175993935075167751e-02 4.589296900342720864e-02 2.452981617529705408e-02 3.220533745834804756e-02 5.839430810789970894e-02 2.158568062192077475e-02 2.629500260656571914e-02 2.528522606086832519e-02 2.180543201454624921e-02 2.991765872796424766e-02 7.404953987533233195e-02 5.725011570761160545e-02
2.862093777011687212e-01 1.000000000000000000e+00 1.874354606902202125e-01 9.836974168524194317e-02 1.438026871400794604e-01 1.343381183910332122e-01 2.558094992449285732e-01 1.794999491797353852e-01 2.807654714060493495e-01 2.658338440780277367e-01 1.993734437550763183e-01 1.579816014538046598e-01 1.541649519428619219e-01 1.694036461819211359e-01 2.020084658701842006e-01 1.736513494995745865e-01 2.223479332744778547e-01 2.831985085768311539e-01 2.771223902110410697e-01 1.700103880367274667e-01 2.862597483124935671e-01 2.915612404970753802e-01 2.615097569292796353e-01 2.944793335245368682e-01 3.126617515852869178e-01 3.120018637977055587e-01 3.054973742516003954e-01 2.943909511973575865e-01 3.287422668932061809e-01 3.207735831844340524e-01 3.101018584837924585e-01 2.391729242372589159e-01 2.594356694367186966e-01 2.583303212165909413e-01 2.437266741410801518e-01 2.338200849256359959e-01 2.631953459099805048e-01 2.282135197391540471e-01 2.190836560884324435e-01 2.131019796523519749e-01 1.996411215167876174e-01 2.052572300153817364e-01 2.027536242835042968e-01 2.216991977377149037e-01 2.514327492802533315e-01 2.143357583712819925e-01 1.661818603632110036e-01 1.767624841254952783e-01 1.754753306808502222e-01 1.775065077922843015e-01 1.970028354600499021e-01 1.655754612890379673e-01 1.598271561115631734e-01 1.942942364152669410e-01 1.974570817497590114e-01 2.220791044907581002e-01 1.740653337277205670e-01 1.800469503634799795e-01 1.687341646992276400e-01 1.841358468774190460e-01 1.760013074257842924e-01 1.731938898491508227e-01 1.641459291263785425e-01 1.764712555633939084e-01 2.004779255567952223e-01 1.966652954799541497e-01 1.819096944202087396e-01 2.065061051030961103e-01 2.047691207194479723e-01 1.940494867061820783e-01 2.057421610337464291e-01 2.153042213105209879e-01 2.242121678265053542e-01 2.254783425463551538e-01 2.177292256521572433e-01 2.206772597220097443e-01 2.004683057263321466e-01 2.301379439407134908e-01 2.261988359710432328e-01 2.253486741194893062e-01 2.204078932946410274e-01 2.122894449771203229e-01 2.074672141543080217e-01 2.156253016026875025e-01 1.807774966921743554e-01 2.008473139837823329e-01 1.975198202660730651e-01 1.824785537807421532e-01 1.869308609676865185e-01 2.097965289000737754e-01 1.928353615704739843e-01 1.740246772551587162e-01 1.915417898471719615e-01 1.841860043466024000e-01 1.562800596411028919e-01 1.625261734183484075e-01 1.437609037656944477e-01 1.620108447942807395e-01 1.503478815359338139e-01 1.720155024916758257e-01 1.560583662903915203e-01 1.488596559491331961e-01 1.478419813137037409e-01 1.605091376351233112e-01 1.751176451602256823e-01 1.642391589551214781e-01 1.555764550524246503e-01 1.711298931692271930e-01 1.853833265101277605e-01 1.605390304110130562e-01 1.630905505510381603e-01 1.630740839115677743e-01 1.551243920406709387e-01 1.586231643329947261e-01 1.820863073748094640e-01 1.718950839535463571e-01
2.553808873187276562e-01 1.874354606902202125e-01 1.000000000000000000e+00 3.251591562874360242e-01 2.382933223577055337e-01 2.989509423624943651e-01 4.173406875981406361e-01 3.552025534920343897e-01 4.002666297420763852e-01 3.246190055264846497e-01 4.058809619841349803e-01 3.905721778999315386e-01 3.200501235673096079e-01 3.332272410777792349e-01 3.943951453202291235e-01 3.717391472833172505e-01 3.711149364942762929e-01 4.564155097598742161e-01 4.380373208670289009e-01 3.903005042853420203e-01 4.785823690062124269e-01 4.830544849430833954e-01 4.395409114237759929e-01 4.475425552989315547e-01 4.602775444135832617e-01 4.653369312989519835e-01 4.841448637668736565e-01 4.687163031166505789e-01 4.616257709573733381e-01 4.730411110432061195e-01 4.718676588983311548e-01 4.064216996249081504e-01 4.179908314969827399e-01 4.258037206991384660e-01 4.267740097483460060e-01 4.292121529821990022e-01 4.614315722199076042e-01 3.914258593831873023e-01 4.179263545875232522e-01 3.971764186674397457e-01 3.954038219650650166e-01 3.925221329705163020e-01 4.151095188566969463e-01 4.222360036807236150e-01 4.460498718020352582e-01 4.172081274497064785e-01 3.449025847374727616e-01 3.505519897674284624e-01 3.564260266431988344e-01 3.698008289237548207e-01 3.794118446319010851e-01 3.961000156869537991e-01 3.713737862080719876e-01 3.630963718221607017e-01 3.727087028185496753e-01 3.900977835338665933e-01 3.536340531023511313e-01 3.664964077507397167e-01 3.528350189216810651e-01 3.664453657684173526e-01 3.751460229784467915e-01 3.702543549381979160e-01 3.597158113934021406e-01 3.684632042144251329e-01 3.726586795890641235e-01 3.832249406071469577e-01 3.585521754782298731e-01 3.973498903684886674e-01 3.887645173069024240e-01 4.050405945705738975e-01 4.161689960338569305e-01 4.074834734230506905e-01 4.139787282823474968e-01 4.133816863758700832e-01 4.010975033979699567e-01 4.051260551720298753e-01 3.876411289408291938e-01 3.998517600363427626e-01 4.072167501293049718e-01 4.107081748695227685e-01 4.072220634111279325e-01 3.904009580238494426e-01 3.941024536731146943e-01 3.991002140177465907e-01 3.810636487795742156e-01 3.921482930040615100e-01 3.960557549323978077e-01 3.745123574048532800e-01 3.821595772008933856e-01 3.885065438515737379e-01 3.883391455028201711e-01 3.668458667278318153e-01 3.841011101520100390e-01 3.793060990978601721e-01 3.404210623555027349e-01 3.426208213605158592e-01 3.601820979193970929e-01 3.604708699603934030e-01 3.486276413141633501e-01 3.695269026558561931e-01 3.637191585301737806e-01 3.494934040788781338e-01 3.505599633025993089e-01 3.616858267455774212e-01 3.808260679659610237e-01 3.521790407408960655e-01 3.415115134101103789e-01 3.444784421594070389e-01 3.649005712536236845e-01 3.494434798086697436e-01 3.501631386828046311e-01 3.483435568957520267e-01 3.532989730791129546e-01 3.541806508967917932e-01 3.692053534336824927e-01 3.665603888824661705e-01
1.174158372562132263e-01 9.836974168524194317e-02 3.251591562874360242e-01 1.000000000000000000e+00 4.143827967242465493e-01 3.584607596427813458e-01 5.292325097317265303e-01 5.713145756016010379e-01 3.926174009764318851e-01 3.562319569818535037e-01 5.166001694995803195e-01 6.539032330329822562e-01 4.920670840083538611e-01 4.444334072932671909e-01 5.323191483476453767e-01 5.573896260511129741e-01 4.080494655854816077e-01 4.435649294936283016e-01 4.039730668683599313e-01 5.686323508715486197e-01 5.481253200906336387e-01 4.775512429894853694e-01 4.515766730379092708e-01 4.344402897282071407e-01 4.041898969852990575e-01 4.538449417010379516e-01 4.882568528853905576e-01 4.523065287041960758e-01 3.814609539060988541e-01 4.019609761187131758e-01 4.570034896197790464e-01 4.711922871676895719e-01 3.794837576276494651e-01 4.442345723829025372e-01 4.073679420103250015e-01 5.320659713698556725e-01 4.855642792806967867e-01 4.506407783071726958e-01 5.002997248679620368e-01 5.015970027972629364e-01 5.174515009371273289e-01 5.159844532181844245e-01 5.938633664881680652e-01 5.416558099393553594e-01 5.455119984104053188e-01 5.092848236542200091e-01 4.760521138312882039e-01 4.773850029468271750e-01 5.071456511409289103e-01 5.100835657331536099e-01 4.863224406170499337e-01 5.957812035886442814e-01 5.521367971622797022e-01 4.675871481923858375e-01 4.687777305467669131e-01 4.801840654653690699e-01 4.828387522862050973e-01 4.764022506603395324e-01 4.647529189455382181e-01 4.926248219076414525e-01 5.308640609094493756e-01 5.003867176568660424e-01 5.118084632289839897e-01 5.136229015023835442e-01 4.582570717175358799e-01 4.915550394809694024e-01 4.824452740093361225e-01 4.997333699699288423e-01 4.994372423075383316e-01 5.743562935771350242e-01 5.491965369954714404e-01 5.079338111276046064e-01 5.147016075817432146e-01 5.056772568163636628e-01 4.816697050907132738e-01 4.906504266580414830e-01 4.849203971995842966e-01 4.550682719822107813e-01 4.827831316211852464e-01 4.610467780223552747e-01 4.649819278111261278e-01 4.739427347000825796e-01 5.241328196258351335e-01 4.627067977347848471e-01 5.219213441223387040e-01 5.048340155754433844e-01 5.141034803632706929e-01 5.228962274009698596e-01 4.990325033338503524e-01 5.076994087662558552e-01 5.216063584852201895e-01 5.152418646245150446e-01 5.270010800217749258e-01 5.082742194334586294e-01 4.892405124350572287e-01 4.903876570090994202e-01 5.721402633481388333e-01 5.332747222722512559e-01 5.206960827614710574e-01 5.270009485331649257e-01 5.538174143255436555e-01 5.280833090739376345e-01 5.236632994340972846e-01 5.288267913525502850e-01 5.537149562367448263e-01 5.151865752448008262e-01 5.078657240768984504e-01 4.746536975610483600e-01 4.826117264045286515e-01 4.999036501992172310e-01 4.969631589646157921e-01 4.990388535408525894e-01 5.244828891228464629e-01 5.200093996892086734e-01 4.920193909522377340e-01 5.211829239631594612e-01
1.093775791508574541e-01 1.438026871400794604e-01 2.382933223577055337e-01 4.143827967242465493e-01 1.000000000000000000e+00 2.517190982620024498e-01 4.792708744635218454e-01 5.028569564421789817e-01 3.919081626487350700e-01 3.901709208530253492e-01 4.766382951196536100e-01 5.129836266620549923e-01 4.997605560457312190e-01 4.331408383291602826e-01 5.040716054365288468e-01 5.041395769640767410e-01 4.213912123252078201e-01 3.624595654463858563e-01 3.961032380195121938e-01 3.533605161976113851e-01 3.821898839444001217e-01 4.076344065383656901e-01 3.881698706102214014e-01 3.845974308069400882e-01 3.881653813915540430e-01 4.369866446460182741e-01 4.413872813744342816e-01 4.531294517255922694e-01 4.125581375678559204e-01 3.907247517857009855e-01 4.304983720270010306e-01 4.618988720556099770e-01 4.279136570772300585e-01 4.341296340667807896e-01 4.252473158201656167e-01 4.644174657170773157e-01 4.491983910489894538e-01 4.625582401475023531e-01 4.661376345311218916e-01 4.745906747191031005e-01 4.841666834526414664e-01 4.925480891962326080e-01 4.979566380051760888e-01 4.907798551249314412e-01 4.847181278930881576e-01 4.670279303530929793e-01 4.773092124461335017e-01 4.754132619377228197e-01 4.950764144959713398e-01 4.876472862152583798e-01 4.741040236279177589e-01 5.038688073078212426e-01 5.018447507784233874e-01 4.721377888436654180e-01 4.632165810819450780e-01 4.723276373561015595e-01 4.611655558737490224e-01 4.737067059485310372e-01 4.593091576948053478e-01 4.794480805850647176e-01 4.956995877881066881e-01 4.769496160261514350e-01 4.771046639028053704e-01 4.877323680340095446e-01 4.737270895258207104e-01 4.733896654047645702e-01 4.842500351982766960e-01 4.816523108628606997e-01 4.833393823220041297e-01 4.904969258943758237e-01 4.946974949725503889e-01 4.871486992841699837e-01 4.839886223078284089e-01 4.871242344535019475e-01 4.818155900594455754e-01 4.849866373637874428e-01 4.842376253270128661e-01 4.767979425234015189e-01 4.751111895144312092e-01 4.613482782135712723e-01 4.620151842116040908e-01 4.728912635017179511e-01 4.922636592631591812e-01 4.601391494042890717e-01 4.911402596439200519e-01 4.846302029780485965e-01 4.854468780144881590e-01 4.935457749956680962e-01 4.823536446973601399e-01 4.896733617698997287e-01 4.909686177296391230e-01 4.970029774673710987e-01 4.980176657835631016e-01 4.825115584142342651e-01 4.832743009510588328e-01 4.834740969005373312e-01 5.042898028044615621e-01 4.981194871539624813e-01 4.927815458551360606e-01 4.995277485824646813e-01 5.001685545267935407e-01 4.891728531608215969e-01 4.952757977479077534e-01 4.988102913508390412e-01 5.070799636576297509e-01 4.830655974363589622e-01 4.924976860425636094e-01 4.774017329629353656e-01 4.811966122807915802e-01 4.819693651650011068e-01 4.829090326359574137e-01 4.877128289381305604e-01 4.908482349207783368e-01 4.945215675412256706e-01 4.850367893718425250e-01 4.927437568578806326e-01
7.012196556439793949e-02 1.343381183910332122e-01 2.989509423624943651e-01 3.584607596427813458e-01 2.517190982620024498e-01 1.000000000000000000e+00 5.413757411393514962e-01 4.790546842886917456e-01 5.410765838719405751e-01 4.836129769227850428e-01 5.623541799220582726e-01 5.876206868067888056e-01 4.800908614758865323e-01 5.252180768551361068e-01 5.940991110885491810e-01 5.708584463613166626e-01 5.484628946505420988e-01 5.086158682085918370e-01 5.341114529202022343e-01 4.620864842061053190e-01 5.149727995530422042e-01 5.661926342962830816e-01 5.140671847956147511e-01 5.042034560125653320e-01 5.270109675241742009e-01 5.801819927267093391e-01 5.876820248545653325e-01 5.640278502769514590e-01 5.372785961128287990e-01 5.467037758880267662e-01 5.913805063930384076e-01 5.716093499157340885e-01 5.312671279169572935e-01 5.616093968715245577e-01 5.578643950585342459e-01 5.870621602818844043e-01 5.849084849673510389e-01 5.683145305879551135e-01 6.116271565236852670e-01 5.855557975945936411e-01 6.127219889032227140e-01 5.964453485464502602e-01 6.162421446792657465e-01 6.162640109694778046e-01 6.176201615888029517e-01 6.138910830836853405e-01 5.854436708862031935e-01 5.866777364257939054e-01 5.796238472704501321e-01 5.686653367235383616e-01 5.956222054580488923e-01 5.660927025042424843e-01 5.793131157197388692e-01 5.765338587020958361e-01 5.820924893811856293e-01 5.780741721156144042e-01 5.742045273302874842e-01 5.919686239343485701e-01 5.808991888149016569e-01 5.978630640175883748e-01 6.055265037262419492e-01 6.012627607927820694e-01 5.912276067982891181e-01 6.012278789228691078e-01 5.846937304827770632e-01 5.854865074185520157e-01 5.852204204717211811e-01 5.995262455766124932e-01 5.869074771534434909e-01 5.976557163370755932e-01 6.154012842592296861e-01 6.117083353114222133e-01 5.951910196304278644e-01 5.993641503225014544e-01 6.028073347892269895e-01 6.058428626453233878e-01 5.942612855842771546e-01 5.921848986819007177e-01 6.057030466966631943e-01 5.975809934336306917e-01 6.031072831586427041e-01 6.030294840282712787e-01 5.988088133637329280e-01 5.942246386806773195e-01 5.909790810350412649e-01 6.001247613307476581e-01 6.090048427899278360e-01 5.952935723449621630e-01 6.041112262794520182e-01 5.981189499469370396e-01 5.958826476099023939e-01 5.942471119246471867e-01 6.039921261658761642e-01 6.043620240702775037e-01 5.800962710743483575e-01 5.842609123030600982e-01 5.865371782099625397e-01 5.846849183220528268e-01 5.925109191486974680e-01 5.929374541945681143e-01 6.063621482725199963e-01 5.943659447772309257e-01 5.821482189185724909e-01 5.985174738106383563e-01 6.039075665803422810e-01 5.841547587655894214e-01 5.809559519322329280e-01 5.861272047795551554e-01 5.906051509097355323e-01 5.876588449206240350e-01 5.846340434297799815e-01 5.883027869745306448e-01 5.922987011889577769e-01 5.964975522555957532e-01 5.936408919203172152e-01 5.916751517813555461e-01
1.876279964458648364e-01 2.558094992449285732e-01 4.173406875981406361e-01 5.292325097317265303e-01 4.792708744635218454e-01 5.413757411393514962e-01 1.000000000000000000e+00 7.059919500084212984e-01 6.927284211984569007e-01 6.571869927710245474e-01 7.574906378633295967e-01 7.657728408255294328e-01 6.847847113334611935e-01 6.812452008163810691e-01 8.331928174674660958e-01 7.745627222113040666e-01 6.880219620128905644e-01 6.586449450729773281e-01 7.034090169969018369e-01 5.836283976959053543e-01 6.612501165253745761e-01 7.284071371413780582e-01 6.868269358752564502e-01 6.694060237937811131e-01 6.968678322900504485e-01 7.619219678370690030e-01 7.760174424741664856e-01 7.832909009407136303e-01 7.405956300492940736e-01 7.109744375609667877e-01 7.796510858582726966e-01 7.707245583713431270e-01 7.487582016306552068e-01 7.570935218963530389e-01 7.377058134831026015e-01 7.578825192432965263e-01 7.769908386632528030e-01 7.728127030301445988e-01 7.823765780962166350e-01 7.888418369060058444e-01 7.859228621353243627e-01 7.985239691219824243e-01 8.042300453068111921e-01 8.067324701326776815e-01 8.038852197266620481e-01 7.904745568339920370e-01 7.597274899008734650e-01 7.572846589801344175e-01 7.561367249272090696e-01 7.470152062850329289e-01 7.709487542338758770e-01 7.454120874286198628e-01 7.570404545530046159e-01 7.438166928914068388e-01 7.428854239574100848e-01 7.698185155083607789e-01 7.183147429004753670e-01 7.613795305329572605e-01 7.492461991206593730e-01 7.711480661085993171e-01 7.765984245107793171e-01 7.606886392479137449e-01 7.491760398753470884e-01 7.617167213959287198e-01 7.584561835381061767e-01 7.533878999492712447e-01 7.694482316247712728e-01 7.852250224332092410e-01 7.859157847282741693e-01 7.813360871840628885e-01 7.958715170128904948e-01 7.991758187259266899e-01 7.925707011598049911e-01 7.898748532690721413e-01 7.924100534829561227e-01 7.935025818206939974e-01 7.903442368273182472e-01 7.856414344529566440e-01 7.968452331187850790e-01 7.783879509562584564e-01 7.814287600471327977e-01 7.879215058113071546e-01 7.935657284408323964e-01 7.844421419527881634e-01 7.876569508329021030e-01 7.890419697182134984e-01 7.900526970405540306e-01 7.870345928436099925e-01 7.875069609018410244e-01 7.874826027619444835e-01 7.988474901372026871e-01 7.881689017088295834e-01 7.924587398059511623e-01 7.900600503163835997e-01 7.576971505092896519e-01 7.597591228070066371e-01 7.650534471772996170e-01 7.565614523310149053e-01 7.657313003657123529e-01 7.852230245703857303e-01 7.849108936108665224e-01 7.590063888464373409e-01 7.577115211814172691e-01 7.763123175649995211e-01 7.825409302272877676e-01 7.442443352410929025e-01 7.561319142478760691e-01 7.550410406217485937e-01 7.674516698421957051e-01 7.614731097646953994e-01 7.625703733737465573e-01 7.630832542287291353e-01 7.630936529089163978e-01 7.658483200938647206e-01 7.725718067773673647e-01 7.647551179212038752e-01
1.296420417953032533e-01 1.794999491797353852e-01 3.552025534920343897e-01 5.713145756016010379e-01 5.028569564421789817e-01 4.790546842886917456e-01 7.059919500084212984e-01 1.000000000000000000e+00 6.350041380862916363e-01 6.033780423479289112e-01 7.141598701179630027e-01 7.658414265352472272e-01 6.829962307883332695e-01 6.392887650456257065e-01 7.677779981122254682e-01 7.775635324856458030e-01 6.355874753078416539e-01 5.778148265804707862e-01 6.117126166237162321e-01 5.529069358494834718e-01 6.006625418332278699e-01 6.457171008041202587e-01 6.114324243287276861e-01 5.781658052928588809e-01 5.933606688226736869e-01 6.757994872787073115e-01 6.875974089952674451e-01 6.942870743355649132e-01 6.246365661379561507e-01 6.069154537411295403e-01 6.683996937456352372e-01 7.177543321173452950e-01 6.629296501309058787e-01 6.738063465020691645e-01 6.652631401937723066e-01 7.019038795188067281e-01 6.988842902859926376e-01 7.203054000229361931e-01 7.283474002175922557e-01 7.475216212951645289e-01 7.454835240909251093e-01 7.576251135922664748e-01 7.626531271400716072e-01 7.615910880307172892e-01 7.480549827971387788e-01 7.431662984039114628e-01 7.384357739001178311e-01 7.351464632877646732e-01 7.495233549105170257e-01 7.364217523650338215e-01 7.350301574401065796e-01 7.441612907434166369e-01 7.536675528723364437e-01 7.209927427789251109e-01 7.204070586026254386e-01 7.311213496485796659e-01 7.160923729608965616e-01 7.381716546012148106e-01 7.314784145540375038e-01 7.441401492418705521e-01 7.580577016295232395e-01 7.426879124752303607e-01 7.410344418645586906e-01 7.464653429812679875e-01 7.236434033714298497e-01 7.299224253200583545e-01 7.401033230142677333e-01 7.416459764298076740e-01 7.444134329222319435e-01 7.511587674437795181e-01 7.592611927389251170e-01 7.492009500477769812e-01 7.404645532956014575e-01 7.364512368513312923e-01 7.419284060924636881e-01 7.437470976762062813e-01 7.423310467363070098e-01 7.222070895659068457e-01 7.380637352092020986e-01 7.190295677302870336e-01 7.270045534349899308e-01 7.330238674555270562e-01 7.560865296751358988e-01 7.277713233842579843e-01 7.544575587103174996e-01 7.449166910407767350e-01 7.495788549514257326e-01 7.596228212913516131e-01 7.471361379922365487e-01 7.505896626678352224e-01 7.601472415597464449e-01 7.600005776826066484e-01 7.600551327254795320e-01 7.529956226387907181e-01 7.410417751870592706e-01 7.416476993156241315e-01 7.676112443348753756e-01 7.554344492495955743e-01 7.555166242562981749e-01 7.613212874766662752e-01 7.644587826615627524e-01 7.523552819890274579e-01 7.474943997275442786e-01 7.602665638107077850e-01 7.641301616697949717e-01 7.373983389758240747e-01 7.485812637745918874e-01 7.310665303526250325e-01 7.410503935283244692e-01 7.446888660196487875e-01 7.468936120652392985e-01 7.465010370652160887e-01 7.537727463485281998e-01 7.517566318794570712e-01 7.453388071365942835e-01 7.514520062969187730e-01
2.772568286563594775e-01 2.807654714060493495e-01 4.002666297420763852e-01 3.926174009764318851e-01 3.919081626487350700e-01 5.410765838719405751e-01 6.927284211984569007e-01 6.350041380862916363e-01 1.000000000000000000e+00 7.233844125045365558e-01 7.832476613782978214e-01 7.438967317517855005e-01 7.249950665592707066e-01 7.056667438765749090e-01 8.090241857257500779e-01 7.692394303112863874e-01 7.922643217907243685e-01 7.276242169060533893e-01 7.613914716794191184e-01 5.955581944564954933e-01 6.859337073143156882e-01 7.671357625422069448e-01 7.295004244667858684e-01 7.155941089649601183e-01 7.499685147341652591e-01 8.401636950104057755e-01 8.315628775629759772e-01 8.404429962615975747e-01 8.276407434657347961e-01 8.274324482320453145e-01 8.477543498935642408e-01 8.401167488287486496e-01 8.091413745411497604e-01 8.056074624712054044e-01 8.285053181028870783e-01 7.995643815658949327e-01 8.374737907933984538e-01 8.362590198862193125e-01 8.365646206188729339e-01 8.245983752174124159e-01 8.365127310409300465e-01 8.172776629097774359e-01 7.978895362423793491e-01 8.439078934987669367e-01 8.476540980747983012e-01 8.479099102598427473e-01 8.184650402180752016e-01 8.340190677351668747e-01 8.191359501982947711e-01 8.061415817926016469e-01 8.327583355919807584e-01 7.623278291660622319e-01 7.960638176158568724e-01 8.422693480427621004e-01 8.436805988518985000e-01 8.431594329460501136e-01 8.237793639407066104e-01 8.318373715241308419e-01 8.275970580743932103e-01 8.387291549535020874e-01 8.264762822476215964e-01 8.372798678450921184e-01 8.222575715082762748e-01 8.372922141953352826e-01 8.472761823228682765e-01 8.498143119370039633e-01 8.290756095395136471e-01 8.414525741991344399e-01 8.394303783331115154e-01 8.266538185431130392e-01 8.388192624771636519e-01 8.527336209761399166e-01 8.386259530793332972e-01 8.429644288572952782e-01 8.564437548781006493e-01 8.557537752170946144e-01 8.387999405528704377e-01 8.556733503430701271e-01 8.602625356698309078e-01 8.692498637131291783e-01 8.660378898975824580e-01 8.562648190164446893e-01 8.369028274029208792e-01 8.563591316178383872e-01 8.189823511447549276e-01 8.394027479977083095e-01 8.429650718184046321e-01 8.250498752856604279e-01 8.370110109943675880e-01 8.395116442749599450e-01 8.232128507667993977e-01 8.185378472047519782e-01 8.339896572620740800e-01 8.334159644041767567e-01 8.117294605904857852e-01 8.166663891604617476e-01 7.871113047827710263e-01 8.187697312364816682e-01 8.068059285679780590e-01 8.179819874979377126e-01 7.990822197580709219e-01 8.067470730331594009e-01 8.014989776682699407e-01 8.120102296632907279e-01 8.230487436907577559e-01 8.116198003929427918e-01 8.094533324420375431e-01 8.233730383749084947e-01 8.343321972367537809e-01 8.167725413067608020e-01 8.149875155777206448e-01 8.173233984485043235e-01 8.132802591892811517e-01 8.180548839111271286e-01 8.380535792162896458e-01 8.277933123241831836e-01
1.593071527957165001e-01 2.658338440780277367e-01 3.246190055264846497e-01 3.562319569818535037e-01 3.901709208530253492e-01 4.836129769227850428e-01 6.571869927710245474e-01 6.033780423479289112e-01 7.233844125045365558e-01 1.000000000000000000e+00 7.232171608188971978e-01 6.984319335715762911e-01 6.722451911200564290e-01 6.542529469394484654e-01 7.670245196013854017e-01 7.322941367996690376e-01 7.051796151623805908e-01 5.991714760719717425e-01 6.620983565629828815e-01 4.782809853426007174e-01 5.512542805674998103e-01 6.600368843157157217e-01 6.387839365171604777e-01 6.060405683138546662e-01 6.535623351946101556e-01 7.467565524557810974e-01 7.376495245031567949e-01 7.661268578505617821e-01 7.326276823551954864e-01 6.961742204791329103e-01 7.471664827388130314e-01 7.679481542593645793e-01 7.333305499562744467e-01 7.149585981235250243e-01 7.372909269620613326e-01 7.060944425870336882e-01 7.453087885551891167e-01 7.685095980172704788e-01 7.529822582090824890e-01 7.754239774772770932e-01 7.862884072130317259e-01 7.771534879391183148e-01 7.348674476588868965e-01 7.806388811170990039e-01 7.769130101872171457e-01 7.790278319664962758e-01 7.816067736653629083e-01 7.913575367318186338e-01 7.721531416804482406e-01 7.400484731672455352e-01 7.692527820760061141e-01 7.042108396190408515e-01 7.539540044544377206e-01 7.878822243939531678e-01 7.830011533454530603e-01 7.939534510171937232e-01 7.571702318263210385e-01 7.907046698242774507e-01 7.797105612307275724e-01 7.908496061765963869e-01 7.749889847709108270e-01 7.773064118970185454e-01 7.663190325345952125e-01 7.735098111228509987e-01 7.858054099943322379e-01 7.801692403340760862e-01 7.887755522689815502e-01 7.846286725640256865e-01 7.854404523809541683e-01 7.549781897215185333e-01 7.745338301727835439e-01 7.940777683179649493e-01 7.687518762128038308e-01 7.798832713340035916e-01 8.010374847403936016e-01 8.003577219846153001e-01 7.920696560804232345e-01 7.995230064301963591e-01 7.953243094927242574e-01 7.941620819713681723e-01 7.958364271102250642e-01 7.993122556725750227e-01 7.860930107991659366e-01 7.932615053419104223e-01 7.699074617788879138e-01 7.790187277279536637e-01 7.865673506734385256e-01 7.831109476279976001e-01 7.886548957468871857e-01 7.968325871061875398e-01 7.851541904653613901e-01 7.845909160497410717e-01 7.901911043892223541e-01 7.889946584114954087e-01 7.812513952408547402e-01 7.819633815130151433e-01 7.521010541495013468e-01 7.649447969323571739e-01 7.717349651963509860e-01 7.771578033653693263e-01 7.640892000640567838e-01 7.707662243283824877e-01 7.656513332108784153e-01 7.769980749047007418e-01 7.733772683838811002e-01 7.733350909968602638e-01 7.755851733373012591e-01 7.878996425547137861e-01 7.952755392891495134e-01 7.829897492552483351e-01 7.840787195512993746e-01 7.846285696704666801e-01 7.762539155355016041e-01 7.741102949708629222e-01 7.883173860482032280e-01 7.805250872187667888e-01
1.358797196213910319e-01 1.993734437550763183e-01 4.058809619841349803e-01 5.166001694995803195e-01 4.766382951196536100e-01 5.623541799220582726e-01 7.574906378633295967e-01 7.141598701179630027e-01 7.832476613782978214e-01 7.232171608188971978e-01 1.000000000000000000e+00 8.594299657033225293e-01 7.718330651252203189e-01 7.463497204307885102e-01 8.736205437704835930e-01 8.461304973218665149e-01 7.838557011109048567e-01 7.084364960056942495e-01 7.540422702572822100e-01 6.264423941527126338e-01 6.783622671272960813e-01 7.631927465340528904e-01 7.347974225965457906e-01 7.015429882581375454e-01 7.323402435791244169e-01 8.276666862868444774e-01 8.280028673690519314e-01 8.415968254411041460e-01 7.812257723894490136e-01 7.682305849621355875e-01 8.238709457419003401e-01 8.657001483064998837e-01 8.052299770315886063e-01 8.129432183557339098e-01 8.192874088188749626e-01 8.245121868852675062e-01 8.377721013583847576e-01 8.601211816769569474e-01 8.653213912205037772e-01 8.750861195251086189e-01 8.893469031582671436e-01 8.855948851205747152e-01 8.672856565788646943e-01 8.925558477638623200e-01 8.868804625228705607e-01 8.863561485931773509e-01 8.828335829378282096e-01 8.839534077108542887e-01 8.795776624638317331e-01 8.615857975268037539e-01 8.813262633639814547e-01 8.530528918775834857e-01 8.733782839393960939e-01 8.779734416312460210e-01 8.723225781718951799e-01 8.810290587385726235e-01 8.584226204996100451e-01 8.863923838356849716e-01 8.777471533420183603e-01 8.913056757845004840e-01 8.938563770966068134e-01 8.849826485508993645e-01 8.799271053171052737e-01 8.863171317917530878e-01 8.783580266929635894e-01 8.858760965780220209e-01 8.878194532983348930e-01 8.933630040271265393e-01 8.898658522369372603e-01 8.820538874842747123e-01 8.971503715181010641e-01 8.988957198985408903e-01 8.820947489274169051e-01 8.888189041753301600e-01 8.980046692192016344e-01 8.996738313647630880e-01 8.940604653068146002e-01 8.836438664990486913e-01 8.937914282439146652e-01 8.866796997880321829e-01 8.903828140855659656e-01 8.929181413261152445e-01 8.940549603750144181e-01 8.880575018586591707e-01 8.869177192767518925e-01 8.900642469413014846e-01 8.943624313375349022e-01 8.932303013876995434e-01 8.940798783465377930e-01 8.944755813036466829e-01 8.936986891383987830e-01 8.937337245141322439e-01 9.010349309527698747e-01 8.957636458169924154e-01 8.838048732504552030e-01 8.844712816255285714e-01 8.753828799866135713e-01 8.825710026149893306e-01 8.859629111494239373e-01 8.917864096784046124e-01 8.855993976313375482e-01 8.846392093989108307e-01 8.834096953871891644e-01 8.904948423820523429e-01 8.967143599529714404e-01 8.748671441960377271e-01 8.812274108589286392e-01 8.847085143044645106e-01 8.899850952925286718e-01 8.867163953157568557e-01 8.858332616357086353e-01 8.878583175277298123e-01 8.865429291625729347e-01 8.870747788904543851e-01 8.934790000944744515e-01 8.924041069718645636e-01
6.686398680272213901e-02 1.579816014538046598e-01 3.905721778999315386e-01 6.539032330329822562e-01 5.129836266620549923e-01 5.876206868067888056e-01 7.657728408255294328e-01 7.658414265352472272e-01 7.438967317517855005e-01 6.984319335715762911e-01 8.594299657033225293e-01 1.000000000000000000e+00 7.954591588057348117e-01 7.602672741405193113e-01 8.887021690275889174e-01 8.907935652102940693e-01 7.649971923823984943e-01 6.649256042935912658e-01 7.056713703692424344e-01 6.568891139245418564e-01 6.801571241002465351e-01 7.376669803502904355e-01 6.976261549309930032e-01 6.559185406238917659e-01 6.787338370299716983e-01 7.832065187443610910e-01 8.037972359691865076e-01 8.030700373908848944e-01 7.091559196482032368e-01 7.015985476377233354e-01 7.798077876611698711e-01 8.454160419567159357e-01 7.552092299778745410e-01 7.857493784485364285e-01 7.786368795896335682e-01 8.327443970841195142e-01 8.134497193073974008e-01 8.442582135030471946e-01 8.667854071348581879e-01 8.780741327704192356e-01 9.014603308254297565e-01 8.951626260691364356e-01 9.010760132637385400e-01 9.058066853809961794e-01 8.906189058955242821e-01 8.868319828508813840e-01 8.925669901636428261e-01 8.954272446421966958e-01 9.018019514161856875e-01 8.786790403323490040e-01 8.844722429551790110e-01 8.956479956602821924e-01 9.114657198284950024e-01 8.789926154875691289e-01 8.715982638360836310e-01 8.734784355660129007e-01 8.753216982442928451e-01 8.916854273706125156e-01 8.838750513213297078e-01 9.016262982157270400e-01 9.155246981528954997e-01 9.013879169639161804e-01 9.040083548975439420e-01 9.062960701770054195e-01 8.722412826378783679e-01 8.903129795604992625e-01 8.935877771588749408e-01 8.897562673024201896e-01 8.875731134824327295e-01 9.056884878298154806e-01 9.086225949889072950e-01 8.993932403352821181e-01 8.762376945199364942e-01 8.800127610118864130e-01 8.895709408819753028e-01 8.955043506887455651e-01 8.917780235890027107e-01 8.627379042558318556e-01 8.809699427972499386e-01 8.624995291599758529e-01 8.715207989020471446e-01 8.821334053699874111e-01 9.037578843829908726e-01 8.711674061796779167e-01 8.994538751289399281e-01 8.930186939958251191e-01 9.020089464102940546e-01 9.096512066542726815e-01 9.006831088353716153e-01 8.998744057246491623e-01 9.074029823134298622e-01 9.122250101235442887e-01 9.157531606360397314e-01 9.075523313640286860e-01 9.010132985673454664e-01 9.030676582663536012e-01 9.194464632219023770e-01 9.095951781270351644e-01 9.122979875878495237e-01 9.100091017252608383e-01 9.213568974452606142e-01 9.146316922314927655e-01 9.124937876121507196e-01 9.186180442713922645e-01 9.238036254254710089e-01 9.041276408500943385e-01 9.070580743937735058e-01 8.944066249116431333e-01 8.968259873861046394e-01 9.055570356459666792e-01 9.039832476269633599e-01 9.077928070142394779e-01 9.162621163988282635e-01 9.134743677656494976e-01 9.006711648128282732e-01 9.136558095421584147e-01
7.472055062802170078e-02 1.541649519428619219e-01 3.200501235673096079e-01 4.920670840083538611e-01 4.997605560457312190e-01 4.800908614758865323e-01 6.847847113334611935e-01 6.829962307883332695e-01 7.249950665592707066e-01 6.722451911200564290e-01 7.718330651252203189e-01 7.954591588057348117e-01 1.000000000000000000e+00 7.031577218466401602e-01 8.279952423415283258e-01 8.200814575375893201e-01 7.190114491209935732e-01 6.116178204731043122e-01 6.608752950401201032e-01 5.635413802711484177e-01 5.753917411801821036e-01 6.643028562256074743e-01 6.468568612976749455e-01 6.001170846452056340e-01 6.324556096747767642e-01 7.352885916366290742e-01 7.339482121950432481e-01 7.594028926302632820e-01 7.020295531243894160e-01 6.629213955872470532e-01 7.270896880570471010e-01 8.038789272981416989e-01 7.347389421383143659e-01 7.346980606202997421e-01 7.423314344499333250e-01 7.497300838519663779e-01 7.528507903147237945e-01 7.998010058124397359e-01 7.927575985714714335e-01 8.126599261791178641e-01 8.328122428591478998e-01 8.294511959124839517e-01 8.088701750838467319e-01 8.305667416853558249e-01 8.127818860896214304e-01 8.155188089390998929e-01 8.466430235228507017e-01 8.458007231785612534e-01 8.460128851488695201e-01 8.181245736407448677e-01 8.262729156583958900e-01 8.123403449561902301e-01 8.421759830430867177e-01 8.357555638997422598e-01 8.231280781277366954e-01 8.320570068200336955e-01 8.155035801755884384e-01 8.388218193598599992e-01 8.357281177771000991e-01 8.466001345308326043e-01 8.491218483928498761e-01 8.374961059152720155e-01 8.358105695518658340e-01 8.418708218775107222e-01 8.359985330378970625e-01 8.355548981388557506e-01 8.498653599322869567e-01 8.361578834072529443e-01 8.427495126217632304e-01 8.306503450390207988e-01 8.362924619151731465e-01 8.431822524952997666e-01 8.198059620902783395e-01 8.270070034025561734e-01 8.423419226855177744e-01 8.422623031292844065e-01 8.443608893286845829e-01 8.322134831606898819e-01 8.314644683091932942e-01 8.250515517829939416e-01 8.275512477179270965e-01 8.385494152415950975e-01 8.382923545615974525e-01 8.261665665490589561e-01 8.355947323188902542e-01 8.347366091233843211e-01 8.392551964710646129e-01 8.470506623914046962e-01 8.406169085106970362e-01 8.461493043432484207e-01 8.422144086241845073e-01 8.521373505315732455e-01 8.511702866700603387e-01 8.465804780516374972e-01 8.515972002584276668e-01 8.515875342170492468e-01 8.387632228085245556e-01 8.423385032677834783e-01 8.511081782000068374e-01 8.490510651708504941e-01 8.459696311197212326e-01 8.477877207963209205e-01 8.551723558209325393e-01 8.525954880094115396e-01 8.531250700920969265e-01 8.386124048468199810e-01 8.482156129052664806e-01 8.478904864273554276e-01 8.496639356804287502e-01 8.477351623687675586e-01 8.487151629285120125e-01 8.537811712880688519e-01 8.489233661049085944e-01 8.478907563866054931e-01 8.508198819580365946e-01 8.519810161534970838e-01
