1.000000000000000000e+00 2.768185959134546459e-01 3.382094028377363032e-02 6.513329018936932224e-02 -6.962869095902907146e-02 7.310212767727811145e-02 -7.792862251969233378e-02 -7.934056940922398771e-02 2.793656440185869894e-01 1.218121482975014630e-01 -1.535767526423030549e-03 1.048617350693758360e-02 -2.956953995997816872e-02 -5.369224692233275781e-02 -2.817582917258569866e-02 -1.517662555568658443e-02 1.570020616108544209e-01 3.075596886855282985e-01 1.803804546444691959e-01 8.334994800894530986e-02 1.327240402837351063e-01 1.407454920851402835e-01 2.257654160036460522e-01 1.928676445230239900e-01 1.538441348238509254e-01 2.137462960142175461e-01 2.097865307466752482e-01 1.870609506450690018e-01 2.150860710505432538e-01 1.975213790322789542e-01 1.542532366822491618e-01 1.529170251104074174e-01 1.595077744904854489e-01 9.394645407691963601e-02 1.435588708657790369e-01 8.431510565701748339e-02 1.158135000865442993e-01 1.014368833491746252e-01 1.143595870001983816e-01 5.203584806342062552e-02 6.913734134841344192e-02 4.754428998199058259e-02 -5.479054201415512436e-03 9.864792266297127410e-02 8.081070995218211928e-02 8.076712465079355363e-02 3.094375000375089099e-02 5.181380157570562167e-02 3.672561041564927770e-02 6.175689030758975406e-02 6.758795081773837088e-02 -9.308038700433892559e-03 -1.649802858621735382e-02 8.071057593563149557e-02 9.577228957050229474e-02 1.136491522561000195e-01 8.223909870452678073e-02 2.055713756169476672e-02 4.620024683511391589e-02 5.511981706973538564e-02 2.189096279371541970e-02 7.061270907603768576e-02 6.610886618709410634e-02 5.553502319377924545e-02 8.842953364835870467e-02 6.237915280723815847e-02 4.727356057006465440e-02 8.320971123494165511e-02 8.212697805676122398e-02 5.995412141186998167e-02 3.996032852769983851e-02 7.294838132406010478e-02 7.218126410041966756e-02 6.465868099419244674e-02 7.649487067287044639e-02 9.225809015625335840e-02 7.596486293427100189e-02 9.932267159970983861e-02 9.707526980375207060e-02 9.529572092681137807e-02 6.982056868229409574e-02 7.353926251004498649e-02 9.183790264218970323e-02 7.458812457303676258e-02 5.120807186524619498e-02 5.083103448143061476e-02 3.541397611061421202e-02 4.882493480368172573e-02 4.855531138905019861e-02 8.414700299194802224e-02 3.562713574290878732e-02 2.171386466648830144e-02 4.822243198511745599e-02 3.642284510762003324e-02 1.854666662994059606e-02 2.485279204023576813e-02 8.555862841173909189e-03 5.317178519844520390e-02 1.494383456684533935e-02 3.235292413573425535e-02 -2.245877670149348197e-03 3.382527056868610271e-02 1.614377837671508026e-02 1.542494109403103573e-02 3.241237896717197309e-02 7.604758177233499061e-02 2.581164151330405526e-02 3.834246158791142917e-02 5.729634689680116605e-02 2.017179077358226616e-02 2.242131947990556873e-02 2.698037328972548513e-02 3.172835295168140168e-02 4.541164203400573085e-02 5.169741648799771466e-02 4.338864109879901620e-02
2.768185959134546459e-01 1.000000000000000000e+00 1.193137936412345165e-03 5.843435205560085222e-02 4.316095678935803759e-02 9.911034682662031581e-02 1.740324729429385334e-02 2.386034345231066375e-02 2.441517334310039644e-01 2.190588271268557041e-01 8.947419930218729334e-02 9.373829764485025473e-02 7.163815395644382300e-02 3.002618863326597665e-02 8.784789764104465604e-02 9.700149073849531622e-02 2.025466738224534491e-01 2.389957379215541244e-01 2.052903939122933952e-01 5.926701304520723412e-02 1.031144705257543426e-01 1.661650541959456551e-01 2.164913505142609107e-01 1.753921442883645265e-01 1.929716773716879941e-01 2.179148713347000554e-01 1.950279670690531209e-01 2.110435867206220673e-01 2.509230513522592854e-01 1.891599974640164050e-01 1.742471734493790114e-01 2.012110402350237026e-01 2.164891850123842054e-01 1.257076886645844827e-01 1.698403878994834137e-01 1.306773765933354758e-01 1.497816342819180135e-01 1.543675502661109589e-01 1.604566480378685767e-01 1.378924149348216277e-01 1.739640434910329769e-01 1.505075759368419697e-01 9.666042891227992484e-02 1.571996647312018380e-01 1.410510374533072153e-01 1.413944782857574634e-01 1.308710699482448780e-01 1.489397091263026107e-01 1.256501263631722709e-01 1.227293401613622353e-01 1.338907126804430581e-01 7.961838167475671080e-02 6.943052269763799744e-02 1.602987738765427606e-01 1.555858311321635379e-01 1.845565664542921647e-01 1.542570654042050293e-01 1.248070037579863123e-01 1.328247727841954384e-01 1.454361558209003313e-01 1.244861635728665844e-01 1.402737372624652534e-01 1.416041948827885533e-01 1.325713948378214602e-01 1.586710931613085351e-01 1.341540978551447605e-01 1.460909280550334033e-01 1.659121063065258916e-01 1.611730081295088546e-01 1.326672034219765206e-01 1.267874375271953735e-01 1.506821769990896731e-01 1.395533019854226786e-01 1.434705058380434661e-01 1.601897664260249488e-01 1.747965541189427374e-01 1.732268087140834134e-01 1.969623937076851461e-01 1.726240824891285275e-01 1.540049310354512924e-01 1.506417298043302988e-01 1.520685951352445386e-01 1.672551372276707693e-01 1.634052646497684835e-01 1.378550983621718573e-01 1.312189727484459056e-01 1.259941465125929139e-01 1.426771833364168240e-01 1.404699102001736033e-01 1.676900421544002262e-01 1.425062904270631425e-01 1.389325764151179421e-01 1.360556692002719004e-01 1.367956503201030460e-01 1.283526007174716765e-01 1.356932147085919971e-01 1.012438640224690711e-01 1.298456916135526107e-01 1.181071886624052297e-01 1.266244977959285478e-01 1.016573258381005679e-01 1.263003855534500786e-01 1.133428143747786110e-01 1.226706772058997474e-01 1.280674440242374201e-01 1.536547135197504910e-01 1.273272760532482284e-01 1.464553011784167358e-01 1.539075546359537638e-01 1.296471593211808992e-01 1.260368148136672972e-01 1.323972299878393155e-01 1.279927440085394386e-01 1.371320967302636917e-01 1.451665705083121927e-01 1.360649700922010319e-01
3.382094028377363032e-02 1.193137936412345165e-03 1.000000000000000000e+00 2.316656090190536421e-01 1.423138978070271066e-01 1.053988957417557049e-01 2.436669534698500394e-01 2.203622009517232638e-01 2.143586619483212885e-01 2.101058355114634457e-01 2.501245288788214727e-01 2.599427614457406333e-01 2.452727448481196448e-01 1.686204375378233256e-01 2.573327936846421804e-01 2.607521308365810531e-01 2.134991761681507005e-01 1.371431350287281026e-01 1.767134333415930070e-01 1.723426321393859151e-01 1.734801954168121996e-01 1.804878543202639296e-01 1.646160434501278969e-01 1.528313902496027110e-01 1.935017267853254563e-01 2.651864459392558881e-01 2.672795472053499100e-01 2.751718809544688726e-01 2.107602433431217948e-01 2.344220821585139836e-01 2.786907903327445757e-01 2.137839659161257788e-01 2.265827419180218016e-01 2.230489365487440256e-01 2.336655917178345754e-01 2.381425449769726810e-01 2.432887866958285128e-01 2.554239573090378856e-01 2.449436321674519912e-01 2.462753149126950536e-01 2.586763484514558176e-01 2.730087478636001874e-01 2.600811714608494696e-01 2.656451947160023974e-01 2.626984931234382370e-01 2.826576195734920582e-01 2.648040561760886535e-01 2.625161466866692273e-01 2.622338221871915453e-01 2.455483151345845272e-01 2.647270632419401193e-01 2.565233706334553720e-01 2.800227521694420019e-01 2.680059801799733465e-01 2.621515957872440072e-01 2.468272980074673328e-01 2.523060152993392147e-01 2.735426158162316268e-01 2.699283484491105667e-01 2.710178547121430137e-01 2.770118928892791321e-01 2.701547118301773631e-01 2.520000119023673713e-01 2.768934566870582259e-01 2.598801905256735711e-01 2.645379981534836111e-01 2.620990990093413076e-01 2.580033131161081350e-01 2.431996282855605762e-01 2.492357912423943389e-01 2.542352655335194389e-01 2.690963673986382365e-01 2.401676380202887873e-01 2.543266441131117883e-01 2.745519778431721458e-01 2.762673665315869553e-01 2.701912922571219067e-01 2.554098258743185967e-01 2.649152784637936464e-01 2.701998762703008428e-01 2.580747282373741514e-01 2.774062583470441878e-01 2.493691254650323430e-01 2.594318958940552422e-01 2.566782889682353019e-01 2.546029685103686213e-01 2.624159719670176028e-01 2.693877503884906655e-01 2.676030811314573654e-01 2.530166280771578569e-01 2.747645750221553440e-01 2.682088499085227840e-01 2.683796609829602331e-01 2.746220015531671277e-01 2.693377799537675643e-01 2.662930013270916607e-01 2.666633633701998574e-01 2.644236038296405855e-01 2.740537718513880727e-01 2.689793220376220928e-01 2.769307708129987722e-01 2.702984113071666417e-01 2.775528459947994575e-01 2.734693603563684849e-01 2.662383134995208733e-01 2.571548369018071267e-01 2.676100445860086774e-01 2.673285421589604027e-01 2.626467163296813956e-01 2.662777974036940609e-01 2.689903351503264983e-01 2.713490821732081337e-01 2.708835319057694702e-01 2.703888899504987009e-01 2.654721237857822214e-01 2.658883058837562263e-01
6.513329018936932224e-02 5.843435205560085222e-02 2.316656090190536421e-01 1.000000000000000000e+00 2.026977344835991235e-01 2.825578623095498787e-01 3.839788281430991379e-01 3.212369138626402498e-01 4.025588156381914029e-01 3.601473216200298255e-01 4.263644687699835178e-01 5.125738177981448151e-01 3.984416999531754100e-01 3.243120912192993810e-01 4.508165895697613390e-01 4.180409696316418899e-01 4.007733767343629738e-01 4.189480505844138669e-01 4.178039339607327873e-01 4.211362898928397991e-01 4.638772582539412714e-01 4.755249505200971338e-01 3.993869544686815543e-01 4.440949682185266756e-01 4.414832933779191948e-01 5.077932011470227547e-01 5.196516320038212511e-01 4.779991658083306838e-01 4.396822471253188369e-01 4.987677371408861804e-01 5.014838501540661575e-01 4.682841253645693147e-01 4.407221142218470944e-01 4.857670802166795254e-01 4.667701574476112447e-01 4.873426949408294906e-01 4.938338892591372931e-01 4.901168449396354210e-01 4.985530777580566841e-01 4.981674692936329807e-01 4.864174656033685706e-01 4.928610566078935329e-01 4.950912178999824498e-01 5.286026974002207002e-01 5.146238370269230478e-01 4.867541299517173514e-01 4.746275637446110141e-01 4.649552272409135378e-01 4.841645555892354347e-01 4.978352691706934285e-01 4.954167584712029782e-01 5.050150670426585275e-01 4.839978625652671673e-01 4.723533230813982686e-01 4.864786016872496011e-01 4.612537955309332638e-01 4.965131523427065985e-01 4.852423100540799727e-01 4.823180461681359499e-01 4.878885994837048323e-01 4.836648059863153382e-01 4.919110721121706109e-01 4.901422864979680938e-01 4.847122268070061524e-01 4.821691193710391232e-01 4.848823814073967564e-01 4.620875876956317407e-01 4.752240207904603886e-01 4.704845574910673789e-01 4.873820175380301767e-01 5.000163035699689562e-01 4.944354992947898597e-01 4.777531167073483243e-01 4.832450797841842949e-01 5.003276486188378280e-01 4.920712580619880927e-01 4.680611111200424501e-01 4.612239796643943235e-01 4.992261569625158213e-01 4.949937974070774405e-01 4.883377744800539988e-01 4.975537231318188369e-01 4.696987540110325599e-01 4.673818740322019938e-01 4.855948962323790030e-01 4.817718918120058591e-01 4.837090614323288351e-01 4.857057471032908413e-01 4.867509590358547467e-01 4.708266441221310994e-01 4.875036047371567038e-01 4.802772848587765764e-01 4.965037412262053862e-01 4.958762958834398438e-01 4.690862935556576185e-01 4.661513398212959736e-01 5.101635068079719559e-01 4.887494379518160237e-01 4.786193114150693595e-01 4.827850983320388645e-01 4.824104598826744472e-01 4.956969143034713476e-01 4.899154980476760346e-01 4.909862296580088659e-01 4.925708362088058179e-01 4.844644438945206466e-01 4.749545436781323904e-01 4.610425600611494645e-01 4.732343140057733155e-01 4.779315515030566619e-01 4.836801956714671946e-01 4.754259198979628454e-01 4.882739602730274409e-01 4.785430674174089294e-01 4.756632045574633594e-01 4.821476707056975286e-01
-6.962869095902907146e-02 4.316095678935803759e-02 1.423138978070271066e-01 2.026977344835991235e-01 1.000000000000000000e+00 2.133552149153508659e-01 3.845879326442511181e-01 3.713552670935049149e-01 2.953733847072589347e-01 2.714499931904467145e-01 3.459711038699906371e-01 3.793219004384965065e-01 4.057841068143275276e-01 2.872655903223763629e-01 4.266175881206067388e-01 4.084345611105875684e-01 3.175361704854542944e-01 2.033883857632750591e-01 2.539154661573195249e-01 2.802904959415746800e-01 2.751611118574664450e-01 2.632280127691319915e-01 2.443735371489443864e-01 2.548156893061319650e-01 2.645627112072710951e-01 3.271191282783035281e-01 3.232060450289702125e-01 3.432419000508622475e-01 2.943001963329754944e-01 3.078105168224390398e-01 3.295897176366968662e-01 3.486217093705534231e-01 3.413994300870642484e-01 3.583848954952144061e-01 3.259141615222247435e-01 3.667911650814277835e-01 3.510754630400063636e-01 3.997313113495836179e-01 3.712091916640214428e-01 3.854320981059606854e-01 3.996805470709979269e-01 4.108658983013641630e-01 4.144391453358280408e-01 4.090106089178964788e-01 3.876011226552488198e-01 3.935183827224106312e-01 4.147473156226689772e-01 4.061571844305239543e-01 4.096655725341942778e-01 3.936166713854128973e-01 4.124346084893882880e-01 3.938647864293455259e-01 4.175849156067129586e-01 3.982605653843584448e-01 3.875691409380404018e-01 3.681690343196462045e-01 3.942515538379625095e-01 4.167969822960610471e-01 4.092471103013684552e-01 4.161964908760483750e-01 4.191466056124112383e-01 4.114475798426072695e-01 4.042706763405688464e-01 4.170858200141520089e-01 3.912476756276634382e-01 4.060839174515331051e-01 4.089679562999895546e-01 3.888267496360169884e-01 3.878103077566408263e-01 3.951373575566310414e-01 3.865094812198075491e-01 3.903836047285133004e-01 3.839838595471306015e-01 3.747733578340211036e-01 4.002729873307188657e-01 3.978383721525412531e-01 4.023256324784021398e-01 3.742294395778577587e-01 3.837858754900556058e-01 3.857800185481614630e-01 3.861187298166644521e-01 3.933507192061886371e-01 3.864835417873314083e-01 3.929389889133985125e-01 4.036410834557870864e-01 4.010706778478708157e-01 4.037606025893294426e-01 4.156020561825273241e-01 4.046067725260865666e-01 3.867665289013976770e-01 4.151574156580972175e-01 4.204696226245917545e-01 4.042212197926224326e-01 4.184085587335579781e-01 4.178510202779588401e-01 4.154092563121566384e-01 4.204572047041522098e-01 4.100304571009373289e-01 4.224084687000292382e-01 4.225513042207203473e-01 4.245223295579200196e-01 4.138946196583043746e-01 4.195674962550554055e-01 4.252097515100536351e-01 4.115411364804123506e-01 3.995013372561884157e-01 4.205259908889964482e-01 4.109291150652011337e-01 4.018907051414264964e-01 4.179072183113495265e-01 4.218332216545830904e-01 4.212293705252778686e-01 4.203832840703518037e-01 4.153756003945903719e-01 4.075270294808853166e-01 4.113139066296218060e-01
7.310212767727811145e-02 9.911034682662031581e-02 1.053988957417557049e-01 2.825578623095498787e-01 2.133552149153508659e-01 1.000000000000000000e+00 3.349131312182099252e-01 2.993459878446866895e-01 4.114893212689400004e-01 3.766636156272983871e-01 4.049087547601122328e-01 4.643930372527488304e-01 4.032813717204505877e-01 3.357581971706546375e-01 4.517537955333127964e-01 4.429142919813320867e-01 4.219279491568265206e-01 4.008162496233080296e-01 4.108036423434454076e-01 3.662608292590499026e-01 4.009498412167242232e-01 4.212310081878956058e-01 4.212188160606431531e-01 4.332542701999169688e-01 4.387541709818277291e-01 4.682272255036672992e-01 4.630175584582252868e-01 4.623273064245209119e-01 4.338848338048824083e-01 4.677874397231069903e-01 4.737374672771521578e-01 4.790359071601664742e-01 4.450669200236433420e-01 4.709137892267779568e-01 4.513711262901577981e-01 4.796202741942979797e-01 4.708888119675229134e-01 4.874088515599759863e-01 4.848573672687682135e-01 4.964566630968488270e-01 5.001109055823669269e-01 4.937779809618463855e-01 4.770592879321288171e-01 5.038497555461070032e-01 5.023760410108621954e-01 4.798804912115254284e-01 4.919773061555905991e-01 4.980748061902728341e-01 4.986651321938210812e-01 4.852562173213346153e-01 4.926420309606101000e-01 4.717852497072471674e-01 4.738174703314719793e-01 4.904781846658452515e-01 4.934057144627634339e-01 4.854527959726081532e-01 4.990881389965274861e-01 4.942343288144192548e-01 4.976279528944502761e-01 4.979530962477642930e-01 4.926098872339007562e-01 4.921976718491438696e-01 5.022939654991813718e-01 4.906471491540995711e-01 4.887708568270787146e-01 4.945842304408336609e-01 4.906983558800984691e-01 4.978533257820597080e-01 5.025669869187987526e-01 4.987405312237565558e-01 4.919157042289999393e-01 4.971102574199264823e-01 4.939138831308428901e-01 4.938113859915401194e-01 5.051216922672526755e-01 5.039812045284517428e-01 4.931220666128053320e-01 4.803497355221923448e-01 4.978752712407523151e-01 4.952813391413865562e-01 4.998282030222273575e-01 4.989937962129434301e-01 5.011880912186317261e-01 4.885369198375590361e-01 4.971243992168214998e-01 4.957956148022783505e-01 5.000255335075497465e-01 4.970317631036992867e-01 4.995313370034592526e-01 4.987971135881806850e-01 5.005671139220508881e-01 4.994467649912991969e-01 5.048934649765293159e-01 5.012541737957666443e-01 4.936024395472398685e-01 4.960567340945030712e-01 5.008489335965875533e-01 4.992518612206061634e-01 4.924538370467880788e-01 4.972864185860032538e-01 4.912807719020784170e-01 4.981801099281367162e-01 4.898819777327227398e-01 4.989964613304935237e-01 5.023130109121680675e-01 5.030595372955716238e-01 4.969367268824487205e-01 4.947631818817465055e-01 5.012110700810460395e-01 4.974400646335505605e-01 4.996248514645537098e-01 4.937682089183801359e-01 4.979381814477335522e-01 4.958964759263838062e-01 4.940676556761713911e-01 4.996968512683856445e-01
-7.792862251969233378e-02 1.740324729429385334e-02 2.436669534698500394e-01 3.839788281430991379e-01 3.845879326442511181e-01 3.349131312182099252e-01 1.000000000000000000e+00 6.157778226657129039e-01 4.939349364940940901e-01 4.602366441526880014e-01 5.808234907253497781e-01 6.512390425452013742e-01 6.057706653725963841e-01 5.005032128148445558e-01 7.377705624641295312e-01 6.633722313201672049e-01 5.167620492859152925e-01 3.738759198078203116e-01 4.704221132008500894e-01 4.945856110147566209e-01 4.747468092914913229e-01 4.767874167311711431e-01 4.378655851227977736e-01 4.826680609331360783e-01 4.926956525388838104e-01 5.411872600024970614e-01 5.594118740058025008e-01 5.888953378201187139e-01 5.071943425697665875e-01 5.701692142633225657e-01 6.059349020912703221e-01 6.102692894795938017e-01 5.993359884960421935e-01 6.398065086316157002e-01 5.961518406656678426e-01 6.296587085662685990e-01 6.242175157681089104e-01 6.811788608216541308e-01 6.577823480410791568e-01 6.570052901697199799e-01 6.656582739613294830e-01 6.848639741351063570e-01 7.059949183050200361e-01 6.698994354497509462e-01 6.548081775121167292e-01 6.845841404681978215e-01 6.925689907864437389e-01 6.779771306162005740e-01 6.819560776986747230e-01 6.782407204707460169e-01 6.943545594731529436e-01 6.756093182349763859e-01 7.017758208860117586e-01 6.550490165174360779e-01 6.415090928398125003e-01 6.102143775466625231e-01 6.465736432502763309e-01 6.845710223213999912e-01 6.782529949859801288e-01 6.820710777353722332e-01 6.968543597916951882e-01 6.772169504652606475e-01 6.586652194452554676e-01 6.891815846032016690e-01 6.464904985938171311e-01 6.701550979007570019e-01 6.790176713055792179e-01 6.535920355974403906e-01 6.503299298311023824e-01 6.647937402906537452e-01 6.682002436695896330e-01 6.625545193043573811e-01 6.522082912751695494e-01 6.554072037087695923e-01 6.669015978483863183e-01 6.598166817831293551e-01 6.673191683856012357e-01 6.327083697493449677e-01 6.534065419006042097e-01 6.577701381313828533e-01 6.581171573596296120e-01 6.694694845288209351e-01 6.438737080070444652e-01 6.683407157261038734e-01 6.867972210771418062e-01 6.816651562297277867e-01 6.873241713092372862e-01 6.951539901327851156e-01 6.939465248096549077e-01 6.444188467747061777e-01 6.937982537275380057e-01 6.928052095657385445e-01 6.804107383014015298e-01 6.940808999451374417e-01 6.901553765425890719e-01 6.866011975825734304e-01 6.962498440250690646e-01 6.843875864240926976e-01 7.002801094359782930e-01 7.021369459100521571e-01 7.103496703096806586e-01 6.914495226091570412e-01 7.014326339545674527e-01 6.997814610687600467e-01 6.868694278481209947e-01 6.568413541611195505e-01 6.933862484304842422e-01 6.813406417254135317e-01 6.624043405184923961e-01 6.892799510542817476e-01 6.940410360324849037e-01 6.907297786576833687e-01 6.919445034999645028e-01 6.878361391324250285e-01 6.699878792304593267e-01 6.800322729761426599e-01
-7.934056940922398771e-02 2.386034345231066375e-02 2.203622009517232638e-01 3.212369138626402498e-01 3.713552670935049149e-01 2.993459878446866895e-01 6.157778226657129039e-01 1.000000000000000000e+00 4.875376916379263181e-01 4.555037002716524341e-01 5.583316754061274922e-01 5.893307958141338343e-01 5.956457207415568611e-01 4.728577896906294709e-01 6.704358641390916196e-01 6.515154642725762280e-01 5.050767823205247753e-01 3.424750957374403382e-01 4.256052424740818796e-01 4.343089386442498534e-01 4.111494593516923368e-01 4.130989012925661563e-01 4.104480664059680373e-01 4.329347863089280657e-01 4.484660044339738860e-01 5.221930957760250180e-01 5.288068886142994751e-01 5.629405304580064051e-01 4.874985625370858444e-01 5.290580910191261532e-01 5.558045463825918020e-01 5.804240618409386432e-01 5.570452864229854528e-01 6.013185170350143771e-01 5.632489195625066669e-01 5.897888923573322284e-01 5.825464469652473776e-01 6.562951764926742149e-01 6.166505097180964290e-01 6.129635799621737657e-01 6.373944183569323352e-01 6.453216374014527634e-01 6.617284034973738294e-01 6.382809008327710032e-01 6.087636553141619888e-01 6.488690527921994189e-01 6.597048433078875895e-01 6.500110785113947243e-01 6.545668046257490102e-01 6.488320138891620070e-01 6.661035500099948825e-01 6.318016509017041482e-01 6.618170154448327347e-01 6.370701021954013887e-01 6.221536210297710090e-01 5.941825404389389220e-01 6.227413759187578890e-01 6.588416749357205449e-01 6.570572579897498988e-01 6.508039196894874756e-01 6.640107986226108094e-01 6.513534832524804363e-01 6.367765137608758508e-01 6.585633195579452259e-01 6.217327495387783287e-01 6.386355204489138071e-01 6.529549810403011412e-01 6.239340097951482367e-01 6.198526638594478166e-01 6.222534403377185663e-01 6.182240069938811367e-01 6.246590958629061330e-01 6.169979046349427509e-01 6.152504785636321305e-01 6.399068473562681270e-01 6.285488753721639732e-01 6.403125319500296841e-01 6.094249521238133127e-01 6.199884855390348504e-01 6.223546498104990388e-01 6.232462340491684571e-01 6.331097621334431658e-01 6.188418287678779661e-01 6.353229105795847875e-01 6.522161240530024440e-01 6.499268408858873691e-01 6.488158493653696235e-01 6.648855516446731118e-01 6.539898271091016957e-01 6.181389544665587543e-01 6.571629583490724569e-01 6.610390129298190365e-01 6.424817213862163978e-01 6.597723674776636571e-01 6.583965066012963385e-01 6.574734114366758142e-01 6.628930178789110839e-01 6.553357044007266374e-01 6.704986289253059839e-01 6.688074509594162942e-01 6.759715240659389668e-01 6.608293849761804895e-01 6.629645551326892594e-01 6.678829011129348014e-01 6.534215516116482769e-01 6.296575138695692520e-01 6.617230114650346495e-01 6.555623818918314694e-01 6.377939564399166539e-01 6.595691291842941117e-01 6.636158212761291697e-01 6.588058482791745440e-01 6.618212938251730737e-01 6.563204437975193040e-01 6.411093732264627754e-01 6.477138953239506280e-01
2.793656440185869894e-01 2.441517334310039644e-01 2.143586619483212885e-01 4.025588156381914029e-01 2.953733847072589347e-01 4.114893212689400004e-01 4.939349364940940901e-01 4.875376916379263181e-01 1.000000000000000000e+00 6.460617355598803346e-01 6.415650546640784269e-01 6.891375288072997263e-01 6.112326324478551953e-01 5.139196632697707878e-01 6.838661513926719282e-01 6.740777351593909561e-01 7.336743516863761805e-01 7.175829860112649117e-01 7.023747872685982552e-01 5.867260003386487455e-01 6.431205076882221539e-01 6.586878448165804922e-01 7.192142089195647792e-01 7.205377324618030821e-01 6.945841225000314312e-01 7.845815354620591098e-01 7.775162769905165083e-01 7.994635855298721783e-01 7.457760047948668314e-01 7.909743445486111524e-01 7.799360997438783416e-01 8.077356909294483023e-01 7.649896623522945971e-01 7.662363263664347945e-01 7.717478168298000929e-01 7.540570889979443248e-01 7.832909436765320699e-01 7.972292615454348308e-01 7.943576457376761990e-01 7.604911133724494565e-01 7.966758590842707433e-01 7.811453607904186303e-01 7.397279521556693327e-01 8.005062785707758310e-01 7.856250452918497329e-01 7.885333023161916755e-01 7.875275448145763191e-01 7.998654210820058674e-01 7.844894081060433955e-01 7.767115137152199589e-01 7.909736781382685766e-01 7.201733234855450805e-01 7.333972353551707624e-01 8.037957104488958615e-01 8.008237522666529218e-01 8.003273674172787233e-01 7.998550107207293980e-01 7.761673664210642087e-01 7.868822246429463263e-01 8.013631171577408896e-01 7.791740571830939599e-01 7.989006432341388964e-01 7.905166060145465412e-01 7.914642683833617021e-01 8.081279159670281542e-01 7.967187489150102664e-01 7.964348837776530354e-01 8.096868492673303663e-01 8.072216134304218693e-01 7.928188851222571776e-01 7.764161551056407706e-01 7.996380172661956554e-01 7.963641508692225202e-01 7.887262802601481271e-01 8.103332546907048295e-01 8.120091084884270005e-01 8.012574693703679030e-01 7.962226266476498671e-01 8.079111024502048100e-01 8.076074428885159362e-01 8.030439480482157721e-01 8.058295821577405871e-01 8.096150472637592133e-01 7.987822691278358977e-01 7.916656259874869095e-01 7.959492994873856864e-01 7.878543256491394864e-01 7.960903031245395445e-01 7.952541630050321553e-01 8.073605454430545780e-01 7.874515183935468787e-01 7.866999616208594226e-01 7.993630767840280704e-01 7.899355269993830753e-01 7.853523425776220979e-01 7.873920808606859056e-01 7.672130947709877580e-01 7.971820784075964728e-01 7.817056756036446785e-01 7.891698990200658459e-01 7.687592560033401634e-01 7.891303183509160712e-01 7.787772051444178389e-01 7.837079997765452610e-01 7.894224910648762750e-01 8.055820895337048038e-01 7.889601891583674087e-01 7.944408916826700695e-01 7.996467634641220013e-01 7.856982582993959907e-01 7.836983142248845624e-01 7.919243935764069819e-01 7.907991328259014185e-01 7.983648651334269708e-01 7.992685787224687033e-01 7.960722743496725373e-01
1.218121482975014630e-01 2.190588271268557041e-01 2.101058355114634457e-01 3.601473216200298255e-01 2.714499931904467145e-01 3.766636156272983871e-01 4.602366441526880014e-01 4.555037002716524341e-01 6.460617355598803346e-01 1.000000000000000000e+00 5.869768821501661904e-01 6.225609826902217536e-01 5.783341171624776234e-01 4.918188123643895682e-01 6.339661117456312223e-01 6.303991791267290479e-01 6.116230094367929304e-01 5.308305284958741987e-01 5.354699847031469950e-01 4.911915865417543769e-01 4.928607432339861538e-01 5.042565089851058779e-01 5.776290610406120685e-01 5.422452343630979055e-01 5.388753964342708480e-01 6.554653238940130189e-01 6.266085668610373860e-01 6.730389611334626210e-01 6.284707488938399145e-01 6.383850950574807559e-01 6.500721148234117619e-01 6.886059819716602304e-01 6.557700595259674525e-01 6.462093002570057365e-01 6.488676194386187035e-01 6.438824097621121956e-01 6.551913722824536102e-01 6.962952007013223366e-01 6.744073866517912297e-01 6.719079874720560452e-01 7.101277645411905315e-01 6.953044719448402411e-01 6.579549459535786182e-01 6.906322108020842565e-01 6.725149395121537976e-01 6.865186396960969439e-01 7.107765371425704970e-01 7.253441359287768897e-01 7.080285266868935334e-01 6.770426141710470525e-01 6.939086395278678543e-01 6.172140536424816082e-01 6.466348138412725266e-01 7.255092390374235922e-01 7.130574412381229799e-01 7.111466945972604314e-01 7.085099707228265098e-01 7.039961908909478927e-01 7.156597047507015086e-01 7.153251117619962018e-01 6.983217093100086981e-01 7.095934818942655209e-01 7.117553654377281047e-01 7.017230441102544347e-01 6.975479007050601199e-01 7.030289539812869526e-01 7.155003806545667810e-01 7.054343149099762122e-01 7.150483550481067097e-01 6.981408978745440308e-01 6.694942782860456854e-01 6.910747248711875956e-01 6.882498313920175637e-01 6.760594243827139360e-01 7.172978672977350367e-01 7.168661250478862712e-01 7.170679146791989478e-01 7.064576330431654450e-01 6.974481890800428019e-01 7.002758346229162045e-01 6.961586182282829549e-01 7.059029155618863349e-01 7.156881759994628833e-01 7.066321703082135697e-01 6.996289908227580900e-01 6.974287297735322078e-01 6.984693577453667812e-01 7.121022569539956493e-01 7.037207942192025278e-01 7.173808617878721927e-01 7.068514729534864927e-01 7.110789037083647957e-01 7.030376151162324172e-01 7.075951309319580274e-01 7.124316854053274195e-01 7.176045329694664687e-01 6.844571213981113234e-01 7.029008534470607694e-01 7.038501456727030980e-01 7.028918504974379644e-01 6.911358152629442086e-01 7.050196884822237386e-01 6.937173094314559307e-01 7.035473630159624348e-01 7.043267177681026281e-01 7.167138159010486564e-01 7.129905267792073786e-01 7.228505396954870710e-01 7.218225384337031425e-01 7.117526871925009546e-01 7.099373979185895633e-01 7.122816347438055695e-01 7.121639688448799799e-01 7.136484718985172115e-01 7.090055637163965585e-01 7.114605740047890148e-01
-1.535767526423030549e-03 8.947419930218729334e-02 2.501245288788214727e-01 4.263644687699835178e-01 3.459711038699906371e-01 4.049087547601122328e-01 5.808234907253497781e-01 5.583316754061274922e-01 6.415650546640784269e-01 5.869768821501661904e-01 1.000000000000000000e+00 7.645507384093265246e-01 6.719478995887766537e-01 5.605166835085496624e-01 7.414981994416321998e-01 7.363319656575936234e-01 6.827041643589510933e-01 5.700538138254329645e-01 6.465686037121716190e-01 5.487388087561705374e-01 6.012132652986095227e-01 6.351720005626217969e-01 6.116425863364156612e-01 6.279553115365589244e-01 6.566118405993496276e-01 7.250991168194699243e-01 7.301354924284140235e-01 7.420023134673616738e-01 6.595652121712358706e-01 7.168761613035442570e-01 7.700195837654107978e-01 7.548863193601422772e-01 6.944901908325553652e-01 7.404082163894396551e-01 7.276430753274818475e-01 7.458984900597085410e-01 7.564210471102859046e-01 7.816917970040326846e-01 7.720376127937406130e-01 7.788724553123419492e-01 8.033252530827894589e-01 8.035326400214468645e-01 7.936069262352198894e-01 7.982058481516781656e-01 7.892459749536091529e-01 7.926981512577605526e-01 8.131330151776551274e-01 8.077329430729044413e-01 8.032514648309121430e-01 7.705255386260284611e-01 7.945003204517439022e-01 7.633017554986635256e-01 7.826934601815224157e-01 7.929744271121933474e-01 7.837317519656511466e-01 7.727493682140236242e-01 7.823300496818380578e-01 8.156285317394152967e-01 8.039797640742311069e-01 8.130405243690145278e-01 8.157851442445238632e-01 7.991199109922014765e-01 7.932945527006657338e-01 8.055991946083839172e-01 7.997762567552290092e-01 7.919567239214636567e-01 8.139630717058298215e-01 8.074010282934197535e-01 7.988454417838961596e-01 7.919729148983188916e-01 8.001681820065282835e-01 8.097213310953743637e-01 7.909706851347687584e-01 7.963601890412536077e-01 8.182249770416059054e-01 8.122184962201344227e-01 8.052714772526925469e-01 7.819922430309395045e-01 8.030530684518240037e-01 8.008292170662839604e-01 8.018342429636120539e-01 8.179240111843705252e-01 8.019479727667376823e-01 7.997829456630372036e-01 7.977037279646793655e-01 8.037025600809476478e-01 8.107185385048392146e-01 8.136662415368881573e-01 8.132741847008911895e-01 8.029416916903756585e-01 8.223746021022098063e-01 8.204009559610578872e-01 8.153497713850827999e-01 8.212628212043583398e-01 8.174728755023205062e-01 8.155153438795835763e-01 8.026882374790522690e-01 8.034832060212558913e-01 8.183197220334726962e-01 8.143840282718005641e-01 8.186062795421957805e-01 8.130362963720975111e-01 8.069108413461595353e-01 8.222268799467696843e-01 8.139554403791210424e-01 7.997489577868209798e-01 8.154629150927900083e-01 8.158155153199492249e-01 8.100378944352119026e-01 8.183932958497450727e-01 8.158421220909968241e-01 8.176064377825648100e-01 8.153447837589690161e-01 8.161663649235524343e-01 8.133807494078015843e-01 8.086209668553673291e-01
1.048617350693758360e-02 9.373829764485025473e-02 2.599427614457406333e-01 5.125738177981448151e-01 3.793219004384965065e-01 4.643930372527488304e-01 6.512390425452013742e-01 5.893307958141338343e-01 6.891375288072997263e-01 6.225609826902217536e-01 7.645507384093265246e-01 1.000000000000000000e+00 7.214135169541260328e-01 6.029975292942152398e-01 8.192779783270751626e-01 7.859416956690704614e-01 7.218550747814249657e-01 6.336924461344463078e-01 7.019608830733519156e-01 6.643960308985981111e-01 7.170314496681113869e-01 7.232234258270491267e-01 6.655760620825676988e-01 7.158385352634663024e-01 7.222117330288168047e-01 7.795222405015278522e-01 7.925814874611274430e-01 7.981096373566429758e-01 7.058390665292825217e-01 7.928529229960631364e-01 8.202742362573959278e-01 8.160296273810815348e-01 7.541700221113427638e-01 8.255917449225359528e-01 7.828738536861703512e-01 8.263616084949199081e-01 8.282711704319883905e-01 8.553796511958872140e-01 8.454347133119749502e-01 8.606669153477504164e-01 8.674764714078008199e-01 8.708415207457951279e-01 8.673251471864507067e-01 8.724856863964269849e-01 8.705288693033850222e-01 8.531424102451552471e-01 8.739888218319253888e-01 8.654400823187428093e-01 8.757121249514222550e-01 8.604257076315264818e-01 8.712660864958542417e-01 8.592286181565536030e-01 8.669548907906853286e-01 8.517311533441708216e-01 8.526328103483122867e-01 8.241321648615965723e-01 8.675833451888502745e-01 8.749540852461645812e-01 8.690576314069348163e-01 8.794043502132581347e-01 8.782994614048214022e-01 8.709439300422471275e-01 8.659467486109556633e-01 8.706697014304959348e-01 8.586320488054066669e-01 8.681698254581318164e-01 8.664121245238011193e-01 8.659158523066956548e-01 8.587611559483955270e-01 8.726340428086495349e-01 8.781979626469303968e-01 8.758963239382900889e-01 8.593722164945957198e-01 8.644009252545821198e-01 8.754054966722157882e-01 8.714220116349337131e-01 8.562367946613602676e-01 8.276230337703309736e-01 8.637948301118947292e-01 8.615592611432040249e-01 8.669587663618802953e-01 8.731152449336022636e-01 8.571291950543321603e-01 8.556236701839051717e-01 8.680660324634297265e-01 8.715881378239739297e-01 8.777490179637602585e-01 8.749440772305562275e-01 8.759244307617475300e-01 8.552273412515202233e-01 8.807543149169660968e-01 8.796077302197893300e-01 8.837254858664610468e-01 8.819966982262581467e-01 8.762917406294634670e-01 8.713188161488982786e-01 8.851786451791551213e-01 8.763932518753944079e-01 8.805107458347868343e-01 8.797323882016491181e-01 8.817721266453634188e-01 8.801063182189159395e-01 8.802232991760949865e-01 8.861810489112206257e-01 8.848303249966249506e-01 8.662371441756898660e-01 8.764595889027314568e-01 8.674062113829893450e-01 8.650023342642902957e-01 8.796520468764291723e-01 8.811222843126222948e-01 8.764475397525174349e-01 8.800738400358069091e-01 8.765964317037162612e-01 8.722481537286954634e-01 8.763867521342462164e-01
-2.956953995997816872e-02 7.163815395644382300e-02 2.452727448481196448e-01 3.984416999531754100e-01 4.057841068143275276e-01 4.032813717204505877e-01 6.057706653725963841e-01 5.956457207415568611e-01 6.112326324478551953e-01 5.783341171624776234e-01 6.719478995887766537e-01 7.214135169541260328e-01 1.000000000000000000e+00 5.798456924038614124e-01 7.679103783313718790e-01 7.658075257695171612e-01 6.437822623942793809e-01 5.096686499888440913e-01 5.798295103773631887e-01 5.277435600936158933e-01 5.433188240743896946e-01 5.621724764041267086e-01 5.658358420202069805e-01 5.866670305698347132e-01 5.990079799538743366e-01 6.766914113482578319e-01 6.703551947312070824e-01 7.066555306411121951e-01 6.436858423341106361e-01 6.625169846679432872e-01 6.947979661319599876e-01 7.278420173621422684e-01 6.908502658547260866e-01 7.259185000392511800e-01 6.965724230026160146e-01 7.151795619412489868e-01 7.154114719022178770e-01 7.646390214381250106e-01 7.413704760340079636e-01 7.563704935937517471e-01 7.829865934413517969e-01 7.829839987912774468e-01 7.738717675960011810e-01 7.719977169439877773e-01 7.535750447233025007e-01 7.635077744855748305e-01 8.017064083337931413e-01 7.976018714236271512e-01 7.972316927644713669e-01 7.697723493152441865e-01 7.817482242306096341e-01 7.580427520139296771e-01 7.759714676895359542e-01 7.841308646056648346e-01 7.678690177716702703e-01 7.526857472596021337e-01 7.774464249052347453e-01 8.017072200582582298e-01 7.941080107693671009e-01 7.992033516835161944e-01 8.045958336283904888e-01 7.878387379369002907e-01 7.809847678702221963e-01 7.940744610945994486e-01 7.707908363221538384e-01 7.835707950335059069e-01 8.030571175871084044e-01 7.848745568447544896e-01 7.825815737335379829e-01 7.743486863664060804e-01 7.741137925519574470e-01 7.803768282486428509e-01 7.737307632870645824e-01 7.684679281064348277e-01 7.958613045606482972e-01 7.877176776192010843e-01 7.923249702688204277e-01 7.699912947545616282e-01 7.694091960531184160e-01 7.694014395536954432e-01 7.754143393955544861e-01 7.842001783412597682e-01 7.789601847469742602e-01 7.871357407669574702e-01 7.918174227041798741e-01 7.913431474336273252e-01 7.930888200736337934e-01 8.026041826436071114e-01 7.945229601635425132e-01 7.822384022676220905e-01 8.026234487946406482e-01 8.089170243324649290e-01 7.943201669384328811e-01 8.020159074530140986e-01 8.099279012725685289e-01 8.090066509560623897e-01 8.040899601809616826e-01 7.973428743920067951e-01 8.114156981958412507e-01 8.063675635658530405e-01 8.078317488399716639e-01 8.027669749427884804e-01 8.016969454099953651e-01 8.090455153943081346e-01 8.006605032506423081e-01 7.920553297832185757e-01 8.090202049399116691e-01 8.061819594649032306e-01 7.971701487099731587e-01 8.094395639119348340e-01 8.078714816730023784e-01 8.067381568865070740e-01 8.079771647079221353e-01 8.039961825356229941e-01 7.958458060132869161e-01 7.993215659056585043e-01
