1.000000000000000000e+00 8.654227236603681539e-02 2.501698902416537029e-01 1.269827956179913897e-01 9.869808541746831476e-02 7.110443737676484799e-02 -2.790983889302519130e-02 4.697390495849021463e-02 2.049448081288859635e-01 6.807497492564704156e-02 1.034597166666848395e-01 5.444411279773371526e-02 4.622727313378958980e-02 1.241197518224339789e-02 -5.326542075149923693e-03 4.228555286256713980e-02 1.368084727443443505e-01 2.290239378588446728e-01 2.257856978231879697e-01 1.222389686072013204e-01 1.903368423699249301e-01 2.484669880917884099e-01 2.596742397056305829e-01 2.619440390408677155e-01 1.866310159011713155e-01 2.275785449749078981e-01 1.985781966038416002e-01 1.924449351633912564e-01 2.086064525510966383e-01 1.908627648383363073e-01 1.791350748323437825e-01 1.551264481771525983e-01 1.596559519630579016e-01 1.660380912171336154e-01 1.676919206745761393e-01 1.194979546942405296e-01 1.508252257335580548e-01 1.083692954086965948e-01 1.029692335954146276e-01 1.263293010126166349e-01 9.667010783457906375e-02 8.707053854817228822e-02 1.210344294943404425e-01 8.219397589544727434e-02 1.250713306108204304e-01 9.938983835587235360e-02 2.227126268787757088e-02 4.606508471354903156e-02 2.441800588132701094e-02 6.846883344182880249e-02 7.992541852464735141e-02 7.491450906686181188e-02 8.666781529722920874e-02 9.137429299489412127e-02 1.011675994979791410e-01 1.021173733052398586e-01 9.101256615133156147e-02 4.753627856965667031e-02 6.772648996945197786e-02 6.425441649824349677e-02 5.688588136688581959e-02 6.466634240142697665e-02 5.832097940769149363e-02 3.141601291722256190e-02 9.588590814617721503e-02 7.209589857793201328e-02 3.146182456635718272e-02 7.178528374360598763e-02 8.553379142191537554e-02 5.228811105162840811e-02 8.795970884142728652e-02 8.613820880757901144e-02 9.975684547791224821e-02 8.096482546045634388e-02 9.024031464803372593e-02 7.573223261642307580e-02 8.547308582926192722e-02 9.569502361192226692e-02 6.249483161706527456e-02 7.999236775501761265e-02 8.646111260411382116e-02 6.831477182651794766e-02 7.876162504526691699e-02 7.673174151014618138e-02 6.247957348405494549e-02 6.786624165329654956e-02 7.644294119810791932e-02 5.223436233901488507e-02 6.006788035070838305e-02 8.038506495512164063e-02 4.798687280767228308e-02 3.829739431974617248e-02 5.105692038637936470e-02 4.887812628885467026e-02 1.147385110908565216e-02 2.334271204053989940e-02 1.992052790188349881e-02 4.746734572128413071e-02 2.694112308798490493e-02 3.170331704674860668e-02 3.731114441966634776e-02 3.391692583488840201e-02 3.241478994526390128e-02 2.805196954091413591e-02 3.954075974371074054e-02 3.914309886147009782e-02 2.094575255179362619e-02 4.836172263352379874e-02 5.463646774625748048e-02 2.587943927393512866e-02 3.780296810570520777e-02 3.278175144842625233e-02 2.908742276203155064e-02 2.023261128745111256e-02 5.244752532765362824e-02 3.960788281861300081e-02
8.654227236603681539e-02 1.000000000000000000e+00 8.362709761521906759e-02 7.579737626625826508e-02 5.047475678801204013e-02 9.358415237420852906e-02 1.269623627667205712e-01 1.234387443039220988e-01 1.681562195790171355e-01 2.130471751228175670e-01 1.359583214537802287e-01 1.430999295922376624e-01 1.207644094452775957e-01 1.452985818065938572e-01 1.557081666206899251e-01 1.521892770288822416e-01 1.557477158911572401e-01 1.247600453592874886e-01 1.414594238883764288e-01 4.598492218293272898e-02 5.217466463925539422e-02 1.080101854743812789e-01 1.537013690396244747e-01 9.974650083095093489e-02 7.026003060017596558e-02 1.598587563937839129e-01 1.589924887544204302e-01 1.781299685208624639e-01 1.526842566459721551e-01 1.393685375891239309e-01 1.448806132376262990e-01 1.577402324624120056e-01 1.561530082986547219e-01 9.513653367673551020e-02 1.328535686994467557e-01 9.961257531822807765e-02 1.222790818404579372e-01 1.542402475604178480e-01 1.414441285389417546e-01 1.508955929524294637e-01 1.726327776287222004e-01 1.750193454667224591e-01 1.407230906232272427e-01 1.491459968498887456e-01 1.446165090405422682e-01 1.571921179514306210e-01 1.470401690505267200e-01 1.626963484156981887e-01 1.464589174541377214e-01 1.072149579149427046e-01 1.551230643470494497e-01 8.624780023672962148e-02 1.200768278665515082e-01 1.831272722220780580e-01 1.763934399973152989e-01 1.828820092569296840e-01 1.443045261903380949e-01 1.635105219106315344e-01 1.585140017295464665e-01 1.536235588738601443e-01 1.367079305595051697e-01 1.510063094693032959e-01 1.518643702294427966e-01 1.498481606152653467e-01 1.412749618700343823e-01 1.411670464808972292e-01 1.606104258053203671e-01 1.620122697175796767e-01 1.704599393262019313e-01 1.222598607667151477e-01 1.387728523173520079e-01 1.517173485200461192e-01 1.413690853285256288e-01 1.233303655729113407e-01 1.596918471496998615e-01 1.634724008881595081e-01 1.647499204205447598e-01 1.581223168440867577e-01 1.567776236214398211e-01 1.559924813192216930e-01 1.505375374731265092e-01 1.497508827771323048e-01 1.785454855719590117e-01 1.574501955385697316e-01 1.367996327954378588e-01 1.310431576719126301e-01 1.397628093988249609e-01 1.563333697959805868e-01 1.512959423091249644e-01 1.840466929360486392e-01 1.599470210217308064e-01 1.623009220247845774e-01 1.468563656423085562e-01 1.599519173739575584e-01 1.479790407234486682e-01 1.612579124242652373e-01 1.194741428459361876e-01 1.345494428039145651e-01 1.316350228928777899e-01 1.371390795468415136e-01 1.430585287215876411e-01 1.425590189806120456e-01 1.323650001266947485e-01 1.439232991980327891e-01 1.305589593366061063e-01 1.462456829169329342e-01 1.488697523087029184e-01 1.747345141083131437e-01 1.708348556174521526e-01 1.548047120725153658e-01 1.575634638264911680e-01 1.506922386695150051e-01 1.469418263038170525e-01 1.508572640652925123e-01 1.486111420100799940e-01 1.445415125609326168e-01
2.501698902416537029e-01 8.362709761521906759e-02 1.000000000000000000e+00 4.221488322283242223e-01 2.313242009947864275e-01 2.667457195748288434e-01 2.464676780523707977e-01 2.769122913575067235e-01 4.081170778595742954e-01 2.934779740944295501e-01 4.222305168192560521e-01 3.915430850312166533e-01 2.963048510202913044e-01 2.850502696547996262e-01 3.089934419887184203e-01 3.207032721821979071e-01 3.787271871507481014e-01 4.618616158274049810e-01 4.550157384505544855e-01 3.336552591241806476e-01 4.245323665829258686e-01 4.937976975848190064e-01 4.440484495811133914e-01 4.717061802326115716e-01 4.529844925564626701e-01 4.220303195571951105e-01 4.599347906174299228e-01 4.176792071811097906e-01 4.222707073282558898e-01 4.523217991275096939e-01 4.539384248974416836e-01 4.187868221466368723e-01 4.073540189307149895e-01 4.370804653001648665e-01 4.432465256257651087e-01 4.195340478449416377e-01 4.220386043838016965e-01 3.885092827723183317e-01 4.017806842269122658e-01 4.022504662829779476e-01 3.801457274284817389e-01 3.762442476965208171e-01 4.213450073857469835e-01 3.915485177462863509e-01 4.181979595833251739e-01 3.753326169346513086e-01 3.235637678720751365e-01 3.334004582833226538e-01 3.241682336021031174e-01 3.853689269458915323e-01 3.817383697829855871e-01 3.960767982216084615e-01 4.016328103111818648e-01 3.426179357003472647e-01 3.528317595845157917e-01 3.621236873941371948e-01 3.709146503777845938e-01 3.433989102959059125e-01 3.546188239304822742e-01 3.535638847912668248e-01 3.640197125155335556e-01 3.499719910977413528e-01 3.512840683705384937e-01 3.418478360755325407e-01 3.939312846101521992e-01 3.699258199164533467e-01 3.164639293464797110e-01 3.649048367744395782e-01 3.673413477670883776e-01 3.512724634537946478e-01 4.001183717599187672e-01 3.954175405924821307e-01 3.905731135165016465e-01 3.936392468676273571e-01 3.750568354362462942e-01 3.716400099761257292e-01 3.672834685350848671e-01 3.696275095343266037e-01 3.579216892645469272e-01 3.818593207615783025e-01 3.780148789976731094e-01 3.787406909253330789e-01 3.608930749862544474e-01 3.699735655457467853e-01 3.608201433840573791e-01 3.698074180503531649e-01 3.775257618209705290e-01 3.528069167866765832e-01 3.622429346075439205e-01 3.521717776450385973e-01 3.446251562814836578e-01 3.423988747593492143e-01 3.561531652523854952e-01 3.532851544298620250e-01 3.174329622650242100e-01 3.233381792516260012e-01 3.273549569664500614e-01 3.499869964522761556e-01 3.355572888444636193e-01 3.438176805127848845e-01 3.487895335393788598e-01 3.370498911119463314e-01 3.476732007404980118e-01 3.385669551236777375e-01 3.549781335721688968e-01 3.222344045344761043e-01 3.197410277623967123e-01 3.269633194861108483e-01 3.312412838060547760e-01 3.255058021178271477e-01 3.285032371690646547e-01 3.301266395995051672e-01 3.253246330899539629e-01 3.244018133597993958e-01 3.543816610297856884e-01 3.414985291224276742e-01
1.269827956179913897e-01 7.579737626625826508e-02 4.221488322283242223e-01 1.000000000000000000e+00 3.609365678073789829e-01 3.798318339177067515e-01 4.747431403716533271e-01 4.561804889999654944e-01 5.092767445234082091e-01 4.400065038439863185e-01 5.951237690882763554e-01 6.477541523465274453e-01 4.898979194105664292e-01 4.734285230519262866e-01 5.281251453043953603e-01 5.135795294497390584e-01 5.283502765615201158e-01 5.318031674196930236e-01 4.785347417148906879e-01 5.131827812285510992e-01 5.499724782424704195e-01 5.286161329354348570e-01 4.582446107955230330e-01 4.709941701471573317e-01 5.046976121845323515e-01 5.168235941180080451e-01 5.677770802844350762e-01 5.428414767670113328e-01 4.957227682496255783e-01 5.225436925792812382e-01 5.591826877620185154e-01 5.260470100904535151e-01 4.780910295362361118e-01 5.383301362759560504e-01 4.930346189523819311e-01 5.474515644450711482e-01 5.237350504605274848e-01 5.268689448346207671e-01 5.363971759860679533e-01 5.495924577095101515e-01 5.769758781169995743e-01 5.544613394985681287e-01 5.601936492481460750e-01 5.817802686626841746e-01 5.893700632531073680e-01 5.476701656508039529e-01 5.416042838129990766e-01 5.372148391809856705e-01 5.265206093015267763e-01 5.431922788901191179e-01 5.425656727259898782e-01 5.827082789199704571e-01 5.890459473581975969e-01 5.096941005853823370e-01 5.102146866980213913e-01 5.298093921537169182e-01 5.302007911948506402e-01 5.443272187543125584e-01 5.317208014964867058e-01 5.498818348762208874e-01 5.493269059578456126e-01 5.334429230219835949e-01 5.288504852494420039e-01 5.294452111541596562e-01 5.664452757912120662e-01 5.635028246574650401e-01 5.270611797802399190e-01 5.418434523028869965e-01 5.312034845806029582e-01 5.789142071046651239e-01 5.699837718336770997e-01 5.581675504622107820e-01 5.516853884333240421e-01 5.657759647956263072e-01 5.711187190822002435e-01 5.627211906997438007e-01 5.597759126341746994e-01 5.411265323929588256e-01 5.487939442996261352e-01 5.376751831372666990e-01 5.407959087344896831e-01 5.581183388047998850e-01 5.270522404318191967e-01 5.313103034457026252e-01 5.379990407106963746e-01 5.491254172120849653e-01 5.543507199809417640e-01 5.420481216620978149e-01 5.432052989105411456e-01 5.342154606064758449e-01 5.409696986733631974e-01 5.554553309661632854e-01 5.631845189319920619e-01 5.590573002795417024e-01 5.355746489089617812e-01 5.367982571838968431e-01 5.432145713852720714e-01 5.430912157919418615e-01 5.421314748038247311e-01 5.474525881491683066e-01 5.504763443910848375e-01 5.398368573518017577e-01 5.624353681854795672e-01 5.582779260796858489e-01 5.619335250520092195e-01 5.262365927898875473e-01 5.296359256476012023e-01 5.279706216714691314e-01 5.255558296784389460e-01 5.381139693100424060e-01 5.316400967189323090e-01 5.437950621962152065e-01 5.353749222896072579e-01 5.348767379489907103e-01 5.498590167914072513e-01 5.497851920197864839e-01
9.869808541746831476e-02 5.047475678801204013e-02 2.313242009947864275e-01 3.609365678073789829e-01 1.000000000000000000e+00 3.325020203019199427e-01 4.162751128413808566e-01 4.543040187325181889e-01 3.953651996112385048e-01 3.474181986917208587e-01 4.248746328016386187e-01 4.338447065419531179e-01 4.752445814005487046e-01 3.723235238799769697e-01 4.502165347861816769e-01 4.635245691358637621e-01 4.046039503070705812e-01 4.174369056614183893e-01 3.840831457465185839e-01 3.733319670659666634e-01 4.217343057148576491e-01 3.926013293024729900e-01 3.851502280247300902e-01 3.922873716589389548e-01 4.010802491592871388e-01 4.057402239217118289e-01 4.309810002953844421e-01 4.193883714398475848e-01 3.567468486830654428e-01 4.160627718543280507e-01 4.420506171814875818e-01 4.290539696973572625e-01 3.991126702961246275e-01 4.337505200205992173e-01 4.024607333267167242e-01 4.309638015553041712e-01 4.210404900576950604e-01 4.239358078336743496e-01 4.418240418234909983e-01 4.419469272627454259e-01 4.517633005960212667e-01 4.408386663427947272e-01 4.591228332541824608e-01 4.537696454105332733e-01 4.538271216023213039e-01 4.483346822132577847e-01 4.289481743652199253e-01 4.314722641640781897e-01 4.157765256538747956e-01 4.434020594996903042e-01 4.367488796239657467e-01 4.633192725681734569e-01 4.606660770490723089e-01 4.189237288686551985e-01 4.157037442068259314e-01 4.258015732986530910e-01 4.236062638809136027e-01 4.320227825554414092e-01 4.229125854090240444e-01 4.468115877181947915e-01 4.405854123411410139e-01 4.303504772811670986e-01 4.205609011867151303e-01 4.207253971485782618e-01 4.429822941170415973e-01 4.441352706252132965e-01 4.189964133485874487e-01 4.297458516483793622e-01 4.329325789857538798e-01 4.486160999230192070e-01 4.498509854833221411e-01 4.404298061099455319e-01 4.390574839867458223e-01 4.556236580089059740e-01 4.511350800921729021e-01 4.444886373287740278e-01 4.390591649745236302e-01 4.100964991885758248e-01 4.398030272338774860e-01 4.428100288394933304e-01 4.440367184898027508e-01 4.469064862216081679e-01 4.230756888764558576e-01 4.385039312657727506e-01 4.435783614943540898e-01 4.440055863631917621e-01 4.484656908313919277e-01 4.363265090191448259e-01 4.446113533678275331e-01 4.278745663799589649e-01 4.396736061819508934e-01 4.412023056271764387e-01 4.432613336193243492e-01 4.484093265801419315e-01 4.283530595352474935e-01 4.266001731581109957e-01 4.398919717075325808e-01 4.323667478271751574e-01 4.401142799389190507e-01 4.356790096079748986e-01 4.433658089382959133e-01 4.354928618486737513e-01 4.503375678089990286e-01 4.460863780692068681e-01 4.472418787279455188e-01 4.266212244185556002e-01 4.279922901991328743e-01 4.267905509826946941e-01 4.277141148068285825e-01 4.334542750085679796e-01 4.305747614601481699e-01 4.398515607772326419e-01 4.354567432812217476e-01 4.281064127996271895e-01 4.339600149990281985e-01 4.376696602691639293e-01
7.110443737676484799e-02 9.358415237420852906e-02 2.667457195748288434e-01 3.798318339177067515e-01 3.325020203019199427e-01 1.000000000000000000e+00 4.852712405607327861e-01 4.726983352365490276e-01 5.493855582165616536e-01 5.136901098245346686e-01 5.316310007897330214e-01 5.881567772277372930e-01 5.337940783392924882e-01 5.411082323703693131e-01 5.896857681702304399e-01 5.879962700953104138e-01 5.570244575714357049e-01 4.939824272214839440e-01 4.858385684680910921e-01 4.400346446047300186e-01 4.702150021207194830e-01 4.674111454715569325e-01 4.889043982546024125e-01 4.648769227996835673e-01 4.641118719399758286e-01 5.477335518741355269e-01 5.557724650994111393e-01 5.639542399040088361e-01 5.144450444793067234e-01 5.618616948127076460e-01 5.783474333771220222e-01 5.805305048969278126e-01 5.276457954464663924e-01 5.676082109100171191e-01 5.337462596105138068e-01 5.649183944318973971e-01 5.731068771401048867e-01 5.879966288882071401e-01 6.000915213928683656e-01 5.993752438197018639e-01 6.178327245416395108e-01 6.018600756714111988e-01 6.038154208573361936e-01 6.075667242000530877e-01 6.011307901742145576e-01 6.057197122260711275e-01 6.010273290220546905e-01 6.092704943023040665e-01 6.011349295950744187e-01 5.920562448246000642e-01 5.990755292773939367e-01 5.793044171107858409e-01 6.019749468193575925e-01 5.989273542110066240e-01 5.963632755357286541e-01 5.967771216431081438e-01 5.908636323207603347e-01 6.006342291901616282e-01 5.963124200648687312e-01 6.075449450397550910e-01 6.055350858513703916e-01 6.045919789445390879e-01 5.978029904687643947e-01 5.936236006049145919e-01 6.030647154735671034e-01 6.009722049113150888e-01 6.005100852187786886e-01 5.983730447368528216e-01 6.010651187999351830e-01 5.972545968658800053e-01 5.957141516165076478e-01 6.022390210885247841e-01 5.928890507484442240e-01 5.928744596027650804e-01 6.146343653749789526e-01 6.122946510991661428e-01 6.092508758688170989e-01 5.977993045211749124e-01 6.078937188259739832e-01 5.973788632982682811e-01 6.006327413730041531e-01 6.065406501768672021e-01 6.034918989945605716e-01 5.982604416546629666e-01 6.025595929195070033e-01 5.992208329103330122e-01 6.049208077466031730e-01 6.091884013530670661e-01 6.126984872156215900e-01 6.056970064787474683e-01 6.107188911791002761e-01 6.111864844501697647e-01 6.117177856351937448e-01 6.144540276351369013e-01 6.015570604898009544e-01 6.064303563887019077e-01 5.988620630317170734e-01 5.959888010364697841e-01 6.075559483258280435e-01 6.017718817595977265e-01 6.102603499185691449e-01 6.073600598466050160e-01 6.064916557477531001e-01 6.093197661595883829e-01 6.061724768663097063e-01 5.976567091985713898e-01 6.013829636629433040e-01 6.056458063855377771e-01 6.067626911434768067e-01 6.021681440506285732e-01 6.061259830230111278e-01 6.084234729673331232e-01 6.082066263826889640e-01 6.034092309839239610e-01 6.070979486050009921e-01 6.043285399793033585e-01
-2.790983889302519130e-02 1.269623627667205712e-01 2.464676780523707977e-01 4.747431403716533271e-01 4.162751128413808566e-01 4.852712405607327861e-01 1.000000000000000000e+00 6.643880415603684586e-01 6.413182292897539050e-01 6.257026139093542216e-01 6.685158589454074374e-01 7.229321823368883848e-01 6.691869322857587621e-01 6.678587038882031202e-01 8.157177613012536188e-01 7.382000848711496310e-01 6.518459037969152048e-01 5.048129510934806774e-01 5.115703092975223409e-01 4.894608735028495583e-01 4.636517674050081861e-01 4.654224004789546121e-01 4.924996080002431720e-01 4.549458309744031648e-01 4.546727849451954739e-01 6.292034371968822093e-01 6.686455459442960381e-01 6.744100394923105979e-01 5.791998276398446777e-01 6.122014376493511989e-01 6.561448428035538960e-01 6.446732440245865892e-01 6.345495378977480394e-01 6.108370128364167817e-01 6.070772396462276177e-01 6.179062110726091239e-01 6.493118991633665127e-01 7.106192142167503389e-01 7.069697965164145614e-01 7.122422233387913915e-01 7.478227544497099144e-01 7.549915679520492473e-01 7.021759874803162882e-01 7.431438725495788100e-01 7.071045234609186769e-01 7.345608820760953783e-01 7.577223724942310223e-01 7.536328915950545326e-01 7.392529175779755102e-01 6.915962445598575759e-01 7.296925560467646399e-01 6.833197263193353521e-01 7.344915672180025723e-01 7.273608921492062951e-01 7.148769087431755542e-01 7.223878361603345288e-01 7.147501739056121295e-01 7.563832599564338510e-01 7.426458606829703379e-01 7.535964970657320627e-01 7.311062104109260495e-01 7.444916695559139486e-01 7.431174133908048374e-01 7.417707781011623203e-01 7.187537659764492437e-01 7.414720894017018393e-01 7.505183892651836608e-01 7.266636444312692955e-01 7.177508050626091318e-01 7.203825268024036665e-01 7.059440804794510083e-01 7.194886586897966119e-01 6.962461633935026484e-01 6.879162177329416483e-01 7.531392407904544672e-01 7.530096301729821695e-01 7.539981825945282212e-01 7.149531045889652159e-01 7.499459345060458526e-01 7.348933463686634360e-01 7.309353938845349896e-01 7.416572810365791302e-01 7.275500492904974914e-01 7.286232827864447259e-01 7.321823718418433158e-01 7.205033380631770124e-01 7.282391013583138228e-01 7.509794731768270060e-01 7.405123613927458992e-01 7.398191418645641004e-01 7.615034639980750031e-01 7.686773206295618444e-01 7.528724814237053309e-01 7.635642200386824063e-01 7.624979022657122352e-01 7.610114383369871449e-01 7.572979305842459929e-01 7.359327160893702757e-01 7.547988418319101500e-01 7.547612261682589141e-01 7.579205660070995609e-01 7.559880021671647743e-01 7.590510853203390473e-01 7.666452155050978989e-01 7.455477254180500335e-01 7.583636467281958948e-01 7.601682184416109767e-01 7.559743800394388424e-01 7.515135926303233571e-01 7.644231214123012874e-01 7.605005599594678589e-01 7.625141357258126140e-01 7.624732116862958931e-01 7.568864202537137764e-01 7.422140284909749530e-01 7.562921897482626221e-01
4.697390495849021463e-02 1.234387443039220988e-01 2.769122913575067235e-01 4.561804889999654944e-01 4.543040187325181889e-01 4.726983352365490276e-01 6.643880415603684586e-01 1.000000000000000000e+00 6.820758052404272131e-01 6.269392495302686941e-01 6.615932466427938419e-01 7.059113729137307391e-01 6.850266687626764828e-01 6.590315147572054499e-01 7.539772043649224376e-01 7.730958664526321744e-01 6.773494876685599575e-01 5.935936806956544354e-01 5.994884148996231232e-01 5.365717454476333081e-01 5.524223567348449659e-01 5.603118112709973841e-01 5.835512656173833523e-01 5.574852142655442044e-01 5.305566652124267257e-01 6.740982913313664504e-01 6.986582636634440791e-01 7.096154719337729455e-01 6.464856637762331770e-01 6.687253700039846871e-01 7.106777384723850233e-01 7.125933042630050451e-01 6.753762259154090231e-01 6.789800102898093659e-01 6.559152699498910222e-01 6.676238060871954039e-01 6.951380668982406474e-01 7.501199265943746530e-01 7.436972742092401445e-01 7.393135722928547704e-01 7.622027119297332121e-01 7.695769723820783392e-01 7.562584254559830965e-01 7.665987294448859402e-01 7.435303332453934155e-01 7.631026572544650222e-01 7.638495042886699338e-01 7.562411787208894731e-01 7.474795091874084640e-01 7.423320927886114529e-01 7.664114244028569223e-01 7.156067410008043472e-01 7.511020190366309857e-01 7.378418658262986263e-01 7.343262682595337321e-01 7.444855706386446226e-01 7.463355997821341514e-01 7.688294692902880589e-01 7.613974180898885891e-01 7.686333061512297116e-01 7.621398768739471308e-01 7.622568380104296493e-01 7.592337638512598463e-01 7.520237407573197030e-01 7.426145370833442394e-01 7.516869226951213845e-01 7.579509247807157957e-01 7.548773655730044441e-01 7.501653633592109127e-01 7.450094564045597334e-01 7.467040087055579756e-01 7.474632022725488101e-01 7.289380693195924854e-01 7.204346072244401933e-01 7.682059860562109321e-01 7.662370153731170586e-01 7.649902296136028568e-01 7.424579093048776501e-01 7.667191374117429126e-01 7.559129327970304235e-01 7.534503643476511137e-01 7.624053135813696480e-01 7.508344872423980965e-01 7.553332776756096489e-01 7.571629223789883012e-01 7.500429334881772991e-01 7.531437784943345592e-01 7.683716802123121692e-01 7.607494708391197014e-01 7.524392105481054749e-01 7.680923859865490533e-01 7.725073540835832864e-01 7.660713229488922416e-01 7.720240525439199253e-01 7.594742286253090002e-01 7.574238079024064874e-01 7.603485989597312811e-01 7.574557064940566908e-01 7.640409207152684123e-01 7.664545748438686967e-01 7.706170380198391623e-01 7.661302164342326249e-01 7.656771501931503021e-01 7.701327896920705518e-01 7.586021423740544334e-01 7.573545756010127139e-01 7.593875198131440074e-01 7.558612726135596205e-01 7.574799551098343464e-01 7.696106209088796613e-01 7.646088037253271352e-01 7.660185137589343718e-01 7.634379671453132010e-01 7.613202934901021068e-01 7.557350148223995756e-01 7.588074929262923485e-01
2.049448081288859635e-01 1.681562195790171355e-01 4.081170778595742954e-01 5.092767445234082091e-01 3.953651996112385048e-01 5.493855582165616536e-01 6.413182292897539050e-01 6.820758052404272131e-01 1.000000000000000000e+00 7.404181990210463304e-01 7.914988199592822848e-01 8.099732835871789050e-01 7.321832149419470470e-01 7.445663681543475132e-01 8.059610624174511351e-01 8.119250307543572909e-01 8.239698688961889506e-01 7.531985068124015248e-01 7.613947279338731944e-01 6.115402946953572005e-01 6.707579829908779656e-01 7.332136503695340091e-01 7.559153800317252037e-01 7.270402378355702577e-01 6.997142859142573279e-01 8.205210410392846931e-01 8.227995572492033949e-01 8.362570110843730031e-01 7.904201193424222893e-01 8.177223723942900202e-01 8.318724039607957588e-01 8.620184729712574434e-01 7.926793068490507466e-01 8.240945160593947660e-01 8.036093637219069441e-01 8.023064936528290225e-01 8.348839795444417122e-01 8.530334051916358407e-01 8.564828662664427661e-01 8.427327298162301528e-01 8.712470641358394108e-01 8.632814535500157316e-01 8.528081917765298892e-01 8.650930005868844308e-01 8.619009092763270097e-01 8.597200988143038902e-01 8.560211013061986840e-01 8.693481693984591585e-01 8.539901292138769584e-01 8.379547552357967666e-01 8.660265215139166806e-01 8.238138118339777272e-01 8.581711853016990021e-01 8.742790357158013448e-01 8.733639071730127101e-01 8.714395834917516570e-01 8.669775097304612821e-01 8.612084069278871379e-01 8.685407361812509386e-01 8.690467129479010344e-01 8.673691863155795767e-01 8.709880625419311739e-01 8.666588182694997533e-01 8.579126563056075350e-01 8.735642713229564427e-01 8.683987391351701834e-01 8.613220024275549669e-01 8.723427724454908549e-01 8.757765906875957240e-01 8.420563338059914305e-01 8.651213028563421448e-01 8.765922026117961563e-01 8.603591996854494939e-01 8.508047971871097737e-01 8.785834550889155548e-01 8.740532858960881057e-01 8.731543118566640338e-01 8.677850082388293140e-01 8.653972330491648268e-01 8.659628281257361060e-01 8.659127779371286193e-01 8.676164094984992747e-01 8.739303510563031230e-01 8.684041589037144737e-01 8.561361636879045722e-01 8.649351618856984114e-01 8.689551643519235480e-01 8.664796481763884506e-01 8.661614164336532973e-01 8.709222595081921314e-01 8.585645112745226015e-01 8.636662772490703022e-01 8.670284941581246629e-01 8.682079956183506031e-01 8.548040872546976976e-01 8.616232193019662811e-01 8.360632687203417568e-01 8.593705811645097059e-01 8.575982656084586431e-01 8.546823322357763875e-01 8.607683818449813895e-01 8.627983546229619494e-01 8.585173484479641237e-01 8.601505807617043642e-01 8.591570976934321813e-01 8.541493921218917817e-01 8.574343374179040911e-01 8.672309238301499912e-01 8.698531840565562057e-01 8.598653012223405057e-01 8.638643050668556311e-01 8.627184079498129154e-01 8.616997265728016941e-01 8.581289297082012046e-01 8.716248659061257564e-01 8.631600319074838046e-01
6.807497492564704156e-02 2.130471751228175670e-01 2.934779740944295501e-01 4.400065038439863185e-01 3.474181986917208587e-01 5.136901098245346686e-01 6.257026139093542216e-01 6.269392495302686941e-01 7.404181990210463304e-01 1.000000000000000000e+00 7.274618817967056783e-01 7.550298624681406334e-01 6.935101742610484399e-01 7.117104427688385471e-01 7.835012253175592800e-01 7.716534310034247612e-01 7.415465561650825821e-01 6.362245517313860343e-01 6.507962676334515528e-01 5.230167106249360431e-01 5.644097162872812046e-01 6.067873218424842952e-01 6.607142715104449282e-01 6.156506162617900735e-01 6.050987357528256894e-01 6.970893019607233843e-01 7.151981853306280668e-01 7.328406964833802384e-01 6.695674543058437456e-01 7.174230658229036051e-01 7.421559259975895051e-01 7.793346530058892219e-01 7.113578853503662591e-01 7.264199605938244098e-01 7.114642797541740338e-01 7.309394951998694490e-01 7.441814794419014945e-01 7.819465950568936785e-01 7.945410229083035292e-01 7.658242464928657345e-01 8.083490234361763171e-01 8.060740904811504182e-01 7.836646383721644904e-01 8.016009943345562272e-01 7.874997881546069722e-01 7.993218613320970389e-01 8.098833165808634327e-01 8.259171081529622649e-01 8.073759845957795278e-01 7.733988429296329015e-01 8.044785213558685033e-01 7.505873238604762188e-01 7.814395527120712170e-01 8.165550323398181876e-01 7.988107787576096408e-01 8.069929462238150109e-01 7.876220381224368072e-01 8.076477226814651189e-01 8.031681169092105277e-01 8.088465426808966185e-01 8.089698143843980782e-01 8.083536403070499254e-01 8.034853286222548574e-01 8.104160561369051496e-01 7.987792961758067856e-01 8.001737752675694981e-01 8.154979568530412726e-01 8.157564779579737912e-01 8.208081109845353218e-01 7.826013042590438396e-01 7.981604884623730856e-01 8.093712916932959134e-01 7.962671543868764523e-01 7.879438066256200246e-01 8.101478856901456194e-01 8.110371424982031341e-01 8.031565744951312258e-01 7.926964324781394788e-01 8.108303411094708313e-01 8.037027048454069567e-01 8.009852746541403778e-01 8.100225212411870102e-01 8.221414357891712044e-01 8.069339861185959029e-01 8.009484199074091704e-01 8.023115563409580764e-01 8.046981323401442010e-01 8.185212736811499079e-01 8.178145562137578706e-01 8.195416361238540004e-01 8.150627755002817221e-01 8.202085094932998199e-01 8.127210009888388154e-01 8.191986206923006497e-01 8.157340152446747039e-01 8.233583528150639763e-01 7.845622020697500254e-01 7.976129534816406297e-01 8.067347104854202255e-01 8.083135617402460449e-01 8.147857902139609143e-01 8.125433119051792552e-01 8.068842504801495563e-01 8.141672690637340448e-01 8.084218128944231641e-01 7.998571256472646329e-01 8.156179598576196454e-01 8.239043257642637563e-01 8.194997305116322739e-01 8.130501120639266333e-01 8.151354353955931886e-01 8.160264498026557067e-01 8.141215399061461078e-01 8.188224316204083530e-01 8.158801875885484112e-01 8.104980307878328905e-01
1.034597166666848395e-01 1.359583214537802287e-01 4.222305168192560521e-01 5.951237690882763554e-01 4.248746328016386187e-01 5.316310007897330214e-01 6.685158589454074374e-01 6.615932466427938419e-01 7.914988199592822848e-01 7.274618817967056783e-01 1.000000000000000000e+00 8.639225274748684180e-01 7.462956867185027710e-01 7.569709227507721572e-01 8.278393135426576066e-01 8.103847997585053031e-01 8.007891382636959099e-01 7.385375095032119530e-01 7.252481399424345332e-01 6.153698699474561273e-01 6.682992091931019285e-01 7.122827696010854970e-01 7.088695785771658153e-01 6.961105457150614795e-01 7.047564672934311103e-01 7.710109394709020458e-01 8.151849991221471470e-01 8.006291396406848282e-01 7.519112230556790344e-01 7.896422359030955684e-01 8.250454648294959226e-01 8.351851224002507790e-01 7.709567176123121035e-01 8.038595879563262825e-01 7.863687207824402448e-01 7.994317335778357014e-01 8.160982852261906562e-01 8.394453405515038824e-01 8.504635879801197840e-01 8.304893814890940140e-01 8.658533132457533199e-01 8.576292419206421602e-01 8.506041412444764749e-01 8.686564805894211316e-01 8.613050049911205042e-01 8.497453643005526969e-01 8.587081256859298017e-01 8.644401792628890746e-01 8.559290642875195809e-01 8.389835390660294046e-01 8.578633005591569383e-01 8.392147665136566737e-01 8.659168983893748006e-01 8.499307672346695375e-01 8.482339243056039590e-01 8.528683567180803671e-01 8.520920421208565410e-01 8.575360275984307279e-01 8.640543188815806852e-01 8.631942083672339283e-01 8.662699495445359554e-01 8.625680803218358506e-01 8.601910692272313197e-01 8.613919097173041717e-01 8.619200903552085569e-01 8.681833552311717384e-01 8.534118884373509406e-01 8.650415469766261634e-01 8.608297764048233880e-01 8.473125734281051757e-01 8.662197466008362268e-01 8.724985811097963895e-01 8.560567529101167361e-01 8.594845180428445364e-01 8.726671411762465524e-01 8.683990450566420050e-01 8.651395117720377392e-01 8.539654067428243955e-01 8.615852677658857317e-01 8.545971751445271547e-01 8.590230310463996544e-01 8.678655906465368997e-01 8.564454757007876617e-01 8.545324343902330755e-01 8.545125105131639032e-01 8.623141211439632192e-01 8.656501253926460748e-01 8.639088833430870196e-01 8.641579592719081937e-01 8.586939591556561613e-01 8.609199664096838234e-01 8.689268271169522384e-01 8.705543142298810544e-01 8.713535218649348657e-01 8.631461095131757189e-01 8.652840670705909121e-01 8.503706578443243069e-01 8.599630555657402642e-01 8.635084471369574022e-01 8.631984976173959767e-01 8.668494375586695000e-01 8.632595039876513887e-01 8.686259703313826686e-01 8.685893830641108204e-01 8.651956441115079555e-01 8.527128222712979655e-01 8.615401277511310907e-01 8.614008707190811132e-01 8.600807755934941623e-01 8.591862453328307225e-01 8.608270795601442593e-01 8.636813189063385909e-01 8.618725882422894058e-01 8.610057492690480485e-01 8.663883933890541567e-01 8.672199294998994556e-01
5.444411279773371526e-02 1.430999295922376624e-01 3.915430850312166533e-01 6.477541523465274453e-01 4.338447065419531179e-01 5.881567772277372930e-01 7.229321823368883848e-01 7.059113729137307391e-01 8.099732835871789050e-01 7.550298624681406334e-01 8.639225274748684180e-01 1.000000000000000000e+00 7.926880868301180438e-01 8.133938937813310899e-01 8.901179629823754436e-01 8.611369661045925605e-01 8.225046823498193271e-01 7.413399471836437105e-01 7.112119926917280788e-01 6.752332682220800741e-01 7.047403094493953635e-01 7.012642317384122359e-01 7.030140875110790777e-01 6.805532809094470004e-01 6.996444040025290301e-01 7.776731526046747334e-01 8.259393196748188171e-01 8.168744011801107874e-01 7.466251129148363530e-01 8.030794214035156253e-01 8.413441076550798314e-01 8.541302137308662834e-01 7.763113282123075276e-01 8.288038284099343844e-01 7.902583285815851788e-01 8.278684358035217628e-01 8.371657196344471918e-01 8.706903401104425511e-01 8.813689866376994697e-01 8.681093724647289678e-01 9.072702247381505547e-01 8.969028468036772672e-01 8.811479824770906966e-01 9.163146121690505241e-01 8.986390874242501381e-01 8.944638220546007323e-01 9.148466103370379576e-01 9.118359731976093396e-01 9.052396762715876344e-01 8.807972241785071432e-01 8.970316295328919498e-01 8.870637120627885563e-01 9.122285856450410568e-01 8.856531527980818774e-01 8.767418723429641902e-01 8.871922435919791239e-01 8.863801028717300801e-01 9.048972960819318123e-01 9.037160238869524909e-01 9.106973521578994868e-01 9.120138236142258936e-01 9.067637601569598083e-01 9.024747735422460337e-01 9.067958580017169146e-01 8.997120546326884405e-01 9.102100003723698762e-01 9.037739701654000646e-01 9.046872278551030266e-01 8.986818873618206416e-01 9.110180784258802289e-01 9.047149120673322331e-01 9.064022168430198034e-01 8.924211514392973443e-01 8.990479415133116881e-01 9.145734363528370547e-01 9.119492601949424904e-01 9.037771558042121400e-01 8.864739393842350212e-01 9.079679314493889208e-01 8.892723120585152019e-01 8.961281049286935474e-01 9.093361286449725966e-01 8.943336400716321855e-01 8.932742720532204084e-01 8.976878445408839058e-01 9.056723821656761375e-01 9.059160804820982626e-01 9.127750337838663741e-01 9.092608684433655108e-01 8.989089651490292932e-01 9.085157111036844535e-01 9.193069304319345658e-01 9.192899099274277619e-01 9.207862013494558795e-01 9.167919056320756876e-01 9.167296282212110681e-01 9.046399202817785312e-01 9.048440942104051254e-01 9.144776396595656331e-01 9.142740047065276432e-01 9.178762657753188892e-01 9.142418102102470856e-01 9.231040475339050699e-01 9.236175551911153248e-01 9.179849924288091545e-01 8.993422232319541187e-01 9.123478496002074278e-01 9.066010031412027326e-01 9.036748609337843519e-01 9.123208112850211826e-01 9.107360508539118493e-01 9.154736802109860738e-01 9.147650712618198288e-01 9.136805760159683043e-01 9.141026203187162524e-01 9.168606021003138373e-01
4.622727313378958980e-02 1.207644094452775957e-01 2.963048510202913044e-01 4.898979194105664292e-01 4.752445814005487046e-01 5.337940783392924882e-01 6.691869322857587621e-01 6.850266687626764828e-01 7.321832149419470470e-01 6.935101742610484399e-01 7.462956867185027710e-01 7.926880868301180438e-01 1.000000000000000000e+00 7.411028081938865197e-01 8.290155283404708753e-01 8.186088569496506873e-01 7.574257497772618475e-01 6.608865814305083797e-01 6.567352229379428419e-01 5.818566304223529162e-01 6.183563821370267055e-01 6.348033643282866567e-01 6.269399861625221115e-01 6.146220261687961317e-01 6.225895829872450937e-01 7.157229761184956685e-01 7.432933499319349657e-01 7.458638523250779029e-01 6.705603464639162681e-01 7.250640883149881422e-01 7.707669239264054450e-01 7.783312952126549833e-01 7.107583129760989271e-01 7.463802305002976700e-01 7.212148399935076615e-01 7.538306409528284791e-01 7.600754695122974303e-01 7.970877460179205398e-01 8.087447317446757600e-01 7.989330140352168819e-01 8.222839838031655857e-01 8.207148523818751373e-01 8.066902664998950589e-01 8.335105158843335582e-01 8.162466669659463880e-01 8.235120796094247408e-01 8.352309362557126526e-01 8.338485166294734574e-01 8.274843748978373270e-01 8.085111615830202769e-01 8.217859804251320677e-01 7.999530962841004955e-01 8.268295377073510144e-01 8.198533990705308971e-01 8.110188056708490523e-01 8.105705548001318483e-01 8.134063058880656172e-01 8.282086289683375790e-01 8.259948261085178212e-01 8.367940778362463750e-01 8.314317761084161207e-01 8.330368760674472517e-01 8.244137572001429826e-01 8.279127129765232462e-01 8.213525240894327117e-01 8.296672730065589585e-01 8.310424886482891127e-01 8.274162167586571748e-01 8.193159555691299500e-01 8.185308889689703049e-01 8.222248393995327254e-01 8.260826082846965956e-01 8.073062889997157932e-01 8.112079811080770142e-01 8.352939476392353679e-01 8.314048905303942361e-01 8.238285686326753954e-01 8.030322078336362690e-01 8.292508804696330227e-01 8.144860884384245159e-01 8.195081195712033972e-01 8.335384634976570339e-01 8.170886780373926017e-01 8.185059023223973940e-01 8.249330178828356841e-01 8.237206752992746184e-01 8.286617267138246534e-01 8.338813232404229669e-01 8.336931981194736219e-01 8.195154340167352114e-01 8.318814675704412354e-01 8.385740234772971480e-01 8.390269808096310067e-01 8.399933714847535038e-01 8.348518449639233951e-01 8.365214034520135344e-01 8.306094777300818688e-01 8.289940562401328927e-01 8.380389453791781129e-01 8.330719112962725603e-01 8.401238538798859734e-01 8.388741088391132861e-01 8.405269353409101640e-01 8.431987073666257215e-01 8.384682446789925025e-01 8.283807121375308391e-01 8.373655293947928069e-01 8.331979586652626946e-01 8.323182708935908947e-01 8.352126531719900049e-01 8.358934571231761979e-01 8.410087420040602835e-01 8.386533894089476249e-01 8.375350244200577832e-01 8.357164652694155649e-01 8.373212516569001895e-01
