1.000000000000000000e+00 3.161299729793085600e-01 5.111730861722192654e-02 2.708543001331994993e-02 4.548105106988398205e-02 -8.867763596604952281e-02 6.275394681220720916e-02 7.236573012211436340e-02 2.145320926591446076e-01 1.359720984779236863e-01 -2.877713827800602864e-03 3.850383829996694568e-02 2.480568412447561183e-02 1.340157978226710726e-02 7.481337620982039349e-05 2.388422801145670751e-02 9.870918528154692950e-02 2.095094022491796326e-01 6.977809682871867480e-02 1.662875435936721769e-01 5.585663158239657228e-02 1.287748676565643978e-02 2.644301733729770842e-01 1.766453432326380857e-01 1.335814149824364749e-01 2.209391127915350250e-01 1.214840794838587673e-01 1.180636561176012095e-01 2.279698105073905967e-01 1.983382417530124842e-01 1.300906162813721401e-01 1.392944723479369318e-01 1.192893500171189891e-01 1.256713840976511620e-01 1.677624647866321761e-01 5.588955151989905695e-02 5.211858059334584931e-02 7.980155647327985546e-02 6.929661306808312937e-02 3.071027076229504438e-02 6.612594130924195901e-02 2.152307645924007862e-02 4.314815105614493163e-02 3.667404502893038820e-02 4.212959349373945200e-02 5.776662956756935946e-02 2.087353070143271525e-02 6.458369317953112365e-02 6.736004145657338571e-02 8.202910789716467976e-02 5.814907896748189309e-02 1.601605638961546910e-02 2.310768036291618172e-02 9.047898130170846376e-02 1.296450064703984217e-01 1.105879354031982648e-01 1.447543556926275399e-01 5.716864553440515612e-02 7.475843727749657830e-02 4.732385497320249629e-02 5.610368365824704856e-02 6.766057866386614161e-02 9.420636199172173486e-02 7.145587248922005696e-02 6.230933274698311625e-02 7.734190644152319494e-02 3.189278044191475037e-02 4.481453662795847198e-02 8.399205296123685160e-02 5.545232743645920476e-02 4.535370172115133608e-04 1.973637734303068658e-02 7.042869559130364443e-02 6.450043697410945409e-02 7.891640261160641490e-02 5.562730819603996929e-02 3.667892005866676269e-02 8.893327739031244017e-02 6.460420904181470025e-02 9.429727259951269092e-02 6.867547962016930241e-02 5.391551969374700631e-02 9.069106555177688933e-02 7.505331177795046549e-02 6.459861764670145334e-02 4.629415411839103017e-02 2.605967743088000860e-02 3.625232440364526548e-02 2.928675160953968584e-02 8.971458239255772349e-02 1.653067359585118357e-02 1.482703076307043816e-02 5.981391814184919969e-03 2.573077634574349667e-02 9.267316234627303098e-03 3.917927612593446324e-02 2.005334490935234068e-02 5.890610596845458763e-02 1.929075077138963507e-02 1.347250182292894678e-02 7.998781846091235215e-03 3.892264597125751763e-02 -2.790172122150466009e-03 1.834045779457563197e-02 2.698379198038498850e-02 9.134660342444275716e-02 4.996980619671759216e-02 5.445227365826173227e-02 6.627631309839822349e-02 3.629674179519284255e-02 1.769291535213944611e-02 2.802856113377827363e-02 4.029159090963944229e-02 3.864739436284180679e-02 3.260906682912072946e-02 4.477645132901672542e-02
3.161299729793085600e-01 1.000000000000000000e+00 7.872348659073347132e-02 6.865530323247118205e-02 5.139030671952158486e-02 4.280875300118940074e-02 1.743826538677681892e-01 1.401663174853964577e-01 2.478554339036048992e-01 2.410779924292281162e-01 1.182254384625183036e-01 1.394490997437088653e-01 1.246900614091027704e-01 1.481568728670166479e-01 1.419643702606830926e-01 1.426426024154313077e-01 1.944898820277868867e-01 2.289716448032901308e-01 1.643866041392799404e-01 1.614069668921214451e-01 1.096069379979346115e-01 9.867968379989111583e-02 2.912615652558113721e-01 2.174643949860376457e-01 1.915278393855211758e-01 2.773555259032944309e-01 1.994959304162740588e-01 2.171947470526170987e-01 2.912046651523438889e-01 2.519958724547727291e-01 2.197498807853543179e-01 2.308267083668657793e-01 2.182910896703924297e-01 2.293475366474012345e-01 2.511669831567864830e-01 1.676220713455151279e-01 1.610021194310884418e-01 2.110550657690735132e-01 2.079508986953871319e-01 1.716993435509549248e-01 1.884544213776701838e-01 1.581385991092918442e-01 1.539267679268833677e-01 1.579106163534531315e-01 1.615397548923649396e-01 1.858753616362677219e-01 1.597665995317108234e-01 1.849580387075372145e-01 1.848928280761839016e-01 1.858666095335349822e-01 1.836658358450419526e-01 1.052523950349760901e-01 1.374302093003079706e-01 2.059027578724599572e-01 2.229606170928208342e-01 2.183299180985811272e-01 2.133404320434738599e-01 1.733267668180631660e-01 1.889587320610279231e-01 1.623080240698799859e-01 1.658353488248980878e-01 1.806008448859369730e-01 1.925565516516878073e-01 1.842509664367025235e-01 1.646532842195721491e-01 1.769562048263065845e-01 1.680919152062214927e-01 1.701534155255817193e-01 1.982443348244223580e-01 1.611892573393983730e-01 1.325711572018192230e-01 1.553145043990407370e-01 1.908569709055452368e-01 1.835568449412673941e-01 2.026867047969993785e-01 1.782998577560737097e-01 1.725374060250184083e-01 2.044484781227989545e-01 1.940982405498064278e-01 2.055981936136960231e-01 1.879740359669889171e-01 1.816599790095367872e-01 1.997523148889104316e-01 1.922249081278383509e-01 1.896617743728574723e-01 1.809479521485685416e-01 1.625559465045097463e-01 1.742858443304023952e-01 1.729503058945141281e-01 2.016987955629105655e-01 1.597417220312175590e-01 1.552201012719358342e-01 1.512340083240815147e-01 1.639844069035336083e-01 1.545346295350417953e-01 1.709766218096912538e-01 1.476075186213522128e-01 1.587124337211359981e-01 1.522655243357356469e-01 1.535438102608766009e-01 1.451631683994926425e-01 1.643165494982212205e-01 1.361697894934764952e-01 1.510142816095511598e-01 1.520662167500825834e-01 1.888611857552939532e-01 1.705606666194382781e-01 1.844468923706711894e-01 1.886925063425951010e-01 1.641534013373385503e-01 1.569910093827418529e-01 1.589489801882410513e-01 1.647719979428186599e-01 1.643648302783019544e-01 1.575444621923838828e-01 1.618162089272212334e-01
5.111730861722192654e-02 7.872348659073347132e-02 1.000000000000000000e+00 3.012547854745552534e-01 1.895328820811886528e-01 2.443338389848049019e-01 3.389734429114446002e-01 2.867427852767145402e-01 3.115431138036995340e-01 3.013394508298579688e-01 3.442129312115472795e-01 3.600617965992109482e-01 3.162547046821637675e-01 2.922904888748980023e-01 3.712818708763536146e-01 3.500787809053147459e-01 3.338477973293073053e-01 3.468316196686155872e-01 3.460486393942453498e-01 2.607845950818304948e-01 3.046996377973566483e-01 3.233533458331929733e-01 3.352991829004101088e-01 3.312406115672236195e-01 3.342191414134356164e-01 3.575847765044333215e-01 3.764572761140618784e-01 3.728153457567304208e-01 3.546404393440668046e-01 3.451505192609937156e-01 3.803780862813645469e-01 3.648827779811203431e-01 3.250714709454128326e-01 3.684116949200326174e-01 3.388343861529806156e-01 3.459616292124613746e-01 3.676564411847498270e-01 3.571759013585458775e-01 3.643413693056095082e-01 3.514951153611444723e-01 3.602593993153054286e-01 3.691081032133305961e-01 3.577067513202992211e-01 3.689282778597694490e-01 3.748246525249495642e-01 3.715556254874161635e-01 3.560036284016889763e-01 3.549015400026358513e-01 3.564640609097108892e-01 3.536059077032024378e-01 3.601551590402147229e-01 3.661059712414765355e-01 3.580857051129456847e-01 3.479920615029867825e-01 3.448860752386276873e-01 3.583280564332828044e-01 3.202411171615677232e-01 3.485743152907966880e-01 3.479108536403458518e-01 3.506533441246421079e-01 3.581286582510818106e-01 3.395154025295932243e-01 3.399444735090263459e-01 3.505621349596139136e-01 3.591352452731560452e-01 3.553593410061741675e-01 3.688244622502007686e-01 3.697743948554402804e-01 3.738525856600375397e-01 3.660377626660764605e-01 3.711130339343498008e-01 3.758270657686040850e-01 3.746381552996940756e-01 3.758099377150128650e-01 3.686811406161630278e-01 3.711744367013571910e-01 3.723724511015210070e-01 3.663551629503188356e-01 3.719204729051196479e-01 3.621736143790318385e-01 3.656138075878117011e-01 3.767959697697168542e-01 3.636407793808087430e-01 3.582862489090823388e-01 3.680795470300637362e-01 3.744554428233418109e-01 3.748112233523631098e-01 3.693785841482143950e-01 3.640862506445991520e-01 3.554487750972918358e-01 3.700129579346876363e-01 3.671417608768005603e-01 3.744993138872878546e-01 3.725706417417859462e-01 3.621340674634060952e-01 3.608064567796718247e-01 3.594301220728815527e-01 3.610490509277934357e-01 3.642288770504968909e-01 3.677847444701227153e-01 3.683400521203527012e-01 3.561472520113395102e-01 3.700119359116081363e-01 3.632229910035169596e-01 3.715129083954363809e-01 3.445809587987988531e-01 3.606745862590324814e-01 3.575504793268707848e-01 3.556605719567750290e-01 3.598886624578686022e-01 3.568929960017148129e-01 3.568981456195250979e-01 3.533739733024652274e-01 3.602942192213617334e-01 3.647589934429878999e-01 3.592609740854725842e-01
2.708543001331994993e-02 6.865530323247118205e-02 3.012547854745552534e-01 1.000000000000000000e+00 3.151312578912776607e-01 3.961271736256489762e-01 5.541827835372783451e-01 5.295997410596076094e-01 5.069025240898605844e-01 4.932722973372346553e-01 5.540448415140163396e-01 6.244050897299869840e-01 5.368890229985868734e-01 4.876557129167783944e-01 6.084407973509986522e-01 5.893205318601407727e-01 5.388544336498334308e-01 5.505944954163400906e-01 5.856677248934840652e-01 4.590057734560173408e-01 5.778418911113682999e-01 5.912543502203793100e-01 5.114032791340109574e-01 5.134452687769162083e-01 5.605576325482805045e-01 5.607097721322743533e-01 6.062967467451599868e-01 5.992686389058193841e-01 5.590925426383684949e-01 5.798813834674951817e-01 6.122231451051566298e-01 5.858274046769608168e-01 5.506242754842103349e-01 5.771215034121297549e-01 5.592047433792118882e-01 6.080374959842375082e-01 6.118237904769071589e-01 5.814084449113680053e-01 6.045196247755936225e-01 6.017962298752999040e-01 5.965120700392890774e-01 6.031171518846659696e-01 6.354305214202363716e-01 6.171039636138603290e-01 6.313649340928677578e-01 6.008872481195595139e-01 5.867890736732030987e-01 5.846622715771735423e-01 5.822978313337291434e-01 5.835738925849626169e-01 5.976036530518804568e-01 6.157505315792782818e-01 6.095036969830869289e-01 5.707529355823633965e-01 5.688011257942836574e-01 5.877324722489010167e-01 5.475976491959378967e-01 5.895881216742324682e-01 5.757237810261446320e-01 5.842155776677389056e-01 5.989597600197048566e-01 5.729090069621618486e-01 5.793951965135079041e-01 5.850020065392901314e-01 5.974840756714822065e-01 5.943076781103806550e-01 5.968089270697050086e-01 6.075191122014889089e-01 6.054400042904455326e-01 6.174323628727840241e-01 6.254961317649679886e-01 6.138423172651328308e-01 6.017315510857648153e-01 6.080625392056353551e-01 5.953704774570888203e-01 6.087995143557555222e-01 6.093995710532223997e-01 5.964034880361832602e-01 5.997948954238788710e-01 5.909300010941894721e-01 6.025838579189349842e-01 6.085179052638319819e-01 5.972915824492506243e-01 5.860180947995803358e-01 5.925396461391866376e-01 6.077599411536938057e-01 6.181844990606421009e-01 6.026013540430912307e-01 6.004101297330477482e-01 5.863713888115112960e-01 6.114762857717848110e-01 6.022033381799140050e-01 6.161937980866717401e-01 6.078759321770669244e-01 5.924560328199095505e-01 5.922832737834412553e-01 6.016754627056315474e-01 5.981157946909244627e-01 5.991185091554227515e-01 6.072795297975739359e-01 6.195987293470446300e-01 5.965287742301389473e-01 6.119975580890584244e-01 6.064615892630975669e-01 6.171779835135116077e-01 5.804187425354578878e-01 5.913801129395930278e-01 5.848849020905471097e-01 5.876239325175917072e-01 5.908530694498389524e-01 5.955066040746208600e-01 5.906017603300057761e-01 5.902222279878218680e-01 5.977224855634499789e-01 6.025196248743258653e-01 5.958145724927287334e-01
4.548105106988398205e-02 5.139030671952158486e-02 1.895328820811886528e-01 3.151312578912776607e-01 1.000000000000000000e+00 3.138912298525240452e-01 4.688537600330664468e-01 4.441566324154553880e-01 4.270314025598921925e-01 3.953683380173538819e-01 4.455475097716412036e-01 4.901370082459022282e-01 4.304400039691976820e-01 3.894884627198075266e-01 4.970650380884005237e-01 4.982669870100684961e-01 4.428016679173968351e-01 4.576651079829117119e-01 4.556922193541180777e-01 3.527973811692112771e-01 4.404544066838478322e-01 4.330713933391663883e-01 4.430347719930863848e-01 4.196897610251351107e-01 4.330174110573316582e-01 4.508316169962131581e-01 4.704540903476224223e-01 4.500520692651646670e-01 4.531970658494462456e-01 4.529220059427324641e-01 4.934780872076297564e-01 4.853357711582603207e-01 4.165816726218302679e-01 4.592562072303293941e-01 4.569429341322034377e-01 4.568988404217120269e-01 4.814102506567012330e-01 4.777765649970588391e-01 4.764382298545705163e-01 4.517819613416447222e-01 4.804227099460570694e-01 4.873654249555930962e-01 4.983394157682952130e-01 5.039422778199055264e-01 4.980936720471602075e-01 4.870939771874746582e-01 4.896335181386747837e-01 4.907892720932492958e-01 4.981767266353438472e-01 4.824030944478552296e-01 4.908824191230472533e-01 4.794932580523877941e-01 5.006430217903403701e-01 4.847450140718641554e-01 4.827496326437567542e-01 4.839033221762212289e-01 4.757011640519555606e-01 4.884026378147826586e-01 4.881536288060394080e-01 4.926976754294040139e-01 5.016358089785317720e-01 4.905427582130047481e-01 4.917458778159088939e-01 4.970556988010826349e-01 4.930689249099923233e-01 4.955006848007239562e-01 4.967089582238577994e-01 5.031420909496761018e-01 5.021720241897598136e-01 4.943037128788462797e-01 4.974388839087937608e-01 4.989380979527745508e-01 4.995218912489555740e-01 4.978995833650283753e-01 4.950953342978797744e-01 4.964636385743754765e-01 4.891040915260946864e-01 4.925152553823595181e-01 4.962266273397524796e-01 4.955659621117176061e-01 4.951687234785594471e-01 5.034186119786201452e-01 4.971339259849223979e-01 4.874533576752592134e-01 4.935351606839518124e-01 4.965692209898673881e-01 5.000618766198475784e-01 4.965634015817780855e-01 4.917402756215390469e-01 4.901826483953619085e-01 4.843932456535682829e-01 4.964257837094637749e-01 5.000263783847371801e-01 4.952177618853231267e-01 4.955217259422078357e-01 4.951080083109609120e-01 4.929249326484348992e-01 4.992141090715400686e-01 4.986606654462859001e-01 4.990106245339335778e-01 4.990577307358964876e-01 4.943315731912663047e-01 5.028436144118201279e-01 5.017530096769172721e-01 4.993851176172645068e-01 4.874621077144228876e-01 4.986796876527770372e-01 4.937354156077576328e-01 4.924252633031323545e-01 4.963839498153434504e-01 4.935186327127954464e-01 4.974192813837534644e-01 4.947558302020015897e-01 4.961754223093057803e-01 4.932893609810617419e-01 4.996915442165776322e-01
-8.867763596604952281e-02 4.280875300118940074e-02 2.443338389848049019e-01 3.961271736256489762e-01 3.138912298525240452e-01 1.000000000000000000e+00 5.240008923254992901e-01 4.674184560942486466e-01 4.888717767242870549e-01 4.853840007653221211e-01 5.601028099600200427e-01 5.725564964282161551e-01 4.997961928563092737e-01 4.779054351921812049e-01 6.010200615588922046e-01 5.770747345081023161e-01 5.186293741774002930e-01 4.702421754813827515e-01 5.086674620033910799e-01 3.872497616728786674e-01 4.543695804929688831e-01 4.880944281673408325e-01 4.350785706191809821e-01 4.326594742634531920e-01 4.780908760867007001e-01 4.954296148961436774e-01 5.647697740109569597e-01 5.315194492565411544e-01 4.988463137486038868e-01 5.077572896799633639e-01 5.663059653120362524e-01 5.436396852977835037e-01 4.807470579693118862e-01 5.182396488462165385e-01 5.104759805169712950e-01 5.275759861114016624e-01 5.632009033614544524e-01 5.621285920697387528e-01 5.686995731971066226e-01 5.543801470953183541e-01 5.853134229002173727e-01 5.985449970583663903e-01 5.732177081913003569e-01 5.958067443970125332e-01 5.912020136124709335e-01 5.885813051504541482e-01 5.979331348938643487e-01 5.869682657757552269e-01 5.789653611511316189e-01 5.587239143791981055e-01 5.830722101764796994e-01 5.813859516927051274e-01 5.977484114425876127e-01 5.742139742463151508e-01 5.522668880099732558e-01 5.642079527057624055e-01 5.286369843287191950e-01 5.864576258652163254e-01 5.767999265003469489e-01 5.951714217436536725e-01 5.901866124808180514e-01 5.781974996256592503e-01 5.652503384093838790e-01 5.776896192338639713e-01 5.824251524492820575e-01 5.810514814862763888e-01 6.038180976347085060e-01 6.001683521631300255e-01 5.895926804819054956e-01 5.922578807865128692e-01 5.958939278505832604e-01 6.025001515217195402e-01 5.860238977287761664e-01 5.861651140226942225e-01 5.876425443137927029e-01 5.982407144547233768e-01 5.972651474314757403e-01 5.882083058740034121e-01 5.965480269874779973e-01 5.799048431921302038e-01 5.859462243853640340e-01 6.017311123203631373e-01 5.762862143035947238e-01 5.783647641043213605e-01 5.832295624387591193e-01 5.937055439840533966e-01 5.970992391191474180e-01 5.989769365956045810e-01 5.975672670902925088e-01 5.783752682126993561e-01 5.959019231419142582e-01 6.069795025125622745e-01 6.129799582469575014e-01 6.059340661276968465e-01 6.083735106085318423e-01 6.003831973797908450e-01 5.881264321877639478e-01 5.818454975308375854e-01 6.016951892676466462e-01 6.042701377774036819e-01 6.051940968894946593e-01 5.924124786098944329e-01 6.160249747156496536e-01 6.080069229001245912e-01 6.032838040517215505e-01 5.657905052651178712e-01 5.928406816783159394e-01 5.934517118550161063e-01 5.869299326167416453e-01 6.000278046164173595e-01 6.020282392598684806e-01 6.008565645119094967e-01 5.930853405143275969e-01 5.950541335343079163e-01 5.981786081253051002e-01 5.950647246899061216e-01
6.275394681220720916e-02 1.743826538677681892e-01 3.389734429114446002e-01 5.541827835372783451e-01 4.688537600330664468e-01 5.240008923254992901e-01 1.000000000000000000e+00 7.428238706248094791e-01 7.208513038426981323e-01 7.164911983867677803e-01 7.555296121620299621e-01 8.196652137062884202e-01 7.230383211132622723e-01 6.721254238344409604e-01 8.468067462509232257e-01 8.258435388938724087e-01 7.551417055069711282e-01 7.573871477836779942e-01 7.818487636795647955e-01 5.841106702403560114e-01 7.285725782699999931e-01 7.451125287105346828e-01 7.300288576870098689e-01 7.077574524954445279e-01 7.476645866470986723e-01 7.872352222605760730e-01 8.100737767668185763e-01 8.152165658247881863e-01 7.803348089545588673e-01 7.975663324537435317e-01 8.288386014168654947e-01 8.339357602572117223e-01 7.855722155086805047e-01 8.110549684458834285e-01 8.069025196059635974e-01 7.982771631882550345e-01 8.143113508730434047e-01 8.390289019244088209e-01 8.381908599247516189e-01 8.228859557792543855e-01 8.359763846150725097e-01 8.435869467540979549e-01 8.465110346607472858e-01 8.488266436092610778e-01 8.433513857218447596e-01 8.400404994005679082e-01 8.344494442545341562e-01 8.358393297352395557e-01 8.391463953390310149e-01 8.321405717938423763e-01 8.469251316071818581e-01 8.114974242675747629e-01 8.299638035477068243e-01 8.255584464605517647e-01 8.190713603263369835e-01 8.315911603438121968e-01 7.936855161165756734e-01 8.348267688822311738e-01 8.320460271457941204e-01 8.257657653616795601e-01 8.398064007026284639e-01 8.238378076108925363e-01 8.261595063181801368e-01 8.304111478921911704e-01 8.288324664824442412e-01 8.303842902040236007e-01 8.388211121840480899e-01 8.508495926013089905e-01 8.486313914163688965e-01 8.333094145170120148e-01 8.447710338110723249e-01 8.457890917315737944e-01 8.473363732988783426e-01 8.443125069764202406e-01 8.417270803227949738e-01 8.425181747365259044e-01 8.473781892055406439e-01 8.406470438424694658e-01 8.465305845008643804e-01 8.386488966297876990e-01 8.414392925786714494e-01 8.452492905813563384e-01 8.425157318273802654e-01 8.388871884993948091e-01 8.495156397253730285e-01 8.524126779219313166e-01 8.454235871372430822e-01 8.520328729444691662e-01 8.455242117421816195e-01 8.354047943166295065e-01 8.466151899275485837e-01 8.440281354891323584e-01 8.437507986243910629e-01 8.478534609630618002e-01 8.364698770813838724e-01 8.384898892218114463e-01 8.402128745295670553e-01 8.322610384195150424e-01 8.408041676867431535e-01 8.488433041087403153e-01 8.487126238418104540e-01 8.409102833649626518e-01 8.360864131096013008e-01 8.439378755386445219e-01 8.460381310642443031e-01 8.249784037690106597e-01 8.379013712776248735e-01 8.360438907128328045e-01 8.367841202734300765e-01 8.373563052523010919e-01 8.408088737619153763e-01 8.320997543850569000e-01 8.349515490473945478e-01 8.395381940205435267e-01 8.355280346246555245e-01 8.319563722180145504e-01
7.236573012211436340e-02 1.401663174853964577e-01 2.867427852767145402e-01 5.295997410596076094e-01 4.441566324154553880e-01 4.674184560942486466e-01 7.428238706248094791e-01 1.000000000000000000e+00 7.052158203865362962e-01 6.664717298494382547e-01 7.271262828283543422e-01 7.825789559627447378e-01 6.939431335964736380e-01 6.227815057046641734e-01 7.894220608760096347e-01 8.043219708309049532e-01 7.193627102478322710e-01 7.151720270425828696e-01 7.347465911119125392e-01 5.590700023765788895e-01 6.971444074131339930e-01 7.083721004308994873e-01 6.929071326666200736e-01 6.537184062980090360e-01 7.069262554412610866e-01 7.398468854632268554e-01 7.666199262501740552e-01 7.561288793588722967e-01 7.265494752042380711e-01 7.564047735695846875e-01 7.765725495516551113e-01 7.929428998255853012e-01 7.403370947974172722e-01 7.564294811557898957e-01 7.628960021442801054e-01 7.542625959969347926e-01 7.805787452338018850e-01 7.918458407595349025e-01 7.893809297051196383e-01 7.752788402214508823e-01 7.906008311811676403e-01 7.955975081493038559e-01 8.142378499001378112e-01 8.108895264050540730e-01 8.006140204408026539e-01 7.935266282854060993e-01 7.997568436897366517e-01 8.022367431135482008e-01 8.104274347351549945e-01 7.991877195457677274e-01 8.121096643976597473e-01 7.748621395512267362e-01 8.053163016280566744e-01 7.948255350285439169e-01 7.911764034449780825e-01 7.878727736902551015e-01 7.917076795339124118e-01 8.039703412114955761e-01 8.075999245684754024e-01 7.991163739821256495e-01 8.165375060912903882e-01 8.023367284622024975e-01 8.080000227517875055e-01 8.067500729543543025e-01 7.982317213025367231e-01 8.049096853334533064e-01 8.021371802364446468e-01 8.101568554966476210e-01 8.081626209398845573e-01 7.964464653177963926e-01 8.045037224144161447e-01 8.055843736091454765e-01 8.018400160799391552e-01 8.003327502448907005e-01 8.024209794496319770e-01 7.987487596441510407e-01 8.001960177592241097e-01 7.960423567244181431e-01 7.985148657206256884e-01 7.980001613942100391e-01 8.037500842271559920e-01 8.024671334536557232e-01 8.065805458256538607e-01 8.018797794866058259e-01 8.095250765670876092e-01 8.085135339307133462e-01 8.062692334798674532e-01 8.088314389619695177e-01 8.053687893669350117e-01 7.963989874298833538e-01 7.996374869019937659e-01 8.039579621982888558e-01 8.024753100777066717e-01 8.035602843949101182e-01 8.002317934852046788e-01 8.025230938520766522e-01 8.097623788748399276e-01 8.093663907427544046e-01 8.089299093798422158e-01 8.107905385517418795e-01 8.132649354454527524e-01 8.096251891443401183e-01 7.993038244309846885e-01 8.096571666792596877e-01 8.083219924350484309e-01 8.027105171632981095e-01 8.079819638461395170e-01 8.006161944350488335e-01 8.039815074621864399e-01 8.055933131410737413e-01 8.035161705222094719e-01 8.025015056292471582e-01 8.043426139619930249e-01 8.093100005550090126e-01 8.009757186923549543e-01 8.001181228186221572e-01
2.145320926591446076e-01 2.478554339036048992e-01 3.115431138036995340e-01 5.069025240898605844e-01 4.270314025598921925e-01 4.888717767242870549e-01 7.208513038426981323e-01 7.052158203865362962e-01 1.000000000000000000e+00 7.718609651026787644e-01 7.665510140461126998e-01 8.034874605909817502e-01 7.337285522072433119e-01 6.695355304566928956e-01 8.198585090542193088e-01 8.136625376436168455e-01 8.019066412656358223e-01 7.505297362785445792e-01 7.351877668091715279e-01 6.248021429133843174e-01 6.370997315852000575e-01 6.534068980888234623e-01 7.816997428952460192e-01 6.650248998984407134e-01 7.159138932935608102e-01 8.465142142291798288e-01 8.471412019352002609e-01 8.291639474354652872e-01 8.288875028639046683e-01 8.452455066625529367e-01 8.627660598114621493e-01 8.475631531096832205e-01 7.862672590326803546e-01 7.861226057521590871e-01 8.418424297114425192e-01 7.565633933083153462e-01 8.135232990847400814e-01 8.419622316380875882e-01 8.397996080611604963e-01 7.851403290713964145e-01 8.594616921293078970e-01 8.413306279714914959e-01 8.095330104697313622e-01 8.477203946490700082e-01 8.340047781546510164e-01 8.519686149393064234e-01 8.566787597234264418e-01 8.762503206782301657e-01 8.636113482164463617e-01 8.333128085025851561e-01 8.543156577037455124e-01 8.004524585153433014e-01 8.335308849311975354e-01 8.826815551214872713e-01 8.825097912661792332e-01 8.712024562689888452e-01 8.716304190951351671e-01 8.656203050073077998e-01 8.668511536206570112e-01 8.686221954821519153e-01 8.629610252852240038e-01 8.693886579149208149e-01 8.699267670108785655e-01 8.698690686925062421e-01 8.595118369767608124e-01 8.723114812627704717e-01 8.621907548933454013e-01 8.578414882493107241e-01 8.677152376569921000e-01 8.465177718485202840e-01 8.151569580510744650e-01 8.463915504399641687e-01 8.425615437510983741e-01 8.430466004009671277e-01 8.775147682608240851e-01 8.672738601925543689e-01 8.571711400505059864e-01 8.699805982664304826e-01 8.694582317968664320e-01 8.799405084936939847e-01 8.683779642284316092e-01 8.712739980634873760e-01 8.736984949074630968e-01 8.685015931794218824e-01 8.566330210376148502e-01 8.458270129330390796e-01 8.428772834158743121e-01 8.587074908339993318e-01 8.567933727061571858e-01 8.779354541992520078e-01 8.430092264419878356e-01 8.552186080884041086e-01 8.487524179368952648e-01 8.577744316630586674e-01 8.570817550287920250e-01 8.683355988532142078e-01 8.368470291390955884e-01 8.523647869361510310e-01 8.535182864162208505e-01 8.484652081778600863e-01 8.419722789023681431e-01 8.596295509600166973e-01 8.420630433086946365e-01 8.558945300893098240e-01 8.483159726404537748e-01 8.702616978637524037e-01 8.676171413043093361e-01 8.737187709213732889e-01 8.763088201312972947e-01 8.653781216378150232e-01 8.573194391676910442e-01 8.647596648215162274e-01 8.656752975489999669e-01 8.630106776359971477e-01 8.578488809672638604e-01 8.671259500779605611e-01
1.359720984779236863e-01 2.410779924292281162e-01 3.013394508298579688e-01 4.932722973372346553e-01 3.953683380173538819e-01 4.853840007653221211e-01 7.164911983867677803e-01 6.664717298494382547e-01 7.718609651026787644e-01 1.000000000000000000e+00 7.324992140552923914e-01 7.779634510164405992e-01 7.051195163433585655e-01 6.465523390302838624e-01 7.969914639794706268e-01 7.785380314738009622e-01 7.497319904913740674e-01 7.017851873594329604e-01 7.080758070522277237e-01 5.601827327368406051e-01 6.013409492276313717e-01 6.320508302946840073e-01 7.259195040005226307e-01 6.283819344452993283e-01 6.832227068510485779e-01 8.004491895399902246e-01 8.031799374469185127e-01 7.998700776587680528e-01 7.846730757949760271e-01 8.022213861069432683e-01 8.249470156924985087e-01 8.088127119881139970e-01 7.715700733829503610e-01 7.680968941420220908e-01 8.002263196253061039e-01 7.471698936166007998e-01 7.935844578413632222e-01 8.268769232211671261e-01 8.239485126367251944e-01 7.900455313843322003e-01 8.294854480300976052e-01 8.228691992522767507e-01 7.860727758086146766e-01 8.178517612420214133e-01 8.063070701184986699e-01 8.269285431978317114e-01 8.238155798926398710e-01 8.356444129671576349e-01 8.241342194696728018e-01 7.991712174784301181e-01 8.252907487426358601e-01 7.557970329100343054e-01 7.918459300841240722e-01 8.376484480713871639e-01 8.367732099881203256e-01 8.392764931432137310e-01 8.079477416971152515e-01 8.264823531916154487e-01 8.303628100663872358e-01 8.231195906560000441e-01 8.216429165098028120e-01 8.243099815434167255e-01 8.230223024075403737e-01 8.253474808378168381e-01 8.121765553428597073e-01 8.209212838906064791e-01 8.276333099098993618e-01 8.221385725227602359e-01 8.312842346068799460e-01 8.032153681010023583e-01 7.866343883330333409e-01 8.166742764695297252e-01 8.084170307327960270e-01 8.080063210646587502e-01 8.391026263843573973e-01 8.320510310748855387e-01 8.273253594759302221e-01 8.334718935595085698e-01 8.344390637559674362e-01 8.401028586220397054e-01 8.360256036878459529e-01 8.371407970840615276e-01 8.337224201948982838e-01 8.357359188867846678e-01 8.279969630934708169e-01 8.221521909045390597e-01 8.195984338809808589e-01 8.320107146435121726e-01 8.329115788367291717e-01 8.392324913493605099e-01 8.251532379451818056e-01 8.285011279700710274e-01 8.206839210265698403e-01 8.304497284897313092e-01 8.252291354199220441e-01 8.339835135659571241e-01 8.096534548525122776e-01 8.070360840494972265e-01 8.206752088064166450e-01 8.216829769212172785e-01 8.150945385232798435e-01 8.251208487241495915e-01 8.089001828065705002e-01 8.222485095931828525e-01 8.154195517311255692e-01 8.251623784360178071e-01 8.280222750151806643e-01 8.369228097270831057e-01 8.379981747768697753e-01 8.293382130030720889e-01 8.268451333577571116e-01 8.260783704370336933e-01 8.259713966101670524e-01 8.253791590466101891e-01 8.208225856714510549e-01 8.241943981920003548e-01
-2.877713827800602864e-03 1.182254384625183036e-01 3.442129312115472795e-01 5.540448415140163396e-01 4.455475097716412036e-01 5.601028099600200427e-01 7.555296121620299621e-01 7.271262828283543422e-01 7.665510140461126998e-01 7.324992140552923914e-01 1.000000000000000000e+00 8.473445647271946601e-01 7.642103338320207495e-01 7.148793840976404024e-01 8.683413448991950112e-01 8.549793598110706494e-01 7.882244243210515533e-01 7.150750928459940203e-01 7.647095722611907398e-01 5.944554528377180569e-01 6.884652892120909362e-01 7.280834860745641901e-01 7.032965184647448353e-01 6.452151376607415667e-01 7.144197829073828387e-01 7.848499384090754649e-01 8.426029212992759421e-01 8.140174157216217843e-01 7.660236054173444886e-01 7.990755304009947713e-01 8.563440402613631264e-01 8.286084778866557032e-01 7.632161028130871605e-01 7.882870986308313510e-01 7.961774451865043511e-01 7.985798417095674173e-01 8.510134588702130687e-01 8.426118740309771482e-01 8.531369460769712143e-01 8.313927787385811952e-01 8.639475050757221553e-01 8.736759071357843576e-01 8.537951494768326599e-01 8.797136083166561260e-01 8.713516064713888731e-01 8.688216268312349833e-01 8.812171607184431377e-01 8.775586087229543253e-01 8.715450028094486878e-01 8.449149760367987705e-01 8.729314065641565756e-01 8.497740125633126418e-01 8.725960993298287338e-01 8.674594251445243431e-01 8.539818245313657297e-01 8.587437756459093130e-01 8.376971984179404362e-01 8.722705112685301687e-01 8.681098365282640117e-01 8.787660760666746729e-01 8.797028930539523284e-01 8.689536011307987806e-01 8.644026595871430185e-01 8.756557128825779301e-01 8.731194571827585182e-01 8.780553864623289462e-01 8.871882616780730757e-01 8.780774219728344487e-01 8.727726465072543904e-01 8.698840286498142893e-01 8.703556014207589620e-01 8.836367576215247155e-01 8.598548921204876017e-01 8.615686559175910197e-01 8.764828143649300296e-01 8.793384976795233232e-01 8.795788284881306263e-01 8.679435041514831362e-01 8.765952071113237709e-01 8.720708080514657512e-01 8.769612650456738434e-01 8.859788281508920171e-01 8.726250837823316120e-01 8.672897058988124908e-01 8.696933259172984210e-01 8.749991301532641375e-01 8.848082106468927455e-01 8.812502939862842943e-01 8.806548507372374823e-01 8.697493739742382379e-01 8.772653167967268129e-01 8.875591321558691238e-01 8.907913487677787678e-01 8.868298601977063766e-01 8.877361693559943090e-01 8.848773991967036068e-01 8.753695960356643324e-01 8.748658444633115039e-01 8.858518648091849856e-01 8.840119028130385415e-01 8.861796602236734488e-01 8.808879588028027952e-01 8.902160043279423451e-01 8.874101503378949429e-01 8.860054755601654009e-01 8.660755967697107982e-01 8.832698308145460198e-01 8.802208985950022990e-01 8.768756412745557505e-01 8.838067132327599440e-01 8.842800390154686996e-01 8.836804183538934376e-01 8.805342075071195262e-01 8.829148894347993437e-01 8.837719329722268924e-01 8.837024020213654074e-01
3.850383829996694568e-02 1.394490997437088653e-01 3.600617965992109482e-01 6.244050897299869840e-01 4.901370082459022282e-01 5.725564964282161551e-01 8.196652137062884202e-01 7.825789559627447378e-01 8.034874605909817502e-01 7.779634510164405992e-01 8.473445647271946601e-01 1.000000000000000000e+00 8.021534555111096143e-01 7.330329807858915192e-01 9.113684516574482863e-01 8.995875528597240267e-01 8.265829846202339404e-01 7.892229939569959107e-01 8.324183570629184459e-01 6.459410720309994858e-01 7.747577016027823449e-01 8.135450008214867301e-01 7.758831788320236234e-01 7.224964182137495472e-01 8.033578514844015306e-01 8.480682016330045592e-01 8.957506839733060389e-01 8.795906139266841395e-01 8.350487529215135929e-01 8.720196744068438033e-01 9.122307837183947221e-01 8.936895373782298702e-01 8.424040734599897995e-01 8.536901270780909989e-01 8.695917943194449995e-01 8.617102054988760029e-01 9.013575635027326616e-01 9.016897564744492666e-01 9.104191365210800857e-01 8.911589088822614579e-01 9.161840392138238531e-01 9.203594677440726235e-01 9.213547598244592463e-01 9.334840246561317834e-01 9.284365552385205334e-01 9.192922625629388333e-01 9.244866637117681307e-01 9.243684955926282365e-01 9.210860022847101591e-01 8.994311488040267477e-01 9.237314953247957039e-01 9.017758943418224815e-01 9.241090703934582429e-01 9.138306963602069732e-01 9.051875584734029312e-01 9.090554339322821642e-01 8.868651894174981454e-01 9.220841372747147213e-01 9.172668082425532443e-01 9.235245508781328994e-01 9.300604544687587349e-01 9.185034961062721326e-01 9.144648727010729061e-01 9.216041967880904684e-01 9.226681246380441515e-01 9.251813231128854786e-01 9.291380422359952762e-01 9.325003525418571471e-01 9.285690785234889111e-01 9.212048365823254370e-01 9.277725222762822632e-01 9.336393298249984207e-01 9.161969625375148141e-01 9.202766014555214813e-01 9.259427089530202215e-01 9.313390719150516084e-01 9.295850184710455766e-01 9.207637949027008828e-01 9.264396918109001344e-01 9.241253514350498133e-01 9.296854769694273823e-01 9.347181801421907688e-01 9.242326114541826731e-01 9.229052975688800675e-01 9.233686660529265566e-01 9.283987371106376951e-01 9.320673263646669371e-01 9.311959467999996187e-01 9.315229520859152901e-01 9.172291039153355197e-01 9.278955514277938965e-01 9.323353931646289894e-01 9.346986256845684071e-01 9.338433399217846986e-01 9.291245445240068346e-01 9.296974845804522047e-01 9.228672155327757309e-01 9.226200591929384354e-01 9.304553416787972875e-01 9.329929114324878592e-01 9.349589739553122447e-01 9.289531571741063143e-01 9.318109884165329815e-01 9.350582737578273518e-01 9.346289484424278315e-01 9.143652200293966859e-01 9.276580791998060294e-01 9.242510902562407482e-01 9.244978986262621934e-01 9.296075147256177562e-01 9.294662437591980630e-01 9.290993698583912552e-01 9.281433743957875349e-01 9.312853852719180647e-01 9.307223859675907152e-01 9.278085507705409185e-01
2.480568412447561183e-02 1.246900614091027704e-01 3.162547046821637675e-01 5.368890229985868734e-01 4.304400039691976820e-01 4.997961928563092737e-01 7.230383211132622723e-01 6.939431335964736380e-01 7.337285522072433119e-01 7.051195163433585655e-01 7.642103338320207495e-01 8.021534555111096143e-01 1.000000000000000000e+00 6.816343873795758235e-01 8.265385237407623098e-01 8.243185570954055796e-01 7.526190604035134513e-01 6.967544040537420047e-01 7.352165691878971288e-01 5.718064844649429768e-01 6.699765743715077049e-01 6.978186452664415507e-01 6.887968081950701649e-01 6.235957422854055965e-01 6.990731329148545115e-01 7.564586631612145728e-01 8.032271538411365208e-01 7.816448533026637557e-01 7.495223552698669911e-01 7.667615454528875496e-01 8.119193584919597306e-01 8.016902848748710397e-01 7.388417647605206584e-01 7.511755815434781880e-01 7.705847792008954089e-01 7.531587686469551901e-01 7.993686264685773146e-01 8.087018028385755120e-01 8.146290528230626382e-01 7.887673457755743911e-01 8.272425957067652824e-01 8.296819601610914141e-01 8.112201722765824963e-01 8.392611478584721674e-01 8.296311692966779061e-01 8.259149162360445162e-01 8.436501577474296854e-01 8.423932935153617407e-01 8.381582979540291856e-01 8.093743530464513336e-01 8.338515810528198680e-01 8.050772716435632415e-01 8.304837158851469114e-01 8.362443804881799503e-01 8.234429532890148451e-01 8.238694248244387008e-01 8.119183439532998703e-01 8.394381394566767796e-01 8.331140128275349443e-01 8.455426692545899847e-01 8.452583778441021822e-01 8.390154111512487800e-01 8.329029747871135037e-01 8.386993347474249738e-01 8.367799304985041875e-01 8.408587910119418307e-01 8.443283766624322118e-01 8.406754609748208207e-01 8.346399376091776512e-01 8.305324957860468205e-01 8.323448986359576196e-01 8.441172655018827076e-01 8.199945155302714728e-01 8.256615133131988138e-01 8.392714630150809318e-01 8.429005621818101979e-01 8.407130140850893607e-01 8.345554005312145751e-01 8.409169792903125051e-01 8.406582916504827807e-01 8.413938613057175830e-01 8.455761718121866943e-01 8.356224118207695728e-01 8.349596023488350394e-01 8.309920537951172026e-01 8.317331526718132473e-01 8.381371113623655722e-01 8.412759069262365497e-01 8.412546293622198412e-01 8.324463650841159579e-01 8.345438504799886914e-01 8.452351389527522629e-01 8.465652971157771045e-01 8.452445951723095430e-01 8.482825068729146212e-01 8.452410871710678286e-01 8.329028984651942746e-01 8.342741170815585194e-01 8.450423502445577606e-01 8.425283443527499250e-01 8.425871153126840429e-01 8.440436465613078143e-01 8.462679457992505760e-01 8.478140589831760776e-01 8.418078029441116161e-01 8.318068697801510591e-01 8.441304204735212702e-01 8.413487023482826288e-01 8.405221838960204028e-01 8.465436028662921553e-01 8.451043260769796062e-01 8.473994136691550549e-01 8.443178098280376132e-01 8.438371340007989607e-01 8.440551737084588391e-01 8.460979431428670150e-01
