1.000000000000000000e+00 1.488380420450195474e-01 1.618530939277020297e-01 -3.177132203665658516e-02 1.292196752250275756e-02 9.274668821656360806e-03 3.654409228654739716e-02 -1.385862762683551068e-02 1.888724419740250571e-01 8.772921256573062987e-02 3.771363129722416635e-02 -2.050639180988519591e-02 -6.409013663597310645e-03 2.715289480645888265e-02 2.858164780674461985e-03 -1.263226479097516800e-02 1.732032019109449872e-01 2.122657388775580356e-01 1.912525665936025132e-01 8.060486943785272196e-02 2.102997062621232705e-02 1.437031812009697262e-01 2.420065375214554282e-01 2.192447736444513573e-01 1.779645222224519874e-01 1.850060189934432664e-01 1.555168070069828101e-01 1.793885008970240447e-01 1.826720009351739948e-01 2.004568506615201362e-01 1.612243871974520792e-01 1.308942184170600043e-01 1.717770799242720747e-01 1.424918045540402023e-01 1.852110909388787752e-01 1.342704468976590737e-01 1.744001763187489618e-01 9.449844223480002858e-02 9.304577760281246279e-02 9.014385037824246272e-02 7.901266811176903271e-02 7.289888476032255205e-02 5.868888987512169142e-02 7.004243111370815622e-02 9.495577378096647925e-02 8.224172874431751046e-02 1.743385909722588653e-02 4.363746388444359608e-02 3.406832198936887712e-02 5.918628553284251831e-02 5.104630458988612673e-02 2.975589126998951298e-02 3.768194436870767744e-02 1.070492819744577329e-01 1.030310038376129056e-01 1.211146420068074381e-01 9.883807758330197257e-02 4.475277478884803067e-02 3.395604005838444295e-02 4.914024482449627640e-02 3.427693833354705094e-02 4.347574233545438427e-02 2.501061242648588284e-02 4.480130335541809838e-02 8.584930348948612011e-02 6.620584305259771818e-02 4.876621747108404042e-02 7.250332305928214316e-02 7.809115649364144207e-02 5.720175205273077962e-02 3.557358174618228258e-02 7.353200669031276226e-02 9.292099927800176462e-02 8.129924440764275950e-02 6.425468322013475064e-02 7.864947625211850257e-02 8.197470398541606418e-02 9.037747891509838316e-02 6.035658736693780280e-02 9.750331884210877709e-02 1.000439734677632669e-01 6.359748241201060304e-02 1.002318216037272752e-01 1.061617479098487388e-01 5.132645542466012650e-02 6.621540504687958850e-02 7.573185079414447574e-02 4.595481729274025762e-02 4.680655987527353179e-02 8.895908172353635124e-02 5.683288010332597506e-02 3.643281659308213183e-02 5.131163556438538692e-02 3.586966335901848463e-02 9.661651232029742908e-03 2.200281047653408067e-02 2.513945149949605579e-02 5.344610409313964305e-02 3.155393893308016534e-02 3.514795965085824869e-02 2.493629041687904849e-02 3.031149329665061218e-02 1.499019451073608199e-02 2.556605341373771254e-02 4.179788799796581994e-02 7.045875207765291137e-02 3.926589958777096379e-02 5.608575889291250033e-02 6.027519989400442757e-02 2.875675956624910642e-02 2.594122557477615207e-02 2.636031541596826205e-02 1.842163733053278282e-02 2.888674992317981707e-02 5.075374378951130749e-02 4.256705049363082582e-02
1.488380420450195474e-01 1.000000000000000000e+00 9.843619063469148667e-02 7.619486596720402571e-02 1.053474738905584573e-01 1.161206968493998376e-01 1.358304689156837330e-01 1.083842008845192495e-01 2.242384469736135588e-01 2.214355915449309486e-01 1.694316363481546961e-01 1.347959181833305875e-01 1.519685532764737390e-01 1.057018431239061529e-01 1.516753092177037521e-01 1.394278361632511620e-01 2.049106900290094402e-01 1.763592534119065303e-01 1.891271727314550732e-01 1.111741796384839026e-01 1.207600229530941677e-01 1.760155551219931003e-01 1.984786342102080881e-01 1.842869827233198088e-01 1.966118634020900535e-01 2.324279020847919708e-01 2.148056487678000337e-01 2.239505541022731860e-01 2.145162319826501296e-01 2.239500477884370788e-01 2.190516684771884603e-01 1.994425932968840187e-01 1.982846319254860934e-01 1.739049682706216016e-01 2.198217201391931830e-01 1.792592146352753602e-01 2.014914863289028746e-01 1.954532167990441494e-01 1.891063180175396596e-01 1.866256579141696847e-01 2.054863912901417067e-01 1.933971944489165928e-01 1.848716202745820103e-01 1.817913681729031450e-01 1.902544075152877434e-01 1.964489678312268117e-01 1.677183830672153431e-01 1.844981095660857828e-01 1.707434812568427163e-01 1.596531251531436435e-01 1.736332063380860991e-01 1.389867927617738363e-01 1.600582350727693115e-01 2.068299514024587726e-01 2.034211175620279366e-01 2.116794052484393118e-01 1.868030142154146755e-01 1.816294197956473122e-01 1.716653245189764532e-01 1.833086825387517382e-01 1.708918947630130303e-01 1.762523055917447901e-01 1.663722479406924970e-01 1.791511169582344631e-01 1.849349191649942437e-01 1.815966428766361551e-01 1.782300949984488847e-01 1.783186076542996601e-01 1.900477731699996287e-01 1.665993306681851638e-01 1.702555382314798749e-01 1.840932455514044941e-01 1.813016791188689081e-01 1.816952563675514332e-01 1.892252811123828760e-01 1.898758906236268640e-01 1.993787640270424932e-01 1.977681528666936916e-01 1.908356615395997435e-01 1.981615909244129892e-01 2.004319940717832482e-01 1.880585276206520051e-01 1.976898502554830517e-01 2.024568386107200579e-01 1.739736267770624345e-01 1.713068731997734462e-01 1.801547812441272600e-01 1.829694185947613461e-01 1.746433483433897371e-01 2.055493497440994410e-01 1.837901964928380649e-01 1.750136831105787161e-01 1.777028718429236875e-01 1.769684325272760650e-01 1.641524001360039620e-01 1.710355629771057040e-01 1.576790325146897875e-01 1.722168592689246325e-01 1.641162857104810358e-01 1.712635491653692055e-01 1.646488246758952556e-01 1.646173032941509462e-01 1.581968862313257451e-01 1.638614542262841201e-01 1.666893929123875462e-01 1.852891023623410294e-01 1.737271548865247095e-01 1.882144477390491066e-01 1.887742363590319827e-01 1.693405572514381785e-01 1.739542690423473426e-01 1.710585477026223822e-01 1.629907437758826849e-01 1.668000294336971223e-01 1.735274232757646751e-01 1.749677037629147058e-01
1.618530939277020297e-01 9.843619063469148667e-02 1.000000000000000000e+00 4.105676528120382751e-01 2.577893364528097142e-01 2.065827634773493848e-01 4.122413264615440442e-01 3.234480966491989351e-01 4.007921847700333662e-01 3.283044371359026825e-01 4.161974078755318329e-01 4.008831977181775974e-01 3.218362712506473433e-01 2.971208576785048794e-01 3.789865599868284529e-01 3.574494255797168174e-01 3.944631556351833046e-01 3.541106812487178068e-01 4.286864561779505367e-01 3.428808018864527574e-01 4.177900843355573102e-01 4.706312082718187018e-01 3.879014554068183629e-01 4.144535978776613949e-01 4.241288663129313408e-01 4.390656463211418670e-01 4.600193596041622368e-01 4.537825516292385841e-01 4.184540615116661422e-01 4.116280316281782925e-01 4.439424706668879117e-01 3.937746943772764685e-01 3.926763005432032938e-01 4.143061149514505326e-01 3.974413133551586430e-01 4.408451069910205855e-01 4.271615588118251594e-01 3.790640946135646061e-01 3.891054977580808427e-01 4.131216566411731739e-01 4.204006932532904361e-01 4.189295360704207161e-01 4.095178229674654724e-01 4.146798031238959070e-01 4.361825612632719840e-01 4.040290765092948155e-01 3.796525159021504892e-01 3.768355629361346271e-01 3.845389870912104269e-01 4.003234590557926409e-01 3.938768036688827801e-01 4.133215803341075412e-01 4.148358298876210770e-01 3.758355320536612143e-01 3.698665340946272195e-01 3.992501586327034668e-01 3.940066371091708319e-01 3.863287287302075157e-01 3.623204077964119474e-01 3.894313282556530198e-01 3.955297590827508980e-01 3.663217797255330921e-01 3.719170871277210355e-01 3.828526832144958369e-01 4.137571120492045673e-01 4.003605239471533239e-01 3.877558976672400570e-01 3.925899906254614602e-01 3.853862541718583445e-01 4.054161563458019701e-01 4.334496353246802269e-01 4.332772152057602910e-01 4.095855393780180598e-01 4.257020438243384608e-01 4.167132850008854472e-01 4.284795067817676051e-01 4.233392660559195941e-01 4.132581426145438552e-01 4.192493859148347934e-01 4.104522507127663644e-01 4.108695210001012121e-01 4.126533977115878771e-01 4.111957594966493268e-01 3.979317540171331546e-01 3.973403500548414735e-01 4.064154181156964807e-01 4.171461380419353437e-01 3.844943389102968845e-01 3.899479290120991815e-01 4.133000287030899056e-01 4.115674738122369059e-01 4.019940612424968140e-01 4.137434752699626905e-01 3.967617220214633700e-01 3.762855890462052377e-01 3.760751917905979513e-01 4.028069919828696221e-01 4.040574870229616811e-01 3.956290090815736127e-01 3.941432557822875937e-01 3.999680259657169001e-01 3.825530665288512377e-01 3.921023920923186745e-01 3.928646192350279120e-01 4.104116293736619903e-01 4.019673242111623246e-01 3.848019991549809782e-01 3.820058311773211757e-01 3.926218380997217317e-01 3.837260330646463657e-01 3.794070617779742860e-01 3.847818311756452947e-01 3.741460610821246147e-01 3.825687066935978264e-01 4.013902466915102996e-01 3.915707781421943201e-01
-3.177132203665658516e-02 7.619486596720402571e-02 4.105676528120382751e-01 1.000000000000000000e+00 3.815272309893775748e-01 3.369515004820202164e-01 6.360383358689651878e-01 5.459994469741230594e-01 4.420679825569840404e-01 3.891821766466294630e-01 5.792739465503133900e-01 6.417948380641631534e-01 5.289550511737571847e-01 3.490900038628142465e-01 5.631979151894382918e-01 5.457043610203522466e-01 4.498477460274927231e-01 2.912005854430611551e-01 4.087535689566660912e-01 4.981941897632747862e-01 6.416905314440672914e-01 5.332464661580619270e-01 3.086549512771367132e-01 3.799683990724802007e-01 4.105439408395190060e-01 5.084659614637723202e-01 5.512071951290233862e-01 4.981688203084229660e-01 4.050785827323845623e-01 4.047057460336963564e-01 4.864387736495330294e-01 4.349446887733650069e-01 3.665285784156524507e-01 4.342426292127099519e-01 3.650282635786329388e-01 5.068483900582042567e-01 4.423349487719743789e-01 4.468767037743183179e-01 4.607718091457224663e-01 4.980237524546880512e-01 5.517051090926946566e-01 5.366987552795262628e-01 5.359126216600405002e-01 5.381927013370972901e-01 5.352001313277362504e-01 5.007704676418945899e-01 5.142041235003117494e-01 4.976670254254690340e-01 5.189693893735736197e-01 5.161948715849177249e-01 5.179887049459437343e-01 5.804583885684393429e-01 5.636488313254848226e-01 4.435976297811384805e-01 4.326403202558606331e-01 4.613191176649750758e-01 4.771769873825772446e-01 5.064281827384158330e-01 4.732461969237829469e-01 5.158014518816466110e-01 5.308894550304830151e-01 4.889138623650701732e-01 5.123940958303194737e-01 5.052574826833765576e-01 5.238841802767971734e-01 5.165077809185301128e-01 5.060539702634394565e-01 4.827454984898422174e-01 4.654204251528902825e-01 5.528218713308479249e-01 5.997614700046240976e-01 5.404029986009192266e-01 4.957268122365086072e-01 5.309686423989352644e-01 5.432648981154393208e-01 5.470063530376009231e-01 5.384129087215465681e-01 4.937074276144735041e-01 5.413311971798270283e-01 4.816231456956740486e-01 4.755090982482125805e-01 5.156294668557823702e-01 4.924084342405223302e-01 4.547224426026001409e-01 5.050300967889093107e-01 5.004022269805367129e-01 5.096039906234605121e-01 5.093517023251881159e-01 5.009019825142646543e-01 5.150932349342406402e-01 5.377621736428072063e-01 5.405347656725997263e-01 5.426471610345477981e-01 5.277935699053283303e-01 5.207131928548565103e-01 5.099036742837583791e-01 5.565046484454564402e-01 5.333791178475488781e-01 5.340843777396582226e-01 5.334469529746632688e-01 5.476861437517570597e-01 5.157361854625133191e-01 5.482381489052254864e-01 5.376801877001586849e-01 5.534260011032473559e-01 5.127162079153960716e-01 5.122054080988647229e-01 4.957983637592650039e-01 5.087956375387377994e-01 5.232541401694545957e-01 5.230581222969484800e-01 5.201602623710718243e-01 5.140846524265771933e-01 5.145531902999278540e-01 5.244041014871883011e-01 5.220833060047266327e-01
1.292196752250275756e-02 1.053474738905584573e-01 2.577893364528097142e-01 3.815272309893775748e-01 1.000000000000000000e+00 2.869969744507171461e-01 4.851022033446246162e-01 4.713722576747741977e-01 4.287441588596924702e-01 4.170793980041690996e-01 4.802124954832768799e-01 4.987677880618145432e-01 4.691635869382187463e-01 3.523740449276683284e-01 5.012557521550730089e-01 4.944984087335788647e-01 4.165702031730180721e-01 3.114893696531457756e-01 3.685391493668584983e-01 3.452562133710191938e-01 4.423264413809405715e-01 4.106280988830879330e-01 3.330267109725077446e-01 3.649694462473265233e-01 3.692899524949476153e-01 4.691075187887017717e-01 4.785149196900174151e-01 4.711793793894553661e-01 4.183601336019899808e-01 4.321200570864320301e-01 4.703293833912572941e-01 4.194870147498055979e-01 4.093660885286263817e-01 4.301432761693579354e-01 3.949189695181378745e-01 4.659436180972302277e-01 4.409851840973937342e-01 4.604545150368629103e-01 4.684615463569818949e-01 4.788172315764486764e-01 5.000617897181279803e-01 4.968933282753456027e-01 5.008853155111532285e-01 4.939674514876136735e-01 4.885380792413344109e-01 4.836871704917203862e-01 4.859247208367221127e-01 4.777672184938169253e-01 4.840884269394979400e-01 4.780943040265867028e-01 4.859518407411302920e-01 5.009947037211233134e-01 4.940339508120578094e-01 4.568709517158646150e-01 4.542978109037083545e-01 4.639269554662801553e-01 4.674398157988746694e-01 4.853448532461162590e-01 4.703664185348486737e-01 4.892525184809821126e-01 4.936294797278333868e-01 4.763137899895630856e-01 4.794465887885573929e-01 4.825844564084773580e-01 4.862985355299527801e-01 4.869755468156841127e-01 4.788006817638788548e-01 4.679510904998769316e-01 4.600557128211809621e-01 4.851096287517350225e-01 4.950629028622738348e-01 4.804133994593007828e-01 4.655344477730879449e-01 4.749265397783115628e-01 5.005085657033163660e-01 4.945199692994821650e-01 4.981764983603925168e-01 4.765556257303465437e-01 4.987018448711162399e-01 4.712533240878715723e-01 4.646841677172235952e-01 4.884215771318655142e-01 4.674677050336911166e-01 4.547233460386236326e-01 4.779083017429558433e-01 4.761817349008357070e-01 4.805502310593589566e-01 4.816272782759022375e-01 4.796100814919916355e-01 4.813473471189090858e-01 4.935314377160653909e-01 4.977354264869430223e-01 4.932457752296197651e-01 4.938184649103254387e-01 4.868507168961740406e-01 4.839201343254382892e-01 4.983046654588792479e-01 4.915831102625699001e-01 4.927077876565529868e-01 4.910225404761751622e-01 4.986109507041998068e-01 4.829469265238828801e-01 4.972774769907518100e-01 4.951607077703635285e-01 4.986698848387671190e-01 4.797219188779607846e-01 4.833294625941961242e-01 4.787846966597894549e-01 4.840614543616048593e-01 4.899734164839761319e-01 4.847954915565132472e-01 4.894078421708028537e-01 4.814732278501995255e-01 4.861119580796534612e-01 4.877088384090556006e-01 4.876387353825497040e-01
9.274668821656360806e-03 1.161206968493998376e-01 2.065827634773493848e-01 3.369515004820202164e-01 2.869969744507171461e-01 1.000000000000000000e+00 4.854417226181086398e-01 4.396560768174032074e-01 4.851746941091123477e-01 4.663531903097067333e-01 5.190162905837121254e-01 5.263132851140509549e-01 5.085271409864924319e-01 4.241285848803241221e-01 5.536390208498219723e-01 5.389903393623951544e-01 4.898512351097721873e-01 3.735884071698603592e-01 4.197915362970121023e-01 3.827714941773178725e-01 3.492411238903826431e-01 4.032019909685555237e-01 3.861947255290353320e-01 4.104879842694164060e-01 4.166139871923125182e-01 4.900056447736356180e-01 5.059124889499062583e-01 4.931707054934912904e-01 4.561942062978563417e-01 4.697342233711004345e-01 4.993067952685920075e-01 5.192744474733208548e-01 4.647915301406636557e-01 4.881011458696776772e-01 4.631766442267355455e-01 4.891140699065830710e-01 4.951703426638107697e-01 5.341423571819698957e-01 5.293939204886367600e-01 5.205536402677164443e-01 5.503968657732669634e-01 5.474893287255847563e-01 5.460405698938836094e-01 5.567711238331762846e-01 5.409121869482527156e-01 5.454741470318074104e-01 5.623826118537157415e-01 5.621217056821800062e-01 5.596048217070423991e-01 5.324190095309195847e-01 5.477703744884881987e-01 5.286764451469672110e-01 5.543985222246694544e-01 5.411145481421589798e-01 5.289585528252984670e-01 5.306144200270350719e-01 5.335862496390014753e-01 5.537447905708434703e-01 5.568434199035234844e-01 5.620557544592430510e-01 5.590500176482794403e-01 5.581112629939205538e-01 5.591819450803806602e-01 5.574440111577294577e-01 5.477513604435487737e-01 5.537689436608975724e-01 5.643058965315244091e-01 5.525262557218474369e-01 5.574700713147433540e-01 5.437532731735990055e-01 5.411169206975798840e-01 5.486167480677045516e-01 5.457683746252012247e-01 5.426243228617192438e-01 5.570891617658949579e-01 5.526087792219387396e-01 5.495731887090486989e-01 5.405151591064696337e-01 5.508216514544599374e-01 5.411972625178802510e-01 5.398703554456726339e-01 5.540719870532403446e-01 5.460137075034418030e-01 5.385542373388370052e-01 5.556462095760785758e-01 5.503888072990170688e-01 5.483917943758520597e-01 5.596467281670404192e-01 5.575868683499596301e-01 5.503476273173538713e-01 5.557173701009784361e-01 5.630471754118890892e-01 5.623919201971798731e-01 5.583644158415589365e-01 5.678113536992667187e-01 5.662930854813137405e-01 5.539963942899969185e-01 5.537566680108098049e-01 5.638323585492659440e-01 5.611245500353965188e-01 5.588925385837322235e-01 5.620945921945998958e-01 5.651573631644396523e-01 5.633315671307354000e-01 5.589914092144779856e-01 5.514411929010024638e-01 5.640392507533347199e-01 5.609340918368589390e-01 5.589468869330249667e-01 5.649734471403742297e-01 5.632068582611648999e-01 5.635593830962205564e-01 5.648460576996557903e-01 5.604027400762570110e-01 5.596085178207093058e-01 5.643818404813331080e-01
3.654409228654739716e-02 1.358304689156837330e-01 4.122413264615440442e-01 6.360383358689651878e-01 4.851022033446246162e-01 4.854417226181086398e-01 1.000000000000000000e+00 7.172407128904642049e-01 6.977681459582737444e-01 6.528792564873152626e-01 7.668002104113706974e-01 8.085353991637239668e-01 7.302816459324689147e-01 5.621226937724834727e-01 8.257738640340929193e-01 7.833349012772545805e-01 6.937889619220215520e-01 5.045937335190652240e-01 5.970740918429622290e-01 5.873381869298267555e-01 6.524965938512119479e-01 6.570265095536016453e-01 5.225544855913277775e-01 5.760510983015890707e-01 6.060230351456744602e-01 7.188552609371045010e-01 7.514163095234354106e-01 7.269489602735861311e-01 6.404127542046113009e-01 6.750598510375893646e-01 7.279520111457244980e-01 7.005684750280456452e-01 6.389117845293025288e-01 6.853269488295068435e-01 6.488385346572231871e-01 7.245899439318314039e-01 7.007408081686390400e-01 7.432583165362509625e-01 7.372339953470198326e-01 7.332670996352146364e-01 7.896446191235704237e-01 7.870230754224009084e-01 7.844383227130656833e-01 7.906629611620884512e-01 7.718543848237632288e-01 7.685066011361260108e-01 7.750436047209595669e-01 7.678460152807621286e-01 7.800826254851712660e-01 7.659273388992754450e-01 7.800946016762091428e-01 7.834416422813101910e-01 7.892831463226877009e-01 7.386234321444996587e-01 7.359658583787483943e-01 7.353727326984418333e-01 7.544664421628309858e-01 7.735894090195130079e-01 7.640309179692271746e-01 7.826321610178966770e-01 7.887950770476569451e-01 7.701518725635124740e-01 7.828345967201719713e-01 7.790250600865948893e-01 7.793069739925527761e-01 7.833045835318515060e-01 7.726905195504903956e-01 7.554076639378033420e-01 7.455626552709672117e-01 7.808192822335243699e-01 7.961352667628899260e-01 7.814424573601582713e-01 7.522693736616754556e-01 7.701734581018336856e-01 7.931527625582593943e-01 7.921150873151905358e-01 7.905557674847414340e-01 7.550453067709036459e-01 7.862160736216422530e-01 7.550265933685017528e-01 7.525704346028028180e-01 7.757558219480655826e-01 7.535019093367991694e-01 7.451017807894615430e-01 7.712816863507380161e-01 7.658615013256092618e-01 7.676088035674457632e-01 7.800627016293385507e-01 7.712090987380042506e-01 7.697993843144810278e-01 7.849022114559314200e-01 7.934411307500394139e-01 7.917525292958795813e-01 7.850969984989547568e-01 7.805035214319447912e-01 7.759829342118735873e-01 7.930808771987029049e-01 7.876985392047103351e-01 7.905777744571599319e-01 7.880590869462531511e-01 7.931196335407383335e-01 7.836388975687621494e-01 7.926249532900294659e-01 7.928621484313443935e-01 7.952528991677046966e-01 7.786864945865821230e-01 7.816948640509769897e-01 7.704439183040641126e-01 7.778029854106949248e-01 7.837958485091287564e-01 7.821486052222731411e-01 7.827941158216390471e-01 7.808181365932448381e-01 7.817029606153418353e-01 7.831473706582587901e-01 7.844473511953955480e-01
-1.385862762683551068e-02 1.083842008845192495e-01 3.234480966491989351e-01 5.459994469741230594e-01 4.713722576747741977e-01 4.396560768174032074e-01 7.172407128904642049e-01 1.000000000000000000e+00 6.611912383297966489e-01 6.290451483071507477e-01 7.197045027960682351e-01 7.752443755584397245e-01 7.329288366729801441e-01 5.862736918630708782e-01 7.859546798227986519e-01 7.930071574684013358e-01 6.400807877630385612e-01 4.531159916884838768e-01 5.278848698047887700e-01 5.244030329132481905e-01 5.681065900139420366e-01 5.619745369411454083e-01 4.612951279211618960e-01 5.087924420660574487e-01 5.378810469633011904e-01 6.422139223576793787e-01 6.781584799004003461e-01 6.493597927320827745e-01 5.762746516294144916e-01 6.122043305159001747e-01 6.663227904760493647e-01 6.772648532347932404e-01 6.062787144426898811e-01 6.467508505822452403e-01 6.039916104835104660e-01 6.674899475829491058e-01 6.527655075372292837e-01 7.295848688418044015e-01 7.221057921852658268e-01 7.019043268509945754e-01 7.549513233906695042e-01 7.555181587451411662e-01 7.565901184618434305e-01 7.654998802841855854e-01 7.309532733286367989e-01 7.422249001610753405e-01 7.781412917501937532e-01 7.615946690010353404e-01 7.716773735515263244e-01 7.510820221582111822e-01 7.681499273572632847e-01 7.565435110724543222e-01 7.671635923827169190e-01 7.162664955250578336e-01 7.089854071290431214e-01 7.073638649160974845e-01 7.246800278722644872e-01 7.629208521519661446e-01 7.583261014168051206e-01 7.690381837609230331e-01 7.758613735133937928e-01 7.640510734038261642e-01 7.728931346475251818e-01 7.691438092241907887e-01 7.505964518553209786e-01 7.581036404193888245e-01 7.657789613730506817e-01 7.402143601139181683e-01 7.370108120310264743e-01 7.484506621012841920e-01 7.610563555564562321e-01 7.475919042724894492e-01 7.272289685055416397e-01 7.402973870810091173e-01 7.642087228281733147e-01 7.539852173147789660e-01 7.538375863301353119e-01 7.258105503259012492e-01 7.585670175432837059e-01 7.313886867545602577e-01 7.278915701891219836e-01 7.557617985933329230e-01 7.327533839324068543e-01 7.239627108288474444e-01 7.615086011783709363e-01 7.516346278822523264e-01 7.475148621500118384e-01 7.733991552375258927e-01 7.647461773022151688e-01 7.449051261468365714e-01 7.628542825165088859e-01 7.784148483584035771e-01 7.713967058655748499e-01 7.729272687178203594e-01 7.821443880910642354e-01 7.752816882438943180e-01 7.800863969725152502e-01 7.716532123200727789e-01 7.826481006987144884e-01 7.811977654576662822e-01 7.817014655568598203e-01 7.814635994365342064e-01 7.838026820321418731e-01 7.859925425068663429e-01 7.787218684569782168e-01 7.580676814695703758e-01 7.753765620162391681e-01 7.614503215664921720e-01 7.643825968106585655e-01 7.801943449441313128e-01 7.802015190806198541e-01 7.788734259629509493e-01 7.804332864779308654e-01 7.797438833010443826e-01 7.674632949852796537e-01 7.740770951296196412e-01
1.888724419740250571e-01 2.242384469736135588e-01 4.007921847700333662e-01 4.420679825569840404e-01 4.287441588596924702e-01 4.851746941091123477e-01 6.977681459582737444e-01 6.611912383297966489e-01 1.000000000000000000e+00 7.767810066823991333e-01 7.995445730213266433e-01 7.828562935078355878e-01 7.306539246623989792e-01 6.237024444861153372e-01 8.235653232332502682e-01 8.017948091243271014e-01 8.389390587031197999e-01 6.885913936293200921e-01 7.319289992771930153e-01 6.049103190814889563e-01 5.646323818580072373e-01 7.035497921837409185e-01 7.397669944281837218e-01 7.438056356351419041e-01 7.265720668338285781e-01 8.283553346047199950e-01 8.373511514896433416e-01 8.475490602361838155e-01 7.987269716321322433e-01 8.428176233856298216e-01 8.630410406886901420e-01 8.430702187429987005e-01 8.199065149798827612e-01 8.290314890933039305e-01 8.315757996494285154e-01 8.382837481147936698e-01 8.571297300303669653e-01 8.699361422491810325e-01 8.704908330498020153e-01 8.520105235965345081e-01 8.764651322628617125e-01 8.715606321699577164e-01 8.653794647547796703e-01 8.789157756114943654e-01 8.767914753283699847e-01 8.766381614541922662e-01 8.633439040952474164e-01 8.778466291657102127e-01 8.639572935127848297e-01 8.438243228701477472e-01 8.655366552409400338e-01 8.186600034002228243e-01 8.504289355521645888e-01 8.841124313823411907e-01 8.690727704484429994e-01 8.756531086079312187e-01 8.711060472416910505e-01 8.703061067464047396e-01 8.582864693651570676e-01 8.786312859153896371e-01 8.701603170700141776e-01 8.699216006604815199e-01 8.587892863996865467e-01 8.734776303056285274e-01 8.753141276852774988e-01 8.757685254045665113e-01 8.765149702253480779e-01 8.739518214060288948e-01 8.790924165400739732e-01 8.520136118264719505e-01 8.392779760409242451e-01 8.683759793288717832e-01 8.744199476134674187e-01 8.623815865524251389e-01 8.759442262344370178e-01 8.806262950235710374e-01 8.806984058811684335e-01 8.763300664188315992e-01 8.750901728774489463e-01 8.861550050467664752e-01 8.844489009131171198e-01 8.836560875007373195e-01 8.858719458236792299e-01 8.815070955375764461e-01 8.726763736971561158e-01 8.759637498570330694e-01 8.820320004880575215e-01 8.757905940666007583e-01 8.765905525135936349e-01 8.811432336580748981e-01 8.743180345860306346e-01 8.743045737840422493e-01 8.795969035079912457e-01 8.735834757849628707e-01 8.640173664063978132e-01 8.701735293466850152e-01 8.531268252035093536e-01 8.678099748696057603e-01 8.690479122639258591e-01 8.700510852704699261e-01 8.642268172110929569e-01 8.680652512725343106e-01 8.593084344721931833e-01 8.692725042506489475e-01 8.715058852077102181e-01 8.794619364015940910e-01 8.741242892496103867e-01 8.810679874383189336e-01 8.799702793267693002e-01 8.708742958687352154e-01 8.684830481395097168e-01 8.716648669117178505e-01 8.658980086534647791e-01 8.713199340502426615e-01 8.757686435402277647e-01 8.759758998486015802e-01
8.772921256573062987e-02 2.214355915449309486e-01 3.283044371359026825e-01 3.891821766466294630e-01 4.170793980041690996e-01 4.663531903097067333e-01 6.528792564873152626e-01 6.290451483071507477e-01 7.767810066823991333e-01 1.000000000000000000e+00 7.456106614258030119e-01 7.322048439395831831e-01 7.028523334342751117e-01 5.900598138572329399e-01 7.674581074204865905e-01 7.570150474707380006e-01 7.568464226814527462e-01 6.106550441383663541e-01 6.580784491666313851e-01 5.049759951654391177e-01 5.160096669955765991e-01 6.250434653642703564e-01 6.676142698979836698e-01 6.635027953376950727e-01 6.578921065671501367e-01 7.776661678066115746e-01 7.623308157604771207e-01 7.811007360429343960e-01 7.365851776564599218e-01 7.773992998959849965e-01 8.008314381773681268e-01 7.803852546487054509e-01 7.510738830964347468e-01 7.475197538569590128e-01 7.576082108493612521e-01 7.617289966089663134e-01 7.840948694874326774e-01 8.142421813904929806e-01 8.116097182918874386e-01 7.986337070131844795e-01 8.242905455291426042e-01 8.170839145064715536e-01 8.121830311270757941e-01 8.205153436667476097e-01 8.137396541851482645e-01 8.231393532524233780e-01 8.170071817516783019e-01 8.296128590176180539e-01 8.104520819422605937e-01 7.765501104297785062e-01 8.081931491210191387e-01 7.546150395165404090e-01 7.905216108866036651e-01 8.269412287502111436e-01 8.173533062942349714e-01 8.292654552381992783e-01 8.081369514748327765e-01 8.269804078350162513e-01 8.094643653380771964e-01 8.250198589940671567e-01 8.152651994012928283e-01 8.187243854626378159e-01 8.043648073113622843e-01 8.180173899263161186e-01 8.147680899337262916e-01 8.163673379077777126e-01 8.252553488602496490e-01 8.185916853241946844e-01 8.244108199898291245e-01 7.841907189664417688e-01 7.797600286591426233e-01 8.073998856068198560e-01 8.065290688019446375e-01 8.003864041056837353e-01 8.252478999708131591e-01 8.216182901814136352e-01 8.248280316365155240e-01 8.197213254723688669e-01 8.211430825984860071e-01 8.251151561468147433e-01 8.245777433961998248e-01 8.301942670151286618e-01 8.256093295650128727e-01 8.211116681379851956e-01 8.143910606897948323e-01 8.135117038636299203e-01 8.218949672392756867e-01 8.271607555954929580e-01 8.239369551924743407e-01 8.305764779306678003e-01 8.233289112535892018e-01 8.240585529736955683e-01 8.228792387683874221e-01 8.249573782264280064e-01 8.186943245887625675e-01 8.239398038609001551e-01 7.991924173737458004e-01 8.032083967206750108e-01 8.131884771696006320e-01 8.174255028665036171e-01 8.145443082289378633e-01 8.146531263719113403e-01 8.067926812419013993e-01 8.195946203097053129e-01 8.128828405298069715e-01 8.169207669700244701e-01 8.196154425837910429e-01 8.347751133846359473e-01 8.306938060001917146e-01 8.239430154577668253e-01 8.232676923432876714e-01 8.223469948314385825e-01 8.188709339040545210e-01 8.183078396036145286e-01 8.164452966374446952e-01 8.213176455233696105e-01
3.771363129722416635e-02 1.694316363481546961e-01 4.161974078755318329e-01 5.792739465503133900e-01 4.802124954832768799e-01 5.190162905837121254e-01 7.668002104113706974e-01 7.197045027960682351e-01 7.995445730213266433e-01 7.456106614258030119e-01 1.000000000000000000e+00 8.721662324370809127e-01 7.888576227738682833e-01 6.407448042583598902e-01 8.725242723624494490e-01 8.519661290017008781e-01 8.025149921984547907e-01 6.246625662340601348e-01 7.089245889218335206e-01 6.228712692407400997e-01 6.442768644659797594e-01 7.294238015713739864e-01 6.736198736717434743e-01 6.986563188122068002e-01 7.148869108649472670e-01 8.201480700923435840e-01 8.412414945809013611e-01 8.293493004042679084e-01 7.610699283472952548e-01 7.890091443023007356e-01 8.473322504543576716e-01 8.241837020592920338e-01 7.664809421661529232e-01 8.063427685939958955e-01 7.698276047293716173e-01 8.413298383848997197e-01 8.283649976245569535e-01 8.581863160880943697e-01 8.617566591044848456e-01 8.547052580824022749e-01 8.936244427659739697e-01 8.880559554936727773e-01 8.874443687981231621e-01 8.978819960848205550e-01 8.902364904876255425e-01 8.804405296838592188e-01 8.927994296250245654e-01 8.904422567621820273e-01 8.908409199870095385e-01 8.647927971655158252e-01 8.844948353212703784e-01 8.681173534484873944e-01 8.899837640443222231e-01 8.670875426472456349e-01 8.538187417824171233e-01 8.688335248587365500e-01 8.709981599682448117e-01 8.876333733935291015e-01 8.774399323045829480e-01 8.951539977032888507e-01 8.964969474727021437e-01 8.874696860678895627e-01 8.906622952408074223e-01 8.921409596510652129e-01 8.900238677950699229e-01 8.927569371208733395e-01 8.933707627641096494e-01 8.799999775432655325e-01 8.796807157354534779e-01 8.739901058076727791e-01 8.895502769894324535e-01 8.949439649268180474e-01 8.767729629347028597e-01 8.849075334342905164e-01 9.020252579242753477e-01 9.011577280502715004e-01 8.966614421949659075e-01 8.762241777377350882e-01 8.980500796116481776e-01 8.816173901111131750e-01 8.773436087419398399e-01 8.976518863780628132e-01 8.841218799308863119e-01 8.662438904910678694e-01 8.860599212637478850e-01 8.879272589124252990e-01 8.937274715270133729e-01 8.925280213237031246e-01 8.900248742383574108e-01 8.904009936894997645e-01 8.975651379656621742e-01 9.028787852552365711e-01 9.057438679748819332e-01 8.995109954287654475e-01 8.961699319903215777e-01 8.946990505665920468e-01 8.916915076159084297e-01 8.916778671027888459e-01 8.971949806048165055e-01 8.966501540358279287e-01 8.996832206491284234e-01 8.929146474250375665e-01 8.991896218100057236e-01 9.013298345164131309e-01 9.038929697865617507e-01 8.918001843855468680e-01 8.945909948349536345e-01 8.926783600865407786e-01 8.945252072517353437e-01 8.964257614361860194e-01 8.949813112984137398e-01 8.981691699275680119e-01 8.947444994310755906e-01 8.953959780637207322e-01 8.981697947256706005e-01 8.993653075756147253e-01
-2.050639180988519591e-02 1.347959181833305875e-01 4.008831977181775974e-01 6.417948380641631534e-01 4.987677880618145432e-01 5.263132851140509549e-01 8.085353991637239668e-01 7.752443755584397245e-01 7.828562935078355878e-01 7.322048439395831831e-01 8.721662324370809127e-01 1.000000000000000000e+00 8.296209407349000031e-01 6.476814935439556553e-01 9.062824795667340227e-01 8.880660553341325203e-01 7.752950393650973604e-01 5.538829503779718610e-01 6.542362646113180080e-01 6.438796628475543793e-01 6.770749194775725899e-01 7.066854667796748091e-01 5.973305888580210388e-01 6.334943711675533606e-01 6.687104984055087797e-01 7.846779428330815653e-01 8.229777163785610972e-01 7.997930115321307820e-01 7.145675910582990342e-01 7.484157998057353600e-01 8.200773929795557304e-01 8.032560672480008046e-01 7.303516419387192649e-01 7.731460613231981860e-01 7.320297502493149366e-01 8.160346106088766094e-01 7.903722935920994841e-01 8.519138243620285600e-01 8.509994604561078591e-01 8.447385800602268402e-01 8.961637675149115578e-01 8.895328336035251970e-01 8.942652866278227863e-01 9.026062886301036148e-01 8.805996023823159380e-01 8.827252309195554592e-01 9.079240801660160010e-01 8.953909035762871449e-01 9.063514114489320539e-01 8.758505306821329217e-01 8.996289685250092871e-01 8.958974070607254037e-01 9.069825167375029640e-01 8.535446854584020082e-01 8.435292967282739252e-01 8.463386205937121209e-01 8.684523047879376678e-01 8.966789024570882560e-01 8.910199813909831512e-01 9.054004903165631113e-01 9.119774304067087556e-01 8.984272521064916583e-01 9.073877583709277772e-01 9.037652945094397650e-01 8.918815693658711519e-01 9.002564693801499152e-01 8.991919405667164744e-01 8.711396127523090005e-01 8.683158894789561044e-01 8.831874710282640040e-01 9.044823044243751609e-01 8.924049348488913846e-01 8.622827635226485432e-01 8.788673159703157545e-01 9.048404405793774030e-01 9.013948217496985382e-01 8.967392095091091253e-01 8.668967101873034098e-01 9.020855578054370882e-01 8.724011742205468600e-01 8.662076870305620568e-01 8.974067012043844827e-01 8.715836671960731641e-01 8.550132691479700453e-01 8.898438631251599507e-01 8.833894262367316674e-01 8.856175310415183022e-01 9.015101455819544141e-01 8.956297300377541459e-01 8.850803195564437287e-01 9.014490882913406278e-01 9.141861383601037616e-01 9.118301810653017814e-01 9.097386864289478403e-01 9.142955099404656005e-01 9.080991621442141559e-01 9.085051973125483071e-01 9.041009780416972008e-01 9.128275681287230103e-01 9.094435654335029096e-01 9.141286563554411604e-01 9.094904737240735448e-01 9.220448235117513214e-01 9.165333278667847638e-01 9.167278500741997682e-01 8.965954450106724538e-01 9.067635266484204148e-01 8.955212575401408914e-01 8.986228674163461161e-01 9.106615323189271027e-01 9.126084494160863203e-01 9.128577370348867071e-01 9.117259111713950093e-01 9.100064118419863846e-01 9.075997357254779185e-01 9.110230806075317878e-01
-6.409013663597310645e-03 1.519685532764737390e-01 3.218362712506473433e-01 5.289550511737571847e-01 4.691635869382187463e-01 5.085271409864924319e-01 7.302816459324689147e-01 7.329288366729801441e-01 7.306539246623989792e-01 7.028523334342751117e-01 7.888576227738682833e-01 8.296209407349000031e-01 1.000000000000000000e+00 6.341977946771840680e-01 8.443249438255078232e-01 8.358174515517282632e-01 7.198083569733162435e-01 5.480215855970427263e-01 6.123871737489369194e-01 5.631897395755937064e-01 5.885316878869202295e-01 6.252997463121980903e-01 5.699351772602144761e-01 6.054009162756853746e-01 6.128700751554185810e-01 7.308391109671772412e-01 7.609997149346745537e-01 7.394767418346844812e-01 6.771733439931312271e-01 7.110842051878283332e-01 7.668657132428391421e-01 7.588576735450870414e-01 7.018901448082182082e-01 7.361752122278802934e-01 7.001774406697283126e-01 7.588738718825273066e-01 7.503261172612768481e-01 8.065874697476894672e-01 8.096124270223441499e-01 7.923317461039355303e-01 8.328835584459710617e-01 8.304497538831728809e-01 8.347533514716882763e-01 8.422442687427511565e-01 8.237906101737452191e-01 8.304197373408015448e-01 8.524650298154965444e-01 8.457392199300224345e-01 8.482953222948995675e-01 8.164968140314720069e-01 8.403317151325601086e-01 8.224970031466108944e-01 8.393398168041215079e-01 8.124936300147936885e-01 8.033023370331163759e-01 7.981483900412159604e-01 8.178804043899490228e-01 8.449078744390886575e-01 8.416108222634162139e-01 8.532437782891147959e-01 8.539102786728669514e-01 8.487684465352017815e-01 8.516785678766365386e-01 8.503696917640135577e-01 8.352267209400128234e-01 8.433129986932490496e-01 8.454713316838277093e-01 8.252589492859986331e-01 8.221477051754821908e-01 8.199552542059899141e-01 8.288459464668695986e-01 8.277109863185930783e-01 8.129652473284630920e-01 8.177929039829279212e-01 8.440688639598079579e-01 8.393460679084151499e-01 8.358794991384724815e-01 8.161078468040621203e-01 8.411693848314717448e-01 8.211935515702624144e-01 8.167217548373791880e-01 8.411595806310727674e-01 8.194038391165070490e-01 8.112156845038599462e-01 8.379638734148727730e-01 8.323751762186594183e-01 8.329870023838279458e-01 8.462213439676405935e-01 8.432140396154751416e-01 8.292179640254109252e-01 8.425064841779348335e-01 8.538899056744653215e-01 8.504707548548319229e-01 8.524117226484155818e-01 8.568472365698552862e-01 8.547586028220962584e-01 8.458345636888259245e-01 8.430967861269016428e-01 8.532812251760788502e-01 8.520611960915448480e-01 8.534329833083441619e-01 8.524992191588772750e-01 8.570596444143299131e-01 8.573431997880339717e-01 8.534385266940881509e-01 8.400881049420457769e-01 8.512412329452145876e-01 8.463498337912640501e-01 8.459254672302486400e-01 8.555913403428586639e-01 8.558407663896558937e-01 8.574940393805665639e-01 8.561549925468040501e-01 8.542223888007959287e-01 8.485435709786772751e-01 8.534406158265687159e-01
