1.000000000000000000e+00 1.489691098262194424e-01 1.052512597071035838e-01 -2.975866263949659626e-02 4.772052631054292393e-02 -7.399643294043758979e-03 -2.024370724897602003e-02 5.417273090319766650e-03 1.656188245496827138e-01 8.940507141124437451e-02 2.259452732195385560e-02 -1.606908911136816637e-02 2.136398806678871387e-02 6.582655242517513640e-03 -9.590394176330525183e-03 1.541424922346947739e-03 1.456647797591332505e-01 1.814677318137607187e-01 1.674000893302938775e-01 3.322014760041307191e-02 5.415402971026071766e-02 9.376509887001245602e-02 1.531987399457843402e-01 1.577147708579192120e-01 1.356898111019415876e-01 1.093800939518071585e-01 8.989606716776415984e-02 6.891600815476049691e-02 1.442918847861530685e-01 1.390574732759348731e-01 9.654525087373819203e-02 1.069061264413117829e-01 6.149066055383760332e-02 1.036621261950302075e-01 1.165903989537796503e-01 1.968282180348887925e-02 6.251000016388554015e-02 4.958558030620954793e-02 6.032258417052997757e-02 -1.303839037835757039e-04 2.656997999255451826e-02 1.987957796580675646e-02 -8.191369070702669841e-03 2.432987395169743799e-02 4.217421977883940853e-02 3.179238735908748725e-02 1.509856748768978463e-02 3.517709334886364586e-02 3.869770097176539886e-02 3.070313449431722255e-02 3.605640525512988220e-02 -1.587121524684300886e-02 1.495494506162439383e-02 5.130101004508048207e-02 6.099675749503897376e-02 3.555031269988694759e-02 3.336718047669746945e-02 1.173710264095067547e-02 3.646411831249644214e-02 3.501229343378321757e-02 1.070673331054453753e-02 2.863098954290184753e-02 3.845535003055778472e-02 3.201711160596923400e-02 6.361080631204023283e-02 2.241408671288981982e-02 2.667878204278934656e-02 5.249916720239854867e-02 5.911835814613462109e-02 3.161898213181887907e-02 2.000415247113049647e-02 4.746255137668809604e-02 6.590760426117461823e-02 5.352227469805240917e-02 3.547904684521885343e-02 3.301227238439671113e-02 2.568337381666677480e-02 5.867348044335251450e-02 4.179572473491240114e-02 6.088190496251173062e-02 5.509903288486731748e-02 4.244320647627200516e-02 3.277929367368461605e-02 5.571982284493329912e-02 2.860499637155850330e-02 4.565187899573953934e-02 2.567568976988539309e-02 1.754697877084754679e-02 3.296937180042763121e-02 1.564479342903282374e-02 5.616505938335005985e-03 5.012871887343903557e-03 1.708009508367983736e-02 1.406804259148365134e-02 1.352474167168448566e-02 1.442646514140109339e-02 -8.421934916188051484e-03 2.522847132314206403e-02 1.501801472975371025e-02 1.306573256199372764e-02 5.854892070268394831e-03 1.040811774726855231e-02 2.165795156992426310e-03 5.984809062304677699e-03 1.874948036704613883e-04 6.803949778366211003e-03 2.100829075654450998e-02 1.580467164725428766e-02 8.613745347681018433e-03 1.012043791230920857e-02 6.918254115271624261e-03 1.701563094746389587e-02 9.345132829433448057e-03 1.749742354861956103e-02 3.444754472114546634e-02 7.630013446784418216e-03
1.489691098262194424e-01 1.000000000000000000e+00 7.162978253229362879e-02 7.842476893530228241e-03 6.609155965723825799e-02 7.276061294224511755e-02 1.280504385064498429e-01 1.031697093861422138e-01 2.065981293581131695e-01 2.107123829946113136e-01 1.554698876134318619e-01 9.680940068679690091e-02 1.349647917611111747e-01 1.533964458708292344e-01 1.377907590386747705e-01 1.417241540980848091e-01 1.634392185236130945e-01 1.866222110117831956e-01 1.864147173533431678e-01 6.673413885386218769e-02 4.424982489042469241e-02 1.120059584453711871e-01 1.966342204781680314e-01 1.478818977582502248e-01 1.501288870995385050e-01 1.818261141588720653e-01 1.844552628216164225e-01 2.009720257325404158e-01 2.359396975608908931e-01 2.084429447443401640e-01 1.883336744309253574e-01 1.908386296839680585e-01 2.062248390213223537e-01 1.640166107636959192e-01 1.829893916873489845e-01 1.151720945429653836e-01 1.562251343199894116e-01 1.717470259932537824e-01 1.704467422548545663e-01 1.415500956680235956e-01 1.529120507094481607e-01 1.481231533853566984e-01 1.202066346514572837e-01 1.488404351288827310e-01 1.509152114375527654e-01 1.635420071867495773e-01 1.613945730343010476e-01 1.667635186293027483e-01 1.519939864540301444e-01 1.309007923639531612e-01 1.471369460349145342e-01 8.065693298370321673e-02 1.216003191999621147e-01 1.694031672171480429e-01 1.648597240371048323e-01 1.509718093915116688e-01 1.325117833859790206e-01 1.383839337637156053e-01 1.518187551459315998e-01 1.517136579664018492e-01 1.364575056429797040e-01 1.483497414723008445e-01 1.370564395921011758e-01 1.423963711191335579e-01 1.520171467378436114e-01 1.350476645500119366e-01 1.647417259246783394e-01 1.708956099577582377e-01 1.815347933634832156e-01 1.432147736769976976e-01 1.271212619798061105e-01 1.633038745622841514e-01 1.710512385335143937e-01 1.547825637857348779e-01 1.663571636566399670e-01 1.677490345810107308e-01 1.717967565608963521e-01 1.881533676299929903e-01 1.774873898746587020e-01 1.846356322466798650e-01 1.734503942718183256e-01 1.708648048341927794e-01 1.637364691277655715e-01 1.843565732474096164e-01 1.616873205810419323e-01 1.591837752308462584e-01 1.558071304504763110e-01 1.640880993887562922e-01 1.679171240561558309e-01 1.586093441670149151e-01 1.639185011997877917e-01 1.551277548121042515e-01 1.543238595491798759e-01 1.634822806442066123e-01 1.567578033013770356e-01 1.551419050439775404e-01 1.313717380153738290e-01 1.349329749649419707e-01 1.482015873324751543e-01 1.527859039854043421e-01 1.407257577647073876e-01 1.415428357778605872e-01 1.389348896715836834e-01 1.421091964035148258e-01 1.314564391152729383e-01 1.386168128304270108e-01 1.508426605367182705e-01 1.580841515031025935e-01 1.547182202591460554e-01 1.505792486555090348e-01 1.537395605601973858e-01 1.517898102465024823e-01 1.494189055122404908e-01 1.478072962591546469e-01 1.520333560338947010e-01 1.449910357908275882e-01
1.052512597071035838e-01 7.162978253229362879e-02 1.000000000000000000e+00 3.426543473965733555e-01 2.027666068517936515e-01 2.013571636587645486e-01 3.253084032471589282e-01 3.317646116334337369e-01 3.200683861106922157e-01 2.606640736098456701e-01 3.679027919267497948e-01 3.714545975685709100e-01 3.559148659738911591e-01 3.469531110791976847e-01 3.546662431780271962e-01 3.484672008885549288e-01 3.664829474510933882e-01 3.412061910082675453e-01 3.401489754246335151e-01 3.377932075389751265e-01 3.376885402582570639e-01 3.572562823977116220e-01 3.548730387419147259e-01 3.299147638369313573e-01 3.151138051016685870e-01 3.759462921330439800e-01 3.635586603892621005e-01 3.725372371963444618e-01 3.864579324985699671e-01 3.755043419323655374e-01 3.925894014394220588e-01 3.993181183139538626e-01 3.631821324946624130e-01 3.999431593054120770e-01 3.827484258981521670e-01 3.658556501985379406e-01 3.607662562519803329e-01 3.811082830872178917e-01 3.933812797468926870e-01 3.842019861079702392e-01 3.640015888723699411e-01 3.815178562803840934e-01 3.730444629121074107e-01 3.779982706998324393e-01 3.917657718567367220e-01 3.690345572374009731e-01 3.641585081209195995e-01 3.576977484991519241e-01 3.501777209749232789e-01 3.735571937560091538e-01 3.806535081981090585e-01 3.423890378484204522e-01 3.706346022431931120e-01 3.580178318134756843e-01 3.686990871617164545e-01 3.639809539378602854e-01 3.705569090553492151e-01 3.598090927060212940e-01 3.653420777955145859e-01 3.643686363539058171e-01 3.691862471879935326e-01 3.692028083273604100e-01 3.750148407470604295e-01 3.708911614334247098e-01 3.813441044130213009e-01 3.695807213323982210e-01 3.606740462521718649e-01 3.704268556042492055e-01 3.835121515696208738e-01 3.814896614720139079e-01 3.810173946393134448e-01 3.767118392445850117e-01 3.831171188265579675e-01 3.744485701608754047e-01 3.793058396852793113e-01 3.711913953205140948e-01 3.742676849446741616e-01 3.863844073922194644e-01 3.762656077131057986e-01 3.755691903374088758e-01 3.774279333819527960e-01 3.786356210652147558e-01 3.782416919660956389e-01 3.781469744451438908e-01 3.832614959735805016e-01 3.858437698470509325e-01 3.795871043988143789e-01 3.797560575443491571e-01 3.829553377306689210e-01 3.708497541540205500e-01 3.734230530167012563e-01 3.711526737782023799e-01 3.776729421114163321e-01 3.690857113871761075e-01 3.564619144732285583e-01 3.625216604239931972e-01 3.628623687822380983e-01 3.704286045993550047e-01 3.734895123763579683e-01 3.718803816374509630e-01 3.735338198649162389e-01 3.681578760278994555e-01 3.543416375256345230e-01 3.639199691336264531e-01 3.657783665998973199e-01 3.657716871323554164e-01 3.684459625004636307e-01 3.566195826446259542e-01 3.646801608350517254e-01 3.643986981456466268e-01 3.683107635155487558e-01 3.650077121201995012e-01 3.676922504049621176e-01 3.675033648131536546e-01 3.668980009432498690e-01 3.664771841999584501e-01
-2.975866263949659626e-02 7.842476893530228241e-03 3.426543473965733555e-01 1.000000000000000000e+00 3.405773294038332843e-01 3.631134866236100378e-01 5.708193562378180985e-01 5.594337924285034402e-01 4.134869484037145271e-01 3.916910600185057878e-01 5.285739993430146333e-01 6.596871233938482737e-01 5.209538684928357588e-01 4.902839864268829784e-01 5.690312544838769249e-01 5.649556104360293762e-01 4.369740725073580356e-01 2.170562842893513367e-01 2.420001293041875445e-01 5.123460745539614170e-01 3.890074288061470265e-01 3.949677666503498830e-01 3.021548661581861528e-01 2.564304318522070969e-01 2.455959619900121849e-01 4.337346452667805163e-01 4.538437785831880289e-01 4.635053384905851726e-01 4.022324282417931163e-01 4.377637136984764976e-01 4.816832584350390634e-01 4.734820071627410254e-01 4.542505125051146120e-01 4.762028457499759559e-01 4.401754915149903580e-01 5.305941795486748269e-01 4.857120389415345851e-01 5.400417909095707181e-01 5.316610535988137709e-01 5.591461923091070041e-01 5.330870034693555581e-01 5.547715973395933586e-01 5.925955650972846156e-01 5.654905547253115117e-01 5.508326925803971319e-01 5.269515466624770106e-01 5.490272365320816306e-01 5.286431120672406836e-01 5.438468070034745416e-01 5.636858642786454210e-01 5.614607781987329682e-01 5.783969640483711538e-01 5.868190298503717095e-01 4.897521115901871669e-01 4.963435591411962666e-01 5.068366378927181559e-01 5.451056670565752604e-01 5.349301644223496410e-01 5.320917940982414773e-01 5.436076744710902631e-01 5.706976256152629379e-01 5.483263656790333673e-01 5.484228718498110888e-01 5.573194977439822617e-01 5.242696614745586681e-01 5.431768090284501138e-01 5.285219367033738846e-01 4.846685084856010017e-01 5.040659168776121524e-01 5.523264943458598975e-01 5.366693307501169130e-01 5.038365020308076536e-01 4.810561751701720734e-01 4.783868582399593561e-01 5.362630502202635485e-01 5.338903404652014517e-01 5.403568085197971715e-01 5.166016853864594527e-01 5.306184063218706282e-01 5.103655801038657902e-01 5.132214291918874016e-01 5.301234194082274920e-01 5.349716794438399425e-01 5.090228318971504740e-01 5.542316019907527203e-01 5.269053065543733982e-01 5.424458805768951342e-01 5.628470361122646093e-01 5.476298828667736096e-01 5.442588172385142142e-01 5.551626406038842054e-01 5.581911725514422384e-01 5.590111678814370100e-01 5.484843613370912196e-01 5.451968056054512513e-01 5.489831530274992266e-01 5.924147634720048350e-01 5.668167990883791196e-01 5.725402770239292893e-01 5.731186647712629423e-01 5.779120517314694228e-01 5.761931772078540126e-01 5.684426685701371440e-01 5.634239017988367237e-01 5.718067782524198783e-01 5.666176988568126793e-01 5.600703681774108489e-01 5.313250747888376146e-01 5.500882351043012708e-01 5.555438706883807365e-01 5.543859587991306626e-01 5.511430170773002901e-01 5.629856980331251481e-01 5.641908620877149616e-01 5.328548999983212520e-01 5.550169081953818528e-01
4.772052631054292393e-02 6.609155965723825799e-02 2.027666068517936515e-01 3.405773294038332843e-01 1.000000000000000000e+00 2.833279755576246783e-01 4.738681844848322000e-01 4.459272718685953762e-01 4.255795329620696288e-01 3.744972603276183754e-01 4.338096011958873510e-01 4.818290834694144986e-01 4.611451146603404716e-01 4.225323214808326400e-01 4.922791799413733793e-01 4.819466777240881128e-01 4.371662440581690068e-01 3.354792350336543993e-01 3.745743314861243456e-01 3.884362160602581326e-01 4.109341749327204973e-01 4.359271989867014585e-01 4.016711162392844203e-01 3.667008903852496116e-01 3.752402085612108751e-01 4.511100260825587904e-01 4.566073407333259282e-01 4.536794199139239092e-01 4.288226866200294252e-01 4.605266544985665012e-01 4.825366258287879795e-01 4.697480137990741600e-01 4.494550055627769547e-01 4.727533025115894794e-01 4.741753100825309430e-01 4.996321487539777673e-01 4.940633762064206569e-01 4.600721895393653504e-01 4.907189819555397570e-01 4.597871693875046906e-01 4.788141192050351380e-01 4.759676379238406696e-01 4.822344580789462709e-01 4.961301135670520002e-01 4.955219327820160058e-01 4.768975253768233946e-01 4.821624115442817993e-01 4.787086410558978877e-01 4.643618347642670119e-01 4.574412143310984113e-01 4.604842439077154737e-01 4.775766016810890080e-01 4.865382677375434395e-01 4.633676956321890472e-01 4.585886426046730246e-01 4.649163147074531488e-01 4.665558961724001197e-01 4.758974676610955301e-01 4.492622977047901478e-01 4.945612267382387683e-01 4.882130921995817552e-01 4.737373385648804280e-01 4.574774316004401875e-01 4.887892998174450665e-01 4.930817339338239291e-01 4.954256906814151207e-01 4.815736292533968066e-01 4.757402511341567442e-01 4.834779979114900983e-01 4.962407193176715525e-01 4.889157032686298199e-01 4.774128713947914937e-01 4.732541729810536002e-01 4.734953982352557711e-01 4.810401651568939618e-01 4.818954831704675978e-01 4.799644876760563728e-01 4.775606593300032454e-01 4.791810347121714386e-01 4.810376953893650831e-01 4.846026359318670318e-01 4.870800273822580850e-01 4.904448039886546984e-01 4.868757673349603521e-01 4.790088146098908095e-01 4.893071974231790189e-01 4.942715461596937643e-01 4.790640925718703813e-01 4.895816491658779301e-01 4.834019971882604350e-01 4.833837589898477560e-01 4.844728520494821500e-01 4.929955042216934147e-01 4.887101918992703409e-01 4.841988973607074809e-01 4.824148885136215759e-01 4.693645729413861156e-01 4.728155390112229739e-01 4.796461232480898618e-01 4.789804880284529998e-01 4.895289982915971283e-01 4.764523280448307307e-01 4.831665014888482101e-01 4.912484198644577749e-01 4.918216565807138063e-01 4.788974557834262957e-01 4.809289489524349315e-01 4.790105545355322625e-01 4.780082171069963137e-01 4.824031650696037343e-01 4.737065459292689740e-01 4.886961983318794944e-01 4.802941258716030282e-01 4.877304696458392153e-01 4.871215094671121904e-01 4.915544960801079277e-01
-7.399643294043758979e-03 7.276061294224511755e-02 2.013571636587645486e-01 3.631134866236100378e-01 2.833279755576246783e-01 1.000000000000000000e+00 5.046300294768225614e-01 4.364364836429781014e-01 4.829713941531001420e-01 4.379174170593663762e-01 5.163469421404988102e-01 5.436976380304884282e-01 4.965024952157848781e-01 5.054349473292125694e-01 5.666447685241958743e-01 5.490853310784113983e-01 4.941969739023834851e-01 3.699360223053494434e-01 4.251271187223606973e-01 3.691969616108715657e-01 4.034033274712086614e-01 4.732739770031552662e-01 4.322371020666989638e-01 3.992492438001942756e-01 4.345493975782223628e-01 4.989311905046341367e-01 5.160648668309236742e-01 5.380528499391435959e-01 5.014914962031219448e-01 5.166382429711949831e-01 5.416397890053905595e-01 5.188865276756580158e-01 5.341935482611035457e-01 5.252881800454204386e-01 5.214035225728320677e-01 5.414716355212164656e-01 5.513105908808865196e-01 5.577069251995514509e-01 5.729519658511507130e-01 5.634591421504698827e-01 5.619757144639117019e-01 5.760233941181833739e-01 5.726145412059953088e-01 5.830695361883174721e-01 5.738499389473464829e-01 5.730964591131735286e-01 5.693467772900645540e-01 5.702678122456759091e-01 5.522328269375752496e-01 5.436194781512889707e-01 5.569715309359267730e-01 5.429949835885440335e-01 5.568801767428164240e-01 5.521403794736182702e-01 5.404150878390379109e-01 5.461178974809591802e-01 5.386057713634063715e-01 5.627940867061941299e-01 5.488056354121586544e-01 5.622703838881324412e-01 5.622461148924214891e-01 5.596496247481962394e-01 5.453840448336827462e-01 5.578849961980867356e-01 5.558909690334701281e-01 5.481874732378904103e-01 5.719150561128268917e-01 5.671714007554676806e-01 5.670239947803542568e-01 5.584435563430396599e-01 5.694183447203141624e-01 5.672753992250263444e-01 5.565359718761712093e-01 5.593058256131364647e-01 5.730055089583032668e-01 5.747731190046558858e-01 5.805093117328923302e-01 5.687117345365994003e-01 5.767245860499795596e-01 5.631431525219791068e-01 5.699087953424895048e-01 5.694522210827452913e-01 5.795003916403763666e-01 5.682856601099277594e-01 5.823262709791584557e-01 5.710635846845667496e-01 5.790501650663434363e-01 5.831761492837292948e-01 5.799516003930275110e-01 5.708869570229270218e-01 5.915935807226122556e-01 5.842296540827256468e-01 5.803485151580338730e-01 5.847759022047588351e-01 5.762548283194196541e-01 5.774076906403589060e-01 5.773055905227973961e-01 5.583216102164103578e-01 5.724750942373441065e-01 5.820480241997885162e-01 5.846484577013175699e-01 5.759724436470640141e-01 5.732120219995614496e-01 5.824043638510625343e-01 5.744222148683048035e-01 5.651786654490479345e-01 5.722013175994599132e-01 5.728761338265561109e-01 5.732887685953963475e-01 5.785530216342871235e-01 5.769821737918843230e-01 5.736423838981740131e-01 5.749815316069057936e-01 5.735590631153164587e-01 5.678952496351478141e-01 5.677030165796670413e-01
-2.024370724897602003e-02 1.280504385064498429e-01 3.253084032471589282e-01 5.708193562378180985e-01 4.738681844848322000e-01 5.046300294768225614e-01 1.000000000000000000e+00 7.192338311134875983e-01 6.594909891893434573e-01 6.411425403907122789e-01 7.362172023732223014e-01 8.128592355947410475e-01 7.418382370977353313e-01 7.208303228336579993e-01 8.443157517273036650e-01 8.186100097390219821e-01 6.747678335293770813e-01 4.766590894425078995e-01 5.431526041561365314e-01 5.560131285489788855e-01 5.485488790849126772e-01 6.213546875122090141e-01 5.811424092141334041e-01 5.049500272443308013e-01 5.385968681046108264e-01 7.238449252926483224e-01 7.323471474408792536e-01 7.498586154075501664e-01 6.821195617554600688e-01 7.181843693658912509e-01 7.560411595760451187e-01 7.230859404266418711e-01 7.266277400539967735e-01 7.323158160444630527e-01 7.141803089030258622e-01 7.607220867583813773e-01 7.502836837155913985e-01 7.930253382318560584e-01 8.015231874854380489e-01 7.854889874466962629e-01 8.009069919379443458e-01 8.137561220585599608e-01 8.229219552987047104e-01 8.211582725058261811e-01 8.015986841339056701e-01 8.062515561906568040e-01 8.098055886243895607e-01 8.026667826671854966e-01 7.868151647037160412e-01 7.749731950347213960e-01 7.943029597049457990e-01 7.826495771542858471e-01 8.125611620200650087e-01 7.756845159118336275e-01 7.689694357027601068e-01 7.688467467760722318e-01 7.767737456301565535e-01 8.009662903116313570e-01 7.784978503290140850e-01 8.075597658776438870e-01 8.116522215758433800e-01 8.001312011861655416e-01 7.850610037003415975e-01 8.050670220495834695e-01 7.806753606606334772e-01 7.948128411451009789e-01 8.031695393783939707e-01 7.783489852675495868e-01 7.880616245865846858e-01 7.920631573032418382e-01 7.916702294638611193e-01 7.856937673881189133e-01 7.595905527124237056e-01 7.626251968363533251e-01 8.096291706152121126e-01 8.069926466973357249e-01 8.125030355239959423e-01 7.916249953383232008e-01 8.026826810347339469e-01 7.915768562985517898e-01 7.927785234548485604e-01 8.031628999734318208e-01 8.057681043136618593e-01 7.949306284067357842e-01 8.069055788478961544e-01 7.959741154008603825e-01 8.083974203934304326e-01 8.227238606553642919e-01 8.143390122000394582e-01 8.108084927011713905e-01 8.189019345493683266e-01 8.239435994436595800e-01 8.184568399443434839e-01 8.199356882474840846e-01 8.129948736179752888e-01 8.140436383738991477e-01 8.181320655199690872e-01 7.998808658342548839e-01 8.170470104942144651e-01 8.222301558107443231e-01 8.292634227446923356e-01 8.162893926014659352e-01 8.181033575400754598e-01 8.227137876004425587e-01 8.196991795476352705e-01 8.103852963774828000e-01 8.132668681262159582e-01 8.075759454745033983e-01 8.176296479389796312e-01 8.159527322616169087e-01 8.170794988006242487e-01 8.136273086498270191e-01 8.172444892898796942e-01 8.172727143564119112e-01 8.017879041661588602e-01 8.116276496533789686e-01
5.417273090319766650e-03 1.031697093861422138e-01 3.317646116334337369e-01 5.594337924285034402e-01 4.459272718685953762e-01 4.364364836429781014e-01 7.192338311134875983e-01 1.000000000000000000e+00 6.553415781177575061e-01 6.323858064871901163e-01 7.090713987669999829e-01 7.905008401085557024e-01 7.007860177279724434e-01 6.904059929324409817e-01 7.852100936770931572e-01 8.000922244229822233e-01 6.679255277407354363e-01 4.455787271921654025e-01 5.022639063331799658e-01 5.186633243523939285e-01 5.200961243821558000e-01 5.937647381767029442e-01 5.259767452076616889e-01 4.277081663943202439e-01 4.716676698359419939e-01 6.887304407536591899e-01 7.017550795538813890e-01 7.040621938256554913e-01 6.612506386395232694e-01 6.736353761612090540e-01 7.164109422660417392e-01 6.830088825859310653e-01 6.864197308278738863e-01 6.845183280117143054e-01 6.706079271823183197e-01 6.974553263040730311e-01 7.125095170136265255e-01 7.724371493532083965e-01 7.614055445571501490e-01 7.505103599032947326e-01 7.660262609059631522e-01 7.802125026725296175e-01 7.732519730611574493e-01 7.825644544193781638e-01 7.598332997069153771e-01 7.707585584596103878e-01 7.818070316946701404e-01 7.725434162576098052e-01 7.749303870933891281e-01 7.640116451079683735e-01 7.853315846357854513e-01 7.454081177088264232e-01 7.804159166366212430e-01 7.550746656931457412e-01 7.551613131612644469e-01 7.456648844243950469e-01 7.681255338874886096e-01 7.806070536292530893e-01 7.733891168742986766e-01 7.794163459110056147e-01 7.886867073924205274e-01 7.889564532245247896e-01 7.808985929781406821e-01 7.860616175661786498e-01 7.587518467337559525e-01 7.682879721669467754e-01 7.700005439965227350e-01 7.392598663551076532e-01 7.388978883469353720e-01 7.539496385604480544e-01 7.528868878054074676e-01 7.512077218615539342e-01 7.041440633438088570e-01 7.114749689349237904e-01 7.759205011903936855e-01 7.735405542283071423e-01 7.736035788023951643e-01 7.593711992526998023e-01 7.604365636750234358e-01 7.562449209470828437e-01 7.557635774819086993e-01 7.691519620864257778e-01 7.643726889480108033e-01 7.534546043590355513e-01 7.689952757002882500e-01 7.503414993092086815e-01 7.642671989580540615e-01 7.848808957716180146e-01 7.763937406923068218e-01 7.771241155450182569e-01 7.711616954075323216e-01 7.818013693524709096e-01 7.826740349545020514e-01 7.806393904741607548e-01 7.819958213909664613e-01 7.834210293134435954e-01 7.877208122765615439e-01 7.868789083355922642e-01 7.911763409195111674e-01 7.903326989836738647e-01 7.868615570999897280e-01 7.945081144033365739e-01 7.866070440996392188e-01 7.890611908304653310e-01 7.825931619730974731e-01 7.869109029276027956e-01 7.896742324253274159e-01 7.763178576306862810e-01 7.845269880488294767e-01 7.853697673702166870e-01 7.886998154473975342e-01 7.852684339255427970e-01 7.925557007208282601e-01 7.904463342569988393e-01 7.737231437497482656e-01 7.839093557315705008e-01
1.656188245496827138e-01 2.065981293581131695e-01 3.200683861106922157e-01 4.134869484037145271e-01 4.255795329620696288e-01 4.829713941531001420e-01 6.594909891893434573e-01 6.553415781177575061e-01 1.000000000000000000e+00 7.346176483826322157e-01 7.707192776070738160e-01 7.409272328769710425e-01 7.245332666088748486e-01 7.486367298953149341e-01 8.035034777369381986e-01 7.931961585320684849e-01 8.035435201235792135e-01 6.901238599836627685e-01 7.334982923646924391e-01 5.703985951110026598e-01 6.443756895793857353e-01 7.392352434785203208e-01 7.377234699864700929e-01 6.821420876412612744e-01 7.144059880771131965e-01 8.131458613937333491e-01 8.166240611946961048e-01 7.972737422349733816e-01 8.057814523424797759e-01 8.267311881574591625e-01 8.540365432508050247e-01 8.245272136597326940e-01 7.914951731885856434e-01 8.331782949277996009e-01 8.256497733088067337e-01 7.876342272575127534e-01 8.421167514965915979e-01 8.318452837201230077e-01 8.466678501334604645e-01 7.757328531000459160e-01 8.398083556422987206e-01 8.289232313957334286e-01 7.853074541629269101e-01 8.428977034143909641e-01 8.431380669984651632e-01 8.327949937640591882e-01 8.521778689208787672e-01 8.629022192998574425e-01 8.475970563968199256e-01 8.211062155076834790e-01 8.333622065803054646e-01 7.870791940704415790e-01 8.210445667809589398e-01 8.684336314557219438e-01 8.584220280784302659e-01 8.416688151699375231e-01 8.344809799771404357e-01 8.389999906693279552e-01 8.409002792029804940e-01 8.591210505069949432e-01 8.407827344764826627e-01 8.503561538201649395e-01 8.431363402862430689e-01 8.494380480090587549e-01 8.631093672483314272e-01 8.418591873267536885e-01 8.593888707413337436e-01 8.646965383045963627e-01 8.645444790220345732e-01 8.459102306097837642e-01 8.395195858997925864e-01 8.608542037169648609e-01 8.553537206264010262e-01 8.501249458276851634e-01 8.555416569585784226e-01 8.554795806650963286e-01 8.460688079077858248e-01 8.585634331202274261e-01 8.521504342987197278e-01 8.640586752970362827e-01 8.635855434350452331e-01 8.614121504586618183e-01 8.567658273151326220e-01 8.654018970735042338e-01 8.502467930298042154e-01 8.622961146875267602e-01 8.534022587438735430e-01 8.457795049702483414e-01 8.561817790067587364e-01 8.482596903767840590e-01 8.324942525635942170e-01 8.423216490663719691e-01 8.489078977227043632e-01 8.471058067851192641e-01 8.548959729811708153e-01 8.539709908937090921e-01 8.160945281538074525e-01 8.383412929974847216e-01 8.446234269957276775e-01 8.431763296163419241e-01 8.358994817787651632e-01 8.398953193550297014e-01 8.390812657785967632e-01 8.457414869985477868e-01 8.421805898233789556e-01 8.344629362160648212e-01 8.525557376289153444e-01 8.558025535231802428e-01 8.469070437511914129e-01 8.489322171421331831e-01 8.439694729503212089e-01 8.544400199742810953e-01 8.449512521031981027e-01 8.492385320093679413e-01 8.602693172087076956e-01 8.481169389465368358e-01
8.940507141124437451e-02 2.107123829946113136e-01 2.606640736098456701e-01 3.916910600185057878e-01 3.744972603276183754e-01 4.379174170593663762e-01 6.411425403907122789e-01 6.323858064871901163e-01 7.346176483826322157e-01 1.000000000000000000e+00 7.095849302333042674e-01 7.019705528543712658e-01 6.714538644770593478e-01 6.949955553349924653e-01 7.606432929446804714e-01 7.508169379794414899e-01 6.950555654590143684e-01 5.657421485859284171e-01 6.180846751691493335e-01 4.490525671494733917e-01 5.041566191393033192e-01 6.211236225154050938e-01 6.201331819168590664e-01 5.385478076471229558e-01 5.935145476940762999e-01 7.302566477706122772e-01 7.460207461107478677e-01 7.379465045697736203e-01 7.420418853388512925e-01 7.473285452138488383e-01 7.701255890463138964e-01 7.244211051039535221e-01 7.226128515410693565e-01 7.234529054193606923e-01 7.228822664940015574e-01 6.829669458676785876e-01 7.439643026177538143e-01 7.753243069036276358e-01 7.709982698676562940e-01 7.221473496625644417e-01 7.794567091259544389e-01 7.707221227038534295e-01 7.331416416490073029e-01 7.787780733376489239e-01 7.632683834483373619e-01 7.836592131571434861e-01 7.945422963872348365e-01 8.071842907817543544e-01 7.765391627301984068e-01 7.450076758423772594e-01 7.736456086268783672e-01 7.144630870429203862e-01 7.559009110424347311e-01 7.988018657483704210e-01 7.917707074135920120e-01 7.772803955692249023e-01 7.604299995026614356e-01 7.861968530017422463e-01 7.850907118661399897e-01 7.925999943871376852e-01 7.785652941068926802e-01 7.905398845232819438e-01 7.783704844476763141e-01 7.802844894846269197e-01 7.754571942855097433e-01 7.711065639920825499e-01 7.979087470103175539e-01 7.891081510973138036e-01 7.870950115351873499e-01 7.540612513567490627e-01 7.567749158016621180e-01 7.878655055575176647e-01 7.616963669364267275e-01 7.594578266705692693e-01 7.971144813825435937e-01 7.965339009489033062e-01 7.909048190063420192e-01 7.971677563662644683e-01 7.913229970007622516e-01 7.996530781082701322e-01 7.926945354533107002e-01 7.969933249971737910e-01 7.866385390957578716e-01 7.930163499136337890e-01 7.783361090465646948e-01 7.808577720047912285e-01 7.800771250992997174e-01 7.925892886871261922e-01 7.914290895784799051e-01 7.932625034485352167e-01 7.780031693394511283e-01 7.885360076568928012e-01 7.886760096107572338e-01 7.928843794292956826e-01 7.971427640007263671e-01 7.985075181275488321e-01 7.661803611165020067e-01 7.730902115845675882e-01 7.879996574472870607e-01 7.874551843306701882e-01 7.770725909102899065e-01 7.843954177834273622e-01 7.863517449241294033e-01 7.876984815996238565e-01 7.761748370855752199e-01 7.786665215895046677e-01 7.938950432799776191e-01 8.019658190214467020e-01 7.960681674114626905e-01 7.935788581629077409e-01 7.958797529206922405e-01 7.940975552752911337e-01 7.917639175592777745e-01 7.876738234578791742e-01 7.905029101474583264e-01 7.872563154500984428e-01
2.259452732195385560e-02 1.554698876134318619e-01 3.679027919267497948e-01 5.285739993430146333e-01 4.338096011958873510e-01 5.163469421404988102e-01 7.362172023732223014e-01 7.090713987669999829e-01 7.707192776070738160e-01 7.095849302333042674e-01 1.000000000000000000e+00 8.266593229162845224e-01 7.577153607407540736e-01 7.864844432158651921e-01 8.557009863137878813e-01 8.391575499645389513e-01 7.783060334059389573e-01 6.398337165066622090e-01 6.980866333975248583e-01 5.861736039986918945e-01 6.454626579883485649e-01 7.508178184543938816e-01 7.034471637208613570e-01 6.292242020642345723e-01 6.823424978921892592e-01 8.175028015682336280e-01 8.218425857087183761e-01 8.235536201846657134e-01 8.025580540951905428e-01 8.297738661667790616e-01 8.679029090857999229e-01 8.209329916112230174e-01 8.090411496853663342e-01 8.301927837658299447e-01 8.192698988249593750e-01 8.246720770838769088e-01 8.511381137880287273e-01 8.678193518574659482e-01 8.822971244674389091e-01 8.440055095579088729e-01 8.797864389119841588e-01 8.800326009745483846e-01 8.545996794684865838e-01 8.881107573185239579e-01 8.865160535791923868e-01 8.742663532468054610e-01 8.879575972912414628e-01 8.872253553141320470e-01 8.662033055241192825e-01 8.502481653341945611e-01 8.706455913191771812e-01 8.332255727746600282e-01 8.622012726172195718e-01 8.745525188143403739e-01 8.718452297694114783e-01 8.663965480268978059e-01 8.570420806594053476e-01 8.770410053459792854e-01 8.663510271383328964e-01 8.822449703917484287e-01 8.792532218805958477e-01 8.791826342080796275e-01 8.685810797751924994e-01 8.780382971453680740e-01 8.778764160358286661e-01 8.677189575479781203e-01 8.903654969895057336e-01 8.807705884678261876e-01 8.829217661776646020e-01 8.664096902431330793e-01 8.776426655257381082e-01 8.874362180075304751e-01 8.631912202538166712e-01 8.677540851778664521e-01 8.915502524191292189e-01 8.915874322651783368e-01 8.886430019004581959e-01 8.853433364311588116e-01 8.887227060683022817e-01 8.846978358079038429e-01 8.875989357201680141e-01 8.925413873274535836e-01 8.941841610114706906e-01 8.884718474848392056e-01 8.898519834699191167e-01 8.858525048416632242e-01 8.904319914129352753e-01 8.953049547376805695e-01 8.957454109505087470e-01 8.918556505295976988e-01 8.879191707061366845e-01 8.927958423597102122e-01 8.949790356616408316e-01 8.938658392957835597e-01 8.902518894017661388e-01 8.920217380167966281e-01 8.757963329398312791e-01 8.741306170411222709e-01 8.883142371385477354e-01 8.903637570032169046e-01 8.890760408447281327e-01 8.869699979562601921e-01 8.846722118593888240e-01 8.912868422192261608e-01 8.876813625099856386e-01 8.809837628393027975e-01 8.888277481691799764e-01 8.903269577479742125e-01 8.909862021653398578e-01 8.907324939619831738e-01 8.898419071164129779e-01 8.903790929760473372e-01 8.892835760519099964e-01 8.907339356108292527e-01 8.877370254808123473e-01 8.849531927871184811e-01
-1.606908911136816637e-02 9.680940068679690091e-02 3.714545975685709100e-01 6.596871233938482737e-01 4.818290834694144986e-01 5.436976380304884282e-01 8.128592355947410475e-01 7.905008401085557024e-01 7.409272328769710425e-01 7.019705528543712658e-01 8.266593229162845224e-01 1.000000000000000000e+00 7.950060769310404174e-01 8.035531613773153614e-01 9.001238347958651076e-01 8.937873384133261379e-01 7.687749463134817551e-01 5.196281008774991106e-01 5.848588594070541768e-01 6.499943189639422192e-01 6.430093511230126069e-01 7.161944225279318621e-01 6.158831487368227053e-01 5.468237026079375562e-01 5.889403001383498593e-01 7.758916093749892440e-01 8.021580894792981198e-01 7.929412115117252524e-01 7.470264193007062348e-01 7.872307026706570898e-01 8.398844248110977073e-01 7.916702982008360090e-01 7.756177158032795393e-01 8.102517058801879113e-01 7.811231117574474192e-01 8.355100440097905645e-01 8.368972976844620826e-01 8.803676625108617371e-01 8.794024783419766012e-01 8.582044138187853166e-01 8.832887566985805350e-01 8.957956929886514708e-01 8.939785166281545292e-01 9.091532146112468737e-01 8.910992200521202777e-01 8.856890169465903018e-01 9.073769237899340645e-01 8.986029880220659516e-01 8.987319285603848629e-01 8.871332319629545715e-01 9.017742323300955709e-01 8.832530796156917718e-01 9.126418016580793990e-01 8.752786191820152162e-01 8.731050632590912075e-01 8.684234462785475062e-01 8.903324857912471302e-01 8.976778908873951357e-01 8.928279268609596864e-01 9.064282980284913416e-01 9.156087552478788805e-01 9.074434004546695354e-01 8.984538363774159375e-01 9.112255964592730351e-01 8.856458853963812272e-01 9.014909119748089061e-01 8.956953857758173099e-01 8.635627077005442187e-01 8.681695631739941854e-01 8.942074696650514909e-01 8.913154466320846181e-01 8.786608509089004482e-01 8.420967114640420803e-01 8.502135995172385163e-01 8.976817344989306280e-01 8.955753926418202893e-01 8.971349995063233607e-01 8.784518399547112111e-01 8.874568459720771907e-01 8.810757782666481797e-01 8.838068671525347586e-01 8.976452930237774908e-01 8.922725275022422853e-01 8.754781846366870290e-01 8.944899556990169032e-01 8.859075005320508067e-01 8.983112203905005977e-01 9.074789385950884357e-01 9.012523518087682817e-01 8.993819472258942627e-01 8.949689344073527009e-01 9.085177288402154216e-01 9.095250914684770427e-01 9.056531483966305807e-01 9.089692840914853633e-01 9.092526392885134090e-01 9.117309774001487455e-01 9.092837052216530269e-01 9.161984761793889875e-01 9.156647303960261386e-01 9.157755179272650814e-01 9.189136650952672847e-01 9.177501969223991196e-01 9.158399961942080836e-01 9.170937723342735826e-01 9.118894739570807539e-01 9.148011864372208590e-01 9.008706626384321847e-01 9.079497935167061273e-01 9.118186580186031787e-01 9.098400469714776895e-01 9.120703607558635628e-01 9.146992044278807743e-01 9.157683249102569478e-01 8.997537815416299933e-01 9.140461975994543797e-01
2.136398806678871387e-02 1.349647917611111747e-01 3.559148659738911591e-01 5.209538684928357588e-01 4.611451146603404716e-01 4.965024952157848781e-01 7.418382370977353313e-01 7.007860177279724434e-01 7.245332666088748486e-01 6.714538644770593478e-01 7.577153607407540736e-01 7.950060769310404174e-01 1.000000000000000000e+00 7.511160480274601259e-01 8.253581642188267953e-01 8.195769638572194538e-01 7.290978106334905506e-01 5.717754967076793537e-01 6.314340582584582195e-01 5.714568230954690797e-01 6.125613559377924844e-01 6.940989667050914136e-01 6.487346867975010145e-01 5.879473600916147458e-01 6.278558652027277365e-01 7.644540755199252802e-01 7.757251988684460420e-01 7.698686956797391456e-01 7.436659890127876871e-01 7.712084946002643049e-01 8.121639000429823341e-01 7.641085065100315932e-01 7.556407529961447489e-01 7.761377906884729949e-01 7.675459335364569480e-01 7.776521691589052265e-01 8.043697433176355549e-01 8.107415890674196657e-01 8.277796367879507455e-01 7.820989193650689231e-01 8.292507338815088280e-01 8.291773167024653057e-01 8.155552472562386246e-01 8.432738205250491781e-01 8.303688621407470105e-01 8.283496825444873757e-01 8.384510888143708041e-01 8.357763207988293530e-01 8.165376367683475634e-01 7.994482112590448608e-01 8.161353088182835558e-01 7.968858615498451980e-01 8.271779810017140244e-01 8.206502465614803343e-01 8.131374365614978394e-01 8.057847109629309168e-01 8.075376749621538952e-01 8.321261976156444362e-01 8.155013342046787406e-01 8.440170581212474987e-01 8.353291037239927164e-01 8.336673666931244675e-01 8.180686576718509961e-01 8.339886209894429303e-01 8.326869017979012799e-01 8.311364987050600117e-01 8.383447702196114015e-01 8.247125997996190838e-01 8.290671924363743894e-01 8.294318496069654767e-01 8.294106870879136562e-01 8.297584042035103247e-01 8.106591879942941503e-01 8.138555468887925803e-01 8.412402040969683137e-01 8.379449240388917586e-01 8.393411971243710523e-01 8.297227298326996792e-01 8.332852493730185106e-01 8.340500264673239572e-01 8.332830315101437124e-01 8.421219253774026026e-01 8.377026025015714694e-01 8.356744466970601470e-01 8.349467389183845567e-01 8.349289696345694178e-01 8.411981982961331816e-01 8.439137625577179946e-01 8.437923892032092033e-01 8.393876426516577727e-01 8.348852710677127087e-01 8.435166902412573053e-01 8.443227947895936003e-01 8.446540429703479624e-01 8.415391471632137632e-01 8.430983634212911859e-01 8.269912317327937634e-01 8.264590771812861947e-01 8.400986609323107812e-01 8.411720252471738268e-01 8.443556893547258246e-01 8.380124319946412603e-01 8.393104114427716311e-01 8.457934166595092451e-01 8.389925263123033661e-01 8.325429498580144694e-01 8.406897255013171533e-01 8.403131646445375358e-01 8.428313045381331525e-01 8.427227438411041271e-01 8.418189297085487688e-01 8.432852993133641561e-01 8.416649996463001493e-01 8.423367441133016165e-01 8.377403255061632859e-01 8.407301766434259749e-01
