1.000000000000000000e+00 1.900161359265893080e-01 2.896844549652931589e-01 1.455095942897907668e-01 3.725347737021614258e-02 -3.504217084858056441e-02 1.147477724512066671e-01 -3.783550718787544176e-02 1.339099291368905653e-01 1.226111339228231623e-01 1.237852961519347872e-01 5.397047933302626110e-02 5.634710452825773125e-02 -5.741265717442140676e-02 3.411205576902370806e-02 3.488244478650401326e-02 1.243349313528888805e-01 2.412570427562561737e-01 2.204066448387096422e-01 1.463810671588891832e-01 1.823434378195717687e-01 1.850614786218653385e-01 2.543990474936474455e-01 2.052718946466285110e-01 2.447210836578375959e-01 1.956630213863062018e-01 1.735615926539774423e-01 1.739862928516720531e-01 2.300338382750301558e-01 2.067970303996682635e-01 1.763851966731417864e-01 1.220956525611163052e-01 1.166080769447864901e-01 1.050969554909577941e-01 1.494850224214262224e-01 1.015837507669935247e-01 1.658648846855470260e-01 4.290845681599814165e-02 8.551247926549347678e-02 6.967343235452848338e-02 3.482063483922466507e-02 4.825483758275446455e-02 5.582413753826994535e-02 3.888398317147408190e-02 1.042638407562096192e-01 5.605046097274498512e-02 1.307613256989112460e-02 3.278285558533583499e-02 3.975181556268397171e-03 3.036648099575664853e-02 2.104550260191340519e-02 6.250804958303916858e-02 5.954714261863283675e-02 5.673242450936558101e-02 5.480711669293315824e-02 8.630844017755888442e-02 4.983570514999823703e-02 3.956844229681859282e-02 9.530355721836442084e-03 5.800807446340544571e-02 3.742828892398374074e-02 2.988159748034883295e-02 2.979721309580111305e-02 2.041289366273312672e-02 5.294023470163986000e-02 6.586429125244096239e-02 4.482940887574020372e-02 8.433473417326603494e-02 9.492378383875341163e-02 7.960213185662878832e-02 9.566374341662581271e-02 9.130789107889843159e-02 8.626847453588218362e-02 1.130633234762132427e-01 7.034816433339464992e-02 6.357572872292142907e-02 6.913349944531886615e-02 1.026661261938354580e-01 8.352715458500105383e-02 8.601041773859539885e-02 9.210546320914066165e-02 8.308203865239990882e-02 6.606134140446637271e-02 6.930577887596736653e-02 3.408032836260186521e-02 4.494296772607141860e-02 7.569181830945935496e-02 3.270976220892927999e-02 3.458857944490165148e-02 6.338099406682770609e-02 4.782082629613059604e-02 2.734734129219614646e-02 5.330828080686352000e-02 3.651453412430787082e-02 1.059143134993444958e-02 1.739192135048920826e-02 1.480022732465964032e-02 2.880763798599692699e-02 1.714511159010755417e-02 1.340148710780490228e-02 3.133907473341073641e-02 1.547232043817958064e-02 3.232685402944709963e-02 1.851196821073672338e-02 3.834858469302416389e-02 2.705580955852310288e-02 1.177237776408514291e-02 3.176813873987636982e-02 4.091380398971378174e-02 1.798156947336453093e-02 1.365975431588664114e-02 3.016835157898506425e-02 1.703551365456913713e-02 1.739642567209524412e-02 3.274854410180497860e-02 4.047330610607931950e-02
1.900161359265893080e-01 1.000000000000000000e+00 1.738278521498302920e-01 6.535678237085540410e-02 7.299266030744379352e-02 2.329703191941700710e-02 1.756611850157651089e-01 7.565339055080921860e-02 1.898849567197362365e-01 2.778496803230020573e-01 1.464949784565685864e-01 1.037323134758443705e-01 1.043879522782994868e-01 5.241052961175168140e-02 1.409087476814664674e-01 1.292104184103148312e-01 1.303868407750562453e-01 1.744098583280844772e-01 2.021911949901597227e-01 8.726869772592163454e-02 8.468487880354845510e-02 1.152610376225287614e-01 2.381871000035787334e-01 1.614075986889060565e-01 2.048510368006442040e-01 2.597079993085963934e-01 2.309649063574117644e-01 2.444839310766447615e-01 3.034776871302227175e-01 2.953197256747528421e-01 2.936542952723029676e-01 1.863161648510993362e-01 2.234274781182044589e-01 1.421435382415867643e-01 2.104471869062104761e-01 1.532639856939708722e-01 2.408381022445336694e-01 1.551775942386968143e-01 1.897405136086646460e-01 1.710130128683730044e-01 1.574713405582694459e-01 1.599705280497144000e-01 1.668296695028974874e-01 1.265291960089179046e-01 1.682407517511097517e-01 1.895539895251208418e-01 1.363983317999033218e-01 1.517514276543910912e-01 1.321648924988895191e-01 8.950247250604172200e-02 1.187742361960269638e-01 9.070910133961938848e-02 1.212949136842913223e-01 1.775199085519651443e-01 1.683096993602281877e-01 1.874018784393368109e-01 1.281696847667674333e-01 1.446532632381007932e-01 1.318749391607085542e-01 1.467132395190006988e-01 1.412832187417197016e-01 1.457420786531942736e-01 1.258622503129198655e-01 1.226317413148953206e-01 1.149240282578787437e-01 1.429829283613705537e-01 1.434069785858320956e-01 1.644559506668685778e-01 1.798786617807657529e-01 1.394877433729989069e-01 1.464032331274319476e-01 1.589133842990529955e-01 1.653244242188294799e-01 1.677083245881199058e-01 1.865873491549681906e-01 1.787578651124015205e-01 1.855125542001547223e-01 2.277601590193444880e-01 2.035117239799808242e-01 2.125981610171545633e-01 2.126560998899467425e-01 2.159989226856907918e-01 1.625341863613321003e-01 1.791266405186701660e-01 1.400982000713176245e-01 1.435740739991887283e-01 1.757954430601379459e-01 1.526494964384697006e-01 1.610128612469553522e-01 1.675227589482427004e-01 1.662170050730339688e-01 1.458921545637654194e-01 1.604873954157406968e-01 1.528376936241423456e-01 1.329614292592267710e-01 1.478996614465743487e-01 1.169776940564522527e-01 9.986361184347508635e-02 1.193493421657135511e-01 1.196917128957011578e-01 1.463953307367018286e-01 1.309653067220641620e-01 1.260263705489909625e-01 1.195315792002696609e-01 1.195493425210520794e-01 1.340851432293706791e-01 1.348745206037792743e-01 1.588854017137566466e-01 1.642931110964751251e-01 1.354688828040551685e-01 1.386465797499319141e-01 1.397965422291264914e-01 1.420313016221759761e-01 1.283401170291598170e-01 1.201653795093596405e-01 1.354530415980378377e-01
2.896844549652931589e-01 1.738278521498302920e-01 1.000000000000000000e+00 3.390652794163444561e-01 9.567267477336743875e-02 1.399326134612955130e-01 3.317291535405159086e-01 1.140516179514636241e-01 3.142698211204288383e-01 2.818672813531532539e-01 3.479768888658911208e-01 2.964313537925084563e-01 2.151221999450106670e-01 1.076702315501371632e-01 2.730501801684645513e-01 2.433789753908555953e-01 3.467384721929909208e-01 4.453686835319088932e-01 4.589340128167352928e-01 3.420624253893537192e-01 4.056938567866239520e-01 4.381235944564245699e-01 4.716070417447831842e-01 4.252756543921312193e-01 4.712770738046198615e-01 4.229275787000219555e-01 4.028262590592120995e-01 4.207708477747034714e-01 4.361259602979927763e-01 4.146676956694134719e-01 4.301759229627811765e-01 3.720774607493833597e-01 3.544650100719461960e-01 3.523796538290396296e-01 3.694177365180214556e-01 3.679496157704819082e-01 4.033330997796240602e-01 2.976245101371452484e-01 3.261361499306905665e-01 3.507076319531836073e-01 2.941888849017719743e-01 3.077024867391630059e-01 3.372126163974161761e-01 2.930687448742929080e-01 3.668734791907334869e-01 3.170612389603242320e-01 2.437175273306215473e-01 2.709451356592137983e-01 2.499464557098736439e-01 2.679174168742301521e-01 2.701794574622198297e-01 3.040035491156063974e-01 3.021790377094846769e-01 2.996769261327109635e-01 3.099818257076222272e-01 3.356888175336958935e-01 2.841331820658349328e-01 2.828390813187932062e-01 2.654561541816796710e-01 2.886578945475057889e-01 2.864912870863137728e-01 2.785007721710186512e-01 2.657008504063211318e-01 2.466047863311897070e-01 2.844010783322633573e-01 2.966873925804756618e-01 2.887859668244062150e-01 3.366343649251840042e-01 3.435792997011443139e-01 3.381432580838431567e-01 3.501012494363532901e-01 3.491223871597311512e-01 3.425781877468098702e-01 3.623668625951144140e-01 3.190014931236567763e-01 3.169215088096999922e-01 3.228125869351484711e-01 3.367124366330809249e-01 3.295056179161046095e-01 3.233716832439584299e-01 3.374613316420453923e-01 3.331105866017598505e-01 3.188821160276664179e-01 3.031133380126116994e-01 2.832996246347110891e-01 2.906925377092585139e-01 3.311414124370648526e-01 2.825718892472751098e-01 2.813225346528469006e-01 3.179278882590236277e-01 3.079539628197884849e-01 2.763246086863550555e-01 3.074148799488585770e-01 2.870596976414658830e-01 2.514209791099722979e-01 2.614362944940253342e-01 2.650274050232428458e-01 2.540895508325556329e-01 2.604539296861892450e-01 2.604236114302876381e-01 2.861314365228820322e-01 2.647040627531356272e-01 2.710135469776500661e-01 2.656509489373554689e-01 2.890105627400818000e-01 2.687693296413488087e-01 2.508761351887333069e-01 2.735029911146521497e-01 2.911026988957360895e-01 2.612878193348828204e-01 2.662224113039855511e-01 2.651150634310229237e-01 2.635638604761825210e-01 2.563586674059321613e-01 2.740089012033948834e-01 2.740769407409779368e-01
1.455095942897907668e-01 6.535678237085540410e-02 3.390652794163444561e-01 1.000000000000000000e+00 2.733932451613108050e-01 2.865907588379911219e-01 4.746164374922918205e-01 4.060790159685491174e-01 4.259095278679532748e-01 3.434207756853867033e-01 4.530709354291073132e-01 5.528857494853610666e-01 4.583906967698563872e-01 3.597053557444810923e-01 5.085714268907833846e-01 4.742130305399173129e-01 4.694382250602782136e-01 3.213104723660455964e-01 3.792940842893196551e-01 3.530725504803819415e-01 4.123587452643387996e-01 4.796374263410628225e-01 4.005325284532224583e-01 3.452361960688168363e-01 3.810549567246175329e-01 4.480848226331732853e-01 4.413758025947806529e-01 4.241845561845535850e-01 3.984477641724689656e-01 3.986928170574138841e-01 4.275681842147025513e-01 4.575494920512745423e-01 3.988056161122888743e-01 4.390364867147634187e-01 4.111549757696362217e-01 4.810255496137289533e-01 4.372873943449147593e-01 4.572165686756909930e-01 4.782833715776908523e-01 4.674402161608850470e-01 4.488904001882245698e-01 4.723836184205644773e-01 4.951988444347272256e-01 4.967792253600015751e-01 4.951032126973504699e-01 4.745827120486886264e-01 4.435276130713930454e-01 4.524516889578908962e-01 4.502970356932524676e-01 4.629778014485203541e-01 4.697919888813069655e-01 4.866206376800971678e-01 5.019041269065757094e-01 4.473907936067377800e-01 4.536584269960634019e-01 4.534341411674822075e-01 4.914357661025922086e-01 4.727126330393962572e-01 4.611923608625356774e-01 5.056508487042147282e-01 4.865664239038052785e-01 4.815330871250535494e-01 4.781929144430764889e-01 4.793061723683995634e-01 4.717830491749986921e-01 5.044907267847125176e-01 4.645860953284495221e-01 4.476495127749086644e-01 4.583648595703442297e-01 4.860099798605669874e-01 4.805089521517271201e-01 4.647596924752036007e-01 4.408139721510483389e-01 4.519278140558208312e-01 4.582294856233364300e-01 4.595646312466143413e-01 4.519739587309319906e-01 4.413890166438613205e-01 4.494283063281624968e-01 4.310764568916685135e-01 4.325901441961919613e-01 4.506109092521741744e-01 4.691001507104128887e-01 4.327990582334819702e-01 4.507144032211206075e-01 4.487055556773043019e-01 4.675451512916365959e-01 4.594265570772697593e-01 4.546460076353179836e-01 4.628298626023258366e-01 4.572186879597290865e-01 4.610126542333887190e-01 4.716839990498665203e-01 4.632080535298154222e-01 4.503500222454636104e-01 4.463317769495016019e-01 4.736441934411731447e-01 4.787231465175443290e-01 4.661724391057140982e-01 4.613040295971365112e-01 4.741931494541581360e-01 4.700864227536094564e-01 4.792834563248397073e-01 4.776899478485940875e-01 4.815223696516944818e-01 4.682487189398238936e-01 4.525705868672076915e-01 4.469499169663321281e-01 4.484573450659425919e-01 4.608060725437748140e-01 4.540758377186484007e-01 4.702878098399561058e-01 4.587046620574825040e-01 4.665554870481645744e-01 4.683216210028796622e-01 4.787510245678526233e-01
3.725347737021614258e-02 7.299266030744379352e-02 9.567267477336743875e-02 2.733932451613108050e-01 1.000000000000000000e+00 2.375529500784930581e-01 3.674570396874045075e-01 4.159815381751178487e-01 3.575615483607790246e-01 3.123631425115814819e-01 3.279373445171651635e-01 4.015200104256195224e-01 4.749794806031517602e-01 3.337881737602895194e-01 4.187869635890201780e-01 4.398781917833632926e-01 3.451909976156638526e-01 1.918423044406450673e-01 2.406476165220428620e-01 2.277269025580537787e-01 2.461360674944599314e-01 3.017991119326980942e-01 2.775910848176611490e-01 2.243828434971582575e-01 2.534022758533273634e-01 3.450701435845146547e-01 3.102570632863905220e-01 3.049502363377581404e-01 2.744166565730961072e-01 2.959557187186824811e-01 3.301037202172303897e-01 3.594022520151837208e-01 3.167220299742796730e-01 3.474157589229295295e-01 3.154361344409710166e-01 3.654983003160356958e-01 3.233806172613317709e-01 3.693760173600781904e-01 3.892597017446605134e-01 3.615636466683680439e-01 3.902919691617608988e-01 3.917857751655569043e-01 3.913875428502407439e-01 4.150007216649958530e-01 3.811485012134735451e-01 3.880389567944143581e-01 4.077545690398264311e-01 4.043791341427067643e-01 4.065401717218491973e-01 3.886027159148005006e-01 3.985114818277141202e-01 4.282178033804682760e-01 4.313925578498647440e-01 3.936157180364187602e-01 3.778400361930703832e-01 3.904474817684976951e-01 3.918313646893389901e-01 4.019385260228089396e-01 3.889080070691003366e-01 4.322908296048974530e-01 4.107086578404205990e-01 3.996226210900273856e-01 4.049683540053439224e-01 4.117534866403037563e-01 4.086538504267396843e-01 4.184314723331178376e-01 4.103330528256178833e-01 3.742943531140922597e-01 3.903080006952618919e-01 3.951773800383958646e-01 3.831455833352002127e-01 3.850726149662201947e-01 3.688505354695278404e-01 3.702033092838371009e-01 4.033124633019932181e-01 3.914293649242588935e-01 3.853863885915937426e-01 3.712091665934384443e-01 3.834661733389684857e-01 3.729913943931104092e-01 3.785668075917372200e-01 3.899572558715792558e-01 4.050907715578223045e-01 3.829640007336478358e-01 4.046731074771532932e-01 4.012182134774664455e-01 3.928239379285179411e-01 4.080259156780974283e-01 4.072647454485429086e-01 4.038650280295119077e-01 4.048893816782292432e-01 4.119880892084370472e-01 4.026882430652117817e-01 4.041158307284222206e-01 4.164913799900051838e-01 4.093134064759720858e-01 4.080631819364175517e-01 4.212644768382363680e-01 4.131911213969065022e-01 4.148054612776431171e-01 4.109100035473235435e-01 4.016031530294653096e-01 4.335643314221209743e-01 4.198763752509240832e-01 4.222341366804240881e-01 3.898002755887005066e-01 4.094150452402375295e-01 4.094008336044213103e-01 4.003509049004487230e-01 4.150938448461417574e-01 4.022457469579679978e-01 4.219549272817638141e-01 3.998302741670407001e-01 4.197675686013205842e-01 4.146291487600744508e-01 4.182352166436585361e-01
-3.504217084858056441e-02 2.329703191941700710e-02 1.399326134612955130e-01 2.865907588379911219e-01 2.375529500784930581e-01 1.000000000000000000e+00 4.155538340548787790e-01 3.747474783342944482e-01 4.268019429926499519e-01 3.718305681003223340e-01 4.331234944317579050e-01 4.959726061403902375e-01 4.231404179406055288e-01 4.348094781739514358e-01 4.880335327727878814e-01 4.770065750573568852e-01 4.516038229447712493e-01 3.108924681686112135e-01 3.697386734020583487e-01 3.188321471974616128e-01 3.378773831808497552e-01 4.102120992221269802e-01 3.834754880893735396e-01 3.472037742763862123e-01 3.654502909545355172e-01 4.309994412665667518e-01 4.321846716303304192e-01 4.215350499979240717e-01 3.768468129442849035e-01 4.048729554300919409e-01 4.209908772364057694e-01 4.784786353676727666e-01 4.362946321370624325e-01 4.672040463252464804e-01 4.307909680140052933e-01 4.703240302017994701e-01 4.389203795836811861e-01 4.894254740171923856e-01 4.841726227496959689e-01 4.644649439832991833e-01 5.007370887519386748e-01 4.977515200116427452e-01 4.942438465076970933e-01 5.094911849999246289e-01 4.925526790366193119e-01 4.960914994378485821e-01 5.064601785644883281e-01 5.033335026458374273e-01 5.028428502434542091e-01 4.760385425872535325e-01 4.997528376651440007e-01 4.902981329192256932e-01 4.966787043318728889e-01 4.965246244325410840e-01 4.941651076502028839e-01 4.906637447398722873e-01 4.939663057522343803e-01 5.068475363530273725e-01 5.092457039144885345e-01 5.048301231240861497e-01 5.093405030682942591e-01 5.048291815085519385e-01 4.980700386905297927e-01 5.001991602898876454e-01 5.037395341858812436e-01 5.007401968162830119e-01 5.063299737710249548e-01 4.914217117512466593e-01 4.946112887112373291e-01 4.924037216950281626e-01 4.856514794293660953e-01 4.954104452566147621e-01 4.846828163528513755e-01 4.822493839946065397e-01 4.970521305581000471e-01 4.981877248711565342e-01 4.945594471967190708e-01 4.728423864314692526e-01 4.890955218505740332e-01 4.808868681109401688e-01 4.829346281446441069e-01 4.847413315147521828e-01 4.988003827514551070e-01 4.948261603827353028e-01 5.016660409763055162e-01 5.056605871200887670e-01 4.981675560533154745e-01 5.054250720469514180e-01 5.043603056325397516e-01 4.993548437160699738e-01 5.007716700449927894e-01 5.114516535053960089e-01 5.056418800018659399e-01 5.074748938605795345e-01 5.078909933780800801e-01 5.069301681721398722e-01 4.981420152722887407e-01 4.965632314331690500e-01 5.045819674138546373e-01 5.095938805107701475e-01 5.074359012644018563e-01 5.051798358913138776e-01 5.067284423468545462e-01 5.127786457110991014e-01 5.092362827751898413e-01 4.980878195835529709e-01 5.054172369317456726e-01 5.037542926970361989e-01 5.008651752124213541e-01 5.093662102793719004e-01 5.070905567776229361e-01 5.087716618237041466e-01 5.054486839704561696e-01 5.033714040570279602e-01 5.082121169181620379e-01 5.054559742168946990e-01
1.147477724512066671e-01 1.756611850157651089e-01 3.317291535405159086e-01 4.746164374922918205e-01 3.674570396874045075e-01 4.155538340548787790e-01 1.000000000000000000e+00 5.401180057509940013e-01 6.304597831369609384e-01 6.021080338968369805e-01 6.505541613080422225e-01 6.986871558394586179e-01 6.258611576395735066e-01 5.534641065891630074e-01 7.776584210133056230e-01 6.935772114321360204e-01 6.765940637032304972e-01 5.240966562002937756e-01 6.037787109557578580e-01 5.062915985086667847e-01 5.279982809527612453e-01 6.308772532929270982e-01 6.515851633952896016e-01 5.666618094558160124e-01 6.089318891547840229e-01 7.017610189028062884e-01 6.874626760177744433e-01 6.969368229799612902e-01 6.499996941780421533e-01 6.705136018827804190e-01 6.947215603846863541e-01 7.334560337118443130e-01 6.749077475198028697e-01 7.150566507869463573e-01 6.786165881568444469e-01 7.301945124542954524e-01 7.134513159475461830e-01 7.346351008511174951e-01 7.465785055454076113e-01 7.461054946427756462e-01 7.223013829947396713e-01 7.448857598756176701e-01 7.585793787855181769e-01 7.482618392031912258e-01 7.446236814586554287e-01 7.461248380822720350e-01 7.129995634404852067e-01 7.193727583509910151e-01 7.144716153915591228e-01 7.009134922441203619e-01 7.309264373137199788e-01 7.211128398608804835e-01 7.351536922523760342e-01 7.195357757707894208e-01 7.216803844229173759e-01 7.363575067222686288e-01 7.059682129193748379e-01 7.271438695786822670e-01 7.181183304889648955e-01 7.286040178477930507e-01 7.351246793929139267e-01 7.159318134533557698e-01 7.100168042381639344e-01 7.089540540152303727e-01 7.117934229439821792e-01 7.245072605612955519e-01 7.281485963174079146e-01 7.244795476428260717e-01 7.389588652269257762e-01 7.246408075145275296e-01 7.167922505891658469e-01 7.258140732155579089e-01 7.158623726435715540e-01 7.204304336102729245e-01 7.301667975877942363e-01 7.271574864703929109e-01 7.302573615811472907e-01 7.143474183780200715e-01 7.339417889970935027e-01 7.178910719261729634e-01 7.251285427512935700e-01 7.282140852551434174e-01 7.405555112816047947e-01 7.242550024243371576e-01 7.278093631198403468e-01 7.318264945233955432e-01 7.427608387470221452e-01 7.391133088765108328e-01 7.341780726744642216e-01 7.412821635263198150e-01 7.444683659543199772e-01 7.338965800985500776e-01 7.387931090578949700e-01 7.411078591583145636e-01 7.157023189760066684e-01 7.169833091741332209e-01 7.160599415334828466e-01 7.048378278917941664e-01 7.211006844830499807e-01 7.270138332606634890e-01 7.388348679008622799e-01 7.200899557931048633e-01 7.285350639847036902e-01 7.283796458460257695e-01 7.321866680465274335e-01 7.056737952793461499e-01 7.122466099167247267e-01 7.208622996851137277e-01 7.235995282673768347e-01 7.189711869182928705e-01 7.235245174872754204e-01 7.192530258179800073e-01 7.128764625648655873e-01 7.153062115286040745e-01 7.176676433619527673e-01 7.251472273778232225e-01
-3.783550718787544176e-02 7.565339055080921860e-02 1.140516179514636241e-01 4.060790159685491174e-01 4.159815381751178487e-01 3.747474783342944482e-01 5.401180057509940013e-01 1.000000000000000000e+00 5.419916391965969860e-01 4.926452689757229164e-01 5.265789769399404907e-01 6.428468836379453988e-01 6.285155329568530291e-01 5.708993415253691417e-01 6.707353340575641365e-01 7.138583393102218011e-01 5.450067553722759417e-01 2.889613261907365560e-01 3.688899315373933008e-01 3.594702000426915900e-01 3.968256947295260573e-01 4.653044332723162424e-01 3.828835139026307011e-01 3.206207325877066805e-01 3.440021404728410004e-01 5.087551791870315032e-01 4.972482216597465254e-01 4.689402173942741059e-01 4.257716501917825358e-01 4.622502309358820227e-01 4.978025992135017841e-01 5.669535790444518719e-01 4.837921930440498008e-01 5.468973564018647648e-01 5.041984863183689436e-01 5.617495583017551031e-01 5.006004826308622091e-01 6.287319195716786213e-01 6.281106172686891087e-01 5.614410508562250879e-01 6.333430365240988458e-01 6.337846955113715097e-01 6.234674923783950495e-01 6.632349679764688588e-01 5.926122742915155284e-01 6.407368117386375017e-01 6.654528678154146837e-01 6.584098012822913182e-01 6.706544599706599774e-01 6.305820653111580132e-01 6.574619931180872845e-01 6.206617350309994174e-01 6.457680404371448635e-01 6.403240167381257786e-01 6.320327574519691849e-01 6.125249347736875238e-01 6.584781839679150206e-01 6.678741002826494855e-01 6.753761290999870104e-01 6.776522974021369494e-01 6.741775175692901190e-01 6.785664367848004419e-01 6.740288096218866043e-01 6.832766122854514457e-01 6.481700618748653664e-01 6.695514830105165904e-01 6.603354824319200844e-01 6.040510939030080406e-01 6.142819901962186524e-01 6.278532020191430751e-01 6.108254313538815650e-01 6.124894015588984164e-01 5.825364339324052843e-01 5.669467980702572740e-01 6.323641975192667575e-01 6.268638650841893423e-01 6.143573678251750270e-01 5.952549650112356483e-01 6.179810550874951236e-01 6.068441984506981468e-01 5.990641661973407084e-01 6.176008662866550036e-01 6.377307025927257955e-01 6.198376742695241859e-01 6.496899384395808941e-01 6.392289225191700730e-01 6.194075519040287414e-01 6.610297315700905951e-01 6.611692217697432428e-01 6.324995070840346845e-01 6.283622120434737557e-01 6.598905767342111428e-01 6.424900311681384091e-01 6.560704822346318243e-01 6.744800506441755994e-01 6.663795033757036190e-01 6.709255288868288813e-01 6.758079967898004137e-01 6.776315040767636466e-01 6.709691064189760024e-01 6.649804055614122467e-01 6.752599078796382992e-01 6.761743667911893629e-01 6.823526275740403602e-01 6.638559297259772896e-01 6.659974478152760335e-01 6.751282108739098398e-01 6.577850487130005863e-01 6.490793968664309022e-01 6.803053622453251181e-01 6.680708983750386354e-01 6.782381021245176278e-01 6.733973305905983642e-01 6.832475339617821719e-01 6.655087690159899871e-01 6.732828392985956700e-01
1.339099291368905653e-01 1.898849567197362365e-01 3.142698211204288383e-01 4.259095278679532748e-01 3.575615483607790246e-01 4.268019429926499519e-01 6.304597831369609384e-01 5.419916391965969860e-01 1.000000000000000000e+00 6.977818158628174006e-01 7.483727387491893035e-01 7.567260385032371639e-01 6.832761737902298682e-01 6.670267077428637670e-01 7.879242099430283641e-01 7.620285406469958778e-01 7.850300450648520778e-01 6.203360953616239293e-01 7.025627708338241240e-01 5.520243954289864030e-01 6.257421604541981708e-01 7.236737283955926303e-01 7.287706904543808095e-01 6.421465126141298052e-01 6.857566191282270518e-01 8.047193385167532576e-01 7.910484782879260157e-01 7.758561097604261825e-01 7.378363211992602366e-01 7.752543826805280425e-01 7.869299446194170100e-01 8.303805126987386931e-01 7.649835605852894904e-01 7.827468936000157029e-01 7.760549371964690080e-01 7.739247854215427491e-01 7.977666882896317091e-01 8.112761212990243775e-01 8.261349685878376370e-01 7.846358092335038448e-01 8.297645875022764406e-01 8.251720336395612643e-01 8.076616659340496440e-01 8.288027403286418737e-01 8.374162337987512972e-01 8.224721103378175302e-01 8.368584193888793932e-01 8.481875846873480063e-01 8.326184960739125840e-01 7.859721215770124614e-01 8.179151344226619491e-01 7.960551044114078101e-01 8.112329176927821628e-01 8.443159586161274044e-01 8.356166175847671296e-01 8.412306797844646411e-01 8.285744552291606224e-01 8.382577146724213835e-01 8.239918154184107113e-01 8.476185656892517573e-01 8.408362306592018776e-01 8.315971185144688249e-01 8.279861614741274023e-01 8.291352902729680618e-01 8.415283430133485565e-01 8.427361028093588446e-01 8.465101471791663945e-01 8.421151275997924568e-01 8.474809629599352467e-01 8.292891572158129776e-01 8.398483260902240843e-01 8.506253167329889120e-01 8.240520285087046259e-01 8.304032931690240593e-01 8.517351752421564726e-01 8.480148344599441890e-01 8.398449517709009049e-01 8.339315486396746691e-01 8.457643507801454463e-01 8.403500858782452232e-01 8.440824279532935792e-01 8.442711582624145006e-01 8.471580792673129023e-01 8.433681779668456002e-01 8.312399015128162372e-01 8.354424136783777932e-01 8.453010080701350848e-01 8.409577534026512202e-01 8.434384243524176705e-01 8.459348311843201129e-01 8.384019906837982816e-01 8.423910721792344791e-01 8.466518544590593276e-01 8.432201633686507991e-01 8.399452042527070228e-01 8.430544246271790554e-01 8.185528440704279429e-01 8.214610102222041910e-01 8.336324229967060351e-01 8.330080402618341706e-01 8.365367993722547801e-01 8.315091971993781028e-01 8.371823907264579478e-01 8.394675347096202112e-01 8.381676666655896168e-01 8.264045209252544044e-01 8.373451913290064219e-01 8.458337627175129825e-01 8.463974715899788004e-01 8.411746998331223191e-01 8.352994227895952362e-01 8.453021085287275582e-01 8.338881159604680793e-01 8.353048795398054782e-01 8.417973479024835060e-01 8.422683775752736191e-01
1.226111339228231623e-01 2.778496803230020573e-01 2.818672813531532539e-01 3.434207756853867033e-01 3.123631425115814819e-01 3.718305681003223340e-01 6.021080338968369805e-01 4.926452689757229164e-01 6.977818158628174006e-01 1.000000000000000000e+00 6.720611659629641688e-01 6.792995884601705781e-01 6.102617949361439642e-01 5.750576769088683315e-01 7.354358374819019994e-01 6.957162167914727746e-01 6.893848241331302917e-01 5.496266239512354046e-01 6.325204447987720080e-01 4.604690005886311055e-01 5.024982294410500483e-01 6.100792987637826403e-01 6.831140050201934821e-01 5.772292891855304031e-01 6.290525971993404797e-01 7.584041300560715460e-01 7.507377701651477553e-01 7.476872479227820723e-01 7.256857358321230356e-01 7.579122336221983947e-01 7.743074025884626455e-01 7.647392089525919534e-01 7.203705520701686460e-01 7.103098456808794037e-01 7.177795386406118361e-01 7.178869069698980976e-01 7.583680822211454897e-01 7.480480654312694488e-01 7.693196842443017491e-01 7.468682713514028793e-01 7.803807019580608628e-01 7.774591769630253557e-01 7.554994013396270081e-01 7.539982017238541223e-01 7.658450917612743547e-01 7.776076247147108989e-01 7.678415767484881860e-01 7.858804491977878781e-01 7.634610593726109951e-01 6.878142962239641722e-01 7.424124539041324633e-01 6.994906211798240792e-01 7.287036216144401335e-01 7.885050110042536309e-01 7.781204172068950653e-01 7.912550066586528930e-01 7.431496702231717988e-01 7.709736682646478600e-01 7.595216488411585809e-01 7.702749905041530454e-01 7.695270825257370939e-01 7.665498781180396515e-01 7.459654356935462305e-01 7.491347761877561462e-01 7.530107565389477786e-01 7.597348455414385526e-01 7.788885521449547822e-01 7.728084119125834262e-01 7.863104917642600444e-01 7.436195068889007720e-01 7.540333312361946483e-01 7.745555480931649583e-01 7.572701811470524680e-01 7.609261223911036875e-01 7.948886310908406250e-01 7.926367100455291581e-01 7.917937656823949011e-01 7.965759518934483197e-01 8.001257643493823180e-01 8.016565948232063921e-01 7.985582939909623423e-01 8.031431043369864353e-01 7.842080318591295729e-01 7.828305659902148328e-01 7.615270095465822564e-01 7.653171182398201822e-01 7.861828953821313748e-01 7.808595009623631178e-01 7.841155021878594145e-01 7.901430246318555950e-01 7.846253318374224461e-01 7.813190330809305362e-01 7.854303081959920219e-01 7.841102469116062457e-01 7.725806195647192398e-01 7.811404818489545709e-01 7.410265711482535433e-01 7.280905775601613783e-01 7.577807428098302100e-01 7.593047225949410839e-01 7.758062933193380362e-01 7.638693920253499803e-01 7.555881059809803624e-01 7.617050265109864826e-01 7.601635507506763201e-01 7.572160977106124902e-01 7.694873888403573892e-01 7.866860551656941203e-01 7.857415467556518873e-01 7.705142106175875139e-01 7.740789619060273186e-01 7.745663375280457119e-01 7.728351811618656697e-01 7.635320434837041814e-01 7.628232342739839078e-01 7.683587732000753956e-01
1.237852961519347872e-01 1.464949784565685864e-01 3.479768888658911208e-01 4.530709354291073132e-01 3.279373445171651635e-01 4.331234944317579050e-01 6.505541613080422225e-01 5.265789769399404907e-01 7.483727387491893035e-01 6.720611659629641688e-01 1.000000000000000000e+00 7.821001709883141917e-01 6.549058637943885319e-01 6.377706463066654674e-01 7.950658448498506559e-01 7.457846471032274493e-01 7.624557287587108156e-01 6.522462904861621169e-01 7.237926107951982990e-01 5.626679296086742887e-01 6.525840374956306533e-01 7.482918303718153474e-01 7.571342168656935989e-01 6.751472914163465511e-01 7.216300234691248594e-01 8.074337485154549077e-01 8.017518085473355205e-01 7.926438935203435898e-01 7.598179636151887184e-01 7.861860413563813710e-01 8.052846834978927282e-01 8.331261321639698014e-01 7.692823217044628681e-01 8.007401484093175092e-01 7.847334440964901514e-01 8.000308155872717375e-01 8.124590439516634621e-01 8.161810415130590357e-01 8.279407230270976470e-01 8.166195738119482739e-01 8.197983534587853782e-01 8.266784479699568200e-01 8.194639417922015001e-01 8.233381149152553258e-01 8.413023887748911633e-01 8.267529656306140673e-01 8.196803335647679933e-01 8.273741718175308124e-01 8.161933486476120603e-01 7.920819672199639339e-01 8.133949981081689540e-01 8.001446771690424731e-01 8.110191975333165271e-01 8.288445188570884303e-01 8.346485746861164179e-01 8.431438407431366411e-01 8.222560220893664340e-01 8.275169164080490303e-01 8.181004975338919127e-01 8.211479340389914450e-01 8.333231206596857232e-01 8.202665675689663205e-01 8.174113276533865324e-01 8.092725945063271586e-01 8.185510046435831022e-01 8.272828257045352629e-01 8.297225575691918875e-01 8.397904925349163330e-01 8.432401367014850102e-01 8.239222375191752601e-01 8.405559035466796391e-01 8.470309146814064549e-01 8.268451207356869448e-01 8.395978072924997759e-01 8.430335829595215769e-01 8.402826352824097622e-01 8.367736366102910273e-01 8.304591080050012231e-01 8.407717421422997717e-01 8.328852557057960793e-01 8.396242910505409274e-01 8.406124832164915128e-01 8.396912030409244831e-01 8.287409574431267023e-01 8.268334062206252888e-01 8.326753867336310622e-01 8.442718557659012468e-01 8.320519260571844766e-01 8.335051340045507295e-01 8.419713475555689053e-01 8.371607460951828728e-01 8.315937312585715002e-01 8.395279148686651816e-01 8.340649448178309999e-01 8.203412844379737168e-01 8.243035115240281430e-01 8.151575112410115453e-01 8.083312608980975922e-01 8.225231429310998488e-01 8.201750580133745361e-01 8.307025893485681101e-01 8.230359646465357226e-01 8.196763073629685925e-01 8.254768499586351282e-01 8.326420048831094656e-01 8.190982261718516844e-01 8.180317918850242842e-01 8.280378490821207471e-01 8.337707544080915634e-01 8.234969286216583528e-01 8.243599961599591408e-01 8.238637561080419669e-01 8.221203819783856614e-01 8.170136740048064006e-01 8.224605531211364173e-01 8.268040563122256437e-01
5.397047933302626110e-02 1.037323134758443705e-01 2.964313537925084563e-01 5.528857494853610666e-01 4.015200104256195224e-01 4.959726061403902375e-01 6.986871558394586179e-01 6.428468836379453988e-01 7.567260385032371639e-01 6.792995884601705781e-01 7.821001709883141917e-01 1.000000000000000000e+00 7.310739382333617531e-01 7.143864174012658497e-01 8.616944355577200731e-01 8.236294127859935532e-01 7.835924325125298573e-01 5.412969015144279972e-01 6.368178965758519716e-01 5.376048637411945386e-01 6.089302358199166765e-01 7.173307803043695863e-01 6.760321254300711846e-01 5.855816927853608744e-01 6.233171195408355736e-01 7.781361509427385803e-01 7.775053750433775779e-01 7.568202664369959587e-01 6.962606514344050757e-01 7.300130451824250466e-01 7.641723166607629070e-01 8.326945833012505682e-01 7.512012682319868517e-01 7.939694188535550978e-01 7.636708833759906501e-01 8.146706421553736588e-01 7.854447124584542639e-01 8.485711823997156289e-01 8.524194866475951482e-01 8.303504814330684436e-01 8.611589239269995533e-01 8.651820496663317206e-01 8.544375569040403295e-01 8.822538393233111398e-01 8.607441448660653194e-01 8.608397965735393731e-01 8.732272549086265157e-01 8.769453035869565483e-01 8.770484958445180501e-01 8.404669899418691914e-01 8.694714157312859459e-01 8.438135345498664064e-01 8.604236415539399108e-01 8.672356011050550428e-01 8.669970362102688011e-01 8.568929746576079420e-01 8.785341478388981606e-01 8.768098288685890473e-01 8.803782069337349192e-01 8.872555777023420909e-01 8.890931202627323504e-01 8.830054875337671749e-01 8.768955174733529256e-01 8.794953012495952960e-01 8.658087970421021184e-01 8.829173969646064712e-01 8.767495109562057909e-01 8.465237649235335393e-01 8.577890216210081187e-01 8.587525696000137820e-01 8.490091210819965539e-01 8.596988153961747647e-01 8.274399422921941971e-01 8.263145846398943783e-01 8.667597437053221610e-01 8.686260325507996205e-01 8.600244377087483683e-01 8.375283610781896204e-01 8.526716458569520984e-01 8.413058022750643516e-01 8.439367804890602898e-01 8.547792769158190085e-01 8.718864883233971019e-01 8.529728202036555018e-01 8.652160170614801027e-01 8.641539053155372629e-01 8.692880408206210552e-01 8.760707237851252938e-01 8.738194298298040952e-01 8.684286426787749535e-01 8.706698393815623938e-01 8.803794422816001441e-01 8.782644546904629923e-01 8.794154812376556718e-01 8.793015411520088698e-01 8.764622141432968361e-01 8.771709422482305563e-01 8.743900363801613285e-01 8.817708113726809849e-01 8.787397169832329435e-01 8.793817369557294095e-01 8.816292316531199047e-01 8.785763820799136203e-01 8.879871709889046727e-01 8.822314712825939376e-01 8.752279133395508559e-01 8.779882018634397323e-01 8.741354229902531525e-01 8.723089469987637123e-01 8.826621536069275686e-01 8.782590449097641416e-01 8.837596723489894446e-01 8.785700501872827362e-01 8.796359832676488022e-01 8.768090604536082910e-01 8.840056987811020228e-01
5.634710452825773125e-02 1.043879522782994868e-01 2.151221999450106670e-01 4.583906967698563872e-01 4.749794806031517602e-01 4.231404179406055288e-01 6.258611576395735066e-01 6.285155329568530291e-01 6.832761737902298682e-01 6.102617949361439642e-01 6.549058637943885319e-01 7.310739382333617531e-01 1.000000000000000000e+00 6.455796919055336591e-01 7.722352327741771605e-01 7.726066777736144697e-01 6.980193336690623251e-01 4.541151113415026197e-01 5.406288797833520565e-01 4.730031133121132547e-01 5.057630101500123487e-01 6.028494982344164699e-01 5.887846538592292900e-01 5.016588941808318713e-01 5.320866521468594623e-01 6.772927510978032917e-01 6.655604973584356987e-01 6.393201984678261729e-01 5.981022504498011427e-01 6.354291274498677922e-01 6.679358981870496814e-01 7.298838531089651971e-01 6.443620434673972275e-01 6.939653991584953108e-01 6.601368868442554216e-01 7.123994846281682669e-01 6.805957331350971362e-01 7.374155073099990521e-01 7.570600443882335995e-01 7.066058581932987970e-01 7.658481068227661615e-01 7.632220905303701564e-01 7.543356838576217305e-01 7.829285146478641710e-01 7.520741481654213967e-01 7.568504131663490453e-01 7.846268583165773025e-01 7.842792068524013782e-01 7.874735384775679581e-01 7.288832091738283170e-01 7.657087803462415687e-01 7.533548991021787877e-01 7.724525960986232676e-01 7.737865386484212848e-01 7.615293111678034244e-01 7.616909550118696748e-01 7.734224208578756032e-01 7.847525010027820436e-01 7.747821643297612138e-01 8.067847532871310623e-01 7.903713995118696323e-01 7.889077001244807485e-01 7.828989081589048382e-01 7.926953834717779257e-01 7.818976398983136233e-01 7.954815599729045950e-01 7.899957383251150489e-01 7.504615369041814921e-01 7.648364783133433376e-01 7.650549449123239532e-01 7.470187919725851389e-01 7.590548831106107563e-01 7.356694613506327141e-01 7.309053863996399780e-01 7.739960960917080524e-01 7.690812380309303142e-01 7.561799470090827535e-01 7.411277157444267072e-01 7.592851023597133597e-01 7.512089437546179971e-01 7.512125458006529977e-01 7.606889944418675498e-01 7.747097702832077548e-01 7.596657587178978766e-01 7.684221898168909215e-01 7.719941830135715888e-01 7.697967767418886220e-01 7.823764441449352347e-01 7.822941939695212676e-01 7.750415055087964689e-01 7.704853894262548852e-01 7.841212712941397767e-01 7.796008612086856582e-01 7.816784974877215575e-01 7.895727202054597660e-01 7.873915174939299932e-01 7.691519953369904128e-01 7.787985389972695849e-01 7.858770064706450675e-01 7.822745270662770922e-01 7.850588396324014173e-01 7.843343384968607390e-01 7.960477156507844709e-01 7.944831124720269644e-01 7.903906902026947012e-01 7.723939555820205083e-01 7.852000896564732546e-01 7.845261395620035660e-01 7.793615778944784633e-01 7.904203574407364652e-01 7.790759511806312210e-01 7.979451677107781693e-01 7.838768843388269625e-01 7.928829728800536047e-01 7.887876882279828417e-01 7.941601079752563797e-01
