1.000000000000000000e+00 1.390651483801803867e-01 7.423920428103364388e-02 -2.745461738193802695e-02 2.589188317569575404e-02 -2.988530495058615982e-02 2.370593676448118012e-02 2.992311277958546387e-02 1.193252748942011249e-01 1.127760367795088980e-01 2.635979004316096538e-02 -2.849154009537591646e-03 -1.316075435328731107e-02 2.639056967594569439e-03 1.971859828538425480e-02 3.186641505807878000e-02 8.452484721417607982e-02 1.879810706717164326e-01 1.343381911564100195e-01 1.192785150977491299e-01 1.122297297892129314e-01 9.869222436059960080e-02 1.785079808303207116e-01 1.771837417587980301e-01 1.410842264181941808e-01 1.146997295298474995e-01 8.817940318410097400e-02 1.103698996811336847e-01 1.744108255852366840e-01 1.781094020887393492e-01 1.069204871135717300e-01 1.047078953114223554e-01 1.145545653200209651e-01 1.019133076314541614e-01 1.338508344929174310e-01 7.478854174673479731e-03 6.560381468576888253e-02 5.441022185634729336e-02 4.967874100058278924e-02 -2.240628102551211337e-02 2.579365030838313370e-03 1.938617898687339247e-02 -5.777733536063553096e-03 1.693981119525271237e-02 1.439063794303948630e-02 4.771539525748816346e-02 8.016900196236397338e-03 2.549091334357790964e-02 2.747462567150755694e-02 3.417548896994807711e-02 2.112673071392279917e-02 -2.072689658796752002e-02 -1.140885268997414610e-02 5.442535274297126413e-02 7.146859033665849126e-02 4.368253334318850101e-02 3.849916206904896443e-02 1.019640387567698550e-02 3.723540533762661336e-02 8.681720334981992207e-03 2.105790283402544927e-02 3.540668142458676393e-02 3.341424730371803792e-02 3.828870529643666615e-02 3.078191341744362583e-02 2.347200844091200042e-02 2.091243375755033954e-02 5.131839595346548294e-02 5.944092729856945145e-02 5.669116619671168283e-02 4.587082573100317168e-02 3.721425913797154345e-02 7.002466885672592456e-02 6.366797195016109245e-02 3.471428011962991028e-02 3.278221814334599665e-02 3.642000769333834237e-02 6.162649253787851750e-02 4.263417367620642162e-02 6.870171976416705739e-02 4.762754493018602625e-02 4.088367365101131662e-02 1.928056432470820133e-02 5.215309386902958200e-02 3.391750453719231950e-02 4.006081419531540289e-02 1.304152898658002095e-02 1.509856289747969413e-02 2.012920246643716549e-02 2.986435189083943079e-02 -1.014527086360558555e-03 4.921997555694393282e-03 9.715496950626928419e-03 1.328739999578291628e-02 2.275630228106630647e-03 1.204886904320390771e-02 -1.109966419735712757e-02 1.302795095178188763e-02 7.364378627474243121e-03 5.711628398954035016e-04 -1.268641313301769463e-02 9.160262500449682307e-03 -4.233539942932540781e-03 2.286045556382153461e-03 3.278705265101217702e-03 9.690646178955823059e-03 1.196773602202409227e-02 2.605942568841074919e-02 2.489882588770469390e-02 9.004326622093940594e-03 1.795922881366780050e-03 7.134615623603967477e-03 9.601918810321749889e-03 1.500583912438850642e-02 2.213115939904422916e-02 1.655603871985782127e-02
1.390651483801803867e-01 1.000000000000000000e+00 1.503541958224964906e-02 -9.472024685654412482e-03 3.927856819045908582e-02 3.732071132501744992e-02 1.187125024763697190e-01 1.108425996402083585e-01 1.589196610446468594e-01 2.125633808888132137e-01 1.105748362275202207e-01 8.528562770248393488e-02 1.065120728740854283e-01 1.071819271897086895e-01 1.409111045554078123e-01 1.101763182426786503e-01 1.152231990311827631e-01 1.381271439012892455e-01 1.164444515054774976e-01 9.739163987527277300e-02 8.731780325297780476e-02 8.450862564903141583e-02 1.549006438885623116e-01 1.506761118276156997e-01 1.063748419403963696e-01 1.438844662248389139e-01 1.187216789657349059e-01 1.444952299327341705e-01 1.786288090771001313e-01 1.951758968978332398e-01 1.442639548223709489e-01 1.614423427103333919e-01 1.785058978067747271e-01 1.561424938474005319e-01 1.940902816115684659e-01 8.829042256904763575e-02 1.407695874542035097e-01 1.376758452955705869e-01 1.453266761404813090e-01 8.097170046167183333e-02 1.243718839384906627e-01 1.132155189662083089e-01 8.360328155562356256e-02 1.060279418188515566e-01 1.054895145610601631e-01 1.425686648754789787e-01 1.366762980243619585e-01 1.492025302775414342e-01 1.313028996470182452e-01 1.148049510771982085e-01 1.222205740908381549e-01 6.922245525085052309e-02 9.149660193292255550e-02 1.552156167667209929e-01 1.558144488139203143e-01 1.325125672055639525e-01 1.301484432413097247e-01 1.281136528232957317e-01 1.438793769956822621e-01 1.269425866251397417e-01 1.272241834607488742e-01 1.479009403000251799e-01 1.416640704359534431e-01 1.373714497226326547e-01 1.196979105145689753e-01 1.266770273713466455e-01 1.342725021311980682e-01 1.464280503276616796e-01 1.527543262081175746e-01 1.372484248774160365e-01 1.210797647562529555e-01 1.291944599374388880e-01 1.564812806019892366e-01 1.385337867270372003e-01 1.369250787272803249e-01 1.382207913602934435e-01 1.359349240579858231e-01 1.539255356664927799e-01 1.392371421731681547e-01 1.639740704291437201e-01 1.493922385100920902e-01 1.407450613919619398e-01 1.321674890524550117e-01 1.566699612863612645e-01 1.382777706985188204e-01 1.471704337762012316e-01 1.253934456819569554e-01 1.395722251758851895e-01 1.353219996652659518e-01 1.444870515151271406e-01 1.160668590268003758e-01 1.252164188625362606e-01 1.209002459070058072e-01 1.305530441152152332e-01 1.306583778420399022e-01 1.367989968430666781e-01 1.094356233925336541e-01 1.186231277229435888e-01 1.341099155194118153e-01 1.261079678718851349e-01 1.156442559176175527e-01 1.295347130339396524e-01 1.133829977119767268e-01 1.215830697633777102e-01 1.164678428907794522e-01 1.322705075144690323e-01 1.341270728908840748e-01 1.459116727751907372e-01 1.412476651760884994e-01 1.362279055617929835e-01 1.301826742148529670e-01 1.302497555773734772e-01 1.368586841902197371e-01 1.337550638859603958e-01 1.237146113424594379e-01 1.311622362402595221e-01
7.423920428103364388e-02 1.503541958224964906e-02 1.000000000000000000e+00 3.015035922110340105e-01 1.208770004152487088e-01 1.388443385204025382e-01 2.184726193998037524e-01 2.388948917152057261e-01 2.566270826392707538e-01 2.073663414886707801e-01 2.691014415505649238e-01 3.282164711921112810e-01 1.996480665495589946e-01 2.386361041490046020e-01 2.599662096243394172e-01 2.634009800659808942e-01 2.639208987236633108e-01 3.603049680087941908e-01 3.379258993616082174e-01 3.099492281692750595e-01 3.525177297537142040e-01 3.630975090295729402e-01 3.627891216409900865e-01 3.602645821991249386e-01 3.730638272007750778e-01 3.667651315302147275e-01 3.436705091818162972e-01 3.564694027865827897e-01 3.223024734899008759e-01 3.234078306554322713e-01 3.417025603600317707e-01 3.202779795260312645e-01 3.119292465891991828e-01 3.219011541062831161e-01 3.101398857109992080e-01 3.078838423478402198e-01 3.280466350847087154e-01 2.795845508283367198e-01 2.902824551031736866e-01 3.036370280312930547e-01 2.889996161482509263e-01 2.976855030889093978e-01 2.958920318091308177e-01 3.025029811565249638e-01 3.096370138721000753e-01 2.932734275128646706e-01 2.598799418431782526e-01 2.549674821499671729e-01 2.715713602681441574e-01 2.906594769024712921e-01 2.715011126867657443e-01 2.829348473825877286e-01 2.758701122409905060e-01 2.751160720109199209e-01 3.056880884858160230e-01 3.079425686542845431e-01 2.788365179448447084e-01 2.699858635233536308e-01 2.651587749533305671e-01 2.569512841059620745e-01 2.766257581231872376e-01 2.735570074847349931e-01 2.755008582804427397e-01 2.652220685968041947e-01 2.758237290906558892e-01 2.829735703455129592e-01 2.656090278138460992e-01 2.981825547267691889e-01 2.987701025202163518e-01 3.139274471507086939e-01 3.127246462453751596e-01 2.877167870565487950e-01 3.100053863776349172e-01 3.142625839541762223e-01 2.958281684430836833e-01 2.826508063789370806e-01 2.856325665398400937e-01 2.844255285358003871e-01 2.690229907542337484e-01 2.831033462535810230e-01 2.779499372957979220e-01 2.790279625237363503e-01 2.746896139941309989e-01 2.752824103609241568e-01 2.892189336039127090e-01 2.811871986942400814e-01 2.818030123719163504e-01 2.714406979976206613e-01 2.709323249636023667e-01 2.817055400390351405e-01 2.792610720233714705e-01 2.737363875508009303e-01 2.804513186818220483e-01 2.762250220027165359e-01 2.564601485575350170e-01 2.604756748753547790e-01 2.724621784223499321e-01 2.654680920977335878e-01 2.617757111726361496e-01 2.680840690948970151e-01 2.616570674604983271e-01 2.627187651472197572e-01 2.645113564903208148e-01 2.756382565194488432e-01 2.734751054161255190e-01 2.557824897033447731e-01 2.543175041386906976e-01 2.649926603911930689e-01 2.780522738161261831e-01 2.653903971257087768e-01 2.617518097816798894e-01 2.603399155826390254e-01 2.567624017991739227e-01 2.568075141670249084e-01 2.703483250428267981e-01 2.602477464887966163e-01
-2.745461738193802695e-02 -9.472024685654412482e-03 3.015035922110340105e-01 1.000000000000000000e+00 2.709895829720598281e-01 2.454660896813714022e-01 3.620046552615537871e-01 4.202156696767396227e-01 3.629499257967760406e-01 2.936865944672552020e-01 4.281968598874662524e-01 5.556014503274669947e-01 3.716961662825133961e-01 4.086835100070086435e-01 4.301756525661745156e-01 4.542155045406728320e-01 4.091722070772169095e-01 3.101464240761835911e-01 3.489690893542295447e-01 3.679548602224845255e-01 4.183098287450807140e-01 4.441347563571581558e-01 3.468024015732840692e-01 3.244489618832765432e-01 3.817401135073279494e-01 4.212548333544671730e-01 4.337729507453663147e-01 4.088398077870604164e-01 3.694482309938976750e-01 3.604173285448948327e-01 4.257887918092347346e-01 4.160688131700239767e-01 3.707702899214712633e-01 4.064490279880272894e-01 3.614086125349166845e-01 4.726853271779933308e-01 4.338653558919674524e-01 4.053718257521722323e-01 4.265390623645377022e-01 4.702463238664210121e-01 4.658339103628670319e-01 4.552970970438639520e-01 4.791045053294812894e-01 4.724195475784461751e-01 4.858442862042892663e-01 4.225777773614237676e-01 4.481846405036456482e-01 4.332495112848137597e-01 4.439094515233065197e-01 4.358950096604708446e-01 4.487810626195957719e-01 5.099275058411835149e-01 4.851523634469633306e-01 4.172937646016727231e-01 4.078752860479919473e-01 4.388981041333250843e-01 4.430275104063250424e-01 4.479631282872798548e-01 4.172630747159870035e-01 4.575428403153576351e-01 4.537652229387519887e-01 4.317541881775057711e-01 4.327749166442068640e-01 4.456971314515537075e-01 4.647397159430777802e-01 4.661829491659811864e-01 4.455831866437787725e-01 4.345643639349809351e-01 4.281393200113573494e-01 4.550120029070989225e-01 4.620500220990941820e-01 4.488958996432302895e-01 4.250235357510689926e-01 4.307925428455989803e-01 4.516014966041164702e-01 4.456007047107470864e-01 4.434533667000036816e-01 4.423730355825741256e-01 4.341124681412985020e-01 4.277701254230931727e-01 4.286174005470583803e-01 4.379365055533446238e-01 4.607367004531787713e-01 4.185372012173272371e-01 4.459254590723476519e-01 4.380739836785572661e-01 4.547900606005739754e-01 4.455298947659631636e-01 4.470515782651060532e-01 4.415700293970828971e-01 4.602629861767601471e-01 4.576912011189726570e-01 4.651162609489597477e-01 4.478692358673546647e-01 4.466937715276053100e-01 4.439995954159383640e-01 4.754718530976568824e-01 4.649407960244399951e-01 4.504859697150666031e-01 4.599084436410372789e-01 4.635834675990022635e-01 4.521949460999232229e-01 4.768214542969040903e-01 4.630676442003205384e-01 4.753807559185820319e-01 4.566459438079081279e-01 4.464841366052549887e-01 4.333234362176673904e-01 4.435190731757456262e-01 4.494255092982056832e-01 4.507069501356908425e-01 4.561042184435697977e-01 4.485138048778706255e-01 4.516413362469178794e-01 4.564809646178267788e-01 4.601323812442855155e-01
2.589188317569575404e-02 3.927856819045908582e-02 1.208770004152487088e-01 2.709895829720598281e-01 1.000000000000000000e+00 2.523423589252645760e-01 3.545788984605294236e-01 3.490495163530654144e-01 3.569313152784980292e-01 3.243352285948417624e-01 3.541239778989392906e-01 4.211081454750741915e-01 3.749475186583936526e-01 3.685348749971925075e-01 4.184902078248263768e-01 4.058802709569437339e-01 3.677126089614381477e-01 2.508856489116060851e-01 2.959221703674981829e-01 3.294074427486917145e-01 3.234667884382579905e-01 3.507300629573257833e-01 3.038520719443298379e-01 2.609449241678361564e-01 2.954032934565238855e-01 3.622526928393020040e-01 3.672518210437680786e-01 3.660445044585858843e-01 3.400752877116260953e-01 3.336798394917772637e-01 3.862485484071102593e-01 3.771445726227156681e-01 3.617635649504500339e-01 3.653819237578822543e-01 3.481932259140885222e-01 3.937520482835643043e-01 3.948004043974169264e-01 3.836783878861840247e-01 3.960610126830444444e-01 4.011862308315110592e-01 4.196021488029192947e-01 4.102788849157194551e-01 4.075683476195113286e-01 4.268008555800477666e-01 4.240362990649457209e-01 4.049053429233998025e-01 4.282780339866411601e-01 4.200393349512758223e-01 4.184706321010002172e-01 3.874396488751287726e-01 4.062358315350288462e-01 4.231489688518766390e-01 4.298971370013314197e-01 4.044970537451912929e-01 3.821505171178795068e-01 4.034061269358039103e-01 4.007396742903849285e-01 4.212062802945145679e-01 4.003270677909250286e-01 4.407403061292897717e-01 4.135123526234567026e-01 4.088039485938745887e-01 3.999124486258389677e-01 4.114765903839764372e-01 4.149102125278428255e-01 4.241045608041076331e-01 4.225846381705826715e-01 4.043742476198077251e-01 4.051659957346021024e-01 4.126222845368509029e-01 4.080242490807273747e-01 4.132903413247881463e-01 3.922315925587920304e-01 3.894817944650472707e-01 4.176659111540497182e-01 4.134304455355463093e-01 4.135574730572009194e-01 4.060077471734641064e-01 4.168057424730712279e-01 4.051673136318025281e-01 4.074946036458274579e-01 4.188884073770064997e-01 4.175778317506052550e-01 4.088721667538877114e-01 4.107253932042644329e-01 4.099648005074875146e-01 4.198427816189215234e-01 4.164504046730254094e-01 4.166339934201493400e-01 4.124990907324505018e-01 4.250557058435729951e-01 4.246583811009125298e-01 4.265267610467801673e-01 4.225516928088342006e-01 4.251634577041784602e-01 4.237512731104497998e-01 4.253778035002578894e-01 4.177336782425190576e-01 4.178236247141035031e-01 4.246098488743622612e-01 4.258528102105034741e-01 4.120813797924078314e-01 4.294549401946944345e-01 4.262834198663111307e-01 4.272986428463533826e-01 4.162989859181795982e-01 4.207968240498965451e-01 4.177792035458152697e-01 4.173562124894887315e-01 4.233408950201585363e-01 4.216505584672434193e-01 4.297339085876835663e-01 4.187318203193791111e-01 4.210557973160202194e-01 4.213732679844227613e-01 4.264806154092802282e-01
-2.988530495058615982e-02 3.732071132501744992e-02 1.388443385204025382e-01 2.454660896813714022e-01 2.523423589252645760e-01 1.000000000000000000e+00 4.092548179127720176e-01 3.502379813972693046e-01 4.135388698356611270e-01 3.879891367343775155e-01 3.940698235210377542e-01 4.497488849582622072e-01 3.886903003473586304e-01 4.254121375286005757e-01 4.642788090629251241e-01 4.561472768258330590e-01 4.106143039166905151e-01 3.263937979076939611e-01 3.862098948938837428e-01 3.228642795876269789e-01 3.572432007911727769e-01 3.983955129372415138e-01 3.631082403228257927e-01 3.486148072053839031e-01 3.751737402538861677e-01 4.211483168373473251e-01 4.444306360511190990e-01 4.247361752357802223e-01 3.881719270910158892e-01 3.965861596004973122e-01 4.481587832192354681e-01 4.347645954954042491e-01 4.077885120204864378e-01 4.267584321573608119e-01 4.241741597968368138e-01 4.350963023559170084e-01 4.478769613707573871e-01 4.333468212334209979e-01 4.559507078316559769e-01 4.389245729970930876e-01 4.745943502485266974e-01 4.733662292871207433e-01 4.528166668047158838e-01 4.760016392164802546e-01 4.762737919156466715e-01 4.714965142351743577e-01 4.864429645967546234e-01 4.869212476610220164e-01 4.854700686198675230e-01 4.472429434769067402e-01 4.580674499732114158e-01 4.668410782884155896e-01 4.723622002861901370e-01 4.796654079390957337e-01 4.669563707414460252e-01 4.727555093941394615e-01 4.626356144109025070e-01 4.845565665436807889e-01 4.691799485997071306e-01 4.833298495153469654e-01 4.720106016466428245e-01 4.743198664302157308e-01 4.647094701640658854e-01 4.724311912517858425e-01 4.749167540325915926e-01 4.799516898076199301e-01 4.889078794346660151e-01 4.757459758191009414e-01 4.722424411285018331e-01 4.745244656465454902e-01 4.734046752482930498e-01 4.796673911058147999e-01 4.639258244925612007e-01 4.709183886937154395e-01 4.857071479249861490e-01 4.829565815543552798e-01 4.827763765326356649e-01 4.716681823143666352e-01 4.792035689922012898e-01 4.727659132029234379e-01 4.718657517939499058e-01 4.877597737846036674e-01 4.770816904493345167e-01 4.765005238849102653e-01 4.798955744845646576e-01 4.770380555207620055e-01 4.843928648116819224e-01 4.839714550000206450e-01 4.832146725734334791e-01 4.842730594729350857e-01 4.802422544086973333e-01 4.918250839840948019e-01 4.904958219211660864e-01 4.864256909612756918e-01 4.910756808918744776e-01 4.922910169703224592e-01 4.781483893780865690e-01 4.808476322308812834e-01 4.898671471618027407e-01 4.871564011642264824e-01 4.869021497600847792e-01 4.848038341158715236e-01 4.878048511138856624e-01 4.890653344057325214e-01 4.896864943882773824e-01 4.855833827505870448e-01 4.891154618698262957e-01 4.888802774056137390e-01 4.887914102563008512e-01 4.907189862922244350e-01 4.863130145787380454e-01 4.895755576105716989e-01 4.877736449059514867e-01 4.860012390594071752e-01 4.823907124439251737e-01 4.852163960069227899e-01
2.370593676448118012e-02 1.187125024763697190e-01 2.184726193998037524e-01 3.620046552615537871e-01 3.545788984605294236e-01 4.092548179127720176e-01 1.000000000000000000e+00 5.863902079862063355e-01 6.426747996678466857e-01 5.918086610079135168e-01 6.154385877047315878e-01 6.631245118384972992e-01 5.943455759631751656e-01 6.218682502464226713e-01 7.579934224891663463e-01 7.013313806830765440e-01 6.430002244451324955e-01 5.412509376329920352e-01 6.178736255402542676e-01 5.373062782007975713e-01 5.902469274647623720e-01 6.381688033399364191e-01 6.148675330998031319e-01 5.609272208733896425e-01 6.065277561970983111e-01 6.799828909493529361e-01 7.013513170177829714e-01 6.969413148625349663e-01 6.639882135139377750e-01 6.649114764798912391e-01 7.358528651714177915e-01 7.075604619672460904e-01 6.962570520041803102e-01 7.002918607398979089e-01 6.939883749959263604e-01 6.916985052992628002e-01 7.177500605366208264e-01 7.263696480776786757e-01 7.422221721474224765e-01 6.970079833342993636e-01 7.389570654058651433e-01 7.411167276652523839e-01 7.015219346340793027e-01 7.421732341832875113e-01 7.363831985954332193e-01 7.544558480961737201e-01 7.402893244255398519e-01 7.397072168567792039e-01 7.344748801718653519e-01 7.050087415563960347e-01 7.255520805949007279e-01 6.990446990185961162e-01 7.131045192303359093e-01 7.322824147045764454e-01 7.163825068216973513e-01 7.273799545372156006e-01 7.121316064678864244e-01 7.382384087455705624e-01 7.304553768358374999e-01 7.355234797287653059e-01 7.349284680220146138e-01 7.293103833245434542e-01 7.224576376948945722e-01 7.269075872896982871e-01 7.277188927338856805e-01 7.276779960700124894e-01 7.433632907412102142e-01 7.343994421483380775e-01 7.369320430485416518e-01 7.286040997742689873e-01 7.379792099472384237e-01 7.468100822474975642e-01 7.269703360306546402e-01 7.316710247609440332e-01 7.488807040553562278e-01 7.492995514504877663e-01 7.506024483557842686e-01 7.375335721320618321e-01 7.508724115518085052e-01 7.412493512980070642e-01 7.484689443910530482e-01 7.590577280663413084e-01 7.431528150808022204e-01 7.439399143507086087e-01 7.476625554354936476e-01 7.460348789220089261e-01 7.501663041668332754e-01 7.528832878920466154e-01 7.542367420781526111e-01 7.395669522042805921e-01 7.501473849782434034e-01 7.525611038865342994e-01 7.489847610168537395e-01 7.568068005406112242e-01 7.465372606248111831e-01 7.454706939221742434e-01 7.374874728884941444e-01 7.326925203812936216e-01 7.447405930481992842e-01 7.477000960471277269e-01 7.441249080389830128e-01 7.432677214769715102e-01 7.357719344180891907e-01 7.484757811937947647e-01 7.424792525066673532e-01 7.337971263476456008e-01 7.434795935480684737e-01 7.468296251911170636e-01 7.455587269731317468e-01 7.451341552980118577e-01 7.457380462824052536e-01 7.428833274361820171e-01 7.447378769901280560e-01 7.415027100747094702e-01 7.410066001034494310e-01 7.403090715269529110e-01
2.992311277958546387e-02 1.108425996402083585e-01 2.388948917152057261e-01 4.202156696767396227e-01 3.490495163530654144e-01 3.502379813972693046e-01 5.863902079862063355e-01 1.000000000000000000e+00 6.162943967397266354e-01 5.482428908836004533e-01 6.065135037211210056e-01 6.845293467106849938e-01 5.904682667172773680e-01 6.009141048555054487e-01 7.114447097767599981e-01 7.208488424486966251e-01 6.630306589463903499e-01 5.828019052023915014e-01 6.277169026513486072e-01 5.948897289196765081e-01 6.589305332282540117e-01 6.615439505929441300e-01 6.399071321652022304e-01 5.815526810536909563e-01 6.080895468210376631e-01 6.812934105516240679e-01 6.781152519877833296e-01 6.840010648589134323e-01 6.557717548875965363e-01 6.298937532699024899e-01 7.041868405378546303e-01 7.191237468271708400e-01 6.861076547886455490e-01 7.135832284923037117e-01 6.562508439988918862e-01 7.202456618339795336e-01 6.964281777055871814e-01 7.333989674251881752e-01 7.316391023763925139e-01 7.157207214631245984e-01 7.081328438162096672e-01 7.259041002384487573e-01 7.242933900957887472e-01 7.378776770430138798e-01 7.295443024422743061e-01 7.166510963302736847e-01 7.099719444697114579e-01 7.090323507873778075e-01 7.188551282299816547e-01 7.301979024878803015e-01 7.427922643559460303e-01 7.080918328056968747e-01 6.990764286682226158e-01 7.035398777432022577e-01 7.000412067227617108e-01 7.257942395669597646e-01 7.130279667191232740e-01 7.155813797610507399e-01 7.196796914696380609e-01 7.071986501730719299e-01 7.270133371053518756e-01 7.112734718781535959e-01 7.231125702036174108e-01 7.208331742036194756e-01 7.116357192635327511e-01 7.116552272932610279e-01 7.155622165565693749e-01 7.134295878495997556e-01 7.201871935749618592e-01 7.276983915178236728e-01 7.251406302761450595e-01 7.174796559829306197e-01 7.078600137558912486e-01 7.039273355316493230e-01 7.225690236584831894e-01 7.142434152401611058e-01 7.165496425686600501e-01 7.125690560411723773e-01 7.078924981388173832e-01 7.056568120534136845e-01 7.149752258195732901e-01 7.198783624800416669e-01 7.340618554127046336e-01 7.058164665383120928e-01 7.329571588561578643e-01 7.260639149574817930e-01 7.227884291182128385e-01 7.275781026470000690e-01 7.259773242879313804e-01 7.197136860131382319e-01 7.235668131262182889e-01 7.219708549377515938e-01 7.223249416536638989e-01 7.256266988615885927e-01 7.091595804134377401e-01 7.102682240631746913e-01 7.261289695743619044e-01 7.175907235585694544e-01 7.134065240873633806e-01 7.241501986398808377e-01 7.235384186549984609e-01 7.209016247337504124e-01 7.092514158415053060e-01 7.249834910959083167e-01 7.224072299664909824e-01 7.103285974169620820e-01 7.141103150704009028e-01 7.079516860497823139e-01 7.163775189877614746e-01 7.173305181534125330e-01 7.216686319727714238e-01 7.113067602845579707e-01 7.163029935845410812e-01 7.175346384662385502e-01 7.217906474092270486e-01 7.120184178642412487e-01
1.193252748942011249e-01 1.589196610446468594e-01 2.566270826392707538e-01 3.629499257967760406e-01 3.569313152784980292e-01 4.135388698356611270e-01 6.426747996678466857e-01 6.162943967397266354e-01 1.000000000000000000e+00 6.961266800998385795e-01 6.969704373433088795e-01 7.370441304055549425e-01 6.666618297950187566e-01 6.800291396046532766e-01 7.927943460915786167e-01 7.693560436991999651e-01 7.500908165200601552e-01 6.561009776661538284e-01 7.151648780168905484e-01 6.194172922200172904e-01 6.870029961996577672e-01 7.236735469609437699e-01 7.309712287147572818e-01 6.680394573686566639e-01 6.990113082521399734e-01 7.794264301066975431e-01 7.817802787355255800e-01 7.832311648254297598e-01 7.679917945612554364e-01 7.793863261041039658e-01 8.161925099306837073e-01 8.025685048958187684e-01 7.741990252692561025e-01 7.854611828212186841e-01 7.968488591201694504e-01 7.624095931768460899e-01 7.976729941331595075e-01 7.877413026524086037e-01 8.149652732488826823e-01 7.393830896911901540e-01 8.156181590612343602e-01 8.083598134740247465e-01 7.677651357256601861e-01 8.159948481860045399e-01 8.093319726302768968e-01 8.170027538844070181e-01 8.194113272096592571e-01 8.342229155741111013e-01 8.316531127463399065e-01 7.856254257709284206e-01 8.029330898838961117e-01 7.727465726164908233e-01 7.875575161553376446e-01 8.439217946402722825e-01 8.355285116979759286e-01 8.160567521083371689e-01 8.280443338208728354e-01 8.196595115596796433e-01 8.250673962090625535e-01 8.235376489167159919e-01 8.249925465791184687e-01 8.329738112999739430e-01 8.264322102789275482e-01 8.274966729269513932e-01 8.184003057281566962e-01 8.299067804674767901e-01 8.275247164653082299e-01 8.278687647633085067e-01 8.284026885864095302e-01 8.240646889397811314e-01 8.208981582689010015e-01 8.279767553704781013e-01 8.197582570886864373e-01 8.198917675727404042e-01 8.324652666772006659e-01 8.319725774171295996e-01 8.263660874907647891e-01 8.305010256106365452e-01 8.258501751796479828e-01 8.364075457926184454e-01 8.345353950109201113e-01 8.378892563570222718e-01 8.226149150405037691e-01 8.348982228939947348e-01 8.180799708226590417e-01 8.278112377775417308e-01 8.231567453837237425e-01 8.209787320664490018e-01 8.265086818197435736e-01 8.320918615040615585e-01 8.142665679166090076e-01 8.233277350226854141e-01 8.229490374058571200e-01 8.272771208567710755e-01 8.235684435283890936e-01 8.292704841623352863e-01 8.028207100362069193e-01 8.208002626134929258e-01 8.222388867743908314e-01 8.128462927618909095e-01 8.135538225512313204e-01 8.224339549610727440e-01 8.158000546443241463e-01 8.243024794529800747e-01 8.242277639358877028e-01 8.272995745057525330e-01 8.285946784952018529e-01 8.329383893294731722e-01 8.314517126868677943e-01 8.263617211123878148e-01 8.193704378473756211e-01 8.267695733812139292e-01 8.280877095759546780e-01 8.287406516363970965e-01 8.281670539071969150e-01 8.283959331338490717e-01
1.127760367795088980e-01 2.125633808888132137e-01 2.073663414886707801e-01 2.936865944672552020e-01 3.243352285948417624e-01 3.879891367343775155e-01 5.918086610079135168e-01 5.482428908836004533e-01 6.961266800998385795e-01 1.000000000000000000e+00 6.145874261169214092e-01 6.470671979102976534e-01 6.062407924903411294e-01 6.253295893033264941e-01 7.295932294774593041e-01 6.931025724686313838e-01 6.522691878647877139e-01 6.017248114509214929e-01 6.362618906394399421e-01 5.604271733181199755e-01 6.021288311785902847e-01 6.326837984926402259e-01 6.684299467962244723e-01 6.165574235729694985e-01 6.243746418471171067e-01 6.977883936670576936e-01 7.007132810774288068e-01 7.118811578234057746e-01 6.979463482951389075e-01 7.191817059746514751e-01 7.354775978707995820e-01 7.440081431692741054e-01 7.257686257896782678e-01 7.279572580698610018e-01 7.388280642081053173e-01 6.818531189949019744e-01 7.249206712800958519e-01 7.364050728266587909e-01 7.467721040729733417e-01 6.663052825632513887e-01 7.390098323455414064e-01 7.347416105163053768e-01 6.844639584883526195e-01 7.310187111504206081e-01 7.236534879046464530e-01 7.498942709593987566e-01 7.516177846893449255e-01 7.670235518497631189e-01 7.580551290166448464e-01 7.173550671169001136e-01 7.425037613519527291e-01 6.805961781322261706e-01 7.058711156915423723e-01 7.780147230000731273e-01 7.655534590407475637e-01 7.532015090567355520e-01 7.474424325990458584e-01 7.516930519583860937e-01 7.637599406863602169e-01 7.459150439353828821e-01 7.506685772654079214e-01 7.616220574254221054e-01 7.578695207404322343e-01 7.522476327960847531e-01 7.356249636997325148e-01 7.483092143880600844e-01 7.601221714447580213e-01 7.629671383251008798e-01 7.684187750699610353e-01 7.523216837483147623e-01 7.450196109256708166e-01 7.563103511686127822e-01 7.589893802778858722e-01 7.492394019793179316e-01 7.617016213858190943e-01 7.617869159058520134e-01 7.585349045429565784e-01 7.587934499965401924e-01 7.515284063729599229e-01 7.686346359504131476e-01 7.692082061140645965e-01 7.656069522840383001e-01 7.535035102974747545e-01 7.714002339896113281e-01 7.553404282258651126e-01 7.639006122787055375e-01 7.503325319415413697e-01 7.593840141830998647e-01 7.601794830396985114e-01 7.690204935857943847e-01 7.416512293756797325e-01 7.544302251509570345e-01 7.499591962232552422e-01 7.558641751239139062e-01 7.556468822308546329e-01 7.629440155221600683e-01 7.262728711076645860e-01 7.419161494218361463e-01 7.544422965877481957e-01 7.474997680389565691e-01 7.418887834630233380e-01 7.548795496490525725e-01 7.379549439048550541e-01 7.495498834092961804e-01 7.470114133996796912e-01 7.539761705081204912e-01 7.605283371466355913e-01 7.692912917560245090e-01 7.671803398337827540e-01 7.601779923751899037e-01 7.527718876610313137e-01 7.547530488204260424e-01 7.587691924988524406e-01 7.568911554274480036e-01 7.505981946102888713e-01 7.532671979234873971e-01
2.635979004316096538e-02 1.105748362275202207e-01 2.691014415505649238e-01 4.281968598874662524e-01 3.541239778989392906e-01 3.940698235210377542e-01 6.154385877047315878e-01 6.065135037211210056e-01 6.969704373433088795e-01 6.145874261169214092e-01 1.000000000000000000e+00 7.665628427028058356e-01 6.458252025012424236e-01 6.870238508428750945e-01 7.738522617100601630e-01 7.545950261998335407e-01 6.936470868780444388e-01 6.237120248287064683e-01 6.813646071093768519e-01 6.137380763776799641e-01 6.866242339998114286e-01 7.188985396878631029e-01 6.861972615694371669e-01 6.352103122459726858e-01 6.789286344578289167e-01 7.547086357096505216e-01 7.633591589707585667e-01 7.521300278783372706e-01 7.240392556100139210e-01 7.205429822999473988e-01 7.795430583208543540e-01 7.775484168389218409e-01 7.450330502204621785e-01 7.581309301454289828e-01 7.419634035324134125e-01 7.643160519791240004e-01 7.788476458207078679e-01 7.784065593519172710e-01 7.950670128056656072e-01 7.665876743695499984e-01 8.050741466292763437e-01 8.037112170066751382e-01 7.707079483165806266e-01 8.035673006395127604e-01 8.011809875260630376e-01 7.928486524975133509e-01 8.116917669803286328e-01 8.097914950884784746e-01 8.071481170488703505e-01 7.770998525447911920e-01 7.981349816738361191e-01 7.783635152213016495e-01 7.826027106589619198e-01 8.043503014121603512e-01 7.984444789869402648e-01 8.038925677965943484e-01 7.918088605777495737e-01 8.057600361765817620e-01 8.004999899029273669e-01 8.034238027876984267e-01 8.057460000832608049e-01 8.008609020374523046e-01 7.992328939324103709e-01 7.973152662474891628e-01 7.960017879936188701e-01 8.046149253340985075e-01 8.130532786113263688e-01 8.077519993398412090e-01 8.079350033816696808e-01 8.062631056901292670e-01 8.126238038016757592e-01 8.129504482046883140e-01 7.963342149557759431e-01 8.022872818682978968e-01 8.171337916010167346e-01 8.166396802691826551e-01 8.112128203355524203e-01 8.074241891547484506e-01 8.071196288750829284e-01 8.088014013912453448e-01 8.111877164406877672e-01 8.164123282283968219e-01 8.119511748604946177e-01 8.084084096830371768e-01 8.079537480823599793e-01 8.104992730141614699e-01 8.140061527213304782e-01 8.119527005594278091e-01 8.139636076842314827e-01 8.101103522984565153e-01 8.141488691674516609e-01 8.165569548646554043e-01 8.162518824699607212e-01 8.131668673912193501e-01 8.119523371864260097e-01 8.128510579015874038e-01 8.075261197581219408e-01 7.985804985896178820e-01 8.098088226258953748e-01 8.118358308105324550e-01 8.096290851414685852e-01 8.091961540073728809e-01 8.091576612400874779e-01 8.151572531740003402e-01 8.132832744617919385e-01 8.058254412408776268e-01 8.104830704617304038e-01 8.106336140263771251e-01 8.163841359526899932e-01 8.135375518633599645e-01 8.106087000763938510e-01 8.121260893199919728e-01 8.101225079888282332e-01 8.072151158094817980e-01 8.101398447809561310e-01 8.095974849837922482e-01
-2.849154009537591646e-03 8.528562770248393488e-02 3.282164711921112810e-01 5.556014503274669947e-01 4.211081454750741915e-01 4.497488849582622072e-01 6.631245118384972992e-01 6.845293467106849938e-01 7.370441304055549425e-01 6.470671979102976534e-01 7.665628427028058356e-01 1.000000000000000000e+00 7.077232266723981757e-01 7.450255919189566756e-01 8.333075249822229358e-01 8.427323048955235318e-01 7.793893903853646998e-01 6.513522644932255856e-01 7.220715930760750467e-01 6.597041181890872519e-01 7.524555400693615503e-01 7.970287580520447612e-01 7.216673670113369354e-01 6.649098513281443967e-01 7.311608655536740997e-01 8.150466422247447662e-01 8.224415491190432137e-01 8.060283036134905377e-01 7.657724074620694266e-01 7.565194951707441273e-01 8.403811478106988364e-01 8.274734777844676703e-01 7.903376077021743162e-01 8.168237801557175493e-01 7.838283458360071343e-01 8.520738686531769135e-01 8.405098724944626287e-01 8.362490308147024765e-01 8.599588080859655870e-01 8.428204599221953419e-01 8.719047566745784517e-01 8.718983229087570175e-01 8.676927760374214538e-01 8.877167287848993782e-01 8.828435247372865557e-01 8.535094893932976268e-01 8.746649774963835000e-01 8.644979079020617130e-01 8.745077996143975074e-01 8.480881357279317356e-01 8.661772024477941700e-01 8.705657003831570595e-01 8.697151469069547280e-01 8.571018658673128510e-01 8.486452761453145976e-01 8.653916320157318820e-01 8.663929271677834887e-01 8.735498476158529702e-01 8.600525536723464537e-01 8.744614837878192937e-01 8.786032026562476949e-01 8.689630333341418211e-01 8.627198321186992924e-01 8.705643188357149453e-01 8.711785788752152149e-01 8.805495502682828546e-01 8.723718438303184053e-01 8.615858297248809583e-01 8.592921575884814311e-01 8.714681117891956985e-01 8.773371321343683693e-01 8.747059054915667931e-01 8.456795346172709671e-01 8.549916240551185265e-01 8.773135590832907837e-01 8.709451202642116696e-01 8.681850275978056919e-01 8.644930269549669921e-01 8.595153736685249291e-01 8.574412560910239511e-01 8.614975873580359433e-01 8.752810657113897497e-01 8.775761399330386237e-01 8.592259980334737701e-01 8.635252344615025333e-01 8.656951011824846054e-01 8.780132761431648225e-01 8.673534016775465982e-01 8.738341291658120458e-01 8.709111303478984656e-01 8.764989164509280339e-01 8.795085780672151632e-01 8.835570098311267273e-01 8.773468686252188231e-01 8.711741155037718842e-01 8.729446774710006851e-01 8.718456098203610782e-01 8.672123005447246458e-01 8.709638309108033161e-01 8.735954186927810117e-01 8.779632260661367482e-01 8.675015707740673099e-01 8.771063078895158238e-01 8.841948135290041977e-01 8.837509662331658467e-01 8.717845915880410024e-01 8.714035282037546626e-01 8.668910651602775852e-01 8.741829937985599042e-01 8.745656486753926595e-01 8.726835378536476062e-01 8.763030229907592394e-01 8.726022881576757095e-01 8.726516064811604689e-01 8.771667222979875334e-01 8.751322482778560730e-01
-1.316075435328731107e-02 1.065120728740854283e-01 1.996480665495589946e-01 3.716961662825133961e-01 3.749475186583936526e-01 3.886903003473586304e-01 5.943455759631751656e-01 5.904682667172773680e-01 6.666618297950187566e-01 6.062407924903411294e-01 6.458252025012424236e-01 7.077232266723981757e-01 1.000000000000000000e+00 6.493171163768943766e-01 7.468281136053348535e-01 7.389095278136686984e-01 6.718308444479578201e-01 5.341080102252143691e-01 6.103928081661178506e-01 5.506344295016850632e-01 6.146047849340476876e-01 6.544357173680469542e-01 5.982233098411517958e-01 5.497831325670976543e-01 5.968577340439839007e-01 6.694433557122323464e-01 7.053382930401629336e-01 6.834422507737480945e-01 6.557830507862393299e-01 6.639690362852154193e-01 7.222120473196520507e-01 7.179734755075024566e-01 6.835382313516294994e-01 6.986415932514957738e-01 6.816720170464273254e-01 7.050632199791448951e-01 7.169558975451156835e-01 7.330418795630458950e-01 7.484993082984988666e-01 7.006829569517639689e-01 7.707841287020715804e-01 7.632240432778678585e-01 7.212423448983669161e-01 7.669426878084791843e-01 7.598500302942090556e-01 7.527201635654234835e-01 7.869842703338489898e-01 7.896169082401167660e-01 7.822022316596788372e-01 7.369418637343960743e-01 7.590695218621905660e-01 7.475656093323048701e-01 7.657639698005319628e-01 7.781304280004267548e-01 7.570946484663774179e-01 7.532844674574370458e-01 7.660834805457306107e-01 7.808513293116526865e-01 7.730773207912826628e-01 7.942083346354520401e-01 7.747861639312779714e-01 7.776703459300464694e-01 7.624017960798890048e-01 7.726117764498731111e-01 7.765243508737005307e-01 7.825587422120512393e-01 7.880494839830631815e-01 7.699578974792902208e-01 7.663278180715867860e-01 7.673099211568971123e-01 7.697415092804478221e-01 7.820803329437728824e-01 7.561613788234420319e-01 7.572601972465875519e-01 7.742885666499115249e-01 7.817352602482396939e-01 7.769850449236210821e-01 7.738653120884875225e-01 7.743729480631678097e-01 7.777796746718895760e-01 7.729852849653188196e-01 7.836758054841295174e-01 7.785011379618501648e-01 7.777825395590612922e-01 7.731718530798075140e-01 7.770321619017180881e-01 7.775207525589574731e-01 7.803519303700860998e-01 7.805451503445979267e-01 7.798513577823013021e-01 7.731457390102350891e-01 7.850995413393641043e-01 7.856415841306495507e-01 7.802520051766083098e-01 7.909505130289518071e-01 7.920734881757279799e-01 7.773054455021193299e-01 7.807138089001823822e-01 7.876793051653235844e-01 7.829308806157923017e-01 7.823139236508271921e-01 7.851619993485313698e-01 7.876272134020945170e-01 7.912407788806667952e-01 7.900030579235228778e-01 7.863293648665029556e-01 7.919896051795721759e-01 7.864970537621467361e-01 7.869802253967339567e-01 7.924077628695553877e-01 7.884912085747485255e-01 7.955775729122143147e-01 7.893790609233297673e-01 7.889312359023301635e-01 7.909633986482930146e-01 7.896252002007702053e-01
