1.000000000000000000e+00 2.222096210753155832e-01 1.894225467992708689e-01 4.562900805587036951e-02 4.224115398607714705e-02 -3.530398347851541885e-02 3.238015934854533706e-02 1.711537575884872209e-02 2.439553618640724619e-01 1.240996782344726962e-01 1.105456729812083067e-01 -8.136306806671402686e-03 5.245801532655232358e-02 -3.979319072999769336e-02 3.938144015238392859e-02 9.764686254109424327e-03 1.733605039723998542e-01 2.434706661416180251e-01 2.083251841763989198e-01 5.003763146276394430e-02 8.612671906894270313e-02 1.465270665053171051e-01 2.671672777983928881e-01 2.731980389846677681e-01 1.968295013388967896e-01 2.137773031686591163e-01 1.823151156746105617e-01 1.957124163041098763e-01 1.408740052344555349e-01 2.228855543764146074e-01 1.515012005756808389e-01 1.662717370283043339e-01 1.545781850408642077e-01 2.026747540977567319e-01 1.996948532634083562e-01 1.163837123791501837e-01 1.727518491315261084e-01 8.313165415749934617e-02 7.705868616285529993e-02 4.280743743379616939e-02 5.762147364004099187e-02 1.858990635710308301e-02 1.328636835606344935e-02 5.741395803435565132e-02 6.654546480310437329e-02 7.542015370649229888e-02 3.517563650444806289e-02 6.389237671289706155e-02 8.318036735008374483e-02 9.493686820967180140e-02 3.567928566161626680e-02 9.032438975188068764e-02 6.565251406166379422e-02 1.198932007156705004e-01 1.088784776874280324e-01 9.796286139178569941e-02 1.264338848530665305e-01 4.743715982291241140e-02 6.091799045573274146e-02 6.809224667231508765e-02 7.108598230317143829e-02 6.966512214390864488e-02 5.912926689366145017e-02 7.591017695659581233e-02 1.177930377050496469e-01 1.137161082482269492e-01 5.766046893678342805e-02 7.602815759830641729e-02 9.825018432597362739e-02 2.209729298751395010e-02 3.026400854245752184e-02 7.943989440548357428e-02 1.107340169829054144e-01 9.984750255727395385e-02 7.456181146486413891e-02 5.933263544792279076e-02 6.084349103190255653e-02 6.956261496900795205e-02 6.523180676585466076e-02 9.905698112511247821e-02 1.054514422307271382e-01 6.735160480779606162e-02 7.607244925134255820e-02 1.043200656561439482e-01 8.002929436439995547e-02 9.893473677925272713e-02 6.788130199450860547e-02 3.621014011328693716e-02 6.336293859870276157e-02 5.230766063196706089e-02 2.845198481829596185e-02 1.338238572411585246e-02 3.663526448759269610e-02 2.798004941336211179e-02 2.118122369463839097e-02 2.367013498063091914e-02 3.548825664700191312e-02 1.155672867370561296e-01 4.581077902380980421e-02 2.431450701071884504e-02 7.068384938270643077e-03 4.026398699327060626e-02 3.597114399516739003e-02 2.244081412674151996e-02 6.054758904758837657e-02 7.913601305807319020e-02 5.492267585946636332e-02 4.897563814254112663e-02 5.075105310309432904e-02 3.860112227673695440e-02 1.632883658714318065e-02 4.503031496310543058e-02 4.250234735261827074e-02 5.693432308828275806e-02 6.377447206003791780e-02 7.372709833478442720e-02
2.222096210753155832e-01 1.000000000000000000e+00 1.022016230304000628e-01 3.040179331663675141e-02 7.658265592570859259e-02 4.307805530529755511e-02 1.214700485915281847e-01 7.161228821361198538e-02 2.216127740065410023e-01 2.492498506290645455e-01 1.500812787927236214e-01 1.035990359408044126e-01 1.436161289289516474e-01 5.657161671549126858e-02 1.588811757266248292e-01 1.157872200653602413e-01 1.567341099587660491e-01 1.623900879869449587e-01 1.592862528806857914e-01 1.097946939384730237e-02 5.940951933980345712e-02 1.204360858468664780e-01 2.367330758086702014e-01 1.924506854766950825e-01 1.448059865670297541e-01 2.183475328603867449e-01 1.972452187924645384e-01 2.074474002820309304e-01 1.895482709435383772e-01 2.363629947542259802e-01 1.825949913941946889e-01 2.081777360649985642e-01 1.940518346029467267e-01 1.969450962843241615e-01 2.249928435986080777e-01 1.272007722566862453e-01 1.975507323486352940e-01 1.609911463707879020e-01 1.606356197091972360e-01 1.297439357391787229e-01 1.695429284840704598e-01 1.327168801469805204e-01 1.164090471284327383e-01 1.486244416587548800e-01 1.565081033751963002e-01 1.720441245148388032e-01 1.575046838113997594e-01 1.829381994335360362e-01 1.764028570320875233e-01 1.442601085450899157e-01 1.357788313201097607e-01 1.081674007776044499e-01 1.526705738898934406e-01 2.113973173549352214e-01 1.994416019006133578e-01 1.969260556550954111e-01 1.746361489142842227e-01 1.358317851095377227e-01 1.625971784557891098e-01 1.583084965307229863e-01 1.535685392635453839e-01 1.653469501116676399e-01 1.568094509003171710e-01 1.506521237330288865e-01 1.619428655702795650e-01 1.734528524048549181e-01 1.632900308683405410e-01 1.671470378529387180e-01 1.910987004527628930e-01 1.151642460324884681e-01 1.207588311459699831e-01 1.612542270605080430e-01 1.708910139738006873e-01 1.608659590369553305e-01 1.752747974827233990e-01 1.679179566827203873e-01 1.697320877591988741e-01 1.741165469688283618e-01 1.661024561124623544e-01 1.908403922492378502e-01 1.893339893895454595e-01 1.656957766075565219e-01 1.716013728885899536e-01 1.933540506408220894e-01 1.649882568935934213e-01 1.742299461368229108e-01 1.641937967009844124e-01 1.516667399248659009e-01 1.666471078731848188e-01 1.749391167218984910e-01 1.433485225776325034e-01 1.420539270887179739e-01 1.520584604179182620e-01 1.538207793165513315e-01 1.506021044886807492e-01 1.585473296354912576e-01 1.360171084585853341e-01 1.790205482498672118e-01 1.533406777782539976e-01 1.424548817960487046e-01 1.261032821762071710e-01 1.474323914374602584e-01 1.507562929177404254e-01 1.418158875376010486e-01 1.476500412362842241e-01 1.685943400642538892e-01 1.628213799010741203e-01 1.795007099320159172e-01 1.770466325745993497e-01 1.514661758861072238e-01 1.467701710973764728e-01 1.571098618685739801e-01 1.561433558362530505e-01 1.594320856911269624e-01 1.581768807462551329e-01 1.656068419462660701e-01
1.894225467992708689e-01 1.022016230304000628e-01 1.000000000000000000e+00 3.489590666756456905e-01 2.254422232728801601e-01 2.532973795089460967e-01 3.504250455513135409e-01 3.095956737339871645e-01 3.772713187184802419e-01 3.058136436270807446e-01 3.938007154657142128e-01 3.625653128423212412e-01 3.142831578541827597e-01 2.386603118662166678e-01 3.640949031726067320e-01 3.416470752614875761e-01 3.765325283028712056e-01 4.280172338537806542e-01 4.427360588607478498e-01 3.377471529914183868e-01 4.371699410915407258e-01 4.652595538947906784e-01 4.158283234679963636e-01 4.401387910863863717e-01 4.369538314646516652e-01 4.089525875166891700e-01 4.547130975136494668e-01 4.089667194517765392e-01 4.028574897036469316e-01 4.014160078215114336e-01 4.075643370407165955e-01 4.335675023617363011e-01 3.847557048078656394e-01 4.519637610393270610e-01 3.965614904130802532e-01 4.303378299331509504e-01 4.080206684964688413e-01 3.941532604820017216e-01 3.882726445888312616e-01 3.834920892218596222e-01 3.801901722822521590e-01 3.805437568361980105e-01 3.702438172144047468e-01 4.011869332461961979e-01 4.009306691515756582e-01 3.842324126865526157e-01 3.564888242246979089e-01 3.692985751205091205e-01 3.693735739543872465e-01 4.089894059568865980e-01 3.863510389286002877e-01 3.854306755250817562e-01 3.658695431537378195e-01 3.657886127171345314e-01 3.777005962759002466e-01 3.859737290878094140e-01 3.819363801086804178e-01 3.750296875691500054e-01 3.619120245092573018e-01 3.535623761306057045e-01 3.714024640689417289e-01 3.473966683420253720e-01 3.713218719767540366e-01 3.630149957443976061e-01 3.821259840914421613e-01 3.801325890360193749e-01 3.645111272311682971e-01 4.020963432875770405e-01 3.944739151403894306e-01 3.908968625978437306e-01 4.146272476660824435e-01 4.078198480034732065e-01 4.204719368590349449e-01 4.180876744814163715e-01 3.884979456813899557e-01 3.875503401526227965e-01 3.813836666578653278e-01 3.903805714706904961e-01 3.869695623871587942e-01 3.930076821518314611e-01 4.002467605859184596e-01 3.889333491884914284e-01 3.895924688918600554e-01 3.864842195545086234e-01 4.096217687366467408e-01 4.142802232195801904e-01 4.003333418938306854e-01 3.797758925547169984e-01 3.856859841979237702e-01 3.707100233900849084e-01 3.765915511772887636e-01 3.725519506570695860e-01 3.810660955294131180e-01 3.716451348595364301e-01 3.532729795354953017e-01 3.495871987785973412e-01 3.799498246584355754e-01 3.768735630166880068e-01 3.587331398055187415e-01 3.717156550517835001e-01 3.697026650315130558e-01 3.681974215419437924e-01 3.544007289578785524e-01 3.620994075191280581e-01 3.863253016172362719e-01 3.632401152251291121e-01 3.576230855478120807e-01 3.608436894411100049e-01 3.650706569421953707e-01 3.570347075267956694e-01 3.592285586205752890e-01 3.500912288722752841e-01 3.526365307376715941e-01 3.613881329715487589e-01 3.654143991591609075e-01 3.662343652387253790e-01
4.562900805587036951e-02 3.040179331663675141e-02 3.489590666756456905e-01 1.000000000000000000e+00 3.512287239070306932e-01 4.140185764053882500e-01 5.536833042954238948e-01 5.509381378618402048e-01 4.619780061924711467e-01 3.767447185593316150e-01 5.669841713774188552e-01 6.334383766340708766e-01 4.999261748844396336e-01 4.179687160929826395e-01 5.687643906434004526e-01 5.856096581939118639e-01 4.390903036814977067e-01 3.311573434123345483e-01 4.244130828487745477e-01 5.462216479805753755e-01 5.547975740525371569e-01 5.676862298002360863e-01 3.042690245383432579e-01 3.232135058730993271e-01 4.717490843858292981e-01 4.295061639605370352e-01 5.199331807949758577e-01 3.939560871877018089e-01 4.134729310856899986e-01 4.020033396671496284e-01 4.683807554797105865e-01 4.477220571862448595e-01 3.302467580036463901e-01 4.230062829527325152e-01 3.488572463211480068e-01 5.004052324468311053e-01 4.239532352869764820e-01 4.462486879090488134e-01 4.585619634682684409e-01 4.450289320408565841e-01 5.150326504497226843e-01 5.131043163441587618e-01 5.245279153810967765e-01 5.453767508181424084e-01 5.316611956185408605e-01 4.858605125637917022e-01 5.294318989886329652e-01 5.205064771702714310e-01 5.326045465663625800e-01 5.280320579775329426e-01 5.334393840893112415e-01 5.525202755123039822e-01 5.582466084852543142e-01 4.909189654705194417e-01 4.737790904575360229e-01 4.608586887012746658e-01 5.332020961482594190e-01 5.450992432286148048e-01 5.125839833447559668e-01 5.370716705338991481e-01 5.479919412795462019e-01 5.146680244057275644e-01 5.325590252677516734e-01 5.301025236643140959e-01 5.304905593627317062e-01 5.518336099893739188e-01 5.251422095401456769e-01 5.115246288755477266e-01 4.847055408627294337e-01 6.143372868804692910e-01 6.179207091381447858e-01 5.470639218410382476e-01 5.081733670898542776e-01 5.495339136432020322e-01 5.238385812294672483e-01 5.378769622036124742e-01 5.027979040529444443e-01 5.033527270175979229e-01 5.209621487483965252e-01 4.938687543891608356e-01 4.897152426116040957e-01 5.306211223283191503e-01 5.268561407835352650e-01 4.562050096057021498e-01 5.146912631622072576e-01 5.148255826461375362e-01 5.159821972701502668e-01 5.159991590107262383e-01 5.053576425331960387e-01 5.124837467201719399e-01 5.071435260896177688e-01 5.424079184126870956e-01 5.421869063558263369e-01 5.333839748566260308e-01 5.411247705931024887e-01 5.356004364402421336e-01 5.476926361952574318e-01 5.442149164882554846e-01 5.478456006122301991e-01 5.490567384309861243e-01 5.484295453283800637e-01 5.475236341578959554e-01 5.546301441893787265e-01 5.523988681819110846e-01 5.682583623321323385e-01 5.480969275852765055e-01 5.440297345582557620e-01 5.134752379584732740e-01 5.143178910925891856e-01 5.514487640468100915e-01 5.407877177426142490e-01 5.420752323184976351e-01 5.433341646518805579e-01 5.437321986409824337e-01 5.387081543687504137e-01 5.567780211607346041e-01
4.224115398607714705e-02 7.658265592570859259e-02 2.254422232728801601e-01 3.512287239070306932e-01 1.000000000000000000e+00 3.336218612082996193e-01 4.929092068372689095e-01 4.938304993173110446e-01 4.225407615304571096e-01 3.700865635293826283e-01 4.442537614829583648e-01 4.885327684624949929e-01 5.324432162804469959e-01 3.805222012947706567e-01 5.295028253473060831e-01 5.244160087660537650e-01 4.011829331503840579e-01 2.881898472779437781e-01 3.386657750035607095e-01 3.338675480993668621e-01 3.453247349628646434e-01 3.992680973652740217e-01 3.016967982610478383e-01 3.008607203568313126e-01 3.677605437694313473e-01 4.093666120380855533e-01 4.246706513993577237e-01 3.777774968125189314e-01 3.723168692275219960e-01 3.964248872651696676e-01 4.229528694523669863e-01 4.132260177418745073e-01 3.365904878390736377e-01 3.725088808775282034e-01 3.466098796772087987e-01 3.994535676837944194e-01 3.934645088469175822e-01 4.356749669227429345e-01 4.324069703523417130e-01 4.024380551487490298e-01 4.777230595779596856e-01 4.864467831853116486e-01 4.849360743946304342e-01 4.966574859206639436e-01 4.778408708285910023e-01 4.741170834197113160e-01 4.925837087408413417e-01 4.900762846558068264e-01 4.829918238403658748e-01 4.616089395461764333e-01 4.827290220474341753e-01 4.608567034250777295e-01 4.882354326511967324e-01 4.679463533120453711e-01 4.543959148204591569e-01 4.494140015270688959e-01 4.633215176462311957e-01 4.914176076004296845e-01 4.668954355267003753e-01 4.939780024679360504e-01 4.892973344132580116e-01 4.715955683691383515e-01 4.784535427352882841e-01 4.839710175700597805e-01 4.813723833131315355e-01 4.848142673091322408e-01 4.908105722562600692e-01 4.735039646475931452e-01 4.676245927306734718e-01 5.058335361044166145e-01 4.998731836453020883e-01 4.819832051527614958e-01 4.613250111576522317e-01 4.742557391621214924e-01 4.850194647278988080e-01 4.865761668313587918e-01 4.760551931204717868e-01 4.653844031075639043e-01 4.878115251854155954e-01 4.668758361116641109e-01 4.581986074659896158e-01 4.824284557628358838e-01 4.730797362136006656e-01 4.460127852346295607e-01 4.728425615687460448e-01 4.689614837017807569e-01 4.660854576570294672e-01 4.842065949387384105e-01 4.743470351599977097e-01 4.793803049403974059e-01 4.765987566382538509e-01 4.960363325958974112e-01 4.946619406455884382e-01 4.922553500233016188e-01 4.954994629588917454e-01 4.923577676545028980e-01 4.763745353316191089e-01 4.877642631932742057e-01 4.943546202718545612e-01 4.962792824456311314e-01 4.933197660773874782e-01 4.838752346450276853e-01 5.025488488365819073e-01 4.998042247299273599e-01 4.967770287020857878e-01 4.775651806291998924e-01 4.912959573402981839e-01 4.878387969365817201e-01 4.825115407652680877e-01 4.938746247889839180e-01 4.864369383404477110e-01 4.967611200119733672e-01 4.851322870608160698e-01 4.970350752445818476e-01 4.944849304944302082e-01 4.962352877145896346e-01
-3.530398347851541885e-02 4.307805530529755511e-02 2.532973795089460967e-01 4.140185764053882500e-01 3.336218612082996193e-01 1.000000000000000000e+00 5.207887910925069752e-01 4.916763438831542321e-01 4.827164617702064398e-01 4.513677095805849193e-01 5.349691698554149832e-01 5.812222118135874638e-01 5.258245489551152119e-01 4.698960751346001885e-01 5.849761120626454369e-01 5.840509874467932905e-01 4.868676072226478801e-01 3.923669384743581068e-01 4.478520316161890280e-01 4.002754188296790971e-01 4.486155372731284730e-01 5.040839013219804432e-01 3.720156230489282678e-01 3.738312738612147856e-01 4.553085258666214608e-01 4.756610421133153910e-01 5.069465616981593259e-01 4.404972876363398293e-01 4.393624907518924871e-01 4.536871043595991915e-01 5.047971320231698922e-01 5.097027175658735976e-01 4.243830404211063612e-01 4.647734398158279712e-01 4.196225756904773396e-01 5.077825366279611341e-01 4.743119987089904344e-01 5.325551881777962349e-01 5.329508238288986899e-01 5.126010269839944566e-01 5.776487407766726090e-01 5.792477660291199815e-01 5.762386816104096976e-01 5.951653389709102848e-01 5.728987672799146225e-01 5.530629709087028223e-01 5.928343378415533715e-01 5.863755312100015216e-01 5.759920298215173151e-01 5.545441356794205134e-01 5.826691510711377031e-01 5.363440756307329416e-01 5.816074821965787622e-01 5.584086141983765073e-01 5.566930157205522978e-01 5.562002402102489418e-01 5.602813394524349677e-01 5.953652567860618916e-01 5.778475982435803404e-01 5.870434890076975387e-01 5.842967276627454298e-01 5.758709373632238115e-01 5.819766980821784452e-01 5.805984495860219141e-01 5.735026828669373966e-01 5.707130058545661910e-01 5.909218180291788691e-01 5.838304935499192272e-01 5.644229224311315685e-01 6.027136397070707030e-01 6.068822028071837460e-01 5.889241347785881819e-01 5.605231641550215693e-01 5.746477063024204579e-01 5.815216537527359009e-01 5.839516074034062365e-01 5.640720991953513952e-01 5.565970610321541168e-01 5.710597048838538248e-01 5.599268423563017461e-01 5.550801841110194479e-01 5.825263185891050854e-01 5.807919159270990006e-01 5.404926500320442750e-01 5.731227356184175337e-01 5.706524292289170130e-01 5.727789214652470040e-01 5.886584548273019468e-01 5.796711401906237127e-01 5.856381760189408592e-01 5.785945317799107146e-01 6.009529630194814231e-01 5.952071370037524956e-01 5.951559136653788995e-01 5.986302414480806355e-01 5.967145405463436525e-01 5.913621546039550259e-01 5.703966194349766594e-01 5.909809777523364893e-01 6.003311098429848780e-01 5.968005296045864050e-01 5.907788984177282376e-01 5.944400725928216112e-01 6.021318099437236171e-01 5.920368128040792710e-01 5.780903999789984704e-01 5.902775112850786599e-01 5.886261924080945507e-01 5.894480501486317747e-01 5.982409008243243509e-01 6.004723312278559266e-01 5.941780188092137260e-01 5.903469577896179876e-01 5.907848242542005357e-01 5.913070774871732604e-01 5.883541220521697479e-01
3.238015934854533706e-02 1.214700485915281847e-01 3.504250455513135409e-01 5.536833042954238948e-01 4.929092068372689095e-01 5.207887910925069752e-01 1.000000000000000000e+00 6.982235301071061384e-01 6.455412493267396190e-01 5.904115914363867734e-01 6.956731415719977774e-01 7.513127862725712536e-01 7.101548363711288614e-01 5.786995604297929807e-01 8.376619051036761077e-01 7.756362478177284414e-01 6.385394272749668199e-01 5.123560653915959495e-01 6.158543440119415013e-01 5.515041442078907341e-01 5.774672818721551248e-01 6.841870393431536135e-01 5.456041165929936820e-01 5.258675784014349430e-01 6.404527512792536070e-01 6.539959419641255822e-01 6.991078069629553804e-01 6.490005226943489358e-01 6.264519197440959752e-01 6.422188488544233742e-01 6.893722041318778304e-01 7.019479067772791403e-01 6.104965607446263265e-01 6.604100844666952463e-01 5.913126429588890787e-01 6.910777044122496937e-01 6.466930679584106390e-01 7.433181356103863990e-01 7.337073249985889278e-01 7.255750938233093139e-01 7.426401485562703630e-01 7.824406940152255352e-01 7.732036665898955885e-01 7.819607535461702286e-01 7.561373797154287146e-01 7.746114465866547061e-01 7.493531749135858844e-01 7.456535081879157589e-01 7.400951296602042984e-01 7.418016153370231569e-01 7.754752675515139693e-01 7.013011627596054121e-01 7.429896072066820567e-01 7.104460767655721432e-01 7.111792736006176119e-01 7.293214418911844188e-01 7.098671584216801334e-01 7.583241842845032110e-01 7.320799027611166743e-01 7.348729727329003092e-01 7.483724488260657948e-01 7.148195697327651699e-01 7.397565012388999106e-01 7.282999333935985531e-01 7.129650384698688059e-01 7.264441623234861867e-01 7.463881238069685065e-01 7.420824871160209835e-01 7.384300323229973095e-01 7.870435894349891992e-01 7.849143204933727302e-01 7.579873157736231049e-01 7.394756392182674221e-01 7.526096309480082569e-01 7.457149576463478757e-01 7.563596721404323153e-01 7.497113130102636136e-01 7.352128904673939092e-01 7.707274955045166909e-01 7.311255536423508783e-01 7.229429760933073768e-01 7.515699068780480330e-01 7.546243577064201125e-01 7.044430439712533465e-01 7.503396660001546703e-01 7.472183959944618259e-01 7.445204553047891638e-01 7.681894302203620128e-01 7.568745769799043455e-01 7.532910526787264249e-01 7.625554972921086971e-01 7.744648859835508992e-01 7.655626336214195193e-01 7.779381162063739863e-01 7.507970464026314517e-01 7.502458478679185916e-01 7.535824203842166336e-01 7.252761582675285590e-01 7.438795571727995215e-01 7.673065222144991315e-01 7.696785918487084599e-01 7.463756701638827318e-01 7.519464402490743105e-01 7.618139603930711434e-01 7.583357893107049996e-01 7.278450143451212773e-01 7.439958529535476428e-01 7.425594417199761210e-01 7.461349774390194645e-01 7.482145422262608259e-01 7.537090563172585966e-01 7.423726306667245423e-01 7.420323393040694215e-01 7.485699685728453012e-01 7.420162348944528974e-01 7.433589223459418083e-01
1.711537575884872209e-02 7.161228821361198538e-02 3.095956737339871645e-01 5.509381378618402048e-01 4.938304993173110446e-01 4.916763438831542321e-01 6.982235301071061384e-01 1.000000000000000000e+00 5.993244137396095406e-01 5.207528219340374909e-01 6.676794755385062619e-01 7.268373000744354773e-01 6.872574531245506657e-01 5.479782012054703610e-01 7.507759789482210122e-01 7.800105932550909227e-01 5.929089814642938272e-01 4.772268685467419558e-01 5.507371964244616169e-01 5.865201542306274218e-01 6.059975919434170688e-01 6.418609115096297613e-01 4.586234371073076854e-01 4.634482246602597000e-01 5.705847005348549938e-01 5.727199033072509771e-01 6.280231726499782008e-01 5.266857751014718536e-01 5.221775801162359398e-01 5.386466389100187380e-01 6.017653788465022746e-01 6.298286231667155066e-01 4.872969792682011470e-01 5.716978403368027095e-01 4.938200328081132628e-01 6.166325758390356349e-01 5.561354551915508315e-01 6.634327228733851722e-01 6.348183220202492372e-01 6.112054813370263462e-01 6.930942633621213211e-01 7.046416003913342774e-01 7.010393623026492937e-01 7.245457383336180168e-01 6.844348281585355132e-01 6.706932986694689180e-01 7.206329734193840375e-01 7.072608081185184359e-01 7.232904904130403878e-01 7.118152423915163896e-01 7.387908254806428987e-01 6.635492240488588545e-01 7.115613331572209210e-01 6.696109907520944038e-01 6.708725800134915929e-01 6.587381396646808662e-01 6.997041136300173880e-01 7.350612901230192398e-01 7.233037050051711603e-01 7.081667833554220470e-01 7.276279458897303432e-01 6.989927087488236879e-01 7.230763904638211059e-01 7.188107545007323962e-01 6.862209408801343002e-01 7.038648070967715720e-01 7.069637449025490961e-01 6.939532672518192724e-01 6.806508063983405243e-01 7.682647722648447974e-01 7.563520172371417383e-01 7.094322498977653213e-01 6.797404415145681389e-01 7.053909477818549600e-01 6.949466063892066892e-01 7.006601999858320662e-01 6.714297153372226212e-01 6.638376970758498308e-01 6.942292126324552948e-01 6.623965315775465212e-01 6.568389506030279934e-01 6.927229495197804177e-01 7.038002554040078129e-01 6.346075243960649370e-01 7.071312577739344851e-01 6.925315079418578046e-01 6.766750716737954807e-01 7.106709332496586873e-01 6.916692792999088457e-01 6.987102407799306025e-01 6.875406680603738385e-01 7.191334799546457157e-01 7.115359570199930594e-01 7.123496540739842064e-01 7.232667763568602082e-01 7.179485526031823550e-01 7.303662550097163031e-01 7.228839842705773178e-01 7.289985042152306027e-01 7.392810957580178144e-01 7.227838523604432908e-01 7.299804222782430019e-01 7.202269824667011378e-01 7.326156638404666133e-01 7.266667598804290584e-01 7.112830674282820675e-01 7.258932575423138189e-01 7.008203534705123028e-01 7.029061712673723150e-01 7.298715413801563079e-01 7.252254325100473409e-01 7.115567543298230158e-01 7.168988988589468647e-01 7.250269815147087904e-01 7.142675673555902716e-01 7.178738250599711046e-01
2.439553618640724619e-01 2.216127740065410023e-01 3.772713187184802419e-01 4.619780061924711467e-01 4.225407615304571096e-01 4.827164617702064398e-01 6.455412493267396190e-01 5.993244137396095406e-01 1.000000000000000000e+00 7.305247151178276832e-01 7.804289790579198582e-01 7.684544669621461432e-01 7.338346588687788552e-01 5.792469474924418771e-01 7.891294549976146655e-01 7.728599125794798352e-01 7.968441259931203779e-01 6.495289907995426271e-01 7.202334458990525823e-01 4.415468583677316095e-01 5.524557406981304153e-01 7.112206153622052662e-01 7.059506133880394385e-01 6.682634159519563744e-01 7.115489495579595536e-01 8.062383404441353374e-01 8.120989802301085136e-01 7.557944927156962089e-01 6.996968942547493464e-01 8.068152964341011035e-01 8.098012337694208140e-01 8.272086347798731643e-01 7.306573073303239685e-01 7.844983273230087262e-01 7.666248307168859188e-01 7.621076571460131399e-01 7.921959369792401784e-01 7.938993911411378335e-01 8.030837998365591979e-01 7.379775938672259450e-01 8.294885739317403583e-01 7.930482698490529669e-01 7.841681805314304476e-01 8.367591512330325720e-01 8.170578363606262329e-01 8.146329104668291743e-01 8.373739142881774233e-01 8.499049848871121915e-01 8.484151102123231869e-01 8.157675790208316347e-01 8.158255042262652079e-01 7.639410244741269285e-01 8.317047692653456448e-01 8.625935299501691356e-01 8.527747778112825250e-01 8.390590856078109505e-01 8.517544027717636190e-01 8.358527162631268492e-01 8.279448701340652583e-01 8.489562786718410914e-01 8.458602830450484555e-01 8.379791452919151951e-01 8.340315102276533166e-01 8.456110385165679366e-01 8.555816710109139800e-01 8.589970309353130995e-01 8.417491271072894410e-01 8.331785654761988402e-01 8.431851090220029432e-01 7.843968090486039824e-01 7.994459819318435745e-01 8.404591059574071377e-01 8.237146580251243355e-01 8.267815624809379260e-01 8.463177972465520948e-01 8.397497096625332613e-01 8.230705543708185523e-01 8.102615728069219037e-01 8.233136240981026033e-01 8.489445615322325223e-01 8.441157494979162346e-01 8.433723811407192184e-01 8.393522138572925284e-01 8.387301859063974740e-01 8.328590600731489157e-01 8.431932559853504427e-01 8.346925272383608485e-01 8.235354586934829912e-01 8.369659572922149016e-01 8.278556268522895278e-01 8.101355231566660375e-01 8.190504459618739297e-01 8.310293323889168526e-01 8.248595884277550860e-01 8.297036734546362480e-01 8.300332812871727972e-01 8.060981160029595527e-01 8.424890695864936108e-01 8.285357251371957554e-01 8.161216313662843502e-01 8.026750030690618098e-01 8.232240471024474537e-01 8.297602108298501866e-01 8.268605489867079106e-01 8.308622206005422672e-01 8.388981052165234154e-01 8.385845539369373158e-01 8.396498322358906252e-01 8.387798178595152754e-01 8.370585116978136453e-01 8.175019849928684135e-01 8.396150076948621921e-01 8.316669291871707781e-01 8.389561697953523689e-01 8.449765444632797440e-01 8.453776072420202681e-01
1.240996782344726962e-01 2.492498506290645455e-01 3.058136436270807446e-01 3.767447185593316150e-01 3.700865635293826283e-01 4.513677095805849193e-01 5.904115914363867734e-01 5.207528219340374909e-01 7.305247151178276832e-01 1.000000000000000000e+00 7.101639939307269334e-01 7.047419950587243687e-01 6.842206335317039256e-01 5.440909959316611033e-01 7.347261063839333195e-01 7.026987337092142072e-01 7.008234983071153223e-01 5.539378657292565178e-01 6.372731145647518858e-01 3.238765996474520792e-01 4.194745597897264755e-01 5.962123147918381161e-01 6.518749546158641994e-01 5.801593104548667945e-01 6.256902420249348395e-01 7.547144733965883701e-01 7.402278614888410102e-01 7.246787051916583344e-01 6.857224859800763461e-01 7.630317883721242644e-01 7.546791598789298616e-01 7.645740477460690743e-01 7.074769808095667800e-01 7.105958313938237625e-01 7.353251563883206332e-01 6.893201774134465332e-01 7.405632840700360209e-01 7.524954457609452918e-01 7.715864843829322028e-01 7.125760094442821213e-01 7.920723897654062817e-01 7.575814427211731150e-01 7.410531529360493419e-01 7.816452762764187767e-01 7.768678667762730639e-01 7.779808340651040988e-01 7.892442286027622211e-01 8.071440799792465315e-01 7.801814715651390619e-01 7.314296204438605065e-01 7.548635005607668980e-01 6.769322063846253679e-01 7.694813291025250912e-01 8.098597503822227983e-01 8.009772260671582655e-01 8.016081789863562790e-01 7.580974877329076378e-01 7.709120867669908561e-01 7.610654969188739294e-01 7.837348255543532538e-01 7.695172232739205809e-01 7.724317215899304534e-01 7.674101529870007710e-01 7.670666507137325896e-01 7.694806913817826555e-01 7.812770465594565117e-01 7.963777419817934522e-01 7.806729513949883792e-01 7.982534347095594507e-01 7.137096004687858430e-01 7.252147149188596931e-01 7.840304731284272188e-01 7.598831076557194253e-01 7.591774870185382662e-01 8.021870689030216051e-01 8.004340326603688327e-01 7.996331621868961737e-01 7.848525119028050279e-01 7.874539583628407113e-01 8.094855052771103843e-01 8.047281633449907545e-01 7.987151126745422047e-01 7.930986295004984754e-01 8.036722776537456037e-01 7.782399849678076631e-01 7.858113929905283790e-01 7.905841533267110588e-01 7.874080846072007978e-01 7.992261496729385906e-01 7.990434351288905335e-01 7.812908290151834301e-01 7.837731880341481938e-01 7.872297787341537845e-01 7.914690350637954008e-01 7.871101204973479648e-01 7.914035314467096072e-01 7.540647591910053515e-01 7.615406784077070057e-01 7.746092861545066377e-01 7.672152098236632023e-01 7.634936707883981377e-01 7.687638873991332611e-01 7.816416204848393168e-01 7.783183481286876093e-01 7.720622596555302142e-01 7.757311038318625007e-01 7.859361160264829449e-01 8.050047036870697781e-01 8.011736086088321329e-01 7.840688689682143719e-01 7.782737218917278321e-01 7.900367493092937954e-01 7.827025068389539264e-01 7.833056293581377449e-01 7.845438462358748088e-01 7.871327003845671744e-01
1.105456729812083067e-01 1.500812787927236214e-01 3.938007154657142128e-01 5.669841713774188552e-01 4.442537614829583648e-01 5.349691698554149832e-01 6.956731415719977774e-01 6.676794755385062619e-01 7.804289790579198582e-01 7.101639939307269334e-01 1.000000000000000000e+00 8.605526422019423860e-01 7.730058695731967244e-01 6.398971256388689133e-01 8.352592744524754975e-01 8.343913583197842820e-01 7.852482974628232082e-01 6.414754704210565706e-01 7.414702981219597477e-01 5.243082625134550812e-01 6.154872275880228782e-01 7.623054309872991929e-01 6.890163071598224276e-01 6.569406392295797925e-01 7.599785791931211731e-01 8.001278609168103184e-01 8.437988298436179813e-01 7.612388925504179893e-01 7.401100762244038345e-01 8.000084753031402318e-01 8.379956557166521325e-01 8.268706012049823473e-01 7.214649359255056460e-01 7.922388688990268379e-01 7.513542173654951251e-01 8.142857050734666480e-01 8.122026027636899403e-01 8.201301566572486434e-01 8.346433324948464572e-01 7.823052918440972503e-01 8.688718169120535073e-01 8.448327707332079495e-01 8.455153760358655735e-01 8.818667063168416087e-01 8.715186068948188591e-01 8.465195161095901977e-01 8.756199346019666319e-01 8.820425898305159773e-01 8.748664216569624896e-01 8.479413772201004340e-01 8.613838099783547309e-01 8.187533073559095653e-01 8.765767485228910250e-01 8.694929121971683994e-01 8.693946180651302980e-01 8.536796305963954001e-01 8.675456969679339325e-01 8.817327027773927961e-01 8.609134012959381854e-01 8.774327190034683088e-01 8.813593780221183893e-01 8.675800195052461028e-01 8.731261828749855569e-01 8.718255237989532835e-01 8.725238208743049118e-01 8.852013968794384402e-01 8.803112993811832432e-01 8.761928649324802754e-01 8.708623997505726688e-01 8.559270725045109440e-01 8.740791063335248134e-01 8.890390751200242248e-01 8.624447994582782329e-01 8.793622981450462950e-01 8.841293566377401714e-01 8.903259842699136062e-01 8.682092587783158955e-01 8.610495425629748345e-01 8.734503424457307208e-01 8.763753646327203661e-01 8.756820959783564451e-01 8.868087030838097684e-01 8.834953723469034514e-01 8.597770587349278237e-01 8.731907354535753951e-01 8.819584966557227901e-01 8.796106727630813582e-01 8.709609535613647147e-01 8.778462815217601412e-01 8.717897124772344686e-01 8.613177753243832502e-01 8.762367059900425525e-01 8.842982890157365938e-01 8.780659125880353466e-01 8.795906785218376989e-01 8.794477961726077098e-01 8.693476277597772528e-01 8.695541545554987817e-01 8.791144599964482165e-01 8.725785612599825658e-01 8.708050628578362096e-01 8.768545537621647012e-01 8.815178361103442883e-01 8.799304376711346576e-01 8.873948200104311290e-01 8.779374516241237325e-01 8.825984351728619615e-01 8.789753588048970778e-01 8.798806526268498907e-01 8.829459590185229079e-01 8.754310965461188365e-01 8.806686183366156939e-01 8.807384203301008574e-01 8.818271995327302548e-01 8.824005275257198466e-01 8.873017782696461797e-01
-8.136306806671402686e-03 1.035990359408044126e-01 3.625653128423212412e-01 6.334383766340708766e-01 4.885327684624949929e-01 5.812222118135874638e-01 7.513127862725712536e-01 7.268373000744354773e-01 7.684544669621461432e-01 7.047419950587243687e-01 8.605526422019423860e-01 1.000000000000000000e+00 8.114732021692763198e-01 6.876944461538501141e-01 8.875414618613930440e-01 8.955841582007368906e-01 7.757869807756702096e-01 5.710548076464523337e-01 6.927054547649649230e-01 5.972718827262588626e-01 6.481263117258188045e-01 7.595227744061839870e-01 6.027632156218811765e-01 5.817797535178385049e-01 7.205864319678272345e-01 7.525919654132064984e-01 8.190992857261145677e-01 7.061055133483032931e-01 7.038880431471224997e-01 7.450455807144451548e-01 8.079377602718126328e-01 8.096189281206674915e-01 6.777590768192957027e-01 7.511245619531478068e-01 6.926973798273013960e-01 8.067045544182520622e-01 7.639935352942036628e-01 8.269185424774863069e-01 8.354015356746927745e-01 7.884085605059180102e-01 8.937874734358873807e-01 8.777407168358617451e-01 8.854394670987396632e-01 9.081484491845472906e-01 8.820701110225517283e-01 8.534284214173228911e-01 9.154742682422303268e-01 9.063749585837896916e-01 9.051316930086340529e-01 8.752539759037076816e-01 9.020247780026643403e-01 8.449665540312129020e-01 9.112602619816172478e-01 8.745506365834183615e-01 8.661407040245328037e-01 8.525835885607765396e-01 8.861838898061058512e-01 9.168904584021777548e-01 8.902452398484828056e-01 9.140102603471431664e-01 9.180902376896247219e-01 8.951967751502084569e-01 9.052346824910688650e-01 9.067894329673643616e-01 8.906628201776942699e-01 9.079056300709210658e-01 9.090820778427459725e-01 8.864034439980144064e-01 8.742216301692841141e-01 9.156009821785694447e-01 9.215077783789645816e-01 9.040096608690998403e-01 8.620423512755074347e-01 8.913070443826982547e-01 8.990821666932894418e-01 9.093865939089823547e-01 8.790036042184400378e-01 8.711980213999331868e-01 8.918167500853277918e-01 8.774802472240552653e-01 8.713755058165749690e-01 9.028136688483726635e-01 8.988912116702505450e-01 8.492595302350276487e-01 8.875304762011568815e-01 8.881835998866457471e-01 8.887388997064663565e-01 8.978199885871037678e-01 8.927053171101579920e-01 8.897747852500687005e-01 8.859708225407885163e-01 9.136837719370762834e-01 9.132644868017293360e-01 9.098744046331371793e-01 9.207987651566272858e-01 9.185731070735763115e-01 9.021439387538979782e-01 8.934384909688601883e-01 9.154698416013780093e-01 9.135089045286396425e-01 9.098192005479261990e-01 9.116376787347902910e-01 9.229397646525517862e-01 9.231989661712405315e-01 9.174188130406385477e-01 9.043943139325504310e-01 9.173578796180305028e-01 9.026395661756111410e-01 9.014780724928191935e-01 9.233384235432389175e-01 9.106261637715218349e-01 9.187405650864310935e-01 9.142567940441980179e-01 9.149886419754410527e-01 9.136959653366528711e-01 9.180497693296769679e-01
5.245801532655232358e-02 1.436161289289516474e-01 3.142831578541827597e-01 4.999261748844396336e-01 5.324432162804469959e-01 5.258245489551152119e-01 7.101548363711288614e-01 6.872574531245506657e-01 7.338346588687788552e-01 6.842206335317039256e-01 7.730058695731967244e-01 8.114732021692763198e-01 1.000000000000000000e+00 6.361459416728053595e-01 8.431886693408995326e-01 8.404629081800822910e-01 7.310345446392131352e-01 5.622116684034677014e-01 6.421635964760943338e-01 5.133183294881225045e-01 5.673684957518654315e-01 6.774562553286871402e-01 6.008216161445499859e-01 5.684063963218127791e-01 6.529686484714621875e-01 7.334569919037620123e-01 7.537919014004937912e-01 6.792151204876598625e-01 6.559463816493902311e-01 7.218454526185612563e-01 7.527329464342816800e-01 7.583839170162418597e-01 6.452524674768398416e-01 6.988977677251826393e-01 6.708740379536742848e-01 7.234709690017819828e-01 7.241261555615602363e-01 7.693779525387585139e-01 7.817731212732197399e-01 7.277071941859535320e-01 8.397327920645339949e-01 8.237636450461750526e-01 8.170977474679225194e-01 8.480883836269331733e-01 8.257947019269171740e-01 8.079378888586807861e-01 8.550173396628386602e-01 8.544128636507457575e-01 8.387303781635959687e-01 7.929437543063947436e-01 8.286068810614396485e-01 7.703513420562374536e-01 8.473037808802462711e-01 8.341857030004389273e-01 8.221327938721502138e-01 8.102811468246177151e-01 8.146904614626127028e-01 8.497000256518780770e-01 8.204415571578831390e-01 8.560354517329229473e-01 8.474796526865009394e-01 8.318680761257377654e-01 8.375592083617414696e-01 8.436161586144552693e-01 8.367285822541268292e-01 8.418524166470741088e-01 8.558173105616759813e-01 8.357203842611576894e-01 8.314297694061778543e-01 8.402496034358990507e-01 8.410246048972727095e-01 8.418000683696386099e-01 8.127757455915819440e-01 8.263014078142870700e-01 8.506865127543543625e-01 8.506923527181425859e-01 8.284560347872359509e-01 8.164529259110347992e-01 8.342691095956471514e-01 8.281611075335842953e-01 8.221997749630231000e-01 8.433155262376115235e-01 8.403124428404242785e-01 8.093426931226492815e-01 8.325298788470941735e-01 8.305561928558272689e-01 8.298919654229821585e-01 8.445368233406267411e-01 8.394697016879471008e-01 8.433740763713613031e-01 8.303461767086697254e-01 8.557241613005114322e-01 8.536714423459261791e-01 8.493464964693158148e-01 8.599426886336192233e-01 8.599301958628390308e-01 8.362971247212722670e-01 8.393712646439480674e-01 8.536856442938953737e-01 8.542125525195088942e-01 8.492384730753657074e-01 8.498855106365023060e-01 8.599575001496339022e-01 8.635122866374042028e-01 8.536176504334404003e-01 8.447241401190486165e-01 8.563821894882488461e-01 8.563956898299287523e-01 8.531647623580181916e-01 8.594152260153982148e-01 8.508399136067188451e-01 8.621664532696678984e-01 8.525837214537292930e-01 8.604830290612998089e-01 8.585499098180310318e-01 8.578390750210588278e-01
