1.000000000000000000e+00 1.981347258659575949e-01 2.287919850706398028e-01 2.729632583858754291e-01 9.017590222574720094e-02 8.337620348713882523e-02 2.174272526349968482e-01 2.020118489821307040e-01 2.321280131073697461e-01 1.531294341381509161e-01 1.238585781515126466e-01 1.459009968803883228e-01 6.919307426372965641e-02 7.690743767324745295e-02 1.482449764177548035e-01 1.450805229002371521e-01 2.369505766140138636e-01 3.739671556021461618e-01 3.190309048601385200e-01 3.153242224730352650e-01 4.124220334334592897e-01 3.528032378644438971e-01 3.316919032154387881e-01 3.410651591311907316e-01 2.863556708757450942e-01 3.156333211498647540e-01 2.718316091198643147e-01 2.662033914968159887e-01 2.534986718182166698e-01 2.439664152358455296e-01 2.086463121326022629e-01 2.139316226417999622e-01 1.929664841889082161e-01 2.101536068874190477e-01 1.979822747415481421e-01 1.992605438980523669e-01 1.681115693044482606e-01 2.039749134868283076e-01 1.538043619921247995e-01 1.354324286016447831e-01 1.313703572855532409e-01 1.385737560001894519e-01 1.244766926597245249e-01 1.455360890609933011e-01 1.535973023955854166e-01 1.525140890432169216e-01 4.351805000387507644e-02 5.321732211756641240e-02 8.234991438098236693e-02 2.086128841609887208e-01 1.677742459701681843e-01 1.589155620400500291e-01 1.594648966324996031e-01 1.143268398221863741e-01 1.574086338893176951e-01 1.180019673506873534e-01 1.603157162927047741e-01 9.672976098387263411e-02 1.400475619982322895e-01 1.055372337121588816e-01 1.142324392639664787e-01 1.105822308625457467e-01 1.283952032344120586e-01 9.780772008164481668e-02 1.375214349425130100e-01 1.463845516909374478e-01 6.761178581809043631e-02 1.156148789814922945e-01 1.349610532831880261e-01 1.539510984415843053e-01 1.515963090981971018e-01 8.950249663114757948e-02 1.528531862186012502e-01 1.414298042130796851e-01 1.156769822583127993e-01 1.071451876415081134e-01 1.155651021753130309e-01 1.302580821679484857e-01 1.107034855053237871e-01 8.060306578173713488e-02 1.117744440082857477e-01 6.770458585829622344e-02 1.316090053067121290e-01 1.091109098936422495e-01 1.041416901083526830e-01 9.980571344975171233e-02 8.382432537155962149e-02 9.184172543106514097e-02 6.375576258686291298e-02 1.304959996907756048e-01 9.959939589145425098e-02 6.725592190590813646e-02 5.484552100408888325e-02 6.498151104045894744e-02 2.229412840895418982e-02 4.420215632878069650e-02 8.672003821372278876e-02 1.309681864912226601e-01 6.475120719116587986e-02 7.751714339364587647e-02 4.895512133175938807e-02 8.267413356229652566e-02 4.130768396833853912e-02 5.540362753446140959e-02 6.361078774523511170e-02 1.075252049742941862e-01 8.776546121126141409e-02 6.092690080393386304e-02 8.605776693645310338e-02 7.349301400613075796e-02 7.319971129993561865e-02 5.302377944396003545e-02 4.973358734779226298e-02 6.054670700902858166e-02 7.270523223757367759e-02 5.330269146456782792e-02
1.981347258659575949e-01 1.000000000000000000e+00 1.850629706349319337e-01 1.890891260983674771e-01 1.306555319343045418e-01 1.286433342896697030e-01 1.912305786344209724e-01 2.013536203717155859e-01 2.335143462610157761e-01 2.257403204623942561e-01 2.279513660849741274e-01 2.032864159505072821e-01 1.751091762071268487e-01 1.793029739758339736e-01 1.982763454912959689e-01 2.123383584110684896e-01 2.320872097152946456e-01 3.200130037583139297e-01 2.975497571867958824e-01 2.316655323536518929e-01 2.652635055853856949e-01 2.861605411765370532e-01 3.039407769566946360e-01 3.004252820725308304e-01 2.964474802306391599e-01 2.948281355388521763e-01 2.631866917519101734e-01 2.722352677284671230e-01 2.685544969845576335e-01 2.725906511267394694e-01 2.509500815981324240e-01 2.512837853006736899e-01 2.424674237071857696e-01 2.262944082107027632e-01 2.269426406896276893e-01 1.996496982210474724e-01 2.105069600527013085e-01 2.404250207816633900e-01 2.190477605067165934e-01 2.034955456650124339e-01 2.057029298128605910e-01 2.108796097183427698e-01 1.865140816394971757e-01 2.076303229293139929e-01 2.011108090122716019e-01 2.261757070519941626e-01 1.806715456018661015e-01 1.826829808464452420e-01 1.828829278773308475e-01 2.126540794150660607e-01 2.141119420471981893e-01 1.807082228243712396e-01 1.916443443206910791e-01 2.150322159062549587e-01 2.396309463021000508e-01 2.375573430452265211e-01 2.175409411563402340e-01 2.103000712829331542e-01 2.260474855299572927e-01 2.001106627489226131e-01 1.994473236333410837e-01 2.123485844465623495e-01 2.180270235994156147e-01 1.865855504513486418e-01 2.080339518440827429e-01 2.105123377423787079e-01 1.869226468438835442e-01 2.200684778913940542e-01 2.254509798235760087e-01 2.241592316176227173e-01 2.238564410863170262e-01 2.089209590140061468e-01 2.390351825123332163e-01 2.294168834915926714e-01 2.147206837146994618e-01 2.095884156904258555e-01 2.099089982364411300e-01 2.213602799408891930e-01 2.144587772125505498e-01 2.030541173213164241e-01 2.049840511821214573e-01 1.934684000677184545e-01 2.158318876827261534e-01 2.129975558207821973e-01 1.922832262076430709e-01 1.998989647859476249e-01 1.875937979670591338e-01 2.022645634810561477e-01 1.816209370317458105e-01 2.166584745853035454e-01 1.944518084207061404e-01 1.828254510047040704e-01 1.805876948246490366e-01 1.857872941187014015e-01 1.672277008684228128e-01 1.828215699726543353e-01 1.762084366957302195e-01 1.822065870242328967e-01 1.762953498886238035e-01 1.843168698601317934e-01 1.695800333135274729e-01 1.845923242895964600e-01 1.657557872889452999e-01 1.734129237688210312e-01 1.705266471967300523e-01 1.866471863073668469e-01 1.883805049941662535e-01 1.920810849575839974e-01 1.985211712893109604e-01 1.871520562662963294e-01 1.945905676018474528e-01 1.761396867449714354e-01 1.774279511863206260e-01 1.716502467153016576e-01 1.842937676619419707e-01 1.692419662633651567e-01
2.287919850706398028e-01 1.850629706349319337e-01 1.000000000000000000e+00 4.834864593071271921e-01 2.516968981694093221e-01 2.645765433023659630e-01 3.772798813717754274e-01 3.605116160969845107e-01 4.202825549381441483e-01 3.443026760237876127e-01 4.218869057621347229e-01 4.408142185158829274e-01 3.599556182901237356e-01 3.030595993499940466e-01 4.062866786337878677e-01 4.224030429582417145e-01 4.203255658443041387e-01 4.897821990061272390e-01 4.862040371223534940e-01 4.668928339076624523e-01 5.084434101829381492e-01 5.090074203430092759e-01 4.635844840827295643e-01 4.741675518491602626e-01 4.841035914984460065e-01 4.896061729789493167e-01 4.848360305053503461e-01 4.929957311437304646e-01 4.491436565385057977e-01 4.620256010695913962e-01 4.610311409649783809e-01 4.527150833945581265e-01 4.777003089312485962e-01 4.495247958705541058e-01 4.271994612814186687e-01 4.384274433644927416e-01 4.095242277500713568e-01 4.566754355159530765e-01 4.317496686231074299e-01 4.476532569778877702e-01 4.340827617281749484e-01 4.391764509007506923e-01 4.190313950574736657e-01 4.277068312486382862e-01 4.383218796481843094e-01 4.287595194145527588e-01 3.670548000460636118e-01 3.697822572803896590e-01 3.708562810329219528e-01 4.394801369917005762e-01 4.334342285670589878e-01 4.324442212036411770e-01 4.173491137093819914e-01 3.972024602376991731e-01 4.197551216121244710e-01 4.172859963717142073e-01 4.279073682090563935e-01 4.111749300963166154e-01 4.236012068099818673e-01 4.004135514041672339e-01 3.987203712680140177e-01 3.986987603002849490e-01 4.086673622437900777e-01 3.832421395832385502e-01 4.175267348009657487e-01 4.166378081068199402e-01 3.835215332051626902e-01 4.162158286956428310e-01 4.200780919643077316e-01 4.473340919774173585e-01 4.583889234805884616e-01 4.130309845259099166e-01 4.410124568184898286e-01 4.383193037530680458e-01 4.128362627559059583e-01 4.088782589789184962e-01 4.118788611071626526e-01 4.094779106854549156e-01 4.126706970109381700e-01 3.900597809533008498e-01 4.054622845757622773e-01 3.908432527076055041e-01 4.235664608089659278e-01 4.044878451025961663e-01 4.067811060549946789e-01 4.157940656948469482e-01 4.057725663108251446e-01 4.011463859505973173e-01 3.877765279626320671e-01 4.207610559793004690e-01 4.113754098816811977e-01 3.883563679136671776e-01 3.923026021754294490e-01 3.927155036833566704e-01 3.575025644038373751e-01 3.723429201240909259e-01 3.966281299701638896e-01 4.027775989948580437e-01 3.798995963800422815e-01 3.906853176738209199e-01 3.841285549920039899e-01 3.897169710333409642e-01 3.717287914414782457e-01 3.801335292989406756e-01 3.913294668332805148e-01 3.943229719477929218e-01 3.911490134264026253e-01 3.731457274943586477e-01 3.885617662243323056e-01 3.842081465594598400e-01 3.878139941999260709e-01 3.720518384920234456e-01 3.702537365206616804e-01 3.771524181690052990e-01 3.896008666446087454e-01 3.729026310282123058e-01
2.729632583858754291e-01 1.890891260983674771e-01 4.834864593071271921e-01 1.000000000000000000e+00 3.443229986714934632e-01 4.312732624674217030e-01 5.804424263685608043e-01 5.871871428522104086e-01 5.898200489951698211e-01 4.998223379305647973e-01 5.894298529249563101e-01 6.722883450199715893e-01 5.204894639035928527e-01 4.687331804503241384e-01 6.187621454476404104e-01 6.271035908902107270e-01 6.123530199894575698e-01 6.275526719325723590e-01 6.362510044960392186e-01 6.449129827553887750e-01 6.966862323773354015e-01 6.948902973977921782e-01 5.783293648571071754e-01 5.996817111726961969e-01 6.109795417596045608e-01 6.651750066735364619e-01 6.905960570426191714e-01 6.783526464491662633e-01 6.174806093710453192e-01 6.565715857374058162e-01 6.617209260818548433e-01 6.525797264511921103e-01 6.571826126703770310e-01 6.717801719816294259e-01 6.077028494310444673e-01 6.828877335545903149e-01 6.400254318228346673e-01 6.657303904447688936e-01 6.572160292037019236e-01 6.626173757315287904e-01 6.430217071319098698e-01 6.533564755237060151e-01 6.557840405779263859e-01 6.546327724723035590e-01 6.693453354150186163e-01 6.327924756758489533e-01 5.624552310506670816e-01 5.593959083906903107e-01 5.679996513150152859e-01 6.683562644398347574e-01 6.543605814370393459e-01 6.677891938595452714e-01 6.411739557350257801e-01 5.728289069790289956e-01 5.907230121217754704e-01 5.779800927584375358e-01 6.210692654778728894e-01 6.033561790655079804e-01 6.055109527167723549e-01 5.948228542435143318e-01 6.005171956023729329e-01 5.797929054471488985e-01 5.970173219496879291e-01 5.871334452378025315e-01 6.131943010041706055e-01 6.106356434305629799e-01 5.737455137548320705e-01 5.957999959207430640e-01 6.102948434512522891e-01 6.566379548757990126e-01 6.624006054858079251e-01 6.013257845468511498e-01 6.205000283881573209e-01 6.244768980575212680e-01 6.133558015846619638e-01 6.117033549588024588e-01 6.162016274191832732e-01 6.064012377043188629e-01 6.073081752438956871e-01 5.769032684359037821e-01 6.075024503278414478e-01 5.884944409695712642e-01 6.243458693489507549e-01 5.993549807175861943e-01 6.223570030931850905e-01 6.178109654295097508e-01 6.137403138285634219e-01 6.103701764579486655e-01 5.957292990723489501e-01 6.188089748985581284e-01 6.270403459397605461e-01 5.979629267551044292e-01 5.971330230521193494e-01 5.985625568160161114e-01 5.523134129063735909e-01 5.611943994587123008e-01 6.221382092667641084e-01 6.262370657196570933e-01 5.896933863767319650e-01 6.036384140954821342e-01 6.015658067345726057e-01 6.024800495687216983e-01 5.755483611480263217e-01 5.874206776000823194e-01 6.049679182382869946e-01 6.050751358700376947e-01 5.944442288741058622e-01 5.642392759756456044e-01 5.830227710662679863e-01 5.881764446412022229e-01 5.912643740246787960e-01 5.683548621043031934e-01 5.640551126184133457e-01 5.859736727938225087e-01 5.912698680182103539e-01 5.690938906227462901e-01
9.017590222574720094e-02 1.306555319343045418e-01 2.516968981694093221e-01 3.443229986714934632e-01 1.000000000000000000e+00 3.231454258033155669e-01 4.400684462083149229e-01 4.399433952879326370e-01 4.622261825696346582e-01 4.126380966248123783e-01 4.741608249755206450e-01 4.868332472834671076e-01 4.590374636346941650e-01 3.729338022453637658e-01 5.021399134017585641e-01 5.072112222663173187e-01 4.523462849595680790e-01 4.081934537654405837e-01 4.204024834253796694e-01 4.082758798868388883e-01 3.943253675599888153e-01 4.243672696924342125e-01 4.135681274820765529e-01 4.145650892450939984e-01 4.363137450901399816e-01 4.624422090023316834e-01 4.754152451934792745e-01 4.725685771335603746e-01 4.759931184848241736e-01 4.613377183048404939e-01 4.805231383221912345e-01 4.864396897192963531e-01 4.678681179177862637e-01 4.791981380758937314e-01 4.525659056141395076e-01 4.658721305597254836e-01 4.668298061347888050e-01 5.060655881051134841e-01 4.886509894700947210e-01 4.898678824887135463e-01 5.006066114148494117e-01 5.021579127793711628e-01 4.918821855034104518e-01 5.052701365114219412e-01 4.923933095676242822e-01 4.994368148348187209e-01 4.945177545977532119e-01 4.954125515324491746e-01 4.953334523065990869e-01 4.963500014093696344e-01 5.043725156002861754e-01 4.966850194977575628e-01 4.937774542878637929e-01 4.961927535480669116e-01 4.991114700193639009e-01 4.978887207816742877e-01 5.014378869518040238e-01 5.037190014269701255e-01 5.073991002173124931e-01 5.000391574009330764e-01 5.019247806155042735e-01 5.053085075187710995e-01 5.058509533200052921e-01 4.974503081398529147e-01 5.018770971000843240e-01 5.047155852492243300e-01 4.987216030443788473e-01 4.971900862566401291e-01 5.000147030596477915e-01 5.103202928394096061e-01 5.042729259070479753e-01 4.988851886423581461e-01 4.999904991007508848e-01 4.975966133567947258e-01 5.039716941680728590e-01 5.005765292284255485e-01 5.014131947105006093e-01 5.010588597047057613e-01 4.982828722184504677e-01 4.975241837238677522e-01 4.986195290974524963e-01 4.991646914119489686e-01 5.016294822179869772e-01 4.973597377290809862e-01 5.013330321125845090e-01 5.020623163439127401e-01 4.953698226055741616e-01 5.034778896438860674e-01 4.987742753839510268e-01 5.040916762059516332e-01 5.012141298776331411e-01 4.974617898622910039e-01 4.991202077586190389e-01 4.988382932329763486e-01 4.907181152237860555e-01 4.953240340102048611e-01 4.995009541228004335e-01 5.001305000203299933e-01 4.988407222788540096e-01 4.988920696242121755e-01 4.964134789419601401e-01 5.022683191401552394e-01 4.990221812655055711e-01 4.974820693263478089e-01 5.001863752142400310e-01 4.992308585635559792e-01 5.000280918632195037e-01 4.948089013328106911e-01 4.987632426883237269e-01 4.974094853158987362e-01 4.982924110758255032e-01 4.954838187123579152e-01 4.957931911439005801e-01 4.971268863524570536e-01 4.992780143371743362e-01 4.963687699517826402e-01
8.337620348713882523e-02 1.286433342896697030e-01 2.645765433023659630e-01 4.312732624674217030e-01 3.231454258033155669e-01 1.000000000000000000e+00 5.198486630546825804e-01 4.937658186754589340e-01 5.434194602254180939e-01 4.990820994230586449e-01 5.641471545526384190e-01 5.899202195123384174e-01 5.355626258530082895e-01 4.649293709130962737e-01 5.793622023418223410e-01 5.985074617145446085e-01 5.468554177350702927e-01 4.753434569128370812e-01 5.020907574846267263e-01 4.570866118863700089e-01 4.878802806273333514e-01 5.155918904165434080e-01 4.802875679250729335e-01 4.830047543767184148e-01 5.102497920755932892e-01 5.590016156681333337e-01 5.765122171676002605e-01 5.793820238050149118e-01 5.603495817044338301e-01 5.412973785506836055e-01 5.982643394203196463e-01 6.037345211626297115e-01 5.738156600388445439e-01 5.941199731132984496e-01 5.507666222385452226e-01 5.823078597672368684e-01 5.950658630619042322e-01 6.048977211739064996e-01 6.108279225473164376e-01 6.118619146003552167e-01 6.201694635705753411e-01 6.221932386861022124e-01 6.078962372947366299e-01 6.262552956655828007e-01 6.175406026427444628e-01 6.158930913716146316e-01 6.072607266022308492e-01 6.076698612340951655e-01 6.077495123529778054e-01 6.119000164542619524e-01 6.147725189575790061e-01 6.179963170367841485e-01 6.077973234018916315e-01 6.033337618860017404e-01 5.980914873869115356e-01 5.994146757705566264e-01 6.104245062785211839e-01 6.149037507078706222e-01 6.085580183599184068e-01 6.124572255220195327e-01 6.114117017583644564e-01 6.027695980741080151e-01 6.037800302743475678e-01 6.040930581759300644e-01 6.111805538523469306e-01 6.111829120232135093e-01 6.083732425400526500e-01 6.052421325458708923e-01 6.121453805433131334e-01 6.142198501334423799e-01 6.205926571163902228e-01 6.128017309285600511e-01 6.036811877349196331e-01 6.073048554791287135e-01 6.150678136838726440e-01 6.195868937027381174e-01 6.154081289685666700e-01 6.105808897492749354e-01 6.166271897179014250e-01 6.056656062785897854e-01 6.214397167824114998e-01 6.152816179690990817e-01 6.175699769391208571e-01 6.059032941500011038e-01 6.220599073404491364e-01 6.197592551510306969e-01 6.250229921965074764e-01 6.205269817355557604e-01 6.179726944535608446e-01 6.168402789349919368e-01 6.270556634686629272e-01 6.199644260129786311e-01 6.179931909234989140e-01 6.220982937926679002e-01 6.051576576758874726e-01 6.099407392135299810e-01 6.189077730006027345e-01 6.130081647735939887e-01 6.139252777531213345e-01 6.174930287107533999e-01 6.166577077248258654e-01 6.212871677686612193e-01 6.130202681912347851e-01 6.160481754264861554e-01 6.155537038027646402e-01 6.115240990892180095e-01 6.168063979330191682e-01 6.088353905259683563e-01 6.095305001024382552e-01 6.165347276676806931e-01 6.154436810929547752e-01 6.094864616738101537e-01 6.105237180237563788e-01 6.121526833469784767e-01 6.115042380849233794e-01 6.091530414251031811e-01
2.174272526349968482e-01 1.912305786344209724e-01 3.772798813717754274e-01 5.804424263685608043e-01 4.400684462083149229e-01 5.198486630546825804e-01 1.000000000000000000e+00 7.640832689879123452e-01 7.026131888605041675e-01 6.518086821694587529e-01 7.083216589915642958e-01 7.684230694695063368e-01 6.970191428610390538e-01 5.800303296313765733e-01 8.269759298594451247e-01 8.075151928328392348e-01 7.202701626879051133e-01 6.214602972243663537e-01 6.319062294369056643e-01 6.541764038142084958e-01 6.629376047559017993e-01 6.479076253905543537e-01 6.135209977233699874e-01 6.267754699515396544e-01 6.338061431539386836e-01 7.223917877679371102e-01 7.369821723894877108e-01 7.241408290165773920e-01 7.119822630907027827e-01 6.965782853814953546e-01 7.492902608497258310e-01 7.808023642200926373e-01 7.401065969113475029e-01 7.865165821316695283e-01 7.186811342632254407e-01 7.861277606974435006e-01 7.512478536127880080e-01 8.032385173492161412e-01 7.853633426394730499e-01 7.939241994328209984e-01 7.800172956797180035e-01 7.909346030976459607e-01 8.017614257346792339e-01 7.963257030246375656e-01 7.908048304547744545e-01 7.767847141511161624e-01 7.529886787730030173e-01 7.476365756810550156e-01 7.638654396609245723e-01 8.099263298029267810e-01 8.074207306664984429e-01 7.946508178020477153e-01 7.943217774001029019e-01 7.607018627775707920e-01 7.667880154330870557e-01 7.439227033793066601e-01 7.879987814007862745e-01 7.690604624538248668e-01 7.866033131968233061e-01 7.687478433439283165e-01 7.787270446376913791e-01 7.733834236996334210e-01 7.788000583006119415e-01 7.712290684317016920e-01 7.666082826701793307e-01 7.833152795385855960e-01 7.572855719155460186e-01 7.503162773992120282e-01 7.739723192389880158e-01 7.893864092048277215e-01 7.731607455346992674e-01 7.448070017099260864e-01 7.548893328706044459e-01 7.503815103021342914e-01 7.750830144336382510e-01 7.690045692730340665e-01 7.733889784271508194e-01 7.653932903324228709e-01 7.659788660496593682e-01 7.538959370571677310e-01 7.724573769839565562e-01 7.545651609758958767e-01 7.834209549690310803e-01 7.689641701618061820e-01 7.897616516084645655e-01 7.835095919899812689e-01 7.745301713977258418e-01 7.839295966804585847e-01 7.724988317773487934e-01 7.813370533887932234e-01 7.913074011775981242e-01 7.736109218877456062e-01 7.670014630900939823e-01 7.674943818936917905e-01 7.469786153519240024e-01 7.537832061340664636e-01 7.910153666320424160e-01 7.940111142500821950e-01 7.751200759090134396e-01 7.833390617185645999e-01 7.739023968424196820e-01 7.799709414596667223e-01 7.583115888153165729e-01 7.684540664160086632e-01 7.710943268231365000e-01 7.829455340341359149e-01 7.786464662530895309e-01 7.563231947904521801e-01 7.685173033467717074e-01 7.734094883671890353e-01 7.795964588580650556e-01 7.588609807387333150e-01 7.629626207724117259e-01 7.657086822412590976e-01 7.576737131597263142e-01 7.579416889591853446e-01
2.020118489821307040e-01 2.013536203717155859e-01 3.605116160969845107e-01 5.871871428522104086e-01 4.399433952879326370e-01 4.937658186754589340e-01 7.640832689879123452e-01 1.000000000000000000e+00 7.142539741950718613e-01 6.628484558485715494e-01 7.059337890074780519e-01 7.640619564575379385e-01 6.929802037502280632e-01 5.656839413912052583e-01 7.977409085872984029e-01 8.010738998487009210e-01 7.198419939250174648e-01 6.175074526342855252e-01 6.382123033326332351e-01 6.217703988935279202e-01 6.471443430350291015e-01 6.478740412246218883e-01 6.158455584405226890e-01 6.293978967477547037e-01 6.453553836187678749e-01 7.257117051014546627e-01 7.285326264878373426e-01 7.158127514936577507e-01 7.032357032268016228e-01 7.061121007843211839e-01 7.583214680357345250e-01 7.810638090732480165e-01 7.304529183261874170e-01 7.873185761870229449e-01 7.177661835354329778e-01 7.863385216330420757e-01 7.515886925763534121e-01 8.037336789488432887e-01 7.896111930182421190e-01 7.822332500627130480e-01 7.799659977464703520e-01 7.929577533364876585e-01 8.050033711537734060e-01 7.938037568155280610e-01 7.962288328159778938e-01 7.817121247410577789e-01 7.524852478410172241e-01 7.490651449471155132e-01 7.559549408801070625e-01 8.012146501803524279e-01 8.048855000003786175e-01 7.897146480858817652e-01 7.879991698165333958e-01 7.484222193676923762e-01 7.601102436560331910e-01 7.400331637585202404e-01 7.642355376790066490e-01 7.684468081776247850e-01 7.762844105927311222e-01 7.636090762098507456e-01 7.700377418211040714e-01 7.652663260573977499e-01 7.681040176817052201e-01 7.664859855888255247e-01 7.590247246647469082e-01 7.702163810172943936e-01 7.582153080907180209e-01 7.497284608572291065e-01 7.737203901393275851e-01 7.775864655882884779e-01 7.675005715275589058e-01 7.494785166479989158e-01 7.584612292884621576e-01 7.550541204567754461e-01 7.781907028093649759e-01 7.647884030381296716e-01 7.734065839892996230e-01 7.672144998665865190e-01 7.695718749563081884e-01 7.534335319757060612e-01 7.693207727117175043e-01 7.571777137009381153e-01 7.799912462260518708e-01 7.687671387049966887e-01 7.873901211092563246e-01 7.778942813100747644e-01 7.701464455483227889e-01 7.864606091112783526e-01 7.733747561688730787e-01 7.836294432748851513e-01 7.898802606085869593e-01 7.777733398986990121e-01 7.665188275490166792e-01 7.691485341232030537e-01 7.482779851629074441e-01 7.525584653309970173e-01 7.888552404847222199e-01 7.811774324688534055e-01 7.726193461523922501e-01 7.843523108792024301e-01 7.788580064678362058e-01 7.784310514176128182e-01 7.579817066156946392e-01 7.704915370129182817e-01 7.712692181930178581e-01 7.719874572548208747e-01 7.719721163881130277e-01 7.576476689366212769e-01 7.700392544993234223e-01 7.740263976886690989e-01 7.818614586226472207e-01 7.589416434690725577e-01 7.596680119472543069e-01 7.648261780176636160e-01 7.588159995996089924e-01 7.536249930451991430e-01
2.321280131073697461e-01 2.335143462610157761e-01 4.202825549381441483e-01 5.898200489951698211e-01 4.622261825696346582e-01 5.434194602254180939e-01 7.026131888605041675e-01 7.142539741950718613e-01 1.000000000000000000e+00 7.568769406834423563e-01 8.190969720784756491e-01 8.501423693147297511e-01 7.538649798405074876e-01 6.288840616250800375e-01 8.388199919030715490e-01 8.430074757059591306e-01 8.334082059519133390e-01 7.569290877055286915e-01 7.924861839507167938e-01 6.419713751591846762e-01 7.276612117096303844e-01 7.691419452227261644e-01 7.593270816337636120e-01 7.602591113948808932e-01 8.000172938147599444e-01 8.572077969376985518e-01 8.581549947760658270e-01 8.363649984143441962e-01 8.518261832481850426e-01 8.165275757625723996e-01 8.807837748041146275e-01 8.682312514208937460e-01 7.948586207117598335e-01 8.407916794072531896e-01 8.028338213496315490e-01 8.278807967216154085e-01 8.344894809643199629e-01 8.740232263496536813e-01 8.631316668342505771e-01 8.342171459629562635e-01 8.780623869449275531e-01 8.728155918509266087e-01 8.486522929302232621e-01 8.830223396268550573e-01 8.668520339845369183e-01 8.849365482916854431e-01 8.649959283627258744e-01 8.696710439795536374e-01 8.757178359040443949e-01 8.733410903963955141e-01 8.854474912888576910e-01 8.660994155490532309e-01 8.736553524438802620e-01 8.831927586109680206e-01 8.887773464265542600e-01 8.690410515376872924e-01 8.862898368395972781e-01 8.779761669848213934e-01 8.903177356317450997e-01 8.871410674982697087e-01 8.828896278709479351e-01 8.835509173638051994e-01 8.815003682647774008e-01 8.756575211232306977e-01 8.900983842844046867e-01 8.912188643948431022e-01 8.733713876035581469e-01 8.871805125269218717e-01 8.864399710794685916e-01 8.750631762453067175e-01 8.858009730454362574e-01 8.803755472830456785e-01 8.818204024740948777e-01 8.835530860511652262e-01 8.891515241334230213e-01 8.841072582754047060e-01 8.774784634497970748e-01 8.861267664068583905e-01 8.814555095992161471e-01 8.731617181580638709e-01 8.789393394278457450e-01 8.767139322587015338e-01 8.863998041283379647e-01 8.646467897466815211e-01 8.696140905608972238e-01 8.738678712027280193e-01 8.682634947857829077e-01 8.737775394862471456e-01 8.668305599572677655e-01 8.839732998078367876e-01 8.684901470527304213e-01 8.686230953542272148e-01 8.661515643780947071e-01 8.699298040136866916e-01 8.554846395360199418e-01 8.645861043599621931e-01 8.532848611459258326e-01 8.735134495657276288e-01 8.644220485843423507e-01 8.654514786426296125e-01 8.543324068537969662e-01 8.715021905939621671e-01 8.565512526539997840e-01 8.655317899315221331e-01 8.644528854515409755e-01 8.735887176619977490e-01 8.754956284571677738e-01 8.689447192737659309e-01 8.765942012749426970e-01 8.747120983421469154e-01 8.673334348963861462e-01 8.670516736473612429e-01 8.635686514114038204e-01 8.659851335248666127e-01 8.743045960275881434e-01 8.638229120150980878e-01
1.531294341381509161e-01 2.257403204623942561e-01 3.443026760237876127e-01 4.998223379305647973e-01 4.126380966248123783e-01 4.990820994230586449e-01 6.518086821694587529e-01 6.628484558485715494e-01 7.568769406834423563e-01 1.000000000000000000e+00 7.488328906465009371e-01 7.661528753026405347e-01 7.063120216012694907e-01 5.820524260676164241e-01 7.629491915140843572e-01 7.824469052061101548e-01 7.470275495523689413e-01 6.630030360913873322e-01 6.955917966691317345e-01 5.453404474012181202e-01 6.138898849572508309e-01 6.621136369714475389e-01 6.893399826288927335e-01 6.695641021400573489e-01 7.177119658069883723e-01 7.668866656799223636e-01 7.589415319140274674e-01 7.406166754983876110e-01 7.731535280677632738e-01 7.423150372112669038e-01 7.805174441009888886e-01 7.970887384605020998e-01 7.203416922514503939e-01 7.651040048846404762e-01 7.364252909571599170e-01 7.509337601532273254e-01 7.523457735422577342e-01 7.989037886185289539e-01 7.903836858903975360e-01 7.695065437509133188e-01 8.033109902372643774e-01 7.950169350463744955e-01 7.771915872984184182e-01 7.991708005020493610e-01 7.922543032726764300e-01 8.069825122280910312e-01 7.983090510977457477e-01 8.071162190671365977e-01 8.064437499920439345e-01 7.817186077309163927e-01 8.016944020941025872e-01 7.865067525877472709e-01 7.947704209434521827e-01 8.138875703806807138e-01 8.194853699801727398e-01 8.082272295534596029e-01 8.046449788891572030e-01 8.098781417145735073e-01 8.169135467780748172e-01 8.094699763452046781e-01 8.094604888116830876e-01 8.145417763657311072e-01 8.095320074756953144e-01 8.005501532908305684e-01 8.024386741230757902e-01 8.097521774997021859e-01 8.071716268566131447e-01 8.165976143248699914e-01 8.155822771367599033e-01 7.905131227026048757e-01 8.003730016209037457e-01 8.108449840607561132e-01 8.036433289029958349e-01 8.070109589532757921e-01 8.198617304923726534e-01 8.091054671677528898e-01 8.055723633425071473e-01 8.185287189348229298e-01 8.161150999906936487e-01 8.137068919645822351e-01 8.075266284639794900e-01 8.043283961378500102e-01 8.148597404918381804e-01 8.015102557915856352e-01 8.020389376780634461e-01 8.050241048494373164e-01 7.954827381549509635e-01 8.096415002634165248e-01 8.019904421035027875e-01 8.182175576062880040e-01 8.002496453422918155e-01 8.056332659959244413e-01 7.982570451291166602e-01 8.051925748917811987e-01 7.973761482820936886e-01 8.049141639697157125e-01 7.925804877033330031e-01 7.963473632042976647e-01 8.037114098658273420e-01 8.032054190315706110e-01 7.956587668205044039e-01 8.067604676859055912e-01 7.958140293453821457e-01 8.025544549174181697e-01 8.014410112924439389e-01 8.073639489077202303e-01 8.072855225398570811e-01 8.080329162449151337e-01 8.156440807727335374e-01 8.087469955143471445e-01 8.119737692054773692e-01 8.049994311366145405e-01 8.054838038248807175e-01 8.008930703857882749e-01 8.020810643343584401e-01 8.008859514213672037e-01
1.238585781515126466e-01 2.279513660849741274e-01 4.218869057621347229e-01 5.894298529249563101e-01 4.741608249755206450e-01 5.641471545526384190e-01 7.083216589915642958e-01 7.059337890074780519e-01 8.190969720784756491e-01 7.488328906465009371e-01 1.000000000000000000e+00 8.643197071183446045e-01 7.864250387787454777e-01 6.435743855493716303e-01 8.469353521832684306e-01 8.615801869195836016e-01 8.186938200986736414e-01 7.124042902259940524e-01 7.561714962223262670e-01 6.331803274802114689e-01 6.885514493324124130e-01 7.395933834244684535e-01 7.265283172531232792e-01 7.181354273161532076e-01 7.682669429275680306e-01 8.339269501174171317e-01 8.479706748974027430e-01 8.346081950687955775e-01 8.271656784745531343e-01 8.264654563776027141e-01 8.788164946398577815e-01 8.700981468007701336e-01 8.201449169379317894e-01 8.455792095471255099e-01 8.177731791925612059e-01 8.369991987561357094e-01 8.500899955875268477e-01 8.828866315894088324e-01 8.816291253322723342e-01 8.609449647866694866e-01 8.942560262148211425e-01 8.919707552067258627e-01 8.693171665371038914e-01 8.943990522118940856e-01 8.881063564347108086e-01 8.958022296692547126e-01 8.907162106598157658e-01 8.911580180700916509e-01 8.932493049419796272e-01 8.764328932605722766e-01 8.938114606724356648e-01 8.796514552155552114e-01 8.836679128844010522e-01 8.931984634568099768e-01 8.912418685735377100e-01 8.873046425451425190e-01 8.917344633107028296e-01 8.964880767225922309e-01 8.978672147599314757e-01 8.975779455813496233e-01 9.000868034304526644e-01 8.955347707843600569e-01 8.944639881119014202e-01 8.914798788039788313e-01 8.947036669435709522e-01 8.967238647234543336e-01 8.956401611904248883e-01 8.985806303716272758e-01 8.980649917502796509e-01 8.913124865680769338e-01 9.005323047775313228e-01 9.040711361915924060e-01 8.871656118300111915e-01 8.943490750657998589e-01 9.066439100495129466e-01 9.036239944762417542e-01 8.996416910096162178e-01 8.996968571598448206e-01 8.997946809549444147e-01 8.967404385719341953e-01 8.993452455703200288e-01 8.996266890967680174e-01 8.996993365187907488e-01 8.915612906944682114e-01 8.982273071005995035e-01 8.977265843329610417e-01 8.952151957744567401e-01 9.029918078930719849e-01 8.981905225450820263e-01 9.003126753832192408e-01 8.967389316867956373e-01 8.989119579708695351e-01 8.984958448883300086e-01 8.989236251576437908e-01 8.906114490209768864e-01 8.957931434490531419e-01 8.895681491518715456e-01 8.920375075715656354e-01 8.971573616503561999e-01 8.984208038684886599e-01 8.933490888193258428e-01 8.998865199538796933e-01 8.904241480649628393e-01 8.968209048079580636e-01 8.974279809357517124e-01 8.941080199731674671e-01 9.011854929169480499e-01 8.956775831289608414e-01 9.007347961465517194e-01 8.997468245582664892e-01 8.993231910695206333e-01 8.958115427555448651e-01 8.955397890447399645e-01 8.964205499267178245e-01 8.977456677834515508e-01 8.924506879316637109e-01
1.459009968803883228e-01 2.032864159505072821e-01 4.408142185158829274e-01 6.722883450199715893e-01 4.868332472834671076e-01 5.899202195123384174e-01 7.684230694695063368e-01 7.640619564575379385e-01 8.501423693147297511e-01 7.661528753026405347e-01 8.643197071183446045e-01 1.000000000000000000e+00 8.124758240309754020e-01 6.651073102534019732e-01 8.975846288850333199e-01 9.022281732015161593e-01 8.444588036854445701e-01 7.333297475222828599e-01 7.825424558736950864e-01 6.689543000015891749e-01 7.448139448777066907e-01 7.820709982012924444e-01 7.355285261785748929e-01 7.376710759014093455e-01 7.891944459601123452e-01 8.611263884491625609e-01 8.867280155528707297e-01 8.786240301499281813e-01 8.577142882851874761e-01 8.636535750478245843e-01 9.119815618228845899e-01 9.047177788241791418e-01 8.648445658053585117e-01 8.979251704640068832e-01 8.570398180030001090e-01 9.020052526182120722e-01 8.982023592438390658e-01 9.238444982171973852e-01 9.297436689522062814e-01 9.148775420160416560e-01 9.351547905142829631e-01 9.377275836849019441e-01 9.288656568437699823e-01 9.405788676850019847e-01 9.354391206073329190e-01 9.290596603685904453e-01 9.161239345507772303e-01 9.172872072363217333e-01 9.164616411927446471e-01 9.202390635686091835e-01 9.353196143140085628e-01 9.311673551506156610e-01 9.288113159817886766e-01 9.126154279621498944e-01 9.093763011031974486e-01 8.978746389012224327e-01 9.195439887718461769e-01 9.253444489389215377e-01 9.218331752658339706e-01 9.282216753338871085e-01 9.274178062946734080e-01 9.208906138314558731e-01 9.198500436601995123e-01 9.213013447170294024e-01 9.256881627854622874e-01 9.266861496773123319e-01 9.234337430730861218e-01 9.217754009598878584e-01 9.257723619408279037e-01 9.235305320650357697e-01 9.381200655398811428e-01 9.263647452073876520e-01 9.133866126333908264e-01 9.197565970471508479e-01 9.354895993215560646e-01 9.350688718611753769e-01 9.331222312565649046e-01 9.276616523932454950e-01 9.290035432378316305e-01 9.208181081148344438e-01 9.318663947917050772e-01 9.286704184051796096e-01 9.337330762423724506e-01 9.224184628732799984e-01 9.325571134379886384e-01 9.323696032002695144e-01 9.335138737100383555e-01 9.318864052039530499e-01 9.305967047120946578e-01 9.298312477778292173e-01 9.375572655216311002e-01 9.317822193729848879e-01 9.310170104891801746e-01 9.326336058455918510e-01 9.146476102030571820e-01 9.183831779248177174e-01 9.279790005457192459e-01 9.295146040548756261e-01 9.269305818903840199e-01 9.299968348770388804e-01 9.303028740749237357e-01 9.294421662226386438e-01 9.210974545319523532e-01 9.277675850112878653e-01 9.316463018310974231e-01 9.274589062550379071e-01 9.296741461853308408e-01 9.183654426211294020e-01 9.246762999906030789e-01 9.281533538354641566e-01 9.260717653277128480e-01 9.225791720955269781e-01 9.190565411528991424e-01 9.260396916688703461e-01 9.262782977729303591e-01 9.199959800273402877e-01
6.919307426372965641e-02 1.751091762071268487e-01 3.599556182901237356e-01 5.204894639035928527e-01 4.590374636346941650e-01 5.355626258530082895e-01 6.970191428610390538e-01 6.929802037502280632e-01 7.538649798405074876e-01 7.063120216012694907e-01 7.864250387787454777e-01 8.124758240309754020e-01 1.000000000000000000e+00 6.243052605388558218e-01 8.228628525375202285e-01 8.397329445433487916e-01 7.462674005706027014e-01 6.102721895797299512e-01 6.538739183021036183e-01 5.823754143118663462e-01 5.865636575246134798e-01 6.324365976922460275e-01 6.320634117247592165e-01 6.320108189447503078e-01 6.791251714938945083e-01 7.441727515931341186e-01 7.618542513312682729e-01 7.537302158361594007e-01 7.478619491439258971e-01 7.527973060518703408e-01 8.047516263049574459e-01 8.058734561088740644e-01 7.537943102773383419e-01 7.862511882332969826e-01 7.648958226794624338e-01 7.806770956425026498e-01 7.960841939399068146e-01 8.220413065349045922e-01 8.279122509625916893e-01 8.171419143115833394e-01 8.481183542709582746e-01 8.447260332912571723e-01 8.337825674396376341e-01 8.474636410932673281e-01 8.367617628551907716e-01 8.448438040082419942e-01 8.582460472277669838e-01 8.611882425416255149e-01 8.530743799096726088e-01 8.177533442661657492e-01 8.410624515855884553e-01 8.379491141474390004e-01 8.427582316543633656e-01 8.519766301897495619e-01 8.413939163320023340e-01 8.367603741849403143e-01 8.352814847507943341e-01 8.557913739005336140e-01 8.496787341746446787e-01 8.606155187762327685e-01 8.569541604913638588e-01 8.570404116883942880e-01 8.507588962886736272e-01 8.477596822411826993e-01 8.439947124749541674e-01 8.527681075069741823e-01 8.594753879647450967e-01 8.485774330865267778e-01 8.509011517373444855e-01 8.425012288922720805e-01 8.400090238237880591e-01 8.511286953007624057e-01 8.326065850140687008e-01 8.370990354939643607e-01 8.594100010628871189e-01 8.544649687533857341e-01 8.529892062939424813e-01 8.457175458499223142e-01 8.510231597803734616e-01 8.544551917181827383e-01 8.581748027502337228e-01 8.561018762771599455e-01 8.515190287060045993e-01 8.466529626655421303e-01 8.575459444633707351e-01 8.554772365934024680e-01 8.553278762185870798e-01 8.614271609393402418e-01 8.618324756358813898e-01 8.572101105674732047e-01 8.602873232217195243e-01 8.641900591238412810e-01 8.611555307380880375e-01 8.639850318080423142e-01 8.621938591849720446e-01 8.639506298502384052e-01 8.580465521080978819e-01 8.516593341257122640e-01 8.631070174934303285e-01 8.612519309803746692e-01 8.613125073425588196e-01 8.621732186270330001e-01 8.650202227032790514e-01 8.647788700758831659e-01 8.598500196461349443e-01 8.552558241240476589e-01 8.626353323539432960e-01 8.613882001200179328e-01 8.634687221172676619e-01 8.648494061081791751e-01 8.645979724941045275e-01 8.651639037494449624e-01 8.647752041260829969e-01 8.603005976098259122e-01 8.565236074521856979e-01 8.631608463241156048e-01
