1.000000000000000000e+00 6.707387057195914049e-02 9.990416610836873323e-02 5.427592358324807159e-02 1.975407717305583885e-02 4.801166933392234971e-03 8.132990067518722221e-02 7.223539224202175923e-02 9.234799866459673934e-02 -2.726321541523982206e-02 4.552361229109859464e-02 2.921199259005487908e-02 2.392618742438311352e-02 -4.420922490086801743e-03 7.603740637741300198e-03 2.519572154748769138e-02 4.838520373409987974e-02 1.206010202141357124e-01 8.161658546431886652e-02 1.042204536825668548e-01 8.177227160286254515e-02 9.266182054244460897e-02 9.945909595906719802e-02 9.600534120652419456e-02 7.224175901381467424e-02 6.508020007723328004e-02 5.092430194461112364e-02 5.149326174089077779e-02 4.164771905734186014e-02 5.669303282977969372e-02 6.126412200149573828e-02 7.458373299769240072e-02 5.362059681532144878e-02 5.837595637215074740e-02 5.379523831937280121e-02 4.995969176104993192e-02 6.897844142514043819e-02 2.996695725150158585e-02 4.629455394206977853e-02 2.651129255213801814e-02 2.718452327193439030e-02 1.339712342297989106e-02 4.407108137877006893e-02 3.513370146504962016e-02 4.472902684118487682e-02 2.794243463772165884e-02 5.210746937671824341e-03 1.114683044016771471e-02 3.057322902969452152e-02 4.976327435758930856e-02 2.960762168631344421e-02 5.703669699332503812e-02 3.752613770121866754e-02 3.643751138471189310e-02 3.860849215981779908e-02 2.543152417032587195e-02 6.434473303007048894e-02 2.897090065763402444e-02 1.806224895918420031e-02 2.633715669654778865e-02 2.698177843561192987e-02 5.337102661178474983e-02 3.918796047835644558e-02 4.634315323390880009e-02 5.490742708441746778e-02 3.974368964144142646e-02 2.144178687530232455e-02 2.107085467654861571e-02 3.717253227842439584e-02 3.880385206575741319e-02 2.054853615179608184e-02 2.331657898493675815e-02 3.513749226759842886e-02 2.585911246144647138e-02 2.259322399615102533e-02 2.368776893985594448e-02 2.202677416366576046e-02 2.011053674945234918e-02 2.525175488027928128e-02 2.276602805144196592e-02 2.184123432350927596e-02 1.742896162041649918e-02 3.557962347847543061e-02 2.356573608386014484e-02 2.452080729181389113e-02 2.008986711883703480e-02 1.961532732812518512e-02 1.444649838115406350e-02 1.979835163973565904e-02 1.140734107429273829e-02 2.158256450818551303e-02 1.539809833227289045e-02 1.411741096911403245e-02 1.351763650600634054e-02 3.102701135033744196e-04 7.187395702706191047e-03 2.788587700831783589e-02 4.569120644944735937e-02 1.709490692993337335e-02 1.430692999335755715e-02 1.877089454266957572e-02 2.537779248493409259e-02 1.399394372657767997e-02 1.895377311651608512e-02 3.028211836167019749e-02 3.873900754510493233e-02 2.279404442375812176e-02 1.188422067706822703e-02 2.099452433755128952e-02 1.272376786350038966e-02 1.583351995714727192e-02 1.739118818166226002e-02 2.461772353643170569e-02 2.729708049337600459e-02 2.524766676037985824e-02 2.436368514451164174e-02
6.707387057195914049e-02 1.000000000000000000e+00 6.783613291534494605e-02 1.124474811059976986e-01 8.989535165026453500e-02 5.022627989498149037e-02 1.518826278804833174e-01 1.323820797473028998e-01 1.339792626537710807e-01 1.593555050289043318e-01 1.292962654488291618e-01 1.620469584106988548e-01 1.445239903154538486e-01 9.561026598075857141e-02 1.534245850856605087e-01 1.458409147230571301e-01 1.550331549066178427e-01 1.219333032813731121e-01 1.523029454431764351e-01 9.682426748479350254e-02 1.165857484714884068e-01 1.327214043726830939e-01 1.412695392209397383e-01 1.284214467845692931e-01 1.380594987972054155e-01 1.541532157729789132e-01 1.538834941296773062e-01 1.592228827615121967e-01 1.610646666166150598e-01 1.481649482458008704e-01 1.627787375499041567e-01 1.549381759141164050e-01 1.390236221245764459e-01 1.447301916567521884e-01 1.495337133057155488e-01 1.543890253811871505e-01 1.611180220136174956e-01 1.458512264621916465e-01 1.535254193519564880e-01 1.432292539292554789e-01 1.549016011397465475e-01 1.569870810035135233e-01 1.443745149052351739e-01 1.550513075325554158e-01 1.497698060508752815e-01 1.591091165860662460e-01 1.565338190993396661e-01 1.640369162297252159e-01 1.466937106807156832e-01 1.342192722474073174e-01 1.462455626449035428e-01 1.371396685144969096e-01 1.441047561923224363e-01 1.650589687974716169e-01 1.553556399111120923e-01 1.546656743539770729e-01 1.481906220332407376e-01 1.590473322644101462e-01 1.541490785548565445e-01 1.605638703631985242e-01 1.510054178224576327e-01 1.588606512949070904e-01 1.509057813230938183e-01 1.491494743732341144e-01 1.548485100790388258e-01 1.580801695472000001e-01 1.602462725667190002e-01 1.588001459224643308e-01 1.596915157492060922e-01 1.464966437728528192e-01 1.502140931615023045e-01 1.557401917617165232e-01 1.543042916693924405e-01 1.523979081433045057e-01 1.585571721005648305e-01 1.606514694200360249e-01 1.624212237892853350e-01 1.640076763849203922e-01 1.554834887924041453e-01 1.595720575760666560e-01 1.637116855963243744e-01 1.635721333489133511e-01 1.677640822148525890e-01 1.555822198073425200e-01 1.542190825327741099e-01 1.609233683702485096e-01 1.641332058603186816e-01 1.586926322385027177e-01 1.559254000343632818e-01 1.577308112775971938e-01 1.576582796006766318e-01 1.586591129462022187e-01 1.602357083333108279e-01 1.602957262099147517e-01 1.565069936553773189e-01 1.615322092557335276e-01 1.441152714100830401e-01 1.474535596205740762e-01 1.521881575575412815e-01 1.557121490782500395e-01 1.530292368801033087e-01 1.508029996567786524e-01 1.563867748554499670e-01 1.548887338979264838e-01 1.554021068948044371e-01 1.558424632325789150e-01 1.597701071568872477e-01 1.601097953569846355e-01 1.592405599481910017e-01 1.579939673973076719e-01 1.605877551323569852e-01 1.595299809887744669e-01 1.629321178389062097e-01 1.578830447221513944e-01 1.629803785128014493e-01 1.604849721346042757e-01
9.990416610836873323e-02 6.783613291534494605e-02 1.000000000000000000e+00 3.793437380777598400e-01 2.088912045371818516e-01 1.946946788901585124e-01 3.858212273979673701e-01 3.755518470331584147e-01 3.686718866907403025e-01 2.983198994103736235e-01 3.902792231580465843e-01 3.945029312892677775e-01 3.431895535772165884e-01 2.953923684544861317e-01 3.736328076555874844e-01 3.970126886160667556e-01 3.859889325519332282e-01 4.216582203656246697e-01 4.119940827125277427e-01 3.484068035409706998e-01 4.101843441295770498e-01 4.180236684491518417e-01 4.177112155064988119e-01 4.153059180203112488e-01 4.307244261240452121e-01 4.387212346092482784e-01 4.229946039308047356e-01 4.327568879100720523e-01 4.102152400931696752e-01 4.142394865304879770e-01 4.247050948603289799e-01 4.255255626442516204e-01 4.200124593324213174e-01 4.415972500136924883e-01 4.049368402048446614e-01 4.275432140674987336e-01 4.360489903659221511e-01 4.207376474115515630e-01 4.245876071472902691e-01 4.116117398410829020e-01 3.965295831163265228e-01 3.983232709001075511e-01 4.218072296397563092e-01 4.152354954164872436e-01 4.233365495091555575e-01 4.102283623656111100e-01 3.695563027072796825e-01 3.829465434957075032e-01 4.023006370880808924e-01 4.306931061112264092e-01 4.174700845869409038e-01 4.128595909936878527e-01 4.064207731799286405e-01 3.927902604931621799e-01 4.030735637957245654e-01 4.085595168534586485e-01 4.238580682862237436e-01 3.870984386081347539e-01 3.962858542713655896e-01 3.828937780590731532e-01 3.952490003970198784e-01 3.954272504340236583e-01 4.000666017135281471e-01 4.183433234574568949e-01 4.060109795772788854e-01 4.066514552024574347e-01 3.938008282960290263e-01 4.164788467716545317e-01 4.131916750922860482e-01 4.094761760171853338e-01 4.020562512729327076e-01 4.040253928960362839e-01 4.142355839126205530e-01 4.117924410354313336e-01 4.051779863969289242e-01 4.015026064542684403e-01 4.057899574251814245e-01 4.045033910938139465e-01 4.010558658040973556e-01 3.894637155488667180e-01 4.020425874002786504e-01 4.054690788846832539e-01 4.062204123217486584e-01 3.981116099055681534e-01 4.111781286629624943e-01 4.099395466637967833e-01 4.094921819891778059e-01 3.980047012759407865e-01 3.959521925162950984e-01 4.000802663537489923e-01 4.068617940749797435e-01 3.896236652909782494e-01 3.977949747475250097e-01 3.978163528246074776e-01 3.804687678490661917e-01 3.802674804488126448e-01 4.091299374907620967e-01 4.107059467425015487e-01 3.954167953668379920e-01 4.009399838350193312e-01 4.043160209672377881e-01 3.958438932632169505e-01 3.881774994406851365e-01 3.942445926991821614e-01 4.065166366311176449e-01 4.106603309747708375e-01 3.984414365401389713e-01 3.801880726254641130e-01 3.984220346786639944e-01 3.850449138403705951e-01 3.895228310984737985e-01 3.794404710735024833e-01 3.879105544972654696e-01 3.999183981375474262e-01 4.007263059411054762e-01 3.890439032055613700e-01
5.427592358324807159e-02 1.124474811059976986e-01 3.793437380777598400e-01 1.000000000000000000e+00 3.036206735076940055e-01 2.136053180565546661e-01 5.646185461614292578e-01 5.290069995082051779e-01 5.535494152480668895e-01 4.827469109392685809e-01 5.689601337256923186e-01 6.077758554454592010e-01 5.401300660531299647e-01 4.336078116862622234e-01 6.029820784990994609e-01 6.152314135050104271e-01 5.744770542609866082e-01 5.595192978608155565e-01 5.695766646791918797e-01 4.854647179299253490e-01 6.147675129198627575e-01 6.072953636912223896e-01 5.523005989454624620e-01 5.436677867089209082e-01 5.695147363167536447e-01 5.981808816990573652e-01 5.814695430160202738e-01 5.815186634753551909e-01 5.389291712101204057e-01 5.698014615050015497e-01 5.926633060204390402e-01 6.189385066573309668e-01 5.589048479769997968e-01 6.123086335383611800e-01 5.775255691794766166e-01 6.137110820205330386e-01 5.936575324647644925e-01 6.063675269270095702e-01 6.175481001038632956e-01 5.768766691788038692e-01 5.990750046720830779e-01 5.988945706331688656e-01 6.085049260948043326e-01 6.140551445380864060e-01 6.083108347411280148e-01 5.991317365268669093e-01 5.972066878821714608e-01 6.083619383179326157e-01 6.158754684382127254e-01 6.160121494945056675e-01 6.190559761548473094e-01 6.083964769719167887e-01 6.164157188808850885e-01 6.105422484794051918e-01 6.060808408855425933e-01 6.019578032197130391e-01 6.288774931670628732e-01 6.091328299886772379e-01 6.132267037070803228e-01 6.103119192673853721e-01 6.182409487658042657e-01 6.161602580469450752e-01 6.187022569711011499e-01 6.289381934033222432e-01 6.170164502735776546e-01 6.214624385510001403e-01 6.084074961145753413e-01 6.218710233763985462e-01 6.159123384744424889e-01 6.207101376272224913e-01 6.197046811766361296e-01 6.140784888340776737e-01 6.139804562915943675e-01 6.065232621020955062e-01 6.118959451594426779e-01 6.086878172518881414e-01 6.032310212218348067e-01 6.020688961262606886e-01 6.078477505273793824e-01 6.003404120610532635e-01 6.080420538345124859e-01 6.116211143058112309e-01 6.185368720370597595e-01 6.065820555781310519e-01 6.139904319119451337e-01 6.196171054243874154e-01 6.144993689385037650e-01 6.125294228073935310e-01 6.093992886848561552e-01 6.057344235012960265e-01 6.135556843779831349e-01 6.074759600173218477e-01 6.085992278116608700e-01 6.100247795757026692e-01 6.046298291877502118e-01 6.042087404430163122e-01 6.208148766611036873e-01 6.297155250099539803e-01 6.190829646896329752e-01 6.178259081243395734e-01 6.202080516240380259e-01 6.198874228456217050e-01 6.098049529993131435e-01 6.134771961298780552e-01 6.198471540816573588e-01 6.257021542247557244e-01 6.185055296456150042e-01 6.003803264974711951e-01 6.123108070691251070e-01 6.069656307156433561e-01 6.114577790791932976e-01 6.073830427327355785e-01 6.172274845938318100e-01 6.227726767280961084e-01 6.141941314051957423e-01 6.138531960754851635e-01
1.975407717305583885e-02 8.989535165026453500e-02 2.088912045371818516e-01 3.036206735076940055e-01 1.000000000000000000e+00 2.049379064955502705e-01 4.412505245747926352e-01 4.034550364963778724e-01 4.315745610421294898e-01 3.713504714723282474e-01 4.398573733600017466e-01 4.678609783706701997e-01 4.562470855540152193e-01 3.459505450927684578e-01 4.795191475688878047e-01 4.765467532068348722e-01 4.295860105512790406e-01 3.821274449585964073e-01 4.179733469721513828e-01 3.422629255799635173e-01 4.205754584993600109e-01 4.284631307264600841e-01 3.952285420742031596e-01 3.571925274770733627e-01 3.898557761932255339e-01 4.587080951176667476e-01 4.513741460862434329e-01 4.283778649890047086e-01 4.141915991415760501e-01 4.334970325578609285e-01 4.430082796036221016e-01 4.689155593103822572e-01 4.390354536923152806e-01 4.518852763687996044e-01 4.465335567000752737e-01 4.394395201047158195e-01 4.296627893853757207e-01 4.826587468566793104e-01 4.821868648193661788e-01 4.604168518302185209e-01 4.761830963106323256e-01 4.764098062631410002e-01 4.774649718282101829e-01 4.815388337933728113e-01 4.646242112394136647e-01 4.772416961182569528e-01 4.849376999418353318e-01 4.804633587236395997e-01 4.815465586480729976e-01 4.672709447486855794e-01 4.835411623258222269e-01 4.617093238403996436e-01 4.802426402533783167e-01 4.761764294765332695e-01 4.696006018795649273e-01 4.748100597775352094e-01 4.756579399706989397e-01 4.819703395996549067e-01 4.841244876434339650e-01 4.859198811575495824e-01 4.876658040061856991e-01 4.861512683680977442e-01 4.777485289488245801e-01 4.842879219748767450e-01 4.812955093160058428e-01 4.827331406496604416e-01 4.823321185760567897e-01 4.705394898045401897e-01 4.737404768186179171e-01 4.663526507205539851e-01 4.773624364534307940e-01 4.746766407620102157e-01 4.583626745823293214e-01 4.552419726971393965e-01 4.817220990426798188e-01 4.833964164305273870e-01 4.788363152763379649e-01 4.764764744787426398e-01 4.731032292933142203e-01 4.787554551432464112e-01 4.749332283171827096e-01 4.723474443375327847e-01 4.789101951877494656e-01 4.830039463452291404e-01 4.808553716222717656e-01 4.750153024872114660e-01 4.736314925087296013e-01 4.860303631336227448e-01 4.866628819262082684e-01 4.791555680381177629e-01 4.796513014145864506e-01 4.841323361704272243e-01 4.815513963065068959e-01 4.834136283732470840e-01 4.811032212911707795e-01 4.836353810364176775e-01 4.809766928601845737e-01 4.776068228245514136e-01 4.837325063456506258e-01 4.847011340053573036e-01 4.859599572608696016e-01 4.829317051838881714e-01 4.841844442939044479e-01 4.855044152833702942e-01 4.802836379756215690e-01 4.817383194943045677e-01 4.830902197938820031e-01 4.837827598153783826e-01 4.802088530066833116e-01 4.850624380083460307e-01 4.836942415809305507e-01 4.880963699327623972e-01 4.845254893818737862e-01 4.863462753749248080e-01 4.825653044575070605e-01 4.848567336318749810e-01
4.801166933392234971e-03 5.022627989498149037e-02 1.946946788901585124e-01 2.136053180565546661e-01 2.049379064955502705e-01 1.000000000000000000e+00 3.666728909011297555e-01 2.845003332857141687e-01 3.138085499425781189e-01 2.668646037544320504e-01 3.167812847227531314e-01 3.180447064428456594e-01 2.961522914958930608e-01 2.575417958867365908e-01 3.326655315355785403e-01 3.539336243828445361e-01 3.276098064601210003e-01 3.272969465643403297e-01 3.107172386276492726e-01 2.756353958452049668e-01 3.089724390192007397e-01 3.284085057739531965e-01 3.172522963864167767e-01 3.121387332265582737e-01 3.173454669595666688e-01 3.521304453795139344e-01 3.493725382126331991e-01 3.505717073907584358e-01 3.537179983138928341e-01 3.438657589605834675e-01 3.428565500333359828e-01 3.352247685764959684e-01 3.117764512487018469e-01 3.262781841398775806e-01 3.180389361377724544e-01 3.262805677549629468e-01 3.269618870086171136e-01 3.503803562039713437e-01 3.476797321315404088e-01 3.410704256139828749e-01 3.451086791693400158e-01 3.474430915369807749e-01 3.403453163579166496e-01 3.504578550298252382e-01 3.412710172784516049e-01 3.575439357037183408e-01 3.437169739065066287e-01 3.442579113888839526e-01 3.495537330151836652e-01 3.320011102794925284e-01 3.442139607170739968e-01 3.385445694371081449e-01 3.366902574446304919e-01 3.495592836750416321e-01 3.556973325895412263e-01 3.489391097849223189e-01 3.498406409268913220e-01 3.435996421987109750e-01 3.567226411693754651e-01 3.469527519282257777e-01 3.459914502299262784e-01 3.518783107690202638e-01 3.477375741306148460e-01 3.465863049159240150e-01 3.478334357794726217e-01 3.482856882312530544e-01 3.462606488362482970e-01 3.501656347542124181e-01 3.505200091639014137e-01 3.426971041847329258e-01 3.468317322248252732e-01 3.478820804168474279e-01 3.423405085390957003e-01 3.452590143332389672e-01 3.536084021237767550e-01 3.519606481164850864e-01 3.621546934547393293e-01 3.592043296173617062e-01 3.606953711184829325e-01 3.487780115265065595e-01 3.472433330427679432e-01 3.491975919205328460e-01 3.515732255907648707e-01 3.490142622919845117e-01 3.450577947761333530e-01 3.444345203627948715e-01 3.443757774686446171e-01 3.508831451603421914e-01 3.499579758641024330e-01 3.525768059113208452e-01 3.541609308850938720e-01 3.508176032930268584e-01 3.494228767967773042e-01 3.508168818444123982e-01 3.438085852568516509e-01 3.468775869791528299e-01 3.448327349974028566e-01 3.486491537103583171e-01 3.504937907488547832e-01 3.455262392497714385e-01 3.481600237070223147e-01 3.497499190337216013e-01 3.441704934778447300e-01 3.508775839990445067e-01 3.495981674295517427e-01 3.527938626488905105e-01 3.497317016407340828e-01 3.448897899514452026e-01 3.527270592949694472e-01 3.482666083716259853e-01 3.499501606153928024e-01 3.446051316341854909e-01 3.473894509086362659e-01 3.493486373924946653e-01 3.481825468997887807e-01 3.459747943987651064e-01
8.132990067518722221e-02 1.518826278804833174e-01 3.858212273979673701e-01 5.646185461614292578e-01 4.412505245747926352e-01 3.666728909011297555e-01 1.000000000000000000e+00 6.916180445421449274e-01 7.450135127461302575e-01 6.302129524699630059e-01 7.563346252579556950e-01 7.873943071454280185e-01 7.280535634719833560e-01 5.880488335902444019e-01 8.171433627426690771e-01 7.935544341982666561e-01 7.490796396175394278e-01 7.030855345355321306e-01 7.294322783217480621e-01 6.506269414138736717e-01 7.371970318951487355e-01 7.673174810798154555e-01 7.105552822395885260e-01 6.710369264251290211e-01 7.118625870790272758e-01 7.857293719266883469e-01 7.700836831173423214e-01 7.511001194595194885e-01 6.879044822446385155e-01 7.415458424230794154e-01 7.636834943132412290e-01 8.075327418421933690e-01 7.323919480759472078e-01 7.773937939853174939e-01 7.467172105679275029e-01 7.688560298181553732e-01 7.567962854111783821e-01 8.051116029494783666e-01 8.061009365101118318e-01 7.748556762446434654e-01 8.041582369548309073e-01 8.078131391356507818e-01 8.121861052681795812e-01 8.179555688237180044e-01 8.018806415062953441e-01 8.073901614817700079e-01 8.064273464473714625e-01 8.108852229510339349e-01 8.095450439162542589e-01 7.916828392733245012e-01 8.102148078670854403e-01 7.923495110501109773e-01 8.135674945391703217e-01 8.097460518545950281e-01 8.033581090080532672e-01 8.038225834586737450e-01 8.127192409250959537e-01 8.117885345057532787e-01 8.175713993327393680e-01 8.131747469874843759e-01 8.205092621920940799e-01 8.177646474066098126e-01 8.106341783887954788e-01 8.146904985275436051e-01 8.144135743632480162e-01 8.161432352973453375e-01 8.138135748277861570e-01 8.104627060388510662e-01 8.127101887584624595e-01 8.152696104004665267e-01 8.098672912945874547e-01 8.075747887534401315e-01 7.951693913802119207e-01 7.889574570257611441e-01 8.171781694156060594e-01 8.117205317469353698e-01 8.118337956594188221e-01 7.938949386967295574e-01 8.066274380266553745e-01 8.000152944889457052e-01 8.010285532015752885e-01 8.021812932730556511e-01 8.150586636942004359e-01 8.075873371193682537e-01 8.158988322039329999e-01 8.107485423952695003e-01 8.063844628960160632e-01 8.192249425056923329e-01 8.142180675148213975e-01 8.125901419128034320e-01 8.169479407669064663e-01 8.171875033413569245e-01 8.152381767053341610e-01 8.173942762342407686e-01 8.068251904227505822e-01 8.113660314106575511e-01 8.110548137170300320e-01 8.107440608402444182e-01 8.180462618371223682e-01 8.166765446004939921e-01 8.213110123377307392e-01 8.145017789154608279e-01 8.108669547280037415e-01 8.177944655429495446e-01 8.140743229639277878e-01 8.178921980304810768e-01 8.144196555256605352e-01 8.092294980837554386e-01 8.153809902874112892e-01 8.143198923856084237e-01 8.167041181251258886e-01 8.140556220073826843e-01 8.150003853899366879e-01 8.169715735511101640e-01 8.135586628684789989e-01 8.117177097614562964e-01
7.223539224202175923e-02 1.323820797473028998e-01 3.755518470331584147e-01 5.290069995082051779e-01 4.034550364963778724e-01 2.845003332857141687e-01 6.916180445421449274e-01 1.000000000000000000e+00 6.823503309970629926e-01 5.582590920323190486e-01 6.861469532067485666e-01 7.250777307012614692e-01 6.737303994010260810e-01 5.186415916288937833e-01 7.321958496421160367e-01 7.520409470447985134e-01 6.833956430296191931e-01 6.824855869475020542e-01 6.901194548488327474e-01 5.909556178457326947e-01 7.011298972098947146e-01 7.245929367592327530e-01 6.610776233989138495e-01 6.402456512975563951e-01 6.762498178642992741e-01 7.219696196622059636e-01 7.084717332589924865e-01 6.962912711207855931e-01 6.497227275027295246e-01 6.795007598373717927e-01 6.959981881654176972e-01 7.456091558900458383e-01 6.737477319927946962e-01 7.257840039858820536e-01 6.964816686788815048e-01 7.102278001115538419e-01 7.025049327256877030e-01 7.475832923859629942e-01 7.355871325928267090e-01 7.126372251421868587e-01 7.340880460177336975e-01 7.325600229361607374e-01 7.465329224708726619e-01 7.505712707197829126e-01 7.365236118224951500e-01 7.353465765264657339e-01 7.260167681493201464e-01 7.302837903101661032e-01 7.455370555410795186e-01 7.395888593765668206e-01 7.491110013020165770e-01 7.314485110218837960e-01 7.481347478357324166e-01 7.398394001026780131e-01 7.459073700906823090e-01 7.361830014375969622e-01 7.614248159963137308e-01 7.458177607938557552e-01 7.540773177813567818e-01 7.405384484608009688e-01 7.465229865576967772e-01 7.577652629024761444e-01 7.541157954882835579e-01 7.529952576533583963e-01 7.426888898032769637e-01 7.501782398963171561e-01 7.391105688837042997e-01 7.469521118792433745e-01 7.437439737878929202e-01 7.433546254235628981e-01 7.434230497980476304e-01 7.387307985783871933e-01 7.375170088378099065e-01 7.272983947829941842e-01 7.445183662731905683e-01 7.389399779979488603e-01 7.386921980645982933e-01 7.306829200677232850e-01 7.368629622263103141e-01 7.276105108853108128e-01 7.329804686067672437e-01 7.268154354795527405e-01 7.419862542210620138e-01 7.392027306481383508e-01 7.467136300947303518e-01 7.429750256337822600e-01 7.384455952960644609e-01 7.454497595639827390e-01 7.389149615231445090e-01 7.412086604969101433e-01 7.420655998867312642e-01 7.413549205355779437e-01 7.380421415810535235e-01 7.419085258406464822e-01 7.282395224507374198e-01 7.331882295638184610e-01 7.466832430965197887e-01 7.444450413618374229e-01 7.461097151556617124e-01 7.456289731184206904e-01 7.503536543878973619e-01 7.473167865896863660e-01 7.370806422900492150e-01 7.454879603814976718e-01 7.437145007494804227e-01 7.531011157727667271e-01 7.413783258709609747e-01 7.329063804845603602e-01 7.437848329603904407e-01 7.404094907943741255e-01 7.430860345973476777e-01 7.382661242660584211e-01 7.456055859588279766e-01 7.442095964371557848e-01 7.364999419363605915e-01 7.382605365388547058e-01
9.234799866459673934e-02 1.339792626537710807e-01 3.686718866907403025e-01 5.535494152480668895e-01 4.315745610421294898e-01 3.138085499425781189e-01 7.450135127461302575e-01 6.823503309970629926e-01 1.000000000000000000e+00 7.027872580976043393e-01 8.181960890375785667e-01 8.466925269657288311e-01 7.717319836770590857e-01 5.961298201668239205e-01 8.365112080286496443e-01 8.370552020072506982e-01 8.412733092302018267e-01 7.779996278779771623e-01 8.077921391709883547e-01 6.850095326672350771e-01 7.883230789989881249e-01 8.408268641487219863e-01 7.840078856256582629e-01 7.559392824815626133e-01 7.973818693138154945e-01 8.568691150428247028e-01 8.408528324253046193e-01 8.135483280318547283e-01 7.654905296450502661e-01 8.275185043482470304e-01 8.452834950000620573e-01 8.703704678229221559e-01 7.844214173973116377e-01 8.476687332787063989e-01 8.234345717467341785e-01 8.265166380293148540e-01 8.377372701086536200e-01 8.599454582723478069e-01 8.696481533279180054e-01 8.188513600614880650e-01 8.743332409232102975e-01 8.668401059122107233e-01 8.478308633518497617e-01 8.792658989590977914e-01 8.681351220169017946e-01 8.623219948446074756e-01 8.741258847515002151e-01 8.782130478618527247e-01 8.828349240431018208e-01 8.615417084001312231e-01 8.723756880819097947e-01 8.595505632673372531e-01 8.765614645283751338e-01 8.787941582655020012e-01 8.733571554348630306e-01 8.721259234796496784e-01 8.805905572760592825e-01 8.780291837672471456e-01 8.761775934910464025e-01 8.789664715680440832e-01 8.817459360710949712e-01 8.763300063102009707e-01 8.733774654135579851e-01 8.819855116332401268e-01 8.882013836511614135e-01 8.841363852589734229e-01 8.822389838493297498e-01 8.813862705947355103e-01 8.814439066042921711e-01 8.746510920897647701e-01 8.785132423299504278e-01 8.803659955400608972e-01 8.738008311613469914e-01 8.689155125446805794e-01 8.832990669261678862e-01 8.826638497792377303e-01 8.761229658585371061e-01 8.690682601273985730e-01 8.745892161235356843e-01 8.765662911567566606e-01 8.778156311189666550e-01 8.755687198236618007e-01 8.846597317227563595e-01 8.766187155889449967e-01 8.788804609900536802e-01 8.808566662048581408e-01 8.787790137355552256e-01 8.800927864833871794e-01 8.815534360901838840e-01 8.760928420304384678e-01 8.733586830764197284e-01 8.819800852832574423e-01 8.813954138826582962e-01 8.806097771301150123e-01 8.750830186908252761e-01 8.794038193921980273e-01 8.753288019375498052e-01 8.794377114347678992e-01 8.816391075359283347e-01 8.792392227493933676e-01 8.792317446965067784e-01 8.816758109621075645e-01 8.820694955937293802e-01 8.836094792624867855e-01 8.845856305615276138e-01 8.832754279896254390e-01 8.841991447784262048e-01 8.804192831545556430e-01 8.824333893127127570e-01 8.815229303706292319e-01 8.809101736034046226e-01 8.816431060765088645e-01 8.795338313566193333e-01 8.852410698995559768e-01 8.830827184996338231e-01 8.817503682975771362e-01
-2.726321541523982206e-02 1.593555050289043318e-01 2.983198994103736235e-01 4.827469109392685809e-01 3.713504714723282474e-01 2.668646037544320504e-01 6.302129524699630059e-01 5.582590920323190486e-01 7.027872580976043393e-01 1.000000000000000000e+00 7.150230038968992119e-01 7.508764251927972921e-01 6.913695888670345902e-01 5.754897630511022211e-01 7.614300190564484705e-01 7.431619605876033097e-01 7.383463751785650508e-01 6.204655920394283042e-01 6.959103989400399204e-01 5.402258609815835388e-01 6.545677646659049387e-01 7.010123345628150870e-01 6.435463110929785513e-01 6.063427177275941826e-01 6.597321070343954430e-01 7.350841162857203459e-01 7.246008311334075636e-01 6.972259432788905364e-01 6.513124641863354825e-01 7.174655223210444355e-01 7.392664274466301810e-01 7.458007380928619590e-01 6.690283208265792592e-01 7.305318401091152047e-01 7.213876241762851027e-01 7.181333811717797166e-01 7.168359044377552447e-01 7.507169253541470244e-01 7.578890090287453418e-01 7.040572897574921551e-01 7.768906507205308731e-01 7.685841620523092832e-01 7.242354845459473278e-01 7.712031854403910147e-01 7.601123916213604614e-01 7.612689547752367059e-01 7.933423939543096104e-01 7.979993673532124188e-01 7.745647265343061916e-01 7.408816049944062510e-01 7.639449631894638104e-01 7.350552318973984089e-01 7.729698388569891110e-01 7.881854375353672948e-01 7.691979536018900276e-01 7.712464180911731138e-01 7.588127968759493802e-01 7.865156033505787958e-01 7.838821415084377131e-01 7.925928666619151963e-01 7.803885957479431701e-01 7.696768789675902944e-01 7.722511841810562050e-01 7.716357572778801410e-01 7.780642456124836626e-01 7.847133091578107900e-01 7.947725299414305500e-01 7.837257606197189919e-01 7.783200560084313491e-01 7.640578256815931946e-01 7.802394585232176327e-01 7.885470937226545241e-01 7.639542483329221367e-01 7.654216229577168740e-01 7.888094433267458516e-01 7.900431854886810212e-01 7.770374456435501509e-01 7.734104716434709870e-01 7.756218290885164013e-01 7.897966208321332005e-01 7.895771033934827487e-01 7.922524790854398313e-01 7.900185684990500556e-01 7.844380441468765675e-01 7.776491362262413221e-01 7.876777754762668282e-01 7.880599517042288227e-01 7.890999166976123691e-01 7.892913496916472704e-01 7.851605868775544117e-01 7.739767855289445553e-01 7.927876392317207976e-01 7.889325837845508893e-01 7.900375706491863381e-01 7.996396212902024958e-01 7.990350084314183920e-01 7.670280021150741590e-01 7.738540738620047765e-01 7.889416729807450235e-01 7.856699362136951859e-01 7.812861367200929497e-01 7.849249221858731751e-01 7.919914807449243144e-01 7.916356343298089904e-01 7.847644188090763251e-01 7.828661594556940440e-01 7.924869136649368428e-01 7.968592234818878683e-01 7.924439639713879435e-01 7.956682742613824244e-01 7.940437565432792999e-01 7.961334512088973359e-01 7.915268472752500228e-01 7.900078581185357995e-01 7.928198839324430702e-01 7.929972028897910308e-01
4.552361229109859464e-02 1.292962654488291618e-01 3.902792231580465843e-01 5.689601337256923186e-01 4.398573733600017466e-01 3.167812847227531314e-01 7.563346252579556950e-01 6.861469532067485666e-01 8.181960890375785667e-01 7.150230038968992119e-01 1.000000000000000000e+00 8.650944052290887587e-01 7.793427710346511050e-01 6.216419146354009717e-01 8.589879243476059578e-01 8.546355391432386428e-01 8.204886133181598096e-01 7.538989153747669425e-01 8.123090949869716804e-01 6.822420411502930770e-01 7.893261488510789903e-01 8.370783189154151760e-01 7.769662997183049979e-01 7.465279027016130664e-01 7.930660842677721423e-01 8.545030689079676778e-01 8.448751710918965818e-01 8.126479376551014600e-01 7.634861824207469505e-01 8.368561201555609896e-01 8.493160612137032883e-01 8.764822932222408047e-01 7.942297917882528147e-01 8.589705586265428128e-01 8.333207164233517039e-01 8.341012639583993415e-01 8.345270059824131392e-01 8.775168249641168705e-01 8.795701857332538509e-01 8.380447519477042251e-01 8.881421093306987036e-01 8.848569862442238199e-01 8.609952634139076411e-01 8.928655848331993328e-01 8.770244809780914919e-01 8.790923868676718822e-01 8.914442590584132908e-01 8.946075550497727402e-01 8.915074457899448968e-01 8.712845428862130426e-01 8.838175624536462882e-01 8.636680096531538231e-01 8.878143975215557759e-01 8.930654196671019562e-01 8.852954281028063699e-01 8.865712207881727425e-01 8.896760395868955618e-01 8.934897623116023757e-01 8.957008731951572322e-01 8.953034907508851115e-01 8.988249733429408694e-01 8.907576332818328835e-01 8.911398471267066856e-01 8.919893290794265184e-01 8.909228249492348040e-01 8.975278498608522115e-01 8.994261545832233917e-01 8.969785263202404435e-01 8.959086327674883332e-01 8.914192483063079209e-01 8.956171975002146235e-01 8.967014414041380999e-01 8.864467151866149974e-01 8.833805632736811964e-01 9.009391505931374500e-01 8.974148895567662931e-01 8.913622225481158123e-01 8.838902388606252325e-01 8.893557206674012061e-01 8.932752435489714760e-01 8.909807897120406439e-01 8.925486823038186746e-01 8.971480658835776500e-01 8.954437021099072025e-01 8.948345920313389712e-01 8.981113696549902770e-01 8.944312797587519182e-01 9.007669543693814784e-01 9.011805465825125649e-01 8.956033486257073406e-01 8.916804504555885247e-01 9.005746103599500119e-01 8.995786780375139013e-01 9.000164984563243653e-01 8.969869022931130642e-01 8.995099896770982761e-01 8.880013743232448853e-01 8.893223773006069255e-01 8.995485033631265281e-01 8.957188974746127519e-01 8.984357288232807104e-01 8.985475416679322702e-01 8.993188003259871000e-01 9.017270086688374819e-01 8.981577862080742936e-01 8.977038477244971837e-01 8.989652722667658136e-01 8.994296306754938630e-01 9.015240206053393157e-01 9.007207928566526300e-01 9.003994967009745221e-01 8.996342065253754017e-01 8.991952833712102411e-01 8.997515725566805900e-01 8.973262358568760977e-01 8.992280808648781543e-01
2.921199259005487908e-02 1.620469584106988548e-01 3.945029312892677775e-01 6.077758554454592010e-01 4.678609783706701997e-01 3.180447064428456594e-01 7.873943071454280185e-01 7.250777307012614692e-01 8.466925269657288311e-01 7.508764251927972921e-01 8.650944052290887587e-01 1.000000000000000000e+00 8.191041669786662816e-01 6.455229465189460392e-01 9.009766958003896375e-01 8.966821052972452355e-01 8.555592201453573464e-01 7.742052004439143875e-01 8.326709179906903735e-01 6.854798721373124293e-01 8.327365760792437843e-01 8.639363560075503656e-01 7.835173419674206219e-01 7.483286619426111619e-01 8.084907122999550610e-01 8.808390098308080951e-01 8.707437712326372425e-01 8.345644939261870343e-01 7.863461754186699126e-01 8.512435198845439421e-01 8.719019931301940085e-01 9.002597813410213590e-01 8.021867138336506997e-01 8.810439651509757164e-01 8.503438475885128911e-01 8.632866852283187509e-01 8.522193591431316273e-01 9.053567873188894666e-01 9.099397476404711416e-01 8.517952389746028530e-01 9.208172734504845858e-01 9.159811841973402036e-01 8.937113492489026090e-01 9.228983943743653828e-01 9.051486275676227100e-01 9.055770030895951006e-01 9.317736250517895114e-01 9.344464847781621675e-01 9.338134956337590387e-01 9.113943384718745655e-01 9.242054463442697099e-01 9.046714468364216444e-01 9.257202312719372550e-01 9.299588101925264638e-01 9.205631626600476736e-01 9.128870961653102745e-01 9.288409232576457786e-01 9.287615727315436942e-01 9.320967149725419842e-01 9.347572065053617596e-01 9.388763991831633460e-01 9.281691548681906268e-01 9.304798679760288849e-01 9.335353689590127901e-01 9.292221225208207036e-01 9.373484524349972036e-01 9.358606915276412863e-01 9.304620827446332676e-01 9.240937354594895847e-01 9.203335040464514227e-01 9.339006832257354951e-01 9.318103933264711980e-01 9.106399816056730545e-01 9.118259893514438774e-01 9.356900106221273106e-01 9.309217100834665803e-01 9.227279881735785949e-01 9.206024461602866360e-01 9.213833650022769106e-01 9.278588544557828666e-01 9.251714266615608251e-01 9.265205232614862618e-01 9.320421219093246723e-01 9.262244837760508220e-01 9.307338335980743782e-01 9.312386482237864360e-01 9.275372928978570242e-01 9.343889450128545215e-01 9.342727619024815411e-01 9.284827466742807678e-01 9.223294164832582798e-01 9.370306951410209972e-01 9.339218023621204123e-01 9.337876840964739467e-01 9.363661253558739350e-01 9.382286609165693125e-01 9.294213215583988497e-01 9.365434298410153513e-01 9.416617475372096591e-01 9.370546515943111165e-01 9.362927003045353747e-01 9.402416670776836405e-01 9.386362285541250960e-01 9.396792901328494541e-01 9.382927053262306583e-01 9.389981787412268188e-01 9.412131730061675805e-01 9.356745474830888698e-01 9.377658874912414566e-01 9.384083152359965485e-01 9.387468561153707869e-01 9.395855218046982316e-01 9.382450061752320991e-01 9.410150604067092361e-01 9.364018797151099083e-01 9.400177646427054778e-01
2.392618742438311352e-02 1.445239903154538486e-01 3.431895535772165884e-01 5.401300660531299647e-01 4.562470855540152193e-01 2.961522914958930608e-01 7.280535634719833560e-01 6.737303994010260810e-01 7.717319836770590857e-01 6.913695888670345902e-01 7.793427710346511050e-01 8.191041669786662816e-01 1.000000000000000000e+00 5.851959597118109313e-01 8.334979734267977669e-01 8.246710927618582376e-01 7.821210874265993596e-01 7.006915581363754031e-01 7.584341180263955984e-01 6.283944734090669559e-01 7.464915025629101919e-01 7.870126298851142232e-01 7.173604833977633710e-01 6.756765993013013061e-01 7.267840550776223374e-01 8.043359294351096755e-01 7.917085180387068988e-01 7.583233651365325345e-01 7.173885706006426499e-01 7.834190596492333070e-01 7.897687755848087354e-01 8.283100596890611289e-01 7.450768753683995049e-01 8.055482193528861190e-01 7.923095141652888307e-01 7.855674870045611380e-01 7.779482769584361579e-01 8.304782656197768897e-01 8.364901871134122757e-01 7.799515023899291633e-01 8.442312148265366245e-01 8.401600204724344323e-01 8.220213168971943762e-01 8.481775183196021972e-01 8.266769008107642813e-01 8.338383787979835038e-01 8.581133559513242082e-01 8.590529662667077959e-01 8.504604832149068594e-01 8.246517480041644088e-01 8.446174627991758221e-01 8.204430845976632414e-01 8.537527072244460724e-01 8.592948466856251688e-01 8.446212697284924964e-01 8.403430264163821439e-01 8.452611360300681387e-01 8.593953627385332306e-01 8.584001636185446538e-01 8.646467588780963887e-01 8.632488873916159822e-01 8.606580814672424307e-01 8.533528210676608605e-01 8.557160871529262414e-01 8.551149367826759162e-01 8.591588945267040200e-01 8.619313092349658589e-01 8.503751338491585265e-01 8.495499113358139232e-01 8.442579048821093890e-01 8.520452046413169445e-01 8.521083260525447178e-01 8.348207292377404221e-01 8.304390530585552543e-01 8.576511078756021700e-01 8.534978496476226528e-01 8.443991278535140088e-01 8.398553803979633692e-01 8.430974597715585883e-01 8.542663683136859643e-01 8.467821706946635496e-01 8.481228733420876909e-01 8.565892130499396240e-01 8.544161087116086684e-01 8.508320797120044743e-01 8.524709538916533935e-01 8.501480621455599351e-01 8.591010371746339302e-01 8.586105418256758659e-01 8.520266918745825757e-01 8.420655747133234392e-01 8.612711363578899881e-01 8.580327405989308653e-01 8.582530597980069231e-01 8.604391831130598911e-01 8.632942691274041458e-01 8.459545941527106816e-01 8.523005307214922555e-01 8.615799451642276452e-01 8.579810435836590088e-01 8.613311669899207379e-01 8.609353055408716093e-01 8.615664287563762347e-01 8.636329538391774863e-01 8.582123163808256239e-01 8.591356729747872123e-01 8.613573581871823981e-01 8.631423396975739237e-01 8.618132966263378769e-01 8.640213556560556452e-01 8.633442519241354418e-01 8.662689351932277848e-01 8.669934871176275815e-01 8.634056030915695512e-01 8.598665607299574853e-01 8.646053402032789492e-01
