1.000000000000000000e+00 1.115403589944808926e-01 7.220671614946562455e-02 1.408775530066072243e-02 2.758629841474203800e-02 -2.675822125124855885e-02 4.065760562514932064e-02 2.195579323977742831e-02 6.542968993697159674e-02 3.683162361543219909e-02 4.706529970632552379e-02 1.300201035013884808e-02 1.933789732919276652e-02 -7.369809508483184980e-03 8.471282656717189427e-03 1.068459005352205039e-02 8.108562374048093602e-02 1.150348734176407511e-01 7.874273538077310175e-02 7.258513334132749018e-02 8.856694279828064564e-02 7.912810251039059661e-02 1.241575438447673485e-01 1.613539738411403912e-01 1.363613762764550041e-01 5.710452768667939605e-02 4.315096639646716359e-02 5.332977925988087453e-02 5.394716716398054862e-02 7.404596874725895284e-02 4.548339967692394126e-02 5.479806286028241630e-02 2.030650572546956883e-02 6.309819222218483736e-02 4.471683277862290723e-02 3.074098701191363804e-04 4.300003323320224224e-02 -8.289529642516000815e-03 1.640411290095058691e-02 8.508987321382688665e-03 1.162738667186824330e-02 4.066215636139736134e-03 -6.828470585916895409e-03 6.934329400487881934e-03 1.984491965438167985e-02 -2.522553254594528480e-03 5.200281826479716436e-03 1.265388752172033962e-02 1.630526424163386556e-02 1.201811293464601603e-02 1.492120396655711523e-03 1.191512842960993149e-02 3.320718320398110407e-02 3.038808650169439948e-02 3.358127077172558955e-02 3.113890312466872229e-02 5.723142585787512060e-02 9.280795305645914497e-04 1.572309591274798427e-02 2.474509656938787827e-02 5.666061396846671858e-03 2.404497186301894629e-02 2.003533658693182340e-02 1.946754137521643571e-02 4.022639282211135092e-02 3.249197983745607393e-02 2.297995758744418929e-02 3.776716980178921462e-02 4.801343495615026380e-02 4.627690336842617963e-02 3.517065699241144622e-02 2.971152526987371964e-02 6.720822971494967712e-02 5.356993966471709084e-02 2.008656483326968015e-02 2.054801437318180476e-02 1.190220683427956408e-02 3.258341602014788729e-02 3.109324555015135702e-02 3.406289914706966265e-02 2.752414787717178540e-02 1.827071368309593144e-02 3.376898094398825961e-02 2.941710002488621273e-02 1.319032670416393424e-02 2.283041814431777811e-02 7.560171412712641051e-03 3.217223349541809083e-03 8.630051385686289891e-03 4.626481861245116019e-03 4.840452346033841634e-03 5.963844696300815013e-03 1.356518405504673376e-02 2.908060214077674063e-03 6.417248872914746091e-03 5.976677913862380419e-03 1.071614615092479975e-02 4.090071620771366934e-02 1.072879923999463421e-02 1.218713507096731014e-02 -1.639310725111499650e-03 1.428684707424040731e-02 5.691786097379935606e-03 3.555422323636966975e-03 9.710851056981857979e-03 2.891508319573068281e-02 1.772527171841267388e-02 9.764887442634493167e-03 7.512149971635243700e-03 9.508658227544642544e-03 8.045073592317075403e-03 1.342071389971488150e-02 1.564418081152411585e-02 1.235474629606281120e-02 2.452884462759203493e-02 1.833754089811080734e-02
1.115403589944808926e-01 1.000000000000000000e+00 6.764042655408453175e-02 8.081788850605177432e-02 7.982996390705553169e-02 9.938236785447492061e-02 1.572450970701684270e-01 1.178568801680463796e-01 1.941941046146395677e-01 1.851617814936636075e-01 1.623608979056371526e-01 1.561748507701696265e-01 1.601063054927027995e-01 1.395120080156684594e-01 1.703144897648156963e-01 1.479599183427635634e-01 1.758936149920042602e-01 1.791584472969526276e-01 1.766695711422841819e-01 8.637924233640889571e-02 1.403056604429003817e-01 1.752088890189779091e-01 1.807395754297269064e-01 1.666014441575130178e-01 1.795953143179689904e-01 1.747288006647154113e-01 1.834520865397266109e-01 1.697184851966144215e-01 1.731399839538431129e-01 1.862290509375298109e-01 1.758526056737433896e-01 1.744714516664991333e-01 1.520438241206201468e-01 1.670415214050455510e-01 1.783724755435684151e-01 1.557110714638402504e-01 1.795640783760933112e-01 1.682515994183798880e-01 1.724194997064254220e-01 1.678698865912410798e-01 1.779548009267330200e-01 1.708147950982811525e-01 1.574642307143891418e-01 1.690416709911306270e-01 1.658002684119742054e-01 1.735088575170139757e-01 1.754663111055987934e-01 1.761565415476354646e-01 1.727624077890268506e-01 1.552961596310772907e-01 1.689886842200675754e-01 1.186634224591655712e-01 1.656749385763605920e-01 1.860458711885270289e-01 1.792570423828432902e-01 1.779819159549592689e-01 1.700593944374347855e-01 1.681693344880865193e-01 1.711904597677503526e-01 1.697428177694610962e-01 1.597944946416880174e-01 1.763747256106211747e-01 1.673632688098368737e-01 1.743912318748905566e-01 1.702550643992253865e-01 1.670592188168071313e-01 1.751182750489663209e-01 1.753019156683690016e-01 1.754703426699347202e-01 1.643129213365434882e-01 1.702757242864322562e-01 1.769265210868036509e-01 1.727658176816464497e-01 1.767118028731233526e-01 1.713928824068032541e-01 1.763314575355974245e-01 1.721641376849801508e-01 1.743477416708931749e-01 1.758296307445207651e-01 1.801735786004720619e-01 1.755307567816303815e-01 1.733989674418300875e-01 1.765640311764217207e-01 1.726580886260229430e-01 1.636850103634449882e-01 1.692221931464041873e-01 1.701965836851873637e-01 1.700933916814058589e-01 1.711224522093150457e-01 1.689486894917341109e-01 1.689320547608120227e-01 1.731186735978461344e-01 1.687057851721272261e-01 1.713388787291058868e-01 1.717992816841236448e-01 1.731763589788213042e-01 1.596764350710946911e-01 1.657754371527531967e-01 1.681673256551548534e-01 1.711213455904942449e-01 1.649539870921497287e-01 1.665652056701062700e-01 1.693614877845210642e-01 1.664734385389698701e-01 1.600339224388660497e-01 1.717161317962263289e-01 1.730793892403088841e-01 1.768036636174978027e-01 1.755084957262558754e-01 1.734517966317337123e-01 1.709134807590903526e-01 1.712973420764436205e-01 1.718355093949419932e-01 1.698962983347834521e-01 1.716143274716857570e-01 1.716954619657414804e-01
7.220671614946562455e-02 6.764042655408453175e-02 1.000000000000000000e+00 3.222280490929861907e-01 1.990846674850792197e-01 2.257945843146612896e-01 3.343357874874698932e-01 3.191476846111742094e-01 3.220726825136576710e-01 2.815842897056123340e-01 3.390408339350484135e-01 3.507766818538673448e-01 3.150044572680887334e-01 3.161632460705562364e-01 3.495596052854209601e-01 3.488966272862635276e-01 3.490475612090597202e-01 3.436746030246621286e-01 3.622622555081438933e-01 2.906174512302414081e-01 3.827442051245308341e-01 3.729836624950844115e-01 3.656209747696263501e-01 3.454844392931284980e-01 3.722443191859691192e-01 3.680591183041519443e-01 3.527554846469218020e-01 3.720202548389017760e-01 3.728591018416010372e-01 3.699890581186295324e-01 3.648671325147369027e-01 3.683949950937758233e-01 3.547270242103462978e-01 3.613671589900626646e-01 3.652422760616720332e-01 3.496201894955672795e-01 3.542282153981127779e-01 3.537705508582610903e-01 3.536918508549875551e-01 3.649315740285807297e-01 3.577540245975874833e-01 3.595602809607856276e-01 3.596960595530246940e-01 3.575353399896306628e-01 3.635224015859467861e-01 3.486290672788333045e-01 3.511675262285955390e-01 3.458796055804531644e-01 3.491002000278873862e-01 3.574009680916526710e-01 3.565521637470298599e-01 3.522974283366464565e-01 3.529823688016521799e-01 3.504537824434998394e-01 3.542417013580769769e-01 3.589251713630571272e-01 3.611738230541730044e-01 3.532288196756997456e-01 3.579405002085447873e-01 3.519958661246154197e-01 3.581246437972185337e-01 3.577462698885301995e-01 3.545559296156627349e-01 3.502928575303794756e-01 3.580990018630858529e-01 3.591799074051399421e-01 3.527009968661672934e-01 3.650258254593393148e-01 3.695401324992249048e-01 3.735394913348047963e-01 3.702114800198318956e-01 3.610968573670829684e-01 3.698431384130377864e-01 3.744258187364342683e-01 3.570929765950146551e-01 3.614265508426307560e-01 3.579651523623293974e-01 3.641307329470110932e-01 3.591683501345023233e-01 3.607919023264613001e-01 3.613517123957584731e-01 3.564905459861201220e-01 3.606157019284867982e-01 3.628128373284513208e-01 3.592829532719498120e-01 3.611593190020794819e-01 3.566400422691213268e-01 3.539787619134981411e-01 3.565506102209211603e-01 3.560711477157653126e-01 3.604856689921733248e-01 3.521980868929740494e-01 3.576595326991879320e-01 3.504342179224372300e-01 3.463567061463224683e-01 3.482835175310726172e-01 3.613689200453276684e-01 3.612605210519178045e-01 3.544139051065491319e-01 3.537889980050297756e-01 3.576514798112888083e-01 3.569646979567296929e-01 3.525337195893178954e-01 3.541340925323790412e-01 3.547564963831484897e-01 3.583540478798747930e-01 3.524356750387000470e-01 3.496811445156611797e-01 3.523559990049247026e-01 3.505306944784659651e-01 3.516336672386273787e-01 3.520362579286394067e-01 3.531199201999581927e-01 3.532557776557557205e-01 3.504309106148907893e-01 3.534272494340780502e-01
1.408775530066072243e-02 8.081788850605177432e-02 3.222280490929861907e-01 1.000000000000000000e+00 3.849788053486591366e-01 4.442832094901030260e-01 5.989678515798724234e-01 5.892537829642513492e-01 5.564414826092543009e-01 4.912869835042508737e-01 5.771040466486145881e-01 6.386801403638918684e-01 5.662853368649846120e-01 5.619062915315139461e-01 6.464490956878061745e-01 6.440624056155831445e-01 5.739679966444868331e-01 5.522496924337423341e-01 5.780680495294413523e-01 5.558424317680999982e-01 6.016659653744944602e-01 6.030407751573990671e-01 5.540782446134211447e-01 5.080873540274994937e-01 5.532392179208197591e-01 6.128315669048411962e-01 6.188319957544564653e-01 6.388878221031215610e-01 6.316012812128186660e-01 6.019274881402439936e-01 6.329085736926164385e-01 6.346853154720786261e-01 6.359542967177025385e-01 6.292198083316049573e-01 6.128728151931042145e-01 6.460968723224237431e-01 6.271571887114349986e-01 6.479452059702522915e-01 6.361914349487749476e-01 6.464742215082536214e-01 6.348577144671201378e-01 6.461524480313152186e-01 6.495735117311886020e-01 6.417306283306694059e-01 6.405721983324901281e-01 6.315699260082850985e-01 6.259586845345949113e-01 6.264062442820020893e-01 6.272353265878947148e-01 6.443506884826286640e-01 6.497173901944111041e-01 6.388394350051154191e-01 6.334809483738740310e-01 6.124463698041531234e-01 6.176808372402875502e-01 6.178587010061524776e-01 6.129091449457255703e-01 6.342167954581549028e-01 6.352937361907663449e-01 6.243932481784584265e-01 6.398797130562067226e-01 6.260450535813218975e-01 6.316240697279421612e-01 6.238050542975926982e-01 6.236020011394410867e-01 6.271478267439302146e-01 6.313564805657483348e-01 6.267412803193462834e-01 6.373420512092785595e-01 6.600120182927154966e-01 6.381860847983349405e-01 6.301513776878769901e-01 6.208828809676064653e-01 6.313263448163264346e-01 6.398603511977556391e-01 6.369685952820991481e-01 6.391481996580578029e-01 6.354408561242377296e-01 6.322446464040729630e-01 6.225929549924206219e-01 6.343809556853234888e-01 6.313958482194201860e-01 6.418643504487620000e-01 6.371899468282938850e-01 6.518514936226331713e-01 6.442317901953028558e-01 6.441611866691767663e-01 6.465212621648922520e-01 6.403286886090066021e-01 6.433133362930650856e-01 6.502878908514255762e-01 6.394300252670389595e-01 6.359415673911794631e-01 6.372627915716591041e-01 6.291323719169154005e-01 6.268451371398947591e-01 6.575442901321201239e-01 6.388440173559399859e-01 6.402686977671896429e-01 6.460579758537188244e-01 6.482245662627331706e-01 6.432158999002718369e-01 6.305354524595289112e-01 6.401585911119279659e-01 6.441095263747561583e-01 6.340624379582761039e-01 6.317399700604868773e-01 6.266870007779492546e-01 6.328804982115029398e-01 6.330813091739992959e-01 6.378803619523236712e-01 6.301668703507353753e-01 6.332723759501830418e-01 6.343290275630657504e-01 6.253703830939111308e-01 6.288585141165923265e-01
2.758629841474203800e-02 7.982996390705553169e-02 1.990846674850792197e-01 3.849788053486591366e-01 1.000000000000000000e+00 3.347076226959072032e-01 4.639582797915632328e-01 4.611781940672595725e-01 4.275198337027022455e-01 3.957520811416909701e-01 4.147785722500024752e-01 4.893946031009016595e-01 4.603287348171722360e-01 4.362480906408157111e-01 4.984626739284470642e-01 4.907214473862223092e-01 4.466061004724810601e-01 4.074207977033564854e-01 4.302996199712168512e-01 4.065782922258029397e-01 4.380497954019612061e-01 4.479175407097469863e-01 4.023373544457393147e-01 3.642451320524489056e-01 4.058180377104642633e-01 4.705030631061458690e-01 4.786290989951702546e-01 4.797780016842486672e-01 4.786783454945879313e-01 4.602878446191681627e-01 4.910802492455856871e-01 4.881119769991731361e-01 4.717430687718889848e-01 4.667584452540931017e-01 4.656273531602770910e-01 4.923346052091275293e-01 4.712474343626400497e-01 4.888516151511250185e-01 4.889340207765855428e-01 4.865116377215255028e-01 4.938239376277374637e-01 5.004824042791539140e-01 4.955773076570671454e-01 5.000541983253308231e-01 4.906731717489234423e-01 4.917919920224113617e-01 4.916347998228727811e-01 4.890904652499613037e-01 4.949709832913377627e-01 5.007395633322039297e-01 4.999056042303346992e-01 4.937792891606535561e-01 4.970949731619977996e-01 4.804261535187412946e-01 4.835901685570370145e-01 4.773517426213310655e-01 4.869682438929101020e-01 4.996326784411950772e-01 4.940147445693688355e-01 4.957596252014001559e-01 4.995963359186210706e-01 4.898926183292640624e-01 4.927361097992324357e-01 4.984407185982768218e-01 4.958652039797620259e-01 4.984776843339434604e-01 4.920156092630633693e-01 4.865463122888419312e-01 4.834496122849933908e-01 5.004722801069397820e-01 4.911622544146017622e-01 4.858002232357786498e-01 4.665066262724577029e-01 4.814689889107064413e-01 4.966662555211089347e-01 4.926275499815283010e-01 4.945054117887370260e-01 4.871491092797961553e-01 4.842306087417958538e-01 4.872921654713112671e-01 4.884152403911971030e-01 4.935571696582565782e-01 4.899768334638379130e-01 4.861859552560310882e-01 4.942037929429298759e-01 4.933211134370888429e-01 4.926124879082318664e-01 4.978325912968164513e-01 4.914825505855943688e-01 4.982111855599989925e-01 4.980068368385040523e-01 4.973731572856303629e-01 4.969168920504422604e-01 4.940900419990072456e-01 4.930074770127625960e-01 4.925691525052860453e-01 5.065112218812969358e-01 5.023004206611620948e-01 5.008692053782369813e-01 5.010528877267099723e-01 5.021470553132203474e-01 5.014806106934103225e-01 4.953672186857883131e-01 5.005018686008747553e-01 5.012957777988980013e-01 4.941989856396437064e-01 4.971690102649637399e-01 4.924639440629156040e-01 4.957321841412049568e-01 4.959071955126147513e-01 4.965242534237053751e-01 4.953235523370527749e-01 4.929883066847408624e-01 4.984887626670938543e-01 4.927865643045743482e-01 4.961130177914140904e-01
-2.675822125124855885e-02 9.938236785447492061e-02 2.257945843146612896e-01 4.442832094901030260e-01 3.347076226959072032e-01 1.000000000000000000e+00 5.381429458174088465e-01 5.174373729606148720e-01 5.327280422095284074e-01 5.101788081496559935e-01 5.318784141597039383e-01 5.904770231637487266e-01 5.420475262080526324e-01 5.547841138252214144e-01 6.030762227504551376e-01 5.938695660354434969e-01 5.562527859165725674e-01 5.188394334051681378e-01 5.409251201787954599e-01 4.432716216334361969e-01 5.206891472095549478e-01 5.569229578126740909e-01 5.188095168074182695e-01 4.537864131778302501e-01 5.048782166318357412e-01 5.768735101758679651e-01 5.784682196289414602e-01 5.890721629252776426e-01 5.875379373673991212e-01 5.787815754628673481e-01 6.008786503790030098e-01 5.949223440885865744e-01 5.870127285408839324e-01 5.823193486588499335e-01 5.737121570206766830e-01 5.982779449035966479e-01 5.909072378528754665e-01 6.074829226986233621e-01 6.083429421225097222e-01 6.070716577807214742e-01 6.088568311217292806e-01 6.130970907223521893e-01 6.138799910181481634e-01 6.175156099566205814e-01 6.073244707371403539e-01 6.081112582173759940e-01 6.089661385895637213e-01 6.101201446593730315e-01 6.112909765892350356e-01 6.019805522466011860e-01 6.120502903893823010e-01 5.885636867305952258e-01 6.051843803382986886e-01 5.987790640479558890e-01 5.988033563371886192e-01 5.968658746247522684e-01 5.924965708788286767e-01 6.147827965589308663e-01 6.082596263870452269e-01 6.081942930933318392e-01 6.102039822812942438e-01 6.097435656020567807e-01 6.049687246264370266e-01 6.100084334714118706e-01 6.045382804904746443e-01 6.054858590132105034e-01 6.093641143860439868e-01 6.047261717883670729e-01 6.008587663565236880e-01 6.063985846609712960e-01 6.073652982501973607e-01 6.096961546043991875e-01 5.804705766344608886e-01 5.966739278583047534e-01 6.128168488415446369e-01 6.120022590761949877e-01 6.111415525468942844e-01 6.053407554180626482e-01 6.071154923624256794e-01 6.059357052056182358e-01 6.091765861365684431e-01 6.128442685436806814e-01 6.111174713921045942e-01 6.083409049465310359e-01 6.142258068113352065e-01 6.123079526903864034e-01 6.146340594697248250e-01 6.181617131571796042e-01 6.141542377478518278e-01 6.164732488362337781e-01 6.175435970305023226e-01 6.173732604464897689e-01 6.133677172030960190e-01 6.169401298819763291e-01 6.135731047303248920e-01 6.130761615497748451e-01 6.170765946813595582e-01 6.073122065736472619e-01 6.161124939337848661e-01 6.168935564923799797e-01 6.184153325554638814e-01 6.145535301348402646e-01 6.146104364944799947e-01 6.176145970109512273e-01 6.152776892145320753e-01 6.094231421517378733e-01 6.134270397716793388e-01 6.114494627293423079e-01 6.123916555372072024e-01 6.121759589489638165e-01 6.143316896617341261e-01 6.126581601239399211e-01 6.138672343004746290e-01 6.140160239082107507e-01 6.118911983287678158e-01 6.111898030592219921e-01
4.065760562514932064e-02 1.572450970701684270e-01 3.343357874874698932e-01 5.989678515798724234e-01 4.639582797915632328e-01 5.381429458174088465e-01 1.000000000000000000e+00 7.284795740657252772e-01 7.132632684505946230e-01 6.833600900883076701e-01 7.358923154573072667e-01 7.918874864469548358e-01 7.315152909641959855e-01 7.282669380080758481e-01 8.428504313269490344e-01 8.133325420666183136e-01 7.428469502309408279e-01 7.140262601526840003e-01 7.305974940316856125e-01 6.377694602101454668e-01 7.409194690662392890e-01 7.577498055772782237e-01 7.317144573368090654e-01 6.635693787583806236e-01 7.157221610266848444e-01 7.931881832876730432e-01 7.806951620399407155e-01 8.126857232050352930e-01 8.043656688204077199e-01 7.886375216380879793e-01 8.125786163161691222e-01 8.178312661709776776e-01 8.096804525001279895e-01 7.968386482343963184e-01 7.916422141921118927e-01 8.045032202476942729e-01 8.066716664903830214e-01 8.195993726479007258e-01 8.140233553490537899e-01 8.259460063757315673e-01 8.131629871637023887e-01 8.183751175423473745e-01 8.121689644134590935e-01 8.197108724134370972e-01 8.157562840490769629e-01 8.134262617228166237e-01 8.079024935237558713e-01 8.071792168635774090e-01 8.086079865098623198e-01 8.113927795327751102e-01 8.208889585751694140e-01 7.842987818258746469e-01 8.147256263577161706e-01 8.011984764702776429e-01 8.051414298062260499e-01 8.032008158648104024e-01 7.966834844676781158e-01 8.100746142961059437e-01 8.175489705564965570e-01 8.064356743634655267e-01 8.124734299464165810e-01 8.125333169911775899e-01 8.137418710167813041e-01 8.046956233895984356e-01 7.992131591319038275e-01 8.066180535170639487e-01 8.134804328113638405e-01 8.120927140128333388e-01 8.209027270884130534e-01 8.279793325977347074e-01 8.177660089944002175e-01 8.111261129012363735e-01 8.018745544289570537e-01 8.119554007300785470e-01 8.164998775105457574e-01 8.178043261805019171e-01 8.211295557850790683e-01 8.178093700577179215e-01 8.161988321152497949e-01 8.096005944384306874e-01 8.165987438532795739e-01 8.142316162779024147e-01 8.252343405152087197e-01 8.254860826143505248e-01 8.289515992125663368e-01 8.232360490049395185e-01 8.220247259755089075e-01 8.285783100019229463e-01 8.193077913957718117e-01 8.208992956714431521e-01 8.321981040184743827e-01 8.214149023688906981e-01 8.169467275703178322e-01 8.190593810136445052e-01 8.111808283557774280e-01 8.087268122225621525e-01 8.302040913068861050e-01 8.171483176118654601e-01 8.190888664640619821e-01 8.266265690433070024e-01 8.228516191409637193e-01 8.206431514633555357e-01 8.103907613503056329e-01 8.192539810873724626e-01 8.181827058832182864e-01 8.142860413953396659e-01 8.128073949728704672e-01 8.100690061227100447e-01 8.139111995353014439e-01 8.143362174981729762e-01 8.186638187317462068e-01 8.105211290863897355e-01 8.147056465679816117e-01 8.145969355646014431e-01 8.075791294662231223e-01 8.116784007266610868e-01
2.195579323977742831e-02 1.178568801680463796e-01 3.191476846111742094e-01 5.892537829642513492e-01 4.611781940672595725e-01 5.174373729606148720e-01 7.284795740657252772e-01 1.000000000000000000e+00 6.943641600335486164e-01 6.559519111866601859e-01 7.128841628704644107e-01 7.786826649593768801e-01 7.205310010619747629e-01 7.115318915338052497e-01 8.001770709247494340e-01 7.885133816381658667e-01 7.208994727455025897e-01 6.909933981757525601e-01 7.260612847623848509e-01 6.202221783506950414e-01 7.258076982317158699e-01 7.441590090448472194e-01 6.962021261567243879e-01 6.362440455365101499e-01 6.883585466234015682e-01 7.652188424852496285e-01 7.616602624143520295e-01 7.778592684883812725e-01 7.768822741636948193e-01 7.574748539274877013e-01 7.963443554930969004e-01 7.956564632684098859e-01 7.822725762854396692e-01 7.851582967592407591e-01 7.790133606511598918e-01 7.889056382651870036e-01 7.815539779930910091e-01 8.073744487607467102e-01 7.999237431543219090e-01 7.949608842221388416e-01 7.950762224710069548e-01 7.999273206855146423e-01 7.974568774625721002e-01 8.055083148198547427e-01 7.956512846860807064e-01 7.961009843519156748e-01 7.938748361933429809e-01 7.936600208162991610e-01 7.949598929582719631e-01 8.045074510152433467e-01 8.076427448278027388e-01 7.747140998513534216e-01 7.907110310677564202e-01 7.844932513900849669e-01 7.936241416143549054e-01 7.863750485935860901e-01 7.787405954066195513e-01 7.995268015527448036e-01 8.006990792128100276e-01 7.937208474191145280e-01 8.002333667609488055e-01 7.972069023931624976e-01 7.980833650303104099e-01 7.923689371704181195e-01 7.863593318015188460e-01 7.947119592547077227e-01 7.975736962906357919e-01 7.917233337088177558e-01 7.959944980303730322e-01 8.068168295094990672e-01 8.008861013009157537e-01 7.947634562028866867e-01 7.759272193373694115e-01 7.879500652270410299e-01 8.010182522821942541e-01 8.000444019933593554e-01 7.991600932832634285e-01 7.973258360756313445e-01 7.931802283348922122e-01 7.906353827056091799e-01 7.953602929344900652e-01 7.977189616661199967e-01 8.026667784122695215e-01 8.005561620760784924e-01 8.121662801868715365e-01 8.067761511301820843e-01 8.025535598079663879e-01 8.103159836128361881e-01 8.023751111094705735e-01 8.029658648276968291e-01 8.070990332922700627e-01 8.034059787710009504e-01 7.992661670308491839e-01 8.007831781190750675e-01 7.978755277442024507e-01 7.955064076008501184e-01 8.127348605098210221e-01 8.014460106639942349e-01 8.054214496612049912e-01 8.086089881724916051e-01 8.067283778662871496e-01 8.057114113587416915e-01 7.989558546944475204e-01 8.066287699380095821e-01 8.027968180920627139e-01 7.968209681475204587e-01 8.007511182575600683e-01 7.945511817684917100e-01 7.995812605300864906e-01 8.007256810474672193e-01 8.042577570436798551e-01 7.981217543581474727e-01 7.996010725102818961e-01 8.004437309993274186e-01 7.940306928134232001e-01 7.974224729809823442e-01
6.542968993697159674e-02 1.941941046146395677e-01 3.220726825136576710e-01 5.564414826092543009e-01 4.275198337027022455e-01 5.327280422095284074e-01 7.132632684505946230e-01 6.943641600335486164e-01 1.000000000000000000e+00 7.579144616935158396e-01 7.656204906621905115e-01 8.284108710412243504e-01 7.664634936473128102e-01 7.824282562723022805e-01 8.464951657909283167e-01 8.401282787548819408e-01 8.112077363172210953e-01 7.625775222336843573e-01 7.989381566364434084e-01 6.011903690949281787e-01 7.397299855301477933e-01 8.138632397955410935e-01 7.798266225645749117e-01 7.038602337438525369e-01 7.715826844286268749e-01 8.515501464163464096e-01 8.383086570727844578e-01 8.508510311376107360e-01 8.445751332485171847e-01 8.607639641852219414e-01 8.708793527718051708e-01 8.569668824287195452e-01 8.072127843235893385e-01 8.224471379881380662e-01 8.459820454353046415e-01 8.370874864429944662e-01 8.452298748259122751e-01 8.344264430515938580e-01 8.635784483630267738e-01 8.349098273740207521e-01 8.663477907158925184e-01 8.616074014034821316e-01 8.548493924876698902e-01 8.679832324424088252e-01 8.642285390687454161e-01 8.634818197013963692e-01 8.761135930992293153e-01 8.780878995676060228e-01 8.749834398206145503e-01 8.427696509253652657e-01 8.606652334616027300e-01 8.199815400859277181e-01 8.675219538183667201e-01 8.790689859974986087e-01 8.760106538240499674e-01 8.682126652157606816e-01 8.665895450638845254e-01 8.755909939377177764e-01 8.713004935325455724e-01 8.795935369606180387e-01 8.732333141899509821e-01 8.783922072031696837e-01 8.675990393299707337e-01 8.750281401651504032e-01 8.729889555398429035e-01 8.774644096981009112e-01 8.775070189714196944e-01 8.730245220755608049e-01 8.636004699363361015e-01 8.601877531078608863e-01 8.690067747381242658e-01 8.765466051113508517e-01 8.439073954633051766e-01 8.667502273392088119e-01 8.777269425853300167e-01 8.776625893343700247e-01 8.720508273196199145e-01 8.750109400130032800e-01 8.754148749210438618e-01 8.804568178434953873e-01 8.765884795068433766e-01 8.817592079517938553e-01 8.684985596716483514e-01 8.660724535475180508e-01 8.609661636728119793e-01 8.677548736772788818e-01 8.711198289110073656e-01 8.673269766606384046e-01 8.748093665245451067e-01 8.679707864273973339e-01 8.638345243725743527e-01 8.759119765843669247e-01 8.770540606500504266e-01 8.771264177151619768e-01 8.799408817988727538e-01 8.796944317096968557e-01 8.642631369693505317e-01 8.737342167602629717e-01 8.766878574910119681e-01 8.717196569616528778e-01 8.723159335310577411e-01 8.741566166515029046e-01 8.772472528192236663e-01 8.761196326088495079e-01 8.756438030256931127e-01 8.756853152098926785e-01 8.791923256021767497e-01 8.792296270203658892e-01 8.778943121329605415e-01 8.793090765412123755e-01 8.757929875966325994e-01 8.811093065699869831e-01 8.793661835416927142e-01 8.794922583437858599e-01 8.811255306759691042e-01 8.813960042943674855e-01
3.683162361543219909e-02 1.851617814936636075e-01 2.815842897056123340e-01 4.912869835042508737e-01 3.957520811416909701e-01 5.101788081496559935e-01 6.833600900883076701e-01 6.559519111866601859e-01 7.579144616935158396e-01 1.000000000000000000e+00 7.230509705219541061e-01 7.776625800530652111e-01 7.224233507839430413e-01 7.248333192604837771e-01 7.987198677001672298e-01 7.850256085288305208e-01 7.603462132411307195e-01 7.534322435512857963e-01 7.750378206954989802e-01 5.421337463781731314e-01 7.040239330024627984e-01 7.726269386313254772e-01 7.650670073824792361e-01 7.035454031755142834e-01 7.408826070004435049e-01 8.140644565484522754e-01 7.874805694738680195e-01 8.024109463432957945e-01 8.078167550091014393e-01 8.162255236751877474e-01 8.249742868929417217e-01 8.252055644516297361e-01 7.850621762242065982e-01 8.005769868715626458e-01 8.131147648513643578e-01 7.873517574526927021e-01 8.124146006539421094e-01 8.052890537017373118e-01 8.285284166279537343e-01 7.987353535522755399e-01 8.243807021730822360e-01 8.238541673483085193e-01 8.036660101825778835e-01 8.244123637618802070e-01 8.186268135221509423e-01 8.252356143499460783e-01 8.314995368466000514e-01 8.371594161445073956e-01 8.291218259909518551e-01 7.959253561034506097e-01 8.212632651018506591e-01 7.492562483755608183e-01 8.140321779936142699e-01 8.378676603816598289e-01 8.318337108716975514e-01 8.365056170377856981e-01 8.077842533531023328e-01 8.303175714347549308e-01 8.266362753387831441e-01 8.288802811230918666e-01 8.172996137570722741e-01 8.302753377333152995e-01 8.177148687259648829e-01 8.240455366518125713e-01 8.158013501837382275e-01 8.211730319494698893e-01 8.343515814834731037e-01 8.358030938352600803e-01 8.291505070054453475e-01 8.140249310773848279e-01 8.274031789874182197e-01 8.334552777507331367e-01 8.191645682030828102e-01 8.282092298548362486e-01 8.316142936043549039e-01 8.313688384271686882e-01 8.284022671967724571e-01 8.303988413226413012e-01 8.318192117310416744e-01 8.355490519203734312e-01 8.333223652775635371e-01 8.357649279882615190e-01 8.321040820044623976e-01 8.277759070210288783e-01 8.222272326665415187e-01 8.303260428311718400e-01 8.287947468218104241e-01 8.305583416925500506e-01 8.345305013744686029e-01 8.296869571090034201e-01 8.246956006929615501e-01 8.334975926523284784e-01 8.326709932080011978e-01 8.347636707802996714e-01 8.353650069498701480e-01 8.363639871170660545e-01 8.163673114360124883e-01 8.160656072641077063e-01 8.291948289443228370e-01 8.287160313802907075e-01 8.275609636867888863e-01 8.255949069569501475e-01 8.292053413716535815e-01 8.311399032879740467e-01 8.232074613098218085e-01 8.244063185316122810e-01 8.325335188417893884e-01 8.370802093628564311e-01 8.333075748591033394e-01 8.342889144867431384e-01 8.335538635374083460e-01 8.338590091297074514e-01 8.331951319530906952e-01 8.304374741800983895e-01 8.305890819514273327e-01 8.298733612797730697e-01
4.706529970632552379e-02 1.623608979056371526e-01 3.390408339350484135e-01 5.771040466486145881e-01 4.147785722500024752e-01 5.318784141597039383e-01 7.358923154573072667e-01 7.128841628704644107e-01 7.656204906621905115e-01 7.230509705219541061e-01 1.000000000000000000e+00 8.451678029926529279e-01 7.512393815328280988e-01 7.719047994840836369e-01 8.445748917220847751e-01 8.323686505107236178e-01 7.929526260271022586e-01 7.710727539087677274e-01 8.024191775584572639e-01 5.968911374983960627e-01 7.763005781818239637e-01 8.154882273478256671e-01 7.873964187315063423e-01 7.174280518524884798e-01 7.814609736242302818e-01 8.488987597802860607e-01 8.370811145226347838e-01 8.540137772011729966e-01 8.526766554343946369e-01 8.516341368702878833e-01 8.683893834662941291e-01 8.544672821133740825e-01 8.322822259668948286e-01 8.342382084428627831e-01 8.397378138829711958e-01 8.415089106648909745e-01 8.507978054415004099e-01 8.516600161093704768e-01 8.607982234874145266e-01 8.518870595058761763e-01 8.638894636206190247e-01 8.689309114649091947e-01 8.596024226237130028e-01 8.680646910672565886e-01 8.636276217605411976e-01 8.651548297752282846e-01 8.638098048525088002e-01 8.669692660014448604e-01 8.666810021627108229e-01 8.520516444093785280e-01 8.645035387156722040e-01 8.238304522033497168e-01 8.595292957184894611e-01 8.666592269652678704e-01 8.674175923990411485e-01 8.646363531116206813e-01 8.571491163911670874e-01 8.661288158598494658e-01 8.687076927626765643e-01 8.652208600800447291e-01 8.676000915413180081e-01 8.703968444290897111e-01 8.651190735295627432e-01 8.662191607038994823e-01 8.595457262660168851e-01 8.673736431351352083e-01 8.701038878372664431e-01 8.693950769809232204e-01 8.654769731722815607e-01 8.598569896089841569e-01 8.730507808641465584e-01 8.720503862075822399e-01 8.517049752187013656e-01 8.690255877740012957e-01 8.706751558139522729e-01 8.713077615241262563e-01 8.721945155483976642e-01 8.743015618435197034e-01 8.712041229698445077e-01 8.689871335361263327e-01 8.722565127805985696e-01 8.713526870208868624e-01 8.690080887448721203e-01 8.679586505123337847e-01 8.668941451669273102e-01 8.679959996479149620e-01 8.696506362769341747e-01 8.683199714017021398e-01 8.708370421979177989e-01 8.661786845272463342e-01 8.706510318010185490e-01 8.715734482221449975e-01 8.701837293042475885e-01 8.731143975654359624e-01 8.694615990586477272e-01 8.696924903215859093e-01 8.656662120199505317e-01 8.642816450492035729e-01 8.697743321907781544e-01 8.695788314717634027e-01 8.705791527023448717e-01 8.684243520092871371e-01 8.667660481689912766e-01 8.701334691371260810e-01 8.682278262350133780e-01 8.655676060163782770e-01 8.683975147068065947e-01 8.684645091613376611e-01 8.693598887677478348e-01 8.708093708392666832e-01 8.687831845328517488e-01 8.683727888046369747e-01 8.690114995138976672e-01 8.697847978276689318e-01 8.676161082795763591e-01 8.679801245835077061e-01
1.300201035013884808e-02 1.561748507701696265e-01 3.507766818538673448e-01 6.386801403638918684e-01 4.893946031009016595e-01 5.904770231637487266e-01 7.918874864469548358e-01 7.786826649593768801e-01 8.284108710412243504e-01 7.776625800530652111e-01 8.451678029926529279e-01 1.000000000000000000e+00 8.255717194036886752e-01 8.360283665602461500e-01 9.190221170386393412e-01 9.086412692476514286e-01 8.594331612979393409e-01 8.019173427568114798e-01 8.448539215625824328e-01 6.793026533702737346e-01 8.242433506146977784e-01 8.695441712679730095e-01 8.081732194840245409e-01 7.242744736149870910e-01 8.051639901958290713e-01 9.034041235170142681e-01 8.984491595712328360e-01 9.111596564902415540e-01 9.075651653500792504e-01 9.029835130894748874e-01 9.335720194592338483e-01 9.199808078569811087e-01 8.964383571220051472e-01 8.972533324823577239e-01 8.998625669501040258e-01 9.239539437803351296e-01 9.122502996666814745e-01 9.261326137110125201e-01 9.345369402064513942e-01 9.227094077241257963e-01 9.379916542735209362e-01 9.392653195692960422e-01 9.368502838174315173e-01 9.426446294672625736e-01 9.340392554023625449e-01 9.342258399355780618e-01 9.381215469761307046e-01 9.395699675965102360e-01 9.410782143856900595e-01 9.342618482949669456e-01 9.440251030701686252e-01 9.110118349529167103e-01 9.341838388683934014e-01 9.331522388347841535e-01 9.335665736874751985e-01 9.267459573872078860e-01 9.280761117945949268e-01 9.402591658341290515e-01 9.423633670713496002e-01 9.404567557129234201e-01 9.456522443983875759e-01 9.418812069865850622e-01 9.401962923477513723e-01 9.412006306143599899e-01 9.326330083219135370e-01 9.410586251287433868e-01 9.405705730348342675e-01 9.309929061785183757e-01 9.259090992842643475e-01 9.320168659070169337e-01 9.388054022158043299e-01 9.370637624747926164e-01 9.001045871660590114e-01 9.257301940458224632e-01 9.418485087830292812e-01 9.409066961592020828e-01 9.410460185457018012e-01 9.385897407271216464e-01 9.351321124287719222e-01 9.349276018994049364e-01 9.360705442116905584e-01 9.431866154478303343e-01 9.372466419467153642e-01 9.327014477508164259e-01 9.393411814751161382e-01 9.380005694713688946e-01 9.431344006666949609e-01 9.423541348441436538e-01 9.419943113772076826e-01 9.386872248210683667e-01 9.405570452971692141e-01 9.452934414829379239e-01 9.434040429395422755e-01 9.438685017187422588e-01 9.425891635863726803e-01 9.423043484843709461e-01 9.432675186487387009e-01 9.412186552994067368e-01 9.461836181137857071e-01 9.457770962526876879e-01 9.461940044147301165e-01 9.446630865634745300e-01 9.439325422641888785e-01 9.464286303066337114e-01 9.462299786370662602e-01 9.395242143559644488e-01 9.444345903680105847e-01 9.407278931515067333e-01 9.415694413729429613e-01 9.434819866144228406e-01 9.427089976383671299e-01 9.430720383336741452e-01 9.429977377828067109e-01 9.442797336125434704e-01 9.403499385469933358e-01 9.433755330432435082e-01
1.933789732919276652e-02 1.601063054927027995e-01 3.150044572680887334e-01 5.662853368649846120e-01 4.603287348171722360e-01 5.420475262080526324e-01 7.315152909641959855e-01 7.205310010619747629e-01 7.664634936473128102e-01 7.224233507839430413e-01 7.512393815328280988e-01 8.255717194036886752e-01 1.000000000000000000e+00 7.614518417103555148e-01 8.397653331828580647e-01 8.437595695980524280e-01 7.829386890694225443e-01 7.400489594590200504e-01 7.729440593118673819e-01 6.234443108995065819e-01 7.459480699211804566e-01 7.888300547445424860e-01 7.494349225712227947e-01 6.851541389384466774e-01 7.395749640681464898e-01 8.336799213712361434e-01 8.173494232588280894e-01 8.295565175578168970e-01 8.285017922581554561e-01 8.293023701158496186e-01 8.495885486355861937e-01 8.447094737362053074e-01 8.099012405721466301e-01 8.212229886820415770e-01 8.259857921464250907e-01 8.348648777349088057e-01 8.300703636043615941e-01 8.376926718721955378e-01 8.511027550861640645e-01 8.291754751433486614e-01 8.521492035534873333e-01 8.518693959764973567e-01 8.460444531707915772e-01 8.579773323300288190e-01 8.522983754336693751e-01 8.482813653517665697e-01 8.580428528461934157e-01 8.594740800704949724e-01 8.594414537960834988e-01 8.433860416779619396e-01 8.525791356202274685e-01 8.204611226443662142e-01 8.511632839521786620e-01 8.537100889789139835e-01 8.531057069306585694e-01 8.480259207298765922e-01 8.477061727397352531e-01 8.586968589086581005e-01 8.584049739564566517e-01 8.608490517104036011e-01 8.588096237666880128e-01 8.593155395476703706e-01 8.536083044637693407e-01 8.592955579115127973e-01 8.534782703963162964e-01 8.579371293455747560e-01 8.602438961342313561e-01 8.529805440475817235e-01 8.502166616742747873e-01 8.570353953382854328e-01 8.561599730609795733e-01 8.564562002667180929e-01 8.326554777150534381e-01 8.489868124868646948e-01 8.614318235921892830e-01 8.575612536203587322e-01 8.560743998263561361e-01 8.556323230724470763e-01 8.552641278415700210e-01 8.578903225318605941e-01 8.570741688917487000e-01 8.622200226514304955e-01 8.568921136231639757e-01 8.544492800093996809e-01 8.574939686841500652e-01 8.595506611245850026e-01 8.598013145494235454e-01 8.583419549266415594e-01 8.603797399572247206e-01 8.579009357801642421e-01 8.552287651185854767e-01 8.629089190868537429e-01 8.608919375385054584e-01 8.618410287570492656e-01 8.619582057099896000e-01 8.620453708155519923e-01 8.616355665434143329e-01 8.614986355612915814e-01 8.654170397864300313e-01 8.623533795596081131e-01 8.628069036303870343e-01 8.639686324865194500e-01 8.614660593121513665e-01 8.651164419102377323e-01 8.637023256975603358e-01 8.613253282872497252e-01 8.619224000218050907e-01 8.614830247297665666e-01 8.614666288002236216e-01 8.637104743030817877e-01 8.641406229429478003e-01 8.643246608939186837e-01 8.643760804349175375e-01 8.637445351551955586e-01 8.590928083501716550e-01 8.624373155653293210e-01
