1.000000000000000000e+00 8.824976442651712161e-02 7.538374780152168331e-02 2.455071381330403528e-03 -6.021743405392506604e-02 -6.183272029399707048e-02 4.066455368761758699e-02 1.757029281608615129e-02 1.617923503556475961e-01 5.778860942962411873e-02 9.415160553234798446e-02 5.647749677801900542e-02 2.803691595214223217e-02 4.118358089548276174e-02 2.386618661742817213e-02 1.358089343588112993e-02 1.595083069590124691e-01 2.576415916054856647e-01 2.024243937167231333e-01 2.407436785050906247e-01 2.175726707457887876e-01 1.975297232746406062e-01 2.262881857657233209e-01 2.336749487638077050e-01 1.882967126029599370e-01 1.404740258026412891e-01 1.579221243405102282e-01 1.475918952411422735e-01 1.984399867357231895e-01 1.771039128053298051e-01 1.555999372491640997e-01 1.509552200817778356e-01 1.014918788645436665e-01 1.528994186873869621e-01 1.211702649233160622e-01 9.266719577815839270e-02 8.911675020361314870e-02 9.492363864288121122e-02 9.284923265121931835e-02 3.058729913163476394e-02 3.574301539819862289e-02 1.530741945997930557e-02 5.268418975333025861e-02 3.416687530648886140e-02 5.718115671393469990e-02 8.523630796713592417e-02 9.702568233983979717e-03 2.709332084075907407e-02 2.965593163828346424e-02 8.063194241035946674e-02 5.354513296459491312e-02 7.183963680638985605e-02 1.788105508042193981e-02 6.988186608935556543e-02 7.552918645444911538e-02 8.463534249780357843e-02 8.669116102189479423e-02 3.866546873885650520e-02 3.529224922878836102e-02 3.086674573313359649e-02 1.768456300150638913e-02 4.724345655905652641e-02 4.607916920335670963e-02 7.924095968927716283e-02 9.848276567123746827e-02 8.325171322599871082e-02 5.716355023822917991e-02 1.074620498281809444e-01 8.707858949821196959e-02 1.096254754151338023e-01 9.351972799150955196e-02 9.257049377619666619e-02 1.161062772769862195e-01 1.020529290408634798e-01 5.187861376088470644e-02 5.669293539480645128e-02 5.630190340802519039e-02 8.890971447534033734e-02 7.645615224042583147e-02 7.610526130349855312e-02 5.962902938265202124e-02 6.826444054658543925e-02 9.803969637918766300e-02 6.317716871751773156e-02 5.317596951614450562e-02 6.405442121207913231e-02 4.765510554845714397e-02 3.670156199447373313e-02 4.757224833837599837e-02 6.555357510819820321e-02 2.385453974509051459e-02 1.010972873485418803e-02 4.614271548754124430e-02 3.723805671448832122e-02 7.324063484297003122e-03 1.368664809316997959e-02 1.183327351808291863e-02 4.173573910681314253e-02 1.493960550778275498e-02 2.435150178202857840e-02 2.723019655487461665e-02 3.285979697445202269e-02 7.677390779786465516e-03 8.667728548062764854e-03 4.885378522674142104e-02 5.701098922172040395e-02 2.167209502752420400e-02 3.266297466958711926e-02 3.757596126691300359e-02 1.902029959335449494e-02 2.094481529314320273e-02 1.862378532734620951e-02 1.636285698409131045e-02 4.012607116174932848e-02 6.032088513798875007e-02 4.660968272373142846e-02
8.824976442651712161e-02 1.000000000000000000e+00 2.938167305639719298e-02 1.888543408530432913e-02 3.494530548586227692e-02 6.658943168192231477e-02 6.997717623581722890e-02 7.163608329339324343e-02 1.382517807997309112e-01 1.628331271620852838e-01 8.428804157065590552e-02 9.803566136578308055e-02 8.593046131744880300e-02 1.090575338622514351e-01 1.190820533258216407e-01 1.069159798744187678e-01 1.059532760208497792e-01 6.928338251721752328e-02 8.891776507151957776e-02 9.071881802079763413e-02 4.988007493938311637e-02 7.087869035200750067e-02 1.162023419462752671e-01 5.506952984230499559e-02 6.466408416901679723e-02 8.887650595460358516e-02 9.730970798465124472e-02 9.427197448375526645e-02 4.972439695088280709e-02 1.117870613174712924e-01 1.111026689124490208e-01 1.096863387284024438e-01 9.738814064568486473e-02 8.197020717141816071e-02 1.049715985904782767e-01 7.914255292956130783e-02 9.995560490420014876e-02 1.164140309765222675e-01 1.105715120556786807e-01 9.811904678092546461e-02 1.113067238519254154e-01 1.172161393391671913e-01 7.881398774750106306e-02 1.096586429444134508e-01 1.109858880493229810e-01 1.262132051437916958e-01 1.264218007360878582e-01 1.368484058955554694e-01 1.328762200489190803e-01 9.374455821011717926e-02 9.693748931097929955e-02 4.719778153360417589e-02 8.376964132532277452e-02 1.325531186040274645e-01 1.303903085676790807e-01 1.295601211924013729e-01 1.082459837673578756e-01 1.231543224872460734e-01 1.235617031908123192e-01 1.260601103080921659e-01 1.020471276080606587e-01 1.285360330174774857e-01 1.136262818056434504e-01 1.050693745503676196e-01 1.184686410999303136e-01 1.163157841372974566e-01 1.271765518650717075e-01 1.171814714783371292e-01 1.324461490167710975e-01 1.213086420613359168e-01 1.075519559870180830e-01 1.142567279060577728e-01 1.051344713882091525e-01 1.054975610148039811e-01 1.147022469704198772e-01 1.183586127045113123e-01 1.097587210755902737e-01 9.126289709699937636e-02 1.215902595765698813e-01 1.299846168060218854e-01 1.256445749567922654e-01 1.276165103107933518e-01 1.265929207557729141e-01 1.219691681701260549e-01 1.157865225018523542e-01 1.150830165813361561e-01 1.195730276844642892e-01 1.249299710010686043e-01 1.252180873042908760e-01 1.317054559172668171e-01 1.166485111474328817e-01 1.237587314684593376e-01 1.159183236445303355e-01 1.268912317273677981e-01 1.285744927114339797e-01 1.342978925501191190e-01 1.052290881426771602e-01 1.114789543543147077e-01 1.120260151743018157e-01 1.177448561350241119e-01 1.122926086627609871e-01 1.224782802595522496e-01 1.091631723249129188e-01 1.223447065874203460e-01 1.090103674010545198e-01 1.282002189919371204e-01 1.291878130612033604e-01 1.352456480466291688e-01 1.323034111653527412e-01 1.259421155237395729e-01 1.340875907949973245e-01 1.321068213898381472e-01 1.306716591908262115e-01 1.248002808734707120e-01 1.243220099155531860e-01 1.267440452203279222e-01
7.538374780152168331e-02 2.938167305639719298e-02 1.000000000000000000e+00 2.376625373252742313e-01 8.321682425685579532e-02 1.703650660364854075e-01 2.710813695738727991e-01 2.224722594831636813e-01 2.730853966372514541e-01 2.053899326950859028e-01 2.708892760804308408e-01 2.697539066708697364e-01 2.258770176117081141e-01 2.151712998063215199e-01 2.667358990513671868e-01 2.529489717824102701e-01 2.673519825982503262e-01 2.403982705778328621e-01 2.540486536420515917e-01 2.261689080483212932e-01 2.416988974765545417e-01 2.790607827722171308e-01 2.516625948282122938e-01 2.657064782113092161e-01 2.885793013997106637e-01 3.313545172158999796e-01 3.227762887593317864e-01 3.222646627541796982e-01 3.077803454298414509e-01 3.258200379850140771e-01 3.219842086407046500e-01 2.931507598953854155e-01 2.953693054274899588e-01 3.062678162932538362e-01 3.055191206241087420e-01 3.021352412461640324e-01 3.063474398617540007e-01 3.058773782103192396e-01 3.133471276946394046e-01 2.995329798599779547e-01 2.863580320451501460e-01 2.852857399932658411e-01 3.169002568040761858e-01 3.026193729665035970e-01 3.078438812671707714e-01 3.146871915827463839e-01 2.636380265399289602e-01 2.663754824132542609e-01 2.614555885362058185e-01 3.071929449086900910e-01 2.967533052364327850e-01 3.177191278172584177e-01 2.907890325304863244e-01 2.778354543010518873e-01 2.811836320367482323e-01 2.803169072008543372e-01 2.939531703865634893e-01 2.783821672731515706e-01 2.755692952162942522e-01 2.778930910880124672e-01 2.842616017671077411e-01 2.850234233299938635e-01 2.845163227322302646e-01 3.035227865173537598e-01 2.938953907305431601e-01 3.042227758228960854e-01 2.755274975168406915e-01 2.862309989291034196e-01 2.806394911084303390e-01 2.810203352014116196e-01 2.872015931023661484e-01 2.970176206081451276e-01 2.878174873559445901e-01 2.914583281493047240e-01 3.000238851303052567e-01 2.940516180814594094e-01 2.906268079993934439e-01 3.001856663188538499e-01 3.002445287016690667e-01 2.978533486761254512e-01 2.871105590139970132e-01 2.962716546171271781e-01 2.863912530351254149e-01 2.877513579273598410e-01 2.866041330145677191e-01 2.888608509531972457e-01 2.863963127530860242e-01 2.843357743527512582e-01 2.857793310364337702e-01 2.862062987490865962e-01 2.945171517833086172e-01 2.754552394151477124e-01 2.959352188137213679e-01 2.880061717122707754e-01 2.585874163874164466e-01 2.605663472136823811e-01 2.773801439518411849e-01 2.685879861370620847e-01 2.760244905213768418e-01 2.830578846531358050e-01 2.868535195873603283e-01 2.727953110938933778e-01 2.744318552796137234e-01 2.702005459517945463e-01 2.872344756351345452e-01 2.720999669040978786e-01 2.617252844528896727e-01 2.689939714755771316e-01 2.712093960618142674e-01 2.721041350514945556e-01 2.704992845669496604e-01 2.707900593605597761e-01 2.636879060755841775e-01 2.782457397001359412e-01 2.797495585382860916e-01 2.801436442514346203e-01
2.455071381330403528e-03 1.888543408530432913e-02 2.376625373252742313e-01 1.000000000000000000e+00 2.802728354210264894e-01 2.945460853968421833e-01 4.721755386992652070e-01 4.618195422193753785e-01 3.788200460652927926e-01 3.755911044167995483e-01 4.135102191093597002e-01 5.268607823527512446e-01 4.350111193644204954e-01 4.236066236000807228e-01 4.996833739187930834e-01 4.756561060909335059e-01 3.547822728396740066e-01 2.325469537884225224e-01 2.565103490740190950e-01 2.479263451590996981e-01 2.318861912455529861e-01 2.716025201320347859e-01 2.520383360753213897e-01 2.389995214335995932e-01 2.709910788072679710e-01 3.881824935710617153e-01 4.137050390733754135e-01 4.019547748790863739e-01 3.639166592072367590e-01 3.806834677800834399e-01 4.004210471537414939e-01 4.066260898388029954e-01 3.685976610663749820e-01 3.513479716225687555e-01 3.483791514640756648e-01 4.266960783860582196e-01 3.872681543722754638e-01 4.226293421556293617e-01 4.287052757802731762e-01 4.684141341301490402e-01 4.583866411313130551e-01 4.728146969756143458e-01 4.903836639248198015e-01 4.938647493835435776e-01 4.702646297459895375e-01 4.489985512505745291e-01 4.591036301853417823e-01 4.566445805998415874e-01 4.598397815343371886e-01 4.444850759156476205e-01 4.687468293289224763e-01 4.924303662847999141e-01 4.856078403796147969e-01 4.258769919163484241e-01 4.097727529523225720e-01 4.155372138786987968e-01 4.425203153598752381e-01 4.545137291075380670e-01 4.411427090165767062e-01 4.698209563164407743e-01 4.922569748336042550e-01 4.418305138172708979e-01 4.548925800875082137e-01 4.731000134003340851e-01 4.349342087483833996e-01 4.486550285969972407e-01 4.555881661938760430e-01 4.213869625386355011e-01 4.290303079603222658e-01 4.264142585473115199e-01 4.197090353324591239e-01 4.219936697431028172e-01 4.074436551230166681e-01 4.087624344331626802e-01 4.547526152052605020e-01 4.609093719042141046e-01 4.601023005289192058e-01 4.532174415098096376e-01 4.530402734966915146e-01 4.450416690125920671e-01 4.451402299828175479e-01 4.561122941506609019e-01 4.356976703483422253e-01 4.171021493367059185e-01 4.383345863585704216e-01 4.350975750820572641e-01 4.438540797524979098e-01 4.609234159471538583e-01 4.558727802279055608e-01 4.477611363883521878e-01 4.741783007750128842e-01 4.739419449502757509e-01 4.706232527615620831e-01 4.736368708691918172e-01 4.660045092903628561e-01 4.598453537168998850e-01 4.883988285077553448e-01 4.697762076986534141e-01 4.945961408866920150e-01 4.721283944492897233e-01 4.888435562346734597e-01 4.751704288968905399e-01 4.935680530064002203e-01 4.805251374519382002e-01 4.782439620257992741e-01 4.550371702204024094e-01 4.647539194872022383e-01 4.509680064376154762e-01 4.450053138391275587e-01 4.646882625974824155e-01 4.510059292639955197e-01 4.696301429312838005e-01 4.580120814460253431e-01 4.759905235022870995e-01 4.510748373806606759e-01 4.655744545433282977e-01
-6.021743405392506604e-02 3.494530548586227692e-02 8.321682425685579532e-02 2.802728354210264894e-01 1.000000000000000000e+00 2.629667892855185873e-01 3.464619638698648862e-01 3.808966378257209739e-01 3.379313722020160227e-01 3.483632673413767367e-01 3.336195807427093096e-01 3.808570275186708987e-01 3.780767563870554571e-01 3.537009075011104398e-01 4.138238674277993634e-01 3.933137200377708753e-01 2.971654378143946396e-01 1.591457235959624072e-01 2.075606633780717469e-01 1.697652297200684113e-01 1.446674058409323782e-01 2.115818813683949806e-01 2.000654590518448073e-01 1.825673370697832032e-01 2.201195635282791052e-01 3.207802042673911225e-01 3.302760029231994188e-01 3.336426361113744576e-01 2.848984968984307753e-01 3.089043433879731793e-01 3.190398591108782878e-01 3.322957607436493599e-01 3.264999063150745839e-01 2.993725781438698053e-01 3.183924700779505179e-01 3.474020400351406912e-01 3.479131976356021894e-01 3.537538995751857707e-01 3.697535189069421913e-01 3.838480865952590415e-01 4.014389762825819052e-01 4.207788394647122843e-01 3.870885681714164028e-01 4.148308181866559030e-01 3.891586848435352186e-01 3.825689886004282614e-01 4.236055665754436816e-01 4.169082325464827377e-01 4.112136885076168591e-01 3.708937222299225067e-01 3.870290003881746710e-01 3.779080421978773807e-01 4.086009355593120396e-01 3.857968387633006202e-01 3.688671311621227744e-01 3.693774406696454515e-01 3.714337749179764114e-01 4.067561853644302561e-01 3.944418193389935268e-01 4.198290273236018333e-01 4.207769033809373171e-01 3.981041198903058631e-01 3.926518408920873782e-01 3.868353248881603035e-01 3.724031850401083865e-01 3.800042774228353792e-01 4.083940605962370074e-01 3.667587480604171946e-01 3.813649151740070020e-01 3.595528255487515645e-01 3.572779697458278725e-01 3.708422795784070414e-01 3.523264899219070712e-01 3.560268626297640182e-01 4.028222254915025946e-01 4.091249431263190295e-01 4.085207684381765847e-01 3.909035038940950058e-01 3.964036481408027557e-01 3.935270904769608280e-01 4.000662272781962403e-01 3.971964080114571138e-01 3.763249184909009948e-01 3.890061787270642779e-01 3.928729911913593220e-01 3.914064833298072643e-01 4.033671230094340032e-01 4.076562647678107498e-01 4.065729380651782465e-01 3.926867153399375421e-01 4.164782192528517224e-01 4.266406030823299833e-01 4.097039522474688611e-01 4.170092277083822796e-01 4.238917903208468951e-01 4.228302894779363830e-01 4.126831206239828242e-01 4.069183917689108143e-01 4.228050392300797267e-01 4.114067878679679713e-01 4.168802857468812406e-01 4.155160484267355625e-01 4.230778321143637832e-01 4.277265558011218993e-01 4.080856498663330001e-01 3.946795247204626933e-01 4.179213359388129767e-01 4.147227580319856055e-01 4.066856206750874003e-01 4.186752003442853476e-01 4.098015226643322850e-01 4.251444868156668555e-01 4.182464953903622940e-01 4.156568195526095244e-01 3.986123415917023904e-01 4.076988616205712290e-01
-6.183272029399707048e-02 6.658943168192231477e-02 1.703650660364854075e-01 2.945460853968421833e-01 2.629667892855185873e-01 1.000000000000000000e+00 4.142116966707476422e-01 3.739730639933809830e-01 4.167898087041685962e-01 4.091568499826152561e-01 3.918059047481494139e-01 4.559440977981330523e-01 4.448636586608049615e-01 4.482074589453997060e-01 4.873694229102454312e-01 4.611714629489759854e-01 4.047317340176075917e-01 2.628571769632337962e-01 3.008643361538891892e-01 2.888332568461982053e-01 2.572516293094394002e-01 3.058872100775515412e-01 3.225805653732191636e-01 2.900477582755437433e-01 3.244739141626290513e-01 4.245258580001615156e-01 4.249948352245361272e-01 4.347299640457734093e-01 3.676616348351886554e-01 3.882057615279210783e-01 4.450681334040211823e-01 4.477109643128399652e-01 4.298046726723581124e-01 4.053817457283160341e-01 4.103230527908211522e-01 4.276601308325231887e-01 4.578434304352061446e-01 4.633346132539814533e-01 4.711644196253015338e-01 4.761297239334417175e-01 4.984511465427621801e-01 5.095156133622523731e-01 4.821711804770456022e-01 5.098771056696574933e-01 4.866150165383516524e-01 4.967593610751311339e-01 5.243541985508234360e-01 5.225235496749962572e-01 5.155600445784082053e-01 4.698088018598684523e-01 4.895317834721581440e-01 4.507542323612310775e-01 4.952061820058817898e-01 5.032698077794602876e-01 4.933221952724146653e-01 4.864061666932279482e-01 4.840584377706680375e-01 5.139398687576028912e-01 5.086615687804041386e-01 5.208556079279963447e-01 5.147885683930667478e-01 5.094687195449125738e-01 5.037931510075394081e-01 4.928453651341522246e-01 4.741052035222644290e-01 4.946720184392219277e-01 5.123571640207600364e-01 4.823219372973938102e-01 5.016997875123130335e-01 4.793198308762111615e-01 4.635339857573664291e-01 4.740969256013456423e-01 4.655300652611955026e-01 4.649642507578543027e-01 5.082533794425087015e-01 5.123090946635987519e-01 5.104422930600406305e-01 4.842693377094926532e-01 4.987897595994583710e-01 4.979309390748209441e-01 5.091616189409066129e-01 5.097011982244856743e-01 4.950914605095949050e-01 4.920012544381355823e-01 5.034561722368040559e-01 5.007395552770187441e-01 5.053478826630634080e-01 5.190653056668901311e-01 5.130735878039114350e-01 5.067862383011055849e-01 5.195176898859502623e-01 5.276268410903622863e-01 5.123224213826079732e-01 5.188748685036573827e-01 5.252246435451899398e-01 5.252226734890231841e-01 5.142508445259781347e-01 5.080360783983854933e-01 5.197849094247424251e-01 5.200144217445167305e-01 5.148425831988039381e-01 5.216250310455007311e-01 5.197899466733986173e-01 5.268979335774471862e-01 5.075303358536282783e-01 5.104777221595011572e-01 5.237510308251999147e-01 5.192451487401182897e-01 5.170797210002615607e-01 5.235678909046983520e-01 5.214160884573267873e-01 5.256732383437333622e-01 5.252155747404945174e-01 5.146042048639407618e-01 5.008865612883240948e-01 5.138926629485747188e-01
4.066455368761758699e-02 6.997717623581722890e-02 2.710813695738727991e-01 4.721755386992652070e-01 3.464619638698648862e-01 4.142116966707476422e-01 1.000000000000000000e+00 6.372736880077578547e-01 6.282901896453690904e-01 5.676251449274155592e-01 5.702162225054038247e-01 6.696675187156164721e-01 5.976291233059151109e-01 6.037564443333898190e-01 7.306895210362415183e-01 6.848935689928641324e-01 5.717355509332640029e-01 4.355507639661231889e-01 4.796684394396823481e-01 4.376427380787510368e-01 4.391229861357082709e-01 4.747369505760869468e-01 4.872502515473585150e-01 4.848215145196099751e-01 5.003456236197856288e-01 6.459930663006300255e-01 6.324796405495205498e-01 6.591875647582433606e-01 5.839824655134283615e-01 6.024866090067867441e-01 6.086560806917351574e-01 6.568648690582767902e-01 6.437988482558880676e-01 6.190876584554036999e-01 6.134858495339036155e-01 6.571736814236913693e-01 6.550362171064116890e-01 6.968896669270459032e-01 6.940029563802855295e-01 7.048971034298721072e-01 6.908247525885018447e-01 7.135950818841264587e-01 7.323129086037271085e-01 7.212665587592130834e-01 6.984467859385067312e-01 7.022079560163416723e-01 6.823092956922158780e-01 6.807189498350076917e-01 6.863835285450263779e-01 6.900158714207365040e-01 7.097345124145264528e-01 7.067597042322166789e-01 7.085432380110704420e-01 6.805319732464202298e-01 6.668895159441379228e-01 6.682471129331407633e-01 6.879155310164899451e-01 6.925847885723848130e-01 6.883892060621247255e-01 6.976036460518769688e-01 7.118903697826158838e-01 6.935228472958772095e-01 6.992923236973723755e-01 7.067984439581939116e-01 6.613571030830774911e-01 6.987741234719161421e-01 6.842795729324165910e-01 6.644377814442914421e-01 6.765019485649327313e-01 6.577926487538077183e-01 6.595669961456923636e-01 6.552949923828770284e-01 6.643240056380209646e-01 6.494049812752663575e-01 6.942314207629487477e-01 6.954526935394245157e-01 7.040623385337813067e-01 6.900494478629104478e-01 6.906060014680052150e-01 6.789991289033024957e-01 6.853203854597198497e-01 6.798699971058751457e-01 6.788107861152248290e-01 6.719590912145030348e-01 6.868178255408602384e-01 6.910403412368864018e-01 6.932256950220149205e-01 7.037704557150223916e-01 7.007775356478809226e-01 6.883606092371528096e-01 7.135560354969754382e-01 7.030013903308420797e-01 7.013951366680482025e-01 7.084131853442772186e-01 6.866524305965466812e-01 6.878464337318533905e-01 7.012947816229579967e-01 6.906321376700790271e-01 7.119647048112829335e-01 7.078403033430585856e-01 7.134135238880698893e-01 7.013053482890667656e-01 7.130606731255463293e-01 6.997989098876203906e-01 6.979528921693828325e-01 6.819050401930892846e-01 6.867685399770202537e-01 6.845681942780055262e-01 6.837083493761468844e-01 6.946688828240822344e-01 6.863475019240271591e-01 6.959334006230725178e-01 6.884301316775363055e-01 7.012057111338845239e-01 6.750090511007716954e-01 6.941052425421947447e-01
1.757029281608615129e-02 7.163608329339324343e-02 2.224722594831636813e-01 4.618195422193753785e-01 3.808966378257209739e-01 3.739730639933809830e-01 6.372736880077578547e-01 1.000000000000000000e+00 6.059687648268093918e-01 5.835923843325026006e-01 5.619569423370405215e-01 6.837160496376168961e-01 6.160898026769676683e-01 6.275332523959908926e-01 7.196252245829312111e-01 7.058209769295974434e-01 5.606518596601400839e-01 3.876824448601514095e-01 4.823528623661195724e-01 3.949015485155813465e-01 3.853721014038247183e-01 4.736202130733220272e-01 4.619766433274729578e-01 4.508764954809411085e-01 4.829397971848352067e-01 6.265919721085726479e-01 6.239653063107017950e-01 6.361110114468747634e-01 5.689125477581505885e-01 5.844346560735216300e-01 6.137158304422386523e-01 6.515048799200270357e-01 6.258206141831879066e-01 6.099681130696834597e-01 6.045693075084270784e-01 6.522953093000383173e-01 6.344999682379240946e-01 6.883145580187098878e-01 6.830123406142801779e-01 6.958586567686718682e-01 6.931468652280670106e-01 7.116892489349232465e-01 7.190347812601239896e-01 7.144400866154192453e-01 6.958230499976700845e-01 6.960766740408540487e-01 6.963051743245880498e-01 6.940637483786212814e-01 7.002970040564383547e-01 6.916487434105555998e-01 7.083542475037488684e-01 6.894389399531604123e-01 6.991072103532186555e-01 6.905911706715884835e-01 6.831792400833921475e-01 6.779065353795902249e-01 6.956577981407363609e-01 7.009188855359559378e-01 6.969441946864450843e-01 7.039786333115533035e-01 7.223924915627835119e-01 6.999211705779304626e-01 7.043987605548230890e-01 7.072746991224142521e-01 6.714401379324147490e-01 6.966139183081427877e-01 6.973763183743385552e-01 6.638622418453155039e-01 6.735486417613547605e-01 6.444497557540012078e-01 6.566561167341067318e-01 6.687078182896608602e-01 6.539012510772068687e-01 6.517003606432131280e-01 6.999596017036729956e-01 6.984610960829075177e-01 6.994278695588603822e-01 6.856040161381367071e-01 6.906517803377950626e-01 6.847881433181444155e-01 6.932840934307415992e-01 6.886913351501015024e-01 6.810581635990629046e-01 6.774134899345451988e-01 6.906326426184257183e-01 6.892671309688831460e-01 6.914085630780396619e-01 7.068304804726894819e-01 7.053381350045518916e-01 6.943291963254721866e-01 7.052514877173208241e-01 7.100758924475930600e-01 7.084487854415445485e-01 7.122357288303402534e-01 7.015629028697872860e-01 7.003744633555119004e-01 7.144989160243827575e-01 6.997674101372858280e-01 7.184292950347752615e-01 7.126080389100194479e-01 7.209104684155152043e-01 7.111192274011873815e-01 7.111569286095681397e-01 7.137376711469323176e-01 7.092168751464180687e-01 6.946534353261779593e-01 6.983959764752799559e-01 6.966222720285701886e-01 6.974628337831191294e-01 7.050285989065856462e-01 6.989201357221641597e-01 7.043975739806271896e-01 7.022411406470706607e-01 7.133702131983815642e-01 6.936553219703276429e-01 7.018356709096847945e-01
1.617923503556475961e-01 1.382517807997309112e-01 2.730853966372514541e-01 3.788200460652927926e-01 3.379313722020160227e-01 4.167898087041685962e-01 6.282901896453690904e-01 6.059687648268093918e-01 1.000000000000000000e+00 6.928664694381077016e-01 7.116911632179070413e-01 7.497130267226898015e-01 6.755398011683741988e-01 7.171548897935758893e-01 7.786002446272513033e-01 7.579580641426052479e-01 7.652603122732698493e-01 6.595723892346549988e-01 7.046419195038379213e-01 6.241176149687893693e-01 6.446906249375631281e-01 6.934905323826557888e-01 7.226121115905322911e-01 6.957136971950315107e-01 7.099205677401408954e-01 8.072384938071635041e-01 7.992659877285914760e-01 8.159593212083336988e-01 7.640010961948162649e-01 7.726695361611737312e-01 7.984063914607339996e-01 8.223013880208854820e-01 7.869772760786212240e-01 7.884591961121248938e-01 7.738900841859390756e-01 7.755729176493846300e-01 8.035401835527401504e-01 8.214720459988449353e-01 8.236035711979896590e-01 7.953458461707535454e-01 8.244908633178587021e-01 8.174055063841317859e-01 8.039561329898387010e-01 8.212510150327102521e-01 8.253211344241975223e-01 8.358323835648496791e-01 8.221372917587785878e-01 8.316034922579916833e-01 8.265759308009905659e-01 8.129727626918376027e-01 8.261723294295432174e-01 7.965012173096334136e-01 7.961344211221534906e-01 8.453731746342862952e-01 8.365754407012513383e-01 8.427814800311150822e-01 8.396472990465185804e-01 8.283777972078453233e-01 8.322595561740704362e-01 8.306315389765451807e-01 8.205539957088378022e-01 8.385559311574788399e-01 8.313822552682624822e-01 8.363084942663812082e-01 8.364412004051400285e-01 8.476311222831921510e-01 8.424060302962378399e-01 8.481901350080756075e-01 8.446825528376062930e-01 8.381077319020336924e-01 8.346659604740477301e-01 8.381775931581053607e-01 8.399778159656220433e-01 8.333755998162001299e-01 8.439688654213424179e-01 8.410326905623647376e-01 8.408418350590868284e-01 8.361071255844999550e-01 8.403946317704968916e-01 8.352202682050834381e-01 8.384692314656613243e-01 8.390215193115094783e-01 8.500044548735337102e-01 8.301001215160376256e-01 8.308028798643538604e-01 8.411030465533098077e-01 8.405034038740717417e-01 8.366858713019736937e-01 8.410114393934106092e-01 8.398183316203882143e-01 8.299863384563040958e-01 8.263230734959358115e-01 8.394492486908031736e-01 8.385637108538066542e-01 8.232211241993717676e-01 8.258031995504306888e-01 8.062271422516447128e-01 8.196682403548887219e-01 8.181417517989371113e-01 8.319669514882875871e-01 8.265014982525326070e-01 8.306993446177743934e-01 8.192938924288950542e-01 8.212507173539255190e-01 8.351187604800571762e-01 8.318053589930548553e-01 8.254138212235894168e-01 8.360645513178003307e-01 8.358370112690666209e-01 8.298611242400792953e-01 8.283961051370488660e-01 8.283577640912935802e-01 8.250282510661094415e-01 8.340482122812069576e-01 8.415901119049346013e-01 8.374153385184601728e-01
5.778860942962411873e-02 1.628331271620852838e-01 2.053899326950859028e-01 3.755911044167995483e-01 3.483632673413767367e-01 4.091568499826152561e-01 5.676251449274155592e-01 5.835923843325026006e-01 6.928664694381077016e-01 1.000000000000000000e+00 6.510799720557979287e-01 6.884341894227844483e-01 6.471055671274454912e-01 6.681010590354039547e-01 7.467360799574106478e-01 7.211584669619613974e-01 6.560632477462169376e-01 4.894066301542229769e-01 5.827869349507468488e-01 4.787897032326846603e-01 4.579201873396750999e-01 5.473717337864685284e-01 5.810254850582688979e-01 5.385123184509413852e-01 5.717577612253902375e-01 7.017071509779693184e-01 6.953513554719561451e-01 7.039091079615387159e-01 6.388224341593938815e-01 6.532509572464095804e-01 7.039994979341034353e-01 7.296224379124508497e-01 6.905799787134729861e-01 6.740568305736577281e-01 6.739672637812590406e-01 6.950376634108808016e-01 7.135040972514703483e-01 7.487852582031742088e-01 7.340140714696867796e-01 7.499584478095496776e-01 7.731313546474011256e-01 7.735160308893038739e-01 7.461658304288725230e-01 7.706227161408133464e-01 7.638627001271111050e-01 7.653046846976591100e-01 7.898215063817277670e-01 7.931755519526210163e-01 7.792699974841471589e-01 7.404655338284114041e-01 7.609436266597905396e-01 7.103863782348025513e-01 7.505559175996613375e-01 7.832649264095846720e-01 7.702922922949995144e-01 7.739290050002540777e-01 7.585832922806459155e-01 7.845001267663459510e-01 7.780629726121726097e-01 7.861450304166269776e-01 7.740423974573928945e-01 7.834849160063160900e-01 7.710977535684329087e-01 7.635574408765810617e-01 7.535588013024188125e-01 7.690406107048484152e-01 7.883145593371555515e-01 7.623894938096301699e-01 7.803515899911700471e-01 7.396450967847220115e-01 7.442252912715786595e-01 7.620583249407171245e-01 7.434870740112254905e-01 7.477703781454557719e-01 7.816440017314345567e-01 7.806961197759004767e-01 7.778241694245583426e-01 7.601052724528821747e-01 7.756193605191289420e-01 7.679662473297129699e-01 7.758075100168546623e-01 7.773141517683750390e-01 7.716067918899925937e-01 7.653180761382253339e-01 7.696434033127479424e-01 7.696899271289312505e-01 7.747723556715875315e-01 7.858700663631164041e-01 7.826015654793968546e-01 7.830939885113660237e-01 7.807607738771693562e-01 7.870911972380012500e-01 7.822152487248886787e-01 7.885399937439727669e-01 7.887047986311720438e-01 7.904425683075719800e-01 7.641603910301784097e-01 7.662411444836297880e-01 7.759063509298514960e-01 7.847177263505811240e-01 7.788911041216599607e-01 7.813557361379485089e-01 7.764943815123659387e-01 7.872552084317542276e-01 7.808560248491418498e-01 7.759543240272210873e-01 7.837507657862626820e-01 7.921171762935851346e-01 7.907360582825984086e-01 7.890074230877294204e-01 7.888460389963414254e-01 7.901684152331255317e-01 7.895830247237498600e-01 7.861400196011377739e-01 7.814733506164032173e-01 7.877977170558498887e-01
9.415160553234798446e-02 8.428804157065590552e-02 2.708892760804308408e-01 4.135102191093597002e-01 3.336195807427093096e-01 3.918059047481494139e-01 5.702162225054038247e-01 5.619569423370405215e-01 7.116911632179070413e-01 6.510799720557979287e-01 1.000000000000000000e+00 7.484325125265004486e-01 6.348614114851528489e-01 7.025858246353202663e-01 7.458293828401543202e-01 7.317006336178442094e-01 7.180071734542364803e-01 5.809129085332924713e-01 6.800008370474169839e-01 5.319547833072965082e-01 5.672826512772579655e-01 6.857996937425017148e-01 6.605720695342516269e-01 6.503963159906855918e-01 6.937030686319259898e-01 7.735187117148522029e-01 7.791646766535573754e-01 7.794203770722002433e-01 7.416485913783442685e-01 7.540246113469282196e-01 7.870556662917777002e-01 7.734649256809852380e-01 7.398945686930979981e-01 7.660021683981951268e-01 7.461426735940981381e-01 7.776256148550074743e-01 7.857843381361737656e-01 7.786947363364462582e-01 8.008553607805690699e-01 7.673340888911509561e-01 7.977643265326059829e-01 7.882870119499563177e-01 7.813682870277718351e-01 7.950430029999977499e-01 8.126733061493239818e-01 8.008686005943289610e-01 7.835393578536982151e-01 7.923213726746733965e-01 7.914870596316451179e-01 7.798017065244018386e-01 7.882886165222999786e-01 7.802214067532593500e-01 7.776620944484587961e-01 8.016259012400824835e-01 7.927979687077925108e-01 8.035858298226365992e-01 8.051116347678581864e-01 8.010279110276481429e-01 7.883088303199503599e-01 8.013348124147635643e-01 7.944016637739522713e-01 7.997710339299584081e-01 7.875768265378414457e-01 8.104426831252345975e-01 8.114491387961123570e-01 8.136309212960315396e-01 8.053266881577711978e-01 8.051097393515972422e-01 7.968067713422609666e-01 7.728732213881542856e-01 8.034918977675887808e-01 8.186063037739935710e-01 7.944129915270493614e-01 8.081459851132932748e-01 8.139130044336712055e-01 8.124630482489313410e-01 8.042506496672608973e-01 8.101364043702918849e-01 8.152717998470543348e-01 8.101676223171577762e-01 8.114098886686212930e-01 8.155126412090074606e-01 8.093158793270582851e-01 7.881555125000850870e-01 7.928343136336525321e-01 8.070913429272633666e-01 8.161402780705797610e-01 8.001228843112393463e-01 8.104270145965568606e-01 8.073243418654567627e-01 7.973354796776340736e-01 7.956194991327583121e-01 8.176537272038146842e-01 8.088684398033506584e-01 7.904773213391614872e-01 7.911466023846878137e-01 7.821246007824468327e-01 7.861053818481816835e-01 7.912691481810586458e-01 7.967484738726565707e-01 8.040662750813841742e-01 7.975557786048278475e-01 7.924830500680954959e-01 7.937270392273494402e-01 8.083713577246222082e-01 8.010500971798799608e-01 7.925341349370857991e-01 8.012185631957871035e-01 8.002955416101529273e-01 7.979922946004738282e-01 7.962108123917889246e-01 7.959182098607306965e-01 7.916855377727778365e-01 8.056321515183790805e-01 8.122942365525666064e-01 8.069125000301952122e-01
5.647749677801900542e-02 9.803566136578308055e-02 2.697539066708697364e-01 5.268607823527512446e-01 3.808570275186708987e-01 4.559440977981330523e-01 6.696675187156164721e-01 6.837160496376168961e-01 7.497130267226898015e-01 6.884341894227844483e-01 7.484325125265004486e-01 1.000000000000000000e+00 7.203521618055638287e-01 7.642726598369385949e-01 8.504993971129274355e-01 8.329412652297419895e-01 7.463411848904898394e-01 5.918563203939780637e-01 6.692725338050244943e-01 5.567488529053954416e-01 5.691873833611486022e-01 6.639349541836191415e-01 6.493070194198643508e-01 6.436188587245251780e-01 6.610087010265751628e-01 7.786766427459509421e-01 7.977824695375101971e-01 7.998123133169523502e-01 7.471266694934974861e-01 7.665248716579390331e-01 8.117814419208421173e-01 8.233441995519721335e-01 7.724175951550598107e-01 7.776976362148151356e-01 7.499595786302226674e-01 8.262625101297073060e-01 8.001057990722371116e-01 8.239483103454525725e-01 8.317178057612648612e-01 8.417141990571482824e-01 8.441785603723114262e-01 8.504520909029809062e-01 8.583459982661174603e-01 8.642441138091749853e-01 8.615617964988253608e-01 8.481602772872138818e-01 8.528915150908523701e-01 8.587388686236739899e-01 8.683357382271321701e-01 8.350273404314906278e-01 8.538966500306486296e-01 8.464868279290926889e-01 8.402991318530923515e-01 8.567962360319805182e-01 8.428001548066322846e-01 8.498268182219695932e-01 8.657944726373717481e-01 8.614562847104714205e-01 8.500365141036401173e-01 8.634782060222025990e-01 8.698277598920206577e-01 8.583230904044605314e-01 8.526279499977806875e-01 8.739349825689127771e-01 8.619249269873692221e-01 8.626327391517218945e-01 8.690920169567911691e-01 8.540464596029140321e-01 8.483996964487405812e-01 8.322215236582629627e-01 8.473498817372779879e-01 8.558900533776251374e-01 8.424247288061215144e-01 8.410558681624664690e-01 8.629877286242446655e-01 8.651927010355222603e-01 8.583483718138165131e-01 8.567154301939292615e-01 8.617003880929140491e-01 8.589753970842625153e-01 8.551953232297420104e-01 8.682287327694095946e-01 8.598715364214608581e-01 8.335115686436226357e-01 8.520865876914538450e-01 8.555156485454930015e-01 8.582057920323947764e-01 8.646357010651216646e-01 8.660492203412762935e-01 8.619969727123841796e-01 8.591611061850490394e-01 8.622803103750833476e-01 8.766840971872529309e-01 8.718581013118984480e-01 8.629484035365295735e-01 8.602099690984733593e-01 8.698375816687058393e-01 8.578170758740860657e-01 8.726441401052852376e-01 8.658230118063174885e-01 8.822684845299726408e-01 8.692023237273470704e-01 8.649286367065008863e-01 8.646479632788084402e-01 8.824525686882925823e-01 8.693029739071467255e-01 8.644634453905469806e-01 8.617480427620134442e-01 8.619622297292771629e-01 8.633667528314267203e-01 8.578344312535942651e-01 8.617423069187161166e-01 8.620839480010427103e-01 8.804631725129252739e-01 8.724510100143841873e-01 8.696806681915493220e-01
2.803691595214223217e-02 8.593046131744880300e-02 2.258770176117081141e-01 4.350111193644204954e-01 3.780767563870554571e-01 4.448636586608049615e-01 5.976291233059151109e-01 6.160898026769676683e-01 6.755398011683741988e-01 6.471055671274454912e-01 6.348614114851528489e-01 7.203521618055638287e-01 1.000000000000000000e+00 6.921691591409067090e-01 7.675274812439396577e-01 7.589823013775677252e-01 6.458799805033101915e-01 4.516765763911450016e-01 5.527206530480364144e-01 4.357572218743914760e-01 4.444183466611932309e-01 5.405770987410357664e-01 5.346278204838934567e-01 5.237443111899294790e-01 5.503172515750772709e-01 6.842303060936274495e-01 6.943606249772378280e-01 6.943635627503365049e-01 6.288246671179579250e-01 6.331316678430650713e-01 6.938416402858201826e-01 7.152168939702455708e-01 6.816905032524186447e-01 6.676444613802646755e-01 6.567165699665704626e-01 7.142480539610436274e-01 7.070427215421476452e-01 7.290169812955376027e-01 7.387137466901586569e-01 7.576310663624840069e-01 7.794643493720382343e-01 7.964109947107861354e-01 7.640023204625796538e-01 7.895558513174492088e-01 7.753540946784931442e-01 7.596005794002733680e-01 7.998906537283537732e-01 7.959792832502293747e-01 7.942509196222861112e-01 7.433284628577786490e-01 7.722544864922573638e-01 7.372420235860011051e-01 7.730274361426292540e-01 7.775039520441084928e-01 7.557046175025150525e-01 7.625464834999861052e-01 7.671381123546534564e-01 7.905304461456145182e-01 7.791809500138459077e-01 8.018321012980489382e-01 8.016543599381369400e-01 7.833587725651266487e-01 7.710668967164675536e-01 7.781265794185486806e-01 7.632082471007426427e-01 7.718970991514451097e-01 7.944426636729726710e-01 7.597400559966267508e-01 7.661929445695343510e-01 7.377440795347461888e-01 7.485707273066262157e-01 7.596440279758354119e-01 7.435236566962589722e-01 7.460857730668422061e-01 7.840179210950344313e-01 7.919440323381345959e-01 7.885771904116335440e-01 7.691542802939062007e-01 7.770035976349610740e-01 7.673691006140574977e-01 7.785114985039562896e-01 7.829323588878983609e-01 7.709050488196469431e-01 7.596883102819187439e-01 7.718967015035724799e-01 7.756773259043492352e-01 7.808696370924892438e-01 7.937892554268223266e-01 7.915354789876163366e-01 7.832482597938845714e-01 7.945016209521951200e-01 8.047639756636632002e-01 7.960040619256321115e-01 7.992709350034368221e-01 8.038278719040984344e-01 8.025506046307749886e-01 7.919107377229827049e-01 7.847626127970215304e-01 8.012296040440364253e-01 7.967422163884245734e-01 8.029789599017100876e-01 7.979256563255673340e-01 7.977953161514717006e-01 8.052952608392106582e-01 7.972992386232019557e-01 7.836454357849748087e-01 7.992015079031348224e-01 7.988281489348983966e-01 7.932844273351160602e-01 8.008955839687824652e-01 7.971763460742546936e-01 8.041540962353499467e-01 8.014981511805889802e-01 8.020132522267982011e-01 7.905146582735909089e-01 7.952786480542973768e-01
