1.000000000000000000e+00 4.691025819132383506e-02 1.317976413523578583e-01 1.322516925116066777e-01 8.756674843915057682e-02 2.360802282352717982e-02 6.099257226808492416e-02 2.830863778672898859e-02 1.348956020416686163e-01 4.409867603684496096e-03 3.267277380244242024e-02 4.921242411841057762e-02 2.436267747037140774e-02 2.180315584564813600e-02 1.927711428432130406e-02 1.607029834639039922e-02 9.463063681153895124e-02 7.961602101774753470e-02 6.464077693733193131e-02 1.056419706068645881e-01 1.090241545343747093e-01 9.267021608116816911e-02 7.332248184749763642e-02 5.483706975252899268e-02 6.890163967288166769e-02 9.261245447560222110e-02 1.134610327777200584e-01 7.673071077782607496e-02 9.856092320357461023e-02 1.015921380072834918e-01 6.543675951370281352e-02 5.523777411465497639e-02 5.697610961656313783e-02 4.004361319890653581e-02 6.803499617864784688e-02 6.442174453535037815e-02 3.189636199781870768e-02 2.003968385499903335e-03 1.918503710575029594e-02 1.944182414593005961e-02 3.063358482626247006e-02 1.738615602753872114e-02 1.377998334437228328e-02 3.010359360807586537e-02 4.542517587714133692e-02 1.411898357299465508e-02 -6.067101121021625104e-04 1.881611397405768757e-02 1.941714633885809754e-02 3.718101090492937494e-02 9.454015378450635054e-03 8.851371329568195889e-02 4.963831373386222434e-02 2.876725479270923758e-02 3.226669272370963348e-02 2.768537387809485301e-02 5.658602873398722866e-02 1.320342587924366699e-02 7.231119848836831815e-03 2.561739027458265205e-02 1.425976855009595395e-02 1.386322447580950676e-02 1.949862103706794317e-02 2.393410830208896056e-02 6.819517356554895271e-02 4.774123351184397096e-02 3.055640243963882868e-02 1.556086497596306621e-02 3.268662262642395983e-02 3.487212202324144195e-02 2.853986055893404511e-02 3.067460589296444259e-02 9.115627283237339243e-03 2.137226879089106427e-02 4.237409274379975305e-02 2.969244403587258108e-02 4.102702393507998146e-02 4.956747595371592541e-02 3.226553933283324987e-02 3.939386585962024317e-02 3.782869310059894935e-02 2.349313559844487531e-02 3.877522900432546493e-02 3.265285210840479513e-02 2.454629987380560138e-02 1.655275008290304703e-02 2.175694052951815741e-02 1.323111998550008557e-02 5.768206241033863556e-03 3.934749618494698398e-02 2.447748539614813187e-02 1.410455166283139730e-02 2.135974279801530762e-02 9.484396143383760566e-03 6.990055007706347939e-03 1.457456246068384274e-02 2.901301579392357582e-02 5.756632043315840913e-02 1.618383781949236239e-02 1.824014593424056613e-02 1.238121530495374552e-02 2.532167674355972897e-02 2.816428718778135956e-02 1.256927266227197276e-02 4.226110122872371588e-02 3.911068651885735159e-02 3.075221822629412016e-02 2.346825040771242932e-02 2.026377855095341102e-02 1.474225760918037968e-02 1.060248600031952169e-02 1.714023405520605572e-02 1.734255980826450091e-02 2.480069473784677486e-02 3.987410039577658077e-02 3.941944406329588729e-02
4.691025819132383506e-02 1.000000000000000000e+00 9.052453729650722369e-02 4.299513062918486339e-02 4.532410805509438922e-02 7.502667388066736054e-02 1.191669021298025211e-01 9.712088744567570764e-02 1.611644037036873423e-01 2.117606537234657527e-01 1.458785180397344505e-01 1.242372614113712859e-01 1.039581616109512552e-01 1.273682091113615966e-01 1.401128817108270863e-01 1.230404999625148293e-01 1.176663289477614394e-01 1.537698360097617400e-01 1.893082933993107675e-01 4.958698408676549124e-02 5.633818481605187140e-02 1.424909956414937839e-01 1.977202338541065030e-01 1.761013113615687575e-01 1.892117880977792210e-01 1.712075617667034866e-01 1.610876395964769003e-01 1.706952761274885544e-01 1.493294571336664933e-01 1.943577305048083126e-01 1.685049316547630460e-01 1.751582771380297554e-01 1.676480387439098496e-01 1.748696159140394335e-01 1.586740518140100087e-01 1.245110181051178461e-01 1.504909012258857925e-01 1.692522789973840702e-01 1.625518536915016299e-01 1.640486472559103126e-01 1.547483700983071919e-01 1.653196632820649603e-01 1.379807076805175670e-01 1.508483023307290172e-01 1.643104122287746827e-01 1.662712288128390392e-01 1.538091800386180985e-01 1.623517496442279384e-01 1.533524854354608447e-01 1.238722805816360600e-01 1.542946780788816141e-01 1.075460482135410095e-01 1.447355588204188304e-01 1.602402790171954250e-01 1.639820106564011115e-01 1.703113636277800436e-01 1.222114923115617258e-01 1.466257983827086164e-01 1.589684972865053614e-01 1.517519407324598446e-01 1.364139547797045549e-01 1.496842539572559305e-01 1.434219319786227409e-01 1.233671502523288332e-01 1.276083528169837666e-01 1.349726769670190063e-01 1.510892733060292259e-01 1.705978179406082706e-01 1.726970067399669351e-01 1.359395585081499547e-01 1.497130438656448792e-01 1.680360992842278023e-01 1.756745643172651916e-01 1.764895098498461268e-01 1.656406147174885324e-01 1.594211748257192973e-01 1.675449534101701998e-01 1.514554830493470006e-01 1.809350821203122572e-01 1.700494924347810966e-01 1.641468124901697689e-01 1.562067773407053994e-01 1.625298354893773001e-01 1.667744826215584730e-01 1.455223662001006724e-01 1.615890031666917526e-01 1.571801340977121431e-01 1.589689935033192503e-01 1.566327710245158378e-01 1.643162735399784635e-01 1.649062639902304506e-01 1.563654521848723000e-01 1.555149476716055357e-01 1.626600926643010370e-01 1.559425775850666607e-01 1.561311031578140329e-01 1.266728752576826988e-01 1.209746763912512568e-01 1.407126856470811427e-01 1.515313790683023021e-01 1.432354410019414104e-01 1.291188390141558562e-01 1.440532637048057563e-01 1.454166858408556251e-01 1.305890601447398103e-01 1.259071801107208566e-01 1.490394610585423496e-01 1.629828624470205378e-01 1.597800174072542823e-01 1.525188493210937191e-01 1.477986007695552551e-01 1.469509786507338933e-01 1.474106843589923499e-01 1.340006467755582298e-01 1.388307122219105405e-01 1.394192513991876770e-01
1.317976413523578583e-01 9.052453729650722369e-02 1.000000000000000000e+00 3.747134432496375678e-01 1.843109299383393074e-01 2.113473767045099261e-01 3.621486834284253775e-01 2.955247877929244593e-01 3.448040014558576560e-01 2.741041555642927396e-01 3.731143868009899611e-01 3.765897080776449690e-01 2.907257728626790882e-01 3.222340178023836432e-01 3.762843386423971870e-01 3.668691939171677130e-01 3.410382830762788697e-01 3.411574625150901596e-01 3.499984904017772180e-01 3.562904618704542115e-01 3.502125807242688627e-01 3.872806488076806497e-01 3.979821184721312743e-01 3.234298045819266054e-01 3.432307978204462984e-01 4.016616529807831015e-01 4.302707456312815926e-01 4.282758198661908988e-01 3.820938114935869545e-01 3.759013704892513186e-01 4.057908730292995592e-01 4.068687379820106198e-01 4.084639776905458763e-01 3.771485238502395032e-01 3.790972948317106184e-01 3.827528486254925255e-01 3.942125067878259337e-01 3.952837604916489833e-01 3.698792281653524583e-01 4.105114596878456923e-01 3.861254858431185655e-01 3.955040561439348012e-01 3.901871127599809141e-01 3.880161170289972428e-01 3.840564354630753297e-01 3.765371254748167695e-01 3.616702738499529834e-01 3.619415523131162549e-01 3.687279349642166304e-01 3.838586353862135092e-01 3.850772664538704149e-01 3.736550781863568482e-01 3.700368751326688077e-01 3.564765249299016725e-01 3.654698326988378709e-01 3.833551062318546476e-01 3.611475055013177449e-01 3.578847498476382394e-01 3.649732054661165570e-01 3.531053172581028465e-01 3.588276040861720917e-01 3.600239620578247202e-01 3.636788483612386491e-01 3.484345435648886213e-01 3.539916582034652870e-01 3.509476507764190401e-01 3.676961014364801272e-01 3.664741290132016993e-01 3.861448980519560092e-01 3.843356690688046751e-01 3.806872695398303419e-01 3.773491784922577419e-01 3.611293934914504011e-01 3.763471062505883702e-01 3.839678909347302715e-01 3.813767095079309555e-01 3.882036523236783720e-01 3.789885893735037703e-01 3.784448001357335056e-01 3.766183028316015258e-01 3.778107977027536646e-01 3.768653589643143897e-01 3.874577683502468672e-01 3.690683719318221812e-01 3.792157033363128260e-01 3.646372548053755103e-01 3.812107786720454472e-01 3.749131994187774319e-01 3.603197795108160628e-01 3.826818257165870985e-01 3.907151856715533333e-01 3.779160957029001344e-01 3.798569702627395683e-01 3.733221285584681914e-01 3.588369395555622843e-01 3.625573145462234748e-01 3.908899451170337880e-01 3.696896201708307350e-01 3.662462228010492371e-01 3.785557734732955537e-01 3.783232543886607124e-01 3.664774801791996217e-01 3.662765107843110046e-01 3.678577615117610278e-01 3.740156883259250775e-01 3.667499185448851451e-01 3.721371901835768825e-01 3.620104971815067407e-01 3.664850362709234366e-01 3.648334191983796937e-01 3.676731710633565631e-01 3.591953018264759656e-01 3.647500845383184198e-01 3.608297949088500323e-01 3.558519375397034001e-01 3.591634824600111187e-01
1.322516925116066777e-01 4.299513062918486339e-02 3.747134432496375678e-01 1.000000000000000000e+00 3.161638019347697282e-01 3.778065128557139274e-01 5.476347420497142959e-01 5.398442609548810278e-01 5.540154443182072619e-01 4.063014138313510992e-01 5.610620710539981904e-01 6.360255083056809422e-01 4.968015722009003765e-01 5.078975441478565944e-01 5.885709189328448554e-01 5.878848268323141335e-01 5.549878812188424604e-01 4.359879739738214410e-01 4.479745024630589212e-01 5.720313491943901374e-01 5.371776578205842423e-01 5.464450855776404881e-01 5.229527592258514934e-01 3.924096820173812450e-01 4.347777023708173649e-01 5.610868370625206047e-01 6.059972370148222209e-01 5.848366083339409105e-01 5.817946360359839142e-01 5.190568760548915916e-01 5.979037604360903924e-01 5.771769229216904273e-01 5.691545726911347858e-01 5.279016056711877125e-01 5.272460779783691986e-01 5.988191103805001747e-01 5.736736292760905576e-01 5.780828184056996388e-01 5.758995801167273720e-01 5.778839356654770221e-01 5.858959449403425834e-01 5.849209996973405712e-01 5.998086175755602545e-01 5.986686260695995854e-01 5.908025691323495199e-01 5.625514725820978112e-01 5.733791414519188168e-01 5.704231269245514380e-01 5.803346078046270895e-01 5.947897463469221657e-01 5.896383502369334506e-01 6.039419472741676120e-01 5.946532364573938745e-01 5.580805565531476997e-01 5.502364706032355501e-01 5.736807875622853548e-01 6.017141519024741259e-01 5.750667181921034210e-01 5.734769149303632352e-01 5.707822133772875173e-01 5.807900239424036437e-01 5.735989410833344238e-01 5.801122548602160034e-01 5.909237101899732503e-01 5.817347611609517966e-01 5.770437911371899542e-01 5.776492590367405811e-01 5.447233518088453463e-01 5.670771390372492116e-01 6.025056857277033551e-01 5.762838001409278377e-01 5.633826992746966411e-01 5.222802579332093131e-01 5.379393441969757550e-01 5.777994049354644446e-01 5.820710851297100641e-01 5.783160507195275191e-01 5.873395833096928254e-01 5.590158310331656555e-01 5.524580179679000613e-01 5.715459895342580587e-01 5.832228118323368182e-01 5.931248518086993382e-01 5.545041276093294336e-01 5.767168912878711806e-01 5.522983094345013111e-01 5.854896956484852977e-01 5.748919895447686113e-01 5.665985518511094110e-01 5.892711423336304266e-01 5.852982870820753192e-01 5.787323899325776955e-01 5.831466687162186746e-01 5.762769130146857544e-01 5.642908349824435899e-01 5.671564601255217886e-01 6.137053155522165238e-01 5.956537473841453378e-01 5.831318808444063695e-01 5.884373541464109625e-01 5.882480411444998003e-01 5.933529701320435779e-01 5.822823143236789400e-01 5.852256901946186751e-01 5.983999461873430459e-01 5.966657470401998120e-01 5.829565264276769243e-01 5.625287417446214189e-01 5.703291416293930771e-01 5.798821597882675150e-01 5.833900289188415078e-01 5.715131624417564282e-01 5.800329920085093294e-01 5.852179215075572483e-01 5.775787621442152187e-01 5.819290259476782579e-01
8.756674843915057682e-02 4.532410805509438922e-02 1.843109299383393074e-01 3.161638019347697282e-01 1.000000000000000000e+00 2.945824324056325327e-01 4.344689001542118567e-01 4.336051902144837933e-01 4.331738189595881749e-01 3.758680780865046867e-01 4.395452740407652659e-01 4.567819598163416206e-01 4.359055712871364174e-01 3.887350469098926342e-01 4.779024425836651546e-01 4.788841811831655582e-01 4.220385865725862495e-01 3.369051340316672749e-01 3.642938151843855832e-01 3.368912862722270307e-01 3.559557169753209127e-01 3.954181123872381187e-01 3.932383569159025316e-01 3.387332191190607356e-01 3.596019920274794446e-01 4.587966795626533534e-01 4.331149918041591884e-01 4.553033745457415460e-01 4.426561566999713815e-01 4.287903186146444501e-01 4.444136327283554344e-01 4.490322834616882752e-01 4.363567147719504269e-01 4.240897350862858350e-01 4.371286547646565657e-01 4.382070141874049862e-01 4.492337818920750792e-01 4.681023573882182043e-01 4.685002397234087623e-01 4.424427166934035149e-01 4.686642208144514155e-01 4.680768313674463776e-01 4.738765939580043551e-01 4.802762698521692020e-01 4.725042797865128263e-01 4.682703596767092691e-01 4.773209039326475889e-01 4.698174606135123721e-01 4.693658197525055753e-01 4.749931856153188359e-01 4.770909955716870487e-01 4.622736077591121928e-01 4.762215552014944508e-01 4.612752331105782200e-01 4.531359688716770640e-01 4.597480733363001337e-01 4.540538905690277849e-01 4.682979288961016673e-01 4.615311331078246759e-01 4.748453559944157409e-01 4.762742799258400384e-01 4.627294433565532494e-01 4.680904720957302367e-01 4.731767507523935157e-01 4.753149305353587262e-01 4.610415755389947190e-01 4.803915720625834829e-01 4.591739694418223161e-01 4.666690622017523049e-01 4.650825161306974542e-01 4.625627628227109711e-01 4.683878221445386125e-01 4.430734017192526353e-01 4.569460762414206956e-01 4.768693959849394370e-01 4.750441573860857969e-01 4.705280459453270447e-01 4.714200355605988046e-01 4.675566578463067335e-01 4.644604031624426921e-01 4.756348397676105622e-01 4.738301480631917362e-01 4.788804303658321104e-01 4.635326978643569129e-01 4.833357172813053659e-01 4.663373701116502179e-01 4.696719288994189445e-01 4.802343343934028508e-01 4.734307150068802761e-01 4.783190033128942864e-01 4.738206155679461906e-01 4.777855933997257054e-01 4.766178917271270410e-01 4.753112643485393751e-01 4.767112100699320010e-01 4.749731423175568845e-01 4.864297484174381347e-01 4.862958585500533060e-01 4.813340178931266866e-01 4.843245711946175258e-01 4.796202014565663641e-01 4.851811326895957288e-01 4.771275349601782345e-01 4.840351801983158730e-01 4.877109836261008802e-01 4.691053145119467582e-01 4.827386118325257547e-01 4.765913873102580745e-01 4.753267783875336217e-01 4.760373837576840628e-01 4.752833461144237992e-01 4.789320888611428018e-01 4.730075213551877544e-01 4.821046715728499743e-01 4.808708642090844809e-01 4.758313125682835376e-01
2.360802282352717982e-02 7.502667388066736054e-02 2.113473767045099261e-01 3.778065128557139274e-01 2.945824324056325327e-01 1.000000000000000000e+00 4.933671864564170839e-01 4.434769534192651297e-01 5.238259082671201661e-01 4.626312102413349114e-01 5.284149045619223051e-01 5.553725922374465052e-01 5.058314630259114208e-01 4.961593929201594810e-01 5.621641365728261563e-01 5.420445588156053152e-01 5.096184944334239963e-01 3.997762759519449816e-01 4.315817082504545543e-01 4.091818858126925473e-01 3.873291017820574833e-01 4.624571467826843474e-01 4.759259179334045520e-01 4.009768094554232998e-01 4.311217736231546249e-01 5.362362785015095668e-01 5.194513101964730595e-01 5.234968137689706147e-01 5.124294349463555109e-01 4.975998638166972965e-01 5.386596934198168984e-01 5.433309440014953973e-01 5.100735325277571119e-01 5.040736073792182470e-01 5.148962733119910595e-01 5.115787908406891349e-01 5.311182031072824161e-01 5.533222932088890378e-01 5.503968148024082074e-01 5.201880310849618105e-01 5.689185718293772176e-01 5.556155564462968988e-01 5.636947374671106292e-01 5.728005855466485885e-01 5.618826710948434666e-01 5.557463936692073059e-01 5.742200876588149372e-01 5.794963499930796402e-01 5.800701038222735306e-01 5.564340800092830719e-01 5.731918552502026643e-01 5.646118853123588410e-01 5.786875718838968563e-01 5.725377991787176102e-01 5.674328840331646084e-01 5.627596847469575891e-01 5.673234186123896627e-01 5.733787480766234790e-01 5.766955757458840370e-01 5.762246251452166623e-01 5.802926159333207101e-01 5.745769130779733169e-01 5.724146984039246711e-01 5.667069051642890098e-01 5.628884144145971380e-01 5.694792845281796412e-01 5.785422526713295266e-01 5.604992033737115076e-01 5.718581118120035223e-01 5.694423804104999931e-01 5.474448257867703393e-01 5.644810294698718867e-01 5.435290384509845474e-01 5.494866371084706769e-01 5.754719023765904051e-01 5.764515097133764421e-01 5.724584428473959985e-01 5.669293106373860525e-01 5.665402507740500138e-01 5.677809347283012675e-01 5.705543217531482414e-01 5.768181364765254671e-01 5.686507443634831738e-01 5.658986450859380124e-01 5.652142016724924778e-01 5.589987328089481844e-01 5.671683767625963490e-01 5.754334774347704684e-01 5.705173727102766934e-01 5.769058623998214452e-01 5.685607585803725827e-01 5.787772719263872823e-01 5.737663912126756971e-01 5.748721765497656344e-01 5.789875417089951348e-01 5.804647739841074516e-01 5.782189588982153960e-01 5.798972370144680477e-01 5.812674477528533279e-01 5.784664099387190062e-01 5.806332731068400976e-01 5.802151582327279566e-01 5.821668436970776073e-01 5.830282846572689692e-01 5.823255765790746885e-01 5.778917573935309360e-01 5.842584005891533483e-01 5.753867443205179510e-01 5.801775610641233261e-01 5.802687786961080452e-01 5.829033955316996751e-01 5.830391510520416265e-01 5.823195491224381071e-01 5.759221104585816597e-01 5.744250430180207756e-01 5.811596897127376815e-01
6.099257226808492416e-02 1.191669021298025211e-01 3.621486834284253775e-01 5.476347420497142959e-01 4.344689001542118567e-01 4.933671864564170839e-01 1.000000000000000000e+00 6.891858353649903401e-01 7.042022774608432956e-01 6.420982964823876982e-01 7.379767017859512057e-01 7.873952079989084973e-01 7.000363146276011861e-01 6.986411095017514006e-01 8.263551898737526713e-01 7.833178104274822751e-01 7.020699349034871251e-01 6.590673315311684766e-01 6.999791056337167916e-01 5.870857524708392727e-01 6.604634796039209332e-01 7.266160371975192156e-01 7.522443611696694177e-01 6.559317482870881122e-01 6.753697529915343445e-01 7.761449127133995818e-01 7.816392330364110297e-01 7.971311046141872358e-01 7.524267404155956518e-01 7.359307421063953081e-01 7.964314321798100504e-01 8.011028596581389882e-01 7.695341579538563792e-01 7.681744976704956152e-01 7.459221370792967765e-01 7.847272452836718815e-01 7.957163904454008785e-01 8.202831144423826659e-01 8.161517652539772572e-01 8.035077673029059619e-01 8.116926630317315983e-01 8.122333086847250971e-01 8.148234544952208669e-01 8.188542487962954253e-01 8.125692944837190623e-01 8.116386194005775767e-01 7.986636939016925618e-01 7.973318462804445117e-01 7.999266604327487373e-01 7.842392844304377775e-01 8.186892793799446233e-01 7.577382687802345362e-01 7.867099727305923995e-01 7.824729597069812748e-01 7.738407678216054908e-01 8.026777512706552153e-01 7.675008318642667637e-01 7.908356585315006182e-01 7.974890674537158386e-01 7.828287140721814641e-01 7.941957869460115615e-01 7.879010978924397834e-01 7.972105082095966022e-01 7.835028992463589637e-01 7.677200585801398081e-01 7.633855791715632444e-01 8.037801198762911659e-01 8.063143966936102691e-01 8.066854558513545381e-01 7.946529384451861411e-01 8.129002835586455200e-01 8.064084192068327051e-01 7.886819379474894198e-01 7.981753347870351734e-01 8.122607141842427270e-01 8.101665291463332474e-01 8.142228769118290410e-01 8.025606231416763103e-01 8.060472299084771031e-01 7.958907550564582323e-01 8.065890587184108007e-01 8.128261122282628426e-01 8.203618747216009366e-01 7.956587064326887671e-01 8.053266663850676688e-01 8.009428810748491223e-01 8.202733127687543702e-01 8.177352423220742850e-01 8.130674356893221599e-01 8.149148044429574966e-01 8.242327632832165962e-01 8.152229343486302460e-01 8.155124662274224612e-01 8.170084480301655905e-01 8.021647328675354238e-01 8.018094755821411068e-01 8.115765601525598560e-01 7.833293839426628269e-01 8.036479430153801173e-01 8.210879828263595304e-01 8.162443193970359001e-01 8.003877713634217628e-01 7.961844446662518227e-01 8.109401199306577324e-01 8.028328588738334881e-01 7.835692535887484045e-01 8.035031746148756371e-01 8.009057421802496801e-01 8.015048183054139797e-01 8.023262736785313765e-01 8.077985287386283408e-01 7.970298501240162814e-01 7.994246992383637895e-01 7.957694601497949938e-01 7.920934516617247345e-01 7.879671808943938816e-01
2.830863778672898859e-02 9.712088744567570764e-02 2.955247877929244593e-01 5.398442609548810278e-01 4.336051902144837933e-01 4.434769534192651297e-01 6.891858353649903401e-01 1.000000000000000000e+00 6.722077005018681772e-01 5.845324572594617907e-01 6.950255861962442161e-01 7.451316705489371417e-01 6.820628209999736180e-01 6.557454190352004497e-01 7.667369614576974302e-01 7.794291753883495488e-01 6.673534759566059904e-01 5.472088786603794830e-01 5.908111950953304214e-01 5.862307164454148012e-01 6.030109816364073172e-01 6.412115894577162800e-01 6.470637092481288377e-01 5.295037372636498541e-01 5.540554077511558040e-01 6.992350381197383058e-01 6.840602859115858525e-01 6.921873278789324457e-01 6.936101221148424090e-01 6.651155451415645681e-01 7.066739252603961852e-01 7.348046018254537071e-01 6.865357448779675353e-01 6.960876662803984205e-01 6.761773774053839725e-01 7.278605990388683500e-01 7.170237879577799900e-01 7.517731320553765473e-01 7.559278381591308937e-01 7.097325183978026031e-01 7.486757637977574653e-01 7.360108432969585390e-01 7.596774309423452998e-01 7.640643477672908190e-01 7.505667972225011919e-01 7.380584202828578411e-01 7.530016345236688613e-01 7.539596896375786450e-01 7.613966154692399790e-01 7.575400479328001646e-01 7.633399159663173394e-01 7.352786846064558457e-01 7.500151675442484622e-01 7.476104136997635541e-01 7.437307839278071153e-01 7.556102570514002803e-01 7.650075627538621692e-01 7.607131111279176183e-01 7.618769836848231503e-01 7.512934799576631573e-01 7.629892288480841778e-01 7.608078886900230264e-01 7.696341338914849395e-01 7.617778472371667942e-01 7.387673511606659416e-01 7.451535931576120930e-01 7.557812557320916502e-01 7.358769829757804137e-01 7.434467256151581216e-01 7.585300272546710021e-01 7.466349283875065579e-01 7.415373146866978127e-01 7.146222099796126770e-01 7.202713427755965681e-01 7.552604875562149989e-01 7.538957926025335876e-01 7.430955417355393777e-01 7.532220743175400690e-01 7.336645452049030958e-01 7.365747085047626985e-01 7.440280270527835915e-01 7.506150996628180305e-01 7.655591407289419337e-01 7.336420262302449924e-01 7.631438354816445502e-01 7.485423096509649099e-01 7.584950706524595798e-01 7.616633654557810607e-01 7.547583177919274799e-01 7.641241232212278023e-01 7.511514951448631239e-01 7.583894484648108225e-01 7.601303547747721989e-01 7.561528370830572499e-01 7.580794834002256843e-01 7.586117722048816292e-01 7.792617211347470096e-01 7.665945591955780625e-01 7.664568716810575832e-01 7.676078189511585936e-01 7.672291556351100716e-01 7.751355136920049516e-01 7.578670486675737061e-01 7.673898886752977822e-01 7.686425109695530500e-01 7.686905823579641694e-01 7.663091247924209704e-01 7.544480879689371422e-01 7.611323391268201011e-01 7.659958894633107640e-01 7.684234601398470810e-01 7.577456112701111968e-01 7.650356843442776000e-01 7.653979783553801486e-01 7.537551163547211441e-01 7.585164757965364712e-01
1.348956020416686163e-01 1.611644037036873423e-01 3.448040014558576560e-01 5.540154443182072619e-01 4.331738189595881749e-01 5.238259082671201661e-01 7.042022774608432956e-01 6.722077005018681772e-01 1.000000000000000000e+00 7.142949849776843996e-01 8.008891594906939471e-01 8.214616785172828006e-01 7.491067461305038755e-01 7.316541150717793540e-01 8.392051006112615230e-01 8.057161253382225663e-01 7.908077086218584517e-01 6.338361975648482138e-01 6.933687613816197359e-01 6.007081798167329678e-01 6.153810413192611906e-01 7.280797780335409586e-01 7.476669711480946612e-01 6.416866713881747009e-01 6.888284902997737769e-01 8.318514949318244200e-01 7.946083779387794754e-01 8.072526966663501335e-01 7.823188431423531153e-01 7.981789427760789257e-01 8.243796678566125413e-01 8.258241842646943942e-01 7.731749368158535862e-01 7.825414612489390853e-01 7.965519040294024578e-01 7.785091528312767517e-01 7.997215540371701570e-01 8.256573868294505569e-01 8.439107968740593435e-01 7.672693260331895360e-01 8.532824301615216100e-01 8.336977513934559214e-01 8.317053487950927249e-01 8.559755475500021582e-01 8.512820258539113283e-01 8.381189121585794766e-01 8.640522281950518968e-01 8.716512064275242500e-01 8.671837248358269523e-01 8.197086452962681902e-01 8.525515347622991680e-01 8.499756060298808702e-01 8.693785634518607086e-01 8.732456953582127257e-01 8.595033842553849723e-01 8.507710786673488013e-01 8.648790462407877078e-01 8.594219657109755106e-01 8.644935442204474407e-01 8.769602846876715097e-01 8.689983861196484138e-01 8.692590766466949947e-01 8.623824976309014678e-01 8.653760422540434094e-01 8.716936476677832335e-01 8.759104983737068251e-01 8.745077350639930414e-01 8.446438809430314443e-01 8.620733983429710312e-01 8.463744804774850916e-01 8.314914537113370363e-01 8.578005430395444497e-01 8.240625233760059398e-01 8.325623385446321301e-01 8.747884979049476151e-01 8.682583221325095302e-01 8.600385668625941671e-01 8.561821458184469824e-01 8.555727236030546967e-01 8.641681719167632059e-01 8.669249982202917870e-01 8.648992741677270502e-01 8.628331155032400446e-01 8.623432787295826074e-01 8.500665844105795843e-01 8.511006121962231274e-01 8.520143451219100994e-01 8.590360528437207543e-01 8.614783851141184501e-01 8.682978215798607957e-01 8.503676066371088638e-01 8.615022258460363069e-01 8.656737964709779742e-01 8.616986688338719169e-01 8.689642867233295931e-01 8.713486347292278555e-01 8.451778309001923839e-01 8.697909212996394190e-01 8.689705225555740542e-01 8.636175926035269956e-01 8.620267448558583956e-01 8.673603368429771976e-01 8.745726623970433433e-01 8.670877056704807684e-01 8.738364403242571132e-01 8.695684671645957931e-01 8.735038967118735620e-01 8.743840286881365831e-01 8.730434138160321211e-01 8.714065368350204510e-01 8.651529961119400758e-01 8.739899514071782782e-01 8.724881296386274299e-01 8.727578335584790237e-01 8.754264047502243740e-01 8.798665583147017299e-01
4.409867603684496096e-03 2.117606537234657527e-01 2.741041555642927396e-01 4.063014138313510992e-01 3.758680780865046867e-01 4.626312102413349114e-01 6.420982964823876982e-01 5.845324572594617907e-01 7.142949849776843996e-01 1.000000000000000000e+00 7.215430501080228876e-01 7.182432304081143304e-01 6.957152019758843231e-01 6.809717571204437769e-01 7.780505385579593591e-01 7.343094846352585803e-01 6.839180742483601527e-01 6.062341469695696761e-01 6.642778773985399399e-01 4.893109807756736429e-01 5.296135061951884326e-01 6.539130283341206828e-01 7.126542710451461149e-01 6.358140228444617570e-01 6.576590329666790469e-01 7.575650534003895986e-01 7.110394517709377471e-01 7.457476922189999469e-01 7.001709371590871811e-01 7.255458655120364808e-01 7.466455764484298818e-01 7.757531670118917866e-01 7.210807743076036447e-01 7.483184908972697613e-01 7.391244824598135477e-01 7.005807781656206989e-01 7.501973263673361592e-01 7.852781643367758857e-01 7.904438370318719320e-01 7.378395725867223920e-01 7.935044538617213039e-01 7.902307069798998329e-01 7.690231068919300972e-01 7.917000741256053908e-01 7.841622484749198874e-01 7.919512194525024640e-01 8.098924136869518620e-01 8.165494520704776882e-01 7.923011194104840893e-01 7.277390500507979754e-01 7.926865366094960619e-01 7.306516060764369769e-01 7.787337562695896276e-01 8.103959607971227275e-01 8.015146527124342724e-01 7.976520982496390078e-01 7.540034390585801383e-01 8.007070293748113077e-01 8.023334583777443907e-01 8.030193437280954694e-01 7.936599157635862989e-01 7.988632979633040199e-01 7.915846372372299378e-01 7.743226195583075011e-01 7.753488443336015168e-01 7.822407673230447056e-01 8.076394572910996494e-01 8.068919403617507147e-01 8.088481725016665180e-01 7.762762511529005538e-01 7.758702877884057214e-01 8.018706637600768738e-01 7.968189735991565437e-01 7.930999757307203302e-01 8.103369767347918806e-01 8.084606406218682872e-01 7.991289956799175753e-01 7.852222824424545111e-01 8.080197655456070605e-01 8.111671166540971312e-01 8.093956684116810907e-01 8.043734141890086509e-01 8.009740424093040323e-01 8.082018386048707148e-01 7.898564963267152850e-01 8.056780073632964223e-01 7.979267991440779362e-01 8.084919119859548253e-01 8.130927237067080426e-01 8.032917646259096767e-01 8.006037421226700479e-01 8.099969545026666218e-01 8.081931013044644230e-01 8.108801951012124531e-01 8.133115662288786796e-01 8.144204038372448995e-01 7.664181461416104124e-01 7.728382198258412217e-01 7.995453072993402577e-01 8.030923115140888857e-01 8.007691266927503548e-01 7.887280911374292547e-01 8.013337952538777120e-01 8.042308739953716312e-01 7.916594532265014417e-01 7.827245156379367685e-01 8.028644937896314282e-01 8.149117435954061905e-01 8.124041026460248061e-01 8.093708297696141640e-01 8.034207588726661742e-01 8.106333252389902322e-01 8.070129971699194771e-01 7.980674198790729257e-01 7.981831548885628402e-01 8.025053607542204093e-01
3.267277380244242024e-02 1.458785180397344505e-01 3.731143868009899611e-01 5.610620710539981904e-01 4.395452740407652659e-01 5.284149045619223051e-01 7.379767017859512057e-01 6.950255861962442161e-01 8.008891594906939471e-01 7.215430501080228876e-01 1.000000000000000000e+00 8.558199978798656238e-01 7.650396255820226532e-01 7.534948737043147826e-01 8.737997028585768877e-01 8.292198278029410119e-01 7.788524668981788857e-01 6.674849255004154935e-01 7.249245480626592686e-01 6.003589150142164543e-01 6.406637467425958521e-01 7.527411564925702292e-01 7.881669835917409772e-01 6.862689543415128046e-01 7.222775391426755620e-01 8.389604657987699277e-01 8.205102685094930459e-01 8.440342534909690553e-01 8.035775514165698352e-01 8.098414848341120020e-01 8.455306201175252223e-01 8.580925956736858984e-01 8.088893441920159688e-01 8.233915035995789111e-01 8.118447268351597357e-01 8.053588727153220272e-01 8.312050828912638245e-01 8.683047747511110082e-01 8.789389765680132305e-01 8.267669191201322265e-01 8.890382145886127629e-01 8.772756619477311002e-01 8.763823999216275862e-01 8.909659992777322346e-01 8.812565854145962829e-01 8.783523126888206356e-01 8.939749181455621807e-01 8.971066091070059034e-01 8.892602641779113748e-01 8.452922147032917444e-01 8.889270545647908195e-01 8.477864618009550712e-01 8.829898014184768273e-01 8.836129954787510510e-01 8.717931537340202208e-01 8.825535889795790290e-01 8.618401169586403787e-01 8.883902020747039829e-01 8.892160781117335322e-01 8.890644248739569822e-01 8.908958699664258907e-01 8.901158796031568565e-01 8.838604477698642770e-01 8.764212495836688488e-01 8.671677535856906482e-01 8.719708295682419008e-01 8.955205052438430791e-01 8.805659306607396264e-01 8.889803526280040114e-01 8.706246504282437737e-01 8.705609571049541806e-01 8.888759654335368632e-01 8.654040336816726242e-01 8.719286187226799045e-01 8.957287411311466441e-01 8.974143847108509986e-01 8.908419068144850517e-01 8.819199367998923345e-01 8.871460287465726680e-01 8.884511773637470133e-01 8.933156624570771642e-01 8.955913500031492669e-01 8.903891101915026862e-01 8.873667910541385151e-01 8.829514207143648319e-01 8.835131804277760459e-01 8.854050481266443340e-01 8.940293303370049349e-01 8.937164522289157143e-01 8.959209555128062608e-01 8.889852829184162752e-01 8.987774387242778440e-01 8.974800876002605454e-01 8.973066886177559764e-01 8.964992165251882694e-01 8.987759690335680451e-01 8.786863507566581299e-01 8.747472328074994419e-01 8.959310348340590036e-01 8.984645025004319718e-01 8.973917424673394372e-01 8.893838719271233151e-01 8.949306557404246298e-01 8.997797047028489592e-01 8.912267640072876196e-01 8.818846352276183964e-01 8.936798970717684254e-01 8.966731538115277900e-01 8.965329345230782510e-01 8.982723315966012478e-01 8.986877414636014194e-01 8.964929381804839226e-01 8.974248733244098997e-01 8.892487102662272047e-01 8.882789244042372800e-01 8.896058827042755413e-01
4.921242411841057762e-02 1.242372614113712859e-01 3.765897080776449690e-01 6.360255083056809422e-01 4.567819598163416206e-01 5.553725922374465052e-01 7.873952079989084973e-01 7.451316705489371417e-01 8.214616785172828006e-01 7.182432304081143304e-01 8.558199978798656238e-01 1.000000000000000000e+00 7.855077040737526994e-01 7.769106588468520647e-01 8.993339252008900608e-01 8.693313201122929712e-01 8.105537579634448653e-01 6.702540928745195359e-01 7.106971133152775177e-01 6.790588488778630527e-01 7.038189634628679858e-01 7.720872972500052445e-01 7.859391502174138955e-01 6.540943843122963841e-01 6.922931223225775588e-01 8.539089278408481531e-01 8.443555409245525611e-01 8.555675552788389870e-01 8.289675935335577561e-01 8.014257987373875070e-01 8.801391308582998674e-01 8.773507409538477964e-01 8.351073604215070167e-01 8.187132028617197799e-01 8.238440659521875098e-01 8.496163824808496967e-01 8.741259499591155224e-01 8.925084649759560396e-01 9.008140830419817391e-01 8.566759336730841445e-01 9.059789778237014035e-01 8.956385769342644076e-01 9.064144940738573242e-01 9.240788057763372754e-01 9.018697155952978273e-01 8.941848354525652187e-01 9.142081664135475183e-01 9.126043326348052265e-01 9.129283293078328532e-01 8.807632723031716404e-01 9.150952643041282419e-01 8.852724784020329363e-01 9.116220526348203235e-01 9.060900546342368633e-01 8.921672082785460089e-01 9.067391609152555265e-01 9.082489087660985394e-01 9.079565686621668963e-01 9.162638673579498461e-01 9.127038502473099335e-01 9.166462475175350955e-01 9.187377163083525478e-01 9.159549677033858028e-01 9.140662901478451285e-01 8.974190871275146142e-01 9.059932634088762038e-01 9.143048621330456260e-01 8.867646743814103782e-01 8.992997274105614114e-01 9.081009094067115095e-01 8.921726303697050664e-01 8.954808584317721643e-01 8.644476604607634895e-01 8.710740796308359402e-01 9.121143808536227304e-01 9.145709052911961123e-01 9.047566672722718861e-01 9.037774237984320669e-01 8.947126562308083120e-01 8.950515003669545777e-01 9.063206012112267063e-01 9.180832078571028454e-01 9.114153102293925945e-01 8.984555938838585387e-01 8.977061489865797439e-01 8.897112282526687954e-01 9.111358450219170235e-01 9.113249922897622701e-01 9.103386963945850896e-01 9.146859862448935008e-01 9.085688598369109359e-01 9.158161202421325475e-01 9.160281734830768574e-01 9.158464174741609565e-01 9.135383588392823606e-01 9.144042964793734907e-01 9.066358446141911109e-01 9.051689653480906594e-01 9.167807867845798597e-01 9.190012459385276111e-01 9.171712017626860725e-01 9.151646360325392804e-01 9.176394269844210250e-01 9.209459272377878980e-01 9.185353767988401197e-01 9.112109601959823557e-01 9.158811757990307223e-01 9.107301534017953060e-01 9.125041837423181201e-01 9.178540242603948629e-01 9.178299523727025955e-01 9.164363603135241565e-01 9.189040820851074320e-01 9.161032537781058638e-01 9.119292831528431620e-01 9.162911442927789141e-01
2.436267747037140774e-02 1.039581616109512552e-01 2.907257728626790882e-01 4.968015722009003765e-01 4.359055712871364174e-01 5.058314630259114208e-01 7.000363146276011861e-01 6.820628209999736180e-01 7.491067461305038755e-01 6.957152019758843231e-01 7.650396255820226532e-01 7.855077040737526994e-01 1.000000000000000000e+00 7.105897833958754184e-01 8.267736277083943541e-01 8.021010925925425861e-01 7.391188538456975321e-01 5.986303045150285218e-01 6.546063406004684060e-01 5.668730129537095097e-01 5.977816465807436197e-01 6.917520395187591875e-01 7.088711781365625297e-01 6.130212815218543110e-01 6.502387752365760276e-01 7.707372181290585988e-01 7.451414707394108383e-01 7.691608423641400627e-01 7.473280328534420702e-01 7.303997712682497312e-01 7.790484312458343386e-01 7.818142811809227766e-01 7.406083338732346588e-01 7.508356983743790236e-01 7.518056894451403682e-01 7.550988590162145409e-01 7.758174787615196299e-01 8.053754139517379507e-01 8.179111791774660301e-01 7.506016447714972673e-01 8.267357390227938474e-01 8.147563939909303610e-01 8.204007872183703975e-01 8.345833237326431009e-01 8.212002724662861297e-01 8.167148482376758167e-01 8.477225429048361738e-01 8.430665222613398235e-01 8.274945132895656918e-01 7.838556610772492439e-01 8.293918205546551015e-01 8.169100472325375728e-01 8.309103986871221315e-01 8.351257688149532621e-01 8.186970148696036675e-01 8.177995590110125335e-01 8.132230891938609929e-01 8.383162550978635608e-01 8.328654748878618896e-01 8.487093304267843141e-01 8.452975377909989207e-01 8.360814632136039926e-01 8.283415598617923647e-01 8.299125125712010220e-01 8.316874611394364791e-01 8.320323794592574540e-01 8.482472660576282353e-01 8.254276784569496428e-01 8.309850375340236406e-01 8.239045063688169579e-01 8.160797972325839478e-01 8.294931507056895192e-01 8.071017668849527205e-01 8.145558525297609265e-01 8.397857214344988108e-01 8.413817803379441962e-01 8.300756026025323253e-01 8.319464500144574393e-01 8.289624877541439396e-01 8.301763020404959725e-01 8.353125420739700990e-01 8.402598211338971890e-01 8.345229677035044258e-01 8.314967030829671923e-01 8.253275527795442823e-01 8.294533578444958088e-01 8.339722833799843027e-01 8.393716268974570349e-01 8.416171824805243062e-01 8.373760550814527415e-01 8.300815737528218774e-01 8.452144469590193721e-01 8.434147552922968138e-01 8.436022870960648845e-01 8.482564638676981517e-01 8.486275326101043737e-01 8.203794060892317663e-01 8.328359722108505947e-01 8.455979553216234068e-01 8.403233971439404426e-01 8.426515914151084807e-01 8.421238415580337699e-01 8.477687280668509962e-01 8.507654751653527248e-01 8.485794804418762549e-01 8.334569967175013971e-01 8.437224213139311590e-01 8.473685592469927252e-01 8.454323964618950527e-01 8.467143414611919550e-01 8.440815536591199653e-01 8.525808583517271444e-01 8.458289990543923498e-01 8.459664844366295844e-01 8.483006125952029519e-01 8.490480233484067885e-01
