1.000000000000000000e+00 2.694271533582596675e-02 2.297101963730697333e-02 9.927831642547397042e-03 4.894642861347169721e-02 1.229301753614097346e-02 1.689062838745472930e-02 4.102804986991873126e-02 7.322682879055317229e-02 6.850236582696424964e-03 1.643983679904783765e-02 1.505146544046054996e-02 2.770406207564924880e-02 3.466454749262804901e-03 8.905867844526012961e-03 1.790760525519946925e-02 3.994160700259605928e-02 2.838366592237850580e-02 3.009197819503655127e-02 2.950741027171265018e-03 2.265924639757490103e-02 4.103542518510150394e-02 2.850456249803270253e-02 2.469288997105818090e-02 4.055252138626515984e-02 4.099414716315783608e-02 1.895703044357647041e-02 7.133125004585248556e-03 -8.172163354981823100e-03 2.476999371985362866e-02 2.477256022321613557e-02 3.859430624749277984e-03 -2.866884821943962861e-04 -3.285368714243938615e-03 2.305134250629862006e-02 5.520422201283637850e-03 2.102303058044109260e-02 -1.075843460038832487e-02 -3.551161527083782164e-03 -2.650106019868605708e-02 1.610604067594310213e-02 -1.671171357233738192e-02 -8.784482071982256668e-03 -3.393289947710006246e-03 1.824022335500901856e-02 -9.182963363476402338e-03 -4.510256142148008998e-04 1.064453410105255585e-02 2.412298218007988618e-03 -8.578072300875230066e-03 -2.380039172025307653e-03 3.777569544775365856e-02 2.153372290010157480e-02 2.739317755129919846e-02 1.840020899272591312e-02 1.906774574133862383e-04 4.147157243577202779e-02 6.153864699318964925e-03 4.996530350662426942e-03 2.229465135873268458e-02 1.224390527007455931e-02 2.278048000083693000e-02 1.574768340947496972e-02 1.309312153167664985e-02 4.392783973036553519e-02 3.992959505096971284e-02 1.301607361193567527e-02 8.793363122597427223e-03 1.220223761431245280e-02 6.177237230446764454e-03 6.968030793597202767e-03 1.099744903148267526e-02 8.776952334293555702e-03 1.625483268813841461e-02 1.845149413072165456e-02 6.478670332108150617e-03 -3.999659595360229134e-04 2.275842849154715870e-03 -5.518130058790730527e-03 1.976343045786749589e-02 1.956576996877541774e-02 1.270627215171279446e-02 1.630517383936928855e-02 1.668946469287836340e-02 1.454731236623109034e-03 5.435951831795435979e-03 1.161558967936572075e-02 -5.111641038070026399e-03 2.277648148686388895e-03 5.631534601411639779e-03 -2.901928859973457696e-03 -3.801175193287217348e-03 5.523485669173279142e-03 1.106937957240861125e-03 3.996498593425570206e-03 6.142374814336085467e-03 2.789286616326978798e-03 3.224530801227926818e-02 7.889624790254947881e-03 3.388836308895917197e-03 4.308297574226028592e-04 5.914931251644670387e-03 1.143821944604495912e-02 3.579692333277861675e-03 1.694380961897333504e-02 2.888291425784577510e-02 1.314398572417691848e-02 9.977154062487501515e-03 9.334737393743816267e-03 4.265174652243892625e-03 8.486665671426124233e-05 1.450469091332166373e-02 1.121377313299842977e-02 1.118405946281485555e-02 2.126343912498674868e-02 2.228316620034934831e-02
2.694271533582596675e-02 1.000000000000000000e+00 8.426784401434654626e-02 9.272927500095519415e-02 8.970687232356908125e-02 9.787183960481402045e-02 1.709911772829443011e-01 1.369181437831240300e-01 1.653864166905943955e-01 1.601922531128414096e-01 1.533706970064943054e-01 1.577823344148531759e-01 1.434484138606617609e-01 1.381349593557852917e-01 1.647640390751679007e-01 1.595861904681978027e-01 1.488076429613736928e-01 1.765278767701818630e-01 1.519571336571017561e-01 1.629864711258782461e-01 1.699274726838856386e-01 1.719508017500674113e-01 1.624664520836356374e-01 1.851720539196248239e-01 1.632185450156456441e-01 1.656344081430411452e-01 1.739960507089337860e-01 1.758526332745768139e-01 2.034602139827645373e-01 1.783400223073554058e-01 1.813626734203196977e-01 1.820283161072107636e-01 1.674676119916480299e-01 1.848163561200523719e-01 1.634445564037486920e-01 1.647631159627027664e-01 1.552386254032769586e-01 1.751081628730237205e-01 1.590033528915912597e-01 1.617321730817651848e-01 1.572803845198752215e-01 1.521203086666352566e-01 1.656139443304650294e-01 1.583643721899420376e-01 1.620471969489478969e-01 1.615385525668558142e-01 1.562118658038762764e-01 1.592145561595829095e-01 1.634706933211272084e-01 1.609320720251570525e-01 1.673200926977412850e-01 1.429085028668442003e-01 1.453010466695624503e-01 1.675254291795829631e-01 1.706123528371812359e-01 1.709838431103659906e-01 1.612716122842072219e-01 1.599369796451710901e-01 1.708553509016546845e-01 1.653438339860736905e-01 1.651063655390989926e-01 1.685080479915433971e-01 1.653654101983458580e-01 1.621008736992558819e-01 1.573055532181358296e-01 1.566959398275942494e-01 1.639321302255632995e-01 1.639503663573723957e-01 1.747498152588649600e-01 1.755755925401214501e-01 1.630997940060059381e-01 1.654953269099049828e-01 1.793469339082592595e-01 1.652295672740173305e-01 1.660211334696780616e-01 1.664142121396457730e-01 1.669428020561976866e-01 1.847228967057612525e-01 1.732769609869030947e-01 1.698055695945361321e-01 1.684039576054576215e-01 1.664201372390015643e-01 1.695059381206786564e-01 1.685186500963425926e-01 1.681283948698884534e-01 1.745021695618680091e-01 1.611796703864179781e-01 1.695401952406999369e-01 1.639031905553880175e-01 1.694033862198887908e-01 1.598512681696705184e-01 1.620517218361872125e-01 1.624349220112288050e-01 1.639274082311433234e-01 1.564397731850781514e-01 1.615535561368806050e-01 1.556227565926635581e-01 1.522362761574378165e-01 1.589907446647310374e-01 1.570953573238851320e-01 1.568999182894312561e-01 1.570663810104895863e-01 1.565641122710629551e-01 1.591636489568123425e-01 1.583754410095175591e-01 1.581164767964806095e-01 1.611551757594132384e-01 1.645781894290238856e-01 1.657039341911863695e-01 1.621568644907660783e-01 1.617758341161607827e-01 1.581861080608171211e-01 1.606289805102517343e-01 1.572824014253933200e-01 1.573496563939735526e-01 1.535452955858993829e-01
2.297101963730697333e-02 8.426784401434654626e-02 1.000000000000000000e+00 3.109257489124195306e-01 2.083044025011139555e-01 2.189175579575916852e-01 3.743887260364636704e-01 3.568999601123212795e-01 3.502971964607097810e-01 3.322115555313143176e-01 3.785782609459518167e-01 3.993525465419870413e-01 3.402437123437683786e-01 3.530635753149402034e-01 4.079989704495569081e-01 3.814272755243032220e-01 3.575224023626448200e-01 3.901859497582640390e-01 3.791998225181426041e-01 3.495013676780807654e-01 3.821039718891609538e-01 3.864619633617942251e-01 3.758844369609275482e-01 3.741001091415820934e-01 3.544970002838976342e-01 4.054769953501126123e-01 3.855700735123395728e-01 4.115542017811229525e-01 3.836838641154345364e-01 3.994917192180377219e-01 4.092887829287088497e-01 4.254628705460331561e-01 4.180270205291923280e-01 4.238419553416570840e-01 4.153023178639363988e-01 4.108926085725809196e-01 3.943485555193174674e-01 4.245719571672143533e-01 4.166346843761174479e-01 4.072205642626588462e-01 3.978834275091699957e-01 4.025991279030541325e-01 3.987728739238853293e-01 4.029670991089983056e-01 3.987688720376992291e-01 3.989514452198653638e-01 3.921428512949389211e-01 3.944116380722189064e-01 4.052007644686564936e-01 4.221207346504314839e-01 4.105982466832500122e-01 3.893482885420154194e-01 3.897838185085937823e-01 3.944844409219159798e-01 3.998163045490922829e-01 4.043727424301550299e-01 3.961380973081749524e-01 3.922578886875633386e-01 4.035085323879714081e-01 3.889313351046396749e-01 4.023452623798045025e-01 3.893075989677879933e-01 4.029857386572925915e-01 3.978986224812474659e-01 3.959160782629306263e-01 3.946466406195277554e-01 3.959557013855059537e-01 4.013380875245951551e-01 4.118138729176808455e-01 4.111081212057112744e-01 4.051848211216125817e-01 4.049333755963656634e-01 4.105575238939755955e-01 3.981204434164003492e-01 4.046271154649783153e-01 4.008098756673486029e-01 4.035061751545401809e-01 4.047912486593270853e-01 4.013514312368977044e-01 4.101495949027887944e-01 4.090180761919761654e-01 4.086784514354865894e-01 4.167018070644470940e-01 4.159502913655984124e-01 4.204587126718162260e-01 4.178902358033179110e-01 4.095145930981438642e-01 4.145267035025543279e-01 4.083447984523294605e-01 4.037143282828484225e-01 4.083991119100909839e-01 4.036311466838489737e-01 3.970820821906577147e-01 4.048204047882025813e-01 3.966400518282079957e-01 3.954331165758526168e-01 4.031240642776673377e-01 4.093484744182057100e-01 4.014102172789001943e-01 4.044447500339010126e-01 4.028192891211032634e-01 4.053143131832370183e-01 4.002669106231108720e-01 3.999980254667319657e-01 4.022543679748484813e-01 3.991942679069605537e-01 4.040317502566381780e-01 3.967779321471672782e-01 4.010833321582771838e-01 3.984290803487952615e-01 4.028155471285724820e-01 3.927799266766265340e-01 3.960900227026374898e-01 4.010870147967487975e-01 3.964456460700873097e-01 3.921765870030026191e-01
9.927831642547397042e-03 9.272927500095519415e-02 3.109257489124195306e-01 1.000000000000000000e+00 3.917373624853420777e-01 3.318867780344401108e-01 6.151258672967223617e-01 5.730890691326723241e-01 5.951698464692432022e-01 5.457173836503534936e-01 6.122301940141533505e-01 6.617557460690660642e-01 5.625235301935199717e-01 5.840859942057273768e-01 6.631491438260854743e-01 6.445084358812003256e-01 5.753416405069861073e-01 6.162348134443066394e-01 6.281682855404208121e-01 5.485437439674974991e-01 6.236168088599665094e-01 6.369646651437108620e-01 6.022666045760051157e-01 5.729617721190856106e-01 5.963045170233224335e-01 6.508768967655178539e-01 6.605614013805469753e-01 6.847352581345445000e-01 6.561230669376586500e-01 6.509994174619916363e-01 6.696464183709198714e-01 6.560197710604113164e-01 6.458739696358865023e-01 6.251490141456629290e-01 6.431711987180340762e-01 6.331818606320073206e-01 6.530624884155320498e-01 6.552395172600785633e-01 6.600220202352540255e-01 6.691251209866700966e-01 6.643811625177101776e-01 6.681948978614580259e-01 6.696187421264885309e-01 6.664476209030345544e-01 6.627770972319576570e-01 6.661542807362308416e-01 6.475024631184342905e-01 6.475012002338391692e-01 6.523139808389475380e-01 6.529385544010070097e-01 6.627635437452327194e-01 6.496420957520824269e-01 6.475778544140183834e-01 6.456174259484571687e-01 6.490806273300311346e-01 6.571224463819309580e-01 6.386311392683660104e-01 6.446382076245037451e-01 6.460772357080213357e-01 6.483367676458912099e-01 6.606329934394997716e-01 6.402652466608342863e-01 6.501270659678634045e-01 6.437719005514928039e-01 6.431019787114981012e-01 6.471760682854890145e-01 6.525695600466903112e-01 6.622057436664395835e-01 6.613038438407953246e-01 6.640292456563650081e-01 6.696744252653079599e-01 6.648737832356094168e-01 6.489225619577576598e-01 6.552265368834968573e-01 6.630636438521623210e-01 6.648878832718365661e-01 6.760629197556736747e-01 6.770325532547490921e-01 6.654802055347207590e-01 6.710331895665371249e-01 6.643124862089909710e-01 6.624026508956637471e-01 6.600264683649500475e-01 6.671535492974904891e-01 6.666711110046387168e-01 6.606905117665531346e-01 6.661252417093683764e-01 6.676120596982896283e-01 6.643710890313009321e-01 6.627312154010156497e-01 6.725843606377270856e-01 6.654041041704296111e-01 6.573703148820131403e-01 6.676003866589658164e-01 6.508647877577156127e-01 6.510061526841993684e-01 6.612017963286972444e-01 6.523066134848251041e-01 6.575892551550922560e-01 6.600314370350687243e-01 6.689743848228965062e-01 6.616802371182375353e-01 6.596760781945668617e-01 6.614825793808318810e-01 6.636304260375768260e-01 6.448659899542631413e-01 6.503012232491883760e-01 6.533257308145880016e-01 6.577044876387669881e-01 6.513954017046211797e-01 6.555420849942670269e-01 6.487158502336660693e-01 6.495228500410906713e-01 6.529760057062296008e-01 6.489496381301138594e-01 6.474467608944263208e-01
4.894642861347169721e-02 8.970687232356908125e-02 2.083044025011139555e-01 3.917373624853420777e-01 1.000000000000000000e+00 2.676978325274866344e-01 4.917834812887595386e-01 4.840871424782106636e-01 4.857176606131058394e-01 4.348120841092117383e-01 4.922265304051685053e-01 5.125842626341586827e-01 4.923091113269633112e-01 4.747975917088149145e-01 5.316094319933408752e-01 5.243680441238354195e-01 4.614718624146321724e-01 4.652946454667196141e-01 4.651582724932656343e-01 4.387713959606420189e-01 4.529892132593932308e-01 4.672559867582418702e-01 4.727478383666620099e-01 4.328199787201877369e-01 4.368612188565980103e-01 5.360272479709220494e-01 5.134773240042802556e-01 5.139753412453312853e-01 5.026411631155612847e-01 4.930029808455703710e-01 5.300942191648161383e-01 5.128573593496181804e-01 4.673258709846547232e-01 4.863700868535281718e-01 4.848150241003632566e-01 4.758737639305092859e-01 5.086702329248591337e-01 5.121182049117412038e-01 5.213928329334482914e-01 4.986365543143044254e-01 5.274488469329492446e-01 5.228042384226188055e-01 5.112764584614025720e-01 5.278737050106946382e-01 5.185005358100773787e-01 5.273886465966638459e-01 5.283892780244209275e-01 5.308135505302149504e-01 5.315084126146727428e-01 5.108805552088578894e-01 5.314682095130542905e-01 5.051445331355473023e-01 5.251849274032617254e-01 5.279148574376768543e-01 5.301680160649224760e-01 5.294099603504749396e-01 5.159155777562830503e-01 5.272092154135334940e-01 5.256504553135177282e-01 5.331704219647529497e-01 5.295468030819482363e-01 5.235936914948593479e-01 5.257859506167544827e-01 5.292566101677488311e-01 5.240359193080924571e-01 5.261482101623994323e-01 5.306547250048440079e-01 5.277457035673733809e-01 5.307314881246381066e-01 5.296358457395721198e-01 5.180517603904614132e-01 5.275823929586634931e-01 5.215877062167374456e-01 5.115998103685153175e-01 5.391755657959950154e-01 5.329983462485765600e-01 5.329985101861566266e-01 5.383461847103278020e-01 5.381437718272700232e-01 5.347741472649119032e-01 5.321466896045116135e-01 5.336459224253508049e-01 5.268278825520826825e-01 5.232321587778746563e-01 5.275695146812512393e-01 5.267427851711971032e-01 5.287198031088103933e-01 5.330942395836840708e-01 5.296043203706654046e-01 5.362230060974111367e-01 5.247199253103645988e-01 5.349615572720217704e-01 5.305427573413237230e-01 5.343368946161912714e-01 5.310241471645590350e-01 5.309108269471770614e-01 5.282170696720779324e-01 5.282551000064051872e-01 5.318571510497149823e-01 5.293359296411042081e-01 5.321712150525972351e-01 5.303198160568343145e-01 5.330940510513525465e-01 5.336415196692538832e-01 5.295769703867869715e-01 5.240081643359917329e-01 5.310308658442711716e-01 5.322230796573701461e-01 5.362824972695755532e-01 5.326116886025330510e-01 5.315884254900011818e-01 5.319196741952511021e-01 5.288798012986656305e-01 5.305433067004977632e-01 5.278450777800235416e-01 5.261656303536965673e-01
1.229301753614097346e-02 9.787183960481402045e-02 2.189175579575916852e-01 3.318867780344401108e-01 2.676978325274866344e-01 1.000000000000000000e+00 4.422732067070233586e-01 3.957506282990930213e-01 4.367924553870076165e-01 4.408454662930338386e-01 4.617886469731496968e-01 4.745830182442078993e-01 4.288569046068774204e-01 4.515952515016406488e-01 4.893358881685966888e-01 4.852342432761093116e-01 4.403876245505331521e-01 4.584277546431587691e-01 4.487965225603137709e-01 4.047446380206201066e-01 4.351392728765944851e-01 4.352197332455555734e-01 4.433328423202675950e-01 4.142492165084046829e-01 4.248623299671234754e-01 4.653707218602006201e-01 4.637356697865088750e-01 4.661767084430322727e-01 4.560353227071619608e-01 4.615652334016914216e-01 4.901832104766833953e-01 4.876612789209786580e-01 4.653668253111418185e-01 4.653472022502455618e-01 4.632977826590646830e-01 4.611298957096977569e-01 4.772390664115383485e-01 4.793702695000141012e-01 4.953848383786074172e-01 4.635276283584463530e-01 4.888080111123650484e-01 4.891527103393356057e-01 4.820048910157291311e-01 5.004372454394571124e-01 4.892733897952390443e-01 4.927747327543176570e-01 4.947069732288016386e-01 4.988467441376251421e-01 4.942256832277096001e-01 4.801593641627618370e-01 4.951997458275757547e-01 4.676832811212208729e-01 4.889356505867440972e-01 4.964533615809443856e-01 4.931859550533254644e-01 4.874203352495390940e-01 4.877303815144640176e-01 4.986722151122129909e-01 4.904973470978754579e-01 4.982329110633878511e-01 4.998909270321021947e-01 4.933958071095874698e-01 4.945560187330291790e-01 4.949294860982487165e-01 4.954808040394634294e-01 4.922219199703722348e-01 5.009886365773398298e-01 5.016712721789282625e-01 5.029502925105400202e-01 4.979423779334331557e-01 4.948785119844706926e-01 4.999084667741909849e-01 4.949020738497579286e-01 4.948935545016144855e-01 5.014104439364633903e-01 5.015824055811125559e-01 4.993735668615243983e-01 4.957888719919338882e-01 5.001209976882892150e-01 5.027450616325175314e-01 5.014854895641207566e-01 5.054856853080035295e-01 5.020908160928971853e-01 4.992543981500821015e-01 4.992196751598065307e-01 5.043829474442090843e-01 5.026883678835704083e-01 5.027194663987036849e-01 5.045489861930884112e-01 5.026142233733934539e-01 4.982724954268962225e-01 5.002432215698641160e-01 5.015635114155018170e-01 5.034157950286204386e-01 5.006935200142172970e-01 5.023316453931552239e-01 4.897922986641496390e-01 4.971034577572825963e-01 4.990997169198231331e-01 5.010836246276597628e-01 5.015528847252441746e-01 5.016311851016320711e-01 4.990860395782886205e-01 5.012203074574376194e-01 5.013190852652512630e-01 4.986879704298461946e-01 5.037083728346520850e-01 5.049174968195254687e-01 5.018494852989531241e-01 4.996144946997069791e-01 4.981038013577540613e-01 5.014601711781809801e-01 4.995842075690701267e-01 5.025806681171794965e-01 4.990339577084889622e-01 5.008205332684712019e-01
1.689062838745472930e-02 1.709911772829443011e-01 3.743887260364636704e-01 6.151258672967223617e-01 4.917834812887595386e-01 4.422732067070233586e-01 1.000000000000000000e+00 7.175258226675722550e-01 7.362569456929841660e-01 6.990194742054893773e-01 7.615512434563197486e-01 7.954757123175202338e-01 6.973546272187833850e-01 7.156057201911115717e-01 8.387526411715718888e-01 7.964365708648712960e-01 7.081102821748116449e-01 7.582706763366537928e-01 7.591060259262597532e-01 7.107773549559379678e-01 7.414959735138840768e-01 7.504141839721948370e-01 7.609900991895819367e-01 7.321861281182825421e-01 7.206940910861824312e-01 8.158152929915568619e-01 8.068449281900454961e-01 8.264611044136415119e-01 7.912002266231804581e-01 7.915831216642480461e-01 8.332212440678015142e-01 8.143479802199020678e-01 7.618238578694718210e-01 7.801919205520946310e-01 7.727976973020217466e-01 7.525542525110242575e-01 8.059292849399131153e-01 8.046588217603183324e-01 8.131160794906173717e-01 8.160660335652489827e-01 8.199990032157928876e-01 8.222401451872606293e-01 8.163637201268170163e-01 8.202229296083306531e-01 8.168193375000872836e-01 8.273431194004969846e-01 8.097977949243376772e-01 8.107293484688896656e-01 8.125028418646170758e-01 7.835323146810857509e-01 8.135597149629540947e-01 7.695564012405069487e-01 7.991933758371189134e-01 8.116825365547197801e-01 8.152877573908370312e-01 8.263375343289692809e-01 7.805358845112106980e-01 8.066567258608563495e-01 8.089480242571529534e-01 8.087016421433023128e-01 8.143307740997139943e-01 7.954071708936514273e-01 8.048332154693073059e-01 7.946231084911264952e-01 7.912059946019865952e-01 7.925430827160847569e-01 8.130790282498611132e-01 8.222177348122764462e-01 8.286614515291098604e-01 8.323529654090852103e-01 8.115861239684563078e-01 8.175998115178233494e-01 8.232179810038007250e-01 8.062364946408085986e-01 8.271963028055842049e-01 8.265023280554980589e-01 8.331011819567936127e-01 8.264634029541161331e-01 8.325815891626791032e-01 8.343226950810788134e-01 8.308112266976572791e-01 8.260187682618685967e-01 8.173992822047632112e-01 8.191759558706352973e-01 8.249908367542052590e-01 8.220084381339930468e-01 8.214615600259800310e-01 8.330504612596512093e-01 8.268054088221651332e-01 8.311926187588184467e-01 8.336084512436121585e-01 8.276246300620258012e-01 8.185551271370045123e-01 8.286180908742106777e-01 8.121535809019133634e-01 8.143654074965230860e-01 8.159510645548975205e-01 7.955686077515244925e-01 8.153902878980200386e-01 8.197307208911724929e-01 8.231273216679882987e-01 8.184539391814363851e-01 8.138117596642138185e-01 8.191775190091397096e-01 8.110178563016451347e-01 7.962015112197302624e-01 8.100785625327625583e-01 8.208465886961255897e-01 8.240826180533644685e-01 8.129070528541137985e-01 8.213145557938638097e-01 8.062122192846467028e-01 8.091864302358457994e-01 8.082699611775999715e-01 8.037729898782355331e-01 7.975285468263129118e-01
4.102804986991873126e-02 1.369181437831240300e-01 3.568999601123212795e-01 5.730890691326723241e-01 4.840871424782106636e-01 3.957506282990930213e-01 7.175258226675722550e-01 1.000000000000000000e+00 7.400655721592228620e-01 6.845043416206461062e-01 7.375563586683230310e-01 7.843437578319417680e-01 7.157113369626774135e-01 7.158677833821913694e-01 8.029246882123578510e-01 7.990677915129198450e-01 7.073835337637739418e-01 7.218622283233738779e-01 7.347767928118336123e-01 6.657968754657079824e-01 7.226017606572818774e-01 7.285148907596102896e-01 7.082837299827441369e-01 6.815975216980342255e-01 6.876107043250597739e-01 7.917670072962277317e-01 7.731343991534416205e-01 7.647496352222892257e-01 7.351018796386686871e-01 7.321638907987616518e-01 8.008394939089997777e-01 7.806457556620898242e-01 7.164407740066152108e-01 7.396284318882176967e-01 7.358644628530053300e-01 7.293683343782885187e-01 7.784526197217686017e-01 7.841778693978418424e-01 7.951767883449740726e-01 7.778331068158298445e-01 8.067389117168799473e-01 8.067968517927063266e-01 7.988144063581076315e-01 8.123807739026235319e-01 8.061365197150246464e-01 8.018248028244114867e-01 8.083593221452894939e-01 8.120798474170571879e-01 8.107912210613178461e-01 7.734391339958639477e-01 8.058574474253487052e-01 7.649195566340235564e-01 7.943657431097447263e-01 8.109947213198772653e-01 8.089763358114369085e-01 8.086274261200188107e-01 7.914671572490948881e-01 8.146548811704479309e-01 8.112463761763365477e-01 8.140120353046300661e-01 8.157394562768202073e-01 8.085698020358672578e-01 8.092193283521126324e-01 8.028676916107297945e-01 7.992124333964466532e-01 7.990446504269280714e-01 8.114589009814882070e-01 8.145061209337322028e-01 8.119031711111374117e-01 8.136281346392403302e-01 8.062735417741182520e-01 8.124234776268167701e-01 7.989316371524577409e-01 7.953928159823762112e-01 8.160237009250828066e-01 8.140344746873332538e-01 8.140573443738506887e-01 8.057368775109542414e-01 8.131777039105690941e-01 8.119097004116745397e-01 8.097658304733165169e-01 8.143506605962503864e-01 8.037052694738340275e-01 7.988067046759046441e-01 8.075246017610505644e-01 8.069531219401296918e-01 8.103504223133309869e-01 8.165092821488735275e-01 8.146030969680908562e-01 8.166479967280690921e-01 8.119364072648185271e-01 8.179047359656929084e-01 8.125564369155489075e-01 8.179412680547544223e-01 8.138095507376275073e-01 8.131657900676283468e-01 8.124540631370371635e-01 7.981445156271422814e-01 8.160157124042944909e-01 8.164604405526612041e-01 8.182272288450398445e-01 8.158454625845491526e-01 8.105574927169199029e-01 8.193168322832223849e-01 8.098074941468889065e-01 8.039695537384528023e-01 8.106285714028595990e-01 8.144704741367531087e-01 8.172783571546655690e-01 8.156174866242419386e-01 8.203800563918024480e-01 8.131024203987869958e-01 8.156966233370045449e-01 8.115126817181431695e-01 8.069829108011770114e-01 8.050334126871793172e-01
7.322682879055317229e-02 1.653864166905943955e-01 3.502971964607097810e-01 5.951698464692432022e-01 4.857176606131058394e-01 4.367924553870076165e-01 7.362569456929841660e-01 7.400655721592228620e-01 1.000000000000000000e+00 7.596798893385373619e-01 8.058981063570448411e-01 8.484542234420278106e-01 7.644231437862399892e-01 7.737256840194079999e-01 8.589914559111209158e-01 8.451235032549184734e-01 7.912473658733282234e-01 7.838053120271367691e-01 7.923144643299521173e-01 7.055659465558136167e-01 7.607252469097572911e-01 7.892337249925774900e-01 7.771595215486853947e-01 7.307082104032261993e-01 7.429774257631909240e-01 8.476753215224246407e-01 8.376777936670891656e-01 8.204908526152575599e-01 7.933917812143493897e-01 7.968726419449118081e-01 8.721853692253801471e-01 8.553716597887817130e-01 7.906088385529088658e-01 8.098160453366404221e-01 8.003718519857340175e-01 8.038079325415122822e-01 8.437472929798288668e-01 8.462913283713507928e-01 8.569726335824531249e-01 8.214125201276557542e-01 8.721158121768848304e-01 8.544821390211970735e-01 8.483419400655475284e-01 8.731568680013829242e-01 8.669950185775110452e-01 8.594688529783968134e-01 8.750935826954489016e-01 8.836567230644060134e-01 8.784444042386405638e-01 8.374836576018781509e-01 8.697314586284885518e-01 8.404486737831208254e-01 8.675076788251068205e-01 8.823111740169290451e-01 8.741363779895251485e-01 8.717613937788122325e-01 8.629131138384079636e-01 8.724325908848282740e-01 8.716077427380031217e-01 8.815862313660148830e-01 8.757516886581123705e-01 8.771539816678344259e-01 8.723830175573733525e-01 8.735260075142073921e-01 8.768361368737981332e-01 8.781108470497546170e-01 8.825365415350672205e-01 8.797311866940209502e-01 8.792027829137456507e-01 8.714282207540892111e-01 8.680447020118532420e-01 8.778113962384658242e-01 8.605155723047172023e-01 8.603985583461398745e-01 8.818346070187610408e-01 8.774486887837377180e-01 8.773617033977173518e-01 8.675600783862775778e-01 8.741035179378520148e-01 8.773876640650384306e-01 8.765278722313714077e-01 8.807544760932211059e-01 8.780382745218630047e-01 8.691482102432104284e-01 8.746518093137188865e-01 8.753074228311538141e-01 8.753692484498909465e-01 8.770852824299415484e-01 8.781313932941389178e-01 8.783448621892778752e-01 8.690046365042635168e-01 8.786461156604703504e-01 8.809335961111822710e-01 8.785924281477552888e-01 8.813660344822219495e-01 8.832080254491679883e-01 8.635853695502118121e-01 8.693866391476037236e-01 8.775071459032474097e-01 8.771412321770676312e-01 8.723367214080731680e-01 8.777485074906623552e-01 8.783107176706516084e-01 8.803949715877893434e-01 8.799643083270733968e-01 8.730772597290435977e-01 8.796401003129745710e-01 8.819199713822041264e-01 8.823933770976687407e-01 8.819440795394919430e-01 8.802605089028482377e-01 8.825397298192321216e-01 8.806652674561697980e-01 8.806277127591721765e-01 8.817874170750414908e-01 8.790000787428882134e-01
6.850236582696424964e-03 1.601922531128414096e-01 3.322115555313143176e-01 5.457173836503534936e-01 4.348120841092117383e-01 4.408454662930338386e-01 6.990194742054893773e-01 6.845043416206461062e-01 7.596798893385373619e-01 1.000000000000000000e+00 7.573134548511664121e-01 7.958370582784511926e-01 7.140196956371619441e-01 7.336619424254650079e-01 8.176989706554762538e-01 7.969999891222113719e-01 7.341936983381616155e-01 7.211790781395858163e-01 7.112529006704322310e-01 6.653392578513269706e-01 6.918609595470162077e-01 7.039249031677273782e-01 7.313947928393721432e-01 6.721188951165120162e-01 6.670215166798136863e-01 7.915747827212611387e-01 7.915609067778340835e-01 7.684370833510361098e-01 7.490809375394648084e-01 7.479094816227738196e-01 8.197381937978660549e-01 8.059968995034478834e-01 7.399760467018072774e-01 7.594992910650004703e-01 7.540962365583160354e-01 7.503790197278463747e-01 7.958042758611146850e-01 7.987635364248172332e-01 8.167040406471315350e-01 7.769820413027606065e-01 8.234178303153376621e-01 8.135560227755463947e-01 7.986896341009416256e-01 8.252524642181258141e-01 8.120680697787218127e-01 8.169513512539900990e-01 8.279640939463387417e-01 8.346392761473472310e-01 8.306383435221009748e-01 7.850353454147102061e-01 8.179872947762857338e-01 7.663868829024504947e-01 8.069442309899615973e-01 8.331556214172876063e-01 8.267245172512580620e-01 8.250655966680878750e-01 8.059168619208921802e-01 8.285176778100126205e-01 8.252428563866467393e-01 8.306949662517153499e-01 8.261135022936779704e-01 8.282612564677167555e-01 8.222387638068594518e-01 8.255651273011731517e-01 8.146787825482434409e-01 8.161894909656156605e-01 8.316548947355286714e-01 8.267753335410206184e-01 8.323496605707182416e-01 8.249840303793296581e-01 8.070905038194978731e-01 8.232950874381148587e-01 8.125464938598637721e-01 8.031287963180988587e-01 8.330406362513427254e-01 8.323361938594607823e-01 8.284822542375954724e-01 8.202122428093264750e-01 8.282216364103737183e-01 8.265247813964374801e-01 8.259427826049227095e-01 8.337493006689411512e-01 8.267365510413769991e-01 8.184511764502667708e-01 8.217049581333506492e-01 8.264769286762359002e-01 8.265774835259204201e-01 8.308280308149605942e-01 8.298036427029613638e-01 8.324339523523196505e-01 8.224861510614549509e-01 8.321761654828435661e-01 8.289807990473410104e-01 8.323747307943062390e-01 8.333398743178418444e-01 8.358671092690459492e-01 8.119714483132860483e-01 8.099468610120679202e-01 8.279076526164296235e-01 8.253986262796700890e-01 8.224072173186917079e-01 8.277759162603546272e-01 8.255561136938639466e-01 8.308718399554518852e-01 8.243778021336136685e-01 8.209822461766520529e-01 8.302486559017395740e-01 8.372889896854599501e-01 8.357104742329602987e-01 8.340864790677182672e-01 8.340900018789764170e-01 8.310413778668283014e-01 8.328056269840862225e-01 8.303341857775686785e-01 8.257302026562853836e-01 8.281576503446412829e-01
1.643983679904783765e-02 1.533706970064943054e-01 3.785782609459518167e-01 6.122301940141533505e-01 4.922265304051685053e-01 4.617886469731496968e-01 7.615512434563197486e-01 7.375563586683230310e-01 8.058981063570448411e-01 7.573134548511664121e-01 1.000000000000000000e+00 8.746137817388203173e-01 7.796628960375241446e-01 7.946143488256564025e-01 8.817122962647470086e-01 8.673287449897321144e-01 7.883119236163896870e-01 7.938640321998177152e-01 7.969227427594814950e-01 7.143364346493671357e-01 7.674449817414831232e-01 7.921534436561673553e-01 7.968845903611753156e-01 7.366071571875004720e-01 7.539316654787786565e-01 8.634912733816132446e-01 8.592540160445347741e-01 8.498401701225463123e-01 8.073419583212085859e-01 8.336369901870014365e-01 8.965870808472637954e-01 8.724735838154545897e-01 8.269412795678108274e-01 8.296641776072664065e-01 8.427847529044003583e-01 8.214387436394939845e-01 8.782785513982043213e-01 8.743792527436713424e-01 8.884681671553577020e-01 8.520897393346059667e-01 8.862069906201757163e-01 8.874564619835429991e-01 8.712172587277469127e-01 8.944506146185805529e-01 8.842219062364513604e-01 8.903116890496814984e-01 8.951666584534360149e-01 8.985048748853518008e-01 8.961705923034229970e-01 8.614449643741427520e-01 8.897790124450312144e-01 8.430638068344138425e-01 8.809513649073508201e-01 8.930133110294323773e-01 8.868661489645259799e-01 8.897379314130331451e-01 8.671704284019767783e-01 8.914694727247920447e-01 8.887754607503339788e-01 8.943494368947286777e-01 8.920441179257693198e-01 8.873014331406980926e-01 8.872392271628305460e-01 8.895091838353761382e-01 8.784465258268232546e-01 8.833793099770806956e-01 8.984917160132716019e-01 8.973815849359637609e-01 8.973045637201908509e-01 8.880546113083530591e-01 8.848029604134999282e-01 8.965205331879966266e-01 8.752849955000324700e-01 8.804292752256915877e-01 9.020948029974150684e-01 9.010377532947529966e-01 8.997966235812210334e-01 8.873087733574347435e-01 8.950797444371108025e-01 8.982264161705721950e-01 8.979323816543826053e-01 9.014411164182771774e-01 8.954930791738366924e-01 8.975147819491134937e-01 8.971477345264564640e-01 8.957518005919435922e-01 8.984963799786880312e-01 9.017544378782872405e-01 9.034379147457244352e-01 8.992883162453018109e-01 8.983755657701788522e-01 9.020410475400774120e-01 8.981824828963494989e-01 9.028985501843461714e-01 8.996712189704783036e-01 9.008766076167838976e-01 8.852064044698094714e-01 8.850923273171055206e-01 8.975749079085013626e-01 8.979012078389317919e-01 8.950481018884752782e-01 8.991637031954463621e-01 8.955743490803695916e-01 8.997431318257261834e-01 8.958544955345388860e-01 8.857001282048544422e-01 8.989093375810675024e-01 9.010239440759054697e-01 9.019332211952716394e-01 9.001953566354077285e-01 9.010243230498645728e-01 8.967354467757049363e-01 8.977090294513424551e-01 8.984921016533461424e-01 8.930882208328396743e-01 8.930804385482560281e-01
1.505146544046054996e-02 1.577823344148531759e-01 3.993525465419870413e-01 6.617557460690660642e-01 5.125842626341586827e-01 4.745830182442078993e-01 7.954757123175202338e-01 7.843437578319417680e-01 8.484542234420278106e-01 7.958370582784511926e-01 8.746137817388203173e-01 1.000000000000000000e+00 8.219087696340865445e-01 8.459164238954207660e-01 9.245293883242182709e-01 9.070209040676148193e-01 8.336478011029302415e-01 8.305024630370257954e-01 8.449505111508245347e-01 7.361480163127894771e-01 8.191797365506787720e-01 8.402465421530490586e-01 8.289642945607900160e-01 7.687656150140080857e-01 7.980460754889203701e-01 9.074967020109355742e-01 9.025609229725730653e-01 8.896489656142659852e-01 8.594011417690433641e-01 8.689571728615669288e-01 9.355363220849467476e-01 9.115261130493002018e-01 8.603244103605854898e-01 8.618053372259691924e-01 8.723199035505935228e-01 8.661143459972974190e-01 9.138309925375381892e-01 9.138744197808447156e-01 9.291108994630052909e-01 8.955567028326292256e-01 9.369033261018306913e-01 9.296542910714652441e-01 9.198140693093206366e-01 9.413325912133940765e-01 9.321118066870699437e-01 9.326449707235823228e-01 9.416498827344759182e-01 9.439411481589697894e-01 9.441820299879104539e-01 9.079796346232834603e-01 9.384697260913402728e-01 8.991965700078922152e-01 9.302367983525431372e-01 9.385076258032772900e-01 9.355003170565426851e-01 9.356773979895637305e-01 9.213214285762337807e-01 9.382641697442927198e-01 9.358893238530278103e-01 9.437055914535237289e-01 9.434942594264594806e-01 9.371598999213646142e-01 9.394390046275384876e-01 9.387409452298653978e-01 9.316859035349861484e-01 9.364165756696678500e-01 9.445675205445263067e-01 9.436906028427282100e-01 9.418379071971465510e-01 9.321876699833869795e-01 9.362894414777996888e-01 9.446619798755739872e-01 9.188541660419169421e-01 9.270880443600587606e-01 9.478479643606030347e-01 9.486113553923701813e-01 9.465174073530057131e-01 9.387991253451973828e-01 9.411132863170599272e-01 9.429472593120260537e-01 9.429361918257300745e-01 9.468492889182537064e-01 9.417675395929626658e-01 9.383311538829703924e-01 9.404366685975122930e-01 9.398382248133094752e-01 9.443768896336008911e-01 9.450258570056777607e-01 9.473295317260636006e-01 9.455342232181002116e-01 9.416478550981955964e-01 9.479315904940682769e-01 9.466976082335231135e-01 9.481784257176170128e-01 9.468041336960923982e-01 9.474224138690267027e-01 9.331543885134554461e-01 9.341250044456753665e-01 9.453157622115175851e-01 9.450746298543311052e-01 9.442575805532762434e-01 9.458158742914409833e-01 9.454843949492343080e-01 9.490166946360512057e-01 9.472744709308157374e-01 9.360837758485550664e-01 9.446729612825077727e-01 9.461536396803266191e-01 9.480513974181355996e-01 9.468804763600665586e-01 9.467608200827438703e-01 9.466410890840522008e-01 9.458106889550154106e-01 9.464391020471314420e-01 9.436725547018238736e-01 9.428025347663797628e-01
2.770406207564924880e-02 1.434484138606617609e-01 3.402437123437683786e-01 5.625235301935199717e-01 4.923091113269633112e-01 4.288569046068774204e-01 6.973546272187833850e-01 7.157113369626774135e-01 7.644231437862399892e-01 7.140196956371619441e-01 7.796628960375241446e-01 8.219087696340865445e-01 1.000000000000000000e+00 7.853689045816760750e-01 8.440946921125982438e-01 8.317748634622038617e-01 7.606414364331373079e-01 7.356222620724698347e-01 7.424888343575224425e-01 6.747262291727392780e-01 7.262706806813796767e-01 7.407057586691503381e-01 7.338623961115672278e-01 6.707007753062004252e-01 6.906812764683725181e-01 8.156591906678648529e-01 8.091701506919850573e-01 7.874348806628812536e-01 7.591081441441278610e-01 7.682465497832389190e-01 8.439407503177586145e-01 8.091394207975135533e-01 7.552908266227614797e-01 7.647292745643738954e-01 7.748214621182202277e-01 7.622158375213037296e-01 8.259325386426290549e-01 8.115190186836660491e-01 8.398879908385378235e-01 7.880620241495377432e-01 8.502913652677817069e-01 8.408631540055087061e-01 8.209074251932236832e-01 8.546282801675360030e-01 8.428114700339884857e-01 8.444873244597879136e-01 8.595037480469360780e-01 8.588856174445648195e-01 8.537643859268737589e-01 8.068129415333474830e-01 8.431647422583281593e-01 8.041382393995373246e-01 8.454564207169350532e-01 8.560194040933488679e-01 8.429358662018788806e-01 8.382305575235626804e-01 8.272453126579366600e-01 8.608523383195113565e-01 8.444052080274582206e-01 8.622896057258140345e-01 8.518949198504462972e-01 8.525415124586894766e-01 8.452337084544742085e-01 8.556087388262129112e-01 8.475619521350383767e-01 8.496867920257838991e-01 8.613006791772652715e-01 8.566488995150471908e-01 8.512104491886671731e-01 8.478186995726298969e-01 8.447567914114145760e-01 8.551771256882056971e-01 8.281605740547054451e-01 8.343769431253248436e-01 8.608165159984292325e-01 8.593091192692031699e-01 8.561379455671082050e-01 8.448545734308421373e-01 8.535941264660893424e-01 8.552994222735509355e-01 8.557088687680209915e-01 8.641824832333082629e-01 8.482580343572244663e-01 8.473500772224884514e-01 8.492586789230086586e-01 8.490286036251267765e-01 8.572532850776390934e-01 8.535224306348001555e-01 8.591906020983337555e-01 8.540588755909026553e-01 8.487032553888863573e-01 8.629741808688909943e-01 8.616807229511147526e-01 8.617039340077327081e-01 8.646093003337189664e-01 8.647277387697317463e-01 8.440172357840376449e-01 8.477940286619797261e-01 8.592799042678233024e-01 8.598265576306569624e-01 8.576176119924958652e-01 8.599350160645694574e-01 8.583483046565855146e-01 8.663919346947879241e-01 8.582003187666503718e-01 8.484249085254743639e-01 8.594166984524640451e-01 8.628104395557203432e-01 8.614397718275648153e-01 8.641375251771311605e-01 8.611892799043102675e-01 8.659429959364374207e-01 8.629582900309771265e-01 8.629708944781853130e-01 8.594561843188622818e-01 8.624222410812663053e-01
