1.000000000000000000e+00 1.976488106064047401e-01 7.192840157224202058e-02 1.444017553089442796e-01 5.881004564155822845e-02 6.296947562356139394e-02 6.961321064728304142e-02 2.826415865890931009e-02 1.045599061506014699e-01 3.533857643751931593e-02 -7.824431723428254548e-03 2.991989897419256722e-02 2.646709846313839015e-02 -1.290254564897529155e-02 2.154480727880525928e-02 9.025612938994325568e-03 6.775942432314091546e-02 1.065429951907762018e-01 8.593531355533357008e-02 3.099413109194834592e-02 3.485987596805882605e-02 4.917653105665073521e-02 9.093535807369065860e-02 9.017283424293448535e-02 9.616699255919175515e-02 5.713554245249011926e-02 5.293817522340592274e-02 7.212389154048602646e-02 8.373496202611385719e-02 1.219864948449490560e-01 7.026959236335443559e-02 6.337866968907231169e-02 6.801756155565162609e-02 4.576559857038268314e-02 7.433970273531256834e-02 3.268715849878908730e-02 5.827981835815667505e-02 3.636571734964203634e-02 3.840956726096992485e-02 4.443614895288662547e-02 3.941154996314200076e-02 1.615373443849634286e-02 7.804160308961762514e-03 1.958712992197922040e-02 3.354917920130122411e-02 3.081270688895941176e-02 1.205343706235013392e-02 1.567575953462676044e-02 3.157614825780416523e-02 3.567928807799574525e-02 3.453618099730080410e-02 1.134679596214064820e-02 1.200798940561515794e-02 4.095891369896509371e-02 3.003700323860553079e-02 3.695507755793991933e-02 2.874163244503284351e-02 6.621470175372354619e-03 2.966505171613434411e-02 1.826378752056953894e-02 9.857639521177189584e-03 2.429963170048806895e-02 1.138588874870013166e-02 2.176149702036388883e-02 2.607523057783499298e-02 2.520668695950495364e-02 1.912417195983252133e-02 3.376256905309368145e-02 4.161103193568143482e-02 2.245422244577242876e-02 1.432326042573175452e-02 1.997131677277411491e-02 4.749872296408563094e-02 3.613540467153900787e-02 2.204854454190836865e-02 1.649773797759199884e-02 2.686015037182841458e-02 2.586777742779871811e-02 4.114881415250992019e-02 6.293178978640577570e-02 4.461128686883536476e-02 2.886577239914165857e-02 3.425397885333936188e-02 4.278664489541351978e-02 3.339848755500328392e-02 2.595408522038590224e-02 2.286593013509990308e-02 2.096080653090847193e-02 2.483237752557076322e-02 2.521652008190165481e-02 1.767164350541759049e-02 1.516572668807187295e-02 1.546318803902623808e-02 1.495561410822786493e-02 4.520837590860408983e-03 1.384989457384123296e-02 3.533543244079714180e-02 2.897817221170494173e-02 1.054907659654222805e-02 1.959323963638012409e-02 7.138465132191818344e-03 1.853595662940483654e-02 3.654127164882962821e-03 3.704373713141569189e-03 1.083550138267253340e-02 2.750955455896077206e-02 2.914562511261793720e-02 2.773010025669114462e-02 1.702179029986839245e-02 8.573279550094941442e-03 9.966267191106537721e-03 1.361585554920311490e-02 1.128835211741104766e-02 1.246027170084802217e-02 1.227581202134379358e-02 9.735551144831785728e-03
1.976488106064047401e-01 1.000000000000000000e+00 2.665331707646688697e-01 4.050079650491203442e-01 1.958501815274130975e-01 1.793634054575730108e-01 2.149160758750219835e-01 1.433480551536178982e-01 1.661634329530541077e-01 5.742727204673546415e-02 7.011267082453534472e-02 1.643552019283341659e-01 1.934891549668688593e-01 9.133642311336301334e-02 1.479713700413962940e-01 1.084759052760438658e-01 1.570005579032215381e-01 2.263598349918988228e-01 1.616120033292468561e-01 1.817127815874916563e-01 1.590187416134173082e-01 1.595391709931454072e-01 2.111937263548351873e-01 2.265041015963310533e-01 2.196800082407812660e-01 1.502973071369969049e-01 1.443451947001446745e-01 2.128253779882181007e-01 2.341692998358412270e-01 2.722696344076687147e-01 2.456834890187120646e-01 2.239403250285945113e-01 2.017641356218038973e-01 2.121275108844096480e-01 1.941780135446556643e-01 1.719750733564127387e-01 2.221444915334968018e-01 1.832195548396058082e-01 1.821432279253171194e-01 1.675915196471650104e-01 1.552730471691524394e-01 1.562811243825050211e-01 1.325944133890665511e-01 1.571228663353843036e-01 1.722723498987508428e-01 1.753067491108963871e-01 1.524583316036436376e-01 1.501149071143917102e-01 1.625900595699105999e-01 1.659111092718984770e-01 1.532200500898849016e-01 1.580330494076328807e-01 1.577946253541366306e-01 1.876452860101555375e-01 1.744142289517794098e-01 1.694844508900389124e-01 1.621215607742959863e-01 1.509591586170892508e-01 1.760269279566138712e-01 1.603410926013213722e-01 1.397331259595814001e-01 1.814786249555031816e-01 1.428456099835156978e-01 1.466924122558039278e-01 1.655256177185362720e-01 1.706047057801840239e-01 1.582342982370669449e-01 1.761381759885246867e-01 2.024709933314192689e-01 1.749630318918981853e-01 1.567250948967613966e-01 1.603493933583701736e-01 2.107726532842923717e-01 1.840931414971420654e-01 1.555198432980699763e-01 1.342066265041715334e-01 1.687986375012246465e-01 1.674731783807467955e-01 2.369433437787370478e-01 2.644994067281782324e-01 2.184602003160655004e-01 1.810810369589175572e-01 1.730564050008615296e-01 2.174560183259535984e-01 2.079304139119280970e-01 1.836531406863694538e-01 1.744728121527524822e-01 1.787958162621490488e-01 1.978895816126895191e-01 1.602178670068149513e-01 1.530893295140093313e-01 1.674742177857742043e-01 1.589631369821299933e-01 1.642259853726490137e-01 1.554509183007697359e-01 1.618622170069832777e-01 2.108534929202411645e-01 1.819230911498296299e-01 1.485291326623081332e-01 1.595035476861239310e-01 1.492880236928717796e-01 1.773064177189885293e-01 1.471228232244881640e-01 1.467114093069790404e-01 1.489885964426678755e-01 1.787725104000860432e-01 1.744997383287365256e-01 1.722917544867645367e-01 1.619332964933693497e-01 1.548196197580441191e-01 1.519952412087836602e-01 1.606372970284968837e-01 1.618455548849070391e-01 1.555593630426514440e-01 1.509538164995448406e-01 1.472415755211556598e-01
7.192840157224202058e-02 2.665331707646688697e-01 1.000000000000000000e+00 4.973843251583108249e-01 2.798292461469277792e-01 3.162352807916347097e-01 3.871292886329553151e-01 3.422652450663655754e-01 3.244011461387154016e-01 2.080977739456570386e-01 2.930367177206161244e-01 3.806661799461882323e-01 3.809030854593899451e-01 2.874720393647586247e-01 3.492949977776348414e-01 3.384786124018278053e-01 3.281318716115557144e-01 3.987227029099683073e-01 3.528962772568187134e-01 3.669250633655769533e-01 3.548816839402463286e-01 3.569074463462294511e-01 3.861622450968250075e-01 4.076850529927995570e-01 4.031257691231381335e-01 3.554564278615699457e-01 3.612854007390332023e-01 4.036197988130617031e-01 4.113821689194900322e-01 4.571248446430887236e-01 4.426032835274944510e-01 4.034418712171458088e-01 3.482532691448948503e-01 3.898085671819044862e-01 3.867143779407055670e-01 3.540398481120626828e-01 4.056316816974147588e-01 3.780959297608770808e-01 3.805644164925405248e-01 3.659823916573181068e-01 3.574382087495371341e-01 3.664316649749859156e-01 3.586953006740161154e-01 3.790979873586698967e-01 3.775331210850908503e-01 3.817977979951100442e-01 3.617202645146482265e-01 3.626011147125964840e-01 3.705391217539346638e-01 3.847951075854150194e-01 3.637514559533388536e-01 3.840072205656251403e-01 3.724035929243618148e-01 3.839361206959132078e-01 3.879707192393471171e-01 3.757329105286340010e-01 3.826690290172825026e-01 3.687297164699638863e-01 3.886237544805569155e-01 3.744056989278460312e-01 3.617872850951930341e-01 3.947052230428403363e-01 3.710194233270557307e-01 3.570018767167799090e-01 3.683646830093963431e-01 3.812494862752006108e-01 3.654319100646303276e-01 3.896446181130667208e-01 4.017598960890075288e-01 3.983435193241012251e-01 3.766960713410366091e-01 3.756446798211876548e-01 4.157560177796855716e-01 3.932733473694749460e-01 3.647900586754302954e-01 3.520675743774509536e-01 3.761992632117998614e-01 3.756139817486917054e-01 4.294142604066819580e-01 4.540497058279561182e-01 4.159341304401731887e-01 3.895509660675653962e-01 3.826532631187659628e-01 4.059743772237645598e-01 4.065435405299197003e-01 3.844663580292693728e-01 3.747674845445660430e-01 3.894633883579131650e-01 3.987835349933723239e-01 3.733218231539034981e-01 3.619569397534215804e-01 3.793050866646990871e-01 3.704173282990371741e-01 3.788325280823998664e-01 3.657718582842614530e-01 3.695267023523622352e-01 4.223467966632831194e-01 4.040203707233697705e-01 3.709992227643522655e-01 3.764794590186135159e-01 3.705094198507972725e-01 3.941655611947721405e-01 3.741987500711461134e-01 3.688895635791804573e-01 3.669488464409966233e-01 3.968433562339990783e-01 3.837951095516882738e-01 3.734918333226234788e-01 3.753011970747217041e-01 3.676736580779303432e-01 3.679778857293098948e-01 3.696141641483356444e-01 3.783558409614954932e-01 3.699433721081019089e-01 3.590174153520744316e-01 3.633971046036987285e-01
1.444017553089442796e-01 4.050079650491203442e-01 4.973843251583108249e-01 1.000000000000000000e+00 4.022926226813814954e-01 4.425688203402652343e-01 5.635667948117185633e-01 4.814824210986324848e-01 4.260433217009267914e-01 2.622795182637762679e-01 3.792998853909720358e-01 5.408492296715375902e-01 5.230283633371711760e-01 4.086614520876226120e-01 5.060803561416313823e-01 4.657573018301499612e-01 4.230113310781188352e-01 5.074786069757769580e-01 4.236677253257306597e-01 5.649231597812233163e-01 5.183189338029470239e-01 4.815158765074541991e-01 4.642442364633361795e-01 5.211899253097347362e-01 5.045739205226764668e-01 4.747909993892771019e-01 4.757868720677597141e-01 5.194238420147846425e-01 5.390063614201211495e-01 5.719697165075772194e-01 5.955804956168448960e-01 5.246595701188817573e-01 4.845816080831942263e-01 5.215618676001994025e-01 4.925385027047295972e-01 5.001124024794311174e-01 5.507792954219512538e-01 5.092150194984672584e-01 5.217273273944748047e-01 5.005745883329528745e-01 4.821138728668512008e-01 5.015310028507216078e-01 5.150639667806604649e-01 5.142285724401916003e-01 5.134404651391738517e-01 5.217100946092043667e-01 4.913768996879967488e-01 4.820369355431375902e-01 4.860250863030184387e-01 5.042230246691546958e-01 4.937913119385450300e-01 5.447717111103898002e-01 5.215376214361313600e-01 5.208483382014668095e-01 5.220026189448984111e-01 5.041191708187044984e-01 5.061194000682377458e-01 5.072437140443909476e-01 5.205893029285841855e-01 5.044729606127583699e-01 4.974174105345326447e-01 5.371626453630807818e-01 5.005792442359910943e-01 4.856176538560469380e-01 5.013381226172004546e-01 5.171307767817698853e-01 4.915312550769089794e-01 5.145839638395928173e-01 5.359791151451031022e-01 5.398640852238993926e-01 5.149904630895753010e-01 4.998940243763304037e-01 5.523510691709854203e-01 5.229772468110381878e-01 4.942857833839875981e-01 4.656514854566787820e-01 5.036993269141967211e-01 4.998872999500624803e-01 5.833693043833070302e-01 6.051335119226922687e-01 5.653114875410381046e-01 5.239244902569490936e-01 5.098472716619658618e-01 5.513640480498029905e-01 5.541641510681661886e-01 5.242029931771630125e-01 5.173915546784938480e-01 5.247988242221430788e-01 5.495131934347710079e-01 5.030164869673182659e-01 4.913667536987190720e-01 5.134582175322166542e-01 5.055248860426999613e-01 5.106223427419687155e-01 4.949795670766014566e-01 4.993538166941796641e-01 5.770930089431749455e-01 5.434384927990653091e-01 5.047341265661652310e-01 5.102484316679586351e-01 5.098261672469367456e-01 5.324979751202388867e-01 5.070106948869493868e-01 5.003041944084660742e-01 5.001211603706312570e-01 5.405281513089175149e-01 5.193697006284023754e-01 5.093329764433383033e-01 5.116654292359175127e-01 4.976942387062986417e-01 5.027568802678548110e-01 5.032946744142360318e-01 5.124762096720480997e-01 4.994374303589894093e-01 4.852322052590641310e-01 4.950101829728802971e-01
5.881004564155822845e-02 1.958501815274130975e-01 2.798292461469277792e-01 4.022926226813814954e-01 1.000000000000000000e+00 3.514732914117911777e-01 5.034812973344126030e-01 4.783577002276027668e-01 4.455599172433267197e-01 3.702080390190175541e-01 4.331140880960786532e-01 5.023774515815585540e-01 4.868497992233772331e-01 4.264084055050355593e-01 5.009239603089808979e-01 4.898870532734795336e-01 4.349594522253790729e-01 4.395961831816764254e-01 4.210911235892163540e-01 4.357736189090660739e-01 4.554848867722701145e-01 4.601597163842098825e-01 4.346860562990864651e-01 4.578682867156085856e-01 4.649226868046202332e-01 4.759063385301305904e-01 4.700842916903685276e-01 5.020533996999826387e-01 5.029254880287665763e-01 4.972122820800157772e-01 5.185180523615274817e-01 4.731672817866987568e-01 4.753751457546364634e-01 4.779609228017794864e-01 4.770012242530187740e-01 4.779239267735340135e-01 5.073679473007830509e-01 4.926497441559071766e-01 4.988030124325749104e-01 4.834779360992258468e-01 4.847396221829674556e-01 4.950020198559675899e-01 5.099497330526752137e-01 5.048827961790136598e-01 5.038267252439252442e-01 5.072637476872327023e-01 4.900835482715687474e-01 4.873767006456448114e-01 4.821004598827790533e-01 4.804763531250260677e-01 4.853860745736837123e-01 5.094233691599638902e-01 5.017040099812599685e-01 4.982191735890137974e-01 4.966866788520354903e-01 4.921277821037856048e-01 4.906970318059016845e-01 4.987674381600151197e-01 4.954269897623447827e-01 4.975434396753167787e-01 4.967216097306171863e-01 5.086610892585091692e-01 4.926180271449503989e-01 4.845402979924972042e-01 4.924252585846876085e-01 4.997376626129365618e-01 4.902359648289455474e-01 4.972987549332937851e-01 5.046826570362874520e-01 5.072596001409852562e-01 4.995458326279311190e-01 4.940804061113465706e-01 5.089424535855711085e-01 5.018016250821224489e-01 4.960249606347350015e-01 4.849469687477614421e-01 4.997251054962497663e-01 5.022267273682348154e-01 5.241940985292394828e-01 5.262193757886940437e-01 5.150502620181838243e-01 5.046050431941051517e-01 4.991555170859334201e-01 5.130997465707427541e-01 5.122614794422096773e-01 5.007273765321501591e-01 5.052332710725451204e-01 5.055483063084449391e-01 5.144039431375538873e-01 4.983795987701585828e-01 4.991850681535929257e-01 5.046560189464170953e-01 4.944930254164129346e-01 5.037566746128449013e-01 4.927865166365216765e-01 4.941389943853994882e-01 5.200504261032924402e-01 5.129815330881701829e-01 5.025084065300173819e-01 5.022959552622703328e-01 5.068540176549305443e-01 5.076700811740156860e-01 4.991683196166343817e-01 4.979643632922443053e-01 4.964233563359381485e-01 5.121532239432545763e-01 5.008824513926715127e-01 4.974207019679712238e-01 5.004551351451067553e-01 4.952178788987943725e-01 4.985852396821655041e-01 4.973856931032605289e-01 5.005937545376017983e-01 4.984293946779477236e-01 4.909259764230425871e-01 4.946345609570364510e-01
6.296947562356139394e-02 1.793634054575730108e-01 3.162352807916347097e-01 4.425688203402652343e-01 3.514732914117911777e-01 1.000000000000000000e+00 5.566803098935422245e-01 5.189620272099759735e-01 5.349981674876432836e-01 4.351290539210108665e-01 5.231295876492718655e-01 5.917476959607240738e-01 5.522954891282370049e-01 5.207417923657272629e-01 5.879332083696450217e-01 5.647692679738827159e-01 5.411977267003156289e-01 5.149207391736658757e-01 5.271572906515433754e-01 4.894556039858002361e-01 5.160739191553465055e-01 5.556086571865490598e-01 5.291591708357175072e-01 5.448825255287869096e-01 5.626066278613833793e-01 5.780309193586017358e-01 5.750291579511995765e-01 5.991015825440311193e-01 5.932318767683329996e-01 5.842050057868560797e-01 6.162989244129107869e-01 5.801348963752303023e-01 5.673549480288071489e-01 5.810559054049151406e-01 5.741521238630915569e-01 5.739520914777738181e-01 6.062699390298894597e-01 5.928593499818688439e-01 5.963903759868951493e-01 5.840576046908585450e-01 5.960371835601375734e-01 5.980776990604526056e-01 5.864462964271727197e-01 6.006078970713122356e-01 5.935022400141016785e-01 5.998233905070461391e-01 5.969202449267322352e-01 5.931260495070694860e-01 5.865720774675308169e-01 5.835971190093025562e-01 5.866061255320608181e-01 5.949179356030569465e-01 5.943660696777276486e-01 5.982929954499404124e-01 5.962253956405728639e-01 5.947533408072500638e-01 5.917191689783162234e-01 5.967139695420068390e-01 6.017351517245108639e-01 5.989771226723826780e-01 5.952848518693584223e-01 6.038939392605298107e-01 5.933363832229857637e-01 5.839977474080718656e-01 5.968511690710247564e-01 5.987288866891634642e-01 5.938391081803152671e-01 6.032992140208779386e-01 6.058419104915615527e-01 6.035552723505143158e-01 6.010255281044458719e-01 5.994178146612817448e-01 6.102495252408224324e-01 6.082553380048798530e-01 6.004908305225050702e-01 5.917541561377722692e-01 6.056439888255099602e-01 6.043220085087522842e-01 6.202550286396689705e-01 6.181975789690272727e-01 6.211368195953207438e-01 6.058941339792033309e-01 6.030842283930621939e-01 6.104396882343171571e-01 6.109613522595478408e-01 6.045734039527018711e-01 6.071894015550137746e-01 6.084384997792897654e-01 6.139981702530183938e-01 6.022486097355830292e-01 6.028749310398795469e-01 6.064964651454475275e-01 6.036681473995052505e-01 6.062104876295731914e-01 5.981349740246018065e-01 5.993837268436549293e-01 6.163097041786995689e-01 6.062199554328263629e-01 5.986046952224192141e-01 6.024062331195658704e-01 6.023440708806646615e-01 6.070797482720706739e-01 5.977328835671704699e-01 5.986090241172598025e-01 5.990473371272572178e-01 6.082707219615870464e-01 6.030701439328858271e-01 6.007725814664732766e-01 6.031429288977926406e-01 5.973467770113846109e-01 6.008874604954458354e-01 5.996590894811343331e-01 6.031789747876065144e-01 5.972479530893242128e-01 5.934280733240737682e-01 5.938717872456226177e-01
6.961321064728304142e-02 2.149160758750219835e-01 3.871292886329553151e-01 5.635667948117185633e-01 5.034812973344126030e-01 5.566803098935422245e-01 1.000000000000000000e+00 7.430683112261760037e-01 7.472489005067070034e-01 6.357241823456788454e-01 7.372934670975808125e-01 8.016422717413774768e-01 7.401926905026515735e-01 7.011790723389281776e-01 8.458418392612413461e-01 8.003043315162244875e-01 7.404838599112583131e-01 7.355292474519684598e-01 7.351887287820780825e-01 7.262699316043423892e-01 7.583900998047914399e-01 7.555254531032983278e-01 7.402625509154249217e-01 7.567765268206790852e-01 7.634516264254544993e-01 8.031554510578241546e-01 7.823566135984726388e-01 8.041341124328765799e-01 8.058103564416491116e-01 7.918566846330660214e-01 8.281350452154511155e-01 8.044003027796106098e-01 7.839716125586172479e-01 8.032676303254798755e-01 7.857845900602504763e-01 7.869010407441495714e-01 8.021886246569827073e-01 8.202684336325103409e-01 8.245844700700372121e-01 8.068893772584465607e-01 8.066926244028442827e-01 8.127515421312884181e-01 8.225792984120319229e-01 8.155825226911251891e-01 8.064311628444638114e-01 8.213554359128455440e-01 8.001755533211247773e-01 8.028386017578911238e-01 8.081087942695071025e-01 8.089224300771717946e-01 8.148777973448356748e-01 7.996586704502357534e-01 8.031489520466151832e-01 8.082408975476798041e-01 8.113508444142079057e-01 8.149606505321971284e-01 8.023190749920223741e-01 8.067095333229785670e-01 8.132886393978300266e-01 8.026714352473818259e-01 8.070584458146883300e-01 8.133089881259210063e-01 8.141115679900319257e-01 8.017834680052192686e-01 8.010817340365892214e-01 8.044454725657804728e-01 8.052394252471593017e-01 8.180798825598316615e-01 8.239702764373826316e-01 8.302481848802678588e-01 8.171863162828091331e-01 8.077390707568851136e-01 8.235504941712206151e-01 8.139637610192591577e-01 8.142591570199887441e-01 8.031810806803462155e-01 8.186808364471003241e-01 8.170272915417898796e-01 8.246496778689519358e-01 8.160340187157785197e-01 8.159404319400177519e-01 8.173154928275500053e-01 8.183941201216874406e-01 8.195308743175662158e-01 8.257149197438222732e-01 8.165803280755227211e-01 8.088377374056610059e-01 8.249801717383178357e-01 8.214288067858229736e-01 8.171543017865159353e-01 8.182683181263528116e-01 8.170245575456998033e-01 8.108663508734825776e-01 8.169780544306103343e-01 8.031977965133312303e-01 8.054145008133393180e-01 8.250587180350054117e-01 8.129698207858819803e-01 8.145437199989913335e-01 8.218542709672109758e-01 8.180487916936495241e-01 8.182988130040461661e-01 8.111853630144680860e-01 8.111343478294549270e-01 8.104900609557111890e-01 8.167017278578222461e-01 8.135542796908863394e-01 8.073979800843822385e-01 8.125861139092712682e-01 8.069048237101253962e-01 8.150543141108621548e-01 8.065113353358273063e-01 8.111125238259958570e-01 8.055414425899916075e-01 8.004777537657095099e-01 8.027149915052930185e-01
2.826415865890931009e-02 1.433480551536178982e-01 3.422652450663655754e-01 4.814824210986324848e-01 4.783577002276027668e-01 5.189620272099759735e-01 7.430683112261760037e-01 1.000000000000000000e+00 7.447562147487702955e-01 6.524117762157785050e-01 7.570888177146618547e-01 8.021922017424111262e-01 7.305867188525497768e-01 6.993019113538484488e-01 8.220931202201691157e-01 8.236264541122599869e-01 7.505419670053672387e-01 7.063576574226860805e-01 7.294459018422356777e-01 6.958918080586534716e-01 7.584434945355641444e-01 7.640919847693511402e-01 7.075435050913222446e-01 7.229755897687158983e-01 7.434489434823982057e-01 7.941252311216495663e-01 7.844488677802735621e-01 7.891390082718992005e-01 7.774243170024706107e-01 7.645007895805678855e-01 8.026620286558074913e-01 7.866577075431443467e-01 7.650144595476703335e-01 7.799068229888058701e-01 7.793127084171316277e-01 7.853639101975238290e-01 7.840602665978505526e-01 8.121399839294914935e-01 8.131465491722580374e-01 7.973256353981107436e-01 8.126530121323096711e-01 8.122645269290226233e-01 8.184955175544983419e-01 8.218811898578890496e-01 8.071868434915815405e-01 8.145555952268738187e-01 8.080074073252542233e-01 8.115345374038830384e-01 8.204908260563805733e-01 8.095412885745406628e-01 8.225220906740476901e-01 8.067455736969504354e-01 8.087697624174466915e-01 8.127205025410076944e-01 8.126789323668219822e-01 8.179959223633481713e-01 8.159432069452504654e-01 8.172189308925595919e-01 8.218858689880065294e-01 8.097072152279475299e-01 8.157488451027304910e-01 8.149187940985362921e-01 8.238301960150906655e-01 8.146485759407103844e-01 8.091067216308359678e-01 8.098215333602108990e-01 8.100028801290206637e-01 8.131066588956769037e-01 8.078829261711499843e-01 8.219187080888084029e-01 8.220822822800014640e-01 8.121683138974916671e-01 8.068408934757216322e-01 8.085219739559029728e-01 8.151560526149290720e-01 8.144645964517540637e-01 8.136012830772979543e-01 8.156308769631448463e-01 8.024358573991549060e-01 7.946856940192146279e-01 8.053545115057749726e-01 8.137904520923251450e-01 8.200923827566019009e-01 8.061709965113318388e-01 8.097856147538555760e-01 8.079158119760262435e-01 8.075920167525219018e-01 8.187305622968308327e-01 8.106949104632324987e-01 8.214854684534881324e-01 8.163813323830536595e-01 8.160090876241230529e-01 8.124495775368736350e-01 8.159421696635498211e-01 8.092493865379288831e-01 8.097378741504583921e-01 8.126869477193140456e-01 8.174119326418671783e-01 8.221176628291111399e-01 8.225131068530115996e-01 8.205344702069654605e-01 8.182829582475102947e-01 8.168968967403653636e-01 8.184314397092689042e-01 8.179489682187650601e-01 8.189524802496588318e-01 8.180351412790907162e-01 8.079565801793857638e-01 8.160051135087037499e-01 8.169918052788853746e-01 8.224207678465299542e-01 8.124567863889838870e-01 8.187133692120411865e-01 8.133667367321097963e-01 8.081060571370646262e-01 8.125723068462855636e-01
1.045599061506014699e-01 1.661634329530541077e-01 3.244011461387154016e-01 4.260433217009267914e-01 4.455599172433267197e-01 5.349981674876432836e-01 7.472489005067070034e-01 7.447562147487702955e-01 1.000000000000000000e+00 7.638513469662966404e-01 8.235314864196099371e-01 8.342692511537027622e-01 7.672565650661322678e-01 7.556578486146905416e-01 8.655428541097751616e-01 8.557294111618406474e-01 8.513378016977708462e-01 7.807127118823818934e-01 8.277443341063092097e-01 6.843625666041820432e-01 7.584303005366502815e-01 8.098672162012583442e-01 8.033694769610195685e-01 8.030351582173157476e-01 8.264329578632410023e-01 8.722048867929466098e-01 8.554745112000613494e-01 8.544373106600648970e-01 8.472792856329601774e-01 8.497194565797950849e-01 8.634633022023846527e-01 8.582691266837430000e-01 8.219407020463987967e-01 8.466108758103257914e-01 8.547356553170738502e-01 8.222036716615661600e-01 8.425317195773316392e-01 8.620527336009597974e-01 8.698374979385589123e-01 8.364494180603494478e-01 8.868400655935090304e-01 8.676036435538484470e-01 8.495184247524263377e-01 8.764388997656369362e-01 8.684954028339929577e-01 8.759123493319022069e-01 8.754859168008174430e-01 8.866548506090976556e-01 8.906256962330002525e-01 8.660712388889716395e-01 8.761032255066604213e-01 8.320582612624416452e-01 8.599699297202294535e-01 8.889047143924829752e-01 8.831982253435878283e-01 8.878752907045152076e-01 8.788324943275906964e-01 8.711602669594666892e-01 8.857350010004002572e-01 8.784050528863834861e-01 8.791754458092608804e-01 8.749993942602976027e-01 8.784411773230306197e-01 8.803853286609206741e-01 8.751098597057266337e-01 8.763051256399567723e-01 8.829521358753964488e-01 8.867917403407205024e-01 8.795555931843543895e-01 8.715430271467511369e-01 8.746608923206442565e-01 8.792536501992577191e-01 8.764890142688444019e-01 8.798746744000733866e-01 8.827254944401168313e-01 8.834622206972611025e-01 8.795771174070871057e-01 8.825093766285970753e-01 8.581195020513252558e-01 8.545160129855203790e-01 8.650583130978413138e-01 8.805701717928444694e-01 8.863100583876151184e-01 8.673400731360092486e-01 8.673488985629250747e-01 8.738704098161752531e-01 8.688740094253940560e-01 8.770790604056470929e-01 8.634286586492349036e-01 8.866968151922504093e-01 8.756217785102879958e-01 8.764307310351603375e-01 8.748871178553542238e-01 8.766020050115237439e-01 8.735062133406735763e-01 8.766010767852374652e-01 8.582498235273389176e-01 8.688194321034593548e-01 8.772230420281650343e-01 8.786900270726623052e-01 8.715501060352297547e-01 8.710249314142182175e-01 8.750340110514670533e-01 8.749019184013829831e-01 8.758590444495432115e-01 8.729686200004450614e-01 8.805010594690109160e-01 8.781114842335597803e-01 8.798276641849097635e-01 8.783248688219180700e-01 8.796146710930445867e-01 8.788510129353676037e-01 8.782736472508284598e-01 8.771653547949720409e-01 8.782971286545089296e-01 8.776398155701385928e-01
3.533857643751931593e-02 5.742727204673546415e-02 2.080977739456570386e-01 2.622795182637762679e-01 3.702080390190175541e-01 4.351290539210108665e-01 6.357241823456788454e-01 6.524117762157785050e-01 7.638513469662966404e-01 1.000000000000000000e+00 7.688383130417242306e-01 7.470439458560973467e-01 6.647959537290986098e-01 6.956568982269416557e-01 7.781392059033681585e-01 7.803105567404643450e-01 7.552160275537033174e-01 6.392370137053242640e-01 7.130345238828056376e-01 5.865070192325319010e-01 6.490266290140253025e-01 7.063671603342498440e-01 6.668743636377285622e-01 6.625506126132644225e-01 6.993054098276659802e-01 7.769748473650321952e-01 7.700303699694032167e-01 7.511653030905297568e-01 7.298198175383137087e-01 7.088745194118136750e-01 7.408060764322028646e-01 7.444532385035591560e-01 7.339223585801579741e-01 7.385306285022897876e-01 7.543732595955537912e-01 7.383700207546236571e-01 7.428897213674955369e-01 7.720739500220182849e-01 7.718952441422755051e-01 7.423337113597106018e-01 7.981489049400274371e-01 7.867615834034055178e-01 7.569237287084373822e-01 7.846126545415612608e-01 7.807318982765282245e-01 7.815525036722412722e-01 7.931926278855961909e-01 8.035509879442955805e-01 7.995663521899959436e-01 7.700800380464285499e-01 7.885899716041588903e-01 7.380036134622021127e-01 7.694222166882993541e-01 7.885072421077564675e-01 7.848368571053541132e-01 7.875478110088348638e-01 7.798326200410350406e-01 7.880924798565265288e-01 7.890033964185183546e-01 7.884985273743276846e-01 7.914510571638426750e-01 7.747901699287353949e-01 7.897737361527956690e-01 7.927466141226113816e-01 7.836551389004221546e-01 7.792536237348521855e-01 7.974113741235775432e-01 7.877399977261044794e-01 7.771322761605751195e-01 7.759508747148046170e-01 7.830304229047707620e-01 7.886858598158785760e-01 7.633789888102001653e-01 7.774412604030166429e-01 7.977119918001180920e-01 8.057981369144873174e-01 7.917099864464073322e-01 7.929830936299694377e-01 7.446736181294584256e-01 7.320478265193757217e-01 7.599040006130989289e-01 7.848261639663132172e-01 7.922395179366258366e-01 7.688495784872846350e-01 7.645564006496713416e-01 7.784387993189977317e-01 7.809266397899836676e-01 7.817989845598041221e-01 7.662747867871101404e-01 7.941977960961976724e-01 7.932072599046542383e-01 7.872313712557695853e-01 7.889198104317853844e-01 7.871935489215238224e-01 7.909182661512196288e-01 7.929836423669756051e-01 7.476410911895886580e-01 7.680077791450288238e-01 7.901066444767118613e-01 7.900747156473989508e-01 7.843165140968604288e-01 7.738107874791922969e-01 7.879405110914183830e-01 7.914281326705088215e-01 7.897465459840682378e-01 7.704834097315258479e-01 7.881843022742167637e-01 7.868151386793676982e-01 7.906645901062175907e-01 7.935081111401133258e-01 7.937822037386466079e-01 7.914459179417797641e-01 7.877053294501599190e-01 7.901190327045761741e-01 7.959876249094535172e-01 7.933468955527647193e-01
-7.824431723428254548e-03 7.011267082453534472e-02 2.930367177206161244e-01 3.792998853909720358e-01 4.331140880960786532e-01 5.231295876492718655e-01 7.372934670975808125e-01 7.570888177146618547e-01 8.235314864196099371e-01 7.688383130417242306e-01 1.000000000000000000e+00 8.710179155079572633e-01 7.762410951821309135e-01 7.940842225326334436e-01 8.835614290350831679e-01 8.835508875534131557e-01 8.327030554544455621e-01 7.433211576196135928e-01 8.032461644826267566e-01 7.069559581537109283e-01 7.735435345340071489e-01 8.146539108155361752e-01 7.643954391470750842e-01 7.651184481008314053e-01 8.031248664441098528e-01 8.695674038191629762e-01 8.722675218896766003e-01 8.528018182516762247e-01 8.296563980265470040e-01 8.155404145591629295e-01 8.612856170055542826e-01 8.429424560039217029e-01 8.282107626580699211e-01 8.395938731228672625e-01 8.507777503304168043e-01 8.538332983046684754e-01 8.567634241144097551e-01 8.707159130357706722e-01 8.801560320912271695e-01 8.493365273490904865e-01 8.940251970576745810e-01 8.880240966094535837e-01 8.766322749422092997e-01 8.995488719742036343e-01 8.875608128281345932e-01 8.879469435229336849e-01 9.011502472398438268e-01 9.012153925169084090e-01 8.995890605823685382e-01 8.763482041723614779e-01 8.908240633458863744e-01 8.676886551113108803e-01 8.883395981659296670e-01 8.911080077253107357e-01 8.922455416991347255e-01 8.946038676102723297e-01 8.923385553325093866e-01 8.954838908809351627e-01 8.972584972351025367e-01 8.989072938253344081e-01 9.051476173687199589e-01 8.905779422012836122e-01 9.008369585614991459e-01 8.998915653543735349e-01 8.951709976540053182e-01 8.948824609408361219e-01 9.035974316160436670e-01 8.964700815338949580e-01 8.849892901467830697e-01 8.931267427488234212e-01 8.988207050809731147e-01 8.979425632914324051e-01 8.774250166263715123e-01 8.893919465734017038e-01 9.047963460410787251e-01 9.114887048159576732e-01 8.987668313327867864e-01 9.001326135800187256e-01 8.650890295768103311e-01 8.534342864087339775e-01 8.767598219631393963e-01 8.987343646834985433e-01 9.001317475384758016e-01 8.824189158677280265e-01 8.772918497158597173e-01 8.885891544857524860e-01 8.943127238067747342e-01 8.926214256491095123e-01 8.835525554498814271e-01 9.033501895947059213e-01 9.007042393172685069e-01 8.976726624693318612e-01 9.005822662651491450e-01 8.994397489152151648e-01 8.996987663399096391e-01 9.002905904798794712e-01 8.706355923251630768e-01 8.858615345357627735e-01 9.022672483392718545e-01 8.984991530721617714e-01 9.010617691928520800e-01 8.905673646173846159e-01 9.020194860071159004e-01 9.031732239612225710e-01 9.031180888501706416e-01 8.914964091516870415e-01 8.977626399555360681e-01 8.965758031055318655e-01 9.014990872474699657e-01 9.030508644544864572e-01 9.041583178015158984e-01 9.002122210993831475e-01 9.015830994181907032e-01 9.009802866301463986e-01 9.039292429229213166e-01 9.039577111923634556e-01
2.991989897419256722e-02 1.643552019283341659e-01 3.806661799461882323e-01 5.408492296715375902e-01 5.023774515815585540e-01 5.917476959607240738e-01 8.016422717413774768e-01 8.021922017424111262e-01 8.342692511537027622e-01 7.470439458560973467e-01 8.710179155079572633e-01 1.000000000000000000e+00 8.377859302484775839e-01 8.200941256459474138e-01 9.227023611329496777e-01 9.058537987309377426e-01 8.512876980347006128e-01 7.656624322034473185e-01 8.082279306926779539e-01 7.781698065742301829e-01 8.203646408124040112e-01 8.473466484296202639e-01 7.804857462710428351e-01 8.017140246404339532e-01 8.341489039483818146e-01 8.906117568380971239e-01 8.934579428079568730e-01 8.961344451891770646e-01 8.759612293187547527e-01 8.657391540649755912e-01 9.239458550913691726e-01 8.785717902419991621e-01 8.702302567904184327e-01 8.853825535977358774e-01 8.842728990799436639e-01 8.968481882671797134e-01 9.165128882537416644e-01 9.119529330611548801e-01 9.256911518711056219e-01 8.901924164919802207e-01 9.239733523315754038e-01 9.252833692843511759e-01 9.198002074243454285e-01 9.375753672603553968e-01 9.272884596279991065e-01 9.287506672183126755e-01 9.362033966890583869e-01 9.341351390979767411e-01 9.308259177904161241e-01 9.133272462636738975e-01 9.250491031951403320e-01 9.221167321224053026e-01 9.342671083876596949e-01 9.317734009776845738e-01 9.325131418174641418e-01 9.254707867375469021e-01 9.284270570374104636e-01 9.351330027634285891e-01 9.373232219957605693e-01 9.395709957908073839e-01 9.429413905173907873e-01 9.406722755504497435e-01 9.386113949807266543e-01 9.331853232666819098e-01 9.334334030698118179e-01 9.376481345573394188e-01 9.371053655583875264e-01 9.325747412213439835e-01 9.307555044241843101e-01 9.413531705644093694e-01 9.396975316048506999e-01 9.348167913918157268e-01 9.252980824243842717e-01 9.312608881321210452e-01 9.409623319030533395e-01 9.363417326496707993e-01 9.367496529479630851e-01 9.370018722313362414e-01 9.271124796856147210e-01 9.228521777175919816e-01 9.357161134047965456e-01 9.424833968243047089e-01 9.385009818884824107e-01 9.367329163929042357e-01 9.324254579509505536e-01 9.353952516741949053e-01 9.405693611620826733e-01 9.386129649894001670e-01 9.386374088842663888e-01 9.389096781677843673e-01 9.378688222890411152e-01 9.407215236285556559e-01 9.396334176218822387e-01 9.407022677393588328e-01 9.384330446713263774e-01 9.403563476733727278e-01 9.328945897893632377e-01 9.403604165864981601e-01 9.430095150893539335e-01 9.401892739537139887e-01 9.425139704758400683e-01 9.405257235626079959e-01 9.442818016773470990e-01 9.418421988095546649e-01 9.422078323148379564e-01 9.401946762352171305e-01 9.428877608978240010e-01 9.382401117273083679e-01 9.413218587145816274e-01 9.421958978915445648e-01 9.420128127037753485e-01 9.420963347923974052e-01 9.441676595121170079e-01 9.411506482585235700e-01 9.381954283806372974e-01 9.421063732126101486e-01
2.646709846313839015e-02 1.934891549668688593e-01 3.809030854593899451e-01 5.230283633371711760e-01 4.868497992233772331e-01 5.522954891282370049e-01 7.401926905026515735e-01 7.305867188525497768e-01 7.672565650661322678e-01 6.647959537290986098e-01 7.762410951821309135e-01 8.377859302484775839e-01 1.000000000000000000e+00 7.496030689351317333e-01 8.462566361949434013e-01 8.341178622739499060e-01 7.681426973929265101e-01 7.340194673107731660e-01 7.595073672592481673e-01 7.003876138927460637e-01 7.440192755371649591e-01 7.817833098952429172e-01 7.479977081491242519e-01 7.673229147057529786e-01 7.897473425678347425e-01 8.249585676741342244e-01 8.222723494753247930e-01 8.345608055564153194e-01 8.148948581608023156e-01 8.161459709151441810e-01 8.623600051597997140e-01 8.213475207696376845e-01 8.000100692329131791e-01 8.277353766772314048e-01 8.217598802068700747e-01 8.226355107466024608e-01 8.506993306127113019e-01 8.430959910332082030e-01 8.547535645682730054e-01 8.200132777439562703e-01 8.548730823469674611e-01 8.601826644430472513e-01 8.393815317013333388e-01 8.640586022308988090e-01 8.574195757405652651e-01 8.643829504818965059e-01 8.618655275672140181e-01 8.623217868262286201e-01 8.515715627890544370e-01 8.405475844825217591e-01 8.464001653438687489e-01 8.463753785175356370e-01 8.582194806516358909e-01 8.621030029322052091e-01 8.599418531483841166e-01 8.555845645154075418e-01 8.496947137358017432e-01 8.632281064876353716e-01 8.617838394101763333e-01 8.662238479442139205e-01 8.636367938035967029e-01 8.665905767991833875e-01 8.562141939874541308e-01 8.534850370924942364e-01 8.610273557539099842e-01 8.627886501833355037e-01 8.660492072304967204e-01 8.693507429107218965e-01 8.686232192192311352e-01 8.677391601994438597e-01 8.671625853921465232e-01 8.680706480529425395e-01 8.648493793538376551e-01 8.679620964633394387e-01 8.650791478045324334e-01 8.611926074248652530e-01 8.690431490623706789e-01 8.641219989013130265e-01 8.733575479077453352e-01 8.678969718740591199e-01 8.721083168685053177e-01 8.730652066426811686e-01 8.685511077331707908e-01 8.718105115261051141e-01 8.694295900133086619e-01 8.688384024513866599e-01 8.692994645134085596e-01 8.707852548864899456e-01 8.733742916488429486e-01 8.666654943779178444e-01 8.656330900707256415e-01 8.734721003066386880e-01 8.701478058556068040e-01 8.715324401996770165e-01 8.691428468088490122e-01 8.684225676572286945e-01 8.718737508204629227e-01 8.704862702772209193e-01 8.670273690247225495e-01 8.689812534429504076e-01 8.708068441665148818e-01 8.722773436313717710e-01 8.696991107895758466e-01 8.696599476631998726e-01 8.691571445998532708e-01 8.699606356990050582e-01 8.696864963037015395e-01 8.686314510401371702e-01 8.703593710809086614e-01 8.678335285027748425e-01 8.679442524208159648e-01 8.695818551061968993e-01 8.701054016090957743e-01 8.687944512269387687e-01 8.631779208743201037e-01 8.673830703368649031e-01
