1.000000000000000000e+00 4.608424895863384024e-02 -5.909440850812552534e-03 6.658701936288845269e-02 8.261636393215068819e-02 6.636321021707857447e-03 4.839024339642506584e-02 2.926081793109486587e-02 1.149999257247295015e-01 4.253393128329061024e-02 2.422900047802840559e-02 2.718122170878957411e-02 5.478142468801787401e-02 -2.436107809189503107e-02 9.439368134375259248e-03 2.035043524691081823e-02 6.153813668129460429e-02 2.601901218875208102e-03 1.224317148886324650e-03 3.780458508489469016e-02 4.462779092058564295e-02 3.347658426530778636e-02 1.763230058602455533e-02 -3.025751182117424054e-02 5.452306608117358198e-03 2.673445081321955408e-02 1.775742791311053781e-02 1.766693474337473896e-02 2.117003390573864163e-02 2.195569488856304041e-02 1.043268054237832081e-02 9.470124085340468482e-05 -9.088367377937184993e-03 1.561873454335926774e-02 8.515443185654216970e-03 5.623812765381405732e-02 2.689219504389616169e-02 -8.039954879886785158e-03 1.527047715147835001e-02 -2.648365827635612915e-02 -3.141973944935153289e-03 -8.757569126513089705e-03 3.400924084690159447e-03 8.093610448679880789e-03 1.312449481177952425e-02 -3.769286526534561341e-03 1.144037764585116579e-02 3.078237391864817232e-03 2.024584151530714124e-02 2.964597779222263169e-02 1.032571572608907522e-02 7.431030438467918497e-02 3.599289304446383342e-02 1.887157480129252746e-02 7.907154148618656883e-03 -5.831097571130386403e-03 5.648851643599618610e-02 -6.397132232407617925e-04 1.014483614014614595e-03 3.429672300983428040e-02 2.407140769498892705e-02 2.265322609080790833e-02 2.326753869605293484e-02 3.930109206923100562e-02 6.705464647455947058e-02 5.325681168933001086e-02 1.444584121003809202e-02 2.168327539901418986e-03 4.112668236215140209e-03 8.466549634815833877e-03 1.015598616443811643e-02 6.615439872820014049e-03 -9.218042746260856138e-03 -1.540995294067689552e-03 9.218666292454952976e-03 4.482717346161417885e-03 2.384620131901346671e-03 1.411023961098004098e-02 6.400122248929728669e-03 9.127483702976659993e-03 1.448294434727084683e-02 2.691021526159685737e-03 2.458871292709960063e-02 7.324346325378662190e-03 7.491645960181546153e-03 5.372205525997575913e-03 3.625558072307340316e-03 4.972110176652459008e-04 1.837496942029088944e-03 8.099081085774404234e-03 -1.298677981502955638e-02 -6.052367822973387691e-03 1.928354263261446242e-03 -1.698106836694994600e-04 2.894748683591841926e-03 8.295014370391357418e-04 1.854200819480190596e-02 6.221968201490714334e-02 1.477524522350695015e-02 6.450479688311999693e-03 3.956540584764742415e-03 1.566028663790726763e-02 1.964182536032811621e-02 1.048387341613799852e-02 3.089032282855654760e-02 4.245428435385183857e-02 2.262214533687382026e-02 5.634438253178445516e-03 -2.185108450376338550e-04 1.212633508926525688e-02 -5.030708442655495646e-03 1.777469680016922904e-02 1.120948992534106202e-02 2.145318315814203486e-02 3.941666720154717030e-02 3.658180469603855567e-02
4.608424895863384024e-02 1.000000000000000000e+00 4.987314504782518199e-02 1.280085060520677609e-01 6.635200996427052800e-02 8.515278235095269377e-02 1.289228239759976635e-01 1.200433741110100150e-01 1.465572288778148602e-01 1.878076429938849157e-01 1.332955767821152882e-01 1.482229941429306919e-01 9.753408584239936507e-02 1.179851238800013191e-01 1.568946919385040828e-01 1.367279599852199989e-01 1.763590114677088816e-01 1.575383322582230572e-01 1.510902740917965392e-01 1.296062425715296118e-01 1.590133846734003154e-01 1.489506777631657841e-01 1.707974180777923623e-01 1.641987905919087831e-01 1.653018392974771600e-01 1.639982202514282117e-01 1.501669605457228995e-01 1.658387803395339199e-01 1.511940931663009469e-01 1.570419361098673028e-01 1.565516612148685760e-01 1.612680254902736088e-01 1.610877602108020112e-01 1.597969778006723407e-01 1.449226894456751291e-01 1.590536158226476815e-01 1.591103200661873884e-01 1.517881430246113550e-01 1.578630824957073242e-01 1.597383179190630942e-01 1.548503713494053524e-01 1.535845390392631127e-01 1.521844078077828621e-01 1.558448677122954429e-01 1.634764101108629464e-01 1.530265891586470028e-01 1.526298670599802731e-01 1.474626611922855435e-01 1.568830224842486243e-01 1.542187595504602715e-01 1.541560135953379540e-01 1.431332268091335402e-01 1.460522199826191359e-01 1.540871456731877365e-01 1.425225111822166213e-01 1.542707922603128723e-01 1.424702087144004148e-01 1.395745735695264611e-01 1.370003293179087867e-01 1.549191489554358203e-01 1.508373711778489279e-01 1.454319794949434919e-01 1.432867773831073277e-01 1.456842984020211562e-01 1.566229549942949884e-01 1.508161676915650007e-01 1.557999212067888439e-01 1.508801277233036420e-01 1.560951548812599954e-01 1.521872405146770801e-01 1.541293335419082478e-01 1.538599776108086625e-01 1.522479314486700208e-01 1.619101641160406724e-01 1.564076949773818836e-01 1.584811869798212758e-01 1.552454732004034943e-01 1.550955115068845536e-01 1.581267379912508486e-01 1.512789920572766844e-01 1.542123829873827123e-01 1.545234420446338908e-01 1.624754356191244475e-01 1.507674332071658463e-01 1.555520640209272776e-01 1.565554760360745312e-01 1.585565328669286123e-01 1.580992224418747150e-01 1.544360936327431322e-01 1.592153480957864409e-01 1.609874833022199303e-01 1.572777791705195771e-01 1.539998761585373577e-01 1.537709546614478839e-01 1.514555555419842825e-01 1.537744495595537442e-01 1.505086133831982365e-01 1.480122857707323880e-01 1.494343887852309649e-01 1.600524930280468883e-01 1.534542468204562193e-01 1.461250773808059900e-01 1.513811865412177382e-01 1.497192371532325983e-01 1.539867384785784110e-01 1.519396082990916441e-01 1.549801847079422534e-01 1.566903462140641634e-01 1.522338111964057494e-01 1.503941565559311355e-01 1.515275869420280030e-01 1.520521801469744416e-01 1.485193796650327580e-01 1.523051777353763847e-01 1.534223155916079606e-01 1.525174263752620274e-01
-5.909440850812552534e-03 4.987314504782518199e-02 1.000000000000000000e+00 2.872115732202373262e-01 1.864116263327897371e-01 2.087719435292663406e-01 3.059638942185035626e-01 2.948937759755116961e-01 3.172823376583643329e-01 3.033813985013539272e-01 3.366061396403240980e-01 3.566056014476718938e-01 3.152759996888494509e-01 2.474173192577640290e-01 3.541717264856985015e-01 3.429314118442764459e-01 3.295643203186768289e-01 3.264092547561495694e-01 3.470159615280945520e-01 2.357720903560667214e-01 3.149647054858478734e-01 3.465764304355654635e-01 3.242696861191732838e-01 3.199200467788366753e-01 3.426560186742018121e-01 3.518751105867760076e-01 3.550910447428330396e-01 3.667812813192724564e-01 3.555934685004161211e-01 3.643012063307926041e-01 3.594897966402916811e-01 3.585778035469913694e-01 3.517990188304819243e-01 3.430851324890307197e-01 3.457635104838008844e-01 3.516438767726915438e-01 3.492025554846028834e-01 3.620690776364399732e-01 3.586145786229874566e-01 3.752979579034010360e-01 3.609146912385108874e-01 3.744184672958152382e-01 3.688718329667743934e-01 3.672718821340180129e-01 3.656589592165609970e-01 3.602150590585368461e-01 3.623090709953303290e-01 3.631852602598505952e-01 3.650053768335687066e-01 3.581858814752952869e-01 3.655498605936621237e-01 3.444570046195696844e-01 3.514015707695012924e-01 3.584955808606302696e-01 3.611648410670731946e-01 3.677233355541121296e-01 3.528408973311837338e-01 3.555916881070460001e-01 3.564282106691916141e-01 3.617079009555450586e-01 3.620567822480268427e-01 3.523501771600025534e-01 3.580568380282742602e-01 3.578394221013000975e-01 3.597432325738384451e-01 3.502949465580950106e-01 3.639625386715977240e-01 3.678708619662414137e-01 3.585101828291855086e-01 3.488955472763554111e-01 3.697346193020177862e-01 3.666996555499295596e-01 3.535564638723772690e-01 3.658886979811058482e-01 3.659875730543597494e-01 3.667908576097431705e-01 3.673254867497952603e-01 3.617601904823601333e-01 3.713584608526372399e-01 3.634480187815054553e-01 3.707974678703015448e-01 3.682129016798049714e-01 3.663067641237732763e-01 3.632403379471077498e-01 3.632636436901486854e-01 3.600752039112133374e-01 3.633919907958659268e-01 3.650877490262562919e-01 3.664959477912347885e-01 3.662471353565815435e-01 3.708326759278766649e-01 3.683979578755181006e-01 3.701578121792583609e-01 3.675676697746436128e-01 3.630422143555475101e-01 3.650332458863356222e-01 3.664494642978965988e-01 3.515471348176888999e-01 3.617362845900038426e-01 3.649318416109980090e-01 3.657740878799581874e-01 3.618467912821546895e-01 3.634892687430781866e-01 3.636798330408132496e-01 3.610447062117151940e-01 3.500688528853941883e-01 3.596686350547108613e-01 3.638288527627868141e-01 3.646035461616463080e-01 3.617388129524638507e-01 3.599046962214219603e-01 3.613600985342665939e-01 3.577117645562281067e-01 3.641329936609635221e-01 3.662761834710521192e-01 3.590033938908497868e-01
6.658701936288845269e-02 1.280085060520677609e-01 2.872115732202373262e-01 1.000000000000000000e+00 3.247733860836233832e-01 3.568233628149162229e-01 5.576252306399352987e-01 5.247651087396320024e-01 5.629031056448570158e-01 5.048284438865560109e-01 5.541448494995153684e-01 6.195154659662460706e-01 5.444971926894152103e-01 4.258398333692249293e-01 6.188489410083694020e-01 6.030199934664791650e-01 5.738505560123262628e-01 5.874254219053709480e-01 5.962900096519425652e-01 5.454380064283992358e-01 5.873088678751154923e-01 5.994644922153999911e-01 5.870421494392180639e-01 5.658083191613316743e-01 6.048889989207963946e-01 6.134688840810190724e-01 6.086768147863008682e-01 6.146959769388270489e-01 6.197124484855665028e-01 6.236879305859351907e-01 6.242836330160009828e-01 6.119413741602517387e-01 5.864321638581377893e-01 6.117377281697199409e-01 5.946939541502338500e-01 6.137340486038862508e-01 6.161840779403974233e-01 6.173211206042085175e-01 6.222465538549722952e-01 6.105369104561457760e-01 6.172918784096184108e-01 6.193082153765983033e-01 6.172080427423320970e-01 6.259037288909935492e-01 6.294948830628021019e-01 6.182919049661778077e-01 6.192524127790889343e-01 6.224120484669958264e-01 6.180250274317139469e-01 6.138738130270138260e-01 6.215205663692202620e-01 6.249981124058404669e-01 6.217812809430491860e-01 6.214930139069488879e-01 6.130759506479216414e-01 6.232913546512233172e-01 6.150199038523270767e-01 6.133114897969043078e-01 6.099830717516346867e-01 6.229854062988662289e-01 6.235538840864591759e-01 6.148470827233359914e-01 6.161098456989657635e-01 6.216130190223406737e-01 6.258072763757952517e-01 6.247499407714874886e-01 6.237764631439401963e-01 6.228082546397816222e-01 6.181274102897794664e-01 6.201807308940805452e-01 6.321588282461955144e-01 6.278464837613602079e-01 6.073221239584173370e-01 6.274569618114957947e-01 6.263730063880277310e-01 6.240335770860577780e-01 6.251282976925077728e-01 6.266894324827297913e-01 6.285613587745385589e-01 6.262225358758437554e-01 6.212814218825767343e-01 6.259245857563832116e-01 6.331823267000339373e-01 6.203906042951081723e-01 6.266856977177683863e-01 6.258560289982250113e-01 6.244888883720766115e-01 6.250707268835153929e-01 6.258490592115639739e-01 6.265891291456446854e-01 6.219275006958984164e-01 6.243528098459056874e-01 6.232195665702606746e-01 6.235149773423458441e-01 6.211951155020695170e-01 6.187442701581694626e-01 6.291059414743109812e-01 6.262646165381087204e-01 6.239657950349430937e-01 6.274855296797664517e-01 6.264352145481000278e-01 6.240716113724884551e-01 6.250323129941838252e-01 6.252642058916764167e-01 6.325708918032469930e-01 6.225693683948901880e-01 6.268472299209711940e-01 6.230705904870791345e-01 6.219956126123357132e-01 6.194466171340393679e-01 6.169334138423309133e-01 6.220908485192520043e-01 6.204902992538324780e-01 6.282367800026584792e-01 6.314076186537637136e-01 6.287632957018665092e-01
8.261636393215068819e-02 6.635200996427052800e-02 1.864116263327897371e-01 3.247733860836233832e-01 1.000000000000000000e+00 2.827743893370271988e-01 4.176517089942237693e-01 4.111088597895272145e-01 4.052804629382904533e-01 3.694968214761621406e-01 4.111828507840974978e-01 4.428500486963294347e-01 4.401053376843489517e-01 3.415635987446153377e-01 4.566912124083434832e-01 4.492077838944867341e-01 4.286158685944110314e-01 4.023083431407274979e-01 3.992851809009278496e-01 3.443438290181417560e-01 3.832534606275384004e-01 3.928672819276251560e-01 4.256442987807470546e-01 3.866995753066258534e-01 3.986035556993681728e-01 4.601881790771684133e-01 4.396595471523283560e-01 4.462555437247927581e-01 4.411225226182057813e-01 4.553080074819752521e-01 4.619456642287285142e-01 4.453227873748984988e-01 4.461233998704836612e-01 4.441834751333577080e-01 4.568182633341898446e-01 4.460574975858432323e-01 4.523977118143890919e-01 4.451915673929607298e-01 4.628710956784276020e-01 4.328843815941113560e-01 4.533231220417411889e-01 4.528387310657670528e-01 4.602786399127619665e-01 4.561461902755586384e-01 4.614583213347140944e-01 4.550578762645064446e-01 4.626271277016650307e-01 4.639595876291784382e-01 4.566070251644119282e-01 4.387283474822964435e-01 4.557545204084075263e-01 4.480683405940550923e-01 4.669119507166061278e-01 4.654103329694480595e-01 4.508689101333886451e-01 4.494578716965155207e-01 4.513815846566943124e-01 4.636778952785537422e-01 4.536120459465229904e-01 4.724930363722447124e-01 4.658918888705906314e-01 4.629722208085657598e-01 4.630657521422393841e-01 4.664189434511470944e-01 4.635639519416678844e-01 4.628075096416623957e-01 4.628523487456463470e-01 4.609832278339575096e-01 4.626646409343553312e-01 4.528916076620929099e-01 4.430937349558171645e-01 4.557868760062039337e-01 4.466339116769912354e-01 4.423139609554500029e-01 4.663802902721863597e-01 4.637336126708038742e-01 4.619149789563719022e-01 4.631834266302219949e-01 4.571871610364748317e-01 4.662290915653785617e-01 4.639826318394011939e-01 4.640363410542784339e-01 4.623474391972638431e-01 4.705291239130939274e-01 4.630338847713920125e-01 4.598762622483918983e-01 4.607547292863988786e-01 4.617043161623153313e-01 4.618637754339484092e-01 4.639012822236425193e-01 4.577668012603887671e-01 4.626980802449844332e-01 4.602477252910376904e-01 4.624752686804523560e-01 4.626032447821047944e-01 4.654329646812993548e-01 4.679955867502393341e-01 4.606517361914923003e-01 4.737068674023353076e-01 4.647514928588095118e-01 4.707460613963673768e-01 4.702023683982453628e-01 4.668683043108424746e-01 4.706719012392534540e-01 4.685556458164599203e-01 4.682882318223834939e-01 4.664703560057071319e-01 4.633866051080844928e-01 4.648550225948029357e-01 4.681731887519621771e-01 4.620272002910393860e-01 4.722441273738269274e-01 4.707880103563552576e-01 4.698323850058739315e-01 4.658574155078100687e-01 4.714790292965395091e-01
6.636321021707857447e-03 8.515278235095269377e-02 2.087719435292663406e-01 3.568233628149162229e-01 2.827743893370271988e-01 1.000000000000000000e+00 5.186388764958104192e-01 4.686913485646435618e-01 5.233789268747548462e-01 4.613322469725858466e-01 5.302003798890468911e-01 5.585310331778645665e-01 4.844851081591331488e-01 3.837313573992913729e-01 5.653990130443656836e-01 5.484111806462126371e-01 5.245467382630620845e-01 5.188790890700636371e-01 5.336077259339571111e-01 4.502495734692726903e-01 4.868766979422557983e-01 5.163977080096134875e-01 5.344043403997360553e-01 5.219257221156514692e-01 5.340198172838770407e-01 5.634893292857512392e-01 5.618326661230997887e-01 5.601551330827505559e-01 5.613183042382740018e-01 5.669915482403519169e-01 5.730854847390303153e-01 5.681847489524594064e-01 5.521940916164861379e-01 5.648702354336737619e-01 5.566444444908356104e-01 5.515631461486258935e-01 5.710424680926466934e-01 5.687651912028850454e-01 5.761235990594775203e-01 5.612070616870148410e-01 5.675920655290115358e-01 5.783782960432881648e-01 5.789539861811472399e-01 5.774033588851483767e-01 5.778250470430233987e-01 5.749587526020759620e-01 5.807570096193644948e-01 5.825190116833073306e-01 5.698412772625179867e-01 5.604364871083729049e-01 5.781747177480155431e-01 5.545035348505026329e-01 5.719084634911446585e-01 5.790005302309689794e-01 5.770519134642991821e-01 5.767008215848796748e-01 5.683488828277334370e-01 5.766053076748972606e-01 5.783889518550546782e-01 5.790455290016427448e-01 5.778355475583742962e-01 5.781710304735678818e-01 5.747999486055253016e-01 5.745121423199776034e-01 5.712187196475576600e-01 5.734737253390683742e-01 5.819392750757708122e-01 5.825391821519433355e-01 5.830201665887769780e-01 5.732851689745677159e-01 5.718716629468766355e-01 5.803084020831312806e-01 5.755343002048602941e-01 5.725042512042348708e-01 5.833344829100045592e-01 5.812980965924989807e-01 5.801155514172393612e-01 5.787728917176917509e-01 5.746637887645477116e-01 5.802822391951114600e-01 5.768405122786122163e-01 5.802629055978462125e-01 5.801581021733460686e-01 5.778975858743535809e-01 5.741522711209353647e-01 5.800166045693376793e-01 5.781039457327996622e-01 5.817040345647527255e-01 5.779454092326334891e-01 5.821444454689627124e-01 5.792422788839435288e-01 5.802607770571350798e-01 5.804228351617628512e-01 5.821439120492365449e-01 5.798347992965203757e-01 5.809847957642362282e-01 5.753571159192087947e-01 5.637574634596238532e-01 5.789717171638458781e-01 5.794803403389473528e-01 5.823129602135849181e-01 5.793662442133580281e-01 5.782726233807338190e-01 5.811666277583940055e-01 5.792430999285739235e-01 5.768680866562453380e-01 5.791651229111806076e-01 5.809374947876319029e-01 5.833128765011086347e-01 5.797458612880865836e-01 5.810968974083935423e-01 5.799794052960697277e-01 5.808113924750727408e-01 5.784051046387306272e-01 5.764142330723994734e-01 5.777767033384386686e-01
4.839024339642506584e-02 1.289228239759976635e-01 3.059638942185035626e-01 5.576252306399352987e-01 4.176517089942237693e-01 5.186388764958104192e-01 1.000000000000000000e+00 6.704411079743772817e-01 7.292236099201249155e-01 6.651506451847503110e-01 7.587201915199051072e-01 7.956051982597844852e-01 6.945620893977423327e-01 5.714226208340502655e-01 8.081142962102799698e-01 7.809588167050399710e-01 7.505955788352242086e-01 7.764793034180057507e-01 7.772493969530637203e-01 6.749922906237157960e-01 7.308843022522182320e-01 7.679560391245859874e-01 7.847195529741597397e-01 7.566275792573361469e-01 7.837385245660180022e-01 8.204483271392747357e-01 8.081273503933655844e-01 8.159147538854942816e-01 8.121638422571851867e-01 8.230474665771311260e-01 8.286345344647240152e-01 8.236723067316410463e-01 7.993377638051566425e-01 8.076475149712969426e-01 7.978116342912328074e-01 7.946481573236231499e-01 8.133450898265376372e-01 8.160408608982798739e-01 8.256569513559042228e-01 8.142693164273101525e-01 8.255726337822233418e-01 8.214361222121869810e-01 8.281151402784083793e-01 8.270743460155886018e-01 8.227612655944758213e-01 8.206916253227248825e-01 8.223919550358926855e-01 8.236667665177328512e-01 8.269349030484333118e-01 8.034303276246909098e-01 8.219693427721533885e-01 7.971172361252336636e-01 8.168864839225590257e-01 8.244379249262522302e-01 8.190226793478814216e-01 8.223336643963315984e-01 8.150600618055273694e-01 8.125860079594255936e-01 8.179608830591561519e-01 8.221315640592600227e-01 8.283911863261834707e-01 8.210574950859583776e-01 8.177318720105772876e-01 8.227115464511328691e-01 8.087288546425785984e-01 8.176199526096012971e-01 8.237582901951193692e-01 8.263996430381271852e-01 8.276539322491465178e-01 8.239168317329910174e-01 8.193061229705461690e-01 8.262749878199023845e-01 8.160959785747716744e-01 8.238074587267226745e-01 8.316261223754422005e-01 8.287442580859609720e-01 8.277795009886856903e-01 8.286513177794160301e-01 8.317892051804719467e-01 8.250254958793722393e-01 8.184949404494192837e-01 8.262212412345890655e-01 8.292277512032910636e-01 8.255571890055963813e-01 8.223639574695185139e-01 8.263626908477670341e-01 8.245100353184854347e-01 8.294750956542851217e-01 8.259913371233331691e-01 8.278394341124191147e-01 8.289112813504906363e-01 8.282141763226994469e-01 8.290923958912210789e-01 8.275172969107299492e-01 8.218891152238437803e-01 8.233531557251186905e-01 8.286117117665019460e-01 8.082716157173305271e-01 8.257606229462799430e-01 8.269116073375106790e-01 8.316078569652410879e-01 8.224927024188649627e-01 8.218503190112428358e-01 8.262963425800261552e-01 8.274532729024792754e-01 8.197311853285883521e-01 8.255979862761252397e-01 8.261933243651820025e-01 8.300545484303247790e-01 8.217032293578500068e-01 8.232898662640366627e-01 8.224768982547635554e-01 8.236171610580997893e-01 8.255649612881490462e-01 8.210278939975708123e-01 8.211632529635254363e-01
2.926081793109486587e-02 1.200433741110100150e-01 2.948937759755116961e-01 5.247651087396320024e-01 4.111088597895272145e-01 4.686913485646435618e-01 6.704411079743772817e-01 1.000000000000000000e+00 6.829820601933327406e-01 6.110494288979042565e-01 6.979922369098523482e-01 7.459989358534255821e-01 6.847396974581302365e-01 5.378165689552074635e-01 7.565545530831572218e-01 7.591089146782403763e-01 7.076560157528563044e-01 6.937098451634730045e-01 7.057437055355815225e-01 6.083252531933520668e-01 6.682115315999884730e-01 6.988681712190994988e-01 7.016954737251618335e-01 6.617420743924460336e-01 6.907323991427313237e-01 7.438548470064584306e-01 7.441923343947084435e-01 7.355745258334441816e-01 7.386254516561343575e-01 7.518030831360362765e-01 7.578507475628968315e-01 7.572387450509212581e-01 7.403945958871032129e-01 7.528418324888773716e-01 7.339960730665625599e-01 7.430789838550925230e-01 7.558969418259822159e-01 7.641761632763245382e-01 7.692848493910462437e-01 7.370483636002832517e-01 7.591128890619996961e-01 7.685001840182840160e-01 7.622379665192725584e-01 7.732922613605731632e-01 7.680440787173746786e-01 7.609012478532152235e-01 7.709725530424205164e-01 7.736987334705951458e-01 7.731857492039589941e-01 7.593336916972215356e-01 7.737428488775935920e-01 7.490816840889884531e-01 7.665846496947996691e-01 7.755267017057677625e-01 7.692165999215245797e-01 7.658613442302873997e-01 7.667376652439970020e-01 7.752141596912758281e-01 7.719336358546031729e-01 7.739253258487464038e-01 7.803649487841656240e-01 7.734712582985229234e-01 7.758498848729259434e-01 7.713616196154019500e-01 7.678743876769763554e-01 7.732515611028915048e-01 7.743521901865747514e-01 7.687228678532121995e-01 7.691103764795115261e-01 7.614941226342558656e-01 7.621743257132824745e-01 7.674138980337957827e-01 7.511468923266286790e-01 7.534887243841097426e-01 7.717825573395329375e-01 7.695926008835906051e-01 7.659453488540566291e-01 7.700649189387686055e-01 7.649069306675171376e-01 7.690178213065410606e-01 7.663233171342650474e-01 7.714912793606885089e-01 7.728397430830828974e-01 7.710958085405142937e-01 7.691421719728508410e-01 7.725278040827580073e-01 7.710536559896264963e-01 7.749533453187543719e-01 7.731400675704597214e-01 7.711928979026709818e-01 7.648388986521112987e-01 7.716570143678620486e-01 7.700863101732269289e-01 7.721424182383560542e-01 7.735649412763223598e-01 7.729992169001600466e-01 7.703017123005161393e-01 7.702879404990928824e-01 7.788207668329664157e-01 7.769878263274411223e-01 7.739882868947963734e-01 7.762667898534708621e-01 7.708776387840571287e-01 7.778031170447048392e-01 7.778508629042731881e-01 7.753584946107071607e-01 7.768255348304167196e-01 7.750125673064168774e-01 7.750431935328461197e-01 7.801104041819015844e-01 7.785090370440400642e-01 7.746910163202478383e-01 7.757321038926050516e-01 7.769434096611540497e-01 7.738094332647399431e-01 7.762920484936718379e-01
1.149999257247295015e-01 1.465572288778148602e-01 3.172823376583643329e-01 5.629031056448570158e-01 4.052804629382904533e-01 5.233789268747548462e-01 7.292236099201249155e-01 6.829820601933327406e-01 1.000000000000000000e+00 7.180889764172019296e-01 7.836543465490729554e-01 8.195487329417709965e-01 7.364407157405995497e-01 5.942845503551186237e-01 8.311873717227660219e-01 8.148491349669377826e-01 7.956319748525858548e-01 7.892391974596454363e-01 7.902985871625404224e-01 6.951809127849190029e-01 7.542270115351480397e-01 7.848740884400010609e-01 7.880603664393978081e-01 7.531748557491878548e-01 7.799493726414218342e-01 8.407830911467921720e-01 8.320538891603218579e-01 8.289978538319815460e-01 8.404687378352843075e-01 8.567625436634646041e-01 8.570805713848382856e-01 8.470615760525103122e-01 8.240892803091103280e-01 8.364424553501301762e-01 8.305892005969556235e-01 8.270397807602112294e-01 8.456146303078164728e-01 8.413505115811316104e-01 8.558100554680908578e-01 8.209001652349998679e-01 8.510019863517308547e-01 8.450363258576063519e-01 8.451363080716695064e-01 8.570239262680056092e-01 8.518198015202808060e-01 8.510272835912392475e-01 8.616752667852778380e-01 8.631078755956719251e-01 8.625153403255427786e-01 8.390227316300934435e-01 8.572625526861984424e-01 8.320095934843636520e-01 8.550524421149245935e-01 8.669025459244006360e-01 8.499979085478475138e-01 8.479574686298876340e-01 8.606074270496723022e-01 8.506695868423677087e-01 8.536799091224275271e-01 8.699876058688927882e-01 8.683931665828303892e-01 8.657922268208135819e-01 8.601095619645696688e-01 8.713885622788002383e-01 8.676754506309432013e-01 8.687188382433296274e-01 8.678106480157614655e-01 8.631521071941700152e-01 8.615295281947593642e-01 8.593124583209402756e-01 8.538051962253050409e-01 8.633934763028701109e-01 8.454190900190353686e-01 8.464999356140909814e-01 8.651890883701396362e-01 8.635368587853613498e-01 8.604537290942740890e-01 8.626428302139699245e-01 8.593670339527974544e-01 8.653058123319234962e-01 8.606702169879618669e-01 8.650887380979123131e-01 8.669979452830294253e-01 8.622061591434757588e-01 8.578293270944576943e-01 8.609189871111000425e-01 8.603150555736217564e-01 8.607206707209256180e-01 8.627655208278700583e-01 8.629148855766570758e-01 8.521201960038242706e-01 8.604249552232982046e-01 8.612078344881323178e-01 8.616351143896922027e-01 8.635378593598875829e-01 8.644631177067251260e-01 8.558546850949629858e-01 8.595838821602627133e-01 8.634867491630079384e-01 8.633578471738129201e-01 8.615767206315739779e-01 8.648627946098103036e-01 8.651133368979634364e-01 8.654794708525497260e-01 8.680966812580706016e-01 8.670293200713734549e-01 8.695161341525159404e-01 8.658633426172277492e-01 8.620115188279606766e-01 8.658328500106364789e-01 8.591492690793056664e-01 8.698089179447534569e-01 8.657659849790557693e-01 8.698670469251958970e-01 8.727166155343926146e-01 8.722867573298597188e-01
4.253393128329061024e-02 1.878076429938849157e-01 3.033813985013539272e-01 5.048284438865560109e-01 3.694968214761621406e-01 4.613322469725858466e-01 6.651506451847503110e-01 6.110494288979042565e-01 7.180889764172019296e-01 1.000000000000000000e+00 7.028691841298868592e-01 7.513324509556918995e-01 6.751951748667894826e-01 5.363682926766488723e-01 7.639813150149781240e-01 7.346148229603433055e-01 7.052678034896959769e-01 7.215417304046314317e-01 7.367666768461205162e-01 6.348052084408574158e-01 6.883940191718214141e-01 7.345689036651203985e-01 7.286619883653383534e-01 7.156400240324383155e-01 7.301454825311409769e-01 7.660075613357213431e-01 7.704129650929426587e-01 7.646211564970752939e-01 7.681924460556294187e-01 7.809896149752220129e-01 7.819070192205106462e-01 7.829133688738129093e-01 7.578221850620160405e-01 7.583837585137038761e-01 7.504271801480489890e-01 7.372793875134177055e-01 7.714523966931663423e-01 7.807674265104302957e-01 7.818926459310497901e-01 7.731601885459665757e-01 7.830536166902668516e-01 7.878125475252655274e-01 7.769398223573095175e-01 7.861962650012266351e-01 7.805423550797544463e-01 7.822134623332172021e-01 7.864601680105292036e-01 7.919146811148111142e-01 7.825617376204270226e-01 7.616806356304031134e-01 7.820386191450477975e-01 7.339436425028544875e-01 7.713894730548561673e-01 7.902618349734729097e-01 7.787771491764032827e-01 7.902444908794629130e-01 7.650979552174393961e-01 7.798164520527376409e-01 7.763307814723393596e-01 7.883890144602573313e-01 7.854088510074676011e-01 7.805847531819879448e-01 7.730737286531942365e-01 7.810251584704510641e-01 7.702495849552872809e-01 7.746933759290269839e-01 7.904073662079532658e-01 7.914583638629225648e-01 7.865700130583697103e-01 7.809560897266842883e-01 7.894115333843924054e-01 7.928035727162736634e-01 7.784733855810435088e-01 7.874182289475648577e-01 7.916187739015225766e-01 7.923680106467243522e-01 7.904495457913399692e-01 7.913417963118166698e-01 7.941327335572014867e-01 7.906057710936486016e-01 7.887613024599834377e-01 7.908562671284552481e-01 7.893078919858179665e-01 7.848006276311479956e-01 7.852455651384078195e-01 7.863583586067824927e-01 7.902138831298094468e-01 7.921123303300102725e-01 7.917822361815040066e-01 7.928749901557344826e-01 7.915598711329141501e-01 7.931956428499647993e-01 7.913940279535105482e-01 7.928596943289183407e-01 7.900977433410999451e-01 7.921042439051745321e-01 7.790672647211420720e-01 7.645523873932136283e-01 7.824450476922194531e-01 7.900122246321880093e-01 7.872221553342287903e-01 7.812236889322609068e-01 7.854607300162351757e-01 7.889131251723499050e-01 7.830669029161408945e-01 7.787570093643571001e-01 7.897033096792150930e-01 7.933201304606524173e-01 7.919165012907887213e-01 7.859271140223244023e-01 7.898186122987745916e-01 7.910111386010741930e-01 7.864988531592721488e-01 7.873536226840680552e-01 7.853279751036477130e-01 7.883899271110949014e-01
2.422900047802840559e-02 1.332955767821152882e-01 3.366061396403240980e-01 5.541448494995153684e-01 4.111828507840974978e-01 5.302003798890468911e-01 7.587201915199051072e-01 6.979922369098523482e-01 7.836543465490729554e-01 7.028691841298868592e-01 1.000000000000000000e+00 8.482988463947069846e-01 7.553398350148353702e-01 6.093950339625814339e-01 8.595702985599095181e-01 8.327673503408358213e-01 7.935087356872501108e-01 8.227358905231044739e-01 8.157392433358910955e-01 7.174092781181592438e-01 7.709766092176661978e-01 8.141547727469484741e-01 8.193116314826857094e-01 7.931526429754418572e-01 8.178291430535027384e-01 8.624752121584550180e-01 8.541449223387801437e-01 8.591140920591022745e-01 8.632574161753584496e-01 8.766262362993356705e-01 8.774415998016601437e-01 8.741563337114326426e-01 8.527406035471937207e-01 8.605242361749135815e-01 8.556545879339997329e-01 8.383276610515735250e-01 8.631432138824592926e-01 8.709543711771556840e-01 8.787278732102145051e-01 8.611961345576688576e-01 8.796925577775002170e-01 8.769202089401703093e-01 8.773309640446218527e-01 8.819481824525726710e-01 8.766692263858963940e-01 8.756394338632000895e-01 8.830786299351259805e-01 8.857301884618388188e-01 8.831435999915224766e-01 8.595506357506187411e-01 8.805549884171599562e-01 8.443187813011974185e-01 8.727815516881709534e-01 8.843119280594367027e-01 8.786887253468316228e-01 8.774845873565888521e-01 8.705527409485762647e-01 8.772875862183256990e-01 8.795456641372144668e-01 8.832428404937283650e-01 8.853204566780803475e-01 8.829522795232574994e-01 8.805631224284868885e-01 8.822110959975156819e-01 8.677351641683860306e-01 8.759692032097602388e-01 8.842483875535471771e-01 8.874157719489711438e-01 8.858252057901606635e-01 8.835315384493028779e-01 8.812197594259578715e-01 8.880273040817198149e-01 8.758242971667415944e-01 8.807792399791027904e-01 8.893820896346430471e-01 8.858881159893936541e-01 8.859835766968102710e-01 8.853002692829702314e-01 8.857646816260825728e-01 8.884617599002364585e-01 8.841652085420346197e-01 8.878433359281228121e-01 8.843313089987455689e-01 8.870158702233836845e-01 8.833270742285990185e-01 8.867321066293508691e-01 8.866554620723589020e-01 8.883968820779509779e-01 8.890117903386566267e-01 8.874214682478361871e-01 8.851845042247274975e-01 8.877873134151120782e-01 8.864810867727916932e-01 8.881239132796334701e-01 8.867725872499757633e-01 8.880543453432374612e-01 8.830045680366075400e-01 8.684913210029095998e-01 8.868877761404203586e-01 8.862178378180637361e-01 8.889163383961560250e-01 8.860839409101674002e-01 8.841921074080628662e-01 8.894203619422859086e-01 8.864265637698900413e-01 8.795085853337094584e-01 8.870333481026526634e-01 8.887979835417156860e-01 8.883814696382485998e-01 8.855538656146743071e-01 8.858334158951565174e-01 8.862615692054877092e-01 8.872151582353379196e-01 8.875709417505246446e-01 8.819834699472441919e-01 8.857152272762465195e-01
2.718122170878957411e-02 1.482229941429306919e-01 3.566056014476718938e-01 6.195154659662460706e-01 4.428500486963294347e-01 5.585310331778645665e-01 7.956051982597844852e-01 7.459989358534255821e-01 8.195487329417709965e-01 7.513324509556918995e-01 8.482988463947069846e-01 1.000000000000000000e+00 8.049838298809542936e-01 6.574857926526610497e-01 9.118573594877478206e-01 8.899783782344758976e-01 8.465303874421740149e-01 8.529414359596367845e-01 8.578459723909873658e-01 7.406501212566996006e-01 8.034360632902307620e-01 8.453582483367289013e-01 8.659174133999730794e-01 8.308314693682196106e-01 8.486309777061817883e-01 9.075449851594050710e-01 9.020126466316914504e-01 9.012798877341031689e-01 9.075936943790207101e-01 9.215027167449942880e-01 9.296818804756536991e-01 9.232191158102821538e-01 8.950244650068575059e-01 9.040000140283432906e-01 8.943599743005220537e-01 8.895779475431785377e-01 9.206589573410369765e-01 9.241268112420987224e-01 9.285805860930465006e-01 9.074571622348406308e-01 9.277332834639667736e-01 9.275855432493350650e-01 9.248402334233091215e-01 9.319149018132084628e-01 9.259542647778773450e-01 9.298032081852484199e-01 9.353355870691356655e-01 9.378698443280693020e-01 9.310521852969992906e-01 9.060899571234192207e-01 9.286662743120912555e-01 8.864755520645916098e-01 9.203113996525257301e-01 9.353785356911020754e-01 9.298692944724408216e-01 9.321436411210277662e-01 9.215368980989323555e-01 9.300209171552055176e-01 9.292850271969196330e-01 9.360157945345326524e-01 9.363634149445209109e-01 9.346199159068450113e-01 9.302736953246133478e-01 9.316041010024647129e-01 9.192957988049834661e-01 9.291774758048388927e-01 9.358503046085082655e-01 9.384121702873112758e-01 9.346937073942531704e-01 9.276135906596374436e-01 9.267568477675582894e-01 9.357157175776520397e-01 9.206227594695893801e-01 9.233318909759404836e-01 9.385034283746093164e-01 9.356649189528356558e-01 9.358125213668055942e-01 9.358341616367702454e-01 9.337562758660922224e-01 9.375321347767879843e-01 9.346435467792908458e-01 9.386376251923335134e-01 9.330515763128708340e-01 9.342846667878798028e-01 9.324514513875430399e-01 9.340973906238120295e-01 9.374950043728741411e-01 9.376794817131561821e-01 9.384951443760313206e-01 9.369167838663924330e-01 9.345615239527578222e-01 9.382305705924903760e-01 9.372086264670005384e-01 9.390006017270792205e-01 9.391295363170266697e-01 9.390129710729533397e-01 9.270847803753683447e-01 9.145411580807487617e-01 9.354239903264341960e-01 9.348985296516425514e-01 9.372219410716732257e-01 9.349365720692934811e-01 9.357149229597393481e-01 9.390003934395725338e-01 9.347409514489030125e-01 9.301735293804727078e-01 9.369694440196210117e-01 9.391899731915417382e-01 9.372954808262582427e-01 9.383256173566613123e-01 9.359835268759797433e-01 9.380915349084547605e-01 9.374449083752822709e-01 9.370644421560551107e-01 9.320746198685075923e-01 9.373394462866738719e-01
5.478142468801787401e-02 9.753408584239936507e-02 3.152759996888494509e-01 5.444971926894152103e-01 4.401053376843489517e-01 4.844851081591331488e-01 6.945620893977423327e-01 6.847396974581302365e-01 7.364407157405995497e-01 6.751951748667894826e-01 7.553398350148353702e-01 8.049838298809542936e-01 1.000000000000000000e+00 5.785747809383063878e-01 8.177366252938914615e-01 8.156454145062969063e-01 7.583175908167268942e-01 7.529217068628220044e-01 7.596037899896975754e-01 6.505749797154771752e-01 7.164284045658479982e-01 7.527257316046330748e-01 7.681727215595979263e-01 7.267138199336212745e-01 7.406486455543050962e-01 8.095152105038226908e-01 8.109563661681256086e-01 7.944005750168112723e-01 8.025044079960034216e-01 8.206298926562549667e-01 8.282879134832870083e-01 8.209666276667894058e-01 8.029803218141403631e-01 8.032634500814640477e-01 8.006639528574219788e-01 7.963780164313755128e-01 8.227843588835649369e-01 8.201630087639252276e-01 8.303724256044785479e-01 7.991859336344235842e-01 8.272430794788552255e-01 8.286139680454118750e-01 8.271065027169161032e-01 8.380418028151636056e-01 8.288269966177257420e-01 8.293969486157873883e-01 8.381302538477044539e-01 8.407558359103078915e-01 8.309575701030178507e-01 8.035540640451556138e-01 8.259308770194000449e-01 7.982851144652283182e-01 8.311445138752903139e-01 8.388187363411038211e-01 8.254439955243276783e-01 8.284766155718817915e-01 8.191240167120579230e-01 8.413220118062492148e-01 8.267026238511728797e-01 8.472610808404690275e-01 8.420192890375960415e-01 8.396272842487138011e-01 8.350110053605789284e-01 8.378276941955834500e-01 8.320372507535775952e-01 8.341620909519832372e-01 8.412521992173735974e-01 8.370721349613712281e-01 8.361033016433205844e-01 8.289779317083662002e-01 8.272290613246482405e-01 8.348192829000695703e-01 8.236476504467933335e-01 8.193996214566496850e-01 8.384765185470389737e-01 8.375927876891940960e-01 8.343410638766766141e-01 8.360760249250045462e-01 8.316755766314124498e-01 8.411374053429859776e-01 8.378235383608094722e-01 8.427450279923192067e-01 8.341597672477559788e-01 8.390469198583050403e-01 8.336555769906902613e-01 8.359225742556849470e-01 8.385634368829838481e-01 8.391263148780717662e-01 8.407556096797156320e-01 8.393558706138225523e-01 8.321611020400200287e-01 8.401419034451321766e-01 8.379371519358886911e-01 8.403255870185459830e-01 8.420104149007827665e-01 8.441412609409153500e-01 8.298020053625335679e-01 8.171714438000712288e-01 8.411473381890037793e-01 8.370286557709196718e-01 8.407942747274966822e-01 8.391307850696269055e-01 8.424975201970998917e-01 8.455923943079978189e-01 8.386336128752297503e-01 8.336936979452750363e-01 8.393508402704442650e-01 8.437026249699201008e-01 8.395509343852516349e-01 8.444170380505068296e-01 8.394708599591510501e-01 8.474774983819650664e-01 8.440672058076106321e-01 8.421239798978750191e-01 8.388208026882869595e-01 8.429785725550790199e-01
