1.000000000000000000e+00 5.680590097072470840e-02 1.074216907875293614e-01 8.740895156254092913e-02 3.174591639562059087e-02 -3.645660976224241595e-02 7.436699395124764245e-02 3.498311840214699681e-02 1.290643460582083790e-01 1.006875132851370140e-02 6.544888275081249540e-02 4.202984448409347040e-02 4.949344556486059976e-03 -1.976551502637936830e-02 4.252603430896022968e-02 3.472913609772468324e-02 1.006064396194898819e-01 1.156097794260974171e-01 1.027631710644201918e-01 9.327361847875838274e-02 1.033971938234907739e-01 9.077774881157801845e-02 9.756814564909119247e-02 9.099955257703196132e-02 8.650351639407978521e-02 1.037405449461353130e-01 7.189650293509182444e-02 7.081594053603552930e-02 1.089318108588852307e-01 9.740757743163779014e-02 6.606827925274658120e-02 7.327788465947569774e-02 6.306253877907136429e-02 6.526977379435340565e-02 7.751850533971041401e-02 5.335030700247456181e-02 5.510706336726726301e-02 3.310677123791501419e-02 3.474915799113519749e-02 3.947853279233783097e-02 2.622557047087183124e-02 1.789844720661539282e-02 1.364219655653805229e-02 2.197125532800802902e-02 4.210609735844961926e-02 1.652674325798197258e-02 1.098902449835992799e-02 1.812314863087801167e-02 3.876866560912857473e-02 4.865089903444813624e-02 2.985832228907151289e-02 5.397925227246511831e-02 2.741190285349132810e-02 3.873267408209532525e-02 4.709618108333318842e-02 2.673409559484311859e-02 5.167283254094667128e-02 1.089886151418685556e-02 1.254250523015165882e-02 2.467840471287800416e-02 2.110191188245369789e-02 1.725473465530978634e-02 1.963694040888163544e-02 4.795192435122217628e-02 5.063060902579746142e-02 4.457801301217649559e-02 2.804128232107102464e-02 3.268824935083310818e-02 3.824537174076593493e-02 4.430154401952125787e-02 3.156039841914538846e-02 1.656047905963889746e-02 3.643043810173787755e-02 3.296288309032880531e-02 3.066045936022562118e-02 2.531969623523866800e-02 3.037990727125555734e-02 4.429611853128708615e-02 3.473569372627662716e-02 3.357893812733440259e-02 2.990687720917528311e-02 3.020780188081042400e-02 2.292089341674614922e-02 3.078576589919161666e-02 3.313393005794437046e-02 3.502732567924036339e-02 2.256290499106772610e-02 2.019707074624201015e-02 1.454441983554964971e-02 1.170960695698241433e-02 1.377679057863752388e-02 8.256635941916976723e-03 2.365406562740670834e-02 1.552955203576435877e-02 7.262544900306321799e-03 1.025558443497372185e-02 3.001343804921689784e-02 5.249223650949273734e-02 2.315921099334938490e-02 1.599336205629115285e-02 1.221872645126416759e-02 1.223934660064503535e-02 2.173433664906505164e-02 1.365833723592656951e-02 2.679117438982606472e-02 3.147629286413543975e-02 2.887006928927166385e-02 1.014648224539962430e-02 9.957628440875410450e-03 1.348948455702566468e-02 2.442369698177354696e-03 1.269517526122136523e-02 5.615214076815413721e-03 2.902182451959165604e-02 2.438149188996744515e-02 3.165865437709067254e-02
5.680590097072470840e-02 1.000000000000000000e+00 7.140829555846327226e-02 7.478183630832265123e-03 1.133079223218153020e-01 6.248550145561924257e-02 1.309616492306190649e-01 1.132538100658035951e-01 1.737445905947921920e-01 1.769296065118110828e-01 1.457338778304825000e-01 1.123774223563033942e-01 1.295656509799268663e-01 1.155143443753691435e-01 1.555165138802176716e-01 1.370069474380629371e-01 1.630805574919255985e-01 1.524756648816728843e-01 1.224427353057151585e-01 1.012007284013149155e-01 1.207315787980479393e-01 1.068418180331481004e-01 1.924108505668638558e-01 1.500764382376811590e-01 1.264401829540334476e-01 1.635463224575071650e-01 1.428607059828133907e-01 1.684252823706113289e-01 1.623286047503467722e-01 1.855984839387798402e-01 1.607038075762744489e-01 1.702220707187398485e-01 1.747819974106047669e-01 1.585231451551329662e-01 1.934279129852063961e-01 1.343040918072971324e-01 1.541469847591958042e-01 1.720188640625639753e-01 1.638948846803975345e-01 1.440565528460425182e-01 1.573650607766805543e-01 1.554309568933050223e-01 1.403030875647336140e-01 1.473604276356808851e-01 1.464027557850305084e-01 1.562040809496935412e-01 1.495521445806744232e-01 1.608318225909372567e-01 1.436494886594036346e-01 1.463268096391214801e-01 1.566561774943069085e-01 1.348148189444587364e-01 1.505925093072682242e-01 1.642610800135629878e-01 1.583391131130277851e-01 1.730470298184370592e-01 1.487266433523989351e-01 1.625229805690102114e-01 1.578348965253826564e-01 1.651608887189385533e-01 1.462908226943369083e-01 1.558897368076821444e-01 1.508716822296007343e-01 1.537355383567127476e-01 1.598143584801999528e-01 1.632060009634151154e-01 1.666648879337710720e-01 1.656983693658154733e-01 1.816083796652816496e-01 1.648852675526026879e-01 1.435304427017825291e-01 1.433078874023540616e-01 1.696224160546798143e-01 1.586189000124335613e-01 1.557596931917008543e-01 1.588828877084547675e-01 1.664917849665097371e-01 1.634376474792038070e-01 1.601650079852848518e-01 1.689044946726959706e-01 1.601441143757517116e-01 1.566264662270810126e-01 1.720377857885089234e-01 1.709583259071413841e-01 1.561331345971387341e-01 1.634051766884324075e-01 1.506315645494955835e-01 1.620918163212355378e-01 1.565104829227632055e-01 1.643915999569622033e-01 1.545458915222865659e-01 1.559668647389785834e-01 1.536284786587727158e-01 1.566018999887971441e-01 1.593387955457256921e-01 1.602257617037507464e-01 1.375199143630978504e-01 1.396621755884334126e-01 1.504170732165755753e-01 1.521019925422719410e-01 1.476165449001459185e-01 1.454250298708247013e-01 1.505074424748528428e-01 1.506283475479488765e-01 1.517136963456820475e-01 1.471444977250187247e-01 1.515999363542928080e-01 1.640088684088383819e-01 1.583079708354511450e-01 1.559920137110883953e-01 1.559511649013172740e-01 1.575964304160163698e-01 1.553873938471085625e-01 1.515423386437672049e-01 1.574285223402882017e-01 1.611365384029836978e-01
1.074216907875293614e-01 7.140829555846327226e-02 1.000000000000000000e+00 3.643461337290507251e-01 2.081040520853156828e-01 2.235550973291480226e-01 3.136088597922623289e-01 2.837726098631612737e-01 3.607278574234632496e-01 2.530902916265300173e-01 4.047942570283644126e-01 3.684918732621168536e-01 2.867886641523819113e-01 2.336213699790839760e-01 3.484902886108544040e-01 3.367595705591653887e-01 3.654456720906658629e-01 3.957883741740831351e-01 4.230042485799874186e-01 3.322193374138154853e-01 3.727907392874246773e-01 4.288292039183108084e-01 3.826455928465779532e-01 3.962130845374202126e-01 4.325400036770433165e-01 4.018172860682416303e-01 4.041703103199684732e-01 3.988764770109060054e-01 4.041256592053127927e-01 4.082246000097685679e-01 4.024003263704938327e-01 3.825444456968729590e-01 3.709874600209186468e-01 3.620918274121417424e-01 3.817537620914783769e-01 3.706141806225033974e-01 3.827847463765782776e-01 3.331520570913907298e-01 3.643596263251879797e-01 3.714667268181854332e-01 3.570985670829387448e-01 3.556770160273755588e-01 3.455940041063834678e-01 3.575315448353353354e-01 3.902806615691334358e-01 3.540779270799660483e-01 3.301978425638332770e-01 3.387128402956263162e-01 3.449347715911668111e-01 3.501799294456114930e-01 3.407782544803836244e-01 3.772306701338328794e-01 3.503074139458699499e-01 3.379929119533723325e-01 3.374079723629577199e-01 3.367721443498237766e-01 3.428180631084444818e-01 3.409235283002351458e-01 3.253707791253009907e-01 3.477421227524847280e-01 3.340339250375182756e-01 3.306006561607135463e-01 3.245303116454502645e-01 3.392856453633455449e-01 3.648642301999834858e-01 3.502869377730846723e-01 3.504425683907757549e-01 3.732879106090337129e-01 3.698314259325425901e-01 3.707006688898415447e-01 3.808407343558362634e-01 3.768857827577218877e-01 3.761230994436705610e-01 3.821785926801449795e-01 3.648764314434034262e-01 3.615799243120049189e-01 3.710454327949898046e-01 3.823063336740716855e-01 3.788248301037496768e-01 3.623754356468982252e-01 3.635909708781570049e-01 3.676118477856845090e-01 3.602139754688220563e-01 3.648516625139642811e-01 3.583497501596800139e-01 3.627386639450418948e-01 3.635967701200859548e-01 3.497695109731677743e-01 3.526307125194419467e-01 3.497478743900548914e-01 3.654637040164169792e-01 3.461809188335455700e-01 3.663199476777691532e-01 3.576410510996946290e-01 3.382304777165343057e-01 3.361615201269965714e-01 3.523206834467718651e-01 3.511393301969814029e-01 3.428661916729799919e-01 3.464089357468957964e-01 3.438450375533343428e-01 3.329982002236865357e-01 3.525927031760563990e-01 3.492969836228975722e-01 3.575173926498455557e-01 3.402450609110375113e-01 3.449726353612496688e-01 3.353110020610463038e-01 3.335939546745397832e-01 3.370451195002488465e-01 3.359841321041993623e-01 3.393254706335259163e-01 3.341955820534373567e-01 3.444834163558687656e-01 3.500229904533329051e-01 3.486238310450605060e-01
8.740895156254092913e-02 7.478183630832265123e-03 3.643461337290507251e-01 1.000000000000000000e+00 3.623610617054684457e-01 3.736908859779893843e-01 5.624575191210821057e-01 5.117049622961050703e-01 5.509735651051292926e-01 4.174777984899275540e-01 5.891070273129767054e-01 6.390605690993381716e-01 4.943858397523080428e-01 4.055886268015257423e-01 5.704423421952866669e-01 5.714940681094196062e-01 5.400705265687905099e-01 5.026151263419287307e-01 6.059170558639010995e-01 4.811475264991703638e-01 5.211312796846832018e-01 6.330035835853858872e-01 4.909871595511501319e-01 5.100305198996518685e-01 6.102330383302697614e-01 6.045452323557720664e-01 6.267331070682822247e-01 6.075508125959567796e-01 5.820537474024954916e-01 5.723401014941065235e-01 6.133146660829251751e-01 5.701167495185923695e-01 5.173937386564042562e-01 5.386317125680210038e-01 5.168735771139603141e-01 5.664633491541859467e-01 5.905215595961808006e-01 5.463264606135953549e-01 5.770682796070336629e-01 6.019175941607212144e-01 5.777391559669150523e-01 5.734075365433224380e-01 5.850734724924187002e-01 5.844550517342205209e-01 6.062514818541290262e-01 5.884649552912804005e-01 5.518030679884767808e-01 5.531263868822452467e-01 5.677748564774222073e-01 5.692854823102780903e-01 5.618540568747203423e-01 6.092112608491838666e-01 5.810209792713345589e-01 5.550478645939054267e-01 5.666957148100365549e-01 5.444127278846864204e-01 5.663794384512572666e-01 5.520537644615338690e-01 5.433175175258614376e-01 5.621771984639594155e-01 5.634830501878542730e-01 5.542535967080780557e-01 5.536094615281003106e-01 5.593172437933078278e-01 5.727788543693830281e-01 5.639808376827666336e-01 5.589843765540380982e-01 5.752286955576589866e-01 5.634578466553219478e-01 5.784107936946876194e-01 5.995356275456735773e-01 5.980510132257480516e-01 5.676511107235727716e-01 5.846350261197942322e-01 5.876222771390845478e-01 5.859114152131350561e-01 5.830596354017488769e-01 5.890273420229609203e-01 5.971891974087785160e-01 5.661217127526244619e-01 5.800253366071679295e-01 5.904155942816671221e-01 5.651296250576884894e-01 5.650145984427216161e-01 5.673499689829839543e-01 5.635847497062693723e-01 5.820172923877543480e-01 5.629297189924915568e-01 5.699540233491959818e-01 5.696789863864197834e-01 5.909252268458149437e-01 5.707239080377527474e-01 5.869594711959966737e-01 5.822471939321205436e-01 5.523916441079427253e-01 5.514555952783828374e-01 5.763591764478516177e-01 5.678814089652263197e-01 5.650541688075021440e-01 5.656406692569583283e-01 5.717833201301038004e-01 5.555096397015163445e-01 5.761740907632405539e-01 5.688670713953238867e-01 5.785282045800264061e-01 5.573112631682787255e-01 5.604217038387782068e-01 5.510723155485505176e-01 5.509514677718962972e-01 5.543907232815710184e-01 5.522333195550365170e-01 5.534241819574433618e-01 5.516057815297603639e-01 5.631978491709865864e-01 5.612748844031564266e-01 5.620368870203560352e-01
3.174591639562059087e-02 1.133079223218153020e-01 2.081040520853156828e-01 3.623610617054684457e-01 1.000000000000000000e+00 3.024017330363138467e-01 4.808217169999219331e-01 4.486736373551545864e-01 4.753476805155096296e-01 4.053503192305195624e-01 4.781996959292521554e-01 5.037898146566156532e-01 4.672133502886017808e-01 3.748871361277822944e-01 5.145316563528044007e-01 4.997992895827502724e-01 4.645431478309891005e-01 4.160249662222933464e-01 4.748124086415910772e-01 4.150565607949505686e-01 4.424372758833937103e-01 4.976128275469545725e-01 4.356522258072593190e-01 4.279436946505488781e-01 4.712777594257572811e-01 5.199231335628858863e-01 5.076666216103575824e-01 5.068272233883732714e-01 4.564265865168342651e-01 4.818833984636571310e-01 5.106210831291996266e-01 4.989765743445050972e-01 4.625558315178267543e-01 4.857141491605516670e-01 4.686975825851118493e-01 5.034497941468941695e-01 5.056040141286924916e-01 4.972358981833059910e-01 5.113649076105302171e-01 5.152161705397950708e-01 5.068458448192127985e-01 5.125358521809540990e-01 5.183104758368881626e-01 5.183057727822578675e-01 5.243099076067251341e-01 5.154646823648830756e-01 4.980164486543466329e-01 4.991277711961782382e-01 5.057223409820484905e-01 5.017978622893962681e-01 5.105401389924870692e-01 5.195988283658475870e-01 5.149881638772407788e-01 4.999935157120407037e-01 5.067280650855685575e-01 5.010820375348590261e-01 5.046231562008969274e-01 5.066566967033535596e-01 4.995980778177199211e-01 5.079044741507287020e-01 5.041151760856389386e-01 4.983987830537778829e-01 4.932723675321946666e-01 5.077870349805371220e-01 5.175114099163581338e-01 5.081686877390626522e-01 5.072345762360324084e-01 5.106117229129143453e-01 5.067853542443362391e-01 5.219938492127033092e-01 5.146408780141605854e-01 5.144599365417431569e-01 5.007630684741546379e-01 5.090873713681267621e-01 5.174401705112416927e-01 5.127925764201137770e-01 5.097992795937229538e-01 5.036775382510531029e-01 5.127346877544423087e-01 5.012570778360984081e-01 5.105306043662877213e-01 5.162505556202652279e-01 5.070606705018150251e-01 4.990097725278265783e-01 5.093921362004720788e-01 5.080128119523240615e-01 5.121884429427816521e-01 5.085964570036369814e-01 5.093678018961294018e-01 5.126812138928142915e-01 5.141775500504109919e-01 5.138672077806289984e-01 5.170238096207200318e-01 5.167533330305275063e-01 5.020942918470416849e-01 5.026460096074729655e-01 5.159783607394989868e-01 5.114810039945111297e-01 5.137167671206633868e-01 5.134170541278882949e-01 5.165471547636280025e-01 5.058011870692545875e-01 5.142378415008592718e-01 5.144011415551432709e-01 5.175184435537677485e-01 5.033431829704357874e-01 5.087956868228535878e-01 5.062924744671516430e-01 5.051316189360265385e-01 5.047254011595367906e-01 5.008303676337020338e-01 5.062505303972301141e-01 5.008702054500335787e-01 5.113042664999936093e-01 5.088238188115482563e-01 5.093962855682011570e-01
-3.645660976224241595e-02 6.248550145561924257e-02 2.235550973291480226e-01 3.736908859779893843e-01 3.024017330363138467e-01 1.000000000000000000e+00 5.204982461818882244e-01 4.721099636263945687e-01 4.900045399098312826e-01 4.607116287533639110e-01 5.169494866835947500e-01 5.625396455664652962e-01 5.193696137766594667e-01 4.314658193422900578e-01 5.684999861612481942e-01 5.639231467777925388e-01 5.101857979779190755e-01 4.101242798033689629e-01 5.002543647596190413e-01 4.033036125976955377e-01 4.493652548255689938e-01 5.118046601659372863e-01 4.339767314009274068e-01 4.543468407825770328e-01 5.014027467393017412e-01 5.422227536050371333e-01 5.437119077701888514e-01 5.380475957070058879e-01 4.868428130623788652e-01 5.204120494058019908e-01 5.596501720838722438e-01 5.496548436239317992e-01 5.326630393953275533e-01 5.457562987667921028e-01 5.169040744521885555e-01 5.558779352815610419e-01 5.648952870479958532e-01 5.609492493970247295e-01 5.772357278322073348e-01 5.679917039081778807e-01 5.836952484974682331e-01 5.856277300603686120e-01 5.757408567646452591e-01 5.858479784109626998e-01 5.808469709311040452e-01 5.800487576293903436e-01 5.863081848171778354e-01 5.856224446424694863e-01 5.832334609134559589e-01 5.729368763238279483e-01 5.822897560929503058e-01 5.769583262263163759e-01 5.800849185302878741e-01 5.736238370041029100e-01 5.669290121754214651e-01 5.675966825928687731e-01 5.693177828031793508e-01 5.794208729733345553e-01 5.761333700907841360e-01 5.864353054601474380e-01 5.808368633125102765e-01 5.778943287735350820e-01 5.723287930222428210e-01 5.764058599669041882e-01 5.767524673043308292e-01 5.804087496803460589e-01 5.848587208990972952e-01 5.812164193568343240e-01 5.745569546117333948e-01 5.681490942860424331e-01 5.850876012168343410e-01 5.907647808147373780e-01 5.658852842685211382e-01 5.802884364324349953e-01 5.870158844174573343e-01 5.869507191302876237e-01 5.808766261905892181e-01 5.734933860599619182e-01 5.797748387678480775e-01 5.752225087055181652e-01 5.840032819150646759e-01 5.865494971330736940e-01 5.826300758722997575e-01 5.752122750428165787e-01 5.823133243997351549e-01 5.823550841295682678e-01 5.910058996480256344e-01 5.873371052867527586e-01 5.897271100955564505e-01 5.863506426653967152e-01 5.914793505135051976e-01 5.966982485403375946e-01 5.924548384959307246e-01 5.926712755753592576e-01 5.891983169750142357e-01 5.878363492818305946e-01 5.872306439192953587e-01 5.778219746424835268e-01 5.889843443521087796e-01 5.930138904817721102e-01 5.931055547536292494e-01 5.879820166265764536e-01 5.872321526387879187e-01 5.946441661554345837e-01 5.915349539303842441e-01 5.820385196921622484e-01 5.853613394026424555e-01 5.854777300708964294e-01 5.879950946196648154e-01 5.895335390819416155e-01 5.871338111917207003e-01 5.892834003202790383e-01 5.878417938017175270e-01 5.872418129123105901e-01 5.880127983576317607e-01 5.838028090699161066e-01
7.436699395124764245e-02 1.309616492306190649e-01 3.136088597922623289e-01 5.624575191210821057e-01 4.808217169999219331e-01 5.204982461818882244e-01 1.000000000000000000e+00 7.061548727394241221e-01 7.356551363321331971e-01 6.495526029185175743e-01 7.357527839995307017e-01 8.112063668274762662e-01 7.264062645528428508e-01 5.833485321255760248e-01 8.237244283402420653e-01 8.027242066761123285e-01 7.418196322508061602e-01 6.144666112800911684e-01 7.286184892742502139e-01 6.040748292899741356e-01 6.648112206664037460e-01 7.450817435259491361e-01 6.600914226584672084e-01 6.644642729658073455e-01 7.309688760925590056e-01 7.897214639083552923e-01 7.840563863934311151e-01 7.957527416715659552e-01 7.276020436574746064e-01 7.685886393254066640e-01 8.078649617590827336e-01 7.850534503754840188e-01 7.457518191564096455e-01 7.780371162909761606e-01 7.496289505863270586e-01 7.852481259269582514e-01 8.008791838793587470e-01 8.066634865580368796e-01 8.209580924585869743e-01 8.117115228239171199e-01 8.118895486850311594e-01 8.165325363768231037e-01 8.261865740960752102e-01 8.190926043371509202e-01 8.162508592573161081e-01 8.207959446253074720e-01 8.095914704371522941e-01 8.098251892863042034e-01 8.120854751740625987e-01 8.056955760469353134e-01 8.162473848659772546e-01 8.091953304119958723e-01 8.080421594929995122e-01 8.043109364733236344e-01 8.048378656486707694e-01 7.951668008970448343e-01 8.044031106304605494e-01 8.026327082509581157e-01 8.047079539157201422e-01 8.148741103033643185e-01 8.119148691365429826e-01 8.062071542281712411e-01 8.022316906653723656e-01 8.045331357892857582e-01 8.091067964043336946e-01 8.076004506113900749e-01 8.140517860024403252e-01 8.101523581886272973e-01 8.114402796967628007e-01 8.086100638327663459e-01 8.150594786787848101e-01 8.182346517840887179e-01 7.976640094847179396e-01 8.110445152163520133e-01 8.249767553374079965e-01 8.203930906396462719e-01 8.230227692271340212e-01 8.086856877750682182e-01 8.212281712511475540e-01 8.066833378636280028e-01 8.168030945446876911e-01 8.224377306797766574e-01 8.156090892531654424e-01 8.133529135346866390e-01 8.154870949588746143e-01 8.134331816492160749e-01 8.221237841722951467e-01 8.191594238234807257e-01 8.193084780289203728e-01 8.145480239537296052e-01 8.299455588815937146e-01 8.224976014189750995e-01 8.251899066662419235e-01 8.257886902926186989e-01 8.118647802851806095e-01 8.098803594714797383e-01 8.188459726596903909e-01 8.089957830140442896e-01 8.197315642880973474e-01 8.216663585829714345e-01 8.223060321778451476e-01 8.117134530023195627e-01 8.172670203302709879e-01 8.182635545797829479e-01 8.210556833253376263e-01 8.053458696601237810e-01 8.112626446572561711e-01 8.094947092358016905e-01 8.111346001742423262e-01 8.082571881046528572e-01 8.093225593720313471e-01 8.108278198700943351e-01 8.089558046385072476e-01 8.155868583852514675e-01 8.114120001835839480e-01 8.122558535115704803e-01
3.498311840214699681e-02 1.132538100658035951e-01 2.837726098631612737e-01 5.117049622961050703e-01 4.486736373551545864e-01 4.721099636263945687e-01 7.061548727394241221e-01 1.000000000000000000e+00 6.842696930377557551e-01 6.235560118249185990e-01 7.002253766773293142e-01 7.640112237517940885e-01 7.016454181574844906e-01 5.694585886011580556e-01 7.710999568752184841e-01 7.816729445317136538e-01 7.088418890094726477e-01 5.690256117036894823e-01 6.717967759134123584e-01 5.506932595257504337e-01 6.310166830335781629e-01 6.997337780284872411e-01 6.103060942810500933e-01 6.110288206483062146e-01 6.772838084858776586e-01 7.502633729480076008e-01 7.338136546467866062e-01 7.376638513750995996e-01 6.786893563359368553e-01 7.153457218949963448e-01 7.554014965363011758e-01 7.412537233145646276e-01 7.025183428951163878e-01 7.388021510993498797e-01 7.012769505422372651e-01 7.501885317104030060e-01 7.474630001811796154e-01 7.661523711521895930e-01 7.744958721002573876e-01 7.597399797117331266e-01 7.771164882244194771e-01 7.768555654244811981e-01 7.827804195672781740e-01 7.875191632989900770e-01 7.680610145610168304e-01 7.768976292579663490e-01 7.833842258383050261e-01 7.838515737748869006e-01 7.874699178746927819e-01 7.827225894997031919e-01 7.894650108364029695e-01 7.735128795875886309e-01 7.766175533310908374e-01 7.803135302913166704e-01 7.819143887509667490e-01 7.687444849988499529e-01 7.830537261306476093e-01 7.731278991663318445e-01 7.838407357494687755e-01 7.829589894602867473e-01 7.886224701845180318e-01 7.853044701723589371e-01 7.804603350997532107e-01 7.852855383179755400e-01 7.839418291546725870e-01 7.857327888379473935e-01 7.848576335823013173e-01 7.764056070086483574e-01 7.722535361082416561e-01 7.699293787360937946e-01 7.800031211448678059e-01 7.825799907529482624e-01 7.564219954824590308e-01 7.743029517479491641e-01 7.900779483872204523e-01 7.845115849162942467e-01 7.813838163808930481e-01 7.733719113494610387e-01 7.742491668419171358e-01 7.700370982156237165e-01 7.777505621311177064e-01 7.831089736097772702e-01 7.798886918465037787e-01 7.735963852996623480e-01 7.795769700566003158e-01 7.782889545928894925e-01 7.816551314160278263e-01 7.870509045010734006e-01 7.863855105074767371e-01 7.827773377415817579e-01 7.843159007614803890e-01 7.898426406488915363e-01 7.868890879850064524e-01 7.885425447466798410e-01 7.848382463716980784e-01 7.844088726459943484e-01 7.916986066098435915e-01 7.894320467870474811e-01 7.944139960049290128e-01 7.915702371924010494e-01 7.919359698867047825e-01 7.902865964506503582e-01 7.886876967056516419e-01 7.924892595508169491e-01 7.912889969538664525e-01 7.865601783385670620e-01 7.909866416911155440e-01 7.855114859084950663e-01 7.871483414123474631e-01 7.884082880960091577e-01 7.836951944618969490e-01 7.858035580686327792e-01 7.855407596679325755e-01 7.913318448644579561e-01 7.842590407112225437e-01 7.858137025114727559e-01
1.290643460582083790e-01 1.737445905947921920e-01 3.607278574234632496e-01 5.509735651051292926e-01 4.753476805155096296e-01 4.900045399098312826e-01 7.356551363321331971e-01 6.842696930377557551e-01 1.000000000000000000e+00 6.960432855655988016e-01 8.060341912086976812e-01 8.204421449706026381e-01 7.504368005969962452e-01 6.088926304505185572e-01 8.396506260052630788e-01 8.285920114323683805e-01 8.103672599092771600e-01 6.972754569306651717e-01 7.762725683734044146e-01 6.268811907787624760e-01 7.221954389916394046e-01 7.960066432843085904e-01 7.494311122096375399e-01 7.401215220548060802e-01 7.824080761010682172e-01 8.573165379042875234e-01 8.310977720959272785e-01 8.391525988930161883e-01 7.928613793975571866e-01 8.455603569231340266e-01 8.551288421827639707e-01 8.511085108459606197e-01 8.067125375873214210e-01 8.326884877562389375e-01 8.275151468976429392e-01 8.245779198015182887e-01 8.437569336504263662e-01 8.460517177181929860e-01 8.609105951299270698e-01 8.381243976238892390e-01 8.504617943990216977e-01 8.507493556172667226e-01 8.396931846414421585e-01 8.562224854709536981e-01 8.567600442302478747e-01 8.478926146110119522e-01 8.516995690570561273e-01 8.611018217545269859e-01 8.650585554129598398e-01 8.603442081625236604e-01 8.590602106199348720e-01 8.528579262068365363e-01 8.596590190822899213e-01 8.689651324461611370e-01 8.663907603197116281e-01 8.565147277512609181e-01 8.682849966759197402e-01 8.545597199296813828e-01 8.497031446606677640e-01 8.664463717228217954e-01 8.571082336142431535e-01 8.535264662421491177e-01 8.507118335014102195e-01 8.636345081354225295e-01 8.714792644608625460e-01 8.725210813451862446e-01 8.670010248351464055e-01 8.681271564775356886e-01 8.681362274963884129e-01 8.562422841250770800e-01 8.647367464665348669e-01 8.618360599922149090e-01 8.548938431609779398e-01 8.658325753551459059e-01 8.683254832075311125e-01 8.618142911641162307e-01 8.635350603529422520e-01 8.609017028242711422e-01 8.644956617631657236e-01 8.641198276534794998e-01 8.678947517710443593e-01 8.701338711295945050e-01 8.657504002323983539e-01 8.612380097642702292e-01 8.652729392139579812e-01 8.695936940818025374e-01 8.632230603222059706e-01 8.657200550792192306e-01 8.631209125511197788e-01 8.585379882920382011e-01 8.572956419132172767e-01 8.602609253857388394e-01 8.659888154865258425e-01 8.643171476374335027e-01 8.589387160043274738e-01 8.598865156220965034e-01 8.652986647502700635e-01 8.705034403984522884e-01 8.636856302270808916e-01 8.621702456343206533e-01 8.582400813966136743e-01 8.576660972962915075e-01 8.652353078013275134e-01 8.632073002242008908e-01 8.703465284668517876e-01 8.651914778659612892e-01 8.681409153620817110e-01 8.588886709416141407e-01 8.551220509989050367e-01 8.600385854210995662e-01 8.541337854079472658e-01 8.602469054641391777e-01 8.532468662111196700e-01 8.665287714304438227e-01 8.652277947309947592e-01 8.709714353211367444e-01
1.006875132851370140e-02 1.769296065118110828e-01 2.530902916265300173e-01 4.174777984899275540e-01 4.053503192305195624e-01 4.607116287533639110e-01 6.495526029185175743e-01 6.235560118249185990e-01 6.960432855655988016e-01 1.000000000000000000e+00 6.797459683196476199e-01 7.215978400441012131e-01 6.983513646806490671e-01 5.724651786661671959e-01 7.534331246230825396e-01 7.320223606411390138e-01 6.854823701387625645e-01 5.197220743206659721e-01 6.000758690664720341e-01 4.773230741007842282e-01 5.655955336355023011e-01 6.088428243719674615e-01 5.890582508894854907e-01 5.891821331878797086e-01 6.125889763776545260e-01 7.173294878594982382e-01 7.041340629702651510e-01 7.194048267004181652e-01 6.510549772031979376e-01 7.226132603280106537e-01 7.462431054779765649e-01 7.288092433358018818e-01 7.159720768469503005e-01 7.377915985481267036e-01 7.232584223288280878e-01 7.254660951485951692e-01 7.428447107735534072e-01 7.682524025567522008e-01 7.705213189765133253e-01 7.371855861970488810e-01 7.762267115869093681e-01 7.738487419535710066e-01 7.558452775939609181e-01 7.736963307251940591e-01 7.537831125192573367e-01 7.628973348164722612e-01 7.902422339362475956e-01 7.975865777878385909e-01 7.767700205827534621e-01 7.556361120528307662e-01 7.775156081299940958e-01 7.262126769397647674e-01 7.673522576293880793e-01 7.826305437567365741e-01 7.631454361280749499e-01 7.724172900846498768e-01 7.636485362220174489e-01 7.856164145620723183e-01 7.842654305534033643e-01 7.906449270213583569e-01 7.777956810448819480e-01 7.798299268152210084e-01 7.703177686536896163e-01 7.732347008415011436e-01 7.723438516349291350e-01 7.760530264409338796e-01 7.885710424714755806e-01 7.728553504980851807e-01 7.712933630226622705e-01 7.488447893630378882e-01 7.612756546463921303e-01 7.708155961446940818e-01 7.534864216544351345e-01 7.696303064156779783e-01 7.856439195165957345e-01 7.843827965527140345e-01 7.807207426233626624e-01 7.666409091193333580e-01 7.716798433326043094e-01 7.899040366477426689e-01 7.828102134176565530e-01 7.828608169458657340e-01 7.850288398287038616e-01 7.844863413119762541e-01 7.755399894736867417e-01 7.768464144328820487e-01 7.810778360333389125e-01 7.889472175603738924e-01 7.890099380944769480e-01 7.803587691217683808e-01 7.755755546244779142e-01 7.907831557216729035e-01 7.804167706170459518e-01 7.872603486036879872e-01 7.951869237031147231e-01 7.953620794196348820e-01 7.723226044371854782e-01 7.692658786510211399e-01 7.835145925358891761e-01 7.875229549986049182e-01 7.835059767407108744e-01 7.857007752518485599e-01 7.844695099049996401e-01 7.884995208090914698e-01 7.817876492665428723e-01 7.783452434715005808e-01 7.871249386728843556e-01 7.965061127601433810e-01 7.937298804532016971e-01 7.945892620607917234e-01 7.884975560738497480e-01 7.949831125378292729e-01 7.907353985029237364e-01 7.874962383409801481e-01 7.911750722624832921e-01 7.892040544050535900e-01
6.544888275081249540e-02 1.457338778304825000e-01 4.047942570283644126e-01 5.891070273129767054e-01 4.781996959292521554e-01 5.169494866835947500e-01 7.357527839995307017e-01 7.002253766773293142e-01 8.060341912086976812e-01 6.797459683196476199e-01 1.000000000000000000e+00 8.600045512698295536e-01 7.625182411434886509e-01 6.232733469387694569e-01 8.465848330212476514e-01 8.429543324473411925e-01 8.017904422901491746e-01 7.218995787265939379e-01 7.975631435468587549e-01 6.452988864436521865e-01 7.377875454591069637e-01 8.099586641135565479e-01 7.626983202448611721e-01 7.584847507954378676e-01 8.077231908600184251e-01 8.715974674347068962e-01 8.611866299413365455e-01 8.623014904580323936e-01 8.194614613526253200e-01 8.659520188859873846e-01 8.810347832108134103e-01 8.735121080034056185e-01 8.344507255178125193e-01 8.551268234361955045e-01 8.467256733875611063e-01 8.447468007401128798e-01 8.704906585813985131e-01 8.664579764958951769e-01 8.777218240130472138e-01 8.666300896694422162e-01 8.742715459521397392e-01 8.710499938815343679e-01 8.579259144564765904e-01 8.771263682581681431e-01 8.761722002876696225e-01 8.718764373579371840e-01 8.710813738828443453e-01 8.717167796697852244e-01 8.807970253587648068e-01 8.763401028469580689e-01 8.757334963774342507e-01 8.644223148168339588e-01 8.688531505544865308e-01 8.779065524638423046e-01 8.777538087168401670e-01 8.691102288066786530e-01 8.780710306791403852e-01 8.667183156816682388e-01 8.683772419942867860e-01 8.771640063136060261e-01 8.760270152204185923e-01 8.704013650550910253e-01 8.663893895494656494e-01 8.718491301078072908e-01 8.803670397732502595e-01 8.801225670592551786e-01 8.797446618009586716e-01 8.844591310014365826e-01 8.844176112848503024e-01 8.738704769734662037e-01 8.814093987656900220e-01 8.835445652604315692e-01 8.739889852482729538e-01 8.827109330975826396e-01 8.870412435185507372e-01 8.840412109256083895e-01 8.873266148717318114e-01 8.843008522311601727e-01 8.869982233371989100e-01 8.801512530534212342e-01 8.855474341602513899e-01 8.896275584222785859e-01 8.829588051366080714e-01 8.824579906183476208e-01 8.837263306369573801e-01 8.843625933969099240e-01 8.842549075279899640e-01 8.802793775166019019e-01 8.802011601484932557e-01 8.753621623874716651e-01 8.815022669334854344e-01 8.768540190084184172e-01 8.841540552987077195e-01 8.842110224180742550e-01 8.730341094539090241e-01 8.741203807437860629e-01 8.775652065525105794e-01 8.770421463770167181e-01 8.766339824128843716e-01 8.777531104638666148e-01 8.731741063843297956e-01 8.731759800670909621e-01 8.776099389585314547e-01 8.780909960890658228e-01 8.843475405055609695e-01 8.732166857443728336e-01 8.804785482446196854e-01 8.736828356259129791e-01 8.716187816155370749e-01 8.734808758212028179e-01 8.718065017542345752e-01 8.737433359595876414e-01 8.690271282404077313e-01 8.780182534116938164e-01 8.758873465226497679e-01 8.807104876463194287e-01
4.202984448409347040e-02 1.123774223563033942e-01 3.684918732621168536e-01 6.390605690993381716e-01 5.037898146566156532e-01 5.625396455664652962e-01 8.112063668274762662e-01 7.640112237517940885e-01 8.204421449706026381e-01 7.215978400441012131e-01 8.600045512698295536e-01 1.000000000000000000e+00 8.009647463216481578e-01 6.722940630236352577e-01 9.009008334606670720e-01 8.921958156337671531e-01 8.325899346496032916e-01 6.887697390043326928e-01 8.100810136476317425e-01 6.565757433112213715e-01 7.370962003504680782e-01 8.332889179008488023e-01 7.416975007980699530e-01 7.386098376884449035e-01 8.225211283105332560e-01 8.973530994429682606e-01 8.842862360501573260e-01 8.877168472812031474e-01 8.273702211529945227e-01 8.722088499265219230e-01 9.093308619837411344e-01 8.888602077024586601e-01 8.362116382550223159e-01 8.717624892587106933e-01 8.432703545439423909e-01 8.813037289410974306e-01 8.965736808716030515e-01 9.027904697950467350e-01 9.189766085973889442e-01 9.046178379269701475e-01 9.208379401674744447e-01 9.157317961681661345e-01 9.172002410374052728e-01 9.256722862224499027e-01 9.205432260393324739e-01 9.231385985123663485e-01 9.207219690075661989e-01 9.208008011846896546e-01 9.240996817112766548e-01 9.132181228524877126e-01 9.218141717666226143e-01 9.109834033695298761e-01 9.170312336854790081e-01 9.190331649781914303e-01 9.187524294340180253e-01 9.087670879279002856e-01 9.203007448163255111e-01 9.144705408204567565e-01 9.168228469351530352e-01 9.261641551538576378e-01 9.240790817654224165e-01 9.196648834833685004e-01 9.151657585321659738e-01 9.189352042227968420e-01 9.209866729777106409e-01 9.240355536325639552e-01 9.236472607167685034e-01 9.183452071928573934e-01 9.150330626513061283e-01 9.063946243602907238e-01 9.237176205692945175e-01 9.304238231245656188e-01 8.976915238965834654e-01 9.180298069237333713e-01 9.343165033398457275e-01 9.306801898120197203e-01 9.272914860834150508e-01 9.204999208266808619e-01 9.285391216503650069e-01 9.207465894058015632e-01 9.263646854592444413e-01 9.345002391402478237e-01 9.224832109694707238e-01 9.178614060772115613e-01 9.208049794981707503e-01 9.195382964114712232e-01 9.276927697885843926e-01 9.247961198929368631e-01 9.274333406448100892e-01 9.221694495950129022e-01 9.276735682686840789e-01 9.289217299620209367e-01 9.314174505470137477e-01 9.327039444920137701e-01 9.233938793944580503e-01 9.232969179118185599e-01 9.271829502364864473e-01 9.221042994375979740e-01 9.276218892311216546e-01 9.265530814669601378e-01 9.276193027417501957e-01 9.231022943320015273e-01 9.277185464042363439e-01 9.296791133781809879e-01 9.309871519172199239e-01 9.208119776879150065e-01 9.271096871991854060e-01 9.229370031163657284e-01 9.222341174543594589e-01 9.220788798657645335e-01 9.190722449912840375e-01 9.245206748429085630e-01 9.211084122809808372e-01 9.282157554180890946e-01 9.245327260982071360e-01 9.263836074924968189e-01
4.949344556486059976e-03 1.295656509799268663e-01 2.867886641523819113e-01 4.943858397523080428e-01 4.672133502886017808e-01 5.193696137766594667e-01 7.264062645528428508e-01 7.016454181574844906e-01 7.504368005969962452e-01 6.983513646806490671e-01 7.625182411434886509e-01 8.009647463216481578e-01 1.000000000000000000e+00 6.312669935045200909e-01 8.345298219170872445e-01 8.279127323188897325e-01 7.461664120365475439e-01 5.887684198387707069e-01 6.939695880989429355e-01 5.636185167757401526e-01 6.463352110997422351e-01 7.193502511490720286e-01 6.530604989095697421e-01 6.527128027204677219e-01 7.149981054002719771e-01 7.996470736810668001e-01 7.897115889304920922e-01 7.946927066861096955e-01 7.208999855491239339e-01 7.807879570184501627e-01 8.203209991670847856e-01 7.924071705896641449e-01 7.595984088036086268e-01 7.932359247186755447e-01 7.717442836744725643e-01 8.036225307251403382e-01 8.144434896972103655e-01 8.255045552103823514e-01 8.395980839924714889e-01 8.214779007532349020e-01 8.494253569749585786e-01 8.478819151550009980e-01 8.469996527835550459e-01 8.545686896823504464e-01 8.337308476786028377e-01 8.460344160594774898e-01 8.591194442917755580e-01 8.610946274887876228e-01 8.530681624960937404e-01 8.292783459932284718e-01 8.456329166877811776e-01 8.241961808947384505e-01 8.449678497983942327e-01 8.526474680545111928e-01 8.442629514755257691e-01 8.386423738993168397e-01 8.409341677139102744e-01 8.543306667903616258e-01 8.551242609642848436e-01 8.650542683566935231e-01 8.560401222838190938e-01 8.542788639629020908e-01 8.462833425092695094e-01 8.486742530315231070e-01 8.485774091791237206e-01 8.509288365921668928e-01 8.599217756223034304e-01 8.456647585312295767e-01 8.437209302375534570e-01 8.313779407202677163e-01 8.451539383133632732e-01 8.523329158781162151e-01 8.246953304490182157e-01 8.462128474297040404e-01 8.606076070648747134e-01 8.591110381672881768e-01 8.525003994217116299e-01 8.393427129984377677e-01 8.477148843384159083e-01 8.534140211666152442e-01 8.554713000630478348e-01 8.591737103299527112e-01 8.525869346231508272e-01 8.489502546827270013e-01 8.486621461538275124e-01 8.491447839857847457e-01 8.559669493199221213e-01 8.577239895329158426e-01 8.599702166402816150e-01 8.559469888693351791e-01 8.542445000276516209e-01 8.642197051557312104e-01 8.611233685799455362e-01 8.619892113640371667e-01 8.631509866264061026e-01 8.646339423888309561e-01 8.553050877401944252e-01 8.492718415019722134e-01 8.625919160171870992e-01 8.613262117972417808e-01 8.625985386073388161e-01 8.609345106401856684e-01 8.610073083476728062e-01 8.644554674317166398e-01 8.615005548028300542e-01 8.553069475535003408e-01 8.616578905734224580e-01 8.639444159238359733e-01 8.637674746529456771e-01 8.625230821158844652e-01 8.602674253678964655e-01 8.662680457270172107e-01 8.614804337801780232e-01 8.626391072939673110e-01 8.618313363033958119e-01 8.600729166477091292e-01
