1.000000000000000000e+00 -4.058063510206853103e-03 4.722555961492352211e-02 6.337872008564217341e-02 2.481495551256850118e-02 3.657688806499893169e-02 7.435546697748919749e-03 7.742042001715430943e-02 9.837203582703718530e-02 1.961329586223368310e-02 3.272474315215206236e-02 3.080394781222290518e-02 3.517555048472184587e-02 1.205935385022740072e-02 7.781424824101915508e-03 3.178124960274938959e-02 1.064116623983482335e-01 5.417157643324064381e-02 2.819902616968639544e-02 4.279227338799603680e-02 6.691153577557243382e-02 2.460098625621151558e-02 3.364274865610689114e-02 4.508528032465172752e-02 2.058023583596628805e-02 2.937769889432435139e-02 1.103616322933401693e-02 3.865812428724342206e-03 1.051186899400677506e-02 1.987916668749079713e-02 1.938540745344441776e-02 9.995837742841507528e-03 -7.638804552158894902e-03 1.458215510942643955e-02 7.856969648692421065e-03 3.731146730757811669e-02 4.664152365263000803e-03 2.888070830286006141e-03 6.488193099059868553e-03 -2.184241589763392596e-02 7.413250227934277924e-03 3.386281059580720232e-03 1.362222986513294751e-02 1.843913798810882174e-02 1.232185963662959030e-02 -5.369046682008523155e-03 1.431549519331108342e-02 1.195029831699022729e-02 1.719841226293225903e-02 1.033892760539311881e-02 1.550137884715116834e-02 3.764186848450211398e-02 2.616695291127215522e-02 2.310277749592287364e-02 1.792826665304955713e-02 4.967317914941369802e-03 4.357536286255140473e-02 4.830450746536484562e-03 9.968701007261417113e-03 3.381596846578423243e-02 2.657155586719254711e-02 2.328003535387839287e-02 1.921955674352848753e-02 3.887285861632735345e-02 5.326114369817864375e-02 4.525652892113693482e-02 1.452622200087669117e-02 8.137035916721600468e-03 5.821548751648042593e-03 9.042473991854243359e-03 1.103135751335312421e-02 8.862649788353179833e-03 7.855307903231573477e-03 7.722566035273530777e-03 5.840227359627698199e-03 5.391919678932718431e-03 -3.201972572768788539e-03 6.607525469552218665e-03 8.566557923075245398e-03 9.816352443054968124e-03 1.120466964199012989e-02 9.766026020185201301e-03 2.419854399370248085e-02 -8.902412841598854581e-04 -2.336530400163247881e-03 -2.282219163633898359e-03 3.374035080035142631e-03 6.947170732695030640e-04 3.084819642565805181e-03 5.612559348449323686e-03 -9.885268149836401105e-03 1.637376044953431397e-04 6.704853500167175240e-03 4.811230875744028183e-03 6.453151946609763517e-03 3.557172469929478081e-03 2.849763837913472063e-03 3.662869505040994983e-02 1.042120161267113231e-02 3.145737112673435698e-03 6.313390403713630555e-03 1.426268656342501162e-02 2.322882218658887943e-02 1.236108888063486635e-02 2.293042853890722710e-02 3.575187492570194164e-02 1.759607921839163175e-02 4.159092256158468219e-03 7.950793974395735375e-03 1.366819629655576136e-02 1.059744166582751897e-02 2.440666756351457869e-02 1.363579151687105417e-02 2.392798533719057638e-02 3.147520678225238649e-02 3.100860564043557421e-02
-4.058063510206853103e-03 1.000000000000000000e+00 9.642160194028384645e-02 9.581121171776181555e-02 4.005890730394440907e-02 1.229434899025093064e-01 1.458101501630142405e-01 1.391166217701764740e-01 1.507805660104245549e-01 1.852717571220741655e-01 1.428527170309961125e-01 1.548370474945733044e-01 1.173268167414246999e-01 1.487875036676378770e-01 1.589610887684499152e-01 1.512577302095737819e-01 1.573421413958560056e-01 1.639410245044869430e-01 1.519335575066786126e-01 1.472441203547876776e-01 1.536023912076673048e-01 1.495923193914742155e-01 1.614678871794518467e-01 1.563400472552214093e-01 1.556376980713920499e-01 1.481161167375412424e-01 1.629427654812226345e-01 1.593693976687884928e-01 1.485013218463709650e-01 1.611475613411949837e-01 1.549301659812337140e-01 1.730849336501760205e-01 1.556141161777829518e-01 1.734573525068336119e-01 1.594541930795237150e-01 1.683658250403398393e-01 1.611099648217831637e-01 1.567831419627723488e-01 1.655308975132210592e-01 1.546290648891146258e-01 1.580441404859595500e-01 1.519601634590339034e-01 1.421828831496609324e-01 1.518414072944033466e-01 1.568178616317478791e-01 1.540514222617633822e-01 1.551850554733543719e-01 1.578935106441631264e-01 1.656727994206838583e-01 1.609608138738497507e-01 1.593024840811057830e-01 1.400589402925722093e-01 1.355557465291311603e-01 1.628812044162351869e-01 1.607430124827704254e-01 1.606427269370050981e-01 1.671407207482097368e-01 1.523102525106228011e-01 1.584289352571612575e-01 1.563375389338126087e-01 1.561829420823126202e-01 1.596271836397251953e-01 1.626697185838878457e-01 1.613366152547522359e-01 1.566617384489777942e-01 1.626341465061393876e-01 1.647506802624264521e-01 1.617660762016414344e-01 1.592634235208124638e-01 1.544457022307334504e-01 1.546836729176842562e-01 1.585937847799737954e-01 1.629062153694877391e-01 1.573433079654913136e-01 1.590332498949638962e-01 1.613375511708782517e-01 1.562567116698048708e-01 1.603675308709764658e-01 1.581192721905601284e-01 1.577145554393750426e-01 1.620631443460613941e-01 1.625444910174623503e-01 1.712405979761250918e-01 1.599750477989650144e-01 1.644040793048202054e-01 1.648535018822597786e-01 1.596631924815678505e-01 1.591870700715712905e-01 1.590619431969105546e-01 1.612096325769163396e-01 1.620725023722539015e-01 1.566252347655842647e-01 1.564112237959036922e-01 1.616459032088089220e-01 1.573922458811143898e-01 1.611037060903635632e-01 1.631364682015630507e-01 1.625008834048694284e-01 1.619988991729774952e-01 1.609806593490535620e-01 1.570145766361768502e-01 1.635313730830939560e-01 1.538472104908573945e-01 1.570711279655984671e-01 1.576682356365445847e-01 1.686052751018131401e-01 1.661722241188205995e-01 1.591091412838319674e-01 1.634271427583312286e-01 1.602368895714308683e-01 1.620524688551944759e-01 1.592801157828231673e-01 1.602550382605448243e-01 1.623339736502102670e-01 1.623436169734943646e-01 1.618507018067736059e-01
4.722555961492352211e-02 9.642160194028384645e-02 1.000000000000000000e+00 3.220915505205999563e-01 2.074754463960504225e-01 2.671607566914415144e-01 3.276272785596933135e-01 3.331780770562322580e-01 3.385333708341774495e-01 2.887319104887740018e-01 3.682075354275728407e-01 3.720125048523659772e-01 3.180574066200773653e-01 3.003599990626135141e-01 3.612223831984663902e-01 3.596265966354271759e-01 3.510523469697829912e-01 3.651978921449556825e-01 3.607541151839663840e-01 3.376359780285159706e-01 3.741787787116883091e-01 3.739490088314837979e-01 3.778231480218915417e-01 3.636445107475175798e-01 3.684945583965852367e-01 3.754142748305397959e-01 3.536170835455224593e-01 3.814781855245529263e-01 3.594649837301684969e-01 3.727181269094604343e-01 3.808034661738323723e-01 3.798300695722704456e-01 3.723051568133358136e-01 3.775025119577162247e-01 3.533353554811747288e-01 3.808102294605894000e-01 3.671109430179814725e-01 3.702753657960700107e-01 3.740118331565467358e-01 3.965646939982108710e-01 3.708329180794475155e-01 3.756224303351993754e-01 3.787336154660889687e-01 3.771005332228820062e-01 3.797600780252729513e-01 3.652518568777918251e-01 3.665333696703964028e-01 3.647536977250575019e-01 3.613169638018173258e-01 3.677673647945371993e-01 3.738453372954887444e-01 3.723551532524567720e-01 3.672164596787190205e-01 3.596668757075298650e-01 3.657847077490419818e-01 3.734352268541602515e-01 3.709100580990469243e-01 3.666866123162735858e-01 3.621821424607558071e-01 3.634493451507379569e-01 3.690199233962111469e-01 3.625476329839445455e-01 3.651712474319321333e-01 3.629494752619790154e-01 3.674311773268427728e-01 3.673961741633294253e-01 3.660852235189120951e-01 3.697675569276988594e-01 3.710553867260934502e-01 3.661794350749359994e-01 3.713762363019528778e-01 3.700781064503873008e-01 3.710950704148562873e-01 3.749719686327473989e-01 3.655090276934041538e-01 3.704388399874127824e-01 3.697874370943560196e-01 3.677741888430080541e-01 3.694250588519881195e-01 3.609187220204192470e-01 3.667372170088054606e-01 3.658711040760722621e-01 3.792207599705066379e-01 3.665209984925436038e-01 3.703311670784909526e-01 3.690455218122204450e-01 3.738298563390796692e-01 3.671835307393299663e-01 3.698589370199971693e-01 3.692693526924860081e-01 3.816313186895399223e-01 3.709478928864096137e-01 3.704801401899268654e-01 3.714951292767291746e-01 3.628781258740200188e-01 3.609107866350323990e-01 3.708056853711764189e-01 3.628508974450812552e-01 3.652996946980677229e-01 3.657533593429407315e-01 3.733656959038107459e-01 3.614702911856920720e-01 3.636653324355365036e-01 3.700886684948853644e-01 3.719353631594261023e-01 3.675250441147496772e-01 3.635621239091645918e-01 3.599452340107496262e-01 3.618014811112761908e-01 3.612278531674591453e-01 3.613636324270829703e-01 3.651337611814974848e-01 3.626975404553869908e-01 3.690585409472010303e-01 3.669587684721789533e-01 3.643641610749709381e-01
6.337872008564217341e-02 9.581121171776181555e-02 3.220915505205999563e-01 1.000000000000000000e+00 3.500668437469235394e-01 3.934843973766683489e-01 5.729769175168897277e-01 5.715647663330164496e-01 5.669042227668268374e-01 5.011948292278809447e-01 5.659445750950881093e-01 6.225613816029075265e-01 5.652808207245563210e-01 5.388834040070870079e-01 6.256589825642490110e-01 6.130824478307295156e-01 5.488051285703043902e-01 5.922760191899976157e-01 6.115722135855479191e-01 5.689668707476749354e-01 6.147953499380627296e-01 6.258686481367663479e-01 6.238182211647570474e-01 6.133581887496472040e-01 6.023182292666194870e-01 6.313728514241696566e-01 6.191452517647636489e-01 6.390833301188577620e-01 6.230361560075509120e-01 6.254594710436306437e-01 6.358472804341311901e-01 6.225468993303471255e-01 6.054547793230482533e-01 6.209909074058930223e-01 5.948041096855017917e-01 6.137733362639109513e-01 6.144624083624256050e-01 6.358595477165803755e-01 6.372494307151794768e-01 6.263029982075513091e-01 6.265457200903434831e-01 6.396261910175911058e-01 6.341152286086537693e-01 6.418933257764868339e-01 6.379446308330423143e-01 6.364927625788376897e-01 6.207262048986650349e-01 6.156213423624826708e-01 6.141351400776489111e-01 6.168673020982806676e-01 6.336601323481778625e-01 6.180060237586709748e-01 6.191498291515776797e-01 6.154445658262839292e-01 6.154812662774378218e-01 6.324300805804430325e-01 6.198933502381595018e-01 6.289132420804999235e-01 6.237169609031311124e-01 6.274084890330196007e-01 6.270126551889407818e-01 6.220328939005056457e-01 6.224702083141772091e-01 6.148050032925406194e-01 6.142458457739018440e-01 6.141552465006657746e-01 6.213779699348142005e-01 6.295941909860635066e-01 6.298533654123313896e-01 6.246547472564211168e-01 6.273116050350561190e-01 6.244107288344370454e-01 6.255805168278164574e-01 6.265589867680810832e-01 6.256873230580490830e-01 6.273667315481199491e-01 6.288102178616858939e-01 6.272524792584550646e-01 6.290077992858265077e-01 6.246153863310544008e-01 6.276407085672642827e-01 6.274874661994253033e-01 6.275238524170514420e-01 6.216504630127824838e-01 6.263867225678401152e-01 6.265118676890562011e-01 6.301150201836863696e-01 6.319162332367717072e-01 6.275608161643918548e-01 6.303449443019312204e-01 6.307413226877214285e-01 6.309857336941008255e-01 6.311163959164596271e-01 6.346174002392933611e-01 6.222549619244295283e-01 6.169704121910597472e-01 6.248155018418893869e-01 6.157654981831693908e-01 6.248733710074704240e-01 6.270907407223551555e-01 6.350000054210102052e-01 6.256050426570874956e-01 6.218554814938738184e-01 6.326940793244190120e-01 6.278318224204300080e-01 6.159204767636350386e-01 6.209565846053710647e-01 6.219230850725763204e-01 6.231600020075618307e-01 6.246093494212949793e-01 6.227720936795215767e-01 6.252127039999101354e-01 6.241349750376461447e-01 6.256790966648201335e-01 6.173223220238901465e-01 6.186139938320918130e-01
2.481495551256850118e-02 4.005890730394440907e-02 2.074754463960504225e-01 3.500668437469235394e-01 1.000000000000000000e+00 2.985719214205745931e-01 4.539892754915479944e-01 4.287135864146036646e-01 4.497640233199317605e-01 3.942471209611586036e-01 4.531466511378712259e-01 4.892149839663392230e-01 4.639920355896359205e-01 4.258455826845948256e-01 4.920346571071325670e-01 4.873253355857214419e-01 4.508271525775439104e-01 4.467639367567471931e-01 4.595466567354014042e-01 4.302668560308588463e-01 4.584689435495535315e-01 4.746378180796790303e-01 4.723297217051808938e-01 4.636549199223896633e-01 4.772061543822874174e-01 4.997542722047506603e-01 4.827550396277728306e-01 4.860183210816678145e-01 4.761243182953365793e-01 4.949324962369224812e-01 4.960607272126339451e-01 4.791066895657711266e-01 4.571433800073486098e-01 4.834744872574067154e-01 4.765285796648476291e-01 4.743887738705488966e-01 4.868130310263358296e-01 4.820366659274318288e-01 4.974256579028826786e-01 4.653176326761699899e-01 4.996568140488195642e-01 4.956509051389301757e-01 4.995347535065047251e-01 5.046818295012633904e-01 5.017689794822622895e-01 5.014874031551004308e-01 5.014362858477446894e-01 4.965663996135828984e-01 4.915188461617883142e-01 4.840995968910322134e-01 4.932877768414494768e-01 5.031348354886838736e-01 5.050298503281197560e-01 4.963378674511245703e-01 4.904939524046831867e-01 4.958558262847920783e-01 4.893959077627702547e-01 5.006077679253878587e-01 4.950256869049228792e-01 5.105447254042373428e-01 5.011375868168760350e-01 4.982929114306176022e-01 4.931076197521992999e-01 5.012743901798706325e-01 5.007966543983582985e-01 5.010411623955702831e-01 5.043032332623216263e-01 5.054518525510337534e-01 5.045222690610298155e-01 4.989607091292075913e-01 5.066068855091200307e-01 5.049153670143126105e-01 4.959238940547517904e-01 5.043279895030822191e-01 5.045761145284127780e-01 5.012832290624892329e-01 4.988157095385523654e-01 5.000796588634643935e-01 4.918883953091104377e-01 5.004414321470042060e-01 5.020762905028132161e-01 5.024006317888439765e-01 5.031770295448008135e-01 5.016288480958540630e-01 4.993508501358795426e-01 4.988742738152658340e-01 5.028202189996774374e-01 4.996335261687949725e-01 5.029901487606216470e-01 5.017314848470990629e-01 4.986417810955226515e-01 5.060669049077020087e-01 5.066987173283227230e-01 5.013135262903923861e-01 5.044726937638496223e-01 5.032609017816304098e-01 4.909877789049962304e-01 4.936264882085811267e-01 4.981777019255136940e-01 4.993471222570319279e-01 5.045158460604340922e-01 4.934102872728541866e-01 5.085393136510986123e-01 5.072345494846677294e-01 5.077676875240301202e-01 4.935846621936054723e-01 4.965573651153549206e-01 5.081782341155350879e-01 5.020324051763800366e-01 5.036547760931199269e-01 4.958977923525947906e-01 5.057544451616972081e-01 4.991954861787150644e-01 5.037193829620074670e-01 5.086523085668210875e-01 5.040900232442141471e-01
3.657688806499893169e-02 1.229434899025093064e-01 2.671607566914415144e-01 3.934843973766683489e-01 2.985719214205745931e-01 1.000000000000000000e+00 5.492256649916555933e-01 5.010947229444404627e-01 5.639350180048504635e-01 5.046795522665198375e-01 5.703063769140932493e-01 5.950031259964267960e-01 5.499758946892300271e-01 5.394179710517562620e-01 5.941279875738513239e-01 5.910638909768951565e-01 5.594403655891709848e-01 5.687993793060509562e-01 5.744734298604603495e-01 5.416910533143879380e-01 5.615656026090295461e-01 5.846988994501799430e-01 5.737030716242864647e-01 5.825351830673393128e-01 5.913426647525783508e-01 5.936021852451315306e-01 5.826929200629864525e-01 5.928991554280714782e-01 5.848901903726736462e-01 6.064630698166998402e-01 6.155768885886734321e-01 6.074396472218354104e-01 5.638025529145814785e-01 6.127912415798784096e-01 5.941672833119814312e-01 5.940624358091008972e-01 5.978825569931820461e-01 6.042365903031226004e-01 6.132040618311166424e-01 5.885625739777613497e-01 6.136632732601647877e-01 6.125031841803112442e-01 6.075411385500659733e-01 6.142169160097740166e-01 6.074566027191882212e-01 6.132054881767331489e-01 6.168771446891306853e-01 6.144723734819323990e-01 6.167336371309205534e-01 6.101989478495862818e-01 6.155121206263534095e-01 6.004125738385239774e-01 6.018972240128853679e-01 6.077439618883535566e-01 6.094176145046276138e-01 6.128540173888240572e-01 6.098406422590170184e-01 6.115173233302841904e-01 6.151860239008788422e-01 6.146679105623934491e-01 6.178485866033174290e-01 6.111951931145743755e-01 6.130638709335833880e-01 6.189293922400174175e-01 6.117260500038579352e-01 6.129554916314403634e-01 6.222211160032845578e-01 6.224562117301001285e-01 6.230436621212938064e-01 6.207522257220492445e-01 6.218114710965128022e-01 6.230549967027827485e-01 6.192005488005730696e-01 6.183819416251262746e-01 6.207138259450211137e-01 6.203754051657195401e-01 6.228116742406716311e-01 6.171031042523490440e-01 6.187507678835416636e-01 6.164239927238862604e-01 6.194977670683234905e-01 6.228248771800208861e-01 6.250687816469121527e-01 6.186749308955054039e-01 6.178349176085845551e-01 6.196576376695144273e-01 6.173277145313210701e-01 6.198487544825778128e-01 6.221645592234289479e-01 6.207546234248546568e-01 6.194418037454505477e-01 6.245468878081379405e-01 6.196050182683414675e-01 6.218917442918789895e-01 6.213207999126674208e-01 6.205530730628890934e-01 6.206239746347972375e-01 6.143091748683401354e-01 6.228096982406967630e-01 6.235960661851103204e-01 6.227766043146960584e-01 6.195158593040830386e-01 6.171668744153741004e-01 6.209413112786347222e-01 6.193635464863477269e-01 6.200115305884200678e-01 6.203450584943863699e-01 6.197004180618489455e-01 6.196932517693486409e-01 6.210251559021540135e-01 6.207485335279696592e-01 6.215275832897441122e-01 6.193356776939928920e-01 6.221818522055455603e-01 6.199887151824440279e-01 6.209926180888394320e-01
7.435546697748919749e-03 1.458101501630142405e-01 3.276272785596933135e-01 5.729769175168897277e-01 4.539892754915479944e-01 5.492256649916555933e-01 1.000000000000000000e+00 7.057850200008746189e-01 7.351614929218519556e-01 6.822178594719410238e-01 7.552351829822606666e-01 8.065889025339297858e-01 7.402184782415121012e-01 7.242889821202705969e-01 8.535969951050386140e-01 8.129613075640531594e-01 7.153972725725199489e-01 7.650961395093284212e-01 7.881837770056397963e-01 7.730351342502185252e-01 7.907095151130363320e-01 7.970020553639453054e-01 8.139511844389524242e-01 7.991309947725828700e-01 7.939784158288579752e-01 8.333512487600404084e-01 8.236882491960673125e-01 8.373634236313404200e-01 8.223967495826141061e-01 8.418263004293070617e-01 8.483391198604063321e-01 8.231888702755588705e-01 7.896883188596282022e-01 8.239100629176211443e-01 8.034132793185370103e-01 7.908016178855971079e-01 8.206566016843040989e-01 8.336258929034334741e-01 8.390025826788309882e-01 8.249892941068230900e-01 8.408463766193562394e-01 8.477730465085970835e-01 8.277757725804748556e-01 8.446533803628958337e-01 8.361161814141501170e-01 8.457904351109384322e-01 8.333791746254309851e-01 8.325699602718428238e-01 8.215003658138518849e-01 8.193404332596158079e-01 8.374221059515538634e-01 8.068438555518930855e-01 8.106765541040000800e-01 8.239161858892118939e-01 8.219032181675482995e-01 8.400106426671749560e-01 8.116147427169085882e-01 8.303176280571544776e-01 8.300212738822692060e-01 8.322112925975244657e-01 8.305505943906207333e-01 8.232644033940722528e-01 8.202295767122538273e-01 8.174546706867786838e-01 8.095485390711547602e-01 8.149674275147104074e-01 8.317416996030341236e-01 8.384641105363365154e-01 8.443030255410570728e-01 8.451259184030112115e-01 8.369477042845540060e-01 8.325784030747508391e-01 8.408114963345491022e-01 8.380226778474741955e-01 8.429108464517341970e-01 8.442785745288967636e-01 8.507409090426729659e-01 8.436094120916387551e-01 8.465774027623995668e-01 8.407304694599547767e-01 8.423657136735878126e-01 8.470005229116883694e-01 8.383278311446384912e-01 8.403752023406058091e-01 8.388346148750532860e-01 8.422680992004840661e-01 8.405072631481095291e-01 8.481778444732055444e-01 8.451352686250611645e-01 8.419399844636704655e-01 8.511909293195565329e-01 8.472540095643493752e-01 8.430575573839366177e-01 8.495819607259615935e-01 8.369324294231835770e-01 8.327306075377950423e-01 8.336367147300089986e-01 8.142863618224920330e-01 8.335079541026033656e-01 8.422995642528946503e-01 8.446756929760161903e-01 8.264692254501821989e-01 8.301140619080070726e-01 8.410393212547434549e-01 8.307527918432733305e-01 8.174965819952125790e-01 8.318889533159670169e-01 8.369508944952313012e-01 8.343404096516179314e-01 8.367441476052798199e-01 8.332980491991484051e-01 8.353902470477134745e-01 8.307573792667631851e-01 8.330048922586494875e-01 8.284773499203786917e-01 8.267738679811609259e-01
7.742042001715430943e-02 1.391166217701764740e-01 3.331780770562322580e-01 5.715647663330164496e-01 4.287135864146036646e-01 5.010947229444404627e-01 7.057850200008746189e-01 1.000000000000000000e+00 7.179954314907218693e-01 6.434857898389103603e-01 7.251064503650508364e-01 7.756003312466056565e-01 7.037182299776887362e-01 6.911464784048909626e-01 7.900684388368850453e-01 7.933439591814083203e-01 7.103668398034543863e-01 7.470903217576035926e-01 7.528706956637428727e-01 7.204347696147793689e-01 7.753381041559607167e-01 7.714255894921849821e-01 7.719751570577870758e-01 7.662450307131165594e-01 7.643189465102926405e-01 7.883440349820132198e-01 7.668410366159793545e-01 7.817180408193086238e-01 7.701895308222047598e-01 7.929863028810346659e-01 7.985053698289646951e-01 7.831967962915521442e-01 7.344497745302431824e-01 7.790942449163165140e-01 7.596580354994979523e-01 7.683029812170959483e-01 7.748059506290126963e-01 7.958854928773998472e-01 7.965176045211378453e-01 7.644918944187003573e-01 7.944793220157621016e-01 7.957822793439885967e-01 7.968470000013199162e-01 8.094197529158547733e-01 7.923448466088502951e-01 7.979116515684948618e-01 7.954406535206646200e-01 7.941679989109075022e-01 7.940181174530518415e-01 7.866190154654364441e-01 8.006451733485647759e-01 7.779287809404585863e-01 7.799401283650936323e-01 7.911664823998274532e-01 7.912718667683654727e-01 7.962275456975741461e-01 7.960929210927446542e-01 7.997374934170806693e-01 7.990691947434068743e-01 8.040417487220893333e-01 8.010511055660952673e-01 7.990245621952338784e-01 7.976487819354943776e-01 7.941588128998596785e-01 7.891789088020807474e-01 7.934675856660118320e-01 7.942179344773422356e-01 7.970452290839520337e-01 7.956759873442877939e-01 7.954421485700600147e-01 8.003581832512471905e-01 7.958007332992504956e-01 7.901369384966665521e-01 7.967845101002442032e-01 7.981816184314894924e-01 7.956438557977841830e-01 7.955659813778307443e-01 7.962789380598310762e-01 7.984195377954229622e-01 7.982703059137959967e-01 7.979379839323952339e-01 8.006427515104218573e-01 8.005077478088682419e-01 7.920210149902026098e-01 7.929019516354541830e-01 7.933380728693180117e-01 7.946114852288118646e-01 8.034315688145114986e-01 7.982847922300881915e-01 7.994410495764318059e-01 7.927047620388073534e-01 7.996450729858819439e-01 8.001284859195573196e-01 8.034285902046005567e-01 7.968241099624739920e-01 7.922895831070970729e-01 7.974516996353830933e-01 7.962106187477056007e-01 7.985184061786130272e-01 7.988625007942445899e-01 8.057916227861874336e-01 8.009784909321489010e-01 7.921276815291111717e-01 8.063684837284418316e-01 8.007425038522437699e-01 7.968953900752145936e-01 7.983887319630083024e-01 7.948056583144132992e-01 7.993358160300388926e-01 8.018283693317825866e-01 8.007724163459948308e-01 8.007047706675882726e-01 8.000235596039397823e-01 8.029783933025210763e-01 7.951006944164784596e-01 7.967521775293063824e-01
9.837203582703718530e-02 1.507805660104245549e-01 3.385333708341774495e-01 5.669042227668268374e-01 4.497640233199317605e-01 5.639350180048504635e-01 7.351614929218519556e-01 7.179954314907218693e-01 1.000000000000000000e+00 7.394119157138243636e-01 7.909752048654334899e-01 8.467339210274136274e-01 7.743642802235802813e-01 7.686588550046900004e-01 8.526004597169585253e-01 8.474029045953939132e-01 8.064589508631027082e-01 8.126585730742391656e-01 8.132034011498830983e-01 7.832184540020200592e-01 8.187748384413043867e-01 8.219467143545075016e-01 8.255600947329646555e-01 8.220571287200685306e-01 8.260190828172053745e-01 8.525933413161996821e-01 8.352004040139754393e-01 8.311545706765964825e-01 8.312510702748079350e-01 8.701692947407448919e-01 8.740355553866235860e-01 8.570688222517770516e-01 7.938712717600990842e-01 8.584422992801332697e-01 8.424315772563112370e-01 8.314926250602044933e-01 8.542466898064833281e-01 8.538076589593120991e-01 8.647496085161504586e-01 8.077542273256015370e-01 8.602793450322272495e-01 8.499977240268612455e-01 8.503667569638045931e-01 8.680328177680823876e-01 8.560601726663086275e-01 8.572573028373556836e-01 8.805038913889454699e-01 8.834135073859432641e-01 8.827893998184099811e-01 8.642515857153530989e-01 8.728619558423961200e-01 8.596408868318302643e-01 8.607577331662751297e-01 8.831254950229189271e-01 8.768160802868868453e-01 8.718144558186724513e-01 8.871752382514611623e-01 8.726418484382996166e-01 8.812488482263012290e-01 8.850683427642914713e-01 8.849510776947419055e-01 8.826045484254327889e-01 8.809307976643818705e-01 8.880699134643512682e-01 8.823184069755490855e-01 8.862655784262611913e-01 8.801682058185382740e-01 8.785671030051963593e-01 8.760024620762538738e-01 8.739113763289345638e-01 8.732114066950629194e-01 8.742916122391122258e-01 8.681817158675967372e-01 8.705399163304534671e-01 8.790300436917872773e-01 8.725179488731302779e-01 8.642635137186511773e-01 8.700747885905240064e-01 8.712047755093176304e-01 8.802940960989319441e-01 8.773022532221264047e-01 8.801438641917486150e-01 8.833489953358961699e-01 8.709614333429772648e-01 8.685213574358436883e-01 8.750312375105970819e-01 8.740703085440805209e-01 8.743253407404094624e-01 8.743231903725173781e-01 8.766933653729248599e-01 8.586943405212712488e-01 8.728378796222040492e-01 8.754031319994312055e-01 8.761267602736996229e-01 8.799037507035963879e-01 8.788885339268457386e-01 8.713626246811017051e-01 8.850841443887424997e-01 8.818779175376257884e-01 8.768995957766310134e-01 8.726138667019666117e-01 8.827129828940227796e-01 8.808864265420023321e-01 8.797628480840434806e-01 8.842161430604110750e-01 8.862158574786817011e-01 8.856571538934551180e-01 8.787544888201913595e-01 8.815084103911190461e-01 8.827859331372630569e-01 8.818287903920101201e-01 8.866509650716647428e-01 8.834804868356422869e-01 8.870632376521366824e-01 8.833442001298579260e-01 8.864102013479623343e-01
1.961329586223368310e-02 1.852717571220741655e-01 2.887319104887740018e-01 5.011948292278809447e-01 3.942471209611586036e-01 5.046795522665198375e-01 6.822178594719410238e-01 6.434857898389103603e-01 7.394119157138243636e-01 1.000000000000000000e+00 7.344962966698597162e-01 7.711139630719734406e-01 7.092035714354587572e-01 7.104251684098673580e-01 7.852452266276873649e-01 7.765858260435010152e-01 7.264150586031595802e-01 7.411006775643802502e-01 7.506819433684068787e-01 7.080707291247196888e-01 7.352699254240757654e-01 7.511783317861939757e-01 7.636572170946951399e-01 7.515677351981143728e-01 7.689528094894538812e-01 7.809838417400624122e-01 7.586387403636434268e-01 7.640736881221193988e-01 7.540727943970041425e-01 7.984690382967351008e-01 7.998518534260248281e-01 8.015276416732187714e-01 7.464796364297487941e-01 7.967367278490119498e-01 7.791426168999955326e-01 7.686813357584466599e-01 7.870500032319980299e-01 7.920484902737793265e-01 8.020629866844296574e-01 7.516582196379216763e-01 8.035077115344768650e-01 7.885849266293413207e-01 7.787706991361589282e-01 8.008060000030259307e-01 7.914002680866422113e-01 7.933494077658924670e-01 8.141356288432862742e-01 8.192156723005643570e-01 8.149416655395780307e-01 7.979190482432901854e-01 8.045951027877576989e-01 7.796723177284514694e-01 7.911855514585998117e-01 8.202570010146350565e-01 8.109145202099233840e-01 8.070340935547097860e-01 8.129481904018729388e-01 8.099879466536634709e-01 8.137393984279648329e-01 8.129232643553124804e-01 8.142826311041698739e-01 8.139559704693041242e-01 8.140212530386848888e-01 8.097379802713398078e-01 8.062196902627379869e-01 8.140406057648635896e-01 8.180650209196625999e-01 8.154636804317646481e-01 8.171041890596640878e-01 8.087295558374637539e-01 8.094589819780647622e-01 8.122487791768318033e-01 8.096065659312329243e-01 8.090746994744871801e-01 8.149972057051023677e-01 8.089290335159342593e-01 8.012197427084257750e-01 8.050802691543338385e-01 8.051094758516683658e-01 8.159742202878540462e-01 8.130527180002052878e-01 8.157407638292553109e-01 8.175046663600483710e-01 8.133715116898674324e-01 8.121511044663366485e-01 8.175112428644020213e-01 8.142189180073072796e-01 8.131983665993213206e-01 8.167305369781369118e-01 8.147250728286298260e-01 8.044290511935835442e-01 8.116055931874026630e-01 8.126490747115514557e-01 8.134539054686634740e-01 8.179754878457966560e-01 8.215241051943807937e-01 8.047349854741040476e-01 8.073109286661400708e-01 8.148928053574034935e-01 8.137575657273419250e-01 8.086321747273940153e-01 8.140796099597158442e-01 8.114451742056741912e-01 8.139250432415087166e-01 8.139720677810785565e-01 8.151942494139099438e-01 8.184940641371514225e-01 8.187910996131488872e-01 8.178099173882317219e-01 8.179922631805693900e-01 8.180960674744038874e-01 8.182710398545606223e-01 8.192302136783644606e-01 8.179770293872666853e-01 8.173972439210984708e-01 8.163795664513230355e-01
3.272474315215206236e-02 1.428527170309961125e-01 3.682075354275728407e-01 5.659445750950881093e-01 4.531466511378712259e-01 5.703063769140932493e-01 7.552351829822606666e-01 7.251064503650508364e-01 7.909752048654334899e-01 7.344962966698597162e-01 1.000000000000000000e+00 8.528352766960823894e-01 7.635625846163115460e-01 7.725993204400504188e-01 8.537976762721402046e-01 8.453014424658821246e-01 7.794853149969797057e-01 8.140893967687030663e-01 8.255886899927281641e-01 7.890924790017211921e-01 8.244270777485729340e-01 8.394207530983680554e-01 8.340917161502184873e-01 8.281241933621361628e-01 8.424805377344134483e-01 8.539357519741801461e-01 8.432129009771327510e-01 8.480152551574933195e-01 8.315566377817710242e-01 8.734209454751076240e-01 8.839672117928071282e-01 8.683913597573243992e-01 8.192225322260112685e-01 8.659655826747033602e-01 8.473290605579617552e-01 8.457075126195433556e-01 8.641599979896100736e-01 8.664415873926536449e-01 8.786161111304664484e-01 8.420789774759734891e-01 8.756355660172293609e-01 8.717484741894807598e-01 8.651464375601384260e-01 8.794954146632274483e-01 8.701823192863471501e-01 8.691810657102528870e-01 8.782133701072728504e-01 8.794708884267515847e-01 8.742052467969594343e-01 8.712460519410756277e-01 8.803565135734656710e-01 8.555279807408796566e-01 8.575842203507033634e-01 8.729474832124067829e-01 8.720173787947509414e-01 8.790763819431899329e-01 8.713858318364507971e-01 8.743293169897254913e-01 8.749747886815166797e-01 8.804590273031807079e-01 8.802112312193602905e-01 8.739546599337573163e-01 8.749664163854339316e-01 8.751251788612395277e-01 8.752657377565579155e-01 8.745144169936209799e-01 8.832305152533940218e-01 8.849682028825869295e-01 8.875491192375006833e-01 8.831258459983430953e-01 8.842008126465766837e-01 8.827386646545996030e-01 8.806450124817448710e-01 8.818415125343086469e-01 8.833025144509579762e-01 8.820877827130376714e-01 8.799763749087889941e-01 8.761960291826640379e-01 8.798462451935207262e-01 8.837731707394790304e-01 8.855457652328805329e-01 8.866256368586550307e-01 8.883498216325813601e-01 8.837516040399461259e-01 8.831309996500573689e-01 8.851228923004789140e-01 8.850945878195026761e-01 8.846762435033050931e-01 8.870897952153073973e-01 8.850977747369219717e-01 8.828123666615645959e-01 8.851373652991205709e-01 8.839238217074116832e-01 8.843711032800716243e-01 8.828674147776862657e-01 8.827194181713138299e-01 8.788801750833877824e-01 8.729431662234981015e-01 8.823419544743326126e-01 8.861016540852399981e-01 8.849599842506182812e-01 8.809803257410796506e-01 8.784519243236935671e-01 8.850219445517294448e-01 8.825918540019165315e-01 8.769449819426605730e-01 8.826646076750260805e-01 8.825183333025554688e-01 8.814770577300374832e-01 8.821210354006148169e-01 8.813804936379803223e-01 8.842298408043066660e-01 8.816219386543554526e-01 8.855344935113688143e-01 8.814489476348195129e-01 8.822546919038636304e-01
3.080394781222290518e-02 1.548370474945733044e-01 3.720125048523659772e-01 6.225613816029075265e-01 4.892149839663392230e-01 5.950031259964267960e-01 8.065889025339297858e-01 7.756003312466056565e-01 8.467339210274136274e-01 7.711139630719734406e-01 8.528352766960823894e-01 1.000000000000000000e+00 8.274145092431133275e-01 8.175499088166569006e-01 9.160966679712961858e-01 9.110506913329435852e-01 8.265193917102034993e-01 8.581408884642742763e-01 8.724267412416248924e-01 8.351282865681380896e-01 8.789871077821551637e-01 8.878022985798528222e-01 8.910858250258044677e-01 8.780818675304159493e-01 8.892219738401431206e-01 9.154012268727488300e-01 9.019488244568173441e-01 9.053434288716188938e-01 8.935251070730186873e-01 9.322099203845313209e-01 9.391446727349807011e-01 9.205706794293471162e-01 8.730518498662096505e-01 9.193819169386936441e-01 9.059079057653930400e-01 8.958241069037493620e-01 9.184297986136319425e-01 9.235096707070213906e-01 9.346703434406621325e-01 8.938000751527946930e-01 9.315641310425555321e-01 9.301249118301064822e-01 9.211723409011079999e-01 9.377565699490503226e-01 9.283326582616696632e-01 9.292404673731287090e-01 9.385080592889297746e-01 9.378180380443076336e-01 9.340515989035546029e-01 9.259570903993994406e-01 9.361862580785972332e-01 9.157235768706124546e-01 9.213586825828278259e-01 9.360928888048259955e-01 9.343550484315154003e-01 9.374922922158684946e-01 9.340042317473227218e-01 9.351068000358877530e-01 9.376991740221339855e-01 9.392862017954874965e-01 9.404232784023541791e-01 9.382488129378114827e-01 9.370535498240418759e-01 9.332469144696403651e-01 9.295903820049195021e-01 9.344554090690589954e-01 9.396343010953612795e-01 9.406558007604779448e-01 9.414821254567286024e-01 9.390529831038476605e-01 9.387691423623106823e-01 9.396060866164934744e-01 9.320230786153198554e-01 9.362624979706967165e-01 9.407394348441223686e-01 9.388862966002495813e-01 9.361314512727251236e-01 9.351502159557056881e-01 9.379886289844862057e-01 9.421092396842377648e-01 9.414663114142240996e-01 9.442798210286984517e-01 9.419886208542589401e-01 9.368724788641693557e-01 9.386314505076552850e-01 9.400642600395021642e-01 9.417296539284046863e-01 9.409482892650850028e-01 9.420374401479408855e-01 9.409640996405853608e-01 9.352804064029578424e-01 9.423848904883425082e-01 9.425293889197657871e-01 9.431236909592547457e-01 9.403363754609233016e-01 9.401581902052604800e-01 9.347348329246938370e-01 9.317579956285121368e-01 9.406561300918471202e-01 9.408328408206613203e-01 9.414753039769684362e-01 9.395615624064578286e-01 9.384797858368659762e-01 9.442351778262797479e-01 9.422844139119621598e-01 9.376675579561026819e-01 9.402079516382900737e-01 9.402394406422073247e-01 9.421571694149132314e-01 9.418205067949309006e-01 9.411161159988066238e-01 9.429964362744849282e-01 9.419871785131644915e-01 9.431322325293594044e-01 9.391849012783370920e-01 9.402293189808573759e-01
3.517555048472184587e-02 1.173268167414246999e-01 3.180574066200773653e-01 5.652808207245563210e-01 4.639920355896359205e-01 5.499758946892300271e-01 7.402184782415121012e-01 7.037182299776887362e-01 7.743642802235802813e-01 7.092035714354587572e-01 7.635625846163115460e-01 8.274145092431133275e-01 1.000000000000000000e+00 7.592416165667500438e-01 8.483010938077321095e-01 8.430536716372987183e-01 7.601681085318194864e-01 7.801652851640884512e-01 7.962252754272418631e-01 7.616402326431472858e-01 7.848675628043648711e-01 8.149322173694855120e-01 8.081656821672710267e-01 8.046216888324939642e-01 8.111973097871185701e-01 8.441645594864700675e-01 8.239526179501152070e-01 8.310683853020511824e-01 8.199802838859864274e-01 8.537336850601127125e-01 8.571499543525078479e-01 8.432699488526356202e-01 7.860388662727126885e-01 8.355941788843717077e-01 8.261497986291203022e-01 8.062674236657616511e-01 8.339980881294040138e-01 8.480108100683939609e-01 8.552545292751984052e-01 8.081417352228522644e-01 8.576581964014762249e-01 8.513243400801754346e-01 8.400776530699803901e-01 8.576987240181657146e-01 8.473818510344802712e-01 8.453974159062574989e-01 8.703696889026448780e-01 8.683490585121520500e-01 8.620804692242659550e-01 8.525834169699401111e-01 8.586455947248456955e-01 8.428911999504328234e-01 8.538487541686151650e-01 8.679912967954019898e-01 8.606473583877221056e-01 8.632705201874024681e-01 8.575837848093856852e-01 8.651796283245974939e-01 8.679017816930552076e-01 8.720430298368122557e-01 8.682676252051246824e-01 8.665269877724642855e-01 8.625665783778935225e-01 8.620798865344315720e-01 8.598022368935799298e-01 8.630190985146772853e-01 8.677010414651158410e-01 8.682785596805537853e-01 8.668657977455950236e-01 8.665699991841820937e-01 8.641675784421360973e-01 8.659944294973223045e-01 8.598010145860203179e-01 8.623555864315951558e-01 8.687276779079426969e-01 8.660010336722471225e-01 8.615599186343475546e-01 8.642230469466963827e-01 8.634645093731251331e-01 8.689525844769369067e-01 8.655648173667643830e-01 8.703495318126817093e-01 8.644685552501737424e-01 8.636292262292633026e-01 8.606971870861395146e-01 8.645788908550903207e-01 8.629592004223038959e-01 8.669925126342991062e-01 8.658169285897943102e-01 8.676099814314643943e-01 8.555466015219235221e-01 8.685211838501629700e-01 8.677373611554943800e-01 8.680290515317531375e-01 8.716332262062600478e-01 8.697125764413007332e-01 8.592575828158596218e-01 8.601200911480817446e-01 8.681364874229406947e-01 8.666330321885539201e-01 8.658217870870924537e-01 8.673708937915950434e-01 8.696277232229449039e-01 8.712065276665509339e-01 8.685941526113036826e-01 8.639959166598394358e-01 8.684878474410190341e-01 8.697894272234070190e-01 8.698478643844640423e-01 8.710157268932140484e-01 8.695232593892902040e-01 8.728396355429299813e-01 8.718364724760132578e-01 8.709156154370722991e-01 8.676286346935773164e-01 8.703211802921334561e-01
