1.000000000000000000e+00 5.818704529215985854e-02 5.295172069224519246e-02 8.236965327677014947e-02 9.025577472218467359e-03 -1.254617200292976881e-02 8.086333072425605506e-02 3.504806143766116266e-02 1.146541696909313401e-01 5.127513728781833008e-02 4.484849847932741856e-02 3.575578526373526106e-02 1.404677657385384679e-02 1.053423241558108098e-02 4.322287719091695568e-02 5.916556937897205631e-02 9.768136419043398078e-02 1.102974081929130462e-01 9.966738338872047076e-02 6.001332123942971358e-02 1.072899469414821394e-01 1.072005714864686793e-01 1.050979533146136763e-01 7.365508492410420549e-02 9.631787481396440753e-02 7.705110786177156446e-02 5.004310214339621754e-02 4.844069055897159970e-02 1.275109655241620232e-01 9.729633450465519084e-02 6.378653464806387230e-02 4.797883591112974550e-02 2.587478120597849762e-02 5.555515257133938206e-02 6.784110966961166833e-02 7.756486548165485162e-02 3.582771482047319989e-02 4.180580717932352863e-02 4.139568283572041957e-02 -1.111624209603045282e-02 1.877958642218730684e-02 1.421579335795900186e-02 2.116517160985787946e-02 3.064490122451397208e-02 2.261944964604921046e-02 2.530611997517489761e-02 1.167198011635627725e-02 2.046019536089050891e-02 3.154639829749794622e-02 7.183136556673232198e-02 4.141180970568806435e-02 9.249664902402815470e-02 2.627531265540349048e-02 5.565917225704954813e-02 6.379503937643556111e-02 3.635642574862753273e-02 1.141684216622817077e-01 1.770282780011288998e-02 3.755608199535336034e-02 4.324346668400401439e-02 3.695522225680691886e-02 5.561092989526870284e-02 6.234177617604391014e-02 6.479061728289416122e-02 6.953709213040723536e-02 6.492821998337446054e-02 2.138296188420806682e-02 3.441135738435088798e-02 3.195505066477992429e-02 2.323103293752009149e-02 3.471580253138340649e-02 3.560089354916898957e-02 2.346182720109614081e-02 3.316572838193651562e-02 2.241253974584517944e-02 2.497168604272349476e-02 2.475393095708968219e-02 4.139548030237394372e-02 3.584959144584470153e-02 3.268400912863905078e-02 2.090940035275046585e-02 2.903465871999807990e-02 3.984975714768098504e-02 2.636960539312914117e-02 1.337447162528109142e-02 2.179437911956858681e-02 1.526268486069047754e-02 1.791186508249623544e-03 2.012801342217564182e-02 1.370174055509635822e-02 -1.482717278384622188e-02 -1.277471806281506696e-03 1.302647771767795511e-02 7.193028726896927814e-03 3.233742859915021087e-03 1.040090452486471147e-02 1.206168623651711173e-02 6.818227647366273403e-02 2.770987726608989052e-02 7.489299342034657150e-03 1.034491498395970557e-02 3.209313379083183343e-02 1.586884079574990211e-02 1.552045631480958830e-02 3.733458921212069043e-02 5.487328281095388283e-02 2.406175432555593408e-02 1.027887617681724937e-02 1.855063911859188355e-02 1.712339341314680560e-02 -2.501355135527749858e-03 1.905261810353550689e-02 1.841926170885362091e-02 3.684027962678352447e-02 4.184994852909766638e-02 3.535054306284403369e-02
5.818704529215985854e-02 1.000000000000000000e+00 7.002809136014143121e-02 1.103073526472247157e-01 8.112473871159089911e-02 1.364837237279823978e-01 1.409245462396807036e-01 1.353941967299306937e-01 1.715229803403456321e-01 1.665835923121159190e-01 1.781602463326198982e-01 1.685320982927773770e-01 1.632100581765017489e-01 1.599390107596657951e-01 1.696526936836499910e-01 1.744249833821593376e-01 1.657032737815496426e-01 9.645928243552713555e-02 1.241741736503026300e-01 9.173246471749393893e-02 1.090984256546534831e-01 1.255316964230660526e-01 1.227583416837490921e-01 1.102357678177166428e-01 1.215816233354805043e-01 1.580170045944110091e-01 1.632972997097949797e-01 1.450106681165488076e-01 1.528254610066484831e-01 1.572087552056456172e-01 1.722384249968313963e-01 1.524419664013197673e-01 1.280357650065364616e-01 1.444666653482970520e-01 1.478339560901496819e-01 1.517915248451398857e-01 1.628169683983504423e-01 1.512432065136400661e-01 1.690023645093176041e-01 1.391867747301145097e-01 1.791744030068936067e-01 1.645341069161569969e-01 1.608242227910486599e-01 1.693302299461755811e-01 1.759584372301705446e-01 1.643833206054243212e-01 1.779900222423032308e-01 1.823403461240803713e-01 1.839133239190593461e-01 1.512757729681276087e-01 1.670028339890193836e-01 1.594214882966472902e-01 1.770281472010566681e-01 1.812539811940771239e-01 1.740172654076418690e-01 1.669418635857405631e-01 1.764930753666915375e-01 1.812683031707623127e-01 1.761399444734326469e-01 1.829511872275746132e-01 1.808034520204994111e-01 1.864523409101784823e-01 1.726325148250741903e-01 1.834176334824813293e-01 1.800618315339728159e-01 1.845147142918877325e-01 1.797958460258231306e-01 1.696539500608721940e-01 1.649359748466898423e-01 1.665122455485711916e-01 1.666546060061867562e-01 1.731992744481939961e-01 1.604335470878725523e-01 1.597077020664961489e-01 1.801026194241459877e-01 1.777486257286653715e-01 1.774438670079670488e-01 1.757731256284816024e-01 1.711848947765600981e-01 1.768690399927722312e-01 1.771000540724936567e-01 1.784088035574308284e-01 1.754406769918820941e-01 1.678384782894417615e-01 1.576092149427539557e-01 1.646105558367905453e-01 1.723246545714358091e-01 1.718832871402471429e-01 1.728939281581308163e-01 1.790493442301328564e-01 1.637075183065626049e-01 1.765301849162003445e-01 1.733288703734737202e-01 1.753107164747882141e-01 1.799150079967648808e-01 1.831766914288171233e-01 1.687882810176362935e-01 1.742338381370763245e-01 1.773563113771082500e-01 1.687456462176874783e-01 1.740919785664107877e-01 1.768416674205085803e-01 1.766471990699632066e-01 1.764138977234887828e-01 1.719637508659576652e-01 1.878864451600112673e-01 1.842867583460950087e-01 1.837031865594932756e-01 1.803220205461289471e-01 1.788715252660130206e-01 1.790621150264031514e-01 1.831897749663047859e-01 1.854828520284992066e-01 1.817994720788111696e-01 1.796426717506943438e-01 1.830686414721887090e-01
5.295172069224519246e-02 7.002809136014143121e-02 1.000000000000000000e+00 3.286038952380593847e-01 2.426299575556240540e-01 2.339538230933052854e-01 3.358704162603369237e-01 3.405237135482451771e-01 3.694518242498473493e-01 3.382172869031033757e-01 3.512264222836544714e-01 3.868401624308033249e-01 3.347566370018174031e-01 3.299006389063247058e-01 3.855332454182442414e-01 3.795228727688996218e-01 3.562803668370324028e-01 3.032611311568945700e-01 3.566052691708888611e-01 2.922473854272140681e-01 3.604545287426620392e-01 3.603303935866024599e-01 3.326762539958168508e-01 3.186125853931000562e-01 3.379962863617285707e-01 3.982749615641784091e-01 3.879768387608595326e-01 4.022357709678472393e-01 3.980822710090661798e-01 3.827294507540578983e-01 3.985311194514172262e-01 3.838637676998007398e-01 3.733781363723137625e-01 3.796590998819968643e-01 3.726857710269347868e-01 3.737499077205342357e-01 3.853343719168206838e-01 3.926859039163780318e-01 3.898945058226979676e-01 3.789878031063899089e-01 3.876551394967804320e-01 3.880801776433988048e-01 3.864237059957090215e-01 3.878894738831720757e-01 3.888361367549178493e-01 3.866213315626766400e-01 3.835764787070551907e-01 3.814103435490255878e-01 3.896426325652807554e-01 3.910095661034229675e-01 3.972850413060686758e-01 3.912432378198557603e-01 3.894372749377822407e-01 3.825191803618950837e-01 3.857573081180372676e-01 3.862113320672662664e-01 3.899534321140394888e-01 3.752393812977988241e-01 3.870476351627142320e-01 3.889034677619983560e-01 3.876132023764010670e-01 3.881053375040991460e-01 3.871531693599037927e-01 3.915919958930207945e-01 3.890152373818406839e-01 3.949491062486977233e-01 3.841708360768523733e-01 3.835024134087670067e-01 3.885190933855320328e-01 3.863347755624177982e-01 3.911616913088811764e-01 3.899842209202295518e-01 3.831162485432414999e-01 3.817820585063973482e-01 3.918851108793499072e-01 3.905945861538704378e-01 3.920449165755883758e-01 3.976310946693292769e-01 3.923394278465218710e-01 3.834467384108290466e-01 3.826969354195173811e-01 3.840453881559205973e-01 3.894209044543694431e-01 3.907083560971207348e-01 3.902523298384084072e-01 3.898048470838778035e-01 3.854275867225236407e-01 3.895377358170194482e-01 3.877097907757587891e-01 3.856995021054638872e-01 3.897882463321274416e-01 3.868306681937823677e-01 3.895728189937924246e-01 3.881574647057052241e-01 3.816859659364224000e-01 3.805717568069889034e-01 3.812594514129852841e-01 3.868177261663020006e-01 3.844430325354523115e-01 3.864525241703483105e-01 3.831935531159242347e-01 3.856846689304131437e-01 3.881674962593246736e-01 3.888932176447606470e-01 3.887957799500192935e-01 3.805051420135199813e-01 3.811310871672192180e-01 3.782059487002665255e-01 3.829785480825810828e-01 3.841388532834928982e-01 3.802364857471409176e-01 3.845625449419446951e-01 3.811951783959198203e-01 3.848138240031207524e-01 3.888141185540922584e-01 3.861262297728277337e-01
8.236965327677014947e-02 1.103073526472247157e-01 3.286038952380593847e-01 1.000000000000000000e+00 3.910113300612975684e-01 4.119874190058813723e-01 6.186730369121185014e-01 5.883899148006537239e-01 5.852989553211773721e-01 5.461563516244670735e-01 5.906181761845401557e-01 6.477413677350530863e-01 5.729963780515742178e-01 5.761341543703337731e-01 6.497483596592393829e-01 6.577523978696190321e-01 5.679569681092672129e-01 5.044669388316169734e-01 5.690620931003225191e-01 5.756461031174249232e-01 6.077611337275351522e-01 6.137778048471717041e-01 5.331529661161815703e-01 5.380271554960299740e-01 5.562596705652091966e-01 6.386607618969143418e-01 6.284181053842379239e-01 6.451274042383728924e-01 6.174927893644100996e-01 6.211234768948412643e-01 6.276051536750656412e-01 6.341582199997709557e-01 6.131630210850163021e-01 6.237394443097497021e-01 6.042002438728384384e-01 6.196465885189172962e-01 6.342600159039880614e-01 6.363996571807178926e-01 6.339788021226040460e-01 6.377832322103675899e-01 6.350454254579117608e-01 6.451024397541366140e-01 6.562276625637907257e-01 6.394442002012254989e-01 6.427113839187299504e-01 6.353332876651932581e-01 6.202188736411959891e-01 6.227713118005393511e-01 6.332256702871478238e-01 6.342041571567891278e-01 6.351759666308065544e-01 6.369632091960173437e-01 6.228476242158256238e-01 6.193852654656991641e-01 6.261985017126988629e-01 6.195996104674210692e-01 6.259371664132568069e-01 6.227178640122450481e-01 6.354912522739105674e-01 6.298180610827553982e-01 6.360242945818695981e-01 6.310225728739429218e-01 6.298833637751556358e-01 6.321794066148058722e-01 6.183499865063823986e-01 6.297500863052074571e-01 6.191913616130212406e-01 6.299245785915108531e-01 6.386257515923615680e-01 6.540731352545851029e-01 6.556605290253414431e-01 6.277142019358873393e-01 6.212088073606985006e-01 6.320892593618624433e-01 6.321192998875108104e-01 6.293609959327660652e-01 6.358279887906514993e-01 6.373340001962770618e-01 6.335321904420065930e-01 6.205885179146257702e-01 6.262921067745911285e-01 6.254123957957296032e-01 6.351109412311932712e-01 6.339293647978789803e-01 6.431498381121781849e-01 6.407991163555235570e-01 6.379620301856538944e-01 6.367586043954310826e-01 6.328655132500229374e-01 6.342644581012099048e-01 6.510756544961648906e-01 6.311694406634774657e-01 6.395474093294685192e-01 6.319416578477754509e-01 6.195047572318385098e-01 6.182610025900595607e-01 6.455079601978199744e-01 6.336892585003186529e-01 6.341623320943501341e-01 6.397879515929658645e-01 6.390129845739691561e-01 6.335199236829436309e-01 6.270865246035254303e-01 6.328977749564049793e-01 6.357172253983480736e-01 6.317973931305582713e-01 6.246044977030669187e-01 6.153285927044461756e-01 6.300912067235990843e-01 6.278546743997217572e-01 6.267224952106484892e-01 6.230241897898604053e-01 6.288786418270193579e-01 6.257044750376772324e-01 6.179060810642563739e-01 6.290858706147686163e-01
9.025577472218467359e-03 8.112473871159089911e-02 2.426299575556240540e-01 3.910113300612975684e-01 1.000000000000000000e+00 3.112784855845406873e-01 4.803339505498962492e-01 4.480827213609517856e-01 4.790811733712018183e-01 4.067683731009807957e-01 4.549313510736310295e-01 5.031502980550598414e-01 4.778376796579281161e-01 4.485260219170951745e-01 5.105764301259525517e-01 5.126263114468108117e-01 4.642665022665051766e-01 3.837139348548670448e-01 4.398586646840040859e-01 4.477551423569565148e-01 4.808073116777330513e-01 4.872664596564086348e-01 4.191944543245193500e-01 4.134768243989790371e-01 4.376352714916746378e-01 5.013315924374895927e-01 4.819266710475250126e-01 4.826633558664911727e-01 4.677552904904299091e-01 4.726168634317182704e-01 4.936073405929698454e-01 4.919309275270796200e-01 4.444114617140291768e-01 4.746843984343992462e-01 4.472290158866027987e-01 4.953706907863872910e-01 4.912878304366481430e-01 4.886311554795111367e-01 4.889874299262746415e-01 4.895400871584592029e-01 5.048515968326493519e-01 5.043176649462364214e-01 5.097086937642297810e-01 5.141249529880626001e-01 5.025620061775252223e-01 4.986805469867390816e-01 4.946735130449975149e-01 4.962875048545691281e-01 4.903204644882096508e-01 4.892863785264567333e-01 4.965723721132402901e-01 5.015636180225884200e-01 4.975978083487971881e-01 4.859998746974590889e-01 4.822494273285892197e-01 4.882865260078498304e-01 4.779048334998363123e-01 4.832957578429403211e-01 4.864934902145481854e-01 5.001114742692572834e-01 4.998895394477939624e-01 4.900036221937351111e-01 4.830805038524181305e-01 4.903255717645080280e-01 4.927564383389695379e-01 5.022107703784999266e-01 4.940481711188310920e-01 4.966114090720027407e-01 4.967395438326652757e-01 5.155252182270578798e-01 5.136742887829958137e-01 4.931839084983810628e-01 4.842673080639766092e-01 4.939560496101999543e-01 4.979534199680480389e-01 4.962173896060791956e-01 4.936265133372723657e-01 4.961568151107578206e-01 5.025513414305460280e-01 4.862411283462381717e-01 4.898081596109674085e-01 4.933063759788499092e-01 4.959238642106479911e-01 4.829982128968490773e-01 4.967178057716256090e-01 4.981290745535940645e-01 5.004236096757590513e-01 4.925716059015409765e-01 4.972125961484478163e-01 4.930373434669173549e-01 4.967593332691596086e-01 4.983582100833732764e-01 5.057339210412884478e-01 4.970421765026752925e-01 4.913353452873651661e-01 4.892261802921399894e-01 4.924527016990831174e-01 4.891989722338582203e-01 4.960142258524566916e-01 4.982658603327241309e-01 5.031865772209703769e-01 4.906709171579985984e-01 4.938584355534936243e-01 5.020793715500783128e-01 5.021111658337547023e-01 4.797635584362204275e-01 4.853400549000276287e-01 4.887106457006685223e-01 4.912382352254544560e-01 4.910878778110963627e-01 4.895065443379755243e-01 4.928339109704927279e-01 4.870735027206469780e-01 4.922681892965766193e-01 4.894798101818891300e-01 4.924023874533509648e-01
-1.254617200292976881e-02 1.364837237279823978e-01 2.339538230933052854e-01 4.119874190058813723e-01 3.112784855845406873e-01 1.000000000000000000e+00 5.141471666839015908e-01 4.904279818351094944e-01 5.515288458376889080e-01 5.147391836243127017e-01 5.361837056394437306e-01 5.859862689876912389e-01 5.606967657525031568e-01 5.491879865108204584e-01 6.036860730814158638e-01 5.898972400833049079e-01 5.501929050687187628e-01 4.235387055794426758e-01 4.870375537423516921e-01 4.145668831208316751e-01 4.627027549419608365e-01 4.985349307684006082e-01 4.845718527692582933e-01 4.555644924990340794e-01 4.837881403618472520e-01 5.814800937694345473e-01 5.860676702651895775e-01 5.758596932031745386e-01 5.176929571415750386e-01 5.458887252361130926e-01 5.876657714446528180e-01 5.642149474713544777e-01 5.345239182804715217e-01 5.548644868320508072e-01 5.388821930925850046e-01 5.695444469357054951e-01 5.890342580004002127e-01 5.747405330958348380e-01 5.999540354737975534e-01 5.704726977421756828e-01 6.026752557068985050e-01 6.065211677051729477e-01 5.937632727573968205e-01 6.119515087693200295e-01 5.997445258208151664e-01 6.084829973535715864e-01 6.134848860012104277e-01 6.131050337156687124e-01 6.078213653330917232e-01 5.653212242684776401e-01 5.954108861309841405e-01 5.823267170934403048e-01 6.050051313529523078e-01 6.050108050088410794e-01 5.944431733612483004e-01 6.037024134316527624e-01 5.762121956345257479e-01 6.059529017261799932e-01 6.017318247596568082e-01 6.090245173560082659e-01 6.138589109635357310e-01 6.050748515678308070e-01 5.970076611033870995e-01 6.005166126501767510e-01 6.071764637779957230e-01 6.047397140461641118e-01 6.152425412174294950e-01 6.041289964116487443e-01 6.030586189428350785e-01 6.032637061892137664e-01 6.070784366147636835e-01 6.079809373885344259e-01 5.915098872693798082e-01 5.970447525211189932e-01 6.167864181702585880e-01 6.125057190494264114e-01 6.097326335963669797e-01 6.099539610789609378e-01 6.104147445892850188e-01 6.110369711854248820e-01 6.128890365722607925e-01 6.138704318747352229e-01 6.086608816269428734e-01 6.026230199176541014e-01 6.068430352485689738e-01 6.108240513141932615e-01 6.169632060015249886e-01 6.124115333359523294e-01 6.155388765340998880e-01 6.096218765721348465e-01 6.079972602709615703e-01 6.195916101779250784e-01 6.174913718593162404e-01 6.183057794206864299e-01 6.193185832131785640e-01 6.173152229611762465e-01 6.041416438082528595e-01 6.004928036517709344e-01 6.150395015241695296e-01 6.148657552083213185e-01 6.180381898692944853e-01 6.100047982699684512e-01 6.178295860379291460e-01 6.204239756175583542e-01 6.147698768401941294e-01 5.977767807332007299e-01 6.161089346467842898e-01 6.162258733227270469e-01 6.137600265489875362e-01 6.174541368369743655e-01 6.135377445211256386e-01 6.163040396610773852e-01 6.129012076337179149e-01 6.141789595772435550e-01 6.117330315251836570e-01 6.113025050174176744e-01
8.086333072425605506e-02 1.409245462396807036e-01 3.358704162603369237e-01 6.186730369121185014e-01 4.803339505498962492e-01 5.141471666839015908e-01 1.000000000000000000e+00 7.276394603527955862e-01 7.645089249642772478e-01 7.209280345218882502e-01 7.579189622113187141e-01 8.097619549444244891e-01 7.421408862312588450e-01 7.326207608865443754e-01 8.469739513032175093e-01 8.381314216226425362e-01 7.585086163093208711e-01 6.355011067085990506e-01 7.099899653898940066e-01 6.930392659093292940e-01 7.458753909191719877e-01 7.658162863627613337e-01 6.902204396818300003e-01 6.679750860811685120e-01 7.036334120603683351e-01 8.226910015691427658e-01 8.113175097081215537e-01 8.129119852249585554e-01 7.784778107228473853e-01 8.043902421583390971e-01 8.193849802688070172e-01 8.201319043062907932e-01 7.784669556627179521e-01 8.037480769671568881e-01 7.827723337450526175e-01 8.124582469249332917e-01 8.170263788471200384e-01 8.316696895947772727e-01 8.309026971261916916e-01 8.101675780614021605e-01 8.265165745134667175e-01 8.282426927213070167e-01 8.362861005997512809e-01 8.332764666863191616e-01 8.230720547842531598e-01 8.249940124593240220e-01 8.103234424539109693e-01 8.182054516233032704e-01 8.243582707256390529e-01 8.366749873454651931e-01 8.357461964255056275e-01 8.284501989317193393e-01 8.151859847313394081e-01 8.153595335270390487e-01 8.223071222994694507e-01 8.184850614338211594e-01 8.273704255163151222e-01 8.111217542440430917e-01 8.274270211473948589e-01 8.223804663596200326e-01 8.296083168196218827e-01 8.241230905754542979e-01 8.301598205280366072e-01 8.320715363037703982e-01 8.107503350310824031e-01 8.200684669850116792e-01 8.135236668060045195e-01 8.162065185441200743e-01 8.248819961639267673e-01 8.365621463812877856e-01 8.375955755443148520e-01 8.143289186103317423e-01 8.004279328381158631e-01 8.089756705075987764e-01 8.233899895305856198e-01 8.228347316373310072e-01 8.252210320204549365e-01 8.220952962660947883e-01 8.229154619366616519e-01 8.170461466394451922e-01 8.166176565633698203e-01 8.209861447960555836e-01 8.255417989314196570e-01 8.197126072035260114e-01 8.315113339289645911e-01 8.286479771621677592e-01 8.231374137289683146e-01 8.250352761438373150e-01 8.261910157235730079e-01 8.196841801446937970e-01 8.237899759657463239e-01 8.198274191403686073e-01 8.293638839934881490e-01 8.216271976767620666e-01 8.092320690619619894e-01 8.104262618890917258e-01 8.297953119738517014e-01 8.308593559158973241e-01 8.281798500062462765e-01 8.295059771037484042e-01 8.293356023055000747e-01 8.280691091147311944e-01 8.207480755864352551e-01 8.245239282446127360e-01 8.315308853591749649e-01 8.205866671281517588e-01 8.191937796491076673e-01 8.074852264551023451e-01 8.208881359740121120e-01 8.193665383713690797e-01 8.155533928872176208e-01 8.138101476372792131e-01 8.184669504612860358e-01 8.200932800175310122e-01 8.092853894963885075e-01 8.196492499103030793e-01
3.504806143766116266e-02 1.353941967299306937e-01 3.405237135482451771e-01 5.883899148006537239e-01 4.480827213609517856e-01 4.904279818351094944e-01 7.276394603527955862e-01 1.000000000000000000e+00 7.020367556418413146e-01 6.700824550260779944e-01 7.120230694319733544e-01 7.709973112212873403e-01 7.048752188161739873e-01 6.931176280107538279e-01 7.922796546016496189e-01 7.936317589007753082e-01 6.939515793351134221e-01 5.635992149631880999e-01 6.430633655166809737e-01 6.189321375559126981e-01 6.577141920445054302e-01 6.835942347088795890e-01 6.380817950122894544e-01 6.140661274201677511e-01 6.332034270827716638e-01 7.582075330370814381e-01 7.426067510824422291e-01 7.531433624161734119e-01 6.858125981431997253e-01 7.431623710124248827e-01 7.662994489735392989e-01 7.662408330826955272e-01 7.238884900330667671e-01 7.566688148018100302e-01 7.351497709306277217e-01 7.472215496284936309e-01 7.702861323664443871e-01 7.789251637390217642e-01 7.800867769788537576e-01 7.643146746238548284e-01 7.795465866946891254e-01 7.867304580891608667e-01 7.911907130612296779e-01 7.826756099350192786e-01 7.838057054268843249e-01 7.780324378429998022e-01 7.773278480348113639e-01 7.767696114949250719e-01 7.852427482985604446e-01 7.800718697748398878e-01 7.949619717381156692e-01 7.765395729828795668e-01 7.793533398371976784e-01 7.651179210412317744e-01 7.677724762058408814e-01 7.689837023697156937e-01 7.633196181817579751e-01 7.763341897058970709e-01 7.816618946662601264e-01 7.733467046319415505e-01 7.921432517651547656e-01 7.751410464695561719e-01 7.846484770835491229e-01 7.795022151420075707e-01 7.612492785111504290e-01 7.735826257912779003e-01 7.762048389309280649e-01 7.737974805410732237e-01 7.792862287900627072e-01 7.905250429251188260e-01 7.896304117421756308e-01 7.714157237747960583e-01 7.645143539354458673e-01 7.639495779458698177e-01 7.840737952817758982e-01 7.789064482680877477e-01 7.796591012498400586e-01 7.735125125931104906e-01 7.799545187732294105e-01 7.791579204090085531e-01 7.772345320837774629e-01 7.805674594915156250e-01 7.870276289645289358e-01 7.836844253283493655e-01 7.981449612413957784e-01 7.934965720957836144e-01 7.853378684244278762e-01 7.912576889446186756e-01 7.886732203634804206e-01 7.858643305057202433e-01 7.906456200906826215e-01 7.857753967305709519e-01 7.911146040466956464e-01 7.841079366309809950e-01 7.805072826946461984e-01 7.775027185008426267e-01 8.016126492219678434e-01 7.951690585949228174e-01 7.955059932903202347e-01 7.971535271012646362e-01 7.926258972212620879e-01 7.966203023024605034e-01 7.878344863438095924e-01 7.886994859082517850e-01 7.948240644811077615e-01 7.858183074099450716e-01 7.869782131850026063e-01 7.749522102960885173e-01 7.841588341272841545e-01 7.849305968871382877e-01 7.835797785381948266e-01 7.797822421011015859e-01 7.859160687927487787e-01 7.854808997437133788e-01 7.761788764752104441e-01 7.866348166122149044e-01
1.146541696909313401e-01 1.715229803403456321e-01 3.694518242498473493e-01 5.852989553211773721e-01 4.790811733712018183e-01 5.515288458376889080e-01 7.645089249642772478e-01 7.020367556418413146e-01 1.000000000000000000e+00 7.774242062000619180e-01 8.224479080190375546e-01 8.516932548871117836e-01 7.820578543412745054e-01 8.013553389644145764e-01 8.674100013912913187e-01 8.541365750612960328e-01 8.399926134649255971e-01 6.991970033645615867e-01 7.681582945471023827e-01 6.317435817089729344e-01 7.518313801093774451e-01 7.981873827208983974e-01 7.734110896189029249e-01 7.243350089899144306e-01 7.720696327733814757e-01 8.790263575636650950e-01 8.587410790809907324e-01 8.423062685121367466e-01 8.171331277801990867e-01 8.628160333255769920e-01 8.890202022116143743e-01 8.626925231286263207e-01 7.903524436123107177e-01 8.446730745766463100e-01 8.286228541922797675e-01 8.504223826636033712e-01 8.635387490644758079e-01 8.627869365228183485e-01 8.802265497123674676e-01 8.152290136151811861e-01 8.832690971245797940e-01 8.742740841225792314e-01 8.651864977682722779e-01 8.927453574076961162e-01 8.748138843960521216e-01 8.811785096008079021e-01 8.842787722209098922e-01 8.968611588562995784e-01 8.900934161043930759e-01 8.617237038534650839e-01 8.766032572640195530e-01 8.684478689076016167e-01 8.751620140538352022e-01 8.986710513616217311e-01 8.941879345555303615e-01 8.904912174257506585e-01 8.899562420319995226e-01 8.819528476171051290e-01 8.907581665779110702e-01 8.996594803519326611e-01 8.905856340216306011e-01 8.977495065212671710e-01 8.905073300785902868e-01 8.958114738793114817e-01 8.936691086546901808e-01 8.930726403658952872e-01 8.898038909349081926e-01 8.899141234086526131e-01 8.908388711734482879e-01 8.771209876027277197e-01 8.874054983493450122e-01 8.939066453668598200e-01 8.723789791049049169e-01 8.790654746968531441e-01 8.909480659046613571e-01 8.916899636383800454e-01 8.891569664889897862e-01 8.887061424451969671e-01 8.908178484873472414e-01 8.906481930493502785e-01 8.882786272069054245e-01 8.971564461776611044e-01 8.910184689667224323e-01 8.811298297516223510e-01 8.778599258494680369e-01 8.871286507532690768e-01 8.876004448229402044e-01 8.810927001714830009e-01 8.895304340183259884e-01 8.849313556532015790e-01 8.604400594317781481e-01 8.832797335885155254e-01 8.872991760326311983e-01 8.870044902931678577e-01 8.856752310936666372e-01 8.881060242133663740e-01 8.665230599778102061e-01 8.789002534345118356e-01 8.899039033353156603e-01 8.783508165587100569e-01 8.837004414306977029e-01 8.834494717880218007e-01 8.856216367085402164e-01 8.899316168469392219e-01 8.894063670803099564e-01 8.844332041895592855e-01 8.872741168088198460e-01 8.869336730573527117e-01 8.913648395471799324e-01 8.891946369683616513e-01 8.819142206030320397e-01 8.893959725826539042e-01 8.875239719924565840e-01 8.907665660532737562e-01 8.917706444849985425e-01 8.922618123314343119e-01
5.127513728781833008e-02 1.665835923121159190e-01 3.382172869031033757e-01 5.461563516244670735e-01 4.067683731009807957e-01 5.147391836243127017e-01 7.209280345218882502e-01 6.700824550260779944e-01 7.774242062000619180e-01 1.000000000000000000e+00 7.738165554651694755e-01 8.090732774321268694e-01 7.473046739257299675e-01 7.513905691574788159e-01 8.185076784146558815e-01 8.014482545198119423e-01 7.640771171144665752e-01 6.435414117020095137e-01 7.020430103042095693e-01 5.627767699946033542e-01 6.702431149245418052e-01 7.258044325180773582e-01 7.108273401523131918e-01 6.688719362877653118e-01 7.145594402717657667e-01 8.237212504566733262e-01 8.040713716902554431e-01 7.982102644335574704e-01 7.533287028323041312e-01 8.021843317482979518e-01 8.416538662945713956e-01 8.075534310282472816e-01 7.603389211475879428e-01 7.937728750186573423e-01 7.820737270801907393e-01 7.783842068813642268e-01 8.253248836269712063e-01 8.174923448286957051e-01 8.328600062523684455e-01 7.822262398273757134e-01 8.349141814853202614e-01 8.303409557311078881e-01 8.171665749875900442e-01 8.371961138522227008e-01 8.234399249633951312e-01 8.352945945563827745e-01 8.398439990206109096e-01 8.473207411364359620e-01 8.425240504670090669e-01 8.024443459112338140e-01 8.218649582176178470e-01 7.985018094563741675e-01 8.246552003315066326e-01 8.467858100056345760e-01 8.450770691624425179e-01 8.437218028418964622e-01 8.276780424106002787e-01 8.406627209946286872e-01 8.426930613420831051e-01 8.442398000487516541e-01 8.385546161896132444e-01 8.456253726896362233e-01 8.392334960957400503e-01 8.408388966214540572e-01 8.346730852400399137e-01 8.353453621110424887e-01 8.439492563580661688e-01 8.405352514224685434e-01 8.404825915998226371e-01 8.231899712216383946e-01 8.325005941040974911e-01 8.443523416258340575e-01 8.249483376778575794e-01 8.291513334575077998e-01 8.473540670328675306e-01 8.476051735566823009e-01 8.457581391599060527e-01 8.434194019537445408e-01 8.429994632331675453e-01 8.452367716629647365e-01 8.445047130338723118e-01 8.514440256006418073e-01 8.415203601992343740e-01 8.413608028719471443e-01 8.338670560464789272e-01 8.383652583435753369e-01 8.421066910718887355e-01 8.424691850784292724e-01 8.437040251470711016e-01 8.413898965583680445e-01 8.248811845403725140e-01 8.439880459944523183e-01 8.426596915395784260e-01 8.451086461036350084e-01 8.430249256743728159e-01 8.454372037004675988e-01 8.242274880753910349e-01 8.283670999246793842e-01 8.453761474403176379e-01 8.386204210524069724e-01 8.412375470371556974e-01 8.400186672124507758e-01 8.421912942926909063e-01 8.435046337232134928e-01 8.375791811878507964e-01 8.365595869008889407e-01 8.452259947332346757e-01 8.447327641656273700e-01 8.493240479004392496e-01 8.467031781403655533e-01 8.430820812108626994e-01 8.450353795048425321e-01 8.453488875104953060e-01 8.437051830908725014e-01 8.420331127493573264e-01 8.435533341222761772e-01
4.484849847932741856e-02 1.781602463326198982e-01 3.512264222836544714e-01 5.906181761845401557e-01 4.549313510736310295e-01 5.361837056394437306e-01 7.579189622113187141e-01 7.120230694319733544e-01 8.224479080190375546e-01 7.738165554651694755e-01 1.000000000000000000e+00 8.648863655015885943e-01 7.864414228449907451e-01 7.977405246180815368e-01 8.673124517626602525e-01 8.490460332176710256e-01 8.055353869504447983e-01 6.854497823508401977e-01 7.557472733457291092e-01 6.277336446954329130e-01 7.324233448791745982e-01 7.727757813578569612e-01 7.583351132653729509e-01 7.178449834372716554e-01 7.562347899302570564e-01 8.676644011818771540e-01 8.547590919182211922e-01 8.424184519697545115e-01 7.865208610126138700e-01 8.431589169299309461e-01 8.803136294320044186e-01 8.631752814958952857e-01 8.006179364176893021e-01 8.507708434797135455e-01 8.242718247216304084e-01 8.465074144298964098e-01 8.712196001251260036e-01 8.654317823202047899e-01 8.851912065133175078e-01 8.388647619762167329e-01 8.857154494575303350e-01 8.826642810236574599e-01 8.728050454125237945e-01 8.899978741270292426e-01 8.836496675386635857e-01 8.867053376691332867e-01 8.895200243390286587e-01 8.927223974021846198e-01 8.931447256039436455e-01 8.575025932812687657e-01 8.783507341300367255e-01 8.581992696015343647e-01 8.796698547037076210e-01 8.914923060576753766e-01 8.868389856983629471e-01 8.897126845354740299e-01 8.742227308551904219e-01 8.876115979434332504e-01 8.915223358939570186e-01 8.940561090000546107e-01 8.919002449521740150e-01 8.942233654345679295e-01 8.872577075670996516e-01 8.918366823259907816e-01 8.833410244157307023e-01 8.878045505142053706e-01 8.927339629489593475e-01 8.898023787394405693e-01 8.919856859424931672e-01 8.821216596156241652e-01 8.899314156496136441e-01 8.928895496168725021e-01 8.791462553399950197e-01 8.813627734376074940e-01 8.983838570203037666e-01 8.950373861319380620e-01 8.921099699954665452e-01 8.882893190601082178e-01 8.912744557569436399e-01 8.922604330852793586e-01 8.920879152660174949e-01 8.975024873754525734e-01 8.961497121125823195e-01 8.867295201205896982e-01 8.879264910299365932e-01 8.940176424283103884e-01 8.952205532474337701e-01 8.934366591482063580e-01 8.958253839181892220e-01 8.953596853181121640e-01 8.811139784167679734e-01 8.928784033151544453e-01 8.959069501869886265e-01 8.953227748794206908e-01 8.927176848739392101e-01 8.938486134406672390e-01 8.752792406899461142e-01 8.738763981306756357e-01 8.920212155701295886e-01 8.896984684634624552e-01 8.921219437508777217e-01 8.889471789049603334e-01 8.912446677944916296e-01 8.932384929518463190e-01 8.918710721795506391e-01 8.842014586292387124e-01 8.926338444240695669e-01 8.915277747986315449e-01 8.962912663080390141e-01 8.939248797307864924e-01 8.933524695431774854e-01 8.939213283237591456e-01 8.947989485175763535e-01 8.927176905602713930e-01 8.915103932466620362e-01 8.938230725229249218e-01
3.575578526373526106e-02 1.685320982927773770e-01 3.868401624308033249e-01 6.477413677350530863e-01 5.031502980550598414e-01 5.859862689876912389e-01 8.097619549444244891e-01 7.709973112212873403e-01 8.516932548871117836e-01 8.090732774321268694e-01 8.648863655015885943e-01 1.000000000000000000e+00 8.390180800789431848e-01 8.444944256746986788e-01 9.246031089295785321e-01 9.096470362551591915e-01 8.419727181651646131e-01 6.965628250969092550e-01 7.832679899741826768e-01 6.945804271242922434e-01 7.852471218981007528e-01 8.197403772693598878e-01 7.745004277481766231e-01 7.407161347815588437e-01 7.801759571301539742e-01 9.105993872178710369e-01 8.942277499787439909e-01 8.925241017948752908e-01 8.342816180401861903e-01 8.898175609368135230e-01 9.241933136837624518e-01 9.083831779964061104e-01 8.512290975734283505e-01 8.932707307120023588e-01 8.684434304783685832e-01 8.986037377912341473e-01 9.213633265722859234e-01 9.164755431802223962e-01 9.302956840648463066e-01 8.930796799545765996e-01 9.341964070717330149e-01 9.314903451087469533e-01 9.278066930992412420e-01 9.386627730831205163e-01 9.332592866183724301e-01 9.333532808587011731e-01 9.351880590091812273e-01 9.377904304277542291e-01 9.377792145650156730e-01 9.073486764210270117e-01 9.295132795912283141e-01 9.165605336576170270e-01 9.292053413545803275e-01 9.312039065261669135e-01 9.262349308099019352e-01 9.297262886496810985e-01 9.148533359666080056e-01 9.308461126361086135e-01 9.344568532407420136e-01 9.377889940337212904e-01 9.413815921730880332e-01 9.363608001915864065e-01 9.338022427041142715e-01 9.381052398593465735e-01 9.263032957451856619e-01 9.353636088604498910e-01 9.364241543183480232e-01 9.320777788848799705e-01 9.359187009828694448e-01 9.356735964102764758e-01 9.407644614977508368e-01 9.350739378459748119e-01 9.163494343059553904e-01 9.220979396274797679e-01 9.401921908124089011e-01 9.379126452847080797e-01 9.355997558057563834e-01 9.346961270008243838e-01 9.366944968875163813e-01 9.345145515806022596e-01 9.362656977434681282e-01 9.421942819281802217e-01 9.388485634479157849e-01 9.320166167240324651e-01 9.374752104057444413e-01 9.411157501279318049e-01 9.444629484429103439e-01 9.384894088336722673e-01 9.424162247338312426e-01 9.388111230073538094e-01 9.329282507759197873e-01 9.411751934866132707e-01 9.457344217730646596e-01 9.413199194587084095e-01 9.386095772022342576e-01 9.380789219923673095e-01 9.277134300198852657e-01 9.229974012272709194e-01 9.402828847258259959e-01 9.392817874651533394e-01 9.408968646027593419e-01 9.353198930338442185e-01 9.400014720767613241e-01 9.422402124084612307e-01 9.431853045821028125e-01 9.262442846907005256e-01 9.367484393113219010e-01 9.356562378460505647e-01 9.400904519841646323e-01 9.406552404831406422e-01 9.371920662843663541e-01 9.396547227552433101e-01 9.388349452125270833e-01 9.383364684648242138e-01 9.349966301790755274e-01 9.389727699954802942e-01
1.404677657385384679e-02 1.632100581765017489e-01 3.347566370018174031e-01 5.729963780515742178e-01 4.778376796579281161e-01 5.606967657525031568e-01 7.421408862312588450e-01 7.048752188161739873e-01 7.820578543412745054e-01 7.473046739257299675e-01 7.864414228449907451e-01 8.390180800789431848e-01 1.000000000000000000e+00 7.838959139409821253e-01 8.562857929210796470e-01 8.377560132921356706e-01 7.718603790727994740e-01 6.116305490559258429e-01 6.973352508712518105e-01 6.263556011817970059e-01 6.895924974697401622e-01 7.276355051613287994e-01 6.976079358237269323e-01 6.616649891804368133e-01 6.984308975329774904e-01 8.351221205619676624e-01 8.236234161298767731e-01 8.068347753243549914e-01 7.475726301899946469e-01 8.051262816447378734e-01 8.540479321687092229e-01 8.169261870116573121e-01 7.575401934220195033e-01 7.968978601119983685e-01 7.875594152399378878e-01 8.213612574189577131e-01 8.409281957662871898e-01 8.241752355053977297e-01 8.531247006612141526e-01 8.055665954567440279e-01 8.647455799570111790e-01 8.560462020398154070e-01 8.454495082121253891e-01 8.695224837102605298e-01 8.623505307253753749e-01 8.609217896111426294e-01 8.734353991769712167e-01 8.745623110797146049e-01 8.704441587425331139e-01 8.108753336660433630e-01 8.433021725709521910e-01 8.357517276396453365e-01 8.647960346737133541e-01 8.645474540700096577e-01 8.541770397445479501e-01 8.577324626850995060e-01 8.293684352256843750e-01 8.643062140294989204e-01 8.574493714496769226e-01 8.745081957117447624e-01 8.709097345153121728e-01 8.642341954077396027e-01 8.535047009219925984e-01 8.612264281400678900e-01 8.588947196123727368e-01 8.672563388021728992e-01 8.732170724697826403e-01 8.595533167167539457e-01 8.611619081995874891e-01 8.650584063227357845e-01 8.637637793337675784e-01 8.668856976715137996e-01 8.436113275416262658e-01 8.481855629668432206e-01 8.761863444395543432e-01 8.723874656491393820e-01 8.635371954481730894e-01 8.627153333803577739e-01 8.663926680307650896e-01 8.700244177100572296e-01 8.716965009130388520e-01 8.757371242357722130e-01 8.683034704457462949e-01 8.572074948081283008e-01 8.621066749922469130e-01 8.671093375214339316e-01 8.745297334501037634e-01 8.683835623763797029e-01 8.742439679964233434e-01 8.707547267848095851e-01 8.564605957169660888e-01 8.764393286858451759e-01 8.758594424360546249e-01 8.759313708778273533e-01 8.784369801664445587e-01 8.774125547977416062e-01 8.564091087668196378e-01 8.541050408097585755e-01 8.735868754302756889e-01 8.705924743318607106e-01 8.764186185513048732e-01 8.665403785996834696e-01 8.757360704930196027e-01 8.773772526322547449e-01 8.726964742597155267e-01 8.585741054834955532e-01 8.750943876359670304e-01 8.746943724520109820e-01 8.748761633110565539e-01 8.759119937057112670e-01 8.741479179242440667e-01 8.785562532534997304e-01 8.740188131797826943e-01 8.741635090050019485e-01 8.717050431136357247e-01 8.750844276771652108e-01
