1.000000000000000000e+00 7.877868890705923277e-02 1.852010278671277488e-01 1.201244585749266652e-01 9.352415812394497541e-02 -8.716292062907391152e-04 1.385933644153244937e-01 8.315212981393714509e-02 1.366765753633644720e-01 6.802029514248605913e-02 6.652727318015576319e-02 6.806513184409800077e-02 2.655386095017267870e-02 1.786687668922466374e-02 4.584142550737543148e-02 1.867492011285975043e-02 1.178341540597541842e-01 1.595229394080836804e-01 1.505892649966247554e-01 1.045498523896190440e-01 1.083815075793932436e-01 1.323254577808574417e-01 1.411248744353589823e-01 1.708307237664018485e-01 1.268680790025569771e-01 1.320423947322947600e-01 1.665276234090747320e-01 1.584632874035784844e-01 1.822654467383941490e-01 1.610219637229691469e-01 1.202084943935769201e-01 1.228665065433272724e-01 1.376539740570055237e-01 1.330113386906609796e-01 1.482854862623602943e-01 1.100606703206468834e-01 7.590469058614845999e-02 7.514001683720376856e-02 4.190461605214534924e-02 7.980552458842063435e-02 4.637066709010941729e-02 4.373511382105823436e-02 4.490021279444993130e-02 5.426253684024215374e-02 8.750894153707371170e-02 4.667271214053266698e-02 2.080994987396634494e-02 2.365547623961918033e-02 5.859052418914711263e-02 9.269779991260587715e-02 5.660598238505103186e-02 7.441600770044208557e-02 5.422960263884230026e-02 6.317226040058220027e-02 7.773107506839703473e-02 7.256302556472589427e-02 9.039841264782631780e-02 1.194143085276666745e-02 1.866182279631134130e-02 2.975635841148501284e-02 3.131541666265056506e-02 2.136239697445337787e-02 3.316283039255887855e-02 5.348675923745602884e-02 6.970260005438312645e-02 7.643058220770206079e-02 3.803126663809117819e-02 5.095037088137376741e-02 6.802188639662899716e-02 6.576824970453659658e-02 4.377173351348914027e-02 5.208943962458155441e-02 6.096123107045652023e-02 6.068292836075836472e-02 6.402841797279087976e-02 6.462687246752310544e-02 4.683814892225721116e-02 9.839804525070275365e-02 7.858461392147439439e-02 8.733446038471037731e-02 6.168864505535343740e-02 3.945070512976264765e-02 5.111512430591958617e-02 7.702950443475201081e-02 6.670575758101872366e-02 4.116156983032283334e-02 4.041277867068642643e-02 3.437584436030201307e-02 3.776597582980170675e-02 4.587209829940778333e-02 3.784987550362281516e-02 2.934610108360152098e-02 3.624070812041267631e-02 1.522091426721115803e-02 1.753629137923254019e-02 2.148184363652489576e-02 5.011265630930916704e-02 6.220001748472422931e-02 2.190872773961594425e-02 3.821707665404530663e-02 1.826121774771720038e-02 3.588318295806256636e-02 1.698307088626009945e-02 1.404000453543462375e-02 4.280525610526259711e-02 4.327633298251111482e-02 3.467701730075251065e-02 2.599042936742335108e-02 3.812833862625453901e-02 2.157656516092037666e-02 2.400394888679593594e-02 2.391763584413309288e-02 1.360136607323168129e-02 3.327946183631074611e-02 4.664748844240979020e-02 3.949049718821557448e-02
7.877868890705923277e-02 1.000000000000000000e+00 1.029757313455950535e-01 9.324487239588892529e-02 7.937109464983092832e-02 8.973794636255964796e-02 1.495656955953571787e-01 7.614326101857445128e-02 1.387855834855159232e-01 1.772669423087337992e-01 1.210326314867040814e-01 1.337489407240155803e-01 1.483701875201849929e-01 1.254732011162625893e-01 1.452134028192948179e-01 1.250114782543232106e-01 1.235486235960306933e-01 1.221076267828843376e-01 1.370846524353425966e-01 3.028293224372464315e-02 6.069770750724717834e-02 9.925527093715148796e-02 1.690113642012479045e-01 1.233859784751890759e-01 1.256878116364674447e-01 1.600973142744738786e-01 1.548219588592722462e-01 1.651691026309654586e-01 1.600283626309503549e-01 1.488906786164562734e-01 1.512525000264126618e-01 1.531810469372315853e-01 1.642214157385738227e-01 1.462534920713716435e-01 1.684813759845163461e-01 1.378532732209538647e-01 1.441492713032599127e-01 1.515170291483515785e-01 1.483691828520814771e-01 1.392053874532015734e-01 1.547817279092682519e-01 1.539629010576557266e-01 1.382892164776347299e-01 1.540039886905105460e-01 1.641410084017843607e-01 1.558629020558973677e-01 1.515717751157448778e-01 1.530952628137135507e-01 1.335229437249307316e-01 1.125908424009415404e-01 1.337089862874025203e-01 1.052063033382812651e-01 1.346504989275155162e-01 1.587974937790688212e-01 1.609425051289349318e-01 1.652397287427173622e-01 1.144328966773022205e-01 1.477864025002394721e-01 1.428650832858540387e-01 1.425985942612700841e-01 1.375835600028352812e-01 1.461966957724423199e-01 1.377547815492681238e-01 1.297595385133015755e-01 1.471384878629182213e-01 1.392793407781436621e-01 1.576500137847006988e-01 1.526981030781043025e-01 1.662867594574183039e-01 1.217289036331122842e-01 1.319063100659369214e-01 1.564877714812426546e-01 1.449443334885392176e-01 1.436705231540997274e-01 1.612912836101250413e-01 1.536290073174007287e-01 1.545913660237021869e-01 1.528603065685212592e-01 1.593821647368816319e-01 1.598732406824845131e-01 1.483178982763772025e-01 1.540328884656908814e-01 1.485732388535638826e-01 1.666908437111338792e-01 1.582971293057025830e-01 1.546376891072324955e-01 1.454333462795404930e-01 1.563802402563209681e-01 1.518687125319709008e-01 1.570996894719091930e-01 1.536992261925319292e-01 1.541038419257622638e-01 1.554866995736578772e-01 1.506754938224575679e-01 1.479768256504306323e-01 1.542172326489283651e-01 1.386637797196391686e-01 1.175575787131815653e-01 1.502294022571851462e-01 1.455131028694506001e-01 1.466563297443637115e-01 1.456005184776687222e-01 1.395790127252718449e-01 1.474463326838731936e-01 1.390443874571212768e-01 1.344106565925656804e-01 1.411658141949045930e-01 1.596878220761478728e-01 1.585428195654039474e-01 1.508645262130206000e-01 1.537115393411883912e-01 1.448817886803648869e-01 1.467068263913692550e-01 1.431295640322250429e-01 1.487623655454236304e-01 1.432888686972711711e-01
1.852010278671277488e-01 1.029757313455950535e-01 1.000000000000000000e+00 3.835584120918165141e-01 1.927744506334648222e-01 2.377729104136993288e-01 3.770216134269281372e-01 3.364034376557936135e-01 3.624543348293612355e-01 3.157043659148778825e-01 3.822583497442603728e-01 4.112372885749885354e-01 3.387886517943872189e-01 3.244541895154158806e-01 3.692987339457239893e-01 3.421459584412976374e-01 3.660060565864814985e-01 4.364865431548373143e-01 4.185336318020454471e-01 3.792786453436020055e-01 3.981378567553190972e-01 4.087885781889652459e-01 4.338374037560506213e-01 4.440385865716647285e-01 4.142302851795423013e-01 3.981182211172173413e-01 4.254644183844148997e-01 4.135592512899898820e-01 4.059792626137538329e-01 4.094013905023162758e-01 4.429340027884259845e-01 4.304774295104219495e-01 4.143982392021378081e-01 4.494146491989316483e-01 4.377836476560981738e-01 4.344004721894117460e-01 4.247893114416569360e-01 3.865585521160765925e-01 3.921934696546652832e-01 4.077741714590316646e-01 3.810986342265944571e-01 3.940577172898642178e-01 4.043262072877295554e-01 3.981904504887948670e-01 4.115397844179440878e-01 3.950985126604250608e-01 3.682081521594797735e-01 3.698220091835248691e-01 3.714329059010090250e-01 3.937318563581094222e-01 3.887689344143036019e-01 3.897297761235938296e-01 3.877694019167099437e-01 3.725475205606723628e-01 3.768093579206515664e-01 3.961084970611241651e-01 3.799754361429890648e-01 3.639085130813663471e-01 3.573773266933954473e-01 3.698149175530320298e-01 3.681548758632250951e-01 3.610320485724545780e-01 3.641027091723285647e-01 3.779508639934611169e-01 3.923029731887342497e-01 3.747859647419405360e-01 3.845335913646375503e-01 4.006641854573003703e-01 4.085815708141016800e-01 4.058679240786871589e-01 4.014445579928295205e-01 4.014469196570461529e-01 4.074712787832772132e-01 4.158215815821668104e-01 3.931073594863450649e-01 3.993220574260356592e-01 3.805276644302952316e-01 3.988546503072081806e-01 4.070249376455237211e-01 3.983152925343523831e-01 4.084688027413435618e-01 3.943202510381237924e-01 3.926191572111635275e-01 4.003514649753326382e-01 4.057074386095660956e-01 3.992179870725685031e-01 4.056044952324190933e-01 3.839913642382870584e-01 3.923198516413077819e-01 3.890771586211825839e-01 3.936397847659321436e-01 3.811769581538865803e-01 3.885138569628665550e-01 3.806086522383789750e-01 3.699125427119880904e-01 3.709295313167287333e-01 3.870515121714699358e-01 3.868227123665256562e-01 3.708689242370689088e-01 3.873267171724042446e-01 3.807830016080628877e-01 3.790500801516520912e-01 3.763699108289683126e-01 3.702182475663628458e-01 3.894565926735964467e-01 3.707493918075164263e-01 3.738996930621745762e-01 3.689261932103430897e-01 3.792019592052472410e-01 3.703503379112381144e-01 3.739300388075149639e-01 3.684764309630432777e-01 3.641211445762317367e-01 3.772189743591813915e-01 3.845381173230181249e-01 3.741813373599338632e-01
1.201244585749266652e-01 9.324487239588892529e-02 3.835584120918165141e-01 1.000000000000000000e+00 3.357875682646908055e-01 3.897015471744618709e-01 6.023104996723861460e-01 5.436108479262825588e-01 5.412757839804679394e-01 4.881341717414892090e-01 5.829317371955370364e-01 6.402284295830090732e-01 5.372198506437795285e-01 5.458856198425993123e-01 6.044865936268414286e-01 5.782858100272407764e-01 5.694757514302469792e-01 4.920389134560591016e-01 5.215283009163258487e-01 4.799460972314207874e-01 5.079327449448020060e-01 5.406812318048506150e-01 5.544251490013576422e-01 4.843690827382028385e-01 5.013297755112237075e-01 5.709125376239529981e-01 5.902713650560419412e-01 5.833949273293456139e-01 5.341991238542402876e-01 5.752466044166320014e-01 6.301891730240759548e-01 6.063846763604269219e-01 5.709961203302895694e-01 5.834410422201055102e-01 5.830309496586951745e-01 6.097096193254400998e-01 6.086896230710066025e-01 6.054739442729553112e-01 6.123236945121037778e-01 6.238951633258126295e-01 6.087545803552627532e-01 6.172090233655860292e-01 6.143516133185187300e-01 6.288845684299451122e-01 6.213033246182628755e-01 6.113352384252151994e-01 5.970440729799789681e-01 5.902895238223847540e-01 6.060054223538586804e-01 6.236344130663674656e-01 6.164791646778235990e-01 6.359819411794681576e-01 6.257141751794850215e-01 5.811525799734370556e-01 5.812486548296454947e-01 6.100243549100008433e-01 6.136481677718194083e-01 5.897630264079801732e-01 5.841103845996223898e-01 5.970424097658799667e-01 5.966484100882317732e-01 5.883121682451464274e-01 5.982699479634275841e-01 6.142906853697807090e-01 6.094178926849604938e-01 6.094326257091740029e-01 5.976109066280702597e-01 5.915949526014313564e-01 5.918020054838444288e-01 6.060596076758156814e-01 6.102665579994869249e-01 6.044753365864685701e-01 5.817207123505674371e-01 5.994725437819358183e-01 6.037412690444670105e-01 6.067534966157664966e-01 5.945703314436801001e-01 5.872383428334234656e-01 6.031547829107513081e-01 5.864633231737900187e-01 6.115541294283421969e-01 6.145855723892059697e-01 6.155824687412760898e-01 5.874003776087638462e-01 6.143037572475908981e-01 6.026632157101773357e-01 6.150155745393105500e-01 6.112089215320670732e-01 6.078791250521282663e-01 6.177965246995505977e-01 6.200784112567403472e-01 6.121100236098515612e-01 6.130165538841201300e-01 6.086940154213100751e-01 5.998382807598227062e-01 5.976514175734660705e-01 6.289432963928133224e-01 6.216152968567146830e-01 6.039025758316513004e-01 6.161411559700465945e-01 6.108357437344466012e-01 6.128846264691084622e-01 6.089844736191739605e-01 6.052454000163638437e-01 6.255691379033825328e-01 6.146875981129051869e-01 6.088041136419103383e-01 5.966084299949714342e-01 6.029178589196341198e-01 5.980901143718219126e-01 6.069107982225555586e-01 6.001309321346752768e-01 5.986827015389131201e-01 6.073908983888077762e-01 6.048887399280745703e-01 6.107378389203580449e-01
9.352415812394497541e-02 7.937109464983092832e-02 1.927744506334648222e-01 3.357875682646908055e-01 1.000000000000000000e+00 3.346830277551893773e-01 4.696029833476138005e-01 4.219329152313418541e-01 4.400271829941576063e-01 4.267256624740119464e-01 4.243425153370979364e-01 4.784349850869885623e-01 4.488551517657976553e-01 4.451967642386627788e-01 4.904276783062330169e-01 4.622745670503035087e-01 4.141724501245900858e-01 3.776646301759358781e-01 4.160617011542256383e-01 2.764114114009380008e-01 3.321088858459601556e-01 4.071455874914395312e-01 4.247359572630998170e-01 3.370732806785632918e-01 3.768805318384253478e-01 4.636780188434758143e-01 4.567118106123302379e-01 4.780119085939459889e-01 4.197330655361150020e-01 4.377237636385470365e-01 4.658797411697449542e-01 4.547494007278727324e-01 4.426643412721694704e-01 4.329533929236800138e-01 4.656930472295800483e-01 4.425327325723067418e-01 4.582473169837547600e-01 4.840433381891743880e-01 4.801253834002557896e-01 4.597094679416935392e-01 4.894221041675211326e-01 4.959845446586237383e-01 4.688425703812632017e-01 4.976125284118517178e-01 4.932136878766998356e-01 4.965117765918792281e-01 4.826234979976680717e-01 4.819720187429378799e-01 4.863162812945959201e-01 4.887758354859862431e-01 4.855508864256225521e-01 5.025612727661158408e-01 5.024024697031900244e-01 4.864347228789571709e-01 4.857411860615801213e-01 4.890765041613253095e-01 4.856668165893095468e-01 4.787633924648923567e-01 4.709113375636280741e-01 4.836829804369470742e-01 4.876918275870491537e-01 4.805260989698469931e-01 4.797529925658625127e-01 4.888119571927774243e-01 4.965260889378251830e-01 4.995121735915594163e-01 4.893010298442884709e-01 4.843221991314504704e-01 4.714278040620430987e-01 4.492541270496120398e-01 4.808503413525627712e-01 4.894940508192556217e-01 4.429047246749432398e-01 4.747761118215140241e-01 4.930543631831281748e-01 4.824282785271613583e-01 4.866874127903550451e-01 4.721198296869703048e-01 4.817821099933378703e-01 4.758585632122105391e-01 4.787305188092721431e-01 4.833108699640553674e-01 4.839578997819635742e-01 4.857395857309504406e-01 4.860812819521951877e-01 4.711805611342747002e-01 4.783098744746597242e-01 4.886919469697616480e-01 4.919804598543660590e-01 4.873099839663043720e-01 4.900200654642258846e-01 4.916412084074872069e-01 4.902862355138056238e-01 4.902250071867683689e-01 4.873562706186708171e-01 4.887234858166085716e-01 4.911661436107782608e-01 4.911072973034571465e-01 4.917948475294641186e-01 4.911673244202996447e-01 4.872921123395731469e-01 4.954459213760962766e-01 4.932744789787052997e-01 4.921422524554809330e-01 4.976662897701211175e-01 4.906384757382609707e-01 4.901276656339663140e-01 4.898718732748565396e-01 4.947106706915292973e-01 4.894656999789444574e-01 4.876917486002679269e-01 4.892035368657420280e-01 4.859278373936920525e-01 4.927539520543868790e-01 4.937238568584065290e-01 4.971093799269208358e-01
-8.716292062907391152e-04 8.973794636255964796e-02 2.377729104136993288e-01 3.897015471744618709e-01 3.346830277551893773e-01 1.000000000000000000e+00 5.539982586114362562e-01 4.887274550643552762e-01 5.379892829048293912e-01 5.177489664782343182e-01 5.474103044487588221e-01 5.873833756460001831e-01 5.492602683156945220e-01 5.450869040533162790e-01 6.038636534404078215e-01 5.877682100626526740e-01 5.329308651196892344e-01 4.261662979479339253e-01 4.671626308391783056e-01 3.880816166010980783e-01 4.188934894109952456e-01 4.677612556983235526e-01 4.921173258259795569e-01 3.937713931288751579e-01 4.311092040694400884e-01 5.535614030679422148e-01 5.370247668530020446e-01 5.585959392533269563e-01 5.208745081308417957e-01 5.478201650183956994e-01 5.685272103951239941e-01 5.605702526493275828e-01 5.401877985941453408e-01 5.172645495440857388e-01 5.497319985134301312e-01 5.448156259715865035e-01 5.614868833437017814e-01 6.017769674509177991e-01 6.086979856128741373e-01 5.573212672952998492e-01 6.132503729631151312e-01 6.063048139864760655e-01 5.779744499696405358e-01 6.149666526314667703e-01 5.945709661602934792e-01 6.106745719323791732e-01 6.211858111071948407e-01 6.216657751131560161e-01 6.221706237003443718e-01 6.071118881146997381e-01 6.162811597644691775e-01 5.914448782598465959e-01 6.179403183341222183e-01 6.210063755277962505e-01 6.117776678163669990e-01 6.084283369973203515e-01 6.199334864362469055e-01 6.142015266089574377e-01 6.217034497582456520e-01 6.182799021375613435e-01 6.213425510701835464e-01 6.225829220760303873e-01 6.189832232182108651e-01 6.255909711295631892e-01 6.177430429984372973e-01 6.264153844461394227e-01 6.212186787181410708e-01 6.037506937068769508e-01 5.947233279956342100e-01 5.888236857623169174e-01 6.034917592906250405e-01 6.062411273115412280e-01 5.714640044769692118e-01 5.888130713937774763e-01 6.130886720246787602e-01 6.079046893385801065e-01 6.114263769954301209e-01 5.903420569371888860e-01 5.959741599835381987e-01 5.939664899826726518e-01 6.011692111947347650e-01 6.128457684437521591e-01 6.144803667039897555e-01 6.003778175755578594e-01 6.064975333014334113e-01 6.015512477422619853e-01 6.037692012317921186e-01 6.192959235529155171e-01 6.182230569713603741e-01 6.122292297054970911e-01 6.092729511639204398e-01 6.174965349792465030e-01 6.175125027893929586e-01 6.192315491293585161e-01 6.228032344429418332e-01 6.246904029033075734e-01 6.129787571142166769e-01 6.203766433622596166e-01 6.241042840567201377e-01 6.216571842051153984e-01 6.183287373123547148e-01 6.257077306443317166e-01 6.221805364156733908e-01 6.243918864655022549e-01 6.237974860995362247e-01 6.237713640202890986e-01 6.244452205457534655e-01 6.221391593840762679e-01 6.198750205662563184e-01 6.199192903894119588e-01 6.197608931709265301e-01 6.233059026349780929e-01 6.233206423254988859e-01 6.278072692684861789e-01 6.240008348945599304e-01 6.271868279989070150e-01
1.385933644153244937e-01 1.495656955953571787e-01 3.770216134269281372e-01 6.023104996723861460e-01 4.696029833476138005e-01 5.539982586114362562e-01 1.000000000000000000e+00 7.083180586056427863e-01 7.343704856832746763e-01 6.803838824388506179e-01 7.594620025693878951e-01 7.991006375220267577e-01 7.148826359807101127e-01 7.255270402678763997e-01 8.297806599114148085e-01 7.798157817214156351e-01 7.415586533114639778e-01 6.667520280322135617e-01 7.183722329427468800e-01 5.888242966341277196e-01 6.285656518467001019e-01 7.297307695526006333e-01 7.616725300354892925e-01 6.577878977009914419e-01 7.000124556705145107e-01 7.891498752292974705e-01 7.798357232989601151e-01 7.962096022449903776e-01 7.340702598021591196e-01 7.730490981606799039e-01 8.028056399785338249e-01 8.121932181862665523e-01 7.747755454745598458e-01 7.749555639444640764e-01 7.830111685325343851e-01 7.898985080375316992e-01 7.961052354964560651e-01 8.272717377234178882e-01 8.211217416517584411e-01 8.200767162341452421e-01 8.151241680034398973e-01 8.221729736673772937e-01 8.172525791555853569e-01 8.349948708399532737e-01 8.299212075832792523e-01 8.226789707186331624e-01 8.064821883897025367e-01 8.046452222062229209e-01 8.178526509173238424e-01 8.128178407638395608e-01 8.237972255781613740e-01 8.081038207097892556e-01 8.194779317903083671e-01 8.018643927205907351e-01 8.067226141058085886e-01 8.262892312258153238e-01 8.187473526387556433e-01 7.981895369422888908e-01 8.012725089688557123e-01 8.070373138954552994e-01 8.087186784501567693e-01 8.067526606469688222e-01 8.115917919490184262e-01 8.216680629242628653e-01 8.126373180111582384e-01 8.131807850380867730e-01 8.126503833210051431e-01 8.120621527640158321e-01 8.097703502549367105e-01 7.949276250862822302e-01 8.195564291573921301e-01 8.210726395823430002e-01 7.906316621728453065e-01 8.159478967526934134e-01 8.234726011047384109e-01 8.153528153723672567e-01 8.115963367311483934e-01 7.917348813113503914e-01 8.207257932547606938e-01 8.022707883450183042e-01 8.176869432350331035e-01 8.105034593704152357e-01 8.224361840726571726e-01 8.049412563476653348e-01 8.219925979569600027e-01 8.154501472682723628e-01 8.191360406574231812e-01 8.232390168004730668e-01 8.210383916759079748e-01 8.276227669104717632e-01 8.291474504889717601e-01 8.237191300533356353e-01 8.217930016249429537e-01 8.207452106444845796e-01 8.105599749067800008e-01 8.099789617366299765e-01 8.287591583625228964e-01 8.162609490231753639e-01 8.151789390939511160e-01 8.246854071711390288e-01 8.218480189512893386e-01 8.227076138453593979e-01 8.126352308528558277e-01 8.129999440729955840e-01 8.262479591693747683e-01 8.203197320309526530e-01 8.171078381730857432e-01 8.093318254913494103e-01 8.203554350195852995e-01 8.095292811097665187e-01 8.186208216306651853e-01 8.093877486132536880e-01 8.110811334215627388e-01 8.174493063362181511e-01 8.137225603528094320e-01 8.148507419026786991e-01
8.315212981393714509e-02 7.614326101857445128e-02 3.364034376557936135e-01 5.436108479262825588e-01 4.219329152313418541e-01 4.887274550643552762e-01 7.083180586056427863e-01 1.000000000000000000e+00 7.104181603001440415e-01 6.387427578776145864e-01 7.321803787664625807e-01 7.636958153820035955e-01 6.761512995288991856e-01 6.897542449405092979e-01 7.849973565273293818e-01 7.775119655804439978e-01 7.082690704896749123e-01 6.293383066365855205e-01 6.733291882861524025e-01 5.750016373840982631e-01 6.284387161081033124e-01 6.950357380335251412e-01 7.174583241347248785e-01 6.366418565521981821e-01 6.609389957683344807e-01 7.360755552097498766e-01 7.121850492440863212e-01 7.264833979379267115e-01 6.821100747637522943e-01 7.213489224024046687e-01 7.377292548990761478e-01 7.776893654810542733e-01 7.352673839480745599e-01 7.375613629750481515e-01 7.275247414834159487e-01 7.583775825016533245e-01 7.447070809267610780e-01 7.865961358010419291e-01 7.807761373802248883e-01 7.737320243638742268e-01 7.708907030955719497e-01 7.810425203005979533e-01 7.846434790324998687e-01 7.894548215955717874e-01 7.659348386845348244e-01 7.673915716148604904e-01 7.756849995000022480e-01 7.700282996429163029e-01 7.872802909185993014e-01 7.845903842465377087e-01 7.967840175051815743e-01 7.555845403524024118e-01 7.658204733857025825e-01 7.569390477740661760e-01 7.586780428045157842e-01 7.797752567111611022e-01 7.828848428709944685e-01 7.749307553734601228e-01 7.751869990970658986e-01 7.751866783765128943e-01 7.800921060407737251e-01 7.774460648207603963e-01 7.887136714282103611e-01 7.889701834564876171e-01 7.750844272627585019e-01 7.661212839020300480e-01 7.729376525521537422e-01 7.698111151857365275e-01 7.716001924610540463e-01 7.688807600092040229e-01 7.848445938590303816e-01 7.802614141013811677e-01 7.594299250765620402e-01 7.816234785187188283e-01 7.724064107374055688e-01 7.681751159016543262e-01 7.693662010284613162e-01 7.499030223735507761e-01 7.771837329640739478e-01 7.584147811216086499e-01 7.771742046690200967e-01 7.658301965790760280e-01 7.892189169135346294e-01 7.598571653267404136e-01 7.838163787966119234e-01 7.852603129046434871e-01 7.854153885515319233e-01 7.857428252344941244e-01 7.796468973653176704e-01 7.877899286554620462e-01 7.828890104157175678e-01 7.833463771883953930e-01 7.802969204483624077e-01 7.798914615752837731e-01 7.760684803389371611e-01 7.720315330346761984e-01 7.957085502693728163e-01 7.899410071525251320e-01 7.815297153279501252e-01 7.907052031055707975e-01 7.865129573368572213e-01 7.885184899514500190e-01 7.760861131550336189e-01 7.790500915079757727e-01 7.888177940664824472e-01 7.867274470933006691e-01 7.859421816346233713e-01 7.704806363547052062e-01 7.794187518473689735e-01 7.753467321528578760e-01 7.839192021031782254e-01 7.767238151930504486e-01 7.789868430740770622e-01 7.847991894725350193e-01 7.735924083375184113e-01 7.724731489465446188e-01
1.366765753633644720e-01 1.387855834855159232e-01 3.624543348293612355e-01 5.412757839804679394e-01 4.400271829941576063e-01 5.379892829048293912e-01 7.343704856832746763e-01 7.104181603001440415e-01 1.000000000000000000e+00 7.393151248135216846e-01 8.127517787969794627e-01 8.176768518423959131e-01 7.553363452766154174e-01 7.673152197640004113e-01 8.487962924516310181e-01 8.277762998700521901e-01 8.127460494513460976e-01 6.807055653348130786e-01 7.303032468674622857e-01 6.000659322140472485e-01 6.458384027149178808e-01 7.174183906132852728e-01 7.861736768299403266e-01 6.840145096610158459e-01 6.908440643201306797e-01 8.478440137366506368e-01 8.179586856375069548e-01 8.254168730243144347e-01 8.183212553311451920e-01 8.386589171502478735e-01 8.351147026567690146e-01 8.414631712888794857e-01 8.192752807643676194e-01 7.875850895746449032e-01 8.332167023734898814e-01 7.955681856002251306e-01 8.165539814050576384e-01 8.552206855490511739e-01 8.574700616513609708e-01 7.834772691485197837e-01 8.491869114619451375e-01 8.402918509483517928e-01 8.255783414960486954e-01 8.506681613907373096e-01 8.307626098237705925e-01 8.428567597256422239e-01 8.596990922055274265e-01 8.648850952278622772e-01 8.649204030741561855e-01 8.363412562648119275e-01 8.567724966917158458e-01 7.976123680022281226e-01 8.441753625070788081e-01 8.741749604763046078e-01 8.661699023036389944e-01 8.585683549470015663e-01 8.634334340126129659e-01 8.548126480109271563e-01 8.600733482737114022e-01 8.702848115609340685e-01 8.640307020902265878e-01 8.710713729947148209e-01 8.730091475680079594e-01 8.672575727976502558e-01 8.657421053335564443e-01 8.651353611677280453e-01 8.625746648893745094e-01 8.577877502377841967e-01 8.658025785613880920e-01 8.360339369338269933e-01 8.490480656348109445e-01 8.573227909511546008e-01 8.414760826860234744e-01 8.471887795775021601e-01 8.648916539648456858e-01 8.638008471180497194e-01 8.609640056948363318e-01 8.655081878657975292e-01 8.593666908453597708e-01 8.598741283358297682e-01 8.626500499353876306e-01 8.617591676866172001e-01 8.658459926484732838e-01 8.628318887167718554e-01 8.574815992771848139e-01 8.580002848287466843e-01 8.586445202510261110e-01 8.570878824088273840e-01 8.614995248489032420e-01 8.608845482303938423e-01 8.474987948288927875e-01 8.527585920162921163e-01 8.581825955231979774e-01 8.554935627045013868e-01 8.583103639364687565e-01 8.604705555185263588e-01 8.400998340024919964e-01 8.578309446173515429e-01 8.585970747935841585e-01 8.594306480472531096e-01 8.543623060042111472e-01 8.577482040346805503e-01 8.578980742584876307e-01 8.550043877947853810e-01 8.562462192085747992e-01 8.633676407285448828e-01 8.662107972056150018e-01 8.599049754165645210e-01 8.635878706099746616e-01 8.599325772627739450e-01 8.545282594047336477e-01 8.654821975354860530e-01 8.624521767194250899e-01 8.646808518325730386e-01 8.610332018601121185e-01 8.621294511225850998e-01
6.802029514248605913e-02 1.772669423087337992e-01 3.157043659148778825e-01 4.881341717414892090e-01 4.267256624740119464e-01 5.177489664782343182e-01 6.803838824388506179e-01 6.387427578776145864e-01 7.393151248135216846e-01 1.000000000000000000e+00 7.500375820379530101e-01 7.708301103731036719e-01 7.290180572509796786e-01 7.218218792686207363e-01 8.049052929030358072e-01 7.685506255102458883e-01 7.243074912801357179e-01 6.391572451337238503e-01 6.844590629794153891e-01 5.433648385746555620e-01 5.895910708394512811e-01 6.426922650526268876e-01 7.197387742441007097e-01 6.332264463598291648e-01 6.259345941099548893e-01 7.915181803249071724e-01 7.671254414639310237e-01 7.881499356904044795e-01 7.717254093058317777e-01 7.748235904382185790e-01 7.898441750192818356e-01 7.830940225399216637e-01 7.528351237743184932e-01 7.249241649909829999e-01 7.674622253767984237e-01 7.363605158435134745e-01 7.679504057973060016e-01 8.127049136152200148e-01 8.095784298489380193e-01 7.402541867822770572e-01 8.145158178406810556e-01 8.049895606823380678e-01 7.696123720324784534e-01 8.067097042645240412e-01 7.998917946393500067e-01 8.145099293671060892e-01 8.223196404580003227e-01 8.333926314666905144e-01 8.166056149501742523e-01 7.729021338239455696e-01 8.089689099401676797e-01 7.299233406480216679e-01 7.928255174224010382e-01 8.333436443464973253e-01 8.323018979906630088e-01 8.231198392606116077e-01 8.013333547902511400e-01 8.182609671326140921e-01 8.235623897008816918e-01 8.228165530800102268e-01 8.202213886036305857e-01 8.248662505049408900e-01 8.218093747571112440e-01 8.103775626415673505e-01 8.157246692362518647e-01 8.120543377935255380e-01 8.265121135834143651e-01 8.207524494444820018e-01 8.234334029208653094e-01 7.934028980484302274e-01 8.049427876245935920e-01 8.150203036280697644e-01 8.032218385092421142e-01 8.036172359918281050e-01 8.290950205545351004e-01 8.277662377716911157e-01 8.273858537089303633e-01 8.287771490866276958e-01 8.238617117160083048e-01 8.248648409721870411e-01 8.198530688917453624e-01 8.278424611991831439e-01 8.227449702750727623e-01 8.262202224216336210e-01 8.136342773304031661e-01 8.139357411618018956e-01 8.143714862868616233e-01 8.243037184105231896e-01 8.257706042454898698e-01 8.223779595377848084e-01 8.114836254983754937e-01 8.219705400468848566e-01 8.232367348725726508e-01 8.236875804118701794e-01 8.256086955387551551e-01 8.295393221453500887e-01 7.968903529008218856e-01 7.974635838274881650e-01 8.233500633211034980e-01 8.178345509124553825e-01 8.138941113387344606e-01 8.203336022482061729e-01 8.172452262408794743e-01 8.190686742605932658e-01 8.097276858325321847e-01 8.120292003883773368e-01 8.209183560401785984e-01 8.309054106858505540e-01 8.304241955342898107e-01 8.271130032861054859e-01 8.241656829948090790e-01 8.255330595169018126e-01 8.246699039827639632e-01 8.196618661699340835e-01 8.233318087350360859e-01 8.189640359592355034e-01
6.652727318015576319e-02 1.210326314867040814e-01 3.822583497442603728e-01 5.829317371955370364e-01 4.243425153370979364e-01 5.474103044487588221e-01 7.594620025693878951e-01 7.321803787664625807e-01 8.127517787969794627e-01 7.500375820379530101e-01 1.000000000000000000e+00 8.702666417274111943e-01 7.708883559297786681e-01 7.902774714781890530e-01 8.773430460036859557e-01 8.486036513465203823e-01 8.161781570007962117e-01 6.805034052576772741e-01 7.305347069888393774e-01 6.559817358650770203e-01 6.715552320938976694e-01 7.283013198213774686e-01 8.017468072143466573e-01 6.954011091795710975e-01 6.968086564085711476e-01 8.497977332213275670e-01 8.385265293780753693e-01 8.473115663246839624e-01 8.109002644233245238e-01 8.496803641406130980e-01 8.756456054958803303e-01 8.670209601425560297e-01 8.350865843904969887e-01 8.147748408040282886e-01 8.450064522035701797e-01 8.413494077645065072e-01 8.663533261816788178e-01 8.797007304280586304e-01 8.877662308445122274e-01 8.428970177343195758e-01 8.838211362315416819e-01 8.853809915933316121e-01 8.604749941211542463e-01 8.896378517501721817e-01 8.715877605001418615e-01 8.839238114066494401e-01 8.920716841932879726e-01 8.928210388647913609e-01 8.894870577826049507e-01 8.716353208336686809e-01 8.870623586394781324e-01 8.353119226637688577e-01 8.686416200719911940e-01 8.869355367179898586e-01 8.819943482649775790e-01 8.894459091232689296e-01 8.838539619351277743e-01 8.864074167193678466e-01 8.864584044243173366e-01 8.932852830620305884e-01 8.893970897207716941e-01 8.888010036268714220e-01 8.933926885736708234e-01 8.870873087051810435e-01 8.872823040594118860e-01 8.823547499179494880e-01 8.914902733470244645e-01 8.796942805547199873e-01 8.877489810623596656e-01 8.772345131483870739e-01 8.797034356192284799e-01 8.834033841469453030e-01 8.705589117641983066e-01 8.744190258509945135e-01 8.934232302950231297e-01 8.950373179143369384e-01 8.931356035163686702e-01 8.833195682909495972e-01 8.862028726833269809e-01 8.821547909930673725e-01 8.978097817398490443e-01 8.966102948780568793e-01 9.008803405282630461e-01 8.834607407036145776e-01 8.900355620283856295e-01 8.922936644104469961e-01 9.001941986889565595e-01 8.949851929265166817e-01 8.934296556355566521e-01 8.961086494600044583e-01 8.942375411121847861e-01 8.939476732882009058e-01 8.956006194959406086e-01 8.938564254728786906e-01 8.934204414741112599e-01 8.915884797347164437e-01 8.839328243410713437e-01 8.869906342994174908e-01 8.913002357106095674e-01 8.948032264442691286e-01 8.925294989142368296e-01 8.927599718017875663e-01 8.896200674555355681e-01 8.918210774875254820e-01 8.944516166779047373e-01 8.915702909815848010e-01 8.945978422078988412e-01 8.913652656586800171e-01 8.940705721071331435e-01 8.916627164492217927e-01 8.921749069923081699e-01 8.934148398998719154e-01 8.917227956260946886e-01 8.938592336913814274e-01 8.921011357563852773e-01 8.900087923702270087e-01
6.806513184409800077e-02 1.337489407240155803e-01 4.112372885749885354e-01 6.402284295830090732e-01 4.784349850869885623e-01 5.873833756460001831e-01 7.991006375220267577e-01 7.636958153820035955e-01 8.176768518423959131e-01 7.708301103731036719e-01 8.702666417274111943e-01 1.000000000000000000e+00 8.172204371373446019e-01 8.264228269419304773e-01 9.148852383002971100e-01 8.819377517140093437e-01 8.343599785552429093e-01 7.155948405475670571e-01 7.610501808705849580e-01 6.696978567322050546e-01 7.098156311263227325e-01 7.640115423106793591e-01 8.158207018741504557e-01 7.116361504574227892e-01 7.221269365503346638e-01 8.710339666185518137e-01 8.628575215546429034e-01 8.750888915849392991e-01 8.253589779248589053e-01 8.660233172432771909e-01 9.086713080694780453e-01 8.889868387070662958e-01 8.533523064768488986e-01 8.410969634110980753e-01 8.701927796681883098e-01 8.714908220247902237e-01 8.944387172128075436e-01 9.095538954781349217e-01 9.226556444138644952e-01 8.779787016009807932e-01 9.182161485633861808e-01 9.187086175379954867e-01 8.980730984491103186e-01 9.287721443329463034e-01 9.122996125603649586e-01 9.233102975718606720e-01 9.260317609217019186e-01 9.240359495009139446e-01 9.253708456185606446e-01 9.124049943904335436e-01 9.264891759702479357e-01 8.839581947851453680e-01 9.172498087209512985e-01 9.132709855124134801e-01 9.088937163821352305e-01 9.183040813966369953e-01 9.182336359848539686e-01 9.189221199565477116e-01 9.145227067007620780e-01 9.268201887606981604e-01 9.246687727499399712e-01 9.205386906795153257e-01 9.235642126665922769e-01 9.271938747149747195e-01 9.244739478458909865e-01 9.229068436675871290e-01 9.274115804056473067e-01 9.163620170722783786e-01 9.153472165299744168e-01 9.108261492286403582e-01 9.228394963286886687e-01 9.210145650426325714e-01 8.983981964994779412e-01 9.107380095688991650e-01 9.286021954196729267e-01 9.298146861946275932e-01 9.257400509877699024e-01 9.093612162596617088e-01 9.213206850011550486e-01 9.121644038989893399e-01 9.297172262544493027e-01 9.312926754234034377e-01 9.333175773979527357e-01 9.147635887920928521e-01 9.243765118947125936e-01 9.218906663563216641e-01 9.330637958907987972e-01 9.307674602470769054e-01 9.327436022133958060e-01 9.305843290299488091e-01 9.283078398564963418e-01 9.320189586739942023e-01 9.322149101427091855e-01 9.314414149301305512e-01 9.298078250812794598e-01 9.276678793448148719e-01 9.238060815026546413e-01 9.274221160272401177e-01 9.299126765853911181e-01 9.324931561108233957e-01 9.307042004669835444e-01 9.313266813351712692e-01 9.281883798301735489e-01 9.308266792471643347e-01 9.353738090594675425e-01 9.262664576401733463e-01 9.324371615963797932e-01 9.267869939721182782e-01 9.288991371606732939e-01 9.271028916993827584e-01 9.271383980861591656e-01 9.300104213066477943e-01 9.270399376122095969e-01 9.324851649476018078e-01 9.296448868211564243e-01 9.289140533749050688e-01
2.655386095017267870e-02 1.483701875201849929e-01 3.387886517943872189e-01 5.372198506437795285e-01 4.488551517657976553e-01 5.492602683156945220e-01 7.148826359807101127e-01 6.761512995288991856e-01 7.553363452766154174e-01 7.290180572509796786e-01 7.708883559297786681e-01 8.172204371373446019e-01 1.000000000000000000e+00 7.783557164800418704e-01 8.522102497118352327e-01 8.216582578032101125e-01 7.517260177545301847e-01 6.604903021864703128e-01 6.986353934417038891e-01 5.844815338377190583e-01 6.086376883834467844e-01 6.821104916079909763e-01 7.406117723683468546e-01 6.588278002919522036e-01 6.660572439076598572e-01 7.956155575172463301e-01 7.750530707911278405e-01 7.913652109768578580e-01 7.494355968617627539e-01 7.848258573321298393e-01 8.230716646018367832e-01 8.136886253828059523e-01 7.762856795476164029e-01 7.689224814205172231e-01 8.032287691785023886e-01 7.771422353909147596e-01 8.090747912797093822e-01 8.351105043550071105e-01 8.511785440897579047e-01 7.741276693551192301e-01 8.592784016407459813e-01 8.502226576625325771e-01 8.238285029897831624e-01 8.539938238979392082e-01 8.421317113512222230e-01 8.541799358284581922e-01 8.721213035611775632e-01 8.722316871445067177e-01 8.572278683779778197e-01 8.240388397237807805e-01 8.527694265925082062e-01 7.968379218979164680e-01 8.459365344764887551e-01 8.631841427804373135e-01 8.519170729339440307e-01 8.520853111569619553e-01 8.376342303971872072e-01 8.650881135806457456e-01 8.583140469071445233e-01 8.729194213844672090e-01 8.649424111892128897e-01 8.679105140048277711e-01 8.608397880173978001e-01 8.604375698134426598e-01 8.675090274392642797e-01 8.608353477535986009e-01 8.787813181773549420e-01 8.689843192504198566e-01 8.645901093292337469e-01 8.350977975599375158e-01 8.526628165442047269e-01 8.678513282224449288e-01 8.432792063917966541e-01 8.522081891634518680e-01 8.705254794870816992e-01 8.675046524348177801e-01 8.673022803383195756e-01 8.487112476282860918e-01 8.601453302959367608e-01 8.611319691503734886e-01 8.605709918417396853e-01 8.724614178304386236e-01 8.672453554913640561e-01 8.639660401173857585e-01 8.619322076505857577e-01 8.607198957013478813e-01 8.619560296018849987e-01 8.714830016501335930e-01 8.745413259116637805e-01 8.688688166520102119e-01 8.560745806847471773e-01 8.714865473654658246e-01 8.722891531405112531e-01 8.724663139918932275e-01 8.760834576242189087e-01 8.792726261765162477e-01 8.524176367180401614e-01 8.549409371777602074e-01 8.741730467100436996e-01 8.710760434663200602e-01 8.705747828806225108e-01 8.732937058846341749e-01 8.713813405270119938e-01 8.764007277074365998e-01 8.698781556008671201e-01 8.615897235542958610e-01 8.729677892181822996e-01 8.783414261550434032e-01 8.752747372309948037e-01 8.759538907244285300e-01 8.727316211211885166e-01 8.782768760158300436e-01 8.761760116924515174e-01 8.759783872558013496e-01 8.748824673614377101e-01 8.719245215618428579e-01
