1.000000000000000000e+00 1.943341864445147782e-01 1.311458704457620361e-01 -8.610497017997335856e-02 7.534100080422652217e-03 1.073126671550830684e-02 1.973624951073516334e-02 3.697267076677502456e-02 2.027813466214478111e-01 1.010367612776788410e-01 6.080341047538292965e-02 -5.710562586909143437e-03 -1.128981385300967255e-02 5.934340761275300365e-03 -1.044349514724214958e-02 3.415955348559803623e-02 1.821375852914202675e-01 2.452733874899235833e-01 1.840187270963475896e-01 2.420999114500421434e-01 1.692338712254765065e-01 1.812390882947919613e-01 2.181905895812963070e-01 2.499884406724999231e-01 1.949463743666040028e-01 9.519536554003242557e-02 9.950331725357348944e-02 6.573704614284565928e-02 1.051392958578046960e-01 9.597068692075752527e-02 6.359767763257884177e-02 1.405273849304320977e-01 5.465916279197109012e-02 1.309970170652806631e-01 9.689561647987533777e-02 1.102827642731598751e-01 6.554396788770301685e-02 1.543185281957990505e-02 4.161652382380308379e-02 -1.289451365340561415e-02 4.684034269146273438e-02 1.493920916773711603e-02 2.524876644619147500e-02 4.000163027268140159e-02 4.427945017743539075e-02 1.198414079496116363e-02 2.012563095834984939e-02 4.548307240252662254e-02 4.138917163817217026e-02 6.185659878802293732e-02 2.009557237018683856e-02 8.315662874042425989e-02 2.099560928067160243e-02 8.128642263638680143e-02 6.977616766482169774e-02 7.036005855174420898e-02 9.341282428334063415e-02 3.485563163608740300e-02 3.093430855752762193e-02 4.638568079098835673e-02 3.657249857386238312e-02 4.970063337232002998e-02 1.783605549986783806e-02 5.389929076345409409e-02 1.062767208277647646e-01 9.099772017749885311e-02 5.403331644795097977e-02 8.921532610775205485e-02 1.006733332614360432e-01 9.867576099342620366e-02 6.945053626634412058e-02 7.543495141275664839e-02 1.360247095275737561e-01 1.095455359297672487e-01 3.818438611319770193e-02 4.232509029132151823e-02 2.885650501969604098e-02 4.603784312497679471e-02 3.416829478475609527e-02 3.729303604270329392e-02 4.338869786682149343e-02 2.921112180193698518e-02 8.674474839298181028e-02 3.868255512280861091e-02 3.118584808284590240e-02 5.906364170498804023e-02 4.981948528361899997e-02 -3.643490726066177764e-03 1.954523663044472129e-02 4.988355787941998326e-02 1.294604309953470075e-02 1.369378967583356234e-02 3.064726390160574937e-02 5.215474728780443436e-03 5.409274318892555097e-03 1.896372510971945299e-02 -5.856663000831320055e-03 5.140318130348811576e-02 3.422599442645854560e-03 -6.298490997202869663e-04 -9.432311534105576253e-03 6.559650851387426040e-03 1.193740121393521356e-02 3.934792035443480072e-03 4.996460088816812722e-02 5.245971772754865620e-02 2.394574882798940207e-02 3.924027190355739575e-02 2.694969788105480366e-02 9.873114927853416170e-03 -1.475066683493168667e-03 1.816664702207463136e-02 1.362125583420437276e-02 3.270346872289658924e-02 6.835119335017168785e-02 4.883871608618881727e-02
1.943341864445147782e-01 1.000000000000000000e+00 1.393300163208482934e-01 3.153578914296025631e-02 4.617541527433485088e-02 9.301126345849314303e-02 1.432310023642927310e-01 1.283367580478929904e-01 2.062184023731038485e-01 2.256804600332266986e-01 1.623603349083797276e-01 1.251599525530137924e-01 1.307407551873979723e-01 1.369976636575158391e-01 1.479050202588418628e-01 1.499172243638810798e-01 2.079582735300217200e-01 2.323008977268960773e-01 2.436837280865398747e-01 1.754892179406002395e-01 1.891078900564578391e-01 2.582374554909720454e-01 2.529160538895289245e-01 2.442629942861616055e-01 2.488247878596485663e-01 2.268245228243718492e-01 2.261029754339069775e-01 2.278064616178038515e-01 2.580533480399793689e-01 2.361889846006710314e-01 2.156578625675032168e-01 2.338842836064597697e-01 2.059933457470179696e-01 2.277584363204450124e-01 2.210033269242758502e-01 1.996787217175558515e-01 1.943146915023777621e-01 1.930187420216233907e-01 1.963914471588696642e-01 1.836337085994336205e-01 1.884077395639904007e-01 1.870575116073094901e-01 1.691616054948410219e-01 1.827633075147635788e-01 1.851924034162487909e-01 1.852810219459641861e-01 1.603575333857653329e-01 1.757720931475278137e-01 1.740348310307620605e-01 1.731907530185977373e-01 1.647495873484424167e-01 1.403922740010989656e-01 1.453918117939370924e-01 1.939527179242772070e-01 1.963702693419881185e-01 2.116985467037706681e-01 1.796689110668245881e-01 1.769495794768705665e-01 1.726527595344506116e-01 1.663711390772452670e-01 1.636138160357423210e-01 1.724050680759746934e-01 1.504083061072634120e-01 1.702170975957904564e-01 1.965657681852529814e-01 1.865351762313743056e-01 1.818269938196629687e-01 2.040517972592822138e-01 2.092008924335739539e-01 1.790359697589736510e-01 1.993830659774157299e-01 2.085946599088199793e-01 2.186030327540628426e-01 2.214978819968744517e-01 1.865315316110889576e-01 1.908672785830040908e-01 1.857880324758493795e-01 2.065432587070215875e-01 1.931819236058588407e-01 1.895992140062134068e-01 1.871204982476529777e-01 1.841247540307913988e-01 2.061191335986984341e-01 1.834324054495841960e-01 1.742050645123542907e-01 1.878530387956265091e-01 1.883548079813572307e-01 1.655228623197681492e-01 1.782112824119518879e-01 1.988717657472457989e-01 1.796876892618716193e-01 1.721611987330033955e-01 1.774580237769831093e-01 1.716934239768759807e-01 1.565291314528512723e-01 1.667291645849353077e-01 1.487772006571291272e-01 1.637164114284162808e-01 1.488955986711061052e-01 1.556775101956634488e-01 1.524351473762514952e-01 1.521305789964091104e-01 1.524437543808742912e-01 1.584073770953458304e-01 1.708345033805160618e-01 1.678189900530761280e-01 1.632544443347627994e-01 1.814329018137440519e-01 1.816633683171936797e-01 1.585337331710217901e-01 1.645003537678272898e-01 1.614316974423148920e-01 1.598832758909956020e-01 1.664129060515532055e-01 1.846505940260808054e-01 1.714248505209871321e-01
1.311458704457620361e-01 1.393300163208482934e-01 1.000000000000000000e+00 2.761677797887651664e-01 1.677979837615198311e-01 2.096214802473579109e-01 3.312150173840074374e-01 3.351658941953760129e-01 3.829517915047468413e-01 3.279433942283477843e-01 3.899869642693004623e-01 3.630569569546658326e-01 2.829108525764135185e-01 2.789453988370628745e-01 3.470395025262689170e-01 3.908753020495986386e-01 3.807716951086101420e-01 3.964791553511479716e-01 4.019352938868036573e-01 3.973661460193694261e-01 4.098229648472668241e-01 4.039258825737676584e-01 3.703942387439107531e-01 3.931824490818615070e-01 3.851224510720143712e-01 4.157333750604615408e-01 4.178224466551751504e-01 4.031036815033985365e-01 3.738064876537062209e-01 4.016967403172420625e-01 3.751016905674167679e-01 4.240651343492988223e-01 4.018302904855871049e-01 4.122301573891957172e-01 3.924084208380348993e-01 4.100060663282360518e-01 3.890485178460781346e-01 3.913684705687764387e-01 3.834432081758559763e-01 4.020322958584798267e-01 4.153713033677428057e-01 3.988562119223568736e-01 4.066637521094216279e-01 4.090318286974393147e-01 4.023084098525421815e-01 3.798986443585575246e-01 3.743654543432353154e-01 3.860862697653731357e-01 3.848698406096521252e-01 3.961165210761594668e-01 3.874671742422404752e-01 4.097428430640012165e-01 3.740100280363776730e-01 3.949789333716927642e-01 4.005683588028967068e-01 3.983420845770124230e-01 3.991562254179099045e-01 3.951530687310725876e-01 3.869165357081440493e-01 3.792217267500068156e-01 3.874195855529997123e-01 3.800587363692072285e-01 3.830122230771943470e-01 3.741270271376782586e-01 4.009910867243477450e-01 3.970819637683164482e-01 3.902383338250800526e-01 4.103032542402554328e-01 4.129997263300991817e-01 4.259305578025437411e-01 4.086573785192528230e-01 4.095158028829008479e-01 4.254477416198715334e-01 4.146023573055244715e-01 4.022605423117527890e-01 4.014311114851150664e-01 3.937597304700958811e-01 3.834858795368508710e-01 3.944367433003173051e-01 3.845659893628885495e-01 3.990208857549605304e-01 3.776530127200868892e-01 4.079211700679591379e-01 3.936685189955219655e-01 4.033097334945794366e-01 4.058146293141866590e-01 3.981518380016711434e-01 3.881134198281802061e-01 3.886487532386124211e-01 4.054943766685176199e-01 4.042028251853428955e-01 3.938395335318795598e-01 3.973617481156943021e-01 3.834489663461830844e-01 3.700911800609615332e-01 3.755088722662927037e-01 3.870122976005664350e-01 3.826782191161595126e-01 3.754895773804748926e-01 3.887493019134447558e-01 3.813472063401394108e-01 3.816114603665788918e-01 3.759867077494565279e-01 3.826002984048144095e-01 3.952729088718987538e-01 3.863600966434500572e-01 3.751497431220499612e-01 3.820750582438295351e-01 3.873247851476292469e-01 3.821050805343613743e-01 3.807653313080610613e-01 3.718868829369305629e-01 3.745604228114027268e-01 3.777454527896003111e-01 3.905780569618164666e-01 3.812058648023264884e-01
-8.610497017997335856e-02 3.153578914296025631e-02 2.761677797887651664e-01 1.000000000000000000e+00 3.856779858058833610e-01 3.404110690878415779e-01 5.660630238229357181e-01 5.296403580987024684e-01 4.317474948542579516e-01 3.746636163878281356e-01 5.141323963248378703e-01 6.321917629133303462e-01 5.018205867974220302e-01 4.174876414393862700e-01 5.727317966529632542e-01 5.861305378234977770e-01 3.693923374286264827e-01 1.461794445878772664e-01 2.129466857766503241e-01 3.551224399476022309e-01 3.826539552231663088e-01 2.606689548955834490e-01 1.336621145003570876e-01 1.334463084241011843e-01 1.489600896147708908e-01 3.991738514076975108e-01 4.294458805294918413e-01 3.700502219017750560e-01 2.892563475481483293e-01 3.965811088615011082e-01 4.205599099974783872e-01 3.657098538562749690e-01 3.520496506271816872e-01 3.622445343201049495e-01 3.374614096588371415e-01 3.844204211165941354e-01 3.773787635695612375e-01 4.570558348758430034e-01 4.167613779731914603e-01 4.967072410140795924e-01 5.261315176944023619e-01 5.213010695177434650e-01 5.301150044798985661e-01 5.315097784618045829e-01 4.900101630057426827e-01 4.716632081124454978e-01 5.472365621218407972e-01 5.110411206769507331e-01 5.265103293926165495e-01 5.221843813179171123e-01 5.457045892138059351e-01 5.451707240636144425e-01 5.795819144950187241e-01 4.650603360993655899e-01 4.502370836979704416e-01 4.251909843579945170e-01 4.846449830640956469e-01 5.147422250583603143e-01 5.046072697069006185e-01 5.426723953454157812e-01 5.500612799712168988e-01 5.043007554708739404e-01 5.228316726149500049e-01 5.254420036909380753e-01 4.761296095395688432e-01 5.018459241828946427e-01 5.021520933809088261e-01 4.490355246676950296e-01 4.464547313351793223e-01 5.203327921560085834e-01 4.926922068713203706e-01 4.663336740010814441e-01 4.176267111007664901e-01 4.157689724861952096e-01 5.151993726163728304e-01 5.031520301833213304e-01 4.953047038203915453e-01 4.535559892085297418e-01 4.943347371984110894e-01 4.845069927655478725e-01 4.728683517705595807e-01 5.054373429209056967e-01 4.685959283677065823e-01 4.628631639443755996e-01 5.214431625979201179e-01 4.869607192778383498e-01 4.742749025266833618e-01 5.483475076470876175e-01 5.015600780621275456e-01 4.883113014794148166e-01 5.251093195569657146e-01 5.523681149882510022e-01 5.294212256957041562e-01 5.355191127068104073e-01 5.476436915376027281e-01 5.327404507537377709e-01 5.808403255350527150e-01 5.492587808660709392e-01 5.680458831534541675e-01 5.688574375275192718e-01 5.672415968118169616e-01 5.679988318409069370e-01 5.708132668590903958e-01 5.643269909228547654e-01 5.397851588281435964e-01 5.382278997471700022e-01 5.457550282019993926e-01 5.094237483096707431e-01 5.166037463379892225e-01 5.554692333926990466e-01 5.471169562261142261e-01 5.489219312014468333e-01 5.442371045384197803e-01 5.445213696722057684e-01 5.115730508246773001e-01 5.365029828677854162e-01
7.534100080422652217e-03 4.617541527433485088e-02 1.677979837615198311e-01 3.856779858058833610e-01 1.000000000000000000e+00 2.942549968830894813e-01 4.632047106341662945e-01 4.461333517540194693e-01 4.093981938531644493e-01 3.625751317960027031e-01 4.253848242873498608e-01 4.722555094374182860e-01 4.647359241207155711e-01 3.746125217078234426e-01 4.806816421907211256e-01 4.798163114969968834e-01 3.505861777333931228e-01 1.642808971876746627e-01 2.212107306457844758e-01 2.909907475492886086e-01 2.638501266186156768e-01 2.338796778145914301e-01 1.773148709356840158e-01 1.624612111518786428e-01 1.796341160111492585e-01 3.490074396379426735e-01 3.748106380084300082e-01 3.348376966408558864e-01 2.837240973272524558e-01 3.552113511538648738e-01 3.874318644702792747e-01 3.445093958716516913e-01 3.110994506127374160e-01 3.390540177568596159e-01 3.251568317886968096e-01 3.562427850813340013e-01 3.582858147447720021e-01 3.989149645576809400e-01 3.859009840991208251e-01 4.036769810014648185e-01 4.479770125276683057e-01 4.442723131679957582e-01 4.441818855880614869e-01 4.546197228988865247e-01 4.240892344246744439e-01 4.189635383707274729e-01 4.671769498155162181e-01 4.472561312755982121e-01 4.559180633438861818e-01 4.395786120743450653e-01 4.423217721530249280e-01 4.407641345706490021e-01 4.837557719471852202e-01 4.248415030126482250e-01 4.100080557091655975e-01 3.895988456767908170e-01 4.247872553954418762e-01 4.376020549950652150e-01 4.313442238690494701e-01 4.686860035676575498e-01 4.664354198942761154e-01 4.422650955213411339e-01 4.459684167450484460e-01 4.571913060423651864e-01 4.261899799954932400e-01 4.428788246814933660e-01 4.457340922885186796e-01 4.108109121403009656e-01 4.064114014589254031e-01 4.392144712610175361e-01 4.174687433124514291e-01 4.181943203595880898e-01 3.845799394129336135e-01 3.818611330916302227e-01 4.408846517576688329e-01 4.349146430408485364e-01 4.316606248105187560e-01 4.049041768902154059e-01 4.302044261109860268e-01 4.263804313138046531e-01 4.233967427011621765e-01 4.406197842770487871e-01 4.189243455495033630e-01 4.075018009389152485e-01 4.392819183723411514e-01 4.261977099511280453e-01 4.220301702096655450e-01 4.569863620468153087e-01 4.349800066955523681e-01 4.283586143515357714e-01 4.389875083853093662e-01 4.657851812261732394e-01 4.546513791259256809e-01 4.586745021668472422e-01 4.723577376554585761e-01 4.630618566987479423e-01 4.730822550644493973e-01 4.672923478609198322e-01 4.825053526736208798e-01 4.684510590057923141e-01 4.762122850593225043e-01 4.725107357398682928e-01 4.788358497184954654e-01 4.776597007049552812e-01 4.633594809900474787e-01 4.593055405259018342e-01 4.726126929634132390e-01 4.484418114403734279e-01 4.490258917558921370e-01 4.705757857051117155e-01 4.606618469997389997e-01 4.721508050318656280e-01 4.677597733787071110e-01 4.690941045407658883e-01 4.497011021885319315e-01 4.662163579094174004e-01
1.073126671550830684e-02 9.301126345849314303e-02 2.096214802473579109e-01 3.404110690878415779e-01 2.942549968830894813e-01 1.000000000000000000e+00 4.428775306272926815e-01 4.280236275345405961e-01 4.623167119997648733e-01 4.395357708071434000e-01 4.960681953799567223e-01 5.095607613503283506e-01 4.592344071702877395e-01 4.312485776907985513e-01 5.052450105682855241e-01 5.160083372347069597e-01 4.393902587009619332e-01 3.204821764694237851e-01 3.858945332575564602e-01 3.133553574040162104e-01 3.694691313744016825e-01 4.051587401518196851e-01 3.400541177089332900e-01 3.080720207781505460e-01 3.428080235111533036e-01 4.713077922950355547e-01 4.885588846647362371e-01 4.607095370178520555e-01 4.229424734821425336e-01 4.807562149982395616e-01 5.080531158420208415e-01 4.658407198343639810e-01 4.424276556245724246e-01 4.675019272123607794e-01 4.626770122973504762e-01 4.768613622045573264e-01 4.935524327459924199e-01 4.959801883668599753e-01 5.044178749839964837e-01 4.990936109954556832e-01 5.265760932148662032e-01 5.294050966994795493e-01 5.263636305368510904e-01 5.344343591198987831e-01 5.202483870084269046e-01 5.230492880992031468e-01 5.360055179455592844e-01 5.305445991599788691e-01 5.302057942868989571e-01 5.088316663212870683e-01 5.132483299344579031e-01 5.046037249678456682e-01 5.319618120700513320e-01 5.207799352562887396e-01 5.164824471009371587e-01 5.008195379216503484e-01 5.057059151049521084e-01 5.279969010739369306e-01 5.090603064973655556e-01 5.338714544401798046e-01 5.363839326288351028e-01 5.231675172461823786e-01 5.194426069099843390e-01 5.201941606004027996e-01 5.131628099442395730e-01 5.204530646370606473e-01 5.286725705332162573e-01 5.173357455289450124e-01 5.074029556799847240e-01 5.077552107973873907e-01 5.182088279522336638e-01 5.234870757980086831e-01 4.916181969283742181e-01 4.989958857381435187e-01 5.308017844056219792e-01 5.269046559420912379e-01 5.248222158727099407e-01 5.139356252174368533e-01 5.264158365237703308e-01 5.223284394823900501e-01 5.279806077370159390e-01 5.332694635060415411e-01 5.186273761973979601e-01 5.181726430966365760e-01 5.262089946869296098e-01 5.263665793822587258e-01 5.270824663174552560e-01 5.325098449189629157e-01 5.318499409917908372e-01 5.272931907574844868e-01 5.293455654598734350e-01 5.391161038018515983e-01 5.358934580663031744e-01 5.386258560618460978e-01 5.359669826060965425e-01 5.375684851522016805e-01 5.301474773147279995e-01 5.262526073594309128e-01 5.356304006434033926e-01 5.303487744259335335e-01 5.396704083286798515e-01 5.327471432270308727e-01 5.359143626917830527e-01 5.389921518587467153e-01 5.367491441816012454e-01 5.304461114322088777e-01 5.374820423973629691e-01 5.336850825634438245e-01 5.318567186629520327e-01 5.342353659412270028e-01 5.323230343340354942e-01 5.370746781265853809e-01 5.337755631245439947e-01 5.340835166371734610e-01 5.299790589936811402e-01 5.329702812934234979e-01
1.973624951073516334e-02 1.432310023642927310e-01 3.312150173840074374e-01 5.660630238229357181e-01 4.632047106341662945e-01 4.428775306272926815e-01 1.000000000000000000e+00 7.009182188598179764e-01 6.750897162654920791e-01 6.163831244062550896e-01 7.071531858457246189e-01 7.597707449790013223e-01 6.826885039535797173e-01 6.101501904433574985e-01 8.174327231670415195e-01 7.890096900766886412e-01 6.380286543308123504e-01 4.715984315765104351e-01 5.418841191413492631e-01 5.389783510980665771e-01 5.765505074639166727e-01 5.621972015528835520e-01 4.790887170338759549e-01 4.536715452719801700e-01 4.946045333594058513e-01 6.852458364922167089e-01 6.998390339806669358e-01 6.768181614260511125e-01 6.049962511460945658e-01 6.756211147124183691e-01 7.168818155784358881e-01 6.777355798755692051e-01 6.487745266353137641e-01 6.705243966781402332e-01 6.501393259541190517e-01 6.842226813041601963e-01 6.794491772593685974e-01 7.394191365664208870e-01 7.206531378342037053e-01 7.464620733276927655e-01 7.661549847718394091e-01 7.729738333477899070e-01 7.749589743258396002e-01 7.831180548211215120e-01 7.556849521009745274e-01 7.557738729465621752e-01 7.656142358750697152e-01 7.577437051860548278e-01 7.624142154856842213e-01 7.529349297690021148e-01 7.668292235723587202e-01 7.358634848742561241e-01 7.694227169226984797e-01 7.426326327979967390e-01 7.340350478050011729e-01 7.236433533752801850e-01 7.393207790347396946e-01 7.621952061801942069e-01 7.531323425366612812e-01 7.649909179200972131e-01 7.754092575073570082e-01 7.571421564084327427e-01 7.573722887127809500e-01 7.557755083064473522e-01 7.358328878259612349e-01 7.521655260620729866e-01 7.583933586165658713e-01 7.372675995839970131e-01 7.362952433502057970e-01 7.637754719609350929e-01 7.457579917637260358e-01 7.461986526168706835e-01 7.154138516882257992e-01 7.176652371540443998e-01 7.682739937030109711e-01 7.603326445861419147e-01 7.619248526720464598e-01 7.337721032243824659e-01 7.619671006888085740e-01 7.428272347779951712e-01 7.461804839789497601e-01 7.577131392245342045e-01 7.498589473178701725e-01 7.373612118006790395e-01 7.707688351527757220e-01 7.556007606584589364e-01 7.480829718998971423e-01 7.838789146113698258e-01 7.637381251518271519e-01 7.604238950861856861e-01 7.750677816382751661e-01 7.818481252193674180e-01 7.745332714788505379e-01 7.786723302809614999e-01 7.710905819083379020e-01 7.698723037458783391e-01 7.846217906420321908e-01 7.671228925579679503e-01 7.847298432274557589e-01 7.846809973098297641e-01 7.849810160214645283e-01 7.800496948521352669e-01 7.766492246542119338e-01 7.816595691243667376e-01 7.722207858398427716e-01 7.672850148468304265e-01 7.738894247145770011e-01 7.627075182955780353e-01 7.652733613453415185e-01 7.757661825059808391e-01 7.751443590485569413e-01 7.710987407240817992e-01 7.726907119465246110e-01 7.745329686473259034e-01 7.597040398403199779e-01 7.679256575474717739e-01
3.697267076677502456e-02 1.283367580478929904e-01 3.351658941953760129e-01 5.296403580987024684e-01 4.461333517540194693e-01 4.280236275345405961e-01 7.009182188598179764e-01 1.000000000000000000e+00 6.539648651052669681e-01 5.886632800128269727e-01 6.984763043383318548e-01 7.261676844578420775e-01 6.437140208538572050e-01 5.588386923126756889e-01 7.338416175589160817e-01 7.793042238925079745e-01 6.272436189768737513e-01 4.797363278136324571e-01 5.441129711533341240e-01 5.402908781610420430e-01 5.868463086344229973e-01 5.700969747923895214e-01 4.924165774415117935e-01 4.672663327973308189e-01 4.990386967650502492e-01 6.696386926675557127e-01 6.776466508187565241e-01 6.395977461421848975e-01 5.882394720279744416e-01 6.624501300814966687e-01 6.750075409172928698e-01 6.741886920699123875e-01 6.347848310566860386e-01 6.546473237364567321e-01 6.367926876631601063e-01 6.784770562301946084e-01 6.569625279340564061e-01 7.146087869995251252e-01 6.892694347161496538e-01 7.181983684109917165e-01 7.422686512054108565e-01 7.337463767923347868e-01 7.431269834386765583e-01 7.528403816087287925e-01 7.269976637492974181e-01 7.104826109193765893e-01 7.353403587461718738e-01 7.325592710135849783e-01 7.397871620226160738e-01 7.377847172147783406e-01 7.456198213428339994e-01 7.218483287215629041e-01 7.381327573270661802e-01 7.211880535082276777e-01 7.210826306689965826e-01 7.124868581569120396e-01 7.307607204959617464e-01 7.471849310354358176e-01 7.401190575209819489e-01 7.411294230914029502e-01 7.507046569137891812e-01 7.366748107261171796e-01 7.420095655013680958e-01 7.335870496337452140e-01 7.192772940114671165e-01 7.341739265238570455e-01 7.305564455228206189e-01 7.174633154781443478e-01 7.166469449978035700e-01 7.394554140330735770e-01 7.251532586711157968e-01 7.218340724944304343e-01 6.991297118036888802e-01 6.973907016431960537e-01 7.405195439168164029e-01 7.322735232304139474e-01 7.227063927080281669e-01 7.020640609174163549e-01 7.223028717838564372e-01 7.170142416170204314e-01 7.145404614502626206e-01 7.204721649299902220e-01 7.277070873578955768e-01 7.110515438615130357e-01 7.448486151853898063e-01 7.292254971453818735e-01 7.192833524462862727e-01 7.520690349081229353e-01 7.290361162237266601e-01 7.383983453641691508e-01 7.392303383469235323e-01 7.469937575030787258e-01 7.415823809928271393e-01 7.380826509758073861e-01 7.392373648767209815e-01 7.388807177131754278e-01 7.656804396707035387e-01 7.465129199354519907e-01 7.558999551905947190e-01 7.582056010429015780e-01 7.498486194926731185e-01 7.569236170671649333e-01 7.458097108288473942e-01 7.526159561048620938e-01 7.450668681118024494e-01 7.478715385012708605e-01 7.462077783474354575e-01 7.312526276091143584e-01 7.389143352942419973e-01 7.538574016931329780e-01 7.510227602922938672e-01 7.399533751252007630e-01 7.466070190309196386e-01 7.436189348106486685e-01 7.323091397935899138e-01 7.396302819069413559e-01
2.027813466214478111e-01 2.062184023731038485e-01 3.829517915047468413e-01 4.317474948542579516e-01 4.093981938531644493e-01 4.623167119997648733e-01 6.750897162654920791e-01 6.539648651052669681e-01 1.000000000000000000e+00 7.400276322384661265e-01 7.968107636751493583e-01 7.825120410075454558e-01 7.329619727342584490e-01 6.573189765107508853e-01 8.016634792015798761e-01 8.072645565627478703e-01 8.002166890918079867e-01 6.434135457512227818e-01 6.999403247061034561e-01 6.303858110047799723e-01 6.762256214107873475e-01 7.254602584344527205e-01 6.575247855171005851e-01 6.218734613978341708e-01 6.559596433678542837e-01 7.944824496570950245e-01 8.127943777741511999e-01 7.569764539830053929e-01 7.559869722505702105e-01 8.184392606917590962e-01 8.266317707044416041e-01 8.277928589392851144e-01 7.448931577798264536e-01 8.147076031728449630e-01 7.928041466329601716e-01 8.018248984812537117e-01 8.061359088385560145e-01 8.125402022208246811e-01 8.217503749039606342e-01 7.934235019260456045e-01 8.465049553193427778e-01 8.329074259946209757e-01 8.321780847770965384e-01 8.553482151801314881e-01 8.384800888702554911e-01 8.336698686259097490e-01 8.515645409821700484e-01 8.671532802782274674e-01 8.612721231235120900e-01 8.428573329594338803e-01 8.340859869001501226e-01 8.269446469432334412e-01 8.413414985791426437e-01 8.714861559172073502e-01 8.540560662185516794e-01 8.444932032389441678e-01 8.615218402679615251e-01 8.538463490249933452e-01 8.446083049617774119e-01 8.647705452409093496e-01 8.579651593360038131e-01 8.595825635044068713e-01 8.387792357962845502e-01 8.522324715219427027e-01 8.723720076007018820e-01 8.724366775315950395e-01 8.670393329805328175e-01 8.616420676713005822e-01 8.638313667248294081e-01 8.567466554902601894e-01 8.536349173387416389e-01 8.621226412804600114e-01 8.481481395053520611e-01 8.456361368500940889e-01 8.555429810959632730e-01 8.574597444824573200e-01 8.423287282853972879e-01 8.461083845171259998e-01 8.514133488712570808e-01 8.535084925163672898e-01 8.546369839677158131e-01 8.528333138510172384e-01 8.637927449133258051e-01 8.426854252784934385e-01 8.506213068483261530e-01 8.603529733679518010e-01 8.510124952597406534e-01 8.391091442573710424e-01 8.470097326698223794e-01 8.531752544421578044e-01 8.381157645388234156e-01 8.510547439317477370e-01 8.561771341250313805e-01 8.467735602170692877e-01 8.511216726838123359e-01 8.567799792414025895e-01 8.314603206429509452e-01 8.585557254553547457e-01 8.431499603780929775e-01 8.402840650478283768e-01 8.388153097519729373e-01 8.446492492560004894e-01 8.502634776905535485e-01 8.486784907623760033e-01 8.643818739485207292e-01 8.549685292034504558e-01 8.565602712033879573e-01 8.611546312955881133e-01 8.557431179386330022e-01 8.517889614034799273e-01 8.420251502661193488e-01 8.561391327060878798e-01 8.507614262288456519e-01 8.556894122475161568e-01 8.710260548546338022e-01 8.660648177728668129e-01
1.010367612776788410e-01 2.256804600332266986e-01 3.279433942283477843e-01 3.746636163878281356e-01 3.625751317960027031e-01 4.395357708071434000e-01 6.163831244062550896e-01 5.886632800128269727e-01 7.400276322384661265e-01 1.000000000000000000e+00 7.461877413978753593e-01 7.243588014548467680e-01 7.025057286046673122e-01 6.343227399100064279e-01 7.634519562394328496e-01 7.505833491127008594e-01 7.363659342510797678e-01 5.934800083970676043e-01 6.607937875672370565e-01 5.204799456989460671e-01 5.950183724506584726e-01 6.848777415693134696e-01 6.378012183718027028e-01 5.681115266772457373e-01 6.254883289081591968e-01 7.629829331283543015e-01 7.785287518712333821e-01 7.461847382152710928e-01 7.440485134393494127e-01 7.969324859730047006e-01 8.150477762908373558e-01 7.686519082222579291e-01 7.168722999290656483e-01 7.619601248736400656e-01 7.636593648301898130e-01 7.629376303883330657e-01 7.802286091987357119e-01 7.878474451016437285e-01 7.996049332687316102e-01 7.677499084659404893e-01 8.038362338023559150e-01 8.036982351185057993e-01 7.882851339000080948e-01 8.115420131880932697e-01 8.044093036987635115e-01 8.127128546889498262e-01 8.085607262739796797e-01 8.226803516690277540e-01 8.200901373832754082e-01 7.750454910884992943e-01 7.862767260985225048e-01 7.288916876380101550e-01 7.903971304060486425e-01 8.249959059258604732e-01 8.101393715526115091e-01 8.092011455305713197e-01 7.946079607569863645e-01 8.114349484775922328e-01 8.005282703782142795e-01 8.132395110902584934e-01 8.087376805224227860e-01 8.152673111703135911e-01 7.909067096319727375e-01 8.039518599583030944e-01 8.154904787082013495e-01 8.149452303511838247e-01 8.265067116140484282e-01 8.211659049438810865e-01 8.164904378669567420e-01 7.911863067708650998e-01 8.096871899563569119e-01 8.220288132091178035e-01 7.920693404933339954e-01 8.061515610002163434e-01 8.171957041396101795e-01 8.205870095034208944e-01 8.161392124225007594e-01 8.197599374410105000e-01 8.176253325831698282e-01 8.248221328822481491e-01 8.215893055564637004e-01 8.277771070423829425e-01 8.255678379123416732e-01 8.122880731517271302e-01 8.086328549460909398e-01 8.150340714596084890e-01 8.190644118206306112e-01 8.087004870233108766e-01 8.183436282202712908e-01 8.240058578637254882e-01 8.078436203851400155e-01 8.148894086049827123e-01 8.179541049475304026e-01 8.165541703527579021e-01 8.137452871346119165e-01 8.214379896682055815e-01 7.821754901517879999e-01 8.010436440764731048e-01 8.029431008930875135e-01 7.992192455339606205e-01 8.016128194820760777e-01 8.025017497559435720e-01 8.045718377371491314e-01 8.095403257671581754e-01 8.148303353469843469e-01 8.062556061630671289e-01 8.152315698684702294e-01 8.250394057711846196e-01 8.220467392965229436e-01 8.120426058680826342e-01 8.122929469963997562e-01 8.153580859495628275e-01 8.158228822425583893e-01 8.135790906780587806e-01 8.240154385570880313e-01 8.200939372413328377e-01
6.080341047538292965e-02 1.623603349083797276e-01 3.899869642693004623e-01 5.141323963248378703e-01 4.253848242873498608e-01 4.960681953799567223e-01 7.071531858457246189e-01 6.984763043383318548e-01 7.968107636751493583e-01 7.461877413978753593e-01 1.000000000000000000e+00 8.500586034323253104e-01 7.769635505953913501e-01 7.090885383577739676e-01 8.501740240040388530e-01 8.487012912829157152e-01 7.798989857020063310e-01 6.103568872697481273e-01 6.966794836893657195e-01 5.806813228140840222e-01 6.740642539047025927e-01 7.297087751707656000e-01 6.427673960129852704e-01 5.895604367690784331e-01 6.461724410374259930e-01 8.200896424525528916e-01 8.449537882087704288e-01 8.025225054720962481e-01 7.685031198904642702e-01 8.465090744223228159e-01 8.716526042935613949e-01 8.345103748576778724e-01 7.960437868436684994e-01 8.289237226855957763e-01 8.160005660759552804e-01 8.401493559624395591e-01 8.530595143426636939e-01 8.626036227757952757e-01 8.652334385735621636e-01 8.621277122478399058e-01 8.903492642534749368e-01 8.826696922625048014e-01 8.817038021746171905e-01 8.986046880371009182e-01 8.904358403610249661e-01 8.790498941018566326e-01 8.899442900105075660e-01 8.953130619736974216e-01 8.949841349299724191e-01 8.644991788201021876e-01 8.751133978251169898e-01 8.387173323741846653e-01 8.761118277715560509e-01 8.836095336700258152e-01 8.769818415180177240e-01 8.705521110814962160e-01 8.664563715188882131e-01 8.909930810081072572e-01 8.737436562691144326e-01 8.916669073060495831e-01 8.915758673825119329e-01 8.857856751785825322e-01 8.772085127036411967e-01 8.783840419315765979e-01 8.837274393757618141e-01 8.838904192696017681e-01 8.979597210708095689e-01 8.859749603247660810e-01 8.802173229282965750e-01 8.735561644804221704e-01 8.885122959235896012e-01 8.917425785955824802e-01 8.558931126571674985e-01 8.656341857313855082e-01 8.983020874367446673e-01 8.982954420222321046e-01 8.911467259058337698e-01 8.802313948413857947e-01 8.910276623762182213e-01 8.897624192491613293e-01 8.935391736427260589e-01 8.967059648011803663e-01 8.905607338088543656e-01 8.901538287316145270e-01 8.950990265207645624e-01 8.942032911732135103e-01 8.948646279120734404e-01 8.954281932128745902e-01 8.966687791033860488e-01 8.928737397463695213e-01 8.985133017679742817e-01 9.007918339828868692e-01 9.020212192680835406e-01 8.991064336565780524e-01 8.950418669228092927e-01 8.981360510996134749e-01 8.832764358732889676e-01 8.825194444257680182e-01 8.879828452620638357e-01 8.897513880708433076e-01 8.901921694377999961e-01 8.890128545556537087e-01 8.921765845310074550e-01 8.976745110198958155e-01 8.975551121336863281e-01 8.840256087359247283e-01 8.960506213015230204e-01 8.963281382938189656e-01 8.972970567628947292e-01 8.958452565528788325e-01 8.935510473952338328e-01 8.957088165365482135e-01 8.924085028281550924e-01 8.929920882578961105e-01 8.944844014087157680e-01 8.922191946658302175e-01
-5.710562586909143437e-03 1.251599525530137924e-01 3.630569569546658326e-01 6.321917629133303462e-01 4.722555094374182860e-01 5.095607613503283506e-01 7.597707449790013223e-01 7.261676844578420775e-01 7.825120410075454558e-01 7.243588014548467680e-01 8.500586034323253104e-01 1.000000000000000000e+00 8.097392547426154330e-01 7.091274033256119713e-01 8.915860298187890942e-01 8.873347855865156841e-01 7.507404064906231245e-01 5.023115692294303214e-01 5.981633181997373372e-01 5.730032996427084635e-01 6.498167197244230087e-01 6.409898974742679334e-01 5.279188106127438163e-01 4.742264708818325070e-01 5.322805429073905747e-01 7.784207348462567344e-01 8.052123225841728571e-01 7.457778292913230800e-01 6.961889240815533064e-01 8.006700305579446120e-01 8.404914373698850749e-01 7.805908732003233874e-01 7.382075524968731983e-01 7.768980989269727022e-01 7.582885686952768323e-01 7.985025631106624777e-01 7.997355949706906886e-01 8.484472135576635043e-01 8.344531890798880802e-01 8.558577185995261960e-01 8.915477291398170578e-01 8.835790162458466712e-01 8.894724696713431911e-01 9.040298953951794170e-01 8.754846870196354436e-01 8.697108828506187050e-01 9.177280607454940675e-01 9.056219538677524605e-01 9.097281899222682267e-01 8.901961476906752324e-01 9.032092506933723230e-01 8.747012097926122332e-01 9.197598167712879302e-01 8.783057053623818389e-01 8.655877811521662801e-01 8.461868097432267977e-01 8.808957666901862105e-01 8.985693276184775202e-01 8.916316275990503470e-01 9.168074862929247448e-01 9.193447031874857345e-01 8.995093628254103857e-01 9.036142164495678530e-01 9.048285340418081857e-01 8.781140356515371170e-01 8.945957489878888502e-01 9.007468982847385286e-01 8.634052366677116286e-01 8.573960517828839167e-01 8.823715984819072711e-01 8.788899262679489288e-01 8.751623330912657872e-01 8.204115997329255450e-01 8.289592275441987068e-01 8.998689583862667929e-01 8.952868240480257311e-01 8.834145341456962619e-01 8.637930442526882135e-01 8.871606859771922204e-01 8.878834548102511048e-01 8.820016616844598145e-01 8.973596338531054650e-01 8.772679384495510879e-01 8.723218721623867689e-01 9.013882575318096224e-01 8.865136815452991925e-01 8.814974825924531965e-01 9.134249226014574674e-01 8.956923739123479056e-01 8.838023525010121340e-01 8.977294937148869725e-01 9.162083028205494362e-01 9.087648077536077951e-01 9.110875039410030185e-01 9.215038409802225328e-01 9.167215060944711169e-01 9.211002222558217767e-01 9.168098217381503989e-01 9.248152939361682368e-01 9.211030436991142212e-01 9.185295789993453974e-01 9.247188720448649146e-01 9.255685597297268474e-01 9.247975528884162522e-01 9.166500990845776187e-01 9.086264616076661360e-01 9.217063659219393301e-01 9.050269436473145079e-01 9.057174767167529561e-01 9.217634662491483999e-01 9.131638651855127353e-01 9.213758094646551378e-01 9.167044900449317080e-01 9.172605390399770631e-01 9.039333311893120726e-01 9.157360209614734403e-01
-1.128981385300967255e-02 1.307407551873979723e-01 2.829108525764135185e-01 5.018205867974220302e-01 4.647359241207155711e-01 4.592344071702877395e-01 6.826885039535797173e-01 6.437140208538572050e-01 7.329619727342584490e-01 7.025057286046673122e-01 7.769635505953913501e-01 8.097392547426154330e-01 1.000000000000000000e+00 6.678611273384925662e-01 8.367119473871336144e-01 8.118271816045836697e-01 7.074239692525141621e-01 4.741242564413793437e-01 5.711712506521222643e-01 5.071642047662257013e-01 5.621446403075218701e-01 6.030896271326244840e-01 5.154218064804971799e-01 4.527771581084886754e-01 5.126411474995379303e-01 7.373365167038082868e-01 7.655439717448144776e-01 7.128592629170809047e-01 6.785201858306421085e-01 7.648407846013055567e-01 8.034517499503310844e-01 7.333513304892126383e-01 6.874956381255763471e-01 7.317550229195433076e-01 7.241623941485558769e-01 7.474278619522455314e-01 7.630108071732746300e-01 7.923643365486328083e-01 7.927494307241017557e-01 7.919072988787838607e-01 8.325868345089468825e-01 8.297975814782357906e-01 8.266561623932663361e-01 8.417598108224709774e-01 8.237618937934111374e-01 8.290826622458795647e-01 8.585815747199631032e-01 8.497175351279363520e-01 8.545207303682500477e-01 8.150030058755299844e-01 8.300595429200574582e-01 7.922147492001491154e-01 8.492967389787049459e-01 8.295635170527027036e-01 8.128657523204030344e-01 7.985048266437064779e-01 8.110774785682027810e-01 8.369319460530549870e-01 8.276596730079627262e-01 8.611294516739935734e-01 8.562121901332248042e-01 8.414067369823620135e-01 8.346893329342974788e-01 8.446866175911447172e-01 8.283503874667680345e-01 8.364096569045094132e-01 8.497798050086575739e-01 8.161776265933330388e-01 8.096055503429012701e-01 8.160995695593763477e-01 8.195672554661324050e-01 8.249635049190073843e-01 7.747021342216754425e-01 7.862740253135739321e-01 8.462766457605198633e-01 8.435074516497952368e-01 8.363156701992298103e-01 8.237494790208256257e-01 8.383283209375511635e-01 8.431012825110856257e-01 8.380442676448438544e-01 8.517572332358925857e-01 8.267093958280208321e-01 8.215913651686035379e-01 8.384636418496037580e-01 8.302961697501554106e-01 8.309378786052887822e-01 8.510349583303068455e-01 8.434327051261627517e-01 8.350907096429435184e-01 8.386054177861886894e-01 8.571140458702267706e-01 8.524691505339239139e-01 8.566870584567346514e-01 8.656466957076056623e-01 8.631632854560535861e-01 8.472413433852548081e-01 8.495729981235495831e-01 8.602137888563461399e-01 8.524983031712414228e-01 8.572026886388999234e-01 8.560659163648042247e-01 8.630297149936477785e-01 8.631311265270724675e-01 8.546051665413645360e-01 8.438091454479356157e-01 8.634968900862255436e-01 8.568444775766361765e-01 8.544154187791900279e-01 8.616102113089315617e-01 8.546349645313221499e-01 8.651034790457692303e-01 8.576097177070957089e-01 8.582098807594874534e-01 8.528662658730794544e-01 8.576008843143531069e-01
