1.000000000000000000e+00 1.368421325838235225e-01 1.240419739929791432e-01 5.845881281696935217e-02 2.215155976791857717e-02 -6.005003203935425048e-03 6.386918329283757488e-03 1.204574252458382247e-02 1.310959037087179313e-01 7.620715463067460893e-02 3.018405746581842922e-02 2.494251163166395432e-02 1.441809953154596889e-02 -8.277991272887634533e-03 -4.221588299325340632e-03 1.956015334596076377e-02 9.246733759348463311e-02 1.257799804447823633e-01 8.885876840054382497e-02 3.871418181039509160e-02 5.047985228537440333e-02 4.923183645777298029e-02 1.340573745718500742e-01 1.562662181403836337e-01 1.247225362437629353e-01 1.122665062958936866e-01 1.008036401133989290e-01 9.048804717111261220e-02 1.201104056265095421e-01 1.532524001626056342e-01 6.986037965213302836e-02 3.326623047372180564e-02 2.172406688370581446e-03 3.734157612217249567e-02 6.044351714983373092e-02 4.018424557545188097e-02 5.642192702010685040e-02 -1.926764978982301382e-02 1.019652903804891923e-02 -3.075288879480887402e-02 2.330817763618793503e-02 2.191879718625590334e-02 7.773882741074789396e-03 1.833769517217345366e-02 2.058469497258012815e-02 1.374115013026830671e-03 1.526599225890907120e-04 3.060644919103923042e-02 2.186618281949889026e-02 -4.242643150505248824e-03 1.766393045024257109e-03 3.971754541082184869e-02 3.518068975775769103e-02 4.868536934363013741e-02 4.317488069278017926e-02 1.905150729811340080e-02 5.433008884263244853e-02 1.653181296154048949e-02 8.440061397269894503e-03 3.390095947730854126e-02 1.752598302419267409e-02 2.657840303803877743e-02 9.245750756543845428e-03 3.354365389614168830e-02 4.571729985486856773e-02 4.661608166238251361e-02 2.462803720835236160e-02 3.164603435234663448e-02 3.380385380767184089e-02 2.085859675478703504e-02 2.324359520985695010e-02 2.866811507814162954e-02 4.207667067938661298e-02 6.442980726657665524e-02 3.582383928025143632e-02 3.232666116361665454e-02 3.941450072763758028e-02 4.963014619820040052e-02 3.609938205257036403e-02 6.611340149802867605e-02 3.928830484101255432e-02 3.024555886043390346e-02 2.727280565507517532e-02 3.698086374281757405e-02 -8.963234005558976718e-04 2.583689973421772132e-02 1.411722632368045925e-02 5.330091623767563118e-03 6.017458717202075341e-03 1.603826065297126249e-02 -5.288967780940801930e-03 7.941188680924159138e-03 7.202221198510038239e-03 3.002260034571383601e-03 5.606936976103349055e-03 1.451143126945675897e-02 1.380834452517797420e-02 4.849634591002356665e-02 3.928042752550191079e-03 8.225847096143589290e-03 7.359333309874467252e-03 1.173014430507643077e-02 1.296600638985829536e-02 9.886698345800557647e-03 2.376386071138049047e-02 3.357625160783858642e-02 2.366493909401280391e-02 2.295878404201218831e-02 2.336913114319287207e-02 5.620988725867997159e-03 1.704098947354396130e-03 1.279484496273767570e-02 1.217580337593529224e-02 2.410553989599434691e-02 3.300276177524458926e-02 3.111571069981246274e-02
1.368421325838235225e-01 1.000000000000000000e+00 1.327871428994784331e-01 9.914004569870707440e-02 6.402796231562470075e-02 1.009153367169885185e-01 1.623009215679852013e-01 1.229422965207066371e-01 1.845923430325289716e-01 2.140347254895640094e-01 1.488639923695179723e-01 1.479583380290273031e-01 1.501466314575655714e-01 1.412722137129235056e-01 1.601424670921726690e-01 1.395371700738727572e-01 1.688273355863143532e-01 2.134979036067372049e-01 1.942175831747590120e-01 1.019393592678257132e-01 1.195041210609198157e-01 1.517298566170785790e-01 2.266571403824519382e-01 2.336905100602129914e-01 2.145485517707289846e-01 2.038180555927170123e-01 1.904923836645115165e-01 2.127856568030907225e-01 1.905544964903652105e-01 2.230714543380402370e-01 1.841558243247836679e-01 2.006684014220856405e-01 1.702579522460389017e-01 2.036532463693554729e-01 1.976551901731760374e-01 1.846739979580026836e-01 1.877819176812237922e-01 1.618421172771601357e-01 1.730252144677880410e-01 1.742851700339928811e-01 1.786963187169376410e-01 1.808195648052152160e-01 1.772603268733548287e-01 1.745297340039848044e-01 1.761201743594513203e-01 1.731634389127695295e-01 1.631147590322608032e-01 1.724577103523559640e-01 1.644529381965425807e-01 1.571454678720895226e-01 1.627984772316088957e-01 1.626908105422243123e-01 1.656153259170302927e-01 1.624714027020389140e-01 1.638162448902100166e-01 1.783420346038623316e-01 1.490068511392784456e-01 1.649946331715309855e-01 1.563865239209205893e-01 1.667501002451184378e-01 1.645106171800412020e-01 1.543493669747823815e-01 1.380930497101882926e-01 1.571513623063531540e-01 1.571685446690759547e-01 1.530008043373913551e-01 1.662873317033639331e-01 1.750521817276049219e-01 1.871863991830847174e-01 1.594914866541050635e-01 1.611429420731453066e-01 1.718675429560597712e-01 1.957306721255451520e-01 1.982708355576994208e-01 1.813429249881698124e-01 1.770756130886045332e-01 1.878466042155595150e-01 1.737444650872479179e-01 1.874532732289615755e-01 1.870085087032437865e-01 1.783686030151039603e-01 1.726933624623802344e-01 1.772822149984859263e-01 1.876632839956547394e-01 1.749224769626392673e-01 1.887738919469388599e-01 1.781181513458467147e-01 1.733744164286830092e-01 1.697563441502384085e-01 1.807782517752621609e-01 1.839938806236350033e-01 1.766020331958868261e-01 1.742732246436854149e-01 1.680652471992973018e-01 1.621591360796655612e-01 1.656875761835715777e-01 1.628368877406472515e-01 1.599486039841599705e-01 1.590965204518828002e-01 1.735773411531150445e-01 1.711377813986393881e-01 1.542505217069682077e-01 1.588521566382988526e-01 1.631790190337608082e-01 1.646280859952617970e-01 1.466862745772346266e-01 1.648835132969743711e-01 1.679776709460326367e-01 1.674719425226655622e-01 1.634345754469952172e-01 1.546105552144342032e-01 1.587726406762861586e-01 1.537001924372579098e-01 1.571086853267720240e-01 1.655644707582522857e-01 1.551888428594196956e-01
1.240419739929791432e-01 1.327871428994784331e-01 1.000000000000000000e+00 3.691312815875942843e-01 2.134759200102178400e-01 2.492115013253461131e-01 3.851077240563046677e-01 3.341072083423399230e-01 3.558099354754164501e-01 3.489990460211272461e-01 3.743536396484979933e-01 3.838235817603065092e-01 3.000604833705104446e-01 3.211609500364932535e-01 3.741219383866501436e-01 3.525498458820540693e-01 3.596933540353984826e-01 3.978753597739099757e-01 4.027631551814196409e-01 3.430519268927735843e-01 3.947825118927517640e-01 3.957213377489740003e-01 4.433450260479527838e-01 4.203931972202663014e-01 4.124347124594100467e-01 4.162740481341005716e-01 4.205505221990725739e-01 4.189632865682139107e-01 3.927010939466948902e-01 4.247030531709157786e-01 4.037727115555638235e-01 4.225193486282255440e-01 4.096212524863084847e-01 4.334574260526101730e-01 4.275288346506224690e-01 4.111284578563102476e-01 4.201994297457783967e-01 3.838908000580283919e-01 3.977618679741555252e-01 4.068799500418077697e-01 3.833855703248749691e-01 4.000606308475222472e-01 4.087885949585985945e-01 3.924753801927722274e-01 3.968865037629968340e-01 3.742793104193930520e-01 3.645081389481010792e-01 3.710770938839313415e-01 3.745260967767038984e-01 3.955077084979997104e-01 3.850961838382046531e-01 4.172182140033265374e-01 3.850901893473603343e-01 3.595001094032535538e-01 3.710206728814927080e-01 3.962759438573852933e-01 3.714022033421898183e-01 3.690690570949062832e-01 3.708189757202056125e-01 3.617601594061156112e-01 3.792795381914605968e-01 3.485093703427292189e-01 3.550726658426540117e-01 3.757453375087852487e-01 3.721127908875505041e-01 3.661884079581150808e-01 3.680272834469494603e-01 3.853751393092057498e-01 4.007200781251244459e-01 3.955098227789191068e-01 3.914070199073542700e-01 3.799353712142439221e-01 4.027601873425636358e-01 4.046348828170563960e-01 3.870487920009790250e-01 3.818967707888606400e-01 3.980803724092827900e-01 3.858040789703797713e-01 3.886444660780662974e-01 3.960536423955651752e-01 3.892617964807488229e-01 3.782507348627537902e-01 3.974386603507996663e-01 3.972519021770437031e-01 4.021689480701616803e-01 4.073381817735597377e-01 3.928736971276246548e-01 3.837409953633931226e-01 3.763823449039515601e-01 3.853619833734145961e-01 3.955976757465601845e-01 3.842145990118981391e-01 3.840041920620781424e-01 3.758393263748159852e-01 3.661347018136246745e-01 3.670147299991375345e-01 3.983737606115706487e-01 3.956919219148779532e-01 3.707931211841084540e-01 3.861990565252424457e-01 3.887565141213383257e-01 3.775565644501748808e-01 3.804486945461332814e-01 3.791467887052202834e-01 3.923498820190651215e-01 3.644114033047922141e-01 3.770501400811770987e-01 3.721050664098751182e-01 3.744704519238484242e-01 3.668483559828152885e-01 3.678149760464970996e-01 3.617825527294135646e-01 3.621875874198070000e-01 3.708731226208276111e-01 3.777855079913003955e-01 3.654543706893533805e-01
5.845881281696935217e-02 9.914004569870707440e-02 3.691312815875942843e-01 1.000000000000000000e+00 3.070032801290044078e-01 4.009930287650007030e-01 6.134173707764091210e-01 5.408169329233400990e-01 5.444033815935552800e-01 4.967790621442250143e-01 5.842624157972871046e-01 6.498497884289327065e-01 5.042830858707016972e-01 5.393847688160436915e-01 6.245478903933278092e-01 6.063164139062948710e-01 5.644165985437363808e-01 5.349074629952158544e-01 5.605701346700887600e-01 5.920098002132742065e-01 6.541316886824027899e-01 6.489040650429115376e-01 5.736255781477124227e-01 5.125383652560960845e-01 5.613613542394518818e-01 6.157036356250500386e-01 6.042151818317426093e-01 5.963411616938998350e-01 5.639989089726320515e-01 5.630972311851885070e-01 6.091354533882779032e-01 6.238050142750533045e-01 5.973817906189937688e-01 6.311272265059207909e-01 6.111804849825346331e-01 6.265873253738587501e-01 6.229425280224584194e-01 6.244593051722372445e-01 6.328815534971853340e-01 6.333758619576781435e-01 6.176413738122079611e-01 6.275592713831348313e-01 6.383093541383110248e-01 6.318604285168119006e-01 6.219098699798800700e-01 6.105269852027309652e-01 6.006753616688457198e-01 5.970075924879320040e-01 6.068090881380389101e-01 6.296399075709570026e-01 6.311052619345868253e-01 6.313877840345887282e-01 6.240716092005136328e-01 5.880621705427875323e-01 5.927050051474072045e-01 6.169889781769021253e-01 6.179058716935426077e-01 6.134880845472779898e-01 6.172289996201237861e-01 6.059404440059948938e-01 6.181289142842802953e-01 5.970258317666208292e-01 6.101700723449366981e-01 6.148032253756620102e-01 6.087398778476161842e-01 6.100841723118650695e-01 5.983064000096710577e-01 6.039612918248615792e-01 6.086921368237764307e-01 6.445294714119906843e-01 6.346059712423186561e-01 6.084719339701195606e-01 6.020978011085192927e-01 5.972993686623019327e-01 6.102941548352163181e-01 6.081092578497069301e-01 6.084109771665742183e-01 6.114365407854702728e-01 6.019444188232436765e-01 5.992636367274916109e-01 6.062604101757935737e-01 6.115842692984696516e-01 6.315007258705965798e-01 6.096431441725135292e-01 6.313695256270619449e-01 6.239044102074197129e-01 6.253561010926290686e-01 6.173995050501908111e-01 6.100954553996639218e-01 6.190208563555025245e-01 6.234321595401319804e-01 6.150750777220379550e-01 6.179761999026092134e-01 6.128587151744201433e-01 6.048062853756898116e-01 6.017436983461370570e-01 6.351127135600702633e-01 6.320836207891735725e-01 6.124799655596434578e-01 6.247709738682394320e-01 6.234394969209693382e-01 6.233111355826893574e-01 6.162624926891789867e-01 6.192367486840846258e-01 6.291492073177575861e-01 6.138757755577941566e-01 6.150381754785358979e-01 6.040933352060894324e-01 6.081959712256714834e-01 6.053372304390404190e-01 6.141137633770819004e-01 6.076561538268854257e-01 6.093644664104717057e-01 6.115020155804473667e-01 6.147271646226473152e-01 6.114582956976306605e-01
2.215155976791857717e-02 6.402796231562470075e-02 2.134759200102178400e-01 3.070032801290044078e-01 1.000000000000000000e+00 2.917259926843768780e-01 3.933838459808519095e-01 4.353831880025257894e-01 4.171700120547572888e-01 3.859317510016904151e-01 4.350382796911702044e-01 4.683884639789875348e-01 4.320484386982620384e-01 4.206004126995714909e-01 4.689250510877793210e-01 4.584366621852411505e-01 4.292280324550163395e-01 3.916605647244663091e-01 4.197406256229188060e-01 3.915516069182667369e-01 4.334372550070227925e-01 4.441569505116554351e-01 3.920538455067864025e-01 3.573847427628175089e-01 4.013350310425607970e-01 4.522104869470633948e-01 4.462546069016575800e-01 4.187780605359071595e-01 4.016246744416003267e-01 4.241298836773014780e-01 4.506022710259283692e-01 4.589467480583795389e-01 4.236845770252802290e-01 4.354207324530893763e-01 4.353940893126407308e-01 4.549569669723307896e-01 4.388020179532890475e-01 4.656781363355468883e-01 4.551793270025286664e-01 4.394891685016273919e-01 4.675143709975198569e-01 4.663745626222201013e-01 4.781164121633578734e-01 4.798763314042660544e-01 4.567049804032857208e-01 4.581422209657213251e-01 4.646679520756560322e-01 4.599480677308057652e-01 4.657561935949863230e-01 4.693031633216235288e-01 4.820364512971234139e-01 4.595352297754835003e-01 4.651171654400384492e-01 4.539697811941537653e-01 4.538692601679444327e-01 4.623774523970223815e-01 4.644549394663732844e-01 4.705397056294082225e-01 4.730412114135886248e-01 4.724452739409938373e-01 4.755489006946292951e-01 4.623220508204414214e-01 4.663855890300357410e-01 4.739775497366777168e-01 4.578945463850799813e-01 4.573612855627638418e-01 4.596844766112759273e-01 4.590306802638134398e-01 4.554401630170495374e-01 4.699459333057804389e-01 4.652396711256568951e-01 4.619399937071293483e-01 4.461948452692509060e-01 4.472877451947835370e-01 4.646807579102316121e-01 4.572703894260555790e-01 4.603769063333101319e-01 4.549547682747373534e-01 4.486587491434811392e-01 4.579099436390612898e-01 4.567374977556232785e-01 4.588694783929018195e-01 4.547748338307968652e-01 4.575933029524673068e-01 4.570637187101939114e-01 4.544165319853270546e-01 4.582810249714867612e-01 4.605967442639025133e-01 4.594001133267021086e-01 4.626705629765727190e-01 4.525268237335176580e-01 4.672570275543800333e-01 4.622531243000548851e-01 4.619642998531655609e-01 4.610690128808199728e-01 4.618400199050134436e-01 4.654024993105067565e-01 4.546745068896574926e-01 4.624693822363655227e-01 4.653656671550587820e-01 4.688603408482672208e-01 4.646665206166123441e-01 4.604205109871232771e-01 4.716791854688841545e-01 4.641070426197133059e-01 4.582484425383852034e-01 4.606096490553946432e-01 4.629177599216450778e-01 4.639830723964571968e-01 4.624613606711391878e-01 4.631108023578573429e-01 4.626140918148740622e-01 4.616626111113220632e-01 4.590876878389723026e-01 4.610446239936298318e-01 4.555842486811745862e-01
-6.005003203935425048e-03 1.009153367169885185e-01 2.492115013253461131e-01 4.009930287650007030e-01 2.917259926843768780e-01 1.000000000000000000e+00 5.644229080385716468e-01 5.109196558283256584e-01 5.502945951346495113e-01 5.100585349054060913e-01 5.650992067316339407e-01 5.981974925404703880e-01 5.355610361638031280e-01 5.522573134546321372e-01 6.190456682809293287e-01 5.909043576320679447e-01 5.541651025269906938e-01 5.102900481641049479e-01 5.492531068928196980e-01 4.576453694977812847e-01 5.337998439695393893e-01 5.843851356234260885e-01 5.428540294887934659e-01 4.781742375197664541e-01 5.451361704841940492e-01 5.874389647616614640e-01 5.816520154568816103e-01 5.891325269135836429e-01 5.483271667858208298e-01 5.536520186307070102e-01 6.089345449799361543e-01 6.094552030086130001e-01 5.890189521449390453e-01 6.013944786121625530e-01 5.914386729266231102e-01 6.076464668032528493e-01 6.104454138906072469e-01 6.160868663538536794e-01 6.217796718784106558e-01 6.143839699459555659e-01 6.257813218517919163e-01 6.268403927218425542e-01 6.172668301872649144e-01 6.294540114370347217e-01 6.318336371213160163e-01 6.267459569648106132e-01 6.217339116579141400e-01 6.180583166498275771e-01 6.140880040292673314e-01 6.082990531609779872e-01 6.185915917596617186e-01 5.991022205513867327e-01 6.128902654393453275e-01 5.972293928618237491e-01 5.929813794434264373e-01 6.169501475788117251e-01 5.906149863252171395e-01 6.166615870883855877e-01 6.137254863554310047e-01 6.187077714246802529e-01 6.201165893768414428e-01 6.046385024250295892e-01 5.989598414252895742e-01 6.133537298936942994e-01 6.130066400851038599e-01 6.044311592905757813e-01 6.224824990818391690e-01 6.199892420412822513e-01 6.200808428189034105e-01 6.172562431048568277e-01 6.223995243104669672e-01 6.223505122113770494e-01 6.054644124283049544e-01 6.082026327034351088e-01 6.232124947327256637e-01 6.246388026979790009e-01 6.246465587958025534e-01 6.126057795171351295e-01 6.163256950055819861e-01 6.077088659329246134e-01 6.242204710626935160e-01 6.232063628508449638e-01 6.258326659924500213e-01 6.193625347096624045e-01 6.292222727750246269e-01 6.226724142046206056e-01 6.328862627206744973e-01 6.269301052973408339e-01 6.265492094431210912e-01 6.254845803764695900e-01 6.353983863382940411e-01 6.319650158922333061e-01 6.334215130457130360e-01 6.294935795862511840e-01 6.247983619550987466e-01 6.233026093299529613e-01 6.194620141205224861e-01 6.104692290692930179e-01 6.253603569647613325e-01 6.274269529271732093e-01 6.310085070975370858e-01 6.200775913469462886e-01 6.254214646690926527e-01 6.273067011305910601e-01 6.260419523154093779e-01 6.041177031440194689e-01 6.190581739987004450e-01 6.215473755200804362e-01 6.206958975636258646e-01 6.244653026199565859e-01 6.196061166696694711e-01 6.213588351057537373e-01 6.160775264500466530e-01 6.180729550530492666e-01 6.243427762759736765e-01 6.148211083355401563e-01
6.386918329283757488e-03 1.623009215679852013e-01 3.851077240563046677e-01 6.134173707764091210e-01 3.933838459808519095e-01 5.644229080385716468e-01 1.000000000000000000e+00 7.012905573517890234e-01 6.915712314672897154e-01 6.944834227367534529e-01 7.485107794669429992e-01 8.047854017144229211e-01 6.956901301115993030e-01 7.210257575479661618e-01 8.381210415781913392e-01 7.872139206725309313e-01 7.264070886090678858e-01 7.149078145293650266e-01 7.572395179382293007e-01 6.716582929423314807e-01 7.643269872104174745e-01 8.105160889208080643e-01 7.624219463787513806e-01 6.969104245637118833e-01 7.597685658049708746e-01 7.913392763963159604e-01 7.817118710024298922e-01 8.025141657540176832e-01 7.347382422600735596e-01 7.484720451238489058e-01 8.087853555039249409e-01 8.317234333818436243e-01 8.094739408398051728e-01 8.337669362552923014e-01 8.157526488687237842e-01 8.080339097779750679e-01 8.211842406569013209e-01 8.333244269466059118e-01 8.353833938160946104e-01 8.452723968866168169e-01 8.231747921736136675e-01 8.384336885170374787e-01 8.404635827932541714e-01 8.355240116760441760e-01 8.260103158605031082e-01 8.298730319534576294e-01 8.074180109716810883e-01 8.027875019841588244e-01 8.034356445744100794e-01 8.156038059806708374e-01 8.177289987146862948e-01 8.049450148269738925e-01 8.019341922473992579e-01 7.776977118071480843e-01 7.845581710652291818e-01 8.274042141313563414e-01 7.784284545798511035e-01 8.120874262764055107e-01 8.165224250200411316e-01 7.983080918863736386e-01 8.088175685912523116e-01 7.877720855991294790e-01 7.972668015055092150e-01 7.976958276664531944e-01 7.856708426487253316e-01 7.847936166903629607e-01 8.000078601367398567e-01 8.125442500514156174e-01 8.219031017054841959e-01 8.285272754392873917e-01 8.275883860848323170e-01 8.150808039926379367e-01 8.179701479180343515e-01 8.100809221455101961e-01 8.129705396277588925e-01 8.091317332012433194e-01 8.203122395482903562e-01 7.962088868253383023e-01 8.108395725771880835e-01 7.979592512294764184e-01 8.179863713619142107e-01 8.134043321161110729e-01 8.280004063018073790e-01 8.202224354037236376e-01 8.375816144007957043e-01 8.325738697666305033e-01 8.325190330078161560e-01 8.286957509898880136e-01 8.214536715048228466e-01 8.266748022998712253e-01 8.421219364715208933e-01 8.276699078988866143e-01 8.252190313662747245e-01 8.239450013659600502e-01 8.088064025128024470e-01 8.060467452503670138e-01 8.202845953364793496e-01 8.036316185988153782e-01 8.091692189844144067e-01 8.254817851286589958e-01 8.247036204377202750e-01 8.119193027364922655e-01 8.150140602445583582e-01 8.182738860415939008e-01 8.201085737866724568e-01 7.860118316885535972e-01 8.078162401779014345e-01 8.075777050306367499e-01 8.103149458908646130e-01 8.111033533601091916e-01 8.152892609879718311e-01 8.035671540581883487e-01 8.035822261511088582e-01 8.005055802468409309e-01 8.058397991894339363e-01 7.977355244776476173e-01
1.204574252458382247e-02 1.229422965207066371e-01 3.341072083423399230e-01 5.408169329233400990e-01 4.353831880025257894e-01 5.109196558283256584e-01 7.012905573517890234e-01 1.000000000000000000e+00 6.949916861304398230e-01 6.458261815824594132e-01 7.201975366970243542e-01 7.734503020485735680e-01 7.041330650864343621e-01 6.875601188081237325e-01 7.957940604735769252e-01 7.904199909382481071e-01 7.267390617065732084e-01 6.722071669758582502e-01 7.073764983145279794e-01 6.225655418456718104e-01 7.090007229821736479e-01 7.598784256835425799e-01 6.698613392978610692e-01 6.148250204039144018e-01 6.884820044068412637e-01 7.326003467947661552e-01 7.370833536602150460e-01 7.083895527760198929e-01 6.785761871405667778e-01 7.009346287328893643e-01 7.619033992576692560e-01 7.573006958603557548e-01 6.984482791664311518e-01 7.385324310117584723e-01 7.358500706620277887e-01 7.553818233384431702e-01 7.544810023122621168e-01 7.712383466675707400e-01 7.844541148346966253e-01 7.479090997524806550e-01 7.883018213005626995e-01 7.858658473657884613e-01 7.859091429741765777e-01 8.005874500255140136e-01 7.774992226298704789e-01 7.836852727900960325e-01 7.929848587389797254e-01 7.897776992399706542e-01 7.958415944797373465e-01 7.682878104628694249e-01 7.909727243929850493e-01 7.477298922741990594e-01 7.833854089110225960e-01 7.823264854377817157e-01 7.813934704301503942e-01 7.858618343056006372e-01 7.890319295534369282e-01 8.025641625401831458e-01 8.039963764164019810e-01 7.976528118180048477e-01 8.019082500027855387e-01 7.953026458551993860e-01 7.981533574690737876e-01 7.968656107051780291e-01 7.860733653614627725e-01 7.881934940329141659e-01 7.896435559369545665e-01 7.924847134679957605e-01 7.838557878587866234e-01 7.947915673184982044e-01 7.992391983056545968e-01 7.925148244827836530e-01 7.715286998624413251e-01 7.680623746918339156e-01 7.872508370089731367e-01 7.813651367525018543e-01 7.792226987728672061e-01 7.763032608473227070e-01 7.755196688949866912e-01 7.759794685230020361e-01 7.785302862067724483e-01 7.911715975822681823e-01 7.930761729734155940e-01 7.783102308453210272e-01 7.874526222066484671e-01 7.845492391972177515e-01 7.927094387388304852e-01 7.960456680574855559e-01 7.889718895591576464e-01 7.975922626343752153e-01 7.810040267831185323e-01 7.956619600874543785e-01 7.936894609916692600e-01 7.967360141620851710e-01 7.962065616137462554e-01 7.964416631340104358e-01 8.075268159251770550e-01 7.930921961794386021e-01 7.994775976328427625e-01 8.011906151895923367e-01 8.033142328271688504e-01 8.076280829832026553e-01 7.912784161580806996e-01 8.063233565650564927e-01 7.961424791742499618e-01 8.009373521819528330e-01 8.008920853059273703e-01 7.961201842265248629e-01 7.993477798424587499e-01 7.988837642019392948e-01 8.081448781398791192e-01 7.978956856094892025e-01 8.040740556641483572e-01 8.005344123201567630e-01 7.942291123981201073e-01 7.941498495644896405e-01
1.310959037087179313e-01 1.845923430325289716e-01 3.558099354754164501e-01 5.444033815935552800e-01 4.171700120547572888e-01 5.502945951346495113e-01 6.915712314672897154e-01 6.949916861304398230e-01 1.000000000000000000e+00 7.485973438876808439e-01 7.985395517451607805e-01 8.206929547036946326e-01 7.533968460524773647e-01 7.482547142870351609e-01 8.309917808487973234e-01 8.340691608307247984e-01 8.235301667861503194e-01 7.784088853591886181e-01 8.040769824230900031e-01 6.207049428713548034e-01 7.334333176291416567e-01 8.145214290934998935e-01 7.836881650953507750e-01 7.261008380424190944e-01 7.980054678786344668e-01 8.508558080245139932e-01 8.453181796245229362e-01 8.146050214662080569e-01 8.067048678656006944e-01 8.483750540322017031e-01 8.709180108179920277e-01 8.241645695826653739e-01 7.516025428047505841e-01 8.039010398379227151e-01 8.134154986431400003e-01 8.161564595849477577e-01 8.493357533654268821e-01 8.133368491519086252e-01 8.499674659058045201e-01 7.719260107344083632e-01 8.639034860834581275e-01 8.535243883355789762e-01 8.276900404974965042e-01 8.624836009059647646e-01 8.571131785563216310e-01 8.536272348908076069e-01 8.702240516510447721e-01 8.845971451319383227e-01 8.742532611095781281e-01 8.167132473419894678e-01 8.441638958444269702e-01 8.224569587587950981e-01 8.603753163126183212e-01 8.882065235342478937e-01 8.747905522545447177e-01 8.581515926164338115e-01 8.749971578981842191e-01 8.743053140608127993e-01 8.661018519805477878e-01 8.853983872266304456e-01 8.797848438460513787e-01 8.804511934591953137e-01 8.623743013750150288e-01 8.768318311449935232e-01 8.819353279509496435e-01 8.856064007762660673e-01 8.824566892948261243e-01 8.800190904123036395e-01 8.737994652067982981e-01 8.602150578409198944e-01 8.721209780516407939e-01 8.805124598712830153e-01 8.634627792692280979e-01 8.688275533555590568e-01 8.845773718960010523e-01 8.800778926354658749e-01 8.753518125813595230e-01 8.762406502854481749e-01 8.736799317699029954e-01 8.882173950582370470e-01 8.786543772470882807e-01 8.843623812967543740e-01 8.729058291453135610e-01 8.735743197022098894e-01 8.530817701927001506e-01 8.655751059583904894e-01 8.682505774150700573e-01 8.690701155968815206e-01 8.699420701559209546e-01 8.704577778714841507e-01 8.497405675192689634e-01 8.701181182584701856e-01 8.705924693132522929e-01 8.715347434565849927e-01 8.770353287387233632e-01 8.810054970562378740e-01 8.600053780569001383e-01 8.776102832655648944e-01 8.727730063836049990e-01 8.717089109684373893e-01 8.680925777722247050e-01 8.767060213031964144e-01 8.751675507926002240e-01 8.759617037600396783e-01 8.772918653723943416e-01 8.747885615116913760e-01 8.820855069322212083e-01 8.843194225424255706e-01 8.828283327688809523e-01 8.754842642239066830e-01 8.719815420126559857e-01 8.800108441621629085e-01 8.781437352936756202e-01 8.821677728051348089e-01 8.829502112332268116e-01 8.844190748979592342e-01
7.620715463067460893e-02 2.140347254895640094e-01 3.489990460211272461e-01 4.967790621442250143e-01 3.859317510016904151e-01 5.100585349054060913e-01 6.944834227367534529e-01 6.458261815824594132e-01 7.485973438876808439e-01 1.000000000000000000e+00 7.390715131933585091e-01 7.553460427378007047e-01 6.715797118644176722e-01 6.975327438547835879e-01 7.751111679076975181e-01 7.568614083497705591e-01 7.282287382642372853e-01 7.395011503560416921e-01 7.630088046072445174e-01 5.576051194161012470e-01 6.582719440642719189e-01 7.595849871467442727e-01 7.624256124562478476e-01 7.104272797490465141e-01 7.643002902362714401e-01 7.925969920375184330e-01 7.880380647363317559e-01 7.868663528280765984e-01 7.545166016007760490e-01 7.892707034069974537e-01 7.971268543550266150e-01 7.910874950379550574e-01 7.376813746404287109e-01 7.778859908998870809e-01 7.767326335763720113e-01 7.562925450921710313e-01 7.935444770919501956e-01 7.740970684631535148e-01 7.973366687406127085e-01 7.569167901781969077e-01 8.027826612674315854e-01 8.074570159951652837e-01 7.837936626941337526e-01 8.038657262956914185e-01 7.987419555657386816e-01 7.974543776028600872e-01 7.963114432397098152e-01 8.140166530679660006e-01 8.045191464081780097e-01 7.680991579026538174e-01 7.815447494499265790e-01 7.627145221389517449e-01 7.919508768804041088e-01 7.977207753497977949e-01 8.036410424529744079e-01 8.108553040886776753e-01 7.801634447994146848e-01 8.017843282706661467e-01 7.976661735908033846e-01 7.986490864464811379e-01 8.008449514713059658e-01 7.922252987800898483e-01 7.807810652563396125e-01 7.891723096215136346e-01 7.890600851251768910e-01 7.889695375513550157e-01 7.992282695502055390e-01 8.131861575072341086e-01 8.171647080526514006e-01 7.910612890851966839e-01 8.043627543983794537e-01 8.117744924472307666e-01 8.122572059252970433e-01 8.150120876204171028e-01 8.160568177635645348e-01 8.121909584289378481e-01 8.192295472434323322e-01 8.061786988946449961e-01 8.148190258589190771e-01 8.170879995076537616e-01 8.122664205990057784e-01 8.102883617451126508e-01 8.044769230441686236e-01 8.152477605309167430e-01 8.032693904568625198e-01 8.122614262989055200e-01 8.077468120799732310e-01 8.088221641332318246e-01 8.061713478609009442e-01 8.083618015152530534e-01 8.064942631538241091e-01 8.105005167543287703e-01 8.095828836518492722e-01 8.059558828535978714e-01 8.041877101862786592e-01 8.053730119614123106e-01 7.953735129665633341e-01 7.934971170126967621e-01 7.983319865636716584e-01 8.074075093919690360e-01 8.018078167887449093e-01 7.980604241857018888e-01 8.053199979038936362e-01 8.050443560817215349e-01 8.034400909174851391e-01 7.833256657811170642e-01 8.044584692581724372e-01 8.073694934569177750e-01 8.095915675117043575e-01 8.031919660378005199e-01 8.001926819369304944e-01 8.001362419936991488e-01 7.971480163686543996e-01 7.955598664220847605e-01 7.999018328402613953e-01 7.969216747434393344e-01
3.018405746581842922e-02 1.488639923695179723e-01 3.743536396484979933e-01 5.842624157972871046e-01 4.350382796911702044e-01 5.650992067316339407e-01 7.485107794669429992e-01 7.201975366970243542e-01 7.985395517451607805e-01 7.390715131933585091e-01 1.000000000000000000e+00 8.602479657998700624e-01 7.641950893745852458e-01 7.833456926400786946e-01 8.685219574822792277e-01 8.440190881546489887e-01 8.084075556511656213e-01 7.788668919601271501e-01 8.211477862523980376e-01 6.660485864967171654e-01 7.716643739251584089e-01 8.473577482509742076e-01 8.047676951545451596e-01 7.431216288724673547e-01 8.131435214277463741e-01 8.619408849018828089e-01 8.493331793013120246e-01 8.392512395136456638e-01 8.073836530933741207e-01 8.362725284806036274e-01 8.782437694511775472e-01 8.713732889625865896e-01 8.144674698881816388e-01 8.500471351272138598e-01 8.479326710938116518e-01 8.482518387931382575e-01 8.712246735219186800e-01 8.645509247049824042e-01 8.820057848420086444e-01 8.350756328576669496e-01 8.840880868913322255e-01 8.819965029368991294e-01 8.682534374271667632e-01 8.881622586911813721e-01 8.778218669787195561e-01 8.803807066835735995e-01 8.852867119560994258e-01 8.886535481531905312e-01 8.870569057186827866e-01 8.587867633963840452e-01 8.748995653794247040e-01 8.515478181496440868e-01 8.760459374079276884e-01 8.775950100897818018e-01 8.737546555569803974e-01 8.834700174908598491e-01 8.665051484215876565e-01 8.837779504827401045e-01 8.846116792706393284e-01 8.821119340616313531e-01 8.871858017862735979e-01 8.762494519444797847e-01 8.708096291386138166e-01 8.793635683429928962e-01 8.787004867442523848e-01 8.767522476194249403e-01 8.903379911477075082e-01 8.929354392889312653e-01 8.926556417088722384e-01 8.854639134799832112e-01 8.956448027035263104e-01 8.945391722002965507e-01 8.842251979844729659e-01 8.836260555158691465e-01 8.938555125973082216e-01 8.913887268637137318e-01 8.915569809595949025e-01 8.838102697537795205e-01 8.864082646719906311e-01 8.905525154983873204e-01 8.911611226525366636e-01 8.946868822343284622e-01 8.913797335655373466e-01 8.928115241311055383e-01 8.878140365213700314e-01 8.929253835621301372e-01 8.918891626942775375e-01 8.923799407069257228e-01 8.920674315798395870e-01 8.877802597935775530e-01 8.881515522405319940e-01 8.930628589384377314e-01 8.924620831491363315e-01 8.924597463287211596e-01 8.908196494659654796e-01 8.914937496791119909e-01 8.828192615807762822e-01 8.822366137125978724e-01 8.891728670274420265e-01 8.928849191402374874e-01 8.922034877813704856e-01 8.894466333589514662e-01 8.896859756453494583e-01 8.924378030318417254e-01 8.923323323790970374e-01 8.726695740785109789e-01 8.908447756466896239e-01 8.917432085538439246e-01 8.922692183139731004e-01 8.908759853556583730e-01 8.890194904376862439e-01 8.875503103445824271e-01 8.870051811646929574e-01 8.862718858793280363e-01 8.909218453933765991e-01 8.826215723287936799e-01
2.494251163166395432e-02 1.479583380290273031e-01 3.838235817603065092e-01 6.498497884289327065e-01 4.683884639789875348e-01 5.981974925404703880e-01 8.047854017144229211e-01 7.734503020485735680e-01 8.206929547036946326e-01 7.553460427378007047e-01 8.602479657998700624e-01 1.000000000000000000e+00 8.070514981004059951e-01 8.187613743426980228e-01 9.145690404924855521e-01 8.989049362303719315e-01 8.450839490465389403e-01 7.894841741171322314e-01 8.320387478363060474e-01 7.399974422442885391e-01 8.350591256999917444e-01 8.914565773921158121e-01 8.103457088426029298e-01 7.277374569369009505e-01 8.202998964019464490e-01 8.852382643462568534e-01 8.835195422562445167e-01 8.613886330357558574e-01 8.292410958668131604e-01 8.474931376037877495e-01 9.130100897614173983e-01 9.023783366008778506e-01 8.464038912209567167e-01 8.829465293762106537e-01 8.791470764103670454e-01 8.937683883142517605e-01 9.060411499112579481e-01 9.106944972414795503e-01 9.209238736529666847e-01 8.820550418343634513e-01 9.257751600572614592e-01 9.234281484129358564e-01 9.144472904642926281e-01 9.318648782002170172e-01 9.175458285288813354e-01 9.227339074351547099e-01 9.289706165567577223e-01 9.259548431843018790e-01 9.279422505708392332e-01 9.041376877275646429e-01 9.273523382199004850e-01 8.897648219767666511e-01 9.177095146209374166e-01 9.158981772029523016e-01 9.083588273878666630e-01 9.176642973146003079e-01 9.162370216835883374e-01 9.263525963925965945e-01 9.327345338693546761e-01 9.291022024875384977e-01 9.339408665846757884e-01 9.233357642886578232e-01 9.196106918363219362e-01 9.327341159781300517e-01 9.244585438818030410e-01 9.250983101400043207e-01 9.263320166364121810e-01 9.261625913004436494e-01 9.236735315424331461e-01 9.359727503877267596e-01 9.376905019864910651e-01 9.292104916980182816e-01 9.078109464893215907e-01 9.043184058499653677e-01 9.305157583782600605e-01 9.278789671456882937e-01 9.225897311629488451e-01 9.191739149039994672e-01 9.165381694142686886e-01 9.187333012541371025e-01 9.241183264338992398e-01 9.322750357424859358e-01 9.313501808891260225e-01 9.211371841310852515e-01 9.265862201418526567e-01 9.240287756866494284e-01 9.323559820947799892e-01 9.313745802768159665e-01 9.298302964237042945e-01 9.275476088534941876e-01 9.253980408733732954e-01 9.318040346754223879e-01 9.319976191210056493e-01 9.333396259314186150e-01 9.319212176889531962e-01 9.307797513192533900e-01 9.238559210683401357e-01 9.239314660970563420e-01 9.300053273909353324e-01 9.345557795400708523e-01 9.327900892964281487e-01 9.341200750398385155e-01 9.302119945480661345e-01 9.352582941724408849e-01 9.336852288332408989e-01 9.207314944873309370e-01 9.321336532109574247e-01 9.296183650145234401e-01 9.292830444672682821e-01 9.319705206190332936e-01 9.323605630409307343e-01 9.312959376836419390e-01 9.303214551632474905e-01 9.309224868865478841e-01 9.331001457492119622e-01 9.284401715996698501e-01
1.441809953154596889e-02 1.501466314575655714e-01 3.000604833705104446e-01 5.042830858707016972e-01 4.320484386982620384e-01 5.355610361638031280e-01 6.956901301115993030e-01 7.041330650864343621e-01 7.533968460524773647e-01 6.715797118644176722e-01 7.641950893745852458e-01 8.070514981004059951e-01 1.000000000000000000e+00 7.391046754112011730e-01 8.305506493964961434e-01 8.226578009252193402e-01 7.749104532973737358e-01 7.192726849333159755e-01 7.580649224372769668e-01 6.165880558244620779e-01 7.222131132253559738e-01 7.867637298895282516e-01 7.210659075593855993e-01 6.579315018897367029e-01 7.469377334405696844e-01 7.921207131936225387e-01 7.814628749828704812e-01 7.653717974354050657e-01 7.440023996304677700e-01 7.671024936376669157e-01 8.281453341772885279e-01 8.052658014822879906e-01 7.426520696416794021e-01 7.850460806792727286e-01 7.833616992716109229e-01 7.991604439279623717e-01 8.105885677118209731e-01 8.175868465398787865e-01 8.359149660289301176e-01 7.793723207329777969e-01 8.396468950494088146e-01 8.330880474854129858e-01 8.198759728549129822e-01 8.469060827516471379e-01 8.333198426430219463e-01 8.421396003019505638e-01 8.534331729619900608e-01 8.488000129937740557e-01 8.509986147794932343e-01 8.088426133300776755e-01 8.347063163523360529e-01 8.010075014517531455e-01 8.299274194818919703e-01 8.422551363212228415e-01 8.284864093040174016e-01 8.309085132627982428e-01 8.306635313392130016e-01 8.479913501391971309e-01 8.447128964210720570e-01 8.563070070497122988e-01 8.520981349318732523e-01 8.465374262318233756e-01 8.365837188166290739e-01 8.501095432057359513e-01 8.460813172468573118e-01 8.452674842324673365e-01 8.527887293154371440e-01 8.497481136550831815e-01 8.433502699418660153e-01 8.410883398021851143e-01 8.486983291738197099e-01 8.519487044014982802e-01 8.307984947116212604e-01 8.283191078607352598e-01 8.485259887430171011e-01 8.440298499651192055e-01 8.375486477907659877e-01 8.394714806848744271e-01 8.372052981368370839e-01 8.382106010710972388e-01 8.419918424210517394e-01 8.516956572505577361e-01 8.454078587999039884e-01 8.373866268859702089e-01 8.382008066008093117e-01 8.397055244932007945e-01 8.472698451204206949e-01 8.499143032143373633e-01 8.516847813879810936e-01 8.470257221930999059e-01 8.378009911691618461e-01 8.513630026626235470e-01 8.500130109076342588e-01 8.536003575787324271e-01 8.556152368192010416e-01 8.563525322514783378e-01 8.324265741934534502e-01 8.355031124781401308e-01 8.514160943430015838e-01 8.492571720900844445e-01 8.494965645363568019e-01 8.492546831577451050e-01 8.505644524828777087e-01 8.545260155505846056e-01 8.501346449083158063e-01 8.404439505184287951e-01 8.513782886746755763e-01 8.532316222390714522e-01 8.516715830180350277e-01 8.544559968261762339e-01 8.509205243274803321e-01 8.567919093824111210e-01 8.529783415012450742e-01 8.520070734192083384e-01 8.522185060124880529e-01 8.511865322008591583e-01
