1.000000000000000000e+00 1.395836006327153267e-01 6.085333347283924943e-02 6.083318385985619220e-03 1.477605761770679586e-02 -2.254146805946639909e-02 3.622975445593360627e-02 5.309816048520090564e-02 1.596421291907974271e-01 6.766422700125815370e-02 2.096228952426063691e-02 1.900187500384498129e-02 2.027076331526046077e-02 -1.524100930862810899e-02 3.727007415600604883e-04 4.049403283579004059e-02 4.269374483898680239e-02 1.535273821186670246e-02 1.469833695161072012e-02 1.610068051338016046e-02 4.532913919825086457e-02 5.990788360608468449e-02 4.753176329468383060e-02 8.820521641827110126e-03 5.670900747536873968e-03 4.063656173954305340e-02 1.778111660454091691e-02 1.833710211851188529e-02 4.601738021126101919e-02 4.018890166003424858e-02 1.599330056494950927e-02 3.187544501663046315e-02 -1.909695503341700884e-03 1.360692115918620340e-02 3.356378621472306395e-02 -2.772942896905689937e-03 1.072047456804794789e-02 7.977021979260723664e-03 6.935294926096270685e-03 -4.331504548545755950e-02 -1.382647520183546822e-04 -3.086459904313108155e-02 -5.246207303545197959e-02 -5.071792450966781593e-03 -3.692226622432239619e-02 -1.814906158394012994e-02 9.970734968562001629e-03 2.542219136715234348e-02 1.314226420532547089e-02 -5.636071299620659973e-04 -3.070859434857302513e-03 -3.042183046422783366e-02 -2.001791517723767316e-02 3.712020606309023030e-02 8.006517152688130690e-03 -1.264223417329774814e-02 4.479600702072344953e-02 1.115368668202850432e-02 4.924697557170100437e-03 4.150178841970080662e-02 6.915950702300878395e-04 3.876091730714103373e-02 2.087896416060263174e-02 2.335237304190775770e-02 4.625890755520364189e-02 5.814425335675264123e-02 1.987710245426808214e-02 7.217153512796749965e-03 1.675871460307052502e-02 2.169999425311870678e-02 5.072985498289924421e-03 9.410483206183501564e-03 6.420609596129016675e-03 -8.612675674077280297e-03 1.292239107961983685e-02 9.707635219156733608e-03 -1.868058642549323125e-03 1.859545189104687066e-02 2.635145166142570343e-05 1.607879553775934389e-02 1.355898630528563908e-02 8.315332577183883953e-03 7.991960109745082155e-03 1.844869039271048936e-02 -1.195816004742943257e-02 3.233049681701394978e-03 -3.634861239850779076e-03 -2.135294324054221038e-02 -5.448333214657928233e-03 -1.454874014675506047e-02 -2.882423712271508023e-02 -1.267190631554763504e-02 -1.470768275354249546e-02 -1.393046628531617592e-02 8.781225622160677285e-03 1.301969389526915974e-02 -3.002666051079132259e-02 4.749165776124222860e-02 1.946058654827461645e-03 -6.749387358708459558e-03 -2.267036416066459115e-02 9.704701003456097860e-03 6.840968785019586017e-03 -2.711586335573297219e-03 -8.050778618875336148e-03 4.334813179857679999e-02 2.419935001880111833e-02 1.060553852372688073e-02 2.455606848253106579e-03 1.145115287794996016e-02 -9.039638403040417894e-03 2.589203921848175910e-02 2.526537602178074299e-02 2.523516144124561891e-02 2.170874640058001806e-02 4.159387687433495351e-02
1.395836006327153267e-01 1.000000000000000000e+00 5.410927711350123348e-02 4.114829020835655826e-02 9.246823223608260922e-02 1.067552986665075282e-01 1.065935268786618595e-01 8.618666465083232864e-02 1.685360798405979577e-01 1.584620158873741858e-01 1.271936222479852774e-01 1.020617013362338926e-01 1.270719431325909587e-01 1.190772265522457990e-01 1.186247827425915141e-01 1.238635457305512777e-01 1.328651311607304542e-01 1.056301060596948199e-01 1.137123631220520598e-01 1.042614430668055009e-01 1.244028233090136992e-01 1.451561876710893428e-01 1.427041364575899474e-01 1.163891593146289122e-01 1.198193962522021705e-01 1.298172662062362925e-01 1.397496539922544745e-01 1.385793081806945271e-01 1.385856535309039350e-01 1.448090244486780476e-01 1.310502551912254288e-01 1.368540885915587590e-01 1.345390880105702958e-01 1.303671750110320382e-01 1.482604421963804875e-01 1.095839923085729084e-01 1.346486867210788252e-01 1.278077371734085144e-01 1.240192279913429341e-01 9.831954333580368577e-02 1.331872670761727606e-01 1.197042273472249396e-01 9.782864841941636691e-02 1.292694582405158610e-01 1.054402485124091571e-01 1.229553695084835280e-01 1.440063198703988023e-01 1.459489420775058888e-01 1.399908269685875006e-01 1.149458923229244173e-01 1.252322957549140969e-01 8.878550653581254726e-02 1.201464102979889342e-01 1.530884552630463191e-01 1.394373165372489454e-01 1.214775373882336501e-01 1.502149734655878754e-01 1.464319118046419066e-01 1.368078008030424453e-01 1.571077857359260699e-01 1.319683710111692887e-01 1.530198935650695369e-01 1.438091116854004758e-01 1.404224681064508984e-01 1.495830973088045635e-01 1.533653906299253245e-01 1.453271608235641998e-01 1.369533270953282311e-01 1.443082855764697692e-01 1.400438357965759217e-01 1.393367970320264770e-01 1.426815939595741378e-01 1.377884264641767997e-01 1.313959640013567243e-01 1.373053142482331124e-01 1.399882894684542911e-01 1.312428152494394262e-01 1.447351487145088489e-01 1.378795202270338138e-01 1.430380030920294643e-01 1.380098930336353114e-01 1.416247116243555537e-01 1.358625415769847966e-01 1.483139013452597632e-01 1.240893051641617228e-01 1.365364654902875008e-01 1.330152009499916965e-01 1.261912332739071885e-01 1.362737836614392184e-01 1.296225482930699890e-01 1.216629042429994700e-01 1.315177074547704827e-01 1.270047793198566810e-01 1.321441377408660300e-01 1.442149446307576521e-01 1.478353163211177379e-01 1.157726257449145507e-01 1.518383006892010945e-01 1.386004023357944037e-01 1.313113355631957413e-01 1.245980709188384411e-01 1.417839289345380338e-01 1.372875251347469849e-01 1.341971381348674719e-01 1.272444129627474663e-01 1.561316593619279658e-01 1.519973172664714212e-01 1.422780268455043073e-01 1.387731098273540242e-01 1.420278836651113763e-01 1.350149889978510265e-01 1.510233305734287601e-01 1.538104480110506767e-01 1.470141653948822680e-01 1.457774916366778029e-01 1.554577722268761231e-01
6.085333347283924943e-02 5.410927711350123348e-02 1.000000000000000000e+00 2.985365535304929652e-01 1.369314974629387005e-01 1.637190270037463258e-01 2.596068384909991922e-01 2.617098170294972492e-01 2.792619852878675535e-01 2.857292835725939173e-01 2.804905846510730161e-01 2.916387444707044807e-01 2.259919402552524603e-01 2.213326616304706063e-01 2.928029506772419355e-01 2.897537495355930193e-01 2.920231986799923241e-01 2.692194414114674195e-01 2.998734259771672073e-01 2.470439907645947397e-01 2.906062674012272473e-01 3.112462091860619950e-01 3.096737790430273418e-01 2.560702936270530250e-01 2.882527154551779991e-01 3.113120212916434260e-01 2.975657430626419409e-01 3.103664917147763713e-01 3.107795428597800447e-01 3.058059665659860760e-01 3.073002341576466234e-01 3.090404344750665722e-01 3.106460504032959591e-01 3.092204530443105615e-01 3.166194472632080648e-01 2.975219313041047031e-01 3.050755043433169278e-01 3.106453804084872150e-01 3.045310302547113435e-01 3.127811245670398810e-01 3.135093987748171496e-01 2.929621571852744077e-01 3.004126501789845527e-01 3.031879275178477884e-01 3.121265766340442505e-01 2.966654599842577511e-01 2.969326401310698471e-01 3.050555598581538019e-01 2.966515704752805127e-01 3.061727571035581241e-01 3.118348163039495469e-01 3.003630083050549127e-01 2.957972269961484657e-01 3.054941224705787217e-01 2.994571224311441959e-01 3.064696498639494227e-01 3.105022223559945616e-01 3.037145332100021911e-01 3.053686109701892470e-01 3.034657930580393903e-01 3.022580233735933652e-01 3.054827021037395673e-01 3.060492184970309837e-01 3.007775739475938570e-01 3.006222044962973405e-01 2.997812817568652477e-01 3.007916421508897153e-01 3.060907087588532471e-01 3.026216741051941939e-01 2.952371242946863483e-01 3.053040641346332906e-01 3.055818931070947708e-01 2.994191639757087797e-01 3.018079250785801748e-01 3.086748483552811950e-01 3.092784209034932230e-01 3.051193844373457087e-01 3.077050684546300263e-01 2.996391162852395929e-01 3.036393077083210379e-01 3.081801704951926957e-01 3.075858784161486503e-01 3.082458444575398859e-01 3.037953218317387960e-01 3.067147192094692998e-01 3.038124958182142898e-01 3.085795713548782904e-01 3.013696719214395969e-01 2.975616267096671819e-01 3.044695184655620834e-01 3.067185900400077880e-01 3.012921493840334253e-01 2.959824152375078454e-01 2.980984917554598268e-01 3.003131474130552037e-01 2.986160729831154881e-01 3.028845796174093330e-01 3.072955012003689701e-01 3.027199411144918528e-01 3.075201417587228314e-01 2.939892804229647938e-01 3.062316578527722322e-01 2.948266202501043098e-01 3.009086888842156249e-01 3.040861043112811357e-01 3.093801955036563633e-01 3.022032779148352555e-01 2.964929818640149595e-01 3.051748318609046051e-01 3.047185729392693498e-01 3.035941123716136003e-01 2.995017715109450918e-01 3.019033940800125437e-01 3.004252391250830101e-01 2.987226902695865327e-01 3.006701924831452488e-01
6.083318385985619220e-03 4.114829020835655826e-02 2.985365535304929652e-01 1.000000000000000000e+00 2.337857851400809150e-01 2.588999081828226578e-01 4.292800922012840470e-01 4.191674090337884073e-01 4.433325710267144171e-01 4.084081820381715855e-01 4.521014561925638664e-01 4.985968052830294650e-01 4.053714697192458138e-01 4.044047299516635996e-01 4.977654561838975589e-01 4.880262730116465275e-01 4.748552801976613225e-01 4.758921188580353956e-01 4.939309663642184600e-01 4.208853732570263517e-01 5.037564127840077344e-01 5.091789496977047191e-01 5.096473542204168483e-01 4.522049470839089036e-01 5.008698309132967319e-01 5.243086093155445715e-01 4.970423553464156652e-01 5.032273679278342904e-01 5.006146115486020953e-01 5.120640282402945109e-01 5.093299920503218114e-01 5.165067950739120617e-01 5.003636867219913853e-01 5.101816537662626772e-01 5.012194283199183920e-01 5.055986791029599692e-01 5.116073648370877969e-01 5.113154583412365950e-01 5.215373224498123239e-01 5.103244302708422886e-01 5.161306100071421099e-01 5.040003906497103614e-01 5.169382487135792958e-01 5.128623190653828212e-01 5.124855229766475118e-01 5.036343702232713992e-01 5.023944259870406492e-01 5.046796865643231600e-01 4.988953921684919357e-01 5.123827781476526511e-01 5.213736731724420981e-01 5.140085473742869171e-01 5.038458580574313173e-01 4.996796387060186140e-01 5.001698253761827084e-01 5.137969228158737467e-01 5.085246639322200668e-01 5.049323761865480709e-01 5.021345866983892847e-01 4.992792073158281441e-01 5.141323045379507795e-01 5.046289875852282281e-01 5.107917449802735765e-01 5.080701446356857831e-01 5.025281968212761408e-01 5.014020887849816033e-01 5.043489251208909119e-01 5.103488952033581327e-01 5.117280534155669303e-01 5.053017243657753621e-01 5.138180058463726052e-01 5.091376122888426892e-01 5.047036491914085321e-01 5.085749824163908750e-01 5.134031479068253967e-01 5.124892643288173621e-01 5.088371658544358356e-01 5.063985991491515293e-01 5.059329682080397905e-01 5.060941807825413141e-01 5.016148967678814019e-01 5.106068898560067737e-01 5.180723595439158391e-01 5.101149976987909840e-01 5.195294650955541993e-01 5.110423270793923445e-01 5.081644216629505051e-01 5.088237747077547501e-01 5.050192877460855101e-01 5.105973453415322272e-01 5.136512114009281760e-01 5.105054960259277630e-01 5.022200090959413332e-01 5.045109859369417693e-01 4.998232779588491215e-01 4.986952199107500538e-01 5.183687953738578269e-01 5.146053140177605512e-01 5.128354285053664530e-01 5.179899365067628381e-01 5.090144792833798393e-01 5.155795751935823290e-01 5.009753853008271918e-01 5.092727359311746138e-01 5.137949629484704905e-01 5.124473623376832876e-01 5.044590153707582125e-01 4.990688716559156801e-01 5.091132067720789411e-01 5.076228144194643299e-01 5.067727224069060732e-01 5.009138040749436804e-01 5.044094178698229625e-01 5.092093999332785170e-01 5.035536450048380130e-01 5.026985434122503982e-01
1.477605761770679586e-02 9.246823223608260922e-02 1.369314974629387005e-01 2.337857851400809150e-01 1.000000000000000000e+00 2.165339382218665620e-01 3.840890058034294730e-01 3.262060698373066003e-01 3.789643482387090034e-01 3.375466759293060393e-01 3.604557780481997820e-01 3.999298124721826775e-01 3.847349436816059898e-01 3.376284786302545249e-01 4.143252786077067373e-01 3.933663568363823804e-01 3.953012282507196717e-01 3.424626290924218663e-01 3.626397196934613709e-01 3.576473451129347225e-01 3.821451536009429217e-01 3.983779878053914647e-01 3.887359392481489206e-01 3.414232805338654475e-01 3.686037055745340352e-01 4.001381993881930610e-01 3.889273613311461930e-01 3.936845293391503242e-01 3.930954755950342716e-01 4.137240345158815225e-01 4.018821883004619067e-01 4.039303038233086895e-01 3.899352372076409501e-01 3.965901931691209747e-01 3.989259661262083978e-01 3.821106820228569179e-01 4.087544379932022687e-01 3.999526212279121973e-01 4.172204793442176318e-01 3.871697913709666872e-01 4.076363966265569849e-01 4.006687359535552884e-01 3.912576164729906769e-01 4.143891595153973983e-01 3.988862232495520854e-01 4.129710174880106277e-01 4.155785895376717942e-01 4.168536564733123506e-01 4.156524147849600670e-01 3.841989662410155160e-01 3.995431763827488325e-01 3.889494275612165319e-01 4.036561806354064252e-01 4.186172452713218806e-01 4.072982068868463701e-01 4.147017255092959043e-01 4.009252864132993310e-01 4.194813800544789362e-01 4.051147220536048810e-01 4.268623131617529376e-01 4.168873620743394626e-01 4.173309126307179207e-01 4.027642956838818344e-01 4.160887240064975456e-01 4.221770444538463507e-01 4.159633911244094429e-01 4.173573297496677159e-01 4.149164529827015224e-01 4.224525220034634487e-01 4.269067054364716896e-01 4.175011075513778147e-01 4.181883039077564646e-01 4.134006524090706458e-01 4.119712438524323339e-01 4.199657075105071580e-01 4.146302580327398402e-01 4.153379199637854402e-01 4.147773166062784234e-01 4.176914628627659831e-01 4.155748810407300931e-01 4.163444326017098351e-01 4.210531714538482961e-01 4.197639808537533268e-01 4.182191598511466601e-01 4.095008786457885464e-01 4.155638416276620783e-01 4.186659778298370549e-01 4.151371377560174603e-01 4.178766575631584490e-01 4.134765775371679886e-01 4.117732475752530208e-01 4.191695332164455667e-01 4.185317399894374901e-01 4.210405272030009471e-01 4.181203345756394629e-01 4.188342985565197685e-01 4.008820620164332826e-01 4.104169844852155746e-01 4.169835460569610297e-01 4.129245539386485753e-01 4.188513503645837632e-01 4.159932584887753304e-01 4.195157092115116004e-01 4.230305305748994771e-01 4.186526054126264995e-01 4.137706056958790901e-01 4.162774372043182569e-01 4.198771156416505335e-01 4.150516666779391906e-01 4.184477643569982086e-01 4.161479707886039936e-01 4.238057780765659421e-01 4.214287189900823849e-01 4.207518973729897360e-01 4.237958320868902007e-01 4.185480253401032136e-01
-2.254146805946639909e-02 1.067552986665075282e-01 1.637190270037463258e-01 2.588999081828226578e-01 2.165339382218665620e-01 1.000000000000000000e+00 4.169400960370313602e-01 3.628700924841549713e-01 3.982302572591812084e-01 3.575428878529393617e-01 4.270648131929981606e-01 4.541664567854845624e-01 4.080734364292983307e-01 3.976645800242707973e-01 4.730726580725265751e-01 4.454512582590846037e-01 4.423433892010824597e-01 4.350794107141944811e-01 4.442016082167346558e-01 4.062780334066716792e-01 4.450410573337695297e-01 4.708796091022025565e-01 4.400659857399892294e-01 4.076907950822643567e-01 4.529284794606783793e-01 4.694807510944458140e-01 4.599731697390306295e-01 4.649492540554256981e-01 4.596110399469725549e-01 4.721574338702771434e-01 4.808545834150404485e-01 4.762579667963946495e-01 4.444340478086388768e-01 4.734022573244523469e-01 4.557658914925121207e-01 4.587624972092703146e-01 4.808891839454115247e-01 4.670461462599758140e-01 4.764518204464147644e-01 4.708807684130532634e-01 4.872769008262491375e-01 4.863088206854528361e-01 4.869973148308745503e-01 4.861025354895390227e-01 4.815750337346169641e-01 4.829076446453414162e-01 4.838943124030155030e-01 4.861220441150626570e-01 4.868996401580918953e-01 4.735578869956967862e-01 4.875386855752118498e-01 4.703789127539046433e-01 4.774235016168273948e-01 4.802439412224110415e-01 4.739227671741841341e-01 4.841548705434622346e-01 4.710810962240024047e-01 4.826389328094509712e-01 4.841520254261545420e-01 4.781675279662918610e-01 4.906813942141839413e-01 4.778443023664737943e-01 4.776160273175494297e-01 4.836128081368483711e-01 4.764391948764002960e-01 4.677451378480358968e-01 4.888571354861138696e-01 4.909432169977436811e-01 4.900633614153993567e-01 4.860210803383476774e-01 4.900128169363591191e-01 4.916388788165783619e-01 4.823210380258283192e-01 4.862385731208319628e-01 4.881963983196227486e-01 4.823050205023930448e-01 4.871982809394706515e-01 4.813674881783742143e-01 4.891690935952138775e-01 4.868658079704444863e-01 4.822162631036339131e-01 4.890865876612306429e-01 4.871295956685674500e-01 4.798987819540578292e-01 4.832479428725974246e-01 4.852187445396536347e-01 4.872130245666764781e-01 4.880757538634125092e-01 4.898342993920280497e-01 4.923031930851367588e-01 4.850048057354542363e-01 4.922710107034850013e-01 4.884227605322540855e-01 4.919466759474421247e-01 4.860950003989060741e-01 4.854695742575436679e-01 4.892561493261750050e-01 4.765502486830499040e-01 4.891882770237525047e-01 4.908465604335221499e-01 4.923746656732194138e-01 4.897568218037749999e-01 4.840404442822868192e-01 4.883035892800005606e-01 4.921556244872701824e-01 4.786384031179145015e-01 4.844703862997233323e-01 4.826273844223384901e-01 4.870777349057546779e-01 4.874112503734900903e-01 4.879430184901865086e-01 4.830632746970791591e-01 4.848581778812307563e-01 4.866664922706078200e-01 4.859284469479177027e-01 4.778944744785175169e-01
3.622975445593360627e-02 1.065935268786618595e-01 2.596068384909991922e-01 4.292800922012840470e-01 3.840890058034294730e-01 4.169400960370313602e-01 1.000000000000000000e+00 5.738640001107595534e-01 6.475921277068051873e-01 6.073353807410852845e-01 6.369176358866170951e-01 6.963404742387766522e-01 6.332780014371542920e-01 6.201968184190130851e-01 7.633854324209452535e-01 7.079979043264252869e-01 6.830443374530226208e-01 6.424749618028889886e-01 6.788065648630146054e-01 5.999510541983582579e-01 6.805853299721686955e-01 7.014306759440755989e-01 6.889798907357864710e-01 6.028113240006921503e-01 6.749936633647627415e-01 7.320710026776422463e-01 7.028098779588226597e-01 7.276530832308297780e-01 7.173093311613304435e-01 7.379535336328808537e-01 7.427421629366078859e-01 7.266601250263692302e-01 7.065313995587974016e-01 7.155754888995974339e-01 7.091974233598146160e-01 7.003600723855172294e-01 7.407185350819993630e-01 7.404500115104917235e-01 7.541769910225504248e-01 7.205329924703406386e-01 7.445681937270007822e-01 7.397235830671604617e-01 7.282051073666424568e-01 7.493823919247502019e-01 7.303719702311043394e-01 7.518852667262149181e-01 7.489605432937880281e-01 7.504104846075818624e-01 7.476469716001772348e-01 7.229032738339308262e-01 7.432039151596893101e-01 7.026264970628155471e-01 7.328099036450197445e-01 7.448074499283005023e-01 7.411904118428941368e-01 7.481968431157866029e-01 7.354031643500374971e-01 7.482228978182670076e-01 7.504428971922056935e-01 7.465674989752608681e-01 7.490896684089163315e-01 7.490066849269486626e-01 7.501513942609939756e-01 7.477455431568221789e-01 7.382978600355161181e-01 7.395552305077145450e-01 7.492455433587470459e-01 7.511664259351161776e-01 7.520286414671322195e-01 7.555467774022388561e-01 7.516388435339337315e-01 7.511352582260021338e-01 7.363444102634534305e-01 7.408128819812042076e-01 7.575549855799752486e-01 7.504177248412265966e-01 7.506440717712825617e-01 7.495471435259807302e-01 7.499902318937354817e-01 7.510687184017368345e-01 7.499453775947956258e-01 7.506676850606595064e-01 7.515439938436445644e-01 7.477287669784961066e-01 7.439456005825236806e-01 7.471519022789343545e-01 7.465420587881587133e-01 7.496253892601356661e-01 7.479454526139734938e-01 7.475642300260328943e-01 7.437741557415954441e-01 7.522959640945557913e-01 7.408735837947127978e-01 7.496766038384722330e-01 7.495009555121477929e-01 7.484995027706611292e-01 7.416432880364860480e-01 7.452140502833632940e-01 7.533460354343112231e-01 7.509659762429713448e-01 7.470952325978654773e-01 7.554857368995007150e-01 7.430667056268012161e-01 7.547848462864719110e-01 7.463977340193871379e-01 7.464226001303774227e-01 7.490112759921461194e-01 7.499270452031990830e-01 7.503136209792543587e-01 7.529618401372213388e-01 7.495914289610573489e-01 7.500827031752413943e-01 7.510611315971591484e-01 7.513168453205721908e-01 7.494621235064883313e-01 7.453528526218931027e-01
5.309816048520090564e-02 8.618666465083232864e-02 2.617098170294972492e-01 4.191674090337884073e-01 3.262060698373066003e-01 3.628700924841549713e-01 5.738640001107595534e-01 1.000000000000000000e+00 5.669067481176185419e-01 5.533535643700955298e-01 5.730712136986778615e-01 6.427184221366826211e-01 5.703787637581168024e-01 5.353671420078431886e-01 6.625138656928274417e-01 6.718358291025212647e-01 6.171617926823363964e-01 6.186890565207975312e-01 6.381233543597384372e-01 5.568074459861348524e-01 6.339075496325932146e-01 6.439252626143264768e-01 6.524919580878005831e-01 5.805650300444984424e-01 6.365099348905759458e-01 6.704541822103300408e-01 6.438638568541330542e-01 6.673056237079258990e-01 6.606662581297005898e-01 6.740978297435720190e-01 6.706763426983034515e-01 6.755294864573325730e-01 6.488346554727330018e-01 6.670171131456692493e-01 6.490427137227005039e-01 6.654735465635840397e-01 6.677175304348202944e-01 6.653209923129009828e-01 6.857433267856007930e-01 6.576871909242524294e-01 6.733042830654695221e-01 6.677227057500263463e-01 6.758292804169889756e-01 6.769711324139899844e-01 6.765147652003647982e-01 6.662879566231680872e-01 6.617173233190464243e-01 6.663466957253872947e-01 6.606992708773983258e-01 6.668687793359056037e-01 6.826700762880583140e-01 6.625010564936542057e-01 6.705183178652612819e-01 6.645297862806416322e-01 6.567768988647993966e-01 6.671035104847432562e-01 6.637676513452871463e-01 6.739005028657655272e-01 6.672349854049697271e-01 6.638419454577279000e-01 6.796694873275362925e-01 6.682733185872793413e-01 6.726387833760644197e-01 6.732339364028019357e-01 6.593868146732169144e-01 6.673932642332760512e-01 6.604791466907509179e-01 6.689191852344846811e-01 6.721972962196812729e-01 6.662455918125524956e-01 6.701198980707260278e-01 6.704680254437331843e-01 6.636291682366932676e-01 6.636044054159186967e-01 6.746853881981073053e-01 6.681406599326847884e-01 6.664343489939703602e-01 6.675725382263840713e-01 6.680766157443955855e-01 6.670864545208007312e-01 6.607606827405037020e-01 6.631671281274951202e-01 6.767934588593039757e-01 6.669597264177353768e-01 6.732171338764293411e-01 6.665610878529588668e-01 6.684353510671884324e-01 6.686202087580370712e-01 6.643362014576514873e-01 6.690300472374074436e-01 6.682086647459470896e-01 6.677860843400486024e-01 6.599907238416451438e-01 6.647098350386697607e-01 6.602495269191887006e-01 6.583733436569155772e-01 6.761910693865234023e-01 6.719087592787679197e-01 6.747996028765584908e-01 6.756895760319843180e-01 6.675717113798919078e-01 6.743291998209479665e-01 6.566715394155860919e-01 6.723796924967367916e-01 6.737264130826463582e-01 6.714072462272632213e-01 6.643815750593249359e-01 6.575526171046679469e-01 6.667970492366717128e-01 6.690479774741421304e-01 6.652382905985982919e-01 6.642853173211615836e-01 6.655957840017903138e-01 6.690665149804945200e-01 6.628861881711857196e-01 6.632136812203092147e-01
1.596421291907974271e-01 1.685360798405979577e-01 2.792619852878675535e-01 4.433325710267144171e-01 3.789643482387090034e-01 3.982302572591812084e-01 6.475921277068051873e-01 5.669067481176185419e-01 1.000000000000000000e+00 7.025181475605981607e-01 7.088552233183205153e-01 7.629811982252872049e-01 6.760613232971166564e-01 6.718693360003773485e-01 7.860782112480563244e-01 7.586600347880390061e-01 7.617629246888363292e-01 6.968476832192057602e-01 7.252768856744578052e-01 6.597071525614095489e-01 7.439258940644067897e-01 7.830662406111396079e-01 7.778804452302973127e-01 6.480582053819398114e-01 7.297043528184430361e-01 8.081049780414607531e-01 7.815331766389725932e-01 7.877866003094293745e-01 7.968026829338403783e-01 8.215831991910899079e-01 8.130924931163358016e-01 7.969071817906161481e-01 7.673402759109685389e-01 7.740775765452391211e-01 7.882331324956447505e-01 7.525013685053847379e-01 8.124315644112207746e-01 7.954722542259368145e-01 8.106165067394905943e-01 7.575684560277579083e-01 8.110250881101394027e-01 7.857448835565241652e-01 7.632985731414589914e-01 8.085572334805937178e-01 7.736165848765959030e-01 8.020286515378505232e-01 8.275365209378919840e-01 8.360862539956338546e-01 8.258445768221469585e-01 7.845278603968280917e-01 8.004039037869324913e-01 7.568379994763380081e-01 7.930966096387414010e-01 8.386488596059733513e-01 8.231883159010505713e-01 8.095277726484849667e-01 8.366590165329182982e-01 8.200353260225328178e-01 8.201978082226608624e-01 8.419527075168680152e-01 8.217906357034944209e-01 8.397566530309855670e-01 8.287117735642538507e-01 8.299709132382233623e-01 8.358444807378139219e-01 8.386140002933520909e-01 8.300875386825744551e-01 8.236443627274299129e-01 8.281284268268563897e-01 8.318901251938114472e-01 8.221155596346751970e-01 8.288391147066401787e-01 8.056219058790042853e-01 8.080571925312144410e-01 8.302309075922927883e-01 8.237636928059383079e-01 8.159492942214084943e-01 8.262775968174178587e-01 8.214819533003843155e-01 8.279620660773705509e-01 8.245626280093838467e-01 8.278681204781608294e-01 8.242150243707990764e-01 8.271824881922897887e-01 8.030857383296087226e-01 8.147332869255881072e-01 8.181211584827010608e-01 8.063659750481269040e-01 8.180480666095831799e-01 8.143886394989570121e-01 8.000935534769511026e-01 8.167234473840382369e-01 8.124171305602342352e-01 8.156778518231093678e-01 8.268679419725749602e-01 8.296652786497503707e-01 7.947171461913126178e-01 8.382512120125793498e-01 8.245210265891589341e-01 8.145662590488156329e-01 8.090291934436286692e-01 8.291234184954773268e-01 8.211174790199203821e-01 8.239501885396788294e-01 8.176333086912780379e-01 8.396471422415727748e-01 8.346554168048733180e-01 8.284789726345705985e-01 8.253488436872828959e-01 8.269969386931135258e-01 8.173143629008329247e-01 8.359828168088352385e-01 8.380281223910405197e-01 8.356521839999180301e-01 8.345688398155016730e-01 8.394313653015665899e-01
6.766422700125815370e-02 1.584620158873741858e-01 2.857292835725939173e-01 4.084081820381715855e-01 3.375466759293060393e-01 3.575428878529393617e-01 6.073353807410852845e-01 5.533535643700955298e-01 7.025181475605981607e-01 1.000000000000000000e+00 6.602982462341598913e-01 7.114050736310700840e-01 6.214688640257944874e-01 6.366697549823179259e-01 7.534514881190323976e-01 7.300348356408736805e-01 7.075153587728538751e-01 6.608617869821963309e-01 7.005992604389361667e-01 6.002348319444612557e-01 6.870941249764292991e-01 7.346877515133554137e-01 7.340360718177599830e-01 6.315411940722082118e-01 7.035578922959141446e-01 7.597600738741961957e-01 7.403940797822546882e-01 7.601797853555795070e-01 7.685416969300182810e-01 7.867188605681951774e-01 7.834759469950177690e-01 7.617294326741586019e-01 7.274595534522173557e-01 7.543649520298163491e-01 7.529917442597688915e-01 7.358219768112583825e-01 7.800733481657954327e-01 7.645001000672089209e-01 7.795363415165699195e-01 7.407347501334834439e-01 7.774318237741548732e-01 7.643066995391974983e-01 7.479966069435406428e-01 7.789072017071050347e-01 7.554732513515315384e-01 7.781144914632426302e-01 7.928674724639878102e-01 8.019412596702574225e-01 7.916260620488242417e-01 7.539126238493001342e-01 7.732460826426671430e-01 7.262002985809519195e-01 7.672036876606325162e-01 7.992631523674482708e-01 7.822289286787448281e-01 7.744235918164578125e-01 7.884202755302033294e-01 7.884992160058112987e-01 7.902097027596005629e-01 7.965136810201262074e-01 7.839433347091009363e-01 7.978712874432284385e-01 7.878166854994261836e-01 7.823149204181296668e-01 7.888479432723684015e-01 7.963426952581305063e-01 7.937531378295323847e-01 7.918200325215376534e-01 7.923685764504274642e-01 7.847241058147064185e-01 7.842040298747817717e-01 7.948886807945391153e-01 7.764357494320621722e-01 7.814298162440216355e-01 7.932223624236880433e-01 7.923899589696439261e-01 7.909363267226033889e-01 7.950861026365290130e-01 7.909597663244981591e-01 7.999378614431900125e-01 7.935976299229097197e-01 7.962803622634925249e-01 7.919634249438373130e-01 7.927543153815137522e-01 7.778783753827877012e-01 7.857136049386159726e-01 7.904259655779357630e-01 7.846204858755737588e-01 7.918274898216012270e-01 7.835908369727933032e-01 7.800013083212905540e-01 7.900576405010930614e-01 7.885454168771414141e-01 7.903890115887626244e-01 7.956972476761520197e-01 7.976923546592278313e-01 7.677837248699460604e-01 7.914031847161155930e-01 7.920334499225728520e-01 7.883955901795369758e-01 7.791178102948225215e-01 7.939679630833154089e-01 7.888625056496165744e-01 7.917245047146113102e-01 7.864745760515562401e-01 7.990473831461510912e-01 8.001339998902824435e-01 7.975549389428386871e-01 7.951151027042135944e-01 7.975925140934739810e-01 7.912640815229631253e-01 7.973385350131236837e-01 8.000723093031560929e-01 7.958816921282240164e-01 7.963511072626245912e-01 8.007707266802779333e-01
2.096228952426063691e-02 1.271936222479852774e-01 2.804905846510730161e-01 4.521014561925638664e-01 3.604557780481997820e-01 4.270648131929981606e-01 6.369176358866170951e-01 5.730712136986778615e-01 7.088552233183205153e-01 6.602982462341598913e-01 1.000000000000000000e+00 7.936043084728076069e-01 6.720645255651145344e-01 6.631095116088866481e-01 7.858219776018658953e-01 7.607633034035621300e-01 7.395476926928874484e-01 7.045230549824730293e-01 7.412570729181402474e-01 6.628676473979440154e-01 7.359125025532320397e-01 7.686568706451070154e-01 7.530385073276226748e-01 6.704881493111271018e-01 7.536496369861249711e-01 7.872593376764229767e-01 7.686208669077887468e-01 7.861864422029755106e-01 7.863462827441499714e-01 8.131965108291631106e-01 8.316826957771308315e-01 7.973642557031273004e-01 7.761214608307541729e-01 7.961106857462267872e-01 7.889156352828110563e-01 7.812843011621337652e-01 8.219881731963369909e-01 8.073722487859850139e-01 8.197820375773406942e-01 7.972947893404757069e-01 8.131466464984031806e-01 8.085658198066759672e-01 8.075488692188048656e-01 8.221835417467279195e-01 8.084018028192695438e-01 8.181670373497443860e-01 8.237792431149335570e-01 8.261899984117406781e-01 8.243281437108463949e-01 8.018754050648178033e-01 8.180352445510856718e-01 7.928772914544400807e-01 8.050738861148235559e-01 8.193442966414141715e-01 8.161823479239116441e-01 8.204344485383547880e-01 8.155451263244716253e-01 8.224750594181471364e-01 8.231466109483852600e-01 8.233247221918686964e-01 8.292046672214639091e-01 8.228897164757706939e-01 8.225881214765856653e-01 8.225811403863546589e-01 8.141917189913442376e-01 8.121726139711268333e-01 8.260213695641256404e-01 8.267631690025637470e-01 8.282152509039328869e-01 8.267617501801773905e-01 8.276135052781362633e-01 8.272332456768758391e-01 8.112199604399317199e-01 8.206624669730651078e-01 8.280975683995311920e-01 8.261011697719350400e-01 8.251137094475375910e-01 8.232897241198714466e-01 8.253703285273573664e-01 8.276698515050843197e-01 8.237855175232603466e-01 8.294413796403014016e-01 8.279911152688860243e-01 8.236435133084260007e-01 8.227604655106861564e-01 8.233660990274849212e-01 8.301359515929943589e-01 8.254771760742130038e-01 8.288739775237534690e-01 8.301687415299502382e-01 8.258081905191188010e-01 8.288956233432815957e-01 8.257519589441200125e-01 8.288126095689885009e-01 8.261231842641374445e-01 8.269597162826544112e-01 8.214800307024420212e-01 8.192303653599554147e-01 8.304902035904125901e-01 8.281475823128165992e-01 8.289062311806933980e-01 8.290262990987702363e-01 8.220105128791811433e-01 8.285995928054382675e-01 8.307047929053444912e-01 8.214777028190184405e-01 8.267847389819916737e-01 8.253584200219469258e-01 8.280899656423059696e-01 8.267184378812686418e-01 8.278996740708097768e-01 8.249802123548845012e-01 8.261699780654236935e-01 8.268096543711198620e-01 8.253247855563261570e-01 8.211622792163535411e-01
1.900187500384498129e-02 1.020617013362338926e-01 2.916387444707044807e-01 4.985968052830294650e-01 3.999298124721826775e-01 4.541664567854845624e-01 6.963404742387766522e-01 6.427184221366826211e-01 7.629811982252872049e-01 7.114050736310700840e-01 7.936043084728076069e-01 1.000000000000000000e+00 7.351082367399300876e-01 7.293768852736811636e-01 8.644777499622294803e-01 8.334165174544421184e-01 8.113387486415277738e-01 7.718750515759928987e-01 8.103287608708827916e-01 7.246667267335418217e-01 8.112755856009256084e-01 8.385287836447110621e-01 8.287806080658836061e-01 7.406414010839463824e-01 8.253933141716618405e-01 8.592600191581799551e-01 8.453812320535952773e-01 8.562691632035200895e-01 8.570488308742409966e-01 8.817778120171468892e-01 9.022963582872470800e-01 8.720684036240271553e-01 8.426578272100722078e-01 8.674979855988742550e-01 8.511360779869118209e-01 8.536642029658608744e-01 8.906163148732664236e-01 8.787077100442475253e-01 8.960975298772252406e-01 8.728779001281420369e-01 8.903547828095991212e-01 8.868481993450850753e-01 8.867472779549309125e-01 9.041250391088276883e-01 8.900525857914656225e-01 8.979199897088957494e-01 9.016592832761491927e-01 9.033542071475892943e-01 8.995831007655648026e-01 8.758973050247255143e-01 8.935357165875467134e-01 8.649864792288658455e-01 8.827353299500089179e-01 8.938901377111280189e-01 8.868150110385136786e-01 8.947746480885091502e-01 8.834388773996552091e-01 8.963550112711611284e-01 8.965241784491109200e-01 8.991204765597879955e-01 9.043265545224177249e-01 8.949890650626428634e-01 8.945087003029270623e-01 8.965339588923221248e-01 8.905899775049866962e-01 8.893825969027366884e-01 9.033477827150844242e-01 9.041664759745067226e-01 9.053391429021971915e-01 9.046700475509295014e-01 9.085867468883607190e-01 9.058032743405040055e-01 8.930949230028214503e-01 9.008770264967661534e-01 9.074894276677125671e-01 9.013110989898739378e-01 9.032147083210312344e-01 9.022642731483125900e-01 9.045332840882499559e-01 9.047209357607890468e-01 9.029385291651728096e-01 9.052070467266765119e-01 9.087476734545651968e-01 8.999877001622840211e-01 9.026145454756403508e-01 9.031817785059094161e-01 9.080416983931933750e-01 9.066562292560466085e-01 9.057522211863202610e-01 9.055174716794506251e-01 9.044083298624300271e-01 9.081461537732913314e-01 9.061434813978648251e-01 9.078063224737035197e-01 9.037697666943855790e-01 9.045052873099111990e-01 9.008263461961235619e-01 8.954720470550023848e-01 9.081755651177157995e-01 9.074096331057762699e-01 9.081666194644049117e-01 9.072308040049028577e-01 9.001600361193621280e-01 9.089888141878847971e-01 9.079387773003546602e-01 8.956158650013694711e-01 9.034861135483882588e-01 9.038680716981221108e-01 9.045151704952150151e-01 9.045336181772755113e-01 9.055423756139402425e-01 9.025749034285887040e-01 9.020474147816508470e-01 9.047713663599898926e-01 9.051231739233194240e-01 8.996609539268938249e-01
2.027076331526046077e-02 1.270719431325909587e-01 2.259919402552524603e-01 4.053714697192458138e-01 3.847349436816059898e-01 4.080734364292983307e-01 6.332780014371542920e-01 5.703787637581168024e-01 6.760613232971166564e-01 6.214688640257944874e-01 6.720645255651145344e-01 7.351082367399300876e-01 1.000000000000000000e+00 6.429187100338142891e-01 7.705446126595110190e-01 7.438085639228108059e-01 7.117731656467924939e-01 6.525218767428726530e-01 6.975376434392948077e-01 6.367442360366677434e-01 6.899678083690985453e-01 7.145447903247910126e-01 7.205454154111837761e-01 6.478620939710028059e-01 7.016669123348124870e-01 7.432243985885574888e-01 7.350074645735238388e-01 7.346540124722067411e-01 7.379498279034442110e-01 7.709588763093818686e-01 7.813534731674548484e-01 7.469920367405413764e-01 7.238368571051677636e-01 7.477509678801166348e-01 7.359977120343681456e-01 7.347671470800476445e-01 7.749270833920658408e-01 7.516605273273760934e-01 7.822436164931539926e-01 7.336389608746560764e-01 7.687116199574391961e-01 7.634675193960125394e-01 7.585020508532255290e-01 7.836598041512362611e-01 7.615557965397259377e-01 7.833339374748358175e-01 7.926965441005984214e-01 7.902402016633761628e-01 7.844977895219040764e-01 7.432991302682514512e-01 7.643071408137590561e-01 7.306328863067360624e-01 7.572162962257238394e-01 7.858796143359338959e-01 7.741819676101584502e-01 7.760876772381485322e-01 7.641256548195644038e-01 7.832715333232282973e-01 7.759268674448480674e-01 7.963528891821268774e-01 7.903736225576919461e-01 7.851151598943861831e-01 7.713430372294071136e-01 7.811146342266710452e-01 7.797683587642340042e-01 7.835181766263765724e-01 7.911776685987378377e-01 7.876141119804414004e-01 7.939835771667687059e-01 7.985304832130938335e-01 7.892743060605837968e-01 7.902812749871260811e-01 7.840318553538848656e-01 7.846399126732205298e-01 7.907632247318477914e-01 7.867800316050327369e-01 7.858536266514538626e-01 7.850011550351780887e-01 7.885677457275779290e-01 7.903834748186014947e-01 7.889484561300700305e-01 7.949384554713520012e-01 7.895732335445974082e-01 7.870437638520143553e-01 7.767994024018968213e-01 7.878757777168949872e-01 7.902784520645108612e-01 7.868748855646562346e-01 7.890567266719304973e-01 7.893308939839840388e-01 7.799456136895370761e-01 7.920171822540953421e-01 7.890209046872201926e-01 7.916174849272082925e-01 7.926626044631841506e-01 7.941741217449987955e-01 7.719055825659019154e-01 7.794572028777861927e-01 7.909560595624005597e-01 7.828255229379654789e-01 7.909164117076916689e-01 7.911091472249831558e-01 7.896166902791074138e-01 7.952441099784178791e-01 7.882075118282367843e-01 7.843034579216477953e-01 7.905783873637276526e-01 7.927365615663563014e-01 7.901113569703697159e-01 7.914161313959100497e-01 7.893852192300641057e-01 7.981084399675572039e-01 7.934926452029429367e-01 7.943852090971346147e-01 7.945991898750781601e-01 7.922365098796618765e-01
