1.000000000000000000e+00 1.154495915540965645e-01 1.152753173813994003e-01 6.515229481889114882e-02 1.521274302626698383e-01 3.391021010391007118e-02 1.438120488788245839e-02 8.740900248544780649e-02 1.126589472423251415e-01 3.577225580140150352e-02 3.773127276030546762e-02 2.898787706173340875e-02 7.821469199625037672e-02 4.556379758468902252e-02 1.447734151475674191e-02 3.482778022203586454e-02 8.542104842958400668e-02 8.715127582619623670e-02 1.680801390040769297e-02 1.538982988470062874e-01 4.516872142286523090e-02 1.290318784477334328e-02 4.386112492778354577e-02 3.775620102634571346e-02 -3.418014435175511113e-03 8.889672131734355220e-02 5.412164756175762842e-02 1.768987818236400847e-02 7.668180092161544503e-02 7.820428974078637296e-02 4.800884610024388349e-02 4.960370652782466333e-02 -5.980763275680410843e-03 3.701242480503704607e-02 5.226019521196478140e-02 2.708950829853561462e-02 2.018234277524540848e-02 2.169082542589457693e-02 3.630235724308381040e-02 -3.869080527832906291e-02 1.513241087110857482e-02 -1.057523997988628513e-02 -5.730056000771080113e-03 2.060447380544522950e-02 2.044740560808701259e-04 1.520372218483318633e-02 1.309613273891311984e-02 2.183622070815828195e-02 4.201614624027574796e-02 6.362834390226304593e-02 3.853293560342797158e-02 2.811799527077441657e-02 3.985600960236761192e-02 3.317720656760555359e-02 4.324871555759283309e-02 1.812687581643350823e-02 7.253744366197922844e-02 1.819676678554132260e-02 1.550366460236270519e-02 4.831826839167153304e-02 3.109681184847739796e-02 5.025038339281825278e-02 2.910745724602357629e-02 6.328414196117863877e-02 4.422406194670898405e-02 5.024606102307134503e-02 2.510217106326182931e-02 1.112251205934094121e-02 2.723742433490740703e-02 4.398281471804253023e-02 -1.679936214775153754e-03 6.543910264734907611e-03 2.223974810656920501e-02 4.333906606739288368e-03 3.167554722089408609e-02 1.870711796872025559e-02 8.472318594850921508e-03 3.328898661947901627e-02 2.475642068380687691e-02 4.565896784312979684e-02 2.539729098090737214e-02 2.280362538830468452e-02 1.649753219218474606e-02 2.034178059152024626e-02 1.589322588789669755e-02 1.652207073995985709e-02 -1.408424405283915720e-03 -1.784471733324762823e-03 1.177400123338149217e-02 1.156326399518309636e-02 -2.075533758987433558e-02 -2.911238021284818980e-03 1.843318370432049007e-03 -5.684836983190930115e-03 4.019143652578697004e-03 1.203642758830483078e-02 1.915939788227384241e-02 6.866534300723459161e-02 2.569492314378706357e-02 1.025447566330874027e-02 5.464403280684126604e-03 2.429323540018984290e-02 2.065353398741853752e-02 1.362096307664404683e-02 2.354733486749517254e-02 4.549369036515336223e-02 1.492527186083428964e-02 1.499830183137118751e-02 1.951527833785286423e-02 1.622379763448798806e-02 6.267014479956305173e-03 2.911444353585534300e-02 1.946513699160844907e-02 2.881015834729534417e-02 2.488740928222996779e-02 2.845687712722021201e-02
1.154495915540965645e-01 1.000000000000000000e+00 7.935631924666500248e-02 9.986596281308932066e-02 1.030206771798915649e-01 1.005726466151989906e-01 1.267199749125046404e-01 1.386604508922970880e-01 1.702397409926533767e-01 1.880776664035919421e-01 1.552649471029272643e-01 1.541901161977421164e-01 1.412410027600381757e-01 1.131295267219169925e-01 1.483870090350725701e-01 1.505061750874564230e-01 1.721848258195232129e-01 1.416009336530247298e-01 1.291473464099608948e-01 1.600468967345821392e-01 1.048067450977330367e-01 1.129996377909292943e-01 1.655782636346245784e-01 1.488669822804625231e-01 1.153854212098293086e-01 2.060771150012990771e-01 1.788813777312326936e-01 1.709650279286008823e-01 1.824996755528436043e-01 1.902293138768221537e-01 1.778923724031770959e-01 1.866083275625883831e-01 1.605847358911005329e-01 1.734199067702770214e-01 1.939387886372445358e-01 1.502132571216834300e-01 1.780796509946179773e-01 1.643806593412620309e-01 1.768002680517529179e-01 1.430018722364297390e-01 1.666941954585606789e-01 1.494117478737102545e-01 1.572536875125610523e-01 1.649073133095896315e-01 1.600762038803946463e-01 1.747386265553844131e-01 1.660598602321278205e-01 1.700109860928359362e-01 1.709867174635557874e-01 1.632926210550439405e-01 1.673297421077183100e-01 1.361430580274693991e-01 1.448102022682004331e-01 1.693117134463340556e-01 1.801287524668545026e-01 1.779129335851311333e-01 1.742865937612290694e-01 1.657688724286018600e-01 1.658990136936427384e-01 1.679292490577210528e-01 1.664084957631536132e-01 1.785868937904776244e-01 1.704481020146932368e-01 1.717238079413418161e-01 1.636199431815448246e-01 1.687580387289770167e-01 1.665881922798920778e-01 1.643128655304463281e-01 1.773137807273657829e-01 1.705100354022723863e-01 1.497975343869228093e-01 1.607051911078064832e-01 1.675574480428619062e-01 1.531554437226333165e-01 1.775454639923467748e-01 1.725358119045763694e-01 1.664109142256105511e-01 1.790555660763097634e-01 1.712014275805025798e-01 1.771637953708069813e-01 1.761018750598988825e-01 1.716847719505961989e-01 1.706657100591382759e-01 1.729394292787756748e-01 1.674110861570158038e-01 1.712030433862038736e-01 1.671493403025991475e-01 1.666871274867535169e-01 1.724645957926911888e-01 1.721304711225505324e-01 1.596895114976392416e-01 1.608125258066311347e-01 1.593272778460090300e-01 1.613736795852392103e-01 1.598637915614498917e-01 1.677313580239556956e-01 1.536926716759252631e-01 1.673735118876457373e-01 1.652133362348082446e-01 1.624446334887462429e-01 1.611859752484151864e-01 1.631924777642547730e-01 1.590411954409623463e-01 1.599201984749840655e-01 1.574455890072145037e-01 1.684128676787216283e-01 1.639950127119086942e-01 1.706808767596150744e-01 1.702722521879755369e-01 1.666661471728544675e-01 1.687493199812714062e-01 1.676728607833903317e-01 1.670739113373371221e-01 1.672036426634601891e-01 1.643692735613764000e-01 1.634946392705364793e-01
1.152753173813994003e-01 7.935631924666500248e-02 1.000000000000000000e+00 3.571414038729113227e-01 2.354690095431884733e-01 2.387886494380033198e-01 3.724047065660676115e-01 3.560765640474904958e-01 3.517177891044508953e-01 3.070733229964232036e-01 3.627900405655282712e-01 3.811449417392782646e-01 3.425119270101691926e-01 3.267527197428771735e-01 3.719576520671648567e-01 3.716067017571968445e-01 3.742727806622310194e-01 4.199852875250841278e-01 3.621959233011879942e-01 4.002838660235911727e-01 3.902566984604775580e-01 3.813924960435122746e-01 3.878596448112403006e-01 3.884303500891014282e-01 3.712607893003014858e-01 4.186621119710658978e-01 4.026479866861591983e-01 3.923483110528876439e-01 3.879238824928085139e-01 4.191808445637659197e-01 3.993926263146996836e-01 4.038802256057443252e-01 3.749474585844971841e-01 3.917510123156676127e-01 3.952647923952881115e-01 3.857635242533004050e-01 3.844571132054174778e-01 3.890520852467693191e-01 3.959043264205285850e-01 3.740067387322547066e-01 3.809641593419521022e-01 3.858645776764043078e-01 3.830906635947669558e-01 3.899230050796746450e-01 3.782052980102841855e-01 3.953385291590892359e-01 3.644240914442125057e-01 3.720387843501285485e-01 3.764240665775143713e-01 3.862733323861770041e-01 3.884074397782230070e-01 3.828052630601975204e-01 3.834874850868139062e-01 3.699864112375831349e-01 3.851364186079913043e-01 3.861326039310958302e-01 3.891997523196829567e-01 3.691004529223143593e-01 3.740661610690131367e-01 3.785175367852723349e-01 3.808358510275583475e-01 3.799771777468869405e-01 3.798403458927830934e-01 3.793795997541060117e-01 3.704865572792270245e-01 3.813962193326965178e-01 3.729307929743807537e-01 3.774944142767546196e-01 3.852352107290605288e-01 3.953606064355209559e-01 3.831051186923195018e-01 3.852114416903846816e-01 3.898139375572061693e-01 3.876193885292611996e-01 3.903975203642650604e-01 3.803966869812496210e-01 3.765282210069150204e-01 3.801844509886521117e-01 3.881609152025615739e-01 3.836429964884277566e-01 3.815439314724295983e-01 3.786034978472145873e-01 3.845105783393048537e-01 3.786226979848520413e-01 3.774430666401588641e-01 3.813343486098338952e-01 3.758361957523586039e-01 3.775596367718120905e-01 3.783096158612992421e-01 3.837743523047614791e-01 3.772735980040261561e-01 3.713521322471535213e-01 3.748638812420841959e-01 3.747138920417538155e-01 3.638223368993441231e-01 3.680264397117382069e-01 3.828691193845101814e-01 3.839280570638654022e-01 3.750413107304242377e-01 3.779235992905788932e-01 3.796544187907410217e-01 3.782339800751272629e-01 3.726334431591700747e-01 3.726418637924847621e-01 3.807551576295633011e-01 3.831959802025752260e-01 3.676786472530211292e-01 3.696600122586435888e-01 3.778766621451323249e-01 3.695526652846248261e-01 3.749918926290318200e-01 3.728802485127010735e-01 3.713658983696558891e-01 3.753502336828849484e-01 3.688751634197728890e-01 3.738359978747591295e-01
6.515229481889114882e-02 9.986596281308932066e-02 3.571414038729113227e-01 1.000000000000000000e+00 3.711575138831160192e-01 3.993182837451464406e-01 6.232974671236738429e-01 5.611708854782454514e-01 5.570759451872333567e-01 5.022241211175489939e-01 6.057106236572168401e-01 6.427730821452869447e-01 5.555592701174857373e-01 5.169953383114620493e-01 6.328925844642662168e-01 6.225959946875574413e-01 5.735983153296597692e-01 6.095207834540929959e-01 5.656077263888894535e-01 5.703930976739304270e-01 6.043585733646720248e-01 5.926840903419194895e-01 6.124531860955036988e-01 5.943726193529685897e-01 5.728678047326462019e-01 6.440071210520625922e-01 6.263277714827746312e-01 6.100473733935682930e-01 6.108314036287250115e-01 6.143495353001883208e-01 6.347173148944936782e-01 6.399786259767963337e-01 5.945863885381102998e-01 6.321153903874856539e-01 5.948689343910534832e-01 6.208744595313996362e-01 6.024234134814379082e-01 6.326428507580658112e-01 6.427581259569756789e-01 6.291430920619015543e-01 6.370465279182638829e-01 6.380554654296111128e-01 6.517872837518977613e-01 6.448398929724312723e-01 6.382009338488967565e-01 6.266130910260985232e-01 6.127790013740799235e-01 6.122471140870335837e-01 6.153656476035718192e-01 6.288902909208439196e-01 6.423852473464884971e-01 6.438566544426436167e-01 6.362653003336243840e-01 6.092203875792546741e-01 6.092318652648304189e-01 6.302456219632762702e-01 6.186108042573411625e-01 6.163724905726404302e-01 6.116663350123285880e-01 6.190301104782476305e-01 6.280477649666247331e-01 6.103406522193821626e-01 6.147723646479543724e-01 6.227369914191303035e-01 6.071887365857916441e-01 6.211287400962964833e-01 6.146317123447555542e-01 6.238116007888063752e-01 6.241718788419335917e-01 6.342248149359986931e-01 6.308459788632920784e-01 6.239323496462096941e-01 6.309741858002803072e-01 6.293463312127529630e-01 6.343014613642712352e-01 6.231129103335264485e-01 6.235068758785591303e-01 6.237825826222793690e-01 6.377261902034332408e-01 6.250081130288485110e-01 6.236815523953407325e-01 6.212708692183830372e-01 6.317653995123992949e-01 6.180199674238210372e-01 6.329451329738331467e-01 6.257325956873001083e-01 6.216307939878887856e-01 6.347218196725873396e-01 6.302451887056991220e-01 6.331420258301441173e-01 6.344671360264310112e-01 6.292006657705256911e-01 6.301097423043354739e-01 6.277517604371586346e-01 6.145062268691897645e-01 6.131864410412912747e-01 6.544889965253716246e-01 6.261030633742939999e-01 6.299849949945500738e-01 6.394273923920605895e-01 6.481816438861214280e-01 6.319694746580454270e-01 6.272204639986768138e-01 6.307057457822902169e-01 6.389316345644263651e-01 6.232536182280945525e-01 6.124402768773061778e-01 6.115385021275542288e-01 6.222223622950241451e-01 6.176523677477838703e-01 6.218995548314221189e-01 6.177445774540974988e-01 6.203574739857508069e-01 6.263726343545655828e-01 6.142567690647927625e-01 6.238820992982974101e-01
1.521274302626698383e-01 1.030206771798915649e-01 2.354690095431884733e-01 3.711575138831160192e-01 1.000000000000000000e+00 2.996016618403169463e-01 4.476115185412449238e-01 5.091173664185927317e-01 4.472208654319209664e-01 3.796643928533017243e-01 4.337895451699851357e-01 4.749464148877975966e-01 4.891856526306814779e-01 4.092493439651103682e-01 4.710403381403652223e-01 4.841002403812356136e-01 4.623096029030140941e-01 4.526812636832279746e-01 3.931545579451100059e-01 4.531942180290883804e-01 4.290122506356742194e-01 4.099178450559972653e-01 4.323339210450093395e-01 4.206420199224671919e-01 3.704989587396211315e-01 4.772762742440756489e-01 4.533079264061061209e-01 4.213292746439004088e-01 4.376580222232256401e-01 4.644280538047163565e-01 4.671451943363831849e-01 4.763639178639775817e-01 3.904936843915294276e-01 4.641345516855908127e-01 4.481086349824261461e-01 4.659118613511554763e-01 4.396730199544959805e-01 4.558108458908676219e-01 4.775474544854666492e-01 3.991981994133300682e-01 4.572180784254370467e-01 4.411648634493924859e-01 4.573629721262579273e-01 4.856995820929802532e-01 4.510873107083608891e-01 4.608234149185603812e-01 4.616514337523986988e-01 4.645557406599559735e-01 4.783614985318361823e-01 4.728481333816257903e-01 4.697883255294375004e-01 4.714162128174830269e-01 4.876426607182149375e-01 4.699189934672127200e-01 4.783498889099221940e-01 4.494376227022115478e-01 4.909695377788518278e-01 4.686425565150850736e-01 4.536480928224234099e-01 4.987271826294974453e-01 4.773491762146884199e-01 4.859213645627841749e-01 4.703450988547951961e-01 4.947349178235873612e-01 4.715995228250410842e-01 4.935846863237795534e-01 4.658997083870008438e-01 4.623579879680422278e-01 4.732353138433617046e-01 4.810787303140465765e-01 4.527778455025056603e-01 4.524768020497645926e-01 4.677534647211342711e-01 4.486402743095457279e-01 4.714744973858138732e-01 4.620784116276934195e-01 4.455233704502035708e-01 4.561266756136982403e-01 4.643919066961433861e-01 4.703530524206909758e-01 4.616625220495347293e-01 4.651595516911276040e-01 4.580038874528906123e-01 4.556551669449654951e-01 4.601967761187941708e-01 4.654443442968607125e-01 4.490490174219274877e-01 4.487802330623402169e-01 4.612416662620147934e-01 4.563998436333163156e-01 4.309534635372626044e-01 4.522259403948851730e-01 4.559317599306115243e-01 4.534581251635594334e-01 4.559981378326316004e-01 4.614896608090008345e-01 4.664553165164191939e-01 4.904223334794418077e-01 4.762017369218357055e-01 4.617463172878086275e-01 4.679755979320227022e-01 4.733496441443326708e-01 4.738619037302334580e-01 4.751672213120070043e-01 4.783988786222704848e-01 4.845340990239921375e-01 4.655632220396369036e-01 4.626987294600578560e-01 4.688224717716765189e-01 4.673219855365650655e-01 4.570227600557509318e-01 4.783040929781204320e-01 4.701923933345661388e-01 4.783701345234637192e-01 4.680606350251121373e-01 4.757061687399438688e-01
3.391021010391007118e-02 1.005726466151989906e-01 2.387886494380033198e-01 3.993182837451464406e-01 2.996016618403169463e-01 1.000000000000000000e+00 5.195917377628511691e-01 4.671031609463017209e-01 4.767617589787347399e-01 4.507367287488132090e-01 5.065320419177716804e-01 5.396297126666751431e-01 5.070058355269356776e-01 4.584266007950219546e-01 5.455143291206878686e-01 5.351229307482284758e-01 4.986455933300526500e-01 4.865729065909404349e-01 4.849439312055315865e-01 4.081827977569675303e-01 4.523338708926734064e-01 4.878329729328163000e-01 5.227337378257016498e-01 4.926955954490112033e-01 4.804266620744854777e-01 5.347432500396607225e-01 5.372741315889464353e-01 5.400340529334286543e-01 5.253566600307081336e-01 5.319308082391678294e-01 5.525765275673081289e-01 5.529330531608682708e-01 5.254882309847950239e-01 5.415557702854485456e-01 5.366053070810661296e-01 5.417330574763049578e-01 5.408634714127454890e-01 5.482057538173003008e-01 5.607464757180022907e-01 5.360769632779163185e-01 5.443043249262033978e-01 5.538343363968324384e-01 5.478665224537436762e-01 5.602702010598553661e-01 5.561679037288708161e-01 5.545737561982690966e-01 5.520206618825059808e-01 5.530759084811857074e-01 5.472771931516774435e-01 5.364444978393967389e-01 5.423100667296620880e-01 5.295765897107350684e-01 5.444943091087403042e-01 5.495901769776468937e-01 5.453607087850550483e-01 5.555669507967048171e-01 5.368700108682288308e-01 5.483769190020783002e-01 5.421566720636115111e-01 5.535787298628730424e-01 5.475740811626399474e-01 5.460968802766845709e-01 5.413910444880716266e-01 5.459183942816351331e-01 5.408103833338743227e-01 5.473614470543249899e-01 5.540697492851194284e-01 5.571327815040501008e-01 5.588287639827757003e-01 5.390777889335240936e-01 5.522420046846790997e-01 5.569905622133313194e-01 5.504555764060825584e-01 5.511640553809105114e-01 5.599233690979915634e-01 5.563988810249870243e-01 5.525113308536776513e-01 5.511265535373751634e-01 5.591341912746008447e-01 5.533616528436287041e-01 5.574202139105559617e-01 5.550135628978193347e-01 5.579335879383268137e-01 5.584866996157656915e-01 5.542602333762779443e-01 5.566913054525074456e-01 5.575854036404725989e-01 5.581326056502513566e-01 5.554830241397119561e-01 5.590335472133599604e-01 5.535872840195255051e-01 5.567500487281721311e-01 5.551216165724410789e-01 5.567536463650816225e-01 5.520474457803147272e-01 5.542454198852944103e-01 5.482160263417238388e-01 5.399444415085707938e-01 5.522519454837001573e-01 5.542382174699729269e-01 5.585439391527583508e-01 5.524706063995987737e-01 5.517302595495259254e-01 5.568389352086835498e-01 5.512846537448907736e-01 5.475397122046639087e-01 5.504646382972359087e-01 5.535531338431407544e-01 5.571596945285552938e-01 5.543964724526676546e-01 5.567276175169499908e-01 5.553503959228149878e-01 5.529286061983234024e-01 5.535220689229375379e-01 5.497505180605593011e-01 5.509974521402636327e-01
1.438120488788245839e-02 1.267199749125046404e-01 3.724047065660676115e-01 6.232974671236738429e-01 4.476115185412449238e-01 5.195917377628511691e-01 1.000000000000000000e+00 7.088119201699198957e-01 7.058561898911258625e-01 6.632292753124549023e-01 7.388312077985100812e-01 7.936126804715428751e-01 7.167783117976039842e-01 6.701775058207287694e-01 8.230451414280924860e-01 8.029492001178528682e-01 7.288562923937361715e-01 7.417305752847797029e-01 7.290716279602704741e-01 6.601247364191448197e-01 7.147022419491330103e-01 7.467964608184510800e-01 7.780568956817907056e-01 7.513538434567368363e-01 7.396198001989311432e-01 7.899072927301525882e-01 7.864878584629511060e-01 7.925780782027237459e-01 7.595732158383527999e-01 7.739290485244837425e-01 8.030355471108550081e-01 8.127899084923996265e-01 7.713512355277938326e-01 8.067657922531685788e-01 7.701693297300834518e-01 7.898254337336746422e-01 7.810177064322767482e-01 8.078917920368562378e-01 8.235829815426571887e-01 8.166982974213308211e-01 8.131423174047690550e-01 8.275492345415682571e-01 8.276270559302317809e-01 8.252714872684233649e-01 8.162913215751654850e-01 8.312919593848853150e-01 7.923148199284201221e-01 7.953363162256444907e-01 7.870676441536541557e-01 7.770277531895929402e-01 8.017623031923547527e-01 7.888402731100324639e-01 7.968621053480789973e-01 7.897035350820734712e-01 7.928039624619820369e-01 8.127862019931655357e-01 7.752327639548107774e-01 7.975624953056040800e-01 7.920139836990665039e-01 7.972543470671811239e-01 7.957013275935045371e-01 7.847971827519623078e-01 7.935648907776899907e-01 7.828506892878198675e-01 7.826177785645128671e-01 7.896451706569195261e-01 7.964855383798493671e-01 8.111351149736825139e-01 8.082589836557619867e-01 7.982004576356108716e-01 8.114977768978266504e-01 8.102259278424678302e-01 8.123353882288647521e-01 8.123749590083917393e-01 8.120199711853292035e-01 8.074986002000160701e-01 8.142718862761750831e-01 7.930053985075182776e-01 8.222913882363893645e-01 7.976997155929380634e-01 8.047226118152266405e-01 8.033935485339390725e-01 8.126327944905905598e-01 8.037120520385409028e-01 8.125646691248971099e-01 8.140360899537719686e-01 8.097647378114618544e-01 8.227257157177143565e-01 8.141055926243583318e-01 8.152748481306155703e-01 8.220921513556824767e-01 8.177692319975230495e-01 8.124417553677306669e-01 8.222582161082492291e-01 7.999148229802500731e-01 7.988977597240619621e-01 8.120534121796341154e-01 7.767322704071381034e-01 8.004418490587155155e-01 8.150319790823394861e-01 8.233516654813567426e-01 8.014904703632032001e-01 8.040757954065919089e-01 8.084919947350176495e-01 8.062146441058766211e-01 7.886542803293919990e-01 7.935137725246470541e-01 7.964048823836616942e-01 8.043338191444835417e-01 7.996689390793848551e-01 8.093710729609089327e-01 7.987304637979052435e-01 7.975866862505904820e-01 7.991162175016142122e-01 7.950480862534001769e-01 7.954933179894878581e-01
8.740900248544780649e-02 1.386604508922970880e-01 3.560765640474904958e-01 5.611708854782454514e-01 5.091173664185927317e-01 4.671031609463017209e-01 7.088119201699198957e-01 1.000000000000000000e+00 7.030201989965124687e-01 6.341135883770941950e-01 7.113957483821893302e-01 7.743853929482666931e-01 7.237161219027170578e-01 6.545445516667707242e-01 7.831256357981755123e-01 8.037283455150247002e-01 7.226100445086313107e-01 6.997243880030437069e-01 6.709688322135112237e-01 6.608819647282339060e-01 6.729604678907682436e-01 6.768059009138811533e-01 7.129387551818315849e-01 6.790728924328461868e-01 6.440740668050681794e-01 7.659589428157111968e-01 7.481452127077157233e-01 7.285778041531605353e-01 7.376061683976700145e-01 7.411803996101891112e-01 7.667470572878301027e-01 7.752614170270044625e-01 6.926134200372809913e-01 7.660199222763202087e-01 7.449176593803915614e-01 7.645537352228506389e-01 7.318677596180513945e-01 7.841745332633404120e-01 7.834389239421007955e-01 7.259742988411135300e-01 7.667060157937546361e-01 7.648863333167988943e-01 7.766776610354045873e-01 7.955408943073497552e-01 7.602739648297309749e-01 7.760486174942468063e-01 7.718920696381750268e-01 7.780864081341463123e-01 7.864323642831428929e-01 7.858094184210157040e-01 7.925239398834078575e-01 7.647967619285216401e-01 7.834295055354028037e-01 7.839079064192017166e-01 7.969350973297814056e-01 7.781420564103420645e-01 7.981143420302611036e-01 7.847906329654228408e-01 7.885040167556084389e-01 7.884028978451970149e-01 7.919851714708835422e-01 7.978099977076881233e-01 7.947921727897689914e-01 8.014190603425453974e-01 7.738547238359827496e-01 7.895716985743054250e-01 7.749682170833508410e-01 7.757365680425452048e-01 7.825249210601561423e-01 7.852235534763473135e-01 7.724098604303020199e-01 7.701860414074988004e-01 7.747612175162704728e-01 7.658566423534518552e-01 7.872644008272152716e-01 7.769990232874185443e-01 7.648583391544978571e-01 7.764794013608107281e-01 7.810974422913546933e-01 7.779390742169600692e-01 7.722347111725781366e-01 7.811636563206914019e-01 7.767478881439556782e-01 7.734315681223020711e-01 7.873370331373759079e-01 7.825129345833986561e-01 7.690106246688751535e-01 7.789198112388276973e-01 7.828785620120952693e-01 7.763860165407051594e-01 7.558650259928632043e-01 7.753260852888820276e-01 7.731896470170022129e-01 7.748326662530021780e-01 7.745525653355311846e-01 7.782303451804246652e-01 7.880855148206208360e-01 7.947655518984334533e-01 7.904220762446766413e-01 7.860078276496422767e-01 7.854227586935125238e-01 7.930407444967919606e-01 7.821140372531403262e-01 7.890947131443488693e-01 7.888975386579260007e-01 7.934431767284514381e-01 7.818342248453900023e-01 7.784208284078140139e-01 7.871344006026304019e-01 7.847176712883126015e-01 7.804833973218410215e-01 7.834668313009489626e-01 7.881019477240901461e-01 7.910485809148239955e-01 7.780601890807071763e-01 7.819598152197174690e-01
1.126589472423251415e-01 1.702397409926533767e-01 3.517177891044508953e-01 5.570759451872333567e-01 4.472208654319209664e-01 4.767617589787347399e-01 7.058561898911258625e-01 7.030201989965124687e-01 1.000000000000000000e+00 7.350448441600687666e-01 7.834292357152238262e-01 8.283847003316217039e-01 7.618212968793021123e-01 7.090536548129263705e-01 8.298633168951851102e-01 8.258587136646737825e-01 8.074591025566320024e-01 7.312837620975842778e-01 7.281420015378746724e-01 7.034557361933654329e-01 6.876956285762256815e-01 7.365762507253239555e-01 7.826946533631737868e-01 7.324981485422095151e-01 7.112311056278978194e-01 8.369393708922473474e-01 8.208695606334217576e-01 8.020540900658060801e-01 8.145767334522004965e-01 8.089027724857910107e-01 8.504774406731675507e-01 8.558131940180007113e-01 7.690578123811493416e-01 8.346532969241690081e-01 8.256880724245148073e-01 8.253914159540572948e-01 8.291304459758795931e-01 8.341919505912811506e-01 8.552932562349420120e-01 7.884688765000213984e-01 8.558283361375312870e-01 8.392943545590795251e-01 8.312494552164206851e-01 8.597982124538101623e-01 8.421034170943518804e-01 8.407013794304158960e-01 8.670744858635661689e-01 8.703290524163109776e-01 8.737677734000325325e-01 8.433943079495145323e-01 8.539858292239730364e-01 8.386055928566072959e-01 8.612369470607047495e-01 8.721103855408557370e-01 8.612027393702447187e-01 8.600510430742337453e-01 8.658370803751390676e-01 8.636046585156694766e-01 8.553408749540227785e-01 8.748589643394419912e-01 8.735202295207136203e-01 8.676491385288960245e-01 8.576664932192155089e-01 8.720046739347530051e-01 8.681720994535863101e-01 8.724524043836070497e-01 8.695199289756418981e-01 8.618275015812710826e-01 8.692735127198423228e-01 8.668375986367808927e-01 8.518101985312104274e-01 8.594091389568876416e-01 8.577892420849168031e-01 8.479729382354328493e-01 8.712384620789883627e-01 8.677893019185349832e-01 8.554354920696021214e-01 8.623213053860437904e-01 8.632150522943349280e-01 8.681778541459406195e-01 8.676624336438969465e-01 8.707900967535348036e-01 8.660526849896086343e-01 8.633314133047693684e-01 8.572803267495204826e-01 8.627706450842670405e-01 8.606115131983304023e-01 8.574071376203054040e-01 8.679047900938237081e-01 8.627017006164862112e-01 8.432470825909176293e-01 8.624614629076851058e-01 8.636377078021451048e-01 8.599028171500364692e-01 8.666860397292485141e-01 8.699209198544403110e-01 8.509443998596017966e-01 8.687270813275486114e-01 8.695966436453630433e-01 8.639635887633941858e-01 8.597556259572513015e-01 8.689697054889367056e-01 8.695246822473314818e-01 8.688579785638872455e-01 8.683962979348593958e-01 8.708141261761014329e-01 8.691674878681380223e-01 8.682652064299782868e-01 8.680776651379041864e-01 8.688034743697055085e-01 8.632041613908694178e-01 8.741992939586294975e-01 8.672799453400322767e-01 8.736688700715666833e-01 8.716829907203959005e-01 8.752124644477909943e-01
3.577225580140150352e-02 1.880776664035919421e-01 3.070733229964232036e-01 5.022241211175489939e-01 3.796643928533017243e-01 4.507367287488132090e-01 6.632292753124549023e-01 6.341135883770941950e-01 7.350448441600687666e-01 1.000000000000000000e+00 7.344660026210878545e-01 7.677333433149547970e-01 6.866465989830254912e-01 6.688900399078018255e-01 7.734861665157547472e-01 7.657275367431517488e-01 7.300403913573588754e-01 6.596775886780998910e-01 6.927170044858236286e-01 6.108794521568031710e-01 6.019716386065055991e-01 6.740365092722712115e-01 7.220156432692019788e-01 6.838561316051877670e-01 6.687396904870693826e-01 7.670826122337067732e-01 7.690597032120307652e-01 7.612133011682794548e-01 7.586860857398085578e-01 7.582360875669438283e-01 7.984958288178294339e-01 7.963804701117057627e-01 7.308792833350665763e-01 7.734316817365636254e-01 7.740973416207712621e-01 7.579768393667458692e-01 7.876370761964066602e-01 7.734223458458651113e-01 7.981619189387456625e-01 7.503925580391502814e-01 8.068024893466612113e-01 7.906915234286996386e-01 7.761174866859543719e-01 8.032217240127043079e-01 7.919446627638702108e-01 8.017400089680812858e-01 8.149329517863990180e-01 8.198300848186027556e-01 8.065204023195127192e-01 7.699244965842377830e-01 7.830668344535468561e-01 7.595904464783714838e-01 7.912878844940717249e-01 8.170587300722497170e-01 8.087968830855867264e-01 8.080915832242165919e-01 7.966614708896604391e-01 8.098222724692665242e-01 7.998073434199912679e-01 8.129970178367685874e-01 8.103998408330578274e-01 8.104237144077637289e-01 8.025927137781232457e-01 8.001927038587751673e-01 8.060617031658794396e-01 8.100232159731981518e-01 8.165127056456652488e-01 8.119794123438554001e-01 8.185278682159742303e-01 7.998045399407228695e-01 7.989009539361492385e-01 8.094344895152645325e-01 8.046843471448069662e-01 7.965831044144725537e-01 8.180177730337004904e-01 8.211842753417307739e-01 8.142895861912853306e-01 8.123511160042662382e-01 8.161307090233305139e-01 8.138296654643945027e-01 8.183360364636742545e-01 8.195307606611058615e-01 8.129931004807237072e-01 8.167792811841340095e-01 8.025247694515400543e-01 8.120090069249864539e-01 8.140466564201861432e-01 8.138395930284606505e-01 8.175824415661639977e-01 8.162767761012115209e-01 8.048729338210631745e-01 8.140844325326401787e-01 8.150057669648665959e-01 8.155115115761397693e-01 8.166808777243782513e-01 8.199649676852818203e-01 7.920268497618990766e-01 7.932467120764291613e-01 8.118777868479447601e-01 8.105834802604312550e-01 8.074743171577654088e-01 8.106892674730328263e-01 8.109383318716275602e-01 8.151764525004128181e-01 8.054816743697444936e-01 8.104140912352210124e-01 8.167072765768899067e-01 8.207998719263941423e-01 8.199584590372285264e-01 8.189444944164367968e-01 8.190229071832175745e-01 8.181252284710128775e-01 8.174481064444352185e-01 8.142496072996929790e-01 8.143457109830463114e-01 8.148839862546016777e-01
3.773127276030546762e-02 1.552649471029272643e-01 3.627900405655282712e-01 6.057106236572168401e-01 4.337895451699851357e-01 5.065320419177716804e-01 7.388312077985100812e-01 7.113957483821893302e-01 7.834292357152238262e-01 7.344660026210878545e-01 1.000000000000000000e+00 8.521086625503122569e-01 7.559675851356703058e-01 7.223172196554420443e-01 8.476900993987680488e-01 8.374246789917400013e-01 7.946003887844348412e-01 7.537053168556434590e-01 7.566336135449245326e-01 6.865966263012458493e-01 7.076868283482841138e-01 7.607645903478668092e-01 7.952600625820800406e-01 7.602048634757890833e-01 7.405095781048761650e-01 8.451335418681843459e-01 8.429664860576763230e-01 8.266508511040270291e-01 8.166121268252548582e-01 8.246700776684541268e-01 8.715708484733077910e-01 8.654508057958418821e-01 7.967972860521644884e-01 8.527508861278764174e-01 8.334317890996931766e-01 8.417690071914373240e-01 8.556361960956319068e-01 8.472780897361944508e-01 8.744212945891389754e-01 8.345270097368685525e-01 8.756774008409280441e-01 8.674781330327819839e-01 8.606626575526007406e-01 8.795217304999882746e-01 8.737550834319898208e-01 8.678372643500529282e-01 8.800060540217724547e-01 8.800375161079013742e-01 8.730650816421936522e-01 8.434258831156442593e-01 8.599515647526316808e-01 8.375509880767770809e-01 8.661549776022531288e-01 8.735452786014858972e-01 8.707976177628047321e-01 8.745182430801796691e-01 8.587295348170915776e-01 8.735675048667734810e-01 8.646558811873539252e-01 8.793777725182923000e-01 8.769765738724496495e-01 8.721890668538920810e-01 8.663805737263338136e-01 8.687666343063269458e-01 8.703845462917735309e-01 8.758805163259175686e-01 8.800049302004238072e-01 8.806773718015696861e-01 8.832632498078658578e-01 8.736600116018675699e-01 8.730050796280801606e-01 8.796349962329399474e-01 8.747171630611101367e-01 8.714815081445007605e-01 8.877746509121775542e-01 8.842766825943630948e-01 8.797795251978125508e-01 8.760251341824948357e-01 8.825463487118352379e-01 8.781643038304842719e-01 8.846396734053590949e-01 8.852188274145136315e-01 8.833203950205822386e-01 8.802230619151766300e-01 8.761602591715723642e-01 8.817569074411987229e-01 8.824162745862783597e-01 8.849478243086479345e-01 8.863968521455942717e-01 8.835263568472577766e-01 8.782493793176157082e-01 8.855994391968794455e-01 8.867428569408928318e-01 8.851561001643004634e-01 8.830418950679835843e-01 8.835777380667959591e-01 8.728658688910497787e-01 8.619227791043500009e-01 8.819345062671147817e-01 8.836111389535051819e-01 8.848334402673975196e-01 8.809998751423632202e-01 8.805390949162119618e-01 8.858002392818106197e-01 8.794656993106658716e-01 8.751945463707581085e-01 8.812380179015608661e-01 8.826592001526845088e-01 8.840981224917191517e-01 8.849663441827925192e-01 8.860271968629772621e-01 8.842889509925094815e-01 8.827299120578787628e-01 8.821594089453579368e-01 8.803655391446024714e-01 8.818811361456818654e-01
2.898787706173340875e-02 1.541901161977421164e-01 3.811449417392782646e-01 6.427730821452869447e-01 4.749464148877975966e-01 5.396297126666751431e-01 7.936126804715428751e-01 7.743853929482666931e-01 8.283847003316217039e-01 7.677333433149547970e-01 8.521086625503122569e-01 1.000000000000000000e+00 8.239557182836119154e-01 7.728243564244822172e-01 9.080510086178720242e-01 9.072021161036790682e-01 8.478281340208944084e-01 8.018786659907470860e-01 7.918184842162122594e-01 7.444952572585470385e-01 7.752791208599018047e-01 8.065706645193432278e-01 8.395607682395883620e-01 7.958261212353211489e-01 7.773674764392621839e-01 8.936133427135597440e-01 8.902591909602639575e-01 8.697928338844733709e-01 8.668507809632296501e-01 8.629938293964395379e-01 9.141877998719059040e-01 9.181377366895177028e-01 8.430754134495542784e-01 9.056475755205483091e-01 8.800538631071254114e-01 8.990978979434350871e-01 8.935943697886060688e-01 9.129455656423526300e-01 9.266734604370763240e-01 8.804844959769346779e-01 9.285249483894263411e-01 9.176870723734958935e-01 9.164269372072185726e-01 9.383108950200012011e-01 9.200619709898859577e-01 9.166769156036655986e-01 9.326074367652915642e-01 9.320705477366419967e-01 9.306349025687007392e-01 9.073424972061547855e-01 9.267760445617753140e-01 9.048249780765610373e-01 9.274959878833555216e-01 9.317507057191012354e-01 9.275292080839714348e-01 9.288248956139633083e-01 9.245017811851137246e-01 9.316274090723251078e-01 9.274616937622591761e-01 9.346490647513540084e-01 9.386261336189296589e-01 9.308415180970557312e-01 9.278454738155311743e-01 9.310752618829412075e-01 9.241542934068049941e-01 9.352386687284423017e-01 9.329544047469985335e-01 9.315748795317595476e-01 9.343055550716991009e-01 9.323949663483590555e-01 9.273336687861227778e-01 9.289042969387152349e-01 9.258919776454745953e-01 9.194652054273533270e-01 9.383897535351286567e-01 9.341110046691346591e-01 9.257621517267305977e-01 9.278079246075081610e-01 9.329202652824339914e-01 9.265798986433404494e-01 9.302529020431183904e-01 9.369036319690622339e-01 9.342427385324874045e-01 9.308249775204873178e-01 9.331443102066756534e-01 9.331771042906676916e-01 9.317891998218071903e-01 9.354842871197298626e-01 9.385991643304124610e-01 9.332558402875704706e-01 9.239268194973946358e-01 9.360237392220772668e-01 9.347294893967397211e-01 9.344295189039534266e-01 9.341166305242012413e-01 9.351786752891245724e-01 9.304760207114778359e-01 9.243936472259992598e-01 9.371583153160913948e-01 9.383696696061433196e-01 9.388110576643293737e-01 9.381348324898509672e-01 9.356288091639487492e-01 9.402846976970318238e-01 9.374024115916078648e-01 9.326189333295409334e-01 9.346879221257051729e-01 9.345443513372548860e-01 9.373955287298770811e-01 9.369254898788023089e-01 9.365742840888034992e-01 9.372037063451186256e-01 9.358665383525421877e-01 9.387399459528017465e-01 9.347578308633727184e-01 9.373299327110085066e-01
7.821469199625037672e-02 1.412410027600381757e-01 3.425119270101691926e-01 5.555592701174857373e-01 4.891856526306814779e-01 5.070058355269356776e-01 7.167783117976039842e-01 7.237161219027170578e-01 7.618212968793021123e-01 6.866465989830254912e-01 7.559675851356703058e-01 8.239557182836119154e-01 1.000000000000000000e+00 7.007182340684871003e-01 8.275803890218348391e-01 8.363850093258284879e-01 7.751222187435601318e-01 7.199517338782199793e-01 7.112316083537890687e-01 6.888828198213147180e-01 6.910247284502117893e-01 7.212926288908347860e-01 7.585697922023709738e-01 7.163426910079965237e-01 6.949164344191073317e-01 8.059312189975194052e-01 8.016584585563731880e-01 7.815743338472586066e-01 7.807184371761941577e-01 7.869094663872323592e-01 8.286370811655953128e-01 8.341559211344590219e-01 7.570356896334793362e-01 8.198748260562691570e-01 7.966344123333147786e-01 8.181227364139914693e-01 8.047641973142852789e-01 8.167526531115361088e-01 8.385292080091920619e-01 7.874935644878804375e-01 8.340545454635714950e-01 8.266987152077210910e-01 8.292309675557086868e-01 8.502263861118253274e-01 8.333963751639024142e-01 8.274685303019335691e-01 8.416566935288917195e-01 8.456360305451006143e-01 8.456597464401748310e-01 8.169771240918550781e-01 8.297004783092489788e-01 8.209448576896932748e-01 8.420852790385687792e-01 8.464902810220128471e-01 8.427671255068809320e-01 8.374814224315091371e-01 8.431752057421532109e-01 8.438050363030586976e-01 8.322529038721081518e-01 8.578435033442051161e-01 8.498903430804900516e-01 8.449733170110642622e-01 8.389806265258145102e-01 8.496347805200038517e-01 8.428230045451174934e-01 8.545481661595825118e-01 8.478292059834503513e-01 8.426798201801314336e-01 8.491279631200000511e-01 8.461234828430542754e-01 8.346562026197352768e-01 8.376452297534859870e-01 8.382309708389266145e-01 8.272389595105437143e-01 8.507639172453791421e-01 8.448952138225116482e-01 8.378677996037806608e-01 8.382451906710546297e-01 8.461634463257572403e-01 8.435968518217599188e-01 8.416007602516900610e-01 8.492732542370318161e-01 8.445438274971441839e-01 8.419527201175031061e-01 8.397976398248364616e-01 8.445022058047426672e-01 8.414719863766721986e-01 8.422354405873953009e-01 8.484670669119733777e-01 8.438024153231432622e-01 8.288618510494903946e-01 8.456943106523100440e-01 8.465933148947264453e-01 8.448531118382538452e-01 8.444681841122197996e-01 8.474782092035211267e-01 8.391732063613589476e-01 8.421330450348905039e-01 8.489443399455333106e-01 8.454810623848831863e-01 8.473853062398150060e-01 8.490283781008248765e-01 8.508885068640100746e-01 8.514115482437466520e-01 8.519170240347982981e-01 8.486860171719646795e-01 8.468497825661419620e-01 8.463895871548741123e-01 8.497985320752139415e-01 8.490312743022379038e-01 8.465080146813094286e-01 8.536138663045982344e-01 8.478160516204101826e-01 8.527808647569624645e-01 8.490291818979046612e-01 8.526707930677620562e-01
