1.000000000000000000e+00 3.806657313406724974e-02 6.257161071235682603e-02 7.002758059981735450e-02 7.639012197790739922e-02 -1.454388202812228158e-02 1.279805461566860605e-02 2.625086642907134213e-02 7.686659945813399675e-02 2.152328507097782395e-02 2.424724521711052114e-02 9.645752683156224791e-03 3.540498124506490096e-02 -4.029252048240498929e-03 -1.639662759882175042e-03 1.006841487993782348e-02 6.420663635430368110e-02 3.894862129831466735e-02 2.536046377740099403e-02 5.609015238061152570e-02 8.157742130837984662e-02 6.144790765441585784e-02 5.451987488578877855e-02 4.975603623249443691e-02 5.805459630808770810e-02 5.373181988820222021e-02 3.540410304397926394e-02 2.358441145762069785e-02 3.361692774994472915e-02 3.201073294838982508e-02 2.585679835621712552e-02 1.953332448956653436e-02 -9.754532970534600389e-03 1.700107131450694434e-02 -9.969850870351532751e-03 1.333357546248126017e-02 9.594546404604137324e-03 -6.116429792719448727e-03 1.246876600164634023e-02 3.172653612986552248e-03 2.499060762249987605e-02 6.139149586922557425e-03 8.545090920449563768e-03 1.991816079875191256e-02 2.605767466613215927e-02 8.644395701189435538e-03 1.342292511783130596e-02 1.828753315286034409e-02 8.411443370282467233e-03 2.158540759089041215e-03 -1.248291626150433266e-03 3.814420811713255949e-02 2.762992555542568077e-02 2.761823170618970050e-02 2.235110621662413088e-02 1.825985402529562568e-02 3.184471746994776975e-02 2.616557988078499486e-02 1.046433294216716006e-02 2.861332416919193378e-02 8.890630860944543148e-03 1.901439654260316317e-02 1.186098244525710631e-02 1.034336236033396410e-02 3.616499492329328797e-02 3.153243136099206229e-02 2.173838441278916345e-02 1.249912368997192248e-02 1.817584571998737478e-02 2.298458711217281694e-02 2.168397440812670079e-02 1.997967093875616801e-02 2.413378977319827548e-02 2.598281935537265913e-02 2.609864093977366795e-02 1.499460737847363445e-02 1.014342354194401087e-02 2.316456910661479976e-02 1.195730805368453060e-02 1.944247115103171775e-02 1.955205112292050101e-02 1.054193234667519415e-02 2.125258325516620264e-02 -1.315785387411941374e-03 -4.099483285942502435e-03 5.637053739517805008e-03 6.250949042818029940e-03 -6.163624625657008766e-04 2.017126042581814539e-03 1.831702864749026535e-02 -1.033645298346357088e-03 4.822721235243007665e-03 1.024879057405654083e-02 3.433310775354508643e-03 3.213389594703166142e-03 1.033316254440277103e-02 -4.631073379197263090e-04 2.119185542496574218e-02 1.716030393821995110e-05 1.817179669072943029e-03 2.795593990496258226e-03 4.968107208270044692e-03 1.666200396382572571e-02 6.490309711513215195e-03 1.648270706871285407e-02 2.831214000825993740e-02 9.719103152996471165e-03 1.479451997745333952e-02 1.624973350706504505e-02 1.035539979243748493e-02 9.074666595442789155e-03 1.549807999224087594e-02 1.035305447838099323e-02 9.224468725783403419e-03 2.306463565725247813e-02 2.475923965199300011e-02
3.806657313406724974e-02 1.000000000000000000e+00 1.523852729553482402e-02 3.379216570453058566e-02 1.057381031176062025e-01 9.671400101842861363e-02 1.120787130289966071e-01 1.078112227456455990e-01 1.432882821320656253e-01 1.762265528724574204e-01 1.324732900184554807e-01 1.208112220230433270e-01 1.092629646911696673e-01 1.426996657971529303e-01 1.383966860435643653e-01 1.376853818483966818e-01 1.089368530727220785e-01 1.782716877910324182e-01 1.588286993214760301e-01 6.667279067146446303e-02 1.064684026515975573e-01 1.600179121089118639e-01 2.036796331791146941e-01 1.858256706621307652e-01 2.031638533635625465e-01 2.007530036135514728e-01 1.620633030854699008e-01 1.752205475482910002e-01 1.490501137666906950e-01 1.741774117423906254e-01 1.611941564376187519e-01 1.556603863375085883e-01 1.393907763246381715e-01 1.505809262893372524e-01 1.410596520948314003e-01 1.140754914660281338e-01 1.448985518689791530e-01 1.406475714323913440e-01 1.388890799706527790e-01 1.478250627659284111e-01 1.575381082274146527e-01 1.387907028902340134e-01 1.317692903014196781e-01 1.394617795156861129e-01 1.543946051949845188e-01 1.487958530280812097e-01 1.391161644872884739e-01 1.601134691898021822e-01 1.398486987914530078e-01 1.208991752380711715e-01 1.306594401729663235e-01 1.048161520265103036e-01 1.284180580908012848e-01 1.746674459577898797e-01 1.898572899042022810e-01 1.908675156202874201e-01 1.450619240606584870e-01 1.497974320832739237e-01 1.579069617400411796e-01 1.448363226806985149e-01 1.340498920381617554e-01 1.551310177574427851e-01 1.490861295957969790e-01 1.324201365454285018e-01 1.416590386336344654e-01 1.452344912840097813e-01 1.531399881315151923e-01 1.631117121016705529e-01 1.725599388027772296e-01 1.401799330889077766e-01 1.518452354183568165e-01 1.601305692256877466e-01 1.764783194689335810e-01 1.745929686600677933e-01 1.716397952051816889e-01 1.584467226337779311e-01 1.651055335328407703e-01 1.545015620694099867e-01 1.650034547012760033e-01 1.607821409073184604e-01 1.632035110235126041e-01 1.569386648286509034e-01 1.568244221788331894e-01 1.623093128139509178e-01 1.464515087432907703e-01 1.581806018955360937e-01 1.473216955431744246e-01 1.540335742673395181e-01 1.496409748638850845e-01 1.698830185578348306e-01 1.529165564212102979e-01 1.524532203853364021e-01 1.541875526438016009e-01 1.524312491018232907e-01 1.498460727416336125e-01 1.575625135941198796e-01 1.352934297061169633e-01 1.270657688254221152e-01 1.387337332153929792e-01 1.404621311742602907e-01 1.375379426450603071e-01 1.424164585388031090e-01 1.423973221756735241e-01 1.408880324297681896e-01 1.356627504646298610e-01 1.447281763254207876e-01 1.513079857196893419e-01 1.633376704530986323e-01 1.644720291720265237e-01 1.438996400804610498e-01 1.551406920234205677e-01 1.494431029767756824e-01 1.550647082005871258e-01 1.412940679657207210e-01 1.421755706898556459e-01 1.496326917927540134e-01
6.257161071235682603e-02 1.523852729553482402e-02 1.000000000000000000e+00 3.595544982377230636e-01 2.399377841543486323e-01 2.314702935960989694e-01 3.259974875193202837e-01 3.358437993462206617e-01 3.310928876273466215e-01 3.011208422045038025e-01 3.523159604100596920e-01 3.802189865813374592e-01 3.209725158950694768e-01 3.235052645100247037e-01 3.719835915520067759e-01 3.575892690409415708e-01 3.520781093464705469e-01 3.613762552316664989e-01 3.743105441634189678e-01 3.142015021789185680e-01 3.801376457643563800e-01 3.836291817155182970e-01 3.556117850584633588e-01 3.732618177444385621e-01 3.541503000692030056e-01 3.676792088191466745e-01 3.815363022842070406e-01 3.696516730450691290e-01 3.707527073619048541e-01 3.695150881706815715e-01 3.875042761299921090e-01 3.875062748578229632e-01 3.553493858446044040e-01 3.982355329037957636e-01 3.677299858309177605e-01 3.801789960235762433e-01 3.984222514716779240e-01 3.703900680765430109e-01 3.934006707202022390e-01 3.732458926300225022e-01 3.879964923404324861e-01 3.813167883275896397e-01 3.859639000654863095e-01 3.807523010280113307e-01 3.841268176291978143e-01 3.820542176284714708e-01 3.791979372077466937e-01 3.753750479579757160e-01 3.705287523469325550e-01 3.829767266045516205e-01 3.734683917744532899e-01 3.738384001874573426e-01 3.657096102151759509e-01 3.658989228931369131e-01 3.520855215525545145e-01 3.676433079720716202e-01 3.625141682211551752e-01 3.814358545253519472e-01 3.658594393440809944e-01 3.760304244478349101e-01 3.782965496516307313e-01 3.685812743889236853e-01 3.665952342961781296e-01 3.651619731594297202e-01 3.734980473887765107e-01 3.629860863755825506e-01 3.783054249406112013e-01 3.839946121124261369e-01 3.823868156381109995e-01 3.877774457805569508e-01 3.867867995427479166e-01 3.803648409623457405e-01 3.847056244036150541e-01 3.831341989590470454e-01 3.819303761584009749e-01 3.816499613487802645e-01 3.778551910430767435e-01 3.770829005200867501e-01 3.796370394529465786e-01 3.777171954061778192e-01 3.836843168421451566e-01 3.828068369787380187e-01 3.840372034270738144e-01 3.783169939655019465e-01 3.858200241715818435e-01 3.881299195590429685e-01 3.829093629814108168e-01 3.800784633371154797e-01 3.813146104808119996e-01 3.768304356178829861e-01 3.846186915888448188e-01 3.817989791276158451e-01 3.807848461412904340e-01 3.801499560867698801e-01 3.766185244499712370e-01 3.735438456576173349e-01 3.830927949546676370e-01 3.829005629216652995e-01 3.818569181014669356e-01 3.808746023809478354e-01 3.834654080127555265e-01 3.775596156314371954e-01 3.754961846072558118e-01 3.797206612873613163e-01 3.806171112672296908e-01 3.745177100805255344e-01 3.790006606392216093e-01 3.706374515295562944e-01 3.755510114965205926e-01 3.804201475283965350e-01 3.771516964758621082e-01 3.773583175182534388e-01 3.760745600675561851e-01 3.778348934235568612e-01 3.768931784527728146e-01 3.702320880094608357e-01
7.002758059981735450e-02 3.379216570453058566e-02 3.595544982377230636e-01 1.000000000000000000e+00 3.923599011089070610e-01 3.823199695824654465e-01 5.291453655073631301e-01 5.388475838756785485e-01 5.294716912260802877e-01 4.367133092191329280e-01 5.379987457008971186e-01 6.318440770796648343e-01 5.372404338946598079e-01 5.157927091368043060e-01 5.941608589132419960e-01 5.687677805047616220e-01 5.600437732726116780e-01 5.300122181873726523e-01 5.399026733320757554e-01 5.772039494150974503e-01 6.048208090340594367e-01 5.727525167111595650e-01 5.025014182148358488e-01 4.995322726615011866e-01 4.900081275308478812e-01 5.230783007815386076e-01 5.899876194453701483e-01 5.702748874325788142e-01 5.720303805097783911e-01 5.565237310562843875e-01 5.880786692667302473e-01 5.627239282139273602e-01 5.328970528567884557e-01 5.622889574499814191e-01 5.353493920694613051e-01 6.023997392974960174e-01 5.965897838136290376e-01 5.633380750437402273e-01 5.978844550110126166e-01 5.821448073048817173e-01 5.934406405632368653e-01 5.964930354726711847e-01 5.963072539074601996e-01 5.972811629689096513e-01 5.998130583337658583e-01 5.913313284287551319e-01 5.808038742788893538e-01 5.745173365112385966e-01 5.778864681876441090e-01 5.826495296624611964e-01 5.784397671099146265e-01 6.117804778357421869e-01 5.908399117259400812e-01 5.636812339140164774e-01 5.351525342029855858e-01 5.607881691980571848e-01 5.722268645812365051e-01 5.865957364605840496e-01 5.638820374691565496e-01 5.875015300779591332e-01 5.799621197558723074e-01 5.757158614386942430e-01 5.665353504961673226e-01 5.763113642193498087e-01 5.917892367020948230e-01 5.822986042090293468e-01 5.794578977609041726e-01 5.694273153265787535e-01 5.666106537267219245e-01 6.102015989700819709e-01 5.888055054530042520e-01 5.784667522244905102e-01 5.611310566603339156e-01 5.625073125189860024e-01 5.776927393822098855e-01 5.854253826191020416e-01 5.819457884341803222e-01 5.861873027906435718e-01 5.790356038935029481e-01 5.748640854438936687e-01 5.766885975676347975e-01 5.816080959895912894e-01 5.935984863003850309e-01 5.587845579445455124e-01 5.841732120562699304e-01 5.725614569228909545e-01 5.913071777791425454e-01 5.837485253288302589e-01 5.819602037545853479e-01 5.819174560862843126e-01 5.985848431534118719e-01 5.866641871293594157e-01 5.926201954504277669e-01 5.889268346536006282e-01 5.767194784182643197e-01 5.756709743799577339e-01 5.968285700987853160e-01 5.924513078322765081e-01 5.794754488440780893e-01 5.892134756335595247e-01 5.946358266138543902e-01 5.839295533791890591e-01 5.938490859038638714e-01 5.888939086727481564e-01 6.004078651804336531e-01 5.890748141064858778e-01 5.800924195222898483e-01 5.717251458494676530e-01 5.742395269852050843e-01 5.859394922739508127e-01 5.822266340357605818e-01 5.857756694501771166e-01 5.810065098932069017e-01 5.856354054004756504e-01 5.916962619519099409e-01 5.862777968398147355e-01
7.639012197790739922e-02 1.057381031176062025e-01 2.399377841543486323e-01 3.923599011089070610e-01 1.000000000000000000e+00 3.217022726422276713e-01 4.787682352635058702e-01 4.926387577108707894e-01 4.713862434057961015e-01 4.007345297330076050e-01 4.544734652898407834e-01 5.148103048558548833e-01 4.903104176169010842e-01 4.476739606031506780e-01 5.120239996955839867e-01 5.061271079691120889e-01 4.633181507419688594e-01 4.641490135358525837e-01 4.747705244668061764e-01 4.439122665947725643e-01 4.857317377565489869e-01 4.819016391084199880e-01 4.342527914880918716e-01 4.245524723392804511e-01 4.449285413784550558e-01 4.678208852351630198e-01 4.747786994288658580e-01 4.739707085448227608e-01 4.604222394652373040e-01 4.768621858661416524e-01 4.947498235574437908e-01 4.899568164415241678e-01 4.493840406027825307e-01 4.676074619231046503e-01 4.601071695372542791e-01 5.074940615077243589e-01 4.913513082560707623e-01 4.833237220325710681e-01 5.070679062105911683e-01 4.815028836803221246e-01 5.097891600432480352e-01 5.088033574485764099e-01 5.244149163558701199e-01 5.195303261196050348e-01 5.179156700181237749e-01 5.089625195497472498e-01 5.062122737332319655e-01 5.066067731547749808e-01 5.048737630863716630e-01 4.861070077358278230e-01 4.998839044228716721e-01 5.077603486348958306e-01 5.162723134588175222e-01 5.042179892242464323e-01 4.849600903490134396e-01 4.942729486916336845e-01 4.965718003473701403e-01 5.149208397895173039e-01 4.890338521379362091e-01 5.187843380808790927e-01 5.170013820861578679e-01 5.063571617901461153e-01 4.984799567020391509e-01 5.106201249309256784e-01 5.129862525128725537e-01 5.082565245920709351e-01 5.092151880857797019e-01 5.049398666605593444e-01 4.964575470045557437e-01 5.166189773528402363e-01 5.136918296696437736e-01 5.044615078379882656e-01 4.882952543773935172e-01 4.931466421774406417e-01 5.091568858878372517e-01 5.077468834615214144e-01 5.025398579782938135e-01 4.996781746034757443e-01 5.017051005713146772e-01 5.026701143076962586e-01 4.989756601487865817e-01 5.042288675488126870e-01 5.107828411414367942e-01 4.916928467136806313e-01 4.983379615092884962e-01 4.968565141265491869e-01 5.056986277305600685e-01 5.091064328743046818e-01 5.060226724675709331e-01 5.117088800971235640e-01 5.068874255555292363e-01 5.124754550313512791e-01 5.136215375985325737e-01 5.114364925821737184e-01 5.078439340860420037e-01 5.100185334773458257e-01 5.153062624637616551e-01 5.107272521708832169e-01 5.090732813868342754e-01 5.130729905554270998e-01 5.203466445223295933e-01 5.090646747615643619e-01 5.180587258913789128e-01 5.147170776290499461e-01 5.178782439676439253e-01 5.164559158570406483e-01 5.099391220975051375e-01 5.088276610702844316e-01 5.108240494031291989e-01 5.119186769444185048e-01 5.096399001843716636e-01 5.162900930180759351e-01 5.131051619064872504e-01 5.156420965758751196e-01 5.138948016311507550e-01 5.153854234447888816e-01
-1.454388202812228158e-02 9.671400101842861363e-02 2.314702935960989694e-01 3.823199695824654465e-01 3.217022726422276713e-01 1.000000000000000000e+00 4.807287521498231353e-01 4.991511981874340309e-01 5.165253339965890644e-01 4.829294004155775255e-01 5.345371468596752385e-01 5.655621640074796064e-01 5.115283327164936722e-01 5.367663647650692260e-01 5.723854381597970331e-01 5.721765462974278682e-01 5.218049258303183446e-01 5.197662147092843021e-01 5.369906641310981943e-01 4.658625243468351718e-01 5.202319226428731014e-01 5.466743604132220380e-01 4.844816418596735175e-01 4.732308106356204469e-01 5.052028847284637525e-01 5.413082133595006340e-01 5.682413879490829656e-01 5.561252219473411529e-01 5.609647922530134334e-01 5.436758133114312219e-01 5.808605001494357989e-01 5.576033846645634950e-01 5.331504379663903892e-01 5.404165248419436907e-01 5.439339914943677190e-01 5.576932960077390922e-01 5.657438757168143928e-01 5.704790459775623823e-01 5.847252497778886449e-01 5.453150555507134678e-01 5.810494294902234236e-01 5.865950988913664066e-01 5.794527473304166287e-01 5.979525926795813406e-01 5.807070384497680093e-01 5.936353619817011928e-01 5.954729137795494731e-01 5.979412078454661161e-01 5.889926279168677947e-01 5.683276080464528812e-01 5.788242147109100566e-01 5.649577210539654670e-01 5.871697605296890554e-01 5.935421319532795392e-01 5.843330184817370210e-01 5.802015938677996809e-01 5.766284537606222171e-01 5.954621348123365632e-01 5.881043006109346605e-01 5.973079804384238134e-01 5.880429635004760236e-01 5.963473132064994742e-01 5.913235200100346312e-01 5.902272402709078936e-01 5.857939337160863458e-01 5.936360500472588342e-01 5.947071305744090486e-01 5.902256022580236738e-01 5.853724488848668361e-01 5.948916414364007199e-01 5.953523606047521621e-01 5.916976201213623998e-01 5.741307556914041488e-01 5.820674922097328619e-01 5.932825045630061300e-01 5.971289287707990390e-01 5.977137835674534161e-01 5.966490270937021556e-01 5.964500128715041205e-01 5.948812495081879925e-01 5.925144400581960902e-01 5.979179640985243793e-01 5.888897439568402392e-01 5.805441367484235338e-01 5.802049991287150377e-01 5.865614816062119097e-01 5.950151252199917806e-01 5.921973076765649768e-01 5.971747568052482302e-01 5.886921705483091349e-01 5.841438799309397467e-01 5.989091296325799174e-01 5.970633114024638255e-01 6.004806475558190915e-01 5.988443388598392314e-01 6.000025474170962436e-01 5.827907786764704445e-01 5.851375194817959313e-01 5.909211036970694053e-01 5.924077171290688115e-01 5.937520782828048516e-01 5.940068817650218103e-01 5.972019815074138815e-01 6.003787099702944108e-01 5.961648098848284505e-01 5.875764392646579681e-01 5.937177450352563168e-01 5.964711896119084811e-01 5.951848333390347134e-01 6.004217621631062762e-01 5.984207607664294715e-01 5.996303341990250058e-01 5.981599445167413709e-01 5.957328845288806241e-01 5.956748232445914226e-01 5.954201750750954814e-01
1.279805461566860605e-02 1.120787130289966071e-01 3.259974875193202837e-01 5.291453655073631301e-01 4.787682352635058702e-01 4.807287521498231353e-01 1.000000000000000000e+00 7.460857957065428758e-01 7.095399359353458113e-01 6.414042373382571327e-01 7.321066424395661354e-01 7.869548521072802227e-01 6.999874183056647992e-01 7.136133715502388508e-01 8.419634595486852335e-01 7.955620103785561170e-01 7.089085612508904122e-01 6.998002367864476492e-01 7.275555102612547564e-01 6.266454411575411720e-01 6.917098225827154057e-01 7.363786641687498635e-01 6.686813341033981395e-01 6.506850244747161005e-01 6.986809909241652461e-01 7.144680365992397419e-01 7.509814907064599199e-01 7.522137914744200238e-01 7.179330907661171102e-01 7.447269794451362168e-01 7.766653332692682321e-01 7.755253130436119413e-01 7.358433928823929771e-01 7.582453345590050020e-01 7.563563315557583211e-01 7.762022448038352618e-01 7.820134334638650930e-01 7.948223343793476836e-01 8.070521635003375938e-01 7.828937551627509484e-01 8.039220337906897162e-01 8.145567429265990755e-01 8.107032749878031463e-01 8.128388650460272036e-01 7.999116759491439188e-01 8.140571280026359657e-01 8.034815096056850958e-01 7.994424574007764628e-01 7.968432759862070780e-01 7.929109054004908064e-01 8.025202570418503711e-01 7.767889057959205257e-01 7.978048794290943935e-01 7.858549610410686670e-01 7.748079895334152312e-01 7.942482108291512022e-01 7.663710325996244688e-01 8.077926220206096408e-01 7.942498484229950639e-01 7.979369985405687649e-01 7.977121126677982899e-01 7.956749639116507122e-01 7.900357099236121616e-01 7.830690467936668453e-01 7.914264512572358745e-01 7.851618172833926268e-01 8.041534852878381434e-01 7.972764184204784721e-01 7.906472795977940171e-01 7.984807488060006175e-01 8.012725821622478373e-01 8.001983448409386579e-01 7.698302468807542986e-01 7.814868665126604164e-01 7.987904061242862008e-01 8.022301393044419804e-01 8.042621844954157551e-01 7.854223714204437989e-01 8.000130949015143988e-01 7.993771585743310037e-01 8.022741820335513863e-01 8.003198088675352873e-01 8.040058222423716039e-01 7.950380007799274784e-01 8.070780271443254161e-01 7.964052530682347308e-01 8.081762179952244329e-01 8.201690975953946916e-01 8.134604521060377902e-01 8.135561844519478836e-01 8.131069605113456777e-01 8.180043012625511922e-01 8.118030156923888851e-01 8.167366783928506901e-01 8.085383967247099513e-01 8.069710406533167069e-01 8.067008386484956217e-01 7.874182675615883920e-01 7.951075067496307103e-01 8.146771351472577027e-01 8.162301859556122530e-01 8.038543470283825432e-01 8.051724848653371014e-01 8.130979551308066267e-01 8.071381858308692703e-01 7.869328010401623885e-01 7.996998337784603228e-01 8.064538292963179256e-01 8.072721687877458807e-01 8.084310699355311547e-01 8.101445188229046135e-01 8.059051362462283929e-01 8.065164712874454134e-01 8.032340357890055405e-01 8.000237122540784229e-01 8.004314555630615002e-01
2.625086642907134213e-02 1.078112227456455990e-01 3.358437993462206617e-01 5.388475838756785485e-01 4.926387577108707894e-01 4.991511981874340309e-01 7.460857957065428758e-01 1.000000000000000000e+00 7.297611487101931527e-01 6.557474017760294149e-01 7.330720080068808819e-01 8.049842938355949995e-01 7.174940114298293814e-01 7.233908841134302214e-01 8.219466469492432426e-01 8.203803983264646993e-01 7.262680078735378464e-01 7.261886744784971093e-01 7.486198486373607519e-01 6.618587952941185071e-01 7.307053863488545131e-01 7.580379467729561060e-01 6.956677252543161938e-01 6.729209731682777029e-01 7.014877604922431509e-01 7.399274569658427225e-01 7.720507198473053334e-01 7.569370041172472918e-01 7.381184704834801158e-01 7.565961888486278930e-01 7.929027541063945472e-01 7.926507500383193072e-01 7.399690459342279647e-01 7.709459651213848019e-01 7.678074026961589915e-01 7.950072549656905796e-01 7.946518277922788309e-01 8.043831428610943579e-01 8.196682995750375067e-01 7.867013575613516219e-01 8.104934682770624788e-01 8.161448494487212324e-01 8.230853296587298251e-01 8.232899175258371338e-01 8.135316286370534167e-01 8.156368625520220572e-01 8.153901590750046724e-01 8.123639866902310214e-01 8.163729525275398302e-01 7.964992259697857291e-01 8.156900993864205640e-01 7.797967097257904046e-01 8.058826096330959921e-01 8.062907570067842089e-01 7.934320917704905662e-01 8.052623275881510834e-01 7.975197958224355954e-01 8.188731268270093011e-01 8.112778424618543038e-01 8.160038115638726941e-01 8.185166676689191734e-01 8.174719612252945300e-01 8.079381834038169563e-01 8.085961924453205496e-01 8.073454197102761798e-01 8.051036374557587472e-01 8.190536176497457133e-01 8.111401419478266872e-01 8.058852718749482946e-01 8.179777444097880990e-01 8.161375245221280661e-01 8.147969332679390053e-01 7.837785024480133922e-01 7.924108966494161077e-01 8.135265663009624282e-01 8.157142404006244574e-01 8.111629046024587675e-01 8.028264009625936115e-01 8.076625065841502860e-01 8.110836875043238026e-01 8.121454246585152470e-01 8.144446036812372780e-01 8.212147232590856216e-01 8.094018119545227652e-01 8.151498521805976560e-01 8.105693086549295989e-01 8.215587770687503566e-01 8.274876948389461306e-01 8.216302852309531612e-01 8.195605853011284081e-01 8.178117319653309680e-01 8.243988852198853579e-01 8.216621184779445697e-01 8.247898317339189544e-01 8.200089241349124425e-01 8.192074270203900666e-01 8.255320894022756262e-01 8.121453451474337504e-01 8.183263188098086616e-01 8.276237267738854042e-01 8.291839093630525293e-01 8.249191422720790756e-01 8.176926690198845771e-01 8.252801330820951353e-01 8.205379549247215909e-01 8.152567704903618262e-01 8.213257792659913736e-01 8.183458962381956470e-01 8.222890507201918719e-01 8.239034912241102182e-01 8.258741881781015426e-01 8.209691544907474769e-01 8.234368905434061858e-01 8.228778405093795101e-01 8.190265144337353087e-01 8.173453340531048328e-01
7.686659945813399675e-02 1.432882821320656253e-01 3.310928876273466215e-01 5.294716912260802877e-01 4.713862434057961015e-01 5.165253339965890644e-01 7.095399359353458113e-01 7.297611487101931527e-01 1.000000000000000000e+00 7.373936261480260601e-01 7.969415879872840947e-01 8.364637857088418338e-01 7.711531647047851212e-01 7.916801344217737624e-01 8.486000628150707215e-01 8.449670008045616632e-01 8.051610767860972739e-01 7.897974604941579990e-01 8.187045101963196236e-01 6.508110499844131924e-01 7.707028381077863921e-01 8.311605750839735629e-01 7.617196970891348951e-01 7.271469263735323985e-01 7.886213412683507062e-01 8.256320336829792161e-01 8.412918482826367006e-01 8.160328101822846847e-01 8.097038651629334671e-01 8.283215037059118435e-01 8.727555057562815799e-01 8.359485700517687023e-01 7.751474559913376083e-01 8.033491095099564161e-01 8.066918345705476057e-01 8.206855041195469935e-01 8.387590952090898666e-01 8.378207982107447327e-01 8.589043543759494748e-01 7.949885671985154056e-01 8.726376168547523848e-01 8.582400067199349447e-01 8.486339778811758938e-01 8.787697888513071875e-01 8.739579472788666648e-01 8.645338828200482828e-01 8.807217666991331573e-01 8.902722340437994042e-01 8.697676020837230570e-01 8.332901216983483739e-01 8.570513246820740116e-01 8.422907468731694047e-01 8.693637800279847561e-01 8.884181697880121353e-01 8.712096704228025068e-01 8.698949152261880036e-01 8.678860890163762054e-01 8.764738271858446561e-01 8.717056527922777409e-01 8.929833723458971972e-01 8.730716989512450343e-01 8.847853246775625458e-01 8.760537651765893941e-01 8.747744710752552999e-01 8.832120734287077779e-01 8.887720934238658721e-01 8.842991023179831434e-01 8.817692224706505932e-01 8.721090294533246912e-01 8.719772013549853540e-01 8.803422360874783026e-01 8.820709035714902058e-01 8.537104529518290130e-01 8.720371742516189739e-01 8.851019430933398935e-01 8.852639648746942758e-01 8.766807824557880657e-01 8.706445118408585593e-01 8.763758915552753992e-01 8.830349273768968166e-01 8.828051232763705070e-01 8.861294878708994016e-01 8.773245121807812241e-01 8.635672183305956873e-01 8.535746865283498908e-01 8.640097430927065059e-01 8.718311782811931643e-01 8.704557107493405832e-01 8.737804952096891453e-01 8.783962660302252479e-01 8.555980740192988820e-01 8.786532212939210940e-01 8.803835842207488049e-01 8.799142132646097236e-01 8.823770331040575732e-01 8.866391053426230240e-01 8.584260352456697385e-01 8.695048215300275052e-01 8.683371988081373116e-01 8.703249313861198821e-01 8.690711675398500313e-01 8.761047027538824139e-01 8.824790697107950388e-01 8.785019982028073882e-01 8.829810601077051624e-01 8.769879520714963794e-01 8.791556009668067828e-01 8.867749682087917584e-01 8.857569848415425273e-01 8.821409094311630783e-01 8.785726211110886918e-01 8.876948097360723988e-01 8.829839762049279672e-01 8.809799077112908661e-01 8.871340013898340038e-01 8.896593474919879396e-01
2.152328507097782395e-02 1.762265528724574204e-01 3.011208422045038025e-01 4.367133092191329280e-01 4.007345297330076050e-01 4.829294004155775255e-01 6.414042373382571327e-01 6.557474017760294149e-01 7.373936261480260601e-01 1.000000000000000000e+00 7.119688182399510623e-01 7.559033126810522640e-01 7.032958938283169203e-01 7.271595271629517354e-01 7.776487355225715215e-01 7.673217685175481861e-01 7.045519490268200569e-01 7.222841641785942013e-01 7.502602713485039265e-01 5.585403416879763938e-01 6.709139542115178934e-01 7.491129950805034410e-01 7.126643705036221910e-01 6.855962504585946249e-01 7.326719096891138872e-01 7.608192137055765913e-01 7.741573023301105971e-01 7.521460019039314382e-01 7.352645575468738093e-01 7.602585967495159025e-01 7.989626842302283150e-01 7.696032476900919184e-01 7.078020731409436772e-01 7.475047501774201297e-01 7.354819741961747814e-01 7.438988367951192560e-01 7.639741683309705378e-01 7.740907782268440229e-01 7.886163472983258593e-01 7.415913103942446405e-01 8.000537093851961545e-01 7.841033255582238182e-01 7.683425925543653223e-01 7.928862304697520402e-01 7.906483613824268897e-01 7.947931244897334935e-01 8.038263243289839322e-01 8.152742311119166585e-01 7.909074048327331408e-01 7.540332756657260882e-01 7.822305658435798614e-01 7.346223184827500585e-01 7.746789015307538051e-01 8.074787826009841574e-01 7.990499688750101193e-01 8.059867828251087163e-01 7.709720207202545028e-01 8.001999196176591278e-01 7.964961915640852430e-01 8.025699247129860492e-01 7.899430966592989600e-01 8.020190090465476596e-01 7.932339000265440365e-01 7.855498067318549271e-01 7.948109711399244937e-01 7.914904456945781597e-01 8.096877463375848905e-01 8.122391035294599382e-01 8.056415038430646547e-01 7.941954475115042822e-01 8.046008378189702936e-01 8.106913114308393897e-01 7.936032338529375174e-01 8.071906026089344932e-01 8.148177535035827646e-01 8.096047966047624778e-01 8.064102910305279703e-01 7.953312107975731848e-01 8.112117097725946024e-01 8.058154696852126708e-01 8.110606583042655471e-01 8.130713409658891777e-01 8.066337093437490058e-01 7.975381081187282728e-01 7.887410167969250985e-01 7.988844492196087721e-01 8.026657697809745917e-01 8.053576907127016904e-01 8.036849593388007973e-01 8.108553626432273287e-01 7.949873410193825096e-01 8.094499296281363332e-01 8.081993602153270118e-01 8.077954583570878810e-01 8.112097758552045956e-01 8.142036363977104285e-01 7.911279676901041835e-01 7.860091998658005341e-01 8.024040902187480340e-01 8.035021737339830272e-01 7.979803445919894100e-01 8.041818625533294629e-01 8.018175079589108245e-01 8.044712383374023057e-01 8.016110632095622135e-01 7.937957549124944334e-01 8.083625785893968629e-01 8.152389520896964337e-01 8.145674151344306502e-01 8.081538672860549832e-01 8.117738519490056426e-01 8.096522333060752752e-01 8.108633319568526732e-01 8.056968039466415599e-01 8.025594360663299565e-01 8.034545885974451185e-01
2.424724521711052114e-02 1.324732900184554807e-01 3.523159604100596920e-01 5.379987457008971186e-01 4.544734652898407834e-01 5.345371468596752385e-01 7.321066424395661354e-01 7.330720080068808819e-01 7.969415879872840947e-01 7.119688182399510623e-01 1.000000000000000000e+00 8.522193110034914643e-01 7.554866637822174047e-01 7.887434500583742070e-01 8.526495862041645335e-01 8.476321752929405484e-01 7.818302901832770990e-01 7.973867215495422656e-01 8.238001588564202171e-01 6.571749985131460914e-01 7.677195567675368926e-01 8.186790142671490633e-01 7.696663833047974190e-01 7.408736302773505367e-01 7.871407801556846717e-01 8.082779373159023617e-01 8.414483442476453634e-01 8.274248382584230566e-01 8.113631058478671942e-01 8.437900867581186182e-01 8.788783511861180120e-01 8.568758723905274266e-01 8.133107841778691727e-01 8.344038977270430424e-01 8.393653743113103083e-01 8.375256927915007976e-01 8.637761687927629772e-01 8.653695803930638863e-01 8.776172377290720750e-01 8.315209137963176511e-01 8.760743498047802724e-01 8.772173049513233289e-01 8.639153264291601353e-01 8.828472129750217778e-01 8.778280348620429718e-01 8.787428896180911053e-01 8.823613468930147086e-01 8.843589862946636959e-01 8.721719168168333702e-01 8.544614738427250833e-01 8.710722527382388503e-01 8.326852780670194187e-01 8.624270461893097650e-01 8.747647120859823877e-01 8.650684654743331370e-01 8.723499147987485713e-01 8.545126668587482710e-01 8.793036162794677368e-01 8.762051030956617970e-01 8.806833999195872176e-01 8.722439725664787868e-01 8.788332392984948838e-01 8.755425404145210644e-01 8.663830737106765767e-01 8.695930934999995809e-01 8.705787861836238317e-01 8.854936466037510723e-01 8.868536691486140766e-01 8.837661988453344719e-01 8.791370065830529379e-01 8.835869978157536719e-01 8.864787680575100248e-01 8.662102971890717207e-01 8.744992207866586487e-01 8.831161254022330542e-01 8.893863174266003480e-01 8.830465748601011855e-01 8.725735693576490704e-01 8.829037194729365545e-01 8.838107967718246138e-01 8.878202736954826646e-01 8.888166752260249215e-01 8.836846513565830286e-01 8.838524608491383772e-01 8.768571374246307837e-01 8.834979831849143483e-01 8.876237025446312989e-01 8.876586127394363590e-01 8.887798390598751208e-01 8.830851412993027116e-01 8.795637977679752195e-01 8.886672507565669399e-01 8.876317454235148618e-01 8.896357341905180016e-01 8.869672752273187744e-01 8.875061578792367012e-01 8.710304305282108306e-01 8.659533299106551008e-01 8.733966139665406692e-01 8.835181843657217149e-01 8.805448875077336313e-01 8.793851267057719578e-01 8.807924019602552113e-01 8.863446644884761527e-01 8.808192297668769877e-01 8.668137562184496936e-01 8.814435345403338617e-01 8.870338732552527361e-01 8.860905211683076654e-01 8.869248424730561409e-01 8.858329442318135793e-01 8.851328146496715288e-01 8.832961966466342796e-01 8.807396468645097842e-01 8.826687276598675913e-01 8.788826764571943118e-01
9.645752683156224791e-03 1.208112220230433270e-01 3.802189865813374592e-01 6.318440770796648343e-01 5.148103048558548833e-01 5.655621640074796064e-01 7.869548521072802227e-01 8.049842938355949995e-01 8.364637857088418338e-01 7.559033126810522640e-01 8.522193110034914643e-01 1.000000000000000000e+00 8.178171400314405703e-01 8.379967662210231483e-01 9.132064454511149565e-01 9.033098815053819397e-01 8.377994275511969624e-01 8.296954910176205233e-01 8.679285850582529882e-01 7.368092004936083184e-01 8.343504308015418092e-01 8.669998181727753828e-01 7.853485649440365979e-01 7.731800706268615597e-01 8.076976118416744344e-01 8.464962519601685331e-01 8.912674861550273775e-01 8.651358582478961834e-01 8.620030666203207792e-01 8.748102055281646861e-01 9.241351883720611005e-01 8.951616297452561488e-01 8.441485242544385370e-01 8.737662392103818787e-01 8.695526348451946275e-01 8.935897703907613732e-01 9.027639526998296748e-01 9.074512597223356458e-01 9.269905015079499266e-01 8.751199898175633374e-01 9.252936875017410134e-01 9.268901024378115583e-01 9.180017810840502834e-01 9.355033289724117296e-01 9.303233032764345323e-01 9.327877245962010733e-01 9.344322453928607386e-01 9.332721421335279377e-01 9.249283361835392014e-01 9.040371081565408140e-01 9.197078438514535437e-01 8.986385658808162535e-01 9.206997227144199103e-01 9.219833708400569927e-01 9.035996096290526136e-01 9.122575911254596770e-01 9.069578375735052322e-01 9.321369601702089724e-01 9.206251058695241740e-01 9.339639624810162077e-01 9.264252670498769326e-01 9.311990903503440942e-01 9.248150476752567961e-01 9.223734469771582845e-01 9.252088557464350771e-01 9.249167873246344485e-01 9.346154920254188259e-01 9.298706725707706067e-01 9.227727996801177168e-01 9.378427780549720705e-01 9.354866533233219261e-01 9.329833017419586483e-01 9.058170778754948138e-01 9.150430926601974546e-01 9.299309091205991695e-01 9.352638921301513752e-01 9.289641475878255283e-01 9.235965606305674980e-01 9.275816895846830112e-01 9.298249859173667309e-01 9.300467394715925540e-01 9.348595175810757718e-01 9.316407540283103694e-01 9.212729543388523679e-01 9.235976686453195583e-01 9.259517885631974865e-01 9.341401927767357671e-01 9.335376186588263403e-01 9.348015411202876823e-01 9.278656174103101506e-01 9.235228428709134629e-01 9.378247891359287047e-01 9.375304255417120647e-01 9.383493246545540067e-01 9.361226264771899119e-01 9.359076400666684892e-01 9.248391348557680747e-01 9.246762996593268502e-01 9.274496069361298778e-01 9.335959224202204920e-01 9.334877307765527821e-01 9.328273916090150664e-01 9.369497612870366643e-01 9.393096660298722034e-01 9.368079360241053921e-01 9.206485133087289885e-01 9.325809023140524401e-01 9.326965825400002075e-01 9.326581037688751463e-01 9.383330113578622900e-01 9.334113082780869375e-01 9.375991623235012673e-01 9.349922663600963579e-01 9.337083190904406083e-01 9.361090531696076855e-01 9.335044323960752788e-01
3.540498124506490096e-02 1.092629646911696673e-01 3.209725158950694768e-01 5.372404338946598079e-01 4.903104176169010842e-01 5.115283327164936722e-01 6.999874183056647992e-01 7.174940114298293814e-01 7.711531647047851212e-01 7.032958938283169203e-01 7.554866637822174047e-01 8.178171400314405703e-01 1.000000000000000000e+00 7.704029039291835357e-01 8.299031745837276430e-01 8.334360235547297879e-01 7.577397537301632235e-01 7.670999247907215324e-01 7.946931567284323261e-01 6.539396596286699559e-01 7.548529027798253077e-01 7.999032647365905691e-01 7.212828057137579130e-01 7.216131977004699438e-01 7.598402211407629947e-01 7.774141732084041134e-01 8.083462299468950896e-01 7.840640742786545436e-01 7.745042231600494098e-01 7.898929987437519618e-01 8.341041460391138695e-01 8.127565304405317548e-01 7.469142838469139400e-01 7.937661178195372091e-01 7.880792493449688685e-01 8.067951537698399012e-01 8.144599018360446641e-01 8.133075581252615649e-01 8.387185994020306401e-01 7.756067383674541960e-01 8.382938075250325749e-01 8.349713060304031487e-01 8.399886596522716520e-01 8.499651887400880845e-01 8.431822155179462541e-01 8.399388128194943404e-01 8.520935148025277073e-01 8.504830240776563022e-01 8.358570844872587058e-01 8.056248326701044293e-01 8.255889062586602156e-01 8.116049151508142323e-01 8.364963902912972982e-01 8.426915772661675019e-01 8.163230886496456451e-01 8.264579730989515260e-01 8.189910742109614006e-01 8.495898019815791846e-01 8.294406541349637063e-01 8.563215217647301980e-01 8.489874651893996038e-01 8.457744506855356947e-01 8.363301273973083871e-01 8.414891584220277609e-01 8.480070722252345261e-01 8.436072337477975580e-01 8.530359812170958955e-01 8.512131110491879538e-01 8.446879000104889901e-01 8.485577100822041530e-01 8.549434289569262102e-01 8.547482622129355390e-01 8.333884555855692877e-01 8.447846743264798564e-01 8.500002806387824128e-01 8.516772139195044611e-01 8.446311451679755500e-01 8.402004830604509200e-01 8.473741985316588510e-01 8.504400672278946693e-01 8.506295656432005803e-01 8.541726527849752282e-01 8.486880377687541221e-01 8.365885238459320750e-01 8.355133227166232635e-01 8.436497637049412690e-01 8.481959578592003224e-01 8.483213355582552850e-01 8.506705132064107389e-01 8.461707931180175724e-01 8.352742744487635651e-01 8.529627961089469856e-01 8.536726658996989237e-01 8.537133279977987543e-01 8.544813710516241390e-01 8.547145377601672589e-01 8.385221146312327178e-01 8.436388450374978643e-01 8.482906885311279899e-01 8.491427777292164247e-01 8.524623837298940243e-01 8.510023892575491189e-01 8.540289930483669911e-01 8.565950784818274766e-01 8.542748996094584601e-01 8.450596844905435834e-01 8.521744970294390376e-01 8.540840681656352018e-01 8.522253313726642077e-01 8.545430981714612351e-01 8.495490168776289597e-01 8.578579701564429394e-01 8.529540611508995562e-01 8.550901009257089180e-01 8.562092306030923972e-01 8.547643894478599291e-01
