1.000000000000000000e+00 1.305937275510485607e-01 3.123848848977253331e-02 4.783080216462212014e-02 8.130479022562163427e-02 4.782489560042104543e-02 3.534169211267216421e-02 6.378623231725960574e-02 1.362092096795343155e-01 4.516263986973002159e-02 1.795263763793465001e-02 2.860670802412365599e-02 1.990149874162195145e-02 5.809451291598301042e-04 5.479753909578118955e-03 3.044260376806949900e-02 1.357909761407265214e-01 -6.347442134300965155e-02 -1.693963967383735683e-02 -4.429075500313588848e-02 5.253671051256118829e-03 7.703615062075189202e-03 -3.198350099644974021e-02 -5.327267906268715741e-02 -2.144009592420413265e-02 9.984444542150172283e-03 1.104442749582896545e-02 -2.045518763089234152e-02 1.426601195483180595e-02 2.015966601152454143e-02 1.675721249552025033e-02 7.359835350897686243e-03 -2.354836647553958454e-02 1.334023907528783699e-02 4.150856223611414618e-03 -2.759556042399428401e-03 -4.055170818538670480e-02 -8.054884460993845747e-04 -1.012286933613159093e-02 -6.009121750323000166e-02 -5.673512329928823324e-03 -2.040333218957415470e-02 -3.592971014239099148e-02 2.012673414807658948e-02 -2.497310200815119202e-02 -1.814608804653228616e-02 1.228972316612059364e-02 1.718116891729930956e-02 5.401671750807305467e-02 4.526613380111532692e-02 3.810888150871930696e-02 3.845288224362532203e-02 3.909317023322624041e-02 4.372772848498505949e-02 1.323251450162358546e-02 -2.296696562806314554e-02 6.379011482931722099e-02 -2.415975267918459013e-03 1.126031241804608361e-02 4.052857878317815687e-02 1.206299963523446012e-02 2.879571654856080687e-02 1.515313375338056025e-02 3.887387396634345987e-02 6.151035494993771502e-02 5.897879339789395547e-02 2.691304907687434508e-02 -1.060176146987407836e-02 -1.127002331398450560e-03 -7.856263449683790687e-03 2.328612039036092804e-03 2.006190024533532033e-03 -1.718169180796770903e-02 -1.683310903569574732e-02 1.008489270227620879e-03 -1.123151969466314919e-03 -1.207578839331662629e-02 1.033227880135493409e-02 1.015086276839399608e-03 1.014287000302711850e-02 -4.287154830279016164e-03 7.549756738047357953e-03 1.047698431280505264e-02 -5.617191591836876059e-03 -8.050252159324901291e-03 -6.761616262541755504e-03 -1.670676758417960137e-02 -8.246175575933632068e-03 -6.726325169661895656e-03 4.783071346511784394e-03 -3.173115176054466802e-02 -6.025898693906669989e-03 -1.026480372007924566e-02 -6.238601237858937276e-03 4.523163482366239149e-03 6.883592729405736341e-03 -9.854221057972324671e-03 4.344232696405806587e-02 1.119432298729229787e-02 1.064380051038161558e-02 -7.463058389087545881e-03 1.389097891484910273e-02 1.154275834319941178e-02 9.032228608687797866e-03 1.389056647691818379e-02 3.097580239322990370e-02 2.045706008073992430e-02 1.260969473911947511e-02 2.210994656466919433e-03 1.018947791556583209e-02 -4.042819568169295913e-03 1.568802400970821867e-02 1.757078735275862877e-02 2.185904635822583444e-02 3.608390478671945345e-02 2.677711102832052575e-02
1.305937275510485607e-01 1.000000000000000000e+00 8.094596125574070322e-02 9.866570469243814145e-02 1.008696538276734334e-01 9.855947725482083754e-02 1.486080542207780242e-01 1.257818373848690052e-01 1.779346529369341678e-01 1.947568354652640110e-01 1.488019523510834274e-01 1.558526828648412743e-01 1.529966491883247015e-01 1.247708550883435130e-01 1.589327244629624991e-01 1.575520278541063801e-01 1.806321926611849926e-01 1.050428702913348139e-01 1.356535771209930741e-01 9.491599720108921667e-02 1.418281740668362878e-01 1.477409638307611572e-01 1.579463454599966121e-01 1.176457882146897393e-01 1.334097044831643875e-01 1.587981001911028256e-01 1.583705579871507452e-01 1.623556153439296434e-01 1.664527703712550544e-01 1.677646496105158203e-01 1.703123567163425667e-01 1.731619000149615673e-01 1.515880335893825814e-01 1.444825061558961954e-01 1.489134049736467180e-01 1.131329722316211234e-01 1.439488039190494062e-01 1.504350903617236723e-01 1.572502508797469778e-01 1.357782762945102528e-01 1.623603671409394600e-01 1.474116441641912800e-01 1.024409345803045379e-01 1.501958185611167451e-01 1.367267214832786348e-01 1.546944990018654098e-01 1.697367061733972837e-01 1.781061264575806991e-01 1.627335528461658354e-01 1.444701640774328499e-01 1.541140889098271960e-01 1.230014247752611312e-01 1.454159645263080058e-01 1.699000016509585875e-01 1.588798044424909184e-01 1.638383575891017852e-01 1.633095301147268197e-01 1.590620619082485365e-01 1.607896021529580666e-01 1.721630161873166087e-01 1.402690161379890332e-01 1.522587552020972512e-01 1.458662299736452617e-01 1.494572711017132793e-01 1.579415283920932722e-01 1.687443332787598171e-01 1.710935798180270029e-01 1.488291435874115609e-01 1.618779668610877409e-01 1.440691880905438926e-01 1.542260364907153958e-01 1.572162476085904037e-01 1.464290056339191959e-01 1.461323105005124801e-01 1.613743369695597729e-01 1.631300196494336885e-01 1.599303395749067935e-01 1.657975446137042452e-01 1.597156610891326822e-01 1.646673707508393703e-01 1.633144637164389568e-01 1.654649943871987494e-01 1.739649791738043516e-01 1.569368945515510205e-01 1.560209111340615518e-01 1.549424347159342741e-01 1.506076811291808537e-01 1.625280974159843683e-01 1.604279044973977719e-01 1.713950418378979712e-01 1.524494919573383400e-01 1.599107464803614931e-01 1.522168958764371638e-01 1.593679483218466975e-01 1.631854863893975327e-01 1.651057101901464153e-01 1.444929332441558800e-01 1.598780193704395780e-01 1.550261450396588914e-01 1.628776793306812021e-01 1.444470024655091500e-01 1.593514039598208643e-01 1.527619059825475745e-01 1.587906804272427863e-01 1.571492044790490095e-01 1.581655711656324292e-01 1.668225216478258499e-01 1.696998158395719714e-01 1.649190832248519645e-01 1.669824183695609310e-01 1.576325155184339633e-01 1.619678196680899573e-01 1.630341727951797604e-01 1.622245531997379975e-01 1.612445477001332450e-01 1.649963446844462112e-01
3.123848848977253331e-02 8.094596125574070322e-02 1.000000000000000000e+00 3.153515394253300075e-01 1.787494291792578183e-01 2.190835400122434773e-01 3.281356445042408754e-01 3.211714219917560786e-01 3.178170057358840062e-01 3.056397394632869857e-01 3.405622066970723227e-01 3.645384820126070791e-01 3.321992548041594051e-01 3.247012034170490558e-01 3.650415250450768645e-01 3.580452938803808105e-01 3.011966578658406557e-01 3.489149798129049795e-01 3.586578478194186737e-01 2.851131503772975639e-01 3.479136626731535453e-01 3.532723694147713034e-01 3.392455827689349612e-01 3.422300140738411822e-01 3.650178276106519903e-01 3.855433072530787819e-01 3.629502404323126652e-01 3.721582519759409347e-01 3.727840921426560095e-01 3.719846757640283275e-01 3.786979471688815546e-01 3.735384238869856044e-01 3.749073370075473033e-01 3.730649818312002375e-01 3.605799991069204014e-01 3.333380208874687223e-01 3.754700589210267503e-01 3.696607062176648917e-01 3.717918026116338592e-01 3.751538174334854703e-01 3.764968641248301329e-01 3.752300530940485546e-01 3.554736649348470556e-01 3.751602815837165039e-01 3.683239663844213307e-01 3.701928398943438725e-01 3.675368516817680287e-01 3.720719695361163759e-01 3.628135064124323739e-01 3.567025196330961823e-01 3.649479872587719775e-01 3.533244007514061424e-01 3.605157546734015783e-01 3.626250283865822266e-01 3.645216345623930043e-01 3.783115470994251051e-01 3.510701953722043522e-01 3.755585914716310647e-01 3.711015760747555237e-01 3.634830366196016294e-01 3.622599304515624064e-01 3.619711550125319643e-01 3.642175309715358633e-01 3.603611648694148295e-01 3.564363227694488656e-01 3.564244507941252693e-01 3.746699104475357256e-01 3.774148246824164943e-01 3.781856662338504704e-01 3.716715724600331838e-01 3.772608851457888157e-01 3.761495039977840182e-01 3.750979325453149826e-01 3.785620995847604475e-01 3.791613828968769528e-01 3.769513560701402421e-01 3.788644639950230486e-01 3.742658837677545480e-01 3.767495457400059089e-01 3.754952709825259971e-01 3.714807603060307217e-01 3.715057497183142932e-01 3.761817626510852719e-01 3.768511506461845184e-01 3.761299417581080440e-01 3.812918350829953562e-01 3.737834724185795654e-01 3.821137620623956677e-01 3.715448127532701150e-01 3.762800543941686171e-01 3.816264255137855610e-01 3.793865401518317637e-01 3.755828385671436398e-01 3.770490591569803374e-01 3.722478816507087673e-01 3.703024850824552794e-01 3.808399345513110990e-01 3.702339899679847890e-01 3.752139837507786346e-01 3.773945829835450017e-01 3.789605146682942793e-01 3.758431770795079840e-01 3.677690890431088988e-01 3.792200967663615918e-01 3.751465179885097867e-01 3.664660116290895386e-01 3.742710237297577347e-01 3.733245320605845241e-01 3.764605556451602886e-01 3.748634184965914939e-01 3.758438842109522726e-01 3.695632942594139769e-01 3.719609860902912124e-01 3.700473185859379233e-01 3.660831132453492009e-01 3.666576434773604065e-01
4.783080216462212014e-02 9.866570469243814145e-02 3.153515394253300075e-01 1.000000000000000000e+00 3.255238308638961908e-01 3.976996975287517277e-01 5.816000157305647456e-01 5.711505803271110793e-01 5.435794184235750448e-01 5.047690921417368193e-01 5.534174290821632924e-01 6.409941768909186433e-01 5.439723902532572763e-01 5.246336307202423832e-01 6.298220409462941261e-01 6.169141313197941123e-01 5.326256325104318234e-01 5.819048649747434743e-01 6.010042636202727051e-01 4.657053191403102699e-01 6.249638582759088345e-01 6.150809831035631836e-01 5.966789990796784737e-01 5.851204964453062818e-01 6.224924996323656368e-01 6.287779406286089223e-01 6.057617914024007177e-01 6.322403914637334532e-01 6.333204681186868079e-01 6.377424986047480759e-01 6.359334686190969421e-01 6.229728070444372490e-01 5.967995779974183401e-01 6.337700824156647927e-01 5.969660986641370792e-01 6.061976970333271542e-01 6.204504796557450685e-01 6.240065105295024006e-01 6.306161478448277791e-01 6.324539097654577890e-01 6.243526923755488012e-01 6.332918138875520686e-01 6.350508701070446405e-01 6.358351893037892388e-01 6.262613213827945557e-01 6.344553241653740905e-01 6.116234106644296009e-01 6.123843291865790350e-01 6.093125619326869025e-01 6.099805729110205910e-01 6.155314640478216637e-01 6.193829820754482851e-01 6.144406222674249074e-01 6.084510897099459914e-01 6.133448410154118680e-01 6.276650198054098961e-01 5.962638722910976741e-01 6.213899854604524320e-01 6.119711378633366783e-01 6.084694688326102163e-01 6.252929417868257067e-01 6.132602717057393793e-01 6.186208299746813744e-01 6.232901977665110671e-01 6.067210538329804725e-01 6.110193378333453884e-01 6.212154199811500410e-01 6.280180431207763592e-01 6.290482343437763246e-01 6.211064315001384450e-01 6.335191408118185930e-01 6.285827519532439789e-01 6.216489439681177620e-01 6.267999984072394337e-01 6.266943132450653042e-01 6.276570066224366196e-01 6.286602793133806433e-01 6.255212778635328430e-01 6.288398181125611774e-01 6.221894232993340212e-01 6.215762484254423459e-01 6.233733674432082594e-01 6.282355827113087487e-01 6.283533110707479885e-01 6.267216449159309644e-01 6.338793360003271982e-01 6.301781043340426436e-01 6.381086908624867826e-01 6.268222345497377335e-01 6.268792741197630747e-01 6.341846637134100906e-01 6.297613122875621583e-01 6.338746244433058896e-01 6.288118711446230025e-01 6.147038769980416317e-01 6.152440277329465079e-01 6.315968560355561534e-01 6.214837676848664616e-01 6.220556514199485632e-01 6.276672879997908794e-01 6.360255294380660063e-01 6.243811527068902079e-01 6.190252174714589994e-01 6.262401901829998119e-01 6.310729072618952440e-01 6.078510780314801965e-01 6.200356596352385452e-01 6.199367951145489108e-01 6.236562345607347124e-01 6.207500753824859441e-01 6.243736579415836152e-01 6.183157956480521689e-01 6.212306285362504399e-01 6.234798865457900074e-01 6.151668262553210420e-01 6.154216744812573969e-01
8.130479022562163427e-02 1.008696538276734334e-01 1.787494291792578183e-01 3.255238308638961908e-01 1.000000000000000000e+00 2.746914656398652399e-01 4.326872813767445591e-01 4.295501360337222740e-01 4.380835007149680993e-01 3.754349093131116311e-01 4.209897687387161302e-01 4.618670033553539112e-01 4.472965539370751253e-01 3.905366255254706931e-01 4.637939980810306118e-01 4.693249177462041066e-01 4.172601487022969957e-01 3.844906146283150750e-01 4.138291571344439035e-01 3.154268255387177033e-01 4.481139686866753014e-01 4.412442564106695553e-01 3.919610375871633856e-01 3.955622143094564835e-01 4.330972507877167699e-01 4.444301918629208759e-01 4.570960483861464252e-01 4.457579487464873869e-01 4.563834908914614075e-01 4.694167987131605546e-01 4.708783421555766679e-01 4.561404356567539953e-01 4.316189146149911338e-01 4.547159676021411689e-01 4.552971045819597107e-01 4.426748930213735833e-01 4.528118620247424397e-01 4.534318480776393656e-01 4.649606051142123331e-01 4.391338398661412401e-01 4.740062321834547232e-01 4.716616420513599084e-01 4.391659040009237569e-01 4.809253614670596644e-01 4.594396466724601780e-01 4.616614744604175535e-01 4.769007208097563177e-01 4.720305296673468209e-01 4.629097830524321888e-01 4.538650576880015608e-01 4.520125086390437974e-01 4.564547882282934399e-01 4.711308875788269845e-01 4.594538660204324776e-01 4.518194407390727085e-01 4.550099070719513250e-01 4.480106251260339567e-01 4.711082150380332956e-01 4.544004803254284020e-01 4.794420519138783976e-01 4.637687049045607912e-01 4.614022947310263967e-01 4.526583368042886857e-01 4.661646912929604536e-01 4.754910670545163809e-01 4.726224916536921339e-01 4.778097582440092306e-01 4.661947534264956894e-01 4.695355748893375036e-01 4.603414506090218739e-01 4.744322887785830667e-01 4.723408050618627674e-01 4.568425914500272578e-01 4.691516999460400017e-01 4.726082772271738563e-01 4.728388521807275202e-01 4.683088258520605174e-01 4.772301301829387499e-01 4.705018098345065680e-01 4.767462540243866953e-01 4.756093166771233616e-01 4.771955252777199119e-01 4.717547793858092864e-01 4.772802933571800854e-01 4.708825460105415806e-01 4.749162094307295967e-01 4.731065585406890039e-01 4.705945933554659399e-01 4.731073032607702733e-01 4.641177770077530296e-01 4.653549669453438398e-01 4.770696933915582472e-01 4.756972875264000034e-01 4.766616900613139252e-01 4.741709261056514246e-01 4.750135784553364826e-01 4.598367501153517445e-01 4.600070148108960644e-01 4.645865638824339117e-01 4.704729154414941106e-01 4.716989268229883070e-01 4.636021790593356506e-01 4.761058803212797064e-01 4.781546118520790811e-01 4.704816175186263827e-01 4.608048049810410385e-01 4.702132428661295327e-01 4.692817877235684332e-01 4.692077757791586756e-01 4.761154718375538164e-01 4.669170085436311068e-01 4.785322826423002440e-01 4.739389817129182059e-01 4.726777039141810688e-01 4.776542240845317866e-01 4.718709415541149643e-01
4.782489560042104543e-02 9.855947725482083754e-02 2.190835400122434773e-01 3.976996975287517277e-01 2.746914656398652399e-01 1.000000000000000000e+00 5.220893318177165510e-01 4.890465050222474463e-01 4.946346925460450294e-01 4.639336156881249118e-01 4.894454957545994467e-01 5.521051279462386718e-01 5.018170106878714343e-01 4.774937780087855632e-01 5.694502241687829924e-01 5.510764981102416193e-01 4.926880728447312618e-01 5.089509360695581019e-01 5.291130660165905830e-01 4.153201207567051578e-01 5.324265166407656791e-01 5.389133371680938644e-01 5.059552896946946099e-01 5.073239854455020570e-01 5.464712411368332079e-01 5.487967815299670260e-01 5.401998796093969712e-01 5.517401465080664646e-01 5.534800710633593912e-01 5.646807430200784239e-01 5.679467003063041197e-01 5.410149158042478756e-01 5.116693149533975138e-01 5.491894831782389019e-01 5.308684633813300913e-01 5.425773795521585674e-01 5.633570203467359594e-01 5.503124026097764299e-01 5.726569681706427106e-01 5.525954750338061272e-01 5.716491958767032644e-01 5.684861306620213606e-01 5.652085281173002684e-01 5.759349380529958928e-01 5.773472831589082643e-01 5.742173356273886364e-01 5.701199166486891068e-01 5.722041304312567300e-01 5.616886130289516776e-01 5.390118443432158069e-01 5.536050993278076593e-01 5.511106711941309300e-01 5.638169429360505580e-01 5.647304554247593034e-01 5.627380164559678821e-01 5.680710928994419096e-01 5.547297501354532256e-01 5.687648228718942267e-01 5.622858840797553270e-01 5.693346656494512326e-01 5.759029561463286928e-01 5.680461083377940090e-01 5.652236562297302536e-01 5.732396828691758150e-01 5.652587067735639348e-01 5.603074694300633762e-01 5.714504042889840818e-01 5.759812861631130598e-01 5.649989217857328549e-01 5.681429496963639192e-01 5.796878644425152993e-01 5.759506298081198405e-01 5.705726956911394421e-01 5.754147177327795237e-01 5.757656272992427438e-01 5.728872984812757307e-01 5.763955215692748713e-01 5.744943317615542888e-01 5.779643531188279892e-01 5.735070524086465227e-01 5.754980189665180879e-01 5.746984914248638443e-01 5.772935304870953077e-01 5.706673003138168498e-01 5.617132334507001223e-01 5.734788725044025481e-01 5.814834191109015116e-01 5.750665974937803071e-01 5.746894122215356893e-01 5.730444102801374173e-01 5.790705879670747791e-01 5.775442717473693310e-01 5.804659512920334885e-01 5.781420609486617179e-01 5.747027047209581907e-01 5.743476455855105467e-01 5.718511896328744015e-01 5.646138020654513090e-01 5.738366851544576264e-01 5.684095890858381628e-01 5.817762560745090017e-01 5.721078309508448312e-01 5.729875983067757028e-01 5.758772402379345179e-01 5.756547463000994957e-01 5.669348198415239404e-01 5.730633319775946255e-01 5.745127360047693754e-01 5.751900456825010943e-01 5.737278800715429616e-01 5.730489740689599376e-01 5.736149864272199750e-01 5.738791459661243266e-01 5.759139973993618877e-01 5.718272563979429624e-01 5.729494126296827972e-01
3.534169211267216421e-02 1.486080542207780242e-01 3.281356445042408754e-01 5.816000157305647456e-01 4.326872813767445591e-01 5.220893318177165510e-01 1.000000000000000000e+00 7.210363260605806568e-01 7.225559271989945298e-01 6.770746203917070716e-01 7.326130298155928422e-01 8.106657851960056282e-01 7.308055576109888651e-01 6.914077036736749893e-01 8.480556742135816339e-01 7.986126953645057425e-01 7.217685129055443349e-01 7.122868742172888679e-01 7.538230906052604263e-01 5.936097424225026398e-01 7.692556827278128617e-01 7.845922526909554495e-01 7.449490449053790542e-01 7.261088242290689720e-01 7.682054254218169120e-01 8.048455683006043859e-01 7.964116062242050376e-01 8.095168065586971773e-01 8.252208878047447849e-01 8.269803156775860087e-01 8.354673422845982911e-01 8.152481661776929123e-01 7.668956344468224051e-01 8.070818286948334697e-01 7.748848327192693342e-01 7.796295952336275148e-01 8.000647962357569920e-01 8.243126823279783855e-01 8.290676827145345706e-01 8.074042344732329513e-01 8.231726675312991404e-01 8.299503770726386342e-01 7.980629015561472306e-01 8.345138241891459918e-01 8.182988254462115751e-01 8.321974374468804614e-01 8.264714278690346028e-01 8.304423269149938669e-01 8.211054960893590104e-01 8.036134112246738903e-01 8.183166695943659974e-01 7.833066260977494810e-01 8.077302895290333629e-01 8.153608180524387627e-01 8.110636740020769064e-01 8.244326464647891983e-01 8.007612254452934897e-01 8.214631698739168764e-01 8.233178923038927399e-01 8.207445997090176970e-01 8.244549779873019402e-01 8.212325242858695695e-01 8.198452605271342453e-01 8.236694562875772618e-01 8.106712483501617994e-01 8.162855680434110139e-01 8.329736388070305697e-01 8.279445264503283441e-01 8.292528172209370219e-01 8.221247552856331131e-01 8.298029975002224612e-01 8.321591868241613454e-01 8.144722933387862351e-01 8.224943177730071886e-01 8.317238006842482267e-01 8.319305725861004808e-01 8.357690727420298282e-01 8.356645769359556386e-01 8.360732269581520049e-01 8.281386742410701274e-01 8.268731702311705734e-01 8.363371402218039430e-01 8.319105733416564119e-01 8.293819740919049499e-01 8.291092258130110526e-01 8.342812019147566316e-01 8.316977685355775307e-01 8.421446348744473509e-01 8.338551107745230118e-01 8.251478406277815703e-01 8.344804627215195447e-01 8.370099577534968471e-01 8.324430482105910079e-01 8.370362129778048388e-01 8.298904374446129939e-01 8.302573756169180363e-01 8.260599348036034018e-01 8.218193233624224714e-01 8.297773026620045567e-01 8.346586222104743769e-01 8.329217487145564869e-01 8.310368604527360592e-01 8.251950589366829902e-01 8.352920320689112277e-01 8.290724575797110418e-01 8.137097247170743675e-01 8.317613915235951838e-01 8.273518902032492850e-01 8.294013143599786586e-01 8.329910879444886174e-01 8.328085826111149004e-01 8.303576895021571591e-01 8.294182983028242084e-01 8.304774113111902389e-01 8.260936872334927461e-01 8.241285187331021111e-01
6.378623231725960574e-02 1.257818373848690052e-01 3.211714219917560786e-01 5.711505803271110793e-01 4.295501360337222740e-01 4.890465050222474463e-01 7.210363260605806568e-01 1.000000000000000000e+00 7.140420639556637195e-01 6.652492906522832206e-01 7.041047392928015958e-01 7.872190444193449821e-01 7.129664027554432071e-01 6.733937511832500666e-01 7.990682313392215574e-01 8.013883024064867300e-01 7.137926546885124957e-01 7.051967155683457333e-01 7.380371964795796602e-01 5.894711372770781166e-01 7.642172482341031969e-01 7.796856262981847197e-01 7.147795864099010243e-01 7.102750654009239994e-01 7.579539301020454811e-01 7.791339070560131530e-01 7.624207565602391101e-01 7.733883666231821108e-01 7.921492339375416636e-01 7.971526776101856004e-01 8.062736113983194342e-01 7.899546581262415490e-01 7.328030745429582327e-01 7.832269748418370092e-01 7.474537764917923433e-01 7.612472624170117941e-01 7.664942429218185582e-01 8.042626526030957068e-01 8.026343740438555141e-01 7.812893433141405719e-01 7.970785484728588610e-01 8.090703369012309798e-01 7.908676346972677296e-01 8.177563695616950623e-01 7.934785537540983702e-01 8.094606652751399345e-01 8.007243087050665009e-01 8.043451385032773793e-01 7.956717677714497672e-01 7.826366293678401753e-01 7.989621955938671638e-01 7.824246696694577841e-01 7.934282164760667611e-01 7.973074766911701916e-01 7.972876818417011791e-01 8.042342834791953443e-01 7.861350071936741291e-01 8.087431780943181714e-01 8.025779685836175181e-01 8.029590018848586919e-01 8.097764007746903747e-01 8.058366303232480377e-01 8.025216859661412627e-01 8.079488058307540133e-01 7.944699757416100461e-01 7.993845341491790935e-01 8.076598784920334673e-01 8.077418204687401015e-01 8.033343659618567001e-01 8.046569878040048529e-01 8.125553890405978752e-01 8.094859648976298061e-01 7.955157057892803252e-01 8.041501497979266500e-01 8.070461883687959359e-01 8.049818304996823048e-01 8.020874627121918898e-01 8.079039011219391053e-01 8.074592597897736201e-01 8.044643536292491737e-01 7.981006548669272727e-01 8.093151087162996360e-01 8.066671361075601343e-01 8.005137438037539521e-01 8.007019447607164331e-01 8.076522737959468401e-01 8.029436981587855238e-01 8.154605759517011832e-01 8.075121463824589396e-01 8.061932378593147375e-01 8.026597830933145383e-01 8.117014419200491160e-01 8.065855038042519798e-01 8.110090787068719997e-01 8.058886158108792275e-01 8.058923097652268552e-01 8.112738388380901222e-01 8.047202619770613685e-01 8.092106956025505449e-01 8.099408697174511618e-01 8.144422962787606357e-01 8.117190149688716660e-01 8.036284908535590299e-01 8.161725442698517519e-01 8.118985472173967377e-01 7.979064602415661955e-01 8.093306522725532970e-01 8.095209826000039355e-01 8.127722333806558508e-01 8.126766308234574243e-01 8.135929979488032426e-01 8.100235450124014802e-01 8.112588076369517953e-01 8.111469909040313064e-01 8.051148190444095132e-01 8.051280583918565270e-01
1.362092096795343155e-01 1.779346529369341678e-01 3.178170057358840062e-01 5.435794184235750448e-01 4.380835007149680993e-01 4.946346925460450294e-01 7.225559271989945298e-01 7.140420639556637195e-01 1.000000000000000000e+00 7.246579837149341730e-01 7.609507175618585029e-01 8.220417988289854261e-01 7.497389417969273495e-01 7.108763163297412424e-01 8.308438766711238044e-01 8.225972374662883224e-01 7.883998165567025485e-01 6.665178868410618351e-01 7.381944133810325326e-01 5.743303376916878422e-01 7.522366246418354940e-01 7.906833994074182748e-01 7.127769405718438200e-01 6.883600297764471687e-01 7.543972635765803236e-01 8.147537573839910285e-01 8.050989856005004164e-01 7.895886987755841302e-01 8.180907449718947122e-01 8.393855879837157641e-01 8.448402633457077204e-01 8.136652833504042226e-01 7.315841691567801508e-01 7.958120532464642016e-01 7.801922617406189531e-01 7.808757810019879564e-01 7.918923108509055009e-01 8.187167995582487201e-01 8.287623983625554969e-01 7.594128372146873307e-01 8.365045785790070632e-01 8.285429635346071020e-01 7.899195265022540546e-01 8.528526591857583661e-01 8.189212668327732203e-01 8.318337077426577464e-01 8.542155255504059186e-01 8.638443345359850811e-01 8.555686587891820905e-01 8.215241611473218519e-01 8.389461988760997802e-01 8.110057425524390684e-01 8.439801205244366056e-01 8.587627425714536855e-01 8.304017975437201216e-01 8.170007536228712786e-01 8.448494332158494879e-01 8.357680208015076939e-01 8.372128317952721721e-01 8.712335283819259146e-01 8.511186304039559669e-01 8.556453732185300698e-01 8.429886287961084745e-01 8.586007255180950759e-01 8.637913845655090794e-01 8.650161612360164343e-01 8.647135766643944121e-01 8.388842894372894321e-01 8.386567617543445596e-01 8.329366866717612394e-01 8.468848061356243351e-01 8.532584554798960941e-01 8.208936567526922135e-01 8.334554645128838812e-01 8.533986868398508729e-01 8.499350588730960609e-01 8.404682837487010838e-01 8.577973422649897151e-01 8.496657879636760891e-01 8.600334349215675855e-01 8.461614419779265317e-01 8.608534080291516677e-01 8.496147433403521410e-01 8.429003683726534746e-01 8.361776108758594006e-01 8.416229551461230640e-01 8.406300144141496400e-01 8.443143540249030687e-01 8.498175001266086159e-01 8.385074331818624938e-01 8.204276075081571307e-01 8.519440303050904717e-01 8.464370183531011449e-01 8.543710095297051277e-01 8.585370572510646614e-01 8.610986411000709495e-01 8.242896208290654281e-01 8.530913062084365395e-01 8.530438584889911136e-01 8.520329607781784720e-01 8.457178571807481005e-01 8.534619691823704946e-01 8.548302453909588650e-01 8.593196048128962650e-01 8.534912169418020778e-01 8.504031867252034305e-01 8.590268512166775450e-01 8.601213958520880221e-01 8.477234435581996186e-01 8.562987978187709404e-01 8.434952640206326846e-01 8.635780413001863387e-01 8.605062217126310253e-01 8.636577919868062558e-01 8.683973066856457423e-01 8.635402571842907271e-01
4.516263986973002159e-02 1.947568354652640110e-01 3.056397394632869857e-01 5.047690921417368193e-01 3.754349093131116311e-01 4.639336156881249118e-01 6.770746203917070716e-01 6.652492906522832206e-01 7.246579837149341730e-01 1.000000000000000000e+00 7.143593753383188361e-01 7.685229341627352051e-01 7.002518892935799544e-01 6.706807222999553453e-01 7.807640853171223805e-01 7.596874374574861255e-01 7.063657512378335168e-01 6.605754834080123095e-01 7.084424485262252880e-01 5.813646861138629385e-01 7.024595318129228660e-01 7.410785737849868715e-01 7.155153565035935470e-01 6.782859027874320601e-01 7.174544655067177645e-01 7.720238757987134548e-01 7.650720004490541015e-01 7.612809289788037281e-01 7.756541877952874975e-01 7.850495432724502454e-01 7.956954660172319560e-01 7.810789867731879887e-01 7.053617683164628005e-01 7.524543939370854639e-01 7.344465793648434770e-01 7.174749870008363395e-01 7.575405737000876494e-01 7.814877479514276137e-01 7.847414141880781902e-01 7.504593018844377683e-01 7.981632209593225724e-01 7.834154076940853528e-01 7.399913908920174865e-01 7.933903306906288089e-01 7.753090716562058837e-01 7.938403550908453843e-01 8.038699591843679881e-01 8.157839727672134833e-01 7.938428880723635839e-01 7.570026567561928266e-01 7.755305930194815733e-01 7.448815106890462889e-01 7.783779697222910077e-01 8.025889549314264571e-01 7.878939877455917173e-01 7.945964556708149384e-01 7.792670749462949908e-01 7.891786792766596337e-01 7.934050906997316410e-01 8.046403810491432607e-01 7.890365482375288897e-01 7.919819231743988608e-01 7.875060732924259455e-01 7.885014119487229189e-01 7.889826437521685332e-01 7.960774046881121668e-01 8.087532448100762661e-01 7.954333502459370875e-01 7.995757381372183836e-01 7.890877458657908905e-01 7.947371679409961365e-01 8.019130811066720321e-01 7.868303710195876377e-01 7.905007941522695925e-01 8.046348732867460996e-01 8.041407071950326113e-01 8.006609777228669289e-01 8.044987981305714575e-01 8.023686770670220847e-01 8.090085279701701992e-01 8.037161432400674599e-01 8.087199047192572543e-01 8.065952547625164781e-01 7.975661001708147513e-01 7.953760515487199312e-01 7.989617093378985624e-01 7.979806265979892954e-01 8.054745080142102776e-01 8.048050217170602538e-01 8.014199409059398205e-01 7.923362920351390004e-01 8.065288208171086382e-01 8.008097390633250878e-01 8.075015265323681746e-01 8.075869154011928730e-01 8.097665790409683817e-01 7.867474091844672834e-01 7.941741714010185360e-01 7.999702486820453595e-01 8.011301914783124367e-01 7.959302774577676765e-01 8.021857783693883137e-01 8.002324210765824342e-01 8.046953218236129191e-01 8.017254346030727730e-01 7.944451515413882836e-01 8.073304405486708690e-01 8.103726807256521614e-01 8.058183113307373358e-01 8.074742863761307232e-01 8.014057316716587387e-01 8.070119138791955749e-01 8.044011445954867279e-01 8.035477556298284973e-01 8.039162212810028185e-01 8.065733415480321744e-01
1.795263763793465001e-02 1.488019523510834274e-01 3.405622066970723227e-01 5.534174290821632924e-01 4.209897687387161302e-01 4.894454957545994467e-01 7.326130298155928422e-01 7.041047392928015958e-01 7.609507175618585029e-01 7.143593753383188361e-01 1.000000000000000000e+00 8.286264171759835095e-01 7.574840520892521800e-01 7.100506170029483588e-01 8.392953667866035472e-01 8.223834381097369084e-01 7.359945430815119094e-01 7.197553761497834657e-01 7.713933806980887153e-01 6.078975510861724940e-01 7.603852146980084603e-01 8.054752150408450717e-01 7.510670492175738344e-01 7.322350581630454602e-01 7.836729211830485431e-01 8.312557144687684474e-01 8.268311330777278201e-01 8.215219773030465467e-01 8.331312144441150869e-01 8.470043809722105355e-01 8.524202279532100412e-01 8.339532881399646103e-01 7.758454619596331092e-01 8.196249507277911794e-01 8.047970414805930561e-01 7.936022774396293000e-01 8.301636069518488759e-01 8.402464019948877594e-01 8.543078974927709179e-01 8.137689102686258558e-01 8.521543459839470147e-01 8.530326392123173118e-01 8.203453401414974033e-01 8.629247757926127305e-01 8.444955752400262750e-01 8.554439053744834487e-01 8.659028754367679159e-01 8.684837936942692016e-01 8.538650417416393523e-01 8.258415659662409203e-01 8.429668503878355867e-01 8.137399327550358663e-01 8.450698411987412895e-01 8.559837129683001145e-01 8.427237813445187520e-01 8.496856077367151983e-01 8.365201221616488381e-01 8.545836041140395523e-01 8.546138929070504764e-01 8.633921744020272016e-01 8.609519698508064645e-01 8.588904079203223407e-01 8.542549261781406944e-01 8.583495849401726607e-01 8.463890948886529930e-01 8.548557037367537914e-01 8.681064557085139688e-01 8.600493932956556620e-01 8.577748301060861280e-01 8.504864564612468758e-01 8.602429155226019031e-01 8.665885572473416287e-01 8.464911264059942209e-01 8.552945583826997433e-01 8.662879170633575043e-01 8.679171524526703152e-01 8.639569718442171586e-01 8.657813573724447709e-01 8.664695381309097666e-01 8.688587719314392332e-01 8.674973578076698999e-01 8.717582300837195541e-01 8.609784859802616097e-01 8.635729123319032530e-01 8.589928367303807377e-01 8.640111990758476690e-01 8.645388039739456687e-01 8.659435211228643237e-01 8.694336124951504985e-01 8.509729452064281885e-01 8.542618906357271058e-01 8.694812626274109890e-01 8.656849061147982027e-01 8.706748784542435171e-01 8.697074579961361351e-01 8.708624483994427123e-01 8.511643135852328124e-01 8.578368159338608523e-01 8.645412667151408659e-01 8.652206430688963446e-01 8.641582350857142103e-01 8.645323788918177765e-01 8.647777299782037908e-01 8.702719300058796570e-01 8.652998312664278435e-01 8.526256350647455351e-01 8.672501465766382367e-01 8.671271352803283650e-01 8.629299076468848195e-01 8.679609798664904563e-01 8.605991433797521850e-01 8.687296990589621348e-01 8.659500554539901751e-01 8.686388303518908227e-01 8.642981654370371913e-01 8.645423795915768705e-01
2.860670802412365599e-02 1.558526828648412743e-01 3.645384820126070791e-01 6.409941768909186433e-01 4.618670033553539112e-01 5.521051279462386718e-01 8.106657851960056282e-01 7.872190444193449821e-01 8.220417988289854261e-01 7.685229341627352051e-01 8.286264171759835095e-01 1.000000000000000000e+00 8.161190510778413287e-01 7.740861967884907768e-01 9.158208119267645664e-01 9.001821931330871163e-01 8.099894883484000108e-01 7.805936088280145402e-01 8.282343436448370566e-01 6.687396411673945940e-01 8.492859115503452738e-01 8.720699245008090017e-01 8.079430153991058461e-01 7.901132158558822338e-01 8.505414166064385606e-01 8.972070190883747465e-01 8.946814127874932465e-01 8.931925664766754425e-01 9.103805349567453131e-01 9.213422461588151036e-01 9.267304178640582979e-01 9.005081377911384743e-01 8.344595579106218741e-01 8.856806556695354660e-01 8.607595400436822697e-01 8.619650321798424386e-01 8.834309427910463919e-01 9.193659517349860311e-01 9.206406584510027358e-01 8.865271409970625349e-01 9.199601751637900282e-01 9.254871132218628338e-01 8.961353083282147525e-01 9.371631389570144188e-01 9.125440121020574891e-01 9.285996854751954466e-01 9.342789120120909008e-01 9.339623848265251604e-01 9.301194496677340773e-01 9.084814044645252995e-01 9.249316463769380325e-01 8.937072138132409194e-01 9.201845216962282192e-01 9.273628330366583405e-01 9.210531306375251415e-01 9.228879574008604925e-01 9.154925114467313829e-01 9.228776695349278913e-01 9.293201151686411032e-01 9.337065899674804603e-01 9.368395299099983031e-01 9.311797991867016844e-01 9.301507013966293647e-01 9.336725473761201544e-01 9.213053001615740811e-01 9.299752917343271363e-01 9.361548557028909201e-01 9.270266667496862567e-01 9.230404535504252994e-01 9.217101710494695066e-01 9.325500930963368518e-01 9.342035585531512920e-01 9.102367427473346817e-01 9.233703444427109330e-01 9.346601295290957179e-01 9.353915156872909531e-01 9.314999445082920992e-01 9.376595203695886616e-01 9.352613931427166127e-01 9.365548633397983158e-01 9.296610325461419633e-01 9.400255593257883513e-01 9.286026130851956495e-01 9.287557391119279915e-01 9.253154804716545723e-01 9.301110838958484006e-01 9.303407846167247586e-01 9.370772587370920226e-01 9.354013366170442767e-01 9.258834139113280015e-01 9.208927661253913932e-01 9.375473422337978757e-01 9.355334996715275464e-01 9.392530145457697044e-01 9.363004797454392847e-01 9.377271063711372090e-01 9.270773301950551160e-01 9.335002426607685866e-01 9.372314111894345379e-01 9.353465036507612185e-01 9.356048735057754806e-01 9.369607310425236424e-01 9.338275580364048256e-01 9.395068568034773415e-01 9.374316210204762800e-01 9.239404183607087262e-01 9.385166998900851265e-01 9.370962920492525994e-01 9.349568684982586531e-01 9.354584485421673090e-01 9.322459546982109213e-01 9.372242697972456016e-01 9.362155470412159008e-01 9.390551004666194412e-01 9.356419542804765843e-01 9.354306897827875389e-01
1.990149874162195145e-02 1.529966491883247015e-01 3.321992548041594051e-01 5.439723902532572763e-01 4.472965539370751253e-01 5.018170106878714343e-01 7.308055576109888651e-01 7.129664027554432071e-01 7.497389417969273495e-01 7.002518892935799544e-01 7.574840520892521800e-01 8.161190510778413287e-01 1.000000000000000000e+00 7.103262446904357041e-01 8.303371467420732621e-01 8.211611580677966593e-01 7.413034252811029345e-01 7.019883545118666968e-01 7.519721451923256916e-01 6.022915909180227567e-01 7.614927533916505675e-01 7.927799923541348770e-01 7.235275225269995891e-01 7.179420937451923557e-01 7.744630871285326235e-01 8.119706605615742978e-01 8.138967546844632084e-01 7.988986625071307079e-01 8.114440281101031882e-01 8.319045046891127004e-01 8.414070068925059154e-01 8.135973996616651105e-01 7.471900361954207925e-01 7.959457172075967701e-01 7.797449057210825707e-01 7.845547221850849295e-01 8.066332072271306108e-01 8.202760318781340265e-01 8.352307491730819322e-01 7.941955077201721114e-01 8.386649242671622151e-01 8.391085961847998265e-01 8.095008015113619448e-01 8.489247144627706243e-01 8.294393079221485943e-01 8.384647937475665502e-01 8.529988714127809679e-01 8.519721184363890920e-01 8.356614813657661234e-01 8.145703934060674056e-01 8.260640215201532355e-01 8.106964824830498184e-01 8.370807444836221300e-01 8.388304972833336981e-01 8.262178348552799978e-01 8.278619630180511502e-01 8.210468134075283864e-01 8.422904389991772156e-01 8.348553230077143672e-01 8.538377015864528907e-01 8.474344398998735484e-01 8.437641407023349638e-01 8.359373795662720097e-01 8.438362334048336022e-01 8.430453290671137134e-01 8.419668055062854428e-01 8.569102649363128377e-01 8.464707032342950743e-01 8.439388022331073547e-01 8.399759870385286042e-01 8.493426395341767687e-01 8.529621953510561072e-01 8.328583685446812046e-01 8.435919525406693209e-01 8.531536654010261067e-01 8.520057317700827637e-01 8.456589768950123487e-01 8.504538098297859117e-01 8.485736353226603912e-01 8.548350833496705103e-01 8.493453710155575154e-01 8.555528521396011943e-01 8.479102669670769421e-01 8.476243013640893942e-01 8.424199844712407792e-01 8.479294038515682308e-01 8.452616937429487942e-01 8.496780040182417837e-01 8.521072037752601691e-01 8.386822205141292175e-01 8.381687584935733071e-01 8.552020539098209584e-01 8.523476266511585964e-01 8.545616992879977447e-01 8.537432609624359126e-01 8.558211906767447807e-01 8.372072816362305936e-01 8.416232680199906557e-01 8.499527606274791536e-01 8.496401154874376749e-01 8.526901954336918443e-01 8.487846325377391699e-01 8.528375744534294478e-01 8.558040121657950472e-01 8.531761345748448688e-01 8.370995285364259964e-01 8.524158707754870834e-01 8.539267836294734959e-01 8.501736804366183398e-01 8.530965509327048668e-01 8.472581638680493077e-01 8.563960663047092137e-01 8.526251859711139192e-01 8.531899342401157993e-01 8.538249586417512305e-01 8.539231023980526913e-01
