1.000000000000000000e+00 1.424370566979110131e-01 7.987194037383360534e-02 3.833982259768313472e-02 2.798185703957242407e-02 2.953329873452793450e-02 2.072800683802629093e-02 9.975359844944391846e-03 1.125316524365946036e-01 7.563831840941802331e-02 7.723334214583303485e-03 3.206526036831738868e-02 3.002086179398614010e-02 -2.349914788511202335e-02 -1.044619707543850522e-02 1.178282644717830235e-03 9.259803958994779205e-02 1.040019324441264353e-01 1.356167145102961935e-01 -7.340038242113429423e-02 -2.159846513040199287e-03 1.364575914468550699e-01 9.571788763167692060e-02 8.985899161507732852e-03 1.520999540716531651e-01 1.199948585526334072e-01 1.312337516168649298e-01 1.315474144509654053e-01 1.557481386007130431e-01 1.748374908844425313e-01 8.663772407868518266e-02 2.585545817573865410e-02 7.840537444468560768e-02 -4.801780726656493074e-03 8.823046807979792461e-02 -3.037634260294576338e-02 3.841174734928379936e-02 4.616018607188512174e-02 3.407064073010239447e-02 3.050014605249722760e-02 5.270405395138916954e-02 4.382549600502218257e-02 1.864021963809443111e-04 3.512089710698827749e-02 4.349445323813085074e-02 4.376960238434694089e-02 6.553639672406413527e-03 1.212587633342331571e-02 1.146697153597519420e-02 -1.267991039902601792e-02 1.011889514885527287e-02 6.627007607796969735e-03 -2.298929387357190931e-03 2.164589446929655880e-02 2.723450446910258629e-02 3.894583033420775248e-02 2.218567293492594572e-02 3.220109802584072978e-02 2.814679339495812158e-02 3.798320006531105686e-02 -8.970235919677233688e-03 3.935725714336181513e-02 -1.738569136831642076e-03 1.030459911800982349e-02 6.944626993535223114e-02 1.062401633830883929e-02 2.948692349848004018e-02 4.711032105440624007e-02 1.395653618528792765e-02 -2.592877543939977811e-02 2.180475559793232029e-02 5.692092072468237646e-02 -2.430161735309373466e-04 5.191281727686076347e-02 5.413217618918211155e-02 5.481253402971832112e-02 5.565621322995177589e-02 7.561587160536061003e-02 6.677346346626586437e-02 6.827496159570402290e-02 3.690615639868206205e-02 3.907347175786701765e-02 4.388890870578531639e-02 3.966037716314686074e-02 -6.258193809503158952e-05 -5.112578772982088494e-03 7.446347597542274203e-03 2.467243094608762705e-02 1.013488754539545143e-02 4.129140972925783581e-02 2.610476429748119498e-02 1.700522165981513054e-02 2.172161991622054492e-02 2.760673696186792536e-02 4.154518186586222440e-03 8.579010093750748245e-03 -1.380837169707923619e-02 7.550525347305664034e-03 -1.069137877791972524e-03 7.419360060414937653e-03 -5.724010385842863598e-03 3.288494703551857710e-03 -7.562954201636067422e-04 1.437024412075108698e-02 -1.642718097356812542e-03 1.786342072996087091e-02 1.102810382712178343e-02 1.542766422686292667e-02 2.477226836021472617e-02 2.565364424897150636e-02 1.957053030882111022e-02 2.149003420980974757e-02 1.473917537099760089e-02 1.280832330422267476e-02 3.387458553113200516e-02 7.365676917788170804e-03
1.424370566979110131e-01 1.000000000000000000e+00 1.352219928577494679e-01 8.636694959650430270e-02 7.824454175879495821e-02 8.794246583517865978e-02 1.812121642905739904e-01 1.221200056889633762e-01 2.058563397356465985e-01 2.240485700670759306e-01 1.450743156521354382e-01 1.521761513143571887e-01 1.810345418034870202e-01 9.928861116988238478e-02 1.474311352758940763e-01 1.398709998767146967e-01 1.755305391813346272e-01 2.074082586873327028e-01 2.427207485937972475e-01 -4.658008780510720925e-02 9.107821052481236690e-02 2.469047264163303501e-01 1.585552972288290230e-01 7.018222219065141376e-02 2.479360550545190722e-01 2.556322412317207360e-01 2.768097224766926101e-01 2.842376382108121047e-01 2.573320823875568930e-01 2.590458591004533018e-01 2.113332603664771214e-01 1.485575108042147818e-01 2.134685749372087216e-01 8.713283489203990650e-02 1.937726091167614462e-01 8.730047140314668719e-02 1.374150255748756710e-01 1.896038333807515963e-01 1.633553909554195938e-01 1.872282969258942664e-01 1.844681734818336694e-01 1.935045620845032566e-01 1.291348961621645586e-01 1.709467601292868622e-01 1.673641864948861302e-01 1.711917078511311086e-01 1.530079291059246449e-01 1.558347450213072583e-01 1.319728157332794860e-01 1.036650028626581732e-01 1.468001156736992441e-01 9.704153518647606891e-02 1.212693159907550916e-01 1.638357461478554822e-01 1.723262727027099206e-01 1.801693454191193589e-01 1.335763812756570745e-01 1.781084802479699913e-01 1.742282625346813218e-01 1.627447494492133551e-01 1.236418922938189724e-01 1.675776247315440004e-01 1.325490052849656042e-01 1.231357287889911639e-01 1.694288542975944667e-01 1.398671719475893804e-01 1.690373592628002519e-01 1.885640736434098241e-01 1.461564520007711809e-01 7.847963920848260999e-02 1.482025887412113108e-01 1.943126161206039926e-01 1.144887081150788855e-01 1.747383835931395346e-01 2.014368172883538310e-01 2.019565056102323175e-01 2.054078946763501223e-01 2.091852956564172750e-01 2.074859000962807898e-01 2.017005675475633808e-01 1.671452050659062993e-01 1.778791964234213152e-01 1.694641817453306498e-01 1.815271847287484308e-01 1.377781227717758405e-01 1.219423292574993573e-01 1.392546163121678449e-01 1.702495174065134231e-01 1.489498016932905566e-01 1.809865720263886535e-01 1.836201770434031932e-01 1.673086356231991700e-01 1.620888384157178619e-01 1.773084817497743992e-01 1.494253218194128152e-01 1.539684217814645817e-01 1.334635745566508935e-01 1.295310186884548742e-01 1.492948716684798227e-01 1.541705237515922366e-01 1.377549462412597792e-01 1.506713456908058135e-01 1.379978504344720469e-01 1.588708074514909863e-01 1.281109762627512527e-01 1.603212350024709187e-01 1.474518988022305299e-01 1.618125119811967549e-01 1.693766138545036437e-01 1.652341322477987873e-01 1.705536735825596839e-01 1.569323282955479015e-01 1.618798963506898059e-01 1.420067801431229015e-01 1.593764558826988309e-01 1.381548426635408611e-01
7.987194037383360534e-02 1.352219928577494679e-01 1.000000000000000000e+00 2.814004046696153005e-01 1.804166927510143792e-01 2.481028087539440541e-01 3.452393355470209091e-01 2.772793265637826798e-01 3.236225593933187983e-01 2.981647828904500641e-01 3.469676323238699567e-01 3.599189310739648873e-01 2.977181537685981150e-01 2.931559345964330210e-01 3.347586463605167761e-01 3.282051171515654175e-01 3.439424168668241966e-01 3.836252406067430787e-01 3.928627895461783148e-01 1.956086957711818675e-01 3.521248545424047749e-01 3.867315628547386419e-01 3.690333640475037535e-01 3.144699202897320300e-01 3.952742977669617686e-01 3.846296250189001342e-01 3.826870661430291087e-01 3.876183463452556044e-01 3.668484575219643773e-01 3.697697151908797553e-01 3.734541343988214135e-01 3.608251297333029961e-01 3.753604526839616207e-01 3.296979762298757333e-01 3.794151295537627755e-01 3.162096348788842048e-01 3.596263318823207378e-01 3.684293001344027263e-01 3.760277063401168962e-01 3.830382520330098961e-01 3.578687107245624444e-01 3.682840777504149954e-01 3.611767309058449005e-01 3.699533574503745537e-01 3.718416654595763648e-01 3.740110270115133972e-01 3.454430644052887134e-01 3.461182268046584798e-01 3.386126530827295866e-01 3.393811657048244612e-01 3.612605905861016042e-01 3.548135312859473922e-01 3.450687925564473457e-01 3.376963750924987240e-01 3.425686217589749560e-01 3.577151264526219343e-01 3.303807093156789221e-01 3.547206195924338390e-01 3.546539568620623584e-01 3.438483402723537807e-01 3.410617856633874623e-01 3.480306829113437583e-01 3.352383847351083634e-01 3.356762501078253691e-01 3.591974976378887741e-01 3.350911946661538909e-01 3.537355991787605736e-01 3.700257107220242814e-01 3.630384178369830961e-01 3.225243931135934883e-01 3.657522860117015107e-01 3.741694161939301821e-01 3.473258578594778934e-01 3.792173824265224757e-01 3.647538536555341437e-01 3.617619450894514754e-01 3.628606554689246533e-01 3.685756562006837211e-01 3.724235863186033946e-01 3.618465061086136303e-01 3.619232454275490563e-01 3.576561660536926590e-01 3.618096413888470253e-01 3.645178229072992826e-01 3.501769961246937735e-01 3.401258427178123211e-01 3.542843368583580843e-01 3.548159642750922660e-01 3.533458825977165985e-01 3.629702684306503890e-01 3.678988204663148354e-01 3.534873375509240412e-01 3.622479607732378981e-01 3.621631066025758350e-01 3.392299357270603388e-01 3.435178481763370706e-01 3.523428282245181786e-01 3.382767588473049036e-01 3.462502205499580765e-01 3.561011450938754708e-01 3.511807767378253842e-01 3.489602958152005496e-01 3.477590632774247292e-01 3.556618644532266726e-01 3.426743265300641883e-01 3.480962332774163448e-01 3.419343358113556830e-01 3.425831349713627794e-01 3.457484729286307568e-01 3.495334140360484287e-01 3.501298145021283226e-01 3.435041853426523129e-01 3.465358928381519488e-01 3.415185040682877093e-01 3.564186372427963212e-01 3.414088746663281326e-01
3.833982259768313472e-02 8.636694959650430270e-02 2.814004046696153005e-01 1.000000000000000000e+00 3.238422286318938803e-01 4.402401123558209450e-01 5.405841234563584230e-01 5.108089626744135581e-01 4.893859894491314755e-01 4.517387412999819274e-01 5.127487162022299483e-01 6.422342804561435026e-01 5.074474649387648029e-01 5.257076695654329113e-01 5.817689719330396692e-01 5.712412108272862943e-01 5.530246648278973609e-01 5.534013438195739543e-01 5.439644192988136728e-01 4.543751140004775868e-01 6.210051681609666252e-01 5.844895354093020412e-01 5.627971718425477388e-01 4.961574955123088104e-01 5.492091924939715986e-01 5.253319948288435182e-01 5.557326406915149564e-01 5.294583398344318015e-01 5.401885099328388451e-01 5.665024468827253301e-01 6.064687511049701163e-01 6.007825308680387888e-01 5.880896995376019287e-01 5.665344549443872557e-01 5.941461108766783461e-01 5.348701683590746381e-01 6.009114050182428057e-01 5.962590344878754278e-01 6.262875184520921845e-01 5.992896456430742980e-01 5.866171472116806784e-01 5.833449621258306461e-01 5.960183753709861199e-01 6.128368834349698924e-01 6.131021132566479848e-01 6.048847169669564483e-01 5.823458459526029696e-01 5.744990218507226576e-01 5.914559442101370301e-01 5.984914528746877460e-01 6.051248024467904552e-01 6.032206849870114240e-01 6.040917210027469952e-01 5.697898680420281359e-01 5.710510370196205665e-01 5.779596710491055056e-01 5.877442479154413313e-01 5.712356076547135952e-01 5.879635181086289020e-01 5.828671235614308888e-01 5.915217046943725965e-01 5.826636498063816338e-01 5.890181494408013307e-01 5.893219714705844048e-01 5.882514089186550166e-01 5.728701901749989611e-01 5.795001840363891432e-01 5.800043304553155199e-01 5.938361849637207035e-01 5.852456725973048668e-01 6.205077193007950687e-01 5.886621003994371160e-01 5.756819900911367416e-01 5.921598801262035749e-01 5.719724797441909647e-01 5.810929225873120441e-01 5.791780947133263746e-01 5.821099846858360793e-01 5.878094370127727730e-01 5.867791572667261368e-01 6.022805917140676701e-01 5.912143725200087463e-01 5.960445251807399147e-01 5.896635215839494126e-01 5.993723479967056900e-01 5.808025689091017574e-01 5.884541382779326923e-01 5.901394647026830809e-01 5.978997303519537621e-01 5.855083446077016252e-01 5.930180621795456686e-01 5.826574442188535707e-01 6.021954513275470378e-01 5.961880290628763790e-01 5.780922906060689259e-01 5.802703709090125672e-01 5.995804999341602937e-01 5.852767936642455648e-01 5.839834113838966445e-01 5.957491014368183624e-01 5.986221749363443978e-01 5.913022061215744696e-01 5.920078047948225120e-01 5.941421197006621080e-01 5.833813033491048738e-01 5.824212589482876679e-01 5.912363403004713414e-01 5.700628358708023091e-01 5.789800823029621624e-01 5.838470430978843773e-01 5.789364353271549968e-01 5.823728840400895779e-01 5.812437779002892491e-01 5.865521900698020819e-01 5.857441881920815163e-01 5.771043375286393218e-01
2.798185703957242407e-02 7.824454175879495821e-02 1.804166927510143792e-01 3.238422286318938803e-01 1.000000000000000000e+00 3.217542113269357129e-01 4.521472317565719545e-01 4.403182178473446506e-01 4.128669346528094919e-01 3.716518526733065264e-01 4.603645422375673979e-01 4.731670055575054046e-01 4.490116243865416856e-01 4.427590282201533389e-01 4.899290155776491740e-01 4.823351295076622192e-01 4.443465860529219880e-01 4.131192081342356937e-01 4.252147400741829175e-01 3.043301378282508018e-01 4.180982702219964153e-01 4.398144155836591351e-01 4.151261878929526361e-01 3.853405905905823992e-01 4.119287403430434424e-01 4.478897094673595092e-01 4.418170524474284711e-01 4.443290377961024995e-01 4.209847000387129112e-01 4.140041988372898940e-01 4.600537693669027317e-01 4.771499497528663425e-01 4.393013858140844552e-01 4.499392471530163085e-01 4.528595221547863092e-01 4.633676506963771424e-01 4.509817492611414291e-01 4.708680521477161540e-01 4.812426964455066569e-01 4.788658040710204733e-01 4.866840780641197295e-01 4.856398304790423559e-01 4.783347372501448036e-01 4.946461599171640966e-01 4.858345046414814794e-01 4.809956203284772025e-01 4.805379911495781808e-01 4.804003943494618567e-01 4.814399547666203261e-01 4.606798443226467477e-01 4.781114255563043702e-01 4.783354403437987679e-01 4.827079022039892364e-01 4.821926099067818661e-01 4.794592333303306919e-01 4.793205578192286653e-01 4.732048293651192616e-01 4.798036433166568693e-01 4.708642464296539654e-01 4.868367752979102514e-01 4.933844601453910017e-01 4.741852857593769066e-01 4.770280542829956061e-01 4.836206313422071745e-01 4.707261777349140419e-01 4.870656541659389438e-01 4.803923222789462377e-01 4.811138150043267614e-01 4.854433161506840899e-01 4.564314706555061552e-01 4.872846377816967278e-01 4.820440666377915906e-01 4.723901513431111865e-01 4.744515549431826407e-01 4.785259927532204416e-01 4.768604586581374205e-01 4.811656011831951796e-01 4.714733693306026319e-01 4.759950633758982530e-01 4.695036569574751462e-01 4.795831523409919694e-01 4.796748988305053474e-01 4.841427409014891770e-01 4.807741071320900672e-01 4.811458797727209413e-01 4.783089110200670624e-01 4.801416584037872526e-01 4.865464117476074879e-01 4.870858337964449891e-01 4.837943081927987832e-01 4.888444759699964171e-01 4.896686315468470885e-01 4.902484109031028936e-01 4.845811483382972407e-01 4.858776312419564314e-01 4.846953767963924631e-01 4.807161336127195872e-01 4.747790835099176543e-01 4.856148881418601571e-01 4.873739862780196441e-01 4.865155749019129394e-01 4.825235151464029038e-01 4.848376196815831762e-01 4.921037568933928075e-01 4.868703716231727596e-01 4.790595709735604446e-01 4.859246492695263875e-01 4.841290519666781589e-01 4.828082626879544037e-01 4.860824698849848247e-01 4.795502002736077296e-01 4.878344060463236098e-01 4.816255475732025837e-01 4.864189706027596816e-01 4.858757620057501669e-01 4.868804590631974905e-01
2.953329873452793450e-02 8.794246583517865978e-02 2.481028087539440541e-01 4.402401123558209450e-01 3.217542113269357129e-01 1.000000000000000000e+00 5.583449709001319095e-01 4.738157962860731209e-01 5.162935558832202343e-01 4.938664858071349917e-01 5.410834140633816736e-01 5.972938273874236481e-01 5.198195511373657762e-01 5.244270030741123856e-01 5.816168740217549926e-01 5.747449234145413088e-01 5.496376915262946028e-01 5.530281201994469154e-01 5.537597879363109765e-01 4.603359363679158656e-01 5.581527302138468150e-01 5.651629251225029904e-01 5.522822813799617148e-01 5.257897052321824916e-01 5.541888099266824019e-01 5.540813224341368803e-01 5.517710654269751824e-01 5.492345395104119010e-01 5.405879080616878829e-01 5.506390828071444643e-01 6.035155148229514044e-01 6.041873489437951106e-01 5.746364091208179259e-01 5.861181170621692083e-01 5.937548540913386574e-01 5.710248494540317576e-01 6.070551844419885823e-01 5.967790223293613083e-01 6.151190544516049741e-01 5.944198110056050366e-01 6.013477879397388648e-01 6.014991803868620091e-01 5.975272544540368713e-01 6.125308140642077293e-01 6.196733248259838067e-01 6.164896594991818857e-01 6.051748707601758426e-01 6.038049331836211620e-01 6.018322149305571633e-01 5.994580707491303784e-01 6.088666304663736817e-01 6.054894113531700262e-01 6.119274014174158616e-01 6.007705795348884381e-01 5.979635299041817786e-01 6.049657990438765953e-01 5.964336613549583443e-01 6.058155325478231656e-01 6.053728938168371210e-01 6.026684495745376902e-01 6.110288343819819668e-01 6.041553315956226244e-01 6.019515352998060509e-01 6.019819608306644643e-01 6.030202080936203357e-01 5.976717217119522640e-01 6.105609456121117162e-01 6.145292016895322895e-01 6.197156654330732151e-01 6.042553811676706355e-01 6.229912655785244668e-01 6.122059661851927403e-01 6.124762449536776954e-01 6.196169821631405394e-01 6.033940827213558622e-01 6.015739263332494646e-01 6.024895984590860065e-01 5.984375161516067854e-01 6.074735039170783280e-01 6.049021443394949626e-01 6.184174841924641175e-01 6.105531371072229208e-01 6.155619937322454049e-01 6.137007683607308417e-01 6.175863241507737467e-01 6.172241256566396439e-01 6.205722437485086118e-01 6.110822572727536706e-01 6.171482441983696665e-01 6.096706746796781706e-01 6.154144755397831235e-01 6.099575084673534153e-01 6.194568969779189471e-01 6.144568956138806159e-01 6.084913071352350267e-01 6.074087415094875375e-01 6.141029171309383416e-01 6.070978263162301047e-01 6.107163919341630498e-01 6.130450414029566808e-01 6.135638688153371989e-01 6.130251984497802065e-01 6.145169909655473495e-01 6.120952351029351757e-01 6.112727824128505461e-01 6.081556643813007534e-01 6.124010933568876380e-01 6.042472489076766706e-01 6.092714888328875089e-01 6.095726158816344720e-01 6.075884456447316895e-01 6.070869506086076228e-01 6.089301152432120556e-01 6.098194281820715767e-01 6.087100918059888954e-01 6.077412028799955568e-01
2.072800683802629093e-02 1.812121642905739904e-01 3.452393355470209091e-01 5.405841234563584230e-01 4.521472317565719545e-01 5.583449709001319095e-01 1.000000000000000000e+00 6.974946910104167230e-01 6.898334576334982371e-01 6.619169055834038806e-01 7.315128169959256299e-01 7.971507519409639642e-01 7.146148343150849902e-01 7.022850109914205996e-01 8.312100812219571644e-01 7.986782417902981157e-01 7.359702898265816362e-01 7.018537574078080876e-01 7.127260266797054156e-01 5.496845812908922602e-01 7.166580198981034044e-01 7.408280902156710868e-01 6.673929996684341281e-01 6.049470594931229961e-01 6.994855664544087359e-01 7.521932984405742539e-01 7.461724454699915077e-01 7.472827075131956986e-01 7.160923515767916303e-01 7.205280259545379096e-01 7.835862809885441038e-01 7.943580416330251470e-01 7.455585816707829272e-01 7.289741682320589611e-01 7.696227475463505163e-01 7.252399122426838041e-01 7.562549129335753850e-01 7.993791565080818895e-01 8.101803996387123563e-01 7.998134563661248864e-01 8.032875372234357103e-01 8.130577635174146556e-01 8.028051263105564495e-01 8.223177567228696638e-01 8.144875490048895106e-01 8.016023927240196745e-01 8.122709603479194573e-01 8.091078187833282698e-01 8.072117705950000444e-01 7.876348742172940565e-01 8.166072212261057395e-01 7.860440212398944748e-01 8.129500424486734156e-01 8.006631327786132291e-01 8.074570105741980530e-01 7.995565208904517052e-01 7.957030271056537707e-01 8.082895472217802579e-01 8.132707416813590440e-01 8.114892201135329719e-01 8.127928343844568193e-01 8.129049312065669275e-01 8.106043355601098011e-01 8.026489360035357068e-01 8.030678251307624693e-01 8.051907098921272654e-01 8.142389540423927707e-01 8.086487954372363340e-01 8.086359829837991287e-01 7.771201742588865757e-01 8.195502579582631952e-01 8.154862279241034129e-01 7.790935295214634904e-01 7.960505683834598889e-01 8.130673371808733174e-01 8.111187532533787881e-01 8.119663882067977845e-01 8.026194321820618871e-01 8.118287672203901018e-01 8.032110086820446471e-01 8.099057953833076473e-01 8.114484359526029644e-01 8.116667159719522795e-01 8.138626360707859053e-01 8.097484243520303160e-01 7.961889477465408094e-01 8.054293520085040736e-01 8.199996587869712306e-01 8.142280689288859952e-01 8.164398875095858488e-01 8.203004068875365817e-01 8.203237416020884298e-01 8.261387313304453528e-01 8.193010922663552797e-01 8.105493353118842226e-01 8.126071530248900610e-01 8.192804842677416932e-01 8.046093515583462308e-01 8.198284578094647834e-01 8.235751726428081065e-01 8.199970627952731794e-01 8.193284056345204736e-01 8.209767088937552915e-01 8.208683089592910820e-01 8.091496994439649759e-01 8.137402728250642259e-01 8.169084572815835665e-01 8.087464696021686716e-01 8.142695527204502071e-01 8.155293515331093479e-01 8.175786182130760915e-01 8.132760816250315106e-01 8.152378117005766311e-01 8.127345199518456464e-01 8.129130188422007963e-01 8.102561324738180026e-01
9.975359844944391846e-03 1.221200056889633762e-01 2.772793265637826798e-01 5.108089626744135581e-01 4.403182178473446506e-01 4.738157962860731209e-01 6.974946910104167230e-01 1.000000000000000000e+00 6.834520998792494861e-01 6.328826662087800869e-01 7.049898599531863042e-01 7.548693935026282720e-01 6.993622142289281918e-01 7.019261959481722934e-01 7.884274715500402264e-01 8.003517109854934031e-01 7.155236081231501899e-01 6.176882717632685704e-01 6.596190327794895225e-01 5.343105677510545659e-01 6.238557765526819843e-01 6.818499439507711424e-01 6.066181620476289726e-01 5.571648218307104772e-01 6.363912437534623434e-01 7.183374868930845203e-01 6.966567403186787466e-01 6.969233133380109413e-01 6.827899163415511730e-01 6.817910021069418791e-01 7.488937553551637816e-01 7.499919786363171692e-01 7.117036918662785761e-01 7.052236262448217108e-01 7.112350736903516601e-01 7.106924015729235711e-01 7.242625351984776083e-01 7.728752802674097033e-01 7.682125533572219389e-01 7.590321956457996011e-01 7.721912523678453599e-01 7.806106348293467834e-01 7.672442383453238479e-01 7.890709477559210150e-01 7.708286649379961775e-01 7.731613385137779959e-01 7.901960425042907632e-01 7.877302019817272738e-01 7.929534290732550561e-01 7.695612857682694319e-01 7.869597756642088271e-01 7.571113269174152283e-01 7.806783949775989440e-01 7.873894761647488583e-01 7.887836621245813973e-01 7.810770672458802188e-01 7.770751022285949938e-01 7.825117921973195889e-01 7.809848497855559346e-01 7.867596512249419582e-01 7.929538591722776752e-01 7.832334395183451203e-01 7.782632602964258961e-01 7.908867611368926021e-01 7.754023542060001217e-01 7.791538183491464320e-01 7.912908610699835865e-01 7.747807745911368116e-01 7.739802104072387445e-01 7.514706518371293553e-01 7.820306758229238486e-01 7.821072744969590484e-01 7.500330096170486627e-01 7.586324170669961342e-01 7.840240761104158018e-01 7.857259149222747263e-01 7.818383836041470358e-01 7.756981427957446718e-01 7.780786837117289467e-01 7.745693536143019031e-01 7.793320439598724336e-01 7.867525151343541800e-01 7.812917376278833981e-01 7.829327549540652242e-01 7.886929117614865925e-01 7.718923378559892079e-01 7.778968928696583518e-01 7.946753226910601153e-01 7.907436094236829360e-01 7.909163052913288361e-01 7.865157751112246132e-01 7.956155412949251771e-01 7.917699899998738022e-01 7.920530856805119146e-01 7.951850580030611626e-01 7.953575706674204104e-01 7.963241838322052679e-01 7.861721284709406454e-01 7.963082384776589695e-01 7.972836282090184357e-01 7.968576037824539604e-01 7.972227514819333338e-01 7.951574172769213522e-01 7.988087457807918623e-01 7.895071340247922231e-01 7.904930278431711033e-01 7.946512606318515415e-01 7.928806594320068069e-01 7.928706434381306289e-01 7.941740584814044324e-01 7.925594260416874981e-01 7.941027284577272249e-01 7.925376922786152578e-01 7.948712539701850988e-01 7.897547433779330550e-01 7.878856713583496374e-01
1.125316524365946036e-01 2.058563397356465985e-01 3.236225593933187983e-01 4.893859894491314755e-01 4.128669346528094919e-01 5.162935558832202343e-01 6.898334576334982371e-01 6.834520998792494861e-01 1.000000000000000000e+00 7.037902632718822105e-01 7.532899883361038329e-01 7.935789002264926895e-01 7.190100168374176093e-01 7.435460950789107848e-01 8.034073822612033400e-01 7.909877327310799178e-01 7.892561932795978397e-01 7.165781772397501470e-01 7.683652052035516711e-01 5.299373599666921120e-01 6.627415758195958073e-01 7.794005144877060864e-01 7.138238444252308357e-01 6.381617106566702669e-01 7.542755783152246263e-01 8.092100347908254276e-01 8.125759471817148860e-01 8.114949777867307423e-01 7.892960039979609599e-01 8.008805551564327496e-01 8.393740250346849452e-01 8.176260799762508080e-01 7.933390179730800407e-01 7.613934487792162198e-01 8.109698831012039921e-01 7.656888340072625088e-01 8.004897848004239869e-01 8.323884509107961627e-01 8.244575256085020509e-01 8.041029955148584207e-01 8.454823314672929024e-01 8.393084414629186085e-01 7.952839405813931783e-01 8.460075639230851818e-01 8.313314604780568384e-01 8.432917534630832712e-01 8.413464357657443049e-01 8.486244345879119244e-01 8.349152649002309357e-01 7.874869446678123275e-01 8.255215461287909173e-01 7.885544768372152458e-01 8.179690776980037548e-01 8.497856191749784127e-01 8.456633142920645385e-01 8.490954149242464499e-01 8.232333920150832762e-01 8.493627439158589754e-01 8.426195000788019307e-01 8.541593059432595059e-01 8.297710435502742010e-01 8.475375838383798488e-01 8.219444990515483163e-01 8.295547386204096263e-01 8.519264184810766416e-01 8.379929229618906517e-01 8.546881227899318922e-01 8.517048141530064731e-01 8.380708782083997610e-01 7.897864813960514541e-01 8.345095399688658988e-01 8.564095327492222687e-01 8.142753092465593312e-01 8.406965366976282272e-01 8.568378297616697781e-01 8.569529318256640105e-01 8.553429975389654771e-01 8.551725284917931491e-01 8.530827032364812768e-01 8.553177277563016601e-01 8.506666436720278224e-01 8.549162622402630696e-01 8.536827462870894001e-01 8.535463346885572289e-01 8.325504978835986947e-01 8.296880710636010958e-01 8.392959400865066533e-01 8.516494213882358499e-01 8.454939892418416036e-01 8.542842975379401071e-01 8.463952434897236143e-01 8.489542433058878679e-01 8.463150396299435885e-01 8.516237017034654633e-01 8.471322903770515111e-01 8.482853032739559040e-01 8.191677597290712987e-01 8.297659273852664441e-01 8.397390433139099164e-01 8.421790327365943352e-01 8.331689279070672027e-01 8.403172046183864374e-01 8.386271358573328394e-01 8.473651964041426510e-01 8.403804185217090827e-01 8.447519614188947479e-01 8.458395288926223721e-01 8.515455460420162659e-01 8.521087956355755111e-01 8.540062511277101143e-01 8.505985916108157463e-01 8.544970704400227657e-01 8.487988344627508397e-01 8.456967360376250742e-01 8.518107207276388593e-01 8.444778055965298513e-01
7.563831840941802331e-02 2.240485700670759306e-01 2.981647828904500641e-01 4.517387412999819274e-01 3.716518526733065264e-01 4.938664858071349917e-01 6.619169055834038806e-01 6.328826662087800869e-01 7.037902632718822105e-01 1.000000000000000000e+00 6.856235671698414080e-01 7.459931289724387460e-01 6.779559693686503241e-01 6.875152089439582337e-01 7.553442856870117295e-01 7.462401323720362356e-01 7.241705315943491872e-01 6.640016558390263723e-01 7.096633956880719074e-01 5.284292668057245512e-01 6.372233895465712061e-01 7.194218603809180435e-01 6.579671938237440232e-01 6.088240971260779899e-01 6.938904210803064077e-01 7.429874873504114241e-01 7.426555171824164026e-01 7.465992455920034132e-01 7.221278202042655803e-01 7.325691186625964413e-01 7.749426806518223687e-01 7.628053284339614271e-01 7.386163299053462028e-01 7.254031108283005569e-01 7.513798680696973653e-01 7.169169304675152565e-01 7.584490923865664369e-01 7.790730185345853265e-01 7.750525138586112917e-01 7.598877704001182343e-01 7.809355295178739276e-01 7.795948786541840869e-01 7.517511513684917990e-01 7.849157037803515813e-01 7.818889533277267878e-01 7.812642380248626672e-01 7.850567290336498694e-01 7.904763272719979028e-01 7.809314682169125055e-01 7.432534684663557600e-01 7.739300726163713673e-01 7.365871474996571466e-01 7.632464197108854709e-01 7.894880630912503028e-01 7.864037882198097185e-01 7.850407819388145469e-01 7.734667946768112312e-01 7.935364176178358875e-01 7.902940555190167693e-01 7.928421169779485966e-01 7.794509989296527497e-01 7.956063418039369672e-01 7.758039585185253495e-01 7.759015003431787294e-01 7.830895631590598649e-01 7.814197328790116748e-01 7.925819906251878599e-01 7.897754082832452172e-01 7.819563247080645318e-01 7.508355761198137746e-01 7.832756321347337236e-01 7.941735675183426713e-01 7.629618618971141242e-01 7.845951876823179516e-01 7.928247326653633520e-01 7.949963500960487428e-01 7.937896662002785764e-01 7.891042032720819721e-01 7.919740259763677903e-01 7.938847916769867785e-01 7.901331305097667457e-01 7.959053437596198544e-01 7.941670212714120325e-01 7.959094778480673149e-01 7.818061312024449094e-01 7.797065684242091566e-01 7.882693998821683756e-01 7.934879532664645962e-01 7.908075676780886853e-01 7.913155823897610741e-01 7.934687649515460572e-01 7.939534894506852236e-01 7.924876079550785546e-01 7.948135396338127379e-01 7.891953177574289047e-01 7.900082824551063476e-01 7.788062613774585641e-01 7.791987390922522350e-01 7.888524799279023059e-01 7.872421812526029239e-01 7.837815303924358101e-01 7.886533906280022155e-01 7.850566200635162861e-01 7.903162735776936287e-01 7.872993774503007636e-01 7.920799180217027446e-01 7.899379368041083982e-01 7.899858153523839910e-01 7.940691180522929660e-01 7.927787930579497377e-01 7.952587928595730160e-01 7.923203676096260972e-01 7.959094736532827952e-01 7.892204787063396010e-01 7.915288422756076026e-01 7.897124735369199788e-01
7.723334214583303485e-03 1.450743156521354382e-01 3.469676323238699567e-01 5.127487162022299483e-01 4.603645422375673979e-01 5.410834140633816736e-01 7.315128169959256299e-01 7.049898599531863042e-01 7.532899883361038329e-01 6.856235671698414080e-01 1.000000000000000000e+00 8.271423025476433155e-01 7.362045684482215746e-01 7.893388878227565186e-01 8.466854135925271363e-01 8.195006193930669536e-01 7.757172693732687918e-01 7.194393241646696024e-01 7.616074335938426421e-01 5.435552905699088111e-01 6.764179325989085889e-01 7.726912760529275337e-01 7.169027513077848024e-01 6.493120131734499978e-01 7.420238883495150484e-01 8.177659338482339280e-01 8.044853257265435209e-01 8.043560975360368737e-01 7.939930533827022074e-01 7.860076653194871810e-01 8.481421817256287188e-01 8.422349851131791798e-01 7.984933287188685780e-01 7.788450084402870344e-01 8.225542005970561954e-01 7.794111666193190846e-01 8.093161830580338778e-01 8.434401609689432533e-01 8.418373874525973966e-01 8.264123542408254863e-01 8.612201586386439844e-01 8.565491148610557826e-01 8.166182054968382786e-01 8.631299388200398548e-01 8.444891402175720430e-01 8.611735906811718300e-01 8.598762398700073861e-01 8.645214476739604414e-01 8.494232089769759853e-01 8.116364497366704844e-01 8.448635811657684291e-01 8.065977971849044303e-01 8.404969941513551479e-01 8.656403653607170900e-01 8.602857155643706122e-01 8.678453751522332560e-01 8.266716542389516142e-01 8.626567072235766798e-01 8.543989644042268017e-01 8.593218974215093287e-01 8.508831058550213600e-01 8.493998459792245770e-01 8.411778612011702183e-01 8.400251758374358557e-01 8.500618072063927944e-01 8.451132967767168713e-01 8.682924258246798033e-01 8.687699789413272367e-01 8.667854112890037710e-01 8.130831687302958466e-01 8.549280038006638049e-01 8.675846667028747072e-01 8.350917517240781240e-01 8.503149737679838172e-01 8.740630823302181218e-01 8.701211750187745064e-01 8.710338791217677734e-01 8.684381990677639829e-01 8.670071481486821829e-01 8.618023921188501246e-01 8.684779104993632926e-01 8.707636418127955302e-01 8.634778611931492875e-01 8.700233122811689146e-01 8.577916301300393398e-01 8.501696856280759329e-01 8.592837072242470731e-01 8.703777247744688417e-01 8.704340112828389264e-01 8.714410814633749558e-01 8.662648415856698536e-01 8.701116511833053568e-01 8.687780880036541920e-01 8.708812457934335116e-01 8.687707416157153251e-01 8.708618402426355765e-01 8.493025205101517594e-01 8.395429402720486767e-01 8.620899769438209459e-01 8.645367186279468985e-01 8.575177485826179780e-01 8.618171820160482888e-01 8.618147103562956435e-01 8.679636091378482021e-01 8.581528136219742642e-01 8.562922221618857188e-01 8.659824253450115750e-01 8.729158946411841313e-01 8.740128892099483515e-01 8.697675162187570308e-01 8.675596190885508374e-01 8.677169577476460116e-01 8.650437431384802034e-01 8.603051009442246322e-01 8.679204573263336053e-01 8.593243040319512582e-01
3.206526036831738868e-02 1.521761513143571887e-01 3.599189310739648873e-01 6.422342804561435026e-01 4.731670055575054046e-01 5.972938273874236481e-01 7.971507519409639642e-01 7.548693935026282720e-01 7.935789002264926895e-01 7.459931289724387460e-01 8.271423025476433155e-01 1.000000000000000000e+00 7.863756191484728708e-01 8.226421918403439282e-01 9.024655387759221714e-01 8.885484532586040984e-01 8.385559967219348154e-01 7.995611387030260309e-01 8.219128663756862796e-01 6.652035266715654593e-01 8.197988062869629999e-01 8.496115171306568570e-01 8.063443709121795866e-01 7.370168871506393993e-01 8.152450990617049476e-01 8.519927731103748014e-01 8.504921694042010261e-01 8.349197536784196405e-01 8.301003384694470855e-01 8.509387058997703868e-01 9.149672604218473948e-01 9.130567663386288668e-01 8.638378844028452574e-01 8.633520489317577651e-01 8.910510408169721730e-01 8.473089071365111913e-01 8.952132651650139827e-01 9.122379111669696172e-01 9.260064132874951115e-01 8.938469011106981998e-01 9.156705527070030382e-01 9.144051366456941166e-01 9.004030472189759049e-01 9.350414224001988295e-01 9.286740825062347326e-01 9.255908103139728338e-01 9.224955034452914093e-01 9.232901034039981969e-01 9.242306623874333438e-01 9.019847004914679500e-01 9.252363685282830597e-01 8.972663287795701326e-01 9.215691335586639887e-01 9.192889789500984232e-01 9.192833146906824737e-01 9.182738132180561230e-01 9.117665515986848046e-01 9.177144389737869057e-01 9.284290166419890689e-01 9.241456518454219671e-01 9.266224570278158712e-01 9.236859570194595470e-01 9.198424666966231733e-01 9.212703663948128563e-01 9.216296967606220081e-01 9.153987168543512576e-01 9.261738461869017947e-01 9.215025837559400745e-01 9.304536892598118669e-01 9.049727405517845602e-01 9.406887183202145009e-01 9.287910517977729929e-01 9.074294510860322349e-01 9.225394290185557900e-01 9.213834244639952376e-01 9.250222934259715313e-01 9.195883397084101407e-01 9.207378624246307375e-01 9.237904970198881349e-01 9.264324399365178042e-01 9.356450001480344225e-01 9.344161490328309894e-01 9.326499739769451569e-01 9.307592991044538744e-01 9.305953827158619518e-01 9.200231780629086753e-01 9.280117072194213890e-01 9.327203285695963020e-01 9.347353318290041457e-01 9.281516963199417658e-01 9.257964043726258918e-01 9.270464251491270513e-01 9.359844583042814525e-01 9.328159075643502884e-01 9.266159955328568953e-01 9.272720134494295552e-01 9.249027993743613729e-01 9.179529365333083391e-01 9.288142232893450423e-01 9.328069887205207023e-01 9.297253219541595781e-01 9.300719958630512263e-01 9.304906776436543403e-01 9.318901766022751332e-01 9.273025330673021482e-01 9.240765036142782884e-01 9.324568828568245982e-01 9.226835517254960983e-01 9.278766343420873364e-01 9.299629985418382816e-01 9.269298317841310197e-01 9.277023187473342203e-01 9.282033441943627894e-01 9.293315471375606096e-01 9.296972919902073418e-01 9.250377814278388788e-01
3.002086179398614010e-02 1.810345418034870202e-01 2.977181537685981150e-01 5.074474649387648029e-01 4.490116243865416856e-01 5.198195511373657762e-01 7.146148343150849902e-01 6.993622142289281918e-01 7.190100168374176093e-01 6.779559693686503241e-01 7.362045684482215746e-01 7.863756191484728708e-01 1.000000000000000000e+00 7.382329446197923861e-01 8.182641376907379138e-01 8.120614858483024001e-01 7.636347245968270192e-01 6.758911971858374557e-01 7.152343389620597902e-01 5.308813649314525485e-01 6.668616595256253721e-01 7.419269962528628470e-01 6.628782659822152201e-01 6.028241581120025172e-01 6.993582977396751721e-01 7.749864355099497226e-01 7.535745659744291780e-01 7.597908648446324298e-01 7.383403545344082719e-01 7.361034664041362641e-01 7.978331808150417315e-01 7.993014017787459791e-01 7.584874185001688751e-01 7.395467123744645654e-01 7.742234025874499270e-01 7.506741215425515312e-01 7.674487157559515271e-01 8.076691575277146207e-01 8.082786358088900336e-01 7.914095416220991996e-01 8.246566063937790236e-01 8.236416774573797062e-01 7.970509845438440433e-01 8.329577453488326011e-01 8.127797302214641029e-01 8.184991508901896529e-01 8.296527299327931537e-01 8.337412352106837732e-01 8.259361104589341140e-01 7.814323254509840666e-01 8.140315277537534255e-01 7.865601363862130269e-01 8.159886797276729720e-01 8.337827371471405735e-01 8.309521248953134487e-01 8.283824513305083626e-01 8.114429311307032044e-01 8.317672043034985974e-01 8.200255874483562968e-01 8.371450589213601523e-01 8.258645098066255130e-01 8.263965167573760207e-01 8.155862278606850202e-01 8.234752232389406235e-01 8.248955461796545485e-01 8.251483929642423609e-01 8.361596620807287827e-01 8.275271546119529198e-01 8.234755971287615051e-01 7.843055448555411591e-01 8.242423202511532931e-01 8.307579323620013501e-01 7.983733365408971494e-01 8.106166911915091422e-01 8.354951746649209587e-01 8.306448924672218403e-01 8.302368668552968511e-01 8.248263650133181857e-01 8.267777419246606918e-01 8.227440022451246726e-01 8.263203431620574912e-01 8.310637436281397283e-01 8.346529638854160993e-01 8.304415175391935966e-01 8.219849507692646995e-01 8.159022866643568239e-01 8.220060773924877662e-01 8.345873795127047856e-01 8.323739611784647385e-01 8.340478251901797258e-01 8.305905461585079141e-01 8.355089905288579644e-01 8.348961323083831099e-01 8.344390499088331081e-01 8.352418888957444665e-01 8.374898853606922433e-01 8.176892968804414519e-01 8.189504210315653454e-01 8.301369217857448302e-01 8.320310895192803979e-01 8.299442655611931619e-01 8.295043431701054626e-01 8.323086338721634725e-01 8.380874976470532589e-01 8.294597342865693834e-01 8.291512539872852861e-01 8.356732952195088382e-01 8.378575542324082637e-01 8.376639049459281283e-01 8.364097031431386720e-01 8.331077084662528165e-01 8.387945492858850383e-01 8.348331307161387382e-01 8.339481682508205207e-01 8.362183951801837045e-01 8.330500165719866290e-01
