1.000000000000000000e+00 8.916459660443704083e-02 2.678831538830782621e-01 1.910958073363415166e-01 -3.236154019272105380e-03 -9.724953551217413450e-02 1.707488806594298636e-01 7.163997156593809867e-02 2.883897411139683120e-01 1.182765208506910415e-01 1.672247704252999845e-01 9.665163725508368886e-02 -9.651213668374904533e-03 1.232785466350031119e-02 8.326566080554542726e-02 7.990972945821400719e-02 2.774244634159996892e-01 3.312177736790303251e-01 3.337440766777924894e-01 3.591058303584334643e-01 2.671248791423772584e-01 2.611260286105125394e-01 3.537076143670889739e-01 2.642049963512929089e-01 2.552368085599280856e-01 2.627161311196058446e-01 2.426110998811942809e-01 2.171798631966689874e-01 2.422271574406255623e-01 1.939591746743791756e-01 1.569567195570351070e-01 2.456918110679284784e-01 2.501693839488216553e-01 2.126813456156147752e-01 2.138125497258462626e-01 1.396658563806779663e-01 1.945646623997940305e-01 1.491741947476286634e-01 1.004949316189334974e-01 1.972084392824612342e-01 7.953817777718996673e-02 5.988727986600514419e-02 7.185965363229049330e-02 5.292720289260674504e-02 1.471972746481784999e-01 7.772937706290643234e-02 4.154983283419998175e-02 5.963388979981345400e-02 6.072371201362439241e-02 1.382121977949223868e-01 1.106875061175910113e-01 1.313862189116789536e-01 8.824463754135924987e-02 1.312708052904496270e-01 1.689927926880839260e-01 1.869435878218488056e-01 1.950508274111719398e-01 7.705973569002169676e-02 8.484383268700432246e-02 6.344658062027190570e-02 5.814574763820487546e-02 6.798049791898334859e-02 7.792725128313450489e-02 7.735922112212617607e-02 1.156642304633534457e-01 1.428336094642923826e-01 5.340656524108566838e-02 1.219616772086785511e-01 1.313754748676745909e-01 1.665903337147054131e-01 9.686367922574537492e-02 1.017708099344310918e-01 1.258468156856467624e-01 1.110896456866287824e-01 7.499534344275544939e-02 6.136981616098740461e-02 5.351292788034938547e-02 7.324175348754181913e-02 7.213919644945999965e-02 7.070342078767859195e-02 9.542565340238982896e-02 6.367870700075738133e-02 1.001494003013520956e-01 7.927367764633953817e-02 9.662416871824670850e-02 9.024540321827691225e-02 9.176795797704276336e-02 5.626587885544778733e-02 5.377395554748152368e-02 7.713076871841602344e-02 6.210342965861815473e-02 3.060643688171084745e-02 5.704110468901244652e-02 3.174099367987918280e-02 2.025429906378967831e-02 3.322287063421555664e-02 8.067744155177565546e-02 1.216799906048882246e-01 5.714652583362510307e-02 5.691271306087523213e-02 3.957902355964932478e-02 3.679367130968955180e-02 4.589601022444076556e-02 2.256581051919676062e-02 7.627217485166060129e-02 8.413106976783461810e-02 3.187184644762141444e-02 2.874941298050523800e-02 6.124882875468763699e-02 2.990041216780723807e-02 2.723504667933776546e-02 2.626646430976536592e-02 3.038732534843690408e-02 3.724151020387383298e-02 7.950313450048007713e-02 7.008447886070591493e-02
8.916459660443704083e-02 1.000000000000000000e+00 1.100825541955356979e-01 1.265036594328562414e-01 1.191595918763426187e-01 9.421214806841958500e-02 2.094831441450507592e-01 1.822249493563981859e-01 1.971128706571208256e-01 1.873029979072039775e-01 1.779862295490045321e-01 1.835214240931458962e-01 1.671707903601953316e-01 1.161833734831151099e-01 1.696236242266162264e-01 1.767063842317588840e-01 1.596512367652163644e-01 1.778230832746278689e-01 1.626921470977588657e-01 1.925242514274621841e-01 1.839201529724186213e-01 1.641149932338512585e-01 1.873913648649646324e-01 1.639841487329665726e-01 1.686779421387477051e-01 1.970442988875748536e-01 1.887468737690793930e-01 1.773366737827667683e-01 1.931011905263578798e-01 1.801482710159070799e-01 1.881493521854235573e-01 2.017001202224742440e-01 1.776634871443161789e-01 1.751439209516002793e-01 2.041420776346410393e-01 1.558877485416528819e-01 1.971255539041797678e-01 1.787877387359466108e-01 1.802595854780548457e-01 1.576248828986898387e-01 1.634702140178136975e-01 1.622978559619744632e-01 1.501961470177684832e-01 1.750062164301499357e-01 1.705092881225724055e-01 1.797223630866323640e-01 1.576135913317010251e-01 1.776102934575551351e-01 1.756059897624020483e-01 1.749523164824566823e-01 1.778975128972647979e-01 1.483632969922723810e-01 1.612141535777383561e-01 1.798074072100435683e-01 1.898107076538679272e-01 1.865415686468118450e-01 1.842928304483419100e-01 1.625688589319333466e-01 1.731809488130254260e-01 1.796268233647515811e-01 1.722310007319779734e-01 1.783254715061819429e-01 1.826900670940026783e-01 1.757666849906182327e-01 1.709993444475315927e-01 1.830815794823505704e-01 1.720777341979258246e-01 1.760962743147003462e-01 1.870851269256683103e-01 1.910088106810991226e-01 1.695088349939085359e-01 1.637879210056176205e-01 1.739569842943261280e-01 1.755385996374416169e-01 1.827846325423460594e-01 1.737640950624111669e-01 1.850125606099162490e-01 1.906831448424915199e-01 1.781741494011206128e-01 1.819167564707694917e-01 1.857815400395340100e-01 1.705940054389659122e-01 1.824057515141991048e-01 1.881978420157946197e-01 1.729349012470186020e-01 1.717258860879694315e-01 1.777742713495430449e-01 1.712656628033201178e-01 1.688591092664596394e-01 1.733585458319132910e-01 1.762814846260399582e-01 1.686431396930090365e-01 1.594298812642030161e-01 1.670609484149310209e-01 1.669019093094351591e-01 1.674367235531528664e-01 1.573669803597420314e-01 1.844230077162136716e-01 1.797761822994692615e-01 1.708227706347292263e-01 1.626038708029555191e-01 1.703066299977759879e-01 1.601567965459383402e-01 1.640733900717474270e-01 1.632532938576696513e-01 1.800711083030030191e-01 1.685732239420508483e-01 1.730356965225249011e-01 1.750103828993844202e-01 1.716404942521626564e-01 1.665315028659839769e-01 1.692969180842167354e-01 1.698388661910285036e-01 1.715324203669745529e-01 1.622383861183312181e-01 1.674886236005269369e-01
2.678831538830782621e-01 1.100825541955356979e-01 1.000000000000000000e+00 3.998674324623119891e-01 1.942807361443706915e-01 1.731759277648352302e-01 3.960013047927556373e-01 3.179198583869208838e-01 4.482583998303031891e-01 3.521637182044705106e-01 4.305952644457928802e-01 4.023863423799782235e-01 2.719495291144065074e-01 2.947869517750537072e-01 4.006206843371881154e-01 3.849734028509598782e-01 4.620171974070893528e-01 5.032813689279291847e-01 5.108317216737144895e-01 4.359739981306252066e-01 4.853374348145010897e-01 4.911191313688194615e-01 5.135607631059382339e-01 4.872101753349307729e-01 4.866863152983064711e-01 4.826100665676231194e-01 4.743350044830590972e-01 4.589513710989779338e-01 4.650170542543742846e-01 4.599365822603403431e-01 4.555082905390587800e-01 4.767212864999474942e-01 4.388209934903739007e-01 4.674513486176901100e-01 4.447697180534738726e-01 4.309749184149864742e-01 4.457936046592803070e-01 4.148552397644563738e-01 4.107334016597589121e-01 4.405614623502503990e-01 4.022178376066101735e-01 3.831401302893518435e-01 4.011586418797186138e-01 3.817079653964695618e-01 4.470280418615669160e-01 3.919411613595184529e-01 3.733110330871520777e-01 3.859338986802478000e-01 3.774472459922734169e-01 4.096663552737057623e-01 4.110805977919305132e-01 4.247063447912128309e-01 3.957908517270988802e-01 4.184382948078991249e-01 4.235165401529472629e-01 4.417610069933211592e-01 4.366938156656654524e-01 3.909285722005988450e-01 3.913888231545478158e-01 3.922894946205350286e-01 3.830377313681388451e-01 3.890146814093782823e-01 3.864014060909288228e-01 3.980973886246240712e-01 4.284599584425337060e-01 4.260554875282757670e-01 3.851704545352120923e-01 4.409825831697736231e-01 4.377576775790409380e-01 4.564820185852574430e-01 4.311746216146185029e-01 4.295399899098910623e-01 4.397930028123600565e-01 4.385616476552962051e-01 4.012005752333551167e-01 3.897985055988897884e-01 3.906429355925574720e-01 4.043978315300999493e-01 4.048343145055950387e-01 4.043754577119330063e-01 4.183403685849482745e-01 4.025519877588761286e-01 4.173941303810182468e-01 4.025944814071038547e-01 4.075110493839113057e-01 4.150635404255679783e-01 4.167790715225583864e-01 3.852210117474608175e-01 3.846504796527668302e-01 4.020654711401439596e-01 3.953279829169594750e-01 3.716397036726625802e-01 3.894453130703222632e-01 3.749973968445425299e-01 3.582824730286605641e-01 3.690990846842256978e-01 3.905395853059989708e-01 4.030809895228554818e-01 3.818616955931879442e-01 3.849692460394394944e-01 3.805335118816547402e-01 3.719697891815215152e-01 3.734493130882001188e-01 3.646982829105302470e-01 3.994089547313859900e-01 3.939490387401994864e-01 3.652493207242409889e-01 3.654280224967074719e-01 3.841417417916030974e-01 3.674011221697696117e-01 3.693635988885859422e-01 3.679582169378068923e-01 3.697194710999898160e-01 3.765858197095410254e-01 4.008250540757959390e-01 3.871178968999967607e-01
1.910958073363415166e-01 1.265036594328562414e-01 3.998674324623119891e-01 1.000000000000000000e+00 3.012813119525121763e-01 2.871656217712814096e-01 6.416437257802555250e-01 5.729393211852521484e-01 5.848176386202649235e-01 4.920408188591880450e-01 6.010418775255368384e-01 6.453314901418732985e-01 4.738341040700588258e-01 4.334359674614278179e-01 6.268075617416886125e-01 5.878112112069490136e-01 5.821375226598709540e-01 4.922892451801986202e-01 5.244062301323691999e-01 5.211903647914766236e-01 4.722280084283370649e-01 5.507651323780672348e-01 5.626684064935938423e-01 4.912188444558118761e-01 5.263921477009138039e-01 6.439872913958377687e-01 6.469927542453951519e-01 6.348566208564616620e-01 6.064480163672881785e-01 6.034771277745775153e-01 6.126807154485520712e-01 6.193567734878311359e-01 5.811609591024488042e-01 5.779061018499282998e-01 5.720742151874497194e-01 5.768695653569578807e-01 5.918946535109121942e-01 5.957822218458289631e-01 5.782124685531789821e-01 6.070775365399806445e-01 5.753378246605255208e-01 5.714608632325884896e-01 5.812219054194125434e-01 5.824874209189411234e-01 6.048048171519289085e-01 5.566756130178307505e-01 5.399338786936177526e-01 5.454204987413904249e-01 5.386664876755313802e-01 5.936294436906641714e-01 5.859150484569312090e-01 6.205831945670507999e-01 5.746449777365745248e-01 5.793388975729689694e-01 5.768236598672525917e-01 5.810956016678950897e-01 6.182916668663983595e-01 5.604492056670710154e-01 5.420347672607186418e-01 5.688826394889819893e-01 5.708444979762504756e-01 5.483565138999307864e-01 5.639325115417689327e-01 5.732077950659155707e-01 5.819643518691528516e-01 5.968646691969770046e-01 5.393698137934316295e-01 5.550205854196559319e-01 5.789824278860157269e-01 5.802450934602227939e-01 5.372091007712022082e-01 5.451125427705852955e-01 5.543605867463408110e-01 5.379843739392495827e-01 5.749104649821814572e-01 5.647765168609095721e-01 5.713325686627330757e-01 5.716077637445220461e-01 5.779387753606951561e-01 5.578364242620396096e-01 5.662646794342448553e-01 5.534508685092983660e-01 5.690812470404682522e-01 5.520376381697928991e-01 5.713247076199766683e-01 5.513572939491997449e-01 5.593619848504779446e-01 5.654100859783117716e-01 5.497693814020848668e-01 5.735046456192343101e-01 5.800005060711724836e-01 5.486804925397107402e-01 5.655554392862947033e-01 5.510007876869106314e-01 5.276349538435037845e-01 5.300430801392825853e-01 5.821309339369238334e-01 5.878698027902053980e-01 5.571746899656192520e-01 5.618166743460105694e-01 5.594717439119072377e-01 5.567265371673605356e-01 5.564032246055307107e-01 5.461450580288904622e-01 5.716902178881336782e-01 5.840455403936700707e-01 5.328964384496115425e-01 5.309881548693752285e-01 5.534750637214077562e-01 5.392178893016006391e-01 5.431857117512227662e-01 5.403633511854524230e-01 5.391868950690864581e-01 5.456506545053197987e-01 5.590270655365811026e-01 5.635995724685755048e-01
-3.236154019272105380e-03 1.191595918763426187e-01 1.942807361443706915e-01 3.012813119525121763e-01 1.000000000000000000e+00 3.416558626628785622e-01 4.299806745410897912e-01 4.569769973002001384e-01 4.400015763431329163e-01 4.212762392762038344e-01 4.568818527392483064e-01 4.903712804294996230e-01 4.679148526605854674e-01 4.200498705539886246e-01 4.967877818055032590e-01 5.014291550555598498e-01 4.035613205216548316e-01 3.161058282784488527e-01 3.289735848519356187e-01 3.259045557213374189e-01 3.312046922043405117e-01 3.648438074645399265e-01 3.846597548458896010e-01 3.495061376151945565e-01 3.662687575569121279e-01 4.507810169181221127e-01 4.523050156249328047e-01 4.517613071532102231e-01 4.273178272299705260e-01 4.782674926291025086e-01 4.907874869706855825e-01 4.541488612595942498e-01 4.117805404116715584e-01 4.413350420414071107e-01 4.369396183714691628e-01 4.483262683955762107e-01 4.806893691192505869e-01 4.656296307959695846e-01 4.889478474689626375e-01 4.538791997438111347e-01 4.988196333626945256e-01 4.969243750869640763e-01 4.821396443057524572e-01 5.097634504249105580e-01 4.821052179327652287e-01 5.085345119528787983e-01 5.007683172959421780e-01 4.994123037943947740e-01 4.982970207416641539e-01 4.665052979127194410e-01 4.826608006978861942e-01 4.847661805448738592e-01 4.984364159102098180e-01 4.985200864871798254e-01 4.913368371161096482e-01 4.849148655973843924e-01 4.832631941317337421e-01 4.990095268320505761e-01 4.940442116477408718e-01 5.151770386767144938e-01 5.067388137503793244e-01 5.054230769587181316e-01 5.033932433783562255e-01 5.048723771492967805e-01 5.019916655915012127e-01 5.033126835925908482e-01 4.988902913658534999e-01 4.823971994831487420e-01 4.970379766719290604e-01 4.870464881580578997e-01 4.801094562677326039e-01 4.866576155386657110e-01 4.883917974546518326e-01 4.739546197351137136e-01 5.091848914083630939e-01 5.128058945364206700e-01 5.085862782947475624e-01 5.001138494249883770e-01 5.058711060237358614e-01 5.095457660054477644e-01 5.048414703503326662e-01 5.091073887898249772e-01 5.007053954506007765e-01 5.060006148283713312e-01 4.980107493011302067e-01 4.993714324768148694e-01 5.040611308064050222e-01 5.039988627374326624e-01 5.050828027084766081e-01 5.069680029751039152e-01 5.056954709393154390e-01 5.082656850331992437e-01 5.047396201328935295e-01 5.074316520436495948e-01 5.070266702291137406e-01 5.065932231319367762e-01 4.938994408589315599e-01 4.988509963937631242e-01 5.110183975003640411e-01 5.031805858394088338e-01 5.079621342463437328e-01 5.099635840823614208e-01 5.080240418537824709e-01 5.080020036341785783e-01 5.041913190716413862e-01 5.078847852144590114e-01 5.054271906491550892e-01 5.126987354361720595e-01 5.075805954784438079e-01 5.091562670528887447e-01 5.062692800800826509e-01 5.105885127031764004e-01 5.070126511884117670e-01 5.087995066364029428e-01 5.029217718576449725e-01 5.105180257019715784e-01
-9.724953551217413450e-02 9.421214806841958500e-02 1.731759277648352302e-01 2.871656217712814096e-01 3.416558626628785622e-01 1.000000000000000000e+00 4.291691414241844416e-01 4.640863659769077221e-01 4.290443969927656975e-01 4.639851477071564867e-01 4.829738252324438097e-01 5.253478277013309272e-01 5.249060035717313388e-01 4.528347518123503335e-01 5.304271191757167214e-01 5.164207048887795581e-01 3.927431406917724077e-01 2.882069052628357109e-01 3.164445960924127665e-01 2.589884209996782261e-01 3.541518288770144629e-01 3.771047382995611486e-01 3.196948853428603909e-01 3.354313976588967350e-01 3.698821518879985559e-01 4.361720317465452301e-01 4.308744678967505459e-01 4.409363678411931664e-01 4.099329885487592029e-01 4.810413498267071541e-01 5.067686352768673297e-01 4.470965477284563061e-01 3.985064693288069559e-01 4.336680876708517429e-01 4.491174465683355765e-01 4.745043751621620953e-01 4.720323510265282962e-01 5.040817267647957900e-01 5.299088144180235105e-01 4.653550667891891424e-01 5.530215688429547249e-01 5.538382742955125781e-01 5.303818991648041603e-01 5.608007116074050780e-01 5.052994520618230290e-01 5.560435508571001106e-01 5.661990801003158325e-01 5.613616995203807303e-01 5.611024943309117496e-01 5.032654711723710816e-01 5.314575546434118225e-01 5.095977945439508217e-01 5.458767761003551211e-01 5.328083365764524348e-01 5.110183023026292348e-01 4.978901224734183506e-01 5.030642204891603297e-01 5.554904402936323704e-01 5.526911358452253342e-01 5.671021958987643163e-01 5.662914912920040678e-01 5.624083970040751890e-01 5.543175963853173016e-01 5.549065849398571171e-01 5.364793410769232995e-01 5.357142450512440979e-01 5.640212597585788634e-01 5.312482403175482482e-01 5.269108566089751866e-01 5.156299970135108657e-01 5.433786964737907788e-01 5.401396994692633236e-01 5.191934390754558981e-01 5.291228122992125416e-01 5.590631648734274428e-01 5.636881014290865410e-01 5.630708879524785049e-01 5.473782051199301835e-01 5.513851554749572559e-01 5.580563669618038292e-01 5.476995417017938017e-01 5.627577874577861516e-01 5.455028662974465981e-01 5.536862765744288151e-01 5.360716674927684666e-01 5.420159866340923394e-01 5.478845455622076699e-01 5.615925212158503488e-01 5.629744908236601342e-01 5.568576012764707706e-01 5.539946293100042052e-01 5.734971798689427747e-01 5.596836690936271008e-01 5.746196166402848249e-01 5.766839526880610522e-01 5.736822084819740430e-01 5.417602549447030347e-01 5.349912203340662087e-01 5.651921680882384669e-01 5.606531427922279986e-01 5.644752009106909219e-01 5.733782061040484379e-01 5.683601751442730610e-01 5.770679258680939672e-01 5.554030622854653210e-01 5.527871915205431197e-01 5.733332181251442616e-01 5.749344586280197289e-01 5.636151793154012823e-01 5.773347447060784843e-01 5.743543055033113465e-01 5.783897817645441419e-01 5.740993756787307056e-01 5.707920330159285127e-01 5.569111226594158914e-01 5.606947484300468521e-01
1.707488806594298636e-01 2.094831441450507592e-01 3.960013047927556373e-01 6.416437257802555250e-01 4.299806745410897912e-01 4.291691414241844416e-01 1.000000000000000000e+00 7.489489897639767246e-01 7.667248140017325353e-01 6.807770664251178161e-01 7.689893295438413601e-01 8.027347365671148038e-01 6.585862527778700848e-01 6.050080317065666957e-01 8.340757214029244082e-01 7.877734119656049083e-01 7.445968749820655042e-01 6.619274390789154916e-01 6.976956092356901840e-01 6.407138232434609337e-01 6.580013896723386768e-01 7.221930127070718131e-01 7.425636325493313317e-01 6.755706557241532018e-01 7.218770826678035935e-01 8.220381823510979347e-01 8.114255046488775269e-01 8.176497321421926090e-01 7.988309452267492450e-01 8.046080521666745256e-01 7.990657543872514701e-01 8.342219985202541377e-01 7.828832713935384158e-01 7.906877250255881506e-01 7.934890993684113880e-01 7.926162662685426463e-01 7.923134094566628427e-01 8.230636700516005266e-01 8.120587102678056279e-01 8.145652440978129460e-01 7.874001040622754521e-01 7.905445277419022032e-01 8.020635617056699473e-01 8.080770497942117991e-01 8.097656899548483223e-01 7.922340089687213149e-01 7.530124586620439153e-01 7.670788979198226443e-01 7.660517727401447985e-01 8.213018196873080878e-01 8.135101109521696294e-01 8.123997758157892601e-01 7.853603281137302439e-01 7.932019661341606076e-01 7.997164810251897737e-01 8.087355853494675451e-01 8.124759627214267477e-01 7.710310546400406251e-01 7.752569647591935897e-01 7.851718943882318724e-01 7.875267984019567180e-01 7.740203672290137948e-01 7.926733391427532860e-01 7.928050824702340682e-01 7.859188340794401872e-01 8.017774843037891452e-01 7.732821104918679023e-01 7.841584617753739606e-01 8.083495489239960197e-01 7.953606033882245629e-01 7.594472500942939241e-01 7.674996184648783526e-01 7.817649118631746497e-01 7.684013797879575280e-01 7.974903658245107163e-01 7.827846331346580699e-01 8.027201170521481854e-01 8.005246907114305088e-01 8.049302009582685047e-01 7.805350803077112376e-01 7.925583700142495580e-01 7.654577690978233706e-01 8.004529489783370755e-01 7.882301382962492164e-01 7.980209298633239579e-01 7.842513771267691780e-01 7.831637937478130862e-01 7.950485147977800482e-01 7.752851032344062476e-01 7.955676338650035095e-01 8.105798273330665493e-01 7.755801705568502458e-01 7.794001289373164720e-01 7.754410050271299815e-01 7.527397804424363903e-01 7.542991153927084413e-01 7.880783386152155900e-01 7.951678254539438218e-01 7.805080775495235601e-01 7.871436793123323117e-01 7.806417814914247133e-01 7.792665136834341366e-01 7.684041291530960827e-01 7.666741369439514786e-01 7.883326534381400741e-01 7.900587208046460086e-01 7.574943612599264187e-01 7.670331144938490331e-01 7.792346582892140106e-01 7.690314422621806756e-01 7.693970990165212021e-01 7.623848003111156624e-01 7.612071895961426415e-01 7.696507406689261366e-01 7.729087146598871971e-01 7.738778616294407220e-01
7.163997156593809867e-02 1.822249493563981859e-01 3.179198583869208838e-01 5.729393211852521484e-01 4.569769973002001384e-01 4.640863659769077221e-01 7.489489897639767246e-01 1.000000000000000000e+00 7.130350406016920939e-01 6.798509059597537263e-01 7.431617198050872730e-01 7.894264579990794006e-01 7.066497227301470341e-01 6.318277650525850886e-01 8.080507447746939631e-01 7.959972654685707472e-01 7.019887027263028711e-01 5.801589528161114062e-01 6.242585252189658540e-01 5.442094649021307351e-01 6.071000763614295970e-01 6.743323226830096884e-01 6.552835106401663223e-01 6.178334230899826807e-01 6.674350682112607513e-01 7.695501251575964652e-01 7.563802067062610490e-01 7.642339358182237419e-01 7.209991006082898668e-01 7.774722277887985422e-01 7.837196288820463819e-01 7.746897962393619608e-01 7.348080298066115290e-01 7.541250342963570219e-01 7.575514067689921305e-01 7.793743166955148238e-01 7.683176049171008826e-01 7.974121137241670931e-01 8.083413896569699997e-01 7.810442980544813896e-01 7.980641162932713417e-01 7.914226698813390248e-01 8.030097352546413658e-01 8.174765440529727645e-01 7.954277307969407351e-01 8.019754117770478974e-01 7.752760302497581080e-01 7.863632086013461198e-01 7.863486408296084251e-01 7.974136509464928579e-01 8.033649540377935105e-01 7.903506994264344332e-01 7.875173312646446266e-01 7.898948752172936238e-01 7.899901269114036895e-01 7.881221808095939529e-01 7.895639513038792412e-01 7.899189082152565655e-01 7.817294713442977105e-01 7.991500467720861201e-01 8.016002956097476595e-01 7.876539547221885762e-01 8.017841503424502081e-01 8.022417610568332025e-01 7.874494710531240171e-01 7.954468530985714381e-01 7.862694755224587384e-01 7.790896228611250418e-01 7.952442741141930727e-01 7.741277727854215529e-01 7.678251344784516874e-01 7.770378363119340159e-01 7.750119034695841513e-01 7.691346166304552368e-01 8.040291859004837782e-01 7.940141950972154916e-01 8.089928752416661872e-01 7.947055959639126588e-01 8.098643948434348649e-01 7.942825757388080055e-01 7.966880822476938295e-01 7.860533072754468664e-01 8.007656001231213683e-01 7.976346322619356499e-01 8.000859102724052763e-01 7.910270950580250426e-01 7.928133444914999828e-01 8.074005176453697974e-01 7.950220932377549676e-01 8.081416759631606661e-01 8.139508228834523296e-01 7.957075049599972028e-01 7.965361045979068022e-01 7.972030942673632437e-01 7.830268149347229256e-01 7.820438156277148556e-01 7.979978167331913674e-01 7.942093535398119242e-01 7.995498634474919042e-01 8.011756044796563003e-01 8.034680597418919490e-01 8.013418766240834046e-01 7.899671805777024325e-01 7.939657003502570420e-01 7.988258632503955070e-01 8.010715825395675616e-01 7.839947730568469497e-01 7.928627118683906350e-01 7.967157831817843761e-01 7.907701825601949341e-01 7.918126900429552917e-01 7.877773478435375898e-01 7.879314736121625362e-01 7.935957424797465132e-01 7.874808239941721855e-01 7.893722716309995446e-01
2.883897411139683120e-01 1.971128706571208256e-01 4.482583998303031891e-01 5.848176386202649235e-01 4.400015763431329163e-01 4.290443969927656975e-01 7.667248140017325353e-01 7.130350406016920939e-01 1.000000000000000000e+00 7.466909543915690728e-01 8.302848035681990035e-01 8.288876729935095167e-01 7.089945861778177427e-01 6.516467721863602458e-01 8.427910708123946826e-01 8.297774609724895001e-01 8.258251640582877640e-01 7.337675679320682098e-01 7.614768034963036447e-01 6.988067120296412860e-01 7.391097128325518906e-01 7.765492764094735767e-01 8.008707293993211351e-01 7.415879820606938733e-01 7.713646495533249547e-01 8.705750860070543551e-01 8.595626548348969109e-01 8.441153366230451649e-01 8.266215575048823094e-01 8.653117173861194500e-01 8.597983492636220859e-01 8.829413524936761126e-01 8.135276906998375468e-01 8.414114742651509493e-01 8.462724418216853728e-01 8.251515321073804587e-01 8.598658246003476613e-01 8.541016774358403119e-01 8.523895946567300319e-01 8.467748233689440518e-01 8.485393909800708068e-01 8.360589326411331790e-01 8.294322278008859906e-01 8.435326633163803267e-01 8.618559984202799340e-01 8.462086582332271067e-01 8.330952698025116954e-01 8.505267229664785766e-01 8.435928287828140526e-01 8.493163902723716019e-01 8.574639932535574882e-01 8.390684932998282441e-01 8.460055913668834693e-01 8.767638332869667206e-01 8.796715599006383890e-01 8.802859674494829534e-01 8.861801186418555298e-01 8.476041048585756243e-01 8.551299903058566798e-01 8.515930440264427581e-01 8.466597862932763174e-01 8.532504437554775389e-01 8.545967668988816435e-01 8.571223426376008980e-01 8.663775394865054214e-01 8.802277797220291466e-01 8.447473174986637190e-01 8.649877969402022249e-01 8.767370437757964208e-01 8.802089865846417505e-01 8.471686765633745786e-01 8.555708589357731153e-01 8.615709852776560762e-01 8.489195810232780248e-01 8.605247585594418824e-01 8.466374719236225976e-01 8.476516163246677893e-01 8.523429489604301690e-01 8.561043873392750747e-01 8.552435679058953966e-01 8.629157673003821083e-01 8.463195866632932107e-01 8.668521395373214311e-01 8.546660927172087252e-01 8.604158354880057091e-01 8.572614599913566114e-01 8.584767609607408811e-01 8.478543873616170012e-01 8.438076402132717035e-01 8.567885354538443687e-01 8.464218544937416322e-01 8.347452715342403851e-01 8.450632436749671017e-01 8.353501598123290739e-01 8.280493550347119980e-01 8.332066863867015893e-01 8.447879435303610185e-01 8.691103021873757273e-01 8.484224517056160320e-01 8.470975320741412906e-01 8.355520393058287754e-01 8.406706084439594662e-01 8.382419800888020189e-01 8.305777633507845925e-01 8.541274216959202636e-01 8.596376496900691722e-01 8.344476091877688351e-01 8.342419454591896155e-01 8.495005334630346683e-01 8.358769247147609383e-01 8.334877048348987572e-01 8.346277376725236286e-01 8.351776640215704539e-01 8.399659387600530991e-01 8.538069243312388368e-01 8.509462796093341108e-01
1.182765208506910415e-01 1.873029979072039775e-01 3.521637182044705106e-01 4.920408188591880450e-01 4.212762392762038344e-01 4.639851477071564867e-01 6.807770664251178161e-01 6.798509059597537263e-01 7.466909543915690728e-01 1.000000000000000000e+00 7.583229864558294064e-01 7.859248298075957040e-01 7.202585385922855021e-01 6.711975475354222676e-01 7.999344366203574586e-01 8.005895919591823340e-01 7.168336546252354058e-01 5.980484552879808957e-01 6.280326867278788194e-01 5.521193568494492387e-01 6.352283283978563677e-01 6.688505477467575622e-01 6.711043806773028253e-01 6.271490948765796603e-01 6.593694171569793872e-01 7.700715510387433627e-01 7.605312252181247734e-01 7.675178637685718952e-01 7.350279375625385914e-01 8.001737679405063197e-01 8.038556296446454086e-01 7.821968164262204093e-01 7.360935315690823044e-01 7.573811684519827780e-01 7.731971877037814300e-01 7.606395147488105302e-01 7.884206261353873257e-01 7.936981517938249686e-01 8.176638958112421030e-01 7.801452600030865936e-01 8.196554096573037684e-01 8.102808843241975367e-01 8.020716957001211567e-01 8.144148346030576358e-01 8.043842346830946122e-01 8.229429538407089240e-01 8.198156821819035933e-01 8.269512815858932608e-01 8.206104579718713765e-01 7.796117236713203669e-01 8.033766182854641391e-01 7.709414478501269707e-01 8.060806000193800891e-01 8.305558794384582111e-01 8.217850425219727084e-01 8.172101155356724655e-01 8.074458124350606392e-01 8.233750205288740132e-01 8.209198187008832637e-01 8.265887659484525418e-01 8.203560836354313324e-01 8.298964792279375224e-01 8.243117487677064092e-01 8.216576040640057865e-01 8.152807161250388290e-01 8.215281857154840273e-01 8.239265296858048204e-01 8.154360901402679662e-01 8.236465836304215360e-01 8.090244682607630189e-01 8.082886554163527526e-01 8.156736249405847072e-01 8.067766116334524895e-01 7.984028073900238942e-01 8.274995367578913408e-01 8.223727525993705934e-01 8.234307732398313817e-01 8.252026863737957907e-01 8.251673254204991981e-01 8.334472957063845389e-01 8.279139519465060770e-01 8.276309774373542538e-01 8.252353877204525734e-01 8.316441908988047027e-01 8.215614339230020713e-01 8.215897342286391236e-01 8.271424552881534442e-01 8.270693040076444458e-01 8.274277773121578861e-01 8.249568726251613748e-01 8.210018824302206530e-01 8.216978933245070449e-01 8.226902883962656787e-01 8.238073499420063284e-01 8.198619197518579593e-01 8.231619645003352970e-01 8.123639047448558692e-01 8.137760167923906440e-01 8.251862441596398146e-01 8.220624401876809317e-01 8.212738621726541899e-01 8.232920392243605612e-01 8.181288552392435021e-01 8.200204465173260848e-01 8.208226917945637968e-01 8.258982590425502091e-01 8.213809850076931873e-01 8.224796470385867808e-01 8.296864710149810529e-01 8.203376327371905141e-01 8.231628994204824856e-01 8.208757511581934452e-01 8.252350485146950909e-01 8.232286182222752213e-01 8.179532169186626289e-01 8.250384641168974076e-01
1.672247704252999845e-01 1.779862295490045321e-01 4.305952644457928802e-01 6.010418775255368384e-01 4.568818527392483064e-01 4.829738252324438097e-01 7.689893295438413601e-01 7.431617198050872730e-01 8.302848035681990035e-01 7.583229864558294064e-01 1.000000000000000000e+00 8.707854312508436223e-01 7.572866064628107630e-01 6.967733288776455369e-01 8.706207815758236768e-01 8.600966464611575768e-01 8.104520135209835052e-01 7.137451443425935071e-01 7.484803751957751494e-01 6.618390359643985255e-01 7.374379089081355421e-01 7.777628153289615209e-01 7.839984629547327444e-01 7.433769110443708694e-01 7.699343293222039586e-01 8.729179241372766462e-01 8.665210646021550556e-01 8.609389564604578160e-01 8.363709954538436353e-01 8.861212210610207585e-01 8.900423570744850910e-01 8.797445278997124696e-01 8.207582601778135034e-01 8.589231533184673584e-01 8.523594305935623394e-01 8.541986101116540997e-01 8.804630335139983499e-01 8.753214427461535330e-01 8.884473829883181573e-01 8.686034084509791642e-01 8.824258435762339925e-01 8.768905798589144984e-01 8.751696672301956248e-01 8.850056501102262496e-01 8.926126603140359661e-01 8.797950637937967944e-01 8.723935616725070341e-01 8.799886416236634146e-01 8.770195960698422555e-01 8.728879686149615402e-01 8.856796810063245484e-01 8.761221566801202787e-01 8.804335376001541924e-01 8.963972053109733329e-01 8.943508493782799107e-01 8.927766852395179198e-01 8.962607915984489582e-01 8.838538435571644536e-01 8.823874848103360202e-01 8.856780413480609404e-01 8.887830213698644233e-01 8.837839051683447078e-01 8.902124423127796282e-01 8.890295714425890949e-01 8.896785822384810638e-01 9.006028171006630334e-01 8.806564306701186728e-01 8.894602960109281309e-01 9.018038311212861480e-01 8.929557578120669303e-01 8.808067996708555114e-01 8.852949058629678847e-01 8.876604437844476392e-01 8.777949412567718213e-01 8.947218248847459421e-01 8.865190196416853352e-01 8.889975890618717624e-01 8.911853104352452926e-01 8.933944551176866700e-01 8.926342463321866871e-01 8.988880854062228920e-01 8.856998971159369960e-01 8.963902095508792245e-01 8.936996839446641472e-01 8.963255294747590751e-01 8.920750504244852053e-01 8.963326358073994138e-01 8.873258616422424749e-01 8.850216571842309810e-01 8.916356401505447504e-01 8.903969426414559685e-01 8.783157637575206289e-01 8.878574198094887349e-01 8.796742572302586050e-01 8.693758012996741780e-01 8.718774006114718977e-01 8.847621710840987141e-01 8.931853661053525961e-01 8.858620128490395373e-01 8.859785744444387268e-01 8.820986216595172458e-01 8.828611217689736890e-01 8.785491213147865741e-01 8.743997281767310614e-01 8.934289220822243527e-01 8.905650875768064134e-01 8.726416741590623527e-01 8.750626165147982194e-01 8.852925939575407854e-01 8.730936229134739213e-01 8.735279913986769840e-01 8.742976347758766309e-01 8.739606275171525329e-01 8.806543976758602899e-01 8.865377618897392065e-01 8.870458399408058803e-01
9.665163725508368886e-02 1.835214240931458962e-01 4.023863423799782235e-01 6.453314901418732985e-01 4.903712804294996230e-01 5.253478277013309272e-01 8.027347365671148038e-01 7.894264579990794006e-01 8.288876729935095167e-01 7.859248298075957040e-01 8.707854312508436223e-01 1.000000000000000000e+00 8.087464022468934255e-01 7.504549291669335709e-01 9.233652402073388998e-01 9.081370852643168012e-01 8.036118630949854458e-01 6.611906593244462060e-01 7.033515971105274156e-01 6.350111503678195213e-01 6.944196527014747655e-01 7.517561374880117331e-01 7.414987952739153787e-01 7.017726511069077855e-01 7.407005563512817359e-01 8.787979880477895245e-01 8.721681958871253526e-01 8.718046785479122152e-01 8.263244606809085901e-01 8.995724507612044007e-01 9.060186475912374027e-01 8.810814286152616193e-01 8.141889384281854047e-01 8.488344301031660599e-01 8.543993574883995690e-01 8.642632863783862307e-01 8.809547655294238666e-01 9.024047222116036160e-01 9.200380591646901696e-01 8.797303431093954629e-01 9.257842938541795963e-01 9.225963446161216108e-01 9.099627687723178537e-01 9.349406652249949712e-01 9.163213297775926192e-01 9.235336612704557746e-01 9.195399811554303415e-01 9.234271146750250292e-01 9.210844574099634752e-01 8.973989811294311725e-01 9.192623966406852087e-01 9.049632144676688084e-01 9.215011059036677388e-01 9.293461626876372561e-01 9.141980485258101030e-01 9.056249385901887772e-01 9.191849461539232102e-01 9.247788355502779556e-01 9.175549601610083483e-01 9.331884353671825449e-01 9.340253743310378276e-01 9.262263237032125618e-01 9.292232364760624197e-01 9.306099482284806435e-01 9.251702186677237538e-01 9.333067312788528858e-01 9.246572432510704598e-01 9.100227318905836915e-01 9.250022334082778075e-01 9.116831073539467534e-01 9.029936923891841438e-01 9.115996878580124863e-01 9.056063584531692801e-01 8.939143080259632779e-01 9.369694753340477300e-01 9.308813064082384070e-01 9.326847491139417246e-01 9.262071943266585450e-01 9.310864717814441027e-01 9.314615423816949846e-01 9.299491843954901249e-01 9.272266245285533115e-01 9.283331537152844648e-01 9.260386295605533835e-01 9.283917139810098362e-01 9.200394609893661757e-01 9.275488231483408619e-01 9.340419923219140941e-01 9.289006921450011500e-01 9.326885177745661837e-01 9.322025281255096330e-01 9.285477160234592020e-01 9.313290245282875857e-01 9.300724227235510622e-01 9.210014690069581178e-01 9.220561128786805005e-01 9.249735267580454501e-01 9.283756798747703209e-01 9.316054633199969404e-01 9.314231241462059829e-01 9.291669970297981029e-01 9.328979113009432389e-01 9.291904424445484034e-01 9.276404831755780123e-01 9.327040842321085989e-01 9.351754723151736171e-01 9.240485284299978508e-01 9.239542111872186547e-01 9.301119021861709024e-01 9.264837425716422326e-01 9.256958744237219205e-01 9.268428590657137311e-01 9.256869713762714280e-01 9.287718847091186447e-01 9.274931456911803540e-01 9.331057417121554343e-01
-9.651213668374904533e-03 1.671707903601953316e-01 2.719495291144065074e-01 4.738341040700588258e-01 4.679148526605854674e-01 5.249060035717313388e-01 6.585862527778700848e-01 7.066497227301470341e-01 7.089945861778177427e-01 7.202585385922855021e-01 7.572866064628107630e-01 8.087464022468934255e-01 1.000000000000000000e+00 7.026228400275927877e-01 8.252929936815733836e-01 8.320520853566460984e-01 6.676635159654573659e-01 5.071584921720158068e-01 5.433470226718151164e-01 4.815531816161227052e-01 5.564676142317263041e-01 6.063389558506241395e-01 5.851341973164037036e-01 5.575388874913904669e-01 5.852716382373924775e-01 7.319667153053597275e-01 7.243401341671498184e-01 7.261933554177327776e-01 6.752264072611483536e-01 7.714495391854484518e-01 7.869320415886528197e-01 7.410606695056055626e-01 6.824395659505825273e-01 7.217476727454036345e-01 7.346927892047452335e-01 7.554375331087199719e-01 7.644694648436648476e-01 7.851743905405922375e-01 8.241915275920986828e-01 7.528826155626775485e-01 8.424124564528051584e-01 8.395398262762900909e-01 8.153165121279553063e-01 8.520815220377156995e-01 8.009719123937701912e-01 8.430856673855043892e-01 8.591682509768898690e-01 8.558061917104713423e-01 8.547338681902573176e-01 7.810041103322895584e-01 8.152034606117064541e-01 7.902470964195564829e-01 8.394226996887989012e-01 8.399852971290431292e-01 8.134442851400366381e-01 7.971184455376103539e-01 8.079607167050835148e-01 8.535505825841052108e-01 8.408560688040138675e-01 8.643837654892849720e-01 8.605840987522433982e-01 8.609247641202582013e-01 8.506035310978498076e-01 8.517584838412084469e-01 8.357625847293050914e-01 8.376780912865362527e-01 8.571193356742675684e-01 8.181494737755778957e-01 8.284531996969042300e-01 8.076425159084684724e-01 8.196911422595297703e-01 8.282416011982590698e-01 8.118241761296236536e-01 7.974664197747211025e-01 8.534898669482420264e-01 8.545266453160714759e-01 8.539845095855743695e-01 8.380583303591152555e-01 8.472174381600409143e-01 8.550845952206008738e-01 8.427057248067428841e-01 8.531477940678189320e-01 8.431955638744984549e-01 8.500523829420905120e-01 8.405091415387546672e-01 8.378252731688250465e-01 8.428928810816072037e-01 8.576686817905785354e-01 8.590664666479393974e-01 8.512778569354566560e-01 8.453278523664060629e-01 8.634993118234177700e-01 8.571359231552064806e-01 8.631445380514267685e-01 8.678622482910657299e-01 8.661781005936795008e-01 8.399951199891741993e-01 8.352009599922565197e-01 8.628124920247137730e-01 8.553542522753541100e-01 8.603973722324702589e-01 8.661970514823738032e-01 8.633538349352496422e-01 8.668805516564789260e-01 8.516964310403841720e-01 8.570600007657596109e-01 8.653736467033152913e-01 8.656393144231881998e-01 8.609746079799771579e-01 8.655634086484540468e-01 8.646382784234983854e-01 8.691418008623734703e-01 8.679936334716040758e-01 8.663169967130419646e-01 8.514682304390487344e-01 8.623840561843906238e-01
