1.000000000000000000e+00 9.715952408003891705e-02 5.791588532851770638e-02 1.907860328798245686e-01 3.608292651834570791e-02 8.628415600728117640e-02 1.146838237245998843e-01 9.607725938113824415e-02 1.698024331672717824e-01 7.420595670707244573e-02 2.394707246390563246e-02 5.082643600919620197e-02 4.820176401044896919e-02 -2.764739962263152925e-02 5.740831327462130734e-02 5.538189757977733663e-02 1.435252525908479737e-01 1.099298022056421215e-01 7.725050923735618524e-02 1.416265539256860440e-01 1.013517919938993900e-01 7.928455504674139509e-02 1.133739144396123527e-01 6.935052122863932800e-02 6.153383889970015508e-02 1.496857411281763417e-01 9.656146209605816211e-02 1.045452020247820274e-01 1.167554297085133530e-01 1.344683574963369821e-01 9.294678384696179740e-02 7.756233142275185954e-02 8.037534363411800997e-02 6.765407007295341779e-02 9.620772641070368669e-02 6.050465318564744732e-02 6.486308143328846365e-02 6.103684128722705604e-02 4.919881345123797156e-02 5.948257476886605055e-02 3.012256053639220457e-02 4.964153987189033612e-02 5.544980395654026256e-02 6.795064941468410835e-02 4.415700388371283230e-02 5.755805324207395601e-02 2.358743037537270465e-02 3.462118604035648028e-02 2.345295130634565337e-02 6.785624276947160860e-02 5.576746824411861481e-02 1.119492434234921757e-01 7.146456642881371391e-02 5.767084697469603005e-02 5.993170869515941634e-02 6.167297690081239431e-02 8.422917957814445022e-02 3.696800900309834409e-02 3.984812997158370534e-02 5.860145849182300803e-02 5.479535206209815157e-02 5.460482764715411663e-02 5.253651117607692489e-02 5.817840976592555252e-02 7.936304669977227444e-02 6.692751091145995868e-02 2.972926928815678230e-02 2.577071403414253961e-02 2.698390743633548305e-02 3.962493602937596643e-02 3.875854575800132679e-02 3.034499260785172153e-02 1.687273157503911547e-02 3.873640386498063137e-02 4.069685380026532434e-02 3.416862905861467459e-02 2.400093009829643020e-02 3.957067385344618937e-02 3.331561576685661274e-02 3.782215403702881423e-02 4.004849468308002702e-02 3.277585024892490373e-02 3.674054999091196788e-02 3.221447476886304950e-02 2.173145741145319360e-02 2.048686542769704785e-02 2.764096987286595794e-02 1.743760495169339661e-02 1.796013643219197473e-02 3.274425338584024958e-02 1.826853768912911277e-02 1.850440109830890287e-02 2.138812662302414999e-02 2.375033048828892324e-02 1.353857201530293125e-02 1.207098894864044175e-02 2.077281333467218688e-02 5.722673304920310178e-02 1.183382674314719871e-02 2.333248039287969325e-02 2.494607305549913570e-02 2.320716931816613898e-02 3.557231328741141535e-02 2.694366440904920681e-02 4.830616030493515428e-02 3.818577250512969479e-02 2.078372033879509126e-02 2.597693091991152420e-02 2.539406414453170349e-02 2.214010552148366895e-02 1.381466451978105754e-02 2.943609122167429107e-02 2.312249608077606225e-02 3.553311549697799748e-02 4.588237699078486637e-02 4.509886623043339593e-02
9.715952408003891705e-02 1.000000000000000000e+00 9.231330560287540066e-02 1.270931671396392237e-01 9.954265593643256416e-02 1.139872463554444659e-01 1.478603842651439459e-01 1.471498379707322779e-01 1.597905553079763397e-01 1.631603227458535699e-01 1.297455740336997398e-01 1.559444114598665942e-01 1.621392347453605165e-01 1.085644067587000910e-01 1.522913322872057884e-01 1.412604135085771817e-01 1.613360038004449937e-01 1.678515015631583673e-01 1.511378782711549629e-01 9.336333956346044849e-02 1.394529987425734141e-01 1.575886321267532808e-01 1.579120995721828291e-01 1.605644642012525325e-01 1.647055546312066743e-01 1.821945824612941633e-01 1.668486950053398865e-01 1.717016893646639841e-01 1.696048819785712924e-01 1.711124062803586754e-01 1.764151459928611776e-01 1.687468635596291178e-01 1.635690973539836168e-01 1.481194644031691987e-01 1.569391453674577330e-01 1.553606477417417975e-01 1.661321811253447800e-01 1.541506020367136021e-01 1.616096322709850708e-01 1.589845306360171406e-01 1.598225132828238471e-01 1.667546329108431369e-01 1.665536610733253930e-01 1.648622652645432007e-01 1.606822072186143147e-01 1.575953632303904173e-01 1.568764690127117667e-01 1.634977480832114083e-01 1.450516858458235914e-01 1.328129904990688892e-01 1.508614182389707570e-01 1.468447325018662208e-01 1.574165669815605073e-01 1.591312099569873739e-01 1.577432133571258777e-01 1.694901591747835501e-01 1.453078724223765550e-01 1.607153071116185772e-01 1.506153384529616557e-01 1.577935111695955572e-01 1.540999002746963331e-01 1.541750160274800441e-01 1.458620198308431259e-01 1.501352077509940930e-01 1.586780832607546377e-01 1.562441981026367888e-01 1.614939699816965168e-01 1.634378579239110507e-01 1.599422410433891661e-01 1.510716532241342946e-01 1.623780783379935311e-01 1.651336226927565543e-01 1.584995245385235341e-01 1.672013151872664138e-01 1.670088507976942027e-01 1.620728785138771944e-01 1.583236015119300899e-01 1.657916790834847165e-01 1.639069557572580826e-01 1.649758364153205981e-01 1.626187169532812282e-01 1.613626277806149978e-01 1.652802043042629343e-01 1.604642921178707771e-01 1.542868803694674440e-01 1.557643475862608429e-01 1.609478690594245698e-01 1.615648215311353275e-01 1.608678247164002928e-01 1.671393649021097050e-01 1.627316730955906954e-01 1.604126676725116663e-01 1.580616554792775574e-01 1.597394123595206328e-01 1.597162160930506447e-01 1.564798506724545124e-01 1.523143648847947451e-01 1.524779885868269014e-01 1.508413420884837652e-01 1.555045424028465850e-01 1.602435571742389375e-01 1.550198853791771025e-01 1.574545258386711166e-01 1.583217998106960234e-01 1.592224862391585227e-01 1.540363556494251662e-01 1.520468411957014432e-01 1.632639181064483858e-01 1.643249191228390582e-01 1.580960040705962077e-01 1.594321050717031341e-01 1.609262627914359589e-01 1.590366376429832862e-01 1.546236733930140272e-01 1.599760287732543973e-01 1.591571199106126822e-01
5.791588532851770638e-02 9.231330560287540066e-02 1.000000000000000000e+00 3.299461362666391562e-01 2.171706324927904219e-01 2.474011749349503686e-01 3.581110947222938545e-01 3.212379725259797425e-01 3.676538833496342806e-01 3.279872250647614118e-01 3.577164907528437299e-01 3.787996371273287255e-01 3.257073544954289801e-01 2.434315846517222381e-01 3.733936726975063958e-01 3.775294237435922740e-01 3.560662152811647774e-01 3.715010029735805741e-01 3.655544279242493033e-01 3.375247869665970457e-01 3.520218537535144132e-01 3.524355584348087267e-01 3.613243527250840637e-01 3.585573980820968565e-01 3.490040779395470749e-01 3.816463424865573772e-01 3.827534250241493297e-01 3.770972494846613343e-01 3.725364648860993166e-01 3.793341128474759794e-01 3.920857420685341377e-01 3.991879445252503600e-01 3.801200471856954199e-01 3.970013599400574189e-01 3.871169237763626425e-01 3.827207180916378793e-01 3.897512696007406352e-01 3.937600356768509724e-01 3.934069594683212712e-01 3.810988020978534063e-01 3.868535357496876714e-01 3.843206142025712979e-01 3.821212870168532727e-01 3.927638581927760941e-01 3.912805143137754182e-01 3.880925688332847456e-01 3.864479709116622752e-01 3.823499660801624733e-01 3.829928798275266666e-01 3.864908207849678257e-01 3.876009107415110400e-01 3.934317562943187019e-01 3.929486229655891338e-01 3.855414572033951659e-01 3.824343663519320646e-01 3.921751507147357985e-01 3.836850237603167679e-01 3.794622549193409355e-01 3.838433250141189967e-01 3.826607049907176372e-01 3.837076671778993364e-01 3.842802097463237643e-01 3.827352703289899627e-01 3.882625484047132480e-01 3.863472618357269850e-01 3.844826000437661095e-01 3.819628863234700855e-01 3.910790951072032895e-01 3.901414903266666734e-01 3.962250048034574035e-01 3.892099355451633103e-01 3.833808328295750245e-01 3.890555271029251805e-01 3.862921260047661454e-01 3.884471116369890842e-01 3.879809661491800954e-01 3.829894100411144753e-01 3.828437000301692095e-01 3.817960284331419762e-01 3.854021275905443744e-01 3.872307624986921493e-01 3.900792735778956244e-01 3.880712212529934257e-01 3.862876327662428388e-01 3.891566467863000756e-01 3.889703809947422930e-01 3.822795647739060110e-01 3.873192880027842566e-01 3.830832420505032587e-01 3.891267586255757194e-01 3.892309614085820435e-01 3.839394829540598852e-01 3.836293184810131707e-01 3.866579252520121468e-01 3.806002564345980499e-01 3.783541216787634220e-01 3.865763670744085667e-01 3.858683102140506027e-01 3.816334063288680523e-01 3.850210476962159234e-01 3.837928870286734795e-01 3.845854583840579988e-01 3.838018364830639295e-01 3.818718950826038849e-01 3.897596546712522314e-01 3.811051610049913663e-01 3.833364803429464285e-01 3.805205866008281035e-01 3.840125823789991011e-01 3.801025016985045135e-01 3.828830168649276500e-01 3.795252211664802422e-01 3.809045669230476383e-01 3.865223355309421738e-01 3.864076307663636412e-01 3.809720198965549365e-01
1.907860328798245686e-01 1.270931671396392237e-01 3.299461362666391562e-01 1.000000000000000000e+00 3.382148793273525023e-01 3.754032901700457003e-01 6.433046389899872430e-01 6.059468865673024451e-01 5.966835704600149670e-01 5.071054552614782107e-01 5.524714065517253303e-01 6.398006789849113307e-01 5.235125457935296822e-01 3.960388996429328179e-01 6.383474595218134873e-01 6.519350658100430129e-01 5.875291222206823205e-01 6.237180984237770121e-01 5.887996262764039201e-01 5.881289361126506021e-01 6.408043662191347245e-01 5.975125536252473557e-01 6.075966574703502987e-01 5.705335346538071839e-01 5.635263031233063158e-01 6.802320941103162655e-01 6.484571453172686128e-01 6.378489224872143648e-01 6.176159901216105030e-01 6.244481193122864982e-01 6.197921615430298514e-01 6.522795632071687333e-01 6.321763468538327269e-01 6.330823642922539518e-01 6.157880796926771261e-01 6.384137422615293600e-01 6.183783885966102067e-01 6.579322621403624893e-01 6.420472631118276929e-01 6.683957338460001507e-01 6.064516259274146392e-01 6.337928790505561460e-01 6.500140634717836985e-01 6.422461799894277901e-01 6.265004527908192289e-01 6.306279441938287267e-01 5.947612183718099521e-01 5.888388593719749986e-01 6.060813790730397166e-01 6.454472988043801207e-01 6.390267621829978095e-01 6.626673978223189820e-01 6.241529653496608043e-01 6.105893716961571238e-01 6.235921103226917950e-01 6.532005814492370943e-01 6.453648433069829604e-01 6.127313961256537489e-01 6.167895267868460651e-01 6.003543158257598211e-01 6.142867785400581981e-01 6.193350502386389955e-01 6.262569735326226628e-01 6.286706537555553087e-01 6.118224852209686038e-01 6.080940426278238498e-01 5.845830721098485006e-01 5.991297217886057958e-01 6.034800724305744435e-01 6.252674299057737750e-01 6.161206580020928136e-01 5.964579341764290055e-01 5.893886677233749483e-01 6.022660399087917948e-01 6.128877734092041951e-01 6.001731135386214611e-01 5.951356455890411956e-01 5.912720269248982197e-01 6.007784464010129666e-01 5.930356485337523464e-01 5.925571976598220658e-01 5.915808228504716437e-01 6.174633104478240986e-01 6.007663639514169152e-01 6.119408064902535083e-01 5.940354398434970484e-01 5.957114206709326343e-01 6.085523633413707500e-01 5.939804764050917729e-01 6.155814628628430984e-01 6.126932229684958209e-01 5.989938512578002472e-01 6.001091557553310807e-01 5.994203604663991269e-01 5.782733106623834107e-01 5.730205000232445611e-01 6.204096738137635514e-01 6.157556630099145778e-01 5.978787035058934496e-01 6.058216918095365999e-01 6.096991421975833658e-01 6.075857534181582364e-01 6.020126611672721451e-01 6.028373728281860577e-01 6.150842494265701399e-01 6.080189130153191845e-01 5.930716629529897421e-01 5.912903550844698097e-01 5.997512514272620443e-01 5.918270761953102754e-01 5.996159468796217196e-01 5.874456317549594520e-01 5.951471279452422714e-01 6.002843909240811460e-01 5.947367601189419428e-01 5.937480015427134550e-01
3.608292651834570791e-02 9.954265593643256416e-02 2.171706324927904219e-01 3.382148793273525023e-01 1.000000000000000000e+00 2.708383855266404128e-01 4.540829623885062616e-01 4.395032033421840678e-01 4.505357580730299794e-01 4.443076045538218444e-01 4.601069518089668797e-01 4.986690238816673948e-01 4.705074697015967922e-01 3.535163120272352133e-01 5.051620746436096265e-01 5.011253191400555362e-01 4.446371709126885063e-01 4.263026709620781896e-01 4.407399212130370669e-01 3.725005846501955875e-01 4.154602188540059693e-01 4.268679217022580685e-01 4.495265824899275509e-01 4.213289846788697002e-01 4.358831138739382993e-01 4.808840628340073087e-01 4.859671232749344094e-01 4.932257274623977894e-01 4.531649325584753418e-01 4.782958341917037393e-01 5.088247180158781413e-01 4.921843842149752346e-01 4.787442344167539554e-01 4.894479978362087924e-01 4.883653834351454059e-01 5.052814633379308917e-01 5.140145336871219106e-01 4.985449236866972833e-01 5.149852276469373269e-01 4.929655787304142445e-01 5.145421685016238200e-01 5.148320837185413890e-01 5.060272310909167404e-01 5.117480198110391232e-01 5.129378711039264127e-01 5.105808206828487128e-01 5.125543760408591831e-01 5.084612509777636236e-01 5.071093159018473795e-01 4.769735135043707275e-01 4.979280230785239625e-01 4.866461681005613271e-01 5.070731289014263066e-01 5.031973626430937818e-01 4.944521173264691538e-01 5.093008872031287160e-01 4.897903097191190769e-01 5.085289818342547674e-01 4.983330710055785540e-01 5.108322782246229599e-01 5.075144689135793197e-01 5.026050250508967698e-01 4.977752831810674516e-01 5.057674748427383182e-01 5.116321805683367030e-01 5.014064584438154837e-01 5.144735865486050885e-01 5.122913473812031881e-01 5.129960366993935317e-01 5.067651224627436335e-01 4.997950801824956879e-01 5.092107276227385571e-01 5.044782901998187130e-01 5.061141173891365863e-01 5.170287813114028408e-01 5.167151557508313786e-01 5.133443260145813536e-01 5.065870139815972228e-01 5.090879885510869451e-01 5.122598248082708139e-01 5.124438740500303346e-01 5.125300883697869736e-01 5.133327867394946731e-01 5.125415519944062082e-01 5.093170807556325341e-01 5.087761759228742742e-01 5.164158892294344883e-01 5.136624030304300925e-01 5.123990296354389296e-01 5.207444367581420819e-01 5.170079616052002391e-01 5.178798735829263089e-01 5.150290865665090312e-01 5.170919882133856449e-01 5.117717921622811916e-01 5.096843661004423209e-01 5.042029572255490866e-01 4.945886790537387667e-01 5.051608826060111079e-01 5.082776007397359352e-01 5.151653056274527742e-01 5.057184143957884626e-01 5.084057972788246227e-01 5.133665159279534596e-01 5.091227744910031827e-01 5.003382559817396436e-01 5.081733422021419422e-01 5.138003277587437356e-01 5.128416064024842180e-01 5.114521830299922911e-01 5.101897283213238099e-01 5.107486440075763579e-01 5.084056237970392411e-01 5.083544700038929998e-01 5.112495251389940210e-01 5.062368964581458464e-01
8.628415600728117640e-02 1.139872463554444659e-01 2.474011749349503686e-01 3.754032901700457003e-01 2.708383855266404128e-01 1.000000000000000000e+00 4.991854950380354428e-01 4.695607868288948494e-01 5.052127677544748785e-01 4.582664609432461345e-01 5.082942718783599600e-01 5.490470217162969346e-01 4.853027744539638588e-01 4.258882396271609916e-01 5.540389537432151013e-01 5.270673019168747864e-01 5.198189644282014132e-01 4.877156808433121271e-01 4.964299280266842307e-01 4.219026869941719937e-01 4.507025262522113551e-01 4.908879773730615570e-01 4.856850453705853776e-01 4.844897599013030520e-01 4.992141431153192532e-01 5.342915110954765678e-01 5.371317195680014311e-01 5.431248604725235074e-01 5.378146406458160778e-01 5.330517936574082904e-01 5.662027113324604732e-01 5.419887027087050280e-01 5.301671173613179411e-01 5.421635567745375361e-01 5.389978551832129705e-01 5.539149694358088682e-01 5.595982268961097184e-01 5.462375394016465435e-01 5.695371455475173317e-01 5.405435133695056793e-01 5.630887297029846250e-01 5.659001590450601915e-01 5.613063559250609513e-01 5.710164338445823384e-01 5.716375637254261788e-01 5.734905583932491391e-01 5.711218928213644963e-01 5.728402903444912431e-01 5.603831947465632846e-01 5.287446374467144050e-01 5.511358492597296932e-01 5.570382647750594662e-01 5.738118578388142765e-01 5.706054796118141814e-01 5.628516998617121292e-01 5.668320746616034578e-01 5.591199101417811956e-01 5.718357767899107102e-01 5.641459461665567776e-01 5.715631445190335613e-01 5.754857370652033399e-01 5.696959714076652581e-01 5.650779481040220098e-01 5.709892737202547641e-01 5.709641103686998731e-01 5.702612174043905080e-01 5.772648687883782381e-01 5.793029807137188847e-01 5.746481421545009960e-01 5.693710359570278712e-01 5.705882193692488613e-01 5.805688280929600653e-01 5.714349283181294759e-01 5.773575973082131219e-01 5.798072826242516298e-01 5.778097460668749630e-01 5.787764365242080711e-01 5.760213475772542058e-01 5.806402994687256403e-01 5.777592666911453012e-01 5.764528399049810847e-01 5.763665819232297594e-01 5.792740403649091485e-01 5.762985775616492612e-01 5.701294162748831162e-01 5.734381374390443709e-01 5.765314265107084335e-01 5.793987801300569673e-01 5.808477115820597225e-01 5.792580025065745541e-01 5.790505915239045898e-01 5.770065291405468422e-01 5.807404410702275976e-01 5.788494706450691973e-01 5.743366828652349820e-01 5.744904286268033289e-01 5.757813204471562418e-01 5.742536980419136183e-01 5.778223458266679158e-01 5.745209701104339040e-01 5.793033903121335149e-01 5.804075169285536351e-01 5.791138064594658630e-01 5.792516970834478141e-01 5.815581876058310007e-01 5.813834279920911952e-01 5.773778978371122417e-01 5.787826200106480634e-01 5.794205207585101380e-01 5.757718406412386525e-01 5.789447291998314205e-01 5.772280303339775154e-01 5.813727494723593958e-01 5.799937505888944633e-01 5.762235542197234883e-01 5.778507978256104405e-01
1.146838237245998843e-01 1.478603842651439459e-01 3.581110947222938545e-01 6.433046389899872430e-01 4.540829623885062616e-01 4.991854950380354428e-01 1.000000000000000000e+00 7.543498380580928586e-01 7.329664283047472306e-01 6.581762990409437686e-01 7.119400650516759521e-01 7.976326841967801284e-01 6.851595127498760762e-01 5.576986955484467545e-01 8.538705432708836307e-01 8.183621152423660172e-01 7.328090990258550042e-01 7.697414584899781032e-01 7.513381377668101324e-01 6.799308154458786335e-01 7.621657074361206652e-01 7.380406858455904606e-01 7.560322881946440754e-01 7.310910763448391636e-01 7.346001768953959177e-01 8.429582198273734006e-01 8.221423838919670324e-01 8.354055332223827568e-01 8.268763291740819366e-01 8.084993729799663242e-01 8.165596029205123285e-01 8.220189517630045462e-01 8.079783364996193651e-01 8.099362284001629941e-01 8.032231822517752473e-01 8.021063504850816095e-01 8.074613359529617673e-01 8.367351765088584248e-01 8.316905457058478834e-01 8.297702259635809652e-01 8.004047583021688395e-01 8.266836684287161008e-01 8.280208554354625550e-01 8.285489214173826777e-01 8.132871508986511122e-01 8.279314406295747997e-01 7.963354138939664484e-01 7.899215548116095276e-01 7.999084945198258190e-01 8.170135450881893524e-01 8.195275814615929910e-01 8.214908713139502661e-01 8.100822704524605067e-01 8.045235648127176953e-01 8.083366537493242854e-01 8.352187779327491235e-01 8.093321789384827492e-01 8.047781588146504239e-01 8.076195434692676756e-01 7.935279126122255500e-01 8.075266982597836263e-01 8.070778248324134152e-01 8.128900604466134938e-01 8.149122640795516404e-01 7.928706466763749683e-01 7.931866477208834310e-01 7.880721624545723447e-01 8.058049667402157334e-01 8.032959383969393574e-01 8.155255954878173341e-01 8.107794890811778066e-01 7.964992807789771367e-01 7.949008538660761181e-01 8.052300818811055638e-01 8.118366495786986103e-01 8.058229445769650168e-01 8.067984045890741474e-01 8.088777843043376548e-01 8.103916838754989804e-01 7.963517235513425385e-01 7.979802368786426126e-01 7.953434864094689472e-01 8.063083053658722799e-01 8.025476861804846651e-01 8.080019419155006766e-01 7.973207269411553000e-01 7.935956058465934992e-01 8.084412265329037339e-01 7.963202112512274278e-01 8.098539892370022475e-01 8.083945869376046867e-01 8.017039630238619319e-01 7.998779400134512496e-01 8.064809464246253112e-01 7.829980719565499125e-01 7.790321561727792110e-01 8.063601157412909615e-01 8.016935371472948546e-01 7.995105485664374401e-01 8.049593494892454126e-01 8.077299029299649380e-01 8.023466084976317303e-01 8.002391142022954318e-01 8.035765860128811777e-01 8.063253906157789030e-01 7.945553274675665190e-01 7.923987820072836419e-01 7.950379277086860874e-01 8.009308646218568084e-01 7.925401080238537732e-01 7.973206458083632597e-01 7.857577075948568579e-01 7.912280867242216242e-01 7.983467208415988559e-01 7.905596538214081370e-01 7.869897807497612252e-01
9.607725938113824415e-02 1.471498379707322779e-01 3.212379725259797425e-01 6.059468865673024451e-01 4.395032033421840678e-01 4.695607868288948494e-01 7.543498380580928586e-01 1.000000000000000000e+00 7.143871921064440800e-01 6.454050670031081793e-01 6.860335989725673267e-01 7.779402474847730842e-01 6.778770040120557505e-01 5.520419333832347064e-01 8.023440357967580594e-01 8.059909978110857409e-01 7.163845331370242153e-01 7.261558406209046579e-01 7.001925940124286152e-01 6.479675609042876427e-01 7.107641665651366347e-01 6.918293996689682812e-01 7.187564126847150181e-01 6.783720643835425834e-01 6.759673514064258315e-01 7.964167315359496069e-01 7.900103518458774232e-01 7.857447859419685043e-01 7.608312628882381023e-01 7.643216577482099261e-01 7.874020145388401781e-01 7.960153331194964599e-01 7.817580315283328973e-01 7.850452861591634690e-01 7.718735668839913355e-01 7.882781589751003404e-01 7.784227467535540512e-01 8.172143803343703272e-01 8.024964148962742128e-01 8.099331862687859651e-01 7.798621340026529181e-01 8.008158674025150914e-01 8.000689475513090843e-01 8.063873102198233500e-01 7.939835335460996291e-01 7.998733224700418365e-01 7.790012596618185459e-01 7.712508181434807319e-01 7.880250852496730740e-01 8.038436943737639062e-01 8.075772951814810252e-01 7.987738893860530931e-01 7.875688729767489349e-01 7.844316035280490818e-01 7.929074717816931850e-01 8.136242323463451775e-01 8.017657327725256078e-01 7.915207837637299182e-01 7.943383210152931140e-01 7.734499161833727765e-01 7.925539297321450016e-01 7.898648123082510075e-01 7.999223770265545541e-01 7.980441271915122980e-01 7.749052966005055554e-01 7.792083543343775176e-01 7.689875260890161046e-01 7.762653564147572460e-01 7.831665973668124892e-01 7.897630212399784355e-01 7.770139042958216224e-01 7.707306779927560747e-01 7.672193666051739802e-01 7.706591861690794687e-01 7.897052324978410809e-01 7.819047420898244116e-01 7.773044206341873652e-01 7.761671566128431898e-01 7.789745119639460702e-01 7.741224356266901419e-01 7.716964501364738105e-01 7.726430592669067954e-01 7.922899106864731422e-01 7.792891168465058138e-01 7.924283132543015196e-01 7.768949425511717521e-01 7.736261720827706245e-01 7.897594175425746155e-01 7.771836188479099850e-01 7.918093537206885024e-01 7.896999278756673402e-01 7.813560967429891146e-01 7.805437113346720412e-01 7.836514054292089693e-01 7.665770816072192684e-01 7.627121366418196935e-01 7.967126557317180113e-01 7.900501815042397791e-01 7.840335544281543667e-01 7.879157835045409453e-01 7.869334483406676961e-01 7.897465393494351726e-01 7.821223531257986972e-01 7.861667098120920238e-01 7.895031076236553869e-01 7.838084448264897031e-01 7.787367189404675871e-01 7.746523357954578914e-01 7.845838657719672593e-01 7.752921594900208380e-01 7.821308022075006416e-01 7.696437824141840744e-01 7.765305541293870961e-01 7.820798165539806224e-01 7.689128487773759790e-01 7.717539346072765927e-01
1.698024331672717824e-01 1.597905553079763397e-01 3.676538833496342806e-01 5.966835704600149670e-01 4.505357580730299794e-01 5.052127677544748785e-01 7.329664283047472306e-01 7.143871921064440800e-01 1.000000000000000000e+00 7.138702750048949719e-01 7.760378914074632650e-01 8.151728553229551366e-01 7.298613430798834845e-01 5.877747014571526041e-01 8.273736332208511124e-01 8.173201041849768034e-01 8.132486207334883588e-01 7.293223345390120738e-01 7.382049968791445371e-01 6.572179554527548540e-01 6.907410661897608328e-01 7.191495859340089059e-01 7.345358284467138343e-01 7.021764769233256320e-01 7.288454055479101079e-01 8.238917894265506137e-01 8.343725031959930982e-01 8.436082641526979620e-01 8.187192779590378722e-01 8.373177407556856577e-01 8.581962497048836180e-01 8.262738618504030796e-01 8.115622840718796915e-01 8.275135956866268572e-01 8.328638043638358912e-01 8.192180884308550848e-01 8.425417170230641295e-01 8.314673900370876947e-01 8.375102019891992322e-01 8.084281480506213535e-01 8.394189062345956964e-01 8.359646248915942879e-01 8.168462965077217808e-01 8.539350317584384342e-01 8.414552413596415592e-01 8.498376960761058196e-01 8.476531027720203282e-01 8.514345932593226918e-01 8.532415606912280293e-01 8.318179260529370289e-01 8.435232355466985021e-01 8.414811405109025033e-01 8.513680481315272219e-01 8.640285321568071941e-01 8.561460088954219172e-01 8.461755751514439261e-01 8.640920999354945176e-01 8.443392596803533934e-01 8.516928977884319352e-01 8.608380155618660101e-01 8.621024224518900603e-01 8.567563498994458238e-01 8.521789162727452238e-01 8.650094167968960246e-01 8.606106709917694664e-01 8.606455815766106410e-01 8.420010795952427296e-01 8.388553350982711487e-01 8.407665850358343462e-01 8.365731059549119664e-01 8.340242884896320597e-01 8.384103089848513601e-01 8.234923351671121772e-01 8.377506258114357784e-01 8.506296090441465285e-01 8.482876591278759593e-01 8.412293903067540324e-01 8.482727090944433002e-01 8.439384260079462186e-01 8.489937839118723018e-01 8.465611438070824724e-01 8.481713042828747939e-01 8.423673160734590493e-01 8.424126220073978599e-01 8.349806005280445698e-01 8.362260171935128605e-01 8.389152476442883755e-01 8.367163991570910619e-01 8.371329969805177962e-01 8.431214100882415963e-01 8.338500438975595674e-01 8.410387511492589674e-01 8.417758525422883720e-01 8.448113238969520156e-01 8.385135398476886159e-01 8.348398865206958508e-01 8.295617701488893214e-01 8.540559576063857516e-01 8.407903422522297054e-01 8.420016933851228735e-01 8.368034236080235111e-01 8.435466831750049188e-01 8.469269546032656137e-01 8.446678769640421081e-01 8.525288466859860526e-01 8.472485883974163468e-01 8.468175048463567611e-01 8.452485501951995106e-01 8.442717014457453706e-01 8.425112218231690653e-01 8.370039803879254503e-01 8.467554479640434506e-01 8.389211157258050777e-01 8.522834446283131804e-01 8.520129259647885034e-01 8.519022687096519109e-01
7.420595670707244573e-02 1.631603227458535699e-01 3.279872250647614118e-01 5.071054552614782107e-01 4.443076045538218444e-01 4.582664609432461345e-01 6.581762990409437686e-01 6.454050670031081793e-01 7.138702750048949719e-01 1.000000000000000000e+00 7.370020991444919956e-01 7.681303886224948307e-01 6.837978932941770616e-01 5.838513035817416430e-01 7.718892512657978822e-01 7.571430593611488957e-01 7.185069126656074001e-01 6.679259027549542260e-01 6.821593901852995856e-01 5.576058792995678415e-01 6.243449281033420784e-01 6.715520073788873168e-01 6.606762104008297998e-01 6.593371971477923754e-01 6.876424096195959956e-01 7.318728772183947795e-01 7.538419379722213209e-01 7.600458260193401205e-01 7.395623739229957305e-01 7.541186684188938560e-01 7.926739831382665358e-01 7.675803882931535593e-01 7.474849126549247824e-01 7.719249894831167191e-01 7.613733348073145057e-01 7.676399673128649903e-01 7.828614100832390621e-01 7.755837797214925056e-01 7.905668106142891283e-01 7.519119916767583733e-01 7.994580270618444340e-01 7.925187133690750896e-01 7.780138696209484284e-01 7.992547069745158383e-01 7.937853951175669609e-01 7.939844597462920595e-01 8.094665562957239491e-01 8.112125213861299811e-01 8.031733142336199283e-01 7.617587623947916775e-01 7.899252074119202938e-01 7.645647270460337319e-01 7.931163752384917665e-01 8.068407966450000801e-01 7.987318505864925422e-01 7.930608935673452153e-01 7.861267913303289223e-01 8.031213567607360382e-01 8.031267432310131849e-01 8.047568483688875007e-01 8.090350089496944896e-01 8.011941177581324292e-01 7.973865948792467906e-01 7.999763703327488207e-01 7.975257157755614168e-01 8.017528333396257700e-01 8.058228920339294277e-01 8.028757123313030597e-01 8.032706765504087354e-01 7.908561412448371630e-01 7.924089375516327749e-01 8.048909437132755196e-01 7.926745902565439650e-01 8.002375097845177976e-01 8.092446552721618280e-01 8.064324116794011621e-01 8.048060237695121577e-01 8.066410883527981301e-01 8.027294952498797986e-01 8.111858212482468966e-01 8.084538514957735345e-01 8.082399279565787298e-01 8.045943917680314916e-01 8.054143889948740531e-01 7.986609316956838622e-01 8.017854879690549108e-01 8.045138861808588393e-01 8.025346767099936773e-01 8.042898221307798190e-01 8.064167967343041088e-01 8.039063295148446420e-01 8.067704399435949858e-01 8.064515078669447501e-01 8.067842539034021376e-01 8.084427643224786353e-01 8.071878167107154889e-01 7.953804473070476000e-01 8.001859033109784969e-01 8.060205981395737185e-01 8.050991577515321795e-01 8.030882504037597514e-01 8.044670058741931751e-01 8.047167780722447317e-01 8.063107454873452706e-01 8.054868491119424601e-01 8.013725771671718068e-01 8.096088198019364413e-01 8.104510483198937854e-01 8.093648276275646758e-01 8.080093655069767733e-01 8.055273255963335544e-01 8.087529863535188879e-01 8.042072071886411377e-01 8.076601553332668493e-01 8.059688012499339749e-01 8.058153918029719032e-01
2.394707246390563246e-02 1.297455740336997398e-01 3.577164907528437299e-01 5.524714065517253303e-01 4.601069518089668797e-01 5.082942718783599600e-01 7.119400650516759521e-01 6.860335989725673267e-01 7.760378914074632650e-01 7.370020991444919956e-01 1.000000000000000000e+00 8.490830975678994585e-01 7.647066426876919509e-01 6.343088973056292268e-01 8.432123924263723591e-01 8.275469811738163095e-01 7.821242177812753882e-01 7.072697554169135037e-01 7.335270594606266847e-01 6.118699426699785171e-01 6.738617370029410525e-01 7.254392192656559102e-01 7.124499649095640263e-01 7.021312946666586896e-01 7.298177136967326506e-01 7.861505252861306081e-01 8.251858539415393157e-01 8.218369277318499089e-01 7.909324095026871726e-01 8.206984523068269199e-01 8.788788082527420054e-01 8.300302524016136552e-01 8.133869693179869298e-01 8.421848231916040373e-01 8.359257636008518011e-01 8.473236822545838764e-01 8.683090135090115735e-01 8.417027464738443543e-01 8.668780768500990996e-01 8.198343967020638168e-01 8.812568352093574919e-01 8.684226779448778188e-01 8.469172340955497535e-01 8.797745693813425749e-01 8.747220919249176774e-01 8.784753387261462487e-01 8.851455760883754076e-01 8.894156905006096459e-01 8.798797619922740232e-01 8.323017608385508970e-01 8.556327641415681917e-01 8.417281765575195251e-01 8.729301031086856844e-01 8.817471195338947298e-01 8.686793764288500697e-01 8.681186531184068578e-01 8.567765052682165816e-01 8.809137721221679262e-01 8.752381734214622622e-01 8.832294258896949968e-01 8.821235870846034777e-01 8.811302668229457069e-01 8.708206802378540834e-01 8.791102924052267564e-01 8.774942894078494593e-01 8.779854435226611686e-01 8.873146358565134895e-01 8.812345307999697175e-01 8.797624539232680174e-01 8.682577929655896920e-01 8.690862356931112753e-01 8.799992020449625141e-01 8.665648337077485053e-01 8.686060727167669304e-01 8.862741198128738507e-01 8.873005311680248752e-01 8.835778729442627100e-01 8.802314420656917049e-01 8.803739400106169732e-01 8.867565021114800494e-01 8.864977084899158255e-01 8.911899686581026270e-01 8.805647203264120870e-01 8.844159420415631523e-01 8.764954477835722457e-01 8.823012221551304046e-01 8.874125035011175555e-01 8.827832908054579208e-01 8.866131345461958357e-01 8.838780209373258145e-01 8.831943303472064022e-01 8.889472494829236959e-01 8.880490949544562751e-01 8.905459376898650081e-01 8.901218663626463412e-01 8.901996259031892400e-01 8.736829218540481667e-01 8.751586657039960304e-01 8.860512378403953004e-01 8.838539851350621923e-01 8.845836960145733174e-01 8.855989067938518922e-01 8.865479428607764278e-01 8.888671492521907913e-01 8.861674048681377203e-01 8.817487755943217431e-01 8.880355085352288347e-01 8.905442366224295414e-01 8.893211670709519900e-01 8.892204135221296601e-01 8.882972765679268967e-01 8.907405641861777523e-01 8.881478614488744761e-01 8.880254659324344768e-01 8.868844227760180887e-01 8.873227947384808578e-01
5.082643600919620197e-02 1.559444114598665942e-01 3.787996371273287255e-01 6.398006789849113307e-01 4.986690238816673948e-01 5.490470217162969346e-01 7.976326841967801284e-01 7.779402474847730842e-01 8.151728553229551366e-01 7.681303886224948307e-01 8.490830975678994585e-01 1.000000000000000000e+00 8.066749188379953583e-01 6.621695452132458914e-01 9.076644142231519163e-01 9.023383094596439946e-01 8.291520001983624377e-01 7.871708636337116927e-01 7.997900697050421837e-01 7.117258339116118160e-01 7.682646293213936106e-01 7.915083782568963500e-01 7.848248406552436052e-01 7.651826916809999490e-01 7.886400428698906451e-01 8.712778812573401810e-01 8.933044079494786294e-01 8.954558999315036516e-01 8.511884787628172244e-01 8.748543999162842200e-01 9.251320955722966977e-01 9.008337809430230214e-01 8.776273874946216580e-01 8.998699931766483973e-01 8.881615244980725077e-01 9.062965783574574719e-01 9.164822510400566502e-01 9.155017351345233756e-01 9.278541748308012371e-01 9.031791119958714198e-01 9.291916818963132929e-01 9.301096986175890757e-01 9.163050289128399362e-01 9.354397747607468006e-01 9.302726409124419948e-01 9.343558412560625248e-01 9.300780509546102692e-01 9.296094988432465067e-01 9.285542100355611561e-01 8.996029946989888559e-01 9.195337816766222527e-01 9.063482274573299025e-01 9.281298125121382192e-01 9.308650425725305544e-01 9.258861807919622766e-01 9.336194984779860873e-01 9.194973456374017085e-01 9.312305893615747676e-01 9.318913010790838003e-01 9.293867013988109660e-01 9.325275950064638719e-01 9.334237213573262082e-01 9.307672795380738107e-01 9.330787866506143891e-01 9.220613083704582991e-01 9.253650214322937106e-01 9.290695337981569324e-01 9.274833052567775793e-01 9.293577004544528730e-01 9.301119629414331680e-01 9.235581556602924236e-01 9.260809365010714833e-01 9.145160234438413083e-01 9.201668902034367825e-01 9.370887825088866085e-01 9.334460257725264443e-01 9.312963784810145418e-01 9.243679976656450359e-01 9.292967683329872441e-01 9.296540501736990647e-01 9.300261653619552593e-01 9.309449153277628008e-01 9.343795666255978460e-01 9.329342131549108741e-01 9.300778730498868718e-01 9.282611035405347044e-01 9.318372422708769420e-01 9.366507701269194408e-01 9.307101816250997750e-01 9.371319458453073459e-01 9.368902884516644436e-01 9.361270871143493322e-01 9.358154547689266911e-01 9.366269426634149520e-01 9.297748360046594884e-01 9.283794567754478644e-01 9.287469400095571537e-01 9.251119931651512474e-01 9.324635137816864594e-01 9.329449911003392382e-01 9.353290789059033328e-01 9.345958435421602983e-01 9.344621088108910900e-01 9.358279809659481030e-01 9.350902490184472837e-01 9.306132520577085065e-01 9.325244877463861881e-01 9.335723000011408867e-01 9.365896370384899638e-01 9.329866991419626387e-01 9.357702543273258566e-01 9.315428553256048794e-01 9.333173072179670182e-01 9.328281097518830167e-01 9.275611405080320671e-01 9.299071376130386701e-01
4.820176401044896919e-02 1.621392347453605165e-01 3.257073544954289801e-01 5.235125457935296822e-01 4.705074697015967922e-01 4.853027744539638588e-01 6.851595127498760762e-01 6.778770040120557505e-01 7.298613430798834845e-01 6.837978932941770616e-01 7.647066426876919509e-01 8.066749188379953583e-01 1.000000000000000000e+00 6.182212150395474115e-01 8.196942436591627690e-01 7.992964973411911256e-01 7.425097275617724701e-01 6.794139347053704814e-01 6.873000987621663560e-01 5.908665801180099653e-01 6.316635950351113804e-01 6.830522795962552518e-01 6.858497702072587909e-01 6.657383379437197268e-01 6.885271384835777164e-01 7.573791818585354774e-01 7.873076763875586082e-01 7.873801792956666157e-01 7.483379547774821061e-01 7.698304793375527755e-01 8.400315972557631516e-01 7.965368802364860557e-01 7.829166609903451812e-01 8.059501814115390683e-01 7.979823964016324878e-01 8.169790747506231465e-01 8.320587299591880592e-01 8.068255646726664176e-01 8.358461583369495296e-01 7.905332102800129990e-01 8.480052833278904911e-01 8.407121572170248580e-01 8.189592157042344667e-01 8.375530414590484085e-01 8.379279151527325720e-01 8.400506816127709664e-01 8.511449123530450134e-01 8.499291406391386028e-01 8.319934609887598143e-01 7.864210631480382796e-01 8.170502017025289554e-01 8.012917165364660255e-01 8.350446632665853297e-01 8.336873718930997157e-01 8.190024287236148393e-01 8.316057707064881122e-01 8.048520011506640204e-01 8.483619684385415027e-01 8.288140295603262375e-01 8.482768846536457019e-01 8.409486380781913129e-01 8.357571578801288315e-01 8.275516913129504770e-01 8.363234943360572382e-01 8.441221244408663171e-01 8.368938243837416024e-01 8.522953315416721409e-01 8.433799129497852043e-01 8.501077503396817781e-01 8.349804518828184419e-01 8.288483629041319967e-01 8.425260325486280122e-01 8.337219131456580223e-01 8.339075460167065801e-01 8.538057348838665739e-01 8.514210814322165088e-01 8.526921264527215216e-01 8.409851887151436056e-01 8.488371615705567752e-01 8.530995561668711646e-01 8.526419712064003953e-01 8.568048633496676558e-01 8.500798607514594707e-01 8.520798669063470721e-01 8.484857333477051622e-01 8.519038033145680533e-01 8.561036275049251909e-01 8.545386863431441160e-01 8.555855556350927538e-01 8.542799885977281349e-01 8.534855981325920604e-01 8.571458770091305857e-01 8.554152202063606270e-01 8.561259313056350795e-01 8.545760923567321532e-01 8.546499510033482849e-01 8.422886405531736509e-01 8.394505059948799142e-01 8.486851036779977653e-01 8.514047482130617794e-01 8.528973727242232794e-01 8.501580629285726554e-01 8.534923282221210661e-01 8.555563195399862320e-01 8.527952686569625351e-01 8.445870672579774974e-01 8.506993666067211857e-01 8.557740574591381488e-01 8.546628638592742577e-01 8.556974798632780432e-01 8.520291359301952472e-01 8.548594291165001469e-01 8.519602249819098194e-01 8.525041189579160017e-01 8.513392065997066327e-01 8.508756712527183463e-01
