1.000000000000000000e+00 6.624105567495060243e-02 6.021202736713356096e-02 6.104402242815432089e-02 4.524322657053312519e-02 1.398526834834915543e-02 7.131341412036216153e-03 3.522769106755006124e-02 1.268355551450451035e-01 5.154573499363569733e-02 2.604609831967395761e-02 2.590251921436010837e-02 3.235569719061737876e-02 2.716751463494170449e-03 -1.428157414980387764e-02 9.351114648701773502e-03 9.446152021180156955e-02 2.151370593806837747e-02 3.079853880214791784e-02 2.669004503911871426e-02 7.474791052759328924e-02 6.814244372021598106e-02 4.243047405265207295e-02 2.151517971400933663e-02 5.560194697217298726e-02 7.461651493149665249e-02 7.969131906927219566e-02 7.194555113213918496e-02 9.019443709278687771e-02 9.564551830208141425e-02 5.954112646664816433e-02 1.231091970844159535e-02 1.969598294909496658e-02 7.336693755532618273e-03 2.952609216442492190e-02 1.141813864782729657e-02 4.193954548672299693e-02 2.509516150553278441e-03 1.484307312444432120e-02 -3.232289403385616312e-03 1.683311279308095584e-02 9.187843394445782685e-03 -3.945684016297789157e-03 1.102399498407647359e-02 1.966213207052149373e-02 8.417359079263789234e-03 1.050904971981635010e-02 1.729571928228528302e-02 1.286971877861627263e-02 1.904407963001727294e-02 6.868926558578329448e-03 3.510898378928765939e-02 2.889914415235515094e-02 2.014088878243499789e-02 7.136426793191674202e-03 -1.083407187957934406e-02 5.744340701698431861e-02 1.060985523413860571e-02 2.986146190771944101e-03 3.315944834741883784e-02 1.746071672783567133e-02 1.709610515262914576e-02 1.308916783331258091e-02 2.908874640618039700e-02 5.755458663384927648e-02 5.421176932164750717e-02 2.692890158511746304e-02 1.094954041389725914e-02 4.015011340802864849e-03 1.816949651388883452e-02 1.903139191371796407e-02 2.419994525766718321e-02 6.942806281750420888e-03 2.652782328252744140e-02 2.230747610252285101e-02 2.772342053348525112e-02 1.891674822278760840e-02 2.470313695879385735e-02 2.218779398954211918e-02 3.612262052364332426e-02 3.282444576368990369e-02 2.538799587001665595e-02 1.037303416802952405e-02 1.074461580356424022e-02 1.892330981870633637e-03 3.017751366436190359e-03 5.155469704558005017e-03 -5.198402765377405955e-03 4.636690602742426885e-03 -7.957974830206855990e-03 -1.867145734035921198e-03 5.059488351632671771e-03 4.987504051270102989e-03 4.133076177910703815e-03 6.108025934706612890e-03 7.166787289716801748e-03 1.455351727811511273e-03 4.178924146264782064e-02 8.200915177171339693e-03 -1.232762128425810661e-03 -3.022906031876995085e-03 5.540863294700326680e-03 1.557254763225742258e-02 7.688264952123397694e-03 2.236472109267379285e-02 3.380379396049015828e-02 1.173285239798339992e-02 6.375490381951821016e-03 2.476563465703846565e-04 1.619123669080008154e-02 -5.959780135266051423e-03 1.309640171202155687e-02 8.699345810242160512e-03 1.868104992030488257e-02 3.722022564947553153e-02 2.747276991699470344e-02
6.624105567495060243e-02 1.000000000000000000e+00 3.529178134713960996e-02 5.772519427518894158e-02 8.592440422039276937e-02 6.947166950857455725e-02 1.270065873502123077e-01 1.250086543091436797e-01 1.660131387727427910e-01 2.189382189008577950e-01 1.250073348321121547e-01 1.301440631361732991e-01 1.407792206352278253e-01 9.868930631965802669e-02 1.513156579477972219e-01 1.316348332767945939e-01 1.162466056187735769e-01 1.162366287802337195e-01 1.345538610153776404e-01 1.085945238315775274e-01 1.202945549216194593e-01 1.632370524582313631e-01 1.236291187371599959e-01 1.271715612084301783e-01 1.718360285019179257e-01 1.515177254168789400e-01 1.487994592545247852e-01 1.620029527940964331e-01 1.560584458776213268e-01 1.714159183415868148e-01 1.668114022447425016e-01 1.030360540597655000e-01 1.037968174475020211e-01 1.025744320244738050e-01 1.283344787647640040e-01 1.065981897402738660e-01 1.586215327602623626e-01 1.222627719979930278e-01 1.330375138070191698e-01 1.305954610940532890e-01 1.513143528476436350e-01 1.443609344829671348e-01 1.434051707787955265e-01 1.368464005722792032e-01 1.472354420168869027e-01 1.555259378911338364e-01 1.384299011824700332e-01 1.489788143616679883e-01 1.401904436123737607e-01 1.045042360347458177e-01 1.256184191380818049e-01 1.345979530225390741e-01 1.493358185266168703e-01 1.534449644800543744e-01 1.529863956464668218e-01 1.466362415876553138e-01 1.300844973915527281e-01 1.392149154013370138e-01 1.390859412707354525e-01 1.458273045704292781e-01 1.370004919309673330e-01 1.424098100660916022e-01 1.413250884585607325e-01 1.360234433922430930e-01 1.388324654781209755e-01 1.484145151687410458e-01 1.410593373887084334e-01 1.455431702001730998e-01 1.386804473844877872e-01 1.406223821997911461e-01 1.561025584962233426e-01 1.576199693136614843e-01 1.440483071109928404e-01 1.642196736994946671e-01 1.577314585823345605e-01 1.521929534770039560e-01 1.574433266308777613e-01 1.535589856919468976e-01 1.579247832868374557e-01 1.598554927374233880e-01 1.526840954264712114e-01 1.523257862953392439e-01 1.446865116577003008e-01 1.420878508563675757e-01 1.246683917397911484e-01 1.308101993211429614e-01 1.492845522836326877e-01 1.372681226263745558e-01 1.429863945121260249e-01 1.501870276000626947e-01 1.513344890670683951e-01 1.468992266393089330e-01 1.480240887408264816e-01 1.485602195105313883e-01 1.457839112126290138e-01 1.488159362079302661e-01 1.309161211169149186e-01 1.297250384320862704e-01 1.383366295019113346e-01 1.342797644119242684e-01 1.413250373660914772e-01 1.359341440559269365e-01 1.452728219728682268e-01 1.416747469441532736e-01 1.410947297579127901e-01 1.393193837364709031e-01 1.423950836685356491e-01 1.492591287705187231e-01 1.482601942420709307e-01 1.395508024077324050e-01 1.455676217631685920e-01 1.443141329410524143e-01 1.414835531908824051e-01 1.373674188385846651e-01 1.406121362686634513e-01 1.479029891526744966e-01
6.021202736713356096e-02 3.529178134713960996e-02 1.000000000000000000e+00 3.262881460163399860e-01 2.118681333508139475e-01 2.013142038475903284e-01 3.263208195803285472e-01 3.051643376219492776e-01 3.445654977460589352e-01 3.049577045278447640e-01 3.765751124897225299e-01 3.850206308799999921e-01 3.386896896534727919e-01 2.760574937252707750e-01 3.559287865140709495e-01 3.498605708437440565e-01 3.547605033928863394e-01 3.421113772766076755e-01 3.588282822161829033e-01 3.104548382273794038e-01 3.405430916398783925e-01 3.694205403693034406e-01 3.630132016444957421e-01 3.443079066813868883e-01 3.600458340342420627e-01 4.035657542558094835e-01 4.029149671553792778e-01 4.072654292169249346e-01 4.125305322390233065e-01 4.185443515308379103e-01 4.094557112392762654e-01 3.740236417598359897e-01 3.765253598588602091e-01 3.742774542165658858e-01 3.777239816114746351e-01 3.754144368857678660e-01 3.940223080412291745e-01 3.777938938099014154e-01 3.817666260752285989e-01 3.680356378064261746e-01 3.794275097648290296e-01 3.748600598480769652e-01 3.644159777379565868e-01 3.768615670415653707e-01 3.767432389707466300e-01 3.779315032613394520e-01 3.685907105497201464e-01 3.684704466079929408e-01 3.693539131498864703e-01 3.802720861408893649e-01 3.701249525241546712e-01 3.842012863675299816e-01 3.769303943299388004e-01 3.746879000434278351e-01 3.735943134576381053e-01 3.797116856311241184e-01 3.756655717450673726e-01 3.704177148631621064e-01 3.732227904254216688e-01 3.718703784220656616e-01 3.672824364665383534e-01 3.678534090357386543e-01 3.769570123642749238e-01 3.670532948479792168e-01 3.748722101401362194e-01 3.746439863965186357e-01 3.712529874691033460e-01 3.738799389856506394e-01 3.786799777186164451e-01 3.695063865522631441e-01 3.820418328854673362e-01 3.870522277820432899e-01 3.757609862484588281e-01 3.873241615567071805e-01 3.847834451486891738e-01 3.857940540573782662e-01 3.835309499509294007e-01 3.950342930243480599e-01 3.872024459897390747e-01 3.845393419434947058e-01 3.856394683434142268e-01 3.843926857266033448e-01 3.752135333780221571e-01 3.783901263709791296e-01 3.748981642964140382e-01 3.824225561646873439e-01 3.829229898908650953e-01 3.735607184401652514e-01 3.763862153103318953e-01 3.678127202659103867e-01 3.779366816859604516e-01 3.724180451677432391e-01 3.748970070051106940e-01 3.744696024516557253e-01 3.639242216302014943e-01 3.670545608459164222e-01 3.610879931282245381e-01 3.703407389852271248e-01 3.668035377857645218e-01 3.639333011813717378e-01 3.630380156960380522e-01 3.642836474117139289e-01 3.665995324591498905e-01 3.713219451390876169e-01 3.756228002223492290e-01 3.667414780889295955e-01 3.675343537089882373e-01 3.702119136493081664e-01 3.694559691532927070e-01 3.653746567939881174e-01 3.641021094027283578e-01 3.651977762244487669e-01 3.625375662794923515e-01 3.670607624877139097e-01 3.725054018331917516e-01 3.699946757493975391e-01
6.104402242815432089e-02 5.772519427518894158e-02 3.262881460163399860e-01 1.000000000000000000e+00 3.548822146430214430e-01 3.501151291292364798e-01 5.389978451029622253e-01 5.237193943305904487e-01 5.189483221755022413e-01 4.767356941744024801e-01 5.706011678448039692e-01 6.081668393035908338e-01 5.245243102111293299e-01 4.619938664724642097e-01 5.941162149488209421e-01 5.807534133781722119e-01 5.599095982079320688e-01 4.878494603324794454e-01 5.322173602104828261e-01 5.238197472588387305e-01 5.450009869582596034e-01 5.443286258379235187e-01 4.879165090448566722e-01 4.688593920438519635e-01 4.924534666366262026e-01 5.934519358307102088e-01 5.852772921409851170e-01 5.790538127604976104e-01 5.546889084676734916e-01 5.526693260298679578e-01 6.001479881532787442e-01 5.746374056717479251e-01 5.412263202109274252e-01 5.590610002753656493e-01 5.423470970549917336e-01 5.725903938702507912e-01 5.843475919693399412e-01 5.911818094685572511e-01 6.014681801405613593e-01 5.591744595526251249e-01 6.001633668833646906e-01 6.041094788026806217e-01 5.849982461812577306e-01 6.095790171085417875e-01 6.064350954850451503e-01 6.011196979337656288e-01 6.006973765344083560e-01 5.969567828487276628e-01 5.946397797102392913e-01 5.814830503418413343e-01 5.945780845016281901e-01 6.005769779790555152e-01 6.058706634545489855e-01 5.949998763042982919e-01 5.795042614169821915e-01 5.813979448114523496e-01 5.898907899944160205e-01 6.037617197216491594e-01 5.890914688021261503e-01 6.045919440371200215e-01 6.040987011526632866e-01 5.972444923834743236e-01 5.969810753056907782e-01 6.008953735152149367e-01 6.040607566088541658e-01 6.049662880765541706e-01 6.008052799545633427e-01 5.967093725296171991e-01 5.987761304739277479e-01 6.079007728313110537e-01 6.053655350550457559e-01 6.060527442254091124e-01 5.850000586350297960e-01 5.936114221548687286e-01 6.043553900316689376e-01 6.049773811234264720e-01 6.055208123975112100e-01 5.973357958445805194e-01 6.013733598956838566e-01 5.994712956342360677e-01 6.046366899917856585e-01 6.081628734649422441e-01 6.055767781281654605e-01 5.935530687983227027e-01 5.914818386852136456e-01 6.004790086842338726e-01 6.034381247152829086e-01 6.035755563604584539e-01 6.026693924588304441e-01 5.992909301381921239e-01 5.990169657330018937e-01 6.024634060890762255e-01 6.015018051619717143e-01 6.044595629555995497e-01 5.980025960174006894e-01 5.987951987795748776e-01 5.923557732962582145e-01 6.037347330893175767e-01 6.030955618370633653e-01 5.996729359782511093e-01 5.960564012607652007e-01 6.012109555030898944e-01 6.025370392715920786e-01 6.058871187830593419e-01 6.088288644972500441e-01 6.014122244046817833e-01 6.009969132434843653e-01 5.987893937461001848e-01 5.986454208958356116e-01 6.073622289713648259e-01 5.991726244669524082e-01 6.016884885118892745e-01 5.982099983997304360e-01 6.057710048205772191e-01 6.065714139981213116e-01 6.040678360411071424e-01
4.524322657053312519e-02 8.592440422039276937e-02 2.118681333508139475e-01 3.548822146430214430e-01 1.000000000000000000e+00 2.915221345670602204e-01 4.299222494652988891e-01 4.355041636799169003e-01 4.444533324261947249e-01 4.120140228086358047e-01 4.516180989241138644e-01 4.769698953487344073e-01 4.609867288703135002e-01 3.874234318170842184e-01 4.862333002294986772e-01 4.824568996480644856e-01 4.272687457646041076e-01 3.537206799412664915e-01 4.037289545333171414e-01 3.871057547698498746e-01 4.208368775716199717e-01 4.223683027624050013e-01 3.699155511809505970e-01 3.364499990650523520e-01 3.813421081236781363e-01 4.693771188094476576e-01 4.614050974081352896e-01 4.598321678216650277e-01 4.385180278480582672e-01 4.295493253790275134e-01 4.775028851158006349e-01 4.398514174398611143e-01 4.398164623945098883e-01 4.236257833179445931e-01 4.309425024103357704e-01 4.592249772220571291e-01 4.669082086393757658e-01 4.853585958554348379e-01 4.820839514572941020e-01 4.608666900046756165e-01 4.871873501076302571e-01 4.919714019102129909e-01 4.924855930256142877e-01 5.020669651323804716e-01 4.920064365124689476e-01 4.934469408562716652e-01 4.987360554598307405e-01 4.918190842936238649e-01 4.886915714019587909e-01 4.682140301549635453e-01 4.907385815460609257e-01 4.877041683429791941e-01 4.973010748356185839e-01 4.864214498751599502e-01 4.805389930158323053e-01 4.780091444116671973e-01 4.770237198786801414e-01 4.890996698487999894e-01 4.809892988426689997e-01 4.968714397870223065e-01 4.960827332898444242e-01 4.937363988039820129e-01 4.863279327882915060e-01 4.928282174570581264e-01 4.889936244968510759e-01 4.920930092747204943e-01 4.925924364250334753e-01 4.795508876893654904e-01 4.760871935840713109e-01 4.858536369047390946e-01 4.899486243375428818e-01 4.871093582522794119e-01 4.588213440774579488e-01 4.724140165438017180e-01 4.944876350003903909e-01 4.927596867286150872e-01 4.943285512323845610e-01 4.871459920687110645e-01 4.867752814953918983e-01 4.852491748443408248e-01 4.916342082229659405e-01 4.921732961083913338e-01 4.866036514781760247e-01 4.856601990627738008e-01 4.818698725182489762e-01 4.806598075671836834e-01 4.908651363301183013e-01 4.900853976810322643e-01 4.917167668375975742e-01 4.900442300738336310e-01 4.889617033856792916e-01 4.949497425119814276e-01 4.912336463762613237e-01 4.967988472574040859e-01 4.959688239384731911e-01 4.942746886627928382e-01 4.917345221367204200e-01 4.939494448308123786e-01 4.986799363069468471e-01 4.912008368971596539e-01 4.963456574797820431e-01 4.972788649383269588e-01 4.988297624852169321e-01 4.998158044217161922e-01 5.005366137177530428e-01 4.901012506506734479e-01 4.933407763839787186e-01 4.935524858326096331e-01 4.967270184117562049e-01 4.979600305399564664e-01 4.904408644719191468e-01 4.970055537416339098e-01 4.942670068076438494e-01 4.968489498472834498e-01 4.942242278536514433e-01 4.961011896393531240e-01
1.398526834834915543e-02 6.947166950857455725e-02 2.013142038475903284e-01 3.501151291292364798e-01 2.915221345670602204e-01 1.000000000000000000e+00 4.930058384275345373e-01 4.346304532897229955e-01 4.847019436884656973e-01 4.480713090371911123e-01 5.272855151388308181e-01 5.395915863161068193e-01 4.950283050909229376e-01 4.270748030011147223e-01 5.568359542891777592e-01 5.355955477113556462e-01 4.929018545281108055e-01 4.484414262085993919e-01 4.869488400946200279e-01 4.220134552421933027e-01 4.507963986033331483e-01 4.812530382762671421e-01 4.293259665811468562e-01 4.172277494856166391e-01 4.477605444052565331e-01 5.293867888733603255e-01 5.148041950536105249e-01 4.987386992018089660e-01 4.820368326185444641e-01 5.015839652311578911e-01 5.423251385004498326e-01 5.197220040773813388e-01 4.894520022551733240e-01 5.038980017392248323e-01 5.025567522586589231e-01 5.231057535822034588e-01 5.383325712534989815e-01 5.413400592365872344e-01 5.538518002793180184e-01 5.124809392662866836e-01 5.584902904269427593e-01 5.578603189430382248e-01 5.523424770487074253e-01 5.688284906796645668e-01 5.561765985577146187e-01 5.581323712713079921e-01 5.688516010714614879e-01 5.687580303572525864e-01 5.661446208146618808e-01 5.306808513481785505e-01 5.572894404696689952e-01 5.452859205535138809e-01 5.590189487265180279e-01 5.594229861654295144e-01 5.489315125535835227e-01 5.495046643546173115e-01 5.429192937988862599e-01 5.647782461898573914e-01 5.596409333049046086e-01 5.644435258995038618e-01 5.664741301384020877e-01 5.648750768957423452e-01 5.581711932858353098e-01 5.633138111702019613e-01 5.588994873342335579e-01 5.572731121337299864e-01 5.701520685831369395e-01 5.631576001441537249e-01 5.628450926818728828e-01 5.597865787882730926e-01 5.629266383709174981e-01 5.608750457503722808e-01 5.473831662345739479e-01 5.500832421228309954e-01 5.684113774051827717e-01 5.665906950785710716e-01 5.620516550788141608e-01 5.638827169799309758e-01 5.585809554212505246e-01 5.624617195888345078e-01 5.638560827881874404e-01 5.706900773166051488e-01 5.664910336151417480e-01 5.672779871115666284e-01 5.582710230735571377e-01 5.619386800166134011e-01 5.673270894020162602e-01 5.688928813596898504e-01 5.731671949944560085e-01 5.662701810897566856e-01 5.640587538938728329e-01 5.694059762080015963e-01 5.692430078984067610e-01 5.689747266638828238e-01 5.697613984320024638e-01 5.714599091544672049e-01 5.647797470091966421e-01 5.604982472237521884e-01 5.704220026643843644e-01 5.703848220486555931e-01 5.702240830369257329e-01 5.712642645456514900e-01 5.706300887555285639e-01 5.721168585371718684e-01 5.719835953068006518e-01 5.657284052749221859e-01 5.700006458385564745e-01 5.724471179602447224e-01 5.713369697101188249e-01 5.692206192829859512e-01 5.715986560457141374e-01 5.710239244967920680e-01 5.728895911276292718e-01 5.711799588295481955e-01 5.654147524000127101e-01 5.698671523744651690e-01
7.131341412036216153e-03 1.270065873502123077e-01 3.263208195803285472e-01 5.389978451029622253e-01 4.299222494652988891e-01 4.930058384275345373e-01 1.000000000000000000e+00 7.008342826162892170e-01 6.865907618103473942e-01 6.572132496052407458e-01 7.545593648099490069e-01 8.009395480466536821e-01 7.240895726154535916e-01 6.493324483554779869e-01 8.341944859795675793e-01 8.069794558642958693e-01 7.227365464708742637e-01 7.020731124056350803e-01 7.295870762691520905e-01 7.117199544043616433e-01 7.171314036640992207e-01 7.150466728711800668e-01 6.834777213832431420e-01 6.591784409720512494e-01 6.684832934885955869e-01 7.815796633049899578e-01 7.570525090997710649e-01 7.661319296586232008e-01 7.145862396610452860e-01 7.232999792751956258e-01 7.941911751777660511e-01 7.876314563390207635e-01 7.315838305581124912e-01 7.693081219140649463e-01 7.398215011409072783e-01 7.919666852339005692e-01 8.012574654379172046e-01 8.147837867700735703e-01 8.257698320358085597e-01 7.954443827208886875e-01 8.201609749175846620e-01 8.347530474371750442e-01 8.229856779710130743e-01 8.319784245140690038e-01 8.274795492398169250e-01 8.260933281915575632e-01 8.209409536110290340e-01 8.186897760010023450e-01 8.199830683085603811e-01 7.942091518382583537e-01 8.203961039677456490e-01 7.922236405297877759e-01 8.125670650079337420e-01 8.056648154514441940e-01 7.990841306264732102e-01 8.128620163406596877e-01 7.941346349976672325e-01 8.244482401402805083e-01 8.208088122526380204e-01 8.175309631446068259e-01 8.252498479379175578e-01 8.182843955189784690e-01 8.160735346475859187e-01 8.198447559403214679e-01 8.047766511071843265e-01 8.056547453565899852e-01 8.258546007641419662e-01 8.267498430621154082e-01 8.285860918083258753e-01 8.324047212361891379e-01 8.190949724136221688e-01 8.215169853846104875e-01 8.133605367123685204e-01 8.066725821848979017e-01 8.274011635826005184e-01 8.226628939502390603e-01 8.313169447340732487e-01 8.085705725933665100e-01 8.225600652444648997e-01 8.124123139318417675e-01 8.263801470487980305e-01 8.219605449164184563e-01 8.341643028752070421e-01 8.199232782055787538e-01 8.226907415218503994e-01 8.299327525506591252e-01 8.317735708767587388e-01 8.370863905393521875e-01 8.365000395530493016e-01 8.301477391554223928e-01 8.363574602431276261e-01 8.354401145924428285e-01 8.331977742377626450e-01 8.346692173572128892e-01 8.275242210250352004e-01 8.250979723046015790e-01 8.272135394610032888e-01 8.206629382228125547e-01 8.272921995638962134e-01 8.334892198396839369e-01 8.341914386981190699e-01 8.307750077760505114e-01 8.246201188856721043e-01 8.326033758643441862e-01 8.288315798167434911e-01 8.174178768843071152e-01 8.272838546097770474e-01 8.247098889374371300e-01 8.265560134975082907e-01 8.272976644208726027e-01 8.321563493932290223e-01 8.246236409544792645e-01 8.244653876160040751e-01 8.284820260763811062e-01 8.227418885393077419e-01 8.205691848155725054e-01
3.522769106755006124e-02 1.250086543091436797e-01 3.051643376219492776e-01 5.237193943305904487e-01 4.355041636799169003e-01 4.346304532897229955e-01 7.008342826162892170e-01 1.000000000000000000e+00 6.503760849305023628e-01 6.273641263774792920e-01 7.016430997165971073e-01 7.420619869540066027e-01 6.946378001886825970e-01 5.900316797842353189e-01 7.669782366758187697e-01 7.672187227665132614e-01 6.843975701889610797e-01 6.196112079385169835e-01 6.734192889104302360e-01 6.345952258062683704e-01 6.575593301823382530e-01 6.628375824573011776e-01 6.253146701346762315e-01 5.996953547740833113e-01 6.185980338859659033e-01 7.310239300443205357e-01 7.072643198035213352e-01 7.109492466994775661e-01 6.732631408721433397e-01 6.877518304381221581e-01 7.428822516577685553e-01 7.387856012441534892e-01 6.893026541010655039e-01 7.112698253037632590e-01 6.933500863375835488e-01 7.331585503198144727e-01 7.377580800951044626e-01 7.690128751730369583e-01 7.669347968961854889e-01 7.355410482177149323e-01 7.644975790010376526e-01 7.814339021411238484e-01 7.701101438806194910e-01 7.775858321305236798e-01 7.729154635213815183e-01 7.682435496170809675e-01 7.702834069754376234e-01 7.648006369921496184e-01 7.682054155733694101e-01 7.624495861734651436e-01 7.762998055434905398e-01 7.480953118976267913e-01 7.607600688286786372e-01 7.522112654199890613e-01 7.468147269619863637e-01 7.613963188209755817e-01 7.467749916643537933e-01 7.732384775638453389e-01 7.687769932485177815e-01 7.651794274609771129e-01 7.741967121204049729e-01 7.623415237608253126e-01 7.646204213792660020e-01 7.689279447527135325e-01 7.559647646819280808e-01 7.540730353434069722e-01 7.710976577577810520e-01 7.651873421274906217e-01 7.674117624796575887e-01 7.718143634599192726e-01 7.604859383250082150e-01 7.606798085194861336e-01 7.477931588208884817e-01 7.504956237943345432e-01 7.731571038761267944e-01 7.702410171334282962e-01 7.693598391544611559e-01 7.545761048091751411e-01 7.639114147510004393e-01 7.655943803268043801e-01 7.723202432388122096e-01 7.657773542160487557e-01 7.702076038465089924e-01 7.636358229054704960e-01 7.723852201337930712e-01 7.695391891509553162e-01 7.692266899065696162e-01 7.805917673450023520e-01 7.766592781236569820e-01 7.696778873649576802e-01 7.748975973582479249e-01 7.758268112752103596e-01 7.752991564346424225e-01 7.750423673741990704e-01 7.712757638927232318e-01 7.682804998153079934e-01 7.820687808793962414e-01 7.759176590646964522e-01 7.758659542223457217e-01 7.809000292039344204e-01 7.795981309083495070e-01 7.778530475675536904e-01 7.723847658396891802e-01 7.786898041108146762e-01 7.756754688584355240e-01 7.623926082386944802e-01 7.729097434322211857e-01 7.672742524001373576e-01 7.702272636616197543e-01 7.735667873815893492e-01 7.729637659900475688e-01 7.678537600086191572e-01 7.683937956127475655e-01 7.746395935663764609e-01 7.674251520380839242e-01 7.653519030899336162e-01
1.268355551450451035e-01 1.660131387727427910e-01 3.445654977460589352e-01 5.189483221755022413e-01 4.444533324261947249e-01 4.847019436884656973e-01 6.865907618103473942e-01 6.503760849305023628e-01 1.000000000000000000e+00 7.298211042299329598e-01 7.817827982905920514e-01 8.056249560820174516e-01 7.423515217168522584e-01 6.370848673751022817e-01 8.001173292725467512e-01 7.919017694727927825e-01 7.766445473130541011e-01 6.664353242387417442e-01 7.252222386129090204e-01 6.516045516129495008e-01 7.040052874871609578e-01 7.444011670107709699e-01 6.482077460082558140e-01 6.292298455885489972e-01 6.949892201795525581e-01 8.188697405212106428e-01 8.007063790632285016e-01 7.786900828570363364e-01 7.774621244284554145e-01 8.008662569943340026e-01 8.449070014122360694e-01 7.644320569995280978e-01 7.279129086176502339e-01 7.327543628762451799e-01 7.641903500503939295e-01 7.629190049633707282e-01 8.189056217446817332e-01 7.979719670638988349e-01 8.164828960744642261e-01 7.419763412740973951e-01 8.297023096668558750e-01 8.225244946587214612e-01 8.079651966905758709e-01 8.354506666947077997e-01 8.241767358420829526e-01 8.324835917982952305e-01 8.429992726246900991e-01 8.512008037399340088e-01 8.460666834980938855e-01 7.829184292540968260e-01 8.198990469514253476e-01 8.104624051156107400e-01 8.476138418464468360e-01 8.525584067033924462e-01 8.345257301608107747e-01 8.086377594848316308e-01 8.390494905267944503e-01 8.423237196050624709e-01 8.314555833266665807e-01 8.591290667440280027e-01 8.481674915223107458e-01 8.529606861227568837e-01 8.430548350569221361e-01 8.473443809190566167e-01 8.535325170732942501e-01 8.597581426759992596e-01 8.485830891662825559e-01 8.401479826723579070e-01 8.245063188029783108e-01 8.311003668930743160e-01 8.429447358455011141e-01 8.486546853195756634e-01 8.087722489323374564e-01 8.312156394410772364e-01 8.509199204523171245e-01 8.515459898497933500e-01 8.446971074615979846e-01 8.451408480964694991e-01 8.445270080388317391e-01 8.545508443248822639e-01 8.477110563727036086e-01 8.567064929789637295e-01 8.311861317617098566e-01 8.353543818267578080e-01 8.141081505968591481e-01 8.249379608765304850e-01 8.370872975652611236e-01 8.322866141036733278e-01 8.392297548915708116e-01 8.217890333204562747e-01 8.252656519659266054e-01 8.426365958112839172e-01 8.393284769248836596e-01 8.431103106447039863e-01 8.469302780997011171e-01 8.491480931643500263e-01 8.192568599635682292e-01 8.386302968628873700e-01 8.426350691487083377e-01 8.314029900466873846e-01 8.328407353976337024e-01 8.379168524727433898e-01 8.481045622482041857e-01 8.462503637964705616e-01 8.458283725517142804e-01 8.435205759492306887e-01 8.480678217704662458e-01 8.494192465133312275e-01 8.453007201873340426e-01 8.500654496428972084e-01 8.361924821485527959e-01 8.501354004266521436e-01 8.466222444793719548e-01 8.473910713105916592e-01 8.527089710488147123e-01 8.535019057604329440e-01
5.154573499363569733e-02 2.189382189008577950e-01 3.049577045278447640e-01 4.767356941744024801e-01 4.120140228086358047e-01 4.480713090371911123e-01 6.572132496052407458e-01 6.273641263774792920e-01 7.298211042299329598e-01 1.000000000000000000e+00 7.232290550547227914e-01 7.396821031132149171e-01 6.876277982560117241e-01 6.024776788157132357e-01 7.628942307969318604e-01 7.456627405734678193e-01 6.806112609358652143e-01 6.474638428231882514e-01 6.791572926062843241e-01 6.270471540706517022e-01 6.411077255901724836e-01 6.833868544999007755e-01 6.260144168449229829e-01 6.098194602810974585e-01 6.522222980545852034e-01 7.593443540663893376e-01 7.427294964240429564e-01 7.323376616321908283e-01 7.302368391328110109e-01 7.521319459510928951e-01 7.916623749740563376e-01 7.217032841928252562e-01 6.858623770859086921e-01 6.954906996475391789e-01 7.209105398202197978e-01 7.094283375730955354e-01 7.684865344675447796e-01 7.499501644717702087e-01 7.678654891432742380e-01 7.051950618688268557e-01 7.820351145310380225e-01 7.720065230624409969e-01 7.593449259717464095e-01 7.811696029304070477e-01 7.760006710922087159e-01 7.840548583443170960e-01 7.864684415316132160e-01 8.002061775189948101e-01 7.951051334418186567e-01 7.256758917058055980e-01 7.642335547360598058e-01 7.337969621446051027e-01 7.819386539839333627e-01 7.983766222133096280e-01 7.874108479257743154e-01 7.686784695658473998e-01 7.721842726104662935e-01 7.829800056114319950e-01 7.839769252110285747e-01 7.974983962795064718e-01 7.865374323956756397e-01 7.937607153134935700e-01 7.860063278494878736e-01 7.868188055001871239e-01 7.787262442025153497e-01 7.928950869098362331e-01 7.912280326429348420e-01 7.879516645235307148e-01 7.775107235857996457e-01 7.807655941085539508e-01 7.863258545709639336e-01 7.919993778448601862e-01 7.687243050137987366e-01 7.822764843745466656e-01 7.991062912318777078e-01 7.989972850395251625e-01 7.954333966024836888e-01 7.908607254113607654e-01 7.960132925399799886e-01 8.034867795276148250e-01 8.002952485510994585e-01 8.032320027312774835e-01 7.827784444157450672e-01 7.898352409348051717e-01 7.654245121363894011e-01 7.779931419820189653e-01 7.881525952751854414e-01 7.847341387887030173e-01 7.896582420949567194e-01 7.797399044149694314e-01 7.814780601576258867e-01 7.916140481640030480e-01 7.924120654429435140e-01 7.939631994283882221e-01 7.950562004018244533e-01 7.965002760931486625e-01 7.694956756070392423e-01 7.769318309886674712e-01 7.890682816068043115e-01 7.823958372783551551e-01 7.839269881758031966e-01 7.851645316598324653e-01 7.936204681408186579e-01 7.905322165728650985e-01 7.856609204236828514e-01 7.830467495608013362e-01 7.956378254326501587e-01 7.980552132115336095e-01 7.944322929966129987e-01 7.923690622770336311e-01 7.916749064854952112e-01 7.948053192190740468e-01 7.922235044045062846e-01 7.900794724628068533e-01 7.902205681993991204e-01 7.945505323187480595e-01
2.604609831967395761e-02 1.250073348321121547e-01 3.765751124897225299e-01 5.706011678448039692e-01 4.516180989241138644e-01 5.272855151388308181e-01 7.545593648099490069e-01 7.016430997165971073e-01 7.817827982905920514e-01 7.232290550547227914e-01 1.000000000000000000e+00 8.669432214071319809e-01 7.775042101299881603e-01 6.925503376134741762e-01 8.617151601641790393e-01 8.512343354714576593e-01 7.954459005295557716e-01 7.483075305906136121e-01 7.932102430659796477e-01 7.276565615265769837e-01 7.522343327468654639e-01 7.897398658399250593e-01 7.322418358534578120e-01 7.132610736116827832e-01 7.471956680054900879e-01 8.621941959027149549e-01 8.466908932809406041e-01 8.346046621765412787e-01 8.145108128507035916e-01 8.376701320690934649e-01 8.847895364268922869e-01 8.428199960285261971e-01 8.028207282849126880e-01 8.209446427288287218e-01 8.243485354903249407e-01 8.449069477477049173e-01 8.765301877966901190e-01 8.702549425560652807e-01 8.862691589368686396e-01 8.346584395569978110e-01 8.889074302354564860e-01 8.872737896472793206e-01 8.742042892032364509e-01 8.938304907388069376e-01 8.869395722273063498e-01 8.915703452897567605e-01 8.937434140957976059e-01 8.944118202039933463e-01 8.951705233673469264e-01 8.440222518541544705e-01 8.776212686844614419e-01 8.529196261649426569e-01 8.809826428853730906e-01 8.867835488531059518e-01 8.738574320490201108e-01 8.761874277195440541e-01 8.675694178047511640e-01 8.898063336522453737e-01 8.833162002221274234e-01 8.946580923694431586e-01 8.929322967283318535e-01 8.911516451326297883e-01 8.852319026420863990e-01 8.906078639462415847e-01 8.842049524848004660e-01 8.857001407750062505e-01 8.976077729369716929e-01 8.962252873907163853e-01 8.928013298598241887e-01 8.939287990708492115e-01 8.922827158796058367e-01 8.982858753651047357e-01 8.787773772479412493e-01 8.852101632954977317e-01 9.012427193874363862e-01 9.000333196780416767e-01 9.006929038035984547e-01 8.966579294946976919e-01 9.010530846381162862e-01 9.014195840091590028e-01 9.026127382805184673e-01 9.027371861602276892e-01 8.964500246887109336e-01 8.966661297681789433e-01 8.829279540864336528e-01 8.942429225670757154e-01 8.986660884019289641e-01 8.988085646928321015e-01 9.007225914946702661e-01 8.886258732154337370e-01 8.973315535502139895e-01 8.995759209131740652e-01 8.995384880821521989e-01 9.001307525520537700e-01 8.972814790232903626e-01 8.976064353796875395e-01 8.819699129762070822e-01 8.850834569574783650e-01 8.941089336765596363e-01 8.923013940494356477e-01 8.935438958238934859e-01 8.939329454422582089e-01 8.941742393844787085e-01 8.980917834439734460e-01 8.962169938416807424e-01 8.864898166136273572e-01 8.981243547972111996e-01 8.988556631791563278e-01 8.952921693795270475e-01 8.952779474858603148e-01 8.955123149564898632e-01 8.970742718868557342e-01 8.946628095070970899e-01 8.964983420033195705e-01 8.959224006439380217e-01 8.950475979346362854e-01
2.590251921436010837e-02 1.301440631361732991e-01 3.850206308799999921e-01 6.081668393035908338e-01 4.769698953487344073e-01 5.395915863161068193e-01 8.009395480466536821e-01 7.420619869540066027e-01 8.056249560820174516e-01 7.396821031132149171e-01 8.669432214071319809e-01 1.000000000000000000e+00 8.164397484376618719e-01 7.191875180192947026e-01 9.016656427009649422e-01 8.956189017666028596e-01 8.239911464480155212e-01 7.574986666225461684e-01 8.054061533079535096e-01 7.546520368772803300e-01 7.905996558634699189e-01 8.041149270130169002e-01 7.345458711451153810e-01 7.106369236991907368e-01 7.485964845902937093e-01 8.813124139043534422e-01 8.598827823063551756e-01 8.484829130222274474e-01 8.182942419473269169e-01 8.356816005703426864e-01 9.065493522784965341e-01 8.696361424811834828e-01 8.167110601583157381e-01 8.426927225630502782e-01 8.379466730138039887e-01 8.780995969712297455e-01 8.938338359675784828e-01 9.073884631418628333e-01 9.202415327806735545e-01 8.626451970192758889e-01 9.235176229586885555e-01 9.259117757222656842e-01 9.142867711921961460e-01 9.371115259539792852e-01 9.236072657013774112e-01 9.296424701496907028e-01 9.325666019450729038e-01 9.306176237538387186e-01 9.281225848927491251e-01 8.775479642636021538e-01 9.194401424166525061e-01 8.899946899600355010e-01 9.225556390994466005e-01 9.178222570379526157e-01 8.999877346802602762e-01 9.051090068085886342e-01 8.956791768094650719e-01 9.311184009492415870e-01 9.203225615380138391e-01 9.341878707163870921e-01 9.345772260425448952e-01 9.300648643499469514e-01 9.182336116176894603e-01 9.309676429162720979e-01 9.219748434213267396e-01 9.215202308461540870e-01 9.358079289684773094e-01 9.303391498159745421e-01 9.269650470705814715e-01 9.307672537574962490e-01 9.289245635066119000e-01 9.305701406969204559e-01 9.076066449444215589e-01 9.118537322270739987e-01 9.361612306574751408e-01 9.336385280982824053e-01 9.312652966106604868e-01 9.234916759073202863e-01 9.307488188060364376e-01 9.293792382718822909e-01 9.329460279775367848e-01 9.372428732729806145e-01 9.338938957682619835e-01 9.300227958115810933e-01 9.187314458157688213e-01 9.280998788340023564e-01 9.356536377013995320e-01 9.375510092762957548e-01 9.385943417885640461e-01 9.273926096436366784e-01 9.310177747858725539e-01 9.393266912926120371e-01 9.381601489733469856e-01 9.391507091931279305e-01 9.373327098164713211e-01 9.369430185478002659e-01 9.208376260117147050e-01 9.215274728406870342e-01 9.346380830953059382e-01 9.336602234052161498e-01 9.348223370067194615e-01 9.343528517607831985e-01 9.360457562207513682e-01 9.401256933198810506e-01 9.364798993186452813e-01 9.247271825301058845e-01 9.362876499565652155e-01 9.348991057502160640e-01 9.332659160094499695e-01 9.370758395620908399e-01 9.350502297181659817e-01 9.372253693367814664e-01 9.363794509573858393e-01 9.375007617252938408e-01 9.347777319064914936e-01 9.340983596754341978e-01
3.235569719061737876e-02 1.407792206352278253e-01 3.386896896534727919e-01 5.245243102111293299e-01 4.609867288703135002e-01 4.950283050909229376e-01 7.240895726154535916e-01 6.946378001886825970e-01 7.423515217168522584e-01 6.876277982560117241e-01 7.775042101299881603e-01 8.164397484376618719e-01 1.000000000000000000e+00 6.618479038610957099e-01 8.266616737241950785e-01 8.215467790509105583e-01 7.424549166521839938e-01 6.858897254378175656e-01 7.263871296138177946e-01 6.855060062868214565e-01 7.079449454407464870e-01 7.195086993910405626e-01 6.660231549843773635e-01 6.515854284880432390e-01 6.766045569107939084e-01 7.964046783090511505e-01 7.705531297419617731e-01 7.548236891785563563e-01 7.261681552985507215e-01 7.492405689079126851e-01 8.134258768701558839e-01 7.945862964456292810e-01 7.349316005765396120e-01 7.675624952959758662e-01 7.651444118720783782e-01 7.851947987630337744e-01 8.069057300504869357e-01 8.225355784987767871e-01 8.298546749693179736e-01 7.725665460786388383e-01 8.360229226037436678e-01 8.381461305602669887e-01 8.278883227424417290e-01 8.490847377037181731e-01 8.382675950774340912e-01 8.315070452048242133e-01 8.490595763558884679e-01 8.497792666751093904e-01 8.491736520695669643e-01 7.975941172489678932e-01 8.401139394612945344e-01 7.961303681949242206e-01 8.349789850536446512e-01 8.347819377902157001e-01 8.211526490300713466e-01 8.172021988279645210e-01 8.124877070347685803e-01 8.454991685663675316e-01 8.396099136890142756e-01 8.502933620021462247e-01 8.517027894175450697e-01 8.463498194610776793e-01 8.335829353436959854e-01 8.476585235051071754e-01 8.341695240513696818e-01 8.359052965109269318e-01 8.529214278822608852e-01 8.470020965343394437e-01 8.438812899859170491e-01 8.468138553714060768e-01 8.420277222322765098e-01 8.447995197043707272e-01 8.284000618548680306e-01 8.275172157936866446e-01 8.525836494203412608e-01 8.488476970571375846e-01 8.448618930814647543e-01 8.356217369067622247e-01 8.410674262485597907e-01 8.438999064887414692e-01 8.480403329732271178e-01 8.517376664420988064e-01 8.466543932417489593e-01 8.449958498975234100e-01 8.377158734534100315e-01 8.456695924154327138e-01 8.501976888711932911e-01 8.539455817428229789e-01 8.530359715518691655e-01 8.404569607480474325e-01 8.438476726537292860e-01 8.549476959416665300e-01 8.503832270905887780e-01 8.546813074660779552e-01 8.557347976491040953e-01 8.546543610621509801e-01 8.380688917720053865e-01 8.415512212325741981e-01 8.528859829557188243e-01 8.526552638872617607e-01 8.511073561460702486e-01 8.510250792722556801e-01 8.517990401573963810e-01 8.563213080839203739e-01 8.489955267187341281e-01 8.399204636679632463e-01 8.557397268721527173e-01 8.541666119125966850e-01 8.501397867496673921e-01 8.554613306246094950e-01 8.512606926734233026e-01 8.551790373984911042e-01 8.529685398204674973e-01 8.546031107249811853e-01 8.509480786381539152e-01 8.506623765526947212e-01
