1.000000000000000000e+00 2.433240471166234209e-01 1.731949255935089360e-01 8.072178519631843796e-02 3.617320912153323964e-02 -1.173967426789115052e-02 1.522517263380939942e-02 5.648339707230979473e-02 1.234519160256726117e-01 9.453195728530561226e-02 1.022129382074541265e-01 5.227842225090461453e-02 5.076152032024136562e-02 -9.718135565365505421e-03 3.093163708992129751e-02 5.164234773468297929e-02 9.621693231571008809e-02 3.212756755771196127e-01 2.331409290595061468e-01 3.178212470063719319e-01 3.140629432974021418e-01 2.296209739298834540e-01 2.402023491378541542e-01 2.821620115593567735e-01 2.267081297892933611e-01 1.766415827182610532e-01 1.755115200490413585e-01 1.466576362612017626e-01 1.964345286001452084e-01 2.075492463981605529e-01 1.139572266521282212e-01 1.777370898535880483e-01 1.805498782279492398e-01 1.691987846835912024e-01 1.796408853926952376e-01 6.339769810566868447e-02 9.644579148498144683e-02 1.026521480341587300e-01 1.070060610068599011e-01 2.427876320474882735e-02 4.862097896233832234e-02 4.907872198371954209e-02 1.886189790742854450e-02 6.300174762162868980e-02 8.600025352042967031e-02 4.196810458903933727e-02 2.775853294648712721e-02 3.577280116054466774e-02 4.745053085928877673e-02 6.676645308940334922e-02 7.003820882382907898e-02 8.784337368958097803e-02 5.825620030417688611e-02 9.948159920955226831e-02 9.227327785373463931e-02 6.171026194749061611e-02 9.726716390202214124e-02 4.040189480026492447e-02 5.448178820035447234e-02 5.389203221218342998e-02 3.694204772746021576e-02 5.386828349779919367e-02 7.267953729349355130e-02 6.855060660902388692e-02 5.758603725352353514e-02 7.513194622649387033e-02 4.306118173167840235e-02 1.066275037675375875e-01 1.110834612461483462e-01 1.387032168915992847e-01 1.193645542268259724e-01 8.872351016329017848e-02 1.282131841248993764e-01 1.252228112369876689e-01 6.483162514027594747e-02 6.280284514692621722e-02 5.977255479867441684e-02 8.768233497683691757e-02 7.567929664751214813e-02 8.481125186464652521e-02 7.594835885460911318e-02 5.698786636425463153e-02 6.903622874805491472e-02 9.698810546861461046e-02 5.897284981869890114e-02 8.008661334857407332e-02 4.194197273559384376e-02 4.240617383649390726e-02 4.219381179316441383e-02 5.867419365079223209e-02 3.409634970553721695e-02 2.533369662189027122e-02 3.857469895273867022e-02 3.248926018888648876e-02 1.403974927288560715e-02 2.644337074468595256e-02 2.558966000436037336e-02 5.976371196342054881e-02 1.623090264212951120e-02 2.981379386352947525e-02 1.610771816284387731e-02 4.029484399380425796e-02 2.512468814105326548e-02 2.382172822347799340e-02 4.433643892957459670e-02 6.900112426714410940e-02 4.559060637377354563e-02 4.872323639072299178e-02 5.203323481350612817e-02 2.230810288991513096e-02 2.243359989896046014e-02 2.873921186929069213e-02 2.942988190539417431e-02 4.397792361071063000e-02 3.797211630617377404e-02 5.005284883071139945e-02
2.433240471166234209e-01 1.000000000000000000e+00 1.496209463289575603e-01 1.162499630930171057e-01 9.318224266359219354e-02 8.835219034344438116e-02 1.306583719733074855e-01 1.346255935518061719e-01 2.114749215946875871e-01 1.899945792705974856e-01 1.961027968285690426e-01 1.628895070108135334e-01 1.469637455138420867e-01 1.088168208114271146e-01 1.519770585483777858e-01 1.761889294883437207e-01 1.750959468102304961e-01 2.857450606007936322e-01 2.516402281128737872e-01 2.346839479975015297e-01 2.652999502796517528e-01 2.566715609575112578e-01 2.545608484788777215e-01 2.607293055108458324e-01 2.526765114626162712e-01 2.485612319426639127e-01 2.451763193029178056e-01 2.174737985635010196e-01 2.483172710160551910e-01 2.451850353568693908e-01 2.107542488208925813e-01 2.426041981445049567e-01 2.379789748354028123e-01 2.297498364921926883e-01 2.294469984225245285e-01 1.789400648301184005e-01 1.974137589235649415e-01 2.106440689016501056e-01 2.105482032235928280e-01 1.541735237674977665e-01 1.802580169162669721e-01 1.777165992936627914e-01 1.514258992774716595e-01 1.846791798295346898e-01 1.942448644970629357e-01 1.744020218243316767e-01 1.638396784563313224e-01 1.689341205232094134e-01 1.632727801490236885e-01 1.708066801568049742e-01 1.837904132648104649e-01 1.703916319712807659e-01 1.668226353656899474e-01 2.019153500902869103e-01 1.936641940951914220e-01 1.812237984854949413e-01 1.833257510765284037e-01 1.701746733783315590e-01 1.748552533527587272e-01 1.768899318898979889e-01 1.647977924015193718e-01 1.807384763143159156e-01 1.788305924756475873e-01 1.794241680015304097e-01 1.749100037056024459e-01 1.861464746336725928e-01 1.731940282914380957e-01 2.121938088155757574e-01 2.160647337148930425e-01 2.150145967701018179e-01 2.174229199370915078e-01 2.017093366484662142e-01 2.179058687112096215e-01 2.198174979665883100e-01 1.933162320174064697e-01 1.834355400886913956e-01 1.815312981503501566e-01 2.050056956192330415e-01 1.947424756057027362e-01 1.994746626331824757e-01 1.877812978390454579e-01 1.829942835166086523e-01 1.906548072298994145e-01 1.974594350639916895e-01 1.774996465056826456e-01 1.917857593180730402e-01 1.734404969387356166e-01 1.744198002437397088e-01 1.748069180038460402e-01 1.836102135077595232e-01 1.688016169645734921e-01 1.625713010780993895e-01 1.690514062219870550e-01 1.702742955205964748e-01 1.580645628159879079e-01 1.655546236514000846e-01 1.473968010487422542e-01 1.604776240245698316e-01 1.529513470652795193e-01 1.597490729856855529e-01 1.537377247833998650e-01 1.621596044820811655e-01 1.593220149205432090e-01 1.589375152250395440e-01 1.622356632991693859e-01 1.786989083541505874e-01 1.697118264187289505e-01 1.784496280587893891e-01 1.817692439520733061e-01 1.602652566047373939e-01 1.615991947295919440e-01 1.629885155113900974e-01 1.668133863860088439e-01 1.658964596943482139e-01 1.698509632449438089e-01 1.721190624114766199e-01
1.731949255935089360e-01 1.496209463289575603e-01 1.000000000000000000e+00 3.541308486826259538e-01 2.425531079748583507e-01 2.621823448655541400e-01 3.758173745303308722e-01 3.551947746714857468e-01 3.818758384932229855e-01 3.589410340162066948e-01 4.382790956482499611e-01 4.200505870519498641e-01 3.678060177924379337e-01 2.843119841250477675e-01 3.928731551427296909e-01 4.112254710455703344e-01 3.758595102738220839e-01 4.153616995335970286e-01 4.193613450336924342e-01 3.482582338889503304e-01 4.085202899467460513e-01 4.361352836676903877e-01 4.514556787827775364e-01 4.272870266619205881e-01 4.245761498993427252e-01 4.558174708562622301e-01 4.733443938087318892e-01 4.521242334153515730e-01 4.452493606391415004e-01 4.519852250983661390e-01 4.452975684888858532e-01 4.602774227497571369e-01 4.579615663672386150e-01 4.561628073589724663e-01 4.686757469722013791e-01 4.185537652782577722e-01 4.440464541865277170e-01 4.334663455243512598e-01 4.467104464202746872e-01 4.202788190877381203e-01 4.127732247503224650e-01 4.223354233071109909e-01 4.228124809222911229e-01 4.394926945620482583e-01 4.349327424808483999e-01 4.187048529392818352e-01 3.959246766572297460e-01 3.942024835117122206e-01 3.884103391281329976e-01 4.047080733792298712e-01 4.100463578772756135e-01 4.299063574908321139e-01 4.106116979556126423e-01 4.125029073422944448e-01 4.018410296327200038e-01 4.212524019838205791e-01 4.026178167512767803e-01 4.149235515315684575e-01 3.922697016624126509e-01 4.039786301525263301e-01 4.080710374545484243e-01 3.970151244068838570e-01 4.006214294573278156e-01 4.115106709187655865e-01 4.051603885136798033e-01 4.056250348063215605e-01 4.063587812394758858e-01 4.342520793891476161e-01 4.455396383124515802e-01 4.314254516625997127e-01 4.416765221261063079e-01 4.303634433419299410e-01 4.364795405893686087e-01 4.395701137288524629e-01 4.236202581051504712e-01 4.281657002999313399e-01 4.251060279218153437e-01 4.245786293293056790e-01 4.250595986677097593e-01 4.262782148196446741e-01 4.294068172162012198e-01 4.267580848044432718e-01 4.248051972728827952e-01 4.365888018774438661e-01 4.262415951429673333e-01 4.291062759179203878e-01 4.227004638714193518e-01 4.162290183761909734e-01 4.147568766399417628e-01 4.240653848483204036e-01 4.231513845652320471e-01 4.115762480466650386e-01 4.206989332161150674e-01 4.130911519070212257e-01 3.920867799368205064e-01 3.995971005709622048e-01 4.113985964581237109e-01 3.943365400308376789e-01 3.977346606350525282e-01 4.069672004756488271e-01 4.179209997362623441e-01 4.050965384792428736e-01 3.994832224968012380e-01 4.092943173207950203e-01 4.110945483704909198e-01 4.084083029081293503e-01 3.986228261353700342e-01 4.055848385706895542e-01 4.126860742720039332e-01 3.969680538444556039e-01 4.011259082327313097e-01 3.978629906644822189e-01 3.995758093553372081e-01 4.083127456265429056e-01 3.993486680269860978e-01 4.061955450471042006e-01
8.072178519631843796e-02 1.162499630930171057e-01 3.541308486826259538e-01 1.000000000000000000e+00 3.598712348526597049e-01 4.280217497763538770e-01 5.735067144522496552e-01 5.694254878283653287e-01 5.571983854188139462e-01 4.907575823846027085e-01 6.188309505031645008e-01 6.535327075648051931e-01 5.904433965777230453e-01 4.652792717559604552e-01 6.163142830646600734e-01 6.255109920839874160e-01 5.723729315707414278e-01 3.877930071772998089e-01 4.815587267964385187e-01 4.001027186994454699e-01 4.402004740813307282e-01 5.383718960868522085e-01 4.967091360918956533e-01 4.413427728244006532e-01 4.901545336069271785e-01 6.151121618820004633e-01 6.291135441643613824e-01 6.406693167775692199e-01 5.677593900139358274e-01 5.891165051601020552e-01 6.109482093726210650e-01 5.898051884520622012e-01 5.944880840253937704e-01 5.996316278222832974e-01 6.104133005063903106e-01 6.413601998056526199e-01 6.337614238565509872e-01 6.070437041238129217e-01 6.374188469510463362e-01 6.554906984721238228e-01 6.333918692818782947e-01 6.443182400926744657e-01 6.649086664549473946e-01 6.464468666694040966e-01 6.401068477336110396e-01 6.207355352870846943e-01 6.076257923683954232e-01 6.140246693914953591e-01 6.142052503662062124e-01 6.233317544785188513e-01 6.228963431232341641e-01 6.328700893608030231e-01 6.257128175346239329e-01 6.020076276523039782e-01 5.921658220333672062e-01 6.290982091497742124e-01 6.085556479200666669e-01 6.229892207740764798e-01 5.997897820058899487e-01 6.135893365240082664e-01 6.294897448672788220e-01 5.924656179606503370e-01 6.014912196017530022e-01 6.204793343469312550e-01 6.092303707541137925e-01 6.079535311166235356e-01 6.120527027591885494e-01 5.955100929851772085e-01 5.945191957462949706e-01 5.996076911898365891e-01 6.114743779763134324e-01 6.158066970453391908e-01 5.854020580740518787e-01 5.888500297428870267e-01 6.344963412876741815e-01 6.369902364943189621e-01 6.346623002440126005e-01 6.096567117004615399e-01 6.282832773621366274e-01 6.254520454084092629e-01 6.338575118927048946e-01 6.219723520503880332e-01 6.230994524648477695e-01 6.266689808707669451e-01 6.297978799142937012e-01 6.080525493061641473e-01 6.365558563796459568e-01 6.244346280690757922e-01 6.297657080711502875e-01 6.281012443039137860e-01 6.411366275260440561e-01 6.320704333150909404e-01 6.400750826586762976e-01 6.337113691147594485e-01 6.149419063440230149e-01 6.152191676685723198e-01 6.374329340250833864e-01 6.224268622427790998e-01 6.311304462453134478e-01 6.260791781524026600e-01 6.467841049234381856e-01 6.269756296616774138e-01 6.252864900928608582e-01 6.291414300783061408e-01 6.326578749674229840e-01 6.200760503635703857e-01 6.183970909814316963e-01 6.132047156816928801e-01 6.207093714849373223e-01 6.178427265070061125e-01 6.216652256246582020e-01 6.157521542942291370e-01 6.172338951306381993e-01 6.259187676422560687e-01 6.119761169987453231e-01 6.227474815413344134e-01
3.617320912153323964e-02 9.318224266359219354e-02 2.425531079748583507e-01 3.598712348526597049e-01 1.000000000000000000e+00 3.178499709484499114e-01 4.698688397947047291e-01 4.496261480306065761e-01 4.327230075115462982e-01 4.159939339062206365e-01 4.707898417718844319e-01 4.879142031778481159e-01 4.674487213828426024e-01 3.445592657029864503e-01 4.859978687870621372e-01 4.892167302262320772e-01 4.333338103474783098e-01 3.207566573795443965e-01 3.701850313440545048e-01 2.738125678427237308e-01 3.057721134162870169e-01 3.923057656335917076e-01 4.071876807472356585e-01 3.600001299536744748e-01 3.712612841105635275e-01 4.548227941278650266e-01 4.576954433371638875e-01 4.568340742354863870e-01 3.991364702524909380e-01 4.200629178308077361e-01 4.665077656897725356e-01 4.566719409567268628e-01 4.267120900066490585e-01 4.472621618975864966e-01 4.425388963526653008e-01 4.655422041163398972e-01 4.745079288711262500e-01 4.625620779525343451e-01 4.849329019491983583e-01 4.837570074008035181e-01 4.858378196349724121e-01 4.911212959570632752e-01 5.016769153019411398e-01 4.987752789927428210e-01 4.849181516670273417e-01 4.777858898308238178e-01 4.822091981263524341e-01 4.800405658051202229e-01 4.688998568540394540e-01 4.605935274116512157e-01 4.694399769529695732e-01 4.760591147590159111e-01 4.818300051495136294e-01 4.675754147474626143e-01 4.612170414526378659e-01 4.840241408666413614e-01 4.551743209901252252e-01 4.845250185821226019e-01 4.614157713929425420e-01 4.832318053836999194e-01 4.870503984717736157e-01 4.693927528230632529e-01 4.635262083910215991e-01 4.766077513369709195e-01 4.700677931579421154e-01 4.739393493432980109e-01 4.825996767993541159e-01 4.686744217604641438e-01 4.781060901920531903e-01 4.524144214117939988e-01 4.598265938906757611e-01 4.744017539187406207e-01 4.624028225494370425e-01 4.589473319715974831e-01 4.889773147766955375e-01 4.868676195388720873e-01 4.843681274755177180e-01 4.637062379769148479e-01 4.769455289542668397e-01 4.729724991239873111e-01 4.807964445603118420e-01 4.786547226073727956e-01 4.818161015031662830e-01 4.760450541146995507e-01 4.867584382371167306e-01 4.743908826846416349e-01 4.891533261066021709e-01 4.842772315424990204e-01 4.856995372096939434e-01 4.899086117886121139e-01 4.902029500058135425e-01 4.931692352725552397e-01 4.910032551713729432e-01 4.871248467591290932e-01 4.824952474069179598e-01 4.814196489507639454e-01 4.877810262492459636e-01 4.694402101705956176e-01 4.884301719369134598e-01 4.846936117893030915e-01 4.968430681137092630e-01 4.829454263134018710e-01 4.862673276779557741e-01 4.912578606478895105e-01 4.890598782778163844e-01 4.770060411997058547e-01 4.783602656641212647e-01 4.812839691016784216e-01 4.832287863279843276e-01 4.853120442562494086e-01 4.849755613352290662e-01 4.855327154400889134e-01 4.837979944637412211e-01 4.849588032883422328e-01 4.768922791216982371e-01 4.848871854550592109e-01
-1.173967426789115052e-02 8.835219034344438116e-02 2.621823448655541400e-01 4.280217497763538770e-01 3.178499709484499114e-01 1.000000000000000000e+00 5.208806286323640622e-01 5.041165982286860414e-01 5.479911521557015996e-01 5.044732212897644619e-01 5.682973816436558412e-01 6.011108744146489435e-01 5.303821103041069795e-01 4.608618507137182685e-01 6.088664163514168060e-01 5.884529733817132069e-01 5.449712497186364191e-01 4.024848274200262255e-01 4.979759492730791992e-01 3.381796133297566009e-01 3.973376633180067397e-01 5.048848343727888599e-01 4.826793761994870313e-01 4.412449537418322021e-01 4.947546257603683273e-01 5.732667308270547046e-01 5.737712378030747074e-01 5.944748099822558807e-01 5.435237492338096388e-01 5.424034502097613286e-01 5.942436966885282779e-01 5.587001974633872825e-01 5.477630997231919263e-01 5.585584283740397948e-01 5.478465433498497239e-01 5.878900482634323854e-01 5.947951362013876864e-01 5.859765936646188500e-01 6.068780982370581834e-01 6.035203648279229283e-01 6.225062181029270558e-01 6.210515633222092324e-01 6.103702592760633650e-01 6.142087718292735810e-01 6.072564446934098914e-01 6.126926524236437910e-01 6.096336840526935807e-01 6.147452796566440503e-01 5.925950037926144276e-01 5.753741192707418906e-01 5.965040867812514414e-01 5.931972444859061611e-01 5.957794648366848689e-01 5.891380846313389874e-01 5.742451269642874223e-01 6.006416744459383006e-01 5.626752103372532066e-01 6.120135764661295275e-01 5.862526722616853148e-01 6.066671429693104578e-01 6.138018345440446888e-01 5.873685080705671746e-01 5.797778146712250225e-01 5.931643343975097071e-01 6.051182685254582472e-01 5.884049243044794375e-01 6.126725319588652852e-01 6.063180004112160848e-01 5.993727833564339580e-01 5.852471966855371521e-01 6.031029512617033239e-01 6.124248383149111241e-01 5.916207073790905602e-01 5.975768483137476883e-01 6.212948091616273816e-01 6.190941220103760578e-01 6.228955887841342021e-01 6.075118933866009430e-01 6.170661307893298142e-01 6.102350261423782340e-01 6.193269198964426181e-01 6.186939561352980954e-01 6.143274930703772618e-01 6.073515807900319308e-01 6.144676097974497431e-01 6.079097832124256140e-01 6.260410537349093696e-01 6.187411708477731365e-01 6.231628289020342271e-01 6.145313628250763660e-01 6.268572972954499223e-01 6.249169949639932220e-01 6.243074718867713813e-01 6.248079649986484352e-01 6.178320393143162947e-01 6.152378847691188923e-01 6.100306889763177365e-01 5.890800150981496675e-01 6.186750111338397140e-01 6.155369820214224852e-01 6.274629454641040827e-01 6.071401094796481379e-01 6.156323745853348184e-01 6.220562094095758443e-01 6.179327983309752526e-01 5.953141416242324624e-01 6.026133308991518112e-01 6.137447795188006872e-01 6.114334157630527677e-01 6.131539446094577128e-01 6.103870484078540715e-01 6.135278206525048850e-01 6.097940704740517637e-01 6.142316036639989818e-01 6.116038628466412552e-01 6.089987057543574389e-01
1.522517263380939942e-02 1.306583719733074855e-01 3.758173745303308722e-01 5.735067144522496552e-01 4.698688397947047291e-01 5.208806286323640622e-01 1.000000000000000000e+00 7.040975205578504648e-01 7.246259390818196033e-01 6.763447772644072264e-01 7.639075156416966772e-01 7.895493841788658873e-01 7.334529066618714621e-01 5.925911549172759862e-01 8.324135411827331410e-01 7.873852139574522013e-01 7.160398400871046398e-01 5.372687831106826017e-01 6.563154543118401296e-01 4.537674953602912065e-01 5.196167079156369661e-01 6.743341948060088686e-01 6.519305230791979655e-01 5.823082528036659378e-01 6.547965090408465194e-01 7.568234440534846730e-01 7.589793503144026676e-01 7.800381394761728426e-01 6.994185848465178656e-01 7.118233677462006970e-01 7.953315653262296170e-01 7.436132998214396439e-01 7.050825613030354821e-01 7.377194068161259111e-01 7.279488130378662936e-01 7.916842843973744825e-01 8.000242387826053125e-01 7.789409079355752441e-01 8.011651062632491049e-01 8.056169077383168453e-01 8.074169804497038916e-01 8.142070358648334505e-01 8.265474836708734951e-01 8.189362749530606500e-01 8.131412681744333293e-01 8.102927412908446092e-01 7.960516121179948001e-01 8.004153422245161575e-01 7.727883877201914276e-01 7.747342052574059945e-01 7.893001155696375282e-01 7.905365651071758482e-01 7.865660020302267519e-01 7.804175591918678379e-01 7.699488492154001884e-01 8.048862495662783001e-01 7.534762481678050072e-01 8.053097344651626299e-01 7.731147015657592325e-01 7.946393733247475444e-01 8.030812375597223829e-01 7.730530781547203523e-01 7.705254843160045386e-01 7.788561915666643021e-01 7.938318404037074671e-01 7.802505180399077478e-01 8.002221958214432718e-01 7.914798524386087442e-01 7.846667423808403319e-01 7.604679729192779236e-01 7.881812538617535280e-01 8.022836275132622097e-01 7.698476520075563378e-01 7.826232756127077250e-01 8.115523526633937612e-01 8.173730279538342636e-01 8.192481235115696148e-01 7.899693945427840314e-01 8.085697296785770982e-01 8.034782470403440957e-01 8.107178835937406403e-01 8.133757923474939089e-01 8.046252706828332935e-01 7.934846637723588225e-01 8.073714607168017698e-01 7.926181275927073333e-01 8.247688646288844350e-01 8.105330788391954533e-01 8.185041019308453292e-01 8.097605601013142529e-01 8.215855133855922698e-01 8.190371824710575011e-01 8.215176075350961726e-01 8.187666868167827738e-01 8.035527646644536892e-01 8.029965335181744601e-01 7.975541517539137537e-01 7.729429380522112591e-01 8.017689793609650284e-01 8.065335412872307597e-01 8.237367556685696313e-01 7.937691686206727049e-01 8.033571016597949033e-01 8.108451645992454937e-01 8.100304688051626067e-01 7.802368473367808921e-01 7.902015509659779946e-01 8.022876675507474298e-01 8.016985900792069630e-01 8.007314332983482830e-01 8.003511680666871575e-01 8.008405231692741211e-01 7.972452502292058929e-01 7.993573084965232001e-01 8.003796524623734143e-01 7.981879164070992960e-01
5.648339707230979473e-02 1.346255935518061719e-01 3.551947746714857468e-01 5.694254878283653287e-01 4.496261480306065761e-01 5.041165982286860414e-01 7.040975205578504648e-01 1.000000000000000000e+00 7.038054871125402068e-01 6.769798109156781596e-01 7.580015740479938424e-01 7.741928052678944683e-01 7.184666279339680939e-01 5.705604628302480830e-01 7.869333528699671287e-01 8.019619673686360084e-01 7.213999662999048823e-01 5.746554714399729757e-01 6.607063424070850344e-01 4.920062436371613335e-01 5.677023974207838775e-01 6.874949955168747628e-01 6.592744666381938901e-01 6.173150965126192879e-01 6.615503579275430202e-01 7.551542200275435102e-01 7.381532820728060607e-01 7.552656985694219394e-01 6.899511961774131841e-01 7.128291232953216650e-01 7.593893210653350767e-01 7.702200496742952485e-01 7.302878864911772627e-01 7.613310524774483667e-01 7.361586844327325796e-01 7.597574153137577335e-01 7.662892966273617823e-01 7.832525192966773853e-01 7.988858168467468657e-01 7.737708821704151196e-01 7.964607053093383238e-01 7.979499338106622597e-01 7.922265884646443324e-01 8.029610321979614440e-01 7.935710159750097858e-01 7.851264676313474133e-01 7.992080075406620132e-01 7.954097426045672048e-01 7.937657513004441334e-01 7.910107483616848345e-01 7.954611491543120971e-01 7.703905817389463673e-01 7.954561992206818921e-01 7.889535230612615413e-01 7.818145821877268142e-01 8.039351458368936276e-01 7.781957926966585060e-01 7.993974226922883064e-01 7.898723975701299471e-01 7.937287662847741787e-01 8.023349266378081435e-01 7.876007705858578678e-01 7.847017994302847299e-01 7.944949578567768178e-01 7.878483859273143208e-01 7.866958791115026273e-01 7.961177076957782761e-01 7.936480846656404076e-01 7.933557877695297522e-01 7.697580707033461200e-01 7.898005606605743578e-01 7.982830376790229776e-01 7.833114318982062896e-01 7.833967024277607161e-01 8.025082806471357522e-01 8.029669358978037685e-01 7.986499626966097054e-01 7.821088815629806401e-01 7.962204840877592504e-01 7.951786283808593980e-01 7.954778362628412980e-01 7.927317874791565133e-01 8.010168392834473572e-01 7.961246335299245747e-01 8.032980363795410028e-01 7.966968692207526681e-01 7.995090203709152021e-01 8.085739857590551471e-01 8.060993380626484406e-01 8.039108531059404594e-01 8.061093656005102748e-01 8.026853028116196498e-01 8.057250358282378455e-01 8.038803779725424148e-01 7.996114836105214785e-01 7.994479963697039837e-01 8.018134758646805471e-01 7.952870508873645106e-01 8.079631005270685451e-01 8.058838925181891488e-01 8.091213573533189152e-01 8.053948273437444572e-01 8.011476543584008514e-01 8.056212012286991797e-01 8.034459566696199317e-01 7.981340618353852667e-01 8.035828763160614008e-01 7.990383626422218333e-01 8.037699423651332165e-01 8.014245771124375306e-01 8.032199788248308714e-01 7.987258377155441735e-01 8.009432685729537260e-01 8.053048196508496570e-01 7.961987447342525615e-01 7.994955200030263720e-01
1.234519160256726117e-01 2.114749215946875871e-01 3.818758384932229855e-01 5.571983854188139462e-01 4.327230075115462982e-01 5.479911521557015996e-01 7.246259390818196033e-01 7.038054871125402068e-01 1.000000000000000000e+00 7.516213640733263590e-01 8.223212462641148468e-01 8.436944646291696381e-01 7.819455355250936046e-01 6.396899379150599030e-01 8.455617724676735003e-01 8.486396115818160002e-01 8.119347524572270158e-01 6.374993702198714640e-01 7.259653186470107489e-01 5.340089368780885914e-01 6.040698896706171439e-01 7.372774988659737128e-01 6.972307293424210295e-01 6.675218805369441677e-01 7.180269424140590662e-01 8.327107490973385540e-01 8.156729882535073139e-01 8.175551003647422155e-01 7.837321366289146107e-01 7.863653031917602343e-01 8.483756701750024831e-01 8.196297703231070209e-01 7.675884609624026300e-01 8.094171239618500602e-01 7.915673914933345490e-01 7.990687794372489661e-01 8.273279620993956307e-01 8.475248559229895395e-01 8.630817639638771466e-01 7.999082122907001935e-01 8.776425367529953059e-01 8.623843911035419252e-01 8.207588121877765763e-01 8.770268149359483623e-01 8.635139119439565469e-01 8.712464489964732994e-01 8.810200870241554627e-01 8.897816655848708178e-01 8.705606785586421648e-01 8.457645506717406114e-01 8.659005744758964118e-01 8.410661160221766242e-01 8.707305284035390391e-01 8.876180446142475366e-01 8.704161143778168519e-01 8.676536429789200033e-01 8.632198359063568693e-01 8.793602578173516093e-01 8.701426797283654535e-01 8.888092000777829682e-01 8.828913484934785005e-01 8.792434480882600489e-01 8.742033176091914548e-01 8.766765938855801688e-01 8.836846299362657309e-01 8.859149840834772416e-01 8.871873145796931315e-01 8.802699133704730006e-01 8.727001615765966891e-01 8.520704174189148716e-01 8.703028784002934115e-01 8.806724906892650084e-01 8.589648720098649326e-01 8.641278215463266132e-01 8.890851651324737093e-01 8.843266685919994874e-01 8.803357259791175782e-01 8.801157309025838815e-01 8.797936799596449697e-01 8.833406879195001560e-01 8.767341289644547953e-01 8.853227419520230956e-01 8.797142740308814268e-01 8.750064833158593958e-01 8.712077290611688341e-01 8.745199970740819007e-01 8.752332740157611202e-01 8.817314662414789117e-01 8.840722176598384552e-01 8.795853557673577461e-01 8.681262539050423888e-01 8.816934747159185237e-01 8.800334029251453138e-01 8.836453695268871034e-01 8.843087669757181413e-01 8.873939264447364694e-01 8.535718069894820959e-01 8.665034599932153192e-01 8.759394930988535499e-01 8.772212461195713074e-01 8.696193325956053100e-01 8.802791846218133154e-01 8.809794578359972927e-01 8.830293341768626902e-01 8.817211820296662061e-01 8.793316417368807203e-01 8.848735898477941841e-01 8.910327554900909774e-01 8.878544261919947278e-01 8.844789581948633295e-01 8.809507536884028100e-01 8.880969522172054154e-01 8.852346850528332034e-01 8.842354831785586011e-01 8.864566242598921342e-01 8.887070534427863322e-01
9.453195728530561226e-02 1.899945792705974856e-01 3.589410340162066948e-01 4.907575823846027085e-01 4.159939339062206365e-01 5.044732212897644619e-01 6.763447772644072264e-01 6.769798109156781596e-01 7.516213640733263590e-01 1.000000000000000000e+00 7.561804312926615479e-01 7.686357999865394142e-01 7.038240485373139510e-01 5.928708819291189647e-01 7.801005227765913652e-01 7.852086789611891771e-01 7.255842942492484182e-01 6.075634557670233082e-01 6.925738787404622787e-01 4.916059885851700728e-01 5.702512338955251225e-01 7.069348902134825474e-01 6.766802639120574892e-01 6.301058532457203265e-01 6.894590147254577861e-01 7.708347914823218128e-01 7.692377331893397452e-01 7.737173269032869838e-01 7.422386484761640535e-01 7.449203486174227340e-01 7.962746534920009944e-01 7.757194928521292665e-01 7.375975608764827607e-01 7.580263329643186498e-01 7.527575585760080124e-01 7.467876598583113035e-01 7.778876950783248923e-01 8.008168548956148269e-01 8.001386075733484260e-01 7.607051188092845972e-01 8.072973077986922430e-01 8.031978466524839488e-01 7.688024988130537363e-01 8.065868681671769513e-01 8.010837205896285118e-01 8.065869252589361604e-01 8.105178222057723980e-01 8.129957626039295837e-01 7.917040663409703471e-01 7.829844738501482437e-01 8.025120149330550179e-01 7.688869978956937024e-01 7.869004554643563853e-01 8.133908261778320936e-01 8.012764221599700809e-01 8.080206253268013006e-01 7.787695900681033123e-01 8.062600615252997205e-01 8.030575361341493190e-01 8.092012704754866226e-01 8.051604656964428397e-01 8.013566287910185437e-01 7.990645540834054872e-01 7.948767387098769621e-01 8.036189131479242187e-01 8.038837470333212165e-01 8.114986885932937710e-01 8.147074267310298046e-01 8.129031722220022571e-01 7.815512427473134682e-01 8.063169708471135122e-01 8.162018460441423651e-01 7.966611706136759175e-01 8.050489918934380373e-01 8.158916310876048739e-01 8.158400335243084500e-01 8.147456448836630782e-01 8.148084779716787684e-01 8.124705568109142906e-01 8.150839353577270519e-01 8.113529444291891490e-01 8.172580211514914872e-01 8.118056020776989179e-01 8.103336308150612677e-01 8.087653647045855987e-01 8.081331273432110773e-01 8.095005513472079972e-01 8.167584129065206255e-01 8.132580159122219099e-01 8.128299155911727913e-01 8.096917795609983592e-01 8.100275335078358507e-01 8.113865282059816719e-01 8.136458645905901843e-01 8.101829699235280069e-01 8.105198863793637853e-01 7.793429951759112129e-01 7.811053565572535495e-01 7.975234711383187847e-01 8.039134864129600100e-01 7.980872617214535003e-01 7.965871874413352760e-01 8.008807929290773231e-01 8.058325383438728062e-01 8.033301760848520212e-01 7.953699417119362014e-01 8.037893149505680457e-01 8.165277333501473889e-01 8.143307206627441452e-01 8.068709020001523236e-01 8.041118756282137348e-01 8.079082405451334381e-01 8.042064644631533588e-01 8.030307447952034217e-01 8.092674499800216470e-01 8.055822984730323100e-01
1.022129382074541265e-01 1.961027968285690426e-01 4.382790956482499611e-01 6.188309505031645008e-01 4.707898417718844319e-01 5.682973816436558412e-01 7.639075156416966772e-01 7.580015740479938424e-01 8.223212462641148468e-01 7.561804312926615479e-01 1.000000000000000000e+00 8.765394958377400458e-01 7.972704206744630762e-01 6.563696007445072311e-01 8.732708288655830486e-01 8.689996416779653954e-01 8.118042618114896802e-01 6.662559857808909580e-01 7.654340589466653855e-01 5.793529764813535321e-01 6.581626397856708000e-01 7.886307010039170784e-01 7.613200624283014140e-01 7.001102029174380847e-01 7.640161171985646593e-01 8.645955248877043031e-01 8.672499264129083230e-01 8.787379775529218229e-01 8.257448111761123144e-01 8.339114300301098126e-01 8.925177608956513797e-01 8.652948928585054711e-01 8.376358367200907873e-01 8.549771017629739234e-01 8.525331444434309791e-01 8.600819808562817359e-01 8.882011780043522764e-01 8.885992891713143660e-01 9.026411368679275737e-01 8.719498355570918235e-01 9.009222375464928101e-01 9.052733399918346802e-01 8.777928781433872452e-01 9.117590770999590699e-01 9.026915050720103473e-01 8.967536392708040927e-01 8.961971842590096271e-01 8.996330308690395627e-01 8.824323673082585806e-01 8.766383090833127500e-01 8.935713296908127656e-01 8.765920881392107455e-01 8.864945824490150228e-01 8.926039313245131002e-01 8.800924847890745362e-01 9.017401539219600526e-01 8.687748837494057019e-01 9.005910156763581309e-01 8.840968334931345041e-01 8.960136222768214642e-01 8.975478305965970405e-01 8.802565556086223708e-01 8.814069503127626160e-01 8.856060852927436500e-01 8.928442108252659937e-01 8.874365259645564663e-01 8.994524418483581529e-01 9.000195460560779237e-01 8.994473029380544160e-01 8.823239370610218568e-01 9.009362444033079953e-01 9.057980964073414354e-01 8.815629592960512184e-01 8.926792428393425238e-01 9.096226525766868409e-01 9.129525809864681429e-01 9.122376575933192067e-01 9.029054246121048788e-01 9.063901187292222605e-01 9.060022360930346519e-01 9.060118684800027022e-01 9.074623201179844445e-01 9.044841358622980332e-01 9.058792446396672915e-01 9.071519114088726354e-01 9.002829616427671100e-01 9.089412330934616424e-01 9.071529407297334036e-01 9.077938344158086315e-01 9.077655423184719519e-01 9.115715767740172337e-01 9.070236430178572062e-01 9.111590548760516439e-01 9.096304215526087589e-01 8.981327856389830222e-01 8.998221910806010193e-01 8.876765041510898957e-01 8.773383003057615426e-01 8.950720715329897326e-01 9.008892320776721307e-01 9.035999417065863071e-01 8.941971558310304324e-01 8.968249192114869928e-01 9.034071814599449191e-01 9.027741932960586801e-01 8.869142999521600901e-01 8.936484017557226878e-01 9.033518167555322220e-01 9.038725552153211718e-01 8.970919203282923249e-01 8.956077797157230291e-01 8.970975600788464455e-01 8.952043516627047337e-01 8.989888740149559743e-01 8.967271633160915911e-01 8.985819741571905439e-01
5.227842225090461453e-02 1.628895070108135334e-01 4.200505870519498641e-01 6.535327075648051931e-01 4.879142031778481159e-01 6.011108744146489435e-01 7.895493841788658873e-01 7.741928052678944683e-01 8.436944646291696381e-01 7.686357999865394142e-01 8.765394958377400458e-01 1.000000000000000000e+00 8.318440144773600053e-01 6.820165868656566932e-01 9.176703400445871406e-01 9.074688327497220097e-01 8.316468419866662742e-01 6.179197430922481749e-01 7.354947810785977813e-01 5.479009561978226417e-01 6.175372803082439521e-01 7.636465289730914874e-01 7.321519451762955599e-01 6.765386599108142995e-01 7.373074610855276934e-01 8.641420426140322686e-01 8.629715288254485861e-01 8.776091300314712296e-01 8.096618112360742803e-01 8.264859683522970402e-01 8.974436768290204869e-01 8.686098194309392895e-01 8.297270197910261436e-01 8.607273624614428797e-01 8.438810535496578114e-01 8.755188864968490581e-01 8.926820760025482304e-01 9.093229073215454150e-01 9.235145398848024767e-01 8.960811499290639581e-01 9.405014543887036949e-01 9.343534409030704868e-01 9.181094582842300733e-01 9.435638973938854646e-01 9.279828816173498751e-01 9.288446466858144568e-01 9.367276711215450913e-01 9.397317344689234409e-01 9.281909967456963839e-01 9.161484535202517598e-01 9.292713210483235509e-01 9.011006206833465093e-01 9.268775433805499508e-01 9.241515806016061818e-01 9.125260123497619391e-01 9.329111100484406283e-01 9.085551206340765074e-01 9.398716095233007328e-01 9.241400769139748173e-01 9.375376159646502394e-01 9.423359595964397872e-01 9.253705175525472892e-01 9.231422222394727317e-01 9.312430004581870868e-01 9.298715452500857515e-01 9.287099659042743482e-01 9.378849579673759207e-01 9.183859999593325663e-01 9.177992911044310365e-01 8.972795795339514324e-01 9.153894368664712289e-01 9.288465270820559505e-01 8.984667253263555198e-01 9.034795408969458208e-01 9.415940127112734093e-01 9.432728701147674588e-01 9.392239149287009425e-01 9.212623196584478480e-01 9.327340956997548505e-01 9.339159296735096705e-01 9.344219300908923609e-01 9.389642034174390250e-01 9.360017033715750667e-01 9.270660869105238344e-01 9.371145986051726551e-01 9.261623245068956178e-01 9.421478837544824403e-01 9.416733226335634033e-01 9.425839910121034393e-01 9.384666038065976323e-01 9.394464931957894338e-01 9.467423190844047598e-01 9.461448547642237195e-01 9.462582364087909204e-01 9.417739190013559858e-01 9.424067522815813280e-01 9.268311243639478780e-01 9.197028982306005851e-01 9.397716653291693367e-01 9.410857737057324313e-01 9.432017512914979696e-01 9.371001625856343331e-01 9.403479307227031736e-01 9.463502668209131663e-01 9.420902966566140346e-01 9.284561736329783876e-01 9.372311823783956442e-01 9.396426706768957748e-01 9.396424466264845510e-01 9.414855766482744803e-01 9.387821591715037606e-01 9.417846183962674811e-01 9.388978354211716670e-01 9.413039201346220519e-01 9.360341864885999286e-01 9.408000054218702557e-01
5.076152032024136562e-02 1.469637455138420867e-01 3.678060177924379337e-01 5.904433965777230453e-01 4.674487213828426024e-01 5.303821103041069795e-01 7.334529066618714621e-01 7.184666279339680939e-01 7.819455355250936046e-01 7.038240485373139510e-01 7.972704206744630762e-01 8.318440144773600053e-01 1.000000000000000000e+00 6.241158531684347643e-01 8.359745414493572335e-01 8.354778480355526948e-01 7.642159523998306447e-01 5.575510977885175246e-01 6.653365688375422193e-01 4.898921424000513003e-01 5.539416608745213466e-01 6.841667873150940604e-01 6.602298767822513126e-01 6.105777378207900563e-01 6.652693445273507589e-01 7.863980711754728903e-01 7.853780654233449843e-01 7.895193925345436181e-01 7.249076501473472600e-01 7.365935675174704045e-01 8.087326593233100658e-01 7.808931259320485152e-01 7.303132701367095470e-01 7.712741252488035659e-01 7.529005243493926969e-01 7.855619542099746555e-01 8.049714190715290263e-01 8.159725827325380321e-01 8.337592926776881130e-01 8.034080182775623635e-01 8.525130303192633985e-01 8.465212140350577563e-01 8.258519792821804595e-01 8.587145889180602953e-01 8.378801448943575814e-01 8.435371890842175979e-01 8.542541223846497056e-01 8.592553841253665059e-01 8.433949990062657998e-01 8.210380055688311085e-01 8.379054332841495700e-01 8.208478859730798938e-01 8.467166794859862788e-01 8.426111472461234042e-01 8.264670477230224854e-01 8.413199317135884314e-01 8.217886598794458264e-01 8.574206219375064553e-01 8.349118850680581350e-01 8.575412831776738631e-01 8.596540651408597355e-01 8.416716750450102813e-01 8.372265481179421709e-01 8.470212896406397185e-01 8.477487392811960953e-01 8.469936214139104358e-01 8.578270434080473850e-01 8.383936109532641456e-01 8.367451972886816858e-01 8.170203635738216841e-01 8.297770204570635855e-01 8.446933158413622023e-01 8.189816750491043518e-01 8.210982204224613890e-01 8.613690310099758607e-01 8.591191608285295711e-01 8.552980953547208998e-01 8.368709545110983861e-01 8.502377109668443067e-01 8.482995880357846463e-01 8.455282140194361196e-01 8.547266949565651695e-01 8.513845675148792314e-01 8.400797024461145179e-01 8.490237959930115874e-01 8.407004462351489460e-01 8.552400574067154926e-01 8.595103116608823202e-01 8.594465193441325201e-01 8.562844805159920414e-01 8.532946289746476953e-01 8.634683214457538059e-01 8.630254074776433360e-01 8.616974142874930243e-01 8.616646836071047977e-01 8.608045799038742674e-01 8.435337654150296682e-01 8.398733975324201850e-01 8.605326594538019735e-01 8.572099048302856961e-01 8.597995229077174395e-01 8.574353326927408592e-01 8.579265967818010541e-01 8.641924147124078193e-01 8.599838270387258898e-01 8.490594377831592876e-01 8.570925459597807938e-01 8.597571729095383475e-01 8.589747095626858453e-01 8.600776150776169304e-01 8.575882777825766246e-01 8.620494528052519145e-01 8.578251608682222473e-01 8.597663987575461242e-01 8.564047185846682675e-01 8.605857677218583524e-01
