1.000000000000000000e+00 1.080178569319235615e-01 3.543532785417221609e-01 2.812419936285058264e-01 2.837272946006543298e-02 4.618552570472646279e-02 1.138498419866899036e-01 1.355854065769805938e-01 1.420282782293619539e-01 -1.194888743433280241e-02 1.740689144702183833e-01 9.591457859052009149e-02 3.033974773713764284e-02 2.560638070876608205e-02 6.610322058607225049e-02 6.370503181924627722e-02 2.709707870503689220e-01 2.411677318032133810e-01 2.350458842449964503e-01 1.160393783360061243e-01 2.118922695187704930e-01 2.377669451083302410e-01 1.329907748605139439e-01 1.690370655340686090e-01 1.799948810969978774e-01 2.381781164767936554e-01 2.250360329257202474e-01 1.913526258493739585e-01 1.821472607732514404e-01 1.262155961914517011e-01 1.516966054124594121e-01 8.557130834021109411e-02 7.162775132132030709e-02 1.336544711487609727e-01 1.858198148939668726e-01 6.138315177929793559e-02 1.098423449880923247e-01 7.411480391328191530e-02 9.201653395429532090e-02 1.366443282645125601e-01 9.081798060082023338e-02 6.025554604405129050e-02 3.050312624127147348e-02 8.182621361874896360e-02 1.071634158268063297e-01 7.411854912831288000e-02 2.424375614888888211e-02 4.995271079443584783e-02 4.456006781671512096e-02 9.629100461100084662e-02 8.053490383802773545e-02 1.184377333632237878e-01 6.202809926690028286e-02 8.221839429682351041e-02 7.549608031167102939e-02 9.929055832968156081e-02 1.118987453777533503e-01 5.169320624143074888e-02 8.536873030562465436e-02 5.901196318001276919e-02 2.604084352781288123e-02 6.703700146863558751e-02 9.229142596362759077e-02 6.868561099430250949e-02 8.117527841286174828e-02 8.983149832293207959e-02 7.173526102202834598e-02 9.299344873963542868e-02 7.516272372467271146e-02 6.090002911666723973e-02 8.052542564278507287e-02 8.456291070727027515e-02 6.425858480210439039e-02 7.151639905002168951e-02 9.324840833800447648e-02 7.121046811499422147e-02 6.154201391945036959e-02 8.763919277608750447e-02 6.300142496849746310e-02 6.309641290365178290e-02 5.040362618503398812e-02 5.088489426362115264e-02 6.642208534470162018e-02 5.188645288883989015e-02 5.809030974153782390e-02 7.292405971352802774e-02 4.309898838531108639e-02 3.397619559683302121e-02 4.790037872098830418e-02 5.328665067688962559e-02 4.836181957566643846e-02 2.972749822483397586e-02 5.882628230230536881e-02 3.986099563193635370e-02 1.026983835214859836e-02 2.639401386075049608e-02 3.961218627602570291e-02 6.481429286304771220e-02 2.342599960072740128e-02 3.225970692109159099e-02 1.223969123473385608e-02 4.327792717021679281e-02 4.711816762844624196e-02 2.465670307897248337e-02 5.450967658522239828e-02 5.330161230418746510e-02 3.935913200892405400e-02 2.655585470486646060e-02 5.531944149626608770e-02 2.181126537951859692e-02 1.073697719302087357e-02 1.113730406507523751e-02 3.311098941793809425e-02 2.853665328811865950e-02 4.192007477295888601e-02 5.186607561150354678e-02
1.080178569319235615e-01 1.000000000000000000e+00 9.108901452179717084e-02 1.383770732226368982e-01 7.629922626747996650e-02 5.993746639106719426e-02 1.527940236756157866e-01 1.470198284511964604e-01 1.385570148652327249e-01 1.689340682473360888e-01 1.318826862229641184e-01 1.538547239241499220e-01 1.251146711533227818e-01 1.073115948243302670e-01 1.527688879136277766e-01 1.403264969584299970e-01 1.387931118034413658e-01 1.372478203922540274e-01 1.320429944690663104e-01 1.033406829585643838e-01 1.385080929785311166e-01 1.391434347229912605e-01 1.389611258553506701e-01 1.237087669396071538e-01 1.345046944693751301e-01 1.510258365892716004e-01 1.622293277967589153e-01 1.698779905474826490e-01 1.541072361487496045e-01 1.385014035916843911e-01 1.475245823868542583e-01 1.577693268932904569e-01 1.471508935870872170e-01 1.549471588199579919e-01 1.637004668358769122e-01 1.409370813107113096e-01 1.519603702538073475e-01 1.612017083020985675e-01 1.574425820811005960e-01 1.641674110512015838e-01 1.610421416028558761e-01 1.602633601217174630e-01 1.503523989825034379e-01 1.425787518774355167e-01 1.527245676982827149e-01 1.395359487807472376e-01 1.452666011742524688e-01 1.532691398363729973e-01 1.519356895584804690e-01 1.533751959148570987e-01 1.557972148997157913e-01 1.444890521596102761e-01 1.468430989628234373e-01 1.610895486108155916e-01 1.521264943243557655e-01 1.498674042876890489e-01 1.514938602302534354e-01 1.521094907143294983e-01 1.521011138340830626e-01 1.485115929702960358e-01 1.444334679968452273e-01 1.434191790353223084e-01 1.471492310411176563e-01 1.505180834887192287e-01 1.473810461470005939e-01 1.523905987993393052e-01 1.519211193436655338e-01 1.480856784000283144e-01 1.539856121877000716e-01 1.438362819026256789e-01 1.450066496791953263e-01 1.512800482249727629e-01 1.428214686377794751e-01 1.436231956304036828e-01 1.553545247208161229e-01 1.547198967221138644e-01 1.530039500056727120e-01 1.526337981328272642e-01 1.437349654382714392e-01 1.442729556422799320e-01 1.538291603324046797e-01 1.486792700641938469e-01 1.537069975268308686e-01 1.509584778195870169e-01 1.534588497240668703e-01 1.501185835986718342e-01 1.563832717132566663e-01 1.484379148054715269e-01 1.486227443901324274e-01 1.507531735327186651e-01 1.577169886307306090e-01 1.482702852210807665e-01 1.532226670100484689e-01 1.483411220372747863e-01 1.461912503715935008e-01 1.497564842418564468e-01 1.564348679936845010e-01 1.546893925724927288e-01 1.442999921216888137e-01 1.527475741141057775e-01 1.468179476304025677e-01 1.524568388367444349e-01 1.487249043348943811e-01 1.487058556643107987e-01 1.511400549265861093e-01 1.523870048656873755e-01 1.468109491830204005e-01 1.490199257512254960e-01 1.526637155984264249e-01 1.485647620703854921e-01 1.471768784084762638e-01 1.435095487475777087e-01 1.506161530255140379e-01 1.468822049934394858e-01 1.479197430546253800e-01 1.520806110271548106e-01
3.543532785417221609e-01 9.108901452179717084e-02 1.000000000000000000e+00 4.949466331556430232e-01 1.698763435967612367e-01 2.052442207626047899e-01 3.478780137422451957e-01 3.440199739521047073e-01 3.144500688059126414e-01 1.757020776910486748e-01 4.031267789650539446e-01 3.727934941708647143e-01 2.636571700287242970e-01 2.609087132769732920e-01 3.155247043941957763e-01 3.113343024807255777e-01 3.998074319604151272e-01 3.916868137650683646e-01 4.106710229150186131e-01 2.831201980545751673e-01 3.919876167025161395e-01 4.266574696194249117e-01 3.025807694754626409e-01 3.381964252991648823e-01 3.933154284521363508e-01 4.276171577387167244e-01 4.473828246448369184e-01 4.233285431325943260e-01 4.319585662610509469e-01 3.874569869891389406e-01 4.159821166964999817e-01 3.122884477327554364e-01 3.156758285913160988e-01 3.489660400506026661e-01 3.843949770049571724e-01 3.127982028980664242e-01 3.612208434285116843e-01 3.175279704719491392e-01 3.379491819378696582e-01 3.629131087640599662e-01 3.415642243739568373e-01 3.222731842729864016e-01 3.040422212742454056e-01 3.496864701564469935e-01 3.732764553890481896e-01 3.538607598899307649e-01 2.957559371750851929e-01 3.046399412477595603e-01 2.927316485045516892e-01 3.223183789513852093e-01 3.255732535433014108e-01 3.483760876997078482e-01 3.263305635620600276e-01 3.142018788297885057e-01 3.061940111005416743e-01 3.259738679539040951e-01 3.206627977805648344e-01 3.192289121177906419e-01 3.311084339280068733e-01 3.232703209164423663e-01 2.971277472963258504e-01 3.138787414029669542e-01 3.282456434377320487e-01 3.085146832796950567e-01 3.409091876053204073e-01 3.310750743061494084e-01 3.317054443548283493e-01 3.505165259292076230e-01 3.306024526908958872e-01 3.270167298502623665e-01 3.527115102734131313e-01 3.562535284430322080e-01 3.346070232271160516e-01 3.430645817505543205e-01 3.601240906762529503e-01 3.435097418654714518e-01 3.405618704567933697e-01 3.670043906760571129e-01 3.449320889624625797e-01 3.405298144812916039e-01 3.263158866997589724e-01 3.461850967375538213e-01 3.247850674999759879e-01 3.209703510035092910e-01 3.157460657303604590e-01 3.386603457978057952e-01 3.321236064961226031e-01 3.108595037532181360e-01 3.233438092597528124e-01 3.138021854099434793e-01 3.272106403464810076e-01 3.101505703067319319e-01 3.408202554146242402e-01 3.256798399992896775e-01 2.984261357736696096e-01 3.000226793022118810e-01 3.072502132454245083e-01 3.160793591058206342e-01 3.036966187553607477e-01 3.104062926028060554e-01 2.978976252786569301e-01 3.069612111709724145e-01 3.232003399094456886e-01 3.034411108805813440e-01 3.250264857490434145e-01 3.088130408697103424e-01 3.078403737805095464e-01 3.020699999505546685e-01 3.196066554744623756e-01 3.000607647715158866e-01 2.875188541663399322e-01 2.932341077965210374e-01 3.018005009280159134e-01 3.007930534706325654e-01 3.196401799041780900e-01 3.182094717950044171e-01
2.812419936285058264e-01 1.383770732226368982e-01 4.949466331556430232e-01 1.000000000000000000e+00 3.057320376458838029e-01 3.358794532564861046e-01 5.690679201265955722e-01 5.359053854667594763e-01 4.869021411243412700e-01 3.405451374216220684e-01 5.545050455726535654e-01 6.052933325798361963e-01 4.650196887643289201e-01 4.255461644331621773e-01 5.351040961178774591e-01 5.256888180595231663e-01 5.402014717712928515e-01 5.492608059313247582e-01 5.291068095454176667e-01 4.892860604042176265e-01 5.903736393984478914e-01 5.698057433248052694e-01 4.711566497641248019e-01 5.238776329838688017e-01 5.572533258339240625e-01 5.765968601697527562e-01 6.282454847409660870e-01 6.078734630753422907e-01 5.894890659666591759e-01 5.919072869557769900e-01 6.246143280366293071e-01 5.133804677155623386e-01 4.892598911545746887e-01 5.455732535371990988e-01 5.546239534947168259e-01 5.277706780267239495e-01 5.813864731438616040e-01 5.218121724737526668e-01 5.485330272687769515e-01 5.614591358807416999e-01 5.462175649202429817e-01 5.269816489142538085e-01 5.152354475052058902e-01 5.592289147000397698e-01 5.839952222082864797e-01 5.595683531424652246e-01 5.020743009685664227e-01 5.112567017978001394e-01 5.088417111130824066e-01 5.260350791947515647e-01 5.168083275656600861e-01 5.629431508813744767e-01 5.469360311622366577e-01 5.040768989785485710e-01 5.017221278754798730e-01 5.183589726215067639e-01 5.211817667526048581e-01 5.144319330919286948e-01 5.181572788804437169e-01 5.287701533621141925e-01 5.171404877637351127e-01 5.138636301154444475e-01 5.209796204307539647e-01 5.207312815087803415e-01 5.396170969206579571e-01 5.317334402944160487e-01 5.290600488056687034e-01 5.458902361724023988e-01 5.280717449683394182e-01 5.508892600306870557e-01 5.549922418394483969e-01 5.481200069208248538e-01 5.416361791998633990e-01 5.383479808212575657e-01 5.570775267579071155e-01 5.509125514252454225e-01 5.450598212168529244e-01 5.631850482964908533e-01 5.524959505089804823e-01 5.534546351226957706e-01 5.459973028867985967e-01 5.652760106988654609e-01 5.276059892042471722e-01 5.233340896643143836e-01 5.205098510556406266e-01 5.445994471530947179e-01 5.420090372261718858e-01 5.178130565535127294e-01 5.330632862552646678e-01 5.040531384258759573e-01 5.379267427340371777e-01 5.176613397954655804e-01 5.550116869522350171e-01 5.389962368493563805e-01 5.040202876180926994e-01 5.079316103928052106e-01 5.167763256341385558e-01 5.253769605277993637e-01 5.139376348300248587e-01 5.157004768004345152e-01 5.157655875989278771e-01 5.127006030071800113e-01 5.338437490794342155e-01 5.183399273034751120e-01 5.313223198767034194e-01 5.190996733541340946e-01 5.160899379905641293e-01 5.070917923056016408e-01 5.165654514898264660e-01 5.090176523219717142e-01 4.908106014513610171e-01 5.038324446534684364e-01 5.094431443586403541e-01 5.126203898114408686e-01 5.237732912687762532e-01 5.242078466010134941e-01
2.837272946006543298e-02 7.629922626747996650e-02 1.698763435967612367e-01 3.057320376458838029e-01 1.000000000000000000e+00 2.736237633040151662e-01 4.787386456095514276e-01 4.276640998263189775e-01 4.556765927054222676e-01 4.052875168845717080e-01 4.474399080168171006e-01 4.753402111896310456e-01 4.740691203851407076e-01 3.868369906141863046e-01 4.990487154005731618e-01 5.060265736523720248e-01 4.240777230621811666e-01 4.015113884882234307e-01 4.101117102511697143e-01 4.026242646984672380e-01 4.118313882194914455e-01 4.413357628972320867e-01 4.531761097700563456e-01 4.552226405013355404e-01 4.587564315976769280e-01 4.499181581968659249e-01 4.484043743844934315e-01 4.555282646565497751e-01 4.225446035993860594e-01 4.282075988586257487e-01 4.646893556094265354e-01 4.908819401275833494e-01 4.680823206316085949e-01 4.881504057493221693e-01 4.599304445612619197e-01 4.883165756619242681e-01 4.783896842061711729e-01 4.851708544237016696e-01 4.950093992376881080e-01 4.725285127099741467e-01 4.899454566984746129e-01 5.005054160380733030e-01 4.974834696842528325e-01 5.071329500615708863e-01 4.955507159970525821e-01 4.960686357121965040e-01 4.983781909114578523e-01 4.967042311920685238e-01 4.927248942627386885e-01 4.844878291636385281e-01 4.870174216890229002e-01 5.031597413234411009e-01 4.988261177644887079e-01 4.862777910749880306e-01 4.892037405340646794e-01 4.896221113545574100e-01 4.962734526141505120e-01 4.950379272905943151e-01 4.860173371588798474e-01 4.979832279989487853e-01 5.060812256133534470e-01 4.960490368247896242e-01 4.890452844408377242e-01 5.024410156433746222e-01 5.023541529922159743e-01 5.018447940615216041e-01 4.989683473133980640e-01 4.963075034616583059e-01 5.020031973640133316e-01 4.986694019432870717e-01 4.909964680730631859e-01 4.976758059423128100e-01 5.005968418833606215e-01 4.954085290784991380e-01 4.975079912370970470e-01 4.970877621352860487e-01 5.034240049797632510e-01 4.884578854372543244e-01 4.946591620270129330e-01 4.993860925394632000e-01 5.041089621434940993e-01 4.984328659234809056e-01 4.964469263748707006e-01 5.032097936119138692e-01 5.000487527010426536e-01 5.048752046759799050e-01 5.004087308958853342e-01 4.971477317291187470e-01 5.007670864013071821e-01 4.945815503146089309e-01 5.033382929708898335e-01 4.965108791325207882e-01 5.015858327148372542e-01 5.017982366371670500e-01 4.941992054987683347e-01 4.944293406253256751e-01 4.953298070866954950e-01 4.968406831868509288e-01 4.963658962498625482e-01 4.946700998158250484e-01 5.002151788743484095e-01 4.957359134078624385e-01 5.009395921068713342e-01 5.018084277535315163e-01 5.047484915646154313e-01 4.992112053207853894e-01 4.987936176360279195e-01 4.958235034849911016e-01 4.963456412824655550e-01 4.973107596366054817e-01 4.902837929470130751e-01 4.952697506363594737e-01 4.943117547126145150e-01 5.021060915019517346e-01 4.967600550071535337e-01 5.001130661087672680e-01
4.618552570472646279e-02 5.993746639106719426e-02 2.052442207626047899e-01 3.358794532564861046e-01 2.736237633040151662e-01 1.000000000000000000e+00 4.831747172057269113e-01 4.128551554583215766e-01 4.567373601856587473e-01 3.986707416212560973e-01 4.632014823087393096e-01 4.962542285579548129e-01 4.646200421518069668e-01 4.407866695130738810e-01 5.081113552752601903e-01 5.101153215758984505e-01 4.530906213251081338e-01 4.191112483177399373e-01 4.330316476993616437e-01 3.949848157160771311e-01 4.312984994559296847e-01 4.440094151818107515e-01 4.544509672725497995e-01 4.383239676548204011e-01 4.565210634358889408e-01 4.592649687405689907e-01 4.724866762002224441e-01 4.720413780294883122e-01 4.491606231535129057e-01 4.559366064609435831e-01 4.707354905070890161e-01 5.101259243729444615e-01 4.756111161172571489e-01 4.920702949414549332e-01 4.780803609591198766e-01 4.831042372061468693e-01 4.915945068746419566e-01 5.017213719730183596e-01 5.024424848644349906e-01 4.849928845634206009e-01 5.160603461790069790e-01 5.151173552389786137e-01 5.005176680786920240e-01 5.141230541726578007e-01 5.155767201423184787e-01 5.091287923011549310e-01 5.199902591473963831e-01 5.213483824994622484e-01 5.177503114102977033e-01 5.102606408657702763e-01 5.133540907006649556e-01 5.011370246909423454e-01 5.191637468277970902e-01 5.111880753364013152e-01 5.079733935435003511e-01 5.091817680204890895e-01 5.085833798310942511e-01 5.147831379732689117e-01 5.105482704628417912e-01 5.247966514740467492e-01 5.197224805439523143e-01 5.116769953378205171e-01 5.066518859331742286e-01 5.179711727924388720e-01 5.224261562735812436e-01 5.202018207725814802e-01 5.233009089483185994e-01 5.245169291309136339e-01 5.237544311783012274e-01 5.185517663506161723e-01 5.204370104193146718e-01 5.257707327136640352e-01 5.210683339528147107e-01 5.164019452906649654e-01 5.231390664275353819e-01 5.249260403007219855e-01 5.236631358155049432e-01 5.171436948324443783e-01 5.163106154019219129e-01 5.175821438418852782e-01 5.154222567773851793e-01 5.204569775955554256e-01 5.261334708414959760e-01 5.223001630567215559e-01 5.206151175220185001e-01 5.225944371019464185e-01 5.197380363744099618e-01 5.236914850060181426e-01 5.241855787346078044e-01 5.222524327889145335e-01 5.231910401592603233e-01 5.265981933360839307e-01 5.251612024994807282e-01 5.237819041756830440e-01 5.244153884483399031e-01 5.234701814984317192e-01 5.165064844745035355e-01 5.229969869163947349e-01 5.256437659137214169e-01 5.236042284810222824e-01 5.236923993690337786e-01 5.208931854386182891e-01 5.255804627598358314e-01 5.253877959772921269e-01 5.216510339370473703e-01 5.227557299663543322e-01 5.264294262213403686e-01 5.235219528561120272e-01 5.239439016526142856e-01 5.244538116052405163e-01 5.188655589432618065e-01 5.245661367092808725e-01 5.219433686899737079e-01 5.246427182709902937e-01 5.237767550131917638e-01 5.239127939624429464e-01
1.138498419866899036e-01 1.527940236756157866e-01 3.478780137422451957e-01 5.690679201265955722e-01 4.787386456095514276e-01 4.831747172057269113e-01 1.000000000000000000e+00 7.383297599774938380e-01 7.184372710021965647e-01 6.164765158711826842e-01 7.358067166062252085e-01 7.994353063721350017e-01 7.107883905563453508e-01 6.719208936390368425e-01 8.297595853761582374e-01 8.058712524154066914e-01 7.210804336374421197e-01 6.714725378959899293e-01 6.968518211596032019e-01 6.349746898274494233e-01 6.672152339719925607e-01 7.330519775690805817e-01 7.263614213816226295e-01 7.104617084011228823e-01 7.350671998345134073e-01 7.590277852668679825e-01 7.798839985184191637e-01 7.911801544292793587e-01 7.194437209390024401e-01 7.340280434113622965e-01 7.686482115984248908e-01 7.986174361439012381e-01 7.622927670050050342e-01 7.866657866492716700e-01 7.731386670787158133e-01 7.748164871765567119e-01 7.903366777631251061e-01 8.019307350003979096e-01 8.048543816005899743e-01 8.154116385729613947e-01 8.157792002642497708e-01 8.216418910852875124e-01 7.992251273491171037e-01 8.212768008637345574e-01 8.232252107448734257e-01 8.147039048980966314e-01 7.971690683049570403e-01 8.036575663932848945e-01 7.991786087365951863e-01 7.970674766095049435e-01 8.052707078506201599e-01 8.076641819517202947e-01 8.077378945314345193e-01 7.981356488949028494e-01 7.946867695918659047e-01 8.077044083723683432e-01 7.993873306984616844e-01 8.083044568801074359e-01 8.013364746739981559e-01 8.109652941346573440e-01 8.034818859371648525e-01 7.945930315042116776e-01 7.897668147068841460e-01 8.059760035798176903e-01 8.066943570969585808e-01 8.052369584193196372e-01 8.078668975556514420e-01 8.107028270755206600e-01 8.098356613514787750e-01 8.012650690046231317e-01 8.029286489297363660e-01 8.123106019086083762e-01 8.087952018392785547e-01 8.054150731181107803e-01 8.241807769257701866e-01 8.189934576196024052e-01 8.180235582900936553e-01 8.045436146477592532e-01 8.107824901391462724e-01 8.062512250357571908e-01 8.119708654631253575e-01 8.104881401093287918e-01 8.176302555082364254e-01 8.037587909150843979e-01 8.085761260578142595e-01 8.169873220275737369e-01 8.122492136057610779e-01 8.133067375779587938e-01 8.096734159842254863e-01 8.064667603017027231e-01 8.244639567975067251e-01 8.117482898156669346e-01 8.231329947353704934e-01 8.172337600978472061e-01 7.988325640387167192e-01 8.026076705286899760e-01 8.133742689394340974e-01 8.064640773681606145e-01 8.061995945616149406e-01 8.100092556443450054e-01 8.108417765869118110e-01 8.045694202232005487e-01 8.106108026568139557e-01 8.115493926077413933e-01 8.167569111809642735e-01 8.086390147277963125e-01 8.090101442284708400e-01 8.041502651947805003e-01 8.099096263539070639e-01 8.070998732729821601e-01 7.973580942883079503e-01 8.009452578225509933e-01 8.035835202509219455e-01 8.073178263612207362e-01 8.054241517696419939e-01 8.067480473625434634e-01
1.355854065769805938e-01 1.470198284511964604e-01 3.440199739521047073e-01 5.359053854667594763e-01 4.276640998263189775e-01 4.128551554583215766e-01 7.383297599774938380e-01 1.000000000000000000e+00 6.897739002270114606e-01 5.853072497345099823e-01 7.031042825825450926e-01 7.560255780832253469e-01 6.871600905086681088e-01 6.267011411180373193e-01 7.857191181425231541e-01 7.796687741486669765e-01 6.965380909925036335e-01 6.481140868584308601e-01 6.755539396000254104e-01 6.028248713450483631e-01 6.468841957481530347e-01 7.037789687100504121e-01 6.996976885392610646e-01 6.870900495720712042e-01 7.109085977482595409e-01 7.207053689347751035e-01 7.333016324181155232e-01 7.390764955979319817e-01 6.692058313495372612e-01 6.785734847851865315e-01 7.173769180248648070e-01 7.643303160149337305e-01 7.317525922350760492e-01 7.526742023230146295e-01 7.384110147443611050e-01 7.422573547197727217e-01 7.493839683410040697e-01 7.638142363894998565e-01 7.655346315825668491e-01 7.625045530911753744e-01 7.782017602516225763e-01 7.806057838970308360e-01 7.608176118445079128e-01 7.811280993744811330e-01 7.779600112628480835e-01 7.721527777699498385e-01 7.649687664335925730e-01 7.697530434583373937e-01 7.589542196471434909e-01 7.570655554501112272e-01 7.691888386346017459e-01 7.708263686303358231e-01 7.702134073632076472e-01 7.642515070563782320e-01 7.559709148464865969e-01 7.674034490963131949e-01 7.611960358479711308e-01 7.708757157330480281e-01 7.625467456603053362e-01 7.742032523269766209e-01 7.686236083609330194e-01 7.574174499214877399e-01 7.575909241465378363e-01 7.678291888195882819e-01 7.729817324387098232e-01 7.714443955187174629e-01 7.732878761320400862e-01 7.791390986142843200e-01 7.793544415319021423e-01 7.638153051502343249e-01 7.718340789772099031e-01 7.782362853622750709e-01 7.781490353108564406e-01 7.745388980249093835e-01 7.856042708050835488e-01 7.800425398153794099e-01 7.775963831728662790e-01 7.629355469874110618e-01 7.700474336086303717e-01 7.690005882174274499e-01 7.726241618594094085e-01 7.682433938440903498e-01 7.797872981646762902e-01 7.708862580849314972e-01 7.750284716462938484e-01 7.846894316780727019e-01 7.763870276204113408e-01 7.769753186217941421e-01 7.801745017320739217e-01 7.717815291947514034e-01 7.874442998621598022e-01 7.747158437402001940e-01 7.851374542819712365e-01 7.780927949273740429e-01 7.657753755460557921e-01 7.678008326405447725e-01 7.749712642614958735e-01 7.719736341646182831e-01 7.705225773080957019e-01 7.739889662364973777e-01 7.767190952925625558e-01 7.733612414458661544e-01 7.765452414029153649e-01 7.742406160007764271e-01 7.792008214734135185e-01 7.753655323800706656e-01 7.720885601705106405e-01 7.660565066862100592e-01 7.725640890175120568e-01 7.708908699161125533e-01 7.622056977296957081e-01 7.660190800538616562e-01 7.678648214802190619e-01 7.722172513521934345e-01 7.723499945332463756e-01 7.715978676257583269e-01
1.420282782293619539e-01 1.385570148652327249e-01 3.144500688059126414e-01 4.869021411243412700e-01 4.556765927054222676e-01 4.567373601856587473e-01 7.184372710021965647e-01 6.897739002270114606e-01 1.000000000000000000e+00 6.633934721788408151e-01 7.656387367802779398e-01 7.974861430532350637e-01 7.288533333754800836e-01 6.843488850820914626e-01 8.259417099145602847e-01 8.116350881827500974e-01 7.702301883445162867e-01 6.858737723022418908e-01 7.077039751253680899e-01 6.607020881078541352e-01 6.956402691033169994e-01 7.340029278531032819e-01 7.613020923761590897e-01 7.312437791842477663e-01 7.412581748560734818e-01 7.844314553088774788e-01 7.779782494837641504e-01 7.680357392580914322e-01 7.374903399742680499e-01 7.238419800155451167e-01 7.640708678245835550e-01 8.223026940653406225e-01 7.638668587694036338e-01 7.968090780376827498e-01 7.748255900742733182e-01 7.849403464680012599e-01 8.020916762437697578e-01 8.190476417098012663e-01 8.103054677947945095e-01 7.795273430942774029e-01 8.398307862299545512e-01 8.337947658479746282e-01 7.964694846978322973e-01 8.400293393441083944e-01 8.257509395434325938e-01 8.244916628816656434e-01 8.501316571193765492e-01 8.567527163513840582e-01 8.487429963601487160e-01 8.319772445018651652e-01 8.374620571220990906e-01 8.097545728104462714e-01 8.385671801347024390e-01 8.546412523996502753e-01 8.484102287944499388e-01 8.417870027895160145e-01 8.534142539796991667e-01 8.400625599294815338e-01 8.512590316860206840e-01 8.546465996507137675e-01 8.451305863590463652e-01 8.519587930770807782e-01 8.476846820492267565e-01 8.504318233450560705e-01 8.433735705064168142e-01 8.530915770327915926e-01 8.535049994781274130e-01 8.490793570432129123e-01 8.518913543057258231e-01 8.371086444456639075e-01 8.394884004247190612e-01 8.470892623789217923e-01 8.396468366796338012e-01 8.353835503272751817e-01 8.537492794557326459e-01 8.520724472883380862e-01 8.500936110656432954e-01 8.441566898792677298e-01 8.384974671012751513e-01 8.413669174683698904e-01 8.396897131465509423e-01 8.391941088004403193e-01 8.520669680111471189e-01 8.469254591738267779e-01 8.474876967735941458e-01 8.450307232867900753e-01 8.413606493012688592e-01 8.504354706802909059e-01 8.470751245784462480e-01 8.486239244496911471e-01 8.430898066951878489e-01 8.482050438545538640e-01 8.461954885186951936e-01 8.461163915563484350e-01 8.418172489932062019e-01 8.491424371907000390e-01 8.347473545685943908e-01 8.474758518866691848e-01 8.415014463361493169e-01 8.436685877891871854e-01 8.391950937598797733e-01 8.497610697051100059e-01 8.478626229597636677e-01 8.480787499870704460e-01 8.441786926162687665e-01 8.484973280427112741e-01 8.523533455603290454e-01 8.508767429572823282e-01 8.542302642802862556e-01 8.475385847681924378e-01 8.430505790211439976e-01 8.464701935966617574e-01 8.492689724509865368e-01 8.486187968629657075e-01 8.449285516510466332e-01 8.508491167740001027e-01
-1.194888743433280241e-02 1.689340682473360888e-01 1.757020776910486748e-01 3.405451374216220684e-01 4.052875168845717080e-01 3.986707416212560973e-01 6.164765158711826842e-01 5.853072497345099823e-01 6.633934721788408151e-01 1.000000000000000000e+00 6.154652282145104403e-01 6.760635738300008191e-01 6.384634000884682470e-01 5.851523924209864891e-01 7.202237435297926815e-01 7.122756726333973054e-01 6.174056480704979144e-01 5.560881519475728840e-01 5.839600507404254515e-01 5.618584448531269704e-01 5.588893139897976869e-01 6.001516430345381625e-01 6.521233917962118154e-01 6.194736205187797440e-01 6.156224200281277259e-01 6.442221612310599088e-01 6.360618720789378289e-01 6.470927376658281993e-01 5.982487716920378285e-01 6.016594035684430519e-01 6.357859854564592572e-01 7.259890637347762299e-01 6.767835330686794437e-01 6.936540917470600531e-01 6.506750428635565964e-01 6.904423786238486072e-01 6.751317063427787479e-01 7.299015073105262763e-01 7.082470807866567686e-01 6.855566510069918129e-01 7.344806484002558422e-01 7.418473292904743666e-01 7.138949062258502787e-01 7.283058022701863754e-01 7.113131863669381882e-01 7.168164680555403345e-01 7.455981261384153624e-01 7.485737337991665852e-01 7.401028337448861683e-01 7.117183096941256393e-01 7.339472077726956201e-01 6.925876984290084692e-01 7.218515312394332417e-01 7.409841740462674853e-01 7.364906537594669844e-01 7.297168843539069139e-01 7.231503377069105065e-01 7.371049145464674268e-01 7.353503835735256677e-01 7.431443804953643539e-01 7.404404459073613554e-01 7.343449802262439485e-01 7.253626549211786845e-01 7.391263766033372429e-01 7.257914582690953020e-01 7.333017337141883862e-01 7.393514853247639129e-01 7.332657905260371312e-01 7.390394095886718695e-01 7.303830770470834954e-01 7.235690457406235288e-01 7.311134936839098764e-01 7.351301625406656548e-01 7.254343350465255469e-01 7.366075214997687137e-01 7.389936538362457119e-01 7.407889810660023278e-01 7.204705656836908334e-01 7.289052407666034572e-01 7.256585751328977762e-01 7.321189304229855921e-01 7.299076564471265183e-01 7.439366566489763466e-01 7.358643131405586679e-01 7.426172507039578985e-01 7.372835316771623182e-01 7.365046901996686879e-01 7.486406155521448946e-01 7.403532966219532607e-01 7.442287901484849755e-01 7.459817243615768367e-01 7.486396590865063150e-01 7.391355856822883208e-01 7.438412637754802104e-01 7.458226799402429830e-01 7.468660420526144206e-01 7.382713243385740087e-01 7.377938261333327752e-01 7.435187809814258753e-01 7.450443355296638703e-01 7.443799225605995940e-01 7.464816358003069086e-01 7.383501956251614651e-01 7.450320849581070215e-01 7.399893230489003049e-01 7.417425453430724902e-01 7.455738337510346980e-01 7.492939869903731953e-01 7.444702501553857044e-01 7.492156954172891625e-01 7.491647022910145060e-01 7.475850483504112853e-01 7.457994811543431357e-01 7.469300517888105562e-01 7.383128218085804884e-01 7.418069086662686384e-01
1.740689144702183833e-01 1.318826862229641184e-01 4.031267789650539446e-01 5.545050455726535654e-01 4.474399080168171006e-01 4.632014823087393096e-01 7.358067166062252085e-01 7.031042825825450926e-01 7.656387367802779398e-01 6.154652282145104403e-01 1.000000000000000000e+00 8.377294499721080756e-01 7.469869564548287100e-01 6.999735915828847466e-01 8.385574737945082902e-01 8.245691851985339493e-01 7.762467822216881919e-01 7.238761642755480175e-01 7.621668948319095804e-01 6.764690717464305614e-01 7.332768496983640416e-01 7.913249701544810000e-01 7.709509354092239919e-01 7.567379210248210697e-01 7.950837561243947471e-01 8.267503887040594801e-01 8.300473834353718772e-01 8.258623355712250147e-01 7.851354815544995258e-01 7.886261156867682143e-01 8.312277054024439504e-01 8.313099741676752696e-01 7.922980824974973357e-01 8.192510795633950460e-01 8.169584936936828967e-01 8.112517665074157058e-01 8.398048879988994075e-01 8.308755935992058195e-01 8.380394893954132840e-01 8.232988653959217862e-01 8.613731046295307614e-01 8.515660112972071039e-01 8.220259614017593197e-01 8.647424086591944947e-01 8.694704353260772622e-01 8.574530979835793820e-01 8.521737636436762520e-01 8.573905275390216740e-01 8.458852135281557105e-01 8.389016576957136762e-01 8.484833041831647549e-01 8.395950558319905666e-01 8.586777732933472684e-01 8.584607303513100973e-01 8.573792725825111205e-01 8.594833877745692297e-01 8.558560732193876142e-01 8.579323947324491995e-01 8.591893536643369078e-01 8.601893710090842138e-01 8.444244205114540547e-01 8.533440312491528124e-01 8.523068888916531805e-01 8.502418731701466559e-01 8.636703487869085150e-01 8.666431731324905074e-01 8.666987645089573311e-01 8.722648258800468346e-01 8.625250448691496041e-01 8.538410388755449665e-01 8.665990078771136362e-01 8.738302298699822668e-01 8.588250030614077435e-01 8.617673565672280267e-01 8.767879061746296498e-01 8.723678840570159299e-01 8.696531202493023027e-01 8.705525035941590328e-01 8.638798559357004914e-01 8.653681626609767141e-01 8.552317258328896443e-01 8.675221367590847388e-01 8.665316908899005632e-01 8.553548468151093154e-01 8.553272442489596727e-01 8.637948923929298362e-01 8.609029424169116762e-01 8.580604087707955907e-01 8.599279482637821603e-01 8.609315222457220029e-01 8.597305781713714401e-01 8.604108857629170215e-01 8.700464761083496201e-01 8.662961678598309900e-01 8.520342597047131372e-01 8.584320544202443948e-01 8.462474976804454929e-01 8.550953696069195642e-01 8.491473897863816012e-01 8.556569606404571537e-01 8.532756306664460721e-01 8.589551478434419574e-01 8.632190479114021375e-01 8.565055893527971920e-01 8.656839349488665292e-01 8.572990023595048470e-01 8.581701910904760977e-01 8.595583455842803478e-01 8.648763685981929461e-01 8.556827774694805155e-01 8.517182996503883663e-01 8.513270416557658926e-01 8.586287039022177936e-01 8.579807741375098384e-01 8.636757953283933364e-01 8.655168769145347163e-01
9.591457859052009149e-02 1.538547239241499220e-01 3.727934941708647143e-01 6.052933325798361963e-01 4.753402111896310456e-01 4.962542285579548129e-01 7.994353063721350017e-01 7.560255780832253469e-01 7.974861430532350637e-01 6.760635738300008191e-01 8.377294499721080756e-01 1.000000000000000000e+00 7.993739752013067079e-01 7.497382164839783147e-01 9.025091130346499790e-01 8.884321485350989978e-01 7.885187441521364082e-01 7.423477747864054566e-01 7.592900346011506318e-01 7.308962412579207424e-01 7.697659723959636713e-01 8.019329624899774744e-01 8.228194331024438757e-01 7.987298179359724193e-01 8.150296281517134256e-01 8.325600494430583920e-01 8.603384565014263741e-01 8.597354889387295307e-01 8.183002118525672941e-01 8.471609202741439137e-01 8.866126925849984186e-01 8.922676966934077747e-01 8.387767067416926903e-01 8.766956517810094995e-01 8.543955054470482313e-01 8.675771131030889372e-01 8.989160670029324729e-01 8.963206147649316335e-01 8.991063023399411547e-01 8.723606231020470947e-01 9.114849188514549949e-01 9.076510050443030719e-01 8.851076370681495442e-01 9.187896673232357481e-01 9.177134535913203939e-01 9.102910645596753447e-01 9.165785420177404719e-01 9.187063334651995872e-01 9.135924517534812495e-01 9.000185765910976299e-01 9.061160930961666971e-01 9.004512921411811366e-01 9.167777009166219182e-01 9.130791210923107082e-01 9.076552148051070246e-01 9.065142539306767500e-01 9.155911450919559380e-01 9.121542574617849120e-01 9.168289455790329390e-01 9.262187059566400205e-01 9.207575033339535642e-01 9.181336073143386844e-01 9.138815049664675838e-01 9.196338304203676151e-01 9.193617447353148453e-01 9.235639794645902345e-01 9.213546333792830278e-01 9.209169397107521693e-01 9.228520886080682217e-01 9.187694805377670804e-01 9.185076655936857959e-01 9.225105414346059796e-01 9.177429327960157091e-01 9.142740066856033243e-01 9.285895438243300104e-01 9.270436987856036648e-01 9.240664899693064038e-01 9.213595461124663988e-01 9.205401698454371839e-01 9.253002340944630477e-01 9.226737912245970286e-01 9.325497468262150536e-01 9.267828434129088411e-01 9.141567387423690239e-01 9.173731180401638596e-01 9.248151754980784567e-01 9.283351954147482932e-01 9.209327203971763298e-01 9.235654349175560496e-01 9.172204675726807199e-01 9.207594465113174698e-01 9.217950606854691253e-01 9.315051916189922565e-01 9.277588832386888251e-01 9.177334751067648400e-01 9.212150084767016800e-01 9.156708360012716374e-01 9.224996218379983848e-01 9.205426151157823922e-01 9.194514074332537090e-01 9.204934026705797745e-01 9.232361978959731097e-01 9.256121038323947836e-01 9.233734155331770888e-01 9.249922910181618274e-01 9.244182819348909508e-01 9.224105347549118594e-01 9.203589512691734420e-01 9.221505098438225190e-01 9.198402820275386471e-01 9.151276273237801684e-01 9.196170602687504525e-01 9.244816225060907833e-01 9.242793013737597985e-01 9.211889903272620916e-01 9.264882215090355366e-01
3.033974773713764284e-02 1.251146711533227818e-01 2.636571700287242970e-01 4.650196887643289201e-01 4.740691203851407076e-01 4.646200421518069668e-01 7.107883905563453508e-01 6.871600905086681088e-01 7.288533333754800836e-01 6.384634000884682470e-01 7.469869564548287100e-01 7.993739752013067079e-01 1.000000000000000000e+00 6.875665342011625381e-01 8.225434179231663201e-01 8.239329370505297234e-01 7.048844312238736753e-01 6.436823913706997136e-01 6.692521888428747401e-01 6.271957949983123504e-01 6.438906356070310810e-01 6.980650901815202980e-01 7.644372485193298150e-01 7.087697779412055477e-01 7.271169361050058288e-01 7.418420157283979188e-01 7.505253651260476166e-01 7.602265230708502575e-01 7.070575726211114631e-01 7.390670510965229312e-01 7.694134937572941757e-01 8.281418161104487918e-01 7.793550283270783696e-01 8.017782286435678474e-01 7.782353548166768276e-01 7.993382372361360622e-01 8.065176975755214972e-01 8.253426765048479385e-01 8.204481511041963326e-01 7.884760809893285316e-01 8.375835383509646626e-01 8.338402989512353480e-01 8.175486532100205705e-01 8.386569757855026896e-01 8.268630265892074060e-01 8.248549823400329606e-01 8.429524505877861174e-01 8.467189446941419950e-01 8.427517341452559485e-01 8.276016414820207556e-01 8.353036501630666244e-01 8.158302830641667169e-01 8.366127216184897630e-01 8.370227721883712890e-01 8.353783199363276069e-01 8.356991488404379442e-01 8.320050313992815028e-01 8.386679846878488664e-01 8.346850413732147533e-01 8.435960187502956620e-01 8.443095694265901896e-01 8.353890847121540064e-01 8.297323214538312453e-01 8.406504040674787070e-01 8.366185558398057109e-01 8.415414795168327800e-01 8.428138440402116460e-01 8.380796819063122127e-01 8.493410053169567764e-01 8.273450659943949459e-01 8.282750287764526487e-01 8.379292313641857337e-01 8.350894809475217784e-01 8.324182427513561189e-01 8.423070501300434776e-01 8.422088542266149558e-01 8.422290179026216128e-01 8.323502004242107066e-01 8.342192523621007050e-01 8.399753004752111840e-01 8.432733402269730894e-01 8.423318872020187920e-01 8.494564493966818564e-01 8.441437882083325794e-01 8.487127545451893518e-01 8.459571286769328458e-01 8.490638205969808228e-01 8.473063604382915504e-01 8.495536259758039721e-01 8.480157246142293603e-01 8.467552790728384293e-01 8.473443830713002223e-01 8.483023775903653085e-01 8.476826164258247642e-01 8.472770269255087694e-01 8.484640541582610940e-01 8.458887614458124871e-01 8.449590649122261654e-01 8.468781545058884364e-01 8.462453539432808203e-01 8.486443738339654042e-01 8.489654289145484034e-01 8.474472207506827948e-01 8.508046902503318965e-01 8.489254498616328748e-01 8.481092293996705944e-01 8.488168844157253368e-01 8.471556940138765812e-01 8.457000649606527531e-01 8.472693809831914891e-01 8.431979795673305578e-01 8.459620838017980482e-01 8.484979342816081349e-01 8.503612848181382189e-01 8.446575793324284653e-01 8.478619647303067275e-01
