1.000000000000000000e+00 1.724372166556430719e-01 1.345367175183135589e-01 1.974670086305005227e-03 -1.926159343052132392e-02 1.641260941724525732e-02 -2.328181594807813767e-02 -2.637705080251383227e-02 1.235399522707311543e-01 1.229285738958966895e-01 7.419160249686972131e-02 2.486972819459585052e-02 4.048120196466226117e-02 1.732538162517459346e-02 -7.547387062211155517e-03 -8.238362058505289964e-03 1.272741237379602097e-01 1.914352371432274380e-01 1.529293615275382212e-01 1.973686006454588582e-01 2.198164132115595082e-01 1.873045585146656811e-01 2.045613087007472908e-01 1.320963961245847917e-01 1.683843880898497347e-01 1.870345829857552322e-01 1.615309154590480467e-01 1.570520255882481286e-01 1.994340063771068983e-01 1.836004067229823344e-01 1.504423042525364629e-01 1.214725298012740567e-01 1.535947631409208813e-01 9.960849525622854361e-02 1.483416776625720301e-01 1.093971471468062201e-01 1.195275685025734974e-01 1.063731393300747785e-01 9.573290962870256715e-02 6.882097665205597070e-02 5.856907497933325213e-02 5.164051126852511886e-02 5.198984433203392153e-02 5.638805346400577179e-02 9.499159269023577101e-02 9.661334683792027755e-02 1.974806153707072201e-02 3.787395349702133568e-02 2.403747869312929109e-02 4.372799594011911317e-02 6.452319336408447736e-02 2.097274690100242242e-02 4.729769900025337925e-02 7.751589631307707895e-02 8.722829960955198747e-02 1.132804206811234699e-01 5.474711176476302482e-02 2.779466860368175196e-02 4.809241012483778804e-02 2.621229437636718798e-02 2.882016423524057930e-02 4.255779774242457458e-02 3.793550621033208586e-02 4.037081510424510300e-02 6.980391071971725481e-02 7.364763717533280574e-02 3.063769931074776173e-02 6.489536151041494505e-02 6.976314933086365244e-02 9.326466525374138561e-02 8.634100398646496477e-02 7.219139427340287574e-02 5.710276750940773693e-02 6.259412179398976539e-02 6.199724602584532479e-02 5.738669287365189692e-02 5.376440787142574423e-02 8.657761321425939960e-02 6.173609138215065129e-02 8.390385427501492743e-02 7.711607724361330130e-02 6.487843684127457544e-02 6.585859377536573689e-02 6.765760105437328142e-02 4.515319211370649038e-02 5.479220717621213071e-02 5.872269888485650430e-02 4.360130150570593055e-02 4.478095874482195676e-02 6.471789371038580430e-02 4.259179782907408784e-02 1.791555931696182241e-02 4.758022962304628983e-02 3.704362158847870901e-02 4.442664254134643699e-03 1.614043120168514450e-02 -3.668862138186383508e-03 2.957954655278103445e-02 7.800174394184062124e-03 2.454450521164084145e-02 1.706893678059955705e-02 1.746466421183275053e-02 1.568901544345307694e-02 8.058572272579627230e-03 2.988103837424707643e-02 3.064216827273156390e-02 1.306732843829455995e-02 3.767306626542579057e-02 4.500824593966424453e-02 1.124250163160059497e-02 2.204603877696565198e-02 1.177023793872492181e-02 1.722858770145739571e-02 2.264464325752831020e-02 4.397159800210045932e-02 3.728751588991445487e-02
1.724372166556430719e-01 1.000000000000000000e+00 9.589122931724032572e-02 7.750071745733805306e-02 8.005959854612106075e-02 1.103998467489242657e-01 1.395005266380679176e-01 1.096256091488730100e-01 2.183668144936681266e-01 2.441934105849706271e-01 1.890368704125794108e-01 1.520084186805476523e-01 1.345885318456678525e-01 1.450187681468501355e-01 1.643508400239641065e-01 1.522588159200372604e-01 2.261424395060738224e-01 2.238085582626777037e-01 2.258429927636115830e-01 1.945718242346815008e-01 2.378490475453206576e-01 2.430962850414239984e-01 2.319280824926327200e-01 1.845510078032655821e-01 2.289071558506239612e-01 2.683040871107391090e-01 2.526787263976338349e-01 2.436667060026908305e-01 2.636956268053393115e-01 2.593719209075437404e-01 2.455535136778486949e-01 2.075552237277096812e-01 2.252464338802592225e-01 1.935250994694066584e-01 2.270813265796397529e-01 2.008751244339077868e-01 2.280974140717689780e-01 2.174608517746439706e-01 2.138156334487980315e-01 1.983775530863582659e-01 1.844098334994823118e-01 1.959029132916956795e-01 1.848440891221712901e-01 1.910023175154541564e-01 2.138227523127840812e-01 2.199498389073483162e-01 1.725310365752050212e-01 1.841979270756921583e-01 1.780801873756293896e-01 1.772153498163142882e-01 1.961888789670334921e-01 1.560058150613505279e-01 1.874729169396908424e-01 2.124486865904723909e-01 2.217337424850719108e-01 2.241181918551886920e-01 1.958172451804018055e-01 1.849207047815242255e-01 1.978394977266189070e-01 1.762721997012371145e-01 1.790289860957028079e-01 1.896619231415206386e-01 1.881024007106035512e-01 1.829511857734131552e-01 1.920262580007629227e-01 2.016731916504316824e-01 1.789365216861486529e-01 1.939048067537206266e-01 1.965311325397287034e-01 1.999034390502513747e-01 2.091138452509923862e-01 2.029722913948901752e-01 1.819563288348974295e-01 1.959723763824113563e-01 2.016073405854073297e-01 1.968513976775565222e-01 1.946559123003141212e-01 2.137221362616068820e-01 1.991377203628569570e-01 2.108693141003284144e-01 2.081791144160470564e-01 2.037700525023185827e-01 1.961916136278805123e-01 1.952251494619784977e-01 1.791860704298960105e-01 1.813415653609734279e-01 1.941368810511669152e-01 1.905682215253571288e-01 1.898590244904667934e-01 2.024967919989024423e-01 1.869063975572415603e-01 1.727084628150710732e-01 1.923280088003409549e-01 1.836277773571539929e-01 1.661577527949774091e-01 1.751571819969236221e-01 1.510296659462825875e-01 1.715111172983222187e-01 1.677509775744214782e-01 1.753730900139486570e-01 1.718440347492270759e-01 1.730789085047889919e-01 1.698968949771451353e-01 1.659619993352207945e-01 1.713454228920072986e-01 1.799874320669129502e-01 1.674727843861527066e-01 1.882743602954722317e-01 1.944379415619448548e-01 1.721033455518653221e-01 1.805394957534522116e-01 1.708644588525910502e-01 1.744993502786150452e-01 1.750588072348146784e-01 1.793730950981683725e-01 1.820004351466296411e-01
1.345367175183135589e-01 9.589122931724032572e-02 1.000000000000000000e+00 2.769952398670662008e-01 1.343502613008000779e-01 2.663791396643304665e-01 2.554055366076072864e-01 2.249977802417606754e-01 3.219118608621578947e-01 2.897179968314727017e-01 3.466858296897059599e-01 3.376668104361458811e-01 2.924754112757987912e-01 2.576719103720921389e-01 2.927899131102102426e-01 3.040154884062235552e-01 3.565584787511844045e-01 3.576465718003442040e-01 3.743306541624920047e-01 3.215074661373406584e-01 3.501623022893251558e-01 3.998004580251237061e-01 3.454540755391594109e-01 3.403137547164128418e-01 3.729127956695403867e-01 3.945085642688191396e-01 4.010474920194841975e-01 3.742084400416599843e-01 3.677563090387258593e-01 3.954463420536390994e-01 3.924829598532109665e-01 3.723356195682862024e-01 3.586054923836969888e-01 3.617135968400996826e-01 3.566588453141967818e-01 3.832248170413007360e-01 3.796308013472623477e-01 3.654960326093527612e-01 3.649824069277587402e-01 3.581075037145418083e-01 3.572054374321397829e-01 3.515523145895735890e-01 3.664634111692102181e-01 3.574968887249017624e-01 3.744824490660013105e-01 3.588348620048733562e-01 3.268868792852958061e-01 3.359659198749142539e-01 3.324143324645699726e-01 3.526635274274142473e-01 3.611813936454278395e-01 3.361343801799820952e-01 3.522787938726963386e-01 3.502205935889567412e-01 3.551773582699159770e-01 3.693465222292926509e-01 3.492570889411482082e-01 3.372368228611358765e-01 3.455274982561612473e-01 3.350650485804773093e-01 3.441038087529988410e-01 3.399691548808441155e-01 3.445382431360755615e-01 3.439761520507531589e-01 3.572522226718958249e-01 3.561503481412361394e-01 3.420992876650382764e-01 3.627435239275769718e-01 3.547230719316292746e-01 3.731396491761491685e-01 3.755685307096230940e-01 3.652456301618152712e-01 3.522193631391715152e-01 3.568563116333843266e-01 3.581920640531983113e-01 3.563962118064438189e-01 3.537845957481097203e-01 3.601659176683452701e-01 3.543061025279773957e-01 3.662706694919837802e-01 3.617258515092829363e-01 3.564994715625241506e-01 3.567558684720258944e-01 3.521002061238903691e-01 3.491529025215977522e-01 3.518717149967170443e-01 3.555183195893611980e-01 3.434341993365739865e-01 3.446736574892821370e-01 3.577744963351927598e-01 3.460858561247414089e-01 3.334529715326269850e-01 3.531641887884140463e-01 3.389123143450719633e-01 3.225266753543478138e-01 3.290289998304876118e-01 3.274218534202993913e-01 3.353893185932582677e-01 3.256532463411753731e-01 3.433758005945953817e-01 3.405224407298698686e-01 3.345657321974854215e-01 3.336028446570609152e-01 3.308005863600516627e-01 3.440324218593477368e-01 3.401772918835037074e-01 3.293917091428510968e-01 3.404180098005978317e-01 3.465812788022624158e-01 3.275142221672335818e-01 3.373914131539932915e-01 3.241726210223680460e-01 3.313169076470985908e-01 3.350787364493390541e-01 3.394855688641520985e-01 3.385421208556020911e-01
1.974670086305005227e-03 7.750071745733805306e-02 2.769952398670662008e-01 1.000000000000000000e+00 2.783348495748615981e-01 3.883159894398073297e-01 4.918680081396777926e-01 4.836499688053867985e-01 4.844352384533452960e-01 4.201467233536078649e-01 5.292746633751291840e-01 6.327146485374783857e-01 5.232766924101269757e-01 4.567108821100228644e-01 5.542160929176475070e-01 5.452682124669800956e-01 4.939243332022849042e-01 4.924763795753663853e-01 4.941267841250926440e-01 4.162462582902660690e-01 4.912917838623166444e-01 5.184472311598886662e-01 3.926453039737458073e-01 4.989602472702562852e-01 5.097073447718627470e-01 5.100680250853091291e-01 5.638778124622052523e-01 5.454332990571074680e-01 4.832938688178958775e-01 4.714948875513903515e-01 5.644052863436274103e-01 4.998923118851284486e-01 4.324975434865598323e-01 4.881967666113089521e-01 4.326222116401217122e-01 5.347767495646980063e-01 5.161181551885918317e-01 5.250633765555497989e-01 5.203466291621391404e-01 5.452218314110146569e-01 5.558637326640681886e-01 5.703191041417237095e-01 5.854141099609809773e-01 5.775748377782361498e-01 5.797667061690278123e-01 5.521599484561429128e-01 5.459810884932611019e-01 5.355405964827174570e-01 5.477493374521124059e-01 5.533336882231734144e-01 5.600484262416886017e-01 5.957721646487369460e-01 5.883614602263134152e-01 4.943561185512438949e-01 4.852338873085380033e-01 4.982147215833250820e-01 5.414886677851427077e-01 5.608724513991374394e-01 5.534498631586706185e-01 5.552440050141256300e-01 5.769138649116993811e-01 5.486945312425358656e-01 5.463907994991100692e-01 5.532919078573914629e-01 5.572773736823588564e-01 5.580525163944570766e-01 5.508388372155050838e-01 5.679635859979204060e-01 5.295406431719886786e-01 5.736951897587202476e-01 5.804010140384013861e-01 5.643069951242266624e-01 5.631067593897027823e-01 5.618554534506388087e-01 5.557642385381004191e-01 5.642005456590882817e-01 5.606111216317868351e-01 5.481074735315986102e-01 5.614961757395519060e-01 5.388208245799943619e-01 5.450273195548631655e-01 5.712261568898991948e-01 5.325024648374765412e-01 5.226117639182611407e-01 5.522896012330322790e-01 5.443603766406244215e-01 5.546853215383847902e-01 5.540176062429699178e-01 5.454354271302319646e-01 5.390094206311608627e-01 5.576742939984850045e-01 5.644949610639288240e-01 5.697346171652322155e-01 5.622774890221622357e-01 5.459838179742294573e-01 5.454622513974786147e-01 5.796538653531587704e-01 5.589343517263399841e-01 5.638505883853379697e-01 5.646727157976839662e-01 5.752588247657474119e-01 5.653114798741240010e-01 5.770445942041821930e-01 5.725412759208875491e-01 5.730999959643174879e-01 5.489609585064618713e-01 5.495569946306096965e-01 5.316675701360726869e-01 5.289313043283553339e-01 5.583558911690952309e-01 5.555145969800583394e-01 5.527183168640543709e-01 5.514905304271570108e-01 5.558770653080075119e-01 5.558858837103529682e-01 5.561570156977378998e-01
-1.926159343052132392e-02 8.005959854612106075e-02 1.343502613008000779e-01 2.783348495748615981e-01 1.000000000000000000e+00 2.854948590462120239e-01 4.556468608702100020e-01 4.219012250468218150e-01 4.170448839051636436e-01 3.760193578600060649e-01 3.997092481791651442e-01 4.553828933160563031e-01 4.519579133255000047e-01 3.868073134885303688e-01 4.855725059828677748e-01 4.778421339358290276e-01 3.868508864059855834e-01 2.982427937452017952e-01 2.889888557067486485e-01 2.755308301432764506e-01 2.425983655478691770e-01 2.915530977946339530e-01 2.859126990985251804e-01 3.249440196778050072e-01 2.853336427017878485e-01 3.981651104403238217e-01 3.909704433950476621e-01 4.039559169436582886e-01 3.506042790942877074e-01 3.306600823603422779e-01 3.792761683430138642e-01 4.126415894713115207e-01 3.674399028809759438e-01 4.263696321081348883e-01 3.824440011598390088e-01 4.256715433757761180e-01 4.114402924414752860e-01 4.275061654554396240e-01 4.322975111594888897e-01 4.379499903103528657e-01 4.662861747422288317e-01 4.699893413114857310e-01 4.472362137445519137e-01 4.658279856343244263e-01 4.345338836832891016e-01 4.290168144892640423e-01 4.758765916909403759e-01 4.740733412671210845e-01 4.677158422505016677e-01 4.493730548508041434e-01 4.496483275808478841e-01 4.869076549731919945e-01 4.759696204965452315e-01 4.410665679965800612e-01 4.180154440319918674e-01 4.131243577344783646e-01 4.420477123756067495e-01 4.674566381967713014e-01 4.484737615932781196e-01 4.831615120089042259e-01 4.721395250210865813e-01 4.609508878040547430e-01 4.452670277150719835e-01 4.660197160978930553e-01 4.547374178447890491e-01 4.524669009597782621e-01 4.719900123880299558e-01 4.491658179531623496e-01 4.515863467408728904e-01 4.427841090014518755e-01 4.281109790395941084e-01 4.366170772377995224e-01 4.477536294365508929e-01 4.345560391010515056e-01 4.636351479736499082e-01 4.639065192921125180e-01 4.636717628010423864e-01 4.454251151981499790e-01 4.552689366013793482e-01 4.335851746479003621e-01 4.434200001234734345e-01 4.495124782689132181e-01 4.442351215130070918e-01 4.517675266236150788e-01 4.681743942855774998e-01 4.675211946000163987e-01 4.581538750701140694e-01 4.689824496069321946e-01 4.640937666200087852e-01 4.446941266232949386e-01 4.692099410847491714e-01 4.817648602415067760e-01 4.690604762010436857e-01 4.681375434481231945e-01 4.838459579607629069e-01 4.784612888864279157e-01 4.762754631741762390e-01 4.691102470215410269e-01 4.892206239869205109e-01 4.749285703915411272e-01 4.757026973742946585e-01 4.702201004735203638e-01 4.853764034897726232e-01 4.838079087417877511e-01 4.816974775324262548e-01 4.592921321483749986e-01 4.783909129488282952e-01 4.667409429013454902e-01 4.585481201001327944e-01 4.837181151474019836e-01 4.747589672784276460e-01 4.869144168994519739e-01 4.759002955514656796e-01 4.731270521068748902e-01 4.700348881143581736e-01 4.706321784889447857e-01
1.641260941724525732e-02 1.103998467489242657e-01 2.663791396643304665e-01 3.883159894398073297e-01 2.854948590462120239e-01 1.000000000000000000e+00 5.243293927923260433e-01 4.928905433746516018e-01 5.504852232833524761e-01 5.064391305519657660e-01 5.378505302557214929e-01 5.993127512239961874e-01 5.489931562754146732e-01 5.100511539015200047e-01 6.021830305856286092e-01 5.949228750237374186e-01 5.269789800542006297e-01 4.549633586045002676e-01 5.082459783489998717e-01 3.838147803211180986e-01 4.162817225109485819e-01 5.117753649218211853e-01 4.669062722884233518e-01 4.662898932765360271e-01 4.876547755556462360e-01 5.612413213726146211e-01 5.867854962988025003e-01 5.751798671402834628e-01 5.415148080264343688e-01 5.287690105676179364e-01 5.709278272231820273e-01 5.725238115310182785e-01 5.293764282097889184e-01 5.617921196687960528e-01 5.323175910859526683e-01 5.698859862906507923e-01 5.767497278131199501e-01 5.853611248918155763e-01 6.012499376318393152e-01 5.986355699963247234e-01 6.117811835563187195e-01 6.167805585391269441e-01 6.109886516362346143e-01 6.219006676088801866e-01 6.071327171380539456e-01 6.000697609595807558e-01 6.143522298028477602e-01 6.153141006914575328e-01 6.176026368308414893e-01 5.993649093464945565e-01 6.039046100993089583e-01 6.047061568021213640e-01 6.163107259737443666e-01 5.947730614639147317e-01 5.926477781314946069e-01 5.887739799913047634e-01 6.051124297024532694e-01 6.171155531253934567e-01 6.092023692909018795e-01 6.197138746418058286e-01 6.243326445448020845e-01 6.175030677356759812e-01 6.119584537612829944e-01 6.168950348748636348e-01 6.102738681865497172e-01 6.075305380047328896e-01 6.146905214098784542e-01 6.116869639044012485e-01 6.083039900971776159e-01 5.960390763065890329e-01 6.049854134238175085e-01 6.143411592473138061e-01 5.909197428304967525e-01 6.070190864571326506e-01 6.209801909071102077e-01 6.197189041140878096e-01 6.205036687652617511e-01 6.133168033072253778e-01 6.171624997352329611e-01 6.063330070184340670e-01 6.093588020525125826e-01 6.135709569708946987e-01 6.066604529816984614e-01 6.063635787919468001e-01 6.054151791146218375e-01 6.060088988101702823e-01 6.156677651013162667e-01 6.136574970394104156e-01 6.170109824323872783e-01 6.095190966753821771e-01 6.149831669864905814e-01 6.206722006764981980e-01 6.193037458880822355e-01 6.201656694736120690e-01 6.160030204540029031e-01 6.171926518398221928e-01 6.105657322566527823e-01 6.114297121241405453e-01 6.190070366761691867e-01 6.128068522598648649e-01 6.209677253821622722e-01 6.176374800604770288e-01 6.210871391692110999e-01 6.225129942825828877e-01 6.173077336705217188e-01 6.113640345897866091e-01 6.153861638181009619e-01 6.139294891291116052e-01 6.153780770353020069e-01 6.210764818862497538e-01 6.183472936042011536e-01 6.188955939308538046e-01 6.183606305501405664e-01 6.179564102449426333e-01 6.127555184311579417e-01 6.165552858004456072e-01
-2.328181594807813767e-02 1.395005266380679176e-01 2.554055366076072864e-01 4.918680081396777926e-01 4.556468608702100020e-01 5.243293927923260433e-01 1.000000000000000000e+00 6.933943674312028627e-01 7.003497703275192166e-01 6.672905767789999443e-01 6.693940021037055876e-01 7.562958436406833629e-01 7.055194799366890646e-01 6.460678540192750230e-01 8.252253057165372940e-01 7.876703480020117443e-01 6.608267560625534776e-01 5.396580433970974422e-01 5.836504711633953013e-01 4.298805966733106887e-01 4.871122534839907869e-01 5.913292558359489748e-01 5.048313739593235372e-01 5.789346712729674937e-01 5.584867547742354832e-01 6.919163348115795475e-01 7.015864909302480523e-01 7.235050961242821543e-01 6.157043769017236379e-01 5.953710586916467484e-01 6.841271180586788736e-01 7.091799440580477398e-01 6.400182858874563507e-01 7.264075415982681472e-01 6.511861387635248244e-01 7.301132782256397613e-01 6.962671620889054891e-01 7.596946126069803462e-01 7.552229991327756853e-01 7.751403902332697493e-01 7.755684829359801302e-01 8.016739294090117207e-01 7.753062587933733374e-01 7.929975234542318008e-01 7.645258087815932635e-01 7.560591847335647042e-01 7.858970757121276351e-01 7.799669873685944887e-01 7.828147182436860918e-01 7.738874081928710513e-01 7.747432314543993837e-01 7.836047882752856797e-01 7.877017025736554601e-01 7.400698054041767726e-01 7.228139638324211358e-01 7.211297693402902720e-01 7.517349829999045996e-01 7.910434287487519978e-01 7.687089151141578425e-01 7.904611820274916045e-01 7.915032795012207911e-01 7.772161920243599864e-01 7.615506471475078643e-01 7.770580852102230152e-01 7.664953067565191125e-01 7.594808538675512644e-01 7.831032258903964927e-01 7.686664621639102135e-01 7.508439083238852563e-01 7.332579688413927155e-01 7.457058615155918169e-01 7.598477516277993837e-01 7.568554925483805818e-01 7.440934136970018820e-01 7.820223908150616410e-01 7.776460740398918325e-01 7.828592338727030642e-01 7.550921341931304820e-01 7.760046398673217105e-01 7.438497332718941868e-01 7.482854362520108271e-01 7.656939535207430980e-01 7.536726481892019880e-01 7.557172639131531922e-01 7.859671796243703490e-01 7.791267384601876511e-01 7.765242834605383671e-01 7.926186109520001466e-01 7.839988397980710566e-01 7.597998912601332533e-01 7.941934587793222367e-01 8.016074640188594058e-01 7.906934457880682166e-01 7.921731860876813913e-01 7.919007578990440166e-01 7.873101770403555522e-01 7.961534571210334699e-01 7.753659565115790242e-01 8.010985127337511003e-01 7.951317146169430972e-01 8.013799426455666675e-01 7.859322497643244088e-01 7.973319616247502850e-01 8.018943344683958641e-01 7.939237074523232129e-01 7.736871869747441455e-01 7.889908492192752032e-01 7.769388021131140576e-01 7.711946822469287754e-01 7.986928634011654093e-01 7.952139375194574589e-01 7.936977635480259030e-01 7.888248905348944628e-01 7.891809457484966206e-01 7.788982433935918159e-01 7.778036923953466353e-01
-2.637705080251383227e-02 1.096256091488730100e-01 2.249977802417606754e-01 4.836499688053867985e-01 4.219012250468218150e-01 4.928905433746516018e-01 6.933943674312028627e-01 1.000000000000000000e+00 6.586034933879110209e-01 6.298138219427728002e-01 6.379917817779418021e-01 7.221577654685046310e-01 6.653742559953776947e-01 6.049932581412098553e-01 7.742408206606956611e-01 7.621919876828456841e-01 6.196813706632198215e-01 5.106305860682630593e-01 5.458849077848643150e-01 4.081198427532723993e-01 4.703824601357083357e-01 5.524841176164623224e-01 4.619707842362971162e-01 5.328886301641871936e-01 5.191220204692627016e-01 6.396957019316760196e-01 6.610587541197767703e-01 6.718885243234644644e-01 5.686099561601130059e-01 5.509497532567420031e-01 6.407005503975088390e-01 6.509490478572520500e-01 5.828202260377898236e-01 6.584566874544205417e-01 6.024144650039636728e-01 6.760463069868850594e-01 6.568444677930411757e-01 7.061273856775052149e-01 6.960218750320837922e-01 7.169089138531767880e-01 7.354348757821023153e-01 7.564563169221013572e-01 7.342602669699875850e-01 7.563145932706739627e-01 7.138933533202400650e-01 7.070336555787991584e-01 7.480860470471311086e-01 7.466551887266389409e-01 7.458188724861453123e-01 7.282993183052181019e-01 7.378253890648815982e-01 7.576430861041333342e-01 7.486250484689166429e-01 7.036105945134466522e-01 6.891944116856475455e-01 6.807783211486382324e-01 7.234983518156924420e-01 7.607312918204687247e-01 7.424759556842260855e-01 7.538717812322887069e-01 7.595672651668098352e-01 7.468552997743761468e-01 7.357260285745315098e-01 7.426710934893485661e-01 7.258271894795987889e-01 7.296791848714113682e-01 7.427033258384539982e-01 7.294740703922699687e-01 7.111075144920325775e-01 7.034342415920042946e-01 7.110005952522109318e-01 7.207468458472774397e-01 7.151132141203225823e-01 7.105112992844880848e-01 7.421682604694965768e-01 7.397822120478600993e-01 7.423962141226592149e-01 7.144082647071544612e-01 7.339667941298549936e-01 7.013805427156876160e-01 7.111290311526807795e-01 7.279608899875436023e-01 7.114965260071768327e-01 7.154165149706794846e-01 7.357599804221849338e-01 7.316406888254607388e-01 7.352284098221428810e-01 7.480786173007041295e-01 7.397755118580461309e-01 7.236460682718948156e-01 7.466597668837559043e-01 7.623890023007229289e-01 7.474463155038275630e-01 7.534539488553113618e-01 7.569151524808422904e-01 7.523360271135879351e-01 7.607656750954878699e-01 7.470785443593630504e-01 7.652779142314909411e-01 7.565003443562898777e-01 7.659561380031577604e-01 7.576077613465126426e-01 7.640003064645601860e-01 7.678137134121317819e-01 7.580033532581657019e-01 7.429913765227894595e-01 7.537814440131943572e-01 7.412303484696100009e-01 7.350214718635691424e-01 7.635996047480332338e-01 7.580281686895061766e-01 7.592705899024718708e-01 7.564789870614848644e-01 7.556346254629169312e-01 7.419259753027361848e-01 7.480570780877918713e-01
1.235399522707311543e-01 2.183668144936681266e-01 3.219118608621578947e-01 4.844352384533452960e-01 4.170448839051636436e-01 5.504852232833524761e-01 7.003497703275192166e-01 6.586034933879110209e-01 1.000000000000000000e+00 7.719027474852274695e-01 7.796141813558398193e-01 8.183067458404852390e-01 7.573562188426300468e-01 7.177362927603314624e-01 8.367776387848214759e-01 8.234858294722551264e-01 8.000632728586996034e-01 6.981934036522000619e-01 7.357977611223440739e-01 6.013811440273560960e-01 6.438023079618298006e-01 7.428581323356744370e-01 6.997003094265049628e-01 6.897955934298412028e-01 7.040200205720346105e-01 8.396831764853276425e-01 8.442970568883134685e-01 8.457914064538950560e-01 7.956712032314786631e-01 7.930848174671022432e-01 8.380827636743312103e-01 8.338077225967382988e-01 7.765243601018009256e-01 8.236184238941602898e-01 8.031760307176369906e-01 8.327988909606037771e-01 8.418928559525001853e-01 8.653757399454953259e-01 8.670033868908967323e-01 8.488486633616273425e-01 8.781456579997662937e-01 8.778564875518302113e-01 8.640793622816338448e-01 8.872166943593693400e-01 8.814337882688176862e-01 8.803094249364915580e-01 8.797119099023562594e-01 8.882412005088988760e-01 8.804675215892240336e-01 8.525119001443520750e-01 8.777004160271927313e-01 8.449089559255541504e-01 8.762641505090430494e-01 8.818729598677250703e-01 8.757921592057268390e-01 8.689835506884727723e-01 8.788324162248235538e-01 8.804780162526705256e-01 8.844222642810350976e-01 8.862778768641953464e-01 8.868558449270301791e-01 8.908557417586796534e-01 8.807814876225430467e-01 8.860245674504299007e-01 8.834872756448443054e-01 8.918331166322756021e-01 8.852953996759440614e-01 8.811514857530943212e-01 8.812085572403967060e-01 8.707460421302694042e-01 8.700331651478717676e-01 8.797255395898160302e-01 8.599493353537520646e-01 8.669287968213291729e-01 8.922095212979624934e-01 8.917965699749546005e-01 8.864725274818784362e-01 8.855747487400605911e-01 8.867648944934017896e-01 8.827919903010791325e-01 8.881490928511995842e-01 8.870202165757977708e-01 8.816840027194522422e-01 8.795901312332751187e-01 8.784918064402865712e-01 8.811770119116560940e-01 8.880750885473600587e-01 8.883645127919980178e-01 8.859627329296962950e-01 8.842277477518268869e-01 8.824744026938702302e-01 8.825547154849715525e-01 8.895731595115121682e-01 8.878638912698416652e-01 8.789904351323905018e-01 8.839660542480186622e-01 8.605444540768670825e-01 8.784930508562354134e-01 8.762822523193881663e-01 8.819091264431694333e-01 8.785359231679050751e-01 8.825539527988572885e-01 8.794039102657211782e-01 8.801353396652141781e-01 8.848375149179256161e-01 8.822029254917123087e-01 8.815620101744230386e-01 8.879912410351979979e-01 8.884308229188664363e-01 8.828505010918014095e-01 8.845093977519443706e-01 8.816269024803302656e-01 8.856899256855291780e-01 8.851744027407564275e-01 8.869834132798882775e-01 8.882146983194660894e-01
1.229285738958966895e-01 2.441934105849706271e-01 2.897179968314727017e-01 4.201467233536078649e-01 3.760193578600060649e-01 5.064391305519657660e-01 6.672905767789999443e-01 6.298138219427728002e-01 7.719027474852274695e-01 1.000000000000000000e+00 7.304583190819201599e-01 7.516772585017684749e-01 6.941007546171796827e-01 6.815521462688824972e-01 7.990928989044830955e-01 7.650845446185440268e-01 7.258736656418651734e-01 6.142243075255684470e-01 6.734876999630438066e-01 5.217422256974653116e-01 5.729552094405999663e-01 6.789487071990233380e-01 6.438695705673909142e-01 6.171135602936090869e-01 6.472671725792155106e-01 7.926538394869937498e-01 7.778411637573281467e-01 7.930903024054706263e-01 7.434606269675201329e-01 7.377550183398029482e-01 7.800554947846207732e-01 7.706788449505787009e-01 7.386671578959951301e-01 7.686753352099836567e-01 7.581064845641518612e-01 7.741949853481984167e-01 7.894151311877022348e-01 8.150958894478209649e-01 8.158446209330829646e-01 8.014815412509370685e-01 8.228762332900427801e-01 8.232226550446678504e-01 8.019706488595570448e-01 8.237652334142016031e-01 8.189210823849021326e-01 8.206027509401787601e-01 8.222417360299116851e-01 8.343010227177000138e-01 8.172052927430556446e-01 7.911071662091627710e-01 8.168826704015976770e-01 7.781398259075729129e-01 8.111898148169518485e-01 8.239243441309581639e-01 8.162827250315928262e-01 8.154217276543765935e-01 8.065828327222682725e-01 8.169481492748811302e-01 8.183527103170918915e-01 8.234152749212545475e-01 8.203356780651481772e-01 8.238347624761357402e-01 8.113327525024807141e-01 8.206552105674609354e-01 8.168675766948053640e-01 8.223761269248773820e-01 8.259356545889152690e-01 8.137900435383806919e-01 8.173150654925657177e-01 7.948180131254732883e-01 8.014194463743113950e-01 8.198454680572329067e-01 7.869037238709174487e-01 8.002718675580642316e-01 8.342105161118242851e-01 8.315536131101426420e-01 8.295613116055258196e-01 8.297888733769186453e-01 8.266936368222780329e-01 8.187874547436541084e-01 8.229502694237943450e-01 8.273956806488966809e-01 8.225072026358264399e-01 8.199764778037899049e-01 8.170637961963846951e-01 8.179532664915412088e-01 8.291258894047798256e-01 8.310986411549862174e-01 8.296849478369570097e-01 8.294244319429313617e-01 8.277730012937717374e-01 8.259748614368102038e-01 8.299122704907551107e-01 8.301265879410160142e-01 8.225199335602457751e-01 8.257792476106700086e-01 8.012786249149117523e-01 8.105596104553753900e-01 8.196997340064789972e-01 8.236910760239143370e-01 8.197955698683945247e-01 8.166453930318002818e-01 8.211428379960178381e-01 8.209334523902622749e-01 8.225090382115884946e-01 8.168900365869441460e-01 8.216765198009690074e-01 8.314820252834211889e-01 8.307861001417443658e-01 8.226809859150449045e-01 8.283690863073199795e-01 8.236004759041878343e-01 8.258892006371741923e-01 8.237645374279430888e-01 8.250983769810356083e-01 8.265205751293364100e-01
7.419160249686972131e-02 1.890368704125794108e-01 3.466858296897059599e-01 5.292746633751291840e-01 3.997092481791651442e-01 5.378505302557214929e-01 6.693940021037055876e-01 6.379917817779418021e-01 7.796141813558398193e-01 7.304583190819201599e-01 1.000000000000000000e+00 8.259051817968907638e-01 7.456691073820049809e-01 6.984878932430861331e-01 8.159070080139082526e-01 8.088303192845845979e-01 7.705330004799841870e-01 6.809327076888034291e-01 7.362915996401181440e-01 5.735153318972259218e-01 6.374585246117832060e-01 7.427916613754567132e-01 6.870128530124929300e-01 6.917187527169642580e-01 7.137703676158265731e-01 8.146390835979337997e-01 8.298410128615023584e-01 8.207162063955242282e-01 7.712097473410997051e-01 7.849804335109218378e-01 8.372707152255142171e-01 8.192124178339196261e-01 7.639722657069452083e-01 8.118010916262721199e-01 7.844039655138843603e-01 8.238567056662827737e-01 8.328512752273758979e-01 8.440718005486587128e-01 8.491320578218084503e-01 8.413377032377459264e-01 8.624704900734451174e-01 8.584172326986019286e-01 8.580090318305245711e-01 8.655275729624909431e-01 8.665772470250798776e-01 8.577509907037017545e-01 8.612215225905518468e-01 8.652897383770773443e-01 8.626280861886491680e-01 8.444546623523687678e-01 8.644910837759912647e-01 8.272036514944783869e-01 8.563040823026273340e-01 8.504655672298353508e-01 8.449096031984200117e-01 8.478127779389416085e-01 8.585802260997072999e-01 8.567448565208027889e-01 8.621702503048217503e-01 8.641612423553717282e-01 8.696457218288025093e-01 8.634195040441065006e-01 8.603999666552842873e-01 8.665115462468594432e-01 8.634223855377659573e-01 8.707366453336158330e-01 8.670516001039487719e-01 8.685376508143506369e-01 8.622569552022377737e-01 8.512806444673253203e-01 8.608844404518656290e-01 8.699601681182246304e-01 8.469621639844351346e-01 8.557339148135851836e-01 8.721936349062624494e-01 8.730522377432291536e-01 8.662371289506559657e-01 8.661011424265598890e-01 8.704133730591716578e-01 8.660292831206723996e-01 8.713255410649846100e-01 8.765875804203501209e-01 8.634811623148823667e-01 8.593224157238373850e-01 8.622247126938041850e-01 8.621944111478936357e-01 8.744152785421219765e-01 8.703335739603080823e-01 8.709441490291042198e-01 8.648063100633691658e-01 8.674401614204559907e-01 8.655944272782239990e-01 8.755892518457397689e-01 8.704777561444653200e-01 8.617521655288282734e-01 8.649162444066589295e-01 8.502233977496963524e-01 8.578353833475795831e-01 8.623419170781624343e-01 8.681086263792568980e-01 8.662412495921361089e-01 8.644447209439817259e-01 8.621450452373218276e-01 8.649284462036127552e-01 8.670358000148474797e-01 8.622933912441557158e-01 8.641921153288008028e-01 8.655797846619163183e-01 8.664454732378921165e-01 8.632996245636586075e-01 8.673196835571868046e-01 8.633779572376442113e-01 8.660270074626620351e-01 8.678139746303279445e-01 8.705252774796276016e-01 8.685608708688296042e-01
2.486972819459585052e-02 1.520084186805476523e-01 3.376668104361458811e-01 6.327146485374783857e-01 4.553828933160563031e-01 5.993127512239961874e-01 7.562958436406833629e-01 7.221577654685046310e-01 8.183067458404852390e-01 7.516772585017684749e-01 8.259051817968907638e-01 1.000000000000000000e+00 8.100971099100692241e-01 7.421493332863673409e-01 8.917958874944844627e-01 8.754717283005318818e-01 7.932104815660355746e-01 6.895699215723468667e-01 7.396419397516079686e-01 5.750719726894114592e-01 6.439813125513983438e-01 7.451007129087201530e-01 6.654852262784433092e-01 7.105597025245993237e-01 7.195612748581228235e-01 8.259264534992548645e-01 8.548226523405747512e-01 8.426172783851336723e-01 7.639451076675717323e-01 7.678766979486122413e-01 8.515642415880594340e-01 8.388149804603014514e-01 7.598520527190324447e-01 8.263577411367900583e-01 7.836899150225784538e-01 8.482190402923458494e-01 8.501166843325993483e-01 8.687258503875745497e-01 8.759088473544248687e-01 8.806832616868318642e-01 9.117334109643886464e-01 9.139707284869865722e-01 9.047074854292737056e-01 9.221812580655304181e-01 9.026193516690608210e-01 8.921225456640393681e-01 9.186340921143665295e-01 9.155372906383567599e-01 9.145225394881404402e-01 8.872784951516539120e-01 9.035052282135321855e-01 8.998130606256095065e-01 9.171498705208527280e-01 8.826573370054908718e-01 8.702220789913186483e-01 8.677968524385641924e-01 8.997454351743447987e-01 9.190678398030680540e-01 9.110138866814013747e-01 9.231408395630862351e-01 9.282489570724097305e-01 9.164625618394574014e-01 9.089338519340465217e-01 9.162824741822900299e-01 9.089326260819198255e-01 9.132887690108711931e-01 9.186662413891550916e-01 9.133541611139877059e-01 8.994399924896852028e-01 8.922278640565318719e-01 9.039172558684369641e-01 9.090341403336305026e-01 8.927677479116113979e-01 9.016096064918907027e-01 9.185137867400956502e-01 9.217171324409089150e-01 9.174423257207160454e-01 8.995262465384752382e-01 9.142427261031487173e-01 8.958910919734285327e-01 9.041480334857653345e-01 9.181867406014206923e-01 8.976021081362820508e-01 8.943412880415076982e-01 9.064517504648275104e-01 9.052348045269298371e-01 9.164905435443345683e-01 9.177684202386149348e-01 9.153494778194415371e-01 9.028955893124052112e-01 9.163613009683987398e-01 9.270284527720810130e-01 9.251342470034230603e-01 9.239797668741314141e-01 9.206440531394094462e-01 9.215905344194087467e-01 9.161931377023716516e-01 9.109733353360998098e-01 9.251723384659665816e-01 9.222021360922246780e-01 9.270740564898655167e-01 9.241932590990007412e-01 9.271980788543979779e-01 9.299676529444821371e-01 9.255670763302444870e-01 9.128799305016154220e-01 9.212839002036252722e-01 9.122194448799981759e-01 9.103703464485675134e-01 9.259798796952170008e-01 9.228979846269335097e-01 9.236461284082152501e-01 9.245937380085798019e-01 9.240887533561544798e-01 9.192149937844344976e-01 9.224533029204808887e-01
4.048120196466226117e-02 1.345885318456678525e-01 2.924754112757987912e-01 5.232766924101269757e-01 4.519579133255000047e-01 5.489931562754146732e-01 7.055194799366890646e-01 6.653742559953776947e-01 7.573562188426300468e-01 6.941007546171796827e-01 7.456691073820049809e-01 8.100971099100692241e-01 1.000000000000000000e+00 6.847153645437591418e-01 8.234899643503484912e-01 8.165098321313534191e-01 7.354608466802761146e-01 6.359156963808048069e-01 6.624933990659183092e-01 5.467384265276377109e-01 5.805144211043652414e-01 6.661873144837404670e-01 6.319565605644648087e-01 6.464183991145086017e-01 6.442850961326780368e-01 7.646412846402161900e-01 7.742710126588422392e-01 7.752773302712724357e-01 6.996683604758432429e-01 7.004408897112024412e-01 7.707615514420115277e-01 7.800348285414361316e-01 7.005141429220458349e-01 7.695335478001824603e-01 7.301319528256282609e-01 7.819175397194847443e-01 7.781108207952690536e-01 7.990464576121248941e-01 8.097360973549866392e-01 8.052903573989430575e-01 8.387507565453549141e-01 8.392602804808485528e-01 8.277295550114724954e-01 8.448419740865659167e-01 8.254463853672654450e-01 8.134302659055473450e-01 8.438647202899312028e-01 8.454738836672646141e-01 8.414076087619554167e-01 8.082446193309457128e-01 8.240765957369146077e-01 8.236775689321984562e-01 8.380178679048752022e-01 8.208808428473619578e-01 8.064831236514357071e-01 8.022235435343612053e-01 8.213130119915121874e-01 8.403544484802109027e-01 8.325351172437033265e-01 8.523959586353133666e-01 8.503502422550389683e-01 8.401553832551877932e-01 8.297604853858105978e-01 8.388279311567156116e-01 8.345189738298464110e-01 8.371531435222270279e-01 8.472925599783426298e-01 8.398947827412338585e-01 8.331110311656645395e-01 8.249382825436590849e-01 8.242658432768482646e-01 8.298767027525894013e-01 8.223235095688935514e-01 8.233363108017113241e-01 8.455678492320827244e-01 8.453306761652917833e-01 8.410097982284701068e-01 8.284881592381281301e-01 8.362414053782458723e-01 8.198974326599038909e-01 8.289753778764096248e-01 8.400379758876251879e-01 8.291096840889380370e-01 8.245960884745106023e-01 8.381505859849744944e-01 8.389317201631855125e-01 8.422866038790504106e-01 8.441090414787572049e-01 8.418452002813936463e-01 8.314442171188469732e-01 8.418969848884141349e-01 8.525188455881353988e-01 8.495960394170656294e-01 8.498087106285847625e-01 8.493420031639435930e-01 8.494994776741818798e-01 8.352986148942221911e-01 8.349211936158312808e-01 8.510970525135306275e-01 8.455152495766645737e-01 8.501358242406845678e-01 8.441269180083763590e-01 8.517492535724819902e-01 8.524639849498796274e-01 8.512362004467094456e-01 8.349755146504957981e-01 8.466204306100832966e-01 8.437285285794271505e-01 8.391858573201959048e-01 8.491220331222646411e-01 8.477350016243501152e-01 8.517465108137928231e-01 8.475752078354618080e-01 8.473547487387851351e-01 8.454000793002686143e-01 8.481079140156394525e-01
