1.000000000000000000e+00 1.205292949164198241e-01 2.066148278677565897e-01 1.095096131100909698e-01 1.217817561681156999e-02 6.610168373513448936e-02 8.632334602824504044e-03 -4.993313112873872667e-03 2.552940821850041009e-01 1.027739723708997188e-01 1.184056467792748979e-01 6.877589770704285732e-02 2.910046144860909192e-02 -6.507761966095862959e-03 -1.182688761280475259e-02 5.564362214834181475e-02 2.281206495930827027e-01 3.926615835983117142e-01 3.282331428789905248e-01 2.912641544923246784e-01 2.522875577005930792e-01 2.984818607686338665e-01 3.454685325333705648e-01 3.153756978829760915e-01 3.080216437221235948e-01 1.855056212780780978e-01 2.321764480256651719e-01 2.317528734012709035e-01 2.298375313278821774e-01 2.347797606316596175e-01 2.309061119468038825e-01 2.156480528648248018e-01 2.150325764469906420e-01 1.809897348740042988e-01 2.062056756474069663e-01 1.489861555585636765e-01 2.030920228714561404e-01 1.327503682690443776e-01 1.221584424378531486e-01 6.945716522934089476e-02 5.180050763032612027e-02 7.973189229088570307e-02 4.226011100184633856e-02 1.069724236449914045e-01 9.444057466142588564e-02 1.197112813108389962e-01 7.396430386709736127e-03 4.232852193097651206e-02 4.679100765050013544e-02 7.700272404823599315e-02 5.903977764814102858e-02 2.102007856784092465e-02 2.141877977236124678e-02 9.589769642216994239e-02 1.154641557583553357e-01 1.371353691790400675e-01 6.946024516904447665e-02 4.917398910534784978e-02 3.918466501758969406e-02 4.311669491680288763e-02 2.690302390729959123e-02 4.961400289929257523e-02 4.612045958058506867e-02 6.168644464684741591e-02 8.966642130036867053e-02 7.612347131237198750e-02 5.494829621107044648e-02 1.364127905066349900e-01 1.327369046317844192e-01 1.326205525663975426e-01 1.342254097364418142e-01 1.217456367439466725e-01 1.486795451447279759e-01 1.435126497067608642e-01 7.038264877243992357e-02 8.488436345302265151e-02 7.572595013684013665e-02 9.896897082025933601e-02 6.005808814410768665e-02 6.792652783668244598e-02 9.392211126787619602e-02 8.962693048500935955e-02 1.061585350876862455e-01 7.124086835514654992e-02 4.531205717173023007e-02 8.348723270720591338e-02 8.723805043917789992e-02 3.879566963269542174e-02 5.840973516371483071e-02 1.069218578186390267e-01 6.888987587999324813e-02 3.431358545023003442e-02 5.271379517908011958e-02 6.372493927248017165e-02 5.904838435176076525e-03 2.141534915694643521e-02 -1.018348719620922570e-02 1.931392368551437810e-02 2.099760620767866098e-02 1.943758491374994457e-02 1.944884893076613205e-02 3.806861939284522656e-02 8.547493336965873365e-03 3.016099512613969191e-02 3.832175675056132685e-02 3.366957086983353442e-02 2.151024579549415394e-02 4.923193741888246683e-02 6.245267004345355505e-02 2.023270297335055812e-02 3.224501528202809025e-02 1.611493216080263011e-02 2.392185436719750438e-02 3.436915453668867165e-02 4.495029236745556878e-02 3.616825235220447188e-02
1.205292949164198241e-01 1.000000000000000000e+00 6.261830280481391064e-02 -5.635853629775716689e-02 1.072620799242993660e-02 7.368051797552274684e-02 1.393283703756034719e-01 7.718871599471856249e-02 1.522909345170906925e-01 1.923195259668779300e-01 1.277017254512991251e-01 9.834621262210037351e-02 1.030508245944495582e-01 9.855822208284459318e-02 1.432873598005697524e-01 1.376799803584703996e-01 1.389346233918426765e-01 1.509015839908882384e-01 1.503345216233321902e-01 7.692273049680679875e-02 3.860739888649102058e-02 1.101844567157909960e-01 1.436624595241308977e-01 1.450893391345871031e-01 1.384258448435191080e-01 1.491089770601924935e-01 1.484582808672418042e-01 1.763308100950216062e-01 1.954322344773855857e-01 1.881979537117285939e-01 1.694570271128511829e-01 1.620717264560273263e-01 1.667131198746364396e-01 1.522590565129230411e-01 1.803014778195871359e-01 1.216324674272504514e-01 1.554930682673848763e-01 1.667243436652146027e-01 1.613152302529156368e-01 1.006359287102485955e-01 1.257268563636865510e-01 1.406459451385901060e-01 1.212872098124258835e-01 1.448868467180793040e-01 1.245843258573913481e-01 1.785982929876691883e-01 1.369294714333082752e-01 1.575309170963266336e-01 1.300368887382850613e-01 1.160669268590415609e-01 1.344984531591135180e-01 9.778881297287962682e-02 1.197888468717241972e-01 1.579377454684400550e-01 1.484104853567493609e-01 1.546686021664632760e-01 1.275276482293345726e-01 1.434563595331382058e-01 1.395892749757703111e-01 1.467542643746103659e-01 1.356806423445313103e-01 1.567454226223006786e-01 1.412641433241232369e-01 1.455306935214289443e-01 1.457206883781837770e-01 1.399327071166986403e-01 1.545762967922857112e-01 1.704584366246555682e-01 1.663827045367517465e-01 1.318330244224837078e-01 1.394882622841202569e-01 1.544909265210226701e-01 1.582348515543973433e-01 1.455605623003854432e-01 1.543468324533331382e-01 1.554315418762992618e-01 1.738225721043155647e-01 1.753654541866343508e-01 1.638001041086827592e-01 1.700472115665768447e-01 1.719214358274582799e-01 1.586484976767472410e-01 1.489367695064600372e-01 1.754817106842270213e-01 1.434847768306309612e-01 1.586577723121011807e-01 1.441125569886728963e-01 1.590828452095550127e-01 1.572094411053551744e-01 1.565337475596128569e-01 1.492254770673704933e-01 1.452347811987010351e-01 1.380446748088307862e-01 1.549868989433310085e-01 1.483253248367317201e-01 1.517699137301169177e-01 1.141631297772640469e-01 1.275266518886346845e-01 1.439256781475161673e-01 1.354007386336826824e-01 1.335678114052632204e-01 1.441147752394155990e-01 1.270325820238289993e-01 1.393968255620413044e-01 1.291335517210927819e-01 1.387016176193214823e-01 1.384358047335371988e-01 1.555261437350619336e-01 1.590922344627390406e-01 1.482845895950621606e-01 1.505154373031417636e-01 1.497489722192085482e-01 1.511229806900155348e-01 1.450521527427446056e-01 1.438749649816220277e-01 1.388711291091345723e-01
2.066148278677565897e-01 6.261830280481391064e-02 1.000000000000000000e+00 3.178149052604068991e-01 1.111339198670114187e-01 2.190252003168311201e-01 2.135362083464635852e-01 2.208961120850295168e-01 3.392423783660822312e-01 2.316494458397088119e-01 3.067474001314823284e-01 3.380733242886030943e-01 2.404041277324815706e-01 2.285226074105201066e-01 2.526745342737867772e-01 2.835524690464864550e-01 3.526493198269944895e-01 3.855208343447020791e-01 3.804370720526767391e-01 3.538209609713627302e-01 3.805642558458619540e-01 4.084241603717308489e-01 4.017790654843700349e-01 3.857178102902744654e-01 4.040677837516073456e-01 3.685184924940520523e-01 3.998891317815592705e-01 3.774850049716249600e-01 3.665708947128642481e-01 3.860293118707447957e-01 3.997695657247175016e-01 3.691044753376193643e-01 3.574771381646512092e-01 3.614920260020403897e-01 3.543390311660260528e-01 3.615145530248382033e-01 3.839081888504392581e-01 3.261057016412914900e-01 3.366459115987862627e-01 3.208157259343066836e-01 3.092016802108470408e-01 3.203306289652206318e-01 3.082785950931035135e-01 3.376564691841275057e-01 3.517199677782022471e-01 3.253704897193305801e-01 2.821792098250512359e-01 2.924434353411500265e-01 2.983949555830573419e-01 3.103418927473364786e-01 3.036697767843096751e-01 3.003902550771055391e-01 3.028933022171944045e-01 3.116998926136766990e-01 3.191762154941941709e-01 3.434615166519467966e-01 3.023767516330493343e-01 3.065378493563389872e-01 2.912568000164606485e-01 2.956836338173904344e-01 2.908967745485889766e-01 2.854301800392480271e-01 2.833058046978264577e-01 3.015719757381966071e-01 3.180484551243739078e-01 3.143789729276936229e-01 3.026873955894801571e-01 3.362863720898044972e-01 3.430932871116980643e-01 3.519357540755209679e-01 3.579286018075465980e-01 3.442977280437646281e-01 3.481766850283780634e-01 3.564949561120936972e-01 3.202377911560977952e-01 3.253071121898169493e-01 3.104935234020467782e-01 3.318856006838966088e-01 3.079620505347528403e-01 3.155763575145585365e-01 3.313044754113224077e-01 3.322302706781898873e-01 3.298729282492619541e-01 3.079721989444924035e-01 3.055277002052273483e-01 3.246934346781611969e-01 3.404851627963708660e-01 2.969937517236369562e-01 3.141390383844792078e-01 3.298660938250744246e-01 3.174699329403997683e-01 3.002588449285930605e-01 3.169191785617352375e-01 3.153418484829427770e-01 2.776113163678112783e-01 2.836653227044977355e-01 2.826944702312249036e-01 2.848212583402304210e-01 2.899086571102866272e-01 2.919323368332963908e-01 2.989245698541705409e-01 2.957676860674649522e-01 2.881759856790686025e-01 2.969659474463645088e-01 3.122804593982624333e-01 2.926124803368294613e-01 2.832482326310975518e-01 2.945205379181238814e-01 2.976371445873396970e-01 2.848911657230969730e-01 2.902902038589305067e-01 2.864741528502499635e-01 2.844892028476721513e-01 2.966962455917152575e-01 3.037559931011428183e-01 2.986991761514335986e-01
1.095096131100909698e-01 -5.635853629775716689e-02 3.178149052604068991e-01 1.000000000000000000e+00 2.881608930961938042e-01 2.798826871969160024e-01 3.489850865465352614e-01 4.406528099209081062e-01 4.377384951516843370e-01 3.427994150000048257e-01 4.465021164030504308e-01 5.712843030216934181e-01 3.544485760138579300e-01 3.852113733574925036e-01 3.915060483978688444e-01 4.552820860746176757e-01 4.378517336176536157e-01 3.899793124129117272e-01 3.506975550763874461e-01 4.822534714537382583e-01 5.902872747986578350e-01 4.991920839920836461e-01 4.162778512673521170e-01 3.760884188255713134e-01 4.134608466588914899e-01 4.970807044893182924e-01 5.077171566141669423e-01 4.351036873783048486e-01 3.899255294155057894e-01 4.182087298055507940e-01 4.744285223960996167e-01 4.295019574704880827e-01 4.139287969825775626e-01 4.145326762286566935e-01 3.892636974334344191e-01 4.730966023593389247e-01 4.670137103275062151e-01 4.269620838601414503e-01 4.324591683189271674e-01 5.080512905879660535e-01 4.707429398062527581e-01 4.692525086605833784e-01 4.765164627068229630e-01 4.683806477599545826e-01 5.110229010107162351e-01 4.241264667578257264e-01 4.185852872537812464e-01 4.140928768718744601e-01 4.497220519376421977e-01 4.579036724107718448e-01 4.516160914599591236e-01 4.864657437783211358e-01 4.784164545599122742e-01 4.281590580404482371e-01 4.532856590046552281e-01 4.537451955350619848e-01 4.610532525082197686e-01 4.497402162974442064e-01 4.413873164352724032e-01 4.389794868540103367e-01 4.453114122457970669e-01 4.156454655483546312e-01 4.234991000406321260e-01 4.219963856457668583e-01 4.347401685355306022e-01 4.510456320078678472e-01 4.146158839824096720e-01 4.041600843480372962e-01 4.260839031636203256e-01 5.085295881536745499e-01 4.839639638394926946e-01 4.364726344748958153e-01 4.193564330543872454e-01 4.443247814155142361e-01 4.477886518202880417e-01 4.503323619546951151e-01 4.052569884749250284e-01 4.151097451296699714e-01 4.241379206518346434e-01 4.185103053354382041e-01 4.207707461523279568e-01 4.424430897143415975e-01 4.416792388757532772e-01 3.989245818161974433e-01 4.383771987451019481e-01 4.217319025679391875e-01 4.612187413622947929e-01 4.150639770041796850e-01 4.248659985854918997e-01 4.436510159862801506e-01 4.410636959142830715e-01 4.364118219009165411e-01 4.538236462882750399e-01 4.346936211415667883e-01 4.077721495159215004e-01 4.085123591273458477e-01 4.631758922316046023e-01 4.548456940662818915e-01 4.365355554058196752e-01 4.451512386925269849e-01 4.519897185081823698e-01 4.433171042129455675e-01 4.560232972828630604e-01 4.430258180264418644e-01 4.649880114557006228e-01 4.447308155691082621e-01 4.353295486057804919e-01 4.169799508450059422e-01 4.173792959250868795e-01 4.186486279030610103e-01 4.200059339234435973e-01 4.248635281008197873e-01 4.217125189490139592e-01 4.337321072882550088e-01 4.327149868086775930e-01 4.477525249223308634e-01
1.217817561681156999e-02 1.072620799242993660e-02 1.111339198670114187e-01 2.881608930961938042e-01 1.000000000000000000e+00 2.366533486035877487e-01 4.015741429277174812e-01 4.146751557466962224e-01 3.611918778856411660e-01 3.425228437093345013e-01 3.438113318306379451e-01 4.133034405061274952e-01 3.573232487876434327e-01 3.541355372625882847e-01 4.000799296520997639e-01 4.071747592938520510e-01 3.408642319029073220e-01 2.420369544261925798e-01 2.615916056423477354e-01 3.151880461721276450e-01 3.389175270948851515e-01 3.406173061667706059e-01 2.975864281362187169e-01 2.663850274402823071e-01 3.088245103466659702e-01 3.881510413672951687e-01 3.740259173296083262e-01 3.695373798802358833e-01 3.035840302924894263e-01 3.431328990514090904e-01 3.557226917836804891e-01 3.595081301521336758e-01 3.683636080306424421e-01 3.536527462285838364e-01 3.470333411107965893e-01 3.812933317797108645e-01 3.694055302012967945e-01 3.845363514215291989e-01 3.913311760185344546e-01 4.357646773658365724e-01 4.128464557788039668e-01 4.161628014382846019e-01 4.198367333484150365e-01 4.142450289694647458e-01 4.115264038678810854e-01 3.887225028357910173e-01 3.973340458602170333e-01 3.932223766114091301e-01 3.979714671370345735e-01 3.939626150690411777e-01 4.023281719396288314e-01 4.063549614137693666e-01 4.114338263560276543e-01 3.812509639325337152e-01 3.784663946767528042e-01 3.914684591844651562e-01 3.853552259897204957e-01 4.042597123989590258e-01 3.897708533287962407e-01 3.967372619165570602e-01 3.987860897816521977e-01 3.788695392654332084e-01 3.818141408211356280e-01 3.791258762254410830e-01 3.842839424543194604e-01 3.855936795757305968e-01 3.932841617513761490e-01 3.706834828734387188e-01 3.780993951824913601e-01 4.093600309782423619e-01 3.964028157962776744e-01 3.848418785324714819e-01 3.648311239844964637e-01 3.765738332678202349e-01 4.013663762893359133e-01 3.983996678112322054e-01 3.886195725990704841e-01 3.704442433387785116e-01 3.928989259178904403e-01 3.791231643509873628e-01 3.823400631511924552e-01 3.884498162455176096e-01 3.930686992610890051e-01 3.776519074322665648e-01 4.016281395482546035e-01 3.877758240398691547e-01 3.972147446038988838e-01 3.955317127241682607e-01 3.982549786564714145e-01 3.996027509433460745e-01 4.072222964442264170e-01 4.060204310426365759e-01 4.119100060180332368e-01 4.004482421466876163e-01 3.961430515788431639e-01 3.936097608053191754e-01 4.197335738339830202e-01 4.003561467514806238e-01 4.021506807814801410e-01 4.135206364438870352e-01 4.169687229103133941e-01 3.968697005558281532e-01 4.114076817012300435e-01 4.087756989088450754e-01 4.109724454121080894e-01 3.934151455674343989e-01 3.976319763803339291e-01 3.922356784606426672e-01 3.885898611342895603e-01 3.996141577732668648e-01 3.997073322575279697e-01 3.982355546595786611e-01 3.917757187948019415e-01 3.969089177992365935e-01 3.994491718484790010e-01 4.000574277022960201e-01
6.610168373513448936e-02 7.368051797552274684e-02 2.190252003168311201e-01 2.798826871969160024e-01 2.366533486035877487e-01 1.000000000000000000e+00 4.117661336862498134e-01 3.811278169135614569e-01 4.417446862748533598e-01 3.781124911597906202e-01 4.601521877793781634e-01 4.875614695671787180e-01 4.277383666657684214e-01 4.272840855449259179e-01 4.736444604614755693e-01 4.947354397329406517e-01 4.494144827624639849e-01 3.797194396776327752e-01 4.225924723084876211e-01 3.613959637631181110e-01 4.216789340802862829e-01 4.617549719608438630e-01 4.461334321686958870e-01 4.299682015190384732e-01 4.489932544002081527e-01 5.109919381709865371e-01 4.966666419106682828e-01 5.033298535301536925e-01 4.700459739296217188e-01 4.959832624046126570e-01 5.046689050523607278e-01 4.879880875817627639e-01 4.971221224755691392e-01 4.959043149811047102e-01 4.920666168347880287e-01 4.979776973879903590e-01 5.066666015360715702e-01 5.028804099167601960e-01 5.176665807722542478e-01 5.010805313497845859e-01 5.213740953154550883e-01 5.171491703309744059e-01 5.198449421867146203e-01 5.215409171914310305e-01 5.196783461316650810e-01 5.173624584325021702e-01 5.079467937729224003e-01 5.151613392315838036e-01 5.033449741488759122e-01 5.007556815619360613e-01 5.079672589774755220e-01 4.929568429488362935e-01 5.009720146064032820e-01 5.117532037653524934e-01 5.148535381381996734e-01 5.213635064299434463e-01 5.001090177119776881e-01 5.136914865069420744e-01 5.065373256250955691e-01 5.103963112555711668e-01 5.104501530259518693e-01 5.033342077350431154e-01 4.997291544604604008e-01 5.025629028565331557e-01 5.052147541513678508e-01 5.088256307305845105e-01 5.127452566713011084e-01 5.113037388358998570e-01 5.167039195765464887e-01 5.151053607655270428e-01 5.262083255449698793e-01 5.205636517142241404e-01 5.117502143982634033e-01 5.230918468109767572e-01 5.235911726090533014e-01 5.207636770527731551e-01 5.160234049411367430e-01 5.116871571497423332e-01 5.209923457240173139e-01 5.106820650519483529e-01 5.159147508366968005e-01 5.185779413027438167e-01 5.193543079148572605e-01 5.088954377005000529e-01 5.149437770839205841e-01 5.190703268502875334e-01 5.257604838737024444e-01 5.127171548464688478e-01 5.157030714287621498e-01 5.240420726736363388e-01 5.199972738489790913e-01 5.183230679192710744e-01 5.239155559092423253e-01 5.206868591312366901e-01 5.090631925810786829e-01 5.111201259027310373e-01 5.087837380926956143e-01 5.042078864993740916e-01 5.140451950419466787e-01 5.119767376109338741e-01 5.178704939701839205e-01 5.112720756571654812e-01 5.100648998025492098e-01 5.157823966945671579e-01 5.181826898460409891e-01 5.031067187846653965e-01 5.091766646134494589e-01 5.143146598360279764e-01 5.158582501491753014e-01 5.096940185043826732e-01 5.126119140201517155e-01 5.093954304023371460e-01 5.071464571498879303e-01 5.091503937471734131e-01 5.135252004707491214e-01 5.122695168976593161e-01
8.632334602824504044e-03 1.393283703756034719e-01 2.135362083464635852e-01 3.489850865465352614e-01 4.015741429277174812e-01 4.117661336862498134e-01 1.000000000000000000e+00 6.432997649181909638e-01 5.872225598765733467e-01 5.772941181908921582e-01 6.237771265375954277e-01 6.638514981891984190e-01 6.156571876424230538e-01 6.209574438208496083e-01 7.659098491132515507e-01 7.177705226944148809e-01 5.848295587412395413e-01 3.842374942275987304e-01 4.466962121767961702e-01 4.087603518164552030e-01 4.282626860544056502e-01 5.090026830937391944e-01 4.819008209165446810e-01 4.541925609734194791e-01 4.828526510717580655e-01 6.543908979334036591e-01 6.224136114634871708e-01 6.511721988395041683e-01 6.177416026398061533e-01 6.328119015842671446e-01 6.382692066207115156e-01 6.397071854667076840e-01 6.625429304380350271e-01 6.488131833053123465e-01 6.461497675913855376e-01 6.406334135989411038e-01 6.568505922327082525e-01 7.048855461017933255e-01 7.104082284407933212e-01 7.085966169901397604e-01 7.236234700173534984e-01 7.274717188852708460e-01 7.169666391193252331e-01 7.205086433925994571e-01 6.988270765888522362e-01 7.089666243594372474e-01 7.214491952805967001e-01 7.207639069649112162e-01 7.181796758032936712e-01 6.958366284505999033e-01 7.122294555864409071e-01 6.963837179615801620e-01 7.166324881101115984e-01 6.979838273997220899e-01 6.798284537444921893e-01 6.885444398145191824e-01 6.881542503876694195e-01 7.236317836118798530e-01 7.197924784546912980e-01 7.249536422983345885e-01 7.243327333682116898e-01 7.125426907403660248e-01 7.008797772856834030e-01 6.991340034234920786e-01 6.959388369494424742e-01 6.940180809501584891e-01 7.193826800067691929e-01 6.804948610214015536e-01 6.941321413073909818e-01 6.772546489463391328e-01 6.760945549638850416e-01 6.933544333383609981e-01 6.631654127076188621e-01 6.608503126999817345e-01 7.275565938028151214e-01 7.201341465265100883e-01 7.296873609061579335e-01 7.131303046144664703e-01 7.297366830533161819e-01 7.278756291697101588e-01 7.198436910578513981e-01 7.178403094305633170e-01 7.076811218500402845e-01 7.284956869291179249e-01 7.279549173372052984e-01 7.166595631629191221e-01 7.122254830993599573e-01 7.360060251210803761e-01 7.332041420067528792e-01 7.125474544609923244e-01 7.377516989701591310e-01 7.379317805944426434e-01 7.276947167588325716e-01 7.313077884497787284e-01 7.338755050498303456e-01 7.298163941032227431e-01 7.345681861766525378e-01 7.175017010572207754e-01 7.321186523717670980e-01 7.397256547717026010e-01 7.415228170918509720e-01 7.228987297144341406e-01 7.329927346047516723e-01 7.331989636666883525e-01 7.216226679692295809e-01 7.148274637895940531e-01 7.298632268536827672e-01 7.224242457929644923e-01 7.175397219653492087e-01 7.352156825172176946e-01 7.328629146422779295e-01 7.306668642794554858e-01 7.289649881359302475e-01 7.220397470859317712e-01 7.205347180453849365e-01 7.198508651821674542e-01
-4.993313112873872667e-03 7.718871599471856249e-02 2.208961120850295168e-01 4.406528099209081062e-01 4.146751557466962224e-01 3.811278169135614569e-01 6.432997649181909638e-01 1.000000000000000000e+00 5.882555083225795567e-01 5.499191140366824770e-01 6.184951128896521988e-01 6.898718126807869000e-01 5.982320336521343984e-01 6.241854635460157841e-01 7.169058880478705875e-01 7.141189213521175194e-01 5.714197834505270190e-01 3.645363430161827623e-01 4.236693932957544262e-01 4.266151693776479847e-01 4.823811724043151061e-01 5.199222029613232987e-01 4.624862165699037964e-01 4.320351252655655894e-01 4.757523884777173917e-01 6.500209295374342888e-01 6.112535470050006747e-01 6.097806639585064969e-01 5.737711916047995020e-01 5.998153008622972848e-01 6.164667356862729708e-01 6.126077365567766941e-01 6.267703257849688292e-01 6.110840847279185306e-01 5.976430410645208191e-01 6.383071764711767404e-01 6.296676236438968344e-01 6.694925936455194959e-01 6.753772222053884278e-01 7.014840798764528929e-01 7.130644031122848059e-01 7.128286267175943935e-01 7.090607146522407422e-01 6.995838870418332744e-01 6.986283556027383934e-01 6.813342598699853037e-01 7.053978441804038546e-01 6.981946555759500628e-01 7.041678727953620820e-01 6.855966532379871303e-01 6.978010334355170263e-01 6.915880462451193811e-01 7.115877349191110923e-01 6.800223433154936048e-01 6.724787473816021821e-01 6.729625165552761690e-01 6.830344427544691177e-01 7.030630670338730015e-01 6.972843983187808625e-01 7.081569450578082403e-01 7.102815507451273325e-01 6.897671012471650043e-01 6.858804690040324337e-01 6.828915689234653641e-01 6.742805630384690607e-01 6.807308329490255883e-01 6.957192338741026161e-01 6.486181973750720919e-01 6.659724268291760119e-01 6.751965561617051526e-01 6.693825599670937265e-01 6.718796798716680785e-01 6.383889514477629756e-01 6.469061557505839666e-01 7.053145189766615308e-01 6.986457331786085634e-01 6.961649629609731882e-01 6.786133994427756555e-01 7.030285947092885790e-01 6.919099082671983370e-01 6.829717803477118876e-01 6.929842901039356962e-01 6.909214321621474086e-01 6.856931759039744945e-01 7.065425576753068260e-01 6.860710086812421560e-01 6.953953149217787510e-01 7.067205425673241947e-01 7.046795297316820195e-01 6.919783921563451567e-01 7.096262021903428918e-01 7.154733470543732654e-01 7.167194177412488099e-01 7.056202651370869772e-01 7.089960569527063994e-01 7.059039011828108778e-01 7.316780106274226592e-01 7.122039181642051409e-01 7.151529529370197480e-01 7.218302033439212284e-01 7.280430880134355354e-01 7.085095539354583360e-01 7.226149650635205202e-01 7.168048949368936995e-01 7.156871167507332654e-01 7.055451490519788482e-01 7.129185654393991323e-01 7.000165686195307657e-01 6.949491365381613717e-01 7.122504790215469228e-01 7.086894681316552314e-01 7.116742133738229725e-01 7.089096672337644733e-01 7.080646165868573760e-01 7.036401932138777182e-01 7.060838352636761295e-01
2.552940821850041009e-01 1.522909345170906925e-01 3.392423783660822312e-01 4.377384951516843370e-01 3.611918778856411660e-01 4.417446862748533598e-01 5.872225598765733467e-01 5.882555083225795567e-01 1.000000000000000000e+00 6.899237075463302560e-01 7.539223291829969531e-01 7.489202403121417717e-01 6.489262751295692411e-01 6.569107409144427923e-01 7.386764898105944166e-01 7.667940840649026812e-01 8.154291990347058983e-01 7.111680069184781461e-01 7.398618843479557450e-01 6.748422812784283797e-01 6.980865364112138760e-01 7.842006754419486025e-01 7.723722016876755081e-01 7.365149338876743057e-01 7.580220695359735084e-01 8.361390006656678198e-01 8.289793238373109885e-01 8.302846028275223667e-01 7.968811319608134491e-01 8.263728762610986767e-01 8.399964311849777987e-01 8.394097268094499187e-01 8.337147981001202801e-01 8.167595042118215298e-01 8.187731350287670296e-01 8.081903939152538241e-01 8.380630306090387505e-01 8.236890397455695068e-01 8.281503762939298463e-01 7.837440277186129567e-01 8.116054468527791332e-01 8.209164320036529405e-01 7.932735293749059169e-01 8.347796822964147490e-01 8.258584717390520247e-01 8.268107047362669437e-01 7.892991081484957983e-01 8.139432278000279242e-01 8.108487238374668671e-01 8.056824437667936545e-01 8.091968155650896000e-01 7.787398122229259867e-01 7.876285478522667693e-01 8.339315610019123470e-01 8.371787575327571673e-01 8.437533766389040402e-01 8.136651435740952509e-01 8.176843733927176006e-01 8.017317573977027489e-01 8.148754453795096220e-01 8.085448456216802748e-01 8.114170956124817646e-01 8.010709330910759096e-01 8.141761237425375608e-01 8.276517543298271828e-01 8.247603273274841662e-01 8.167300439391712574e-01 8.374664315727009534e-01 8.437377907078418282e-01 8.441104439686477612e-01 8.449859813258470131e-01 8.383476375028162675e-01 8.341056294977162722e-01 8.325912186100408174e-01 8.250977709452366193e-01 8.299825267853826460e-01 8.237878138236345293e-01 8.253494389757954908e-01 8.159395671388142146e-01 8.208353759469595445e-01 8.294566382875148136e-01 8.308874567353812246e-01 8.424315814294007776e-01 8.179608007148065907e-01 8.120028324374026774e-01 8.283888904451428559e-01 8.318897609374431568e-01 8.090411629845312147e-01 8.182836664812461747e-01 8.424490345366140165e-01 8.204623000092552410e-01 8.104452119678083877e-01 8.211866493212409690e-01 8.207257411628208210e-01 7.959622733752711454e-01 8.041588056046585775e-01 7.836399096542236986e-01 7.955062837555586519e-01 8.062055253797152377e-01 8.003481005203755272e-01 8.029516078264820056e-01 8.106604881606447321e-01 7.912792603579176243e-01 8.101653904250983862e-01 8.147173836287758819e-01 8.088653443291099476e-01 8.040714100933631370e-01 8.181449063408590128e-01 8.213535586720678294e-01 8.019932483517742128e-01 8.092324467229271567e-01 8.049450457811515580e-01 8.049001053507706116e-01 8.117061302478738583e-01 8.157163332634416175e-01 8.114274859098389303e-01
1.027739723708997188e-01 1.923195259668779300e-01 2.316494458397088119e-01 3.427994150000048257e-01 3.425228437093345013e-01 3.781124911597906202e-01 5.772941181908921582e-01 5.499191140366824770e-01 6.899237075463302560e-01 1.000000000000000000e+00 6.780201151685565364e-01 6.908709449401997382e-01 6.161623882058984147e-01 6.291412993155923727e-01 7.258640181249453871e-01 7.289623665066103930e-01 6.830898810823010647e-01 5.437240995466784410e-01 5.979987556596322307e-01 5.033024182665225554e-01 5.243007227470789511e-01 6.229650939413483579e-01 6.091762414747484700e-01 5.885240567903151643e-01 6.139546298430503812e-01 7.372926514485959038e-01 7.048776667899799842e-01 7.213984870321702436e-01 7.116830657420584183e-01 7.144774281929121562e-01 7.285485400317150972e-01 7.395798815019313244e-01 7.308158074458752651e-01 7.320711505860603152e-01 7.149826681765617531e-01 7.217992138255414636e-01 7.289652243469458837e-01 7.688683155549612680e-01 7.708118798668410765e-01 7.279337702830217527e-01 7.655972967698281284e-01 7.668213772521177418e-01 7.419662148251656708e-01 7.683698829923002460e-01 7.492011765037288606e-01 7.662746554846785463e-01 7.604110983245288002e-01 7.739821354841095458e-01 7.651129497175642724e-01 7.455765120143098557e-01 7.624826013376165834e-01 7.243664670414711182e-01 7.422433923582234527e-01 7.705062999005861668e-01 7.568351164749910209e-01 7.619691973997390066e-01 7.433411050248330820e-01 7.694717017150444205e-01 7.651416074229901998e-01 7.718899146310905790e-01 7.623531576325306425e-01 7.661305286527587688e-01 7.564554435573610514e-01 7.606609237077913699e-01 7.579737466520078959e-01 7.547714354360695044e-01 7.765263895611039802e-01 7.671073012207971775e-01 7.742556702656795409e-01 7.515295956136669453e-01 7.572999753567847270e-01 7.675999387431797771e-01 7.547748449140985194e-01 7.484453183822278310e-01 7.748619327626328213e-01 7.754549293520685005e-01 7.808026395981473300e-01 7.727670552378536062e-01 7.743124011089480563e-01 7.715129814411668674e-01 7.726613119107644811e-01 7.728068276492325861e-01 7.757088055402988624e-01 7.731474474172747025e-01 7.720135972928044987e-01 7.770314016670202273e-01 7.693017724053353712e-01 7.774592254273597902e-01 7.798301953557311705e-01 7.741108980222390912e-01 7.773282227612398065e-01 7.747362307649316993e-01 7.739691346953745388e-01 7.774756148514411214e-01 7.704484792736158161e-01 7.732769258997937989e-01 7.520780715560992924e-01 7.537267793341514421e-01 7.706189415207604920e-01 7.698026738816077241e-01 7.677991027780125544e-01 7.669371702773969401e-01 7.573189468689760506e-01 7.722138290325750720e-01 7.665599446389221860e-01 7.574262588409679253e-01 7.681041700583438603e-01 7.764378694419983296e-01 7.751117678315904147e-01 7.708826611033193776e-01 7.727288075644369592e-01 7.720572197750508181e-01 7.695516728235746173e-01 7.700216123748013786e-01 7.707571349717257103e-01 7.623116366194711002e-01
1.184056467792748979e-01 1.277017254512991251e-01 3.067474001314823284e-01 4.465021164030504308e-01 3.438113318306379451e-01 4.601521877793781634e-01 6.237771265375954277e-01 6.184951128896521988e-01 7.539223291829969531e-01 6.780201151685565364e-01 1.000000000000000000e+00 8.053846984666689357e-01 6.750426040372867753e-01 7.052613330148698179e-01 7.791139537757475475e-01 7.904423094132991823e-01 7.589926158560620362e-01 6.296359714505770366e-01 6.777098576837800037e-01 6.029284333865443379e-01 6.449642497018303056e-01 7.335726629995767967e-01 7.062026188069527866e-01 6.736539718493707030e-01 7.084204492562362621e-01 8.254244027766148850e-01 8.029283969512072128e-01 8.067120233596931644e-01 7.609889532822289304e-01 8.023276951172105820e-01 8.228409279401448506e-01 8.154337602659704753e-01 8.062772741993529113e-01 8.068292518269845059e-01 7.928461053941771031e-01 8.127390562785647976e-01 8.251855146017950116e-01 8.319438115966584224e-01 8.389009640345451713e-01 8.057284704765333982e-01 8.398767498354243743e-01 8.361391329625769142e-01 8.204408837159951062e-01 8.503323036277393721e-01 8.416194904269100885e-01 8.306598130537719005e-01 8.324907221079351771e-01 8.375221628781899241e-01 8.408466053680524466e-01 8.283886918234777408e-01 8.390119480186785106e-01 8.115528234655866591e-01 8.258009916939373918e-01 8.428138635176625204e-01 8.437146116864066014e-01 8.416390000491751344e-01 8.288331904531738292e-01 8.374245211043722659e-01 8.383338345975823724e-01 8.415608024667909914e-01 8.401735341258886880e-01 8.353021656074784973e-01 8.319884234505005027e-01 8.349904129476404258e-01 8.332962948244847512e-01 8.378806734607420204e-01 8.413932508562478318e-01 8.404860705032894952e-01 8.490069734364248388e-01 8.362607104907158195e-01 8.437783193406589444e-01 8.443345302625440141e-01 8.350932255121591430e-01 8.324978515223419029e-01 8.533582172073824745e-01 8.495827874508486977e-01 8.405148382572350529e-01 8.358569592837127304e-01 8.398098244770226817e-01 8.431480531336279505e-01 8.437454881111619009e-01 8.503709635634464359e-01 8.487203017818597539e-01 8.377627231976103594e-01 8.448724287963111923e-01 8.462395691360660166e-01 8.488018380321598055e-01 8.399262281456345569e-01 8.462540100803657150e-01 8.507573802613874747e-01 8.488216190024815422e-01 8.448682075214835052e-01 8.488405904932201373e-01 8.473409408365800699e-01 8.329806987904404547e-01 8.376077957013832176e-01 8.258806799149234212e-01 8.272783470449843746e-01 8.391113240820530228e-01 8.390216893149119448e-01 8.379311514676849315e-01 8.384652819465415741e-01 8.333176133791061480e-01 8.422678359227344647e-01 8.439673042685733595e-01 8.320735915537381677e-01 8.368379942481108946e-01 8.434620635285425827e-01 8.426729970844066830e-01 8.366213154128271379e-01 8.378649038369201385e-01 8.379624850721216767e-01 8.347357515168188913e-01 8.386978534562267162e-01 8.407033669805424880e-01 8.370167623508498744e-01
6.877589770704285732e-02 9.834621262210037351e-02 3.380733242886030943e-01 5.712843030216934181e-01 4.133034405061274952e-01 4.875614695671787180e-01 6.638514981891984190e-01 6.898718126807869000e-01 7.489202403121417717e-01 6.908709449401997382e-01 8.053846984666689357e-01 1.000000000000000000e+00 7.067748344077361411e-01 7.373633369953651595e-01 8.170741354433846970e-01 8.412140087408240818e-01 7.717670495214951076e-01 6.054571720436231486e-01 6.436999276539523418e-01 6.295944079992281672e-01 7.077471760024934833e-01 7.519009223648688289e-01 6.890218642830189255e-01 6.539914845681714661e-01 6.995920213607016436e-01 8.558168667983535594e-01 8.300519279746321200e-01 8.112002171525409810e-01 7.625138272588400934e-01 7.950265797757479769e-01 8.354987351478069257e-01 8.157715537857960220e-01 8.076162573744536388e-01 8.066515709611351559e-01 7.836010791272920439e-01 8.399582981046174179e-01 8.367496407211386655e-01 8.523015288617830088e-01 8.538066894041110855e-01 8.624870843053165093e-01 8.801128553709844926e-01 8.782551845528910883e-01 8.713785924471656452e-01 8.826252967896011103e-01 8.887497224821132580e-01 8.537573190886420527e-01 8.680271563238046717e-01 8.661390760776640496e-01 8.788683928975692394e-01 8.626610897480772033e-01 8.776729348954228627e-01 8.672291647267473813e-01 8.738217686055801403e-01 8.667412208721261280e-01 8.647675510075166772e-01 8.628029884862870036e-01 8.674643246114982498e-01 8.747022094105616485e-01 8.741008540602688281e-01 8.764199232569696019e-01 8.776858769728874687e-01 8.628257743892959741e-01 8.619480661116624143e-01 8.616551903722606820e-01 8.618569505707293077e-01 8.706986532231627551e-01 8.666473431408012740e-01 8.465484118896167143e-01 8.618139756990064182e-01 8.768274151625722324e-01 8.754080803507916508e-01 8.652224916225378371e-01 8.405871043082095984e-01 8.498003684916224376e-01 8.824987588928066007e-01 8.781803255945023201e-01 8.594889318343572615e-01 8.557053381602173214e-01 8.669524473194765157e-01 8.605876321203833612e-01 8.611969938018223525e-01 8.761532287113724671e-01 8.726836641400607109e-01 8.520687724661933915e-01 8.741003623106443632e-01 8.631195245311992226e-01 8.808687167641946481e-01 8.669285469650358511e-01 8.706928052374324212e-01 8.744210063787132281e-01 8.800787745559267572e-01 8.795107014769452114e-01 8.836540399925948419e-01 8.785178584911149668e-01 8.651153657058837654e-01 8.663087144391695693e-01 8.785681120419277512e-01 8.717339677059718905e-01 8.764017596989701619e-01 8.807857828564739089e-01 8.815618803815724602e-01 8.763585735687610123e-01 8.775111863515210331e-01 8.803235626915471013e-01 8.848509637516517312e-01 8.706745178047176070e-01 8.740374279543635661e-01 8.689266214772600749e-01 8.682981239738677415e-01 8.696353530049214520e-01 8.700262126141649066e-01 8.713140949318721740e-01 8.688968730064897672e-01 8.710330602952082168e-01 8.722445802765838030e-01 8.755914307545094033e-01
2.910046144860909192e-02 1.030508245944495582e-01 2.404041277324815706e-01 3.544485760138579300e-01 3.573232487876434327e-01 4.277383666657684214e-01 6.156571876424230538e-01 5.982320336521343984e-01 6.489262751295692411e-01 6.161623882058984147e-01 6.750426040372867753e-01 7.067748344077361411e-01 1.000000000000000000e+00 6.552876239528493407e-01 7.690975910979236385e-01 7.617606338947554567e-01 6.567927751513653600e-01 4.733109940069826771e-01 5.438229810469127345e-01 4.727148933693409161e-01 5.012022861454620282e-01 6.011601316226484748e-01 5.654386103379240858e-01 5.397221293100442630e-01 5.868077603343515580e-01 7.302701994751858994e-01 6.867573810543248225e-01 7.041041448876022013e-01 6.822717718989598223e-01 6.984962581077311938e-01 7.131729776627243611e-01 7.111515339520143586e-01 7.093970795484161318e-01 7.144276884797171601e-01 6.956817608915115692e-01 7.259656272248350417e-01 7.200103029515496633e-01 7.536589436432000744e-01 7.689987016746159254e-01 7.512336646881411228e-01 7.894540009814655646e-01 7.805938501185847311e-01 7.798234280866401802e-01 7.793701941473836214e-01 7.717035232672853073e-01 7.725525023420815041e-01 7.986584290544861409e-01 8.004757151483662403e-01 7.851512420581127083e-01 7.586836208743120702e-01 7.789816748739699648e-01 7.712748475587051233e-01 7.837177476894140460e-01 7.863512802145925518e-01 7.669607944691562151e-01 7.677078279239595293e-01 7.737991961475578773e-01 7.937332581821866517e-01 7.885699890398043532e-01 7.985070694922214996e-01 7.966629581297274276e-01 7.936611384352427745e-01 7.838644230363767118e-01 7.871236063840439945e-01 7.788918799999610121e-01 7.846017650455836545e-01 7.961324653130898987e-01 7.706627289428034100e-01 7.745384059272855115e-01 7.553847965545253951e-01 7.670721018740689345e-01 7.797338220244707241e-01 7.535950067608429004e-01 7.546283150148970220e-01 7.991213669204403347e-01 7.886634970807506750e-01 7.913367430285390691e-01 7.808349838827061129e-01 7.982084093032606464e-01 7.877348291975818650e-01 7.835800778282566714e-01 7.895365196231431959e-01 7.879142553294827822e-01 7.839847943678455167e-01 7.947744038708859371e-01 7.879080277002422639e-01 7.868267580200656308e-01 7.992049530759323117e-01 7.959118850908940557e-01 7.876172754078846205e-01 7.956228199939835433e-01 8.008186300839413851e-01 7.981995282184958240e-01 7.983228368946106990e-01 8.035695603949969401e-01 8.025888292970725368e-01 7.959498956961593708e-01 7.943507622474353935e-01 8.026800910349206619e-01 8.017226293205584886e-01 8.023031506971057825e-01 7.996960710075065037e-01 7.995955238328207315e-01 8.010352882041029687e-01 7.996364088559337890e-01 7.933730127726686954e-01 8.002489956445296704e-01 8.006593699631113781e-01 7.958551576787080695e-01 8.007575851032361358e-01 8.025178061397425511e-01 8.030997531384767019e-01 8.025764143583719035e-01 7.993140216200808057e-01 7.972011881320322235e-01 7.991540878326044428e-01
