1.000000000000000000e+00 6.066285015260988039e-02 1.277925027930802981e-01 -2.024618052042209335e-02 2.157521675658638852e-02 1.509879275487904619e-02 -3.081920678652112430e-02 4.127809531721188425e-03 1.746460258621320150e-01 6.990261561492434883e-02 3.995493001429667457e-02 -2.131699975020753118e-02 -1.373535800861899574e-02 -2.242438483169279624e-04 -2.283448672646662403e-02 2.825946355039888735e-03 1.243331105718925161e-01 2.013656692094607792e-01 1.751667212680245167e-01 -6.211345436518638657e-02 1.359478913707227454e-01 1.284604029838147532e-01 2.189709290875609948e-01 1.548262907878362737e-01 1.421017080106570241e-01 1.604511256731599445e-01 1.256839565849661167e-01 1.081139904368075694e-01 1.724249401856294550e-01 1.962400159147486556e-01 1.350816570397726235e-01 1.078567446083910780e-01 9.600598615356141508e-02 5.869006187189762525e-02 1.155631294050148139e-01 6.498970855843555494e-02 1.107446181233169014e-01 4.001003467427423528e-03 6.811182726019493483e-02 -2.057419808543493184e-02 4.088298437270184577e-02 1.271884162289260191e-02 7.830498571689610554e-03 2.249675734941364996e-02 5.679261432506576418e-02 4.425169389212998960e-02 2.370122891814100113e-03 4.499013592837083214e-02 1.548653339126907467e-02 -2.710177912937834777e-02 1.453186766780970030e-02 2.795092538312349273e-02 -1.232301360029876237e-03 7.581670707373601437e-02 7.910585455800124566e-02 9.444497557412674660e-02 6.332144376263917906e-02 2.182781706214373049e-02 3.324463001672861573e-02 4.685475182724958138e-02 1.601126562381732440e-02 4.758936054060400322e-02 4.152081834370240088e-02 2.761127125102754917e-02 8.675335537796344254e-02 7.035241776845524431e-02 5.105967144266066599e-02 7.308753459500648419e-02 6.714264712364897969e-02 3.291221946872648855e-03 4.251580613233061495e-02 4.604844812406802546e-02 6.477922900624388802e-02 6.239531378709523013e-02 4.385823157251028670e-02 5.542286474419599873e-02 4.088603061245469489e-02 6.852200622340996750e-02 3.722892026262645399e-02 6.821955010056295066e-02 6.359030341017125887e-02 4.839538505618728309e-02 6.167219211043235838e-02 5.697843511890702400e-02 6.726164678255992790e-03 2.239477965485046906e-02 3.444853762481148857e-02 5.702217842723105584e-03 1.955044958975483971e-02 5.871449268909752217e-02 4.047575200743855871e-03 1.203341237591995343e-02 1.486458090200073849e-02 1.634776745760970970e-02 3.698362859944326429e-03 2.248683073888257250e-02 -1.515405880115775969e-02 9.288636720076938469e-03 -8.146488422251956830e-04 -7.284614521626443448e-03 -1.606509012309420906e-02 9.081575078040108814e-03 -5.073295990567350602e-03 -1.021901474637432791e-04 1.665075289721440130e-02 3.393971035287046689e-02 1.569205304678682536e-02 4.108301156602783832e-02 3.774167718925337117e-02 1.183363872412391757e-02 1.246370083745713259e-02 2.459948508212991825e-02 1.667438672883988365e-02 1.550302595449147731e-02 4.443579964402313842e-02 2.890226578877220370e-02
6.066285015260988039e-02 1.000000000000000000e+00 1.581338195535548705e-02 -8.104821387296190505e-02 1.331353692794092977e-02 7.159497807828035798e-02 8.230701769734749540e-02 7.090675161532458692e-02 1.588993619856173545e-01 1.156456468449374858e-01 1.207796882997678872e-01 5.123993868890652781e-02 1.107959330256533675e-01 1.124799347508727426e-01 1.091692004448305414e-01 1.091399057221483504e-01 1.158081217991300815e-01 1.462476611021397074e-02 5.464858170349894823e-02 -7.358328077450457250e-02 -7.246964292412698405e-02 2.464948668156408812e-02 8.684219588969148418e-02 2.031060448699863880e-02 3.769756173651894748e-02 1.377906760491532379e-01 1.056497110584747046e-01 1.276931580795613863e-01 1.335475953878901834e-01 1.331657952323183625e-01 1.432252626814636554e-01 1.049808133185859416e-01 1.157103958836108309e-01 7.994044882100313776e-02 1.504616659885457952e-01 9.354222187037342096e-02 1.352151384624763475e-01 1.158985146835025265e-01 1.213609639523276496e-01 1.041748261172530249e-01 1.233853104122034916e-01 1.138027198978822097e-01 8.614228127751114017e-02 1.018497425241999682e-01 1.093654393037434003e-01 1.429021936292062533e-01 1.299513582164401604e-01 1.418935757474114601e-01 1.269859807945846464e-01 8.249151482663694135e-02 1.160617244444507035e-01 4.151866310307664870e-02 9.780618937295551540e-02 1.574879737157470760e-01 1.468760336227893093e-01 1.383210779396003010e-01 1.272505771681262388e-01 1.470712068924540095e-01 1.478476504708524375e-01 1.307852429495346969e-01 1.214757362816498709e-01 1.442965591036061146e-01 1.331522805619269889e-01 1.279198604180462606e-01 1.357817639390258568e-01 1.355652564315184272e-01 1.435807335062835033e-01 1.210740471527042006e-01 1.351786439877936674e-01 8.600489043866395289e-02 9.364801771688890941e-02 1.269010132236237376e-01 1.046525409691372310e-01 9.431842454192365666e-02 1.427307607336504580e-01 1.353643871911836549e-01 1.288130478649525956e-01 1.492443885762043676e-01 1.427257188749647965e-01 1.406912864480759084e-01 1.350364241924858211e-01 1.562043015447161232e-01 1.344720378478782008e-01 1.482026906129476074e-01 1.176103171502624611e-01 1.254524986799457342e-01 1.340882619616630966e-01 1.294382822440820202e-01 1.348080984380800595e-01 1.395061950915764126e-01 1.257280713950237050e-01 1.307429984458328143e-01 1.223166046705467802e-01 1.342817326356972318e-01 1.399166935549231161e-01 1.445829514413483341e-01 1.070207257945314933e-01 1.104190986510178718e-01 1.320271980634681874e-01 1.214264065406175930e-01 1.181942394301620791e-01 1.396905895570078882e-01 1.176106651503832645e-01 1.254280759664955780e-01 1.145582419923992790e-01 1.386176908176593170e-01 1.313648782713734420e-01 1.560517726749869882e-01 1.423095606439651606e-01 1.407501756065676901e-01 1.464349122646604051e-01 1.442557246884073052e-01 1.467112548236504943e-01 1.366221950451441403e-01 1.385218562085093474e-01 1.415524131540533137e-01
1.277925027930802981e-01 1.581338195535548705e-02 1.000000000000000000e+00 3.080544145618009377e-01 1.852994059359812373e-01 2.194321475696822399e-01 2.759475276576511815e-01 2.894972260580641055e-01 3.283940286244030893e-01 2.979592282968935302e-01 3.446236068348471626e-01 3.547144552899393344e-01 2.743285673593431895e-01 3.145543389079644148e-01 3.288161476542871275e-01 3.147652741515942765e-01 3.211440529279500078e-01 3.921141675936787307e-01 3.904893050992376269e-01 2.981562803624336344e-01 4.133294940130321504e-01 4.042740789285965142e-01 3.967687136996221331e-01 3.836161900702616534e-01 3.858550227005638766e-01 3.777104318452764176e-01 3.897881058904356655e-01 3.821459494897250786e-01 3.864094544472008730e-01 3.906798558027535506e-01 3.965472039593768150e-01 3.848426524283640737e-01 3.710389825227900507e-01 3.775474193495432784e-01 3.609452771932525339e-01 3.653953343278432686e-01 3.854217018022050301e-01 3.464160790254379729e-01 3.775701184697752288e-01 3.572941905636292659e-01 3.652724358222945722e-01 3.570297740409267284e-01 3.640049926669926550e-01 3.698680462788174750e-01 3.897609736292773630e-01 3.565772576077427258e-01 3.438542303478067663e-01 3.502710823170501753e-01 3.359175903478409109e-01 3.385518304583257088e-01 3.507693867797120335e-01 3.575922562943362748e-01 3.498569797468084608e-01 3.515565657816777101e-01 3.492810024327316909e-01 3.760109931751277057e-01 3.366312341881021464e-01 3.432900440087885974e-01 3.370183864957249642e-01 3.498052820861588530e-01 3.389145961559151821e-01 3.433582048048308133e-01 3.505923576548147791e-01 3.383476188769894422e-01 3.447597047836284956e-01 3.506546435553259400e-01 3.522649206437161729e-01 3.815745685493489026e-01 3.784678606369979992e-01 3.704212166930664352e-01 3.872269486935359106e-01 3.707117622246193234e-01 3.794207762458577382e-01 3.841988447097426929e-01 3.596924128970853118e-01 3.711953082380635149e-01 3.746518736332773436e-01 3.720436623989666347e-01 3.607178815752281609e-01 3.710796029642069449e-01 3.758170585174653855e-01 3.571839638362829805e-01 3.645569512968230286e-01 3.661046011261661626e-01 3.561970171067965207e-01 3.617448088376510329e-01 3.689412594258127398e-01 3.484925192135064353e-01 3.566458299863341508e-01 3.636911094293814872e-01 3.600017858705051865e-01 3.553354447372982783e-01 3.603461188622770206e-01 3.560982699187382750e-01 3.389235172607638069e-01 3.465679907668310356e-01 3.415735767348878626e-01 3.293614887052045415e-01 3.376631500688341281e-01 3.423725399511884371e-01 3.451246413709477268e-01 3.402158430498382624e-01 3.430727438428098353e-01 3.465757505670248872e-01 3.559302503636934123e-01 3.367927968983310261e-01 3.426208612458981340e-01 3.437716826365643796e-01 3.511128798913047411e-01 3.405487914819222972e-01 3.400535556134308135e-01 3.426116256080263822e-01 3.405344580129258669e-01 3.376520335805427431e-01 3.435446083853646582e-01 3.413277665970383401e-01
-2.024618052042209335e-02 -8.104821387296190505e-02 3.080544145618009377e-01 1.000000000000000000e+00 3.816851763820465204e-01 3.579538061985547692e-01 5.254468004111054746e-01 5.093726508483693571e-01 3.940965324082219556e-01 3.881846421668483926e-01 4.912607819382702745e-01 6.613981990487776130e-01 4.855951279555256739e-01 4.656470575241600240e-01 5.367005367027718465e-01 5.265147103457020750e-01 4.134395173431034132e-01 3.381518940934390982e-01 3.454290559876114219e-01 6.647369822307218623e-01 4.954783706625184303e-01 4.811224463443378729e-01 3.428067389700342193e-01 3.602866815373401699e-01 3.670483599195014102e-01 3.750524180531043528e-01 4.072903604611811668e-01 3.908348007370900934e-01 3.424510308986773444e-01 3.566379896456747245e-01 4.075719667420196202e-01 4.618985851005155685e-01 3.784637914603808939e-01 4.706835039778596297e-01 3.702660544989119784e-01 4.402471171064533118e-01 4.060993648615751073e-01 4.872730038877804981e-01 4.622053145111995609e-01 4.639576791160966440e-01 4.883811427155594909e-01 4.899172551633895201e-01 5.260691725224478921e-01 5.170219963471273106e-01 4.922444776941553579e-01 4.773178179427400303e-01 5.144202791502971994e-01 4.900110070642580973e-01 5.160758727834868775e-01 5.372440968099364555e-01 4.976906297825468006e-01 5.581299255029288364e-01 5.497981736983893475e-01 4.684253299831152018e-01 4.556307019075233611e-01 4.394994219381966882e-01 5.107457556370010865e-01 4.887184498068290472e-01 4.679441105074211293e-01 5.192327436073906899e-01 5.353870252803114571e-01 5.010616053630081446e-01 5.019223339716889498e-01 5.207580781776851575e-01 4.958257408232359387e-01 5.179493629583554748e-01 4.853677767915495767e-01 4.690734800925670522e-01 4.850232002271519516e-01 5.954906667214884264e-01 5.298042937385466500e-01 4.963445539988404764e-01 4.949968935688017768e-01 4.986213324778469569e-01 4.824066606404701640e-01 4.814748532757548438e-01 4.751440631066920495e-01 4.450295185732202619e-01 4.796027615818447276e-01 4.734874275060808047e-01 4.800262853457921697e-01 4.709405210339368542e-01 4.827449926260702351e-01 4.595548272577624216e-01 5.260435414566689838e-01 5.005983512903283694e-01 4.938955644085809560e-01 5.117585576159389138e-01 5.020017257769000540e-01 4.721183058298741297e-01 4.976962000014444887e-01 5.098900737964469077e-01 5.101876304828985020e-01 4.970293523478703790e-01 5.074438250314192711e-01 5.004753660493063139e-01 5.416104103284473670e-01 5.517504760024767307e-01 5.257882548879908580e-01 5.211928749846311826e-01 5.243580725292327216e-01 5.115835950103256868e-01 5.441364689717315128e-01 5.270125502819500429e-01 5.332825719638840667e-01 5.214371358627130082e-01 5.322348891001971172e-01 4.787223781192680994e-01 4.874589288130783404e-01 5.007339809749976611e-01 4.879183662978627822e-01 5.132296809654450787e-01 5.060146126561475555e-01 5.209752606727727775e-01 4.968213169777882521e-01 5.230507843971547999e-01
2.157521675658638852e-02 1.331353692794092977e-02 1.852994059359812373e-01 3.816851763820465204e-01 1.000000000000000000e+00 3.025717738515821820e-01 4.637846421114705242e-01 4.833732274872233892e-01 4.372664655179143156e-01 4.179017250065372724e-01 4.497128213208111958e-01 4.870395057878263434e-01 4.441943883640719348e-01 4.454970475473279401e-01 4.809484006714650484e-01 4.923983107509438684e-01 4.304708896925150130e-01 3.316840384442346634e-01 3.527600006159689050e-01 3.821949331980140085e-01 3.727083797281625643e-01 4.016434012201683945e-01 3.701516847800064847e-01 3.443862345767736977e-01 3.498068794056189978e-01 4.365878952963651582e-01 4.059599484790857860e-01 4.213697188179827968e-01 3.891706058599668228e-01 3.986959671677313133e-01 4.110533150448211770e-01 4.516262114536584993e-01 4.008477799406805486e-01 4.219951525060647857e-01 4.151487246671440867e-01 4.180138855952054699e-01 4.078145364274206042e-01 4.443829875817900676e-01 4.452070846477014232e-01 4.455167852295965347e-01 4.664658228447033927e-01 4.644593143497463550e-01 4.773273709155170796e-01 4.718487913666868927e-01 4.653531755138287096e-01 4.579454694527126946e-01 4.810814522845507923e-01 4.797106184209767310e-01 4.826914084127111870e-01 4.632295208620291205e-01 4.633654021118138733e-01 4.763304587085436803e-01 4.855433218833409281e-01 4.803014160237955577e-01 4.761489385908804217e-01 4.534842041915275734e-01 4.898122529813194181e-01 4.734979717240680452e-01 4.663150895033119081e-01 4.934458224363932888e-01 5.001639216953831513e-01 4.914926484346940350e-01 4.859695662054788756e-01 4.837526922277496921e-01 4.803668637468104796e-01 4.982229841881858357e-01 4.768017972277760474e-01 4.633144572272674400e-01 4.715031649093142097e-01 4.949457049013095133e-01 4.665127076159855668e-01 4.650455491432790578e-01 4.676919830651575793e-01 4.599152340369173642e-01 4.746033699573047326e-01 4.682593275319116288e-01 4.653841696836671926e-01 4.510936626215712453e-01 4.654753548174206945e-01 4.659527887086910569e-01 4.660797439113021357e-01 4.622444014864791617e-01 4.736206611945041334e-01 4.584675258271336817e-01 4.784553037242638140e-01 4.685398160471437312e-01 4.638915342625649640e-01 4.776292020252386750e-01 4.756454577926093608e-01 4.711933857613281873e-01 4.712994617916177464e-01 4.817731960216029008e-01 4.790640343919755906e-01 4.739539739304926558e-01 4.816769933444693397e-01 4.825277588153341624e-01 4.867680735156605376e-01 4.974091869720165260e-01 4.894736852840410601e-01 4.823202577483161613e-01 4.844068950859145017e-01 4.847144160810868407e-01 4.943222862054407751e-01 4.888980558760999129e-01 4.876054575916148881e-01 4.944388244063337989e-01 4.903343318923333305e-01 4.788893606903087963e-01 4.813814071590415966e-01 4.820421129479519062e-01 4.756667382133415445e-01 4.892516726692043294e-01 4.865318458222647746e-01 4.922240278675219516e-01 4.805868495404254093e-01 4.916811295450330133e-01
1.509879275487904619e-02 7.159497807828035798e-02 2.194321475696822399e-01 3.579538061985547692e-01 3.025717738515821820e-01 1.000000000000000000e+00 5.360185585853711743e-01 4.922930389518585526e-01 5.291672670208916740e-01 5.065904839224777412e-01 5.372899392548178277e-01 5.601185777817744293e-01 5.237704733291729253e-01 5.475999420943169493e-01 5.963976305439840919e-01 5.934084088613372776e-01 5.314819931086954830e-01 4.068745087670974092e-01 4.722462315498579533e-01 4.122641028887437109e-01 4.230720006356514240e-01 5.142580976436171847e-01 4.702424172815394265e-01 4.418776008340850048e-01 4.734567719000988828e-01 5.445375236409797370e-01 5.445745870174146797e-01 5.512819494873077986e-01 5.117348966698017643e-01 5.312998550331937686e-01 5.544152149056874590e-01 5.631455502791981038e-01 5.435670174986388936e-01 5.521717624543903691e-01 5.482773674152991994e-01 5.553747612097706954e-01 5.574256549158067564e-01 5.816987064289038667e-01 5.906884489171358998e-01 5.899560131362113768e-01 5.973331076782316673e-01 5.980898775298832959e-01 5.949494466335465415e-01 6.013233385690198718e-01 5.936628997218689197e-01 5.971499918147382679e-01 6.049865926432113072e-01 6.036855714954278973e-01 5.927180039358341812e-01 5.906716075773158492e-01 5.990209742178692620e-01 5.755316879056503465e-01 5.978497589381602806e-01 5.974640605454628606e-01 5.869329868027365338e-01 5.876159609979012544e-01 5.780712516253390110e-01 5.973386975413226274e-01 5.920663352305086669e-01 6.011486303171739154e-01 6.053075386394117796e-01 5.957056932481098466e-01 5.962583523093721860e-01 5.976011453760086134e-01 5.892797181148371477e-01 5.976777256238305913e-01 6.009742127449987370e-01 5.936419041844103184e-01 5.963308584249307209e-01 5.996160666714290821e-01 6.000464237874632012e-01 6.036722265823115663e-01 5.850091952535230178e-01 5.954171077505274745e-01 6.016049717146256803e-01 5.998837431028472000e-01 5.986045045654996288e-01 5.904105684685538868e-01 6.012043900453192258e-01 5.954608934736728143e-01 5.990934111600992873e-01 5.980871303251108495e-01 6.025690152509033393e-01 5.973865154212280038e-01 6.042454294893913058e-01 6.004997792053536898e-01 6.028054414284542695e-01 6.105989496356151180e-01 6.062917996176546698e-01 6.022904009157250549e-01 6.069567300269218535e-01 6.110572321124353445e-01 6.085664411397004869e-01 6.107746144714650827e-01 6.056016218617452651e-01 6.084211333577332903e-01 6.059424274807055921e-01 5.989287573546907550e-01 6.085885189250360705e-01 6.085606354459563994e-01 6.118951199817523889e-01 6.083583953031326264e-01 6.070486730262869557e-01 6.120820978312960792e-01 6.102266873427159011e-01 6.000969925995998100e-01 6.077666163902725183e-01 6.030982942040801209e-01 6.075890967857151548e-01 6.081542169016949106e-01 6.058882851888944820e-01 6.072955353267716072e-01 6.069822188909548277e-01 6.084109083132762663e-01 6.028887663900116545e-01 6.071829972846680690e-01
-3.081920678652112430e-02 8.230701769734749540e-02 2.759475276576511815e-01 5.254468004111054746e-01 4.637846421114705242e-01 5.360185585853711743e-01 1.000000000000000000e+00 7.015454145531255792e-01 6.754841283984200917e-01 6.634030217332598234e-01 7.305228870001152508e-01 7.792734872061278795e-01 7.283613239334685296e-01 7.382256905418426163e-01 8.339256180055794054e-01 8.051533282666167857e-01 6.970146700159132180e-01 5.041359544792534120e-01 5.859337510782482994e-01 5.972366080673533473e-01 5.358309694182213923e-01 6.491232058742530953e-01 5.981117930768603541e-01 5.714380742400603230e-01 6.043604482174110837e-01 7.005857592998255834e-01 6.807873725733271097e-01 7.007273245220698721e-01 6.347755052734170844e-01 6.625780256992909178e-01 7.081707502929149856e-01 7.470187046013107013e-01 6.840420376214872977e-01 7.307106565703097578e-01 6.949306619088161385e-01 7.216284806656433348e-01 7.087150727463102928e-01 7.854806676429294532e-01 7.768435915734737129e-01 7.860579252248832693e-01 7.933412334334296601e-01 8.026386674644154784e-01 8.131386518074512626e-01 8.020870874395827910e-01 7.819642983641773570e-01 7.956185737464993579e-01 8.165555628275701361e-01 8.049049805738721641e-01 8.097692781820491348e-01 7.985647581505677106e-01 7.992246838541062770e-01 7.607506933924657044e-01 8.022109968559306692e-01 7.823806916962494640e-01 7.695485693751009659e-01 7.673405964868856843e-01 7.678915980558308485e-01 8.004365799901115297e-01 7.951745240594394470e-01 8.037926200814061728e-01 8.161001247847239348e-01 7.970011071919285150e-01 7.962699826504258116e-01 8.081489381136400807e-01 7.729325213727649135e-01 7.780578739027917967e-01 8.017999798339542350e-01 7.779375711555887030e-01 7.900276343504596399e-01 8.140526480334278059e-01 7.934951213633970601e-01 7.959884717219987138e-01 7.822692844397485246e-01 7.860391437007515636e-01 8.017291576740237513e-01 7.879710787785990656e-01 7.945930974902114530e-01 7.688249221874164929e-01 8.032363490907962200e-01 7.866084017398337069e-01 7.885105110827299590e-01 7.937350849776007022e-01 7.985930027329546377e-01 7.826407111518599580e-01 8.129507447765281780e-01 8.043578919652135673e-01 8.012306563839052265e-01 8.202855789938301445e-01 8.137019475573090688e-01 7.960053794877897104e-01 8.147658301857577667e-01 8.226185139319174278e-01 8.135046227112536776e-01 8.158800709037030696e-01 8.165875658262872205e-01 8.140007605210487496e-01 8.191042784741981997e-01 7.984170591281464224e-01 8.189486968571623171e-01 8.228762559931246390e-01 8.310121635808247476e-01 8.149317248125477198e-01 8.217129028514406075e-01 8.234962312810135687e-01 8.142429099449287611e-01 7.910347837111441072e-01 8.138455141817235727e-01 8.044230643602940933e-01 8.072998145734904263e-01 8.150505530509886132e-01 8.116862999611849094e-01 8.129112071847908183e-01 8.134230355755026620e-01 8.147715880660170162e-01 7.959532841687811944e-01 8.034499524437584972e-01
4.127809531721188425e-03 7.090675161532458692e-02 2.894972260580641055e-01 5.093726508483693571e-01 4.833732274872233892e-01 4.922930389518585526e-01 7.015454145531255792e-01 1.000000000000000000e+00 6.654042416641001711e-01 6.450895313165493361e-01 6.928373898679506260e-01 7.577702832260138077e-01 6.830566076201973758e-01 7.014158594060718732e-01 7.739547218381372939e-01 7.841591641622132070e-01 6.847262664850519709e-01 5.147269243382893711e-01 5.702930821910329184e-01 5.932245005209708655e-01 5.841283324107314767e-01 6.353678380798510883e-01 5.961208564934813436e-01 5.492995962871426441e-01 5.645593991823835145e-01 6.838249748498134162e-01 6.604579912200307934e-01 6.815737876571605902e-01 6.343231151929328293e-01 6.426074416993390326e-01 6.767918023174257502e-01 7.337195410618735369e-01 6.627612492258903032e-01 7.058909974579633539e-01 6.792818800607758334e-01 6.956077758712790882e-01 6.782480499844592003e-01 7.593993132260238310e-01 7.472882742803496070e-01 7.387460896025888069e-01 7.506739376316229340e-01 7.538442939156952960e-01 7.682384013359333519e-01 7.712051687924423859e-01 7.429853226169060854e-01 7.476275934836065229e-01 7.736098611707858952e-01 7.665580098752685645e-01 7.753551209906452968e-01 7.680939076107577979e-01 7.746044477619479229e-01 7.403198269236045403e-01 7.721963365602955154e-01 7.579659800802276415e-01 7.574190799561677512e-01 7.392869404172556225e-01 7.698971338914790685e-01 7.641129626010383369e-01 7.658419984403044278e-01 7.711339045395045888e-01 7.854232254227626608e-01 7.739888988288696758e-01 7.773723633074702821e-01 7.842308929665671169e-01 7.588083169883294010e-01 7.706874332246737014e-01 7.639187800862430322e-01 7.450840438299769497e-01 7.611956071005352431e-01 7.847388637346160989e-01 7.585767448229192578e-01 7.527187846374056024e-01 7.474843824009747006e-01 7.392986804066552509e-01 7.641697666239863906e-01 7.539116075200741340e-01 7.530647422334013630e-01 7.408960069404251225e-01 7.580080752303329783e-01 7.503928339621290799e-01 7.518449484526881221e-01 7.513993622721807375e-01 7.651854841928451556e-01 7.483014504878886530e-01 7.745865565347757054e-01 7.602824016041718203e-01 7.543435109107181624e-01 7.786828966928048823e-01 7.711437068820794494e-01 7.581665031594915227e-01 7.640412398978129183e-01 7.739814818838869348e-01 7.701976363285385485e-01 7.676320839029764365e-01 7.717211396750481844e-01 7.717542119004547896e-01 7.826672314120930452e-01 7.762573566688526494e-01 7.825184175827947231e-01 7.809189544563918117e-01 7.788470512739869012e-01 7.759342782039720943e-01 7.789449631922356065e-01 7.807542577699811970e-01 7.757591829420313889e-01 7.725153516767708783e-01 7.820830660095510201e-01 7.651572527727115158e-01 7.710369052176478943e-01 7.732183531137077903e-01 7.695755271017435950e-01 7.745656196642067837e-01 7.750557244947473556e-01 7.797896190457821453e-01 7.660612422376708031e-01 7.729586347827764881e-01
1.746460258621320150e-01 1.588993619856173545e-01 3.283940286244030893e-01 3.940965324082219556e-01 4.372664655179143156e-01 5.291672670208916740e-01 6.754841283984200917e-01 6.654042416641001711e-01 1.000000000000000000e+00 7.628044436722416499e-01 7.824846442029939064e-01 7.483269810742537720e-01 6.994485707752434722e-01 7.507049907949774337e-01 8.030752746530300801e-01 8.081567281467075814e-01 8.137851614676933076e-01 6.765912172348892417e-01 7.403581476278742191e-01 4.842087229170128349e-01 6.475933102244474382e-01 7.483955653689926546e-01 7.685888831304551472e-01 6.872888625696298437e-01 7.225275508012284353e-01 8.498031284256016837e-01 8.118249656992685415e-01 8.254526674027864441e-01 8.088636465721127378e-01 8.392993153770877957e-01 8.402388090161002632e-01 8.445349267079410582e-01 7.941591866091528562e-01 7.885995989151594054e-01 8.313187832642527919e-01 7.888156031007977909e-01 8.283556220204104648e-01 8.173963847389663639e-01 8.517531416430231817e-01 7.911557536659137302e-01 8.508086855894789746e-01 8.285685962705857666e-01 8.177628653799252634e-01 8.370684165917857689e-01 8.445484986311970754e-01 8.488466398490918108e-01 8.488943403945310440e-01 8.710160113192915166e-01 8.437881121607266888e-01 7.936104022769365773e-01 8.375999706618306728e-01 7.822865897810303837e-01 8.180042573070032130e-01 8.802616765740605143e-01 8.703279640383435600e-01 8.703294558313804385e-01 8.493544640459226303e-01 8.529585657853973046e-01 8.633110042840866916e-01 8.672657545024410330e-01 8.466948955605851923e-01 8.664053253694895540e-01 8.596313976920432198e-01 8.480574626002728156e-01 8.653273583011217296e-01 8.632281144900223468e-01 8.698134151575906969e-01 8.678153295108048670e-01 8.668935696090865894e-01 8.209081368684135738e-01 8.467127359046907609e-01 8.578401434571736317e-01 8.487026799833228274e-01 8.450217872605315650e-01 8.668458425003198187e-01 8.667902349338508783e-01 8.553555864330801839e-01 8.614689650978978319e-01 8.586095574658636487e-01 8.704491758515832123e-01 8.672826513521947334e-01 8.644171101600620633e-01 8.699511379361259955e-01 8.659485662712288478e-01 8.394636768927933312e-01 8.464509204391129638e-01 8.534513528077326550e-01 8.489916971950410840e-01 8.570967774198259281e-01 8.689121695875986484e-01 8.414083916069693414e-01 8.512134003345366295e-01 8.516236848756048028e-01 8.537843610175379627e-01 8.510382536410209253e-01 8.604716261143641187e-01 8.236130316244222316e-01 8.241706249769112924e-01 8.451658892753182162e-01 8.387160250097253078e-01 8.315406483419971462e-01 8.504977038760800356e-01 8.384580064817993561e-01 8.464729267879671504e-01 8.467283491884438629e-01 8.493098989290164269e-01 8.507588540835846480e-01 8.693300112795778745e-01 8.668880403618810515e-01 8.555381194198639072e-01 8.560977157116016478e-01 8.604970589478380116e-01 8.564833402585614319e-01 8.525208031973767753e-01 8.632345943918030562e-01 8.552287226306646284e-01
6.990261561492434883e-02 1.156456468449374858e-01 2.979592282968935302e-01 3.881846421668483926e-01 4.179017250065372724e-01 5.065904839224777412e-01 6.634030217332598234e-01 6.450895313165493361e-01 7.628044436722416499e-01 1.000000000000000000e+00 7.417559024060339512e-01 7.287704552333496011e-01 6.878959306915539695e-01 7.243825898879414638e-01 7.827359253529539984e-01 7.779339329495165156e-01 7.484828419509722552e-01 6.058196550637725553e-01 6.734434930008911246e-01 4.823667181726853936e-01 5.843552143857303482e-01 6.934220119769516355e-01 7.004014476599321748e-01 6.367889727628043284e-01 6.690209845651903242e-01 7.878809549149209390e-01 7.603370813106035131e-01 7.824019001174347121e-01 7.463083412829654151e-01 7.657482872356073944e-01 7.832351536958884752e-01 7.962961913343821196e-01 7.527591285498034246e-01 7.561159825833201342e-01 7.748408113728879609e-01 7.562659703881431383e-01 7.796497812817293482e-01 7.975880769176429963e-01 8.078965183789893478e-01 7.863456824825403313e-01 8.154375773291788754e-01 8.054813155576375783e-01 7.966131772321882742e-01 8.077610877732593897e-01 8.074021003656807194e-01 8.125668254953054559e-01 8.192012358603349975e-01 8.299154090162682573e-01 8.161956297532226845e-01 7.763195207980996271e-01 8.130741626160123969e-01 7.506341970321084300e-01 7.908188003293028512e-01 8.306983730273123090e-01 8.250823251587596774e-01 8.248428535028903275e-01 8.018109790184975161e-01 8.186991555848119884e-01 8.280049276713669082e-01 8.219506820946336223e-01 8.132216826861440317e-01 8.238835293939180682e-01 8.223411484033871233e-01 8.132156276532777062e-01 8.073767575092852811e-01 8.117918588565389282e-01 8.253566656773967392e-01 8.216572837448588018e-01 8.234775946885533049e-01 7.896673578123396542e-01 8.077572017513257041e-01 8.174699353161031246e-01 8.094509984060261898e-01 8.076374668471817397e-01 8.271738222391123996e-01 8.282029827083796647e-01 8.227516525092261057e-01 8.199421887458585578e-01 8.203624008111753962e-01 8.255350923819112507e-01 8.245994408216817950e-01 8.215185054605841364e-01 8.293524116608098629e-01 8.240150046531256045e-01 8.071545919581715189e-01 8.164342358801385258e-01 8.200160331706927153e-01 8.195362988561848416e-01 8.241915125838846778e-01 8.276828025813278700e-01 8.155952279820003481e-01 8.226785712686588425e-01 8.217100959690004647e-01 8.230092222218244880e-01 8.192296814350901180e-01 8.250020479731461354e-01 7.971263809817582535e-01 7.875299087837837053e-01 8.138172046411988880e-01 8.120626413046493353e-01 8.096996358774146696e-01 8.159232130234310709e-01 8.108625541563544425e-01 8.163678249214453286e-01 8.140157557552178957e-01 8.052715738213149788e-01 8.148638528565527173e-01 8.297749495281285803e-01 8.275247555888962658e-01 8.209351520833739757e-01 8.240426321801497256e-01 8.210794341571984178e-01 8.210979429946210217e-01 8.156747520996124878e-01 8.201316896133460377e-01 8.144253611829916917e-01
3.995493001429667457e-02 1.207796882997678872e-01 3.446236068348471626e-01 4.912607819382702745e-01 4.497128213208111958e-01 5.372899392548178277e-01 7.305228870001152508e-01 6.928373898679506260e-01 7.824846442029939064e-01 7.417559024060339512e-01 1.000000000000000000e+00 8.318237185237126186e-01 7.447372787746101563e-01 7.941591038126701863e-01 8.619713532828854330e-01 8.399142528953045250e-01 7.820989316557841464e-01 6.294517983367612368e-01 7.075025457582485577e-01 5.639118866754593284e-01 6.472744573899569254e-01 7.562914714397643845e-01 7.140213716499813623e-01 6.646704772192636446e-01 7.095618009839537166e-01 8.221013586082722702e-01 8.104039081064103867e-01 8.194621042527442389e-01 7.767729629529662727e-01 7.960117558756351075e-01 8.321436217423329174e-01 8.392135792997248434e-01 7.916417856069541958e-01 8.139835121604362955e-01 8.144738996885663163e-01 8.073668780635410158e-01 8.217187012229361098e-01 8.546943837923557385e-01 8.656617723816019128e-01 8.451014820395827964e-01 8.741692436546413258e-01 8.727771910904036368e-01 8.609448087482811651e-01 8.810704967296428824e-01 8.683444143500704815e-01 8.766093661776729329e-01 8.852203054949749905e-01 8.878214311796532865e-01 8.770259919203233778e-01 8.518633656718602731e-01 8.716103473594007944e-01 8.292643194060073109e-01 8.660981772688061131e-01 8.795825981574502128e-01 8.673756127925084103e-01 8.661545535211080393e-01 8.523011222167703460e-01 8.835473723738165308e-01 8.798004527515900230e-01 8.865684688572030847e-01 8.779446138581841197e-01 8.798861035638237960e-01 8.759677872269595600e-01 8.764606888224486525e-01 8.705092928244215766e-01 8.721420048035578576e-01 8.880356861845594141e-01 8.798114378775980793e-01 8.800170884510531977e-01 8.688989111148757161e-01 8.825260023800859388e-01 8.873929391969757052e-01 8.650253207126574750e-01 8.672671733860021215e-01 8.903963134211507757e-01 8.867764225909136044e-01 8.828365661931651953e-01 8.776356282830047872e-01 8.869483676350503609e-01 8.875538887596231552e-01 8.874347049474851090e-01 8.888197702264220013e-01 8.870000302956799754e-01 8.813561865902954651e-01 8.816086048798583708e-01 8.818074625034193481e-01 8.830698114714018443e-01 8.907428078795571746e-01 8.918710030918258758e-01 8.863078402468995698e-01 8.857004398120639221e-01 8.913630796326693639e-01 8.906534254381311966e-01 8.916200048244050658e-01 8.903109489210986327e-01 8.923133737355585238e-01 8.753654180643017924e-01 8.668424758521389162e-01 8.873636080998799081e-01 8.863457770518932133e-01 8.838761696304887616e-01 8.910519223196705640e-01 8.857143921269379216e-01 8.915721242111466216e-01 8.866281756790542756e-01 8.753092178068498930e-01 8.887119857244609733e-01 8.894612658317823106e-01 8.897305341400146839e-01 8.907451155790611086e-01 8.904807887373232811e-01 8.899035877669274619e-01 8.894015663730939769e-01 8.887631577087942158e-01 8.852547626684509341e-01 8.854288527107704310e-01
-2.131699975020753118e-02 5.123993868890652781e-02 3.547144552899393344e-01 6.613981990487776130e-01 4.870395057878263434e-01 5.601185777817744293e-01 7.792734872061278795e-01 7.577702832260138077e-01 7.483269810742537720e-01 7.287704552333496011e-01 8.318237185237126186e-01 1.000000000000000000e+00 7.814030859116766203e-01 8.091713295386735449e-01 8.939484150940704144e-01 8.763541113125921100e-01 7.717836183587636345e-01 5.861982470797573175e-01 6.547862045388852525e-01 7.184168880450454431e-01 6.793827209189391425e-01 7.639529117888815835e-01 6.539413591873209919e-01 6.285982471677707961e-01 6.708941409977560166e-01 7.600617924154932092e-01 7.729080397034968630e-01 7.751143679410528176e-01 7.163369411349269633e-01 7.371423753538280943e-01 7.897789550861080698e-01 8.248886212558628195e-01 7.524894409078870527e-01 8.118805954197352293e-01 7.739013566666899102e-01 8.046280651946926543e-01 7.891694989766215862e-01 8.711392925362168027e-01 8.546104048144866905e-01 8.503112521089905007e-01 8.696284638951817803e-01 8.742448596351237722e-01 8.821864861300258154e-01 8.975234693479355874e-01 8.674465752126742091e-01 8.733236042020658951e-01 9.042133999322361504e-01 8.904373906663868299e-01 8.998814297159608566e-01 8.910891943100938128e-01 8.874589856599106596e-01 8.741708650065577180e-01 9.051344631053663825e-01 8.725510853501645681e-01 8.594737746041597459e-01 8.387876610658854259e-01 8.819168952116926974e-01 8.893733903124956264e-01 8.831703159688163440e-01 9.014990968187545084e-01 9.103167519811701247e-01 8.942112949086040707e-01 8.922639540279704296e-01 9.031311103268320206e-01 8.803054788437155720e-01 8.941515117954854652e-01 8.881310237409190123e-01 8.644440620423290422e-01 8.714426129074500649e-01 9.207059566368633874e-01 8.969644219941904639e-01 8.892326708931788115e-01 8.617987983390376083e-01 8.691715268295464591e-01 8.834125817458546859e-01 8.782230343139180162e-01 8.751841972285675508e-01 8.569644675197030104e-01 8.813116790411221757e-01 8.769055639599677709e-01 8.781286019870970794e-01 8.810101022475397281e-01 8.829919483460783036e-01 8.687780257590782540e-01 8.985574936281967018e-01 8.860212894594908795e-01 8.855113782840191572e-01 9.027842413843124580e-01 8.970134943763606872e-01 8.737672477460706189e-01 8.902249007109849233e-01 9.009952782535327609e-01 8.993854554032338910e-01 8.962834999055777629e-01 9.036616328885657135e-01 8.993635843425838994e-01 9.040384835208182812e-01 9.035129325395684363e-01 9.086461155970874115e-01 9.043100839439427441e-01 9.028049729777901655e-01 9.045084671485293937e-01 9.145975847642416889e-01 9.103050907003463754e-01 9.087424959782701706e-01 8.981525800544523097e-01 9.101285836645698346e-01 8.867797821961896920e-01 8.893234218466131713e-01 9.007011562010566186e-01 8.933085032949350524e-01 9.047677757658474373e-01 9.020398809599885492e-01 9.080281758619709320e-01 8.952411736860809155e-01 9.056180380667798735e-01
-1.373535800861899574e-02 1.107959330256533675e-01 2.743285673593431895e-01 4.855951279555256739e-01 4.441943883640719348e-01 5.237704733291729253e-01 7.283613239334685296e-01 6.830566076201973758e-01 6.994485707752434722e-01 6.878959306915539695e-01 7.447372787746101563e-01 7.814030859116766203e-01 1.000000000000000000e+00 7.597705002777873640e-01 8.326345058673225719e-01 8.150435364393904258e-01 7.133595547613553745e-01 4.889345553194931471e-01 5.743401049784607748e-01 5.708489135022417615e-01 5.254185945358160748e-01 6.417661986853250289e-01 6.013003563086954939e-01 5.454325099844848923e-01 5.852668597461671007e-01 7.274755812723932014e-01 7.182577445479514378e-01 7.226896164690562729e-01 6.598362183736912190e-01 6.879425078214684852e-01 7.354345941825708444e-01 7.442536950301442689e-01 6.993202814789050148e-01 7.219590909819494362e-01 7.320516195734919629e-01 7.278003083619503100e-01 7.295583050109746281e-01 7.877016605794781023e-01 7.835430684298985149e-01 7.867820369154131521e-01 8.094130235245752258e-01 8.099079649331502040e-01 8.093913345702328233e-01 8.182521272334378759e-01 7.921777608892434097e-01 8.132842152970707339e-01 8.374232253312826613e-01 8.285787178642466388e-01 8.260723764653016277e-01 7.982019255745235187e-01 8.071162924456509735e-01 7.782148070467506118e-01 8.269054931145430887e-01 8.171043552890796535e-01 8.035263183203598114e-01 7.841783715018453282e-01 8.071732014951795708e-01 8.294779614883427410e-01 8.213051523525679576e-01 8.350425440698642232e-01 8.397268713121188721e-01 8.304525348790652295e-01 8.224224565500886097e-01 8.300074608429462986e-01 8.117580949792633227e-01 8.227042871546742520e-01 8.252169723830269366e-01 7.972134242787399794e-01 8.076723129680064561e-01 8.241539190346811594e-01 8.009390075229453343e-01 8.147958206330986330e-01 7.870266940086604324e-01 7.859813160084827555e-01 8.271229747034887225e-01 8.172540098843686929e-01 8.155142418359018208e-01 7.997166885863759012e-01 8.227491541736514646e-01 8.147486657866706006e-01 8.135203152824743711e-01 8.215480691925058920e-01 8.197165234265010314e-01 8.119531649146687347e-01 8.219994599923082790e-01 8.152856983477858588e-01 8.174326394974043009e-01 8.354590837852763352e-01 8.310496859767925182e-01 8.174102325403382885e-01 8.267913423047185129e-01 8.376583069456983166e-01 8.316794362554486009e-01 8.322741120117411739e-01 8.409054639506925444e-01 8.389679586001375089e-01 8.324391206461498882e-01 8.263003788931445603e-01 8.424778896562318264e-01 8.371765250079453713e-01 8.393761146672789053e-01 8.401480774582251732e-01 8.400923223584156885e-01 8.431023231947327723e-01 8.346294500292182894e-01 8.327308732341763831e-01 8.387187979973339536e-01 8.318675326090215760e-01 8.332094243105453435e-01 8.403740527437277841e-01 8.354054633781600181e-01 8.421217625446119071e-01 8.417574639188141195e-01 8.428641810549003521e-01 8.285905701807954049e-01 8.401511538385457722e-01
