1.000000000000000000e+00 1.387120990402249676e-01 8.358541860657917044e-02 -9.775284949498427856e-02 2.360663745280829496e-03 2.726183553988817052e-02 -7.599213595765011431e-02 -6.485479860526355278e-02 2.139786317948574323e-01 8.621483168555162113e-02 2.329070518962015127e-02 -5.531199798853064092e-02 -2.322239145732591173e-02 -1.425296381940442843e-02 -1.627793184365606410e-02 -3.697790989531309080e-02 1.532016910332484050e-01 1.247546195423689247e-01 6.878555740791203466e-02 7.713710280436790467e-02 2.578425225347424563e-02 7.342810704953649237e-02 1.938057992072502456e-01 8.517494161138199071e-02 9.404636021039193550e-02 1.074053383758862557e-01 1.213572003355912754e-01 7.815587728128094158e-02 1.456370887600290376e-01 1.650697676965716676e-01 1.127484644677486381e-01 7.028207517251809644e-02 9.032744221479306612e-02 7.008106400788575996e-02 1.283365713536150365e-01 6.023418630824695780e-02 1.102075982985851743e-01 1.159085791394450470e-02 1.688590618173707245e-02 -2.232302901890063224e-02 4.529023375112003341e-02 -8.475915098314137095e-04 -3.118392949409720324e-02 2.213900138559950909e-02 5.944416121409269033e-02 3.196312128454556478e-02 1.231335122820602888e-02 3.618870238033029124e-02 2.752138824367492478e-02 8.178465201942890575e-03 8.663908471758135707e-03 2.054638389112965757e-02 2.063842648818466421e-02 6.813916514049407624e-02 6.292184609104388426e-02 7.180960200157207596e-02 8.608729644833329475e-02 2.194488122222437981e-03 2.086788540206314935e-02 4.905980187358124911e-02 7.945595771406578980e-03 4.865680540566938439e-02 4.836734495516331611e-02 5.737575213706363336e-02 9.201077094447666915e-02 7.190744328524777129e-02 4.474285700913263608e-02 3.222608143420541832e-02 5.053288943305265374e-02 3.562046539208275908e-02 1.056557017581389799e-02 4.812205231127038296e-02 2.852413389876673130e-02 2.605769479601633548e-02 3.340209810123635076e-02 5.496609665731367472e-02 4.045580263400871263e-02 6.512972877428235829e-02 4.835077989260164882e-02 7.589366447527001736e-02 5.555752143937438964e-02 5.217117684309729303e-02 5.510758720204800981e-02 6.864026082473151380e-02 1.754528582419920268e-02 1.790925670140272249e-02 3.494355627218677374e-02 5.764823557477091048e-03 1.518296719445696649e-02 3.355037026578026882e-02 4.720533847748361808e-03 1.533505211879177509e-03 8.299723051006666075e-03 1.187147316866189045e-02 8.381102956866970724e-03 2.138931313230247114e-02 -2.843218800444410888e-02 1.995656316015944481e-02 -5.128368001422156999e-03 -1.397789190505674926e-02 -2.692276252295883882e-02 6.203845605980993182e-03 1.416580073511655062e-03 -5.160691869289661324e-03 1.240816576973676789e-02 2.920845869541281378e-02 2.051207270857978091e-02 3.205719082408495929e-02 2.730313098080556014e-02 1.718278252912380788e-02 -4.921623664450710568e-03 2.366450159403281350e-02 2.230814633186802357e-02 1.980833193481695148e-02 4.443863734470256815e-02 3.825973809799460001e-02
1.387120990402249676e-01 1.000000000000000000e+00 6.198148998692558365e-02 -3.945520144260567658e-02 5.082173276768537501e-02 3.921705124879271143e-02 9.742159464506409960e-02 8.446260388444890022e-02 1.979103132028715573e-01 2.194174162281689044e-01 1.283241132504892301e-01 8.769233950044723336e-02 1.137956068355033962e-01 1.344198950215416133e-01 1.444766273688727898e-01 1.250463057302965142e-01 1.675816224687086964e-01 7.212485972389880151e-02 8.495506624552037755e-02 4.752920534603137515e-02 2.013078390385654101e-02 6.139129161960947545e-02 1.359735211255290177e-01 4.482609309446892315e-02 6.970931261065506368e-02 1.655057899561183654e-01 1.768518508196998129e-01 1.712021899523699375e-01 2.055124187871450181e-01 2.197206838743954449e-01 2.065975391132270633e-01 1.466634463993088944e-01 1.595151858314653170e-01 1.111957297665066569e-01 1.931833573233069923e-01 9.244161835391154214e-02 1.715799641814239607e-01 1.500085466388011435e-01 1.359678202393489188e-01 1.102991612086987733e-01 1.585767994258145963e-01 1.418951189733815843e-01 1.032189306694816927e-01 1.306539944789122665e-01 1.339003048097352766e-01 1.514392294435588926e-01 1.542399534350571977e-01 1.692222625325118246e-01 1.558989458429543562e-01 1.037137262393995341e-01 1.379610061580457125e-01 6.636799973675787390e-02 1.233416926039783423e-01 1.884654615686925105e-01 1.745411929265087425e-01 1.770518976251897747e-01 1.589795035521487099e-01 1.486785017029674250e-01 1.649911438325602497e-01 1.615939837693113057e-01 1.426227713890391990e-01 1.731189385925251401e-01 1.719768428399096327e-01 1.615364576624602200e-01 1.577537121624956185e-01 1.611942734364060492e-01 1.685563700199698145e-01 1.360488822522908647e-01 1.603701228896443898e-01 1.289284933927627719e-01 1.173572241843256897e-01 1.442483666943045195e-01 1.196494633482257375e-01 1.240598382629389124e-01 1.657427957140039931e-01 1.724525540391076139e-01 1.671124107236669210e-01 1.896048459820854903e-01 1.732362174198056604e-01 1.961006121023913806e-01 1.848853475573821736e-01 1.838920131051568763e-01 1.540137150916656428e-01 1.836073991251053472e-01 1.404201059649476391e-01 1.304433241034607949e-01 1.497291363316964885e-01 1.540143934902741263e-01 1.538228927417129022e-01 1.689576414759227374e-01 1.389866799016104548e-01 1.489307351161169024e-01 1.434356403720061790e-01 1.532563017555779727e-01 1.571173865374072831e-01 1.652307512246663224e-01 1.183814117510575276e-01 1.419385831721386160e-01 1.489459830908090865e-01 1.436274705000251950e-01 1.283471317058350047e-01 1.444538767766510856e-01 1.389735353288572839e-01 1.388454183450094082e-01 1.310076232705751076e-01 1.588658440189195387e-01 1.620609172878021975e-01 1.737245009583114064e-01 1.692518579877274054e-01 1.617774429358278809e-01 1.558659334499069293e-01 1.626826755509801214e-01 1.658780378902821873e-01 1.583644939177711319e-01 1.570501323125106374e-01 1.633092714603099627e-01
8.358541860657917044e-02 6.198148998692558365e-02 1.000000000000000000e+00 3.156420199930185522e-01 1.688148756293187114e-01 2.548245605297051464e-01 3.319026077837284872e-01 3.235309694302051509e-01 3.603820817161069168e-01 3.068228662068780976e-01 3.816889088685561093e-01 3.835698983315647959e-01 3.297492463446384803e-01 3.379951482693450693e-01 3.752363854842969970e-01 3.591346111890972859e-01 3.724591098006104217e-01 3.719166068741762143e-01 4.009163765917775901e-01 2.871192672559893522e-01 3.910336290829211636e-01 4.261087833953138837e-01 3.770140710008412777e-01 3.893838976054238565e-01 3.922860563194953687e-01 3.920672926950301562e-01 3.799725111562588520e-01 3.762554230394948296e-01 3.455592421377387535e-01 3.479135638231755090e-01 3.718329676818288299e-01 4.018268721832998769e-01 3.872536708047994991e-01 4.103849586905384261e-01 3.624538196814111601e-01 3.905586285697856264e-01 3.836860873839004760e-01 3.784481105974401016e-01 3.892000494413549450e-01 3.991503053529463774e-01 3.937647371762685311e-01 3.896063045335635966e-01 3.695487256394202613e-01 3.986478319946306637e-01 4.015084851164167357e-01 3.913858038851840693e-01 3.868358399718791474e-01 3.798646105933381478e-01 3.818908865608439673e-01 3.962969642326195086e-01 3.873712746722748346e-01 3.833680409954100532e-01 3.731325470615677320e-01 3.816293024278773482e-01 3.897016533703350216e-01 3.887896569099366650e-01 3.789709119438943175e-01 3.852344243991781547e-01 3.776897794720673329e-01 3.847762645969957651e-01 3.784802643679071599e-01 3.760546880553550797e-01 3.769364350029452138e-01 3.750071935895068487e-01 3.880413944641377122e-01 3.817004558158449967e-01 3.862070476780642414e-01 4.061907154948187215e-01 3.985316163305654968e-01 3.913621813090265023e-01 4.118672051284593683e-01 4.035542299917542208e-01 4.108642977401953389e-01 3.985047858131853804e-01 3.871786190911191694e-01 3.893705310373412609e-01 3.846730474772560027e-01 3.707508502707786424e-01 3.818337726723324832e-01 3.702543244871898676e-01 3.757803187449290649e-01 3.844946595375068887e-01 4.033768485215843969e-01 3.865373523297501168e-01 4.016721947373033674e-01 4.033011748087176329e-01 3.924555812718066861e-01 3.910485267089888750e-01 3.870265241168471260e-01 3.909658990412385182e-01 3.971150510105426745e-01 3.888137974019638676e-01 3.883949313566681938e-01 3.883297339057584785e-01 3.828085651757681118e-01 3.818942423041414846e-01 3.815398680413318866e-01 3.787951022310223625e-01 3.744427802240210545e-01 3.856395840457080837e-01 3.803889053468548220e-01 3.876541486151151017e-01 3.784386710826684319e-01 3.913437663351568840e-01 3.873009659268585869e-01 3.738802411643719070e-01 3.791150607698121067e-01 3.792350588059225647e-01 3.829783376239253023e-01 3.844778467478592310e-01 3.810476516731158836e-01 3.799931311407274692e-01 3.747096249570259774e-01 3.787900648692262839e-01 3.869010792609504645e-01 3.804171572129336765e-01
-9.775284949498427856e-02 -3.945520144260567658e-02 3.156420199930185522e-01 1.000000000000000000e+00 3.221421589551855535e-01 3.461588257531270085e-01 5.209239540058389073e-01 5.225603442667410281e-01 4.205877424473575266e-01 3.672178832116427261e-01 5.596996885598274352e-01 6.540336190410341866e-01 4.943666191643659169e-01 5.050756652046289874e-01 5.664974970600077375e-01 5.832434300902278324e-01 4.494249244986069369e-01 4.277455828124683834e-01 4.917117359426099177e-01 4.555291552363295304e-01 6.044007522926451159e-01 5.223792303340600851e-01 3.882149423652432318e-01 4.722730437448324214e-01 4.594800935462798885e-01 4.800927020902883147e-01 4.543723218649067253e-01 4.695274744314290594e-01 3.527011668504950737e-01 3.487477273181449622e-01 4.314717399355231797e-01 5.104861744387370059e-01 4.564697536298779612e-01 5.095872917055529472e-01 4.161039926138141998e-01 5.479740307235279051e-01 4.589741155409891582e-01 4.883539085446506611e-01 5.314334040596602193e-01 5.644418035228632169e-01 5.308424401732622089e-01 5.430330206161055884e-01 5.732039536144657443e-01 5.576762879660439598e-01 5.415386087764386680e-01 5.113298317592285258e-01 5.530964993741607216e-01 5.303828397265759609e-01 5.337403009313983482e-01 5.554288176783058750e-01 5.362334310336636101e-01 6.201714019256895360e-01 5.753714653837599391e-01 4.910278840529739286e-01 4.953259869400465920e-01 4.885667789586735088e-01 5.178064665205022177e-01 5.376608595462109008e-01 5.194594540638731717e-01 5.409378829754821760e-01 5.463345553686769218e-01 5.120309924584254269e-01 5.051360619413393094e-01 5.284830421730345451e-01 5.311177725215258105e-01 5.381694762179204394e-01 5.380178555804331353e-01 5.543427641873850398e-01 5.204088085660260043e-01 5.816821809578512914e-01 5.871635677804760700e-01 5.374203491903506436e-01 5.634946334498922571e-01 5.489217736298728223e-01 5.344689853586132022e-01 5.103314032548148527e-01 5.185358621285404146e-01 4.811444848375549532e-01 4.970510866882265066e-01 4.635655610131596549e-01 4.902075974811215819e-01 5.040679551062366981e-01 5.459754445299639380e-01 4.931145577702303884e-01 5.450420743203636675e-01 5.619282634330345916e-01 5.417972629379094185e-01 5.381682202915987201e-01 5.367146165027208982e-01 5.379272125480561995e-01 5.558609004352444982e-01 5.559885112367771720e-01 5.573116885334198356e-01 5.448058216541779020e-01 5.510850609586893656e-01 5.412944007996194351e-01 5.887568106065691476e-01 5.643567364896672212e-01 5.585667236414527670e-01 5.622680520557615802e-01 5.821863867612960819e-01 5.660754837448678245e-01 5.765228099113374194e-01 5.706121638550908370e-01 5.814914806903328515e-01 5.503111576851893449e-01 5.480945935494291321e-01 5.285196148409563310e-01 5.313186792075006437e-01 5.469483345391561446e-01 5.503263981653272463e-01 5.469457158774265748e-01 5.446649268406342781e-01 5.509009452214248537e-01 5.427931782268033967e-01 5.506055511795376889e-01
2.360663745280829496e-03 5.082173276768537501e-02 1.688148756293187114e-01 3.221421589551855535e-01 1.000000000000000000e+00 2.769012960736503270e-01 4.184311467781783866e-01 4.222940949315293624e-01 3.968108476060355216e-01 3.809683610115830454e-01 4.380280279211662964e-01 4.840777963207411050e-01 4.534299587343304516e-01 4.395117818734610715e-01 4.698843560186302115e-01 4.850631186013105722e-01 3.809238714944152560e-01 3.298125212367668535e-01 4.069208750932141738e-01 3.288996947002290061e-01 3.654432140844154353e-01 4.087510199216458084e-01 3.594685702030434027e-01 3.673213019909014054e-01 4.067033086519976637e-01 4.362474265558676234e-01 4.254929534102630528e-01 4.344070259717373039e-01 3.815361666612880343e-01 3.781336254794374629e-01 4.328361752854100186e-01 4.244738119892039752e-01 3.897281613696422786e-01 4.085419466158355384e-01 4.034859453485842296e-01 4.231807725909092488e-01 4.213026225952170578e-01 4.283371247788603231e-01 4.570033158822026653e-01 4.394510542954049304e-01 4.702258260134052348e-01 4.741572353525722594e-01 5.002068583561194437e-01 4.806196221704968075e-01 4.477377844453218625e-01 4.668957323723580966e-01 4.752179255042245920e-01 4.692621817731028599e-01 4.722814210045458982e-01 4.495765846590130121e-01 4.545194388112306916e-01 4.852118511796990608e-01 4.913297279056820788e-01 4.576358418190998312e-01 4.557025827851571287e-01 4.559474891337421121e-01 4.446101437282604651e-01 4.720225605669309821e-01 4.536757760216753588e-01 4.761457681723102464e-01 4.846060189419065245e-01 4.605973405851976343e-01 4.491233452542811588e-01 4.594615329130566361e-01 4.674850754200800540e-01 4.683848293233272564e-01 4.732702822572208978e-01 4.762089223994895870e-01 4.589537296814749645e-01 4.675393494163911368e-01 4.772686365904056927e-01 4.733705197174891133e-01 4.652152978497632874e-01 4.758323145732556991e-01 4.761504207723483706e-01 4.683446997189394945e-01 4.728033475013338482e-01 4.573264434130520639e-01 4.603650049704112734e-01 4.521672554535181021e-01 4.600019357583253199e-01 4.651676270276300929e-01 4.605900202662541187e-01 4.549924701490748458e-01 4.660504913301841134e-01 4.657607930824506637e-01 4.655902064473931290e-01 4.705514576131297200e-01 4.688657348976559280e-01 4.666713108998799542e-01 4.699161799913945670e-01 4.865791605376766360e-01 4.784707637745195252e-01 4.785639325707956582e-01 4.838552005447353532e-01 4.776907025465920720e-01 4.907006193281860384e-01 4.842109061735159203e-01 4.908358693214667223e-01 4.843306791525281985e-01 4.913068896053754409e-01 4.808421289940523757e-01 4.971647406706766192e-01 4.927190305232314604e-01 4.919722123021837423e-01 4.686977673647213516e-01 4.843399416643664468e-01 4.758748606507393064e-01 4.743559802560254335e-01 4.777151303253242554e-01 4.721316664865519153e-01 4.790925314465852014e-01 4.696149282150186566e-01 4.778831805074763572e-01 4.756130518648959415e-01 4.768411702384265927e-01
2.726183553988817052e-02 3.921705124879271143e-02 2.548245605297051464e-01 3.461588257531270085e-01 2.769012960736503270e-01 1.000000000000000000e+00 4.524362690512081508e-01 4.379001633799479709e-01 4.797213964046053714e-01 4.509374658782431267e-01 5.106900919918422321e-01 5.245593439781386369e-01 4.564774767341304718e-01 4.920341620816480188e-01 5.388436197473890354e-01 5.172002202714891528e-01 4.955216694232748575e-01 4.518785519027696540e-01 5.061599402380673185e-01 4.056302180938136104e-01 4.539661577443118157e-01 5.159350290584120424e-01 4.824469665853766132e-01 4.715075289402093084e-01 5.012111383055379843e-01 5.332786822959870721e-01 5.117446189849967908e-01 5.255793453722501507e-01 4.941841407798788222e-01 4.892320905375719953e-01 5.283040243943407654e-01 5.335926239887673894e-01 4.995450370918361749e-01 5.203074551363168210e-01 4.908463169049872010e-01 5.420246667883350522e-01 5.274745452180421568e-01 5.112746322964869528e-01 5.412200587668448692e-01 5.300606124997336854e-01 5.573453106744666874e-01 5.491654670526864290e-01 5.408107702452952248e-01 5.558971767643626771e-01 5.600053821288856204e-01 5.403222942855905320e-01 5.565706754117831778e-01 5.515550475655354168e-01 5.433205385875627957e-01 5.230170817441723852e-01 5.365948943264663429e-01 5.395215320678675708e-01 5.525519218929596521e-01 5.458187351329095716e-01 5.406964902639244119e-01 5.487264193102447951e-01 5.395287248648155121e-01 5.496287063774951687e-01 5.467932927971184132e-01 5.612389521852110263e-01 5.540238705213670345e-01 5.506461812198304440e-01 5.431459937610073618e-01 5.493478790992701866e-01 5.553112299982083666e-01 5.525719045920766126e-01 5.580212800791611860e-01 5.632775401650755853e-01 5.565425554803581365e-01 5.554579104970208681e-01 5.642932075801841973e-01 5.667543498316566231e-01 5.589220315442345877e-01 5.585356163361973048e-01 5.585271704742150733e-01 5.541533526034898571e-01 5.541099518825811643e-01 5.389172932872292598e-01 5.579513800324975570e-01 5.413908311138897478e-01 5.462121766064667039e-01 5.492424465440507442e-01 5.646767846733908858e-01 5.445832757091095822e-01 5.492075049003273257e-01 5.582251134124390779e-01 5.605982761420338356e-01 5.510675620446221501e-01 5.545540844805401104e-01 5.588048637901802396e-01 5.597264927659444389e-01 5.594024457762819535e-01 5.617570906489384175e-01 5.575536772015584619e-01 5.558218865687343246e-01 5.546505132732890697e-01 5.495841091010946755e-01 5.348337615575299298e-01 5.532672732156301842e-01 5.493527320633382338e-01 5.595505031496280646e-01 5.530025492972413526e-01 5.545990303624176443e-01 5.614063475700414863e-01 5.576815764859854863e-01 5.469346820581979518e-01 5.505027125855411763e-01 5.555537835860605567e-01 5.560225735605701658e-01 5.545719759342536692e-01 5.538244831451085703e-01 5.572177684639219031e-01 5.532746352530569789e-01 5.552081459147707454e-01 5.560035193265078224e-01 5.539005325860152373e-01
-7.599213595765011431e-02 9.742159464506409960e-02 3.319026077837284872e-01 5.209239540058389073e-01 4.184311467781783866e-01 4.524362690512081508e-01 1.000000000000000000e+00 7.145105043562663960e-01 6.573256701851720729e-01 6.406699566040447991e-01 7.270529107515105727e-01 7.771715136439141247e-01 6.980545092442153043e-01 7.250349696377825781e-01 8.283781578782650756e-01 8.015562186038028836e-01 6.690932437178830350e-01 5.972900795151606657e-01 6.880011752776989953e-01 5.130899234289858502e-01 6.121092719866785270e-01 6.879457429638945465e-01 5.915083089560665419e-01 5.998917841766174819e-01 6.339638786784844715e-01 7.398373811118429400e-01 7.144365733218652759e-01 7.577260147615555441e-01 6.725673643194434170e-01 6.562199641334720557e-01 7.314360104734991541e-01 7.566050300781755888e-01 7.177447181004988908e-01 7.453613616020968724e-01 6.910500887012783755e-01 7.261702840917571011e-01 7.137187023347628667e-01 7.768466938549488665e-01 7.962508184613382722e-01 7.866878445999164748e-01 7.970088541058589771e-01 8.091525776705977835e-01 7.979627987519894994e-01 8.022944568953291888e-01 7.640571861170205592e-01 7.913676461979151089e-01 8.078197121752381804e-01 7.981879213612200763e-01 7.953606182562220628e-01 7.672275716262650924e-01 7.951015028806485141e-01 7.396145543879177886e-01 7.800656212279560853e-01 7.727813310997654339e-01 7.705693142946216101e-01 7.742896340546587819e-01 7.433508754809630137e-01 8.082918987440236291e-01 7.980202307255854777e-01 7.906793427774835292e-01 8.007423222747520608e-01 7.830584029771399113e-01 7.758849986683952205e-01 7.761696580647667876e-01 7.739821421277114366e-01 7.686259710956728775e-01 8.012703061896924162e-01 8.013264651153603202e-01 7.919403725073710376e-01 7.793332844720723962e-01 8.092412906882018309e-01 7.957975278261080199e-01 7.859462542266423268e-01 7.866922761954842080e-01 8.039809129914543551e-01 7.862729445243867854e-01 7.999976463350000344e-01 7.770989388446609691e-01 7.901784802488915904e-01 7.621685576340407886e-01 7.850601847522318266e-01 7.880924910953651663e-01 7.999617325500232301e-01 7.825290304785796902e-01 8.091698019247972606e-01 8.078548756851370305e-01 7.984436123636776683e-01 8.219464666670286412e-01 8.125796067910647791e-01 8.080948456632666144e-01 8.179165446107274917e-01 8.196500480832096258e-01 8.086214220070131464e-01 8.142714868644665982e-01 8.111295044854686109e-01 8.077385610092002732e-01 8.131664488390172307e-01 7.862517208604402619e-01 8.109745946410875650e-01 8.215084041874577414e-01 8.227875135952068542e-01 8.084304627092040452e-01 8.055338046783906414e-01 8.169014892428441144e-01 8.033034472186734165e-01 7.883346317690206329e-01 8.076119662627426754e-01 8.024819815712243010e-01 8.058289163938571198e-01 8.120681573496097982e-01 8.144797789088580320e-01 8.042853187021739014e-01 8.016991181526450516e-01 8.037189847352452787e-01 7.951402596640263498e-01 7.910457098340371029e-01
-6.485479860526355278e-02 8.446260388444890022e-02 3.235309694302051509e-01 5.225603442667410281e-01 4.222940949315293624e-01 4.379001633799479709e-01 7.145105043562663960e-01 1.000000000000000000e+00 6.142935459830534128e-01 5.939142079979867761e-01 6.896694941137015977e-01 7.462450892471299557e-01 6.727218032334965070e-01 6.800802065628704929e-01 7.797076232796311679e-01 7.976805739988747090e-01 6.347565795283103274e-01 5.751477500507525820e-01 6.660074698788367442e-01 4.889378060565208184e-01 6.151783299221753598e-01 6.765091200273888328e-01 5.444966635592572990e-01 5.683976229655920420e-01 6.150572933351148297e-01 6.999098344770882107e-01 6.661323506368276304e-01 6.943700990808425733e-01 6.141988499211126218e-01 5.983654654870816936e-01 6.805815457183042039e-01 7.042595590014458784e-01 6.666953930005729001e-01 7.054516158629747791e-01 6.478269420904878562e-01 6.936832369636845019e-01 6.616154811416956605e-01 7.441452543274135190e-01 7.497144218501914370e-01 7.415928876076345322e-01 7.485507628284570059e-01 7.703498444850946925e-01 7.672432576071036570e-01 7.658920429157828336e-01 7.214423249314882991e-01 7.481281785445236254e-01 7.609266668829300917e-01 7.437236046106996401e-01 7.543023003388311665e-01 7.475266915534792833e-01 7.661412468950835608e-01 7.117889219273388912e-01 7.408312923520901094e-01 7.224159379595841424e-01 7.251876295387005289e-01 7.252704430425415127e-01 7.036617134237354021e-01 7.655921642940221039e-01 7.472969906100442872e-01 7.413330663828379130e-01 7.625584270503994455e-01 7.331973922597183613e-01 7.280650889797153358e-01 7.353866179470760489e-01 7.273844595404114211e-01 7.200078608048479101e-01 7.504024187862793349e-01 7.557582266407969485e-01 7.379502514124420820e-01 7.383386691632373156e-01 7.721817994828614751e-01 7.549753504784431080e-01 7.361458381140090212e-01 7.417168768552639957e-01 7.541020567119222084e-01 7.389592986938953167e-01 7.458730212637724177e-01 7.210407254039851166e-01 7.321408622927901844e-01 7.107194984737865706e-01 7.315192128806913274e-01 7.333211505199205282e-01 7.498339980581776310e-01 7.291879862956861524e-01 7.638288437063392999e-01 7.589609815142952520e-01 7.475091016189524540e-01 7.717615361811916985e-01 7.600940879606798983e-01 7.581868246488405738e-01 7.610561351612132874e-01 7.697807942278117599e-01 7.599084039441509342e-01 7.639746754788129257e-01 7.622040333734279027e-01 7.554454584033786224e-01 7.804531443415830827e-01 7.536153610716147533e-01 7.634659656875522060e-01 7.794852114640342666e-01 7.792687793208146196e-01 7.697959378508520967e-01 7.575960592602188903e-01 7.754319705350063430e-01 7.614459368218537971e-01 7.418357984591824605e-01 7.600896678942047346e-01 7.468474216056032455e-01 7.562040273431251958e-01 7.639164486467504567e-01 7.655170275878655506e-01 7.536588787305493753e-01 7.494250460929119395e-01 7.569155389533581690e-01 7.483565170163500868e-01 7.395324764579592758e-01
2.139786317948574323e-01 1.979103132028715573e-01 3.603820817161069168e-01 4.205877424473575266e-01 3.968108476060355216e-01 4.797213964046053714e-01 6.573256701851720729e-01 6.142935459830534128e-01 1.000000000000000000e+00 7.190853166949261466e-01 7.772681543615397315e-01 7.515812740474496767e-01 7.044746761859569384e-01 7.510882683281246974e-01 8.073407775425431865e-01 7.776380653331523840e-01 7.998499178532910703e-01 6.908062337164307953e-01 7.498007949853215948e-01 5.923614613222707437e-01 6.334640837752874010e-01 7.411209136329680591e-01 7.587982515442458498e-01 6.683645830852007474e-01 7.245731675457809384e-01 8.447195218631916580e-01 8.359877091292555740e-01 8.291136525703034499e-01 8.177979387896630037e-01 8.229768723608315018e-01 8.591905465684126497e-01 8.298270693173993573e-01 7.991235144030196524e-01 8.028561176410535793e-01 8.258167417576925962e-01 8.013294650381158624e-01 8.458102771728921443e-01 8.061968102302092820e-01 8.311214943657634358e-01 7.653434348354842820e-01 8.501425931098590683e-01 8.233543487226866464e-01 7.949234396654596413e-01 8.445033755896275141e-01 8.354433020501167428e-01 8.399953759272332787e-01 8.491928202577714302e-01 8.614551722622053598e-01 8.495856272511056462e-01 7.978046399239929753e-01 8.248665871106216629e-01 7.838867394192973181e-01 8.260219590139735724e-01 8.672617050036802722e-01 8.544156636544718575e-01 8.597787173300055485e-01 8.561157993799997090e-01 8.409548114437109811e-01 8.465336644934062793e-01 8.636328657027090294e-01 8.457077938791044414e-01 8.606273817871835652e-01 8.518695198908340371e-01 8.592877440838244674e-01 8.749630403133742407e-01 8.636264446407819761e-01 8.624928057524624547e-01 8.467754676285614845e-01 8.554540733809495867e-01 8.347634504533056887e-01 8.338547597102646813e-01 8.574941050662114872e-01 8.276671612101926812e-01 8.367792802430544796e-01 8.600086203003320939e-01 8.653057443235445678e-01 8.554706190491522255e-01 8.582265098868240294e-01 8.521813225643368739e-01 8.636556579396063027e-01 8.632381326864284610e-01 8.645363415712987720e-01 8.629357527748585666e-01 8.677539665369434774e-01 8.452689135963629141e-01 8.411055178460294934e-01 8.559275996997531832e-01 8.410231611906383575e-01 8.498121064532075941e-01 8.555936582966175985e-01 8.330590512116023971e-01 8.436743483197345350e-01 8.471972329095490695e-01 8.497387443228141546e-01 8.498034884538882006e-01 8.567208230978885508e-01 8.137015475657993768e-01 8.337233570743446398e-01 8.402490355782771259e-01 8.322227292451610525e-01 8.256495722658161451e-01 8.418529532208434141e-01 8.383870131611607102e-01 8.438131450483710161e-01 8.455612122919253792e-01 8.481200168551606966e-01 8.532787318053772774e-01 8.608696251834740965e-01 8.585841542140224547e-01 8.537259139585570145e-01 8.405508356335426035e-01 8.570166732845370117e-01 8.533640225190444184e-01 8.531932329105305080e-01 8.644952019141733945e-01 8.579586656557963709e-01
8.621483168555162113e-02 2.194174162281689044e-01 3.068228662068780976e-01 3.672178832116427261e-01 3.809683610115830454e-01 4.509374658782431267e-01 6.406699566040447991e-01 5.939142079979867761e-01 7.190853166949261466e-01 1.000000000000000000e+00 7.197697875836369663e-01 7.119406051572332306e-01 6.671765057203422611e-01 7.027059244997511112e-01 7.759379279082089242e-01 7.453297720385375635e-01 7.008707759257709613e-01 6.005602656322928112e-01 6.703049336499340427e-01 5.098262078626621951e-01 5.387053332123982186e-01 6.402936186837663302e-01 6.532179096314868483e-01 5.857041938581931673e-01 6.324022314860240357e-01 7.654881140935564376e-01 7.629216936977064600e-01 7.784369197062760426e-01 7.635697877707654513e-01 7.662041096630571868e-01 8.007269562033028087e-01 7.617493745454094745e-01 7.309412765932576939e-01 7.229994435121729346e-01 7.635748480542448036e-01 7.152640922990304295e-01 7.666763521905228806e-01 7.556960747446119786e-01 7.781451857644149372e-01 7.263551573234645620e-01 7.979544427970981513e-01 7.813265649984052486e-01 7.453689688456565099e-01 7.839125795686744391e-01 7.674196558840195026e-01 7.903712589513269826e-01 8.020192417293561249e-01 8.115363017181590477e-01 7.979294688298650406e-01 7.332858126518194686e-01 7.712910826317065371e-01 7.096159511185964330e-01 7.712570286433502176e-01 8.169937598537144741e-01 8.040704100990460068e-01 8.055211468558938215e-01 7.846113660479785423e-01 8.013720006279185792e-01 8.072899641496403822e-01 8.050239325067020113e-01 7.997313710809010878e-01 8.126246154674530153e-01 8.029745085682121752e-01 7.967128301815507019e-01 7.955421834099781764e-01 8.002458490241172173e-01 8.123483005593531425e-01 7.895784931489466807e-01 8.024763763405214911e-01 7.708794095748027209e-01 7.744882840239839528e-01 7.967147452344862657e-01 7.686646561145678014e-01 7.730459951998321921e-01 8.099152130938559457e-01 8.119721751535892151e-01 8.080685251053210116e-01 8.164029269191116489e-01 8.049418808461051844e-01 8.149643382467471886e-01 8.140544011164850824e-01 8.163068772520967187e-01 7.976312842985487928e-01 8.115973834973914114e-01 7.880666489499995597e-01 7.831849484625211799e-01 8.014004614974438168e-01 7.990268543610363761e-01 8.034953461941966024e-01 8.067114359320146644e-01 7.902812083644759067e-01 8.029596762948121302e-01 8.003849006339741612e-01 8.062894452178052118e-01 8.084953292526706470e-01 8.120587660700395727e-01 7.724162116581384518e-01 7.781593990228937718e-01 8.010273950469163351e-01 7.925827826344229443e-01 7.856951471888474758e-01 7.960323629575637439e-01 7.929542224416279428e-01 7.989427324403755026e-01 7.903019464824493356e-01 7.985237677057501759e-01 8.080464747926964231e-01 8.140945388045622844e-01 8.134638987860017822e-01 8.087212548344888674e-01 8.036223285809901418e-01 8.100777615337559912e-01 8.109138177396586489e-01 8.060389598648396436e-01 8.031344439184850970e-01 8.048917854235930758e-01
2.329070518962015127e-02 1.283241132504892301e-01 3.816889088685561093e-01 5.596996885598274352e-01 4.380280279211662964e-01 5.106900919918422321e-01 7.270529107515105727e-01 6.896694941137015977e-01 7.772681543615397315e-01 7.197697875836369663e-01 1.000000000000000000e+00 8.536136116336845436e-01 7.524910397542482476e-01 7.890028348478859144e-01 8.576844142225128476e-01 8.414015395949931975e-01 7.851050339696640235e-01 7.096871936869123543e-01 7.796325525304269588e-01 6.041613638000808972e-01 7.052205095605866836e-01 7.858660794270546646e-01 7.356210923608124119e-01 7.162669602996756257e-01 7.555408329478328078e-01 8.425163532046768822e-01 8.300296197827212730e-01 8.375247078597608530e-01 7.881616884947527657e-01 7.868566911934882224e-01 8.540335700410128794e-01 8.497119365418338566e-01 7.995661387631726180e-01 8.269483909782190389e-01 8.143827035371513645e-01 8.373144047487903752e-01 8.410300966611777840e-01 8.260420352125252830e-01 8.655448255758454446e-01 8.386211863227196472e-01 8.811609182664517093e-01 8.656936681818181434e-01 8.526298752280804250e-01 8.830423459752225757e-01 8.758865682597191116e-01 8.703435665928066500e-01 8.895994914136008402e-01 8.862080138125815187e-01 8.763411175628589289e-01 8.385786333157485561e-01 8.583410558978135096e-01 8.498207755941574737e-01 8.760859486762009318e-01 8.758439608075617722e-01 8.668174638739597482e-01 8.694269976091340002e-01 8.636723185144332682e-01 8.815042092895702952e-01 8.795346139552984166e-01 8.889817331688768531e-01 8.853692990839713284e-01 8.817810665524966618e-01 8.724171669866729317e-01 8.775598538663703652e-01 8.815907301499666948e-01 8.812212657764330048e-01 8.889280937666091953e-01 8.926851753218577601e-01 8.832179189724601587e-01 8.730355212051550406e-01 8.922505372081476205e-01 8.912246994102539510e-01 8.810870732387497961e-01 8.833622789350221716e-01 8.896613341711100409e-01 8.852709535896198245e-01 8.833222881317237540e-01 8.716108867289538153e-01 8.763077676636654711e-01 8.681809751240079365e-01 8.785928206897259951e-01 8.838900760716369431e-01 8.928084440302600511e-01 8.772870743115476211e-01 8.814342835269142196e-01 8.863222191434830810e-01 8.921439501374491821e-01 8.819619287785843698e-01 8.879493108390491551e-01 8.904812090723941420e-01 8.845635702324602390e-01 8.916902846634101598e-01 8.947846188157276837e-01 8.908633277442129517e-01 8.928763279897811156e-01 8.917267568477253992e-01 8.760082360078744745e-01 8.672600443186148089e-01 8.881505639497038196e-01 8.812853478259720097e-01 8.881091503917414309e-01 8.869040163545361954e-01 8.898148866529663747e-01 8.945162322723757553e-01 8.927988303212315291e-01 8.827271440703071681e-01 8.874902305989305074e-01 8.894564119942885982e-01 8.907148343428886728e-01 8.906395313422921234e-01 8.903135917672438948e-01 8.937960015649790702e-01 8.909633435483995667e-01 8.902373019040666913e-01 8.890228188452841129e-01 8.892249250242661995e-01
-5.531199798853064092e-02 8.769233950044723336e-02 3.835698983315647959e-01 6.540336190410341866e-01 4.840777963207411050e-01 5.245593439781386369e-01 7.771715136439141247e-01 7.462450892471299557e-01 7.515812740474496767e-01 7.119406051572332306e-01 8.536136116336845436e-01 1.000000000000000000e+00 7.948979715597405127e-01 8.327533933393546084e-01 8.988132926021749070e-01 8.900227961744815453e-01 7.732598475197015597e-01 6.795357956881862282e-01 7.798730665936179918e-01 6.334532350962044367e-01 7.556026936171924557e-01 7.854997290039658076e-01 6.950842602386911873e-01 7.004425003238283765e-01 7.382144515584608824e-01 8.357701430868158532e-01 8.170929831008454380e-01 8.331202012602232365e-01 7.490317665324819352e-01 7.516241327286100615e-01 8.348610481697641417e-01 8.506378198209315622e-01 7.894694469799032888e-01 8.322102917288676238e-01 7.893010505278786892e-01 8.470352366535297550e-01 8.235984610759353730e-01 8.484061386833708918e-01 8.856140119636767283e-01 8.596278021178465067e-01 8.954559657214764545e-01 8.922774415250792623e-01 8.943992519333338054e-01 9.089584708976214955e-01 8.787983213519960923e-01 8.836013499985584385e-01 9.182982871451041973e-01 9.057599402169724812e-01 9.004640527327268940e-01 8.762688445430458772e-01 8.910138870985272463e-01 9.038805878511420033e-01 9.141455288542557067e-01 8.807503755437464665e-01 8.772382215590608379e-01 8.699187844421839566e-01 8.784958268515109525e-01 9.074543171076629999e-01 8.998135112843935746e-01 9.087730420713684421e-01 9.158956870824850327e-01 8.985122988142177913e-01 8.865356421321234359e-01 8.943909604377759948e-01 8.979694234784864060e-01 9.058499739034719944e-01 9.101236948059820975e-01 9.081870786898922354e-01 8.918970154874792389e-01 9.045826529529610305e-01 9.224588661949941759e-01 9.041744270512983572e-01 8.980414375146641426e-01 8.973320409311642543e-01 9.074104790613439775e-01 8.951087152069724384e-01 8.958047206730146428e-01 8.763089958307141991e-01 8.818601017647479390e-01 8.666393944449702902e-01 8.855984215476782051e-01 8.927201700663111028e-01 9.046501832380141606e-01 8.807042293497838736e-01 9.007908894818306145e-01 9.086926587256977106e-01 9.077471737110978101e-01 9.027775282227497033e-01 9.061935825714305670e-01 9.046748114072706848e-01 9.055730491933815518e-01 9.171596502213725799e-01 9.187360799791207677e-01 9.123104969203896797e-01 9.202107382046788020e-01 9.155784598181007095e-01 9.133315653154100433e-01 9.036560217380396054e-01 9.200605222178493969e-01 9.151748940550527012e-01 9.241015862183022955e-01 9.185038883113677555e-01 9.275152676470200808e-01 9.252704807416116672e-01 9.284827031511256878e-01 9.066686670882393440e-01 9.145563806073484514e-01 9.088495318581968352e-01 9.088136790159723200e-01 9.168524882685470390e-01 9.159199314581515372e-01 9.172785508730441073e-01 9.133734532558058783e-01 9.156246793086298963e-01 9.130983904160924203e-01 9.157792809362063080e-01
-2.322239145732591173e-02 1.137956068355033962e-01 3.297492463446384803e-01 4.943666191643659169e-01 4.534299587343304516e-01 4.564774767341304718e-01 6.980545092442153043e-01 6.727218032334965070e-01 7.044746761859569384e-01 6.671765057203422611e-01 7.524910397542482476e-01 7.948979715597405127e-01 1.000000000000000000e+00 7.582460983607609561e-01 8.195492631516542170e-01 8.083100821878054232e-01 7.090054395823971456e-01 6.074190696602422834e-01 6.939799498054971538e-01 5.648556675193837640e-01 6.213893774522837310e-01 6.916207911161036392e-01 6.453169742153457289e-01 6.189725991209381606e-01 6.621625027422115561e-01 7.817248241086229843e-01 7.640007028662116895e-01 7.822536907393351502e-01 7.370688532808882254e-01 7.263623148139201069e-01 7.927192635251936181e-01 7.766039278763047227e-01 7.235341899473762828e-01 7.479640652610369811e-01 7.480769724015386979e-01 7.561644738139886579e-01 7.673971351944255392e-01 7.736057983844659702e-01 8.096872339026330856e-01 7.630133335335453904e-01 8.250127500626739385e-01 8.192393237675027473e-01 8.174275769661270008e-01 8.334015391930922334e-01 7.990981350550044882e-01 8.134505837084538005e-01 8.417312000173858832e-01 8.361375837125275545e-01 8.251223173893885710e-01 7.829132455899828757e-01 8.044972294464682872e-01 7.918892154882682943e-01 8.250913073426416888e-01 8.198326109488380808e-01 8.107101881121225873e-01 8.074880615062068889e-01 7.953184160594604091e-01 8.343702182698697900e-01 8.177303268468243402e-01 8.351739380127060075e-01 8.401264590017745171e-01 8.258106418555133388e-01 8.129897514037641715e-01 8.186578449939234670e-01 8.237687943566933679e-01 8.256206931380182246e-01 8.373271071388748155e-01 8.273600557556620716e-01 8.228423904099311237e-01 8.180176349881908004e-01 8.260561976010757368e-01 8.295290909377323052e-01 8.083473464193926539e-01 8.163894036365629825e-01 8.370570689539567066e-01 8.303986130138226729e-01 8.320106530103834608e-01 8.228081364438005751e-01 8.201121389791697913e-01 8.141249193568588227e-01 8.253214195527128760e-01 8.323452276100403724e-01 8.269369183064502193e-01 8.224287679648822902e-01 8.277942619416579495e-01 8.254689497769002182e-01 8.304979991149391561e-01 8.316428752632994970e-01 8.318790382503976621e-01 8.313549362793690722e-01 8.252680381431247714e-01 8.433318544013654883e-01 8.418176346224673923e-01 8.405894162211685616e-01 8.459607266557084282e-01 8.434451697711597973e-01 8.302003565512016126e-01 8.280138436828382575e-01 8.460857209091088293e-01 8.398311704722484228e-01 8.399913941894582292e-01 8.397209922123373138e-01 8.467214779651444090e-01 8.466665020191175284e-01 8.449050906148556361e-01 8.299921301017101349e-01 8.427163250232355685e-01 8.392351283378232107e-01 8.386728625971872075e-01 8.433164689354544219e-01 8.389501209902368029e-01 8.440488250441798845e-01 8.380372934747376545e-01 8.423006472709619885e-01 8.409509594147053235e-01 8.396469094106657760e-01
