1.000000000000000000e+00 5.464257892468105116e-02 9.257552458357849734e-02 5.779879060851970951e-02 4.555836784817938329e-02 2.068994325464004053e-02 4.388378590373458177e-02 7.263121949849070391e-02 9.150190245658675059e-02 4.683040137093613664e-02 1.704569725183366011e-02 1.875597086954147383e-02 2.804813248722371269e-02 -9.730733554756945333e-03 1.468277077240371167e-02 4.514186184067896235e-02 1.175337530800485142e-01 1.151365005500856326e-01 9.663049585988955914e-02 1.038973728899246357e-01 1.237374706434561100e-01 1.013378490748022415e-01 9.957941460362522423e-02 9.450360879841412931e-02 9.005700047527522012e-02 6.679274724625824944e-02 5.533939051026940531e-02 5.421205786177552693e-02 7.467330613083508761e-02 6.846207631216516543e-02 2.473147606993804717e-02 5.471085957196983318e-02 4.048060000997373564e-02 5.766791173263798725e-02 6.103898464392763096e-02 3.739337676222655865e-02 1.978034784868377624e-02 2.839867887369550495e-02 4.380250108700614597e-02 -1.061233166780886292e-02 2.409475685739429288e-02 7.881827388096054529e-03 -3.015233408144820867e-03 2.224202835758218311e-02 3.029749237891674399e-02 1.335967364265872905e-02 9.263594512918310250e-03 1.006922537102776689e-02 1.463482116495814708e-02 3.759965856601730355e-02 2.590023875642491480e-02 4.382930696819838101e-03 1.437933024443168936e-02 2.565288780570604971e-02 1.580613943807444161e-02 3.048647343454059452e-02 2.458543122460989799e-02 6.375929135929280650e-03 3.378196362921449380e-03 2.378880783234495547e-02 2.170083045652865944e-02 8.313859900978990899e-03 5.897687406119334758e-03 4.014411738875447305e-02 4.702425859662107133e-02 3.413129501033864560e-02 2.540800829914777181e-02 2.631266207659459580e-02 3.773243269771625608e-02 3.816692467164410629e-02 3.553655896455140684e-02 3.209478322463128058e-02 3.292388646451349654e-02 3.584035851024664626e-02 2.984780540102505500e-02 2.367172310039526023e-02 1.888114040734520035e-02 2.948681992037911412e-02 2.780336350778457241e-02 2.620373419778463178e-02 2.591092050969236171e-02 1.111775729649690583e-02 3.306921815064866460e-02 3.407380840432308600e-02 2.585418357287786947e-02 2.808560911414643632e-02 1.184796050097158306e-02 1.189704227939164874e-02 1.567557969686227820e-02 2.868415392310367032e-02 1.978632399814141563e-03 9.380169106225275805e-03 1.124769279927080069e-02 1.253767545174436920e-02 7.231114767285263395e-03 2.557834959849267925e-03 2.716427824496514022e-03 4.633242526646390302e-02 2.184403120282417052e-02 1.882121202260105333e-02 1.184412728240212629e-03 1.273887700424642007e-02 4.214368553852070563e-03 9.575116337517872861e-03 2.084981610969697044e-02 2.532587122447050795e-02 1.831325422930012506e-02 2.040475170130838858e-02 8.368956733479877841e-03 1.302901729380788638e-02 5.515050797491921966e-03 2.303271940347148897e-02 9.799357445763460725e-03 2.714716030806246447e-02 3.290154034942349009e-02 2.641907045098932511e-02
5.464257892468105116e-02 1.000000000000000000e+00 6.337410470255167017e-02 8.525414499462011242e-02 1.047767523014817154e-01 1.069995824139081675e-01 1.711145736288154917e-01 1.347068922345054653e-01 1.711302359868586420e-01 2.118566510286370164e-01 1.694814527830397211e-01 1.704278207154054647e-01 1.368825980976544621e-01 1.355633677080773647e-01 1.855104790431499617e-01 1.584953889103843661e-01 1.624969250159817857e-01 2.076144352792070602e-01 2.110883004773466132e-01 1.768080937947353326e-01 1.630532427893322256e-01 1.917023228364315157e-01 1.991380191920905929e-01 2.192233178918600589e-01 1.966668300453066343e-01 2.201780475435999307e-01 2.092332028520473841e-01 2.268133820760351582e-01 2.396497859158003285e-01 2.390328032287005744e-01 2.071520885308246185e-01 1.813475868403141844e-01 2.073645118163579548e-01 1.702496284343013588e-01 2.013551151876158685e-01 1.645400254258828077e-01 2.055816067985447304e-01 1.830490816485830785e-01 1.992566223058265251e-01 1.848685897363740449e-01 1.905843207896318614e-01 1.884293798005524101e-01 1.822615114350088494e-01 1.814742021460246935e-01 1.954911986316785477e-01 2.071221396417369798e-01 1.759370530189295623e-01 1.798110444311999123e-01 1.637782847076667825e-01 1.401412526611374165e-01 1.581521472974071474e-01 1.428420792601293177e-01 1.668217678714938867e-01 1.883647762279784810e-01 1.846317209192674669e-01 2.016552256023248779e-01 1.467127880500148085e-01 1.696331414813876115e-01 1.740725369383468446e-01 1.748747819155657968e-01 1.585183939595367075e-01 1.741808003508674429e-01 1.650078815860809567e-01 1.620256323546256649e-01 1.731486564757463154e-01 1.606555951658337478e-01 1.775748916796469623e-01 1.908882899378100684e-01 1.907424507953959514e-01 1.874222778301583570e-01 1.857660583063856508e-01 1.880872970107701214e-01 1.936225847058365146e-01 1.947953737928099505e-01 1.952205516313774425e-01 1.922493196518919312e-01 2.012079661424448496e-01 2.098230514716521999e-01 2.044948338560989287e-01 1.996623946328357491e-01 1.997245655949414778e-01 1.903102390859264248e-01 1.837172454378094566e-01 1.963499837815850801e-01 1.792081240730923619e-01 1.781635280569402457e-01 1.885379097340109666e-01 1.822542735000566294e-01 1.882274624154668952e-01 1.934611928869148234e-01 1.922043004190622517e-01 1.854628613671653881e-01 1.869450814060219235e-01 1.908206796529405003e-01 1.751268429638560831e-01 1.773532273321203057e-01 1.648678394257702406e-01 1.533360827954989569e-01 1.656169172054924588e-01 1.709747917158598030e-01 1.759501395232169474e-01 1.686500116391862758e-01 1.694157879046695181e-01 1.750563437893816465e-01 1.671445228670272731e-01 1.747336322659345242e-01 1.713880323021681473e-01 1.841283412514303774e-01 1.826273408630279538e-01 1.756585214643363591e-01 1.764588522686841299e-01 1.792664859259449073e-01 1.759635108903656320e-01 1.688829596640018527e-01 1.734566035233485459e-01 1.685620716330661073e-01
9.257552458357849734e-02 6.337410470255167017e-02 1.000000000000000000e+00 3.384544889198062290e-01 2.714369935899420549e-01 2.827288422891755526e-01 3.789729292564871788e-01 3.920559935518305172e-01 3.927495036413307661e-01 3.590221818502021822e-01 4.096748481733593072e-01 4.226705327374900567e-01 3.635006165905057540e-01 3.179922065256566288e-01 4.151185110832931180e-01 4.174243471512308901e-01 3.944567424187283011e-01 4.519740115219629817e-01 4.479572288326213458e-01 3.877934424324234741e-01 4.438059502273127843e-01 4.540904778638154560e-01 4.315218026275107754e-01 4.453745212807913578e-01 4.381075656779413463e-01 4.279473337738985417e-01 4.324339354342646158e-01 4.191791953431168727e-01 3.914855441664729652e-01 4.234134957564775759e-01 4.110672744774080956e-01 4.284711799165204504e-01 4.146286657494213657e-01 4.217462443300383224e-01 4.138629116717137957e-01 4.076477706686865154e-01 3.965614977198938518e-01 4.190205850945645794e-01 4.327017670978653419e-01 3.856204953078349873e-01 4.223598712757323792e-01 4.282595013923117810e-01 4.133313632429954643e-01 4.327663937155793450e-01 4.291551354873341384e-01 4.210126620067151104e-01 4.081083024800559178e-01 4.058493628738925607e-01 4.029034353702578564e-01 4.156367260366544136e-01 4.153155927564409211e-01 4.040547979810589219e-01 4.086812134497916915e-01 4.178828183289034492e-01 4.108571254297100905e-01 4.326298930929846076e-01 4.040868497775605972e-01 4.174708052924107626e-01 4.079182718616822245e-01 4.177328478844192783e-01 4.173363317173230946e-01 4.098427534992785670e-01 4.049923904366288796e-01 4.119255217617632803e-01 4.209609017522048524e-01 4.124788404332363490e-01 4.095091253727424219e-01 4.237650329039879815e-01 4.313406342580852204e-01 4.311083175372923959e-01 4.365799581838003540e-01 4.309008930828507333e-01 4.340165501055032737e-01 4.380894542661071256e-01 4.233767132431859315e-01 4.195196772456533107e-01 4.168914719561553350e-01 4.094822138824223412e-01 4.232007927439627171e-01 4.134836790113863292e-01 4.189836747606345835e-01 4.054707067412552379e-01 4.230148081620711542e-01 4.230652726520264806e-01 4.248372424706979289e-01 4.198337098265772505e-01 4.102143737865330819e-01 4.184486135042845834e-01 4.176934120427094332e-01 4.282833087452956322e-01 4.118473468053651665e-01 4.209388344589216624e-01 4.223984561675632188e-01 4.218225143869284710e-01 4.053616194366104208e-01 4.054188735166222579e-01 4.129375056023329993e-01 4.166133185049383236e-01 4.168157731432441948e-01 4.173551711132194586e-01 4.183728499108043675e-01 4.173332120073449114e-01 4.110330525903277965e-01 4.184386732337928572e-01 4.178723902663614154e-01 4.123086977869324099e-01 4.107911128846583049e-01 4.148724530717688985e-01 4.149349246524827173e-01 4.107534971927638834e-01 4.143772553442029993e-01 4.141550749348797966e-01 4.125341262059337155e-01 4.172740944771161087e-01 4.070105188262897467e-01 4.079535725194256002e-01
5.779879060851970951e-02 8.525414499462011242e-02 3.384544889198062290e-01 1.000000000000000000e+00 3.429538759270215897e-01 4.008742500058896097e-01 5.869720767483721513e-01 5.651486602748059251e-01 5.498930769330940826e-01 4.995680329176287460e-01 5.777273807436970054e-01 6.356002840034856716e-01 5.526607000151103621e-01 4.646136161340700954e-01 6.142409675371850453e-01 6.240719637796523500e-01 5.649796688905205366e-01 4.824023412466185712e-01 5.017278245741466636e-01 5.578364443157950436e-01 5.544178921822351391e-01 5.333863507639283741e-01 5.045890333691224194e-01 5.044224963998074074e-01 5.023231722209876571e-01 5.368995668603462335e-01 5.310852360555251561e-01 5.098843820412699568e-01 4.244027282395202993e-01 4.847088057405113393e-01 5.570953288155332528e-01 5.962090185257392649e-01 5.370283754982122515e-01 5.940277164589884418e-01 5.226471692318381823e-01 5.955980738080282055e-01 5.348953094137656183e-01 5.848268227813099296e-01 5.720556206003895028e-01 5.686473362989727942e-01 5.995071062655846772e-01 6.048943862811191341e-01 6.108267766800297149e-01 6.184117019241774926e-01 5.864046127479036752e-01 5.663730615670664603e-01 6.048662822725573429e-01 6.011576023084739262e-01 6.019241669529612482e-01 6.291380729780057246e-01 6.215364615447546148e-01 6.426202136846406177e-01 6.226818558257577463e-01 5.918942088778428312e-01 5.764540030878765320e-01 5.853621679339763295e-01 6.217267992232773377e-01 6.139139877888430963e-01 5.881252532914462705e-01 6.177696252055540072e-01 6.173709716958073468e-01 6.032120748682869849e-01 5.981038327738125160e-01 6.201458864431723672e-01 6.126044291632507521e-01 6.252335896953996608e-01 6.046049859745052935e-01 5.888426830361334074e-01 5.997611738269936765e-01 6.259349280539767690e-01 6.050623879406102912e-01 5.935458388351499970e-01 5.973761953408672776e-01 5.872916870593992700e-01 5.890066613776259175e-01 5.923167451506422543e-01 5.839966877781420651e-01 5.494170053543671051e-01 5.675118384440596131e-01 5.676891236308311273e-01 5.759479750286660149e-01 5.796543662414312958e-01 6.089203860371613652e-01 5.785837132183793141e-01 6.188120776613409424e-01 6.066802466554228612e-01 5.859552521455045904e-01 6.186326390238543471e-01 5.920427899972088293e-01 5.990833648722351246e-01 6.031356625383825776e-01 6.117844789645985326e-01 6.035050610537007199e-01 5.988778789080109188e-01 6.048545348748880501e-01 6.070760058945097182e-01 6.315485503625938302e-01 6.268007159622823732e-01 6.169679912012441259e-01 6.259821318285604397e-01 6.270073838924500320e-01 6.229304793084426972e-01 6.217965999989715220e-01 6.226331748257533105e-01 6.296637596808611903e-01 6.139554293041568078e-01 6.132431491125298617e-01 6.026136072082826090e-01 6.053291930741488969e-01 6.107092593775979017e-01 6.122798021603519381e-01 6.117531036160939184e-01 6.141903116576932220e-01 6.223639701991318107e-01 6.009947417713056295e-01 6.124817555198567298e-01
4.555836784817938329e-02 1.047767523014817154e-01 2.714369935899420549e-01 3.429538759270215897e-01 1.000000000000000000e+00 3.412385734752331201e-01 4.718581849340136580e-01 4.599204197093466062e-01 4.661091082149993459e-01 4.267968839174204887e-01 4.597137581252074834e-01 4.872981757265815728e-01 4.870337716574079656e-01 3.795445855462624696e-01 4.990050479780833714e-01 5.010715705559207755e-01 4.546086051282079432e-01 4.218385103846477024e-01 4.482254345125414319e-01 3.797362499252640022e-01 4.494821096563928475e-01 4.574822014901893108e-01 4.552124403204682035e-01 4.468207211013229818e-01 4.429019849669660336e-01 4.701365707529456817e-01 4.684703125889009834e-01 4.426647336039711278e-01 4.147405376791784004e-01 4.493139041720030646e-01 4.872864338745754309e-01 4.826030457324840817e-01 4.523681313186261876e-01 4.749631669891915542e-01 4.596500045239506616e-01 4.585174883460284567e-01 4.756042021281821075e-01 4.700592432294091738e-01 4.936189378076907275e-01 4.547159103245932976e-01 4.993041857452737431e-01 4.909766425811764590e-01 4.757772156965950350e-01 5.052723260686768914e-01 4.894738121081015914e-01 4.923688199822318090e-01 5.040506090439648146e-01 5.068426323631219921e-01 5.019402058724717897e-01 4.724878687656095533e-01 4.785116421460859359e-01 4.857554739392923593e-01 5.031157415999244487e-01 5.011650963987679397e-01 4.850175191731638802e-01 4.893321099476826141e-01 4.881011300469086933e-01 5.011088474447593644e-01 4.859460179168477723e-01 5.161563211573377830e-01 5.009151633524325797e-01 5.004659142621440404e-01 4.903733361053593254e-01 4.969214661657095355e-01 5.052852568584120796e-01 5.102060224875049066e-01 5.045165856142905803e-01 5.021736181174313307e-01 5.060132107966953674e-01 5.129680685158466424e-01 5.061131282647574059e-01 5.068626607383147631e-01 5.059262162345108393e-01 4.986737046241768723e-01 4.983087914174214039e-01 4.999725400842062739e-01 4.982917972940480444e-01 4.886037268147701007e-01 4.973954494242834867e-01 4.970222560792071365e-01 4.963611024404485095e-01 4.994267541400970734e-01 5.059144099156969165e-01 4.957086622473592108e-01 4.983124523315651810e-01 5.009992867250732118e-01 4.980715231314999381e-01 5.022463155132399493e-01 5.034704841426573818e-01 5.017851728233898578e-01 4.999160078769445126e-01 5.079189546970894753e-01 5.079680986562657985e-01 5.065587515426748233e-01 5.083556686907089173e-01 5.069082964515153611e-01 5.011201451190916423e-01 4.971621018002776449e-01 5.050028646945027289e-01 5.037348015881730756e-01 5.051558065630709082e-01 5.035234100873361429e-01 5.090804319960374746e-01 5.124193572833614096e-01 5.083570835061511639e-01 5.038723455250789796e-01 5.062552023939177470e-01 5.067090728077729977e-01 5.060326818931277781e-01 5.114268194872686468e-01 5.035077712450277687e-01 5.129583649892826003e-01 5.093000638946826308e-01 5.052810070796670550e-01 5.036545408205452823e-01 5.095981548532405592e-01
2.068994325464004053e-02 1.069995824139081675e-01 2.827288422891755526e-01 4.008742500058896097e-01 3.412385734752331201e-01 1.000000000000000000e+00 5.608347000737661237e-01 5.370661163203723776e-01 5.526529655993962509e-01 5.351803159930097475e-01 5.818231782990390677e-01 5.985892551384675020e-01 5.407519819955604046e-01 4.621612673670549842e-01 6.191486320394379295e-01 5.972445302621923746e-01 5.620213773672413371e-01 5.468515876370513284e-01 5.610433426854060102e-01 4.749221038304137221e-01 5.191213571006171312e-01 5.784345696940806913e-01 5.697690937840538261e-01 5.576405586613607523e-01 5.475567028684922288e-01 5.948385005082870158e-01 6.001776983060812531e-01 5.964193622149275287e-01 5.348770879861139971e-01 5.603073070233106634e-01 5.917328644069366206e-01 6.147172640191761461e-01 5.881358920413599645e-01 5.919391827765985159e-01 5.721568110182378986e-01 5.851031487500734096e-01 5.962144693659324757e-01 6.087675086154389348e-01 6.142907941278932249e-01 6.068657449530230341e-01 6.171848139255300403e-01 6.291704613287540937e-01 6.000089774142114418e-01 6.266370955429279022e-01 6.211150045242058715e-01 6.174296622529746870e-01 6.139824159309088536e-01 6.217160057860157130e-01 6.113750896716532157e-01 5.899016731304779215e-01 6.090401075339835213e-01 5.930228052111659043e-01 6.062815578614272338e-01 6.123677608197309885e-01 6.069200219541690533e-01 6.193202769261157981e-01 5.948676302642197378e-01 6.179215006607686744e-01 6.119960519615549321e-01 6.159438496536199237e-01 6.161513988214438742e-01 6.086950903065185825e-01 6.047868533054198137e-01 6.111720087646660415e-01 6.114046494717657598e-01 6.046053565770832527e-01 6.152993575550993466e-01 6.203578674686701655e-01 6.244095541803098559e-01 6.241497200014695101e-01 6.176435575867785799e-01 6.206472387056032325e-01 6.216899903786498038e-01 6.192139129332294711e-01 6.188151355821881472e-01 6.193000027952310083e-01 6.193407478479603379e-01 5.986263368381752326e-01 6.140244645210383156e-01 6.046774372585265178e-01 6.142103304270841724e-01 6.101314948454421572e-01 6.233437649174007333e-01 6.112435094955491754e-01 6.249178716041037251e-01 6.175723305974187838e-01 6.148420327595853774e-01 6.253265657868120053e-01 6.113681005921887124e-01 6.254223700344128112e-01 6.278819917856731658e-01 6.253343877064654333e-01 6.237307435446673987e-01 6.269063964507136655e-01 6.164126060728418732e-01 6.172063700571207567e-01 6.162778691973270773e-01 6.035167362685047721e-01 6.195098671143353108e-01 6.250951558093473803e-01 6.232963037895802305e-01 6.196683731917242977e-01 6.189866484725959905e-01 6.249177782119716973e-01 6.185220967553680671e-01 6.081595117416644936e-01 6.167637945888602147e-01 6.204193723036875996e-01 6.205792557356879513e-01 6.179791271721318813e-01 6.205781884550172212e-01 6.167233626972122851e-01 6.174014368828387722e-01 6.160405113530577070e-01 6.095094580417010910e-01 6.068390101564280492e-01
4.388378590373458177e-02 1.711145736288154917e-01 3.789729292564871788e-01 5.869720767483721513e-01 4.718581849340136580e-01 5.608347000737661237e-01 1.000000000000000000e+00 7.341416354991198157e-01 7.504046465696292412e-01 7.105381494192714031e-01 7.751719874736605620e-01 8.238088231982352294e-01 7.468608599744988030e-01 6.337793600194692178e-01 8.583590740282829312e-01 8.266736107571136527e-01 7.570545771215682063e-01 7.259242127537213207e-01 7.537773833255332345e-01 6.467575687641385906e-01 7.245900116361106980e-01 7.631860468293630850e-01 7.642459163250941989e-01 7.434125075727551213e-01 7.232590008190452613e-01 7.904246819009712599e-01 7.858986242224066388e-01 7.873382930755744580e-01 7.015239030433763068e-01 7.507126475466300297e-01 8.022599672472524590e-01 8.319835890611954055e-01 8.080707543824858785e-01 8.142717342143005466e-01 7.694764100482642810e-01 8.109395654226555505e-01 7.906176289930704204e-01 8.433984711946925783e-01 8.383925102578287936e-01 8.278221874354400045e-01 8.350607125985669565e-01 8.487812633215026104e-01 8.417249684941040533e-01 8.538937664292497454e-01 8.339338964682448951e-01 8.313131458824054576e-01 8.284614393758579221e-01 8.326401357246963064e-01 8.310231367656827350e-01 8.197937256644408643e-01 8.428104339914356258e-01 8.041695404721167506e-01 8.300243254101861146e-01 8.197361399037575991e-01 8.202421644977183623e-01 8.390265743623696038e-01 8.147823175143231733e-01 8.362727372579381591e-01 8.286395140160731643e-01 8.275831121191099538e-01 8.348173557906830577e-01 8.226928846373878779e-01 8.301351800686516125e-01 8.274795614065015847e-01 8.210753299570811015e-01 8.189843079958565308e-01 8.292527289803096613e-01 8.304843634984631073e-01 8.358577128272304257e-01 8.356277359894155321e-01 8.311350022460177733e-01 8.317565688280540437e-01 8.316011520347993402e-01 8.256296126837580074e-01 8.287456567816625652e-01 8.304020904875912823e-01 8.310873174426461896e-01 8.003047461286254549e-01 8.219399122489048359e-01 8.137869517233778938e-01 8.247885841007362995e-01 8.213464212041808876e-01 8.422304959260372703e-01 8.289219832175306335e-01 8.544311331879971272e-01 8.373732302674897765e-01 8.310531007587033114e-01 8.538964054588612518e-01 8.363313404002717943e-01 8.430339407508364857e-01 8.504214554639605295e-01 8.468894496813851314e-01 8.388096928121652196e-01 8.450804954803589064e-01 8.320281273038689918e-01 8.328256346576925484e-01 8.474015920779087718e-01 8.195041411696309952e-01 8.360236327157796188e-01 8.498495080003756197e-01 8.530355198901499181e-01 8.455680650596828496e-01 8.343512132216603927e-01 8.466381363148661743e-01 8.375303415058551471e-01 8.243951029726492852e-01 8.325512207176810620e-01 8.330736064212401759e-01 8.374688889294368277e-01 8.335623791665299764e-01 8.415799427627048690e-01 8.278380412018485623e-01 8.335780265424962421e-01 8.360243476054260992e-01 8.211901255353718510e-01 8.160029693749147883e-01
7.263121949849070391e-02 1.347068922345054653e-01 3.920559935518305172e-01 5.651486602748059251e-01 4.599204197093466062e-01 5.370661163203723776e-01 7.341416354991198157e-01 1.000000000000000000e+00 7.335151068908309924e-01 6.480956898773203578e-01 7.401340320802033412e-01 7.771106149272204444e-01 6.958592921779875873e-01 6.012887096456223102e-01 7.973361130302859534e-01 8.059109804147577272e-01 7.391875953048400172e-01 6.983816445110395676e-01 7.277989011562219224e-01 6.100931358918542102e-01 7.090525021834048758e-01 7.455748946429975321e-01 7.279329090664240498e-01 7.069862939435891391e-01 6.930840642331230761e-01 7.491099715348207289e-01 7.510251293438982012e-01 7.374693083336562038e-01 6.612745249928734248e-01 7.116968843997988348e-01 7.543707611335263019e-01 7.958638454097526349e-01 7.558999180655111561e-01 7.819225581441490158e-01 7.404241044517236858e-01 7.709473547123428805e-01 7.413620384284139719e-01 8.001249774382320767e-01 7.909258572586472802e-01 7.654891281228425326e-01 7.891756246403873742e-01 7.990222009941176928e-01 7.787740587704387041e-01 8.078762075077441374e-01 7.872317594969662213e-01 7.750712486743941421e-01 7.909666670346516826e-01 7.906476944243738814e-01 7.935583471339520134e-01 7.948402024381173714e-01 8.070247151647514938e-01 7.715555277093083530e-01 7.873666807028860681e-01 7.896547614421736139e-01 7.862049805555597626e-01 7.894806263974327720e-01 7.955898901640521270e-01 7.971233480944756034e-01 7.944286735914216635e-01 7.954768823603829420e-01 8.043313239530085479e-01 7.941795948026378893e-01 7.974485415377282616e-01 8.053974365242776434e-01 7.856725648884939073e-01 7.922225628340168191e-01 7.924415892054870181e-01 7.915210305026743054e-01 8.013607828852058468e-01 7.935523951718801428e-01 7.984972889198073132e-01 7.951176489221548627e-01 7.926664933296262427e-01 7.881859435569198435e-01 7.893645328403648964e-01 7.876819704079828233e-01 7.843110158912023344e-01 7.593492426352750346e-01 7.757530888448205264e-01 7.723268092126568396e-01 7.820548385102324973e-01 7.774385628483353461e-01 8.021229653089294587e-01 7.892845615879743315e-01 8.100261589815768160e-01 7.985502642813955276e-01 7.832282610515305388e-01 8.057220026814158054e-01 7.889150924174140878e-01 7.977339474125139107e-01 7.938434286243644111e-01 7.992996250466968267e-01 7.951386793335112335e-01 7.963407808795484044e-01 7.911670090356761609e-01 7.899205376071731788e-01 8.072130718486915102e-01 8.011881722250261406e-01 8.043335947990954971e-01 8.093828715510406058e-01 8.060245438365858384e-01 8.091666060473454714e-01 7.948830462762302984e-01 8.064211521609181421e-01 8.012885180514349726e-01 7.959359584070799798e-01 7.978955172843401611e-01 7.941035463360071045e-01 7.950109710165592647e-01 7.976196338010648201e-01 8.029823869101385680e-01 7.928482197356254702e-01 7.993712829598255132e-01 8.066730738874727802e-01 7.849991271727195796e-01 7.845469225952365067e-01
9.150190245658675059e-02 1.711302359868586420e-01 3.927495036413307661e-01 5.498930769330940826e-01 4.661091082149993459e-01 5.526529655993962509e-01 7.504046465696292412e-01 7.335151068908309924e-01 1.000000000000000000e+00 7.686705672870765005e-01 8.170821494751306924e-01 8.413623554148991213e-01 7.638194833294283947e-01 6.593529071127490759e-01 8.580821526956363687e-01 8.495189878549855855e-01 8.390004038643978923e-01 7.820904837757171046e-01 8.079513070533123065e-01 6.256593698317701735e-01 7.485805887317037444e-01 8.021359138510417708e-01 8.204194790194955234e-01 7.822359092030382044e-01 7.525700326416818742e-01 8.529447346408562947e-01 8.407674685340156273e-01 8.203125623082307971e-01 7.873535479200006737e-01 8.263576464000599309e-01 8.695011238193064429e-01 8.652579465928466051e-01 7.974621388330819238e-01 8.563485497822030945e-01 8.373794593409437104e-01 8.104702524835034616e-01 8.408043555520250401e-01 8.441090132868709350e-01 8.734202764680915054e-01 7.975049450239983795e-01 8.739660854501464238e-01 8.571619292062024886e-01 7.911749225546659270e-01 8.703277849428018298e-01 8.651481043011036709e-01 8.599581028029119611e-01 8.848423777629484954e-01 8.888825979017729306e-01 8.755476068105532139e-01 8.380518547324227185e-01 8.515526830768386235e-01 8.116646452681862689e-01 8.651157364706901776e-01 8.898827613620872157e-01 8.706215406448327698e-01 8.599255985883097475e-01 8.649763019615521742e-01 8.736267182127154252e-01 8.666690237477933101e-01 8.909288652491413885e-01 8.832310061224322162e-01 8.761988362356516458e-01 8.612149181414034960e-01 8.840808804343507354e-01 8.944270181285582932e-01 8.815962692497160136e-01 8.957718110064007977e-01 8.932417489592752169e-01 8.919848536154201257e-01 8.838918920404706947e-01 8.863854353907197892e-01 8.918788902877951008e-01 8.825742276188737190e-01 8.644648871310839366e-01 8.907391661134658190e-01 8.886000109602590902e-01 8.798383209808211536e-01 8.772645432427251810e-01 8.812205603582710101e-01 8.843215497556908833e-01 8.887016220514901699e-01 8.899285382478659967e-01 8.915399994392854133e-01 8.875332826629931393e-01 8.794655828605452141e-01 8.933164527796522147e-01 8.842134367209192325e-01 8.807274754479428314e-01 8.904986222644596383e-01 8.800745883812803871e-01 8.660779189544695056e-01 8.839751456402801244e-01 8.870706350468794410e-01 8.854917145536688183e-01 8.904320762840443049e-01 8.877316178368425126e-01 8.613263062969186423e-01 8.821771167609273601e-01 8.855629445699949587e-01 8.860857208425717557e-01 8.697204541330887384e-01 8.826036844998653708e-01 8.790477185514129488e-01 8.866964967726692626e-01 8.868854455791840286e-01 8.808826513684419046e-01 8.928718604855674368e-01 8.933530041487297568e-01 8.821039071407474896e-01 8.892531276228048398e-01 8.807230483788761610e-01 8.963065564575832811e-01 8.875463965491346974e-01 8.940083170716935923e-01 8.966977275647884937e-01 8.913999050825190951e-01
4.683040137093613664e-02 2.118566510286370164e-01 3.590221818502021822e-01 4.995680329176287460e-01 4.267968839174204887e-01 5.351803159930097475e-01 7.105381494192714031e-01 6.480956898773203578e-01 7.686705672870765005e-01 1.000000000000000000e+00 7.841605852446676961e-01 7.974545789452954780e-01 7.307684870425305013e-01 6.359055524118968350e-01 8.199205233711918117e-01 7.945561662184014162e-01 7.639889717192627216e-01 7.411718528940063333e-01 7.660948167717395174e-01 6.112031677515145089e-01 6.875656796525237979e-01 7.604404560559877568e-01 7.868598048680972568e-01 7.638182341825250354e-01 7.233061835149039442e-01 8.327939046757001362e-01 8.130860781265273340e-01 8.158468376160644686e-01 7.808808297399286724e-01 8.194999166975442950e-01 8.469168096703083570e-01 8.168790492218517274e-01 7.773614553951126993e-01 7.975450352865888215e-01 7.949202523105159957e-01 7.611763838293058582e-01 8.372142706154266367e-01 8.086642569954027859e-01 8.267617658459730512e-01 7.936861898912436208e-01 8.423436873236291866e-01 8.303858608785238404e-01 7.702827673804321096e-01 8.284327300277682937e-01 8.406216604278997639e-01 8.335272092983130321e-01 8.445984959868574338e-01 8.517247372703746766e-01 8.365133764859032928e-01 7.755241227405411664e-01 8.055811357030556730e-01 7.603168126609336497e-01 8.184074859524221868e-01 8.514845891250315546e-01 8.393581726625732875e-01 8.437157427935461085e-01 8.090469026305016076e-01 8.344721983184112402e-01 8.341341356275769892e-01 8.425610851141004387e-01 8.319665082789179378e-01 8.343705090760464849e-01 8.188583592344769180e-01 8.254564079156941903e-01 8.373783553433506999e-01 8.283987659038264395e-01 8.505680659907143282e-01 8.524774735820600524e-01 8.493094381529003867e-01 8.419419591189111207e-01 8.421711798104269953e-01 8.509699316196835950e-01 8.487334518656584059e-01 8.356304530986738976e-01 8.569141172479721735e-01 8.546797598133201168e-01 8.557158869646495081e-01 8.539638554652204672e-01 8.561818673471947028e-01 8.539417092614198790e-01 8.560057728790270160e-01 8.574365867215020254e-01 8.514737258733525715e-01 8.460619316207786955e-01 8.317848872371127467e-01 8.439225667524429264e-01 8.518872540920624514e-01 8.463455448594382480e-01 8.519199688821230687e-01 8.525936045749207270e-01 8.469805151999224568e-01 8.524176627230871661e-01 8.545092586922033995e-01 8.536890647435489976e-01 8.502258076736052272e-01 8.522346287219469962e-01 8.231523242647391658e-01 8.202878012480191439e-01 8.410676957154699096e-01 8.393257545338902448e-01 8.298511612084187306e-01 8.384257657689822008e-01 8.405148652408769294e-01 8.439095361627266811e-01 8.377034629064817883e-01 8.377164850243796757e-01 8.480587317661616442e-01 8.537779012723972771e-01 8.507703818258679496e-01 8.506344148245484904e-01 8.467575599981224110e-01 8.500193786342411517e-01 8.461753904731190712e-01 8.401167586795879050e-01 8.471567336385551483e-01 8.431752218503172358e-01
1.704569725183366011e-02 1.694814527830397211e-01 4.096748481733593072e-01 5.777273807436970054e-01 4.597137581252074834e-01 5.818231782990390677e-01 7.751719874736605620e-01 7.401340320802033412e-01 8.170821494751306924e-01 7.841605852446676961e-01 1.000000000000000000e+00 8.751945386146157135e-01 7.811600532278076825e-01 6.943955559961444424e-01 8.882829262196063613e-01 8.671014976460125201e-01 8.202141277036195666e-01 7.826183186754149812e-01 8.111528084692763985e-01 6.601634532942991518e-01 7.604112134239005005e-01 8.140818218538221629e-01 8.229510559451904683e-01 7.949731466732073981e-01 7.828289521778573068e-01 8.711013835932104321e-01 8.611568919638495911e-01 8.498879717972939174e-01 7.930159219360441991e-01 8.414963393344558895e-01 8.845779002308217231e-01 8.807300147337530083e-01 8.431119419839216977e-01 8.704733089662393120e-01 8.471828597472921274e-01 8.428469740707538183e-01 8.740439143213362128e-01 8.795340953092385394e-01 8.880883905305850812e-01 8.636454089795081446e-01 9.030913128389890243e-01 8.999273942897406675e-01 8.554415422879432240e-01 9.021226096383819781e-01 8.998959254129368368e-01 8.865202683853525834e-01 9.031492538414872540e-01 9.059504102241278112e-01 9.006499190829757584e-01 8.708194603391152810e-01 8.902734932337379448e-01 8.630283067986189716e-01 8.934543361590984167e-01 8.999587020943456972e-01 8.951225318206178505e-01 8.998662448112780821e-01 8.804945873211204033e-01 8.972377643623611343e-01 8.919735154132734101e-01 8.996028662156970723e-01 9.019017703535677777e-01 8.917494489581085926e-01 8.873998837872781875e-01 8.945240143054219439e-01 8.963295557491789411e-01 8.959152064052832154e-01 9.050812804083898655e-01 9.072461482910078034e-01 9.043743746959742591e-01 8.987767406481029786e-01 9.050780726353380157e-01 9.060556753633469684e-01 9.015812089424740661e-01 8.964825984270462511e-01 9.100198470017958341e-01 9.072584908296725814e-01 9.029643468584638288e-01 8.917529011299394348e-01 9.012959028359046609e-01 8.996646935130553357e-01 9.041889207761144576e-01 9.053845343926272271e-01 9.092753072746891929e-01 9.004108050196033552e-01 9.067455338344988514e-01 9.062252937385820717e-01 9.064178364149538814e-01 9.102652485994701115e-01 9.081743371446511226e-01 9.084616677367143289e-01 9.083257380280812532e-01 9.122098879342839250e-01 9.110794098740904179e-01 9.101814407215318425e-01 9.076999453296052955e-01 9.085116824520780288e-01 9.006863016968957858e-01 8.915222852091660988e-01 9.062920563205110192e-01 9.116103852642434280e-01 9.037720441179576403e-01 9.088789800344120318e-01 9.072746548228373120e-01 9.111090785561684058e-01 9.099009458610712864e-01 8.958332239964030830e-01 9.075083127325193066e-01 9.084905321006223611e-01 9.086906525115245881e-01 9.074675701449561593e-01 9.078348892142805715e-01 9.037328760283961371e-01 9.035427846050697598e-01 9.048890251593688649e-01 9.025125154134436833e-01 8.983480440023317026e-01
1.875597086954147383e-02 1.704278207154054647e-01 4.226705327374900567e-01 6.356002840034856716e-01 4.872981757265815728e-01 5.985892551384675020e-01 8.238088231982352294e-01 7.771106149272204444e-01 8.413623554148991213e-01 7.974545789452954780e-01 8.751945386146157135e-01 1.000000000000000000e+00 8.136298244227894161e-01 7.009627856903468679e-01 9.203015930283507950e-01 9.072189672010677608e-01 8.436230439923108060e-01 7.914835161990793067e-01 8.189417508372386356e-01 7.006402564922104004e-01 7.757628104764249244e-01 8.289331074000765298e-01 8.302403243468180483e-01 8.052615746610789493e-01 7.875793704153455366e-01 8.816830374939322867e-01 8.728811284135371551e-01 8.610037515905355487e-01 7.933587255801675120e-01 8.436626303107981339e-01 9.087719148849477957e-01 9.093288600442858138e-01 8.570579974755884178e-01 8.928704016783424180e-01 8.593253859831215813e-01 8.702226003230278950e-01 8.871335001615324733e-01 9.060268545420533393e-01 9.106715025016615117e-01 8.863314449554883234e-01 9.282785866739987624e-01 9.250679559365749816e-01 8.873843574757098729e-01 9.333527698157912944e-01 9.192415789520647085e-01 9.133003099102183775e-01 9.363188055751175964e-01 9.355910018063062772e-01 9.346359308473617400e-01 9.021978237962904323e-01 9.214244222969877329e-01 8.962293234275398035e-01 9.263475474343243476e-01 9.301163781886885307e-01 9.206104674147268518e-01 9.217342441652748297e-01 9.197384950517185631e-01 9.318894191661740711e-01 9.244237038715699128e-01 9.363135517167147093e-01 9.373386842776089134e-01 9.293016494016386186e-01 9.219263212606214619e-01 9.312667589255488876e-01 9.278079078306094019e-01 9.309475556563311383e-01 9.349001840551662834e-01 9.328730176118658068e-01 9.348081225129240002e-01 9.348974117209694068e-01 9.296420471376533046e-01 9.318576063442872703e-01 9.287366651216791835e-01 9.173984112651691891e-01 9.331607084329093249e-01 9.337375909235086091e-01 9.298374511365623540e-01 9.115850652457834213e-01 9.218460096812162163e-01 9.222874544744569247e-01 9.277953561536069760e-01 9.312035862854988189e-01 9.385286769660294848e-01 9.251485572438434835e-01 9.343762923275855670e-01 9.331723942743472833e-01 9.301341038137517225e-01 9.415030630157266156e-01 9.333786304929654332e-01 9.339739041771311090e-01 9.341221945622468770e-01 9.421350697982964206e-01 9.392918584008578264e-01 9.378905617582261600e-01 9.388718112029468266e-01 9.398936949100173965e-01 9.326230737196882226e-01 9.238004650916467053e-01 9.376614037406084678e-01 9.430432365834630071e-01 9.361389448791370693e-01 9.397824240986100142e-01 9.391399615268559709e-01 9.435480626104264523e-01 9.395796313304528580e-01 9.284853636703838120e-01 9.397716226801415829e-01 9.384508816037346879e-01 9.382985322137178397e-01 9.396853468711378055e-01 9.385385193329572884e-01 9.376075401404524445e-01 9.377706979389852648e-01 9.383285770438203333e-01 9.321487277254422166e-01 9.316641308133269961e-01
2.804813248722371269e-02 1.368825980976544621e-01 3.635006165905057540e-01 5.526607000151103621e-01 4.870337716574079656e-01 5.407519819955604046e-01 7.468608599744988030e-01 6.958592921779875873e-01 7.638194833294283947e-01 7.307684870425305013e-01 7.811600532278076825e-01 8.136298244227894161e-01 1.000000000000000000e+00 6.367971518647466134e-01 8.350240812897760101e-01 8.253144429095181644e-01 7.627093294669606838e-01 6.972734014432477867e-01 7.264062857665573025e-01 6.130374596450860469e-01 6.999646816194111665e-01 7.439059493420999702e-01 7.498855778408248796e-01 7.231278040240374239e-01 7.006030837376674425e-01 7.933175456908900802e-01 7.822471121042253728e-01 7.644664975616437541e-01 7.108284680208217798e-01 7.657749311974181294e-01 8.245524714308720693e-01 8.161161128258119790e-01 7.580891016611247535e-01 8.091771525605988558e-01 7.744572797472483172e-01 7.709597852252041417e-01 8.071410360130359951e-01 8.151586964266165358e-01 8.228548087016740453e-01 7.908852513937613127e-01 8.410154425197653438e-01 8.342874987623078997e-01 7.961701195706406553e-01 8.427523097080648062e-01 8.341241589212124996e-01 8.232575176579752796e-01 8.533387714152158576e-01 8.544353529103030365e-01 8.498818750452031834e-01 8.160106387390569926e-01 8.315452891189033524e-01 8.154244946268857097e-01 8.432931629917039817e-01 8.452106442367268713e-01 8.358124923478486012e-01 8.287644259009505632e-01 8.344771691656738266e-01 8.462700008037277177e-01 8.379754348031215327e-01 8.570022246405377686e-01 8.517095904332818712e-01 8.444091948630386701e-01 8.369272339399417282e-01 8.430426194474337498e-01 8.474759487584179185e-01 8.525861534111555118e-01 8.558201942276205676e-01 8.498913422019336306e-01 8.487709642830685297e-01 8.453248146323849577e-01 8.448276619947108212e-01 8.485148183217605666e-01 8.429887544801183408e-01 8.294420205732422335e-01 8.471460605059064619e-01 8.462506413359262014e-01 8.413094529161730950e-01 8.299216941076696941e-01 8.367203782640710852e-01 8.393425081548071542e-01 8.421583749006193997e-01 8.492345520554800409e-01 8.524241855779044474e-01 8.392315683837907603e-01 8.450055551711201929e-01 8.500376565534620843e-01 8.450251181130138400e-01 8.539444619161524752e-01 8.516721224535178658e-01 8.472715811042855760e-01 8.436319680834354351e-01 8.566939654212792910e-01 8.529511750399196846e-01 8.528062951714737716e-01 8.583766347017405263e-01 8.589503760693469880e-01 8.441709260774689083e-01 8.415565520725361015e-01 8.532978043518985034e-01 8.567100629121356947e-01 8.508503487616899674e-01 8.535858764333800197e-01 8.565483169486373116e-01 8.584715589573262973e-01 8.571890798606836004e-01 8.471285930477384651e-01 8.573666067345179220e-01 8.556570473610753957e-01 8.542204101286315909e-01 8.577431166840359111e-01 8.542610260944293321e-01 8.577805845540378282e-01 8.549603719815336289e-01 8.550309610537097926e-01 8.543239094430863378e-01 8.538710524440782379e-01
