1.000000000000000000e+00 2.203617465888601523e-01 2.715479562691778259e-01 2.974323265639979355e-02 6.723081679711540026e-02 1.475138989937236911e-01 1.689310169265873518e-01 9.907126898873243326e-02 3.007769305873199128e-01 1.078880878321390596e-01 1.558908044387014302e-01 4.034221274544751851e-02 1.460178080641473704e-02 2.921027783345423595e-02 7.644517080235017914e-02 5.654773172915352614e-02 2.469271111857249956e-01 3.412516842827205132e-01 2.812289686605648487e-01 3.028750250747426209e-01 2.618270200267692749e-01 2.438613768189981101e-01 3.399398367333888449e-01 2.360542573021411905e-01 2.386799198633424990e-01 2.779234918177773683e-01 2.801076014509571444e-01 2.991054853704639971e-01 3.163105826659131647e-01 2.933926017023310573e-01 2.586957241458429091e-01 1.715549296185184258e-01 2.295536709746338333e-01 1.892066357284569178e-01 2.222397748155177655e-01 1.914301639817161393e-01 2.320912220205181564e-01 1.597205765215650441e-01 1.671251370484602150e-01 1.037952482240750152e-01 1.111126743473190015e-01 1.224526271420058182e-01 8.303232669420261558e-02 1.283211059724431724e-01 1.200766983872655208e-01 1.686041896614109969e-01 2.759853373322080847e-02 4.920360502623331161e-02 8.207720233672875787e-02 1.081820586801241768e-01 8.568279738120851419e-02 4.793042510787304950e-02 5.889271275366507984e-03 1.313815002771305529e-01 1.766574991645097070e-01 1.486401468766783696e-01 1.317786415661196531e-01 8.447025253854101301e-02 8.366513686300787456e-02 8.385303126415664943e-02 7.494726580338964550e-02 8.290246795530967217e-02 7.934065450212879345e-02 9.099096731898664858e-02 1.146528815916688648e-01 1.252628879140369744e-01 8.090075086257401960e-02 1.355758899133753803e-01 1.164238623152741708e-01 1.574291020813187170e-01 8.845617160034259518e-02 1.123979890924356878e-01 1.115931409899780236e-01 1.031568228832639850e-01 1.248131196178039470e-01 1.233126910136826820e-01 1.190544216093763347e-01 1.517893205896624076e-01 1.058843435794125237e-01 1.524742433273217346e-01 1.441923151426560135e-01 1.116730632931006023e-01 8.971927654422356957e-02 1.290084661723213955e-01 7.854944412273080767e-02 7.647438319602865853e-02 1.024373751784235925e-01 7.605558447197002803e-02 9.218081826869367612e-02 1.014703927324458466e-01 6.235954906618979693e-02 5.952554912567965123e-02 5.190884081685777363e-02 8.527331009931299333e-02 1.915448568841046639e-02 3.364974615381586404e-02 5.876860497391082211e-02 9.242680611979010863e-02 4.620049364574808221e-02 5.099424384535346244e-02 3.680385636770288488e-02 6.431421357609221068e-02 3.031603125653354464e-02 6.072401785460478096e-02 6.656876176373803522e-02 1.096704266048766363e-01 6.984825185234312672e-02 6.511915427614321794e-02 8.897297570848824999e-02 4.106546539408745949e-02 3.676971059517903512e-02 4.214742046429939548e-02 4.601272164017258109e-02 6.060649928798838432e-02 6.955777381462668885e-02 7.349034761347418565e-02
2.203617465888601523e-01 1.000000000000000000e+00 1.048295275181278657e-01 5.281023774053007769e-02 2.435298682549001670e-02 6.640514880406274412e-02 1.428064180181841392e-01 1.011985367011007386e-01 2.375801865611717467e-01 2.620073574551484152e-01 1.605784462175775251e-01 1.296316617621783018e-01 1.018705605860973640e-01 1.384136082368406795e-01 1.399168124142294023e-01 1.427979093156752366e-01 1.847718921642115819e-01 1.405362592860800175e-01 1.231323404246433550e-01 1.236739921060624192e-01 6.622212043870999432e-02 1.026095694151630544e-01 2.306107645263255901e-01 1.202559863203395973e-01 1.251802851685534790e-01 2.033289254369820276e-01 2.004522176566269909e-01 2.141619907807083001e-01 2.188737004290426669e-01 2.181131561481387537e-01 2.059314288657584646e-01 1.992429183171351148e-01 2.288100240372801797e-01 1.670367164864806631e-01 2.302008955879545904e-01 1.624405565980320265e-01 1.998943605245501465e-01 1.847870895711634653e-01 1.826493300183490431e-01 1.544252922622075530e-01 1.847699888179059335e-01 1.631439974238390600e-01 1.543516470275848318e-01 1.603812586505582172e-01 1.576734986123447535e-01 1.805064584767279712e-01 1.508733829399708237e-01 1.727937522944702209e-01 1.550791377551242467e-01 1.525599845272326838e-01 1.530368339915160192e-01 9.545705345553795462e-02 1.236088052576261309e-01 2.092392271682877170e-01 2.092357196616815851e-01 2.109114525218293013e-01 1.823943307724227025e-01 1.708627385111237684e-01 1.613974727598415926e-01 1.662136647165132763e-01 1.490805453785465085e-01 1.721657792763634509e-01 1.653258365414043141e-01 1.529742478340566925e-01 1.529748257299025915e-01 1.764266354137510040e-01 1.550573475821303004e-01 1.563503512087682790e-01 1.847906375441561999e-01 1.347719818454941043e-01 1.182864652406509093e-01 1.405424750236213827e-01 1.498585515628372833e-01 1.370026894269238127e-01 1.669478935627757010e-01 1.727210384462940229e-01 1.644321481776891969e-01 1.848851141972068790e-01 1.570613423174796741e-01 1.724393100571680604e-01 1.845212717978157169e-01 1.706961553799840603e-01 1.751570546640480730e-01 1.861643290522673744e-01 1.593116724611386148e-01 1.527437290707673034e-01 1.662477988272766660e-01 1.613445299133395572e-01 1.574428402030155771e-01 1.921442095791241200e-01 1.565696993958759498e-01 1.497644875270066345e-01 1.475702311209449169e-01 1.494125381025041277e-01 1.373094589269553412e-01 1.611126897134437519e-01 1.390380950803386528e-01 1.394670611083327627e-01 1.403015942251654713e-01 1.442886270743242716e-01 1.391204931742354711e-01 1.527369625433390998e-01 1.356408332858830279e-01 1.370067529124217587e-01 1.415688361792299399e-01 1.770261717162414372e-01 1.531560618179194366e-01 1.741200466724547591e-01 1.736664776365604845e-01 1.537860182223416139e-01 1.575442644829613270e-01 1.500423412414393642e-01 1.530058042692103437e-01 1.491042662939096874e-01 1.413062720004001904e-01 1.540634471878098155e-01
2.715479562691778259e-01 1.048295275181278657e-01 1.000000000000000000e+00 4.113774533099880948e-01 2.454778769580807929e-01 2.782174041438508216e-01 3.924668298795757071e-01 3.441183871893385149e-01 4.189729255592082313e-01 2.643236129395495904e-01 4.782881540755120620e-01 4.019602461014898931e-01 2.973020807448463199e-01 2.059527230138760989e-01 3.681465760647882335e-01 3.560673920324390340e-01 4.247690952909121131e-01 4.588463925213461247e-01 4.944623329870226347e-01 4.439541123301918857e-01 5.150441980969601152e-01 5.345927532727502429e-01 4.916848565689878048e-01 4.970029807032999014e-01 4.925569955135902234e-01 4.923696360946112627e-01 5.305076528020764570e-01 4.827303758611267703e-01 4.653636829597034841e-01 5.494522662930551027e-01 5.268649879377852452e-01 4.401273038422534589e-01 4.721256008240133362e-01 4.676589199687490872e-01 4.919447883921042042e-01 4.969555802328296523e-01 5.045006289059112969e-01 3.608992919850010361e-01 4.189831218213724839e-01 3.876217199564120364e-01 4.051693688058967679e-01 3.754385406601665753e-01 4.137251961852677073e-01 4.242390003393892717e-01 4.639218483429760620e-01 4.053266574003560607e-01 3.345103619082342439e-01 3.435268234990894731e-01 3.615191194192733382e-01 3.875346016255826753e-01 3.673376162909461895e-01 3.639270795153540239e-01 3.480862983027387392e-01 3.848910016217890750e-01 4.147394375637583064e-01 4.006429566560698041e-01 3.964481436299331363e-01 3.596927181681639496e-01 3.631206653817959928e-01 3.581526356504948216e-01 3.847232077715264653e-01 3.475953367023464913e-01 3.331247050083852579e-01 3.525465853621782553e-01 3.980463578353535814e-01 4.102555304629096344e-01 3.573507238016738752e-01 4.049710881889047043e-01 3.935055017693345758e-01 4.273960668001123842e-01 4.261263883991052714e-01 4.118727123389924194e-01 4.157394124614099407e-01 4.158148498020496908e-01 4.218234157096072412e-01 4.252713300752849479e-01 3.872846896411915596e-01 3.953797802452528320e-01 3.967314535655586116e-01 4.263722962399478233e-01 4.207504094809446094e-01 4.061263526175475924e-01 3.759292651756840908e-01 4.013486672719587256e-01 3.687209439463473015e-01 3.779971464983900575e-01 4.093950171927147053e-01 3.424436288061792899e-01 3.676030328589932061e-01 3.821692042381707455e-01 3.697632724643831192e-01 3.542455284006870708e-01 3.811505701041071337e-01 3.705362071547440017e-01 3.213817700639720054e-01 3.298168670310988038e-01 3.625517583076686701e-01 3.681255536444218435e-01 3.549632701472378860e-01 3.490904682404827319e-01 3.510441065133456662e-01 3.407924268192147887e-01 3.494814402661858832e-01 3.629924652215819059e-01 3.716749968283940553e-01 3.808600204021114211e-01 3.512202574416757317e-01 3.489648141914550306e-01 3.666408701701672213e-01 3.284694082226731759e-01 3.259454986323931935e-01 3.389383660647755092e-01 3.300591560574791528e-01 3.415868492808306622e-01 3.621468782421019550e-01 3.630823987658519658e-01
2.974323265639979355e-02 5.281023774053007769e-02 4.113774533099880948e-01 1.000000000000000000e+00 2.908911814499561266e-01 2.811739377226170622e-01 5.295740400524144853e-01 5.243923354091679645e-01 4.489774708279803961e-01 3.256403172003596858e-01 5.486396149331613792e-01 6.498704355459556936e-01 4.751994032736268636e-01 3.567993734086066238e-01 5.389827966307357832e-01 5.432273766478136201e-01 4.445862420888936906e-01 2.657918547932243136e-01 3.716193992669581947e-01 4.104882288106203037e-01 4.821174013233873734e-01 5.127720390932340999e-01 3.900490224556194541e-01 4.285696897216378365e-01 4.214084821961218696e-01 4.566732271634644236e-01 5.112316117184177999e-01 4.442330443270974816e-01 4.127087808278062653e-01 5.049959157043133473e-01 5.457290626403296097e-01 4.867217939620034906e-01 4.464430592429504130e-01 4.960997690526489090e-01 4.450959792504604606e-01 5.466910956867029325e-01 4.995823436820485686e-01 4.311260924084372448e-01 4.915524410113977227e-01 5.236642960223157894e-01 5.239795983712006722e-01 4.693870787040919090e-01 5.685888454377882040e-01 5.377401979889958605e-01 5.809865243841259019e-01 4.699868085324218070e-01 5.011486671123261960e-01 4.953576831975908812e-01 5.000803533183214578e-01 5.022541422735060657e-01 4.968378851930938533e-01 5.694789193572665775e-01 5.556831475223332761e-01 4.674918911021079815e-01 4.344648971646658531e-01 4.746444644125455414e-01 5.005825587130244836e-01 4.751890717851836032e-01 4.634145187839912583e-01 4.942539573707423473e-01 5.225057210999600743e-01 4.623977023416505072e-01 4.510867970039178498e-01 4.977778729538880342e-01 5.185617408259782790e-01 5.275592035391932777e-01 4.978771708351260594e-01 4.670041382422016607e-01 4.876823952311113430e-01 5.111587242690081023e-01 5.321624754932942070e-01 4.970584258660636356e-01 4.980876593513799966e-01 4.866132574284951495e-01 5.194112111586880465e-01 5.208813662314344395e-01 4.843477385227665244e-01 4.732071960444950709e-01 5.014985911222230586e-01 4.917126334074123362e-01 4.892635373922352149e-01 5.195514789881471307e-01 5.081274089810251526e-01 4.692046560632278651e-01 4.904436794881180117e-01 4.940752352341654663e-01 5.195513543726305583e-01 4.772540404580764561e-01 4.929532360824260273e-01 5.051571118857712817e-01 5.204765134776071500e-01 5.054636513103747397e-01 5.365779512143806773e-01 5.034102445493031652e-01 4.856209332586466365e-01 4.930109070617189060e-01 5.200161063669320738e-01 4.957637383921119079e-01 4.987774333938590487e-01 4.882866110752430155e-01 5.129319385113452201e-01 4.786361352051274887e-01 5.341932994930260747e-01 5.100999165829517290e-01 5.252963994904857881e-01 4.926080202904842276e-01 4.854089714242496578e-01 4.850358198284951405e-01 4.896874456838764544e-01 4.718460817762419879e-01 4.682050264428204711e-01 4.914916346190102980e-01 4.704977875777333618e-01 4.821720904149393583e-01 5.044436609602818145e-01 5.082147943860844119e-01
6.723081679711540026e-02 2.435298682549001670e-02 2.454778769580807929e-01 2.908911814499561266e-01 1.000000000000000000e+00 2.852341570294165685e-01 4.261213242524465317e-01 4.791786493759681576e-01 4.269005777426956305e-01 3.945024086071638458e-01 4.349869718865522206e-01 4.475220676786766938e-01 4.721394826869523276e-01 3.183148951124829540e-01 4.817420853915493351e-01 4.871540505532855336e-01 3.968313557004927161e-01 3.623488070057845345e-01 3.767109200135433933e-01 3.563810665723554094e-01 4.064088881770927530e-01 3.936866328781489233e-01 3.569086925656833609e-01 3.801852233888716737e-01 3.730804127795309677e-01 4.036859398535064813e-01 4.207810095046003451e-01 4.104778507868698800e-01 4.046383192636813231e-01 4.127202517510754620e-01 4.410098858771335228e-01 4.338092443848504676e-01 3.779953114673835213e-01 4.357772111586263319e-01 3.978538418458399950e-01 4.428247856244732494e-01 4.240167291291985774e-01 4.480116672765549479e-01 4.567196389819322966e-01 4.218927607169944971e-01 4.698258614291830337e-01 4.728099367664299058e-01 4.716017103606899297e-01 4.820464988820228891e-01 4.627707047544153407e-01 4.617672622371842839e-01 4.741951224291205413e-01 4.648430908295672626e-01 4.597070917221312003e-01 4.490155212845783894e-01 4.746343473504081034e-01 4.563259480724088935e-01 4.646169746476179752e-01 4.487461254177185777e-01 4.394421431647074772e-01 4.338837142568880423e-01 4.508885510302705346e-01 4.735703204741832928e-01 4.683122543615937938e-01 4.836217554794742246e-01 4.876678706330485058e-01 4.722138039086010708e-01 4.561781841528655401e-01 4.783526889238687851e-01 4.747663228015101544e-01 4.753096436950388082e-01 4.808126633869656552e-01 4.779300507728824754e-01 4.722293577048430890e-01 4.998714317187735179e-01 4.759240565071407580e-01 4.809411157881749999e-01 4.750254992913948704e-01 4.610063678027959133e-01 4.817673671984757378e-01 4.708852261807378037e-01 4.734178717041639950e-01 4.720833189657007711e-01 4.879765393031559872e-01 4.856613082553828953e-01 4.722845928533366822e-01 4.845231760868611293e-01 4.694663050446110097e-01 4.669023595305581420e-01 4.711485136369708560e-01 4.735970556672934317e-01 4.821639482169918223e-01 4.702650135678547727e-01 4.786295772931384862e-01 4.571487165188353186e-01 4.631290583378510628e-01 4.789067912044397413e-01 4.832827077514908476e-01 4.810381893277634324e-01 4.803535657567222783e-01 4.735502465092996660e-01 4.593853321840908888e-01 4.726940846301018184e-01 4.840516051802076780e-01 4.801003869855616224e-01 4.802168023195927393e-01 4.721441453291375101e-01 4.786543746429570700e-01 4.892467420666095634e-01 4.834328304337527360e-01 4.693233840245654154e-01 4.739340764785126559e-01 4.694024204870953509e-01 4.732144909878632233e-01 4.805826420212294670e-01 4.726544561660196986e-01 4.842161221085262701e-01 4.768746611894371656e-01 4.792581204546594864e-01 4.808322435287405994e-01 4.801233960083183816e-01
1.475138989937236911e-01 6.640514880406274412e-02 2.782174041438508216e-01 2.811739377226170622e-01 2.852341570294165685e-01 1.000000000000000000e+00 4.855630950800066126e-01 4.578348292773676276e-01 4.985091698400506144e-01 4.467917342518785695e-01 5.074593196537147133e-01 5.064549102047437579e-01 4.719553532223463299e-01 4.023703305826082377e-01 5.304938236281104835e-01 5.144335868943428203e-01 5.043145404185092051e-01 4.265285236259458990e-01 4.890883470944128453e-01 3.711965684169062918e-01 4.418019363415454648e-01 5.064135836251913991e-01 4.499355026282561565e-01 4.495335241961386230e-01 4.972741121302851064e-01 5.376891161586060397e-01 5.369921480621374643e-01 5.382924959152757260e-01 5.121988673317079410e-01 5.205993876457769565e-01 5.416870267194892064e-01 5.145146137066308745e-01 4.787578634776327724e-01 5.118077597098104059e-01 4.923000598792195426e-01 5.353170323743874359e-01 5.386457559450892330e-01 5.459640630716314780e-01 5.549933286825887713e-01 5.346758831696446501e-01 5.543963651753653910e-01 5.522183774007149992e-01 5.396402536609418155e-01 5.669894425617415523e-01 5.488620024247832241e-01 5.608749983239472714e-01 5.387498684886780076e-01 5.399383751828030764e-01 5.404763060797699303e-01 5.362214786888263029e-01 5.507574657467496637e-01 5.044883838319248470e-01 5.160621994254473988e-01 5.506506171093797919e-01 5.575306478467999538e-01 5.453090872066276296e-01 5.445949431633254623e-01 5.514253973272262854e-01 5.553751140991337598e-01 5.475591839217702761e-01 5.447142398009827691e-01 5.490689047029879699e-01 5.448435921634373624e-01 5.409450986987511811e-01 5.468727653421461277e-01 5.518122657476525195e-01 5.473910194404335572e-01 5.538756274457169448e-01 5.337584915339673719e-01 5.402288966546660021e-01 5.557741541921967787e-01 5.671826672664863622e-01 5.396558911437083772e-01 5.582595559252587769e-01 5.665620377231965765e-01 5.612226613593105373e-01 5.598094776616905355e-01 5.496793384919521630e-01 5.581005551693170030e-01 5.618078234035269736e-01 5.600134754226606670e-01 5.588042012147701465e-01 5.384470464079459395e-01 5.476589465969111670e-01 5.408864795199364028e-01 5.446005197154818456e-01 5.575351414594442723e-01 5.465285659933004636e-01 5.542471820501085888e-01 5.444126079452188405e-01 5.462391755551049277e-01 5.526300246658355508e-01 5.526475116913194263e-01 5.599400678756258909e-01 5.418522997599541924e-01 5.374478995894601541e-01 5.380197109874593764e-01 5.393406313414349507e-01 5.447433764001259338e-01 5.445711962630008784e-01 5.453550511452696092e-01 5.466196449907040344e-01 5.352102334000276018e-01 5.545818505618437255e-01 5.475936192711454709e-01 5.416992976302346108e-01 5.436405208269226019e-01 5.491648243147969621e-01 5.536952658412478412e-01 5.443449636197480457e-01 5.438308951484550624e-01 5.417815203606091146e-01 5.434871350628195374e-01 5.426832300156121391e-01 5.453078868806949808e-01 5.453435556746218937e-01
1.689310169265873518e-01 1.428064180181841392e-01 3.924668298795757071e-01 5.295740400524144853e-01 4.261213242524465317e-01 4.855630950800066126e-01 1.000000000000000000e+00 7.258002755350677626e-01 6.952447646758955768e-01 6.084085303105069009e-01 7.160280910036728175e-01 7.584290650188254546e-01 6.773798930199018686e-01 5.542064981314532846e-01 8.239566043753835389e-01 7.720639073222721471e-01 6.621638725408339754e-01 5.570956216780034165e-01 6.172256942254213952e-01 5.440377192167226150e-01 6.023660145035691915e-01 6.607163032828723415e-01 6.252706284102882428e-01 6.375617071649190004e-01 6.403277285454039847e-01 6.960800533945663560e-01 7.294318419479511872e-01 7.375712435239494269e-01 6.736232348993799190e-01 7.211548566058266774e-01 7.517481654308100225e-01 7.449959672890121842e-01 6.879048979685523646e-01 7.333708021508968944e-01 7.045530254954234239e-01 7.427335050572626551e-01 7.351287966921463690e-01 7.585757453680525009e-01 7.687187631035163893e-01 7.523701099399394687e-01 7.730174547209507363e-01 7.629211815124921081e-01 7.699208376671656806e-01 7.866907849141682174e-01 7.720806768669550291e-01 7.657236748817102256e-01 7.514046747727637365e-01 7.547781066911610770e-01 7.506776752835686572e-01 7.473347752727406146e-01 7.621599585492860873e-01 7.218742795819866886e-01 7.368526157687201872e-01 7.536240273126985079e-01 7.422598412231230514e-01 7.482049985018242033e-01 7.527834048318371440e-01 7.535376112836420504e-01 7.498084975339545100e-01 7.562447762109575367e-01 7.626298708651753078e-01 7.460128733076187846e-01 7.409699099539419631e-01 7.536644458129636570e-01 7.485585376841058514e-01 7.668573349650082971e-01 7.626835202984023621e-01 7.558775397836997589e-01 7.595577796590383679e-01 7.506717569514658184e-01 7.513692437190373496e-01 7.598021204786394867e-01 7.554051876715619507e-01 7.534750085112433826e-01 7.714281179401113464e-01 7.735559005838243962e-01 7.685714597104816859e-01 7.472923015339646424e-01 7.653867326043422015e-01 7.636283900228435506e-01 7.644140583016462154e-01 7.737539821915772054e-01 7.609946158332657751e-01 7.535256207787212057e-01 7.583168084333338221e-01 7.606480513333930826e-01 7.731790216410306948e-01 7.641966425196419221e-01 7.703099767889535210e-01 7.673508945194623676e-01 7.646887274588829442e-01 7.666942566552664706e-01 7.701354071982704497e-01 7.745895621443635859e-01 7.473525054541456658e-01 7.503491939483850626e-01 7.533804037901699058e-01 7.452080560058156333e-01 7.513306626697892066e-01 7.564156962850761001e-01 7.595965951470574629e-01 7.537085963914840203e-01 7.500725815972737465e-01 7.632644564382232710e-01 7.639638036789005993e-01 7.552256466460676165e-01 7.510894327974603213e-01 7.551605038138464732e-01 7.635302099690854938e-01 7.477420692797960289e-01 7.449391294031849631e-01 7.471996390693641521e-01 7.443192762046906275e-01 7.517715261393197457e-01 7.483901590030060946e-01 7.589131877126618075e-01
9.907126898873243326e-02 1.011985367011007386e-01 3.441183871893385149e-01 5.243923354091679645e-01 4.791786493759681576e-01 4.578348292773676276e-01 7.258002755350677626e-01 1.000000000000000000e+00 7.057176515447567411e-01 6.242043050456147490e-01 7.261302472784836315e-01 7.758421693717117984e-01 7.252268650132963623e-01 5.698317078750347875e-01 8.063261029022725790e-01 8.229658128719551380e-01 6.657944571675031842e-01 5.071925201354304802e-01 5.976655975322766601e-01 5.392403657810096451e-01 5.933418208261168614e-01 6.445992180437319918e-01 5.833622384233080327e-01 6.127269482653594501e-01 6.193438072711227038e-01 6.397039225952912966e-01 6.900816802693707785e-01 6.746000482676113297e-01 6.195141018609858774e-01 6.785071595609061257e-01 7.141540852029414355e-01 7.402324757468849992e-01 6.521071061144999570e-01 7.343781276874778996e-01 6.746141421739600963e-01 7.297204898062086276e-01 7.090949156259289676e-01 7.608045021948850462e-01 7.751282831607885226e-01 7.461347109359122154e-01 7.759815245052281707e-01 7.733072833163262549e-01 7.961693171192942842e-01 7.936504021019986643e-01 7.711142413700807774e-01 7.609844464568207290e-01 7.891252935057591067e-01 7.838574609188797560e-01 7.876353568627955104e-01 7.725291082787484331e-01 7.979127925014477540e-01 7.638133688349392214e-01 7.816475114754783959e-01 7.603741217990177548e-01 7.351427430286978648e-01 7.464232418478712328e-01 7.657441804366873495e-01 7.817680994113355153e-01 7.765648803050471116e-01 7.861219280722383518e-01 8.017388515675867300e-01 7.727662300522637473e-01 7.668571149022687106e-01 7.873206685276112893e-01 7.764165514339356200e-01 7.875860866137120997e-01 7.887521410494540142e-01 7.686397913260077930e-01 7.777411140686938396e-01 7.756368490204937904e-01 7.753984979576495906e-01 7.799217787788473855e-01 7.760352947856715700e-01 7.686727810003599615e-01 7.796894347314977658e-01 7.779626904414446154e-01 7.750729058371250701e-01 7.536873688423296747e-01 7.788807362443009863e-01 7.713546107776435568e-01 7.740155245252068328e-01 7.883199535201208530e-01 7.870263587711582298e-01 7.668935085637581528e-01 7.863961480670593751e-01 7.890306708697955029e-01 7.918880337263989322e-01 7.895999113299317917e-01 7.933347135035678788e-01 7.774124964072834931e-01 7.853296201409701860e-01 7.934753330900264912e-01 7.939266253394675621e-01 7.957151705812023357e-01 7.905903848506208309e-01 7.866548548100440463e-01 7.856950428252078567e-01 7.838422283190930040e-01 7.981409890157039611e-01 7.979030524619304954e-01 7.990724908532494952e-01 7.887254442216951045e-01 7.916888973891016423e-01 7.998540326316110338e-01 7.976329788755370798e-01 7.784519242282644802e-01 7.872982754616029144e-01 7.802524611322086967e-01 7.836598777154415441e-01 7.872719897178052095e-01 7.840913947392915695e-01 7.899076405190326167e-01 7.826793093924283573e-01 7.897263831485317187e-01 7.843152819329791692e-01 7.917137076818295816e-01
3.007769305873199128e-01 2.375801865611717467e-01 4.189729255592082313e-01 4.489774708279803961e-01 4.269005777426956305e-01 4.985091698400506144e-01 6.952447646758955768e-01 7.057176515447567411e-01 1.000000000000000000e+00 7.193363588353662852e-01 7.984518127513822172e-01 7.810964320214770495e-01 7.175690939782677358e-01 5.979431421861750584e-01 8.111728657179340107e-01 8.049720801258081204e-01 8.060205724142109895e-01 6.515906110178800725e-01 7.119298327738566856e-01 6.101276761581995167e-01 6.581102673298468986e-01 7.244411807482982191e-01 7.430326552002084473e-01 6.751663268135266183e-01 7.102533722370614200e-01 7.942595542619802496e-01 8.153293238773553497e-01 8.188603674118679621e-01 7.847148217171484585e-01 8.003402965183564755e-01 8.240518856334172471e-01 8.247085252302436276e-01 7.631277675698793228e-01 7.992681767691054429e-01 7.893296739573963938e-01 8.176925921298704436e-01 8.182144667429618323e-01 8.484601687713868579e-01 8.548521900389245420e-01 8.002299706234430321e-01 8.567829489843136193e-01 8.468505149678298149e-01 8.356751959480723801e-01 8.595627503842497852e-01 8.324792774188611855e-01 8.616973849783721162e-01 8.349408892029959173e-01 8.477680995242696804e-01 8.448383472405487371e-01 8.326525985420618614e-01 8.434648537972327942e-01 7.868417391601227884e-01 8.025968916239397677e-01 8.697467801918927766e-01 8.557375597684269142e-01 8.490797926396594919e-01 8.589940795038358834e-01 8.493868497077546875e-01 8.461646527223655179e-01 8.560707393222833916e-01 8.549853717304191081e-01 8.544851913784745623e-01 8.421900493412821653e-01 8.532989742100266506e-01 8.545867442542885994e-01 8.668243835846317635e-01 8.536161112517071103e-01 8.536073567070213697e-01 8.517780593510889675e-01 8.438234801500983373e-01 8.296351607351641899e-01 8.519994915788424716e-01 8.319343322991298306e-01 8.327126196765620714e-01 8.603832878264788819e-01 8.657235191844426803e-01 8.551805287595055649e-01 8.541815194280736323e-01 8.531550767995160767e-01 8.579140876753154066e-01 8.636483111272909019e-01 8.602119555712683940e-01 8.530586776070733235e-01 8.526251257156776120e-01 8.403350741292550108e-01 8.439231178998863880e-01 8.601145417553597294e-01 8.480366585094712972e-01 8.565413717283121287e-01 8.562804223087092659e-01 8.395286118377662810e-01 8.472414934087599825e-01 8.438876858945916215e-01 8.529711789666715172e-01 8.319434173450649395e-01 8.406389005396737168e-01 8.348285169993112653e-01 8.439640678419186859e-01 8.411842847515498267e-01 8.376961082655369761e-01 8.366874469117946411e-01 8.472020652103625649e-01 8.308000931092278663e-01 8.456395292503040562e-01 8.498817958683549945e-01 8.606322533227828142e-01 8.491041667686382022e-01 8.531147168511477030e-01 8.589894478333401917e-01 8.417019748058628403e-01 8.372922495675493293e-01 8.430855114583734045e-01 8.426107475650099765e-01 8.484730089994774183e-01 8.481726938078754108e-01 8.532004918475403210e-01
1.078880878321390596e-01 2.620073574551484152e-01 2.643236129395495904e-01 3.256403172003596858e-01 3.945024086071638458e-01 4.467917342518785695e-01 6.084085303105069009e-01 6.242043050456147490e-01 7.193363588353662852e-01 1.000000000000000000e+00 6.935049745477638306e-01 7.050409875595685660e-01 6.796030282889301555e-01 5.887986827263048673e-01 7.414779272387929110e-01 7.451263776167603714e-01 6.807163248867758032e-01 5.134855202055713663e-01 5.791224370622242157e-01 4.322489576215552964e-01 4.935006757217552109e-01 5.724686106883621894e-01 5.881918190018985415e-01 5.360758831274106129e-01 5.900437765457443584e-01 6.838563103357671036e-01 6.899739544227468935e-01 7.060898844668753727e-01 6.756759446066317176e-01 6.794812728259432832e-01 7.184056605595375844e-01 7.199764621978173018e-01 6.463219194555739344e-01 6.880474824797359057e-01 6.816687080358434514e-01 7.086059018700282541e-01 7.088511200137952439e-01 7.722418471155229058e-01 7.734114873921302813e-01 7.182499681734006991e-01 7.850378449185518859e-01 7.837509054665195984e-01 7.521439469511767006e-01 7.755024932231862067e-01 7.426564203609711257e-01 7.778535708755908162e-01 7.888167558725820427e-01 7.950185727386157586e-01 7.724126203899144283e-01 7.472450600986860758e-01 7.796735719535003994e-01 7.203458779611741081e-01 7.447182034780516213e-01 7.905240405578765062e-01 7.630493051933390225e-01 7.683808296749495836e-01 7.635952053936750916e-01 7.972398839297805129e-01 7.833088819678823977e-01 8.000571811001774281e-01 7.869884763455228249e-01 7.984935533637406158e-01 7.842342561903017373e-01 7.926241029747070899e-01 7.796619198924694683e-01 7.810456109154324533e-01 7.896326824325600180e-01 7.701036529434898137e-01 7.737601056772980268e-01 7.356721420326931549e-01 7.480134154465694074e-01 7.753349487978136167e-01 7.494020381622451543e-01 7.598762102049483325e-01 7.890593757772269567e-01 7.906743750875694365e-01 7.943496558972407140e-01 7.868248387878902239e-01 7.891608967324428292e-01 7.915623709553685217e-01 7.929194497859315405e-01 7.968160742754065717e-01 7.841891382248147302e-01 7.850841520988809386e-01 7.757552376780161296e-01 7.814215943650965057e-01 7.907647261523904625e-01 7.957559005207524017e-01 7.971435256260490654e-01 7.885550333093530595e-01 7.811157257332900228e-01 7.959652245123607361e-01 7.871750207935399590e-01 7.954981694637572875e-01 7.929662817115273876e-01 7.965385615739158931e-01 7.644859907193118920e-01 7.713654747009470736e-01 7.898932482467324601e-01 7.870829354548728451e-01 7.860284352031725597e-01 7.914144277894442636e-01 7.793456481435928618e-01 7.911443459581940507e-01 7.859224836049172325e-01 7.858272595112200110e-01 7.893062128400730737e-01 8.037127600140977490e-01 7.985136452285396258e-01 8.021271609859041973e-01 7.977582999187520230e-01 7.991122240677831501e-01 7.986226426440000692e-01 7.980978024373263091e-01 7.885047793305405284e-01 7.895189767755136367e-01
1.558908044387014302e-01 1.605784462175775251e-01 4.782881540755120620e-01 5.486396149331613792e-01 4.349869718865522206e-01 5.074593196537147133e-01 7.160280910036728175e-01 7.261302472784836315e-01 7.984518127513822172e-01 6.935049745477638306e-01 1.000000000000000000e+00 8.343620040729605725e-01 7.540085690057962697e-01 6.255596817426331002e-01 8.321441844893160411e-01 8.336155434942725817e-01 7.944921307234384944e-01 6.488272082529589202e-01 7.419935088098892351e-01 6.073808913937278620e-01 7.028411331949759866e-01 7.856787516310760333e-01 7.220110130180777963e-01 7.208927809764708039e-01 7.618606838211450238e-01 8.210189589728910109e-01 8.534159677109867115e-01 8.279820251938655451e-01 7.803789963923636330e-01 8.382123326665026353e-01 8.635504980685543286e-01 8.361090466538620980e-01 7.809372418360867041e-01 8.211756682566602183e-01 8.072571500766198005e-01 8.554083515957663364e-01 8.480937299494309967e-01 8.305306868729996905e-01 8.629799205138667384e-01 8.362669765337225058e-01 8.825769842317678915e-01 8.612467637831086043e-01 8.702259328352696111e-01 8.884784332250027505e-01 8.857335839889508566e-01 8.673729863666501672e-01 8.555893077158325255e-01 8.602927364974972679e-01 8.518931066916967110e-01 8.432091464966269267e-01 8.546708557147500995e-01 8.280701493713789052e-01 8.407493002783548164e-01 8.660575009710903549e-01 8.540154633154576347e-01 8.568255036089342802e-01 8.608741122512646449e-01 8.623188359272161430e-01 8.585413836376861729e-01 8.673395848053621071e-01 8.738791117692300547e-01 8.576707879182363659e-01 8.460627620964434881e-01 8.570757048855761617e-01 8.689948748158546898e-01 8.787330586941185517e-01 8.650868773594881933e-01 8.680405696174849917e-01 8.607723947488196137e-01 8.580033195344689556e-01 8.772449276317951794e-01 8.797334849735067852e-01 8.620833335705797573e-01 8.723270388369958050e-01 8.915554827116547454e-01 8.938853712491164893e-01 8.739046192812125469e-01 8.637040590241212845e-01 8.791065710072338835e-01 8.804531165583362462e-01 8.816297693575889660e-01 8.893828174909651496e-01 8.649891064927398565e-01 8.668212114814710656e-01 8.560831333509424379e-01 8.669781075056487429e-01 8.870905320787140225e-01 8.570317199839857514e-01 8.697528561893312915e-01 8.700544198964341724e-01 8.710043530011982726e-01 8.698699890144883096e-01 8.817138266473024677e-01 8.749991673749063503e-01 8.533751806440267318e-01 8.568876791389755665e-01 8.559724795611266535e-01 8.526235136927959868e-01 8.624745947308605221e-01 8.557695049631264261e-01 8.630994778995622063e-01 8.562812229515933682e-01 8.604671510408745672e-01 8.704969735310954526e-01 8.710810851790627973e-01 8.642867400697620273e-01 8.591651808193816464e-01 8.672800040047230485e-01 8.720755243172672033e-01 8.549616113390352545e-01 8.519396288704425002e-01 8.597773757656563820e-01 8.542845369014934187e-01 8.580163616049945041e-01 8.646293948172558697e-01 8.649793506561728185e-01
4.034221274544751851e-02 1.296316617621783018e-01 4.019602461014898931e-01 6.498704355459556936e-01 4.475220676786766938e-01 5.064549102047437579e-01 7.584290650188254546e-01 7.758421693717117984e-01 7.810964320214770495e-01 7.050409875595685660e-01 8.343620040729605725e-01 1.000000000000000000e+00 7.977362147385502755e-01 6.625153366937521771e-01 8.865184581357675730e-01 8.818603716991921804e-01 7.599470519595493689e-01 5.194960528285404999e-01 6.397856058477866537e-01 5.622715274852241318e-01 6.483412640980003028e-01 7.222917722755669567e-01 6.452696354770017795e-01 6.418271450259340760e-01 6.790894650212785377e-01 7.612308400489692373e-01 8.011851687626483365e-01 7.766737659559888041e-01 7.203744247743212314e-01 7.689605124065318487e-01 8.305300615974926526e-01 8.259693560771881327e-01 7.428966002801659085e-01 8.078298859023912426e-01 7.657696052340957626e-01 8.349067780079978407e-01 8.105637529587349510e-01 8.451747186332722039e-01 8.645659352316215074e-01 8.622118953715549594e-01 8.975151478742495748e-01 8.704005773772608423e-01 9.039736382801162318e-01 9.069519004710698828e-01 8.914094644158876424e-01 8.677126408537372271e-01 9.056715142404224705e-01 9.011905785420007975e-01 8.939154389787027366e-01 8.776071071288706893e-01 8.907354917992810206e-01 8.785921203400816060e-01 9.042714675800574975e-01 8.772686069736024272e-01 8.414115739266971872e-01 8.606611136961210828e-01 8.808443528780182108e-01 8.864568076605344737e-01 8.825028530278219430e-01 8.992553253694670623e-01 9.048697433699788295e-01 8.834589536506940455e-01 8.750741392193106538e-01 8.964158054913519136e-01 8.897742050786868750e-01 9.040869888586549052e-01 9.011210123649502357e-01 8.637372699237582108e-01 8.762807515078606668e-01 8.646853556240273742e-01 8.870928495535550518e-01 8.845583006239456925e-01 8.649632923298492537e-01 8.664263625359114318e-01 9.002845482299988156e-01 9.016363200703253478e-01 8.849100085889429756e-01 8.647418245820526206e-01 8.931973530882255652e-01 8.786494003348999104e-01 8.835219806378374896e-01 9.062744926533389256e-01 8.937778086180321324e-01 8.704087228419361555e-01 8.895124089339138118e-01 8.908543015908717555e-01 9.044989230876223640e-01 8.918266789138844519e-01 8.982785909490206278e-01 8.909544248251730636e-01 9.048900851487848840e-01 9.060767840920250782e-01 9.165143341246539954e-01 9.053892291082252797e-01 9.014574397885638524e-01 9.049338814209153536e-01 9.019978743698814361e-01 8.871682277843770947e-01 9.002149671381924900e-01 8.954023550764290684e-01 9.050131859938003176e-01 8.935910032662650604e-01 9.134649018592874148e-01 9.093456459086022292e-01 9.093010565175224658e-01 8.876236478747244751e-01 8.974157500226841444e-01 8.992430141179932335e-01 8.988087186923620076e-01 8.930818671306185452e-01 8.907961195429470180e-01 9.004865373884733959e-01 8.938091687816681619e-01 8.945020823584787228e-01 9.014974721301867167e-01 9.055271183122874934e-01
1.460178080641473704e-02 1.018705605860973640e-01 2.973020807448463199e-01 4.751994032736268636e-01 4.721394826869523276e-01 4.719553532223463299e-01 6.773798930199018686e-01 7.252268650132963623e-01 7.175690939782677358e-01 6.796030282889301555e-01 7.540085690057962697e-01 7.977362147385502755e-01 1.000000000000000000e+00 6.264826235758716999e-01 8.212839894327271795e-01 8.366293416125224480e-01 7.088940149831411963e-01 5.203125587604469082e-01 5.988676535019732405e-01 5.119011392505411484e-01 5.858213234484707099e-01 6.344621382337414239e-01 5.932682074064452582e-01 5.949738380067164378e-01 6.204392266295654101e-01 6.725932145854752742e-01 7.035820341820716584e-01 6.955893991817214683e-01 6.522555717751166160e-01 6.894693896394945565e-01 7.383921617622588585e-01 7.657092541770041949e-01 6.674337852080457489e-01 7.397917713734791789e-01 7.007266232879031387e-01 7.516401587078461732e-01 7.353491666043359132e-01 7.966573935276970442e-01 8.091938876839400718e-01 7.727361055458601413e-01 8.277553369732293387e-01 8.194028134563919874e-01 8.284238617156417517e-01 8.340997383058832426e-01 8.045310820431672560e-01 8.115534677890878790e-01 8.534797078817165650e-01 8.499061805887312415e-01 8.309659537498249593e-01 8.072257102569276865e-01 8.338583514197644986e-01 8.120154699574460011e-01 8.325473705694397264e-01 8.207981974279002779e-01 7.844752425226950709e-01 7.969283844479631007e-01 8.127465282581349815e-01 8.396734012010261816e-01 8.288020895689804934e-01 8.495968265015940712e-01 8.546611845634700666e-01 8.380733262795796445e-01 8.293278013868485843e-01 8.454351089626495064e-01 8.356204426396690588e-01 8.382915857377694069e-01 8.491835353332536362e-01 8.229567104228067143e-01 8.299193279773022791e-01 8.160356629425457031e-01 8.275379025866030913e-01 8.331164503735513094e-01 8.186964197669079901e-01 8.197369409788854977e-01 8.343768063784434696e-01 8.344350580667939665e-01 8.298673849316269280e-01 8.103870955397900477e-01 8.394176065067848747e-01 8.242211731421682508e-01 8.300132163120017559e-01 8.435398171583986526e-01 8.410928100407811803e-01 8.257218940551159791e-01 8.404666487496565974e-01 8.429561646324120749e-01 8.451826138268058175e-01 8.457768004051053889e-01 8.499276895106570029e-01 8.330186684451513779e-01 8.400819823147681609e-01 8.536397914713993451e-01 8.523061377600531507e-01 8.510964400976454014e-01 8.595920864090427216e-01 8.567687032541558834e-01 8.384507238229303994e-01 8.367697980239409139e-01 8.545294201947478685e-01 8.496664793214745437e-01 8.531134388279772995e-01 8.481120743480007329e-01 8.545462756134952764e-01 8.564639802665879875e-01 8.551684393139479257e-01 8.358273444186972156e-01 8.480660843129791404e-01 8.505047149649338500e-01 8.459927607244762671e-01 8.542715079128265776e-01 8.494879310218900192e-01 8.592208890217064576e-01 8.520012171782757049e-01 8.531930618093540586e-01 8.519068784240203529e-01 8.530351565556104632e-01
