1.000000000000000000e+00 1.195294921305213032e-01 4.172893649290663337e-02 2.877896707893496525e-02 3.485359778724861010e-03 2.633019751341501152e-02 1.424444672814322195e-02 1.248518838264291164e-02 9.304640321346478726e-02 4.496037524299765359e-02 1.091973446331092647e-02 8.933940854641582788e-03 2.518300730438289420e-02 -1.105217377472063854e-02 1.226401107973093887e-02 -4.402390381137961418e-03 8.449478360155744661e-02 -6.021936135515791599e-03 1.627642302826946830e-02 -1.544499046098298585e-04 2.632379250368880458e-02 2.715335655188031577e-02 3.735894658377306252e-03 -8.779135057460803887e-03 1.606363816357196661e-02 3.212162656112257930e-02 2.106276416504719237e-02 1.140803986870236528e-02 4.801184414811183326e-02 5.401738948434636062e-02 3.815033962349504565e-02 7.633940792695591109e-03 9.089979770308665580e-03 1.797462124447448545e-02 1.517135562537254637e-02 1.235620910328045878e-02 3.790548859926664085e-03 -1.897338701067793204e-02 -6.482739462289315718e-04 -4.603831831841573990e-02 1.326355889369592103e-02 -2.231789142835148565e-02 -5.276617172697082442e-02 -8.625791383321109937e-03 5.876506910192670890e-04 -1.480621381212160470e-02 1.124848078966753963e-02 6.809053218619347259e-03 1.706815707219602393e-02 3.511893078429921284e-03 3.992369054613698065e-03 2.659439293396490336e-02 1.014802052310950602e-02 4.705594822767383530e-04 -1.262414887153568213e-02 -1.358835916809928747e-02 8.013604584219971572e-03 -3.994390305398139510e-03 -1.949812533104619897e-02 3.110931717784732459e-02 9.881084477661714917e-04 -4.044734954852396286e-03 -1.886275141959789514e-02 1.538765715836289127e-02 4.948964525795681441e-02 3.529357668942389309e-02 1.228393919876468073e-02 -3.781343241338467817e-03 1.915411483375734514e-03 -6.552089128077595061e-04 5.098805575297556646e-03 9.699485335175415945e-03 -1.062644477905767826e-02 3.346332129160045545e-03 9.394198641255804838e-03 1.164470611555842514e-02 9.196685153719892300e-03 1.870717776812912819e-02 1.567237703115613445e-02 1.651849361254735873e-02 1.442286720201022866e-02 1.344163697752876786e-02 8.847511562976261706e-03 1.121954121752675657e-02 -7.229746409415893334e-04 8.532427368386513332e-04 -4.487977450373038107e-03 2.731071716278529824e-03 -3.277936025397132705e-03 1.133336623867197464e-03 -2.725508963223597855e-03 -1.106141726746219999e-03 2.427051024427045404e-03 -6.517925966008191775e-03 6.097589261654770380e-03 5.648003079574647617e-03 2.098013834805552511e-03 3.869318368668095420e-02 6.586543879046298684e-03 1.038564311538791099e-02 -1.304816423131272517e-02 1.199756411745451362e-02 8.590913104000261896e-03 3.669390857533659771e-03 1.797990534031762219e-02 1.453199924363920460e-02 2.011066354214486804e-02 3.289349280971597556e-03 6.930172541231727906e-04 9.602672219193957720e-03 -3.098503376318082012e-03 2.397079909837493417e-02 8.539594062634974642e-03 2.005129485152069152e-02 3.057359588430711220e-02 3.362933688160298085e-02
1.195294921305213032e-01 1.000000000000000000e+00 7.245109254403215952e-03 9.745632604214606032e-02 5.641372303703035690e-02 1.000392688009160702e-01 1.636822218028532172e-01 1.342555377017381757e-01 1.742458985649443792e-01 1.669363945774741675e-01 1.324366371511719043e-01 1.273246720441972568e-01 1.374229965805852383e-01 1.158427727893161646e-01 1.504683932467927032e-01 1.453258481610927300e-01 1.265866758821876381e-01 1.102622198696718708e-01 1.409206554438856285e-01 6.812128488052127118e-02 1.258424155887492291e-01 1.303135281169677528e-01 1.352244727114728373e-01 1.303188782330231832e-01 1.317186064497210818e-01 1.545697014675020686e-01 1.430874252651458123e-01 1.443393125378924502e-01 1.495102146559998402e-01 1.605986053608196296e-01 1.626335312151282186e-01 1.430928175261081958e-01 1.433409513025703241e-01 1.422285899645616414e-01 1.420363754135136602e-01 1.256495072027519477e-01 1.487575992611156750e-01 1.404052135023893810e-01 1.378556883833917113e-01 1.312707775134195620e-01 1.492705310602067403e-01 1.386114267086870910e-01 1.051577491393075880e-01 1.423740082281778896e-01 1.509424322925189410e-01 1.430694728375313807e-01 1.526199539471649047e-01 1.469998205214272380e-01 1.536450753204969544e-01 1.141487449399380127e-01 1.337703786270827422e-01 9.843895462135232588e-02 1.374155437116879319e-01 1.483154625043557884e-01 1.329670207187692577e-01 1.401446102441505637e-01 1.287679715568041117e-01 1.456873381210869456e-01 1.416797925590133900e-01 1.587945532253109693e-01 1.354309558545697401e-01 1.453715006781462760e-01 1.307553332715890027e-01 1.376682818579735568e-01 1.472288051069250980e-01 1.494801097288880609e-01 1.467378290280830500e-01 1.432397478644832634e-01 1.471024316022877254e-01 1.352701018826193424e-01 1.396842615696821666e-01 1.454881743149280815e-01 1.395079893050421016e-01 1.403346468702452998e-01 1.499182105309178892e-01 1.526316374528380870e-01 1.420751886077353532e-01 1.521289158354107440e-01 1.477946845398572517e-01 1.544663788140690497e-01 1.484468634357848094e-01 1.514659038599197316e-01 1.380508113053796893e-01 1.501032230522368061e-01 1.331261103242576960e-01 1.388748002570741602e-01 1.400187996991402450e-01 1.499057540810853906e-01 1.419715022887066691e-01 1.487943733275614300e-01 1.468795408623463916e-01 1.465403649432522881e-01 1.452492732535041187e-01 1.440885125133873068e-01 1.491373570976609053e-01 1.502201234929741724e-01 1.361433654555808392e-01 1.368361715072174689e-01 1.426202110379853893e-01 1.412725693820993389e-01 1.264571974411873578e-01 1.428277729792624406e-01 1.407332157547621920e-01 1.434005339621189923e-01 1.337545224414782297e-01 1.410529324023470088e-01 1.486384292932528550e-01 1.510153925359978277e-01 1.514384492814289662e-01 1.509210059950355509e-01 1.504482927755991795e-01 1.535032794789722987e-01 1.534972991328544811e-01 1.450481696255051522e-01 1.486476431991662628e-01 1.507956932246799775e-01
4.172893649290663337e-02 7.245109254403215952e-03 1.000000000000000000e+00 2.635388558012080606e-01 9.619094797556365650e-02 1.443018543623474093e-01 2.268615883382559262e-01 2.350117864686831481e-01 2.255041448663499537e-01 2.169456498523151533e-01 2.350510410208420942e-01 2.689958212070860943e-01 2.233092380644952080e-01 2.178532634778778121e-01 2.803791624981558650e-01 2.732345148620858311e-01 2.575814399857994097e-01 2.567022824358262123e-01 2.684044215739019301e-01 1.991573492207792395e-01 2.728976511251536285e-01 2.708155849212268151e-01 2.717756043705290003e-01 2.649016349318042418e-01 2.703127601189691531e-01 2.696121290017952643e-01 2.712544454750419054e-01 2.701989424027291808e-01 2.508804446735103388e-01 2.581345539720508730e-01 2.709540549490833117e-01 2.793834023379917486e-01 2.719573853536772501e-01 2.764955946226596017e-01 2.710833979325074083e-01 2.857914860665350387e-01 2.599931332958147490e-01 2.872815630175609147e-01 2.826323620645103118e-01 2.796943028567214218e-01 2.860712303311275795e-01 2.814882243064423806e-01 2.772283364599496536e-01 2.812838118828422940e-01 2.845625523673315782e-01 2.706083737267191980e-01 2.711454267839221166e-01 2.730156053775904534e-01 2.773905429577635529e-01 2.787179563168638019e-01 2.827546840662884531e-01 2.720905468305943598e-01 2.710987820942855619e-01 2.728214705989315259e-01 2.728406586280259227e-01 2.785452625379145619e-01 2.764435759367131484e-01 2.770081508087740008e-01 2.747600505387379766e-01 2.739386837237584027e-01 2.824201860978190481e-01 2.719821793358251916e-01 2.781777062453131277e-01 2.830216120899896604e-01 2.746966828415807194e-01 2.729058686456209415e-01 2.758847437698805360e-01 2.802097336403858718e-01 2.721113404204636987e-01 2.681377611429274777e-01 2.844433822636815989e-01 2.801153331167067217e-01 2.739785108784334455e-01 2.767941215498426755e-01 2.755745517860486160e-01 2.757929954747672108e-01 2.729353183379360503e-01 2.673514478104234149e-01 2.761095734712629146e-01 2.697424134062438861e-01 2.734080622327316190e-01 2.730084325698649006e-01 2.841630524210499997e-01 2.772012488353139958e-01 2.821229730520453116e-01 2.780610652650697956e-01 2.809066934596235465e-01 2.818156425131184140e-01 2.795000990640694738e-01 2.790354632200474638e-01 2.747824241302247450e-01 2.750188631027691288e-01 2.777811421793053848e-01 2.756785418499846374e-01 2.733478867255382250e-01 2.753174793752928839e-01 2.846797604507757540e-01 2.835579789718048471e-01 2.792928697597419352e-01 2.791123301871042961e-01 2.765956505694669998e-01 2.853173596869080786e-01 2.811869671189184405e-01 2.816031718142862905e-01 2.868650585391095409e-01 2.846075214891516381e-01 2.782673372847913607e-01 2.771694795125110855e-01 2.785443604344806645e-01 2.792227757111583331e-01 2.829699204742749941e-01 2.769642075626315147e-01 2.806026717692503003e-01 2.811293665738611725e-01 2.797190799727006794e-01 2.781515372677422770e-01
2.877896707893496525e-02 9.745632604214606032e-02 2.635388558012080606e-01 1.000000000000000000e+00 1.978897096183301341e-01 2.796673920447841910e-01 4.587301423477058160e-01 4.184504524066780529e-01 4.385972908766405109e-01 4.346568514523637128e-01 4.346946665809339749e-01 4.992820754771966629e-01 4.233537642487489872e-01 4.342956108635806500e-01 5.048306518672009968e-01 5.007804536745881219e-01 4.740523838485681263e-01 4.608549438869471437e-01 4.760259487806987044e-01 3.966050938613251420e-01 4.832071051869429312e-01 4.868243078528253776e-01 4.789029443952809717e-01 4.734344411302089384e-01 4.712146525982688350e-01 5.032800185644216162e-01 4.976540482140771049e-01 4.943852769902894462e-01 4.930334339830267920e-01 5.067882200659269420e-01 5.185494855890755428e-01 4.959800149965639116e-01 4.815928990760255379e-01 5.167318307279468170e-01 4.963047686931332247e-01 5.013414378243863379e-01 4.992644932398994650e-01 5.058111087231833558e-01 5.154537940050976097e-01 4.891778267007428349e-01 5.152015595038077489e-01 5.084693454475531782e-01 5.022996735349944952e-01 5.192365808912385861e-01 5.155210726181730374e-01 5.151952477893290139e-01 5.178853812608565921e-01 5.129150051554293155e-01 5.154942973930176642e-01 5.039201247548634743e-01 5.191194456388701362e-01 5.129609207923150338e-01 5.146726185123398079e-01 5.215222715107137308e-01 5.206315913183726662e-01 5.280205400255700843e-01 5.222152345180212096e-01 5.215805419139689647e-01 5.182299406953471133e-01 5.200525086390559437e-01 5.252027405359473988e-01 5.170499382113989961e-01 5.231866509342878446e-01 5.199210079571681131e-01 5.246465342702549828e-01 5.279368862958500053e-01 5.176358854930059872e-01 5.193565559799968590e-01 5.212594925265850998e-01 5.074992135257135883e-01 5.209325923081660203e-01 5.177983497038742833e-01 5.166412958494931429e-01 5.131506058177836005e-01 5.184049692882743976e-01 5.162148681254824512e-01 5.152614631676094570e-01 5.169103951547496800e-01 5.266255823684448112e-01 5.200180009776868006e-01 5.211198450649615621e-01 5.160332588188355496e-01 5.262354074526743863e-01 5.268675096410346814e-01 5.151132644460281185e-01 5.195096114967244771e-01 5.167060363273547896e-01 5.243543139412890630e-01 5.203296199838339797e-01 5.302398642418673091e-01 5.158860771139219814e-01 5.183010515840467125e-01 5.199299932811644043e-01 5.198200122906397880e-01 5.153472254567775801e-01 5.154226939211515868e-01 5.141865470001074634e-01 5.274908724257487691e-01 5.183699598899377259e-01 5.160133433906697320e-01 5.136140342780588508e-01 5.286522405302223060e-01 5.115252716424164570e-01 5.223288136300406892e-01 5.279809871946395949e-01 5.241610670556057228e-01 5.207761800091257332e-01 5.223947421889335585e-01 5.234860672559675798e-01 5.191602139911269953e-01 5.265539175628506374e-01 5.220712970289947963e-01 5.243641064743066460e-01 5.230005668686189546e-01 5.199349994144024656e-01 5.264833611264309043e-01
3.485359778724861010e-03 5.641372303703035690e-02 9.619094797556365650e-02 1.978897096183301341e-01 1.000000000000000000e+00 2.152238386196050346e-01 3.540605240650674945e-01 3.479321971561587512e-01 3.532571501312557483e-01 3.293611389499586650e-01 3.401416448755515964e-01 3.703627117992112083e-01 3.676530653401821058e-01 3.662199221048200726e-01 4.159495971715861384e-01 3.942386100085295553e-01 3.696805079994205379e-01 4.073505063747234756e-01 3.984854612624992298e-01 3.894805665789976556e-01 3.956507872541726312e-01 4.068396927570987476e-01 4.032642570044513430e-01 4.110100368683728411e-01 4.203492621396022755e-01 4.234680357688340724e-01 4.114081031260684584e-01 4.120080142072430895e-01 3.841424469525519525e-01 4.062536385242128123e-01 4.171000054072381835e-01 4.168824994720968236e-01 3.742269367994143781e-01 4.058803569335842631e-01 3.941901671071488256e-01 3.882396227410589429e-01 4.214669370504439683e-01 3.847696336287423358e-01 4.180767991216274293e-01 4.093352090960557521e-01 4.267265073014206433e-01 4.156271459402849922e-01 4.092966038640056259e-01 4.242213452310046318e-01 4.362300411956566148e-01 4.071390308790150403e-01 4.149085177013168702e-01 4.185567733740825913e-01 4.094622135466312596e-01 3.825151824776308884e-01 3.858653298028368317e-01 3.996016656240219400e-01 4.250697289584299821e-01 4.043423458050282027e-01 3.903463882299725296e-01 4.148771190780176643e-01 3.647639812495478973e-01 4.097513038033185895e-01 3.833465281730806251e-01 4.242376878405164642e-01 4.147004881916092067e-01 3.820671031493406145e-01 3.757658166558051627e-01 4.061109821923368779e-01 4.162054498430891591e-01 3.872639411130134879e-01 4.206642951820673271e-01 4.255409113798470089e-01 4.271569239016594910e-01 4.295418250550623318e-01 4.266657885480151235e-01 4.232528188195222585e-01 4.280013496310964283e-01 4.344905165508850531e-01 4.250215819473635581e-01 4.217489273898427649e-01 4.263659615561642413e-01 4.145021121376869511e-01 4.234895764250793393e-01 4.248495983777232921e-01 4.218089037946942677e-01 4.256245621588926054e-01 4.188468693019506417e-01 4.207417427697144330e-01 4.212807036310564079e-01 4.227487006289238347e-01 4.268042901271735245e-01 4.211191597187567415e-01 4.268965968814637524e-01 4.190634444292357652e-01 4.278652003372025447e-01 4.312453057040080973e-01 4.272676602886663066e-01 4.226812634912102684e-01 4.218824566717241376e-01 4.202327677413358331e-01 4.120036095323054148e-01 4.057060808412890629e-01 4.196193169225641006e-01 4.277948088399859961e-01 4.318914171822570980e-01 4.067397678617645784e-01 4.297538511682272300e-01 4.312282881842374183e-01 4.180013000269938162e-01 3.925335233053043327e-01 4.151089472053168805e-01 4.190637344340097936e-01 4.153138373526692462e-01 4.208097865398942594e-01 4.115156213976414179e-01 4.283500984440393178e-01 4.067158912445354435e-01 4.205947874467536596e-01 4.204565383888961838e-01 4.135145865940669241e-01
2.633019751341501152e-02 1.000392688009160702e-01 1.443018543623474093e-01 2.796673920447841910e-01 2.152238386196050346e-01 1.000000000000000000e+00 4.226183185544156173e-01 3.518033972931418063e-01 4.326310817494216643e-01 4.000941142231072556e-01 4.093395687985196263e-01 4.566509558364785781e-01 4.098770440419906014e-01 4.215570168468661394e-01 4.790172473425929889e-01 4.477406432008526616e-01 4.350973650149058125e-01 4.104296243194163196e-01 4.468423839315376345e-01 3.604501338695224599e-01 4.282745739635053228e-01 4.501041682394494869e-01 4.338690781676998176e-01 4.311146771005408551e-01 4.423698986424933199e-01 4.718530377484601579e-01 4.704919395829892936e-01 4.599862611275667423e-01 4.390007100851882060e-01 4.590447648540363357e-01 4.837514014072272772e-01 4.653007122795707606e-01 4.267668346010233815e-01 4.665173044938559221e-01 4.565571143401188081e-01 4.529940537445342197e-01 4.694584219121193946e-01 4.545654106342798539e-01 4.832014443668417036e-01 4.632646220607700149e-01 4.843482622671682059e-01 4.792886281892110856e-01 4.655201770469351574e-01 4.844220837888009168e-01 4.872810871633020402e-01 4.794434306034065507e-01 4.984784851956107765e-01 5.001168602742059877e-01 4.894011782663319488e-01 4.523458040961274018e-01 4.743278169559897450e-01 4.488175713046586024e-01 4.827050824041171362e-01 4.961563732173666641e-01 4.837427520172938866e-01 4.896123393095385690e-01 4.709254360808429740e-01 4.958036530468444281e-01 4.836442210660076846e-01 5.050583293311466937e-01 4.946257651217740303e-01 4.856680630616516670e-01 4.788510042139812461e-01 4.889079503494550005e-01 4.883045513800517434e-01 4.871440826125330581e-01 5.021333267298344616e-01 5.015224988185337240e-01 4.964197537009844563e-01 4.880560737814755301e-01 4.932141994862553891e-01 4.941608103125285645e-01 4.967117697884881333e-01 4.960602772486403800e-01 5.000486212380433892e-01 4.978763697568246438e-01 4.947588806142456108e-01 4.874067777452600891e-01 4.938874816779340038e-01 4.993740832256748918e-01 5.013523550546944429e-01 5.035959319190967953e-01 4.910389083063984583e-01 4.947913034235805751e-01 4.850785878822294062e-01 4.946827646084588359e-01 4.965486974672352338e-01 4.959760444674659596e-01 4.990244383803584816e-01 4.993675142827675439e-01 4.951545032807260771e-01 4.986799129351790483e-01 5.001637180962253959e-01 4.972611625088178000e-01 5.009741267559797429e-01 5.019450616650189545e-01 4.836222886901719309e-01 4.854114095439348020e-01 4.974405420314504389e-01 4.899634472511001926e-01 4.947241909014759575e-01 4.948003306637916987e-01 4.910031332180861963e-01 4.986412709803303422e-01 4.906683213429096635e-01 4.896471574968239704e-01 4.969852866989144524e-01 5.019541432371461553e-01 5.000122024139216359e-01 5.021887683262515889e-01 4.998997428074705707e-01 5.059614018475532271e-01 4.979817612117780623e-01 4.976891651757283097e-01 4.945146883240590929e-01 4.986937993686403336e-01
1.424444672814322195e-02 1.636822218028532172e-01 2.268615883382559262e-01 4.587301423477058160e-01 3.540605240650674945e-01 4.226183185544156173e-01 1.000000000000000000e+00 6.258749538156458403e-01 6.573911895855543142e-01 6.279433750033035500e-01 6.347390708007630833e-01 7.128663903760906750e-01 6.316666211317505386e-01 6.574992116991620339e-01 7.763575336608989907e-01 7.298347464431906850e-01 6.526062634563180032e-01 6.922845726234153618e-01 7.050472706737672679e-01 6.178104692759394112e-01 7.248655027286889929e-01 7.315323129940890512e-01 7.140704884782097528e-01 7.250340813748286095e-01 7.230209083951016913e-01 7.484762036364008830e-01 7.334420444615008527e-01 7.479959727828133786e-01 7.234882407774660962e-01 7.297893955216879780e-01 7.491839013067871367e-01 7.387544126090921370e-01 6.966953435393624661e-01 7.535581322888246225e-01 7.170686557419383433e-01 7.150037961587779600e-01 7.517503632875761621e-01 7.495499925869013591e-01 7.664969906241161368e-01 7.383209343797370039e-01 7.567123374924104029e-01 7.634912512157387976e-01 7.465212390899432782e-01 7.693178433930337734e-01 7.484255149638281424e-01 7.763564683030578228e-01 7.536886328745446839e-01 7.561181664981214690e-01 7.512201357712200434e-01 7.264704809938884456e-01 7.535584672711242993e-01 7.071263234879682225e-01 7.450822782473131012e-01 7.589131624212355209e-01 7.469217460572439293e-01 7.695397740623184379e-01 7.338337617949832747e-01 7.628789305234370266e-01 7.563979569618003440e-01 7.554486698550262336e-01 7.599265003317059453e-01 7.499317600852565269e-01 7.514557153331147266e-01 7.438591679656950673e-01 7.356633493258940559e-01 7.443435442648765887e-01 7.511811515507360593e-01 7.663347521919060545e-01 7.666932573206929336e-01 7.592922000914730241e-01 7.679861109446609602e-01 7.598385335283478481e-01 7.704793407567992469e-01 7.628446603105387691e-01 7.639634930984040562e-01 7.623124665289615631e-01 7.670495829964102397e-01 7.614110523972320577e-01 7.759727412688199877e-01 7.552592323068672009e-01 7.619103200674318677e-01 7.586155553100627502e-01 7.532874337076159721e-01 7.682060968530163292e-01 7.589161612446359007e-01 7.635043113142359061e-01 7.557864325869494415e-01 7.721983395425021657e-01 7.649084999214729175e-01 7.652697254775355784e-01 7.648547319739722461e-01 7.643982270421804115e-01 7.607139709866054256e-01 7.718387891489522090e-01 7.528194668611154494e-01 7.547425890352503774e-01 7.452190226157261455e-01 7.441379715749556478e-01 7.545942318131046989e-01 7.551769916084513090e-01 7.548380407336851006e-01 7.574752913706925828e-01 7.516187383979201497e-01 7.635395600801694327e-01 7.511475216827414592e-01 7.437961932495290585e-01 7.534691196766478694e-01 7.606428946301118099e-01 7.617104267565136810e-01 7.596385250505420794e-01 7.642653192350284952e-01 7.580835653403690255e-01 7.553332492578637147e-01 7.503432182624560909e-01 7.455070959345180270e-01 7.488575092019454926e-01
1.248518838264291164e-02 1.342555377017381757e-01 2.350117864686831481e-01 4.184504524066780529e-01 3.479321971561587512e-01 3.518033972931418063e-01 6.258749538156458403e-01 1.000000000000000000e+00 6.026446093006813109e-01 5.665281442790895960e-01 5.882981077356342903e-01 6.665053859834935146e-01 6.043096621190189310e-01 5.851181816700830041e-01 7.015650608660434218e-01 7.276958995413558284e-01 6.037244430933954575e-01 6.390481253715029064e-01 6.353589818126944566e-01 5.697169636720911257e-01 6.791460935652960940e-01 6.746050121090559903e-01 6.375898319996636809e-01 6.474172667009214788e-01 6.611773634222649632e-01 6.772994176421471835e-01 6.639982458929839515e-01 6.577779722330020507e-01 6.691299829890995365e-01 6.822310812606771080e-01 6.914282444896643343e-01 6.675108882724173354e-01 6.117957911703131302e-01 6.808486308630877781e-01 6.611307401294218566e-01 6.646390913899136166e-01 6.803651596884934261e-01 6.782945707871779195e-01 7.044682226207089615e-01 6.735100270135364608e-01 6.860055805915371563e-01 7.019954280527475055e-01 7.119837732809706221e-01 7.220492960466675658e-01 6.808902126808628053e-01 7.228213326245496173e-01 7.000603029769529861e-01 7.020974164618700719e-01 6.934718876357910400e-01 6.654008473421798575e-01 7.018536546454604563e-01 6.692335435926840548e-01 6.963232894606286028e-01 7.166303642712653632e-01 7.136470009759856570e-01 7.193237665764973254e-01 7.148951750340934996e-01 7.264473403368253424e-01 7.203638534675731453e-01 7.175708494571436669e-01 7.213491729708038092e-01 7.351557279421638835e-01 7.307419783781011757e-01 6.981862222604715562e-01 6.979661585874091800e-01 7.111832478926575218e-01 6.979467041161779850e-01 7.055729143868221254e-01 7.062743494677636846e-01 7.063430465422001481e-01 7.111360262854529157e-01 7.054537446739138629e-01 7.042773793147965034e-01 7.007060610104127729e-01 7.029391320172663216e-01 7.027990223812792259e-01 6.990081730407963212e-01 7.040477931086253083e-01 7.097294392607922386e-01 7.040620296710868864e-01 7.021525616171464534e-01 7.027165641558335007e-01 6.928428440507382602e-01 7.076784740433270660e-01 6.893571269076810282e-01 7.010728191959136879e-01 6.966884121663785567e-01 7.068567826534282172e-01 7.039374197438368341e-01 7.069099497586089909e-01 6.961525985834340347e-01 7.039617413339730456e-01 7.002507042449716002e-01 7.073886631173496031e-01 6.973171320248297000e-01 7.025353118031398836e-01 6.924750378464592515e-01 6.943663174154868223e-01 6.994471447423669108e-01 6.941143691553726125e-01 7.076342813065926718e-01 7.109204779110346317e-01 6.991599919349796854e-01 7.105451994241379632e-01 6.996457219868607025e-01 7.027230803055176667e-01 6.975506852097386190e-01 7.067099749378227269e-01 7.110800092611490042e-01 7.078642508170421843e-01 7.164689052810210290e-01 7.073184368695614177e-01 7.176505526895362586e-01 6.979777669294610076e-01 6.975599683650740568e-01 7.028715779791511187e-01
9.304640321346478726e-02 1.742458985649443792e-01 2.255041448663499537e-01 4.385972908766405109e-01 3.532571501312557483e-01 4.326310817494216643e-01 6.573911895855543142e-01 6.026446093006813109e-01 1.000000000000000000e+00 7.326307537857223995e-01 6.958673362972486176e-01 7.705355356017803414e-01 7.040096747563195922e-01 7.335031032286105646e-01 8.080408880149596573e-01 7.630939329599311094e-01 7.796401246637463256e-01 7.143756354246065809e-01 7.631107068110448699e-01 6.609017686709929285e-01 7.491152474343388823e-01 7.794417808655808022e-01 7.487174153293537637e-01 7.257566497543440631e-01 7.738222631363090853e-01 8.082906002526175637e-01 8.009796272193012712e-01 7.849097019297068822e-01 7.798947595824582413e-01 8.011102251515874739e-01 8.300519345580132935e-01 8.046040490157877478e-01 7.331184062834580351e-01 8.045788860048245228e-01 7.706828847357802825e-01 7.709990361597122144e-01 7.999607630793146296e-01 7.727559875810280365e-01 8.189045776964805068e-01 7.774601860191987512e-01 8.324159414578767846e-01 8.034247941338408250e-01 7.637401623481820945e-01 8.213402878366368176e-01 8.147356482807116551e-01 8.115907714641267257e-01 8.502217179357743904e-01 8.555335510155225309e-01 8.494783512641698175e-01 7.869099370626821965e-01 8.092831002950717778e-01 7.838783602651939741e-01 8.230835222478248836e-01 8.430653559977533407e-01 8.267370394909914211e-01 8.342637148799444402e-01 8.152157722754075353e-01 8.335957823798582078e-01 8.270025078672434971e-01 8.562578160513489856e-01 8.390608523061474644e-01 8.199096798424329036e-01 8.094601411740830477e-01 8.422651951681988658e-01 8.540297711168961525e-01 8.407944288037388914e-01 8.557530192742391906e-01 8.430985210444881250e-01 8.424017292331562601e-01 8.417100600646977293e-01 8.403932160189236944e-01 8.501819242182049319e-01 8.313563916346833338e-01 8.410328079666007373e-01 8.503355690432460312e-01 8.514206241595538849e-01 8.421613727276296979e-01 8.437843933599247226e-01 8.430288325343907596e-01 8.508474744094857156e-01 8.485293270382446851e-01 8.550551270572930296e-01 8.390678042543364690e-01 8.421529104535753207e-01 8.261331735825329092e-01 8.414176493661467138e-01 8.412835881620166489e-01 8.395066546879157432e-01 8.434304043251720229e-01 8.409378321121714350e-01 8.326730548666102516e-01 8.461553020924136304e-01 8.467538531746562347e-01 8.428296761930580416e-01 8.570754129924481601e-01 8.564222286521411265e-01 8.219963988185756687e-01 8.412003656177547972e-01 8.474274938813933788e-01 8.375561780556874947e-01 8.310454762481276347e-01 8.433038778879148323e-01 8.481656597546319842e-01 8.444161285932856309e-01 8.423046710200433607e-01 8.377868195659630146e-01 8.554480320787423153e-01 8.540370888948489725e-01 8.492380715117519019e-01 8.541944959752318933e-01 8.468890496023534498e-01 8.613784651141598303e-01 8.482918502364779068e-01 8.502995046645923649e-01 8.592399443564998629e-01 8.576239366844575773e-01
4.496037524299765359e-02 1.669363945774741675e-01 2.169456498523151533e-01 4.346568514523637128e-01 3.293611389499586650e-01 4.000941142231072556e-01 6.279433750033035500e-01 5.665281442790895960e-01 7.326307537857223995e-01 1.000000000000000000e+00 6.525215258681349439e-01 7.425986043149536142e-01 6.634982626758088031e-01 6.993724201577520283e-01 7.776981330049065333e-01 7.365180973487865934e-01 7.206987828723362410e-01 6.714949961591190064e-01 7.167919148146922881e-01 5.970340375746264749e-01 7.039713667936825514e-01 7.321624891150344538e-01 7.031300432970415404e-01 6.800612758890598464e-01 7.232105791474414680e-01 7.652443877905907854e-01 7.588726624508295160e-01 7.530684535880285413e-01 7.504046111438732458e-01 7.658621295060443757e-01 7.929255026798042172e-01 7.685907527230144698e-01 7.147524232808862843e-01 7.614664271373112747e-01 7.518793482862713429e-01 7.272374020083079982e-01 7.661468450985982059e-01 7.473096733331661135e-01 7.803140868363955818e-01 7.500960137216048373e-01 7.988622740728067440e-01 7.714118383955080871e-01 7.398372832316116865e-01 7.846454253536210288e-01 7.771587097906006436e-01 7.786366666364183953e-01 8.172940738296964325e-01 8.201037712788571410e-01 8.109797444874922157e-01 7.473425531949862144e-01 7.703004514883736720e-01 7.317522397235091125e-01 7.852353475852691389e-01 8.077801529201726893e-01 7.931722418563796895e-01 7.991883951763935068e-01 7.738194647277548688e-01 7.943872264405348327e-01 7.933083391669737416e-01 8.129813629614524029e-01 7.995010998264312496e-01 7.868871507488504058e-01 7.796600913805568078e-01 7.973259806505709202e-01 8.019236941464655821e-01 7.994555893458775708e-01 8.147442519724649168e-01 8.039781475192949722e-01 8.025389330764735041e-01 7.958228651053844693e-01 8.008578233315978290e-01 8.103684878207558784e-01 7.897833788772630204e-01 7.975077020884315804e-01 8.110362921142127979e-01 8.127247745579886384e-01 8.053275396163263045e-01 8.072115154151809913e-01 8.041227096284060405e-01 8.127308665201273818e-01 8.109904152021523149e-01 8.162996298891553870e-01 7.977553310490104188e-01 8.054795345524169425e-01 7.894781985668454238e-01 8.031229726196342789e-01 8.053974050329558709e-01 8.032211137842149018e-01 8.063550974619534406e-01 8.038008216998847599e-01 7.982251066298653441e-01 8.109668127291201900e-01 8.102554622925953742e-01 8.059821981757511189e-01 8.191809876626623410e-01 8.194083630118949024e-01 7.838610366285224673e-01 7.948591360615091528e-01 8.094538505047493837e-01 7.973727161464617685e-01 7.950918064997442025e-01 8.042020010712496170e-01 8.054355136986640629e-01 8.051046211055549184e-01 7.989616567481332421e-01 7.991061964000435447e-01 8.157180135781902930e-01 8.166446735907060273e-01 8.146065906423002323e-01 8.149490206681354598e-01 8.115220841882164748e-01 8.181952586488292489e-01 8.132361749638198356e-01 8.069443957043125337e-01 8.121371499783301973e-01 8.166510932380859344e-01
1.091973446331092647e-02 1.324366371511719043e-01 2.350510410208420942e-01 4.346946665809339749e-01 3.401416448755515964e-01 4.093395687985196263e-01 6.347390708007630833e-01 5.882981077356342903e-01 6.958673362972486176e-01 6.525215258681349439e-01 1.000000000000000000e+00 7.676194841700716420e-01 6.644451403678921508e-01 6.982825575693368814e-01 7.788532345920956557e-01 7.394635483146697608e-01 7.164148660852575068e-01 7.225165838540809071e-01 7.432898572033489470e-01 6.436359311445486453e-01 7.384911349005122139e-01 7.661153162817543327e-01 7.397487202686747754e-01 7.309311442967691974e-01 7.464239946936315206e-01 7.801158395558235314e-01 7.620964748795352461e-01 7.690253484532242334e-01 7.420958219895009700e-01 7.587230854386993739e-01 7.871319142190750240e-01 7.841203018112768985e-01 7.242186876360844350e-01 7.791173050663263711e-01 7.469719592548734743e-01 7.559729187573349662e-01 7.769432981483770373e-01 7.735400358783025565e-01 7.967362880225860033e-01 7.769174831980659723e-01 8.009676662092851673e-01 7.877695183394627376e-01 7.719071453405627059e-01 8.008303182861874481e-01 7.881343085412355620e-01 7.903092790503805087e-01 8.022868319417844063e-01 8.013448980254115339e-01 8.014129649390194787e-01 7.737978732637336154e-01 7.895248422922694909e-01 7.434542902273275633e-01 7.878183261738899157e-01 7.945372267201341598e-01 7.845751962236877652e-01 8.023326892128768151e-01 7.766668327675768646e-01 7.928096098713799389e-01 7.968840663673134594e-01 7.903733567491846301e-01 8.042645670586520135e-01 7.741191670544550485e-01 7.785248826054855797e-01 8.022100640527337623e-01 7.841741061939300206e-01 7.833711205868310046e-01 8.036892265454622652e-01 8.101303265265179521e-01 8.070044388956895132e-01 8.027501155285380330e-01 8.081905624740242100e-01 8.088728900386850107e-01 8.028214709378426184e-01 8.052598632551565272e-01 8.095886658495112798e-01 8.058171860935388064e-01 8.058374100190318634e-01 7.996536879979709855e-01 8.030867394111411706e-01 7.985003734896100047e-01 8.013025015597258216e-01 8.038608548259057462e-01 8.044117989433484661e-01 8.029574159344016193e-01 7.999921204685559450e-01 8.047632260529897774e-01 8.047751539385324948e-01 8.078995183297902338e-01 8.068442089668735884e-01 8.053077716064199754e-01 8.060656109899442257e-01 8.086405418334788875e-01 8.065777797314103159e-01 8.081317165762368360e-01 8.065170504032872500e-01 8.055074624817530893e-01 7.976026214491088728e-01 7.961005264557916572e-01 8.059820009943559072e-01 8.030845603807549304e-01 8.033039219284293653e-01 8.043460053973631174e-01 8.040564746678023900e-01 8.094290318665211537e-01 8.008530466829837380e-01 7.961749406591468459e-01 8.062327045296708850e-01 8.067278613503149343e-01 8.068021304701104013e-01 8.055918168387710132e-01 8.043523341827251150e-01 8.047969072723184514e-01 8.005930643808190084e-01 8.045109766555046393e-01 8.005159646564112830e-01 7.997985445195658905e-01
8.933940854641582788e-03 1.273246720441972568e-01 2.689958212070860943e-01 4.992820754771966629e-01 3.703627117992112083e-01 4.566509558364785781e-01 7.128663903760906750e-01 6.665053859834935146e-01 7.705355356017803414e-01 7.425986043149536142e-01 7.676194841700716420e-01 1.000000000000000000e+00 7.491669455171758862e-01 7.751802121953479396e-01 8.632980358238984131e-01 8.239541593695022259e-01 7.808391266058262170e-01 7.761260177500427515e-01 8.075810850265607854e-01 7.064196759114614865e-01 8.072443256428621927e-01 8.247941889119790870e-01 8.091315457974226355e-01 7.932198764946414293e-01 8.246530960001874355e-01 8.596892551413749528e-01 8.450267292136448560e-01 8.476682086730328303e-01 8.266264140089130130e-01 8.493215302937059397e-01 8.780743083661244341e-01 8.658876280360365829e-01 8.184078334808778665e-01 8.660416376346701250e-01 8.428835704169438392e-01 8.337818364962819029e-01 8.638410648981343920e-01 8.607379141893153340e-01 8.887191246553846069e-01 8.529708831759326149e-01 8.850656714278805071e-01 8.763536310906501203e-01 8.530666443601683246e-01 8.881754334809219831e-01 8.726507576766108221e-01 8.840043851077251658e-01 8.892673904621698489e-01 8.932374715234123741e-01 8.891528543808498997e-01 8.553146301859803069e-01 8.738053781946644172e-01 8.272240928775054236e-01 8.705295367786416438e-01 8.875538967449403405e-01 8.750407338781063249e-01 8.926682940786284659e-01 8.588590730737688528e-01 8.894431077984662481e-01 8.848636586975466845e-01 8.866925757735933944e-01 8.919376590165808416e-01 8.690175744580608264e-01 8.704252247424342226e-01 8.832535174984226245e-01 8.773100173729118101e-01 8.722276833300391941e-01 8.927723559962011946e-01 8.948806868818149907e-01 8.945371938061169592e-01 8.898649691339595158e-01 8.936260324642659736e-01 8.943711363297585093e-01 8.857431371273885023e-01 8.892146827254419073e-01 8.962690352783068137e-01 8.938418685639694106e-01 8.934583231598900444e-01 8.887716790685847856e-01 8.938261031149232760e-01 8.940960442295470267e-01 8.950074314861229396e-01 8.987809016839592990e-01 8.872207366743817269e-01 8.953434629800547384e-01 8.851722928697481896e-01 8.936899372438771305e-01 8.922203448943207826e-01 8.965840891923164691e-01 8.970199127335201084e-01 8.946741604263328540e-01 8.896523292602835919e-01 8.959043807629393230e-01 8.939100389938937630e-01 8.961473854803233552e-01 8.963027115523501953e-01 8.960718332824403332e-01 8.764067000251076767e-01 8.782534493769496020e-01 8.913154231320946641e-01 8.878137420461946760e-01 8.888051630329412145e-01 8.904868769519491689e-01 8.897738256894129893e-01 8.972822638125248496e-01 8.866031243844020304e-01 8.783899800599515029e-01 8.935974253387115596e-01 8.974081056522223987e-01 8.975594617908796424e-01 8.947992172822867296e-01 8.965092879014395777e-01 8.953623465951782157e-01 8.924206910775283053e-01 8.889662486133208530e-01 8.891906551897769129e-01 8.898241793924021037e-01
2.518300730438289420e-02 1.374229965805852383e-01 2.233092380644952080e-01 4.233537642487489872e-01 3.676530653401821058e-01 4.098770440419906014e-01 6.316666211317505386e-01 6.043096621190189310e-01 7.040096747563195922e-01 6.634982626758088031e-01 6.644451403678921508e-01 7.491669455171758862e-01 1.000000000000000000e+00 6.995097154928179295e-01 7.920043403855614450e-01 7.568070434073504993e-01 7.090335839545064411e-01 7.078620617515289926e-01 7.386565532237047149e-01 6.560352813851331177e-01 7.276812237438097242e-01 7.532462521349045925e-01 7.293036201165825627e-01 7.237250482342668656e-01 7.585992568405542924e-01 7.768949476026307810e-01 7.582549692287016141e-01 7.638809433718115605e-01 7.398241535472137587e-01 7.644409329441115286e-01 7.913254391462385406e-01 7.786178803360774836e-01 7.224149357473091948e-01 7.786969216247526804e-01 7.538852166793454934e-01 7.457100679623596129e-01 7.716509037779597513e-01 7.594501286481828428e-01 7.946968054377085977e-01 7.661593843751148825e-01 7.999415050478649869e-01 7.903018881558449005e-01 7.699428767301491616e-01 8.040374270362580233e-01 7.906650426430210654e-01 7.908955946689142369e-01 8.093319688307770710e-01 8.114979623761521266e-01 8.037783697116451798e-01 7.608840195394527273e-01 7.778511558616298949e-01 7.457090508474000234e-01 7.883679198774219410e-01 8.014597448075220232e-01 7.871439035582634691e-01 7.997907896029342600e-01 7.621394278065976025e-01 8.041944345117489901e-01 7.881770587340717338e-01 8.070107925736511589e-01 8.058030303223188140e-01 7.786224719330975264e-01 7.747357025340606551e-01 7.968025527969362365e-01 7.963818098010341240e-01 7.856724642646990553e-01 8.122388388856114361e-01 8.145445937691899729e-01 8.143158346888931254e-01 8.127250221975195199e-01 8.119071961495591960e-01 8.134597260797121754e-01 8.079786978188772117e-01 8.111835201660857475e-01 8.142443524940492505e-01 8.160274666094835538e-01 8.092218980372075654e-01 8.089207708901912097e-01 8.115039531711557563e-01 8.164181047881281517e-01 8.150781256655458273e-01 8.177863646399895492e-01 8.031034892434238959e-01 8.136578403554517447e-01 8.030828068596522762e-01 8.159587697439401044e-01 8.121899144123195802e-01 8.096640369064511678e-01 8.145108763328299251e-01 8.084177655162941845e-01 8.074835770601056506e-01 8.149006169077913642e-01 8.117568413020305185e-01 8.123782888886138531e-01 8.160793384445840237e-01 8.180118249186875135e-01 7.889916907785710087e-01 7.921690962458038943e-01 8.099279751384098613e-01 8.058394310039097563e-01 8.092420628929377635e-01 8.024647370070543406e-01 8.088319900270561913e-01 8.160345801346789996e-01 8.039917306878142655e-01 7.905490794527465503e-01 8.094015269872595342e-01 8.144896026046525295e-01 8.099787187755300710e-01 8.154320954557042755e-01 8.113254092131089168e-01 8.156594549509769143e-01 8.053293017684493016e-01 8.068371624217022253e-01 8.109959510985765840e-01 8.087005611646398417e-01
