1.000000000000000000e+00 3.788858373388489381e-02 6.800224293919114593e-02 8.077839754742009715e-02 -3.208220671525368640e-03 7.073328749956334267e-03 -1.076856807591156963e-02 5.774360511650663760e-03 3.983522768466261216e-02 1.529996193790769329e-02 1.063339623445930596e-02 3.736733911999697011e-02 1.635536426959021544e-02 1.072749370826627663e-02 1.520262872872245666e-02 1.435812364066010871e-02 1.826870786179485978e-02 -2.696121723541705065e-04 -2.959290789120583992e-02 4.267818635045172310e-02 8.664698923718379756e-03 -2.113210035152732549e-02 7.138698032278819119e-03 -2.656797416637841913e-02 -2.809580018326367570e-02 8.544301089798082838e-03 1.285445267770866408e-02 -5.331162417749900177e-03 1.929760901557055555e-02 1.364783504044157769e-02 1.107963442866314284e-02 -4.597792074242013430e-03 -2.152282477067337871e-02 2.893410070967770194e-03 1.216257535933060706e-02 1.115898078279179903e-02 -8.083206332566189763e-04 -1.235354511296929240e-02 -5.676623658888011641e-04 -4.406475208099602109e-02 -2.297912735841351004e-03 -1.404917825377197983e-02 -3.072238120937905922e-02 4.173108077243568338e-03 -1.283906363483645983e-03 -7.088326431440183754e-03 5.100023767771379862e-03 6.842353535376678557e-03 1.109517675226656154e-02 9.322922339850900006e-03 1.739761062619828852e-04 4.054267946279496021e-02 1.759713529721019035e-02 1.406368283199649002e-02 7.024350286544089189e-03 7.332242041218198225e-03 3.800895936918360918e-02 2.923954927445260223e-03 -4.296480225774934429e-03 1.774558679327816607e-02 2.703584531477355377e-03 9.910386003557525997e-03 1.518480878668754426e-02 2.546912355346492296e-02 3.273434502043887778e-02 2.763347949420031854e-02 1.206430274804269100e-02 -2.202156935922510751e-03 -2.856646206727199606e-03 1.084230679866733313e-02 5.257654929578399992e-04 -8.378227036083971124e-03 -1.116445007729582536e-02 -6.657334530539707647e-03 2.201741375537145332e-03 3.049027448179624216e-03 -4.817775945154637550e-03 -2.337390049187306092e-03 -5.045180796480926155e-03 1.080881945665930315e-02 -2.228849291298554483e-03 6.592762159294410403e-03 1.250260630187868295e-02 -1.755930569755442209e-03 -7.155651365562252413e-04 8.368417912868766862e-04 -5.669659615601610990e-03 -7.344851128361102460e-03 1.591071376516544613e-03 -5.929861780044550466e-03 -2.207766559793838262e-02 -7.631123308423985209e-03 -3.377161099951002713e-04 -4.219434930565361085e-03 7.140917636602008185e-03 4.171189526132727289e-03 2.537754888380519894e-05 3.783449259326319980e-02 2.100638082760772352e-03 -9.167013868531720183e-04 -1.529578930433068626e-02 9.239946809138322933e-03 1.026852825522253654e-02 2.649553620351702537e-03 7.920027601568268780e-03 2.535604653521326274e-02 1.562082945012935840e-02 7.123449342430676276e-03 1.856093875521121163e-03 9.334707237268088237e-03 5.864847448772494282e-03 1.493117795829634713e-02 1.208494370382395301e-02 1.907111413489998020e-02 1.837561287570151775e-02 1.945621267838880744e-02
3.788858373388489381e-02 1.000000000000000000e+00 5.868879131318038150e-02 9.117871092782250941e-02 1.107748986879834863e-01 5.900914714117633936e-02 1.647747538456175442e-01 1.246620668220100453e-01 1.324270847232484338e-01 1.508559089267013376e-01 1.320530835639718570e-01 1.480233843500049495e-01 1.367157275890630297e-01 1.326717224636199122e-01 1.564854402206284356e-01 1.616950675875803989e-01 1.193271710218511000e-01 1.182327457863683873e-01 1.048547066920785115e-01 1.192775474450858825e-01 1.022081034933582655e-01 1.064134780939657160e-01 1.317448270253049059e-01 8.307965609777440141e-02 1.038891738201724452e-01 1.482874758008435601e-01 1.424008794023949032e-01 1.501095210209227315e-01 1.652007433498608180e-01 1.622983752048201833e-01 1.562687104086741829e-01 1.344670811192930360e-01 1.388803355343798396e-01 1.114658720077483095e-01 1.383278776671570953e-01 1.384770406924236696e-01 1.459157589493215446e-01 1.477011188754223103e-01 1.470470121929736695e-01 1.459906899644037859e-01 1.500657758346220505e-01 1.523950839492996812e-01 1.483919476999780718e-01 1.540933591514293544e-01 1.497286117278777973e-01 1.575532077212528914e-01 1.498466034480120668e-01 1.530326585541127160e-01 1.485246119800724685e-01 1.219735585033456110e-01 1.407685430394217119e-01 1.269394300522817542e-01 1.482987639244927325e-01 1.513670902557739950e-01 1.350627480369668565e-01 1.476308739018215577e-01 1.368708442531813008e-01 1.485507866176299929e-01 1.420892966126405255e-01 1.554021014730807282e-01 1.522406269515765576e-01 1.544961271627161570e-01 1.414259219964682235e-01 1.550074120764388941e-01 1.415172658520136573e-01 1.531943622373276026e-01 1.497729480158552229e-01 1.477845094501904766e-01 1.484399317945600816e-01 1.460907304631541559e-01 1.452512355611867423e-01 1.440953150106262792e-01 1.377541585240049937e-01 1.384479941289599725e-01 1.552874881259253825e-01 1.510454941869737722e-01 1.574604831309874831e-01 1.641398124201803865e-01 1.571643195221529010e-01 1.502979726053845499e-01 1.492089982707055784e-01 1.523407823035741737e-01 1.493393615527896234e-01 1.536378719571709073e-01 1.410681769505765792e-01 1.389429022149175075e-01 1.495286840422099528e-01 1.475324550599766693e-01 1.506047172685484326e-01 1.503959813921033617e-01 1.459825530393943360e-01 1.537674289498476843e-01 1.514795272144630611e-01 1.538586322000480844e-01 1.513157360493891102e-01 1.526322340413630851e-01 1.275209017540243628e-01 1.318460699087309618e-01 1.465717739445779044e-01 1.460634502481381325e-01 1.484584034803185792e-01 1.380988607594061113e-01 1.457880725556043866e-01 1.513352531754225960e-01 1.433508036878581582e-01 1.392824209310648265e-01 1.459056933818073387e-01 1.522093371191899080e-01 1.504411136659054848e-01 1.529603367623189325e-01 1.423080187008231579e-01 1.522245503100882746e-01 1.510699560146786802e-01 1.540479627568181742e-01 1.498298527670660629e-01 1.508909037975611767e-01
6.800224293919114593e-02 5.868879131318038150e-02 1.000000000000000000e+00 2.869713673817219646e-01 1.560355000251743840e-01 2.135792247896206031e-01 3.309861362970425436e-01 3.152143014763502116e-01 2.752907510994903606e-01 2.932114673907131874e-01 3.384611022769445365e-01 3.639767382760599190e-01 3.115074901756541559e-01 2.870656453552378751e-01 3.526829022072606179e-01 3.555608477602146822e-01 3.390342826311438795e-01 3.184053307307385117e-01 3.113962435621160374e-01 3.160914270816603810e-01 3.058027664005505408e-01 3.220014513305609061e-01 3.235546426601877967e-01 2.819322542810872578e-01 2.993074234779343756e-01 3.470821815767498042e-01 3.498448653905982253e-01 3.675919528431005334e-01 3.640909633613029217e-01 3.752450455281339803e-01 3.661645660628368715e-01 3.594247104954468863e-01 3.493947880016751162e-01 3.583086177570883324e-01 3.537581565121659666e-01 3.711852501037536389e-01 3.457797530675357778e-01 3.573186379198319274e-01 3.644406775691071965e-01 3.581943601313141712e-01 3.579224013037034524e-01 3.615638017436617613e-01 3.582291680856757865e-01 3.695734757519894553e-01 3.669293303673287765e-01 3.625076467056282392e-01 3.533818445314193535e-01 3.562982968632298353e-01 3.595968489121789124e-01 3.598008447168203339e-01 3.611410286948956716e-01 3.765663580368776020e-01 3.556882289217934145e-01 3.524200810532799322e-01 3.493274978969952982e-01 3.627798025743221855e-01 3.551493648334543840e-01 3.569663339291730408e-01 3.547362013999909580e-01 3.603555329639892557e-01 3.589490766989429926e-01 3.572458485266957751e-01 3.574032446856721390e-01 3.589343557054264222e-01 3.671688224999483663e-01 3.552000873593031405e-01 3.536599178902859464e-01 3.546084866930466206e-01 3.571215691192828889e-01 3.588850490372016977e-01 3.519482614135199805e-01 3.529848428231961988e-01 3.504677267101802829e-01 3.505759230032458595e-01 3.568982614140194243e-01 3.601629840691446538e-01 3.557444331426939943e-01 3.602092087073260895e-01 3.585774627101535605e-01 3.653030224095289991e-01 3.603721502682881717e-01 3.613600491557529826e-01 3.660849040156629597e-01 3.611176941686179420e-01 3.600686594333866730e-01 3.607821287166629309e-01 3.580783213931048592e-01 3.652747049498601406e-01 3.626246420187440034e-01 3.575157627995369514e-01 3.531185555959843181e-01 3.544403032446211688e-01 3.636998079617199120e-01 3.577821652942708153e-01 3.563933256029452878e-01 3.550930386070866307e-01 3.561294505871133720e-01 3.595922765233601215e-01 3.545740072423978484e-01 3.560426552031152325e-01 3.608169901631038679e-01 3.602561938449015400e-01 3.617733913432697457e-01 3.621062603224902143e-01 3.644007139790875760e-01 3.588978374519878889e-01 3.572152407434731614e-01 3.573022342245662508e-01 3.588512325747700293e-01 3.610295451400183930e-01 3.620550668994422794e-01 3.582938540886707601e-01 3.621572136603420922e-01 3.648951980210574098e-01 3.624316544453327626e-01 3.572083097298420218e-01
8.077839754742009715e-02 9.117871092782250941e-02 2.869713673817219646e-01 1.000000000000000000e+00 3.341605964717089816e-01 3.563700821386689421e-01 5.408758823516414127e-01 5.132232664914714304e-01 4.994462680053019521e-01 5.120929080028596703e-01 5.526176858089559829e-01 6.234854800777794859e-01 5.438855938577121796e-01 5.057020506900044010e-01 6.059168252592239678e-01 6.061499161955662407e-01 5.301776285948307521e-01 5.493833314740735885e-01 5.404641971806468659e-01 5.307696134988255654e-01 5.356080001379953659e-01 5.433616101560920786e-01 5.801539462732747676e-01 5.082644539425698049e-01 5.302256851951634431e-01 5.895167559557067394e-01 5.828113075974834523e-01 5.913029603943366075e-01 6.062028140133803866e-01 6.217447267570794800e-01 6.182689593662337169e-01 6.089988608079326404e-01 5.808446086039786849e-01 5.944379962232334558e-01 5.940316213143557178e-01 5.883590733344755686e-01 5.989084344053298148e-01 5.989861092464456860e-01 6.161008300193581144e-01 5.828761296377992229e-01 6.011641289981255465e-01 5.999150432367330588e-01 5.906325374645176041e-01 6.163156428102490869e-01 6.069574524830317896e-01 6.056424565172014995e-01 6.081310315000886257e-01 6.090189400247361107e-01 6.187079975220540762e-01 6.059482887666397533e-01 6.121886963671762105e-01 6.044492765917306443e-01 6.081727144522015571e-01 6.137387779437257773e-01 6.111553258004427391e-01 6.097466535198549087e-01 6.213106066442009023e-01 6.103275339194200733e-01 6.121676959686924713e-01 6.129778088563573313e-01 6.121880024734310810e-01 6.164735344604528322e-01 6.207408980186492897e-01 6.151030887069783848e-01 6.067047420238944611e-01 6.165064012002564597e-01 6.070601307626053433e-01 6.136394453895551715e-01 6.151458646018376220e-01 6.074802375548821187e-01 6.114798145076265623e-01 6.045826367851490080e-01 6.044475225604535318e-01 6.060988261072453032e-01 6.077578967751018357e-01 6.096937211856682248e-01 6.088123500625833850e-01 6.141225241960633907e-01 6.110741333770935979e-01 6.199574828178348040e-01 6.123089473595446641e-01 6.158919484264289146e-01 6.184802468751053883e-01 6.151470551307987034e-01 6.126203850313409749e-01 6.114766170469032591e-01 6.086389896985064940e-01 6.123048796269813243e-01 6.134963681393745816e-01 6.090414730370120600e-01 5.974101566122146378e-01 6.091018312315691352e-01 6.112560980516281717e-01 6.117948301725456561e-01 6.110093142541030975e-01 6.111791124138470366e-01 6.097504178212720394e-01 6.210055413345439979e-01 6.141232318624392228e-01 6.085721778051521591e-01 6.060314064577190241e-01 6.219578465260947597e-01 6.123336123959639554e-01 6.148914319348277591e-01 6.119066477718694275e-01 6.273961437888787573e-01 6.157074227338936723e-01 6.101381084682010458e-01 6.110503355099426992e-01 6.146947983762632850e-01 6.157209613305397733e-01 6.155779435517015896e-01 6.221815990760584114e-01 6.226616529261806976e-01 6.134983041131324422e-01 6.178383982332454893e-01
-3.208220671525368640e-03 1.107748986879834863e-01 1.560355000251743840e-01 3.341605964717089816e-01 1.000000000000000000e+00 2.909432592239196147e-01 4.150654664523530935e-01 4.392300301659182726e-01 3.521097749782522435e-01 3.880475470407296901e-01 3.921309642319898980e-01 4.458745849705847419e-01 4.322736126061620943e-01 3.912159320164826926e-01 4.562945342217960554e-01 4.650917569108803384e-01 3.995461104744834069e-01 3.663951279491374224e-01 3.380114412024357029e-01 3.693328797679821807e-01 3.396869744245921141e-01 3.574710469708858862e-01 3.960086543474958809e-01 3.102533744746557853e-01 3.369974836014254516e-01 4.364385230856174802e-01 4.125928970523159989e-01 4.301085840095481005e-01 4.294319318238873362e-01 4.438323251155635862e-01 4.517964260702582169e-01 4.331293149489189864e-01 4.119777689636430762e-01 4.005934942909210594e-01 4.234672733088662433e-01 4.148294942337348856e-01 4.353639653081782246e-01 4.372696297735183535e-01 4.378203053847560255e-01 4.172035331117207591e-01 4.352468524051726351e-01 4.428974775161429456e-01 4.488996891059489069e-01 4.563901457984532173e-01 4.354840615682584182e-01 4.554118768974518283e-01 4.510142842947604258e-01 4.478325275940935879e-01 4.481700485664773526e-01 4.282677424873759797e-01 4.400332081973545861e-01 4.247741860435916283e-01 4.503571401183896206e-01 4.489967196393276350e-01 4.382303968563555086e-01 4.469831912682838970e-01 4.403295456519358275e-01 4.457312350004950519e-01 4.420927749923367345e-01 4.528565536830883032e-01 4.536572858563437394e-01 4.562338520661002317e-01 4.440073523311405812e-01 4.531285275113072775e-01 4.412777355088161046e-01 4.519333189418118235e-01 4.476704151044184621e-01 4.404941250945973996e-01 4.427843082971683053e-01 4.399100744811251240e-01 4.344351246075766615e-01 4.340329620295388935e-01 4.217693432759422323e-01 4.267334465504955543e-01 4.445587204893589051e-01 4.475531868150843251e-01 4.458447658668188152e-01 4.509159404518204295e-01 4.422000427554967916e-01 4.498183433319887237e-01 4.466527029444672392e-01 4.518995533612800153e-01 4.438903340330488390e-01 4.491325716010324820e-01 4.386243602018077836e-01 4.350771812476072475e-01 4.437575859774740561e-01 4.491580919800075566e-01 4.468581487519436291e-01 4.446165377862253409e-01 4.352051595828217434e-01 4.484549088632063252e-01 4.453119637774788364e-01 4.527220391305901703e-01 4.501771334748687070e-01 4.466745349179876978e-01 4.320454664113258514e-01 4.389656762981519744e-01 4.503813862136323287e-01 4.400726837096557986e-01 4.457916949288972530e-01 4.438281259952374658e-01 4.490991783605816634e-01 4.548835401247248167e-01 4.422397146343472474e-01 4.437085979035001460e-01 4.507202427584651727e-01 4.496597515914380061e-01 4.490313608109735011e-01 4.515369779748057977e-01 4.488430244474942432e-01 4.538460447068887738e-01 4.503987200600624297e-01 4.538912257776459569e-01 4.460820984368856212e-01 4.508268410222880385e-01
7.073328749956334267e-03 5.900914714117633936e-02 2.135792247896206031e-01 3.563700821386689421e-01 2.909432592239196147e-01 1.000000000000000000e+00 4.774225264518563994e-01 4.664037004261585850e-01 4.538694245471027733e-01 4.849488472566057529e-01 5.283457058595671940e-01 5.648713023351581430e-01 5.091913220265470441e-01 4.712159409713322367e-01 5.602244327853704853e-01 5.543328475099280617e-01 4.998511000047408670e-01 4.739320089832979588e-01 4.926880574441557248e-01 4.785219590205031515e-01 4.657201085560178644e-01 4.971090932999113199e-01 5.380765372287651394e-01 4.595593010245844767e-01 4.777641080959995623e-01 5.518186070928275955e-01 5.427512788284882816e-01 5.576451435646062604e-01 5.461671455045038481e-01 5.592280851513140583e-01 5.729053593664075184e-01 5.571613096287282296e-01 5.282644366623323595e-01 5.407912239535486165e-01 5.448585147445221821e-01 5.425917935519449786e-01 5.632801687711858074e-01 5.484282139102890641e-01 5.714820018668234081e-01 5.417783164381676508e-01 5.632615306209395323e-01 5.653368337358850582e-01 5.667752700316631698e-01 5.792207234020522177e-01 5.622283999453321357e-01 5.742882430516728087e-01 5.751799634396942418e-01 5.715655939830557308e-01 5.708415985285985039e-01 5.403722922034296383e-01 5.541435288837245343e-01 5.551190095428072402e-01 5.671354436230031659e-01 5.795846846517513917e-01 5.685040361759924332e-01 5.759863040617873020e-01 5.714549993535280592e-01 5.734744513173464231e-01 5.667441579687776398e-01 5.815151754759341207e-01 5.738967386295651396e-01 5.748174595983321922e-01 5.665938776915770969e-01 5.751095141116653320e-01 5.696705080244163222e-01 5.795042497605920051e-01 5.774160712279663432e-01 5.712582354385473682e-01 5.725892353143439140e-01 5.657638595506124801e-01 5.637867255079822559e-01 5.647767867769670769e-01 5.608914633712104303e-01 5.639313193631153576e-01 5.755002756660757557e-01 5.751323098890563923e-01 5.692797258158946994e-01 5.678055023575659943e-01 5.677208481369214743e-01 5.732540380034264471e-01 5.734496437476750419e-01 5.775703565923502314e-01 5.760343128976759264e-01 5.714491836030574090e-01 5.643590576548123128e-01 5.726044052825093322e-01 5.754611717943950433e-01 5.708388016070760074e-01 5.744277868948105548e-01 5.729689501897862192e-01 5.629856919712764585e-01 5.739796002443351419e-01 5.755314052126703217e-01 5.760500001458700448e-01 5.792431729328628709e-01 5.763251409553226123e-01 5.599119797695196743e-01 5.700651505255908136e-01 5.763674699413546820e-01 5.660788613458553886e-01 5.727009731964347594e-01 5.732469944810176798e-01 5.751090850762273776e-01 5.793112860801818975e-01 5.722340989851550930e-01 5.790827323467538923e-01 5.760283932004858221e-01 5.755197054025862347e-01 5.801516172601363097e-01 5.779935538612583912e-01 5.796513980589770298e-01 5.816300313255350352e-01 5.800256797528813291e-01 5.791405666548892217e-01 5.776394856217668128e-01 5.790601957379590825e-01
-1.076856807591156963e-02 1.647747538456175442e-01 3.309861362970425436e-01 5.408758823516414127e-01 4.150654664523530935e-01 4.774225264518563994e-01 1.000000000000000000e+00 6.757980130415083275e-01 6.029795417774439503e-01 6.499472167925807176e-01 7.042778347050555610e-01 7.599578050570280352e-01 7.118903870954738089e-01 6.518118646278625583e-01 8.030505430455129323e-01 7.799071974699708365e-01 6.883836080934681023e-01 7.002602535624102842e-01 7.158850794756187463e-01 6.418972681346368780e-01 6.712888096506994806e-01 7.077720809435371629e-01 7.365994676564558974e-01 6.596203690630281224e-01 7.167450558845699371e-01 7.719019376438602809e-01 7.685018589773882081e-01 7.854796161158381640e-01 7.919700088180867681e-01 7.975915205711937572e-01 7.962606578300416293e-01 7.788146241577873496e-01 7.710219186636625421e-01 7.668497920173290572e-01 7.668597825277653213e-01 7.678382202445197535e-01 7.848880186961491034e-01 7.915451243725434294e-01 7.975440565010706306e-01 7.907781143228378440e-01 7.856746156796176050e-01 7.945396315291880507e-01 7.909518490070253094e-01 8.000159569259565062e-01 7.939549571164302710e-01 7.952067549761617782e-01 7.878555131475233342e-01 7.883138722610109062e-01 7.846971453355465753e-01 7.734594487622757919e-01 7.903493896681834663e-01 7.691779937989541294e-01 7.736318328455202842e-01 7.722881157176486600e-01 7.601400988994807539e-01 7.896605070361849554e-01 7.494871763534367570e-01 7.889548161440465002e-01 7.814654544631342015e-01 7.810581904222207994e-01 7.853181520901350021e-01 7.722355682739450167e-01 7.662475888236751631e-01 7.665442724926151419e-01 7.732384992747208807e-01 7.702130118833186989e-01 7.882778366731935105e-01 7.927450960041075856e-01 7.977935921250735030e-01 7.783050553418351392e-01 7.879509331772942549e-01 7.917391118653205329e-01 7.820128710866803834e-01 7.900236155348432376e-01 7.967395454835194402e-01 7.907819389962221779e-01 7.994440272253039437e-01 8.059417304712062080e-01 8.017177523043400589e-01 7.970172532361676776e-01 7.905818253275591623e-01 7.955808196208072891e-01 7.958165077497258988e-01 7.999139208434956627e-01 7.930719216198576227e-01 7.959929151933708980e-01 7.965825339957586237e-01 8.061776714777814101e-01 7.979918615609393751e-01 7.974056245278517974e-01 7.999360958149794865e-01 8.010446131195285702e-01 7.986021652699738516e-01 8.017362304927484473e-01 7.895135243685469373e-01 7.914560914306050243e-01 7.872284927819762634e-01 7.688393194242276740e-01 7.883807242924527614e-01 7.974540401760128461e-01 7.986866332926156886e-01 7.840681034920556902e-01 7.902319199995671006e-01 7.979624620707234106e-01 7.937363911023009866e-01 7.763302040541941729e-01 7.835433828181688209e-01 7.892350405490332621e-01 7.924954603240136342e-01 7.924201656784665149e-01 7.917542077016815893e-01 7.880351410172025117e-01 7.870977182985789966e-01 7.885114995821568273e-01 7.884392353761934258e-01 7.825718132156781470e-01
5.774360511650663760e-03 1.246620668220100453e-01 3.152143014763502116e-01 5.132232664914714304e-01 4.392300301659182726e-01 4.664037004261585850e-01 6.757980130415083275e-01 1.000000000000000000e+00 5.762205256380016349e-01 6.389801716950732624e-01 6.796915448705945773e-01 7.409269024824527428e-01 6.894015454240997043e-01 6.368486190748414710e-01 7.578914846872044642e-01 7.663106759512324784e-01 6.725703372710805095e-01 6.341092318184861076e-01 6.338808902453643146e-01 6.224626916499711449e-01 6.117097914550581050e-01 6.514592790930794353e-01 6.794989524252457169e-01 5.952086237414286884e-01 6.372887241255110746e-01 7.389128194189015231e-01 7.256347629856774173e-01 7.390843972035193721e-01 7.345548028199613277e-01 7.524680347210258580e-01 7.607182761015284234e-01 7.477322553284527773e-01 7.163655786147172799e-01 7.223463552619041605e-01 7.245429838049777249e-01 7.257550457630892460e-01 7.478648710950630552e-01 7.550108493947585986e-01 7.600392296013223081e-01 7.422023227112271027e-01 7.523612936241425020e-01 7.595900083486870624e-01 7.595901632296493400e-01 7.707371227065520358e-01 7.509638045641099380e-01 7.658366818517768904e-01 7.582796753721992022e-01 7.594559961606816012e-01 7.643551429990828039e-01 7.519875903119737082e-01 7.651912273251595398e-01 7.381734971398232759e-01 7.451137292962756176e-01 7.527469538429828466e-01 7.464811541584873700e-01 7.628544907807887077e-01 7.409049647312115905e-01 7.616602240766024989e-01 7.591102454191251958e-01 7.561075954481003558e-01 7.586085914212866710e-01 7.524999349061490816e-01 7.521546147432112139e-01 7.499283046738961511e-01 7.444704011315127490e-01 7.505123790020740149e-01 7.581475866170046540e-01 7.558337865416938639e-01 7.584103081205534336e-01 7.458415057708187579e-01 7.497884858418641940e-01 7.499301655350029128e-01 7.368999117059198412e-01 7.458677974448525427e-01 7.618200410318367588e-01 7.598494194225023923e-01 7.581076862997033761e-01 7.589200283303848549e-01 7.610721286433317356e-01 7.629677292793946020e-01 7.626465161247328872e-01 7.622118078045787559e-01 7.624770088055876638e-01 7.614544549906698823e-01 7.599860507459740289e-01 7.576362845295414594e-01 7.600285439864002957e-01 7.700674938179394857e-01 7.658417936652199831e-01 7.624409688626045956e-01 7.575815126637240882e-01 7.635136556794748230e-01 7.640158943577888273e-01 7.658195574073862755e-01 7.631631798255590349e-01 7.614491495598119108e-01 7.591874284287533081e-01 7.564117374870356070e-01 7.637967948172786903e-01 7.650241133243035341e-01 7.631856494960223003e-01 7.635116697523723905e-01 7.587310789900743035e-01 7.667998118577740163e-01 7.616749471016863726e-01 7.584739482126870991e-01 7.629089532968603704e-01 7.618876749107029722e-01 7.649253035128840139e-01 7.644892871088669883e-01 7.675284775447527297e-01 7.615381085256193172e-01 7.618463196966303030e-01 7.634382239680557181e-01 7.587936473727301401e-01 7.574179908316672760e-01
3.983522768466261216e-02 1.324270847232484338e-01 2.752907510994903606e-01 4.994462680053019521e-01 3.521097749782522435e-01 4.538694245471027733e-01 6.029795417774439503e-01 5.762205256380016349e-01 1.000000000000000000e+00 6.446936184273265313e-01 6.829441049277148457e-01 7.320473197424494094e-01 6.586202118928430327e-01 6.183229578853756125e-01 7.295389598565774625e-01 7.162880553394522787e-01 6.885343620640319573e-01 6.334195163566981313e-01 6.539118478057278638e-01 6.035109178472288782e-01 6.215325290149478210e-01 6.655242232974045713e-01 6.864329190811614412e-01 5.960145198668288513e-01 6.446252878954840115e-01 7.331360859599719282e-01 7.170310478658084019e-01 7.135664508572591158e-01 7.169259633906890361e-01 7.391320729544597068e-01 7.481517876003952461e-01 7.293700818192794255e-01 6.922429613019634997e-01 7.024890309938138788e-01 7.133865443720008859e-01 7.160086491404170639e-01 7.260576861267148407e-01 7.250984133620766992e-01 7.445892125406371465e-01 7.007260963994532688e-01 7.416999407842773673e-01 7.362906150878555378e-01 7.304635129563301632e-01 7.514172055098166103e-01 7.312751073657499656e-01 7.444696060234446966e-01 7.595598325649619564e-01 7.609205064108104377e-01 7.587818584244084841e-01 7.270995357236950118e-01 7.427691261095893394e-01 7.387698122349165564e-01 7.475188418716037786e-01 7.671524994692843213e-01 7.474373106288911828e-01 7.483889589557858324e-01 7.586299457858722839e-01 7.558950180647550088e-01 7.520841046810394781e-01 7.662852497739912616e-01 7.613476610246888709e-01 7.651837480701679794e-01 7.527695932847670024e-01 7.656012787849736378e-01 7.585991240640227451e-01 7.671047894649068999e-01 7.626691409274812816e-01 7.562585843100114724e-01 7.543654260090885133e-01 7.451426533070216740e-01 7.542230009495709542e-01 7.523766603337727066e-01 7.410101877842120155e-01 7.474544981129669363e-01 7.573355662468597149e-01 7.593662065170125874e-01 7.554511105472337951e-01 7.540031537282647633e-01 7.477262966971429670e-01 7.579421485411547144e-01 7.555511193492039368e-01 7.611229114686964836e-01 7.611338374518522576e-01 7.553196555209584773e-01 7.471018057660127054e-01 7.492857943077573246e-01 7.510646889304510854e-01 7.485912745591425388e-01 7.547864703190562130e-01 7.528358581351235479e-01 7.382786034757178317e-01 7.550861474226890913e-01 7.549948853211493338e-01 7.576604295083665397e-01 7.621198055315341335e-01 7.620601150810542013e-01 7.417515376541162775e-01 7.565833732799385203e-01 7.585514546744477338e-01 7.511728234575210106e-01 7.476599016824487798e-01 7.541799307371384042e-01 7.563926588530647255e-01 7.613049201744394034e-01 7.582888650548086362e-01 7.596158397823822295e-01 7.621443817069858406e-01 7.633710877621012747e-01 7.587818277073190565e-01 7.634682948310149708e-01 7.569263538719505080e-01 7.666674262117233463e-01 7.644751594051418797e-01 7.654384867605216192e-01 7.651975765600699253e-01 7.651882313604656538e-01
1.529996193790769329e-02 1.508559089267013376e-01 2.932114673907131874e-01 5.120929080028596703e-01 3.880475470407296901e-01 4.849488472566057529e-01 6.499472167925807176e-01 6.389801716950732624e-01 6.446936184273265313e-01 1.000000000000000000e+00 7.322681589911229638e-01 7.828598941563080782e-01 7.196771859457551379e-01 6.725271570655027009e-01 7.977882187570065620e-01 7.768030626299232688e-01 7.307496350588181810e-01 6.862775431665266712e-01 6.944328028776790562e-01 6.478956904904153991e-01 6.418709739284960136e-01 7.029121446440319554e-01 7.368562849148584393e-01 6.291702746709288974e-01 6.806342606009088136e-01 8.008363472913075931e-01 7.814543660590413943e-01 7.879893037418669310e-01 7.748606991853015380e-01 8.030592388177790752e-01 8.164267879839396391e-01 7.993132658075635666e-01 7.579575203832087382e-01 7.629063703338602176e-01 7.795749448488688005e-01 7.746945152410936730e-01 8.015080047110718642e-01 7.979541291793038615e-01 8.134310381366507414e-01 7.760583185956902996e-01 8.132424527074102460e-01 8.126202799172004276e-01 7.982495763974891689e-01 8.171707153549582214e-01 8.030655905439386677e-01 8.128901040087498364e-01 8.232426915486238395e-01 8.257444565250273705e-01 8.176353255531194630e-01 7.819659034656685215e-01 8.025666195631631084e-01 7.866130033931352239e-01 7.982542390736383497e-01 8.228119880642419393e-01 7.988001077860665822e-01 8.187184435815719752e-01 7.932605545721491680e-01 8.200501810914534451e-01 8.084095774873389928e-01 8.227510716995173334e-01 8.172631968302157546e-01 8.146721888291291735e-01 7.977575135781560522e-01 8.131712290925219300e-01 8.090366021264115970e-01 8.190400537981596951e-01 8.256091272644103807e-01 8.164114831332897060e-01 8.188934085744449254e-01 8.055086452257238516e-01 8.074771938079916556e-01 8.104797187780684586e-01 7.978564310858410336e-01 8.038715224318089270e-01 8.251991588974886271e-01 8.251376263053101789e-01 8.228980240983443384e-01 8.162006609543355218e-01 8.172935484156685915e-01 8.233617954819043572e-01 8.222398644031722048e-01 8.271926908192295258e-01 8.232938759114636351e-01 8.224071932813908914e-01 8.124534758891189812e-01 8.148707284751043334e-01 8.226198181986424940e-01 8.195788551472515948e-01 8.257809373858011615e-01 8.227844912878994332e-01 8.149928635671365162e-01 8.233913291420765779e-01 8.225748479468726337e-01 8.275655889860867864e-01 8.283852800915536552e-01 8.279009078770735996e-01 7.984387807817299176e-01 8.034479067817822395e-01 8.173368143595226565e-01 8.162387673420006262e-01 8.173702274809454549e-01 8.074254780881371385e-01 8.174351303449621797e-01 8.249311751172849760e-01 8.205529551514889608e-01 8.113413788010220840e-01 8.242940645153987722e-01 8.254848077473320167e-01 8.251447538456437858e-01 8.260113880208230785e-01 8.198459347585721479e-01 8.274646763063376875e-01 8.210388166991379189e-01 8.216040977890854968e-01 8.226693857299232082e-01 8.211117725081329421e-01
1.063339623445930596e-02 1.320530835639718570e-01 3.384611022769445365e-01 5.526176858089559829e-01 3.921309642319898980e-01 5.283457058595671940e-01 7.042778347050555610e-01 6.796915448705945773e-01 6.829441049277148457e-01 7.322681589911229638e-01 1.000000000000000000e+00 8.429632971087319682e-01 7.681290314154832766e-01 7.277608628287509651e-01 8.493019509874778494e-01 8.320090962884304497e-01 7.793189915190885664e-01 7.619383076882521033e-01 7.727034889768413795e-01 7.202132363039360774e-01 7.315528787866711902e-01 7.765344978956982835e-01 8.026095345485801946e-01 7.200291394397776434e-01 7.632320652877343514e-01 8.558436372507230994e-01 8.426557291923343351e-01 8.504674053917129495e-01 8.319820952725541785e-01 8.581159069841522991e-01 8.773624508456853155e-01 8.675799667992403208e-01 8.247773269213202196e-01 8.465602701245510397e-01 8.369290949053431738e-01 8.470967352263322203e-01 8.618011386319699429e-01 8.592097442803272589e-01 8.763307233606344449e-01 8.452079795665570217e-01 8.712402389333572250e-01 8.738068853508379474e-01 8.565914158687364388e-01 8.773942219481094540e-01 8.698539101603915968e-01 8.682427043731483218e-01 8.795583499711921993e-01 8.783193930070678501e-01 8.758331481626229209e-01 8.599379757713850880e-01 8.735453236066029747e-01 8.554634460562509091e-01 8.599663802703333415e-01 8.739263296571655459e-01 8.583509188199863749e-01 8.750002983447423555e-01 8.538647678653735751e-01 8.739716945319613295e-01 8.734313401624808071e-01 8.793958024269016294e-01 8.772043002403178136e-01 8.691304240257632374e-01 8.630873926235282934e-01 8.682733711499414087e-01 8.712421137614674294e-01 8.732820556692717506e-01 8.803502874818742718e-01 8.822625128089908175e-01 8.830918537630337850e-01 8.716765452508133949e-01 8.766866143841941517e-01 8.786693535925768073e-01 8.675020649531274275e-01 8.749909065460034219e-01 8.844343687443977364e-01 8.829355438625143826e-01 8.804201902265708091e-01 8.759390417701512499e-01 8.767586522856861686e-01 8.814395209125071018e-01 8.792766264400257992e-01 8.836832098541038683e-01 8.855115606402553796e-01 8.804864005554466910e-01 8.799830451977954660e-01 8.827397900343936232e-01 8.821873447403234536e-01 8.849366155472730977e-01 8.848324904086631859e-01 8.819394736947272495e-01 8.766251328709858681e-01 8.852998438438620665e-01 8.840937602963534481e-01 8.848664367438336953e-01 8.832240492044194369e-01 8.849102967478110759e-01 8.729596825643256564e-01 8.724942712367111941e-01 8.794120907166799173e-01 8.838353261543359096e-01 8.801748520052317115e-01 8.755530127757710224e-01 8.792057737552227970e-01 8.857014488497935156e-01 8.841921916570686379e-01 8.735604687654922040e-01 8.839264019585904020e-01 8.836796639416235610e-01 8.823264993249591015e-01 8.844581220826430723e-01 8.821283023080148666e-01 8.825373839833564604e-01 8.807764479075600450e-01 8.809588815206614854e-01 8.817910031483927602e-01 8.792704514122736681e-01
3.736733911999697011e-02 1.480233843500049495e-01 3.639767382760599190e-01 6.234854800777794859e-01 4.458745849705847419e-01 5.648713023351581430e-01 7.599578050570280352e-01 7.409269024824527428e-01 7.320473197424494094e-01 7.828598941563080782e-01 8.429632971087319682e-01 1.000000000000000000e+00 8.227256662771111895e-01 7.670889010719819101e-01 9.090497195486421100e-01 8.974272301886726533e-01 8.297356405413325309e-01 8.011165076679964692e-01 8.000574924094371321e-01 7.755782677506942724e-01 7.706606911851626718e-01 8.134093434044470383e-01 8.503034154878110762e-01 7.435771276734706170e-01 7.918601954761970152e-01 9.009018542636403337e-01 8.913356026724024161e-01 8.933511023873618173e-01 8.848053171429938191e-01 9.161636597384609226e-01 9.296473007446043324e-01 9.104280890841937035e-01 8.581464500002757845e-01 8.776086719774400802e-01 8.832521952818291888e-01 8.824373446803001064e-01 9.044062473682082937e-01 9.042738488610407854e-01 9.235975224295009944e-01 8.774241991342699443e-01 9.178127451851000318e-01 9.185492077938464117e-01 9.062151440056921414e-01 9.298631447356987545e-01 9.101551126756329824e-01 9.224172458097119609e-01 9.345318621042915108e-01 9.324872793831462392e-01 9.322846721288962080e-01 9.016755799083597811e-01 9.184315077903542068e-01 9.051001822361560700e-01 9.194788577132640972e-01 9.359288897180499944e-01 9.210126268248937098e-01 9.291852627546750565e-01 9.225830742278331442e-01 9.330907600870782526e-01 9.296806058744077061e-01 9.363311814341988004e-01 9.362557002442525311e-01 9.354535005713380258e-01 9.258909887578984366e-01 9.336674313138930703e-01 9.238747084799332487e-01 9.354723762036935009e-01 9.359382342066018268e-01 9.330334805522630948e-01 9.332840082717980268e-01 9.255714375753988366e-01 9.277265075692522345e-01 9.242099343324327032e-01 9.156196169325233614e-01 9.216504042373074856e-01 9.353253572468246402e-01 9.340929016540003849e-01 9.311874353168496654e-01 9.296854319552856349e-01 9.278430585459120916e-01 9.377596977096314124e-01 9.313620101163038179e-01 9.382810279704342227e-01 9.366116620556262928e-01 9.329892349616224489e-01 9.231062651160032440e-01 9.277664729693052559e-01 9.277619861761333686e-01 9.323178484771590391e-01 9.337765751360502797e-01 9.296294347443423423e-01 9.174991722011817119e-01 9.331658558769132528e-01 9.329320069139626082e-01 9.358688739373752785e-01 9.384135878572290590e-01 9.384109895554932912e-01 9.181245117414156276e-01 9.264823382156966991e-01 9.356556150942726413e-01 9.288123426155924234e-01 9.278151209063900673e-01 9.322610778692326239e-01 9.348420887053628947e-01 9.375141076631123838e-01 9.342927320363257904e-01 9.363348470191953377e-01 9.380813923879739447e-01 9.371337836809646715e-01 9.372974969982380555e-01 9.390931033088250057e-01 9.370011225471841509e-01 9.411592162567904429e-01 9.404044588853345266e-01 9.397588646960557401e-01 9.369295993655284427e-01 9.381460779689951845e-01
1.635536426959021544e-02 1.367157275890630297e-01 3.115074901756541559e-01 5.438855938577121796e-01 4.322736126061620943e-01 5.091913220265470441e-01 7.118903870954738089e-01 6.894015454240997043e-01 6.586202118928430327e-01 7.196771859457551379e-01 7.681290314154832766e-01 8.227256662771111895e-01 1.000000000000000000e+00 7.035378977648452103e-01 8.378732040818260840e-01 8.364651406699623593e-01 7.480064607214784722e-01 7.223987976155844537e-01 7.305714926046257274e-01 6.944235614683141877e-01 6.867406713056219969e-01 7.368210776253049099e-01 7.762169454416806280e-01 6.641886670534157266e-01 7.144153904876352490e-01 8.339969716884635398e-01 8.160950599094423108e-01 8.214594736549039045e-01 8.139920441707332310e-01 8.405440500961450789e-01 8.527718446460766932e-01 8.364028945044652552e-01 7.982134527734063845e-01 7.986823793203656763e-01 8.162686767110461927e-01 8.125884381633304843e-01 8.395437110817788318e-01 8.345865726356586078e-01 8.489191118224602706e-01 8.110631166653643476e-01 8.451344333183862245e-01 8.455336339130181678e-01 8.398194038478971057e-01 8.559558467434106310e-01 8.397962292391326633e-01 8.503639052457567793e-01 8.598429039875676860e-01 8.594233045923677095e-01 8.525860525359008069e-01 8.268831039871632482e-01 8.433130106125489300e-01 8.239926052766587405e-01 8.404859629222235506e-01 8.553646188701780062e-01 8.373920793111306882e-01 8.533638847288987916e-01 8.317591956148421284e-01 8.549974146063493707e-01 8.488929187566528478e-01 8.618167074147831119e-01 8.580246142896628125e-01 8.521291281251425209e-01 8.397629713530425644e-01 8.508551783387261480e-01 8.423032909504147847e-01 8.553131447547259736e-01 8.602704533178416879e-01 8.532740644338163705e-01 8.555458855724947798e-01 8.419633765658708358e-01 8.458088041799154411e-01 8.474095282069682433e-01 8.326199091718980982e-01 8.405844223179005370e-01 8.605295253840605785e-01 8.592385005598376368e-01 8.574724796353020428e-01 8.577095063978432687e-01 8.545848708815347861e-01 8.618436788689621819e-01 8.603315628836681883e-01 8.637347885197956820e-01 8.603703048367241646e-01 8.604738657846041638e-01 8.508303564318698831e-01 8.511285418252522161e-01 8.569388177979250232e-01 8.590930741995518316e-01 8.617246956130494295e-01 8.560887316258322111e-01 8.480625397025532974e-01 8.598775719263462847e-01 8.593108794566025610e-01 8.635301781904193286e-01 8.616442914888887694e-01 8.626714811657660853e-01 8.434746293831145714e-01 8.464406854792699830e-01 8.578299764576868824e-01 8.550215429297050029e-01 8.579921654052580227e-01 8.527533444430396292e-01 8.584833590227007871e-01 8.632166108409266014e-01 8.580349196494229114e-01 8.523131740214872076e-01 8.598265664095825489e-01 8.610495752510682888e-01 8.609768011354316242e-01 8.618699076243215851e-01 8.571381181751822620e-01 8.641150446933330009e-01 8.597523237265277674e-01 8.621327156228546507e-01 8.585639957253161647e-01 8.576494723257283015e-01
