1.000000000000000000e+00 1.069404544166949189e-01 2.144937860076068237e-01 8.706702751873586499e-02 8.519537544272111351e-02 2.195779528769315272e-02 6.774004350256389306e-02 6.170181401523012338e-02 1.442025167681279807e-01 7.536228845692827250e-02 6.513751297374917315e-02 3.477478259303184299e-02 4.658757513729789440e-02 -1.266726568871584004e-02 1.242321099195460229e-02 6.229616995133383656e-02 1.181117603504702879e-01 1.998955617795851181e-01 1.073896918325829286e-01 1.374311523693437509e-01 2.096663313489889324e-01 1.518565683323448712e-01 1.635169675360881314e-01 1.806641545716388964e-01 1.282486706894983841e-01 1.305247841501425976e-01 9.132758232146746813e-02 9.434796999385279548e-02 1.239554419769877680e-01 1.133361478820776452e-01 8.065586030514632077e-02 1.070283778386410395e-01 1.075355159782692832e-01 1.039613281656757982e-01 6.346508959952039397e-02 8.518435260903639561e-02 4.738515687053915931e-02 5.500675261431327984e-02 6.761990628508222911e-02 6.026187387008154206e-02 5.355167179158679125e-02 3.797967930538961867e-02 6.767620214826994274e-02 5.112299127291941581e-02 8.078291279175792150e-02 3.182606910776183962e-02 1.819185046976137116e-02 4.349815082857353549e-02 3.765676748647370231e-02 5.825921434137528582e-02 4.483244385840794155e-02 7.164002231769142637e-02 4.615009708187398085e-02 5.904538623577589712e-02 7.174637342124057238e-02 6.118552156047143281e-02 7.114274136183761088e-02 3.867838048704763665e-02 3.889617443822691867e-02 3.419008983269012508e-02 3.190785325594132360e-02 4.374909845124087815e-02 4.411095851557022413e-02 4.548163199707411924e-02 5.402101513514897396e-02 6.000913020523352542e-02 2.969075388056209922e-02 4.896496114448235792e-02 5.698392469740648503e-02 7.197342984917991238e-02 6.892485032139869516e-02 4.888250216847402074e-02 7.692995411693183405e-02 5.393734275594501415e-02 3.961264338360494935e-02 3.606533342195432368e-02 3.067662234494454229e-02 5.678884216197207374e-02 4.326654309754278394e-02 4.378981068951674771e-02 3.140232249929559433e-02 3.311699950930673680e-02 5.785475463704213561e-02 3.371785385945674784e-02 4.576435487551144127e-02 4.964780482790277782e-02 2.160559546214412333e-02 2.840167983685325595e-02 2.776446185240982051e-02 4.489464232524429527e-02 3.079019811749946628e-02 2.097716344391344079e-02 3.198815077400343071e-02 2.976332461458338491e-02 1.277253353871227182e-02 1.337357206345178053e-02 3.837343555493670511e-02 3.861217277214192695e-02 2.061766860414059391e-02 1.931830493547775224e-02 2.159729074504089866e-02 2.648743618481884041e-02 2.143281753128813139e-02 2.779797157313400671e-02 3.520837812451495241e-02 4.368524432705035709e-02 2.188226763368203778e-02 1.477058980537911993e-02 2.861664848227898558e-02 2.534830265138430377e-02 2.116047947516023695e-02 2.102938567539157713e-02 2.894794211196578468e-02 2.248931299569016662e-02 4.190195652149653754e-02 3.413009814761413380e-02
1.069404544166949189e-01 1.000000000000000000e+00 1.274760946026427533e-01 -3.417201821650271698e-02 9.940035616518125283e-02 6.313273440456554364e-02 8.688726028232812704e-02 8.807093335426811886e-02 1.677896693013955498e-01 2.181517814811650136e-01 1.597547476245173570e-01 1.150168753065118066e-01 1.229455958535043830e-01 1.223688373512742400e-01 1.144499509610065330e-01 1.231801461563238470e-01 1.653918392776498603e-01 2.133082556751628722e-01 1.836464032302101423e-01 -1.017466549838636110e-02 7.259020375812340331e-02 9.861208749001948437e-02 2.014158046154733706e-01 2.133528332388569537e-01 1.592641384516277903e-01 2.298397443357044490e-01 2.026899350280724488e-01 2.217508412109152616e-01 2.378772968522549769e-01 2.358046258871656642e-01 2.283960653613121838e-01 2.244582474581252873e-01 2.453013595969114335e-01 2.291935439136674746e-01 2.204051652193270427e-01 1.792450179738787619e-01 1.862646544487235045e-01 2.010465654452471274e-01 1.931960555094899001e-01 1.773495690770416078e-01 1.732145924805948145e-01 1.719095256937794858e-01 1.309343891395756965e-01 1.552987627523144953e-01 1.747444277308377591e-01 1.958419137807460575e-01 1.475740742541785944e-01 1.657983626393648713e-01 1.512602506900027621e-01 1.484985130651219065e-01 1.517186418666548187e-01 1.068797009068978288e-01 1.187471596105673655e-01 1.734501563777835209e-01 1.841459161197863681e-01 1.968305566557310426e-01 1.489304474696266367e-01 1.572481106181994881e-01 1.593565495009956479e-01 1.457473521084182155e-01 1.370371495514428883e-01 1.504418719262968496e-01 1.334123792009252740e-01 1.453339827518487226e-01 1.460930289799439730e-01 1.456667286085578661e-01 1.665505620845303403e-01 1.782117587340310838e-01 1.949208344312289842e-01 1.233955126707373534e-01 1.365118363754505570e-01 1.585254959239834061e-01 1.806478741280659606e-01 1.733707996382336525e-01 1.769222549666605859e-01 1.713193296245637265e-01 1.746252133705039344e-01 1.984792821702316412e-01 1.843329532455972308e-01 1.910897638392092257e-01 1.853700217889427126e-01 1.799255788498825004e-01 1.794459712705541166e-01 1.930313955660840353e-01 1.790801480200635287e-01 1.888701245453379418e-01 1.694428926606943164e-01 1.714517927329850810e-01 1.740027455963361891e-01 1.741028633055377306e-01 1.697349313067984256e-01 1.555870422181039325e-01 1.592253688466725436e-01 1.637853151210773850e-01 1.517950040995152683e-01 1.530527839173243809e-01 1.203203070789482798e-01 1.253550776779627784e-01 1.460363510887901506e-01 1.393062001769886926e-01 1.437483308358481482e-01 1.424007733235289064e-01 1.376827379466376011e-01 1.453229673809268152e-01 1.438158064227453570e-01 1.374681550326159740e-01 1.508571613395541522e-01 1.645245892054948422e-01 1.690649677587475752e-01 1.524139342788785600e-01 1.539449058751732047e-01 1.468580556536091541e-01 1.527826295458846462e-01 1.488835251920523073e-01 1.575678017771412476e-01 1.402198961316940551e-01
2.144937860076068237e-01 1.274760946026427533e-01 1.000000000000000000e+00 3.104931325605587156e-01 2.026005043802982519e-01 2.268530119136772938e-01 2.932793177587191269e-01 3.179911835393535724e-01 3.608876062570923748e-01 3.194357380216950038e-01 3.828250854893996413e-01 3.650427890750410631e-01 3.178553486782708659e-01 2.593496290958303141e-01 3.230053999044694701e-01 3.582756354988010372e-01 3.872363965093028049e-01 4.583935597340976775e-01 4.154019483837014248e-01 3.168445009967098547e-01 3.890826478586225101e-01 4.095673195960397583e-01 4.553022622586507806e-01 4.537890475373452803e-01 4.291954658717166415e-01 4.257873665155841869e-01 4.006371621511505277e-01 4.060451390284038342e-01 4.004341301989002844e-01 4.373689036687138376e-01 4.060038931864562439e-01 4.302174143923719885e-01 4.114251490265924960e-01 4.153197721342618554e-01 3.927114541667367509e-01 3.996426892347800242e-01 3.766142730974548214e-01 3.596374064360381984e-01 3.766872444212495674e-01 3.846996193642699957e-01 3.726253231894612328e-01 3.572529218651409044e-01 3.699955626755230820e-01 3.710247187911103195e-01 3.979960965908667103e-01 3.489475824577388252e-01 3.381683047949996523e-01 3.514468789425769235e-01 3.526823407160474266e-01 3.635453294588782969e-01 3.494575115324290993e-01 3.602149185357380601e-01 3.541265772735215367e-01 3.583519622494064083e-01 3.731695306877472751e-01 3.802810150016393553e-01 3.578975165851226992e-01 3.497535532584843954e-01 3.445424244723919727e-01 3.405293438896313529e-01 3.432277463817079433e-01 3.397540163356157494e-01 3.411683174864764689e-01 3.453629186230692816e-01 3.530955964289880789e-01 3.572069384717782015e-01 3.491330055584745962e-01 3.738860573327023595e-01 3.889713310468310148e-01 3.821081840273091168e-01 3.790853590813857976e-01 3.702615839942459686e-01 4.030245285123817411e-01 3.910277737886889149e-01 3.662744795708968160e-01 3.578572822450171720e-01 3.505688921578814510e-01 3.666468105038386271e-01 3.658357036905562909e-01 3.739519581643465651e-01 3.648828370806241339e-01 3.625116120489047522e-01 3.842540175465655183e-01 3.639067505814940207e-01 3.709992203378859599e-01 3.823756176083755731e-01 3.594964804582269080e-01 3.553400745358438750e-01 3.542828935224821563e-01 3.661606087461894421e-01 3.607459595025875321e-01 3.430914403586687866e-01 3.618504040341347650e-01 3.528383509309797605e-01 3.339604109379891717e-01 3.317380582929869148e-01 3.556922789852743905e-01 3.473285383917028568e-01 3.436625822802957253e-01 3.402398234909851937e-01 3.499380693307432844e-01 3.474472791992065379e-01 3.456097779657806845e-01 3.516221270330497917e-01 3.579793117549580073e-01 3.562058400514698242e-01 3.408833718936031265e-01 3.369757184577586995e-01 3.457253097901684114e-01 3.480652611324741019e-01 3.395092748200130295e-01 3.383555749054557582e-01 3.430417756266362916e-01 3.397449397278922700e-01 3.496445267484901143e-01 3.476518749197399227e-01
8.706702751873586499e-02 -3.417201821650271698e-02 3.104931325605587156e-01 1.000000000000000000e+00 3.707531769359715956e-01 4.062661695968596831e-01 6.506021674384453446e-01 5.992365127116091594e-01 5.302194675800404600e-01 4.352380468735753127e-01 5.693117323215726167e-01 6.601979122204898465e-01 5.477443832569648396e-01 4.875172243640275571e-01 6.224816293140822410e-01 6.209036522166003769e-01 5.371486331068801023e-01 4.376584808279506689e-01 5.148210477179623323e-01 6.166838800838908563e-01 5.698675996517179598e-01 6.111884180426051527e-01 5.355623788732128965e-01 4.871282081366016259e-01 5.729525783969482422e-01 4.875202068235611197e-01 5.236555760865010400e-01 5.030665796048688909e-01 4.433869634430407936e-01 4.651227522046090246e-01 4.926661677859963673e-01 5.450528451441196687e-01 4.697500608289745805e-01 5.247132042939245400e-01 4.799041521678110156e-01 5.964801397969893282e-01 5.273156662296352160e-01 5.409302033592756631e-01 5.570648292736398721e-01 5.773236083810164843e-01 5.842488077925150902e-01 5.709126867377429804e-01 6.324476545301666031e-01 5.911944503634234405e-01 5.899554988499446928e-01 5.277962288784910916e-01 5.845009280204667146e-01 5.683955116671579599e-01 5.918233510871649949e-01 6.106651454770326559e-01 6.063336899670073166e-01 6.486140665631251467e-01 6.232649468213582455e-01 5.518786326001084985e-01 5.372472868058766338e-01 5.434767307748092913e-01 5.775242581720545498e-01 5.733016887248616467e-01 5.754466330889668191e-01 5.764973804801835078e-01 6.048027351420457443e-01 5.690477923594057241e-01 5.967549773678229030e-01 5.896705070760914769e-01 5.786598596696769237e-01 5.874155727665343329e-01 5.672011591569705580e-01 5.628393329081065044e-01 5.552121411467757506e-01 6.371366068451828069e-01 6.058547115651508053e-01 5.728712139544781534e-01 5.894938855329201477e-01 5.774418782699044517e-01 5.610604166466633957e-01 5.561477913106570581e-01 5.554747477107263576e-01 5.224141817154991374e-01 5.534872447435846832e-01 5.358237409948525265e-01 5.354429190962408658e-01 5.464925825934753290e-01 5.858966224901691611e-01 5.288402682941104604e-01 5.756924870883229906e-01 5.640447841061273504e-01 5.694319474654475632e-01 5.689457293822981487e-01 5.636697237112504588e-01 5.627632818276107063e-01 5.730273818500810634e-01 5.783058311352013980e-01 5.833789296124972656e-01 5.729527042565504269e-01 5.750117510692933642e-01 5.669929658150655305e-01 6.212822426041447743e-01 6.143925704656079123e-01 5.925039085660326332e-01 6.030507902356043726e-01 6.060254192089316039e-01 5.986277295097910400e-01 5.984371245822993624e-01 5.913259524413414514e-01 6.054332604512803195e-01 5.969826893774196064e-01 5.788279379281279224e-01 5.520392126008984990e-01 5.540131383903592610e-01 5.789905349030556314e-01 5.722224885770653691e-01 5.769170549717163032e-01 5.756481037400842382e-01 5.834946029025260827e-01 5.723720883589309416e-01 5.931815323263287532e-01
8.519537544272111351e-02 9.940035616518125283e-02 2.026005043802982519e-01 3.707531769359715956e-01 1.000000000000000000e+00 2.940163499087191101e-01 4.899724713323274083e-01 4.687160861469186202e-01 4.556802542163786440e-01 3.973922546975079406e-01 4.448729303074898667e-01 4.838807467746586433e-01 4.602966012716788180e-01 3.760437993100198550e-01 4.943110782401228809e-01 4.993547125234241713e-01 4.446825126816493223e-01 3.828564657946994521e-01 4.163574395722910437e-01 3.557870537106624376e-01 3.686292154297148849e-01 4.224356652913065502e-01 4.325747800705346813e-01 4.083898862628571047e-01 4.243363747639645189e-01 4.380128238113635275e-01 4.407598455253315950e-01 4.393692441269159144e-01 4.004547078915193237e-01 4.158201945744219308e-01 4.377109155487055592e-01 4.720926586549307191e-01 4.221399703349068555e-01 4.682185522042503489e-01 4.446788163281549799e-01 4.847993572487777070e-01 4.545462576125375853e-01 4.695366340488302259e-01 4.738949006223588389e-01 4.699750784806354109e-01 4.815040713318839427e-01 4.834500284937814918e-01 5.068517621226604764e-01 4.845366307225054125e-01 4.822898893229299322e-01 4.617953222396222190e-01 4.818283323402485219e-01 4.744759147913497066e-01 4.879813741209086952e-01 4.895518126620574395e-01 4.923351882671145874e-01 5.035931897849182937e-01 4.799719553534574912e-01 4.756715484829671103e-01 4.638388626451739882e-01 4.708244117419769226e-01 4.765021543136762072e-01 4.836669914607505949e-01 4.808581719967643386e-01 4.857444640119061852e-01 4.918178535926781558e-01 4.772365687400557666e-01 4.788495023751281887e-01 4.891177834445930572e-01 4.821352811594998289e-01 4.830100720985485707e-01 4.778871327097886090e-01 4.726867198925966407e-01 4.758691733146758751e-01 4.845003862708744391e-01 4.699096217916192142e-01 4.692618490959871713e-01 4.851964598336251377e-01 4.711370206065831900e-01 4.709797460681238168e-01 4.675794514582541916e-01 4.684120113073850233e-01 4.494601239671046078e-01 4.643040601971517578e-01 4.621957769936030913e-01 4.630956410958635971e-01 4.705105014236125038e-01 4.853227675604624425e-01 4.615087172921366609e-01 4.816817636044728457e-01 4.842218577928678602e-01 4.786256854319320686e-01 4.786241732056757403e-01 4.781835311013986622e-01 4.729828560685691574e-01 4.697360191996250434e-01 4.798186464109402971e-01 4.805504400924567321e-01 4.774156109032237638e-01 4.788766035917867980e-01 4.763763950500916611e-01 4.821602698115643459e-01 4.872205932892516023e-01 4.849748050158939061e-01 4.874502684308498202e-01 4.913070405357749526e-01 4.819619299415230929e-01 4.804556457844453288e-01 4.851353339266647469e-01 4.926778845914623894e-01 4.818646814237684817e-01 4.803047590020056434e-01 4.735094132828489566e-01 4.725267146848668998e-01 4.805931782001430230e-01 4.754473092526563249e-01 4.850761248834670192e-01 4.774848504964527840e-01 4.854172864131660048e-01 4.781592997522063904e-01 4.847772303710333741e-01
2.195779528769315272e-02 6.313273440456554364e-02 2.268530119136772938e-01 4.062661695968596831e-01 2.940163499087191101e-01 1.000000000000000000e+00 5.250966665401383127e-01 5.064055866543093476e-01 5.425073602715740906e-01 4.946045115160025429e-01 5.605855897644660413e-01 5.866452913455596496e-01 5.267043543588216803e-01 4.851778000904523047e-01 5.799731637550827879e-01 5.855888422656811976e-01 5.272995204466032204e-01 4.681987930699694211e-01 5.243959954591425054e-01 3.967017382573570505e-01 4.632679460324034548e-01 5.405418191044669696e-01 5.121782452667958951e-01 4.785381308668772427e-01 5.289149590717814320e-01 5.625036233754222570e-01 5.744820051613254153e-01 5.736310926184241543e-01 5.488428278543971972e-01 5.551383125467600488e-01 5.810819400718817418e-01 5.758569968538395090e-01 5.546444201822807729e-01 5.630906389468517403e-01 5.590308734361919552e-01 5.772984118683949228e-01 5.742656691274127256e-01 5.905876019060553039e-01 5.988123963668164906e-01 5.935760142277798357e-01 6.008372066099276765e-01 6.043945314082144193e-01 6.034502458626982424e-01 6.079437150331299389e-01 5.969158524943397603e-01 5.921326809645224287e-01 5.996762647444021654e-01 6.006881204101822691e-01 6.024010826781909245e-01 5.965172893599400838e-01 6.025038803273241594e-01 5.768113865015074282e-01 5.913329839656117359e-01 5.964704068382725710e-01 5.926938618250013890e-01 5.906122965607218944e-01 5.876178209534567154e-01 5.989563153629859915e-01 6.005047306738210411e-01 6.005070406413004491e-01 6.062123744117562385e-01 5.983787631761645631e-01 6.019160594208790016e-01 5.959003333938222013e-01 5.904529666476130423e-01 5.944447626885068781e-01 6.032758382417611198e-01 6.015814105132483158e-01 5.985967899679260906e-01 5.957796937589339148e-01 6.017034599508791493e-01 6.032627914846567796e-01 5.913755942838353485e-01 5.942047910275585210e-01 6.027839381498560911e-01 6.074773143994454117e-01 6.035710866145133080e-01 5.910210731114613480e-01 6.057669919156833949e-01 5.972454690115810427e-01 5.978390567856493032e-01 6.024405587817964758e-01 6.047288142804577715e-01 5.924164564351507289e-01 6.029673841412156454e-01 5.982734555278358402e-01 6.018071558626151285e-01 6.054046753042524598e-01 5.999193428308836618e-01 6.057151964352467388e-01 6.061408672281997090e-01 6.091238291614270439e-01 6.055876786504388321e-01 6.071410034331160555e-01 6.048631510056946547e-01 6.031677582130592352e-01 6.053167765696593206e-01 6.016085653008378387e-01 6.059130476573811874e-01 6.095821395197845716e-01 6.096143363368069501e-01 6.070060982686924511e-01 6.050810631470074918e-01 6.086357710796012066e-01 6.068027323488922598e-01 6.026467641804522657e-01 6.052519107015280619e-01 5.990819849720854240e-01 6.009608942894154593e-01 6.077681941663343190e-01 6.060316114520021280e-01 6.032037880259928375e-01 6.040733085934119062e-01 6.046420442082164337e-01 6.028550045062582852e-01 6.040174821864661148e-01
6.774004350256389306e-02 8.688726028232812704e-02 2.932793177587191269e-01 6.506021674384453446e-01 4.899724713323274083e-01 5.250966665401383127e-01 1.000000000000000000e+00 7.540749536481399229e-01 7.108351032905163569e-01 6.414295080655103565e-01 7.217646636940957539e-01 8.064645553301791336e-01 7.414555341530545407e-01 6.323906696908865310e-01 8.372498940961413672e-01 8.088354579853158643e-01 7.203373297610559112e-01 6.336307163264678355e-01 6.955445952650222141e-01 6.582209334142118395e-01 6.816635759635543135e-01 7.540923206000099688e-01 7.113489425850706427e-01 6.646750466162814064e-01 7.289136616598288487e-01 6.968921308539191006e-01 7.211808881613475108e-01 7.176776816763053013e-01 6.565327122969295548e-01 6.552501906393426445e-01 7.108461428425113526e-01 7.596475596764218352e-01 6.824739585533422526e-01 7.337736027118383353e-01 6.992439292320673516e-01 7.800062167321606399e-01 7.386617533723259799e-01 7.647072575085102075e-01 7.742864346615232485e-01 7.841697286035176351e-01 7.890162527693849182e-01 7.928362607025178921e-01 8.281515232608965826e-01 8.035644481523878113e-01 7.896913965240246469e-01 7.574219737197492863e-01 7.919174433573261673e-01 7.792401192982777447e-01 7.998578095090334017e-01 7.940411827707831716e-01 8.103582782282604535e-01 8.037272133181144751e-01 7.966777647719057720e-01 7.713225540288600746e-01 7.536082566495932999e-01 7.582741750680104253e-01 7.738900623120233968e-01 7.907265489690791238e-01 7.904396733106703321e-01 7.862948667505759159e-01 8.081277893646293675e-01 7.832495607197252907e-01 7.954699913902958386e-01 7.938575947018821077e-01 7.839787223593175369e-01 7.844840409717739327e-01 7.806377632958135804e-01 7.787152888677099094e-01 7.736754153333927908e-01 8.174814811911655932e-01 8.003740290896481646e-01 7.801156284927514006e-01 7.928575408808442582e-01 7.824894931820467470e-01 7.731645904735042762e-01 7.687945278319731068e-01 7.732851607578585806e-01 7.455862519053156889e-01 7.715618157005599276e-01 7.500733862323644141e-01 7.558903677349690930e-01 7.652510673102874694e-01 7.906967807344038590e-01 7.530562602117135684e-01 7.836099232114113189e-01 7.805421742913368766e-01 7.826560984387984643e-01 7.856983929126675203e-01 7.828410053333308971e-01 7.813699806884121246e-01 7.907803023523728436e-01 7.949149501262356976e-01 7.937313927608031783e-01 7.908137872498690601e-01 7.866914972288207020e-01 7.816356160595866465e-01 7.965988861656979614e-01 7.922325122335353020e-01 7.938280233791843443e-01 8.022818247744355480e-01 8.081581165698564773e-01 7.946830665195424581e-01 7.937669185874124400e-01 7.989422207055766334e-01 7.983218784486926234e-01 7.872880480673697390e-01 7.854621607151242024e-01 7.709130210817286555e-01 7.708168139375440875e-01 7.921653915692530301e-01 7.853616650008069522e-01 7.880031412885466491e-01 7.834587273258464268e-01 7.916838299822754887e-01 7.816766011171976114e-01 7.905743715295069363e-01
6.170181401523012338e-02 8.807093335426811886e-02 3.179911835393535724e-01 5.992365127116091594e-01 4.687160861469186202e-01 5.064055866543093476e-01 7.540749536481399229e-01 1.000000000000000000e+00 7.072789360165446793e-01 6.383524737339879573e-01 7.213088585215557957e-01 7.852281966072159891e-01 7.010000238123956784e-01 6.212412759217847968e-01 7.970888734047547608e-01 7.964087973613597216e-01 7.136909903363160002e-01 6.287031377419554090e-01 6.921970258596039649e-01 6.264742311134871011e-01 6.522168347811579947e-01 7.176105610099370313e-01 6.918819193435750137e-01 6.513466471284847792e-01 7.018462167722075984e-01 7.139812748048666169e-01 7.296321806419181488e-01 7.156007542370871333e-01 6.665257454899361500e-01 6.806372944697185456e-01 7.188921085795455523e-01 7.557603420674846584e-01 6.849141406642513807e-01 7.316564600078873104e-01 7.160828004860549933e-01 7.585679920065406812e-01 7.374759409389781695e-01 7.570149741505072249e-01 7.652825596963743759e-01 7.638884087631319098e-01 7.817057827294096040e-01 7.745075875436494561e-01 7.997731944511113911e-01 7.898495885739762468e-01 7.775535494735615893e-01 7.493139071046910349e-01 7.864668175445749254e-01 7.784623024920125367e-01 7.905696728636817383e-01 7.827877418641546736e-01 7.955302617594702808e-01 7.830214689310720511e-01 7.900834144849668839e-01 7.730242514917673446e-01 7.631573394468942340e-01 7.601994850621129896e-01 7.838194018234465599e-01 7.855287534517141346e-01 7.891468684211309093e-01 7.852230970478767391e-01 7.986043041033962231e-01 7.843541800270468212e-01 7.923940477208955002e-01 7.910874426676041127e-01 7.754440520210983401e-01 7.870404849350148835e-01 7.785799145745820882e-01 7.724721132095524467e-01 7.699070708898907434e-01 8.005597389201051239e-01 7.846285025082058162e-01 7.743494172302228806e-01 7.827977582027041414e-01 7.698323534675642899e-01 7.746941033990056846e-01 7.664943410834014204e-01 7.682031369920332420e-01 7.484339639607756611e-01 7.639876171038874064e-01 7.573543974409802093e-01 7.552785726222105422e-01 7.665466610940743220e-01 7.817120565399187093e-01 7.531799822250023757e-01 7.757609592638134988e-01 7.745586230348452395e-01 7.743278443039479653e-01 7.801616623670148964e-01 7.780072884820676826e-01 7.751268021134398722e-01 7.743883024980865448e-01 7.834690073705933289e-01 7.851200220036651523e-01 7.820241918331396480e-01 7.822364155799301777e-01 7.780883413363580692e-01 7.937445639762561456e-01 7.909897587919121342e-01 7.909567435778359634e-01 7.916232401186322765e-01 7.952858125753693441e-01 7.908745716500881207e-01 7.895367141406077760e-01 7.926034127967427345e-01 7.934220891722855162e-01 7.903194313957375705e-01 7.830276834215400550e-01 7.714613951764052180e-01 7.736952913488976957e-01 7.874049330310226580e-01 7.820350634986681371e-01 7.859783316594102232e-01 7.854616049409748335e-01 7.869983291067853548e-01 7.778233915439501933e-01 7.904274484991735683e-01
1.442025167681279807e-01 1.677896693013955498e-01 3.608876062570923748e-01 5.302194675800404600e-01 4.556802542163786440e-01 5.425073602715740906e-01 7.108351032905163569e-01 7.072789360165446793e-01 1.000000000000000000e+00 7.758184949178510426e-01 8.067848871303453517e-01 8.314904922191044268e-01 7.752348815569370943e-01 6.865354121988259672e-01 8.393867950260363031e-01 8.505196408159917398e-01 8.145970075852684289e-01 7.498854861525214854e-01 7.947715053984223399e-01 5.921322541636357961e-01 6.916890291768256205e-01 7.920591559360115053e-01 7.887001160718034587e-01 7.474291619189054048e-01 7.861829727684017666e-01 8.452028475202983948e-01 8.492213325885580311e-01 8.378667216768047599e-01 8.272388278043381060e-01 8.377769524610889640e-01 8.589925723233281518e-01 8.708447243864182452e-01 8.252244858469774957e-01 8.532536878433535366e-01 8.443522223474602129e-01 8.399953597539965289e-01 8.424143192025339566e-01 8.612143079007479329e-01 8.730458030515981793e-01 8.421971837354624846e-01 8.806119903009272942e-01 8.698880251073980441e-01 8.619209078027010307e-01 8.819766973709562974e-01 8.768127961265859138e-01 8.582355834445690723e-01 8.763071745261308276e-01 8.888534240828642741e-01 8.809001853658771086e-01 8.703933307567631728e-01 8.745885741794553470e-01 8.558113534883305951e-01 8.707880369978773238e-01 8.861706357840628545e-01 8.812890666341162138e-01 8.718899742869459235e-01 8.792784118433968343e-01 8.805415862722760778e-01 8.784774610265492223e-01 8.874511314162858433e-01 8.821505790816924764e-01 8.824625122241773756e-01 8.756650282302960164e-01 8.838447673814552319e-01 8.851015667732892167e-01 8.875543731260756575e-01 8.837328396514887441e-01 8.827138050434583105e-01 8.836490016712270634e-01 8.728856673838668589e-01 8.794676099822019699e-01 8.851821744960793881e-01 8.762389114257849165e-01 8.731059640751331896e-01 8.839690424535567859e-01 8.810379257102068928e-01 8.746829488031017119e-01 8.763959355287699315e-01 8.775415985762330395e-01 8.821801290755532099e-01 8.776125749145836652e-01 8.827898999318348761e-01 8.824884702678181814e-01 8.736619529114412197e-01 8.795413098569295762e-01 8.816986518451987997e-01 8.731791017277076294e-01 8.775135521114504344e-01 8.808039533174334412e-01 8.778601144840058046e-01 8.676844928932609946e-01 8.793738670387799550e-01 8.829905489415889042e-01 8.787271330351029697e-01 8.794114297546017367e-01 8.787144150653132257e-01 8.696649121466378807e-01 8.766624010967632996e-01 8.797122901585584520e-01 8.759826504121265289e-01 8.749058745669601178e-01 8.791392724782677304e-01 8.796197043464082377e-01 8.826383195265584680e-01 8.857809411449325543e-01 8.820532001595748905e-01 8.813151011093349751e-01 8.779263030708772675e-01 8.801855151542039568e-01 8.821769588558089348e-01 8.764225385069458474e-01 8.838310445542869598e-01 8.827573237021502095e-01 8.819111966083369447e-01 8.867388711101671372e-01 8.859559733191960662e-01
7.536228845692827250e-02 2.181517814811650136e-01 3.194357380216950038e-01 4.352380468735753127e-01 3.973922546975079406e-01 4.946045115160025429e-01 6.414295080655103565e-01 6.383524737339879573e-01 7.758184949178510426e-01 1.000000000000000000e+00 7.392200484134181515e-01 7.563060304431045155e-01 7.043384885972329146e-01 6.406086115171782946e-01 7.759680618565072407e-01 7.760828977875896539e-01 7.582076229932572797e-01 6.939863275499968953e-01 7.401178908935216461e-01 4.753103673593340184e-01 5.860795926862536476e-01 6.908346331154687769e-01 7.290070141941981108e-01 6.913761631407254749e-01 7.160566605151665875e-01 8.043453472286642425e-01 7.968660832033477304e-01 8.060598001996723827e-01 7.908348942677879689e-01 7.925746857115443245e-01 8.207338064606769512e-01 8.194243271585019972e-01 8.007696032042889156e-01 8.096511796200098754e-01 8.068955116384169957e-01 7.791820192474552265e-01 7.948089399448796666e-01 8.245688267374365887e-01 8.224462420053834100e-01 8.020700648984984138e-01 8.194356972958916074e-01 8.209585996605962555e-01 7.917858497730414502e-01 8.201085343474204814e-01 8.188064479303202026e-01 8.207369579915675395e-01 8.179027521203590112e-01 8.315427666981174415e-01 8.209328945368743469e-01 8.034991651169446358e-01 8.151012783103032122e-01 7.704985643530278816e-01 7.964319101674154355e-01 8.321510558698939075e-01 8.241585984319833580e-01 8.281491819487060146e-01 8.129267180287657046e-01 8.198747597602119574e-01 8.204963061092021004e-01 8.231346808988300179e-01 8.177774493896161623e-01 8.211367235206472603e-01 8.062488536648846349e-01 8.165979568287595747e-01 8.133253836650569113e-01 8.162763587499825002e-01 8.288955232048117461e-01 8.309187920025605800e-01 8.339090783381070127e-01 7.924389009560931507e-01 8.040187902192208469e-01 8.227595115875322440e-01 8.152619879074558540e-01 8.145936826902179240e-01 8.309457561504646206e-01 8.247429375200643342e-01 8.262866210870863926e-01 8.302733882352605344e-01 8.299870603932750779e-01 8.338790123293536860e-01 8.302706901774892234e-01 8.332326119675224074e-01 8.270469309377934675e-01 8.329872349492696282e-01 8.287743949805737032e-01 8.317470024997318800e-01 8.221431109536020410e-01 8.309848409684725823e-01 8.312206686071204054e-01 8.271330685201231381e-01 8.236473549289212714e-01 8.249649705288455426e-01 8.243578255035146629e-01 8.300053266873659297e-01 8.235238527830951449e-01 8.224082712152231966e-01 8.048504197024096696e-01 8.049491280676838167e-01 8.192449276367342881e-01 8.161629165221252480e-01 8.160432237094166208e-01 8.181507778380724405e-01 8.152373800320013020e-01 8.222656556946290607e-01 8.190921221147784426e-01 8.156679756315332597e-01 8.235825874525705137e-01 8.262099508920629498e-01 8.302673471272411510e-01 8.243476299954516362e-01 8.212654896541022875e-01 8.239537275608922462e-01 8.239158509611789194e-01 8.228311965252451676e-01 8.238645330123691712e-01 8.178875393591622522e-01
6.513751297374917315e-02 1.597547476245173570e-01 3.828250854893996413e-01 5.693117323215726167e-01 4.448729303074898667e-01 5.605855897644660413e-01 7.217646636940957539e-01 7.213088585215557957e-01 8.067848871303453517e-01 7.392200484134181515e-01 1.000000000000000000e+00 8.590372618150491357e-01 7.746007041942197802e-01 6.952212223333698038e-01 8.472602897075712791e-01 8.549775476224491522e-01 7.931233316171850678e-01 7.249398692981077197e-01 7.926813630824448564e-01 5.941515446782543730e-01 6.595132356073764024e-01 7.782548360350461936e-01 7.873337482842678314e-01 7.385184445939867448e-01 7.957597964350302533e-01 8.359663109495621969e-01 8.451719761598582847e-01 8.423491331199050025e-01 8.093337979793923109e-01 8.343578225755242661e-01 8.577976361808811179e-01 8.649037776570680514e-01 8.159606760932583969e-01 8.453999897149698795e-01 8.389941699203542491e-01 8.501843427080167936e-01 8.509748349958354829e-01 8.615594191594109219e-01 8.731626939151327926e-01 8.615033473272796227e-01 8.767623247138819353e-01 8.725448223778480283e-01 8.656030140524590966e-01 8.846765104658597112e-01 8.820215151533570275e-01 8.631471302770732379e-01 8.807436971806826831e-01 8.810254324087579691e-01 8.802971637767327273e-01 8.690417929590997792e-01 8.759586400272542095e-01 8.464916505606115971e-01 8.698129039470091639e-01 8.737230455577921218e-01 8.671357111296089659e-01 8.705467662319947841e-01 8.665226781574084658e-01 8.780919752388487431e-01 8.778502003300913126e-01 8.793057972890120366e-01 8.829181982856822986e-01 8.756148271608374944e-01 8.722755913735926736e-01 8.757858601352875860e-01 8.685772334181751653e-01 8.752473312279537287e-01 8.816906072998476063e-01 8.820115832108793574e-01 8.832458678388149798e-01 8.737989135913476479e-01 8.741837264989388290e-01 8.839762946290828927e-01 8.795812594592985478e-01 8.810517129555074378e-01 8.861426049814695727e-01 8.816104011593721701e-01 8.787045922405041232e-01 8.714896138313505958e-01 8.787667759348877228e-01 8.809788210190369062e-01 8.779227738258597036e-01 8.836112511981198958e-01 8.866007314733173050e-01 8.731454715395257082e-01 8.823033402141324810e-01 8.848922746739897871e-01 8.826102053729550923e-01 8.831772043149820339e-01 8.831658417756615975e-01 8.816822659437566490e-01 8.784861051579884172e-01 8.837638761668064058e-01 8.890686091874312469e-01 8.847504070953373656e-01 8.818434333910961653e-01 8.804751408127537982e-01 8.795710881985375762e-01 8.754839735841097870e-01 8.838381067281130266e-01 8.832813654235197598e-01 8.858130250577164189e-01 8.837841527701992828e-01 8.826579114748648314e-01 8.870377327982158500e-01 8.874396021323959216e-01 8.813697640846157588e-01 8.821576881691325367e-01 8.777846271116981347e-01 8.804347656938863453e-01 8.846900222768966371e-01 8.806889701582951702e-01 8.830419132796342163e-01 8.826224104133604254e-01 8.830529116591242511e-01 8.786245114812752943e-01 8.835726857019413627e-01
3.477478259303184299e-02 1.150168753065118066e-01 3.650427890750410631e-01 6.601979122204898465e-01 4.838807467746586433e-01 5.866452913455596496e-01 8.064645553301791336e-01 7.852281966072159891e-01 8.314904922191044268e-01 7.563060304431045155e-01 8.590372618150491357e-01 1.000000000000000000e+00 8.152618337445610708e-01 7.455635853736743979e-01 9.165227067957312235e-01 9.067296189469086221e-01 8.296706599397110082e-01 7.115305449246088765e-01 8.061368249845247691e-01 6.635440269994627993e-01 7.141663302471501495e-01 8.289454418614010667e-01 7.911446672991192530e-01 7.316775350165100056e-01 8.139564732853722395e-01 8.382017215157608891e-01 8.606977868470031545e-01 8.485849556015446771e-01 8.025615903755491942e-01 8.168925211454850510e-01 8.612554486180612479e-01 8.847231484103219579e-01 8.208517836030158055e-01 8.564171149538480909e-01 8.464223944258565391e-01 8.858900316100003502e-01 8.719329985139122607e-01 8.935795401473473065e-01 8.998664710766250963e-01 8.966758187724637175e-01 9.187730202358006526e-01 9.105064236104930542e-01 9.195814430583844068e-01 9.266379899774582762e-01 9.157422573971827351e-01 8.897609060408788739e-01 9.294421410128634875e-01 9.214413523439759501e-01 9.325553830415597156e-01 9.219854526262628580e-01 9.295319360278133658e-01 9.140963595219293580e-01 9.281160230806739797e-01 9.123553798758953226e-01 9.003897546869250590e-01 9.020364077350578880e-01 9.168629706507668287e-01 9.221573363604790297e-01 9.243727499673498604e-01 9.274197331371740738e-01 9.378875748667176993e-01 9.217763628063962988e-01 9.274695498833073204e-01 9.281236173168607717e-01 9.200076002139677689e-01 9.269122615368787788e-01 9.229429489860595526e-01 9.147463088629657069e-01 9.113711481890593991e-01 9.240619020726029698e-01 9.214059256133422249e-01 9.203570300596245479e-01 9.087147959717222223e-01 9.091114061053557904e-01 9.182703383266271890e-01 9.142492067058393124e-01 9.138418912907277925e-01 8.949080080357758593e-01 9.099135662811506098e-01 9.038803904668800682e-01 9.049702479909851327e-01 9.131876979653904547e-01 9.230077810725246801e-01 9.006348617384609678e-01 9.184116200439778055e-01 9.143141429388637054e-01 9.198197154458693792e-01 9.227015233834428010e-01 9.209669305498708880e-01 9.178783415101678944e-01 9.191721010052646967e-01 9.275974014600225637e-01 9.292406745861055972e-01 9.252791057886308179e-01 9.283996536827504586e-01 9.256370916911745850e-01 9.342125735274940945e-01 9.327873838384015404e-01 9.324877731139968873e-01 9.363727186264054758e-01 9.352089587270268067e-01 9.334820494719640038e-01 9.340242932217287519e-01 9.339033791550499508e-01 9.356296235370329395e-01 9.316702429470747893e-01 9.291231709834434360e-01 9.179045669157220866e-01 9.205277315193853838e-01 9.300551270226407041e-01 9.261434424102418239e-01 9.302372166546243326e-01 9.281740438985389696e-01 9.305660696354109973e-01 9.238497072178764036e-01 9.342048697747061814e-01
4.658757513729789440e-02 1.229455958535043830e-01 3.178553486782708659e-01 5.477443832569648396e-01 4.602966012716788180e-01 5.267043543588216803e-01 7.414555341530545407e-01 7.010000238123956784e-01 7.752348815569370943e-01 7.043384885972329146e-01 7.746007041942197802e-01 8.152618337445610708e-01 1.000000000000000000e+00 6.819366737843270965e-01 8.423189129058543667e-01 8.285389660543451829e-01 7.620562091687418382e-01 6.786781984019490954e-01 7.450380070292199619e-01 5.731562829308651796e-01 6.328064447580469265e-01 7.421529482248655496e-01 7.358537237428564026e-01 6.943113597568100204e-01 7.401275838954837205e-01 7.769929484230031491e-01 7.944097501513914805e-01 7.819926662287135510e-01 7.487127161379731888e-01 7.604835584892656319e-01 7.977285463550471967e-01 8.143930137245125600e-01 7.591608512523930763e-01 7.982458886955221544e-01 7.864336627576959948e-01 8.132859540018930744e-01 8.040179674968838119e-01 8.215211204709066406e-01 8.328143009412722897e-01 8.120984063150810117e-01 8.409089162821221652e-01 8.372132262093490151e-01 8.443575120041063586e-01 8.495532487246928444e-01 8.363712506782704503e-01 8.186750961695544726e-01 8.480901437649048802e-01 8.466954766819324574e-01 8.467218330256943704e-01 8.299637303390609011e-01 8.426145900111735587e-01 8.153346179612384059e-01 8.392882844180981072e-01 8.358181479917231593e-01 8.210071574969691754e-01 8.239013880931611578e-01 8.263973553143160178e-01 8.467205156055487292e-01 8.399225933810188227e-01 8.490009017009139125e-01 8.525207680980009251e-01 8.420882927282640207e-01 8.386285909753818935e-01 8.447019847194146003e-01 8.400719195722246013e-01 8.406472586922875134e-01 8.448893726659643111e-01 8.410975091742960430e-01 8.413739576580477886e-01 8.407140166554259997e-01 8.361942012570331428e-01 8.435146219491048702e-01 8.425291422733719449e-01 8.350750504423627429e-01 8.434688325566224165e-01 8.415701144592543370e-01 8.386082502137018890e-01 8.257401373514583476e-01 8.369711564288034866e-01 8.343013759076721714e-01 8.356676519047450125e-01 8.429295191148207245e-01 8.460368318418023392e-01 8.319173557147439002e-01 8.410368252062634387e-01 8.457500791976981791e-01 8.432006879561436685e-01 8.452991560229102808e-01 8.458048822483721363e-01 8.420664600586381665e-01 8.404271671884615547e-01 8.506233784632224459e-01 8.501733483166102889e-01 8.488191297126740364e-01 8.488605827817239380e-01 8.473081204882638717e-01 8.392854080259284366e-01 8.395356514067646714e-01 8.491219034977736113e-01 8.487966058857119300e-01 8.539625302551033803e-01 8.469189362579306879e-01 8.472079392540531328e-01 8.532569462415626749e-01 8.514300861392071207e-01 8.437452880659975785e-01 8.462786343063831707e-01 8.434876607675778626e-01 8.428895233154373168e-01 8.491962014782761248e-01 8.454166738913289070e-01 8.513711884263902574e-01 8.461860840603828704e-01 8.506416796584307383e-01 8.476322196676301379e-01 8.492737962237176808e-01
