1.000000000000000000e+00 5.150495096265936962e-02 5.489408050220703772e-02 1.627688776703527240e-01 9.098366125084776657e-02 6.481221982511968516e-02 9.443985692427857292e-02 1.379091223867294214e-01 1.681338286642481139e-01 4.768944902335415376e-02 3.758142355170249194e-02 6.432269262361017814e-02 9.073384273109616482e-02 -1.173202421810585171e-02 4.905459713509046499e-02 8.099062723109771988e-02 1.159756519764324895e-01 1.010796720259583281e-01 6.081191015065854494e-02 1.857099575263806146e-01 1.524493109452173256e-01 9.619311772594969778e-02 8.388979290521235421e-02 7.001751038030452901e-02 5.081296508156121078e-02 1.211972844339211514e-01 8.804176850752795658e-02 8.183190822790736840e-02 9.393339360208292910e-02 1.019972379863555711e-01 5.695338465611601841e-02 7.398561896501314183e-02 6.187808047634685282e-02 3.473723713588913048e-02 4.892482391549921039e-02 3.064176196735240651e-02 4.634335280336220053e-02 7.817000183600400498e-02 3.485649617007526707e-02 2.832342241722845058e-02 5.043716061739781514e-02 2.766911370368175041e-02 5.482436481323912925e-02 5.255093225392334921e-02 3.013074093594363470e-02 3.369429762982223409e-02 2.749678302154041215e-02 3.441509340869762512e-02 6.669501705331844221e-02 8.560952461294869809e-02 6.104942649465887328e-02 5.666473481797229539e-02 5.941998075990115313e-02 5.460254680809190075e-02 7.619584814154052588e-02 5.524055225099248206e-02 1.045054104884803048e-01 3.478789056877096275e-02 7.120460024659613918e-02 6.505329854574364024e-02 4.329419006206949860e-02 7.520168339607925800e-02 6.919862034960434782e-02 8.137025992910257299e-02 6.046641167013466767e-02 6.911607232177252591e-02 2.345540150310496466e-02 1.216175405930176173e-02 1.854576234041988014e-02 5.052787322413885424e-02 3.967328834579850194e-02 1.925575051143066721e-02 1.923185028813915315e-02 2.180741388592490754e-02 3.386684129100176605e-02 2.395293269307104816e-02 2.936892276989028217e-02 3.670233744179311058e-02 2.270785375202360665e-02 3.401629732080433538e-02 3.188129149257950407e-02 1.883205817564556628e-02 3.147102659363799904e-02 1.621254896950243343e-02 2.355372049542164489e-02 9.092651279398617295e-03 4.508912683071938758e-03 2.933453157110684981e-02 2.047015798784158555e-02 2.603195745886104084e-02 1.163314462394568309e-02 1.182858891631583323e-02 2.060268947995129094e-02 1.217690110706628331e-02 1.008126861613813964e-02 9.264048676810181238e-03 5.148718415301330176e-02 8.597749931579520832e-02 3.423660218453999232e-02 3.610815331615806895e-02 2.193547782137314842e-02 4.375260427980594280e-02 3.178040155943807205e-02 2.764814804428582934e-02 3.433888062096831367e-02 5.768486201010938896e-02 4.431650716921723548e-02 1.048020555384859831e-02 1.941691510669592974e-02 2.974770981310512555e-02 2.050277033036226881e-02 2.869219387352590217e-02 2.872279140906448466e-02 4.775490939775623583e-02 3.557975821704929820e-02 3.554122665825494576e-02
5.150495096265936962e-02 1.000000000000000000e+00 8.940693272520676416e-02 1.314909749930505967e-01 5.611538181284031306e-03 6.566828597064053308e-02 1.493165559502793449e-01 9.321865366923359764e-02 1.294762921073549788e-01 2.000156540638592939e-01 1.539200454097087167e-01 1.230490726358607206e-01 8.516210947243198215e-02 1.055511965709364924e-01 1.644812745787050112e-01 1.293359533091130442e-01 1.113076254685533145e-01 1.030444778988147958e-01 1.167040670092035354e-01 6.219468481670118593e-02 5.828485799185050692e-02 1.225390414277342382e-01 1.310819346698027799e-01 5.840533508833394005e-02 1.331059966884042822e-01 1.414639893480964805e-01 1.464486736135020839e-01 1.393207985547090799e-01 1.479412873391960925e-01 1.524638611790528897e-01 1.675269413725689049e-01 1.188604857389556763e-01 1.376151281650057345e-01 1.202105551123841959e-01 1.523509634441465588e-01 8.331558122718539516e-02 1.539519024533288205e-01 1.154091506806542988e-01 1.256150752609181409e-01 1.104830575490108185e-01 1.410815199649701757e-01 1.214020833231942015e-01 9.585827036461852524e-02 1.189879354139423695e-01 1.255669981565021853e-01 1.272481591545135127e-01 1.236006921954582033e-01 1.358926181543479994e-01 1.277428897176173250e-01 1.035005744577831566e-01 1.129259850560691419e-01 7.171357292554442209e-02 9.922501578533329814e-02 1.368951355661958968e-01 1.328065083626637499e-01 1.241160315896424476e-01 1.038429947438633816e-01 1.363803440505271802e-01 1.377177135193951574e-01 1.099020474937985881e-01 1.218236363261716720e-01 1.213164459190455985e-01 1.231466325919614857e-01 1.190894240807083698e-01 1.128536911172204060e-01 1.272324099974071476e-01 1.335442799278929171e-01 1.370314275048988562e-01 1.436094822861621045e-01 1.323023993434353784e-01 1.254530303102551481e-01 1.462487918808858534e-01 1.148542744037960306e-01 1.419690731092330682e-01 1.424940926260049867e-01 1.380697513628600936e-01 1.422775491192575237e-01 1.493565819818992169e-01 1.626992992587528719e-01 1.549688107532506687e-01 1.516312729457924557e-01 1.590448937263317097e-01 1.345976584789785879e-01 1.478171961754739527e-01 1.317205965327587491e-01 1.361932882770633957e-01 1.364472465299726711e-01 1.365734278811897573e-01 1.369949098933940235e-01 1.414464542953921544e-01 1.355897957246137431e-01 1.379651670527894392e-01 1.393505727867507815e-01 1.382881844813960981e-01 1.388137336355748097e-01 1.406670982392624891e-01 1.166058505582616700e-01 1.147041778836339621e-01 1.261707839685386745e-01 1.221204440612279341e-01 1.186662747927823419e-01 1.234894962217817360e-01 1.288563245953834313e-01 1.251052752877915564e-01 1.199543493655173959e-01 1.302934216497027842e-01 1.323614703071994414e-01 1.412379965051364927e-01 1.389484173492120112e-01 1.341111922408384227e-01 1.395913993772169570e-01 1.381044338865977938e-01 1.316841881735365261e-01 1.258716890447586223e-01 1.259564426917011148e-01 1.329444606678489849e-01
5.489408050220703772e-02 8.940693272520676416e-02 1.000000000000000000e+00 3.085134075505863160e-01 2.148886684347456888e-01 2.013886558670598126e-01 3.148777696637528600e-01 2.813437773787800245e-01 3.292141955479312987e-01 2.793679509068638378e-01 3.536846123551851129e-01 3.508203423849416414e-01 3.093787312205997786e-01 2.846589499377038535e-01 3.588636600526244891e-01 3.434670050293884835e-01 3.182987144414202718e-01 2.972310100858664983e-01 2.995869339626696659e-01 2.865317037122175892e-01 2.880277758463128390e-01 3.017090648247223728e-01 3.031200043223143958e-01 2.454627964036342480e-01 2.827940939482016525e-01 3.418729046234206259e-01 3.617374958278428143e-01 3.228395939964221473e-01 2.674846524319933194e-01 3.452853163635453138e-01 3.607385211693042160e-01 3.347950443361375483e-01 3.206351500790184383e-01 3.338947971131377979e-01 3.381000822987431098e-01 3.090117994734440932e-01 3.376253133839469678e-01 3.254200644999885039e-01 3.442560603183651424e-01 3.083768189198660692e-01 3.467611555580770721e-01 3.359289983635374566e-01 3.244698682010025981e-01 3.454103071091033095e-01 3.469171857266034054e-01 3.370501750602882263e-01 3.482553378129090160e-01 3.503884738769776352e-01 3.479245812810918270e-01 3.398828711172401373e-01 3.438080210936643732e-01 3.323943536912124519e-01 3.521357932769108579e-01 3.537000284564020269e-01 3.506630522672329331e-01 3.382389118961713348e-01 3.617974302149325472e-01 3.607608314605856292e-01 3.556065371544445131e-01 3.597723488644831158e-01 3.481287842929270959e-01 3.652595779463848058e-01 3.568142311542662481e-01 3.608442026440368267e-01 3.603410880545738215e-01 3.659706203756418752e-01 3.535584536853712545e-01 3.524842064935687080e-01 3.544271201243688885e-01 3.529358598561896931e-01 3.488649073857736926e-01 3.555917314898276449e-01 3.307574811557780214e-01 3.369107462756570359e-01 3.585050087903973726e-01 3.507759926780668058e-01 3.420017779230125621e-01 3.300957670165213798e-01 3.623938819726600369e-01 3.638925761717928253e-01 3.607194527189775957e-01 3.653940014711343220e-01 3.560241966896608989e-01 3.561480048670129794e-01 3.530987056454317763e-01 3.517887632669376985e-01 3.511320172810205587e-01 3.508441420083448503e-01 3.525750989851099138e-01 3.531415976964190073e-01 3.450521924506550486e-01 3.488918117582588962e-01 3.564523512054246224e-01 3.497980081627530824e-01 3.518925211284483767e-01 3.522153178440915466e-01 3.536392582289746844e-01 3.607806009788490642e-01 3.565319141035948047e-01 3.497992211199057455e-01 3.466191648544588721e-01 3.591829379002046685e-01 3.602709099821011507e-01 3.540807232140527061e-01 3.538410907542048900e-01 3.634804984256085891e-01 3.573840838457415514e-01 3.542747609412879584e-01 3.567281833471138697e-01 3.565010799224582749e-01 3.591005359349014880e-01 3.617494677096442790e-01 3.616202899116706115e-01 3.579230833302147752e-01 3.569214280829385300e-01 3.638256095892207220e-01
1.627688776703527240e-01 1.314909749930505967e-01 3.085134075505863160e-01 1.000000000000000000e+00 3.337546379043072609e-01 4.077082521187408437e-01 6.253190329722541074e-01 6.305818175856712227e-01 5.538371113517996935e-01 4.511581218169473662e-01 5.832469505520646580e-01 6.540566939815128933e-01 5.681485524416123312e-01 4.838471985539877229e-01 6.329902275804450973e-01 6.570848690826237570e-01 5.682341380111337603e-01 5.819404085910853119e-01 5.867553724605629739e-01 6.050363890826095936e-01 6.822908681458879077e-01 6.481539004837311158e-01 5.908977309962984981e-01 5.303527342839712277e-01 5.731734932908653102e-01 6.222413904537874574e-01 6.278822592442564465e-01 6.185292994369464559e-01 5.736432281217075380e-01 6.062326752800182295e-01 5.938816890596918530e-01 6.211616160671900033e-01 5.766866208970763408e-01 6.050144936375947413e-01 5.877383422464530494e-01 6.107851972971579668e-01 6.204520174721244175e-01 6.306852677723822076e-01 6.237957488484509039e-01 6.066087187634489064e-01 6.127790604031622124e-01 6.064339638586926373e-01 6.428425464650020515e-01 6.272767096363148775e-01 6.257564175972520903e-01 6.169032900974000810e-01 5.778860703425504619e-01 5.796466200571969152e-01 6.127332688684257178e-01 6.435186413210456369e-01 6.420326699504695922e-01 6.618652051511019208e-01 6.462521906709598474e-01 5.939915667135532429e-01 6.284670360565856040e-01 6.010254072146622439e-01 6.514178695706025479e-01 5.965837973036497432e-01 6.280153307655632622e-01 6.111593506319882296e-01 6.080192049741077742e-01 6.156897649261559025e-01 6.327861718381916356e-01 6.281627489790626573e-01 6.181469735936190313e-01 6.294053818301427183e-01 5.785688019659611658e-01 5.859878218002363415e-01 5.983281418960554321e-01 6.424111802201004640e-01 6.394673205139782546e-01 5.949084879951761495e-01 6.045283532424182704e-01 6.072586496156237024e-01 5.940395738092381084e-01 5.969501298373939280e-01 5.983353069227238530e-01 5.990321726304156380e-01 6.074316924673445195e-01 5.967767859584662826e-01 5.878728505352180944e-01 5.923477343651886162e-01 6.157821211526131044e-01 5.825851002000732581e-01 6.113688198578607347e-01 5.954505471813730244e-01 5.907057628743008770e-01 6.080550755602017743e-01 5.967260779001454241e-01 6.075002542179818166e-01 6.026601927540148340e-01 5.936068556067010116e-01 6.098964670110241793e-01 5.974528372289125144e-01 5.785663087778091240e-01 5.707628833627662601e-01 6.222092172653835851e-01 6.389015917249329934e-01 6.106533760448995540e-01 6.096478332982426807e-01 6.104395411879229849e-01 6.138901231870349529e-01 6.187530142631181285e-01 5.990217662340373561e-01 6.245802570743494986e-01 6.267457222969902153e-01 6.027719866200740295e-01 5.713307611969858923e-01 5.825587894499392183e-01 5.929956777633578202e-01 5.989574890005452401e-01 5.952134811852027862e-01 5.893712438346291327e-01 6.102358268046328416e-01 5.979387205966673058e-01 6.112147091547120992e-01
9.098366125084776657e-02 5.611538181284031306e-03 2.148886684347456888e-01 3.337546379043072609e-01 1.000000000000000000e+00 3.185235317390535670e-01 4.050896518768025700e-01 4.152374370447143304e-01 4.545916481213412297e-01 3.415417710199342149e-01 4.367092176538975856e-01 4.564984561176866351e-01 4.784937082519356011e-01 4.063249609259225181e-01 4.777505456118717464e-01 4.800035993873293938e-01 4.033832860140709742e-01 3.941516081565624163e-01 4.044327175971964006e-01 3.971217807944685818e-01 3.826022895678551916e-01 4.153094170832364873e-01 3.915544727787191315e-01 3.528195453247216506e-01 3.779615698405824897e-01 4.706500856230519392e-01 4.551466584667238080e-01 4.321624347610351635e-01 3.581601560524081962e-01 4.591068714839610654e-01 4.564535969782418934e-01 4.354033099913643401e-01 4.124479197369820271e-01 4.135427133672818223e-01 4.336543003972836985e-01 4.211621537067117282e-01 4.457524435088939807e-01 4.366341098930644482e-01 4.545997266015904259e-01 4.286020493774438389e-01 4.595608548345905264e-01 4.700630381048821471e-01 4.547108029508888927e-01 4.813293568363290476e-01 4.666485973986155833e-01 4.619005606587849866e-01 4.692949267279780678e-01 4.674114220013804166e-01 4.707102032559006277e-01 4.542420369436816485e-01 4.615509996898824463e-01 4.567592862420670197e-01 4.809747758968658249e-01 4.685698257927045085e-01 4.717351800872963685e-01 4.634386958827307890e-01 4.820118902553736095e-01 4.691374871844523065e-01 4.613094412102013986e-01 4.963759400737940419e-01 4.714561055410834145e-01 4.802758295532042476e-01 4.710362650540803608e-01 4.834111634269309676e-01 4.812451194923850206e-01 4.810594836581031375e-01 4.634455070605070226e-01 4.641963385319640145e-01 4.552673918655604779e-01 4.658640637440681909e-01 4.663969059252071614e-01 4.691658228080258231e-01 4.355471888340551878e-01 4.468782902245759248e-01 4.694267161785234399e-01 4.645487224826805872e-01 4.619224754785155596e-01 4.350333640291501602e-01 4.577077549497604037e-01 4.578426047173315694e-01 4.633604115678567337e-01 4.597908943964719164e-01 4.617721310083690578e-01 4.555560433076374371e-01 4.599089770585425008e-01 4.524296460617814319e-01 4.564377514990150542e-01 4.619712354662834364e-01 4.589371639396616631e-01 4.590262232438540035e-01 4.585017822059884174e-01 4.682437284466451355e-01 4.685772446428968507e-01 4.653793138002797480e-01 4.657620104751876156e-01 4.639865017055825880e-01 4.755650308963403905e-01 4.777084636826240405e-01 4.713230499287656694e-01 4.696631873348259267e-01 4.698971459130308337e-01 4.723537916485153754e-01 4.794307120799183863e-01 4.778091927067639189e-01 4.760432239606594007e-01 4.715963745654345174e-01 4.694765117514723141e-01 4.655533270778169364e-01 4.679747122180178409e-01 4.733040186059395693e-01 4.639476607726056301e-01 4.741717121389304457e-01 4.715440528975721746e-01 4.741522322549213131e-01 4.749906540211990547e-01 4.755666635056714497e-01
6.481221982511968516e-02 6.566828597064053308e-02 2.013886558670598126e-01 4.077082521187408437e-01 3.185235317390535670e-01 1.000000000000000000e+00 5.180427591176268720e-01 5.111599169188935088e-01 5.312776963785343920e-01 4.774250817357373888e-01 5.372210169886572073e-01 5.635612861406488205e-01 5.346844485754612686e-01 5.262649879367031769e-01 5.811737805604123563e-01 5.717259377992978120e-01 5.291611029355662854e-01 5.137527117431207602e-01 5.354905691549094460e-01 4.527464592327967163e-01 5.029162954484143189e-01 5.313834380594641971e-01 5.057245761032046483e-01 4.610942135825660815e-01 4.987149157486962525e-01 5.810457772936915566e-01 5.719621500094185240e-01 5.638656641734315356e-01 5.301121834953176348e-01 5.649664851470327376e-01 5.750629444085613162e-01 5.661900768084159319e-01 5.364599453765512838e-01 5.535968973175436902e-01 5.576541532099673626e-01 5.614882425831803081e-01 5.727337683584357020e-01 5.818051069245147033e-01 5.868414738336488190e-01 5.728287841513974854e-01 5.961685874472109070e-01 5.942586703588961239e-01 5.820989232729559815e-01 5.955506743302401151e-01 5.897141372425812600e-01 5.905914908536398222e-01 5.879346391299293817e-01 5.918569953206205270e-01 5.966562572229748840e-01 5.826758221756099809e-01 5.944303318790160606e-01 5.740776162534264593e-01 5.857191740912091049e-01 5.919291407549016615e-01 5.950535126180173107e-01 5.927320422092682284e-01 5.884526044921800647e-01 5.869452896235232142e-01 5.988085912328411364e-01 5.943656137214995416e-01 5.903326598279560189e-01 5.923907151696514717e-01 5.884195222265625747e-01 5.995784735904762242e-01 5.846719769262301858e-01 5.870832622239731124e-01 5.863059270607953177e-01 5.864917405606724365e-01 5.873616863230933793e-01 5.895899439793649277e-01 5.930035134031750310e-01 5.849945050354523612e-01 5.734232428277641347e-01 5.808483985808933214e-01 5.925749017149312126e-01 5.934965396566990181e-01 5.900542537748005856e-01 5.851949442752168995e-01 5.822272204586563804e-01 5.831974574329648053e-01 5.833960613457306321e-01 5.833387355617482006e-01 5.968405530830682704e-01 5.813134189764710413e-01 5.902965358938613294e-01 5.863801347237252992e-01 5.874089656629798428e-01 5.995404710617282529e-01 5.944261166175919264e-01 5.941101595645522648e-01 5.928058972548070349e-01 5.948577640748488049e-01 5.936426490078091645e-01 5.922726227535841659e-01 5.892268976014390924e-01 5.862193512407488649e-01 5.992470306559216642e-01 5.933419435110767193e-01 5.954735858896501588e-01 5.994908465502843953e-01 5.969011038278264625e-01 5.953621329661550332e-01 5.910957057458980923e-01 5.951792632691611518e-01 5.949296902467249293e-01 5.946227070149820992e-01 5.957775232935557108e-01 5.858280242327824627e-01 5.886966006029769050e-01 5.927477051867827695e-01 5.931180047143763678e-01 5.926449110268510179e-01 5.888943652636006165e-01 5.962573628450512642e-01 5.909143541191685944e-01 5.882687133415821501e-01
9.443985692427857292e-02 1.493165559502793449e-01 3.148777696637528600e-01 6.253190329722541074e-01 4.050896518768025700e-01 5.180427591176268720e-01 1.000000000000000000e+00 7.208270930160790568e-01 6.967041252659581518e-01 6.173382471365077562e-01 7.116998222384733896e-01 7.805698672007007621e-01 6.939615866401175337e-01 6.506593545030795456e-01 8.464593180038906262e-01 7.963664243763862727e-01 6.936653803987724576e-01 7.064352208570814362e-01 7.233904561347426210e-01 6.458848495002172951e-01 7.191314576167527894e-01 7.428967065471053788e-01 7.248076236478011580e-01 6.241915304671805664e-01 6.956988941938939686e-01 7.753412203436245154e-01 7.765369104013039037e-01 7.585993233067405139e-01 6.809916897468007990e-01 7.619778279274306287e-01 7.633922528466788870e-01 7.686927544333320705e-01 7.547733716578038932e-01 7.502539402484900144e-01 7.711926823326260561e-01 7.425681136900251778e-01 7.747382506960462933e-01 8.009402237461616947e-01 7.907896846600472873e-01 7.734213952746701315e-01 7.745141783932645296e-01 7.817519492984368323e-01 7.906109843693228667e-01 7.888280237682169238e-01 7.830478466751067401e-01 7.880885374390305120e-01 7.591753706434756221e-01 7.608543129469534927e-01 7.811576148397246788e-01 7.938006541949292894e-01 8.056714655906931366e-01 7.744974696573849737e-01 7.761627378778145347e-01 7.670700503090291944e-01 7.913542423571084949e-01 7.766962477985319691e-01 7.904129123754864983e-01 7.595109644612264566e-01 8.007197482271430911e-01 7.718417853238334070e-01 7.802431034590915360e-01 7.801612359078651249e-01 7.895186595767819115e-01 7.907708001421329680e-01 7.630789980640815262e-01 7.745772495623994836e-01 7.561961402628580853e-01 7.618306147823198371e-01 7.719720800039993058e-01 7.807383194099021262e-01 7.881832302291664760e-01 7.683240379146414334e-01 7.544306959232008891e-01 7.645249193760161877e-01 7.711270928164377647e-01 7.719402639086951901e-01 7.761210448506760118e-01 7.569451994758250590e-01 7.805862064675405110e-01 7.714834598469283433e-01 7.696382539712486315e-01 7.634832476661870260e-01 7.830189313874980073e-01 7.710797790395264029e-01 7.859959379588464801e-01 7.671973470749251511e-01 7.638094840837649224e-01 7.912629963454882454e-01 7.771799745836035500e-01 7.864590048930683031e-01 7.827292740695407369e-01 7.744980724395473803e-01 7.794331785024846138e-01 7.734823444662092262e-01 7.575675579195614295e-01 7.520275567844589837e-01 7.849966421618514989e-01 7.842815381227874472e-01 7.817161419100655539e-01 7.845008070249811505e-01 7.788180069877892464e-01 7.807905614601933220e-01 7.757237710710730427e-01 7.703650826485882730e-01 7.777646027526005090e-01 7.840525039925126949e-01 7.746697703653592226e-01 7.541072834640064615e-01 7.612455864377212222e-01 7.673835188377561289e-01 7.742128003523243152e-01 7.625293583644225937e-01 7.608100212078726665e-01 7.741843520586713101e-01 7.613916396660739272e-01 7.676573540139772778e-01
1.379091223867294214e-01 9.321865366923359764e-02 2.813437773787800245e-01 6.305818175856712227e-01 4.152374370447143304e-01 5.111599169188935088e-01 7.208270930160790568e-01 1.000000000000000000e+00 6.931949322281606429e-01 5.743965952100691386e-01 6.831019596756352508e-01 7.786417858253172897e-01 7.067686139334052875e-01 6.251156186844697427e-01 7.806109293074695588e-01 8.192147842989765394e-01 7.080014618117724812e-01 7.234030006156969561e-01 7.266505412314139267e-01 6.870769567189773941e-01 7.938506039733946862e-01 7.661216258167538040e-01 7.306620627115253397e-01 6.695048813597870296e-01 7.008028477285127567e-01 7.797341931144833316e-01 7.640304791015098962e-01 7.518564258131376077e-01 7.134628960471166570e-01 7.661127364754035662e-01 7.393398947304739011e-01 7.849780632319265372e-01 7.359604833367346943e-01 7.469771868993904107e-01 7.454853876654935485e-01 7.592390380190724430e-01 7.651734627074643358e-01 7.956674147171106659e-01 7.803366063396454111e-01 7.646656477930302565e-01 7.712250238366934463e-01 7.695187968576923110e-01 8.039373182360511905e-01 7.860715128563579013e-01 7.760329775608146852e-01 7.803893637591101662e-01 7.519722319674259081e-01 7.507687719924863723e-01 7.852141013595577146e-01 8.082257337316565149e-01 8.070200696176965671e-01 7.986447970294630050e-01 7.893554826479793896e-01 7.616147351310479374e-01 7.980641995623523055e-01 7.801668476186079948e-01 8.097572315310750390e-01 7.555321011701694456e-01 7.999830941483566660e-01 7.728101236029847332e-01 7.817728673683130847e-01 7.802854524145524939e-01 7.998424609046806966e-01 7.909258703193875473e-01 7.657350839609680104e-01 7.737151450515210582e-01 7.403039134559714629e-01 7.460868831016738145e-01 7.548716881876872398e-01 7.885640147731550753e-01 7.916219576594211160e-01 7.507561672346118042e-01 7.642468192676210581e-01 7.650686638815311635e-01 7.536102366002417341e-01 7.549090031280785151e-01 7.546041284544728889e-01 7.560972939065676579e-01 7.536011341771935435e-01 7.521899323389917846e-01 7.463817817325388848e-01 7.377217803290714304e-01 7.716196170916123087e-01 7.413127615165802098e-01 7.721202527628466816e-01 7.547832033768953064e-01 7.449949223363163675e-01 7.730602261306270817e-01 7.579226704950473570e-01 7.703255069421639512e-01 7.583712599858206671e-01 7.567302352828869649e-01 7.635345111500879689e-01 7.552305128835260506e-01 7.434976090946888716e-01 7.362816166567238696e-01 7.915124996524282031e-01 7.955775090959573692e-01 7.736328859786589796e-01 7.780144058717496369e-01 7.751118007733759363e-01 7.789195469740316513e-01 7.689323755365767843e-01 7.650730953016258162e-01 7.793322316014447138e-01 7.817389815421154076e-01 7.675181774792880773e-01 7.343917963096858736e-01 7.458334293210071575e-01 7.572849221809249132e-01 7.625867537682398112e-01 7.486177435198907437e-01 7.521617873143098265e-01 7.716892821610572550e-01 7.525313797499921797e-01 7.599410130835847488e-01
1.681338286642481139e-01 1.294762921073549788e-01 3.292141955479312987e-01 5.538371113517996935e-01 4.545916481213412297e-01 5.312776963785343920e-01 6.967041252659581518e-01 6.931949322281606429e-01 1.000000000000000000e+00 6.919687420136846345e-01 7.864176240505728055e-01 8.251790467374284788e-01 7.524715239218563445e-01 7.422441410108773230e-01 8.309251044168528555e-01 8.332114610074471406e-01 7.862795675267324480e-01 7.566177925227208778e-01 7.712772628376461936e-01 6.794306845335125189e-01 7.051562374330403449e-01 7.591363974296435613e-01 7.390731835058091947e-01 6.521553191843572073e-01 7.285963247202620341e-01 8.491282184562820579e-01 8.423883177000075495e-01 7.962012414070864796e-01 7.508478463771121048e-01 8.582558288630353083e-01 8.627114051412712037e-01 8.201794110299397422e-01 7.661806043416343748e-01 7.927904281024220623e-01 8.274692834583579071e-01 7.754213550274841049e-01 8.432962847669331907e-01 8.178279633346097199e-01 8.410344259195555727e-01 7.809878127262787073e-01 8.549642721737802376e-01 8.382925467909866368e-01 8.152325326864164889e-01 8.598775496684540887e-01 8.392972527705084840e-01 8.502893968656670687e-01 8.691022405544247542e-01 8.752870898224137663e-01 8.730537820885926337e-01 8.370858555669835610e-01 8.505745091953412773e-01 8.209500764831917374e-01 8.503081906300387072e-01 8.785703017313464258e-01 8.707453832114219194e-01 8.571865044580242454e-01 8.648055200959199329e-01 8.650070704661689813e-01 8.655927867286233868e-01 8.849818751190857702e-01 8.699624033454951277e-01 8.793807779208860920e-01 8.673103899961849272e-01 8.793305448486558040e-01 8.739005788778808625e-01 8.779397148401113515e-01 8.697213226551705478e-01 8.648907389565406723e-01 8.653996263926239108e-01 8.602024007561549501e-01 8.593270019365806256e-01 8.659793661132895171e-01 8.295807159949800669e-01 8.470809095784062048e-01 8.758553969770918046e-01 8.700006757187999096e-01 8.604008101961517774e-01 8.530941749952710706e-01 8.630684053376291853e-01 8.738246194145244949e-01 8.710811084296660178e-01 8.689739428824406753e-01 8.640829369332421184e-01 8.616463618725359597e-01 8.575312089655802161e-01 8.552226237960116606e-01 8.567889994485240468e-01 8.685086622356423813e-01 8.666448645689502905e-01 8.652958066946094817e-01 8.516030121399336128e-01 8.648635988480103398e-01 8.675784888101187864e-01 8.668290520020395240e-01 8.670191638854104488e-01 8.672996104138636086e-01 8.670063331403358164e-01 8.732084040849852347e-01 8.755367610608341122e-01 8.711269552597882271e-01 8.664838454236092335e-01 8.773739724146274455e-01 8.686713737149557302e-01 8.733521650660014402e-01 8.691842549452003519e-01 8.739069808745474344e-01 8.775032176006392071e-01 8.686920972557364840e-01 8.718462096122716609e-01 8.739338688494522334e-01 8.698819203830732150e-01 8.748382232253348878e-01 8.731969367391881898e-01 8.797570377006098674e-01 8.725376785891264531e-01 8.745103732494574622e-01
4.768944902335415376e-02 2.000156540638592939e-01 2.793679509068638378e-01 4.511581218169473662e-01 3.415417710199342149e-01 4.774250817357373888e-01 6.173382471365077562e-01 5.743965952100691386e-01 6.919687420136846345e-01 1.000000000000000000e+00 7.232975096149777405e-01 7.291615674881485321e-01 6.609177385206268518e-01 6.714268858339774715e-01 7.455108117352036157e-01 7.248689436390136631e-01 7.043907765522294806e-01 6.500448148512389945e-01 6.802339372177725885e-01 5.611934248242149703e-01 5.843525074998492386e-01 6.608396169766350692e-01 6.622374160515954733e-01 5.483863415431560195e-01 6.555961493044027977e-01 7.513422548700401382e-01 7.569380530919936900e-01 7.184586782454394083e-01 6.808640613813697895e-01 7.691194886467158653e-01 7.889278242305884925e-01 7.341130200664123251e-01 6.947422742726793166e-01 7.104412420681432971e-01 7.532876491045386036e-01 6.898653410144519604e-01 7.606907443809076685e-01 7.310471548950122633e-01 7.606157510554371060e-01 7.082106629717991320e-01 7.761986166619621041e-01 7.647806468190819773e-01 7.187509890597896245e-01 7.688594946922571172e-01 7.584110342444284614e-01 7.678112471737750244e-01 7.827139748142508680e-01 7.938276845436226248e-01 7.794716358972821890e-01 7.346144242474629271e-01 7.514992466975004559e-01 7.082648730371529089e-01 7.356951013448350674e-01 7.872033685762173105e-01 7.667584853020630309e-01 7.701631505901761487e-01 7.378746858477160941e-01 7.838481611521239678e-01 7.682971783357834816e-01 7.711048041683502552e-01 7.817507956884108822e-01 7.691937611430421651e-01 7.609925256022824769e-01 7.758428313798539921e-01 7.756212689621913015e-01 7.708794033028107950e-01 7.918188694679568762e-01 7.865519036609174286e-01 7.885630704937089952e-01 7.793990296675575857e-01 7.734130385638006144e-01 7.917992920638697862e-01 7.504829582275596156e-01 7.734922913858601756e-01 7.938578230383889212e-01 7.898492764380088405e-01 7.824902559860668072e-01 7.780989388528609663e-01 7.929421322813806627e-01 7.963322065118217941e-01 7.910643557671068749e-01 7.985844410460433140e-01 7.827661140834920595e-01 7.893178152791595625e-01 7.784179795260519619e-01 7.834213199841143505e-01 7.843490478123739118e-01 7.869500147408909907e-01 7.911157853934460693e-01 7.847234365400276301e-01 7.779142103327796320e-01 7.868756351522115944e-01 7.861880313987047453e-01 7.908455386641478624e-01 7.944020343295439268e-01 7.959379470481815488e-01 7.692213206040815487e-01 7.596200986597787530e-01 7.867977167564594865e-01 7.807284521445198022e-01 7.815558525815312629e-01 7.811309891278611639e-01 7.813330738641123263e-01 7.871967738070392295e-01 7.780170887129943535e-01 7.765053853258351291e-01 7.893581697804453734e-01 7.951046813634334853e-01 7.932102062782515617e-01 7.887112975278645077e-01 7.879583529702391953e-01 7.912568153033497920e-01 7.877458477613364929e-01 7.875112180898377057e-01 7.851875505130384569e-01 7.820799892947951637e-01
3.758142355170249194e-02 1.539200454097087167e-01 3.536846123551851129e-01 5.832469505520646580e-01 4.367092176538975856e-01 5.372210169886572073e-01 7.116998222384733896e-01 6.831019596756352508e-01 7.864176240505728055e-01 7.232975096149777405e-01 1.000000000000000000e+00 8.592952561630324837e-01 7.453529611808284994e-01 7.568865794605382780e-01 8.590660028369249135e-01 8.419384623964123460e-01 7.803551267583810347e-01 7.426786269724064971e-01 7.695002763403623325e-01 6.569629867539619195e-01 6.962103642760691935e-01 7.532294342052238134e-01 7.425234663841103755e-01 6.304777315011889094e-01 7.356756487900586450e-01 8.459251778461818194e-01 8.584210393785118853e-01 8.041556103738418670e-01 7.530651146411900809e-01 8.607249714564144671e-01 8.945581014728442026e-01 8.284542125334612983e-01 7.799050012475714500e-01 8.082822657478262451e-01 8.402005881723039193e-01 7.982167066432067637e-01 8.642465662312789343e-01 8.267270072483620114e-01 8.637402685877320074e-01 8.091231527867545070e-01 8.691399198774880652e-01 8.631584981530587841e-01 8.349495325109502764e-01 8.756621261148277435e-01 8.683534730495466869e-01 8.701134250628251854e-01 8.870186808892794872e-01 8.879659156606338755e-01 8.841020805050207043e-01 8.519474459767293339e-01 8.697784340307519457e-01 8.375855477864708742e-01 8.650718503058799635e-01 8.875369177118046515e-01 8.781421825122094349e-01 8.648097158584646671e-01 8.662871361673231130e-01 8.884614061082762859e-01 8.794367144662000868e-01 8.836039531673983705e-01 8.897597284122320538e-01 8.820287871418992509e-01 8.809854208056909775e-01 8.867478570440691099e-01 8.848682676779073830e-01 8.883934779142660387e-01 8.928867754408782442e-01 8.883320634920381931e-01 8.880184360879800343e-01 8.839516618021330263e-01 8.794171042489099532e-01 8.899881798768951580e-01 8.459172019480971638e-01 8.671239231511757017e-01 8.962525686291585858e-01 8.924913178273966574e-01 8.820373778786109176e-01 8.745258226182861527e-01 8.928030580133060612e-01 8.954203365333118780e-01 8.900072768158173719e-01 8.987067016799191732e-01 8.861626947888496808e-01 8.892359702938990029e-01 8.821491392723317393e-01 8.837951021387462358e-01 8.882537035534284753e-01 8.890236572632694845e-01 8.915487302422226978e-01 8.863854949506537739e-01 8.792945314521601885e-01 8.904747054955218788e-01 8.926640074910771050e-01 8.929277965852485677e-01 8.943157599853317485e-01 8.936299544555890151e-01 8.834383976345333567e-01 8.787522405599478281e-01 8.947050468501603904e-01 8.888122545822355614e-01 8.890137809588698481e-01 8.927247980130146310e-01 8.946440906960615447e-01 8.943128254008468891e-01 8.926619203960104443e-01 8.896371630842901945e-01 8.942032043613727943e-01 8.929975825413571933e-01 8.947996944412817122e-01 8.931098500468969137e-01 8.939857586176823689e-01 8.953147769997096272e-01 8.918389488894793438e-01 8.940693933016062855e-01 8.915310902341379018e-01 8.956077616586411994e-01
6.432269262361017814e-02 1.230490726358607206e-01 3.508203423849416414e-01 6.540566939815128933e-01 4.564984561176866351e-01 5.635612861406488205e-01 7.805698672007007621e-01 7.786417858253172897e-01 8.251790467374284788e-01 7.291615674881485321e-01 8.592952561630324837e-01 1.000000000000000000e+00 8.147216631157339073e-01 7.926329235252005390e-01 9.071105009536228891e-01 9.119033557802331824e-01 8.294219059731093857e-01 8.081439197067137314e-01 8.322021192545467905e-01 7.283945909363239712e-01 8.077223948065453962e-01 8.391120105919055439e-01 8.199200925840947063e-01 7.114354650292288307e-01 7.985657991025223446e-01 9.009891324561707382e-01 9.074656664159252983e-01 8.861390406365039496e-01 8.276263164518093962e-01 9.029652376855021867e-01 9.206299570779381547e-01 8.944752058533418371e-01 8.551446856643336591e-01 8.685179154732334261e-01 8.916136110895149791e-01 8.712948009179005693e-01 9.157178016165439249e-01 9.029998502045900599e-01 9.188893928580904591e-01 8.895342348908347185e-01 9.247371070202808907e-01 9.237867629079158371e-01 9.142653614745327451e-01 9.343582655778736035e-01 9.259513158296128754e-01 9.308894032150144549e-01 9.253776840725096431e-01 9.252769988158747738e-01 9.311174517654460248e-01 9.177460382997589816e-01 9.356551748069440455e-01 9.138143651792766109e-01 9.269598435699282213e-01 9.258021499117147224e-01 9.335868092364522086e-01 9.237856569856885969e-01 9.280676831143690464e-01 9.264216566541264575e-01 9.363418215108955112e-01 9.314342517703424473e-01 9.363345293813889469e-01 9.299852769051496493e-01 9.358387544332728014e-01 9.346703224460786164e-01 9.284080717482698919e-01 9.309619465536200789e-01 9.223758516089614057e-01 9.239397681946653895e-01 9.272336996398882203e-01 9.350338970481670842e-01 9.365877030900896516e-01 9.263905980335659374e-01 9.032445193707870912e-01 9.183360055656997201e-01 9.315589260888447187e-01 9.337589181573482389e-01 9.322755931847193089e-01 9.236410334181025528e-01 9.285432909269797364e-01 9.295905016798879927e-01 9.267562142100759237e-01 9.252978017209243511e-01 9.334145868322203388e-01 9.261703751473707724e-01 9.299399821189030524e-01 9.240692827881188398e-01 9.268073690993503533e-01 9.361119183064311455e-01 9.311643751288710691e-01 9.338508771216103010e-01 9.327415131641920709e-01 9.327735018127264466e-01 9.359770425459569276e-01 9.329307115706334530e-01 9.262327731801894837e-01 9.231599533174650318e-01 9.343545455656990795e-01 9.298154689059187072e-01 9.364048674876001011e-01 9.365838392737332319e-01 9.365005384278212164e-01 9.363865760095342328e-01 9.349680762449633642e-01 9.341356075190108132e-01 9.374893342072179170e-01 9.357904269673308351e-01 9.322594013272100799e-01 9.221742608510874462e-01 9.263404482280930274e-01 9.310677956452635406e-01 9.309227434932245693e-01 9.293998942088852466e-01 9.263834272673342474e-01 9.350184388158756521e-01 9.284470660855580482e-01 9.324285152928452058e-01
9.073384273109616482e-02 8.516210947243198215e-02 3.093787312205997786e-01 5.681485524416123312e-01 4.784937082519356011e-01 5.346844485754612686e-01 6.939615866401175337e-01 7.067686139334052875e-01 7.524715239218563445e-01 6.609177385206268518e-01 7.453529611808284994e-01 8.147216631157339073e-01 1.000000000000000000e+00 7.161119384755304518e-01 8.159846350002879500e-01 8.278737524219317301e-01 7.497907047517916590e-01 7.261644471481194518e-01 7.503355999662320031e-01 6.637453846635027466e-01 7.220732704727174101e-01 7.541081320445078839e-01 7.325356590752315489e-01 6.438286609820678130e-01 7.151903286871407195e-01 8.125946123832410439e-01 8.145439414903976605e-01 7.852695368700569611e-01 7.366601596985651312e-01 8.160653867979612563e-01 8.162959888050753676e-01 7.973060729147007919e-01 7.456158784718243115e-01 7.639737870332100611e-01 7.865707691737555685e-01 7.751039690957024497e-01 8.116856023810561371e-01 8.025806740828567154e-01 8.202911909577826899e-01 7.860930803232627495e-01 8.311140002007153527e-01 8.299460035659437240e-01 8.130714029926308095e-01 8.460772121743035390e-01 8.289590250733586130e-01 8.296264673057025529e-01 8.342526421385909607e-01 8.347748670344659061e-01 8.439008518545559889e-01 8.188894872878110798e-01 8.333580201271604260e-01 8.196331133163998750e-01 8.423239581161909850e-01 8.362245947740142293e-01 8.411881834642769284e-01 8.282818076616266234e-01 8.388927556188024992e-01 8.378359172653037090e-01 8.361296856452026249e-01 8.492941988889537441e-01 8.424028315514111576e-01 8.409912464160893553e-01 8.400429727832863236e-01 8.439468405607485346e-01 8.376967721728014737e-01 8.439927018697319649e-01 8.282050494438887300e-01 8.292695886934996485e-01 8.301169689172178678e-01 8.397581756932326336e-01 8.444839991066305229e-01 8.339745781764333898e-01 8.117300968380747328e-01 8.257250010639052284e-01 8.364523051015523292e-01 8.360860229563050749e-01 8.331735713465894255e-01 8.250088406858021584e-01 8.302344639275975879e-01 8.311700291745616198e-01 8.303906257699763538e-01 8.289068269195907224e-01 8.345104335186932509e-01 8.232922822433805798e-01 8.281035694893663646e-01 8.244348643113731390e-01 8.265139135604833154e-01 8.359920520020396317e-01 8.334601861270332090e-01 8.341206519477851744e-01 8.311512689048505820e-01 8.374401524794169438e-01 8.402970035351013944e-01 8.385085348686378559e-01 8.349432459611623170e-01 8.313822058702398099e-01 8.405170143173417152e-01 8.387672109968508094e-01 8.448024127375265424e-01 8.415836796137474707e-01 8.429768198579031813e-01 8.426323943332042488e-01 8.431329578875328412e-01 8.437826809974727782e-01 8.459766281509021324e-01 8.405622761789848241e-01 8.395911603467980378e-01 8.314441360516229285e-01 8.342382485758745858e-01 8.401506684735469133e-01 8.356708842920660407e-01 8.395090413066617074e-01 8.360001730421986466e-01 8.412736687891878562e-01 8.387747214166678678e-01 8.413157656088878777e-01
