1.000000000000000000e+00 1.503371254657689948e-01 1.689176380754284224e-01 2.400630559900662486e-01 1.846343345863360463e-01 1.058724812870992515e-01 1.446712039841403508e-01 1.859299774379485903e-01 1.504800603432440431e-01 1.058030141125273493e-01 6.502239439479354233e-02 1.153163998909879639e-01 1.110966297067295661e-01 5.618698461030911806e-02 1.044728870744103671e-01 8.320450360997615202e-02 1.465928591917790291e-01 1.406921042749096629e-01 6.347075397221592363e-02 1.062381552147295127e-01 1.219753900832488830e-01 8.822227067228118058e-02 1.346379799443349068e-01 4.671990657505661199e-02 3.726875655520882347e-02 1.210911996145043190e-01 1.031004648046221217e-01 1.127922222449607575e-01 1.145662613011367431e-01 1.441169462930574074e-01 8.654905316428075646e-02 1.071243960305652138e-01 1.108707821002322819e-01 5.226215701760580923e-02 1.470800351671174566e-01 4.380850277828946676e-02 5.077205805264714544e-02 7.508345470024679891e-02 7.079776659179382037e-02 3.875483645750695677e-02 6.045810415494892037e-02 5.952343506947536944e-02 6.246574447071326364e-02 9.460729557503474996e-02 5.313122120657142594e-02 6.024978732900198447e-02 4.273170480056146664e-02 5.046672018932046172e-02 7.481070157068255011e-02 8.813448992501204948e-02 6.997350555703510389e-02 6.109321601390715895e-02 7.016430168551300584e-02 7.177315036428649764e-02 8.008801906870596787e-02 7.530624319371344300e-02 1.317423663277779711e-01 7.858947825111510521e-02 8.623174359844795744e-02 7.976028606651880404e-02 5.372470220991120565e-02 7.896933802536851288e-02 9.363919831173535269e-02 8.869895438482811034e-02 6.854589581933036302e-02 8.735426891181921616e-02 2.441970344194341683e-02 3.818721412654207253e-02 3.992152105621505492e-02 5.735589755315925742e-02 4.829538727658920505e-02 3.719961346149500137e-02 2.060273152960329437e-02 2.632953260087378400e-02 6.855081483559058442e-02 5.920426625888802752e-02 3.397652986350045007e-02 4.807762260090244627e-02 3.288841125813651844e-02 5.217457775295117339e-02 5.195945102460645948e-02 3.655399460431084380e-02 3.640057396582016547e-02 5.191853981847894400e-02 3.127889727964279498e-02 2.571637672124549648e-02 1.388568612982947828e-02 2.845561459893653292e-02 2.900675323619021639e-02 4.025555832506850368e-02 2.026068686414269487e-02 3.270609379217050833e-02 2.398596724085945778e-02 2.545974639124947911e-02 1.538643605511314308e-02 2.540798899588610563e-02 4.229881287837859716e-02 8.212099393228945721e-02 2.890954588091351057e-02 1.550720511722427503e-02 1.785095928105070312e-02 5.758985648942635538e-02 3.879217672161690278e-02 3.346017527854524415e-02 3.287035092686972637e-02 7.207003001488422600e-02 3.823251478368463324e-02 2.180322564865081261e-02 1.883616315832829791e-02 3.101483869791469769e-02 3.010446937126529457e-02 3.669669629408245370e-02 4.540090893268861755e-02 5.345431751929106273e-02 4.619777702651665235e-02 5.871388306238030375e-02
1.503371254657689948e-01 1.000000000000000000e+00 8.748169808409445025e-02 8.932134582888803798e-02 1.274386887250746336e-01 1.418996027148061168e-01 1.444331242500872248e-01 1.191401325380635340e-01 1.815491580413258199e-01 1.923137349329039070e-01 1.449556241881718721e-01 1.443118448657944031e-01 1.405680778332197844e-01 1.134284730934930763e-01 1.706158071693845979e-01 1.393470630142425171e-01 1.768372869305089856e-01 1.263978675165054744e-01 1.138951752571200626e-01 1.201229095067883612e-01 9.023505507901261047e-02 1.054749943411425056e-01 1.310773315803011596e-01 1.190748307582693566e-01 1.106423726867571955e-01 1.508800095874822111e-01 1.238480064152377158e-01 1.236209274834025318e-01 1.201231515040327991e-01 1.568534026725118269e-01 1.443996944026170182e-01 1.501932561780549291e-01 1.444521041745260026e-01 1.523041976684003651e-01 1.509565330502451730e-01 1.210661933206799296e-01 1.352280268218731818e-01 1.421058482324422112e-01 1.362828667431105756e-01 1.166703082233211675e-01 1.478652496255698501e-01 1.354706654080711503e-01 1.089822084851406747e-01 1.469400016327280789e-01 1.432071489558419120e-01 1.358243437778008655e-01 1.595065561240149865e-01 1.683680371497410511e-01 1.586801104897276604e-01 1.265750740456253187e-01 1.448477389637894686e-01 1.127655176648294510e-01 1.358912625991829659e-01 1.726917574759706531e-01 1.633840568761516787e-01 1.574098288175824201e-01 1.664441469146984431e-01 1.526999463541637014e-01 1.536857558863524431e-01 1.615428773221255498e-01 1.449590417540410625e-01 1.635560984446376431e-01 1.529633048004417628e-01 1.608545533719144549e-01 1.600896565917270531e-01 1.699677509976252332e-01 1.506886303907747637e-01 1.486390295182078713e-01 1.514815723122351632e-01 1.416723021159183304e-01 1.427654065534396943e-01 1.460080092179656119e-01 1.477638000021719300e-01 1.442295928429353224e-01 1.519532322303125127e-01 1.546737385832301914e-01 1.426315650123941847e-01 1.374272927488022489e-01 1.382794106674938295e-01 1.548917158695107543e-01 1.554509602544470737e-01 1.474740320658611825e-01 1.451598566024860926e-01 1.471386021964127266e-01 1.410404556833314282e-01 1.485357754560893140e-01 1.418130727587753326e-01 1.396976275132489898e-01 1.414385383546326314e-01 1.491590632018704454e-01 1.335108657022825163e-01 1.480718710642343061e-01 1.416743009334581749e-01 1.422881662929560698e-01 1.497928572864175578e-01 1.604913546927504431e-01 1.284832388388340574e-01 1.434153003764778722e-01 1.381694370688891504e-01 1.304468968514284899e-01 1.257912644782683553e-01 1.477922655958837650e-01 1.443736180360985222e-01 1.390921663664496655e-01 1.430244379164618829e-01 1.536576262117108072e-01 1.565858567900129117e-01 1.572835083232094755e-01 1.478326020590330359e-01 1.495039857925997695e-01 1.484998621111085770e-01 1.506343496198783438e-01 1.517786863681997445e-01 1.549285628271521165e-01 1.543806007956506077e-01 1.579025600138475594e-01
1.689176380754284224e-01 8.748169808409445025e-02 1.000000000000000000e+00 4.300653738838623452e-01 2.856798462251338155e-01 2.584530253183003334e-01 4.051627821494230286e-01 3.944417627521215053e-01 3.564372781240323085e-01 3.223023200239937824e-01 3.698225504997745272e-01 4.183882659551192984e-01 3.781486421139199638e-01 3.451621610151359154e-01 4.129316896087040778e-01 3.899633733564526472e-01 3.839427305679347091e-01 4.157211661794930069e-01 3.947327976575266684e-01 3.840199803105597831e-01 4.228752684555163732e-01 4.112529739829325903e-01 4.169176551477752346e-01 3.779757910432767209e-01 3.837066524084493668e-01 4.248321116928493457e-01 4.223897800568422456e-01 4.289081807258005030e-01 4.232900998766221945e-01 4.336533494026664770e-01 4.200769973741187435e-01 4.141947316725212991e-01 4.038181350343018616e-01 3.809304906010675396e-01 4.303919465504902897e-01 3.826082215366507500e-01 3.973077224196487900e-01 4.015634207172578685e-01 4.088222147131376216e-01 3.986469175257703057e-01 3.811595994266269716e-01 3.926583172806615285e-01 4.142601456021005046e-01 4.184010741095005037e-01 3.964362238744355560e-01 4.030816952860826752e-01 3.667866692079000401e-01 3.645383092962327654e-01 3.935150831113214953e-01 4.105552749841501758e-01 4.022889923805885171e-01 3.951250730675338052e-01 3.992617131476570713e-01 3.732969453313426111e-01 3.946312505378149482e-01 3.960388163651273885e-01 4.045342472923185162e-01 3.873667664398396937e-01 3.995001020543612058e-01 3.828129749704660134e-01 3.853949652834977591e-01 3.851615902301531724e-01 4.027556832388287100e-01 3.860470262933723973e-01 3.781648362264909968e-01 3.833074670602819034e-01 3.651064840836568126e-01 3.850678632932090784e-01 3.739804175302707812e-01 3.948670899042638904e-01 3.971962493892637891e-01 3.833526824695892010e-01 3.684010095949821761e-01 3.820577298571847802e-01 4.017121928477435655e-01 3.896795229850283371e-01 3.875374267059663036e-01 3.986853271829480794e-01 3.898939200821356366e-01 3.918743642765022961e-01 3.896592742860190972e-01 3.868381553086762126e-01 3.784456838671522716e-01 3.863084603587713106e-01 3.811996842123719920e-01 3.727848432398427336e-01 3.740860093351704996e-01 3.820664467481486581e-01 3.798872633580320790e-01 3.835061633202124232e-01 3.802261574866201421e-01 3.754804359570835248e-01 3.812907579187586049e-01 3.802867720360511017e-01 3.582433090377570295e-01 3.594853967027804020e-01 3.927047293668345929e-01 4.018206130374318286e-01 3.760102548801907973e-01 3.742352663037293858e-01 3.782863400359899320e-01 3.913477305515444815e-01 3.772030338512266656e-01 3.772472992207606124e-01 3.796022901575394903e-01 3.877127004428903012e-01 3.702817702505973863e-01 3.571021069617726362e-01 3.698273425744486587e-01 3.673588610085844475e-01 3.761041018047154849e-01 3.659842424142494832e-01 3.789165832562926828e-01 3.800950748544834057e-01 3.737075641647356061e-01 3.762924376117803837e-01
2.400630559900662486e-01 8.932134582888803798e-02 4.300653738838623452e-01 1.000000000000000000e+00 4.485102940695759322e-01 3.994624531399202927e-01 6.271049896086592357e-01 6.398022746162810304e-01 4.982840715607644300e-01 4.293849524022410047e-01 5.358155364559157308e-01 6.430367450332074020e-01 5.839689200489468490e-01 5.216562228734215045e-01 6.240529677011918963e-01 5.896133806305311476e-01 5.591366887913528094e-01 6.247886476848312221e-01 5.918033633692986184e-01 5.724964980782520918e-01 6.673739226853006024e-01 6.306920802496088774e-01 6.399676105756892941e-01 5.826296961865193857e-01 5.793374490506123520e-01 6.377829664879199889e-01 6.402921976995705755e-01 6.734547990818667840e-01 6.398318698543422611e-01 6.333316459516779018e-01 6.214226133809562791e-01 6.404496134626933568e-01 6.574873049407480297e-01 5.846439026242040704e-01 6.491870418696017442e-01 5.898756068068519154e-01 5.890258801199820260e-01 6.254468346236516929e-01 6.307895010899682298e-01 6.270512326418110627e-01 5.663060773975225892e-01 6.081080760251951212e-01 6.258665096959500351e-01 6.365787192341670897e-01 5.961091715421535930e-01 6.090673812539698639e-01 5.394471703290991682e-01 5.261595196706492228e-01 5.665525005204462561e-01 6.377938965474972965e-01 6.149014505508993977e-01 6.091517122112980465e-01 5.918135070905705675e-01 5.275365843173988045e-01 5.743256430169031423e-01 5.915507523629438547e-01 5.759783584835433956e-01 5.725892816735669300e-01 5.832969209140054234e-01 5.546937900454943504e-01 5.596062914522571541e-01 5.453922335953067524e-01 5.813598997673258273e-01 5.553611753601150891e-01 5.429494622264008363e-01 5.460468056324185859e-01 5.270918163236985032e-01 5.641678107039737045e-01 5.521298263316705146e-01 5.795783588546605802e-01 5.949963242122325857e-01 5.650058224659255668e-01 5.424253442835751393e-01 5.635721939375069045e-01 5.973391083904013854e-01 5.758127630452680723e-01 5.704161164017419461e-01 5.881268465050751848e-01 5.739158713232275222e-01 5.710153159445074955e-01 5.545243314333297979e-01 5.566354576636175500e-01 5.630067326385452819e-01 5.706078868984614250e-01 5.789882272020737686e-01 5.524741215757018598e-01 5.500218725244354623e-01 5.728392610182255762e-01 5.681450082494927667e-01 5.651884817794541327e-01 5.776957606186435834e-01 5.578605323325394050e-01 5.603931653844352878e-01 5.634864629875039332e-01 5.161532089558501513e-01 5.134893550950844210e-01 5.841092264989722338e-01 5.891132449293059459e-01 5.468504345570518455e-01 5.605398471357689871e-01 5.647871296921493922e-01 5.743216901815328956e-01 5.496104911481907163e-01 5.610293215566090064e-01 5.579651218419329206e-01 5.586824728075545643e-01 5.296556235112684918e-01 5.091733774817503999e-01 5.364511132812243011e-01 5.362997687553210380e-01 5.489123825951863767e-01 5.257775988325025240e-01 5.479072798923280141e-01 5.502747423109763947e-01 5.413148122639314108e-01 5.385088025191508976e-01
1.846343345863360463e-01 1.274386887250746336e-01 2.856798462251338155e-01 4.485102940695759322e-01 1.000000000000000000e+00 3.147571893141467014e-01 4.999865234333942254e-01 5.244790551064041351e-01 4.441836802812287321e-01 4.018799556005422380e-01 4.535000773684206288e-01 5.062494020283330176e-01 5.129908439721142521e-01 4.202925367946570567e-01 5.233823606836899289e-01 5.040410347273145408e-01 4.726712971311013423e-01 4.719252984361939074e-01 4.609049162494449070e-01 4.776397972105309586e-01 5.047609082943872449e-01 4.664001958078802246e-01 4.962684495984088784e-01 4.493342868302084292e-01 4.382554528390602000e-01 5.147276021086277797e-01 5.116268416800254792e-01 5.211812843674907825e-01 4.993266393491391231e-01 5.074648408344224482e-01 5.072216341321220678e-01 5.020711661030679007e-01 5.079028446676971953e-01 4.735654099020451535e-01 5.082640965197849914e-01 4.742952319960103136e-01 4.834956547493888257e-01 5.041375878680178779e-01 5.081187566491823793e-01 4.939456421482349424e-01 4.928737038599747544e-01 5.086577072476958783e-01 5.122440595045563150e-01 5.215819611535065237e-01 4.984537569173214666e-01 5.027125809289267888e-01 4.817241374227193007e-01 4.755640087495237589e-01 4.910329628359960119e-01 5.059915541775262815e-01 5.081624028933704462e-01 5.043993794266662389e-01 5.089414933507614425e-01 4.805491009916369460e-01 4.945411170004154200e-01 5.046009757418449260e-01 4.919117684754596431e-01 5.009604198442541012e-01 4.887725623816156495e-01 4.990621884164636035e-01 4.963683036662112635e-01 4.835091661876538827e-01 4.938260993650033792e-01 4.956036030912506218e-01 4.922829225761286009e-01 4.957497359358200573e-01 4.742517827994524038e-01 4.879072727679462651e-01 4.852872942126942868e-01 5.040418809442924752e-01 5.021935917082673839e-01 4.850558065651302542e-01 4.733835860059772416e-01 4.847262217291158914e-01 5.105146877327131349e-01 5.022571051309362433e-01 4.928594945503193547e-01 4.980962566692602733e-01 4.901273234793472877e-01 5.017096161350302896e-01 4.914994837610333622e-01 4.905598686821944776e-01 4.880318456975404340e-01 4.959077315076952375e-01 4.927413090754637626e-01 4.819177645715052027e-01 4.812477913164697196e-01 4.942814107244618560e-01 4.904576224826860953e-01 4.946273572573276489e-01 4.921016093146975412e-01 4.929892901001731720e-01 4.890495067680820651e-01 4.901772722792555603e-01 4.728404714958530652e-01 4.702638670100157681e-01 4.986118640173301531e-01 5.072752464750213131e-01 4.858287623630309082e-01 4.837221885582984604e-01 4.891151914112006338e-01 5.007916530633319541e-01 4.897847762142156225e-01 4.965285630919596405e-01 4.908777052163311172e-01 4.936955748790871068e-01 4.772827897632165861e-01 4.723933960833268664e-01 4.814385237082987601e-01 4.838945070006752114e-01 4.858042608822472630e-01 4.830907898205285544e-01 4.871488938208466957e-01 4.923509774080132018e-01 4.885743174639788355e-01 4.877058251912222975e-01
1.058724812870992515e-01 1.418996027148061168e-01 2.584530253183003334e-01 3.994624531399202927e-01 3.147571893141467014e-01 1.000000000000000000e+00 5.262046872144413578e-01 5.061196368519349509e-01 5.144546041834647809e-01 4.887540307169669362e-01 5.261709335156622425e-01 5.643594276450778491e-01 5.306961755108027257e-01 4.959799066437851622e-01 5.882155211759827473e-01 5.594552890812719559e-01 5.349612437360479200e-01 5.027949164503142665e-01 5.223991802104059889e-01 4.811118629215487830e-01 4.713036096154356036e-01 5.274417671025172227e-01 5.359752074092420937e-01 5.033209576138307773e-01 5.102061702440813251e-01 5.801835689915266769e-01 5.614389435703471820e-01 5.663927628775984324e-01 5.238895343717193676e-01 5.612969273880243914e-01 5.537624259221509693e-01 5.741259806964253976e-01 5.758939553946105239e-01 5.617060582908854904e-01 5.670368543058491584e-01 5.456576908442491991e-01 5.483705887735839113e-01 5.760163416808040671e-01 5.751925123899110925e-01 5.616686137072415264e-01 5.849478062217803309e-01 5.824523865901307662e-01 5.620912745231334551e-01 5.942744394735659519e-01 5.748443553840791864e-01 5.782139596293051076e-01 5.815211519878680235e-01 5.849088461468956446e-01 5.759393451853157542e-01 5.658718596630372133e-01 5.758515803774463260e-01 5.611535382189932752e-01 5.822173073674002941e-01 5.799728366310128447e-01 5.880180739012415003e-01 5.892575974790921212e-01 5.695807378322894632e-01 5.904929697137861755e-01 5.816338570243909656e-01 5.810168949095761981e-01 5.782244967577853112e-01 5.768972607012489151e-01 5.731197830642205115e-01 5.684692593828701845e-01 5.703764874776222626e-01 5.759089182700110054e-01 5.779766060402908856e-01 5.824513379491843557e-01 5.822343618885136296e-01 5.756610391013859962e-01 5.809547032055168980e-01 5.830075086763876202e-01 5.713875991921506525e-01 5.765167525084845535e-01 5.949431748247142604e-01 5.860410407972939106e-01 5.816397644696682523e-01 5.751755198554997506e-01 5.782457712981216025e-01 5.775343517326767540e-01 5.772649180806740388e-01 5.724853301947518958e-01 5.829428614024523281e-01 5.869444215170879220e-01 5.805065412336988251e-01 5.798810776043999970e-01 5.718135639082779775e-01 5.850902720906737686e-01 5.837491335705542461e-01 5.889889073619855031e-01 5.820159879435626848e-01 5.876678556630514638e-01 5.834107061214721668e-01 5.829830449350485999e-01 5.756075840955792167e-01 5.763513991941550119e-01 5.790975380057694633e-01 5.780564703365268509e-01 5.727584103832318307e-01 5.781598473633359214e-01 5.767707493280840314e-01 5.862620649426083519e-01 5.839784044890039549e-01 5.831677459167213806e-01 5.824189494007048218e-01 5.804396328069437727e-01 5.771246703245872522e-01 5.754910105883939142e-01 5.781828811876649210e-01 5.819305221517045990e-01 5.807677347983606353e-01 5.752367289483211188e-01 5.831538181485986794e-01 5.800303783836114890e-01 5.763520979504268560e-01 5.823175563595798243e-01
1.446712039841403508e-01 1.444331242500872248e-01 4.051627821494230286e-01 6.271049896086592357e-01 4.999865234333942254e-01 5.262046872144413578e-01 1.000000000000000000e+00 7.694371019786302446e-01 6.906667200991257749e-01 6.359124326885048362e-01 7.147646343507435551e-01 7.956547979588602937e-01 7.504241007487207904e-01 7.084695085839620710e-01 8.487475499965884129e-01 7.983885024396042418e-01 7.372647802222987989e-01 7.452519350015044397e-01 7.463934125597916358e-01 7.340031749993216614e-01 7.348217153181973993e-01 7.380306657576847229e-01 7.673856882404654911e-01 7.374689774161297118e-01 7.106839377948370728e-01 8.150030365235916285e-01 7.841307839020492665e-01 8.052022722786055242e-01 7.314114413477624810e-01 7.784860759551084364e-01 7.780156956653905276e-01 8.209963214948435839e-01 8.149693078705605442e-01 7.952227642934298624e-01 8.016278329008297288e-01 7.686029297439550545e-01 7.700641819693996304e-01 8.288005407358856047e-01 8.116328009263179544e-01 8.019025320324042472e-01 7.883760835018986945e-01 8.079699529221322507e-01 8.092748872028284746e-01 8.222302696296447388e-01 7.960950344861269512e-01 7.979043307354638515e-01 7.705634817207300813e-01 7.682182096459618803e-01 7.762697860082121704e-01 8.108820185018331683e-01 8.166400344166826475e-01 7.826914373265878577e-01 7.849056414302938434e-01 7.596461069680546796e-01 7.852738406641063262e-01 8.025284184267076348e-01 7.651790971113903161e-01 7.945501875400692304e-01 7.922049653346716624e-01 7.779305360389630053e-01 7.834710037477551348e-01 7.705456651455856454e-01 7.877839270890246715e-01 7.701275289772853139e-01 7.615622614354664588e-01 7.633819453125879617e-01 7.708179432918481622e-01 7.902437357255049921e-01 7.872031291613168502e-01 7.957163798121934528e-01 7.918822097993959419e-01 7.785468832815807261e-01 7.792983113397630168e-01 7.772037524545242215e-01 8.052274595173496419e-01 7.898136579788663791e-01 7.853610167306100953e-01 7.725917349562286818e-01 7.883537778470937063e-01 7.815487761111025167e-01 7.755275583351290969e-01 7.711439381022995310e-01 7.888464228103241327e-01 7.906554142170477695e-01 8.024228076965783663e-01 7.890852346675627516e-01 7.719053082376911012e-01 8.011244576083953461e-01 7.917187715317141050e-01 7.908749080896175787e-01 7.924983390014773699e-01 7.885928134220806518e-01 7.851530691567255582e-01 7.871143683215091613e-01 7.640155213750906560e-01 7.607463969098750001e-01 8.002796188731937654e-01 7.875108740961026532e-01 7.754817430599252326e-01 7.908650949566468080e-01 7.906426319318996532e-01 7.923931422270803493e-01 7.740738012833056070e-01 7.899897059585671011e-01 7.814457133146139878e-01 7.745501063002099285e-01 7.661658272786753265e-01 7.607973375603040989e-01 7.767966433929406334e-01 7.771193820212052294e-01 7.836599493517911741e-01 7.674198302154182638e-01 7.800382171652845420e-01 7.775809970413942729e-01 7.667239634850920860e-01 7.649648822501271539e-01
1.859299774379485903e-01 1.191401325380635340e-01 3.944417627521215053e-01 6.398022746162810304e-01 5.244790551064041351e-01 5.061196368519349509e-01 7.694371019786302446e-01 1.000000000000000000e+00 6.880260674283017464e-01 6.140318208047422788e-01 7.074209349683733272e-01 7.873781458606855521e-01 7.454831726954901372e-01 6.768758237835116320e-01 8.115053034987090852e-01 7.952896714409912748e-01 7.281174696959387127e-01 7.340196606140165780e-01 7.384123568964977569e-01 7.231545200846410948e-01 7.484851683198322503e-01 7.437906221115511141e-01 7.561949988027517611e-01 7.083530938132203136e-01 7.028149810742273518e-01 8.032032078306280409e-01 7.813974576921021153e-01 7.924733893816734431e-01 7.344283929129787891e-01 7.756935581773766186e-01 7.703050441097007983e-01 8.042245351105004048e-01 7.877616562481246643e-01 7.704000807821004271e-01 7.917313701660774194e-01 7.540911823604604658e-01 7.604890731193277853e-01 8.085894778705435826e-01 7.968851573762588680e-01 7.758729256795735552e-01 7.637341085568303267e-01 7.869870720724515545e-01 7.950623344951091021e-01 8.083215408515953548e-01 7.798708092189177155e-01 7.825281091035728442e-01 7.484592132074503468e-01 7.453206025757675990e-01 7.678512122777426674e-01 8.022791779709507187e-01 7.974839073293948921e-01 7.753664794777942459e-01 7.776049445018072825e-01 7.430976393508975653e-01 7.730020712198444333e-01 7.833347719732499659e-01 7.701356290181023967e-01 7.805512489020957068e-01 7.813500772865171751e-01 7.644410735614025620e-01 7.729421945056889065e-01 7.619852675485713212e-01 7.836431417350404605e-01 7.662656755444741119e-01 7.518496018687289562e-01 7.559387615874720856e-01 7.477456752412803276e-01 7.674826107062577840e-01 7.618976504523665705e-01 7.796923771021578853e-01 7.790500308488106374e-01 7.599451199991842376e-01 7.556656402078949508e-01 7.569078945245060197e-01 7.875979260518631841e-01 7.701875395969239868e-01 7.610736207916241058e-01 7.595155523156840172e-01 7.656671477200148734e-01 7.644583087782563791e-01 7.574869548766250960e-01 7.569504894023320052e-01 7.691847505040914079e-01 7.686754023181778805e-01 7.798828429025294051e-01 7.649423718561316754e-01 7.542462793998407911e-01 7.757646817271586226e-01 7.715629006302503479e-01 7.684281514637506527e-01 7.677153181967731888e-01 7.664415710803659243e-01 7.609631736911757205e-01 7.630759822824504379e-01 7.393589365931372281e-01 7.376531075522726466e-01 7.871719343064865759e-01 7.834622634040991906e-01 7.587774737059608254e-01 7.682715395984337503e-01 7.682928140984408572e-01 7.783149033731949773e-01 7.548420508515203409e-01 7.705835717534996743e-01 7.643341582841232107e-01 7.684579602330422476e-01 7.488955450034067152e-01 7.359978862721502368e-01 7.519964830304828318e-01 7.575347036099365772e-01 7.631173857323159115e-01 7.490888007179254959e-01 7.634538898679524843e-01 7.641120036849458064e-01 7.501490558530921060e-01 7.533833932134619271e-01
1.504800603432440431e-01 1.815491580413258199e-01 3.564372781240323085e-01 4.982840715607644300e-01 4.441836802812287321e-01 5.144546041834647809e-01 6.906667200991257749e-01 6.880260674283017464e-01 1.000000000000000000e+00 7.390719322633129140e-01 7.896488299772420616e-01 8.315020291402137609e-01 7.638960982710382153e-01 7.465347880749340082e-01 8.395356374859426207e-01 8.351704378848310295e-01 8.144055859816362597e-01 7.095753060859206762e-01 7.557530569571819790e-01 7.180547141196963468e-01 6.793974409591387875e-01 7.527934935701163788e-01 7.666118275262132631e-01 7.325834663193825369e-01 7.431143406424717268e-01 8.352615469172540719e-01 8.080389795621145677e-01 7.983356164593655713e-01 7.538789642152122772e-01 8.210593301115015619e-01 8.424551107888118562e-01 8.350610382542589250e-01 8.101783588862936369e-01 8.392102553983080693e-01 8.120225445967338418e-01 8.115313310368943434e-01 8.445302364610292045e-01 8.400161975426516658e-01 8.416219773377321411e-01 8.027888977798735004e-01 8.650259393243449058e-01 8.529439826933908897e-01 8.240121044470712919e-01 8.617857673730974222e-01 8.569945082047614182e-01 8.542438243375917173e-01 8.756531736404099542e-01 8.776759540936072135e-01 8.686793109929321632e-01 8.365096494356802914e-01 8.530198321542223905e-01 8.397362208144258933e-01 8.582018718746154962e-01 8.766146825959932887e-01 8.683692522392054691e-01 8.697202550899169049e-01 8.576501536187669528e-01 8.704409557320285096e-01 8.603447613613189882e-01 8.813442155345335705e-01 8.743617414244023722e-01 8.673698136429207617e-01 8.602282698536098948e-01 8.752637367593310014e-01 8.764520302608298508e-01 8.784446242578340946e-01 8.758322662820945403e-01 8.707973886144412257e-01 8.748079296452835329e-01 8.671811772533125628e-01 8.635813251640261923e-01 8.698251608266946988e-01 8.625711419017716430e-01 8.646774227935962731e-01 8.728730571000890004e-01 8.710683338294936684e-01 8.662893659639954169e-01 8.510440195352168002e-01 8.629842365424104100e-01 8.711860119051729745e-01 8.728952476472127131e-01 8.717347824283709912e-01 8.731532057109494538e-01 8.702728535235405571e-01 8.659248761716766829e-01 8.712107641091668686e-01 8.642832378525010517e-01 8.678336031721145538e-01 8.697671270225300066e-01 8.721148592086679363e-01 8.577990393477634701e-01 8.716279969443027076e-01 8.687118141377918601e-01 8.688477859488246136e-01 8.721460926396181756e-01 8.752262145055321740e-01 8.628994983531688145e-01 8.689107348912263884e-01 8.704297261989314416e-01 8.650578090951751564e-01 8.614943884333896573e-01 8.743661891484686421e-01 8.711132727085841854e-01 8.723974334500287364e-01 8.742633436670939062e-01 8.734890995323919549e-01 8.763451758184526152e-01 8.738762628903017360e-01 8.711327982096115363e-01 8.739703718264690835e-01 8.722135412689373535e-01 8.773456233041575514e-01 8.738638484230466519e-01 8.793061698009546623e-01 8.786890579922709277e-01 8.787402930153493941e-01
1.058030141125273493e-01 1.923137349329039070e-01 3.223023200239937824e-01 4.293849524022410047e-01 4.018799556005422380e-01 4.887540307169669362e-01 6.359124326885048362e-01 6.140318208047422788e-01 7.390719322633129140e-01 1.000000000000000000e+00 7.206030843532187369e-01 7.490224767140540862e-01 6.890643429043632473e-01 6.838712154826397382e-01 7.725815725785870614e-01 7.600264430533972826e-01 7.211196511400502773e-01 6.352958428282439174e-01 6.728065636556045392e-01 6.478134226861274048e-01 5.918029214831805884e-01 6.635191159397717531e-01 6.724297728961593501e-01 6.447461174313505738e-01 6.516894992125414898e-01 7.536240864487463442e-01 7.314876369875303874e-01 7.118829854705582827e-01 6.791252508969395363e-01 7.363615480201844976e-01 7.566265033963205378e-01 7.490584261602267757e-01 7.339300220705109457e-01 7.539007473379284452e-01 7.277393694330177576e-01 7.263174760630008997e-01 7.571852688272013854e-01 7.568735155854091623e-01 7.529438845647334899e-01 7.213316268424243560e-01 7.924899409850778564e-01 7.763100942265206417e-01 7.341684098593957986e-01 7.783500471051603142e-01 7.782755369753237007e-01 7.728810615785627336e-01 8.023795885548753448e-01 8.116980147849653937e-01 7.932826203771642382e-01 7.378383377560304712e-01 7.697804571946107455e-01 7.406924207462857179e-01 7.786651507004718198e-01 8.092777311231342807e-01 8.003267310197329509e-01 7.910473876188383047e-01 7.817226391118808904e-01 8.042798014510792459e-01 7.899753268387262883e-01 8.049924811441877548e-01 7.953775666336634353e-01 8.014896044095997096e-01 7.853005163437944969e-01 7.943300480666738439e-01 7.899663808923407249e-01 8.005376104239019242e-01 7.987716541147962257e-01 7.916224250938733720e-01 7.997785669861420255e-01 7.880515615147387631e-01 7.814495208144227600e-01 7.921253282967207765e-01 7.838248309506302691e-01 7.840829594672904523e-01 7.950497932244845467e-01 7.980734784946040827e-01 7.889863413774692580e-01 7.760537270985246039e-01 7.864054327174198056e-01 7.961579168211911917e-01 7.972302037270805330e-01 7.951442319402105552e-01 7.928920218209669635e-01 7.978108259463008167e-01 7.824548774018421637e-01 7.936667771655666614e-01 7.854917864221397927e-01 7.903802889002708998e-01 7.919769078092024905e-01 7.924300397086490033e-01 7.793039603869913456e-01 7.985109174961867451e-01 7.919898562717250234e-01 7.931439612138669881e-01 8.014918962150964221e-01 8.074209194129796652e-01 7.801836475512731184e-01 7.840733405932445166e-01 7.903810270651823178e-01 7.830699683788628906e-01 7.796573718498926997e-01 7.955391653103947025e-01 7.977561974106217590e-01 7.948067050594413985e-01 7.929112248917967731e-01 7.960883665849560753e-01 8.020935372454393031e-01 8.042445110843654543e-01 7.971946804214630200e-01 8.008237153314361478e-01 7.985747369551884356e-01 8.040195358776334178e-01 8.035363743975805217e-01 8.002908822224292784e-01 7.982914499103090922e-01 8.056944812849122783e-01
6.502239439479354233e-02 1.449556241881718721e-01 3.698225504997745272e-01 5.358155364559157308e-01 4.535000773684206288e-01 5.261709335156622425e-01 7.147646343507435551e-01 7.074209349683733272e-01 7.896488299772420616e-01 7.206030843532187369e-01 1.000000000000000000e+00 8.498436178270710739e-01 7.800965468378791012e-01 7.722757185618027709e-01 8.608501638200974915e-01 8.546138395159628143e-01 7.925045978643585620e-01 7.248342486373297033e-01 7.800985934387303367e-01 7.342739053102206315e-01 7.111325524146238086e-01 7.798656751830905787e-01 7.825154729341343707e-01 7.626251081961640255e-01 7.739082036596467429e-01 8.511428639770376448e-01 8.386837968879063965e-01 8.397541839619919735e-01 7.931465621210891381e-01 8.370444658482745215e-01 8.759341233350556033e-01 8.479229472498311937e-01 8.334729264444676877e-01 8.527787258921881719e-01 8.246494806956573553e-01 8.347462824209399557e-01 8.667985625650439507e-01 8.687899537981940146e-01 8.731259130839545968e-01 8.425902671717540038e-01 8.795017087910899090e-01 8.798249581486172755e-01 8.599845253352694785e-01 8.840099355409298809e-01 8.794914143747778468e-01 8.812935137399054986e-01 8.864437029703685633e-01 8.842192725664733688e-01 8.785456412193759501e-01 8.555036475956407926e-01 8.801208443645551771e-01 8.611175897924679967e-01 8.767569374978296803e-01 8.782956303044269220e-01 8.768318098726775034e-01 8.832996196789720811e-01 8.530616334706156989e-01 8.823043303558824046e-01 8.753223857830126908e-01 8.848114252736671848e-01 8.893494209555264929e-01 8.757554585927345148e-01 8.713414365235957471e-01 8.769873574128357330e-01 8.791515058695341667e-01 8.762158718608064056e-01 8.874064523266126381e-01 8.865752058393951973e-01 8.886402067013043915e-01 8.848681298650429294e-01 8.855869938231440974e-01 8.854336378546091568e-01 8.771119938790369330e-01 8.850780519645481403e-01 8.932440349739414476e-01 8.907210040260242767e-01 8.894655509489578504e-01 8.809676570371747228e-01 8.899845249260698310e-01 8.879658874132430046e-01 8.887219060422415495e-01 8.907806289863711147e-01 8.896984258194415851e-01 8.882890961182233758e-01 8.844713193825313180e-01 8.856878441647780820e-01 8.850448589841405367e-01 8.890207560306440104e-01 8.909709348659139438e-01 8.901709181240127222e-01 8.865025837161741862e-01 8.915573231445962366e-01 8.895198201925782477e-01 8.914110566132638080e-01 8.853423080850088001e-01 8.851536751209697629e-01 8.820632853002547957e-01 8.766274808319729495e-01 8.843891869045958920e-01 8.865811526126095021e-01 8.856118691807656207e-01 8.870399633970408315e-01 8.836098295994989638e-01 8.907031291376330540e-01 8.885256560398164805e-01 8.785337627188463117e-01 8.838086587335869382e-01 8.839231066838116879e-01 8.889381571405355897e-01 8.882373950066362323e-01 8.870868453713545154e-01 8.859713638541972802e-01 8.856867147042349897e-01 8.870031772473730980e-01 8.857375537466544158e-01 8.834085769045727510e-01
1.153163998909879639e-01 1.443118448657944031e-01 4.183882659551192984e-01 6.430367450332074020e-01 5.062494020283330176e-01 5.643594276450778491e-01 7.956547979588602937e-01 7.873781458606855521e-01 8.315020291402137609e-01 7.490224767140540862e-01 8.498436178270710739e-01 1.000000000000000000e+00 8.393045133973229266e-01 8.046210607954973337e-01 9.163597681493170777e-01 9.078198470244799312e-01 8.450631513947868267e-01 8.047128887582944978e-01 8.451388683945789682e-01 8.006393930133225423e-01 8.125247049240743591e-01 8.594447479200969520e-01 8.567842203041774463e-01 8.228254021201606427e-01 8.325510668814429804e-01 9.096141570865118320e-01 9.018011486648567221e-01 9.050084739141625034e-01 8.549674078238902464e-01 8.983138479209622496e-01 9.249825477646950178e-01 9.135519775451025337e-01 9.012066393319619895e-01 8.991883286770832040e-01 8.929609011812155162e-01 8.907864271137156953e-01 9.081793420502166647e-01 9.266585419354232966e-01 9.300883211947038598e-01 9.048055492328598293e-01 9.205407108081991030e-01 9.316666923789220789e-01 9.186931567882180572e-01 9.434878756990482396e-01 9.314702666191420066e-01 9.319085842549121868e-01 9.205781891875854939e-01 9.148542455717125765e-01 9.223773384937645758e-01 9.183243951067149302e-01 9.341812800454740717e-01 9.144220934680163948e-01 9.252305719202776890e-01 9.129579616615213222e-01 9.231096494457845525e-01 9.311720960675098357e-01 9.074370786337960793e-01 9.270182761001279914e-01 9.248407994713966351e-01 9.256526987527478045e-01 9.289400824836042680e-01 9.171472456829561359e-01 9.228002670682656783e-01 9.209173922508009369e-01 9.156995100057370163e-01 9.154427365948936135e-01 9.183347968999847621e-01 9.273830003900531693e-01 9.255383777132644152e-01 9.315853667965335871e-01 9.371824310881418096e-01 9.280231340628071202e-01 9.149805711208391923e-01 9.245758953172310557e-01 9.396154108526699744e-01 9.327618833734810933e-01 9.300776247552769993e-01 9.231763640626529099e-01 9.301486553890567777e-01 9.325410334306188931e-01 9.261682468797923784e-01 9.298699517408459680e-01 9.311170575409396521e-01 9.321625109510498497e-01 9.280373319099368690e-01 9.229384009329680838e-01 9.227421463751805941e-01 9.322788563527049099e-01 9.327816487734191808e-01 9.305770454333642805e-01 9.299036345641346069e-01 9.302622512630903673e-01 9.281099032450784714e-01 9.312383905921746141e-01 9.148981775344917633e-01 9.131732882154566244e-01 9.281900619963957544e-01 9.253491012661729798e-01 9.208821268594705733e-01 9.259713202422399370e-01 9.253871227498355889e-01 9.325927255100039392e-01 9.213508510405564733e-01 9.295467658521975318e-01 9.280459684593123093e-01 9.205767726630778025e-01 9.166707465875497673e-01 9.113035029287485100e-01 9.217256361183829849e-01 9.220064859051220196e-01 9.265451663593454734e-01 9.184513288479184689e-01 9.243682124291885405e-01 9.250589148423273844e-01 9.233103973271317155e-01 9.190526128731671962e-01
1.110966297067295661e-01 1.405680778332197844e-01 3.781486421139199638e-01 5.839689200489468490e-01 5.129908439721142521e-01 5.306961755108027257e-01 7.504241007487207904e-01 7.454831726954901372e-01 7.638960982710382153e-01 6.890643429043632473e-01 7.800965468378791012e-01 8.393045133973229266e-01 1.000000000000000000e+00 7.534562683145444861e-01 8.560011844288407667e-01 8.507614833092884687e-01 7.770627142323176528e-01 7.416267753682281860e-01 7.738004303096353009e-01 7.543709745839184411e-01 7.424896289669478122e-01 7.737615168113224362e-01 7.871003639704586829e-01 7.565246073636293644e-01 7.555841200654883627e-01 8.449602762226355868e-01 8.271048095748453344e-01 8.279452172798991150e-01 7.839196025675079227e-01 8.182520636880188381e-01 8.389166279117782343e-01 8.378682436893497565e-01 8.259752013212494637e-01 8.333516479882706607e-01 8.173374194361752165e-01 8.166718814785099978e-01 8.335496436329282721e-01 8.485226738602409391e-01 8.486547191303626114e-01 8.176408024715394740e-01 8.564597329649312751e-01 8.565648344910686829e-01 8.488743374409507547e-01 8.732309043314020469e-01 8.542429444187819021e-01 8.542022695315920622e-01 8.540601741407481962e-01 8.492624472789286338e-01 8.511164051993179713e-01 8.461717274991593651e-01 8.614109355712851190e-01 8.465733095537122388e-01 8.607658771277515442e-01 8.470950254456314221e-01 8.527078818733503374e-01 8.604460484300278100e-01 8.349698602963258054e-01 8.616169238574479250e-01 8.517447451101792799e-01 8.628588264848580103e-01 8.631077971600575882e-01 8.491123123921086036e-01 8.518642743402503603e-01 8.534246130895386528e-01 8.505577321249324640e-01 8.496532951390395327e-01 8.504933620962494834e-01 8.604463031954939778e-01 8.597847695091832554e-01 8.672833097913444922e-01 8.626017086728952066e-01 8.561280486166977788e-01 8.505455048840316890e-01 8.562057355959812321e-01 8.721085794157326099e-01 8.609323760464870912e-01 8.596395771751650372e-01 8.521852934087513765e-01 8.566304524953544108e-01 8.595911924133335935e-01 8.563051129324195099e-01 8.543222301039268274e-01 8.603688661734776311e-01 8.603746214146178461e-01 8.602356898709023758e-01 8.566411283195525250e-01 8.496387263116834676e-01 8.624821972908224277e-01 8.619445850248813601e-01 8.626364712766459997e-01 8.551813425707290861e-01 8.633973323172193792e-01 8.589691123456391075e-01 8.593101516126967487e-01 8.506844313080174080e-01 8.495153684484321177e-01 8.648899243290786298e-01 8.622031304485933134e-01 8.564529104535629767e-01 8.593495284622174601e-01 8.593069300447148118e-01 8.672293135801298902e-01 8.595295353689416107e-01 8.661498968860461556e-01 8.609620104580145705e-01 8.561412640577137356e-01 8.524868323463228315e-01 8.482660487911177771e-01 8.569866509639391117e-01 8.590497589078603946e-01 8.581800265544133888e-01 8.565832054219852942e-01 8.594758359803316150e-01 8.597426574116243669e-01 8.542157759992392574e-01 8.556738879868807102e-01
