1.000000000000000000e+00 7.805962869219203182e-02 9.792840159151808277e-02 1.937067713525032070e-02 1.780889267547311472e-02 6.080426578834454213e-03 -8.140810690982519526e-03 1.096452423037753846e-03 1.098727415550214137e-01 8.991657356701449055e-02 3.878935237501570515e-02 -7.723989338936450635e-03 2.365761755858449000e-02 1.268824895699151648e-02 -1.332915725913040410e-02 -2.720491108292779920e-03 1.142609273188624347e-01 2.606624151744035833e-01 2.288194296433600783e-01 1.059134485787515956e-01 1.874680069724322939e-01 2.312402963934322986e-01 1.980872974729593339e-01 2.491165331117083659e-01 1.740807964904712291e-01 1.352321302076659737e-01 1.424244613201260390e-01 1.629208873264441637e-01 1.867275587873061526e-01 1.741029148704351659e-01 1.143518805251009379e-01 1.308219571448965002e-01 1.416193945632221174e-01 1.278936467159334234e-01 1.659828427688307406e-01 8.006423160524962779e-02 9.862096938673935165e-02 9.416690577506255100e-02 8.171332158983470040e-02 5.248188690305318621e-02 5.505602980009986075e-02 8.734664349120525861e-02 7.940313817874204705e-02 6.311645251537108259e-02 6.806008346688785515e-02 4.943621410202429095e-02 2.010007679826930974e-02 2.813413572839369714e-02 1.458664694663702570e-02 2.872667362953301023e-02 5.127151509993901901e-02 3.473111858931226398e-02 5.777158655019862254e-02 4.715373933848104188e-02 5.570511161166985525e-02 4.418897532096390662e-02 3.333599957447088563e-02 4.786050882548258112e-02 3.669937774237409106e-02 3.365910425973018399e-02 3.681251257897094620e-02 2.637853075729065799e-02 2.112319190240932384e-02 1.411946313024095741e-02 6.162574245271080359e-02 4.005688556185837967e-02 3.432757967846004205e-02 8.635687427486650469e-02 7.253417249918267529e-02 5.448313104741420859e-02 8.453687718613642210e-02 7.663093562322664809e-02 1.073855441001090316e-01 6.550645749774119952e-02 4.845506941701286513e-02 4.911325752576888026e-02 5.973299596482789520e-02 7.753306578095527091e-02 4.638840203027768533e-02 6.731607642662829072e-02 7.149201675136442058e-02 4.479960286026259814e-02 5.390864274299847492e-02 7.064604191803322553e-02 3.679067902750597641e-02 5.615583890873918071e-02 4.858294195885760891e-02 4.008445958980125928e-02 4.171889723902423575e-02 3.795389867878817131e-02 2.573189434027856048e-02 3.015118666809032955e-02 3.245477547904638410e-02 3.528889301728466849e-02 9.536366098689035356e-03 1.255217841237186299e-02 -8.937865958659672178e-03 2.358300558364033461e-02 1.200499191443907786e-02 1.941404078041607598e-02 2.865910774793583443e-02 1.817612080762216059e-02 2.233235676848210893e-02 1.922070465637127495e-02 2.418582447585831963e-02 1.163386159649391037e-02 9.730271486989757954e-03 1.645078930927822147e-02 2.512948688946255171e-02 2.132708470717329177e-02 1.538067978612667717e-02 2.041832058550957507e-02 1.316400528058805398e-02 1.361112768980046565e-02 3.863512216939798266e-02 2.361967628979751849e-02
7.805962869219203182e-02 1.000000000000000000e+00 8.922321371548661006e-02 4.204103160846083681e-02 5.270524521559456083e-02 8.312560107213909366e-02 1.445810063926280531e-01 1.331172505679674711e-01 1.783775786965266785e-01 2.195626179116170751e-01 1.415141260617453489e-01 1.265952660812867114e-01 1.152574059412777990e-01 1.231951969170050898e-01 1.548094455366665345e-01 1.574260577063191224e-01 1.534852010462917360e-01 1.173863412441570192e-01 1.240498165808420761e-01 4.165348867108579350e-02 3.542864574225599444e-02 6.771998335323163587e-02 1.797709393743978923e-01 1.085495534220030922e-01 5.512722993993597609e-02 1.307422400300260468e-01 1.184239856025777055e-01 1.444780181860175483e-01 1.263155990962174513e-01 1.334540535771979175e-01 1.282493682783030775e-01 1.728352158401896266e-01 1.618641515880290815e-01 1.205862102352738413e-01 1.375631936366966124e-01 1.012099378588082327e-01 1.208507053915801599e-01 1.650806977972420209e-01 1.362371411187856818e-01 1.243355392217643240e-01 1.607725498121605201e-01 1.514955984499318231e-01 1.363287985988571871e-01 1.419324222296741989e-01 1.289093942900274847e-01 1.540185672160111208e-01 1.545033474813248819e-01 1.659786447588424141e-01 1.503142581091163332e-01 1.367176367575444473e-01 1.596760684769777949e-01 9.833016110615099004e-02 1.218270419088543083e-01 1.636711113377715410e-01 1.529717159016470152e-01 1.613012708211874202e-01 1.319927859692249517e-01 1.536192857574953663e-01 1.495219317600529341e-01 1.540692769450388577e-01 1.478898095722908645e-01 1.533733076057291755e-01 1.452749898489693048e-01 1.490295437675544510e-01 1.447061732872054474e-01 1.344333599409815727e-01 1.641937370615567104e-01 1.616570497348609192e-01 1.733341332589875550e-01 1.216230172765782880e-01 1.269781985326661755e-01 1.442916346182771814e-01 1.482061011136067419e-01 1.214061550856036370e-01 1.484183770442185635e-01 1.528900886632190703e-01 1.587077826198102504e-01 1.530748483319629427e-01 1.483037501765071819e-01 1.461835249662552794e-01 1.508472503075200810e-01 1.396761575859058468e-01 1.640496436141947456e-01 1.620886221445768383e-01 1.520762076599675994e-01 1.426842431073388484e-01 1.357781804675399773e-01 1.649977267616305199e-01 1.474031016707239850e-01 1.679990030839845494e-01 1.497263085612687561e-01 1.518418695496823456e-01 1.427464492782311301e-01 1.478485435874688780e-01 1.541037607031846002e-01 1.595692668852204954e-01 1.385358092420957976e-01 1.394812640382122049e-01 1.469356564656789377e-01 1.529647669845217994e-01 1.518897528768931304e-01 1.529776771547454450e-01 1.356324557127462638e-01 1.458193654009115048e-01 1.348750132251073375e-01 1.491176252349348808e-01 1.555167391487862205e-01 1.644884238045813130e-01 1.578332129427032771e-01 1.534555192029068704e-01 1.572256979186939796e-01 1.510669708764642849e-01 1.547807542773219358e-01 1.549595249897373350e-01 1.492211280991982969e-01 1.411816199808741124e-01
9.792840159151808277e-02 8.922321371548661006e-02 1.000000000000000000e+00 3.277222990974011374e-01 1.605926203958895626e-01 2.110505436601245732e-01 3.108756411051885049e-01 2.892728089311290551e-01 3.248876669359502811e-01 3.075512808769631512e-01 3.400901794379871390e-01 3.433396222047541690e-01 3.274849745724712213e-01 3.103808032049926724e-01 3.273753462122775404e-01 3.249950675453844307e-01 3.476054469512844247e-01 3.723759219844596235e-01 3.696175347487841711e-01 3.402736448413010706e-01 3.696026865672668027e-01 3.946219930915354501e-01 3.326212360319961148e-01 3.538882505881600360e-01 3.533002938276122440e-01 3.901655237646580732e-01 3.981966587823878578e-01 3.908804083224577397e-01 3.829301972301916157e-01 3.947653048840014667e-01 3.966606630895863073e-01 3.691201683010967849e-01 3.779926605026514563e-01 3.860577479804276346e-01 3.934456777072518063e-01 3.670950887177230615e-01 3.879535974314681779e-01 3.668330650187340281e-01 3.751821323771068473e-01 3.738423693285572447e-01 3.656342560531737340e-01 3.782681803504792661e-01 3.877721527701696869e-01 3.750934943119655363e-01 3.824421916792999920e-01 3.627604455900294567e-01 3.538496010289674532e-01 3.452013557378895148e-01 3.392279043426171259e-01 3.450820141872390501e-01 3.625748356567956021e-01 3.553805397692626489e-01 3.742744740669025072e-01 3.416371296993931383e-01 3.516963994940363603e-01 3.475058813484758202e-01 3.486273813190595705e-01 3.603757444214651939e-01 3.610492836158487595e-01 3.555459205849393900e-01 3.566595355878300899e-01 3.470983402847008792e-01 3.471508123857643957e-01 3.459565885821395681e-01 3.603013242097986568e-01 3.609539535430478785e-01 3.483727068222878809e-01 3.734558604630462408e-01 3.650529370134096840e-01 3.799209051783304369e-01 3.774000035553272681e-01 3.759861710177819227e-01 3.769377393932976106e-01 3.632789846061337813e-01 3.712438327623916456e-01 3.693243002013348320e-01 3.673199449239852865e-01 3.699033798859742150e-01 3.684592110313083535e-01 3.759225858818493471e-01 3.749812366507500050e-01 3.728680497043089792e-01 3.623326974849926385e-01 3.731350227993668334e-01 3.603223123767253511e-01 3.722503389595051559e-01 3.714546868751856246e-01 3.599524310172730890e-01 3.624299390709664337e-01 3.539402882786628624e-01 3.597611278372525589e-01 3.615220825298327001e-01 3.608487908575986336e-01 3.651006903367013945e-01 3.469892088292235166e-01 3.428596109516581780e-01 3.469534221859293388e-01 3.493104263436830337e-01 3.530151806254152591e-01 3.551568517300802696e-01 3.610488664635660427e-01 3.508280720189222990e-01 3.578398210480601693e-01 3.566228483527088544e-01 3.591606478978885408e-01 3.403180525738800366e-01 3.430460468792101980e-01 3.442389614669773001e-01 3.522666142007946366e-01 3.516359484059952689e-01 3.468675152281884833e-01 3.478753816760052353e-01 3.453218707096390450e-01 3.474192430573152524e-01 3.580414673210046139e-01 3.532768787445260683e-01
1.937067713525032070e-02 4.204103160846083681e-02 3.277222990974011374e-01 1.000000000000000000e+00 3.371865638973447488e-01 3.632426201945171407e-01 5.612127984139327896e-01 5.209592740176804959e-01 5.090902673588035832e-01 4.413671099489800409e-01 5.324321184815222763e-01 6.196843286557213171e-01 5.503133281709580160e-01 5.169145852068922631e-01 5.963846432760405714e-01 5.768826062994646398e-01 5.184734689909027416e-01 4.906741643635837979e-01 4.616183944782153437e-01 5.262650040426948284e-01 5.433933852811150267e-01 5.010227171933140378e-01 4.550326064258338188e-01 4.528014350821134015e-01 4.975734168018978165e-01 5.644902294021889588e-01 5.948809828095611429e-01 5.591433688723845830e-01 5.198248330638218784e-01 5.580284147788241444e-01 5.905877324447522669e-01 5.493187365658394050e-01 5.313092234184391138e-01 5.621042080648166461e-01 5.297905858401290580e-01 5.710890369224951302e-01 5.720297292202103367e-01 5.811973688738292232e-01 5.819526966552751590e-01 6.044167529746274914e-01 5.989155629956698368e-01 5.941686841485243065e-01 5.975642130430640631e-01 6.114609678550982919e-01 6.058494113106818180e-01 5.809038212866340922e-01 5.838945542926566867e-01 5.625593141998208591e-01 5.750524760838714444e-01 5.930128949400695904e-01 5.963731166769530301e-01 6.213546364376167919e-01 6.199487817493346542e-01 5.442884989713574484e-01 5.523976919430323429e-01 5.603954910708801584e-01 5.663792998638919052e-01 5.742529218605576524e-01 5.763471399364488157e-01 5.770215993742096039e-01 5.897272551785022188e-01 5.662445070212219767e-01 5.704624689461219589e-01 5.783243799538526630e-01 5.798551714301409810e-01 5.873708447692862489e-01 5.653649614407293411e-01 5.671904919011581114e-01 5.674344455606684656e-01 6.070407048007715467e-01 5.849539443203499722e-01 5.709654931048947502e-01 5.727504840351266280e-01 5.825805170631385144e-01 5.952807946032296904e-01 5.914928847233187348e-01 5.866476420831500116e-01 5.739908870447835154e-01 5.858160039091102611e-01 5.775225722267173234e-01 5.808841475322996661e-01 5.850621392949865163e-01 5.666245099462708934e-01 5.702301573208983232e-01 5.807123370389225547e-01 5.800115806445742539e-01 5.853893017621140116e-01 5.794083014509835428e-01 5.776866157714477534e-01 5.687136442924618507e-01 5.957099808835590871e-01 5.953032393797640376e-01 5.916356018408859274e-01 5.902717034687623432e-01 5.761157935654879214e-01 5.672322023981496431e-01 5.918490248571359746e-01 5.762651690092549517e-01 5.854520354834383822e-01 5.881470024257114959e-01 5.869358385511185272e-01 5.813022617534179259e-01 5.995337923818732095e-01 5.910965371694456572e-01 5.943846799220929844e-01 5.672796183695572036e-01 5.687742562393564016e-01 5.602885042436001051e-01 5.655616474636996349e-01 5.841460846602904988e-01 5.758996052032223645e-01 5.755756489495272854e-01 5.733256100173026448e-01 5.753392151890835970e-01 5.744137379114155895e-01 5.809180110651670503e-01
1.780889267547311472e-02 5.270524521559456083e-02 1.605926203958895626e-01 3.371865638973447488e-01 1.000000000000000000e+00 3.437662386494165223e-01 4.530223301916020961e-01 4.357168691522041448e-01 4.195394502547768467e-01 3.721783074416848414e-01 4.258413745774161097e-01 4.632679271507350038e-01 4.567736793079036350e-01 3.904332700691914848e-01 4.606072237078845943e-01 4.719976661876235102e-01 4.128899738896458782e-01 3.599059687520389517e-01 3.732182336713357196e-01 3.676833874113096257e-01 3.574044027657707900e-01 3.771119519626356942e-01 3.398677201866734943e-01 3.477006463275192916e-01 3.671444098760466845e-01 4.387097316535095715e-01 4.542337005671611139e-01 4.368656335507401511e-01 4.085183036677752511e-01 4.226353916083238071e-01 4.477806639923769261e-01 4.215686272326657491e-01 3.988291729165710509e-01 4.334653737475048230e-01 3.925858990892960865e-01 4.040574766856066535e-01 4.262415317000987636e-01 4.498726777753772610e-01 4.391209527381643163e-01 4.539385489732424284e-01 4.680099999758419171e-01 4.726486596285607300e-01 4.554781293095984118e-01 4.692793929822942078e-01 4.599981054359572608e-01 4.522009286983799670e-01 4.640931719802852129e-01 4.537393207099174042e-01 4.444267593494991009e-01 4.451699228476521109e-01 4.598534943871879777e-01 4.653633759167439821e-01 4.778247655991042508e-01 4.390506884864605608e-01 4.395274239115934400e-01 4.442840868453295511e-01 4.231773618167016804e-01 4.733097991830897966e-01 4.503579356390036703e-01 4.725347790855906061e-01 4.570546725758891093e-01 4.516725593911971037e-01 4.462957369724362411e-01 4.442391514177897460e-01 4.586303490820944351e-01 4.645723369775947575e-01 4.557854301163459243e-01 4.591484616089298032e-01 4.529190170450704822e-01 4.670723033176406580e-01 4.591761446870825658e-01 4.592415855981586970e-01 4.506382498298067696e-01 4.511706889543442567e-01 4.717016439646664616e-01 4.710511727652043068e-01 4.738874778199330673e-01 4.581310135988136412e-01 4.644377384711454448e-01 4.581659608967757480e-01 4.549000834064921839e-01 4.570833570730261641e-01 4.477811972120456230e-01 4.532673511346097528e-01 4.520755170847186588e-01 4.595641162298145233e-01 4.471261176295830975e-01 4.632699860235733880e-01 4.579214751781817139e-01 4.589066476638810066e-01 4.672738335815178612e-01 4.726181339253430758e-01 4.668936153889079455e-01 4.664209209099295927e-01 4.600489038673523656e-01 4.563418667349065649e-01 4.465726484715343281e-01 4.421707022367141193e-01 4.564502640178966786e-01 4.610787263766049082e-01 4.662182293013000800e-01 4.545173515051332269e-01 4.711644028130363981e-01 4.701023294721454193e-01 4.648432569807513515e-01 4.440853193920036857e-01 4.532028652099389099e-01 4.571535215028788013e-01 4.565996182443686768e-01 4.692546298458440401e-01 4.625279309097748981e-01 4.664111960873909557e-01 4.569494113864835949e-01 4.542145417862705203e-01 4.576676330657912239e-01 4.618982054768417944e-01
6.080426578834454213e-03 8.312560107213909366e-02 2.110505436601245732e-01 3.632426201945171407e-01 3.437662386494165223e-01 1.000000000000000000e+00 5.266649001040645262e-01 4.599027423002783332e-01 5.137859288757254950e-01 4.885310310002854428e-01 5.246732806485194800e-01 5.653876059931604026e-01 5.215067985827047670e-01 5.115208171461637088e-01 5.781251400390662321e-01 5.560236766982070700e-01 5.320480845059707420e-01 4.282681233873691928e-01 4.689708613802989201e-01 4.072978327852786462e-01 4.030351490820830995e-01 4.464548522046336565e-01 4.512869682950048644e-01 4.203147099836164191e-01 4.260156654955642996e-01 5.426747106647746843e-01 5.437980822323227326e-01 5.294238768192629507e-01 5.002548694940314178e-01 5.248661318318332825e-01 5.603284846672234032e-01 5.511175186449561725e-01 5.137319774439574882e-01 5.413142650946463075e-01 5.040157544280010615e-01 5.281605195963549049e-01 5.451663858434028231e-01 5.724086120315901027e-01 5.641627660189010296e-01 5.740024218414104817e-01 5.898741127081179592e-01 5.880345098590699093e-01 5.755576793582818373e-01 5.892940477997563598e-01 5.805732847910131111e-01 5.845630730085523696e-01 5.895362360610881813e-01 5.896624505715405418e-01 5.808085765863655325e-01 5.831757583665402311e-01 5.887913913906429597e-01 5.711466666330209385e-01 5.904627840652366677e-01 5.778009914495694233e-01 5.749907609120104013e-01 5.852565843091267483e-01 5.677996506286162592e-01 5.899847208628951067e-01 5.861870710312161448e-01 5.909967064070879017e-01 5.884926406391790543e-01 5.841768699240967866e-01 5.825768041173906564e-01 5.799848415392233614e-01 5.774250020413939088e-01 5.885238806447070647e-01 5.877198623766226593e-01 5.819561554485129795e-01 5.798276187681992155e-01 5.704103513139574533e-01 5.740459656168421798e-01 5.828786805917050007e-01 5.674282043977543211e-01 5.702482904327292879e-01 5.967353844538477725e-01 5.898442789326676650e-01 5.920222834600378237e-01 5.765592899362593782e-01 5.939157825836914872e-01 5.813084722851041830e-01 5.820529346371744461e-01 5.894172124901490006e-01 5.835220469304747137e-01 5.760698307779029692e-01 5.836310567421818529e-01 5.831915515114594051e-01 5.798524972637428831e-01 5.934969147381135013e-01 5.887961807406782988e-01 5.948013942192956760e-01 5.966954295542629128e-01 5.976352730319010043e-01 5.977033140929027821e-01 5.964291030149204698e-01 5.939635373514252636e-01 5.904624390114879828e-01 5.855792203509511129e-01 5.775606913070471249e-01 5.884134757501537916e-01 5.934589685051424590e-01 5.930738798240545728e-01 5.892463786358386191e-01 5.975384325914214756e-01 5.966430122192662999e-01 5.894192675190402797e-01 5.776840038026819224e-01 5.873699976093543773e-01 5.907827619645982242e-01 5.925419747430684669e-01 5.960375354754776644e-01 5.960995896258294291e-01 5.928203369776660070e-01 5.888076228793562850e-01 5.861376064752458204e-01 5.874394058130316676e-01 5.899869126734856861e-01
-8.140810690982519526e-03 1.445810063926280531e-01 3.108756411051885049e-01 5.612127984139327896e-01 4.530223301916020961e-01 5.266649001040645262e-01 1.000000000000000000e+00 7.054238537695357580e-01 6.831339096274726685e-01 6.500988042304369774e-01 7.125753243233328149e-01 7.822363504988824046e-01 7.181754540451745772e-01 6.905578470354999387e-01 8.296189150931827516e-01 7.798928643475209199e-01 6.712260226218373926e-01 5.083561765193527204e-01 5.453233309681416729e-01 5.580333003171158435e-01 5.009645534316403692e-01 5.300978460180899576e-01 5.299853322568776059e-01 4.707932128002495498e-01 5.217710933175744303e-01 7.002944731979851012e-01 7.163506874596975438e-01 7.072850082314408038e-01 6.494690439071079124e-01 6.804223703373224463e-01 7.399212033822089030e-01 6.898539289268870167e-01 6.677439624001813012e-01 6.810711412754838490e-01 6.446071127327348549e-01 6.882963544895130958e-01 7.167853091934474064e-01 7.530390924219787507e-01 7.394937096924129039e-01 7.573612331544076204e-01 7.812139184627495681e-01 7.733964292070407698e-01 7.514830483759549207e-01 7.830265693358086088e-01 7.676514943010357417e-01 7.773193321357241281e-01 7.860152479728252928e-01 7.744564836080394254e-01 7.714230352972469840e-01 7.561417808559149911e-01 7.782733457533657084e-01 7.554068305812526862e-01 7.793906601143152368e-01 7.597996689509444179e-01 7.537979734516964125e-01 7.607442024446666728e-01 7.514487367856763633e-01 7.828643735473818088e-01 7.747720475791518568e-01 7.832002139960014819e-01 7.754693348070232917e-01 7.732414867864945140e-01 7.731859014271212915e-01 7.757383795317948083e-01 7.575051545247477591e-01 7.732801053515411249e-01 7.774125392650900190e-01 7.495695411236915628e-01 7.473989023825418077e-01 7.580368239960226795e-01 7.316062278149993992e-01 7.517044853695188378e-01 7.208258416602026930e-01 7.304594633325391939e-01 7.886450328203549187e-01 7.874564688549986480e-01 7.883999318942148671e-01 7.640970198870352670e-01 7.819451566182048508e-01 7.599678800168906401e-01 7.619449129752696726e-01 7.748926506166056161e-01 7.585856570596051229e-01 7.534155202757806258e-01 7.663070903054901573e-01 7.576270612599645959e-01 7.648520187612795063e-01 7.837645734565890088e-01 7.717099205678465967e-01 7.743975565635610181e-01 7.930683830745580698e-01 7.952198139788690945e-01 7.854876055332892237e-01 7.889948764625648314e-01 7.861343388474899552e-01 7.827515590378358867e-01 7.819939008391499913e-01 7.646794596960211354e-01 7.835134870922415562e-01 7.872359697873357876e-01 7.860071146245025675e-01 7.813115371802353826e-01 7.883302982197584186e-01 7.919430788154657730e-01 7.790505841087801420e-01 7.725182857427794758e-01 7.805344918289292000e-01 7.808335044018454019e-01 7.781523758844564043e-01 7.882660487784781678e-01 7.862742630368743102e-01 7.846794623697344040e-01 7.815628047238385445e-01 7.803288434989300582e-01 7.739359319731482501e-01 7.791516500862231132e-01
1.096452423037753846e-03 1.331172505679674711e-01 2.892728089311290551e-01 5.209592740176804959e-01 4.357168691522041448e-01 4.599027423002783332e-01 7.054238537695357580e-01 1.000000000000000000e+00 6.711120135134273079e-01 6.333623096257764429e-01 6.994623840919579338e-01 7.499955686144651468e-01 7.007754338894914836e-01 6.761860189213627637e-01 7.780143936853641806e-01 7.644488308081422989e-01 6.810183380038761225e-01 5.260438153835169661e-01 5.675152982023805581e-01 5.334250848378275789e-01 5.145594770252780448e-01 5.634293826040563946e-01 5.301136975534017637e-01 4.876833160843795922e-01 5.326300668889542012e-01 6.824715223961042021e-01 6.955096068715542756e-01 6.915917973459109191e-01 6.549085466474426909e-01 6.701818017116252246e-01 7.253854543466198290e-01 6.927543341222471840e-01 6.822285172717177382e-01 6.789985825622235627e-01 6.458382168977983007e-01 6.758783092573985574e-01 7.002955529058024764e-01 7.460911772647467188e-01 7.318168747498533522e-01 7.431671511384749795e-01 7.658635836692241350e-01 7.568785868220568869e-01 7.445730490090093356e-01 7.644231237885943386e-01 7.498477269667402911e-01 7.580894075506483532e-01 7.701397323209281387e-01 7.590172489689359647e-01 7.560658102299880889e-01 7.470479023686332765e-01 7.661700991562486740e-01 7.391290700738780695e-01 7.541711427334164553e-01 7.435904243181546969e-01 7.318421049679253443e-01 7.414199034404342914e-01 7.339755449620396499e-01 7.650580761976492061e-01 7.589188050971934496e-01 7.689182434350579909e-01 7.649732104657237519e-01 7.591847351979050806e-01 7.565944900331652567e-01 7.628222789587534303e-01 7.522747186784588536e-01 7.579074481738066194e-01 7.618590205982183061e-01 7.475843876340872995e-01 7.410281155374497386e-01 7.429726090575681230e-01 7.369480484621674377e-01 7.497102416990879536e-01 7.146456488564466580e-01 7.195133677463295685e-01 7.693762363173859420e-01 7.700775851442417386e-01 7.701661463751152681e-01 7.570176042674610084e-01 7.664399572989454290e-01 7.485498691017103967e-01 7.526021871957471188e-01 7.592534080485129344e-01 7.466731384682729900e-01 7.536918108578207764e-01 7.562922015803487108e-01 7.469443753534280583e-01 7.481043379479139777e-01 7.696041972320264435e-01 7.618135336614092479e-01 7.532310324995289408e-01 7.744926559921631037e-01 7.760645358281058614e-01 7.671896286125599040e-01 7.718109635458710871e-01 7.680115068233336340e-01 7.644075383745666530e-01 7.623213860264765884e-01 7.538110907432293839e-01 7.679903932284345425e-01 7.709737419632729516e-01 7.691905578697104673e-01 7.652733877852216926e-01 7.701574903256367399e-01 7.740521098244844689e-01 7.615965009035244870e-01 7.550177383578582369e-01 7.647067069271977768e-01 7.617984546573659532e-01 7.606803399195799509e-01 7.724215980751957256e-01 7.675995795969625668e-01 7.695743654693020241e-01 7.632822597887608529e-01 7.651861767865291153e-01 7.624067026225381793e-01 7.623539012321114416e-01
1.098727415550214137e-01 1.783775786965266785e-01 3.248876669359502811e-01 5.090902673588035832e-01 4.195394502547768467e-01 5.137859288757254950e-01 6.831339096274726685e-01 6.711120135134273079e-01 1.000000000000000000e+00 7.461594973994123414e-01 7.910292963958304169e-01 8.089514379160112068e-01 7.328956463816050926e-01 7.404561933295582543e-01 8.268301973320145715e-01 8.053177769756205695e-01 8.045326000343062667e-01 6.926297019569510605e-01 7.176442928884896322e-01 6.037051032690875507e-01 6.461890627131832154e-01 6.949860293110690090e-01 7.054792419933174630e-01 6.765765518253119559e-01 6.778193766821435373e-01 8.021113926113950798e-01 7.962381521081055569e-01 7.967758174346604161e-01 7.701664161230146188e-01 8.199815233454736951e-01 8.446594782237034638e-01 8.481927384930822988e-01 8.071506201147994330e-01 8.305250442347592577e-01 8.108421839896337024e-01 8.080910804364695998e-01 8.364210762552731770e-01 8.541060888781326632e-01 8.593143498917429346e-01 8.303824967563794290e-01 8.620217177262087249e-01 8.583255062931255397e-01 8.485583435707139133e-01 8.689072839418725547e-01 8.560254053117328787e-01 8.665947306695825914e-01 8.689291708130278957e-01 8.741991623790198451e-01 8.640599354822797729e-01 8.478509611406630508e-01 8.692828274416033452e-01 8.278328944684647528e-01 8.551896668247055411e-01 8.672297644837050346e-01 8.621889708303852595e-01 8.592637027425465979e-01 8.542574144692246518e-01 8.673016360238178235e-01 8.671208105168317637e-01 8.727794298555691110e-01 8.697795976572491039e-01 8.675965348178084069e-01 8.626449245656984122e-01 8.620498957327957790e-01 8.723998063531359648e-01 8.667796644781003979e-01 8.721389210945058590e-01 8.748756807709251460e-01 8.736971367587409443e-01 8.482292034622158639e-01 8.537860353118095214e-01 8.677415141175879310e-01 8.596259764087923472e-01 8.478432880018400564e-01 8.687916738489595003e-01 8.712623495090080494e-01 8.675992493481796686e-01 8.694983669714395624e-01 8.673981039593943176e-01 8.714998289660668140e-01 8.731988274266526684e-01 8.689602352900861471e-01 8.696926265689924884e-01 8.737750769663602535e-01 8.663201090203059840e-01 8.700167252039994192e-01 8.659076207712216311e-01 8.741487092101382084e-01 8.714065648466945424e-01 8.660829888325322079e-01 8.631189665558175461e-01 8.705978147689991120e-01 8.686303776708490521e-01 8.717998120240646465e-01 8.686093305165902834e-01 8.698222356210855155e-01 8.495923331900685493e-01 8.645817975404994638e-01 8.657785347517198415e-01 8.672159300328664555e-01 8.681625057929299727e-01 8.698856336592662997e-01 8.659515479260410098e-01 8.689684635200862761e-01 8.677694608384913799e-01 8.645068932038917353e-01 8.693318628637924927e-01 8.683603158155684953e-01 8.685670649623522532e-01 8.717619090221615519e-01 8.685784767941746587e-01 8.721139482063201553e-01 8.685880867823141394e-01 8.704050359306794160e-01 8.741497238437707651e-01 8.695307665291506227e-01
8.991657356701449055e-02 2.195626179116170751e-01 3.075512808769631512e-01 4.413671099489800409e-01 3.721783074416848414e-01 4.885310310002854428e-01 6.500988042304369774e-01 6.333623096257764429e-01 7.461594973994123414e-01 1.000000000000000000e+00 7.349992285850177609e-01 7.427680872290918224e-01 6.829924254566661634e-01 6.909033938547355369e-01 7.732487287817381150e-01 7.636426087130402385e-01 7.395078764807094807e-01 6.068355538659504500e-01 6.631377275335071930e-01 5.212066776188892803e-01 5.493356300045061369e-01 6.270796845226905836e-01 6.764799701418772182e-01 6.034637160375118103e-01 6.101118605876978407e-01 7.297281427688018240e-01 7.311116317951533716e-01 7.412531585365972342e-01 7.044129228852298308e-01 7.580972964007793857e-01 7.842510309864750839e-01 7.897457205497044885e-01 7.480066488356204024e-01 7.556719684535577741e-01 7.401291712808124590e-01 7.385951254268057209e-01 7.676633175908483819e-01 7.999160653328699633e-01 7.970018712448792009e-01 7.734394946749113542e-01 8.037748082731100974e-01 8.036010952585039835e-01 7.978090932422655657e-01 8.048570190803340241e-01 7.912243683041975117e-01 8.102305666818856444e-01 8.089684653341312481e-01 8.203819717613662910e-01 7.956669314703302964e-01 7.746125707979926167e-01 8.057008062671249249e-01 7.425262691264202797e-01 7.799918591449442884e-01 8.102665066091510049e-01 7.964329224258582807e-01 8.111566181497465999e-01 7.747414880180155672e-01 8.146895270819367596e-01 8.015544379628563032e-01 8.109219159373143304e-01 8.047513056346032867e-01 8.063321371327475395e-01 8.017731436083360697e-01 7.966761312072287993e-01 8.054562643812636091e-01 7.958215401163777347e-01 8.142843873393649234e-01 8.113483778923965550e-01 8.142115550965250970e-01 7.732456532716315278e-01 7.872869651165536053e-01 8.057020188805484873e-01 7.892583354227817871e-01 7.772425288318132175e-01 8.095212904898855255e-01 8.094547181384396106e-01 8.089323593393760170e-01 8.015720630452101148e-01 8.060248255600486189e-01 8.098751242403077200e-01 8.074063555507416945e-01 8.095438240772887539e-01 8.144277348859014776e-01 8.095950351456017158e-01 8.000556250494975652e-01 8.008126213250391645e-01 7.986844271565808340e-01 8.159571599884977156e-01 8.089632073530729217e-01 8.168075570422757004e-01 8.071289443562527088e-01 8.122269760007631012e-01 8.101613628956585433e-01 8.136261550289787259e-01 8.076032969425507302e-01 8.131552847480008062e-01 7.791249114995987268e-01 7.904738193803508839e-01 7.988109811666711524e-01 8.004811208756529295e-01 8.108409938407501460e-01 8.042393980901522132e-01 7.986396022323932753e-01 8.077959961762271046e-01 7.982096035479013807e-01 7.990385312608113688e-01 8.051814569245220321e-01 8.127034451979281426e-01 8.127674414412396908e-01 8.081337456812274223e-01 8.099144278717994583e-01 8.114036375903558307e-01 8.099352171350095997e-01 8.092002496936443467e-01 8.119254354543545826e-01 8.032961988136121390e-01
3.878935237501570515e-02 1.415141260617453489e-01 3.400901794379871390e-01 5.324321184815222763e-01 4.258413745774161097e-01 5.246732806485194800e-01 7.125753243233328149e-01 6.994623840919579338e-01 7.910292963958304169e-01 7.349992285850177609e-01 1.000000000000000000e+00 8.536567871821916231e-01 7.634415779560306259e-01 7.767168683133585105e-01 8.528810765589424081e-01 8.384675020983529681e-01 7.870518413304030680e-01 6.489612526377559476e-01 6.989695422213583198e-01 5.987396735350328791e-01 6.257207722962642160e-01 6.893224842818735931e-01 6.798509681240766378e-01 6.380380706566977089e-01 6.777242664922995541e-01 8.047112834199462439e-01 8.033456704077452937e-01 7.956219385278153755e-01 7.615648438519584396e-01 8.220532593485688766e-01 8.642668255946335254e-01 8.371471037109334823e-01 8.038736575753225866e-01 8.263969150412764364e-01 8.067532150209096864e-01 8.145895055788605621e-01 8.542119579639085858e-01 8.597691350668491550e-01 8.716972601625211370e-01 8.498871083033233687e-01 8.741721798481256744e-01 8.701641999914698777e-01 8.672749418562788470e-01 8.860060850101281194e-01 8.731907367068553194e-01 8.837913269070941658e-01 8.889111126575424127e-01 8.858124506830769018e-01 8.830799477577224721e-01 8.652139337036754974e-01 8.814146524368210445e-01 8.525351055948626744e-01 8.723146105425604313e-01 8.773502803624156909e-01 8.739305752786964421e-01 8.756632713266808699e-01 8.640873350894771043e-01 8.801791136560240814e-01 8.808670817834673983e-01 8.863426548164685670e-01 8.869651359802154245e-01 8.847447568390214290e-01 8.825495819117417096e-01 8.849332870646519078e-01 8.793908191797041862e-01 8.835566654591611169e-01 8.879532503256271081e-01 8.811927695395993521e-01 8.788339963988517356e-01 8.619835899460152051e-01 8.675939102786471846e-01 8.823835926031853294e-01 8.601722610386559609e-01 8.633276737878865514e-01 8.924129838284186045e-01 8.926241005031400055e-01 8.884549209000968117e-01 8.797571696387794793e-01 8.879041662251264677e-01 8.900436061037997337e-01 8.901156794928347660e-01 8.921724249886781033e-01 8.806123184225020939e-01 8.877094533285243561e-01 8.832727877531292293e-01 8.837992756895322044e-01 8.856175992528576568e-01 8.924199255216630489e-01 8.922547273342009699e-01 8.866176709200884742e-01 8.908337423046819303e-01 8.940826020214768244e-01 8.932408085357788075e-01 8.939747058564184723e-01 8.915233875820550713e-01 8.911100143806685026e-01 8.801551325684050520e-01 8.815507322796379830e-01 8.900317739650678295e-01 8.897083431865577818e-01 8.937357523438532736e-01 8.901718615423329650e-01 8.895948383251226499e-01 8.940558555006039576e-01 8.879297561396239935e-01 8.810485108131135279e-01 8.894936868569214283e-01 8.909947817052663588e-01 8.910136428016290910e-01 8.917525610907671707e-01 8.899646603343399631e-01 8.915155852310631124e-01 8.897658661094308696e-01 8.896577551801432282e-01 8.894465671395879180e-01 8.893631320136472507e-01
-7.723989338936450635e-03 1.265952660812867114e-01 3.433396222047541690e-01 6.196843286557213171e-01 4.632679271507350038e-01 5.653876059931604026e-01 7.822363504988824046e-01 7.499955686144651468e-01 8.089514379160112068e-01 7.427680872290918224e-01 8.536567871821916231e-01 1.000000000000000000e+00 8.031768982362451625e-01 8.203597790272220136e-01 9.101262611805793767e-01 8.867955363433382976e-01 8.121212777630834045e-01 6.504060002838574217e-01 6.808668863939119076e-01 6.608204298302763346e-01 6.673804449744051848e-01 6.845760362467431248e-01 6.747690341862410124e-01 6.309537496179926652e-01 6.894366640976553606e-01 8.261637463313352692e-01 8.322639221641381368e-01 8.129280693437344052e-01 7.661363233197300282e-01 8.319397900224370090e-01 8.885791649148013782e-01 8.582050035153571121e-01 8.171316312462683085e-01 8.508629007558171642e-01 8.117061595160105503e-01 8.580187542230627296e-01 8.768736604036457827e-01 8.906394822175098813e-01 9.038887336884953161e-01 8.921281088142646309e-01 9.200420171662266888e-01 9.029634424608267151e-01 9.008308624231033956e-01 9.285477607064545058e-01 9.131116817276664355e-01 9.212203018419936607e-01 9.330606435509520846e-01 9.238380656401091739e-01 9.261205081149416207e-01 9.109756931157753090e-01 9.219074904102072532e-01 9.100884970014816444e-01 9.204337410510106121e-01 9.079415110480456574e-01 9.019869216837631543e-01 9.063516503783604072e-01 9.102684475157952759e-01 9.220671994449524123e-01 9.223044110606184454e-01 9.310045675230155249e-01 9.311042220640377565e-01 9.269091927341408521e-01 9.258595919695715715e-01 9.306076367291066243e-01 9.178925688664218985e-01 9.290703378564704185e-01 9.254593628113138015e-01 9.056825852027924340e-01 9.083372118344333890e-01 9.129458237865172299e-01 8.998586200289697690e-01 9.092105453992884723e-01 8.854041559694699748e-01 9.018578146799615114e-01 9.294910307437607155e-01 9.290301426808892371e-01 9.191820802570495053e-01 9.093439410515471444e-01 9.250385339261237849e-01 9.148151539045141778e-01 9.199035769682757380e-01 9.276083714945414505e-01 9.131904670866748397e-01 9.138549426116817642e-01 9.217903837167330527e-01 9.189336658345949038e-01 9.250480376036781527e-01 9.288264526205316507e-01 9.272524741987392405e-01 9.175848672266091466e-01 9.318733442885983598e-01 9.359392331213257643e-01 9.338971239850313300e-01 9.339144575199245235e-01 9.356895216904830281e-01 9.321682807173489183e-01 9.270501503590287129e-01 9.234484844778649837e-01 9.333565371985435011e-01 9.323657659905613126e-01 9.325548046628800991e-01 9.322445097170450889e-01 9.375057570996082612e-01 9.371249000600634371e-01 9.345084245195023342e-01 9.242141250826649834e-01 9.315244908566139292e-01 9.276585857056336426e-01 9.262678022116412890e-01 9.350398457358528592e-01 9.322547682837406535e-01 9.346661240121312275e-01 9.335678005077298058e-01 9.331983147783383670e-01 9.273355526496314116e-01 9.339657724374962333e-01
2.365761755858449000e-02 1.152574059412777990e-01 3.274849745724712213e-01 5.503133281709580160e-01 4.567736793079036350e-01 5.215067985827047670e-01 7.181754540451745772e-01 7.007754338894914836e-01 7.328956463816050926e-01 6.829924254566661634e-01 7.634415779560306259e-01 8.031768982362451625e-01 1.000000000000000000e+00 7.331584228990389862e-01 8.233155061413823805e-01 8.147560262306164924e-01 7.443255679278782955e-01 6.192141949541082324e-01 6.504786449749746513e-01 6.083117610918765683e-01 6.208617382152123998e-01 6.539630069025778036e-01 6.343343840558341995e-01 6.028679680106477923e-01 6.463386308547095505e-01 7.483577132350029970e-01 7.681066188375202941e-01 7.528603232554673674e-01 7.232015713906246868e-01 7.600275242032216161e-01 8.114252688695582361e-01 7.826420280179453570e-01 7.408190959297077383e-01 7.820194359251707583e-01 7.301114053241858359e-01 7.686516965887669750e-01 7.870786481298008841e-01 8.091159436370610747e-01 8.190320529167255392e-01 8.074337633388360969e-01 8.335884413101266599e-01 8.240684807909454124e-01 8.181305494612756135e-01 8.398641237675896765e-01 8.287757779054706342e-01 8.299696634166433551e-01 8.421874743057966572e-01 8.332198683793625715e-01 8.218580966116473263e-01 8.101125536174025310e-01 8.301898190373099284e-01 8.169670703732816452e-01 8.349967376215172710e-01 8.167477091385507704e-01 8.089503814011798077e-01 8.181642160604424285e-01 8.058068149689510129e-01 8.364855542496820728e-01 8.271578869845759296e-01 8.431444048157634708e-01 8.375062895930890372e-01 8.305860214040423628e-01 8.320658519574397616e-01 8.284513308146388422e-01 8.317588167386897879e-01 8.362523066781908376e-01 8.353227220978732825e-01 8.280825731548235868e-01 8.264733120880358719e-01 8.270361727980310995e-01 8.243347384951235091e-01 8.311055789003667371e-01 8.101594431564995702e-01 8.199550530543702198e-01 8.447544347583331170e-01 8.433145245724530392e-01 8.382037504309366449e-01 8.297152735573354310e-01 8.379544298310066530e-01 8.295081830650333776e-01 8.328776538188485956e-01 8.413840590654241280e-01 8.267023533815511804e-01 8.227314648695147614e-01 8.268573058506505369e-01 8.339341092317934523e-01 8.330025066494262109e-01 8.396165544309754925e-01 8.389597659817863429e-01 8.327566997853377284e-01 8.410883848952409592e-01 8.470722157317470691e-01 8.427910641937028657e-01 8.452115804247091191e-01 8.417871930210488740e-01 8.386069387391558161e-01 8.246273319678446567e-01 8.226648782057698339e-01 8.380608978755039740e-01 8.374242400835455458e-01 8.417640760114342147e-01 8.374268220206643187e-01 8.457772163820336253e-01 8.454265988013891509e-01 8.403815397947919097e-01 8.253255743965532965e-01 8.358211433421348646e-01 8.346986512546669124e-01 8.357691415145069858e-01 8.430924684468075192e-01 8.398536047019230510e-01 8.434262116108895979e-01 8.377468010532964637e-01 8.376119772003541852e-01 8.398284743621848847e-01 8.406892163982939703e-01
