1.000000000000000000e+00 1.571450388203729231e-01 6.820488010539672852e-02 -2.592460103645706157e-03 6.008022181308656645e-02 1.517408777363122782e-02 4.911718000043369808e-02 -9.478220477731776755e-03 1.514759522692085691e-01 5.005173416727760893e-02 2.636009169312636402e-02 -8.198180139106092321e-03 2.062890056125041283e-02 1.054358071114938622e-02 4.044524357231874152e-03 -1.890476616293815942e-02 4.829063640878159674e-02 5.086015947974602963e-02 2.725131077638772228e-02 1.463382580760610452e-01 4.408992988397543965e-03 1.846074384247469238e-02 8.187363904334141185e-02 4.276073852799117808e-02 3.067022882688823920e-02 9.207188844214672652e-02 6.644001503628052530e-02 6.925151807934457060e-02 1.079567613236433327e-01 1.004212755994690065e-01 6.887673367331370589e-02 4.345977018462773150e-02 3.358919553850687328e-02 2.647557605506156708e-02 7.640135499792458096e-02 -2.149729536241020734e-03 3.635201704262149697e-02 -2.556574678197971132e-03 1.215328648204393874e-02 -2.779130365862835308e-02 2.539648441545946586e-02 -4.786592637166090826e-03 -1.353169787484545007e-02 -1.013748797384863079e-03 3.870792596410383823e-03 5.024239607422987565e-03 2.549489157807486965e-03 2.649381848556351532e-02 2.308884872362818724e-02 -8.029012572423334729e-03 -2.832632140924341065e-03 -1.764780991262160023e-02 -1.363594042372066190e-02 3.990461608510025709e-02 1.387770000003953237e-02 3.655361832145514328e-02 3.534064122707692573e-02 1.303461888010383832e-02 1.724646733286932295e-03 2.955735064590294878e-02 -5.334578828987602715e-04 1.766579686494804818e-02 -6.604930623397457096e-03 2.274752508754179087e-02 2.225786494066796933e-02 2.762582850724961195e-02 2.020597786539158128e-02 1.318678826278930037e-02 3.701313347610026699e-02 3.665055268469092492e-02 -1.270659425818272074e-03 1.262263935555127392e-02 1.589795938405619974e-02 8.669034281777220421e-03 3.257760127592495419e-02 2.748265667272497756e-02 2.890392726251761815e-02 4.498124272947070373e-02 3.183015623114923698e-02 4.980644836190960267e-02 2.480095154677047775e-02 2.749809660824570345e-02 2.017938077022006158e-02 3.539777413994049660e-02 6.488110019415314900e-03 1.393682740739827543e-02 6.111959532075062103e-03 3.064175660732176149e-03 5.280716380628888186e-03 2.473805701047885469e-02 -1.798745658122778961e-03 4.138544675336998206e-03 -1.243859489816853681e-03 2.283855033154730697e-03 5.176539404383800717e-03 1.085181382127252576e-02 -9.302341887292422257e-03 1.055890393519831431e-02 3.223082501115613900e-04 4.178264398113099888e-03 -1.523267644889128233e-02 -2.471261132894419631e-03 -2.305942567810464507e-03 -2.421562828512989918e-03 -2.811389494985608133e-03 2.305461165573201646e-02 1.893384139830052784e-02 1.324327445480253523e-02 1.762119405738316741e-02 7.302847139684043309e-03 -2.723910282223794641e-03 1.469698849660741949e-02 6.964721377269020818e-03 1.104595232064348349e-02 1.727656676232217081e-02 1.280512328569615409e-02
1.571450388203729231e-01 1.000000000000000000e+00 7.622576379144838099e-02 9.157819122555173330e-02 7.122339342956111874e-02 1.184686440223153975e-01 1.801161388001505381e-01 1.127582452194131613e-01 2.018208703350249378e-01 2.141151060800762507e-01 1.505753147343519838e-01 1.274745671138688419e-01 1.430557144193738139e-01 1.118540103992990975e-01 1.547077726311023027e-01 1.383767035439330828e-01 1.647518542606881409e-01 1.309280726923098270e-01 1.228744452652421604e-01 1.804830319062666888e-01 7.669823537770428801e-02 1.179084875759516537e-01 1.724848957849160203e-01 1.168795479482317989e-01 1.161141317522319943e-01 2.078429500372214744e-01 1.699105425032090833e-01 1.811538747422589135e-01 2.070572447247785441e-01 2.076833882977847934e-01 2.049907346020481136e-01 1.720192219774547004e-01 1.766683806826614966e-01 1.551279975115830989e-01 1.877001423986464634e-01 1.238624522316175841e-01 1.648592605308019654e-01 1.482273567747970644e-01 1.636834425639017987e-01 1.354018108882055205e-01 1.626246816550490637e-01 1.451440917714529044e-01 1.227348561094550733e-01 1.462184378505098636e-01 1.551965957130207463e-01 1.502330714218614860e-01 1.504732439504381514e-01 1.603864724093571337e-01 1.562608173269050549e-01 1.233111815037071096e-01 1.430271446187759143e-01 8.476411254299430487e-02 1.214538186123998442e-01 1.703768320225015620e-01 1.494104763914401446e-01 1.817465281642281494e-01 1.443977647739159986e-01 1.521982719874205581e-01 1.483150931363726444e-01 1.622691183864016784e-01 1.381214760003494912e-01 1.543610206205490443e-01 1.350846765622482626e-01 1.608166069254251263e-01 1.459521733702162649e-01 1.567318832301552167e-01 1.614409143051485918e-01 1.507402759233041623e-01 1.742028567912234926e-01 1.642657215465822551e-01 1.373179264631071983e-01 1.542696814507248659e-01 1.494476855744252819e-01 1.379255385487787311e-01 1.771334428041191622e-01 1.712296219403370290e-01 1.723231773293630864e-01 1.789126583315409913e-01 1.748788487037498673e-01 1.872606481213676122e-01 1.684954890914376613e-01 1.750849410110172089e-01 1.610335469097272376e-01 1.709348382406383482e-01 1.603518702971244714e-01 1.587602603619140684e-01 1.554909062633835493e-01 1.566452131918651403e-01 1.607286489045237632e-01 1.661250000485638978e-01 1.539508161171742606e-01 1.548006156569475544e-01 1.526068404799409417e-01 1.517014786428459994e-01 1.565978167453568604e-01 1.574721356087459834e-01 1.268211958514453286e-01 1.289496865899957545e-01 1.452936258896185828e-01 1.510337849880965810e-01 1.313551512639362373e-01 1.414388184689452932e-01 1.390235213976972473e-01 1.427748090778609702e-01 1.369426342324784329e-01 1.424173816535928561e-01 1.533821431356874876e-01 1.619017967583603057e-01 1.601841901119707701e-01 1.533842204051512614e-01 1.455231124894295902e-01 1.577744427147113326e-01 1.506307649683073235e-01 1.477507474822901956e-01 1.539363856189758795e-01 1.510857438471718828e-01
6.820488010539672852e-02 7.622576379144838099e-02 1.000000000000000000e+00 3.092211619019773483e-01 1.964522878351924184e-01 2.387649702795267836e-01 3.254759469941888583e-01 2.977691977325137573e-01 3.190559672772748101e-01 2.933731557604336571e-01 3.540384652530046417e-01 3.655338871568215575e-01 3.327185283488744982e-01 2.743083429994654932e-01 3.607401334441660556e-01 3.437685573458001964e-01 3.594264688443633560e-01 3.297956072343001255e-01 3.491956563848448991e-01 3.074424215238371061e-01 3.239005388083723846e-01 3.499287108763864951e-01 3.654595373835903827e-01 2.966364015488263117e-01 3.336496120165647894e-01 3.559910797206261024e-01 3.559598452572478866e-01 3.748753062786868151e-01 3.533713859119658740e-01 3.658841219181255822e-01 3.801760778550594688e-01 3.752513047156778025e-01 3.863120493441748460e-01 3.782499433313407655e-01 3.664163568517969649e-01 3.858850688150115560e-01 3.837895814835444175e-01 3.737611385066445524e-01 3.845523548681478720e-01 3.743179474576298627e-01 3.789146410963563083e-01 3.737971500473334929e-01 3.669327795252713686e-01 3.748465556720791403e-01 3.846984023027697486e-01 3.672915686215644793e-01 3.784333286824708709e-01 3.752462818915023868e-01 3.733242745260207940e-01 3.692931392498809418e-01 3.680310207157868052e-01 3.847639692440179005e-01 3.687354658436202692e-01 3.682364641345221012e-01 3.658838036778911396e-01 3.820316940067127742e-01 3.697353538144349527e-01 3.691975440327645019e-01 3.564261558283328135e-01 3.770867387882038679e-01 3.717513607573137979e-01 3.652722090662063326e-01 3.583971182121824528e-01 3.708616260827685140e-01 3.739592765817194575e-01 3.794621388902411074e-01 3.824763911577694353e-01 3.783292946208216545e-01 3.781242744521608468e-01 3.744359963713871364e-01 3.720172778152099902e-01 3.792390042565504937e-01 3.649284315736601725e-01 3.712545446549693762e-01 3.811898254690636034e-01 3.791950363199209084e-01 3.809674713547990810e-01 3.749926819301617753e-01 3.808615652016338893e-01 3.734296364239447774e-01 3.824596683623578408e-01 3.828850745760327690e-01 3.871155105186228074e-01 3.767011806516019634e-01 3.830693535267060135e-01 3.814656946290231332e-01 3.863232548947415079e-01 3.816021231026808236e-01 3.809009885382744209e-01 3.840150812778259648e-01 3.871247073513779946e-01 3.811911920831371758e-01 3.812819015274959700e-01 3.786254874898753453e-01 3.756146680400545557e-01 3.795110038381032669e-01 3.740417618020968615e-01 3.779197066897738710e-01 3.770140432649480844e-01 3.804137239000454085e-01 3.766791582231676649e-01 3.783172910409566825e-01 3.790882271840839701e-01 3.775005983364000395e-01 3.848668434653805814e-01 3.770421162310024221e-01 3.764604486699105745e-01 3.770356705764320582e-01 3.771918070109928633e-01 3.748340469983445500e-01 3.750065498602881409e-01 3.778929621302697939e-01 3.747525441618638764e-01 3.769324964406000622e-01 3.805938416804404145e-01 3.813300716069503160e-01
-2.592460103645706157e-03 9.157819122555173330e-02 3.092211619019773483e-01 1.000000000000000000e+00 3.600132463027688190e-01 4.108773104882532667e-01 5.835183801948379267e-01 5.537653642784788888e-01 5.558837867189228010e-01 4.912541200346418613e-01 5.958115417205066544e-01 6.340613842717315318e-01 5.694667127459894784e-01 4.994098922355719727e-01 6.198465422029685312e-01 6.223166853795566444e-01 5.943803352918035632e-01 4.930376388959463729e-01 5.364691761525118840e-01 4.848254459462509880e-01 5.711469106901679860e-01 5.992188968998964915e-01 5.062278385754650500e-01 4.341053087533107147e-01 5.099935570993575640e-01 5.670557606718568122e-01 5.846602307251788089e-01 5.836949668068797115e-01 5.396321566095442224e-01 5.597103087650630027e-01 5.918699538103947555e-01 5.764703492018882214e-01 5.828869371959182200e-01 5.706086068126198230e-01 5.584898801418847203e-01 6.078257682919848692e-01 6.086499579001219962e-01 5.953928856196564201e-01 5.992850119230892503e-01 6.243098839880513173e-01 6.216621349394115814e-01 6.274978844641802000e-01 6.327473820289118978e-01 6.292694201156020517e-01 6.188313169721454399e-01 6.057741985963683851e-01 6.171862167203059357e-01 6.207871343868680558e-01 6.158115858869799286e-01 6.033914665046554715e-01 6.170550690086289425e-01 6.262919661945504091e-01 6.225705295636373426e-01 6.101537827223473265e-01 6.079841396134886278e-01 6.049664437833909281e-01 6.239430327804533771e-01 6.182135773431436387e-01 6.078473160837373213e-01 6.265443884538269836e-01 6.217937942763100967e-01 6.214726350039040392e-01 6.088460039128285040e-01 6.221228534382708952e-01 6.289837456453550857e-01 6.254173197736940804e-01 6.165611519531937201e-01 6.080094602531365133e-01 5.963395222974336995e-01 6.214470052238523223e-01 6.243571884534692140e-01 6.150080896938308062e-01 5.814310681769310207e-01 5.942361026713468553e-01 6.107803267286999738e-01 6.165741241199484968e-01 6.114390300409989765e-01 5.978615019666322361e-01 6.080944363283031784e-01 5.977278021827920895e-01 6.095716377956523768e-01 6.107690245770480697e-01 6.276316377005349834e-01 5.995468012905823540e-01 6.121086969136659839e-01 6.068482397052249455e-01 6.158322618941369786e-01 6.225537879263542962e-01 6.171553056876043497e-01 6.160230721811248422e-01 6.284166344949326799e-01 6.256544374583759005e-01 6.239095027522638670e-01 6.221908356664682671e-01 6.209493338986137312e-01 6.201107825822429476e-01 6.283732451435239952e-01 6.287165655458866187e-01 6.234007076536429715e-01 6.273435024324997000e-01 6.286455773213509568e-01 6.260812809921226796e-01 6.245192109638534328e-01 6.299029669712901125e-01 6.297751680953581621e-01 6.261844105630993695e-01 6.209365516898239790e-01 6.155811740699297374e-01 6.139313542778320754e-01 6.260994349530315528e-01 6.251653818471497592e-01 6.268367629820220666e-01 6.250234829711639462e-01 6.260886308961602920e-01 6.274680947338791004e-01 6.288530463682890925e-01
6.008022181308656645e-02 7.122339342956111874e-02 1.964522878351924184e-01 3.600132463027688190e-01 1.000000000000000000e+00 2.946017783642267407e-01 4.813403259493378439e-01 4.984133073296814209e-01 4.578931004645057090e-01 4.187156395623572447e-01 4.670968423869410469e-01 4.959267572423028403e-01 4.842094290719954897e-01 3.948917914841652554e-01 5.049029004037725032e-01 4.997376596441545082e-01 4.671885159107634911e-01 4.203046725460768407e-01 4.514092219989647714e-01 4.346942906826251063e-01 4.550921346855554273e-01 4.770582275771829139e-01 4.271614457466670900e-01 3.915915212144588375e-01 4.378616254914456385e-01 4.780091580386368610e-01 4.801150204352238604e-01 4.824228696293406671e-01 4.712220439092945634e-01 4.840152145166690678e-01 4.861492180533840135e-01 4.635487813707035998e-01 4.615181113153897230e-01 4.536917982847319952e-01 4.731568156654510360e-01 4.737916537392172778e-01 4.925961699252980885e-01 4.678617078204445057e-01 4.767401188780961974e-01 4.913545311541246408e-01 4.952847236975854162e-01 5.015993695169079780e-01 5.135834274932401522e-01 5.093910310045216550e-01 4.941084992948155952e-01 4.903657239289207492e-01 4.949826658094084175e-01 5.045823186905064039e-01 5.006332641687102347e-01 4.762191374548973566e-01 4.824460769525143466e-01 5.045091303146446160e-01 5.028294078647731480e-01 5.046194998315777225e-01 5.037032151192163409e-01 4.911980308078229274e-01 5.093140612555401292e-01 5.066497870773098988e-01 4.930526998894059210e-01 5.044712928697300258e-01 5.074222172697246958e-01 5.032271724687135128e-01 4.921220042073292111e-01 5.039318271015009731e-01 5.089516220524900048e-01 5.112699198097714337e-01 4.972973309685750354e-01 4.915855774885119489e-01 4.884602350874889254e-01 5.081354202068660841e-01 4.983868854073744137e-01 4.977114824944299798e-01 4.789745614060491596e-01 4.916960206612709383e-01 4.978269313870674617e-01 5.006766899596407638e-01 4.972107918602186594e-01 4.923628359595454418e-01 4.978378302412457268e-01 4.972184440350714274e-01 5.018523098394208626e-01 4.997229956869811418e-01 5.017038327849672186e-01 4.908924647848567080e-01 4.854143302468769128e-01 4.880953138357314591e-01 4.963296270979076219e-01 4.954187803247758204e-01 4.937635560229661214e-01 5.010845298815849169e-01 4.984937760988388811e-01 5.004213125769975123e-01 5.009359680877798482e-01 4.989359011301324198e-01 4.965526456947246259e-01 4.999110977945208090e-01 5.111864249734107135e-01 5.132575697181157581e-01 5.074383614741658777e-01 4.984679532501067878e-01 5.048909915103414470e-01 5.071934957674006927e-01 5.023536256777720865e-01 5.051666901359730399e-01 5.048737926938803300e-01 5.154211039396153771e-01 5.062057074132950696e-01 4.995992151078081922e-01 5.041923016234637345e-01 5.066196424568518708e-01 5.034083919813435726e-01 5.062244833280501455e-01 5.074964618217585599e-01 5.066540728089675705e-01 5.042892198174908636e-01 5.087319525661859743e-01
1.517408777363122782e-02 1.184686440223153975e-01 2.387649702795267836e-01 4.108773104882532667e-01 2.946017783642267407e-01 1.000000000000000000e+00 5.627162055334169466e-01 4.772618472949655688e-01 5.423153112936229814e-01 5.140392150943768890e-01 5.616103015431865852e-01 5.701818265791452900e-01 5.286152856621525453e-01 4.769487102986653682e-01 5.907591990437193186e-01 5.821549130808885142e-01 5.616766684890883710e-01 5.391803912847568103e-01 5.753781792350486368e-01 4.903358547152267266e-01 5.418820054640429706e-01 5.787440927653781930e-01 5.495046343336802419e-01 5.136736556708615398e-01 5.545276156000780166e-01 5.821116333342838400e-01 5.786251771740276162e-01 5.920010220065810014e-01 5.743460014074378561e-01 5.848210399948048366e-01 6.102183245663213018e-01 6.026275528936689829e-01 5.792506310629775834e-01 5.855560963294762500e-01 5.669557228676729288e-01 5.771707478288740090e-01 6.008438844981440763e-01 5.943138797432129250e-01 6.065029493410192263e-01 6.018751999003887354e-01 6.130750270343670039e-01 6.108314895926907351e-01 6.050451411007485847e-01 6.136957589909659561e-01 6.076355630733620838e-01 6.068631030192201958e-01 6.059479929746002247e-01 6.130157929041039067e-01 6.086782570474719156e-01 5.928424907700555746e-01 6.056975007411927736e-01 5.756632491044210154e-01 5.915316165036569318e-01 6.075411854675002443e-01 6.077622902377852743e-01 6.152731012796373022e-01 6.016702120592618552e-01 6.010711839671550871e-01 5.995472907372024762e-01 6.090287756459329405e-01 6.091060788390878500e-01 6.064344381093782488e-01 5.997545929874921189e-01 6.108637957476823477e-01 6.004823297776336055e-01 6.109533657990097177e-01 6.115303840716517225e-01 6.116430357161155573e-01 6.139171906424312208e-01 6.147649785314207582e-01 6.112738908744390631e-01 6.154157393977052193e-01 6.072779597751839509e-01 6.109585573873365094e-01 6.118746360459120792e-01 6.123333585683230496e-01 6.124831622481355931e-01 6.031148925462832544e-01 6.136279231924534061e-01 6.101233980080892350e-01 6.113211567860381557e-01 6.126695495672923597e-01 6.149461177201475115e-01 6.088888959627989372e-01 6.080040692260259005e-01 6.092630823281234287e-01 6.104382041512554924e-01 6.127010769091673081e-01 6.125894228317303458e-01 6.143450246050327079e-01 6.145239653495414567e-01 6.146835397742991258e-01 6.110770522877478905e-01 6.147725001784888343e-01 6.099886563066255762e-01 6.106682730714448892e-01 6.044552941075092001e-01 6.018770617871732620e-01 6.050547010416617022e-01 6.128417737191924619e-01 6.078871621294456018e-01 6.092831365862484416e-01 6.094551583178444698e-01 6.107335293092442940e-01 6.100278583996575632e-01 6.054028535284250445e-01 6.102171980912971527e-01 6.145249455303368746e-01 6.124152986371137475e-01 6.085543804474439211e-01 6.108462258344846685e-01 6.105692823092704336e-01 6.079942983305596238e-01 6.085833552794698287e-01 6.066023028788960492e-01 6.096015860427799193e-01
4.911718000043369808e-02 1.801161388001505381e-01 3.254759469941888583e-01 5.835183801948379267e-01 4.813403259493378439e-01 5.627162055334169466e-01 1.000000000000000000e+00 7.481210056875405856e-01 7.610101311480451658e-01 7.266861058349229907e-01 7.755770624640125899e-01 8.130898008354727757e-01 7.690162724608297085e-01 6.597411356024895923e-01 8.548197662850582912e-01 8.287512892427243427e-01 7.643943552871618197e-01 6.977889527274723225e-01 7.539848364457880647e-01 6.976228007425924194e-01 7.073357929605272876e-01 7.699834556392566309e-01 7.394564928610094512e-01 6.459618323477790414e-01 7.081966683857958689e-01 8.033364221054843934e-01 8.018829953824712087e-01 8.143581004573841042e-01 7.984401675739321025e-01 8.048151909223902889e-01 8.351388559401172751e-01 8.309069019947350476e-01 8.072853395538542864e-01 8.105951610512512895e-01 7.974808126681450782e-01 7.897630232865030520e-01 8.210747710138429634e-01 8.345057378752039901e-01 8.386834929888377088e-01 8.351776456000115090e-01 8.447992371781924970e-01 8.448794253786250374e-01 8.440969800930027134e-01 8.479530832571371413e-01 8.392685505252869271e-01 8.432226245620776384e-01 8.421890966603163831e-01 8.473871822914980090e-01 8.433476056123880849e-01 8.179576954681335721e-01 8.388579033399115037e-01 7.963809753594918162e-01 8.220203381102145768e-01 8.386548882034506880e-01 8.358137871539595976e-01 8.407801543327994009e-01 8.302713511683235126e-01 8.428545904104213227e-01 8.416496304542886442e-01 8.411236781228070836e-01 8.444332810641509424e-01 8.398127346075583421e-01 8.381178966548133991e-01 8.414197138596688497e-01 8.298328201690052808e-01 8.396880877255914477e-01 8.471318132826048952e-01 8.378269233753212752e-01 8.456297698408139496e-01 8.496936181894516604e-01 8.348568397321044499e-01 8.395433983434011926e-01 8.232584663333815111e-01 8.148785373036253610e-01 8.463486442814904809e-01 8.445600392366936493e-01 8.464675450510318333e-01 8.401765962891064587e-01 8.462096021371355858e-01 8.397808787203917547e-01 8.453117930029210303e-01 8.476979687203538560e-01 8.485890252642110942e-01 8.423119561735251670e-01 8.448677405038848010e-01 8.448235697069398364e-01 8.444611552583731751e-01 8.509591851906581628e-01 8.472800523381427418e-01 8.488635738681301612e-01 8.495860367152502368e-01 8.528826828298637919e-01 8.462891879688553276e-01 8.516901405800558766e-01 8.478361893280877970e-01 8.473357875031136688e-01 8.413529302288832445e-01 8.330502076867014605e-01 8.454503005861117026e-01 8.497925772697513258e-01 8.455245286231203306e-01 8.459802807034885186e-01 8.403908981546779344e-01 8.494319952667471751e-01 8.416265002947386220e-01 8.393282788391115412e-01 8.450381925099157421e-01 8.471951570112037366e-01 8.481769049951192185e-01 8.473421584278859608e-01 8.499282065623133819e-01 8.478167509465585061e-01 8.456274974399820010e-01 8.434413919129684079e-01 8.423873117070802552e-01 8.440532988119109348e-01
-9.478220477731776755e-03 1.127582452194131613e-01 2.977691977325137573e-01 5.537653642784788888e-01 4.984133073296814209e-01 4.772618472949655688e-01 7.481210056875405856e-01 1.000000000000000000e+00 6.954045406482306513e-01 6.481409218662281813e-01 7.297832980960300420e-01 7.713322218247259388e-01 7.245058238961334940e-01 6.286605196730599143e-01 8.050602810135581988e-01 7.947166236488768520e-01 7.285652507813742407e-01 6.360914708709279886e-01 6.985924428181103929e-01 6.344107518569700455e-01 6.823478177100581465e-01 7.345854832963885084e-01 6.606052485446431977e-01 5.781467508525774956e-01 6.490197995497489769e-01 7.336579637731447390e-01 7.399674473807206221e-01 7.416817006097878862e-01 7.201943944663496966e-01 7.317558369196268675e-01 7.590617829222314761e-01 7.634689211767392569e-01 7.505275744445740749e-01 7.555232458443450483e-01 7.431916825340654231e-01 7.465443951636815401e-01 7.623497094524958051e-01 7.894864772737431036e-01 7.832555727002864510e-01 7.842749334821863538e-01 7.882692368132021565e-01 7.909112788567990160e-01 8.019950543796461329e-01 7.970692576852079769e-01 7.805735769909377675e-01 7.911985600291896459e-01 7.931576475621177069e-01 7.911804880704985665e-01 7.946890477306304268e-01 7.824565561386653822e-01 7.970069462144195871e-01 7.597696964931756058e-01 7.734066213415998758e-01 7.798617916102619230e-01 7.812805038589948348e-01 7.760298399378262602e-01 7.843008566815053983e-01 7.896398972704701258e-01 7.890785988642686766e-01 7.877449328685930396e-01 8.011459551134307855e-01 7.860427726286155492e-01 7.913353532467523044e-01 7.957207781660008417e-01 7.853998587865429482e-01 7.876038316976161635e-01 7.906802308946234703e-01 7.836099312919910798e-01 7.822921015135461120e-01 7.980463311751060385e-01 7.894591183448103067e-01 7.855339174792290713e-01 7.607404165387654515e-01 7.573741887103373482e-01 7.855046014173613367e-01 7.859952123460568485e-01 7.846994986747435341e-01 7.746655228147272254e-01 7.847741394222726985e-01 7.796860774676706018e-01 7.845772712031229279e-01 7.878481666805035033e-01 7.964363140254805407e-01 7.853461350726675949e-01 7.958014013111842644e-01 7.928221029797156705e-01 7.892390826486351818e-01 8.011293789095020879e-01 7.979024061431519987e-01 7.904679945686416964e-01 7.948997256023261349e-01 7.989478353051551185e-01 7.932986008346113449e-01 7.972213514216932584e-01 7.975287381185394153e-01 7.951427449204673259e-01 8.025830043751827070e-01 7.944882490810937226e-01 8.042775054943835933e-01 8.010495958550070128e-01 8.036119529908597459e-01 8.018615746776640574e-01 7.909978528978713896e-01 8.037338529801077991e-01 7.943485325648619311e-01 7.958126835934030696e-01 7.978579793412895471e-01 7.933577063729688739e-01 7.939802238040940541e-01 8.001791008163942065e-01 8.030040179785924437e-01 7.976164093329125571e-01 7.968480783139398893e-01 7.993847438310435205e-01 7.912818790796204427e-01 7.939773129531514373e-01
1.514759522692085691e-01 2.018208703350249378e-01 3.190559672772748101e-01 5.558837867189228010e-01 4.578931004645057090e-01 5.423153112936229814e-01 7.610101311480451658e-01 6.954045406482306513e-01 1.000000000000000000e+00 7.554723080197059959e-01 7.998699024189722673e-01 7.975791934927856097e-01 7.616392309889122858e-01 6.546200657496971109e-01 8.327895966609832890e-01 8.119580409314967051e-01 8.121723388827190027e-01 7.430208480836706375e-01 7.876049457992269076e-01 7.476995194291455871e-01 7.355703933622435020e-01 7.941284798048665605e-01 7.690595867831112598e-01 6.849586843738916242e-01 7.461981385027435243e-01 8.500798163245013583e-01 8.463557212910554073e-01 8.514731287102821344e-01 8.484088090489183553e-01 8.590033048009235728e-01 8.701771065866714672e-01 8.478913663119607147e-01 8.259485960977345220e-01 8.096901523696239389e-01 8.338849212534850119e-01 7.784526611693511899e-01 8.462790183150056267e-01 8.168062587381732520e-01 8.404315660514655173e-01 8.061320646566438874e-01 8.571004255577896469e-01 8.417809142620237273e-01 8.289666055367637121e-01 8.517247741878469780e-01 8.388187441532369837e-01 8.476982719805102873e-01 8.544511759007719087e-01 8.735990170696746882e-01 8.585854795298583086e-01 8.077094709486828394e-01 8.317430782804465794e-01 8.013946880675262285e-01 8.270179869497098490e-01 8.749279968455622170e-01 8.535690117267366039e-01 8.603977599493193296e-01 8.662891266949461766e-01 8.546778463869793008e-01 8.510043716667405889e-01 8.735127049292377155e-01 8.547533925680398381e-01 8.652734243231262612e-01 8.459792598870028435e-01 8.649030707578392319e-01 8.587887953702877386e-01 8.698991617136959675e-01 8.631618032651439121e-01 8.582512410235003664e-01 8.671473914134487648e-01 8.728813694893780006e-01 8.510284895913440284e-01 8.600641336901927447e-01 8.420526763401404713e-01 8.374196743092267026e-01 8.680225802366238197e-01 8.657593715973386228e-01 8.652091173029609061e-01 8.675658632271892046e-01 8.626192346174484937e-01 8.721034204441543425e-01 8.662295367650345579e-01 8.682173773690492480e-01 8.596392849307668005e-01 8.660777981824215876e-01 8.450465384332394025e-01 8.527874378706535863e-01 8.528896345643390831e-01 8.524433929302965840e-01 8.571625170764243240e-01 8.616350498302284278e-01 8.488116812960414537e-01 8.565037917811318957e-01 8.532793924564900934e-01 8.580300339762809703e-01 8.592553072790011237e-01 8.627876931863793786e-01 8.377783947806995979e-01 8.529779970159553359e-01 8.535271857491204539e-01 8.511108757909043865e-01 8.409046067609166064e-01 8.505072226600004504e-01 8.485809561221924202e-01 8.545724221966823908e-01 8.507275905572653230e-01 8.642785226446222380e-01 8.642845189186287858e-01 8.636707870445871071e-01 8.643978062974649879e-01 8.625050511824915445e-01 8.528039954132369260e-01 8.671656479087315184e-01 8.602757907953599847e-01 8.600963421575996692e-01 8.622434774660896473e-01 8.637247475961361554e-01
5.005173416727760893e-02 2.141151060800762507e-01 2.933731557604336571e-01 4.912541200346418613e-01 4.187156395623572447e-01 5.140392150943768890e-01 7.266861058349229907e-01 6.481409218662281813e-01 7.554723080197059959e-01 1.000000000000000000e+00 7.501255938264321799e-01 7.699967612813279905e-01 7.196846796685153480e-01 6.305324056663293986e-01 8.008189542694786889e-01 7.810901381226478257e-01 7.518152858640756442e-01 6.921347967933256795e-01 7.507763838829881742e-01 6.680024723678978926e-01 6.684714473968474957e-01 7.338400298682729028e-01 7.180911103961670205e-01 6.377193603701938329e-01 6.942447435217369289e-01 8.085714529855462240e-01 7.979440705035354409e-01 7.944935115715632268e-01 7.937553608666736427e-01 8.006367058360149835e-01 8.296640474012397792e-01 8.083325795408242698e-01 7.875207203176517456e-01 7.763863591634241335e-01 7.862123049927426388e-01 7.560387358559883531e-01 7.947562474753675499e-01 7.951156637961547258e-01 8.133170500510147338e-01 7.848889756871537671e-01 8.191384082478221362e-01 8.105414508145080132e-01 7.894089536710374722e-01 8.161430899875212752e-01 8.143583607396867041e-01 8.175330938853578866e-01 8.240927604051538902e-01 8.317472838510638899e-01 8.226486679821245485e-01 7.782350000438675863e-01 8.054447042532258960e-01 7.498706289356081856e-01 7.952186491647862399e-01 8.270307301096079255e-01 8.150490914448014212e-01 8.236469714326041247e-01 8.094910546389082473e-01 8.154789400105002528e-01 8.172679080052500655e-01 8.257613281310495212e-01 8.190670989456321216e-01 8.204705654533064330e-01 8.101520335528975547e-01 8.248053059159093925e-01 8.114002051369102464e-01 8.219265938644172431e-01 8.297540718588364284e-01 8.238571196877783054e-01 8.292389845796784842e-01 8.216387081136135029e-01 8.116475243355621982e-01 8.218142705489783761e-01 8.055667217632446198e-01 8.032020227667828749e-01 8.351398332755198828e-01 8.338845832945280812e-01 8.302092422679423489e-01 8.329372965087236125e-01 8.269311387898022891e-01 8.358408872116313004e-01 8.295353569745232969e-01 8.360602249052005996e-01 8.241236807187948266e-01 8.288938438220491145e-01 8.173705811623805939e-01 8.221753174421003729e-01 8.242578820513281057e-01 8.242408554626939887e-01 8.285426203453135630e-01 8.300530972501077853e-01 8.206200048778869993e-01 8.261332552695981324e-01 8.250623846464257838e-01 8.262687203782723699e-01 8.296679944752134439e-01 8.313931473803741756e-01 8.026195606599827448e-01 8.072245057128442092e-01 8.194136050552188744e-01 8.200518442037789679e-01 8.105095440352031444e-01 8.188016291218187526e-01 8.129530704685798970e-01 8.208926386457725544e-01 8.152380800558567397e-01 8.186137636150787600e-01 8.266345558330292498e-01 8.319549278518810764e-01 8.308308280134150126e-01 8.255750151877223608e-01 8.241661341453589973e-01 8.282922168327752077e-01 8.246947625528797676e-01 8.237902294489625188e-01 8.247308774992345715e-01 8.234697480245952717e-01
2.636009169312636402e-02 1.505753147343519838e-01 3.540384652530046417e-01 5.958115417205066544e-01 4.670968423869410469e-01 5.616103015431865852e-01 7.755770624640125899e-01 7.297832980960300420e-01 7.998699024189722673e-01 7.501255938264321799e-01 1.000000000000000000e+00 8.710559995493378782e-01 7.950634435109035225e-01 7.008568559838825873e-01 8.792772559030099799e-01 8.675456874837618182e-01 8.171186696783424575e-01 7.524394956340647589e-01 8.189392297170747792e-01 7.105754272139040983e-01 7.783469574164515459e-01 8.308844544238710439e-01 7.652100784082499496e-01 6.805417158004377631e-01 7.697440985154057058e-01 8.424769727107276340e-01 8.526631588539266282e-01 8.613277851195937362e-01 8.326490496002512121e-01 8.488626612333295407e-01 8.847310742619655111e-01 8.668459475109182577e-01 8.618307891679221067e-01 8.463697019091334095e-01 8.480291665392232225e-01 8.504046931358580919e-01 8.842832983332110652e-01 8.689126720486820554e-01 8.852171286942998041e-01 8.671342710809358811e-01 8.887409451195394938e-01 8.933651639316353421e-01 8.853345954631428594e-01 9.036505000838765955e-01 8.943909452168435914e-01 8.854967853806922085e-01 8.980223243530787158e-01 9.029569419335307101e-01 8.977253368167165126e-01 8.716273132992035100e-01 8.840324283794583904e-01 8.684525015329873643e-01 8.875499097861908604e-01 8.941329961391631942e-01 8.871008574803189717e-01 8.807901843581622536e-01 8.897130260282433145e-01 8.938190394203461286e-01 8.873920899178957544e-01 9.003789139286053622e-01 9.019326869575834404e-01 8.955546364827745576e-01 8.897752775847030948e-01 8.999120003943813506e-01 8.971453391756175622e-01 9.009552040637943682e-01 9.027531164779633022e-01 8.978227429986259667e-01 8.937748503284798085e-01 8.980540891716213281e-01 8.990630782903483720e-01 9.001102086833233651e-01 8.728556395008565394e-01 8.804274106457777860e-01 9.010154694453372803e-01 9.031938070046301448e-01 9.003979031510960240e-01 8.938888255076397060e-01 8.960219893322564078e-01 8.958274302909398079e-01 9.031114308467594887e-01 9.048128957784771220e-01 9.033109563938783726e-01 8.999457408433545469e-01 8.972588686664942914e-01 8.970695146967287981e-01 9.040653736506196747e-01 9.033476558947460822e-01 9.041342220018450115e-01 8.993876389325408116e-01 9.061265410817771482e-01 9.054312767927416017e-01 9.060569906931985606e-01 9.054072019127600290e-01 9.060146283645635901e-01 9.072075090087422522e-01 9.015260773645366044e-01 9.028224504096540315e-01 9.065650003421786840e-01 9.049634701382398561e-01 9.038197734155845042e-01 9.071332954425513906e-01 9.026787801779579956e-01 9.067021718376726547e-01 9.058475121686799802e-01 9.038553325257890902e-01 9.066452122000839831e-01 9.033687724233960825e-01 9.020435361609723257e-01 9.058036754342615460e-01 9.018845890330956516e-01 9.070882367271883018e-01 9.052967781417365911e-01 9.076662045293139025e-01 9.047926988744673382e-01 9.066424997028417199e-01
-8.198180139106092321e-03 1.274745671138688419e-01 3.655338871568215575e-01 6.340613842717315318e-01 4.959267572423028403e-01 5.701818265791452900e-01 8.130898008354727757e-01 7.713322218247259388e-01 7.975791934927856097e-01 7.699967612813279905e-01 8.710559995493378782e-01 1.000000000000000000e+00 8.273814955216173272e-01 7.272414185267869202e-01 9.155958053470055757e-01 9.034701665910146451e-01 8.410100974964755949e-01 7.469951067399632771e-01 8.268806872728770019e-01 7.019410060153454811e-01 7.933475132314118383e-01 8.501409455920243552e-01 7.590259612103562592e-01 6.711126218691249035e-01 7.675479171723729177e-01 8.549596967934809388e-01 8.725372880342621151e-01 8.688332960829958651e-01 8.323802698996314309e-01 8.546146163277547059e-01 8.963012747509537803e-01 8.799513705523717144e-01 8.741482395413360251e-01 8.590006675987766904e-01 8.483610184633532114e-01 8.775048386647590348e-01 8.982748341457890140e-01 8.964490501342826656e-01 9.055703884320649433e-01 9.048035615774855378e-01 9.187291412117013500e-01 9.225893631557315899e-01 9.182362985687372303e-01 9.335691168260072947e-01 9.247160739157698206e-01 9.161481532110266057e-01 9.338690148688056913e-01 9.304736483488305065e-01 9.284561746552461026e-01 8.972812167209658352e-01 9.196933331971960390e-01 9.031927557511865157e-01 9.252359417988239576e-01 9.212912003293717289e-01 9.171387322472708270e-01 9.031569646864485712e-01 9.224168582026625041e-01 9.296717951180026862e-01 9.229989945430892018e-01 9.327994426891134117e-01 9.348787480778774084e-01 9.291281121257722875e-01 9.248272244025033118e-01 9.311753865806755570e-01 9.284554292254820762e-01 9.319144402030746788e-01 9.335460379996429747e-01 9.232455719450639586e-01 9.125789654069070833e-01 9.235433349209807297e-01 9.287582858028470278e-01 9.276976669163002898e-01 8.897009795361218165e-01 9.017045809021054792e-01 9.268745791900412367e-01 9.271710802066700507e-01 9.236260733778117737e-01 9.139401626342874563e-01 9.188393896045554676e-01 9.147303568821193442e-01 9.274804273905585816e-01 9.295144725804773689e-01 9.292482790450690144e-01 9.201961220369822003e-01 9.210409332937739002e-01 9.197981012086913211e-01 9.312544435721212821e-01 9.328444300182587856e-01 9.326333374924006270e-01 9.260525977351412585e-01 9.349838278295262706e-01 9.366120136947854169e-01 9.363623945724162123e-01 9.352773534607028427e-01 9.377994400355881277e-01 9.373359594391454941e-01 9.317223148718345449e-01 9.316797442535410534e-01 9.370933103597074432e-01 9.337985689044759896e-01 9.362159810538303040e-01 9.380016515994559212e-01 9.358143344210414494e-01 9.408580468399578844e-01 9.377113231327073306e-01 9.331109906261833009e-01 9.348051601397958654e-01 9.334085206386280031e-01 9.316137086543765378e-01 9.400821001202670502e-01 9.373063638626853988e-01 9.394346011465415369e-01 9.389935828509291538e-01 9.382371474722237537e-01 9.371994748788522456e-01 9.384080280300091115e-01
2.062890056125041283e-02 1.430557144193738139e-01 3.327185283488744982e-01 5.694667127459894784e-01 4.842094290719954897e-01 5.286152856621525453e-01 7.690162724608297085e-01 7.245058238961334940e-01 7.616392309889122858e-01 7.196846796685153480e-01 7.950634435109035225e-01 8.273814955216173272e-01 1.000000000000000000e+00 6.642128140744207876e-01 8.481263697747111197e-01 8.417511134220598823e-01 7.782565492447492961e-01 7.118318863620862746e-01 7.800527498545946070e-01 6.928027132559758661e-01 7.340227621160827498e-01 7.896456866060623803e-01 7.236861551049501573e-01 6.556595456636259422e-01 7.218944788470886831e-01 8.186082957881871680e-01 8.196862753955024283e-01 8.151248857403657899e-01 7.989977527861303885e-01 8.131741411214867821e-01 8.429146258375640466e-01 8.290186795832598099e-01 8.094286657362149695e-01 8.017762055084477479e-01 8.038635635985458272e-01 7.949965700989373163e-01 8.298290766880858094e-01 8.257373306838566851e-01 8.403118423837233619e-01 8.281867565779446050e-01 8.544924024282968267e-01 8.533144609716966089e-01 8.462047295664323343e-01 8.604999464224535322e-01 8.482392102653267818e-01 8.501791299960127501e-01 8.613398009142535505e-01 8.650785628397149596e-01 8.615166115903646338e-01 8.228542193808894289e-01 8.465181362233902274e-01 8.216561180719245128e-01 8.491572033892674787e-01 8.602867237747231499e-01 8.515117326982967194e-01 8.461316116698553991e-01 8.535391193359278539e-01 8.599487261432572360e-01 8.570872301605922949e-01 8.676587879795482072e-01 8.668106751439286217e-01 8.606561461415063174e-01 8.546538020133022107e-01 8.622206398411851325e-01 8.572328573687746367e-01 8.655340766872543501e-01 8.640985770073806860e-01 8.584014378013379298e-01 8.564827211119480088e-01 8.634798492696277306e-01 8.566777903815834261e-01 8.602236892953626368e-01 8.354732539460523189e-01 8.390216691640516311e-01 8.643009490655781946e-01 8.627735319414906456e-01 8.590606495917687546e-01 8.565656380363627642e-01 8.577745353257653083e-01 8.584393992788766914e-01 8.629454689348465823e-01 8.648771929932632663e-01 8.593679994873102412e-01 8.558463464107615160e-01 8.512331980020281241e-01 8.540009923482787535e-01 8.600404452204641892e-01 8.616508900553104811e-01 8.621514704905842708e-01 8.618829625026399599e-01 8.581814132672892503e-01 8.650432577836756343e-01 8.640648764085262501e-01 8.639648330243006047e-01 8.673518084764575420e-01 8.681198566169265884e-01 8.581051597719835389e-01 8.604529961424983719e-01 8.668569138956454534e-01 8.628321523775298596e-01 8.602143074535203437e-01 8.661530838472837335e-01 8.619134609163212613e-01 8.682136707959469124e-01 8.619670201966012080e-01 8.655751574484936706e-01 8.680637421096824013e-01 8.656359449030605058e-01 8.660850826908925715e-01 8.688875230433096286e-01 8.672206395881135732e-01 8.699859416755482133e-01 8.682673991855208717e-01 8.667705710581828926e-01 8.648890105750431934e-01 8.676481570603106208e-01
