1.000000000000000000e+00 9.796269374845448241e-02 2.619448824227311179e-01 2.269840305355439458e-01 9.879778256409851855e-02 5.255986974199611944e-02 1.604810110938663659e-01 6.648569334053498758e-02 2.142900157185947396e-01 7.989598466465992754e-02 1.559663345601734197e-01 1.161081764630030599e-01 3.222967945929296196e-02 5.178502825463068837e-02 5.958168843926588826e-02 4.227118310408627122e-02 1.430340273324508804e-01 2.781187763367558574e-01 1.872945705362814295e-01 2.521526447280415528e-01 2.519086597756112211e-01 1.994264347185293329e-01 2.509165937522510048e-01 2.499573730895801593e-01 1.914641065596657810e-01 1.922737032229394905e-01 2.207341983628834658e-01 2.140661077336875051e-01 2.066443275056969453e-01 1.967904979520871123e-01 2.025962721078552464e-01 1.869725813505101475e-01 1.929204357367485245e-01 1.692353210221411719e-01 1.343571524679479656e-01 1.863560444786717119e-01 1.818094930627782713e-01 1.399170345823680939e-01 1.287009754906364989e-01 1.721169005191397483e-01 1.086729840371680605e-01 1.191724169951740714e-01 9.011612740599762861e-02 9.130168964120337349e-02 1.397541096444345210e-01 1.181896263088646759e-01 3.813315191232562185e-02 5.747871453563459243e-02 4.009140257124635398e-02 9.443388896064801308e-02 9.261114671707965096e-02 7.931605736654111227e-02 6.648351692495792220e-02 9.227492670286097098e-02 8.690624588947300222e-02 1.053997715922365963e-01 8.894273440801589437e-02 5.850530332876480166e-02 7.624531209572388279e-02 6.243696396444859548e-02 5.594160814700505080e-02 5.236550135305049342e-02 5.817071823157101557e-02 5.310458305767964959e-02 7.163085803755241121e-02 7.767049092406877464e-02 5.138902761882622322e-02 7.372172778276059324e-02 9.203027844667444057e-02 1.066158504044801697e-01 7.489946676470517206e-02 6.880731265225766002e-02 1.138614849613254487e-01 9.114181993579882624e-02 8.926988733956052469e-02 9.693421600066003119e-02 9.208405360017288266e-02 9.638786866086027083e-02 8.366650437186334832e-02 6.817391603202548056e-02 9.471176966925179408e-02 8.748815130855001898e-02 8.927929491459120348e-02 8.016330930648646325e-02 6.784546748869420274e-02 8.232711526442985928e-02 8.693062217547153914e-02 6.532924393356258352e-02 5.696643538793597777e-02 8.207748908443721070e-02 8.196893344832659190e-02 5.783493767474170294e-02 6.171737778041488931e-02 5.869039450268256908e-02 1.351762171463138235e-02 2.111085438306662190e-02 4.271472535533253623e-02 5.827116503242994044e-02 3.332791542366699000e-02 4.757628599679589176e-02 4.125980189981345858e-02 2.936876746973906757e-02 3.316523431299901736e-02 3.501963576419320212e-02 5.800653244049312068e-02 6.200768612839274024e-02 3.023681791987017226e-02 4.210364053181207128e-02 4.677343145614021314e-02 2.725305395613650608e-02 3.332349827639865397e-02 3.161946785202009169e-02 3.087540856063783132e-02 3.270890925475371247e-02 4.793599502821677127e-02 4.327535472096452618e-02
9.796269374845448241e-02 1.000000000000000000e+00 1.514337166170482973e-01 1.440441373374573564e-01 1.302777835973841225e-01 1.226675270853047617e-01 2.168997417537558425e-01 1.554655478259792112e-01 2.119515627433658789e-01 1.961699228721252020e-01 2.001198393108981899e-01 1.766686931832412155e-01 1.530081395209134110e-01 1.322723933991855061e-01 1.956985383664379130e-01 1.761009373689302882e-01 1.845446310013715563e-01 2.146586373566970185e-01 1.676420049885431751e-01 1.956934794225465291e-01 2.052987873163735766e-01 1.577816304727291952e-01 2.236179465692348656e-01 1.901019136324295644e-01 1.542934534775314004e-01 2.046432948529758045e-01 2.073397842092485344e-01 2.085749632035399925e-01 1.605014902088371109e-01 2.001262673340433729e-01 2.001049524198497409e-01 2.220859569084596141e-01 2.044236235057420026e-01 1.950478731875426308e-01 1.965259717625770508e-01 2.093322238216113185e-01 2.087994691864047958e-01 2.107881776587560152e-01 1.982638894385845563e-01 2.045479047296264452e-01 1.991380593512440678e-01 2.032502538146258586e-01 1.817651339014948186e-01 1.897001663518902981e-01 1.997696391354887302e-01 1.951042809390119703e-01 1.762426068716088368e-01 1.863330827314775007e-01 1.688199125936236111e-01 1.694330807693761598e-01 1.860145387709380427e-01 1.456469723784402648e-01 1.660310661969348900e-01 1.928736367672359009e-01 1.759983197935219290e-01 2.023977596399083312e-01 1.684655739244356465e-01 1.818189356121117095e-01 1.762273176099564409e-01 1.801503693541144924e-01 1.613818225958167929e-01 1.714363382826468440e-01 1.658817205669515515e-01 1.629665985395230277e-01 1.711449621683100164e-01 1.791644289374679511e-01 1.784703731464329091e-01 1.866210897571190241e-01 2.030135003359251344e-01 1.973615321164062519e-01 1.751027094498411041e-01 1.739434987408755295e-01 1.868953882852725235e-01 1.759433870793519483e-01 1.937363285329744556e-01 1.917480723166092860e-01 1.932750176709431278e-01 1.733966276699495934e-01 1.824768547935632923e-01 1.823299157758170586e-01 1.909510727919503936e-01 1.847152449481895831e-01 1.971270995850702978e-01 1.937206760534266325e-01 1.875985525218661076e-01 1.820730791719287756e-01 1.885921335622351147e-01 1.920839003860362326e-01 1.821388946755668203e-01 2.008548298015147282e-01 1.930728860796306068e-01 1.875169294784987117e-01 1.853741283466914525e-01 1.826053639881053126e-01 1.702559575206176457e-01 1.755226008877416033e-01 1.710296041938634826e-01 1.634456765112999865e-01 1.667829582815210099e-01 1.795779725185361053e-01 1.742651044014101591e-01 1.666322240928861664e-01 1.618998363888336511e-01 1.738253854524485498e-01 1.769136453025748068e-01 1.843459305565650075e-01 1.719569985535347734e-01 1.834425383835778522e-01 1.806322312167216171e-01 1.742603745893519240e-01 1.772988888023214749e-01 1.741434455013904647e-01 1.752294276797278505e-01 1.695825595870169844e-01 1.700202583471478179e-01 1.699955701533385766e-01
2.619448824227311179e-01 1.514337166170482973e-01 1.000000000000000000e+00 5.436563562423617491e-01 2.599867824310268527e-01 2.797450038388203386e-01 4.510380519227239482e-01 3.190377033373041904e-01 4.305756116194941474e-01 3.393043735042745035e-01 4.965505614902108733e-01 4.653668955931361539e-01 3.305953409631579021e-01 2.738485694109064617e-01 4.048085244108690639e-01 3.630555368264781757e-01 4.142585448145345572e-01 4.663217279353394362e-01 4.749792580391810071e-01 3.985898390254528079e-01 4.991269547184495337e-01 5.291935421738296341e-01 4.650350743505505813e-01 4.953024194556445714e-01 5.190995838323677614e-01 4.955198261698058881e-01 5.429476166279343374e-01 5.286147126741022051e-01 4.743266596203978835e-01 5.350844356335030527e-01 5.526954788831199838e-01 4.498186422177493649e-01 4.778969208741886687e-01 4.502156217958340756e-01 4.599996223857424349e-01 4.755696139446305981e-01 5.137372573157056310e-01 4.396550612094395905e-01 4.539793127280311591e-01 4.777999109623066731e-01 4.291336467002315747e-01 4.453270363777080409e-01 4.297897972004735001e-01 4.347680793744989614e-01 4.812576647062202784e-01 4.570830985959248305e-01 3.756894174425658428e-01 3.741727297588242629e-01 3.687886703633951879e-01 3.971884521258373657e-01 4.138178003246563708e-01 4.198352927475094143e-01 4.090477321367072538e-01 3.881330088611432139e-01 3.831275939832362587e-01 4.165070281026914123e-01 4.045194454857504729e-01 4.024309489274086604e-01 3.883600004860818244e-01 4.029796384119987418e-01 3.972692435316247939e-01 3.833790941658656304e-01 3.925189142822800847e-01 3.833471838886075012e-01 4.171537041010986435e-01 4.081274834126423778e-01 3.716484540186008045e-01 4.033512405086727148e-01 4.081655200965459973e-01 4.138495232698580772e-01 4.315874405368361200e-01 4.300792213910704653e-01 4.316326008303340012e-01 4.543094130063808911e-01 4.226597140846014566e-01 4.383302242320394337e-01 4.319171430081483742e-01 4.183336937446757164e-01 4.375176607232451054e-01 4.307423520504724546e-01 4.474897984453322097e-01 4.589854899204243721e-01 4.049165867446902767e-01 4.188249826704490975e-01 3.939755676333022705e-01 4.106867509853321940e-01 4.323434197478858154e-01 3.945799856476264744e-01 3.970017876198081441e-01 4.014893557912215805e-01 4.173378315185589105e-01 3.943985947182222507e-01 4.124597703778603575e-01 4.056079258594991743e-01 3.572609449827178207e-01 3.602771495831880721e-01 3.753602606119146312e-01 3.842142343681354544e-01 3.720181665077526012e-01 3.845655755840455825e-01 3.818112524086196835e-01 3.711963013454948612e-01 3.765273871763175628e-01 3.771319922843602845e-01 3.978408938433818376e-01 3.857365066888860938e-01 3.635177738080764831e-01 3.687232181908730588e-01 3.791307577920822736e-01 3.713950523807070803e-01 3.710828150842941930e-01 3.709006258201838491e-01 3.671196832249459807e-01 3.737952985630159652e-01 3.912439928837833092e-01 3.832187717144521777e-01
2.269840305355439458e-01 1.440441373374573564e-01 5.436563562423617491e-01 1.000000000000000000e+00 3.452729367161004870e-01 3.811130078806160837e-01 6.018209702387098403e-01 4.924446361836699038e-01 5.876559016817891612e-01 4.796724493382807375e-01 6.449253682515957431e-01 6.607727427805940579e-01 5.004417214612518761e-01 4.261995332003352122e-01 5.750487277645802697e-01 5.539046932006672641e-01 5.482065594500011851e-01 5.521354309865375010e-01 5.562771717375527558e-01 5.343234102269379671e-01 6.087409821174174507e-01 6.160640799139814883e-01 5.645730090438549897e-01 5.659986824637949221e-01 5.855913552164359048e-01 6.398953790014698662e-01 6.757844629477104403e-01 6.638421726091475739e-01 6.165518150043994838e-01 6.265087050094468868e-01 6.790165527033555914e-01 5.962086096856348272e-01 5.919351022085143077e-01 5.706814633407993886e-01 5.632263117559314081e-01 6.272013796804511987e-01 6.320020650638888959e-01 6.069288630210242230e-01 6.015881752095487700e-01 6.314129761427038634e-01 6.061715323794635291e-01 6.106860090898159621e-01 5.966322667201131580e-01 6.115269547083076462e-01 6.368959784156976722e-01 6.215547757869329670e-01 5.544862155107134205e-01 5.537318995108075903e-01 5.511713900083805573e-01 5.697347553229857864e-01 5.896077028260821029e-01 5.773503535190301905e-01 5.756875308845518235e-01 5.604682942803879131e-01 5.601345598340499166e-01 5.816828416933677026e-01 5.761878912112973206e-01 5.715480340653604774e-01 5.725064424538105490e-01 5.687984030149018100e-01 5.738666628895681132e-01 5.583998539117706050e-01 5.679044302223280605e-01 5.637189827676504228e-01 5.758357399330407134e-01 5.756008987263175891e-01 5.470695362363534597e-01 5.681536569821805660e-01 5.729136858480519123e-01 5.903220339626172875e-01 5.926759958564643549e-01 5.883570536294759901e-01 5.802634323117332737e-01 6.045851029974660396e-01 5.931341639862830473e-01 6.060606140714142054e-01 6.042424457245313407e-01 5.952192205097510680e-01 6.070793631400482893e-01 5.854784815493603300e-01 5.969534339691110469e-01 6.185074366521878808e-01 5.749186398491711314e-01 5.712561686195201105e-01 5.658653275660893156e-01 5.707865200090875835e-01 5.960715770510583988e-01 5.727246603715185902e-01 5.651735457743446434e-01 5.749814551259259110e-01 5.922166335536860338e-01 5.746954565168752582e-01 5.848963726054623447e-01 5.820617129757068575e-01 5.379576881861244386e-01 5.417701446623339745e-01 5.633800386189234954e-01 5.658850058528098748e-01 5.602584972204392999e-01 5.651460816343550908e-01 5.593503537410954296e-01 5.557129947148101712e-01 5.573849694651010767e-01 5.601348497995398690e-01 5.710665831610090004e-01 5.644818952716773586e-01 5.474789183563787409e-01 5.490177544086192185e-01 5.569885519195166834e-01 5.513747948572230717e-01 5.545098515849173904e-01 5.498661655173004981e-01 5.489240899196049517e-01 5.525834980844757105e-01 5.639516810995885976e-01 5.591934747899317548e-01
9.879778256409851855e-02 1.302777835973841225e-01 2.599867824310268527e-01 3.452729367161004870e-01 1.000000000000000000e+00 3.219166545752353836e-01 4.742224315765879994e-01 4.516994628943655221e-01 4.619726925472434353e-01 4.262403180196762120e-01 4.654368177140570939e-01 4.938288516778668313e-01 4.668161965603370156e-01 3.823872143520302691e-01 5.109604454715805932e-01 4.998185211901211011e-01 4.812323157923713568e-01 4.070767530670892920e-01 4.057760014358605671e-01 4.093997154500168545e-01 4.140782069179065328e-01 3.945517725068055093e-01 4.311236630021270111e-01 3.984899744692009804e-01 3.696136864266529876e-01 4.605902318040415722e-01 4.713307379199488945e-01 4.766946733016691473e-01 4.072895464661234199e-01 4.311478513173744864e-01 4.703436124032954191e-01 5.035544318887960058e-01 4.657340884541169013e-01 4.724634550949469713e-01 4.467329893782454597e-01 5.019903825094904626e-01 4.767874729666298772e-01 4.966383946660359872e-01 4.971501498713554734e-01 5.135470000045098127e-01 5.076458309850706563e-01 5.081688035384470670e-01 5.158113781977803347e-01 5.119704027547344882e-01 5.205523720067575244e-01 4.967878046183735186e-01 4.957901134666355958e-01 4.967432385982398224e-01 5.022494360609195407e-01 5.017340781896979518e-01 5.087791901392019200e-01 4.967556862829888842e-01 4.980992618837756791e-01 4.780901028950299003e-01 4.627672572833800291e-01 4.900908261431065616e-01 4.923274471510604711e-01 4.941850066426876076e-01 4.860444494058709930e-01 4.978958995628277595e-01 4.981976999931527206e-01 4.827716810524447788e-01 4.847413617781919926e-01 4.994815641638975512e-01 4.987785586482018640e-01 4.943835176526338304e-01 5.021803961688643403e-01 5.013250288485712192e-01 5.075007628708478880e-01 5.034767778112084757e-01 4.934042979926914763e-01 4.951622740596079431e-01 4.919511419414305808e-01 4.811855735140477819e-01 4.975721987466673601e-01 5.087869769277270082e-01 4.998856125728732835e-01 4.718572058608249131e-01 5.012397971972165633e-01 4.927105903242018914e-01 4.984359689458486287e-01 5.052129752477878544e-01 5.141769589293785359e-01 4.924209513895337897e-01 5.031537977692800423e-01 4.995598480267688934e-01 5.096072504258714053e-01 5.029997286738794315e-01 5.046309460961599935e-01 4.956220750754244397e-01 5.136060380353626442e-01 5.086187260522936349e-01 5.093948845684203031e-01 5.049033787498037329e-01 4.937715927696312845e-01 4.913106010131779167e-01 5.119192535307672820e-01 4.998914124496104394e-01 5.037599905093084196e-01 5.114764075496296414e-01 5.118881482894757085e-01 4.988939728304568333e-01 4.958314597000762491e-01 5.034865485525540363e-01 5.097123000926809810e-01 5.019502927721775087e-01 4.967176656739009100e-01 4.932891064791146141e-01 4.870776613671122801e-01 4.957643472607178858e-01 4.960645945779297850e-01 4.970637043070498806e-01 4.925813062480718374e-01 5.011213056262882048e-01 5.023285677514588432e-01 4.976749914551852894e-01
5.255986974199611944e-02 1.226675270853047617e-01 2.797450038388203386e-01 3.811130078806160837e-01 3.219166545752353836e-01 1.000000000000000000e+00 5.255083420260000526e-01 4.720374068711065685e-01 5.184723380590771091e-01 4.913959598270455364e-01 5.496402391940572452e-01 5.608229698802994490e-01 4.856217504547517549e-01 4.626131981974626051e-01 5.878067650193681271e-01 5.644520438071570778e-01 5.382746515073713045e-01 4.303694066594246914e-01 4.945406328626987258e-01 3.843232986248756866e-01 4.601744177612148157e-01 4.999561253291004981e-01 4.700690817174174030e-01 4.556630646317183508e-01 4.785819357968515986e-01 5.484184942911863869e-01 5.499817209352748648e-01 5.604890331065693898e-01 4.991900557563485052e-01 5.325916108136107274e-01 5.618379205079087058e-01 5.633872473873592357e-01 5.437875287359799081e-01 5.433093803329743787e-01 5.555905124454140198e-01 5.570401434196320389e-01 5.692017287243199553e-01 5.749764757585453800e-01 5.881896720603537743e-01 5.808767754905633796e-01 5.990797984968175838e-01 5.954639694075759548e-01 5.913780725476831535e-01 5.965644205760581853e-01 5.946938440667048908e-01 5.957376300383955270e-01 5.940838480271392053e-01 5.939440354721268189e-01 5.861441522637936830e-01 5.625771412547112549e-01 5.862596391704779641e-01 5.709938999540477012e-01 5.862737125337785793e-01 5.808478565477862565e-01 5.678636471457038093e-01 5.826373032915624917e-01 5.783120442790952165e-01 5.893812194487336731e-01 5.807879179726239682e-01 5.946273158488323274e-01 5.883374619256996896e-01 5.883942035266287451e-01 5.841925488913826126e-01 5.869450147002620577e-01 5.907296874196775738e-01 5.887829058363128754e-01 5.935577982209441217e-01 5.949726426208693519e-01 5.924606331171273776e-01 5.774054783830697701e-01 5.965226588247418693e-01 5.989700974237788245e-01 5.810893099692583386e-01 5.959301513248953519e-01 5.979508203893433294e-01 6.048185010513295046e-01 5.951414791525625470e-01 5.769037548412302430e-01 6.012583406070534098e-01 6.005613065263863959e-01 6.041893589126109410e-01 6.084659313824382076e-01 5.884783956010130046e-01 5.985430292799477359e-01 5.926523509516714583e-01 5.940832333885722738e-01 6.063191252746554794e-01 5.944685596115973913e-01 6.055041215047289871e-01 5.879688526962690842e-01 6.041502194730470343e-01 6.018483307911722813e-01 6.031648846086505866e-01 6.029842404969690817e-01 5.941641074687969981e-01 5.941207416996889812e-01 5.849049034696157667e-01 5.799938513165725507e-01 5.895176925997293038e-01 5.967093806814347534e-01 5.985749315152113503e-01 5.884630065585689795e-01 5.886846983998067495e-01 5.955584706025620623e-01 5.943525179678584847e-01 5.866001221107116637e-01 5.914920188421459724e-01 5.934927022073870351e-01 5.926849290816683657e-01 5.928422365652749049e-01 5.948577680376040400e-01 5.941273449259989459e-01 5.919695470745055532e-01 5.915440269001587259e-01 5.948500824861649994e-01 5.922395986165664983e-01
1.604810110938663659e-01 2.168997417537558425e-01 4.510380519227239482e-01 6.018209702387098403e-01 4.742224315765879994e-01 5.255083420260000526e-01 1.000000000000000000e+00 6.786198800933863629e-01 7.335196824722413078e-01 6.598415411636917582e-01 7.636877488852941154e-01 7.832586886330539233e-01 6.864784294342196613e-01 5.855397044922016070e-01 8.268215041830311307e-01 7.772138008495961259e-01 7.329736845995374894e-01 6.507152479331040906e-01 6.808411017133951804e-01 6.139609748604728523e-01 6.986953807250987358e-01 6.871962341028052812e-01 7.093287915543861066e-01 6.421049673830276916e-01 6.493294899620294380e-01 7.800737838593707618e-01 7.883398574376189183e-01 8.074727583397891539e-01 7.415812864593385179e-01 7.483850564588671039e-01 7.983121402500311659e-01 7.809095894315405406e-01 7.433096559739085230e-01 7.247485334352854469e-01 7.239036234663489555e-01 7.832515346127832956e-01 7.801833646548838042e-01 7.961550673284538693e-01 7.915519130324992769e-01 8.041027074649624851e-01 7.975744487693291473e-01 8.046319940328430231e-01 7.826021590446207155e-01 8.003506930705514000e-01 8.075464888725011336e-01 8.046008796185939449e-01 7.757667486436456983e-01 7.755921786770871851e-01 7.697521191960511322e-01 7.591914274355477943e-01 7.936325249034920093e-01 7.597532113076183036e-01 7.726073678934404221e-01 7.749969329805426188e-01 7.575438627678346970e-01 7.826473933692733587e-01 7.763093508659605346e-01 7.815146153620922131e-01 7.752135584706338900e-01 7.782195506682193509e-01 7.724576780058265424e-01 7.696401101204963791e-01 7.726114632143613603e-01 7.759302654511616160e-01 7.808337863429118952e-01 7.814704623489885371e-01 7.722486797799956726e-01 7.803739824504906109e-01 7.897148511332804377e-01 7.866226345891540461e-01 7.856292387450439785e-01 7.793562837917097363e-01 7.669741101430647134e-01 7.757510375255669555e-01 7.970062389334294783e-01 8.091603121529996612e-01 8.073895394177788010e-01 7.860869015345581801e-01 8.040323422690432986e-01 7.928396307401577303e-01 7.982104342472589043e-01 8.100717824094579855e-01 7.938916808795958291e-01 7.833324014468728835e-01 7.786344136354667045e-01 7.788569595620266073e-01 8.000795364287465183e-01 7.877251790385658703e-01 7.902367589620109545e-01 7.854125661258922753e-01 8.002739531231503056e-01 7.909086461219776432e-01 7.929003948349914177e-01 7.921291315115605025e-01 7.640156880284986185e-01 7.663257479959653118e-01 7.762000756765246035e-01 7.712775947636590912e-01 7.685471771071248348e-01 7.809608963858908348e-01 7.790923992431246781e-01 7.722128680413555823e-01 7.698292418378039903e-01 7.748144720625432802e-01 7.861960947604788030e-01 7.807231001382909374e-01 7.689681422704456315e-01 7.724384615884227756e-01 7.753806570017365285e-01 7.700027245442307988e-01 7.729468377034690585e-01 7.697283181007190667e-01 7.693273419255560741e-01 7.747938997107275405e-01 7.785368116849287201e-01 7.770262645343150032e-01
6.648569334053498758e-02 1.554655478259792112e-01 3.190377033373041904e-01 4.924446361836699038e-01 4.516994628943655221e-01 4.720374068711065685e-01 6.786198800933863629e-01 1.000000000000000000e+00 6.735469486453287136e-01 6.358919759204145761e-01 6.828365769696980170e-01 7.327004302143199643e-01 6.911610200331265164e-01 5.738611737251386735e-01 7.649077076565560240e-01 7.764181517499637586e-01 6.871857564590686529e-01 5.476813713909086667e-01 5.795653753334968350e-01 5.485077559745701326e-01 5.643000356341680845e-01 5.583272336430052940e-01 5.890933682818546568e-01 5.301378384573804947e-01 5.150516534379265821e-01 6.843210782990184482e-01 6.674636981974704231e-01 6.993015415406060864e-01 6.321299037199550330e-01 6.409216114359349570e-01 6.632596728816678722e-01 7.280111892590654943e-01 6.669763220878622834e-01 6.787922113843337657e-01 6.699311203987784458e-01 7.045578374197660754e-01 6.822600658352927505e-01 7.585922353497026593e-01 7.471897903682716002e-01 7.432170802917931196e-01 7.606280179618679638e-01 7.673328204897066351e-01 7.591268835985826025e-01 7.719474088855647897e-01 7.489071507858865440e-01 7.547850044832611349e-01 7.725730658717556709e-01 7.726082350997913739e-01 7.739086304160869290e-01 7.475740271333993769e-01 7.746196103508706798e-01 7.404941232847840338e-01 7.621934880015599489e-01 7.516028135156455070e-01 7.359503550431629737e-01 7.529970358284129306e-01 7.526230816930749024e-01 7.727425380694533663e-01 7.673847380611610314e-01 7.641828960364193124e-01 7.679196757896923353e-01 7.592176338735481256e-01 7.610758044435187442e-01 7.703776917678621938e-01 7.471519399036306019e-01 7.637374814946035206e-01 7.729494929275458892e-01 7.627679926944018751e-01 7.643318627259650944e-01 7.607140542617985002e-01 7.518028903343730862e-01 7.476826378966818787e-01 7.326579003515434341e-01 7.265745107703417416e-01 7.633171481429383842e-01 7.688495925792321328e-01 7.660114056193713106e-01 7.458690390657941593e-01 7.642342465563675136e-01 7.532185826161258424e-01 7.504029728315002590e-01 7.607398163402346869e-01 7.689430065172849771e-01 7.536790532235488893e-01 7.719561145749859188e-01 7.607805123513864398e-01 7.681689810690685016e-01 7.771725908964626228e-01 7.746369661683727426e-01 7.630585932144858807e-01 7.738157588194958247e-01 7.790373919512216805e-01 7.711821385296722120e-01 7.766951414892588890e-01 7.738390040238907197e-01 7.720296370952643983e-01 7.804828161848869073e-01 7.675473719248665505e-01 7.778056449603175659e-01 7.809397451277053648e-01 7.818955811162138225e-01 7.798054977331689841e-01 7.736500421600650546e-01 7.792808611445264377e-01 7.767942221841116490e-01 7.706604546843314196e-01 7.747544257632850151e-01 7.694644889080779482e-01 7.676451943064116490e-01 7.744827296358930413e-01 7.764582052036576032e-01 7.727727922675511341e-01 7.730070107480703223e-01 7.775753840524189942e-01 7.686212757891185410e-01 7.754140624555033723e-01
2.142900157185947396e-01 2.119515627433658789e-01 4.305756116194941474e-01 5.876559016817891612e-01 4.619726925472434353e-01 5.184723380590771091e-01 7.335196824722413078e-01 6.735469486453287136e-01 1.000000000000000000e+00 7.498515382014392383e-01 8.244837468132413250e-01 8.351327690230405665e-01 7.267352460037513895e-01 6.165977212278215269e-01 8.182486115968555795e-01 8.160694154710513848e-01 8.275462902849252123e-01 7.361897706526313589e-01 7.456748949414879757e-01 6.891105604095449921e-01 7.503539300364773235e-01 7.357545854885765291e-01 7.513591681708978731e-01 7.039003456910449819e-01 6.910952633990703475e-01 8.417818402358556718e-01 8.371088320397582772e-01 8.563375500412284680e-01 7.827594662793700975e-01 7.957745365297419493e-01 8.250772936957345705e-01 8.613110065284622641e-01 8.290999496924107426e-01 8.168312251378400113e-01 8.216044649488700724e-01 8.483150629677754795e-01 8.364144422543455804e-01 8.691606360680532717e-01 8.656285004978073738e-01 8.619857131880720447e-01 8.706914729316620472e-01 8.741113375796050189e-01 8.549452692748961136e-01 8.711897425206006629e-01 8.714284710596912342e-01 8.738925092067216793e-01 8.474333760393604198e-01 8.610204532334823080e-01 8.457518391620575393e-01 8.294433272918301236e-01 8.617399170491160110e-01 8.308567653731631086e-01 8.454796922007526971e-01 8.691769543178029522e-01 8.522813523055248197e-01 8.704907800809817964e-01 8.650883455095901287e-01 8.554274203006297927e-01 8.559353130459395054e-01 8.645394004842450464e-01 8.537467092783447287e-01 8.586632171306796124e-01 8.580595634518298764e-01 8.522743548137640124e-01 8.587681986115049959e-01 8.682723221755878074e-01 8.536275079723469883e-01 8.631963642463281738e-01 8.695082450989983780e-01 8.656970263276222433e-01 8.512452306443730743e-01 8.540115779782071481e-01 8.451480095405371484e-01 8.407456389317696788e-01 8.743232482957645768e-01 8.722529254880261318e-01 8.744955797905586969e-01 8.504226553054070603e-01 8.646827932288997376e-01 8.561433437546712710e-01 8.624145583113294045e-01 8.638460456357459627e-01 8.675576675379259584e-01 8.634897215585212171e-01 8.553887413662235595e-01 8.567033746092043156e-01 8.642656159268978788e-01 8.651691113435751035e-01 8.573284062522495974e-01 8.733980021571886576e-01 8.660571048423721940e-01 8.605893520965125498e-01 8.637492477726604889e-01 8.641676074109027050e-01 8.394439027292784905e-01 8.450264093358468287e-01 8.382319075230795224e-01 8.512164032394159419e-01 8.428565508870888845e-01 8.492720965224315188e-01 8.470848495879224060e-01 8.438140921028453034e-01 8.433342342716899642e-01 8.474095326959762975e-01 8.575283297224590706e-01 8.614505745071234788e-01 8.483186127828222789e-01 8.578118622238983804e-01 8.595938730728520660e-01 8.484555892449184844e-01 8.507039533249491914e-01 8.502110169912547866e-01 8.496756814035808514e-01 8.479173536668286326e-01 8.540131145917182476e-01 8.521030422513430347e-01
7.989598466465992754e-02 1.961699228721252020e-01 3.393043735042745035e-01 4.796724493382807375e-01 4.262403180196762120e-01 4.913959598270455364e-01 6.598415411636917582e-01 6.358919759204145761e-01 7.498515382014392383e-01 1.000000000000000000e+00 7.445325706371691554e-01 7.710022857984643041e-01 7.016602875963756647e-01 6.029678455059718223e-01 7.855317692340931801e-01 7.812955455421788376e-01 7.489226773152898309e-01 6.251126493268507334e-01 6.578164736007532376e-01 5.863838681955377830e-01 6.448153444591789851e-01 6.365048809039923761e-01 6.449354756841428893e-01 6.050491309677025198e-01 5.997751106417058553e-01 7.466157912152758813e-01 7.367529236986978258e-01 7.643060370607762666e-01 6.829509078041696712e-01 7.190658838315222567e-01 7.303753444272313988e-01 7.817543931942154689e-01 7.506510891860629364e-01 7.382543561746851557e-01 7.571588644227540410e-01 7.591339715692247969e-01 7.543236091822586031e-01 7.950422625279677247e-01 7.994499696981915982e-01 7.814400375774641638e-01 8.107083497210966216e-01 8.139472163574849040e-01 7.971121735372438399e-01 8.136678977794776779e-01 7.992127126732281317e-01 8.079990570447692644e-01 8.178808126635289666e-01 8.222196644057225834e-01 8.057123567709817413e-01 7.643442981276518111e-01 8.035073392342425569e-01 7.760442899567224773e-01 8.034640880510527383e-01 8.111294405004219055e-01 7.870670930457236425e-01 8.061943704216861795e-01 7.985818537841384845e-01 8.167806897003857536e-01 8.012330616221982060e-01 8.201966084170350113e-01 8.008518438068307210e-01 8.112880216904505559e-01 8.046039132267807092e-01 8.033419244224621059e-01 8.111289050678105461e-01 8.129240189491402369e-01 8.195848309545205046e-01 8.198776198265901316e-01 8.190265317211099516e-01 8.104172352240116561e-01 8.045292149046074925e-01 8.051891483781665748e-01 7.911112468076854087e-01 7.887737748904611879e-01 8.179110717511078876e-01 8.163020482342612238e-01 8.204412466677232230e-01 7.898555206912848403e-01 8.119645396240516844e-01 8.040209786035001915e-01 8.075380254891444398e-01 8.097619297554347062e-01 8.188145913177811153e-01 8.165180425460119018e-01 8.122762501707430083e-01 8.089351304629954775e-01 8.172678128958902333e-01 8.236235523932495806e-01 8.200986757038719599e-01 8.203369872614262315e-01 8.228020566123755986e-01 8.236394790293527501e-01 8.214604204178558300e-01 8.213965885768796937e-01 8.158007236368243209e-01 8.180113767775525346e-01 7.970101701022899165e-01 7.974594583572200968e-01 8.054356526167675279e-01 8.131997705589258940e-01 8.122836250206335595e-01 8.091072295167521800e-01 8.089923649105007497e-01 8.174572950149838757e-01 8.155977020761894236e-01 8.149027987529914308e-01 8.155647885231658289e-01 8.236556791012676904e-01 8.179378684431228841e-01 8.192006064369335983e-01 8.181588062822199303e-01 8.192063700178776608e-01 8.178052178209962442e-01 8.146522863683467452e-01 8.173392644277164276e-01 8.149331902592910071e-01
1.559663345601734197e-01 2.001198393108981899e-01 4.965505614902108733e-01 6.449253682515957431e-01 4.654368177140570939e-01 5.496402391940572452e-01 7.636877488852941154e-01 6.828365769696980170e-01 8.244837468132413250e-01 7.445325706371691554e-01 1.000000000000000000e+00 8.771191464350625022e-01 7.449172177245959592e-01 6.482794545716641377e-01 8.434487078570276353e-01 8.296250399401342568e-01 8.234665900284064977e-01 7.467856831927680572e-01 7.928585134262635670e-01 6.728023978582234887e-01 7.895972236926556143e-01 8.003332134072076443e-01 7.681070662315637732e-01 7.448904606117823235e-01 7.615854269840215407e-01 8.632241126991988533e-01 8.764145084568127908e-01 8.802291401876399801e-01 8.080519415936595617e-01 8.484207992259771292e-01 8.832014076398823077e-01 8.698204098571539200e-01 8.562391783734895068e-01 8.341015940066404122e-01 8.518617998622677323e-01 8.738981619796308831e-01 8.809736463162299858e-01 8.776340937695051858e-01 8.919904204252397939e-01 8.817089015176000633e-01 8.876779268442537285e-01 8.935139406018427488e-01 8.833992011552194157e-01 8.946145962280189767e-01 9.016919462226770099e-01 8.985895252225148955e-01 8.678775013540528382e-01 8.669059912974592663e-01 8.609256819059636356e-01 8.419425215996323431e-01 8.770325996008567770e-01 8.607163256037977384e-01 8.690122676173236416e-01 8.680683191323499415e-01 8.547259824118745852e-01 8.770532349841247965e-01 8.743334946192262702e-01 8.759923751062568265e-01 8.634829868419332533e-01 8.802761126803460012e-01 8.725143195022113662e-01 8.705395635483015315e-01 8.726213468523111860e-01 8.658377277656019722e-01 8.853078254623426568e-01 8.823483265596193670e-01 8.671885761278961269e-01 8.834849084881432058e-01 8.844296870133404598e-01 8.794240627457297066e-01 8.878596579224515839e-01 8.890250815773228510e-01 8.734170625253322440e-01 8.854534602473629334e-01 8.940998026039846946e-01 8.992902163794693760e-01 8.972303963659568060e-01 8.734569631553029678e-01 8.968678830688436854e-01 8.895571635133522337e-01 8.953092906213814262e-01 9.025377470904430988e-01 8.814935058194914852e-01 8.900109143852672489e-01 8.754825447265000005e-01 8.792611577007232171e-01 8.964329477354471276e-01 8.815615505340212987e-01 8.808147255814652299e-01 8.835261606754115649e-01 8.931149013297891015e-01 8.814253397429667736e-01 8.905652284770552152e-01 8.879733135671828981e-01 8.585885169069352729e-01 8.619920407067175327e-01 8.593486350661936335e-01 8.692366789567832486e-01 8.638668176885876404e-01 8.712918494248131918e-01 8.708476944862828528e-01 8.652293072870191892e-01 8.669282701020909476e-01 8.707649502356000770e-01 8.799701842556909570e-01 8.752174733117116245e-01 8.650830899816253083e-01 8.692073316583163178e-01 8.737900192081796691e-01 8.672519122260139435e-01 8.656886768001598176e-01 8.678148602193810346e-01 8.656310034820541288e-01 8.681152262372953121e-01 8.781288315083448648e-01 8.729888198200882465e-01
1.161081764630030599e-01 1.766686931832412155e-01 4.653668955931361539e-01 6.607727427805940579e-01 4.938288516778668313e-01 5.608229698802994490e-01 7.832586886330539233e-01 7.327004302143199643e-01 8.351327690230405665e-01 7.710022857984643041e-01 8.771191464350625022e-01 1.000000000000000000e+00 7.825884217727113734e-01 6.756294603291757017e-01 8.904479721077954713e-01 8.780005564641970572e-01 8.428404466324636024e-01 7.061334705006980794e-01 7.675993937739056250e-01 6.761509901728612881e-01 7.602297673549245349e-01 7.768483601262849980e-01 7.442539794760965055e-01 7.094356370311756255e-01 7.277690927792984654e-01 8.750994041908559673e-01 8.701879970559808219e-01 8.925001752908623409e-01 8.141545207048195287e-01 8.293235301222886546e-01 8.688793198554005670e-01 8.752270123733778551e-01 8.416764992759960817e-01 8.369479930128285172e-01 8.397097855712432057e-01 8.733947534727221074e-01 8.703559956045615609e-01 9.040538016994668080e-01 9.072869053230590008e-01 9.046894956980916502e-01 9.246593351897889335e-01 9.235484283764828772e-01 9.141915645612224139e-01 9.316065538942721602e-01 9.241744463664781639e-01 9.256816786966534094e-01 9.155646848099074919e-01 9.173387880369044955e-01 9.096587772269734140e-01 8.788561483478417591e-01 9.168865692156257241e-01 8.987846743342852163e-01 9.148741438400730397e-01 9.058669903320665240e-01 8.917483379199881988e-01 9.056227263764664581e-01 9.115898034707472508e-01 9.179836984254405863e-01 9.101956224578312549e-01 9.202698680382755958e-01 9.192562881474727332e-01 9.155217718074237787e-01 9.166942095013246306e-01 9.138788256623178174e-01 9.173060076239550886e-01 9.229680499952224171e-01 9.128144208679871419e-01 9.168694470367338978e-01 9.139307667585984118e-01 9.131035193569976283e-01 9.207250107066283773e-01 9.200631378249228831e-01 8.956329121483416200e-01 9.062837488467379021e-01 9.276922373147837853e-01 9.320659669354998123e-01 9.305009083059914143e-01 9.085837833978909206e-01 9.305916627970466370e-01 9.146328470800482169e-01 9.189050996026384421e-01 9.310723782586579622e-01 9.154000696411177529e-01 9.124124712339175547e-01 9.115927582566871745e-01 9.116179722196404711e-01 9.273529404532397935e-01 9.226054177590692351e-01 9.218273349829095853e-01 9.172269463560306368e-01 9.300466044233342000e-01 9.266720022524990164e-01 9.294957514112009989e-01 9.293734454050527338e-01 9.118599410621112122e-01 9.129282030457781527e-01 9.066917736510056169e-01 9.095775551840270534e-01 9.139954630825781745e-01 9.174553415378421395e-01 9.170733100171967189e-01 9.156672483260552831e-01 9.169107950548244235e-01 9.204512721307078760e-01 9.228648184064708326e-01 9.164298817748386394e-01 9.128316524508914842e-01 9.149734140981276020e-01 9.162850752492965878e-01 9.168681367058659770e-01 9.162811159190386023e-01 9.173489148916469382e-01 9.166152688844151353e-01 9.171195124594051507e-01 9.206961487149447620e-01 9.203971764952711965e-01
3.222967945929296196e-02 1.530081395209134110e-01 3.305953409631579021e-01 5.004417214612518761e-01 4.668161965603370156e-01 4.856217504547517549e-01 6.864784294342196613e-01 6.911610200331265164e-01 7.267352460037513895e-01 7.016602875963756647e-01 7.449172177245959592e-01 7.825884217727113734e-01 1.000000000000000000e+00 6.088046699529315875e-01 8.137454155843055759e-01 8.193235454240259674e-01 7.442014938619391229e-01 5.980413024291382218e-01 6.567274364646414897e-01 5.726708911865258100e-01 6.269068252640185301e-01 6.335141029413037250e-01 6.230765037311857268e-01 6.063317314959987270e-01 6.016231148316177890e-01 7.350898689356700766e-01 7.297100783280291436e-01 7.580671149964854916e-01 6.564705083978792377e-01 7.115371731254489518e-01 7.305482952040687206e-01 7.799747403652864675e-01 7.335287296473472773e-01 7.392510925084634366e-01 7.505711791798539423e-01 7.650127050410630014e-01 7.596985414851157303e-01 8.028850263678132260e-01 8.083646546912913733e-01 7.910240002537902715e-01 8.263314360957976223e-01 8.239211091695908262e-01 8.234311255313276900e-01 8.338860031205065360e-01 8.098196976249629753e-01 8.174860312229710324e-01 8.375856040331964847e-01 8.313388729560566848e-01 8.327695243088263366e-01 7.925468464633145249e-01 8.249775826676013502e-01 8.019397596477605417e-01 8.219161934488196097e-01 8.063892885488446183e-01 7.830683949670192989e-01 8.026938221413630892e-01 8.074517813440563740e-01 8.244624340788115902e-01 8.093875518746227460e-01 8.311473891507848988e-01 8.281040464973453696e-01 8.194058121452524324e-01 8.210834650103739918e-01 8.292073505097604658e-01 8.216917112213186769e-01 8.218602592969106446e-01 8.346041143152541641e-01 8.303707647635661937e-01 8.286231838834020591e-01 8.144254139305538986e-01 8.193538281751123753e-01 8.239700589820134757e-01 8.058844770585306128e-01 8.107773591797247104e-01 8.298802612212677898e-01 8.337025711853465193e-01 8.319052846452386074e-01 7.946756519484016179e-01 8.275156850521676599e-01 8.253823710281200654e-01 8.264514268793013985e-01 8.310582073781126455e-01 8.244500303577760869e-01 8.291043758797714824e-01 8.313799769206661194e-01 8.256009380718187796e-01 8.369783727522239758e-01 8.378362734207965845e-01 8.399645269315513252e-01 8.251765182457239112e-01 8.399417852252049066e-01 8.431837507422650368e-01 8.391860615460349226e-01 8.414860851435537192e-01 8.368553739842105044e-01 8.379843519845667776e-01 8.271456086701971522e-01 8.248667895098628078e-01 8.361050974065087349e-01 8.406005126349098688e-01 8.398578722696908860e-01 8.351723312000181032e-01 8.338602134288886081e-01 8.415044418573661700e-01 8.369125212429540106e-01 8.252629335731433979e-01 8.364622281782861934e-01 8.362202623972472271e-01 8.278661525044967995e-01 8.370544791689744635e-01 8.356716876946266304e-01 8.371470469413697657e-01 8.325448982379882734e-01 8.380644266984521584e-01 8.367213461856291001e-01 8.343561028738961660e-01
