1.000000000000000000e+00 1.615202581534097015e-01 1.966734321862605439e-01 1.649548259275694650e-01 6.919575946967063129e-02 1.011530690965881628e-02 6.749013186216358540e-02 5.734637708190325200e-02 1.527913811747083905e-01 8.555663028829461891e-02 4.356801331229333274e-02 5.158442076324028930e-02 3.867182942820802938e-02 2.484242792335316155e-02 3.312735904889941435e-02 3.723828955545444019e-02 1.145586162372688732e-01 1.346547081054680628e-01 1.260949955915203202e-01 9.579952510280019540e-02 2.320404466922844355e-02 9.148687653072420933e-02 1.356754046342636133e-01 1.032111368766159831e-01 8.776753379784914266e-02 1.275378653452163280e-01 1.102624672600493322e-01 1.141675609015115056e-01 1.005416550416201177e-01 1.190262086024481414e-01 6.033177897229381054e-02 1.043258906043013634e-01 1.076645591585651818e-01 6.920217386041409291e-02 9.334757143576252747e-02 4.533186534952268060e-02 4.928684711028644833e-02 3.934317428520462540e-02 3.406355089176533318e-02 6.198155204043967470e-02 6.206175321051512345e-02 3.354034839332609153e-02 2.692652150566059860e-02 4.336639793888432542e-02 4.194370459979283872e-02 2.800476103561231819e-02 5.672324730787955613e-03 2.895680808346123847e-02 3.411035348581848564e-02 5.020251851071601268e-02 4.392804529671664321e-02 3.496496589582284709e-02 3.275393030817744244e-02 5.200653910813753805e-02 7.292042358629703680e-02 6.224710290112109995e-02 7.228974047870720399e-02 2.235629832431594230e-02 3.389859742422576122e-02 3.760181363937689647e-02 3.039774188646192712e-02 3.096429414780324171e-02 1.785284773572992298e-02 3.511979455686176088e-02 4.024865623487855482e-02 3.654698299102546871e-02 3.948872833410984468e-02 3.898739850379838445e-02 4.654514384387573728e-02 3.692429513242470596e-02 2.631512864321324668e-02 4.493567603753419182e-02 4.290777811075968673e-02 4.678884472877752748e-02 4.553445989401618682e-02 3.074403487022283471e-02 2.893347583472396026e-02 4.178781643534985879e-02 2.562716333385367529e-02 4.083338920194234251e-02 4.148512021202695882e-02 2.391072500609840029e-02 5.521992192034586022e-02 4.442007795630056183e-02 2.801937054946004174e-02 3.245938167099699651e-02 3.152788752355956126e-02 5.614584546859740372e-03 1.605701757936727966e-02 3.888736816341710478e-02 3.129021161022494529e-02 1.995012536944712478e-02 3.075257132123823331e-02 8.544675780212665148e-03 7.381381597642426226e-03 1.601296002119146494e-02 1.714559238899463281e-02 4.194731452222246609e-02 1.666837867927013425e-02 1.452898479865340035e-02 8.864705575319105357e-03 2.116287428690956027e-02 1.476266779854113267e-02 8.780811036711662701e-03 2.461739903607478713e-02 4.471685592098782053e-02 2.871525093278930532e-02 2.635901992320055856e-02 3.417895796716843154e-02 1.284714259041606389e-02 6.885767884421664480e-03 2.339100085701640783e-02 1.551664595196638671e-02 2.045982101668660652e-02 3.112315571021358890e-02 2.506359736757234752e-02
1.615202581534097015e-01 1.000000000000000000e+00 1.776108649358847935e-01 1.827495433867114827e-01 1.344660855640612551e-01 1.302398129387929981e-01 2.053886988044580919e-01 1.663724669676717449e-01 2.171203615896938055e-01 2.130236039395143610e-01 1.635479691107051547e-01 1.800461743507360268e-01 1.729607374407098330e-01 1.580530490044012859e-01 1.810147668643968810e-01 1.879013482399792823e-01 2.111151334630587961e-01 2.065849021409544295e-01 2.100565700930513147e-01 1.794682109438619222e-01 1.363491770767819022e-01 1.809188407928532805e-01 2.417659729992855944e-01 1.856655295620611434e-01 1.772195988226957508e-01 2.390953714028258847e-01 2.327419464689238215e-01 2.430353321768012331e-01 2.173643445263089558e-01 2.167272246960666726e-01 2.024594184808395647e-01 2.267275305842753885e-01 2.284211045649045813e-01 1.993319253583326900e-01 2.082844759099023724e-01 1.968400412273320632e-01 1.892809519619163272e-01 1.983225593063965841e-01 1.892747505747335302e-01 2.263047164721098403e-01 2.097146434257686209e-01 1.922883351160867282e-01 1.810179129270483578e-01 1.942724212744160461e-01 1.916037893957519278e-01 1.877347250561783865e-01 1.703466283041518980e-01 1.807034917522726825e-01 1.745263063470935960e-01 1.834686967733363261e-01 1.939235665552000443e-01 1.737520674108776753e-01 1.762335894715706952e-01 1.923793504646009456e-01 2.023290604918386304e-01 2.081537719682763909e-01 1.852915885208170077e-01 1.779330244744856404e-01 1.807691801629525141e-01 1.812644144679222691e-01 1.767936662676050930e-01 1.746974945692390813e-01 1.651921407272175235e-01 1.770832171375429365e-01 1.827264978226081360e-01 1.771809264648854798e-01 1.846594836005686635e-01 1.838457973502826692e-01 1.910890872780402483e-01 1.854409635396188361e-01 1.726112705519452228e-01 1.872612778920271503e-01 1.822074252128682847e-01 1.834149549281801350e-01 1.962282070191420091e-01 1.849305001568063989e-01 1.858695452311834861e-01 1.923592083213301884e-01 1.850977852868216367e-01 1.843475871651505948e-01 1.805769328919428762e-01 1.822462867420014399e-01 1.977302105383119679e-01 1.856445032987276977e-01 1.779249334518458181e-01 1.833948024916300656e-01 1.870929703147969081e-01 1.761506726022104008e-01 1.761437983058313783e-01 1.935638364276534573e-01 1.917407129501591256e-01 1.804846944242514406e-01 1.851741262629898188e-01 1.770686297774899387e-01 1.679272893802878364e-01 1.738111412682167289e-01 1.662712627485662120e-01 1.719486342941833334e-01 1.690460011199567125e-01 1.687595743618726107e-01 1.711146006232597550e-01 1.704944379296664536e-01 1.712731213199409630e-01 1.660208976548219750e-01 1.765944567014253452e-01 1.788721144120990758e-01 1.746950511528272409e-01 1.837199793494418143e-01 1.834105024898584346e-01 1.715369937377096698e-01 1.670168425315752825e-01 1.740263418731189671e-01 1.675440166712767465e-01 1.694255936995082423e-01 1.805508501381642150e-01 1.714732381296031338e-01
1.966734321862605439e-01 1.776108649358847935e-01 1.000000000000000000e+00 3.886112876073773426e-01 2.314898949288534125e-01 2.459697732756514210e-01 3.877880915688562413e-01 3.593596214600520700e-01 4.013849292910761646e-01 3.339418652643486030e-01 3.604727277587579937e-01 4.006471838669712904e-01 3.574899704475842377e-01 3.354416191908574096e-01 3.858605078654934739e-01 3.954192594618941570e-01 4.066103401381740978e-01 4.370404480283959781e-01 4.368304785318394279e-01 3.551879125117533564e-01 4.033134728327140150e-01 4.278668361286180333e-01 4.082148082544338474e-01 4.185992964158611884e-01 4.128491009655921307e-01 4.310366899813012354e-01 4.380062027894404131e-01 4.341703894872411817e-01 4.104930820670120162e-01 4.122521321366494629e-01 3.958570203164085699e-01 4.438127224737287713e-01 4.263900940857844324e-01 4.231262931992478826e-01 4.084024055465615977e-01 4.015995193033406463e-01 3.867910585023722758e-01 4.173609384875125450e-01 3.965976768047110856e-01 4.150192098742860325e-01 4.024086290493735230e-01 3.983585996396062923e-01 3.782801269095228403e-01 3.970236747570287106e-01 3.942125452799181695e-01 3.788947617569882742e-01 3.628744814891205483e-01 3.860722962761498067e-01 3.818030538945027530e-01 4.053680354045391399e-01 4.070571547056283657e-01 3.843963754332671012e-01 3.711772127001623511e-01 3.904646310572051915e-01 3.995372407520064173e-01 4.084790867662178027e-01 3.951587799538094914e-01 3.848993931819714165e-01 3.898934209841296572e-01 3.826801125230142042e-01 3.825015893958177426e-01 3.819573860697298984e-01 3.786476175384093645e-01 3.846018244039740575e-01 3.824834011980174364e-01 3.773076457409892392e-01 3.916056712133940132e-01 4.048516869464485191e-01 4.015826633709475013e-01 3.953910631778319029e-01 4.087095911594674225e-01 4.072247622992338778e-01 4.114140138716235184e-01 4.109668810313561460e-01 3.936045770188493220e-01 3.856828087828367280e-01 3.854122237569393983e-01 3.903264439376812334e-01 3.886328330029181211e-01 3.881967322578543933e-01 3.881375820536667187e-01 3.786182155063240740e-01 4.060623026599867735e-01 3.910856429314619187e-01 3.982525098849536427e-01 4.021795461001464456e-01 3.915621999805934950e-01 3.829844118027099231e-01 3.825045021849330373e-01 3.893182268428204140e-01 3.932286155028973385e-01 3.815982145938741077e-01 3.911211688745630521e-01 3.773676722568494735e-01 3.710306389016366224e-01 3.744060237731374197e-01 3.881147380669328073e-01 3.903137512187953573e-01 3.744248116277688609e-01 3.828073583441182759e-01 3.734094826860702709e-01 3.839227459290000533e-01 3.726717728873758517e-01 3.773240708424051570e-01 3.914819840304967768e-01 3.869394207546906772e-01 3.854338376150076018e-01 3.802795630034330188e-01 3.852053816636650807e-01 3.746585280912673177e-01 3.727224304266583133e-01 3.786667557451453558e-01 3.751523912860747489e-01 3.787338155428499054e-01 3.884763922699425720e-01 3.757561448261482751e-01
1.649548259275694650e-01 1.827495433867114827e-01 3.886112876073773426e-01 1.000000000000000000e+00 3.718605019951012336e-01 4.048746751788989684e-01 5.880511767969857084e-01 5.700904065306415802e-01 5.754821494079587207e-01 5.228565645566506381e-01 5.675786037815312435e-01 6.330950743940162440e-01 5.541684009163890812e-01 5.426902843020205980e-01 6.050996517803152175e-01 6.021836097960776568e-01 5.808191170823092664e-01 5.749553294495520772e-01 5.606107489441866099e-01 5.395158975801047641e-01 5.932597663311992564e-01 5.988920021783159520e-01 5.678769401009330364e-01 5.131423872316976942e-01 5.422826943671206212e-01 6.191346963870436593e-01 6.258601220135057153e-01 6.394652171008361474e-01 6.124713021210823616e-01 6.132310002060126219e-01 6.044233203846853808e-01 6.256890741450285010e-01 6.165167992633313609e-01 5.770921174258655251e-01 6.166925542445472752e-01 5.760080892193125690e-01 5.932648766198336254e-01 6.114455925435995365e-01 5.977450502414329847e-01 6.176739577091244771e-01 6.177415058673195736e-01 6.057008422257982305e-01 6.056200198392530654e-01 6.131840601999888341e-01 5.940334808381620979e-01 5.993612476544503131e-01 5.775042774739130857e-01 5.948594483366546060e-01 6.008916469227462143e-01 6.164256054521036754e-01 6.196856780610818793e-01 6.081087087326365603e-01 5.872806606780218708e-01 6.044042490041653393e-01 6.155807197844712642e-01 6.183344375077298727e-01 6.159332972154170083e-01 5.949394473336641065e-01 6.048247208399943897e-01 6.059335994102227341e-01 5.997607178749944090e-01 6.017433958945483941e-01 5.955344315981374592e-01 6.000604948614544076e-01 5.932252493181980890e-01 5.974903903536077365e-01 5.938920070008071317e-01 6.001667526742460179e-01 5.969443892580452715e-01 6.133198702159199378e-01 6.107262223030982540e-01 5.994288319057137215e-01 5.874483313974750986e-01 5.905082361629477861e-01 5.941608156312810918e-01 5.942677734843435644e-01 5.990617561826518944e-01 5.992665657028278803e-01 5.926710605773818363e-01 5.907807309500457960e-01 5.901854952928671239e-01 5.870989243549530334e-01 6.070122414684953061e-01 5.994316563168216039e-01 5.866324021523392496e-01 5.837430773498319958e-01 5.921230124827266961e-01 5.885326703731632580e-01 5.900866881534789776e-01 5.986685112211066473e-01 6.017416940840677464e-01 5.918564994869695006e-01 5.982186576612468221e-01 5.933111441858017754e-01 5.801109262423030932e-01 5.841569844694252112e-01 5.911983582539417359e-01 6.003933062371483720e-01 5.871659510511332281e-01 5.888766877802764643e-01 5.895488273041932237e-01 5.934566146068342984e-01 5.874827263383388676e-01 5.888058152373760734e-01 6.034710161668710438e-01 6.038354926407570877e-01 5.948562406248963930e-01 5.866012046763603438e-01 5.978629822595463716e-01 5.839579535754023665e-01 5.874838792374473817e-01 5.911826108097267829e-01 5.905191742730663274e-01 5.906494958460173361e-01 5.910433880262138118e-01 5.935365275400872331e-01
6.919575946967063129e-02 1.344660855640612551e-01 2.314898949288534125e-01 3.718605019951012336e-01 1.000000000000000000e+00 3.118762171353957058e-01 4.653907112325180173e-01 4.626840586035982361e-01 4.672029112354788571e-01 4.360305264583186902e-01 4.647910488935108053e-01 5.076489524345241255e-01 4.792683081540644041e-01 4.383766437416914408e-01 4.979781192318225025e-01 5.043155280980419208e-01 4.486190810153528608e-01 4.276013221223650684e-01 4.294843486889778350e-01 3.973500222814474458e-01 4.615364076624386969e-01 4.598231210247443190e-01 4.184263982135895121e-01 3.839018530727459355e-01 4.291816684085271727e-01 4.899027311620848812e-01 4.730363433546645457e-01 4.792051241828729213e-01 4.726577848067441967e-01 4.838971434596043286e-01 4.958294999386086976e-01 4.761378341481585230e-01 4.561642772581898653e-01 4.428285705858754362e-01 4.800213306305911587e-01 4.626971710973711849e-01 4.813119334275424710e-01 4.727688554353914885e-01 4.835977626556128284e-01 4.639577835675047224e-01 4.933387616054467073e-01 4.878693611452011303e-01 4.877686113258884459e-01 5.017512314624217318e-01 4.973177766090103313e-01 4.932355067746019284e-01 4.933721650848829077e-01 4.993999815749043947e-01 4.950038374851723488e-01 4.792210391219912657e-01 4.937200044096559104e-01 5.009935121919478762e-01 4.959905720007106722e-01 5.054646071653549066e-01 5.070751582134166435e-01 4.930798546172280306e-01 4.997266076084159736e-01 4.945817287072175050e-01 4.922053718347786377e-01 5.071737351066210042e-01 4.985653864837422677e-01 4.954277020617156579e-01 4.944463753214271562e-01 4.966739371272653192e-01 5.019067089814349680e-01 5.066254725400665127e-01 4.959512744348781865e-01 4.942426720631811765e-01 4.886692906530947234e-01 5.040211599709571999e-01 5.026922973359438940e-01 4.992296154701049149e-01 4.761511823219851669e-01 4.879237013839654025e-01 4.995815056333213766e-01 4.972070800457137341e-01 4.975131787127567984e-01 4.967154912264920008e-01 4.967186067728964760e-01 4.949985747177764184e-01 4.940477886084544412e-01 4.969758232342018078e-01 4.956118300977264135e-01 4.945840277592640777e-01 4.855247260853868263e-01 4.820385725902959217e-01 4.871961371364053606e-01 4.914663474297550905e-01 4.925018721543984457e-01 4.973045978900531017e-01 4.928604495639525851e-01 4.975231562741195268e-01 4.983762993828820820e-01 4.939540795833997633e-01 4.937520667158277199e-01 4.973314756341440379e-01 4.915089220121582336e-01 4.953209035505997115e-01 4.991678639549613772e-01 4.885939453432400770e-01 4.973977490232906473e-01 5.015498539952516488e-01 5.005069107781241478e-01 4.948106235567648059e-01 5.030355709814580134e-01 5.066651442104086467e-01 4.976972635737811901e-01 4.989871958726501133e-01 5.031420807001248940e-01 4.951362165692871908e-01 4.957633497914548659e-01 5.016621353644480363e-01 4.968530671079039451e-01 4.984660051024483729e-01 5.008340811743072774e-01 5.022643882386076397e-01
1.011530690965881628e-02 1.302398129387929981e-01 2.459697732756514210e-01 4.048746751788989684e-01 3.118762171353957058e-01 1.000000000000000000e+00 5.376953630243910265e-01 4.987875898055457169e-01 5.307637256683981342e-01 5.033448420580232119e-01 5.332856653343998055e-01 5.738812220493625382e-01 5.182455029904788901e-01 5.287654354155081338e-01 5.795799663562878346e-01 5.655147004801677202e-01 5.263250081149851711e-01 5.181993710489274374e-01 5.165188705666173830e-01 4.475254824559570799e-01 5.182439906622990922e-01 5.427856611966282996e-01 5.346511657100302406e-01 4.807975391324696979e-01 5.258868124691317147e-01 5.695833387481199495e-01 5.695042125286222667e-01 5.726565302788819700e-01 5.412616641348738655e-01 5.735706105409343891e-01 5.868484519154670842e-01 5.844059708165481037e-01 5.607255275075553325e-01 5.468210556879262718e-01 5.657847160915199236e-01 5.533172056521250548e-01 5.794012373617599687e-01 5.858566399025241234e-01 5.876680482189806654e-01 5.913023646365838104e-01 5.979686905643414319e-01 6.036656608407031666e-01 5.873552414021921964e-01 5.973064322300083440e-01 5.926911664284161274e-01 5.992990584233335305e-01 5.916438421943247539e-01 5.984826211749239011e-01 5.911953247807404388e-01 5.758474696723653308e-01 5.959352228561359821e-01 5.785006819633163877e-01 5.800112334605684872e-01 5.966625335119158935e-01 5.959356293677638972e-01 5.995527476058128968e-01 5.703519726773249587e-01 6.010478377614656420e-01 5.895837069584694001e-01 5.929624936274522362e-01 5.939412795756791041e-01 5.908921113317681106e-01 5.865349233887274805e-01 5.877253271323386041e-01 5.884940463245688091e-01 5.855836685631760075e-01 6.006184120188173825e-01 6.013363895812522397e-01 5.966879492962217091e-01 5.939256790365537997e-01 5.931226683332520011e-01 6.012428835514596059e-01 5.834556470515694926e-01 5.904441192731096910e-01 5.985770114252360052e-01 5.961879596732402309e-01 5.981079658982983993e-01 5.881579272721479956e-01 5.961895361601619037e-01 5.922643408094218076e-01 5.950839374302376861e-01 5.958667682632984297e-01 5.973748385795661919e-01 5.951859833645759545e-01 5.896181700071428944e-01 5.898203087480817786e-01 5.965131591100988340e-01 6.000566825146153027e-01 5.955110306744455517e-01 5.988837414585597152e-01 6.045654573149887856e-01 6.045255054791960347e-01 6.036395024234052498e-01 6.033954983465343869e-01 5.982194641541653812e-01 5.990287413117382220e-01 5.958990605525696926e-01 5.858086316369476299e-01 5.956685054080670394e-01 5.975920266608916176e-01 6.031388489363724847e-01 5.957459878020603394e-01 5.991842946031025186e-01 6.026562869536922218e-01 6.022653948176668326e-01 5.916856087313899781e-01 5.966532950303498062e-01 5.987097788180124613e-01 5.999059850312975506e-01 5.995305138535281797e-01 6.010177478756165703e-01 5.973001510358519894e-01 5.983379071915463365e-01 5.988278242265852036e-01 5.986317547569659503e-01 5.944815860245641348e-01
6.749013186216358540e-02 2.053886988044580919e-01 3.877880915688562413e-01 5.880511767969857084e-01 4.653907112325180173e-01 5.376953630243910265e-01 1.000000000000000000e+00 7.347020857813157946e-01 7.478404295872602692e-01 7.121456497517520967e-01 7.640222643662649693e-01 8.169658598752823631e-01 7.381387374659965639e-01 7.361321385054291344e-01 8.539977259974599333e-01 8.115249411380821565e-01 7.511992944354154433e-01 7.217287990578439283e-01 7.185067062672537697e-01 6.507975430554079344e-01 7.355109687231636828e-01 7.513540361221372477e-01 7.601850395476986710e-01 6.725829449732363408e-01 7.111479018480034719e-01 8.227647023350173061e-01 8.157607050614115174e-01 8.210936826534988020e-01 8.099591875302163402e-01 8.276989316531399021e-01 8.292974997327466902e-01 8.234746054514386904e-01 7.984162813517983182e-01 7.803566814725252376e-01 8.024874498008210955e-01 7.720003220016263823e-01 7.991006277812734426e-01 8.300107896609073554e-01 8.246977679664665439e-01 8.058113760554538318e-01 8.255917541266153403e-01 8.345699193923721282e-01 8.253267426970785081e-01 8.358245704486010341e-01 8.161904219147462225e-01 8.350022240970030873e-01 8.165512113264636884e-01 8.262445454452542748e-01 8.274368606199919984e-01 8.232218992362833054e-01 8.386606577108975946e-01 7.958588589986953510e-01 8.109943836155018015e-01 8.305519617974567170e-01 8.324068404280339228e-01 8.325420894683768225e-01 8.186756814712891073e-01 8.273714049736110576e-01 8.323504777908112828e-01 8.299404869166434606e-01 8.264598198212542712e-01 8.273033289881138730e-01 8.195282627459158364e-01 8.240661762553955771e-01 8.108100291649891211e-01 8.181687870927287776e-01 8.273561813674902288e-01 8.282216990071065155e-01 8.281496690764325042e-01 8.259551675932106374e-01 8.172824639385267709e-01 8.261888457141818298e-01 8.050250677200269100e-01 8.090791215067241193e-01 8.310504328401540075e-01 8.268283169662079546e-01 8.341999393815981989e-01 8.270886676738954391e-01 8.311840119155918805e-01 8.279977324398957172e-01 8.260439999695068369e-01 8.274419448322775095e-01 8.328627404408631696e-01 8.310804777401570309e-01 8.206397232825545229e-01 8.199907037107955210e-01 8.173789366113741739e-01 8.298260634256137136e-01 8.279493207086244810e-01 8.288799751613463718e-01 8.276344583966293023e-01 8.276757674422913214e-01 8.279007734588411660e-01 8.279004258358220181e-01 8.171259705864226675e-01 8.221662162860645662e-01 8.184506675948995946e-01 8.193204191729652752e-01 8.206231814825686310e-01 8.213444015272040044e-01 8.244004126634979501e-01 8.257815017653666878e-01 8.165591916376556680e-01 8.234130231127064770e-01 8.258099386871009528e-01 8.257210270323106505e-01 8.256165483605529820e-01 8.249422798285359626e-01 8.281481598824862456e-01 8.221660694909072031e-01 8.216700687928160107e-01 8.246670017165147470e-01 8.230936625606736223e-01 8.242755367351890516e-01 8.208634237933678524e-01 8.216741291509339629e-01
5.734637708190325200e-02 1.663724669676717449e-01 3.593596214600520700e-01 5.700904065306415802e-01 4.626840586035982361e-01 4.987875898055457169e-01 7.347020857813157946e-01 1.000000000000000000e+00 7.419223312425861083e-01 6.882132153900162308e-01 7.521067505867625735e-01 7.924686060799953635e-01 7.349150174615644016e-01 7.171157896101090223e-01 8.064042985440529332e-01 8.151789529318258509e-01 7.432956963525462202e-01 7.001351924946682681e-01 7.105571179165099949e-01 6.146739132362193381e-01 7.343181540487637715e-01 7.412742086681745057e-01 7.208090301578483627e-01 6.687199137301014229e-01 7.012673957207756770e-01 7.873402960667320594e-01 7.784603673645816846e-01 7.811102596376499063e-01 7.686433878927944052e-01 7.868648964598292661e-01 8.079190460406976415e-01 8.060734140054912622e-01 7.665311126604673619e-01 7.717411877302676748e-01 7.749665873198262611e-01 7.656870304751989265e-01 7.843989365499258737e-01 8.120793372609342864e-01 8.082714930634549155e-01 7.760793788583677522e-01 8.076313744129144379e-01 8.126140660821489226e-01 7.974825480003295830e-01 8.194551223867077017e-01 8.078125762935586263e-01 8.056891157959101823e-01 8.068257993133324257e-01 8.156978678104807035e-01 8.182913726969210932e-01 8.154220548209561992e-01 8.246602426255663643e-01 7.832324537924045815e-01 7.988391153663721989e-01 8.112025183751423452e-01 8.128405273767871364e-01 8.169070517658555408e-01 7.996036799919352678e-01 8.153361338458917640e-01 8.178478448615078555e-01 8.141561128439002148e-01 8.170979496201982162e-01 8.114814943847626916e-01 8.069735095998240570e-01 8.180487071096752549e-01 8.047564685303546517e-01 8.058210229962441407e-01 8.174972211517291809e-01 8.165955569147783644e-01 8.149263133332744768e-01 8.102416689196528798e-01 8.153695115578480923e-01 8.184233490452224036e-01 7.992736916483599297e-01 8.039640615054716166e-01 8.140688791713336370e-01 8.126438504218432834e-01 8.122457123514672528e-01 8.094013343214920830e-01 8.135626854274432551e-01 8.117590647333731146e-01 8.127831246527404963e-01 8.132114997317014815e-01 8.213248315235233132e-01 8.103596876291356832e-01 8.129435284446233645e-01 8.121725749238573044e-01 8.100470934212564700e-01 8.201238022519237170e-01 8.163084618727304287e-01 8.196172728470854096e-01 8.126839155218378297e-01 8.157159538697025258e-01 8.170964892935940194e-01 8.150254522253566059e-01 8.112921713021467029e-01 8.140979212164896062e-01 8.128470242035062965e-01 8.101348540665955777e-01 8.137418010398353996e-01 8.155515481708174308e-01 8.132890752688410885e-01 8.179642814017699104e-01 8.073412377932104311e-01 8.163404884082877677e-01 8.167135502327876884e-01 8.157414005870542439e-01 8.177165371091220658e-01 8.155291230374956957e-01 8.176303606491124309e-01 8.160835354632886007e-01 8.145135886576886364e-01 8.146746233336663590e-01 8.128703336924587575e-01 8.177819519004634330e-01 8.133964147139252088e-01 8.109263672892010888e-01
1.527913811747083905e-01 2.171203615896938055e-01 4.013849292910761646e-01 5.754821494079587207e-01 4.672029112354788571e-01 5.307637256683981342e-01 7.478404295872602692e-01 7.419223312425861083e-01 1.000000000000000000e+00 7.770067984834752028e-01 8.160179326624220630e-01 8.374569946452496971e-01 7.750163604588846678e-01 7.773611920246898954e-01 8.555474758907710697e-01 8.345349772516423847e-01 8.112598915547509781e-01 7.457675266499977917e-01 7.522545934827600256e-01 6.435642105574895799e-01 7.383655013189107663e-01 7.764684909668121415e-01 7.729609676883683056e-01 6.905235146397596946e-01 7.410674839193629460e-01 8.595401178385152496e-01 8.616496942399824999e-01 8.502616885717064754e-01 8.435398112391193637e-01 8.655893994786006962e-01 8.764100584234029157e-01 8.598048648897972379e-01 8.239255264762906927e-01 8.068908000418937299e-01 8.386061536707579700e-01 8.190338468159101826e-01 8.513123232317146849e-01 8.459894786940581612e-01 8.540678693479381023e-01 8.292207950501215841e-01 8.805612436785459352e-01 8.633788006344709220e-01 8.400097475171537376e-01 8.718726877498340633e-01 8.678980139823313511e-01 8.573769962090015406e-01 8.671241678475194448e-01 8.797849399800800052e-01 8.781847086684831938e-01 8.571948080607451059e-01 8.736230352457249326e-01 8.437140793234284564e-01 8.642487148151767329e-01 8.841571235227447811e-01 8.794654701979087719e-01 8.763598098714326934e-01 8.790629971305217172e-01 8.683681113159851250e-01 8.716094285365995065e-01 8.814999983279806495e-01 8.770850275697400500e-01 8.722428484089723710e-01 8.643227329584847185e-01 8.799883553767610112e-01 8.806242244050848100e-01 8.800886020051758019e-01 8.806770111246103871e-01 8.694711352400057436e-01 8.681869270101372216e-01 8.662639290705773654e-01 8.595229982431826787e-01 8.743632666548442067e-01 8.452010729061288918e-01 8.582603128443727636e-01 8.842918142349331934e-01 8.792129304486822061e-01 8.724749538066068899e-01 8.789160743656515562e-01 8.708086925912102982e-01 8.806761267157473538e-01 8.779196124608140694e-01 8.794137119340711406e-01 8.791561140409616115e-01 8.744446418802004350e-01 8.505349387465511724e-01 8.616243413111338567e-01 8.722891018604044255e-01 8.606811064637392983e-01 8.678285741833152711e-01 8.744721425163147766e-01 8.678261058289005181e-01 8.730718346778013617e-01 8.768953430306809516e-01 8.708514546781567223e-01 8.709353990484430819e-01 8.762095780246319521e-01 8.501332275503421521e-01 8.669527750483954076e-01 8.685175598254428753e-01 8.615993191591930778e-01 8.640784036790153388e-01 8.728180811334760314e-01 8.721542556556297621e-01 8.716897029152249621e-01 8.748227894607736310e-01 8.802715767663228386e-01 8.755067530966128553e-01 8.788080860495188773e-01 8.792382654707437961e-01 8.720713384540982327e-01 8.673454537470209891e-01 8.806096484181473727e-01 8.734395596880099033e-01 8.762338697012216349e-01 8.824951991464131673e-01 8.774869327941229313e-01
8.555663028829461891e-02 2.130236039395143610e-01 3.339418652643486030e-01 5.228565645566506381e-01 4.360305264583186902e-01 5.033448420580232119e-01 7.121456497517520967e-01 6.882132153900162308e-01 7.770067984834752028e-01 1.000000000000000000e+00 7.543713020246339829e-01 7.870447220845028236e-01 7.343605858445865220e-01 7.310246282681545082e-01 8.084259906880669755e-01 7.849481723199106531e-01 7.393339672106077343e-01 6.689426012099271013e-01 6.799689833095123870e-01 5.997948570633574450e-01 6.745658380276033927e-01 7.049074428418776739e-01 7.111465203709058658e-01 6.168207803194637462e-01 6.631060070305786480e-01 8.025282552933702407e-01 7.971143335155993492e-01 7.896348506405351797e-01 7.790296268990931638e-01 8.065503456284586203e-01 8.213402769091218136e-01 7.947096659609790281e-01 7.683308937769878222e-01 7.457505503963638427e-01 7.792943410740389432e-01 7.534807240092943337e-01 7.900868699735976719e-01 7.982537212741470656e-01 8.060218657182812718e-01 7.781088614891212840e-01 8.215747123056027501e-01 8.139352258327998690e-01 7.894098019327315807e-01 8.182279708201879442e-01 8.074568392188486987e-01 8.086571804301616595e-01 8.147529894670220152e-01 8.248795571476726929e-01 8.219787674368063124e-01 7.987091242321604501e-01 8.214123794850974880e-01 7.734815963762748936e-01 8.091672846724561330e-01 8.249278229446167510e-01 8.233987523883585791e-01 8.204617599048329435e-01 8.075560259321616918e-01 8.115271552616813988e-01 8.204801442653194554e-01 8.230476265146872139e-01 8.193295499085848643e-01 8.170879315825430034e-01 8.102214879201379283e-01 8.199460642305688163e-01 8.151934353583655257e-01 8.186938448606757568e-01 8.235316123114100328e-01 8.105260219858727577e-01 8.127465024907948310e-01 8.114866690219219025e-01 7.991845877780335838e-01 8.147022046166454423e-01 7.832643115418160829e-01 7.923330683750753334e-01 8.305455549876235022e-01 8.223901729033570307e-01 8.215659162648074609e-01 8.222220948045502187e-01 8.170117018822992128e-01 8.264735712841178028e-01 8.200222252549167479e-01 8.259159915390597018e-01 8.218707196995428399e-01 8.175434408456762059e-01 7.992777213718578189e-01 8.040468118638166573e-01 8.146433109148936147e-01 8.123746424594829874e-01 8.158449789191430934e-01 8.230145103614420199e-01 8.147403451122149365e-01 8.205380857746009671e-01 8.217315914612977057e-01 8.191071512867930116e-01 8.174263237238257318e-01 8.229476132066946281e-01 8.021035912753639030e-01 8.097152600653367838e-01 8.144028741059784471e-01 8.124057709129588467e-01 8.133854017312642792e-01 8.194208551123428608e-01 8.166865118961565972e-01 8.202237385874587838e-01 8.174940666063250649e-01 8.207924185578957532e-01 8.223564110660152027e-01 8.269935126857824725e-01 8.272469715340600160e-01 8.201363891020526653e-01 8.178565796205988780e-01 8.248796867570581393e-01 8.196861126323441438e-01 8.210464401653706501e-01 8.206458640214846501e-01 8.207025336485570532e-01
4.356801331229333274e-02 1.635479691107051547e-01 3.604727277587579937e-01 5.675786037815312435e-01 4.647910488935108053e-01 5.332856653343998055e-01 7.640222643662649693e-01 7.521067505867625735e-01 8.160179326624220630e-01 7.543713020246339829e-01 1.000000000000000000e+00 8.649698199051973901e-01 7.869045466500120822e-01 7.948435705854628441e-01 8.788361786860292568e-01 8.582196009633192846e-01 7.962367491011835829e-01 7.347024046943544384e-01 7.437940977347243798e-01 6.431133919605774851e-01 7.611692180894462645e-01 7.753597084876518997e-01 7.639656489166185560e-01 6.907147516341189952e-01 7.411038317212328419e-01 8.450429465694652142e-01 8.502308380459016046e-01 8.420165741443210727e-01 8.271711816322020461e-01 8.629659028535312526e-01 8.834536052789011551e-01 8.583052740617637122e-01 8.232434500028232849e-01 8.160790382835684253e-01 8.444358195192672722e-01 8.275427600552182072e-01 8.645385955691871072e-01 8.655739566817274300e-01 8.760519665316146565e-01 8.401502503462130456e-01 8.852777491323936543e-01 8.844712777787236968e-01 8.626158847407303654e-01 8.913773755451965819e-01 8.834373297389525037e-01 8.818856849824187050e-01 8.887627908847068881e-01 8.969455535584877071e-01 8.949037237827692781e-01 8.703859253783519101e-01 8.893576193171592870e-01 8.590641176757792818e-01 8.769071307617616329e-01 8.949147975250701936e-01 8.853950317609913245e-01 8.859685279394589053e-01 8.790973125289547330e-01 8.905213259716929786e-01 8.881096653660728313e-01 8.979030059326869040e-01 8.944817318717784849e-01 8.908709769467082484e-01 8.860454452251547153e-01 8.930607843951767766e-01 8.897444582636111488e-01 8.922333785365192949e-01 8.960807437499656025e-01 8.864786338121258824e-01 8.850776713475588808e-01 8.828187434722712945e-01 8.804359970216346643e-01 8.887507781367560700e-01 8.633661313401557180e-01 8.715142367548659452e-01 8.959256169795457581e-01 8.956244366160527326e-01 8.900946482795529802e-01 8.837582453476512390e-01 8.890130718522809561e-01 8.932029686823995673e-01 8.924199004906241406e-01 8.983195609323918474e-01 8.924414011698580396e-01 8.910633702855337290e-01 8.755539629263121570e-01 8.812713027771426066e-01 8.888582423492924489e-01 8.883357246238847704e-01 8.920652138989086932e-01 8.906745527898135562e-01 8.887329240027230792e-01 8.953721753129483263e-01 8.958818623238159473e-01 8.958336170783974817e-01 8.954817172079035936e-01 8.984761739969846506e-01 8.772086011057392829e-01 8.843602549678957203e-01 8.922355365513553460e-01 8.868214748832830008e-01 8.901409302724382355e-01 8.963242899266791186e-01 8.938750095197762757e-01 8.958323307973575789e-01 8.946233085383655803e-01 8.955369890502231645e-01 8.955818779168780441e-01 8.977407318661675406e-01 8.962625155809023081e-01 8.955213567435653665e-01 8.950454146618588291e-01 8.995613870115239941e-01 8.959866293961280537e-01 8.974891251698738914e-01 8.966144998851756087e-01 8.969176646025529553e-01
5.158442076324028930e-02 1.800461743507360268e-01 4.006471838669712904e-01 6.330950743940162440e-01 5.076489524345241255e-01 5.738812220493625382e-01 8.169658598752823631e-01 7.924686060799953635e-01 8.374569946452496971e-01 7.870447220845028236e-01 8.649698199051973901e-01 1.000000000000000000e+00 8.188293119072287407e-01 8.259885193477006782e-01 9.166077850365980106e-01 9.025167046625972578e-01 8.333225067086366122e-01 7.714406442319183821e-01 7.754792900013962598e-01 6.964908330223206212e-01 8.216811157894582385e-01 8.185825015683090289e-01 8.059051087993525098e-01 7.253385902203315361e-01 7.743116477430687095e-01 8.794569975047566990e-01 8.821637175724733604e-01 8.827841532283042802e-01 8.653231365400612107e-01 8.998980856782505811e-01 9.156681456631375893e-01 9.019093675095383178e-01 8.669613708389038997e-01 8.551046456160915632e-01 8.789394787419542165e-01 8.648680991686642505e-01 9.023482319378862693e-01 9.083620273723399530e-01 9.161088542812989566e-01 8.855805209521542265e-01 9.217058255381918030e-01 9.225121072815634093e-01 9.150761315335171897e-01 9.351275781468560977e-01 9.203609597784472296e-01 9.227056769895556343e-01 9.266501014639618727e-01 9.321219380230568730e-01 9.334224892622210445e-01 9.133013960576507051e-01 9.332424033950649234e-01 9.064318841500532686e-01 9.207634354693676748e-01 9.298662787387141915e-01 9.238215882085636377e-01 9.227619362943944026e-01 9.188437647752263349e-01 9.274941882351153133e-01 9.276153667015867299e-01 9.375111529442178293e-01 9.338695532665206578e-01 9.296720343118372032e-01 9.222457807479512715e-01 9.312285062331212560e-01 9.262891905636868595e-01 9.306393195911339955e-01 9.317709588646959640e-01 9.242616827200452745e-01 9.241515388179417645e-01 9.288733170557338381e-01 9.228157461040596976e-01 9.241777246811917479e-01 9.013462496696185156e-01 9.077614142937899810e-01 9.291428591190039610e-01 9.300504230040765874e-01 9.299727922610289133e-01 9.220882463109387750e-01 9.255182463264214343e-01 9.288260304234978726e-01 9.272190679506481237e-01 9.328240030723498055e-01 9.291857240978139698e-01 9.274181951177564720e-01 9.122623914578296134e-01 9.166232169928254514e-01 9.247376389528646490e-01 9.252454099143748723e-01 9.294670287056781000e-01 9.285887926203729714e-01 9.281432968830768404e-01 9.325217136151199293e-01 9.328466433154557480e-01 9.326000474293522080e-01 9.297288286384979283e-01 9.327542953914043089e-01 9.149736342030226899e-01 9.164783349309580940e-01 9.277874901573002209e-01 9.242769175066481990e-01 9.302379088001490048e-01 9.299425140701844672e-01 9.302192299043715584e-01 9.326033836461554705e-01 9.330468392972500746e-01 9.285605162024878068e-01 9.301959572258957643e-01 9.318069431061450913e-01 9.315018942938422253e-01 9.299614659821817675e-01 9.290593437499752305e-01 9.348045661756791969e-01 9.310956208370507747e-01 9.313824153272760586e-01 9.328873018633270231e-01 9.333535467767948290e-01
3.867182942820802938e-02 1.729607374407098330e-01 3.574899704475842377e-01 5.541684009163890812e-01 4.792683081540644041e-01 5.182455029904788901e-01 7.381387374659965639e-01 7.349150174615644016e-01 7.750163604588846678e-01 7.343605858445865220e-01 7.869045466500120822e-01 8.188293119072287407e-01 1.000000000000000000e+00 7.539405197696131822e-01 8.471846316599833671e-01 8.396468011730640058e-01 7.645786337715121395e-01 7.013443854375126518e-01 7.096873051341791028e-01 6.409024854739058252e-01 7.437264708543787073e-01 7.561372335070557504e-01 7.309219482529294432e-01 6.676352937217897576e-01 7.138576357488197743e-01 8.183099919760541407e-01 8.017942789587011454e-01 8.101912464393985491e-01 8.022283199164648160e-01 8.238598197551881830e-01 8.469785478986868732e-01 8.253521514780721713e-01 7.957267574691692102e-01 7.883049747395104445e-01 8.072387274803636270e-01 7.978264976150839516e-01 8.304104732230174202e-01 8.341117934282524793e-01 8.383574957139194872e-01 8.090668139010716020e-01 8.506046566798606268e-01 8.503230501871006375e-01 8.336965489207345259e-01 8.565100294484455645e-01 8.504323840234966347e-01 8.454817201957979256e-01 8.560640582974270441e-01 8.600279367939726027e-01 8.543920402437396033e-01 8.347244196224483659e-01 8.543670725167971103e-01 8.269873311992262943e-01 8.482500747804762042e-01 8.540011046641172721e-01 8.469499506616570139e-01 8.461716578416128565e-01 8.354334173820937570e-01 8.530126908160293731e-01 8.485489302167424919e-01 8.601272835663825722e-01 8.562891406570550812e-01 8.478828385791541411e-01 8.430738376991261385e-01 8.532993264320002380e-01 8.533924741040347373e-01 8.557656801207089714e-01 8.594600122860256430e-01 8.520052665654571644e-01 8.475418296089469727e-01 8.575178250983055417e-01 8.481535398096569089e-01 8.564046999844366903e-01 8.300062918737691753e-01 8.382061343024452826e-01 8.607864752792899754e-01 8.567634326735069639e-01 8.561672849300353549e-01 8.539288073247376376e-01 8.541897370200173256e-01 8.570890646388223955e-01 8.569124443259631407e-01 8.616386073495239106e-01 8.525312882976026074e-01 8.519410700072584941e-01 8.406562771743539830e-01 8.446667868038254534e-01 8.551002961612891307e-01 8.514604910705302343e-01 8.564789432346248121e-01 8.548977272915161407e-01 8.539415924147023551e-01 8.600514543088821906e-01 8.615277499714784071e-01 8.578659067522788062e-01 8.599482479010228664e-01 8.598328495075568956e-01 8.430462733520582841e-01 8.451811632543526631e-01 8.558520546553255448e-01 8.536784554001902725e-01 8.548469113504166828e-01 8.573321276017019654e-01 8.578736561775076597e-01 8.593634798815285025e-01 8.594842870435683846e-01 8.543771992402745541e-01 8.586063537501277265e-01 8.601367656761115255e-01 8.586944353129535301e-01 8.585885359224408875e-01 8.562573874788715900e-01 8.628119565911128719e-01 8.568752146089160249e-01 8.597128314406026206e-01 8.603045430135806138e-01 8.603511380046169332e-01
