1.000000000000000000e+00 7.213070639932447903e-02 8.510910637916309363e-02 1.084041839028148935e-01 1.033129767498865981e-01 -1.170471345998239446e-02 1.273919488666889199e-01 5.525505353565760003e-02 1.324522951448682540e-01 5.095548669708358652e-02 6.391897917960595588e-02 3.121242402284035364e-02 2.932245400903406990e-02 1.772437970729116852e-02 3.756800388302845850e-02 2.293498975731573727e-02 1.816920101413161681e-01 2.314919356908966830e-01 1.658715472403914926e-01 1.260637447896793273e-01 1.385659132950780026e-01 1.154486722079696021e-01 1.515348449962035382e-01 1.579382946277929078e-01 1.132350155450654872e-01 1.604559980372403938e-01 1.339946606951276098e-01 1.386330593604212791e-01 1.712052061261243596e-01 1.171279833853123981e-01 8.560742336360104010e-02 1.114205630873427305e-01 1.525103061871148913e-01 1.137919742231690290e-01 1.316369703482749842e-01 4.965488165151837885e-02 7.460249159053874979e-02 1.043035836638056962e-01 7.086782178902668872e-02 5.034410747893748594e-02 5.136513849271431842e-02 4.557215543366498894e-02 1.088502747393770703e-02 3.874992652090838985e-02 4.916842118173972431e-02 4.582738213536022981e-02 1.665013882465611605e-02 4.413996725793848525e-02 3.505505388919250703e-02 4.275104827890872233e-02 5.699872708443568664e-02 1.507905185160333776e-02 4.175046217386020608e-02 8.431289501722864788e-02 9.433764090810387026e-02 8.179783176013208368e-02 7.616826451393142461e-02 4.505993966921816724e-02 6.509760785576713948e-02 4.787472361072378502e-02 2.022204082863750252e-02 4.934768091231762216e-02 7.083633498348915203e-02 4.193312598279336223e-02 6.711483375053872713e-02 5.504949726735804821e-02 4.428482414602306905e-02 6.401492541002369585e-02 7.907598003358026761e-02 4.371471476460136313e-02 3.787632268510594119e-02 5.008533703090930350e-02 7.703822882559641094e-02 6.383239278775630632e-02 5.770210809594006340e-02 4.444903374641185484e-02 6.377756221470026743e-02 7.206960316161303837e-02 5.492920723564571894e-02 4.160288750989900308e-02 4.227154616683138216e-02 2.887983149895562499e-02 5.595368474510856172e-02 6.402034263852927898e-02 3.061150507977903820e-02 4.501265300489896287e-02 3.190535425123909585e-02 3.066622421557719386e-02 2.446011501907897553e-02 4.437504547474521027e-02 3.755585697158252828e-02 2.353366697008682853e-02 1.823919122392988340e-02 1.615698101956965921e-02 7.294304145556627234e-03 2.077767761771928332e-02 1.928283430414428484e-02 4.795953413581022923e-02 1.121219294918148965e-02 2.399457844936276826e-02 6.741422807904663694e-03 3.073408716870093885e-02 1.997247078242149476e-02 1.042985096230084237e-02 1.754851747969676107e-02 5.135115944126472654e-02 3.761624937627634085e-02 3.707389965095037737e-02 5.223952477666055083e-02 2.875074231778449244e-02 2.402634185231888875e-02 2.750141529814558936e-02 2.646885393743349246e-02 2.823293893551619138e-02 4.636522720777355028e-02 3.970006075181714555e-02
7.213070639932447903e-02 1.000000000000000000e+00 1.003956090988034067e-01 7.911896956336782194e-02 7.832082179800387012e-02 1.150570479122304812e-01 1.295070724854853472e-01 1.005560970804688925e-01 1.596426763552337980e-01 1.748198640060997788e-01 1.514810796118790104e-01 1.364746582083825044e-01 1.353314214666183624e-01 1.554941036044439617e-01 1.479975394690554724e-01 1.447879658100576783e-01 1.843133212598818682e-01 1.727570907299794400e-01 1.630738709653855867e-01 1.252405296494112363e-01 1.027250795055734411e-01 1.415522411833183003e-01 1.956768527897217724e-01 1.758789051902928391e-01 1.688359466094067063e-01 1.814339985037380920e-01 1.696080862820078528e-01 1.759415398292167032e-01 2.030294642831134977e-01 1.948368977739655672e-01 1.799518825228581809e-01 1.985869702998601105e-01 1.919000510967135975e-01 1.833985433363595485e-01 2.024880269513721076e-01 1.609866759071723608e-01 1.769383397942423386e-01 1.779309293049460283e-01 1.802529634722304652e-01 1.608293869409572197e-01 1.712783030113401717e-01 1.690676317907359727e-01 1.560085654384356368e-01 1.634791000759281965e-01 1.670736688683562288e-01 1.771364904387776884e-01 1.650338700692932370e-01 1.683107525374465396e-01 1.605054128124891455e-01 1.462833879047085450e-01 1.629737495096576783e-01 1.259154821488521203e-01 1.570189829067799581e-01 1.790275257081813676e-01 1.808628172653619637e-01 1.897814356802314251e-01 1.601288347695978553e-01 1.730625562920237726e-01 1.813677758169506549e-01 1.618418685949598035e-01 1.517422370755900085e-01 1.703101362458021573e-01 1.699169227899793022e-01 1.597638659494259039e-01 1.678005646364960635e-01 1.630239853477424838e-01 1.752308626767914712e-01 1.807929587411703787e-01 1.924170173527699479e-01 1.594438561534191889e-01 1.540752484325221272e-01 1.708576217652907903e-01 1.829061832478808824e-01 1.776927350292379915e-01 1.774280026373064312e-01 1.727462413915576700e-01 1.801617290674200622e-01 1.936329798560074977e-01 1.831784166894520338e-01 1.797667710653245987e-01 1.799299733522620182e-01 1.735910019987976227e-01 1.791612927685147794e-01 1.884473055761987648e-01 1.678754212497838849e-01 1.723284824379125446e-01 1.699458726256633523e-01 1.709565376932588587e-01 1.666208073049984251e-01 1.810406281191279665e-01 1.701542233693918715e-01 1.673979059039654160e-01 1.681781397072715512e-01 1.650384631891357867e-01 1.650619331586004324e-01 1.701311373393015469e-01 1.543841384125385907e-01 1.522770380264067414e-01 1.583569360261098957e-01 1.598192335223038163e-01 1.561324389888630870e-01 1.675584439408968063e-01 1.587793269443508737e-01 1.559457098226184057e-01 1.539515048781717466e-01 1.710279472866424455e-01 1.666233936660597992e-01 1.741627641874241295e-01 1.805424546388576246e-01 1.696132132822105176e-01 1.722721117169663252e-01 1.659696215454922186e-01 1.700357886269835972e-01 1.620238428375678774e-01 1.651586602976048979e-01 1.647549743789178678e-01
8.510910637916309363e-02 1.003956090988034067e-01 1.000000000000000000e+00 3.563590733162224633e-01 2.859251712763042352e-01 2.052821987802220804e-01 4.150179605154077911e-01 3.926665205940613190e-01 3.683753714252994138e-01 3.333720126386231497e-01 4.038322107344743950e-01 4.044408472867306314e-01 3.748391574334091758e-01 3.587734145059586210e-01 4.237159398723940873e-01 3.969822288604927807e-01 3.892952386761150962e-01 4.255967444664259802e-01 4.423274302333181640e-01 4.082715871688841203e-01 4.291187324529471270e-01 4.456756166133691299e-01 4.252498501914260265e-01 4.109451198993289145e-01 4.407182139411343624e-01 4.385069292349559333e-01 4.513179939647014027e-01 4.560550028204098383e-01 4.267288855040912154e-01 4.250056118782968850e-01 4.217783222262315168e-01 4.229872829755550456e-01 4.334543887427999009e-01 4.247207746392806516e-01 4.151730957835697566e-01 4.190845087721630779e-01 4.204210325923590785e-01 4.240106001582784612e-01 4.222949826381921512e-01 4.416959006459437176e-01 4.306262478858646214e-01 4.375197550682130565e-01 4.096456900690000347e-01 4.202481556005769892e-01 4.274118981291399333e-01 4.139847787949751390e-01 4.090699926882964688e-01 4.069536728169428907e-01 4.049920535421908663e-01 4.272175171814985850e-01 4.298173899279055798e-01 4.042142884560718241e-01 4.096161145153809358e-01 4.078606344528296068e-01 4.174230125351731102e-01 4.191353854938938972e-01 4.113738660380251155e-01 4.057677994547863043e-01 4.197521791425985471e-01 4.045271074288316338e-01 4.114917774204161494e-01 4.055819701796704591e-01 4.151334646653220828e-01 4.073027913376759401e-01 4.059173032692030558e-01 4.069161402904408198e-01 4.037931482221684965e-01 4.271620300313684893e-01 4.212202458294131979e-01 4.262761525084521885e-01 4.302061257016510099e-01 4.235591529404002520e-01 4.241877643843910972e-01 4.278992730676575151e-01 4.234599496177163247e-01 4.282909746766395132e-01 4.308538838243541336e-01 4.214342438718829409e-01 4.142789464802859034e-01 4.108585121978902133e-01 4.122099600431547439e-01 4.100887886115784364e-01 4.180357452895399062e-01 4.106420387418192042e-01 4.118822229369542010e-01 4.100104194650544542e-01 4.090968453981627673e-01 4.176888999357569743e-01 4.058726610294148829e-01 4.176037252223335772e-01 4.232283184513295771e-01 4.147832094247478341e-01 4.106901575674385962e-01 4.068688028664910195e-01 3.941010093560836647e-01 3.959580147710994869e-01 4.203193544127357684e-01 4.100144784980569446e-01 4.049812620719405176e-01 4.143917614106280567e-01 4.081640992940474000e-01 4.096354663004978525e-01 4.033789212403823266e-01 4.058347186404012152e-01 4.036905346892740720e-01 4.017290474948373435e-01 4.004764732649997439e-01 4.009713506324336096e-01 4.131342653518812469e-01 4.025292963370844523e-01 4.134239357892178224e-01 3.978213092888044922e-01 3.979114319086987095e-01 4.001491880590046235e-01 4.021290625213526093e-01 3.990346841765047281e-01
1.084041839028148935e-01 7.911896956336782194e-02 3.563590733162224633e-01 1.000000000000000000e+00 4.533074157060908993e-01 3.556491359311164113e-01 6.492525435351680363e-01 6.365800474385955310e-01 5.964992097355388267e-01 5.317140996190274915e-01 6.151902205482593367e-01 6.825033135686976449e-01 6.031301503719973534e-01 5.830367651517580629e-01 6.523132200595141983e-01 6.501312326332066016e-01 6.191646841773221777e-01 5.645799335241665773e-01 6.403582134957895855e-01 6.454480651323714069e-01 6.430215525960409906e-01 6.651573638545209555e-01 5.898920824384926709e-01 6.122664394465697768e-01 6.431851855469666868e-01 6.353689537802911236e-01 6.568994892678180486e-01 6.218743971835336559e-01 5.652808031862736060e-01 5.957165465956124617e-01 6.117600437607313424e-01 6.322408425257365350e-01 5.864569758562807600e-01 6.294493075011592387e-01 5.821501791865005826e-01 6.347077722975534853e-01 6.184197759347755952e-01 6.175320667900393579e-01 6.390523241160601664e-01 6.675809130039338513e-01 6.510345558425165713e-01 6.581823457951806455e-01 6.510093821896327793e-01 6.464610614344379336e-01 6.495948303249772238e-01 6.237198190722917923e-01 6.315481280835096856e-01 6.299106332745346704e-01 6.415777734221840278e-01 6.579434291338112084e-01 6.628139198161752121e-01 6.724094170812101590e-01 6.445004462489236641e-01 6.385036543102388107e-01 6.328694302785951020e-01 6.311061028231154113e-01 6.606961261381794071e-01 6.355363016798358800e-01 6.377064843727411336e-01 6.377528585133466210e-01 6.466286988927070212e-01 6.317968444175783294e-01 6.500855428813092640e-01 6.478832067665797334e-01 6.332149357536556167e-01 6.461564183293067032e-01 6.238110490098968119e-01 6.409952542511970774e-01 6.329189728798416681e-01 6.728476281525135327e-01 6.657516473532760770e-01 6.434581548527777972e-01 6.429894329830029287e-01 6.425597179862676533e-01 6.440858500452715241e-01 6.393586242257928154e-01 6.458097321187077355e-01 6.181411120350002175e-01 6.334488612628434989e-01 6.225094300453114515e-01 6.170958862194563244e-01 6.220588330382910147e-01 6.433023560184240042e-01 6.171649745603876580e-01 6.380642534005243061e-01 6.347018876220535955e-01 6.259775221494167097e-01 6.457638098031108775e-01 6.337042658849759702e-01 6.451136742746992336e-01 6.520897478688908455e-01 6.434828702172060710e-01 6.383176049950181064e-01 6.332690588793274955e-01 6.119909877482549998e-01 6.210192448835549772e-01 6.631635470475316652e-01 6.504131674707256394e-01 6.351430288038316663e-01 6.460135024802623471e-01 6.482976285862083188e-01 6.408368935304402658e-01 6.416469685846459825e-01 6.363957078683676327e-01 6.422924338852309400e-01 6.346294928036059213e-01 6.275592992095530009e-01 6.192545715539887752e-01 6.302923079197543244e-01 6.250345351913593195e-01 6.362588359768558410e-01 6.248111826012245906e-01 6.263241473740325249e-01 6.354828961055417613e-01 6.271886254646860115e-01 6.277079510514446126e-01
1.033129767498865981e-01 7.832082179800387012e-02 2.859251712763042352e-01 4.533074157060908993e-01 1.000000000000000000e+00 2.799674708226037034e-01 5.168409448903107384e-01 5.209475382113801789e-01 4.695158700062760926e-01 3.979073895768980296e-01 4.639370058918629858e-01 5.181349041586109649e-01 4.753802585170423534e-01 4.389200493887688292e-01 5.133457743239010496e-01 5.089298000089639284e-01 4.934004737007522956e-01 4.637124363578608022e-01 5.076870324212876540e-01 5.120865134090412107e-01 5.188312253221485371e-01 5.448557887333087546e-01 4.706489792498578795e-01 4.870700659180590697e-01 5.186959418432043334e-01 5.124775325211341492e-01 5.173277053365127331e-01 4.846558189987816845e-01 4.473552601577365229e-01 4.796597117893843243e-01 4.762728085898537689e-01 4.958952018745145240e-01 4.537471418977129800e-01 5.019928296916048582e-01 4.591010191789299255e-01 5.029247728973109677e-01 4.808732648328478132e-01 4.897324391996714654e-01 5.012367499023826500e-01 5.090675033470514199e-01 5.098692310295678265e-01 5.138856351100353770e-01 5.203926415818519446e-01 5.116822759252882546e-01 5.102000143967002632e-01 4.867564495792336410e-01 4.964935403809218606e-01 4.979873017573585026e-01 4.939759204209345778e-01 5.152685812788257991e-01 5.147045221982952112e-01 5.304143155803779930e-01 5.098252613640539277e-01 5.042310049264416838e-01 5.017428961625292061e-01 5.001508413887015836e-01 5.132944305666948814e-01 5.095209512885121583e-01 4.981165385682479463e-01 5.104104112273322169e-01 5.116870698858321242e-01 5.040145014071648610e-01 5.090524043623405603e-01 5.091205577611193078e-01 5.034454723229228046e-01 5.132113653725058899e-01 4.922416459667121602e-01 5.064805009587602935e-01 5.099525805987109583e-01 5.322757199763510361e-01 5.238810910803705090e-01 5.105593893412697648e-01 5.106504633098987167e-01 5.104134807205630286e-01 5.080855954674738939e-01 5.041154506628667820e-01 5.017881759385602880e-01 4.835178429545265444e-01 4.984433938280763421e-01 4.928134647953721359e-01 4.852843326169080096e-01 4.842263546933153195e-01 5.081433042952514523e-01 4.878286144026084403e-01 5.035726211862681101e-01 5.024564022966344634e-01 4.880630603576684989e-01 5.021113523139952850e-01 4.943803145860446446e-01 5.067946398863424351e-01 5.060079180676476662e-01 5.023988894473147004e-01 4.979328512224791004e-01 4.946881401500781705e-01 4.804610959762793954e-01 4.875004134902147790e-01 5.134839245145498277e-01 5.043042707600621233e-01 5.014425211870428001e-01 4.989184429406587906e-01 5.082333047724487685e-01 4.967085322485025323e-01 5.028791622663205674e-01 5.025113639373739449e-01 5.066425828213396709e-01 4.912659430999068988e-01 4.905658328094336107e-01 4.887847672393934584e-01 4.971836172871602622e-01 4.924943480248206162e-01 4.972744073175960899e-01 4.942211893170965209e-01 4.892129473681533502e-01 4.981499120159541549e-01 4.935783314545630907e-01 4.932216071079081332e-01
-1.170471345998239446e-02 1.150570479122304812e-01 2.052821987802220804e-01 3.556491359311164113e-01 2.799674708226037034e-01 1.000000000000000000e+00 4.682047818019723362e-01 4.416009687627659441e-01 5.096725172878846521e-01 4.773289029086042468e-01 5.280138347162344203e-01 5.603130973362323575e-01 5.046392292571928451e-01 5.182191461210977623e-01 5.543848293431051788e-01 5.608860893416118820e-01 4.758365293140937036e-01 3.763066146049189320e-01 4.588743490270473235e-01 3.909052499606529008e-01 4.162680156217660188e-01 4.890463115696137009e-01 4.520140520331986655e-01 4.425828271666883418e-01 4.976831736968468367e-01 4.699196213704356362e-01 5.013049931946954585e-01 4.787204557034442920e-01 4.500790391601106055e-01 5.008521746177302392e-01 5.570430542949204034e-01 5.341531151496929919e-01 4.666220130268010080e-01 5.323569963215794010e-01 4.958498232516365678e-01 5.457234552157497198e-01 5.514704912910162182e-01 5.352034921223134400e-01 5.555978409486014291e-01 5.044260519890000349e-01 5.573778914695014519e-01 5.622320665034523657e-01 5.514760165268908221e-01 5.733232260155594062e-01 5.610159293309998629e-01 5.671156687920292372e-01 5.790429194170173544e-01 5.781708821113084040e-01 5.721169895578058773e-01 5.581551389507074523e-01 5.588383519078661266e-01 5.478618504059152849e-01 5.602656024311907235e-01 5.649746442024271564e-01 5.528709158570213056e-01 5.536286425328622585e-01 5.530321043984279816e-01 5.707617167894122323e-01 5.649244176036245513e-01 5.721963853054604643e-01 5.748506401624630113e-01 5.686972705252112403e-01 5.638998339471088528e-01 5.712913081797218462e-01 5.655199924355811536e-01 5.719024480953315281e-01 5.764198420021291458e-01 5.689973980750309135e-01 5.600945453442250921e-01 5.626386224936646974e-01 5.727710929005116469e-01 5.772635297526119702e-01 5.546481312421825960e-01 5.614416832994202355e-01 5.715151575532438910e-01 5.756324812681419267e-01 5.626519357260182375e-01 5.616218700505943850e-01 5.661751215892999456e-01 5.770579293621450612e-01 5.779031668278336031e-01 5.853751249224126152e-01 5.741494315893624911e-01 5.653249146413298343e-01 5.796378421284470450e-01 5.810025281358094373e-01 5.803718655085161604e-01 5.783451749885194504e-01 5.850032133712380622e-01 5.740198678190624459e-01 5.687955295229648600e-01 5.806293516079824579e-01 5.802515985900353890e-01 5.839521841674083502e-01 5.862521833864217102e-01 5.865372856830626258e-01 5.696158002979215818e-01 5.756064218922049003e-01 5.828264843290039687e-01 5.792031702386561953e-01 5.777326283930164230e-01 5.812874237309282321e-01 5.805862054620456458e-01 5.845242038884371771e-01 5.827246398164935837e-01 5.766946441648397315e-01 5.835554564344055395e-01 5.821110103506654809e-01 5.771240895563229945e-01 5.831910076746948945e-01 5.778867020145962430e-01 5.844914734886181851e-01 5.809235634831648731e-01 5.824919358598527053e-01 5.791756205654677858e-01 5.819255608504172450e-01
1.273919488666889199e-01 1.295070724854853472e-01 4.150179605154077911e-01 6.492525435351680363e-01 5.168409448903107384e-01 4.682047818019723362e-01 1.000000000000000000e+00 7.501342704768403369e-01 7.288231072887220163e-01 6.664630026856921408e-01 7.655641346551728121e-01 7.935081022996710587e-01 7.256641782281696429e-01 7.116187050801239256e-01 8.296124421018523654e-01 7.947570734621888233e-01 7.650807039293584522e-01 7.572805875539843079e-01 8.086009552644949361e-01 7.508776590331099898e-01 7.691914486778556048e-01 8.288445866438796106e-01 7.949979884722807588e-01 7.933008938503146590e-01 8.330455217440050353e-01 8.280700772349856020e-01 8.411768921036255620e-01 8.317708006546393751e-01 7.930608058132390115e-01 8.084596828094841037e-01 8.090922876829728105e-01 8.126665523076547215e-01 7.870112246261694589e-01 8.097023057104765220e-01 7.762443578450572979e-01 8.004217319379389739e-01 7.998195337161436713e-01 8.092836024398081252e-01 8.153389012648828427e-01 8.291928549937456205e-01 8.200455458345724535e-01 8.341471308975052512e-01 8.076035508438638155e-01 8.174184047331537473e-01 8.246612613433592642e-01 8.074403463185491070e-01 7.949504069933885919e-01 8.006431452367204216e-01 7.914108330683761183e-01 7.972234004597996693e-01 8.201715060796411771e-01 7.824203857876342871e-01 8.022916058051152710e-01 8.055938976315898392e-01 8.117813033967850034e-01 8.161190390976844622e-01 8.030820231489682604e-01 8.052358595904018923e-01 8.097713341264235476e-01 7.985585219534745427e-01 8.007286081778580700e-01 7.987759594854362266e-01 8.066520836768610314e-01 7.942786941472912421e-01 7.934061233034854776e-01 7.996390953921864719e-01 7.900566592248486897e-01 8.197163927217624435e-01 8.187170391384078760e-01 8.268006245118776354e-01 8.259924290241857925e-01 8.164426979761243430e-01 8.216489769278489952e-01 8.277349001037770382e-01 8.188638915549051323e-01 8.192831946979609592e-01 8.268835317579101840e-01 8.131657401906586813e-01 8.188470838582990741e-01 7.976349136698740461e-01 8.004217548507136515e-01 7.930693962939843189e-01 8.138396104839006329e-01 7.978982046528350081e-01 7.981478568394217987e-01 8.010342769718251654e-01 7.928963740286965045e-01 8.082166797051626439e-01 7.962242764606964895e-01 8.091304928460762991e-01 8.193793997126597173e-01 8.087362998786731261e-01 7.981694946007898972e-01 7.980110133514849435e-01 7.735458027473632869e-01 7.822543377683273125e-01 8.087577912061596486e-01 7.970998385467026326e-01 7.935764696271995211e-01 8.020004729163860979e-01 7.984867842707059626e-01 7.985022763571101301e-01 7.934305091844445768e-01 7.958962051368420054e-01 7.908095913619886952e-01 7.911847437868023691e-01 7.878481957548109094e-01 7.892156241870437183e-01 8.046699704498186945e-01 7.889787113360180459e-01 8.010563299477226895e-01 7.871561866576146649e-01 7.874217073177147697e-01 7.899042772904931731e-01 7.884633780168994743e-01 7.874864266701643301e-01
5.525505353565760003e-02 1.005560970804688925e-01 3.926665205940613190e-01 6.365800474385955310e-01 5.209475382113801789e-01 4.416009687627659441e-01 7.501342704768403369e-01 1.000000000000000000e+00 7.129225244642207748e-01 6.494190327262699958e-01 7.345949762617111078e-01 7.969124938140903502e-01 7.206084089949786886e-01 7.090496277358492305e-01 8.001844037178310609e-01 8.007385774336241990e-01 7.215583530683071789e-01 6.467925055229005737e-01 7.459590175892647501e-01 6.955812910617054090e-01 7.169944566336569070e-01 7.783696350729610858e-01 6.971145558006012211e-01 7.078790398735183009e-01 7.637067534627637322e-01 7.422207816915894485e-01 7.694765622180821385e-01 7.291070329340714196e-01 6.813075649791058286e-01 7.332368269275150174e-01 7.576255731676007077e-01 7.661499088913219513e-01 6.931809059946808516e-01 7.612517606747579713e-01 7.053908000501590836e-01 7.747451601564300239e-01 7.474977320438379591e-01 7.631156769639104720e-01 7.850425958888456179e-01 7.781763008000299742e-01 7.915776697630633185e-01 8.011746907761827519e-01 7.996060131265217974e-01 8.008806373968462289e-01 7.915785304377673803e-01 7.784063341576549222e-01 7.871038232541501811e-01 7.886608084003445818e-01 7.879840614060663606e-01 7.900717662223505355e-01 8.100781486381557484e-01 7.891016596692019824e-01 7.927095067828757724e-01 7.824555741544720888e-01 7.800674566599080650e-01 7.802679045406484271e-01 7.982988738437390985e-01 7.942637932334870587e-01 7.900493136150370521e-01 7.919701868240012210e-01 7.988309589511726205e-01 7.921756830751007783e-01 8.006054455587744423e-01 7.980926288507941280e-01 7.815281811617383889e-01 7.951531218683686175e-01 7.801824112035307124e-01 7.917831691760284230e-01 7.829775367732796365e-01 8.106452429295194495e-01 8.108461342553104911e-01 7.978014833664675010e-01 7.894487065106059465e-01 7.910317885768003432e-01 7.935194418412508943e-01 7.954102635654224374e-01 7.877862343219368402e-01 7.694966176496640387e-01 7.843029826015592842e-01 7.805882792470741904e-01 7.751886503728980804e-01 7.783022007678865872e-01 7.937638316330444255e-01 7.692292098552965252e-01 7.899655545368979848e-01 7.882870123562701892e-01 7.794435271679394095e-01 8.007728210100267807e-01 7.887491408297010453e-01 7.950601050273029546e-01 7.944771317665477728e-01 7.987037452173337826e-01 7.898680562740660882e-01 7.893064033705606830e-01 7.760454679407206013e-01 7.817693852151593736e-01 8.115378962065895596e-01 7.977849382082804475e-01 7.958708522671132934e-01 8.033831145376085781e-01 8.034956994929161045e-01 7.988036446792805556e-01 7.917551098178253755e-01 7.982416583720307601e-01 7.941314655278304269e-01 7.879900658510502476e-01 7.845439035155347129e-01 7.800967830169097672e-01 7.868511208473590868e-01 7.867435720772497643e-01 7.967529449208603509e-01 7.841627725931782367e-01 7.878579335889540625e-01 7.934975885117938610e-01 7.812846888899230846e-01 7.847243934973848756e-01
1.324522951448682540e-01 1.596426763552337980e-01 3.683753714252994138e-01 5.964992097355388267e-01 4.695158700062760926e-01 5.096725172878846521e-01 7.288231072887220163e-01 7.129225244642207748e-01 1.000000000000000000e+00 7.673403492699729656e-01 8.176989908662434248e-01 8.337866044785362529e-01 7.800669855987535373e-01 7.753294555662879617e-01 8.572145403822033494e-01 8.416633412945072612e-01 8.259263809307163529e-01 6.774706585047389762e-01 7.751544375483864213e-01 6.551622358619135778e-01 7.077909565025194416e-01 7.965464157927859556e-01 7.675872384532794745e-01 7.511646540904285407e-01 8.053144399604983406e-01 8.115570781481842300e-01 8.189989191539104318e-01 7.819985043219447318e-01 7.654970127820727166e-01 8.178641992841385600e-01 8.560224746071590785e-01 8.560829721582546847e-01 7.740482785261499910e-01 8.478371834398038542e-01 8.110034886626712458e-01 8.392511623770185780e-01 8.387108952647578386e-01 8.368070457894004610e-01 8.536282723809590633e-01 7.853099529072926632e-01 8.685508039924542123e-01 8.552769987829582643e-01 8.397319442197231920e-01 8.721013726269750688e-01 8.626099844005710171e-01 8.539016430681375391e-01 8.744575733382127236e-01 8.865877424930888040e-01 8.759782762911774157e-01 8.483237947795634337e-01 8.724292710503553927e-01 8.334486888828185336e-01 8.709037822864091893e-01 8.923505500975577043e-01 8.821850631367820217e-01 8.705405885436761082e-01 8.800412611966380583e-01 8.776974632974474666e-01 8.784887204500463342e-01 8.869982503847161359e-01 8.784678887751876664e-01 8.830128732503396138e-01 8.819682987411721076e-01 8.785018855403401439e-01 8.888942444168833612e-01 8.884136814024746753e-01 8.850514094683709088e-01 8.775194483145718483e-01 8.774773936258380980e-01 8.666648840000805709e-01 8.727039198424251243e-01 8.811916693457219063e-01 8.680619054876704821e-01 8.697849039232653512e-01 8.798255546621386314e-01 8.751299018962542808e-01 8.691406177103720987e-01 8.658797972882108507e-01 8.741988888599850904e-01 8.773338335022174972e-01 8.731351810115930423e-01 8.760327106487588722e-01 8.797514531323600284e-01 8.743994476964123130e-01 8.696001955963585939e-01 8.797891890603345422e-01 8.695817156699308104e-01 8.716878138671860787e-01 8.713331743903519611e-01 8.759550423703298394e-01 8.607379537106014666e-01 8.731041179513633343e-01 8.717328054559183581e-01 8.698221940082750958e-01 8.752593540629496349e-01 8.794268728879466313e-01 8.606205915547986418e-01 8.798115037592986187e-01 8.749928349259238347e-01 8.748167666724987468e-01 8.674230561779945337e-01 8.786621789271229499e-01 8.769433418641512379e-01 8.747599607624686469e-01 8.746216873496065469e-01 8.801003258073917257e-01 8.836336713813710553e-01 8.824210078572296556e-01 8.832974046826338466e-01 8.819502201245671413e-01 8.760769496576361615e-01 8.835887673441563672e-01 8.810942236917109760e-01 8.811864578438095563e-01 8.875639727766903020e-01 8.865364948609053553e-01
5.095548669708358652e-02 1.748198640060997788e-01 3.333720126386231497e-01 5.317140996190274915e-01 3.979073895768980296e-01 4.773289029086042468e-01 6.664630026856921408e-01 6.494190327262699958e-01 7.673403492699729656e-01 1.000000000000000000e+00 7.556918549710962552e-01 7.792850313260520911e-01 7.257446793233914839e-01 7.403734748460327753e-01 8.071590662224125134e-01 7.904720980767979688e-01 7.522866790146079952e-01 6.263396095080739912e-01 7.169180871132350141e-01 5.953743619270853715e-01 6.375916540270580857e-01 7.271991449585534228e-01 7.314792265972223095e-01 6.988988264136311024e-01 7.446897094681779183e-01 7.605200735243649035e-01 7.703656417974223958e-01 7.430683015260276525e-01 7.258381647173047790e-01 7.776650409505759809e-01 8.162147093019718191e-01 8.133907601496879192e-01 7.431664760327753028e-01 8.054303217731273445e-01 7.705827230548026874e-01 7.934340097348905330e-01 8.022623386757175012e-01 7.989032199281569380e-01 8.176815456459733955e-01 7.624239302459153711e-01 8.235269155830412524e-01 8.145905326178496386e-01 7.928578552712932659e-01 8.245321794213956723e-01 8.191374363009776838e-01 8.161291289702603535e-01 8.303813888406453847e-01 8.375314674789411384e-01 8.323022967037975173e-01 8.032725522388618478e-01 8.231229408512774626e-01 7.799188467037709849e-01 8.183825251754736074e-01 8.315994574448811738e-01 8.245364889734215774e-01 8.252264400737199246e-01 8.172328280962144476e-01 8.267894829780416677e-01 8.303234113872222100e-01 8.312778227028463363e-01 8.272513923043802730e-01 8.295396163394801459e-01 8.243778926188042311e-01 8.286947374108629694e-01 8.262568349255990929e-01 8.284316793024275594e-01 8.368446331736568711e-01 8.299853058724333543e-01 8.299069730586031701e-01 8.129847942312828923e-01 8.199553791992376661e-01 8.335292008192705104e-01 8.187798375940488205e-01 8.230738770314328656e-01 8.339206223685290409e-01 8.302085842328804643e-01 8.282294696205310114e-01 8.278560594215924606e-01 8.328579758611048822e-01 8.371928353736018957e-01 8.338681245324039981e-01 8.363765753476547493e-01 8.331677316490061491e-01 8.348579341923622055e-01 8.307639909930589761e-01 8.335734583379132978e-01 8.291886584777022895e-01 8.342068407412920328e-01 8.334509119711072112e-01 8.330541945419919214e-01 8.256368158032053595e-01 8.329768953309740764e-01 8.326071215391015468e-01 8.310932667468197144e-01 8.339809794854131653e-01 8.359794984260381367e-01 8.209594400716849760e-01 8.237179219085878357e-01 8.299604619601842481e-01 8.319172043991680532e-01 8.236332578935658955e-01 8.339505531049473674e-01 8.305682709933009944e-01 8.312394696689935358e-01 8.254477513096951657e-01 8.270102293505844360e-01 8.355347451310174423e-01 8.368814109429006942e-01 8.366250309587670575e-01 8.371002278748982395e-01 8.342313741983496955e-01 8.357547075789286684e-01 8.345350499285538737e-01 8.317983777616811958e-01 8.316693191294581844e-01 8.339053948210224387e-01
6.391897917960595588e-02 1.514810796118790104e-01 4.038322107344743950e-01 6.151902205482593367e-01 4.639370058918629858e-01 5.280138347162344203e-01 7.655641346551728121e-01 7.345949762617111078e-01 8.176989908662434248e-01 7.556918549710962552e-01 1.000000000000000000e+00 8.694795032456547057e-01 7.980994059234927107e-01 7.892230270720176355e-01 8.832289364859251535e-01 8.663169729789763629e-01 8.128115583314116099e-01 6.949206549032255209e-01 7.967417228956830133e-01 6.969648480631641663e-01 7.246172620134562203e-01 8.232088662891958730e-01 7.968741933174977587e-01 7.696717245476845104e-01 8.367527317451939339e-01 8.350229006303796497e-01 8.567055695861427456e-01 8.306036247687880181e-01 7.964936614320438091e-01 8.539995502710963082e-01 8.879385727056098299e-01 8.700026659889037450e-01 8.098719139561523228e-01 8.667391643043773630e-01 8.345103894863140637e-01 8.698089028869020467e-01 8.794513236499557074e-01 8.607017553512642527e-01 8.875434848868140048e-01 8.473699994813560510e-01 8.968682111968105941e-01 8.947948431287551241e-01 8.804033207607595557e-01 9.017281044449866334e-01 8.989751463877696525e-01 8.905071176641761177e-01 8.999895604329507526e-01 9.032136541633675186e-01 8.922286718151093421e-01 8.728106320679590580e-01 8.935289777810911938e-01 8.598674112311435191e-01 8.929118153647016554e-01 8.974772049356671832e-01 8.903145673777755897e-01 8.913107651231028106e-01 8.833619398903177489e-01 8.971246068178999611e-01 8.967082898135783076e-01 9.001073783346478230e-01 8.997088608043257718e-01 9.005659022070234832e-01 8.951432802016906498e-01 8.965308704564302067e-01 8.929707521110054058e-01 8.977160172967549867e-01 9.003652578377830951e-01 9.011604465655369545e-01 8.985999062380344293e-01 8.968027390835977553e-01 9.015476970431020032e-01 9.040525601993992799e-01 8.901227390582280297e-01 8.991722455269959280e-01 9.074135013066270128e-01 9.077823132356337421e-01 9.011631764290285451e-01 8.952424358309767349e-01 8.998287115968525152e-01 9.022042707491926272e-01 9.005097016011017752e-01 9.030237882080431877e-01 9.034888233955579162e-01 8.983242174656299595e-01 8.973899303142628403e-01 9.009503594281390582e-01 8.997276727648886308e-01 9.020192836813948345e-01 9.015848117159900310e-01 9.026792753201056119e-01 9.011845604818399247e-01 9.049660382229051114e-01 9.033455159524220734e-01 9.023282673607226911e-01 8.979271540384413663e-01 9.006892509113383349e-01 8.935553748473173963e-01 8.943386545648772668e-01 9.014346227931790967e-01 9.031038133433429982e-01 8.994860347244062471e-01 9.026392072410696077e-01 9.001586696412540167e-01 9.018481384488836738e-01 8.982215593199441850e-01 8.957902009498684981e-01 9.002106419150177619e-01 9.020736940591024267e-01 9.041335384220753335e-01 9.008769817745980735e-01 9.025814465053387803e-01 9.010317240897380842e-01 9.008369214478155751e-01 8.999904134373808429e-01 8.989144212049351435e-01 8.995876774490710881e-01
3.121242402284035364e-02 1.364746582083825044e-01 4.044408472867306314e-01 6.825033135686976449e-01 5.181349041586109649e-01 5.603130973362323575e-01 7.935081022996710587e-01 7.969124938140903502e-01 8.337866044785362529e-01 7.792850313260520911e-01 8.694795032456547057e-01 1.000000000000000000e+00 8.406342647378353128e-01 8.394489454683324858e-01 9.259005088944908257e-01 9.120796654459081276e-01 8.273401780220444035e-01 6.758861065731887052e-01 8.093733852937866624e-01 7.253656803631510774e-01 7.524559788316858011e-01 8.440575197762252291e-01 7.873333268925719608e-01 7.653432829500003143e-01 8.434090988396106825e-01 8.380597956881945532e-01 8.719837602194606685e-01 8.342631878804853685e-01 7.742105068886027119e-01 8.463453583315065920e-01 8.992478424301088014e-01 8.805962572478701622e-01 8.007258335561706630e-01 8.786221491177934606e-01 8.312180883187609837e-01 9.052217932102571973e-01 8.955046993744451012e-01 8.739971859421375999e-01 9.154313158106998083e-01 8.786229683142373625e-01 9.300228562207428773e-01 9.300116502363101612e-01 9.244350359205250056e-01 9.382691270434204700e-01 9.287614177640370894e-01 9.188552157081143479e-01 9.361946869026305240e-01 9.354037084745693287e-01 9.298917141532363484e-01 9.163028710621479167e-01 9.304089660324582622e-01 9.226673497421536974e-01 9.322622462705305590e-01 9.234090416367854992e-01 9.119371413935530857e-01 9.044744951856568127e-01 9.221866097668068862e-01 9.313010779698045472e-01 9.197914565280702615e-01 9.384399582973603771e-01 9.441444645208894038e-01 9.316661679886054648e-01 9.277463783057044999e-01 9.367884517725244553e-01 9.287848932120221779e-01 9.394994323789025437e-01 9.348413938804235324e-01 9.254574373238315665e-01 9.168582582448123741e-01 9.336116909899184746e-01 9.394534333797337489e-01 9.380422296784072245e-01 9.112337779238429691e-01 9.202428528815942421e-01 9.357948147611252487e-01 9.367702598241125500e-01 9.289823556390923720e-01 9.117012971564459889e-01 9.264334633915765060e-01 9.280184989395721118e-01 9.256464558559240885e-01 9.311810705390292098e-01 9.361610515729021920e-01 9.162214070822702894e-01 9.341916132685534890e-01 9.326056364194122983e-01 9.336384105144376333e-01 9.381771563097776045e-01 9.376776692436094018e-01 9.354164103495355986e-01 9.373902811315049100e-01 9.443368051713331157e-01 9.412163990837123517e-01 9.416911042436781898e-01 9.356001710584358477e-01 9.371232435945699990e-01 9.389045957542883070e-01 9.381413198175103663e-01 9.435895939347528349e-01 9.428975909210539630e-01 9.458415788216912867e-01 9.391807441703499126e-01 9.432265305026071855e-01 9.458374556800787092e-01 9.446951573962174553e-01 9.291802452347495134e-01 9.356233465105906477e-01 9.339630767330455718e-01 9.314486759731935850e-01 9.374111097294102191e-01 9.384439183168996612e-01 9.385353844379967780e-01 9.360600175965394509e-01 9.402748382275142314e-01 9.354322770266176867e-01 9.367345036968021121e-01
2.932245400903406990e-02 1.353314214666183624e-01 3.748391574334091758e-01 6.031301503719973534e-01 4.753802585170423534e-01 5.046392292571928451e-01 7.256641782281696429e-01 7.206084089949786886e-01 7.800669855987535373e-01 7.257446793233914839e-01 7.980994059234927107e-01 8.406342647378353128e-01 1.000000000000000000e+00 7.678651888036422957e-01 8.496471986387267306e-01 8.485128282296878766e-01 7.624817394772389623e-01 6.236163824509124431e-01 7.484385559883838246e-01 6.383874496839831991e-01 6.721285927658684489e-01 7.612661073633241182e-01 7.198759122298674651e-01 7.060057602619509431e-01 7.741631599476460623e-01 7.677493132142825250e-01 7.915023128074352154e-01 7.540667067635934417e-01 7.174879171998654881e-01 7.851203395876534818e-01 8.300891266170922211e-01 8.144668639160345114e-01 7.344267311172574253e-01 8.207197682012951079e-01 7.708277085075818658e-01 8.383708054168587109e-01 8.256541556229761714e-01 8.118428086055208270e-01 8.452080184415980968e-01 8.001650106867072010e-01 8.570531683109087195e-01 8.591260620787076752e-01 8.580791998926972086e-01 8.718822479903738376e-01 8.625117195796226932e-01 8.528577578440388329e-01 8.724372010778806974e-01 8.675969161642247407e-01 8.587196123239140277e-01 8.369372044460035021e-01 8.580101799084474123e-01 8.474653115132153580e-01 8.637150001722682102e-01 8.593079764365481044e-01 8.463648855810457228e-01 8.419450223349922435e-01 8.518931409189575144e-01 8.666749761309054945e-01 8.559177834503192139e-01 8.733803291358659404e-01 8.732965125875034040e-01 8.683470434538694827e-01 8.581653624128513513e-01 8.697163467541256798e-01 8.612602496508436900e-01 8.712037184282025448e-01 8.698794290983461464e-01 8.636171196035865583e-01 8.595552095310841079e-01 8.597793058123649468e-01 8.643555058339104091e-01 8.690589604572793725e-01 8.525936142287497965e-01 8.564480262437902391e-01 8.694518509181369259e-01 8.669508150732863072e-01 8.607308272933460458e-01 8.467385955486780302e-01 8.614060167682594527e-01 8.683591386239772891e-01 8.612831168671981619e-01 8.654984561965393119e-01 8.698275310099585766e-01 8.576880223332015163e-01 8.665785001116211861e-01 8.697548400085588494e-01 8.665399543202597643e-01 8.675722795399081200e-01 8.712201917406363627e-01 8.730951091939525011e-01 8.661110223961769883e-01 8.753449758886560073e-01 8.725745114375207390e-01 8.716994745167222503e-01 8.687382226664366325e-01 8.720407326552810368e-01 8.651085891420815521e-01 8.623195084996819748e-01 8.725524643850411932e-01 8.700085090212992256e-01 8.771281285793306459e-01 8.668149229117252386e-01 8.740077017689164007e-01 8.760522667746484249e-01 8.732366131323427982e-01 8.610682498795576567e-01 8.690299060374964135e-01 8.711797959773536215e-01 8.688292135207971167e-01 8.716367361298645866e-01 8.707564026827860904e-01 8.725939411216330210e-01 8.708770096414001349e-01 8.735172497895549171e-01 8.681693942566872657e-01 8.698265886061596897e-01
