1.000000000000000000e+00 1.233825170594643195e-01 1.048732461033404090e-01 5.787448691706528064e-02 -4.555708373140046966e-03 3.475347468205581408e-02 3.044647392465067368e-02 2.451753803914319407e-02 1.261107792685789708e-01 5.425334260589594754e-02 2.661786784855338373e-02 2.426987528092992494e-02 1.787282277269234762e-02 8.136562486525432750e-03 2.508072113257719948e-02 2.461033901263757692e-02 1.240589575764680513e-01 1.524847281086557371e-01 1.386556479099669281e-01 1.119988793199095251e-01 1.640181338341243633e-01 1.437147244198883622e-01 9.526395217212289823e-02 1.174204076460687168e-01 1.241900349992004493e-01 1.072546076133830267e-01 9.821016546562452709e-02 5.671034574349963914e-02 7.999777449239675597e-02 1.067061865702315926e-01 6.080091595015405664e-02 5.287700878127301468e-02 7.709431704217500902e-02 6.840170859989758156e-02 1.029496427412438381e-01 5.839070988976573229e-02 6.602778448706175807e-02 3.677420558799621153e-02 1.987144834742643820e-02 4.470617074306512846e-03 3.402507744050423805e-02 -3.972455377149751270e-03 1.930326166737883140e-02 2.389577008716391865e-02 3.356803752440577077e-02 2.872017917791855682e-04 2.242208600648628106e-02 3.803231962832335361e-02 2.357484559021784734e-02 4.451406045331871009e-02 3.835337965384667119e-02 3.887821258329220847e-02 3.682835892064559302e-02 6.086791721670953975e-02 5.342835350366287317e-02 4.826755575237696994e-02 7.202805668312101117e-02 3.680109370659852969e-02 4.210269849672931830e-02 3.458229260634280988e-02 2.614804536945335156e-02 4.010510117784434753e-02 4.219288570091672685e-02 4.638741118650132472e-02 6.817610563785943267e-02 6.460721553693074548e-02 2.689014998557864508e-02 4.648548525053611963e-02 4.230526449455233179e-02 5.424344877783357499e-02 5.778512181813973830e-02 4.745552340650320555e-02 5.342633708992462760e-02 4.118749861746422158e-02 3.984366602610684566e-02 3.745440695842106732e-02 3.081541038340766467e-02 5.367007093430972015e-02 3.451779480666180427e-02 4.426892406138289993e-02 4.029735857706755187e-02 2.599276198910773286e-02 4.324681093019971945e-02 5.177275122372394789e-02 2.755116395949200325e-02 3.658013559645136026e-02 2.420910400314874034e-02 1.557434686249202158e-02 1.450783931463366615e-02 3.445174067807678375e-02 7.086149473727721033e-03 4.587668114030486917e-03 9.440678511112120599e-03 1.550352171697826542e-04 1.388891956868126137e-02 1.821002319811393030e-02 5.087100085441780169e-03 5.335114002016481949e-02 1.050838860696822787e-02 1.264352083811757545e-02 5.971617010573321976e-03 2.601595219363888462e-02 2.576051782210291019e-02 8.004797373080482434e-03 1.830350872657253783e-02 3.939229213681025299e-02 3.353880487103128027e-02 2.838233142400810663e-02 2.990413848053461929e-02 2.062598508070260725e-02 1.403517266572887681e-02 2.457263050821994338e-02 1.738033887290030277e-02 2.760856495675437228e-02 3.458348667280851385e-02 4.335929414433969259e-02
1.233825170594643195e-01 1.000000000000000000e+00 1.480057475271763789e-01 9.532236883773163860e-02 3.647773076038829387e-02 1.234311060409784971e-01 1.839141362612028985e-01 1.362082304583600301e-01 2.083997118919553027e-01 2.034444060546267696e-01 1.675074965839914720e-01 1.635483188479691652e-01 1.290508794926386038e-01 1.378538873616131089e-01 1.807590674748529580e-01 1.598723346017127955e-01 1.804428925097951164e-01 2.001517591337805824e-01 1.826620824374949048e-01 1.956841271212990674e-01 1.909707663652187859e-01 1.867198648256280791e-01 2.010761559566206225e-01 1.836024321891221445e-01 1.738875837005011138e-01 2.225521631588192883e-01 1.954805347590938547e-01 1.923731277106654480e-01 2.162640672938635489e-01 2.270696834911041240e-01 2.049550780567916675e-01 2.277386859600601110e-01 2.146495354396028288e-01 2.129487742850738607e-01 2.174028408233126264e-01 1.831212094984835947e-01 1.934715420309650602e-01 1.979535683155626002e-01 1.739338793144645234e-01 1.694204959981180647e-01 1.731473835549203200e-01 1.534257053360814638e-01 1.540391414133559234e-01 1.652283119332351446e-01 1.865330496299871799e-01 1.493664290869083644e-01 1.735282755539969690e-01 1.817818510209522620e-01 1.896096452411415167e-01 1.892353069376247754e-01 1.923835613320456495e-01 1.419854767218825808e-01 1.599781365864585969e-01 1.910348685189675599e-01 1.962745197335490910e-01 1.968612454137482481e-01 1.930313149394946581e-01 1.700024025905617631e-01 1.958474306099488582e-01 1.641431235519920095e-01 1.731618097872952566e-01 1.769102422472565994e-01 1.845314442783849707e-01 1.832121106188915050e-01 1.725256915629770904e-01 1.837430146188673286e-01 1.777479631081241018e-01 1.843051523136370329e-01 2.008463981609954763e-01 1.948721232159950911e-01 1.847811553310519661e-01 1.808971195170570034e-01 1.915466712126915327e-01 1.707811289034679714e-01 1.883833170236176857e-01 1.835215536702463901e-01 1.841643842804374931e-01 2.014565837274689131e-01 1.827453341409462639e-01 1.968483129323365943e-01 1.865136669141449210e-01 1.813094491449695755e-01 1.979408497324674499e-01 2.014582014058234061e-01 1.944909605529709096e-01 1.949577558434167079e-01 1.799626806823275971e-01 1.818010714413981210e-01 1.726843064597060329e-01 1.887649280502098625e-01 1.681899188694212233e-01 1.614076520866529751e-01 1.642286080514254176e-01 1.596029949103381917e-01 1.680337479152259061e-01 1.757093639837629395e-01 1.545598158163517255e-01 1.810518102961698739e-01 1.620578609630325961e-01 1.725979607889397416e-01 1.559783249766638069e-01 1.692870277840339555e-01 1.626064400776960628e-01 1.607228047792232939e-01 1.636270026478655326e-01 1.739454547915324223e-01 1.823568295416587437e-01 1.768835574350439699e-01 1.769131081037098874e-01 1.712840498687326629e-01 1.651078813456412220e-01 1.658073824141308994e-01 1.667556251010728907e-01 1.728267206426658820e-01 1.703217651671234401e-01 1.775361313829645071e-01
1.048732461033404090e-01 1.480057475271763789e-01 1.000000000000000000e+00 3.451198973795323588e-01 1.275366405913958279e-01 2.553466547521563990e-01 3.623607483539398322e-01 3.508054758969664788e-01 3.636642082396328579e-01 3.074415233789887236e-01 3.882892410752152856e-01 3.671516383520826987e-01 3.415337705035766946e-01 2.929842560517562644e-01 3.920503417295054804e-01 3.755485814623236718e-01 3.942904565443308695e-01 4.312972436331368731e-01 4.440741051848552390e-01 3.788150638000721271e-01 4.504831860364738594e-01 4.537886152696199993e-01 4.322193806693167550e-01 4.211084988968496479e-01 4.421817786317853716e-01 4.380736056232012454e-01 4.504455169294511729e-01 4.364845375555825857e-01 4.268747093528894032e-01 4.265561289625428576e-01 4.234541762585123381e-01 4.352677849544728805e-01 4.571871328042724780e-01 4.481866932857705432e-01 4.369591463385651409e-01 4.548692666193897005e-01 4.367831984238287335e-01 4.246206489831084174e-01 4.161185314334789886e-01 4.309205175128507648e-01 3.982215935827629893e-01 3.913313706943296055e-01 4.083981410424195047e-01 3.988476012328106557e-01 4.238382461377847021e-01 3.768404725181960790e-01 3.872728190756490330e-01 3.841660751214370784e-01 3.911736311619328221e-01 4.311162849487045201e-01 4.239161677210585566e-01 4.124327360212400317e-01 3.940021390920533384e-01 3.814101314405528576e-01 3.941184563288410714e-01 4.109572935711623964e-01 4.106418647277934042e-01 3.848640388328004036e-01 3.934159745406376474e-01 3.699094136008276301e-01 3.932755148928037681e-01 3.824575064771209010e-01 4.030336284763321730e-01 4.039497587567179027e-01 3.933457852159225610e-01 3.789269186281261081e-01 3.862616887154765033e-01 4.137184758488053338e-01 4.120837646117599395e-01 4.186898601002623233e-01 4.315500186327541066e-01 4.180471855824752780e-01 4.226754046976353152e-01 4.150652304505570989e-01 4.024827639209446750e-01 4.056941881436723074e-01 4.070133224149343198e-01 4.212671747727196325e-01 4.096424239838656334e-01 4.024907650875647058e-01 4.065019125285367352e-01 4.021661564194560778e-01 4.261392020439804806e-01 4.172446538728650234e-01 4.207681341060728331e-01 4.227647278702094114e-01 4.143244323585691946e-01 4.090642156641219329e-01 3.970416146259496126e-01 4.127868911707571198e-01 4.045358818419555469e-01 3.896061231308393658e-01 3.879794406427011233e-01 3.805166773052320317e-01 3.793179161948900258e-01 3.761921944152437081e-01 4.033462960825867083e-01 3.970946448005148177e-01 3.843870366365210733e-01 4.039485023363020288e-01 3.852902891614196079e-01 3.930669829707119090e-01 3.859572429539089300e-01 3.866357621826441715e-01 3.941485730485771999e-01 4.008597681994331419e-01 3.884198435209399447e-01 3.829361549309275303e-01 3.942909063837874428e-01 3.890337728952445451e-01 3.909926900149253148e-01 3.744621907013470641e-01 3.837014382438072024e-01 3.906290893361603622e-01 3.843069505092654992e-01 3.788203471537809341e-01
5.787448691706528064e-02 9.532236883773163860e-02 3.451198973795323588e-01 1.000000000000000000e+00 3.098483926061135207e-01 3.820928180701467780e-01 5.765063438415554131e-01 5.548797046709759151e-01 5.554505635495050608e-01 4.926481769675872813e-01 6.031157726659663876e-01 6.217759376654022896e-01 5.538447749353877514e-01 4.998305395921494032e-01 6.289871616106771368e-01 6.234125790617347507e-01 5.555089786835429866e-01 4.499487253642150408e-01 4.926732512398526720e-01 4.686472073942955507e-01 4.744426978263280303e-01 5.242996281469254338e-01 4.922257832224649632e-01 4.478669408099134053e-01 5.182780468925315409e-01 5.686143891577996046e-01 6.084555385671199801e-01 5.965693251831178934e-01 5.508621683906752553e-01 5.716886831806234914e-01 6.105189644735699028e-01 5.702755670662218446e-01 5.724385470941995013e-01 5.714957760661334429e-01 5.617465168355453287e-01 6.239964561301947210e-01 5.994883004070367116e-01 6.202005866677848811e-01 6.329398306998493817e-01 6.325624450726001768e-01 6.168851613617009066e-01 6.376160490461573183e-01 6.603595667061978869e-01 6.476142553897069609e-01 6.357046333624665202e-01 6.206841774021936153e-01 6.118369225049336002e-01 6.074849703435372117e-01 6.168902673971350392e-01 6.248401755714866335e-01 6.422390214015346599e-01 6.347597166104101962e-01 6.063535164208969652e-01 5.937085319389422411e-01 5.895231358229995333e-01 5.886727100659594480e-01 6.280524509886807882e-01 6.208951463213409072e-01 6.101617214788745969e-01 6.125888488014403777e-01 6.365878615670460539e-01 6.233773886623571459e-01 6.352947050486869029e-01 6.341445217877669238e-01 6.079246201240037228e-01 6.069934879215592716e-01 6.022844331701006082e-01 5.979329933565495914e-01 5.938162937187548840e-01 6.112133395073087172e-01 6.197303003754711659e-01 6.121383567848259766e-01 5.877804171199138006e-01 6.072216314975673601e-01 6.167775912246290515e-01 6.144435191539289187e-01 6.075213314382833518e-01 6.033344322671038151e-01 6.117813357663706153e-01 6.023780217613277088e-01 6.099507289758810957e-01 6.149383820061229411e-01 6.151373259003871663e-01 6.044466606754231863e-01 6.222825451819569142e-01 6.071691450379007593e-01 6.212075879535490230e-01 6.248536068046383063e-01 6.228302936566406656e-01 6.114210490657884245e-01 6.262868149654138294e-01 6.254455202591401308e-01 6.204610506906192979e-01 6.174114539985038341e-01 6.101471732778768198e-01 6.089020637571637140e-01 6.371918965982658056e-01 6.043219775553807516e-01 6.203855831222043760e-01 6.318486106747305264e-01 6.312745576840328443e-01 6.247382315580507495e-01 6.156991936411243538e-01 6.269928413447444226e-01 6.283458057585302736e-01 6.319587344949728624e-01 6.090991639539691249e-01 6.075046696876457153e-01 6.114850194086736135e-01 6.218705231479630946e-01 6.249828134162414006e-01 6.112123452963016401e-01 6.251013837990957445e-01 6.212537816704167826e-01 6.100079786291896511e-01 6.062017382990364522e-01
-4.555708373140046966e-03 3.647773076038829387e-02 1.275366405913958279e-01 3.098483926061135207e-01 1.000000000000000000e+00 3.027150969524032842e-01 4.377818956388723759e-01 4.149895290525157376e-01 4.140712772270345732e-01 3.802617989979475976e-01 4.303337859093311901e-01 4.658113216709696136e-01 4.517790740513273340e-01 3.653977751180529920e-01 4.681065857840701061e-01 4.681023954091492190e-01 3.677740096485810906e-01 2.284733941535694313e-01 2.443042366941887700e-01 2.265914301818006127e-01 2.067873402990174359e-01 2.604380742492422574e-01 2.355589309205231296e-01 2.300336723174654097e-01 2.673834970546436485e-01 3.654793631953549560e-01 3.964609085633317154e-01 4.002033223499788517e-01 3.758623424035095750e-01 3.626624272854837572e-01 4.288463360669202418e-01 3.478215510167831370e-01 3.293554285622976585e-01 3.691212261450849130e-01 3.341768816614460458e-01 4.087884420278481423e-01 4.055481088813129298e-01 4.298643538470253156e-01 4.632310225436176432e-01 4.046399285143897906e-01 4.502334457418487590e-01 4.793074590216566677e-01 4.833393122308830003e-01 4.876960235083264150e-01 4.471157278852299077e-01 4.812709210046716701e-01 4.631175825844410232e-01 4.625815625247263196e-01 4.504011816033274829e-01 4.265090378596267384e-01 4.388849490620243543e-01 4.677896482249295218e-01 4.510922071238404607e-01 4.375629242267953245e-01 4.079554767800839254e-01 3.989078787795530268e-01 4.152781405999746989e-01 4.625362804386221049e-01 4.237753798898067914e-01 4.825153990003693272e-01 4.687879688425949931e-01 4.556540421741950286e-01 4.501170538102876595e-01 4.668827335997710049e-01 4.710888011993055735e-01 4.626684716103296457e-01 4.641369066380832131e-01 4.325282086771717882e-01 4.160870418059750553e-01 4.257065896960940399e-01 4.279912118075706040e-01 4.428600805147029362e-01 4.094850138611426105e-01 4.345934512211565015e-01 4.587887643532091997e-01 4.584183554370466762e-01 4.526160782953418393e-01 4.344421910204660509e-01 4.532455972891809570e-01 4.508066792249612598e-01 4.523919621815228331e-01 4.707650730617536916e-01 4.296373816937804624e-01 4.266798332349143186e-01 4.461371236629314008e-01 4.396301647083825093e-01 4.664489002088907932e-01 4.587640225982157482e-01 4.752593109611980560e-01 4.357272863820391140e-01 4.604210660901497665e-01 4.763648921303837436e-01 4.839570828117710777e-01 4.867837962496240345e-01 4.743972188860877681e-01 4.773967303208653257e-01 4.604451868958621130e-01 4.482032801070532368e-01 4.763829247761758867e-01 4.693712317398650580e-01 4.928085089996669943e-01 4.699101955451386314e-01 4.820803192325822106e-01 4.851443996298163697e-01 4.832883695818958047e-01 4.548715515550232902e-01 4.625997140508166794e-01 4.654051038630975801e-01 4.522626283608579545e-01 4.740612551486533821e-01 4.669004831963443625e-01 4.832318556655683106e-01 4.745283654769684167e-01 4.781239431852478128e-01 4.781437262990521631e-01 4.695507941068662872e-01
3.475347468205581408e-02 1.234311060409784971e-01 2.553466547521563990e-01 3.820928180701467780e-01 3.027150969524032842e-01 1.000000000000000000e+00 4.917495117082540945e-01 4.709307115372894925e-01 5.271562561384178780e-01 4.608175506728380277e-01 5.181521358117275877e-01 5.588242350896666100e-01 5.088063520443190102e-01 4.542287107463177653e-01 5.710292552880551487e-01 5.496406137875606834e-01 4.927884597790522792e-01 4.335099707928198320e-01 4.682600385923538777e-01 3.755024423292457891e-01 4.126670465208206462e-01 4.766161717247158203e-01 4.622759401195302709e-01 4.304191921944592325e-01 4.726042646478791909e-01 5.384842109652351327e-01 5.483212159912467243e-01 5.575908100849013005e-01 5.470983060315116608e-01 5.566491518698674090e-01 5.853533583956306297e-01 5.286185166680688052e-01 5.209636860675814773e-01 5.346399506005284907e-01 5.281058302055361420e-01 5.578914994780488357e-01 5.661835624705835457e-01 5.712620842257546405e-01 5.785024172601571646e-01 5.651375282166813951e-01 5.786649369440733937e-01 5.826219148293607653e-01 5.717871314886889822e-01 5.825489811584935174e-01 5.841115310611767475e-01 5.805614726602995601e-01 5.855235518617080137e-01 5.882562516928450114e-01 5.764110886274591561e-01 5.610883871416878499e-01 5.758165737296433440e-01 5.518160688694684346e-01 5.748151593615244970e-01 5.743822233049693526e-01 5.624713019970110084e-01 5.719138487792779779e-01 5.616847561779247933e-01 5.812909153443212018e-01 5.751533232809912244e-01 5.810390878166612483e-01 5.826488236410886090e-01 5.784945325335063560e-01 5.760079290502760907e-01 5.760548617299462437e-01 5.744393799818182655e-01 5.728526650242923290e-01 5.819860759041384224e-01 5.801179458281737755e-01 5.709172593404463480e-01 5.647272673535249643e-01 5.784092422935701583e-01 5.900738538404624034e-01 5.654534253843819247e-01 5.805390171964185386e-01 5.861077670707541820e-01 5.924243309985059991e-01 5.971071232395958051e-01 5.877860672393795394e-01 5.917470918854743633e-01 5.846890071295083313e-01 5.917248850339639210e-01 5.900237627412894259e-01 5.813419373034764970e-01 5.800076392644156753e-01 5.830607448095994627e-01 5.791227630456219355e-01 5.887485319520913141e-01 5.870265721681032778e-01 5.921974816514974371e-01 5.838051036711794373e-01 5.894006125002977381e-01 5.916967128609693649e-01 5.893783244272012833e-01 5.892728140890802768e-01 5.875972829702316158e-01 5.863291186817420897e-01 5.751216822480010871e-01 5.722962840433440945e-01 5.859625048326310148e-01 5.865855574809419881e-01 5.864098441625054114e-01 5.828605357716487578e-01 5.808974688800542241e-01 5.876560802994399424e-01 5.850482239554398722e-01 5.752390853092814726e-01 5.814690065771639382e-01 5.822344436294967229e-01 5.842750858789287349e-01 5.870621043203714251e-01 5.890314789724631073e-01 5.841488642923652330e-01 5.863398236384120832e-01 5.858817509700930959e-01 5.814155160283580592e-01 5.800280727930260394e-01
3.044647392465067368e-02 1.839141362612028985e-01 3.623607483539398322e-01 5.765063438415554131e-01 4.377818956388723759e-01 4.917495117082540945e-01 1.000000000000000000e+00 6.883492759725976518e-01 7.030350031349607010e-01 6.798397007812249093e-01 7.606038133239338972e-01 7.926813586109161536e-01 7.363198164048949668e-01 6.314603930896018902e-01 8.386018917261064409e-01 8.000415505813346373e-01 6.875728831060391455e-01 5.911628877973886809e-01 6.343568424295390473e-01 5.639519984436608402e-01 5.770281852411941470e-01 6.430776174792263156e-01 6.519926165916928307e-01 5.966016421556473714e-01 6.395915591951458756e-01 7.464999082261445373e-01 7.603441268345841886e-01 7.687477524873198576e-01 7.267900109577309919e-01 7.301001086249148120e-01 7.937387023890787319e-01 7.541785348326585092e-01 7.197405499560858289e-01 7.552336684840315062e-01 7.059124396499765197e-01 7.791535877984533398e-01 7.779730599926972801e-01 7.993316387644127108e-01 8.111763424943619905e-01 7.912307796766491208e-01 8.049121107005362541e-01 8.125109972861823682e-01 8.177306921397096140e-01 8.260520497406450557e-01 8.137315694536356725e-01 8.064102744850659699e-01 8.025988096677978412e-01 7.987095362877119076e-01 7.970391357804867960e-01 7.854050590079940664e-01 8.066294416306253323e-01 7.803247801615202928e-01 7.830900432589785742e-01 7.783718110256272471e-01 7.722698293329839370e-01 7.789730251490631918e-01 7.795196872564660318e-01 7.947145482108862735e-01 7.835642578222874466e-01 7.980307436257289000e-01 8.113924560427148158e-01 7.982674176301626234e-01 8.039074299186796946e-01 8.022101051159189478e-01 7.866480776366304717e-01 7.879290738247980430e-01 8.031616431194884553e-01 7.915458139780270352e-01 7.954280786559938532e-01 7.900074309721710764e-01 8.019599191810217187e-01 8.014373788290540812e-01 7.816991290081549693e-01 7.946608121595908347e-01 8.100915555089521769e-01 8.067659150575737792e-01 8.041247093240679877e-01 7.927460934665926384e-01 8.083388788901941790e-01 7.959921651224283190e-01 8.039719247978459604e-01 8.105011722900493654e-01 8.104073307319770159e-01 7.918191201375204269e-01 8.143571948753001166e-01 8.036005875243816821e-01 8.161170744635843910e-01 8.166187065828738323e-01 8.160393656105525695e-01 8.098321498669972529e-01 8.194444255397690391e-01 8.176897700914672606e-01 8.180477274957359546e-01 8.135311671614031681e-01 8.071490075984397716e-01 8.060194027128595451e-01 8.159218343399067264e-01 7.837298789607644034e-01 8.101390071166834073e-01 8.204483539707873030e-01 8.177677559934672935e-01 8.087027624940535953e-01 8.045140211019322640e-01 8.143745162732326515e-01 8.138600690856445663e-01 8.049214362681258450e-01 8.031441066016228314e-01 8.025261999721979844e-01 8.056865668459484153e-01 8.110802616083448990e-01 8.107803582467935088e-01 8.042177774747266694e-01 8.098535904449337686e-01 8.093992467908494026e-01 8.006847719196182878e-01 7.971404910529357180e-01
2.451753803914319407e-02 1.362082304583600301e-01 3.508054758969664788e-01 5.548797046709759151e-01 4.149895290525157376e-01 4.709307115372894925e-01 6.883492759725976518e-01 1.000000000000000000e+00 6.605954074114370744e-01 6.192585076469875327e-01 7.113871732101365586e-01 7.437333672858685851e-01 6.822123277582721190e-01 6.017980317051805361e-01 7.641824989041986482e-01 7.689896085136403991e-01 6.473989174582001072e-01 5.482703742034343852e-01 5.984224945868014123e-01 5.191406240890070745e-01 5.445479474466831116e-01 6.180677990602265748e-01 5.956779847890135704e-01 5.393622156573402160e-01 5.935402160157630114e-01 6.843801482508370393e-01 6.932331878116982926e-01 7.004762352493737465e-01 6.606328164369661415e-01 6.745068284223375565e-01 7.382867168337499120e-01 6.943349502486708680e-01 6.556664897563594385e-01 7.018406380605157757e-01 6.577499661324577307e-01 7.419228525190162404e-01 7.114879214260841911e-01 7.616783940237746853e-01 7.633198232420568274e-01 7.526886109639788769e-01 7.485641672937093372e-01 7.616688724373881225e-01 7.745003808434364201e-01 7.759271774512783715e-01 7.550432103044066867e-01 7.602686545790906525e-01 7.553489468565746101e-01 7.535883954098187010e-01 7.625722080489847343e-01 7.603119847579512536e-01 7.788370078884623293e-01 7.573739484296104774e-01 7.373287498429914599e-01 7.389561570855396333e-01 7.404695424244109869e-01 7.331140871780990054e-01 7.585134384600794588e-01 7.602426437061590159e-01 7.570717733210401423e-01 7.454044393555955272e-01 7.664730934451877697e-01 7.558821749433286552e-01 7.695037841987991678e-01 7.639277209101799082e-01 7.355341494443048411e-01 7.397273412392985081e-01 7.512845911982080072e-01 7.377507155046347798e-01 7.339307822424694372e-01 7.371612553756347053e-01 7.526238040342211333e-01 7.499305674051437443e-01 7.227964094390645355e-01 7.392647104785793344e-01 7.473563226644976965e-01 7.477796507426884842e-01 7.427472314853330593e-01 7.312225293229467349e-01 7.464455739520706734e-01 7.406537242196357118e-01 7.458175778402028611e-01 7.561561942866049657e-01 7.588646444628190935e-01 7.332834897105473537e-01 7.638482794522887254e-01 7.516289252538527199e-01 7.591436300787900437e-01 7.707133364322861224e-01 7.647662466669005177e-01 7.552582501204712084e-01 7.606126784876354741e-01 7.660876944694779977e-01 7.611861388383162064e-01 7.608611330955039609e-01 7.570087953352654386e-01 7.563460706208762208e-01 7.864546951204820502e-01 7.527774467618608689e-01 7.689527173689614248e-01 7.774237636362294479e-01 7.728429003805828978e-01 7.717399083147215011e-01 7.604317371683551041e-01 7.721729815541840125e-01 7.690759396253399327e-01 7.712877576418016856e-01 7.616837613415164965e-01 7.526858192950455217e-01 7.596309388734042711e-01 7.658592934947666686e-01 7.725455942664025688e-01 7.535940402161743767e-01 7.696577424879585960e-01 7.647449590023955857e-01 7.483344276586469945e-01 7.483224450602213862e-01
1.261107792685789708e-01 2.083997118919553027e-01 3.636642082396328579e-01 5.554505635495050608e-01 4.140712772270345732e-01 5.271562561384178780e-01 7.030350031349607010e-01 6.605954074114370744e-01 1.000000000000000000e+00 7.520505240604380415e-01 7.793768697413522295e-01 8.202767082216749772e-01 7.575784489302854752e-01 6.649982913657893624e-01 8.246533606309105480e-01 8.146542649991601603e-01 7.641406549613203314e-01 6.688537610703843006e-01 6.776791319560496740e-01 6.038696377272135818e-01 6.454436205012092920e-01 6.984983542309559645e-01 6.587907656074641904e-01 6.186356823536400817e-01 6.614183659636407864e-01 8.140762390785170055e-01 8.047211460925628446e-01 7.940056240867126025e-01 7.880953844715865575e-01 8.242070072142059223e-01 8.559344717102436162e-01 7.704158325195813450e-01 7.423163531310259522e-01 7.770952584348242986e-01 7.894638011453565252e-01 7.968982166348763663e-01 8.168830471970026652e-01 8.386722532173492839e-01 8.291116858525217070e-01 7.746070735923240580e-01 8.449266451444610304e-01 8.280547587384351482e-01 8.220254468468685127e-01 8.509909475256075551e-01 8.369355820404084101e-01 8.263467051119059992e-01 8.617828168759757990e-01 8.757630980947164190e-01 8.580956080171496803e-01 8.353572559423597665e-01 8.520581094862900162e-01 8.134129576592415978e-01 8.536081466260321271e-01 8.767847507447721345e-01 8.595283334484152826e-01 8.443875423412173786e-01 8.647311051312905894e-01 8.618954134383397525e-01 8.615920412374123982e-01 8.692378175126808104e-01 8.656833688703936547e-01 8.682167710596819798e-01 8.678025217019236237e-01 8.699424345965710570e-01 8.700036881433341751e-01 8.764528072496170497e-01 8.608341853617069717e-01 8.501757892595167565e-01 8.431084279675854498e-01 8.512441706161054666e-01 8.556829930510494453e-01 8.563588161241636465e-01 8.254530794741040678e-01 8.370047529917039597e-01 8.625287236780896372e-01 8.633767810960033540e-01 8.534639751206499758e-01 8.589757939836942802e-01 8.541794069397433686e-01 8.718700160782084652e-01 8.633409449535635050e-01 8.689500390817918030e-01 8.505404835333906233e-01 8.578894268623665775e-01 8.533643336737640750e-01 8.446124775620004188e-01 8.528126700145366446e-01 8.563319349436021577e-01 8.565186327512804842e-01 8.525918115244395246e-01 8.405873062972606391e-01 8.528547480543727799e-01 8.534679212292545225e-01 8.527014122549049224e-01 8.648731782393556111e-01 8.672123120285274434e-01 8.333543021890714719e-01 8.606958333621190782e-01 8.613210671687483444e-01 8.544792569264709758e-01 8.528516686194616003e-01 8.681417606866135284e-01 8.632419857506722360e-01 8.588003939305438594e-01 8.589294076373723552e-01 8.628483991098635508e-01 8.679142922624474288e-01 8.693172756346312369e-01 8.670831270281385006e-01 8.669904991002167494e-01 8.593415210682655569e-01 8.683723829951113249e-01 8.654712103693495973e-01 8.707349732249084484e-01 8.698631855602177998e-01 8.757644393740373623e-01
5.425334260589594754e-02 2.034444060546267696e-01 3.074415233789887236e-01 4.926481769675872813e-01 3.802617989979475976e-01 4.608175506728380277e-01 6.798397007812249093e-01 6.192585076469875327e-01 7.520505240604380415e-01 1.000000000000000000e+00 7.299148628951648288e-01 7.598969213344737295e-01 6.939669775483323644e-01 6.252465924540280273e-01 7.703981602076321877e-01 7.561408923996739695e-01 7.016392506239926830e-01 5.937575514075539296e-01 6.256951124190165414e-01 5.310331093732261198e-01 5.555804169784900326e-01 6.241616532565842368e-01 6.213010526796188815e-01 5.712236891170757724e-01 6.031720038662615746e-01 7.519013599100012879e-01 7.291784002433363554e-01 7.286965065805156572e-01 7.217575429016408473e-01 7.566408011360453711e-01 7.928519213433415924e-01 7.297148843836528398e-01 6.909998853438648059e-01 7.314042726883427381e-01 7.189084955420930179e-01 7.353119166800838880e-01 7.529829523806292890e-01 7.796944207217818557e-01 7.752311640994968833e-01 7.252597647916614321e-01 7.940556840085050139e-01 7.727645261436977275e-01 7.617144215094162618e-01 7.901510572950916078e-01 7.841674745599177543e-01 7.746471952235653990e-01 8.066247494812270880e-01 8.203608488205805793e-01 8.034463101352524728e-01 7.730327311662912315e-01 7.883606293963056899e-01 7.450227543542146114e-01 7.850010320627440752e-01 8.126623518524391798e-01 7.996315590687340658e-01 7.950629803128671513e-01 7.904504684477874354e-01 8.025544410498031134e-01 7.970441225714249844e-01 8.102532609690977772e-01 8.043394563550332332e-01 8.060592181115548982e-01 8.023918818883526427e-01 8.043310642079616324e-01 8.010831701696520257e-01 8.130063442283411712e-01 8.096553493814638847e-01 7.927874394413543246e-01 7.934905110313338339e-01 7.852604477246508674e-01 7.915327600924462192e-01 7.959227553135349575e-01 7.737674109056735805e-01 7.822942698457056032e-01 8.088888472396028595e-01 8.076982136859787165e-01 7.965889710369268295e-01 7.994426275483392796e-01 8.026847809778793197e-01 8.148011463368198815e-01 8.105936185734283761e-01 8.141522112393964061e-01 8.026552520714340666e-01 8.008497334615463092e-01 8.012536715296106893e-01 7.960324252701700409e-01 8.029631899213159896e-01 8.060741035502684282e-01 8.073938170673006232e-01 8.056622457064896992e-01 7.956649433165600138e-01 8.013560147649192444e-01 8.048429679811744952e-01 8.023525774033253288e-01 8.138480210281617833e-01 8.160016381688096621e-01 7.854550420944288458e-01 7.973977951936979114e-01 8.082064133737567602e-01 8.027391758327065974e-01 8.018049942103707695e-01 8.107547785447366540e-01 8.071498237494728611e-01 8.064488436983646702e-01 8.054471597011634287e-01 8.023796761168722202e-01 8.113050200410741875e-01 8.172368978882839086e-01 8.140905948940434511e-01 8.126778790750827097e-01 8.089734056307221755e-01 8.133521461933835850e-01 8.117191044408109679e-01 8.134799344418023326e-01 8.115354119084082773e-01 8.161976126847533264e-01
2.661786784855338373e-02 1.675074965839914720e-01 3.882892410752152856e-01 6.031157726659663876e-01 4.303337859093311901e-01 5.181521358117275877e-01 7.606038133239338972e-01 7.113871732101365586e-01 7.793768697413522295e-01 7.299148628951648288e-01 1.000000000000000000e+00 8.656914836475754216e-01 7.837501392633878794e-01 6.906818348943501995e-01 8.714362480801760569e-01 8.571228774494764613e-01 7.599904741159707600e-01 6.638932004612776439e-01 6.911795863309374566e-01 5.962994449247956963e-01 6.269635197145413397e-01 7.109185206354786679e-01 6.989312743893300039e-01 6.509292466882592443e-01 6.853381267422644640e-01 8.177469901740610503e-01 8.229692615420379775e-01 8.294008279175956178e-01 7.958971141420572160e-01 8.207714540160226946e-01 8.802192356081779412e-01 8.102530259086518916e-01 7.668899324033338072e-01 8.154694899557834997e-01 7.908424696826327205e-01 8.320939563377230952e-01 8.548653096392208051e-01 8.761129966586646001e-01 8.778604430445102746e-01 8.350611338562223818e-01 8.801962294870432357e-01 8.787481131023440195e-01 8.732530734366128478e-01 8.950797794285458853e-01 8.822473609625135493e-01 8.772725537886610914e-01 8.905694429075107221e-01 8.884213791489603551e-01 8.832112843738960661e-01 8.640975668985385605e-01 8.870350918191327594e-01 8.446165697215939350e-01 8.628482091487829075e-01 8.722694768432528445e-01 8.602569337751864165e-01 8.646217905950835947e-01 8.585853312394978731e-01 8.788202702813131539e-01 8.754749846600426988e-01 8.848548793655636180e-01 8.911827989924160365e-01 8.813062878654712717e-01 8.837507964000097527e-01 8.886672607038759164e-01 8.779316013130441521e-01 8.771074389310301589e-01 8.891697599563336274e-01 8.806051104128989060e-01 8.763122306413346774e-01 8.690521862796630748e-01 8.811864855923463580e-01 8.839491082085531026e-01 8.623765281941764282e-01 8.732897986208565388e-01 8.913684677672163437e-01 8.901836000593206233e-01 8.848547306415450731e-01 8.736939842104890497e-01 8.885878333665405693e-01 8.878435650163084558e-01 8.903725619022332394e-01 8.974632972300559119e-01 8.815128994589408462e-01 8.776616008505768729e-01 8.906649417317278328e-01 8.833185059151339447e-01 8.922827735245785208e-01 8.950037549162607187e-01 8.961276045903874277e-01 8.819242687267705438e-01 8.902383091648046198e-01 8.942581196259183907e-01 8.969039552178645902e-01 8.946882149749092461e-01 8.948817239591578820e-01 8.931364884335485366e-01 8.785631400156195259e-01 8.688213826562435349e-01 8.940416174542111793e-01 8.960496567996383277e-01 8.941076212132564871e-01 8.939988543996616466e-01 8.873341879648344310e-01 8.954292590446577549e-01 8.918768540364238051e-01 8.799947462465296244e-01 8.865975812141048129e-01 8.885313890331628661e-01 8.876974659870395801e-01 8.931094855990886483e-01 8.909860976626315932e-01 8.915337294909222443e-01 8.947352653465980854e-01 8.946512792430481031e-01 8.913863871009449769e-01 8.863029768934174157e-01
2.426987528092992494e-02 1.635483188479691652e-01 3.671516383520826987e-01 6.217759376654022896e-01 4.658113216709696136e-01 5.588242350896666100e-01 7.926813586109161536e-01 7.437333672858685851e-01 8.202767082216749772e-01 7.598969213344737295e-01 8.656914836475754216e-01 1.000000000000000000e+00 8.196240361562390220e-01 7.349701355628611710e-01 9.098318383008321408e-01 8.949756801323518474e-01 7.838506083415861525e-01 6.605688239001190620e-01 6.890782056337390049e-01 6.102616840188571645e-01 6.320785205503248738e-01 7.087580021959063448e-01 7.017871531113456518e-01 6.454080805807644872e-01 6.826028337470617657e-01 8.332309615683700654e-01 8.432491596527202926e-01 8.522393459611574684e-01 8.245356528310074928e-01 8.402347916106253090e-01 9.056917802890720459e-01 8.286227777327687116e-01 7.891707679289825528e-01 8.370994018665943726e-01 8.091631543801099946e-01 8.635260112365542584e-01 8.707719372107447509e-01 9.065541495749181999e-01 9.136383189038710384e-01 8.652240719506814060e-01 9.131634980266494228e-01 9.147572803036767564e-01 9.140730108673699172e-01 9.337145590009632290e-01 9.136057367044368993e-01 9.143266824457508823e-01 9.284603059507745559e-01 9.271678648022212421e-01 9.205371993418640653e-01 8.952917246598619538e-01 9.203957348425175766e-01 8.819043382657119068e-01 9.062475955613930045e-01 9.141262855482336080e-01 8.967007096243142517e-01 8.921886981353666091e-01 9.030901405005661298e-01 9.222274883688611480e-01 9.130637256663652890e-01 9.313534308527476879e-01 9.340586817476507209e-01 9.270546500193238559e-01 9.275033025321078872e-01 9.305910430792785348e-01 9.174694961055407383e-01 9.220294216104489848e-01 9.267870589581166385e-01 9.084184027885358059e-01 9.047571961993911005e-01 9.019197227224514668e-01 9.099367052915949827e-01 9.141959331988118720e-01 8.879533668598224017e-01 9.013899435970779139e-01 9.251321855108495251e-01 9.241689453301367152e-01 9.179441280747916432e-01 9.098457543178292140e-01 9.214982191619740526e-01 9.218832478754053206e-01 9.241362074347474476e-01 9.334573698161396926e-01 9.142400815114448687e-01 9.100791320120975580e-01 9.213470006903912157e-01 9.147471917547923548e-01 9.279240910159848310e-01 9.300738756322011191e-01 9.341644170156920834e-01 9.150391129716729521e-01 9.224339457689365585e-01 9.311317012578511632e-01 9.333119856661804548e-01 9.330564420136208126e-01 9.341756494155651902e-01 9.342535027156716465e-01 9.143786858282626495e-01 9.048667268435501843e-01 9.327809954076302645e-01 9.304901439371893179e-01 9.343209876432295724e-01 9.338797743763008752e-01 9.290830997724213169e-01 9.361689836977123980e-01 9.315253089910693340e-01 9.213341340180959405e-01 9.262449185924870321e-01 9.291406093831205970e-01 9.262003352950457513e-01 9.336616544762234016e-01 9.315498900474770139e-01 9.346930290983999079e-01 9.354812732797738173e-01 9.356921490549563458e-01 9.299738130116838031e-01 9.283885717071665988e-01
1.787282277269234762e-02 1.290508794926386038e-01 3.415337705035766946e-01 5.538447749353877514e-01 4.517790740513273340e-01 5.088063520443190102e-01 7.363198164048949668e-01 6.822123277582721190e-01 7.575784489302854752e-01 6.939669775483323644e-01 7.837501392633878794e-01 8.196240361562390220e-01 1.000000000000000000e+00 6.603819861974754568e-01 8.363573816281006934e-01 8.264615000717495663e-01 7.270829477283182740e-01 5.966525251447432066e-01 6.368967306516015725e-01 5.376023795731071919e-01 5.629980592401410133e-01 6.489032771850361536e-01 6.287782266368755479e-01 5.964297824380767610e-01 6.373521099191409300e-01 7.679314076622533181e-01 7.635811943262270640e-01 7.730095542097543682e-01 7.433952012789346586e-01 7.564278107081090496e-01 8.220166414331860905e-01 7.498091379155210623e-01 7.015593639451578323e-01 7.558337127738226080e-01 7.206696785094985902e-01 7.877063976232551168e-01 7.952979470109491356e-01 8.233428255348054225e-01 8.386858513989651209e-01 7.913650528320876898e-01 8.479943658718369637e-01 8.493346195304372070e-01 8.442037592686346681e-01 8.591936629960778005e-01 8.426271446714007629e-01 8.434596831279742579e-01 8.578018127630306910e-01 8.535487637696393959e-01 8.403207566709223197e-01 8.144903600114770104e-01 8.383469819684317148e-01 8.264843161244891379e-01 8.403797444105750580e-01 8.340695034659107998e-01 8.161210424996127033e-01 8.159900238630197755e-01 8.157588535532016571e-01 8.514489440415423660e-01 8.299891889275810009e-01 8.614097030838595570e-01 8.599039171302070850e-01 8.498126896947441056e-01 8.451564706396568205e-01 8.510893742285856600e-01 8.493505330781065954e-01 8.426205114675089369e-01 8.579212776536526697e-01 8.398870270663991722e-01 8.299050129540253007e-01 8.270399110849582236e-01 8.395528711813513567e-01 8.461916280676697877e-01 8.204890108122663284e-01 8.391134113373094339e-01 8.560468996260267582e-01 8.555759645717543327e-01 8.474934958514552807e-01 8.335076462402241093e-01 8.485881848793177529e-01 8.465560846779809356e-01 8.494872936219314274e-01 8.592010362499198362e-01 8.373598584742544260e-01 8.273345600567287850e-01 8.453133090709161745e-01 8.366984544171547356e-01 8.547594967235022656e-01 8.548237552811976947e-01 8.607447900147262576e-01 8.431710262103869757e-01 8.502895721992228539e-01 8.651716217181706359e-01 8.667673559164758013e-01 8.642381925011829447e-01 8.632825515664060978e-01 8.634289586899132063e-01 8.454138513403907096e-01 8.302725138550802741e-01 8.636749767460013549e-01 8.599182612801085090e-01 8.679905152763052190e-01 8.599548328661100749e-01 8.609018714607353795e-01 8.687383690601276909e-01 8.651608964793068290e-01 8.436253652947149906e-01 8.530048829365993734e-01 8.596017684494241529e-01 8.559413581668056104e-01 8.634562017397880984e-01 8.616586089116421432e-01 8.652291466794130859e-01 8.635904186023416473e-01 8.643185251823971571e-01 8.628313778660053890e-01 8.553120986983454577e-01
