1.000000000000000000e+00 1.589112099763533570e-01 9.326021310793779218e-02 -7.468105898188258374e-02 4.702057875223993738e-02 -7.537458930761915810e-02 -2.832168764066558125e-02 1.534018289522124517e-02 1.877812465747603632e-01 7.893827358455253462e-02 5.205661208638977244e-02 -2.252752897268818499e-02 3.173938604088245852e-02 4.472806703807089175e-03 -4.178140979134031992e-03 3.365450976119101906e-02 1.451604288718195412e-01 3.448970052302243738e-01 2.262729496917611216e-01 1.937233368634929120e-01 1.948281388288636840e-01 1.212872270709051126e-01 2.382797324321476451e-01 2.747358267115390107e-01 2.203650897596628466e-01 1.781279041706106403e-01 1.188793598924738210e-01 1.161669562206260331e-01 1.529811122555982672e-01 1.564955819815962990e-01 1.078914181797002991e-01 1.652714331232017497e-01 1.163051542622649120e-01 1.352295753194200922e-01 1.365783574037197912e-01 6.990118989292221086e-02 9.457489853351828957e-02 3.387277234785807806e-02 6.397938439229169938e-02 2.766029208852814961e-02 2.773966441352158571e-02 7.928964030269838870e-03 1.706719804447364396e-03 3.649373299477617905e-02 4.781589690558065570e-02 5.482553361849718671e-02 3.291794732606568435e-02 4.030130942356092982e-02 3.777557800175906921e-02 4.571108816300881172e-02 3.049853432091614858e-02 3.772319644441454040e-02 2.277187259311071882e-02 9.419766659307923784e-02 9.276331338288526518e-02 1.032854006648616652e-01 1.108808878507833717e-01 2.167921652114058323e-02 4.467295656330037834e-02 5.068081958678740534e-02 3.101760249804269565e-02 5.934028490919184690e-02 6.574142578318908914e-02 4.862512255242146253e-02 8.291206049977627168e-02 9.632150678199069560e-02 4.241721505816190008e-02 1.110980521273298577e-01 1.074866676060062948e-01 9.375561284814193375e-02 7.535850850927325317e-02 6.277459473454703731e-02 1.177673875462147968e-01 1.079858897677248991e-01 6.665751264631498973e-02 6.167397002763983643e-02 5.607413431341892740e-02 9.086341454102933590e-02 6.135084819834575598e-02 7.432453665994305514e-02 7.000118117966390441e-02 4.484258087764081413e-02 8.317237277548229779e-02 8.369749917367737269e-02 4.361576197870731947e-02 6.800498503490995383e-02 3.287320754707286075e-02 3.816850171968523553e-02 3.049917827383887697e-02 6.578498170186208860e-02 3.299167787576837152e-02 1.018219196775119011e-02 2.231534291738379583e-02 1.323329097652404564e-02 7.773757168336277272e-03 1.924045612272367450e-02 -8.564519453232911526e-04 5.488967911984128645e-02 2.224585954364818874e-02 2.009918317176978900e-02 -3.606875559087130596e-03 2.891561580480572075e-02 8.873640046678007293e-03 3.753794256964735482e-03 1.991124620067622961e-02 6.278324726245536336e-02 2.401388435836446580e-02 4.508435206925762856e-02 4.482155843584856303e-02 2.391012740486050253e-02 2.628992276944910889e-02 1.796258515479078402e-02 2.593355463490781485e-02 2.644976360205125721e-02 4.598286226558355450e-02 4.367135531023454142e-02
1.589112099763533570e-01 1.000000000000000000e+00 5.390645697593792612e-02 1.757710327652945229e-02 8.005344386900854758e-02 6.117360737851067209e-02 1.233671590142075003e-01 1.148633064378399155e-01 1.720615595406801979e-01 1.963004699011881293e-01 1.261898105682671134e-01 1.043422817377113870e-01 1.350398236874005564e-01 1.039327990229891308e-01 1.334562283012038775e-01 1.426860649068211750e-01 1.618305275387672826e-01 1.897558008384451489e-01 1.403034899096734234e-01 1.308618344468484851e-01 1.098754577632876650e-01 1.044861616385341085e-01 2.084448320168099666e-01 1.610575932226036289e-01 1.566227342435208836e-01 2.003416665851404654e-01 1.670561730304036818e-01 1.820079166939177207e-01 1.903471821219623050e-01 1.929144546978910080e-01 1.828029323017544561e-01 1.918554499223408816e-01 1.763335643458864288e-01 1.575431686401024822e-01 1.736708959877891756e-01 1.294716954126529096e-01 1.647773191526105685e-01 1.746298448537287884e-01 1.659780437601569569e-01 1.546347689762854749e-01 1.532248806904762117e-01 1.499968022872558149e-01 1.365628716415736021e-01 1.436577668413781539e-01 1.418712559179761690e-01 1.697175822190881700e-01 1.562276126869702464e-01 1.590869628754173759e-01 1.501004399279130819e-01 1.396030779010137002e-01 1.587117257409492443e-01 1.259158398078163710e-01 1.357411941384817911e-01 1.763645332033597635e-01 1.759842704138465386e-01 1.872197190935415145e-01 1.650665398143346951e-01 1.574949219278471424e-01 1.637488061969299968e-01 1.520921168965825021e-01 1.522922697399015923e-01 1.616992415081323908e-01 1.649677123996998174e-01 1.586542229461485320e-01 1.539367702368933388e-01 1.694449677670216425e-01 1.604742103447144297e-01 1.779719140992456761e-01 1.780009138435679483e-01 1.560989106820861727e-01 1.362959263581929870e-01 1.507874028014171697e-01 1.726090602445006505e-01 1.643940870007006561e-01 1.687856329519501208e-01 1.642175400499178706e-01 1.666265809916634422e-01 1.731783028645719757e-01 1.643352095131656587e-01 1.769559575616713731e-01 1.703953492966289174e-01 1.626007425317152200e-01 1.737117867737809351e-01 1.781504255014400850e-01 1.516836187212333154e-01 1.594363337283427606e-01 1.542244189883543171e-01 1.741620260026358613e-01 1.618386461260561127e-01 1.742205418495117730e-01 1.593618850888995075e-01 1.499041562282123485e-01 1.514789252614342496e-01 1.492728628519976730e-01 1.490754953838172303e-01 1.554495497416348571e-01 1.349635479159068674e-01 1.531796829642410596e-01 1.525986354749208074e-01 1.573010442990208091e-01 1.427331579659428251e-01 1.608590511730562944e-01 1.404406583171895762e-01 1.429753297947682911e-01 1.419067938546741958e-01 1.598137455600565360e-01 1.526037602580327668e-01 1.638153221311597629e-01 1.678227917566275651e-01 1.551387984249847640e-01 1.619090698759180491e-01 1.505809715325860387e-01 1.611825124383449992e-01 1.537440995149658152e-01 1.523786595535040200e-01 1.546018404115365452e-01
9.326021310793779218e-02 5.390645697593792612e-02 1.000000000000000000e+00 3.176930068044270805e-01 2.121831639627279609e-01 2.169563798023390055e-01 3.111895559899588992e-01 3.133957074971391310e-01 3.304603121838707858e-01 3.010118683890440905e-01 3.764888620598371149e-01 3.627856118688275178e-01 3.135161779072423993e-01 3.192459836795371597e-01 3.542700978361678077e-01 3.512191338686031505e-01 3.403930931348831956e-01 3.456811111827857164e-01 3.748617471832372816e-01 3.457612197813706989e-01 4.167182076362167531e-01 4.048190144114907629e-01 3.407293168073637912e-01 3.820002178659372416e-01 3.918004895834498735e-01 3.827459217750404652e-01 3.941095162271666119e-01 3.774408485277335190e-01 3.684821324491778238e-01 3.846810576775415713e-01 3.929740137677670275e-01 3.946405090739236732e-01 3.680591514019726507e-01 4.119673254159149645e-01 3.733193949664241895e-01 4.022392734862648145e-01 3.928178144678141637e-01 3.583656665881518322e-01 3.892083999106385472e-01 3.839307712163799735e-01 3.653309946423579091e-01 3.599276362482045077e-01 3.695052139328849905e-01 3.814547369574903812e-01 3.929967289325793089e-01 3.802845046715189192e-01 3.563808714257329369e-01 3.567045181214219540e-01 3.605716511881680297e-01 3.948902217743976983e-01 3.713080724222734830e-01 4.006483644638516584e-01 3.784377201245165412e-01 3.576067318744081125e-01 3.652647563749619186e-01 3.784740329216560450e-01 3.660846950375912234e-01 3.570663662283090067e-01 3.527117274592086460e-01 3.595951807314125004e-01 3.682720644469508198e-01 3.522601005685456754e-01 3.574212249912814277e-01 3.596198419391140044e-01 3.652175878659846830e-01 3.697217159881784898e-01 3.552228999188826175e-01 3.828198462327884743e-01 3.763752130868063817e-01 3.977350488978185217e-01 4.092463801365741616e-01 3.853184835153801724e-01 3.863966002281016832e-01 3.875477560419239298e-01 3.783237943396894898e-01 3.757479862996295772e-01 3.664587104964166508e-01 3.772844375583419563e-01 3.692800469424731280e-01 3.692718125749595570e-01 3.698096062236234105e-01 3.769288130193542696e-01 3.714120499472753356e-01 3.667085256587673814e-01 3.796953755937158004e-01 3.862372403046974156e-01 3.812397453043643303e-01 3.673243130226651609e-01 3.700261514205842595e-01 3.750431997444116927e-01 3.764588215278760752e-01 3.625910495904821063e-01 3.678682713987344588e-01 3.639357359522646940e-01 3.546132750469814798e-01 3.515454515214953557e-01 3.727306308796881074e-01 3.764843995914722852e-01 3.642815083984282665e-01 3.654768037173738993e-01 3.644848379289141738e-01 3.665792957179017653e-01 3.550683207554445886e-01 3.585508285663436823e-01 3.797559947283797310e-01 3.680306352140787496e-01 3.559295412978207840e-01 3.578218356210652873e-01 3.570483400104071947e-01 3.553287843996110751e-01 3.623968441750081704e-01 3.549976955760649200e-01 3.518414752381568422e-01 3.593609987798735417e-01 3.600836755741186890e-01 3.648879246118137964e-01
-7.468105898188258374e-02 1.757710327652945229e-02 3.176930068044270805e-01 1.000000000000000000e+00 3.356771188069476719e-01 3.326602492266218514e-01 5.023990560128518412e-01 5.365921139139160356e-01 4.086473299489168931e-01 4.267939923463005547e-01 5.353382210890155202e-01 6.252317313749633509e-01 4.773603871028435086e-01 4.705476351880232277e-01 5.782331646087358612e-01 5.619653636492801807e-01 4.502676729987469817e-01 2.349397588606262910e-01 3.521022538166834748e-01 3.405058799737523678e-01 4.791698099057292159e-01 5.304796000605532802e-01 3.146035633989338609e-01 3.224940505459323870e-01 3.757233022146251322e-01 4.798333391803358827e-01 4.977952681436701443e-01 4.938302127156299348e-01 4.798964212343125868e-01 4.679231040838893185e-01 4.975814500715790012e-01 4.435877439832157654e-01 4.518062487041208386e-01 4.622643768207029824e-01 4.610475837229471852e-01 5.406502736221376892e-01 4.931553624793234003e-01 5.116176175797149117e-01 5.417969491250921310e-01 5.531350561618143535e-01 5.266504532780936776e-01 5.498570525066006631e-01 5.752485869921264428e-01 5.568275995947081780e-01 5.656313261777948798e-01 5.404785627465119591e-01 5.314807086311742479e-01 5.263629538109905193e-01 5.224560128379642787e-01 5.413572640459940466e-01 5.376110355930692197e-01 5.851738332565717959e-01 5.586927764670802654e-01 4.968684690964472184e-01 4.906311357441961452e-01 4.942749097581636830e-01 5.227808541742960946e-01 5.431184711972961709e-01 5.253036412394462840e-01 5.466165295766323151e-01 5.441971857886723773e-01 5.281041584429158053e-01 5.108780084393376164e-01 5.457644291171158679e-01 5.197961950121264829e-01 5.291845678529397690e-01 5.222661846716624146e-01 4.804079587322458433e-01 4.868552122919712621e-01 5.415803885622398894e-01 5.607418956062327764e-01 5.344722472961158655e-01 4.919211307827584534e-01 4.952590956048855686e-01 5.285527292687118850e-01 5.286880181542116253e-01 5.173704614259749812e-01 5.109068128540905640e-01 5.228253231364695663e-01 5.044765110365742045e-01 5.067684608409275260e-01 5.268820457699383564e-01 4.973894579009103811e-01 5.019570322991683264e-01 5.403017838352510704e-01 5.233436067463274055e-01 5.374824163554502432e-01 5.247394746664939547e-01 5.332285729796089058e-01 5.098789378818173734e-01 5.450519783926390804e-01 5.421773093512900488e-01 5.491419978978644423e-01 5.442245481616142522e-01 5.377917728838198519e-01 5.217297305843807687e-01 5.793793974353838028e-01 5.572169354752090076e-01 5.389804537779653293e-01 5.374548434783740225e-01 5.599169375958955586e-01 5.405655291639556159e-01 5.491366736876999166e-01 5.557983150160022978e-01 5.664625719426860107e-01 5.355496899160089308e-01 5.362181519818220998e-01 5.112434612491423280e-01 5.138631917042775221e-01 5.368588947345234175e-01 5.373653420678213832e-01 5.468929762288845531e-01 5.380512221377011794e-01 5.407654552834227912e-01 5.292878482165905840e-01 5.519801868136237077e-01
4.702057875223993738e-02 8.005344386900854758e-02 2.121831639627279609e-01 3.356771188069476719e-01 1.000000000000000000e+00 2.579045838655028566e-01 4.407028653455787870e-01 4.683630305783386127e-01 4.056994583769074625e-01 4.160775107766619407e-01 4.398320221996910306e-01 4.644057693918623997e-01 4.520660415043519786e-01 4.031695863720175521e-01 4.899695404892319139e-01 4.766730192365172258e-01 4.324019707606998608e-01 3.437225400833183730e-01 3.702079760171055334e-01 3.559421219491117339e-01 3.821434003244764122e-01 4.130483279515106410e-01 3.830387309445282829e-01 3.695553732072173192e-01 3.780348143757206181e-01 4.693302996231537016e-01 4.576703827231981547e-01 4.698414474337441193e-01 4.566119236670443948e-01 4.439485968756252676e-01 4.686369943550659500e-01 4.522827009823036648e-01 4.373224723694441041e-01 4.405811834301463503e-01 4.424557450168925543e-01 4.700572484632714598e-01 4.392904264186564545e-01 4.789688194243435504e-01 4.860986918126041223e-01 4.855467293757758096e-01 4.765391390900711732e-01 4.853928561351103510e-01 5.014177171776625919e-01 4.896794594083952457e-01 4.858662506028986194e-01 4.870213981411996573e-01 4.703461656844987182e-01 4.759504463838128974e-01 4.711518855675766448e-01 4.843139973448518654e-01 4.904470194243020775e-01 4.823808571589697780e-01 4.704684878318275976e-01 4.627614667380592350e-01 4.643563992713409805e-01 4.672114235482039413e-01 4.661042233508762567e-01 4.767973444041696540e-01 4.761939821889412672e-01 4.745918205909580023e-01 4.813732798563190585e-01 4.725878446629516172e-01 4.674266946427663716e-01 4.813796176686549466e-01 4.670615590335430167e-01 4.657202989694563255e-01 4.717963915228862715e-01 4.689492759430544111e-01 4.704956071220111058e-01 4.833858536518696458e-01 4.767611399128994232e-01 4.730499540139649350e-01 4.719507447332636496e-01 4.651066951858309206e-01 4.813706015621957435e-01 4.806746782234857518e-01 4.726700440196104358e-01 4.734232057203373589e-01 4.717338163075619484e-01 4.674779491632924944e-01 4.679677409299722313e-01 4.758320930425382622e-01 4.697470943560374534e-01 4.687434808573106571e-01 4.773523624460889736e-01 4.740815589460181112e-01 4.714800914340355753e-01 4.786331715903199280e-01 4.755997408611741251e-01 4.750467842869872670e-01 4.843858525504002865e-01 4.786592351949243707e-01 4.795981845164359325e-01 4.807269749312479412e-01 4.731456121072336596e-01 4.710904416212440271e-01 4.919933731856885872e-01 4.837211207621341380e-01 4.746463944969001592e-01 4.814144553194310006e-01 4.867509052937932790e-01 4.792585873663056661e-01 4.745241185873124712e-01 4.842019688566199243e-01 4.844522322777824463e-01 4.734404696471112284e-01 4.737703282644227798e-01 4.724363773095003882e-01 4.744532501495163923e-01 4.760378515973512359e-01 4.765924847370894835e-01 4.726822779747001380e-01 4.747963558412071627e-01 4.767694171172701112e-01 4.711668758299184523e-01 4.762870381692171917e-01
-7.537458930761915810e-02 6.117360737851067209e-02 2.169563798023390055e-01 3.326602492266218514e-01 2.579045838655028566e-01 1.000000000000000000e+00 4.784049124758663063e-01 3.937574548551602271e-01 4.852598284627583913e-01 4.184451866705971024e-01 5.212789295698297964e-01 5.443044980866046378e-01 4.841335193383319302e-01 5.172479934024296622e-01 5.405764809665932757e-01 5.188574732088579999e-01 4.807846769742092907e-01 2.987403493501681329e-01 4.147826105191098067e-01 3.140204255769257768e-01 3.516552414623442813e-01 4.505801170708010894e-01 3.931773157976085065e-01 3.755153051449025559e-01 4.099174722398383208e-01 4.762914205237286924e-01 5.320088299102782026e-01 5.305544327574567287e-01 4.815047032307692709e-01 4.866144187480671568e-01 5.269842084884085454e-01 5.076155519500326063e-01 5.081057761743044132e-01 5.012336637532730510e-01 4.941356491869485779e-01 5.154513164964701355e-01 5.220906363442708864e-01 5.472926066753392993e-01 5.483881167470198159e-01 5.232989673913318596e-01 5.746721059375147211e-01 5.677382561278637718e-01 5.605229335151288295e-01 5.665178771959340498e-01 5.528762556453475918e-01 5.512761488703841195e-01 5.734641408343728042e-01 5.754368000451729470e-01 5.713061538782651105e-01 5.487895359493819569e-01 5.613803147825133788e-01 5.310206032581915592e-01 5.609366911470998751e-01 5.527467050957286521e-01 5.443424936683435300e-01 5.293637422693829864e-01 5.341115279603316779e-01 5.679968766690626225e-01 5.600957548110288009e-01 5.693514152673094797e-01 5.689604694293156628e-01 5.580837847104183069e-01 5.503432354935552384e-01 5.571009441642258420e-01 5.623536870924362718e-01 5.452544559385301692e-01 5.695802284241464619e-01 5.490560171245791876e-01 5.475440882069680937e-01 5.350344709689369704e-01 5.517920549804936625e-01 5.646139952515790705e-01 5.406631790266992477e-01 5.459568602211152255e-01 5.649405629654613570e-01 5.677882239623239791e-01 5.688421053133082550e-01 5.521199242513697980e-01 5.611717116318969412e-01 5.597456974964256649e-01 5.645931678931108699e-01 5.669968532025382313e-01 5.605493606991870381e-01 5.542569482277304171e-01 5.694492765488281538e-01 5.632860132820272092e-01 5.744790581360234016e-01 5.667910990413691508e-01 5.753166902500442825e-01 5.576164591123925485e-01 5.690290112017425406e-01 5.767622820806446171e-01 5.762719675695728849e-01 5.797764878498894436e-01 5.772112224372821787e-01 5.788832363137947912e-01 5.645226392789114422e-01 5.602443027731308645e-01 5.749750268735971392e-01 5.791721388752101296e-01 5.771430650264157691e-01 5.691064720662495358e-01 5.791957174888574533e-01 5.791837810820801291e-01 5.760269357256365685e-01 5.587654866864155689e-01 5.759871838247118125e-01 5.709630198174838744e-01 5.679993015578471693e-01 5.756161609513785749e-01 5.721724331259420149e-01 5.763951225156562774e-01 5.698328067806502917e-01 5.739299942793791853e-01 5.753278240657714315e-01 5.675367843289094161e-01
-2.832168764066558125e-02 1.233671590142075003e-01 3.111895559899588992e-01 5.023990560128518412e-01 4.407028653455787870e-01 4.784049124758663063e-01 1.000000000000000000e+00 6.710417547211556810e-01 6.729509326543503533e-01 6.337588437472060354e-01 7.174784786062696762e-01 7.710440475352229317e-01 6.990166731402304157e-01 6.932945252347352261e-01 8.232209629099513926e-01 7.807280237427437486e-01 6.587760523577065319e-01 4.063324454754587700e-01 5.302614121437166927e-01 4.580205954971230398e-01 4.953199397672037319e-01 6.073197381005079887e-01 5.401710370129598759e-01 4.926609228056266776e-01 5.376595331528849497e-01 7.071397843734447131e-01 7.300357276454301214e-01 7.409588327128796559e-01 6.882699348573935172e-01 6.891415899950308344e-01 7.288614675316389402e-01 7.031964806525159428e-01 6.905827758085639756e-01 6.845430693947620604e-01 6.898546925438556743e-01 7.025790659181756492e-01 7.026138999360979076e-01 7.818363322914211322e-01 7.786147758667765206e-01 7.540769563588198832e-01 7.885434543273168728e-01 7.945309868954152366e-01 7.960162342549429448e-01 7.974283743128877111e-01 7.675248049452554344e-01 7.829197834826935321e-01 7.889459330784793778e-01 7.880359820952674843e-01 7.921742727783904758e-01 7.733486089576749878e-01 7.917608095721576644e-01 7.503710738204725228e-01 7.842301736870976869e-01 7.651237474798670002e-01 7.617881037460876303e-01 7.537301160146402390e-01 7.644800388443778738e-01 7.901305452211971891e-01 7.889750075250154815e-01 7.932588905408524127e-01 7.992395270331266177e-01 7.861786957692058486e-01 7.817874883786175566e-01 7.979625431807207958e-01 7.690684710084285669e-01 7.667591311873659388e-01 7.864798279383161672e-01 7.489976409496679199e-01 7.548896230783628258e-01 7.461426400902315681e-01 7.519740521468000205e-01 7.697143853059688068e-01 7.425386326934801939e-01 7.393669584835323993e-01 7.863492835990166796e-01 7.821473469049708971e-01 7.820920044400915261e-01 7.624585668487944279e-01 7.840205170170925220e-01 7.693661731746045396e-01 7.702142546881928231e-01 7.831762949033300725e-01 7.683074846853189532e-01 7.691955278582720545e-01 7.878557678447299928e-01 7.710378043490132560e-01 7.756639814068857497e-01 7.930811714244704325e-01 7.944145017553561061e-01 7.729693520035845200e-01 7.912453750267766095e-01 8.018071410041811564e-01 7.934257843731854498e-01 8.022148579961710935e-01 7.985076416666202492e-01 7.967644661431259046e-01 7.975657042353576642e-01 7.868613866541833701e-01 7.975751707709120009e-01 7.980690040022924148e-01 8.077015227046385748e-01 7.964445978741847565e-01 7.926850753196186261e-01 8.049303717518133672e-01 7.940348247972798257e-01 7.818275989927133685e-01 7.968059849174724540e-01 7.878341339698027301e-01 7.875440174065270194e-01 7.982577807518101976e-01 7.956497065499636978e-01 8.017517612270977923e-01 7.969351681735098447e-01 7.993680849772317742e-01 7.863660855724632359e-01 7.900289062854292110e-01
1.534018289522124517e-02 1.148633064378399155e-01 3.133957074971391310e-01 5.365921139139160356e-01 4.683630305783386127e-01 3.937574548551602271e-01 6.710417547211556810e-01 1.000000000000000000e+00 6.186546245366332242e-01 6.047961983126370900e-01 6.629767604979762696e-01 7.313650451532404118e-01 6.414806810548328020e-01 6.172656900464305041e-01 7.498439656524511499e-01 7.485944507959597649e-01 6.372219533146097348e-01 4.337610052749151790e-01 5.298097887171461240e-01 4.854419105332611895e-01 5.432173065100174281e-01 6.157445220991503154e-01 5.375080915281582605e-01 5.029509550902279136e-01 5.361937558790896841e-01 6.765607904577970455e-01 6.761243159776205713e-01 6.896075383013756666e-01 6.612205737915736181e-01 6.546615418445906887e-01 6.740697238591777385e-01 6.697932037939604566e-01 6.500916159453871135e-01 6.585336970089631370e-01 6.624523422262530437e-01 6.771143200188510791e-01 6.646263837315167233e-01 7.182435137586684615e-01 7.279505169018962718e-01 7.147381512994092079e-01 7.081208648146568585e-01 7.306354348722514658e-01 7.370783389589833368e-01 7.371919448678464493e-01 7.210419234150400314e-01 7.275463165683808686e-01 7.180877989748501999e-01 7.192753710995934968e-01 7.185480038152077809e-01 7.214122226308742336e-01 7.337962796096498819e-01 7.157613062328758158e-01 7.216635055273281640e-01 7.071424314455025950e-01 6.987650075220602774e-01 6.970212096760042275e-01 7.172552884149639985e-01 7.252469186265434464e-01 7.238189908626418978e-01 7.330231034898420095e-01 7.326976398578981531e-01 7.243994626212969523e-01 7.184730120872858672e-01 7.378683073025318340e-01 7.117817131499700745e-01 7.141322193487045222e-01 7.207530929918078977e-01 6.945859591018881396e-01 6.998667016177598788e-01 7.134383930949096397e-01 7.153219818920647510e-01 7.146884171897900373e-01 6.969431195487801878e-01 6.868599669815782516e-01 7.204571075594881080e-01 7.139165670295125610e-01 7.137497055685986247e-01 7.034791830961872883e-01 7.123225055357194080e-01 7.003264535623158205e-01 7.031111403482166455e-01 7.127657755482480484e-01 7.053419079064645603e-01 7.112056730594348286e-01 7.268375174284731344e-01 7.157505652827315101e-01 7.118787555930904398e-01 7.272056174503446213e-01 7.235252588602812951e-01 7.101189888670788042e-01 7.270076775900098376e-01 7.263211464148449092e-01 7.250940198447193286e-01 7.277993228089958411e-01 7.255701545742311298e-01 7.165124254698513884e-01 7.405180710284128276e-01 7.339496143173317444e-01 7.267605007412020202e-01 7.273027266106537603e-01 7.342869284556383658e-01 7.301224891909240400e-01 7.220675945114333194e-01 7.353003965401971875e-01 7.338293285805024269e-01 7.185708339492777874e-01 7.240754557949999892e-01 7.125734845394602335e-01 7.135675906492178200e-01 7.252898854749224578e-01 7.261338092369806763e-01 7.277342979672908330e-01 7.291123808507183890e-01 7.301513258385667893e-01 7.192145505319824661e-01 7.291190726392166033e-01
1.877812465747603632e-01 1.720615595406801979e-01 3.304603121838707858e-01 4.086473299489168931e-01 4.056994583769074625e-01 4.852598284627583913e-01 6.729509326543503533e-01 6.186546245366332242e-01 1.000000000000000000e+00 7.250168479194031290e-01 7.726766874631244564e-01 7.667424277020867818e-01 7.419489437439755752e-01 7.317984988057963935e-01 8.052603690125075264e-01 8.001582530651067948e-01 7.785004547604680303e-01 6.501371691735770009e-01 7.036468008253794482e-01 5.994152932512629706e-01 6.244026137816711675e-01 7.048314700250284393e-01 7.348617119651980056e-01 7.018950523835693067e-01 7.222698857202092260e-01 8.353770665315348731e-01 8.363597400645346180e-01 8.364772457616806989e-01 8.174514407317893250e-01 8.305450861791908723e-01 8.434552768609476781e-01 8.422684750221126615e-01 8.056042419167663837e-01 8.040884598323481125e-01 8.101529489519702087e-01 7.815337271601860980e-01 8.166668304983927262e-01 8.354167328122303893e-01 8.435300775807117457e-01 7.892095819868588658e-01 8.492101261047259042e-01 8.396630139376597413e-01 8.233621280933499653e-01 8.501381237134715274e-01 8.361214354023839279e-01 8.456176154493862951e-01 8.563669949798402570e-01 8.609265735699409561e-01 8.591317997917400362e-01 8.240673642228238949e-01 8.479794963619534665e-01 8.087075048296080704e-01 8.346495996946883267e-01 8.719788252402919104e-01 8.655520734484160039e-01 8.603993108516915234e-01 8.665929022913527735e-01 8.515691642629098501e-01 8.609690167568547770e-01 8.628772286139133607e-01 8.582303393418735382e-01 8.627597136066609274e-01 8.601962434707497440e-01 8.592196448458669922e-01 8.673342489596695959e-01 8.703772583752805714e-01 8.599357151807214272e-01 8.677612836979707867e-01 8.695217318956142138e-01 8.454995072736639639e-01 8.422262556493050889e-01 8.585585379305179510e-01 8.625990998186801040e-01 8.604425312821873950e-01 8.691118089308023098e-01 8.689478671140780097e-01 8.662855659243222650e-01 8.671910578267643110e-01 8.625520490462588175e-01 8.680558332863916871e-01 8.649221846832145788e-01 8.641589308491721688e-01 8.685895458732157959e-01 8.662297027545251549e-01 8.539950897977450772e-01 8.621375013055034842e-01 8.537687659342618751e-01 8.597265649232944673e-01 8.598529368384472127e-01 8.622911443690777222e-01 8.524482030530614596e-01 8.550546264327251178e-01 8.565456500330673739e-01 8.551442185932274231e-01 8.549045684649748678e-01 8.579768506693105090e-01 8.333023248850660591e-01 8.551274910268128471e-01 8.564147330453104612e-01 8.551490397711999369e-01 8.442112696580649223e-01 8.572012099712529309e-01 8.494737381164135792e-01 8.503687380741715707e-01 8.507126317215228939e-01 8.610006738389117675e-01 8.588634430651072016e-01 8.660252248835340616e-01 8.628732556989662239e-01 8.600068724088169025e-01 8.596528240520805442e-01 8.569704305734847649e-01 8.583690582957034243e-01 8.585096855033780283e-01 8.650509071875939204e-01 8.627862710618459108e-01
7.893827358455253462e-02 1.963004699011881293e-01 3.010118683890440905e-01 4.267939923463005547e-01 4.160775107766619407e-01 4.184451866705971024e-01 6.337588437472060354e-01 6.047961983126370900e-01 7.250168479194031290e-01 1.000000000000000000e+00 7.214643398112768891e-01 7.326004928576859143e-01 6.980813458882764166e-01 6.789461389054203266e-01 7.711171208171383462e-01 7.683709358713332049e-01 7.137224610430705773e-01 5.283900014356452957e-01 5.872471152886634682e-01 4.879967875416932888e-01 5.334445101992801863e-01 6.252433738681634212e-01 6.453058499297649186e-01 5.959365715923199414e-01 6.218076423538495545e-01 7.522360330478645718e-01 7.478446718090843159e-01 7.548481749940333385e-01 7.494995145134871750e-01 7.477537137464651540e-01 7.586457952875684807e-01 7.466187676998720102e-01 7.338977018744555769e-01 7.212540991454216011e-01 7.223899032901511807e-01 7.036008129749532491e-01 7.238983664205782542e-01 7.934551378981392622e-01 7.790203686833739871e-01 7.466338635379127231e-01 7.884184810224953432e-01 7.811642738969682975e-01 7.687469145034129259e-01 7.845092716117761933e-01 7.729917027390756923e-01 7.865349394988253584e-01 8.018349812807731292e-01 8.032965879277912391e-01 7.993660918109435354e-01 7.594904757986410404e-01 7.984524758705114911e-01 7.473154948231397476e-01 7.730350251814913642e-01 8.033320176164309157e-01 7.888716061307363692e-01 7.937527964663664282e-01 7.940124142633158133e-01 7.937479012167514281e-01 8.070935435833765936e-01 7.978378893945640149e-01 7.972524607527413654e-01 8.009130868300096129e-01 7.963847439072899714e-01 8.010092018313367257e-01 7.826528995383513765e-01 7.964478721505150460e-01 8.056429557465737412e-01 7.880058422545234142e-01 7.909503216661131209e-01 7.701032159944795064e-01 7.690409802550239871e-01 7.896533008932129505e-01 7.852029390032501110e-01 7.807516385276928039e-01 7.998541666853180576e-01 7.963226119455246721e-01 7.990889458918506438e-01 7.936893264561631911e-01 7.970443991001208150e-01 8.009692408249986517e-01 7.963262739676867374e-01 8.003740548628093254e-01 7.986431772302799992e-01 7.987495947084101156e-01 7.954575012399991429e-01 7.949985691159315859e-01 7.912682320260713276e-01 8.063880684552343636e-01 8.009058161022372113e-01 7.984103377060998152e-01 7.930002618433381611e-01 8.009117371931763207e-01 7.978827949088538318e-01 7.993656656063232724e-01 8.027619444138830440e-01 8.018102067290258095e-01 7.886331544532777515e-01 7.950732416485071230e-01 7.972340969189289916e-01 8.017042580012228026e-01 7.911978416455779373e-01 8.022480582807627325e-01 7.902713518804869164e-01 7.969593073700890207e-01 7.917870778695874634e-01 7.958766901463634191e-01 8.033839714563970613e-01 8.053614461190505835e-01 8.047119664201212164e-01 8.015975175852890766e-01 8.055370486557843490e-01 8.010962077111705160e-01 8.058795110285650320e-01 8.012906627868381371e-01 7.993999267601705760e-01 8.022989729752910693e-01
5.205661208638977244e-02 1.261898105682671134e-01 3.764888620598371149e-01 5.353382210890155202e-01 4.398320221996910306e-01 5.212789295698297964e-01 7.174784786062696762e-01 6.629767604979762696e-01 7.726766874631244564e-01 7.214643398112768891e-01 1.000000000000000000e+00 8.527905479895917518e-01 7.677606603986500966e-01 7.599946178707107647e-01 8.546034839116601889e-01 8.388551710214106061e-01 7.746951586831922754e-01 5.893796638251487252e-01 6.881816298647599472e-01 5.929980159622328939e-01 6.499596431062838464e-01 7.400378753372693907e-01 7.089351049649054159e-01 6.680440511852929752e-01 7.132850082932062907e-01 8.251724549070701409e-01 8.458768740969133670e-01 8.460831242175167466e-01 8.208973492049609355e-01 8.254656187416400392e-01 8.567866170367269829e-01 8.320478822560325449e-01 8.216066472429044421e-01 8.148798301311046544e-01 8.158310234197693189e-01 8.352003239487741926e-01 8.370852093678684547e-01 8.670401897427256754e-01 8.724446983718182613e-01 8.462170459937441436e-01 8.825083699305807938e-01 8.797889641494350821e-01 8.711890135218446352e-01 8.835014595298483764e-01 8.795122226236934404e-01 8.742895867574733693e-01 8.849729966509817247e-01 8.876500689785220555e-01 8.836990528412793644e-01 8.656020248500382319e-01 8.804811771942661069e-01 8.605690493793193285e-01 8.738219236826636482e-01 8.760905848719555689e-01 8.711816437761741305e-01 8.713504434483464456e-01 8.724658317111813055e-01 8.784125783338412319e-01 8.807074125389404706e-01 8.841226852168928563e-01 8.861737208498264851e-01 8.808546622538345749e-01 8.755314938692992932e-01 8.848368438320399765e-01 8.765121120180566772e-01 8.798349236032138032e-01 8.839485903276290690e-01 8.749457802960273201e-01 8.763237780655639408e-01 8.727079448296255482e-01 8.759306820256992365e-01 8.864210689001845722e-01 8.687373072375051963e-01 8.734873696538456578e-01 8.894942245646043633e-01 8.881165341134221736e-01 8.874263369046442307e-01 8.828263391595421172e-01 8.842628014241818990e-01 8.806679207750421901e-01 8.821545151882114189e-01 8.880476841448816661e-01 8.830896704699463529e-01 8.788029136990037626e-01 8.886708589732716934e-01 8.851737646843642615e-01 8.896981672301836896e-01 8.864805245480400497e-01 8.888164567772030011e-01 8.843230194496868313e-01 8.903225672288312964e-01 8.900491435242872118e-01 8.913809559388389259e-01 8.903145625216383197e-01 8.881362032447451815e-01 8.875045232587671640e-01 8.829480247549201799e-01 8.850587173132039576e-01 8.875050429220582293e-01 8.891387718090760783e-01 8.859282172409121969e-01 8.865565477910167802e-01 8.865422595582953535e-01 8.883459785061950109e-01 8.944737657420831489e-01 8.818736155321159620e-01 8.877053604826811162e-01 8.861363942124704796e-01 8.848731359890169568e-01 8.862893934518153438e-01 8.892218265274983713e-01 8.884513982399023790e-01 8.861255726135338628e-01 8.875857609950356109e-01 8.883743056425135176e-01 8.893391665678547220e-01
-2.252752897268818499e-02 1.043422817377113870e-01 3.627856118688275178e-01 6.252317313749633509e-01 4.644057693918623997e-01 5.443044980866046378e-01 7.710440475352229317e-01 7.313650451532404118e-01 7.667424277020867818e-01 7.326004928576859143e-01 8.527905479895917518e-01 1.000000000000000000e+00 7.847943467316392807e-01 7.976064844608347082e-01 9.055905820682584872e-01 8.860841665708413251e-01 7.750224486198983298e-01 4.867163145684715309e-01 6.326387042856130849e-01 5.464225311051419398e-01 6.251553720759052135e-01 7.434654952269414974e-01 6.339856797655575305e-01 5.835934090054829548e-01 6.473240484150638574e-01 8.060443839061359750e-01 8.435988194047706612e-01 8.453273013495189447e-01 8.013059165872428169e-01 8.045591176229086594e-01 8.488622261388055756e-01 8.071128750279580322e-01 7.989510507478420065e-01 7.920864090219753573e-01 8.044868223148521347e-01 8.385648818107216407e-01 8.295207673205399201e-01 8.823722392337464138e-01 8.948965505564393519e-01 8.604775580746739649e-01 9.064775444677835026e-01 9.109706468758429487e-01 9.118347292628149470e-01 9.167878675544307576e-01 9.001059549354697431e-01 8.951686217327109452e-01 9.127395342413908708e-01 9.141691779791504269e-01 9.118179769771374010e-01 8.836360459228169706e-01 9.075035740982548838e-01 8.841375893078706749e-01 9.071954565631672462e-01 8.886907688431892050e-01 8.764995964942637885e-01 8.664437928796369093e-01 8.906407529752856655e-01 9.148865758010332749e-01 9.093518760580455718e-01 9.201317913477699006e-01 9.193310182356655424e-01 9.117143784859851330e-01 8.975299435014725269e-01 9.165021141730368415e-01 8.993160704383661441e-01 8.976780371053418861e-01 9.096305440570181533e-01 8.687697610276560178e-01 8.733377075218083929e-01 8.820880888813612541e-01 8.917587340595912737e-01 9.015299408502305267e-01 8.597567547825399892e-01 8.654992224484638896e-01 9.061615858818431457e-01 9.042753906017039212e-01 9.024943668993947732e-01 8.864619415994087204e-01 8.963020162643698940e-01 8.903992048513986735e-01 8.939906315931676062e-01 9.082267209149429421e-01 8.888143846908775902e-01 8.878086572292680501e-01 9.082496803268020891e-01 8.935217161253790064e-01 9.073594108397282643e-01 9.067046248472740988e-01 9.131729417332904442e-01 8.924643503251304955e-01 9.100556946084740195e-01 9.211912132598136793e-01 9.191409089896869222e-01 9.208163955535787482e-01 9.217855035665243335e-01 9.166914448561885864e-01 9.209733911177638843e-01 9.138549362014419808e-01 9.191127211802093688e-01 9.175554064355954109e-01 9.248131676059636597e-01 9.153973102317706223e-01 9.218070091104115793e-01 9.274445578028216453e-01 9.251313618084426871e-01 9.079625448305344015e-01 9.212212204061859255e-01 9.076204523896246323e-01 9.052404242977326598e-01 9.197763624550129302e-01 9.169806561256281796e-01 9.261420685521147833e-01 9.194882060843295735e-01 9.212732520895301480e-01 9.160795110817638864e-01 9.224216468723663853e-01
3.173938604088245852e-02 1.350398236874005564e-01 3.135161779072423993e-01 4.773603871028435086e-01 4.520660415043519786e-01 4.841335193383319302e-01 6.990166731402304157e-01 6.414806810548328020e-01 7.419489437439755752e-01 6.980813458882764166e-01 7.677606603986500966e-01 7.847943467316392807e-01 1.000000000000000000e+00 7.307439671047304408e-01 8.166405382678209035e-01 8.078354250712321827e-01 7.302113334121895782e-01 5.417673425378488616e-01 6.336473830551438979e-01 5.401688510776562202e-01 5.774595495038012949e-01 6.767325074476286950e-01 6.618771307445332486e-01 6.178996571431017992e-01 6.558810152526238779e-01 7.780534047138392140e-01 7.966233816409387103e-01 8.028240636688369625e-01 7.726201785544294376e-01 7.793928840245155643e-01 8.066940948727404637e-01 7.850467798473849124e-01 7.726764009122927268e-01 7.631335169568362886e-01 7.665999837148849139e-01 7.746312839016836760e-01 7.819338143397240870e-01 8.278475950899828462e-01 8.269461445033818858e-01 7.969848783748233467e-01 8.380834666941224809e-01 8.367039971481999849e-01 8.315907536832209956e-01 8.405211764043585276e-01 8.316451573069769676e-01 8.302375414829639144e-01 8.474030899761478830e-01 8.480313276401900691e-01 8.444535938735858727e-01 8.205130857796971711e-01 8.415215141798705334e-01 8.126185895412404436e-01 8.325937983132102316e-01 8.358565985239496676e-01 8.277427865748337998e-01 8.231587236662251117e-01 8.303937527466381807e-01 8.364632821699253817e-01 8.422527301132919364e-01 8.478748381844055659e-01 8.481148810359030454e-01 8.400232730613470533e-01 8.334267104270076665e-01 8.469927813563812302e-01 8.347522201728619917e-01 8.361963132780209085e-01 8.462765938148714140e-01 8.268463894383251134e-01 8.326373290587070208e-01 8.193808733565755009e-01 8.208962140437032762e-01 8.389275502461793765e-01 8.231455433555957546e-01 8.266978559382166525e-01 8.457825082919274706e-01 8.453247219469256502e-01 8.442618618632617977e-01 8.366397090976610551e-01 8.429410099499202724e-01 8.406091076775836779e-01 8.419238198437183351e-01 8.477262391689017740e-01 8.415754585679543487e-01 8.359895710649031253e-01 8.458073423467791230e-01 8.401620102456930361e-01 8.433196148253467861e-01 8.473738345428563079e-01 8.482816761984254272e-01 8.411795090061632285e-01 8.453134926247867220e-01 8.506914506580522950e-01 8.496587275603324496e-01 8.490014256829256922e-01 8.507778960470049334e-01 8.494426062354981655e-01 8.457323126157632043e-01 8.477454594785575059e-01 8.496797850874086011e-01 8.499600408036175336e-01 8.492990224242208397e-01 8.486590915593155149e-01 8.465117640619697070e-01 8.513861406256287845e-01 8.514386879787857465e-01 8.444222604478349714e-01 8.510180070670095853e-01 8.484648176549630660e-01 8.475146643596017659e-01 8.499450280970571869e-01 8.499726191354003424e-01 8.504151991340651584e-01 8.495705152910134617e-01 8.519355570940976285e-01 8.475499461046682725e-01 8.505757615513500625e-01
