1.000000000000000000e+00 5.922463834009314421e-02 3.970261326018302561e-02 5.138271374930243607e-02 3.339371257047313302e-02 -1.694742265131559669e-04 1.112495056226003691e-02 2.895514661217029554e-04 1.040895221138708054e-01 3.794991283083431338e-02 1.588395911264590607e-02 1.497977090155952484e-02 1.833300587327710285e-02 1.402747417327894833e-02 9.712582521067716738e-04 3.580667741299414699e-03 7.638869505771554713e-02 -1.763597778050503793e-03 -3.154350399219092889e-03 -1.714877933143618271e-04 1.971839774943293794e-02 1.212186729253133741e-02 2.964986385099992183e-02 -2.291124706814298695e-02 -2.604829884405530233e-02 1.992521643945939502e-02 -7.939724241855579401e-03 -1.588172591560709640e-02 2.439774801341207736e-02 2.203020387006473721e-02 1.351845283882631768e-02 1.465655276616974374e-02 -1.807637812293473329e-03 5.944084336594827184e-03 7.155966477767295060e-03 9.105495884786123833e-04 -7.585478828968631251e-03 -7.320999327876098577e-03 -1.402900987486980708e-02 -6.418075666542399915e-02 8.101829223187042694e-04 -2.593807781616112515e-02 -2.374907194738955923e-02 -3.096310803635648058e-04 -3.313925861968365725e-03 -1.441577441534889342e-02 1.175497944529649112e-02 2.085252364742374437e-02 2.465340166991402543e-02 1.390347083278900553e-02 -3.728822692924438874e-03 5.984138926143382081e-02 2.240342141311258903e-02 2.091543312466858859e-02 2.035630332271610651e-02 -4.032377896186775147e-03 4.958034846449883848e-02 3.236587579617718376e-03 4.485481851808565019e-03 3.374682610199224164e-02 1.600413348350636020e-02 1.647460539287276884e-02 2.054113688708614216e-03 3.478734908993819097e-02 6.294060375536829344e-02 5.862142216362303815e-02 1.407756824004870871e-02 4.677065545544785777e-03 7.407730650049871961e-03 6.423071045190856948e-03 -3.844749368471834378e-03 -1.900348525308435694e-03 -1.229685914026170833e-03 -1.167158323569035192e-02 1.325262469340661182e-03 1.414875725652950823e-03 -1.153850790288226194e-02 3.624370218321771708e-03 -5.845761638196491847e-03 1.352387884543003634e-02 -4.983130440007230849e-03 3.897717216724082886e-03 1.862042507157237944e-02 5.373294064061931788e-03 -1.654839839003874801e-03 2.772455149181988435e-03 4.737744017243489952e-03 -1.162675095889327201e-02 -5.310415269886789753e-03 -3.731780263194797199e-03 -1.754884338274582956e-02 -9.658101206604789365e-03 -5.039593281446826112e-03 -9.807153494423889728e-03 5.508538495299261997e-03 9.237016410361668928e-03 -1.626288906971322303e-03 4.260506566194353223e-02 9.432393387202987409e-03 -1.781773678809974056e-04 -6.193719033234126696e-03 6.302125954074875094e-03 1.323451594940211126e-02 -4.061427313458577503e-04 2.069122961750724868e-02 3.341711837946464286e-02 1.891496016320529105e-02 1.066922387464022334e-02 4.422163060057681706e-03 5.296684696206855475e-03 -1.025198698507306938e-02 1.422915611915594528e-02 1.054532657592347107e-02 1.852696226607965582e-02 3.372667273528762860e-02 3.281747638714314907e-02
5.922463834009314421e-02 1.000000000000000000e+00 2.509093816156003978e-02 1.095767689683666141e-01 1.010224825693105122e-01 1.141558411920707561e-01 1.200955133598702734e-01 1.357925284140636679e-01 1.583175567828369323e-01 1.581833791442563975e-01 1.287492149041788436e-01 1.443708943790033561e-01 1.513989762258036442e-01 1.534134989964621165e-01 1.426483528859341932e-01 1.523843951857257184e-01 1.548514813731309281e-01 1.182955868762186197e-01 1.280148737222797095e-01 1.248698226413593321e-01 1.170771596557512312e-01 1.327276491238688627e-01 1.287225414511170840e-01 1.140177443886228603e-01 1.145917657245059673e-01 1.400088481097105653e-01 1.317171118335019875e-01 1.312688496428304208e-01 1.392096006854575130e-01 1.411305794005245917e-01 1.557991097900415511e-01 1.414015385729235352e-01 1.294502929930331225e-01 1.349637607372783099e-01 1.334353421840376863e-01 1.457455346848260669e-01 1.459086756445102384e-01 1.389612460011206696e-01 1.404613033513042730e-01 1.323205806271046114e-01 1.563882719394262544e-01 1.386089555486481328e-01 1.407403170042964280e-01 1.454663718040884457e-01 1.439768371400866331e-01 1.377061168678089809e-01 1.565466582730718204e-01 1.595802105223854128e-01 1.562292381624438287e-01 1.345462175878157363e-01 1.421415291361562416e-01 1.521633468444509862e-01 1.585928435068438280e-01 1.632750800175648276e-01 1.632293398567591092e-01 1.495930430022893165e-01 1.673508018083153248e-01 1.558824862089666641e-01 1.567422597099893955e-01 1.639924854159311440e-01 1.587983673800710260e-01 1.646955463323078739e-01 1.515264548838489156e-01 1.572349813376015537e-01 1.592855849985305994e-01 1.745505310197310866e-01 1.582502363969069681e-01 1.549997414421681319e-01 1.571172275876614455e-01 1.547674478991547531e-01 1.446128844530842061e-01 1.466183118296112142e-01 1.526270242522677900e-01 1.380298132547010115e-01 1.560106515694265616e-01 1.545059176762931530e-01 1.530515743631433445e-01 1.540474399304673225e-01 1.513159239960513713e-01 1.557072813821865631e-01 1.560672870415515112e-01 1.584103208537132879e-01 1.617157668444231533e-01 1.520256391354706249e-01 1.443053278406466466e-01 1.497990575499382748e-01 1.541549249509574504e-01 1.489016217791952479e-01 1.523422387982589499e-01 1.620919182478540166e-01 1.514031975813348863e-01 1.516838949367015077e-01 1.533150012113300986e-01 1.504347069521082825e-01 1.574860779079922668e-01 1.606930861535018629e-01 1.440967224102768784e-01 1.556380109930924627e-01 1.565322622151199827e-01 1.479453204436213809e-01 1.470914925406079377e-01 1.563257048944909633e-01 1.518747051682085292e-01 1.516395785605463009e-01 1.546124732627267295e-01 1.691482750262918999e-01 1.625822134325911883e-01 1.614326757135530199e-01 1.607944923511328283e-01 1.624401466121829507e-01 1.579877613937194503e-01 1.623092695172597411e-01 1.603529352261766350e-01 1.592428237603215058e-01 1.560394361273065855e-01 1.637642270842468717e-01
3.970261326018302561e-02 2.509093816156003978e-02 1.000000000000000000e+00 2.890110267772956210e-01 1.946580646402553683e-01 1.940877332537033761e-01 3.123346377579846456e-01 3.225390206302718443e-01 3.079995056395192221e-01 3.018224631407198100e-01 2.924072868161449179e-01 3.303366619679758975e-01 2.808888473411935149e-01 2.857930068710037852e-01 3.313932560015828144e-01 3.483032293334468177e-01 3.080937382946893344e-01 3.345738320262710563e-01 3.378245131360494979e-01 3.169025554264532363e-01 3.410810153896211006e-01 3.479608784392185239e-01 3.241465248419218570e-01 3.369585883582415509e-01 3.427937451152806569e-01 3.106721741193046449e-01 3.324576923938939443e-01 3.250258783234439286e-01 3.134736973843038621e-01 3.327945910817127206e-01 3.321130506067044852e-01 3.339401530153815467e-01 3.278940603626455119e-01 3.274362084287984476e-01 3.202060947488145071e-01 3.321460283612364672e-01 3.282804181452539938e-01 3.295108940100427430e-01 3.428505250487492440e-01 3.452473036091436853e-01 3.430388499093892096e-01 3.445515788862596462e-01 3.604441088751230149e-01 3.452568783308634925e-01 3.365316005059141857e-01 3.363960098795709119e-01 3.252650131109645071e-01 3.286958820428281247e-01 3.267298058763405955e-01 3.387847797317591336e-01 3.347111482844331576e-01 3.379410795032708470e-01 3.263175237841647869e-01 3.300750394151090172e-01 3.283522828068243249e-01 3.351011673965065274e-01 3.171701461583978365e-01 3.346075728735207200e-01 3.243904068133492968e-01 3.287486162604459916e-01 3.353233965445835962e-01 3.289699857588022081e-01 3.334628332699541842e-01 3.265913800961463553e-01 3.248398432202962982e-01 3.163365046437391914e-01 3.309451727584624692e-01 3.357910793072473310e-01 3.277078675978618016e-01 3.312311006455956330e-01 3.439006462613539150e-01 3.365315166621866139e-01 3.338175006433203307e-01 3.457206501071085625e-01 3.305741455106296911e-01 3.289219767983562193e-01 3.296440418064842670e-01 3.189428729378445126e-01 3.298456602301955143e-01 3.282869640660303068e-01 3.319331504120265341e-01 3.331162972427627600e-01 3.316916439924016413e-01 3.265503729874456029e-01 3.324122067573486716e-01 3.321374921425189197e-01 3.316115988749706034e-01 3.360087033299396508e-01 3.347848549694028009e-01 3.403659016760819944e-01 3.391349034226459058e-01 3.375347442758106498e-01 3.375283040605696061e-01 3.335666270516510767e-01 3.298311333525145161e-01 3.309588753531859107e-01 3.427724667155181981e-01 3.236867431537591155e-01 3.280173005522682428e-01 3.314890855404474257e-01 3.368042772770157289e-01 3.364537592690148848e-01 3.334938630509962643e-01 3.383093934655578838e-01 3.327674177383456167e-01 3.244086553215186908e-01 3.269619792975379524e-01 3.270801668963580489e-01 3.320546537002606047e-01 3.338460388273439272e-01 3.348617189647588588e-01 3.291125282038739885e-01 3.272296551057730651e-01 3.294667393493920793e-01 3.246346733594262512e-01 3.203511886506222317e-01
5.138271374930243607e-02 1.095767689683666141e-01 2.890110267772956210e-01 1.000000000000000000e+00 3.153567296329060077e-01 3.568205494975715819e-01 5.670755792928087180e-01 5.245380792513179014e-01 5.691877406769059178e-01 5.253301864745352212e-01 5.826182744304788663e-01 6.389635566213506257e-01 5.553661878026618925e-01 5.334445180086979654e-01 6.160333832330052717e-01 6.150136040276651395e-01 5.692918996194131775e-01 5.976356230473460762e-01 5.943441800004040099e-01 5.668578499050533903e-01 6.072374360874867039e-01 6.125950830986370832e-01 5.843849527012406897e-01 5.801211805822135137e-01 6.000331836437937660e-01 6.176741523749910145e-01 6.064950723939043220e-01 6.056972345270418279e-01 6.165843700162337848e-01 6.174123257362614803e-01 6.185023005090305448e-01 6.285315769006646347e-01 5.921193591758817654e-01 6.179259808142799626e-01 5.907606076250814242e-01 6.182489989680204356e-01 6.068573512423643956e-01 6.176567899392254590e-01 6.268162231816730712e-01 5.976401068421793861e-01 6.188945150406284235e-01 6.154098628401525328e-01 6.134322858097682740e-01 6.230033868369385663e-01 6.171872868509237220e-01 6.141261414117316075e-01 6.132249008180354899e-01 6.221757385854845834e-01 6.285327108367807503e-01 6.213239209805475616e-01 6.239438118465100436e-01 6.219813306174445389e-01 6.170953706558454099e-01 6.176765098381847841e-01 6.164879905380011849e-01 6.226442917440495606e-01 6.261554053548942234e-01 6.174406264947029932e-01 6.170482501924449137e-01 6.211249627472874568e-01 6.215234667585478601e-01 6.201946613213710213e-01 6.146939543245727444e-01 6.280929387991535107e-01 6.225573497427743241e-01 6.246469599766419911e-01 6.211754832228791878e-01 6.226757881657000171e-01 6.159521962523061278e-01 6.251110619071281738e-01 6.247300941108081540e-01 6.223242627824443485e-01 6.118428058432331396e-01 6.235987378325438257e-01 6.185506427994439393e-01 6.179986969406621178e-01 6.153854264550955300e-01 6.189777969700734905e-01 6.152508218415999597e-01 6.208641475509787400e-01 6.195711492540064702e-01 6.199257047436660395e-01 6.213612290420855722e-01 6.147114590775406562e-01 6.158621682316044454e-01 6.196965132127546516e-01 6.154949229059362148e-01 6.152518693222658319e-01 6.200193695097728774e-01 6.220909488178228974e-01 6.102810096401837248e-01 6.180005646532364949e-01 6.222084786881201257e-01 6.179378065349557803e-01 6.169430681045580123e-01 6.170439884617320292e-01 6.227738277545213919e-01 6.222122441220602207e-01 6.198175301559639694e-01 6.195135981151699278e-01 6.218544348058007154e-01 6.261721291954254198e-01 6.230262932285256516e-01 6.215926654763573866e-01 6.268884093643082300e-01 6.250462824123170780e-01 6.243429811748580915e-01 6.181104284996057352e-01 6.208488608117641583e-01 6.205269811350645481e-01 6.136395457355993122e-01 6.195573392597346629e-01 6.197246122512538591e-01 6.253762511411040670e-01 6.247463034837017481e-01 6.238846544902552083e-01
3.339371257047313302e-02 1.010224825693105122e-01 1.946580646402553683e-01 3.153567296329060077e-01 1.000000000000000000e+00 2.797085580047126152e-01 4.382005470354180532e-01 4.526598681650489953e-01 4.488681829238677645e-01 3.954703711818641776e-01 4.255477152213557601e-01 4.774733142511164430e-01 4.560029633522785786e-01 4.402995233832940336e-01 4.876337744820570252e-01 4.923509260199848137e-01 4.500984666690486802e-01 4.333781084491664659e-01 4.527019282074328799e-01 4.374972272743029578e-01 4.444543257881666820e-01 4.642683025609414815e-01 4.330120710905046022e-01 4.423543281426051688e-01 4.536830054242582677e-01 4.708170029307047200e-01 4.684603304934346069e-01 4.700248874803653054e-01 4.665328806598002531e-01 4.893282372657664636e-01 4.894827515990554101e-01 4.647079658735164820e-01 4.450138667084547750e-01 4.649880950626141818e-01 4.625771903361436399e-01 4.729240750976027030e-01 4.840486698829094547e-01 4.712261387176366889e-01 4.771855173783525750e-01 4.578716096371025501e-01 4.950648394573000100e-01 4.899460752846879208e-01 4.949201642001472834e-01 4.935465152823948487e-01 4.936142656379073901e-01 4.848733621025889118e-01 4.936997474538205033e-01 4.899299341632726845e-01 4.855792607561117413e-01 4.715512294522450909e-01 4.821767601794902380e-01 4.763458491201177369e-01 5.002372131142986955e-01 4.905662763797355996e-01 4.838803366892170943e-01 4.822337972426630759e-01 4.691032073168771022e-01 4.909268121935935758e-01 4.783547781092864493e-01 4.962392940080309622e-01 5.013339631857287593e-01 4.909368676857936431e-01 4.791890095919610348e-01 4.896455978773499584e-01 4.836193369719387070e-01 4.913706615747998607e-01 4.929065134233412970e-01 4.945287069052364259e-01 4.954986183614408235e-01 4.973339898788777802e-01 4.895278972748901003e-01 4.884496846657594427e-01 4.925392012387238561e-01 4.919847294449487540e-01 4.958990143730601652e-01 4.911241583441720016e-01 4.957780753291406994e-01 4.937408157021657140e-01 4.941891158127265649e-01 4.924554202557664961e-01 4.922792681718121677e-01 4.957852809935546778e-01 4.888773354293777795e-01 4.844198257195991841e-01 4.801742631973283659e-01 4.877828172105236337e-01 4.919267824361253094e-01 4.905281939274110936e-01 4.887726797005999546e-01 4.915857532755313342e-01 4.874943018560766728e-01 4.962233956543628532e-01 4.938096861045394026e-01 4.925733991035334824e-01 4.922129513786961397e-01 4.938239835008875200e-01 4.874042103293342310e-01 4.827442037463594016e-01 4.943598382766732358e-01 4.877837383664062054e-01 4.942447980779893779e-01 4.936257569316268023e-01 4.969184681552670790e-01 4.963329248647586622e-01 4.937013990827950338e-01 4.889053861479335517e-01 4.927185333267088407e-01 4.936536361012113794e-01 4.931427015238626921e-01 4.936349607496250957e-01 4.926203751863081348e-01 4.983998205683988214e-01 4.943872127781466230e-01 4.943085710232751895e-01 4.885286018717336920e-01 4.926562389970155498e-01
-1.694742265131559669e-04 1.141558411920707561e-01 1.940877332537033761e-01 3.568205494975715819e-01 2.797085580047126152e-01 1.000000000000000000e+00 5.002331365368669625e-01 4.763417931606561129e-01 4.803623450768094161e-01 4.631094406166202937e-01 4.883293608015156217e-01 5.399992878455580625e-01 4.838308430465046439e-01 5.000727324291269760e-01 5.642970767419627220e-01 5.427429820970095520e-01 4.956745613153591412e-01 5.151082271928584255e-01 5.234827065936387136e-01 4.903707001731565374e-01 5.138482180445186343e-01 5.358339473677720122e-01 5.061880743449038711e-01 5.127734962299632659e-01 5.232679733448815096e-01 5.488389320862658849e-01 5.382857996753298568e-01 5.417725599017465532e-01 5.342769620248616347e-01 5.592803492261488874e-01 5.623812824128234800e-01 5.552733571746577557e-01 5.323716685546795446e-01 5.479342367384686385e-01 5.395779229048183190e-01 5.424774911295210389e-01 5.600519017899827645e-01 5.576951617239264136e-01 5.634756402496144956e-01 5.377581998632624538e-01 5.660931574850164294e-01 5.649554531365557075e-01 5.587335195028065860e-01 5.633509209893721170e-01 5.629821397794737559e-01 5.644008754463878397e-01 5.727832992099411991e-01 5.681285764929400184e-01 5.557603108009835369e-01 5.348282765981475784e-01 5.617190392225354101e-01 5.294801497049154149e-01 5.557102962726189199e-01 5.577091614374248829e-01 5.478818878931004388e-01 5.621172425723641730e-01 5.282142207704342285e-01 5.588353592303872963e-01 5.582832222089905150e-01 5.632041862246635056e-01 5.671205985577744135e-01 5.618064572640941723e-01 5.501651184142308804e-01 5.543217405362369510e-01 5.514096096505609612e-01 5.440813297820155103e-01 5.699920494629316936e-01 5.702472408473920895e-01 5.669939990266681384e-01 5.696088640077719978e-01 5.722009430222084747e-01 5.729685604536909338e-01 5.680686464143416270e-01 5.724439593060256515e-01 5.720769032578786328e-01 5.705130503565966071e-01 5.694046687218476954e-01 5.665916364335970012e-01 5.685864776949405286e-01 5.688571379090199276e-01 5.691699033598831559e-01 5.731556470373901924e-01 5.659703100546920052e-01 5.668681770839884004e-01 5.635179157945795492e-01 5.677630591783316971e-01 5.697614781376248994e-01 5.703121086397261452e-01 5.716950018829882740e-01 5.710635771209273681e-01 5.708901314889327505e-01 5.740678532756228192e-01 5.728233475791397744e-01 5.738213308333963703e-01 5.736913907789855660e-01 5.713451949537148300e-01 5.649240082645589078e-01 5.490260046995703025e-01 5.729274865385602933e-01 5.682176383481393200e-01 5.744276475620027078e-01 5.694970901539462282e-01 5.677230113610326478e-01 5.735626400993214524e-01 5.662852060825601663e-01 5.530129343415723930e-01 5.650322679538314352e-01 5.728726245333392031e-01 5.693848219253639931e-01 5.696889979363556344e-01 5.687451128858145299e-01 5.715120989809293617e-01 5.698387631772067197e-01 5.680096742814122468e-01 5.645210261683710762e-01 5.625137326504311419e-01
1.112495056226003691e-02 1.200955133598702734e-01 3.123346377579846456e-01 5.670755792928087180e-01 4.382005470354180532e-01 5.002331365368669625e-01 1.000000000000000000e+00 7.305507432589314343e-01 7.312010448604543411e-01 6.805851993628148078e-01 7.443200305115399429e-01 8.054721352546314606e-01 7.290246379203945137e-01 7.352070213715210523e-01 8.275914747446758701e-01 8.260762664524514687e-01 7.350674545100924773e-01 7.714068476022284404e-01 7.872445133464108791e-01 7.579859349598065954e-01 7.739058997011986074e-01 7.890715441716634748e-01 7.646559209323219308e-01 7.755691250710641249e-01 7.888203277319092432e-01 8.123437996289341045e-01 7.949634372748293210e-01 8.060232268137632605e-01 8.011400047106321809e-01 8.222970583769403374e-01 8.327785216058523066e-01 8.170053559203668270e-01 7.789647241262948052e-01 8.174575755882689254e-01 7.986623658546502247e-01 8.186254321522441479e-01 8.120530628371102067e-01 8.205304572339853220e-01 8.329710366343716643e-01 7.933661639847271463e-01 8.287895539312670756e-01 8.251364983716008572e-01 8.309974608795867024e-01 8.368638185517679462e-01 8.245141362694446974e-01 8.309361330808866519e-01 8.246645377947467992e-01 8.326080608915246151e-01 8.301854599621029118e-01 8.051561909060808153e-01 8.270633418885705579e-01 7.941532305896276123e-01 8.205277428913356763e-01 8.270890511631244779e-01 8.192305887449540247e-01 8.253855738406101761e-01 8.094172272136557211e-01 8.277704744176911378e-01 8.235309568941832081e-01 8.279658110765401036e-01 8.353403632173932447e-01 8.333599127944896212e-01 8.246234844974623668e-01 8.295943212264867972e-01 8.123305745273247114e-01 8.208993983747434608e-01 8.319481094091464302e-01 8.379108151523714243e-01 8.343986914795222809e-01 8.359115918734146833e-01 8.403501473587956516e-01 8.366282529929383038e-01 8.299698488653632911e-01 8.389464978395210215e-01 8.376270490271885416e-01 8.360049099617909985e-01 8.361623271352029985e-01 8.359505073890103333e-01 8.372759298120593385e-01 8.338583491068020104e-01 8.356406624372495484e-01 8.384445013332825214e-01 8.326658734133204343e-01 8.312363994490209462e-01 8.289420470074260194e-01 8.347886524809049469e-01 8.337347693874946897e-01 8.359700522945180401e-01 8.362633301173135747e-01 8.364928852945396898e-01 8.339196678278587571e-01 8.381249533258757767e-01 8.362914632859113073e-01 8.382018288593434674e-01 8.339266174503020546e-01 8.345729791536670161e-01 8.354102696405444339e-01 8.243881512645724330e-01 8.343587557532796684e-01 8.351450327967091525e-01 8.419376976466041995e-01 8.388394008057611373e-01 8.357794599123110624e-01 8.369326865785460257e-01 8.343162884226280607e-01 8.295984343409484874e-01 8.345024208323786885e-01 8.338631467141730536e-01 8.368978610170141330e-01 8.363075528205137221e-01 8.357760274162350234e-01 8.355851499947484218e-01 8.376869801885487021e-01 8.389298368647829518e-01 8.265145436263773293e-01 8.313999552173971797e-01
2.895514661217029554e-04 1.357925284140636679e-01 3.225390206302718443e-01 5.245380792513179014e-01 4.526598681650489953e-01 4.763417931606561129e-01 7.305507432589314343e-01 1.000000000000000000e+00 7.117938769158970169e-01 6.691398013802285494e-01 7.199984928162461717e-01 7.889102431292031037e-01 7.140803403490209034e-01 7.328596576252727202e-01 8.116439057165537596e-01 8.040454555041279816e-01 7.193335960972131460e-01 7.512101448277187510e-01 7.693710960986506198e-01 7.229558455018363361e-01 7.527754165400039055e-01 7.798255525911559349e-01 7.281899997386015455e-01 7.428467442639044016e-01 7.564504681916687234e-01 7.811495392886869116e-01 7.644578720891840318e-01 7.766477176165733631e-01 7.669925597041663545e-01 7.994062004940053479e-01 8.133502701032950810e-01 7.992468835015095197e-01 7.625485790793556928e-01 8.022357891300840871e-01 7.719547332811707019e-01 7.962858877057102935e-01 7.899908308270723323e-01 8.060240679837119560e-01 8.163858058255318850e-01 7.779648947511795809e-01 8.165616459722465637e-01 8.154974500642555579e-01 8.226198787301045590e-01 8.273231776569217599e-01 8.070117643586054434e-01 8.140172971556328685e-01 8.155070549782650335e-01 8.137090683900456423e-01 8.103723145007005746e-01 7.966636942029852175e-01 8.173383675655144787e-01 7.842626256794361650e-01 8.047304157644730171e-01 8.094802012778956612e-01 8.021290423435833983e-01 8.109895687881313320e-01 7.880542777772140406e-01 8.134792739324502309e-01 8.074958314883362576e-01 8.095438957946160530e-01 8.223230891138788579e-01 8.155003024583332705e-01 8.070185784866088508e-01 8.136095218810142082e-01 7.961033218035040715e-01 7.999541821587492496e-01 8.177459180951373030e-01 8.237359629288177887e-01 8.215902549565580193e-01 8.205607989067497110e-01 8.240277676363377823e-01 8.211431068498952213e-01 8.186862610418838004e-01 8.204722131078835412e-01 8.190912392741930281e-01 8.158959727920832572e-01 8.179038118893819931e-01 8.164785637948271946e-01 8.187588573225050848e-01 8.184937986620589578e-01 8.168397819239494595e-01 8.209744435604666712e-01 8.196071969747552588e-01 8.136350214120258162e-01 8.185963928260444611e-01 8.218856025477955241e-01 8.172493714551274380e-01 8.252722657326876377e-01 8.232392184088717091e-01 8.229912617360657379e-01 8.201238505022960812e-01 8.247396615155255795e-01 8.225732771985507785e-01 8.217798931976446619e-01 8.194061335141559210e-01 8.194624914358382695e-01 8.275025211355676591e-01 8.121635697334814719e-01 8.230143964989972138e-01 8.236050704267983136e-01 8.293270425877179441e-01 8.268004851632724250e-01 8.204527307109685808e-01 8.265485748016776490e-01 8.222539402019779509e-01 8.154803808297128587e-01 8.206749718801167326e-01 8.197721551521528482e-01 8.217646185038198769e-01 8.217920693231191009e-01 8.237175754491277146e-01 8.211626084959604555e-01 8.209085795299896349e-01 8.223999994750978981e-01 8.141513721547138926e-01 8.153856598889902552e-01
1.040895221138708054e-01 1.583175567828369323e-01 3.079995056395192221e-01 5.691877406769059178e-01 4.488681829238677645e-01 4.803623450768094161e-01 7.312010448604543411e-01 7.117938769158970169e-01 1.000000000000000000e+00 7.286267090417267722e-01 7.642519729107258852e-01 8.307093914993476380e-01 7.568857005216725886e-01 7.580564218426601997e-01 8.412993981414235156e-01 8.341841688249629350e-01 8.015056539143330383e-01 7.731989600710358346e-01 7.769080415858198307e-01 7.489636933903018878e-01 7.882404308849508823e-01 8.023803513405477483e-01 7.828399302551803940e-01 7.550477776723872880e-01 7.729024844048514309e-01 8.342047068078853878e-01 8.065916247218470891e-01 8.137536461473184879e-01 8.392653651823080985e-01 8.523881859013291429e-01 8.574356089890924348e-01 8.397421039460005732e-01 8.023184518919803665e-01 8.241909620302738659e-01 8.224947133556482770e-01 8.302800408577989399e-01 8.412541936411699339e-01 8.395037064452832709e-01 8.410972701378149896e-01 7.782920082282961394e-01 8.498563091756121679e-01 8.362856247361526441e-01 8.294131595595407580e-01 8.525795078371707358e-01 8.425035165134246995e-01 8.459918876104342012e-01 8.577446096428695821e-01 8.707702344672751948e-01 8.642438688380543743e-01 8.301269355871020439e-01 8.460879178389851818e-01 8.475783865403585526e-01 8.517832737516707331e-01 8.697330449367406402e-01 8.634889410319832592e-01 8.459483943215982960e-01 8.594515663743191869e-01 8.564307464412633797e-01 8.556154166140695905e-01 8.726317534343095428e-01 8.644490354499371199e-01 8.670495705179105395e-01 8.569043773640765416e-01 8.719068800585855206e-01 8.672619801007291906e-01 8.738437692531091372e-01 8.631923890091044438e-01 8.614608629477537027e-01 8.615997352111045560e-01 8.555683826665397840e-01 8.557357508053189399e-01 8.609603556193391460e-01 8.468305126219809464e-01 8.475628156035464045e-01 8.599240927417221014e-01 8.589886755719309264e-01 8.502982649715591368e-01 8.646888416161211399e-01 8.583064238171042026e-01 8.689575091967994824e-01 8.592994128403041998e-01 8.668945122808969783e-01 8.616936586206048743e-01 8.599377645467980447e-01 8.454621031120704844e-01 8.533888734603574111e-01 8.599444573638046485e-01 8.524763769048548934e-01 8.574234746461892875e-01 8.559166202564023607e-01 8.389643252231721027e-01 8.552255719070045448e-01 8.567100902534754425e-01 8.587530183905842662e-01 8.644132411974165819e-01 8.653920464370629118e-01 8.483319896781462699e-01 8.590853782043352815e-01 8.608986627313136575e-01 8.541961228259397076e-01 8.576348773251986080e-01 8.635779511161232325e-01 8.640603446307684177e-01 8.625493428846551236e-01 8.644101322570525436e-01 8.677918259508489163e-01 8.671286152972533801e-01 8.648720734729231641e-01 8.648982391752532140e-01 8.642838332601811002e-01 8.561457044396429961e-01 8.703170556408224012e-01 8.687804350328566239e-01 8.697242834413512202e-01 8.685445197063604850e-01 8.731491249457087322e-01
3.794991283083431338e-02 1.581833791442563975e-01 3.018224631407198100e-01 5.253301864745352212e-01 3.954703711818641776e-01 4.631094406166202937e-01 6.805851993628148078e-01 6.691398013802285494e-01 7.286267090417267722e-01 1.000000000000000000e+00 7.084645718183133489e-01 7.647512174393567008e-01 6.997262377085914364e-01 7.031241076529333167e-01 7.771764143322442697e-01 7.833496950044908091e-01 7.120786936829703873e-01 7.233804791892044506e-01 7.361348708263665275e-01 7.142404139608434788e-01 7.248263854969622111e-01 7.465747012328515231e-01 7.434062310611361246e-01 7.206264667646158362e-01 7.323914447428597763e-01 7.756975885822747774e-01 7.597651138912020485e-01 7.731028082643107702e-01 7.794721819544127017e-01 7.947174963813101733e-01 7.964464143202154567e-01 7.874380353266120514e-01 7.607279074591919432e-01 7.715072935251918729e-01 7.707562100495025659e-01 7.750074240148572269e-01 7.784232790658017764e-01 7.837737859592857070e-01 7.909661172775552807e-01 7.568735234859527150e-01 7.926252661462185323e-01 7.916470057894271495e-01 7.811438549256948249e-01 7.922229855517070041e-01 7.854603184083541745e-01 7.923082786145893008e-01 7.938259390476206656e-01 8.072263396112628886e-01 7.937340747249933548e-01 7.595439922445703651e-01 7.870588979964058263e-01 7.552160812785524424e-01 7.808951140348525666e-01 8.060001877544915594e-01 7.983204072081717673e-01 8.000997434545831233e-01 7.804780317572801440e-01 7.999578857016031996e-01 7.946033520536051054e-01 8.017451944438823697e-01 7.981073190223251235e-01 8.023315015220369162e-01 7.925853904683771711e-01 7.988973977649684866e-01 7.884866563541458317e-01 7.897384475646173074e-01 7.985026720767945951e-01 8.046429830578712972e-01 8.049524302389626795e-01 8.016382244702393578e-01 7.979851735053365980e-01 7.994723970870192264e-01 7.944271390182587878e-01 7.965018356797890497e-01 7.996527924393805886e-01 8.025896050124906589e-01 7.971551656588760082e-01 8.019533980440556320e-01 7.987219201960648052e-01 8.049694265328356524e-01 8.002739287449336381e-01 8.050429932470460903e-01 8.006675120469101126e-01 8.003617552824553449e-01 7.878157151166620409e-01 7.967456269054025153e-01 8.011845998809822289e-01 7.982455932611850491e-01 8.038497517635475598e-01 7.992305199028806317e-01 7.950000694500568565e-01 7.994405284226419051e-01 7.995413779347789740e-01 8.025054132871822787e-01 8.024442279676411438e-01 8.049045973660505782e-01 7.880770061379878122e-01 7.821457309259428614e-01 7.987511154455183560e-01 7.940088601824122350e-01 7.994441353892133284e-01 8.009750298672548841e-01 7.977501772049780948e-01 7.993123026705405421e-01 7.964991232495124418e-01 7.975608611210601717e-01 7.997591435104728363e-01 8.024008299721003823e-01 8.038951573101940085e-01 8.026550550818685181e-01 8.009408080352048431e-01 8.023410792083049969e-01 8.050102828527875287e-01 7.999956768762898074e-01 7.955586467361076553e-01 8.013047116718009510e-01
1.588395911264590607e-02 1.287492149041788436e-01 2.924072868161449179e-01 5.826182744304788663e-01 4.255477152213557601e-01 4.883293608015156217e-01 7.443200305115399429e-01 7.199984928162461717e-01 7.642519729107258852e-01 7.084645718183133489e-01 1.000000000000000000e+00 8.452408450531087025e-01 7.559991182702541224e-01 7.640135259498410658e-01 8.471066793217133517e-01 8.421346680553317698e-01 7.674290601139928114e-01 7.849788357611926504e-01 7.959035349014005334e-01 7.638104685444563335e-01 7.883546763025309767e-01 8.104723527977695241e-01 7.920445353028700008e-01 7.777655226404753819e-01 7.926638004224113576e-01 8.426320605205241954e-01 8.250072923564760741e-01 8.267495694656749050e-01 8.354301636832618394e-01 8.490437997023785321e-01 8.680063396552919475e-01 8.582060362631533934e-01 8.228099749925996687e-01 8.442006354212441277e-01 8.273135141003605808e-01 8.460814624811050511e-01 8.501559896022919949e-01 8.511621064049280649e-01 8.571935849463834245e-01 8.202450060999054715e-01 8.555077579783259001e-01 8.498345703609249124e-01 8.417681630156245154e-01 8.607163296719979595e-01 8.545470041598891564e-01 8.587226947420966150e-01 8.621024870331290835e-01 8.649379516786271926e-01 8.679792036861152527e-01 8.397402809212028973e-01 8.594193770249269893e-01 8.313724972422513737e-01 8.549204693133064525e-01 8.646046047404768453e-01 8.596111758305650108e-01 8.634369751922994496e-01 8.565473537869688903e-01 8.599863469237079006e-01 8.636260363101646576e-01 8.614396368461472164e-01 8.651757118984823025e-01 8.664732882044791085e-01 8.603639363117530081e-01 8.657460719523991655e-01 8.485123164903392023e-01 8.608458285705739010e-01 8.660085958040453225e-01 8.669546594757869817e-01 8.658222592011137753e-01 8.636930074648868638e-01 8.624636420246198920e-01 8.651851998039965519e-01 8.531028794935804349e-01 8.577456942254639838e-01 8.679883489389852436e-01 8.639761909791717764e-01 8.608767966155149720e-01 8.653181929578038778e-01 8.654521323023770529e-01 8.665789621269073262e-01 8.638022983827740031e-01 8.685007848812212883e-01 8.643999189180178178e-01 8.622357501831818816e-01 8.563120215229291787e-01 8.626848540020271017e-01 8.653868318316331187e-01 8.631541781539187053e-01 8.677042377913053439e-01 8.634816808289715873e-01 8.588777954786366298e-01 8.650175854894858185e-01 8.662051881199852588e-01 8.653176876981878429e-01 8.647957493058390233e-01 8.668205080217690206e-01 8.592132537303464046e-01 8.521164854643195063e-01 8.615956031369980117e-01 8.637058120973301056e-01 8.643013806228263540e-01 8.666593040423918870e-01 8.652807679214011838e-01 8.652788856910241799e-01 8.634059721020981293e-01 8.650521895792819826e-01 8.670264814000449016e-01 8.647865596023540657e-01 8.683070783141487725e-01 8.656432095068221644e-01 8.631269714735223531e-01 8.665261841784610564e-01 8.670131833170154900e-01 8.678645214311444533e-01 8.591679587703128229e-01 8.655066984758931214e-01
1.497977090155952484e-02 1.443708943790033561e-01 3.303366619679758975e-01 6.389635566213506257e-01 4.774733142511164430e-01 5.399992878455580625e-01 8.054721352546314606e-01 7.889102431292031037e-01 8.307093914993476380e-01 7.647512174393567008e-01 8.452408450531087025e-01 1.000000000000000000e+00 8.204513256944636623e-01 8.257440258131155675e-01 9.168222405012592668e-01 9.132203661105461334e-01 8.288747739445615492e-01 8.492962376801677093e-01 8.661495436572433926e-01 8.268628366272808838e-01 8.534677121799758570e-01 8.817663444748135015e-01 8.512228650984545730e-01 8.427265748828736136e-01 8.611891450007532756e-01 9.063626187515687604e-01 8.856554968560248486e-01 8.992399179924654984e-01 8.930406655289082618e-01 9.227286767048962224e-01 9.318699459184691669e-01 9.236643924796329452e-01 8.841262060371770648e-01 9.123533381862571900e-01 8.956800778482267855e-01 9.147313249915047795e-01 9.158877273223668958e-01 9.226882832104306154e-01 9.270082835577542202e-01 8.888074151092897335e-01 9.294985237988900861e-01 9.238576875243952324e-01 9.180590950287675911e-01 9.360150367627388945e-01 9.253031659460033698e-01 9.298440347612864088e-01 9.346779291812224999e-01 9.400779433675807706e-01 9.372813338975201081e-01 9.068737199912374480e-01 9.297125455286282536e-01 9.047602550977136282e-01 9.269517493344600068e-01 9.377044674435323079e-01 9.307240941196992523e-01 9.340118949627805867e-01 9.232664959835872320e-01 9.330786498845883292e-01 9.351931594383450230e-01 9.379298789962288163e-01 9.403744164620657653e-01 9.406282274893619233e-01 9.323651256675179466e-01 9.382371143261253321e-01 9.232338597647897771e-01 9.323090377149644281e-01 9.391383094350166383e-01 9.424096563208647082e-01 9.384760140960627384e-01 9.369995269763259360e-01 9.392429888731999021e-01 9.392875823635816745e-01 9.289106812110855538e-01 9.340122804347396057e-01 9.401219904466475707e-01 9.379146267287843397e-01 9.367453948135215924e-01 9.388284149282491997e-01 9.371140252625841383e-01 9.412933768696563064e-01 9.377504435109834668e-01 9.423469684146493774e-01 9.410317724818402230e-01 9.360158226665693526e-01 9.298911230020938667e-01 9.368777098396156022e-01 9.387496418575156376e-01 9.385653032455238964e-01 9.399009495492348654e-01 9.420568652895118245e-01 9.322789799995957472e-01 9.408530315558411017e-01 9.415575006002697700e-01 9.420418251614871563e-01 9.417257167801224016e-01 9.427988590332336827e-01 9.326971853933326839e-01 9.283399402322336513e-01 9.404956341230176209e-01 9.377910747047191187e-01 9.397079533097487669e-01 9.447634612810356103e-01 9.400241962032539478e-01 9.420323589431973677e-01 9.399716952021951455e-01 9.396315248786135665e-01 9.432066992369826375e-01 9.421330439698903936e-01 9.442146159621619406e-01 9.421178281981579250e-01 9.406060496313666253e-01 9.435096438462375890e-01 9.440972736623871597e-01 9.432356411756640524e-01 9.345636760895500439e-01 9.410585160661674164e-01
1.833300587327710285e-02 1.513989762258036442e-01 2.808888473411935149e-01 5.553661878026618925e-01 4.560029633522785786e-01 4.838308430465046439e-01 7.290246379203945137e-01 7.140803403490209034e-01 7.568857005216725886e-01 6.997262377085914364e-01 7.559991182702541224e-01 8.204513256944636623e-01 1.000000000000000000e+00 7.560063389268946166e-01 8.318201825298414676e-01 8.330805793764505252e-01 7.559956328404718873e-01 7.715025996706870171e-01 7.778945263685906886e-01 7.571116993192866795e-01 7.717144376913217529e-01 7.978944989164479251e-01 7.612656068052577885e-01 7.632528723033676910e-01 7.826067518211672347e-01 8.245864066115808910e-01 7.977919276702214457e-01 8.155540077264942234e-01 8.040666257696831298e-01 8.322586527301567560e-01 8.456017092940091295e-01 8.272312865202599008e-01 7.955635398582007189e-01 8.214328696282815478e-01 8.070029848703752506e-01 8.249094735325244176e-01 8.329212789013534790e-01 8.298645679825111809e-01 8.446093539113070925e-01 7.938549507190562071e-01 8.429757522849877782e-01 8.367393518830923416e-01 8.369512834759297304e-01 8.506901592882510910e-01 8.436673203334725812e-01 8.433585640123428817e-01 8.481323257114139480e-01 8.523479159148671380e-01 8.470899963054834281e-01 8.127717071703078888e-01 8.406910940607653648e-01 8.127769919202443294e-01 8.421954039386017055e-01 8.491294542701441905e-01 8.365546716239756764e-01 8.379041148373361780e-01 8.205368927563317927e-01 8.431556925711202188e-01 8.389160942142138699e-01 8.530809285366115491e-01 8.546466817842286456e-01 8.508601484277866778e-01 8.386921540844082257e-01 8.492963530029267183e-01 8.352473707510871259e-01 8.411134285345863715e-01 8.528061702938305455e-01 8.547319006171093525e-01 8.536488589144326511e-01 8.523093790327161967e-01 8.530912440842374211e-01 8.551851247360305885e-01 8.473077421853306701e-01 8.505118396947722870e-01 8.580236415818324192e-01 8.545973086910044758e-01 8.538851155215505528e-01 8.512474423139746449e-01 8.544378063116107036e-01 8.539085585190624439e-01 8.567429523689463755e-01 8.565938598220609324e-01 8.553186698000873056e-01 8.504987168095767824e-01 8.456091599762021183e-01 8.512245397631535981e-01 8.545214110962900955e-01 8.526036053097655332e-01 8.557463747229663298e-01 8.539755901313991204e-01 8.477601598705742925e-01 8.564286519250415841e-01 8.562181812983261642e-01 8.555500936688825719e-01 8.571385314638000352e-01 8.570026526721646887e-01 8.468772333192811086e-01 8.419943612193095950e-01 8.557278712133707943e-01 8.525878602451559818e-01 8.566725242395825113e-01 8.557784909245025329e-01 8.549225959900206284e-01 8.581568580246414779e-01 8.559568254212278626e-01 8.500124381572100596e-01 8.557733881410313215e-01 8.570722779064131602e-01 8.569873478878344830e-01 8.556407421703134952e-01 8.512884578874158059e-01 8.584297478446637486e-01 8.569653104514114439e-01 8.568183781427120005e-01 8.490371163035205226e-01 8.559457251386259902e-01
