1.000000000000000000e+00 3.280550139570769796e-01 8.955192155281946342e-02 -2.069698809130631201e-01 1.036786737876390085e-01 -2.271387759603711934e-02 -1.171966889687246910e-01 -1.008878626093789727e-01 3.160844681250989940e-01 1.804230766112271123e-01 5.217231413250270761e-02 -9.123417356027897773e-02 3.960517027716183719e-02 1.766346844843700442e-02 -6.714744651618138882e-02 -6.462962663184024237e-03 1.767521207563683416e-01 3.569915697308099767e-01 2.938433550909607672e-01 5.909143411071655222e-02 1.346123089981539067e-01 2.154668562787706576e-01 3.513747213120544388e-01 3.352306023366522503e-01 3.341628356390023979e-01 2.398643841758487938e-01 2.558193256801085114e-01 2.166380684069433848e-01 3.603247137755655749e-01 3.669094500549112126e-01 2.940058608494878212e-01 1.685034436833962035e-01 1.928993595092685920e-01 1.432482290032572325e-01 3.133339359595175844e-01 1.405478104298620023e-01 2.836271069247028320e-01 8.342306457304662914e-02 1.523462075829062345e-01 5.394404796652831763e-02 9.591917889982244649e-02 6.058579786786606747e-02 8.500548333627799824e-02 1.005630202899075454e-01 1.484383159246051576e-01 1.172984666066258230e-01 2.582583459127746339e-02 7.672157410317874404e-02 4.660723288541686500e-03 -1.627049987982579285e-02 5.017275647873178923e-02 -6.389039959150033532e-02 7.992861990038073201e-04 1.287642538357637034e-01 1.199121333300371406e-01 1.194196683292240296e-01 7.660795509465007092e-02 7.045450789711424355e-02 9.028185785140957487e-02 9.440774869206024211e-02 3.803699193113606325e-02 1.116928459445633709e-01 6.595645259857751963e-02 7.511607606987157071e-02 7.591367331243296934e-02 3.924887493071135131e-02 6.312910177829847425e-02 1.418625720248777033e-01 1.528404935918597773e-01 4.408580073441388525e-02 8.206134671070969278e-02 1.185655358754061917e-01 1.352573781660585395e-01 1.475694728369957853e-01 8.271582916176775657e-02 1.229496640064195456e-01 7.969047954104510612e-02 1.710134308306594242e-01 1.219840975975914482e-01 1.487588287011657184e-01 1.492900001434770973e-01 1.320156631163525995e-01 1.022498868893831347e-01 1.307398958178352111e-01 2.989968012944271489e-02 6.282248496125025783e-02 1.108397830865556627e-01 3.497475034832813606e-02 7.415560615130238620e-02 7.641862835340039461e-02 3.401437363667494246e-02 2.732683477179223205e-02 5.463452507171374234e-02 4.999339272498964232e-02 6.394060894454638849e-03 3.374008581769877974e-02 -3.746161929443873884e-02 -1.191661337824295383e-02 2.019006063331240698e-03 -4.195409011375431617e-03 1.324026802465750642e-02 1.236221686351218763e-02 -1.986451921393881173e-02 1.724483889634606873e-02 -9.833811118254669539e-03 3.715279956879928569e-02 7.599550115870920552e-03 5.453704479938299710e-02 7.018285519308165021e-02 3.537346927535239827e-02 3.613674731413572122e-02 4.107716006155631705e-02 4.634984175599627526e-02 2.456403892438194583e-02 4.304706400550910306e-02 2.184468377897083591e-03
3.280550139570769796e-01 1.000000000000000000e+00 1.821201069115592139e-02 -1.490626221706397025e-01 4.751602049288798646e-02 4.090443275678317531e-02 3.569337011942490256e-02 4.712707891398788124e-02 3.030089062265974298e-01 2.910088378179924162e-01 1.034093910821179130e-01 2.241504390021049203e-02 1.178436095761879465e-01 9.904106559890449302e-02 8.885688633661235902e-02 1.310716223086287602e-01 1.962117393054094994e-01 2.269623147344924374e-01 2.032257532169221281e-01 -3.075001500306706603e-02 1.058096793213772480e-02 1.181570627844621274e-01 2.129185940917579511e-01 1.623547444528808115e-01 2.312285433417994585e-01 2.515466815126007338e-01 2.623194805701900001e-01 2.495703513189076739e-01 3.302182229246253264e-01 3.102385338515105673e-01 2.875811149210781292e-01 1.921840631102668395e-01 2.444781058413810215e-01 1.448217762223715510e-01 2.772016273916447227e-01 1.188384855941796436e-01 2.501316272928387763e-01 1.806233979068202489e-01 2.049964619541073396e-01 1.469040222283535257e-01 1.862220650622846141e-01 1.733867818523589510e-01 1.607137491808481033e-01 1.756789492943607867e-01 1.936331333346786587e-01 2.018916562352509603e-01 1.425953807201491563e-01 1.787729049616618437e-01 1.395497205066140167e-01 7.705310738699329420e-02 1.434284169169001699e-01 1.154692158159100271e-02 9.649400992423397272e-02 2.147106592633613031e-01 2.204376118687047248e-01 1.937376019347712974e-01 1.517164688951183338e-01 1.755981856746659520e-01 1.944874282678587807e-01 1.808909327402844769e-01 1.361187881415664991e-01 2.036264565216692191e-01 1.557755185222495509e-01 1.665888172476327200e-01 1.506188922779076456e-01 1.329751536863720274e-01 1.685390600164406172e-01 1.942551265434682983e-01 1.948240284561006952e-01 8.619501438849239139e-02 1.303225162042229435e-01 1.762440735389457780e-01 1.455411327381066489e-01 1.645832417737842501e-01 1.766826668632535680e-01 1.979188413137960290e-01 1.908082602864605848e-01 2.422501936799555111e-01 2.134196179659148540e-01 2.217481035192651606e-01 2.167054913527344528e-01 2.148337337077733389e-01 1.703331791893560598e-01 2.108020626787576179e-01 1.293656321418331367e-01 1.452419370959827649e-01 1.723805478155117366e-01 1.454636051809828634e-01 1.711385350294742924e-01 1.721353230551333213e-01 1.426060870132586922e-01 1.446729748284944217e-01 1.523433223284424431e-01 1.636847200922786627e-01 1.371125799362793996e-01 1.543963778294439870e-01 6.838009337953099287e-02 8.375929129404963147e-02 1.139242468233941791e-01 1.093954763085645127e-01 1.221914743973092354e-01 1.150998038315394212e-01 1.005760330211851877e-01 1.259467695076120219e-01 9.983777451114481116e-02 1.271695780751772864e-01 1.267744067762285320e-01 1.703706428800686179e-01 1.802401458940977863e-01 1.538955142116570918e-01 1.522982372335792145e-01 1.516573725686777008e-01 1.572030667962717732e-01 1.289163601171240681e-01 1.408485227589555966e-01 1.192186151427570701e-01
8.955192155281946342e-02 1.821201069115592139e-02 1.000000000000000000e+00 3.632757001447038947e-01 2.523179656182806263e-01 2.223244140072976049e-01 2.919815720647216395e-01 2.933624678182425449e-01 3.237400851905856691e-01 3.005260989815584094e-01 3.963517457230956165e-01 4.093477662785585669e-01 3.564600266909486170e-01 3.498884707803454064e-01 3.428462500026153714e-01 3.617933850075465974e-01 3.851689084569752120e-01 3.421893642804151314e-01 3.548444593232706890e-01 3.297810496808719627e-01 3.973616410278684730e-01 4.134033401468980018e-01 3.583969662086801677e-01 3.622933190122645253e-01 3.543108199230072808e-01 3.613827127441288645e-01 3.538140999761206218e-01 3.329947970624059228e-01 3.243660581720975711e-01 3.418289774894447408e-01 3.708386110681898273e-01 3.969895105695358528e-01 3.378958119069769839e-01 3.909765759119991912e-01 3.571486270617890701e-01 4.080273815509701807e-01 3.653285777939786483e-01 3.536018781113252074e-01 3.777623119598392809e-01 3.624380837206854777e-01 3.783826734446641415e-01 3.590633265555880360e-01 3.752566077206112571e-01 3.906022551313205748e-01 4.052631526138012474e-01 3.675333286502901475e-01 3.811574333144711058e-01 3.784558562174710206e-01 3.828906013794596275e-01 3.971922006594103549e-01 3.857697497086262084e-01 4.102574782269708398e-01 4.041318117777341623e-01 3.738509557930208560e-01 3.622374114290183300e-01 3.794650974323252046e-01 3.953147996314089196e-01 3.801034579262211888e-01 3.755290903840956540e-01 3.852294508946689788e-01 3.936605493371000408e-01 3.778839961757446408e-01 3.866584331301295974e-01 3.979509111770840879e-01 4.062704438235592019e-01 4.043059134659624521e-01 3.890099395964328743e-01 3.952526215077321048e-01 3.983525700397398950e-01 4.137963083324339153e-01 4.155403587444337354e-01 4.020928094489095161e-01 4.079727142936260265e-01 4.052587590018509878e-01 3.900506057168968144e-01 3.840315226024137996e-01 3.723824718529842870e-01 3.725863015716210924e-01 3.713960950696092445e-01 3.784980661199759400e-01 3.787698775724937517e-01 3.836672889775967210e-01 3.984186944766978100e-01 3.784261917922885909e-01 3.888017503105382078e-01 3.934333836777700877e-01 3.984835050244952548e-01 3.821862560137460063e-01 3.819854732623461091e-01 3.819108097926952050e-01 3.808529909734357233e-01 3.802120023872926358e-01 3.918484396942826797e-01 3.800087309522409140e-01 3.761577725689182472e-01 3.818330454992172607e-01 3.953064527774732828e-01 3.991742751044977666e-01 3.901367299926582488e-01 3.867062698037270763e-01 3.845842295009250789e-01 3.957728861251809671e-01 3.928047269662912067e-01 3.911403468464535460e-01 3.967022407896921843e-01 4.003883288806762142e-01 3.868877090997247525e-01 3.752497131861493584e-01 3.777266612154352443e-01 3.813785874742464110e-01 3.783295068668687255e-01 3.846851994414699494e-01 3.846936749271169242e-01 3.906589359221024904e-01 3.951886621726407589e-01 3.933186094580269354e-01
-2.069698809130631201e-01 -1.490626221706397025e-01 3.632757001447038947e-01 1.000000000000000000e+00 3.301140565018350626e-01 4.056186389812498905e-01 5.400271283528298438e-01 5.348631462224282540e-01 3.309631552808468546e-01 3.441919187734086005e-01 5.461732267295849041e-01 6.792247928938733859e-01 4.996886888253310732e-01 5.248993019987665543e-01 5.810156503163229624e-01 5.526894845467305029e-01 4.749798773816198416e-01 2.538754494807949347e-01 3.334720619570217814e-01 4.918528248273789094e-01 5.197135300782964595e-01 4.868769156183113123e-01 2.884705250654082676e-01 3.150563986694536744e-01 3.292698347082894661e-01 4.075691957314375724e-01 3.787685262546158782e-01 3.794529427268739652e-01 2.553800299765413007e-01 2.838936147923064035e-01 3.690311367382275165e-01 4.629814947498830380e-01 3.595321108030672952e-01 4.838145216491187561e-01 3.150537066275334586e-01 5.201956278019458368e-01 3.760786847392568744e-01 4.803683135452144759e-01 4.715616799498830169e-01 5.302294704987045026e-01 5.136907091020642691e-01 5.069290292525310271e-01 5.316738881714103693e-01 5.339612435052631945e-01 5.037035458303082969e-01 4.828015773486329931e-01 5.446309353669842590e-01 5.223222057068525048e-01 5.591067174651345173e-01 6.004915420041103680e-01 5.611610039421276452e-01 6.610003887713159498e-01 5.990844930157438464e-01 4.927933142859692861e-01 4.825940453115928341e-01 4.984928163133933166e-01 5.564217811658939139e-01 5.247835797327394802e-01 5.138172121010847748e-01 5.195058871414743873e-01 5.671553444583589121e-01 4.999003831185576119e-01 5.406969033062302143e-01 5.390778473641376634e-01 5.538241479640731990e-01 5.776137937982446235e-01 5.247718810060806316e-01 4.804055598749059075e-01 4.766562781743671762e-01 5.948912595876050258e-01 5.630255154776325766e-01 5.199316050500435438e-01 5.106692690859377937e-01 5.051615848988332269e-01 5.249204299074322622e-01 4.928031061884312614e-01 5.004244294562234519e-01 4.387709273652412034e-01 4.791584614014252619e-01 4.577001937254070452e-01 4.657692764921070872e-01 4.822605400938171916e-01 5.163795215250537307e-01 4.711982326380870778e-01 5.469697059907354664e-01 5.391021826579803777e-01 5.180651760153953678e-01 5.429506903949045116e-01 5.216614818456720704e-01 5.201905125032164623e-01 5.493068050905230981e-01 5.467071543851926840e-01 5.505990055804201866e-01 5.348567083231637875e-01 5.461518133012368548e-01 5.402554507184477162e-01 6.232190225149923934e-01 6.080074577451224371e-01 5.782662473609766485e-01 5.804815564958619722e-01 5.725119797909978825e-01 5.838457004193067235e-01 5.908775111320621054e-01 5.715492438025920885e-01 5.934747931905492990e-01 5.729677327215456639e-01 5.682877648515762825e-01 5.242599068183844135e-01 5.158858274912551112e-01 5.425365469612355440e-01 5.382608649610755025e-01 5.439651046200890683e-01 5.378476346360813176e-01 5.675376000029557222e-01 5.605258674221226256e-01 5.791588000591991747e-01
1.036786737876390085e-01 4.751602049288798646e-02 2.523179656182806263e-01 3.301140565018350626e-01 1.000000000000000000e+00 2.708889320942097778e-01 4.228539464388918478e-01 4.184112433275306575e-01 4.346095826775749904e-01 3.728099528680121622e-01 4.533161627712747332e-01 4.581822542417330890e-01 4.915133407231053742e-01 4.357899205190371994e-01 4.742371318169242844e-01 4.833691346431921443e-01 4.648074893192700174e-01 4.230112230153442177e-01 4.381625416775276061e-01 3.889037570347775308e-01 4.749285781939085460e-01 4.815644292070937471e-01 4.348911208203004586e-01 4.296069525618972929e-01 4.385509361354920643e-01 4.733814916925756511e-01 4.515430309835002376e-01 4.300240081590460117e-01 3.919559546571172448e-01 4.148499567124049325e-01 4.568796065814097473e-01 4.543867489014751793e-01 3.660513773132858528e-01 4.685502079484398230e-01 4.083875590367170294e-01 4.848841349189569883e-01 4.584106010407630882e-01 4.213440482807096488e-01 4.523223131315997070e-01 4.470752440027495056e-01 4.732584001172609467e-01 4.533166667089358337e-01 4.842838743674249269e-01 4.852918647318331113e-01 4.715649129321540234e-01 4.610833272202964350e-01 4.686919848336871253e-01 4.641754327672526492e-01 4.521214042669145505e-01 4.643561975111829554e-01 4.646847392544516397e-01 5.052236352292679422e-01 4.948915806569803011e-01 4.630140604926823444e-01 4.529526098465006534e-01 4.793448044822939957e-01 4.754980695763921794e-01 4.619914705215552586e-01 4.416661818960075370e-01 4.885406795858789897e-01 4.908149581436538900e-01 4.678555501330906585e-01 4.716177517877851999e-01 4.709166823772784616e-01 4.951020316074800642e-01 4.895510717215313390e-01 4.650531629976299430e-01 4.808307659188885141e-01 4.790468448641171384e-01 4.953452925039771859e-01 4.968285408337488329e-01 4.917529365612611225e-01 4.911899320759052778e-01 4.937928768942173585e-01 4.844224342124802130e-01 4.845481123125374157e-01 4.624709899626759935e-01 4.579282104288451838e-01 4.525867635864091465e-01 4.596772608628461598e-01 4.674020971634033628e-01 4.667498498967720955e-01 4.823443219756096134e-01 4.507052924784011871e-01 4.602709031719120492e-01 4.761740764576594676e-01 4.799541914015588717e-01 4.647556015673968699e-01 4.656456799244481637e-01 4.704324926612584168e-01 4.640081438010624781e-01 4.732427254506625380e-01 4.799570372922549732e-01 4.691371031466284869e-01 4.618008393753432750e-01 4.642249333921158461e-01 4.713194407059539404e-01 4.795706807164410446e-01 4.767247131426627371e-01 4.702252540455477137e-01 4.742972852546561424e-01 4.810495372696243499e-01 4.787648377765344465e-01 4.817603812758693982e-01 4.843263069710668778e-01 4.781286432450497226e-01 4.676643663599487910e-01 4.696247152902940925e-01 4.685175791412285462e-01 4.688205833883283824e-01 4.651512865890244375e-01 4.757355436297403539e-01 4.634800041306284535e-01 4.781830792257726337e-01 4.862633237496227778e-01 4.789004868048080121e-01
-2.271387759603711934e-02 4.090443275678317531e-02 2.223244140072976049e-01 4.056186389812498905e-01 2.708889320942097778e-01 1.000000000000000000e+00 5.188201174646281943e-01 4.733077391142306856e-01 4.613675805055737489e-01 4.586563987462591307e-01 5.346427378034951383e-01 5.683623766150248668e-01 5.286070851906012891e-01 5.360240449538044016e-01 5.712743635275753240e-01 5.592442634792912370e-01 5.095332343371758999e-01 3.615836864656428173e-01 4.301936852312251980e-01 3.508584279161593988e-01 4.214098239542992674e-01 4.896025558063547001e-01 3.928014513612935188e-01 3.699573381501559677e-01 4.369164918588733793e-01 5.175063820828839090e-01 5.118917219602726609e-01 5.075587131745326053e-01 4.312520609080022771e-01 4.470452886682746985e-01 5.044702851076079408e-01 5.019848331941386688e-01 4.525179818674766041e-01 4.864388517085148078e-01 4.339886518059659082e-01 5.034819099247668239e-01 4.844113463665843944e-01 5.202707301710693955e-01 5.337256431863995898e-01 5.611958225749015261e-01 5.823426697352682702e-01 5.731803817594933737e-01 5.760140866323074649e-01 5.880976520014584707e-01 5.690790291147833635e-01 5.737393968447315196e-01 5.792537200929464003e-01 5.760485863998031641e-01 5.680393401591435909e-01 5.331346733776551883e-01 5.530553844233742078e-01 5.649079235749886463e-01 5.790131258567976502e-01 5.623141641943243396e-01 5.536428081616416863e-01 5.620660971538006256e-01 5.507824437422114139e-01 5.797999966423719176e-01 5.657030373930057587e-01 5.764874607697330067e-01 5.812819956735684190e-01 5.616690010879051842e-01 5.647016147139776177e-01 5.576391617455088712e-01 5.701646464680494297e-01 5.761867318179118014e-01 5.790821982264214851e-01 5.615873425531249241e-01 5.486523821248040500e-01 5.589872040451415725e-01 5.788227347155092684e-01 5.780287785557229885e-01 5.469800013126953075e-01 5.595630065193653024e-01 5.838806256593135346e-01 5.720603702319986272e-01 5.793437946830393148e-01 5.456685992761199921e-01 5.697372547764166795e-01 5.477619796412386277e-01 5.532191767896638135e-01 5.665440538957476901e-01 5.662844215249154267e-01 5.505576564767324932e-01 5.611935970669467144e-01 5.671291098390150998e-01 5.671451747405680255e-01 5.772629919116033514e-01 5.751552603695448962e-01 5.779827373844792504e-01 5.848061936839357156e-01 5.894944732923618202e-01 5.888786490101594051e-01 5.879536285064295154e-01 5.802813485274073146e-01 5.820373309442982146e-01 5.823974776002931453e-01 5.697329530823839194e-01 5.831625548342571630e-01 5.789164407720319705e-01 5.924168029622757237e-01 5.866046313816744018e-01 5.849594573591559987e-01 5.924526665337069842e-01 5.837301989604295471e-01 5.791168271399778078e-01 5.783940284807482790e-01 5.765274620632538927e-01 5.771936460008444403e-01 5.795956004012678964e-01 5.837017278270336673e-01 5.836094485102978346e-01 5.795747477543272685e-01 5.789933432134711788e-01 5.828830131767258615e-01 5.827554786175492829e-01
-1.171966889687246910e-01 3.569337011942490256e-02 2.919815720647216395e-01 5.400271283528298438e-01 4.228539464388918478e-01 5.188201174646281943e-01 1.000000000000000000e+00 6.920540465175162304e-01 5.605559235637092019e-01 5.919580254880185688e-01 6.726444731434386703e-01 7.350337106075536253e-01 6.805961856074895788e-01 6.660735177526572182e-01 8.296393378802731089e-01 7.486159340584773725e-01 6.184985043107579239e-01 4.135541218538784647e-01 4.988457917498249072e-01 4.326792551815474841e-01 4.874226209375243091e-01 5.495939250187268366e-01 4.422753228993249186e-01 4.228680359948622791e-01 4.934045285587541629e-01 6.313314012443592693e-01 6.110136329534717747e-01 6.352372224746336560e-01 5.057501885264277242e-01 5.112952418863704329e-01 5.797729502395014833e-01 6.275413651767806078e-01 5.884044145121654079e-01 6.295912184359938601e-01 5.198722309911741890e-01 6.124008290429139301e-01 5.591925855355535102e-01 6.834634118924778345e-01 6.715875591638034159e-01 7.119715645291604389e-01 7.193817074950880075e-01 7.340238878092342212e-01 7.174048240686448086e-01 7.324435248896485895e-01 6.939869331772301475e-01 7.105087470924184023e-01 7.348020319040982073e-01 7.154208992281573254e-01 7.192692292963120959e-01 6.962065983809156977e-01 7.011540295736363726e-01 7.170295045294078351e-01 7.327486591849347031e-01 6.792468510638316470e-01 6.718926118479571219e-01 6.900075567217966999e-01 6.628171152796046295e-01 7.173620111844909442e-01 6.882087951357476197e-01 7.108929512278917562e-01 7.221015600499713916e-01 6.808179626182061517e-01 6.885984505040189108e-01 6.849608855241768879e-01 7.016548946657666930e-01 7.095834384241741510e-01 7.232954725263773810e-01 6.902640952874221636e-01 6.752409994186743258e-01 7.058771850555369820e-01 7.146226340038065450e-01 7.056004304580781872e-01 6.773684422744513656e-01 6.846772012993205259e-01 7.294934830625056099e-01 7.135383364360391445e-01 7.307832148933207650e-01 6.728397092043629790e-01 7.109021542980239472e-01 6.822809919475646412e-01 6.793746169751517794e-01 6.946678038656486365e-01 7.028034595719452327e-01 7.005532149377050599e-01 7.256975045172273653e-01 7.232689626712430764e-01 7.012997851536988403e-01 7.420163731323239364e-01 7.261726591546221465e-01 7.191069009314309257e-01 7.500992475778643920e-01 7.508301464426383465e-01 7.385339451372724406e-01 7.461469094145808389e-01 7.366792045005047251e-01 7.321769207447608174e-01 7.375818429659027897e-01 7.136481133946710464e-01 7.312573995794626747e-01 7.434018535239300673e-01 7.474693288472346042e-01 7.317238388976238239e-01 7.482364146431436103e-01 7.460301069532593310e-01 7.384094398582837782e-01 7.097473894603096856e-01 7.314341617872673895e-01 7.229716537476075233e-01 7.228083747863658370e-01 7.337199449538989171e-01 7.319250469992097941e-01 7.322527440160601087e-01 7.194043728274680527e-01 7.272975079364490947e-01 7.302434145234950602e-01 7.337421665214601818e-01
-1.008878626093789727e-01 4.712707891398788124e-02 2.933624678182425449e-01 5.348631462224282540e-01 4.184112433275306575e-01 4.733077391142306856e-01 6.920540465175162304e-01 1.000000000000000000e+00 5.726327221437910175e-01 5.956070280238763281e-01 6.731979513630405032e-01 7.543197856978114402e-01 6.859452873725769839e-01 6.677098007107201694e-01 7.845460006238248463e-01 7.907098566985377719e-01 6.207819182074789666e-01 4.139216905796419543e-01 4.778316855492749649e-01 4.566576305841165140e-01 4.858921682988834867e-01 5.423794525575238445e-01 4.169848325906311270e-01 3.948758162889057233e-01 4.694659995904775229e-01 6.327116238288890138e-01 5.963979686541459602e-01 6.220763501807106133e-01 5.042085087425868251e-01 5.077007194421752079e-01 5.824147680944885552e-01 6.167939152334783737e-01 5.805740069145814974e-01 6.197902165197879398e-01 5.174423270108259310e-01 6.023386789106384143e-01 5.563019603736596430e-01 7.065008528050932268e-01 6.816783858904671423e-01 7.040105730539867324e-01 7.172031382349236539e-01 7.424988568215085127e-01 7.160140163276690339e-01 7.345931332800913482e-01 6.824435174108672841e-01 7.158005330627017493e-01 7.442972030220836865e-01 7.328717483259286070e-01 7.432173052313421069e-01 7.268614090415271844e-01 7.276094494305139770e-01 7.413060272379399240e-01 7.475842289246142913e-01 7.021631662781130379e-01 6.927165316192274158e-01 7.006375266336328789e-01 6.975543797706337257e-01 7.405483719577297119e-01 7.115416883805486536e-01 7.293383398341352075e-01 7.395419017186950494e-01 7.077478956765433926e-01 7.198270207009901389e-01 7.139512103836697099e-01 7.149205120582144968e-01 7.332510162524292774e-01 7.346897124915940935e-01 6.955357190006761225e-01 6.769220332953306274e-01 7.130466087803495334e-01 7.136638574342895058e-01 7.099143619498032853e-01 6.676020099552431031e-01 6.763642381043176721e-01 7.372445606332570511e-01 7.161485968917604694e-01 7.353248076364934382e-01 6.854288427702438513e-01 7.194927467274606636e-01 6.881916612906380237e-01 6.870320206034268296e-01 7.012649067068582598e-01 7.089195618529827714e-01 7.058837580836215819e-01 7.460251289281727427e-01 7.288300097415212342e-01 6.995778219506113560e-01 7.604107997199925917e-01 7.359994184826748054e-01 7.279635974949848487e-01 7.516257818524276768e-01 7.601930269152464836e-01 7.392072097941682074e-01 7.532343164448762618e-01 7.529458478562407464e-01 7.481570372262211777e-01 7.682227750691851265e-01 7.504675729010396035e-01 7.562490010812511487e-01 7.685831347235697608e-01 7.603755023650945466e-01 7.596537863725402184e-01 7.620167008895922800e-01 7.650114962586369582e-01 7.579805917812334481e-01 7.429373905613402274e-01 7.552959679904203139e-01 7.409815347755331905e-01 7.371994899060970718e-01 7.581198868751356512e-01 7.554368988653176187e-01 7.505937388383266962e-01 7.456258851490986661e-01 7.534527473424034172e-01 7.423527683597663795e-01 7.553169049008136016e-01
3.160844681250989940e-01 3.030089062265974298e-01 3.237400851905856691e-01 3.309631552808468546e-01 4.346095826775749904e-01 4.613675805055737489e-01 5.605559235637092019e-01 5.726327221437910175e-01 1.000000000000000000e+00 7.798831811623970767e-01 7.567573329724941456e-01 6.965193574207541038e-01 7.310186807638666684e-01 7.187927063377438364e-01 7.392766210974960339e-01 7.631839197020549026e-01 7.836314370761359172e-01 6.863337897088473971e-01 7.173844814704775086e-01 4.426796514867917809e-01 5.727040788883051015e-01 7.154372751179119971e-01 7.284552055318441743e-01 6.698322848916582473e-01 7.746199832216411618e-01 8.473492147027839039e-01 8.388542350897139066e-01 8.245867127189097090e-01 8.106945074194950029e-01 8.466014410743737395e-01 8.727250295600078589e-01 7.948803814346874219e-01 7.628111472871723642e-01 7.772604166063339370e-01 8.181042262054765146e-01 7.721023389553536287e-01 8.555646309295752427e-01 7.966930142757125966e-01 8.461208353957665462e-01 7.752501869112337074e-01 8.405688470639963716e-01 8.155348878931916179e-01 8.149249041303601171e-01 8.471698561741740630e-01 8.440946992732143439e-01 8.575790205410316336e-01 8.267126211271301761e-01 8.454835270115831358e-01 7.990694088466606670e-01 7.451117607876591720e-01 8.008422711826670426e-01 7.084884161014085580e-01 7.926766429979936746e-01 8.429440228661699841e-01 8.298075532985309533e-01 8.466890620272341517e-01 7.935071861404875415e-01 8.326668307858389184e-01 8.226700246563081187e-01 8.481703316057904729e-01 8.179495938117600229e-01 8.373999388535648958e-01 8.097995217600091333e-01 8.242123494527627825e-01 8.220183355366857958e-01 8.080386698957968683e-01 8.381693190615595590e-01 8.504392895042869327e-01 8.513976571983991048e-01 7.707605330923279485e-01 8.202395916365406991e-01 8.533113365815971907e-01 8.198734126714983805e-01 8.495936618069176438e-01 8.521368772600188546e-01 8.660336573743939725e-01 8.528274429655462452e-01 8.693071187236904862e-01 8.643653458530951017e-01 8.720951943776218407e-01 8.753820944241076374e-01 8.704969672077482734e-01 8.442526340039475663e-01 8.630683602314919156e-01 8.136738161371244171e-01 8.329490907753227535e-01 8.542215634613028463e-01 8.290754764143888345e-01 8.515835263521118748e-01 8.434888719225017706e-01 8.232935939500857225e-01 8.316492079305144447e-01 8.366489262479198663e-01 8.428379517047729363e-01 8.204550822683618350e-01 8.312031428327092408e-01 7.702914564253618979e-01 7.828282543426688944e-01 8.097508825000612198e-01 8.060744401533894710e-01 8.170379132481037088e-01 8.109607434753453026e-01 7.963803499524306773e-01 8.235536515298771398e-01 7.998964716747481996e-01 8.108640592776084066e-01 8.140738680548189610e-01 8.415035514914239734e-01 8.468413262637424221e-01 8.342417231509492437e-01 8.291441768896208320e-01 8.339759772559667272e-01 8.308041191512814949e-01 8.232687637319626717e-01 8.255076260207161454e-01 8.065165824972483355e-01
1.804230766112271123e-01 2.910088378179924162e-01 3.005260989815584094e-01 3.441919187734086005e-01 3.728099528680121622e-01 4.586563987462591307e-01 5.919580254880185688e-01 5.956070280238763281e-01 7.798831811623970767e-01 1.000000000000000000e+00 7.149306149461615023e-01 6.976754771647983855e-01 7.029582433620715776e-01 7.072230035754186739e-01 7.470209191241623525e-01 7.673513926283233033e-01 7.432727070140162651e-01 6.191713073852672666e-01 6.541435657121729141e-01 4.126354323293133786e-01 5.223880118194490496e-01 6.425662761452675120e-01 6.468715587862746697e-01 6.001714192984672902e-01 6.836937770880477938e-01 7.834007976218246849e-01 7.722964849158985290e-01 7.657680830047373099e-01 7.416512024294631411e-01 7.522173123806669137e-01 7.913056636855121395e-01 7.689637053166427094e-01 7.243487448956499319e-01 7.347922905401590432e-01 7.421610768098879651e-01 7.206754642838161251e-01 7.642174099344779536e-01 7.782217213575732817e-01 8.027428581297478827e-01 7.535457917963706009e-01 8.120428417899261397e-01 7.952696762223473437e-01 7.848986138676250501e-01 8.133268917961886668e-01 8.019124701576094694e-01 8.180709263612404580e-01 8.067838944243305166e-01 8.219427904783591643e-01 7.955321438392142230e-01 7.334934470177005839e-01 7.817552150860912485e-01 6.976978095313592920e-01 7.747897388376042693e-01 8.163494606067830395e-01 8.055431806543235096e-01 8.113801585550356466e-01 7.725023890101488933e-01 8.142937425091913983e-01 8.042621506824360056e-01 8.148986484638035543e-01 8.000943504462916245e-01 8.066368359656330700e-01 7.875886634431440436e-01 8.000857422769526162e-01 7.895090081856828146e-01 7.871004325627789511e-01 8.186521459635793807e-01 8.189525135091912933e-01 8.143151377970123672e-01 7.469011363993384167e-01 7.851174523160715513e-01 8.150881231751918587e-01 7.816612453748106315e-01 8.009476248848500513e-01 8.199548987194252847e-01 8.286475525970695699e-01 8.246392993015786432e-01 8.305948952608422919e-01 8.291140209349376899e-01 8.278373724382065424e-01 8.247335147310221881e-01 8.309239530573350185e-01 8.147323440888933899e-01 8.260348774190885424e-01 7.941174129359144240e-01 8.057196669623096774e-01 8.140638738993778434e-01 8.108491852298383984e-01 8.229108671487709303e-01 8.168018190262035239e-01 8.035692579321591644e-01 8.102931637691258571e-01 8.129025739268822548e-01 8.185927025528856316e-01 8.057115042852063258e-01 8.153704324019325211e-01 7.561589356466825729e-01 7.615182296625141456e-01 7.897528937969733320e-01 7.873842432674766911e-01 7.973626876520134577e-01 7.927968604026748300e-01 7.845640964947466767e-01 8.019210943761554411e-01 7.856034714214943371e-01 7.909473278753406111e-01 7.992253795271327954e-01 8.188600236002727684e-01 8.214104407937280472e-01 8.142951453335927070e-01 8.100510925972861376e-01 8.127815642114906147e-01 8.111488352701963223e-01 8.000595958689445952e-01 8.039471982427390806e-01 7.918037430489583972e-01
5.217231413250270761e-02 1.034093910821179130e-01 3.963517457230956165e-01 5.461732267295849041e-01 4.533161627712747332e-01 5.346427378034951383e-01 6.726444731434386703e-01 6.731979513630405032e-01 7.567573329724941456e-01 7.149306149461615023e-01 1.000000000000000000e+00 8.510816559695408845e-01 7.778473625580348827e-01 7.937369243888250381e-01 8.360890751220599881e-01 8.370703872597210493e-01 7.966934256219073696e-01 6.301756708133676721e-01 6.827606746736479826e-01 5.604714589612893594e-01 6.716075915750258085e-01 7.454799758186488878e-01 6.754669487243446513e-01 6.491016039625647771e-01 7.123677585472221185e-01 8.103801437986783984e-01 7.812240289581690034e-01 7.610616042590443442e-01 6.937082037103287080e-01 7.412895600477010793e-01 8.122831652439332917e-01 8.278829337657571674e-01 7.231261066317414832e-01 8.145317268745621009e-01 7.455377080696490300e-01 8.183402591345105836e-01 8.031387875100898244e-01 8.234994894619876993e-01 8.479910357294068168e-01 8.224276195916273569e-01 8.705782453293484657e-01 8.375691384176622289e-01 8.442481975927198512e-01 8.808421977535799696e-01 8.641917840857479272e-01 8.605584785117446067e-01 8.908045872731210624e-01 8.870834852737046194e-01 8.832366377689900849e-01 8.596003950438373398e-01 8.691227118461789525e-01 8.550708467248750999e-01 8.897223770329024672e-01 8.675358702763146246e-01 8.536456443608423372e-01 8.735806982090186246e-01 8.666421886802919694e-01 8.788276437326238977e-01 8.671459360640229042e-01 8.850027082247591270e-01 8.954200638344333996e-01 8.696082389396075918e-01 8.748149239969074120e-01 8.839520948722691118e-01 8.870725035778656009e-01 8.893792097562667198e-01 8.904608079585331071e-01 8.765121239842311729e-01 8.762678078721152231e-01 8.712730479080161849e-01 8.897780406166477807e-01 8.919935763796880135e-01 8.724287668911162585e-01 8.809537792407595713e-01 8.918466012175576552e-01 8.820223049561218831e-01 8.770342077898592992e-01 8.547271044147153329e-01 8.703148742309085861e-01 8.757089446251843379e-01 8.767078462514499293e-01 8.825967278033449714e-01 8.901904343483442172e-01 8.717091956573893574e-01 8.815861445292212384e-01 8.899677889485160254e-01 8.912038855777263402e-01 8.871179591842131007e-01 8.892368455306098873e-01 8.869489346768488769e-01 8.813252513712063196e-01 8.893865302289587493e-01 8.953132634576205229e-01 8.886159683692311795e-01 8.920975755765343518e-01 8.932674873995136711e-01 8.784136390135872663e-01 8.827221150981936493e-01 8.947423180985439872e-01 8.886083962429314198e-01 8.866379001458043474e-01 8.926332291313804346e-01 8.932858413161451905e-01 8.960119018278999148e-01 8.942068108452433384e-01 8.862659381593783747e-01 8.953608753982443824e-01 8.884406285054946562e-01 8.878758526051250266e-01 8.925468873132338388e-01 8.869785129304889049e-01 8.934156833374955475e-01 8.890746430437717063e-01 8.945480878355946963e-01 8.945597266783955614e-01 8.915274794435531502e-01
-9.123417356027897773e-02 2.241504390021049203e-02 4.093477662785585669e-01 6.792247928938733859e-01 4.581822542417330890e-01 5.683623766150248668e-01 7.350337106075536253e-01 7.543197856978114402e-01 6.965193574207541038e-01 6.976754771647983855e-01 8.510816559695408845e-01 1.000000000000000000e+00 8.111876657373157107e-01 8.219700858985979908e-01 8.889089895738325753e-01 8.842950495968653346e-01 7.854622487110667350e-01 5.358280079387891526e-01 6.083391720816347936e-01 6.125719498998269952e-01 6.663329312306477403e-01 7.107094656135394262e-01 5.866403328238405379e-01 5.685351149474205945e-01 6.287075725681148253e-01 7.545956333468094579e-01 7.229220990310660788e-01 7.106017006814383530e-01 6.000174266811418855e-01 6.466142970600302631e-01 7.445588402223788371e-01 7.887160774123702645e-01 6.650213868327113920e-01 7.856132841077805296e-01 6.527165329362573098e-01 8.019070918545196935e-01 7.357344346635278365e-01 8.105493922172378740e-01 8.193117208336533341e-01 8.259378791174574186e-01 8.712625514995615550e-01 8.453708963318105063e-01 8.524533219482729463e-01 8.821629513295549119e-01 8.462279136981117889e-01 8.508017260844038532e-01 9.115836868187878750e-01 8.991805852688573575e-01 9.112802390233085692e-01 8.852003620915196436e-01 8.781418903972000312e-01 9.141067813381752449e-01 9.255744846771845058e-01 8.696438608499578171e-01 8.513881424451527069e-01 8.590818030032961738e-01 8.847686738109296067e-01 8.880711554297261445e-01 8.728403350822233620e-01 8.946054368035986082e-01 9.200485020675518433e-01 8.770158901419033981e-01 8.936942587467961996e-01 8.988327168479434137e-01 8.981133673016112873e-01 9.203787832884079423e-01 9.012412595798550141e-01 8.588448363135878783e-01 8.543505513721971756e-01 9.041828803189381203e-01 8.962521572935320258e-01 8.845427918526751476e-01 8.625646793330977724e-01 8.650537264784702307e-01 8.940038311928029113e-01 8.700236830206591332e-01 8.785390225739971859e-01 8.262021125306588942e-01 8.580290446728709997e-01 8.510249777578571262e-01 8.538919852050900205e-01 8.686712961394855714e-01 8.837731754989129884e-01 8.521733538666178553e-01 8.944794243516135390e-01 8.961949766581186472e-01 8.856864369741704879e-01 9.013824108544646885e-01 8.916848694052519342e-01 8.885550644317011804e-01 8.966627649598534200e-01 9.091507591014402756e-01 9.073765533868092259e-01 9.015723683214327266e-01 9.178327977477777067e-01 9.140348426056517095e-01 9.298812309294380851e-01 9.238485499474069496e-01 9.251745848906075542e-01 9.181863057100549952e-01 9.128182284804047253e-01 9.240003795039568590e-01 9.321595501929160754e-01 9.239436642277520928e-01 9.305505485700923396e-01 9.152864877740892746e-01 9.243139472179588978e-01 9.031782084996643478e-01 8.945123328929331930e-01 9.112128837870893117e-01 9.067205479012213631e-01 9.147108545931591506e-01 9.083140172520220990e-01 9.206286457423209502e-01 9.144440028134378506e-01 9.284093583378967285e-01
3.960517027716183719e-02 1.178436095761879465e-01 3.564600266909486170e-01 4.996886888253310732e-01 4.915133407231053742e-01 5.286070851906012891e-01 6.805961856074895788e-01 6.859452873725769839e-01 7.310186807638666684e-01 7.029582433620715776e-01 7.778473625580348827e-01 8.111876657373157107e-01 1.000000000000000000e+00 7.649672166503651560e-01 8.204114332664886877e-01 8.383241271194455946e-01 7.628529157670668193e-01 5.746336938000606853e-01 6.395866805703186442e-01 5.081848338303841528e-01 6.069557766739607230e-01 6.951406108640936221e-01 6.118893552926186752e-01 5.834919278578518664e-01 6.644549157398516037e-01 7.868061940803431353e-01 7.583854671882743759e-01 7.442202693787716150e-01 6.713331882109578874e-01 6.996435157024877283e-01 7.720050568377826439e-01 7.607435604468749668e-01 6.765992594866898635e-01 7.558190913985376458e-01 6.839622045867930211e-01 7.607265444840565216e-01 7.525198532825349007e-01 7.712419582538166951e-01 8.009156110085339231e-01 7.812287326896552031e-01 8.445749726648805744e-01 8.201658665943298843e-01 8.262718227305267948e-01 8.524643654165016127e-01 8.287039732370242717e-01 8.302510313973109346e-01 8.611770076832157006e-01 8.519224970374709160e-01 8.425082354312968258e-01 7.980602012520543465e-01 8.138146171314187827e-01 8.157407706293702265e-01 8.494564211792058339e-01 8.344329726695651761e-01 8.194873131158062485e-01 8.296686337550945867e-01 8.161510668939727653e-01 8.449836784132512824e-01 8.198289238799391088e-01 8.580247638786525632e-01 8.613558127523823771e-01 8.338276525570739173e-01 8.330582683719750525e-01 8.410577876809903763e-01 8.492636353188288689e-01 8.533063692691149615e-01 8.546468302680387819e-01 8.384027673854563822e-01 8.300234667673133115e-01 8.257926694484157837e-01 8.480395590147435936e-01 8.544662614455896810e-01 8.236437037829464902e-01 8.378942268318750886e-01 8.631836934240836312e-01 8.524437455063481606e-01 8.550945158204356078e-01 8.271917035089034753e-01 8.456705266347592787e-01 8.363243907473365546e-01 8.369958945458896293e-01 8.501927020178660088e-01 8.446235473571339636e-01 8.291441939315549181e-01 8.390691834010022276e-01 8.489207903786379905e-01 8.488451332642701352e-01 8.500117218411511466e-01 8.536336005234114177e-01 8.509138931144534235e-01 8.488634395378833464e-01 8.627805040252641833e-01 8.623918644409332979e-01 8.624610291908079152e-01 8.596697976316515222e-01 8.601565220112328269e-01 8.421533987453471148e-01 8.434740875343097466e-01 8.596995981610757731e-01 8.517779114736480084e-01 8.579127445619595393e-01 8.562298669791817973e-01 8.594050292557097182e-01 8.658184684651176743e-01 8.596370897523498700e-01 8.505847773756339825e-01 8.576679505292218453e-01 8.584686590752129698e-01 8.571590547022692741e-01 8.587804287354422472e-01 8.538274428323530119e-01 8.632807780439482048e-01 8.531147790259221431e-01 8.615491852599076461e-01 8.605847924089893297e-01 8.597928733726715178e-01
