1.000000000000000000e+00 1.021911579797589176e-01 4.108647714124323558e-02 8.147422046539566642e-02 6.722452145184407146e-02 1.419499870505725077e-02 3.693439462366997217e-02 3.081632469302866134e-02 6.501321144086004422e-02 6.371761104650064400e-02 2.097401722935465090e-02 2.685144298991154477e-02 1.405120653630828609e-02 -5.996438267577943078e-03 9.151766197118658616e-03 1.174922191437549612e-02 5.251036081792250648e-02 4.657311768959133264e-02 2.615872824872744057e-02 5.081358649809775141e-02 9.322988386079211071e-03 2.150747127178911922e-02 3.886882946751991225e-02 5.412513983036720128e-02 2.079472291436329501e-02 5.812832226957172915e-02 4.494246046577576176e-02 3.295265055732335413e-02 6.468339119564490980e-02 3.742756108342906729e-02 4.061204470577443881e-02 3.676167432129009982e-02 1.755944232918281445e-02 2.245137282526821904e-02 2.544162144600413053e-02 1.243569399264173383e-02 1.697484463803657431e-02 4.429105659626823670e-03 6.052830329840615253e-03 -1.720643988379459005e-03 1.151346075256007642e-02 4.355777056126787267e-04 -2.741749013873722926e-02 9.037384238491059235e-03 1.949401978701156835e-02 -5.579415546053945445e-04 1.268214878138264855e-02 7.921478647479196153e-03 3.938708510225771842e-02 2.173857780313076873e-02 3.558110348162944747e-02 9.330000229602033318e-03 1.547762278276676971e-02 2.031069571134717228e-02 1.510142322278502924e-02 5.930394173137684168e-03 3.895922329493219788e-02 -2.287511503086508968e-03 1.482859726771955378e-02 2.099212635257549989e-02 3.514555691151102432e-03 6.019124803276264778e-03 1.215603244362759711e-02 2.371298673853831918e-02 2.870038078147561442e-02 2.655381323591476245e-02 1.120464459292916728e-02 1.141334771418568185e-02 2.143792857226576101e-02 1.921056874023128677e-02 1.258123764422319074e-02 1.246955025463959699e-02 2.135695534280225225e-02 1.668563434828972125e-02 1.876682947972956733e-02 1.591864293032205224e-02 1.588331380040234123e-02 2.941027170138381386e-02 2.247551408831147124e-02 2.342850277233472778e-02 1.727712736628789908e-02 1.481151353498584219e-02 2.485472863579871877e-02 9.517035878189717205e-03 9.358746128713301554e-03 1.248417492427172752e-02 6.724134295775509654e-03 6.378654875517377441e-03 2.740874739127054614e-03 5.384725627014337948e-03 1.273064379312963330e-04 4.522807542073669154e-03 6.358292151369374264e-03 2.960731028312130718e-03 6.370260656421780632e-03 3.941951586727235335e-03 1.462759270356987079e-02 3.538334554919676106e-02 8.922000051552841232e-03 1.293827774148742851e-02 -7.549369717561182566e-03 1.076269329988249063e-02 7.512948057138329853e-03 4.359774996609481860e-03 9.426062875127755661e-03 2.489798663361702732e-02 2.278487708165500419e-02 1.272660258728284567e-02 7.325611230538381889e-03 1.202318187087919078e-02 3.174623749549371904e-03 1.452536458972800322e-02 3.580660160411581854e-03 1.585615075853910594e-02 1.879499326470364037e-02 1.748507581845861608e-02
1.021911579797589176e-01 1.000000000000000000e+00 4.427036942437118788e-02 1.222139021018394944e-01 1.109865634880137092e-01 1.132646671365095808e-01 1.616655659726568273e-01 1.742799549935182268e-01 1.684739367697996315e-01 1.694006344528841967e-01 1.552879477442472289e-01 1.732738563913128471e-01 1.626597436509161221e-01 1.393149380278906058e-01 1.777914269641131251e-01 1.754596318990631898e-01 1.897640033837133533e-01 1.535545914319293159e-01 1.556502906014488596e-01 1.472049008637946466e-01 1.559613167695467206e-01 1.611392586600997323e-01 1.563471406401208408e-01 1.537034392043833408e-01 1.513697618369357900e-01 1.726434089097803048e-01 1.742005328193121649e-01 1.557860608971053940e-01 1.722645163942988500e-01 1.800077498615611504e-01 1.750130681089299145e-01 1.880100120467615155e-01 1.655528641484342034e-01 1.720668824155535126e-01 1.696601895573161545e-01 1.512300244953893036e-01 1.658721427715153240e-01 1.729450821230417989e-01 1.656988297996176973e-01 1.536328511098535299e-01 1.687088419817273921e-01 1.632347487988926871e-01 1.518436120458447891e-01 1.639754687614570772e-01 1.673295164720705330e-01 1.664627925461323321e-01 1.789741346859958504e-01 1.805926279339155893e-01 1.856825789621051048e-01 1.803784952119783236e-01 1.866823204610656706e-01 1.592280196607360199e-01 1.718502477619561208e-01 1.723671865590132579e-01 1.643691820746561727e-01 1.657589433279827995e-01 1.746602615823223126e-01 1.643802546301080802e-01 1.680955813045428848e-01 1.765819600770432707e-01 1.685000671182399490e-01 1.696446994303987543e-01 1.730147493165854755e-01 1.748557965518006685e-01 1.780175300587418241e-01 1.756712753793022441e-01 1.768666420122995409e-01 1.655552588836728400e-01 1.792822554775089505e-01 1.704276894794169994e-01 1.691412421557935142e-01 1.701444053951248481e-01 1.662242557546117216e-01 1.680678415909137302e-01 1.754881360811123558e-01 1.724140320845463648e-01 1.752512078254152839e-01 1.799183942619834164e-01 1.850902152461784966e-01 1.790062669357203873e-01 1.696495075585397749e-01 1.721916476222224712e-01 1.774308647388395110e-01 1.746854208420008103e-01 1.787458450369716623e-01 1.746689673565201550e-01 1.673369218707101425e-01 1.788853613570000056e-01 1.688242637714684469e-01 1.674297184383659043e-01 1.714263243943792980e-01 1.723537712668990196e-01 1.692855699266973823e-01 1.695192656549738275e-01 1.751843538502326492e-01 1.730181950077606945e-01 1.681174505176870337e-01 1.811126325617658794e-01 1.757780185158205055e-01 1.830440429670905367e-01 1.634731720325426352e-01 1.759666952981935317e-01 1.698354613454282902e-01 1.695942610977421439e-01 1.703785241338647005e-01 1.731125146979560214e-01 1.831983498069392480e-01 1.757060384732642699e-01 1.703567585583400934e-01 1.746182219396731072e-01 1.706656924375664075e-01 1.736210001172417416e-01 1.695176935934655238e-01 1.744363609021675476e-01 1.759865546616890264e-01 1.736103969997126462e-01
4.108647714124323558e-02 4.427036942437118788e-02 1.000000000000000000e+00 3.716832035786640231e-01 2.363045844694587339e-01 2.456916033791113896e-01 3.508367227577094405e-01 3.447609976674822496e-01 3.683140236033078940e-01 3.343206807923159718e-01 3.835621154845887393e-01 3.922458397030268995e-01 3.586339153867533214e-01 3.412228591162789759e-01 3.944152321770983405e-01 3.704066850189586257e-01 3.719342607364948261e-01 3.784323639165554365e-01 3.936140837875731213e-01 3.333707849328453321e-01 3.780803758841957962e-01 4.031642659926959471e-01 4.103908732281010274e-01 3.861807700124203491e-01 3.970428825773765213e-01 4.123817208866310535e-01 4.101985902083709612e-01 4.022961571223570565e-01 3.733764078220473404e-01 3.952425372127038039e-01 4.027591362023361099e-01 4.070749215040384006e-01 4.006622875174047360e-01 4.016116751708290744e-01 3.928928073745706628e-01 4.032651713472922839e-01 4.075562818572082135e-01 3.947979199569097153e-01 4.052443607461934660e-01 4.066916868369612748e-01 4.014482188586082634e-01 3.965931146536714191e-01 3.998736908775721854e-01 3.991502218543993008e-01 4.089790761024433285e-01 3.872326863752574289e-01 3.868800657158266709e-01 3.903662079784532835e-01 3.942762680033889411e-01 4.002524333315344296e-01 3.960682621191793373e-01 4.027570032105327602e-01 4.000979775985592513e-01 3.910157389870191347e-01 3.889339645650235489e-01 4.013365528069051114e-01 4.011568997578335294e-01 3.883428605093409147e-01 3.900737984750500265e-01 3.890855177200326365e-01 3.952257108481884718e-01 3.855312557996359857e-01 3.909127040521697682e-01 3.866617254756921085e-01 3.952011530758792746e-01 4.021837108548214634e-01 3.882528033135840828e-01 3.965127793253818700e-01 3.958301297906743899e-01 3.882443146165124315e-01 3.981009388599619503e-01 3.946359214113142611e-01 3.937511958611829566e-01 3.974335024965085505e-01 3.983622782069896062e-01 3.915833210237737450e-01 3.948443502099562852e-01 3.938791040803086285e-01 3.931036217426292501e-01 3.922499382060085638e-01 4.034574737777240072e-01 3.954049944223957391e-01 4.024050189417389123e-01 3.942278426330590446e-01 3.996610045589459870e-01 3.997145114214306627e-01 4.050250701735913506e-01 3.943850967030934074e-01 3.941684363846026939e-01 4.032120246945539721e-01 4.044512406724308784e-01 3.932518487159845089e-01 3.973762577230058324e-01 3.926064413532627806e-01 3.847140229718010174e-01 3.860143887802810481e-01 4.056984197314485452e-01 3.992211493448473147e-01 3.909253042551563695e-01 3.919322093371550020e-01 3.955839581683246453e-01 3.938823874609783671e-01 3.929589238329042611e-01 3.910705770946849569e-01 4.022347507712143444e-01 4.020246962621867870e-01 3.913947175767606979e-01 3.879008583484517825e-01 3.922052408984822436e-01 3.905436388679836002e-01 3.891691737475760915e-01 3.918562801356307301e-01 3.887550787211301873e-01 3.924159354050883453e-01 3.876503431284791801e-01 3.970701339405621200e-01
8.147422046539566642e-02 1.222139021018394944e-01 3.716832035786640231e-01 1.000000000000000000e+00 4.124158392220969027e-01 4.121534983024264798e-01 6.382097396291352975e-01 5.875401652338256842e-01 6.192809069333700123e-01 5.656465423972480977e-01 6.362361914952591180e-01 6.690876996172091529e-01 5.945312767111367025e-01 5.884635403747066063e-01 6.573353847595897470e-01 6.478060160868722717e-01 6.238600263034420612e-01 6.315871627786247000e-01 6.471502837811939912e-01 5.738660062618972102e-01 6.208418971956544130e-01 6.526260638710306150e-01 6.684789275726206181e-01 6.469920374302491339e-01 6.550535419227311307e-01 6.910895919779037611e-01 6.674412787844420381e-01 6.689747768864419131e-01 6.505806245225463913e-01 6.774479833236303206e-01 6.820023590794448420e-01 6.747999725594903131e-01 6.603150030087083788e-01 6.686886807016220180e-01 6.689984574543068607e-01 6.607581969844137371e-01 6.846820231523418343e-01 6.739447980488585399e-01 6.763865565097398891e-01 6.662491845591075323e-01 6.812057725767407534e-01 6.699727097682258714e-01 6.531433529058406906e-01 6.721914482968913696e-01 6.810077827084927149e-01 6.623131414856825439e-01 6.573793488325198053e-01 6.602964971567431007e-01 6.744847681472857515e-01 6.715281409192203066e-01 6.703601861707069176e-01 6.667543494302808904e-01 6.729816562384455247e-01 6.617053936910034517e-01 6.560427499709285959e-01 6.712749129148929406e-01 6.762918338423863363e-01 6.590880850998885876e-01 6.620715398700611765e-01 6.604213958617995983e-01 6.632002948152680988e-01 6.489899181075028389e-01 6.605868111937704956e-01 6.568148543444837228e-01 6.626439315179138978e-01 6.756709964821482339e-01 6.599810820662675992e-01 6.644099786662971407e-01 6.715510445953378760e-01 6.592746421860821160e-01 6.658390507926651436e-01 6.621064892518653267e-01 6.663857582830295945e-01 6.673009132779056385e-01 6.727007992365581224e-01 6.695304348357605795e-01 6.692504292502787777e-01 6.694701273044710854e-01 6.664686293745150092e-01 6.657521193107480695e-01 6.732755997691098893e-01 6.732851661810492772e-01 6.778741093874088852e-01 6.656203300670456846e-01 6.740120499390155340e-01 6.729909729488900982e-01 6.735789663202240707e-01 6.724326004883973695e-01 6.692070210360063776e-01 6.757721389705672044e-01 6.778944907505668471e-01 6.664810156251687046e-01 6.679067468185208023e-01 6.676565237229092897e-01 6.548866195935991730e-01 6.558579385380871596e-01 6.787353917239071777e-01 6.759225686560027535e-01 6.615451857873539954e-01 6.676446160029698706e-01 6.622668209012712026e-01 6.666329258018219850e-01 6.649618361163142088e-01 6.612346629066848669e-01 6.743800787719421708e-01 6.738086988603135818e-01 6.672972369032437179e-01 6.585154011672265106e-01 6.635171840991668235e-01 6.641226262204685815e-01 6.593585491959850220e-01 6.620953750482634348e-01 6.572418931393068098e-01 6.645246951585273010e-01 6.604935544892575061e-01 6.678230995926429658e-01
6.722452145184407146e-02 1.109865634880137092e-01 2.363045844694587339e-01 4.124158392220969027e-01 1.000000000000000000e+00 3.100253510778685495e-01 5.010463436410287352e-01 4.735810750923336587e-01 4.411568867359907387e-01 4.332909150166761036e-01 4.622560254187944029e-01 4.951316684322315531e-01 4.719293614108728274e-01 4.467797530853812593e-01 5.022050903166487279e-01 5.048748223906949217e-01 4.646576632830023423e-01 4.886094458254028328e-01 4.850848244812916987e-01 4.486568407000174341e-01 4.920991944534237050e-01 4.843374348774131533e-01 4.917748934782655290e-01 4.882804242006339446e-01 4.883291770988310576e-01 5.292216174690658193e-01 5.038651316178599515e-01 5.048242189533930224e-01 4.825363402154028147e-01 5.127606225537767459e-01 5.112846985530741240e-01 5.007483112755052312e-01 4.994234461010999548e-01 4.956167418174026729e-01 4.938075650401739791e-01 4.924074104014887210e-01 5.013144145248896733e-01 5.090184377198520016e-01 5.106477780338566363e-01 4.987387648210524493e-01 5.100863921534631862e-01 5.094644145997723195e-01 5.059639957196191418e-01 5.179520433466520135e-01 5.080272719431941919e-01 5.039291608898518460e-01 4.922925751891706336e-01 4.960081295966586867e-01 4.989033407848386670e-01 5.031955585119211039e-01 5.061159520790138311e-01 4.906688976104667810e-01 5.085484544549532249e-01 5.008279862637140534e-01 4.990305677431656206e-01 5.066291796567816696e-01 5.026987137762582991e-01 5.044591692979070174e-01 4.976801160167764193e-01 5.083506230313340479e-01 4.981664200801852460e-01 4.977467978153420902e-01 4.948034719000325987e-01 4.955294044541782572e-01 4.973282858970563547e-01 5.068715903810533385e-01 4.927452402491543371e-01 4.967182337317549989e-01 5.057990400377915252e-01 5.002422978657729002e-01 4.995444803803030798e-01 4.978049173095780988e-01 5.023940559735929900e-01 4.987307983366516817e-01 5.083017451472455761e-01 5.039353496979297464e-01 5.039980902396735685e-01 4.995466628260887276e-01 5.057686885256845732e-01 5.014946465425457189e-01 4.986114183626928487e-01 4.985675848436075253e-01 5.032133564070293552e-01 5.009257993257242303e-01 5.017856266634798112e-01 4.993116922350617770e-01 5.027162847081173558e-01 5.050466899849052060e-01 5.000411628698963051e-01 5.007357526647002732e-01 5.059897313764646354e-01 4.994785201712879097e-01 4.991655610677498967e-01 5.008785763266514479e-01 4.897035393860910690e-01 4.904403690451359932e-01 5.022612621254848309e-01 4.964958024327367214e-01 4.918265568089618123e-01 5.010783472446597164e-01 4.999914534994457371e-01 4.967041516818599955e-01 4.949333483119141563e-01 4.996534553303842441e-01 4.985803853552429055e-01 4.970745630869113918e-01 4.968043450920957560e-01 4.933378073811102715e-01 4.985297453887733155e-01 5.008818825751770731e-01 4.943849319296257372e-01 4.977607818582867605e-01 4.937687195459131151e-01 4.975954128372738761e-01 4.924410639225422215e-01 4.978306565997811517e-01
1.419499870505725077e-02 1.132646671365095808e-01 2.456916033791113896e-01 4.121534983024264798e-01 3.100253510778685495e-01 1.000000000000000000e+00 5.235800756628852248e-01 4.796487451401262869e-01 5.333160064497984854e-01 5.157899035998826376e-01 5.412076094786757441e-01 5.845529949274047565e-01 5.470500995734641769e-01 5.314727446950711087e-01 5.945008231892051631e-01 5.726008678779357375e-01 5.639663918056682101e-01 5.473875208517254842e-01 5.664342737228614810e-01 5.295227114897933518e-01 5.413916754143985877e-01 5.606657067855441712e-01 5.500257417035151475e-01 5.334706885319198122e-01 5.587277424272861781e-01 5.781108265324201856e-01 5.608961042785676199e-01 5.530612494371708321e-01 5.386830269507029145e-01 5.838770279746992031e-01 5.879318650906329990e-01 5.833387953574610263e-01 5.504160878876334095e-01 5.721655313739316684e-01 5.775501763045968184e-01 5.651638921421130446e-01 5.766480639333779745e-01 5.890325782160084067e-01 5.933480868448129941e-01 5.640212169946372534e-01 5.950150737928981970e-01 5.969253593714493045e-01 5.871026487549151351e-01 6.067754145127833842e-01 5.954245565919851213e-01 6.009107275942400239e-01 6.069564684751254102e-01 6.063718276501519622e-01 5.950854372265758085e-01 5.824642799097167201e-01 5.902858691348292774e-01 5.651556007674859439e-01 5.965620905762930581e-01 5.983363117653217600e-01 5.847075816864555353e-01 5.931563942965988323e-01 5.851056280370158236e-01 6.020973066082782044e-01 5.977041104015899942e-01 6.087715649152907194e-01 6.043144032942209254e-01 6.020400830709277118e-01 5.934935586140698272e-01 6.035300157431994217e-01 6.012605416483814968e-01 5.998213075750009615e-01 6.119468164609271899e-01 6.082118024898872655e-01 6.082762188454705621e-01 6.035997447400491822e-01 6.048519230700365457e-01 6.072337121443579511e-01 6.029304841921108160e-01 6.063439812160412723e-01 6.107362893855081687e-01 6.085576237736072258e-01 6.107163381578277761e-01 6.025506113861746060e-01 6.039903174428851163e-01 6.095723302114117725e-01 6.104001500300919592e-01 6.099295234587894798e-01 6.066470272246105022e-01 6.080531771877425440e-01 6.046579282872998062e-01 6.066262357025610230e-01 6.066393788840227508e-01 6.104633248046055227e-01 6.109239388782757851e-01 6.074639336026020908e-01 6.074133009909509218e-01 6.121310065794741684e-01 6.098034320004980247e-01 6.107677514518261574e-01 6.091078876909293838e-01 6.110968827309638529e-01 5.961353677929881467e-01 5.954209901989697684e-01 6.074874847355411500e-01 6.057131796838733928e-01 6.092789911016628368e-01 6.050308422141543740e-01 6.068531133489963869e-01 6.115899800189216196e-01 6.047721866345414643e-01 5.977084682522691983e-01 6.068762953065977017e-01 6.098448386057422343e-01 6.089732334671013048e-01 6.094323335991762569e-01 6.091030544229838473e-01 6.107318178123590791e-01 6.089237448302171618e-01 6.093104216256025607e-01 6.074656346615768809e-01 6.045458872169100495e-01
3.693439462366997217e-02 1.616655659726568273e-01 3.508367227577094405e-01 6.382097396291352975e-01 5.010463436410287352e-01 5.235800756628852248e-01 1.000000000000000000e+00 7.500270340432656502e-01 7.515742190072008944e-01 7.141433682310703857e-01 7.842637576045575765e-01 8.284340357260402410e-01 7.456236202684712877e-01 7.540306720661876794e-01 8.533326137994285965e-01 8.183259435090204370e-01 7.765285137078985489e-01 7.927735415616098402e-01 8.074538912367514865e-01 7.144437231401240540e-01 7.849481426993503153e-01 8.169222345147555409e-01 8.179598874301162725e-01 7.909209624241818615e-01 8.186461470172256005e-01 8.567698288757312763e-01 8.412719479961848768e-01 8.491345359104633950e-01 8.228562755501132031e-01 8.540353696457189114e-01 8.574928942835050583e-01 8.383453147802584215e-01 8.284758366610829317e-01 8.340740936942314665e-01 8.340659723018134519e-01 8.209370272468882179e-01 8.490007605035200244e-01 8.523682843600116632e-01 8.463719283253045012e-01 8.396399406205325988e-01 8.491957539863660420e-01 8.563227278283032096e-01 8.380995642473014762e-01 8.502093378356333497e-01 8.526926744790722656e-01 8.425930196376613113e-01 8.240608883071276480e-01 8.297298897435901877e-01 8.304385709370725177e-01 8.337751929047169108e-01 8.357467599625389987e-01 8.281710026668291924e-01 8.392428230613926399e-01 8.288307917030637295e-01 8.258482574317808078e-01 8.467684818672592817e-01 8.276941495295813134e-01 8.331916134680618091e-01 8.300554545973497511e-01 8.285658684682163377e-01 8.303511271083918732e-01 8.170071001465647464e-01 8.194174894331098802e-01 8.184696777064817130e-01 8.295347065507108208e-01 8.346452036878332370e-01 8.282688203023719220e-01 8.340571060840191731e-01 8.447596802151602358e-01 8.269451374767852192e-01 8.384472026337504991e-01 8.372012456353041809e-01 8.349155423737479875e-01 8.403334835637268352e-01 8.462557633313517735e-01 8.456819917241225060e-01 8.487042963754896086e-01 8.458079529549510367e-01 8.433799318327392935e-01 8.392530375891108507e-01 8.417955977412188151e-01 8.420522417043073693e-01 8.426151286504875992e-01 8.425543228944047947e-01 8.441666954012807533e-01 8.445612687640237093e-01 8.457996051361528211e-01 8.459820221067384516e-01 8.442786755755116168e-01 8.466401254329664061e-01 8.567983179090056245e-01 8.415596953337662889e-01 8.399301288732142767e-01 8.447209491108488288e-01 8.249134893817149372e-01 8.252680740737426968e-01 8.370542591917360387e-01 8.276993362437978785e-01 8.258610954562441986e-01 8.366371183397538491e-01 8.376249664573359732e-01 8.300279063652942213e-01 8.327467759240750889e-01 8.334610269383643244e-01 8.408817746071154398e-01 8.262240711442097041e-01 8.291825563983682423e-01 8.279549110938679846e-01 8.349802316876223651e-01 8.314131014362619032e-01 8.326041066210642105e-01 8.296114014738483755e-01 8.235440742016875149e-01 8.284603668395760234e-01 8.282486609274152256e-01 8.318194454686482775e-01
3.081632469302866134e-02 1.742799549935182268e-01 3.447609976674822496e-01 5.875401652338256842e-01 4.735810750923336587e-01 4.796487451401262869e-01 7.500270340432656502e-01 1.000000000000000000e+00 7.296351404817829067e-01 6.810095644801565928e-01 7.271116876733022538e-01 7.862347900441359894e-01 7.290767003091516152e-01 7.163308161622580217e-01 7.986060831488500655e-01 7.946241633446501362e-01 7.455364578540055742e-01 7.398959994920705219e-01 7.509011022397945601e-01 6.920869544716520272e-01 7.468276252047986175e-01 7.572720273728722473e-01 7.551031686524635189e-01 7.356111714141242430e-01 7.514950053873153957e-01 7.918546380948889851e-01 7.776599216729165320e-01 7.566810044233061028e-01 7.468572500975447781e-01 7.908888133070720583e-01 7.926994297831426728e-01 7.923494749823691841e-01 7.557009447341022090e-01 7.802867060313387615e-01 7.737194113675871510e-01 7.736112481985507605e-01 7.826684487081159158e-01 8.003967574696678744e-01 7.990463207314063565e-01 7.731255267546796039e-01 7.965904377583160612e-01 7.976804688756312656e-01 7.896000806998638710e-01 8.002874332231414423e-01 7.974703909413415337e-01 7.904827043194078140e-01 7.951606578763318334e-01 7.997682874930571728e-01 8.004054295873870295e-01 7.947388521669568329e-01 8.041812990920181869e-01 7.720633203171970438e-01 7.951642265164563517e-01 8.018316328098913370e-01 7.990596774844983541e-01 8.089242960418336903e-01 8.044832940701605040e-01 8.049906510779074598e-01 8.067227487831157839e-01 7.991998863838388756e-01 8.011256754776037159e-01 7.970548432683287610e-01 8.004227406710698878e-01 7.985591608697486521e-01 7.985521063260712094e-01 8.023163560117102522e-01 7.975667798775933903e-01 7.981360793974082712e-01 8.033947571942576804e-01 7.959976092161431538e-01 8.006275679395437050e-01 7.990137414280096273e-01 7.968326543393277062e-01 7.963152552009358232e-01 8.072522112912465797e-01 8.005957924813664750e-01 7.970103406653308298e-01 7.970716352130230442e-01 7.998155147797978426e-01 7.992762487371014579e-01 7.991651662654589705e-01 7.985930583735789678e-01 8.079955331924695283e-01 8.016071132019236822e-01 8.028218343033741711e-01 8.011442767152715527e-01 8.016886813624105601e-01 8.070533874695373644e-01 8.049010130154784504e-01 8.076533392705141923e-01 8.016459548761926124e-01 8.004722750935324704e-01 7.982650935645201340e-01 7.988631049891857794e-01 7.955817089849719359e-01 7.958177764204057425e-01 7.984795362476969638e-01 7.987754114249451254e-01 7.968420317692584964e-01 8.012202959512612077e-01 7.968512374766059114e-01 8.038671451163551529e-01 7.973714026876862482e-01 7.985660713561223423e-01 8.023778055678545407e-01 8.019165051193805072e-01 8.014569532820493558e-01 7.968221046694664578e-01 8.019619708872949282e-01 8.019769292121933235e-01 8.018025081596358294e-01 7.987949586558950044e-01 8.001025809255380983e-01 8.015038138245202948e-01 7.992046161604776655e-01 8.002157715397789639e-01
6.501321144086004422e-02 1.684739367697996315e-01 3.683140236033078940e-01 6.192809069333700123e-01 4.411568867359907387e-01 5.333160064497984854e-01 7.515742190072008944e-01 7.296351404817829067e-01 1.000000000000000000e+00 7.664705927416241016e-01 8.071524000885245131e-01 8.472400385999343531e-01 7.780276604221664227e-01 7.800178828314183743e-01 8.562540525618611564e-01 8.399786819446211084e-01 8.185258909365173974e-01 8.030301646777294744e-01 8.160918170906259483e-01 7.619892839445213673e-01 7.817642995623790281e-01 8.211689189211387463e-01 8.097421876353645409e-01 7.870551593841998983e-01 8.185469660019024651e-01 8.414061138295537701e-01 8.345562735127159959e-01 8.155063037596981257e-01 7.983170039139932950e-01 8.547752690959125044e-01 8.666623961755978156e-01 8.515553004615288302e-01 7.955111661426598202e-01 8.316836785159164025e-01 8.306191401613431946e-01 8.243933441848684263e-01 8.588526022148332828e-01 8.535264965747516586e-01 8.516569530639506169e-01 8.211292864281308779e-01 8.667305847616433301e-01 8.600484626742016525e-01 8.366783049455871479e-01 8.708023213888951286e-01 8.643074711495897233e-01 8.604551659153500953e-01 8.769941078873063622e-01 8.819106059999388680e-01 8.798024471113250478e-01 8.542054496492066384e-01 8.656530437406142475e-01 8.419597893884871453e-01 8.731048677548990389e-01 8.805356820672183282e-01 8.698245152622785525e-01 8.701218354828702539e-01 8.795719013290144161e-01 8.719203347677499938e-01 8.746349758460243429e-01 8.786413318706778330e-01 8.747209949365321036e-01 8.715892402249663107e-01 8.740737419766027028e-01 8.749415789277288358e-01 8.824699866907323997e-01 8.827860656527776184e-01 8.832656379048182682e-01 8.790205520550766760e-01 8.806228633016099927e-01 8.741369821715520017e-01 8.774772486747096645e-01 8.804290089326816116e-01 8.729349813027877936e-01 8.769992722282418107e-01 8.813426777903982101e-01 8.787691937872091907e-01 8.759686159325884569e-01 8.719762455373482046e-01 8.763891328490150956e-01 8.783737111666671815e-01 8.783431558164169761e-01 8.809769501986107754e-01 8.820462995356045388e-01 8.741992669537878013e-01 8.716024817667751279e-01 8.752872800750456372e-01 8.759237389507193994e-01 8.759321733714124925e-01 8.769810986392815311e-01 8.761438058840753662e-01 8.706724123321496478e-01 8.787077700254136703e-01 8.793944703387950312e-01 8.772603596572726703e-01 8.802631209684526059e-01 8.803525154376102835e-01 8.676185805576326349e-01 8.761010470237120540e-01 8.790647490404004394e-01 8.755154369889150967e-01 8.701593156043452293e-01 8.795318719310879496e-01 8.794733337604155876e-01 8.782935943937822953e-01 8.792690037115770130e-01 8.777122112612030236e-01 8.832511926404110758e-01 8.829814372292912328e-01 8.809587225787354203e-01 8.824072119200192521e-01 8.787233855043198316e-01 8.824613832541461367e-01 8.769020411910413149e-01 8.793263456667519407e-01 8.825244221797644562e-01 8.847399871807434257e-01
6.371761104650064400e-02 1.694006344528841967e-01 3.343206807923159718e-01 5.656465423972480977e-01 4.332909150166761036e-01 5.157899035998826376e-01 7.141433682310703857e-01 6.810095644801565928e-01 7.664705927416241016e-01 1.000000000000000000e+00 7.467018511881167164e-01 7.936583124958371815e-01 7.328009652733109558e-01 7.522748460080463939e-01 8.212117646952437067e-01 7.819334445844319248e-01 7.709765224068303446e-01 7.477941811026146413e-01 7.639899491537531784e-01 7.016632732675844863e-01 7.309506618663945687e-01 7.710093782871928481e-01 7.653728493603714211e-01 7.286216117842012618e-01 7.622403943681257399e-01 8.011115955431303837e-01 7.913046824601592810e-01 7.871564832524335920e-01 7.600981400932058651e-01 8.122414017209741433e-01 8.150887440618037605e-01 8.035274509158916167e-01 7.665062811215809235e-01 7.858006149617782210e-01 7.939832049561632576e-01 7.644545649003524623e-01 8.068706599517290190e-01 8.122993589754563537e-01 8.079547445110059067e-01 7.795403117663933790e-01 8.258031785222673671e-01 8.217147720216740892e-01 7.897895284859611786e-01 8.219095032413028523e-01 8.129480881111077473e-01 8.119945914820290156e-01 8.334419191822152184e-01 8.368882524457837979e-01 8.286931547328416636e-01 8.049041426384703213e-01 8.208006226120697635e-01 7.722401585483603670e-01 8.137474139159215358e-01 8.274133238030560999e-01 8.136358519724946614e-01 8.173854679088001784e-01 8.117236097189494126e-01 8.261296040132443119e-01 8.275627973805999016e-01 8.307854758858992383e-01 8.213229538831611221e-01 8.166712456870079961e-01 8.138616381504724107e-01 8.235349822936071096e-01 8.237717779399257312e-01 8.189701063696510630e-01 8.327167464610695236e-01 8.271691008969151993e-01 8.303681495582200256e-01 8.210951525619225588e-01 8.248223481541260282e-01 8.304691329236747466e-01 8.176269554494765002e-01 8.254159119450478199e-01 8.345896395199694506e-01 8.319125325364016277e-01 8.332238219732654994e-01 8.285805469079912111e-01 8.294738196840866218e-01 8.357799223351701778e-01 8.305626755808285244e-01 8.346114111177395101e-01 8.311342872929925463e-01 8.313812560349335135e-01 8.249678036465151187e-01 8.297719497661510957e-01 8.283567116542557285e-01 8.320253110436889310e-01 8.325229912850202751e-01 8.262734969575775690e-01 8.281522787052312262e-01 8.326036623279565729e-01 8.319199370408264516e-01 8.332503753757888321e-01 8.313251718072850460e-01 8.318151570546393758e-01 8.131520419760949192e-01 8.207645073961864490e-01 8.264647403056567532e-01 8.278597171458987880e-01 8.214613502284198177e-01 8.265558232634718783e-01 8.316390524122324601e-01 8.286636442471052577e-01 8.258129262737328169e-01 8.191746498979577407e-01 8.317601170779086450e-01 8.313410665257876531e-01 8.296164868147867244e-01 8.317496060197927532e-01 8.276186729676320297e-01 8.318696014606667966e-01 8.274025155013110533e-01 8.271148659197598008e-01 8.322324217586785089e-01 8.285065115455303442e-01
2.097401722935465090e-02 1.552879477442472289e-01 3.835621154845887393e-01 6.362361914952591180e-01 4.622560254187944029e-01 5.412076094786757441e-01 7.842637576045575765e-01 7.271116876733022538e-01 8.071524000885245131e-01 7.467018511881167164e-01 1.000000000000000000e+00 8.710711406548393709e-01 7.751176464264863952e-01 7.975295003580668007e-01 8.735036338315307347e-01 8.488687873355613700e-01 8.230722724321113404e-01 8.285564794312409997e-01 8.424290314576792227e-01 7.654489824486914173e-01 8.144799029269498281e-01 8.436467869863387703e-01 8.328279867228020050e-01 8.130934260925747337e-01 8.487338218679550961e-01 8.614592034953726385e-01 8.532133526862513140e-01 8.460558973045155806e-01 8.179107980141739898e-01 8.727524908416931515e-01 8.892744998231661979e-01 8.654203410483068959e-01 8.233440818940505057e-01 8.511912900770348678e-01 8.519197217446657922e-01 8.446643687256172317e-01 8.766481498009989215e-01 8.801312319162769571e-01 8.779618373494532113e-01 8.548590256485034677e-01 8.872660020485795274e-01 8.814601161594588508e-01 8.660324786345031667e-01 8.901553208087138458e-01 8.883863910645001249e-01 8.835612256434401957e-01 8.857157566074834731e-01 8.916307776169282162e-01 8.904385358261982519e-01 8.778702843700009195e-01 8.803795810015916379e-01 8.647864224754346907e-01 8.929306819876129397e-01 8.872098618131947223e-01 8.836136545150766741e-01 8.900844805079810573e-01 8.896899692974152840e-01 8.847758007252259915e-01 8.871673180079308052e-01 8.872150349490306454e-01 8.908749338842743004e-01 8.808178633574431649e-01 8.864698756603826002e-01 8.867360616347108593e-01 8.903038414961849112e-01 8.930870921032831866e-01 8.928618564330400575e-01 8.947737630871850367e-01 8.938330037362257618e-01 8.884800150795340024e-01 8.937434624823695772e-01 8.948714997330819987e-01 8.895504303852452832e-01 8.950423765224267969e-01 8.967999789059407645e-01 8.931118092573643308e-01 8.934812012393675840e-01 8.823747892394491199e-01 8.915447024486489180e-01 8.899521089871115231e-01 8.951982999639571670e-01 8.942220468660200261e-01 8.955838483692238894e-01 8.904193995638750581e-01 8.875642381619278654e-01 8.915244280526022358e-01 8.939490103785207031e-01 8.952365902607171133e-01 8.920378158092321375e-01 8.949696542035709967e-01 8.937820942517579192e-01 8.958454188615254665e-01 8.955105353915915334e-01 8.949302005137786953e-01 8.915659113017698756e-01 8.927640018443125935e-01 8.907513123634458463e-01 8.926084069330707527e-01 8.941784399103361869e-01 8.948830492911585832e-01 8.921770540560485241e-01 8.944704820722739758e-01 8.946529718580130686e-01 8.950008398997860715e-01 8.959694525756284333e-01 8.924680047887243450e-01 8.955018449386810131e-01 8.918735586735639931e-01 8.958625811694818086e-01 8.946405799144874216e-01 8.923235340805411031e-01 8.935748487261554462e-01 8.899943212382718238e-01 8.931164349664756363e-01 8.927007165726008608e-01 8.959222619078018868e-01
2.685144298991154477e-02 1.732738563913128471e-01 3.922458397030268995e-01 6.690876996172091529e-01 4.951316684322315531e-01 5.845529949274047565e-01 8.284340357260402410e-01 7.862347900441359894e-01 8.472400385999343531e-01 7.936583124958371815e-01 8.710711406548393709e-01 1.000000000000000000e+00 8.401178852599026081e-01 8.426867746083575028e-01 9.279747698748995743e-01 9.048203978373688949e-01 8.699276023412656489e-01 8.647560440734043397e-01 8.843141676812069640e-01 8.003373178132145993e-01 8.594285750971415450e-01 8.865689569719853447e-01 8.754633095140810228e-01 8.463898056051465391e-01 8.836838348107636243e-01 9.148730592713940624e-01 9.018588018640527615e-01 8.921686451861935430e-01 8.673983925242282345e-01 9.246870157948312574e-01 9.395052219928283765e-01 9.149891731473678291e-01 8.737672979308583887e-01 9.003000843979349632e-01 9.037187768170110713e-01 8.895998573325099024e-01 9.227809667034164720e-01 9.317216664509347934e-01 9.328114025540932275e-01 9.023723374256985563e-01 9.421694444793797807e-01 9.371003804967927842e-01 9.183140872325710191e-01 9.459883659254574306e-01 9.344754130020607175e-01 9.377514982281401901e-01 9.417282067963257397e-01 9.463031538628676742e-01 9.412793218004619211e-01 9.258366780768741977e-01 9.338924187166510738e-01 9.034936838852712926e-01 9.379696829895873833e-01 9.408399206864845876e-01 9.361472060241629034e-01 9.414385618254281773e-01 9.359770729827774360e-01 9.405581753910607912e-01 9.413051591198962065e-01 9.428688772978865984e-01 9.421423754187081556e-01 9.381814792643805578e-01 9.380611876546173233e-01 9.419055493668646584e-01 9.393768852779422751e-01 9.430076516118670593e-01 9.458064907666463572e-01 9.454298081147020083e-01 9.470039345739447167e-01 9.384292826633852114e-01 9.458621719061942601e-01 9.469587534555536923e-01 9.365320956553471188e-01 9.427112436961156972e-01 9.491431343877770876e-01 9.473654567933501580e-01 9.450784433475863944e-01 9.386378805288938532e-01 9.436152169291006642e-01 9.434746487832432749e-01 9.472014646254547365e-01 9.483639298359247682e-01 9.475369839429913510e-01 9.440061583578281956e-01 9.419464132364708808e-01 9.452523689900172998e-01 9.468317612068286593e-01 9.493315321788103889e-01 9.475681206199867423e-01 9.469520575069343415e-01 9.463029840441917750e-01 9.500329895885735176e-01 9.484230500547501386e-01 9.488273331215136830e-01 9.456588397409225744e-01 9.460560487298651511e-01 9.379269930729229321e-01 9.388077257706315404e-01 9.444792329118200103e-01 9.456744292429523080e-01 9.441239055240266964e-01 9.459833254046007278e-01 9.464962966933569977e-01 9.481308102879791866e-01 9.469906589406373865e-01 9.398981643319477275e-01 9.467938508645094009e-01 9.455813009469712371e-01 9.483384435804427248e-01 9.480988439489066444e-01 9.469708673898777906e-01 9.467738608447564541e-01 9.446544135357888283e-01 9.452850923090373447e-01 9.444912637812920009e-01 9.467094203601417179e-01
1.405120653630828609e-02 1.626597436509161221e-01 3.586339153867533214e-01 5.945312767111367025e-01 4.719293614108728274e-01 5.470500995734641769e-01 7.456236202684712877e-01 7.290767003091516152e-01 7.780276604221664227e-01 7.328009652733109558e-01 7.751176464264863952e-01 8.401178852599026081e-01 1.000000000000000000e+00 7.767375941079555091e-01 8.558148092029916887e-01 8.448803030577295425e-01 7.998650369743661726e-01 7.703673412380297458e-01 7.960039142752323160e-01 7.393507627815913974e-01 7.785747437408641058e-01 7.918501332216572042e-01 7.839923208143645406e-01 7.476816428527938152e-01 7.854277311618077517e-01 8.270423148595761331e-01 8.122643879926416677e-01 7.883292535031249937e-01 7.687074389423478316e-01 8.376737573479385857e-01 8.390421525239930567e-01 8.268601846105159137e-01 7.832905054048504567e-01 8.089688507456568312e-01 8.167393870284480606e-01 8.036732497949679033e-01 8.297619531894422362e-01 8.439690329559941251e-01 8.465151786229402342e-01 7.988429656719713279e-01 8.600314128018688997e-01 8.523837900967309311e-01 8.420647821965095980e-01 8.692129030390334243e-01 8.468413885819320308e-01 8.546094969677048292e-01 8.710165842061616814e-01 8.717466593589111579e-01 8.571263017616677082e-01 8.390426397802136504e-01 8.518337654137639881e-01 8.115825278500862217e-01 8.579265645849959432e-01 8.653405354490156798e-01 8.479513716834421455e-01 8.517753192128503237e-01 8.489960836661407662e-01 8.760460931155958919e-01 8.610198076010533441e-01 8.798130630293961030e-01 8.721349665510499394e-01 8.670339547388640211e-01 8.573514774049951770e-01 8.715105464660896084e-01 8.683293888447121134e-01 8.658046769913476659e-01 8.743338424575900492e-01 8.680632879007056379e-01 8.706816191025604779e-01 8.638804008074459917e-01 8.672428972391661439e-01 8.697426886397999768e-01 8.562950667973824315e-01 8.596550823084421200e-01 8.745406820296521833e-01 8.689045090832396845e-01 8.662163379694416410e-01 8.572778427496932085e-01 8.644972604894546331e-01 8.700662379685319969e-01 8.674610975530347989e-01 8.708238752511884284e-01 8.690248634007915474e-01 8.715487140587453441e-01 8.668820719671849195e-01 8.651421703794864859e-01 8.683480936696775787e-01 8.734437815179685316e-01 8.740592294999413037e-01 8.676628872045861751e-01 8.639085630365599400e-01 8.749936630769405976e-01 8.705805160370287954e-01 8.727158954933277313e-01 8.752507631997232806e-01 8.764851088754554986e-01 8.564206487339347529e-01 8.596549668249496845e-01 8.722436476110050352e-01 8.701026211176836611e-01 8.708332982368691688e-01 8.717936534354043809e-01 8.734175838324315100e-01 8.779126572957088870e-01 8.685000757648643210e-01 8.633157922878887947e-01 8.738610238522638296e-01 8.762705659141540870e-01 8.749789535802569018e-01 8.786417615352961619e-01 8.754167599976404590e-01 8.789312050529535236e-01 8.749876035631692917e-01 8.758444267529770233e-01 8.736010578518728087e-01 8.734566720511840465e-01
