1.000000000000000000e+00 9.330975244088828002e-02 2.385447600274850227e-02 1.520085995240321071e-02 3.495861608307009039e-02 -1.837369628358334270e-02 -1.827370877960242737e-02 -1.520934513068542167e-02 7.511242922781134757e-02 2.596862848719351177e-02 7.704973747476673816e-03 1.092841741769932928e-02 2.679889220236969516e-02 -1.563836022858514866e-03 -8.929314194336688063e-03 7.640247816152771418e-03 7.249639510169895995e-02 3.221736087882964145e-02 6.971034178079812266e-03 4.401103091276518248e-02 4.976325102431753550e-02 4.239673229136912275e-02 6.483281711554832183e-02 2.798014678612560299e-02 2.843219064574531441e-02 4.707890168135739350e-02 4.972308518886318918e-02 4.681738938511295633e-02 4.327813010096411700e-02 7.031120189926855224e-02 4.391056826675718283e-02 1.532761601413925971e-02 1.913185966215258382e-02 6.716460648162999453e-03 3.891124369702376323e-02 5.318706274332168395e-03 4.034412689898690674e-02 -1.198445775785953946e-02 -1.124252191516868617e-03 -2.530476585402946510e-02 1.617906549387946105e-02 -8.049463393708397238e-03 -2.104534476117958866e-02 2.390881544886342726e-03 7.797837696323309080e-03 6.078859665447140142e-04 1.173142387884752811e-03 1.037512040168597945e-02 5.863370855246954547e-03 -1.016108464554884259e-02 -1.055195703419538680e-02 1.962362369941985675e-04 5.059618913639867856e-03 2.206280206072823089e-02 2.699607257647486033e-02 1.328489611310365408e-02 2.016400037797451070e-02 5.887623925210677851e-03 -4.263255398923478968e-03 1.895331822067527691e-02 6.181789959538630010e-03 1.218484343430875465e-02 5.256109704508026698e-03 2.148832242315883503e-02 4.498713899469340000e-02 3.626454845382713621e-02 1.791211617882654608e-02 5.729273217940873686e-03 1.287500748706548598e-02 2.197210155541433341e-02 1.203150077467085924e-02 1.096357102780408203e-02 1.734228696015620557e-03 9.020961618422689010e-03 1.389897445298140383e-02 1.710067378544523342e-02 1.289002757171976536e-02 1.980524061710350545e-02 8.279018030681959545e-03 3.245601608769261431e-02 2.211140886591537319e-02 1.956715470559245926e-02 1.302557009745599487e-02 1.872800915744771144e-02 -2.212084182400314049e-03 2.904609058437558882e-03 1.241183392653627537e-02 -8.250867375183415856e-03 -2.684579880913812687e-03 -5.420064020478188201e-03 -8.461786576669070789e-03 4.616945429705437043e-04 4.556115238013728856e-03 -4.893544156957521304e-03 4.964110645195516681e-03 4.788137052807936445e-03 -1.991322650770340971e-02 2.480960807971967566e-02 9.806987476741189577e-03 -4.204958532170174207e-03 -6.259175257726895016e-03 1.036483214477982792e-02 1.362781044906632641e-02 4.489796651823141360e-03 8.602249450331679245e-03 1.662849787170342028e-02 1.175358661903770120e-02 1.248894336338671543e-02 8.654332501899350896e-03 9.038696811055648567e-03 -6.847829066966212679e-03 1.241044215918298693e-02 8.133503142841483693e-03 1.225204393487318646e-02 2.493279041402303095e-02 2.749522167578815485e-02
9.330975244088828002e-02 1.000000000000000000e+00 5.810239576202805983e-02 -7.420899495789247229e-03 6.670623823281261744e-02 8.231116610614665208e-02 1.231143963646539469e-01 9.509322181416660080e-02 1.884392564563210082e-01 2.153106333677636264e-01 1.544556407574890211e-01 1.300436823088678973e-01 1.124041078424567186e-01 1.255425940757428360e-01 1.408136025264996594e-01 1.253881202534771477e-01 1.419536583302863086e-01 9.653933948928651587e-02 1.453923742629912863e-01 1.196790158981251434e-01 7.054275768725841445e-02 1.337706954410829985e-01 1.659661759354459920e-01 1.041782726718421259e-01 1.503429724160706971e-01 1.738552417715442111e-01 1.668724081968420980e-01 1.957899119367489948e-01 1.935553937119835477e-01 2.095827226751807715e-01 1.977536602235835939e-01 1.545744032156530501e-01 1.738037789594503446e-01 1.459888292153288247e-01 1.710039232030627077e-01 1.496176106184579080e-01 1.808177342400165144e-01 1.628883301760222224e-01 1.599457014293016455e-01 1.590986082176420180e-01 1.591199151028732106e-01 1.552013513460748784e-01 1.435448443321458989e-01 1.425070046547252112e-01 1.592223153279546666e-01 1.752904328794751554e-01 1.577272770787368494e-01 1.614975955010853892e-01 1.443950140661277859e-01 1.170173751070437973e-01 1.304536641100502437e-01 9.694638398811823710e-02 1.240737993830311886e-01 1.731992027860641548e-01 1.770920001401906363e-01 1.832903990046224896e-01 1.387832905770582659e-01 1.530921078010391845e-01 1.471487335038426936e-01 1.435428314686415519e-01 1.412814360680588188e-01 1.541506744658551198e-01 1.470882308258234239e-01 1.384998668547902934e-01 1.405286303136622783e-01 1.461497280556074696e-01 1.583528228273412275e-01 1.443359647305182958e-01 1.614351645477132280e-01 1.494369768953461297e-01 1.426069543096821768e-01 1.575401977699117106e-01 1.356268236073633893e-01 1.500143285124681258e-01 1.580982397304777631e-01 1.601205604550876016e-01 1.756288653476037187e-01 1.831320768535212029e-01 1.788769652640931906e-01 1.839208871664520517e-01 1.696555214656816635e-01 1.766138854756282572e-01 1.631916528363914765e-01 1.692857429404741598e-01 1.447450870961582148e-01 1.496226895429695891e-01 1.670546512403842943e-01 1.613108311400700823e-01 1.619561275269452705e-01 1.725874401275396264e-01 1.576963941939948932e-01 1.578367696257244046e-01 1.567517163164346972e-01 1.607344246632028406e-01 1.557036601029411216e-01 1.589170326268358191e-01 1.344061480021605803e-01 1.300502831379454771e-01 1.430510349671400838e-01 1.470639769181767975e-01 1.490642339961541774e-01 1.421307146334996052e-01 1.374300859041625023e-01 1.441730776262520330e-01 1.423543561389632450e-01 1.476086462270395638e-01 1.515255292682753663e-01 1.707220572469419217e-01 1.710176393436931563e-01 1.499170195437102282e-01 1.553203916210317004e-01 1.536043620899480988e-01 1.543887949209649391e-01 1.497888637405364876e-01 1.477056598502295148e-01 1.512070235915751737e-01
2.385447600274850227e-02 5.810239576202805983e-02 1.000000000000000000e+00 3.196755761716127964e-01 2.008869734223824033e-01 2.346671674176102063e-01 3.150317570898829578e-01 2.777042147708543296e-01 3.197294826848461335e-01 2.818677959811343170e-01 3.182408971250679230e-01 3.563242910132026764e-01 3.390585614020675820e-01 2.905765495490922334e-01 3.467487907672484604e-01 3.478477766528988990e-01 3.542832184965449271e-01 3.661908012848124616e-01 3.733193472640660704e-01 3.318395206258622498e-01 3.624323908661220561e-01 3.789187781179808590e-01 3.767507827702656353e-01 3.715284422056053804e-01 3.799321128523102109e-01 3.897874987271571223e-01 3.688202865112830131e-01 3.702160753264218118e-01 3.530480958652772450e-01 3.647264654272260875e-01 3.585371735640303092e-01 3.771171216953215222e-01 3.744700185569762585e-01 3.707112221646832739e-01 3.790638098420583968e-01 3.782925854988502534e-01 3.649862417474298293e-01 3.673178115122461285e-01 3.551134485264378360e-01 3.808284941267877644e-01 3.782759945228014176e-01 3.814394199394101070e-01 3.782249363194907787e-01 3.672387034985417631e-01 3.882038343161374194e-01 3.539982328939877410e-01 3.547344553998172390e-01 3.556376699737135438e-01 3.503840156513737814e-01 3.445351392830737769e-01 3.577186860473555163e-01 3.772672320886965580e-01 3.696062334020119855e-01 3.563216806996956643e-01 3.587575172090827769e-01 3.665089427111604681e-01 3.551847798345809659e-01 3.643739850894564536e-01 3.418621133427366399e-01 3.571017332658736332e-01 3.615657671905250226e-01 3.535046672505137710e-01 3.506080906331894842e-01 3.489040027420231560e-01 3.608812431900311202e-01 3.597517526373794627e-01 3.582265870691134779e-01 3.734692678269662669e-01 3.774157419940829539e-01 3.809139813345192582e-01 3.752557495057709525e-01 3.810846575723720320e-01 3.811155948420806294e-01 3.847999911359918368e-01 3.749076462901660411e-01 3.654140658172342349e-01 3.621954621858707313e-01 3.523082942827120978e-01 3.669148374258104917e-01 3.580083913897096348e-01 3.763390176678533816e-01 3.562005822869611094e-01 3.775236505122024355e-01 3.623543474989787683e-01 3.679250374746901309e-01 3.744634339975997928e-01 3.727301422323435753e-01 3.660464556970476346e-01 3.636291652780827555e-01 3.748996030784030875e-01 3.777558846333862741e-01 3.656552385121492610e-01 3.738507997488227375e-01 3.606089700641606499e-01 3.553056826990858563e-01 3.522527825714076855e-01 3.711336088156778068e-01 3.547790296718442704e-01 3.563706370160716896e-01 3.676077010724860261e-01 3.702020386289193166e-01 3.541906981357867412e-01 3.680026332962150759e-01 3.632706177775588130e-01 3.678526225548305884e-01 3.532826826462241443e-01 3.549561435553372224e-01 3.598815143971693664e-01 3.609081149983820458e-01 3.550598849251861977e-01 3.546208131872090052e-01 3.545434757407023296e-01 3.528650887070780007e-01 3.536967996121209712e-01 3.585283040813299071e-01 3.519090313808732051e-01
1.520085995240321071e-02 -7.420899495789247229e-03 3.196755761716127964e-01 1.000000000000000000e+00 3.681019981965574228e-01 3.659018802424867101e-01 5.448376167937291070e-01 5.582635413657986989e-01 5.129861906758378387e-01 4.308224711611722824e-01 5.456485220550689741e-01 6.363489355248704848e-01 5.504125013576174341e-01 5.099903209742209231e-01 5.982098502230123183e-01 6.102897423170069446e-01 5.587305296179433389e-01 5.449701445461089255e-01 5.319802567598944654e-01 5.162139998813971564e-01 5.626736797818924218e-01 5.655749742859238482e-01 4.693343258725402589e-01 5.106638188440832948e-01 4.847682164016259287e-01 5.413885513558193141e-01 5.537231349925756385e-01 4.824050644052093606e-01 4.897807687110144470e-01 4.902458183401063319e-01 5.186749998216138025e-01 5.905082068695491904e-01 5.239553098743002790e-01 5.710266380593791435e-01 5.327153038350451730e-01 5.781315789553318485e-01 5.312607462973454320e-01 5.734256039218137424e-01 5.666882400921801066e-01 5.656936065745796771e-01 5.890204669208123356e-01 5.883650995087079671e-01 5.916740154295047072e-01 6.030769936110610407e-01 5.876700721035879038e-01 5.619140677092503422e-01 5.895339855204951851e-01 5.832224004252529737e-01 5.966480636302095020e-01 5.854883287063410435e-01 5.990071296712122795e-01 6.367255969455443143e-01 6.145660299150814687e-01 5.656662379153233333e-01 5.610052515726754452e-01 5.538613093460773573e-01 6.034860081181609992e-01 5.912751951868755462e-01 5.741307717547565748e-01 6.032034391069071022e-01 5.947027672902740481e-01 5.871360609414684184e-01 5.841148336350825421e-01 5.960287641643253753e-01 6.067611757226744063e-01 6.027953866731983190e-01 5.905495924035860655e-01 5.980539706597859384e-01 5.901865852141511271e-01 6.110628873692077745e-01 5.930155373372340000e-01 5.870874522440088228e-01 5.923484955395450502e-01 5.806297208621402639e-01 5.893142494892431582e-01 5.788794579883065339e-01 5.579672956487047308e-01 5.437410265711799529e-01 5.640140370064067321e-01 5.416019908466416233e-01 5.618225209154391608e-01 5.578109377371311961e-01 6.006456159104230919e-01 5.599421235239853134e-01 5.952041472807265698e-01 5.951589594564437036e-01 5.763492246889646564e-01 5.915154152229838980e-01 5.796962411893620271e-01 5.872432127819456893e-01 5.878811411908251294e-01 5.917262433531006449e-01 5.947551543880307268e-01 5.873298634720310885e-01 5.882965124490717734e-01 5.853553223981001752e-01 6.200087562346955350e-01 6.135469456081026340e-01 6.006673908890364233e-01 6.060317319949529713e-01 6.026762050820492211e-01 6.036895003787863256e-01 6.087660438553424980e-01 6.059668045433831418e-01 6.135003302780848156e-01 6.031217807737331293e-01 5.979059724638789985e-01 5.750145113956083298e-01 5.792691140582402198e-01 5.992444872553901458e-01 5.979721224700654814e-01 5.992188449800726069e-01 5.953736163492338029e-01 6.008603774144714027e-01 6.028513885883227674e-01 5.999866740657672226e-01
3.495861608307009039e-02 6.670623823281261744e-02 2.008869734223824033e-01 3.681019981965574228e-01 1.000000000000000000e+00 3.006602101508812352e-01 4.721003890106983403e-01 4.516912067838273481e-01 4.630087641578201074e-01 4.099928773038745144e-01 4.626917423514103622e-01 5.047880939795126309e-01 4.839656641219761690e-01 4.180913940181951727e-01 5.055172162090798560e-01 5.052064968505377562e-01 4.509879384638515454e-01 4.193200953669143916e-01 4.554056477842129413e-01 3.777572337592846052e-01 4.256178264204102391e-01 4.693424027054833858e-01 4.005278869822838095e-01 4.000631944608292190e-01 4.362778582497170987e-01 4.759401155460766253e-01 4.814285569704118695e-01 4.553440238098787618e-01 4.474576542721184214e-01 4.552437840100426736e-01 4.858651279527726463e-01 4.762346802623810271e-01 4.522897347486314334e-01 4.626922940152374264e-01 4.621345499372490617e-01 4.791360630162968537e-01 4.754932652014106642e-01 4.807554245826523021e-01 4.912582462571830622e-01 4.718976565775059306e-01 4.892237337743939873e-01 4.948152435048780440e-01 5.086640234425455764e-01 5.096071918895273001e-01 4.961265552225125885e-01 4.945266745005972298e-01 5.000379165827754102e-01 4.916912788596415895e-01 4.934503844432220898e-01 4.690843809230452743e-01 4.869382806270065034e-01 4.997839770329421394e-01 5.004728091947808766e-01 4.842423972725762304e-01 4.792724894890122433e-01 4.854250974476367331e-01 4.861021030183895753e-01 4.934587751599320837e-01 4.705860944832483406e-01 5.088422877528032684e-01 5.004672039783198967e-01 4.915227861703660439e-01 4.841276515863296992e-01 4.912477289466156694e-01 5.012152533975845481e-01 4.929698780619579668e-01 5.004765774239262610e-01 5.012304943527934320e-01 4.985943575374031100e-01 5.051879107707182293e-01 4.961957706914455479e-01 4.989052632351558270e-01 4.889260191024076274e-01 4.945943207274893227e-01 5.010651818393812018e-01 4.960901247997832053e-01 4.922629729236964180e-01 4.843880536885477039e-01 4.917288018542537720e-01 4.885072895895766765e-01 4.952084275957572279e-01 4.965350546626090544e-01 4.992986392086889436e-01 4.911318956177772588e-01 4.972716378660495540e-01 4.979246889809103016e-01 4.988801040953593779e-01 5.009958309902842188e-01 4.990531372808917343e-01 5.002878526792660097e-01 4.961731434126210871e-01 5.015198700045078173e-01 5.034451031448724523e-01 5.021159425344662308e-01 4.983461185749668010e-01 4.978741526390783600e-01 4.981248630649618425e-01 4.935302908337597105e-01 4.989849593214763512e-01 5.029557700626571259e-01 5.097008323921050632e-01 4.987292384684046120e-01 5.051367687204411094e-01 5.065426701735020742e-01 5.047127024962622110e-01 4.925873712755803324e-01 4.978653909006658940e-01 4.999825845546222447e-01 4.980685051327498059e-01 5.008188535563032895e-01 5.002124218714948389e-01 5.041582371312235411e-01 4.995752282001308386e-01 5.037724201227022913e-01 5.027707812790687125e-01 4.985017444382400797e-01
-1.837369628358334270e-02 8.231116610614665208e-02 2.346671674176102063e-01 3.659018802424867101e-01 3.006602101508812352e-01 1.000000000000000000e+00 5.166822624498156324e-01 4.672314189595075939e-01 5.253374684805760531e-01 4.972425728808780310e-01 5.278687727072416402e-01 5.673073208347467755e-01 5.314761494098001471e-01 5.183936532509119122e-01 5.791665657626036134e-01 5.723855355534862577e-01 5.364128748442622552e-01 5.271442935267008911e-01 5.500374897968561827e-01 4.313852580190277730e-01 5.119983804832785035e-01 5.515349800499852462e-01 5.147017221135775644e-01 4.928834395093681375e-01 5.250709698944087123e-01 5.584982903722124359e-01 5.641044863067956605e-01 5.627824699550662002e-01 5.506620975619930247e-01 5.644558421078947896e-01 5.706355753464472658e-01 5.722891897875008738e-01 5.532980604644179845e-01 5.660526975469537536e-01 5.654973955884581294e-01 5.630040086564073176e-01 5.761946079324696823e-01 5.892339149455358971e-01 5.867180377657077450e-01 5.759431658271860766e-01 5.987664270379584597e-01 5.917197031157859222e-01 5.835519546198739693e-01 5.966049747604933451e-01 5.890173997942531603e-01 5.931134281630688898e-01 5.920952769435499086e-01 5.920586204887217097e-01 5.862889251747487318e-01 5.649154654566532763e-01 5.840865702842237273e-01 5.821965782024770553e-01 5.865016354502505802e-01 5.877299008870809915e-01 5.903616750007701919e-01 5.881045367842999694e-01 5.772500247678770124e-01 5.981681192928732793e-01 5.876524813526349256e-01 5.892662502518878354e-01 5.883950064253865575e-01 5.894067100440203433e-01 5.845766991405797475e-01 5.820487764231623284e-01 5.863981665697468593e-01 5.876139357963837684e-01 5.936959106555219634e-01 5.980876357358380080e-01 5.965883482645809588e-01 5.970226522230229760e-01 5.909580560340603750e-01 5.986297337789063810e-01 5.902745052671548587e-01 5.947314867923159110e-01 5.963750773006416539e-01 5.957808863110707343e-01 5.951940360678908970e-01 5.880158669908134295e-01 5.993450881967651300e-01 5.908391783174298251e-01 5.961719247590971937e-01 5.909465333687821120e-01 5.993130741516469184e-01 5.924319626447588361e-01 5.928695648176558475e-01 5.956283897054446275e-01 5.956843593446563556e-01 5.987500984210445409e-01 5.970407121508256587e-01 5.987503427082342400e-01 5.978432162973682518e-01 5.994044793323476394e-01 6.016184020137541610e-01 5.986342873004413256e-01 5.946911511875301315e-01 5.926450983449568222e-01 5.895694226500354240e-01 5.801197551247164741e-01 5.913375308009871656e-01 5.973596151827793577e-01 5.978368879657012247e-01 5.892449628208524803e-01 5.960043496344502589e-01 5.972124846576772894e-01 5.958093269390081215e-01 5.821638741834082031e-01 5.912115020181528680e-01 5.932070505313006281e-01 5.952108208084645469e-01 5.932301808967619383e-01 5.970989684240751716e-01 5.931580307937638352e-01 5.931638854436636077e-01 5.894392097787126694e-01 5.902949220214460668e-01 5.871926081708581657e-01
-1.827370877960242737e-02 1.231143963646539469e-01 3.150317570898829578e-01 5.448376167937291070e-01 4.721003890106983403e-01 5.166822624498156324e-01 1.000000000000000000e+00 6.988811724519717883e-01 7.282581784422852422e-01 6.855802558136284697e-01 7.396650699844397048e-01 7.968908264264444874e-01 7.226578720479961415e-01 7.035832485202930808e-01 8.351186997155326530e-01 7.951778440627915723e-01 7.393593179345732125e-01 6.981201022386721577e-01 7.335223380629362078e-01 6.181830313793474918e-01 6.755399448244157057e-01 7.369860183655116970e-01 6.678777113733971316e-01 6.567731712932369792e-01 6.883550737585805157e-01 7.632488166693666143e-01 7.671820693698334637e-01 7.442255404117913420e-01 7.481668535843757351e-01 7.383692715720401312e-01 7.759681416764454553e-01 7.932138056494775213e-01 7.454918968332315821e-01 7.677588857386159482e-01 7.511376746398505944e-01 7.763376559356993667e-01 7.713700306957397279e-01 7.967150359356486300e-01 8.015282997170812829e-01 7.977173433837365657e-01 8.046634861553395579e-01 8.166661343893006908e-01 8.046284170535571434e-01 8.211592837360465191e-01 8.065051973156085463e-01 8.124742287315561695e-01 8.147751911362706156e-01 8.118550099543068166e-01 8.087287462267499505e-01 7.661408401874141294e-01 7.976557671228914348e-01 7.880990873815443276e-01 8.068785862750519344e-01 8.031406089257533409e-01 7.978338660463482057e-01 8.021883559073479386e-01 8.003549855213646369e-01 8.107178608968999001e-01 7.989345378548864396e-01 8.112193354434992232e-01 8.039155339934559441e-01 8.055910055329672526e-01 8.003388544605323229e-01 7.971950011989843432e-01 8.020233843525190753e-01 8.010425272731137580e-01 8.157556781036825466e-01 8.169181183416550640e-01 8.171903972373282254e-01 8.143602284803916902e-01 8.030474950923441879e-01 8.089467279179684001e-01 8.049418925356793819e-01 8.011992680573848391e-01 8.100338486849605335e-01 8.086659266933723389e-01 8.079111401013439053e-01 7.961886287659309946e-01 8.124220878148543656e-01 7.919059061297166746e-01 8.051859294686981583e-01 8.069800949909313736e-01 8.200474978334618692e-01 8.000588540822354267e-01 8.078916547349416222e-01 8.146441545439708776e-01 8.140598599172731431e-01 8.224423928450601551e-01 8.177515358683272728e-01 8.201385745294096363e-01 8.196760272100370726e-01 8.225222011286409396e-01 8.207433020159136117e-01 8.231285183371165326e-01 8.153614417758607846e-01 8.142891590202190333e-01 8.157262408676663190e-01 7.968911977660030344e-01 8.084983446182665290e-01 8.209502007998429329e-01 8.243733878439715168e-01 8.079010914416134836e-01 8.129091758340053486e-01 8.194563563950062468e-01 8.146220751190106357e-01 7.992459998202048332e-01 8.124027339957895499e-01 8.113752984254383183e-01 8.134310302575367135e-01 8.155433274994934312e-01 8.209563322844221078e-01 8.157511623701153569e-01 8.133414355885103530e-01 8.096051708881830677e-01 8.115582034470694150e-01 8.062307752265580607e-01
-1.520934513068542167e-02 9.509322181416660080e-02 2.777042147708543296e-01 5.582635413657986989e-01 4.516912067838273481e-01 4.672314189595075939e-01 6.988811724519717883e-01 1.000000000000000000e+00 7.008666972800993156e-01 6.534628957568218155e-01 7.126429318569178495e-01 7.797069099515635537e-01 7.230365837267286322e-01 6.711760973187660406e-01 7.873515598825812090e-01 7.967288899633575561e-01 7.146191264156417366e-01 6.705946631955284065e-01 6.802243969209121888e-01 5.639288688583204978e-01 6.539314846459877151e-01 6.911132483419661909e-01 6.086186482213594706e-01 6.104073806874092956e-01 6.279137203693380131e-01 7.149127230961710433e-01 7.195088598035451755e-01 6.810645551056666580e-01 6.802564857916697516e-01 6.886370459744972639e-01 7.280867406995993329e-01 7.565390517666435999e-01 7.035508665391856375e-01 7.378718869133376046e-01 7.231253563520235739e-01 7.468730998074372129e-01 7.284755299582111876e-01 7.700778708827116237e-01 7.757877816091239831e-01 7.460131233035133258e-01 7.684599207267942544e-01 7.769142511639243187e-01 7.779961660313142735e-01 7.929325951288306307e-01 7.645034312362299911e-01 7.714148621235268344e-01 7.872294573284350783e-01 7.831757762773671194e-01 7.885699718168058814e-01 7.627437664584456600e-01 7.848119383250332648e-01 7.708029750901952415e-01 7.818203643081003129e-01 7.656850926729560358e-01 7.603757727546109901e-01 7.601695025971800801e-01 7.814739676854328687e-01 7.856072094571162623e-01 7.759048962984196329e-01 7.922151692534790124e-01 7.886501949546680379e-01 7.842058972114245297e-01 7.795177566234241517e-01 7.826068393440162030e-01 7.811464229861848629e-01 7.786494140228190641e-01 7.864518470448262910e-01 7.830672489656023139e-01 7.787475253964173394e-01 7.794027183363930744e-01 7.698737239006863131e-01 7.706399336106355413e-01 7.647002249609089475e-01 7.591270936308551764e-01 7.775111100184101121e-01 7.745058599124156062e-01 7.648818030575607052e-01 7.506624673584159080e-01 7.632396934319407578e-01 7.550882330177584034e-01 7.667853210715559475e-01 7.712865108093647226e-01 7.848051759378813497e-01 7.654019715492739184e-01 7.807866312966560418e-01 7.827753154156965598e-01 7.730897808617755995e-01 7.888674899418510744e-01 7.837954668764933741e-01 7.799575990421006022e-01 7.725731912691227166e-01 7.886077645858677876e-01 7.837926454706498625e-01 7.876386506945632915e-01 7.878703902879631293e-01 7.862301764215194888e-01 7.910180687869350358e-01 7.858566504153361443e-01 7.910706556447146820e-01 7.946121605027509638e-01 7.944052867679117780e-01 7.919315366048524929e-01 7.896158771046699609e-01 7.959386805014128097e-01 7.923953311081282092e-01 7.837785292746826116e-01 7.899467275561645740e-01 7.815198940951392226e-01 7.815488886554613490e-01 7.932086260123364374e-01 7.952878134645745556e-01 7.911036192869224104e-01 7.915717437057230299e-01 7.912564639657575505e-01 7.861452193016756906e-01 7.852321570148083074e-01
7.511242922781134757e-02 1.884392564563210082e-01 3.197294826848461335e-01 5.129861906758378387e-01 4.630087641578201074e-01 5.253374684805760531e-01 7.282581784422852422e-01 7.008666972800993156e-01 1.000000000000000000e+00 7.725519599009665894e-01 7.922492278059440896e-01 8.358998680222655686e-01 7.716992242138303038e-01 7.560313834190977023e-01 8.554303469734769738e-01 8.485609627597255900e-01 8.132423738719801731e-01 7.140522229842989343e-01 7.784578715729334464e-01 6.091091753769448669e-01 7.074051473182463301e-01 7.817134219317464217e-01 7.216880978774158351e-01 6.550980427651343918e-01 7.302966400131923885e-01 8.456062208313488426e-01 8.381195815917918956e-01 8.233536256895429561e-01 8.204545380794476817e-01 8.488057467780881771e-01 8.664869638401118124e-01 8.227292310471592263e-01 8.082777043091465830e-01 8.037066111915519562e-01 8.414778254460376639e-01 8.199544061593028177e-01 8.636424741659528559e-01 8.483664935410270003e-01 8.600141166714793117e-01 8.140571292968978856e-01 8.665809717135108947e-01 8.558878624799975965e-01 8.380168967709483718e-01 8.686323167453082750e-01 8.589717881284070211e-01 8.676521971705465353e-01 8.808735959279678784e-01 8.880546084419130848e-01 8.715061243037480754e-01 8.107506936250278295e-01 8.460362864964133811e-01 8.247349543309265840e-01 8.564015176031204435e-01 8.865490898018698607e-01 8.782287741253942404e-01 8.719255108260602904e-01 8.684367952837916960e-01 8.777827409554537219e-01 8.620998719316923520e-01 8.887788305253454535e-01 8.759366812095973343e-01 8.804759633470568003e-01 8.674084482029782439e-01 8.727181570399737964e-01 8.817788134585247128e-01 8.820344660048636820e-01 8.887207866281121582e-01 8.730199339523260216e-01 8.735763313255687779e-01 8.642139994138701153e-01 8.683183460424042099e-01 8.764871159940985645e-01 8.407513782907328759e-01 8.581330108620284225e-01 8.829528461664796213e-01 8.822865086678751689e-01 8.788374701095049701e-01 8.759085590699726698e-01 8.765832330225422631e-01 8.853797642827007097e-01 8.831042939344250220e-01 8.886381851640692275e-01 8.778868427748673930e-01 8.796637463867624795e-01 8.617612263486095214e-01 8.661057498274566946e-01 8.788257824542997643e-01 8.769325243192130914e-01 8.804292342629679302e-01 8.725299644517625630e-01 8.601892113138142060e-01 8.811754139454250900e-01 8.805171160441218614e-01 8.803942242191206136e-01 8.874057756763403804e-01 8.883602822609805161e-01 8.508741386380413996e-01 8.716926559443112232e-01 8.803153477743489441e-01 8.735311165412581458e-01 8.753646208769810810e-01 8.774903253472590148e-01 8.810673465959509842e-01 8.814112924605466137e-01 8.784194507679875530e-01 8.759733141439010051e-01 8.860391629031177940e-01 8.904614587810719684e-01 8.878458429719993106e-01 8.867055790208784316e-01 8.797517563132901675e-01 8.895390709773624005e-01 8.857400690751802141e-01 8.844219103266283133e-01 8.858908509709578771e-01 8.876411216289420425e-01
2.596862848719351177e-02 2.153106333677636264e-01 2.818677959811343170e-01 4.308224711611722824e-01 4.099928773038745144e-01 4.972425728808780310e-01 6.855802558136284697e-01 6.534628957568218155e-01 7.725519599009665894e-01 1.000000000000000000e+00 7.520594944362154477e-01 7.705655852733500621e-01 7.246815642189314843e-01 7.225813359566077843e-01 8.065815340790203347e-01 7.894904643327521621e-01 7.474224850715828206e-01 6.621286412100088059e-01 7.265974707517075526e-01 5.694515944045474010e-01 6.380638852401848693e-01 7.241587075758201264e-01 6.820309509864274089e-01 6.115219576628020404e-01 6.969489326693993902e-01 7.924927850916889671e-01 7.918028815515132379e-01 7.863804848841399187e-01 7.873232449574111280e-01 8.004826245755189973e-01 8.215727448234217967e-01 7.859876654434631016e-01 7.775253072039746138e-01 7.696159133367392879e-01 7.988285496366954730e-01 7.794249036449560908e-01 8.157160329656565345e-01 8.180668244156572566e-01 8.230961747767234771e-01 7.923886608148108524e-01 8.213744741228037327e-01 8.169661611009658708e-01 7.976720789322361282e-01 8.202812989055338067e-01 8.101373655133649043e-01 8.307277719891653645e-01 8.304484798559379488e-01 8.389643065684142531e-01 8.203962219511384824e-01 7.683493384422394046e-01 8.021560182546019213e-01 7.622887851016786342e-01 7.936978764430184796e-01 8.366264030186894018e-01 8.320544722305044383e-01 8.366514580701821524e-01 8.067015511036791375e-01 8.273458763626749812e-01 8.202640536662971771e-01 8.269211379690247776e-01 8.226000830373493278e-01 8.260188464863786884e-01 8.176201847154541680e-01 8.128979182017873617e-01 8.146893496162551651e-01 8.162284860447318602e-01 8.345061072226489518e-01 8.222969746724759776e-01 8.269615622731137927e-01 8.100422926717695260e-01 8.116490996626676280e-01 8.236359089085257823e-01 7.941184159567892253e-01 8.084804663744615816e-01 8.316087465302893778e-01 8.311508183925605531e-01 8.366685395868803665e-01 8.328305251490956129e-01 8.327967919905753247e-01 8.374557786622087718e-01 8.356476280089536468e-01 8.406707051705164524e-01 8.278253781143093404e-01 8.340369750016830563e-01 8.181250952617885597e-01 8.225040637549169142e-01 8.336450091725668976e-01 8.346545813458944307e-01 8.362561264669413630e-01 8.312571895324571969e-01 8.222533615429021836e-01 8.332847988494584968e-01 8.311201784264451442e-01 8.355458112062648102e-01 8.360454161971988540e-01 8.374310372160981286e-01 8.007308912650072941e-01 8.063693164381818823e-01 8.233964786191497742e-01 8.244998691303775384e-01 8.254490205551336945e-01 8.230710506470465537e-01 8.230619913509459318e-01 8.277255216110940284e-01 8.197071008189394936e-01 8.126395863748291370e-01 8.302684133152031798e-01 8.417866996253257073e-01 8.385084631540474787e-01 8.306120703345613032e-01 8.290011941184544098e-01 8.335847222938016499e-01 8.303486825728827458e-01 8.277676784386326370e-01 8.250236339475300884e-01 8.255876123401595379e-01
7.704973747476673816e-03 1.544556407574890211e-01 3.182408971250679230e-01 5.456485220550689741e-01 4.626917423514103622e-01 5.278687727072416402e-01 7.396650699844397048e-01 7.126429318569178495e-01 7.922492278059440896e-01 7.520594944362154477e-01 1.000000000000000000e+00 8.558685412726235731e-01 7.690046765586914246e-01 7.570590643253045648e-01 8.609358994760830663e-01 8.501370747714450671e-01 7.998526474235324590e-01 7.477623172598431012e-01 7.988449417246988871e-01 6.442431114427910055e-01 7.314834560029499499e-01 8.000913690379874987e-01 7.381166545178481364e-01 6.962545071270817010e-01 7.608353935089064990e-01 8.490610325173582051e-01 8.499203557010168719e-01 8.297409341859605103e-01 8.299795489564139039e-01 8.341224498038412039e-01 8.646089252746006482e-01 8.455199230423482426e-01 8.320491491935965156e-01 8.203172163972052289e-01 8.347354123259720371e-01 8.311975923170905611e-01 8.614121656346254152e-01 8.648325297099289655e-01 8.702828284036842055e-01 8.507169382337548269e-01 8.786383627215501591e-01 8.780587936762134227e-01 8.581184252707794169e-01 8.836112392349072531e-01 8.792172348432304441e-01 8.785507989192453682e-01 8.860998238673364336e-01 8.883458621826177959e-01 8.799028320836974615e-01 8.293579484885698072e-01 8.628758916633586518e-01 8.475475675371474393e-01 8.744300127594527572e-01 8.821925014436969859e-01 8.757977463497078618e-01 8.804387304371549261e-01 8.681662370013026875e-01 8.817698078666517114e-01 8.685559429743722193e-01 8.842591521626932405e-01 8.804887238977601172e-01 8.793991127446811884e-01 8.710085038331546459e-01 8.704722722755685593e-01 8.699242795338157919e-01 8.733019026420013597e-01 8.874299144534014694e-01 8.858296984174129918e-01 8.844728474531912132e-01 8.797211006892814433e-01 8.803404325278029185e-01 8.855763567501133693e-01 8.620246163875456835e-01 8.751914517416546913e-01 8.916187154068735410e-01 8.893288473794993543e-01 8.887332750150161997e-01 8.794363309259101147e-01 8.838951600916087337e-01 8.796636980982046605e-01 8.864636880558156573e-01 8.876277405942301080e-01 8.867514038115296149e-01 8.853728729237871908e-01 8.761950197238854710e-01 8.794125730064029645e-01 8.876912490361027475e-01 8.899685956316060187e-01 8.890671290710203678e-01 8.867692132028143215e-01 8.859088674316983880e-01 8.934928054666426700e-01 8.915091332558149340e-01 8.918048607258528548e-01 8.893208339667029172e-01 8.903637552007983569e-01 8.731824856452141681e-01 8.712079189203538743e-01 8.846728169805497810e-01 8.862901591488838715e-01 8.875977256094338408e-01 8.832214752674802938e-01 8.867725387171059293e-01 8.892570584349165363e-01 8.857075907144081883e-01 8.752442567750724489e-01 8.874584236988489749e-01 8.902337046107332563e-01 8.896689621682969396e-01 8.872657002885432354e-01 8.876619436615588166e-01 8.882898659439003586e-01 8.853158917863902522e-01 8.836086670058961312e-01 8.834572748008698850e-01 8.818755360601551185e-01
1.092841741769932928e-02 1.300436823088678973e-01 3.563242910132026764e-01 6.363489355248704848e-01 5.047880939795126309e-01 5.673073208347467755e-01 7.968908264264444874e-01 7.797069099515635537e-01 8.358998680222655686e-01 7.705655852733500621e-01 8.558685412726235731e-01 1.000000000000000000e+00 8.341692550194290678e-01 8.088646605167314485e-01 9.186297274781211053e-01 9.128560530072700185e-01 8.375182412045973912e-01 7.770401664116751705e-01 8.310705183013044062e-01 6.960008016709925416e-01 7.789679777131022220e-01 8.385351128912311713e-01 7.452250324345112142e-01 7.226510795236708029e-01 7.745281633589061743e-01 8.771343843948545826e-01 8.819940992622096188e-01 8.433402807230804266e-01 8.463936846598136832e-01 8.487709008903263630e-01 8.869905710189882608e-01 8.908313985093975207e-01 8.477617768236367368e-01 8.674546729641472442e-01 8.650787147161080881e-01 8.815581550478541750e-01 8.793258808287843786e-01 9.106490506274744767e-01 9.124581996382727933e-01 8.944398140507433537e-01 9.218515575862746836e-01 9.236821305713700525e-01 9.134080880199060282e-01 9.373880434026122810e-01 9.188965539512494729e-01 9.213824205468168493e-01 9.348203266999135508e-01 9.331588830462055340e-01 9.340426993385145815e-01 8.976627626884096101e-01 9.243588776631480597e-01 9.244738023928261716e-01 9.338988660763902772e-01 9.230309953379135512e-01 9.200236828821386492e-01 9.160058346531610995e-01 9.303256498207139735e-01 9.342810328021374788e-01 9.224319798472758736e-01 9.383517385723881832e-01 9.358482528205180895e-01 9.320140600626751759e-01 9.269816802462309546e-01 9.295685101876306478e-01 9.263909812955331002e-01 9.321388146686764298e-01 9.355265713985473353e-01 9.330090209390190514e-01 9.278544590131814207e-01 9.304534043916031782e-01 9.253076133765263389e-01 9.291731162297089952e-01 9.069067951932121563e-01 9.154779323636373922e-01 9.357955337392264150e-01 9.311821613480644189e-01 9.211822666462491371e-01 9.109014969090913905e-01 9.222355851244808944e-01 9.103466915449685004e-01 9.217222328652392438e-01 9.244992218185060784e-01 9.337305850382502381e-01 9.195504182676333960e-01 9.292228826131335717e-01 9.280501447950646465e-01 9.246547547955689117e-01 9.365064670574080319e-01 9.321409363185035879e-01 9.321161732668034050e-01 9.266262903108907212e-01 9.390698042848875104e-01 9.366146519657516656e-01 9.369817265600529632e-01 9.397428616985968874e-01 9.379175608210176263e-01 9.368945341132158822e-01 9.343540295744254820e-01 9.399497999566722717e-01 9.398255480083488322e-01 9.407024311876016620e-01 9.396436891009092296e-01 9.421455796026438900e-01 9.434069513833944765e-01 9.437695867174227260e-01 9.328215783164762742e-01 9.409693611247945677e-01 9.331983103388897804e-01 9.351952645643532014e-01 9.406309713786954463e-01 9.417740324519795481e-01 9.406298136449194880e-01 9.399060906212312050e-01 9.388251566874933340e-01 9.367428375719045741e-01 9.365707521728994234e-01
2.679889220236969516e-02 1.124041078424567186e-01 3.390585614020675820e-01 5.504125013576174341e-01 4.839656641219761690e-01 5.314761494098001471e-01 7.226578720479961415e-01 7.230365837267286322e-01 7.716992242138303038e-01 7.246815642189314843e-01 7.690046765586914246e-01 8.341692550194290678e-01 1.000000000000000000e+00 7.305972717788900006e-01 8.440067746790205216e-01 8.523175013393167188e-01 7.722080324482437641e-01 7.022504996322528337e-01 7.466250731398614837e-01 6.011685432819177111e-01 6.845541621846337188e-01 7.517170106304107424e-01 6.765930629889456149e-01 6.421675330873936050e-01 6.935793252779172136e-01 8.050549087708500640e-01 8.044439775740586107e-01 7.637468971640688498e-01 7.704533371767803285e-01 7.902589835407410890e-01 8.153587746069035358e-01 8.082978606332866800e-01 7.779291110356042482e-01 7.874155782682062954e-01 8.053486258213546911e-01 8.026212345199396081e-01 8.146966238514791181e-01 8.287265951185761592e-01 8.409864563633429047e-01 8.050861030010683095e-01 8.458441432684877803e-01 8.424496488755586210e-01 8.425836455822873772e-01 8.596668699372578271e-01 8.375491246734692030e-01 8.421395885344191701e-01 8.604454571620651082e-01 8.599881168071338289e-01 8.572872117610098597e-01 8.073553620228602901e-01 8.383537852546614211e-01 8.352914012046953607e-01 8.495616801529971562e-01 8.515655136532785940e-01 8.410233280240870801e-01 8.385784540045455593e-01 8.503467780157482059e-01 8.610777462055583253e-01 8.398580930552116408e-01 8.714223471790378817e-01 8.608666553549474409e-01 8.602462836296838056e-01 8.473587029805249582e-01 8.560881454568287641e-01 8.550241650331498189e-01 8.585014520443684516e-01 8.631284726329466750e-01 8.558657153224458192e-01 8.502039871363322732e-01 8.474298348617608223e-01 8.431906733518750308e-01 8.493967297754309032e-01 8.267308630291985150e-01 8.344867656895349484e-01 8.602889316314988877e-01 8.546873404041198663e-01 8.446959749224054459e-01 8.358786574981325046e-01 8.455130714142959913e-01 8.416279212314795588e-01 8.490433327598978508e-01 8.551932767867619356e-01 8.542854210660131287e-01 8.495468915737692805e-01 8.502496742081728787e-01 8.487838763884518745e-01 8.510275679155568929e-01 8.583804063142614904e-01 8.583664819622467412e-01 8.519556958405976044e-01 8.446849828147601214e-01 8.614590711811231927e-01 8.591699099242412485e-01 8.595702870756402048e-01 8.653632133788585756e-01 8.649670082464099297e-01 8.521731506099453624e-01 8.562407122783340929e-01 8.633491188673296790e-01 8.605089425181259299e-01 8.639833848138442907e-01 8.621769450173373261e-01 8.674342249109892045e-01 8.694861287010446915e-01 8.663795455870410001e-01 8.580088879058284101e-01 8.657475010951646288e-01 8.624820955056314853e-01 8.605266281399939210e-01 8.661434556956161268e-01 8.627685696277318517e-01 8.696460074907319537e-01 8.658300395573894637e-01 8.669754374545250997e-01 8.628130694233500098e-01 8.647712189414115125e-01
