1.000000000000000000e+00 1.032569143311919263e-01 1.044770073205332911e-01 7.843960694620293050e-02 5.544041354792936943e-02 6.867230124909585488e-03 5.679919001466245815e-02 3.512088971734152187e-02 1.822844381757562915e-01 5.549694083781823301e-02 5.109403146498381343e-02 3.149941805878318790e-02 3.397193691135944743e-02 4.672028994285305943e-03 1.827504162738240526e-02 1.686966817443918618e-02 1.269064405446746202e-01 1.366286312291368488e-01 1.095457202458768181e-01 1.352963302225934084e-01 8.263507495794086832e-02 9.911910058671645485e-02 1.537152628162622714e-01 1.480814197539650767e-01 1.062040718071463052e-01 8.869444422173763942e-02 1.009730460057261386e-01 7.823687213429245113e-02 1.165262049287159735e-01 1.323148116344283753e-01 8.852714725559167330e-02 8.455803168716671814e-02 9.726945591489891130e-02 6.368082527226964773e-02 1.207404955606904834e-01 6.280899261994434338e-03 8.094019063276765291e-02 -1.584610653115966009e-02 2.795250601739258933e-02 -6.281228387017038020e-03 3.414215588708877092e-02 1.502252566262869855e-02 7.761355531055843995e-04 2.593010064803920670e-02 4.879760139085050769e-02 5.888167874489982738e-03 1.476687295401373032e-03 3.496592446972639212e-02 2.993966467113472196e-02 3.571697594957204576e-03 3.159228178696578838e-03 6.632017475820901897e-02 4.184128349318245316e-02 4.553028820567393831e-02 3.089089264435219973e-02 2.853056097961025050e-02 4.748699246797941781e-02 2.392860527690358202e-02 -7.675103334186595024e-03 5.203558068516844770e-02 6.073091297601296117e-04 2.481379951855937002e-02 -5.215859558166508446e-03 2.435556019339749079e-02 7.701599655509688835e-02 6.118689551188418591e-02 3.226467283277507925e-02 3.650492964641354615e-02 5.420492329322830483e-02 2.829512346072995954e-02 3.045667308516110394e-02 4.180351789150356379e-02 4.823446754285663080e-02 4.674849352224343113e-02 3.908025677089635441e-02 3.791784277649942747e-02 2.626806598094175854e-02 6.432331765535760637e-02 3.345914848522413276e-02 5.023887957170625196e-02 4.694896143403053113e-02 3.625571134702371134e-02 3.503017550282088582e-02 5.257778490739362792e-02 6.690364493781335992e-03 1.829854878450178426e-02 2.045352855424711208e-02 4.200215217677923519e-04 1.311176250798035993e-02 3.448291724071038400e-02 9.897377650773151250e-03 7.840570844253512417e-03 2.468789848195217934e-02 1.037379319370154013e-02 8.226839020194194954e-03 2.651551808280771735e-02 3.683245185111267816e-03 4.148110917375994605e-02 2.129227007031678654e-03 3.671679324451984118e-03 -4.041456446937674932e-03 2.566688263230337830e-03 2.269942155504706474e-02 8.834212272701284438e-03 2.511671996692904640e-02 4.283939539752739528e-02 2.379820144332159271e-02 2.422556437518033970e-02 2.989173793511870278e-02 1.726674364668434256e-02 1.638152877523198561e-02 3.224307945645953077e-02 2.626530326992670972e-02 2.130836816330514485e-02 4.568606027384057577e-02 4.003483312242309827e-02
1.032569143311919263e-01 1.000000000000000000e+00 5.497624243143495182e-02 8.732329762480321722e-02 7.414648843312000859e-02 9.013044860171513795e-02 1.596368995614372843e-01 1.118865533175239513e-01 1.713989742430544472e-01 1.908994724790746278e-01 1.553424581912199731e-01 1.525832302140483210e-01 1.322652870397917069e-01 1.401682357871820717e-01 1.520893174838509609e-01 1.330156892320163986e-01 1.527010605378155417e-01 1.625411522220597260e-01 1.606603367422209938e-01 1.238823241132185338e-01 1.337249165414068353e-01 1.462456777624630833e-01 1.907166226460859926e-01 1.736999682334435524e-01 1.597888093034679768e-01 1.764837882523879464e-01 1.570480723939584045e-01 1.716939338126258763e-01 1.827829421012692190e-01 1.768702557483753934e-01 1.821447555781281202e-01 1.791139546293244733e-01 1.859404214342789130e-01 1.656787844639192320e-01 1.899487689128823986e-01 1.244198697895164407e-01 1.758825436229770334e-01 1.398887820997146425e-01 1.570999610780313416e-01 1.479926982905754584e-01 1.727770426534527837e-01 1.519731475512653418e-01 1.428897424126914784e-01 1.537599876321710801e-01 1.642281735876007787e-01 1.498870600465852521e-01 1.664172218562350314e-01 1.733462781676172459e-01 1.629313877072519900e-01 1.248087308807621088e-01 1.382958640245048887e-01 1.185329271870645823e-01 1.487622989880743873e-01 1.735507801782194270e-01 1.579169631855389111e-01 1.655949758792990001e-01 1.412564013997634482e-01 1.552244801842895261e-01 1.462464211133197856e-01 1.693644761490862016e-01 1.453904885807937031e-01 1.617702996806857918e-01 1.414678723446380904e-01 1.481211690139116466e-01 1.602974961744492444e-01 1.651783229048821300e-01 1.682551182254789501e-01 1.674487623358184296e-01 1.771632721793104104e-01 1.589232734563160165e-01 1.618721579039691105e-01 1.652640597412285972e-01 1.735043433622700249e-01 1.672198310736444649e-01 1.663985827500992498e-01 1.685358253151935937e-01 1.707191402173087458e-01 1.781075453613695236e-01 1.705646672673716835e-01 1.709694665209316733e-01 1.712506374876512916e-01 1.688720887967730955e-01 1.766977776697310210e-01 1.735673438495271559e-01 1.545572718268269086e-01 1.625703836360683496e-01 1.696192620197375100e-01 1.637196891998420056e-01 1.635827882733630612e-01 1.739710697391572691e-01 1.689031260359434572e-01 1.632451064518280481e-01 1.639265327165119746e-01 1.625942075119714003e-01 1.667328956982952748e-01 1.703167079748904300e-01 1.460351958815597762e-01 1.487289813309931874e-01 1.511858175476542276e-01 1.565299019090209132e-01 1.510096924366842730e-01 1.472412866367169559e-01 1.579986129085953206e-01 1.553106567047730924e-01 1.538887541361156353e-01 1.606297086041064137e-01 1.651189482837299161e-01 1.714132647339412230e-01 1.682863206100268239e-01 1.611997332530688831e-01 1.610130016132153286e-01 1.676061594751754036e-01 1.664227413884424300e-01 1.598093518856563700e-01 1.627454364793015362e-01 1.658822499532168482e-01
1.044770073205332911e-01 5.497624243143495182e-02 1.000000000000000000e+00 3.226688913432904093e-01 2.273243211921699702e-01 2.555132992190574659e-01 3.682927424265285965e-01 3.093000766381009958e-01 3.422542424903856628e-01 3.259812330426593019e-01 3.666055167842494633e-01 3.855639321199762493e-01 3.446737811004059182e-01 2.944049842171158615e-01 3.835489455006598214e-01 3.768918142066448040e-01 3.472819833793859279e-01 3.835990300927570318e-01 4.070202333346989443e-01 3.779869037126787901e-01 3.953706660964507180e-01 4.029934590958550444e-01 3.960009435440162151e-01 3.835140632429296370e-01 4.023798604920167943e-01 4.099756212661698762e-01 3.973922387918909505e-01 4.046759317488045626e-01 3.908377642570267096e-01 3.938384366777347712e-01 3.971074349962754879e-01 4.099939754351510368e-01 3.989710135637134503e-01 3.920872794613335932e-01 3.997889952827913818e-01 3.802968862451775456e-01 3.965072598137424631e-01 3.884615856346388951e-01 4.039062635741657581e-01 3.935378822274598898e-01 3.914145381952878755e-01 4.040515079571858070e-01 3.960018974640605038e-01 4.053125936188001210e-01 4.149942452764974199e-01 3.950587152032764005e-01 3.845307668504217014e-01 3.871608065522667563e-01 3.905606427996916596e-01 3.850474967045720565e-01 3.920803081919945199e-01 3.930902992333218937e-01 3.941884885099939395e-01 3.788892200503642393e-01 3.876330131513802124e-01 4.037972025503245854e-01 3.832223898553051011e-01 3.933768658876647950e-01 3.747427546710241364e-01 3.851224289771958409e-01 3.905566445795372599e-01 3.772922608957780533e-01 3.808182854532008443e-01 3.887889998201560782e-01 3.865517928069275300e-01 3.889503848977377554e-01 3.907068346554706251e-01 4.022857835959692263e-01 4.017624360439941977e-01 4.018082406403296059e-01 4.058473913265382982e-01 4.040390772721055290e-01 3.985422097036473987e-01 4.098472338761444123e-01 4.031462625078280348e-01 4.034721017978981639e-01 3.966269598445360534e-01 4.008880218474382695e-01 3.986662915060716350e-01 3.987832904356333752e-01 3.993360744751506819e-01 3.922438651147741595e-01 4.045711420984381412e-01 3.991044751961097536e-01 4.020478597075634597e-01 3.981126889189348650e-01 3.928266968825374628e-01 4.001962735565879892e-01 3.997450352208641311e-01 4.026435817274384155e-01 4.008371421899576403e-01 3.992458885459572726e-01 4.024546218287882171e-01 3.974304324965171054e-01 3.866159192252981436e-01 3.915180975595744517e-01 4.016766863565456869e-01 3.936409969700707112e-01 3.926848027485660975e-01 4.023538453986975627e-01 4.020384424347856478e-01 3.969494456604644728e-01 3.884914298209509176e-01 3.984775568512458066e-01 4.005990053646047433e-01 3.907324049906236718e-01 3.921902938435096742e-01 3.906654534888277519e-01 3.956943896102055880e-01 3.912575195609925838e-01 3.933184278314446614e-01 3.883793679203124682e-01 3.899110095094647233e-01 3.967084224042148333e-01 3.937915379131458615e-01 3.920369909008770137e-01
7.843960694620293050e-02 8.732329762480321722e-02 3.226688913432904093e-01 1.000000000000000000e+00 3.413973067533335182e-01 3.368364766643240360e-01 5.821167219666436576e-01 5.581619490924828453e-01 5.224537652302683188e-01 4.876925058050723405e-01 5.758461974906036174e-01 6.122361333694124053e-01 5.499414289944954959e-01 4.578980586696749788e-01 6.047514725251477152e-01 6.137950126743434431e-01 5.572350858738414070e-01 5.985542672294537070e-01 5.888063890370371922e-01 5.957316432062449429e-01 6.241465421178757911e-01 6.173186390964111592e-01 5.682803551683716092e-01 5.733861378364480954e-01 5.814278748320170775e-01 6.093889320122087838e-01 6.059861037298523989e-01 5.893920677277026954e-01 5.649520306992165120e-01 5.605411900558148197e-01 5.954038324074329980e-01 6.284346325339736916e-01 5.844098317945248811e-01 6.105142848244176079e-01 5.804350183570980981e-01 5.844901236336950134e-01 5.972446525962169517e-01 6.145166078338585303e-01 6.103048350754276541e-01 6.126653637468796321e-01 6.013401849241193364e-01 6.171018401563673761e-01 6.057601011984244943e-01 6.263623054670114376e-01 6.198910232700505230e-01 6.074625738370869055e-01 5.891776317079959746e-01 5.855288684709760716e-01 6.087231123099534624e-01 6.123044478571199045e-01 6.228405917839425765e-01 6.133975202728125797e-01 6.055983488109443202e-01 5.801708351164595046e-01 6.011717615200096176e-01 6.118134555303028632e-01 6.098908523218736777e-01 6.046465358913934995e-01 5.926516694477153013e-01 5.866610213120726502e-01 5.852918311969288467e-01 5.877425226529539026e-01 5.981522062667183892e-01 5.906355077636175066e-01 5.932936425631112343e-01 6.003262249110219440e-01 5.954267819208287627e-01 6.045118864442424744e-01 6.075152817851421361e-01 6.103847795710077850e-01 6.213815484882752038e-01 6.069475689914652916e-01 5.983435014124761642e-01 6.117677968357022600e-01 6.024818631291704030e-01 6.049092178900097316e-01 5.960090636284637311e-01 5.915446262810972744e-01 5.887327686929786363e-01 5.843922865123291066e-01 5.970409599951735924e-01 5.944094663470922413e-01 6.169133439238917438e-01 5.879345437822623976e-01 6.163868177466788056e-01 6.114050939896953363e-01 6.044454750648216024e-01 6.111553817382320286e-01 6.070332979603559886e-01 6.117104980473768716e-01 6.139715173047745056e-01 6.079981589441698642e-01 6.103345600285734474e-01 6.060968602363397961e-01 5.881155057998371793e-01 5.941987580075995812e-01 6.233387822175802118e-01 6.136677183771358512e-01 6.016292557992228840e-01 6.153005447464380273e-01 6.069196915134886794e-01 6.111569221818274888e-01 6.003085361415496646e-01 6.100692885861358494e-01 6.158830853267608374e-01 6.064630754599534823e-01 6.026588850071836756e-01 5.894067592836657044e-01 6.045118848776015463e-01 5.996430851546838969e-01 6.065045296929584273e-01 5.884725572931736037e-01 5.983761626200884143e-01 5.995181209018966006e-01 5.997691276419330197e-01 5.984637166343291792e-01
5.544041354792936943e-02 7.414648843312000859e-02 2.273243211921699702e-01 3.413973067533335182e-01 1.000000000000000000e+00 3.142647326483732351e-01 4.747425511172562174e-01 4.355891104039352202e-01 4.392146402452571929e-01 4.101320398880212159e-01 4.406921230441029347e-01 4.715614187552857883e-01 4.745531845048366337e-01 3.752206079944807593e-01 4.983556567428847339e-01 4.921721100260276760e-01 4.321860411779707145e-01 4.627457104821074418e-01 4.611766312576272564e-01 4.356787004099447747e-01 4.805415289168804005e-01 4.764501075268642305e-01 4.429269093721118211e-01 4.450829571255036088e-01 4.608883916145765092e-01 4.959490922602119434e-01 4.763004386953119118e-01 4.705152533746391752e-01 4.570969016392991691e-01 4.652335178474431565e-01 4.888843980598805983e-01 4.905133413009805099e-01 4.506793015984709716e-01 4.737802441310817181e-01 4.695632414485964023e-01 4.611952288999107696e-01 4.674043328783785145e-01 4.841264110516145247e-01 4.899704473928396253e-01 4.499353127178993828e-01 4.928912656739918852e-01 4.931306315677909669e-01 4.930056172121823899e-01 5.086987020512969693e-01 4.930199809693154855e-01 4.961591317961296932e-01 4.873658378055382157e-01 4.898318728986554849e-01 5.031220773147361269e-01 4.902437333529542918e-01 4.941273165940682777e-01 4.656250378726159989e-01 4.995650876852013589e-01 4.813437373901084393e-01 4.918509631822512440e-01 4.991735549238772718e-01 4.859721984402305406e-01 4.874597009352426014e-01 4.879942394050438836e-01 4.951396748580500495e-01 4.982781885455981330e-01 4.849322049792859635e-01 4.860477565895661711e-01 5.013841284700272238e-01 4.891409575089654127e-01 4.908932844717930344e-01 4.952703065738694455e-01 5.007862153151834139e-01 4.998226228087670475e-01 4.976825596429396148e-01 5.034545710691376019e-01 5.021541618041668320e-01 4.915717918936983177e-01 4.967569310429206242e-01 5.032671117440907782e-01 4.968225396635031488e-01 4.927765919735748734e-01 4.929643001569277150e-01 4.910120172835306107e-01 4.945845447799233074e-01 4.923903706214224907e-01 4.954115282219090366e-01 4.882116644185141019e-01 4.947027950776908822e-01 4.977727060077300481e-01 4.964212620848948987e-01 4.929260884003772158e-01 4.919723860164538776e-01 4.978675882382062601e-01 4.941613144168078287e-01 4.822553910491947371e-01 4.940977710521815558e-01 4.964732332011607685e-01 4.963458288195597978e-01 4.918770613218393928e-01 4.933549968251303985e-01 4.998681585796990734e-01 5.019548921322305457e-01 4.982598437809472314e-01 4.976120305252647591e-01 5.012851069781706359e-01 4.984064491820122123e-01 4.956939630010632203e-01 4.993363160507053311e-01 4.985681360694499964e-01 4.894577806256194541e-01 4.987636439607204819e-01 4.942391254860344918e-01 4.976401061579019403e-01 4.943845639383664392e-01 4.895021850731219870e-01 4.934289148631557653e-01 4.887349581146284150e-01 5.006228078335932530e-01 4.973549759723398522e-01 4.948274843716573557e-01
6.867230124909585488e-03 9.013044860171513795e-02 2.555132992190574659e-01 3.368364766643240360e-01 3.142647326483732351e-01 1.000000000000000000e+00 5.030922671753117470e-01 4.267630176439449197e-01 4.957662313905731311e-01 4.685355268609068813e-01 5.192312147192382765e-01 5.428833851832580715e-01 5.058720318705313135e-01 4.398828175313414524e-01 5.669097956883568656e-01 5.431049812445737368e-01 5.047893286464862905e-01 5.015560798151501576e-01 5.087546442847116213e-01 4.623016470164496572e-01 5.296575900544192583e-01 5.329408588475338382e-01 4.728004773771649072e-01 4.904504819408990191e-01 5.270236442082304462e-01 5.447545707791059399e-01 5.311667959493082680e-01 5.402649421970555643e-01 5.025106851567663346e-01 5.233997703757308217e-01 5.507030663284661065e-01 5.394152161858373207e-01 5.309979746677712109e-01 5.520471665779976833e-01 5.271869675293098245e-01 5.476750208159296696e-01 5.509724131380144829e-01 5.580704062745391880e-01 5.805850944840753591e-01 5.460741116741641976e-01 5.738734905313438439e-01 5.781882652927337052e-01 5.641073617748653124e-01 5.822026880998284470e-01 5.692488461769905639e-01 5.698393109537185364e-01 5.716939969169109181e-01 5.710194443461619196e-01 5.677406263760663707e-01 5.554276966809217342e-01 5.734651646413724269e-01 5.528978511066252599e-01 5.661138074609807225e-01 5.518680702926695991e-01 5.570283649857993291e-01 5.638580114323314962e-01 5.366852449313100903e-01 5.686344285285770406e-01 5.609902147363002856e-01 5.595951328347603670e-01 5.747936441864509582e-01 5.507677636212877648e-01 5.608287813258131527e-01 5.609687905295949184e-01 5.621748280892336913e-01 5.556990707755899983e-01 5.751647162143757042e-01 5.774653330977624899e-01 5.660890339805341176e-01 5.700711818284081023e-01 5.822997858022728179e-01 5.786570417160002977e-01 5.650556602463239209e-01 5.763010603128401188e-01 5.740847548163861003e-01 5.754650966090072428e-01 5.772966763260303225e-01 5.591907573555753297e-01 5.733797807086480347e-01 5.714108592471007775e-01 5.773117744508444726e-01 5.737097073606237663e-01 5.758866405517576448e-01 5.719312522177248947e-01 5.799056845851962017e-01 5.773639224853186480e-01 5.828885741699272316e-01 5.814038695653572786e-01 5.845460939958486701e-01 5.693077028267484740e-01 5.829097860889039806e-01 5.800244128000480170e-01 5.807157573125972805e-01 5.805324212960039088e-01 5.764520600014638729e-01 5.745639996046406628e-01 5.734834604632894628e-01 5.579540611763119662e-01 5.773764601681242725e-01 5.814887880874911597e-01 5.811739110372166062e-01 5.708671317485007890e-01 5.743779101088912764e-01 5.808457931672681429e-01 5.828444455167439697e-01 5.532845110822325330e-01 5.700273253369935178e-01 5.751985500688647779e-01 5.714670112965495319e-01 5.737550078051070201e-01 5.721871618343378207e-01 5.691054943373143882e-01 5.645592494926172655e-01 5.745824349655238583e-01 5.723667114598564032e-01 5.687548691838113513e-01
5.679919001466245815e-02 1.596368995614372843e-01 3.682927424265285965e-01 5.821167219666436576e-01 4.747425511172562174e-01 5.030922671753117470e-01 1.000000000000000000e+00 6.957882215782520419e-01 6.903321174602038424e-01 6.616352819261110962e-01 7.335614359167903498e-01 7.911843498241600825e-01 7.368535744675622778e-01 6.151498982948901961e-01 8.317541326801881629e-01 7.970102259394997724e-01 7.138144381824385043e-01 7.446638918624035597e-01 7.457184542202525135e-01 6.958049014014699996e-01 7.779713728577820619e-01 7.725104105550373301e-01 7.282257005539899408e-01 7.131208336767675959e-01 7.474141123018083199e-01 7.915972857812094698e-01 7.714405026636137475e-01 7.931170073566683465e-01 7.556028247991664060e-01 7.406997166398858745e-01 7.986410709685261011e-01 8.168232740163071659e-01 7.775907863106589213e-01 7.876682833676025286e-01 7.638416567851918915e-01 7.683514527233455960e-01 7.889168625295580606e-01 8.062544868664490716e-01 8.152756436637981219e-01 7.924055028648431254e-01 8.053710381941701080e-01 8.127092062134694261e-01 8.039334721078188473e-01 8.182371840885769299e-01 8.140350395491096069e-01 8.170446054024533833e-01 8.027254910199610460e-01 7.958155084176614658e-01 8.121571330474365302e-01 7.901222305976524085e-01 8.119477356198984141e-01 7.675393375431334153e-01 7.981183704204241058e-01 7.848141876288414753e-01 7.987278346353117175e-01 8.160259147949039393e-01 7.931238337577355413e-01 7.988736636992272988e-01 7.935686266301039682e-01 7.941554837929253319e-01 7.998097321964309225e-01 7.890618367718988946e-01 7.994677200883890666e-01 7.955173290986181645e-01 7.894208714771900892e-01 7.971579447653929229e-01 8.041559827598104837e-01 8.154299188028084622e-01 8.127437947172666544e-01 8.151903013929707731e-01 8.192879548569327319e-01 8.096759852002231028e-01 8.001386043264987480e-01 8.063683285707179405e-01 8.079347491809180104e-01 8.093172542135844694e-01 8.128341772846270352e-01 8.014848145090348597e-01 8.011488780635990237e-01 7.983993600968555260e-01 8.056333772822242834e-01 8.076652047236202447e-01 8.197919420390947787e-01 8.035043396725539688e-01 8.167503866955190261e-01 8.134787743981598540e-01 8.141789953130069701e-01 8.213801993531605339e-01 8.199747013576280663e-01 8.186940363330722503e-01 8.187570289342612773e-01 8.190470105731856298e-01 8.151399983572570340e-01 8.186248666711110067e-01 8.035799453742548115e-01 8.059781319236576369e-01 8.167237415449711824e-01 8.058375615285333637e-01 8.101429087763564185e-01 8.206465629216094237e-01 8.178510933898456292e-01 8.133712447751916264e-01 8.038236856155874799e-01 8.136887469790120564e-01 8.149645225648359803e-01 8.023513434364453190e-01 8.097948312201795895e-01 8.029267655505005763e-01 8.127812383739996260e-01 8.053824215017547639e-01 8.072578793339929559e-01 7.984761961774904382e-01 8.021058649346798353e-01 8.094609254116007513e-01 8.050215737752289824e-01 8.025361885365538406e-01
3.512088971734152187e-02 1.118865533175239513e-01 3.093000766381009958e-01 5.581619490924828453e-01 4.355891104039352202e-01 4.267630176439449197e-01 6.957882215782520419e-01 1.000000000000000000e+00 6.342164482889335320e-01 5.885188781116864609e-01 6.832210024303622120e-01 7.293096077729480653e-01 6.678501612738014792e-01 5.681394506127616095e-01 7.418722326789365384e-01 7.583998703345316006e-01 6.521576722510252777e-01 6.816028593464328322e-01 6.699208313221794997e-01 6.447567133662475136e-01 7.191636375280757720e-01 6.893337479005314794e-01 6.361077486212700638e-01 6.389606785764577745e-01 6.601515482028187387e-01 7.103335995484043597e-01 6.939898577140215519e-01 6.892719680623489165e-01 6.520226124360494202e-01 6.645912713133285132e-01 7.060095466374636253e-01 7.359184802062560538e-01 6.887101263339249213e-01 7.224760278563792104e-01 6.973308044913397730e-01 6.978603284119192507e-01 7.081037557069631561e-01 7.456123168412985835e-01 7.411784947066969442e-01 7.059199969861169599e-01 7.195633634329758888e-01 7.413793159768348184e-01 7.229142284297914722e-01 7.498606862564205500e-01 7.285157982606215166e-01 7.377452189334028354e-01 7.240725730703668761e-01 7.199480812547461861e-01 7.419715242170339398e-01 7.401890420837530238e-01 7.501644832954507125e-01 6.978297440466565416e-01 7.268609523196174482e-01 7.083640100346744184e-01 7.258289790547746145e-01 7.307727712894782623e-01 7.366344666657712592e-01 7.395430293743244787e-01 7.387725226080809060e-01 7.152639301940317829e-01 7.234488333364677004e-01 7.200959912321875933e-01 7.343059519150276770e-01 7.298904628919212767e-01 7.155464924503577295e-01 7.203351994032746175e-01 7.261899096055066671e-01 7.285715922037526715e-01 7.301835249231175551e-01 7.334331682619121828e-01 7.402660717264619716e-01 7.283109946169779025e-01 7.154010082288801975e-01 7.212938899559647732e-01 7.262677433536240956e-01 7.264544280321820757e-01 7.198207741243330959e-01 7.095586085609990601e-01 7.105837622676369758e-01 7.125067705688861164e-01 7.231634598001925873e-01 7.212812488752271545e-01 7.346338344391107888e-01 7.253765706798792623e-01 7.454673073358825119e-01 7.404221931967417403e-01 7.319367936386207418e-01 7.420481432336811789e-01 7.384851196259433204e-01 7.312861753827161193e-01 7.266347144875104913e-01 7.353233905933779235e-01 7.289948746234213850e-01 7.354342605985134673e-01 7.232094588718426253e-01 7.251855262173019234e-01 7.517814585712720987e-01 7.479830510919767139e-01 7.378903679490893541e-01 7.477317924309679897e-01 7.376732438209232523e-01 7.471980727763686270e-01 7.267662336837795722e-01 7.426448652256137928e-01 7.361092269641973385e-01 7.299055967774935594e-01 7.361849081280608109e-01 7.200702956364545271e-01 7.302371756402662450e-01 7.337842295131283832e-01 7.394322360291447627e-01 7.210306931063403812e-01 7.249395559548373891e-01 7.354993266610841962e-01 7.288804598942979496e-01 7.259094092563678213e-01
1.822844381757562915e-01 1.713989742430544472e-01 3.422542424903856628e-01 5.224537652302683188e-01 4.392146402452571929e-01 4.957662313905731311e-01 6.903321174602038424e-01 6.342164482889335320e-01 1.000000000000000000e+00 7.409643800489544851e-01 7.905288801298064882e-01 8.121057256998805984e-01 7.622516120039376508e-01 6.596149938025034354e-01 8.173475344897822570e-01 8.005497793322228217e-01 7.971065306181936982e-01 7.581393755440222204e-01 7.672744107627960108e-01 6.829830080245719026e-01 7.695722215352860385e-01 7.758137678443524088e-01 7.449497800673474668e-01 7.476979648549761936e-01 7.660189052798356268e-01 8.302920188242884914e-01 8.131927529131891541e-01 8.142891373127862931e-01 7.887680269136509992e-01 8.124768199233393107e-01 8.442319032699457937e-01 8.238525290818246027e-01 7.898269394431071122e-01 8.057859609875587248e-01 8.141889587745788637e-01 7.497019676507773456e-01 8.125259850753886459e-01 7.942412289997339281e-01 8.268669266941849338e-01 7.561608176936501780e-01 8.501231913305772325e-01 8.312361152400005171e-01 7.907390726680382231e-01 8.402502860036608068e-01 8.294197316262378328e-01 8.259952564505330663e-01 8.525222232985077975e-01 8.681954688178653567e-01 8.539218738348821613e-01 7.791413738412110712e-01 8.230865780658478403e-01 7.923737076371598631e-01 8.460673670271222635e-01 8.595681189352226692e-01 8.479056604461855384e-01 8.461466728428471695e-01 8.337042587334601018e-01 8.502680758165293007e-01 8.418344829115316230e-01 8.685466255202631825e-01 8.519410546871892809e-01 8.504312906458876276e-01 8.399154600260935188e-01 8.428560247260094007e-01 8.679475717415540137e-01 8.612326238666255795e-01 8.649412560436092745e-01 8.587169468700643904e-01 8.591104973447678539e-01 8.496689694039217811e-01 8.527405881119121123e-01 8.617656322381965772e-01 8.512613527320121998e-01 8.467041765352759652e-01 8.612560937532938166e-01 8.612139628104528155e-01 8.545820372580192892e-01 8.544768943141252127e-01 8.493946338491470405e-01 8.610632004373994786e-01 8.611384462485405233e-01 8.625849725028826853e-01 8.488140441142223436e-01 8.629772645700297673e-01 8.366746846492544298e-01 8.457904520873559262e-01 8.476652126945670718e-01 8.438308850891345081e-01 8.531932023311790125e-01 8.546081873546084173e-01 8.306318600724541534e-01 8.519089575037569473e-01 8.555054376303176111e-01 8.531111248894633903e-01 8.610627205741120394e-01 8.653204986024835010e-01 8.301572460673084519e-01 8.467698355308639346e-01 8.512687664592529790e-01 8.440010355453655411e-01 8.387542942324398565e-01 8.438751301535781790e-01 8.572733575413404861e-01 8.567719997731102488e-01 8.487028996309049500e-01 8.530312433289181095e-01 8.615630762020545230e-01 8.639213420005747990e-01 8.607113289254366695e-01 8.614006021388872503e-01 8.563747100927857625e-01 8.684789948365685408e-01 8.583897086759166850e-01 8.580877571370330026e-01 8.692183365998310540e-01 8.640203788598715962e-01
5.549694083781823301e-02 1.908994724790746278e-01 3.259812330426593019e-01 4.876925058050723405e-01 4.101320398880212159e-01 4.685355268609068813e-01 6.616352819261110962e-01 5.885188781116864609e-01 7.409643800489544851e-01 1.000000000000000000e+00 7.374969403793000255e-01 7.738546195575579656e-01 7.143664723599605360e-01 6.286073118689012862e-01 7.773377798011888995e-01 7.565626020893201353e-01 7.258183683915766515e-01 7.006275172284855968e-01 7.178077931281944268e-01 6.272173580533948467e-01 7.117172177093649132e-01 7.177616980820656911e-01 7.055827197656437955e-01 6.944320687112968127e-01 7.158518134871607597e-01 7.831843454160642981e-01 7.635881669492621260e-01 7.687997514319556691e-01 7.399736638726257532e-01 7.525055794122216257e-01 7.993273540583092363e-01 7.795362019740198489e-01 7.348808408199629660e-01 7.533625176536900003e-01 7.473196830243888922e-01 7.134229573033425975e-01 7.594404584576808226e-01 7.552948585815196791e-01 7.789226260036581362e-01 7.279662591096676127e-01 8.072702961724238513e-01 7.905620893416935857e-01 7.553592846490989610e-01 7.938569338369615425e-01 7.913658521124371514e-01 7.864240004858310540e-01 8.214533840870887893e-01 8.328258340025780360e-01 8.181328274847398108e-01 7.398064235689745249e-01 7.830929778035738975e-01 7.430205118754281690e-01 8.040309165321609663e-01 8.254833904192624416e-01 8.151586023680298387e-01 8.098875798133312598e-01 8.025806774266880383e-01 8.138008823690575655e-01 8.101834029598207199e-01 8.247292318802615929e-01 8.147226786676377008e-01 8.179507814304093349e-01 8.072701349990247799e-01 7.988492944815671626e-01 8.119849276114498027e-01 8.189888776309663942e-01 8.256877202734724808e-01 8.207403464861093845e-01 8.173859213668051016e-01 8.117389728199937426e-01 8.141474110883779591e-01 8.198561257447047890e-01 8.136384425182632274e-01 8.089173203623386543e-01 8.201851174163021785e-01 8.201971215105909874e-01 8.193363227019190287e-01 8.137022022232688334e-01 8.163299944920889839e-01 8.212822246959311512e-01 8.170865488711593905e-01 8.254172120470739671e-01 8.147776810732534347e-01 8.169900981614414137e-01 8.014928896709645478e-01 8.074608755911595326e-01 8.147413548488864343e-01 8.125013924421866651e-01 8.162504287904754907e-01 8.222865387494667777e-01 8.018857144086715127e-01 8.170697030368417879e-01 8.210103881894575961e-01 8.194327848070812603e-01 8.268173612161959785e-01 8.307993875799226657e-01 8.004697781432128512e-01 8.049421673290051427e-01 8.194612769618261350e-01 8.097021008459663882e-01 8.056948558862870868e-01 8.134989529649445661e-01 8.209039337314738560e-01 8.195568165421469597e-01 8.124520356086127881e-01 8.219412129074031848e-01 8.263873974475866024e-01 8.282542886362171952e-01 8.254880109689600731e-01 8.236991710696758284e-01 8.228498692258747749e-01 8.289673140146885943e-01 8.269166763154748301e-01 8.190900462785427605e-01 8.242980066885464696e-01 8.256138579830051283e-01
5.109403146498381343e-02 1.553424581912199731e-01 3.666055167842494633e-01 5.758461974906036174e-01 4.406921230441029347e-01 5.192312147192382765e-01 7.335614359167903498e-01 6.832210024303622120e-01 7.905288801298064882e-01 7.374969403793000255e-01 1.000000000000000000e+00 8.651800452557434351e-01 7.797605459851904008e-01 6.678084211868360320e-01 8.589904118028706126e-01 8.339015221054596472e-01 7.853844044606662633e-01 7.891437240573568879e-01 7.986882491709523801e-01 7.171871593758446517e-01 8.164569970451009961e-01 8.123686609155059690e-01 7.696186859823850313e-01 7.705078720106832701e-01 8.040081184207316101e-01 8.588399540571656221e-01 8.405538520747544151e-01 8.435115503959705885e-01 8.100987566809630946e-01 8.209077932072760264e-01 8.620746525631302060e-01 8.561068416441783846e-01 8.215847215785081481e-01 8.412274952196653333e-01 8.227858596673377489e-01 8.087107965448070424e-01 8.428827560986674738e-01 8.462730914109638514e-01 8.700446560652557171e-01 8.256349584961508725e-01 8.804483496102901707e-01 8.727962211588549124e-01 8.475075908452832651e-01 8.795661770492977372e-01 8.714101013117447891e-01 8.739550667650850535e-01 8.851899441316185557e-01 8.827118433632699102e-01 8.831562231975926824e-01 8.337462723942639098e-01 8.691277682096313351e-01 8.368015681814685580e-01 8.740094470502224322e-01 8.752251751648583156e-01 8.768721358636967222e-01 8.812684284297550574e-01 8.635259354920785668e-01 8.824081979250074648e-01 8.745425836996587599e-01 8.821161288016514668e-01 8.844432378593173327e-01 8.721756894887293665e-01 8.748922569958640372e-01 8.706509278908717286e-01 8.768743723080432151e-01 8.817957698338585448e-01 8.890147856214514199e-01 8.899271123624589164e-01 8.855735062417207093e-01 8.845291278901717957e-01 8.926590064899118104e-01 8.902694694703700007e-01 8.774222635542919813e-01 8.815158180346108763e-01 8.888484994976343367e-01 8.890461978836732282e-01 8.868494613664156256e-01 8.758298007760647597e-01 8.785937866721905687e-01 8.806241873820668253e-01 8.849128927976049885e-01 8.880184283032247494e-01 8.874192474298490119e-01 8.799483521728643787e-01 8.809248484046444672e-01 8.861545070263884272e-01 8.864451237646497894e-01 8.889624613424055299e-01 8.902346635136189068e-01 8.890074518317863106e-01 8.796124154109148385e-01 8.903624509933647513e-01 8.902278340632762133e-01 8.915225355612600433e-01 8.881525103010896594e-01 8.895513790226681206e-01 8.810848161195317108e-01 8.772919527836559039e-01 8.884601243399180559e-01 8.885539757704074004e-01 8.851483279615162125e-01 8.844516137734346195e-01 8.877920368319185407e-01 8.911962558664753287e-01 8.884799872468875925e-01 8.806023807460523489e-01 8.904397420995984191e-01 8.880060567170516839e-01 8.903054888408464818e-01 8.904675296572336363e-01 8.893133017607244284e-01 8.884562968411204853e-01 8.863761655048237875e-01 8.878141335907244747e-01 8.894167234374413811e-01 8.888576151761418132e-01
3.149941805878318790e-02 1.525832302140483210e-01 3.855639321199762493e-01 6.122361333694124053e-01 4.715614187552857883e-01 5.428833851832580715e-01 7.911843498241600825e-01 7.293096077729480653e-01 8.121057256998805984e-01 7.738546195575579656e-01 8.651800452557434351e-01 1.000000000000000000e+00 8.246920420862824397e-01 7.112987872713700810e-01 9.123705973678980508e-01 8.947218111977256472e-01 8.253606030443930708e-01 8.212443203255258561e-01 8.382895010259473478e-01 7.635772603679885639e-01 8.675601615865020655e-01 8.650878627944679211e-01 8.036759772776894684e-01 8.078145880124767420e-01 8.444692239852017446e-01 9.035104207125903564e-01 8.849820604567188997e-01 8.887442530482405623e-01 8.494385518163209969e-01 8.591007496292702994e-01 9.105683162534161657e-01 9.072482119479556850e-01 8.611625072982400653e-01 8.893562919430971769e-01 8.643050222135896243e-01 8.574205727520972653e-01 8.882295403294118152e-01 9.072737504377877960e-01 9.209861547476841936e-01 8.770642591887867212e-01 9.265496094303778962e-01 9.277531676968386876e-01 8.974215947937751459e-01 9.350542612341936621e-01 9.213655291134016379e-01 9.239489527158837312e-01 9.358720349680240691e-01 9.342313143416804966e-01 9.355396314016237724e-01 8.958869709151627836e-01 9.268712572030743946e-01 8.876401802029461052e-01 9.259673357618243283e-01 9.226022696118054700e-01 9.275085499156283664e-01 9.331434727988319189e-01 9.172833030381830621e-01 9.340472176905342261e-01 9.302650895102628770e-01 9.288796560998512364e-01 9.334186330874073567e-01 9.247779269980133110e-01 9.311678161918557350e-01 9.196562707056888941e-01 9.236371918262828995e-01 9.288826428494155740e-01 9.370520997411525554e-01 9.378756312907805537e-01 9.333758979928433730e-01 9.379780193126497911e-01 9.439896716274106536e-01 9.387707693002708131e-01 9.253860000589165802e-01 9.300690375182666392e-01 9.368807578274489511e-01 9.387788734184061568e-01 9.359182877686069713e-01 9.224281571655001954e-01 9.265090106462979813e-01 9.284738142399723282e-01 9.344194476354417134e-01 9.373807768348715319e-01 9.354632369277769977e-01 9.291334905640975528e-01 9.355255936092580216e-01 9.369783028657781010e-01 9.370127750400045752e-01 9.413524333742135930e-01 9.411698726883723776e-01 9.403623485098946411e-01 9.311859148984790169e-01 9.425787263052403109e-01 9.408253090783953443e-01 9.412180607219334805e-01 9.383268938342680388e-01 9.392715814425173226e-01 9.366737955679546035e-01 9.277902069694381471e-01 9.407823888144701829e-01 9.422884673751944495e-01 9.374587284652869945e-01 9.380331212326290524e-01 9.384924151558238226e-01 9.439173798200614085e-01 9.412802390813956865e-01 9.289792029729035949e-01 9.399108059060737874e-01 9.378460505398485969e-01 9.405753478426526204e-01 9.406286490930088062e-01 9.413532407724084505e-01 9.356244715309073312e-01 9.350476972717718382e-01 9.376206432390015166e-01 9.382394656840886693e-01 9.367395386161164739e-01
3.397193691135944743e-02 1.322652870397917069e-01 3.446737811004059182e-01 5.499414289944954959e-01 4.745531845048366337e-01 5.058720318705313135e-01 7.368535744675622778e-01 6.678501612738014792e-01 7.622516120039376508e-01 7.143664723599605360e-01 7.797605459851904008e-01 8.246920420862824397e-01 1.000000000000000000e+00 6.657451117732006152e-01 8.442486153832475804e-01 8.342969360850572835e-01 7.605221907881148935e-01 7.542858586807491550e-01 7.706214289038416654e-01 6.688367923237515944e-01 7.839112241707977269e-01 7.852738070051518138e-01 7.417083167964766410e-01 7.324864069502138308e-01 7.723147439606434794e-01 8.390249497392044953e-01 8.110462382055575459e-01 8.132875528537019116e-01 7.717075823642719490e-01 7.891028038140115441e-01 8.366682290423949064e-01 8.265616692783042119e-01 7.864789307128553508e-01 8.065846943208959674e-01 7.956256909647043685e-01 7.857696650068464184e-01 8.070733067163360364e-01 8.228559636582020165e-01 8.463867630298821387e-01 7.891823817252089368e-01 8.496275478120113300e-01 8.474769559611023961e-01 8.281128867380284087e-01 8.563050237768289330e-01 8.469958296784347862e-01 8.498112573090846888e-01 8.631534319146499934e-01 8.618400065553273315e-01 8.634104602357297598e-01 8.104643464480274506e-01 8.469726905677126272e-01 8.071262398570343555e-01 8.585189243941089288e-01 8.542089122968349324e-01 8.573364845978327375e-01 8.610172603285420889e-01 8.435796850261019220e-01 8.605906290073555009e-01 8.522883170231321248e-01 8.671005394133782795e-01 8.675479876184722938e-01 8.548203671576748430e-01 8.554744091564251418e-01 8.582841398933663823e-01 8.561036044972590853e-01 8.612741806760079166e-01 8.680116783387253898e-01 8.677550199908709017e-01 8.617090747182116761e-01 8.617261868493925059e-01 8.677788219445028428e-01 8.659421385433363483e-01 8.532587419866428657e-01 8.582849145508563149e-01 8.690891161052591851e-01 8.630738081132940387e-01 8.628868974993384455e-01 8.503163021225423890e-01 8.564785063650610653e-01 8.597891897637799374e-01 8.585319018260146873e-01 8.632484413703616077e-01 8.622694202406763209e-01 8.584057434852805368e-01 8.535676562423177849e-01 8.577735425718225892e-01 8.618403662033472523e-01 8.627424697797730913e-01 8.674371214453884260e-01 8.657502574295655728e-01 8.511767085316488402e-01 8.676370204644952011e-01 8.659513569089954954e-01 8.673293380917871387e-01 8.683494059636048812e-01 8.677904861234547740e-01 8.543168487456426208e-01 8.560625438474152027e-01 8.689215625366218942e-01 8.643667745908566458e-01 8.626635738855625846e-01 8.602661049109778801e-01 8.659082749983669780e-01 8.694601955495953050e-01 8.666194324193562393e-01 8.550368270429385964e-01 8.676673074021241661e-01 8.681737169529538667e-01 8.686987913614394596e-01 8.679121033457624090e-01 8.636639508181910285e-01 8.676198322009707198e-01 8.625159237522170841e-01 8.667266426469670826e-01 8.677333577766378481e-01 8.660792093740208308e-01
