1.000000000000000000e+00 5.869151052101208299e-02 2.663710108711181673e-03 2.995565315742432580e-02 2.944782217578017017e-02 -1.360366167948096408e-02 1.653644897857242668e-02 4.479277681016682194e-02 6.275126484569661101e-02 -1.222126546265089181e-02 1.022082492127737025e-02 1.778037118133203934e-02 2.095083389300951907e-02 1.363597809600201362e-02 3.077250070993539947e-04 2.142080257845024871e-02 4.224225812841029409e-02 -2.299583059151392994e-02 -2.777193908222394536e-02 9.866165801154239134e-02 -9.841235804714163621e-03 -1.464332287799334845e-02 -3.414988747313571493e-02 -5.022811014861364165e-02 -4.731012014443408686e-02 -1.064351423182983807e-02 9.035091352136133055e-03 -5.931425819544932504e-03 1.981372685792621383e-03 1.584057244375018658e-02 -3.784812168839541660e-04 -3.227515125447263239e-02 -5.679674418764246724e-02 -4.175680359344148551e-02 -1.043132273364136969e-02 -3.047447366579192699e-02 -1.704707698554117426e-02 -3.450420683232260921e-02 -2.152764495513391843e-02 -4.790395777968060181e-02 -9.248406448114344924e-03 -1.876883789492391624e-02 -1.297157439556979354e-02 -1.976652966675538844e-03 -1.504652782746146271e-02 -7.532825283106295289e-03 2.403887501239713315e-03 7.176812433278038743e-03 9.932169977079467488e-04 -2.014805091074436255e-02 -2.163274368144059781e-02 1.257471888946481813e-02 1.221902088883707743e-02 2.256504141533267893e-02 6.529145024415651012e-03 -5.415786325664514143e-03 2.210986358602363630e-02 6.406884797842005846e-03 -3.405022742763507229e-04 1.941352203261509368e-02 4.910681680887788066e-03 2.229167379403771895e-02 2.121709445067328920e-02 2.028056646041014391e-02 2.583098364621948251e-02 3.045047977894289881e-02 9.882713254127501595e-03 -7.213784328910457892e-03 -9.402912299578434357e-03 2.630592807479034331e-02 -5.850676121005714096e-03 -8.441228994136518171e-03 -1.926216668013003980e-02 -1.838206500888320619e-02 1.360960828563777519e-03 1.990545869050548786e-03 -6.166633552244190405e-04 3.843308666381113192e-03 -2.745872998286011952e-05 3.582080623083351047e-03 -8.432637414572457732e-03 1.575315083111220905e-03 -7.718386833585042829e-03 -9.327521860967805806e-03 -2.073053488678005749e-02 -1.926771262637443083e-02 -1.053578631283110488e-02 -6.263591165045573339e-03 -1.123929984200193639e-02 -4.808446502699250356e-03 -2.171140404655548181e-02 -4.342277404890878927e-03 -8.161571506076617522e-03 -3.754713525699864517e-03 1.439654519540878915e-03 7.317062886005393230e-03 -1.701610337825060909e-02 1.760376417441720728e-02 7.317195113389031967e-03 -1.019009485061097078e-02 -6.594285325254924633e-03 7.858922592993464185e-03 5.320727053320778270e-03 1.960508568505032675e-03 4.065995322721612654e-03 1.577589602388447879e-02 4.761108146134077068e-03 7.357015762305731295e-03 6.847788604641194370e-03 8.263856255807179238e-03 6.518210432185165236e-03 1.514579837488252111e-02 1.423074787049723872e-02 1.160868061765398494e-02 1.734604054104323459e-02 1.985537370593129514e-02
5.869151052101208299e-02 1.000000000000000000e+00 7.192821558966146223e-02 6.319248133401296486e-02 7.138987333795668300e-02 8.745780357714255659e-02 1.531315495444825758e-01 1.419086309741461049e-01 1.751015066118968011e-01 1.778429804099486700e-01 1.507026708121883829e-01 1.484020415283762162e-01 1.437700670454835350e-01 1.159126334662313185e-01 1.453323065120624702e-01 1.580846695118244272e-01 1.762644679800503267e-01 1.487961254468092853e-01 1.526432343219427112e-01 1.267597538938702861e-01 1.180203966203605542e-01 1.353950747471244220e-01 1.590398592786781973e-01 1.418729349153784181e-01 1.379246175675003794e-01 1.704420018119555680e-01 1.688324024209963137e-01 1.727830664264919658e-01 1.711340261392516882e-01 1.709739517319448510e-01 1.740108068820974963e-01 1.630100702618454966e-01 1.478148117371726189e-01 1.580984181678500022e-01 1.543499197715640925e-01 1.454558764958183703e-01 1.562134095729969530e-01 1.542016436811164681e-01 1.577427042359030307e-01 1.348132313147441530e-01 1.673360967350928652e-01 1.585185452121011251e-01 1.439163042174315676e-01 1.637322290567105043e-01 1.603575224464793558e-01 1.693726198199637101e-01 1.688451557138556658e-01 1.732050133102421563e-01 1.578869567322735423e-01 1.406420321617456171e-01 1.538702802021359728e-01 1.496400466175174526e-01 1.553729180335533255e-01 1.795609980753240797e-01 1.685887746382378205e-01 1.736870867214163061e-01 1.568844419633616538e-01 1.570609435153935141e-01 1.612660045195710989e-01 1.658612287642392269e-01 1.601704820887683289e-01 1.705734900943287613e-01 1.556027791460574683e-01 1.660482683896079836e-01 1.667302153146146271e-01 1.648972800935513683e-01 1.699066635403211900e-01 1.679139065837389200e-01 1.682580629006042439e-01 1.640809369627752590e-01 1.570671011499461533e-01 1.655930000802511015e-01 1.602417208658843406e-01 1.608599112755724758e-01 1.716415533423762962e-01 1.738418462624168048e-01 1.665511674752662152e-01 1.722128063740022974e-01 1.691128053774950679e-01 1.745168191661553847e-01 1.646689329910446253e-01 1.686298970000480735e-01 1.674788478312551898e-01 1.677788219062200104e-01 1.616703610036564764e-01 1.649175820128911674e-01 1.663108232439236001e-01 1.655134721033612311e-01 1.645389638001022448e-01 1.684492917967141123e-01 1.598902564426040451e-01 1.658972564903822000e-01 1.587074217789963826e-01 1.640652959659773813e-01 1.671458353972678779e-01 1.716865859525883720e-01 1.430329423288711210e-01 1.579466024299305271e-01 1.628324473604481626e-01 1.582557666513170480e-01 1.597451465602675591e-01 1.598914123104173968e-01 1.609951919128996545e-01 1.627513807424656178e-01 1.624212127472737521e-01 1.643805782217278577e-01 1.670074116106170514e-01 1.742944875067632127e-01 1.712906964864400194e-01 1.685515602172815153e-01 1.678547513248491996e-01 1.693562688660488758e-01 1.673525847888966966e-01 1.629176065875012624e-01 1.690514368543011292e-01 1.669810259802810837e-01
2.663710108711181673e-03 7.192821558966146223e-02 1.000000000000000000e+00 2.744230034829657217e-01 1.609483741111651101e-01 1.484656197101411057e-01 3.236402482395254188e-01 3.000613350855746431e-01 3.155111606070393204e-01 3.141716607257670768e-01 3.447421921003119283e-01 3.596359850991129314e-01 3.063344972124960597e-01 2.500432417131625007e-01 3.585772703173850662e-01 3.504433233200522912e-01 3.361263984893681500e-01 3.555211568984228410e-01 3.471524174039454791e-01 2.983992709649422870e-01 3.494969739018410904e-01 3.579712567773689069e-01 3.655950942249473479e-01 3.659223157487621614e-01 3.557092677811361514e-01 3.710783377662080773e-01 3.518884276743134976e-01 3.708105958130430424e-01 3.735358731178551883e-01 3.657529428499026181e-01 3.727476425475336197e-01 3.916686816427498719e-01 3.677838180654697253e-01 3.819400865263728462e-01 3.732104246413845416e-01 3.684533779878882975e-01 3.681108407611109468e-01 3.776794522348467797e-01 3.821352056189518120e-01 3.718122602194197102e-01 3.693663486338508162e-01 3.676529889742191082e-01 3.670477406968833956e-01 3.707367926214807929e-01 3.697188745289552436e-01 3.693290353895744560e-01 3.723889611404195277e-01 3.705768958104574962e-01 3.710454667538317652e-01 3.688541921432933468e-01 3.753545810029875751e-01 3.724723344962202476e-01 3.695392551067454567e-01 3.704024089949438103e-01 3.669805543697033934e-01 3.737302353888525275e-01 3.701354991430227392e-01 3.652814562457486480e-01 3.699363071444248807e-01 3.647653716396621060e-01 3.731921441328295286e-01 3.702156660104796715e-01 3.689739791567305804e-01 3.727724591585364067e-01 3.755326253943849224e-01 3.696990702502930826e-01 3.722839141677755093e-01 3.815567501285482277e-01 3.825774437969206021e-01 3.785758322662083897e-01 3.762512111121013025e-01 3.750708231823768890e-01 3.887675093155256167e-01 3.787437343906608911e-01 3.757794146816788583e-01 3.701487074916394171e-01 3.696808781814878153e-01 3.734651742371948857e-01 3.760618893153509501e-01 3.702791992771923835e-01 3.725501032252595546e-01 3.676742198230031899e-01 3.782724775084759239e-01 3.789823963995648248e-01 3.787206571628300433e-01 3.842702339712295023e-01 3.720783811306171973e-01 3.798443059224144158e-01 3.759344658349626500e-01 3.771901443604828708e-01 3.746386590770131031e-01 3.732432518649631548e-01 3.692560459588088984e-01 3.713758988047699550e-01 3.718218645170650039e-01 3.728331518079361362e-01 3.778961942046012989e-01 3.729943357965214701e-01 3.758123963960525171e-01 3.767960181743997272e-01 3.773316311943813450e-01 3.772978916555462248e-01 3.694067533483718635e-01 3.715361806813417545e-01 3.764240046684838581e-01 3.766713927389786498e-01 3.741236445388240184e-01 3.712321343571916565e-01 3.734536997964940652e-01 3.723990500855840491e-01 3.724042614374701299e-01 3.711241269485345273e-01 3.720752643653527647e-01 3.748192968907474998e-01 3.738652283955639644e-01 3.694816422255032817e-01
2.995565315742432580e-02 6.319248133401296486e-02 2.744230034829657217e-01 1.000000000000000000e+00 3.092613435806346733e-01 2.486792158157328236e-01 5.048748791009762815e-01 5.161201813947021710e-01 5.073340241944848117e-01 4.719967898076966040e-01 5.281865181316033331e-01 5.914125196924342465e-01 5.029615753166611913e-01 4.032198599892555246e-01 5.576882883474642005e-01 5.697210530555750774e-01 5.080588808136261569e-01 4.370286084270713078e-01 4.494746816350876917e-01 4.487191856174225779e-01 5.055303632784914347e-01 5.155110828557873948e-01 4.320257357198240000e-01 4.444547069183945598e-01 4.487036950479165176e-01 5.212727142506020650e-01 5.077510869389842973e-01 5.205602207880644094e-01 4.992453059741976396e-01 5.417159527921320272e-01 5.589988485094394832e-01 5.352465069839470457e-01 5.109500220353708766e-01 5.364436154333054318e-01 5.249409291547459944e-01 5.412803506325353231e-01 5.328381469254107605e-01 5.713047281687498868e-01 5.747035578643051590e-01 5.657104337776645009e-01 5.653542123541294151e-01 5.755910261359191704e-01 5.759806913351993574e-01 5.815250530493197845e-01 5.715982833397542651e-01 5.764271881709682743e-01 5.745379310507869874e-01 5.728895301675408502e-01 5.848025414522500798e-01 5.810262526702981711e-01 5.814955152086263013e-01 5.923768665763040620e-01 5.792411613720320762e-01 5.668864518808959252e-01 5.671273892041325260e-01 5.415912760375055646e-01 5.859621143928618325e-01 5.876522166444670958e-01 5.866129865616774852e-01 5.806711905991867040e-01 5.905584211491223812e-01 5.850746108693714032e-01 5.895608163459583606e-01 5.834277113008302651e-01 5.773157131827628685e-01 5.784000052664188818e-01 5.778741411811970652e-01 5.654284426535670649e-01 5.643637751761998445e-01 5.835555598668494826e-01 5.758862228018263307e-01 5.672974132443235895e-01 5.538900763120996329e-01 5.471642710019533062e-01 5.763358562350402448e-01 5.669884422225476284e-01 5.660808352043527059e-01 5.549038050531235333e-01 5.722188759751344334e-01 5.623060594958935177e-01 5.631435696146788183e-01 5.758264074976076063e-01 5.667412531741348181e-01 5.553061887651502548e-01 5.755522419782784782e-01 5.706797787586982418e-01 5.621682571300702369e-01 5.831054093833191176e-01 5.790708350841827778e-01 5.623348534548083810e-01 5.689886959702855629e-01 5.807635842809981686e-01 5.799034792402453231e-01 5.820511245502545394e-01 5.832990911343726159e-01 5.804920582270550744e-01 5.964938450581916962e-01 5.986646686501563286e-01 5.912836218989381276e-01 5.886603154245666492e-01 5.873707407719859219e-01 5.958647577378511917e-01 5.898860384258317602e-01 5.876563221552002503e-01 5.809760221433024618e-01 5.877336755129409784e-01 5.863322642376413985e-01 5.761562814930381027e-01 5.750070069295256658e-01 5.857190277347554819e-01 5.902734919709051731e-01 5.838801788346913435e-01 5.880828323401955382e-01 5.879225438824392524e-01 5.807612741567548253e-01 5.817890260384754875e-01
2.944782217578017017e-02 7.138987333795668300e-02 1.609483741111651101e-01 3.092613435806346733e-01 1.000000000000000000e+00 2.143084360530207733e-01 4.295586509420482590e-01 4.214569249013170871e-01 4.319835449869033894e-01 4.093416217505275179e-01 4.164769165322312894e-01 4.571836329931486254e-01 4.609472649590418691e-01 3.337171288669437130e-01 4.715436473794000216e-01 4.845012069782271835e-01 4.134667321642790383e-01 3.622726633660081075e-01 3.800476000773937435e-01 3.410725698908680381e-01 3.858978676787347961e-01 4.156388763144215348e-01 4.037746613229534209e-01 3.765807030501203134e-01 3.963869897063790892e-01 4.468036323992614078e-01 4.291338525519404756e-01 4.439071811305036475e-01 4.278026684057522067e-01 4.492877367406463707e-01 4.731176876235815842e-01 4.429369393619216333e-01 4.192057158029406372e-01 4.333875673032717146e-01 4.380914882973220292e-01 4.517012916550012247e-01 4.549269569467795926e-01 4.569913278686677516e-01 4.640792564515418550e-01 4.463776137625658502e-01 4.712450010983608717e-01 4.693517730908027819e-01 4.698474536838188054e-01 4.799175519571827198e-01 4.712274110066619337e-01 4.694441682461026888e-01 4.767502969675564972e-01 4.771866766909497182e-01 4.667390088940356896e-01 4.611669081401679748e-01 4.655939871954420384e-01 4.578755485622444388e-01 4.669808100659020300e-01 4.739074726675757687e-01 4.643637869843310617e-01 4.647616959374831214e-01 4.538198341834997485e-01 4.797801588530443695e-01 4.692162484535478684e-01 4.801708113284368085e-01 4.740813062060007521e-01 4.734972753411424984e-01 4.586688074857126485e-01 4.728228619571007707e-01 4.678822163295184300e-01 4.724064450169239149e-01 4.791951475014397110e-01 4.679754298728117656e-01 4.699355944664915796e-01 4.735897967364897099e-01 4.704688628146337925e-01 4.723876104043353563e-01 4.554792687866466294e-01 4.606200025574510581e-01 4.768853674960552014e-01 4.732679759905832895e-01 4.684134323135915046e-01 4.672622908662687480e-01 4.723613361990147697e-01 4.725189683592065371e-01 4.777743178954916847e-01 4.789241460051921195e-01 4.673017131460656670e-01 4.703981223357380781e-01 4.694933567128475871e-01 4.692353072708829176e-01 4.752347925209925994e-01 4.757943441491346293e-01 4.759169368801683397e-01 4.695351042644673734e-01 4.715341834271580268e-01 4.800299928223329959e-01 4.755249374147866304e-01 4.790424374944058927e-01 4.805340342508258589e-01 4.794548480971181359e-01 4.633342752824022304e-01 4.654249148379807632e-01 4.707838206166480854e-01 4.717258574792368986e-01 4.728790151851660628e-01 4.730506891584488893e-01 4.774631616401920353e-01 4.815223755615504753e-01 4.756683223210781408e-01 4.680761700961216798e-01 4.762522218176125643e-01 4.787396636962440999e-01 4.757524022279854825e-01 4.788729331981398940e-01 4.719662127749994496e-01 4.812007299117390668e-01 4.753594471119348963e-01 4.749629407801295722e-01 4.738841249653082954e-01 4.771398548639114168e-01
-1.360366167948096408e-02 8.745780357714255659e-02 1.484656197101411057e-01 2.486792158157328236e-01 2.143084360530207733e-01 1.000000000000000000e+00 3.750843076363087336e-01 3.652949380804018653e-01 3.706615922427604626e-01 3.520582232679597134e-01 3.782177754923494173e-01 3.911007947534800855e-01 3.589680908148076832e-01 2.845122668473439309e-01 3.887905759903150793e-01 3.955648358717913093e-01 3.685309373967017299e-01 3.273415982489067400e-01 3.467372140579103590e-01 2.818595900334999738e-01 3.493142082477390109e-01 3.674528946454571066e-01 3.534105979080767179e-01 3.266498925622053351e-01 3.395712478624556829e-01 3.841541848989617480e-01 3.719489462009020198e-01 3.791281284607556645e-01 3.772842027893494876e-01 3.773714059774238017e-01 4.064865379806210099e-01 3.878053480070729475e-01 3.556703686350198290e-01 3.729933115414884592e-01 3.569531687309360768e-01 3.872949165083979239e-01 3.818954477929023539e-01 3.916705352354140079e-01 4.006622775392908453e-01 3.866876338318427364e-01 3.993676276850788298e-01 4.103977811776403084e-01 3.873577830423628465e-01 4.102243107802951427e-01 4.060988415523423822e-01 4.068329363628792605e-01 4.142574890176290436e-01 4.121970840288206039e-01 4.025618710257515276e-01 3.891473817729054208e-01 4.014583379057052870e-01 3.932299678379639896e-01 3.947358639857364015e-01 4.111791233249190158e-01 3.993439878792476305e-01 4.016868664253615551e-01 3.970174206707982045e-01 4.121265485675617568e-01 4.059744451940641707e-01 4.136511951016786925e-01 4.099701301974053025e-01 4.143240132062289693e-01 4.040002793981480322e-01 4.099202748795408580e-01 4.088843779935075751e-01 4.078441985903598632e-01 4.134058891782632639e-01 4.087757552520015492e-01 4.024699644910229579e-01 4.077179577042740477e-01 4.091483546272555172e-01 4.076255683362852156e-01 3.983594516945764830e-01 3.958017580180490103e-01 4.095552978325058269e-01 4.066178649126328537e-01 4.031556939341626733e-01 4.035919628199868270e-01 4.063651004220918961e-01 4.071366796362035911e-01 4.032486698419145421e-01 4.094327156098167553e-01 4.070701635260157158e-01 4.010441742925504593e-01 4.019761500013669941e-01 4.003098490438889434e-01 4.051395927184686108e-01 4.111302547981267597e-01 4.109579189435186852e-01 4.041894262039889552e-01 4.033239841840068340e-01 4.103487434139579948e-01 4.048964272144962573e-01 4.089988352989624709e-01 4.107451904855843883e-01 4.120187274456132420e-01 3.914228282631444511e-01 4.063935298411913144e-01 4.096352035773731526e-01 4.054156659637899729e-01 4.056222311579013029e-01 4.107178748128106349e-01 4.067205890667349721e-01 4.092376987381686759e-01 4.080993315562132517e-01 4.089280049130258332e-01 4.086858409734229203e-01 4.114321307492564972e-01 4.094100507047125359e-01 4.132516730274636285e-01 4.144994435946516287e-01 4.136678656590297987e-01 4.159202503533541706e-01 4.110884256524531266e-01 4.118564503097283946e-01 4.093372453050358462e-01
1.653644897857242668e-02 1.531315495444825758e-01 3.236402482395254188e-01 5.048748791009762815e-01 4.295586509420482590e-01 3.750843076363087336e-01 1.000000000000000000e+00 7.031879002956661351e-01 7.399460695188750936e-01 6.969776746594857908e-01 7.557386776463539402e-01 8.006562769373249955e-01 7.309045268438013609e-01 5.745389633292319331e-01 8.235422681261700406e-01 8.072427013329686041e-01 7.411906395981152640e-01 6.830704435373325945e-01 7.169298147118624565e-01 6.170924414422968018e-01 7.019011934082380888e-01 7.470922699803360656e-01 7.250689601226041336e-01 7.077373538357166760e-01 7.186975982247975070e-01 7.893961620716534178e-01 7.841153593546166256e-01 7.918942168383694691e-01 7.760967713537848534e-01 8.089366845168480813e-01 8.318877194929115149e-01 8.011209103815999377e-01 7.632714244962968131e-01 7.993953652928891263e-01 7.839553165938805135e-01 7.905609577772295671e-01 8.018030075308263394e-01 8.238034523269338605e-01 8.198121477937189150e-01 8.002139881017168443e-01 8.258651066456013101e-01 8.261297508622671426e-01 8.213086640630528068e-01 8.322577961692130266e-01 8.240683472400982534e-01 8.299035268722275704e-01 8.290110062840306826e-01 8.314415172227107576e-01 8.265344388324807889e-01 8.138639965017760991e-01 8.268359509372158467e-01 8.157877466440920378e-01 8.171661283155847721e-01 8.263581433689334288e-01 8.223890001985340037e-01 8.231843397310522059e-01 8.282940070941461341e-01 8.275667883197067587e-01 8.306510358729831678e-01 8.368662431524555023e-01 8.341440266768361811e-01 8.336734442890939567e-01 8.264370716834819053e-01 8.281370098696133608e-01 8.230590156180526140e-01 8.278944207860411408e-01 8.322624947497877512e-01 8.307738841997581725e-01 8.342336634201670265e-01 8.303258015428330863e-01 8.260992060360332623e-01 8.286165936566488588e-01 8.223655780824781214e-01 8.175232517255696107e-01 8.351825503933882899e-01 8.338852151507074595e-01 8.302748960014076918e-01 8.294006415194666859e-01 8.326502542000608909e-01 8.336665728072929493e-01 8.301534650261210846e-01 8.361217263238360786e-01 8.333574286034571843e-01 8.281743572914320728e-01 8.293027800632668534e-01 8.302589034381417932e-01 8.277076855076797024e-01 8.378636012611503370e-01 8.355165215240756282e-01 8.321815827639260643e-01 8.327757187801849703e-01 8.366315765089464840e-01 8.344062193793329030e-01 8.369999069121615287e-01 8.363723203993945754e-01 8.353736077029435547e-01 8.294971513931935769e-01 8.276440875105284256e-01 8.351529182537648088e-01 8.348915343349847529e-01 8.362625849466105432e-01 8.354839948888641565e-01 8.322574810241163412e-01 8.379562583216028093e-01 8.348150807905980741e-01 8.336899785064809665e-01 8.353567181457905999e-01 8.339818228125954747e-01 8.365109874732604700e-01 8.373892186355078593e-01 8.391167334768546704e-01 8.360548971056029899e-01 8.388310647832465383e-01 8.348989546430226616e-01 8.320649727555613495e-01 8.343952673942884868e-01
4.479277681016682194e-02 1.419086309741461049e-01 3.000613350855746431e-01 5.161201813947021710e-01 4.214569249013170871e-01 3.652949380804018653e-01 7.031879002956661351e-01 1.000000000000000000e+00 7.047970431346183284e-01 6.449665676202980258e-01 7.044770484811601063e-01 7.555843840840926751e-01 6.912292582247704376e-01 5.472324758474360618e-01 7.606606678930712961e-01 7.871014205751285520e-01 6.883632341950320921e-01 6.159243843185777667e-01 6.443965030050905485e-01 5.999312912289426203e-01 6.693354457028609650e-01 6.925785897019599568e-01 6.332542570877276455e-01 6.315391902174943839e-01 6.454381232370284271e-01 7.183058301958085146e-01 7.123937283767292072e-01 7.180482441892537260e-01 7.026561561519046872e-01 7.301639277823700480e-01 7.641902048856134000e-01 7.277973837859510464e-01 6.801021631053799643e-01 7.296700297484328690e-01 7.021290001452334950e-01 7.298650628589112843e-01 7.279163420721064259e-01 7.701077617508351736e-01 7.645167289071852501e-01 7.400708907733589692e-01 7.653197046835561457e-01 7.731781704191350579e-01 7.652525400159863045e-01 7.811399168397546999e-01 7.642701231105064608e-01 7.768764606867024636e-01 7.801628760256812400e-01 7.825736255130023578e-01 7.802138115896970483e-01 7.630584761649441550e-01 7.735561186094001007e-01 7.765190061795670395e-01 7.747532098351751495e-01 7.793455091645336008e-01 7.709491302987195871e-01 7.578106499235269800e-01 7.884321577040375173e-01 7.886841716045382977e-01 7.886609523794425591e-01 7.909038687216863872e-01 7.908539136635646116e-01 7.946157837320304562e-01 7.926972244721469663e-01 7.845494229775269446e-01 7.750439989853672440e-01 7.868783293344008278e-01 7.817339979646266146e-01 7.732239796501956253e-01 7.723037932206886502e-01 7.854129198869160833e-01 7.790181372827432726e-01 7.744051754015853772e-01 7.641051046495886956e-01 7.542981221684378346e-01 7.828903034090306523e-01 7.751814267205081599e-01 7.701423622796451651e-01 7.661345392581893066e-01 7.772065590051079331e-01 7.726465264529218668e-01 7.709598245203816980e-01 7.802330159133161747e-01 7.748714217513432700e-01 7.617341222268408929e-01 7.739206032956429393e-01 7.712640843865450346e-01 7.673931823410079511e-01 7.867970443205227760e-01 7.809211688500263815e-01 7.729850860060101247e-01 7.694263092624784584e-01 7.841738477842548072e-01 7.789993179417162850e-01 7.861932827118517375e-01 7.841251203833966565e-01 7.844508208994935838e-01 7.832624985383106475e-01 7.930257162429722451e-01 7.914617404642348975e-01 7.847772188589186015e-01 7.861601195017674515e-01 7.942267217615422981e-01 7.852099977728528302e-01 7.901046890010202661e-01 7.848851556437050903e-01 7.946200374768852548e-01 7.892121442718136315e-01 7.815449423058052902e-01 7.842718275360948121e-01 7.904235497351038697e-01 7.947560047340636036e-01 7.898014803004913542e-01 7.956072145077960345e-01 7.898646708833257923e-01 7.834281771050857213e-01 7.887860452527197808e-01
6.275126484569661101e-02 1.751015066118968011e-01 3.155111606070393204e-01 5.073340241944848117e-01 4.319835449869033894e-01 3.706615922427604626e-01 7.399460695188750936e-01 7.047970431346183284e-01 1.000000000000000000e+00 7.327556383534242768e-01 7.840516329960098840e-01 8.194351751901599590e-01 7.428539891454265520e-01 5.925773821224223914e-01 8.307674373678451962e-01 8.321947329701657736e-01 8.021822509617742014e-01 6.915715644547761887e-01 7.346272509805608086e-01 6.288215049993238770e-01 6.979043162100762032e-01 7.607731147814852379e-01 7.576127989649950045e-01 7.066193212572098314e-01 7.349483440481585639e-01 8.285072723180781917e-01 8.122559508510162063e-01 8.285256434783118129e-01 8.223287287007312596e-01 8.455000861901149634e-01 8.657012083133659441e-01 8.219093772655724495e-01 7.874879653287046866e-01 8.044902340880849545e-01 8.069130459265422273e-01 8.182111827568977480e-01 8.325719656583390194e-01 8.313201823026455939e-01 8.440121254446124599e-01 8.036899573149830500e-01 8.559447875438110920e-01 8.448451040548486946e-01 8.312524400851345474e-01 8.611319862568099781e-01 8.522729378023559121e-01 8.545369572763048538e-01 8.671792422080617513e-01 8.726542356507418496e-01 8.631719955605199335e-01 8.408063355923818261e-01 8.475848812216685291e-01 8.517281777384492214e-01 8.558314790701759822e-01 8.764862668424983072e-01 8.641242828764558181e-01 8.620718233132033115e-01 8.680588318063652276e-01 8.580101646212852096e-01 8.588793494995304867e-01 8.763923253666844326e-01 8.642247194547589828e-01 8.711899684887143280e-01 8.580361550193100761e-01 8.747341512459599899e-01 8.715906275095399725e-01 8.797115318665842398e-01 8.694999913691363602e-01 8.589007514256478126e-01 8.624221782265469871e-01 8.622981901359167978e-01 8.548306065054732672e-01 8.593253158014894089e-01 8.405518493420612858e-01 8.462205996656696483e-01 8.705389212406055011e-01 8.699153895959457206e-01 8.634265812168929743e-01 8.690806754158871827e-01 8.618065761104929390e-01 8.713862530188376532e-01 8.664417501140478928e-01 8.716631823757893249e-01 8.667588962755199411e-01 8.646950413824709969e-01 8.574326435440157157e-01 8.539748124711492583e-01 8.606112464506004978e-01 8.664678493834118145e-01 8.627704461214399378e-01 8.660211924657803539e-01 8.532425123666024236e-01 8.660624665545741951e-01 8.619399862747051388e-01 8.659781856483667051e-01 8.703149079944759725e-01 8.720511150989391780e-01 8.471837479540835769e-01 8.677680721029855659e-01 8.699288330342814790e-01 8.605539931837339340e-01 8.620527091621932314e-01 8.704736232825817099e-01 8.656673949311773919e-01 8.686694249335062956e-01 8.715140339875301345e-01 8.743106125754995794e-01 8.722192374100603551e-01 8.743873095380922944e-01 8.748104406662416954e-01 8.729781996539172084e-01 8.695872989947044385e-01 8.778573604799735364e-01 8.751634512206063476e-01 8.739680299509895445e-01 8.757479090172397562e-01 8.780224289532467807e-01
-1.222126546265089181e-02 1.778429804099486700e-01 3.141716607257670768e-01 4.719967898076966040e-01 4.093416217505275179e-01 3.520582232679597134e-01 6.969776746594857908e-01 6.449665676202980258e-01 7.327556383534242768e-01 1.000000000000000000e+00 7.458821441962849574e-01 7.633543553133876891e-01 7.081616168918292153e-01 5.694842395970656224e-01 7.846651425118223999e-01 7.769367209595925416e-01 7.270191025017095354e-01 6.513010860078617403e-01 7.047614145871480273e-01 5.372454057314578479e-01 6.458151724102658697e-01 7.174127548886513051e-01 7.145089798609721710e-01 6.796338998484312555e-01 7.062920208922000009e-01 7.808132233194111649e-01 7.579427865603577397e-01 7.821155070023969591e-01 7.671386331208237541e-01 7.943665833192435910e-01 8.202463213620728721e-01 7.901256373480860518e-01 7.631610395451899898e-01 7.757372026075824989e-01 7.685655365587378274e-01 7.853319355187763362e-01 7.951690668429717279e-01 8.017050896326368692e-01 8.069647246643956162e-01 7.810352462539266183e-01 8.114091816422537295e-01 8.072221899325613403e-01 7.860801542216341309e-01 8.157483179102167359e-01 8.064568717395709241e-01 8.137954914665054273e-01 8.201481269956566456e-01 8.245791514954716739e-01 8.107425654537141479e-01 7.910975068096930407e-01 8.062411749214868362e-01 7.902429259387825367e-01 7.965607786322657091e-01 8.190794934216606427e-01 8.108726402861397009e-01 8.175626649397292889e-01 7.966508346875098567e-01 8.053628765860869620e-01 8.072393357128518909e-01 8.213346924144769856e-01 8.116440546610951268e-01 8.126625737192622045e-01 7.977516265158117736e-01 8.163003062516906994e-01 8.086135868977586405e-01 8.147955578163699197e-01 8.248762858687560540e-01 8.183431403787893021e-01 8.181402017402990001e-01 8.045460775436719114e-01 8.066433474517067381e-01 8.153626023301457915e-01 7.999471381554352778e-01 8.037916197278788255e-01 8.206228032501021730e-01 8.215706404128181317e-01 8.183008188319752518e-01 8.187776537646028752e-01 8.185221194272481737e-01 8.246239109379268628e-01 8.195001300746584949e-01 8.243409866601727476e-01 8.200862782945416152e-01 8.178811590265750997e-01 8.152648740116287263e-01 8.159997737862412226e-01 8.209762330438060696e-01 8.232930718916157131e-01 8.225392172133605406e-01 8.196554117343355372e-01 8.181142645263795865e-01 8.224873157943564106e-01 8.181599563001302755e-01 8.219331937851056535e-01 8.244054196758637820e-01 8.252102817838680160e-01 7.973778711581278600e-01 8.017095167907291042e-01 8.138410404022931033e-01 8.171383559299371102e-01 8.155239526324521426e-01 8.156278738665249106e-01 8.121801489283343445e-01 8.204936368121438228e-01 8.197209523896360484e-01 8.098024719998166976e-01 8.216173521980220107e-01 8.251086943117501571e-01 8.237766825352301758e-01 8.231354316943966243e-01 8.162922479676739673e-01 8.241341832674072831e-01 8.194618418049627318e-01 8.186556210981223991e-01 8.195624472088481882e-01 8.200348500813195995e-01
1.022082492127737025e-02 1.507026708121883829e-01 3.447421921003119283e-01 5.281865181316033331e-01 4.164769165322312894e-01 3.782177754923494173e-01 7.557386776463539402e-01 7.044770484811601063e-01 7.840516329960098840e-01 7.458821441962849574e-01 1.000000000000000000e+00 8.415058057204309883e-01 7.586641855819202807e-01 6.039176224184981123e-01 8.485495318494223893e-01 8.424810862618734575e-01 7.830270766538716121e-01 7.393192311545134787e-01 7.811031584073899747e-01 6.212690350720305732e-01 7.390206739949599646e-01 7.967876173272285811e-01 7.866535649802890440e-01 7.703587594798968485e-01 7.888260044975674568e-01 8.500190692332539877e-01 8.254072207946612227e-01 8.467251376215042535e-01 8.289249234351074858e-01 8.581611421073080948e-01 8.736908964374873188e-01 8.632136580206262177e-01 8.268279168926268019e-01 8.582756958679544912e-01 8.409678372858996331e-01 8.532385030679363602e-01 8.606370321090497377e-01 8.740083904150010019e-01 8.793633040685820967e-01 8.483407715250793624e-01 8.789851111520786686e-01 8.727555644547354552e-01 8.583277587852315982e-01 8.781374550559216674e-01 8.751370497691561834e-01 8.760335596702638616e-01 8.822908396902835459e-01 8.833373249445243269e-01 8.834978877494402694e-01 8.722046235370951583e-01 8.793288760823052552e-01 8.652510909300190622e-01 8.657603664626822848e-01 8.778254993642428117e-01 8.714650998950613792e-01 8.781974364557086909e-01 8.707415304332370987e-01 8.755137276379806321e-01 8.772153031353958630e-01 8.819364507040257095e-01 8.820033557303745830e-01 8.750534264940417195e-01 8.664370424588786479e-01 8.795688300426763861e-01 8.781634457459779330e-01 8.765308478211224497e-01 8.872539565711515808e-01 8.871755571094510628e-01 8.861745919742174404e-01 8.770898274417092688e-01 8.821030070358892861e-01 8.867764345331238252e-01 8.788165516335725291e-01 8.781289081597331014e-01 8.874290369835178272e-01 8.839640107811302938e-01 8.832134810307551431e-01 8.827954582188585197e-01 8.825272032058466554e-01 8.861866297326251862e-01 8.860975043186348765e-01 8.881399835346572846e-01 8.882231250777904430e-01 8.831799498831703898e-01 8.875429535640917411e-01 8.874549729556385769e-01 8.850682800591921362e-01 8.902603134633690907e-01 8.885407065656908410e-01 8.838183688422084350e-01 8.867780876661566225e-01 8.882213192181851458e-01 8.836279204059784842e-01 8.888560369758570223e-01 8.868315715198136218e-01 8.879959172612901241e-01 8.767842943388082233e-01 8.764193404666961174e-01 8.854812642941398693e-01 8.873573560052121501e-01 8.832220222658294650e-01 8.846916549396472984e-01 8.795354452604349227e-01 8.865614751239929703e-01 8.871608197153544317e-01 8.800118292850340751e-01 8.888954324628884907e-01 8.865013088621400694e-01 8.869120427508525584e-01 8.873783253763740664e-01 8.829030215711728413e-01 8.852593584756816014e-01 8.837798597620731833e-01 8.850119885886942317e-01 8.851882931298791224e-01 8.824096684917132061e-01
1.778037118133203934e-02 1.484020415283762162e-01 3.596359850991129314e-01 5.914125196924342465e-01 4.571836329931486254e-01 3.911007947534800855e-01 8.006562769373249955e-01 7.555843840840926751e-01 8.194351751901599590e-01 7.633543553133876891e-01 8.415058057204309883e-01 1.000000000000000000e+00 7.966228649519231375e-01 6.400895131388628645e-01 8.953419150266882509e-01 8.934892740889498475e-01 8.143208907536778618e-01 7.405144163216449416e-01 7.728389381045773776e-01 6.744145599763288201e-01 7.789674112345901236e-01 8.255185983432928865e-01 7.753091695501024283e-01 7.658686302647756960e-01 7.820285193869639384e-01 8.660530720898454993e-01 8.478585928433038932e-01 8.649507505740093860e-01 8.416340221303935110e-01 8.840170883464009144e-01 9.140453716400058770e-01 8.779175358224057257e-01 8.365677130244689730e-01 8.756437599952143769e-01 8.561354949836136319e-01 8.780007948140006180e-01 8.834558240863443768e-01 9.112185484724353302e-01 9.146776565213072807e-01 8.886532417133753414e-01 9.176346615963966169e-01 9.193958243019946242e-01 9.093652665131284341e-01 9.302612002506119859e-01 9.117151433578384312e-01 9.217271732375964532e-01 9.267417293280255652e-01 9.267036194426087059e-01 9.276995175136736327e-01 9.130297533269998711e-01 9.202723930091000204e-01 9.130490047192125758e-01 9.142871989513401410e-01 9.213808149548591286e-01 9.184351820546102774e-01 9.075716253965727676e-01 9.216635219135744794e-01 9.252424268122897422e-01 9.291531703070039505e-01 9.310455477867485286e-01 9.327411452647811352e-01 9.285522109902805132e-01 9.245029805294993075e-01 9.251145384466782362e-01 9.199201421693654623e-01 9.253276790088261761e-01 9.284993805966011982e-01 9.198870426979985915e-01 9.174805594080764903e-01 9.244296097273512203e-01 9.216454658435949687e-01 9.206143090715178667e-01 9.066408242596495359e-01 9.047271541733663547e-01 9.272580422296654579e-01 9.224975201514855616e-01 9.193948944762064812e-01 9.165918730017246219e-01 9.240082334576011913e-01 9.225870391922369462e-01 9.197530751597500220e-01 9.300556944629986278e-01 9.210133101367432573e-01 9.146963341194676023e-01 9.237767322881096366e-01 9.212011720699901929e-01 9.213500304734012492e-01 9.315435209202714839e-01 9.295868233832803584e-01 9.190260424211508239e-01 9.217762483334512869e-01 9.317413086226199459e-01 9.296422071916118357e-01 9.317620591237071315e-01 9.319159833211921873e-01 9.320899322487266048e-01 9.266390420027094121e-01 9.280683681177296362e-01 9.333883246712556536e-01 9.313494661465487878e-01 9.305933270995038198e-01 9.343139885631648323e-01 9.308480872112847582e-01 9.347169424940129367e-01 9.306813388377752627e-01 9.289980547772992425e-01 9.335736933727493136e-01 9.291094916070212761e-01 9.294798475104385505e-01 9.342425678078146722e-01 9.349419800948359782e-01 9.340190459249888555e-01 9.340674964130080138e-01 9.329226753769753744e-01 9.288678525312896728e-01 9.310931238172315272e-01
2.095083389300951907e-02 1.437700670454835350e-01 3.063344972124960597e-01 5.029615753166611913e-01 4.609472649590418691e-01 3.589680908148076832e-01 7.309045268438013609e-01 6.912292582247704376e-01 7.428539891454265520e-01 7.081616168918292153e-01 7.586641855819202807e-01 7.966228649519231375e-01 1.000000000000000000e+00 5.752989152990105604e-01 8.180665637659069178e-01 8.205815115962590278e-01 7.437593002036989587e-01 6.681709714308029513e-01 7.049629561948215217e-01 6.004875660587670749e-01 6.881793176658517197e-01 7.428368892354777486e-01 7.202584988328077920e-01 6.981925309801713109e-01 7.192379596388157603e-01 7.908666906529622231e-01 7.703556037553583868e-01 7.907181039725575955e-01 7.652135360807944542e-01 8.061967099588271957e-01 8.326720363947456294e-01 7.925981234159026334e-01 7.482681380369894386e-01 7.886152020348090597e-01 7.756377585406422082e-01 7.942371713824817325e-01 8.103750238379316961e-01 8.157585063582211138e-01 8.257424773696024900e-01 7.968448315689219408e-01 8.346266935703475776e-01 8.295974544729913802e-01 8.257483387055547519e-01 8.401602617342960322e-01 8.309625240649431976e-01 8.392628928635722518e-01 8.459994957893104406e-01 8.439205507812734819e-01 8.316838653263403103e-01 8.156108472620153815e-01 8.243842343559634189e-01 8.230313892548021260e-01 8.300664902381137411e-01 8.372494100336966838e-01 8.312947738285351162e-01 8.294469368144049559e-01 8.256071123959589642e-01 8.412001164682839649e-01 8.328535458052261919e-01 8.516127965444282300e-01 8.452255496005560698e-01 8.384291744503883370e-01 8.273841096975702580e-01 8.404431094647364375e-01 8.357386026830428971e-01 8.405755931677905135e-01 8.471027170134775020e-01 8.382242589124765386e-01 8.381205643824372054e-01 8.364977638570053609e-01 8.359420674369218984e-01 8.390899058469476479e-01 8.253134707415824556e-01 8.276996961601781333e-01 8.450404596655305411e-01 8.416767018037696335e-01 8.403848600973556904e-01 8.350668798218638944e-01 8.401336835815410575e-01 8.421835111143355368e-01 8.400305551487458056e-01 8.484815903658158298e-01 8.393991831174540952e-01 8.336811532836615468e-01 8.377074861777011883e-01 8.364563465758141358e-01 8.414535003532714885e-01 8.446872602256120244e-01 8.474221286031101696e-01 8.416993788669416832e-01 8.368519408418804151e-01 8.494036748674465009e-01 8.457356164785009289e-01 8.486800273730213950e-01 8.499790981617074692e-01 8.504727513849971166e-01 8.312743605300099148e-01 8.362822245630073814e-01 8.459243049907965162e-01 8.412984217723105118e-01 8.457257229348839056e-01 8.460792426880799910e-01 8.482162042283405423e-01 8.506595005485815264e-01 8.470425709227863420e-01 8.413889734544600651e-01 8.468506605942347498e-01 8.502970741146038680e-01 8.460120060978186807e-01 8.491340565246803251e-01 8.457490770318331075e-01 8.525588606147196380e-01 8.486569844642648519e-01 8.486767933816495857e-01 8.441479460005421043e-01 8.487171197033931414e-01
