1.000000000000000000e+00 8.332324227414281137e-02 4.618303167553986649e-02 4.376328657207431694e-02 -2.164699718808555870e-02 1.672340895919706416e-02 -7.145572665155076842e-04 -1.430342902622873912e-02 9.138713640004073047e-02 4.704779726387714467e-02 3.471163626551231236e-03 2.762194721702376787e-02 5.279460902321889658e-03 -9.694528746597529459e-03 5.069607478408642842e-03 -4.452669194153741940e-03 5.784836580693863278e-02 1.960671576382649536e-02 6.265032974813595536e-03 4.945047758609817656e-02 1.471471513711108958e-02 1.258137689994853238e-02 1.102409251421072184e-02 -1.122981797064150425e-02 -3.265196651622959308e-03 1.985751123749553843e-02 2.046782320965571944e-02 7.245395609473134248e-03 1.392062373767195306e-02 2.106582155683043786e-02 2.277286927051655127e-02 1.550124891514950004e-02 -1.713577675527311328e-02 1.283456954343273164e-02 1.205468240785228899e-02 1.828187148171727186e-02 4.929638241538462050e-03 1.241997566676851386e-03 3.603387096372952150e-03 -1.130110624617203935e-02 9.950050901585707347e-03 -5.088606039564962276e-03 -4.107265513350803407e-03 7.213228406284344189e-04 1.536212206178595371e-03 -6.334219510092387040e-04 8.830143419241964211e-04 1.604184720417459534e-02 2.257447830335824676e-02 1.300706930369527163e-02 3.097615338294406554e-03 2.213113671721914262e-03 1.599530667991573996e-03 1.054255389853196376e-02 -5.991035832325263856e-03 5.725035377176276169e-03 1.823670027347797790e-02 -1.316674902730923143e-02 3.312798267909647094e-04 7.728390538165872889e-03 2.333469933377463768e-03 -9.565152188058933386e-04 8.764128362597552180e-03 1.803684916351350545e-02 1.809251244844668413e-02 9.764132124007339139e-03 1.374328313985473740e-02 1.473152521845604197e-03 -3.922939236600944202e-04 7.178338698307796389e-03 -4.855104306843645062e-04 5.275419348090112232e-03 -6.037142110645126424e-03 -5.170171456908271949e-03 8.290637963425391554e-03 9.406445171458088436e-03 3.472572977835086932e-03 6.816758436201573144e-03 2.749430182561018576e-03 7.556398268174966369e-03 3.748650763447625937e-03 7.384324735002754242e-03 1.752697820384692753e-02 -9.167281603195731100e-05 2.964924311040947631e-03 2.968374436738884393e-03 4.276847661470611212e-03 -1.408148664098865868e-03 3.766434640056364608e-03 3.036572986456824181e-03 -4.008302926810400173e-03 4.799349766415704835e-03 -9.047200741262884658e-04 -1.573499849723738325e-03 -3.007914237515282657e-05 6.562893594386343295e-03 7.342425674483501682e-03 2.701808982382334842e-02 1.225923461837611500e-02 1.079589999276295981e-02 -5.911636352520533225e-03 7.952363280264782355e-03 3.907999835682816024e-03 1.105940080105770025e-03 2.014439485054894501e-03 1.253039568838362761e-02 1.420924400644169028e-02 4.767496592571631928e-03 -3.995321060639020309e-03 1.697154026968133436e-03 5.636071885514598589e-04 7.805026636090404805e-03 7.680259886805314989e-03 1.586657132233608436e-02 1.229256011367015934e-02 5.347529929190153811e-03
8.332324227414281137e-02 1.000000000000000000e+00 7.699856126112994414e-02 1.527302903008894708e-01 3.016087646898501715e-02 9.033703048571126160e-02 1.536491425733526039e-01 1.417007698630592671e-01 1.543620890382305100e-01 1.802104268977370305e-01 1.372837839586293074e-01 1.703198298161411051e-01 1.151781212113051206e-01 1.402063887707640788e-01 1.660267207584729954e-01 1.547857939122277982e-01 1.645966678598714539e-01 1.531025351084663311e-01 1.495078380347254210e-01 1.708311014201470968e-01 1.476074154574631148e-01 1.441630949995267863e-01 1.445744176490675048e-01 1.410204508022981085e-01 1.506918148147070313e-01 1.679186628331083564e-01 1.626706260723617126e-01 1.575383250701548055e-01 1.787913271098386936e-01 1.599176150587136025e-01 1.697984344089387976e-01 1.716258549883490914e-01 1.598435408387558487e-01 1.604592030891733578e-01 1.445194711737962379e-01 1.526264107375448209e-01 1.565562276661555119e-01 1.639523994247216176e-01 1.529953277773287434e-01 1.557536548446861457e-01 1.569435306162368371e-01 1.561457645180452380e-01 1.607808188843630748e-01 1.562709587462433047e-01 1.694939596597451748e-01 1.599232394304583860e-01 1.612037163062615408e-01 1.705978753432280670e-01 1.619309240622258950e-01 1.510515017455629772e-01 1.544209796617090902e-01 1.415294202299270665e-01 1.481991757765666884e-01 1.744269649163554259e-01 1.681208247047633331e-01 1.668296016119932001e-01 1.652225703784134525e-01 1.672660918116492534e-01 1.712385347201868802e-01 1.596827491487762263e-01 1.633675454708506392e-01 1.730268367659872908e-01 1.620313036053579736e-01 1.549533035364281941e-01 1.523322195035111404e-01 1.641944772239052330e-01 1.611039303701970737e-01 1.530701469750452848e-01 1.575662721807304378e-01 1.568678606577888213e-01 1.521841725457535877e-01 1.553076907926094763e-01 1.526476522355019183e-01 1.550594073515317028e-01 1.598014460970601791e-01 1.620243944209721343e-01 1.624005454229500156e-01 1.684443421925980178e-01 1.613917610151632820e-01 1.547370343906613599e-01 1.569037663894544132e-01 1.604537007224036693e-01 1.707742209228085839e-01 1.543880232301779454e-01 1.534821931180510302e-01 1.586887966690370688e-01 1.568004205490278469e-01 1.589645993492413145e-01 1.552388006245551122e-01 1.674204247167727366e-01 1.617473353869221531e-01 1.559253429883672992e-01 1.543004577789122145e-01 1.538939556806259434e-01 1.528345710842892169e-01 1.622911086408091730e-01 1.475062405953938283e-01 1.454716192201104541e-01 1.553186909320778963e-01 1.548583746547512185e-01 1.590506179843579337e-01 1.551024627269232126e-01 1.541977654556866972e-01 1.514259159959419621e-01 1.546710883196557307e-01 1.620564426122031165e-01 1.565015479840082546e-01 1.599622241229572694e-01 1.588569555089258678e-01 1.575752823311281359e-01 1.633596180176578039e-01 1.551689841900700528e-01 1.642724714911967254e-01 1.514887201998583732e-01 1.532959846510368596e-01 1.599609383555447295e-01
4.618303167553986649e-02 7.699856126112994414e-02 1.000000000000000000e+00 3.075400177800509671e-01 2.273101667112556457e-01 2.532080701906201381e-01 3.556005909330884340e-01 3.403821059455306997e-01 3.694689150737611727e-01 3.091780075538705930e-01 3.764437323273039926e-01 3.890234495115176827e-01 3.363932230903757259e-01 3.235121228792179893e-01 4.000960848162204431e-01 3.798864521769708125e-01 3.587307227592579917e-01 3.739778819092460793e-01 3.735780959518835709e-01 3.304144390349125771e-01 3.789974288496041899e-01 3.776179658187412413e-01 3.749576329307046652e-01 3.468232133418684970e-01 3.673969995402887045e-01 4.019372917523689193e-01 3.899709257675028629e-01 3.940302620541256129e-01 3.790791006601921254e-01 3.938125265085235527e-01 3.966530614812715516e-01 3.928799209199654863e-01 3.905572626963531579e-01 3.884776410326366003e-01 3.952944495925644897e-01 3.877202591543564281e-01 3.950353054357969018e-01 3.920035439003545785e-01 3.934811599365876100e-01 3.911118337347626039e-01 3.893805446961250416e-01 3.858176935232834892e-01 3.907100833018241071e-01 3.853009171887668005e-01 3.899423073129744677e-01 3.969466433215771972e-01 3.850624700944677570e-01 3.917246080735433678e-01 3.789221102917715300e-01 3.859937890389419368e-01 3.834511198179073044e-01 3.718473599473846591e-01 3.808628225180421545e-01 3.898092794046117415e-01 3.844082222396257853e-01 3.916463538280857137e-01 3.884394840371813706e-01 3.850202210347953846e-01 3.801709629885953734e-01 3.897573171183785767e-01 3.860860240058965887e-01 3.858527065855338889e-01 3.876508938120304948e-01 3.853729292649957228e-01 3.846161561322817835e-01 3.898284790067975680e-01 3.909725782705099628e-01 3.907668609976564511e-01 3.926058388964414614e-01 3.934210154084201161e-01 3.909970144418803972e-01 3.922690575595867979e-01 3.814011853890479364e-01 3.857296521035265546e-01 3.911534985285340937e-01 3.959350060832859675e-01 3.985997235141461870e-01 3.975536283954272943e-01 3.949985877069204232e-01 3.928156012411855857e-01 3.897852362234180412e-01 3.910919819905175343e-01 3.945863732184969330e-01 3.983338742780531128e-01 3.922541454211337375e-01 3.938734658614242434e-01 3.892147290284550532e-01 3.938538179444451282e-01 3.914143135564365217e-01 3.923163341070578514e-01 3.940427208149730465e-01 3.905922434650291875e-01 3.884886629405719938e-01 3.916533324644052572e-01 3.852935189238698155e-01 3.908797192421505362e-01 3.825855945468087382e-01 3.846906782453421436e-01 3.865936244671581146e-01 3.832126343171688987e-01 3.946682904454292262e-01 3.897843741673757134e-01 3.839893435416383838e-01 3.900180833298103056e-01 3.898273863174265830e-01 3.899971804317766133e-01 3.869028323873867636e-01 3.880583571564051870e-01 3.907239894393875201e-01 3.856418087634381764e-01 3.904012773030897665e-01 3.871436667406253362e-01 3.895742666195367576e-01 3.901675581686261940e-01 3.898840377209082386e-01 3.876317268248070658e-01
4.376328657207431694e-02 1.527302903008894708e-01 3.075400177800509671e-01 1.000000000000000000e+00 3.529388367327181975e-01 4.198685225788861830e-01 5.985218826626207411e-01 5.502703142404663517e-01 5.772616860722897814e-01 5.400740552079915657e-01 5.909765325117791734e-01 6.420545645834971893e-01 5.688656097838638015e-01 5.538613152518099270e-01 6.492124509839661828e-01 6.334563223672379229e-01 6.009560250727314923e-01 6.000227415637364725e-01 6.125170414069771585e-01 5.434968571429246165e-01 6.123393584563303627e-01 6.353473339620538951e-01 5.915132847597260879e-01 5.592779662067893787e-01 6.004152875152494184e-01 6.572908195794113784e-01 6.389698601617956886e-01 6.331605994311536589e-01 6.315920370807801554e-01 6.343898312121051264e-01 6.533746982700572303e-01 6.383864418260125628e-01 6.129134035296014416e-01 6.386901101052573360e-01 6.325163344228642570e-01 6.252286472178990584e-01 6.343234450457966300e-01 6.392722841351043961e-01 6.445426114002975604e-01 6.198353942267389449e-01 6.389912919893339094e-01 6.458817507868005459e-01 6.410816904356199109e-01 6.478801358785249986e-01 6.498059217322768033e-01 6.447540182758506599e-01 6.393607155460991898e-01 6.410544075883196635e-01 6.344263163310762677e-01 6.440265163758480682e-01 6.492527226814038821e-01 6.319710790752344209e-01 6.334720987836676143e-01 6.381653640683490059e-01 6.378820246588829956e-01 6.447120582997605265e-01 6.408969045397174824e-01 6.397492921954877065e-01 6.249405621975157032e-01 6.423225045566238744e-01 6.496830796285412157e-01 6.332769804059911189e-01 6.319114161231556004e-01 6.476395869269068184e-01 6.465378003573905019e-01 6.514219763397823826e-01 6.435936006657967390e-01 6.416244126545012083e-01 6.452038742345771460e-01 6.446615433733953182e-01 6.476807453602657638e-01 6.494106022472461159e-01 6.348208965018362626e-01 6.372562379735339233e-01 6.507720649932667856e-01 6.516996957673966140e-01 6.525616169440037195e-01 6.533293733948746240e-01 6.524102670553031391e-01 6.480175804100001269e-01 6.473777840671970374e-01 6.449186339050878569e-01 6.488391195667382316e-01 6.479726914291353834e-01 6.473491264898113551e-01 6.467611122949129543e-01 6.424876599962475732e-01 6.474742544253190291e-01 6.470603112046733330e-01 6.502745185402336592e-01 6.425547789736206772e-01 6.451905057196178905e-01 6.430552016198884946e-01 6.461212105573264086e-01 6.403757539582511926e-01 6.411717731101383988e-01 6.447309514469056202e-01 6.412954441374391079e-01 6.438324523210255945e-01 6.432177064576126702e-01 6.499575781086499582e-01 6.503932494793084329e-01 6.403868013771453205e-01 6.450214022307968476e-01 6.502562362828580023e-01 6.429906761462824694e-01 6.396115323203312997e-01 6.405096580476098422e-01 6.451517235868539091e-01 6.407538363624163402e-01 6.432262133523971581e-01 6.418908886115418655e-01 6.430474602095931358e-01 6.457238319638453072e-01 6.444477225809343013e-01 6.445821321525724290e-01
-2.164699718808555870e-02 3.016087646898501715e-02 2.273101667112556457e-01 3.529388367327181975e-01 1.000000000000000000e+00 3.158798897973963404e-01 4.690209993147141376e-01 4.455865918144582549e-01 4.558980754299216120e-01 4.173167378995062959e-01 4.695382639851313766e-01 4.855675587350196110e-01 5.045841533256936184e-01 4.337297397930623966e-01 4.998321473099703871e-01 4.921127355020428751e-01 4.628094048432699337e-01 4.618056300714480922e-01 4.761888445812514359e-01 4.139868866773112055e-01 4.672003682335624242e-01 4.844336986956868651e-01 4.603975132341960319e-01 4.324654751945414821e-01 4.512661110259656438e-01 5.022787039061253900e-01 4.789814154318525752e-01 4.837028793579094543e-01 4.609002903424961883e-01 4.874075055025882675e-01 5.032851866271441654e-01 4.993155079288036369e-01 4.665540119638710848e-01 4.928694652547729316e-01 4.870570570640975760e-01 5.069017022426343111e-01 5.011032575775321574e-01 4.882203213322127699e-01 5.072816464909879475e-01 4.826487336664963546e-01 5.050232547360892221e-01 5.101181809074262219e-01 5.061100587708112775e-01 5.168954499077823561e-01 5.070637302149685333e-01 5.027499319002870504e-01 5.002093067236570434e-01 5.010154729589286760e-01 4.914444858800646188e-01 4.969388117000070881e-01 4.975176534113431304e-01 5.080411919434230095e-01 5.055595562677188681e-01 4.924617568213442431e-01 4.821503401785869891e-01 4.974749290143409275e-01 4.894437383398410057e-01 4.991033395624638325e-01 4.756665830378188353e-01 5.159520777795104651e-01 5.073379153257862040e-01 4.917745211675257355e-01 4.882294657469188892e-01 5.036710233030843309e-01 5.091633106006135945e-01 5.054205932894945130e-01 5.048465660197291038e-01 5.052532581213117213e-01 5.088096836456821315e-01 5.121765645540733436e-01 5.096598348304198778e-01 5.078399809314028124e-01 4.989837189837856846e-01 5.018522930752898903e-01 5.102841822162178520e-01 5.070709262404844431e-01 5.057732584927285835e-01 5.034872717527885122e-01 5.046958814369206792e-01 5.081889367783929412e-01 5.097085643265942823e-01 5.099636867088469527e-01 5.051587528652252690e-01 5.043078682948767266e-01 5.085122865069503506e-01 5.100028252493314929e-01 5.132316016844324924e-01 5.064523021669335989e-01 5.096162079367935194e-01 5.064813823901660461e-01 5.027395143549204803e-01 5.090818265638296092e-01 5.114306986928210952e-01 5.093154889402943253e-01 5.070869626845067035e-01 5.060909565025661916e-01 5.085545477692888783e-01 5.064397683987909016e-01 5.064835266490185228e-01 5.069724867723065520e-01 5.145836126383547260e-01 5.061587506089525457e-01 5.114688921054443282e-01 5.126254234674788579e-01 5.167807099936567727e-01 5.026074820780973562e-01 5.030523527862625910e-01 5.060341595688387928e-01 5.048163834287175966e-01 5.088478547348321834e-01 5.047029669596376777e-01 5.098409489661233085e-01 5.072378283877716498e-01 5.116459983600116779e-01 5.123343240148855449e-01 5.080738546595530147e-01
1.672340895919706416e-02 9.033703048571126160e-02 2.532080701906201381e-01 4.198685225788861830e-01 3.158798897973963404e-01 1.000000000000000000e+00 5.556595815198777100e-01 5.089615013876853666e-01 5.454960486076084747e-01 5.119868643506958472e-01 5.711942432085486132e-01 5.931887562121269664e-01 5.312776840312335436e-01 5.208435728038464108e-01 6.122694509760238102e-01 5.950006822085378566e-01 5.406931542837609683e-01 5.559984055312587881e-01 5.674842800787185393e-01 5.038539851262984204e-01 5.772862389007857864e-01 5.885328823297600875e-01 5.575720285329204273e-01 5.266462373697504695e-01 5.541738964090090480e-01 5.893334796136621145e-01 5.876548861937709312e-01 5.854434245062306585e-01 5.538253392735450475e-01 6.041962907838559493e-01 6.152295393612049468e-01 6.000448613270588094e-01 5.750330855875603886e-01 6.025568989959289024e-01 6.006109232226556349e-01 5.822805057389790484e-01 6.054379177345967644e-01 5.993415417251585220e-01 6.162013154647131286e-01 5.948444574105509197e-01 6.073665046488643249e-01 6.160557990865920264e-01 6.087081245146920283e-01 6.146822410144489046e-01 6.116107749326800125e-01 6.116575305311759969e-01 6.131415534489977892e-01 6.068790933253908060e-01 6.032719846889362803e-01 6.083512236260333328e-01 6.055897892012828132e-01 5.965904175198706305e-01 6.092771321510965787e-01 6.002401316336782866e-01 6.020656703217913686e-01 6.100078298321168768e-01 6.040502666745227733e-01 6.096527147966795956e-01 6.012997472005374711e-01 6.114071321491979516e-01 6.123240769104149051e-01 6.086007805392272818e-01 6.062956869599500642e-01 6.077235912300139598e-01 6.027471450690737864e-01 6.112407014104308534e-01 6.111991656737683076e-01 6.155036341086170815e-01 6.159224803822618277e-01 6.148688289662354034e-01 6.180189665371019769e-01 6.150330302215658573e-01 6.072292663908689381e-01 6.091577195759456664e-01 6.171174164197422707e-01 6.130196909067967548e-01 6.131256941998177723e-01 6.086337058045103721e-01 6.106314721545809121e-01 6.133116891867829157e-01 6.168028239544124380e-01 6.153041360479553079e-01 6.144046664219682263e-01 6.165427707336248453e-01 6.161293422831929378e-01 6.154012502683710029e-01 6.141152977458398388e-01 6.185490499960603072e-01 6.169989459035912782e-01 6.165817194463255602e-01 6.155389976855448753e-01 6.169258752327074768e-01 6.143900284157740588e-01 6.165101948581590552e-01 6.135525349748984780e-01 6.139372666549659519e-01 6.160297253746360724e-01 6.078067470743707679e-01 6.118346702731282116e-01 6.124360959861145925e-01 6.217079407994756668e-01 6.186034082509505039e-01 6.137915151128469082e-01 6.166212310762084758e-01 6.187069813667462892e-01 6.099084430144899871e-01 6.109637875025032416e-01 6.135361566805085376e-01 6.172589349725426944e-01 6.141178480787551353e-01 6.142086874018460874e-01 6.129017216050735017e-01 6.155698097771289401e-01 6.156791184333884059e-01 6.116680772081740658e-01 6.160676198369290368e-01
-7.145572665155076842e-04 1.536491425733526039e-01 3.556005909330884340e-01 5.985218826626207411e-01 4.690209993147141376e-01 5.556595815198777100e-01 1.000000000000000000e+00 7.000721391284819850e-01 7.419908031521120773e-01 7.055609003624321307e-01 7.617391340397270394e-01 8.102098830697710419e-01 7.190916216681194628e-01 7.164548799800571910e-01 8.478957575794642265e-01 8.126155490351696375e-01 7.428933425369506072e-01 7.887893629675685192e-01 8.022775270802765535e-01 6.816565016479335659e-01 7.866671155282700667e-01 8.125662635118401367e-01 7.930344545170295856e-01 7.497804578732401026e-01 7.891047407485400900e-01 8.338341901888258745e-01 8.197781464457650769e-01 8.368665818116969302e-01 7.956375604672546453e-01 8.283266481687278082e-01 8.367057737529446371e-01 8.296100143152961293e-01 7.971669311628083454e-01 8.229190283592098254e-01 8.107839182768884490e-01 8.053118521735844748e-01 8.235141720049564684e-01 8.352712368601539206e-01 8.415148565407251091e-01 8.284005068685277307e-01 8.372913826715828733e-01 8.450462323432902378e-01 8.421564552485378830e-01 8.415279341493836496e-01 8.427666175592346542e-01 8.447977389345791011e-01 8.341577901621053392e-01 8.308431607983137734e-01 8.227544442179471895e-01 8.262742620710933350e-01 8.304496257900210177e-01 8.017641167578180017e-01 8.207360950033083524e-01 8.211854237212461438e-01 8.140427415894105900e-01 8.384733973986191469e-01 8.129946526908421456e-01 8.290019996479619513e-01 8.134266682500044254e-01 8.384313085704477864e-01 8.347768414118477143e-01 8.233519245615487092e-01 8.144910706889123553e-01 8.277063721575919075e-01 8.235047451402564000e-01 8.281833051955659331e-01 8.354379925617937408e-01 8.411528988555284636e-01 8.400519608516868741e-01 8.371871453362628168e-01 8.424990084819011793e-01 8.434495588427571855e-01 8.339050937868269786e-01 8.428807237366758853e-01 8.444111618727296875e-01 8.458182781041109211e-01 8.508244733277843252e-01 8.422316638578092318e-01 8.443061635981081725e-01 8.387927303928121026e-01 8.430008945842535351e-01 8.406534157774847582e-01 8.442103610320810247e-01 8.411254287306556554e-01 8.424564337509360401e-01 8.442829158633953224e-01 8.412106025966590295e-01 8.465152329160892108e-01 8.436769367864934699e-01 8.427099681020094879e-01 8.504144454770750094e-01 8.438600550362918007e-01 8.415749349379110233e-01 8.449246604389308857e-01 8.346839233212628439e-01 8.347181240332004482e-01 8.307810477085799672e-01 8.189614673023088987e-01 8.318602457768281555e-01 8.350168477862986993e-01 8.462958030368409323e-01 8.323047875746281132e-01 8.340380672760154823e-01 8.364414468460349417e-01 8.396857985619691211e-01 8.215903546135288060e-01 8.280091099321281733e-01 8.350434614805493094e-01 8.379912403347368199e-01 8.340718909495780098e-01 8.339697232905940449e-01 8.331302236028091945e-01 8.318528292333221552e-01 8.343801696609376428e-01 8.322764204575244795e-01 8.311423459014115611e-01
-1.430342902622873912e-02 1.417007698630592671e-01 3.403821059455306997e-01 5.502703142404663517e-01 4.455865918144582549e-01 5.089615013876853666e-01 7.000721391284819850e-01 1.000000000000000000e+00 6.899527637612880016e-01 6.504150672293635971e-01 7.290475088429605455e-01 7.612473577411613679e-01 6.958082175856732388e-01 6.732583584316951253e-01 7.826512640236575891e-01 7.906967355136627074e-01 6.899446392666437333e-01 7.222747625586681819e-01 7.407072223168482683e-01 6.495279601981757134e-01 7.380792539118190554e-01 7.567943323507784203e-01 7.056381076564328669e-01 6.831934966358821359e-01 7.151666818237301104e-01 7.650266287707531143e-01 7.475691517862439461e-01 7.402030348036443552e-01 7.272163084584651882e-01 7.643225708529577389e-01 7.808307925061237498e-01 7.785008298884842359e-01 7.287483761690074502e-01 7.759348520742349598e-01 7.594745486926791633e-01 7.482151673667618574e-01 7.578230039941923346e-01 7.857883546981611067e-01 7.890550542474078499e-01 7.752733318062955403e-01 7.791545266027349870e-01 7.904395042075617051e-01 7.789328354632365503e-01 7.885610818817736511e-01 7.871224961608090931e-01 7.927804049176165879e-01 7.779943584964951198e-01 7.807234335433057559e-01 7.758211754555653927e-01 7.754164718325391448e-01 7.842808429163108386e-01 7.408387761240217140e-01 7.690880104876202106e-01 7.814125267710957390e-01 7.816574967055129886e-01 7.877405774619892220e-01 7.768563085950014324e-01 7.888856828617004657e-01 7.829619526442408439e-01 7.827506012857178286e-01 7.854974733861644909e-01 7.839710324981535861e-01 7.825665614159272865e-01 7.781749034543151700e-01 7.678232032808971486e-01 7.777438351392444993e-01 7.843354854243392849e-01 7.860748067752865165e-01 7.844038331017512133e-01 7.881113325716216922e-01 7.884239866302659161e-01 7.875401916127461321e-01 7.775114866929514479e-01 7.793325267847099891e-01 7.834584346462746263e-01 7.854145245256820562e-01 7.784578832587141228e-01 7.801861409837580474e-01 7.852365593929896415e-01 7.852111103544410220e-01 7.840461219323546782e-01 7.883193443563308866e-01 7.862280729823033498e-01 7.818234435482408484e-01 7.886320024425155228e-01 7.909999532189673221e-01 7.840183626064363143e-01 7.922615249556748118e-01 7.905033966412294832e-01 7.919345582908895453e-01 7.834011763663706329e-01 7.892694869872382002e-01 7.842797185408949545e-01 7.877623569101549483e-01 7.833619951994590380e-01 7.870832244040101289e-01 7.875407068075637174e-01 7.731311686642698966e-01 7.847881282137464387e-01 7.841052631329710199e-01 7.931189166396178658e-01 7.915217523993034465e-01 7.809759989043971729e-01 7.902727051810154446e-01 7.838595917626108855e-01 7.846104268678347760e-01 7.823489672589336585e-01 7.838742630032891068e-01 7.920579204085560487e-01 7.859690764185035539e-01 7.918889280467145131e-01 7.831516483600722278e-01 7.875198302193020528e-01 7.848254158970194849e-01 7.791470543184123576e-01 7.807049761229882812e-01
9.138713640004073047e-02 1.543620890382305100e-01 3.694689150737611727e-01 5.772616860722897814e-01 4.558980754299216120e-01 5.454960486076084747e-01 7.419908031521120773e-01 6.899527637612880016e-01 1.000000000000000000e+00 7.610091368390051736e-01 8.096631061046690725e-01 8.451105257321723796e-01 7.682480137454195113e-01 7.397267042776167756e-01 8.574995838552197380e-01 8.452110396596821396e-01 8.202948763144795041e-01 7.952247638759161186e-01 8.033876395442918206e-01 7.376424715709974933e-01 7.820475722244295547e-01 8.100749956952036923e-01 7.851156745358354172e-01 7.106716607516531115e-01 7.621795669967301734e-01 8.521286713617932662e-01 8.359736878453318809e-01 8.307594773593414139e-01 7.952321395422952133e-01 8.521250004009205403e-01 8.751607726404926346e-01 8.583001153466067734e-01 8.088835252326072034e-01 8.347443554401726695e-01 8.375612431424349635e-01 8.287917084108935573e-01 8.593722212270685779e-01 8.551212732993999088e-01 8.647804709832347392e-01 8.264375344266811085e-01 8.764355309979974251e-01 8.622756637905926169e-01 8.447460472771221029e-01 8.715347251917330285e-01 8.700742428802199502e-01 8.633782393138734745e-01 8.781167567677028440e-01 8.882152595470934608e-01 8.835351441413288320e-01 8.446745481624392538e-01 8.638630400911988527e-01 8.207628692275223958e-01 8.657116660230105287e-01 8.759286318060941490e-01 8.431177733326522539e-01 8.701775657695057786e-01 8.567939267488852151e-01 8.654356357829320334e-01 8.544408247254473565e-01 8.850055497482482991e-01 8.756335188882921061e-01 8.689373674723817054e-01 8.598591827383097463e-01 8.809505476623795683e-01 8.798354735542568417e-01 8.772036704701735577e-01 8.869815814892082484e-01 8.774447537526998131e-01 8.748045811295329655e-01 8.791835938076724144e-01 8.736479841750828257e-01 8.798271008145633898e-01 8.520988854092215181e-01 8.601493164682736392e-01 8.828933128100501238e-01 8.814113371513259132e-01 8.760522924640791187e-01 8.743894792918512904e-01 8.723761984422276905e-01 8.808247406174315453e-01 8.811572697361801376e-01 8.843971411422510975e-01 8.822182170381228650e-01 8.757536678957295040e-01 8.724227949306195828e-01 8.732391458612185353e-01 8.808704750100326830e-01 8.780551289184186370e-01 8.815177603521714422e-01 8.765966891703429464e-01 8.729616998081128898e-01 8.819607555348136785e-01 8.787284608946398512e-01 8.800319571017052311e-01 8.831857716984151674e-01 8.862400176532041485e-01 8.635132961465666890e-01 8.706311796011724224e-01 8.815402249306694138e-01 8.759798884724222523e-01 8.743861889934040343e-01 8.742446423006738909e-01 8.757508446744491915e-01 8.808766860463004278e-01 8.762115632118563369e-01 8.730610157464525622e-01 8.862219066043496296e-01 8.836648567691987033e-01 8.770644020749541747e-01 8.826536217065074075e-01 8.765143169270637191e-01 8.864811424978216170e-01 8.807009678866764002e-01 8.853644691238385933e-01 8.841660078280049184e-01 8.805826057210165425e-01
4.704779726387714467e-02 1.802104268977370305e-01 3.091780075538705930e-01 5.400740552079915657e-01 4.173167378995062959e-01 5.119868643506958472e-01 7.055609003624321307e-01 6.504150672293635971e-01 7.610091368390051736e-01 1.000000000000000000e+00 7.479404779452281105e-01 7.905257013174914471e-01 7.134858547599081113e-01 7.093588501654802814e-01 8.082468005625288443e-01 7.865753063561206071e-01 7.405124186053687607e-01 7.560466724473494660e-01 7.626940084235810380e-01 6.900144187760125503e-01 7.437511958312329474e-01 7.688384411481301584e-01 7.495540671226795792e-01 7.088974822315063928e-01 7.416225983801347788e-01 8.004782792965706717e-01 7.827094269516885472e-01 7.809886187863342988e-01 7.576982427847007706e-01 7.897030342122556279e-01 8.137068983980869641e-01 8.099232419580235653e-01 7.528689490844662213e-01 7.914572068734769816e-01 7.758784540326129076e-01 7.641578963059053597e-01 7.982100825013996870e-01 8.021308124583140797e-01 8.064508348776161517e-01 7.859172260790117104e-01 8.149507900039234531e-01 8.090734062392453962e-01 7.951703853763089080e-01 8.131509757798438542e-01 8.177312783071339908e-01 8.120378068969300589e-01 8.188226560557547717e-01 8.263440872434996143e-01 8.219590603454349775e-01 7.827538521085327661e-01 8.040833486593174095e-01 7.572263185830107046e-01 8.008179569915778728e-01 8.262502194351214468e-01 8.083447804651697766e-01 8.198199490879193307e-01 8.062028371855275433e-01 8.148526996661507038e-01 8.129477494327761455e-01 8.229176158874330627e-01 8.174665711723027028e-01 8.215917939655249524e-01 8.119596416071294120e-01 8.146913151791418395e-01 8.074437057813897978e-01 8.181934137662473239e-01 8.217447533855264385e-01 8.232200242827503178e-01 8.220728858931295457e-01 8.218419962017257108e-01 8.189972670447255298e-01 8.215413764286972897e-01 8.129030510829915457e-01 8.154666568651738334e-01 8.217738302365563685e-01 8.213031090348315022e-01 8.247104902180926178e-01 8.203779771993966463e-01 8.226166829695535920e-01 8.208008125744121752e-01 8.201806064085663817e-01 8.233841779117831994e-01 8.240566932292423541e-01 8.181445538285112562e-01 8.148091394524791253e-01 8.190632129588796273e-01 8.191396687315439795e-01 8.223372414754152038e-01 8.204829466005879590e-01 8.230075684341663367e-01 8.193733027072482855e-01 8.208627671408071924e-01 8.205974362186609916e-01 8.228823615102958122e-01 8.204197256085951073e-01 8.240251833994799435e-01 8.017207144817783959e-01 8.011007479614051796e-01 8.156036138734955587e-01 8.129490997801381846e-01 8.185682372287379494e-01 8.138492095203851973e-01 8.149928436619705563e-01 8.174761286007076189e-01 8.138003656700761868e-01 8.131334844766495706e-01 8.203764179425482306e-01 8.242943693985189668e-01 8.211870391880121689e-01 8.214013059581217746e-01 8.194914327158933087e-01 8.223182593479408942e-01 8.215387618195799657e-01 8.174338290077902691e-01 8.179321356672003551e-01 8.213855518389771015e-01
3.471163626551231236e-03 1.372837839586293074e-01 3.764437323273039926e-01 5.909765325117791734e-01 4.695382639851313766e-01 5.711942432085486132e-01 7.617391340397270394e-01 7.290475088429605455e-01 8.096631061046690725e-01 7.479404779452281105e-01 1.000000000000000000e+00 8.654088091925121740e-01 7.836258023915105841e-01 7.647814868845465019e-01 8.775913565750455003e-01 8.671617364181504195e-01 8.101577338021980212e-01 8.118270647637824133e-01 8.333658184372821909e-01 7.219103231245095342e-01 8.091528228777090659e-01 8.324659500930814415e-01 7.983545060755805611e-01 7.483788555978524437e-01 7.972720313014804994e-01 8.656004812810920157e-01 8.563023115866382762e-01 8.462071217039258686e-01 8.082929467704004223e-01 8.692737920241542238e-01 8.944822205348168520e-01 8.820157419444607516e-01 8.373374749246793591e-01 8.674411053771386992e-01 8.619193334545340868e-01 8.524031615293181652e-01 8.807104322035911315e-01 8.839065023083642059e-01 8.913296079443605580e-01 8.676452138359862509e-01 8.900596941521434768e-01 8.913809487930173248e-01 8.747614486909286446e-01 8.925380320939481082e-01 8.921244648045538739e-01 8.865328151518054867e-01 8.960661037074608704e-01 8.970858621249129250e-01 8.923956039992093636e-01 8.771868580142824223e-01 8.884308964953663290e-01 8.516365204249130016e-01 8.857718942043070198e-01 8.805893397818473911e-01 8.656153076020285386e-01 8.921661894484838040e-01 8.662069407187277248e-01 8.856483788798770185e-01 8.756155146982106396e-01 8.957600515187184032e-01 8.901994431539349550e-01 8.827199600961431747e-01 8.761708309852264120e-01 8.886025553995462456e-01 8.856443545717308519e-01 8.879347876853276311e-01 9.012400474715881460e-01 8.992709449806322031e-01 8.978348395365105539e-01 8.979800823631828299e-01 8.962016547795841337e-01 8.997725901021605965e-01 8.809198679590388714e-01 8.868633367670656353e-01 8.998014925823417665e-01 8.992567957922691368e-01 8.922131407517492896e-01 8.914295955986809572e-01 8.919700352760960849e-01 8.984525902886992821e-01 9.003392043841814685e-01 9.025546175349739020e-01 8.997790802001751631e-01 8.969201875876379182e-01 9.021276733721752539e-01 8.982547844372248402e-01 9.004033598524000537e-01 9.034620652984036715e-01 9.015226145146834069e-01 8.986984658321546249e-01 8.999272603377607149e-01 9.026038176701012272e-01 9.022478143118821681e-01 9.019310591374042341e-01 9.000376004553558573e-01 9.017877959768781926e-01 8.939939485198205027e-01 8.839343667695146456e-01 8.968163445143193524e-01 9.016627746226125728e-01 9.000299411434203867e-01 8.956643054719463093e-01 8.976538694946201158e-01 9.019869688615903547e-01 8.973660983816468262e-01 8.860063568167341197e-01 8.997417172535561170e-01 8.991781167882376691e-01 8.987369667680021879e-01 8.996318107936333019e-01 8.981022819504538290e-01 8.995372895965717541e-01 8.972368174168157129e-01 8.992650956521348604e-01 8.964444059847122004e-01 8.932513863797328924e-01
2.762194721702376787e-02 1.703198298161411051e-01 3.890234495115176827e-01 6.420545645834971893e-01 4.855675587350196110e-01 5.931887562121269664e-01 8.102098830697710419e-01 7.612473577411613679e-01 8.451105257321723796e-01 7.905257013174914471e-01 8.654088091925121740e-01 1.000000000000000000e+00 8.145596688823533160e-01 7.986582733770366538e-01 9.262979397761954559e-01 9.109514539193632743e-01 8.387175700479282403e-01 8.568772285341571537e-01 8.748137976641777724e-01 7.689868113949503980e-01 8.564092301591319512e-01 8.858813557816771489e-01 8.465700191416311027e-01 7.984019836101311496e-01 8.457907235487051034e-01 9.141279186765502995e-01 8.988133242632829756e-01 8.916856335529134148e-01 8.646222575055170223e-01 9.141417672974503361e-01 9.340019380101579616e-01 9.215360164533746845e-01 8.686901281559465948e-01 9.063004568808513683e-01 8.993459682964816126e-01 8.883595309119223238e-01 9.163833565253060032e-01 9.247380172366873596e-01 9.323066808127525862e-01 9.030802610262610441e-01 9.305188755229116815e-01 9.332124923424949259e-01 9.194670450747864932e-01 9.377961755825063861e-01 9.355139947390500588e-01 9.314549406295717926e-01 9.356346241877292469e-01 9.387169541510371751e-01 9.322405003860027017e-01 9.175660777615005648e-01 9.314340573966936043e-01 8.947973184799448143e-01 9.231199566535525092e-01 9.305767934407188635e-01 9.192307628215367066e-01 9.351371259852858664e-01 9.203774003458542463e-01 9.340868599708224140e-01 9.219374923746852524e-01 9.399642231871663256e-01 9.386096875130136574e-01 9.325777079161420291e-01 9.261080096937218675e-01 9.348993319506426758e-01 9.284675058901579181e-01 9.355363204583921899e-01 9.421954247666318727e-01 9.406977581715680881e-01 9.389729904385364367e-01 9.395266264980869364e-01 9.386903564450216342e-01 9.426753140003266696e-01 9.244940751041079707e-01 9.312769843444924645e-01 9.414242964268774161e-01 9.407384257987990717e-01 9.393501231084910863e-01 9.383326465971815189e-01 9.387459658540517893e-01 9.411539108793217645e-01 9.395250615839346731e-01 9.441865261654533992e-01 9.405882928919473418e-01 9.388751627543496792e-01 9.377039014023368368e-01 9.392902271429260930e-01 9.385467768328222826e-01 9.422256373392704498e-01 9.416966211372838069e-01 9.417217160380262353e-01 9.366864940750984081e-01 9.409171460822984834e-01 9.410794266099113958e-01 9.416941033625633173e-01 9.394197727805055909e-01 9.415153538193566929e-01 9.302837087317802345e-01 9.253806754329307882e-01 9.367180125826630732e-01 9.362369225184691279e-01 9.410065539404338653e-01 9.374681529128472413e-01 9.377297087870275494e-01 9.411190432991031196e-01 9.387513845111211674e-01 9.311289377661606803e-01 9.383920962398596410e-01 9.413930271906746361e-01 9.404410533932552330e-01 9.390996258658639295e-01 9.394070522840485271e-01 9.399460055718070750e-01 9.400691377674115223e-01 9.399342046587882971e-01 9.382228992501711051e-01 9.378620349557164060e-01
5.279460902321889658e-03 1.151781212113051206e-01 3.363932230903757259e-01 5.688656097838638015e-01 5.045841533256936184e-01 5.312776840312335436e-01 7.190916216681194628e-01 6.958082175856732388e-01 7.682480137454195113e-01 7.134858547599081113e-01 7.836258023915105841e-01 8.145596688823533160e-01 1.000000000000000000e+00 7.514676829311782713e-01 8.406520434223065941e-01 8.322580045746240662e-01 7.681453276528599217e-01 7.613147113717451120e-01 7.867047784759165774e-01 6.724144525080326673e-01 7.577958349461861864e-01 7.940070756997711365e-01 7.559323994776089295e-01 7.056273596335034259e-01 7.559534760987381974e-01 8.225773836154519625e-01 8.074578446074958116e-01 7.986633747173665920e-01 7.629965489026125924e-01 8.225250567148475467e-01 8.473547547060169549e-01 8.277423277095676823e-01 7.862125692962967927e-01 8.137835764584451237e-01 8.195111138678359275e-01 8.151532099629248407e-01 8.360206444822521066e-01 8.271264202474560845e-01 8.502043964723116076e-01 8.096415479733775067e-01 8.519362096166268605e-01 8.487745208125888619e-01 8.318946570465801660e-01 8.571187188090072517e-01 8.508978459591587384e-01 8.450599599108364890e-01 8.607073808761067646e-01 8.585374371378893255e-01 8.472217561944296316e-01 8.257277252249948241e-01 8.417495223817338390e-01 8.218966827572005140e-01 8.538876927042073905e-01 8.441320095387431222e-01 8.189439923662825693e-01 8.428742843665866236e-01 8.223027958938563531e-01 8.512618117800808681e-01 8.251679590188198965e-01 8.678382374426719670e-01 8.547242893334838776e-01 8.409359804529137339e-01 8.289149742625436801e-01 8.513163442412097215e-01 8.623312123669059082e-01 8.558092342218278636e-01 8.660391457693071837e-01 8.604996389791021993e-01 8.598579095095687519e-01 8.568757600406120556e-01 8.623916392245551954e-01 8.639036391151844185e-01 8.438362239992091007e-01 8.494557565860062498e-01 8.640626569771721055e-01 8.612619344249857756e-01 8.545857604352008474e-01 8.503494025656938016e-01 8.543022117720401321e-01 8.613283424002553534e-01 8.631830043741444136e-01 8.647395341387980050e-01 8.575398062724706172e-01 8.596407575437287063e-01 8.586117905192318656e-01 8.585570860788880321e-01 8.641228112335513911e-01 8.605937230816654848e-01 8.663432355791831352e-01 8.571270495329436079e-01 8.552203741004252846e-01 8.656776545315791882e-01 8.633238919656113231e-01 8.650631124611436462e-01 8.664008752905723032e-01 8.653475941731942900e-01 8.524193358443606927e-01 8.501679621776725426e-01 8.605840150576253844e-01 8.592319901368956625e-01 8.630645182136073013e-01 8.551463705622208700e-01 8.643667658687159694e-01 8.666789667409681153e-01 8.654530609450651335e-01 8.476800364577271596e-01 8.623430152832103346e-01 8.634583195751085460e-01 8.602191252907487318e-01 8.633174867171933276e-01 8.558686831712654097e-01 8.670650187648399898e-01 8.587214743483907453e-01 8.640801037187618716e-01 8.673091513351509629e-01 8.626141198458530113e-01
