1.000000000000000000e+00 9.638411425785303743e-02 1.667133619712844184e-01 -2.707542497339423399e-03 1.113023757658430403e-02 1.754541847659633891e-02 1.738312002244021826e-02 2.533995520474989147e-02 1.352575763889636018e-01 3.487826626261095186e-02 7.019273967851347162e-02 7.609680854876505265e-03 1.107384302862023454e-02 2.337476698784867607e-02 1.533968537115089521e-02 2.870652153646368818e-02 6.641400224794052898e-02 1.300025783820772940e-01 1.573400820921866949e-01 5.144070050387348353e-02 7.544299182569989826e-02 1.576822531689214268e-01 1.476507703662353899e-01 1.389886755782717143e-01 1.531464704280470213e-01 1.063575863884609896e-01 1.285421406623065421e-01 1.298903023015283154e-01 1.808920494443505833e-01 1.717457725177140571e-01 1.118613032886990877e-01 8.631165398339729622e-02 1.014237359779190106e-01 1.154232163283099993e-01 1.323546142593174102e-01 5.942190690039670514e-02 8.758340464892742927e-02 6.030745054707082470e-02 6.475280763232726944e-02 4.428871538814768694e-02 4.258623207052905646e-02 3.987380751339302670e-02 1.906062520951266881e-02 4.690930529992940606e-02 6.763692002927598756e-02 5.759478664525670422e-02 3.464433385152933687e-03 2.168474776561610945e-02 1.984169241360527261e-02 4.088548701067687419e-02 2.830333118701041165e-02 1.062445460801096642e-02 1.423963088381269802e-02 3.974387530193899953e-02 5.070569563831479193e-02 4.921594856867222284e-02 4.150265095052477204e-02 2.144269461115196757e-02 1.441564955930074200e-02 1.229574138884028355e-02 1.381848287388714146e-02 1.533942828098211128e-02 1.706014411314254325e-02 3.040566277793612521e-02 3.665333747849134488e-02 2.822630444027731181e-02 1.613505856538843472e-02 5.782793555940740626e-02 5.747737704061622876e-02 2.404308176563904262e-02 4.918579051460206242e-02 7.243517693605563967e-02 7.138632150669292631e-02 7.667627069358992631e-02 4.004068672790540157e-02 6.182356356380000473e-02 5.956116764731870378e-02 9.138423872080282673e-02 7.039527373669751675e-02 6.531792307816712551e-02 6.051639984454083160e-02 4.278256080869617672e-02 4.158668406199993867e-02 5.282597003416458770e-02 3.549146813980427750e-02 4.618766390631633134e-02 3.212323888149219014e-02 2.160887656451411162e-02 3.430583554465413409e-02 2.960215853876205575e-02 3.213667642371361571e-02 1.874573927619308314e-02 2.519817914005145418e-02 2.365579147552550679e-02 3.068715130074384928e-03 6.842957939245994554e-03 -1.093189105885951400e-04 1.605374630854572091e-02 -4.486602192072750191e-03 4.747268342746993131e-04 -1.656782202199026275e-03 4.059492851287502778e-03 3.559491904139179888e-03 4.970690107530392407e-03 8.350668482141910057e-03 4.688004235109783160e-03 1.008011856194524977e-02 1.546609579738307365e-02 1.573671713855191723e-02 4.463400232572568155e-03 -2.746014014846718653e-04 4.138117888223796781e-03 -2.453633270216756725e-03 1.218449507056934729e-02 2.110042487768008443e-02 7.392491248723326823e-03
9.638411425785303743e-02 1.000000000000000000e+00 6.901943290766736350e-02 -2.739072081737159783e-02 5.279740680378005452e-02 7.393933540463230869e-02 9.743830423277728692e-02 5.787526377605434202e-02 1.822075874145500651e-01 1.704237185340222727e-01 1.211206228522294509e-01 8.820431888080020044e-02 1.308526999484788678e-01 1.045808035630077237e-01 1.365259323243571687e-01 1.140163536959508395e-01 1.336568287006997813e-01 8.504318041489021540e-02 1.242263486244925969e-01 4.827292089159342797e-02 4.307107597800207549e-02 1.201498696735342347e-01 1.253593018982280816e-01 9.254732943803554990e-02 1.263248516072255356e-01 1.559825175500075545e-01 1.554753413017835595e-01 1.759821640063430059e-01 2.006737864552622930e-01 1.648325834853409111e-01 1.758241697347745491e-01 1.431905963340995291e-01 1.396535091744961488e-01 1.230064869288953894e-01 1.405180105816514202e-01 1.126866142739317983e-01 1.370053353714304756e-01 1.537614433463218300e-01 1.374157538581042559e-01 1.116003378221140235e-01 1.412085015240225339e-01 1.401518678998387446e-01 1.058212434314837469e-01 1.298418414075103167e-01 1.286774499457237209e-01 1.552997914248629152e-01 1.421256259369651220e-01 1.576645176389228353e-01 1.442239402553735506e-01 1.058919839030056792e-01 1.256158778987593039e-01 8.149118304746515162e-02 1.185068686300208285e-01 1.645611308696573460e-01 1.574332226786842870e-01 1.655638626101207378e-01 1.448961045637777723e-01 1.440467438907006015e-01 1.461177531362164994e-01 1.467999982244985735e-01 1.391540985913130857e-01 1.524712629274665165e-01 1.460220789598713764e-01 1.452880810413356705e-01 1.450713658022663721e-01 1.457972727849778660e-01 1.502318291672455342e-01 1.471395344039080066e-01 1.497046756986143146e-01 1.213997219347923845e-01 1.302892232247400695e-01 1.504101383908015843e-01 1.307204602922651115e-01 1.377331159870066879e-01 1.545252465227181238e-01 1.600129444328464157e-01 1.700903187555116158e-01 1.748745354153727893e-01 1.694656227705174656e-01 1.683426475861842520e-01 1.611983951049742736e-01 1.679540595714872353e-01 1.415831947053334816e-01 1.525891550335773117e-01 1.303796517280841616e-01 1.380900785226938376e-01 1.445291271720105797e-01 1.390518804490974702e-01 1.467684901144261089e-01 1.496416136878549463e-01 1.355724279920008934e-01 1.410644836525044576e-01 1.388799707305795328e-01 1.462792168958219619e-01 1.431917214950869655e-01 1.494129256288524721e-01 1.165413453397053795e-01 1.332523780532993696e-01 1.384499492093604622e-01 1.254136743449102420e-01 1.253743039701688822e-01 1.370367008470854686e-01 1.244011621913917731e-01 1.258960137803550039e-01 1.207297306325508385e-01 1.385175969825965248e-01 1.455006285120478415e-01 1.559330662959775571e-01 1.509472231372467332e-01 1.445148823368131163e-01 1.374678797864376523e-01 1.456383245452089470e-01 1.412069799628483668e-01 1.437059629360938617e-01 1.494650088588540815e-01 1.437587210219035128e-01
1.667133619712844184e-01 6.901943290766736350e-02 1.000000000000000000e+00 2.499860424776546852e-01 1.061207787180419304e-01 1.684892675856304312e-01 2.533000616440677089e-01 1.981432030482197237e-01 2.544032944984243594e-01 1.854091483908490712e-01 2.655977603164725309e-01 2.666190514397173694e-01 2.278478006678390788e-01 1.356458875546859011e-01 2.665647565116077145e-01 2.475825090961981945e-01 2.582281800884498324e-01 3.068283568491078639e-01 2.925187884780998115e-01 2.311952638998426013e-01 2.624129865165727438e-01 3.056645342270311039e-01 3.024686944533181987e-01 3.004078096564974931e-01 2.979616702551547980e-01 2.830524172102944491e-01 3.121262592690440818e-01 3.026891650474883289e-01 2.992570338850633060e-01 3.151883739370786586e-01 2.956979098280915208e-01 2.952863480028216081e-01 2.808516042281643532e-01 3.050283363181146012e-01 3.003392598016590420e-01 2.869796718437811478e-01 2.970226855740054628e-01 2.719747108859776330e-01 2.861310178782926483e-01 2.844242376511942894e-01 2.741951337988192128e-01 2.746376527682198865e-01 2.685135028160268722e-01 2.851597978081006901e-01 2.956019411208977155e-01 2.756815727377525671e-01 2.486755774190514134e-01 2.519438388001317697e-01 2.499733482565777154e-01 2.626505063348025804e-01 2.662318369400115126e-01 2.535938790483386884e-01 2.672154169679405444e-01 2.545917027605442140e-01 2.666935943300252077e-01 2.676482427435294409e-01 2.609100206664721755e-01 2.556158998865599719e-01 2.524579506936168172e-01 2.451262702182061826e-01 2.557700793616446977e-01 2.488054820250016064e-01 2.477086101865497991e-01 2.558547084784820735e-01 2.672572273483194705e-01 2.586395414366167156e-01 2.540547450575055821e-01 2.842886498654168537e-01 2.805527187528338295e-01 2.664043653905814879e-01 2.861121627821108238e-01 2.890079526670896737e-01 2.909990127186734554e-01 2.918706638835680822e-01 2.727258634609844856e-01 2.803757962360947098e-01 2.761516791493739964e-01 2.881148398864393778e-01 2.833740756007883665e-01 2.742847988994246977e-01 2.796012204417071545e-01 2.699707701223028056e-01 2.788916432723846928e-01 2.780307811488393344e-01 2.702923222059749331e-01 2.748298489739134931e-01 2.709574753829990246e-01 2.646059767130796159e-01 2.660399728339872816e-01 2.674854324570052344e-01 2.770476085518502329e-01 2.613325923392963435e-01 2.653823824118833885e-01 2.613071320996705471e-01 2.465299548460945511e-01 2.477265042402962136e-01 2.550016242958584867e-01 2.577109124749235591e-01 2.473473648612105336e-01 2.559109874019699360e-01 2.550322635494254309e-01 2.526433303878753422e-01 2.484507371839438927e-01 2.535167513440828024e-01 2.591364453766857312e-01 2.488251373492075258e-01 2.501824491026405362e-01 2.516575789335184776e-01 2.562494209888918628e-01 2.475092502298560648e-01 2.503698401350931690e-01 2.463129258070102245e-01 2.463058551207154001e-01 2.539606368188591090e-01 2.579012806774910183e-01 2.502906172387563966e-01
-2.707542497339423399e-03 -2.739072081737159783e-02 2.499860424776546852e-01 1.000000000000000000e+00 2.555393340667946878e-01 3.065722395973149439e-01 4.890279110745394120e-01 4.510303529610703577e-01 3.669878460573585133e-01 2.962287941035923189e-01 4.415712670874037959e-01 5.353972487020860482e-01 3.899970070086134499e-01 3.481929481584014607e-01 4.706462660936174824e-01 4.816519148936351802e-01 3.925260644212744121e-01 4.689663247071415575e-01 3.495128334318736152e-01 4.500673988219333066e-01 5.556906287113503318e-01 4.134907582939549853e-01 3.949920952518808370e-01 4.315702213769930240e-01 3.804744695084479877e-01 4.259314669235388928e-01 4.189618404704130716e-01 3.522958086884365181e-01 2.899816680582429362e-01 3.341546390819692403e-01 3.515814085640912023e-01 4.437391834523359835e-01 3.785023179788397085e-01 4.293772016587361628e-01 3.813992266201177150e-01 4.545054390973751746e-01 4.256589646536232396e-01 4.016640670984211736e-01 4.292792820876014104e-01 4.715888116914912498e-01 4.705069061468208358e-01 4.516927261827007878e-01 5.009599380044249539e-01 4.898250490855804995e-01 4.738381274592466386e-01 4.138711762442127129e-01 4.478230364567335475e-01 4.323124101949801235e-01 4.415454400373959865e-01 4.715009562002265286e-01 4.633178724675240390e-01 5.375226493390935500e-01 5.110350336997449006e-01 4.262949256048870206e-01 4.251238926623321368e-01 4.182875448611779179e-01 4.588347518810339531e-01 4.473750012933707110e-01 4.447412127678763705e-01 4.633446450256789029e-01 4.658564209265569911e-01 4.454288675675240894e-01 4.376303280289595699e-01 4.363298955638167942e-01 4.517128473337767014e-01 4.654352369471697060e-01 4.372343712862704068e-01 4.563376565658840422e-01 4.453812553206333291e-01 4.994205725955269681e-01 4.912629001337591172e-01 4.402464438761468646e-01 4.582993936592141271e-01 4.491535646270988225e-01 4.556471128192564612e-01 4.370427588191109769e-01 4.175726250698074127e-01 3.968235019007301245e-01 4.078732084161553750e-01 4.007320855078557731e-01 4.178098072345118319e-01 4.101344568328834650e-01 4.695754646715694092e-01 4.184833913279575324e-01 4.628095192573759564e-01 4.475492019863844817e-01 4.445562335134257692e-01 4.620693449172141309e-01 4.432193486338775745e-01 4.661959880788761890e-01 4.703779215637067801e-01 4.669600101231273226e-01 4.661491477809105444e-01 4.556116813619348616e-01 4.513720869079718145e-01 4.451623310235054976e-01 5.059018507382522234e-01 4.696918915709927256e-01 4.674442450008670091e-01 4.829144508037805372e-01 4.911548049818821315e-01 4.766051502510298965e-01 4.799737406611915835e-01 4.880860375180965383e-01 4.965350115581118051e-01 4.759435748448461734e-01 4.543854258650015243e-01 4.346414784954931165e-01 4.566910681240478054e-01 4.699541216650885422e-01 4.785840994245394997e-01 4.606952675495980531e-01 4.739610134960763888e-01 4.523896104924211015e-01 4.437793553609882813e-01 4.666648402294876208e-01
1.113023757658430403e-02 5.279740680378005452e-02 1.061207787180419304e-01 2.555393340667946878e-01 1.000000000000000000e+00 2.633312744214201251e-01 3.998114212218621955e-01 3.724897180004798081e-01 3.791418206878164332e-01 3.333887250811030101e-01 3.941578165307400017e-01 4.326477368082966568e-01 4.015899443706714700e-01 3.079966212951387172e-01 4.386345251449625393e-01 4.224007851989897699e-01 3.845503128952780236e-01 3.346357507054695257e-01 3.134833085641293149e-01 3.452135748445984142e-01 3.392080316858770983e-01 3.407618103237035068e-01 3.407998483058971018e-01 3.210627978883946465e-01 3.278798516141053776e-01 4.051132504066788376e-01 3.619235621121244528e-01 3.390841695798967326e-01 3.065321682006797999e-01 3.294870074937282234e-01 3.510906205345861730e-01 3.918806768518471317e-01 3.529352552929360121e-01 3.639377020862103462e-01 3.498560424144550041e-01 3.983405754549770306e-01 3.760663706842228282e-01 3.869181715836881308e-01 4.017630966288722738e-01 3.957641098006632330e-01 4.336293888795458296e-01 4.289429236296129488e-01 4.353385055096250511e-01 4.434610005187905046e-01 4.177408059054174005e-01 4.051033414110437603e-01 4.450238522339781677e-01 4.390435795169664313e-01 4.356758163019984198e-01 4.241618843132826111e-01 4.260119839192486046e-01 4.460133784446429495e-01 4.522431997670161019e-01 4.313054750579213836e-01 4.316220189377119598e-01 4.239617971194792889e-01 4.430877415656746532e-01 4.475088107564903495e-01 4.375168540511911730e-01 4.550135591657251677e-01 4.514744063431004317e-01 4.486280304295479082e-01 4.382229516120341728e-01 4.367584029855386407e-01 4.410694019419809098e-01 4.469748723113179945e-01 4.395669163656439893e-01 4.339884868986627064e-01 4.296903196487487087e-01 4.416993059716700087e-01 4.374196751420423857e-01 4.239984716016015343e-01 4.141956900719157564e-01 4.199126621485658739e-01 4.396006574629786057e-01 4.196896817266314028e-01 4.133174556177586778e-01 3.996632895075915015e-01 4.086387815134314150e-01 4.092042598473510928e-01 4.142893652403161764e-01 4.139899654037098031e-01 4.358274380011730176e-01 4.118602809813622923e-01 4.252339049565363460e-01 4.198609298609381479e-01 4.179296961480748474e-01 4.322242536152949843e-01 4.279129942574976253e-01 4.431782745753984898e-01 4.249229838713301510e-01 4.481102976794433257e-01 4.425946855629408483e-01 4.366446624069595384e-01 4.492446327836247533e-01 4.467386378755308085e-01 4.555712021642644438e-01 4.499612117509500520e-01 4.577014732316137535e-01 4.512248118444327494e-01 4.578493815926205635e-01 4.548784811234567460e-01 4.561909961984273454e-01 4.596595410499808021e-01 4.533454667596503174e-01 4.599267902621130277e-01 4.518927499308226237e-01 4.395873994024651066e-01 4.478855785192783490e-01 4.575546501394494592e-01 4.539579947708995422e-01 4.560083841543361438e-01 4.612852917355936277e-01 4.510251128057001790e-01 4.405225518823570607e-01 4.529350176039722564e-01
1.754541847659633891e-02 7.393933540463230869e-02 1.684892675856304312e-01 3.065722395973149439e-01 2.633312744214201251e-01 1.000000000000000000e+00 4.692140766132017471e-01 3.637360331840120975e-01 4.157338527765216396e-01 3.536426323191353971e-01 4.316082297453363581e-01 4.797747279983177182e-01 4.244907938620991472e-01 3.385971172362492454e-01 4.782103076377401951e-01 4.652316615714417458e-01 4.191092366908031885e-01 4.201390310201210676e-01 4.166055788810180127e-01 4.073793840226996865e-01 4.368890191021098102e-01 4.543098393248658495e-01 4.467733073050777493e-01 4.436378571114042435e-01 4.322104662125222374e-01 4.811111845438478807e-01 4.641578191577244161e-01 4.498095382863434577e-01 3.985194601082608923e-01 4.320604072208236168e-01 4.449263261522850010e-01 4.786182223791193846e-01 4.441735450605882041e-01 4.679541842791147266e-01 4.438795190389979162e-01 4.682483691481832966e-01 4.629995986214516801e-01 4.628106984785145261e-01 4.697277503400522636e-01 4.871883203884819213e-01 4.924516324282947610e-01 4.807281916538150845e-01 4.873573140405605408e-01 4.990584269128361949e-01 4.974720221924004426e-01 4.720694371802416356e-01 4.842771657812584007e-01 4.751341622449652968e-01 4.841088174100974806e-01 4.821756904989082937e-01 4.824231546597979592e-01 4.881672630420990644e-01 4.947376990120270768e-01 4.695734063147820048e-01 4.752269605658677176e-01 4.757447152534116097e-01 4.835291937645835314e-01 4.721939290148637891e-01 4.803150053874210013e-01 4.814271490377906582e-01 4.839809691657454005e-01 4.750398932277066777e-01 4.673861334843922855e-01 4.676477860229932837e-01 4.770906763660111571e-01 4.834046028657642546e-01 4.810439834145890936e-01 4.886480646163807173e-01 4.910964449701539225e-01 4.942052326686307007e-01 5.016640360796453812e-01 4.904720306123463436e-01 4.907659468524213642e-01 4.876919981416537042e-01 4.921312548507362772e-01 4.869655914587804335e-01 4.763037220022195983e-01 4.651716601080058133e-01 4.702154904410362768e-01 4.718369617206320532e-01 4.784915974902336222e-01 4.761253367276072068e-01 4.993218271032670019e-01 4.787620305285128497e-01 4.946140246970187615e-01 4.868062095151170499e-01 4.878192901042605056e-01 4.915671456006937556e-01 4.836307027453129459e-01 4.997623631329855542e-01 4.992921958402811167e-01 4.965087695286260483e-01 4.938908406189249645e-01 4.882433190544949175e-01 4.845478645944514273e-01 4.824740119876015920e-01 5.022084316363265577e-01 4.889213958787552161e-01 4.882191394395837825e-01 4.969637288476648762e-01 4.953227946418274352e-01 4.955049869484756120e-01 4.894382310055100938e-01 4.969760098329418230e-01 4.989716551650316134e-01 4.861114394580339781e-01 4.866044394605692491e-01 4.800619594888329567e-01 4.895985890888359671e-01 4.894383968045046274e-01 4.957254022972702456e-01 4.855381810057501357e-01 4.892348901328791300e-01 4.817005655000761721e-01 4.823115433737839020e-01 4.837109934078205331e-01
1.738312002244021826e-02 9.743830423277728692e-02 2.533000616440677089e-01 4.890279110745394120e-01 3.998114212218621955e-01 4.692140766132017471e-01 1.000000000000000000e+00 6.069590044177465282e-01 6.502193394613747790e-01 5.678129589687186396e-01 6.740865954355053091e-01 7.413748466283002214e-01 6.609903718036417297e-01 5.285219128405079791e-01 7.789027773915613295e-01 7.343944376740975111e-01 6.450916407667939279e-01 6.044881308943989007e-01 5.889132435543095179e-01 5.971865329538628142e-01 6.530702694204845171e-01 6.390511604754505193e-01 6.259674424735378606e-01 6.112003604428238868e-01 6.197151121333325241e-01 7.089672261405486342e-01 6.881350109353367994e-01 6.660531866226772069e-01 5.858206602346071046e-01 6.288257166807288412e-01 6.594022427665430230e-01 7.209559674234259363e-01 6.673266111387593513e-01 6.937679042484330427e-01 6.561761981117473219e-01 7.328614705770178928e-01 7.075254725426952662e-01 7.229882608678168676e-01 7.427546803751479132e-01 7.488642781002318172e-01 7.626685059779590992e-01 7.538817220288702714e-01 7.620058646498054644e-01 7.721735768069715178e-01 7.560093971389567624e-01 7.442243538061550368e-01 7.493227076503863326e-01 7.392644083447379444e-01 7.482445969941847741e-01 7.488917489569899555e-01 7.518843327601337778e-01 7.529892394830263180e-01 7.562845642915566602e-01 7.309996825473979998e-01 7.287227104079527784e-01 7.300478135211860842e-01 7.473779086163383489e-01 7.423072652654479908e-01 7.421592536907418713e-01 7.524805142073058839e-01 7.553525094973826404e-01 7.417854283241130942e-01 7.310991286480770235e-01 7.414725831408355283e-01 7.478130789509818133e-01 7.538860612581558263e-01 7.448889139504696333e-01 7.456516876330678834e-01 7.443176665194103370e-01 7.620686004093248922e-01 7.629339619406345641e-01 7.377002084550907668e-01 7.309435049225447845e-01 7.371009458513424484e-01 7.560905457108801908e-01 7.385406450231406517e-01 7.321271720155924090e-01 7.066149584800531791e-01 7.226174357474269838e-01 7.194094155351020703e-01 7.301774314273351552e-01 7.285282054730245482e-01 7.674298441064064669e-01 7.230227852807363798e-01 7.534704304961851173e-01 7.458737389274899821e-01 7.473704024692034986e-01 7.598473727392908161e-01 7.559075273867542633e-01 7.615261896792046015e-01 7.632161028102343314e-01 7.650737757587171561e-01 7.678013102957137459e-01 7.639098842851876903e-01 7.575372565824435300e-01 7.506098038321064037e-01 7.762176268960054859e-01 7.625300965563976963e-01 7.621068865684916815e-01 7.683827750286453817e-01 7.746880736783599009e-01 7.691884801191644083e-01 7.640238839529183146e-01 7.720048410492821311e-01 7.751694756289871924e-01 7.603116535089335937e-01 7.581809233452440067e-01 7.457594861925019858e-01 7.573525802965984655e-01 7.625176139085220184e-01 7.668166044219886235e-01 7.599623941745233813e-01 7.635224785951959525e-01 7.595271438439293865e-01 7.503565578911677303e-01 7.589022625265300359e-01
2.533995520474989147e-02 5.787526377605434202e-02 1.981432030482197237e-01 4.510303529610703577e-01 3.724897180004798081e-01 3.637360331840120975e-01 6.069590044177465282e-01 1.000000000000000000e+00 5.648464440424049160e-01 4.639568070015008261e-01 5.666423254940106125e-01 6.455802870832095808e-01 5.663565651296990078e-01 4.717881545850159397e-01 6.503305789814324278e-01 6.596370977683824188e-01 5.486956278323784630e-01 5.031262812598280565e-01 4.813129980431362642e-01 5.061550418187829026e-01 5.726026846919188840e-01 5.373384716133819961e-01 5.166314074679527746e-01 5.015231722151735072e-01 5.079582598650984604e-01 6.032698426739175890e-01 5.682219199410508681e-01 5.306261463038219883e-01 4.725074846365955317e-01 4.995240840239663083e-01 5.312966280325136514e-01 6.108669495321068510e-01 5.539197713731224271e-01 5.802861388025105649e-01 5.449675832331249969e-01 6.280318563888206418e-01 5.848153868758545482e-01 6.135573663715165882e-01 6.179705148270472348e-01 6.398299982425390553e-01 6.532187889744505149e-01 6.457191762453199368e-01 6.648919390236093241e-01 6.693237997874647016e-01 6.406950693392969853e-01 6.239196570080394189e-01 6.414527966483607457e-01 6.327770210027680031e-01 6.352356198381420294e-01 6.476450310314977310e-01 6.548515077957529629e-01 6.597764672201364977e-01 6.622489108344123965e-01 6.231948317354786271e-01 6.204561581162650885e-01 6.193488286405435250e-01 6.404661821807837718e-01 6.496819534517211947e-01 6.442316450312659537e-01 6.501252972053088719e-01 6.504223240033123465e-01 6.416571217715948405e-01 6.325066065302075158e-01 6.365521273673226954e-01 6.409872415536922441e-01 6.435127716284845256e-01 6.377357293803044280e-01 6.358481027390699980e-01 6.289794980760810006e-01 6.496750303682209404e-01 6.538838946718272815e-01 6.243547968524351122e-01 6.122816702109734610e-01 6.190057565071690471e-01 6.484106472207257221e-01 6.236315299237542575e-01 6.162375286978047928e-01 5.928904604691636049e-01 6.024330698556907837e-01 5.980207791716253274e-01 6.107448978809004725e-01 6.108656214382623961e-01 6.548416913057929500e-01 6.083096837198047613e-01 6.469034798536206221e-01 6.344475754025162839e-01 6.333961934687933892e-01 6.569821307886678508e-01 6.447455659637086889e-01 6.528508489419094785e-01 6.506292232501549311e-01 6.603158056951309307e-01 6.571255642013331677e-01 6.498765787870255384e-01 6.506167582390314230e-01 6.462618770014834091e-01 6.858326835064605387e-01 6.601190276669011148e-01 6.595503765828957254e-01 6.720239645989120048e-01 6.741990323669007079e-01 6.686195343493630538e-01 6.616915547174783141e-01 6.783613923078721797e-01 6.680405071814431439e-01 6.608102345747105533e-01 6.546543460039211393e-01 6.388196430350308042e-01 6.517011837963805343e-01 6.612987724794024968e-01 6.740870433278504104e-01 6.567685006979502305e-01 6.651666979674263347e-01 6.538606855012166763e-01 6.429683196598995343e-01 6.499404406475653984e-01
1.352575763889636018e-01 1.822075874145500651e-01 2.544032944984243594e-01 3.669878460573585133e-01 3.791418206878164332e-01 4.157338527765216396e-01 6.502193394613747790e-01 5.648464440424049160e-01 1.000000000000000000e+00 6.730169034909088133e-01 7.400680252216101929e-01 7.445942647824969063e-01 7.197948249691470402e-01 5.779572803376545886e-01 7.893682073991398207e-01 7.566568910947710780e-01 7.617170398183484847e-01 6.597154748634865840e-01 7.255205409794169835e-01 6.056847764695847403e-01 5.953314932312971930e-01 7.498777046779443456e-01 7.478409517833666253e-01 6.890857746714640353e-01 7.304204697092975263e-01 8.268064782898451037e-01 7.989046401002761755e-01 7.893987101205487411e-01 7.773680617745346577e-01 7.701722313903693884e-01 7.923755594970403049e-01 8.237312586254956770e-01 7.664786243988198633e-01 7.748200254812381838e-01 7.731314650585996429e-01 7.784417382521839901e-01 7.825929478986675125e-01 8.069613124505875534e-01 8.109105757582250051e-01 7.716418255039361185e-01 8.356815689973823291e-01 8.133341247016957487e-01 7.856227097291560435e-01 8.241050052572289619e-01 8.155120755793033860e-01 8.216353129382333309e-01 8.292967352337736742e-01 8.465036537677597117e-01 8.378181333761358651e-01 8.063567615665032662e-01 8.149629766036341483e-01 7.739055665328873346e-01 8.039357266919843203e-01 8.479359752381893101e-01 8.506160761256045255e-01 8.459725617191418134e-01 8.440278239221168377e-01 8.359793224346427909e-01 8.299723410496391285e-01 8.369083538010851919e-01 8.374759560141857850e-01 8.398839964477713416e-01 8.332436345310971770e-01 8.389787920164007984e-01 8.420131853234165131e-01 8.428598251002712427e-01 8.359323817983452809e-01 8.441234343772979765e-01 8.448880104367240129e-01 8.161204613921936302e-01 8.270381454614097461e-01 8.446609840648574563e-01 8.217706811291713986e-01 8.355212523373526379e-01 8.480545512402208885e-01 8.442250999668954314e-01 8.428018068347681302e-01 8.466075708345308648e-01 8.449783435882781690e-01 8.471109761796269400e-01 8.433716463481729653e-01 8.379653479228336144e-01 8.418164605327799199e-01 8.367339124859963784e-01 8.287960893446817412e-01 8.308986040206950419e-01 8.258992369735588257e-01 8.284460435936071843e-01 8.356723401058693268e-01 8.404030501929745656e-01 8.235118452327412353e-01 8.359201564614502367e-01 8.345941553514681921e-01 8.348723704856094718e-01 8.335586133155918898e-01 8.373322566118166499e-01 8.156326614809106257e-01 8.338989016485157668e-01 8.295212514784817692e-01 8.211265305439794382e-01 8.197441570206605022e-01 8.336003900480638551e-01 8.272789278208589892e-01 8.280222267338314124e-01 8.288213341548660296e-01 8.353964688077929468e-01 8.401119298160576454e-01 8.409325572981403152e-01 8.419695138143529212e-01 8.367958961467678591e-01 8.299261715660842809e-01 8.387449592510823893e-01 8.348103960944605051e-01 8.399886010875812214e-01 8.389752716539621291e-01 8.363189558849206673e-01
3.487826626261095186e-02 1.704237185340222727e-01 1.854091483908490712e-01 2.962287941035923189e-01 3.333887250811030101e-01 3.536426323191353971e-01 5.678129589687186396e-01 4.639568070015008261e-01 6.730169034909088133e-01 1.000000000000000000e+00 6.311807392814595685e-01 6.581857059655245035e-01 6.547852913005065556e-01 5.403679452665740568e-01 7.146370734479857711e-01 6.598140566878778479e-01 6.775075590500826417e-01 5.139115692409772507e-01 6.037709521525922440e-01 4.902545531674945556e-01 4.654220074318474731e-01 6.042628635314154506e-01 6.213405577621256004e-01 5.590626782076252299e-01 6.059108622289715029e-01 7.202145790596352626e-01 6.816503170217924623e-01 6.954207880909523132e-01 6.726443931487154915e-01 6.588506890452318077e-01 7.128534964303770982e-01 7.185391032104695430e-01 6.733971839616437194e-01 6.569281758222067502e-01 6.673713156266285473e-01 6.813043342322244733e-01 6.898543510490326991e-01 7.348589562793053087e-01 7.211930396673581489e-01 6.922027858007441248e-01 7.482941498722134321e-01 7.393291365022666151e-01 7.070829537448887203e-01 7.335487371601020490e-01 7.215570621099629545e-01 7.511071636883497327e-01 7.705085389688552944e-01 7.772423388424561930e-01 7.656604494831006358e-01 7.099758309805287437e-01 7.331200021603827555e-01 6.638767010287063286e-01 7.124233456136975784e-01 7.690409882243012252e-01 7.583643894515669226e-01 7.692437322277588807e-01 7.417431343927401999e-01 7.629481212223900854e-01 7.572883578434862484e-01 7.543524656765469016e-01 7.544038122025731319e-01 7.572796347173309517e-01 7.515155940581795813e-01 7.511634650918104228e-01 7.477517337529300256e-01 7.486138410612090954e-01 7.732448663624252871e-01 7.542360114260104886e-01 7.601925277643528656e-01 7.295334436341328610e-01 7.396900682529941040e-01 7.491293501719765713e-01 7.280558886701073984e-01 7.440593771384987898e-01 7.677165129997269855e-01 7.626546471054190812e-01 7.697268208299441472e-01 7.612617181411237555e-01 7.652122899473812190e-01 7.707065901309597677e-01 7.653113726208287115e-01 7.754650881214354419e-01 7.581843512596301293e-01 7.638566061583829114e-01 7.542172630570702641e-01 7.524522026902764615e-01 7.588898024683683463e-01 7.634120466818556938e-01 7.661922864483030615e-01 7.626718988607134042e-01 7.527029987914812814e-01 7.655266350886301696e-01 7.630889230695074854e-01 7.695384615039134735e-01 7.726464194527770113e-01 7.765573589040115632e-01 7.347059606831387590e-01 7.533613589967202984e-01 7.651138346408621338e-01 7.525942146746849026e-01 7.498137883517485003e-01 7.598556671212470803e-01 7.565729188094381108e-01 7.560382187257550513e-01 7.496223523521731158e-01 7.521493787894947269e-01 7.705158909288661873e-01 7.795276698829037842e-01 7.712409062054726983e-01 7.664161266485562951e-01 7.592316947528654492e-01 7.685061254206916326e-01 7.618384920774613489e-01 7.675352569966138461e-01 7.653891468442077795e-01 7.631845516456647882e-01
7.019273967851347162e-02 1.211206228522294509e-01 2.655977603164725309e-01 4.415712670874037959e-01 3.941578165307400017e-01 4.316082297453363581e-01 6.740865954355053091e-01 5.666423254940106125e-01 7.400680252216101929e-01 6.311807392814595685e-01 1.000000000000000000e+00 7.848016710797369733e-01 7.138358179645005741e-01 6.001633249767736045e-01 8.053332899920199184e-01 7.622587481180344016e-01 7.535178738345005289e-01 6.640412337822614308e-01 7.140218651248712023e-01 6.079196698528682719e-01 6.428882393359641734e-01 7.389123397885704048e-01 7.219661082122350582e-01 6.862467143827427618e-01 7.129996899605326455e-01 8.008688810497711641e-01 7.731340025294209939e-01 7.487841432750929060e-01 6.984560630237892642e-01 7.317312435962413097e-01 7.666068840290962694e-01 8.020982764335462534e-01 7.593975915882686945e-01 7.769365710103086631e-01 7.522952881809619186e-01 7.992430781655247563e-01 7.853299770030707228e-01 7.902353154459013096e-01 8.134771300532700478e-01 7.948680758748121189e-01 8.296414417359257998e-01 8.192844476468708059e-01 8.129439635029508393e-01 8.361493212000552511e-01 8.270978875331916891e-01 8.077634735947729627e-01 8.299390453514312593e-01 8.303763632544350903e-01 8.240996417730452883e-01 8.058171901841095774e-01 8.160911154905672316e-01 8.053463749863484233e-01 8.172748335949958642e-01 8.203257575557995063e-01 8.136629194244590080e-01 8.187705359659472881e-01 8.170206548282572534e-01 8.240121990571246391e-01 8.129329679946390996e-01 8.242713313525419361e-01 8.289820584633236233e-01 8.126601339931145418e-01 8.031723396512355784e-01 8.145419790457871789e-01 8.242842073489230481e-01 8.266621666208582297e-01 8.290701294922803166e-01 8.376780465715537582e-01 8.319604230842381209e-01 8.191812518730419157e-01 8.380853129504052257e-01 8.354185862323568745e-01 8.187311853914900350e-01 8.317882742276758723e-01 8.386958961158511583e-01 8.295207349183437717e-01 8.202270236626173494e-01 8.102628114790761948e-01 8.195573349917374406e-01 8.181459797216212859e-01 8.253083289412022072e-01 8.187732642914543613e-01 8.388953095064757282e-01 8.213413855837045086e-01 8.285260676128238799e-01 8.324103533609440442e-01 8.294069616487568242e-01 8.310313251498916420e-01 8.340670231448005234e-01 8.356139194810576765e-01 8.350724815713508331e-01 8.374792741133376683e-01 8.402492720288561312e-01 8.366860836178899863e-01 8.310713682929924406e-01 8.329948725739090287e-01 8.241198677498665637e-01 8.213506119837103991e-01 8.259254281033068246e-01 8.256305588182129007e-01 8.338386739553460547e-01 8.291362146787120135e-01 8.367450078567352234e-01 8.367198065278355079e-01 8.394792178173352548e-01 8.214579692384539333e-01 8.285826487829903719e-01 8.305918097898032926e-01 8.342942235211461277e-01 8.316951243371979441e-01 8.303464849872165265e-01 8.315118213644887568e-01 8.260682207951516309e-01 8.271131803777364011e-01 8.306200588966545784e-01 8.313509218125124667e-01
7.609680854876505265e-03 8.820431888080020044e-02 2.666190514397173694e-01 5.353972487020860482e-01 4.326477368082966568e-01 4.797747279983177182e-01 7.413748466283002214e-01 6.455802870832095808e-01 7.445942647824969063e-01 6.581857059655245035e-01 7.848016710797369733e-01 1.000000000000000000e+00 7.569736410417229333e-01 6.383212565770468583e-01 8.527590800666138282e-01 8.388208175539612066e-01 7.602392158015428558e-01 6.857809422454385073e-01 6.936106371325780895e-01 6.640583325317591656e-01 7.164423382162060649e-01 7.352472735942771065e-01 7.285378668005234593e-01 6.919168561117414740e-01 7.110323353744344432e-01 8.242674579748185959e-01 7.864126467500291984e-01 7.455516540829603134e-01 6.799394393759013999e-01 7.142699139251761364e-01 7.647988403182348627e-01 8.308534334809730693e-01 7.606803347789610203e-01 7.883315952760865386e-01 7.529569254342928231e-01 8.347187002259086608e-01 8.060871966393980959e-01 8.169309818392148648e-01 8.419750205690713640e-01 8.351649928044212468e-01 8.759543480768595680e-01 8.565496325834280889e-01 8.769154690892952964e-01 8.818874419003075449e-01 8.639969447020876547e-01 8.436994958534843603e-01 8.819821237932266023e-01 8.745548923261797780e-01 8.757413987495719088e-01 8.633598581589527754e-01 8.723369758343004765e-01 8.843714916684960459e-01 8.910019209567220377e-01 8.688283232969941094e-01 8.616698735517853702e-01 8.599171508682015297e-01 8.834306696082484534e-01 8.754602413484519063e-01 8.720948219141267943e-01 8.913466387794881651e-01 8.957334337857768558e-01 8.828426154590851560e-01 8.714725051016566360e-01 8.771162142363104763e-01 8.791018876373424273e-01 8.945087129784252689e-01 8.789293820668843127e-01 8.762037573424804604e-01 8.711233236121577184e-01 8.843291099828702873e-01 8.861832349718461455e-01 8.656714059590950860e-01 8.490336013994600473e-01 8.579928369798489607e-01 8.835194057375060916e-01 8.633534181110318340e-01 8.507169049521398074e-01 8.296536937639411580e-01 8.394168405408062306e-01 8.402301831109354469e-01 8.545307806103129566e-01 8.517354473278763161e-01 8.882466948636638104e-01 8.488462285225437665e-01 8.737002562371928294e-01 8.682132149732133541e-01 8.704736310621730144e-01 8.787217119698166323e-01 8.758146844144368837e-01 8.877278283206317955e-01 8.773975249365092433e-01 8.890236321064145519e-01 8.917442201655204626e-01 8.822626125338917102e-01 8.882640653636388883e-01 8.859142487597041482e-01 8.949842340302508470e-01 8.905908646063117606e-01 8.931577094450343646e-01 8.923088343398292155e-01 8.977873294812076521e-01 8.984821596722067927e-01 8.986722418610216812e-01 9.010549129219110887e-01 9.053619706853712756e-01 8.955077912311492083e-01 8.893363872202199039e-01 8.802395967617318018e-01 8.888208685284167965e-01 8.951535599517710384e-01 8.949589345828885545e-01 8.937062718531876282e-01 8.962630509005459212e-01 8.917226692074360361e-01 8.854275293904948496e-01 8.965936882008223030e-01
1.107384302862023454e-02 1.308526999484788678e-01 2.278478006678390788e-01 3.899970070086134499e-01 4.015899443706714700e-01 4.244907938620991472e-01 6.609903718036417297e-01 5.663565651296990078e-01 7.197948249691470402e-01 6.547852913005065556e-01 7.138358179645005741e-01 7.569736410417229333e-01 1.000000000000000000e+00 5.969646127644540057e-01 7.985803599030646405e-01 7.628827944729712485e-01 7.353807104897522873e-01 6.030569407284217531e-01 6.631693932212775477e-01 5.809981066952897288e-01 5.786462074891808305e-01 6.889554385606353470e-01 6.846397343529239121e-01 6.382891652292393969e-01 6.704798936839002632e-01 7.781940356946188686e-01 7.433076417656396817e-01 7.257318016927427617e-01 6.799639073331836814e-01 6.964306218311600016e-01 7.378254372402029970e-01 7.841881131395911364e-01 7.185621993887294501e-01 7.405698161577771721e-01 7.149379654493626113e-01 7.605519930333818346e-01 7.500427718220937789e-01 7.819044800785872606e-01 7.881696613027064924e-01 7.626984070724018849e-01 8.234606151672345664e-01 8.111029914657631457e-01 7.994938170143308653e-01 8.214386080838225190e-01 8.008882431106765232e-01 8.095981161079758293e-01 8.404542571069301138e-01 8.406939236893429257e-01 8.340463148192776011e-01 7.945248950061173376e-01 8.141519862390805828e-01 7.938941646668878915e-01 8.205699171249899448e-01 8.341573842831452312e-01 8.224212505029275810e-01 8.276182494678971935e-01 8.223537529706970162e-01 8.349678371742385030e-01 8.285068329703735301e-01 8.401856363664772509e-01 8.387267261895255954e-01 8.341925375861767300e-01 8.222025285325421651e-01 8.224459887656135892e-01 8.286751342725121594e-01 8.333480923398610685e-01 8.422234999806261779e-01 8.314256837031005487e-01 8.322235984620628413e-01 8.151965944477880255e-01 8.227906912431598441e-01 8.253646108496598410e-01 8.065477336724703461e-01 8.173890690215220856e-01 8.388786873780892384e-01 8.266847623099181641e-01 8.242048315496726119e-01 8.071036771279083144e-01 8.150902081970549107e-01 8.172849234209383917e-01 8.229582456195138063e-01 8.243835535531521819e-01 8.344788529190467763e-01 8.184964322539145520e-01 8.267088744392060429e-01 8.279840355098064819e-01 8.255257579362067499e-01 8.316115987002022925e-01 8.324277069063219514e-01 8.417111766384705041e-01 8.248325753963071660e-01 8.416066112259208420e-01 8.384113165720045169e-01 8.380370905496432599e-01 8.454583389529283233e-01 8.465404032710823756e-01 8.244899588667924384e-01 8.331484034946426975e-01 8.412635345472688764e-01 8.333019960781439250e-01 8.365428819005502614e-01 8.392607363815228760e-01 8.394447621597109777e-01 8.426207831771116430e-01 8.403557271297522613e-01 8.369529360689451636e-01 8.441350386241840420e-01 8.435952482255349993e-01 8.445150836027601748e-01 8.452158826767280919e-01 8.410474781077689199e-01 8.467331926053427438e-01 8.414315159600492811e-01 8.404391571653605508e-01 8.395395150036819576e-01 8.420836901190729140e-01
