1.000000000000000000e+00 1.425624358500884037e-01 5.071139505188794472e-02 8.327899221306231392e-02 5.879444162835147092e-02 -1.454286525030980444e-02 4.320536053089767126e-02 4.510448953163099378e-02 8.337441138597581625e-02 3.810701485352378098e-02 2.174117434058485399e-02 2.342775110968107338e-02 2.802412815971642296e-02 -4.809866979553359206e-04 2.569808291234351380e-02 2.309626162223263682e-02 4.875475920795507151e-02 5.226278898103216969e-02 1.655709019484762762e-02 1.016541642256555827e-01 4.670075182399954783e-02 2.708046525783676037e-02 5.461705120384847956e-02 7.772605841542301608e-02 3.552347247900606436e-02 3.188300639470440651e-02 2.876742194546614770e-02 2.593692228683608034e-02 3.722137444324005034e-02 2.058693041609271912e-02 1.764022535749552520e-02 2.481200065075913480e-02 -1.071104991666583725e-02 7.571210932755664466e-03 -1.072005962428770193e-02 2.918218311944628749e-03 1.184597678735907836e-02 -1.804375598222131630e-02 -8.756286056583831648e-03 7.671127547226277987e-03 2.473961921063562094e-02 6.896322276267768947e-03 -8.480017453583729020e-03 3.260467558236739352e-03 2.070443864837290260e-02 -1.475423758825926239e-02 1.532660257681828057e-02 1.895135583837146906e-02 3.015286534660385417e-02 -3.122390021451209099e-02 2.349022063235785274e-02 1.969858361514409059e-02 2.549515916914115929e-02 2.774416984049441273e-02 2.998182104107121465e-02 8.023499210501479004e-03 5.118196658426679008e-02 2.154670495134607122e-02 2.828348220199791013e-02 3.763590801975841976e-02 1.084889271520732799e-02 3.554895812932750560e-02 8.681884182728470331e-03 2.298416594846943925e-02 1.997506041977763908e-02 3.727888733997924975e-02 1.455553218545686291e-02 1.846531555156021367e-02 2.137904281950099225e-02 3.377712504689386191e-02 1.113714890138752141e-02 8.731402264652837059e-03 3.726550738105720989e-02 2.335183878812467986e-02 1.365399249427142088e-02 1.123672109030365504e-02 8.520267973807863979e-03 7.814448927066262179e-03 1.712460139195434716e-02 1.168291783083878765e-02 1.026453272958468936e-02 5.924256064672573860e-03 2.600189659860195970e-02 1.556924129049222592e-03 -2.658554529706906588e-02 5.093173110038789163e-03 8.206051017389179303e-03 -1.651192470355110874e-03 -3.581692320439696948e-03 1.220655771737884712e-02 2.876175170622536411e-03 3.695885316005242255e-03 7.034440206103128798e-03 -1.676416233108984823e-03 8.188772623805920525e-03 1.341223070030758864e-02 -5.001987595850228806e-03 3.657494400920190125e-03 5.144113795372359625e-03 7.712776579746801961e-03 -6.786994737472702884e-03 2.179310129545744198e-03 7.440160191950810631e-03 -3.851190873050064963e-03 -3.449290967831091133e-03 3.949115687511881717e-02 1.618191931884261844e-02 1.006747544256668056e-02 1.209035479066253825e-02 1.698817807398537993e-02 1.967282706815433671e-02 1.913627915201764756e-02 2.007597200357626524e-02 7.187842797190140999e-03 8.136764871844743424e-03 2.844078227057100783e-02
1.425624358500884037e-01 1.000000000000000000e+00 8.406863517312103407e-02 1.731179474933465523e-01 9.100185236837556035e-02 5.755344781939887577e-02 1.808671024758691515e-01 1.387066550913835516e-01 1.938670743997603640e-01 1.732808757361975760e-01 1.588968306787387208e-01 1.507039167862110618e-01 1.329068817278350745e-01 1.168574279621981543e-01 1.663975763353696125e-01 1.535391917550074370e-01 1.637274094205019570e-01 1.793854827506134175e-01 1.455631394171995607e-01 1.944125537153307548e-01 1.681599268084386922e-01 1.678284521756734371e-01 1.808507251865558996e-01 1.964065349994190968e-01 1.671674461235547193e-01 1.771052146973194075e-01 1.836290341912550361e-01 1.632143679922629931e-01 1.798787040587123409e-01 1.539716129620036789e-01 1.602481934127622520e-01 1.733051816413103963e-01 1.281450911075500410e-01 1.361223858828600475e-01 1.186277318263916636e-01 1.301005980874252732e-01 1.523563657091721313e-01 1.454770149747658670e-01 1.297813211437161829e-01 1.501046117758709775e-01 1.576984533881049255e-01 1.474166644858038167e-01 1.384646771969046120e-01 1.489450564047720416e-01 1.570070197387605504e-01 1.332601287350711483e-01 1.477579686788817737e-01 1.580431431626441452e-01 1.675569753534683626e-01 1.146918991773353963e-01 1.586033064187400421e-01 1.378355400498424421e-01 1.540434294896375345e-01 1.631490282627421351e-01 1.705571863215022133e-01 1.556787073768346463e-01 1.670997531276632864e-01 1.556157529340159718e-01 1.610291870743302545e-01 1.626390046909273746e-01 1.448121516267597275e-01 1.655506336444160231e-01 1.506045134497181470e-01 1.564303272448090421e-01 1.529469947940653995e-01 1.645028716217308007e-01 1.520729419914169656e-01 1.570008440216441314e-01 1.596450719626135717e-01 1.730095865502811470e-01 1.516696706369235204e-01 1.518817844664600292e-01 1.707763924174424131e-01 1.625288128568424806e-01 1.550749860743121378e-01 1.488919118086559634e-01 1.535711957638954128e-01 1.567643732593637373e-01 1.573360763087041370e-01 1.537147163278789475e-01 1.521403869473446357e-01 1.490138529108283316e-01 1.581934220438090122e-01 1.411379202125176147e-01 1.205334539832331880e-01 1.460708793117880544e-01 1.481590244923949862e-01 1.444682743395619418e-01 1.390478323411920569e-01 1.499670580493329408e-01 1.440516795284331186e-01 1.433984907036594814e-01 1.504780064127137496e-01 1.418031980131251313e-01 1.472951415755551219e-01 1.513558948204671850e-01 1.259160923439174018e-01 1.296853654349951479e-01 1.399528546105539839e-01 1.455959415057042905e-01 1.349023823500475616e-01 1.380011587265645712e-01 1.445870837753005511e-01 1.377219300537088353e-01 1.372451204816082515e-01 1.566247057492029249e-01 1.522327870472389433e-01 1.497471900510170539e-01 1.529381757979963452e-01 1.515951079944169166e-01 1.554192147870482044e-01 1.506948052523392201e-01 1.512760934465465223e-01 1.411398854757379417e-01 1.422821714798341852e-01 1.553675202264969690e-01
5.071139505188794472e-02 8.406863517312103407e-02 1.000000000000000000e+00 3.827673639394188476e-01 2.161684926603087420e-01 2.609530265644391944e-01 4.010913106011802509e-01 3.676043789302700371e-01 3.635200115537800536e-01 3.603570391252503557e-01 3.735624962353233380e-01 3.916714904210198966e-01 3.698319868149213541e-01 3.043410692804762174e-01 4.060671305606080583e-01 4.078911233318658347e-01 3.751761102662451997e-01 3.928228662137218663e-01 4.065312937181398412e-01 3.585076984400764610e-01 4.276162364551513440e-01 4.179190643352427847e-01 4.132492603945724929e-01 4.184234230503776075e-01 4.168152086981907756e-01 4.153979999815689550e-01 4.016664666212863000e-01 4.203175246161028888e-01 4.213029070266053888e-01 4.216199339054172435e-01 4.168187361823729731e-01 4.302561379405127062e-01 4.116527504997859466e-01 4.215865533085278449e-01 4.076557799878924859e-01 4.049351521340603943e-01 4.089378619153587469e-01 4.144502056781257937e-01 4.107928351885952734e-01 4.188809871097735060e-01 4.150014656989092221e-01 4.152062507771266953e-01 4.177291617595995099e-01 4.142743043337154263e-01 4.190830321106756573e-01 4.140113045931488878e-01 4.048484331643624201e-01 4.111808659003309274e-01 4.186135564103067308e-01 4.087854964122125123e-01 4.182166646588955650e-01 4.095510491515803042e-01 4.073275643216249242e-01 4.077985095640244695e-01 4.179265021028782945e-01 4.219306368622906533e-01 4.153252928861932980e-01 4.098530796012901933e-01 4.120177884687346581e-01 4.092001920256301828e-01 4.095695447108200216e-01 4.093859131214361291e-01 4.072056958677975347e-01 4.101379082523560204e-01 4.106861198283687231e-01 4.141112749655302960e-01 4.105177635525560365e-01 4.155867256345772143e-01 4.164991976447928179e-01 4.196844365901363783e-01 4.170319794932692004e-01 4.151662704302636620e-01 4.202053552136189030e-01 4.204540198553576857e-01 4.139249893791400181e-01 4.080665919842960676e-01 4.115712762308305073e-01 4.130591583117697030e-01 4.150016898337777205e-01 4.139999974578496000e-01 4.156285046893259949e-01 4.108023128433346827e-01 4.223503196909517698e-01 4.142630037350302219e-01 4.100606222986656335e-01 4.206941321564078851e-01 4.158879910489566845e-01 4.140652302908254256e-01 4.113515308772525692e-01 4.184514083398461759e-01 4.131608275442656963e-01 4.107646005285813806e-01 4.118134181221572709e-01 4.132178740968037722e-01 4.074255179905907354e-01 4.097434317864498965e-01 4.141412362253500956e-01 4.143802443426906068e-01 4.130056593772589157e-01 4.135987532448812676e-01 4.105632503423761737e-01 4.126664233769420376e-01 4.114932162684667993e-01 4.092928188287563440e-01 4.109970537086230502e-01 4.191425596977096379e-01 4.169255072932229189e-01 4.112520750130886360e-01 4.165501000329410730e-01 4.110343741190776723e-01 4.138322378100799948e-01 4.100408675682116200e-01 4.106306064528479349e-01 4.102119495570807906e-01 4.096969556858622297e-01 4.125922821350246905e-01
8.327899221306231392e-02 1.731179474933465523e-01 3.827673639394188476e-01 1.000000000000000000e+00 3.709308032186025561e-01 3.197483343253102461e-01 6.164003124567369873e-01 5.903675370020440294e-01 5.806987145535140726e-01 5.318035584331073373e-01 5.951551864425196348e-01 6.402244670093257817e-01 5.723445155777848736e-01 4.494351598187266705e-01 6.305913414282590113e-01 6.440555058356461915e-01 5.750181739383559698e-01 6.360883058081864272e-01 6.147800577289607160e-01 6.008762875392849034e-01 6.718028468740081527e-01 6.468897613335474750e-01 6.417251424281676941e-01 6.550774127024755478e-01 6.413451435807325796e-01 6.391571033127474433e-01 6.155512712816295640e-01 6.227196702531051509e-01 6.354821976730944399e-01 6.306344432432544611e-01 6.384479507540405940e-01 6.579186134136822961e-01 5.964216286218446683e-01 6.460620896405169233e-01 5.842197632833343590e-01 6.094388621086010982e-01 6.346615992120204774e-01 6.261815652395124054e-01 6.187274894850581797e-01 6.234222110629410452e-01 6.340096159969680345e-01 6.305177709764495653e-01 6.351601369990449442e-01 6.310615721906550624e-01 6.378758121921722646e-01 6.147190696771617224e-01 6.191710819906381946e-01 6.268558662760296274e-01 6.504760214005727015e-01 6.193959563171091975e-01 6.507495568527644769e-01 6.277481787475576169e-01 6.299483469083170251e-01 6.298865104648181390e-01 6.499294387665119910e-01 6.460428235434866329e-01 6.542139794223651439e-01 6.306686974359591025e-01 6.404808028231523398e-01 6.300457956191790609e-01 6.405303574975280689e-01 6.312168541666119959e-01 6.345928997476372180e-01 6.329840142280429571e-01 6.251434901069903294e-01 6.386425667993455013e-01 6.215351608348905765e-01 6.352927834158947906e-01 6.390024016676257856e-01 6.533060006934128250e-01 6.392019113034616007e-01 6.319336811476258253e-01 6.479995071810936702e-01 6.429940631066424217e-01 6.354534980112687137e-01 6.233024511313349780e-01 6.296333765218655731e-01 6.356698527637560936e-01 6.350191716842751299e-01 6.326209021803452792e-01 6.318883111315839463e-01 6.264388999740428954e-01 6.459610085776462673e-01 6.272212014414233483e-01 6.240382565840798534e-01 6.406267119378878938e-01 6.318483513075259239e-01 6.278634505996883997e-01 6.269093211209668670e-01 6.337633456533859899e-01 6.251542893346945240e-01 6.238086185030103925e-01 6.259499074944023800e-01 6.251682907003917045e-01 6.217408616934299026e-01 6.240410052089766513e-01 6.310766660363690272e-01 6.391516007443762692e-01 6.339653512782545963e-01 6.336522380262631371e-01 6.271141158525239678e-01 6.337861418286377946e-01 6.243172079960809251e-01 6.214399900285486611e-01 6.266154453484306108e-01 6.445988295993366757e-01 6.397641304338792523e-01 6.229188828652146848e-01 6.340894691529549432e-01 6.273687872527609066e-01 6.332617447353560136e-01 6.266576846878316731e-01 6.280392495639683936e-01 6.275826124304673126e-01 6.241549103646738539e-01 6.327913414020677196e-01
5.879444162835147092e-02 9.100185236837556035e-02 2.161684926603087420e-01 3.709308032186025561e-01 1.000000000000000000e+00 3.045649818393974528e-01 4.714545414458362060e-01 4.472085820970049252e-01 4.477017747250423008e-01 4.160214655029571551e-01 4.655422403034809031e-01 4.991608653810843399e-01 4.814870612234626868e-01 3.688386114984907316e-01 5.095068135966036582e-01 4.874023951275921474e-01 4.480497929680781755e-01 4.774245064966423646e-01 4.852651683635857416e-01 4.335008407361231053e-01 5.084062598477068207e-01 5.045981108079379274e-01 4.846038900332436117e-01 4.805138010694295914e-01 4.930178657303902479e-01 5.076150636094726165e-01 4.838107282075078674e-01 5.037618789585783796e-01 4.996243429124551105e-01 4.995873843719987883e-01 5.070793428409055004e-01 5.053781340837601999e-01 4.738637304457225530e-01 5.010912129083471278e-01 4.769796802601977692e-01 4.861329398237495547e-01 5.020684678521593058e-01 4.968338896425018580e-01 5.011057482099676719e-01 4.745484370930173057e-01 5.003415947503181416e-01 4.985177306299734545e-01 5.022145193532709939e-01 5.069834891429321200e-01 5.062859862772619568e-01 5.005427827430586341e-01 4.911755853416108208e-01 4.984896039199911977e-01 5.003937444309505267e-01 4.921542469064392189e-01 4.931332967678509482e-01 5.036001473553706198e-01 4.947549921963084740e-01 4.936031240807070564e-01 4.985765023190216194e-01 5.024226941909326616e-01 4.890469167115303883e-01 4.981238354065280483e-01 4.885080745556060200e-01 4.943301125191646994e-01 5.031593116493517925e-01 4.897351203089819194e-01 4.946832737090184895e-01 4.966512841430058001e-01 4.986938481097031861e-01 4.970947831176649734e-01 4.973814911974944186e-01 5.052680083467656624e-01 5.052795950677271275e-01 5.062270849535014383e-01 5.086642442890119131e-01 5.054659261070855170e-01 4.981776013792759139e-01 5.056747616354445585e-01 5.095138901354936412e-01 5.007372057668744159e-01 4.980145330087281108e-01 5.045948097945580635e-01 5.059087352807285498e-01 5.036043607499601782e-01 5.042384420406894607e-01 5.026028182201746075e-01 5.112758492139725108e-01 5.045814667202247472e-01 5.070964577357779390e-01 5.088733499319595399e-01 5.017590553090642835e-01 5.021000436309410730e-01 5.046307123398079408e-01 5.050217380395319866e-01 4.947788690330711114e-01 5.014711225096878389e-01 4.991450093143562361e-01 5.055841523165198748e-01 4.991752712584138219e-01 5.010594792403829656e-01 5.018197488060162081e-01 5.062010700101866600e-01 5.062742686555824490e-01 5.008482778697802562e-01 5.035035404032696116e-01 5.043810651364315500e-01 5.047703740276942019e-01 5.005928891806383785e-01 5.066086815461000592e-01 5.017067999586076743e-01 5.054864210585258144e-01 5.000981307586429558e-01 5.064374728707341511e-01 5.017318790539716522e-01 4.967794524064402251e-01 4.998378582683521976e-01 4.969941265585893775e-01 5.024622025753444632e-01 5.027492459148547033e-01 4.997561703528564658e-01
-1.454286525030980444e-02 5.755344781939887577e-02 2.609530265644391944e-01 3.197483343253102461e-01 3.045649818393974528e-01 1.000000000000000000e+00 4.888065980546387745e-01 4.450981324809611950e-01 4.704366206634529313e-01 4.434129119688548504e-01 4.796731191634288072e-01 5.072805408589274867e-01 4.786067944577356847e-01 3.959134900147685543e-01 5.183653119227523698e-01 5.138953505858993021e-01 4.778481021194848077e-01 4.716523451414097456e-01 4.986606416570553701e-01 3.616033508639148741e-01 4.848231872378764296e-01 4.990923665349285554e-01 4.720699065542246498e-01 4.587860396784834704e-01 4.955950036950485527e-01 5.107929688271649615e-01 5.108765923611557902e-01 5.129768865997731409e-01 5.029513564605417875e-01 5.301091727022547717e-01 5.371972550798610468e-01 5.206720416353189940e-01 5.040902138934402199e-01 5.131558275618591791e-01 4.921481568204023049e-01 5.161719134376495655e-01 5.232447019289291346e-01 5.337129755162697275e-01 5.308841991484608558e-01 5.174801751459927601e-01 5.343758827724377491e-01 5.363939373724546655e-01 5.231839980584872540e-01 5.384121531340460010e-01 5.341039527390938346e-01 5.356295677833681212e-01 5.385891237840243484e-01 5.364815911323280728e-01 5.274824768134344088e-01 5.133228159283510506e-01 5.289973361137199070e-01 5.240738902651926878e-01 5.255450110206300041e-01 5.320778086658581874e-01 5.259760236954217349e-01 5.288571019764122250e-01 5.182746344744242339e-01 5.321621321077508737e-01 5.292814671446525177e-01 5.307190620452434393e-01 5.310318686859908377e-01 5.296339231997679864e-01 5.295582950580710602e-01 5.331335607771180429e-01 5.349086083598806329e-01 5.312532342655855722e-01 5.388450546474563563e-01 5.333807275502604472e-01 5.328757740714367142e-01 5.278402354723066292e-01 5.334408938454975324e-01 5.365825720002996846e-01 5.262205285850979353e-01 5.326382928616748558e-01 5.381691543843022396e-01 5.346191699192996971e-01 5.342377289684970831e-01 5.362454489570080973e-01 5.391528859384825401e-01 5.389488557761220600e-01 5.401289954560531958e-01 5.400804959935096017e-01 5.330843064886549021e-01 5.382058879561767428e-01 5.310285380828481117e-01 5.350557739682526570e-01 5.383736230221085606e-01 5.395125297015983534e-01 5.419970448946811459e-01 5.367439546983928667e-01 5.374509381220951010e-01 5.416982477586594902e-01 5.379410138267222141e-01 5.417296049608394393e-01 5.403948822729645052e-01 5.398630967851304474e-01 5.320080247413212504e-01 5.278884900698529448e-01 5.385384975008070674e-01 5.392893570230705702e-01 5.386554106678310694e-01 5.351935273191068543e-01 5.367973444722512477e-01 5.414397993677123599e-01 5.401863998091107621e-01 5.280943998545242213e-01 5.347775439447203238e-01 5.396990230588079029e-01 5.375791779490819433e-01 5.378878100657912276e-01 5.361445442100416514e-01 5.385566317610723797e-01 5.369286559077403043e-01 5.378578866237407885e-01 5.373134672388251154e-01 5.342119201791349914e-01
4.320536053089767126e-02 1.808671024758691515e-01 4.010913106011802509e-01 6.164003124567369873e-01 4.714545414458362060e-01 4.888065980546387745e-01 1.000000000000000000e+00 7.260321685137108849e-01 7.532154401418394984e-01 6.953802447256201003e-01 7.850623508767746728e-01 8.147332142099343866e-01 7.518295883543322233e-01 6.144708131134017925e-01 8.444308836257602424e-01 8.164132536811767871e-01 7.607968569839445028e-01 7.853383221154621729e-01 7.972652042540356865e-01 6.967831715887690125e-01 8.085767575756551695e-01 8.106218385644163860e-01 7.960863520257027703e-01 7.914442264968378771e-01 8.077335556504928737e-01 8.326555141483255040e-01 8.214965977230372918e-01 8.346429746944415973e-01 8.223861401244473290e-01 8.297138236972824155e-01 8.420082772815401517e-01 8.475316160334710469e-01 8.024438361011471121e-01 8.276681278153373844e-01 7.759059207776473066e-01 8.151848480705858879e-01 8.334596370993634373e-01 8.371567849147539819e-01 8.243560264622611378e-01 8.320865432243782500e-01 8.372284786008529212e-01 8.427930749592352777e-01 8.416898167613818815e-01 8.383161640044387575e-01 8.396406558286449995e-01 8.321726765797132774e-01 8.276468384624618979e-01 8.312479503888540178e-01 8.390092530008925742e-01 8.125685010002364761e-01 8.431099417508302052e-01 8.188871805873200183e-01 8.243406196223572735e-01 8.284659379725782813e-01 8.339768058888840097e-01 8.409608301900390881e-01 8.263892545279132307e-01 8.278759655023162356e-01 8.329413633969939834e-01 8.285947696006836782e-01 8.370522803311024607e-01 8.264771654692244507e-01 8.310845584978282519e-01 8.339377924951887344e-01 8.257593251131800649e-01 8.304729622420292667e-01 8.304759880612644363e-01 8.390262047449251748e-01 8.407134405570513280e-01 8.427797252436386444e-01 8.394345612043617733e-01 8.364865292870765634e-01 8.367937802885543341e-01 8.406927055239131752e-01 8.432874398950124251e-01 8.353153944783540119e-01 8.444537867023627076e-01 8.410613215390869701e-01 8.418034624500083662e-01 8.402741935923795369e-01 8.409528528329824892e-01 8.374809216240947096e-01 8.468750866390090115e-01 8.372695965708395471e-01 8.290675411272491191e-01 8.436271174638209080e-01 8.425265174969980286e-01 8.391803582645346316e-01 8.363528398789337182e-01 8.408556500227780672e-01 8.433583503531659753e-01 8.379837755880452654e-01 8.382978184946974221e-01 8.396058859087366377e-01 8.340710285996085771e-01 8.332816778652190060e-01 8.295299362813375321e-01 8.285538870157643787e-01 8.361957030789449741e-01 8.407783394326310278e-01 8.388650915060860136e-01 8.361290116793161920e-01 8.333356515251484353e-01 8.333927996506890201e-01 8.355476066840449301e-01 8.303828202014410520e-01 8.388373703423934735e-01 8.332279760907541633e-01 8.407915587900853804e-01 8.332308099222074382e-01 8.369892864332869609e-01 8.321182575439340923e-01 8.335217159918413277e-01 8.332327664162096914e-01 8.336841859236922003e-01 8.339556985379230625e-01
4.510448953163099378e-02 1.387066550913835516e-01 3.676043789302700371e-01 5.903675370020440294e-01 4.472085820970049252e-01 4.450981324809611950e-01 7.260321685137108849e-01 1.000000000000000000e+00 7.091497087777512975e-01 6.699593165246868764e-01 7.514874402611545490e-01 7.761591268781518060e-01 7.237401344718071838e-01 5.829284078525769353e-01 7.933320722730244912e-01 8.034134794386179612e-01 7.160088351254594308e-01 7.436634853984145366e-01 7.556741036495030484e-01 6.671376896622448482e-01 7.710302657621174172e-01 7.755870803038807937e-01 7.537714294404839199e-01 7.527492793723430387e-01 7.709933804561983628e-01 7.889123178640312650e-01 7.685591986565997180e-01 7.712280789561111183e-01 7.613251891985118869e-01 7.862495328913419179e-01 7.953157480364914100e-01 7.981175439821929229e-01 7.438116539330101862e-01 7.915057215622620657e-01 7.380379878028232588e-01 7.691151358318119025e-01 7.865430416702775540e-01 7.909908830740763896e-01 7.823583352319651851e-01 7.727593303635011956e-01 7.959559280580786877e-01 7.974023395033534856e-01 7.928811768186748710e-01 7.985297820410530711e-01 7.908382865307008736e-01 7.869545469357791534e-01 7.908309557336322682e-01 7.962001287585038778e-01 8.085520916978963246e-01 7.826044023320777310e-01 8.041342915021221227e-01 7.933625451106239845e-01 7.896010765992835800e-01 7.937810917236384212e-01 8.080566460818409125e-01 8.037962983832465103e-01 8.038451060141387217e-01 8.005804071687683265e-01 8.008426297494387613e-01 7.935229438291584447e-01 8.035950657200647829e-01 7.951379827087432517e-01 8.056824346300910378e-01 7.954633064828176003e-01 7.890042865497131075e-01 7.976549411995215166e-01 7.897903453365262560e-01 7.980140535394311119e-01 8.025795555211072685e-01 8.023630697471149098e-01 8.007496600211934101e-01 7.979237738711696393e-01 7.967520408707203794e-01 7.999395714115900002e-01 8.003981665916668486e-01 7.927353910899236356e-01 7.902823441187480924e-01 7.901956493786451707e-01 7.970883867449402027e-01 7.970959982133583033e-01 7.949416733163127136e-01 7.964343985557068573e-01 8.078145052494031253e-01 7.941077013018849051e-01 7.942254459244428855e-01 8.044982249571470678e-01 7.949125635465340567e-01 7.983481275332348082e-01 7.978681931663076377e-01 8.000291021425546267e-01 7.923547740823293495e-01 7.963701615573337556e-01 7.975265781364921924e-01 7.951426162392394303e-01 7.964071914946433406e-01 7.952870150342701283e-01 8.037867714830738697e-01 8.057915381271544275e-01 8.059646954926045215e-01 8.017680907591738793e-01 7.993802443036934768e-01 8.074025112944308580e-01 7.964566608596206354e-01 7.962034172155586509e-01 7.986394227836791648e-01 8.075519518949352271e-01 8.064916116949768510e-01 7.959967141453880846e-01 8.042252633995686795e-01 7.979746808421842585e-01 8.030687396994034000e-01 7.972457881379174660e-01 7.965000318763437726e-01 8.005082821965734396e-01 7.945351080139380073e-01 7.992728184588094864e-01
8.337441138597581625e-02 1.938670743997603640e-01 3.635200115537800536e-01 5.806987145535140726e-01 4.477017747250423008e-01 4.704366206634529313e-01 7.532154401418394984e-01 7.091497087777512975e-01 1.000000000000000000e+00 7.423166361973682070e-01 8.047464021622194874e-01 8.325116042152522766e-01 7.663910166016626446e-01 6.272767878083373994e-01 8.378927184500015724e-01 8.328294636746282897e-01 8.049474493435551103e-01 8.057155243484761531e-01 8.245073343300933777e-01 6.977906396319635274e-01 7.910461933049529604e-01 8.088604650596663559e-01 7.896868517930761833e-01 8.023220583909915771e-01 8.223090861656537909e-01 8.411612545727339407e-01 8.341425759685990871e-01 8.202043918430385050e-01 7.904281567525976993e-01 8.468304560261227243e-01 8.670599384674818610e-01 8.479507076294939827e-01 7.764385297543270337e-01 8.173514770146067532e-01 7.546561118321449824e-01 8.191827473942360216e-01 8.431036344822175899e-01 8.348150325718822762e-01 8.385003133405831699e-01 8.247791159716617582e-01 8.703379734762065612e-01 8.584850339686492804e-01 8.362105853352690410e-01 8.644379069032315233e-01 8.641283406218951413e-01 8.440459653253344907e-01 8.767896136931421225e-01 8.800563957904224965e-01 8.714452912637752346e-01 7.988336987316817517e-01 8.718632216130290935e-01 8.476268052791823271e-01 8.710622041812955407e-01 8.836114287390786082e-01 8.778046004493668120e-01 8.539602089135294172e-01 8.791081736886513509e-01 8.775412841978139644e-01 8.812684179447275445e-01 8.871809718033800696e-01 8.674252912043782793e-01 8.860014576864823077e-01 8.687185458141056804e-01 8.766471073567225769e-01 8.722836956664064001e-01 8.838578534548557908e-01 8.737172485669313371e-01 8.738384333526568737e-01 8.756681431210752153e-01 8.739855213571471326e-01 8.672980842761641718e-01 8.709807160489498878e-01 8.763525539478104198e-01 8.714305307013169299e-01 8.725250930584397269e-01 8.709097029044982063e-01 8.646585398411305023e-01 8.539626922595681124e-01 8.699380045544331530e-01 8.748082435299693316e-01 8.703854830784983898e-01 8.723738901094548748e-01 8.717124924616783677e-01 8.602900259349941514e-01 8.283950584897126213e-01 8.617619625760641888e-01 8.631836934385729299e-01 8.668441462319143032e-01 8.646855182457177103e-01 8.681244646676107291e-01 8.624646630671791714e-01 8.690567888193525548e-01 8.725639489527614590e-01 8.675195141450570135e-01 8.749058554597729520e-01 8.763592979721059884e-01 8.436665367372699897e-01 8.489416322095217904e-01 8.662168970803079127e-01 8.713902592324573870e-01 8.571015323938356856e-01 8.641374860490784737e-01 8.704112208336280965e-01 8.678322814691037390e-01 8.634474607574411653e-01 8.770432563773278289e-01 8.751252946707108737e-01 8.744207001382988675e-01 8.745356732322538962e-01 8.770900322713891528e-01 8.788720033978494328e-01 8.805470137187042523e-01 8.809049888857161115e-01 8.709652487473648064e-01 8.720800961809070939e-01 8.806451211066811391e-01
3.810701485352378098e-02 1.732808757361975760e-01 3.603570391252503557e-01 5.318035584331073373e-01 4.160214655029571551e-01 4.434129119688548504e-01 6.953802447256201003e-01 6.699593165246868764e-01 7.423166361973682070e-01 1.000000000000000000e+00 7.572465126113092637e-01 7.820909643080662388e-01 7.219080573974455683e-01 5.895167210164877769e-01 7.888787560653262032e-01 7.798525642741758190e-01 7.364009614640057988e-01 7.417974230425461446e-01 7.552070090769115174e-01 6.046808308760921458e-01 7.411289562590283042e-01 7.583265891588678587e-01 7.583519582029911721e-01 7.346605355355765310e-01 7.650675136726704517e-01 7.773114542900803059e-01 7.835709281885694377e-01 7.846613983167812778e-01 7.527654866426243263e-01 7.951244364382918928e-01 8.090148034093681551e-01 8.002746910726518115e-01 7.561259792332031271e-01 7.777145788889761047e-01 7.351075785731169265e-01 7.846538112099780138e-01 7.961890407348753973e-01 7.920833583408495304e-01 7.985373073159059976e-01 7.867480274641198701e-01 8.092096137322769556e-01 8.106820002843475592e-01 7.988265175723264777e-01 8.115895428050460270e-01 8.085707957218342123e-01 8.041659386629194106e-01 8.092331043645170086e-01 8.155764099494019481e-01 8.046764034005476907e-01 7.602549709972528102e-01 8.058889503618279493e-01 7.973872506992721876e-01 8.038015414248089741e-01 8.121343206320169594e-01 8.060414300300196011e-01 8.058078109902302444e-01 7.991200445259002416e-01 8.117198426356003749e-01 8.068512744787061930e-01 8.117543557823224676e-01 8.071998566008762310e-01 8.117626264868536001e-01 8.069762485455111989e-01 8.110658659290829187e-01 8.063747208455238624e-01 8.121240450852100778e-01 8.112479123454895413e-01 8.139295776499524404e-01 8.132438094218671365e-01 8.071134714704913948e-01 8.106157744219355532e-01 8.108342930642872259e-01 8.060509888938551804e-01 8.093578094206346218e-01 8.123418231266845702e-01 8.146628780220388499e-01 8.108652569356371576e-01 8.037622470333722902e-01 8.129739113918492688e-01 8.133535421392219522e-01 8.119497624443905437e-01 8.133309215639406009e-01 8.152061044169007786e-01 8.089737769130233014e-01 7.866965941175613208e-01 8.068408081208398031e-01 8.124205048193926526e-01 8.124439320388135988e-01 8.121823530013247971e-01 8.123127277669615065e-01 8.122835783772494045e-01 8.132710277572726687e-01 8.139127173536137017e-01 8.139382874671604595e-01 8.131557507749077596e-01 8.160780329643213538e-01 7.906135615623245405e-01 7.916700284701665424e-01 8.071920533344527637e-01 8.116749310785567051e-01 8.083765230996055040e-01 8.036138671944952350e-01 8.103479029778521969e-01 8.112697430223678730e-01 8.102654157597334317e-01 8.060148513393025071e-01 8.099743829229167913e-01 8.154914963773389758e-01 8.145867234781907218e-01 8.138980528446333462e-01 8.133674365915468663e-01 8.143609038040036108e-01 8.140444793720974515e-01 8.105446379309092508e-01 8.124556375481832848e-01 8.134185328233165535e-01
2.174117434058485399e-02 1.588968306787387208e-01 3.735624962353233380e-01 5.951551864425196348e-01 4.655422403034809031e-01 4.796731191634288072e-01 7.850623508767746728e-01 7.514874402611545490e-01 8.047464021622194874e-01 7.572465126113092637e-01 1.000000000000000000e+00 8.764953171538951704e-01 8.047548252564843407e-01 6.585391454066118477e-01 8.847827079240700998e-01 8.761822708882378574e-01 8.191654282619751370e-01 8.179641398787652617e-01 8.524005060645005738e-01 7.138096790882341169e-01 8.337218652691460452e-01 8.595033590131686552e-01 8.260946981090879770e-01 8.169417140131526311e-01 8.543470023939060409e-01 8.693287184015648927e-01 8.722136797473432068e-01 8.725083975033327555e-01 8.435108254237988490e-01 8.914585465905799921e-01 9.066505714110839609e-01 8.978589474468663401e-01 8.513873070918310804e-01 8.830498971328049063e-01 8.400178282037904509e-01 8.821048787947607384e-01 8.944859639439382004e-01 8.962503890856040600e-01 8.955046089120293207e-01 8.838438440935668661e-01 9.007934680361147084e-01 9.053541000990946719e-01 9.006109491493773378e-01 9.086983127091409207e-01 9.041606048408588059e-01 8.971184170491535159e-01 9.077165915048330813e-01 9.097775979040342298e-01 9.062133992714025421e-01 8.747163650946103708e-01 9.104463601104050285e-01 8.962267020299212739e-01 8.983647779195943484e-01 9.076266312872210973e-01 9.060951226671111192e-01 9.051373225453822613e-01 8.991071807122960058e-01 9.085234382934644914e-01 9.067214181612937018e-01 9.089173213280569152e-01 9.117232831718226072e-01 9.072032035258378313e-01 9.093814911277326996e-01 9.085096838888879756e-01 9.046240260450961745e-01 9.084838449300041141e-01 9.105184886073570683e-01 9.116443826094530190e-01 9.116564391278215718e-01 9.063346686363406013e-01 9.111076007383038800e-01 9.115570603596117039e-01 9.028593307811257906e-01 9.072933084759003952e-01 9.110487801148419162e-01 9.125541409157076345e-01 9.091309163384146963e-01 9.020451923644314807e-01 9.087180952810013368e-01 9.106299949993700293e-01 9.126903010081515166e-01 9.126321424322367815e-01 9.125113712725917425e-01 9.105556293109637878e-01 8.964348488753376420e-01 9.119001250542164705e-01 9.128294134895792444e-01 9.133254087531852417e-01 9.132753839421552389e-01 9.116574336382951005e-01 9.134028459456765558e-01 9.134690270579034488e-01 9.127608740870891690e-01 9.131262126432820869e-01 9.129012168760863855e-01 9.135686680187689035e-01 9.006261867380220831e-01 9.004758892662760861e-01 9.121405325890771243e-01 9.141665189704312189e-01 9.133750905002787635e-01 9.100283855984595549e-01 9.088313351056011014e-01 9.133595198120360026e-01 9.112735502752435934e-01 9.058868890161820842e-01 9.133838966870715392e-01 9.129931625777241155e-01 9.141795657662673547e-01 9.123057643570853248e-01 9.135188025468921058e-01 9.129948887527919998e-01 9.131016427968600135e-01 9.131096594973494573e-01 9.117368267217638156e-01 9.111246422857819383e-01
2.342775110968107338e-02 1.507039167862110618e-01 3.916714904210198966e-01 6.402244670093257817e-01 4.991608653810843399e-01 5.072805408589274867e-01 8.147332142099343866e-01 7.761591268781518060e-01 8.325116042152522766e-01 7.820909643080662388e-01 8.764953171538951704e-01 1.000000000000000000e+00 8.275495311585263636e-01 6.903040218570518638e-01 9.136434931623025335e-01 9.109651395815296926e-01 8.471904772855932686e-01 8.564887382298235208e-01 8.887406230575495281e-01 7.322888097186200929e-01 8.706840211135112861e-01 8.875950459063469689e-01 8.653203172021300960e-01 8.606377290400553104e-01 8.920895772107675370e-01 9.075784655973639925e-01 9.000661331154103939e-01 8.991915727455254137e-01 8.762625944653916754e-01 9.186380732188202947e-01 9.378933730243098621e-01 9.301299625981432895e-01 8.718688998184120909e-01 9.145673741353784747e-01 8.565658149808668131e-01 9.087195302240406170e-01 9.250000220037422061e-01 9.250794504347781277e-01 9.257688477227644652e-01 9.040479550237582318e-01 9.352109354226069149e-01 9.359645919741613751e-01 9.267883436819313037e-01 9.395558714176867054e-01 9.335819827802297466e-01 9.296962840515241577e-01 9.399203954349483192e-01 9.417782235975127314e-01 9.365509093098731697e-01 9.043903892844784576e-01 9.387093936846304665e-01 9.286112828643157124e-01 9.318910638873101338e-01 9.391363106557290008e-01 9.369256067281251932e-01 9.325167847702512391e-01 9.300669684021054540e-01 9.406577263707258663e-01 9.364763534234086251e-01 9.394698919170086926e-01 9.442375976275002580e-01 9.359429907421018546e-01 9.357482470739332259e-01 9.370411164288430239e-01 9.361702539550765811e-01 9.394787240588617916e-01 9.411688390212826771e-01 9.442496972924775411e-01 9.446009973896911660e-01 9.399915833467569204e-01 9.443433346675124129e-01 9.439327514313312628e-01 9.366732948679529214e-01 9.423519913571749562e-01 9.442466666464576219e-01 9.419232714313475752e-01 9.394909314149108015e-01 9.360334204372842137e-01 9.421651509099258082e-01 9.428766203771815624e-01 9.445798446208429899e-01 9.451031630538835326e-01 9.453887912285550144e-01 9.382814993717278895e-01 9.269822588432479193e-01 9.439849827517611258e-01 9.420902262683255035e-01 9.444618417645442854e-01 9.435988425091541565e-01 9.433040179260018254e-01 9.402738418677962784e-01 9.450154466433988709e-01 9.433989854373883155e-01 9.441175275876023676e-01 9.438423305172179978e-01 9.445793141629982292e-01 9.307709903103577043e-01 9.336827954154451881e-01 9.441970156431351846e-01 9.444593143517020506e-01 9.433178856740682683e-01 9.435859127693442261e-01 9.422673578913632886e-01 9.437732201567751167e-01 9.443919858219410601e-01 9.380660176089546942e-01 9.450969428106771320e-01 9.435063502417163628e-01 9.454969871510728874e-01 9.440139364681435774e-01 9.432342285223024314e-01 9.441970447030061386e-01 9.432948528322765425e-01 9.448779711478295651e-01 9.433702299165023231e-01 9.438337131703378180e-01
2.802412815971642296e-02 1.329068817278350745e-01 3.698319868149213541e-01 5.723445155777848736e-01 4.814870612234626868e-01 4.786067944577356847e-01 7.518295883543322233e-01 7.237401344718071838e-01 7.663910166016626446e-01 7.219080573974455683e-01 8.047548252564843407e-01 8.275495311585263636e-01 1.000000000000000000e+00 6.381927427244737938e-01 8.459745879172918537e-01 8.373316440758800105e-01 7.780502167573624117e-01 7.829254930141452684e-01 8.168774640705466217e-01 6.685964439910492274e-01 7.937430102413102206e-01 8.214569297592599906e-01 7.934774956954969705e-01 7.748571907808962100e-01 8.157411135023211468e-01 8.345471001621457274e-01 8.237906118703981484e-01 8.270219296242794504e-01 8.038228957807268538e-01 8.454599034692822368e-01 8.633986678659263392e-01 8.543270798123753229e-01 8.028594961326981361e-01 8.437018190725433797e-01 7.979427661817295458e-01 8.384234999974479186e-01 8.495626016850500450e-01 8.497886518698433145e-01 8.585428421717148373e-01 8.234778403965478111e-01 8.590638243611941061e-01 8.609963862002297796e-01 8.557510935340796321e-01 8.647092665177974480e-01 8.580378832129261779e-01 8.585588677756399445e-01 8.649401220424124404e-01 8.674359231101747003e-01 8.604389764557200948e-01 8.373510403064857721e-01 8.594838685445517212e-01 8.615651424546670878e-01 8.577934457251108480e-01 8.632149449522255047e-01 8.583816531837017427e-01 8.566501890277253839e-01 8.536812940495277502e-01 8.633007843716972163e-01 8.556420138987984592e-01 8.638813499967065157e-01 8.697625965591843089e-01 8.601843358403981066e-01 8.617936629001234916e-01 8.637615255712399742e-01 8.648855986738976931e-01 8.643740041664557117e-01 8.662397433761758192e-01 8.676164869080381647e-01 8.685005931196707607e-01 8.609157383653446294e-01 8.678326637288288348e-01 8.691744230174972552e-01 8.569726316613398565e-01 8.634733919012496095e-01 8.693428402885119421e-01 8.675845236666878124e-01 8.632844578531770896e-01 8.579681008933389696e-01 8.657042990803492932e-01 8.672027072780399415e-01 8.681752336452873697e-01 8.699880299923392624e-01 8.726629020147028681e-01 8.670952520742308822e-01 8.601735405094710352e-01 8.707385886732486036e-01 8.675117436241697177e-01 8.701609911872444370e-01 8.722578172107251504e-01 8.679142211748976932e-01 8.640165225438272145e-01 8.698169333049785568e-01 8.695767436883420354e-01 8.695928238888173123e-01 8.705978675521766075e-01 8.707790215567819958e-01 8.610281596040377794e-01 8.662108227086744439e-01 8.729013899604324278e-01 8.708046344146740392e-01 8.716821437263606587e-01 8.712462972576526798e-01 8.700653932466108076e-01 8.713541232701754735e-01 8.728688343037288577e-01 8.670326967152910402e-01 8.703811905984647490e-01 8.720638990998016427e-01 8.721991826034358741e-01 8.713800673830021104e-01 8.680870279881848228e-01 8.712138601512027236e-01 8.696172067471864553e-01 8.728786352328035125e-01 8.708477647444111680e-01 8.703251064032649920e-01
