1.000000000000000000e+00 5.357557009797985631e-02 5.201538753121703190e-02 9.111747763825929491e-02 5.471482156355884224e-02 -1.014505083243002689e-02 4.095295777955276773e-02 6.402765841553413606e-02 9.497444629827496432e-02 2.452960541043797821e-02 4.319359278099828975e-02 2.560265435977717580e-02 3.129410027602373690e-02 2.870580468185082723e-02 1.012338440031801401e-02 2.874200327436583075e-02 5.955401518902172370e-02 1.474836188914361960e-02 1.090722318831909357e-02 -1.860307834231064369e-02 3.767235767674093766e-02 3.558887814383259601e-02 5.860522991412372290e-02 -8.644717033874890419e-03 1.291766962547741954e-02 4.340980792671268740e-02 3.025536045066478871e-02 6.295515366918473694e-03 2.813136946145648742e-02 4.149605799824669650e-02 1.789882676889370874e-02 4.758949845270300100e-02 5.005954986465214335e-02 6.092940023298581281e-02 4.421298330527610038e-02 8.029574792359570057e-02 3.023968434938593269e-02 2.551209236738307545e-02 3.660392442237347943e-02 1.398823531411528230e-02 3.391120590202033585e-03 1.039590631392432914e-02 3.396300648793945665e-02 1.932492545059505407e-02 3.029156399606724656e-02 2.054111762789309539e-03 1.337867249014783148e-02 8.859109651022704923e-03 3.452828888982962391e-02 5.982424681554178447e-02 3.526467407512440255e-02 7.223712324881031988e-02 2.262705736501106554e-02 3.629153694463921245e-03 1.701945008034953452e-02 1.784312310955330980e-02 5.536183809754111756e-02 -4.426712616540154615e-04 3.601544316041782514e-03 2.477046667398624669e-02 4.085870018028955192e-02 1.766076999107969031e-02 1.295342239251941543e-02 3.854699581297735267e-02 4.196081179854867921e-02 3.866026040836539196e-02 1.573955886887475758e-02 2.709814788501068317e-03 2.211712979950158225e-02 -5.645271671683855554e-03 8.588649815485077318e-03 1.161142734527949999e-02 -2.257471119108091055e-03 3.047778419388299815e-03 7.365786790369187667e-03 1.068042519508213654e-02 1.037715061869814211e-03 1.383620988064074818e-02 5.590012970877122726e-03 1.857711283849072803e-02 1.057287419970487884e-02 1.107789358624924544e-02 4.162930816318256844e-02 2.158960659402802892e-02 2.984971405531947064e-02 2.596767810119736050e-02 1.715733279287533913e-02 9.271932325268317579e-03 1.536056812345234536e-02 1.728510900242885909e-02 1.010368990989786442e-02 6.793280055190345848e-03 1.216851610285800238e-02 4.573868382389393618e-03 1.685857048157637407e-03 4.976135949663102950e-03 2.520745646111570079e-02 3.852324120677116936e-02 1.471025944803129593e-02 2.041587654841645408e-02 1.755259680022870986e-02 2.063426073836688995e-02 1.197310031360502604e-02 1.398387456307853376e-02 3.569500940781743237e-02 3.504081489779852648e-02 1.624161374546449765e-02 5.214146870592101246e-03 8.328259269592510824e-03 8.353481054818855459e-03 3.015474073289743390e-03 1.334908830039835750e-02 1.312992192017324242e-02 2.362564995946515520e-02 2.566540556211214380e-02 2.774172718710525565e-02
5.357557009797985631e-02 1.000000000000000000e+00 6.133695201089519461e-02 1.132429109748825102e-01 6.443147934991672043e-02 6.280081527663447516e-02 1.432987001894769352e-01 1.449762853698519371e-01 1.827753406505850942e-01 1.798660363102279058e-01 1.510284524409322149e-01 1.668575982422934867e-01 1.318859439075699969e-01 1.540630601923636545e-01 1.821065228275438319e-01 1.702609105306006620e-01 1.476604642099552389e-01 1.185416177911572944e-01 1.077274217784376514e-01 1.209371807976037244e-01 1.194077603248535763e-01 1.162126755981760517e-01 1.525474098910354348e-01 1.095393423514204462e-01 1.003992002041861897e-01 1.625348094384777287e-01 1.729589537835802271e-01 1.524287792276008413e-01 1.730558675189770856e-01 1.955678572670005999e-01 1.834892391623497709e-01 1.868011137586977344e-01 1.425232982504422985e-01 1.412708038547052236e-01 1.675988972584556147e-01 1.250588062120053523e-01 1.440349362784052178e-01 1.727297012654667452e-01 1.578663818944690544e-01 1.487421223345078980e-01 1.578341249384368761e-01 1.506054362036567396e-01 1.188603583220262383e-01 1.635618506833129704e-01 1.590556122670292449e-01 1.653007296337080378e-01 1.812637713070546219e-01 1.785871101306575892e-01 2.035278674346875094e-01 1.731040569851365341e-01 1.673320683347540583e-01 1.516669401121271132e-01 1.618666233752864836e-01 1.830969818717509967e-01 1.881092231539953363e-01 1.777145445052530359e-01 2.024732768409467643e-01 1.703079354537777312e-01 1.930778599141576568e-01 1.808706824799480861e-01 1.622502041557798980e-01 1.948625067195846328e-01 1.853635662822692154e-01 1.860541209400192464e-01 1.744015433634983347e-01 1.892581148312386663e-01 1.701190481837031865e-01 1.611423058834829114e-01 1.763417325978177685e-01 1.673337623070899893e-01 1.480958624533592338e-01 1.608889570590411877e-01 1.591525179068080942e-01 1.527941880912273565e-01 1.693853425403810120e-01 1.678724374491222249e-01 1.611070433466321727e-01 1.777983133605174071e-01 1.703044351144518687e-01 1.741323718727296466e-01 1.678383158966780253e-01 1.769344448752733223e-01 1.681546188142035991e-01 1.637883758919142230e-01 1.523152494790677713e-01 1.573408858151366663e-01 1.554271219368515144e-01 1.691306245232069572e-01 1.623409132124578047e-01 1.802694614622987745e-01 1.521692778550059744e-01 1.635604444568516946e-01 1.610226217262359094e-01 1.624568010868331636e-01 1.739561353478886463e-01 1.770070825740072129e-01 1.482539143595281717e-01 1.650566594933405296e-01 1.574716554870719265e-01 1.659786266455352544e-01 1.506929095221506421e-01 1.723340176173592531e-01 1.644812788309338303e-01 1.634552468841958539e-01 1.586527773385705831e-01 1.776320362651674367e-01 1.752451899448791706e-01 1.776472185527867287e-01 1.742107657213824434e-01 1.770209848736397917e-01 1.802719061277441304e-01 1.775383126658043598e-01 1.788201916230677258e-01 1.684882972110269272e-01 1.724343273004825539e-01 1.793832460723171762e-01
5.201538753121703190e-02 6.133695201089519461e-02 1.000000000000000000e+00 3.737632866700845713e-01 2.610764881644961344e-01 2.438135578906872603e-01 3.820384907539975394e-01 3.554914498636740916e-01 3.617084035253673169e-01 3.208005702208570620e-01 3.652939381766921456e-01 3.848299478221340886e-01 3.420138927677852658e-01 2.770295590746817416e-01 3.874819934877145600e-01 3.833074614645380906e-01 3.596859311920934665e-01 4.116549600615699300e-01 3.998135001756875084e-01 3.231319073393150165e-01 3.945072271063605474e-01 3.852250177412780419e-01 4.003978563145915159e-01 4.020651406310970510e-01 4.037839460785745960e-01 4.143462968053086004e-01 3.924303838610164741e-01 3.920227968463860790e-01 3.881295276983142695e-01 3.937610126524030973e-01 3.794219770905575828e-01 3.911968174201051474e-01 3.697492542207138078e-01 3.948964230564759870e-01 3.788647764432306331e-01 3.879400843886977590e-01 3.875591886861898816e-01 3.829793327977261130e-01 4.018758838994814786e-01 4.068943251466616284e-01 3.909049837986952047e-01 4.020227636899987855e-01 4.006179570056170869e-01 3.993836925808841865e-01 4.068256276530577420e-01 3.963409814439200485e-01 3.808129669766983638e-01 3.819495343054497005e-01 3.713686805848021022e-01 3.715614344974112471e-01 3.807747319329522484e-01 3.778375139823342832e-01 3.888009733414735103e-01 3.762581505801992909e-01 3.817799028201288025e-01 4.138433132445011875e-01 3.681833202446872511e-01 3.863535880502192987e-01 3.709600874044872154e-01 3.854650888273737364e-01 3.867337382508551080e-01 3.680701042917638444e-01 3.701313973810447244e-01 3.785572548700679718e-01 3.846193896946615842e-01 3.774025569579881889e-01 3.895688914295083460e-01 3.983931912669307351e-01 4.053312355969340142e-01 3.953714839995292052e-01 4.025942360374317186e-01 4.015003667884421423e-01 4.052840369782060304e-01 4.058679410276841981e-01 3.982432199349215107e-01 3.939040627065464317e-01 4.036758079727118531e-01 3.958292668670717607e-01 3.991728027167513182e-01 3.969383769587019328e-01 3.949277476876570381e-01 3.893033358917544207e-01 4.099399643206299015e-01 3.954020969218403070e-01 3.982558359068638643e-01 4.003050063681260484e-01 3.982202389142528443e-01 4.000969283913710095e-01 3.948457203048011954e-01 4.130274980740407109e-01 4.098717665030466306e-01 3.991099876548082070e-01 3.988297051822357608e-01 3.969908506405536719e-01 3.878218232462011250e-01 3.901568599710473206e-01 3.965865859089419132e-01 3.851602928232875644e-01 3.893237596618454588e-01 3.962306418589987556e-01 3.992980623558679554e-01 3.908494044901606457e-01 3.909789333466339722e-01 3.932747751266279512e-01 3.961182552316839800e-01 3.889130007520888999e-01 3.864091520959755943e-01 3.938943662345570362e-01 4.005247463327371582e-01 3.897348576697731160e-01 3.973369188174021849e-01 3.866619639513114159e-01 3.896145244986777834e-01 3.873782892555314161e-01 3.852202765430945419e-01 3.883416650808839132e-01
9.111747763825929491e-02 1.132429109748825102e-01 3.737632866700845713e-01 1.000000000000000000e+00 4.070822680210881561e-01 3.919699847217655297e-01 5.947725912342933796e-01 5.751464317468328868e-01 5.909777882806496185e-01 5.300586380098842865e-01 5.835788087032706128e-01 6.287457304088182042e-01 5.673494250905345426e-01 4.479883085649100094e-01 6.358929933351464836e-01 6.312155966489033654e-01 5.917202651219712894e-01 5.896505807685863410e-01 6.077152467298370109e-01 4.830590355657218282e-01 5.868935266410894025e-01 6.075542825636623956e-01 6.016241546533798168e-01 5.789747210371875008e-01 6.014411068878486866e-01 6.590569868975562073e-01 6.390015774012541838e-01 6.420831136018799734e-01 6.261335897126467653e-01 6.241256370229480988e-01 6.168979024280736301e-01 6.232875343805149848e-01 5.882427237733214298e-01 6.155925449239476599e-01 5.998243091449410036e-01 6.235062168642609981e-01 6.213860268193875935e-01 6.286138839682738899e-01 6.376001946818451449e-01 6.245345330350836610e-01 6.376588873362230014e-01 6.487165807716558374e-01 6.614634737495214134e-01 6.433079360997483453e-01 6.422122575266552280e-01 6.246100108819536700e-01 6.164464672630104447e-01 6.197035795087074694e-01 6.104423435098320638e-01 6.106481246021616682e-01 6.471688846629843894e-01 6.269377188824865055e-01 6.254714754865974280e-01 6.231638974588898927e-01 6.080323368017006569e-01 6.420205448928471004e-01 6.052176751511099129e-01 6.226049779957384400e-01 6.075338433030316176e-01 6.279764866876572649e-01 6.474708854831410232e-01 6.057662002461030593e-01 6.061674423733659500e-01 6.291856608965431530e-01 6.252108493511167042e-01 6.199994790424873115e-01 6.290292604321652270e-01 6.303996772307030039e-01 6.387801877730410194e-01 6.237186359006509084e-01 6.343502152415173567e-01 6.341316786289804552e-01 6.263450329268818173e-01 6.311679846881074196e-01 6.359186157130706230e-01 6.320266554455624686e-01 6.380667011062032268e-01 6.342596552202660609e-01 6.296864733319315066e-01 6.333736031776713293e-01 6.337631598195425653e-01 6.284778164514210896e-01 6.462169662509145152e-01 6.330278767907103754e-01 6.411546452464375045e-01 6.373190445250181968e-01 6.365934908197870001e-01 6.346852547563575087e-01 6.342124493283803899e-01 6.427520851713558470e-01 6.429506305346552875e-01 6.370131333757674819e-01 6.380457473144343084e-01 6.357476065992111458e-01 6.213539769784148792e-01 6.223808483086409327e-01 6.342310830671714639e-01 6.299551382407356792e-01 6.303728602223672706e-01 6.356981096875113924e-01 6.441727946523523318e-01 6.285354802769375082e-01 6.289944246883528711e-01 6.345359039849729488e-01 6.412140631444038785e-01 6.276065486999621301e-01 6.234910966968346679e-01 6.265023504969258195e-01 6.327192781310208014e-01 6.251764632929927012e-01 6.251388023278572348e-01 6.251013763088685282e-01 6.210930913283958521e-01 6.313227203520989095e-01 6.268094189549321404e-01 6.333528325426953653e-01
5.471482156355884224e-02 6.443147934991672043e-02 2.610764881644961344e-01 4.070822680210881561e-01 1.000000000000000000e+00 3.161908452460527319e-01 4.966016708955371950e-01 4.790896332727937468e-01 4.831403809426763063e-01 4.206186814476372549e-01 4.770872474441958944e-01 4.969577470552569154e-01 4.825371936923151805e-01 3.504913997239333945e-01 5.186396879145808159e-01 5.237271876310165553e-01 4.751996795359710868e-01 4.649581536380773539e-01 4.556071599659196059e-01 4.089433716151968934e-01 4.464514450717351757e-01 4.462596976441118857e-01 4.463212048433133905e-01 4.604163697491225893e-01 4.574133388209456474e-01 5.287373329530951072e-01 5.063982352372737861e-01 4.936109334380485714e-01 4.913691811558086320e-01 5.069596014949472318e-01 5.038562113982923973e-01 4.900189310866796544e-01 4.558297283726071014e-01 4.808072645460144123e-01 4.943057833115151456e-01 4.666196376313272998e-01 4.856877073264513900e-01 4.914248457275171567e-01 5.079173977507673854e-01 4.835294351377708022e-01 5.099585262447980938e-01 5.149447357802502401e-01 5.143805000766078495e-01 5.233408585988149619e-01 5.181998542787001893e-01 5.140626743411047528e-01 5.147142397045934015e-01 5.099254088871696400e-01 5.002449964368482771e-01 5.027450788375991131e-01 5.112147988581273728e-01 5.066783580533434916e-01 5.123822224053393715e-01 5.059071072518296353e-01 4.986661407345218122e-01 5.111107762251790865e-01 4.943333308017539562e-01 5.179034630379522053e-01 4.941244474520784524e-01 5.248988957093331242e-01 5.242083421319595482e-01 5.028710466087986664e-01 4.929265834062322438e-01 5.164626251311035254e-01 5.100909879162496274e-01 5.166177150646332761e-01 5.163636287777577660e-01 5.154642988987336860e-01 5.233351987431854591e-01 5.180575168399663699e-01 5.056972973593596432e-01 5.113591573574941540e-01 5.125440499718335596e-01 5.086739568252216515e-01 5.233100114187685392e-01 5.185062123711242643e-01 5.211641475934151169e-01 5.172430194514325841e-01 5.198183193181290518e-01 5.216559650163389295e-01 5.172019693998092249e-01 5.156715087434959877e-01 5.051133594146881567e-01 5.120768867183239648e-01 5.168246946796208885e-01 5.126729166047160335e-01 5.098403784245726378e-01 5.160644930767394056e-01 5.164657641141326971e-01 5.199857547979167549e-01 5.103661112709585446e-01 5.216133097486842507e-01 5.181754196623505893e-01 5.228084656924171236e-01 5.153879699771537481e-01 5.140901767893518715e-01 5.117506309077570759e-01 5.113832738055852367e-01 5.186604096811443521e-01 5.171549487613190665e-01 5.251776407802900559e-01 5.109296322618164243e-01 5.173786112797672532e-01 5.209245527395189868e-01 5.197853758770611954e-01 5.099565848378532218e-01 5.134770365106429146e-01 5.171113849765091031e-01 5.182417098673496314e-01 5.161456494551767138e-01 5.112117134685442155e-01 5.196115743666268605e-01 5.105199439851298981e-01 5.181870615456963813e-01 5.097181640006414050e-01 5.181551545165958839e-01
-1.014505083243002689e-02 6.280081527663447516e-02 2.438135578906872603e-01 3.919699847217655297e-01 3.161908452460527319e-01 1.000000000000000000e+00 5.436637470828408203e-01 4.859785564944301695e-01 5.155050861684151720e-01 4.986357756923935347e-01 5.276841517464491149e-01 5.590528397168517127e-01 5.241497497027193253e-01 4.166819653523763378e-01 5.709521565529975806e-01 5.677323857584563038e-01 5.305129657049152403e-01 5.124646179754753783e-01 5.463351658563215807e-01 4.267044776023428687e-01 4.848485978368483607e-01 5.182595453031545452e-01 5.087982889516866614e-01 5.233555448719953151e-01 5.222681603533503303e-01 5.759800497719979040e-01 5.710300508694630128e-01 5.928815672161085182e-01 5.579355690498236653e-01 5.520975337043767528e-01 5.763933116675294954e-01 5.498090450558180686e-01 5.275844873277237834e-01 5.270197159022237399e-01 5.418355073966468760e-01 4.967722842448987208e-01 5.572681667913157444e-01 5.770060057407228049e-01 5.604634250701545639e-01 5.587653822274843973e-01 6.096624178412571871e-01 6.039964031076492379e-01 5.936058153362153700e-01 5.805721759577644470e-01 5.780503989370799900e-01 5.775452800627063343e-01 5.790395939807323478e-01 5.872209829878892728e-01 5.642621726617995659e-01 5.338884793814198115e-01 5.916280431623932579e-01 5.331657963747297169e-01 5.720749031600094181e-01 5.868737287448282380e-01 5.528691736073588769e-01 5.785832411005377152e-01 5.310398621275609354e-01 5.827584389934619136e-01 5.786779272228801396e-01 5.714123771335609669e-01 5.790339035926014288e-01 5.607114654124245590e-01 5.607277695036572140e-01 5.684958794598914400e-01 5.586032305271081411e-01 5.558869589549979562e-01 5.800621005848580758e-01 5.820098430048755711e-01 5.789516377846787298e-01 5.755825484499992317e-01 5.786010243372422535e-01 5.829539063233439844e-01 5.767264694191618357e-01 5.821481438962976540e-01 5.873934001324516707e-01 5.868341618396637482e-01 5.902818297650200829e-01 5.843180826418630236e-01 5.858686346702426384e-01 5.800136530431261317e-01 5.821842639133905095e-01 5.834219366299767673e-01 5.680898457005868485e-01 5.772657167251254995e-01 5.714375863392853194e-01 5.719543018519218647e-01 5.781373985346864863e-01 5.847984836064054059e-01 5.818471433512942825e-01 5.862553511224360969e-01 5.890668562527050511e-01 5.915573591584288859e-01 5.881571161629413069e-01 5.885071145538193216e-01 5.881753034476574493e-01 5.883462446175283800e-01 5.751687360459418752e-01 5.615258615568421430e-01 5.810792625158124336e-01 5.822439883468409905e-01 5.843129325217849557e-01 5.765933273191888864e-01 5.822645387316958132e-01 5.835031833342170238e-01 5.703495895424464113e-01 5.651350572689448626e-01 5.788490044352363473e-01 5.870749749565511433e-01 5.859215991717309224e-01 5.840560141735757771e-01 5.866449261040855845e-01 5.799450505641369213e-01 5.797414366905188077e-01 5.755163552763187251e-01 5.699790837666606214e-01 5.783384300300683512e-01
4.095295777955276773e-02 1.432987001894769352e-01 3.820384907539975394e-01 5.947725912342933796e-01 4.966016708955371950e-01 5.436637470828408203e-01 1.000000000000000000e+00 7.327353853108088400e-01 7.307301882815389060e-01 6.787300679606736997e-01 7.592575127522455114e-01 8.088870314409155604e-01 7.405986789514551472e-01 5.848390376369427823e-01 8.324943599300917985e-01 7.958910638714762342e-01 7.328004856979549730e-01 7.490272636568768849e-01 7.672090689455104418e-01 6.467626304702817075e-01 7.153615182387875748e-01 7.429952790956043662e-01 7.459660811708296313e-01 7.442144860482416968e-01 7.591259759393791384e-01 8.340768722877691665e-01 8.267986986418899287e-01 8.239644384786652953e-01 8.127169369475257810e-01 8.234914158650928906e-01 8.221682469252070691e-01 7.830564814681764130e-01 7.545261536788021584e-01 7.653685028187905415e-01 7.834140007670636896e-01 7.363508601403647713e-01 7.966486837220538852e-01 7.986255524306304920e-01 8.168249229026545155e-01 8.056639764405798543e-01 8.223388810889099565e-01 8.359196097952930060e-01 8.027954295228193482e-01 8.397015973737527172e-01 8.309865257212413203e-01 8.351327087525730608e-01 8.208579522585174315e-01 8.222841395147328925e-01 7.945320517398036797e-01 7.780043274195849179e-01 8.080462235438745644e-01 7.724788564655866718e-01 8.172022467266962797e-01 8.065468656346173049e-01 7.930727574380160849e-01 8.361525646459162520e-01 7.707910851301240651e-01 8.176182790456304472e-01 8.004527639703483688e-01 8.205865807415324564e-01 8.201643943125782599e-01 7.937110042388950681e-01 7.862253421800030617e-01 8.010936444522743782e-01 8.001634827984741571e-01 8.012454216775880544e-01 8.238670115916476577e-01 8.256828582869665256e-01 8.307884767002863269e-01 8.246011051085339050e-01 8.220012684129750502e-01 8.293518262142713926e-01 8.220964287611285393e-01 8.306617584102192753e-01 8.411440079016185845e-01 8.380279538456323341e-01 8.478202765189319923e-01 8.400603272605891014e-01 8.418551459569845186e-01 8.336977896935184873e-01 8.332243958688978491e-01 8.323476679461264682e-01 8.183510009163007526e-01 8.255296699402134841e-01 8.220150755337407578e-01 8.193977598762733905e-01 8.253460850038494279e-01 8.357747449597222600e-01 8.276372432463356965e-01 8.409310168391417317e-01 8.429538133219750540e-01 8.386896073374882077e-01 8.371259526319166921e-01 8.412872016434611577e-01 8.268990173231588470e-01 8.287998829982212712e-01 8.159571963103117165e-01 8.049534953360736322e-01 8.243398996262463196e-01 8.300413985001353634e-01 8.331305358237094394e-01 8.184689031828690231e-01 8.270897418751913532e-01 8.317815364680365420e-01 8.179162258897199056e-01 8.063435141463723976e-01 8.202269499455764334e-01 8.308419046881666548e-01 8.341602910690376627e-01 8.266367050263498939e-01 8.307404163150575727e-01 8.247259797685660976e-01 8.203833892657022009e-01 8.191282213789546907e-01 8.115495049841292552e-01 8.202050955285108413e-01
6.402765841553413606e-02 1.449762853698519371e-01 3.554914498636740916e-01 5.751464317468328868e-01 4.790896332727937468e-01 4.859785564944301695e-01 7.327353853108088400e-01 1.000000000000000000e+00 7.452445237211414719e-01 6.958735619397156125e-01 7.631785481179723662e-01 8.120055434011693718e-01 7.356559299210281289e-01 6.141543560746081099e-01 8.145787759247309356e-01 8.152102829462447575e-01 7.427518696782162699e-01 7.465770174217664090e-01 7.573558268329567689e-01 6.370498957451510291e-01 7.395877629025540134e-01 7.500908232007897913e-01 7.164714630353464786e-01 7.271594427916143744e-01 7.466714642019275372e-01 8.164961161124367761e-01 8.015685706065416305e-01 7.700482909019195077e-01 7.993259335079034855e-01 8.158464840183879963e-01 8.211332247871080403e-01 7.988034678044834136e-01 7.526136500104740890e-01 7.800018071904873951e-01 7.911301256669578397e-01 7.592308831971567029e-01 7.776501403518347733e-01 8.072090516048271436e-01 8.220301821496558414e-01 7.954856578384216226e-01 8.000406475348271762e-01 8.128342281686783410e-01 7.980027127351964067e-01 8.381360333069600710e-01 8.240113650130586054e-01 8.295322536323387341e-01 8.334518496979844704e-01 8.266725500391723935e-01 8.223869166827777466e-01 8.201121126845993814e-01 8.200320220550946226e-01 8.005903753603756945e-01 8.246743427078407906e-01 8.148371990035886414e-01 8.198000425257763180e-01 8.299799256676393400e-01 8.203629139864685449e-01 8.285004034026108855e-01 8.121169813496212919e-01 8.381410800970883201e-01 8.390827605780860621e-01 8.254991637709285790e-01 8.164366589603916369e-01 8.325163262589238000e-01 8.286185113012154435e-01 8.314146226640576343e-01 8.347584475704135087e-01 8.357066481649800815e-01 8.398950828827150827e-01 8.279311965569035037e-01 8.310047788097058019e-01 8.377008537447624414e-01 8.244179310794086391e-01 8.298918369717172006e-01 8.399256161378699792e-01 8.355977870806796659e-01 8.306079114201816438e-01 8.359096798717315924e-01 8.343830175481234956e-01 8.342127921429273174e-01 8.342530503872445102e-01 8.372411902256226002e-01 8.209209007340481090e-01 8.316426579233073824e-01 8.395967533260954019e-01 8.320012292333228698e-01 8.224936978230011908e-01 8.406424738125444218e-01 8.358302042685348265e-01 8.361077018270984818e-01 8.267734042126101413e-01 8.393361552562237371e-01 8.379824707133396444e-01 8.397830548966709330e-01 8.357747990316674036e-01 8.360482900125988381e-01 8.391621056491262998e-01 8.367353739713245808e-01 8.418846054928833533e-01 8.423593866126223295e-01 8.414208877208529946e-01 8.415246960085522865e-01 8.357815056460174974e-01 8.433909999144175718e-01 8.393276261877776756e-01 8.365148320662462167e-01 8.393914784254387085e-01 8.367080238178276064e-01 8.382626659107913492e-01 8.365258163468964892e-01 8.358296761592358681e-01 8.380702265156313446e-01 8.398452853214931624e-01 8.412590244441938703e-01 8.310544371306164413e-01 8.370005762003682737e-01
9.497444629827496432e-02 1.827753406505850942e-01 3.617084035253673169e-01 5.909777882806496185e-01 4.831403809426763063e-01 5.155050861684151720e-01 7.307301882815389060e-01 7.452445237211414719e-01 1.000000000000000000e+00 7.501153650460319344e-01 8.019343001380833114e-01 8.483736721871795172e-01 7.707989712125860038e-01 6.157801466933386925e-01 8.572153380089698738e-01 8.592125667879060291e-01 8.004066816118715622e-01 7.492488431987534003e-01 7.851590795236603748e-01 6.274160146454175191e-01 7.398931156416482802e-01 7.596217302470948951e-01 7.442783313289101921e-01 7.242492729147782526e-01 7.330844183157972926e-01 8.586046954360294636e-01 8.450863475843128914e-01 8.244554833818463768e-01 8.243947711051139438e-01 8.453230792553247941e-01 8.596589437042163606e-01 8.529164564981507324e-01 7.794552158132614927e-01 8.046084170796288237e-01 8.254403182733379696e-01 7.899864513965760837e-01 8.131347048121214671e-01 8.643977786429793975e-01 8.502208059805951290e-01 8.170828501985208936e-01 8.698900705448447956e-01 8.658005399979060712e-01 8.638211721096071827e-01 8.688614879873194363e-01 8.566263076271803945e-01 8.548550434851494018e-01 8.749815459130839690e-01 8.853669567179752731e-01 8.839803366068934576e-01 8.520055603483176476e-01 8.895655123476954307e-01 8.440178769443630324e-01 8.619925248606937762e-01 8.855786252762186672e-01 8.694444627929145408e-01 8.642089014734847252e-01 8.784963659191468155e-01 8.789874868928587714e-01 8.815970109732553794e-01 8.836563743510145175e-01 8.883496369297924078e-01 8.826122981492506847e-01 8.744379077319369697e-01 8.909392049090909538e-01 8.763248729883894583e-01 8.832791527963179679e-01 8.745934573534233092e-01 8.661478013964813982e-01 8.708093305633054504e-01 8.576022273277134067e-01 8.572271911684813395e-01 8.679503861481884242e-01 8.510724854920942439e-01 8.542571445476003777e-01 8.740251410410828647e-01 8.754181507031471021e-01 8.545946633571550599e-01 8.681041437775188774e-01 8.632129390836900118e-01 8.759636785477913357e-01 8.680374230506495703e-01 8.758733186629433787e-01 8.566845326003721395e-01 8.672565267922834886e-01 8.624681629926308490e-01 8.618170658967436726e-01 8.592326312641750397e-01 8.694653193492237753e-01 8.706525579161136230e-01 8.703095563392490019e-01 8.514986290585958573e-01 8.701278684428046528e-01 8.721099281174183870e-01 8.702014759652185738e-01 8.741308429398813029e-01 8.762564182933691992e-01 8.649887179677233640e-01 8.717294395542908303e-01 8.709313457289304949e-01 8.703559045173763220e-01 8.717327925243387732e-01 8.764675662488925489e-01 8.748069823203968864e-01 8.758124522856727268e-01 8.763122219242752697e-01 8.779606074453801812e-01 8.761982959698479956e-01 8.750736045986626799e-01 8.733053826077243897e-01 8.758400807508598396e-01 8.711582970477401711e-01 8.789701927574394835e-01 8.774000622776292335e-01 8.772603173636345231e-01 8.762498253787024405e-01 8.826747884801747768e-01
2.452960541043797821e-02 1.798660363102279058e-01 3.208005702208570620e-01 5.300586380098842865e-01 4.206186814476372549e-01 4.986357756923935347e-01 6.787300679606736997e-01 6.958735619397156125e-01 7.501153650460319344e-01 1.000000000000000000e+00 7.530892669177658982e-01 7.848506213987098690e-01 7.115609943332622533e-01 5.758058450263456862e-01 7.918420607754527163e-01 7.797002946483084784e-01 7.453330065371805979e-01 6.882155711649233787e-01 7.304598751224233855e-01 5.906203167591733694e-01 6.700572719635361496e-01 7.033018315102921303e-01 6.951575833422256601e-01 6.849196735022821114e-01 6.904458395413373140e-01 7.897822674589309866e-01 7.937984122732790748e-01 7.701793986809972736e-01 7.670774161557644133e-01 7.944933645207874484e-01 8.136904268756585124e-01 7.891857133792187229e-01 7.245719681658226996e-01 7.439253555708889021e-01 7.644856946446182411e-01 7.204672699930693147e-01 7.700134665518373334e-01 7.949641555614784805e-01 7.923229024657875152e-01 7.712852454592676876e-01 8.037323378880807390e-01 8.055400655231291784e-01 7.671588857044008281e-01 8.103565419787781554e-01 8.018088903491477071e-01 8.065086618832720822e-01 8.207073242962884541e-01 8.250047895862556713e-01 8.210581259376374952e-01 7.841460325348533766e-01 8.086806685922642846e-01 7.690051074508259532e-01 8.077210003001240590e-01 8.160513483664276757e-01 8.018916166305813942e-01 8.129114304517890410e-01 8.044527616489908217e-01 8.164656271400846377e-01 8.182768394295117931e-01 8.199444848807041497e-01 8.101420107905882295e-01 8.155607663682598041e-01 8.021606893725076182e-01 8.200991408903990365e-01 8.124004902886858837e-01 8.168034812490250207e-01 8.217389569792542536e-01 8.119474835803051072e-01 8.166332717237592131e-01 8.070322176128705838e-01 7.989339933345229738e-01 8.149232190038632195e-01 7.984544009741546544e-01 8.026845263085984339e-01 8.233942227127279967e-01 8.233603710868488967e-01 8.124399336928042059e-01 8.195998803299964219e-01 8.193839318064983779e-01 8.215070404407782689e-01 8.179599825056911300e-01 8.248287078033648134e-01 8.047112286135748027e-01 8.107016554576300660e-01 8.007037848248558243e-01 8.053771893819987593e-01 8.091931390884834485e-01 8.193178358551038709e-01 8.179158377577737671e-01 8.200529115263951452e-01 8.052006979252984697e-01 8.201323631314815232e-01 8.187710633688306539e-01 8.195001992586483652e-01 8.236143735884162709e-01 8.254229059062154761e-01 8.028612139189129637e-01 8.074541779983239742e-01 8.122050892848065029e-01 8.177658650500190252e-01 8.117457536380220384e-01 8.186363910276038824e-01 8.179952207665868169e-01 8.188542525716323572e-01 8.137330618700130414e-01 8.151540240872707788e-01 8.208485160747782672e-01 8.238596294189828306e-01 8.209076449358354566e-01 8.237740537883067038e-01 8.223713454359000696e-01 8.237839147280385799e-01 8.227674709393759667e-01 8.185394372577413646e-01 8.185279501722082518e-01 8.233151216502372360e-01
4.319359278099828975e-02 1.510284524409322149e-01 3.652939381766921456e-01 5.835788087032706128e-01 4.770872474441958944e-01 5.276841517464491149e-01 7.592575127522455114e-01 7.631785481179723662e-01 8.019343001380833114e-01 7.530892669177658982e-01 1.000000000000000000e+00 8.715474068231022775e-01 7.764912677027639987e-01 6.417469181234439768e-01 8.720679064105901768e-01 8.526215848951916865e-01 8.087944123980917999e-01 7.838783553462558285e-01 8.269659991637552388e-01 6.518823754319860164e-01 7.613535814556190440e-01 7.960133540904265059e-01 7.961876940791817736e-01 7.849702807659701964e-01 7.897974307995662135e-01 8.653407835699292727e-01 8.585502499488497641e-01 8.502601628668559064e-01 8.450599252714424692e-01 8.730948781557730243e-01 8.924823075671506345e-01 8.742544454464545867e-01 8.328553308448666259e-01 8.486826756184019382e-01 8.614219491992146649e-01 8.191792012740051199e-01 8.633107571842847383e-01 8.692409095379780570e-01 8.837992060366175462e-01 8.692647737505655448e-01 8.716897192135855121e-01 8.860949105938074055e-01 8.591215909066192147e-01 8.938921090546234627e-01 8.927522341033724551e-01 8.898170175295974094e-01 8.971626214403847221e-01 8.966397932775213020e-01 8.781255838200577868e-01 8.624463390814748331e-01 8.788721923747185860e-01 8.473735323209596881e-01 8.810780502950502635e-01 8.776196148160139154e-01 8.642554789847510799e-01 8.942088032598053404e-01 8.671466908588836286e-01 8.861480424678520595e-01 8.774342667063892431e-01 8.933393370266864419e-01 8.887006935329373469e-01 8.790595486528842706e-01 8.686533464560138862e-01 8.895459626386359453e-01 8.838214572004343683e-01 8.850098208376557807e-01 9.031754105463483118e-01 8.975249652844329296e-01 9.031208267450601124e-01 8.851659882595622753e-01 8.905161125662774957e-01 9.011740229401105085e-01 8.897709744986243008e-01 8.940236777448604677e-01 9.033369551202493630e-01 9.032713928738996811e-01 8.977500832968828837e-01 8.987321874958122958e-01 8.994015218296411707e-01 8.998810231841321006e-01 9.004728512178056254e-01 9.031373604145751521e-01 8.935687336141109327e-01 8.981156832878383067e-01 8.928794546688759715e-01 8.985512341211551179e-01 8.973958868569530400e-01 9.020806761650802530e-01 9.045874701778960914e-01 9.020292635987283703e-01 8.989452094459442488e-01 9.036865951038093314e-01 9.043877180534563021e-01 9.032365239677213609e-01 9.018088596413110780e-01 9.041788331671364309e-01 8.910036354316857032e-01 8.842970321832072100e-01 8.965258271422216207e-01 9.004336102129409936e-01 9.016447463347033731e-01 8.967456443697144897e-01 8.998273116625983281e-01 9.025467414110949216e-01 8.964458616785252465e-01 8.888221631387817068e-01 8.980836932520406268e-01 9.026481500636112099e-01 8.994604876075403821e-01 9.002609245275672301e-01 8.992617736110247728e-01 9.016921745442526559e-01 8.985104111859057996e-01 8.994346392615532038e-01 8.960899194991617245e-01 8.974537615208239005e-01
2.560265435977717580e-02 1.668575982422934867e-01 3.848299478221340886e-01 6.287457304088182042e-01 4.969577470552569154e-01 5.590528397168517127e-01 8.088870314409155604e-01 8.120055434011693718e-01 8.483736721871795172e-01 7.848506213987098690e-01 8.715474068231022775e-01 1.000000000000000000e+00 8.284450463253162367e-01 6.756942311746386709e-01 9.226588723235548128e-01 9.135917127562217521e-01 8.541107347599333766e-01 8.236506560909675478e-01 8.617765695588601726e-01 6.936865035329394802e-01 8.138452291765279067e-01 8.409330708791750153e-01 8.178589398134210597e-01 8.163640644512354383e-01 8.290126893587886903e-01 9.165154061156343124e-01 9.094636830279185791e-01 8.959805358482580973e-01 8.953067111840398162e-01 9.178061383469847678e-01 9.381953527500146439e-01 9.088921640678427893e-01 8.540911207764148028e-01 8.772525596953464344e-01 8.969071985507603983e-01 8.525508822823398836e-01 8.962537018812047895e-01 9.193620789633580870e-01 9.260379478458983238e-01 8.990817823039577439e-01 9.254601839019408471e-01 9.352968968113849479e-01 9.127048652088421976e-01 9.456325927210573745e-01 9.355177572043238410e-01 9.373839773077979887e-01 9.448981070492883383e-01 9.463246310629562785e-01 9.311610949909122636e-01 9.095081272337716127e-01 9.334008544483188841e-01 8.980984306228003700e-01 9.323147754332483661e-01 9.348571272876654570e-01 9.210542871314759683e-01 9.383113418561038754e-01 9.188053178083471773e-01 9.407921331376258856e-01 9.312505677634639323e-01 9.448960569065621984e-01 9.440726422460006262e-01 9.330037092371069596e-01 9.237405117378989505e-01 9.406768001578863503e-01 9.360714351125520860e-01 9.373571258799084926e-01 9.487911789004161989e-01 9.455417190487797052e-01 9.473062635869468062e-01 9.352679166966151314e-01 9.380367284384332205e-01 9.472649854347445775e-01 9.338480592007183390e-01 9.389152122372975695e-01 9.506625368873796722e-01 9.499089841422738711e-01 9.406805890458237451e-01 9.452583867942597751e-01 9.447553200598044487e-01 9.469794819345201953e-01 9.463010066070671744e-01 9.504875371566581244e-01 9.315594280642811587e-01 9.429262761981302976e-01 9.385816170721149598e-01 9.400186916957763428e-01 9.388395190637459642e-01 9.492577698595844327e-01 9.487985862928739467e-01 9.468981342626791031e-01 9.373313417908417655e-01 9.501885913508248960e-01 9.497102980891546364e-01 9.512719239888932643e-01 9.497048373561330914e-01 9.507683898811357670e-01 9.358245491942145389e-01 9.352691263870827054e-01 9.444156180931088107e-01 9.461287194802743272e-01 9.480997485938984504e-01 9.462293180677483484e-01 9.483698104688557118e-01 9.507272074994347344e-01 9.440933866961471743e-01 9.376659134103351168e-01 9.468240710524614689e-01 9.499164315711988715e-01 9.479941474768848186e-01 9.485053670041357909e-01 9.468582049757822139e-01 9.493505389113883197e-01 9.473004481120874676e-01 9.474613051859465118e-01 9.444370670853174943e-01 9.472230913491642701e-01
3.129410027602373690e-02 1.318859439075699969e-01 3.420138927677852658e-01 5.673494250905345426e-01 4.825371936923151805e-01 5.241497497027193253e-01 7.405986789514551472e-01 7.356559299210281289e-01 7.707989712125860038e-01 7.115609943332622533e-01 7.764912677027639987e-01 8.284450463253162367e-01 1.000000000000000000e+00 6.057933368115520079e-01 8.390014795451161689e-01 8.364998534221114168e-01 7.719329813978339505e-01 7.442464280120171249e-01 7.772882701290712015e-01 6.421572623442919348e-01 7.189097175113027260e-01 7.478608358733692674e-01 7.240540684344576317e-01 7.331127452623238394e-01 7.369156595775890883e-01 8.361004221981843676e-01 8.254780653991659056e-01 8.206462171188272370e-01 8.114467650017641587e-01 8.247248815538885669e-01 8.410821662809018218e-01 8.044857167476897608e-01 7.446897378477947971e-01 7.821536180332623323e-01 8.019071932246795154e-01 7.663954700685616794e-01 8.027082647634781187e-01 8.238787685854668252e-01 8.349588805364954736e-01 8.049401361377818143e-01 8.479568000597880184e-01 8.528607095086013778e-01 8.378632609478043891e-01 8.616365644718444461e-01 8.485325362867229826e-01 8.492908212155975134e-01 8.588560518293449908e-01 8.593677458016462101e-01 8.340037214126904130e-01 8.150876297841110896e-01 8.454285558363686670e-01 8.124745147957465052e-01 8.453682467302908732e-01 8.506181636676792834e-01 8.315932516055265511e-01 8.503438461261694226e-01 8.216789607449488386e-01 8.577322651989172098e-01 8.370436441477293599e-01 8.636908012083464037e-01 8.612663495769746769e-01 8.393225015784744336e-01 8.305908082641688672e-01 8.499217789713452431e-01 8.527072258390212545e-01 8.504892768538460102e-01 8.609281785792103348e-01 8.555404858437511972e-01 8.519600332108321350e-01 8.493428553083641752e-01 8.444521521685517396e-01 8.573899017420735236e-01 8.449219460368974088e-01 8.491650440352854767e-01 8.650214710195196499e-01 8.603214924055940793e-01 8.533025179365180124e-01 8.573287264104381133e-01 8.592022563347432307e-01 8.572773627223668758e-01 8.550708087736987872e-01 8.584755269032013913e-01 8.395303621129073246e-01 8.440462636536276708e-01 8.444022771503373326e-01 8.466038874749742815e-01 8.483519008013850060e-01 8.561967942905943652e-01 8.568396955107324686e-01 8.615023104922653330e-01 8.465976875513401279e-01 8.642127294678363381e-01 8.614239532958959389e-01 8.624937226196341955e-01 8.616848831849579504e-01 8.628668918966018175e-01 8.428753759035926274e-01 8.427479452891529776e-01 8.556964986666573125e-01 8.545077946647470224e-01 8.611230771802167450e-01 8.529644740689787952e-01 8.587791887334599306e-01 8.628540918178964070e-01 8.558986255822854661e-01 8.473506307243277025e-01 8.546291687370954904e-01 8.639165344398677115e-01 8.610151359312110397e-01 8.618280793403996221e-01 8.579646836199081861e-01 8.633044176684667725e-01 8.560955047085467839e-01 8.592231244519545896e-01 8.588612034028808573e-01 8.617049532672600431e-01
