1.000000000000000000e+00 1.263188867575885943e-01 1.430834571366051133e-01 1.300108065199676310e-01 7.517257647569046408e-02 5.431046429652316293e-02 1.142800549556079182e-01 1.353789484523990339e-01 1.783194192968917680e-01 2.352685161895439955e-02 7.013322011987120630e-02 6.517559525599762871e-02 3.728805834166065009e-02 4.787627753094475525e-02 6.255006243896740759e-02 8.357209647655811091e-02 1.228276540074369622e-01 6.191677480467523698e-02 5.880543867538364639e-02 5.873031909112999549e-02 9.942958407796766152e-02 8.199947566628144890e-02 9.310139012930487845e-02 2.929575158938744345e-02 3.738065348251391751e-02 1.299424811687217296e-01 1.122746641866019246e-01 8.349470375770796926e-02 9.807756536932869806e-02 9.530704189776277591e-02 5.555898100240225929e-02 9.619947844694901051e-02 1.169677646253357156e-01 4.130994527960740736e-02 7.815374035124254826e-02 2.374776337395553827e-02 3.956723538475619140e-02 7.609216061089942029e-02 5.241269055743204980e-02 4.429040819995345990e-02 3.549468386655990626e-02 3.321310240299966965e-02 4.704413232741054551e-02 5.670518858531187201e-02 4.308806772787415751e-02 2.948509902318789677e-02 1.318887385851596518e-02 3.100985208216912661e-02 4.266670761615347363e-02 5.715170073789239968e-02 6.419626941725357916e-02 5.850970945772526743e-02 3.774317952464693871e-02 7.239052652843701308e-02 6.136081606063102656e-02 5.743832117234863588e-02 7.996576725693464727e-02 4.049237733989398402e-02 6.540214993680086575e-02 5.239194391149533392e-02 3.544331598640057535e-02 6.027251003773676646e-02 7.032916229637023453e-02 6.419359191400167419e-02 4.815522949630401950e-02 4.461998657669436624e-02 2.631900195654188201e-02 2.333102935907306608e-02 2.872565233703645513e-02 2.939070980259538349e-02 1.569671371312668720e-02 1.516624402306580334e-02 7.330259408527738975e-03 1.166239826915099406e-02 3.415848021214321073e-02 3.218517315946797797e-02 2.732592016820113365e-02 4.091617195205439483e-02 2.569300028115909657e-02 3.156684138154076252e-02 2.192132703908530530e-02 1.897468979880494525e-02 3.356279011389506906e-02 3.423795550750876465e-02 2.553882891048782702e-02 1.936825407108478184e-02 1.064600161579489293e-02 2.715376392747778991e-02 2.513679482347117369e-02 3.765832049083301519e-02 2.287744538479282233e-02 1.813131890499128721e-02 1.469534929200972881e-02 1.175364715773640281e-02 6.534581600975450204e-03 1.724545894694036810e-02 3.121567297355097928e-02 4.517484116625031243e-02 2.865648880114104319e-02 2.244192519016982926e-02 1.682348928951094003e-02 3.397079211290201378e-02 1.472939748425333532e-02 2.519391489115116456e-02 2.507095916067752714e-02 3.146016354875307702e-02 2.853689875311744145e-02 2.170421899937111099e-02 3.043934416077813052e-02 2.332842905994035598e-02 3.370655487159801567e-02 2.472561485659929836e-02 3.032066208650325070e-02 3.943464607312624493e-02 3.533267529824420800e-02 2.673348770593576493e-02
1.263188867575885943e-01 1.000000000000000000e+00 1.389334978497440698e-01 1.173196866444507630e-01 1.377767991654905710e-01 8.671240587870136796e-02 2.043602906911678174e-01 1.666092306212033913e-01 1.965569874718526844e-01 1.904562484541876266e-01 1.509189388675237775e-01 1.474677311946243075e-01 1.399468150040999448e-01 1.354842839327655701e-01 1.906300522578727452e-01 1.668149067314887712e-01 1.621613020993485643e-01 1.571537355156889249e-01 1.507846039553414341e-01 1.555024069602874703e-01 1.271872628407585970e-01 1.388333813959528040e-01 1.969451010728750229e-01 1.380455417884664804e-01 1.432928063296050325e-01 2.117023103234490777e-01 2.058403328240489549e-01 2.099043799714295500e-01 2.213875909005474096e-01 2.074071317783648949e-01 1.909190463441873264e-01 1.820207133594345383e-01 2.043008152367880026e-01 1.613500641977732852e-01 1.925160107413732002e-01 1.463653951185263646e-01 1.731396816944520134e-01 1.841035041242964909e-01 1.851297223145021709e-01 1.624666547395600402e-01 1.698856237346078879e-01 1.872174584072599512e-01 1.638642777398154893e-01 1.732562945019201495e-01 1.602924457763865440e-01 1.787978310467191467e-01 1.575405022037777714e-01 1.668668126170307908e-01 1.687843536742603956e-01 1.568176522099751780e-01 1.694365754462529849e-01 1.557071297826125023e-01 1.638983970784103072e-01 1.786088323504547437e-01 1.752712227935527278e-01 1.893865377841891240e-01 1.708134111224000051e-01 1.698910671169215625e-01 1.712599301099603510e-01 1.731916553080268539e-01 1.572617880247945965e-01 1.699105293345691825e-01 1.627991390827353280e-01 1.724638320310259987e-01 1.558388013670894690e-01 1.669757110943342338e-01 1.612445456649854725e-01 1.610544559901224138e-01 1.746560852797391095e-01 1.610800004962768261e-01 1.479498189204751790e-01 1.594906879880324813e-01 1.488671649813805009e-01 1.525341585437774705e-01 1.766629723001059138e-01 1.683308592644100488e-01 1.733352671400528178e-01 1.833134417749835154e-01 1.803830997268088265e-01 1.775626095995986031e-01 1.692582122235239961e-01 1.664398535386895916e-01 1.682387272652699495e-01 1.773717192053834157e-01 1.676287631470641248e-01 1.639726253842542780e-01 1.594932650602823021e-01 1.710167817431989812e-01 1.678487301057774161e-01 1.727089216626276347e-01 1.666040372796868119e-01 1.662083473623044150e-01 1.562057669535171500e-01 1.690032902495670897e-01 1.611826415410379243e-01 1.627895250831649931e-01 1.571357906124452863e-01 1.617496895631568565e-01 1.686153398103096834e-01 1.641713242883474366e-01 1.645756532753134271e-01 1.639870502255218188e-01 1.518557810759366133e-01 1.656315988817730067e-01 1.568925372018534492e-01 1.608687206807042080e-01 1.670862287801878898e-01 1.672808408120232959e-01 1.728845541267370334e-01 1.645519986053458616e-01 1.665311322198923527e-01 1.631311907740126410e-01 1.645149902504557671e-01 1.640348438015053201e-01 1.583768637424298742e-01 1.586978068095099559e-01
1.430834571366051133e-01 1.389334978497440698e-01 1.000000000000000000e+00 3.720164317070430715e-01 2.032563652159268264e-01 2.192256064332485654e-01 3.800086581652543649e-01 3.672893959915444206e-01 4.081397117524265816e-01 3.112390108376814624e-01 3.767239759082635087e-01 3.934599818373188396e-01 3.232973907865368535e-01 2.717915916093476825e-01 3.835351302353021130e-01 3.851062017702506224e-01 3.858811907119167328e-01 3.881038877367843365e-01 4.035370579631468724e-01 3.381970591115384672e-01 3.984618463468018179e-01 4.172325652190935208e-01 4.158261887251565869e-01 3.785744715150476392e-01 3.884544197683029720e-01 4.290629743573524668e-01 4.121775680921955232e-01 4.072649762336738588e-01 4.118552768882421389e-01 4.208348652578253191e-01 4.034488985162687502e-01 4.224149288128226654e-01 4.167905357445808034e-01 3.960102532674379394e-01 3.950770512454757633e-01 3.831256885637604470e-01 4.004896243525406518e-01 4.111857870374796553e-01 4.011359722824799912e-01 3.939454382845047897e-01 3.876362770085591269e-01 3.813763403328012114e-01 3.940854983797462130e-01 4.006877404351811833e-01 3.986117249289610198e-01 3.865135120991211592e-01 3.616298048147538191e-01 3.736314788967454170e-01 3.748939952313068424e-01 3.826202843016068833e-01 4.018292462196291770e-01 3.886564069918768682e-01 3.874525791226957061e-01 3.879832936304422053e-01 3.889911954070376376e-01 4.003323568798979881e-01 4.001332115264250033e-01 3.761545553194418634e-01 3.930039318928740255e-01 3.863982323519430939e-01 3.780476699842705290e-01 3.884974162321996327e-01 3.896688280361697565e-01 3.935012716486578355e-01 3.873203136212162723e-01 3.794526453958732559e-01 3.735214012650040494e-01 3.814555446760650170e-01 3.832370309208241177e-01 3.853120671244313900e-01 3.815295503153816603e-01 3.805874292141155357e-01 3.723261350314547857e-01 3.791308293194579071e-01 3.874619503878546367e-01 3.810261336638793850e-01 3.779872647150113174e-01 3.861752617912777574e-01 3.842779852515857408e-01 3.769430006591577564e-01 3.788853326309383207e-01 3.709085257858780182e-01 3.869644932279165950e-01 3.814769811711683500e-01 3.748624684905592641e-01 3.762126206678668150e-01 3.730550912341013547e-01 3.779254894885545335e-01 3.778598955383691838e-01 3.841496551262721382e-01 3.853720045509406167e-01 3.734309824727835014e-01 3.766178554088311925e-01 3.715493391955428937e-01 3.627028338323340928e-01 3.672067304692446243e-01 3.778890268607952296e-01 3.783099426826861400e-01 3.755991668427853258e-01 3.755259560540019081e-01 3.747838252006300275e-01 3.783250947018902965e-01 3.624791406253687343e-01 3.753539747266950721e-01 3.745975241265141475e-01 3.748192433862717610e-01 3.753198535241589751e-01 3.700498978341802969e-01 3.794559775651519806e-01 3.698655640783664045e-01 3.773378600823856233e-01 3.704263767585093681e-01 3.732909263142323852e-01 3.787629912869810433e-01 3.731786424741676544e-01 3.758818728121833819e-01
1.300108065199676310e-01 1.173196866444507630e-01 3.720164317070430715e-01 1.000000000000000000e+00 3.505536491461412885e-01 3.215096973181654216e-01 5.890658954923848611e-01 5.742356996906978761e-01 5.594189662218721493e-01 4.324539762032832413e-01 5.593941845828809267e-01 6.248432959424394806e-01 5.043194969836863883e-01 4.444577525366746329e-01 6.005062326689385444e-01 5.922806138096080586e-01 5.305281790074430903e-01 5.176271354808480440e-01 5.425039100044831697e-01 5.053133952412527385e-01 6.174033453574423458e-01 6.091338005248162490e-01 5.471774729638948509e-01 5.320437380808602512e-01 5.461417414420578487e-01 5.828962444591927472e-01 5.610569766312383244e-01 5.646363560515077484e-01 5.445663763891294140e-01 5.580426978955282946e-01 5.634647945207579278e-01 5.771691963032105077e-01 5.709935607829114135e-01 5.566088255077433766e-01 5.473448410094069461e-01 5.439443574095598199e-01 5.603126793073629486e-01 5.850937040588171101e-01 5.553863387011908070e-01 5.897166641986166802e-01 5.677320445480090738e-01 5.654459335645194429e-01 5.725617669838769519e-01 5.924670023319827949e-01 5.794142893288229956e-01 5.581100092807351754e-01 5.429487736411922061e-01 5.487622102689917458e-01 5.566890825782961905e-01 5.712565951257290164e-01 5.898680245231429087e-01 5.783901712043110210e-01 5.778795515388328585e-01 5.515284166226187557e-01 5.621055288510817816e-01 5.691618954582337020e-01 5.794090707954586694e-01 5.603428078582602945e-01 5.818998070419757473e-01 5.636239693636461157e-01 5.658375982557288797e-01 5.742350911469600305e-01 5.749991742179897392e-01 5.596646269263190199e-01 5.598166898621514953e-01 5.585759958497897859e-01 5.435406849034434273e-01 5.490382304181985473e-01 5.491887364697134455e-01 5.696305384559299245e-01 5.744535779224229088e-01 5.546131810569565612e-01 5.412869675250694401e-01 5.528533767594762116e-01 5.633185899478213576e-01 5.551147082914466013e-01 5.540355322135087635e-01 5.507651568917182328e-01 5.487681338016179300e-01 5.434172867487087055e-01 5.489376452974650267e-01 5.452674078876968977e-01 5.584016026669966770e-01 5.487821831148645968e-01 5.542159679981750742e-01 5.468641611478302078e-01 5.397346880771155542e-01 5.587905524010829961e-01 5.485813849547921395e-01 5.608230578336861338e-01 5.678076518632748648e-01 5.557730802666980274e-01 5.578674750325195442e-01 5.501460566368026051e-01 5.412248780946065096e-01 5.436830781008878954e-01 5.802478794038379295e-01 5.627684904526337739e-01 5.635055267759526698e-01 5.646206074767324834e-01 5.601447234663067265e-01 5.642590415639432422e-01 5.606333866295768464e-01 5.653083435123060774e-01 5.557603067597775004e-01 5.635721433394330626e-01 5.572882562884020619e-01 5.436953274940151681e-01 5.545263176210184497e-01 5.526734449911191449e-01 5.690659053348229302e-01 5.541340001792953718e-01 5.646250851836785989e-01 5.581445190216053343e-01 5.499858696927566459e-01 5.573736050950116594e-01
7.517257647569046408e-02 1.377767991654905710e-01 2.032563652159268264e-01 3.505536491461412885e-01 1.000000000000000000e+00 2.506549330475688619e-01 4.801494124628698512e-01 4.548847383010364842e-01 4.500886674150038624e-01 4.191692890922257275e-01 4.545313886392540192e-01 4.784078376181761794e-01 4.868205322292554205e-01 3.364236859890927245e-01 5.040558572407076721e-01 5.051641536737929705e-01 4.506107877727195121e-01 4.282581565258535838e-01 4.442441794281639655e-01 4.082512462466785230e-01 4.528755391268745045e-01 4.728567419355223511e-01 4.670227975521534791e-01 4.509046201476252791e-01 4.576599547566450599e-01 4.815955354341636130e-01 4.633158372367569000e-01 4.704895689009790938e-01 4.463237227447636735e-01 4.799074779566464555e-01 4.835995886016065670e-01 4.873771312027470048e-01 4.615988226235472336e-01 4.755317185031422422e-01 4.844467905138314934e-01 4.695492277939593007e-01 4.737244427532819602e-01 4.827908321706033123e-01 4.877233745028176637e-01 4.741935679346807042e-01 4.819071878308118229e-01 4.972510216859757359e-01 4.953596625159685796e-01 5.054717646506675655e-01 4.921276900898923778e-01 4.881957079013590217e-01 4.777352939095416140e-01 4.808344144409087417e-01 4.827828367755357397e-01 4.751310019842637788e-01 4.897783337651588909e-01 4.855992387593512927e-01 4.834254357825469306e-01 4.770984257531742934e-01 4.792581339473004909e-01 4.900617415189206239e-01 4.752051774305037224e-01 4.876299180278798051e-01 4.814421435066162935e-01 4.887999284175544856e-01 4.865599795723069554e-01 4.821830584067793857e-01 4.748649112967637254e-01 4.823295182727798114e-01 4.801916469988961045e-01 4.783405172122155991e-01 4.816830454422114105e-01 4.821263027100257670e-01 4.842006297463665176e-01 4.879262450064081325e-01 4.847558127510718240e-01 4.812913829210423988e-01 4.742923026720327062e-01 4.784986949607496487e-01 4.885838869968523457e-01 4.829999920350441234e-01 4.852393055579534709e-01 4.762797560468190472e-01 4.804775851455201363e-01 4.768241716432244370e-01 4.790467532919531757e-01 4.807836044677262222e-01 4.834899054189894518e-01 4.792535843916553295e-01 4.851990285432922212e-01 4.797778041039416630e-01 4.769401662522630425e-01 4.878424000231952329e-01 4.838697307182422414e-01 4.870007437721859400e-01 4.900499738576171160e-01 4.918706937010858815e-01 4.842046400119489613e-01 4.854079772829228423e-01 4.779950857483355464e-01 4.802800557024752282e-01 4.922588941773292093e-01 4.807582929851361708e-01 4.843889328686143969e-01 4.900608513180913506e-01 4.920639274459599477e-01 4.890993349409820112e-01 4.843627005713377343e-01 4.934850083382703034e-01 4.877270580320902660e-01 4.819168858819922185e-01 4.826632702451016388e-01 4.827969187934728068e-01 4.812059308537505742e-01 4.853943218585651254e-01 4.888478917094645770e-01 4.875136946908209534e-01 4.874072917476424127e-01 4.878284060086546248e-01 4.838923938692747950e-01 4.780408080362498757e-01
5.431046429652316293e-02 8.671240587870136796e-02 2.192256064332485654e-01 3.215096973181654216e-01 2.506549330475688619e-01 1.000000000000000000e+00 3.957205588675937191e-01 3.660060989565090406e-01 3.940401485564070105e-01 3.503070294158642795e-01 4.045110440537370011e-01 4.141564711431500179e-01 3.509272321270052175e-01 3.023483089869600793e-01 4.161970275137146236e-01 4.180325830648229379e-01 3.930904171933037872e-01 3.905212419765172194e-01 4.104534740506530777e-01 3.521322915035422496e-01 3.961262518738102867e-01 4.224892551751951997e-01 4.270966229322094576e-01 3.968831320213773717e-01 4.117828465157198914e-01 4.341465360094294290e-01 4.234536495639700804e-01 4.326779678132190443e-01 4.157247371352422172e-01 4.245548287120378683e-01 4.285355166604598032e-01 4.442038774190007477e-01 4.201715869281773541e-01 4.255475591802512225e-01 4.263323244949351332e-01 4.030812167621553588e-01 4.230483212183172581e-01 4.383497080582016148e-01 4.220249549238229148e-01 4.239810299075468247e-01 4.258434869667895861e-01 4.192527410425144208e-01 4.246999362584568116e-01 4.304515682935209364e-01 4.255538608974897552e-01 4.228485501086060583e-01 4.061931705586707686e-01 4.119277558513367854e-01 4.239316916118714418e-01 4.367967505463555833e-01 4.360807400641181775e-01 4.280151171567073698e-01 4.253958319770679841e-01 4.076702606224225645e-01 4.200685498040100940e-01 4.283875479423420174e-01 4.249844008460482159e-01 4.136640485719064175e-01 4.212219886796434998e-01 4.113858644763712102e-01 4.198607237188943797e-01 4.122455562208796609e-01 4.216951619106715787e-01 4.135987909731890233e-01 4.158437735184690176e-01 4.136159709011081320e-01 4.149080203465139727e-01 4.187028246772008244e-01 4.208136284116344994e-01 4.229171512435741520e-01 4.189154248558722426e-01 4.191723628398176249e-01 4.095174876512366335e-01 4.214767931785115551e-01 4.232023567866369795e-01 4.203445631336138466e-01 4.221950518742835778e-01 4.184289953027860443e-01 4.182515118500333418e-01 4.165782419738583431e-01 4.190722377943252863e-01 4.169993947981308624e-01 4.217084330238428103e-01 4.231664227639837517e-01 4.249697053344193010e-01 4.183079135012875982e-01 4.137643821359912599e-01 4.207401795301591862e-01 4.167893550945074854e-01 4.234731917569140025e-01 4.283524113119144827e-01 4.208348676880112604e-01 4.188914122904200399e-01 4.181865572362319927e-01 4.107165535093128539e-01 4.111093525984979014e-01 4.307568043308043215e-01 4.282954991176012860e-01 4.236073682581097954e-01 4.248507303051339279e-01 4.229911776268305834e-01 4.240012311113086074e-01 4.152361777427775458e-01 4.205080349897582503e-01 4.193285781088145203e-01 4.226805383437099439e-01 4.230593428840568881e-01 4.119822574261914894e-01 4.187033263720976173e-01 4.169741840307811809e-01 4.212241915984384910e-01 4.145910339818019708e-01 4.184871115143153908e-01 4.217582826982206878e-01 4.135737232778513017e-01 4.179459420706214678e-01
1.142800549556079182e-01 2.043602906911678174e-01 3.800086581652543649e-01 5.890658954923848611e-01 4.801494124628698512e-01 3.957205588675937191e-01 1.000000000000000000e+00 7.224499634708800855e-01 7.367603499577971560e-01 6.375874726928214553e-01 7.309202754614656516e-01 7.719986141117662903e-01 7.005605963067186304e-01 5.698429281958978798e-01 8.148807628972390971e-01 8.001629268179788479e-01 7.113681031742207228e-01 7.087887587698735725e-01 7.353480809093850823e-01 6.507635614314006833e-01 7.331122723503977756e-01 7.566374868222985883e-01 7.584533295965728561e-01 7.216040070807039353e-01 7.449653175794848092e-01 7.960339441607147126e-01 7.743777043873005805e-01 7.864171555524617219e-01 7.511163586403524217e-01 7.823548140069296331e-01 7.866791115556424074e-01 7.898400316871820870e-01 7.687970049604698763e-01 7.692948618404997774e-01 7.634442938715549909e-01 7.427725061313557031e-01 7.675024725687837890e-01 7.893347573801866579e-01 7.765011153949079592e-01 7.746109966993307561e-01 7.756570623588727731e-01 7.826207698026277360e-01 7.785152934214055742e-01 7.982883239381105556e-01 7.830833297163251050e-01 7.831802962497123044e-01 7.591319958608255813e-01 7.629266026708241277e-01 7.680256369004058170e-01 7.596610902169983470e-01 7.899117031272194778e-01 7.723684980688549917e-01 7.754948870355706791e-01 7.625305674243516574e-01 7.798347754850892821e-01 7.901787800211604873e-01 7.729442568110600487e-01 7.697879542078553960e-01 7.812920607581265164e-01 7.787205239726155970e-01 7.725084049230703798e-01 7.799982471930733130e-01 7.710207541475871951e-01 7.697820139689263153e-01 7.681877974974925527e-01 7.681494719748211963e-01 7.630228638360349036e-01 7.719199339306626051e-01 7.787109145590013215e-01 7.800011647736299070e-01 7.730746803072359175e-01 7.728913498285024941e-01 7.596239302911268476e-01 7.684882851885257438e-01 7.863613399671759430e-01 7.789089907844602978e-01 7.777673081623395213e-01 7.727867417476048661e-01 7.805591922594711241e-01 7.721510755541273197e-01 7.718939488550078387e-01 7.715783207885946737e-01 7.753787231813251690e-01 7.760713935575512812e-01 7.752715455786569620e-01 7.673280499627292972e-01 7.595662596177662484e-01 7.811959366787378789e-01 7.757960176310099154e-01 7.822848915338189713e-01 7.900459495868858983e-01 7.803286686611684564e-01 7.735018013952621452e-01 7.765425341463936260e-01 7.620870026498400840e-01 7.630920326815312515e-01 7.839479294779146956e-01 7.649882053212206934e-01 7.735088744632806490e-01 7.788067456154226242e-01 7.785862927343509821e-01 7.741464224652750969e-01 7.646126951450726850e-01 7.800121713939565105e-01 7.681969116447373569e-01 7.707559424722955077e-01 7.722129717170806984e-01 7.661495398331344964e-01 7.742444968586438270e-01 7.723288491623482299e-01 7.821059174901442423e-01 7.705055537657320430e-01 7.754880509894844787e-01 7.721294201220453290e-01 7.645598949343360706e-01 7.660368667245170959e-01
1.353789484523990339e-01 1.666092306212033913e-01 3.672893959915444206e-01 5.742356996906978761e-01 4.548847383010364842e-01 3.660060989565090406e-01 7.224499634708800855e-01 1.000000000000000000e+00 7.188362492199217302e-01 6.314847423937537396e-01 7.210574559956377527e-01 7.567895851659723894e-01 6.803263607704715943e-01 5.581460865501891577e-01 7.751169681103607934e-01 7.973118801062684113e-01 7.051805848679101318e-01 6.881634348210540209e-01 7.103221542502574648e-01 6.163740008704116091e-01 7.403279433995085812e-01 7.494277435629482786e-01 7.322954316498279104e-01 7.007206185058300063e-01 7.166017096968402278e-01 7.617229193410738342e-01 7.497997509348890421e-01 7.432577487485575451e-01 7.234688269102504954e-01 7.544583574068244314e-01 7.596196605871847751e-01 7.729912251406440005e-01 7.531815084899340373e-01 7.520964159809730987e-01 7.422699740628450060e-01 7.322771661964192491e-01 7.424373714948263592e-01 7.801194593951237266e-01 7.636197242498088400e-01 7.642954059945528122e-01 7.608288861037058037e-01 7.744881724031746906e-01 7.646084109785508121e-01 7.872401135848889897e-01 7.671454690952573818e-01 7.628785677501861429e-01 7.498160375488327478e-01 7.563487800509072212e-01 7.695307539631208726e-01 7.647737377345682486e-01 7.921800587609925115e-01 7.717634042354593049e-01 7.700626330606286096e-01 7.609885999545751289e-01 7.681178199745857249e-01 7.724354069316216043e-01 7.811059462953326982e-01 7.712037917829454026e-01 7.931682718486728900e-01 7.716706917983460201e-01 7.733833162227831126e-01 7.818420470336494565e-01 7.792165533589958670e-01 7.694538572687446010e-01 7.607438578489118530e-01 7.640359924390344171e-01 7.524238631611596118e-01 7.592409915697013734e-01 7.618326841092543100e-01 7.651807435894731890e-01 7.684654388082489129e-01 7.569922887715584414e-01 7.468889423043630904e-01 7.533654389795163553e-01 7.725237423095344669e-01 7.613598237152272574e-01 7.562920754565566339e-01 7.589768163020843561e-01 7.554171620211316274e-01 7.556938030247896121e-01 7.529311165242261739e-01 7.551260109824531330e-01 7.635974376546518227e-01 7.612771288139611459e-01 7.655162609029820819e-01 7.553512699968417676e-01 7.452168057539740875e-01 7.709090128292228616e-01 7.601970177492419767e-01 7.683985173056061546e-01 7.724837724166324637e-01 7.642796274960126368e-01 7.600632501840116628e-01 7.602653649006645420e-01 7.507522965311130836e-01 7.549017125116187499e-01 7.806777119157929379e-01 7.685872582437119904e-01 7.721453698503175644e-01 7.736042680719653619e-01 7.686864458708464465e-01 7.756043784823322129e-01 7.587584221367862369e-01 7.717919962451638138e-01 7.601586992911055773e-01 7.717472718998236170e-01 7.676903169907208779e-01 7.577174560669962533e-01 7.665014100927763918e-01 7.651610323550053216e-01 7.789217384768137853e-01 7.626853552597567809e-01 7.728809961095702841e-01 7.698993784684000641e-01 7.567348322671400007e-01 7.606765907380499403e-01
1.783194192968917680e-01 1.965569874718526844e-01 4.081397117524265816e-01 5.594189662218721493e-01 4.500886674150038624e-01 3.940401485564070105e-01 7.367603499577971560e-01 7.188362492199217302e-01 1.000000000000000000e+00 7.268623406766887562e-01 7.924418245037248010e-01 8.229016000236487605e-01 7.492620287883338115e-01 6.204917050339163742e-01 8.392067663672554412e-01 8.421967212077501319e-01 8.313970384377328271e-01 7.721927767622513983e-01 7.999593486919629459e-01 6.843517952420093975e-01 7.844707516276185899e-01 8.253288156286905375e-01 8.282190395093039781e-01 7.799523340556790973e-01 8.041569969754411851e-01 8.543048354442361880e-01 8.367551280658074297e-01 8.347004431876544617e-01 8.313789122653186814e-01 8.672382493795901537e-01 8.612778444138877720e-01 8.612969311165831199e-01 8.326380202690876198e-01 8.426438460769001271e-01 8.448640336698407527e-01 8.235673260127449602e-01 8.401810509653723225e-01 8.587672908434227370e-01 8.523982350487688819e-01 8.045845256763042297e-01 8.536597196522357489e-01 8.444262683226019250e-01 8.369596932580402049e-01 8.622493459278156580e-01 8.499056833615539208e-01 8.501697327359748479e-01 8.438342589356434553e-01 8.590233721764848340e-01 8.608938687613941765e-01 8.443096810909698213e-01 8.614114026352132081e-01 8.575930452667612780e-01 8.525389287197646659e-01 8.759350959061099617e-01 8.722250826957247405e-01 8.691984315626221091e-01 8.778901145171873477e-01 8.524649617574753258e-01 8.668325299502249726e-01 8.707867159598918771e-01 8.590254133087358301e-01 8.729602873832010834e-01 8.669459738629470280e-01 8.742145704990363919e-01 8.657177619085775211e-01 8.665087672377959072e-01 8.551645385348238815e-01 8.559812408859136523e-01 8.570625815755251731e-01 8.559581695556445213e-01 8.501723619648133834e-01 8.523463200205344537e-01 8.401764035611806181e-01 8.480690931670668009e-01 8.634465608206010057e-01 8.611936959001508241e-01 8.558548373456602576e-01 8.609179671377150678e-01 8.547200975929833966e-01 8.590363672127230288e-01 8.552316624453821792e-01 8.544542529456532476e-01 8.608281846280704253e-01 8.609236191986473496e-01 8.521958072183514199e-01 8.504720222368452598e-01 8.458651493508418939e-01 8.547643604440736675e-01 8.565868415226671750e-01 8.601407224873606205e-01 8.535091779161767533e-01 8.514445312752055850e-01 8.477023086164636734e-01 8.479901756421891479e-01 8.469691782178158102e-01 8.522334222385892222e-01 8.495822160454478134e-01 8.617688454879796067e-01 8.563494171855429160e-01 8.496434913048774851e-01 8.477338543217418643e-01 8.579165522012277556e-01 8.471131584353364108e-01 8.555331414504970811e-01 8.555346456384192999e-01 8.615147517773620311e-01 8.601336772918427576e-01 8.560352800044518373e-01 8.611394518053312463e-01 8.543877170158575840e-01 8.613129784180385551e-01 8.581080819328275044e-01 8.600192835363161814e-01 8.646701903374243159e-01 8.589600863843374068e-01 8.575319256416571445e-01
2.352685161895439955e-02 1.904562484541876266e-01 3.112390108376814624e-01 4.324539762032832413e-01 4.191692890922257275e-01 3.503070294158642795e-01 6.375874726928214553e-01 6.314847423937537396e-01 7.268623406766887562e-01 1.000000000000000000e+00 7.281619066105472493e-01 7.621385537434507418e-01 7.200278885559504571e-01 5.789087519674330773e-01 7.858824368194764487e-01 7.832741462902308438e-01 7.090154389050540296e-01 6.745738188205376851e-01 7.153709680239470625e-01 5.978574930103812690e-01 6.599589947976739479e-01 7.148038492313509851e-01 7.361435740673919481e-01 7.144702102009570233e-01 7.513987931512404739e-01 7.542647587288400235e-01 7.456771007044034061e-01 7.612783738185951998e-01 7.421014260178101507e-01 7.838001367086709914e-01 8.125083263834954606e-01 7.844390951850472860e-01 7.659182180047696686e-01 7.944348296408236809e-01 7.978305272428819483e-01 8.032955770582496102e-01 8.005971161759135590e-01 8.039771250291607441e-01 8.127127018693847127e-01 7.700355335428269443e-01 8.202393610644873601e-01 8.193364935149674011e-01 7.869022652733106415e-01 8.138501891314564585e-01 8.133622200445906891e-01 8.159014907917661041e-01 8.357583305965976539e-01 8.350946285349803988e-01 8.250185906389226886e-01 8.025516054757103612e-01 8.072849331341735990e-01 7.968212994261573145e-01 8.008823262105493335e-01 8.198110014197184103e-01 8.107337826027987138e-01 8.228367376488829876e-01 8.057099592523543352e-01 8.202273115948850446e-01 8.137980684920511631e-01 8.275139485028605302e-01 8.237998369809621524e-01 8.148023128465314846e-01 8.010825456389245591e-01 8.223617382019496880e-01 8.171587077033755087e-01 8.234055854736370694e-01 8.344428225078313055e-01 8.264241422405291804e-01 8.319425924634965552e-01 8.188464757070745836e-01 8.199222531018942606e-01 8.282543410929823491e-01 8.195445971219964543e-01 8.190696117222489026e-01 8.313796193762035269e-01 8.303134034991112022e-01 8.294063303961249911e-01 8.269848135881273654e-01 8.276506031156831700e-01 8.364454799789383665e-01 8.316057431946060063e-01 8.362871908207945015e-01 8.320997818711807215e-01 8.317064512225165185e-01 8.318827389079249679e-01 8.345588809066203373e-01 8.364028532430175522e-01 8.348918994550845740e-01 8.364019794930230844e-01 8.281824357577191043e-01 8.295156192778553317e-01 8.349381692414425959e-01 8.289119356145768780e-01 8.338836299646541494e-01 8.377585392026420941e-01 8.375280415243496757e-01 8.187140501506153800e-01 8.205763341978679071e-01 8.315095111044961129e-01 8.323839735306539644e-01 8.300899849419360876e-01 8.291212368307394609e-01 8.222196631864814309e-01 8.320184001714956423e-01 8.304362141696745025e-01 8.252691704179322407e-01 8.338544395044276136e-01 8.377542195696843219e-01 8.320904612181465598e-01 8.355609012521505452e-01 8.279346917115100180e-01 8.362951084513795541e-01 8.313453259102984161e-01 8.342666700868972551e-01 8.289496799181154119e-01 8.290789973821541814e-01
7.013322011987120630e-02 1.509189388675237775e-01 3.767239759082635087e-01 5.593941845828809267e-01 4.545313886392540192e-01 4.045110440537370011e-01 7.309202754614656516e-01 7.210574559956377527e-01 7.924418245037248010e-01 7.281619066105472493e-01 1.000000000000000000e+00 8.584978140298504812e-01 7.681961268273964638e-01 6.321413707561259754e-01 8.512107144115955704e-01 8.547669557453518863e-01 7.960884715246389076e-01 7.725236764341121276e-01 8.086747025546727752e-01 6.821165830878067604e-01 7.947647020914270222e-01 8.310359949321480810e-01 8.144080981252060925e-01 7.993034143375759015e-01 8.310095034997376784e-01 8.429665947766195044e-01 8.247173121345472424e-01 8.370058282879421219e-01 8.231453303412096245e-01 8.582354186594238765e-01 8.798479250081376879e-01 8.664374601015703004e-01 8.318337349965030381e-01 8.618981966093465230e-01 8.487768285226147125e-01 8.476203785319762485e-01 8.681433639939707403e-01 8.705097347754967574e-01 8.666687722164353458e-01 8.402060607176172757e-01 8.776886676489126238e-01 8.685591888409309735e-01 8.590305933749320388e-01 8.837145267760228018e-01 8.754090222328502202e-01 8.723424596757476390e-01 8.759536887944503469e-01 8.776503594586558821e-01 8.768880694915744956e-01 8.687745147870205020e-01 8.808945716725836705e-01 8.742636575793254483e-01 8.728334903924493959e-01 8.728217877571716743e-01 8.774044637291931181e-01 8.814866276985878768e-01 8.778810447737380729e-01 8.739208637699298343e-01 8.808578121983769993e-01 8.835714963896960095e-01 8.828147913674850855e-01 8.813341792700373212e-01 8.752662239769856134e-01 8.788632755211066572e-01 8.764042385600034901e-01 8.805500446150991145e-01 8.771958129758481437e-01 8.827928260243936842e-01 8.822322140818369407e-01 8.812795223096131503e-01 8.836411713618284036e-01 8.841607380117697534e-01 8.719700702174143503e-01 8.798230435772085301e-01 8.892640084457964500e-01 8.825938334814535935e-01 8.818281974808739321e-01 8.825011636596234998e-01 8.787195513580070561e-01 8.830051779120441369e-01 8.821332333977524032e-01 8.834225629012751879e-01 8.857445661493008604e-01 8.839576678507081731e-01 8.817710621931490467e-01 8.811403809731737091e-01 8.786210511336071116e-01 8.838040994504635650e-01 8.829413975920309410e-01 8.835529730263010917e-01 8.866484215879868458e-01 8.838882314723734979e-01 8.822551955982832483e-01 8.805185758275517749e-01 8.782300919135709316e-01 8.797069983832305207e-01 8.807788232703565034e-01 8.797326440103890866e-01 8.833816026886212036e-01 8.833424993320396768e-01 8.827854693065042557e-01 8.832137563734064889e-01 8.787622902251979173e-01 8.854590429059170376e-01 8.835004093094142030e-01 8.819840315097530192e-01 8.853331919017578544e-01 8.797779796993883128e-01 8.838935722354466229e-01 8.820847177838923026e-01 8.871428342768643560e-01 8.837736301279028872e-01 8.852523737299820006e-01 8.846977653729891644e-01 8.795673936702929074e-01 8.824185328578688647e-01
6.517559525599762871e-02 1.474677311946243075e-01 3.934599818373188396e-01 6.248432959424394806e-01 4.784078376181761794e-01 4.141564711431500179e-01 7.719986141117662903e-01 7.567895851659723894e-01 8.229016000236487605e-01 7.621385537434507418e-01 8.584978140298504812e-01 1.000000000000000000e+00 8.005406183137303566e-01 6.714904770947334178e-01 8.977973883059694460e-01 8.985261975860695527e-01 8.231728136046467803e-01 7.813318795958331675e-01 8.291905862693863538e-01 7.023757918922234333e-01 8.284113791402936133e-01 8.592297787216289784e-01 8.320425056457392277e-01 8.201241194421052816e-01 8.562035087281211210e-01 8.688986989744760248e-01 8.514794763088082696e-01 8.628077841734201892e-01 8.424161463106430991e-01 8.811574905623048570e-01 9.075127164460840001e-01 8.895760884767436316e-01 8.594442750969619738e-01 8.931222904882887281e-01 8.744122695087342967e-01 8.848808501811633587e-01 8.973323153251117068e-01 9.040713911367733724e-01 8.972555202412904052e-01 8.834071925493282018e-01 9.140608308317089703e-01 9.072177353512481668e-01 8.931574037192423487e-01 9.220859220595001293e-01 9.171380947482019597e-01 9.080817385075635739e-01 9.105949747162231933e-01 9.133044829806252762e-01 9.165990573036070233e-01 9.062200148671787359e-01 9.178067123955745421e-01 9.108644511424620616e-01 9.118945896189993849e-01 9.043586928503833944e-01 9.096705356786056740e-01 9.141494243835943667e-01 9.097827545880210476e-01 9.103959766055754743e-01 9.153007350777547790e-01 9.183972358087756360e-01 9.188199879052665331e-01 9.142489092167276343e-01 9.073262625315058338e-01 9.119604159829770573e-01 9.130746765420526545e-01 9.144726902869845242e-01 9.129262170483732897e-01 9.129403154626547501e-01 9.128824748614896567e-01 9.146119292891561336e-01 9.212553901555621261e-01 9.178865443421598824e-01 9.018411872192584333e-01 9.126115615220805610e-01 9.216968962709075619e-01 9.175467279881239779e-01 9.138213495426228405e-01 9.109971940140514368e-01 9.111983754260711832e-01 9.125234947468352509e-01 9.135988154228539271e-01 9.167266790135004673e-01 9.176969535311447768e-01 9.152324307923902502e-01 9.172322695234315093e-01 9.135262432784924114e-01 9.113889204119698384e-01 9.187967754153499866e-01 9.162908478412499225e-01 9.184249744709195307e-01 9.199181525145547766e-01 9.201459502836115689e-01 9.187513961402398177e-01 9.163442241839522273e-01 9.143208802270188507e-01 9.158710456653944565e-01 9.205455398193661543e-01 9.138944784777131014e-01 9.196518577920923532e-01 9.205416813696698508e-01 9.186756288585874453e-01 9.197656747541476108e-01 9.163638313195890950e-01 9.235775414665047256e-01 9.184346978844796228e-01 9.179237009344911602e-01 9.206698304065015215e-01 9.159321711214551964e-01 9.171290807097114417e-01 9.184633366285184231e-01 9.226838210873063995e-01 9.198777347814732774e-01 9.208279999732192911e-01 9.193116876335916121e-01 9.153306405076593322e-01 9.184714698094110785e-01
3.728805834166065009e-02 1.399468150040999448e-01 3.232973907865368535e-01 5.043194969836863883e-01 4.868205322292554205e-01 3.509272321270052175e-01 7.005605963067186304e-01 6.803263607704715943e-01 7.492620287883338115e-01 7.200278885559504571e-01 7.681961268273964638e-01 8.005406183137303566e-01 1.000000000000000000e+00 5.921381292331522328e-01 8.246239882841913671e-01 8.295245755711294633e-01 7.428921825843419757e-01 7.087977396350165771e-01 7.441281618522345154e-01 6.398317439606949764e-01 7.079954031166296735e-01 7.644446054213827058e-01 7.684019732366741406e-01 7.450601279393360699e-01 7.824159562034801452e-01 7.924288803868686504e-01 7.781846306283416448e-01 7.872735788267705148e-01 7.700124305386211176e-01 8.111282552563031656e-01 8.320367677605459145e-01 8.038051883507544293e-01 7.773968270954302318e-01 8.097210204893106056e-01 8.098258262555088072e-01 8.102862063547578986e-01 8.144113937802501813e-01 8.168464503154042600e-01 8.262919923956915103e-01 7.877651186113449056e-01 8.378027284115835416e-01 8.360891147086040309e-01 8.193533388307122634e-01 8.446780991752764756e-01 8.369004299180801132e-01 8.394034273310176930e-01 8.475058439574543190e-01 8.470380667875722080e-01 8.404183928946167281e-01 8.160320708873348705e-01 8.259070366697863763e-01 8.325381031761511785e-01 8.318193207120974098e-01 8.379797581955428232e-01 8.358432699337402516e-01 8.385249212993888257e-01 8.255409190451211687e-01 8.445710994334308941e-01 8.341821743503392561e-01 8.523896327463497125e-01 8.462257339185284000e-01 8.413488524482461983e-01 8.254128827598926632e-01 8.393597544084578921e-01 8.427021743187643743e-01 8.459875536817992314e-01 8.471727821413277404e-01 8.460523851112605742e-01 8.500556552570339708e-01 8.450635391990046763e-01 8.451266574828989464e-01 8.475606042114679495e-01 8.345327986931565523e-01 8.419661871200222469e-01 8.545509350791898884e-01 8.469963031746635673e-01 8.507391948643782120e-01 8.455647236049316229e-01 8.472325420033128829e-01 8.512190207939566156e-01 8.475431064869095588e-01 8.508973989777076641e-01 8.496021198584313705e-01 8.481451899040728382e-01 8.467193251504179230e-01 8.446911377334692661e-01 8.446566907433721294e-01 8.504167245441887069e-01 8.503963992205273437e-01 8.510977961691299498e-01 8.482361482873809200e-01 8.547475633689866070e-01 8.477732181747036355e-01 8.518602346961005045e-01 8.505199646096001098e-01 8.529458164172628587e-01 8.439027099475896465e-01 8.419555136342748991e-01 8.478845539574582091e-01 8.486034388920833393e-01 8.501029734275697969e-01 8.495380857308318934e-01 8.486778968350612296e-01 8.540633551881113839e-01 8.504051252114152026e-01 8.490793427739532495e-01 8.516217423341189141e-01 8.528442723434073169e-01 8.516459451668138003e-01 8.518531601115336693e-01 8.525437907049009389e-01 8.544049854854558479e-01 8.525283345042536931e-01 8.519240764773085006e-01 8.486666966316624983e-01 8.510791563779326330e-01
