1.000000000000000000e+00 6.375683361851321174e-02 1.190070472300639448e-01 8.230408019040008627e-02 3.801965618387625426e-03 3.506160703220723152e-02 4.125095838140559884e-02 3.928493253819308195e-02 6.180210370120893526e-02 5.382494740619524903e-02 3.064295104223534183e-02 3.749950640867725365e-02 2.668608883365514509e-02 -1.627644071964549910e-02 1.038161865257457989e-02 3.210997772686374763e-02 5.561164075673237506e-02 8.787712801200577017e-02 6.999169102201822923e-02 6.977249253429855524e-02 8.026441939731970843e-02 7.849632792368067824e-02 4.541622491920205978e-02 7.633174755970685565e-02 8.094204002776510254e-02 4.609814451511572153e-02 3.370831781116184062e-02 4.729825841661282337e-02 5.165916831935888492e-02 4.873401445935503229e-02 2.722815677451244365e-02 4.417961276656934971e-02 4.024860330586171875e-02 2.917269228066327741e-02 4.266327823284597059e-02 2.199179145194577259e-02 4.407568895860249775e-02 1.717146592837484956e-02 2.388839813966255402e-02 2.584750475015057045e-02 1.402490678491491796e-02 9.798467137240952918e-03 1.299724037025464830e-02 1.726243668174066992e-02 3.166843196428561352e-02 1.559735330897424332e-02 -7.374043816846424316e-04 1.298716393399284609e-02 1.688234379974430655e-02 1.648939992540626037e-02 1.770062943803833375e-02 1.994199668243337373e-02 1.294846832148297336e-02 2.608166039415611356e-02 3.037991617557489477e-02 3.256089626080365534e-02 3.708139649139249872e-02 3.796419967635967542e-03 1.968359081644333042e-02 2.468256997431083483e-02 1.405034928995318490e-02 2.100897714785809195e-02 1.800936890983692931e-02 2.180372295142152250e-02 2.638843674064790881e-02 3.296744026602151101e-02 1.731422174546550646e-02 2.713543475983219364e-02 2.151919611514128625e-02 3.633795246413562552e-02 2.754175867033507863e-02 2.425903841014173667e-02 3.399426694928898290e-02 3.228583298768891718e-02 2.396953184054591984e-02 2.430581856434554586e-02 2.890900084418651650e-02 2.281790222474687838e-02 1.799631386155225998e-02 1.937504732445111816e-02 2.501232402327447160e-02 1.376447758480119424e-02 2.635554749415076198e-02 1.899774536260858543e-02 9.995654975514030316e-03 1.347501878587756274e-02 2.141898483020590604e-02 1.114187336042908247e-02 6.849497381597968899e-03 2.362484363810774327e-02 2.029051760950681405e-02 8.896734711981300198e-03 1.108425965171281127e-02 1.078096319955798750e-02 6.021117273221963592e-03 9.556857697515321742e-03 4.744773959520791687e-03 1.731415906066764016e-02 7.398309788489976051e-03 2.919661448502929718e-03 -2.142185697530758152e-04 1.249363133526616362e-02 7.088809569413764139e-03 4.185093558772645314e-03 1.420802882106288884e-02 2.237727700620723015e-02 1.364942533511216347e-02 1.516588586428260603e-02 1.567674609436435496e-02 1.075299800336161626e-02 -3.340085761508939256e-04 1.204652780223806723e-02 7.117486098401073873e-03 9.501323672277295351e-03 1.699640995198757609e-02 1.803992205408824073e-02
6.375683361851321174e-02 1.000000000000000000e+00 1.274230425641180442e-01 1.244399492995041240e-01 9.711927887773530443e-02 9.587297836721668520e-02 1.459103837474370613e-01 1.500180775602067418e-01 1.717639263819589202e-01 1.823028132768099718e-01 1.513736486120013380e-01 1.664899617102867657e-01 1.587730952457130917e-01 1.410545657425631982e-01 1.617769794682493434e-01 1.671844680138794281e-01 1.666110748435389310e-01 1.924520249605122801e-01 1.833325567883271612e-01 1.749065253679225884e-01 1.899676302424930796e-01 1.867270730405782009e-01 1.927396274429494794e-01 2.017103487302752407e-01 2.040282792908375831e-01 1.825171747046358262e-01 1.727296087626831178e-01 1.804143122041507730e-01 1.773546328687242712e-01 1.823575643655088452e-01 1.651070985712059236e-01 1.892660962383291567e-01 1.897435983831432527e-01 1.885749365223596541e-01 1.742146316095183889e-01 1.699782766545434587e-01 1.734598902872716009e-01 1.731623858903245661e-01 1.718129837683226580e-01 1.823155901548072777e-01 1.684925568135105245e-01 1.748906166640535609e-01 1.561384058101009942e-01 1.628410346747160564e-01 1.711178622188822829e-01 1.673557845462808336e-01 1.558379907240292905e-01 1.582570882128205569e-01 1.610644724582305232e-01 1.614295314307941376e-01 1.612350081488071463e-01 1.533069771523220826e-01 1.508151431613847793e-01 1.549354236779753868e-01 1.615369061688521901e-01 1.758086451233153158e-01 1.504503161929106880e-01 1.563596256189744294e-01 1.573259323126721676e-01 1.524891339485051900e-01 1.541932543014581380e-01 1.438576465027812112e-01 1.541572297540308445e-01 1.490052460113578392e-01 1.621308562535198339e-01 1.572693372258958666e-01 1.665873625773627020e-01 1.782241944199909334e-01 1.781003253822632804e-01 1.763500520522782444e-01 1.719876999112906202e-01 1.684837982384369548e-01 1.821671177518494611e-01 1.786295426784288987e-01 1.708016961241636544e-01 1.673674211929446487e-01 1.725160532284751302e-01 1.706617603953279327e-01 1.675963819260611332e-01 1.671491331041902173e-01 1.663202175393073412e-01 1.644369573788447836e-01 1.786925360264558504e-01 1.711700117929601805e-01 1.711063173711437624e-01 1.693984434547195772e-01 1.672232436035536451e-01 1.708606508097128274e-01 1.670364622509965535e-01 1.785267979131017202e-01 1.727366099269312671e-01 1.661924207106262597e-01 1.672992613348678326e-01 1.661924385818429883e-01 1.611994210356206270e-01 1.615954971615793934e-01 1.601369777789468651e-01 1.580963277772634290e-01 1.562022468689052423e-01 1.609589314344169741e-01 1.630232235330450474e-01 1.590565454749615637e-01 1.573478876602217857e-01 1.565402254503045487e-01 1.667362594652315455e-01 1.607299885498550129e-01 1.595429206855508431e-01 1.651521262141763258e-01 1.666429837968337324e-01 1.599799590564874030e-01 1.620423428307608271e-01 1.572473950654882935e-01 1.564986096563068529e-01 1.578347577206226648e-01 1.625853355422569313e-01 1.596644228639180485e-01
1.190070472300639448e-01 1.274230425641180442e-01 1.000000000000000000e+00 3.384206948804719395e-01 1.830079480244273249e-01 2.525911393722259923e-01 3.291951415436090711e-01 3.138770431109928483e-01 3.560988339819599058e-01 3.248221182668067364e-01 3.612732867901021772e-01 3.809009273424107112e-01 3.562584186993352220e-01 3.305104974220735015e-01 3.695693252360294223e-01 3.611114113613257404e-01 3.403244398845925445e-01 3.904852668322107978e-01 3.796153130748357030e-01 3.035444314177188074e-01 3.658677117226942777e-01 3.804688706743665771e-01 3.795304880192602037e-01 3.822913497390965643e-01 3.902538278558836948e-01 3.864157863603376875e-01 3.760465389971202610e-01 3.925035316416109477e-01 3.940020714474551933e-01 3.909265089790862624e-01 3.928394024685765706e-01 3.937770610489401690e-01 3.814064690627199661e-01 3.884453514214387670e-01 3.910869360861345956e-01 3.690375655602931015e-01 3.837772469546221754e-01 3.690839475392624913e-01 3.836113192741102407e-01 3.692854329259374069e-01 3.741974068568349465e-01 3.768835554272138566e-01 3.705496347694619552e-01 3.769826548673138600e-01 3.788033933396758313e-01 3.784884350716951062e-01 3.682985761569596006e-01 3.703828223505205575e-01 3.735056299399430735e-01 3.643903118570340216e-01 3.653388523228853768e-01 3.596393992364024239e-01 3.661424884405105606e-01 3.806948256263379959e-01 3.751865969932079992e-01 3.813357711566745523e-01 3.749183677198615339e-01 3.690564135151023217e-01 3.690421441364621913e-01 3.774750132439184114e-01 3.750490806526970422e-01 3.709536592653335241e-01 3.718307274760250802e-01 3.721051481905449099e-01 3.789110348965187836e-01 3.832701812488672477e-01 3.791244438604187139e-01 3.879635035589110714e-01 3.873361085971140927e-01 3.762270722357135000e-01 3.867034471068093171e-01 3.864907969088803852e-01 3.955700425047035673e-01 3.918614555043027359e-01 3.828169759107762915e-01 3.840883918521969531e-01 3.890282643246854577e-01 3.860744523552624985e-01 3.785357236954943194e-01 3.807763027166304881e-01 3.811405983165588318e-01 3.840105457010671297e-01 3.888511903321810181e-01 3.826935726366065271e-01 3.764190747049451780e-01 3.811148087605648049e-01 3.801872286010529733e-01 3.792918101122784713e-01 3.759183450369664725e-01 3.869560400818316537e-01 3.833751379959184358e-01 3.784237264284441293e-01 3.789988259087289091e-01 3.772906351056721785e-01 3.721240319312414946e-01 3.750477915113824556e-01 3.669433784487223793e-01 3.703523009065729510e-01 3.679984598287834863e-01 3.664467071309456259e-01 3.674700459426621935e-01 3.722533730104427563e-01 3.713395238710203716e-01 3.706251050608206365e-01 3.782478810126443380e-01 3.791867023663942349e-01 3.755256760169476404e-01 3.763511675442504090e-01 3.811351004996020864e-01 3.719097527962714200e-01 3.704183491365600767e-01 3.732769717683285804e-01 3.721067847353676239e-01 3.727033031245979844e-01 3.776929278756901431e-01 3.756972594332813609e-01
8.230408019040008627e-02 1.244399492995041240e-01 3.384206948804719395e-01 1.000000000000000000e+00 3.798352487221879903e-01 4.268355834209800470e-01 5.825093405278968239e-01 5.937958476073305070e-01 6.047706619596874278e-01 5.547142384728337428e-01 6.113313477008988084e-01 6.689125244023268468e-01 6.067559520665474215e-01 5.576889705491495652e-01 6.492060149443298345e-01 6.605446110863815168e-01 6.107936173235030131e-01 6.434597346932796613e-01 6.316223153743745211e-01 5.843327771397328618e-01 6.648353990321750340e-01 6.522662185538047330e-01 6.154128914696580521e-01 6.312758290880877698e-01 6.407448709324968794e-01 6.565709253933773581e-01 6.421339532537192474e-01 6.507424677205803087e-01 6.312567325513216421e-01 6.506186092923402775e-01 6.523131745184144181e-01 6.655792758086921390e-01 6.309750716067038523e-01 6.584483639239421260e-01 6.425046764976710678e-01 6.390956883296685653e-01 6.629521598437989605e-01 6.523853024530037459e-01 6.573706181115537284e-01 6.559848323270542902e-01 6.515430463774426473e-01 6.584744250129036525e-01 6.586617950061617321e-01 6.702384752998908901e-01 6.654782829252570142e-01 6.574269024947775319e-01 6.431234323221246552e-01 6.469438373413929355e-01 6.522742911965790924e-01 6.551131756020942554e-01 6.616082840178341140e-01 6.603573691228462605e-01 6.517141958491653453e-01 6.539054986397716540e-01 6.555337023946022912e-01 6.569110577997816502e-01 6.582012471992626512e-01 6.532755382819729340e-01 6.523453443750573122e-01 6.501296738627033722e-01 6.543015692419005269e-01 6.488806778951147214e-01 6.563967326869659669e-01 6.519084859417217936e-01 6.551350457888679424e-01 6.651814830190586614e-01 6.513228408922924206e-01 6.621092632244685028e-01 6.609949129546984770e-01 6.762553892432240366e-01 6.698350170795918102e-01 6.606286030238579521e-01 6.704796074505207093e-01 6.648990705049979688e-01 6.614423629923734671e-01 6.593729602811740920e-01 6.612667396451544777e-01 6.516224654647591041e-01 6.558521002086776797e-01 6.533313987074252926e-01 6.547205536694793437e-01 6.547707112655113404e-01 6.650071926330070049e-01 6.537508303633485784e-01 6.610986023481558727e-01 6.631401483185980217e-01 6.588086332635462172e-01 6.587184006790416380e-01 6.548654715034080143e-01 6.670049837323609454e-01 6.672275125443141164e-01 6.577735412846446028e-01 6.573374276568537677e-01 6.596257006858665672e-01 6.500120517943672738e-01 6.484068865195571352e-01 6.569590736256469832e-01 6.571160606865759091e-01 6.525046079316784153e-01 6.536475078052926824e-01 6.566890438370892591e-01 6.563276808267597406e-01 6.516508488640060381e-01 6.537664641935353460e-01 6.635105230573976609e-01 6.594978820519434848e-01 6.526476854343749023e-01 6.499438959295645857e-01 6.607704697006377970e-01 6.518562053591739902e-01 6.503999861475410205e-01 6.496115993307290948e-01 6.502526028321931051e-01 6.515830231030438346e-01 6.534336705316940996e-01 6.548585954054455538e-01
3.801965618387625426e-03 9.711927887773530443e-02 1.830079480244273249e-01 3.798352487221879903e-01 1.000000000000000000e+00 2.988695690794774262e-01 4.711098505392501967e-01 4.729621127079391418e-01 4.461690237210309551e-01 4.226083461177204126e-01 4.495099393965087953e-01 4.949690715298527000e-01 4.922560530286114178e-01 4.206206199534811008e-01 5.009544010097477518e-01 5.017360135912811714e-01 4.395042298600164710e-01 4.257967315713970802e-01 4.338257932010465834e-01 3.985761054277806581e-01 4.527735643272262078e-01 4.441333152557739861e-01 4.224640106361667868e-01 4.144151154317123331e-01 4.290305292788427760e-01 4.875256779934294959e-01 4.690552765374621513e-01 4.686237181180604727e-01 4.499265970104671108e-01 4.651360505527893374e-01 4.801899469961941058e-01 4.773061008138801409e-01 4.503120417805139275e-01 4.714256254444409988e-01 4.644826263905716401e-01 4.803277810385298552e-01 4.906592214467915269e-01 4.718103846913483945e-01 4.874432028185970434e-01 4.855392574823095830e-01 4.909602412395889792e-01 5.004418782583446301e-01 5.097109140510692749e-01 5.048171020638048123e-01 4.962945527102469723e-01 4.929089745553391633e-01 4.949834061697615528e-01 4.927322324411106402e-01 4.894602035657475425e-01 4.844731852441566122e-01 4.949086107412659086e-01 5.019392949497505363e-01 4.947317618201587108e-01 4.932288241899185355e-01 4.889465772684412070e-01 4.884144329728122846e-01 4.941126278210934419e-01 4.948217044226879691e-01 4.865440616137549634e-01 4.967912031157966646e-01 5.014293348259635241e-01 4.928494518374293420e-01 4.941626381811917712e-01 4.933416694148044512e-01 4.928686586679841275e-01 5.038202406575449377e-01 4.892032400384174751e-01 4.850340004274408257e-01 4.852085626256245066e-01 4.901349844836211944e-01 4.940320349393593768e-01 4.868224285408347951e-01 4.831970716234517127e-01 4.847852291094633670e-01 4.990704510965522367e-01 4.961055885755048522e-01 4.948346612215893114e-01 4.802238313681597148e-01 4.896651165843605713e-01 4.888053661365410751e-01 4.869734151018172419e-01 4.898295154016599762e-01 4.862574159021111342e-01 4.845572062333927121e-01 4.896447891879012193e-01 4.898987440769713153e-01 4.941275089579125201e-01 4.919609094395120952e-01 4.911792240441524848e-01 4.917877616795762186e-01 4.987615068972404697e-01 4.979933900908961042e-01 4.950601997152477285e-01 4.950801608091203176e-01 4.961412108917030994e-01 4.938275884817929784e-01 5.000227007669932888e-01 4.954038199175043178e-01 4.975048594106270539e-01 4.940661934197794758e-01 5.016108308052453779e-01 4.932081295411386845e-01 5.002530116993249010e-01 5.006102110625314516e-01 4.999242604332152506e-01 4.957952961213686338e-01 4.943803818361515723e-01 4.953432965510982666e-01 4.973789678348222165e-01 4.974673943063935289e-01 4.918314202163385218e-01 4.983209632172581061e-01 4.925325518369659261e-01 4.943489638503740236e-01 4.913067705778281780e-01 4.969672421330469936e-01
3.506160703220723152e-02 9.587297836721668520e-02 2.525911393722259923e-01 4.268355834209800470e-01 2.988695690794774262e-01 1.000000000000000000e+00 5.128253910489549705e-01 5.008818570375995760e-01 5.309590691691794540e-01 4.874487963644445476e-01 5.224561096095587942e-01 5.732774831111284719e-01 5.270714507440266150e-01 5.189956349084222653e-01 5.752442102094696974e-01 5.827681233195833865e-01 5.504053504395347574e-01 5.435210715068146126e-01 5.462608012587724104e-01 4.510170313340098325e-01 5.334045771497604171e-01 5.566990827716703505e-01 5.399785581819244173e-01 5.299081525104361035e-01 5.411277199883466338e-01 5.780531793435627064e-01 5.744058560489692100e-01 5.874107683805812608e-01 5.752564355655850337e-01 5.792698210010972515e-01 5.903399651516599844e-01 5.843544464445370457e-01 5.741569774724879505e-01 5.798210434868540375e-01 5.717329354142790532e-01 5.734734379237079738e-01 5.886864925926297287e-01 5.833164199606516442e-01 5.910129651043229959e-01 5.813265934813497404e-01 5.866696196590780454e-01 5.934892301842599194e-01 5.884456195218988883e-01 5.948041278032027979e-01 5.900505477493890316e-01 5.918003152076555251e-01 5.856523365126079517e-01 5.883124720828720733e-01 5.850246986807103866e-01 5.740915958158759880e-01 5.870586929294764333e-01 5.670869906390513249e-01 5.801210943789463226e-01 5.902983841990574465e-01 5.849219712297455409e-01 5.884994273215266025e-01 5.827584790973973083e-01 5.876384818409787769e-01 5.899057838720376257e-01 5.888592424203134001e-01 5.912148550651084022e-01 5.873589624890208638e-01 5.885258333700628119e-01 5.853362739117050628e-01 5.885924101253043883e-01 5.910655664959029165e-01 5.904423737458036614e-01 5.936989264068841532e-01 5.931838057142803100e-01 5.837815161192403401e-01 5.920063825382053668e-01 5.917208604266780414e-01 5.861723875695129538e-01 5.892152527966449949e-01 5.971054491622258542e-01 5.952965942536934119e-01 5.981474782053232131e-01 5.937550030302628512e-01 5.952001159670778918e-01 5.928392743200752157e-01 5.919201820118115132e-01 5.926507274817827131e-01 5.929186825154022511e-01 5.916383636644142463e-01 5.876746882297263497e-01 5.922811818091973102e-01 5.950107062764883326e-01 5.943055593444133144e-01 5.968154994288741300e-01 5.970750421813242337e-01 6.000074037612970201e-01 5.950582789173499698e-01 5.929657648058090924e-01 5.945098470096580323e-01 5.916815202157935660e-01 5.914795671609491823e-01 5.868006338875724204e-01 5.810013044589549258e-01 5.883614190282372425e-01 5.849367918179435577e-01 5.912590203096337316e-01 5.904203027460921405e-01 5.885137693482990207e-01 5.902995042629557432e-01 5.892811710913089529e-01 5.909295805992468287e-01 5.904738306495940225e-01 5.944442749489485811e-01 5.975085835681750446e-01 5.928821529140119173e-01 5.933513762055966367e-01 5.927749204168575314e-01 5.931870394506540967e-01 5.912191661024051026e-01 5.920676263804780515e-01 5.897378306126375147e-01
4.125095838140559884e-02 1.459103837474370613e-01 3.291951415436090711e-01 5.825093405278968239e-01 4.711098505392501967e-01 5.128253910489549705e-01 1.000000000000000000e+00 7.097953087906151426e-01 7.216922515539585525e-01 6.782153143384742622e-01 7.404364187284681043e-01 7.951525068468452417e-01 7.310696983265535520e-01 7.009552987326757023e-01 8.433698512172508321e-01 7.972080182643204171e-01 7.212534830154333498e-01 7.099862517880698443e-01 7.029597293493200505e-01 6.337374840050156166e-01 7.041880396373595419e-01 7.186671648515445820e-01 7.036182328892675031e-01 6.965714695538569590e-01 6.950560177767068915e-01 7.725218726956893933e-01 7.653848868001886796e-01 7.800774036418888224e-01 7.492589915620737617e-01 7.696344747215990711e-01 7.859639906407277499e-01 7.899388927047790165e-01 7.651160174928970381e-01 7.906201873310981787e-01 7.773594514614473594e-01 7.748459297210977814e-01 7.945000870764756806e-01 7.975462567942541714e-01 8.098201536194342687e-01 7.960864077085306745e-01 8.018763729721880562e-01 8.080608508934491452e-01 8.070238834758629576e-01 8.137635108800026496e-01 8.055895931234141605e-01 8.060414401429599751e-01 8.070974863696730450e-01 8.041803307768455866e-01 8.055990870813104499e-01 7.976942831281009783e-01 8.057258000935328957e-01 7.904462159076467431e-01 8.016654765960576912e-01 7.967604406492634350e-01 7.956118937741230024e-01 7.944274763473828660e-01 7.860168509170173401e-01 8.068747980238410999e-01 7.980486127097715654e-01 8.017733062137268885e-01 8.063573640852346180e-01 7.918101439044497036e-01 7.936271793880066427e-01 7.926461085029657960e-01 7.963535934074982281e-01 8.005564208288858952e-01 8.067482486310392220e-01 8.028600240988154058e-01 8.027260370498155995e-01 7.976017939903465859e-01 8.052855404872908407e-01 8.027104760610016543e-01 7.989918692087655261e-01 7.959820895442142330e-01 8.104377162836486903e-01 8.079525579543285208e-01 8.079536260238623369e-01 7.918770888971002897e-01 8.083678595531252897e-01 8.049853645686290138e-01 8.073305329266305952e-01 8.058340014444597132e-01 8.036777986182760403e-01 8.048173724266856066e-01 8.106986324575197189e-01 8.135327724379238790e-01 8.115132777238714956e-01 8.152941732020604348e-01 8.167281922599608501e-01 8.089107104654561509e-01 8.182447883085995910e-01 8.185503908276308138e-01 8.133396357479033556e-01 8.163575019153684886e-01 8.107281442424909557e-01 8.100586406218376334e-01 8.089785455920555091e-01 7.984715427486540618e-01 8.061764238988924358e-01 8.152269309119252183e-01 8.202968733861101258e-01 8.072035901892975485e-01 8.094429478355682495e-01 8.118044635965138145e-01 8.108341151210513020e-01 7.995010083579086047e-01 8.082659912574733374e-01 8.088082087607113557e-01 8.101629383219055569e-01 8.109273743557647851e-01 8.091773897476555177e-01 8.074439543483220572e-01 8.039838168638037130e-01 8.058230629687139768e-01 8.064054220915100046e-01 8.063971358687763713e-01
3.928493253819308195e-02 1.500180775602067418e-01 3.138770431109928483e-01 5.937958476073305070e-01 4.729621127079391418e-01 5.008818570375995760e-01 7.097953087906151426e-01 1.000000000000000000e+00 7.023376670221952445e-01 6.501437239670162516e-01 7.107438879687665301e-01 7.751046882360340673e-01 7.053759574913985864e-01 6.877434260924696341e-01 7.866012422250572289e-01 7.901753033742375809e-01 7.083946516897717816e-01 7.065110311542830424e-01 6.971179167257467446e-01 6.170162811303280259e-01 7.224703010291754213e-01 7.314472154094839862e-01 6.977785075756747224e-01 6.925313837241774406e-01 6.982376527616200867e-01 7.667456713451105133e-01 7.496452133294143616e-01 7.647120395105878599e-01 7.428465330109280673e-01 7.529759245302848347e-01 7.707025822953955663e-01 7.800279183367977431e-01 7.526447460656818800e-01 7.708500853996599345e-01 7.635079095754455647e-01 7.553303452449835476e-01 7.776847677399177927e-01 7.911728946702735188e-01 7.873305076963235116e-01 7.816584248534699242e-01 7.709511876607476610e-01 7.885225593641944641e-01 7.874535922537438948e-01 7.914662031627917038e-01 7.838712475892186671e-01 7.861729861734991776e-01 7.754789895247103937e-01 7.743151714960007093e-01 7.829529960308885261e-01 7.879482508424665577e-01 7.967248351560375363e-01 7.668734702690350735e-01 7.711294280261603573e-01 7.775984284872108354e-01 7.869768090077623457e-01 7.796641743173376993e-01 7.794294861908980243e-01 7.833479962490378368e-01 7.898057524285131414e-01 7.750924795664245748e-01 7.887235057484521805e-01 7.761306749405080252e-01 7.884899763921857652e-01 7.762665955879810564e-01 7.726832783336611277e-01 7.777843012103761167e-01 7.761076460568725466e-01 7.768672971983506814e-01 7.827390596278933632e-01 7.742163117676947870e-01 7.818438457008513032e-01 7.770670419630041348e-01 7.774238790520974218e-01 7.731285510947690787e-01 7.872344472345418342e-01 7.822634059144045748e-01 7.848888161274502062e-01 7.727563699536501574e-01 7.792975092899717682e-01 7.790480286181590275e-01 7.828135399045259568e-01 7.786053275436115584e-01 7.845582454663234673e-01 7.820061177122579199e-01 7.900794841745649721e-01 7.866580738419801655e-01 7.860231056970576891e-01 7.898465625079045260e-01 7.858116310000416993e-01 7.901071021072086920e-01 7.914286775402620266e-01 7.868474512341994132e-01 7.825085690995764454e-01 7.870615722930636160e-01 7.820125164475851820e-01 7.793728335417191566e-01 7.938718748317729057e-01 7.851777048455180763e-01 7.874869832728365049e-01 7.890314725953279096e-01 7.880771140672034880e-01 7.887020568583182900e-01 7.787166465358453804e-01 7.874485970882276753e-01 7.888276520417348836e-01 7.864087399464583239e-01 7.828564307557025481e-01 7.788139538949159224e-01 7.887051571368284275e-01 7.856884223672309098e-01 7.874583027233089672e-01 7.793747826208627938e-01 7.799371960598084907e-01 7.811781111453008908e-01 7.793734922012133248e-01 7.792279600602484146e-01
6.180210370120893526e-02 1.717639263819589202e-01 3.560988339819599058e-01 6.047706619596874278e-01 4.461690237210309551e-01 5.309590691691794540e-01 7.216922515539585525e-01 7.023376670221952445e-01 1.000000000000000000e+00 7.499431972653523015e-01 8.089012833011905990e-01 8.534681081142739822e-01 7.796418583992866802e-01 7.757354402800260562e-01 8.542216233156539884e-01 8.422168100889784181e-01 7.993858303236756058e-01 7.944213745418060579e-01 8.061646426019775102e-01 6.642036640358947031e-01 7.719678219730208291e-01 8.222160577767922973e-01 8.043963087069441187e-01 7.875986328921804613e-01 7.970121039360151816e-01 8.509648295955457575e-01 8.534092065429493834e-01 8.587457836612868434e-01 8.466665021595838336e-01 8.687218404219828605e-01 8.798117946729652195e-01 8.719341013799927209e-01 8.323382997991525256e-01 8.599799126240116331e-01 8.520907591241275725e-01 8.437405549770430335e-01 8.740785783506700435e-01 8.659970587904565198e-01 8.746275442147046775e-01 8.509655506936938396e-01 8.778817279925673622e-01 8.718477684523249227e-01 8.461637399226155098e-01 8.798916100779207161e-01 8.752330590234418395e-01 8.732492231347620537e-01 8.791320589092138649e-01 8.873026466089940500e-01 8.858437541649930580e-01 8.620368457403910778e-01 8.702508948525048416e-01 8.309981834840666215e-01 8.658675558327481037e-01 8.868139832859271987e-01 8.767208518931070005e-01 8.804884318391059672e-01 8.726190518474146174e-01 8.768717137836233855e-01 8.760441375414643739e-01 8.846995948134522836e-01 8.810986320835546559e-01 8.757793813459695542e-01 8.755094158636814727e-01 8.803270320281280092e-01 8.816109129793149313e-01 8.793514933654864585e-01 8.873202452733448542e-01 8.875650457787001013e-01 8.853752167252643135e-01 8.717398589529365971e-01 8.872790765001539182e-01 8.881703233958047061e-01 8.735478946447975401e-01 8.807487407984875283e-01 8.872392170711107529e-01 8.879666316478554977e-01 8.855462659935827707e-01 8.814278637096927271e-01 8.847305945080261580e-01 8.893018062662236822e-01 8.883168894755063549e-01 8.894350415166637491e-01 8.831699648941774283e-01 8.825952245027072207e-01 8.746510395904407709e-01 8.823428523848370064e-01 8.857893470614173204e-01 8.822348625023369584e-01 8.841049350490839398e-01 8.815763304635566566e-01 8.795234669995856125e-01 8.840091528652253006e-01 8.858134932263393990e-01 8.847251732294507676e-01 8.856172779153140828e-01 8.876058254994041441e-01 8.672502018587681105e-01 8.745493021341635975e-01 8.813620509929447344e-01 8.748138075139635372e-01 8.748428973989544888e-01 8.828185808143441671e-01 8.792337452673888443e-01 8.837258285385916068e-01 8.811578802598938331e-01 8.827877382499232928e-01 8.866048947255104062e-01 8.879626450756531453e-01 8.868323223126567401e-01 8.852481924098103416e-01 8.815236452508448117e-01 8.886499589667247179e-01 8.850344824543763256e-01 8.838839825055927468e-01 8.862708757578816599e-01 8.858125616001211178e-01
5.382494740619524903e-02 1.823028132768099718e-01 3.248221182668067364e-01 5.547142384728337428e-01 4.226083461177204126e-01 4.874487963644445476e-01 6.782153143384742622e-01 6.501437239670162516e-01 7.499431972653523015e-01 1.000000000000000000e+00 7.415790871504246429e-01 7.889268805231705040e-01 7.199546203958289148e-01 7.077493493620843346e-01 7.927763717041705904e-01 7.746125966007934016e-01 7.359040678915382827e-01 7.423166294252350195e-01 7.422781168437410093e-01 6.297466130593811773e-01 7.185800935709918402e-01 7.655400237339127223e-01 7.444234457977472186e-01 7.330668924062022640e-01 7.452899479444814457e-01 7.921387858155707340e-01 7.860872246284603682e-01 8.010275982694068375e-01 7.808878152069311795e-01 8.026170292848052723e-01 8.117126073207676651e-01 8.067652135133761560e-01 7.778754432295392762e-01 7.939226742701404049e-01 7.923641344115168739e-01 7.773230645027150443e-01 8.091226427517460573e-01 7.990315882013890869e-01 8.099409693906021168e-01 7.898034178457384868e-01 8.039141534613839513e-01 8.044138833811438349e-01 7.848320295520144763e-01 8.078568541379208545e-01 8.060906879759361932e-01 8.078712250047814791e-01 8.020515333992361828e-01 8.104736277252702070e-01 8.087518538194975459e-01 7.887944533060494701e-01 7.981869341763238035e-01 7.657829664744666420e-01 7.930942309431990855e-01 8.114368816242324423e-01 8.058102109555875803e-01 8.103141895683847462e-01 7.942801078215500077e-01 8.084843468876520278e-01 8.015536759817324386e-01 8.077813022500666129e-01 8.039713466253300966e-01 8.006665534019934416e-01 7.998314591450084166e-01 7.988844233130729666e-01 8.078333597925662080e-01 8.052233701197318849e-01 8.119668661749718241e-01 8.160056400332772464e-01 8.124755250873474388e-01 8.048880765170405294e-01 8.153716366046586117e-01 8.144352738576008388e-01 8.054323572162809253e-01 8.114601408122843473e-01 8.135774507258997090e-01 8.189796470684982399e-01 8.178368179733453980e-01 8.108713362871439179e-01 8.121406422246385537e-01 8.159617991957855976e-01 8.151855249559880612e-01 8.142763780041120114e-01 8.106624667098312198e-01 8.132958352061190332e-01 8.031754739341923077e-01 8.113476796305736372e-01 8.134160289826226631e-01 8.129031880499991702e-01 8.107980467038792272e-01 8.130177160155721561e-01 8.141968634202350064e-01 8.134013489140614617e-01 8.122493031721642609e-01 8.140720877910266884e-01 8.095840121161599345e-01 8.114614139198429443e-01 7.943782955643223787e-01 7.946675766366538829e-01 8.021429552666624607e-01 8.000451507880451674e-01 8.018181358234399703e-01 8.044244612236025604e-01 8.036742789246258400e-01 8.067170956536531268e-01 8.069043189182325548e-01 8.030994959444106573e-01 8.082089038073080323e-01 8.143813817080641781e-01 8.138886972978529588e-01 8.076268499635737008e-01 8.081463863307222217e-01 8.106563877971586507e-01 8.070314552199516767e-01 8.048105097474900216e-01 8.102183377524885266e-01 8.071658412952663619e-01
3.064295104223534183e-02 1.513736486120013380e-01 3.612732867901021772e-01 6.113313477008988084e-01 4.495099393965087953e-01 5.224561096095587942e-01 7.404364187284681043e-01 7.107438879687665301e-01 8.089012833011905990e-01 7.415790871504246429e-01 1.000000000000000000e+00 8.727471201618286489e-01 7.840073912014969837e-01 7.962091542728965132e-01 8.700509833503184964e-01 8.512484736399010821e-01 8.096488859806764138e-01 7.979731519796784411e-01 8.024579220473688768e-01 6.485225771772588077e-01 7.752925021968392061e-01 8.257636620254622528e-01 8.060885626969624962e-01 7.863787114061498995e-01 8.049046405034324669e-01 8.628519440608665159e-01 8.589364789396555233e-01 8.657239229317412743e-01 8.486307010018157015e-01 8.756718896654597240e-01 8.953838160736136143e-01 8.805457892242084528e-01 8.419677552299210666e-01 8.706238655528339976e-01 8.653629024631769306e-01 8.620477496566588682e-01 8.830807095538714124e-01 8.789322254143131508e-01 8.907731958396153393e-01 8.655470390696782257e-01 8.925132384701635058e-01 8.857211239515604406e-01 8.684862077597623742e-01 8.959279164981059917e-01 8.882542561333081066e-01 8.887345502860780622e-01 8.944299693770157988e-01 9.011881861157990947e-01 9.025233040112549121e-01 8.840391179660889165e-01 8.885703781690443837e-01 8.677800807360341873e-01 8.845486718264006232e-01 8.987086665025764143e-01 8.936577702333131645e-01 8.943149210066236865e-01 8.919962334995503728e-01 8.927172392322638705e-01 8.930343031281410271e-01 8.974773863360147041e-01 8.988847539645723472e-01 8.929494083730016296e-01 8.954890380922954085e-01 8.957202419436347540e-01 8.930280900875092742e-01 8.990250992632884408e-01 9.005799670947184365e-01 8.986516619241899928e-01 8.965437663991233652e-01 8.764468583769411403e-01 8.987052379293626325e-01 9.000130411396185526e-01 8.836271351380614592e-01 8.920928491090650558e-01 9.006710046047698981e-01 8.997285035560973476e-01 8.981783101067988273e-01 8.912264265190347201e-01 8.966821326386009705e-01 9.012312375926569974e-01 9.004049649708475433e-01 9.034768466849255608e-01 8.960936515032286165e-01 8.978062800831679846e-01 8.932884983858820904e-01 8.989190421947385046e-01 9.026580059306938963e-01 8.974682604208298331e-01 8.996152212805362813e-01 8.977856594516547828e-01 8.973802186828694349e-01 9.001658308855442492e-01 9.016698163314852410e-01 9.013212422803166257e-01 9.011110744179998688e-01 9.027252280469008072e-01 8.912942415694889986e-01 8.933300720777676007e-01 8.989526510807105408e-01 8.935258137679491508e-01 8.963017243749670238e-01 8.988272058084790794e-01 8.981035499494116614e-01 9.005523492834991428e-01 9.012465127413616939e-01 8.985224470713607525e-01 9.031085886999101753e-01 9.016206532967294685e-01 9.011510752824248849e-01 9.000717022128827960e-01 8.982394868313515746e-01 9.019487826772265571e-01 9.014956430827455458e-01 9.010213783364678930e-01 9.017450330050647000e-01 9.024475467233356030e-01
3.749950640867725365e-02 1.664899617102867657e-01 3.809009273424107112e-01 6.689125244023268468e-01 4.949690715298527000e-01 5.732774831111284719e-01 7.951525068468452417e-01 7.751046882360340673e-01 8.534681081142739822e-01 7.889268805231705040e-01 8.727471201618286489e-01 1.000000000000000000e+00 8.455412484541074969e-01 8.342890890877389110e-01 9.229379972529364595e-01 9.180663465326380779e-01 8.548041585972476764e-01 8.421312754498843089e-01 8.477310592471549722e-01 7.193895998630367439e-01 8.316517919804294889e-01 8.688422882772438571e-01 8.445395126041778111e-01 8.256664727234656054e-01 8.424815314165595703e-01 9.103343486587291977e-01 9.115381046464611225e-01 9.145594629789944863e-01 8.968935837544829148e-01 9.194888662022399073e-01 9.361097909145610352e-01 9.285441127572935383e-01 8.865673737418493516e-01 9.156091455891038899e-01 9.094288178141050061e-01 9.052480334734558376e-01 9.313951552240384846e-01 9.299993988797675692e-01 9.373094419821775825e-01 9.162078143155192311e-01 9.377526035301337881e-01 9.366030729836539725e-01 9.274656808557896204e-01 9.491360468486811364e-01 9.399093674652351238e-01 9.392724109167848168e-01 9.443210152694841986e-01 9.471282270079015575e-01 9.491923878451811181e-01 9.293956197799967400e-01 9.396362693928524967e-01 9.181305836797327702e-01 9.366672053613760429e-01 9.491541632794403549e-01 9.425189456228035834e-01 9.398547939218494518e-01 9.403036785817671106e-01 9.449048686448637824e-01 9.452568109648797900e-01 9.495252189133738252e-01 9.496388289473671751e-01 9.463106381635404407e-01 9.450386390151449545e-01 9.435533693849930126e-01 9.430064919904769249e-01 9.498789953449794377e-01 9.466531712531215392e-01 9.456919986856281435e-01 9.440882148565451493e-01 9.347870339664543504e-01 9.485980674331951912e-01 9.467071248873109024e-01 9.328642983909998243e-01 9.388194625314414399e-01 9.495659830675459157e-01 9.496938424465438677e-01 9.480664718269407043e-01 9.393858285683075460e-01 9.447869631294821824e-01 9.482839440911994267e-01 9.479810844053873087e-01 9.497946327319394255e-01 9.421046591170760820e-01 9.464249016354370214e-01 9.394066857824125982e-01 9.460693330927213429e-01 9.495981093428390585e-01 9.459321914088346661e-01 9.475475918949849419e-01 9.457238144635856658e-01 9.475979680850006304e-01 9.499673659140619453e-01 9.497684454471834181e-01 9.506271040912653847e-01 9.496185874822541395e-01 9.500746685682267545e-01 9.380762138193635691e-01 9.387858964637466608e-01 9.458461909818521862e-01 9.413099502671214980e-01 9.458684657315271638e-01 9.462402662665989617e-01 9.480435470608943316e-01 9.499098097570793930e-01 9.492759620239447083e-01 9.465811571969821037e-01 9.504418093456509231e-01 9.496138433311432925e-01 9.514330235549295356e-01 9.495267366842755630e-01 9.473417658127621932e-01 9.513907227171113368e-01 9.493967384686405886e-01 9.476687851758549552e-01 9.478259105844829557e-01 9.512964761683132542e-01
2.668608883365514509e-02 1.587730952457130917e-01 3.562584186993352220e-01 6.067559520665474215e-01 4.922560530286114178e-01 5.270714507440266150e-01 7.310696983265535520e-01 7.053759574913985864e-01 7.796418583992866802e-01 7.199546203958289148e-01 7.840073912014969837e-01 8.455412484541074969e-01 1.000000000000000000e+00 7.648634710002729653e-01 8.457652156782476949e-01 8.406674993334777302e-01 7.726614042837103291e-01 7.678218188573328051e-01 7.724540042008434249e-01 6.431663709107594551e-01 7.524674157297847055e-01 7.931555673332402190e-01 7.709183046314828092e-01 7.459044151801951239e-01 7.704736760159777154e-01 8.347727128632207449e-01 8.279591583147712930e-01 8.328907097644172586e-01 8.121798501306404239e-01 8.372386177549921982e-01 8.547219521032880518e-01 8.438825556664749650e-01 8.027308313415641994e-01 8.331357766763092254e-01 8.293974119362268471e-01 8.285585312631880139e-01 8.486200856616329391e-01 8.403075843442673332e-01 8.538532741339199816e-01 8.319454418534966145e-01 8.540507794661600371e-01 8.500770685030549778e-01 8.484684473220477363e-01 8.654065037397118410e-01 8.575897784070513064e-01 8.608504210595896433e-01 8.598213627008848281e-01 8.630590571219519669e-01 8.631191262155091248e-01 8.450836857247707723e-01 8.544199154984878364e-01 8.410141473432429793e-01 8.521571482285776877e-01 8.658522237119350429e-01 8.567585665494761304e-01 8.562706432073562413e-01 8.587040674611132740e-01 8.599299748654933850e-01 8.540176030133429519e-01 8.676160933821838173e-01 8.678918435355045258e-01 8.642627285897558354e-01 8.604217244215133231e-01 8.626356625430757763e-01 8.619987951044121299e-01 8.688741343609234224e-01 8.633919328333646837e-01 8.602320368868775491e-01 8.589791657863335983e-01 8.451970935353390058e-01 8.638224927020720090e-01 8.644569328657083496e-01 8.477512125815171995e-01 8.537391996174512609e-01 8.687426441999382964e-01 8.643551255780250742e-01 8.628827831215327704e-01 8.561214326591886081e-01 8.612782435931082281e-01 8.652840192390728324e-01 8.664736904317471566e-01 8.664207474986057589e-01 8.595166328426134816e-01 8.615335854764537560e-01 8.529421631539786386e-01 8.606953627328999268e-01 8.660541952277323041e-01 8.606716926568594994e-01 8.628608124831100845e-01 8.633033586320607577e-01 8.615775098351955430e-01 8.650851636462375538e-01 8.646507681781135934e-01 8.647217264921217561e-01 8.659855705480911103e-01 8.656517471286039322e-01 8.545540365253115889e-01 8.570226462362284803e-01 8.642748995227222952e-01 8.560384673355858620e-01 8.620667966438443353e-01 8.618641926251032759e-01 8.652948930815865802e-01 8.673564396469920501e-01 8.678304066184675536e-01 8.650150864628910474e-01 8.659875627884592308e-01 8.665199042534321716e-01 8.670504806270057374e-01 8.653917319560708865e-01 8.625863196257832488e-01 8.688094601092203328e-01 8.664930774726136153e-01 8.662124489470176547e-01 8.658280787283105795e-01 8.699415787151892898e-01
