1.000000000000000000e+00 5.472799357856331093e-02 2.319667571221262214e-01 1.572729110252339690e-01 7.422298245136854655e-02 1.125095815980695774e-01 1.196547674936597333e-01 7.457112111094087170e-02 1.872984728843982705e-01 3.255159000952255466e-02 9.348783654906396567e-02 6.819828142549377858e-02 5.005609521288579417e-02 1.996409602495221106e-02 4.409426143624335659e-02 5.682409726887441975e-02 1.551498150786285446e-01 2.046457520813054209e-01 1.600739985861313608e-01 1.934423098862437240e-01 2.254705804424113336e-01 1.783166686932583789e-01 1.455889932763739791e-01 1.629659402061233164e-01 1.831075076894505826e-01 1.541177937298729983e-01 1.259843166379309432e-01 9.668319278958670271e-02 1.239763959189600362e-01 9.657896992567377437e-02 7.996532761691590996e-02 9.767162979622411034e-02 8.144166488048343311e-02 8.314892607370159838e-02 1.082851947987487351e-01 7.313103078110259891e-02 8.331805740093826962e-02 5.147332873046410462e-02 5.767167724474427798e-02 1.982229244592373374e-02 5.256263636749416990e-02 1.243615054005541877e-02 1.085014167894916663e-02 4.667687526424391109e-02 5.065040803519074708e-02 2.906056062356565314e-02 4.014461880306089553e-02 4.174675915568714507e-02 6.335161914659950821e-02 8.336770361483111791e-02 5.046038976036198304e-02 1.284310638732405474e-01 5.543596761982076682e-02 6.513502499609818974e-02 7.632838425385714276e-02 7.549133346310611670e-02 1.086937357080023786e-01 3.225646770554765203e-02 3.421804793931643163e-02 5.509533553677673640e-02 3.297918396168519894e-02 3.235838654740579023e-02 4.569874555388993981e-02 5.475518485322829199e-02 9.726756755605972526e-02 8.314398396755486031e-02 5.068842014277925856e-02 6.187956535496848959e-02 5.956587842023317730e-02 8.379359760374570365e-02 8.189806005442223924e-02 6.120787287284185779e-02 6.519802600095737921e-02 7.255152078509201352e-02 5.891880217434636996e-02 5.360622015784023697e-02 5.308566011216316050e-02 5.266627601746155102e-02 3.299238440309183729e-02 5.329247676588787924e-02 7.279001176594994404e-02 3.605292867170151877e-02 7.315483562050938138e-02 5.640173726301004470e-02 4.148898174507167219e-02 4.188555956075015740e-02 3.354998749062072794e-02 2.475844535336277005e-02 2.278564898250510368e-02 5.765830289462724884e-02 1.723254987534324559e-02 1.877786090537442512e-02 2.881665572459202879e-02 1.397647497993268796e-02 1.985326386981641975e-02 2.609813691089815646e-02 4.363751798281932659e-02 1.027386978950697027e-01 2.454275549989225202e-02 2.332162771719442640e-02 1.069118035479515831e-02 3.723949016412197999e-02 3.032722944127555498e-02 1.818604003066944669e-02 5.121098474537902345e-02 8.532413097489865983e-02 5.348596125335594587e-02 3.866354105355127718e-02 4.022987727864382052e-02 2.460727788788950876e-02 1.233610869821448117e-02 2.735292727331705559e-02 2.549189258418069551e-02 3.387960461014159763e-02 5.294124009700995614e-02 5.068292041510873147e-02
5.472799357856331093e-02 1.000000000000000000e+00 5.896161701916307479e-02 1.431645171867306464e-02 7.669574696703890249e-02 8.170405110322317976e-02 1.331258068762607716e-01 8.904332617034017849e-02 1.520933111420267880e-01 1.858339619755276229e-01 1.260951960943141603e-01 9.576447905404830707e-02 1.097641310648339447e-01 1.158564183664433367e-01 1.376552398121512200e-01 1.332969443815714417e-01 1.576488263760468522e-01 1.480990543564989215e-01 1.710290150546390775e-01 4.058586888814247340e-02 7.769923330962598407e-02 1.385723726370037268e-01 1.402443238782846990e-01 1.179714866327862821e-01 1.602231441858315286e-01 1.664291741187024221e-01 1.315027958654829132e-01 1.552897070656431011e-01 1.585101676557636452e-01 2.119876770796982612e-01 1.816483445257037199e-01 1.487391135290739019e-01 1.536200422942087251e-01 1.372920279700903801e-01 1.835670756248340141e-01 1.273889585610618602e-01 1.580704659627350239e-01 1.458482186248321599e-01 1.573103385898007578e-01 9.290640745422892866e-02 1.526181333009990482e-01 1.363984190809540975e-01 1.175987532281830561e-01 1.470802592879199566e-01 1.352631167613815022e-01 1.602096504356957940e-01 1.447716480249365278e-01 1.613817962620507640e-01 1.499646816706114716e-01 1.166113182229166351e-01 1.393993374053205114e-01 1.033355227352745903e-01 1.377513518143818894e-01 1.783012397979078789e-01 1.704383724233823338e-01 1.483693006348136834e-01 1.578903117744918927e-01 1.515665986367322471e-01 1.394631357183618026e-01 1.667090354582795309e-01 1.413307731884018426e-01 1.574218765958615707e-01 1.372969030250308642e-01 1.659583852007772142e-01 1.631208265716629080e-01 1.595281911275325260e-01 1.609596456714979251e-01 1.657633526165726845e-01 1.544688981450323406e-01 1.314691395927110318e-01 1.495788763741047744e-01 1.576989571555191538e-01 1.396360213670175543e-01 1.609240352558952702e-01 1.559663120747942500e-01 1.556650127909110504e-01 1.540411328433667348e-01 1.631675577289445900e-01 1.552774613534634862e-01 1.837834711730333970e-01 1.689032552138396426e-01 1.624244936941857675e-01 1.556598541040143391e-01 1.735784519481688437e-01 1.369429617198213434e-01 1.440797468813358739e-01 1.465416456271455559e-01 1.440879966348337926e-01 1.533818350630624938e-01 1.598986073395690655e-01 1.276651020577682649e-01 1.430816125330872657e-01 1.422262932589500317e-01 1.481371235654007079e-01 1.469075987963656404e-01 1.608946069904259035e-01 1.210331305920920864e-01 1.399464108330786827e-01 1.412310537538538635e-01 1.339776856027957985e-01 1.422644354527703714e-01 1.421884809110557923e-01 1.400845219267051744e-01 1.421358748924715365e-01 1.402915334069350650e-01 1.515908614651390873e-01 1.538901806171585618e-01 1.663799787089824955e-01 1.591119479077610366e-01 1.463972467371607578e-01 1.419689362117031173e-01 1.543216249121963091e-01 1.540503034347481537e-01 1.536678449609517605e-01 1.557889640920123442e-01 1.553304014400990474e-01
2.319667571221262214e-01 5.896161701916307479e-02 1.000000000000000000e+00 4.238639106353210284e-01 2.819593834556811673e-01 3.369551094324722551e-01 4.045825364439132876e-01 3.823715719846507155e-01 3.838554659054438378e-01 2.852373481138664735e-01 4.093968452980125128e-01 4.183361001309977012e-01 3.632468006401091132e-01 3.308649596174225715e-01 3.930904690676303992e-01 4.026388673526788975e-01 3.755710017239338172e-01 3.858460650625283317e-01 3.867680414445320292e-01 4.220984369170134864e-01 4.653418057334147151e-01 4.319502192419847897e-01 4.041985955730707514e-01 3.935529698769132945e-01 3.733253374676358538e-01 4.298316523222423524e-01 4.311230014700368485e-01 4.100353794095997206e-01 3.871562074920446572e-01 3.843565223626542737e-01 4.002722622774299577e-01 4.058535371174463169e-01 3.873471808737369293e-01 3.930129346103306553e-01 3.791864087735435374e-01 3.982698954013961234e-01 3.966198942810811867e-01 3.946252043082668637e-01 3.913309885995968074e-01 3.923241312985766283e-01 3.930007650238322436e-01 3.737393799654109006e-01 3.797004682822993082e-01 3.927093123406527608e-01 4.001555365364220518e-01 3.759603247300385975e-01 3.832205776575133283e-01 3.724604659186844802e-01 3.988876032761427548e-01 4.024954929952188065e-01 3.911835239446514456e-01 4.182684685659611712e-01 3.902382919099787184e-01 3.778286095963241942e-01 3.880270018833273937e-01 3.992577906457266401e-01 4.055311296718190905e-01 3.821752476136276444e-01 3.878968812839749258e-01 3.828693897722910133e-01 3.810862068028584848e-01 3.725458851196576382e-01 3.834720410433822835e-01 3.742211323217249364e-01 3.916686368611264069e-01 3.966480031763172098e-01 3.835200385037954574e-01 3.859861399349368560e-01 3.912890982452034705e-01 4.253050214276626328e-01 4.072307619291212766e-01 3.940922255658358964e-01 3.955026644647926526e-01 3.882256931449052373e-01 3.938821127575406478e-01 3.935891013845042585e-01 3.896499079333161641e-01 3.813468700788538723e-01 3.762936252841718732e-01 3.749569063076926279e-01 3.906605824882553035e-01 3.805718958363717985e-01 3.956052176083064698e-01 3.787640666248315857e-01 3.876837288472053111e-01 3.860201648335025992e-01 3.844166978641285204e-01 3.777447223686056788e-01 3.712380681942312188e-01 3.821156384518186733e-01 3.823774424826434926e-01 3.776795842125500458e-01 3.817132025235106529e-01 3.681011884146514479e-01 3.693877827022913340e-01 3.653459351550425449e-01 3.930607858186082604e-01 4.016792298816665441e-01 3.728604678130887917e-01 3.798630638493245004e-01 3.665738504738997317e-01 3.784068618294839648e-01 3.741510358042079432e-01 3.708643942800188276e-01 3.861629422285882685e-01 3.893171729794348002e-01 3.836907221983756888e-01 3.703834944948796726e-01 3.769678803997044136e-01 3.753397189180329163e-01 3.665000820780872082e-01 3.690773548876525867e-01 3.687954798770183840e-01 3.699118154472402220e-01 3.847790180828111750e-01 3.780864408193017057e-01
1.572729110252339690e-01 1.431645171867306464e-02 4.238639106353210284e-01 1.000000000000000000e+00 4.050247536061515885e-01 4.579706062796571886e-01 5.869390650787333907e-01 5.713240486025451537e-01 5.188403552470163271e-01 4.049909014290853371e-01 5.643726383771464628e-01 6.536586615787279841e-01 5.583571258775594792e-01 4.863465643691614604e-01 5.922727234853162326e-01 6.094720878169804790e-01 4.995615378315535482e-01 4.204608959334623641e-01 4.549242116741695763e-01 5.458263548576718360e-01 6.016154856335941270e-01 5.468834193343059535e-01 4.657194382661510312e-01 4.646496671652136645e-01 4.302210332123616032e-01 5.731147945742731675e-01 5.873152258318982133e-01 5.393936624098434329e-01 5.139600070663183917e-01 4.908029596502258562e-01 5.468225087709210896e-01 5.347704430556143862e-01 5.062156173943476167e-01 5.270458366377233084e-01 4.903716670081245121e-01 5.697969059768333011e-01 5.514930678847750345e-01 5.638605371617442241e-01 5.569771634993115894e-01 5.969791273824975875e-01 5.798296417087980270e-01 5.652891143165585941e-01 5.806395013323908394e-01 5.835353370998331846e-01 5.929303332371639312e-01 5.499296689822879003e-01 5.814119619571790354e-01 5.490440822062336856e-01 5.732900245569678699e-01 6.024882498639407835e-01 5.733022684538063851e-01 6.438706486974370424e-01 5.996167913823964302e-01 5.322648958490839854e-01 5.381017828199092801e-01 5.652410489333804522e-01 5.772345532742796381e-01 5.791984366379322458e-01 5.795399393383745545e-01 5.685626818216175105e-01 5.758242497739463062e-01 5.601806847818813218e-01 5.741173055231010292e-01 5.564501168402136155e-01 5.581946425165734693e-01 5.772809671259485631e-01 5.518034752443905511e-01 5.411195695552417639e-01 5.367689978813530161e-01 6.052087541855554198e-01 5.763773422013535042e-01 5.577153368220709728e-01 5.509521207712611002e-01 5.331719499435789711e-01 5.698869585494523715e-01 5.697315583144942908e-01 5.567221527595391795e-01 5.481149441232399111e-01 5.516298300035250568e-01 5.272803948838780119e-01 5.407540436119390170e-01 5.515753102904802363e-01 5.543958394805478251e-01 5.244982731524575614e-01 5.655488591080347627e-01 5.595792084364190622e-01 5.652039371306859517e-01 5.612847385611714479e-01 5.532481118730760983e-01 5.488567572593365806e-01 5.723856321187470453e-01 5.704012508481018928e-01 5.726907524347246703e-01 5.587424042767605847e-01 5.597201962674581699e-01 5.490267056814965851e-01 5.949795709748778583e-01 5.915393723987404373e-01 5.712890967530528386e-01 5.767987964262129008e-01 5.625954381512655589e-01 5.707431738780184283e-01 5.809619533283988391e-01 5.730946100233883511e-01 5.870308843899512130e-01 5.669188628360756210e-01 5.663434379354135295e-01 5.417376919806097257e-01 5.517732804269229741e-01 5.693272043173351893e-01 5.640953608061330948e-01 5.608595527866976349e-01 5.569203307124490632e-01 5.573267158796110232e-01 5.656366766869798113e-01 5.675179319042203963e-01
7.422298245136854655e-02 7.669574696703890249e-02 2.819593834556811673e-01 4.050247536061515885e-01 1.000000000000000000e+00 3.627075860023589726e-01 5.269404178969153696e-01 5.173841453771577115e-01 4.354459004235607944e-01 3.818049846680086068e-01 4.525312382823483692e-01 5.045302202703367822e-01 5.356569130713894067e-01 4.115262130535463081e-01 5.319731200387372017e-01 5.164493153580711482e-01 3.725949671794317464e-01 2.817588972837782868e-01 3.257543116803058303e-01 3.638550025741343896e-01 3.827846556248121201e-01 3.937580213119475370e-01 3.607363131874488094e-01 3.196037015903059331e-01 3.029890996279114845e-01 4.741306760371269968e-01 4.616799819709951347e-01 4.278735471500533794e-01 3.989117269979437497e-01 4.191730546516074241e-01 4.499526990969753837e-01 4.126750335736992792e-01 3.962408359065341390e-01 3.900511262060235573e-01 3.978923878821324922e-01 4.388904263708426345e-01 4.441371421206031789e-01 4.606391031497753530e-01 4.620703613893089035e-01 4.665350842213603078e-01 4.797457129680098298e-01 4.785185155528464129e-01 4.804480508304062036e-01 4.869068421110175349e-01 4.771024069752878849e-01 4.710828743843036848e-01 4.901279918806515923e-01 4.667973157681986063e-01 4.829056060034584985e-01 4.654494612161582667e-01 4.623667613141629329e-01 4.763461583194786853e-01 5.000417966210188858e-01 4.595444296494675118e-01 4.584475347830876957e-01 4.702540633113883040e-01 4.593414946287125988e-01 4.984343923657071906e-01 4.866334289322773454e-01 4.833910639631927575e-01 4.867999926142203004e-01 4.793835148535197099e-01 4.777378640156905720e-01 4.645897890899161609e-01 4.551616712709894985e-01 4.725889948560733078e-01 4.712134006571470080e-01 4.493114966100355545e-01 4.452757084283118227e-01 4.777425816458189534e-01 4.594897491696018910e-01 4.639678537422204374e-01 4.345752468159058135e-01 4.327298303163097937e-01 4.817154022047401285e-01 4.756799871489423848e-01 4.646405051332913039e-01 4.583430471710300824e-01 4.633297524827492131e-01 4.579766642843000612e-01 4.470689348999964396e-01 4.681679401991606371e-01 4.515743993307266835e-01 4.472749912261337335e-01 4.659563176821620578e-01 4.511615948127136178e-01 4.626340716572627243e-01 4.762450233465755911e-01 4.654950582183066676e-01 4.651824694006420624e-01 4.734476523180852214e-01 4.861359291379173664e-01 4.772849080634065100e-01 4.781654407418080011e-01 4.803669985638233109e-01 4.751188173919370650e-01 4.956999739284204121e-01 4.803115140661395333e-01 4.873817673413406992e-01 4.835793095834973188e-01 4.800782232233926639e-01 4.836981315823952188e-01 4.898425744276413418e-01 4.900351605096604501e-01 4.799159561343038227e-01 4.654053639635708506e-01 4.813007067000198425e-01 4.687956632407278557e-01 4.752427167240860784e-01 4.865117148350756593e-01 4.849761346721083166e-01 4.812409937072744115e-01 4.805412491608337389e-01 4.754731210033035227e-01 4.698067152798684476e-01 4.759799963781328191e-01
1.125095815980695774e-01 8.170405110322317976e-02 3.369551094324722551e-01 4.579706062796571886e-01 3.627075860023589726e-01 1.000000000000000000e+00 5.752389424694571707e-01 5.433172112994960612e-01 5.401033081130859337e-01 4.789627870844396784e-01 5.651025849935138456e-01 5.920746224806970881e-01 5.455454959868473175e-01 5.104656431026693975e-01 5.954663932917855229e-01 5.917569844622327935e-01 5.182923869968159014e-01 4.525846293980251289e-01 4.929901059897220938e-01 4.830212937506808135e-01 5.157096046477442908e-01 5.475905903999496172e-01 5.003568918070570026e-01 4.704529613444240477e-01 4.608323974646954535e-01 5.850052412558321979e-01 5.743154087494477533e-01 5.668928787913342093e-01 5.258305088109084258e-01 5.442393517478980591e-01 5.833717768873136755e-01 5.659103749699101460e-01 5.511641221636599530e-01 5.480007863456345385e-01 5.473316246924120332e-01 5.774209506629195410e-01 5.816553303842298961e-01 5.891328844838996659e-01 5.921810987431854745e-01 5.822363619148002156e-01 5.988416817671283754e-01 5.976163630529642834e-01 5.956895159070588752e-01 6.038168181067939955e-01 6.027804024188905263e-01 5.926031810275437239e-01 6.016052010227626035e-01 5.961453513422763084e-01 6.039695778936280401e-01 5.780672454254496273e-01 5.925074090288818818e-01 5.927374817656566597e-01 6.071868395145829655e-01 5.918885757686928040e-01 5.830153853774916461e-01 5.955457617950001836e-01 5.948373574616391268e-01 6.030240320509976382e-01 6.055498401233879724e-01 6.009895579711936886e-01 6.085462305557749474e-01 6.019050062125272937e-01 5.955545233940903183e-01 5.925616179534083372e-01 5.923177284585193769e-01 6.036473863488331926e-01 5.997489849204835632e-01 5.883165478785509217e-01 5.860727265505644157e-01 6.044969749122548475e-01 5.963555884815757713e-01 5.979688679852254163e-01 5.822204315073655767e-01 5.763079173948951750e-01 6.046243247453901848e-01 5.982935070601216321e-01 5.974658717073753067e-01 5.817972977557053227e-01 5.897875722513855612e-01 5.822503010705608606e-01 5.869881886001332427e-01 5.954356976259552736e-01 5.954163654902547842e-01 5.890764990051405858e-01 5.990489183971440257e-01 5.952914677137114419e-01 6.002394761045551919e-01 6.028962690472750019e-01 5.981993784639609846e-01 5.928336522469934700e-01 6.020011706528305417e-01 6.025148745336500467e-01 6.023926379519122243e-01 6.005661239645256888e-01 6.004158319560828350e-01 5.975414759323142144e-01 6.080440000434522707e-01 5.969971752691153322e-01 6.043524442154024623e-01 6.050964161107400541e-01 6.000035889481779572e-01 6.015389302942948380e-01 6.062895747193871587e-01 6.030632648573990284e-01 6.044484855071142748e-01 5.962111045974558543e-01 6.000650559067177703e-01 5.965278873345775112e-01 5.983945438185616084e-01 6.034757085188607872e-01 6.009842649547275650e-01 5.990191790347191292e-01 5.996485464626793993e-01 5.980154842409515226e-01 6.009640173363002269e-01 6.014218042016218346e-01
1.196547674936597333e-01 1.331258068762607716e-01 4.045825364439132876e-01 5.869390650787333907e-01 5.269404178969153696e-01 5.752389424694571707e-01 1.000000000000000000e+00 7.380595468706069306e-01 6.788798790494992019e-01 6.095485222421106464e-01 7.259441337270728933e-01 7.683648334545295500e-01 7.117406744955957487e-01 6.598945564865630331e-01 8.332538390458165134e-01 7.714571129580188869e-01 6.432416665410324308e-01 5.590740317385686220e-01 5.969332068850624617e-01 6.047413722572205774e-01 6.192653002516531613e-01 6.745295910378314996e-01 6.413272907702983749e-01 5.795339817297988638e-01 5.660527091045532977e-01 7.592007437032067818e-01 7.398091035165252904e-01 7.326696529269812741e-01 6.875318257436711100e-01 7.085646515835432036e-01 7.528902231507718090e-01 7.212791931232482856e-01 7.031364904674787253e-01 6.937660106153311634e-01 6.932609642075293621e-01 7.232663929498671651e-01 7.357291660101555886e-01 7.531014762220094028e-01 7.576252650827584034e-01 7.504506123408652973e-01 7.607122518879650963e-01 7.619524834920833323e-01 7.613911851623175187e-01 7.648481200122551060e-01 7.718029853712432553e-01 7.642867116159074437e-01 7.638804626578207246e-01 7.501654750460866605e-01 7.618249622466519710e-01 7.403241304103511666e-01 7.484621695547833964e-01 7.376747792559454897e-01 7.722647243352168678e-01 7.418032258376809907e-01 7.405072814742705845e-01 7.598997898564541220e-01 7.367644393980332662e-01 7.648604154458386040e-01 7.593945953357742473e-01 7.583065400759058106e-01 7.693704513608369266e-01 7.542839562256389296e-01 7.450585105196305680e-01 7.425479455950749763e-01 7.342978527091156282e-01 7.552123938056670704e-01 7.578241174615711895e-01 7.391962449496751741e-01 7.447959948838445143e-01 7.647857544351661652e-01 7.450304699072936021e-01 7.497649766045989539e-01 7.295487367274028356e-01 7.216875961500880399e-01 7.740613158642930536e-01 7.667430850127336939e-01 7.689217285397691448e-01 7.465583442558916261e-01 7.615390699171294964e-01 7.486123805346995841e-01 7.483894188825180871e-01 7.582959536942679435e-01 7.456152648214700029e-01 7.495108362724616224e-01 7.648182099056062277e-01 7.533333417064470572e-01 7.563684790279362469e-01 7.668140638352954896e-01 7.589426662424046954e-01 7.533203745808189078e-01 7.703363509969581857e-01 7.719002374046485260e-01 7.655081893510673474e-01 7.635900611790036319e-01 7.586840308605207195e-01 7.543002249880949028e-01 7.744600915674247910e-01 7.566901254075234506e-01 7.651525065396973524e-01 7.684628444444322470e-01 7.626722302866980607e-01 7.613089978989310280e-01 7.614972543214938439e-01 7.652114769113498305e-01 7.616975922975363078e-01 7.484416754606512123e-01 7.612530285006775532e-01 7.543074609403983555e-01 7.584817881997306666e-01 7.613337265950129717e-01 7.592050316466047999e-01 7.567831489207168527e-01 7.567245156069052348e-01 7.559637653378825650e-01 7.538685311519502941e-01 7.556137088190265638e-01
7.457112111094087170e-02 8.904332617034017849e-02 3.823715719846507155e-01 5.713240486025451537e-01 5.173841453771577115e-01 5.433172112994960612e-01 7.380595468706069306e-01 1.000000000000000000e+00 7.099965853586064357e-01 6.276380734478729240e-01 7.579382984302268644e-01 7.994980150587874812e-01 7.465372129412202185e-01 6.865562780366908369e-01 8.205299060311206372e-01 8.196042220635554321e-01 6.663818052272204584e-01 5.546831021264688744e-01 6.185264632022541287e-01 5.979893235832730580e-01 6.349891153889770656e-01 6.884017986598288674e-01 6.291184026012704988e-01 5.716626811670306729e-01 5.683063589193926290e-01 7.666773034077256632e-01 7.557777393550438871e-01 7.426492459423602588e-01 6.810121358836284111e-01 7.257110586666970509e-01 7.691848250944500753e-01 7.368795218886513565e-01 7.163531301496881554e-01 7.039189049635957707e-01 7.107131425194066487e-01 7.472551404849526735e-01 7.609527584883025719e-01 7.807260641246667188e-01 7.859270050578389677e-01 7.715485565344759600e-01 7.961605700054129597e-01 7.979215341998823208e-01 7.903666267123813371e-01 8.022827541619055314e-01 7.994854944263497520e-01 7.889692555873530910e-01 8.081633123495211013e-01 7.892223570619210093e-01 7.937767960093025099e-01 7.759786606465760572e-01 7.855605225224433497e-01 7.639989726755650468e-01 8.053941738136969342e-01 7.770834314264710718e-01 7.783077236150026668e-01 7.883093984707091328e-01 7.692391306760794079e-01 8.088490241104628886e-01 8.060100354135052436e-01 7.984335504160843255e-01 8.027476813371499098e-01 7.978604289004471717e-01 7.915663023066532578e-01 7.804108007885307563e-01 7.687161745252868439e-01 7.903845278724088708e-01 7.932483981990351429e-01 7.739680823711939661e-01 7.681300970826542285e-01 7.938153942193370005e-01 7.811851224009035422e-01 7.872540665864852238e-01 7.492672563001727681e-01 7.517485134620198739e-01 8.027591789708531378e-01 7.972467619507789260e-01 7.890980906181781496e-01 7.721538820674238579e-01 7.876452819839422359e-01 7.812007272636170008e-01 7.760307188881747642e-01 7.921737655436813519e-01 7.774550970013044404e-01 7.772115197681640497e-01 7.915373260979899905e-01 7.794638656828924983e-01 7.932977233937462680e-01 8.006864208517600057e-01 7.955072566329830508e-01 7.867814182736366790e-01 7.987899251322292393e-01 8.077023684908910539e-01 8.011607465412616813e-01 8.015292152113591140e-01 8.026725624379150714e-01 7.969106508216895479e-01 8.120490626766546649e-01 7.920995902027959668e-01 8.059143233600006839e-01 8.047733248780241100e-01 7.990606613268927960e-01 8.048236073671010127e-01 8.050043858035320632e-01 8.102885779482560391e-01 8.001738513405639575e-01 7.838551520159486863e-01 7.999763584269653505e-01 7.926292910111668588e-01 7.976508966320787763e-01 8.066438198007267468e-01 8.050853800804385063e-01 7.996532641281199894e-01 8.004776580710040168e-01 7.969294709675334154e-01 7.941127567642073393e-01 7.948433337847535807e-01
1.872984728843982705e-01 1.520933111420267880e-01 3.838554659054438378e-01 5.188403552470163271e-01 4.354459004235607944e-01 5.401033081130859337e-01 6.788798790494992019e-01 7.099965853586064357e-01 1.000000000000000000e+00 7.175584652879143377e-01 7.915091112437011578e-01 8.048773729565386059e-01 7.427711119567769193e-01 7.377552384844306976e-01 8.109114680269444708e-01 8.225127271490222380e-01 7.944023184603136167e-01 7.079799244366296040e-01 7.582510590491540192e-01 6.340967665762994310e-01 7.135162326559157941e-01 8.003435738272933753e-01 7.398451732913134959e-01 6.992689528766081741e-01 7.248100028317945309e-01 8.363559832308908870e-01 8.149465712731983613e-01 8.165460615205037964e-01 7.883756487423604353e-01 8.425853028491587793e-01 8.592352842999194662e-01 8.262172130384493052e-01 7.861681083780369672e-01 7.920182702948339593e-01 8.202590937089035972e-01 8.103381809073748610e-01 8.484847037438304485e-01 8.309372835857288253e-01 8.461962723597717950e-01 7.748679992774659686e-01 8.397475304471724300e-01 8.315447010301361130e-01 8.193242504759842282e-01 8.527519466479499544e-01 8.432674379474469628e-01 8.407773924070252036e-01 8.534971037144890582e-01 8.620045862469417619e-01 8.514093240948372721e-01 8.172828184268087215e-01 8.404906949017478812e-01 8.164642692050461115e-01 8.442998217972007557e-01 8.583880357210676992e-01 8.467835130301978319e-01 8.435522769106057472e-01 8.459018693230082597e-01 8.498164164302540735e-01 8.429110489464040068e-01 8.633973031963340095e-01 8.525871117792560572e-01 8.538678015386461650e-01 8.389253636156449589e-01 8.559720974813037619e-01 8.647819039248259010e-01 8.624344749413609401e-01 8.627955684074838372e-01 8.598095024506384743e-01 8.529300491713435184e-01 8.527188140226409363e-01 8.573283040004691102e-01 8.615375878251889663e-01 8.393564506149305826e-01 8.473514524343491727e-01 8.618379447781869818e-01 8.626961972659843436e-01 8.546495417741318823e-01 8.461326922748756418e-01 8.520519727278388356e-01 8.616870434909555954e-01 8.621143804697249946e-01 8.603215984551446649e-01 8.566917417168244953e-01 8.552843500228585194e-01 8.449594547659319277e-01 8.495703869662094565e-01 8.518105699324128866e-01 8.486708156612385867e-01 8.533195612955135623e-01 8.541469845482667633e-01 8.376842186762100129e-01 8.500783878748946476e-01 8.525587338213092004e-01 8.505790409310958200e-01 8.540960049973149726e-01 8.572598190748474956e-01 8.442494374888317443e-01 8.528556175179439203e-01 8.521701718420449101e-01 8.456134504797968576e-01 8.458850095533950730e-01 8.530751495903001747e-01 8.504021500249510090e-01 8.513924791908293876e-01 8.567088879064318485e-01 8.551651499354412378e-01 8.592701414207836175e-01 8.587404863677505773e-01 8.577302379580341585e-01 8.548826771697305427e-01 8.448753594209835738e-01 8.572855394581226918e-01 8.529228939532520481e-01 8.558653698227207673e-01 8.642127580171645729e-01 8.592839768133280209e-01
3.255159000952255466e-02 1.858339619755276229e-01 2.852373481138664735e-01 4.049909014290853371e-01 3.818049846680086068e-01 4.789627870844396784e-01 6.095485222421106464e-01 6.276380734478729240e-01 7.175584652879143377e-01 1.000000000000000000e+00 7.160637747534143172e-01 7.291050279293882497e-01 6.886913861820616045e-01 6.730502630297735545e-01 7.529062580453290687e-01 7.481723174337235882e-01 6.742424223994533117e-01 5.816502914993264550e-01 6.462917437153782307e-01 4.842623688618927780e-01 5.482065250622749630e-01 6.787614838890319025e-01 6.269977188171877991e-01 5.635173883532968997e-01 6.035437545871645826e-01 7.449819757859774683e-01 7.170734690908366904e-01 7.341062563929257045e-01 7.105217820161837672e-01 7.706780389561966871e-01 7.816197599751398828e-01 7.374225916053314123e-01 7.155430056006610862e-01 7.099961668689963590e-01 7.425284133138636555e-01 7.303822217864088806e-01 7.568590936798376134e-01 7.700791331973088072e-01 7.777066720366069275e-01 7.131808184742618462e-01 7.753220413620620644e-01 7.781795888396140226e-01 7.626937735625778370e-01 7.796578021364256594e-01 7.695064789744012757e-01 7.812308215518912746e-01 7.909085300939849850e-01 8.050889244900975017e-01 7.835883614011502907e-01 7.395105430794817192e-01 7.766551540449169178e-01 7.126603981518233599e-01 7.762846753097308872e-01 8.014505725244186474e-01 7.893649626142846820e-01 7.813736891151156216e-01 7.675029692183504837e-01 7.929042973480483480e-01 7.845230424357871879e-01 7.973518130944198257e-01 7.947019300302751166e-01 7.990835493600071393e-01 7.792792139904459736e-01 7.926413513355882179e-01 7.835415289161826724e-01 7.873477507931838648e-01 7.983491633571438983e-01 7.888908953485752606e-01 7.774027527902979129e-01 7.588369175366739272e-01 7.726921770307972892e-01 7.901701854318242679e-01 7.506015248823245667e-01 7.633656129961918779e-01 7.966418221015835188e-01 7.962025123345621846e-01 7.896649349138301632e-01 7.870661403218552898e-01 7.923439021326982301e-01 8.080549989387539878e-01 7.926621576728029028e-01 8.012451747241379207e-01 7.847862282321942384e-01 7.949210367454295767e-01 7.807971684931503953e-01 7.797005362980564680e-01 7.863781041597637245e-01 7.957635061586857406e-01 7.982424886878628500e-01 7.969275869872459728e-01 7.786487064154156146e-01 7.954451661797063977e-01 7.907061794789249642e-01 7.937961468886359784e-01 8.006995940170029691e-01 8.054930038768511880e-01 7.805848411129167053e-01 7.723487859578219705e-01 7.951816392210361295e-01 7.871387360427956059e-01 7.927254859973925649e-01 7.974277957259310323e-01 7.911601249869515406e-01 7.942560218857315224e-01 7.913103891206848539e-01 7.895394176659934482e-01 7.989971246488605239e-01 8.068295299174292889e-01 8.037994063005021728e-01 7.970826170367401042e-01 7.957965517041731829e-01 8.016562463733730715e-01 8.019308475782973566e-01 8.019802611349190480e-01 7.970560281247905943e-01 7.983492607144648812e-01
9.348783654906396567e-02 1.260951960943141603e-01 4.093968452980125128e-01 5.643726383771464628e-01 4.525312382823483692e-01 5.651025849935138456e-01 7.259441337270728933e-01 7.579382984302268644e-01 7.915091112437011578e-01 7.160637747534143172e-01 1.000000000000000000e+00 8.639981902665401226e-01 7.777569498472511889e-01 7.707005130965286499e-01 8.606474443598555180e-01 8.596034695174014084e-01 7.905283077953758619e-01 7.306148383357388143e-01 7.805518293492325066e-01 6.647218070484193220e-01 7.463176864969566227e-01 8.292220246751622614e-01 7.734613089913844330e-01 7.235254017251406822e-01 7.397236703456329110e-01 8.648584455893639777e-01 8.500974427925042098e-01 8.563543016408349251e-01 8.091286970065448836e-01 8.501694078662218601e-01 8.882033320004817378e-01 8.745307234256350926e-01 8.494261873855953882e-01 8.481434646905541275e-01 8.494714153055691330e-01 8.637763083527761898e-01 8.794931847555500504e-01 8.902493394819637196e-01 8.906355461306910692e-01 8.620565275497331648e-01 8.859925768188270379e-01 8.871010478026549739e-01 8.799671285585070057e-01 8.933476952612210420e-01 8.935548312931014259e-01 8.847506247398072565e-01 8.900979770151422610e-01 8.907762802908170130e-01 8.926463485171133305e-01 8.763673935674710647e-01 8.916612663051356469e-01 8.458208145404455536e-01 8.858330919056741637e-01 8.836410927883474598e-01 8.799678476963557205e-01 8.967499857695517829e-01 8.726350379450629191e-01 8.868641585503621583e-01 8.935994635971605815e-01 8.847715746939228687e-01 8.922371452350158494e-01 8.862362432300500137e-01 8.810990093732296025e-01 8.796589734674431504e-01 8.763100363513315338e-01 8.852328985679439599e-01 8.949149847127153556e-01 8.939982549492605512e-01 8.892873732274551024e-01 8.912558376226196177e-01 8.932643327483881235e-01 8.981755974623554239e-01 8.754802820936553598e-01 8.820784731868122064e-01 9.013515971535236426e-01 8.985390193515894186e-01 8.990683665184968643e-01 8.790803655365836411e-01 8.908743017365774453e-01 8.874281330818137858e-01 8.922990483491288760e-01 8.934993274931821716e-01 8.982370256130035591e-01 8.903304559112312777e-01 8.948641670566982453e-01 8.930625688264860473e-01 8.970883941566814013e-01 8.986324394783242742e-01 8.945513302526684196e-01 8.972273512237934900e-01 8.986584233716863324e-01 8.958099270913364442e-01 8.977573544423743668e-01 8.939499798453156565e-01 8.924176316941750953e-01 8.912426496632035455e-01 8.971358184920310563e-01 8.833735314749041612e-01 8.907057676315554007e-01 8.967034835077832833e-01 8.904831115527486185e-01 8.933145568177416340e-01 8.869682767546082092e-01 8.920047331145722902e-01 8.933454479001894377e-01 8.838779252003331477e-01 8.941948805740463913e-01 8.937281886695834787e-01 8.969088861972698279e-01 8.945221991194415301e-01 8.912645861278696291e-01 8.883672189294096189e-01 8.894364305358638534e-01 8.882526736079917606e-01 8.907754373314854535e-01 8.872180425313939134e-01
6.819828142549377858e-02 9.576447905404830707e-02 4.183361001309977012e-01 6.536586615787279841e-01 5.045302202703367822e-01 5.920746224806970881e-01 7.683648334545295500e-01 7.994980150587874812e-01 8.048773729565386059e-01 7.291050279293882497e-01 8.639981902665401226e-01 1.000000000000000000e+00 8.286068310482039845e-01 8.033072898548377916e-01 9.037084922878066973e-01 9.094246218856630870e-01 7.908130085373508145e-01 6.830431495841512435e-01 7.483512638641520720e-01 6.953036564356468441e-01 7.705387384403679096e-01 8.240359094565025133e-01 7.494887886788756948e-01 7.006763899213672708e-01 7.006977683560718928e-01 8.782941944466261530e-01 8.769963045199026253e-01 8.573690892057304058e-01 8.113869154909627568e-01 8.461616687049274832e-01 8.963383635630409740e-01 8.698209082752162979e-01 8.359895246344395403e-01 8.472387719677269002e-01 8.453188559023724347e-01 8.845480864896809736e-01 8.929537964735156930e-01 9.078766666823321341e-01 9.102904653000679636e-01 8.888878269628497364e-01 9.199733044552045325e-01 9.163116585626069899e-01 9.126999626936546095e-01 9.278408966827141890e-01 9.231576197215648483e-01 9.083155829046533070e-01 9.304033873680731537e-01 9.155215173903630266e-01 9.176826786657297230e-01 9.066863882388381812e-01 9.184354669866316989e-01 8.998645365005030206e-01 9.247846800596170036e-01 9.012275496787498508e-01 8.942840225316990299e-01 9.098445016044992562e-01 9.035474249292749782e-01 9.246884831721564613e-01 9.254363914364758248e-01 9.232232748723480098e-01 9.284126168130866219e-01 9.215946686968439217e-01 9.171687710972561414e-01 9.146789885613070270e-01 9.021953372495696843e-01 9.183987973068457045e-01 9.177719516537822253e-01 9.066588453368793488e-01 9.000671566224555109e-01 9.252503297402769888e-01 9.156701936655703422e-01 9.151904389814394802e-01 8.899086996472872491e-01 8.849939223611089645e-01 9.266170568619772618e-01 9.242682539112374585e-01 9.154553214859350030e-01 9.014699483657551138e-01 9.145930907140347177e-01 9.039715948814275315e-01 9.072842667122963389e-01 9.193352274066032281e-01 9.111649304285454054e-01 9.014456901879016604e-01 9.184675358581242399e-01 9.141294800328101378e-01 9.217937117205708963e-01 9.245179877503574284e-01 9.209408848544557991e-01 9.154019012989514925e-01 9.239464892244494409e-01 9.287031532326004424e-01 9.282257775041224956e-01 9.236929891390656122e-01 9.255792108479754532e-01 9.215217800028883133e-01 9.317725954669980881e-01 9.159718393563623939e-01 9.283762749149711002e-01 9.292346274185857569e-01 9.250156927321837586e-01 9.278579231076566902e-01 9.282239208465700164e-01 9.308081174536416702e-01 9.304894474847952290e-01 9.138206527132347601e-01 9.243299367581154780e-01 9.163272909240012254e-01 9.215866697647538963e-01 9.291229050584161042e-01 9.273681213038384996e-01 9.259615877973182974e-01 9.239598246306754969e-01 9.227026906313492427e-01 9.219751900722237270e-01 9.232029881013157357e-01
5.005609521288579417e-02 1.097641310648339447e-01 3.632468006401091132e-01 5.583571258775594792e-01 5.356569130713894067e-01 5.455454959868473175e-01 7.117406744955957487e-01 7.465372129412202185e-01 7.427711119567769193e-01 6.886913861820616045e-01 7.777569498472511889e-01 8.286068310482039845e-01 1.000000000000000000e+00 7.399363831904793853e-01 8.478187039588720442e-01 8.459320322589757302e-01 7.196376611283651359e-01 6.105703206605360700e-01 6.646122084509720196e-01 6.147062657742599079e-01 6.768202073181391887e-01 7.415365707013200636e-01 6.781682239617691232e-01 6.145522533358961370e-01 6.355817187835361981e-01 8.094085799329537867e-01 8.005745434804073524e-01 7.803700135973146157e-01 7.559556613032929473e-01 7.853367571586257201e-01 8.219352605671200740e-01 7.831178325986736244e-01 7.400871170710061620e-01 7.444921306148922779e-01 7.687936688307359656e-01 7.914575387545852436e-01 8.134010537527133211e-01 8.175949636117755270e-01 8.324687165338962025e-01 7.855641549855503225e-01 8.452852625291361610e-01 8.363088484596562511e-01 8.318270147451907182e-01 8.494047016755533752e-01 8.346486935996445533e-01 8.349441712280136763e-01 8.568199388799100369e-01 8.461720661728271420e-01 8.388034103282040466e-01 8.041676245806661516e-01 8.261894891134350383e-01 8.085158106159269220e-01 8.504819875669156204e-01 8.370331425957119320e-01 8.266231574448266173e-01 8.299550157731090394e-01 8.287207366400639597e-01 8.574913200062838081e-01 8.452924370192363979e-01 8.589073929027987164e-01 8.555617977467140367e-01 8.555743555958382762e-01 8.394578023586483084e-01 8.468278385665855001e-01 8.335920512915792058e-01 8.494270806430880283e-01 8.440699307970483956e-01 8.312036219995408981e-01 8.259253400827450964e-01 8.463610084424935120e-01 8.383347785984799350e-01 8.416533941698380872e-01 8.078877933921078114e-01 8.107337661840630094e-01 8.544704722375863204e-01 8.514641981364874379e-01 8.412884222665039102e-01 8.389971796023160122e-01 8.454448954410169748e-01 8.401771323406481695e-01 8.338435556762177070e-01 8.476026261385656291e-01 8.303293366900984518e-01 8.284167358954867000e-01 8.309743870291470547e-01 8.290116086699442777e-01 8.410538020974557272e-01 8.443989878865891807e-01 8.449339038436398663e-01 8.379481796091886592e-01 8.387773644248821547e-01 8.538314968926621340e-01 8.498025874816482750e-01 8.495979009561168693e-01 8.549062472316621974e-01 8.506285216296477492e-01 8.459951924636109899e-01 8.373867847540390486e-01 8.554954557881232491e-01 8.473157056608443538e-01 8.510064726815397274e-01 8.534825552667629767e-01 8.572387254790528877e-01 8.591277909772482291e-01 8.534247174833089478e-01 8.448043666772214744e-01 8.519059233694239452e-01 8.464868949342532201e-01 8.503690983477200094e-01 8.572656023453342211e-01 8.534994938927692454e-01 8.583942439953047288e-01 8.550568802559724846e-01 8.540414604783992392e-01 8.468270499634878989e-01 8.560542271430372496e-01
