1.000000000000000000e+00 8.311584902511147399e-02 4.555746824781078258e-02 3.020723775722097999e-03 2.991990174883209577e-02 4.126268817801437457e-03 -4.401930604895262431e-03 5.983038778677333969e-03 6.559799926793796754e-02 2.164279716988800825e-02 2.097028915266254626e-03 9.899831766391518168e-05 1.683275723305111687e-02 -1.154045696872723487e-02 -1.070591572949975909e-02 1.224463624851199715e-02 3.136991172749580004e-02 -1.916608399920377917e-02 -6.030824781586608535e-03 -1.589985438777300961e-02 -3.755781058313990926e-03 5.793861016837840994e-03 -4.252661263375130327e-03 -2.434359015355428563e-02 -2.099393023300017563e-02 1.369536755175323334e-02 4.620072332094060067e-04 -5.378325722880101037e-03 2.218545672203959315e-03 -1.043343062469986003e-02 -1.412706320183682376e-02 -2.148319114140762043e-03 -2.109062137415732008e-02 -2.081689854467485765e-02 -1.352167054018882375e-02 -1.236125884061739337e-02 -8.957272900274025965e-03 -1.852779959873867427e-02 -1.672161180770003266e-02 -3.883121981754879271e-02 5.332340722903858602e-04 -3.038417524503355966e-03 -3.273989386741479185e-02 8.443953834592831612e-04 3.974649729027807110e-03 -2.396947230328383763e-02 1.851242926170346484e-03 4.904485505000135553e-03 5.836539274242913931e-03 -2.027000046297366964e-02 -9.843390823829328146e-03 -1.587520579356410666e-02 9.178152906786847184e-03 7.032452650780528225e-03 3.566030702042689154e-03 -5.699153386633563911e-03 1.160346798526018172e-02 1.371220045184676911e-02 -9.279450924099560613e-03 2.108655101124201278e-02 1.110344396613591016e-02 1.107178119078837050e-02 4.695161763669277767e-03 1.947349035408419207e-02 2.646008110684459208e-02 2.552954461003706377e-02 4.840181938569582988e-03 -1.719483952192660389e-03 -2.466931727351593783e-03 -2.558053656059205896e-03 -9.134073164763792385e-03 -8.349827536872080850e-04 -8.796187273215395203e-03 -8.559354295709246940e-03 5.420541370297055246e-03 1.915429003876163673e-03 -1.660614486403675294e-03 5.840787638086844058e-04 2.437642912053030169e-03 1.880299414497723460e-03 -3.833712367516694999e-03 -3.758329461158682345e-03 2.428310864565891465e-03 -3.789090930312290478e-03 -1.763165005931395177e-02 -9.271516881847430627e-03 -4.301993533596684682e-03 -9.593223868497183573e-03 -8.268784093494040144e-03 -1.158193664867811744e-02 -1.744817055497948147e-02 -5.024488478638611949e-03 -2.202265642243521511e-03 -1.018992082794195446e-02 1.812517699173375914e-03 3.555830391790539089e-03 -1.790991024106830878e-02 1.188326465104651113e-02 3.038578029117427332e-03 -8.516958753299283882e-03 -1.421247782992735714e-02 -7.800071867115200390e-03 2.666996268712389616e-03 3.631002299574544352e-04 -1.098199286567487195e-03 7.602171681393861923e-03 4.818211881192666773e-03 2.969766996716230803e-03 1.462657030836617134e-03 5.998157192483426388e-03 -9.681980887751164000e-03 1.098465802429756701e-02 -1.551429951393833184e-04 9.558698199006728652e-03 1.826010240090925052e-02 1.263959180430221894e-02
8.311584902511147399e-02 1.000000000000000000e+00 6.304103355587782620e-02 1.420029015661266047e-01 8.903771256939535528e-02 1.085305639628078994e-01 1.575582289060614150e-01 1.339063230723308573e-01 1.904048765050766201e-01 1.884038944986072273e-01 1.681354436561210697e-01 1.746254349092956071e-01 1.515005775143791478e-01 1.656113220723538504e-01 1.747307747740525774e-01 1.558982975885189470e-01 1.786665479387044286e-01 1.093852570360116794e-01 1.362848201152013217e-01 1.209978005224342096e-01 7.934220983895780288e-02 1.307866507166825787e-01 1.678636185958888583e-01 1.100856087189488741e-01 1.076172120155167167e-01 1.763606936459418129e-01 1.772256811913229535e-01 1.763835999712924929e-01 1.829131321466824500e-01 1.686752715089911425e-01 1.745332679129745490e-01 1.631742322047951832e-01 1.505897602747671704e-01 1.460710484741438719e-01 1.579830524703630390e-01 1.421194009190886176e-01 1.595299545206437242e-01 1.566500811204743215e-01 1.669345730790884608e-01 1.490402401979793456e-01 1.738941093703779139e-01 1.717303772553827879e-01 1.409014657212372124e-01 1.722156738687460609e-01 1.688327381681578310e-01 1.757670231404055705e-01 1.803916708549827275e-01 1.867205408322185067e-01 1.715126128655035387e-01 1.382861039509408752e-01 1.555093131000628570e-01 1.250588059538381425e-01 1.598777512646042953e-01 1.807565644789516091e-01 1.776844764530311205e-01 1.731438682896341286e-01 1.661529308107642933e-01 1.777311497830049991e-01 1.744745750952889363e-01 1.789112697868885382e-01 1.689435387672461319e-01 1.777977767002482667e-01 1.734066754647998199e-01 1.711103064552025044e-01 1.746047969333048011e-01 1.701404933842525502e-01 1.787651453421308656e-01 1.708885630010579249e-01 1.731299992802824428e-01 1.695066623582362209e-01 1.581243249400121065e-01 1.726957955849608706e-01 1.643203689507143350e-01 1.485199506013678561e-01 1.807459356638099757e-01 1.794149744553009129e-01 1.822520207919888779e-01 1.893304110204676316e-01 1.781583396367933114e-01 1.789201178185830243e-01 1.769521204351922339e-01 1.812046426092173701e-01 1.743717541435110541e-01 1.770438908268694433e-01 1.674138647289527548e-01 1.643427467916684648e-01 1.749579577498289185e-01 1.785818919930685367e-01 1.734843753863233029e-01 1.781013821041532164e-01 1.713866306462951128e-01 1.773864547759380350e-01 1.782135229747577598e-01 1.760852884699079524e-01 1.828473312273115603e-01 1.843282812475293964e-01 1.682542880571436528e-01 1.671800637626312813e-01 1.779008648454471209e-01 1.754222123114514142e-01 1.723684809224514114e-01 1.757429778796937014e-01 1.722710906624632110e-01 1.762085315705814725e-01 1.639237883436831800e-01 1.813513574101081605e-01 1.817253306822503578e-01 1.826912890467050909e-01 1.817157684832011733e-01 1.846995285121845187e-01 1.837300941708345237e-01 1.832987825779269220e-01 1.806729633008080094e-01 1.784064505770586173e-01 1.773776097698605836e-01 1.790217785738742184e-01
4.555746824781078258e-02 6.304103355587782620e-02 1.000000000000000000e+00 3.191869824998123661e-01 2.449236585200628424e-01 2.466563364545967529e-01 3.558454415696081785e-01 3.361023962735001924e-01 3.567551204155662292e-01 3.437338453312007713e-01 3.751330116049591545e-01 3.938967185201181498e-01 3.524881820015589584e-01 3.498594125666246724e-01 3.908941263677951361e-01 3.829876300344125517e-01 3.614845009539437437e-01 3.483452088034068028e-01 3.589811919051705269e-01 3.246074487448324941e-01 3.311602939368334386e-01 3.720962174297205438e-01 3.739441776790539684e-01 3.375753210756213263e-01 3.607540004547697410e-01 3.975280439365497798e-01 3.856508057117594146e-01 3.898587966006888395e-01 3.843610738907344282e-01 4.018069266359425851e-01 4.044435813229025900e-01 4.020645820407304227e-01 3.836275828835563617e-01 4.010715782218133296e-01 3.905909260772269520e-01 3.928430794463221853e-01 3.999956889440161034e-01 4.021386367307847043e-01 3.953387790406941993e-01 3.850013154203116850e-01 4.004521251975877716e-01 3.970301976502811359e-01 3.865945674414519861e-01 4.012164139005117147e-01 3.910088476361902599e-01 3.979490678902544154e-01 4.002147452244669279e-01 4.032660133201310670e-01 4.005099897462955361e-01 3.945131997983843952e-01 4.021416110116086684e-01 3.884622675893593668e-01 3.918087469967002634e-01 3.975177065142443955e-01 3.969296535113345237e-01 4.006352671848450453e-01 3.965289366514306857e-01 3.953208685728999972e-01 3.951461474455756906e-01 3.952348552748110033e-01 4.007100825898705088e-01 4.013918682540683625e-01 3.940270111580739809e-01 3.980643279113310062e-01 3.990635880226144905e-01 3.971182527869326351e-01 4.009687435416057211e-01 4.015882979846144840e-01 4.074790031462993678e-01 4.022040129629305127e-01 4.021159503264071233e-01 4.034658806624993876e-01 3.961538401611863214e-01 4.042041998642260103e-01 4.007011233209027412e-01 3.953687470665600001e-01 4.002972895082718696e-01 3.976627286320651433e-01 3.991756665067138776e-01 4.020220350422454847e-01 4.011540106838236697e-01 4.019248899089891691e-01 4.043687537792420295e-01 3.988143877693238748e-01 4.049734519701420621e-01 4.057082572678972210e-01 4.030062359534309913e-01 4.023191701659820096e-01 4.013702888360622389e-01 3.999857359623458231e-01 4.007647579555608797e-01 4.009373848350156200e-01 4.038068630602613673e-01 4.009385615327246688e-01 4.027400472292307909e-01 3.995551205442126608e-01 3.973101793585403496e-01 3.957055811174511883e-01 3.971805716229073746e-01 3.991168022352616918e-01 3.992320389730294461e-01 3.982525748171414914e-01 4.000654025759497467e-01 3.993143947075382116e-01 4.044763212366870309e-01 3.932160304911229698e-01 3.997606874003385991e-01 3.984377688247358051e-01 4.004963060459043045e-01 3.994228186322326124e-01 4.002613854404565297e-01 3.983139068722482690e-01 3.992387342744396772e-01 4.000407626130776384e-01 4.016888221668954428e-01 4.009846307064604543e-01
3.020723775722097999e-03 1.420029015661266047e-01 3.191869824998123661e-01 1.000000000000000000e+00 3.651673722020307711e-01 4.342141880684457500e-01 5.909236441560314912e-01 5.730193165076309381e-01 5.986880913296691586e-01 5.749430778961321931e-01 5.997333480403018724e-01 6.565379270455660166e-01 6.025150664252164612e-01 6.062554090630227766e-01 6.656681422040855445e-01 6.461593437260081396e-01 6.059053163408905096e-01 5.698622061803805261e-01 5.734706327530593173e-01 5.303348149782608489e-01 5.410700653006396132e-01 6.012041724109072893e-01 6.206793007286582897e-01 5.374370897970046634e-01 5.798570204496636959e-01 6.668435893713924312e-01 6.619519170879274439e-01 6.538997046357128973e-01 6.530247545806061593e-01 6.563591787125778731e-01 6.783736243489788542e-01 6.649183804382533536e-01 6.348237618166615581e-01 6.530255344374580329e-01 6.359180204460852526e-01 6.473253560826067732e-01 6.613644422672222412e-01 6.606574328370570237e-01 6.713756972149638180e-01 6.462045497427160168e-01 6.686120022464616675e-01 6.635173854034579488e-01 6.472842651051688989e-01 6.734345682498802388e-01 6.718694595178489326e-01 6.726278382768947628e-01 6.732223429716844842e-01 6.741395810906993802e-01 6.647480525333215873e-01 6.471181563577885765e-01 6.592856675464621174e-01 6.562104032371880447e-01 6.636520787083155515e-01 6.742857884550911285e-01 6.633212946839979196e-01 6.736069803521452792e-01 6.560525979591990131e-01 6.686537941311423427e-01 6.594805772081552275e-01 6.738965152668364711e-01 6.693846792726514394e-01 6.688745804909593806e-01 6.589424279561812980e-01 6.671142144671377006e-01 6.633774830664883604e-01 6.701184291716023589e-01 6.746379468092768006e-01 6.723128354094354275e-01 6.773141062283107861e-01 6.723150548355369960e-01 6.652454695759412173e-01 6.689056235862522737e-01 6.587863022671843760e-01 6.590820005743850407e-01 6.765503941588122405e-01 6.733938990623058451e-01 6.755355771403810383e-01 6.705524951029322445e-01 6.715070846596907783e-01 6.752477738718837275e-01 6.736561897494842688e-01 6.762990738278917835e-01 6.793412620353644904e-01 6.730797883413109917e-01 6.809385027212687680e-01 6.770709470351061743e-01 6.773452833818049967e-01 6.792281967849309599e-01 6.789450443146726188e-01 6.764816708189769212e-01 6.770026687688890377e-01 6.785408165446774609e-01 6.776843653365151043e-01 6.775655631303526549e-01 6.758516832664956953e-01 6.745678143487358058e-01 6.707602149261024937e-01 6.675238570855911435e-01 6.745205051307137101e-01 6.761243185855708715e-01 6.760662466935948300e-01 6.765208716434059077e-01 6.744675708745676568e-01 6.784225093700280151e-01 6.797796194301390926e-01 6.656438476150458028e-01 6.740497397882155850e-01 6.748446716488062380e-01 6.765412115303174323e-01 6.745631073399072086e-01 6.743888101259207790e-01 6.749098852305902563e-01 6.749768092635205496e-01 6.759975742640789154e-01 6.725272290743009584e-01 6.746622879800344696e-01
2.991990174883209577e-02 8.903771256939535528e-02 2.449236585200628424e-01 3.651673722020307711e-01 1.000000000000000000e+00 3.294181309942322833e-01 4.665177412818574121e-01 4.580176510199814310e-01 4.756098589479392236e-01 4.322481311622749511e-01 4.529827097734874797e-01 5.042191990594541151e-01 4.831022145960055525e-01 4.405315592963087723e-01 5.190593857068562800e-01 4.996212426018677433e-01 4.710436250638773692e-01 4.594289428552532639e-01 4.693250103915495575e-01 4.050916415823694328e-01 4.403976597590675279e-01 4.862902245477702112e-01 4.971528550064373553e-01 4.497002666069526144e-01 4.814413743859937145e-01 5.222223139481186882e-01 5.053392092388359069e-01 5.160809477901926456e-01 5.045378558211883746e-01 5.155432216557531699e-01 5.134085879897982707e-01 5.057765712588228046e-01 4.893238818495119768e-01 4.985010722966019547e-01 4.864748683003062291e-01 5.005770749659481655e-01 5.055253984200341888e-01 4.985206336304272012e-01 5.138581386910242577e-01 4.961791902458295711e-01 5.151026569239289810e-01 5.219106648928014680e-01 5.125484677204504846e-01 5.206017458185817626e-01 5.119071215045294387e-01 5.126591053918616581e-01 5.089419663636620683e-01 5.074757896977550864e-01 5.001982454190603278e-01 4.759813920132665022e-01 4.899390785144132621e-01 5.057511855284632096e-01 5.114072833552893993e-01 5.104836157573928723e-01 5.013199571532268584e-01 5.047481835478402346e-01 4.901027175689692261e-01 5.126828194013217654e-01 4.914947729193162584e-01 5.201073310001971262e-01 5.123842474421690385e-01 5.122159274609672241e-01 4.918912775724191833e-01 5.095248207299966081e-01 5.099926580103160134e-01 5.123726035047921901e-01 5.147764693522863810e-01 5.137617112873201775e-01 5.201758623938537163e-01 5.147406852587815829e-01 5.178036683771950477e-01 5.174726654371353263e-01 5.079046795838214612e-01 5.175102315433804945e-01 5.166646316220128154e-01 5.157533938547146368e-01 5.169654920861643799e-01 5.153060442447983114e-01 5.196970672057495966e-01 5.172150487179404399e-01 5.143144080293410303e-01 5.142633770457697429e-01 5.148594150412838522e-01 5.151324798870610122e-01 5.099767445266948362e-01 5.144527092924285894e-01 5.119160576154037079e-01 5.104498867503258763e-01 5.195798487879499383e-01 5.133478521992829169e-01 5.165790549849633706e-01 5.177388268488867240e-01 5.162299529471841009e-01 5.192130903205668391e-01 5.082308417579711746e-01 5.101590958449034874e-01 4.981676086745077114e-01 4.941167041789516490e-01 5.064245544369275764e-01 5.021270848528662789e-01 5.189867941577394062e-01 5.069671835125596493e-01 5.199774573342327288e-01 5.199080603902681563e-01 5.191429624405219379e-01 4.997424094754245871e-01 5.063723268901383356e-01 5.119271627159454052e-01 5.083717585495360902e-01 5.107259170676777815e-01 5.064270789845985998e-01 5.139667656143648289e-01 5.100280411986973794e-01 5.171935631198235628e-01 5.107086602569615996e-01 5.114275910669131564e-01
4.126268817801437457e-03 1.085305639628078994e-01 2.466563364545967529e-01 4.342141880684457500e-01 3.294181309942322833e-01 1.000000000000000000e+00 5.570056053038890953e-01 5.110428560176819568e-01 5.649424837421430645e-01 5.088869253369894263e-01 5.612601863790148693e-01 5.907146783522817524e-01 5.325719361873813007e-01 5.300460557837058939e-01 6.083442822176075016e-01 5.835448055266830858e-01 5.687057549675282875e-01 5.251979857696770226e-01 5.403677514060813980e-01 4.739225072450549137e-01 4.980202839350013067e-01 5.527217435585287664e-01 5.631932484048892684e-01 4.975703694530635435e-01 5.423284072584424464e-01 5.984034439350478518e-01 5.902019797905465603e-01 5.927330237853358774e-01 5.864028977175200774e-01 6.036922092480571100e-01 6.112654584339001218e-01 6.020392864871271232e-01 5.765355704330009656e-01 5.996712574012387220e-01 5.783323350540666707e-01 6.025550100182762714e-01 5.982992490493281856e-01 6.114942189159243702e-01 6.190851342545322655e-01 5.959675851905905652e-01 6.076117032968580967e-01 6.141362512150349007e-01 6.076735378946551691e-01 6.172467025324812617e-01 6.157535032102490202e-01 6.153804561411114760e-01 6.121590141527424311e-01 6.132162112268112475e-01 6.105340685475795226e-01 5.892751158456749350e-01 6.038824644972385913e-01 5.867304167994326081e-01 6.035761169147233485e-01 6.114674008968976615e-01 6.067216388552142403e-01 6.143634863234694876e-01 6.003686269922684504e-01 6.140544281036676155e-01 6.092200456398444430e-01 6.131353141088433656e-01 6.144080986230782138e-01 6.161608119236271497e-01 6.074752653423199922e-01 6.163646966822057260e-01 6.110066918239503986e-01 6.082878645921858674e-01 6.166754708790241901e-01 6.121343521383676434e-01 6.143013332943970672e-01 6.111003271015950089e-01 6.095287367170145743e-01 6.136074779325871864e-01 6.051418241173013302e-01 6.059995511027093107e-01 6.142973652774803561e-01 6.125853144133522887e-01 6.121362529637102146e-01 6.099251942300338847e-01 6.110236561904761610e-01 6.132834815825901620e-01 6.136804973314317069e-01 6.160625405972985913e-01 6.192519936193542351e-01 6.180458748005056568e-01 6.134880079841963374e-01 6.165659398155443061e-01 6.151094128597759392e-01 6.176213953318863137e-01 6.186839447073796405e-01 6.145063490224478286e-01 6.131332928464253706e-01 6.178137169402214690e-01 6.188808865553454552e-01 6.174821591771055829e-01 6.157626156785170890e-01 6.180540697160836761e-01 6.072150417061984440e-01 6.004487960819713255e-01 6.132126114787692650e-01 6.118928503650936657e-01 6.208565654846094350e-01 6.160472735287204626e-01 6.153196279885154718e-01 6.200039814264505234e-01 6.177855727497130189e-01 6.068521452694684015e-01 6.141812810347939688e-01 6.174584935519591422e-01 6.152535485254109204e-01 6.150735803517547451e-01 6.178805923549377521e-01 6.157444458358931616e-01 6.182726490051434487e-01 6.182281124756365820e-01 6.177528850769831159e-01 6.116645736036135927e-01
-4.401930604895262431e-03 1.575582289060614150e-01 3.558454415696081785e-01 5.909236441560314912e-01 4.665177412818574121e-01 5.570056053038890953e-01 1.000000000000000000e+00 7.407167622949112351e-01 7.683425531651242313e-01 7.259212475039830137e-01 7.619714287401549990e-01 8.310934269068604996e-01 7.564660944574579382e-01 7.558616073918318357e-01 8.654365009171673950e-01 8.108809918601689315e-01 7.729669909869001376e-01 7.127961434249129313e-01 7.450553901155537728e-01 6.552488039403172593e-01 6.753653443520863942e-01 7.577990175709262699e-01 7.988539397377439899e-01 6.966412892772849696e-01 7.511991237873554272e-01 8.422463861171101129e-01 8.356367383896949885e-01 8.440046698518248736e-01 8.438684540662644284e-01 8.415869336968320180e-01 8.591690980970754232e-01 8.436099807903374437e-01 8.022496741444297141e-01 8.352518271557898277e-01 8.049459959016876942e-01 8.215329975533365303e-01 8.380398801168108536e-01 8.490255228278476007e-01 8.512093110860485812e-01 8.324474499175298359e-01 8.468647811370972889e-01 8.520577966506425183e-01 8.301733666030338687e-01 8.522841803779149794e-01 8.488250066288979268e-01 8.540340293299691909e-01 8.516717202050035906e-01 8.531971052593765314e-01 8.485901680949231585e-01 8.239902310667891472e-01 8.414546428096774111e-01 8.218076365197163335e-01 8.414426802233370140e-01 8.528288197358219191e-01 8.442939034208228888e-01 8.548824947733488777e-01 8.347533959003090587e-01 8.477455670393452269e-01 8.419153255425295690e-01 8.499855262100410869e-01 8.536838441423009183e-01 8.517751070542028957e-01 8.403153902544714393e-01 8.478585206520534712e-01 8.440800167279890465e-01 8.466239321162211118e-01 8.560465194018830326e-01 8.519927031438967457e-01 8.606903606590050604e-01 8.503389426355618674e-01 8.477424160319266822e-01 8.546887329256186439e-01 8.439649992504403286e-01 8.430741282049238894e-01 8.614942797454884227e-01 8.583682307096596187e-01 8.622451995916408096e-01 8.631031245640325977e-01 8.621063292834376668e-01 8.597978451860719407e-01 8.603128285188816893e-01 8.623698560160769633e-01 8.595532378418340169e-01 8.568418890078812744e-01 8.607128393019860546e-01 8.601109241055012733e-01 8.583199837342280203e-01 8.640591841813375362e-01 8.623276333062878107e-01 8.624302651209282411e-01 8.629231241256944962e-01 8.647993150678019436e-01 8.620463948810341837e-01 8.644175184335023410e-01 8.585414731830225410e-01 8.579239267297354976e-01 8.543145517603726313e-01 8.412781784041031274e-01 8.561007852609078261e-01 8.576231659405210150e-01 8.630988458636511540e-01 8.589571484590292627e-01 8.582771425422897060e-01 8.605128212824546541e-01 8.607162446885251450e-01 8.451649667020655343e-01 8.582174996327475158e-01 8.581942282788469489e-01 8.595297121921506855e-01 8.577368257012512043e-01 8.589401550820983111e-01 8.558363062850105063e-01 8.582121187035034460e-01 8.574285237283595373e-01 8.525532900596384245e-01 8.532537338191547027e-01
5.983038778677333969e-03 1.339063230723308573e-01 3.361023962735001924e-01 5.730193165076309381e-01 4.580176510199814310e-01 5.110428560176819568e-01 7.407167622949112351e-01 1.000000000000000000e+00 7.430463563738940458e-01 6.943690986378936447e-01 7.325395361761022350e-01 7.984656611439719942e-01 7.309667203196837937e-01 7.167577714824565627e-01 8.119753328132730541e-01 7.999120947092031031e-01 7.541648087169988690e-01 6.857347948268145421e-01 7.083600776056200310e-01 6.555397147502390887e-01 6.383940115632140699e-01 7.254278857266861502e-01 7.596583478333884809e-01 6.500462244972800008e-01 7.035633647377259603e-01 8.091992429516647878e-01 7.960846013290732159e-01 7.915338162873852834e-01 8.028171745773093892e-01 7.937143106353203859e-01 8.208780940146986893e-01 8.000228347804393403e-01 7.563694570665980832e-01 7.954734438356574344e-01 7.624517852617918034e-01 7.832788969827646497e-01 8.021783060986077407e-01 8.143058505877664999e-01 8.114654502199334374e-01 7.826937861803607843e-01 8.147566875676407472e-01 8.147187697691350428e-01 7.893487274979387180e-01 8.253781979813523684e-01 8.108941420590792815e-01 8.131593245841565176e-01 8.237581418753239237e-01 8.206152422876871189e-01 8.204353862317328439e-01 7.940382945964016281e-01 8.145882382749503048e-01 7.752668629942506273e-01 8.046705596831515983e-01 8.209067123562299173e-01 8.172240588642905035e-01 8.176188315943497820e-01 8.103504169161168669e-01 8.204039845300407086e-01 8.175337057340013036e-01 8.218368713977856066e-01 8.250973571211200897e-01 8.235324636922611852e-01 8.157311982811358275e-01 8.248453194696542257e-01 8.129409345576411594e-01 8.175272920615546113e-01 8.246359257315386548e-01 8.173505461182412057e-01 8.257919290115339761e-01 8.199790356493242838e-01 8.091577294515218677e-01 8.178613772900816814e-01 8.008341593593629737e-01 8.016022440902119683e-01 8.283609076039758490e-01 8.250722972599271454e-01 8.247270810772143745e-01 8.240414793580418396e-01 8.192532331579289728e-01 8.270501260103576557e-01 8.252040252786096985e-01 8.275700101964579281e-01 8.266175810582278016e-01 8.203943371493385150e-01 8.247786474547155189e-01 8.227758886906665348e-01 8.242333031877399074e-01 8.307828222543163221e-01 8.279871704385477482e-01 8.258847891780130013e-01 8.209102691488637804e-01 8.277589050762782508e-01 8.253089242650412105e-01 8.280611437511661288e-01 8.258350567562937616e-01 8.244460185498448945e-01 8.234460565584460490e-01 8.232708554099762432e-01 8.277887500905104501e-01 8.279580598958623527e-01 8.267147252412065939e-01 8.299376828172747578e-01 8.220297665224906014e-01 8.303447782918157438e-01 8.255380157110969730e-01 8.219328789585308437e-01 8.300511818460091229e-01 8.257801540045923705e-01 8.270961095885243086e-01 8.256580230193854009e-01 8.274621428610058338e-01 8.256009772258051660e-01 8.282870631346584966e-01 8.306097383993876759e-01 8.238942294981483894e-01 8.247376642699985050e-01
6.559799926793796754e-02 1.904048765050766201e-01 3.567551204155662292e-01 5.986880913296691586e-01 4.756098589479392236e-01 5.649424837421430645e-01 7.683425531651242313e-01 7.430463563738940458e-01 1.000000000000000000e+00 7.629530271711670864e-01 7.951968201896927324e-01 8.543089729143352740e-01 7.824230692569792422e-01 7.836498645435980848e-01 8.611356103827514374e-01 8.422549045774897492e-01 8.190636036488382343e-01 7.300329625950414680e-01 7.595880851310741200e-01 6.787070959970332718e-01 6.823260743013602747e-01 7.793008584710978681e-01 8.063200865600900213e-01 6.773455568747834832e-01 7.374565286659344743e-01 8.653450802117689244e-01 8.537680458262911776e-01 8.558272155267239167e-01 8.534449184243337871e-01 8.535354903273635330e-01 8.719072607880228309e-01 8.555619241268004327e-01 8.084388387118732755e-01 8.286981583323500544e-01 8.248501984254976716e-01 8.217894627926840556e-01 8.516730240576503297e-01 8.576533354062729764e-01 8.617459649254591847e-01 8.195884013114080879e-01 8.736430411161962839e-01 8.655686409041613016e-01 8.228523162616169229e-01 8.832757361946875774e-01 8.666475903304692308e-01 8.612809193802318797e-01 8.879866238262354994e-01 8.890370213407696731e-01 8.830983886088342727e-01 8.345845412429746535e-01 8.675142128359796256e-01 8.198667595670854347e-01 8.732038758183253702e-01 8.891342094768953652e-01 8.817096107564553753e-01 8.755136910531284844e-01 8.762752995835785264e-01 8.824320928730824409e-01 8.775343666716667324e-01 8.919876837828724092e-01 8.913283714588841056e-01 8.895465972622670359e-01 8.804844438405711182e-01 8.901002885178995738e-01 8.853288321772342373e-01 8.892968222298408554e-01 8.906913701305482212e-01 8.793156327573884434e-01 8.822553083229730531e-01 8.764103566956528146e-01 8.647527075331072899e-01 8.798746713314216095e-01 8.579293996623270635e-01 8.518605679023499855e-01 8.889855091676099885e-01 8.882857653705876766e-01 8.851021720295114692e-01 8.844038167701696596e-01 8.754974916826868681e-01 8.896140142282794594e-01 8.870531030162140951e-01 8.871826297942075890e-01 8.813101066957498286e-01 8.831842146177039110e-01 8.729873104817708063e-01 8.732977354949695847e-01 8.825293865054102405e-01 8.824904001069107107e-01 8.818181203152911651e-01 8.784835765938071583e-01 8.707415340387963942e-01 8.845724642162147155e-01 8.839067283484167703e-01 8.813629199083358179e-01 8.893549117395369574e-01 8.897753345556611571e-01 8.631651227799373993e-01 8.747910365266813315e-01 8.884305279467061833e-01 8.792325751415739354e-01 8.770462646884807922e-01 8.836000157918023623e-01 8.850864495876562543e-01 8.881574772387351713e-01 8.799400927205606182e-01 8.819012434109732013e-01 8.893244416199113100e-01 8.903637628462542919e-01 8.887103002353539116e-01 8.892976136580749147e-01 8.832150197992509888e-01 8.921853672645108091e-01 8.871182205752611294e-01 8.907838149814542028e-01 8.908253893012583191e-01 8.901102097723919693e-01
2.164279716988800825e-02 1.884038944986072273e-01 3.437338453312007713e-01 5.749430778961321931e-01 4.322481311622749511e-01 5.088869253369894263e-01 7.259212475039830137e-01 6.943690986378936447e-01 7.629530271711670864e-01 1.000000000000000000e+00 7.395195968824643806e-01 8.062095805809803561e-01 7.256403772542481256e-01 7.349314766627672579e-01 8.134288357148564685e-01 7.915946114303578085e-01 7.601317472779395290e-01 6.705295969048935545e-01 6.995358384426122456e-01 6.438216819654312140e-01 6.024225604631452402e-01 7.107209361811489545e-01 7.605029160189727966e-01 6.343747497206355668e-01 6.869613639855264298e-01 8.044500961467850875e-01 8.055491497167306392e-01 8.014559532375676865e-01 8.129047096611332623e-01 7.950297611828419653e-01 8.256116257895836918e-01 8.117419726624064413e-01 7.670282434099751079e-01 7.889567396299003166e-01 7.748374105734011641e-01 7.739464203606382098e-01 8.075248104308048180e-01 8.152710432527038309e-01 8.103788944103452740e-01 7.918489732748249521e-01 8.260944718180600610e-01 8.200940662956620608e-01 7.816720386686797362e-01 8.253721507595088713e-01 8.138382169609975625e-01 8.184735195234966731e-01 8.340371699718295284e-01 8.373837364173195574e-01 8.244511208801742486e-01 7.908931952353627226e-01 8.168303542530129802e-01 7.585531050652023488e-01 8.080409556306580310e-01 8.351143916260537203e-01 8.271533147970109301e-01 8.271328703143845384e-01 8.160369919306011965e-01 8.289871047391140779e-01 8.277650788795812842e-01 8.288034209127530527e-01 8.262089424779366365e-01 8.326317625580083037e-01 8.228896392241024094e-01 8.205544161955280469e-01 8.206090119597101440e-01 8.240654298495512231e-01 8.347663664054882915e-01 8.219684535871579767e-01 8.299064345894536787e-01 8.231129202598300720e-01 8.077976562661310922e-01 8.244265745806476087e-01 8.051515805944583493e-01 7.982659094779308573e-01 8.345209089194790542e-01 8.337786022611383130e-01 8.344429232415963016e-01 8.360143242508110140e-01 8.271136021275603545e-01 8.360863220754400915e-01 8.332864157836656904e-01 8.362507231038287525e-01 8.313827143224837846e-01 8.292909171531768209e-01 8.284894225766479270e-01 8.247154778318287471e-01 8.322981636155002416e-01 8.359175040470140372e-01 8.321567981985839024e-01 8.326454099332361025e-01 8.287409502208268330e-01 8.352004668722767811e-01 8.322753730689634866e-01 8.328081497761553598e-01 8.371199659945108840e-01 8.370272630480326548e-01 8.204875375870341880e-01 8.131951296289973152e-01 8.339186328872911780e-01 8.344337883270580569e-01 8.298934154065128466e-01 8.334679912433714533e-01 8.297480333161086907e-01 8.328325614854583669e-01 8.237072169085166706e-01 8.290709562545895972e-01 8.355325478433641706e-01 8.365779294289847901e-01 8.363736387984388454e-01 8.381999463791279803e-01 8.374990032777464011e-01 8.358450080477956012e-01 8.369208244965289367e-01 8.314026944597909807e-01 8.270515191299919744e-01 8.306327553608598979e-01
2.097028915266254626e-03 1.681354436561210697e-01 3.751330116049591545e-01 5.997333480403018724e-01 4.529827097734874797e-01 5.612601863790148693e-01 7.619714287401549990e-01 7.325395361761022350e-01 7.951968201896927324e-01 7.395195968824643806e-01 1.000000000000000000e+00 8.593496138808641716e-01 7.653422802225505750e-01 7.779385223933099613e-01 8.633798047507051932e-01 8.413012107034939513e-01 8.022040852280692969e-01 7.285558093705571947e-01 7.672218509433841316e-01 6.688009431139129157e-01 6.809942367785324357e-01 7.775599185466299801e-01 8.106012618280503679e-01 6.922224791869386884e-01 7.482648243754075335e-01 8.646179486302761896e-01 8.563064632626408157e-01 8.541721044700555376e-01 8.520296098387172279e-01 8.576234716374656619e-01 8.783858241477363604e-01 8.593586642279956722e-01 8.111177688480039061e-01 8.398558844623291719e-01 8.215893747357712051e-01 8.347606958186762904e-01 8.578829374372731742e-01 8.575521166509009197e-01 8.633229547046249452e-01 8.351185955690511031e-01 8.736406782917177649e-01 8.695424302228023095e-01 8.339884833364762384e-01 8.765701482130614508e-01 8.730730864813595060e-01 8.662464491216048668e-01 8.816498216315385994e-01 8.840281456211848132e-01 8.773755730066974401e-01 8.367653886712673739e-01 8.618291481143166566e-01 8.317979545771738703e-01 8.653246366296509784e-01 8.833528530905202514e-01 8.765372707194399871e-01 8.780669857412806145e-01 8.727711703341973770e-01 8.812874669140100536e-01 8.725721641172410337e-01 8.825888139205203542e-01 8.818652084134772640e-01 8.845061647037251173e-01 8.749156640527666617e-01 8.781587863007177530e-01 8.765664189246892279e-01 8.811753363871577260e-01 8.851558215588648526e-01 8.764313890160699838e-01 8.812835244796145551e-01 8.731431197488777052e-01 8.662290691717888791e-01 8.788798986703528771e-01 8.604790994695303841e-01 8.554091023873214850e-01 8.859896902122894602e-01 8.852674497588304270e-01 8.848987141119486477e-01 8.810507294148354207e-01 8.749093398117276932e-01 8.846090300646266558e-01 8.817568819032584049e-01 8.860102568396298617e-01 8.815242198124862982e-01 8.790866941181179062e-01 8.756414462756633155e-01 8.760782606769900172e-01 8.837876135036017988e-01 8.828575481070045639e-01 8.839133564045932312e-01 8.821628505795150454e-01 8.785599031982698204e-01 8.852282953049118719e-01 8.846765275489298919e-01 8.839919877084382316e-01 8.868013821417273235e-01 8.872086463961423863e-01 8.697280902364072919e-01 8.670164724441976611e-01 8.827476294564634562e-01 8.787504357287374557e-01 8.800551570809660440e-01 8.831932654671533767e-01 8.821332576867846331e-01 8.854003986709380047e-01 8.824158398505694834e-01 8.793619978163329520e-01 8.839738898071513029e-01 8.869502964426819736e-01 8.870365285485993789e-01 8.853002822232620694e-01 8.826066306451261223e-01 8.871451857991291545e-01 8.857573458193532812e-01 8.851472175813430709e-01 8.837107845321323651e-01 8.845355529876062217e-01
9.899831766391518168e-05 1.746254349092956071e-01 3.938967185201181498e-01 6.565379270455660166e-01 5.042191990594541151e-01 5.907146783522817524e-01 8.310934269068604996e-01 7.984656611439719942e-01 8.543089729143352740e-01 8.062095805809803561e-01 8.593496138808641716e-01 1.000000000000000000e+00 8.399479203053646925e-01 8.322339266241409739e-01 9.330205818697048237e-01 9.015996803643825386e-01 8.653786501699259892e-01 7.792241867343454587e-01 8.092880682705023698e-01 7.412870839047556171e-01 7.236529273340300827e-01 8.232657880851268484e-01 8.673433700948464109e-01 7.370232870229537214e-01 7.995739149580071148e-01 9.276714292314467425e-01 9.226803334302919879e-01 9.189696817498005377e-01 9.213604334549254649e-01 9.205553531271832846e-01 9.492288899169064598e-01 9.269106847789517767e-01 8.807306641537454572e-01 9.045755823681391750e-01 8.909638210935307834e-01 8.993114951986539429e-01 9.241303739705700737e-01 9.309953647584029435e-01 9.329262161729419134e-01 9.068798620012896716e-01 9.407953750910448276e-01 9.381695842175112876e-01 9.071768518229871292e-01 9.487402673307979706e-01 9.364311414197540318e-01 9.341119152345667143e-01 9.493007614338025979e-01 9.509675838399165304e-01 9.442643991994461583e-01 9.086012601938658895e-01 9.322286682490872334e-01 8.961637504412557353e-01 9.331049374425968157e-01 9.518695496148875668e-01 9.438096331405693151e-01 9.452715574335947002e-01 9.350747966596858474e-01 9.476968107577705691e-01 9.408018776769615510e-01 9.498915565425636309e-01 9.483373171473382657e-01 9.505897564991929727e-01 9.400745138372966769e-01 9.444166573216921101e-01 9.402169950237992957e-01 9.457043453375071351e-01 9.519868524744159455e-01 9.421651712408058987e-01 9.482202000556180232e-01 9.441406417492026470e-01 9.296914536717247879e-01 9.423036421026145248e-01 9.236686574791354021e-01 9.200639435336029903e-01 9.540159893639085231e-01 9.521455219133312387e-01 9.510990633470284283e-01 9.502210110268277665e-01 9.433220106142542472e-01 9.534321156060930891e-01 9.517356974650299506e-01 9.561086078043203873e-01 9.493199724220277025e-01 9.477042277417826455e-01 9.462182931991397483e-01 9.439110401906068981e-01 9.509791425122487984e-01 9.522591705929441819e-01 9.517233280894313863e-01 9.505705347930363258e-01 9.479404890158100727e-01 9.545646490836137144e-01 9.520596599807462646e-01 9.524766466598397763e-01 9.539215461850988342e-01 9.547242284617802888e-01 9.386986040037212931e-01 9.335975764703514646e-01 9.497735745629408699e-01 9.486308901067908028e-01 9.502896428389028260e-01 9.515898240265513452e-01 9.503624256296592243e-01 9.538608829175874160e-01 9.492501767531861256e-01 9.452838686000401003e-01 9.533345413895477627e-01 9.544316818532120328e-01 9.543481544999435906e-01 9.535734388501942993e-01 9.523728208952284557e-01 9.539528125787202217e-01 9.539315586856512708e-01 9.531222761958407785e-01 9.469570934393661821e-01 9.520254235328298176e-01
1.683275723305111687e-02 1.515005775143791478e-01 3.524881820015589584e-01 6.025150664252164612e-01 4.831022145960055525e-01 5.325719361873813007e-01 7.564660944574579382e-01 7.309667203196837937e-01 7.824230692569792422e-01 7.256403772542481256e-01 7.653422802225505750e-01 8.399479203053646925e-01 1.000000000000000000e+00 7.491726806083319756e-01 8.478620332428945527e-01 8.288924337865802849e-01 7.787770479537333701e-01 7.177539104718534402e-01 7.402548596068588838e-01 6.640481278498490125e-01 6.785026191754843783e-01 7.668632494313272208e-01 7.994142130325392337e-01 6.865316483808384662e-01 7.406595150252865967e-01 8.501124969216004024e-01 8.372946316431200131e-01 8.398969151559860791e-01 8.374984272677764574e-01 8.417670629083958689e-01 8.539390181311071748e-01 8.399251429821602555e-01 7.922358959566523362e-01 8.187886452149166772e-01 8.058953121178299428e-01 8.084322867145925517e-01 8.386402531390723114e-01 8.358411198626835015e-01 8.428295945310810833e-01 8.151400358826427217e-01 8.535795040945577394e-01 8.489135174785101823e-01 8.135246770987887288e-01 8.584526929900501147e-01 8.499777095960301398e-01 8.451404466865866105e-01 8.622928364384890854e-01 8.605811224452860619e-01 8.510162246875183634e-01 8.064087351820262706e-01 8.386187438541898853e-01 8.141744323958256535e-01 8.459546405460930396e-01 8.636796550154159924e-01 8.521412189589574471e-01 8.570880284030932827e-01 8.428891905378746996e-01 8.599066395283114783e-01 8.467921883236224634e-01 8.673446062799009537e-01 8.623745830676653457e-01 8.602491055773910933e-01 8.474842390633352540e-01 8.563898938560312590e-01 8.572987558896658644e-01 8.596381406098319022e-01 8.655165633595711672e-01 8.592930370490323710e-01 8.644155223526682752e-01 8.587877989906756993e-01 8.512114773486375574e-01 8.598676723946714340e-01 8.431573804204797185e-01 8.412450913935872743e-01 8.681379656507823839e-01 8.649282968807632255e-01 8.639819794325215296e-01 8.620471003971000856e-01 8.606019951909482657e-01 8.657577097280423351e-01 8.636009972759595144e-01 8.658545371861215978e-01 8.622797197398566205e-01 8.603113172374443618e-01 8.526745433092827176e-01 8.550775905187123493e-01 8.622141883902137982e-01 8.606823149944700102e-01 8.629915313745915029e-01 8.614691176084975366e-01 8.584862768505114872e-01 8.666843145896135914e-01 8.653283580946883324e-01 8.641662059059829204e-01 8.660141788048882905e-01 8.658682508351380758e-01 8.423243674045688412e-01 8.421981084028192788e-01 8.601314584691461818e-01 8.540010162317990261e-01 8.596199570898105380e-01 8.595166819458889274e-01 8.633655236411936773e-01 8.661588289818727970e-01 8.614866981846621696e-01 8.541323716352878792e-01 8.618141563680764561e-01 8.652211496708749339e-01 8.649908005383184495e-01 8.644584667731700645e-01 8.602840530571607136e-01 8.672573741556238724e-01 8.627944067155769448e-01 8.652098338871110350e-01 8.614734288580989663e-01 8.637383158839097019e-01
