1.000000000000000000e+00 1.483698167802657286e-01 1.510541032601543376e-01 1.055330759920752454e-01 8.481387664289425504e-03 1.036484637775345330e-01 1.545621697153956864e-01 1.223267502242971622e-01 2.489313042290570432e-01 1.025559777415143703e-01 6.792762279771613620e-02 5.869448047039693694e-02 2.818649961037572593e-02 6.447871633735255403e-02 6.492636638590906784e-02 6.543588108251573165e-02 1.983992605349610139e-01 2.026827795380667097e-01 1.454307242156623603e-01 2.166053946551579346e-01 1.754644530113821932e-01 1.235469865372696707e-01 1.601911893512106000e-01 1.186538213337745978e-01 7.067019726176065886e-02 1.346288712234045837e-01 1.291751655737783389e-01 1.471608598986222649e-01 1.770235768131074860e-01 1.292789134718348998e-01 1.066865407895658535e-01 1.188624674611891696e-01 9.744654926856230470e-02 1.199401377802233049e-01 9.243719570561856336e-02 9.289846229274956180e-02 8.000352967234107548e-02 1.156361761831207202e-01 7.131200076610128002e-02 5.408879437802040224e-02 6.713607335714975866e-02 6.201004516084766827e-02 4.076738242680898183e-02 7.828445001812921189e-02 6.556771308264623677e-02 9.918112792154552826e-02 3.386431139041701927e-02 5.588597717706674656e-02 7.010931023044866817e-02 8.855109306298693250e-02 7.993430670611466338e-02 6.978875687441050968e-02 6.382426158293839913e-02 9.161021297868239543e-02 1.186167898492799244e-01 9.780072034851299001e-02 1.171217940608907382e-01 8.317915964004773954e-02 9.168709158057719577e-02 8.162536072741757853e-02 6.343307505402090429e-02 8.865347044828969514e-02 8.403352323003000779e-02 9.041988185645030707e-02 7.711167671388775846e-02 8.928182994810252016e-02 6.262209466573237515e-02 8.052092279307714040e-02 7.374009635462587531e-02 1.082037925843780113e-01 5.364670763917468721e-02 5.125595131138845767e-02 5.940902235490778949e-02 3.379329254794999349e-02 6.089364185128921803e-02 6.777210550398933553e-02 7.112080546999899333e-02 8.760617446562724009e-02 5.981966928693412122e-02 6.884345072040970459e-02 6.367879321334406206e-02 4.625709194642781130e-02 7.028645859010902719e-02 5.527858850554306924e-02 6.451054189679315820e-02 6.385211162372345095e-02 2.989396826908133353e-02 5.933231388979997439e-02 3.976845673164090128e-02 7.151540449989182702e-02 2.898267252569218175e-02 3.248609752960309599e-02 3.066115598404451151e-02 4.612023683403321250e-02 2.009864034906552743e-02 3.104779508572388241e-02 4.265052975682256248e-02 8.673399056324579415e-02 4.183157021318203994e-02 4.661127807167780857e-02 1.254521847641013911e-02 6.712589789041965849e-02 5.040408386722666084e-02 4.777989330973651111e-02 5.893278662408511781e-02 8.383393818809251052e-02 5.643886283862387110e-02 3.833988957512565049e-02 5.851685678968884807e-02 4.054929479026543604e-02 4.991625718043687238e-02 4.706442482135907157e-02 5.165451289188561362e-02 5.868265947376222896e-02 5.078450705702274720e-02 5.733841683533057870e-02
1.483698167802657286e-01 1.000000000000000000e+00 9.357543913940409575e-02 3.982286828090240288e-02 7.050934161820560098e-02 1.033136732460694651e-01 1.572750018728626964e-01 1.106224599503562861e-01 1.977373810767210360e-01 2.461198733499129210e-01 1.125172758663095240e-01 1.096039112374436464e-01 9.137145361473111849e-02 1.061763959482417141e-01 1.429343506808229691e-01 1.359069436544868836e-01 1.578434278416503411e-01 8.652127257936377547e-02 1.369933022648209819e-01 4.288045792234820158e-02 6.566801349720903513e-02 1.188711322398739584e-01 1.820862151765811066e-01 8.045722086519585536e-02 1.404308262358502091e-01 1.901477627438019347e-01 1.817921289019739373e-01 1.916030702719303813e-01 2.076066371718915116e-01 1.409323797200460748e-01 1.999888244098506351e-01 1.208675841839184084e-01 1.091294230254499925e-01 1.035184751244357521e-01 1.090576539605432466e-01 1.501900404202715089e-01 1.484489702946247269e-01 1.646039707658465689e-01 1.601494803881342577e-01 1.511670289970402092e-01 1.628795564979917954e-01 1.669517206030887435e-01 1.279165170104529237e-01 1.473419275473062118e-01 1.663454502381071509e-01 1.768849392245191998e-01 1.415543975711537894e-01 1.595825903629136122e-01 1.199857626925962123e-01 1.034670720618339895e-01 1.340894393306821808e-01 1.178919731611979271e-01 1.210276398851927310e-01 1.670604574853182533e-01 1.537184877998640786e-01 1.798997368623216631e-01 1.460879855456869159e-01 1.632465921784959639e-01 1.479202291458312779e-01 1.588416148183885990e-01 1.323999103276977118e-01 1.611516295414102962e-01 1.482827124404364760e-01 1.520519861952633056e-01 1.421834896089297640e-01 1.522133382294960369e-01 1.425994179460326472e-01 1.485048673065836600e-01 1.465707707651192626e-01 1.231144120062527408e-01 1.355470857790871675e-01 1.527836518900691776e-01 1.293986509274136776e-01 1.435048983187379723e-01 1.601100491752868726e-01 1.634535303019460373e-01 1.631413820076000887e-01 1.822882097147121294e-01 1.586512492724104217e-01 1.481414430529451320e-01 1.521095594263403017e-01 1.690906768852113717e-01 1.667271112865956473e-01 1.342755619425405056e-01 1.267726150575844701e-01 1.366143970229578286e-01 1.500420587476935241e-01 1.554321986988689286e-01 1.505645539611478456e-01 1.725578610250513567e-01 1.459052240373684417e-01 1.512283936923104477e-01 1.479141826354432310e-01 1.521399643807172242e-01 1.387064852391836633e-01 1.496244121747524192e-01 1.188670701154612291e-01 1.246836818210818321e-01 1.290870202672768641e-01 1.369696070919642072e-01 1.348939837064983271e-01 1.452754679187235332e-01 1.247062633693548500e-01 1.378646535749720181e-01 1.443817927341577712e-01 1.505352294310449701e-01 1.324432624082467758e-01 1.554190856972050838e-01 1.588914140531529351e-01 1.518391133730612463e-01 1.560557369435460195e-01 1.474455637119876927e-01 1.496878685880887183e-01 1.487129841552818632e-01 1.462114847324317568e-01 1.481794239856321083e-01
1.510541032601543376e-01 9.357543913940409575e-02 1.000000000000000000e+00 5.316975958162372118e-01 1.929677963865610857e-01 3.010625363881608285e-01 3.928021051885964288e-01 2.970029623132405261e-01 3.627577694085952209e-01 2.781664919970363581e-01 4.741322656335689723e-01 4.368743005937217871e-01 2.793727606009516751e-01 2.521388983100462666e-01 3.437997471552816653e-01 3.278372678571951360e-01 4.009120887077340378e-01 4.255245422861732019e-01 4.845268290852587367e-01 3.243387527326490605e-01 4.727982596789894743e-01 5.428853360573888676e-01 4.178177485007333325e-01 4.814691779105252922e-01 4.844337537451731124e-01 5.030396391198582728e-01 5.379988260659693822e-01 4.690419570565586005e-01 4.746019613644355539e-01 4.980907019081229348e-01 5.305718924238195244e-01 3.774139627377996464e-01 3.987643414324917868e-01 3.983891742770443445e-01 4.017733782204973014e-01 4.737259512530763161e-01 4.676154644590119203e-01 3.225970101568377824e-01 3.998916662797813992e-01 3.331501383909059588e-01 3.950408879778855020e-01 3.607319034922147893e-01 3.831324193067862094e-01 4.077281626739704401e-01 4.743813047451324594e-01 3.797442661017547127e-01 3.301176418490009423e-01 3.277828232558752664e-01 3.141974448721296942e-01 3.278633239711599701e-01 3.202984542740547336e-01 3.942650340682390953e-01 3.738516004815664595e-01 3.360550342037600946e-01 3.309893791928751328e-01 3.654154273797403096e-01 3.579506376342212470e-01 3.332637756585863364e-01 2.953092286625413343e-01 3.575532310707350558e-01 3.541308246602916099e-01 3.361569128860382727e-01 3.067687911429597958e-01 3.553193664278783692e-01 3.967174760868512617e-01 3.888245086011557494e-01 3.369652554495583541e-01 3.989091251680711991e-01 3.648439934389463568e-01 3.894887005987889284e-01 4.276637011830107804e-01 4.211360157448357233e-01 4.036293244015358717e-01 4.182953520636996658e-01 4.224351580286726526e-01 4.232378804845940423e-01 3.893990652418146681e-01 3.982580242386635216e-01 4.002452050567711361e-01 4.246275927679697970e-01 4.114410792954327212e-01 4.117328173103708133e-01 3.630394727511652708e-01 3.592420889465646194e-01 3.339247849002214830e-01 3.661930170671832130e-01 3.919933142324770747e-01 3.318249172654634260e-01 3.610936102826901584e-01 3.720537062739532330e-01 3.574125947359984012e-01 3.441445890643418659e-01 3.761820419272722815e-01 3.684283248997383686e-01 3.080443443986502494e-01 3.139686785504789412e-01 3.268483998841631988e-01 3.288954390384332682e-01 3.218531901469701140e-01 3.191522835845401196e-01 3.317649524479974188e-01 3.227819485792042808e-01 3.443787913407471146e-01 3.432437716260595129e-01 3.689425843390233273e-01 3.434666133323439063e-01 3.096776431835014387e-01 3.306646707681724084e-01 3.404557695228603853e-01 3.176507787720057596e-01 3.182351712710374536e-01 3.353696172392853780e-01 3.162975495494573241e-01 3.334935397167769211e-01 3.593539779662571210e-01 3.439116658777304214e-01
1.055330759920752454e-01 3.982286828090240288e-02 5.316975958162372118e-01 1.000000000000000000e+00 3.194496360632670950e-01 3.533243329561372437e-01 5.241209326768044852e-01 4.902412837013261360e-01 4.381825342989498218e-01 3.561630290884690853e-01 6.126119731115603484e-01 6.493630312574310004e-01 4.576318370542645786e-01 3.623446873217607278e-01 5.150455911313717161e-01 5.070811746531147524e-01 4.107671946096995708e-01 3.492652549007105311e-01 4.171843977906694034e-01 4.066438070723890075e-01 5.095568683737372595e-01 5.421890494445642528e-01 3.665385918078963856e-01 4.675086252020438926e-01 4.541251802826548056e-01 5.231884951547044471e-01 5.934910154547274885e-01 5.153754056676718154e-01 5.148939036894506494e-01 5.567378529605990778e-01 5.930353204053852023e-01 4.679159666232409198e-01 4.519311164759047816e-01 4.974763590674984304e-01 4.622845639987070432e-01 5.533532871065415248e-01 5.467495377154011349e-01 4.437470766088463803e-01 5.126345505169593864e-01 4.701128028292546612e-01 5.184369538814128653e-01 4.819758674736494553e-01 5.305435692896048883e-01 5.459258392227610557e-01 5.773917755709493393e-01 4.993526945500704195e-01 4.783663773193697621e-01 4.545345274636200528e-01 4.690102799648335763e-01 4.827638098292417190e-01 4.649817569494950065e-01 5.372748271091808414e-01 5.314961437137719624e-01 4.410154233620385833e-01 4.195600382929406402e-01 4.288878634393624711e-01 4.772993169522632972e-01 4.544613347577365348e-01 4.303063724722785421e-01 4.906862727900827559e-01 5.081097253645062706e-01 4.597536848893606920e-01 4.373735971541566347e-01 4.863840693190957798e-01 5.110133777741909800e-01 5.223873760919190978e-01 4.671435686730626147e-01 4.727601404203003455e-01 4.729106082098999408e-01 5.190701549441700813e-01 5.396149046269260730e-01 5.188038226852560442e-01 5.030200224773966333e-01 5.011438461353048268e-01 5.410824163267103915e-01 5.388347238276689488e-01 5.171215545586083095e-01 5.070884225507451548e-01 5.217174630110722466e-01 5.230424155730143410e-01 5.111940796712131085e-01 5.290357708786893598e-01 4.721719780981174508e-01 4.875060459892300302e-01 4.785743970130715286e-01 5.006532561348445709e-01 5.243563160961043357e-01 4.703842191167108555e-01 4.953651136184049064e-01 4.725548072517161691e-01 4.986397610883177012e-01 4.923415286965116544e-01 5.242605392954924337e-01 5.073744917234020990e-01 4.618328562453384301e-01 4.572631940006128271e-01 4.805836006705910823e-01 4.824848964890209868e-01 4.790581524541474012e-01 4.718282169872506926e-01 4.911269667822685259e-01 4.627960458644082009e-01 5.110838891213049795e-01 4.968610819280685487e-01 5.106035731817599732e-01 4.735135788790824085e-01 4.623719805771485114e-01 4.599441567024685762e-01 4.673099755795878107e-01 4.584838125490516281e-01 4.534493152832294038e-01 4.793673127141711010e-01 4.580782859357513948e-01 4.761396525413169045e-01 4.946802037256313178e-01 4.964950050748477284e-01
8.481387664289425504e-03 7.050934161820560098e-02 1.929677963865610857e-01 3.194496360632670950e-01 1.000000000000000000e+00 2.975473509572728603e-01 4.578850358451651004e-01 4.630972628991177342e-01 3.939084324011616345e-01 3.818105236924393409e-01 4.402824289303514105e-01 4.644660835983572267e-01 5.013644358847908489e-01 3.674610192956113686e-01 5.085475985168155244e-01 4.835450651850351500e-01 3.534086554086416365e-01 2.451717126912662248e-01 3.072324838686417148e-01 2.633750825428160525e-01 3.351367945835134199e-01 3.698175439144053001e-01 2.989821962930505617e-01 3.269050645800841148e-01 3.418629892791873459e-01 3.881422596002790937e-01 4.224669482467792725e-01 4.184143217460326025e-01 3.846116638478861427e-01 3.905084370341239675e-01 4.199677121232793797e-01 4.027091317265362735e-01 3.738733191240865561e-01 4.026675955472313606e-01 3.887637356511032816e-01 4.442930607819045030e-01 4.388941777485300122e-01 4.220490454271333958e-01 4.555705167151839485e-01 4.578129749741867149e-01 4.645065559276039258e-01 4.676800040479248133e-01 4.785936871550650062e-01 4.693590767378096329e-01 4.632282004336286119e-01 4.550877961032411823e-01 4.780325473665720803e-01 4.619658206489002938e-01 4.530529297621551099e-01 4.400817438699321515e-01 4.541064248218417698e-01 4.640372001239701505e-01 4.715274396676487068e-01 4.428223160197866659e-01 4.221986376572715582e-01 4.147083839539533745e-01 4.416908100097469148e-01 4.571595942991318884e-01 4.441182527020534065e-01 4.753378490309239646e-01 4.857963149966453287e-01 4.498187808825309664e-01 4.440963867387835995e-01 4.568205950240795121e-01 4.726098852418407215e-01 4.664856565394300270e-01 4.625893419731915146e-01 4.429484681542427138e-01 4.447550388843941604e-01 4.567021543961154451e-01 4.738292204622891468e-01 4.679687525271091220e-01 4.524226791595672426e-01 4.549429335223593163e-01 4.786352247333436338e-01 4.694609871045216654e-01 4.743443974824190223e-01 4.567428352200142427e-01 4.693197241917815288e-01 4.477028706790708301e-01 4.593982787767907361e-01 4.699940147758738251e-01 4.563864204778357858e-01 4.530215562219802594e-01 4.613375747561111462e-01 4.706418623088340913e-01 4.775459678405113428e-01 4.659361941045980227e-01 4.714766843360347903e-01 4.525222438483449960e-01 4.825516239093789461e-01 4.803673055802727965e-01 4.845919069818010461e-01 4.780614024090845127e-01 4.741206372509677580e-01 4.676825847662877123e-01 4.702417291973428615e-01 4.656985371101197146e-01 4.783409084737879624e-01 4.704363079605587417e-01 4.862082726534625587e-01 4.608404257799443848e-01 4.840121820643811801e-01 4.791703329397910549e-01 4.818118948978885596e-01 4.605447804899184816e-01 4.667611841597802402e-01 4.633066377505457578e-01 4.636688053966926959e-01 4.703060115491953797e-01 4.616741176709324157e-01 4.780025004634502750e-01 4.647114636931973797e-01 4.720182561657069731e-01 4.784907138609969524e-01 4.770177251841566379e-01
1.036484637775345330e-01 1.033136732460694651e-01 3.010625363881608285e-01 3.533243329561372437e-01 2.975473509572728603e-01 1.000000000000000000e+00 4.909676649951205119e-01 4.363211778313941802e-01 5.007099822039009496e-01 4.490166965526361520e-01 5.268634722456922992e-01 5.257760168265429579e-01 4.698474725744904990e-01 3.971958066511337426e-01 5.291350571557812410e-01 5.299538512868665618e-01 4.781625753270410395e-01 3.371047389585534182e-01 4.010338592624071996e-01 3.137728086435178088e-01 3.596046298652216811e-01 4.497958680463791659e-01 4.187689475574375986e-01 3.989053072058371674e-01 4.339592554200271124e-01 5.145303332524009399e-01 5.295145279486038747e-01 5.296964103819231662e-01 4.988596683016042754e-01 5.040228742273195062e-01 5.278859430207573089e-01 5.038955541033200980e-01 4.643247167868818082e-01 4.667291155876249209e-01 4.922766587429872054e-01 5.270365911924149716e-01 5.156936589606930799e-01 5.195450594867536687e-01 5.334941210573924675e-01 5.228497778108804894e-01 5.523208049581306289e-01 5.391071435848611149e-01 5.349210297199205044e-01 5.536998217703698044e-01 5.538153781157438837e-01 5.523211977526123473e-01 5.520518887374097350e-01 5.504346351689221040e-01 5.354242774310233877e-01 5.164125379891393308e-01 5.263989150945478368e-01 5.282457333773015185e-01 5.486701003535907617e-01 5.531055917402524225e-01 5.366549147059518354e-01 5.326096268138925671e-01 5.556721238807793561e-01 5.440723708954102733e-01 5.389808357176012477e-01 5.637342903877023970e-01 5.521430654720805853e-01 5.596709562193309395e-01 5.430260120359132747e-01 5.543181271395939413e-01 5.643712968353392645e-01 5.663846627569105729e-01 5.492031399258996416e-01 5.391541971398333688e-01 5.418107075404987594e-01 5.187721786172649896e-01 5.377730598939167717e-01 5.580018673430757747e-01 5.322293824097109605e-01 5.458156490160942509e-01 5.689776856883763667e-01 5.682897933835425741e-01 5.641053932173123453e-01 5.536154695231294554e-01 5.646613072110985287e-01 5.567873930276877603e-01 5.619049403969113010e-01 5.640693147550722708e-01 5.498068234185973235e-01 5.451970783418901290e-01 5.342692830421787997e-01 5.421667798282928663e-01 5.536077907039167467e-01 5.487858101589300208e-01 5.557220321502414073e-01 5.512949352591121066e-01 5.522685978964101405e-01 5.528508983762986384e-01 5.625977376566213550e-01 5.600869991993940866e-01 5.473893168136919618e-01 5.498440143810436886e-01 5.368865253881864863e-01 5.462152896771017563e-01 5.497939234948046039e-01 5.412417815531768150e-01 5.470115483376800647e-01 5.490337200352765068e-01 5.536514633880544878e-01 5.509277798249201386e-01 5.580800180793223930e-01 5.563762656694636322e-01 5.469151917443174638e-01 5.511213782403111550e-01 5.566119128925319792e-01 5.499271109048142758e-01 5.490406041869930753e-01 5.574632724641620518e-01 5.506974418259349413e-01 5.522115285122436434e-01 5.604048717230564192e-01 5.573228899847562090e-01
1.545621697153956864e-01 1.572750018728626964e-01 3.928021051885964288e-01 5.241209326768044852e-01 4.578850358451651004e-01 4.909676649951205119e-01 1.000000000000000000e+00 7.282982471862405882e-01 7.073111101945408485e-01 6.358860942156897567e-01 7.091984084341056427e-01 7.468082980317126696e-01 6.883278722959936813e-01 5.946223793983071992e-01 8.379124347440762843e-01 7.764081433531325738e-01 6.499280954401245314e-01 5.132744897199825740e-01 5.783813898877319115e-01 5.035766012199904829e-01 5.647780543956535393e-01 6.290766918658468043e-01 5.731509402959504840e-01 6.015072464020678744e-01 5.941157636113371110e-01 6.527545741759145370e-01 7.279832114955043787e-01 7.498112117687104616e-01 6.834395119655617412e-01 7.060306796308213340e-01 7.275949933864670482e-01 7.235063727377564202e-01 6.827254034424440343e-01 7.045443372664456083e-01 6.988637422846428748e-01 7.278835410990680543e-01 7.351323219459313663e-01 7.519018941044873783e-01 7.654029461140854362e-01 7.325079894333788033e-01 7.608156964733640004e-01 7.668859466694039062e-01 7.694368579814018227e-01 7.782092264063568132e-01 7.626748976549290182e-01 7.712698503117184634e-01 7.545531640948893726e-01 7.482749074331228600e-01 7.366277969534216208e-01 7.278053295958717417e-01 7.492215743610386447e-01 7.372002611279678819e-01 7.525731352727969004e-01 7.284037047252285291e-01 7.115241450602491913e-01 7.079353056462002192e-01 7.370994362625877816e-01 7.547943306981973466e-01 7.432405407618064563e-01 7.626067806969618612e-01 7.712699417775240596e-01 7.519696513281722838e-01 7.361096275224645602e-01 7.567831067447936544e-01 7.568007843383339761e-01 7.638859483883280177e-01 7.479865457557057784e-01 7.453108450468503010e-01 7.517540402262444799e-01 7.475268472335906411e-01 7.582133255863273691e-01 7.622422644402622183e-01 7.534367152227098297e-01 7.447728884555638862e-01 7.639057757936068560e-01 7.790959034758294655e-01 7.762374239521927510e-01 7.534411121197582828e-01 7.680477941157322075e-01 7.595851446901574766e-01 7.687323011193289979e-01 7.657230812291536681e-01 7.462223113425505705e-01 7.575173957561595062e-01 7.498039703161188951e-01 7.613734190014702641e-01 7.731318526679429315e-01 7.650826414826338295e-01 7.667484018892183339e-01 7.468354786007709301e-01 7.634581677534002520e-01 7.647112548449803704e-01 7.678585643172932684e-01 7.710008022216513490e-01 7.458236920943210890e-01 7.453558353959052196e-01 7.486063813914031195e-01 7.484133385564855079e-01 7.599745676400472272e-01 7.549676181292631627e-01 7.598870134047154279e-01 7.526772513376199791e-01 7.607216268518987023e-01 7.634406762309968730e-01 7.639464913002926849e-01 7.491591829384889323e-01 7.448767661113014915e-01 7.423983990155597068e-01 7.537583573048010077e-01 7.532954303958657727e-01 7.534024670159027437e-01 7.588266755073480585e-01 7.507880124387605880e-01 7.575786985543829788e-01 7.558088609822037895e-01 7.578694991039550688e-01
1.223267502242971622e-01 1.106224599503562861e-01 2.970029623132405261e-01 4.902412837013261360e-01 4.630972628991177342e-01 4.363211778313941802e-01 7.282982471862405882e-01 1.000000000000000000e+00 6.883044071146382503e-01 6.367403176382576691e-01 6.919372047120146973e-01 7.453003610002911783e-01 7.189116806970500262e-01 5.992133484955350919e-01 8.026635007955263967e-01 8.087578801615566970e-01 6.383587397926150375e-01 4.650415872933037487e-01 5.321387909387181869e-01 4.932367693107468365e-01 5.457567684212148995e-01 5.857538508134880750e-01 5.498257233658954135e-01 5.659087948707856031e-01 5.548916448033761606e-01 6.291539600754865180e-01 6.744395419460986751e-01 6.901392341636660710e-01 6.391637434378685256e-01 6.446585036074971020e-01 6.695907225625369330e-01 7.180003004412275347e-01 6.266111542705543602e-01 6.984294277063006762e-01 6.525961033912066611e-01 7.096191586222769798e-01 6.917886647045309312e-01 7.509947027589096713e-01 7.516825689184561954e-01 7.422832559994277934e-01 7.606664287056112972e-01 7.611197108752669749e-01 7.809845615807465835e-01 7.716412904805504125e-01 7.490129220090324669e-01 7.616744437344927787e-01 7.721734579259524889e-01 7.663892843919319908e-01 7.616059027762164257e-01 7.488276812375288527e-01 7.683090527190534758e-01 7.468346934781605606e-01 7.652775981315523834e-01 7.537451510431146806e-01 7.343733813601074356e-01 7.281947830452794035e-01 7.658035899528496948e-01 7.725217065741777356e-01 7.656871033469279109e-01 7.730583179146141015e-01 7.932608901909238286e-01 7.672732070131805804e-01 7.609596152290264426e-01 7.710452622662340438e-01 7.640205380307601990e-01 7.780037217761185397e-01 7.621365099315137170e-01 7.390008302590922451e-01 7.573827167513439429e-01 7.544317126227697567e-01 7.550576660469224821e-01 7.587542196245988801e-01 7.534864334286190957e-01 7.403411962489577780e-01 7.639835712115464750e-01 7.675576256467701031e-01 7.694409629911059811e-01 7.516320784781940212e-01 7.651295573654949278e-01 7.424652140150921342e-01 7.600787928071907062e-01 7.545574124548917183e-01 7.619630610758939548e-01 7.469816613769482139e-01 7.621792065700008223e-01 7.694429104963794730e-01 7.743330012448033095e-01 7.743079390576034227e-01 7.727279794190484719e-01 7.593008191064634094e-01 7.669528459976083790e-01 7.722499141244801857e-01 7.763174190244305217e-01 7.736318940806655720e-01 7.662262638313224183e-01 7.641421278485458490e-01 7.716017024483122766e-01 7.783776946804747965e-01 7.841706904230901776e-01 7.715392817846206119e-01 7.794261226367686923e-01 7.758044332179603320e-01 7.827537892443877654e-01 7.795608250956312935e-01 7.797626691117381936e-01 7.762902284439031630e-01 7.725111344349187004e-01 7.625954226040214667e-01 7.729153080391812924e-01 7.705503733924444765e-01 7.728908145187753931e-01 7.771738510785256571e-01 7.742223777452628131e-01 7.780003014105195680e-01 7.683211242573139144e-01 7.809384703962638508e-01
2.489313042290570432e-01 1.977373810767210360e-01 3.627577694085952209e-01 4.381825342989498218e-01 3.939084324011616345e-01 5.007099822039009496e-01 7.073111101945408485e-01 6.883044071146382503e-01 1.000000000000000000e+00 7.310912969643471593e-01 7.519515041976485570e-01 7.657847792558584166e-01 6.935098932252308224e-01 6.219999347937417156e-01 8.002374518590549268e-01 8.063414819254898225e-01 7.959992560320485744e-01 5.882027392734664462e-01 6.293782636526010776e-01 5.584146986638151011e-01 5.896170049278260938e-01 6.481786474441547652e-01 6.697416966917983938e-01 6.351905368782223560e-01 6.229496745601617036e-01 7.397200598579387609e-01 7.754036818598458725e-01 8.066166757618894456e-01 7.492812307613244682e-01 7.501714510409221992e-01 7.662119820966075689e-01 8.149071491408135248e-01 7.303978878944724640e-01 7.621273734119262677e-01 7.561371813713683165e-01 7.775030599170256185e-01 7.562809041360550877e-01 8.473197190237607979e-01 8.263387101424695125e-01 7.970231234056234237e-01 8.428066273305114819e-01 8.377974986084925080e-01 8.101428161217280044e-01 8.463129595116068993e-01 8.076156163238566998e-01 8.477025995160841765e-01 8.368100655567068946e-01 8.499790480161584227e-01 8.352757456875266051e-01 8.147439116356700595e-01 8.382745573248178150e-01 7.785110666067895924e-01 8.194062396892205502e-01 8.530194422270699350e-01 8.339012912232280916e-01 8.254045947950983120e-01 8.460821188333644827e-01 8.492424147286224967e-01 8.437654273038091013e-01 8.570217278161946783e-01 8.419579881639065455e-01 8.554544755122033273e-01 8.413694943086417188e-01 8.578589743828436420e-01 8.390717908363497513e-01 8.515406560181526530e-01 8.430543883570909003e-01 8.360958112403790166e-01 8.442643789264119292e-01 8.220417293219639543e-01 8.086807977714534079e-01 8.278709541420551377e-01 8.235914902681354954e-01 8.093085507379235155e-01 8.427294145837481709e-01 8.498816714615985424e-01 8.484807468731208058e-01 8.331796568077768361e-01 8.435769833707543741e-01 8.368354905193959858e-01 8.399378033357592921e-01 8.390586777526799489e-01 8.454563094253638722e-01 8.301542231765447477e-01 8.335965526884883126e-01 8.414160042683881402e-01 8.328004390486096753e-01 8.479539140817238252e-01 8.435332830104816937e-01 8.385859187407326276e-01 8.266208559650843890e-01 8.379170872437470274e-01 8.337653669596427619e-01 8.442243057268989936e-01 8.294600932892480794e-01 8.362713660466188914e-01 8.260173782229446315e-01 8.421849190094766735e-01 8.400913611024859451e-01 8.375309341191061741e-01 8.229629552923847235e-01 8.492618229347509429e-01 8.314181026867024649e-01 8.413033476082818485e-01 8.413921384275963034e-01 8.489365102561940990e-01 8.409110899434784070e-01 8.417120580044676892e-01 8.494311892107945239e-01 8.417221829863564819e-01 8.440300157616472676e-01 8.459026620181318012e-01 8.452265948802408779e-01 8.492774066722399429e-01 8.406599426644199013e-01 8.415140548290308553e-01
1.025559777415143703e-01 2.461198733499129210e-01 2.781664919970363581e-01 3.561630290884690853e-01 3.818105236924393409e-01 4.490166965526361520e-01 6.358860942156897567e-01 6.367403176382576691e-01 7.310912969643471593e-01 1.000000000000000000e+00 6.926353685250067338e-01 7.082206252732334839e-01 6.684294337566955013e-01 5.769509310636266042e-01 7.547748698278384794e-01 7.617946946209016579e-01 7.006122309606751530e-01 4.808873074708335249e-01 5.674428561945893401e-01 4.317359091083180500e-01 4.838398363835645921e-01 5.846044960747813768e-01 6.206416216715714418e-01 5.477484562648299304e-01 5.799928787451443801e-01 6.825741144377160952e-01 6.971396475456957953e-01 7.320819836044407669e-01 6.772642183405856997e-01 6.563641789246936753e-01 7.046551402343286252e-01 7.250641827972479359e-01 6.314254179821029433e-01 6.523475341813509409e-01 6.682877379682353736e-01 6.943354305730489173e-01 6.877605174617541506e-01 7.809063925581525289e-01 7.664992388747621233e-01 7.421243553204488475e-01 7.950659329010801857e-01 7.896992799930353524e-01 7.594262319650056936e-01 7.821453675522752613e-01 7.545573490757910839e-01 7.925011351447643904e-01 7.989449516559480324e-01 8.131596055994334549e-01 7.704569977430786309e-01 7.296159230075862645e-01 7.754211358203858540e-01 7.126458535479177625e-01 7.560189720069625530e-01 8.082327496636110276e-01 7.768898059493865027e-01 7.876093983767595841e-01 7.786141885689867870e-01 8.059679512653917799e-01 7.938962272498879535e-01 8.066561014624078485e-01 7.872800492683941220e-01 8.054104816955691692e-01 7.937926078846284650e-01 7.979116249313896736e-01 7.829969426117142639e-01 7.955686319284432928e-01 7.968014028433243467e-01 7.847993109382305210e-01 7.908631612573380210e-01 7.489226570760844082e-01 7.672722902518249732e-01 7.907974233031314082e-01 7.669418404074380691e-01 7.729871016572805731e-01 7.969176865695835055e-01 7.983855979808482939e-01 8.009258922542835668e-01 7.874200598888363434e-01 7.971364640306204397e-01 7.752745203345974279e-01 7.819407350500546805e-01 7.982000294474350666e-01 8.050071277584224250e-01 7.745290840942051780e-01 7.709430203377906077e-01 7.801038000899866987e-01 7.895518336088743760e-01 8.048836780456188889e-01 7.987249545415138208e-01 8.073142570088752690e-01 7.843680586192742776e-01 8.009611287075720787e-01 7.932545861740605275e-01 8.018730731283427726e-01 7.969172513489116705e-01 8.056033915072110529e-01 7.676581446777966944e-01 7.751522227563358847e-01 7.943852886685358605e-01 7.875026551013000198e-01 7.879782187552129002e-01 8.023650838823883635e-01 7.805728571173921049e-01 7.933701096796372809e-01 7.944643116718870246e-01 7.983296128601242714e-01 7.923918979572293075e-01 8.115777803820485303e-01 8.104558267213962663e-01 8.069371392300909163e-01 8.081308735001883070e-01 8.065136002703204854e-01 8.078222261856443653e-01 8.054240111004714597e-01 7.958705889272782441e-01 8.020009033096633377e-01
6.792762279771613620e-02 1.125172758663095240e-01 4.741322656335689723e-01 6.126119731115603484e-01 4.402824289303514105e-01 5.268634722456922992e-01 7.091984084341056427e-01 6.919372047120146973e-01 7.519515041976485570e-01 6.926353685250067338e-01 1.000000000000000000e+00 8.538451837097897901e-01 7.357358598747985035e-01 6.192238835682768450e-01 8.155112086725001541e-01 8.190721167182583029e-01 7.321540061019139456e-01 5.561618099923248959e-01 6.502853066679807892e-01 5.173117245324669877e-01 6.191627670919138682e-01 7.271361297056270212e-01 6.461218494424467718e-01 6.855754690988664635e-01 6.906982237373159306e-01 7.747359002612115297e-01 8.353028233232315802e-01 8.106916727412809553e-01 7.478588909063026424e-01 8.108444536855698992e-01 8.394348547353823742e-01 8.017494251534862393e-01 7.392222692285105312e-01 7.719227892251175893e-01 7.793032548423873829e-01 8.255706080939551050e-01 8.231528641265353219e-01 7.981824775078036893e-01 8.404613531421998296e-01 8.049998018451676174e-01 8.605784830382037232e-01 8.364193434288385021e-01 8.402503619857519812e-01 8.654526642231769040e-01 8.686138239133700534e-01 8.421463376206835827e-01 8.470066482162840193e-01 8.389255359431829762e-01 8.213465703113860261e-01 8.060081844967620368e-01 8.190011162447223825e-01 8.155398405721197008e-01 8.411985591292575615e-01 8.254074294180571147e-01 7.925276888605455872e-01 8.051740209211081245e-01 8.230633492829426689e-01 8.267205032801723252e-01 8.050472560779460274e-01 8.527411642501425693e-01 8.526281356599068051e-01 8.273357827800601472e-01 8.060688226926898681e-01 8.429489704868482480e-01 8.589243213255495224e-01 8.600096717672987001e-01 8.425246487963102826e-01 8.390769979458529981e-01 8.438922360427024705e-01 8.221601163997112049e-01 8.574230762592456312e-01 8.668753097181773892e-01 8.514735795119321438e-01 8.542364909761683833e-01 8.782877724257036611e-01 8.827039700225831620e-01 8.653270022414186746e-01 8.424488124875869621e-01 8.699692270649366233e-01 8.720403376262511053e-01 8.704230753336492654e-01 8.812895572121223209e-01 8.458541326459535492e-01 8.492154526457876829e-01 8.367628880938775549e-01 8.538534665787740341e-01 8.741925275316544397e-01 8.430417867958118761e-01 8.604091237126008096e-01 8.441572025484916919e-01 8.565640942008049263e-01 8.520705312681690069e-01 8.718914392373112721e-01 8.653509886204450163e-01 8.404642831606639053e-01 8.401765819924399414e-01 8.330930034845163146e-01 8.347312565813246321e-01 8.456518375716336466e-01 8.407728040476066811e-01 8.482511592612050899e-01 8.365134412520749407e-01 8.507911711850451031e-01 8.528562565291770703e-01 8.616541806313450236e-01 8.414034419814887533e-01 8.366246861979795835e-01 8.448731655528631812e-01 8.462335421037152638e-01 8.390221068202627919e-01 8.367134698517374458e-01 8.515284263655300556e-01 8.376401253982752593e-01 8.485098180967552972e-01 8.569534942634966512e-01 8.547802096622800772e-01
5.869448047039693694e-02 1.096039112374436464e-01 4.368743005937217871e-01 6.493630312574310004e-01 4.644660835983572267e-01 5.257760168265429579e-01 7.468082980317126696e-01 7.453003610002911783e-01 7.657847792558584166e-01 7.082206252732334839e-01 8.538451837097897901e-01 1.000000000000000000e+00 7.842481047255754900e-01 6.625880785966146158e-01 8.689918823711729745e-01 8.749897310664148664e-01 7.273827819142454354e-01 5.086131325618211685e-01 5.886392086777640920e-01 5.354087153803527288e-01 5.972127319781818100e-01 6.729755096496401467e-01 5.962626683962969354e-01 6.318699161605759729e-01 6.269743350474131782e-01 7.468784946757099918e-01 8.148012489227479671e-01 8.000223608056611369e-01 7.382190046231077440e-01 7.795392141925236995e-01 8.113283143701581768e-01 8.243457975860083442e-01 7.403031909757226137e-01 7.937945459177886409e-01 7.746888709420426400e-01 8.226023153941200983e-01 8.060396792019155487e-01 8.492525075012605784e-01 8.712511632565179687e-01 8.446265667029290158e-01 8.957203389813040983e-01 8.749325125193408992e-01 8.809117460393385279e-01 9.047814187167722011e-01 8.758320803223620388e-01 8.766997684819499703e-01 8.953287791615240909e-01 8.840129353506651633e-01 8.775401876822813696e-01 8.596488357503415667e-01 8.706123993005685513e-01 8.617560025346900909e-01 8.914627114450672796e-01 8.548631417070413629e-01 8.169790383343817908e-01 8.219712090581038355e-01 8.562353425001795193e-01 8.703244732256021354e-01 8.544734643188032219e-01 8.914973961546942549e-01 8.978280777172937821e-01 8.679957722414453070e-01 8.518457300641713026e-01 8.857968402920259887e-01 8.820467352483524204e-01 8.912169854962801452e-01 8.882066503503839305e-01 8.527440940448955953e-01 8.723678121378973804e-01 8.564742406213924353e-01 8.706841541526999517e-01 8.759276472043645567e-01 8.654864764694045753e-01 8.550310978077760860e-01 9.022090443825565576e-01 9.061203345484577509e-01 8.984952741353390282e-01 8.703492465968696301e-01 9.001879840775339758e-01 8.848122969005827176e-01 8.850882927806655864e-01 8.989087429816017272e-01 8.758840663849801755e-01 8.816783663691114548e-01 8.859204528582810267e-01 8.927768084313882913e-01 8.994733905038069244e-01 8.927087937350517421e-01 8.987621004523900226e-01 8.693986797833637148e-01 8.955390951789312659e-01 9.017169638455778680e-01 9.092482757959916562e-01 9.063455901120326397e-01 8.928949668856412947e-01 8.898396444172997910e-01 8.889135152548215402e-01 8.845929479067290435e-01 8.965574889238167033e-01 8.925241127480857406e-01 8.985502009043448979e-01 8.865335975289544423e-01 9.087552652413363186e-01 9.046962795346794595e-01 9.021407184191008177e-01 8.797984042856468179e-01 8.894163674646148321e-01 8.868268039895768062e-01 8.860520859182239306e-01 8.890324215256417695e-01 8.837898598700462127e-01 8.966605143302929237e-01 8.877007394925133799e-01 8.941940232883579531e-01 8.934017637559303893e-01 9.001477979864203061e-01
2.818649961037572593e-02 9.137145361473111849e-02 2.793727606009516751e-01 4.576318370542645786e-01 5.013644358847908489e-01 4.698474725744904990e-01 6.883278722959936813e-01 7.189116806970500262e-01 6.935098932252308224e-01 6.684294337566955013e-01 7.357358598747985035e-01 7.842481047255754900e-01 1.000000000000000000e+00 6.094808517352082733e-01 8.224862940378944165e-01 8.284797256682994160e-01 6.496904229823081689e-01 4.504261499063886842e-01 5.355875703076776739e-01 4.489441377049428472e-01 5.099018697238359987e-01 5.791739013099771460e-01 5.439839369118630863e-01 5.538389867527963029e-01 5.727708891429441618e-01 6.419306275621938784e-01 7.023209637796277161e-01 7.157028736375955491e-01 6.403351672385585447e-01 6.700387832444070213e-01 6.969110210764215552e-01 7.419486347953027083e-01 6.560823254908123570e-01 7.041706932442179934e-01 6.881510989368592179e-01 7.253296855491323525e-01 7.157659612625669743e-01 7.854177908358301874e-01 7.982301981013155689e-01 7.831251475066571821e-01 8.151509562623223681e-01 8.126944946585690221e-01 8.128435272036697024e-01 8.198324529517055925e-01 7.802893839258986386e-01 7.985687719067843249e-01 8.351615761591701936e-01 8.271133384464124383e-01 8.062383248493844023e-01 7.755445553588650176e-01 8.101515633407635475e-01 7.812283636655104058e-01 8.069017332117760510e-01 7.967732129982101341e-01 7.550485054311825150e-01 7.650395885350336211e-01 7.788457374237935937e-01 8.156172892444993883e-01 8.003720769652875600e-01 8.278627434765871707e-01 8.323297420753028586e-01 8.053022507034323096e-01 7.938882767312208655e-01 8.167987152007726293e-01 8.089248572934444326e-01 8.122639685257119213e-01 8.288770286422526556e-01 7.937477628564341137e-01 8.079024967463634965e-01 7.801201308825025382e-01 8.006686429632945412e-01 8.112793550148619248e-01 7.957857740374039146e-01 7.981405996528426749e-01 8.196855629180853642e-01 8.221308108830921446e-01 8.267652235236985225e-01 7.966067042713917967e-01 8.215920823126591221e-01 7.986196412984309934e-01 8.111047134471917053e-01 8.194504264464387289e-01 8.152306515845534340e-01 8.103349485550807030e-01 8.218845333445579104e-01 8.234372567594370196e-01 8.284707113103220166e-01 8.347202151257213654e-01 8.357776172393968084e-01 8.072653897443640147e-01 8.341027858475442702e-01 8.411929985762679474e-01 8.382972396405523607e-01 8.366833141998631929e-01 8.393127781844060831e-01 8.355596118005850226e-01 8.221170991267907624e-01 8.159191752946630682e-01 8.369582535447064320e-01 8.319616703896502985e-01 8.407832584839017853e-01 8.252463457778813627e-01 8.369703795409401126e-01 8.395528966596710330e-01 8.334102496964601592e-01 8.152519896073936456e-01 8.288641723071827894e-01 8.312170995347587521e-01 8.266301574811600883e-01 8.356551716941166275e-01 8.301173967441406454e-01 8.392785355712664153e-01 8.303757776625955156e-01 8.349706358869812828e-01 8.318613835166754900e-01 8.343609504261505494e-01
