1.000000000000000000e+00 8.988449224665988335e-02 2.130800182164154302e-02 -3.193431335382095754e-02 4.872044451037117058e-02 -2.038278048598653018e-03 -2.119501826761473889e-02 5.511200068910523074e-03 6.228693242563614063e-02 4.835036516261030648e-02 -8.145807253848013491e-03 -2.094186998386603910e-02 2.123128391177354565e-02 -1.486927069711993163e-02 1.702640107654640033e-03 2.366139636077081373e-03 2.237875687298615524e-02 6.030863113095741301e-02 5.904400088308439654e-02 3.401861060070140649e-03 -3.279375095662660777e-02 3.866551013760166633e-02 8.132516982110543635e-02 7.732816419509951078e-02 7.033958752080678167e-02 4.689109005406168207e-02 4.866967276770428619e-02 5.323283522799505257e-02 8.927288336558089621e-02 6.901781480254512435e-02 5.974012729353714996e-02 5.105058381392545835e-02 4.546789215267842826e-02 6.167381352756007989e-02 6.785314486415848501e-02 5.317023891237643990e-02 5.723536167129571195e-02 6.627608088516670666e-03 2.626889683568032346e-02 -3.830603346908992984e-03 2.334364603405920079e-03 6.555109110314901464e-04 7.646024179512894529e-03 1.925463430676423865e-02 1.837759407921769894e-02 2.071062606450546281e-02 8.718712869451318223e-03 1.306115986893061250e-02 2.097324551868630024e-02 3.033585172551576600e-02 9.148657628069364889e-03 1.583789839788132814e-02 2.539471695957896263e-02 2.501679366287016051e-02 1.206979395945928860e-02 5.249960195064736629e-03 2.960120957996466295e-02 2.062168668473782478e-03 9.674465848837172574e-03 2.257463415977333659e-02 1.865676385690711106e-02 2.124058985459158916e-02 5.669720942554338887e-03 2.907338277211380523e-02 2.323124984354063907e-02 3.162434840088663296e-02 1.456686529323970337e-02 2.016093384739328295e-02 3.191441957771841420e-02 2.341905638975658871e-03 1.849207070661184216e-03 2.498624826650857125e-02 2.609581567998974297e-02 3.448301620303698134e-02 2.101319837913081384e-02 2.125033681325979792e-02 2.102101201733130517e-02 3.509240525774827424e-02 3.105180645547724744e-02 3.489785457916454170e-02 3.202262830809098765e-02 2.266530904803097657e-02 3.311590762677094762e-02 4.159676964527248694e-02 1.716912872296265033e-02 2.851822983642481046e-02 2.065433780300382841e-02 9.715450433813480405e-03 1.044688243858543641e-02 2.257004383478889570e-02 9.254823703451970848e-03 3.198658742777248619e-03 6.415708476504889367e-03 6.595759853353530718e-03 4.010011599110198041e-03 8.741907692709978070e-03 8.808026140000634399e-03 2.870758584192418736e-02 7.633257911829914588e-03 4.375246287536198146e-03 3.391764198168927252e-03 1.020177362955580411e-02 8.640121020782012135e-03 5.433014093253757913e-03 1.414561025355774888e-02 2.842683653147229372e-02 1.566302442933726821e-02 9.065265692893403546e-03 1.080602188287029669e-02 7.465369803148835977e-03 3.465348482247788183e-03 1.055170305848379675e-02 1.079943418244312670e-02 1.163143441512806860e-02 1.118644108313290864e-02 1.492604258843903235e-02
8.988449224665988335e-02 1.000000000000000000e+00 9.990059721795351011e-02 5.975441576856209414e-02 8.436177916638826213e-02 7.725233468817546689e-02 1.252954031911275301e-01 1.144036030600375925e-01 1.639009388003628276e-01 1.562995068252451270e-01 1.301796764070905221e-01 1.248621147679116888e-01 1.371768455694511168e-01 1.403155132455099208e-01 1.338289710850115444e-01 1.315660312877670046e-01 1.592079255881060917e-01 1.570497335113192894e-01 1.816541727283482732e-01 4.596596874326937948e-02 7.569648433412642929e-02 1.396877947543593013e-01 1.707226296044191405e-01 1.681846956424335182e-01 1.815397932897417910e-01 1.663598936485415902e-01 1.772385205568098310e-01 1.971867266160046150e-01 1.938925655519973812e-01 1.688614257116835826e-01 1.764549072655828832e-01 1.590890477850525619e-01 1.854180693655242962e-01 1.743210003817681208e-01 1.755194294315662873e-01 1.598663254795152089e-01 1.903420531539097849e-01 1.619381684127394749e-01 1.596141700843918265e-01 1.694358189060585496e-01 1.585954958915159196e-01 1.544188708766005558e-01 1.320875891177369643e-01 1.504600368281795997e-01 1.647273845215484478e-01 1.569159684848037417e-01 1.511110355901914837e-01 1.578247392933075366e-01 1.534032347994325196e-01 1.456493894271790879e-01 1.562456813022544411e-01 1.128307388229652930e-01 1.399436256075114737e-01 1.534898700048955011e-01 1.441018326802986638e-01 1.627055087852697091e-01 1.420263956703604058e-01 1.478942609565853106e-01 1.608711331326067584e-01 1.500678898365741532e-01 1.446008594655036616e-01 1.502084339500484589e-01 1.427444865959870968e-01 1.492007641142958918e-01 1.482051420823439492e-01 1.435438676384382106e-01 1.519690539774674609e-01 1.578547685674743795e-01 1.609177876973827137e-01 1.318191197985636998e-01 1.421093860864033609e-01 1.606540602115065774e-01 1.566715945812786337e-01 1.741428124264253752e-01 1.588354128770803897e-01 1.648921997267835393e-01 1.720411016990983089e-01 1.686226043290410537e-01 1.624132529147301884e-01 1.612162329310060649e-01 1.674710225864299573e-01 1.635315048893411505e-01 1.684929558398468863e-01 1.721242102581644617e-01 1.586939119141702881e-01 1.635092640853529899e-01 1.658447358482663114e-01 1.533342432701292335e-01 1.538795536903810601e-01 1.541316502452937109e-01 1.690539212540907998e-01 1.536828006183039164e-01 1.575798860928959988e-01 1.539087167573780224e-01 1.509680689943367904e-01 1.537397558653424978e-01 1.451761239733485309e-01 1.416755713221655166e-01 1.442330378257378476e-01 1.534508366558358650e-01 1.414560379903849752e-01 1.432013738814396919e-01 1.440195730147141862e-01 1.462618752340875961e-01 1.392813394299169671e-01 1.404542374014236539e-01 1.525211510083106237e-01 1.518037983559306359e-01 1.527103831467840622e-01 1.519640492133630949e-01 1.474279829930776609e-01 1.473785387654845958e-01 1.472546034810524873e-01 1.483466591582098260e-01 1.523042178823661164e-01 1.420758526670621302e-01
2.130800182164154302e-02 9.990059721795351011e-02 1.000000000000000000e+00 3.301635229652049031e-01 1.953597321312543211e-01 2.161954858868671281e-01 3.296215589884568531e-01 3.184468807976416072e-01 3.191511460362301267e-01 3.151419070018161572e-01 3.363404954197462549e-01 3.669898604284471677e-01 3.240470307506428949e-01 3.223844383946570247e-01 3.587778646610899624e-01 3.548227568665316967e-01 3.532989959009248948e-01 3.737496608626338923e-01 3.535737046297076080e-01 2.949726709925767354e-01 3.487394412594935766e-01 3.692263988707764621e-01 3.476179160071813379e-01 3.475650575012189658e-01 3.224297286251202044e-01 3.643507596901670031e-01 3.629262686281657380e-01 3.486929850481687021e-01 3.335282776172668329e-01 3.238013527224474775e-01 3.541852576756862048e-01 3.894187785241804423e-01 3.596177689833164326e-01 3.872435771474099231e-01 3.634256672534527111e-01 3.680213151911613245e-01 3.623495221570402491e-01 3.645857934070615425e-01 3.652456045645056659e-01 3.527382360495773250e-01 3.586806690041599577e-01 3.584990340091546157e-01 3.575690949489709891e-01 3.692042590251313761e-01 3.686689741735912351e-01 3.469304333538156815e-01 3.567613154309040580e-01 3.609343981919102551e-01 3.689866486634496012e-01 3.765243582042219761e-01 3.748243475357669885e-01 3.750495826293714918e-01 3.672614184355047495e-01 3.637948516864859538e-01 3.636936481132664323e-01 3.683040360205306341e-01 3.785280177458335560e-01 3.669194971816859829e-01 3.639598092077918068e-01 3.638769646795831925e-01 3.718170947932877279e-01 3.634056358759866767e-01 3.684432440180134827e-01 3.750693892963114506e-01 3.747626522730476695e-01 3.755690485240630871e-01 3.675709031950812333e-01 3.677542839069944391e-01 3.734680411186415694e-01 3.826729093330169529e-01 3.822541901562143130e-01 3.689450455862046674e-01 3.829415432396221508e-01 3.611402262988401279e-01 3.659839399104904412e-01 3.620324333535621664e-01 3.572576909344331031e-01 3.546653803346592748e-01 3.549661699246636215e-01 3.511224935913971335e-01 3.654245997532092338e-01 3.702927395045260694e-01 3.760766945612021295e-01 3.593926577955883217e-01 3.736190370515123371e-01 3.761485528437490400e-01 3.729076386557184652e-01 3.665850480451506299e-01 3.653814941816237449e-01 3.664218399589534436e-01 3.650022712645830114e-01 3.599501571519833631e-01 3.635107049837028037e-01 3.642747212112718569e-01 3.590542036006592053e-01 3.616360798511945585e-01 3.700893260307430155e-01 3.694234143810152804e-01 3.632464890246813183e-01 3.637367090403326175e-01 3.634537433260016104e-01 3.697952848449878593e-01 3.646503651847250449e-01 3.668022356344706747e-01 3.707820760897674872e-01 3.725173532055099934e-01 3.626457394831923975e-01 3.609981298182329268e-01 3.618618891393338144e-01 3.638352926655359365e-01 3.618908539319816708e-01 3.609805538827849936e-01 3.637953630212285017e-01 3.664298778374692755e-01 3.680697833684364317e-01 3.706329557007760345e-01
-3.193431335382095754e-02 5.975441576856209414e-02 3.301635229652049031e-01 1.000000000000000000e+00 3.187179505462614526e-01 3.772342888828204566e-01 5.767065956578298902e-01 5.443029005297514988e-01 5.128054587366153161e-01 5.048267959298095020e-01 5.743875808073991562e-01 6.290729699331646385e-01 5.358058624435787509e-01 5.409893777175899254e-01 6.032316456618743716e-01 6.058206963676430190e-01 5.671389617551929607e-01 5.069236640905675495e-01 5.015746408292744984e-01 5.089291491779850407e-01 6.209383959297631872e-01 5.957488189616929608e-01 4.805430673534081265e-01 4.625744853767499998e-01 4.521967290354438340e-01 5.674937668022518311e-01 5.814930550388131003e-01 5.373907862566653648e-01 4.869898688878498416e-01 5.015715018203814601e-01 5.520164012913827412e-01 5.843671491354981429e-01 5.198946500685437400e-01 5.573198134419926619e-01 5.410149281105315344e-01 5.863246550825700343e-01 5.568226619370253427e-01 5.641282548618387072e-01 5.866599820348082917e-01 5.587161387378594135e-01 5.846528642619039928e-01 5.875630959536175535e-01 5.977647641944795476e-01 6.074092437708511483e-01 5.830589034503633750e-01 5.688537380062366200e-01 5.832376642055751015e-01 5.830956052308862159e-01 5.870792569847722575e-01 5.865463230725030952e-01 5.916484723938438828e-01 6.339088407637210043e-01 6.022104275292711195e-01 5.913184922853247372e-01 5.872975269501236051e-01 5.867227122484693913e-01 6.128905653041898383e-01 5.972030192780668489e-01 5.784979984729622382e-01 5.984313165526643497e-01 6.040217133769323343e-01 5.961519619613411258e-01 5.992799630535139421e-01 6.100929641204333453e-01 6.093476583921161316e-01 6.234803376315485313e-01 5.848014244873123157e-01 5.785477974174201288e-01 5.759150722207351247e-01 6.313887710928810515e-01 6.297488946334077742e-01 5.792027326710019741e-01 5.818950948158735370e-01 5.570797814884385080e-01 5.841788608431857099e-01 5.829901306550486773e-01 5.698253206781821456e-01 5.523128734647221316e-01 5.636074338333029177e-01 5.571360752993245180e-01 5.752970930602504529e-01 5.770952414309791223e-01 5.845451082977135560e-01 5.612919196230241603e-01 5.791235236225249494e-01 5.761675246045055987e-01 5.884742736267659646e-01 5.834908731171034590e-01 5.831807868013896279e-01 5.811057539191722965e-01 5.787027450518598126e-01 5.868935923402501809e-01 5.839227813395696520e-01 5.852891392739042464e-01 5.849633219504672965e-01 5.844179624934114914e-01 5.917085740871644850e-01 6.015541389730509891e-01 5.915204361238234343e-01 5.882295296137426410e-01 5.974794767056077482e-01 6.019814845993023411e-01 5.990586876065501221e-01 5.979639942645588180e-01 6.109250518334297109e-01 6.099997661089290313e-01 5.906563821646552137e-01 5.869194122629020072e-01 5.863885913295736607e-01 5.920827683489627846e-01 5.899744069906767141e-01 5.939496068808705065e-01 5.958626212654756227e-01 5.942108991750428837e-01 5.958442620850690208e-01 6.121889846622542430e-01
4.872044451037117058e-02 8.436177916638826213e-02 1.953597321312543211e-01 3.187179505462614526e-01 1.000000000000000000e+00 3.272390833675103972e-01 4.477058540414472487e-01 4.730683045331774972e-01 4.496696137042129893e-01 4.142800724704522319e-01 4.488205218663793850e-01 4.759399588454205077e-01 4.404249852198554027e-01 4.353087257033421698e-01 4.909876244014683144e-01 4.929939608200751833e-01 4.396248525511696759e-01 4.588712091019510053e-01 4.592730904006911974e-01 3.808299858070122723e-01 3.843431558637222523e-01 4.616427157804208203e-01 4.613112249777956975e-01 4.407258420822265377e-01 4.582340140932942840e-01 5.110217581896991934e-01 4.910562028218017350e-01 4.825077089375446882e-01 4.670249411692223851e-01 5.062959618887544755e-01 5.059997973054911613e-01 4.897971645941555097e-01 4.431986812745298820e-01 4.701195971529975037e-01 4.612266596420173670e-01 4.759669632423928487e-01 4.854856940831139833e-01 4.855305429253822247e-01 4.998032082800405451e-01 4.730095595754527649e-01 4.903000077158734538e-01 5.027782839140001458e-01 5.090341444513037938e-01 5.147489389629869017e-01 5.002530594881035020e-01 5.022337309651652149e-01 4.860491278581117180e-01 4.925710981587334003e-01 4.877143498465220661e-01 4.978909265062044787e-01 4.956435894918406748e-01 5.005552005722224695e-01 4.936821123432657554e-01 4.868695328257438004e-01 4.999625762602185608e-01 4.961657963043259456e-01 4.991518403885581434e-01 4.949717162970263540e-01 4.880536808842643182e-01 4.932780207658927774e-01 4.993671144017519103e-01 4.928701546811189993e-01 4.920142940226822081e-01 4.951469292338651074e-01 4.871469963435216544e-01 4.982111235529036453e-01 4.887269288987355353e-01 4.973880172000942346e-01 4.949613582063870365e-01 5.029573684134388545e-01 4.921721805820608031e-01 4.967559504225574352e-01 4.944808127998949754e-01 4.995979058818653118e-01 5.032175593147434345e-01 4.977259188248379096e-01 4.927779610115554654e-01 4.885346209089400094e-01 5.022498138424016378e-01 4.979877785365465215e-01 4.930278483319291416e-01 4.926427564855090924e-01 4.938635263043037460e-01 4.881563142084409668e-01 4.886558935424949457e-01 4.864676819831742494e-01 4.927546655911896889e-01 4.949483947526722716e-01 4.921199937068165831e-01 5.051625754902395737e-01 4.904150546457993753e-01 4.952537246582970343e-01 4.953976331973037328e-01 4.940228141773303494e-01 4.900953375694160341e-01 4.909823683473167333e-01 4.980910586530211126e-01 4.949395847768076617e-01 4.937674749717128608e-01 4.957853733669425056e-01 5.001758969792130527e-01 4.947764926517819739e-01 4.922712168168927316e-01 4.973134936261721095e-01 5.036099266657162454e-01 5.008485162152721548e-01 4.926964347553532408e-01 4.956824262269737269e-01 5.004406136405448180e-01 4.925393774677626069e-01 4.964597141385398982e-01 4.921576226331478843e-01 4.925883279441943263e-01 4.926316998691399607e-01 4.882300152008906546e-01 4.916420984133419991e-01
-2.038278048598653018e-03 7.725233468817546689e-02 2.161954858868671281e-01 3.772342888828204566e-01 3.272390833675103972e-01 1.000000000000000000e+00 5.459862822021607220e-01 5.110964160228219644e-01 5.305909502951470236e-01 4.926356717034420796e-01 5.505070291644480474e-01 5.993888104460696198e-01 5.061835334823302501e-01 5.453743087306498483e-01 6.010337703041334079e-01 5.924546839469054804e-01 5.467832590179861896e-01 4.978814161646741288e-01 5.277842322560968302e-01 3.963122488488483031e-01 4.522329389842983383e-01 5.228008300541192588e-01 5.046502594130035657e-01 4.656833598916247929e-01 5.032202319261930290e-01 5.786202868271805855e-01 5.801680237548397789e-01 5.590671343228468260e-01 5.458213015152554304e-01 5.856513218712713353e-01 5.930803445211174640e-01 5.799761070359000792e-01 5.358273850625318024e-01 5.576685397508516218e-01 5.691120613651715621e-01 5.611409203163902903e-01 5.864590901856898686e-01 5.874578138704836805e-01 5.964931002272502170e-01 5.659881775305608542e-01 6.039626256334028609e-01 6.020713576536889100e-01 5.886205711725909229e-01 6.085802433128163491e-01 6.049278174388568186e-01 6.017214101655044001e-01 6.079042315092239024e-01 6.117133167566506380e-01 6.021337298145928996e-01 5.658410748288346115e-01 5.972497007638188915e-01 5.865328910885683200e-01 6.008719788376666315e-01 6.038163043113117245e-01 6.026765214654973279e-01 6.000729933919073389e-01 5.925259143163665865e-01 6.077477679995862969e-01 5.988048596252182332e-01 6.075574172830008335e-01 6.032165387825653147e-01 6.060105220795651837e-01 6.017059556905979267e-01 5.993460189941718363e-01 6.081291177520879998e-01 6.018763904127899522e-01 6.124170067794136862e-01 6.105505102606807455e-01 6.050855147375167054e-01 6.028540341997971064e-01 6.034805303797495801e-01 6.053606581246593343e-01 5.923837714120242515e-01 5.899030750335727546e-01 6.105962216864672110e-01 6.133594771081878338e-01 6.053087055382337933e-01 6.028433471602706595e-01 6.046406086483644415e-01 6.066131726913747135e-01 6.091234812707679858e-01 6.123417921508728101e-01 6.038715900913382839e-01 6.017670640552306160e-01 5.999564959080773141e-01 6.049985153851580311e-01 6.105288152646294320e-01 6.097306157050432773e-01 6.125610105713907849e-01 6.077365014953839406e-01 5.999630992127823470e-01 6.136036605819965573e-01 6.123119664990946953e-01 6.122203880898985373e-01 6.160333775086502817e-01 6.143835007004376791e-01 6.012790968926399193e-01 5.985566426716233401e-01 6.111660565685962387e-01 6.106139586322508750e-01 6.109233021588704737e-01 6.093346916230693022e-01 6.124643625540177050e-01 6.140181859924700447e-01 6.103044016736163258e-01 6.018764551054256451e-01 6.107966116571237336e-01 6.165389757946676541e-01 6.123296691075050813e-01 6.140729682394607813e-01 6.106994106627728902e-01 6.148177792393810792e-01 6.107445655814385255e-01 6.121454587235088951e-01 6.121965169477683322e-01 6.104268641398123973e-01
-2.119501826761473889e-02 1.252954031911275301e-01 3.296215589884568531e-01 5.767065956578298902e-01 4.477058540414472487e-01 5.459862822021607220e-01 1.000000000000000000e+00 7.290559436874212151e-01 7.389571224099485969e-01 6.959299640376367391e-01 7.756101008973960154e-01 8.217070109734604388e-01 7.292417916100569775e-01 7.649020066352902880e-01 8.540652621637576658e-01 8.356571076400324261e-01 7.725432650942208879e-01 7.165446283118692694e-01 7.363895505917398276e-01 6.199557795346190003e-01 6.872091750423668932e-01 7.497169646578354385e-01 7.249680541398146882e-01 6.711786807097590568e-01 7.034666012383571365e-01 8.061414862337504816e-01 8.098657105643815024e-01 7.931617710825666911e-01 7.597464893995532487e-01 7.901558842385117964e-01 8.154220304229320426e-01 8.184129336036467528e-01 7.624944496415260176e-01 7.862853846073123432e-01 7.863003728661674963e-01 7.847541509924341741e-01 8.122287147554085873e-01 8.290037372009276817e-01 8.391640083196381106e-01 8.113116114579768112e-01 8.411165562870627221e-01 8.511670630725094444e-01 8.411669211768108001e-01 8.569359848246217437e-01 8.380339558106023601e-01 8.402880981818873218e-01 8.399661505218501967e-01 8.371215574331996034e-01 8.291502539293077456e-01 8.104796779185906574e-01 8.409799128020708503e-01 8.194359728818407795e-01 8.343598120828258358e-01 8.263266389042117632e-01 8.287182428949885216e-01 8.450805505071975476e-01 8.239045191101074250e-01 8.421027661625184457e-01 8.338437990479458106e-01 8.371142516608394146e-01 8.419381470225821840e-01 8.346075090337741198e-01 8.321257407381252857e-01 8.332759117817128969e-01 8.258723635475965219e-01 8.335030893258396079e-01 8.377842842751574981e-01 8.325919910040477934e-01 8.371281972768556123e-01 8.548245615742043890e-01 8.436015596942286754e-01 8.310079315132874456e-01 8.279279156179218946e-01 8.161117364870392743e-01 8.418874737571684364e-01 8.423686889300834313e-01 8.431442426588540151e-01 8.258860817977815572e-01 8.372467666272187525e-01 8.262705918027651864e-01 8.358994760970256399e-01 8.377808762629902484e-01 8.359990616333131674e-01 8.242526304342689958e-01 8.345766294819767506e-01 8.312168894148449505e-01 8.409551354827362601e-01 8.479927495380126246e-01 8.425834647176076997e-01 8.399546987830595057e-01 8.453976976262266296e-01 8.495009278030307698e-01 8.427448080406656494e-01 8.477755263092934257e-01 8.432837043345073891e-01 8.410243738406142366e-01 8.410553929379258609e-01 8.220743084224196862e-01 8.407733923461457870e-01 8.463178432395579431e-01 8.490252206913482258e-01 8.406774648577216569e-01 8.393747555406446681e-01 8.473727871581417936e-01 8.423071521564883257e-01 8.267792243751479475e-01 8.374610793656790397e-01 8.443923562686290740e-01 8.430453633674698244e-01 8.434424374512358158e-01 8.450101005588703806e-01 8.403911492747484502e-01 8.395885036997163819e-01 8.388075594591506423e-01 8.355571751269335046e-01 8.375347242176508500e-01
5.511200068910523074e-03 1.144036030600375925e-01 3.184468807976416072e-01 5.443029005297514988e-01 4.730683045331774972e-01 5.110964160228219644e-01 7.290559436874212151e-01 1.000000000000000000e+00 7.260441005751496757e-01 6.683375580446840880e-01 7.433280626721013862e-01 7.963523078851278969e-01 7.174825304522177705e-01 7.329617361579048307e-01 8.176929380101933820e-01 8.163564307024648858e-01 7.425478709758625007e-01 6.734894375917661602e-01 6.955952086001634393e-01 5.701691109375583988e-01 6.579661307861041086e-01 7.355760622101180646e-01 6.586496235642320674e-01 6.298736126224598886e-01 6.702072298163526121e-01 7.763477830069662744e-01 7.645043866562161172e-01 7.407816845600084799e-01 7.476891403078995690e-01 7.735751363019922611e-01 7.973809410962010569e-01 7.849432340768026650e-01 7.124325437043812492e-01 7.491696287399461918e-01 7.518620127891091354e-01 7.545087553127315383e-01 7.750001310974160562e-01 7.995567030342254355e-01 8.131864273658095943e-01 7.526609029147252050e-01 8.017397520899884888e-01 8.085584749128355009e-01 8.097209283402428959e-01 8.245550099318607051e-01 7.995725088138847525e-01 8.152850658861339195e-01 8.114812389729612052e-01 8.217374440994877904e-01 8.171735655177890800e-01 7.937746408102697160e-01 8.171408798891193204e-01 8.050936314230690005e-01 8.132734128909571147e-01 8.212582142125812723e-01 8.236865574221631237e-01 8.049633580478114947e-01 8.277598883464644119e-01 8.217482670558807767e-01 8.228299136973431516e-01 8.225955839583116713e-01 8.288125512665005523e-01 8.316571751907690935e-01 8.300358323590169007e-01 8.229874097275238221e-01 8.144787466457321656e-01 8.295214379894854106e-01 8.132760590082148688e-01 8.062660360848585839e-01 8.026513839616054025e-01 8.238767258836021679e-01 8.211447795927911963e-01 8.114300708283435082e-01 7.890267961952726061e-01 7.885174209320807703e-01 8.156745337067559110e-01 8.103822246572477406e-01 7.994710895935954742e-01 8.070477451697902760e-01 8.107666383294108714e-01 8.084392498993413501e-01 8.049117763960679239e-01 8.101566357770014770e-01 8.040856393087359999e-01 7.993284065655650306e-01 8.035823261417370800e-01 8.011953322701242941e-01 8.071848185840800882e-01 8.212543091360096081e-01 8.145149539446649989e-01 8.150697413452494544e-01 7.946498810311845018e-01 8.167923374999274122e-01 8.111249077522236783e-01 8.180190950911120362e-01 8.179788159496353961e-01 8.199431413494346899e-01 8.141498794164661046e-01 8.180252345026706173e-01 8.220108136288839518e-01 8.187591599181317514e-01 8.230445320483963378e-01 8.309259842229078652e-01 8.185389227021087066e-01 8.260478123247497750e-01 8.250658398687366057e-01 8.263649630769023258e-01 8.228893620342428994e-01 8.220256634009061036e-01 8.252939220321647840e-01 8.242011013255505780e-01 8.308246024679883934e-01 8.237900445225850854e-01 8.277066511292761053e-01 8.207217737371540478e-01 8.171915728286268665e-01 8.237828774751607686e-01
6.228693242563614063e-02 1.639009388003628276e-01 3.191511460362301267e-01 5.128054587366153161e-01 4.496696137042129893e-01 5.305909502951470236e-01 7.389571224099485969e-01 7.260441005751496757e-01 1.000000000000000000e+00 7.553664112589975055e-01 8.003633929451204887e-01 8.271489649329424321e-01 7.677755582081949859e-01 7.909525591985445692e-01 8.586658897208472307e-01 8.445014827451002848e-01 8.155387183258936412e-01 7.547796675101604569e-01 7.958527401031924020e-01 5.357159204234703820e-01 6.121384897787508494e-01 7.598477391503937195e-01 7.554973635982489277e-01 7.199555485802131560e-01 7.743698584209004476e-01 8.563662765260026122e-01 8.507945852508712603e-01 8.426434686126142992e-01 8.540984232170382162e-01 8.599689688870357784e-01 8.819568660317937958e-01 8.572058584730154474e-01 8.175382123435697146e-01 8.359777032725348445e-01 8.488400464978992366e-01 8.219963881877953016e-01 8.692458177969645261e-01 8.610783443136802440e-01 8.788421545742288732e-01 8.223365750587935397e-01 8.777671451588848761e-01 8.637231388363120210e-01 8.433992691641960526e-01 8.767693962780589434e-01 8.795459848937834391e-01 8.749746687642382392e-01 8.829376348216877446e-01 8.878990686291348133e-01 8.848179269762916910e-01 8.490460097391944183e-01 8.674949541290598587e-01 8.357696820561725248e-01 8.720173898598436724e-01 8.837448205278406466e-01 8.702315750260041227e-01 8.730447464373756183e-01 8.703053688564469370e-01 8.810514053825466707e-01 8.738379773214280943e-01 8.845585390744311605e-01 8.809105574636998393e-01 8.814037578981112064e-01 8.687125792301400029e-01 8.808407052836961793e-01 8.773702836115478965e-01 8.780361151488966787e-01 8.887784930888592561e-01 8.871254669210472121e-01 8.868467673535090912e-01 8.602572050943733117e-01 8.687568027151499894e-01 8.891650215468286378e-01 8.666270874719429473e-01 8.759762748788755271e-01 8.920203903818000324e-01 8.935472824290418004e-01 8.858818899807197056e-01 8.912673562885684575e-01 8.882543891085284971e-01 8.906878303016848575e-01 8.909619702926586671e-01 8.931564659707319498e-01 8.869327025744045967e-01 8.876417824953244384e-01 8.818681495934990178e-01 8.847115027350229699e-01 8.890201907403822990e-01 8.878543402148851849e-01 8.891498612763557574e-01 8.848655433558334504e-01 8.780357641584785044e-01 8.867572531202919661e-01 8.855020375551426737e-01 8.882579821377030171e-01 8.884811771229792488e-01 8.903372564133746891e-01 8.781987170094419648e-01 8.794390732136783129e-01 8.875253763392050299e-01 8.857192185625089031e-01 8.815378734838059671e-01 8.868861012789119869e-01 8.874255162275900277e-01 8.872940252250525184e-01 8.828727914462718429e-01 8.793972149568151098e-01 8.906952430787788977e-01 8.888611329057455324e-01 8.895629551472691299e-01 8.885052131802395614e-01 8.852246123452784943e-01 8.892861498156549027e-01 8.874077465941643261e-01 8.892096312672271852e-01 8.890182399088729648e-01 8.853374284362507396e-01
4.835036516261030648e-02 1.562995068252451270e-01 3.151419070018161572e-01 5.048267959298095020e-01 4.142800724704522319e-01 4.926356717034420796e-01 6.959299640376367391e-01 6.683375580446840880e-01 7.553664112589975055e-01 1.000000000000000000e+00 7.358399543312976743e-01 7.736390649767170835e-01 6.936505483625932111e-01 7.236544756826427394e-01 7.944849750277288569e-01 7.803772717193224739e-01 7.468572472588321798e-01 6.859486315671151635e-01 7.193520755217696072e-01 5.087569918104078992e-01 5.883064022142325822e-01 7.012229582634932346e-01 6.929829415994095410e-01 6.364700351224820141e-01 6.909959787938720899e-01 7.841619644781969711e-01 7.767418360119929810e-01 7.811271148478518001e-01 7.594498382239399659e-01 7.729208042220441222e-01 7.976837075976875857e-01 7.867556783834572798e-01 7.499246440021780646e-01 7.539063973482859060e-01 7.719661647570655871e-01 7.526827793593564575e-01 7.884739365600919037e-01 7.952504642527039591e-01 8.075676715537363215e-01 7.655085348548729129e-01 8.059795489450241046e-01 8.021339604989636829e-01 7.819838274170701764e-01 8.064913585535973262e-01 8.052466808876028725e-01 7.987725495262162356e-01 8.084154511882125638e-01 8.099050321997630641e-01 8.061017743631087029e-01 7.728686532334551051e-01 8.006727372608469784e-01 7.703753842632601323e-01 7.966244240223693263e-01 8.060631229160402089e-01 7.956136652650993568e-01 8.071569706499168717e-01 7.957743280789442153e-01 8.080905863166657488e-01 8.017950976621954773e-01 8.090813473639196785e-01 8.076799545312904893e-01 8.050286823702590411e-01 7.989390453967999406e-01 8.064287307575584984e-01 7.991614022160061781e-01 8.059571614038079090e-01 8.097759335299076211e-01 8.043538143384428851e-01 8.045308926875478495e-01 7.918013562739310007e-01 7.980254286311841971e-01 8.072937222624967379e-01 7.840784975298090709e-01 7.911879473209967317e-01 8.113326756816577889e-01 8.118201625398255850e-01 8.096778795830332776e-01 8.026803173142476044e-01 8.054113021243763937e-01 8.061215261225549433e-01 8.111937871743210016e-01 8.126725061140726014e-01 8.093123181510324393e-01 8.049544612824247602e-01 8.008909144352557297e-01 8.030657062435335725e-01 8.110194871564410102e-01 8.105721168964765688e-01 8.125650450023935711e-01 8.103597024958115735e-01 8.084524610666261601e-01 8.109787913461549147e-01 8.087438191508428131e-01 8.123782621318891284e-01 8.106210901189442319e-01 8.112900969099144932e-01 8.008861145831139838e-01 7.986410247601493095e-01 8.089257100975484338e-01 8.095060934201538938e-01 8.069057943038090430e-01 8.097130644758037121e-01 8.097221596082028183e-01 8.111025198861544494e-01 8.069159155898287805e-01 8.024953680882808138e-01 8.103674773883322580e-01 8.108859334299706179e-01 8.110083054470478281e-01 8.109895672305809100e-01 8.086251522077558818e-01 8.119616456438830676e-01 8.103948194194569021e-01 8.111454856338489172e-01 8.077014886574033214e-01 8.101273998700456724e-01
-8.145807253848013491e-03 1.301796764070905221e-01 3.363404954197462549e-01 5.743875808073991562e-01 4.488205218663793850e-01 5.505070291644480474e-01 7.756101008973960154e-01 7.433280626721013862e-01 8.003633929451204887e-01 7.358399543312976743e-01 1.000000000000000000e+00 8.624684321705959889e-01 7.700249104349901064e-01 7.913805283512980182e-01 8.720722416029131896e-01 8.611181236016461904e-01 8.184282945506013984e-01 7.521806121057847960e-01 7.896377405377348335e-01 5.702306658507927395e-01 6.795748159350184503e-01 7.881634258564167439e-01 7.419770089813632064e-01 7.126437288816606097e-01 7.510895804756525518e-01 8.405995967688123516e-01 8.420358883233342029e-01 8.288577364499487565e-01 8.216423002532072806e-01 8.411704636934528301e-01 8.778699692317609715e-01 8.607656608950134958e-01 8.101919420612397893e-01 8.300012096039702802e-01 8.424648023785529238e-01 8.218357413342373130e-01 8.621900010792501456e-01 8.663925354093017228e-01 8.818737274612864496e-01 8.307186104344338462e-01 8.800062641816427389e-01 8.764531766080893016e-01 8.552262362084893654e-01 8.839597939237464619e-01 8.779701838819619075e-01 8.788047412494297550e-01 8.895137493473771473e-01 8.923497781538496376e-01 8.819037668945856057e-01 8.469399072272435491e-01 8.745348227153376675e-01 8.516128240930412874e-01 8.747949256890383829e-01 8.833893271171225914e-01 8.746647705110933702e-01 8.772438060089149392e-01 8.708067935643478696e-01 8.861833612368310575e-01 8.798876834878378572e-01 8.891302252320527622e-01 8.858742537879154000e-01 8.869380615621718089e-01 8.751118495389378360e-01 8.818259543274817869e-01 8.849282935546615159e-01 8.845787502863498020e-01 8.936682076436307520e-01 8.897010457144328699e-01 8.851167876241374799e-01 8.773538508636157252e-01 8.891421910653444227e-01 8.891955505544432148e-01 8.726006048530514647e-01 8.711657887010972878e-01 8.902281017679845032e-01 8.921302904962198355e-01 8.849878458896081046e-01 8.814694102279331256e-01 8.838367895734507984e-01 8.848016053640506140e-01 8.893428290517905177e-01 8.936582283346234945e-01 8.860414123079777271e-01 8.828441119253590541e-01 8.820174534494517049e-01 8.846171406163169104e-01 8.919586971063840908e-01 8.925853638380638611e-01 8.930056720814949500e-01 8.835150986924479311e-01 8.819677499173459445e-01 8.936569180541573676e-01 8.914403606722695050e-01 8.936198035529921979e-01 8.952693703542154990e-01 8.953874657322929975e-01 8.793120372071611124e-01 8.774940993842126336e-01 8.907915877752632383e-01 8.907817123895632738e-01 8.898502200502512727e-01 8.903888019760964889e-01 8.931750361747521350e-01 8.941646858208041060e-01 8.892655541217026061e-01 8.791426156307811102e-01 8.932577033981787817e-01 8.938238677887720973e-01 8.916286123820644782e-01 8.947337833081671077e-01 8.918943810847562714e-01 8.944335493934297832e-01 8.930968174013558247e-01 8.919865047094552857e-01 8.938842614997752900e-01 8.913332383949679194e-01
-2.094186998386603910e-02 1.248621147679116888e-01 3.669898604284471677e-01 6.290729699331646385e-01 4.759399588454205077e-01 5.993888104460696198e-01 8.217070109734604388e-01 7.963523078851278969e-01 8.271489649329424321e-01 7.736390649767170835e-01 8.624684321705959889e-01 1.000000000000000000e+00 8.115334280667748645e-01 8.413707876052383128e-01 9.255360714379315956e-01 9.180920658443347815e-01 8.644120172616697184e-01 7.815525320103197116e-01 8.142845292491301956e-01 6.345773124374790575e-01 7.352736812293304558e-01 8.251258684263506060e-01 7.637387154368308062e-01 7.272335833438566821e-01 7.656345020592436601e-01 8.824430900753064133e-01 8.809485120956406234e-01 8.541523234433523459e-01 8.423216398230155555e-01 8.698203738849860089e-01 9.063863636965893145e-01 8.959327439380876390e-01 8.221512147875612575e-01 8.563600250656913104e-01 8.628134972366194866e-01 8.622201750973312873e-01 8.925969697497384558e-01 9.073024124269897239e-01 9.250627430109124028e-01 8.745061350784620879e-01 9.284693426435821628e-01 9.238915764913685491e-01 9.115601391604358783e-01 9.357114291493243696e-01 9.222537281922734698e-01 9.215570241357040615e-01 9.362860721288813748e-01 9.396845345535560501e-01 9.324487391976610251e-01 8.940010762613815887e-01 9.253388589503003248e-01 9.168669902143132822e-01 9.301695568386078028e-01 9.321188747010707987e-01 9.261711305961856100e-01 9.225146609304893941e-01 9.258362539916196177e-01 9.367385363783086172e-01 9.250658800539781623e-01 9.385081356527432694e-01 9.378511736200814131e-01 9.364522474393562890e-01 9.303384855960763478e-01 9.340999289482925239e-01 9.372815848276626616e-01 9.397586457815613192e-01 9.392836369181737366e-01 9.308769486411411220e-01 9.257077767862893491e-01 9.366209707802986006e-01 9.394307394369414421e-01 9.300066939345127404e-01 9.131516767250216216e-01 9.071261783511689325e-01 9.333410745688084376e-01 9.334952396490380222e-01 9.248477278295076376e-01 9.200416333123334622e-01 9.256743033016364697e-01 9.230500861951783653e-01 9.255985173616146922e-01 9.344861503300688765e-01 9.257516496222205626e-01 9.132043157625537866e-01 9.217854297620656778e-01 9.216460111516258102e-01 9.330539815378894319e-01 9.371214506786150755e-01 9.379266087382855943e-01 9.285374174733180830e-01 9.216357516819055906e-01 9.401643466826210549e-01 9.375303656655818996e-01 9.407662593217396285e-01 9.417059535997115427e-01 9.420734175844593938e-01 9.289879477524841667e-01 9.285194860830429109e-01 9.398844766236953419e-01 9.380491961595688322e-01 9.415569647338489778e-01 9.423183072519393244e-01 9.438403287333470004e-01 9.453828025139757729e-01 9.425457893281794508e-01 9.319121074119041115e-01 9.414775411542056771e-01 9.421088981203619150e-01 9.396462412601467307e-01 9.433232863380641708e-01 9.397243473430640925e-01 9.438803216842078792e-01 9.428721364134015070e-01 9.417813790459330647e-01 9.409756064458385527e-01 9.443317458506773621e-01
2.123128391177354565e-02 1.371768455694511168e-01 3.240470307506428949e-01 5.358058624435787509e-01 4.404249852198554027e-01 5.061835334823302501e-01 7.292417916100569775e-01 7.174825304522177705e-01 7.677755582081949859e-01 6.936505483625932111e-01 7.700249104349901064e-01 8.115334280667748645e-01 1.000000000000000000e+00 7.551482827770960027e-01 8.323304268262017303e-01 8.293150963123686603e-01 7.734803406261581138e-01 7.208221209387394302e-01 7.545033930838407343e-01 5.585744460381137921e-01 6.380272785668827940e-01 7.469570984549196435e-01 7.050544676037009406e-01 6.835127423193357865e-01 7.211031345703088347e-01 8.061396513885865645e-01 7.962836872280291134e-01 7.816594859852773469e-01 7.897558525454501099e-01 7.993205635347313542e-01 8.253869346410036556e-01 8.144056865741605700e-01 7.582024900914982046e-01 7.897845754769361459e-01 7.911839418633936916e-01 7.791708425182750641e-01 8.180423755390063834e-01 8.199968148414299440e-01 8.363673250896458411e-01 7.845824635764336863e-01 8.366553779864499552e-01 8.305230999428638849e-01 8.206041124462151171e-01 8.428373438690338615e-01 8.360136929679287121e-01 8.335146414268944648e-01 8.439306063384652834e-01 8.495250866800960754e-01 8.418533589073780021e-01 8.054619561596469968e-01 8.301362242176056894e-01 8.176200569012970210e-01 8.361214438274171545e-01 8.491099747134313036e-01 8.444920950197940535e-01 8.344085596002194238e-01 8.406165887797114600e-01 8.505280847712377579e-01 8.392502378017487885e-01 8.551610400142999335e-01 8.515427026588722192e-01 8.505498882988723475e-01 8.421281379104533782e-01 8.439218508349694003e-01 8.421396616383783895e-01 8.514093751118623210e-01 8.507716287258636489e-01 8.461216655621899285e-01 8.411697047645982916e-01 8.381223062754921127e-01 8.449832663420896450e-01 8.485654886771455407e-01 8.304409902110237995e-01 8.319873515345360682e-01 8.484285763339944886e-01 8.428793913515100211e-01 8.365597585161949068e-01 8.432101862474666865e-01 8.442718923238813344e-01 8.438945736972111034e-01 8.438862552405610451e-01 8.484349597763116702e-01 8.400168860162299245e-01 8.363614609392657773e-01 8.347938186795839099e-01 8.416278707518982660e-01 8.433656415804404727e-01 8.472803579075327551e-01 8.464950310634705710e-01 8.420582746584565070e-01 8.306237008886722117e-01 8.471772125295659039e-01 8.457929220467788056e-01 8.495672404317007320e-01 8.515782881795703751e-01 8.524314236981054282e-01 8.397089955598899813e-01 8.433236750577629559e-01 8.512861314883158892e-01 8.454725421091888737e-01 8.497037194481565914e-01 8.539798111691723204e-01 8.511729705582961047e-01 8.537412785635780654e-01 8.502815136005614782e-01 8.476755450160549099e-01 8.514920412312256826e-01 8.528939000987144636e-01 8.526144347323121320e-01 8.521941588116973554e-01 8.519568492432298967e-01 8.535043872460071901e-01 8.543992285875202652e-01 8.520035580170861600e-01 8.511567542221570859e-01 8.537415965055239475e-01
