1.000000000000000000e+00 1.360646497137142918e-01 5.379248322705395408e-02 8.146549491898612272e-02 4.891978137875064442e-02 5.912369109933465761e-02 8.345599780504872611e-02 2.598565369583706597e-02 2.084205573432653114e-01 4.797384380391413877e-02 6.766712460400030327e-02 1.959788466761566358e-02 3.441357441334152306e-02 -4.088802488610297076e-03 4.121171219798755447e-02 1.314253531760985021e-02 1.693647927938493614e-01 2.288441006726617266e-02 5.127496108338298886e-02 1.041063488025098516e-01 8.504468246058807801e-02 5.416669952031978597e-02 7.944295101295474615e-02 5.059999367703878898e-02 1.230835327973966130e-02 8.322537295756586573e-02 7.772030758125578198e-02 3.698197376787338425e-02 7.148285288684708139e-02 1.037380161006451057e-01 7.223034303844297344e-02 5.558344617439928831e-02 -1.380003068456842757e-02 2.082371813653731071e-02 3.576773051580940666e-02 -3.099075450719708177e-02 2.440005466822438643e-02 7.814313602782587548e-03 4.707338773922876453e-03 -6.533936388955492724e-02 2.140250292043347977e-02 -1.114291843970804247e-02 -6.110466979351329708e-02 1.148152432131948654e-02 1.435010737739040969e-02 2.440641979145515700e-02 1.035721622515637687e-02 3.284365670447066815e-02 3.650257074773555904e-02 2.154835236008221990e-03 -4.428168436352612584e-03 8.883599936466897787e-03 5.298556731725016788e-03 4.860986590046176975e-02 2.993160509480283227e-02 1.247878859978557471e-02 4.621640341282357706e-02 8.529601826006439833e-03 1.842759521583613169e-02 6.143867513281361936e-02 -1.792349473035205823e-02 2.377000487594711775e-02 6.734253025954740034e-03 1.098993426805685257e-02 8.640436850439003891e-02 6.309938143954450795e-02 3.716943577202645732e-02 1.239476339528143914e-02 2.605940644952709981e-02 3.050772262119874970e-02 1.767000357854647818e-02 1.315036427622363370e-02 9.727664297652718894e-03 7.701555856505869387e-03 2.947591065828914988e-02 1.551817578132969229e-02 1.362742620748315717e-02 2.705915500295839188e-02 1.556931941439454459e-02 3.382585402664890772e-02 2.995599664088289052e-02 3.222300083910768081e-02 3.890049433419037056e-02 1.086719371306744085e-02 -1.074415924008298613e-02 1.571092552495773152e-03 -1.295044314546526208e-02 -7.751985609045962617e-04 -3.824931038672624729e-04 9.815721255358308625e-03 -2.394435741618163027e-02 -3.217255489231945348e-03 1.592657026464602572e-03 1.722897096023845703e-03 5.261643743727848280e-03 1.564635014325622617e-02 -3.943263226261119886e-02 6.573966211230708803e-03 -1.581916207267380220e-02 -1.225867360501701510e-02 -4.339110317421513568e-02 -8.400119205153259994e-03 7.104476546023696937e-03 -5.162502051763913705e-03 -2.741863406905709847e-03 2.240538878915938198e-02 1.758942330709730578e-02 2.211827592197826431e-02 1.720585166349892711e-02 6.892951062092833939e-03 1.646900277093333274e-03 2.738300952326208973e-02 1.165772805537202902e-02 -8.517008334648681553e-03 4.070328757424421240e-02 3.421150125616319315e-02
1.360646497137142918e-01 1.000000000000000000e+00 1.232260277282447580e-01 7.831455456180193286e-02 6.721563155099105624e-02 1.349439208491926279e-01 1.653817730829720556e-01 9.758032151565418366e-02 1.934579895671945104e-01 2.210307947861573363e-01 1.816101390942881921e-01 1.443987254354883176e-01 1.626813301543280077e-01 1.483756566364763385e-01 1.695994633131745477e-01 1.312539573611469224e-01 1.577511525802144932e-01 1.230817581757665397e-01 1.425935313653371173e-01 5.623693633577845491e-02 7.064428464035207855e-02 1.269544467587531422e-01 2.312554808982031918e-01 1.473261998598981715e-01 1.341293009585836360e-01 1.768813386011824917e-01 1.843138836073592302e-01 1.913141687187017714e-01 1.611493537519130825e-01 2.206602036735294814e-01 2.039937806156341960e-01 1.928966723516172821e-01 1.407193734949988007e-01 1.442807443188287575e-01 1.783298905286375136e-01 9.626063557462256892e-02 2.028779256959777622e-01 1.436264651695682848e-01 1.540983952226091802e-01 1.512455272106844328e-01 1.794266535528059592e-01 1.528821664012068871e-01 1.261815415114335426e-01 1.393903673565875245e-01 1.742409370217913311e-01 1.769245785650688796e-01 1.635441399305372634e-01 1.851058472064235350e-01 1.719462479082169981e-01 1.146069628903086807e-01 1.299649909956330784e-01 8.751218220162376715e-02 1.387682218924269628e-01 1.959571942938848343e-01 1.802324009083563772e-01 1.801647138151526994e-01 1.552739131018906760e-01 1.710261598364250513e-01 1.772298589250162204e-01 1.718430559007034786e-01 1.433845707060393271e-01 1.700869103856817166e-01 1.566610985313933169e-01 1.286729611751012692e-01 1.505378760951823769e-01 1.629003441725111745e-01 1.795888738117056849e-01 1.717036385557784151e-01 1.969289245478696160e-01 1.473927654266929121e-01 1.610686446242982073e-01 1.675372984684794786e-01 1.770193077707219731e-01 1.665169535416720636e-01 1.805543398161832680e-01 1.777814692172651478e-01 1.782962082196863640e-01 1.728807270706620713e-01 1.833334100622980578e-01 1.923128449090410197e-01 1.897483318753268866e-01 1.910628994447630402e-01 1.839609820548197550e-01 1.800559198953169682e-01 1.580701690907885815e-01 1.640765028723851493e-01 1.744074637053714683e-01 1.649208343096532081e-01 1.700394222387502097e-01 1.717711348757963719e-01 1.710922533833606762e-01 1.686901093619826986e-01 1.714877062486885595e-01 1.696244390118809009e-01 1.693687780447690194e-01 1.792719644455455230e-01 1.398969394394216637e-01 1.372256184501058351e-01 1.656734560720731220e-01 1.607799834807578654e-01 1.415683751761218911e-01 1.600127279239249856e-01 1.574802432240712535e-01 1.523249215096434406e-01 1.398555233942840037e-01 1.674666592255277253e-01 1.741355086683724629e-01 1.818081427109809467e-01 1.772084684650859776e-01 1.692363041056346995e-01 1.787616635870670212e-01 1.714271680846109758e-01 1.743611630960747727e-01 1.456007407866633241e-01 1.594862178195927960e-01 1.738042742509032235e-01
5.379248322705395408e-02 1.232260277282447580e-01 1.000000000000000000e+00 4.022794354133059636e-01 2.819797889201565710e-01 2.984729788412930906e-01 4.265975282490447884e-01 3.955081736639620704e-01 3.786279805747395644e-01 3.521457702516783694e-01 4.158118176175529257e-01 4.149495801717418830e-01 3.932780720247151529e-01 3.613393792629322476e-01 4.328599562937898715e-01 4.168693534300336179e-01 3.411429795842782497e-01 3.729558679353697226e-01 3.724731436627111147e-01 3.295869709737042630e-01 3.731319543045620857e-01 3.875827765654389911e-01 4.237021020813847572e-01 3.738189721594097348e-01 3.574490732402450521e-01 4.281380426300951947e-01 4.410145407803292006e-01 4.442921874533846682e-01 4.081065509738861508e-01 4.499101388113730948e-01 4.620347907431355261e-01 4.328627701972592723e-01 4.284950689615695252e-01 4.117342936440196999e-01 4.340602071922712302e-01 3.738599570824129303e-01 4.455264583747531315e-01 4.147318774845787370e-01 4.248447971381735244e-01 4.300119795312341564e-01 4.199591236513236514e-01 4.204745542147733661e-01 4.015760227814603178e-01 4.199323122944082498e-01 4.328272644236359490e-01 4.252240671900635594e-01 4.063205954618382965e-01 3.990239368612618631e-01 4.084533696279017412e-01 4.021564756423356424e-01 3.994768829978151414e-01 3.714669848683403441e-01 3.986315544364493757e-01 3.994137305971796059e-01 4.069047992032573946e-01 4.167103223672363743e-01 3.729223308514648116e-01 3.951857191902278799e-01 3.986849470683218599e-01 3.967119639965963618e-01 3.907834408880312971e-01 3.918936088500540316e-01 3.863108774351098340e-01 3.796550826380731825e-01 3.913164334271116429e-01 3.845812000537373043e-01 4.041400445672893582e-01 4.069993811295723463e-01 4.230363744368291767e-01 4.197231524857605311e-01 4.212713308373883248e-01 4.057288542716015467e-01 4.076659785454604390e-01 4.128321095929892159e-01 4.167751788782754208e-01 4.145536387360224118e-01 4.138614569188291958e-01 4.231576229643678189e-01 4.218693315753708761e-01 4.236623031885363710e-01 4.266978068524537315e-01 4.288681757416952789e-01 4.092612500546632393e-01 4.261370641037461882e-01 4.188393754459908136e-01 4.099498757829342921e-01 4.275814132150216884e-01 4.150722760616620821e-01 4.191356128672004133e-01 4.168328714233586751e-01 4.269093262040061232e-01 4.102555660294240347e-01 4.117807974938237359e-01 4.149695930258959775e-01 4.017632278603239793e-01 4.006157821092862226e-01 4.042828565272712504e-01 3.859588691727785514e-01 3.912197580863998048e-01 4.045261000428196363e-01 4.010023402289833450e-01 3.979254719512461680e-01 4.041699049360870100e-01 4.087947639328580185e-01 3.901363191359576987e-01 3.868649048369279253e-01 4.029621099238345217e-01 3.974408177079589710e-01 4.028972845361585842e-01 3.953831812502452414e-01 4.062453479606276674e-01 3.990868054495663175e-01 3.982715323228461779e-01 3.938773389484973575e-01 3.925971267903657913e-01 3.920710691358999522e-01
8.146549491898612272e-02 7.831455456180193286e-02 4.022794354133059636e-01 1.000000000000000000e+00 3.874131841301014512e-01 4.454811966000510881e-01 6.158053597138042345e-01 6.548268455644464803e-01 5.195144694334932201e-01 4.560308218024629601e-01 6.083268509785225708e-01 6.684643673198196190e-01 5.692093539923923640e-01 5.277601991178673124e-01 6.325723033380247218e-01 6.440655641159959144e-01 5.432436882910602893e-01 5.261580272493787680e-01 5.033052594521608691e-01 6.229438063348585741e-01 5.849518369495795289e-01 5.249121793423086046e-01 4.934660214114026111e-01 4.790646591762134365e-01 4.506680253759979826e-01 5.778757282704001241e-01 5.963813815598388857e-01 5.854293681875438748e-01 5.372343082356132449e-01 5.349219366864690350e-01 5.788638297927437559e-01 6.185015353962196594e-01 5.910701337014759860e-01 6.158938887400805529e-01 5.842344204841506405e-01 6.111166572956625576e-01 5.639361406276556243e-01 6.050183587611905889e-01 6.070652830061313843e-01 5.894423613716689436e-01 5.780983145054803263e-01 5.878348729620365143e-01 5.817607540953979584e-01 6.069402789993454395e-01 5.941370614490241175e-01 5.927344026109434560e-01 5.821686371395736748e-01 5.629300880602803314e-01 6.028819246054955006e-01 6.287852189318641205e-01 6.139684034337461460e-01 6.349947023402693347e-01 6.002720178071572210e-01 5.829843242302580331e-01 5.955535438447169261e-01 5.781498601885756150e-01 6.120962687181911166e-01 5.754854092396800569e-01 5.809758445223681678e-01 5.812761614730380666e-01 5.928661167504283291e-01 5.841113179515332599e-01 5.945552246267111762e-01 6.059932614206062773e-01 6.023671336293130452e-01 6.111541029604269371e-01 5.762230353970434482e-01 5.661029988478130104e-01 5.699087836367671134e-01 6.268373611202251450e-01 5.931887877977458645e-01 5.656525501032599879e-01 5.558288157995121548e-01 5.523876802727272217e-01 5.756757642441667766e-01 5.828757096600436505e-01 5.734983163705301701e-01 5.824571620352873014e-01 5.723682786254299382e-01 5.729531024595831967e-01 5.797737014715967918e-01 5.768353606784575316e-01 5.894591541567353321e-01 5.850394710142241550e-01 6.029954364135221567e-01 5.920125271293642522e-01 5.815005291387838060e-01 5.985045821339660677e-01 5.915481254568099034e-01 5.956043927760558132e-01 5.881404124936946420e-01 5.759958278242336416e-01 5.776369491718684746e-01 5.825254529114315405e-01 5.728569278411229648e-01 5.666748671948598215e-01 6.091723706947639316e-01 6.176587811453202459e-01 5.811445158799353194e-01 5.901465069654229234e-01 5.908645455100051125e-01 6.003100272855235175e-01 5.998275071552148230e-01 5.958440506048596763e-01 6.088008719842424865e-01 6.051096112764906554e-01 5.922162868353291199e-01 5.608966000027245657e-01 5.749611140381613028e-01 5.751531875303110830e-01 5.751725454656685388e-01 5.785296092022861325e-01 5.826590457395418587e-01 5.984804036725654974e-01 5.814087667251559566e-01 5.948484660222698173e-01
4.891978137875064442e-02 6.721563155099105624e-02 2.819797889201565710e-01 3.874131841301014512e-01 1.000000000000000000e+00 3.678091288476815768e-01 5.022126235685268059e-01 5.312332267750400350e-01 4.273926336332976583e-01 3.944992163039398037e-01 4.842183680197764684e-01 5.047245041734544913e-01 5.589079124423256273e-01 4.490699943416983086e-01 5.207015015323589457e-01 5.305942310208655588e-01 4.512450245636573931e-01 4.483811228690418593e-01 4.385219322167364653e-01 4.385570651559019262e-01 4.241213352952705185e-01 4.337032027700698511e-01 4.834999964536791928e-01 4.459846004398833053e-01 4.116869826424208734e-01 5.040803947847789512e-01 4.914417218651257468e-01 5.054055036219667896e-01 4.264656965921324039e-01 4.809240797697550973e-01 4.741092803033937764e-01 5.034612850573487730e-01 4.574833286858534520e-01 5.010763321687137228e-01 4.846673104319032532e-01 4.841571693663467291e-01 5.014357968666092180e-01 4.887984541689402995e-01 5.164554071952673908e-01 5.013854158684936113e-01 5.070404869363560607e-01 5.154357740678829902e-01 5.324258701351539669e-01 5.276730769929213194e-01 5.148704322583886883e-01 5.153376008686472165e-01 5.034605652148359534e-01 4.897030184451517942e-01 4.911098893874077387e-01 4.882124686034156613e-01 4.964218741140112301e-01 5.023733068991803608e-01 5.114372086870712097e-01 4.852407659363732750e-01 4.919553005643282906e-01 4.967665786010168616e-01 4.687363811618643905e-01 4.987397474854208257e-01 4.828172444317836987e-01 5.019141313045152319e-01 5.071205636298803388e-01 4.866652725700668092e-01 4.819093800528926330e-01 4.970947612295448792e-01 5.022878398322312421e-01 4.807423760028018966e-01 4.987486501605842837e-01 5.046231733626039828e-01 5.049251685604715378e-01 5.272807385501032673e-01 5.034712686589057906e-01 4.971528382783756417e-01 5.127769917986121362e-01 5.023321944596180755e-01 5.111267600335234196e-01 5.059153558648087357e-01 5.046898531352250750e-01 4.908384909422728315e-01 5.029279783803043413e-01 4.974555065833470846e-01 5.008730433928911818e-01 4.922641267829122591e-01 5.021851990201755545e-01 4.967222915245926296e-01 4.970062419032037493e-01 5.098274734825815058e-01 5.031391785207041112e-01 5.007782087385386216e-01 5.052025347936425215e-01 5.077348998234328947e-01 5.089028205859902343e-01 5.066021083274075965e-01 5.044313508853919270e-01 5.026537201747413031e-01 4.993052302371990825e-01 4.954788602126889985e-01 5.034584236307475535e-01 4.980982809729320171e-01 4.894220517732213449e-01 5.005815109852327360e-01 5.163062983148851703e-01 4.998063373697641532e-01 5.097555057019151903e-01 5.122940151132376885e-01 5.071850288148356256e-01 4.805041268865565263e-01 4.927761894786598096e-01 4.960762439342714103e-01 5.011448894930325970e-01 4.938518916331205433e-01 4.935686145900394228e-01 5.014032639447668638e-01 4.868874955071622601e-01 5.031231361417188852e-01 5.008791440426976216e-01 4.892554075071366415e-01
5.912369109933465761e-02 1.349439208491926279e-01 2.984729788412930906e-01 4.454811966000510881e-01 3.678091288476815768e-01 1.000000000000000000e+00 5.832584403406511075e-01 5.605302319906975139e-01 5.591047949224478009e-01 5.344436822069418280e-01 5.874473864380671539e-01 6.172838095090366073e-01 5.824430222492332776e-01 5.828498838050688580e-01 6.472826933291775386e-01 6.327205008640316430e-01 5.494227969451503935e-01 5.554537388735597547e-01 5.536950346203217688e-01 4.990335065886170596e-01 5.355639084343695178e-01 5.575775399787645803e-01 5.865788723546042638e-01 5.580007159934770034e-01 5.266591362485343319e-01 6.204728410002228189e-01 6.167333210395753440e-01 6.215695227236732734e-01 5.770818564464678113e-01 5.967175179235810756e-01 6.189784452337652176e-01 6.219115595179796063e-01 5.716078514706026681e-01 6.017714635654860533e-01 5.924071801808832305e-01 5.704488092040561620e-01 6.138236803930201546e-01 6.163899497700631169e-01 6.342008599054906881e-01 5.992705517135028526e-01 6.352306051825944433e-01 6.365467186985639403e-01 6.145542740219682720e-01 6.394868745057565862e-01 6.358089076401999273e-01 6.437844457322776659e-01 6.345697956574696263e-01 6.335640043324954895e-01 6.339266184833108886e-01 6.045970510816708332e-01 6.268574317359778547e-01 6.001315728228413526e-01 6.297268265425959299e-01 6.361643434168045008e-01 6.311731633731028079e-01 6.268485567106505396e-01 6.199286375896028156e-01 6.365291218778226234e-01 6.348630894829081495e-01 6.348064087431768421e-01 6.386948169829419486e-01 6.366573221902231960e-01 6.323637571434307381e-01 6.272677923421200452e-01 6.251406499871990929e-01 6.268788126010557127e-01 6.370750572558461222e-01 6.423975387575968643e-01 6.371095344120512038e-01 6.463278024562508772e-01 6.410312451194876138e-01 6.390212771248726664e-01 6.404318155414033820e-01 6.347324080740476271e-01 6.409176486210914625e-01 6.445206719861350519e-01 6.430054044408393121e-01 6.394064417678831935e-01 6.443356991287690905e-01 6.352699664678367331e-01 6.377306445896276932e-01 6.382637143157533499e-01 6.436742359632183774e-01 6.286453436021933738e-01 6.225613212464800039e-01 6.357414530726012147e-01 6.296953681971213523e-01 6.371692690146620874e-01 6.392485890128873915e-01 6.463887659513916084e-01 6.343218516717702427e-01 6.401492694073203094e-01 6.387475366153589906e-01 6.426812476661816209e-01 6.381941570508524730e-01 6.384493362847275533e-01 6.323713667490338253e-01 6.302723127006319981e-01 6.385937476302183669e-01 6.365185449584473965e-01 6.352608889372660661e-01 6.442242444433670112e-01 6.417479598402335839e-01 6.403533948588103764e-01 6.355949151238787787e-01 6.408242408126036960e-01 6.419717658601945542e-01 6.385081082535798425e-01 6.416350629594080868e-01 6.377788360825864533e-01 6.405300579576043152e-01 6.391166172603275353e-01 6.400297406174610959e-01 6.384877025952825358e-01 6.351392153290349452e-01 6.400771419631968717e-01
8.345599780504872611e-02 1.653817730829720556e-01 4.265975282490447884e-01 6.158053597138042345e-01 5.022126235685268059e-01 5.832584403406511075e-01 1.000000000000000000e+00 7.387842028827332763e-01 6.874032530903715354e-01 6.358919071933601952e-01 7.502881222021549057e-01 7.854525410219072024e-01 7.426234173942327654e-01 6.968500827308485857e-01 8.419600898727127580e-01 7.912196061763359101e-01 6.832151371441410603e-01 6.682508766206144424e-01 6.650661021078697610e-01 6.400328527276407664e-01 6.680732239545429385e-01 6.693448264826292737e-01 7.141196035483957649e-01 6.679837035157234482e-01 6.256678959188259892e-01 7.756023216986306368e-01 7.826941474144821775e-01 7.996351808921163817e-01 7.400404525424526536e-01 7.441509856464544326e-01 7.758379993103622363e-01 7.918071164223136060e-01 7.546037891124703911e-01 7.735794870665880785e-01 7.653706679473236685e-01 7.146972960648414475e-01 7.756335840645928181e-01 7.846605800079744508e-01 7.916815273477253445e-01 7.709672087016178343e-01 7.826310236166011958e-01 7.916424478516187468e-01 7.644499565066937841e-01 7.924273558149707020e-01 7.895376803580520519e-01 8.009617704454825571e-01 7.719328178598066081e-01 7.621416384537896827e-01 7.776909171342457627e-01 7.637090341658253623e-01 7.757565688370304802e-01 7.358641909799443770e-01 7.637301559466109779e-01 7.678710248303979302e-01 7.735930014097425200e-01 7.741036129649543351e-01 7.449602062165392447e-01 7.661048403047251432e-01 7.700959707471481952e-01 7.688241223267580082e-01 7.651502043582409929e-01 7.628142502705551609e-01 7.576387990565413011e-01 7.599583174513111494e-01 7.617054274090240273e-01 7.572429378870511041e-01 7.708785751954561061e-01 7.715881007827614102e-01 7.832023879029588187e-01 7.870187989262957817e-01 7.766876903135555565e-01 7.664613248861078532e-01 7.705924702428781359e-01 7.614217770960526321e-01 7.789282917564442910e-01 7.821885890830311272e-01 7.857841770099776024e-01 7.903191847983354057e-01 7.867322780200787236e-01 7.727128475664916119e-01 7.830669935052251285e-01 7.795635607824599189e-01 7.853398310232957424e-01 7.844396920710613452e-01 7.793263969563108962e-01 7.835670491015190864e-01 7.815236610092632930e-01 7.835728705926396920e-01 7.870592463690555540e-01 7.822934822007829858e-01 7.893634270633360650e-01 7.782415508259549197e-01 7.776119413779288836e-01 7.839665307734151600e-01 7.674234705586489014e-01 7.662149074273114646e-01 7.679907923350438592e-01 7.615341570970983742e-01 7.590425217481435727e-01 7.741145576715984244e-01 7.687621573619825011e-01 7.745147144243115234e-01 7.724789513262374507e-01 7.775303750092648070e-01 7.656348887566887251e-01 7.568855786811444775e-01 7.725834850537963705e-01 7.625512952592384819e-01 7.706125268052571586e-01 7.650646729527017520e-01 7.722342191632398656e-01 7.684579142827018261e-01 7.651554265719043846e-01 7.670947644752500461e-01 7.643118038167007189e-01 7.671670590352840380e-01
2.598565369583706597e-02 9.758032151565418366e-02 3.955081736639620704e-01 6.548268455644464803e-01 5.312332267750400350e-01 5.605302319906975139e-01 7.387842028827332763e-01 1.000000000000000000e+00 6.513311645953340223e-01 5.917725046112937148e-01 7.410376524232780149e-01 7.808492316577109182e-01 7.285626003931864325e-01 6.712064905515483515e-01 7.891870614309124399e-01 8.276838280226952449e-01 6.862626024689730819e-01 6.574009206726488808e-01 6.423893819654019621e-01 6.578994943937777062e-01 6.743426056343743147e-01 6.508659742928483150e-01 6.561325539647925309e-01 6.424393425243959399e-01 5.939546235828675469e-01 7.281941786988644916e-01 7.272817197483127938e-01 7.103100332271150563e-01 6.396118056139278307e-01 6.941662028783051053e-01 7.145261725188715163e-01 7.698424910757430961e-01 7.147179619324213196e-01 7.682588490622400679e-01 7.356938914362588511e-01 7.489437649577663780e-01 7.177326376755338577e-01 7.750750754070769855e-01 7.776828360275654939e-01 7.523124274177301896e-01 7.521059891979368084e-01 7.565019713199624407e-01 7.583933384903217556e-01 7.748352532219466848e-01 7.626145554971811569e-01 7.597744680874856105e-01 7.594389564999558528e-01 7.455586384624440788e-01 7.760836222321226829e-01 7.827292916617620833e-01 7.915022076059964329e-01 7.737686184714523963e-01 7.702330755886067637e-01 7.558996250037136599e-01 7.677313590237705432e-01 7.619433991131031592e-01 7.706084010274235618e-01 7.544922561575682085e-01 7.652589529943354396e-01 7.500471593940947201e-01 7.699444490162126176e-01 7.612486339224022736e-01 7.752564531510925949e-01 7.747670592249665811e-01 7.662293143388222427e-01 7.644073630976845335e-01 7.592603803068143087e-01 7.584507013285992638e-01 7.547724361545590233e-01 7.849331836619358738e-01 7.626621268112812047e-01 7.502782235267022592e-01 7.509802750196761245e-01 7.331437006328069828e-01 7.557998680530101376e-01 7.562889357715406602e-01 7.436559953643402388e-01 7.417085347149859897e-01 7.466951963799877134e-01 7.523066027374133435e-01 7.519288680055316032e-01 7.508170145861058353e-01 7.710156570874427961e-01 7.594742663663593962e-01 7.762395522510014967e-01 7.749373171771982705e-01 7.551998887006164951e-01 7.808892650298839833e-01 7.690813720843930890e-01 7.749881119818797792e-01 7.600808474498482736e-01 7.582483577196303948e-01 7.579965508985408995e-01 7.623588091404756018e-01 7.585979593054290593e-01 7.538243664811492550e-01 7.903471879079508877e-01 7.882412610158852084e-01 7.650703426056338907e-01 7.773784466437116958e-01 7.735178061445616704e-01 7.823261260046032728e-01 7.710957000392167915e-01 7.761027732092827813e-01 7.784449874642891398e-01 7.721546418781382037e-01 7.757778395547688666e-01 7.497883675502483580e-01 7.616765052929462820e-01 7.632477970597527639e-01 7.617617553975891687e-01 7.586663583939369238e-01 7.630298245425263248e-01 7.783349478192349569e-01 7.622240619577468346e-01 7.618161697081766714e-01
2.084205573432653114e-01 1.934579895671945104e-01 3.786279805747395644e-01 5.195144694334932201e-01 4.273926336332976583e-01 5.591047949224478009e-01 6.874032530903715354e-01 6.513311645953340223e-01 1.000000000000000000e+00 7.373618471869687330e-01 7.925294166000612650e-01 8.171704863519186901e-01 7.512135489115258080e-01 7.554074395828037636e-01 8.313619546771712221e-01 8.049478092067904322e-01 8.127163005420873221e-01 6.591184392467562825e-01 6.766805884831876838e-01 6.273639520176271800e-01 6.585295339597071473e-01 6.818573046826347239e-01 7.588016098407872612e-01 6.884645434386337248e-01 6.228348153404710263e-01 8.137377055359277245e-01 8.104651703037000221e-01 7.872585362895909711e-01 7.351075118079211101e-01 8.172147834161131996e-01 8.327851328656087349e-01 8.373564762021968866e-01 7.470603486481276478e-01 8.098696083902663378e-01 8.058813741270189901e-01 7.258804575741899523e-01 8.099263672819263515e-01 8.259904067091191626e-01 8.288192226436131849e-01 7.442986016537815885e-01 8.429523752269576509e-01 8.208393601402356188e-01 7.762234193129430304e-01 8.457363730597285967e-01 8.243509139992691859e-01 8.406125809193570886e-01 8.567042411386118772e-01 8.713387644180511371e-01 8.599172956965882575e-01 7.980542711855416194e-01 8.274525033246203920e-01 7.746281728501888120e-01 8.361024954772470208e-01 8.661146064507498910e-01 8.406688155612426216e-01 8.330244573302509892e-01 8.344091017363580720e-01 8.537190787586523832e-01 8.570779755789691423e-01 8.771918622221782647e-01 8.342161069035592957e-01 8.579874892405762177e-01 8.415127184408709438e-01 8.395554347699476505e-01 8.726022864399469725e-01 8.579676010947931974e-01 8.728040514858266263e-01 8.444686748838829971e-01 8.579547992405127665e-01 8.449590442164718329e-01 8.290973096577053392e-01 8.431052448963791690e-01 8.322974468294652706e-01 8.207387637979133288e-01 8.622215231682719416e-01 8.571265439741456715e-01 8.487681531411132019e-01 8.433911232287806259e-01 8.471064557828787978e-01 8.629547336336294006e-01 8.585016923831659819e-01 8.633117647303705233e-01 8.627767677650201028e-01 8.468909892428918562e-01 8.255438744581801158e-01 8.435653141837037294e-01 8.366913637892319233e-01 8.465656985346939889e-01 8.488359429993117544e-01 8.467808852972599221e-01 8.263829153927073623e-01 8.490211812775173561e-01 8.490692948440534682e-01 8.536117343819463743e-01 8.568251454312504345e-01 8.626066337103110993e-01 8.047336148667947331e-01 8.217633111119038158e-01 8.393665309295660348e-01 8.410475380020230318e-01 8.168440768969817967e-01 8.397853548211011709e-01 8.471056620840617946e-01 8.473899717641881768e-01 8.327722945978752733e-01 8.413855234971344688e-01 8.571168627375461702e-01 8.636759209659836678e-01 8.593857572834707748e-01 8.571115222340710549e-01 8.524852168018874909e-01 8.667196657904614465e-01 8.563135031030337796e-01 8.382900797945732618e-01 8.671668851677668544e-01 8.596409757962651943e-01
4.797384380391413877e-02 2.210307947861573363e-01 3.521457702516783694e-01 4.560308218024629601e-01 3.944992163039398037e-01 5.344436822069418280e-01 6.358919071933601952e-01 5.917725046112937148e-01 7.373618471869687330e-01 1.000000000000000000e+00 7.381312482899967664e-01 7.606377104382623378e-01 7.014288263251500233e-01 7.181650295220959324e-01 7.706116113753143093e-01 7.502181019768882075e-01 6.906509341864172091e-01 6.009076116476825824e-01 6.116934116124934651e-01 5.177485035503124333e-01 5.468835858360482360e-01 6.075500724459241830e-01 7.251725072395475147e-01 6.238044649723049062e-01 5.783235257043254363e-01 7.401451817124684585e-01 7.507743812592178045e-01 7.510365139460173367e-01 6.765641038707828070e-01 7.645258648112490674e-01 7.745176395268770220e-01 7.703814438642931917e-01 7.051508716074600391e-01 7.363693060047837857e-01 7.635475670163066608e-01 6.752598259692329519e-01 7.782596800470465981e-01 7.639205716185398787e-01 7.815293572564632196e-01 7.442526763619946584e-01 7.992150219610947293e-01 7.863976507490993972e-01 7.553662732287218518e-01 7.894327641615329627e-01 7.883651921862480094e-01 7.942194184397008971e-01 8.047051759687890993e-01 8.199690956482951210e-01 8.032478239404804432e-01 7.286110101308590492e-01 7.696686610298365538e-01 6.972664456299998426e-01 7.822557370221154827e-01 8.144425140197767421e-01 7.943232013013318271e-01 7.965582233937011924e-01 7.711943515594789078e-01 8.086108492493148114e-01 8.090790467213262449e-01 8.093309892595033084e-01 7.907954429029155907e-01 8.086150651147582247e-01 7.940400363557865715e-01 7.775755432525026656e-01 7.784986035722512021e-01 7.874178105660615268e-01 8.136650614983236274e-01 7.953797409250547013e-01 8.115509682129068425e-01 7.790793962869025924e-01 7.703813793674534338e-01 7.919374585316057980e-01 7.898611189105720909e-01 7.754049208246955871e-01 8.087169396212099404e-01 8.098990052247498905e-01 8.068257946359952415e-01 7.876653352822846621e-01 8.051033335788735368e-01 8.122875739582081644e-01 8.107403216975099802e-01 8.105301751376428054e-01 8.079644246502156735e-01 8.021207670865713180e-01 7.758012708948033298e-01 7.935082985462700300e-01 8.043402017873682031e-01 7.973501984631591322e-01 8.019189336114601607e-01 8.008474980135547039e-01 8.005078627205752806e-01 8.109596235772161821e-01 8.091647241232041710e-01 8.094912309027856301e-01 8.120413329086790810e-01 8.172862189862416527e-01 7.736192561502910348e-01 7.660616532584341165e-01 8.044267146081958142e-01 7.970316840822205817e-01 7.904532780876556419e-01 7.962188386847106614e-01 7.995274756187366050e-01 8.016277377327313269e-01 7.816104972743961321e-01 7.897342381793027721e-01 8.077843374003175203e-01 8.154107165691920622e-01 8.104275812661434486e-01 8.093896217868811194e-01 8.125772864339430024e-01 8.126115703705466542e-01 8.107710942650881991e-01 7.909251493664098964e-01 8.013560856012756917e-01 8.049716050506937615e-01
6.766712460400030327e-02 1.816101390942881921e-01 4.158118176175529257e-01 6.083268509785225708e-01 4.842183680197764684e-01 5.874473864380671539e-01 7.502881222021549057e-01 7.410376524232780149e-01 7.925294166000612650e-01 7.381312482899967664e-01 1.000000000000000000e+00 8.745741517499310280e-01 8.017768636009863226e-01 7.851527863134186713e-01 8.752155462159447730e-01 8.570760998342998871e-01 7.782455604996091347e-01 7.395227447332803905e-01 7.608134654076096348e-01 6.316430928256769883e-01 7.230804944033107917e-01 7.621790507335748366e-01 8.179751881592756124e-01 7.556084986044779850e-01 7.200983468056980641e-01 8.616005625409058899e-01 8.629171347796494862e-01 8.515478543540468959e-01 7.739300721616007017e-01 8.571072107613295632e-01 8.776051369705734073e-01 8.702267396582348269e-01 8.164954404681240563e-01 8.507144293872036522e-01 8.571593864323941991e-01 8.225880334715449660e-01 8.765449106581075789e-01 8.591372574220144109e-01 8.893690668429025115e-01 8.525145511804778087e-01 8.843813391674875124e-01 8.778473910792216062e-01 8.614124941877734365e-01 8.870376485392874599e-01 8.928528871770470277e-01 8.900891923227989277e-01 8.812976432617287692e-01 8.837208640401593707e-01 8.826872024324720067e-01 8.382561696022582387e-01 8.617302239464764702e-01 8.266446495348122037e-01 8.696908366611859620e-01 8.895469296181138796e-01 8.843186432298576483e-01 8.891640968339965534e-01 8.611716460868711343e-01 8.790510094737312707e-01 8.780366942043038581e-01 8.795228290207395272e-01 8.795138166715733563e-01 8.799881132251019533e-01 8.737121642207172911e-01 8.658856968877056692e-01 8.773665916862836145e-01 8.712583462689269531e-01 8.888439252170851068e-01 8.888544204671295912e-01 8.904120762949435663e-01 8.874970787170879394e-01 8.891767611177942010e-01 8.898128428612301910e-01 8.817417517535245386e-01 8.796197862762062947e-01 8.942061586396434780e-01 8.921646322251093331e-01 8.848514132034874802e-01 8.761743074670704789e-01 8.876787314042403620e-01 8.939397909009754173e-01 8.965775395545154680e-01 8.942100026892328968e-01 8.940031505673745604e-01 8.860849974613452806e-01 8.713090817977728886e-01 8.858313042080843136e-01 8.907663125732826481e-01 8.861049713124176108e-01 8.930606976526701546e-01 8.973365538435978950e-01 8.883199795788294661e-01 8.884655452138254805e-01 8.904179797102598215e-01 8.917312224149788191e-01 8.840657360329933212e-01 8.863356159490647368e-01 8.774268517218081209e-01 8.653909926853385892e-01 8.804506459048084821e-01 8.798127507743068731e-01 8.821293341557164824e-01 8.873952950547040475e-01 8.841077604793770028e-01 8.880967480244977841e-01 8.793856939324158351e-01 8.796884368651420871e-01 8.868571275345109584e-01 8.861379617081530657e-01 8.913428624852834936e-01 8.829345587109784788e-01 8.873310875642993478e-01 8.863796226899055553e-01 8.873185611334433176e-01 8.818769089350733115e-01 8.825329401303397825e-01 8.830942921581650396e-01
1.959788466761566358e-02 1.443987254354883176e-01 4.149495801717418830e-01 6.684643673198196190e-01 5.047245041734544913e-01 6.172838095090366073e-01 7.854525410219072024e-01 7.808492316577109182e-01 8.171704863519186901e-01 7.606377104382623378e-01 8.745741517499310280e-01 1.000000000000000000e+00 8.351823010819064974e-01 8.434177114533503161e-01 9.197879129440782453e-01 9.169644322955703419e-01 8.136203680088651691e-01 7.568160362455153001e-01 7.564987668715900115e-01 7.371706260505022090e-01 7.634988986532146304e-01 7.665795056508690752e-01 7.940833527787558577e-01 7.503703139381020515e-01 7.114002610462960563e-01 8.790253645377843483e-01 8.799884535409593367e-01 8.696218138621690796e-01 7.979243056377663956e-01 8.542280107762845187e-01 8.881870412791998959e-01 9.139166014509452207e-01 8.521220934972220107e-01 9.092682754998089312e-01 8.834205239848826885e-01 8.635028461768619046e-01 8.814352438183891136e-01 9.158765547669064366e-01 9.337712975449595776e-01 8.818824255056214589e-01 9.247416806639152664e-01 9.212741189733482106e-01 9.061520137742277159e-01 9.409376249778381718e-01 9.221691091352310909e-01 9.268605162119749608e-01 9.366074927015285434e-01 9.325471926113558796e-01 9.379144011909276157e-01 9.161620108812491559e-01 9.341684252008612965e-01 9.121688640360936517e-01 9.404732634115415824e-01 9.283942936636159216e-01 9.224962353244543500e-01 9.185772805354034398e-01 9.180925743189174426e-01 9.310017605315379363e-01 9.288938417827379279e-01 9.356006741674086635e-01 9.387219089722979026e-01 9.379251193706855672e-01 9.326253324214442975e-01 9.355474772242990955e-01 9.289164764392060514e-01 9.338582878290249134e-01 9.363634637100045621e-01 9.268785682332228992e-01 9.286186947520272961e-01 9.453813275231276458e-01 9.237255924426637232e-01 9.226171237053958363e-01 9.136018109989201275e-01 9.057530274729395092e-01 9.337309609995086968e-01 9.347252721064558401e-01 9.270675268568846494e-01 9.207952769858070985e-01 9.237624491134969196e-01 9.281157081977486900e-01 9.284139224815165514e-01 9.320773209105011059e-01 9.360463846561437595e-01 9.281644412065976901e-01 9.311581174252294701e-01 9.379624637418689792e-01 9.288868069998987842e-01 9.400273702193044922e-01 9.392806852085676672e-01 9.358279682594800031e-01 9.301397838518712380e-01 9.356938006066124469e-01 9.366051700004865976e-01 9.403822087651846351e-01 9.389240898520111456e-01 9.360047082529192597e-01 9.290117378623872213e-01 9.301624174393228195e-01 9.330512840835807342e-01 9.363822700173540792e-01 9.338891386560406183e-01 9.399301579024159636e-01 9.447381872250500967e-01 9.452737074841145448e-01 9.416844370019417099e-01 9.294829093459178182e-01 9.386615620005934746e-01 9.331271077721927654e-01 9.361279564297414479e-01 9.372263910885578753e-01 9.352095417696768553e-01 9.393941553464053573e-01 9.386611829734619050e-01 9.386083163364777882e-01 9.367008904741658259e-01 9.394292034665521207e-01
3.441357441334152306e-02 1.626813301543280077e-01 3.932780720247151529e-01 5.692093539923923640e-01 5.589079124423256273e-01 5.824430222492332776e-01 7.426234173942327654e-01 7.285626003931864325e-01 7.512135489115258080e-01 7.014288263251500233e-01 8.017768636009863226e-01 8.351823010819064974e-01 1.000000000000000000e+00 7.758483857181518450e-01 8.551673388241850526e-01 8.488248523529533518e-01 7.502153277050701563e-01 7.151666866214733131e-01 7.230051789110004679e-01 6.372611744569697256e-01 6.947075686250833160e-01 7.180715158108108565e-01 7.823785688584282694e-01 7.344852398826848816e-01 6.826470339198957848e-01 8.192083017902893616e-01 8.177162427255469934e-01 8.169750461850444623e-01 7.332662325777433709e-01 8.132740909958395825e-01 8.181940330941332995e-01 8.406990060428839451e-01 7.875184113141294739e-01 8.323059137036641353e-01 8.237603683080065853e-01 7.879864577190961450e-01 8.266456186620053659e-01 8.388545262070632447e-01 8.609915396296633494e-01 8.131900487971966962e-01 8.541919779412221470e-01 8.560106174268109491e-01 8.517786080542346649e-01 8.725275715073393945e-01 8.587453134706890534e-01 8.571257982159895539e-01 8.610686527619271224e-01 8.545705971299181192e-01 8.549618875722688749e-01 8.221800769093873251e-01 8.460075321997869713e-01 8.124861995688084093e-01 8.561368721116597857e-01 8.505871688341150039e-01 8.468200990760839098e-01 8.484890329672288845e-01 8.214598949092383195e-01 8.572445436996721790e-01 8.476549324651015960e-01 8.588400885999387668e-01 8.616953884800833130e-01 8.517105885312256097e-01 8.417514286164538007e-01 8.494859036815829434e-01 8.467208667201759908e-01 8.398094726669702581e-01 8.603508055420174827e-01 8.602534267966183146e-01 8.647469981235503811e-01 8.637220216594084787e-01 8.548150966679440854e-01 8.568068223224699631e-01 8.584440591069977256e-01 8.472512629663266903e-01 8.679964342370344310e-01 8.640174901464010571e-01 8.584690487314419194e-01 8.458464694643299531e-01 8.587444871465517160e-01 8.620864299059204372e-01 8.619306299653267667e-01 8.579596751102095409e-01 8.605501446293911672e-01 8.598721678706110483e-01 8.495536715356544200e-01 8.643483423132408694e-01 8.597528959960146766e-01 8.604311187347088996e-01 8.648902054857612320e-01 8.634769309642887913e-01 8.605272790935487581e-01 8.654609974971116948e-01 8.631583157197293410e-01 8.655222888449657370e-01 8.617515691105595010e-01 8.597146523776671989e-01 8.474215443201157383e-01 8.384323953810016716e-01 8.502816730302250603e-01 8.578822657783105043e-01 8.623075129185591159e-01 8.564443464377603510e-01 8.616096663964514235e-01 8.671602194019448762e-01 8.554106391711369106e-01 8.399613390670184199e-01 8.551072568286718356e-01 8.605496419885502180e-01 8.625598723658395306e-01 8.583807207865971067e-01 8.593287337273035620e-01 8.626839442396815327e-01 8.548980666310475041e-01 8.565271963856453397e-01 8.590925047244127866e-01 8.512360004035111061e-01
