1.000000000000000000e+00 1.112538511858209289e-01 7.285825878781926335e-02 1.100248999124736442e-02 3.276626861060692730e-02 3.700080595997892003e-04 4.231115083823951822e-02 8.847724244669143839e-03 1.447901720712282680e-01 6.285135855655508974e-02 1.242234727034531409e-02 -9.358699656552206536e-03 1.378275160380634107e-02 6.621436576130209153e-03 1.054302366433632759e-02 4.854623961382967777e-03 9.063547516037302743e-02 1.371301771109579848e-01 1.110850665369483292e-01 5.933813767065022893e-02 9.052036601217752776e-02 8.632408596346093088e-02 1.211356844362986712e-01 1.282148787796571765e-01 1.279606099228808302e-01 8.150605549606576572e-02 4.984499837907509223e-02 8.449388426502507654e-02 6.653023568385453557e-02 1.156367121656451530e-01 8.012537132480673785e-02 5.005922203203286291e-02 4.677466058653839687e-02 6.075268174206726463e-02 8.348842100853498538e-02 6.460817393559566135e-02 8.544825098000545516e-02 3.997153199130065553e-03 2.216611210337815843e-02 1.594421708685666433e-02 1.785938195538337714e-02 9.100839613561089846e-04 1.189809345021922496e-03 9.299460177799883168e-03 3.541889243631655970e-02 4.810711457539538008e-03 1.427024103012944703e-02 1.799176142625644875e-02 8.236865470258264085e-03 1.946172438204750096e-02 1.377524974138775136e-02 4.020889638117678550e-02 2.624295301719553608e-02 2.565553897656164262e-02 1.193424575921259688e-02 1.827831509462609152e-02 2.133629075244722340e-02 -6.805242455398834503e-03 -1.394263144183165593e-03 2.989495880956122634e-02 5.641957115849056438e-03 6.724165297752843044e-03 -1.012252381659432821e-02 2.022176297179660923e-02 5.151336097003097331e-02 4.029703976179991459e-02 1.960220629169315623e-02 4.208433740697586217e-02 3.986272826424209353e-02 3.859561281075406247e-02 3.264811045776336296e-02 2.935672907996217038e-02 4.662063989242017786e-02 5.655608493297220596e-02 2.159742099494894527e-02 1.662672543538016440e-02 2.301922564281356359e-02 2.798822931565797187e-02 2.350982356838786716e-02 4.039676276728079718e-02 4.531230633424873644e-02 2.502638241975964004e-02 3.457411323284055593e-02 2.993135275709011417e-02 1.138214554088999748e-02 2.670412106966239124e-02 2.933879002899411614e-02 3.067922370191379557e-03 1.219786980324604267e-02 1.789087204748600682e-02 8.179478267820615087e-03 4.336794006711111420e-03 1.619408272425520642e-02 2.413725241304718206e-03 5.611978537106173878e-03 1.089593670144302015e-02 -4.346670136396780550e-03 2.499843360041799356e-02 1.050747247874138628e-03 2.850728404414869070e-03 -1.810927498643056469e-03 -1.272129478120577082e-03 1.484760428468975130e-02 9.596129654309997793e-04 2.171442457320352584e-02 2.107378664423257067e-02 1.438668742411282168e-02 1.589281386063097837e-02 9.355646148840032761e-03 5.825768782274426925e-03 -5.255605909886818666e-03 1.724317621070618062e-02 5.259221681823359612e-03 1.081577600108445635e-02 2.591553678333675600e-02 2.344376879461066571e-02
1.112538511858209289e-01 1.000000000000000000e+00 9.096883041701221695e-02 2.502900459455732751e-02 3.303905579921102842e-02 3.627249825171798003e-02 1.239348159526154208e-01 9.150246664020064702e-02 1.947228328968596545e-01 2.195439459918979985e-01 1.304059035348926199e-01 1.217477067769854177e-01 1.206809292104857878e-01 1.352695977156782581e-01 1.341371053141825753e-01 1.314670208659307338e-01 1.501871373859302861e-01 1.470794934251501429e-01 1.588190454046692901e-01 5.191592762114034115e-02 1.100588358797442712e-01 1.178193573676026978e-01 1.874629329539813094e-01 1.519986231540271238e-01 1.353632268308109510e-01 1.776366982137094763e-01 1.527404250721922374e-01 1.625802163637005970e-01 1.548237651450216912e-01 2.013977551443137393e-01 1.862368358833859927e-01 1.676860647046122255e-01 1.499645798739367153e-01 1.437588161611870197e-01 1.818182418844263570e-01 1.206387460097696623e-01 1.744912035086659818e-01 1.477219660991589967e-01 1.516552838854418328e-01 1.226285727787133351e-01 1.488727195833607075e-01 1.333475902122484569e-01 1.158861961308770283e-01 1.333461713387789627e-01 1.422722449404109357e-01 1.459062512215654472e-01 1.453326464291870013e-01 1.582990976190377930e-01 1.430632640743005335e-01 1.119037120880620323e-01 1.440819228424790877e-01 1.009353159194588817e-01 1.293013502126677816e-01 1.731064864958452854e-01 1.681211935362529331e-01 1.589915832390191297e-01 1.539439409172038420e-01 1.423918705543419927e-01 1.578189087394429035e-01 1.561041663554590120e-01 1.417977056412466075e-01 1.618814002505405136e-01 1.496144488307860621e-01 1.474749128600318926e-01 1.625646250670154946e-01 1.631787370629130818e-01 1.535113128306863917e-01 1.640714352280266131e-01 1.647301718171061136e-01 1.359237965863344944e-01 1.447703045799844379e-01 1.457876367171593024e-01 1.529463837336990373e-01 1.512262024916668501e-01 1.551864665618364336e-01 1.624345695716020721e-01 1.481565176996676170e-01 1.646872047003244965e-01 1.520254497383304038e-01 1.712553430007096311e-01 1.637818601862547352e-01 1.656618667420034496e-01 1.519922867933024557e-01 1.605926130110088557e-01 1.443014264351094311e-01 1.481087228561359659e-01 1.495122710549690037e-01 1.465538241142778086e-01 1.546048880471273812e-01 1.488171102151328029e-01 1.312305211796684912e-01 1.419142021580095392e-01 1.455570756921048536e-01 1.402440736708647218e-01 1.496110968062715207e-01 1.545905496066710683e-01 1.224586031251509582e-01 1.477203119480025861e-01 1.430739718531845450e-01 1.431443100613079278e-01 1.310792760716859018e-01 1.479915580990989743e-01 1.351430341050260109e-01 1.374223619004998065e-01 1.349685459026886691e-01 1.583330887264614573e-01 1.528481779525098505e-01 1.584704110545595290e-01 1.561364947771716749e-01 1.530499752984672834e-01 1.484744540943651048e-01 1.546315319386062093e-01 1.555277518434975415e-01 1.499025435040661214e-01 1.488389449160172073e-01 1.540030837299034283e-01
7.285825878781926335e-02 9.096883041701221695e-02 1.000000000000000000e+00 3.413634047138051075e-01 1.202525983671477450e-01 2.030037421563109235e-01 3.314034860846998831e-01 3.050843473410650430e-01 3.539224993702928534e-01 3.183609475844093040e-01 3.530760139934179254e-01 3.475393594630505345e-01 3.125429501515824549e-01 3.121265961969416081e-01 3.521869636242490054e-01 3.515283554777943187e-01 3.471133303451379715e-01 4.390702407764316417e-01 4.591093039642106799e-01 3.354067896915168823e-01 4.663248844824455785e-01 4.613499729776512348e-01 4.064026497451335707e-01 4.352485609012342604e-01 4.413461572804752153e-01 4.084863548191987603e-01 3.827835607319708400e-01 3.988599093219855618e-01 3.932736909841096917e-01 3.879369275075941204e-01 3.946344882352246231e-01 4.151395106477960284e-01 3.894003475839045159e-01 4.153310364052266168e-01 4.017694171884155230e-01 3.920707852711021180e-01 4.004027939648293066e-01 3.896306610945545756e-01 3.904034825714462476e-01 3.824269407146937971e-01 3.619313138927606199e-01 3.545716186461204122e-01 3.401596946961888968e-01 3.566374340614477112e-01 3.906063584161229563e-01 3.542392759835477634e-01 3.478339264559619504e-01 3.565146489458613788e-01 3.607275018109091236e-01 3.677702832719954018e-01 3.608825952119883995e-01 3.424239688174401941e-01 3.404255810920563952e-01 3.678119263482707013e-01 3.800407168138721925e-01 3.730063843972513116e-01 3.670440764959032598e-01 3.476409329214490418e-01 3.567891128255797351e-01 3.510412665225808304e-01 3.534524062604045280e-01 3.559940012601508497e-01 3.541305021674843179e-01 3.515880963037827378e-01 3.755663963965770180e-01 3.676483193791868498e-01 3.625245565744643628e-01 4.044972450855434110e-01 3.946438193448935650e-01 3.833044115564042120e-01 4.132283107927031685e-01 3.911120061015652682e-01 3.947832536840464313e-01 3.944495214031296659e-01 3.764285210154788008e-01 3.736088221630525230e-01 3.587621580727997639e-01 3.731990280644489899e-01 3.681451501163938156e-01 3.622365276529451728e-01 3.851253807716120692e-01 3.630787179444706636e-01 3.875383480273373871e-01 3.859596825854962332e-01 3.885938168014985150e-01 3.896558144561869663e-01 3.766970299876129524e-01 3.669730720476383490e-01 3.687924083159990207e-01 3.762080294429515637e-01 3.760752436094764173e-01 3.561064595348401030e-01 3.647438192860598116e-01 3.522424407949621417e-01 3.508132993602923744e-01 3.526824937096738055e-01 3.618619089211416728e-01 3.566623528544263233e-01 3.505471237466435963e-01 3.679157215679191850e-01 3.452114048821449677e-01 3.565820231048370537e-01 3.418514923429125663e-01 3.495358628226412079e-01 3.542582280196394096e-01 3.675176648639486010e-01 3.596759425593049619e-01 3.552889084908374406e-01 3.631795082217321169e-01 3.545432505931356282e-01 3.586983884340513851e-01 3.498678370905164980e-01 3.520301996441449477e-01 3.517692227493837143e-01 3.602307770366731665e-01 3.564819031514828707e-01
1.100248999124736442e-02 2.502900459455732751e-02 3.413634047138051075e-01 1.000000000000000000e+00 2.914115124655100586e-01 3.911462044922464631e-01 5.480360365310865678e-01 5.498247861426306393e-01 5.231329677628459018e-01 4.958564718352077572e-01 5.802912448588645189e-01 6.484309588344352449e-01 5.551326728790425546e-01 5.514303798560648007e-01 6.124157532653752289e-01 6.177383153174782482e-01 5.522679569648810682e-01 4.932404925262817152e-01 5.857189549153619668e-01 5.161765579068515741e-01 5.694911982727707267e-01 6.169459072980930658e-01 5.129888341427398801e-01 5.144147399550172972e-01 5.807477435433386903e-01 5.871743771074974250e-01 5.918698081255575616e-01 5.866631375740013477e-01 5.655997968988473179e-01 5.660540176416267721e-01 6.083601184355100777e-01 6.024065376879035316e-01 5.582274783038821964e-01 5.899769155945805421e-01 5.595169415515344191e-01 6.043573882258518326e-01 5.996337934322896190e-01 6.153564660548997978e-01 6.099966947063890643e-01 6.238418889699959280e-01 6.232821432386838056e-01 6.216153859646312840e-01 6.118776613039499379e-01 6.335142823341635143e-01 6.436708055029563003e-01 6.110829733587183066e-01 6.211950120885655346e-01 6.159748840342963438e-01 6.227076492837014809e-01 6.302643799032454641e-01 6.255064395502851760e-01 6.374588984705208405e-01 6.308259706126141397e-01 6.044633523414314480e-01 6.069295668036469582e-01 6.229632287943190905e-01 6.146086374651320572e-01 6.207678150379027926e-01 6.054632466346208108e-01 6.158428822529037339e-01 6.255626515408999611e-01 6.102932686280415631e-01 6.129477049510485553e-01 6.183148497472642502e-01 6.141937626549172080e-01 6.255897815987608857e-01 6.188327238895356963e-01 6.268193363087007919e-01 6.176339601751104080e-01 6.340840962191760521e-01 6.525243250293242259e-01 6.430735308908064329e-01 6.117426143729217669e-01 6.293575516504300582e-01 6.281052734382625014e-01 6.237098892271837336e-01 6.148458246256275350e-01 6.081858827362995878e-01 6.180909367996083592e-01 6.074554566299499303e-01 6.232776049433673693e-01 6.164728655813165314e-01 6.374366524927371769e-01 6.139198585852063683e-01 6.417823204455475050e-01 6.322273101188097266e-01 6.292890959511139304e-01 6.324523692576200506e-01 6.238544922744785337e-01 6.418694785483771703e-01 6.388303488552089515e-01 6.300673462977779415e-01 6.339720507150244933e-01 6.260248521646654130e-01 6.205713003644672821e-01 6.199471778029274072e-01 6.453553599354144854e-01 6.297988595839758563e-01 6.281753202677679004e-01 6.329236076623163676e-01 6.272779255223479566e-01 6.278685426758326971e-01 6.262691796526278498e-01 6.294270283663033760e-01 6.395280504965469293e-01 6.271844473901601047e-01 6.269956069003514987e-01 6.172895116830576789e-01 6.215315213213108425e-01 6.226835854528641745e-01 6.260995276703349433e-01 6.183684301802285788e-01 6.197849295938869796e-01 6.247042976219620014e-01 6.223396319608267557e-01 6.241929396756713544e-01
3.276626861060692730e-02 3.303905579921102842e-02 1.202525983671477450e-01 2.914115124655100586e-01 1.000000000000000000e+00 2.935740268106285522e-01 4.077745900721573835e-01 4.182564859100189048e-01 4.123300786662655870e-01 3.885256591827103145e-01 4.357137639324218381e-01 4.578306742677523133e-01 4.638517743382064573e-01 4.287304569704217250e-01 4.814924808363914566e-01 4.728994876054407603e-01 4.092000750116156493e-01 2.494391986522695170e-01 3.301928536924834123e-01 2.503434686684171684e-01 2.254103237729724318e-01 3.211131215125981875e-01 3.581588284969990932e-01 2.913486501128305095e-01 3.393329271854648166e-01 4.261085446090878137e-01 4.414194269507391577e-01 4.559091583557812744e-01 4.240743294889261494e-01 4.355309827307103920e-01 4.563433464942143747e-01 4.139984320190731037e-01 4.190253213750995132e-01 4.022123796934653495e-01 4.161586187110737911e-01 4.180561914456216166e-01 4.415779181716280033e-01 4.505048756074985783e-01 4.669164425825533260e-01 4.647094241895945999e-01 4.848627594814935993e-01 4.934683397432419460e-01 4.856889506116602861e-01 4.919228232918362864e-01 4.701829901524452460e-01 4.881759329631062405e-01 4.903297201524607352e-01 4.808328522054036158e-01 4.700828275492541231e-01 4.279916354860402450e-01 4.712787067314149203e-01 4.508395623746210279e-01 4.819203968287005257e-01 4.668899912993169643e-01 4.399401417402021286e-01 4.715552815219609673e-01 4.392056242252475040e-01 4.813317163201620286e-01 4.666352698497852614e-01 4.871076764381730428e-01 4.825477193767109263e-01 4.658634626798305867e-01 4.552378703425395412e-01 4.698576839543462946e-01 4.580859476042027367e-01 4.670859990846142340e-01 4.820210545516155909e-01 4.595961389791199947e-01 4.612314955466123578e-01 4.487176862752790263e-01 4.494505028498601562e-01 4.698794299681368636e-01 4.538106649332570020e-01 4.654028400726024639e-01 4.810794751460317764e-01 4.825356459671672482e-01 4.921025806585318518e-01 4.768548982797429781e-01 4.882504047030630789e-01 4.811246855897999830e-01 4.767308215711460462e-01 4.880778859551466731e-01 4.732911695478714265e-01 4.709988139054889777e-01 4.671412986105650256e-01 4.716537302862979231e-01 4.860668102366951793e-01 4.866568333482519382e-01 4.881585359103589039e-01 4.824770238409110124e-01 4.878622845016638565e-01 4.981368987567397211e-01 4.908109644338641830e-01 4.996422259010008804e-01 4.914107494057903813e-01 4.911199451259388726e-01 4.708066080492678274e-01 4.582351221065262270e-01 4.870932044324192134e-01 4.824211707786417724e-01 4.950790739668770590e-01 4.767016109559382153e-01 4.927835957275265577e-01 4.951366595041657992e-01 4.869927836768137008e-01 4.632630319910586159e-01 4.786388398903484442e-01 4.868008086080808927e-01 4.860755679746234792e-01 4.882810716107358062e-01 4.860590770062999111e-01 4.892716828841331411e-01 4.846885085250727254e-01 4.827257541190850265e-01 4.811469927775052779e-01 4.807431117358700878e-01
3.700080595997892003e-04 3.627249825171798003e-02 2.030037421563109235e-01 3.911462044922464631e-01 2.935740268106285522e-01 1.000000000000000000e+00 5.251680086250554158e-01 4.898667190626423418e-01 5.146965435296340097e-01 4.587583672580926031e-01 5.289143258197140929e-01 5.715123586567290026e-01 5.417115303683931460e-01 5.162540282785231804e-01 5.769834239287113808e-01 5.587615336541985611e-01 5.120177832862397027e-01 3.807028547734106483e-01 4.535543632347581733e-01 3.983299269951910970e-01 3.978400657951725039e-01 4.696322415368827663e-01 4.646957123936613088e-01 4.134764501456840713e-01 4.602713967181846222e-01 5.409420521324476150e-01 5.508443644646801030e-01 5.595639019804372616e-01 5.467144437271493906e-01 5.197313095565903041e-01 5.573212350540959203e-01 5.374566378516908438e-01 5.079519294692665943e-01 5.151830238953872820e-01 5.160897346646019512e-01 5.276761731123438270e-01 5.379780171078482054e-01 5.635974256537900073e-01 5.695774509213866743e-01 5.745548968599101247e-01 5.859794582862380974e-01 5.835221122552483042e-01 5.893535471342592480e-01 5.968003624891901060e-01 5.779338575253942789e-01 5.903513460958964565e-01 5.875413699821727675e-01 5.854369098302574237e-01 5.855066373398283286e-01 5.572864918238239484e-01 5.778819024993269160e-01 5.727202699452486057e-01 5.841769718528256883e-01 5.767513423368687553e-01 5.654312576357076736e-01 5.816446451350831826e-01 5.610671998549953132e-01 5.855500908706562369e-01 5.747033345369362278e-01 5.916086507250278848e-01 5.876999352271936594e-01 5.777943409731831625e-01 5.733431755367692784e-01 5.798274020528715322e-01 5.732670858710245954e-01 5.800095648078996691e-01 5.885636183112382680e-01 5.733648516247084048e-01 5.682308591386353580e-01 5.757231615619289311e-01 5.743264988500947910e-01 5.856285430613396015e-01 5.606336646940930368e-01 5.720022554028778572e-01 5.879682590466621672e-01 5.818262799031455046e-01 5.925786746757626400e-01 5.850446376133116022e-01 5.908869999079675583e-01 5.806146699324361560e-01 5.808672725144808924e-01 5.855939049459319978e-01 5.861169810673043656e-01 5.730382044616332271e-01 5.826538832935443946e-01 5.788451288799851824e-01 5.878046164911219229e-01 5.912049960245973068e-01 5.917774384405373178e-01 5.933418143158163405e-01 5.948771420767997586e-01 5.978905672887232514e-01 5.938100387549127834e-01 5.993467925839177646e-01 5.929041767759061221e-01 5.920637894791147549e-01 5.888822451699005089e-01 5.778790334422809760e-01 5.935666285778392615e-01 5.895147569429745049e-01 6.010528424574909101e-01 5.875993461420352393e-01 5.950623507919028388e-01 5.957934527572537053e-01 5.965727693160829403e-01 5.793914110319607902e-01 5.875969556090997470e-01 5.911215674502479089e-01 5.920200415027624397e-01 5.925884417844483609e-01 5.899588577553344093e-01 5.909904962840225595e-01 5.889853455143158056e-01 5.899931530516364653e-01 5.886079656254253889e-01 5.873006484275810068e-01
4.231115083823951822e-02 1.239348159526154208e-01 3.314034860846998831e-01 5.480360365310865678e-01 4.077745900721573835e-01 5.251680086250554158e-01 1.000000000000000000e+00 7.146764394870100956e-01 6.965046705708705099e-01 6.767654414972578136e-01 7.344252553694414765e-01 7.759087265660614685e-01 7.327566628178880936e-01 7.074969661975341051e-01 8.330250855096894558e-01 7.971693373058201804e-01 7.227259812014233953e-01 6.315390278735886209e-01 7.200890679271354511e-01 6.100599816743819126e-01 6.376973731132629108e-01 7.166187524888736338e-01 7.050630357797430525e-01 6.622038218193714298e-01 7.144163900007184376e-01 7.850121683336297451e-01 7.757298264804368682e-01 7.891793759674454733e-01 7.772398286408613854e-01 7.477276994696974155e-01 7.884846766442944466e-01 7.882176184381154416e-01 7.320391164043688059e-01 7.617148223416809749e-01 7.275697280528568012e-01 7.619321198981938714e-01 7.723052680134154802e-01 8.078483410689705213e-01 8.083811830839970902e-01 8.089133043311987903e-01 8.115909989979827044e-01 8.132620741170637491e-01 8.125323573749581030e-01 8.171733064837202187e-01 8.172037514039991457e-01 8.191748172607813405e-01 8.035245545257803101e-01 8.042900100674839070e-01 8.082737337435225156e-01 7.817142069134155324e-01 8.076412473490225397e-01 7.767005279062560996e-01 7.910740824502249247e-01 7.960711258066730522e-01 7.860732936619763134e-01 8.158148303076014907e-01 7.799702372278838336e-01 7.998685730004074790e-01 7.971481358302090481e-01 8.005507631304682459e-01 8.058320673629989495e-01 7.925865630815809304e-01 7.929266534043289960e-01 7.962000126861299432e-01 7.910546395037770795e-01 7.925127292812289559e-01 8.122244034798505874e-01 8.183249239990940671e-01 8.126419004039677763e-01 8.102367656490608860e-01 8.154657872670963981e-01 8.180881005400281181e-01 8.103640657844631834e-01 8.074035685863985012e-01 8.197642981433733711e-01 8.141941134017033344e-01 8.185626403083324787e-01 8.104899067647535205e-01 8.217332195819740948e-01 7.970532334626561077e-01 8.060680157975288473e-01 8.062859277262508506e-01 8.230198351360230591e-01 8.034907577269954082e-01 8.184148088544903610e-01 8.162535487284215963e-01 8.134866183659452687e-01 8.230457065001067773e-01 8.168281343471148759e-01 8.259836777932219043e-01 8.297712304420906682e-01 8.222814869135565141e-01 8.202443232491969383e-01 8.244318383896941382e-01 8.100780106473632891e-01 8.098053977724650743e-01 8.103265067542586575e-01 7.878806870301550136e-01 8.115307543095403586e-01 8.195275784088448257e-01 8.181760087745941767e-01 8.082712860451185533e-01 8.058157715150415790e-01 8.128547647973091150e-01 8.105553250299663004e-01 7.980351778917745831e-01 8.079961616804817170e-01 8.074452802277221064e-01 8.125968019802168874e-01 8.100917593376444348e-01 8.128124719740553727e-01 8.039739520191888644e-01 8.044424390579634210e-01 8.053959354713096097e-01 8.062829688951521634e-01 7.986195262618317470e-01
8.847724244669143839e-03 9.150246664020064702e-02 3.050843473410650430e-01 5.498247861426306393e-01 4.182564859100189048e-01 4.898667190626423418e-01 7.146764394870100956e-01 1.000000000000000000e+00 6.797072656017953962e-01 6.395371579917866756e-01 7.129601179452838000e-01 7.675806472445561024e-01 7.275391855155965981e-01 6.959043930974676551e-01 7.859758466710130564e-01 7.820481020812130035e-01 6.985962390873998729e-01 5.833130660389599376e-01 6.704055591429421979e-01 5.904328922961641357e-01 5.928609015842599694e-01 6.743802656025293940e-01 6.464504690923462693e-01 6.188153128958134852e-01 6.604678401311594449e-01 7.415016532087990164e-01 7.443391280192444004e-01 7.485890108808397336e-01 7.376803298603159531e-01 7.194341342165748721e-01 7.546277041728385315e-01 7.595699643256184075e-01 7.060747667375031345e-01 7.349065234032172711e-01 7.155031731458573185e-01 7.300016199765890779e-01 7.398163468453815561e-01 7.880010412648226215e-01 7.858661409135526688e-01 7.778797883512507116e-01 7.848209876289296005e-01 7.911298774315583815e-01 7.905820137079768717e-01 7.962118565028445394e-01 7.892734568779853355e-01 7.954487193559672820e-01 7.847421236882291540e-01 7.817799684683668371e-01 7.845313017775742415e-01 7.666990433123337390e-01 7.866544332770865067e-01 7.558249732485329275e-01 7.732196695252340213e-01 7.719389318015827950e-01 7.666200718538116465e-01 7.878661267373416877e-01 7.602479236666955797e-01 7.866265434531444223e-01 7.783580165594815581e-01 7.762508106110013184e-01 7.870953573812351500e-01 7.758246252735092607e-01 7.760606734290873554e-01 7.767039297755110594e-01 7.641518018652020405e-01 7.673002271604393298e-01 7.853074485510928016e-01 7.878470376909649797e-01 7.843000028081144048e-01 7.843882298272052411e-01 7.866548445416207125e-01 7.907188691859885488e-01 7.806230076731940359e-01 7.807989171526912298e-01 7.895482898819438100e-01 7.863200725362611276e-01 7.871079745169011765e-01 7.831269807793942439e-01 7.907142226227625859e-01 7.753867203249138473e-01 7.832765856777640368e-01 7.825709516170216151e-01 7.931802202632443066e-01 7.801661458691316886e-01 7.957084245433907466e-01 7.916230208891568143e-01 7.886846956474603543e-01 7.998298806582542220e-01 7.929112978900714204e-01 7.986677998410625090e-01 7.999489347299277853e-01 7.987483661634054988e-01 7.955456602924609877e-01 7.999482801022201883e-01 7.908924239051140503e-01 7.889539265570569837e-01 7.922576668645936460e-01 7.675117435696015011e-01 7.897060088948849588e-01 7.949553853886029975e-01 7.958787939667213429e-01 7.892714533633349294e-01 7.851458502787469484e-01 7.957401043549525710e-01 7.894424716787312724e-01 7.759918534067923312e-01 7.854570848914269598e-01 7.869141588455206282e-01 7.937299573440301792e-01 7.918312547421807457e-01 7.958280821072651889e-01 7.839669077253461626e-01 7.858881245240222357e-01 7.829043487553539737e-01 7.824935606112244368e-01 7.768451417829060901e-01
1.447901720712282680e-01 1.947228328968596545e-01 3.539224993702928534e-01 5.231329677628459018e-01 4.123300786662655870e-01 5.146965435296340097e-01 6.965046705708705099e-01 6.797072656017953962e-01 1.000000000000000000e+00 7.270883678226798263e-01 7.844406879174646852e-01 8.069985958090870604e-01 7.740488829891966072e-01 7.436729055277477851e-01 8.234611766853582315e-01 8.125811283811967822e-01 8.037201961682184370e-01 6.697594600019186606e-01 7.504811294652982134e-01 5.717209119828451369e-01 6.429148699809971168e-01 7.319628624962358776e-01 7.532922882543228171e-01 6.985597611789217121e-01 7.487877190745559908e-01 8.378099785263707355e-01 8.240813484636705377e-01 8.308837143621006227e-01 8.086979048689403315e-01 8.508659545018075754e-01 8.630812236186343744e-01 8.381778910527907245e-01 7.870747511172007105e-01 8.020314806964670140e-01 8.221776746328812724e-01 7.846349613248772004e-01 8.422155969839585365e-01 8.329919863361712196e-01 8.458802335088508872e-01 7.962541938680252063e-01 8.498435003571966906e-01 8.368509397952421658e-01 8.198391788527088497e-01 8.480980776883019212e-01 8.500343489558799259e-01 8.375297243651547152e-01 8.568606743858827590e-01 8.694486757009145528e-01 8.606738682726317036e-01 8.218164722054890348e-01 8.550611201104881820e-01 8.195134184346976047e-01 8.464756871323918519e-01 8.668131954675782902e-01 8.482347279075557189e-01 8.539565690925514652e-01 8.502424932388866763e-01 8.464722398461067554e-01 8.516270455542933604e-01 8.659265813918042287e-01 8.600989692486997740e-01 8.587873645181959281e-01 8.448511977594180822e-01 8.603883061980943658e-01 8.716072633998261932e-01 8.675916751879640954e-01 8.673680288794973769e-01 8.658859992474228218e-01 8.622686212760214408e-01 8.489613234199208103e-01 8.535188213163857895e-01 8.616847993258125449e-01 8.497362925156769498e-01 8.610126374311963815e-01 8.610548914449535074e-01 8.657332421010213164e-01 8.564146440543000116e-01 8.601932392851531217e-01 8.602174079031881249e-01 8.762862700682410022e-01 8.731821385309216366e-01 8.703664004232697371e-01 8.614791411236089047e-01 8.635536120850562103e-01 8.544176689021618643e-01 8.605911820971603454e-01 8.634869631734432005e-01 8.573541252424135006e-01 8.642994860662825962e-01 8.540477976721417841e-01 8.465308603996100079e-01 8.545321322773936634e-01 8.612034239516591638e-01 8.543201390600991818e-01 8.617849515289929263e-01 8.645887082145822244e-01 8.346843707712767735e-01 8.543010006369211595e-01 8.568882552225627336e-01 8.579045191616655464e-01 8.499746618524595121e-01 8.572787007888723609e-01 8.582632660968773086e-01 8.559743978981961821e-01 8.613247264464735098e-01 8.602230946307177772e-01 8.642160077064581225e-01 8.643859451532659444e-01 8.610375172768839347e-01 8.610413016519965490e-01 8.519217460200507741e-01 8.650388235593087227e-01 8.604026628531317167e-01 8.626363990465678588e-01 8.679317423958174960e-01 8.655544782405258930e-01
6.285135855655508974e-02 2.195439459918979985e-01 3.183609475844093040e-01 4.958564718352077572e-01 3.885256591827103145e-01 4.587583672580926031e-01 6.767654414972578136e-01 6.395371579917866756e-01 7.270883678226798263e-01 1.000000000000000000e+00 7.293743078183566597e-01 7.573188895560185596e-01 7.120498005035508227e-01 6.952554603879516071e-01 7.763073143968840517e-01 7.556303772520771567e-01 7.300938211165133307e-01 5.537120515729152537e-01 6.578410056360166625e-01 4.677326126508798421e-01 5.563383562273146454e-01 6.525229488065542593e-01 6.734080679751837106e-01 5.956318469070669419e-01 6.474566634301165413e-01 7.756212155790633833e-01 7.590845964613400776e-01 7.633940855056591257e-01 7.465719469269400665e-01 7.623216068920691812e-01 7.894472097512247322e-01 7.697572646698715992e-01 7.178959128721263960e-01 7.225021837337874953e-01 7.375989664134864343e-01 7.045259782786603697e-01 7.603398939624318453e-01 7.812572296412416684e-01 7.851903361056221664e-01 7.446056777316771846e-01 7.913213707883769432e-01 7.822149371659823380e-01 7.529370325511705042e-01 7.874999658766171917e-01 7.785259920610353435e-01 7.865622126189855123e-01 8.002056429660705517e-01 8.056080887239890354e-01 7.905418360739688843e-01 7.391387443742891694e-01 7.875472937102431237e-01 7.270639504780186391e-01 7.741265156339944831e-01 8.074040227941582382e-01 7.896566890574037156e-01 8.004243572394863504e-01 7.782411622570991616e-01 7.916810594797050182e-01 7.989110589862384870e-01 8.030919534513440983e-01 7.935059664312379413e-01 8.007424258167645803e-01 7.851216291033524808e-01 7.920208838540899743e-01 7.976650926496164917e-01 7.940034611930405495e-01 8.060749393635039395e-01 7.945482945798180152e-01 7.903621169674980296e-01 7.656791138681956488e-01 7.829395155599285783e-01 7.895696357888193351e-01 7.721231657724023645e-01 7.794567182987546250e-01 8.002076409403666712e-01 8.037551436222456491e-01 7.941261128327071761e-01 8.003414450041533845e-01 7.944917694134793207e-01 8.051112643645172984e-01 8.003465065980402970e-01 8.082703702334149698e-01 7.936686991900542276e-01 7.974055109451577694e-01 7.851098306998989251e-01 7.890533041618391641e-01 7.951156090808113586e-01 7.978590009805546224e-01 8.003770091135931075e-01 7.930674746372513573e-01 7.845247799176978676e-01 7.965708119867586090e-01 7.952054280921756479e-01 7.955458349615244229e-01 8.024974914870324216e-01 8.049865043361632555e-01 7.607923450203427640e-01 7.775392800145100036e-01 7.908586157785955084e-01 7.962715364996620915e-01 7.847598108965340158e-01 7.933680869027793792e-01 7.878645928236625018e-01 7.937138758862433141e-01 7.870644802383587324e-01 7.914254635293338502e-01 7.972085012630747425e-01 8.062466205200159441e-01 8.039705960814039765e-01 8.016903793185300442e-01 7.974474904033544975e-01 8.027102609748464346e-01 8.004891012273120943e-01 7.977909107359616447e-01 8.014157027698362024e-01 7.988831440254300365e-01
1.242234727034531409e-02 1.304059035348926199e-01 3.530760139934179254e-01 5.802912448588645189e-01 4.357137639324218381e-01 5.289143258197140929e-01 7.344252553694414765e-01 7.129601179452838000e-01 7.844406879174646852e-01 7.293743078183566597e-01 1.000000000000000000e+00 8.608723315794549746e-01 8.045955963181840032e-01 7.787184326903370257e-01 8.610976453453597079e-01 8.486450389696641450e-01 7.936881549436988204e-01 6.407802391914828588e-01 7.447454076700747994e-01 5.792079772598381915e-01 6.440683476391125817e-01 7.352600358510348322e-01 7.277345437543412121e-01 6.729726259902157892e-01 7.288359341740008324e-01 8.435929688306630370e-01 8.475231959301209317e-01 8.345161729251007188e-01 8.171363456242020096e-01 8.298509671711288282e-01 8.679662551002156334e-01 8.404586172946053590e-01 8.007665094715353815e-01 8.011544636229025462e-01 8.188530759106548151e-01 7.901048571434872159e-01 8.381670131728571338e-01 8.650384654064100509e-01 8.706247473312856977e-01 8.341549075615151132e-01 8.888129915306887119e-01 8.740465782216463309e-01 8.567547644976364341e-01 8.867723770193076671e-01 8.735568853139736856e-01 8.745516652711807781e-01 8.902029168473177823e-01 8.954185289841810613e-01 8.880558887897754827e-01 8.389109095501621205e-01 8.829390974654605095e-01 8.316661534295455294e-01 8.725239930959786117e-01 8.890223105834577089e-01 8.726205855198436723e-01 8.776407930533529633e-01 8.668606397153785226e-01 8.897156079025621001e-01 8.875813929746563247e-01 8.923914017936984688e-01 8.934700011331869751e-01 8.898651161053142689e-01 8.817436330123801236e-01 8.824125893363424789e-01 8.758633240073563364e-01 8.811491453988453681e-01 8.944581000567340956e-01 8.903028447363494635e-01 8.820027904380420836e-01 8.694725975013987140e-01 8.810322101194566491e-01 8.879751008052111372e-01 8.699187321148207364e-01 8.750521434818248068e-01 8.940581535604710250e-01 8.993534512450014340e-01 8.877345372608907992e-01 8.854406502381311217e-01 8.854705714676229800e-01 8.901784834344153019e-01 8.898628410020114066e-01 8.964953436620188842e-01 8.851410009477044261e-01 8.893591663278506143e-01 8.884007392260245828e-01 8.859682956298068346e-01 8.883300773535771633e-01 8.961894067220816940e-01 8.971854098817678702e-01 8.850270821268075849e-01 8.885589065131621611e-01 8.966249140618028912e-01 8.942634400459030797e-01 8.923569472101277045e-01 8.979649708023452748e-01 8.989598132385963059e-01 8.771193021178610438e-01 8.764817948083629684e-01 8.967388624028785893e-01 8.962663843608137393e-01 8.914025639777918286e-01 8.962193780598284309e-01 8.922520837121724613e-01 8.964929103531121823e-01 8.900023991433868575e-01 8.876942676668312382e-01 8.969431275132508929e-01 8.971468422128470177e-01 8.960902602980380660e-01 8.972186351108077940e-01 8.960644773143419117e-01 8.972046483851416898e-01 8.978457295321871090e-01 8.951313059682902695e-01 8.927623686631241950e-01 8.939787673650648747e-01
-9.358699656552206536e-03 1.217477067769854177e-01 3.475393594630505345e-01 6.484309588344352449e-01 4.578306742677523133e-01 5.715123586567290026e-01 7.759087265660614685e-01 7.675806472445561024e-01 8.069985958090870604e-01 7.573188895560185596e-01 8.608723315794549746e-01 1.000000000000000000e+00 8.416297665384774307e-01 8.145178437465222521e-01 9.159714816706048257e-01 9.018386503438309276e-01 8.282468059210237321e-01 6.347034815064428459e-01 7.549484145524159029e-01 6.111645902342053294e-01 6.653959873815443737e-01 7.620718238483217277e-01 7.413437550950972010e-01 6.734143519755911855e-01 7.433205838627787720e-01 8.742553940215554986e-01 8.812575644089651883e-01 8.699619380948968583e-01 8.453329150352336674e-01 8.463291096583395179e-01 8.905396339200627454e-01 8.812692055400001001e-01 8.254052945237593253e-01 8.391941105019059544e-01 8.410049011024037791e-01 8.373735993453794713e-01 8.702768977339340184e-01 9.163579833633123117e-01 9.129132125703310896e-01 8.907465575983684047e-01 9.313940363855864879e-01 9.238633198802290725e-01 9.127449935454011731e-01 9.393340600970084830e-01 9.197280702095022020e-01 9.178739182231612226e-01 9.413182161238491386e-01 9.420053918290863804e-01 9.388036524809233452e-01 8.968600539331776922e-01 9.344023636744174244e-01 8.964594106138996654e-01 9.279574083021081554e-01 9.318010897767242673e-01 9.186611693519156630e-01 9.289640799942920912e-01 9.203003031972589731e-01 9.379777848834628395e-01 9.365612729631798139e-01 9.394064567810463950e-01 9.442044937162741292e-01 9.393423584690618888e-01 9.331521262676776285e-01 9.352639171126619910e-01 9.204907181487531620e-01 9.312259614430438148e-01 9.400311325666096396e-01 9.233556575389645360e-01 9.170162463701847511e-01 9.129246257606493664e-01 9.247292569941896190e-01 9.310376352314021497e-01 9.015721953485120732e-01 9.115713679811888737e-01 9.366690670578969868e-01 9.372203429931916796e-01 9.308456059751976097e-01 9.248515015429961128e-01 9.285486944691530020e-01 9.299660156170512781e-01 9.294148835480184889e-01 9.357525124368727409e-01 9.329999848570367238e-01 9.279493533707157127e-01 9.351490719855937161e-01 9.297002974288594013e-01 9.343134122271615771e-01 9.440119378807880768e-01 9.403845330111542111e-01 9.347847058970353284e-01 9.343309484332614767e-01 9.439042324186489585e-01 9.424380605088152896e-01 9.413630659197633754e-01 9.459435410174578118e-01 9.447847941004949845e-01 9.314457326216454280e-01 9.305252249349187377e-01 9.456367470842926837e-01 9.445490308505437582e-01 9.415336949371575503e-01 9.458311303438090567e-01 9.425133217350181170e-01 9.464146351843394367e-01 9.434437870526466430e-01 9.368573811922880079e-01 9.446973452094096224e-01 9.418735037935431764e-01 9.417790953047999736e-01 9.450197605415682212e-01 9.433601961495752253e-01 9.442097999479637238e-01 9.456448995897245302e-01 9.455893101583190408e-01 9.399022668781146228e-01 9.420525273641201514e-01
1.378275160380634107e-02 1.206809292104857878e-01 3.125429501515824549e-01 5.551326728790425546e-01 4.638517743382064573e-01 5.417115303683931460e-01 7.327566628178880936e-01 7.275391855155965981e-01 7.740488829891966072e-01 7.120498005035508227e-01 8.045955963181840032e-01 8.416297665384774307e-01 1.000000000000000000e+00 7.700773855690616898e-01 8.617468154636788169e-01 8.485071802706677380e-01 7.843535955695198902e-01 6.091256826040690742e-01 7.150199399630792207e-01 5.470972954689071743e-01 5.904731896128186941e-01 7.047393158525662171e-01 7.195828065489305869e-01 6.460976538065650310e-01 7.112663953980421505e-01 8.265614015327005237e-01 8.392377772695470695e-01 8.293235634986387828e-01 8.075067624859143534e-01 8.171808186583984224e-01 8.553915802120565237e-01 8.150178814543614925e-01 7.748080120252363034e-01 7.740981900108159230e-01 7.960838843665941633e-01 7.784108754542977682e-01 8.243721074027837714e-01 8.451038160674196886e-01 8.568450344614627623e-01 8.231179605893216289e-01 8.793985435711372256e-01 8.710582242265055841e-01 8.604287906041229173e-01 8.829882728643310141e-01 8.631781747785661763e-01 8.731961167965465176e-01 8.838451835070988416e-01 8.831450176679140895e-01 8.734684431149559725e-01 8.171874367477077739e-01 8.695063632871550263e-01 8.247154270218086669e-01 8.657207040321941438e-01 8.743271021083452998e-01 8.526021458939786468e-01 8.702874100752074904e-01 8.446447799308359761e-01 8.794355379342584378e-01 8.688517876985171196e-01 8.877357196681040508e-01 8.843804122531683243e-01 8.741269991154656527e-01 8.647888524800011467e-01 8.714222442027871329e-01 8.667931346069795984e-01 8.701119071667570148e-01 8.858076336704282516e-01 8.733636026838134114e-01 8.663909081784924027e-01 8.510384857396623426e-01 8.635749758114894536e-01 8.761687128955725212e-01 8.535561926449235504e-01 8.657558519363706129e-01 8.841175921316476449e-01 8.865325188014356872e-01 8.840543050942430980e-01 8.768394098267190406e-01 8.813514470908430098e-01 8.841604836836745029e-01 8.814410131499693657e-01 8.896374835867690845e-01 8.746372071846181262e-01 8.740699337454723716e-01 8.717618338316674986e-01 8.701862636271122664e-01 8.790960890256142024e-01 8.847566089406556644e-01 8.863294856301994207e-01 8.772103542966278589e-01 8.783125185617856046e-01 8.905017516490317808e-01 8.874365871677627471e-01 8.896513519039717099e-01 8.904750471874104401e-01 8.905771524228252023e-01 8.660241803573319741e-01 8.637313119078703361e-01 8.870783266416731871e-01 8.843466511175057665e-01 8.870708345364147762e-01 8.832029905631224587e-01 8.847207916481432122e-01 8.908062026249855547e-01 8.830245480930088986e-01 8.724136748040397515e-01 8.843209186526959087e-01 8.891143602476290209e-01 8.866218476147796901e-01 8.883862586635185021e-01 8.864369349289223932e-01 8.900093406198956725e-01 8.868345788036288146e-01 8.869644650834692667e-01 8.842137520887397573e-01 8.842620391535815916e-01
