1.000000000000000000e+00 3.271075043628032808e-01 8.710783434023156024e-02 -2.063268969938494291e-01 9.492638858330062698e-03 2.801342943732822860e-02 3.810520398765887898e-03 2.230875918975065708e-02 2.739919907093531504e-01 1.110536838495915085e-01 1.647610992185779069e-02 -5.830009088629748565e-02 3.544613520749823748e-02 3.467123607212994896e-02 -1.113947953257462924e-02 2.273578873686190813e-02 1.702241108834449124e-01 2.922169820422755304e-01 2.010216327754293375e-01 2.452729577623753154e-01 1.276733856228166597e-01 1.488309371309181894e-01 2.808314723998960871e-01 2.050238951217352723e-01 1.313160160386986353e-01 1.935251977064464113e-01 2.091375182194272764e-01 2.017979503573252287e-01 2.450053870709208714e-01 1.799648058883050183e-01 1.476535194161913700e-01 1.875181405979909899e-01 1.868941408855220032e-01 1.483082547497037162e-01 1.456197543317770959e-01 1.176819142191813244e-01 1.371930882666201890e-01 1.439518372199064533e-01 8.875972432382897570e-02 7.692525867033381259e-02 8.562851749569090620e-02 7.526544988949897264e-02 3.317479849856154461e-02 6.492965621497734374e-02 1.294003501483994567e-01 6.675446034068803491e-02 3.260679367176116256e-02 5.407314428071073598e-02 8.089343414008628996e-02 2.951415156786027505e-02 8.930996870629487328e-02 -2.428033609077440147e-02 4.134971249345104766e-02 1.058018420555945777e-01 1.154992237901210361e-01 1.071067634974171151e-01 9.767099684150894190e-02 5.718136636684582191e-02 7.588774440773606023e-02 7.722396258073914443e-02 3.763035542359305374e-02 7.811781307192064427e-02 7.432316481642474437e-02 7.728274867396668635e-02 7.985026135140688153e-02 8.401698103932465911e-02 6.048419957529835300e-02 8.876461753905873220e-02 1.129377854735347381e-01 8.129500630072895861e-02 3.133458123521649236e-02 6.300694148448991727e-02 9.395057624787127304e-02 4.356898409089976498e-02 7.583844297698838499e-02 6.255264492837638024e-02 6.666302657201475523e-02 1.102208306163687396e-01 7.855765082222018747e-02 7.278167973940442848e-02 7.747185821101298941e-02 5.735557441913394228e-02 9.394971268705926137e-02 7.901707566407169259e-02 6.349109120208305812e-02 5.775437752328266283e-02 6.709121945683400867e-02 6.088109660835206577e-02 4.497763140563941497e-02 7.530971147934797938e-02 5.623506437281967918e-02 3.110026202146885452e-02 4.002793492828861377e-02 4.450896748513184786e-02 1.865893750016872285e-02 1.794733289630725051e-02 2.730080946818978869e-04 1.124055493583997999e-02 1.547090727934033461e-02 3.573912070434242388e-02 4.213725021108016030e-04 3.758497673998295596e-02 1.752109554689366966e-02 2.461606107842676666e-02 2.729575136371759081e-02 4.674155784693946603e-02 3.889878586455503690e-02 3.526757002073019343e-02 4.140763934270225155e-02 2.608872821481927201e-02 2.899761972559411830e-02 4.112599496289081474e-02 3.589785998489106178e-02 4.244749239015661868e-02 6.060083353982331084e-02 4.486178890400604330e-02
3.271075043628032808e-01 1.000000000000000000e+00 1.662096253748315267e-01 -1.257866761060201788e-01 8.376648072405053214e-02 6.072984244866277276e-02 5.558257440686360101e-02 7.933309227883900139e-02 2.807066961850785969e-01 2.119753338817977339e-01 1.239496347489963818e-01 5.097950826913536654e-02 1.385098005143425570e-01 1.237218385272207538e-01 9.023645328675759802e-02 1.261014603669109169e-01 2.293644004741778597e-01 2.712415315334432697e-01 2.252869636894924699e-01 1.814764699444105234e-01 7.890974782840952384e-02 1.465539180912051043e-01 3.197291892039718642e-01 2.118496282112416473e-01 1.416499078967725644e-01 2.627796181644534990e-01 2.393358732795345112e-01 2.326779163911352477e-01 2.964422755533922538e-01 2.519238375428002330e-01 2.289137810349808067e-01 2.518807133200313686e-01 2.144019543324421628e-01 2.151004863770015763e-01 2.208494166023170224e-01 1.962528543172172846e-01 2.049530378324938562e-01 2.126289210758805781e-01 1.758573176852888942e-01 1.577659776364184196e-01 1.899632692971097714e-01 1.558823155788727488e-01 1.156987362385569068e-01 1.626693895122967859e-01 2.019501240318850310e-01 1.523937007587193027e-01 1.529539638138927293e-01 1.708540642932971920e-01 1.886222051529969357e-01 1.270792198916264326e-01 1.945999680517461472e-01 4.310205593155306408e-02 1.435887878897754433e-01 2.164237848696522748e-01 2.227366803683220597e-01 2.136781495882633386e-01 2.041604251836320605e-01 1.764538495112356609e-01 2.033364739591214387e-01 1.842883480499806770e-01 1.541872129978840433e-01 1.932807748547778759e-01 1.966134147236306973e-01 1.863168435290883940e-01 1.752151699961233544e-01 1.878165164532078768e-01 1.724144651805415152e-01 1.811501640853963868e-01 2.195899783312947329e-01 1.512232701372944466e-01 1.157281513359459807e-01 1.710555674058812647e-01 1.775100989527544082e-01 1.357688463727164396e-01 1.825147572222156900e-01 1.690082819062474206e-01 1.719473373745189770e-01 2.128501938572042451e-01 1.771572834921318340e-01 1.928176835841273473e-01 1.845416254822401791e-01 1.752178504476962773e-01 2.001544007006779702e-01 1.841759699582912746e-01 1.701325358790039266e-01 1.658634655768238542e-01 1.727676717554178509e-01 1.718766462522154648e-01 1.595341730494500565e-01 1.907928950121941525e-01 1.603022843021821853e-01 1.484552553789345586e-01 1.520241437868453394e-01 1.534870978737203351e-01 1.456190911406536614e-01 1.469630222473189973e-01 1.155859829049949439e-01 1.136266201860981345e-01 1.333670881224158500e-01 1.484964089357687922e-01 1.160972715306622383e-01 1.546065788808012875e-01 1.332429559844248157e-01 1.402948741800085497e-01 1.336360740744516051e-01 1.568636908279260611e-01 1.548619114485351167e-01 1.600559953791340362e-01 1.633964285370872738e-01 1.478391203817729649e-01 1.565941342059041785e-01 1.579796123234069871e-01 1.558727704431599748e-01 1.560235908664604765e-01 1.677029318469423491e-01 1.583107368679631810e-01
8.710783434023156024e-02 1.662096253748315267e-01 1.000000000000000000e+00 2.021629556436269626e-01 2.009707785639190114e-01 2.077058205100069943e-01 3.332647354087527325e-01 3.206087359301798556e-01 3.304159773186788884e-01 3.049357871834080247e-01 3.580149584754427905e-01 3.571841097791244590e-01 3.468216391788194741e-01 3.055149754674134077e-01 3.588906378926925433e-01 3.786414301085079814e-01 3.657426527666956528e-01 3.675170499747675845e-01 3.818355213138640569e-01 3.020783460584185454e-01 3.215128434153894932e-01 3.725424932606976602e-01 3.561273802290296775e-01 3.453689357373536106e-01 3.352017036135586103e-01 3.839277035386028381e-01 4.011771329703159306e-01 3.881395958720121886e-01 3.929338121476340095e-01 3.956160546766770425e-01 4.030028758242127918e-01 4.225482262620952056e-01 3.747425307619596802e-01 4.035963919833950864e-01 3.944400434992750837e-01 3.918284119497419393e-01 3.952540986973524517e-01 3.900686790594745101e-01 4.006934722544918670e-01 3.909870179629352238e-01 3.906895291679600701e-01 3.803801040902406450e-01 3.786913881209024724e-01 3.899005703449938132e-01 4.049973582148607143e-01 3.878677128916648287e-01 3.827152707843451407e-01 3.828927526954575833e-01 3.888948649196985463e-01 3.733071232410241080e-01 3.882073136804727875e-01 3.462053236332832129e-01 3.814131335912636089e-01 3.796369730555109734e-01 3.848613724331333974e-01 3.944265877924494346e-01 3.835568255813638361e-01 3.818831767309757708e-01 3.792953591755691689e-01 3.869649447885853966e-01 3.837416351414416060e-01 3.787339775036599465e-01 3.810570777969353173e-01 3.873148236516251730e-01 3.784515020827909915e-01 3.831675681201080486e-01 3.848225540948286283e-01 4.004239647140925840e-01 3.997214213041976327e-01 3.882066188832699605e-01 3.843331108566317988e-01 3.942921332805929824e-01 3.942499898084855792e-01 3.763832519952879929e-01 3.889064508661377872e-01 3.918099543035687971e-01 3.894493103542157608e-01 4.009413195253906936e-01 3.930779027662639757e-01 3.949379906232894366e-01 3.971670551883120237e-01 3.930029708256359555e-01 3.899089782954820449e-01 3.907868409346889060e-01 3.907687541622616445e-01 3.952861007706805485e-01 3.945870436712570761e-01 3.923706448376638733e-01 3.883743165220315263e-01 3.833948701382411395e-01 3.850864543666003281e-01 3.819350469582882823e-01 3.895588733350816568e-01 3.884933853940377158e-01 3.769069333359183482e-01 3.745742858867799341e-01 3.657568841736126841e-01 3.591424708305279712e-01 3.710803183081074486e-01 3.864339969731322988e-01 3.752966448841067448e-01 3.765007612785450375e-01 3.742920906802021386e-01 3.791381407651074897e-01 3.776579501197082633e-01 3.709275803651742587e-01 3.776283873220188103e-01 3.771041955087777175e-01 3.761480920360951719e-01 3.779904803455192974e-01 3.808671822853749722e-01 3.779064500874153576e-01 3.766945835737058323e-01 3.785010962631499831e-01 3.792291284750200497e-01 3.757306008918415707e-01
-2.063268969938494291e-01 -1.257866761060201788e-01 2.021629556436269626e-01 1.000000000000000000e+00 2.892348702783950065e-01 2.786345310956930832e-01 5.480313247932836473e-01 4.828796215684371673e-01 2.899107232282541191e-01 3.164901317113359980e-01 5.039226050129703705e-01 6.361602735206774994e-01 4.756396576887694794e-01 4.223291616660322934e-01 5.670604243908614617e-01 5.289805523302587575e-01 3.528402377452831695e-01 2.597022857130978357e-01 3.516195711555719083e-01 3.224788609264075956e-01 4.469074216649723263e-01 4.472169372735124715e-01 2.977270622261580790e-01 3.869035049642552959e-01 4.602872182548092828e-01 3.231228348655565963e-01 3.898442965488507772e-01 3.715873401033968348e-01 3.017499392738201558e-01 3.875674806991028509e-01 3.953090751653203783e-01 3.852627941512934417e-01 3.221918166775075143e-01 4.046174700129577251e-01 3.787623605777128422e-01 3.993146068287813377e-01 4.089250557947765041e-01 3.973929085442331477e-01 4.642838405503288413e-01 4.450274544867948157e-01 4.594823675701264487e-01 4.713176309453139257e-01 5.173090560446459429e-01 4.893698855260429359e-01 4.483854635841622582e-01 4.841765186539379040e-01 4.917679858319645159e-01 4.625669533532058564e-01 4.926664167668167171e-01 5.180277433367520556e-01 4.597578898925691049e-01 5.838903009451741344e-01 5.145284797974611912e-01 4.224489685679554962e-01 4.169720667928061841e-01 4.218328241307732207e-01 4.477490004978249560e-01 4.452643603254752280e-01 4.300853591674450582e-01 4.673664715394039715e-01 5.063451052656315898e-01 4.441546662388698996e-01 4.653532524634644840e-01 4.742143255577332961e-01 4.700736649554614344e-01 4.714769890805850516e-01 4.722208211960410851e-01 4.723120162131272393e-01 4.543378611865270811e-01 5.078178879062992257e-01 5.473433006582141269e-01 4.890565628987625368e-01 4.935594842433404517e-01 5.415207309646313805e-01 4.530352486802884937e-01 4.757578061886019727e-01 4.774393698969759958e-01 4.456397882006775668e-01 4.874681950352995896e-01 4.622117462369685348e-01 4.572601752192199109e-01 4.721910714346935212e-01 4.491890717349440454e-01 4.428699281648549868e-01 4.871079560761932270e-01 4.790592642186920491e-01 4.759870253678379348e-01 4.759572860873493294e-01 4.829915505509436713e-01 4.522181883792526502e-01 4.817266800939372651e-01 4.983637639167687317e-01 4.980678073905071557e-01 5.016710078919121019e-01 4.989593474616794699e-01 4.908406845119147044e-01 5.472090900110725409e-01 5.438271561594967274e-01 5.320181583705262396e-01 5.112833070354355636e-01 5.466547168102574572e-01 5.136464133659853770e-01 5.156514239432025137e-01 5.147260995437856756e-01 5.261096868735447574e-01 5.017624285141972784e-01 5.061288574344833258e-01 4.791512241217181223e-01 4.695432077638161394e-01 4.982389433073300400e-01 4.879497265498023428e-01 4.884075116463103550e-01 4.997516539152482840e-01 5.035574255037674751e-01 4.705918821004379526e-01 4.955466455701617590e-01
9.492638858330062698e-03 8.376648072405053214e-02 2.009707785639190114e-01 2.892348702783950065e-01 1.000000000000000000e+00 2.878533472902064516e-01 4.336248987611296957e-01 4.301215683436883097e-01 4.262077622144138100e-01 3.781875685119566177e-01 4.686279370612689843e-01 4.620417446998844047e-01 4.909027872983015572e-01 3.967176054175130528e-01 4.752086763108436807e-01 5.005842452917816932e-01 4.282303376059188316e-01 3.613810453798697586e-01 4.264961396046133002e-01 3.337415996138058394e-01 3.605985562054992433e-01 4.271292729569139413e-01 4.032627552156330952e-01 3.980611007787012157e-01 4.171789894055902836e-01 4.583142320055326180e-01 4.592697172853518195e-01 4.435980384355395212e-01 4.014862101941784056e-01 4.510048560955883246e-01 4.710299189605393066e-01 4.654715137338447106e-01 4.286120129678546720e-01 4.547189042048170871e-01 4.588260439215810504e-01 4.465042012440387231e-01 4.719317497140586015e-01 4.658818713594382044e-01 4.769733442887396091e-01 4.684570212731185568e-01 4.895388719207705019e-01 4.935214634435364234e-01 4.893447061643346196e-01 4.925486478738508866e-01 4.744022159409709838e-01 4.910162080838818555e-01 4.928945337113922465e-01 4.923590745155104198e-01 4.824372784224486010e-01 4.709688848051002963e-01 4.715180473643977854e-01 4.752105574760849271e-01 4.926015696457397564e-01 4.782637057696537131e-01 4.740743898615275009e-01 4.793346128416111629e-01 4.671142861655140921e-01 4.865748460477342663e-01 4.799176386551314843e-01 4.937183581940038368e-01 4.924803077935857032e-01 4.807337788135547796e-01 4.633802764781793648e-01 4.732027335640430765e-01 4.826583996752247807e-01 4.829154936373928897e-01 4.901547819049230093e-01 4.877140031957079014e-01 4.852133996491769241e-01 4.827949951707672382e-01 4.859808574139214965e-01 4.923864853616660708e-01 4.908449876855044969e-01 4.911044883410292661e-01 4.945402252258400688e-01 4.913021116631779428e-01 4.887796022316002187e-01 4.731057841844252265e-01 4.909644619587407166e-01 4.911906884608261414e-01 4.889396391125501729e-01 4.914628868214973578e-01 4.855959497451690643e-01 4.893247204980852860e-01 4.922612354544424473e-01 4.926726782123880821e-01 4.906503652934417481e-01 4.938209420748823075e-01 4.950603010743214183e-01 4.916046707002150185e-01 4.932315163551910242e-01 4.973934380643642572e-01 4.957710704305392513e-01 4.989734709377159350e-01 4.934928729717643070e-01 4.945322923152853933e-01 4.878829309535834824e-01 4.822159244933841848e-01 4.904130744071304449e-01 4.893945101093533645e-01 4.999692712027878905e-01 4.832281644841375789e-01 4.924003003207158558e-01 4.960398951889514185e-01 4.931966388117801081e-01 4.829647303062567509e-01 4.864627967328253311e-01 4.932491810077648808e-01 4.942078916293690671e-01 4.913828638948149474e-01 4.880844685637861780e-01 4.939738096340637874e-01 4.912954167060488153e-01 4.921194406117894160e-01 4.889679444631532257e-01 4.874086545741649346e-01
2.801342943732822860e-02 6.072984244866277276e-02 2.077058205100069943e-01 2.786345310956930832e-01 2.878533472902064516e-01 1.000000000000000000e+00 4.924420653177726259e-01 4.566637662314625978e-01 4.850086995440284210e-01 4.540154216320992364e-01 5.223530504408757658e-01 5.194096199610084286e-01 4.952661344491169904e-01 4.331453628174594117e-01 5.392383187404978795e-01 5.354358703555571752e-01 5.032868408968661500e-01 4.164784584939733580e-01 4.821785714197631689e-01 3.646372697107973515e-01 4.145745756877182164e-01 4.976986681492014397e-01 4.613340782886483082e-01 4.209487566854667739e-01 4.527837361494089219e-01 5.292767111843701411e-01 5.257762775437800906e-01 5.279227684903676776e-01 5.001391683934067744e-01 5.245997103713100351e-01 5.534760308017062647e-01 5.449976912033718257e-01 5.065192163090400657e-01 5.298869645602585221e-01 5.334158075365906804e-01 5.351720368162868890e-01 5.564162457722739985e-01 5.418466630555177632e-01 5.607422057419187977e-01 5.394736368038460794e-01 5.697363331652074425e-01 5.611300334383475530e-01 5.634313634402001725e-01 5.698867882533145135e-01 5.537470401484692051e-01 5.754865108955774522e-01 5.662793953734862606e-01 5.685263135130345091e-01 5.562732010509281455e-01 5.442533933652412559e-01 5.490785918652567599e-01 5.338771765106195000e-01 5.558701344470763361e-01 5.559296666389758057e-01 5.445492762930287389e-01 5.715975283570836618e-01 5.455391802260570744e-01 5.649929521090989448e-01 5.512138776638975113e-01 5.666894686891911226e-01 5.649537409815764688e-01 5.545641863965604657e-01 5.475158282998545678e-01 5.578809183509971792e-01 5.637362299438383184e-01 5.605275787069976534e-01 5.650147972423047449e-01 5.631466175705758248e-01 5.588381524056349470e-01 5.500560029948717844e-01 5.567951975888153493e-01 5.669514344545656392e-01 5.465281835966170343e-01 5.457235406786762333e-01 5.693357835869581329e-01 5.731983665209556822e-01 5.698369334742611203e-01 5.623880968182245477e-01 5.718340791239379106e-01 5.593387880679963065e-01 5.706061108448686747e-01 5.703640537651207820e-01 5.708861521979375908e-01 5.667211839136004903e-01 5.653539781976363310e-01 5.707658144547508305e-01 5.754420619893284572e-01 5.720665382676611843e-01 5.752417577470613219e-01 5.686432117077242498e-01 5.746389089922118165e-01 5.736440065485314266e-01 5.720363598042094155e-01 5.768924046569855468e-01 5.684185391432686751e-01 5.706722280070646303e-01 5.622360635181462563e-01 5.566356078249296013e-01 5.639911347987042189e-01 5.720325755273423241e-01 5.702906555874843741e-01 5.617903890896954744e-01 5.684641652018995739e-01 5.708419589221807033e-01 5.715400812760871307e-01 5.605288101539698253e-01 5.676347447672520641e-01 5.705646590447246425e-01 5.713902357230793427e-01 5.692889867289429029e-01 5.702234330129646311e-01 5.700601088715506748e-01 5.674370338804501923e-01 5.666726626622827778e-01 5.652729522445135713e-01 5.647707606799220459e-01
3.810520398765887898e-03 5.558257440686360101e-02 3.332647354087527325e-01 5.480313247932836473e-01 4.336248987611296957e-01 4.924420653177726259e-01 1.000000000000000000e+00 7.195901298420617209e-01 6.198660644331677183e-01 5.923634381987716857e-01 7.276189713915841573e-01 7.794507274072920433e-01 6.942389563219201198e-01 6.447639164730947225e-01 8.434911990630645784e-01 7.951471298733121529e-01 6.729909885570624084e-01 5.642447483856369850e-01 6.674286872509530566e-01 5.424252844233579118e-01 6.531611033988441450e-01 7.117800338987366748e-01 6.107160676008566158e-01 6.331323841758658144e-01 6.815453937020169439e-01 7.111967685650322224e-01 7.385383682562319807e-01 7.342832976179503035e-01 6.910601595987395651e-01 7.207747544008215046e-01 7.499998809960712887e-01 7.322791428514543455e-01 7.068462614625559137e-01 7.499706773178176356e-01 7.257906913941415405e-01 7.359620596557611139e-01 7.570513421320723690e-01 7.743139555743706604e-01 7.901201272358854277e-01 7.841515311724891468e-01 7.798754299011869673e-01 7.985753664016224107e-01 7.926780169420669653e-01 8.066810987193103744e-01 7.822853648483507616e-01 8.048221940157034293e-01 7.807022203439268893e-01 7.711099962685240561e-01 7.792397072798645796e-01 7.915940225898496774e-01 7.764108165378148518e-01 7.767006416008613856e-01 7.893522860696216004e-01 7.539880070284417091e-01 7.569709872641545712e-01 7.701243301386524465e-01 7.559036649315280521e-01 7.702265378714799882e-01 7.649170035311225746e-01 7.713675117406355586e-01 7.857262353154135237e-01 7.622211344852229953e-01 7.671847047056169488e-01 7.718094571227519518e-01 7.642337416626676649e-01 7.706325913913648629e-01 7.754190667469772480e-01 7.821005757147052595e-01 7.644243269844533950e-01 7.809450795966121905e-01 8.117273085734435512e-01 7.922842579490992909e-01 7.838644432111491200e-01 7.958532331319948527e-01 7.829787283190351443e-01 7.907706360891213482e-01 7.939868329543489089e-01 7.785474143473253283e-01 7.986078464254160458e-01 7.776925703337522755e-01 7.821389890458756433e-01 7.862129968871365282e-01 7.689435438630964903e-01 7.808716806742980188e-01 7.937769794110091093e-01 7.905990735794983237e-01 7.903190849916431615e-01 7.959053422127942978e-01 7.953551407124431760e-01 7.757600305273132379e-01 8.008100103538344783e-01 7.992664579434114458e-01 7.959971093059714509e-01 8.054397804857950094e-01 7.849857372923635390e-01 7.807207958231912048e-01 8.115401043679100201e-01 7.859785640770075021e-01 7.959199730975934362e-01 8.033637522653670482e-01 8.149171448784524596e-01 7.949475898728706191e-01 7.924492547999867353e-01 7.993749087634320905e-01 7.989639199862278440e-01 7.818757664102568006e-01 7.862748800815561045e-01 7.791183719295643462e-01 7.831958304478007227e-01 7.904812358264395877e-01 7.934338201143098512e-01 7.784223595130767004e-01 7.938228525362341914e-01 7.883043664955911023e-01 7.715572459114575787e-01 7.759066491021924250e-01
2.230875918975065708e-02 7.933309227883900139e-02 3.206087359301798556e-01 4.828796215684371673e-01 4.301215683436883097e-01 4.566637662314625978e-01 7.195901298420617209e-01 1.000000000000000000e+00 5.940119064768630830e-01 5.632376301641763838e-01 6.793105420696436969e-01 7.244857681357548262e-01 6.618641872265480508e-01 5.902010086857643056e-01 7.706683622660807087e-01 7.695721143769516104e-01 6.430291758089152765e-01 5.340777926131515807e-01 6.306607361877050177e-01 4.907425573194023061e-01 6.182952865024823330e-01 6.628993383840667830e-01 5.757706358286149850e-01 5.839979995677477831e-01 6.249769139548662089e-01 6.797758853431882242e-01 6.926015273123763416e-01 6.824322237627825638e-01 6.531853653830774764e-01 6.852837744309797641e-01 7.144459534587240812e-01 7.013529363877666345e-01 6.743557710360754687e-01 7.051017725767021460e-01 7.041061255044530620e-01 7.000400932316496183e-01 7.239886065935228210e-01 7.317006559570327084e-01 7.445174762931238144e-01 7.367758577435851164e-01 7.382677612249364252e-01 7.497127249993360554e-01 7.511969909674589552e-01 7.596409220185685873e-01 7.363031195689064834e-01 7.547532522161825019e-01 7.416161259067737266e-01 7.319070634371031003e-01 7.435738776848461740e-01 7.569045152422506639e-01 7.424175317828199949e-01 7.295297231950190753e-01 7.477812130340892871e-01 7.197598772794656652e-01 7.260265488236304909e-01 7.333584970458041363e-01 7.330792577305107471e-01 7.345289305103549493e-01 7.360708700754700073e-01 7.336163709540544087e-01 7.475890279227148660e-01 7.339880654968599094e-01 7.407659683976249854e-01 7.394482284610383038e-01 7.245546197255465781e-01 7.333757634364428402e-01 7.370073151326852479e-01 7.397979741346888405e-01 7.263107689828448565e-01 7.314037205876178227e-01 7.647596958328046757e-01 7.439586995870165476e-01 7.322558686565966424e-01 7.413737490586184142e-01 7.413148017738504514e-01 7.454795541333631981e-01 7.450332545654415606e-01 7.326868886048857332e-01 7.492379449397782443e-01 7.375729461975109036e-01 7.411062855037794384e-01 7.447551179396076915e-01 7.313887196764375931e-01 7.363460502746392855e-01 7.469872911102507507e-01 7.436968823800418349e-01 7.479260681877435424e-01 7.503411319478181518e-01 7.500989989297291993e-01 7.358465045793021186e-01 7.490218146007814326e-01 7.498187261124105163e-01 7.489477014671720445e-01 7.570057273558137290e-01 7.405009352786072752e-01 7.380803507110731410e-01 7.622088819680467031e-01 7.460928861314637395e-01 7.517210111602424805e-01 7.556882720400684983e-01 7.655494579477941652e-01 7.521370009233215859e-01 7.448678154140319085e-01 7.533978581559268584e-01 7.523715731556778197e-01 7.421899662454193303e-01 7.441055978268326099e-01 7.379628783754500487e-01 7.426439264194772960e-01 7.462641753587195836e-01 7.502347393960546729e-01 7.380991443662294760e-01 7.516565089666282784e-01 7.499784053467515310e-01 7.319147044288456527e-01 7.369393378676701856e-01
2.739919907093531504e-01 2.807066961850785969e-01 3.304159773186788884e-01 2.899107232282541191e-01 4.262077622144138100e-01 4.850086995440284210e-01 6.198660644331677183e-01 5.940119064768630830e-01 1.000000000000000000e+00 7.362143143952959434e-01 7.469261469337279413e-01 7.057976096209317429e-01 7.236755371070864307e-01 6.382576982016850975e-01 7.534488416075859618e-01 7.511833127411047251e-01 8.140441218281162516e-01 6.988494828824007854e-01 7.588053168399608861e-01 5.964606883592904474e-01 5.973915649934432581e-01 7.169893514886757080e-01 7.740424069468704316e-01 6.694328393749866546e-01 6.563102447076827328e-01 8.438886286014876115e-01 8.249482066007840508e-01 8.107174684907262341e-01 8.034179317277775345e-01 8.348305175019411495e-01 8.475227353213773407e-01 8.344536759344588495e-01 7.706285239908035045e-01 7.836426439929597976e-01 8.102908945651807748e-01 7.755588605024092974e-01 8.345027664220653341e-01 8.061123727220871338e-01 8.033020078975817713e-01 7.650471033781720553e-01 8.407971036236079332e-01 8.162931070836635383e-01 7.691812824150425776e-01 8.242070217310666358e-01 8.270216208981303607e-01 8.177029862909442892e-01 8.252657444326396696e-01 8.405866395899930232e-01 8.301963975847019839e-01 7.649731030449992142e-01 8.109589766518370268e-01 7.153537377794711993e-01 8.096972861209416061e-01 8.527888268787814363e-01 8.368718526223744014e-01 8.445105904602452362e-01 8.279401890660261776e-01 8.319800046250027670e-01 8.228482779922531298e-01 8.449253342594780225e-01 8.168610884238718395e-01 8.337526546715261500e-01 8.132719439805090600e-01 8.249631949443180234e-01 8.407751536118402980e-01 8.395515942801499154e-01 8.394800287378092474e-01 8.396680259564822668e-01 8.468341388131029879e-01 8.111980174601888249e-01 7.918184282772446902e-01 8.314685750833775701e-01 8.137403889980250327e-01 7.924717447096178979e-01 8.470670008514168403e-01 8.397497093255342770e-01 8.352308414429240324e-01 8.411784020647909976e-01 8.368121744372499782e-01 8.366446510375441514e-01 8.426446393426428871e-01 8.400375355101309394e-01 8.486875317506882288e-01 8.373113655412678380e-01 8.202140165088053214e-01 8.233090483166798368e-01 8.347161877234534622e-01 8.313394755782637091e-01 8.268582807167865756e-01 8.438889252739454339e-01 8.264977733787929326e-01 8.269676701573025479e-01 8.262460370628101902e-01 8.299137766843075470e-01 8.233237979091194703e-01 8.244600959143715269e-01 7.862549767772660791e-01 7.946744718390198470e-01 8.131615476187105118e-01 8.165796442639546848e-01 7.976778760049366701e-01 8.158589192511234156e-01 8.168398991028917866e-01 8.203925457167587920e-01 8.150308654746978299e-01 8.211774885360916265e-01 8.272112006324766620e-01 8.320052364406844703e-01 8.348516771938055969e-01 8.242252578963525922e-01 8.209215420022286658e-01 8.353854249686538669e-01 8.233254958049505134e-01 8.272977098434930454e-01 8.396130729687623084e-01 8.307754750865598004e-01
1.110536838495915085e-01 2.119753338817977339e-01 3.049357871834080247e-01 3.164901317113359980e-01 3.781875685119566177e-01 4.540154216320992364e-01 5.923634381987716857e-01 5.632376301641763838e-01 7.362143143952959434e-01 1.000000000000000000e+00 7.283278758532449881e-01 7.106923747088274013e-01 6.876083784973119339e-01 6.292910876531515596e-01 7.345924142020309189e-01 7.395638061828238019e-01 7.341298174577777225e-01 5.817393359261732178e-01 6.653116393148916785e-01 4.803779204028409411e-01 5.146739542141367529e-01 6.288584874331317742e-01 6.721948107290138807e-01 5.850361990989924044e-01 5.802938651107688584e-01 7.820711778903187694e-01 7.443692999427193868e-01 7.281298221893340861e-01 7.240188727724246043e-01 7.647237392979252535e-01 7.864646826140299085e-01 7.654641288644652430e-01 7.057203965554068592e-01 7.339695130994139394e-01 7.535371555396243037e-01 7.269392723755171426e-01 7.657604687643602137e-01 7.587218992022078945e-01 7.639136414647337281e-01 7.352077688899112395e-01 8.001932187687372799e-01 7.796476747511571492e-01 7.383727159618039826e-01 7.911307250346029107e-01 7.687463121291954193e-01 7.835412605467149127e-01 8.056824487864406859e-01 8.127135975538398727e-01 8.002349081923605389e-01 7.467153211028865201e-01 7.774648582250990314e-01 6.901572363133290366e-01 7.760202030109404348e-01 8.141836252119112327e-01 7.972594241028029272e-01 8.068817072089117248e-01 7.895247782921235302e-01 8.016367698532814723e-01 7.962739277618388067e-01 8.061967662291777970e-01 7.918971854253514797e-01 8.005935577808934722e-01 7.850259882356962482e-01 7.920156441148105131e-01 7.982536598525331595e-01 8.042992125091409372e-01 8.103459073377167199e-01 7.966566546198294851e-01 8.026022809962793936e-01 7.595351477711620447e-01 7.632537200636172470e-01 7.970815675691732549e-01 7.672982112882852368e-01 7.571672256221491093e-01 8.125576156754619195e-01 8.055436060028474676e-01 8.040494413421780395e-01 8.027454919943298739e-01 7.981680526738312853e-01 8.039930790863140109e-01 8.077249883149282272e-01 8.120008195401744455e-01 8.117429370450721660e-01 8.027008015427884446e-01 7.936335130124256843e-01 7.979356338158768436e-01 8.014157747068840765e-01 8.062974866785547201e-01 8.051062911970165992e-01 8.143771409247063664e-01 7.998801316590856691e-01 8.049313788359085953e-01 8.042355486287158239e-01 8.025620275639963053e-01 8.089116257408912603e-01 8.083612053830376842e-01 7.752414038145845065e-01 7.761962505304899063e-01 7.953655740465515045e-01 7.945708565886916430e-01 7.822198422694279785e-01 7.950796627767954261e-01 7.974161811418429835e-01 7.996851976217350666e-01 7.936922848813954268e-01 7.973720963801729233e-01 8.055945415345732163e-01 8.101020265301310808e-01 8.112351604724784560e-01 8.057217107224323716e-01 8.019446394862240757e-01 8.105593827268841034e-01 8.030939607313614115e-01 8.049045456125424325e-01 8.110279147574582792e-01 8.059637124152295717e-01
1.647610992185779069e-02 1.239496347489963818e-01 3.580149584754427905e-01 5.039226050129703705e-01 4.686279370612689843e-01 5.223530504408757658e-01 7.276189713915841573e-01 6.793105420696436969e-01 7.469261469337279413e-01 7.283278758532449881e-01 1.000000000000000000e+00 8.575335991889573295e-01 7.867467032737145427e-01 6.971363819720427513e-01 8.598448959540143655e-01 8.447843845465979884e-01 7.897027959082951742e-01 6.203962705808241385e-01 7.358328490181256232e-01 5.577411098844567983e-01 6.372494878216891090e-01 7.384077181182766569e-01 7.082215073076780776e-01 6.630843434829792882e-01 6.957305395078230426e-01 8.126362999888127048e-01 8.045702779619988698e-01 7.872325834545751411e-01 7.539851981403307146e-01 8.218347216396949539e-01 8.534646036276641867e-01 8.270803604621189686e-01 7.600894656394394655e-01 8.067595497220575451e-01 8.233094856953336871e-01 8.054326049356003159e-01 8.413588446673841981e-01 8.260110544754781792e-01 8.499039786246151973e-01 8.230123494064535139e-01 8.780133763417884429e-01 8.659401312484044100e-01 8.474232368803735760e-01 8.865145665530315133e-01 8.476940998810762462e-01 8.773572798640489889e-01 8.962041705049765827e-01 8.939820065257942927e-01 8.828459311266654286e-01 8.548898072112101065e-01 8.567604753641390181e-01 8.384795076057025565e-01 8.824403483321255903e-01 8.776424854422996136e-01 8.659461151148102331e-01 8.740732117085427966e-01 8.685351393303317735e-01 8.846224357923097026e-01 8.715089634986392664e-01 8.912904527950368250e-01 8.931107607006532056e-01 8.808392726224281155e-01 8.693380072331324815e-01 8.745131729648947250e-01 8.855990587040761808e-01 8.869985759593099761e-01 8.940922051831868833e-01 8.833904480299119566e-01 8.791640068968440413e-01 8.664816836118519605e-01 8.806733899361821605e-01 8.906760733225834725e-01 8.669577487842428098e-01 8.725693574869437530e-01 8.911727527722170805e-01 8.929381876511643945e-01 8.897634347109325548e-01 8.752856288455664879e-01 8.874719410199712888e-01 8.859109445720029230e-01 8.868330938595709867e-01 8.967514658278853412e-01 8.860978120862332830e-01 8.851501341360317188e-01 8.845543032871895361e-01 8.881369894748936122e-01 8.876293697908711477e-01 8.898450356328894140e-01 8.918772249154477416e-01 8.894896104896963251e-01 8.873588383677868396e-01 8.976070540267241382e-01 8.977580785200554025e-01 8.981543533821864100e-01 9.014923641515324437e-01 9.009845903104409803e-01 8.824653828592518012e-01 8.848746684399341200e-01 8.975991955636444253e-01 8.898231784033668879e-01 8.939155173423517509e-01 8.904147407974030148e-01 8.983295070917289848e-01 9.001803368136855887e-01 8.967329592790306281e-01 8.900534284562832132e-01 8.977093515916887423e-01 8.989713015940582475e-01 8.975665773983321216e-01 9.004096343229546218e-01 8.966013324032210408e-01 9.002746316225193057e-01 8.985648733859212811e-01 8.964917726882344340e-01 8.918019585579840536e-01 8.965346595890203441e-01
-5.830009088629748565e-02 5.097950826913536654e-02 3.571841097791244590e-01 6.361602735206774994e-01 4.620417446998844047e-01 5.194096199610084286e-01 7.794507274072920433e-01 7.244857681357548262e-01 7.057976096209317429e-01 7.106923747088274013e-01 8.575335991889573295e-01 1.000000000000000000e+00 8.126528618877465471e-01 7.293344331612136022e-01 9.007263035825290309e-01 8.810698683567843581e-01 7.766011843568570994e-01 6.068064826639374409e-01 7.285053163115716712e-01 5.860045561102792400e-01 6.903484955249377109e-01 7.693381682065241201e-01 6.857022118841923364e-01 6.906464658948898716e-01 7.376762819812650029e-01 7.763777836118569420e-01 7.976935573863218609e-01 7.632629546993876524e-01 7.207697963614232428e-01 8.055916424472131521e-01 8.277258728792947773e-01 8.099051855521250953e-01 7.237921901990608253e-01 8.015605725005487958e-01 7.942133489112752631e-01 8.101922056124324367e-01 8.273107207079563041e-01 8.154851647922347624e-01 8.593504197430228420e-01 8.301624978684600809e-01 8.818445800159906423e-01 8.743434047134244214e-01 8.768790230571128497e-01 8.993983288012855626e-01 8.634605705767927075e-01 8.894090633570592708e-01 9.074107166291405235e-01 8.931781085855664548e-01 8.975645900393418586e-01 8.822046107714588414e-01 8.674809147829894984e-01 8.973113259024285693e-01 9.083552260065013151e-01 8.710581134276211834e-01 8.619609616912434769e-01 8.658012524014006006e-01 8.741720938394131890e-01 8.845594129343883338e-01 8.739827228377905488e-01 8.970401784415484858e-01 9.126278263723194284e-01 8.828029475984180419e-01 8.836066769274857347e-01 8.884579414823828847e-01 8.909635148119214865e-01 8.958521668631826973e-01 8.983969127037475522e-01 8.951275421915008135e-01 8.836586085851956263e-01 8.951142777462499645e-01 9.178335649539822727e-01 9.038985192562207782e-01 8.908621672957320881e-01 9.090229364019848379e-01 8.882704678957663580e-01 8.994538281290498372e-01 8.953710498617034608e-01 8.726785043075274695e-01 8.955858799622026245e-01 8.866135646518988889e-01 8.862374784465204547e-01 9.002190655894819482e-01 8.815545310692440850e-01 8.789134843561611232e-01 8.957555084736039674e-01 8.953484360365675521e-01 8.962140008316311635e-01 8.940991184617196330e-01 8.987592215576012400e-01 8.875228860885563398e-01 8.930867164024299809e-01 9.105873140073432737e-01 9.120119727446693858e-01 9.107885107920395962e-01 9.131371168518238601e-01 9.102535877456083835e-01 9.124675912290246549e-01 9.145670837620581972e-01 9.214200436829244056e-01 9.072595292271877776e-01 9.249333739932593668e-01 9.114988708898650316e-01 9.176353848994373008e-01 9.188034054990049659e-01 9.197285447652200352e-01 9.042871020587968101e-01 9.102633531973493008e-01 9.049663968765415678e-01 8.986080633546104091e-01 9.133221174858260349e-01 9.072145665750129817e-01 9.083519075412841426e-01 9.121388887962894598e-01 9.113467615679292644e-01 8.978448280410484816e-01 9.084085590581175707e-01
3.544613520749823748e-02 1.385098005143425570e-01 3.468216391788194741e-01 4.756396576887694794e-01 4.909027872983015572e-01 4.952661344491169904e-01 6.942389563219201198e-01 6.618641872265480508e-01 7.236755371070864307e-01 6.876083784973119339e-01 7.867467032737145427e-01 8.126528618877465471e-01 1.000000000000000000e+00 6.790557736100266695e-01 8.251309011810026295e-01 8.341892578315530660e-01 7.621895915313897651e-01 6.107319959466479542e-01 7.029455994652250572e-01 5.714698660972747923e-01 6.232063848052351585e-01 7.179567208164499004e-01 6.847167790017374411e-01 6.629386747537119318e-01 6.785191681165984035e-01 7.741950265945288789e-01 7.789042121165331567e-01 7.357974102674932348e-01 7.324484655825281854e-01 7.844205102302852506e-01 8.126009805511602568e-01 7.938694745832334254e-01 7.049045333430749016e-01 7.726437572389682762e-01 7.714823931657732725e-01 7.809983159419652265e-01 8.003096202154372785e-01 7.839479508351641091e-01 8.118378484586020738e-01 7.754393052487221771e-01 8.368735556728039704e-01 8.218724739156401116e-01 8.062801313671235093e-01 8.502852704824305219e-01 8.252905476438678889e-01 8.373533739491763050e-01 8.593613426262283195e-01 8.553671071841895124e-01 8.483118589229251549e-01 8.131107553246623709e-01 8.163452887273544567e-01 8.176139460754070498e-01 8.488455566642469918e-01 8.455394523117052419e-01 8.356714950266391773e-01 8.342532017164964175e-01 8.401249615386722214e-01 8.517660677990789297e-01 8.393235233912514914e-01 8.636574009221683612e-01 8.585144278942412610e-01 8.495829525466985777e-01 8.379058211608517714e-01 8.420165834571137209e-01 8.549296487069023565e-01 8.603449199197658048e-01 8.604597197840604395e-01 8.550067799226612753e-01 8.499879536009988801e-01 8.461234926353274899e-01 8.466558658891694122e-01 8.542656188419935903e-01 8.463034566968998806e-01 8.416113975406067649e-01 8.525527936237761173e-01 8.553036178043985638e-01 8.494667533004841564e-01 8.441756384584766515e-01 8.456769598934309462e-01 8.508852538397931875e-01 8.489279505720205288e-01 8.591498084299196147e-01 8.486007034706093410e-01 8.410056583589334833e-01 8.463909676568567297e-01 8.494795368753207399e-01 8.523002513147625026e-01 8.476505740554567403e-01 8.493415751026965888e-01 8.501679563179804777e-01 8.408885027693623337e-01 8.565281578676365859e-01 8.616284192212277926e-01 8.574254586690831514e-01 8.620193762057413167e-01 8.606461872582519268e-01 8.412916957628646664e-01 8.476805760334005235e-01 8.588829729932285773e-01 8.473430115417488473e-01 8.535916390957443145e-01 8.543259694006135607e-01 8.622844299601525320e-01 8.631231026172756504e-01 8.618872217450224138e-01 8.530431288401193468e-01 8.586424154596563607e-01 8.598556169129719651e-01 8.573728337879178429e-01 8.616273255072045556e-01 8.568994460129872870e-01 8.644309414286203141e-01 8.621411567978194412e-01 8.604272726742219213e-01 8.603504811755167125e-01 8.630147945041846125e-01
