1.000000000000000000e+00 2.220765457365866946e-01 1.506919937199143467e-01 -1.673744571473397558e-01 -9.123403540656696911e-03 3.791566727965947625e-02 4.025462041202385044e-02 1.874373741054424780e-02 1.738473959295042670e-01 8.108904219904282396e-02 4.506118890711610647e-02 -5.813436397561479868e-02 2.295941954556066089e-02 -3.599292575271845207e-02 -5.936117484926633006e-03 6.296034766609833605e-03 1.243241871887479505e-01 2.576840960668112523e-01 2.153185672841276266e-01 1.014884540438463767e-01 2.391808463885460867e-01 2.211317177820442403e-01 1.976422191561991171e-01 1.968067026820548016e-01 2.129877613066536168e-01 1.432291022974201966e-01 1.650246872512323715e-01 1.499693641691165757e-01 2.160031209873435332e-01 2.117140626615074128e-01 1.504032474764251115e-01 1.336277042622899536e-01 1.085044687984200590e-01 1.004532192932099666e-01 1.442025428118097197e-01 3.862434568989096123e-02 1.078720070693979932e-01 4.265648989062791746e-02 6.427341985323878348e-02 4.081465801564013868e-02 6.647450901354565178e-02 1.568229789971982771e-02 -1.222763537517250303e-03 1.706255858916072218e-02 6.134586384900814204e-02 2.545462749084487913e-02 1.365008907067277212e-02 4.189991367200085470e-02 3.896607642625506129e-02 1.587057279888207106e-02 4.599294886691548262e-02 -2.199765500802126211e-02 -2.327895497672794953e-02 8.054463719521449960e-02 1.032065469007016623e-01 1.133447807646466299e-01 7.290070107865580240e-02 3.130024238548798771e-02 4.176489475075294278e-02 2.977094458124925069e-02 2.101895750437398833e-02 4.221640399287623913e-02 4.886221329314165140e-02 3.130863001551101310e-02 6.717220840906339141e-02 4.357144716360231845e-02 3.435645670471929730e-02 9.152621308313806103e-02 7.924219281577508933e-02 6.175478767374943667e-02 8.352789039427176154e-02 8.585894881846571625e-02 1.025223962864593719e-01 8.883253590702953895e-02 4.983346734247481868e-02 5.689135630206187955e-02 5.490720628680576670e-02 9.635261150617127623e-02 5.496253757087823238e-02 8.041606084163983870e-02 7.788129675680774411e-02 5.926329407157065327e-02 6.468331131063326245e-02 5.126988068423393025e-02 2.310538100147609131e-02 4.846293749381783145e-02 4.264190370951725234e-02 1.538348803148964321e-02 2.025075855855590010e-02 5.449995726593447748e-02 3.102704505344737115e-02 1.207333028171927308e-02 1.829580842717132283e-02 2.019484859830984746e-02 1.018781612857975853e-02 2.073564789281336432e-02 -2.821097869109948780e-02 1.982712010561558935e-02 -9.754697097414740878e-03 1.637703690564642047e-03 -1.533335951486607465e-02 1.584054425849337755e-02 -6.050625053571208681e-03 -1.764016064179297814e-04 6.548529857841361296e-03 3.114974917435497231e-02 1.349811318142621341e-02 3.409499090121639181e-02 3.486656497018521955e-02 2.064914392741566337e-02 1.121935027278208284e-02 1.676784661785231043e-02 5.905425940731263458e-03 7.339956108807369276e-03 4.229534518873864779e-02 1.351041788155715913e-02
2.220765457365866946e-01 1.000000000000000000e+00 1.567004061248735702e-01 -5.908112350741372837e-02 1.864090219001536888e-02 7.603950260011747841e-02 1.092016085991113633e-01 1.090087828944229231e-01 2.108669155678781493e-01 1.864784100905696462e-01 1.502135943561553055e-01 8.949038743483415936e-02 1.384240401832353695e-01 1.095674206868418044e-01 1.281072719628929824e-01 1.231724383295435682e-01 1.968469993414287966e-01 2.410127518612827646e-01 2.374572404731190023e-01 1.364621569125898937e-01 2.076467953230743124e-01 2.285783688057394791e-01 2.785561194560193243e-01 1.988575481943130885e-01 2.248654455415778075e-01 2.164200421250987716e-01 2.260219816611601651e-01 2.415911317960142135e-01 2.699216941547883941e-01 2.483064688100795336e-01 2.247315589217023513e-01 2.221039668023771230e-01 2.011768548819143076e-01 1.856140188625028387e-01 2.201752416171648130e-01 1.470870892934355578e-01 2.006542285605298070e-01 1.572600203977022604e-01 1.779699106633650385e-01 1.542159851479331101e-01 1.861635832547526570e-01 1.561765114664965259e-01 1.358261428307444285e-01 1.449523018515599393e-01 1.711808272935070319e-01 1.595392062596543703e-01 1.509050921074758522e-01 1.718450220959828467e-01 1.574503987346444756e-01 1.212913654834840149e-01 1.540089423904090205e-01 8.953065406710260243e-02 1.155986798749260996e-01 2.014758426496800481e-01 2.072383155697845591e-01 2.148629304650268856e-01 1.759387482073359876e-01 1.583760494020436393e-01 1.640238029138381126e-01 1.624414070728595894e-01 1.465685559003790384e-01 1.701988055272884159e-01 1.716970737896951482e-01 1.516707020752198765e-01 1.769818712548500150e-01 1.624371609422466389e-01 1.675384039575037176e-01 1.930877663926485743e-01 1.946619238330307144e-01 1.661844726748823720e-01 1.821059802590861976e-01 1.933098777512425592e-01 1.936066537495983175e-01 1.803751100043500810e-01 1.743208784698942471e-01 1.798280160335105349e-01 1.845670779733657729e-01 2.060499609217774086e-01 1.758630537539782601e-01 1.926722838661039661e-01 1.960643130944540458e-01 1.811049095182626079e-01 1.897639848361545034e-01 1.796185991498498724e-01 1.500891333705725861e-01 1.699284055211189026e-01 1.688118527493127907e-01 1.523487704984920477e-01 1.540189408842771723e-01 1.860732918106716427e-01 1.626489474786216582e-01 1.498281708319509076e-01 1.532862267763788200e-01 1.518303352874351420e-01 1.516671839215363304e-01 1.596062603175703309e-01 1.125829557151163812e-01 1.384331449677153048e-01 1.313077813908646863e-01 1.369359029114348703e-01 1.309896102964268061e-01 1.484008028921119104e-01 1.337373010639170967e-01 1.377011569706245442e-01 1.366144767595213472e-01 1.594172999053648787e-01 1.493077744673804164e-01 1.722110864406565245e-01 1.723971388106319558e-01 1.547614319544628469e-01 1.507378865690453540e-01 1.547794207045314341e-01 1.448286781115167010e-01 1.440033345181316593e-01 1.652069379127607540e-01 1.464231415910547118e-01
1.506919937199143467e-01 1.567004061248735702e-01 1.000000000000000000e+00 2.370244748222802567e-01 1.622810284807796044e-01 2.362288995037478689e-01 3.155307836486520578e-01 3.193904113740729800e-01 3.676421895755213609e-01 3.139156547160965038e-01 3.700658749452916951e-01 3.707321555556447601e-01 3.513356498607363987e-01 3.085195131303113958e-01 3.751435007729456705e-01 3.627318503111315318e-01 3.693681742896819942e-01 3.847022469170655601e-01 3.939271162627427936e-01 3.019659853030846053e-01 3.821096226850375643e-01 4.150528913475875492e-01 3.979744414103620898e-01 3.809572789670121473e-01 4.114728808968265983e-01 3.832030288744816549e-01 4.157984953184180044e-01 4.114398975654164903e-01 3.849285451163990679e-01 4.181164546213635980e-01 4.193969140627639702e-01 4.230925608177610320e-01 4.059253890860076708e-01 4.009409558691874875e-01 4.031608764799917144e-01 3.810930052355877007e-01 4.132247708076522974e-01 3.843605067507556150e-01 3.921088089965724111e-01 3.991769674063159745e-01 4.009428276367036359e-01 3.849591271864153952e-01 3.822385581926461273e-01 4.035998973240956800e-01 4.067133409947492062e-01 3.881941136346637178e-01 3.851905066709067627e-01 3.901861958640533423e-01 3.927314404899911460e-01 3.819731492616457724e-01 3.984269717923678011e-01 3.809504137092497023e-01 3.678567329248809692e-01 3.951082159432864338e-01 3.958046165484216949e-01 3.993684876450394050e-01 3.863055763670972809e-01 3.909569443119033094e-01 3.861043768134879151e-01 3.863289414305815517e-01 3.911762369463405165e-01 3.839219266538561603e-01 3.762174581200301016e-01 3.831174384437569524e-01 4.101866738435640536e-01 3.937992403101756578e-01 3.896146201063622194e-01 4.107373439578563823e-01 4.004887765483285400e-01 4.030109155668525345e-01 4.103187739930432842e-01 4.050717052495324544e-01 4.100774712893459073e-01 4.077731174129087255e-01 3.912152667468938305e-01 3.960994488936186997e-01 3.921684808822605839e-01 4.033350140771201353e-01 3.926893278062316139e-01 4.049870493677540373e-01 4.019744895059124135e-01 3.937786731720849254e-01 3.992028529997388442e-01 3.869826780109622555e-01 3.910882437143717305e-01 3.969659403019638599e-01 3.994934915266538100e-01 3.860015973381076271e-01 3.866995346846788806e-01 3.860677173466238732e-01 3.904921615825622805e-01 3.836206953259865826e-01 3.910105341716912375e-01 3.885984244954314160e-01 3.829204204071295914e-01 3.852016277630834207e-01 3.720639033000253115e-01 3.873864464471361568e-01 3.805359536033151580e-01 3.851754878772465363e-01 3.791570487301251791e-01 3.864910330463932064e-01 3.805741486053356160e-01 3.860097792206284018e-01 3.924821477947786352e-01 3.819552346643814711e-01 3.824930445645561838e-01 3.850208051185738389e-01 3.805974781367889581e-01 3.863339556228951865e-01 3.865587204015730749e-01 3.868255004134040220e-01 3.836542375710826347e-01 3.809434216376600957e-01 3.968146775603175191e-01 3.898149227578099896e-01
-1.673744571473397558e-01 -5.908112350741372837e-02 2.370244748222802567e-01 1.000000000000000000e+00 3.590861556290866341e-01 3.509050460682926476e-01 5.504147808434860512e-01 5.577853059408475200e-01 4.058660424087269791e-01 3.644472530215159822e-01 5.136206886092518076e-01 6.543615069053549949e-01 5.358793060450411927e-01 4.986527201693419231e-01 6.080998776267381167e-01 6.059994188889888944e-01 4.459028693744956917e-01 3.118177007200722550e-01 3.577756152811140122e-01 4.496803122315441992e-01 3.428759260297435385e-01 3.836953705987078966e-01 3.839767964669447142e-01 3.886534339668238913e-01 3.954959025370707315e-01 4.650669343935162625e-01 4.514462425757389541e-01 4.550450278346618860e-01 3.495936151049755525e-01 4.103046211945234889e-01 4.652159986749684339e-01 4.965301118059265439e-01 4.915483252133665548e-01 5.257977956695499833e-01 4.797706983374529499e-01 5.888168045236668036e-01 5.135674072469265106e-01 5.749068063451677757e-01 5.604384878606841758e-01 5.610160660181098269e-01 5.408691190034307095e-01 5.775526713749499219e-01 5.992274562192729803e-01 5.934978564954455083e-01 5.545910898319496019e-01 5.781715346549042289e-01 5.793844537150404372e-01 5.620276850177972072e-01 5.787720830797370430e-01 6.133079993743224545e-01 5.913633945479325194e-01 6.441973308493225137e-01 6.118939923241910606e-01 5.333633071179036955e-01 5.130895260432890570e-01 5.051789056042095272e-01 5.545776857961534079e-01 5.803227287603531792e-01 5.704560985229809589e-01 5.754933096583940699e-01 5.942918451430979632e-01 5.726500051488173648e-01 5.619618947239687357e-01 5.938339508256170740e-01 5.571336406418804232e-01 5.735257024739862652e-01 5.649330687755834690e-01 5.341540845382267699e-01 5.451811403479036588e-01 5.876007202378222827e-01 5.478236543544031667e-01 5.321654562613105099e-01 5.268010860469899415e-01 5.384886531948579469e-01 5.615830060053986772e-01 5.549857276277044837e-01 5.493270977727862103e-01 5.108700698280789210e-01 5.509111291613507655e-01 5.361234013566100742e-01 5.325250971630739460e-01 5.481101428671383280e-01 5.578426229437466466e-01 5.527640879554590603e-01 5.927779185436286014e-01 5.644155339392357140e-01 5.753245654908006879e-01 5.891398957885594090e-01 5.852529700568038784e-01 5.539002512566938430e-01 5.788330190181741886e-01 5.850118094695944126e-01 5.862711580369927011e-01 5.862973577640711031e-01 5.818596798421313832e-01 5.771634744954821095e-01 6.290422179805726932e-01 6.053006260062626653e-01 6.080649858572680921e-01 6.081660948547369383e-01 6.122697024199004190e-01 5.974256254918888231e-01 6.090440721931648094e-01 6.026240741087598440e-01 6.126332270604668562e-01 5.831035687617768248e-01 5.904270664040356387e-01 5.656529469381926800e-01 5.617465968939345800e-01 5.850358995183496669e-01 5.897532241285545762e-01 5.849541889253306870e-01 5.990336945333085694e-01 5.986339757704098874e-01 5.697107838911743549e-01 5.955189178916119319e-01
-9.123403540656696911e-03 1.864090219001536888e-02 1.622810284807796044e-01 3.590861556290866341e-01 1.000000000000000000e+00 2.842337002960027004e-01 4.566868013296366269e-01 4.402268638308547977e-01 4.356444019540523516e-01 3.762573098113732306e-01 4.352144735705459899e-01 4.852924360697460915e-01 4.627263575078433555e-01 4.271215775897426181e-01 4.960408180892014740e-01 4.965473484883073940e-01 4.250589722047405927e-01 3.133062733582891446e-01 3.807496946473896693e-01 3.009547670399652652e-01 3.275252613619284436e-01 3.857405398338469849e-01 3.723376009385534480e-01 3.432499607940635578e-01 3.750493328928171666e-01 4.559959267544572703e-01 4.389941727273547478e-01 4.335162066793623037e-01 3.883559782604379951e-01 4.186291398472248848e-01 4.526440376694743639e-01 4.545651959943067810e-01 4.487751731833951041e-01 4.644526136323403609e-01 4.496249628474853766e-01 4.825090189837242249e-01 4.713475380107826074e-01 4.952892231167910220e-01 4.875786021893072086e-01 4.624830424187327260e-01 4.828671951317841660e-01 4.862242715134644233e-01 4.897215651194821162e-01 4.947260864598417851e-01 4.709458856329829524e-01 4.939644818757850664e-01 4.929133492112995341e-01 4.899522781820130901e-01 4.950660280837063665e-01 5.004429862631375459e-01 4.984570012021867225e-01 4.890245125266055037e-01 4.976522032638712179e-01 4.776667176146506821e-01 4.734897989952843722e-01 4.732842463291188073e-01 4.934890448113363193e-01 4.959415479237781477e-01 4.946707017299350473e-01 4.999303469377393006e-01 5.006560835550504240e-01 4.991634284333405502e-01 4.963147775724101041e-01 5.135655283598848930e-01 4.919897750633188682e-01 4.922662978738678863e-01 4.918004571773599287e-01 4.818996499739788830e-01 4.811769986353681694e-01 4.741431425933536059e-01 4.837198226309000759e-01 4.842730991360992832e-01 4.669330656889685849e-01 4.664339816275914208e-01 4.958897988171976356e-01 4.865193791875785934e-01 4.889743698396872840e-01 4.770103244557728495e-01 4.914440313827159734e-01 4.829135615102277956e-01 4.832936722043177924e-01 4.890595233060739400e-01 4.937593490680297625e-01 4.894708691972901038e-01 4.989436652144624840e-01 4.892518781628857893e-01 4.935745750295985057e-01 4.982610503571173188e-01 4.955852792211196678e-01 4.926226513388161643e-01 4.958921733658770425e-01 4.994338284167756936e-01 4.945713426539137814e-01 4.969013210589001139e-01 4.965296546789320087e-01 4.948381278090689395e-01 5.008716028530493247e-01 5.014654948552131897e-01 5.014934875660805869e-01 5.036278501122348761e-01 5.008576462062453993e-01 5.030344537073232480e-01 5.006674991555166709e-01 5.032670581539692156e-01 5.040984637109240385e-01 5.025321949762976415e-01 4.998368182930361114e-01 4.896132366241265355e-01 4.920901957261635262e-01 5.008481049097674997e-01 5.000854479280152365e-01 4.983467625022739433e-01 5.039107442115741131e-01 5.059907828941846430e-01 4.981864669877604235e-01 4.998010717791186441e-01
3.791566727965947625e-02 7.603950260011747841e-02 2.362288995037478689e-01 3.509050460682926476e-01 2.842337002960027004e-01 1.000000000000000000e+00 5.452508443547925410e-01 4.954847006551068578e-01 5.267310032954332089e-01 4.545094038184888663e-01 5.360276671546806426e-01 5.577336317334292692e-01 5.186127051357024564e-01 4.902233463426113880e-01 5.808258983917313767e-01 5.650767398148862641e-01 5.431727191488292528e-01 4.858629811547247601e-01 5.320053595726959017e-01 4.386807316325783135e-01 4.744709914451104016e-01 5.302685238766293718e-01 5.323960221359981260e-01 5.086333509117375584e-01 5.332760283530447731e-01 5.642905698843437845e-01 5.680003759553496900e-01 5.607002068750533974e-01 5.162539316807123191e-01 5.624387532037941062e-01 5.738303020307298219e-01 5.865547154459515022e-01 5.624880957588377361e-01 5.764135477343387270e-01 5.634500707508952599e-01 5.743724154847426044e-01 5.834379448767424980e-01 5.754492976956432360e-01 5.863493405713340323e-01 5.712103832386137281e-01 5.830721700191426882e-01 5.780753329664111151e-01 5.707526000270263244e-01 5.939619999703233955e-01 5.890750219188066739e-01 5.869074884845251194e-01 5.767616070058986244e-01 5.827567896456965491e-01 5.875780576188351922e-01 5.867404913444673742e-01 5.926192560682743693e-01 5.787632610266620903e-01 5.714800063974460054e-01 5.826720292642912913e-01 5.851892645571273865e-01 5.799293381839382144e-01 5.928073584797625140e-01 5.824476981584609803e-01 5.908271322344170740e-01 5.831355464990171100e-01 5.856794831398713930e-01 5.894715689667623382e-01 5.854965241444868296e-01 5.890843328188458683e-01 5.869005331639443046e-01 5.886376654963293431e-01 5.820988222286093139e-01 5.913774379070022569e-01 5.922970656507158260e-01 5.962511388173754590e-01 5.969102597554444278e-01 5.917883245152051330e-01 5.864501972368970639e-01 5.891731650591578440e-01 5.860127511296183700e-01 5.878808658179471847e-01 5.871048090447190670e-01 5.841566104469436693e-01 5.844603052821193412e-01 5.854472790965719042e-01 5.848150454825639111e-01 5.843146091308077938e-01 5.905655070602219281e-01 5.829473275781908992e-01 5.906059499384691547e-01 5.865547180472198141e-01 5.924868392739934819e-01 5.865364175520364487e-01 5.855007254295390151e-01 5.836324915767430177e-01 5.877402797589948991e-01 5.842517125898578634e-01 5.886273226749024756e-01 5.875221734841346022e-01 5.805915465046260771e-01 5.828078539556781346e-01 5.805427997410075314e-01 5.898087277980201826e-01 5.808447739851724245e-01 5.859355497818365954e-01 5.797265983417412283e-01 5.877157725620819617e-01 5.835343228989159359e-01 5.843252487982328880e-01 5.907650892216617100e-01 5.885678635954579851e-01 5.846710348969675897e-01 5.788005495039422188e-01 5.819424461886615330e-01 5.882707809817073752e-01 5.846817871104001973e-01 5.841242184958127526e-01 5.884034167303506813e-01 5.856362461792324892e-01 5.866829380976535946e-01 5.855900006006805603e-01
4.025462041202385044e-02 1.092016085991113633e-01 3.155307836486520578e-01 5.504147808434860512e-01 4.566868013296366269e-01 5.452508443547925410e-01 1.000000000000000000e+00 7.160903753925108584e-01 7.185435271525948409e-01 6.229660860218776408e-01 7.535822524502444608e-01 7.932661068812444372e-01 7.453495218479823103e-01 6.918813568311229512e-01 8.300560306933524313e-01 8.078205437156208424e-01 7.312258854869204683e-01 6.399460457737063956e-01 7.128837529525021699e-01 5.806689070708920264e-01 6.322846278500212636e-01 7.233483669076106182e-01 7.090794864274291287e-01 6.947717925364236269e-01 7.227380227070245855e-01 7.879577102553227963e-01 7.676785896510228691e-01 7.658741339472896481e-01 6.858446098103339050e-01 7.372627596972987085e-01 7.778956580630376205e-01 8.109411517713709383e-01 7.848020956522594460e-01 8.075984460308148760e-01 7.699855159707535979e-01 8.274096324560045179e-01 8.051897302972611525e-01 8.303701151419857762e-01 8.317917254517041004e-01 8.162322072340688628e-01 8.206458052633998079e-01 8.186755845217114080e-01 8.361620692876322591e-01 8.282479819268554477e-01 8.132149681036927591e-01 8.255712314009744368e-01 8.141410384422848034e-01 8.188153254734271691e-01 8.286891750996113748e-01 8.282008440204762234e-01 8.390133739051750528e-01 8.221483068606106892e-01 8.184596461614233043e-01 8.062569816781712806e-01 8.092687249206553801e-01 8.140272956566108054e-01 8.262826448519664524e-01 8.219567449077721522e-01 8.276830085199141651e-01 8.199752909638520215e-01 8.299243883921871845e-01 8.296145880913829984e-01 8.286497220998210178e-01 8.320590010566991657e-01 8.200049244248247549e-01 8.208128534480623184e-01 8.195662850304202829e-01 8.262623003818119205e-01 8.299975284214584637e-01 8.174165582311635481e-01 8.303380448846386930e-01 8.251424184379518856e-01 8.206405279107505946e-01 8.212908564656683508e-01 8.261637317726251428e-01 8.240118651883513445e-01 8.190519148357162660e-01 8.028828386708983800e-01 8.207151498351499264e-01 8.106378291185739604e-01 8.157392263085799788e-01 8.155079855166422753e-01 8.324749116440347541e-01 8.212467405945212962e-01 8.351380107394337227e-01 8.286736747979711604e-01 8.314444045822870777e-01 8.295377557960688097e-01 8.308394656141074863e-01 8.303359290576640683e-01 8.362381514298317109e-01 8.273549398147104217e-01 8.282375908799659570e-01 8.297974548798791039e-01 8.171092252881886342e-01 8.232243953855866714e-01 8.345326930467680260e-01 8.296842523279812642e-01 8.263972374779555707e-01 8.347775399466472734e-01 8.317692475153815046e-01 8.372422843140978621e-01 8.252251057750359386e-01 8.324253969108057483e-01 8.366091137869250405e-01 8.350302129951991947e-01 8.223348934647084496e-01 8.154808189207762847e-01 8.213841801433592327e-01 8.279082637169064007e-01 8.315513837259752572e-01 8.228011910217414293e-01 8.306340574955748401e-01 8.296004695746344026e-01 8.242977946463037053e-01 8.247423066558452476e-01
1.874373741054424780e-02 1.090087828944229231e-01 3.193904113740729800e-01 5.577853059408475200e-01 4.402268638308547977e-01 4.954847006551068578e-01 7.160903753925108584e-01 1.000000000000000000e+00 6.662921461037683013e-01 6.035287130053260674e-01 7.163597113091659807e-01 7.779680349725385247e-01 7.280488031740008914e-01 6.478294976760629043e-01 7.905232221456387487e-01 7.825361928774762221e-01 6.849911278233884460e-01 5.876486695263718474e-01 6.507924845400152591e-01 5.792017560416772293e-01 5.987557841398174485e-01 6.734702813661823662e-01 6.662207323151136951e-01 6.282644326649514666e-01 6.672706691050561689e-01 7.371514676806981692e-01 7.260096736374691551e-01 7.256958121472418810e-01 6.380214027574403479e-01 6.928604149273693835e-01 7.396013153996285894e-01 7.609303680754869736e-01 7.346224048545310081e-01 7.496592164204521902e-01 7.207759953238928041e-01 7.832000515349466507e-01 7.526136035956637604e-01 7.833099684316624511e-01 7.788589480719977365e-01 7.827142922803633773e-01 7.783557863617245332e-01 7.890096495900927875e-01 7.990217926468278220e-01 7.968398250694566087e-01 7.715817701591269895e-01 7.882585684559837436e-01 7.783412801339418818e-01 7.832332926930394290e-01 7.848275978683491028e-01 7.910303218965765160e-01 7.966136610639327209e-01 7.844183991992444982e-01 7.831875273613491117e-01 7.704929787754721815e-01 7.641143545013343585e-01 7.655113610847826822e-01 7.794679022976143123e-01 7.901956740087991982e-01 7.875246322654981812e-01 7.808616855125166678e-01 7.880748692038685999e-01 7.856045603257939547e-01 7.813474653801010250e-01 7.863065516817252520e-01 7.763296746799651649e-01 7.783084177036079243e-01 7.792076199260190572e-01 7.797579263653057202e-01 7.819922310237353846e-01 7.905706899355651185e-01 7.871828397619102802e-01 7.808691658956591342e-01 7.668218038702756534e-01 7.722990031340380979e-01 7.843957158855682232e-01 7.815048412088024810e-01 7.793292115456632585e-01 7.603642532401847509e-01 7.739663605876974106e-01 7.704352898558829432e-01 7.711746187958004040e-01 7.771743338050387528e-01 7.856662534950109578e-01 7.757753228977125604e-01 7.972838392223673409e-01 7.831991501368092967e-01 7.870358651222427726e-01 7.933303333909955679e-01 7.894691701145427620e-01 7.833400505910005363e-01 7.946953773761245010e-01 7.888872214942751482e-01 7.900528020739785440e-01 7.922046092170291764e-01 7.820989902237804881e-01 7.848691296226087966e-01 8.010873699377546453e-01 7.932167380548763580e-01 7.944643333391046003e-01 7.988224127765093385e-01 7.965924595784101836e-01 8.002971557987571538e-01 7.882947318983425378e-01 7.975814026042586935e-01 7.987163009522608714e-01 7.920355935668317304e-01 7.875283392298715324e-01 7.776234040906285783e-01 7.794678893146144150e-01 7.901028632952361574e-01 7.947987624907457693e-01 7.864367813073985802e-01 7.949202624672947470e-01 7.901926884501135895e-01 7.805639123647362121e-01 7.863395529473724554e-01
1.738473959295042670e-01 2.108669155678781493e-01 3.676421895755213609e-01 4.058660424087269791e-01 4.356444019540523516e-01 5.267310032954332089e-01 7.185435271525948409e-01 6.662921461037683013e-01 1.000000000000000000e+00 7.223099386693837554e-01 7.911063475159738623e-01 7.648166374659761679e-01 7.554408888077839279e-01 7.120351354093991114e-01 8.136334689811796084e-01 8.021739794474946894e-01 8.073837039253148884e-01 7.423092515841451799e-01 7.925284966527990083e-01 5.587955415485833521e-01 6.837070066132292512e-01 7.941801420313849835e-01 8.098982433111777679e-01 7.327552984749075016e-01 7.872397621693032477e-01 8.674866447709345119e-01 8.567360377642848634e-01 8.602892216106198253e-01 8.212320423441699102e-01 8.662959090501836101e-01 8.798329724082706305e-01 8.717658639526648656e-01 8.239742366700176790e-01 8.363170629343829043e-01 8.549307663568528337e-01 8.238925193233739286e-01 8.658748535765151688e-01 8.385147125810905600e-01 8.578567490916150229e-01 8.051756644924444872e-01 8.669003808580961756e-01 8.455440452781179950e-01 8.088986320642620464e-01 8.388030926969688439e-01 8.508596724855240767e-01 8.515971910111450605e-01 8.506873644923879096e-01 8.707946552323048151e-01 8.593121984275086112e-01 8.104888354039163634e-01 8.518496454849152633e-01 7.818713549630009751e-01 8.132998469592481738e-01 8.791395798752967838e-01 8.804308620289604814e-01 8.813792896794917509e-01 8.672511836972279786e-01 8.573620645251395223e-01 8.579628863261395955e-01 8.612480317464671353e-01 8.532520995705585864e-01 8.604784148320724357e-01 8.553549272508624846e-01 8.465725607813227027e-01 8.686354716040965984e-01 8.594475980846352225e-01 8.637658472514575525e-01 8.819394001987032050e-01 8.789100312120737835e-01 8.393656524869756996e-01 8.714087434482264971e-01 8.820489719711637200e-01 8.686553095729634411e-01 8.636441301076006605e-01 8.735360764724182658e-01 8.742811537743740979e-01 8.724094528663747239e-01 8.800697871114415705e-01 8.711203812889856124e-01 8.790955175015087164e-01 8.809658042764817454e-01 8.761921926782810788e-01 8.774571689419445875e-01 8.687842179208692395e-01 8.507215398302050424e-01 8.651772354527524911e-01 8.642554651954427181e-01 8.541352941884000627e-01 8.570950220713787759e-01 8.745252586242695525e-01 8.604571974960917302e-01 8.565905370026528631e-01 8.561706971473771466e-01 8.582138877168647983e-01 8.533448591352040813e-01 8.599817623819117074e-01 8.191571858444971488e-01 8.470751842569206325e-01 8.364288005198304843e-01 8.443525020332864894e-01 8.339712774322129984e-01 8.513030867299359317e-01 8.426821134709665539e-01 8.483271837500523382e-01 8.470430093078806788e-01 8.626904613860331139e-01 8.535376249361312784e-01 8.653309295441499183e-01 8.678157089577076544e-01 8.592684437332395175e-01 8.527540242962480255e-01 8.584230266064767356e-01 8.505897061926146474e-01 8.511490039944724639e-01 8.667738952644971073e-01 8.543831841749386369e-01
8.108904219904282396e-02 1.864784100905696462e-01 3.139156547160965038e-01 3.644472530215159822e-01 3.762573098113732306e-01 4.545094038184888663e-01 6.229660860218776408e-01 6.035287130053260674e-01 7.223099386693837554e-01 1.000000000000000000e+00 7.068883945061269491e-01 6.999669503701221318e-01 6.685704797143237066e-01 6.576956667481588248e-01 7.502708115470059225e-01 7.343451873188743262e-01 7.092105274335906984e-01 5.810801544440741262e-01 6.563121014231465544e-01 4.228340820856584248e-01 4.959165984130545213e-01 6.245446911905619958e-01 6.908085428774624059e-01 6.008303656939343318e-01 6.404940909455332232e-01 7.574746804755210228e-01 7.530284657668695480e-01 7.601173421417869447e-01 6.990180947666430056e-01 7.468826861559605401e-01 7.770865685748958862e-01 7.645835950380116541e-01 7.213095196593948266e-01 7.367618068805322773e-01 7.586230967136772252e-01 7.313428790321283568e-01 7.682470976972961552e-01 7.441798367191194696e-01 7.618972558624806934e-01 7.256890652090587368e-01 7.779347591640244364e-01 7.761130240375512246e-01 7.326589566382458729e-01 7.663320380464685444e-01 7.721356529282097370e-01 7.706163741034778303e-01 7.874501414871345473e-01 7.941264269936444409e-01 7.798663614107083086e-01 7.209372706499315164e-01 7.561837595912123122e-01 6.941947954902790707e-01 7.508753187024468367e-01 8.020776538895744157e-01 7.855375556374908363e-01 7.860319746583276368e-01 7.703878889459229162e-01 7.808120330633081529e-01 7.760871441154700845e-01 7.851307004059415728e-01 7.804597220333796548e-01 7.732239735638241074e-01 7.681786427061326750e-01 7.554769315491369763e-01 7.762115557883481065e-01 7.804553356394885455e-01 7.923117820545833023e-01 7.848479031340862555e-01 7.850071830060985079e-01 7.285541520982414809e-01 7.652149777337317049e-01 7.853760344513776026e-01 7.681338361751814947e-01 7.641105921946630408e-01 7.927374695611590916e-01 7.895186229543738055e-01 7.896291852138180856e-01 7.921188180689344716e-01 7.923565651184008019e-01 7.981148212392162877e-01 7.963321051325700228e-01 7.975380560600073832e-01 7.888565225974365491e-01 7.942634984010085164e-01 7.752767110226906899e-01 7.853320500167852991e-01 7.872009727638388243e-01 7.840405466324907868e-01 7.877480741426214905e-01 7.884695750436984119e-01 7.821259666101130215e-01 7.880369908541396962e-01 7.871929445060003028e-01 7.880462411431100600e-01 7.929175062447250122e-01 7.940347721332372544e-01 7.517685108150145012e-01 7.657224828617945622e-01 7.764091099176123612e-01 7.739814364889469056e-01 7.726746031605148390e-01 7.782970507376698599e-01 7.732008673536567844e-01 7.785054177531558484e-01 7.743713870071204930e-01 7.803282096102434062e-01 7.866642692473450049e-01 7.999778544106268541e-01 7.949375231148428922e-01 7.865935355586770594e-01 7.847951064416957001e-01 7.915805974842150539e-01 7.817332648037410570e-01 7.799285591294931042e-01 7.896961365051869963e-01 7.833549385959639455e-01
4.506118890711610647e-02 1.502135943561553055e-01 3.700658749452916951e-01 5.136206886092518076e-01 4.352144735705459899e-01 5.360276671546806426e-01 7.535822524502444608e-01 7.163597113091659807e-01 7.911063475159738623e-01 7.068883945061269491e-01 1.000000000000000000e+00 8.347680902953649174e-01 7.741482619309995039e-01 7.338705785832875250e-01 8.599814875847892059e-01 8.378387660951723825e-01 7.919766591217815010e-01 6.920024730293438120e-01 7.601938839588103791e-01 5.794516344309904587e-01 6.559181081354035214e-01 7.643941210857918556e-01 7.780985902551209588e-01 7.157599147166010534e-01 7.575966832241316506e-01 8.408516833192727358e-01 8.358888718232101445e-01 8.349213985926414727e-01 7.762378426951394017e-01 8.233036968718148163e-01 8.580817892272114555e-01 8.685654832110819568e-01 8.303322809143011130e-01 8.509720463289589532e-01 8.391563920225710849e-01 8.687273291589442392e-01 8.708203236812663839e-01 8.711012520727641206e-01 8.799220900385376076e-01 8.487311412646849629e-01 8.751720963069977710e-01 8.755547401129502028e-01 8.577175248380014549e-01 8.768268862024254373e-01 8.762824393991746064e-01 8.832669977696149255e-01 8.795035209697233958e-01 8.851737045796154169e-01 8.852383501109136743e-01 8.594196847017111507e-01 8.821334383597614348e-01 8.490076612532768685e-01 8.650479829319496217e-01 8.784566596772604985e-01 8.705949472252288990e-01 8.757533819048245460e-01 8.801568544465780963e-01 8.778609769197712742e-01 8.817803323620555522e-01 8.828908165495102933e-01 8.848013194628154832e-01 8.819677855235767971e-01 8.761005879927740159e-01 8.796004105229526804e-01 8.809274486206337684e-01 8.817670320845907295e-01 8.848609269127574173e-01 8.880420510643072252e-01 8.919325142173650800e-01 8.642024220402543255e-01 8.825694988793403306e-01 8.879304766689650741e-01 8.767819585199859711e-01 8.712743938808649169e-01 8.882888155702891586e-01 8.883380448344901925e-01 8.861511357422054980e-01 8.814711987317821462e-01 8.869502125668183856e-01 8.838983770574896370e-01 8.840411381070386598e-01 8.858916307056099448e-01 8.907995080760645612e-01 8.865003967615984193e-01 8.863055468773084478e-01 8.869592851729254379e-01 8.902999635102935017e-01 8.853871555414910555e-01 8.864409787744761404e-01 8.859106813611254960e-01 8.899587140930437235e-01 8.867968170020622543e-01 8.869441613903952248e-01 8.866717011025150308e-01 8.834524542658048762e-01 8.852745487452424733e-01 8.699076386047519538e-01 8.766199854055674034e-01 8.770058986279165580e-01 8.808355295758293346e-01 8.787618592984848265e-01 8.834798978825855187e-01 8.781368809761149752e-01 8.847986580115765332e-01 8.864876440725234508e-01 8.857209513934652945e-01 8.821200203803496454e-01 8.832999954918512309e-01 8.849193696540099685e-01 8.855732941109683010e-01 8.840990061504193642e-01 8.856915998354143449e-01 8.838326816042073597e-01 8.824510053305694157e-01 8.867370796287306067e-01 8.838692650964778963e-01
-5.813436397561479868e-02 8.949038743483415936e-02 3.707321555556447601e-01 6.543615069053549949e-01 4.852924360697460915e-01 5.577336317334292692e-01 7.932661068812444372e-01 7.779680349725385247e-01 7.648166374659761679e-01 6.999669503701221318e-01 8.347680902953649174e-01 1.000000000000000000e+00 8.130434380051283494e-01 7.753382715187208118e-01 9.187129086499747910e-01 8.985058889810073612e-01 7.877786302466450730e-01 6.283208268463997825e-01 7.036248718285461612e-01 6.177521513770305450e-01 6.133491796473771185e-01 7.133447668874719483e-01 7.313874372723295769e-01 6.940223066106214755e-01 7.242621029311756553e-01 8.170120133603625545e-01 8.112455799292274117e-01 8.119831204081499054e-01 7.074090942979300856e-01 7.777748489204575622e-01 8.336264176535721493e-01 8.620446981822315058e-01 8.306745474145541541e-01 8.663059790256396608e-01 8.289403543513123029e-01 9.036010174275421747e-01 8.654177692692941459e-01 8.995317395384770931e-01 8.974068480732589892e-01 8.775617845197097866e-01 8.920028415253956622e-01 9.093699700504751515e-01 9.069088168016621321e-01 9.217302729916602155e-01 8.978980405135813525e-01 9.075971037583019374e-01 9.187663608235390189e-01 9.115591716932056610e-01 9.218089301303535876e-01 9.195601569858128377e-01 9.230906461033236976e-01 9.211945210787326754e-01 9.221164518897179141e-01 8.962582533246212790e-01 8.826964166748960672e-01 8.728639268207578628e-01 9.047969212322795052e-01 9.155814806345110579e-01 9.168092774606078077e-01 9.192004459415494821e-01 9.271942990434358656e-01 9.189265341990281444e-01 9.088581658555641152e-01 9.247408941977909302e-01 9.084473160138751835e-01 9.178178998092076935e-01 9.147420111228700135e-01 8.960323676894771383e-01 9.008202691445880150e-01 9.055924085301358950e-01 8.979608854018511499e-01 8.931740904031519879e-01 8.857489305831586224e-01 8.862889760163800146e-01 9.098201696666115001e-01 9.042480115221754877e-01 8.988085553745972511e-01 8.790145160507136790e-01 9.027572158389818302e-01 8.944174028486423511e-01 8.958506213671368901e-01 9.039537237254898772e-01 9.111728416406560394e-01 9.061250072283743018e-01 9.258993506784658489e-01 9.172303473628868886e-01 9.201209234892502309e-01 9.242216765824875502e-01 9.213462906002515274e-01 9.038658000821018224e-01 9.185043429116817038e-01 9.211658894475431847e-01 9.245935679474929225e-01 9.221492048731334545e-01 9.222239182837990157e-01 9.207858825096443267e-01 9.285516198351537742e-01 9.271085823228795153e-01 9.300787909708679857e-01 9.320041775199447986e-01 9.302701677137047431e-01 9.288226576891955855e-01 9.302079043257553970e-01 9.317425820572131645e-01 9.355713414598978428e-01 9.209765344202526238e-01 9.269159794551680154e-01 9.137080480490525902e-01 9.110387919243743138e-01 9.249523570213116219e-01 9.266329983687084937e-01 9.245102472348877276e-01 9.306981160302663092e-01 9.288020764929931783e-01 9.185964595931266352e-01 9.300566185740081204e-01
2.295941954556066089e-02 1.384240401832353695e-01 3.513356498607363987e-01 5.358793060450411927e-01 4.627263575078433555e-01 5.186127051357024564e-01 7.453495218479823103e-01 7.280488031740008914e-01 7.554408888077839279e-01 6.685704797143237066e-01 7.741482619309995039e-01 8.130434380051283494e-01 1.000000000000000000e+00 7.345854400300387832e-01 8.478077382088993197e-01 8.330451860040520851e-01 7.605669888569221992e-01 6.169463802040646705e-01 7.038343181338269083e-01 5.356544324798143686e-01 5.930204538437359174e-01 7.132062088445497716e-01 7.133641653481764822e-01 6.549497692236823099e-01 7.073189673366389041e-01 8.139518736025411760e-01 7.971347643968544894e-01 7.985257480781366990e-01 7.289803910993591929e-01 7.750478313875520664e-01 8.210416552444613769e-01 8.235785549859738763e-01 7.877800820453824127e-01 8.083358036721393081e-01 8.079877659789778122e-01 8.367121609169432261e-01 8.305220302582354552e-01 8.392502279871513204e-01 8.486795435736214088e-01 8.123219583257083043e-01 8.487441813629114096e-01 8.500926125190371163e-01 8.397504348232157634e-01 8.564270656267415349e-01 8.420200762630855040e-01 8.549375540215098379e-01 8.589059889503167788e-01 8.608449119657156645e-01 8.616119513901694393e-01 8.374240389240218407e-01 8.576895848230036146e-01 8.327230153036350169e-01 8.483238315087675563e-01 8.526860053577977050e-01 8.404668507225900864e-01 8.424323819102691457e-01 8.557115615455087587e-01 8.611162037112716217e-01 8.590800010972001743e-01 8.670577823173013510e-01 8.684040977340375944e-01 8.606631534364457270e-01 8.530011234522238972e-01 8.636220556182085950e-01 8.577746861471914341e-01 8.601263445544509167e-01 8.607639680834801021e-01 8.520359350587781710e-01 8.537434594664543575e-01 8.289625218730735101e-01 8.505151074911259101e-01 8.566266651125334919e-01 8.343773325635817084e-01 8.382798280520686873e-01 8.638305832038115639e-01 8.611036893551727855e-01 8.574562673930596901e-01 8.464268903879551553e-01 8.583972720249015698e-01 8.566450433470819137e-01 8.558121620738883273e-01 8.602446519045940931e-01 8.631014189893302380e-01 8.597185957809013734e-01 8.623471983708635991e-01 8.578823487865874231e-01 8.634914695273013807e-01 8.597209168768125132e-01 8.652759675448405963e-01 8.592614972858898525e-01 8.612206439804424019e-01 8.623367593419638544e-01 8.634025421113568077e-01 8.638008350726908979e-01 8.620957265261293134e-01 8.631567244177159592e-01 8.552905810095218220e-01 8.652788263724923157e-01 8.624117129836211815e-01 8.653664270405518888e-01 8.608110845937435585e-01 8.665259533140055037e-01 8.620255852220132242e-01 8.677920843121876837e-01 8.681577409477744256e-01 8.682840299622195390e-01 8.637686844938967656e-01 8.616726295572290084e-01 8.621850650992031184e-01 8.670481533246970907e-01 8.647519353888967197e-01 8.658483193489352470e-01 8.671290899937480479e-01 8.675666278399774001e-01 8.672164982615473416e-01 8.660388561299249277e-01
