1.000000000000000000e+00 1.441484025530932189e-01 1.017211805229780164e-01 2.160143036308814074e-02 3.212846169354338643e-02 1.500332632033745534e-02 2.226918179755916702e-02 3.389966259188246372e-02 1.300870345916401993e-01 7.950004440431920893e-02 3.807939976020881939e-02 6.882854199702986668e-03 3.166539088811675534e-02 -1.726552415557142117e-02 8.689044934514706872e-03 1.422042007622059331e-02 7.067678269409362335e-02 1.509625597083946447e-01 1.064133673944924058e-01 6.515994238238358160e-02 1.424584659072768711e-01 1.138362799501031197e-01 1.105468376513416701e-01 1.568616703290337810e-01 1.460154515201617376e-01 8.704646325293187437e-02 6.913656603586092186e-02 5.846755182124038774e-02 9.222452003218667427e-02 8.706239215067422543e-02 5.730621408999108518e-02 6.602002197827100405e-02 1.111437189891444945e-02 7.826758235954060783e-02 5.715640490140211361e-02 -4.573707004438451983e-03 3.170269232261337111e-02 1.239480711797733177e-02 4.765836084254279734e-04 -1.761155444499027181e-02 7.829495874450267956e-03 -9.939010935342535921e-03 -2.776249849396820318e-02 6.505699252093078387e-03 2.382990766426523396e-02 5.399064567263355506e-03 9.703843143484219488e-03 2.817034060164770246e-02 2.415074200601224907e-02 2.969483083815458238e-02 1.429358216744584104e-02 -2.806113723659433429e-02 4.115287129629724081e-03 6.607502629793642057e-02 5.242644556003909356e-02 4.270865432401637490e-02 6.519950047440443985e-02 1.310394641139903810e-02 2.602614108422235742e-02 3.086404208387030432e-02 1.159146547993251432e-02 2.353389119733589191e-02 2.208324205095475376e-02 1.922432175725320019e-02 3.156710636715657353e-02 3.827996721329560842e-02 2.475744690574904067e-02 3.641998545358535178e-02 4.012664300060204969e-02 1.692445592917418695e-02 3.756879933371325142e-02 3.966688195257529748e-02 5.714159960060394977e-02 6.098603196440111757e-02 3.585725062759664156e-02 2.941049462987075508e-02 2.534638344541131211e-02 4.408015498167171253e-02 2.753268587040609908e-02 3.758184066080780955e-02 2.939461778420703053e-02 2.695909103319436492e-02 3.773594229736559197e-02 2.328898178858167245e-02 1.271648198487912614e-02 2.918468939244051388e-02 5.890958868811125432e-03 -4.907173279443635683e-03 2.587522612523893237e-03 2.358428085692195961e-02 -4.121867560402715097e-03 2.794645091364168950e-03 7.843947610157392045e-03 -2.411763630718934039e-03 6.127975997247387882e-03 1.412095121626864673e-02 -4.048893158838904466e-02 1.118055852070322029e-02 -1.145431219068699519e-03 -5.820148649327925444e-03 -1.792127705193108031e-02 -4.059965120577525843e-03 -2.135693703813209513e-04 -8.156259509249228412e-04 6.267112565942411020e-03 1.287526305306843817e-02 9.751694351103437977e-03 2.117812932104411183e-02 2.040603611460039754e-02 1.556473045739898385e-02 -1.116642530775849860e-03 1.118243134012717951e-02 2.982465244425907148e-03 4.599636750256526872e-03 1.867026043941807587e-02 1.979364826247916390e-02
1.441484025530932189e-01 1.000000000000000000e+00 6.208785312249146676e-02 2.444256146472929478e-02 1.181014383879597784e-01 8.072011564721091881e-02 8.996339054195864882e-02 1.009612175158336733e-01 1.963145222842658244e-01 2.225464083901965151e-01 1.493354083530902543e-01 1.099227937286087753e-01 1.118891986985679626e-01 9.304365008682376204e-02 1.168775410939253134e-01 1.364492896600643101e-01 1.686554154115671444e-01 1.793727335978190229e-01 1.815103755790324347e-01 1.025569594175926441e-01 1.777041268574343080e-01 1.825226827456745138e-01 1.747651469364745469e-01 1.898225015593855702e-01 2.123303484754434922e-01 1.990454436714801101e-01 1.760908299476252603e-01 1.435557479364718558e-01 1.954338270801663779e-01 1.846457020559900408e-01 1.867882735398366523e-01 1.787861348667687533e-01 1.107998389693622132e-01 1.544784617180262054e-01 1.507558085630623101e-01 1.122730382475398692e-01 1.375724161810957802e-01 1.431164499829733761e-01 1.310660107556345377e-01 1.000054231327469623e-01 1.469082604520129953e-01 1.195702120113759925e-01 1.194496715254236147e-01 1.400473136131451801e-01 1.551971208191302576e-01 1.450663005234385794e-01 1.646514920504247026e-01 1.743338029768462527e-01 1.751941633209623261e-01 1.502431378824599095e-01 1.551323711300177099e-01 8.722420523291857242e-02 1.377525518547923489e-01 1.968827797447045003e-01 1.900932069993604978e-01 1.812249015342453640e-01 1.800697570608782438e-01 1.582965130549849053e-01 1.698818664045324001e-01 1.747009280896022476e-01 1.594127582081878158e-01 1.693616205349365855e-01 1.603341447373238526e-01 1.627411879693649310e-01 1.626779398311518354e-01 1.564443807253554641e-01 1.698031260018562361e-01 1.732521892031043675e-01 1.781977384799416364e-01 1.527501959033387147e-01 1.655533008867109135e-01 1.690023404890703962e-01 1.789677742165246555e-01 1.803242533864816977e-01 1.760725856520571619e-01 1.656872325403831170e-01 1.663553425602426750e-01 1.791150577463138660e-01 1.653684474055625298e-01 1.869657335492397321e-01 1.729396850239172667e-01 1.716368409199054423e-01 1.715746291894547915e-01 1.616576779505464190e-01 1.522559500245136976e-01 1.609958627431504474e-01 1.466590296608338839e-01 1.436221549750572868e-01 1.473130655742937722e-01 1.674510599677264677e-01 1.314263897379600032e-01 1.501255041887981923e-01 1.515518976217244407e-01 1.449668366919084073e-01 1.570936855937775101e-01 1.657368218711127994e-01 1.142160027522058502e-01 1.448711742232546285e-01 1.581333110145733967e-01 1.432168548401991925e-01 1.348562304308826842e-01 1.438942981668539789e-01 1.500756207416410748e-01 1.464149060312957829e-01 1.406686249011824541e-01 1.536190270045376394e-01 1.596026620735420676e-01 1.716356981946957350e-01 1.707494718571392067e-01 1.692865245522819084e-01 1.535210876109145695e-01 1.682746175181999981e-01 1.568163907449794114e-01 1.488326442513953629e-01 1.579102665717322107e-01 1.548145738151686102e-01
1.017211805229780164e-01 6.208785312249146676e-02 1.000000000000000000e+00 3.475959139520422569e-01 2.492452304190736767e-01 2.881738282425281850e-01 3.628907896812950118e-01 3.609638291466988891e-01 3.540121313523262869e-01 3.187562499583880271e-01 3.815240798151239288e-01 3.588024673711294743e-01 3.289690459262602507e-01 2.826742870708360833e-01 3.779135703298918125e-01 3.652563261215826529e-01 3.479361760616464516e-01 4.095761760876555080e-01 3.849391857662069483e-01 3.280682758534997356e-01 4.066360745742144678e-01 3.999221844154091099e-01 4.195223305926568669e-01 3.990753112433111927e-01 3.973655807562698761e-01 3.974589488527632275e-01 3.950117805028923734e-01 4.115831114451787842e-01 3.705843866160895006e-01 4.009288588410944709e-01 3.960705097234611949e-01 3.848361877102136064e-01 4.035380579970041515e-01 4.104703195944988670e-01 4.097475094040776145e-01 3.979063462268097595e-01 4.151482613974686875e-01 3.840305914930770004e-01 3.874631911616637781e-01 4.085180459166664058e-01 3.730128023249517644e-01 3.782421687893240403e-01 3.773386497317333110e-01 3.736712156793666195e-01 3.988610038152677340e-01 3.798840067303183576e-01 3.561725066529400907e-01 3.535519749410070411e-01 3.589036950036359475e-01 3.789847841326313138e-01 3.685339739950658222e-01 3.799599488470661868e-01 3.583525139750565747e-01 3.563878476564377173e-01 3.617152749510713083e-01 3.856117279229147599e-01 3.629259739173253951e-01 3.537565096216764293e-01 3.543783953955292887e-01 3.580486763672176553e-01 3.636107147920886185e-01 3.488268940799322260e-01 3.537941685420858962e-01 3.559090658687234510e-01 3.667358680487727285e-01 3.679822980421720291e-01 3.647231292654742330e-01 3.761576871273221156e-01 3.759913797181844708e-01 3.645669019068193406e-01 3.822561213677556635e-01 3.801312100571735408e-01 3.865208552216263804e-01 3.897883822565210155e-01 3.806869637506999360e-01 3.787754208385068488e-01 3.781018677937733607e-01 3.736696720739021149e-01 3.840800476959052578e-01 3.753646561006007132e-01 3.855815548613373833e-01 3.731864155829491825e-01 3.833561900843733827e-01 3.827470427265085018e-01 3.836269126438194288e-01 3.922006814234922922e-01 3.915032613058680999e-01 3.741192825274479716e-01 3.762621758819048035e-01 3.761814473975135242e-01 3.979349842609685162e-01 3.735830384832579676e-01 3.789524590125160075e-01 3.745478929046333616e-01 3.560513170274343109e-01 3.563651928358485543e-01 3.740985383941489717e-01 3.618352343674451355e-01 3.648520934718769704e-01 3.676888797028751155e-01 3.708798196455514451e-01 3.608368845814494685e-01 3.597354224416040580e-01 3.659754150419693985e-01 3.767013200482383084e-01 3.569287320409196829e-01 3.582980756439735348e-01 3.621785213588312180e-01 3.616078271846613346e-01 3.570340297957516618e-01 3.616845684268181205e-01 3.567352269554030508e-01 3.526775948364433422e-01 3.610440298000326953e-01 3.639916924143951071e-01 3.627255709459945576e-01
2.160143036308814074e-02 2.444256146472929478e-02 3.475959139520422569e-01 1.000000000000000000e+00 3.471958435018908662e-01 4.365873708419729105e-01 6.001893721863018616e-01 5.687572774404577869e-01 5.471504676579659332e-01 4.608972208618574706e-01 5.803021222389297407e-01 6.409727048809766847e-01 5.563203408090822144e-01 5.089589341266811395e-01 6.448853391681407254e-01 6.190074141910462124e-01 5.773668327447109005e-01 5.647554937097768457e-01 5.489863892130016909e-01 5.759364162200411030e-01 5.522003905653191103e-01 5.832230043303289202e-01 5.582115573994129720e-01 5.037531838962321373e-01 5.071697424064890436e-01 5.749163943000166199e-01 6.201411523708767470e-01 6.392401804131730980e-01 5.903629094258274757e-01 5.875017539695016611e-01 6.114072152052658637e-01 5.990381064854879423e-01 6.199918164570038526e-01 6.093636627854488452e-01 6.068362539390909083e-01 6.375590005885203304e-01 6.392912854449469551e-01 6.362145792209004114e-01 6.406913853120583813e-01 6.419026800920616393e-01 6.285350325210151690e-01 6.468729959188352918e-01 6.501457107547965464e-01 6.406099123772296400e-01 6.351964864423758073e-01 6.391301309066190761e-01 6.048690460342417419e-01 5.975805510944880439e-01 6.085100281008899437e-01 6.232721166951783465e-01 6.254353956376902390e-01 6.618858420605133741e-01 6.230309850580892927e-01 5.753404197218243699e-01 5.808289960980452804e-01 5.996497832149075835e-01 5.894032669554294390e-01 6.071752548468575261e-01 5.960960628900756619e-01 6.016765073080456716e-01 6.163953244638946671e-01 6.013832618161977228e-01 6.015540663419438605e-01 6.107442922120063233e-01 6.137715681322956085e-01 6.126587363792904695e-01 6.099439253023564156e-01 6.090643005496657603e-01 6.058065105634947711e-01 6.310432417380192893e-01 6.115281071249091260e-01 6.041788950745665687e-01 6.008050083922255036e-01 5.964009574993454077e-01 6.131520402210615117e-01 6.235357088585452567e-01 6.310667828480162056e-01 6.216656715537027811e-01 6.209740997154731268e-01 6.020591636465486562e-01 6.147555829046088549e-01 6.093265273504837598e-01 6.166435639507072963e-01 6.172817847147146209e-01 6.253254734187818631e-01 6.262241069655374304e-01 6.298993842377860197e-01 6.293872414433065998e-01 6.288375649675076451e-01 6.178861232982754137e-01 6.459705377935515136e-01 6.288345218076456522e-01 6.276303736376989129e-01 6.315737530904560471e-01 6.071125994933622705e-01 6.038029066024886982e-01 6.430744728006136945e-01 6.231417656595038546e-01 6.168360836504928058e-01 6.272247399222121711e-01 6.342818354394532676e-01 6.228207259401566942e-01 6.194568429143616495e-01 6.223353850028767731e-01 6.340808920822268435e-01 6.103867921052141821e-01 6.127529517039235207e-01 6.021067399903461403e-01 6.025294279998324454e-01 6.076786703770770126e-01 6.164493211446688825e-01 6.034973582042926221e-01 6.086219218712456414e-01 6.179113979135035795e-01 6.118675734509918529e-01 6.157866254654162930e-01
3.212846169354338643e-02 1.181014383879597784e-01 2.492452304190736767e-01 3.471958435018908662e-01 1.000000000000000000e+00 3.600183878751965216e-01 4.702239537796858992e-01 4.773535967658172896e-01 4.747566009283252231e-01 4.287375497639254185e-01 4.771187435136380328e-01 4.823986690161434221e-01 4.677552019555366036e-01 3.944349086929845316e-01 4.999540819003840397e-01 5.085966285783877217e-01 4.698130342437404350e-01 4.791609772117634281e-01 4.808558697250436831e-01 4.364161219622631482e-01 4.674041019513728856e-01 4.874176592523604135e-01 4.913081557245527198e-01 4.603874438820798054e-01 4.836058754155994066e-01 5.009843265287284853e-01 5.023719221417799474e-01 4.983769603117685354e-01 5.008306762875184281e-01 4.969826999105038667e-01 5.147916053736750763e-01 4.997548664059533463e-01 4.685337088467505517e-01 4.904120447194872945e-01 4.835714514063763625e-01 4.850533232455044863e-01 4.949981672315251768e-01 4.974923308983615344e-01 5.012641667367546683e-01 4.874522425608406317e-01 5.009647132993206853e-01 5.082164831580495701e-01 5.091540620910002257e-01 5.006196445530513017e-01 5.176651644666915297e-01 5.069375402734176417e-01 4.982893050703994242e-01 4.973243223101614374e-01 4.936002712975567919e-01 4.917268635669141408e-01 5.026591994711521183e-01 5.052420967527355700e-01 4.892672777125435801e-01 4.870329366168130725e-01 4.934419158374303005e-01 5.097656260909678716e-01 4.852934237728475653e-01 4.965948489722014081e-01 4.876718553595868477e-01 5.072925995810956268e-01 5.013389044912494041e-01 4.900649938672009265e-01 4.889544346345818804e-01 4.935238424476417474e-01 4.969436802023509681e-01 4.991522059710272186e-01 5.027016454566698433e-01 5.062582186117684513e-01 5.112446630391022095e-01 5.157291102431744712e-01 5.089782349620335378e-01 5.085578496013344330e-01 5.118769222383449113e-01 5.113465796455507473e-01 5.125536383935207496e-01 5.095124697875569320e-01 5.119572544161022920e-01 5.119300552508376789e-01 5.154201322112749173e-01 5.041326202235000276e-01 5.066239063844008017e-01 5.076651359673978181e-01 5.062949470505997418e-01 5.004738221265672138e-01 5.047821557354214006e-01 5.093674358283888370e-01 5.064215673511904825e-01 5.034093959563968879e-01 5.048422816789843726e-01 5.079682747935869713e-01 5.078109419712554251e-01 5.101325338219510064e-01 5.079030600824433472e-01 5.041761568725305898e-01 4.988808033016483567e-01 4.978386678538827548e-01 4.976914257629470595e-01 4.935992816806153427e-01 5.099013249048829355e-01 5.019884339264899520e-01 5.083284440247890501e-01 4.985979364479799503e-01 5.017797848204387234e-01 5.039888608185446595e-01 5.098458667215132190e-01 4.923483076849673457e-01 4.941630319920610748e-01 5.035917982922256675e-01 5.013600579945753921e-01 5.032269312548717233e-01 4.990438318859781175e-01 5.058994985060573102e-01 4.963764807918238930e-01 4.986325888081389879e-01 5.030016849368202925e-01 5.022685240552871022e-01
1.500332632033745534e-02 8.072011564721091881e-02 2.881738282425281850e-01 4.365873708419729105e-01 3.600183878751965216e-01 1.000000000000000000e+00 5.310043932420207557e-01 5.002240005528705291e-01 5.371860034635603798e-01 4.860195353418785280e-01 5.406496124958685146e-01 5.825766985814803123e-01 5.322624637831027128e-01 4.632828213165346987e-01 5.969176156814269829e-01 5.815644403686819341e-01 5.362306582396079158e-01 5.182341789658276854e-01 5.365745017392286043e-01 4.516977585740430401e-01 5.031452112316006087e-01 5.628036659675943465e-01 5.562403191250023804e-01 5.098270430674493037e-01 5.172561279109192389e-01 5.776533988501355577e-01 5.764995178917349250e-01 5.765726435102238590e-01 5.473692157355052323e-01 5.631662327887034802e-01 5.931521470787216588e-01 5.953158108302349927e-01 5.752826338971631648e-01 5.787122987228238147e-01 5.770304268575555673e-01 5.844044931160028433e-01 5.916466308830811149e-01 6.058355101511447849e-01 6.061337751439351829e-01 5.876347454066174203e-01 5.996869547335703654e-01 6.030638900857535623e-01 6.008193777726752449e-01 6.016523471126498102e-01 6.073584172972925632e-01 6.046160997514665736e-01 5.919612368646542944e-01 5.894184016455292774e-01 5.932471235576467494e-01 5.980297770420823777e-01 6.015165025675101029e-01 5.882029658133293148e-01 5.803771358124565349e-01 5.755212838919747664e-01 5.812503051023917289e-01 6.004810824604605024e-01 5.703704013473145373e-01 5.850034168314078853e-01 5.805542289219484120e-01 5.835767931239341788e-01 5.889624420723750253e-01 5.807147391013061100e-01 5.812109172080115460e-01 5.907573061800580616e-01 5.884868785202118646e-01 5.843922114284024749e-01 5.950579502465048742e-01 5.972542404119511872e-01 6.006600505749503105e-01 5.917551842312362975e-01 5.987618666751267638e-01 5.982187741286391081e-01 5.941432767813326077e-01 5.918996775133830157e-01 6.010719239350460485e-01 5.973484749131195981e-01 6.016824277089295459e-01 5.929996752606228050e-01 6.050659952286969734e-01 5.935141246023512007e-01 5.985430595606504589e-01 5.997371658730064059e-01 6.045734345286242206e-01 5.982796871658060400e-01 6.061737317985776974e-01 6.061400820708525705e-01 6.058562386273790290e-01 6.062287633773679740e-01 6.043139500620617888e-01 6.037723299551193135e-01 6.125511468060677034e-01 6.059083305986575629e-01 6.079551397997542406e-01 6.076942294390007548e-01 5.973973160390084747e-01 5.946836248361655475e-01 6.073216285336520137e-01 5.907291186546700379e-01 5.983346132656514049e-01 6.042156517710847163e-01 6.045495063283242709e-01 5.968989710299738016e-01 5.959178683163210977e-01 5.990113972898662986e-01 6.012754216991875733e-01 5.860825734960781741e-01 5.961575950073942920e-01 5.960414955879880239e-01 5.959750494245205088e-01 5.933121244620003232e-01 5.964002264476654380e-01 5.930720064727610374e-01 5.899845881951150117e-01 5.961327285849994384e-01 5.935289968458239418e-01 5.925766095390971877e-01
2.226918179755916702e-02 8.996339054195864882e-02 3.628907896812950118e-01 6.001893721863018616e-01 4.702239537796858992e-01 5.310043932420207557e-01 1.000000000000000000e+00 7.336673455075245487e-01 6.993102339624799324e-01 6.771009960820068008e-01 7.459544120106240683e-01 7.957056352203395466e-01 7.096626038132970438e-01 6.534589458844953791e-01 8.393425153160292140e-01 8.040289062807980391e-01 7.321787246160902374e-01 6.932758587149022711e-01 6.977294584145469214e-01 6.715757095782692865e-01 6.601409258995430962e-01 7.370715989725382666e-01 7.445264919069510823e-01 6.373416440581367581e-01 6.619647879552685854e-01 7.737117985021892963e-01 7.978028606964696623e-01 8.056889639495661282e-01 7.489019495303318452e-01 7.721665073858510198e-01 8.113940246368278597e-01 7.931335894465478820e-01 8.143777335776021253e-01 7.863968211790307583e-01 8.036088366450168108e-01 8.090582897667614182e-01 8.262470291766136343e-01 8.376388179411893287e-01 8.454985863168860138e-01 8.305157536941076835e-01 8.225130039382176905e-01 8.411104949977696865e-01 8.330492324546751037e-01 8.296567974480658636e-01 8.254335796217306953e-01 8.392181817474870797e-01 8.080089621621744378e-01 8.039095280118844222e-01 8.002268465301074496e-01 8.096273562786008293e-01 8.178595235675347741e-01 8.092785666047623838e-01 7.916519959008502250e-01 7.781798466549662008e-01 7.805408793158684633e-01 8.083719280232344317e-01 7.689619902593526346e-01 7.993053856393235179e-01 7.903516994114505589e-01 8.032392278000255459e-01 8.036514433212575970e-01 7.930258559282974407e-01 7.901196723474341876e-01 8.069152469493047208e-01 8.014532292935966362e-01 7.977827283806524505e-01 8.124221718623988453e-01 8.062760736210538015e-01 8.117666184121814510e-01 8.131705956588000106e-01 8.047475986388280544e-01 8.054442317448006206e-01 7.965326538633482611e-01 7.871754150685204010e-01 8.174067286977743096e-01 8.236883611954540774e-01 8.276932772132249427e-01 8.076415112652940431e-01 8.199849365873761453e-01 8.096890531218438047e-01 8.245223807331423238e-01 8.175208869920971289e-01 8.184310987022092032e-01 8.249289611146406465e-01 8.298756613330621201e-01 8.263535728462900742e-01 8.360212149715882113e-01 8.356766514395148615e-01 8.301271127425896568e-01 8.199224190552955038e-01 8.498604367170358165e-01 8.322746251058995570e-01 8.293135959120034872e-01 8.342309024051900446e-01 8.161231700792677124e-01 8.108098131284930954e-01 8.289667348631778454e-01 7.959869139815204386e-01 8.171460506723378092e-01 8.270247116630181639e-01 8.309522945200582544e-01 8.153637656330562367e-01 8.121237630325901513e-01 8.216584135539952705e-01 8.222762615560409438e-01 7.918404638519633831e-01 8.093699228899172704e-01 8.105074087976553709e-01 8.093789671661375529e-01 8.119153218710579711e-01 8.160967210890831547e-01 8.086389750386857589e-01 8.065351434458077895e-01 8.128116641603810866e-01 8.110649704372829838e-01 8.087847766353214451e-01
3.389966259188246372e-02 1.009612175158336733e-01 3.609638291466988891e-01 5.687572774404577869e-01 4.773535967658172896e-01 5.002240005528705291e-01 7.336673455075245487e-01 1.000000000000000000e+00 7.229689239839137693e-01 6.719137204475972291e-01 7.489091608846187853e-01 7.859959732645561692e-01 7.239396571545065884e-01 6.362937112187329047e-01 8.121157319925466078e-01 8.089623507331636931e-01 7.376588125473784174e-01 7.160118576630866150e-01 7.195305405082349504e-01 6.617166786783389432e-01 6.854749972037197381e-01 7.519223617799245529e-01 7.460711491943990969e-01 6.687968924947370608e-01 6.938367272769950800e-01 7.698573063483019618e-01 7.850082528681584515e-01 7.718426493334225036e-01 7.410264110959389194e-01 7.587699168978193631e-01 8.038279504894946248e-01 7.927679336301713953e-01 7.629863737106288291e-01 7.696398989643035149e-01 7.771428717732119518e-01 7.869304786672509655e-01 8.013680410660617426e-01 8.120148631025726482e-01 8.184215418191943536e-01 7.844413954948243894e-01 8.117197450230820843e-01 8.177714377372727883e-01 8.166998133397906923e-01 8.201125205120436412e-01 8.122174867052799341e-01 8.195933086234978848e-01 8.066305530372545052e-01 7.992636743009216005e-01 8.022259967683814663e-01 8.042713198504795047e-01 8.154042436176295316e-01 8.097601095139460581e-01 8.028135630951563906e-01 7.887910149628166723e-01 7.923550156137703082e-01 8.005408157193426577e-01 7.957347449452936150e-01 8.048068437747518677e-01 7.989261797758637762e-01 8.053981941788380672e-01 8.129454741167032594e-01 8.024014153352131418e-01 8.032826425671355519e-01 8.097927310761777742e-01 8.068500233274611411e-01 8.098031090807604748e-01 8.105680485746046271e-01 8.097214322702053213e-01 8.104762712125906932e-01 8.111241732008628302e-01 8.088858069856315058e-01 8.071069141208138120e-01 8.005629411455889022e-01 7.968237473698606133e-01 8.091532874015087140e-01 8.139042523628159387e-01 8.115213306799368143e-01 8.009735748927806487e-01 8.112095079891260552e-01 8.009721806569575220e-01 8.113791002651715711e-01 8.099941129450265453e-01 8.147220515929910478e-01 8.056859309402522040e-01 8.136639404645954476e-01 8.142853491194378401e-01 8.187569641524693465e-01 8.172316598503941432e-01 8.174112495983090199e-01 8.138679283211461835e-01 8.193799765723495110e-01 8.187303583260292505e-01 8.159507668180016049e-01 8.181097616731970446e-01 8.087419037353805740e-01 8.078400021598551861e-01 8.083262831863067266e-01 8.019234797264567227e-01 8.127236496262796317e-01 8.139832176436875288e-01 8.190486780433687830e-01 8.139461748673657571e-01 8.113894349708342668e-01 8.151118467884971297e-01 8.197106723330779277e-01 8.038010872265800577e-01 8.086917013068362081e-01 8.086193330006393731e-01 8.079010272689822747e-01 8.091406279052022477e-01 8.116100704997941673e-01 8.088942248446203687e-01 8.080836929018624382e-01 8.118372949315839637e-01 8.107981236911949718e-01 8.124797731577138027e-01
1.300870345916401993e-01 1.963145222842658244e-01 3.540121313523262869e-01 5.471504676579659332e-01 4.747566009283252231e-01 5.371860034635603798e-01 6.993102339624799324e-01 7.229689239839137693e-01 1.000000000000000000e+00 7.775570785625854908e-01 8.071439307692153120e-01 8.209972638456656258e-01 7.684817790927712666e-01 6.924210802475501136e-01 8.407694240067618008e-01 8.454239475301019713e-01 8.212101386862175056e-01 8.109426729092453767e-01 8.197600696374321982e-01 6.769732902006302400e-01 7.804983627282499059e-01 8.367996976950605736e-01 8.198522522344060537e-01 7.851525058585669958e-01 8.143439377531752621e-01 8.721536931468278908e-01 8.471427105706084149e-01 8.133911527765890215e-01 8.294374869795874128e-01 8.617971431614709354e-01 8.818491527438442334e-01 8.691082201362286819e-01 7.688772260155211091e-01 8.256484594634473373e-01 8.384734025141381553e-01 7.836542745222032647e-01 8.398284804153708372e-01 8.411122859081123782e-01 8.455436118482180241e-01 7.571668085393521430e-01 8.626977013240963998e-01 8.446278149401149626e-01 8.312932314203134165e-01 8.679005509331786383e-01 8.610680289675199939e-01 8.620426392452267272e-01 8.804889026363256210e-01 8.892287424450078248e-01 8.801174190774462280e-01 8.503148536261928570e-01 8.682084843603840030e-01 8.208871910364347046e-01 8.638663636783940891e-01 8.970883216927590942e-01 8.896751016299633275e-01 8.775906540854966353e-01 8.858562774155034347e-01 8.774370364187583649e-01 8.759703359663779665e-01 8.876644145242672534e-01 8.824805208656468780e-01 8.843243211700646533e-01 8.781697404056681977e-01 8.804166988683117534e-01 8.843426714350499651e-01 8.914049468800049336e-01 8.853260707077859060e-01 8.899838504585447785e-01 8.899251726086422343e-01 8.698627304166376417e-01 8.873282437690737101e-01 8.908071313138242742e-01 8.888174287444636779e-01 8.875879228180912905e-01 8.875989110126925041e-01 8.823672567553572099e-01 8.752182840472148007e-01 8.794915440675177276e-01 8.788739970808869817e-01 8.822039221856039504e-01 8.809184878746361136e-01 8.874795232077894447e-01 8.856750880421209171e-01 8.715935086507989871e-01 8.667869050772348816e-01 8.757433288868043952e-01 8.665211116848391404e-01 8.651526199386545546e-01 8.721295788152556572e-01 8.820109879201030179e-01 8.461786867102212284e-01 8.709152533114052908e-01 8.753669637108879575e-01 8.717955573001003877e-01 8.776478433322366657e-01 8.817316973606679209e-01 8.274368138204741818e-01 8.691092633043332460e-01 8.731178894984954475e-01 8.634989831490621492e-01 8.613137384949143271e-01 8.726152803749204212e-01 8.767223623664561760e-01 8.751463309119323908e-01 8.740675178778731791e-01 8.768864156390329123e-01 8.797060147806824437e-01 8.847939637138159119e-01 8.867214914216433597e-01 8.820041840429809765e-01 8.713574731007677210e-01 8.837984525309587891e-01 8.797082798035632534e-01 8.786146545078710179e-01 8.837256975506633250e-01 8.863359758871599547e-01
7.950004440431920893e-02 2.225464083901965151e-01 3.187562499583880271e-01 4.608972208618574706e-01 4.287375497639254185e-01 4.860195353418785280e-01 6.771009960820068008e-01 6.719137204475972291e-01 7.775570785625854908e-01 1.000000000000000000e+00 7.580635982153188790e-01 7.667185626631856099e-01 7.164843526484063752e-01 6.499146085594692535e-01 7.870510759543813961e-01 7.899975845504551009e-01 7.548401341376340667e-01 7.136111396007137619e-01 7.536928856513980257e-01 5.992739158059210425e-01 6.709222480525801613e-01 7.639730368955308659e-01 7.497136285439294223e-01 6.931316200252334303e-01 7.295108056909149763e-01 8.137515000548468658e-01 7.831665625894895788e-01 7.542235927878824242e-01 7.641250860316458615e-01 8.004719354505051010e-01 8.236466730742267872e-01 8.197704750706031884e-01 7.303888406425098623e-01 7.692187329101924931e-01 7.818878342524735459e-01 7.429653914617505572e-01 7.812904478398164931e-01 8.030191437742718596e-01 8.050768679664701555e-01 7.264970167379375399e-01 8.181894188531623202e-01 8.000810846718631186e-01 7.848726869872696410e-01 8.150367348693249303e-01 8.060226341954915830e-01 8.125256024215110617e-01 8.347632755838616525e-01 8.410287329121342026e-01 8.321559282954312797e-01 8.073549154184503918e-01 8.213407740473891439e-01 7.575847678122986650e-01 8.010253018825987947e-01 8.398734902797059254e-01 8.349256488170023749e-01 8.331632846828281869e-01 8.227658359683827083e-01 8.293166734738812718e-01 8.260007099537030051e-01 8.350208362928355221e-01 8.282691789921844405e-01 8.288716861384609613e-01 8.214429869965358399e-01 8.287005267909698381e-01 8.296596539952754146e-01 8.293856375888084553e-01 8.376962170217316928e-01 8.345444229135915437e-01 8.378090159619718813e-01 8.133634402749764236e-01 8.297596875070254452e-01 8.346853187726206436e-01 8.269964707353140154e-01 8.252043126632105929e-01 8.350345856304540737e-01 8.326538081569224703e-01 8.250260005663697660e-01 8.236200923156565823e-01 8.253069111324996543e-01 8.351947754167188265e-01 8.334711911518998262e-01 8.381032166585705712e-01 8.349218494524509593e-01 8.269206013288602497e-01 8.204819328283395885e-01 8.255018387920585177e-01 8.206464167036620072e-01 8.223941375024367284e-01 8.273720347817870024e-01 8.326166853845226035e-01 8.034517322054278710e-01 8.278978478708722832e-01 8.268073629298584581e-01 8.246046084453186875e-01 8.360674705237983728e-01 8.378983485600272063e-01 7.881875660766751723e-01 8.100467575386937069e-01 8.280796816356965628e-01 8.206438685056994808e-01 8.171317582878312447e-01 8.240070372022543221e-01 8.259351141711303024e-01 8.267204679056232575e-01 8.223006529388954267e-01 8.187737897627319628e-01 8.311313402114740567e-01 8.395221761589194420e-01 8.382342777284219615e-01 8.372378446273373021e-01 8.276053432325475301e-01 8.365188571964883302e-01 8.310842814524765920e-01 8.281968192516993010e-01 8.319343756671903067e-01 8.313465865122304788e-01
3.807939976020881939e-02 1.493354083530902543e-01 3.815240798151239288e-01 5.803021222389297407e-01 4.771187435136380328e-01 5.406496124958685146e-01 7.459544120106240683e-01 7.489091608846187853e-01 8.071439307692153120e-01 7.580635982153188790e-01 1.000000000000000000e+00 8.565869546275246549e-01 7.726865764675563408e-01 7.014505058293531992e-01 8.677019762138636905e-01 8.620404497571251268e-01 8.128633248806825806e-01 7.853746223460967846e-01 8.117603458659743421e-01 6.739713382157320742e-01 7.593996156323586932e-01 8.304939281485418379e-01 8.190489857666152229e-01 7.472463814097330959e-01 7.794014633802561764e-01 8.589752837225230753e-01 8.615607716716162656e-01 8.393402075416529495e-01 8.227129485812787468e-01 8.526767628717656367e-01 8.856253158769912259e-01 8.700037779125550097e-01 8.182432156757832864e-01 8.388109089194913937e-01 8.512124516638306382e-01 8.403521806370405356e-01 8.716451986447244504e-01 8.781104467225286925e-01 8.837355947669449652e-01 8.295367796121178028e-01 8.853260554427739848e-01 8.835703249078745714e-01 8.746847062518112725e-01 8.907391824237629319e-01 8.875146537601648067e-01 8.909272521618444296e-01 8.879340868774994178e-01 8.865587920088578988e-01 8.823110103971388840e-01 8.743510063749443395e-01 8.872586694900178594e-01 8.642060887195305297e-01 8.726827853312987271e-01 8.776436173219278603e-01 8.771039544200467386e-01 8.872337174907330981e-01 8.707142301371902926e-01 8.826620471416461999e-01 8.779558187679449288e-01 8.853252103657623939e-01 8.869632090342498554e-01 8.815617048937265388e-01 8.796370880401381820e-01 8.863625401327266395e-01 8.872644784525800521e-01 8.878486901006297227e-01 8.936857892711828066e-01 8.946754045793472443e-01 8.930724506574454491e-01 8.791458215197992532e-01 8.930197648288060730e-01 8.926237568486489193e-01 8.856681028778413678e-01 8.843551431967978660e-01 8.972152247167178851e-01 8.961941261549248861e-01 8.939440294658317354e-01 8.858049218211822007e-01 8.933687736898009435e-01 8.868675451451581981e-01 8.914223764062617628e-01 8.963501906183658496e-01 8.959080939211064853e-01 8.892357787798068625e-01 8.886259076571720872e-01 8.915116675850471850e-01 8.942760081036977837e-01 8.939236082857177079e-01 8.956478623332607691e-01 8.955741342005596461e-01 8.908605247594499899e-01 8.964653819670553858e-01 8.958466869493794116e-01 8.967125891823355399e-01 8.910368191560297246e-01 8.917673157027214970e-01 8.729940579805940404e-01 8.767667511279861881e-01 8.889084834841862737e-01 8.891304443770123855e-01 8.913921541108958957e-01 8.891054138349021585e-01 8.906717096392022803e-01 8.925613153525402410e-01 8.936304691210130713e-01 8.801093507428793261e-01 8.891993862196998499e-01 8.930714169457574236e-01 8.927370234991685027e-01 8.910921747708546725e-01 8.885660284909315809e-01 8.901754548654063903e-01 8.871685850698147746e-01 8.906608545291843093e-01 8.918176402885953369e-01 8.922102479359464988e-01
6.882854199702986668e-03 1.099227937286087753e-01 3.588024673711294743e-01 6.409727048809766847e-01 4.823986690161434221e-01 5.825766985814803123e-01 7.957056352203395466e-01 7.859959732645561692e-01 8.209972638456656258e-01 7.667185626631856099e-01 8.565869546275246549e-01 1.000000000000000000e+00 8.048925254861638567e-01 7.474551063868890566e-01 9.136221726557905987e-01 9.071716627698303004e-01 8.339591023494135058e-01 7.914143256489605260e-01 8.063902876465020020e-01 7.182269729663199875e-01 7.518931799913282088e-01 8.376348516994928106e-01 8.140790353529017143e-01 7.344331949116182923e-01 7.623166715774039037e-01 8.697547318900173963e-01 8.851607508575760619e-01 8.612496262203293007e-01 8.272699025892925606e-01 8.709697763484367528e-01 9.009946855247447095e-01 8.952624649447502581e-01 8.546187709332231375e-01 8.601678265531240708e-01 8.825564788826791851e-01 8.735404413572896987e-01 8.968839283922532823e-01 9.158887196471741099e-01 9.221543623884456142e-01 8.649772286696533197e-01 9.263889965818250527e-01 9.281546749787639161e-01 9.207067080956879979e-01 9.372718326491522589e-01 9.177417301504775526e-01 9.254261583929903612e-01 9.281847339752309356e-01 9.245647260834181091e-01 9.199529100566953277e-01 9.059999440906932877e-01 9.281205394044693691e-01 9.164055462718276868e-01 9.223323662944802326e-01 9.039910368621306702e-01 9.014521693169447181e-01 9.075574928447676104e-01 9.021955319095755765e-01 9.247901691206809049e-01 9.167431625821172991e-01 9.260290362048161361e-01 9.308981354577428036e-01 9.245212574287809959e-01 9.187814945725404359e-01 9.274037323147868994e-01 9.252516537442251332e-01 9.252699518964957459e-01 9.284512321562147230e-01 9.233871802435050791e-01 9.227604440885036619e-01 9.178744428260597887e-01 9.224139210671437050e-01 9.221846464751726202e-01 9.076943346112971156e-01 9.038619553701965348e-01 9.254384910993951330e-01 9.309466587219401568e-01 9.259347573442032742e-01 9.104187223169926124e-01 9.230186206482836608e-01 9.152942824664700439e-01 9.232537140580611146e-01 9.274912483694393028e-01 9.233055101345271076e-01 9.222233205024522595e-01 9.225372180377515718e-01 9.239982913113408136e-01 9.302572833190290158e-01 9.332695877039626220e-01 9.355711913510516009e-01 9.274051434253417492e-01 9.263952403384921874e-01 9.358247769574087327e-01 9.337396471138793563e-01 9.365393964680012173e-01 9.307045770208650648e-01 9.303430530247868147e-01 9.174420591701659689e-01 9.144759394012882403e-01 9.285151881002313701e-01 9.305444728941980603e-01 9.370410201712666698e-01 9.333108844858540865e-01 9.321950578478467309e-01 9.369807538295823468e-01 9.345248227612805714e-01 9.208997061196468881e-01 9.283809819697675936e-01 9.278148859601825782e-01 9.258020741605825776e-01 9.286795624134274174e-01 9.314838490606569543e-01 9.301452879174774147e-01 9.308443365213242560e-01 9.326488481497869909e-01 9.300927967529336593e-01 9.320697708056137065e-01
3.166539088811675534e-02 1.118891986985679626e-01 3.289690459262602507e-01 5.563203408090822144e-01 4.677552019555366036e-01 5.322624637831027128e-01 7.096626038132970438e-01 7.239396571545065884e-01 7.684817790927712666e-01 7.164843526484063752e-01 7.726865764675563408e-01 8.048925254861638567e-01 1.000000000000000000e+00 6.712643953754598991e-01 8.315536273299487524e-01 8.364966117914652832e-01 7.515749894886523119e-01 7.332399825645623537e-01 7.564021486025499508e-01 6.581747433798003089e-01 7.072024159601782989e-01 7.732861933710165614e-01 7.541641426522633918e-01 6.931085906581606615e-01 7.242185114451927808e-01 8.109764588561036991e-01 8.088725376026465463e-01 7.828368093602482425e-01 7.755935904361395128e-01 8.068697003259128753e-01 8.352610123002853770e-01 8.149305204940144876e-01 7.532211591455318933e-01 7.685110978213938182e-01 8.017776407334592514e-01 7.767151542166739198e-01 8.132123383303159203e-01 8.209010923019993688e-01 8.290431589009520374e-01 7.578057231935978466e-01 8.395726995152833494e-01 8.390902015057465357e-01 8.287683737113985538e-01 8.523719857248168719e-01 8.360072586764369929e-01 8.445593442066877676e-01 8.513779451382521568e-01 8.500921543252798473e-01 8.400104978952180890e-01 8.113584627191177123e-01 8.370793498512867359e-01 8.212278145216942438e-01 8.391429466634656720e-01 8.411897743158823770e-01 8.398542690615393713e-01 8.335993995886892272e-01 8.304192782620308799e-01 8.518690289752440803e-01 8.395631396349534370e-01 8.557237717226788831e-01 8.520744026889747191e-01 8.495881343000903918e-01 8.397399783844159415e-01 8.469685916335213394e-01 8.482676293119625344e-01 8.538818656427246134e-01 8.515590898070041215e-01 8.540619776013020914e-01 8.500847209892745671e-01 8.440917593634418292e-01 8.518589992749709960e-01 8.512498689419221165e-01 8.402673760638702527e-01 8.392299082146434941e-01 8.530663007415959509e-01 8.524575961748168673e-01 8.488856482080106014e-01 8.390210104688484716e-01 8.477197291292031256e-01 8.468125212392668688e-01 8.483396338018552862e-01 8.556692891373501864e-01 8.484384049667678118e-01 8.430106072642356008e-01 8.387669913926875109e-01 8.419182072416965257e-01 8.450982253584976567e-01 8.475123114938591939e-01 8.531572419150644793e-01 8.529740685910890408e-01 8.370249495689496833e-01 8.545654311599749642e-01 8.522973968676681444e-01 8.549316822245878189e-01 8.532160076268033855e-01 8.545173418575382485e-01 8.265061153283480566e-01 8.424034721347117838e-01 8.506548530241941908e-01 8.446029869237656751e-01 8.529618775032945521e-01 8.536361353646022554e-01 8.552663097089870936e-01 8.572728120424304432e-01 8.539962986979005022e-01 8.496973683089673601e-01 8.527340564348128149e-01 8.553096247607255842e-01 8.525755417320308727e-01 8.534920617774437446e-01 8.489049470561915722e-01 8.565606546687898337e-01 8.549471992185645464e-01 8.560869748815574942e-01 8.551242273769554814e-01 8.585822462412435740e-01
