1.000000000000000000e+00 3.167530123946991072e-01 3.015689378825352485e-01 1.179234632904642560e-01 -5.068933760943763328e-02 1.212477768420723231e-02 2.443019947621623278e-02 1.585391202592709159e-02 3.907586961956200367e-01 2.091262295118847259e-01 1.745274970967241324e-01 9.002782574511132563e-02 1.391360038292154336e-02 -2.029659589765666142e-02 2.470105691021055915e-04 4.532063085753865184e-02 3.020772686325316481e-01 3.692607515361273629e-01 2.860965465597003488e-01 7.759025878590344871e-02 2.201575513766623471e-01 2.701856612920063849e-01 3.413943254060242682e-01 2.735036778540603786e-01 3.065050377469262233e-01 2.821114413055518799e-01 2.628725785379001367e-01 2.607354578438094150e-01 2.824644939321704906e-01 2.900196322471081944e-01 2.472621348487435700e-01 2.601755250054534896e-01 2.333527913436782841e-01 2.304743940237266864e-01 2.278372612208580672e-01 1.269782423834321106e-01 2.250459503698971631e-01 1.132031393317230877e-01 1.313379692082407291e-01 1.060406507770576129e-01 6.293824163405073446e-02 5.931151137274816992e-02 3.774025442091733656e-02 7.334181426811997584e-02 1.118702839058169918e-01 1.081101511601753606e-01 3.907861131405089561e-02 6.086147643249886774e-02 3.277532768134417546e-02 1.320766102269092801e-01 9.922169553745253945e-02 1.013829436533622841e-01 1.944026708318402977e-02 9.529103587700851752e-02 1.187689909304947972e-01 1.679799757490713918e-01 1.314323609060501219e-01 6.765607841463552874e-02 7.815404101810290161e-02 7.575017222367608216e-02 4.004662409043702881e-02 8.480993025875296909e-02 4.622711325391993392e-02 9.435547528960189223e-02 1.603172860293928803e-01 1.189683429478434334e-01 9.111316837702433669e-02 1.414368830143062361e-01 1.550172093098851345e-01 6.927900038789203130e-02 7.082629109689302094e-02 1.245683992334572499e-01 1.710654662700084039e-01 1.352540706837133677e-01 1.097133178676921311e-01 1.113287570860191922e-01 1.074918218785829716e-01 1.512661550688625955e-01 1.074818273765865140e-01 1.355717169986701831e-01 1.425366970403851852e-01 1.194421224649086233e-01 1.398183116800268966e-01 1.422908683679542097e-01 8.901820139820210143e-02 1.101409913492532450e-01 9.956757725742028386e-02 5.954516227369802128e-02 6.620446883210975852e-02 1.027232074699984676e-01 5.806479710234081770e-02 2.898014070237159290e-02 4.736458522649344277e-02 4.797617964050990280e-02 1.941095776630761757e-02 3.714129764112845955e-02 -3.291736402601287692e-02 5.460029979104435993e-02 2.901062574698298757e-03 2.578705788653221868e-03 -2.391137622457192857e-02 -3.941356404211591850e-04 -1.194088622784153508e-03 5.897289533960728067e-03 4.163723824548831720e-02 4.748068371590165315e-02 2.581552644959209108e-02 4.787983809109896960e-02 7.206462476362182623e-02 4.167005681707159487e-02 2.236587905546825669e-02 3.913034271884268528e-02 1.846434708277902223e-02 3.720016063218097024e-02 9.728932394719679022e-02 5.820209947855724264e-02
3.167530123946991072e-01 1.000000000000000000e+00 1.740935870228354498e-01 2.191879296592768797e-02 2.274397896268155750e-02 5.809122471267329224e-02 1.964899942268162059e-01 1.063193733824552706e-01 2.656264318445970551e-01 3.288881301053769302e-01 2.072620911767343865e-01 9.904117140656185092e-02 1.213665490968540289e-01 1.000685485621776311e-01 1.828701161534846964e-01 1.458242310976712308e-01 2.284470494288013687e-01 2.624840813489032199e-01 2.281718776264853032e-01 -5.653349110780063469e-02 2.304721725557843173e-02 1.462009689368080345e-01 2.853052136563435370e-01 1.983920101916095968e-01 2.586466535716003268e-01 2.594659997432434140e-01 2.163350160035840131e-01 2.888954162703156192e-01 2.938756480691013251e-01 2.641148877600514311e-01 2.499894547706214831e-01 2.600723433611980551e-01 2.747853588707924732e-01 2.405350848090655747e-01 2.507442499690901161e-01 1.367854127052323399e-01 2.471411734420044526e-01 2.368606196863487501e-01 2.050141060827528894e-01 1.877399171597534944e-01 1.619822547202367236e-01 1.970040875016492721e-01 1.327818514336528699e-01 1.579735310994717368e-01 1.574963494870334213e-01 2.200557334352746530e-01 1.392492214682615193e-01 1.612517791925847377e-01 1.393381406949847634e-01 1.595433254925869293e-01 1.701313910082681846e-01 6.805684153620704391e-02 6.699288059545586982e-02 1.750156188015953851e-01 1.867271481397467514e-01 2.276805661556099702e-01 1.457254216808918368e-01 1.688661778024823645e-01 1.595870262493645220e-01 1.413641286558638688e-01 1.210945725514988441e-01 1.535014145637292882e-01 1.220968992489451094e-01 1.514730443992992892e-01 1.746759436036504076e-01 1.457233012089751423e-01 1.736407100437953877e-01 2.032709309411886711e-01 2.158377469045342223e-01 9.208699589123305052e-02 1.086239500567417471e-01 1.801849888424683355e-01 2.104996382403844790e-01 1.875229466860672267e-01 1.803260003180696125e-01 1.786239660179845534e-01 2.072215127701755588e-01 2.212926445501975647e-01 2.168621788002171868e-01 1.982331806522673046e-01 2.063962500391859634e-01 1.977616111501280249e-01 2.094180653209564147e-01 2.109580173266627501e-01 1.752367529966370463e-01 1.877670130236959167e-01 1.773343618231140728e-01 1.906046136046359030e-01 1.750542621115207809e-01 1.979474160153625040e-01 1.683306929711863575e-01 1.562908277439176985e-01 1.449706729984911180e-01 1.727487877549892803e-01 1.417638979573244973e-01 1.534955958915763807e-01 7.387477490437406591e-02 1.156937360056459613e-01 1.158099946776315614e-01 1.194801772940235762e-01 9.997470868843368053e-02 1.049721784819041409e-01 9.283440975964131481e-02 1.123987731733994272e-01 1.169660849809304876e-01 1.208650358361927080e-01 1.353447736138377322e-01 1.601681100925392842e-01 1.739573656712977145e-01 1.468029314990019485e-01 1.448567487692344891e-01 1.352747665326494708e-01 1.265858238729637153e-01 1.362042731384082994e-01 1.627012955301611330e-01 1.382764149706109946e-01
3.015689378825352485e-01 1.740935870228354498e-01 1.000000000000000000e+00 4.380403061922971686e-01 1.167441673888117010e-01 2.376059541124503349e-01 2.963301977744845495e-01 2.970422928104210492e-01 4.741350268855030192e-01 3.590209094793326838e-01 4.573969693634541422e-01 4.281041049023532330e-01 2.982333489961276340e-01 2.746092940887353562e-01 3.032013245112214483e-01 3.474026428757688856e-01 4.273654298236932991e-01 5.679767279856486883e-01 5.306441951172765625e-01 3.262690035009969680e-01 4.927669156829977970e-01 5.450872034264538923e-01 5.265754374326917508e-01 5.203302053133000982e-01 5.304881203762665809e-01 5.113910217872882358e-01 5.265793853688207626e-01 5.056896097388490219e-01 4.956204245405023689e-01 5.214444422690609482e-01 5.119850387249096357e-01 4.997277417569273017e-01 4.519845262225206106e-01 4.860511717377867802e-01 4.727742991092983571e-01 4.153705716439970441e-01 4.764696817066256251e-01 3.889391357255150283e-01 4.400204743886577674e-01 4.399497287570692250e-01 3.859710046666329775e-01 3.989363231099111728e-01 3.895135718288950111e-01 4.165670146700663490e-01 4.493235149544016482e-01 4.283983795571402742e-01 3.470083622819512548e-01 3.532870734411249769e-01 3.412288404174100842e-01 4.147518124339952816e-01 4.060998196083506206e-01 3.860000740165753230e-01 3.475650533403449871e-01 3.528976874114091999e-01 3.944279317074441682e-01 4.431373618947530013e-01 4.025140060353878391e-01 3.710247186793660945e-01 3.693841661043708591e-01 3.495986085668202903e-01 3.731797231792060021e-01 3.612544322235456962e-01 3.615652887434275264e-01 3.790723773575953581e-01 3.915704052841380012e-01 3.876332287481661920e-01 3.794275737636112478e-01 4.380422305107090630e-01 4.365751849502413351e-01 3.885566278262340134e-01 4.082010963575774531e-01 4.256450815978175539e-01 4.670203305653301551e-01 4.401945334187103986e-01 4.165660617898707119e-01 4.201942126792003740e-01 4.123288158848557594e-01 4.230080231769674515e-01 4.142211633832484918e-01 4.359349696506950034e-01 4.334008049082667124e-01 4.086636598251577324e-01 4.281884405123385640e-01 4.254506478050311680e-01 3.986642115516245144e-01 4.090599486107613925e-01 4.054659916789622454e-01 3.847483731785420469e-01 3.825522518063666499e-01 4.052556225536861345e-01 4.010087762084945107e-01 3.618979929912727878e-01 3.863786409679055289e-01 3.818040022811577394e-01 3.314847215031373473e-01 3.421280283856306670e-01 3.421017278755524305e-01 3.565334378206598265e-01 3.436194205463009577e-01 3.483784846361147047e-01 3.356382356719935789e-01 3.416679517986735415e-01 3.299268183798507725e-01 3.410868586251351031e-01 3.585218028184535832e-01 3.702050056921168952e-01 3.423947637209816541e-01 3.465178490232736497e-01 3.738168052859713875e-01 3.473838877743980480e-01 3.571720587337574027e-01 3.328889709090663285e-01 3.430212925807641922e-01 3.453146543153043924e-01 3.682921229010227560e-01 3.495905061569898331e-01
1.179234632904642560e-01 2.191879296592768797e-02 4.380403061922971686e-01 1.000000000000000000e+00 3.372141775528214591e-01 3.860610117258793661e-01 4.100096237490568618e-01 5.207866173619050132e-01 4.815766485093018745e-01 3.566044333498334384e-01 5.385128231207542138e-01 6.651833113620831961e-01 4.871076947415529101e-01 4.447939436150569192e-01 4.616755024419433306e-01 5.367967486950390166e-01 4.388010415445722789e-01 5.028207514898395125e-01 5.430017237821326281e-01 5.921212656176993994e-01 6.847107846294945288e-01 6.381340847573008235e-01 4.682519234740076808e-01 5.501093906803877776e-01 5.090569397561153231e-01 5.071315228741388736e-01 5.744379699131767492e-01 4.906984563880500416e-01 4.624492543494421737e-01 5.202108639577663896e-01 5.573831875680860248e-01 4.946241182406151404e-01 4.360154435309038234e-01 5.039595625501220866e-01 4.787832889633867883e-01 5.559770642144060693e-01 5.355690345278862896e-01 4.514489439265199633e-01 5.593874645890209996e-01 5.483192362040502088e-01 5.211124164403948544e-01 5.152446951065875469e-01 5.685461300436278620e-01 5.922226308522540172e-01 5.988667967133584069e-01 5.444260393481948901e-01 5.028092685213111368e-01 4.853483224253553052e-01 4.877059619358942166e-01 5.293687481134561335e-01 5.120217246663819610e-01 5.791535117913169106e-01 5.544533010575706244e-01 4.530683799445601179e-01 4.712178365790565260e-01 4.941820317035059973e-01 5.076807477317067940e-01 4.951176236114623319e-01 4.645651801322244756e-01 4.999648796083193125e-01 5.258595852821424943e-01 4.756215211605108739e-01 4.965796827584677553e-01 5.083714630780282739e-01 5.113839245271604161e-01 5.155528778924821642e-01 4.901818109243492594e-01 5.151223516902017074e-01 5.099352583102281233e-01 5.911380920424929020e-01 6.044157218757786332e-01 5.375016379792577625e-01 5.389649684724807654e-01 5.522070372102011460e-01 5.325684323274751941e-01 5.412892967698668123e-01 4.997471529849162875e-01 4.873688356223654372e-01 5.120359439433620485e-01 5.293579816323027432e-01 5.289127899580261527e-01 5.160539609117756887e-01 5.243360961146155130e-01 4.991708696349164143e-01 5.238943955517911810e-01 5.182505927928358069e-01 5.439415122391194624e-01 5.015147818426046733e-01 5.245635292650753234e-01 5.079020598564593092e-01 5.504913974195675408e-01 5.213031214084664633e-01 5.507800510293119345e-01 5.268932336662236482e-01 4.808974153606005442e-01 4.874931067074414481e-01 5.592420830908896301e-01 5.190355888928968042e-01 5.138225401840162965e-01 5.269452225666972911e-01 5.443902150387348593e-01 5.214625892468965906e-01 5.304181442910469446e-01 5.345413755762294938e-01 5.359957156522505706e-01 5.173277135907838886e-01 4.979085472642121868e-01 4.775870558129169940e-01 4.906285556801007197e-01 4.943431385998903194e-01 5.012182728183485203e-01 4.947480901093206374e-01 5.009078773866534329e-01 5.093492264551540138e-01 5.067979982282694307e-01 5.033260943690300859e-01
-5.068933760943763328e-02 2.274397896268155750e-02 1.167441673888117010e-01 3.372141775528214591e-01 1.000000000000000000e+00 3.228168719852934632e-01 4.665335777390996475e-01 4.830049654687372795e-01 3.426090334841730978e-01 3.397675977744837872e-01 4.103854438544151662e-01 4.880565899326045898e-01 5.040604937622070736e-01 4.269397635500156718e-01 5.043536854625507715e-01 4.896444931481063745e-01 3.565683774676675077e-01 2.636133970752650435e-01 3.441119754701472133e-01 3.752032364208259807e-01 3.818143099846537103e-01 3.710313502559590693e-01 2.744156692841289713e-01 3.064925279049189322e-01 3.058496696655704783e-01 3.890184334334131910e-01 3.844690043676917690e-01 3.636955722755173537e-01 3.379854443982538426e-01 3.505276473705869478e-01 3.865109434252838039e-01 3.780791257051395737e-01 3.457254393002144321e-01 3.860889827570753163e-01 3.691039836018862874e-01 4.327745449727080640e-01 3.982711381276361484e-01 4.222226809799955460e-01 4.592182527624636967e-01 4.213465329053209807e-01 4.823137201361561988e-01 4.783126157208300033e-01 4.915309763123639208e-01 5.019435684619585336e-01 4.727761599087639266e-01 4.638690314087020594e-01 4.869315509399424480e-01 4.764490280274792933e-01 4.758739755636368085e-01 4.464538821377592170e-01 4.441927873541992589e-01 4.716982531926934841e-01 5.031945435178971637e-01 4.505796383088255808e-01 4.343853368730210551e-01 4.303342675313878152e-01 4.305272663446254033e-01 4.665060348597440121e-01 4.358817009566284262e-01 4.890957360683508282e-01 4.830756880270548059e-01 4.502156003279197405e-01 4.604360070150809170e-01 4.683501925098988439e-01 4.548433689126551438e-01 4.604152687048205239e-01 4.660493432439566930e-01 4.475189974746853205e-01 4.421833080463188903e-01 4.954502933485819827e-01 4.966103170115375720e-01 4.637439123970592547e-01 4.328124161634203659e-01 4.505492188739659842e-01 4.765188728071423352e-01 4.680285094416666292e-01 4.556408445872067170e-01 4.320498015182778206e-01 4.581738946569591797e-01 4.467444748790500575e-01 4.426461592651222410e-01 4.541074313665837692e-01 4.535346630388104039e-01 4.384363555246483246e-01 4.733489996425844781e-01 4.655310854764815320e-01 4.682807296238002404e-01 4.751825137298917312e-01 4.843372745427578785e-01 4.679715472909259377e-01 4.809317753292152720e-01 4.973722709144595688e-01 4.938127238316576961e-01 4.885471196928998783e-01 4.843701152013512035e-01 4.840335392380727964e-01 5.116658535860776347e-01 4.769193993892271721e-01 4.955210224109259931e-01 4.995623651298278234e-01 5.200466384248875196e-01 4.944721429344282049e-01 5.054784211388861914e-01 5.103824013749482802e-01 4.977840887404507142e-01 4.682695168989948198e-01 4.868868491245603725e-01 4.802849622795677398e-01 4.737246932789618281e-01 4.838130744691555574e-01 4.763539214681168366e-01 4.908444869133527511e-01 4.845545790012551479e-01 4.930837817707325321e-01 4.722861500814614644e-01 4.810463540457399767e-01
1.212477768420723231e-02 5.809122471267329224e-02 2.376059541124503349e-01 3.860610117258793661e-01 3.228168719852934632e-01 1.000000000000000000e+00 5.029983726252381659e-01 5.072229240747192502e-01 4.834635202171520540e-01 4.517417507248596698e-01 5.344582459130381435e-01 5.883113635035459588e-01 5.289818313793183124e-01 5.242067922673530056e-01 5.863272346849219829e-01 5.834889460056169597e-01 4.708639961842979726e-01 3.991389015403318807e-01 4.763153211681383503e-01 4.508826110472293758e-01 4.792411543037794486e-01 4.931784417019813849e-01 4.085164291848563667e-01 4.246683129091173847e-01 4.365812762345653852e-01 5.305473622921736965e-01 5.236472608456506084e-01 4.956506613265141969e-01 4.799176327793948649e-01 4.834285384947650810e-01 5.324057228637761874e-01 5.302792564974314615e-01 4.754624048738331221e-01 5.206253486170370204e-01 5.042930646296842623e-01 5.292876359855804846e-01 5.297920108201776834e-01 5.492223591395277715e-01 5.745958959904149399e-01 5.555547497838139170e-01 5.959576791677152485e-01 5.919577927299940479e-01 5.811770218773643082e-01 6.159400460490533913e-01 5.911020879152718566e-01 5.940191380821596701e-01 6.012492409447650621e-01 5.999497562616310509e-01 5.983055186175066931e-01 5.736825489949231027e-01 5.850053155415088080e-01 5.711189818308625155e-01 5.981464098988642508e-01 5.872566486244882311e-01 5.798465903012403055e-01 5.747378307510550011e-01 5.773810837253388062e-01 5.930264175398318738e-01 5.789537359183385412e-01 5.982170016609050789e-01 6.083258582382784496e-01 5.774106180565693469e-01 5.898605365326853311e-01 5.872646124817434421e-01 5.832421729029615420e-01 5.890308972797915210e-01 5.946327474139588842e-01 5.821188780669472873e-01 5.791924221156208308e-01 6.145045676238024557e-01 6.084243769316057815e-01 5.926654019562374032e-01 5.689910887813454110e-01 5.754758586879296089e-01 5.996462836677795005e-01 5.958527484395857998e-01 5.849412922170852402e-01 5.647305628272139000e-01 5.877689623831409138e-01 5.763087166529575756e-01 5.749971611394287807e-01 5.852176710043802688e-01 5.860451765031301496e-01 5.725068960950414620e-01 5.909419765339134489e-01 5.885286798629528748e-01 5.920010009839942189e-01 5.923578765884173203e-01 6.009433659158732732e-01 5.952326087478653216e-01 5.975202955149803152e-01 6.072864306480347807e-01 6.060734840654080635e-01 6.101500996047102277e-01 6.017445487743342536e-01 6.017087936105355306e-01 6.045547645527521441e-01 5.946287170352373419e-01 6.098691721734101900e-01 6.040122467414001939e-01 6.123069214291397833e-01 6.056776137588907316e-01 6.086476235797311229e-01 6.111839032712599318e-01 6.044142355160675439e-01 5.950124700668358857e-01 6.037217293280636721e-01 5.975880705710666652e-01 6.010265586050324016e-01 6.026160111379827988e-01 5.981815213924833730e-01 6.037834056123033699e-01 6.000148197896438829e-01 6.020528313915630703e-01 5.925161393329345660e-01 5.974282773885216669e-01
2.443019947621623278e-02 1.964899942268162059e-01 2.963301977744845495e-01 4.100096237490568618e-01 4.665335777390996475e-01 5.029983726252381659e-01 1.000000000000000000e+00 6.939584538540068959e-01 5.717703175461202880e-01 6.215798412358177760e-01 6.372090860298657011e-01 6.688936025429231824e-01 6.728839599049977194e-01 6.441764359903672243e-01 8.345597029963660596e-01 7.619843545277025232e-01 5.740078504393846259e-01 4.813654042169331349e-01 5.556160724695883291e-01 4.967392637792810151e-01 4.828194812631773081e-01 5.305129019518146638e-01 4.972765735118300778e-01 4.731410008852889870e-01 4.968887457140722663e-01 6.482077003919032299e-01 6.233708607955589232e-01 6.513984345729475489e-01 6.222096287197106390e-01 5.916564406305330204e-01 6.557123981772029486e-01 6.496386455948717220e-01 6.256227996743897179e-01 6.466037013121561650e-01 6.248903565059696907e-01 6.359053456560743722e-01 6.472701434018206523e-01 7.265728022296967792e-01 7.246616817080739903e-01 7.111024344960025223e-01 7.280934261853851952e-01 7.526623557046442370e-01 7.239862250558858348e-01 7.471422830788552183e-01 7.166946662379969357e-01 7.495140958467076953e-01 7.190948151071472338e-01 7.180277924362117314e-01 7.225136679941098761e-01 6.975084028763688382e-01 7.145923238376736819e-01 6.510130918692698110e-01 7.079646056357092876e-01 6.958344092048833751e-01 6.887115745544264422e-01 6.978091024755307403e-01 6.742103448274049393e-01 7.217415285122528168e-01 6.969344214639657809e-01 7.071071497095590130e-01 7.254665889134633838e-01 6.939189262590198526e-01 7.092109986572914249e-01 7.004020916581643608e-01 6.773625042040344324e-01 6.804814916245188749e-01 7.164575319469751458e-01 7.041873739637903862e-01 7.049780649523167408e-01 7.099036619781862179e-01 6.909513639432290910e-01 7.026517607660757170e-01 6.872967330388687346e-01 6.723068510179120993e-01 7.309525268747681936e-01 7.215533422397912844e-01 7.354379129532734316e-01 7.026162015795163196e-01 7.365209618488872678e-01 6.966939560722771319e-01 6.936255458001194807e-01 7.150234556943894093e-01 7.138540360730268874e-01 7.108682271016644183e-01 7.293653257774486143e-01 7.193812931045744374e-01 7.154296292417845482e-01 7.556305202715384306e-01 7.458508376364773040e-01 7.319471190262897276e-01 7.418571158622044859e-01 7.488457860364011731e-01 7.324473009876238949e-01 7.508952766407746005e-01 7.275552822562567634e-01 7.282683594766489188e-01 7.399104352176882893e-01 7.080635244929736061e-01 7.364273283777799106e-01 7.471883348002882341e-01 7.493065691217506430e-01 7.381772466690090795e-01 7.261803709211701596e-01 7.361702717290471432e-01 7.245572738770642562e-01 7.125737164425365311e-01 7.290455208013214561e-01 7.241811671574771569e-01 7.292804844966519484e-01 7.327250016983970493e-01 7.355542182470424795e-01 7.208387025647429169e-01 7.283982788962726218e-01 7.293014316440054046e-01 7.055747613526544004e-01 7.109819998995078327e-01
1.585391202592709159e-02 1.063193733824552706e-01 2.970422928104210492e-01 5.207866173619050132e-01 4.830049654687372795e-01 5.072229240747192502e-01 6.939584538540068959e-01 1.000000000000000000e+00 5.856519897196258428e-01 5.644386733626158836e-01 6.550465095759807621e-01 7.360260256728544670e-01 6.905591099547957468e-01 6.651262707151541775e-01 7.630230095840788707e-01 7.924705439974581989e-01 5.565148539633055780e-01 4.790061653860246405e-01 5.784875062054589678e-01 5.544887268274460990e-01 5.964424302757055374e-01 6.039140318005324914e-01 4.891442539860660910e-01 5.040529745126597350e-01 5.072866107330055163e-01 6.276585495180586616e-01 6.319640700275565015e-01 6.036000219773610675e-01 5.751600109067011024e-01 5.759114291991290768e-01 6.462849129896658384e-01 6.378415077722667803e-01 5.977732676854242699e-01 6.384924392164267326e-01 6.119428021617259184e-01 6.675216514509412224e-01 6.485141799273795860e-01 6.927970054840927316e-01 7.340987997811539989e-01 7.143309666838559835e-01 7.303598081006034137e-01 7.337785003712080645e-01 7.596965452834251176e-01 7.724024873932144875e-01 7.413667781168459259e-01 7.321949757371960521e-01 7.328035197226568931e-01 7.234880297641260727e-01 7.206582488026749278e-01 7.097823121241496613e-01 7.266069575288099935e-01 7.041331055240569459e-01 7.349560131226634541e-01 6.887437053389470210e-01 6.836858918493551318e-01 6.858379026845550230e-01 6.770717033209685543e-01 7.261401436296436307e-01 6.945739495703416866e-01 7.213592315725454451e-01 7.364961492204102900e-01 6.900791040317479919e-01 7.094945119652931176e-01 7.081640454173337984e-01 7.014182363096660433e-01 6.980410436757861214e-01 7.148053895217514331e-01 7.024317366454810863e-01 6.931941985457953370e-01 7.402012967639193253e-01 7.420292406267563479e-01 7.159488104494204919e-01 6.858929065487944232e-01 6.879778103610997286e-01 7.292603243543360758e-01 7.214367310749777440e-01 7.084617008525451176e-01 6.789705456395895844e-01 7.182000482061126068e-01 6.999933678882894750e-01 6.947090790976035990e-01 7.093399006661230688e-01 7.140020511380370527e-01 6.935332182026598957e-01 7.344641539972560640e-01 7.154669175749722720e-01 7.260389341825499443e-01 7.447251778907252318e-01 7.455824217636399798e-01 7.260277207890627471e-01 7.482301676630728204e-01 7.515842437770288154e-01 7.503126918431339831e-01 7.498434723340081653e-01 7.284937123047275920e-01 7.301787324367357002e-01 7.664933548692817178e-01 7.204110924682688433e-01 7.425668647807487366e-01 7.591905422344412679e-01 7.688120512520469907e-01 7.483524234272985742e-01 7.417920411662408675e-01 7.612049149467480236e-01 7.419441190419745480e-01 7.200210674826945656e-01 7.328615278213509443e-01 7.243178211509717634e-01 7.273497237052922726e-01 7.372440187667562705e-01 7.426574962776928412e-01 7.308805489138046063e-01 7.358776885558268033e-01 7.337788364908668370e-01 7.192377657237181143e-01 7.223269883122538371e-01
3.907586961956200367e-01 2.656264318445970551e-01 4.741350268855030192e-01 4.815766485093018745e-01 3.426090334841730978e-01 4.834635202171520540e-01 5.717703175461202880e-01 5.856519897196258428e-01 1.000000000000000000e+00 7.479266181635982891e-01 7.924085893600744113e-01 7.708594603373349896e-01 6.788891287584315481e-01 6.484922633875730424e-01 7.159730381263532673e-01 7.526801796065040184e-01 8.109477238235559549e-01 7.439227088333379978e-01 7.926488113509748690e-01 5.115834203069733466e-01 6.828040292283330537e-01 7.796971680354163325e-01 7.601907039555315659e-01 7.194376208686958929e-01 7.712305431407532330e-01 8.397327804542188412e-01 8.117534004646324020e-01 7.818981580931013697e-01 8.055441540355920971e-01 8.127348376779547356e-01 8.396180702397880724e-01 8.561491526317468459e-01 7.742172416691510684e-01 8.234709707805252243e-01 8.146892206244579215e-01 7.533642649988546713e-01 8.356661750043096193e-01 7.776479058361551733e-01 8.079426334066407422e-01 7.533566364068821075e-01 7.999620582400746027e-01 7.735620478655276244e-01 7.390190505202356430e-01 7.970123352081887047e-01 8.062451397079424265e-01 7.980659428607902450e-01 7.976345161756223101e-01 8.141205556467308035e-01 7.916447280291405431e-01 7.976050147439726068e-01 8.040558867814953103e-01 7.842338024615487235e-01 7.720323182158541631e-01 8.281203032989956636e-01 8.345474013498981325e-01 8.483898634657591753e-01 8.286108233132626344e-01 8.099163366336742387e-01 8.077028548484475046e-01 8.194827897907410730e-01 7.955174067821905171e-01 8.148544583248773510e-01 7.873763037987073776e-01 8.168393254924075642e-01 8.514605665331577145e-01 8.388433146683551556e-01 8.232243746677828655e-01 8.438721568077748314e-01 8.472849178449313179e-01 7.937363967942705489e-01 8.047897165297596134e-01 8.423897498840917653e-01 8.476231375223288733e-01 8.327963739132627774e-01 8.357032242226369867e-01 8.304129177673944540e-01 8.189017365576675145e-01 8.319518104406138370e-01 8.181244551235710150e-01 8.373999498069830683e-01 8.441011484801148601e-01 8.342279359707091002e-01 8.466680001878793549e-01 8.394060513756645969e-01 8.131426750748123045e-01 8.336789280741399022e-01 8.220373006758359136e-01 7.924230067100263009e-01 8.068706348594214539e-01 8.283643603593732196e-01 7.872392701541947035e-01 7.876751903088887730e-01 7.998194050199490812e-01 7.949913997814344047e-01 7.864208035135836772e-01 7.996583101810049721e-01 7.305527809009817464e-01 7.852721958727589824e-01 7.742226651784551716e-01 7.642173798737151857e-01 7.518274546808042524e-01 7.663928548570529964e-01 7.718193980934333620e-01 7.748271302987688181e-01 7.978493469027370111e-01 7.937581808217796242e-01 7.917598104112932855e-01 8.049957132567854279e-01 8.201037192776144957e-01 7.994213100659904869e-01 7.853194893779072983e-01 8.013939404853488435e-01 7.864827686759230385e-01 7.970988250507697881e-01 8.280246438791538655e-01 8.103922287081061215e-01
2.091262295118847259e-01 3.288881301053769302e-01 3.590209094793326838e-01 3.566044333498334384e-01 3.397675977744837872e-01 4.517417507248596698e-01 6.215798412358177760e-01 5.644386733626158836e-01 7.479266181635982891e-01 1.000000000000000000e+00 7.404214355701366213e-01 6.994166885906999420e-01 6.566616224462852314e-01 6.549115635454374473e-01 7.493418234345696760e-01 7.395883564155633083e-01 7.084138460883346866e-01 6.148607242845292031e-01 6.746760925450060453e-01 3.840732262894503979e-01 4.998506804318449404e-01 6.296486599891476521e-01 6.694641855011262965e-01 5.915473852319629300e-01 6.655611374823896531e-01 7.564718128728363800e-01 7.218579114343194325e-01 7.318818408722311819e-01 7.452483830896424744e-01 7.360956004691125987e-01 7.746086852158066138e-01 7.912484271062180108e-01 7.478034591955445842e-01 7.479700017613313268e-01 7.545390549422286153e-01 6.873404136006566745e-01 7.705372071893431540e-01 7.755186795427151392e-01 7.679006526261524801e-01 7.241178927917970576e-01 7.731440889590951437e-01 7.620407261948309863e-01 7.037738344456913042e-01 7.510348378533628910e-01 7.551150894283579218e-01 7.729218699338538112e-01 7.722284254412637994e-01 7.925451564904274493e-01 7.743873750687103596e-01 7.464944150344009488e-01 7.651797332129739448e-01 7.013957826982045729e-01 7.206049620837202685e-01 7.990347693230377413e-01 7.930324595993667458e-01 8.044467929691730967e-01 7.691449293451612101e-01 7.797835761000047050e-01 7.762504705452786258e-01 7.801263401655732510e-01 7.660896560133407807e-01 7.813983266544279882e-01 7.563336712189769884e-01 7.743449683036415232e-01 7.833365310553244143e-01 7.788487723392349960e-01 7.930307364202670017e-01 7.974356724075623015e-01 8.005692651530966764e-01 7.248136364318099600e-01 7.365986881392839747e-01 7.908258554863329959e-01 7.786908505682083037e-01 7.697228110606559870e-01 7.938257210664996233e-01 7.915975283041840616e-01 7.957418909617481884e-01 7.926755885458387496e-01 7.954371587349053918e-01 7.933490367159241607e-01 7.986865406424511482e-01 8.013808878110786349e-01 8.036290459185583268e-01 8.026384698762257797e-01 7.772749244372459954e-01 7.881631245207679770e-01 7.838724281034593622e-01 7.814841413924067393e-01 7.832306644745269386e-01 7.949236843803274555e-01 7.644636763401474466e-01 7.734718296669542692e-01 7.687369864064571567e-01 7.801082831745144164e-01 7.718545654425813529e-01 7.828277744820605344e-01 7.050610814062864273e-01 7.407884285075349018e-01 7.541868847923723918e-01 7.468203872970698987e-01 7.329486650571616080e-01 7.416280726326339723e-01 7.425395866153911006e-01 7.507527385327844582e-01 7.622412208085965757e-01 7.568895879629821133e-01 7.718051914014089077e-01 7.893250708023784590e-01 7.941406083744845246e-01 7.771709659789696190e-01 7.664431064713232988e-01 7.760265123778737895e-01 7.657550555371754886e-01 7.706456114097814947e-01 7.870121576180192369e-01 7.760686534184570995e-01
1.745274970967241324e-01 2.072620911767343865e-01 4.573969693634541422e-01 5.385128231207542138e-01 4.103854438544151662e-01 5.344582459130381435e-01 6.372090860298657011e-01 6.550465095759807621e-01 7.924085893600744113e-01 7.404214355701366213e-01 1.000000000000000000e+00 8.510214952361561114e-01 7.455033660316041644e-01 7.376300474136345819e-01 8.058705315275236369e-01 8.200943397762207043e-01 7.714044477761250462e-01 7.109441654169610381e-01 7.895467074233241123e-01 5.336235167867117157e-01 6.814262765102071517e-01 7.779632913716328924e-01 7.313143505483109541e-01 7.137592909504858474e-01 7.588247736194873028e-01 8.495397568361326979e-01 8.430814011375720174e-01 8.223099320950593150e-01 8.288929669620713758e-01 8.304042567879661441e-01 8.696230185341566887e-01 8.575513987650107417e-01 8.132648751821027755e-01 8.444480393286390996e-01 8.460040256863005093e-01 7.835453628226793921e-01 8.595815295722558647e-01 8.389926941940284433e-01 8.663384716214325154e-01 8.218721714763826958e-01 8.704416189778452217e-01 8.592231758693983368e-01 8.150034138884074686e-01 8.755649263509156510e-01 8.741579048609038338e-01 8.715380988394049178e-01 8.679452212153527801e-01 8.741804130561515729e-01 8.611378391922579478e-01 8.412936143250331344e-01 8.627827840280372085e-01 8.143371737407592015e-01 8.386420966336968208e-01 8.668294799132058026e-01 8.675851914716187219e-01 8.822384471822514174e-01 8.555315775531164846e-01 8.752384164894493335e-01 8.581442991969686629e-01 8.711281277110131116e-01 8.685419703924438517e-01 8.607385584366337161e-01 8.471303688045094260e-01 8.630632534054509808e-01 8.792471602587734747e-01 8.702140064186196788e-01 8.816923807514222000e-01 8.939557735365752933e-01 8.835626744105667951e-01 8.505103863754474025e-01 8.762948986804444118e-01 8.991852775028121858e-01 8.812018684525517731e-01 8.813101524804730635e-01 8.970579094564565814e-01 8.970019963162364496e-01 8.891703338176836224e-01 8.860287071099626210e-01 8.859323192704763317e-01 8.967778155455015110e-01 8.933454857180619380e-01 8.948321690315881316e-01 8.934196178871018912e-01 8.904759533647463865e-01 8.737198165437792818e-01 8.851513819469751798e-01 8.813661501155581890e-01 8.726982343066569392e-01 8.839115529164236484e-01 8.875770277734215119e-01 8.734920185511104718e-01 8.746985599646457388e-01 8.816664093910003830e-01 8.815513343794965095e-01 8.656068577233845263e-01 8.725634849152518191e-01 8.324040315378450350e-01 8.506518821672602870e-01 8.593938907963966090e-01 8.552857656871882819e-01 8.450413644805401248e-01 8.524347371036535836e-01 8.536185601777367404e-01 8.644998608981147026e-01 8.656931997491960074e-01 8.597649470591944842e-01 8.686558039535127174e-01 8.724523446818567285e-01 8.818758398688640865e-01 8.723996105455804617e-01 8.665679175575604631e-01 8.686220724776904101e-01 8.646200135746680004e-01 8.671718961305464601e-01 8.829298508734519935e-01 8.701165017941825397e-01
9.002782574511132563e-02 9.904117140656185092e-02 4.281041049023532330e-01 6.651833113620831961e-01 4.880565899326045898e-01 5.883113635035459588e-01 6.688936025429231824e-01 7.360260256728544670e-01 7.708594603373349896e-01 6.994166885906999420e-01 8.510214952361561114e-01 1.000000000000000000e+00 7.938420367183822712e-01 7.807801390355092463e-01 8.389015138325489618e-01 8.752508112503879500e-01 7.517523073015387469e-01 6.556123657449074438e-01 7.610863377567995691e-01 6.562022668413964865e-01 7.668050202097926871e-01 8.030694181558947209e-01 6.745765595869896991e-01 7.027380827399463126e-01 7.155572272370980258e-01 8.087418785978970348e-01 8.313790540758342340e-01 7.704580414164260427e-01 7.672496713637844135e-01 7.821429252569289670e-01 8.512380917873784147e-01 8.175968384315372983e-01 7.486109862298914175e-01 8.060319636752846240e-01 7.889851835810984815e-01 8.270282066366694274e-01 8.426475032921143526e-01 8.162133964722789736e-01 8.783055678287279289e-01 8.359016244296215703e-01 8.944917575158717327e-01 8.692091408933482199e-01 8.697712562694043248e-01 9.174946950819637959e-01 9.090127345328934405e-01 8.775126215431017229e-01 9.001847502947710744e-01 8.952493664932229533e-01 8.886167855035401741e-01 8.549108391615214408e-01 8.732987070440201283e-01 8.821696102576024323e-01 9.043918253241640670e-01 8.740007013145998371e-01 8.646428861274849664e-01 8.637145564190916724e-01 8.711856427499451438e-01 8.864620525989153066e-01 8.655871538725876668e-01 9.019140186395058212e-01 9.021320374144570220e-01 8.794213976874415417e-01 8.769486798331757038e-01 8.888850776239678453e-01 8.952526811521596128e-01 8.984515046877962208e-01 8.912536434030160493e-01 8.865632013949332757e-01 8.772049899209123369e-01 9.131850698232626407e-01 9.301922634403843038e-01 9.073801407688335541e-01 8.767609300697419838e-01 8.907705695175962557e-01 9.071271140816611345e-01 9.082151035962332530e-01 8.812402785584179110e-01 8.660419733136003329e-01 8.844345158730385625e-01 8.884233447368784509e-01 8.902320993442507380e-01 8.978179231822902562e-01 8.957935836960336795e-01 8.725024029381319712e-01 8.855131382556594710e-01 8.912585138964915776e-01 9.043380863034332640e-01 8.800563370244456340e-01 9.014550354955046529e-01 8.914668267690002423e-01 9.002932131337028077e-01 9.043838116266782468e-01 9.158539653019646121e-01 9.052741518454762160e-01 8.894998883934198686e-01 8.954150532913918159e-01 8.865191347129494082e-01 8.786997897442428984e-01 8.943971104970358521e-01 8.926450879231895286e-01 9.021729062748556904e-01 8.892501451176745286e-01 9.054272680509543036e-01 9.099994452902547826e-01 9.074868028301441569e-01 8.836864773369155213e-01 8.955152273161252063e-01 8.891339874832503432e-01 8.910346445825323425e-01 8.960818293579495553e-01 8.897982219892824896e-01 9.007455549287387564e-01 8.953454988448671381e-01 8.980475052662142410e-01 9.025839846775910447e-01 9.007533368268901830e-01
1.391360038292154336e-02 1.213665490968540289e-01 2.982333489961276340e-01 4.871076947415529101e-01 5.040604937622070736e-01 5.289818313793183124e-01 6.728839599049977194e-01 6.905591099547957468e-01 6.788891287584315481e-01 6.566616224462852314e-01 7.455033660316041644e-01 7.938420367183822712e-01 1.000000000000000000e+00 7.324637950061130276e-01 8.122688928180940016e-01 8.152879507178716345e-01 6.668421713351077029e-01 5.391369044534599642e-01 6.376514470246217314e-01 5.565407474400531074e-01 6.032841613789832191e-01 6.461242409266723108e-01 5.568410710912709005e-01 5.608787843377589510e-01 5.894421111062509988e-01 7.203203320760073192e-01 7.096784710174844912e-01 6.796869048749533126e-01 6.813184849550639743e-01 6.759904270836637474e-01 7.424729384144822530e-01 7.362649167427197661e-01 6.728950823344136412e-01 7.196829291316473309e-01 7.045442940205148830e-01 7.220266393436808317e-01 7.402068818552577367e-01 7.610535773948421401e-01 7.889937368202741830e-01 7.426366037185151425e-01 8.291882625658492101e-01 8.050785327160472349e-01 7.883605202129985168e-01 8.302422153639974489e-01 8.116761439576146708e-01 7.991004460471274884e-01 8.389824128717379148e-01 8.363592373924677581e-01 8.330582042885693594e-01 7.756892628850836635e-01 7.931345123745723313e-01 7.885827894600808685e-01 8.342144220878247030e-01 8.168566474353758933e-01 7.967000839736388951e-01 7.891456403471989178e-01 7.869579740198530127e-01 8.256793850814074798e-01 7.966987466138462093e-01 8.416853625949960449e-01 8.351732186457410112e-01 8.105182309738913071e-01 8.103117136741714299e-01 8.183750815850503457e-01 8.139978004622651087e-01 8.177913528314972869e-01 8.309512393995984736e-01 8.117415886125285418e-01 8.043448849178135296e-01 8.256338204361813871e-01 8.286933020438642661e-01 8.263551628842371599e-01 7.854754556617473682e-01 7.929559417606040217e-01 8.362320725971684743e-01 8.283078379958199733e-01 8.169872720117513643e-01 8.002314053047465681e-01 8.172359562816456924e-01 8.061705042474082150e-01 8.046783938426735894e-01 8.234240871863177658e-01 8.199670321957444052e-01 8.039727189731605828e-01 8.241350945807427442e-01 8.215607506725112197e-01 8.226797469768732940e-01 8.274870538568936951e-01 8.369531944805715939e-01 8.288833292096854377e-01 8.267603118749246027e-01 8.454832495156234806e-01 8.439751227312498605e-01 8.402218497432375477e-01 8.419932615011502808e-01 8.426687488080846222e-01 8.286182573122866657e-01 8.176476477207063054e-01 8.392448193198736028e-01 8.379960228734161243e-01 8.443058100711525737e-01 8.350137805120808610e-01 8.473869906880939773e-01 8.521262740531316826e-01 8.423665294541765602e-01 8.200767005288686073e-01 8.421988005908936925e-01 8.385947110262631510e-01 8.351943793112076575e-01 8.413065858484795045e-01 8.342926907804062431e-01 8.466684345872078632e-01 8.399595932953973776e-01 8.414646543210239082e-01 8.339373208238963775e-01 8.402707960532540543e-01
