1.000000000000000000e+00 1.764517396787855519e-01 1.213771890556515909e-01 5.273130606171676921e-02 1.101428591782281641e-02 9.031439632202507839e-03 1.180782663300308788e-02 7.281985241824130706e-02 1.833270427395447266e-01 1.127122351493338309e-01 8.517063162599415593e-02 1.916649299615866969e-02 5.548752958316442718e-02 -2.092437242018351309e-02 5.434964262900361665e-03 4.809041511005284625e-02 1.314619535884546386e-01 2.271202775628509418e-01 1.492286378197819896e-01 2.381534290482125726e-01 1.453948184735668336e-01 1.633549996661275983e-01 2.430143657923599099e-01 2.391741155239263117e-01 1.993213900313086928e-01 1.663564145254806115e-01 1.525275503263311405e-01 1.023951695330926198e-01 2.175040868961035101e-01 2.119269800677220372e-01 1.474659291813958939e-01 1.401770747507368742e-01 1.086349815895605031e-01 1.182327967079243036e-01 1.399777646090288874e-01 6.014792037641402550e-02 1.384217254500382244e-01 3.557269760127922120e-02 7.571770231659999406e-02 4.738377825923242859e-02 7.621534175275941625e-02 3.056921207864677151e-02 2.285244059281500359e-02 3.345439308401416956e-02 5.263449362504261236e-02 5.729021035570490417e-02 1.729428289379858485e-02 4.945710977562536859e-02 4.327562972048756146e-02 4.590686332714424139e-02 4.371350804602690959e-02 3.007543296826454757e-02 4.996138561150401808e-02 7.764821722878782750e-02 7.376926160806980548e-02 7.424866068109596540e-02 6.520467833254672829e-02 2.975050989514053598e-02 4.768571980022588003e-02 5.275496021241106448e-02 3.293651045160694846e-02 6.650901503761602607e-02 3.842660126815701516e-02 5.165274596506572169e-02 7.750582457372155731e-02 5.413128229979720374e-02 4.044073865827437636e-02 6.181584566225072769e-02 9.245168793090427495e-02 8.085974272348722680e-02 6.282773242810821279e-02 6.875526338799541060e-02 9.869585921173588960e-02 8.845527242377691779e-02 5.916449543026883195e-02 7.196471473559173937e-02 5.766014147897788322e-02 9.344668105883177645e-02 7.040590368671718891e-02 8.906717777453111717e-02 7.279865700436174980e-02 5.577325141283667742e-02 7.015442921822219458e-02 8.254185533617812431e-02 3.909645276156400312e-02 4.946686932090178096e-02 4.229077248079118889e-02 4.004911471414778629e-02 2.539012485116895826e-02 5.556348881476344537e-02 2.116344248851267928e-02 2.108640038517108073e-02 2.759106773666330364e-02 2.247296866787519207e-02 1.121987976441032701e-02 2.735111558724653835e-02 1.273968736963012986e-02 4.908106819155842043e-02 2.752832654081067282e-02 2.644323173787166067e-02 3.404396772333890490e-03 1.764352584617983472e-02 2.815108988964324169e-02 1.876917787156357625e-02 9.248229572992015118e-03 4.470600035612020545e-02 3.264310819431509580e-02 4.017626498751748071e-02 4.283316215310663255e-02 3.161836494094698302e-02 2.934719394841491316e-02 3.677023825139864172e-02 3.274276170246678830e-02 2.205380621127514887e-02 4.057870039686519575e-02 3.632580053574689660e-02
1.764517396787855519e-01 1.000000000000000000e+00 1.224379809844083206e-01 1.072083867213270425e-01 1.020491871422374991e-01 9.430449569830202938e-02 1.279347885747182112e-01 1.855958653987128670e-01 1.865354807690491057e-01 2.380525482079025312e-01 1.750473195085001932e-01 1.535774475012323670e-01 1.636108733169910900e-01 9.458959071811592900e-02 1.487551770254974537e-01 1.858792152944617471e-01 1.724370954393090738e-01 2.426142165244993543e-01 2.048735757782171318e-01 1.845921645876409112e-01 1.368516590197876304e-01 1.680609018932920085e-01 2.438830012309766149e-01 2.233285060855805249e-01 1.998788580234928669e-01 1.928645097817279497e-01 1.927282216337739829e-01 1.749276167021185935e-01 2.206100617714676360e-01 2.418300024702687845e-01 2.006019668992078675e-01 2.156020081660351417e-01 1.978949165794041953e-01 1.837000483349306712e-01 2.084604353868852733e-01 1.508992149546213857e-01 2.028436696919304338e-01 1.700348611558658574e-01 1.792419262529451607e-01 1.679670039892985911e-01 1.841420541509893594e-01 1.536102381416703244e-01 1.423991778224887872e-01 1.562257071586682922e-01 1.706306821945668406e-01 1.833417944745006078e-01 1.686772541370488709e-01 1.839235451379226394e-01 1.775940298258333327e-01 1.395826240387707529e-01 1.676405413905433794e-01 1.153152187143920843e-01 1.626442753886349624e-01 2.021088481942333037e-01 1.968016141930799823e-01 1.952328565077730282e-01 1.919084851215807908e-01 1.768358638365981339e-01 2.003683730847106714e-01 1.743556378964262188e-01 1.646366667465765377e-01 2.063846106005028658e-01 1.940956221410363725e-01 1.766794714109657383e-01 1.704371716212312871e-01 1.825082783180941304e-01 1.759439619513046005e-01 1.901234984260721517e-01 2.082973718660236506e-01 1.956685084414357956e-01 1.725568609013071741e-01 1.781273678920207992e-01 1.975310009330826511e-01 1.954704004290769848e-01 1.802773926951974637e-01 1.850025676521782902e-01 1.826094413451471721e-01 1.943273700773056334e-01 1.859423559356042088e-01 1.979162247764540694e-01 1.921839734985994474e-01 1.798425695275304437e-01 1.845568692822725232e-01 1.996439862426772627e-01 1.575590276126659361e-01 1.683579887405880493e-01 1.724211330341396675e-01 1.702334086930270829e-01 1.670160161697504808e-01 1.803258636020196870e-01 1.626346501776351761e-01 1.640999180913138844e-01 1.632087471505621334e-01 1.666644556566768687e-01 1.653783299408721763e-01 1.764678358481724385e-01 1.393857958811211828e-01 1.582352630595400267e-01 1.654291845543537087e-01 1.600586540708512084e-01 1.470830553290971288e-01 1.668953564955129865e-01 1.582187361117079472e-01 1.579683239598297928e-01 1.418474836234267233e-01 1.834904952660194599e-01 1.716513634613027750e-01 1.843872438744766640e-01 1.864910121064320692e-01 1.793192736335348092e-01 1.791234314604512046e-01 1.761960848623611020e-01 1.864699729129600525e-01 1.649756539715369619e-01 1.605225079440966707e-01 1.729486473290414161e-01
1.213771890556515909e-01 1.224379809844083206e-01 1.000000000000000000e+00 3.570534270584639902e-01 2.435793202670437640e-01 2.927465510456435105e-01 3.620847209325004923e-01 3.685096817569685768e-01 4.268094574987445489e-01 3.742430977043313400e-01 4.372472670531722394e-01 4.341664351726745585e-01 3.669173830430432215e-01 2.905382564333621742e-01 4.043480600948227144e-01 4.201051715560979449e-01 4.221035136055156789e-01 4.429549711087213404e-01 4.407817798865517611e-01 4.226051390036607014e-01 4.206217496959770430e-01 4.637308748375144063e-01 4.636198444414799114e-01 4.628792620062690544e-01 4.912519806588313553e-01 4.916956024719655316e-01 4.658947664370701180e-01 4.410508999057820567e-01 4.443714506982692214e-01 4.452564404091746697e-01 4.785466875278578391e-01 4.805950473934023637e-01 4.327503196260256146e-01 4.738480554434301162e-01 4.331050975079993592e-01 4.542291243026635450e-01 4.556386461989562209e-01 4.507355654209356244e-01 4.622769837536184201e-01 4.559856861589037802e-01 4.537635509995020522e-01 4.412569856864657636e-01 4.517840267285293532e-01 4.478687598232926614e-01 4.504060576619355327e-01 4.437623371029099650e-01 4.222543912472852545e-01 4.210271194311080434e-01 4.344477967105359606e-01 4.654854579210125909e-01 4.447939845632933320e-01 4.363784176404732484e-01 4.407590300555868645e-01 4.132609315480589296e-01 4.278297898497831486e-01 4.552334201101427280e-01 4.373894883710417458e-01 4.268045488444845992e-01 4.078412358020526152e-01 4.264901391139182540e-01 4.372912626524356750e-01 4.199509974852996819e-01 4.282999001984356124e-01 4.298086786271821946e-01 4.322886591118511590e-01 4.277691385390603451e-01 4.275941899294051773e-01 4.462927819787292361e-01 4.641430175733031738e-01 4.523750026834921223e-01 4.560743639268127203e-01 4.558225942069874526e-01 4.673546811098304166e-01 4.698558700165119673e-01 4.524629736961034432e-01 4.487588446956323196e-01 4.511492767002318605e-01 4.411314774491752466e-01 4.516136300156942118e-01 4.403865590139482422e-01 4.472749069593049964e-01 4.485851662092984471e-01 4.565728150118391615e-01 4.505796934003490906e-01 4.563314467575231848e-01 4.592367546047234628e-01 4.457590539243411198e-01 4.529354264948035058e-01 4.386933707630794044e-01 4.503048838776950169e-01 4.509083246604397299e-01 4.360967430475851669e-01 4.401655474418745828e-01 4.334196650178245847e-01 4.154183705042962527e-01 4.195691440676155848e-01 4.470098096252139164e-01 4.370123111832298068e-01 4.321505264215853015e-01 4.424082110310558758e-01 4.387874081453732034e-01 4.289557089885392971e-01 4.326386540413440507e-01 4.336175342063932070e-01 4.285172094875154825e-01 4.227084379572990103e-01 4.295943071942146529e-01 4.212908350292530191e-01 4.285600549119638059e-01 4.209831637221148060e-01 4.301820100169814198e-01 4.245646393618744407e-01 4.173815039432635099e-01 4.227077252066829827e-01 4.304579165529793250e-01 4.196000853926758478e-01
5.273130606171676921e-02 1.072083867213270425e-01 3.570534270584639902e-01 1.000000000000000000e+00 4.234054071835015032e-01 4.510228790128401055e-01 5.921103024733491704e-01 5.783848077110341768e-01 5.849192238223157592e-01 5.172807970503953134e-01 6.312052951074117457e-01 6.698446559388402388e-01 5.989086008875622591e-01 4.737649533459039608e-01 6.411587580414587206e-01 6.442064474958247855e-01 5.837250937201361456e-01 4.841864207738647008e-01 5.340316182519952992e-01 5.440037276411863187e-01 5.780842181976617589e-01 5.883183372214118023e-01 4.636865876863063285e-01 4.714172447561141843e-01 5.617130642966599030e-01 5.817277414379822265e-01 5.956706692006844550e-01 5.511356380510539221e-01 5.368654837257909040e-01 5.421067740239153832e-01 6.379125475596936212e-01 5.759973505739018895e-01 4.915830163021439048e-01 5.753598151407335326e-01 5.216478597819720342e-01 6.344410123945835034e-01 5.646031608750416986e-01 5.835741772240718994e-01 6.261707753984302460e-01 5.809407316448014225e-01 6.310084547408302269e-01 6.265794940310006611e-01 6.339297281503967207e-01 6.471252684762287544e-01 6.413622358704835769e-01 6.219297892674894301e-01 6.347182915854514551e-01 6.254929091602865476e-01 6.237294594334633624e-01 6.266265354858945313e-01 6.301350124419066168e-01 6.618285301164357204e-01 6.554519922476033100e-01 5.874887600407326937e-01 5.769379216635351915e-01 5.870501562669151463e-01 6.145199276217615525e-01 6.159786330707872626e-01 5.583370087823281702e-01 6.339295698316316230e-01 6.545541237621775865e-01 5.977472676943419438e-01 5.945881099977053941e-01 6.446456147869443765e-01 6.469207129697147618e-01 6.391198182994882737e-01 6.324756169258411997e-01 6.152134433930119828e-01 6.081912717261643841e-01 6.428129399454259874e-01 6.543639883272314162e-01 6.409465034836147046e-01 5.920305737086412057e-01 6.227640491246561050e-01 6.352255026413051731e-01 6.315394446553099783e-01 6.277564720172323920e-01 6.163170098974176669e-01 6.329763695081234154e-01 6.187845297711516146e-01 6.139922355953832955e-01 6.456011279539803915e-01 6.336684932993487118e-01 5.986694816209099379e-01 6.455676353976174120e-01 6.329433265092052618e-01 6.353227389898583599e-01 6.463634575608881994e-01 6.414819351658436197e-01 6.257412942132403177e-01 6.390055342996633359e-01 6.432718053274879555e-01 6.477007576645626985e-01 6.430638799820487250e-01 6.353907720440354900e-01 6.316940272644127052e-01 6.642824639054547564e-01 6.608380087480613119e-01 6.594212062453947976e-01 6.586018964518861596e-01 6.602761382309038085e-01 6.498950182249872976e-01 6.535192553271743643e-01 6.557889111011164784e-01 6.642553948010258003e-01 6.298793157023607758e-01 6.439880229212440188e-01 6.288030847777065224e-01 6.216105379458995994e-01 6.292500815635561073e-01 6.307810838265678344e-01 6.414616353822937267e-01 6.224268240906316585e-01 6.538188192886128514e-01 6.520331691872989222e-01 6.454812772797683396e-01
1.101428591782281641e-02 1.020491871422374991e-01 2.435793202670437640e-01 4.234054071835015032e-01 1.000000000000000000e+00 3.338445161879591283e-01 5.341525806575596613e-01 5.043638188758950980e-01 4.560775784418728551e-01 4.186070521894398322e-01 4.713941283613464206e-01 5.094416899760325634e-01 5.279600819745889906e-01 3.967381304386164986e-01 5.406028278407739585e-01 5.331838737325724775e-01 4.326950986320204917e-01 3.769837566033184539e-01 4.321761148543954434e-01 3.753383379937653141e-01 4.025347084195501912e-01 4.218575108613779601e-01 3.525359144431107761e-01 3.526429186516822356e-01 3.994171055867378195e-01 4.457852248231395920e-01 4.634587270147021432e-01 4.370767115146468873e-01 4.204454620628672590e-01 4.165532666939057438e-01 4.894244645226197843e-01 4.459140152427763515e-01 3.806746729426827014e-01 4.350035434317981453e-01 4.009352468353140075e-01 4.719925669585868788e-01 4.333066877128769478e-01 4.532276665021465201e-01 4.807768189551853144e-01 4.519287833075217309e-01 4.993679010135481100e-01 4.971101553623588631e-01 4.849450230015535102e-01 5.124963032910546668e-01 5.011266484644124608e-01 4.983706236196261408e-01 5.007503375150041958e-01 4.995845015750025597e-01 4.931243975544543634e-01 4.511139532299180410e-01 4.687270634026396432e-01 4.813963795492570696e-01 4.992740220212389946e-01 4.848693687334620361e-01 4.804882532984378063e-01 4.762594560285653977e-01 4.702919251345905050e-01 5.029637558960662336e-01 4.632953967583807176e-01 5.052284369816917309e-01 4.983804262739552904e-01 4.767616422810130317e-01 4.668670015303942877e-01 4.878476164285067140e-01 5.026375023617429827e-01 4.938335031470852954e-01 4.980564155245020275e-01 4.915831428312109619e-01 4.779627586276889994e-01 4.976437140032148321e-01 5.025631710690984244e-01 4.951712875129773983e-01 4.652058233041053148e-01 4.815051868356294285e-01 4.979688090723625171e-01 4.950393223252251840e-01 4.966703339517950511e-01 4.906242359779739437e-01 5.015129385147198970e-01 4.881458655944750924e-01 4.845209133960771686e-01 5.089083625635208996e-01 4.834715100950753852e-01 4.698097759083987301e-01 4.962724873686752414e-01 4.922364663230422432e-01 4.942223304107165038e-01 5.021171209199869478e-01 5.021323950904750255e-01 4.929152945487658699e-01 4.981707903506200075e-01 5.078110379012268361e-01 5.051563348989002167e-01 5.124697505013909860e-01 5.067946163786374303e-01 5.038230600070966458e-01 5.080223255788490766e-01 4.966420222847428012e-01 5.073796092146889425e-01 5.033591757228961239e-01 5.145469372324550372e-01 5.075580476603906988e-01 5.045564130367647948e-01 5.140336476735613003e-01 5.102859380610330620e-01 4.948190980938590444e-01 5.029406995078314901e-01 5.036647495043843348e-01 5.050464020474518811e-01 5.022181550529306593e-01 4.995552680214242480e-01 5.125262589707576533e-01 4.953201114608704603e-01 5.097062063632703532e-01 5.053691114516193350e-01 5.052339068218169027e-01
9.031439632202507839e-03 9.430449569830202938e-02 2.927465510456435105e-01 4.510228790128401055e-01 3.338445161879591283e-01 1.000000000000000000e+00 5.436511333012085112e-01 4.660067912170424709e-01 5.380991960670942209e-01 4.794114772432009897e-01 5.724339964471635289e-01 5.966931072249561652e-01 5.432538788340409708e-01 4.572483381891733201e-01 5.918734698768737257e-01 5.806559691971836523e-01 5.292064630485310284e-01 4.730892031590995250e-01 5.191019569360133534e-01 4.637618266139929557e-01 4.735816764816563884e-01 5.033088243311698573e-01 4.329443120252994825e-01 4.674427071231933017e-01 4.924175459590725557e-01 5.460322491924808341e-01 5.608841696282276246e-01 5.187327298810551213e-01 4.967383052098530705e-01 5.092165316799315278e-01 5.861240183599785158e-01 5.454475843829270643e-01 4.677685469355726822e-01 5.339773766513691289e-01 4.952594063764889087e-01 5.572567037658022748e-01 5.362247648928625265e-01 5.499277772295859679e-01 5.737674404398767081e-01 5.389335945585439491e-01 5.955292211170687411e-01 5.831421481992482558e-01 5.803613462459051853e-01 6.094868350114645006e-01 5.924345387395848483e-01 5.864320812570447128e-01 6.043390198055162976e-01 6.000955481952860993e-01 5.968041298451772780e-01 5.581605266442374313e-01 5.729634312463358636e-01 5.748487838735685251e-01 5.996683807226482754e-01 5.755676784226178011e-01 5.698354348502590039e-01 5.663740018750629268e-01 5.762899491854154288e-01 5.988471336868299577e-01 5.581639425137712163e-01 6.041316790303997708e-01 5.956607176706321116e-01 5.863479451931721265e-01 5.727303002600524495e-01 5.937950180984712389e-01 5.927009886650365100e-01 5.933034924843331170e-01 6.033448349950985001e-01 6.023359658946915163e-01 5.889000577612658605e-01 6.056014828065412470e-01 6.026847811404695276e-01 6.030554754456325384e-01 5.887175389868084530e-01 5.968189530774616891e-01 6.105352825171933562e-01 6.034325022474339439e-01 6.003286184971229344e-01 5.910156400619480666e-01 5.983009831990108163e-01 5.915132299255781989e-01 5.931178953799135511e-01 6.096760037100721341e-01 5.903088004927876664e-01 5.825183301520430179e-01 6.044081259404026074e-01 6.055548094688812943e-01 6.020630789565138974e-01 6.086602578894451110e-01 6.056202587584307295e-01 5.900030775561102558e-01 5.998644943790654160e-01 6.115537790638349014e-01 6.095559662047828065e-01 6.103007987536663848e-01 6.080942255864681956e-01 6.076360729970873287e-01 6.022597518362793334e-01 5.990114728259693377e-01 6.102855238708462249e-01 6.089076348650533932e-01 6.129080467528625897e-01 6.083169016433138676e-01 6.088033026509473977e-01 6.159160885550174491e-01 6.093616609972336562e-01 5.930896714218617527e-01 6.103789876660646874e-01 6.013429327088808396e-01 5.993473031869488432e-01 6.052165620887312025e-01 6.008660405047592246e-01 6.087827266201837340e-01 6.035685543295118416e-01 6.094282913707121940e-01 6.077808549133257854e-01 6.047324405477717546e-01
1.180782663300308788e-02 1.279347885747182112e-01 3.620847209325004923e-01 5.921103024733491704e-01 5.341525806575596613e-01 5.436511333012085112e-01 1.000000000000000000e+00 7.218232450995091254e-01 7.028020132235368589e-01 6.622225559501543346e-01 7.429662787743772645e-01 7.991541892002238523e-01 7.377769852333898593e-01 6.003802363599995973e-01 8.399123666638345087e-01 8.000442086607815195e-01 7.030335963407583488e-01 6.340936705425354036e-01 6.907073040872634406e-01 6.026880141138013514e-01 6.676281808353381475e-01 6.935198250371210626e-01 5.780018428342688086e-01 5.882863341341622032e-01 6.525868482521735015e-01 7.112942038264010725e-01 7.331187752759084075e-01 6.932562681817804329e-01 6.598963495333374230e-01 6.697687556032354550e-01 7.686471457814935127e-01 7.172366125232898515e-01 6.087889847732542714e-01 6.869307870535673599e-01 6.409805113563998846e-01 7.414443532113289548e-01 6.858117863515514889e-01 7.327242997593562679e-01 7.633211461776265860e-01 7.163865035468172104e-01 7.768897072974214613e-01 7.789628831987382984e-01 7.605371236195408446e-01 7.965665287447424303e-01 7.819668287375017846e-01 7.844327805840027867e-01 7.913897897981112539e-01 7.861494922153767773e-01 7.845183915798505936e-01 7.255472789614368923e-01 7.604602847981684066e-01 7.627264079105742223e-01 7.858645475928176527e-01 7.701318276217872238e-01 7.637607669648209807e-01 7.571133853861681251e-01 7.713087199312382847e-01 7.924997606082975210e-01 7.501026146215864499e-01 7.923941704278983922e-01 7.966276405624269641e-01 7.768704975781347555e-01 7.629724120626766304e-01 7.869947801171254254e-01 7.905622510170007278e-01 7.914066625018297829e-01 7.902525863597583689e-01 7.868756011097979286e-01 7.649634317813369666e-01 7.927430178532857141e-01 8.022664519634780111e-01 7.883887018229659427e-01 7.524047647457380306e-01 7.721696158469463223e-01 7.918833681289192405e-01 7.847401242169825819e-01 7.868475057566455266e-01 7.703478026220760277e-01 7.911435619228037730e-01 7.703848055195217093e-01 7.688075396420585017e-01 7.960008822521071892e-01 7.729274453460898142e-01 7.533662247261087019e-01 7.761347255227983855e-01 7.779959409853239860e-01 7.735664941620616908e-01 7.936517468461514735e-01 7.867503235502832926e-01 7.780026374923593169e-01 7.814434291114273901e-01 7.981228692109770817e-01 7.931281697186435276e-01 8.004124395625358268e-01 7.953401408475121448e-01 7.932750304121167773e-01 7.826166611455939170e-01 7.848530142866870785e-01 7.996152251599752958e-01 7.924227659458141781e-01 7.942026736989022950e-01 7.978985608339476121e-01 8.002330762073160964e-01 8.021836922922502833e-01 7.962139960222064383e-01 7.839889881648939296e-01 7.950443082049856169e-01 7.902609680655960922e-01 7.906226547227962476e-01 7.931636744043956133e-01 7.917254567683965627e-01 7.983708332433154808e-01 7.897847549110165177e-01 7.967796934383807317e-01 7.963515909342973043e-01 7.971081509597739423e-01
7.281985241824130706e-02 1.855958653987128670e-01 3.685096817569685768e-01 5.783848077110341768e-01 5.043638188758950980e-01 4.660067912170424709e-01 7.218232450995091254e-01 1.000000000000000000e+00 6.831859293506685749e-01 6.334716557303573525e-01 7.072852480877802606e-01 7.504211881717095523e-01 7.169584355475594473e-01 5.420500246766719599e-01 7.645165917159657543e-01 8.041860228372004205e-01 6.702600826099625042e-01 6.281299017057843104e-01 6.623048121590081605e-01 6.039758787393624262e-01 6.640594914715428621e-01 6.852124392719007862e-01 5.950117577776522504e-01 5.911103181249045546e-01 6.371028126263528213e-01 6.819286036322487199e-01 6.853694470628686197e-01 6.310740908735789079e-01 6.629107406849324979e-01 6.738919690353235570e-01 7.295167719895665481e-01 7.069646837050060917e-01 5.953310835521538058e-01 6.733681917243422577e-01 6.353820701740845456e-01 6.944214598915839920e-01 6.609977485200730918e-01 7.165725044908846098e-01 7.300370409842119601e-01 6.859743484235233391e-01 7.354303514736050262e-01 7.303456248784367943e-01 7.333464894527634836e-01 7.469873717996461382e-01 7.231090002777234016e-01 7.425677877722125508e-01 7.422338833227863919e-01 7.429254717219893056e-01 7.450313201641498573e-01 7.144526642514694714e-01 7.469796969184379076e-01 7.010458640587620138e-01 7.353491777846137278e-01 7.374692309533767975e-01 7.439008361115994061e-01 7.280621468018633191e-01 7.410983401137807292e-01 7.505237841865429749e-01 7.391745238108806682e-01 7.353002656625140521e-01 7.480963180025568260e-01 7.415651272758070345e-01 7.476231549992361503e-01 7.430549064789661040e-01 7.309576904153377575e-01 7.401450837720332521e-01 7.380957813841744208e-01 7.368446538593742545e-01 7.295979311797163858e-01 7.515449096065877077e-01 7.554779967620425252e-01 7.437181229826286266e-01 7.138665647320522334e-01 7.247670498141087769e-01 7.342121804399085461e-01 7.359912260620097291e-01 7.193939904578401379e-01 7.332913908215249466e-01 7.412006800939866524e-01 7.360176519865382350e-01 7.168955981009538236e-01 7.434192028764513571e-01 7.273354667068312462e-01 7.120061794968853830e-01 7.372273530642817763e-01 7.273030921764533918e-01 7.203898505061642199e-01 7.496462975795753492e-01 7.339512429648266112e-01 7.319331730094257304e-01 7.219604502488738973e-01 7.394912255887318153e-01 7.352696578130213378e-01 7.431633529619847689e-01 7.401916076938226396e-01 7.406916926220760145e-01 7.474776903390099037e-01 7.455907371116489157e-01 7.502819365335723356e-01 7.497721879316833204e-01 7.416376919774203547e-01 7.529261098178399170e-01 7.395410804386858272e-01 7.501344341254023718e-01 7.349922854920607485e-01 7.430650128751974393e-01 7.466449737855187507e-01 7.422339026893132186e-01 7.476773938712939493e-01 7.459571320601593447e-01 7.529055863763471912e-01 7.433720187263919144e-01 7.422035643657999282e-01 7.432977334045993700e-01 7.356284004241481211e-01 7.394688662356287967e-01
1.833270427395447266e-01 1.865354807690491057e-01 4.268094574987445489e-01 5.849192238223157592e-01 4.560775784418728551e-01 5.380991960670942209e-01 7.028020132235368589e-01 6.831859293506685749e-01 1.000000000000000000e+00 7.632869902236670834e-01 8.339450341622418605e-01 8.373361585864449452e-01 7.603394660356437296e-01 6.176716919428559827e-01 8.275670022646085533e-01 8.282877110111569463e-01 8.239556315130018849e-01 7.639820113257879131e-01 8.034809969130480845e-01 6.666511005442287141e-01 7.196304377343373249e-01 7.924752346244953172e-01 7.408819939244106756e-01 7.230709688767135157e-01 7.907155058248881430e-01 8.335278341916753098e-01 8.486116239107783787e-01 8.101354435702380341e-01 8.072110964079380890e-01 8.440746241499198499e-01 8.823625799024510385e-01 8.468157099174886682e-01 7.445499592184485760e-01 8.056850736596541385e-01 7.990353347848864196e-01 8.137789668976015411e-01 8.379576645683172176e-01 8.111935235751748241e-01 8.527377111789981035e-01 7.973206377916952636e-01 8.783954104025654130e-01 8.544195811954329312e-01 8.277815383944179262e-01 8.652617365891037693e-01 8.608871378727300794e-01 8.616281296900242248e-01 8.720046948410941079e-01 8.827000668869922073e-01 8.767037845046915523e-01 8.050822801622743441e-01 8.457668999959657707e-01 8.295907667477211422e-01 8.699688363599916707e-01 8.800481530376644823e-01 8.662410623018174105e-01 8.592728884728199068e-01 8.630367641065932460e-01 8.672274282807014290e-01 8.464864392705927498e-01 8.738120833431730627e-01 8.636358432481040515e-01 8.715272673924443492e-01 8.490456499976768434e-01 8.619331848839628663e-01 8.790803846855199666e-01 8.766531092479482590e-01 8.775680484721402053e-01 8.781105888771517654e-01 8.764796164845952697e-01 8.718759950694944250e-01 8.738771188360093811e-01 8.841933044168610589e-01 8.601388513761673016e-01 8.756127437311687078e-01 8.823518250808961572e-01 8.855307482259985319e-01 8.764336399533682043e-01 8.824586174624728940e-01 8.804789786856483946e-01 8.866269998708228295e-01 8.819328218639044259e-01 8.839831857151837502e-01 8.718337890939086288e-01 8.725588226791847202e-01 8.597763719429870610e-01 8.677864728551228923e-01 8.685972133986837873e-01 8.701133219143255548e-01 8.698486904739691772e-01 8.650032659942133995e-01 8.569602558437730000e-01 8.709888250305733992e-01 8.700986307986871005e-01 8.727073508977458705e-01 8.689662184493662789e-01 8.741628060419497359e-01 8.440499005334693994e-01 8.654920902035407870e-01 8.686383471788425847e-01 8.653952940104457925e-01 8.521729714319445925e-01 8.637787581723990193e-01 8.722188082395511133e-01 8.670441706028633178e-01 8.606714840409424028e-01 8.659433973291118525e-01 8.756734843127061962e-01 8.760402766783148554e-01 8.754547373000738375e-01 8.741602383023139300e-01 8.689895588036095075e-01 8.765767819214154155e-01 8.695134202917068622e-01 8.670977032910103244e-01 8.769885495864794267e-01 8.736562581948562611e-01
1.127122351493338309e-01 2.380525482079025312e-01 3.742430977043313400e-01 5.172807970503953134e-01 4.186070521894398322e-01 4.794114772432009897e-01 6.622225559501543346e-01 6.334716557303573525e-01 7.632869902236670834e-01 1.000000000000000000e+00 7.545878553112886911e-01 7.794835594299344139e-01 7.122206368983821090e-01 5.823134447793545387e-01 7.758248642547942442e-01 7.796321116737212620e-01 7.459612899643519590e-01 6.922398477445819154e-01 7.411889886839945207e-01 5.841347019134507379e-01 6.115699636934444072e-01 6.927716349869882384e-01 6.847227924892724804e-01 6.530704158848406049e-01 7.085263900721939789e-01 7.518770247054504807e-01 7.747595025851838901e-01 7.518959669383352695e-01 7.303092830962757409e-01 7.785227927389405389e-01 8.088885735322097759e-01 7.875409781306460522e-01 6.941942965624612327e-01 7.395516473108340039e-01 7.347477737207209758e-01 7.493661013025091355e-01 7.669637580925079412e-01 7.660291910948092697e-01 7.930279833663270717e-01 7.522645950188979747e-01 8.183312121597947630e-01 7.965520846113888220e-01 7.633712787008031242e-01 8.000512917099478205e-01 7.992043340183255795e-01 8.092116529037700623e-01 8.215368415287097603e-01 8.334021910359048491e-01 8.264252919333914260e-01 7.409821600440219536e-01 7.827086742003115383e-01 7.401884296279505060e-01 7.962949211426663121e-01 8.302567478590686667e-01 8.146712815254713025e-01 8.181036767610759819e-01 8.079816201244970353e-01 8.166316305313707780e-01 8.091752228984692152e-01 8.131630870050619020e-01 7.998892168761381205e-01 8.223771293501902502e-01 8.015694278060793154e-01 8.072964242580324967e-01 8.034461627420043106e-01 8.170493818463346880e-01 8.289612997661827132e-01 8.284777159811826941e-01 8.261485231913915372e-01 8.122855621224923661e-01 8.093267279554794413e-01 8.209786134739227581e-01 8.043639005942004871e-01 8.148103131401607246e-01 8.237365961822771254e-01 8.248494118121039165e-01 8.208394325592377472e-01 8.230236828868391363e-01 8.248101821466281569e-01 8.330939394689448330e-01 8.253037986512036239e-01 8.296768542001519142e-01 8.185608255318449489e-01 8.195132565037217542e-01 8.020330570842523210e-01 8.111066648121001421e-01 8.145432128185891019e-01 8.208299810596841883e-01 8.196877692425407202e-01 8.198015737455894847e-01 8.117227605860856121e-01 8.220610906291525577e-01 8.193542939411379011e-01 8.250073357955205466e-01 8.256051348764161801e-01 8.309037898058206917e-01 7.860720949799848700e-01 7.986056980590587884e-01 8.112764357856901976e-01 8.104395130466783836e-01 7.987892185943578083e-01 8.156120076057855606e-01 8.113929820538892113e-01 8.132634243890406456e-01 8.008763715194081589e-01 8.175476288538076064e-01 8.247030634974833463e-01 8.343822522822561538e-01 8.326161159543004064e-01 8.280750637957816629e-01 8.270698462986670885e-01 8.251358978140511669e-01 8.289413347821829037e-01 8.167744139723062125e-01 8.142482477783646866e-01 8.213999243740901512e-01
8.517063162599415593e-02 1.750473195085001932e-01 4.372472670531722394e-01 6.312052951074117457e-01 4.713941283613464206e-01 5.724339964471635289e-01 7.429662787743772645e-01 7.072852480877802606e-01 8.339450341622418605e-01 7.545878553112886911e-01 1.000000000000000000e+00 8.896431492124885487e-01 8.082831368757654733e-01 6.478479008175132003e-01 8.728172704769477930e-01 8.663238995282395161e-01 8.292062368985435583e-01 7.356271750438387880e-01 7.932063597683333134e-01 6.863132009614575368e-01 7.248586078241933128e-01 7.881264907658210861e-01 7.259333307726525408e-01 7.183397479861690638e-01 7.828921660249245074e-01 8.344194767045336469e-01 8.603586952686812506e-01 8.284026673469128133e-01 7.993076486931525171e-01 8.340530445209005661e-01 9.055473947999835849e-01 8.631301290452196850e-01 7.691529458888481940e-01 8.368863555180274805e-01 8.151274030969033468e-01 8.568736164722403625e-01 8.540584211967776618e-01 8.551410878314626984e-01 8.882895044799032913e-01 8.467625279557461360e-01 9.075385954523563781e-01 8.932984046005048029e-01 8.808892549100105773e-01 9.099782454439399038e-01 9.016460913914433606e-01 8.978766335321863856e-01 9.116857387440097105e-01 9.093919021277939718e-01 9.083745988072243760e-01 8.485449912027391850e-01 8.789380370950571342e-01 8.706331500751813834e-01 9.024927400256054222e-01 8.907811968548136061e-01 8.843496712996906650e-01 8.831319734733883431e-01 8.878780363864796632e-01 9.011991984063356664e-01 8.727259703943938129e-01 9.048775234866431871e-01 8.981911378261285828e-01 8.964975960137895328e-01 8.849843836062171176e-01 8.973403473065939551e-01 9.006112351643724701e-01 9.037241482476262577e-01 9.104447416209134891e-01 9.074960542687722231e-01 9.028879920492492994e-01 9.069897876155500471e-01 9.055372139283220934e-01 9.127316270729460834e-01 8.875730147666739400e-01 9.030673333314288564e-01 9.132401934072279515e-01 9.164725701647316036e-01 9.084070498210207179e-01 9.052438857739051326e-01 9.094757135975075624e-01 9.091158424109706537e-01 9.071776369536471707e-01 9.185473764595343260e-01 9.044910466000724014e-01 8.975652825606894591e-01 9.045335205956548386e-01 9.092806471452845596e-01 9.083709899936481813e-01 9.098659327630910232e-01 9.133758131040824457e-01 8.958717849784593179e-01 9.054499318866390256e-01 9.133159587087715803e-01 9.142648156714878738e-01 9.145685651274754191e-01 9.082670418454106276e-01 9.094379281301181450e-01 8.936480710640898328e-01 8.976830463191016740e-01 9.076656346460817426e-01 9.084622949808283110e-01 9.056229383667937505e-01 9.075101551497408714e-01 9.105617144495529169e-01 9.133017675422560044e-01 9.062682653267677413e-01 8.958678219714328872e-01 9.119658425442803695e-01 9.077220828820489196e-01 9.063479756133853149e-01 9.100087893778721071e-01 9.062999055648193192e-01 9.114745457081345759e-01 9.050529759962605558e-01 9.086325211194001827e-01 9.109138091337031229e-01 9.076534324348117799e-01
1.916649299615866969e-02 1.535774475012323670e-01 4.341664351726745585e-01 6.698446559388402388e-01 5.094416899760325634e-01 5.966931072249561652e-01 7.991541892002238523e-01 7.504211881717095523e-01 8.373361585864449452e-01 7.794835594299344139e-01 8.896431492124885487e-01 1.000000000000000000e+00 8.336393195921348864e-01 6.768357241047578965e-01 9.088558108602224905e-01 9.021119758753879392e-01 8.344785594126868933e-01 7.317288579562444273e-01 7.970211616248021880e-01 6.936263450155237820e-01 7.458220282936893764e-01 8.018392306971260375e-01 7.114383124255998503e-01 7.079729544780291040e-01 7.810721481937593635e-01 8.331754618722150285e-01 8.684188044646429239e-01 8.270610641481753733e-01 7.847551027974961624e-01 8.237762610718346590e-01 9.144736140043147055e-01 8.650506697444697579e-01 7.556301533754683497e-01 8.364988673931044172e-01 8.035774756570812638e-01 8.842473030582502780e-01 8.579212804943714410e-01 8.653406110084229663e-01 9.065831658810846738e-01 8.575758336722867359e-01 9.245265184856111818e-01 9.144453877341716108e-01 9.088910104582536009e-01 9.381483360159639240e-01 9.243630883446904978e-01 9.178196415748381964e-01 9.408638527240993366e-01 9.366236914566971050e-01 9.355849520737338221e-01 8.680995136881094476e-01 9.039069977233151754e-01 9.053928886286950473e-01 9.334860359434821175e-01 9.132951937139679455e-01 9.043602766302801799e-01 8.977813017663421880e-01 9.165473908297427919e-01 9.334009473033141324e-01 8.926835872536446059e-01 9.368161331048692197e-01 9.348239368419938300e-01 9.232557326557622179e-01 9.121909164326679198e-01 9.314876015131555720e-01 9.292865210814923449e-01 9.379671631524377773e-01 9.380515861010493284e-01 9.322849592728169599e-01 9.195063574362116743e-01 9.339048708069385141e-01 9.357476570109793945e-01 9.365778701318139277e-01 9.009680226478128384e-01 9.222923774351882154e-01 9.357876178193661465e-01 9.357380948776280460e-01 9.278906770046823071e-01 9.195075016141369684e-01 9.309403434046414905e-01 9.260183565680052409e-01 9.246714117278462819e-01 9.446879229466513817e-01 9.232930471222983160e-01 9.076688217932998848e-01 9.219997696619420813e-01 9.295832778608996705e-01 9.347889679605195790e-01 9.342232441967802670e-01 9.401919848462888529e-01 9.191341620626843900e-01 9.271328091813709760e-01 9.422944723834255631e-01 9.438992543591270268e-01 9.434493571856594762e-01 9.415999773618004554e-01 9.416603117292137171e-01 9.234099025798881977e-01 9.249779588900072236e-01 9.409491761257722242e-01 9.366192195320098834e-01 9.399945812924943578e-01 9.410984059931885026e-01 9.441205470167188807e-01 9.463283929140764439e-01 9.415426041183940775e-01 9.256709702077580149e-01 9.418307055088831481e-01 9.367586027617778033e-01 9.344135177858775565e-01 9.397658741628640566e-01 9.340485193183074575e-01 9.445910940050066262e-01 9.361436348038126853e-01 9.428362946312311976e-01 9.417006492711837984e-01 9.423672050387283949e-01
5.548752958316442718e-02 1.636108733169910900e-01 3.669173830430432215e-01 5.989086008875622591e-01 5.279600819745889906e-01 5.432538788340409708e-01 7.377769852333898593e-01 7.169584355475594473e-01 7.603394660356437296e-01 7.122206368983821090e-01 8.082831368757654733e-01 8.336393195921348864e-01 1.000000000000000000e+00 6.148911898383375707e-01 8.389255470938783432e-01 8.533419678377754947e-01 7.526421705676904494e-01 6.649592511156395824e-01 7.230838169736385490e-01 6.179922059456267602e-01 6.602456474515731033e-01 7.219540771535319923e-01 6.390578905130697152e-01 6.378710904396114323e-01 7.007446509663646239e-01 7.581307464374116289e-01 7.835514630806444947e-01 7.449106992451081100e-01 7.235271002244719751e-01 7.544635906255403590e-01 8.269597689795642470e-01 7.787250892122659085e-01 6.780486613275442664e-01 7.477705555961886574e-01 7.257513806040842841e-01 7.921054817678440108e-01 7.718085709956326035e-01 7.730333018101933629e-01 8.221477739676217311e-01 7.662370239467976019e-01 8.397161085148350246e-01 8.283778104759488281e-01 8.231859175338589463e-01 8.555378922973579936e-01 8.372273660950123597e-01 8.364545060369510399e-01 8.519137751763155020e-01 8.506062444367051834e-01 8.463656334651920021e-01 7.708676690153545286e-01 8.071215680643524237e-01 8.074861626115809043e-01 8.446965845134141171e-01 8.344584864478595820e-01 8.242998741688302156e-01 8.098227547232660362e-01 8.253111715922427649e-01 8.509530908078641875e-01 8.091519977848408152e-01 8.593143669530767248e-01 8.493469867582069677e-01 8.435674134926324230e-01 8.219371890118759572e-01 8.493998079204778673e-01 8.458999725927385249e-01 8.521462658379693744e-01 8.519193239752073099e-01 8.491570871887460514e-01 8.328953147364713816e-01 8.457371310959960198e-01 8.463139691781034202e-01 8.482317757939482616e-01 8.162947209363812240e-01 8.351038465669258226e-01 8.514635863685636741e-01 8.494599414237805624e-01 8.442827347947754468e-01 8.410606138053240421e-01 8.483674896756997486e-01 8.469322129068774796e-01 8.421669796233467453e-01 8.582920112559230263e-01 8.312827445659658476e-01 8.250173600965435838e-01 8.346514668235421874e-01 8.408817276963400644e-01 8.445263490892988001e-01 8.471907781313343655e-01 8.523090383502121004e-01 8.301218733506223746e-01 8.364338385569118905e-01 8.550309249057771455e-01 8.554303795010246292e-01 8.572694175590481747e-01 8.563059371250882901e-01 8.568894857626214723e-01 8.354833426055130463e-01 8.380735577796494251e-01 8.555303081373052398e-01 8.468316333760210757e-01 8.545562184623632929e-01 8.564566253044414434e-01 8.556303137728489272e-01 8.612398761864713537e-01 8.520329325400161080e-01 8.439127467541743810e-01 8.555292937492192662e-01 8.527514656212377142e-01 8.534314792736372723e-01 8.564466432149011599e-01 8.482238157617009167e-01 8.625910680232778960e-01 8.545971875425798503e-01 8.598206759901295682e-01 8.538900829161448769e-01 8.566848572911461845e-01
