1.000000000000000000e+00 3.329971388835809565e-01 1.015587391431211212e-01 -1.008100980453507378e-01 7.072949166488534667e-02 3.331435616827727042e-02 -3.806763636800972184e-02 -1.587706629661235838e-02 2.440766834707733257e-01 1.256654345516037830e-01 -9.063756893028266856e-03 -5.251990060100864000e-02 3.010330123153123760e-02 -4.736122496998001336e-02 -3.696518387613931256e-02 2.403443508821823116e-02 1.649728429161505527e-01 3.197910453498987726e-01 1.562837280115176031e-01 5.396502528822622741e-02 6.245576283873369855e-02 1.231526241301852433e-02 3.237262401110591603e-01 2.472517000682701027e-01 1.316815690935855543e-01 2.576283370441020404e-01 1.717406313101771664e-01 1.897563761352090983e-01 2.780658363523673127e-01 2.415438733468540378e-01 1.510101022713275787e-01 2.632803048542277091e-01 1.357902705793418985e-01 1.940971260448338120e-01 2.360708081693463634e-01 1.130547962017818125e-01 1.229956179319513648e-01 1.162758786076235340e-01 1.002207792508183759e-01 5.625009236649936017e-02 9.315968385073415681e-02 3.966826797921407799e-02 2.218567364681323789e-02 4.033734447281256408e-02 7.372456604076189912e-02 6.907786807513481564e-02 2.450247229157187512e-02 7.747479907504588315e-02 9.283150822687190329e-02 1.065536281444859207e-01 7.802550684715504892e-02 -1.319175938977296299e-02 1.063339036235986038e-02 1.405559285962421079e-01 1.819764027496915404e-01 1.607069307390653623e-01 1.216861650074407414e-01 4.808575338488408485e-02 8.895689642384634055e-02 4.814107616364836362e-02 4.155940339730219285e-02 6.556022437816726167e-02 8.021449396902906315e-02 6.411344659706488813e-02 5.865805436695675085e-02 6.928174185245315753e-02 6.256024421620962062e-02 9.780195562259677566e-02 1.321000409682800136e-01 3.280799701446552447e-02 -4.592166873787832221e-05 3.252879485259106002e-02 9.993189386605337565e-02 7.799919694889373423e-02 8.142069097587717463e-02 6.376950870919036174e-02 5.416794596849852650e-02 1.088517070001880083e-01 6.715239761812299979e-02 1.055548340759269732e-01 9.706466054679736832e-02 6.162334298338072169e-02 1.022432386493515866e-01 1.018497644163190996e-01 9.164120198368311265e-02 8.423149748866091968e-02 6.759812201465843773e-02 5.537294626199177477e-02 4.309517083214783190e-02 1.025332883610868134e-01 3.371087232189400734e-02 2.231740342983866421e-02 2.829595576719096117e-02 3.327204344269368147e-02 1.452372853038309125e-02 5.028783581282365855e-02 2.032255172095368337e-02 5.470053936765530839e-02 1.278555171523549500e-02 3.227758550347703537e-02 1.814075232473108534e-03 2.791657205698377595e-02 6.209956367901960615e-03 8.352937120556356079e-03 3.260062027540317625e-02 6.728128761963539373e-02 6.311764361015617664e-02 6.525251825506793446e-02 7.211212424173804592e-02 3.221089720692753983e-02 2.689817986560540455e-02 2.679284213678557666e-02 3.359815242992902212e-02 2.797579320887389961e-02 4.163757918006207037e-02 4.705464242824591165e-02
3.329971388835809565e-01 1.000000000000000000e+00 1.070133594196679971e-01 -2.646375071905299539e-02 8.025458993508464978e-02 9.544709938375951774e-02 8.802521194350314271e-02 1.103452463853753784e-01 2.846160457602370797e-01 2.421948521851851333e-01 1.213855227787621754e-01 9.682201214162873548e-02 1.126415936995819600e-01 7.825314796674331941e-02 1.209868224207598930e-01 1.488579279036389147e-01 2.126342155549389157e-01 2.564230912127869466e-01 1.655191879119383147e-01 6.902035937852601943e-02 1.135655677312416428e-01 5.961118187664619233e-02 2.795024620784976044e-01 2.146669238211371677e-01 1.411182527922589247e-01 2.773385430083157854e-01 2.128244893543992655e-01 2.332755914519065998e-01 2.852427760151401426e-01 2.667730577024300387e-01 2.161895375229467287e-01 2.809680949886454449e-01 2.150208107937434387e-01 2.305057179165330428e-01 2.798183403836087546e-01 1.759382386364266304e-01 1.909838493724553832e-01 2.106763680198443511e-01 2.072676108663554784e-01 1.536443369062788777e-01 1.887154444150273835e-01 1.631242568266481618e-01 1.362550861082082732e-01 1.536443255081274273e-01 1.653669031579106663e-01 1.844905656914133940e-01 1.680510664603770965e-01 2.019834296745156577e-01 2.004420257254374560e-01 1.871297397766951420e-01 1.949180103457867907e-01 1.035070092011291104e-01 1.439605955959304961e-01 2.421572312905557467e-01 2.681469377892859440e-01 2.466829403852160152e-01 2.159324097547935528e-01 1.791308937112080502e-01 2.121347974385497936e-01 1.785360116484564774e-01 1.714696884455159109e-01 2.003623136998025633e-01 2.038315418346414165e-01 1.909263649588866241e-01 1.683562683519111425e-01 1.849225208042957203e-01 1.886716699689683918e-01 2.008096605739906892e-01 2.257253914928683269e-01 1.480746044096725167e-01 1.291358251967083259e-01 1.522271153245266517e-01 1.942313552790047027e-01 1.694614135615464812e-01 1.923277554269794687e-01 1.790869204409629989e-01 1.723164382300850228e-01 2.098147252050152067e-01 1.858881536169202098e-01 2.123803333168815810e-01 2.046551423370641387e-01 1.789838828228395851e-01 2.079834439679133229e-01 2.159940236075242881e-01 2.033024262152994255e-01 1.873011663905634894e-01 1.771206604514652672e-01 1.814762601709814516e-01 1.748211614346758536e-01 2.151463749901310618e-01 1.595580482105396491e-01 1.583053482024820435e-01 1.523039126501191109e-01 1.609624619091412911e-01 1.614632392850678666e-01 1.835396091348704406e-01 1.490525156299001563e-01 1.671231342902122774e-01 1.567186321199333932e-01 1.633403119694640804e-01 1.411744690946335756e-01 1.665929902033981835e-01 1.413977633429494840e-01 1.471244001211518271e-01 1.537780596163728086e-01 1.890379386427043507e-01 1.856130186007904359e-01 1.971583724490443557e-01 2.004760473178399116e-01 1.723415733124041005e-01 1.700466536061118472e-01 1.688218079262595872e-01 1.745543125752200553e-01 1.645587172391475006e-01 1.642166503886991202e-01 1.740624225321795171e-01
1.015587391431211212e-01 1.070133594196679971e-01 1.000000000000000000e+00 3.454726811051631596e-01 2.351523901615362178e-01 2.904742975232013080e-01 3.376951944625311008e-01 3.311823800086958203e-01 3.587967814553135182e-01 3.144285100979958281e-01 3.594906295510362226e-01 3.743856183427667905e-01 3.197637818530450482e-01 2.580767722307438228e-01 3.540662414051887197e-01 3.692570685635444550e-01 3.472951193157772787e-01 3.461849582942204684e-01 3.473857696635121450e-01 2.748857280881669696e-01 3.477812464020046956e-01 3.309950777448382175e-01 3.368020669544922741e-01 3.369969419072186834e-01 3.342283636429109750e-01 4.029934111994877277e-01 3.950119768018880428e-01 3.765069993256474068e-01 4.015595111575719911e-01 3.980928733689379495e-01 4.042704221934484421e-01 3.817756977945609975e-01 3.674278610662588540e-01 3.778796686636962110e-01 3.850217288528552939e-01 3.738918864249909935e-01 3.924746434633592518e-01 3.675891102410516198e-01 3.765673823191900693e-01 3.535568698164525125e-01 3.799150674183459642e-01 3.594129726917814072e-01 3.781654782577826834e-01 3.689746241045485653e-01 3.899688626968630389e-01 3.598376309010170582e-01 3.639288811421986791e-01 3.657173697495555986e-01 3.698674267784204384e-01 3.815654426949295908e-01 3.785666170814442344e-01 3.582947678149071558e-01 3.594420510642025168e-01 3.647397434102206404e-01 3.757506938755051928e-01 3.774504715209254235e-01 3.652833161535348205e-01 3.702629315467402815e-01 3.716564744221476091e-01 3.615860221360371884e-01 3.725921758192138333e-01 3.648474515290746623e-01 3.720516272634187271e-01 3.689126371416892591e-01 3.673363124035380900e-01 3.729815659179194776e-01 3.685499515927258551e-01 3.762338119651111867e-01 3.794700414445711933e-01 3.712304800836683238e-01 3.740102380605350163e-01 3.754764017273814480e-01 3.741828300008368524e-01 3.770488910000602822e-01 3.779079475367161378e-01 3.866580623672428163e-01 3.744181857111271716e-01 3.943125922958351515e-01 3.830168541809110816e-01 3.921269608980213484e-01 3.791549799462123338e-01 3.838566586675975500e-01 3.722795576350418356e-01 3.826571300114514074e-01 3.788300442950522373e-01 3.808644311258456705e-01 3.806845855172691917e-01 3.733155481859838365e-01 3.702133830155243666e-01 3.719401675784845263e-01 3.692556047424674914e-01 3.659422689081793245e-01 3.739871152107240859e-01 3.685359703653274255e-01 3.654469765331327946e-01 3.658006986141760786e-01 3.712373833626861352e-01 3.697769660185332707e-01 3.673820933410401057e-01 3.749780533168008967e-01 3.662493521275365094e-01 3.730416066906501182e-01 3.700849986403029757e-01 3.688425812660109937e-01 3.704955826142389830e-01 3.684929133655454048e-01 3.711889940764857565e-01 3.653531308082551554e-01 3.698989616892529031e-01 3.687586467650592614e-01 3.649657436151410028e-01 3.623046762552623590e-01 3.672393424779980542e-01 3.681406736143402192e-01 3.674657607374181012e-01 3.696093558966498382e-01
-1.008100980453507378e-01 -2.646375071905299539e-02 3.454726811051631596e-01 1.000000000000000000e+00 3.319571286281425837e-01 4.190402329973464957e-01 5.695602955513969778e-01 5.793271159457596964e-01 4.381733100642918877e-01 4.140144526052841334e-01 5.497652618344385234e-01 6.439134311809596722e-01 5.034121596051474024e-01 4.175011498031738211e-01 5.754376926588160579e-01 5.771995251273165373e-01 4.574674833423978404e-01 4.577708069733985030e-01 5.013929137984209916e-01 4.977087883460203366e-01 5.584678926415438394e-01 5.535573527171182562e-01 4.345730189560783052e-01 4.729129113148240471e-01 4.909554087298779734e-01 5.097382974070826522e-01 5.611893276652188955e-01 4.912733236699456385e-01 4.789332783878662569e-01 5.317409615122350441e-01 5.624156773988634450e-01 4.644378427355498884e-01 4.784788420098262662e-01 4.982867552072293149e-01 4.785129620278489315e-01 5.220349992032957687e-01 5.579069430180075839e-01 5.033182816182072417e-01 5.306483237460548619e-01 5.175710325347913088e-01 5.557984015678456569e-01 5.470659950690042184e-01 6.166988515205368282e-01 5.786187238886478790e-01 5.880483919674280857e-01 5.404924613124856281e-01 5.417496293501473659e-01 5.161563685944560165e-01 5.309274318438194085e-01 5.427834373468327644e-01 5.458453323732211926e-01 5.894130798070014166e-01 5.833349414135534650e-01 4.788964319725191876e-01 4.824165865807519826e-01 4.931800728255212318e-01 5.130787021901369593e-01 5.396933500629764735e-01 5.138502606789981941e-01 5.439293346736101542e-01 5.720454783722581649e-01 5.287571129086563460e-01 5.330807678558647789e-01 5.442033216963322317e-01 5.511401717454390559e-01 5.507467050132529574e-01 5.337337757331773735e-01 5.424662093356003023e-01 5.399495260573886624e-01 5.954414822540711194e-01 5.892372680169876142e-01 5.674406062598463807e-01 5.462499841684547164e-01 5.670883951384813049e-01 5.510310351826761543e-01 5.716117463264827059e-01 5.610941608755862786e-01 5.511168740498032514e-01 5.546346785598051943e-01 5.510214858159868667e-01 5.505929302315699658e-01 5.672361197600448435e-01 5.280495152365137779e-01 5.228859852873199987e-01 5.320315733393470303e-01 5.514885972046303930e-01 5.670423148953915859e-01 5.439295576565275070e-01 5.499855124721930721e-01 5.108227772914135656e-01 5.488487290251641282e-01 5.519971975680422194e-01 5.723690390682921736e-01 5.618698661625491919e-01 5.511047312768529993e-01 5.342946487439845793e-01 5.567796754867900821e-01 5.644797041299843832e-01 5.604829513369558036e-01 5.625417171654577553e-01 5.711964167561889294e-01 5.616233587655857784e-01 5.774375420703468098e-01 5.706247276741216456e-01 5.647739934993730726e-01 5.316628244174264051e-01 5.413342104867242544e-01 5.168073888809260330e-01 5.243713407909916802e-01 5.471284934495154184e-01 5.361745763446215118e-01 5.437278492950152753e-01 5.381797919811880382e-01 5.511351449532391200e-01 5.566948636557765839e-01 5.469079869440527375e-01
7.072949166488534667e-02 8.025458993508464978e-02 2.351523901615362178e-01 3.319571286281425837e-01 1.000000000000000000e+00 3.126382574472355014e-01 4.575995621894040633e-01 4.817860375389603766e-01 4.397162734937241635e-01 4.063318301745812433e-01 4.634287788164309085e-01 4.912625944974418069e-01 4.533371289392202907e-01 3.685219037069689119e-01 4.796202989070795786e-01 5.041976869674337225e-01 4.379272821886519007e-01 4.282274664007567622e-01 4.385087439653980734e-01 3.857598197101114179e-01 4.001864163580919342e-01 4.268465177206351435e-01 4.283654078373069218e-01 4.390263635711151302e-01 4.286533323779877502e-01 4.875000932794971709e-01 4.886110895040773339e-01 4.709002598280416230e-01 4.532858890283851805e-01 4.742051019238483489e-01 4.808697279193103746e-01 4.812800959438713333e-01 4.298325799371455203e-01 4.711870507295761179e-01 4.562580009874557252e-01 4.708075375313309774e-01 4.886426754065012479e-01 4.810004108867970696e-01 4.780400785968198507e-01 4.695960487143658879e-01 4.947413505907169440e-01 4.915853708633561858e-01 4.989915084728793193e-01 5.033495716117607488e-01 5.032828119176400161e-01 4.882721807626444477e-01 4.911111443663615517e-01 4.988176818532173984e-01 5.046304410020137077e-01 4.975942014472014008e-01 4.976415080260741530e-01 5.022462753871325125e-01 5.022508896810122803e-01 4.965799072049726925e-01 4.871275596939474428e-01 4.975653469625885283e-01 4.948938140821599330e-01 4.982559542320256218e-01 4.948417856801763381e-01 5.001834029351960309e-01 5.083537643794262539e-01 4.963241745140462013e-01 5.010919579607908680e-01 5.036029978664215978e-01 5.001470658418680770e-01 5.045960996058249659e-01 5.026953214299276773e-01 5.090947310337945453e-01 5.063736769990488940e-01 5.099401801491270092e-01 4.935211574768096354e-01 5.028850609457106158e-01 5.048774769413389985e-01 5.015633394521237243e-01 5.059992404722121195e-01 5.032446551934107726e-01 4.985489508139367421e-01 4.942880253744699193e-01 4.979749256743547514e-01 5.026687085686170064e-01 5.048332872655731940e-01 5.022386886128290540e-01 4.994708877535938285e-01 4.884464430029364923e-01 4.999339505749295642e-01 5.076003040176112480e-01 5.098656618951084019e-01 5.013815722695139643e-01 4.946581959940852258e-01 4.915175470896654408e-01 4.932687076420271821e-01 5.019373508485451829e-01 5.056101311467364745e-01 4.979757594355482264e-01 5.004416031461892400e-01 4.960813649596868546e-01 5.028418353353026893e-01 5.106836918849463336e-01 5.063838020689195307e-01 5.073572318969662431e-01 5.055166201555642003e-01 5.035714954573473623e-01 5.039135112956625306e-01 5.048315528444687894e-01 5.082847414462601243e-01 4.959810079341144817e-01 5.051227401067462930e-01 4.943602186347855199e-01 4.989847630087826391e-01 5.003862657065045738e-01 4.937146597362968015e-01 4.979579478931976944e-01 4.984084661738460986e-01 5.047277225142831059e-01 5.036391055283465645e-01 5.027234206530994953e-01
3.331435616827727042e-02 9.544709938375951774e-02 2.904742975232013080e-01 4.190402329973464957e-01 3.126382574472355014e-01 1.000000000000000000e+00 5.350852138143894487e-01 4.990125833898558794e-01 5.497188281074657512e-01 5.013042321961849179e-01 5.632030588575508423e-01 5.979324366077977126e-01 5.134178172130411388e-01 4.688719398634313418e-01 5.914786892959514875e-01 5.869470402685939003e-01 5.521886813276790651e-01 4.988172792096833286e-01 5.288298756465397155e-01 4.473523740343625654e-01 4.950099502608619195e-01 5.223760455014966331e-01 5.149914273106823703e-01 5.015203556627370052e-01 5.222988515874166238e-01 5.788097214601131135e-01 5.876847849373321164e-01 5.651669808586170518e-01 5.625036700433353465e-01 5.852042530267230758e-01 6.031901785196351895e-01 5.658790745583814896e-01 5.449417205525403096e-01 5.589747340486810323e-01 5.659518011145466820e-01 5.734305650463723536e-01 6.051274823185923690e-01 5.949399240547625922e-01 6.029416705842757240e-01 5.705210006214410656e-01 6.084475023441130448e-01 6.044239379596066941e-01 6.048307028183139700e-01 6.209879890720451101e-01 6.186022401864312847e-01 6.051512481640524133e-01 6.105512623039652809e-01 6.133966199743785541e-01 6.148402105262870121e-01 5.962605641765411635e-01 6.079945718459243142e-01 5.986221564621798663e-01 6.168755885843015818e-01 6.049277594789304047e-01 5.948562884655235194e-01 5.948021936109290086e-01 6.011743141101575372e-01 6.136578153208087638e-01 6.003366010174909784e-01 6.154575981424910136e-01 6.187496187908081424e-01 6.076594254250984317e-01 6.119853948863438475e-01 6.152432217988570429e-01 6.121268004313608069e-01 6.172439162607519236e-01 6.103353731397471726e-01 6.151061662840856537e-01 6.114630968233796260e-01 6.182525791087249978e-01 6.143431373127571371e-01 6.183969588282053342e-01 6.108267223650316602e-01 6.150059218938945804e-01 6.125242230441554359e-01 6.156836814443037431e-01 6.131772694165834592e-01 6.127462088341421032e-01 6.144665375491118464e-01 6.169438218559862852e-01 6.170214651633247893e-01 6.214305008898797222e-01 6.120961194067612299e-01 6.065486715123178385e-01 6.058385734508437981e-01 6.118346064649377025e-01 6.190499718936629536e-01 6.134601965597971107e-01 6.132330189802389642e-01 6.033313902669135143e-01 6.030934619925870654e-01 6.132669068914630151e-01 6.166302727956919361e-01 6.151736139690141547e-01 6.137994957242247640e-01 6.126190607990418258e-01 6.071610443523401957e-01 6.146374044715671170e-01 6.161365782393061208e-01 6.148854676816967180e-01 6.146649009490723348e-01 6.175937613971488327e-01 6.168217639276376563e-01 6.196218785839188170e-01 6.184443549370377546e-01 6.109367383372497073e-01 6.156931812146337890e-01 6.074298213826679893e-01 6.098300408455757937e-01 6.162448989159362567e-01 6.102083555959834094e-01 6.151463490627173680e-01 6.135097385079449905e-01 6.155295923080742471e-01 6.176974052598382947e-01 6.173261948442057001e-01
-3.806763636800972184e-02 8.802521194350314271e-02 3.376951944625311008e-01 5.695602955513969778e-01 4.575995621894040633e-01 5.350852138143894487e-01 1.000000000000000000e+00 7.442529417949815818e-01 6.791655168773950146e-01 6.578274967523882744e-01 7.506459684085438067e-01 8.169947054466889513e-01 7.266930858461334575e-01 6.418293384314137651e-01 8.468750003197108578e-01 8.245466068041480412e-01 6.939499035280547456e-01 5.928443572567562159e-01 6.917539160376396934e-01 4.955675139218409520e-01 6.309983293557551720e-01 7.065157029939003186e-01 6.165169871249512878e-01 6.223376304601754283e-01 6.755022256862085461e-01 7.468694134711826305e-01 7.916603619394936286e-01 7.756204301576348215e-01 7.175780265951943182e-01 7.518542662625229411e-01 7.912389776138437636e-01 7.331155370682981287e-01 7.423946430338910218e-01 7.382095218532417347e-01 7.366303647652699960e-01 7.583173153116498089e-01 7.924214770840979361e-01 8.006710823774130237e-01 8.033753765920267353e-01 8.078397128264582783e-01 8.213727897123551669e-01 8.274734806811864241e-01 8.408012976646419556e-01 8.378564956626464166e-01 8.288549390778591208e-01 8.238671269042352474e-01 8.161880311685238976e-01 8.095442001649486574e-01 8.118577638847328526e-01 7.978695382535094804e-01 8.230788160822491983e-01 8.160329899678182564e-01 8.237459428580889975e-01 7.796723476457709801e-01 7.637367038205259417e-01 7.829498481813942368e-01 7.782778111168917601e-01 8.151439261867409192e-01 8.004798069135499183e-01 8.139800096443763344e-01 8.278629578564072888e-01 8.000804748416855405e-01 8.045025128080245391e-01 8.133322772887678909e-01 8.146059794767045448e-01 8.141171531148309048e-01 8.166833345913723230e-01 8.151094383907820928e-01 8.080899484868531157e-01 7.995080996848550337e-01 8.272616082192423281e-01 8.297362763931306340e-01 8.092707583253327952e-01 8.098876438882837148e-01 8.238443191289489542e-01 8.309409222381131110e-01 8.346402445518584789e-01 8.147826679570031594e-01 8.308117452535448422e-01 8.170389840486780297e-01 8.157890104503691120e-01 8.312697072629873229e-01 8.083222939278400521e-01 8.121146424462594160e-01 8.166608095397724920e-01 8.219470977241865040e-01 8.253262963104254224e-01 8.318351575117651775e-01 8.297661681413194268e-01 8.013573685102327593e-01 8.359543677894916147e-01 8.353351980147043498e-01 8.380891574448168235e-01 8.392581647315688897e-01 8.273979720280545402e-01 8.172427019558865524e-01 8.295304594230700213e-01 8.254748213682631119e-01 8.314464502631986331e-01 8.397011946069243837e-01 8.423124953039693441e-01 8.289369530173024136e-01 8.341472733410264517e-01 8.374338320698113680e-01 8.321790840150347091e-01 8.065344502406706084e-01 8.191916940562696814e-01 8.103136166474380619e-01 8.109921181145545166e-01 8.240152818289400161e-01 8.215159291135208930e-01 8.198547440106503936e-01 8.164416683615367543e-01 8.285606582022487787e-01 8.267645753441628109e-01 8.175886349196218594e-01
-1.587706629661235838e-02 1.103452463853753784e-01 3.311823800086958203e-01 5.793271159457596964e-01 4.817860375389603766e-01 4.990125833898558794e-01 7.442529417949815818e-01 1.000000000000000000e+00 6.671820786617538301e-01 6.378172571479210351e-01 7.359124067468753028e-01 7.813168466903211984e-01 6.973481070038624052e-01 5.985917093783016396e-01 7.932253924034412540e-01 8.066656127021935019e-01 6.890315349237231546e-01 5.985288948310111268e-01 6.542265815925609740e-01 5.028926362951471329e-01 6.351190233327865808e-01 6.573343810281263577e-01 6.177900001699669907e-01 6.048522469824137993e-01 6.253269919991791825e-01 7.235579783737073889e-01 7.500097813059554142e-01 7.193629401762218212e-01 6.926619274265857218e-01 7.259947657034444557e-01 7.518872007922180467e-01 7.227236316007010775e-01 7.028190043590980540e-01 7.133270446328298098e-01 7.179202522991062763e-01 7.339761478039666942e-01 7.598765925688469869e-01 7.560768111778833900e-01 7.663445432934765655e-01 7.599284416611965520e-01 7.804511922807242374e-01 7.826526750183792069e-01 8.096623538198953751e-01 8.040765812637685750e-01 7.892414410762969013e-01 7.817036796095084838e-01 7.869489738370923915e-01 7.787414852868035364e-01 7.870219235485781395e-01 7.649793855986548596e-01 7.918082195832334413e-01 7.708367107027518372e-01 7.904496060688108727e-01 7.623659059128031767e-01 7.601124067522831984e-01 7.644827431178878863e-01 7.738990410938966225e-01 7.923300589445295694e-01 7.828772866305639955e-01 7.933044269624794920e-01 8.085623270736214119e-01 7.903087243167854492e-01 7.914308693592435606e-01 7.929747742343890016e-01 7.859655206692117702e-01 7.932234336907098005e-01 7.885371674713842483e-01 7.872828017930239008e-01 7.843807883099513933e-01 7.782168483814496662e-01 7.871549772791507360e-01 7.870148174665725360e-01 7.766542433286407476e-01 7.693710418837806930e-01 7.878308945663894391e-01 7.949901104471802649e-01 7.901796258833825304e-01 7.851755553986708991e-01 7.883422655791876288e-01 7.866420776609284182e-01 7.826585522555963292e-01 7.932461648863112780e-01 7.842236460056110081e-01 7.786980512698769008e-01 7.829899378196776283e-01 7.880054746617382033e-01 7.909221383085164314e-01 7.928042857308410518e-01 7.912018192092055147e-01 7.762831315097320495e-01 7.866711693844391506e-01 7.942621257837396698e-01 7.949696243768754611e-01 7.950686837922249506e-01 7.934787458809042793e-01 7.891687667874752732e-01 8.016056667435873528e-01 8.044872581471801398e-01 8.043826515636588459e-01 8.005886519377540811e-01 8.068840199921080147e-01 8.051991644872625864e-01 7.983065967427311893e-01 8.054776836541933660e-01 7.973154757129772285e-01 7.917465469236483200e-01 7.937889050708698546e-01 7.811236389462784535e-01 7.883253090438863131e-01 7.950081736006185951e-01 7.949734782390913690e-01 7.923646584087099543e-01 7.945180749231635087e-01 8.003458017411221315e-01 7.930225323059085785e-01 7.918280723410590083e-01
2.440766834707733257e-01 2.846160457602370797e-01 3.587967814553135182e-01 4.381733100642918877e-01 4.397162734937241635e-01 5.497188281074657512e-01 6.791655168773950146e-01 6.671820786617538301e-01 1.000000000000000000e+00 7.701790015025329339e-01 7.691263073665518535e-01 7.635438071262744542e-01 7.088235359823016335e-01 6.240121108514882220e-01 7.975569665112985929e-01 8.092276723081636147e-01 8.075477599099546433e-01 7.246037636845406027e-01 7.277782587495963407e-01 5.326196778497720441e-01 5.874490085710062370e-01 6.339071128430612267e-01 7.795508669014546976e-01 7.099171484508686181e-01 7.040528568568802381e-01 8.623967557787962646e-01 8.257228147022953602e-01 8.160480825234649460e-01 8.369085552740976874e-01 8.578268692089496827e-01 8.456111149844722785e-01 8.540320998325546809e-01 7.941393804108067833e-01 8.192450128970210077e-01 8.536651630614581210e-01 7.846353902535454505e-01 8.360437474620716625e-01 8.519751567101792045e-01 8.495382525877274160e-01 7.919008387877914945e-01 8.641098401032871745e-01 8.425092610353867029e-01 8.040751164314619004e-01 8.393898377356125984e-01 8.420281586879866387e-01 8.438803735528423999e-01 8.503031095696260699e-01 8.706969617128559324e-01 8.707812163185469911e-01 8.461997257119627802e-01 8.580815655386964114e-01 8.010965474949178766e-01 8.302224193054374979e-01 8.802297511565069232e-01 8.771015698378895609e-01 8.723167421492579177e-01 8.606670954062564105e-01 8.512341611967793042e-01 8.630939027400006403e-01 8.581395532893847378e-01 8.597581441477784026e-01 8.610718707913902481e-01 8.634463925941210372e-01 8.611151126136249445e-01 8.523782023892274573e-01 8.652625617489924092e-01 8.670176857192631870e-01 8.683598883653815825e-01 8.792652223075293483e-01 8.179694193224207321e-01 8.102316985457320708e-01 8.431367825177785713e-01 8.586720453640687145e-01 8.459567391922185875e-01 8.712230614738387668e-01 8.613964718776552232e-01 8.544047136223779093e-01 8.719359449624828340e-01 8.581323180127444772e-01 8.758008532882509689e-01 8.699084071672930074e-01 8.603773969892942741e-01 8.705302585690534167e-01 8.724010091520528754e-01 8.665019335044675808e-01 8.618458236663227856e-01 8.519874434518249773e-01 8.593778950895013535e-01 8.571077309523246202e-01 8.696509649035780720e-01 8.405015755892324414e-01 8.504181833199403462e-01 8.456870922260945056e-01 8.482312192720550259e-01 8.516695782767726985e-01 8.635647927445435634e-01 8.331624637776375852e-01 8.520008991132318465e-01 8.479245046415821996e-01 8.490692673503086318e-01 8.299190545558694510e-01 8.492271875644269441e-01 8.412688960010580308e-01 8.439973419124129350e-01 8.481390973985925008e-01 8.541598515753119347e-01 8.668940380448184602e-01 8.688719494577524793e-01 8.677901064446453816e-01 8.567014751649847382e-01 8.471897352155419725e-01 8.536255678022386384e-01 8.519929416344176332e-01 8.524601505985712757e-01 8.519990914380610736e-01 8.572994256774082444e-01
1.256654345516037830e-01 2.421948521851851333e-01 3.144285100979958281e-01 4.140144526052841334e-01 4.063318301745812433e-01 5.013042321961849179e-01 6.578274967523882744e-01 6.378172571479210351e-01 7.701790015025329339e-01 1.000000000000000000e+00 7.254818523516594064e-01 7.280799261110818543e-01 6.788604535591616918e-01 6.158895456687606407e-01 7.759694048455945126e-01 7.700227557572799642e-01 7.281804042374294683e-01 6.020492880779002576e-01 6.464813013421134569e-01 4.519512314292700172e-01 5.221263895334392613e-01 5.795132176184002448e-01 6.732571802172286901e-01 5.993087329576205491e-01 6.264860387312719547e-01 7.754843521672388773e-01 7.557305143663133329e-01 7.471980659280194059e-01 7.476921944738912362e-01 7.683100208889539484e-01 7.825741840590745291e-01 7.733979669222219577e-01 7.430920313848303760e-01 7.374322681951265279e-01 7.789920254370008568e-01 7.387193824825797339e-01 7.782779295976487433e-01 7.977270215438522216e-01 7.993319997313608205e-01 7.674198752143197577e-01 8.187917912572479917e-01 8.037634406857849800e-01 7.630070155279884414e-01 7.962288529949311799e-01 7.861640387378651118e-01 8.019075711644823024e-01 8.167164437514022879e-01 8.301698915493490594e-01 8.114581456706019269e-01 7.842427087063232882e-01 8.146426153408397042e-01 7.534787157759903486e-01 7.880610864502389790e-01 8.262185914658813912e-01 8.159388884031871791e-01 8.249346739717487997e-01 8.095359887907405128e-01 8.174993508327808023e-01 8.230095329932388681e-01 8.203233068162216757e-01 8.162221399390393595e-01 8.234868358788201004e-01 8.173866539370512330e-01 8.188407878030303788e-01 8.041734269857698791e-01 8.191560977298052437e-01 8.279427736498152779e-01 8.143823904239010369e-01 8.182613578125204068e-01 7.659823893513281190e-01 7.690445431692869427e-01 8.025545998936380876e-01 7.997775912108701091e-01 7.872097572230768447e-01 8.241759873253339252e-01 8.185587525168435130e-01 8.122692072979393885e-01 8.208675090006513075e-01 8.150934657637430858e-01 8.253117834870046243e-01 8.210110279993291238e-01 8.184394846687134129e-01 8.251125478697595161e-01 8.284407184875148822e-01 8.167835690455328423e-01 8.096957123314046934e-01 8.081059955102413150e-01 8.197454160795507594e-01 8.207076241122593929e-01 8.281842064671566250e-01 8.091681066626480456e-01 8.176499259782138429e-01 8.072222497286503096e-01 8.127019636416775716e-01 8.190605466471537754e-01 8.286310150828598564e-01 8.001520470702980781e-01 8.046070025781648649e-01 8.146077140553857898e-01 8.128638569782468126e-01 8.000884165764081679e-01 8.168461953667277564e-01 8.031040688354431634e-01 8.114171131850882457e-01 8.087751108015471813e-01 8.182879144117878312e-01 8.232370738296598267e-01 8.319228727103370469e-01 8.287230440979372892e-01 8.215794220530137082e-01 8.191294473255146258e-01 8.199108936145333981e-01 8.217666962413791021e-01 8.195362951662702455e-01 8.122229649294010478e-01 8.204965154086044654e-01
-9.063756893028266856e-03 1.213855227787621754e-01 3.594906295510362226e-01 5.497652618344385234e-01 4.634287788164309085e-01 5.632030588575508423e-01 7.506459684085438067e-01 7.359124067468753028e-01 7.691263073665518535e-01 7.254818523516594064e-01 1.000000000000000000e+00 8.609642924971210309e-01 7.607999612854075000e-01 6.862139479211187831e-01 8.606677746801318918e-01 8.520104477429520928e-01 7.762933363557499300e-01 6.403538077075913160e-01 7.142079268951430082e-01 5.668950957976591765e-01 6.435971784967995379e-01 7.084495964337869101e-01 6.819054629061882533e-01 6.545145480803491456e-01 7.046310739131491641e-01 8.087280037023023560e-01 8.271220450334532126e-01 7.988019402092207955e-01 7.696606858380792282e-01 8.072620565979672369e-01 8.430540080641705236e-01 7.907556386660182790e-01 7.838679908354556636e-01 7.844013303422804340e-01 8.006222825756333927e-01 8.009819890525599062e-01 8.484964630635062344e-01 8.505203781619780079e-01 8.556134656312072151e-01 8.265439000746168663e-01 8.743481872518031883e-01 8.716893358041687412e-01 8.560747022903253400e-01 8.814062044784780614e-01 8.704602140193892224e-01 8.665661714302785867e-01 8.873795424776783625e-01 8.814412917845566575e-01 8.738392630142185480e-01 8.504937142536593830e-01 8.733220004894143296e-01 8.516203520492562351e-01 8.769953297451793528e-01 8.570791485005712085e-01 8.356047289754111596e-01 8.499098215521511124e-01 8.507638656292574320e-01 8.809331361187819898e-01 8.657231797388063033e-01 8.851093761761451573e-01 8.845940209958860212e-01 8.760769408505296729e-01 8.683260053854496840e-01 8.795412832519322599e-01 8.771403813584219833e-01 8.824144868296663891e-01 8.857816640621010151e-01 8.763462463560581783e-01 8.698069339067526773e-01 8.646474434182266355e-01 8.708049907849864102e-01 8.818133734562021431e-01 8.651354793624856931e-01 8.660023117090137612e-01 8.880627664115812170e-01 8.882825232951783168e-01 8.850895159755406416e-01 8.792566351357403720e-01 8.809891671447198647e-01 8.821717877487064152e-01 8.811073470521074702e-01 8.905076578905420925e-01 8.754893136472394755e-01 8.762071777764269820e-01 8.741290659203058144e-01 8.771937965840114204e-01 8.806348551410848602e-01 8.853870632253911799e-01 8.863183995815979710e-01 8.717032752441912224e-01 8.787606724882348619e-01 8.901801780650748785e-01 8.895224250050116632e-01 8.865491776981183625e-01 8.913822785076379596e-01 8.871821975999519827e-01 8.762117264644159187e-01 8.787018271384066104e-01 8.887655803410267064e-01 8.884951536636572778e-01 8.822989741251078266e-01 8.861295160364046630e-01 8.879862774185793839e-01 8.919973231337563480e-01 8.874349510484377257e-01 8.731499954120545137e-01 8.869766998605891350e-01 8.830870076684044223e-01 8.809796648012249154e-01 8.910370141089566376e-01 8.838208853744442539e-01 8.901860873005835728e-01 8.855298233233651617e-01 8.879177105417638272e-01 8.871738204541192996e-01 8.868144801194887128e-01
-5.251990060100864000e-02 9.682201214162873548e-02 3.743856183427667905e-01 6.439134311809596722e-01 4.912625944974418069e-01 5.979324366077977126e-01 8.169947054466889513e-01 7.813168466903211984e-01 7.635438071262744542e-01 7.280799261110818543e-01 8.609642924971210309e-01 1.000000000000000000e+00 7.859199826140257361e-01 7.178715431757495269e-01 9.053611524448037517e-01 9.000543133368601456e-01 7.715136392608128446e-01 6.665917862268955218e-01 7.616609657354047602e-01 6.222754140656905353e-01 7.160989805063595615e-01 7.820481593474691850e-01 6.904784923574087685e-01 6.846939630952629807e-01 7.478875279930513598e-01 8.246757000220604761e-01 8.594310107299039103e-01 8.327101327442663070e-01 7.895370571902717849e-01 8.317548018165557000e-01 8.796306969182408064e-01 8.031064376458093568e-01 8.090576917193897932e-01 8.049694956260035061e-01 8.127951849167521781e-01 8.302712688471268754e-01 8.799585662611534298e-01 8.710444391289017263e-01 8.814316179318655298e-01 8.638902813255061597e-01 8.999931073636729950e-01 9.059017242956447502e-01 9.100155839973494976e-01 9.219882767688201142e-01 9.102255571852229110e-01 8.977332333376828455e-01 9.123522690893481890e-01 8.984123623788228263e-01 8.985656046144492315e-01 8.796955358197416919e-01 9.030144571083933425e-01 8.983456623957266629e-01 9.161767660685397052e-01 8.681137705922841175e-01 8.467427279166025444e-01 8.617867684106325088e-01 8.690531633872300432e-01 9.059294922425326080e-01 8.904927041928538678e-01 9.118822238992869700e-01 9.203344413612684072e-01 8.989737807529102342e-01 8.963070014321254941e-01 9.068645928393224143e-01 9.064659828452136248e-01 9.087607746575019352e-01 9.070356342103975678e-01 9.030500422052256670e-01 8.926437123115704697e-01 9.097442810945893799e-01 9.201199418437444599e-01 9.203931385471807447e-01 8.906914727389013686e-01 9.014669857956463250e-01 9.124894318886833666e-01 9.209591534729557605e-01 9.179061981602738562e-01 9.030075745576765511e-01 9.092323514147592212e-01 9.052034154830620460e-01 9.060979550028271934e-01 9.225219344179510506e-01 8.932637349056750109e-01 8.967845000264221822e-01 8.977184682295654694e-01 9.037035860078757032e-01 9.133364385692254173e-01 9.131240948400832780e-01 9.151043858927960795e-01 8.863869913375502785e-01 9.111158631497988658e-01 9.198265298230675624e-01 9.245743425225251277e-01 9.210862976873233077e-01 9.195856390593750707e-01 9.091400438560092168e-01 9.071300554975729735e-01 9.086544199806090294e-01 9.193959238988086424e-01 9.196492832221739855e-01 9.199490950033930581e-01 9.146529056536510938e-01 9.263965803581263314e-01 9.248081287835880904e-01 9.189439280785637321e-01 8.928923762861111779e-01 9.096887431606673902e-01 9.004227888115727829e-01 9.003047596645075146e-01 9.158415495464999889e-01 9.093810438892065973e-01 9.145343402007996003e-01 9.084312544699334468e-01 9.156193862564234731e-01 9.155034513841253663e-01 9.114988595830206819e-01
3.010330123153123760e-02 1.126415936995819600e-01 3.197637818530450482e-01 5.034121596051474024e-01 4.533371289392202907e-01 5.134178172130411388e-01 7.266930858461334575e-01 6.973481070038624052e-01 7.088235359823016335e-01 6.788604535591616918e-01 7.607999612854075000e-01 7.859199826140257361e-01 1.000000000000000000e+00 6.494632880658149920e-01 8.254493255088724002e-01 8.159458610431428172e-01 7.213750994074705769e-01 6.166216076214996455e-01 6.884833564601957612e-01 5.208296275609796133e-01 6.167296815263529908e-01 6.815224081985478133e-01 6.442844105949088185e-01 6.268452302486505756e-01 6.697289796404828355e-01 7.597970763871421118e-01 7.856119825955860669e-01 7.609515656287543228e-01 7.145663467261265112e-01 7.516719732069342408e-01 7.945378227507663427e-01 7.548963434409640127e-01 7.238975752697460742e-01 7.317103930018681313e-01 7.504541774590612890e-01 7.632326133013885849e-01 7.998216269706724946e-01 7.978317228977216402e-01 8.018550721776498413e-01 7.898230543091223632e-01 8.230417750986750436e-01 8.258511702618007710e-01 8.144448589886341683e-01 8.361073846418990430e-01 8.222606883955906332e-01 8.218606486007181688e-01 8.363663645526326906e-01 8.351608786064150802e-01 8.240149423193168232e-01 7.983616989855335522e-01 8.220469325137131911e-01 8.142298130391770750e-01 8.295637003827898148e-01 8.156730693050852077e-01 7.970259428757913156e-01 8.134028962722331668e-01 8.028446438617502512e-01 8.283712990860757630e-01 8.185698703119761444e-01 8.401925427550288594e-01 8.381812970849598088e-01 8.253436193203562699e-01 8.229318621691251723e-01 8.301253358677423977e-01 8.315428214371246574e-01 8.348327990277071287e-01 8.400406333070522535e-01 8.366727835493520393e-01 8.255874463612131731e-01 8.193069765693266060e-01 8.300963428801816368e-01 8.378933049900909591e-01 8.237330009027111766e-01 8.206668153902986207e-01 8.397233635692197273e-01 8.380692426310537568e-01 8.383790410062345044e-01 8.258697956497534909e-01 8.344526527494418033e-01 8.305388187121622856e-01 8.359702574808124398e-01 8.422872777438021874e-01 8.301254361734150544e-01 8.259148624752898904e-01 8.282144625330531973e-01 8.288404514999914152e-01 8.381094497565304557e-01 8.389444937178939243e-01 8.374506700636490386e-01 8.299480057658515930e-01 8.317268791907892478e-01 8.440058381652898456e-01 8.457819636500505389e-01 8.430845532839301715e-01 8.448584808703347715e-01 8.420970110778439599e-01 8.326953557954546170e-01 8.366442634164393821e-01 8.432269426684735336e-01 8.428647670590646568e-01 8.444512445875476114e-01 8.380748212483901671e-01 8.461836581633486176e-01 8.458108577849846599e-01 8.463624222663284069e-01 8.285689491963608155e-01 8.402495168035647444e-01 8.390161745576993901e-01 8.369499092864725043e-01 8.409318072225764329e-01 8.380894130473196535e-01 8.436412596655401552e-01 8.376067620622751342e-01 8.425878095429800707e-01 8.440389563404816498e-01 8.411226802719408147e-01
