1.000000000000000000e+00 5.862711207157039750e-02 1.006754845435002543e-01 6.326476188867512229e-02 7.503960864231641603e-02 2.768074502297514922e-02 6.064609552551233906e-02 3.074905611687121787e-02 1.019186293692832257e-01 2.170568783514987068e-02 2.265497458147789842e-02 2.925442154262860792e-02 3.110229293189996358e-02 3.781598336498617329e-03 1.587091321589232523e-02 2.463140205004058989e-02 5.771021454719316851e-02 -2.080044431815454998e-03 -1.473367801091570199e-03 5.056545266656722881e-02 6.626638380285836127e-02 2.717050872543127354e-02 -4.646491918980140239e-03 -3.779752868451763392e-02 -2.972844899799768556e-02 4.938441011494933142e-02 4.158761125820793769e-02 4.056215477964779381e-02 3.212817352395390402e-02 3.695977216099263774e-02 3.373837943249542726e-02 1.034130633904431149e-02 3.197570320184285608e-02 7.552085736439428584e-03 3.112896556281564628e-02 2.857456091635151088e-02 1.188691307520188881e-02 5.566548029081643499e-03 2.881155428255310555e-02 -6.422079971538741626e-03 1.038023557969833775e-02 -1.134406031204563195e-02 8.017475244793572167e-03 1.060437357295729993e-02 1.323340706496529788e-02 6.818620341675555099e-03 2.287316200042047339e-03 8.120309234404564369e-03 2.554569974662798323e-02 2.694510654196541691e-02 2.036670088136611004e-02 3.389609357656418742e-02 2.775540974946940839e-02 1.832207568424143451e-02 1.155492492415531765e-02 1.177342694623363661e-02 6.374097086237368037e-02 5.549197128615566618e-03 -2.743769478076167698e-03 4.243028510135710835e-02 2.199705114490092470e-02 2.052364665378919595e-02 1.516545153775015684e-02 4.282099961958679007e-02 4.707856498326792177e-02 4.142850839595308560e-02 2.050204019545593531e-02 -1.214580287838196463e-03 -1.621997672143466775e-03 1.839099629940350866e-02 1.021832178691705131e-02 3.880051201857751680e-03 -1.704150576977971412e-02 -6.628498974995887007e-03 2.114585685539252871e-02 8.986999066925674060e-03 7.006455414041851994e-03 9.267585296698105379e-03 4.853495773139406867e-03 1.485564700004783113e-02 1.032336803458718671e-02 9.791108010474912360e-03 1.690468512310501145e-02 1.263980278987797759e-02 1.492436823961160348e-02 6.860129704255328933e-03 4.124823876142752650e-03 9.356599221893959969e-03 5.617634481306010494e-03 1.432844030814934416e-02 -4.994180992039303976e-03 3.866867097139006001e-03 -1.570190556764745372e-03 3.815621953546906526e-04 6.790538004738428876e-03 8.047998242186842413e-03 2.560390232254651857e-02 5.371994466368471000e-02 2.062854385689898845e-02 1.552323809897675905e-02 4.946324090493945877e-03 2.268926392016756832e-02 1.793844799756147759e-02 1.370190912259530366e-02 2.078013403826471650e-02 3.818476882486668972e-02 2.963942328097336418e-02 9.784688042778004816e-03 5.545156060963621174e-03 1.409352136126056088e-02 1.923662700276694082e-03 2.125358869599457481e-02 1.226034790495507745e-02 2.910059139899109568e-02 2.648587547069835429e-02 2.587144753413737897e-02
5.862711207157039750e-02 1.000000000000000000e+00 9.780693679557270204e-02 1.549011781626223605e-01 1.259508413850991548e-01 1.095065671449080291e-01 1.646674547050598070e-01 1.428323108035899902e-01 1.847746730857653952e-01 1.807142829255230787e-01 1.608752666866508640e-01 1.653686825298250063e-01 1.448090599864435557e-01 1.319326988915341392e-01 1.783282275473475342e-01 1.675094012649598341e-01 1.530431579337009351e-01 1.716103643302677173e-01 1.616112546216977031e-01 1.267953952759605096e-01 1.656881641481551259e-01 1.566274067891515465e-01 1.712400204131996895e-01 1.610090598291534503e-01 1.440365026026404760e-01 1.657031988770529818e-01 1.590842933910669443e-01 1.789661551871124801e-01 1.709902499803860054e-01 1.730007160517583187e-01 1.619330160332852764e-01 1.796252233574550938e-01 1.858642320822763427e-01 1.577082729245917192e-01 1.819569427789177463e-01 1.324648259173932252e-01 1.731173366818087311e-01 1.705418458173634244e-01 1.638493465490333256e-01 1.599393230810487454e-01 1.709064669337477249e-01 1.650788529794453841e-01 1.533077957662777602e-01 1.687069883298792372e-01 1.612445373315052888e-01 1.672412796325523365e-01 1.653294099980136822e-01 1.731053252380030105e-01 1.552001806252198135e-01 1.306308551211198543e-01 1.444064598282888134e-01 1.329854319499610693e-01 1.540592565765034894e-01 1.778569987088839677e-01 1.597328997095586733e-01 1.554469599189758633e-01 1.502050740784801608e-01 1.681635108962490632e-01 1.711359489333782458e-01 1.754887150799424589e-01 1.556894569115662152e-01 1.729653066215383062e-01 1.623369897086178182e-01 1.491641397921371903e-01 1.647409045498295643e-01 1.650756238370918449e-01 1.677431673258530376e-01 1.671913342643421563e-01 1.731722019530804180e-01 1.657288345901010984e-01 1.649801153919542851e-01 1.622957137727021881e-01 1.720965341445657437e-01 1.636379586475752435e-01 1.644560436759449906e-01 1.638262620307092965e-01 1.672532184503835451e-01 1.665801827555164760e-01 1.646235080068929324e-01 1.674978654696152036e-01 1.687039877136295163e-01 1.628002470646365274e-01 1.658226609460610734e-01 1.739454064480814854e-01 1.537966217528007329e-01 1.599417319089334599e-01 1.630887071770205365e-01 1.592471467558686238e-01 1.614631004884300725e-01 1.627868370450764046e-01 1.702513320388063800e-01 1.629793607244154618e-01 1.649456522820990645e-01 1.644425707822406435e-01 1.630259193479558222e-01 1.661137752625791997e-01 1.385123138886459881e-01 1.463233157535621942e-01 1.579700638796114609e-01 1.517804523516271542e-01 1.535210930568448318e-01 1.585953033217048502e-01 1.594396008578125301e-01 1.580195532147999626e-01 1.516875984989889681e-01 1.612451967680353926e-01 1.631721369391415655e-01 1.667178178393808052e-01 1.625108147268082837e-01 1.666774354596248509e-01 1.685394449472349954e-01 1.663927446627773976e-01 1.697566312694031021e-01 1.538211315632916909e-01 1.668611959865441141e-01 1.647025084322261967e-01
1.006754845435002543e-01 9.780693679557270204e-02 1.000000000000000000e+00 3.568741310661488475e-01 2.396975606211635967e-01 2.733390608287505907e-01 3.601170572832278483e-01 3.508057461198653137e-01 3.892044831490260592e-01 3.638798461222679248e-01 4.018994338250884701e-01 4.070174475955084525e-01 3.739461294370043376e-01 3.015483016680822748e-01 3.985825922148633627e-01 3.925555518265029797e-01 3.807940995643150917e-01 3.590397927671418188e-01 3.905930594856594773e-01 2.950020951232893429e-01 3.715779005226482745e-01 4.067255712253320943e-01 3.946208817228670229e-01 3.573448586929993676e-01 3.887362904920576012e-01 4.341111984270347168e-01 4.251371024401700005e-01 4.184077089582789455e-01 4.223678039235783666e-01 4.071179798752037615e-01 4.230599957825679769e-01 4.242403701994859611e-01 4.166770495054654133e-01 4.243957866972273840e-01 4.143937219805309824e-01 4.218855429460001694e-01 4.098456255221982758e-01 4.115061988005822013e-01 4.256811901388732888e-01 4.198459885132883040e-01 4.138518184045150705e-01 4.090082004727126908e-01 4.170512562888603059e-01 4.135166714502343521e-01 4.211976875567979839e-01 4.061984767590558487e-01 4.014647412651367597e-01 4.060732235060874884e-01 4.052039950490761155e-01 4.182521579642410892e-01 4.095470642974088915e-01 4.156430995108962301e-01 4.167008508719111659e-01 4.005778107857129178e-01 4.041925210532844037e-01 4.225797716807628279e-01 4.142835761799594785e-01 4.064988151695070884e-01 3.923911236565433280e-01 4.037030476054867534e-01 4.089437132986850076e-01 3.980261557439012110e-01 4.023990476199761912e-01 4.088790330159349784e-01 4.136971005427198533e-01 4.081576560344140070e-01 4.078580495382186366e-01 4.031955156914938665e-01 4.121769887842546831e-01 4.096664209355210806e-01 4.107159848839899707e-01 4.097567548419109862e-01 3.996753432943476736e-01 4.114992449313301659e-01 4.167387113831015344e-01 4.080024220097135945e-01 4.095213931394208196e-01 4.110602216660208530e-01 4.059234770508093892e-01 4.086831776429225016e-01 4.198973494069134782e-01 4.081511857750483863e-01 4.134557002429372075e-01 4.130504752978741423e-01 4.176258724942817913e-01 4.155059477991339678e-01 4.135962780868158717e-01 4.085981762684868790e-01 4.104502788057470264e-01 4.112561075389995491e-01 4.133487874713607235e-01 4.078315279730630460e-01 4.118204846245356876e-01 4.085687076893481096e-01 3.989303315223703406e-01 4.026195221436607019e-01 4.062142402217789883e-01 4.019808266569191990e-01 4.030539757662365830e-01 4.072919706156830078e-01 4.102746119564281702e-01 4.047570943866959925e-01 4.061937882990780402e-01 4.046187417229034633e-01 4.107363726628318057e-01 4.024374033183582000e-01 4.025515461190015132e-01 4.064194892856151098e-01 4.023243645684409509e-01 4.002350195429487112e-01 3.996786744471687025e-01 4.014372869819095024e-01 3.968823508576955761e-01 4.043711932361441219e-01 4.060111842188969811e-01 4.024713431628448301e-01
6.326476188867512229e-02 1.549011781626223605e-01 3.568741310661488475e-01 1.000000000000000000e+00 3.997960200202601011e-01 3.979991457892693707e-01 5.740463693676945978e-01 5.677702310792741569e-01 6.062999565596062235e-01 5.483977453056593232e-01 6.334635817403297953e-01 6.649342477412262253e-01 5.883576786295284800e-01 4.615313543907505478e-01 6.452149802448837734e-01 6.380463846414188289e-01 6.063069495155971600e-01 5.829949934970002356e-01 6.211004527466399416e-01 4.944071381031894252e-01 6.116877184433714421e-01 6.524964645002437891e-01 6.358492768493280156e-01 5.686684450430214977e-01 6.224831467744574853e-01 6.739561548934217550e-01 6.506667905563832122e-01 6.644400711774887114e-01 6.584041112378413718e-01 6.519496856647517546e-01 6.614720351302804113e-01 6.710643600416766885e-01 6.586555873867188104e-01 6.398967956170739102e-01 6.522153796021784578e-01 6.468206396073993281e-01 6.551665445970220603e-01 6.588449466897626783e-01 6.746305593184011018e-01 6.575164666240572720e-01 6.650408732795964895e-01 6.589332107201257838e-01 6.585143955036539820e-01 6.717564244384393035e-01 6.624793802445217983e-01 6.605911197127318779e-01 6.484906378924759629e-01 6.524137276111701134e-01 6.578163581917286784e-01 6.537523326079068831e-01 6.564087132606334363e-01 6.428469153481046749e-01 6.565208899762468020e-01 6.476643945993544316e-01 6.482044682273628844e-01 6.568889868365661577e-01 6.516943716783422103e-01 6.487056315909824900e-01 6.392405332208713764e-01 6.519882816170874396e-01 6.514096650969650737e-01 6.419633545469568547e-01 6.478488239279136529e-01 6.547586639456755009e-01 6.541797517161527242e-01 6.477650972115074346e-01 6.477299170816185336e-01 6.494723445794569061e-01 6.602726989688556536e-01 6.554631944677641320e-01 6.591529944029894672e-01 6.563276322382599615e-01 6.409792054800876882e-01 6.563085564258520632e-01 6.626916951464216776e-01 6.560461736780485165e-01 6.584904303442957740e-01 6.544665769906509167e-01 6.551784151398898359e-01 6.623231921267384026e-01 6.623435667083305001e-01 6.545793618338671127e-01 6.575405376431225912e-01 6.656517077105601476e-01 6.620143626951212612e-01 6.548609760418824255e-01 6.581214623299163069e-01 6.565081520102161727e-01 6.599560696915554026e-01 6.565095854165665656e-01 6.632306528569459347e-01 6.526561727993691608e-01 6.560540674939194794e-01 6.579559247618933515e-01 6.454713064415124046e-01 6.471834969935617021e-01 6.450806351113790305e-01 6.440604157385366735e-01 6.528251847658974594e-01 6.512952524466589788e-01 6.580183172031267569e-01 6.499178805721528285e-01 6.494514389253197573e-01 6.521188399324292506e-01 6.511283707377863994e-01 6.430116830107197590e-01 6.465768988215175872e-01 6.472633655500140692e-01 6.488074759475322972e-01 6.476214733788198119e-01 6.485403730221098728e-01 6.467304938787029611e-01 6.444210937892730362e-01 6.468602492998158926e-01 6.477929329704349426e-01 6.473118883728627981e-01
7.503960864231641603e-02 1.259508413850991548e-01 2.396975606211635967e-01 3.997960200202601011e-01 1.000000000000000000e+00 3.148318136345233942e-01 4.498987615383546745e-01 4.813297125921063291e-01 4.678772461071480926e-01 4.162007206177329444e-01 4.625855218327008522e-01 4.891235418478805941e-01 5.067043402931072915e-01 3.665952058292689664e-01 4.977214694103256343e-01 5.146115260032797512e-01 4.660046631331065115e-01 4.390839309074611174e-01 4.700529416020690077e-01 3.762600400567496228e-01 4.553448292608224812e-01 5.003195312300566799e-01 4.790530575556478099e-01 4.382259276905392520e-01 4.950212865532150341e-01 5.139641689644106615e-01 4.779513531531284221e-01 4.939182543855425989e-01 4.874275402610500074e-01 4.775944419113690720e-01 5.067312026368990807e-01 4.955933866435312529e-01 4.640447682120893980e-01 4.745357167057956960e-01 4.716540959850282211e-01 5.049285496907541804e-01 4.955543032143835958e-01 4.847132004752890411e-01 5.099082299961574805e-01 4.859814921084942840e-01 4.962134380501683206e-01 5.016729656378833280e-01 5.211503754989114112e-01 5.142307355746404962e-01 5.087339110953235100e-01 5.045585864799387865e-01 5.006023469760104705e-01 5.047379995000670361e-01 4.970108786426000735e-01 4.914450371277318541e-01 4.957540817394169297e-01 5.022295954013940023e-01 5.082054047328616875e-01 4.989223830230780643e-01 5.005803783120247319e-01 5.023195658135769515e-01 4.996077354863566189e-01 5.014250820175614187e-01 4.866737634693793502e-01 5.043385111075260330e-01 5.087107904682404147e-01 4.930609620361966483e-01 4.967136980228254450e-01 5.086007721146416083e-01 5.073141572614505712e-01 5.050385871786514658e-01 5.023346899739687954e-01 5.028682103710054863e-01 5.056142024765373222e-01 5.095880400758017181e-01 5.105786642199544589e-01 5.079764334318056518e-01 4.960234279268385116e-01 5.103775304396918067e-01 5.089997715836819259e-01 5.050682915718985866e-01 5.068874621012856574e-01 4.986951519000377142e-01 5.006098735148774015e-01 5.059337303894522186e-01 5.052632563494291462e-01 5.033161329044814059e-01 5.060185658533361552e-01 5.021460808477277160e-01 5.057508906861339915e-01 5.059094546373151813e-01 5.039832891555331429e-01 5.048365754817623063e-01 5.079404685516638596e-01 5.045023673308252077e-01 5.000540195773836016e-01 5.053970845384557764e-01 5.019793381107610086e-01 5.078408271757056669e-01 5.004733117512540908e-01 5.020605808965944439e-01 5.024597844454425921e-01 5.034460129270342810e-01 5.088998477801535136e-01 5.057714405003895797e-01 5.099211894133732770e-01 5.065854789994677088e-01 5.066534739398294018e-01 5.080602459422932649e-01 5.093028261801051393e-01 5.005390622354779495e-01 5.025422090881638271e-01 5.027276759025253172e-01 5.009107899017369858e-01 5.049405917824624224e-01 4.982555178627401382e-01 5.058767506945410775e-01 4.972687978538513076e-01 5.079787077348271174e-01 5.061477010990298453e-01 5.026540636188179256e-01
2.768074502297514922e-02 1.095065671449080291e-01 2.733390608287505907e-01 3.979991457892693707e-01 3.148318136345233942e-01 1.000000000000000000e+00 5.152246278118839395e-01 4.685211934960960556e-01 5.160259370350182007e-01 4.884424774253355306e-01 5.329034501715288474e-01 5.609208160458144521e-01 5.103105908820452230e-01 4.313572148747031321e-01 5.799184095825098417e-01 5.546363650859225114e-01 5.133684796900699343e-01 4.968151071407254094e-01 5.150915462725934590e-01 4.128441046363282019e-01 5.108033672377355616e-01 5.431029153048417824e-01 5.272737572858179345e-01 4.802467403863848183e-01 5.301406665539329932e-01 5.741725163927523523e-01 5.582386412608535409e-01 5.698100368327324583e-01 5.675824788982350988e-01 5.467532843813790455e-01 5.805508067797047200e-01 5.665426504189289281e-01 5.461593198392659110e-01 5.423308805232964769e-01 5.441673227358695408e-01 5.563647329118753815e-01 5.716352855791878573e-01 5.587668627795256970e-01 5.808060618398463992e-01 5.712170107059477697e-01 5.845551904536824273e-01 5.779968428714896689e-01 5.689684912653624194e-01 5.851482055378147695e-01 5.861473277514799296e-01 5.877268347481804378e-01 5.798140776002204122e-01 5.815304749565700648e-01 5.696665935238387490e-01 5.555660660023756803e-01 5.666028615198912544e-01 5.668616680224604076e-01 5.792252802129171929e-01 5.802521310903607787e-01 5.727261272589787566e-01 5.752074072473086774e-01 5.734606406921618493e-01 5.774651030056651146e-01 5.685905259329877559e-01 5.797171573239042752e-01 5.819782663495809416e-01 5.775365178063756044e-01 5.793586456730795975e-01 5.734415306754792052e-01 5.785622222313615559e-01 5.833985173750363407e-01 5.838294983248495384e-01 5.810549690814544865e-01 5.828647575307570605e-01 5.780912739547422463e-01 5.851185257761120084e-01 5.880827589995410998e-01 5.677697092701513570e-01 5.814302521222922682e-01 5.872260081829172584e-01 5.900705821136725815e-01 5.883761044500820381e-01 5.836820326856281271e-01 5.832934885284033477e-01 5.886262805688196043e-01 5.943236714643195251e-01 5.887559875881021032e-01 5.824195570983912162e-01 5.886940633124919664e-01 5.803933990745792082e-01 5.832536140356789911e-01 5.923789612833612050e-01 5.791078659918180715e-01 5.885826652004465531e-01 5.802839936866160953e-01 5.892497564155785295e-01 5.854565824733044543e-01 5.900363958256840125e-01 5.893095711530716985e-01 5.835934972529694953e-01 5.838186407947747458e-01 5.712275500486798663e-01 5.758777149017996200e-01 5.823537400585007129e-01 5.773234415548089693e-01 5.852612544249080617e-01 5.832621125736292544e-01 5.885844628203953377e-01 5.835189078202285273e-01 5.843839595108613061e-01 5.807255168731648709e-01 5.812249770855972830e-01 5.848287026315259762e-01 5.838956895656596258e-01 5.804122159870086506e-01 5.779949812491924632e-01 5.829768792489543605e-01 5.832815053297507601e-01 5.817414892212160460e-01 5.825587661474722623e-01 5.864541423882884130e-01
6.064609552551233906e-02 1.646674547050598070e-01 3.601170572832278483e-01 5.740463693676945978e-01 4.498987615383546745e-01 5.152246278118839395e-01 1.000000000000000000e+00 6.884116145715272195e-01 7.131650837664812448e-01 6.697168356865309535e-01 7.462102751058200534e-01 7.742856542504448214e-01 7.251999477483913603e-01 5.927207446692905890e-01 8.294464028438257586e-01 7.779821621639120277e-01 7.195328812355957782e-01 6.859177755816139310e-01 7.124191983742081957e-01 5.894719365648629639e-01 7.063642171638784273e-01 7.491084061279840167e-01 7.184559072818100800e-01 6.533732451789140416e-01 7.246690528607352411e-01 8.067199822740434012e-01 7.925946389872043918e-01 8.047251065593720165e-01 8.007002392123483414e-01 7.824415066034789978e-01 8.202929101651583732e-01 7.777220835070637328e-01 7.542393131162131725e-01 7.339301964406513834e-01 7.637396948692447562e-01 7.629123760873121052e-01 7.917432908170076722e-01 7.832196458200457734e-01 8.066022970053283725e-01 7.823454680995131083e-01 8.058918483506355424e-01 8.061745441571623871e-01 7.997872276396393865e-01 8.150622059887749904e-01 8.086156189703542774e-01 8.212170540975473054e-01 8.041008181845208380e-01 8.082168987387855497e-01 8.006619890696293762e-01 7.656883447604729831e-01 7.916211626120241984e-01 7.685216588275418648e-01 7.985448496159411880e-01 8.064689824497213166e-01 8.015945044665541142e-01 7.968396778768004340e-01 7.996591816379623463e-01 8.014673743432252362e-01 7.976757041216547828e-01 8.062053334153520545e-01 8.098030033463120558e-01 8.071103076890262518e-01 8.089338621342579971e-01 8.006461435194193177e-01 7.988213279004584555e-01 8.104488890036081195e-01 8.055779586994693542e-01 8.038129452023113908e-01 8.065274208707919890e-01 8.046464470738753372e-01 8.097141552544001586e-01 8.095437796156296217e-01 7.849254479545342278e-01 8.035449563064399614e-01 8.209733753402723710e-01 8.144158047491433239e-01 8.177571549267889095e-01 8.150375815688396530e-01 8.130001541048736957e-01 8.202568734861840349e-01 8.185502533886966914e-01 8.168252765063405141e-01 8.076236839099604214e-01 8.145335477942938773e-01 7.999798270252959087e-01 8.006071439199970996e-01 8.157722460417828891e-01 8.087173919208670014e-01 8.181757382425538516e-01 8.083275316796608712e-01 8.149338373080470266e-01 8.155915369412074512e-01 8.117168691729713670e-01 8.200453842334520793e-01 8.079324050675870117e-01 8.093133348674144134e-01 7.930705617892408466e-01 7.973896982311750037e-01 8.106398296265326930e-01 8.042852300922377351e-01 8.148774352302736723e-01 8.098034302580160437e-01 8.067435843102530590e-01 8.085804094954700538e-01 8.054979734642366829e-01 8.069758955065707839e-01 8.077049887037258680e-01 8.114264438586377137e-01 8.095531222223354417e-01 8.081480415715122101e-01 8.081121798757255892e-01 8.089704559669799178e-01 8.091570908120003791e-01 8.086181899939435258e-01 8.080662249018335519e-01 8.086313312396957720e-01
3.074905611687121787e-02 1.428323108035899902e-01 3.508057461198653137e-01 5.677702310792741569e-01 4.813297125921063291e-01 4.685211934960960556e-01 6.884116145715272195e-01 1.000000000000000000e+00 7.007866343092370442e-01 6.577271068468191206e-01 7.274806697188599403e-01 7.747804201010539682e-01 7.150960862167821119e-01 5.735792300416209244e-01 7.811049849646389820e-01 7.916740652540545931e-01 7.128767809635627728e-01 7.061156331167592892e-01 7.369415162638152106e-01 5.704479323043962768e-01 7.135916194240123911e-01 7.737167761640275643e-01 7.288155585485444066e-01 6.921221690582095576e-01 7.557777842642295907e-01 7.770270379502957070e-01 7.568510872490011865e-01 7.531455685741423878e-01 7.595850438800393345e-01 7.663590514256835018e-01 7.853064043730021426e-01 7.728940695875082811e-01 7.231348476868941777e-01 7.435668796464971475e-01 7.461396312801384934e-01 7.593228709771248086e-01 7.574768257151454076e-01 7.771809222234183911e-01 7.940255596968505136e-01 7.549958496500478455e-01 7.866709134390039715e-01 7.820972172897310282e-01 7.923902661494107713e-01 7.961905454495253887e-01 7.872061700198714762e-01 7.873691954491711664e-01 7.824183944704528049e-01 7.869947955602623058e-01 7.839134018473846721e-01 7.598238252697948614e-01 7.820495129809179602e-01 7.574506374722547175e-01 7.776945473080585369e-01 7.879178749684404570e-01 7.861447139083697078e-01 7.800536978903923613e-01 7.837269375490074630e-01 7.902320637346746945e-01 7.821395562345038188e-01 7.828571522445667563e-01 7.908763896457259301e-01 7.866498951203029222e-01 7.936655322505778987e-01 7.884806619971469477e-01 7.824973029030075633e-01 7.836659902632542307e-01 7.796680567436817810e-01 7.903340139825333344e-01 7.889778418716207886e-01 7.850515562239397394e-01 7.959355136696245614e-01 7.926005373344516824e-01 7.789817733951661660e-01 7.949719984438823328e-01 7.911023126574028286e-01 7.799912751712817505e-01 7.812646354545945693e-01 7.816335298084984284e-01 7.796802388761466807e-01 7.895308179522301240e-01 7.841289429102626940e-01 7.798575354577820251e-01 7.878707860207010416e-01 7.806620657144704989e-01 7.841397726091768883e-01 7.860778154342469293e-01 7.828027094301135413e-01 7.938266758011949253e-01 7.904500954479216634e-01 7.873816113510673231e-01 7.788218076799283685e-01 7.852724011326973619e-01 7.829116529384312351e-01 7.869646958374318935e-01 7.828546558353267626e-01 7.838448154496592268e-01 7.868983248083328830e-01 7.826889288793847932e-01 7.936110612265752096e-01 7.869153435101836624e-01 7.911204856365620097e-01 7.909913142892188720e-01 7.826182706986215543e-01 7.879049958904162931e-01 7.843237872628633367e-01 7.863296704230940959e-01 7.878137354640933898e-01 7.838835480458231642e-01 7.858635449704164389e-01 7.888092777201530792e-01 7.873431752554204133e-01 7.850956542128597615e-01 7.846621183641701025e-01 7.897617936213875423e-01 7.837142047129109779e-01 7.817711910047624446e-01
1.019186293692832257e-01 1.847746730857653952e-01 3.892044831490260592e-01 6.062999565596062235e-01 4.678772461071480926e-01 5.160259370350182007e-01 7.131650837664812448e-01 7.007866343092370442e-01 1.000000000000000000e+00 7.561403787115515973e-01 8.059393603481703749e-01 8.438122531410360283e-01 7.635593078173746884e-01 6.256638887495228341e-01 8.420709361728135889e-01 8.287378167394228168e-01 8.077697637921176232e-01 7.418639561641914293e-01 7.441136539168885511e-01 6.134946804333997195e-01 7.602416662010686998e-01 8.013370919158973038e-01 7.509006757321780023e-01 7.109637448451436859e-01 7.699356021103274106e-01 8.510228376129458372e-01 8.293455035569388123e-01 8.276393083195723310e-01 8.414679022720593649e-01 8.178212051655769921e-01 8.647618840234488902e-01 8.392227401987987223e-01 7.734425816030273682e-01 7.934834849842045124e-01 8.138467519495136138e-01 8.114457035921862627e-01 8.121626929234786463e-01 8.365769805669549530e-01 8.582576387981110111e-01 8.158495245591115275e-01 8.619266245367390722e-01 8.497404382804691902e-01 8.414601090708725417e-01 8.665674879537650366e-01 8.556795259890228600e-01 8.543116997618227515e-01 8.752282191197428007e-01 8.776588496804228479e-01 8.737685513651173297e-01 8.382452085838201228e-01 8.586855656413716620e-01 8.322843236619574814e-01 8.657856902472069738e-01 8.778132653037368227e-01 8.696242502072192293e-01 8.577528566624555983e-01 8.774264458003161460e-01 8.711345828813044090e-01 8.623785533188216279e-01 8.882244635689513501e-01 8.790401124872107008e-01 8.767651197700034871e-01 8.708329765397527789e-01 8.779944916715943792e-01 8.779023230494101826e-01 8.844018908656601230e-01 8.789461918062231316e-01 8.654724591501300468e-01 8.668624919254968031e-01 8.604245324520986005e-01 8.702681206532351110e-01 8.702018065800249946e-01 8.486787313822826695e-01 8.591207851353124259e-01 8.730456063772390474e-01 8.671108373669863534e-01 8.654045840296504810e-01 8.690010894113791018e-01 8.661038576131240285e-01 8.731753635527442770e-01 8.655366727361550883e-01 8.721528193814208629e-01 8.683098493905040405e-01 8.651961077325235339e-01 8.643438881066235480e-01 8.645020529432529965e-01 8.580983126927553828e-01 8.728856764388994716e-01 8.694128633198942024e-01 8.740854908125653688e-01 8.522613233763829399e-01 8.712165839809247192e-01 8.664374142723524352e-01 8.678874477973184121e-01 8.749498120586051142e-01 8.754877549658078850e-01 8.600376601071135774e-01 8.688751859692024349e-01 8.733543297811006134e-01 8.691388805502692216e-01 8.659377415997648875e-01 8.769512613504522047e-01 8.732320752934703556e-01 8.749598818319852533e-01 8.713725811607240246e-01 8.766446180901101837e-01 8.787821733074396846e-01 8.767155388310793329e-01 8.748462222784180176e-01 8.786149881932003858e-01 8.731275188176751412e-01 8.824433594713800844e-01 8.772473229784722992e-01 8.777410664517442118e-01 8.775129855319687699e-01 8.807554606625618288e-01
2.170568783514987068e-02 1.807142829255230787e-01 3.638798461222679248e-01 5.483977453056593232e-01 4.162007206177329444e-01 4.884424774253355306e-01 6.697168356865309535e-01 6.577271068468191206e-01 7.561403787115515973e-01 1.000000000000000000e+00 7.529691485762305403e-01 7.840924396851148837e-01 7.205213472781953898e-01 5.951020347387887544e-01 7.992371221850056440e-01 7.722881340710487930e-01 7.284990627536550578e-01 6.789809190689641838e-01 6.930877248907725274e-01 5.460808357871484997e-01 6.787024899821428869e-01 7.341500974012801217e-01 7.030867843297102793e-01 6.632485967967846063e-01 7.185113755566694405e-01 7.924202785455163323e-01 7.781682920888657318e-01 7.832087846063237047e-01 7.805301238811975795e-01 7.641946308631925033e-01 8.114676783844737562e-01 7.893312298356985890e-01 7.324652647530678351e-01 7.426965154813910397e-01 7.658962098503320215e-01 7.518846258174778363e-01 7.715749001482403724e-01 7.885662104776219872e-01 8.071189083172873868e-01 7.760782645167352278e-01 8.117076456654468419e-01 8.116291677944514893e-01 7.920629367462858061e-01 8.182682236584245539e-01 8.065111863494653921e-01 8.117454572011321146e-01 8.262701342415180727e-01 8.283540297189672108e-01 8.147769759439903448e-01 7.721990664498425971e-01 8.017308530938510591e-01 7.640641938805488032e-01 8.065334034537975372e-01 8.272979792543219135e-01 8.130024558881249197e-01 8.048821341880794122e-01 8.017914512376985714e-01 8.198633966703812170e-01 8.178685296947768579e-01 8.272217127959330396e-01 8.231618217707982188e-01 8.259276081550159798e-01 8.185417331855801004e-01 8.153273376427532249e-01 8.092856416587534962e-01 8.204675713487945554e-01 8.250392068274199353e-01 8.176640537606114645e-01 8.172894567051059989e-01 8.038882168381978888e-01 8.151627824915625986e-01 8.206921201099802721e-01 8.028782244395163969e-01 8.090547180986409348e-01 8.235440251906634979e-01 8.207345844072205798e-01 8.206113547236335570e-01 8.215986114938874652e-01 8.183530655389039676e-01 8.214573355620341522e-01 8.195799538176096188e-01 8.233505741377175058e-01 8.145605416110721642e-01 8.188656622437213706e-01 8.089563018749481582e-01 8.125937738769393182e-01 8.157781485109512065e-01 8.209627771283597442e-01 8.213943679035262679e-01 8.199160661437574493e-01 8.123645237160797006e-01 8.248914993805421814e-01 8.197560889926093219e-01 8.229994922489548559e-01 8.275697589597281745e-01 8.285811570343359911e-01 8.033812054306977979e-01 8.021228828185605897e-01 8.204440805826962446e-01 8.142232910086454334e-01 8.176972239511749452e-01 8.213036418097801050e-01 8.240173394084264746e-01 8.231396809917113089e-01 8.147535748497479746e-01 8.190760787474902216e-01 8.230916091779343358e-01 8.263910235393612247e-01 8.253041622476489092e-01 8.277961091766742330e-01 8.267396443193700817e-01 8.298174542004670418e-01 8.285097168848871707e-01 8.211079061095627463e-01 8.249107687941226175e-01 8.260108387918138062e-01
2.265497458147789842e-02 1.608752666866508640e-01 4.018994338250884701e-01 6.334635817403297953e-01 4.625855218327008522e-01 5.329034501715288474e-01 7.462102751058200534e-01 7.274806697188599403e-01 8.059393603481703749e-01 7.529691485762305403e-01 1.000000000000000000e+00 8.736662377852234540e-01 7.901090516965222355e-01 6.420897073647344744e-01 8.733178606870588556e-01 8.582510622532661948e-01 8.285725230019008736e-01 7.674545449439110767e-01 8.069443655079147071e-01 6.320663938239826640e-01 7.657887779392926753e-01 8.405889624188952469e-01 8.103521886983010569e-01 7.569732776476747471e-01 8.233380134104659742e-01 8.789788941189409233e-01 8.627810883545006249e-01 8.707332692947775676e-01 8.635900107272687087e-01 8.678840143363975024e-01 8.986170666432505838e-01 8.806557265124709266e-01 8.354087713835806062e-01 8.499218980861079631e-01 8.519907530422197173e-01 8.560684077568451178e-01 8.735983034065302189e-01 8.761522473513693177e-01 8.973643476169564925e-01 8.757852227318209115e-01 8.931213239261532877e-01 8.928455690239238685e-01 8.790842376440783923e-01 8.994377658622096927e-01 8.970191383363459448e-01 8.899990047158646833e-01 8.976305935161111860e-01 9.005459749508740730e-01 8.973438492440731773e-01 8.731526238230983283e-01 8.883393970137529738e-01 8.625027172856126745e-01 8.906082805005514080e-01 8.939138617013457910e-01 8.927690700793652345e-01 8.962775182477228375e-01 8.917138250261198440e-01 8.922660366719044056e-01 8.871008859038477246e-01 8.954898438732461496e-01 8.977202247831150839e-01 8.891063399400338518e-01 8.921338752554951457e-01 8.933381987432345017e-01 8.963574005539186595e-01 8.981662482215002630e-01 8.999971972946116949e-01 8.969179573637844349e-01 9.007187674728849291e-01 8.874548363636843851e-01 9.026398400531446820e-01 9.023309637599072897e-01 8.822519398991043316e-01 8.980387227780680659e-01 9.041503472505149075e-01 9.004112415370195688e-01 8.978646857235332845e-01 8.983547396290303411e-01 8.975544253570517661e-01 9.008400307945473307e-01 9.012100776389623258e-01 8.985346484124951960e-01 9.009254553916138386e-01 9.010822378479744765e-01 8.986491523307414964e-01 9.000061585159849775e-01 8.997375889353025347e-01 9.015522486841486272e-01 9.035720385704282265e-01 9.012111296299258889e-01 8.996433925276842158e-01 9.020672166783444412e-01 9.027949526338325814e-01 9.029898682542371047e-01 9.001748858751603688e-01 9.003771481520669306e-01 8.922617678592834611e-01 8.882628786952296851e-01 9.014965058627932848e-01 8.992981002382874900e-01 9.024449280262623052e-01 9.009231778522606149e-01 8.990212025141357532e-01 9.028535657977122542e-01 8.997975758901132215e-01 8.938478346416767195e-01 8.973977890446794836e-01 9.006105645323588815e-01 9.007216818322065777e-01 8.996646916343444822e-01 8.977089964295570379e-01 8.987035137929092476e-01 8.965257111535985812e-01 9.001796180103533995e-01 8.998774363971098200e-01 8.983487918503867409e-01
2.925442154262860792e-02 1.653686825298250063e-01 4.070174475955084525e-01 6.649342477412262253e-01 4.891235418478805941e-01 5.609208160458144521e-01 7.742856542504448214e-01 7.747804201010539682e-01 8.438122531410360283e-01 7.840924396851148837e-01 8.736662377852234540e-01 1.000000000000000000e+00 8.258384993959184683e-01 6.690328750500046384e-01 9.075676058919628364e-01 9.019527355539050939e-01 8.556702943650627002e-01 8.061626630441059982e-01 8.373490847237137213e-01 6.655277702322933697e-01 8.114090340217112729e-01 8.856000277558656597e-01 8.398153784436150904e-01 7.858164409904427883e-01 8.627015510716363744e-01 9.146418632115275171e-01 9.000672721946434418e-01 8.995221664117744043e-01 8.973621888992846518e-01 8.967731100031350877e-01 9.389412673383064067e-01 9.190918916840773445e-01 8.673189241017356110e-01 8.858477888222338059e-01 8.847060398458347352e-01 8.972711461058900939e-01 9.035420404326903743e-01 9.167798904815841476e-01 9.348392057672854083e-01 9.083679701803145656e-01 9.358572764404817779e-01 9.333742708262695587e-01 9.214864800180946336e-01 9.430071124396265381e-01 9.352228863900200473e-01 9.305995515656514394e-01 9.358145245303591819e-01 9.400476767578297421e-01 9.354088318204039076e-01 9.075952963083020464e-01 9.282508519455698881e-01 8.968059626478898094e-01 9.257952284788155684e-01 9.347316815589150618e-01 9.301098115554898849e-01 9.310041689776852314e-01 9.252580521514168765e-01 9.378492467498105167e-01 9.263165722326441864e-01 9.368435965140307076e-01 9.377382249602160824e-01 9.299905358665607746e-01 9.326695148744711394e-01 9.341760972519577155e-01 9.353580340853697717e-01 9.346135339707468681e-01 9.391688999370019220e-01 9.363951949702353783e-01 9.383722815404644813e-01 9.291211050384601267e-01 9.407913619872821931e-01 9.418578668979402657e-01 9.213966567936150431e-01 9.355596106654305855e-01 9.426358533305994047e-01 9.375243033647632229e-01 9.359800326120515379e-01 9.371707805730865593e-01 9.341410445833500109e-01 9.384163689910497430e-01 9.391125205127860420e-01 9.381946935620609773e-01 9.414267722673369532e-01 9.381404776953509161e-01 9.357990702856828769e-01 9.380956442452865751e-01 9.371662872753672158e-01 9.414737989979765631e-01 9.421209507761010293e-01 9.397542794421259726e-01 9.385940354293472732e-01 9.399292858392399586e-01 9.388293584095768196e-01 9.410536965565007295e-01 9.388727940853907050e-01 9.394170937805194077e-01 9.275712358447664174e-01 9.230353908146583519e-01 9.382698246660946539e-01 9.363547948091078821e-01 9.397282580008480268e-01 9.392534448283560433e-01 9.369107852700936379e-01 9.402745375852143983e-01 9.360238311652570031e-01 9.317316522429361925e-01 9.372532487640228283e-01 9.401004875630335489e-01 9.402396934478574053e-01 9.412343086846436391e-01 9.385047070667323910e-01 9.390678450705987057e-01 9.362256458741157195e-01 9.380276491818924089e-01 9.377064928097960106e-01 9.365047840781954847e-01
3.110229293189996358e-02 1.448090599864435557e-01 3.739461294370043376e-01 5.883576786295284800e-01 5.067043402931072915e-01 5.103105908820452230e-01 7.251999477483913603e-01 7.150960862167821119e-01 7.635593078173746884e-01 7.205213472781953898e-01 7.901090516965222355e-01 8.258384993959184683e-01 1.000000000000000000e+00 6.096809939795256872e-01 8.321139290048932269e-01 8.402269794177945617e-01 7.676762431429797751e-01 7.303085812126939302e-01 7.590645545017081774e-01 6.081153715658883518e-01 7.270858986670858393e-01 8.016501377514410054e-01 7.597206256247203138e-01 7.005473827872813475e-01 7.792382855988105872e-01 8.336576632518969410e-01 8.226852155418887813e-01 8.169584205419420098e-01 8.186224032436122400e-01 7.995848733015784582e-01 8.432989016676045724e-01 8.244893183600757736e-01 7.730811001399366944e-01 7.895898247140373805e-01 7.990796438430819437e-01 8.092759919306019567e-01 8.078984716270661837e-01 8.268920710230796001e-01 8.497733562862360701e-01 8.166371654206505681e-01 8.494443755359253334e-01 8.455853126557520971e-01 8.458718383059142809e-01 8.582540069434353436e-01 8.514168355311613201e-01 8.475180942839699583e-01 8.559106711438201343e-01 8.571616439473763727e-01 8.493723823908301274e-01 8.293867838482226196e-01 8.462740586551716904e-01 8.280308823341300251e-01 8.510910935504140129e-01 8.490483557549932669e-01 8.452581578594366984e-01 8.445852982293016176e-01 8.458524246764963506e-01 8.527132257965973627e-01 8.421869596417409509e-01 8.598820627436489783e-01 8.633216401455632294e-01 8.468541564564510127e-01 8.492206613166030094e-01 8.580093240919305364e-01 8.547924722182287383e-01 8.569721540996211306e-01 8.586381250152701483e-01 8.580937495202547449e-01 8.573363933426112471e-01 8.527324933989948175e-01 8.623771098328882889e-01 8.619910003139459320e-01 8.388290879359042718e-01 8.593409226035124693e-01 8.639898227473399306e-01 8.584539334076918271e-01 8.589713703393651034e-01 8.566609560950912972e-01 8.585382031086686849e-01 8.615740170875511028e-01 8.595637005899469107e-01 8.572117068471868384e-01 8.557052452463105308e-01 8.564877291026670170e-01 8.583959202826560997e-01 8.588522850656735708e-01 8.560329233567707252e-01 8.611587902731414612e-01 8.634573836910578448e-01 8.575423405420904421e-01 8.523418055511111646e-01 8.622696974274934867e-01 8.592412065747014882e-01 8.616798746166494105e-01 8.599295984388763969e-01 8.602119871175633037e-01 8.514158315427866608e-01 8.511413926693502940e-01 8.598810986311336002e-01 8.590622047228213543e-01 8.618563487679844481e-01 8.598662489939041809e-01 8.588658274260636549e-01 8.642171658658486244e-01 8.628247286369260527e-01 8.535352032828383839e-01 8.594542710513870531e-01 8.607155415933598341e-01 8.601560313649431189e-01 8.602470471536248775e-01 8.550419159941921032e-01 8.614048380069340149e-01 8.540685063572643898e-01 8.626756909216980462e-01 8.625401896364101040e-01 8.596040001303266731e-01
