1.000000000000000000e+00 1.369710755752575893e-01 9.429864431227154287e-02 1.222704191343396557e-01 -7.064505556389577643e-04 2.666317708713199924e-02 6.299361341303767736e-02 8.803364568818966562e-02 1.302136144947308172e-01 5.911567543511848932e-02 5.996411092345206584e-02 8.212665250561773655e-02 2.325985446675864210e-02 3.561875990613660309e-02 4.025364127398015079e-02 5.404890230735702461e-02 8.694619555654077570e-02 1.252518000947156207e-01 7.770752438562218700e-02 1.049630292956966610e-01 1.127956651975726421e-01 7.375026085666636089e-02 1.043586126699632965e-01 8.120182089779515167e-02 7.996245408092786389e-02 6.694476143952082792e-02 7.979307957033593413e-02 6.596170554479673098e-02 8.944111849373564960e-02 6.630952798882386312e-02 7.341582667317353428e-02 8.537924167361286842e-02 5.796518219754910606e-02 5.329738944809284812e-02 6.012695174037079038e-02 5.702378000431931188e-02 2.502927377911573492e-02 5.203031283438329380e-02 6.534746492554753539e-02 6.418845897020228342e-02 4.341794951222351095e-02 3.218385883910285239e-02 7.265532188957112003e-02 5.410747159277795593e-02 5.236973743019666949e-02 4.172946536097142667e-02 1.306664418544339207e-02 2.518773059532677591e-02 5.115127635177210697e-02 5.519372286234488362e-02 4.821824298229886174e-02 6.688254064277249222e-02 6.621092573003421744e-02 5.044223991752980890e-02 3.847857880793058294e-02 4.865296773704813615e-02 7.591366609642959118e-02 1.988467167650093126e-02 2.891333908875491632e-02 5.209958421254692884e-02 4.024743991036720120e-02 4.746655171631197767e-02 5.512665438325482781e-02 6.320951595055508687e-02 3.570957890024989423e-02 6.248629308949964212e-02 2.750908258491263289e-02 1.941517315625805942e-02 4.155779144824253007e-02 5.459990623740653554e-02 4.207758332884004721e-02 2.900046914705347798e-02 3.592851803956861184e-02 3.290604214934002986e-02 3.842558338579551286e-02 3.187136602644537187e-02 2.853687671435392939e-02 4.808028829485685302e-02 3.853314719607094790e-02 4.524807388229847016e-02 2.978314964195026213e-02 3.481283098143837101e-02 5.407659448008552555e-02 3.917243217241302145e-02 2.619316016337281186e-02 2.923512571828580653e-02 1.939593333966200747e-02 2.915719625915935004e-02 3.175137430337564293e-02 3.656334619842672301e-02 3.117990956829429228e-02 1.452901885439137827e-02 2.090245529967548963e-02 2.133147117855991107e-02 3.863201434758239527e-03 1.620750551520478908e-02 2.483923647207916113e-02 4.601288061473814833e-02 1.883558382736219561e-02 3.292772086237242407e-02 2.767100693337157594e-02 3.080397094771081951e-02 3.140119178022202084e-02 1.934166817938315699e-02 2.646198362490688460e-02 4.151415986786059081e-02 3.118743671713826437e-02 1.415933952600018954e-02 1.914970828914509468e-02 1.550522601316904787e-02 1.521620915416444127e-02 2.441687553555523665e-02 3.103975063519257005e-02 3.424103597261431153e-02 2.739489935416084682e-02 3.902718127668566850e-02
1.369710755752575893e-01 1.000000000000000000e+00 8.685267287983106099e-02 1.161258718656290601e-01 4.937984384411254341e-02 8.986178954540202657e-02 1.385330372259711840e-01 1.242397757914593392e-01 1.756231813128112662e-01 1.831658003880494157e-01 1.514346502208739620e-01 1.578012299037384325e-01 1.322760274932964497e-01 8.141529923842297234e-02 1.616828201692854239e-01 1.412896827699806068e-01 1.449624388662195396e-01 1.508892503413526154e-01 1.386401722446163332e-01 1.694614863546113070e-01 1.471015575572006684e-01 1.485573990816672074e-01 1.370196978827878942e-01 1.590280477402759574e-01 1.325312843157725184e-01 1.631112071116013473e-01 1.731445012348064305e-01 1.787422226562324357e-01 2.021765214174250369e-01 1.410631779452003742e-01 1.589501555572138403e-01 1.594033517791561827e-01 1.262047254288002629e-01 1.474269500373917019e-01 1.108534275336681141e-01 1.347399911262051053e-01 1.388508132115852389e-01 1.662383261130097323e-01 1.534415952705967257e-01 1.766237505586885359e-01 1.607925171945565057e-01 1.667102776335114001e-01 1.651408602386581770e-01 1.576530085150797400e-01 1.596458073397948318e-01 1.623652692873245595e-01 1.494701756168664020e-01 1.590241830711035254e-01 1.609567822651676305e-01 1.416715851387746472e-01 1.621696149027401224e-01 1.215642986184896912e-01 1.447255014733693224e-01 1.621971901476694511e-01 1.647420719002035128e-01 1.815992852902622579e-01 1.538761829939381265e-01 1.607441958147584060e-01 1.663126099785021406e-01 1.510642563676378169e-01 1.464761476387291539e-01 1.566944382809324354e-01 1.542508751495472730e-01 1.496833731029643955e-01 1.364755770921308731e-01 1.491005783165616216e-01 1.521838742082759766e-01 1.481057832938009744e-01 1.588603953713241257e-01 1.660583509469760466e-01 1.576048494741357497e-01 1.540346156880367523e-01 1.559873525470259203e-01 1.513006344834378625e-01 1.671404819170803635e-01 1.705774040087027210e-01 1.664738613844725934e-01 1.843544780575838149e-01 1.732734772007590573e-01 1.523114532518798359e-01 1.596578014345498286e-01 1.582552609198740190e-01 1.569790625390596883e-01 1.472494165431824653e-01 1.550092357978299917e-01 1.534587217818121352e-01 1.514873522064991984e-01 1.654696468550036770e-01 1.567282588492323048e-01 1.656926857783341256e-01 1.624443642707499857e-01 1.594973278989646748e-01 1.537042949989789464e-01 1.624222875839620162e-01 1.494809799638862069e-01 1.566360483338550269e-01 1.548251335437892118e-01 1.505061287244534307e-01 1.551016714455842327e-01 1.592661224088378347e-01 1.568544898651526298e-01 1.560055546431042550e-01 1.490162275070109621e-01 1.517311076520386492e-01 1.475431613482891813e-01 1.502139679023839214e-01 1.579256763378291406e-01 1.525696719403484281e-01 1.542421502822132195e-01 1.553697341344554561e-01 1.567871313587465842e-01 1.510451168404038091e-01 1.560916395233061249e-01 1.538796217461702032e-01 1.435072172285058734e-01 1.504445605613261017e-01
9.429864431227154287e-02 8.685267287983106099e-02 1.000000000000000000e+00 2.952113631005641725e-01 1.233691327494110396e-01 2.005834934856631779e-01 3.084229909431489003e-01 2.639048163750850606e-01 3.093615788264056921e-01 2.845691707808242210e-01 2.975625537540648735e-01 3.154914716505851646e-01 2.507047633959603172e-01 2.187577686757054551e-01 3.178294547203515674e-01 3.095770978316991773e-01 2.831709145389287308e-01 3.078194246415543178e-01 3.195730786666848289e-01 2.289040796671874822e-01 3.265461499710783366e-01 3.301729833039387385e-01 3.418911672730920448e-01 3.351340440501856532e-01 3.361461971018032124e-01 3.363903746902299763e-01 3.231851699286622526e-01 3.379490121537728209e-01 3.123010670420111046e-01 3.414607901119502409e-01 3.433064605573723505e-01 3.418402463185973850e-01 3.425834590599335372e-01 3.452117680447420733e-01 3.384000658658657956e-01 3.094972827042451469e-01 3.195765883057943291e-01 3.361479820224940740e-01 3.330532595789406636e-01 3.285989934574472526e-01 3.239587348642349318e-01 3.243365615315742523e-01 3.193012530893765133e-01 3.235902200570657805e-01 3.296829805622676912e-01 3.217805254381967406e-01 2.987210749915866215e-01 2.978889260043991460e-01 3.116020542813148775e-01 3.091357185813148334e-01 3.122836776864160724e-01 2.955660762558739441e-01 3.030127670535588402e-01 2.995750458635095814e-01 3.048259051806290754e-01 3.168535344379619922e-01 3.013031755286633695e-01 3.078600824093378208e-01 3.031271730802033160e-01 2.919205348710295911e-01 3.043969648260845262e-01 2.958860993674452544e-01 3.048091879661556369e-01 2.990912737223747619e-01 2.990333811164696542e-01 2.930006111111992939e-01 3.023195424778062357e-01 3.094078135605128899e-01 3.134064223052609455e-01 3.062248930888130660e-01 3.245082017135922370e-01 3.184878617252537847e-01 3.301862616937443762e-01 3.232498613843505786e-01 3.160238153258075333e-01 3.146263469143829039e-01 3.152114199564577945e-01 3.152504517661143257e-01 3.235906356820956176e-01 3.172829276578054136e-01 3.167568785056014136e-01 3.157929228397440280e-01 3.148597341830073892e-01 3.165717195256644301e-01 3.154071579749422316e-01 3.163252256696699183e-01 3.081971381928326204e-01 3.217577103031307728e-01 3.143945610182475869e-01 3.138977392840789360e-01 3.193688825634422579e-01 3.095534808411351535e-01 3.146966937965251510e-01 3.110937173036392167e-01 2.954099193735570950e-01 2.960756495237975017e-01 3.019342606525391437e-01 2.886338203867536145e-01 3.026908247828301035e-01 3.104079550506573804e-01 3.073669726141928793e-01 3.002665192593074739e-01 2.996519556303597898e-01 3.049419924956525696e-01 3.016387774915381681e-01 2.991588042020507099e-01 2.987812660797787845e-01 2.977771600966287457e-01 3.009781219145703512e-01 3.002485260822473356e-01 3.037762089810072119e-01 2.953938533614266504e-01 3.020984292595690346e-01 2.969563883038882079e-01 2.964141838083221847e-01 2.941133560908534283e-01
1.222704191343396557e-01 1.161258718656290601e-01 2.952113631005641725e-01 1.000000000000000000e+00 1.958507219623258355e-01 2.864665339957941370e-01 5.388320574879970071e-01 4.780427403737708691e-01 5.221186088020925986e-01 4.818869889333874390e-01 4.906485693322051311e-01 5.454341252360866976e-01 4.276375824122796709e-01 3.970005973200344540e-01 5.473746612332125450e-01 5.221147427795120866e-01 5.107821611435305886e-01 5.567678977020226183e-01 5.367865839318791688e-01 4.678672426078678281e-01 6.000247501503568337e-01 5.576128278607400679e-01 5.672899497638238531e-01 5.732305255961890333e-01 5.771619494347905999e-01 5.933750742973534775e-01 5.882327369911194426e-01 5.980248090553037521e-01 5.769625470120063326e-01 5.926201102454278224e-01 6.012810971633056889e-01 5.788754621708441794e-01 5.707086744892096997e-01 5.880272953541276770e-01 5.697678993132160308e-01 5.572800099810684138e-01 5.614740870086996072e-01 5.787033238281824588e-01 5.866424133289409593e-01 5.829150406100521709e-01 5.626997277824490329e-01 5.665327775531510124e-01 5.716118660734179624e-01 5.768742778123215897e-01 5.691873351006362380e-01 5.666639182898713933e-01 5.157319055462952218e-01 5.159514863011740449e-01 5.311450304436533543e-01 5.495931427099597366e-01 5.541025125811489538e-01 5.395632863976178584e-01 5.375520987660302730e-01 5.135366164032761915e-01 5.230684307696156221e-01 5.472728196015819169e-01 5.341855040310276026e-01 5.211635504864996493e-01 5.211981573184197858e-01 4.991099154500852619e-01 5.399346444235577636e-01 5.162874947316117291e-01 5.339746690261032436e-01 5.288753160898409522e-01 5.090016295850517958e-01 5.167283409452737564e-01 5.144513918580704281e-01 5.235113952615914057e-01 5.445648705396711753e-01 5.371047860807914853e-01 5.562140680446028274e-01 5.405327490290419146e-01 5.536058031609405461e-01 5.554106714971300818e-01 5.520580468652037665e-01 5.554913451875714836e-01 5.527721244778018850e-01 5.608966885638726474e-01 5.697619853233182319e-01 5.564625813315140501e-01 5.449507282423853294e-01 5.530822412090069529e-01 5.459324409639545461e-01 5.449173477152271516e-01 5.414205195374534041e-01 5.422079121952837477e-01 5.308794745966058937e-01 5.516032601043696637e-01 5.414851389998827091e-01 5.478612114082039852e-01 5.506781392868571601e-01 5.361770689281538660e-01 5.381512264186816275e-01 5.426485373803769940e-01 5.026239991916120475e-01 5.048174722028547778e-01 5.411249322098803383e-01 5.287567154259649183e-01 5.288957231755255783e-01 5.482875536626677926e-01 5.430163321526827458e-01 5.362785346500484884e-01 5.190754729747889540e-01 5.318778520084986861e-01 5.348222905025695750e-01 5.270623041560001942e-01 5.200163167947595699e-01 5.136238264534003228e-01 5.253956358292906081e-01 5.204749827108466897e-01 5.251703477581821655e-01 5.072058666835319585e-01 5.246167925507813079e-01 5.283837351450305642e-01 5.111150891770135374e-01 5.168617486562369079e-01
-7.064505556389577643e-04 4.937984384411254341e-02 1.233691327494110396e-01 1.958507219623258355e-01 1.000000000000000000e+00 2.210197900153691997e-01 3.343834995085437911e-01 3.193921184431010030e-01 3.454521000674081188e-01 3.294066690971852451e-01 3.382810974328793741e-01 3.615944095559922022e-01 3.394945912140878708e-01 3.173109120098961955e-01 3.839664167643178083e-01 3.622406611191595904e-01 3.456659510562709592e-01 2.792201683322657058e-01 3.187263340873190409e-01 2.387111674076562162e-01 2.773625300635357283e-01 2.931250060473990504e-01 3.290142879250227415e-01 2.830697907102203703e-01 2.944468747764183436e-01 3.618992788556032458e-01 3.549305640858277933e-01 3.406574652348227095e-01 2.887073607185716706e-01 3.559695302039100340e-01 3.706023685379936095e-01 3.671727547939269143e-01 3.350799355034424498e-01 3.475950629120133084e-01 3.660822259648563448e-01 3.952336770877789562e-01 3.813590521828889579e-01 3.544323182925780968e-01 3.717416969345540001e-01 3.652302557817959650e-01 3.966813228146579551e-01 3.881213893268998794e-01 3.916307035481811916e-01 3.973207965210002190e-01 3.886750004627906319e-01 3.894309277493622767e-01 4.032409342371494620e-01 4.049935021156325643e-01 3.918249287192023811e-01 3.508563528688746214e-01 3.743387453677300969e-01 3.754868974983651686e-01 3.958575146833316905e-01 3.982606532343829220e-01 3.885738239211675715e-01 3.857359157290090601e-01 3.789761327915253664e-01 3.972440595028888244e-01 3.745340721076872437e-01 4.094104108293725175e-01 3.999760869732193469e-01 4.023577683310623487e-01 3.810827462590610226e-01 3.988857252028470413e-01 4.037437271487406831e-01 4.000119760774644706e-01 4.030892205014641183e-01 3.952823430357278456e-01 3.953741090931115476e-01 3.826362365527940512e-01 3.720295278353204504e-01 3.853308296252792031e-01 3.777488335990688006e-01 3.715458326746224338e-01 3.947596995357414706e-01 3.959670688353419954e-01 3.865004067637325957e-01 3.687536442283931293e-01 3.754110279031527275e-01 3.922054362891979062e-01 3.961348939327721808e-01 3.947971044820007269e-01 3.908948101235709682e-01 3.871329243539833875e-01 3.818831815634748383e-01 3.832265467293893835e-01 3.935455115160878536e-01 3.885517514770246983e-01 3.884950305200103315e-01 3.940169384613544934e-01 3.920023819308078306e-01 4.002477394855284420e-01 4.010567353466416018e-01 3.978003145490692227e-01 4.050129023392616823e-01 4.036497139224534125e-01 3.866470817731335607e-01 3.891909363018878909e-01 3.976096511065449479e-01 3.947071231661257729e-01 3.993888731820952054e-01 3.955987030229268786e-01 4.015682650781016161e-01 4.049006646685842092e-01 3.999417214615162974e-01 4.004904224489646558e-01 3.977283821694587718e-01 4.055305418775166371e-01 4.014956291010862710e-01 4.017471247660324152e-01 3.996635213604211034e-01 4.094957654732286345e-01 4.052320970926707733e-01 4.029013346765930592e-01 4.019657434439685151e-01 4.009728210137937232e-01
2.666317708713199924e-02 8.986178954540202657e-02 2.005834934856631779e-01 2.864665339957941370e-01 2.210197900153691997e-01 1.000000000000000000e+00 4.260763202384728610e-01 3.833460314125616275e-01 4.283182460110339096e-01 4.170100004519082804e-01 4.565358351112882018e-01 4.693557416842509267e-01 4.038846924088491108e-01 3.395290578837477646e-01 4.782839259950567579e-01 4.713857798065835270e-01 4.430934857099377289e-01 4.363346102230697965e-01 4.564168475410133596e-01 3.500864454488391564e-01 4.112917833308703530e-01 4.234582589090686855e-01 4.670314018302357262e-01 4.332930655938567743e-01 4.395751298005752261e-01 4.826067618443481977e-01 4.620623067410722373e-01 4.695322471502983985e-01 4.466530924900748434e-01 4.709307502509584298e-01 4.980433463983491849e-01 4.911754726808421068e-01 4.540440815341882930e-01 4.703618431061593053e-01 4.753058268879872261e-01 4.503355452579635987e-01 4.685899944946962936e-01 4.841346633374409292e-01 4.840557455317947011e-01 4.714836526675681982e-01 4.936195081684513486e-01 4.893453298091117731e-01 4.839779902037935622e-01 4.982694286679022477e-01 4.841273352970643651e-01 4.965410272009461723e-01 4.924361646684290994e-01 4.919070134974938835e-01 4.934420443639313536e-01 4.544626518379031865e-01 4.794619285124478436e-01 4.502349293465300328e-01 4.834508158342104012e-01 4.904831432722623341e-01 4.929407749646388948e-01 4.958981465210229311e-01 4.733177493448921247e-01 4.913822266403563566e-01 4.875593769976699909e-01 4.882119920084775910e-01 4.900395213308444409e-01 4.907092915763145990e-01 4.816436027642509998e-01 4.817504818015688195e-01 4.846122593050892213e-01 4.843464600387972774e-01 4.929040609837058717e-01 4.982292983370906758e-01 4.992061357692091361e-01 4.891813264465343924e-01 4.869185483395171432e-01 4.976245917683290165e-01 4.967630042638541132e-01 4.935557354611682657e-01 4.973853118899196346e-01 4.954500160009599474e-01 4.961819244089858971e-01 4.911368684568551690e-01 4.938570943601694463e-01 4.931508900916721783e-01 4.947230141946243887e-01 4.944365728315455732e-01 4.987117820795795020e-01 4.929976872776149488e-01 4.856185142660566223e-01 4.938844940353702695e-01 4.863014743569383236e-01 5.001922750004144103e-01 4.941817671097064602e-01 4.995440277178677113e-01 4.927424964171780997e-01 4.979843585801755901e-01 4.969086726165263257e-01 4.985371330089620745e-01 4.932007831167257716e-01 4.972807765094189314e-01 4.834768696830492596e-01 4.695775163772958338e-01 4.907442197823181362e-01 4.931101290896257039e-01 4.923933735157811631e-01 4.901849565252442975e-01 4.927401075678707332e-01 4.941260071118188102e-01 4.911619134834452893e-01 4.899464015109278314e-01 4.922363591625564805e-01 4.956108155819622940e-01 4.980656357955149383e-01 4.938260214333932696e-01 4.960110115428902899e-01 4.922331988470756703e-01 4.948404451949461880e-01 4.892050892583185151e-01 4.914432790647018101e-01 4.933958103826244779e-01
6.299361341303767736e-02 1.385330372259711840e-01 3.084229909431489003e-01 5.388320574879970071e-01 3.343834995085437911e-01 4.260763202384728610e-01 1.000000000000000000e+00 6.342237755774999819e-01 6.886649361703698347e-01 6.473042248089867501e-01 6.800744613860967291e-01 7.250682337138590894e-01 6.142950035436449685e-01 5.203360060470266779e-01 7.665764027992163498e-01 7.286293818360870533e-01 6.798389310981680644e-01 6.996354571675228451e-01 7.102497647516372581e-01 6.081508131175397125e-01 7.315529010206274219e-01 7.240829845442400270e-01 7.094097953357725306e-01 7.291507137674646533e-01 7.340556157183416586e-01 7.708459144935355667e-01 7.422402722557364108e-01 7.753685322083226916e-01 7.254848114391929670e-01 7.403627065747843128e-01 7.675232071917638121e-01 7.614370333895711385e-01 7.373553539261865630e-01 7.694813266058163626e-01 7.202051551077042202e-01 7.275439796208598153e-01 7.228531530210312583e-01 7.731728181685411094e-01 7.736425159449125122e-01 7.706256544925623730e-01 7.622742184278739064e-01 7.731075486307638078e-01 7.622947825289184687e-01 7.735658570238320708e-01 7.631268998638430778e-01 7.756814354155061597e-01 7.262252328459488648e-01 7.260792450243599427e-01 7.373385979831312831e-01 7.399725911725184568e-01 7.513277909665998511e-01 7.220188414106342156e-01 7.368325502398926918e-01 7.137993483061602085e-01 7.258749666423105484e-01 7.527623550344282322e-01 7.241749112826166845e-01 7.371671074172437832e-01 7.256129908849866528e-01 7.026151815564443126e-01 7.445188261068204083e-01 7.168336997030692048e-01 7.308311504663284053e-01 7.280790178263741863e-01 7.138378860324327002e-01 7.125141471564685469e-01 7.313496152587313226e-01 7.327439035395770794e-01 7.524666381771553114e-01 7.448874239139267051e-01 7.643669031120401414e-01 7.527479876581079088e-01 7.572700723201025719e-01 7.615540918860248532e-01 7.613899352235820039e-01 7.594718455228501863e-01 7.602158410967643221e-01 7.548251834988864983e-01 7.774680793011629065e-01 7.511724577901951472e-01 7.502814064497403956e-01 7.502561783459772426e-01 7.571760174427845103e-01 7.449284031914461535e-01 7.533561408341841181e-01 7.536002137738525564e-01 7.396856803370107647e-01 7.690221054092100106e-01 7.519332063203637562e-01 7.624875635950041364e-01 7.633825110007872450e-01 7.579740779122038363e-01 7.512798569910423829e-01 7.562112565324651259e-01 7.240186224882387833e-01 7.242048039290561734e-01 7.621673881065476053e-01 7.376733018351904203e-01 7.480684486363567975e-01 7.644382080447794658e-01 7.556922737403655166e-01 7.534207509551594795e-01 7.367634046227378164e-01 7.491328095082170346e-01 7.495514901235432736e-01 7.356810018495701931e-01 7.364965730723890269e-01 7.344971138213293171e-01 7.439817484003600212e-01 7.405229630694092346e-01 7.483765510955143752e-01 7.251255504705044208e-01 7.372079907556323697e-01 7.429649044535714397e-01 7.249000924153070624e-01 7.292094644484552468e-01
8.803364568818966562e-02 1.242397757914593392e-01 2.639048163750850606e-01 4.780427403737708691e-01 3.193921184431010030e-01 3.833460314125616275e-01 6.342237755774999819e-01 1.000000000000000000e+00 6.469954080058617496e-01 6.231843241929999611e-01 6.294146287883854995e-01 7.043762955843665408e-01 6.024249446195372171e-01 5.345586530825848781e-01 7.187709990382735725e-01 7.217404433519065687e-01 6.568126502230224872e-01 6.878376947620334914e-01 6.582848862217912655e-01 6.279886634066512707e-01 6.828149227350567285e-01 6.456219760567629695e-01 6.716116965518702520e-01 6.600533036268489973e-01 6.473192525738594716e-01 7.283114325595261285e-01 7.005422421042389880e-01 7.021172353010430855e-01 6.568672073924330945e-01 6.979514366422672200e-01 7.316617902324700218e-01 7.407017941864659782e-01 6.875354983444853518e-01 7.138658976525508182e-01 6.858964817792161384e-01 6.735630565347423548e-01 6.914254206929699720e-01 7.412347394896959818e-01 7.322919915429615401e-01 7.140471796488692124e-01 7.301487286820602662e-01 7.405615720926458367e-01 7.305782324242040549e-01 7.421686835363765500e-01 7.103837282987710555e-01 7.335988274362602590e-01 7.154638334151169898e-01 7.139199335251250611e-01 7.302167068497938951e-01 7.362820497456791236e-01 7.486055458911611282e-01 7.198195155078933594e-01 7.156507412843488014e-01 7.159113240083654350e-01 7.397005927018337479e-01 7.442224591591832805e-01 7.387781952858706314e-01 7.282206664758822390e-01 7.375336922633166648e-01 6.952697496574845593e-01 7.422521507590116308e-01 7.183542902715005507e-01 7.478916310498191500e-01 7.234744796789416288e-01 7.050527179090757546e-01 7.173943743710758936e-01 7.155262984980805818e-01 7.151262874016511839e-01 7.285342961197895928e-01 7.458641006606475665e-01 7.244200334583315026e-01 7.187967053915164106e-01 7.279211389151825085e-01 7.179456528244320124e-01 7.346207731628173754e-01 7.274966964171297734e-01 7.184155851116700298e-01 7.098262949798221921e-01 7.242999713917748217e-01 7.192367536238505332e-01 7.158708077057881480e-01 7.271247907450768544e-01 7.253054487207724055e-01 7.129251348648775188e-01 7.280625770340397596e-01 7.254641188148044373e-01 7.133938529940780926e-01 7.371987695270614260e-01 7.222461103198661858e-01 7.351320955686986292e-01 7.152756945965228486e-01 7.228313578338609879e-01 7.209683704421288031e-01 7.262201811502432269e-01 7.140575428953788162e-01 7.099240208345192205e-01 7.483157164122198335e-01 7.429283072849802716e-01 7.384389770707320277e-01 7.441133662667201998e-01 7.345079275143076014e-01 7.461361412046566555e-01 7.259400822609072268e-01 7.321326023028883467e-01 7.352151022652559931e-01 7.284670193808339134e-01 7.285359434425288105e-01 7.181342384764630715e-01 7.306747910808532032e-01 7.303600641177565578e-01 7.329573392799834108e-01 7.112067063311090509e-01 7.258666124895060134e-01 7.310883154206440082e-01 7.137513874545072801e-01 7.236333297268139342e-01
1.302136144947308172e-01 1.756231813128112662e-01 3.093615788264056921e-01 5.221186088020925986e-01 3.454521000674081188e-01 4.283182460110339096e-01 6.886649361703698347e-01 6.469954080058617496e-01 1.000000000000000000e+00 7.400451570045732952e-01 7.382237007004212037e-01 8.156592129557108661e-01 7.086528360970461016e-01 6.197998930999316647e-01 8.247995246758176302e-01 8.045080784223113124e-01 7.907686630804919847e-01 7.244456077515960546e-01 7.712035485116771616e-01 5.959017590648458818e-01 7.173942897869289848e-01 7.426648156249553434e-01 7.851551197232791157e-01 7.350754640389186578e-01 7.622107340446017121e-01 8.256389010943319118e-01 8.032119379309681229e-01 8.023586500452452031e-01 7.533818011402355630e-01 8.210546633404131045e-01 8.410503828061874909e-01 8.482456742630439805e-01 8.075876453418586731e-01 8.272785787457620499e-01 8.195178598944995452e-01 8.235411399380128117e-01 8.049303207302943575e-01 8.328818297470197418e-01 8.549348036259608596e-01 8.177962332263253309e-01 8.478710728951421860e-01 8.353177428214079159e-01 8.454136293004501645e-01 8.578704933508658481e-01 8.516554925576697022e-01 8.403112886373496071e-01 8.387281604902083743e-01 8.455308620183897839e-01 8.562637894418010376e-01 8.121281011893337620e-01 8.338621598098465704e-01 8.112434619773288835e-01 8.518161283325362820e-01 8.522526604437570263e-01 8.335829868043561630e-01 8.396275341018892835e-01 8.572657082876294909e-01 8.415217660425254875e-01 8.309542186408819253e-01 8.528715079049293823e-01 8.536749751872133585e-01 8.548635091152840815e-01 8.430318461078245562e-01 8.606424716644854866e-01 8.432803521502838517e-01 8.566544035424813464e-01 8.448368724796238016e-01 8.457011155330267371e-01 8.567022610708667774e-01 8.376208687083979143e-01 8.436675340119121902e-01 8.479412176598201123e-01 8.423381813044246158e-01 8.404877534299119990e-01 8.570114938926609582e-01 8.562801773712930276e-01 8.472710795513861415e-01 8.412421129338840675e-01 8.512232043969893969e-01 8.604595348708020675e-01 8.503184719154114335e-01 8.535266815317822386e-01 8.575262870279372063e-01 8.544937835923507308e-01 8.418507284435420290e-01 8.495226423497060919e-01 8.432368687887820125e-01 8.454734142726407775e-01 8.549101968915783223e-01 8.455945854385040761e-01 8.506417525531666524e-01 8.454580596523644243e-01 8.500788121634532679e-01 8.502064881274380426e-01 8.371259334247586059e-01 8.416081586006273207e-01 8.339709494066571693e-01 8.393609743293251046e-01 8.398184783772575379e-01 8.469038395983351508e-01 8.504000456636874317e-01 8.440650404828523579e-01 8.453256568162547113e-01 8.465395065070292491e-01 8.449633114756034402e-01 8.498362543628118493e-01 8.493497835334374857e-01 8.392120752837303188e-01 8.415833683466108495e-01 8.397657312297347465e-01 8.350907387377058955e-01 8.482024217425341295e-01 8.515117256837398951e-01 8.539377999766827321e-01 8.463866360500530428e-01 8.517750112589594913e-01
5.911567543511848932e-02 1.831658003880494157e-01 2.845691707808242210e-01 4.818869889333874390e-01 3.294066690971852451e-01 4.170100004519082804e-01 6.473042248089867501e-01 6.231843241929999611e-01 7.400451570045732952e-01 1.000000000000000000e+00 7.097997366903657790e-01 7.664727878234214309e-01 6.648564987031948537e-01 5.842573012650056352e-01 7.892070167802565095e-01 7.632560986238560163e-01 7.312927891883043152e-01 6.869612218674099324e-01 7.177618305942455867e-01 5.861395304362124747e-01 6.809722787892367180e-01 6.986015516499138878e-01 7.323010640994452869e-01 7.043951409890600868e-01 7.099346372962425100e-01 7.827268554288966396e-01 7.615621819159402728e-01 7.613875958077750417e-01 7.076995389441760320e-01 7.569783832239450616e-01 7.961911640582161054e-01 8.075410014936935665e-01 7.488603076224020771e-01 7.777292068379247914e-01 7.511113752324674042e-01 7.631332068925164025e-01 7.693603346125672537e-01 7.967371386506337805e-01 8.017128578162120434e-01 7.799028256738649301e-01 8.132460691118511553e-01 8.080149216242080712e-01 8.012834129648569448e-01 8.165262055109442363e-01 7.968958900959028924e-01 8.038435309207078161e-01 8.030690357817369396e-01 8.164663492195027850e-01 8.093050755544412000e-01 7.630595616944356729e-01 7.995067934547023247e-01 7.576476892454272472e-01 7.931923169551217123e-01 8.100137578861308363e-01 8.036797690427738283e-01 8.123739354789076828e-01 7.952301867155421311e-01 8.073896548389380978e-01 8.023564946006673804e-01 7.984242808207493436e-01 8.085170905924115026e-01 8.065038113053336621e-01 7.941466334442610631e-01 8.027913805471643682e-01 8.004161198128494359e-01 7.985997401482308744e-01 8.105749688854305690e-01 8.058407231908570889e-01 8.164280242849843994e-01 8.069146974197350941e-01 8.018960045649068391e-01 8.071836886413660261e-01 8.073526203384111533e-01 8.023329121181905776e-01 8.136383355204368506e-01 8.144959477502082823e-01 8.069574678277300350e-01 7.974817756498432386e-01 8.059000616459335298e-01 8.081150462007962165e-01 8.093288785664529694e-01 8.133419451676628942e-01 8.106695460391499797e-01 8.029340698903755236e-01 8.025781747986716619e-01 8.094529116817257286e-01 8.044361696798090211e-01 8.133107230991156733e-01 8.106340332075697708e-01 8.089791664625390899e-01 8.084167702946286616e-01 8.137832882857408690e-01 8.118600875041555032e-01 8.140553075986303178e-01 8.067516557588004789e-01 8.082061264184782212e-01 7.992629077641154600e-01 7.918468343778533036e-01 8.099006836580712188e-01 8.125581612482195570e-01 8.123892333025789503e-01 8.065360708039114312e-01 8.077036116713230962e-01 8.121028049842441421e-01 8.097198014714011016e-01 8.023445298828959515e-01 8.102248907252914689e-01 8.071573607916817661e-01 8.101853122965470000e-01 8.094426682923450134e-01 8.093362697149869556e-01 8.092906520634973733e-01 8.124263589416127473e-01 8.095427377030441907e-01 8.051611846175740217e-01 8.071078462613361371e-01
5.996411092345206584e-02 1.514346502208739620e-01 2.975625537540648735e-01 4.906485693322051311e-01 3.382810974328793741e-01 4.565358351112882018e-01 6.800744613860967291e-01 6.294146287883854995e-01 7.382237007004212037e-01 7.097997366903657790e-01 1.000000000000000000e+00 8.166312884111381898e-01 6.922256316008693622e-01 6.185787520851294685e-01 8.232804102816752012e-01 7.951936607113430089e-01 7.563729679550504903e-01 7.183685027566643067e-01 7.610719791726997530e-01 6.073101214110184776e-01 6.920814812949706019e-01 7.326595355798469766e-01 7.605414389928176755e-01 7.290179006879996537e-01 7.393916183770539163e-01 8.203775006386599955e-01 8.039386705365429986e-01 8.144336456106149313e-01 7.607057880358758517e-01 8.055317948887723567e-01 8.404802908610337076e-01 8.329808671277794119e-01 8.037869717212154930e-01 8.166691225656327324e-01 8.030262815602946525e-01 7.932651021590085838e-01 8.056271351570368777e-01 8.391406442568267732e-01 8.413949912205376247e-01 8.243218385742459020e-01 8.493549971760206985e-01 8.463326483549097334e-01 8.410253320578140457e-01 8.483500422520781070e-01 8.454628832463989552e-01 8.466840938264640348e-01 8.443840706105697480e-01 8.455811991571525743e-01 8.482396300998746863e-01 8.124722137572953917e-01 8.383657106543138671e-01 8.032213182904498483e-01 8.355168899303723196e-01 8.363116446592421260e-01 8.353497935747471459e-01 8.428420397055045310e-01 8.297321124766330325e-01 8.468540754776551216e-01 8.408093223135536531e-01 8.262885036289902008e-01 8.466607698206255472e-01 8.356041616149638696e-01 8.362206302459997964e-01 8.360531317396044937e-01 8.336193183892528502e-01 8.342077399377586522e-01 8.480424571860500915e-01 8.485537425962064173e-01 8.553203537618415675e-01 8.407399070347185699e-01 8.427984675421225091e-01 8.514400669796389209e-01 8.427723489577498839e-01 8.433280946591719118e-01 8.569967197721972685e-01 8.581249660035678017e-01 8.550263660219451500e-01 8.441165082088663008e-01 8.549946462880256837e-01 8.523872310745096437e-01 8.538432767581614069e-01 8.544352639489076751e-01 8.536607000212943497e-01 8.539062580016135717e-01 8.500386021644303902e-01 8.510758760242471688e-01 8.491460518602520491e-01 8.553153891608418213e-01 8.576811569808220348e-01 8.545193777974797733e-01 8.562871985541846698e-01 8.558520198706122128e-01 8.545090505039578677e-01 8.597854480579746328e-01 8.480339291991620954e-01 8.484963772231300938e-01 8.492896977201780384e-01 8.389159608533361956e-01 8.503558225386068647e-01 8.533034829670743671e-01 8.546096077490158427e-01 8.507429344649410918e-01 8.485835832262068612e-01 8.545442042907519520e-01 8.533470306929529237e-01 8.457156118562145775e-01 8.517910094491388806e-01 8.474489793959927297e-01 8.503897892586740337e-01 8.486541514158123523e-01 8.513349586709568761e-01 8.462106381627745311e-01 8.506317480152060240e-01 8.500050508455045950e-01 8.440923090813962082e-01 8.485869276766170310e-01
8.212665250561773655e-02 1.578012299037384325e-01 3.154914716505851646e-01 5.454341252360866976e-01 3.615944095559922022e-01 4.693557416842509267e-01 7.250682337138590894e-01 7.043762955843665408e-01 8.156592129557108661e-01 7.664727878234214309e-01 8.166312884111381898e-01 1.000000000000000000e+00 7.474986566531863774e-01 6.737102336639694267e-01 8.892037362184175286e-01 8.637228761550281853e-01 8.170058501852355271e-01 7.942145385278435166e-01 8.171359079168186712e-01 6.775822568633517173e-01 7.706003377442214308e-01 7.982038989360636938e-01 8.228869430093675996e-01 8.025582533722774858e-01 8.025624820950445493e-01 8.812099348776536445e-01 8.610394587743019912e-01 8.729146362921784696e-01 8.232433889279668904e-01 8.676264806919521400e-01 9.121353668095225631e-01 8.964652284845708863e-01 8.569572684931555662e-01 8.810384165891105290e-01 8.635332948213055859e-01 8.481812873179056522e-01 8.626229370235953819e-01 9.047488034272115343e-01 9.041020896824881747e-01 8.723333595985918176e-01 9.054585338831732111e-01 9.031050145948065211e-01 8.915984043647658952e-01 9.094709348689939965e-01 8.992195865490447693e-01 9.076414184119422357e-01 9.020799055893566898e-01 9.041855901378450522e-01 9.079233540222603205e-01 8.740674809508648391e-01 8.999760098175286771e-01 8.605079042905310338e-01 8.964935667477446080e-01 9.010703162948835443e-01 9.008127540062090821e-01 9.064086045325173702e-01 8.972196669607825914e-01 9.035210811899363481e-01 9.036406262772808118e-01 8.883684117646616363e-01 9.093410393179242046e-01 8.979878059305652638e-01 8.962097211302324506e-01 8.972949983717783962e-01 8.890983264691059151e-01 8.963588863483180624e-01 9.049743402202707898e-01 9.070914554290235854e-01 9.152026471041118105e-01 9.079283863174753000e-01 9.103141012065265603e-01 9.120062918250676498e-01 9.077642914930202922e-01 9.039542071206027041e-01 9.187850716955050512e-01 9.162131755714980619e-01 9.103552411317402671e-01 9.037048412156641897e-01 9.134225644689933921e-01 9.126164213238313616e-01 9.150005083060025468e-01 9.174948805787142003e-01 9.095277825597339882e-01 9.122638701419778506e-01 9.085120168555325115e-01 9.121462043931978236e-01 9.064293681431744298e-01 9.139274935137710054e-01 9.162228835339062405e-01 9.097425213167614766e-01 9.105663678665235627e-01 9.100327095018404533e-01 9.098685141110612884e-01 9.154385606956267907e-01 9.018231680227033475e-01 9.031878280895169198e-01 9.062897429934567706e-01 9.006588467301164247e-01 9.085924000018597013e-01 9.126696093175180602e-01 9.110863319915233349e-01 9.109099460832710271e-01 9.063160994506005430e-01 9.097397760995434846e-01 9.107701385744173539e-01 9.047879541367506162e-01 9.102441588315280940e-01 9.030179281547867642e-01 9.085424869750046151e-01 9.081445708345950996e-01 9.079193582963323017e-01 9.031846466366143522e-01 9.090194010437556704e-01 9.106587981808451637e-01 9.018853659044604454e-01 9.074212917752912944e-01
2.325985446675864210e-02 1.322760274932964497e-01 2.507047633959603172e-01 4.276375824122796709e-01 3.394945912140878708e-01 4.038846924088491108e-01 6.142950035436449685e-01 6.024249446195372171e-01 7.086528360970461016e-01 6.648564987031948537e-01 6.922256316008693622e-01 7.474986566531863774e-01 1.000000000000000000e+00 5.595250871576447071e-01 7.780382728791147562e-01 7.533092368733053101e-01 6.965250098201367646e-01 6.332419758056241355e-01 6.924263367396037427e-01 5.242740340762287454e-01 6.155400080838104859e-01 6.678083686140391384e-01 7.012808062047745095e-01 6.552696614939249597e-01 6.793946812511715283e-01 7.617251529788434672e-01 7.329127104570489770e-01 7.493014409757120520e-01 6.823337280192904863e-01 7.420001158495315163e-01 7.730307556146668313e-01 7.649878993060270638e-01 7.420176361744008631e-01 7.524612794519173198e-01 7.462672236810130588e-01 7.597712883499583292e-01 7.525596562743064322e-01 7.746657850733225104e-01 7.855473521113714996e-01 7.664749056275657058e-01 7.946533506883829423e-01 7.929153571038989323e-01 7.840324671207692386e-01 7.961623657530531029e-01 7.872975240490359683e-01 7.926950831238328554e-01 7.952126669772756618e-01 7.987539829826115767e-01 7.984101683678721528e-01 7.436131384896150776e-01 7.741463609689036574e-01 7.392019934031445194e-01 7.853741794173004775e-01 7.859196448607019825e-01 7.738647085393742797e-01 7.836244883851047893e-01 7.739057011935174257e-01 7.923661633608113375e-01 7.782514732803809121e-01 7.942306440360313857e-01 7.967574726751140979e-01 7.915140121834380871e-01 7.731740020527949619e-01 7.933779200951471822e-01 7.912768129236174008e-01 7.867260363344861229e-01 7.994211364228916983e-01 7.957262950273459312e-01 8.002235713388577976e-01 7.759405884818215693e-01 7.861402802266813650e-01 7.946631410685321972e-01 7.791182873330173564e-01 7.836511239273715734e-01 8.018556896431066061e-01 8.017820081220431438e-01 8.018145167479824309e-01 7.834532034558482350e-01 7.943946868052994548e-01 8.001322713891573235e-01 8.021540182963112775e-01 8.036564954374986192e-01 8.062492837270662793e-01 7.957446357402544468e-01 7.923680486308287696e-01 7.961259454573451633e-01 8.003068592578403972e-01 8.002632621620040521e-01 8.039201590276873199e-01 8.002105111107737923e-01 8.055485281849509294e-01 8.070057260256998655e-01 8.054788881152258329e-01 8.039838451831403665e-01 7.996711286787197004e-01 8.016596780711682246e-01 7.915953494786498457e-01 7.807507700056823818e-01 7.956175046086090274e-01 7.999945781764037367e-01 8.049758240639649509e-01 7.954070797384119595e-01 7.938674012130413349e-01 8.047289035301230520e-01 7.990976616830512969e-01 7.989067907886769904e-01 8.002162465829488758e-01 8.024698285474701764e-01 8.018289881045603806e-01 7.973744323045807159e-01 7.997805884517668051e-01 8.040394165507908086e-01 8.040156198378530794e-01 8.020153302618229230e-01 7.999586795936308725e-01 7.988238030960754799e-01
