1.000000000000000000e+00 1.455950808691820753e-01 1.378772203457578338e-01 9.389298156386555183e-02 7.857005738984715673e-03 5.450201049642659085e-02 2.398452743470499970e-02 4.049585270830242251e-02 1.334288714672371423e-01 5.649070196990106651e-02 8.269100007935684116e-02 5.052689918739704245e-02 2.863354932453147060e-03 2.211303760004918947e-02 2.004090902342513941e-02 3.934385730729231256e-02 1.058520115472230960e-01 1.953259822484393615e-01 1.424030738767749771e-01 1.861420416521813448e-01 1.548126118010252905e-01 1.565100560267536911e-01 1.398334135316972315e-01 1.596151549420076754e-01 1.426334578179607460e-01 9.782857288700996801e-02 8.786726111782186543e-02 9.392498823044816147e-02 1.286068590989439542e-01 1.497258781295051355e-01 9.074071912609545099e-02 9.525910938951828721e-02 1.031072036034259565e-01 1.127618794845229727e-01 1.164081209588022220e-01 7.098048223107954191e-02 1.005633459658100554e-01 3.366188015288354429e-02 5.130591752059607963e-02 3.165106777743172811e-03 3.880005076149500853e-02 7.970353041970829056e-03 5.014624646755617282e-02 2.533205187687065027e-02 4.483106952338287293e-02 1.808283104689240375e-02 4.558587538767319182e-03 2.704334814121501021e-02 2.205325092214488122e-02 3.543396399088064030e-02 3.803148160839692898e-02 3.847087267815781780e-02 2.550590383730311564e-02 4.731479326241991301e-02 5.775366909848361763e-02 3.651819338293560424e-02 4.816923134980252708e-02 1.989458038669378662e-02 2.757395866152033762e-02 2.252100496240834818e-02 1.945561371009903173e-02 3.497357022495225370e-02 2.606465236719902184e-02 5.014786638119715645e-02 5.411941200536156404e-02 5.033545531409719387e-02 3.149111834428382911e-02 6.855420496357361726e-02 6.591702204031751888e-02 7.798657518957662071e-02 5.608372323417630534e-02 6.075967013370650593e-02 7.475553549881022719e-02 6.393083543194300056e-02 4.679690363242380163e-02 4.815469136940721956e-02 4.258250383742220174e-02 5.989019874025143519e-02 4.033321754181695695e-02 5.544576856242562635e-02 4.837233289395807823e-02 3.217749681703523101e-02 5.662680916173393891e-02 5.507074628326088378e-02 4.662537228469289252e-02 5.315735190330272281e-02 3.952763018715072657e-02 1.948459024012024268e-02 3.462169451209112098e-02 3.616374987390492957e-02 2.344725988902674960e-02 1.863676699030255776e-02 1.648760323058142546e-02 1.071991637949580058e-02 6.239091841906584807e-03 1.627066877655344163e-02 1.435806857204001419e-02 4.370622714288764643e-02 1.680086030363311250e-02 1.945320558706649036e-02 2.069382834712976682e-02 2.601263328463054858e-02 1.209499393696274357e-02 1.276075665001048277e-02 3.131789456027123802e-02 3.746167028362457074e-02 2.399264413667277426e-02 2.938315398672135953e-02 3.440681991259855049e-02 1.708332112961697888e-02 1.618345919460221008e-02 1.856462507861680183e-02 2.065157025754746703e-02 3.009759509751728720e-02 2.823089598667515368e-02 3.528089834460351737e-02
1.455950808691820753e-01 1.000000000000000000e+00 9.085811492855715155e-02 9.817614203615304680e-02 2.416625883295477409e-02 8.065997131673785514e-02 8.563497761665350705e-02 8.075389836445051595e-02 1.647417646097058541e-01 1.351948512260104651e-01 1.549393162561083781e-01 1.350494338431978969e-01 1.152926631319760309e-01 1.306685792973295845e-01 1.226925859230107857e-01 1.197501132991098255e-01 1.380769542821595752e-01 1.671242039645808863e-01 1.691578340225304844e-01 1.652492839815147829e-01 1.053788005585306331e-01 1.693123509939682692e-01 1.871442624618112616e-01 1.822794104955156869e-01 1.760300513410733847e-01 1.628959108044249482e-01 1.670329264380801260e-01 1.675699837291911576e-01 1.883323040383079738e-01 2.137568412585795496e-01 1.882437759603868832e-01 1.629557464015825019e-01 1.589000678608737949e-01 1.763200028880407555e-01 1.773152328437550551e-01 1.311351200835720876e-01 1.868138114678171424e-01 1.382161949418920788e-01 1.448165989834698797e-01 1.140211043610787484e-01 1.442015551090066461e-01 1.214126957391026967e-01 1.277116920074513051e-01 1.326248151454606505e-01 1.331567659454868657e-01 1.390982493048411317e-01 1.342064681462335762e-01 1.440876320831328550e-01 1.373711877996580399e-01 1.138879317299238830e-01 1.354127062790617952e-01 1.053079553947375846e-01 1.252055190756554137e-01 1.513194319675983113e-01 1.536158313974254341e-01 1.443275761956006875e-01 1.321947830176414540e-01 1.324393103560471685e-01 1.449043218807040956e-01 1.341912645314639330e-01 1.297067573658849116e-01 1.383941299071882458e-01 1.322718738516065751e-01 1.430499713936748130e-01 1.385001856337834403e-01 1.366675477675253214e-01 1.457816705562884896e-01 1.636299365961474961e-01 1.654667787416407854e-01 1.518916048463081758e-01 1.462620843640968782e-01 1.576870413306055707e-01 1.645066991704444981e-01 1.611585159443021109e-01 1.579986333880639970e-01 1.555887597941476019e-01 1.610498690289370594e-01 1.700817308492424962e-01 1.595189742726035587e-01 1.641806236014506093e-01 1.600104930974526052e-01 1.547615824015687036e-01 1.485233959760745848e-01 1.524231497135849489e-01 1.452787708131859923e-01 1.584841592386048992e-01 1.524589682250040990e-01 1.368104789419409828e-01 1.471837788449620599e-01 1.503005995531547789e-01 1.371575987291455689e-01 1.364568727713212082e-01 1.338428648344143490e-01 1.349651476650879922e-01 1.367668457646055991e-01 1.385809128681695368e-01 1.201636469023217024e-01 1.347371803517329880e-01 1.330269597453131447e-01 1.380468883123208423e-01 1.364215207491760451e-01 1.313971090758870586e-01 1.297482958754558047e-01 1.287778039200157820e-01 1.305572269922730122e-01 1.323972702474098817e-01 1.364783946944427839e-01 1.439750032423111337e-01 1.455862783927181769e-01 1.375252792592423778e-01 1.367492705305896061e-01 1.386112380651016440e-01 1.373316138698111588e-01 1.347549061554663419e-01 1.355399407254594402e-01 1.371871112219097966e-01
1.378772203457578338e-01 9.085811492855715155e-02 1.000000000000000000e+00 2.468037670764924307e-01 1.111962465645503495e-01 1.735345917795817483e-01 2.246887980340289415e-01 2.167134759289481016e-01 3.015050017916530711e-01 2.663996644643080725e-01 3.105314904318898228e-01 2.789357582572556948e-01 2.418865164771662191e-01 2.460090359638973101e-01 2.832284144067420129e-01 2.568600593074567562e-01 3.156503671403815270e-01 3.637333623279439543e-01 3.353850857364874538e-01 3.458638316207696684e-01 3.096160489988026288e-01 3.576653408756915731e-01 3.095191892714297954e-01 3.566030082592003270e-01 3.369583778275632713e-01 3.296095081265578708e-01 3.114081423854924702e-01 3.283649884860412871e-01 3.417594591852539110e-01 3.531040491453133479e-01 3.357468613303346561e-01 3.449431400771130751e-01 3.504150355756237567e-01 3.400426266687730514e-01 3.587137706099907675e-01 3.305414875602453173e-01 3.403511341251209688e-01 3.059006435487124920e-01 3.253835188755956898e-01 2.795461922855554393e-01 2.956949653820151735e-01 2.838019582432753096e-01 3.085807137542639356e-01 2.943285094501669752e-01 3.186660885206107352e-01 3.005529940400335498e-01 2.900253032164835099e-01 3.013174054517309131e-01 2.994270556057577748e-01 2.980670240456483322e-01 3.066839882494883929e-01 2.764085195070211110e-01 2.833090919145241915e-01 3.186089794907993600e-01 3.227185888008277104e-01 3.116079445674406201e-01 3.029823914293011677e-01 2.883158063303871699e-01 3.055512796669749287e-01 2.831630656219481512e-01 2.912391865627908527e-01 2.945455339551926732e-01 3.003456478875771163e-01 3.145529682599454424e-01 3.093048153143067580e-01 3.051221138421031931e-01 3.037886678101014426e-01 3.297636503651319995e-01 3.268113841397746744e-01 3.421979783989228530e-01 3.248912730234813639e-01 3.267661957627638336e-01 3.319505313563170801e-01 3.250715727989849091e-01 3.129560683630722706e-01 3.116510126683172954e-01 3.055301089949140070e-01 3.229603880019177309e-01 3.113133613194741800e-01 3.142202551916815634e-01 3.176726667689500627e-01 3.092998190693298510e-01 3.143768037957122563e-01 3.249039833534483335e-01 3.124180749820734682e-01 3.181075636202277956e-01 3.164924773182428708e-01 3.045990945069332323e-01 3.089891391451232150e-01 3.081349374968402333e-01 2.957056042457475442e-01 2.928723495258228060e-01 2.962203584532815959e-01 2.924502085918482264e-01 2.891993960274844566e-01 2.930761325742367585e-01 2.959286227242384770e-01 2.994129838268485555e-01 2.940394252978661416e-01 3.022554398034996703e-01 2.974485446934855282e-01 2.958441834885202071e-01 2.834274611517894060e-01 2.854585792748901008e-01 2.974259368118437052e-01 2.989521293065316443e-01 2.980124333862959052e-01 3.027447098637678358e-01 3.073890602484750101e-01 2.925682244784368335e-01 2.954882642784265045e-01 2.912451698060173899e-01 2.963385500400355088e-01 3.007824469600183792e-01 3.009659839848726204e-01 2.951401781396003621e-01
9.389298156386555183e-02 9.817614203615304680e-02 2.468037670764924307e-01 1.000000000000000000e+00 2.359149796076304151e-01 2.534310604082575802e-01 4.039841974283225334e-01 3.909904747203413744e-01 4.365484850072070544e-01 3.570857999222213919e-01 4.353318112370081483e-01 4.916431740056689259e-01 4.108267471514396862e-01 4.143330743167888963e-01 4.849506728365237662e-01 4.938947049648492182e-01 4.686292738980138983e-01 4.296325573839346879e-01 4.110308812226910469e-01 4.055935231064413671e-01 4.315952682021787501e-01 4.430456839265935476e-01 4.419836920926204504e-01 4.264933211384789868e-01 3.969186943026215553e-01 4.715706787578983206e-01 4.653292092817972736e-01 4.816013396833193072e-01 4.542277918333614273e-01 4.668177564972286753e-01 4.657600273414916892e-01 5.050536678184985862e-01 5.064666835174228554e-01 5.054427551364503168e-01 4.897039612509291873e-01 5.164505459853188096e-01 4.814045688788886612e-01 5.210831555386126190e-01 5.140251123444561365e-01 5.069868038741486282e-01 5.010580810106420868e-01 4.934794620596675840e-01 5.146780352180145846e-01 5.061891100499765761e-01 5.110227072132516035e-01 4.826220703357303465e-01 4.819990685383190310e-01 4.864721558431324144e-01 4.908558553450914630e-01 5.305749398639347802e-01 5.214834982911623618e-01 5.165020140294134254e-01 4.863307784012628199e-01 4.882910915216941983e-01 4.911972918880878614e-01 4.900665350564146761e-01 5.166850958445664554e-01 4.888842421581371389e-01 4.984797554923710572e-01 4.852923313157394558e-01 4.929153460016212907e-01 4.960507827963624439e-01 5.014520519817121658e-01 5.069776081260962686e-01 4.999921997544038987e-01 4.954300820315287179e-01 4.824606426257747605e-01 4.863534889974236441e-01 4.882090186032690959e-01 5.007784345447879870e-01 4.889753953904991679e-01 4.804969468790265541e-01 4.851251036378904646e-01 4.761792580302306455e-01 4.871167123129483412e-01 4.845632210523307393e-01 4.861910490137230090e-01 4.786838555372841530e-01 4.697397309802535670e-01 4.898418038081104320e-01 4.794316033067620442e-01 4.751617652302171924e-01 4.937326607183681881e-01 5.092807728335516648e-01 5.085960317849604895e-01 4.978614561040998754e-01 4.963106130415598782e-01 4.965612917171661755e-01 5.005004791511789008e-01 4.802717402393681945e-01 4.960934206183793549e-01 4.903032539108890808e-01 4.908406219065903908e-01 4.838804015673991987e-01 4.765270485109421306e-01 4.798404436890302271e-01 5.176736688980952961e-01 5.123408880273193633e-01 4.900694000183751786e-01 5.020571700319231834e-01 4.913396850548009120e-01 5.015617870661194244e-01 4.912877365917120431e-01 4.975941093120697656e-01 5.043209480096009223e-01 4.949788217709609195e-01 4.920928533669306493e-01 4.808235955516154125e-01 4.869085932443174003e-01 4.893389594023512812e-01 4.864031232999835863e-01 4.849940422384114158e-01 4.851534186904525869e-01 4.988152772778914334e-01 4.939150244787788302e-01 4.919895508491506919e-01
7.857005738984715673e-03 2.416625883295477409e-02 1.111962465645503495e-01 2.359149796076304151e-01 1.000000000000000000e+00 2.152136476927049014e-01 3.371493206852408386e-01 3.415554392307835752e-01 3.466595027735180357e-01 3.025668665859153617e-01 3.251208174905814152e-01 3.859565717927952999e-01 3.629384880765246235e-01 3.236758432462453761e-01 3.923413068956466687e-01 3.971088266396353150e-01 3.686969310459211613e-01 2.663129674031425864e-01 2.929024209373987664e-01 2.848886110023717833e-01 2.527418587269417150e-01 3.217590862323057022e-01 3.351050225259468163e-01 2.955587071179803238e-01 2.900019405842086950e-01 3.562691834148329906e-01 3.529502202993894944e-01 3.553829727533558969e-01 3.417586893262088976e-01 3.605794677465781750e-01 3.699494197671686080e-01 3.882147027318196275e-01 3.497942029873554182e-01 3.738474733572609288e-01 3.522910016622874951e-01 3.532126242075334654e-01 3.658764436853372271e-01 3.972175020026303960e-01 3.947535629560393611e-01 3.762410898598920195e-01 3.995452846718015594e-01 4.035013104252809235e-01 3.997241785557389404e-01 4.114535288409806868e-01 3.883857737491588913e-01 3.959453611816853846e-01 4.079035054627982437e-01 4.034688414978246929e-01 4.046290438252254651e-01 4.036535914829455507e-01 4.043182911024793547e-01 3.991116983097939275e-01 4.002238290766674256e-01 3.966468037268244262e-01 3.940299330180520032e-01 3.890994594987119415e-01 4.022862221275288475e-01 4.116826888511849747e-01 4.026611697462877948e-01 4.098733033843929841e-01 4.091520592786615507e-01 4.043291335779707341e-01 3.939579657946537528e-01 4.033776921888954647e-01 4.018730620014621668e-01 3.977128367770541573e-01 4.044892781666559745e-01 3.870860572007380207e-01 3.973825795918474735e-01 3.883968725334755456e-01 3.889090502152979245e-01 3.923625422445750632e-01 3.812584594911453961e-01 3.776274140800021661e-01 3.974747852491453681e-01 3.975580260430669477e-01 3.921110887374628651e-01 3.833919434167648577e-01 3.918369841234747297e-01 4.003694083301733153e-01 3.976561390766349957e-01 3.958464161983473728e-01 3.977324728185921976e-01 4.028467401610938414e-01 4.035305657566228832e-01 4.003993459644304420e-01 3.967994554395360973e-01 4.079245671622113156e-01 4.088271915616451535e-01 3.959514859713059165e-01 4.004030476598604005e-01 4.070507790120592717e-01 4.017978349174586850e-01 4.014934727981211426e-01 4.049639430494302861e-01 4.045948058361773514e-01 4.046105769457135626e-01 4.039214486362147083e-01 4.077928725903453011e-01 4.069994390430567432e-01 4.034171706403395508e-01 4.018050453957069390e-01 4.077873713446384940e-01 4.115500142644551995e-01 4.067328959809118905e-01 3.982888041499437759e-01 4.092386957964918581e-01 4.036920201266783748e-01 4.010919437493471462e-01 4.059561515984812519e-01 4.020399902402391756e-01 4.059846501626271364e-01 4.037621467366385719e-01 4.050900060632986466e-01 4.063031018727176757e-01 4.048821476129473851e-01
5.450201049642659085e-02 8.065997131673785514e-02 1.735345917795817483e-01 2.534310604082575802e-01 2.152136476927049014e-01 1.000000000000000000e+00 4.283087993666709337e-01 3.402008110944971242e-01 4.155404036236179932e-01 3.876515593602138376e-01 4.305671263148642125e-01 4.672531206275700733e-01 4.328068168284045503e-01 4.298708187757274146e-01 4.938183366166227217e-01 4.570116116940426410e-01 4.671703646492764150e-01 3.858960553533378190e-01 4.221909174455369951e-01 3.755168177202735103e-01 3.466014683590746270e-01 4.156884973815435091e-01 4.620776099922333513e-01 4.335866364696330244e-01 4.139154910594760040e-01 4.716603185360177530e-01 4.650228836433122348e-01 4.711183291520918415e-01 4.637130306696038984e-01 4.655123775407074560e-01 4.908661461583281871e-01 4.819274458115106463e-01 4.396420691508274858e-01 4.598898344149329742e-01 4.529535361266760485e-01 4.669032630675696294e-01 4.799435016662545461e-01 4.826469536960783513e-01 4.869134528534379558e-01 4.754504695961712102e-01 4.927665597287655408e-01 5.024239084357893237e-01 4.926461244876514378e-01 5.026029674119448787e-01 4.976252073657564390e-01 5.022107500629137133e-01 4.987252771016203456e-01 5.041114343272402598e-01 4.968324645291241626e-01 4.680755640595740674e-01 4.866458444885967127e-01 4.813336631793809772e-01 4.955792206997895466e-01 5.039943080903540595e-01 5.018168000399747530e-01 5.075897463865532977e-01 5.022830755530565128e-01 5.048679544979047806e-01 5.014637549246330206e-01 4.989240741705978088e-01 5.006347234178302186e-01 5.006008262007248799e-01 4.885528368322020754e-01 5.025730721776093812e-01 4.995100815591667076e-01 4.968842000739893683e-01 5.015814348752364316e-01 5.078201989523253301e-01 5.001713930865567814e-01 4.989675242092987406e-01 4.962660119038728168e-01 4.983717713902153235e-01 5.036368870715315360e-01 5.010584868572331985e-01 5.007029490941131700e-01 5.019966511526829933e-01 5.033295049243848851e-01 4.987730116345218123e-01 5.022812325482822748e-01 4.992795132394889923e-01 5.036865064858432328e-01 5.018487104846880431e-01 5.091832890274472501e-01 4.930811570901119101e-01 4.917062895991790028e-01 5.011986624206379304e-01 5.029546097817608752e-01 5.022056945779583836e-01 5.042537939856872597e-01 5.063262885377474154e-01 5.049974892205300048e-01 5.070744525291289717e-01 5.066248950484230074e-01 5.055243285285493382e-01 5.017169524995177543e-01 5.032044553015503352e-01 4.967457553847913765e-01 4.999817520981024166e-01 5.018428011873945493e-01 4.981252668051260879e-01 5.057667647493689911e-01 5.042809286445226746e-01 4.994511466659533605e-01 5.046887061188999324e-01 5.049579264559461711e-01 5.082935731751905273e-01 5.016193299927188542e-01 5.050555142548398546e-01 5.044028108437238478e-01 5.063111182518871267e-01 5.037759223010773724e-01 5.026661593619303758e-01 5.062660706035670977e-01 5.052507146312676944e-01 5.060842842517346840e-01 5.018301835983862702e-01
2.398452743470499970e-02 8.563497761665350705e-02 2.246887980340289415e-01 4.039841974283225334e-01 3.371493206852408386e-01 4.283087993666709337e-01 1.000000000000000000e+00 5.653480268687189891e-01 5.837507648317483699e-01 5.398631742107876663e-01 6.025964376606982587e-01 6.784377060906123802e-01 6.154424754173215550e-01 5.971941425412103932e-01 7.536786133358542861e-01 7.061938183427310944e-01 6.509979893236579329e-01 5.338481481364657499e-01 5.798415688044825655e-01 4.975492670247596561e-01 4.894499940311109465e-01 5.811105627661891093e-01 6.654801640155511011e-01 5.679269907269749451e-01 5.475781380027390233e-01 6.817500579441739816e-01 6.585066570688825616e-01 6.961526009978747931e-01 6.712397967223955320e-01 6.521742535451133804e-01 6.852632768543326369e-01 7.080017873664650185e-01 6.647809941224926966e-01 6.701580270032752029e-01 6.505251878222640949e-01 6.880967600160360353e-01 6.744566796879487569e-01 7.500438545236013388e-01 7.337957947507507406e-01 7.519674267471718743e-01 7.299981415851710675e-01 7.364823021239741418e-01 7.458908268127157903e-01 7.394000353677366855e-01 7.270340269034168967e-01 7.377193507220461965e-01 7.263616105823832436e-01 7.270427674508161964e-01 7.378192829984677736e-01 7.379390062512568571e-01 7.498700813189633774e-01 7.220687457491720140e-01 7.231391911253661764e-01 7.206450976367942962e-01 7.215660438123590037e-01 7.387895452278993025e-01 7.412327680486410220e-01 7.310035206950891151e-01 7.416242950839279091e-01 7.197008199736967260e-01 7.268005793577476670e-01 7.310082554680780165e-01 7.264108053514444219e-01 7.217560531936647594e-01 7.172259815328887456e-01 7.142063124976851807e-01 7.244765204319767449e-01 7.160757838301922140e-01 7.218432398988505749e-01 7.072653178167527255e-01 7.068984683705316074e-01 7.086018547615817731e-01 7.077046920490122073e-01 7.006135583440032955e-01 7.258628838871310496e-01 7.233369130968394511e-01 7.300314411057690078e-01 7.145407388070700305e-01 7.189245892296198814e-01 7.224224114751738313e-01 7.173856120425068372e-01 7.206795123597360408e-01 7.328422184817870999e-01 7.190300256461130690e-01 7.287515353727554990e-01 7.227802815293521421e-01 7.224253147998820346e-01 7.424853271991136427e-01 7.371669179443014475e-01 7.346697653710771991e-01 7.459231922445648255e-01 7.409834629050946475e-01 7.324748980330799686e-01 7.372406437404399604e-01 7.254522193843275790e-01 7.241851650913997407e-01 7.549210164620288044e-01 7.368622323198704693e-01 7.344750831904240940e-01 7.449260828853964123e-01 7.417229494672383794e-01 7.370420445160968947e-01 7.331176892100503828e-01 7.431462184593570219e-01 7.321437093547282782e-01 7.219980680239952431e-01 7.332202488830417142e-01 7.281320215557270936e-01 7.318305915466192246e-01 7.354004912224644253e-01 7.376389621501565630e-01 7.270069345843289677e-01 7.306165831098839769e-01 7.311736279301606078e-01 7.243739004698466211e-01 7.182479530810912394e-01
4.049585270830242251e-02 8.075389836445051595e-02 2.167134759289481016e-01 3.909904747203413744e-01 3.415554392307835752e-01 3.402008110944971242e-01 5.653480268687189891e-01 1.000000000000000000e+00 5.629933584541216840e-01 5.004725360423812885e-01 5.834313975009618458e-01 6.419259524509697279e-01 5.689461345018669292e-01 5.494098136279671474e-01 6.716099887690352155e-01 6.590042807083619225e-01 5.916513991453508092e-01 5.125333540501857410e-01 5.563769953375453658e-01 4.571762534233810293e-01 4.509955123401388488e-01 5.793877474422045593e-01 5.876329201637989774e-01 5.377650835498464232e-01 5.351957507022677696e-01 6.383478963840029108e-01 6.337380752110669535e-01 6.450005466570003509e-01 6.372733888997443863e-01 6.315825014112411706e-01 6.530266952100581834e-01 6.560786274279944985e-01 6.287202946272881787e-01 6.317630491338361853e-01 6.192236013535149519e-01 6.338113376686623779e-01 6.438645419071714615e-01 6.761379668208963301e-01 6.750583094814971430e-01 6.496311484570789219e-01 6.706523773998166460e-01 6.676594520492654672e-01 6.686855436356624605e-01 6.848696804192943022e-01 6.695585823957581617e-01 6.735551069900371779e-01 6.717771855259794256e-01 6.748027689902399429e-01 6.805672364793403650e-01 6.773913885330404838e-01 6.811411833155531781e-01 6.624191354828214973e-01 6.683047195431542908e-01 6.717316496564028627e-01 6.713683810976692756e-01 6.762541275653540795e-01 6.782378166456837221e-01 6.783774133247379989e-01 6.786595537264606959e-01 6.664444698102542919e-01 6.714712460951186568e-01 6.707803141513222212e-01 6.672724835859593639e-01 6.792716262211156986e-01 6.771353396225979759e-01 6.694688640177404171e-01 6.701057798158293055e-01 6.671824180674210680e-01 6.703044037971320757e-01 6.562027315668548244e-01 6.621075180414525141e-01 6.670679097387044454e-01 6.555399164844638582e-01 6.594497467925525269e-01 6.764301606705167558e-01 6.770550531656556181e-01 6.775105929546519912e-01 6.722673755325198064e-01 6.710517204829962168e-01 6.773418995648636809e-01 6.737650888492464629e-01 6.732900760313603739e-01 6.746580271219697611e-01 6.778152439500300108e-01 6.802933370923819334e-01 6.742063011385466265e-01 6.726713285562960776e-01 6.830314361889689989e-01 6.821551315424114748e-01 6.757549056726278591e-01 6.803026138489632890e-01 6.812609450400910482e-01 6.769593742869235431e-01 6.769818249885114492e-01 6.720552228522672644e-01 6.726002595299349629e-01 6.894417622716673133e-01 6.829646805858450298e-01 6.804615144403806104e-01 6.851916037545798810e-01 6.845265059073465386e-01 6.801543136871902595e-01 6.758838758296764615e-01 6.854940163349926285e-01 6.810752071414833964e-01 6.703659636700581848e-01 6.793265817901298353e-01 6.761612570377296683e-01 6.795969077454210305e-01 6.808323780411335013e-01 6.782379114117936814e-01 6.715851356016261375e-01 6.764404823798456645e-01 6.798071955081972373e-01 6.750651419018911525e-01 6.692923745983916373e-01
1.334288714672371423e-01 1.647417646097058541e-01 3.015050017916530711e-01 4.365484850072070544e-01 3.466595027735180357e-01 4.155404036236179932e-01 5.837507648317483699e-01 5.629933584541216840e-01 1.000000000000000000e+00 6.735051863727948840e-01 7.022014475061103544e-01 7.470438022091112629e-01 6.711643768377174579e-01 6.598732566402766286e-01 7.580552820490529253e-01 7.305608978136858278e-01 7.479794377820651041e-01 6.748713128281136342e-01 7.189485193298990051e-01 6.223049688272160873e-01 5.985854005831642288e-01 7.251481155177768034e-01 7.340724265632158074e-01 6.955285259262060649e-01 6.864577066360004753e-01 7.800808412072315345e-01 7.744336701923949517e-01 7.931177057865754776e-01 7.862863622046487588e-01 7.919754120252623375e-01 8.043262909964250529e-01 8.008501152190082850e-01 7.728291253575039210e-01 7.627659223557611279e-01 7.863395630341691867e-01 7.609425290744136205e-01 7.997383874402760329e-01 7.801924042020180750e-01 7.920210647727088382e-01 7.347208051612923452e-01 7.980260545318914600e-01 7.851352107233917632e-01 7.905852697590367573e-01 7.977421898856292826e-01 7.956682775894883264e-01 7.901541962351082971e-01 7.992314581493523695e-01 8.094232871437835319e-01 8.059766653348060528e-01 7.672653190238318821e-01 7.984942541724272536e-01 7.518582414492098742e-01 7.877313510857203438e-01 8.151227516520815897e-01 8.116086171497757240e-01 8.002853597952330755e-01 8.069978137788726968e-01 8.004365468043778131e-01 8.095777136738669943e-01 8.074627076535759729e-01 8.037118202153402668e-01 8.115755430549654870e-01 7.988228927488195685e-01 8.190205568955213344e-01 8.100759927885656797e-01 8.116363281009375541e-01 8.086730496398477630e-01 8.144640646146664720e-01 8.141563473266820727e-01 8.094122712930975627e-01 8.038417035682939860e-01 8.125634942730763921e-01 7.984863376085683528e-01 8.013437326457070187e-01 8.146280834129617787e-01 8.115880066260321435e-01 8.085060146379389190e-01 8.143808599782691449e-01 8.043932791787352654e-01 8.147462882801003170e-01 8.134808553781767149e-01 8.086809923298080571e-01 8.155362194468213088e-01 8.119117654500894732e-01 7.990285272002283223e-01 8.044594376541441827e-01 8.077955727962241594e-01 7.995442859060549745e-01 8.094200151096992979e-01 8.066456484455960529e-01 7.999953217903237324e-01 8.023843061799755816e-01 8.009807060601146222e-01 7.982565644326692356e-01 8.005164816446329601e-01 8.039468541049740180e-01 7.913279305648869277e-01 8.062610839363012483e-01 8.030337211802969222e-01 8.022282956222830386e-01 8.025157242740642571e-01 8.033090749952956910e-01 7.942422881254961320e-01 8.005224013254037541e-01 8.016299712151084833e-01 8.051408114283880035e-01 8.083470669367615047e-01 8.110144089712529869e-01 8.099820368448575891e-01 8.040611631949441396e-01 8.022526476582241273e-01 8.064948287581173991e-01 8.069365195124889034e-01 8.082130110612563145e-01 8.073784604620367622e-01 8.077353511871789848e-01
5.649070196990106651e-02 1.351948512260104651e-01 2.663996644643080725e-01 3.570857999222213919e-01 3.025668665859153617e-01 3.876515593602138376e-01 5.398631742107876663e-01 5.004725360423812885e-01 6.735051863727948840e-01 1.000000000000000000e+00 6.309553432241485904e-01 6.755413270251698910e-01 6.427024043412374876e-01 6.310613538828602209e-01 7.128532178939190889e-01 6.708329011789589957e-01 6.712319916155746746e-01 6.050728585344589128e-01 6.636181830497526191e-01 5.535069940958670109e-01 5.246040888455503204e-01 6.519879222486921755e-01 6.629273276886443744e-01 6.431350542840694740e-01 6.411495810253668992e-01 7.211786318255193340e-01 7.168259756395787274e-01 7.318183848608580400e-01 7.152729727883768707e-01 7.262228537953272500e-01 7.589072757686997628e-01 7.305787410566433326e-01 6.974269318962098563e-01 6.838541470234207331e-01 7.151752282109964387e-01 7.027054656010381928e-01 7.478943872432309847e-01 7.231638140908925871e-01 7.356441810409138915e-01 7.008585976302619258e-01 7.547608160714317505e-01 7.449126191991517487e-01 7.286382052159346978e-01 7.489264024168914569e-01 7.463699218759634046e-01 7.567105985574554827e-01 7.645536830438861564e-01 7.711394712754263692e-01 7.576702718756499477e-01 6.951977085298937098e-01 7.366795522378951633e-01 6.791018947332871925e-01 7.391719573718446012e-01 7.702307554492147101e-01 7.618925937197817966e-01 7.598613735786267087e-01 7.460584397105911592e-01 7.589365223255863935e-01 7.571147626101007999e-01 7.619131315935381288e-01 7.621703709382833258e-01 7.551607701411893192e-01 7.525674915866382708e-01 7.592671049612665923e-01 7.547085891694490511e-01 7.602365418204866110e-01 7.702818997761494701e-01 7.708556043588360440e-01 7.642367547875598133e-01 7.577475518687536438e-01 7.615211502760323992e-01 7.661201422869795552e-01 7.539304747968397225e-01 7.642734949677585377e-01 7.710824559346702856e-01 7.684650122606493383e-01 7.676217752352053614e-01 7.697470902769409928e-01 7.661188768825240025e-01 7.672584617855646716e-01 7.732028847718596110e-01 7.744004321277713210e-01 7.686174994455712284e-01 7.584004116186765510e-01 7.391933040242135711e-01 7.538984031202043967e-01 7.706526895234809826e-01 7.569346098905711528e-01 7.642354745155232054e-01 7.713610727540488599e-01 7.585841502907643141e-01 7.629700055621120303e-01 7.627227752497979241e-01 7.649445198828490611e-01 7.663065305553804496e-01 7.690164192070880755e-01 7.386264901809487249e-01 7.491317249969497993e-01 7.616910637543180540e-01 7.568677950231355034e-01 7.623592160162907527e-01 7.555437254971195671e-01 7.575591837267552364e-01 7.567921672238333564e-01 7.561875716372499223e-01 7.597539713436322062e-01 7.653723708572784945e-01 7.733230516938677246e-01 7.715346681168917531e-01 7.624298963656975792e-01 7.652709880558171696e-01 7.681118924964754902e-01 7.670345589679634646e-01 7.619098446125527335e-01 7.613575055907180200e-01 7.653448954534270987e-01
8.269100007935684116e-02 1.549393162561083781e-01 3.105314904318898228e-01 4.353318112370081483e-01 3.251208174905814152e-01 4.305671263148642125e-01 6.025964376606982587e-01 5.834313975009618458e-01 7.022014475061103544e-01 6.309553432241485904e-01 1.000000000000000000e+00 7.668256331158235239e-01 6.588547748783113445e-01 6.745259029355339386e-01 7.654518536886767421e-01 7.315273102964972018e-01 7.274286251101703682e-01 6.897026873516270973e-01 7.310947346343188435e-01 6.517664793108540744e-01 6.042989681341228714e-01 7.530734176163454974e-01 7.160464626357226914e-01 7.192700193404881759e-01 7.181169688055162315e-01 7.848836281402753468e-01 7.918470882576893466e-01 7.950373004575910230e-01 7.875232241872354155e-01 7.942562737850308308e-01 8.294322478850786329e-01 7.968840915958188553e-01 7.684984047398216722e-01 7.707598447709254064e-01 7.879703043855676992e-01 7.738790063677386533e-01 8.057061043586826177e-01 7.868799175644662913e-01 8.040619588015803787e-01 7.514608189077104372e-01 8.051842117256726716e-01 7.896516465288986319e-01 7.989682885329479900e-01 8.060122217508665088e-01 8.140055403269966794e-01 8.045874916338092708e-01 8.064714213114618779e-01 8.135372421730553416e-01 8.084637083945442892e-01 7.761343552833418480e-01 8.009272327048557738e-01 7.653036334746335934e-01 7.902558631922310672e-01 8.216391264089417668e-01 8.169018741230682501e-01 8.117352315627464066e-01 8.018602911915484466e-01 8.045984785229375325e-01 8.114310091470243735e-01 8.060591710499894758e-01 8.121126067893446043e-01 8.092419985733679821e-01 8.007100949368837206e-01 8.164033598909483658e-01 8.188702563069107931e-01 8.158570279872612296e-01 8.163529471988913988e-01 8.257840174299181379e-01 8.207059522845681077e-01 8.236837067638037579e-01 8.198329907127677174e-01 8.254793810624979633e-01 8.144010481331945828e-01 8.219027630687821828e-01 8.223528055535439529e-01 8.224244489567559269e-01 8.207764296703311535e-01 8.245444403038528769e-01 8.182328434328194344e-01 8.241712144047831368e-01 8.226999250709418066e-01 8.222667042560239947e-01 8.198362032252550780e-01 8.220638226228788037e-01 8.104005215143413876e-01 8.206793628729814882e-01 8.198394597485585411e-01 8.114035141669960760e-01 8.180945085541746487e-01 8.189969347617136464e-01 8.138632695785837923e-01 8.157034384334120869e-01 8.168642030345174554e-01 8.108803592583800901e-01 8.098970279602514255e-01 8.141932164071641331e-01 8.010622754449095995e-01 8.123651841256572803e-01 8.137485135588903296e-01 8.136362691528346014e-01 8.167933304740903067e-01 8.111929039851445422e-01 8.038129972155996228e-01 8.101952430914208803e-01 8.155920204649662608e-01 8.087709021569000623e-01 8.154518399670060980e-01 8.207551114599975772e-01 8.227986542837990580e-01 8.127271721453753761e-01 8.129487223462535939e-01 8.131344229454215977e-01 8.140747756771933297e-01 8.157470427646940081e-01 8.127485662319356985e-01 8.127626844062667555e-01
5.052689918739704245e-02 1.350494338431978969e-01 2.789357582572556948e-01 4.916431740056689259e-01 3.859565717927952999e-01 4.672531206275700733e-01 6.784377060906123802e-01 6.419259524509697279e-01 7.470438022091112629e-01 6.755413270251698910e-01 7.668256331158235239e-01 1.000000000000000000e+00 7.359427289577833431e-01 7.327568569437480361e-01 8.544263272372646378e-01 8.271270061492312919e-01 7.775820517033161794e-01 6.554777492477150691e-01 7.074926594577117811e-01 6.160116200191374514e-01 6.151693925815975295e-01 7.288283417657515084e-01 7.548033696044040841e-01 6.932707130164502685e-01 6.908929934194866229e-01 8.171079472436487690e-01 8.189515541528755715e-01 8.389292581861775844e-01 8.201440616888058255e-01 8.166880433550653962e-01 8.560232188550562782e-01 8.487118182000283895e-01 8.115565650937777153e-01 8.104396490461722724e-01 8.166655427936331257e-01 8.281017808683909243e-01 8.372629452664698269e-01 8.659171160979740600e-01 8.685701462165402731e-01 8.431693091457591605e-01 8.794572964183933195e-01 8.763052550163442644e-01 8.697611806075519203e-01 8.899525134817738437e-01 8.749627137530694432e-01 8.792866811273600813e-01 8.897111883655223208e-01 8.908657015422850600e-01 8.916587986295742008e-01 8.652598426042098501e-01 8.800893286012677619e-01 8.518941242292793481e-01 8.779962245867302117e-01 8.862512873510564049e-01 8.824447885115274115e-01 8.829423385204047126e-01 8.911572285211393218e-01 8.890837672496706423e-01 8.907357080307422015e-01 8.904873568838584941e-01 8.925811302716933904e-01 8.938105012025377993e-01 8.838797902787572935e-01 8.913956717355375758e-01 8.835627450691569962e-01 8.890443217326590153e-01 8.925198497960886712e-01 8.746369804756608524e-01 8.764883258847896430e-01 8.714400555757753075e-01 8.736050852011357781e-01 8.743364359072146597e-01 8.574283917147177414e-01 8.628725264955804386e-01 8.855733874769584624e-01 8.874826612968331752e-01 8.873235086217452494e-01 8.836943509538023322e-01 8.792548246838317594e-01 8.883813275895091621e-01 8.835488551706266458e-01 8.877751546631353907e-01 8.879258182797078458e-01 8.865960211511300093e-01 8.832156724518158697e-01 8.827515066299339574e-01 8.873915394929775546e-01 8.917387761538621005e-01 8.929437206457493392e-01 8.871410205787353398e-01 8.929805422857918229e-01 8.946181428392788737e-01 8.917751957336136348e-01 8.908784630603877597e-01 8.913557826760651892e-01 8.928355654741343406e-01 8.898003630274604614e-01 8.948183077405194030e-01 8.960706848414087267e-01 8.941379941195681802e-01 8.934451928325541914e-01 8.972567321610274149e-01 8.900425379258883885e-01 8.977013994577072165e-01 8.947306792538500808e-01 8.921734170633508487e-01 8.961686583377248549e-01 8.912796235752603602e-01 8.904687245334585999e-01 8.976067729674536144e-01 8.936239272426816926e-01 8.936658926646501300e-01 8.956019464935592866e-01 8.963535448878084955e-01 8.938469933929195088e-01 8.923307286792658832e-01
2.863354932453147060e-03 1.152926631319760309e-01 2.418865164771662191e-01 4.108267471514396862e-01 3.629384880765246235e-01 4.328068168284045503e-01 6.154424754173215550e-01 5.689461345018669292e-01 6.711643768377174579e-01 6.427024043412374876e-01 6.588547748783113445e-01 7.359427289577833431e-01 1.000000000000000000e+00 6.646178438985147485e-01 7.805566340606160392e-01 7.561438432607895388e-01 6.966162677981714291e-01 5.731183549365487240e-01 6.474124288191059895e-01 5.405129589043143890e-01 5.188969878067828390e-01 6.513214681423468155e-01 6.816844741007118680e-01 6.213042949507592283e-01 6.260692174242651342e-01 7.347794558540964305e-01 7.383231301769611621e-01 7.495799259945534754e-01 7.192855985604318381e-01 7.275849755274624853e-01 7.743296086919476684e-01 7.648851053591908533e-01 7.128424059890425823e-01 7.151896591216757582e-01 7.245221363202236642e-01 7.291835902334152797e-01 7.596285924237988763e-01 7.686030316596559331e-01 7.756429637580160019e-01 7.456499159057018433e-01 7.955180841084510401e-01 7.962385279251285031e-01 7.823782949129405306e-01 8.084641084074223327e-01 7.890536113570453258e-01 7.937321015327150064e-01 8.117964692524975989e-01 8.132251861598972509e-01 8.075735836103745680e-01 7.595569428377892951e-01 7.845604004616623106e-01 7.476527556701406674e-01 7.927959909820698758e-01 8.123191024230563828e-01 7.993420968629492140e-01 7.997421583753019370e-01 7.937838309225271338e-01 8.077226685754353985e-01 8.032126597184472416e-01 8.134722276932201401e-01 8.143824667663743799e-01 8.082330421624001060e-01 7.957409057502329297e-01 8.026568017634196917e-01 7.962884568198111968e-01 8.038373535282575810e-01 8.152615357136613339e-01 7.963014470185704186e-01 8.019391125662780340e-01 7.873345087108392093e-01 7.922988896688921701e-01 8.001268841407689347e-01 7.810817105796352688e-01 7.881767693461548818e-01 8.079594859370967663e-01 8.056274967713779045e-01 8.025479123746351862e-01 7.941079719156921568e-01 8.000159890842297727e-01 8.066556087242675588e-01 8.091798824239934129e-01 8.123413748839896087e-01 8.058835807844845212e-01 8.027953357864638928e-01 7.930470151911315213e-01 8.002250674262690877e-01 8.078111759286195070e-01 8.083225420309645415e-01 8.112559993196811758e-01 8.101176632439976988e-01 8.073162223812581084e-01 8.137790012105637905e-01 8.125108930763002002e-01 8.154111791708670287e-01 8.160359698792625238e-01 8.161862740490231083e-01 7.998101536455518579e-01 8.021119309947788434e-01 8.127609248520692997e-01 8.079688220974389212e-01 8.130819929457666628e-01 8.088320477358477145e-01 8.101073177705749861e-01 8.151322945116101781e-01 8.058448632863353112e-01 8.088721506505688330e-01 8.146363857645281259e-01 8.168825645212953734e-01 8.160364099692656303e-01 8.149287316604959530e-01 8.133772018360091449e-01 8.161676194170126575e-01 8.160023302903693931e-01 8.138460839768207888e-01 8.120911315902461514e-01 8.118848244038286976e-01
