1.000000000000000000e+00 5.910147741992081288e-02 1.595840556743925165e-01 -2.021553387755699229e-03 -5.193241677933843094e-03 -9.964142269317169745e-03 4.506581643666655174e-02 -1.065252525688365100e-02 1.972169614604011301e-01 5.760058606554790961e-02 8.960296068951835446e-02 1.431680245474218661e-02 6.932967357280759397e-04 1.121691188767401370e-02 2.295719111451757083e-02 -5.710118792726252834e-03 2.035520290346737593e-01 2.235610394035691673e-01 2.283440010185910640e-01 1.022599855909358119e-01 2.179539582121804431e-01 2.415513248570478610e-01 2.102577437469644039e-01 2.171622336882955140e-01 2.418404286743724707e-01 1.959743761272337015e-01 1.905481037636758690e-01 1.600995832242411987e-01 2.047424946198318219e-01 1.972439364044303034e-01 1.248724567058856483e-01 7.949890658581450220e-02 7.169129700626901414e-02 8.964217980917300876e-02 9.761806733798954194e-02 1.145488019264642721e-01 1.333099852152705711e-01 1.310667359486791285e-02 4.553207633685664446e-02 3.064942531156910829e-02 7.452075729201125542e-02 5.153555614793519507e-02 2.525862850183394417e-02 5.096842345988168016e-02 5.331149691253802420e-02 5.122754928221318060e-02 5.770228820620964053e-03 3.185911491880000224e-02 1.254816457308685108e-02 5.928791190084156844e-03 2.462185758305085459e-02 6.758268014244676880e-02 2.584799304758114008e-02 6.889774534795195526e-02 8.260173604185086504e-02 8.261526887292368337e-02 5.309435586523104239e-02 4.146302719427900213e-02 3.970236294411141550e-03 3.286727864670763166e-02 2.365343753878747929e-02 3.614975044765741247e-02 2.004393952829830114e-02 1.270480645165916050e-02 1.095026439386211914e-01 5.592895987873142127e-02 4.799697597179403141e-02 7.844327140405761567e-02 6.426367343051790637e-02 4.553722236035538662e-02 9.245376443787391152e-02 9.638485932587528837e-02 9.058172851149677574e-02 1.040908163412786747e-01 7.965086427172417272e-02 6.983117856589335370e-02 5.733701825466168411e-02 9.975197617584409537e-02 8.040505346151148591e-02 8.600005060230328513e-02 8.019067294163476078e-02 6.517817732112533846e-02 7.050349001300597329e-02 6.861522829194889594e-02 2.553309191360920646e-02 4.328033053152138820e-02 6.999263482917460200e-02 1.791632718089154752e-02 3.496034249429067625e-02 6.267648209465533082e-02 3.228377244660605994e-02 2.363619505587960523e-02 3.634943243932800550e-02 3.838907642203577553e-02 8.742208657228186380e-03 1.857380899105363220e-02 2.941156734011852927e-03 2.999280830204622758e-02 1.155964380842232353e-02 8.120822882444863472e-03 9.957896341844203053e-03 1.181995696687255550e-02 1.340365014714576392e-02 1.846508892502572372e-02 3.894428259163051909e-02 4.267011393381966305e-02 1.625442232048282531e-02 3.655804534057298383e-02 5.235466916985007102e-02 1.821131527145732759e-02 1.471886512690358251e-02 1.888723364610755268e-02 1.776469528728127217e-02 1.792722141095792060e-02 5.506445386155046917e-02 3.681573332868650489e-02
5.910147741992081288e-02 1.000000000000000000e+00 3.700326772870220216e-02 -5.483513255254376245e-02 5.164001810412228305e-02 8.246545177985373232e-02 7.189120357817245510e-02 8.092701810842073407e-02 1.512515480615366781e-01 1.966801223195406845e-01 1.325884598130662173e-01 8.484384494653704478e-02 9.278194386127056048e-02 1.351925081224426006e-01 1.139819769207787853e-01 1.098709556346348371e-01 1.217464859443541519e-01 1.205702257118905774e-01 9.918024800536784369e-02 5.373788611762510270e-02 1.660364944530631770e-02 7.511674431344160519e-02 1.272720172344369571e-01 8.236805733711306809e-02 1.048584350613474409e-01 1.507514533490286190e-01 1.218051019234657334e-01 1.413942593595669261e-01 1.709685266156897587e-01 1.777925204614584365e-01 1.692644869157102216e-01 1.560738600641395357e-01 1.438157317599675078e-01 1.126993582454159093e-01 1.520406158112780071e-01 9.618015905002835764e-02 1.327465619672041630e-01 1.258500969096275623e-01 1.409353425921297809e-01 1.179766505787160497e-01 1.404089387171374992e-01 1.379834860724202805e-01 1.086556458980034723e-01 1.247540115624980600e-01 1.276509925675888835e-01 1.437082438708922882e-01 1.417584493375314003e-01 1.588095560465495049e-01 1.244635149361055237e-01 1.078937253618867526e-01 1.142735378567202587e-01 7.712477180680017697e-02 1.066494868027022813e-01 1.519624037256151194e-01 1.383984334187720877e-01 1.472918783890578842e-01 1.192172900725144702e-01 1.457588517277906281e-01 1.378437446415000933e-01 1.471505307868297974e-01 1.243546402296470538e-01 1.468677896120118564e-01 1.373361711515103112e-01 1.288372596972136297e-01 1.274816941997038711e-01 1.381791439602993998e-01 1.509520409877659619e-01 1.486802941425278690e-01 1.567497568644170836e-01 1.155029286731510396e-01 1.210938960374761814e-01 1.394992339991399377e-01 1.348851123354174453e-01 1.341292406789663383e-01 1.599572271428618686e-01 1.503980438871161673e-01 1.535730482575426159e-01 1.664078641814087378e-01 1.613972388622272325e-01 1.682887170321966386e-01 1.510289640520642296e-01 1.583209357031013786e-01 1.440046335830647839e-01 1.572587573806321082e-01 1.384608651883337260e-01 1.338764026656320549e-01 1.408225917206235300e-01 1.493126639500402808e-01 1.440266660733540705e-01 1.482536561163882438e-01 1.447872890717548933e-01 1.493850026800491726e-01 1.377226584085507466e-01 1.433165846415686839e-01 1.470435165983929315e-01 1.502809915986240696e-01 1.093482674862625431e-01 1.278108753228285321e-01 1.344115805839697364e-01 1.346955135468360654e-01 1.304030000087102459e-01 1.379753525723984853e-01 1.327522610815845272e-01 1.328030342142556830e-01 1.268278311659782609e-01 1.369849731818768568e-01 1.391064490287950151e-01 1.503960487949404234e-01 1.576557389403497600e-01 1.451570148113154879e-01 1.514077276786016391e-01 1.427739208360608025e-01 1.481200307027953078e-01 1.396590221203407589e-01 1.388863395748932139e-01 1.387496135290999799e-01
1.595840556743925165e-01 3.700326772870220216e-02 1.000000000000000000e+00 3.011760920943070130e-01 1.642277550435106148e-01 2.355381608963435791e-01 3.617175138021617165e-01 2.997426856952102314e-01 3.675955775965795147e-01 2.894165094936061444e-01 3.733998049462927127e-01 3.716800352724689005e-01 3.005648672817570199e-01 3.385148185013546751e-01 3.745039895277499364e-01 3.378415902725639963e-01 3.580520821391366404e-01 3.446342494108486920e-01 3.839150298691537677e-01 3.210881780189125956e-01 3.994339276264935457e-01 4.166915400132094049e-01 3.770107930211010761e-01 3.999585139913057752e-01 4.000798545388687955e-01 4.097821030047787971e-01 4.149100993884176636e-01 4.012834831914615097e-01 3.830753911658233424e-01 3.683531648651347523e-01 3.796710986432643709e-01 3.673823273925634902e-01 3.652406852926691205e-01 3.889589503659014458e-01 3.582027441070884111e-01 4.039191052541202809e-01 4.028940428963723730e-01 3.595208500362599979e-01 3.640223351861767709e-01 3.712003786364892477e-01 3.951809179347457457e-01 3.687595417544484167e-01 3.726478134334432202e-01 3.843785960582690731e-01 3.813549549396642036e-01 3.740056337138911724e-01 3.469809283133287181e-01 3.448146099234709050e-01 3.448032727535907949e-01 3.503975718535876638e-01 3.573285636794925058e-01 3.691267023569283490e-01 3.673396038549335274e-01 3.477307431680498051e-01 3.598961451951788182e-01 3.781049530964876171e-01 3.420189579514693046e-01 3.563371252634057740e-01 3.341327404147561575e-01 3.500584941559443664e-01 3.558008242660352649e-01 3.387920781765615397e-01 3.477767172209440538e-01 3.466880332014757315e-01 3.728933363796464451e-01 3.511209055405005164e-01 3.578749907864565150e-01 3.734541479922873219e-01 3.712829486395180512e-01 3.773709414667350548e-01 3.951860215364165207e-01 3.880852351596966177e-01 3.883304066901828722e-01 3.974684544226658733e-01 3.784060262290395715e-01 3.811979690425719713e-01 3.758807524244692777e-01 3.714276533518986456e-01 3.751488155811530945e-01 3.669961609806639546e-01 3.815437789821796710e-01 3.758165805102533508e-01 3.778546129700416922e-01 3.684953249512983309e-01 3.629544325605828514e-01 3.742990483134646107e-01 3.829200987168481229e-01 3.560147353161896011e-01 3.652588850066805781e-01 3.630367131692771032e-01 3.682104360778971075e-01 3.602471512879742432e-01 3.770962187041982383e-01 3.696415986368575268e-01 3.483881929612978601e-01 3.500628578342830921e-01 3.679712251383375765e-01 3.533095552806408968e-01 3.584434475882667392e-01 3.590515021985016264e-01 3.633716755400274168e-01 3.546871815260478900e-01 3.573271612355786164e-01 3.656966716371689019e-01 3.702264939838242896e-01 3.499214270503150925e-01 3.486995090638456141e-01 3.529962038582474260e-01 3.540144993775131699e-01 3.497441557368720089e-01 3.454205071095176049e-01 3.512296015384168135e-01 3.473813927142130331e-01 3.535002363928640423e-01 3.626411513346813886e-01 3.542821340110285377e-01
-2.021553387755699229e-03 -5.483513255254376245e-02 3.011760920943070130e-01 1.000000000000000000e+00 3.639828586527945609e-01 3.611064915442697143e-01 5.959063454109160274e-01 6.032671269887163179e-01 4.369038192385747976e-01 3.426080141396755097e-01 5.179008274368117615e-01 6.592762579726197947e-01 4.920937473591630029e-01 5.034198649426571137e-01 6.015788176125647091e-01 5.946479099172444771e-01 4.576428688772791187e-01 1.904930731898487606e-01 2.848875122800783588e-01 5.054144469137032969e-01 4.286861043327331866e-01 4.213242681255509048e-01 2.634517632902302897e-01 3.351247999813531386e-01 3.095029059135743221e-01 4.506078368105603804e-01 4.760225975110284891e-01 4.663035557553743549e-01 3.487668072839016364e-01 3.254509350246488353e-01 4.149842944592144756e-01 4.364218726534940807e-01 4.418629805595152282e-01 5.001440110206978318e-01 3.999953744402414690e-01 5.140761621469110976e-01 4.580942528300221417e-01 5.507361258646339408e-01 5.114537983575916380e-01 5.379756281713283794e-01 5.216972952533419638e-01 5.180276255465465773e-01 5.724139138656042514e-01 5.696439635502069665e-01 5.409433575779400982e-01 5.301493075580427927e-01 5.190393829484257759e-01 5.077186930683026400e-01 5.552431556733052886e-01 5.739017541738694606e-01 5.747728580626666472e-01 6.182254264557367485e-01 5.919201657757207080e-01 4.909096490938427149e-01 4.947168873219717766e-01 4.795277312209197951e-01 5.648092540747078338e-01 5.299654450514338366e-01 5.362132127696113137e-01 5.358866858162748548e-01 5.673246135093055198e-01 5.349050602851408431e-01 5.477601356434963487e-01 5.681397737393056868e-01 5.337429792884561541e-01 5.389958178909770581e-01 5.102984266934615931e-01 4.505037916685086241e-01 4.612531339961018495e-01 5.449412585770964101e-01 5.055432548626799250e-01 4.867891279482530753e-01 4.728656255502604044e-01 4.625779828769600588e-01 4.840016743744018357e-01 5.028773255047842561e-01 5.018149708987897917e-01 4.485401451681551022e-01 4.797237488074062584e-01 4.488549637252106650e-01 4.831183601249439685e-01 4.836580661777661883e-01 5.038221366159738590e-01 4.765165212560955044e-01 5.185743097907897781e-01 5.213382034224302020e-01 5.072483951909994015e-01 5.110852453111005556e-01 5.070448230614220675e-01 4.817714783031410430e-01 5.024779587922804103e-01 5.159208879418258897e-01 5.296369691897203635e-01 5.250046978333593461e-01 5.195853332597843988e-01 5.135834492621144109e-01 5.828365061748014275e-01 5.647053929233479819e-01 5.462601832591341688e-01 5.455245398310175631e-01 5.470052639420610596e-01 5.436561322023604204e-01 5.596502431158429935e-01 5.529291847685410266e-01 5.587987672312029197e-01 5.424535524321331126e-01 5.396171256420474460e-01 5.017773000744574219e-01 4.861247857633206326e-01 5.251322592587651661e-01 5.083204043064434297e-01 5.302550401240686551e-01 5.279721012638310951e-01 5.393593831440592901e-01 5.260883713285389174e-01 5.377461783823898056e-01
-5.193241677933843094e-03 5.164001810412228305e-02 1.642277550435106148e-01 3.639828586527945609e-01 1.000000000000000000e+00 3.054627579593568454e-01 4.651003581154116717e-01 4.492627516305299218e-01 3.938098971371403745e-01 3.723895981232722141e-01 4.024814786274266143e-01 4.762179021896347231e-01 4.538989441744841757e-01 4.361979405133977195e-01 4.867032480549681184e-01 4.855269280303222135e-01 3.891721023642466526e-01 2.152243017701682692e-01 2.813751269042714109e-01 3.135821920451832279e-01 2.735001397978543136e-01 3.198457321843818368e-01 2.740800072561936362e-01 2.900468401334229118e-01 2.908352376584855126e-01 3.986942999492473771e-01 3.921631326672939677e-01 3.959598378099279947e-01 3.626710620535036900e-01 3.466572886422554234e-01 4.094095572664404048e-01 4.126467265108604288e-01 3.921589809314761643e-01 4.188696007132626797e-01 3.856867407628747357e-01 4.224774213701174563e-01 4.109292438333732034e-01 4.617377047645965793e-01 4.583548761265816562e-01 4.305716742076156622e-01 4.513820146958048007e-01 4.528760822093754190e-01 4.686628142548301401e-01 4.722879931405417619e-01 4.593867621504741927e-01 4.577197052803331778e-01 4.684129167544333616e-01 4.640512277828792165e-01 4.682052164990671561e-01 4.628140481974547527e-01 4.656283680342143128e-01 4.711521236365169840e-01 4.831668884660329510e-01 4.547848284938117436e-01 4.390401211995773045e-01 4.336684014867475123e-01 4.683015864600375000e-01 4.682169609124525733e-01 4.633476696109158355e-01 4.738931383118516472e-01 4.726464957383861298e-01 4.669076277251953955e-01 4.647980724408238840e-01 4.744636605478285696e-01 4.600901595722646786e-01 4.690532958511264838e-01 4.615557848654375794e-01 4.298349114147987371e-01 4.384532995722629778e-01 4.498208670857224423e-01 4.355240402988145854e-01 4.413293140304084816e-01 4.298061915293385771e-01 4.224579415724858400e-01 4.510570165840198098e-01 4.533567776240473579e-01 4.547713798897897175e-01 4.296687509997675902e-01 4.464094404446868891e-01 4.343746401719303929e-01 4.421467887448365941e-01 4.516651992265875437e-01 4.569653340775142736e-01 4.442186420991664497e-01 4.634937500515979303e-01 4.611362024570743179e-01 4.545464664318883408e-01 4.664264633658471437e-01 4.638704382382154434e-01 4.507639499739376499e-01 4.562630234735062240e-01 4.636288748713721097e-01 4.670833039355216654e-01 4.674973835824492996e-01 4.700906084694648768e-01 4.686882182950843356e-01 4.827545763403493506e-01 4.789857747822299228e-01 4.763289527641069721e-01 4.754769365017897376e-01 4.783989407522679094e-01 4.781575425126068368e-01 4.791428873058968252e-01 4.799886666816965963e-01 4.800778536422234954e-01 4.774746390284153041e-01 4.751372663652236872e-01 4.623565348628555505e-01 4.556402807300806157e-01 4.718463103520104118e-01 4.631388736167004749e-01 4.744335419452044844e-01 4.696988944974720415e-01 4.763520731422814514e-01 4.706793096286585043e-01 4.780406431643566822e-01
-9.964142269317169745e-03 8.246545177985373232e-02 2.355381608963435791e-01 3.611064915442697143e-01 3.054627579593568454e-01 1.000000000000000000e+00 5.292217306372404284e-01 4.740935002550250021e-01 5.234585593680036730e-01 4.888718211649043521e-01 5.368269252556071569e-01 5.787634142724961128e-01 5.180060712610486950e-01 5.417176606465797795e-01 5.968563249010282457e-01 5.824106473396251094e-01 4.952361139838363790e-01 3.884683356984834357e-01 4.283587758658570777e-01 4.009077339738608137e-01 3.872389474544750132e-01 4.589560858478908267e-01 4.252591539989143410e-01 4.349499359945905308e-01 4.396530277158989808e-01 5.459910732108016473e-01 5.391687070666892900e-01 5.473419800328565010e-01 5.051192470558723002e-01 4.996087868250659314e-01 5.586447656640043391e-01 5.679434278658010982e-01 5.346401816962029763e-01 5.656272459843584288e-01 5.449576136785769798e-01 5.471040253958827648e-01 5.662347135169565338e-01 5.907797631597585530e-01 5.859042604836461887e-01 5.659333616831553337e-01 6.013725509283834869e-01 6.021284988091225587e-01 5.954398834199033930e-01 6.114966293675280218e-01 6.002052105300920148e-01 6.019072252493036235e-01 6.016070274296119180e-01 6.018684545654530149e-01 5.935367479654019007e-01 5.839230316533222664e-01 5.931675990577154334e-01 5.746541731918024531e-01 5.984914511281916871e-01 5.903609019449572726e-01 5.829266193737767665e-01 5.816841397579103345e-01 5.910034685825997780e-01 6.094338693284744313e-01 5.966982233538385971e-01 6.051194670555745114e-01 6.083121182066825172e-01 6.009401806911639499e-01 6.017036896645117094e-01 6.004319538697936443e-01 5.919052724424461731e-01 5.976109444383763680e-01 6.047399770052654944e-01 5.850310667543487941e-01 5.912654777154212615e-01 5.890017980023939392e-01 5.770843150677861244e-01 5.880405306769136420e-01 5.830637389104194046e-01 5.718526867483431086e-01 6.003664916450477396e-01 6.061682022385059820e-01 6.058264895749478907e-01 5.822291751591345266e-01 5.972109146588562290e-01 5.866835196207021985e-01 5.962921117633074308e-01 5.945482789010541058e-01 5.995161257659277210e-01 5.926455809981021616e-01 6.027176652953819547e-01 6.012547623510857697e-01 6.020158753662808726e-01 6.029799903938480865e-01 6.017256747104524628e-01 5.949829656748446549e-01 6.020983567911806222e-01 6.088892945654797995e-01 6.087002054719378163e-01 6.080927281834658249e-01 6.083898384399417658e-01 6.063104267294029404e-01 6.038463635491647663e-01 5.992643272279797317e-01 6.102688383712068232e-01 6.063975369873746413e-01 6.107351829378814267e-01 6.068060886321944292e-01 6.096415784424049633e-01 6.113984714080358263e-01 6.095397180610866439e-01 6.041432954152919921e-01 6.041045711702364152e-01 6.039977292457310298e-01 5.981823192534292399e-01 6.080094340034276623e-01 6.055603616543695500e-01 6.093723212883944695e-01 6.065483323202499610e-01 6.078934811171231578e-01 6.013377295302028136e-01 6.043770347406884902e-01
4.506581643666655174e-02 7.189120357817245510e-02 3.617175138021617165e-01 5.959063454109160274e-01 4.651003581154116717e-01 5.292217306372404284e-01 1.000000000000000000e+00 7.422521811572900807e-01 6.958525079100102984e-01 6.051656493453408947e-01 7.259681201509976534e-01 8.134743771821110192e-01 7.007747215847630606e-01 7.282957088538253299e-01 8.481220297843253819e-01 8.062104283953880346e-01 6.759093971271156187e-01 4.521889025550461239e-01 5.502526395990250396e-01 5.880406041250920701e-01 5.483108105833015555e-01 6.220304931750090249e-01 5.376089183232635182e-01 5.636584390461607530e-01 5.590693633091549097e-01 7.171010423082039287e-01 7.205679861456806279e-01 7.409838466964570047e-01 6.315089169966914273e-01 6.071395465977241779e-01 7.048980126372026422e-01 7.123730207797275282e-01 7.083624807506794241e-01 7.480494193966201744e-01 6.752979704018159390e-01 7.514142345897514286e-01 7.279178750946589949e-01 8.060567241424837492e-01 7.838503310111953892e-01 7.852408928934087040e-01 7.948792595495398627e-01 7.971475638097834659e-01 8.169189138566566033e-01 8.197368375008752261e-01 7.953106515259541487e-01 7.991163715093420050e-01 7.883531363469497011e-01 7.856960506780603648e-01 7.928828410382905423e-01 7.955227536732525362e-01 8.079784971940315863e-01 8.080041431842109878e-01 8.071146245444822398e-01 7.678386914401287289e-01 7.664869257639291833e-01 7.637854728905560941e-01 7.919245750346196600e-01 7.984542450421631132e-01 7.961459275294245908e-01 7.922215274816616359e-01 8.129532625479781727e-01 7.889999290864911918e-01 7.962764275934285374e-01 7.983251094857649610e-01 7.849026970393512270e-01 7.857970940548578698e-01 7.848002293523641537e-01 7.436141801439933863e-01 7.493642250731252785e-01 7.763312772978345766e-01 7.602655872078579735e-01 7.688341665226448018e-01 7.499126300759942909e-01 7.448706860291367526e-01 7.739035390802678771e-01 7.820881788068757556e-01 7.887749318846059010e-01 7.423173576186685718e-01 7.685318466723658481e-01 7.371382538709159160e-01 7.619478412922869870e-01 7.680400526295062535e-01 7.828100345488064882e-01 7.554484946802986212e-01 7.829070085409711721e-01 7.874753185502355590e-01 7.850953640594701133e-01 7.884692882555448534e-01 7.844611818684064097e-01 7.688594435604894084e-01 7.896382337906703297e-01 7.960870845519066874e-01 7.998002685906738796e-01 7.981178891598570413e-01 7.891890489309429935e-01 7.888077908953033957e-01 8.163488638526376073e-01 7.970442791074171529e-01 8.038595615588128851e-01 8.032906589485181437e-01 8.084302254217927697e-01 7.999004583087382381e-01 8.064379286470100272e-01 8.106897570304650857e-01 8.081183391408462979e-01 7.940239331928236055e-01 7.922683535110148778e-01 7.830519035163826524e-01 7.707190848490216295e-01 7.917141666411240397e-01 7.855898569947291632e-01 7.952283002666061806e-01 7.915154746448065382e-01 7.981010947461900651e-01 7.897973511701578131e-01 7.933212063933262614e-01
-1.065252525688365100e-02 8.092701810842073407e-02 2.997426856952102314e-01 6.032671269887163179e-01 4.492627516305299218e-01 4.740935002550250021e-01 7.422521811572900807e-01 1.000000000000000000e+00 6.455858650495043261e-01 5.822623985863329965e-01 6.800528713706046613e-01 7.786748975302462128e-01 6.805865203103909078e-01 6.903662181146882348e-01 7.919561589270859292e-01 8.051794509832105318e-01 6.451355203043723785e-01 3.842141110412650162e-01 4.805984656250851805e-01 5.763679932206599021e-01 4.820071717790769816e-01 5.523999124940456307e-01 4.675618750410908131e-01 4.739560853081553060e-01 4.734328417162435021e-01 6.397133402510797318e-01 6.421395356858876635e-01 6.403702930924004555e-01 5.519293910709489603e-01 5.415771635424205810e-01 6.497812111399779988e-01 6.654380943552222760e-01 6.397319021495062596e-01 6.917821657198685026e-01 6.181499160836033679e-01 6.898406850392810874e-01 6.572850195383955763e-01 7.635084042935854631e-01 7.440890739017333999e-01 7.142855767931933775e-01 7.351309855833215723e-01 7.384909891187267927e-01 7.614689740405593543e-01 7.679772069040071703e-01 7.427243093033956134e-01 7.443427638083571773e-01 7.581475349344798387e-01 7.540377982387233002e-01 7.749084748078483020e-01 7.670536393813844889e-01 7.795235437733286643e-01 7.748487546811700932e-01 7.723761402677812304e-01 7.409166202383777877e-01 7.296608032904647878e-01 7.179837852971594492e-01 7.809138620069102643e-01 7.645256989466626685e-01 7.677003947621360291e-01 7.717677053318013902e-01 7.858478695336961195e-01 7.732995535458432323e-01 7.756876982810106957e-01 7.857220940876883386e-01 7.609279044290671035e-01 7.677506982308429651e-01 7.508522770333235785e-01 7.011989892844973093e-01 7.058238004515711150e-01 7.476128525425249638e-01 7.119945664911956351e-01 7.179329004423170568e-01 6.919507743381366760e-01 6.849135987008190263e-01 7.290263588689921415e-01 7.333967625283983605e-01 7.330611209779940296e-01 6.929873267006919635e-01 7.197849276059520296e-01 6.993720197583884746e-01 7.159217644108590850e-01 7.259061288133297207e-01 7.433142026178440886e-01 7.157413686965270472e-01 7.454748562368272990e-01 7.455555293805028461e-01 7.352572037041522623e-01 7.551306690954173728e-01 7.483314287065864212e-01 7.335071139897832992e-01 7.398040529306293411e-01 7.537190386572526490e-01 7.554533552355006121e-01 7.571248298901872564e-01 7.612367840977390943e-01 7.577717068568869951e-01 7.776853728599075755e-01 7.790360836987478832e-01 7.724247913159003609e-01 7.705086898855610933e-01 7.687018121847778440e-01 7.731451463362317700e-01 7.725660558352112073e-01 7.741548341462965999e-01 7.759346962679624093e-01 7.702753802962517549e-01 7.715980131654411878e-01 7.526921272667098650e-01 7.400383733110834639e-01 7.655434956931794765e-01 7.550822964633118195e-01 7.667514483626625132e-01 7.670364779942515643e-01 7.746802752813305437e-01 7.645043376835383153e-01 7.689310558521202932e-01
1.972169614604011301e-01 1.512515480615366781e-01 3.675955775965795147e-01 4.369038192385747976e-01 3.938098971371403745e-01 5.234585593680036730e-01 6.958525079100102984e-01 6.455858650495043261e-01 1.000000000000000000e+00 7.145360464957010160e-01 7.932258942250274281e-01 7.768091181001890444e-01 6.996665242802614371e-01 7.572113123157716563e-01 8.153318805637351785e-01 7.941822753516938338e-01 7.858303239730966006e-01 6.750499364092330534e-01 7.346392560179015874e-01 5.892526973152774072e-01 6.449936816790087235e-01 7.606649238075404718e-01 7.146876738710153942e-01 7.124480082702510098e-01 7.428507944305882127e-01 8.360706866054261610e-01 8.176371901709482692e-01 8.102852906790275478e-01 7.874300048493705351e-01 8.002020733847128309e-01 8.417681457177174087e-01 8.270796905210501260e-01 7.765007319686988430e-01 8.290174927530978843e-01 7.955204960930891689e-01 8.143100907029324764e-01 8.447965897268417956e-01 8.265374765334848606e-01 8.435948571638119953e-01 7.923983560586874697e-01 8.543096917327722695e-01 8.398949403296072092e-01 8.190863926507001569e-01 8.507572138442001108e-01 8.407098312284732033e-01 8.476224161889289732e-01 8.402620354932036628e-01 8.533107544364642028e-01 8.291019428848531714e-01 8.087199246019827203e-01 8.284441294717191928e-01 8.113916710786880371e-01 8.286052511421618805e-01 8.590208799268196360e-01 8.568128230901469466e-01 8.536212798432423199e-01 8.410595575626447218e-01 8.541929641253972472e-01 8.340883244919318207e-01 8.554912618166715665e-01 8.425267280624023636e-01 8.522850477947330194e-01 8.425690084118370171e-01 8.331595105358755582e-01 8.663357312651770448e-01 8.527719214008051551e-01 8.597557705500423753e-01 8.574839310276457516e-01 8.531486302048360004e-01 8.328476046233177499e-01 8.539857118342746300e-01 8.687242123975603691e-01 8.510417135315956338e-01 8.555171493827881113e-01 8.706023339517986459e-01 8.644350250127673663e-01 8.565067928152243493e-01 8.562952196298918572e-01 8.622438702355904594e-01 8.574003254594372292e-01 8.624763768656846796e-01 8.605598226948076857e-01 8.622331490219874439e-01 8.569374195305632380e-01 8.438871191504646596e-01 8.522625447562418577e-01 8.628807381661744991e-01 8.474398511862774042e-01 8.540311961036672894e-01 8.571869571049356429e-01 8.474972100538965547e-01 8.505356667219139410e-01 8.549590116564450559e-01 8.572718021487751860e-01 8.452372420834814992e-01 8.502161520981776910e-01 8.250006232376753124e-01 8.393471102463530009e-01 8.442031908271915297e-01 8.405867249352668713e-01 8.422872770675871035e-01 8.448742421125505775e-01 8.427706791968073707e-01 8.488166014450247987e-01 8.546479295568064627e-01 8.499671227836841370e-01 8.437620014312059435e-01 8.564933295101835320e-01 8.593216780137233890e-01 8.493758605213975743e-01 8.466629001654655262e-01 8.514593817977393897e-01 8.471814755227244920e-01 8.474628680210162246e-01 8.604872470012669972e-01 8.548062450393896228e-01
5.760058606554790961e-02 1.966801223195406845e-01 2.894165094936061444e-01 3.426080141396755097e-01 3.723895981232722141e-01 4.888718211649043521e-01 6.051656493453408947e-01 5.822623985863329965e-01 7.145360464957010160e-01 1.000000000000000000e+00 7.007458124937967492e-01 6.972446516911459113e-01 6.569881951983379542e-01 7.070496105133332598e-01 7.401993211279551677e-01 7.322110309785705429e-01 6.507135276447389982e-01 5.613260149481568151e-01 5.979195245084565347e-01 4.909686592227328061e-01 4.886279505399291345e-01 5.934181674996474865e-01 6.114081756477854901e-01 5.812394680602424035e-01 6.030557490467851611e-01 7.267562493980701532e-01 6.910318654937557259e-01 7.026197160140152942e-01 6.921066765432090095e-01 7.087178304658204864e-01 7.648161158222179790e-01 7.525953725612639644e-01 7.101680112971315850e-01 7.282958849354407294e-01 7.220264372456602908e-01 7.063700958444517619e-01 7.479443242074130804e-01 7.647805880835812919e-01 7.740384081298731234e-01 7.137073842078642816e-01 7.723338486473020348e-01 7.708632632233088922e-01 7.443612298992863252e-01 7.660066086789415474e-01 7.697290978296503772e-01 7.720679587136144439e-01 7.903465594351829493e-01 7.965751653984255443e-01 7.609729535922484800e-01 7.371671806244232128e-01 7.540644972597041473e-01 7.042690333538171865e-01 7.507196850195445581e-01 7.826614425576599032e-01 7.656246344176348417e-01 7.731188627023510840e-01 7.506185786845931407e-01 7.848061166394328936e-01 7.768103564268492578e-01 7.881111372969100692e-01 7.712212843973597076e-01 7.846774314147553220e-01 7.749434033202952099e-01 7.670984644100298233e-01 7.660921165781802156e-01 7.769437644967002177e-01 7.917965767630139595e-01 7.786330180400268253e-01 7.862668489530003635e-01 7.598167252959073803e-01 7.564078133204614751e-01 7.783839429945547117e-01 7.650107408778699103e-01 7.640559743034347484e-01 7.970378663597845748e-01 7.861545589946560275e-01 7.881002281366240592e-01 7.861643646394590457e-01 7.885037532769361146e-01 7.892841004839000751e-01 7.870393335552248182e-01 7.966100903218269469e-01 7.847647183120762815e-01 7.858806651262149057e-01 7.807524891421060431e-01 7.803754547871049052e-01 7.874800627137052977e-01 7.942253219793592445e-01 7.930966918486836992e-01 7.862849364494852722e-01 7.882547588175550235e-01 7.927452264431276152e-01 7.873247859819366701e-01 7.906212965641872259e-01 7.912197521621354701e-01 7.946776327239067905e-01 7.570315447447517609e-01 7.658181340833549733e-01 7.840172849944430089e-01 7.826538907404193557e-01 7.811503627636746661e-01 7.834883159724777002e-01 7.774879943288497408e-01 7.838417694368566835e-01 7.785927023568006700e-01 7.743562917159589887e-01 7.817523956580978428e-01 7.940053324527843737e-01 7.966833383468943097e-01 7.910274444618453638e-01 7.946792356719596384e-01 7.896179565571352921e-01 7.897074037008560143e-01 7.868772841838737042e-01 7.852708392136505955e-01 7.862999335466084316e-01
8.960296068951835446e-02 1.325884598130662173e-01 3.733998049462927127e-01 5.179008274368117615e-01 4.024814786274266143e-01 5.368269252556071569e-01 7.259681201509976534e-01 6.800528713706046613e-01 7.932258942250274281e-01 7.007458124937967492e-01 1.000000000000000000e+00 8.331467460653499968e-01 7.326391439620117962e-01 7.919485310016811663e-01 8.527860326693397219e-01 8.311020284977748140e-01 7.509151913575068393e-01 6.627021695886794461e-01 7.210246101047250722e-01 6.243767727711475590e-01 6.671717999242229302e-01 7.589716379169487714e-01 7.131660411607606553e-01 7.206473103643170619e-01 7.377681718459752069e-01 8.288848126881408485e-01 8.250168441478529235e-01 8.262081965881945544e-01 7.801029643863086616e-01 7.850228368525791200e-01 8.484656048184944233e-01 8.517348749415993847e-01 8.138084785905209673e-01 8.544841902612595463e-01 8.125423163715428387e-01 8.379433799458807508e-01 8.572463071018259217e-01 8.688985219893955447e-01 8.712461491897147692e-01 8.403120814492843760e-01 8.797343389864794583e-01 8.696789315351787231e-01 8.620605341176584835e-01 8.845624208850410009e-01 8.776117688713640508e-01 8.808474079785589828e-01 8.709957939438541796e-01 8.756643906303497316e-01 8.591669670616932653e-01 8.523129851250278444e-01 8.650063860820310646e-01 8.375019120027195063e-01 8.657632496156183466e-01 8.679901093377438981e-01 8.649152756847149348e-01 8.731284253281561547e-01 8.562770992206693021e-01 8.790283020118849766e-01 8.678603495057447548e-01 8.730684776692335669e-01 8.725186850265198579e-01 8.700997846306081085e-01 8.697536806607347737e-01 8.589081131008066139e-01 8.667313158678674467e-01 8.645859311051374840e-01 8.808605748210431852e-01 8.762799963364784617e-01 8.774838912715676731e-01 8.679511928356168360e-01 8.804560068023595809e-01 8.870435039782887943e-01 8.725890954095496532e-01 8.781353334701760271e-01 8.857177813216852158e-01 8.882488582089587137e-01 8.860295267342284120e-01 8.693048026573323428e-01 8.805219141179809750e-01 8.690690289188987006e-01 8.822086012739216443e-01 8.786672162588019530e-01 8.838160142420070642e-01 8.768689034796094406e-01 8.797382696258699841e-01 8.832337281216140479e-01 8.884497705964866654e-01 8.808089029127739167e-01 8.838563767267241245e-01 8.806714696879699433e-01 8.842250825090427480e-01 8.830011726648759884e-01 8.878760188829818434e-01 8.879920356473187670e-01 8.750713815217606717e-01 8.789182667281307815e-01 8.720737695747053930e-01 8.645157585289924285e-01 8.779902876483807184e-01 8.786143738964282690e-01 8.820143334786706424e-01 8.770935020711116969e-01 8.774019850984313695e-01 8.831559882968547104e-01 8.805008723018697969e-01 8.708667021051338386e-01 8.725428284437539705e-01 8.799467165779265576e-01 8.789079218835676999e-01 8.769854415216397081e-01 8.766192591590649119e-01 8.768471020173266295e-01 8.751347516770093815e-01 8.745501399835112766e-01 8.772799281308688579e-01 8.764382017854566165e-01
1.431680245474218661e-02 8.484384494653704478e-02 3.716800352724689005e-01 6.592762579726197947e-01 4.762179021896347231e-01 5.787634142724961128e-01 8.134743771821110192e-01 7.786748975302462128e-01 7.768091181001890444e-01 6.972446516911459113e-01 8.331467460653499968e-01 1.000000000000000000e+00 7.907860746978513378e-01 8.338803806169504673e-01 9.112473319378038283e-01 9.030543526402098342e-01 7.483758243691565060e-01 5.528536345410050012e-01 6.302693805968124785e-01 6.528280923803203573e-01 6.277845619256274823e-01 6.941804828417331708e-01 6.195271495953265095e-01 6.422256635679651771e-01 6.386549073890207540e-01 7.998614987096852591e-01 7.964116371691727370e-01 7.982964048719298766e-01 7.143475007567551271e-01 7.163567229308606121e-01 8.159596990187309995e-01 8.342488992938935644e-01 7.955754241615309308e-01 8.534407097503665662e-01 7.855776646518157769e-01 8.352820716463473794e-01 8.284291008208874985e-01 9.072455857551545710e-01 8.870169395923013234e-01 8.607746612876604475e-01 8.927670395621063459e-01 8.878673162869384905e-01 9.011422155768281650e-01 9.207327354400478558e-01 8.970810361281411627e-01 8.972050757736778070e-01 9.076862806348403589e-01 9.023191221506323689e-01 9.108258370505133428e-01 9.056114727773596496e-01 9.126195218246800911e-01 9.029973523183526529e-01 9.207794578380489314e-01 8.829803844447752237e-01 8.729676681610966105e-01 8.685213457365920098e-01 9.079738884691080925e-01 9.099561502670492352e-01 9.076812725826485240e-01 9.137830268779388865e-01 9.238037480196242823e-01 9.095882422678073231e-01 9.124486347046738555e-01 9.184811486689721249e-01 8.931511993614464906e-01 9.056148042060634396e-01 9.028834303344305257e-01 8.654322096643679574e-01 8.728309438917480900e-01 8.957720519638218137e-01 8.760979047331003411e-01 8.793221949987900521e-01 8.642140212465810878e-01 8.562449755720900058e-01 8.859402198116765881e-01 8.926453310913760042e-01 8.960200750807575387e-01 8.548145816199590463e-01 8.788547970783093799e-01 8.592694560459336328e-01 8.788174042209523362e-01 8.843544023542754262e-01 8.935913594182186559e-01 8.780189641793572086e-01 9.015059309863777681e-01 9.044772558914233596e-01 8.952268564297093389e-01 9.060093537199407354e-01 9.012364183208017021e-01 8.823066545726915288e-01 8.967995936835378989e-01 9.088394100234913342e-01 9.126353052249451814e-01 9.100357459637653523e-01 9.111426465010626918e-01 9.096996508057062503e-01 9.254179883434232590e-01 9.173819642503164840e-01 9.202477159026868359e-01 9.187503521263340467e-01 9.199942860571966863e-01 9.187073814606412370e-01 9.238312219221536115e-01 9.240939697600281111e-01 9.208361253345274111e-01 9.110810665925723750e-01 9.170194256046362291e-01 9.030159855423297577e-01 8.917200235166605760e-01 9.124233855723402620e-01 9.051267154996964770e-01 9.158670195658550339e-01 9.127990524181868182e-01 9.178849057448641435e-01 9.059345044218624077e-01 9.144144262520707001e-01
6.932967357280759397e-04 9.278194386127056048e-02 3.005648672817570199e-01 4.920937473591630029e-01 4.538989441744841757e-01 5.180060712610486950e-01 7.007747215847630606e-01 6.805865203103909078e-01 6.996665242802614371e-01 6.569881951983379542e-01 7.326391439620117962e-01 7.907860746978513378e-01 1.000000000000000000e+00 7.534166965192113929e-01 8.144714980793028580e-01 8.086166606794563672e-01 6.779886122032844353e-01 5.332900488058044397e-01 5.851352804734436530e-01 5.570429412646389356e-01 5.359422890248225491e-01 6.160864853035863398e-01 5.871846124666449951e-01 5.816780374504025852e-01 5.919885135639243456e-01 7.343042965436606950e-01 7.168814013967568233e-01 7.220207747891973504e-01 6.706699273285700036e-01 6.765513863867235189e-01 7.573775684812571463e-01 7.696008068905608734e-01 7.287403207344061995e-01 7.677370892482439091e-01 7.277773817292710890e-01 7.582784430146933818e-01 7.564843798269987873e-01 8.135848720962981506e-01 8.098961027131479362e-01 7.693413177865882080e-01 8.084427394800353106e-01 8.095569499754600162e-01 8.098107009054085204e-01 8.253845845697168615e-01 8.085598390995155649e-01 8.108355099072934724e-01 8.276598797555125842e-01 8.263760675133486888e-01 8.175495066009578204e-01 8.046351232336296233e-01 8.138492008826285762e-01 7.923036559210572261e-01 8.231153150160162024e-01 8.103886022320455629e-01 7.924035832142756197e-01 7.946058402796222220e-01 8.130455332666091106e-01 8.261237972191202150e-01 8.191528472191916821e-01 8.322088116628759691e-01 8.365136514100606213e-01 8.246159107388606468e-01 8.234975705571300209e-01 8.273972811936681770e-01 8.106819916351032385e-01 8.208606143026259128e-01 8.267533328556418981e-01 8.011259587673240645e-01 8.085171347559638733e-01 8.112631795316204153e-01 7.943681867750488346e-01 8.063248289606985697e-01 7.945070597251370215e-01 7.830631079928562777e-01 8.174987602408556597e-01 8.178565082259161567e-01 8.190693268848733277e-01 7.905850600958550523e-01 8.091058155083168391e-01 7.983065064826883050e-01 8.057536752461795793e-01 8.149503391791498297e-01 8.193283595079222659e-01 8.056315846356499888e-01 8.199168367577346350e-01 8.227322437053828930e-01 8.170262229423750355e-01 8.288543963579255713e-01 8.270087308779928703e-01 8.131797981826912602e-01 8.197212482413378520e-01 8.291042667831965973e-01 8.283184833221425292e-01 8.288316990468265200e-01 8.327327704878219050e-01 8.318027575893586212e-01 8.284752961647213754e-01 8.256057438528621173e-01 8.363293154005716490e-01 8.324370907756826199e-01 8.344890520548368107e-01 8.343501350774635839e-01 8.342490747283669572e-01 8.363303383107685285e-01 8.339446633394900221e-01 8.255386991219688664e-01 8.316143388527085234e-01 8.276380132141445412e-01 8.204595990240426406e-01 8.328471476569239140e-01 8.291141938613918461e-01 8.362632719997140640e-01 8.307692600139791050e-01 8.357311563433603707e-01 8.277614014019430977e-01 8.316268673971239922e-01
