1.000000000000000000e+00 9.935889222922378305e-02 1.536459543919893034e-01 1.295488668131828669e-01 6.399249143338477108e-02 -4.813897515028545127e-03 6.214658708292880585e-02 7.610022476489841647e-02 2.361840255336333239e-01 6.580530595273692551e-02 4.537600330742403570e-02 5.107611586028254491e-02 5.015943448075707578e-02 3.614896161318464918e-02 2.666336016986499066e-02 6.160292964115032105e-02 1.117224370506748748e-01 1.095075586029507220e-01 9.271125035411284521e-02 1.317444040523003401e-01 1.044154123252650640e-01 9.755745805201813947e-02 4.812507571366672621e-02 9.154213494328658496e-02 9.704280343266882825e-02 1.341825369032939030e-01 8.331577051166086378e-02 2.704919912267621934e-02 1.090090767336770600e-01 1.219824031756336219e-01 9.160884092378687726e-02 6.436765492975919656e-02 -1.223843116661876840e-02 4.043367927978475107e-02 6.394181851288024965e-02 -1.703279821661390567e-02 3.780162395846332901e-02 1.429332202792030736e-02 -1.436609679601326406e-02 -5.487589407995529384e-02 1.529234650571868227e-02 -1.292763407399070801e-02 -1.614305270983782889e-02 1.357074497867782024e-02 4.320516880251450663e-03 -5.042640807083314386e-03 1.522812700909400956e-02 3.135865742271454204e-02 5.409054493057013913e-02 5.475517662405213898e-02 1.525079192345211651e-02 2.251338251980468733e-02 3.643168776527471592e-02 6.410212424868864944e-02 7.699047707595939316e-02 4.339219203521513940e-02 9.510929602705277264e-02 2.491250789575488039e-02 4.760435475689017010e-02 6.724105728614042377e-02 3.775324218245318386e-02 6.152052054826330496e-02 4.497032175481071453e-02 4.573783966694065783e-02 5.895678642610666792e-02 7.983280895024597035e-02 3.273945363592714597e-02 3.267268875166855213e-02 4.260597168497739368e-02 4.208578616737080474e-02 3.594890605680377271e-02 4.195475782486271510e-02 3.951007690351578117e-02 4.336129330854335273e-02 4.129487190902050159e-02 2.674852172609702358e-02 1.111894718606327818e-02 5.071334617657403954e-02 2.872161049737454244e-02 4.658026575360042082e-02 3.365680738902494112e-02 3.618095189955273377e-02 6.375070402656207030e-03 3.630284473248218680e-02 1.461427237380505569e-02 2.689513640621108218e-02 8.375459669149638723e-04 7.665619710524571723e-03 6.167277695618421027e-03 3.965218809471703770e-02 -1.502301067448307166e-02 3.761510786422730349e-03 1.012571040072729814e-02 2.230023868106251195e-03 8.476945883124323289e-03 1.604728687947225632e-02 2.404800759475497068e-02 6.398882150935625290e-02 1.911040284701177178e-02 1.176217967439654143e-02 1.024181435016765758e-03 2.907161087694316859e-02 1.879869071571312056e-02 1.407775112568651274e-02 1.777146779708266636e-02 6.051553704098816544e-02 3.727248088134780396e-02 1.539909099993958148e-02 3.207945840599051024e-02 1.738762647719943599e-02 1.495843292804469732e-02 2.879375491845452550e-02 2.811395619060440276e-02 3.162371184158249693e-02 3.017660841365111049e-02 4.459448461976343869e-02
9.935889222922378305e-02 1.000000000000000000e+00 9.607380814504792865e-02 9.795125467340093373e-02 9.683954137082946556e-02 9.240502612687727380e-02 1.667611055558360644e-01 1.397737512172046170e-01 2.011900838208438291e-01 2.022109913684136118e-01 1.680215017277379985e-01 1.550512252930557888e-01 1.470067934126789433e-01 1.193261613912509900e-01 1.617108002200814687e-01 1.510486493466662861e-01 1.413898008267834294e-01 1.147603159614498242e-01 1.179183686939339892e-01 1.480727222534034271e-01 9.550050293629386289e-02 1.140558275237715524e-01 1.881504701764294130e-01 1.246819671901973903e-01 1.242736509597007905e-01 1.778321421432813854e-01 1.643651530328120725e-01 1.703349992976289917e-01 2.017522810761523955e-01 1.994757746486297278e-01 1.911234308921104796e-01 1.896369327090177692e-01 1.482069364043081261e-01 1.629351690504486916e-01 1.849159395095971992e-01 1.555795300187887142e-01 1.856859317543073096e-01 1.635317097682532361e-01 1.567599738006065502e-01 1.364167903898430845e-01 1.643073691212981746e-01 1.467167010349249290e-01 1.368638273850452947e-01 1.548104857304941073e-01 1.556145326295537701e-01 1.562635687492771597e-01 1.538555361978047875e-01 1.705507462625754922e-01 1.451764227683235431e-01 1.172689828875075058e-01 1.407046320192583411e-01 7.762091864894123117e-02 1.240587709325828708e-01 1.702220197300146065e-01 1.661928017068057539e-01 1.753372326815905158e-01 1.434995990795708831e-01 1.556894643971078740e-01 1.516515469518052439e-01 1.713168389968891536e-01 1.540523213939580804e-01 1.709364164364551020e-01 1.515019312690195075e-01 1.444345230355860710e-01 1.485053275572241760e-01 1.664171778360366560e-01 1.665103823090202384e-01 1.554100614378729206e-01 1.826701122393346866e-01 1.711506172481228050e-01 1.421589838250916227e-01 1.534921030160485700e-01 1.637319440749972210e-01 1.518803340702128413e-01 1.665652639560746273e-01 1.623318774619888771e-01 1.601006678916146730e-01 1.777375477553028993e-01 1.714842248049889273e-01 1.749297798299400963e-01 1.715087402916689596e-01 1.688539021393314354e-01 1.579449488872887997e-01 1.768318040401500035e-01 1.550826592510626545e-01 1.692293261837322926e-01 1.629351297523951858e-01 1.597805944723733884e-01 1.601634096981298383e-01 1.802158499956288129e-01 1.555831501658835325e-01 1.579078236565687743e-01 1.532367700239280484e-01 1.583020636062885955e-01 1.550678772206094680e-01 1.634913736866756007e-01 1.219693386083004899e-01 1.317775742471633538e-01 1.475339166655233181e-01 1.506442028653001142e-01 1.503493417501939045e-01 1.457159315843896963e-01 1.406783839999345698e-01 1.496192171863205966e-01 1.368481212369878908e-01 1.557026990444014269e-01 1.540833552782608640e-01 1.660355957097876256e-01 1.655336044457085543e-01 1.570431951274135207e-01 1.514529298712166405e-01 1.622986625878360956e-01 1.581670599906825347e-01 1.497581166321948209e-01 1.456901932841307701e-01 1.607540653495359018e-01
1.536459543919893034e-01 9.607380814504792865e-02 1.000000000000000000e+00 3.874439371004632093e-01 2.410395928255267273e-01 2.666661485651858343e-01 3.850736680705417192e-01 3.404315497969111481e-01 3.858065335777032256e-01 3.127571379513475747e-01 3.762727582233428847e-01 4.001504828403009140e-01 3.451132610979988913e-01 2.994646213817827585e-01 3.781594045483626654e-01 3.884525090310641526e-01 3.740989779489127809e-01 3.832530080348253154e-01 3.954149231501526973e-01 3.081155778111767662e-01 3.253664872629290494e-01 4.070623269079230444e-01 3.810541049298735161e-01 3.739094513075540416e-01 3.921421217971668982e-01 4.112551059698316691e-01 4.096845659509965598e-01 3.785085168281092649e-01 3.977650807832920909e-01 4.071740429710161147e-01 4.126390208258359782e-01 3.920970185494159210e-01 3.371966698208150315e-01 3.736381995282863078e-01 3.736629086316956561e-01 3.451771574207992410e-01 3.901623023230323395e-01 3.758280613112518487e-01 3.758367927289921195e-01 3.623285731906726315e-01 3.767702961537950923e-01 3.713455690554740563e-01 3.806478038985429690e-01 3.907042077014967196e-01 3.837693428413165853e-01 3.792713184968913853e-01 3.693619970673037156e-01 3.744283117612821066e-01 3.812239770541200889e-01 3.734414338312785908e-01 3.857963605939899732e-01 3.760107331250776563e-01 3.821321350741047618e-01 3.800438298070588639e-01 3.965053889686605548e-01 4.091694685003129939e-01 3.948416257200319524e-01 3.772544245211179037e-01 3.905638827301831650e-01 3.853020358093080522e-01 3.884455197039838326e-01 3.878896953094482791e-01 3.920544933537682963e-01 3.848633793340747733e-01 3.917962179769622355e-01 3.910011768865404580e-01 3.827317662238041152e-01 3.965332695780963146e-01 4.006861325120826267e-01 3.937612097705398551e-01 4.002873921111774203e-01 3.942624340382683279e-01 4.018876896754567940e-01 4.062312299518395786e-01 3.937721563415316761e-01 3.897491613376570241e-01 3.819338010239727854e-01 3.961071066702817056e-01 3.893120535501210511e-01 3.978912749148912908e-01 4.001757447357159325e-01 3.901597728030593015e-01 3.829258162797938847e-01 3.931890593462345485e-01 3.855583639655756900e-01 3.930431986750480555e-01 3.855246661309216227e-01 3.859829343248374900e-01 3.835919947939401276e-01 3.982075108834658983e-01 3.776946231664478626e-01 3.820855646699966024e-01 3.901289138620564478e-01 3.826599383309594038e-01 3.717187480687685341e-01 3.736427413294501343e-01 3.921905012111253086e-01 3.937565297497969685e-01 3.814069773680586750e-01 3.856482043827509365e-01 3.877839621555181360e-01 3.857161947625650233e-01 3.793064132436111402e-01 3.816332437229822960e-01 3.888345692808808929e-01 3.919503375409685297e-01 3.814568475106121515e-01 3.742220284927814666e-01 3.851172459799934167e-01 3.756898838048541300e-01 3.805585035890075574e-01 3.803348489419504097e-01 3.834822542335826756e-01 3.868459991971882062e-01 3.790519093376517601e-01 3.843808760914084743e-01
1.295488668131828669e-01 9.795125467340093373e-02 3.874439371004632093e-01 1.000000000000000000e+00 3.527793370980910059e-01 3.618967360753486129e-01 5.773846521397402176e-01 5.675637662838702857e-01 5.541138379758735466e-01 4.344241491294563717e-01 5.586369952612649792e-01 6.286596754540976217e-01 5.399346886418642244e-01 4.409662200873263327e-01 5.791059961364318776e-01 6.051907313109191611e-01 5.297346536551813534e-01 5.000480743415796070e-01 5.481025028145547484e-01 4.834630536676095547e-01 5.692925921616729390e-01 6.171077268182494358e-01 5.203852083063723599e-01 4.941013553303954531e-01 5.272923418984569732e-01 5.749614267587969119e-01 5.787644312470527908e-01 5.650996450665823900e-01 5.563750431389491435e-01 5.506549742843614981e-01 5.781993151410362852e-01 5.668942849733584755e-01 5.404131081192601327e-01 5.514180775666699397e-01 5.616878637631935733e-01 5.444030989903964057e-01 5.818549356767692693e-01 5.793737763110909933e-01 5.847264379925861677e-01 5.780418450569263511e-01 5.606307048683345506e-01 5.736782406835643222e-01 5.987657980370194588e-01 5.968052601880845520e-01 5.784471300403949412e-01 5.868180234607971446e-01 5.494272736144251157e-01 5.433147005030419807e-01 5.761637106424702948e-01 5.964317822622992038e-01 6.017331213851714322e-01 6.036195092239735605e-01 5.877857372713467532e-01 5.430774938117731709e-01 5.720761364093610579e-01 5.941549904697928097e-01 5.907349574397663394e-01 5.652841702543365265e-01 5.802296423512468548e-01 5.674666187752285262e-01 5.905227470655216582e-01 5.722039021795440883e-01 6.016012037837459303e-01 5.878754249706695800e-01 5.784530918423762547e-01 5.782283248296384848e-01 5.518302210186789569e-01 5.581201496998913214e-01 5.607737619415227304e-01 5.936177543763363484e-01 5.982068129282758218e-01 5.738201128263282769e-01 5.571735369063864907e-01 5.654259806388237664e-01 5.707152616133459588e-01 5.674013330258822485e-01 5.686788593782479140e-01 5.648066537772747919e-01 5.619368155213365634e-01 5.637834054225769886e-01 5.733210672670961960e-01 5.694225928769820477e-01 5.715435405216543474e-01 5.660412226088479271e-01 5.774212916348198110e-01 5.716412562881372228e-01 5.675486378434188017e-01 5.725577452084177343e-01 5.692528533279345160e-01 5.783563018902707631e-01 5.665548234070891809e-01 5.673900929283240968e-01 5.745483564713689262e-01 5.705766617138899877e-01 5.527945445973886374e-01 5.507008022596241448e-01 6.059038425355104396e-01 5.987294050046292337e-01 5.724284727541795181e-01 5.771606738905142864e-01 5.866731358393525442e-01 5.873572799472130956e-01 5.743280185528963910e-01 5.808707123101899406e-01 5.943578452280448010e-01 5.820343667239518126e-01 5.616125143024295330e-01 5.466234295244785102e-01 5.623575220194855229e-01 5.570230835005816061e-01 5.696169861334308138e-01 5.611533001911700458e-01 5.683171439027524530e-01 5.801735020168017343e-01 5.687814408009181921e-01 5.683147478957524257e-01
6.399249143338477108e-02 9.683954137082946556e-02 2.410395928255267273e-01 3.527793370980910059e-01 1.000000000000000000e+00 2.668456128106732606e-01 4.377487677182735903e-01 4.554850685395101517e-01 4.519968055034980781e-01 3.723072091809684903e-01 4.111184288752255944e-01 4.740894754941892275e-01 4.548260022857115725e-01 3.394174785393084814e-01 4.646381409007006025e-01 4.664091641333673044e-01 4.079207002919291725e-01 3.592764712595960530e-01 4.086385814071127887e-01 3.502524328047947333e-01 3.708139819010174421e-01 4.481695264434218395e-01 3.991657832517042093e-01 3.742397080487515626e-01 4.173100202889886146e-01 4.482919754346116892e-01 4.464372430451086782e-01 4.353348304615292097e-01 4.506039365179071443e-01 4.609582218082548533e-01 4.700107980785555029e-01 4.191846687089263446e-01 3.746324042655891917e-01 3.870136364419327069e-01 4.252240713417395623e-01 3.660892564553619444e-01 4.306070068617045554e-01 4.421108093347962953e-01 4.295520086632979573e-01 3.980799100956883274e-01 4.526728570164754717e-01 4.468829531178067915e-01 4.555090290078082083e-01 4.705028913209791108e-01 4.465609737665219847e-01 4.470193327510684211e-01 4.591828739057758346e-01 4.541664239342764753e-01 4.524928668274220689e-01 4.209940583133560121e-01 4.551424885671283005e-01 4.324378669239604123e-01 4.668365900389127021e-01 4.599054231963473627e-01 4.589581619787057587e-01 4.566002112391551182e-01 4.443530570934667856e-01 4.585977327233516365e-01 4.586431640656452036e-01 4.723490534696103138e-01 4.726079504911335771e-01 4.636493309469038038e-01 4.642431654387518813e-01 4.562571604402683723e-01 4.584173656172727540e-01 4.581139668278603194e-01 4.556035840947975646e-01 4.586668853685419989e-01 4.543848899176273770e-01 4.723811186007716989e-01 4.743115054920714058e-01 4.685905463951178240e-01 4.502254285771693509e-01 4.662471191130623804e-01 4.657549784026250306e-01 4.639270769556416707e-01 4.619286979175761809e-01 4.650568500648251113e-01 4.649455833233789304e-01 4.641988162054874190e-01 4.652799618943072590e-01 4.681497445357920006e-01 4.373491065902955777e-01 4.538413963718716526e-01 4.487624909284197439e-01 4.482871644124921673e-01 4.476116670988953272e-01 4.574182189112351860e-01 4.541065657733808214e-01 4.653595237575223198e-01 4.429058083571260074e-01 4.628563199234240755e-01 4.631284352214176114e-01 4.586912512062928937e-01 4.585588493918378306e-01 4.581620596629700226e-01 4.590826794892159390e-01 4.596208242777692354e-01 4.693807982513341082e-01 4.602892583748312560e-01 4.668814896502650469e-01 4.668309668668473300e-01 4.662233380143012140e-01 4.704805210536330273e-01 4.590529658781032363e-01 4.618908596415470247e-01 4.570351143361070512e-01 4.582838112337850878e-01 4.642315688247722338e-01 4.636289108885262022e-01 4.631076389220400435e-01 4.689060878960205070e-01 4.643245076332293553e-01 4.638825191239443479e-01 4.600098761394806335e-01 4.668658791842061340e-01
-4.813897515028545127e-03 9.240502612687727380e-02 2.666661485651858343e-01 3.618967360753486129e-01 2.668456128106732606e-01 1.000000000000000000e+00 5.150171794588949137e-01 4.457571410869065054e-01 4.928824793838750828e-01 4.602180268765704851e-01 5.159252997753294157e-01 5.497968570423782397e-01 4.748252253593710503e-01 4.149621228973920939e-01 5.595657704477811079e-01 5.399819971957694476e-01 5.057549549068560690e-01 4.537996924989671776e-01 5.021474406810599866e-01 3.274633960418558698e-01 3.798773094952619389e-01 5.327753365317033918e-01 5.192650280520003658e-01 4.502662759514431401e-01 4.970255262259773432e-01 5.215777340315524979e-01 5.472565840231498058e-01 5.653102073633816671e-01 5.376125073331027293e-01 5.126479813953614961e-01 5.392085222991840343e-01 5.467618027974742168e-01 5.302772307332557222e-01 5.257840726955081978e-01 5.182767734431971141e-01 5.352027133344430254e-01 5.648273701124955082e-01 5.680450322110726091e-01 5.810776544301430313e-01 5.555275490506739189e-01 5.734796766063882112e-01 5.767883746084855323e-01 5.634054528713021703e-01 5.839908719540779503e-01 5.805865305767562434e-01 5.729012909746445947e-01 5.752067351642141668e-01 5.719533103155199916e-01 5.475252038283300315e-01 5.244198910194971530e-01 5.675535319453125505e-01 5.231475432046320817e-01 5.503952941213394734e-01 5.451879040720075675e-01 5.386559124186578451e-01 5.715812120585985756e-01 5.162969999072468674e-01 5.691897342241115654e-01 5.529148262595057206e-01 5.615409060722001966e-01 5.604208803153104546e-01 5.481917683132990771e-01 5.541869895755703324e-01 5.556251792467524764e-01 5.683822551894586184e-01 5.475389526425243902e-01 5.761234731550861632e-01 5.800262105801008428e-01 5.778715841694823663e-01 5.576262665472156987e-01 5.785498717766810461e-01 5.839058225165456584e-01 5.696172721862968746e-01 5.777553598546911751e-01 5.787406929533657207e-01 5.834659182043497871e-01 5.837580902316212850e-01 5.752451094601297443e-01 5.770788369334652890e-01 5.665530152360516158e-01 5.779210250079275246e-01 5.680693114982475755e-01 5.855429242156995340e-01 5.675943215312901913e-01 5.758230538713798863e-01 5.776308757270318672e-01 5.867252576091704919e-01 5.815324186129675610e-01 5.844951577604365900e-01 5.740920442867100126e-01 5.894300787771251660e-01 5.847059552197700905e-01 5.868427536480077533e-01 5.839524928621915301e-01 5.755883766073306429e-01 5.750209632602139020e-01 5.579556930609507193e-01 5.494432276018101913e-01 5.688805478136332860e-01 5.762130222267425328e-01 5.796820023765925090e-01 5.649714290109514314e-01 5.648046972662741361e-01 5.767609581706083510e-01 5.799450439308320160e-01 5.463006903442304552e-01 5.649243926587576015e-01 5.731471026370326127e-01 5.708300144370739293e-01 5.723833292047840748e-01 5.705233952146891996e-01 5.730433660039346844e-01 5.668190495279564756e-01 5.740707547721669579e-01 5.784535145766371844e-01 5.640798599490155496e-01
6.214658708292880585e-02 1.667611055558360644e-01 3.850736680705417192e-01 5.773846521397402176e-01 4.377487677182735903e-01 5.150171794588949137e-01 1.000000000000000000e+00 7.161544380628930284e-01 7.201533540403501910e-01 6.766932639289503504e-01 7.481586561879310926e-01 7.996654779788904266e-01 7.121286063701408597e-01 6.066535761840897711e-01 8.425482880373716954e-01 7.949323845367805008e-01 6.905465259345836548e-01 6.249924283594723295e-01 7.027346375670989742e-01 5.484311702096581476e-01 5.886751360374159470e-01 7.519308643320898877e-01 7.069212968252344131e-01 6.146434179649252760e-01 6.747291240156297887e-01 7.662617518937218097e-01 7.775180859648163079e-01 8.091572065319831975e-01 7.651505066821944201e-01 7.651761171130010419e-01 7.990520459961768518e-01 7.549322561491546013e-01 7.126224557505839163e-01 7.017167477895813743e-01 7.202264157543903922e-01 6.911867181322627340e-01 7.766321054620519693e-01 7.983399220123205131e-01 7.926942909076045707e-01 7.647523289524513768e-01 8.054465696475558989e-01 8.185228935655858296e-01 8.004611862267680955e-01 8.302782453361059467e-01 8.010201248671192653e-01 8.168133481673357510e-01 7.944941336874475901e-01 7.979152647206003701e-01 7.837940746212050946e-01 7.386213797915521795e-01 7.976281680645233019e-01 7.521208480133756424e-01 7.931838599354144037e-01 7.835514759598410928e-01 7.843368676233030135e-01 8.169359369887371214e-01 7.596325945006821012e-01 8.019125850689982071e-01 7.980490009321972167e-01 7.996053025887887022e-01 8.015349840249077484e-01 7.930855400743336281e-01 8.024487907674531240e-01 7.874457007957589294e-01 7.877467581277237674e-01 7.858010396285405319e-01 8.020800909316102567e-01 8.006996392244456473e-01 8.029027666668341334e-01 7.978436615459548742e-01 8.093900640670943503e-01 8.109226228092889510e-01 7.884055200761324045e-01 7.895348469761159782e-01 8.153028277198930418e-01 8.148088744650245907e-01 8.247186401040490500e-01 8.081820016984283539e-01 8.155361655043812386e-01 8.012514021489062221e-01 8.107601470951381062e-01 8.101587308079529759e-01 7.998179474783546627e-01 7.985229155154176528e-01 8.007517857976664821e-01 7.903637598495208971e-01 8.019926420163665526e-01 8.165217061930978293e-01 8.097485038276975855e-01 8.155572367492351926e-01 8.159645791964031947e-01 8.185410712323614169e-01 8.159308355937827661e-01 8.230179273714186561e-01 8.008491024637117706e-01 8.030229569955488200e-01 8.001057906659060359e-01 7.841315450642506457e-01 8.059002884167104641e-01 8.086978166817762048e-01 8.148531272357647515e-01 8.047685820012149271e-01 7.990656141585437133e-01 8.154633748037906082e-01 8.044748444937228626e-01 7.880115099681720414e-01 7.969002737261244862e-01 8.026029963436567272e-01 8.062653902661977012e-01 8.051484686560209658e-01 8.082034632735095592e-01 8.033423134743427063e-01 8.037571256402658015e-01 8.036627759277450433e-01 7.994795474554157177e-01 7.975882521049415530e-01
7.610022476489841647e-02 1.397737512172046170e-01 3.404315497969111481e-01 5.675637662838702857e-01 4.554850685395101517e-01 4.457571410869065054e-01 7.161544380628930284e-01 1.000000000000000000e+00 7.006022679655191654e-01 6.344769548201805165e-01 7.072208907452726123e-01 7.776206637134966959e-01 7.161809182390888040e-01 5.647778686099323986e-01 7.678822112954241108e-01 7.952546934438140536e-01 6.520618148543099180e-01 5.805337444044318396e-01 6.505230485638054949e-01 5.600286901332788281e-01 5.754934653329707439e-01 7.002414025148038235e-01 6.315056434028750720e-01 5.599506666480564832e-01 6.146523505087558847e-01 7.238511740444850684e-01 7.188644185101960016e-01 7.252365599665189233e-01 7.159401662189126547e-01 7.264013476375623668e-01 7.574066186174235327e-01 7.184107286890837329e-01 6.666419581223829161e-01 6.711929668209979383e-01 6.944050314260786783e-01 6.507017147770918220e-01 7.246618237769500981e-01 7.587423094530774126e-01 7.444440406234205110e-01 6.947590707997708392e-01 7.600871979290952929e-01 7.508676806533073345e-01 7.560845493608066015e-01 7.818889502430188543e-01 7.453920716457644868e-01 7.618242498172580479e-01 7.677034819559200862e-01 7.605142220121547947e-01 7.739649405012235528e-01 7.388030279905268838e-01 7.719775114531559623e-01 7.220684022413571546e-01 7.675783655127594862e-01 7.599362721949204369e-01 7.680379368771357296e-01 7.600528139368037950e-01 7.640176459840215539e-01 7.710554428421245721e-01 7.782357833626593058e-01 7.685275344004013354e-01 7.827004251178181216e-01 7.741107771837305584e-01 7.834651937399129684e-01 7.783739952471840917e-01 7.608477118930829786e-01 7.646733254096740318e-01 7.631016538845826203e-01 7.524866416409122793e-01 7.571147867975831502e-01 7.654698206673916649e-01 7.700719145972999558e-01 7.701333180260258038e-01 7.373807528619322760e-01 7.410513709591070031e-01 7.741202359467196370e-01 7.645469660034213133e-01 7.718172271280110408e-01 7.716646789588312849e-01 7.641715285521630818e-01 7.640465981198940604e-01 7.705878210452669075e-01 7.734108121286210613e-01 7.587585984453354415e-01 7.650402095597856889e-01 7.693012369869712819e-01 7.551138856142607381e-01 7.541957670612534637e-01 7.750462619320027668e-01 7.686074470626519384e-01 7.734466916230877676e-01 7.596255101858969683e-01 7.731389070994384438e-01 7.684796010746780537e-01 7.733020864963694452e-01 7.675586446955920961e-01 7.695101179898943267e-01 7.862644820492917797e-01 7.777060420618608916e-01 7.821165231733077094e-01 7.760224351637446949e-01 7.813682681790147244e-01 7.850199150908527823e-01 7.727542862573369975e-01 7.844908566044124232e-01 7.744014504638914165e-01 7.803230003736959519e-01 7.747031097298892055e-01 7.658634090818704498e-01 7.747947580330423190e-01 7.744757405753831536e-01 7.786034894285289720e-01 7.713712963672696432e-01 7.789604047990508207e-01 7.804749678811128133e-01 7.655864731682298086e-01 7.716174539196343218e-01
2.361840255336333239e-01 2.011900838208438291e-01 3.858065335777032256e-01 5.541138379758735466e-01 4.519968055034980781e-01 4.928824793838750828e-01 7.201533540403501910e-01 7.006022679655191654e-01 1.000000000000000000e+00 7.221449013735350420e-01 7.729878539954799788e-01 8.086973979402782842e-01 7.354567636712957546e-01 6.255526614594925094e-01 8.022795050860784816e-01 8.096758043895573298e-01 7.597151920232561029e-01 6.593635011388874201e-01 7.196919605271586695e-01 6.035771957212884287e-01 6.179614195497884488e-01 7.536252130522015369e-01 6.978588501784570575e-01 6.352161175624179146e-01 6.794937927878582640e-01 8.145483180626722497e-01 7.966651753685646264e-01 7.791518265696040224e-01 7.947224517087787543e-01 8.250880645069461616e-01 8.407012127215862662e-01 8.021182389400557389e-01 6.918897287981333744e-01 7.404583209434594249e-01 7.724328019976289816e-01 6.767050376068611817e-01 7.858778519954388031e-01 8.090299473770256045e-01 7.810159884638391281e-01 6.983755076029732889e-01 8.198790053350106799e-01 7.866004794174753512e-01 7.703498657688330198e-01 8.250868573611416235e-01 7.972511238853293714e-01 7.932488920744269478e-01 8.390854862430361383e-01 8.447137401014304103e-01 8.488245227266194570e-01 7.849585892549724164e-01 8.178068220572790592e-01 7.523092170257150713e-01 8.304701137818878420e-01 8.527690957248179604e-01 8.475894689764537082e-01 8.248807151779882219e-01 8.431955160031184837e-01 8.366798713209080418e-01 8.416248545493334454e-01 8.678483716416970362e-01 8.481038959451112635e-01 8.546428766612704786e-01 8.428672922881196294e-01 8.446292156036590004e-01 8.473692616757733109e-01 8.579796723617780785e-01 8.454796399529285189e-01 8.311487476676430175e-01 8.379405785874329826e-01 8.366649052663357455e-01 8.382307061412401783e-01 8.459541049780998634e-01 8.182094964249755353e-01 8.176436613549348253e-01 8.484106030958722400e-01 8.414612312388762838e-01 8.296581605765962486e-01 8.442009124421239186e-01 8.313922310322517939e-01 8.452479200493340228e-01 8.423885455820792068e-01 8.460764929064269468e-01 8.164353869285064791e-01 8.361143064999613239e-01 8.257890013319332256e-01 8.279438940155037230e-01 8.157788545700013216e-01 8.306700884954529851e-01 8.307017084942244223e-01 8.406863239512023522e-01 8.088305420784711597e-01 8.313164284020896355e-01 8.302373121511191778e-01 8.271540909381752682e-01 8.377809842116547001e-01 8.409605436180286331e-01 8.221639069728080562e-01 8.457854205242228973e-01 8.384633165405570576e-01 8.338340733702057639e-01 8.266406289228055426e-01 8.433526806771350914e-01 8.360402980125382078e-01 8.399397871285410044e-01 8.326744555917994228e-01 8.505400557702086362e-01 8.504487886820873976e-01 8.385821707212161025e-01 8.453161461327408643e-01 8.423224194932658060e-01 8.390269361076041488e-01 8.526544537514918476e-01 8.463792031477139766e-01 8.485648384819611811e-01 8.444722860718637536e-01 8.522973303706922188e-01
6.580530595273692551e-02 2.022109913684136118e-01 3.127571379513475747e-01 4.344241491294563717e-01 3.723072091809684903e-01 4.602180268765704851e-01 6.766932639289503504e-01 6.344769548201805165e-01 7.221449013735350420e-01 1.000000000000000000e+00 7.346814121543513432e-01 7.533210940680745704e-01 6.827550770085677456e-01 5.953855313830961338e-01 7.739700396239692637e-01 7.627777081286328809e-01 6.831529872297745776e-01 5.851759900595248087e-01 6.493644178490828311e-01 5.094544795796824843e-01 4.998165215204770639e-01 6.747238834099092974e-01 6.907771634757772228e-01 5.805702594962546259e-01 6.311801510168792984e-01 7.446336958104207149e-01 7.479041858432350365e-01 7.642235845107731018e-01 7.515373126848722274e-01 7.799123635807985178e-01 7.923353602469191959e-01 7.708797103044721100e-01 7.054186686687285990e-01 7.225219220167207190e-01 7.476518700498437919e-01 6.740932808271116183e-01 7.565586549177881759e-01 7.916315644700190335e-01 7.664937879285874667e-01 7.087951900143760753e-01 7.986240967338267271e-01 7.833446292783973197e-01 7.547642772184675053e-01 7.928428888625835835e-01 7.733788421936627078e-01 7.834927987942974514e-01 8.063256064290861280e-01 8.175218667168281383e-01 7.931847442016486394e-01 7.272346735863968181e-01 7.831020804991661866e-01 6.859010597684339627e-01 7.688957259373472297e-01 8.052329845037934364e-01 7.916324659266273933e-01 7.988432380514135511e-01 7.570229687717705547e-01 7.997639409164777335e-01 7.971159991057255034e-01 8.019969527693646683e-01 7.927696928563268131e-01 7.969020394620487391e-01 7.900751501219752670e-01 7.819129838404569321e-01 7.791647732324267217e-01 7.885963077724470471e-01 8.147563090187242008e-01 7.992608988854348340e-01 8.098847518622578345e-01 7.858250330792130312e-01 7.861024139243409925e-01 8.046128963548224711e-01 7.851760230878674918e-01 7.778216281937527787e-01 8.108024670699495173e-01 8.098840250783334582e-01 8.122645222935078735e-01 8.118621065363033074e-01 8.114262307496455939e-01 8.119929088623348834e-01 8.099285675885654623e-01 8.119473651873018172e-01 7.989588797679811893e-01 8.148819287267764500e-01 8.030364168439729777e-01 8.008506423293466625e-01 7.992685999532449515e-01 8.134610153407336730e-01 8.072224851709076665e-01 8.120549640473202491e-01 8.006656022927223226e-01 8.114864775371778416e-01 8.047232298944597684e-01 8.074775565301054447e-01 8.099096314356134529e-01 8.152553333681538117e-01 7.795241660190110888e-01 7.755821128322508695e-01 7.983652566832384334e-01 8.053271166549145210e-01 7.957701792899340987e-01 7.990905963221975883e-01 7.939205999246626844e-01 8.044089802695968405e-01 7.913645456644811116e-01 7.889455912271197136e-01 8.077640420147556011e-01 8.153805368263603581e-01 8.140063074964909440e-01 8.094229636129719463e-01 8.071527999193507386e-01 8.085506347593767185e-01 8.066026838721256365e-01 8.027457940052942220e-01 7.989241569288459965e-01 8.033201540283376740e-01
4.537600330742403570e-02 1.680215017277379985e-01 3.762727582233428847e-01 5.586369952612649792e-01 4.111184288752255944e-01 5.159252997753294157e-01 7.481586561879310926e-01 7.072208907452726123e-01 7.729878539954799788e-01 7.346814121543513432e-01 1.000000000000000000e+00 8.576450942249135290e-01 7.472187061269491837e-01 6.499626151139531460e-01 8.484076089364956941e-01 8.343896707657577627e-01 7.525419750561025412e-01 6.625408696756420746e-01 7.355214710553843460e-01 5.599921746802676292e-01 6.029883271568862169e-01 7.720880094753866940e-01 7.551949671551234644e-01 6.565139014023148034e-01 7.077728265473606228e-01 8.164381888422496125e-01 8.229236800493927584e-01 8.309019376689291692e-01 8.132899339085489787e-01 8.360999350377662509e-01 8.574237431929422337e-01 8.341467861406755002e-01 7.641702292051559819e-01 7.934958129514140257e-01 8.017659473843479212e-01 7.684384834876890613e-01 8.415137502637473066e-01 8.680649832086861917e-01 8.569274122869874333e-01 7.995715190618981616e-01 8.719462543403793120e-01 8.551495529007416829e-01 8.400003129273910796e-01 8.792629250978799549e-01 8.623809834648171746e-01 8.610252715575331672e-01 8.806547560235009620e-01 8.836049082718797631e-01 8.671676749943990625e-01 8.134910617714522507e-01 8.673328871059607925e-01 7.924643766801372502e-01 8.604132532338775174e-01 8.672676810638715317e-01 8.590214080080085246e-01 8.726384418106755136e-01 8.390956035438307259e-01 8.789418418347527684e-01 8.736854518111172307e-01 8.761368579356730857e-01 8.772725482311329870e-01 8.736527935323490368e-01 8.730476798511727088e-01 8.706301324229740457e-01 8.651561449444784557e-01 8.633038176488420090e-01 8.853675935042309986e-01 8.778508216376248452e-01 8.826108396571576975e-01 8.680804974598864687e-01 8.815729482643026582e-01 8.861559641798892883e-01 8.647746307333137317e-01 8.624713863371514799e-01 8.883621285701234216e-01 8.866620513906769974e-01 8.832995463928681179e-01 8.845138904218853293e-01 8.800973100149969142e-01 8.855484262870598755e-01 8.872943389294428718e-01 8.905022820716941290e-01 8.801247513190330052e-01 8.820734650248334141e-01 8.789291596091056702e-01 8.793328395459409919e-01 8.835920591393255918e-01 8.883633894333210490e-01 8.884303800611355051e-01 8.869261631555780401e-01 8.811770278629825759e-01 8.874150041044347459e-01 8.878208094498815095e-01 8.863519308383877027e-01 8.868069358361790888e-01 8.873895101720328249e-01 8.662026842229396673e-01 8.633425049315487376e-01 8.823747330032494229e-01 8.849028670792232765e-01 8.848574695737919660e-01 8.833294204563968410e-01 8.757826118739088228e-01 8.869550227900964146e-01 8.837338090064952301e-01 8.713502241410578941e-01 8.831827921199734144e-01 8.849533183815502246e-01 8.866788033121772994e-01 8.859966302946090666e-01 8.872343721230195879e-01 8.866367912810586560e-01 8.859059478858605230e-01 8.863405815190362746e-01 8.817217547758583462e-01 8.803284948481868710e-01
5.107611586028254491e-02 1.550512252930557888e-01 4.001504828403009140e-01 6.286596754540976217e-01 4.740894754941892275e-01 5.497968570423782397e-01 7.996654779788904266e-01 7.776206637134966959e-01 8.086973979402782842e-01 7.533210940680745704e-01 8.576450942249135290e-01 1.000000000000000000e+00 8.102733536762632971e-01 6.837286808095063284e-01 9.009084916010839938e-01 8.963629004889146490e-01 7.913661892066621295e-01 6.803171023231667780e-01 7.642271675983829393e-01 6.372844244941188174e-01 6.886460065683791543e-01 8.207351012629562348e-01 7.662794936451693406e-01 6.754553904894748939e-01 7.289528316800615304e-01 8.428371070393247955e-01 8.578534104731012633e-01 8.618424401923611144e-01 8.359289022363725064e-01 8.663841509001576346e-01 9.020297073330921789e-01 8.551157604820071034e-01 7.923255904561141705e-01 8.115687393601193067e-01 8.308339409590010938e-01 8.002016744631499368e-01 8.775371453518175935e-01 8.994033457332322179e-01 8.956564070032484448e-01 8.394571307245719538e-01 9.100791161026469123e-01 8.944379568583347151e-01 8.956719243432375022e-01 9.243071873255200854e-01 9.027369542021073112e-01 9.086388659537453227e-01 9.214132573703169848e-01 9.212600945075992698e-01 9.168188372496463012e-01 8.621189795586795546e-01 9.143855446567050738e-01 8.606413895799458480e-01 9.174494506814412365e-01 9.115515312545220405e-01 9.073761293832699470e-01 9.101529279962073948e-01 9.019469891508018478e-01 9.176813174574278698e-01 9.183589943244158116e-01 9.259765185470960613e-01 9.270150009526658685e-01 9.220730799121257260e-01 9.283340886642972301e-01 9.216754440274604887e-01 9.178685760938462002e-01 9.190989895492225337e-01 9.192638332806354340e-01 9.066304094993757889e-01 9.099612786449692292e-01 9.237800858776401558e-01 9.277185281338788947e-01 9.229504502180375658e-01 8.930320564615461532e-01 8.941366311998992789e-01 9.249384649305181227e-01 9.240308701464444718e-01 9.220119420215753259e-01 9.195716863866039148e-01 9.181957758683090276e-01 9.199087001216174064e-01 9.244678603672101813e-01 9.294227413646649616e-01 9.149737916694604678e-01 9.135218390415527079e-01 9.162642867551716863e-01 9.106629125782012002e-01 9.204235612622825302e-01 9.260653164399811343e-01 9.264490365604486355e-01 9.227576872062985824e-01 9.173416319354437132e-01 9.272050789950241345e-01 9.272560940452545530e-01 9.275064755238866532e-01 9.268331486446356182e-01 9.269150703752345732e-01 9.197912650947396296e-01 9.176370902163523136e-01 9.282094785729022579e-01 9.263046267493744157e-01 9.298945889801584208e-01 9.319433113528579060e-01 9.290244353509025110e-01 9.328672463035079243e-01 9.314403303003354617e-01 9.243550652712229088e-01 9.260391320566865314e-01 9.230984886759318053e-01 9.253508419170900501e-01 9.284438333916347208e-01 9.289796602048693286e-01 9.295483730124409760e-01 9.310974315485226471e-01 9.320654663916627669e-01 9.254429816251222851e-01 9.302889324019322226e-01
5.015943448075707578e-02 1.470067934126789433e-01 3.451132610979988913e-01 5.399346886418642244e-01 4.548260022857115725e-01 4.748252253593710503e-01 7.121286063701408597e-01 7.161809182390888040e-01 7.354567636712957546e-01 6.827550770085677456e-01 7.472187061269491837e-01 8.102733536762632971e-01 1.000000000000000000e+00 6.045516934860405422e-01 8.116685106418549678e-01 8.168016538337777854e-01 7.078662640366223391e-01 6.189522327278825786e-01 6.954653303169396894e-01 5.757473805568882330e-01 5.883476317991281901e-01 7.288989701686776623e-01 6.838553531709972155e-01 6.203971332554807372e-01 6.668277033764931083e-01 7.634929620460334521e-01 7.644564053139357718e-01 7.738143151182896862e-01 7.570065291779010108e-01 7.869453422154335520e-01 8.129874711448754621e-01 7.646826260114628626e-01 6.842350971197439513e-01 7.142626312803405098e-01 7.474408786968220753e-01 6.873075377275312814e-01 7.757638608961472393e-01 7.989547925827216179e-01 7.832632789769972126e-01 7.279676957877498911e-01 8.158979622242268359e-01 8.041457236170977962e-01 8.000912504003122594e-01 8.296141646922076118e-01 8.024996658696607055e-01 8.111956263161611558e-01 8.326879816248511368e-01 8.289392227279237524e-01 8.169722333593640862e-01 7.594301932277527367e-01 8.134106266500193971e-01 7.651610543069665704e-01 8.205718561438363201e-01 8.253123830104864833e-01 8.114927233088721215e-01 8.053995170599512754e-01 7.940391897098521001e-01 8.252328238203585631e-01 8.187115674459339854e-01 8.369686633408863763e-01 8.343257118216210744e-01 8.234826958334204861e-01 8.212735920714725468e-01 8.215310911138711258e-01 8.169151371654612692e-01 8.186740788484219156e-01 8.305895898540311961e-01 8.244783565593811758e-01 8.233121670219311072e-01 8.280890230266589880e-01 8.300066901885426729e-01 8.338472350185998083e-01 8.115771800751249154e-01 8.127528302497796231e-01 8.337419648844284215e-01 8.283887253150132857e-01 8.294964231343412431e-01 8.302581983437857804e-01 8.276389501277476857e-01 8.268209510475129642e-01 8.314718111124305144e-01 8.375084610004694952e-01 8.096601469448597710e-01 8.225183000086544460e-01 8.196628062377461221e-01 8.182255849207460408e-01 8.182382922137233505e-01 8.320212204202330764e-01 8.284791709011400940e-01 8.270448036336937037e-01 8.157927978485031151e-01 8.345689070400772458e-01 8.343359211428000854e-01 8.332714082111430942e-01 8.358440772017301512e-01 8.363086257798809653e-01 8.229719190960427255e-01 8.209796611186588322e-01 8.393289706359691182e-01 8.329939725274931872e-01 8.369608554079739360e-01 8.371679940035123835e-01 8.366567753962462772e-01 8.407812552225593095e-01 8.321811088204633666e-01 8.299457866936892358e-01 8.346030451732195932e-01 8.352924341058028945e-01 8.358046570704991129e-01 8.370455692857102781e-01 8.354350250241802112e-01 8.402076553182826757e-01 8.379679400841477666e-01 8.381952555604372801e-01 8.298670987346632444e-01 8.346203857352433308e-01
