1.000000000000000000e+00 7.832005096572623726e-02 6.981268947446186979e-02 5.380700609992885436e-02 2.618267189270965731e-02 -5.176150681892631791e-03 1.898881563515103510e-02 4.432983608756478622e-02 6.662497353273004463e-02 4.011097730642259468e-02 1.404687514825579860e-02 1.086498128063959762e-02 2.616553147142252136e-02 -8.966916595070296980e-03 4.597877411685857493e-03 2.613250753514074001e-02 4.352626088836963197e-02 5.186065764290163221e-02 2.962516794746057266e-02 6.023533512909227949e-02 2.361824645690864533e-02 2.322965285521610967e-02 6.092058555020024579e-02 4.652599138423899050e-02 6.261016170062512487e-02 5.232606428070105814e-02 2.213583472872183988e-02 2.711980128836259663e-02 8.849498703676474121e-02 7.160180742940965015e-02 5.152421392588742849e-02 1.756794997304972697e-02 3.709527558440153285e-03 1.337047605928915264e-02 3.756885609721311720e-02 1.414066863141598754e-02 2.574202439696984812e-02 -8.722156871009013185e-03 2.136454162871276666e-02 -2.451336320946817179e-02 -6.539270430556552889e-04 -9.662899583258947184e-03 1.657975837452298380e-03 1.317001562210117806e-02 2.004563820041993169e-02 2.407383111615963092e-02 1.095879011168681208e-02 9.443287376379713716e-03 1.270676144227219327e-02 6.017597763012520751e-03 1.185202183407345171e-02 2.231643772882508509e-02 1.043097690752783739e-02 1.922803143949934970e-02 2.031875357662173837e-02 1.427670109782255142e-02 3.931939552025055795e-02 3.918437617018548542e-03 8.200528820206168940e-03 3.446288551643362369e-02 1.973672975887550557e-02 3.353259409187147461e-02 2.373447875942813826e-02 4.563896215846138110e-02 4.987313868943991924e-02 4.140503523887543308e-02 1.533686460927435879e-02 1.573923272295608966e-02 2.525689295845791674e-02 2.708440852422202075e-02 1.108340327321399171e-02 1.574226953979057653e-02 2.196538220162897598e-02 2.436874783259758773e-02 1.899477149408442672e-02 1.831160051642952841e-02 7.558912425321036299e-03 4.199520481301397684e-02 2.289015622535809855e-02 2.658465126847969762e-02 2.242380365161721761e-02 2.143366880998529012e-02 2.753207597004122056e-02 1.426400859104489174e-02 -1.314451029594203941e-03 1.443892074915552499e-02 9.753823586833968579e-03 -7.336815715097307761e-03 6.417628016144736464e-03 1.218049232259405673e-02 -1.003136901925403765e-02 8.277526523268332421e-04 7.190908796995784669e-03 6.707007209345737866e-03 1.834446615671286298e-03 3.761884562983996289e-03 -1.546194986321255873e-03 2.047546986869575383e-02 4.981554859026771608e-03 -3.575085543490199875e-03 7.178230355012396721e-04 8.685726802588259257e-03 6.870197456679401522e-03 6.222119415805625955e-03 1.154098291789599877e-02 2.730156824243154534e-02 1.134466340598654435e-02 8.378770116348429817e-03 1.230600848355546152e-02 7.328186465025440452e-03 -4.681908690615563251e-03 1.477302671067151803e-02 1.276970309517423685e-02 1.854495501365565138e-02 2.256532448788934470e-02 2.454590151597762712e-02
7.832005096572623726e-02 1.000000000000000000e+00 6.815895243161503025e-02 7.989018621624947858e-02 4.220120225182565771e-02 7.752331711033383366e-02 1.419212266172247272e-01 1.000665903790390054e-01 1.403786375206057535e-01 1.756626740276999998e-01 1.381755358909744769e-01 1.341109057393368997e-01 1.380075130459794686e-01 1.198812449636043331e-01 1.469515908429916418e-01 1.247688725940928334e-01 1.251696071089884454e-01 1.571822592443133104e-01 1.615003351255215602e-01 1.306925139737528663e-01 1.079571759297783262e-01 1.359381294065484524e-01 1.713130963365269988e-01 1.604957529869448229e-01 1.731970283215382989e-01 1.637049690966584925e-01 1.688305840612384090e-01 1.606256713784901258e-01 1.759601433298724205e-01 1.701178628069472953e-01 1.669051429016375210e-01 1.579425894738052671e-01 1.721179186702223862e-01 1.598430404987819797e-01 1.672356915746750217e-01 1.656011205153475052e-01 1.639541712974449117e-01 1.441582599059754166e-01 1.608892806359241701e-01 1.501062489284872570e-01 1.529288891234725500e-01 1.566809961937910833e-01 1.395193090573304262e-01 1.486789041638000297e-01 1.617382230346775251e-01 1.477040876056278651e-01 1.451106958854574969e-01 1.509475608485412457e-01 1.422751771356564332e-01 1.328168142213543013e-01 1.414880868126989211e-01 1.245914273513991921e-01 1.172321389330245461e-01 1.475227871386311507e-01 1.425911919556402951e-01 1.502791771093966167e-01 1.322589091783277493e-01 1.412372130200421627e-01 1.371820814424352941e-01 1.519950397165941436e-01 1.369900921840772334e-01 1.429215659244455483e-01 1.363453257498480342e-01 1.433203832520054399e-01 1.556196145134326747e-01 1.438080508219274078e-01 1.487746753780290199e-01 1.530825531356050928e-01 1.544781671694523129e-01 1.468673567838047478e-01 1.471141725563406832e-01 1.545150975487600831e-01 1.561227179129375253e-01 1.581765109135336023e-01 1.533319006082353997e-01 1.587099335133025091e-01 1.641684792201325016e-01 1.587430199262299946e-01 1.549694955155567211e-01 1.540097761829868073e-01 1.580635168257286394e-01 1.525965124582952248e-01 1.596815071781036155e-01 1.566572656742947767e-01 1.450388626936361391e-01 1.525290814294818498e-01 1.560176550674493290e-01 1.481087020634371254e-01 1.532599057012770105e-01 1.598489799760753338e-01 1.600430477386115824e-01 1.497181202809614031e-01 1.489250421790429546e-01 1.551445561453532740e-01 1.432551214735382772e-01 1.468053257838302927e-01 1.366653774919078246e-01 1.258461073049517709e-01 1.409616515860409314e-01 1.425136562671106555e-01 1.445769847510175732e-01 1.375919830602612137e-01 1.335731756054831243e-01 1.395485728152181526e-01 1.396146075756691807e-01 1.378927721496728265e-01 1.421902306532079885e-01 1.498813635550544920e-01 1.468312100325513958e-01 1.455470019069489973e-01 1.393548570076452164e-01 1.481625714768148583e-01 1.428912440373657500e-01 1.431055925314279609e-01 1.506346435860585475e-01 1.403105852855352220e-01
6.981268947446186979e-02 6.815895243161503025e-02 1.000000000000000000e+00 2.337124289179747794e-01 1.190690132954941721e-01 1.243406633059407490e-01 2.207833425516250447e-01 1.825036895097409129e-01 2.628647390103388548e-01 2.229657064840947500e-01 2.436495122557705284e-01 2.555095726315187443e-01 2.214402904799898097e-01 2.360530411549547625e-01 2.576502135109423053e-01 2.334770171060802646e-01 2.643518084282914793e-01 3.146127779937273883e-01 3.061969574745736500e-01 2.662498452718613517e-01 2.637294520848337820e-01 2.818488637815471098e-01 3.012521032820996703e-01 3.128681301414135696e-01 3.233423978956334044e-01 2.912667385314053892e-01 2.877953134851768957e-01 2.893061495784838844e-01 2.986536067971743424e-01 3.063197832252290143e-01 2.933129881497987812e-01 2.986469861887602328e-01 2.874413035951534079e-01 3.000985376496363988e-01 2.929937551072837043e-01 2.897275263581785554e-01 2.891054586482783573e-01 2.754623702503743998e-01 2.813793576270558483e-01 2.828592910189560161e-01 2.796522958044525553e-01 2.720867827891367829e-01 2.720141167939021387e-01 2.767766668626260307e-01 2.961391734779648677e-01 2.733573683707574142e-01 2.596499692857192065e-01 2.644371281429253595e-01 2.609157207050074034e-01 2.761494676805917314e-01 2.754427012965834920e-01 2.838729260371971042e-01 2.580761942634455797e-01 2.605594446783216500e-01 2.699505178495901769e-01 2.810136217114340140e-01 2.518831223786135443e-01 2.525793288369838074e-01 2.579482777114481262e-01 2.569829801901487021e-01 2.606441208386892638e-01 2.536751801776443438e-01 2.575665788845146742e-01 2.593494814341252841e-01 2.678502005653534690e-01 2.638465018612097812e-01 2.643921830075176560e-01 2.847216353998689997e-01 2.800839301948340188e-01 2.793753415346167390e-01 2.789008308020599625e-01 2.780913933073840827e-01 2.887337341637252197e-01 2.947789985437856419e-01 2.756088011413027616e-01 2.719120566527795657e-01 2.721116080866675113e-01 2.811400349501918527e-01 2.770098927034599923e-01 2.752351811247267244e-01 2.801429671511136976e-01 2.824705230008235923e-01 2.727935752766584288e-01 2.821793985064608434e-01 2.762558958671215148e-01 2.847310651395155157e-01 2.781535664204329295e-01 2.657992778280507951e-01 2.715407364561456816e-01 2.736786666520958922e-01 2.739254884896515918e-01 2.662185535108925194e-01 2.725887716978706021e-01 2.713391932703124731e-01 2.581160296380446972e-01 2.603272244997146267e-01 2.675679640538304316e-01 2.620860154322975366e-01 2.633849170489711566e-01 2.670494965528534270e-01 2.660978998342971025e-01 2.606658375489315227e-01 2.646621550357671770e-01 2.650087584543885932e-01 2.732545189182793988e-01 2.543808408800435350e-01 2.642453460913472552e-01 2.639513995775826238e-01 2.660803982419295277e-01 2.582462772979979282e-01 2.596604328370725745e-01 2.583337310430469658e-01 2.594556907891529818e-01 2.630192948313845314e-01 2.650453203011866044e-01 2.607074990048224294e-01
5.380700609992885436e-02 7.989018621624947858e-02 2.337124289179747794e-01 1.000000000000000000e+00 2.446546510443176337e-01 2.773341151243173819e-01 4.320191043935912578e-01 3.921636068417399534e-01 4.465668372794217578e-01 4.215187087270776956e-01 4.443766502331557011e-01 4.983631441122072792e-01 4.147810866075957725e-01 4.335686539897529723e-01 5.040632256607746609e-01 4.981850416015135563e-01 4.395910781422004421e-01 4.511061023547997539e-01 4.659862554216202546e-01 4.944129116553269143e-01 5.228095056621647752e-01 5.053002661075984836e-01 4.461130190222867831e-01 4.361347805545546796e-01 4.560641025573387020e-01 4.903388130085142294e-01 4.917473341901824058e-01 4.942525057796004484e-01 4.643694960100097080e-01 4.628258166350153746e-01 4.911971287854339785e-01 5.082359959698902196e-01 4.926864248538078139e-01 5.014730887324669872e-01 4.938331782181940022e-01 5.170993356721419465e-01 5.048761190916591923e-01 5.143825043455954038e-01 5.020708537463598464e-01 5.153956986767129766e-01 5.102163908194461417e-01 5.118990924040254242e-01 5.197370059168113787e-01 5.158518681648061044e-01 5.150441314655587188e-01 5.048541390993169786e-01 4.975657621960820065e-01 5.007415875798043592e-01 5.022483838095951336e-01 5.232320347698034002e-01 5.232433504293281246e-01 5.293838853835384217e-01 5.180946758787399187e-01 4.924079513030929500e-01 4.957653007606510620e-01 5.043089595813985415e-01 5.058690412260244962e-01 4.986797395705760416e-01 5.025127579757190377e-01 4.918222637594125701e-01 4.999641620850752699e-01 4.938549701493378241e-01 5.082465175304881067e-01 5.003300968389051695e-01 4.957499548246230292e-01 5.076422688905488645e-01 5.002283454896931936e-01 5.028882596203022581e-01 5.053718614952692478e-01 5.328926889001368572e-01 5.247238216155676316e-01 5.095752631897728646e-01 5.041156299227160797e-01 4.995274927051361336e-01 5.051682686228800012e-01 5.024237375072838629e-01 5.028011223523795037e-01 4.982984031767153654e-01 4.997016974909157527e-01 4.917512604270062870e-01 4.976741787015082075e-01 5.037452971611889874e-01 5.055020974473312112e-01 5.029508975177645613e-01 5.136510815811590192e-01 5.093480698487196090e-01 5.082191134993999659e-01 5.109855298969360193e-01 5.042232419178949154e-01 5.054072992517791851e-01 5.188347645162439958e-01 5.080454302510327702e-01 5.102641346338532280e-01 5.066612352172381595e-01 5.005868846520623583e-01 4.992354723567484220e-01 5.230980668995701688e-01 5.123589189635311403e-01 5.020728735838216883e-01 5.127740552976649546e-01 5.104194189714627017e-01 5.094795819367228251e-01 5.193886755407003397e-01 5.094905361038342129e-01 5.150955054566950242e-01 4.982331662803815564e-01 5.011882496031097034e-01 4.972820388251079637e-01 4.989994903850528130e-01 4.999021888615496900e-01 5.027488817220618911e-01 4.983817960582749285e-01 5.019837852910182807e-01 5.010824196579175549e-01 5.023128673289715129e-01 5.036887321368664905e-01
2.618267189270965731e-02 4.220120225182565771e-02 1.190690132954941721e-01 2.446546510443176337e-01 1.000000000000000000e+00 2.511011716850780617e-01 3.546607139274943754e-01 3.441603914992701352e-01 3.340174175987408178e-01 3.407584083994804613e-01 3.351190016135188188e-01 3.743887990327338100e-01 3.621054949539890266e-01 3.495384226096176494e-01 4.041194864009634014e-01 4.059588043677245239e-01 3.633986558611192463e-01 2.990983467442094312e-01 3.266964197009307735e-01 3.118141515540120978e-01 3.223225386660651948e-01 3.454267714892526042e-01 3.386147783895659957e-01 2.991590825049444402e-01 3.235758920810047901e-01 3.728918962159639139e-01 3.769943122232867205e-01 3.759143237243061653e-01 3.637978698527464805e-01 3.824252467809588496e-01 3.966127772458744039e-01 3.851160754029933075e-01 3.622114878562518459e-01 3.798133497229485567e-01 3.857091286387734352e-01 3.881403843651888286e-01 3.909299317119579453e-01 3.906636500587932215e-01 4.049902994908761156e-01 3.761361562943437153e-01 3.902106254438098554e-01 3.916590549217187633e-01 4.007913515902890023e-01 4.037472704815229241e-01 3.978428680148536345e-01 4.009175961352635098e-01 4.096695507030412298e-01 4.130602475128121731e-01 4.077414769708650466e-01 3.989343772054910753e-01 4.066110135390990643e-01 3.966659497414180002e-01 3.964228435009400919e-01 4.077427112140035170e-01 4.036638407742718093e-01 3.948546896479566692e-01 4.056105562167853229e-01 4.060936539142290247e-01 3.965960520286498370e-01 4.175369933368665576e-01 4.072313365776490945e-01 4.100033139382832648e-01 4.059426176643313178e-01 4.092828020913846787e-01 4.073657639157551302e-01 4.123252037455734098e-01 4.141894306060255881e-01 3.965729952359056121e-01 4.043868391758845826e-01 4.020000128168952358e-01 3.891956926643407866e-01 4.050212552577373004e-01 3.911866539320256186e-01 3.868055414635378497e-01 4.104689103942071871e-01 4.057992102830276226e-01 4.033251503642646396e-01 4.031908063941919695e-01 4.069759565931894696e-01 4.064165133306370525e-01 3.991408988505592004e-01 4.105555886009645827e-01 4.082133947715621547e-01 4.034072776130738780e-01 4.022375125330285850e-01 3.992254655212893466e-01 4.082409272092176744e-01 4.059967657791502815e-01 4.089705524520818036e-01 4.050264543694750419e-01 4.006453581424692656e-01 4.072125075843930908e-01 4.073133214279505698e-01 4.085770156238776041e-01 4.103466363447248466e-01 4.119298970323541087e-01 4.040691016732564922e-01 4.131289396857841800e-01 4.090631676263439265e-01 4.089651454872488268e-01 4.114637677261664406e-01 4.080671674212398847e-01 4.101459711434269351e-01 4.109193429619175664e-01 4.146516469017878515e-01 4.039139405129080762e-01 4.127785111262209927e-01 4.098236218725898050e-01 4.072055284217108717e-01 4.107499779944424056e-01 4.090685840161845666e-01 4.116850251166841446e-01 4.103639454760934502e-01 4.153718538060626742e-01 4.100202389649537649e-01 4.135520357387711954e-01
-5.176150681892631791e-03 7.752331711033383366e-02 1.243406633059407490e-01 2.773341151243173819e-01 2.511011716850780617e-01 1.000000000000000000e+00 4.401349563495292050e-01 3.997584144028745179e-01 4.296701067700597898e-01 4.139218332651999344e-01 4.075443823828328593e-01 4.742723558394946193e-01 4.256409727223342543e-01 4.565338539625004577e-01 4.896074862580889753e-01 4.574161897328731796e-01 4.280838100210545560e-01 4.024091307817788676e-01 4.214214624624486039e-01 4.085934147978625419e-01 4.326489310575493685e-01 4.550415665451290059e-01 4.227276893801859559e-01 3.990134857359537990e-01 4.200143625543771297e-01 4.585863885768025061e-01 4.711516389893704027e-01 4.619515951766157147e-01 4.369687838302626637e-01 4.539633026400103355e-01 4.745827814939257427e-01 4.810016621568982687e-01 4.731730224224781622e-01 4.670753185170054556e-01 4.775094050194093609e-01 4.720253484949009093e-01 4.756933369220096020e-01 5.034176813105786241e-01 4.880410933063614176e-01 4.856478863802669577e-01 4.934881485277204938e-01 4.933720213435087154e-01 4.992559227726204862e-01 5.024805593279046967e-01 4.910172728917697738e-01 4.849749203350916527e-01 5.029369224536571759e-01 5.037710452471385603e-01 4.910951107537255278e-01 4.949104726925576681e-01 5.023808368938039726e-01 4.804967289349300619e-01 4.884275184030724137e-01 4.927175924192134238e-01 4.887322286748440603e-01 4.928436951308886593e-01 4.801254091502404342e-01 4.949762301573694123e-01 4.904657971692016893e-01 4.885591439328320074e-01 4.919789248269118009e-01 4.856008397501882512e-01 4.874976157279260480e-01 4.814930870350678793e-01 4.830813781648295446e-01 4.882173147736688645e-01 4.968055787037020110e-01 4.989477783687650825e-01 4.975280389671721815e-01 4.992904035353000758e-01 5.020687658337572579e-01 4.997774595083685489e-01 4.916197776546593623e-01 4.898076340032624931e-01 5.038152994068543222e-01 5.020083885149260183e-01 5.020332549193503580e-01 4.884060783898801494e-01 4.955299278293274767e-01 4.911506897853714082e-01 4.964985496883255744e-01 4.948479526475982326e-01 4.954358068030208506e-01 5.018444118553425648e-01 5.058255454744844393e-01 5.006639086207260725e-01 5.030641745919427477e-01 5.072160198316849611e-01 5.046883700542263984e-01 4.987323800755364411e-01 5.035663060806673252e-01 5.053413066859268055e-01 5.057951530792597072e-01 5.030043860873082417e-01 5.024843324582336512e-01 5.040691340969812861e-01 5.039645563303896125e-01 4.981608595964409636e-01 5.020225632586915454e-01 5.066692852294351068e-01 5.037888985638236949e-01 4.997486700388867331e-01 5.044911272687501169e-01 5.009531405586024055e-01 5.026314292629636693e-01 4.878348251632801391e-01 5.016639890221704645e-01 5.016853863987469353e-01 5.020953546243551724e-01 5.009231085389781457e-01 5.027699234194800137e-01 5.008020629114572353e-01 4.966025084422454605e-01 5.007304493917875687e-01 4.979530040402362912e-01 4.977103493009881197e-01
1.898881563515103510e-02 1.419212266172247272e-01 2.207833425516250447e-01 4.320191043935912578e-01 3.546607139274943754e-01 4.401349563495292050e-01 1.000000000000000000e+00 6.118785857693392893e-01 6.628603803689093743e-01 6.293279926890664733e-01 6.503927254546351122e-01 7.219090258160978379e-01 6.611471317705057693e-01 6.672005490869374889e-01 7.749078032698822893e-01 7.384040856068266878e-01 6.627790804796661606e-01 6.270018002925653589e-01 6.696460758841984440e-01 6.639845213657395995e-01 6.536708926445063961e-01 6.854435511417379390e-01 6.692095498370100870e-01 6.241483858380444394e-01 6.571446343018204628e-01 7.412533790311413018e-01 7.200969995625546849e-01 7.496889953624986669e-01 7.010890259634973143e-01 7.253640805055632246e-01 7.568647056652398897e-01 7.549098398113641695e-01 7.383411453796573376e-01 7.382601228889535960e-01 7.424769148979944999e-01 7.536404145484415507e-01 7.682845516574867695e-01 7.752132739874623146e-01 7.692940910835323054e-01 7.795190915434702106e-01 7.728047244752382916e-01 7.778270404068822197e-01 7.784095587689859874e-01 7.820511445903309822e-01 7.687550569104187881e-01 7.706771937996227395e-01 7.748214702716405000e-01 7.760497020067512741e-01 7.709571964117871712e-01 7.697381933776553664e-01 7.801898608936976842e-01 7.498559434123684975e-01 7.587440019230642374e-01 7.659800849051376925e-01 7.637880931373316473e-01 7.679624195659959796e-01 7.480962841961378285e-01 7.676611269624231682e-01 7.667838116706208185e-01 7.591634623843683816e-01 7.613440064790316653e-01 7.561995120537330362e-01 7.634692728108425364e-01 7.477515142635892120e-01 7.480545510463982861e-01 7.548573574581356471e-01 7.740172591882762410e-01 7.671381725817179031e-01 7.767982909038904094e-01 7.782402120924493127e-01 7.655545271225253634e-01 7.720410959592932665e-01 7.634973168342574779e-01 7.605272623498047224e-01 7.809762722132381763e-01 7.801358637340258806e-01 7.837160405760111859e-01 7.692530098003440564e-01 7.761775828164053648e-01 7.712029923761649641e-01 7.724903219066013849e-01 7.785882946783837522e-01 7.736472703181986876e-01 7.777368515064473353e-01 7.820725003875110826e-01 7.704587951064091333e-01 7.848300049084342422e-01 7.875377305552702101e-01 7.823163506152818192e-01 7.777715552162747237e-01 7.920660072123496542e-01 7.869968746098329193e-01 7.834684190860621289e-01 7.856701712578322283e-01 7.777708802533754850e-01 7.791815423544909969e-01 7.832798421915306841e-01 7.644564687298520678e-01 7.771966573788693378e-01 7.850979812261797974e-01 7.859814967827081222e-01 7.752520903397946972e-01 7.759412047039181415e-01 7.820772038454800734e-01 7.760879096653889864e-01 7.571403278274517756e-01 7.773579599372927307e-01 7.766171303187313635e-01 7.779281403489332058e-01 7.781710153325602786e-01 7.824562405544054355e-01 7.723154152934813554e-01 7.734172432352066640e-01 7.730560652889130191e-01 7.673098781961720238e-01 7.649615870867918499e-01
4.432983608756478622e-02 1.000665903790390054e-01 1.825036895097409129e-01 3.921636068417399534e-01 3.441603914992701352e-01 3.997584144028745179e-01 6.118785857693392893e-01 1.000000000000000000e+00 6.293420539971630312e-01 6.110138975359904467e-01 5.893530121399650490e-01 6.767450703112914967e-01 6.172507711249741735e-01 6.310837130001345496e-01 7.156781744463279749e-01 7.131232487105241269e-01 6.235718037898906330e-01 5.994213432392759833e-01 6.239755764461361043e-01 6.075000811982068649e-01 6.048382479461973382e-01 6.431099745795038070e-01 6.195783214070009759e-01 5.821288249416142202e-01 6.027067650513530106e-01 6.888059826479961956e-01 6.785764106478714419e-01 6.840467219674960520e-01 6.481343323699895187e-01 6.771877637420321561e-01 7.084389334454801457e-01 7.041607401855045634e-01 6.515142421553330454e-01 6.765717307002133696e-01 6.828225157048214422e-01 6.752546184617024272e-01 6.976324646266680585e-01 7.151504905826291392e-01 7.135613026203275755e-01 6.979388599501658019e-01 7.190875927375665055e-01 7.201552190510746021e-01 7.263985948036719709e-01 7.303634486524727132e-01 7.142947216583315218e-01 7.217136488205979639e-01 7.313570927949430978e-01 7.322584375998972828e-01 7.286754847843054383e-01 7.022328318438884054e-01 7.279177491575649084e-01 7.019289628649348911e-01 7.174450536498071518e-01 7.325289244073028838e-01 7.329162016661343593e-01 7.263570382036995676e-01 7.233218181822433923e-01 7.388048318101909651e-01 7.371350532541059986e-01 7.302716514596699904e-01 7.314403048362929649e-01 7.325705366198429491e-01 7.362860881361333876e-01 7.149754989645514813e-01 7.197260988653748637e-01 7.256367487898259805e-01 7.311861512717936495e-01 7.261377701180833366e-01 7.279650863338382738e-01 7.379332847358930358e-01 7.209876863953180726e-01 7.251123991823437143e-01 7.175965006081099773e-01 7.126365068047803009e-01 7.309140728190052227e-01 7.294331973862737684e-01 7.272715006506795810e-01 7.204762687757821915e-01 7.256203502504779967e-01 7.263475854822726285e-01 7.284248794689173190e-01 7.298488332208524776e-01 7.253193699369643310e-01 7.258491127858551772e-01 7.222919098965107088e-01 7.224854473966353385e-01 7.260959287902845061e-01 7.340004032375428977e-01 7.299958226341610734e-01 7.287072189355402463e-01 7.257611983342394657e-01 7.342330641375475198e-01 7.294611162411742677e-01 7.345951906332994774e-01 7.332644448257563674e-01 7.332589267720760473e-01 7.251057474315028006e-01 7.186507221936115908e-01 7.310084745491749469e-01 7.305854336184623987e-01 7.337505477940600151e-01 7.332246828094267643e-01 7.254904228088797646e-01 7.369824685378308926e-01 7.260784357617992013e-01 7.243396862720973273e-01 7.308204045405245486e-01 7.323581876812421676e-01 7.336426905865978121e-01 7.352082962775179364e-01 7.404497783447903103e-01 7.333384281162844687e-01 7.368918082734312591e-01 7.286151139273540078e-01 7.280721742432584298e-01 7.265538801632952515e-01
6.662497353273004463e-02 1.403786375206057535e-01 2.628647390103388548e-01 4.465668372794217578e-01 3.340174175987408178e-01 4.296701067700597898e-01 6.628603803689093743e-01 6.293420539971630312e-01 1.000000000000000000e+00 7.009402936286930341e-01 7.001534636257411570e-01 7.769201603222390951e-01 7.125607188593415797e-01 7.249317483647575999e-01 8.036066318050592017e-01 7.853738107129953905e-01 7.465878028601278249e-01 7.304086423152847951e-01 7.503300554142230405e-01 6.611948021523788022e-01 6.840787571180534377e-01 7.460895783669243553e-01 7.558132421825167757e-01 7.012850557129259865e-01 7.326632551116645242e-01 8.159787213513075566e-01 7.910906656495735323e-01 7.889483976393770748e-01 7.822190205866046409e-01 8.092477415604193425e-01 8.344930377539494515e-01 8.241537224772463865e-01 7.665147312285461867e-01 7.976232868338504201e-01 7.989645998867139776e-01 7.989029160534275587e-01 8.211360968320770004e-01 8.161312832905652792e-01 8.377498346411919039e-01 7.897284000435567108e-01 8.342225032504934079e-01 8.205321804499645655e-01 8.230059688113127159e-01 8.427098129639931656e-01 8.320306262448453616e-01 8.345999453632090281e-01 8.442599531543453217e-01 8.492951444107592618e-01 8.466768126665084049e-01 8.193984557315717732e-01 8.339734109978292897e-01 8.165348315688195635e-01 8.215855463732603114e-01 8.516017577920276249e-01 8.446265137500501563e-01 8.429579755353291404e-01 8.468929395027365858e-01 8.403171173439765163e-01 8.362351361980566722e-01 8.525306838433486245e-01 8.499950796264247321e-01 8.489548455750351996e-01 8.409933738554200566e-01 8.471562732225550452e-01 8.538345912301358309e-01 8.521596214886382192e-01 8.510456695645357561e-01 8.470988560873148332e-01 8.480849670549807096e-01 8.455000357780813047e-01 8.360619882942137426e-01 8.486344814968871386e-01 8.339237638855903079e-01 8.389442818320244077e-01 8.511234881513908279e-01 8.471357652057152077e-01 8.405999499632301752e-01 8.477306263248949314e-01 8.455688883664380651e-01 8.496062535633089885e-01 8.511568005054184205e-01 8.503760081541722471e-01 8.548321448730334948e-01 8.482819221106934204e-01 8.396624203850874268e-01 8.435446378074151763e-01 8.454076945287168909e-01 8.426184756362704587e-01 8.463225315284628181e-01 8.494898289117099877e-01 8.326895591804129859e-01 8.438640602964112558e-01 8.475120449277436796e-01 8.486731870411766687e-01 8.467857113970275185e-01 8.502184675973013528e-01 8.334553699066497012e-01 8.391295495846118335e-01 8.458907041777739000e-01 8.403255898849165684e-01 8.441986362179692005e-01 8.450195938264717377e-01 8.435930684920197598e-01 8.475350827062719805e-01 8.488099142617333559e-01 8.475241250844612884e-01 8.503471078860634913e-01 8.504867894734489120e-01 8.489337190099744967e-01 8.488274382727024614e-01 8.421285966680249757e-01 8.526925254725152836e-01 8.510773494995093058e-01 8.529882177613394845e-01 8.515620366217870885e-01 8.518983858474862281e-01
4.011097730642259468e-02 1.756626740276999998e-01 2.229657064840947500e-01 4.215187087270776956e-01 3.407584083994804613e-01 4.139218332651999344e-01 6.293279926890664733e-01 6.110138975359904467e-01 7.009402936286930341e-01 1.000000000000000000e+00 6.598432606009397849e-01 7.194366973903585372e-01 6.711497534383423780e-01 6.931676571712998003e-01 7.647116132703842828e-01 7.383442379203410955e-01 6.908917319106555599e-01 6.705876187577939351e-01 6.888298912451645828e-01 6.214926418133221997e-01 6.042605651683341517e-01 6.774290596586522994e-01 7.123817704033482689e-01 6.537556355512741391e-01 6.804931057834515684e-01 7.683187791356883567e-01 7.440713399721526899e-01 7.508889633690644105e-01 7.404719627050591058e-01 7.649616039357722830e-01 7.846710672564459754e-01 7.759839080438143410e-01 7.288218987014958294e-01 7.482463713165568020e-01 7.587759987037531184e-01 7.485110309993814326e-01 7.694420390012345345e-01 7.729065529747026764e-01 7.872225591770349862e-01 7.537539282614247327e-01 7.805774293993290591e-01 7.773831476543437979e-01 7.775349772830814077e-01 7.902224803319949364e-01 7.841863029574507316e-01 7.894048196626807234e-01 7.920675289798810859e-01 8.004440436718933682e-01 7.924902690285164919e-01 7.604772719718023710e-01 7.836767754142479614e-01 7.451057580269447866e-01 7.638962804128416328e-01 8.001958557190554933e-01 7.931308127096904359e-01 7.918794379565068375e-01 7.796465277286549478e-01 7.875711637138517185e-01 7.889052275934882452e-01 7.964569467062883046e-01 7.915350660699831398e-01 7.897028050602337146e-01 7.851388425324727915e-01 7.788475210814947980e-01 7.837094629006385871e-01 7.866327218908696350e-01 7.979045775702945376e-01 7.934077189521810958e-01 7.986475757089057659e-01 7.889601029594003334e-01 7.751684275320258610e-01 7.932002770065040842e-01 7.873959000055650304e-01 7.842163063786400379e-01 7.992090763912372831e-01 7.961369890068514810e-01 7.937998919140843990e-01 8.001016572978654207e-01 7.971136681923177703e-01 7.992192066279444340e-01 7.987709904094858482e-01 8.013255900291396117e-01 7.989859498204977539e-01 7.980339538711078706e-01 7.894057746163121170e-01 7.913128039295519445e-01 7.971156503626352086e-01 7.941749992888547105e-01 7.986535071098216365e-01 7.969224251654686286e-01 7.892101068988114365e-01 7.942789581321855197e-01 7.978340373267205354e-01 8.005726728036473006e-01 7.977669379440306408e-01 7.987777857957997218e-01 7.803327828049964054e-01 7.729721780586986668e-01 7.932038928347071582e-01 7.866091260515166717e-01 7.941286469370471002e-01 7.885747297679120971e-01 7.842723935744524422e-01 7.943326251003078875e-01 7.898891741061265792e-01 7.872852668073241356e-01 7.963787799137227452e-01 8.004606390592824416e-01 7.986848013143689196e-01 7.966838012585786277e-01 7.954707578478771302e-01 7.988814157901271695e-01 7.974032653158451556e-01 7.967475964184993487e-01 7.927328555001661448e-01 7.937938505531610955e-01
1.404687514825579860e-02 1.381755358909744769e-01 2.436495122557705284e-01 4.443766502331557011e-01 3.351190016135188188e-01 4.075443823828328593e-01 6.503927254546351122e-01 5.893530121399650490e-01 7.001534636257411570e-01 6.598432606009397849e-01 1.000000000000000000e+00 7.760270194094565088e-01 6.606443603537157649e-01 6.927840318862422686e-01 7.726639371762006325e-01 7.486082883341783623e-01 6.940700502410056538e-01 6.888066680802712449e-01 7.207790707092757154e-01 6.465375867049403258e-01 6.437173300847794932e-01 7.142141790808946844e-01 7.276565842264537398e-01 6.713094960516500231e-01 7.067681430716684643e-01 7.892174020903220955e-01 7.710162612905441248e-01 7.730679856697915131e-01 7.601975138853399594e-01 7.780447338965551518e-01 8.071213239975831844e-01 7.891771267444509519e-01 7.576521776953020204e-01 7.662231644421709786e-01 7.765482111965257284e-01 7.709764174264497338e-01 7.935351911610103448e-01 7.935156624203271170e-01 8.050912167337694880e-01 7.792496540460246424e-01 7.991090168943041361e-01 7.954015777062590775e-01 7.954151538056771775e-01 8.050296433696004783e-01 8.052346699495455118e-01 7.980184453479143292e-01 8.067328756108325116e-01 8.111307265157933211e-01 8.043169153360353318e-01 7.850716832060118389e-01 8.022878174665780682e-01 7.746266946387039276e-01 7.829905073237281021e-01 8.043303282103817509e-01 8.029493068622238772e-01 8.089241377900140417e-01 7.902987321448943225e-01 7.984192362816315836e-01 7.989710955678479554e-01 7.992417791547594685e-01 8.017479270395951874e-01 7.936461243440868785e-01 7.975295209442669897e-01 7.928938596293212404e-01 7.955666119757539567e-01 7.963820920159883077e-01 8.112175507957571918e-01 8.080140112714482292e-01 8.110577154909212050e-01 8.066397737390462730e-01 7.970964363834729394e-01 8.104628442410879430e-01 7.982203875033812013e-01 8.036507417910490059e-01 8.171101071251242187e-01 8.141775664957480174e-01 8.107501166717014929e-01 8.138926560212134120e-01 8.105704264831030681e-01 8.122369964037106094e-01 8.125231320315475791e-01 8.163776123675364760e-01 8.122302649348347447e-01 8.140704254809760787e-01 8.080598555770533986e-01 8.084192221619427299e-01 8.168074157539796376e-01 8.091597723578783929e-01 8.147094404936234824e-01 8.126558589878106753e-01 8.139427882576175666e-01 8.119487485989717035e-01 8.138213606271903489e-01 8.148305780400545428e-01 8.098985870534256559e-01 8.104619616090675827e-01 8.053276525645199913e-01 7.970789234343771401e-01 8.074599474815693512e-01 8.052335294994774628e-01 8.117894890789412177e-01 8.060218011399453708e-01 8.016047773316187230e-01 8.095902040441448344e-01 8.094959769732644750e-01 7.992806576086879389e-01 8.095659725066796097e-01 8.104883470588128969e-01 8.126919458549055619e-01 8.090085331438041649e-01 8.072026602647441873e-01 8.084656185240358672e-01 8.076874055528734386e-01 8.087843867808587328e-01 8.081423246936378924e-01 8.053484520794327306e-01
1.086498128063959762e-02 1.341109057393368997e-01 2.555095726315187443e-01 4.983631441122072792e-01 3.743887990327338100e-01 4.742723558394946193e-01 7.219090258160978379e-01 6.767450703112914967e-01 7.769201603222390951e-01 7.194366973903585372e-01 7.760270194094565088e-01 1.000000000000000000e+00 7.404386966565588146e-01 7.794979599327293007e-01 8.723273766971607612e-01 8.411281729164858945e-01 7.749237315240232737e-01 7.647278967428146057e-01 7.855258901288688644e-01 7.400119312807308392e-01 7.663891868434904442e-01 8.054875284146227887e-01 7.864942494908306880e-01 7.475859895570868829e-01 7.756157058729592491e-01 8.585298839212738287e-01 8.443451965072777954e-01 8.526858805394706975e-01 8.110244726110644731e-01 8.369889525623974702e-01 8.754336586604969384e-01 8.813839633278377494e-01 8.378191722360956994e-01 8.604173214773316314e-01 8.561373338723589077e-01 8.594440945026602385e-01 8.750935146170744083e-01 8.903705846668085178e-01 8.942957412572284381e-01 8.691743583190256750e-01 8.939169525983816644e-01 8.905171648473617640e-01 8.900026891337740054e-01 9.035435572289191031e-01 8.924752288623156726e-01 8.871985498426692152e-01 9.019781599583047704e-01 9.023825162370684438e-01 9.006695248006058030e-01 8.862708305017440447e-01 9.026332753837790213e-01 8.728610037160297042e-01 8.826242198485287904e-01 8.981068692484892590e-01 8.911330542614080974e-01 8.943562172122899723e-01 8.830615420036522778e-01 8.957554905992695105e-01 8.936413107397760403e-01 8.936891410351127663e-01 8.983360926259598145e-01 8.887571453767252327e-01 8.908173509382976141e-01 8.851896687341759273e-01 8.905035487960610840e-01 8.927820519854500203e-01 9.030144912378832434e-01 8.990488303874801801e-01 9.008828415111894694e-01 9.083669331195880492e-01 9.022963771805956323e-01 9.037564533550597190e-01 8.935847962292364777e-01 8.905648468309190768e-01 9.048897588856245067e-01 9.013521916520740307e-01 8.980169164931424142e-01 8.912672101119738510e-01 9.004425147439499844e-01 8.964853674891022361e-01 8.996323617812417295e-01 9.017233257085703890e-01 9.016554719386962180e-01 9.023681150204911905e-01 9.037570507422097998e-01 9.015936598971041604e-01 9.040872760515237250e-01 9.062125041719316654e-01 9.057579646279561025e-01 9.032666166482870018e-01 9.035346175805719637e-01 9.073991607503560930e-01 9.062626561769460132e-01 9.063349194935245157e-01 9.040292091517652118e-01 9.058621567567243238e-01 8.991185179105286585e-01 8.934765198127587738e-01 9.025477306587971205e-01 9.043808601963000404e-01 9.064770270556905540e-01 9.029057177787281896e-01 9.003817190744479726e-01 9.068670389745053795e-01 9.049896578318200602e-01 8.904724636234968571e-01 9.043113857591359439e-01 9.035678893364086361e-01 9.032923908977013028e-01 9.046591364955509640e-01 9.037274211204957552e-01 9.021950205000695000e-01 9.021562479508008492e-01 9.018978143138313142e-01 9.002156222968746846e-01 8.988002342414069812e-01
2.616553147142252136e-02 1.380075130459794686e-01 2.214402904799898097e-01 4.147810866075957725e-01 3.621054949539890266e-01 4.256409727223342543e-01 6.611471317705057693e-01 6.172507711249741735e-01 7.125607188593415797e-01 6.711497534383423780e-01 6.606443603537157649e-01 7.404386966565588146e-01 1.000000000000000000e+00 7.112871227416976971e-01 7.880922773049209296e-01 7.668173202864405624e-01 6.960209282109038886e-01 6.506411144909826083e-01 6.965795691485457963e-01 6.324250524355797820e-01 6.451573464626626508e-01 7.043099785654141076e-01 6.969685270019055912e-01 6.414158204567272925e-01 6.738682887188215398e-01 7.660932053034916756e-01 7.593174164725705610e-01 7.546871093471556602e-01 7.374111517007021499e-01 7.633592333090092330e-01 7.960523069997781365e-01 7.781788214241992518e-01 7.282443211044262732e-01 7.535924506064286543e-01 7.622548433807031509e-01 7.535433677272715958e-01 7.821140341291068498e-01 7.816813256054538916e-01 7.996212439027559071e-01 7.585996122574659717e-01 7.965076240398720753e-01 7.948034042670436561e-01 7.944523057220266304e-01 8.092534096932720855e-01 7.975495363975064755e-01 7.973179265985504971e-01 8.153850358253010855e-01 8.160682534323241422e-01 8.094676563158227367e-01 7.800138756014745045e-01 7.983368838768659659e-01 7.815005927670117813e-01 7.908814496544341877e-01 8.152006506022528853e-01 8.020234567639397127e-01 7.971165548894271202e-01 7.996200184571926606e-01 8.079181410959215270e-01 7.995297811203342375e-01 8.205555368635695235e-01 8.133928555689997619e-01 8.086624303623128895e-01 8.040349135383617618e-01 8.031447667110119815e-01 8.079973497472530131e-01 8.132228698129537747e-01 8.164110162589370834e-01 8.066117208318058784e-01 8.129393742072968942e-01 8.104897394893590956e-01 8.009594221947100579e-01 8.134257820537627026e-01 7.943029331245059499e-01 7.951836163861106810e-01 8.170062483017159760e-01 8.140574689945809794e-01 8.128996991874292144e-01 8.115975406541233728e-01 8.114440112991229137e-01 8.147778540409493786e-01 8.158315631334264184e-01 8.176964367583567928e-01 8.151343007121604201e-01 8.116997497590837662e-01 8.086447441528783475e-01 8.039841046982942885e-01 8.125980220144435329e-01 8.142970724416425110e-01 8.175332085919361225e-01 8.123259280490439105e-01 8.070963527280885508e-01 8.170194690727441422e-01 8.173449209422239958e-01 8.183998408706496530e-01 8.197464680073764942e-01 8.205367684045766774e-01 8.048637522462361860e-01 8.114615119778390007e-01 8.181054745687506013e-01 8.122031698389041710e-01 8.201182279449332757e-01 8.177817254380180811e-01 8.176712164025854435e-01 8.190192687786793657e-01 8.188246079074956718e-01 8.150026966912840010e-01 8.187563700110528364e-01 8.200366916418193597e-01 8.178724845880158689e-01 8.191250998990764476e-01 8.160727021597762310e-01 8.242111903415419993e-01 8.192687156223452671e-01 8.216007103569371584e-01 8.202923816813398883e-01 8.204012329486209953e-01
