1.000000000000000000e+00 2.412824832180441026e-01 3.408075713388537126e-02 -3.945123178237329442e-02 -6.162081931440544294e-03 -3.584525294169308568e-02 3.300811482860065843e-02 -3.408023914001614280e-02 2.324630866471928126e-01 1.906499069603708185e-01 -7.422722228657845783e-03 -7.935220609943745285e-02 -3.172956852464577093e-02 -1.876527193205602571e-03 -1.097609961370271843e-02 -6.726694522080998995e-02 1.473350730383191642e-01 3.028363525106715914e-01 2.471876024671074423e-01 7.765333733181631337e-02 1.955400024625257305e-01 2.375294671405028257e-01 2.431334905857038264e-01 2.761845794132544163e-01 2.673732422838086542e-01 1.964470824748268951e-01 1.389343686774185127e-01 1.910727280095659286e-01 2.543860667204279058e-01 2.024194545138287005e-01 1.347912166511592291e-01 1.635301875628781543e-01 1.346785380287861544e-01 1.385255523816277534e-01 1.280664375905901653e-01 7.106218123431219669e-02 9.709081278722424269e-02 6.101150991902671433e-02 6.824612639289831528e-02 7.023752231892549380e-02 5.796833971964946569e-02 5.230662541873878219e-02 -6.763746324267663236e-03 3.830018162678713867e-02 7.471461115582479773e-02 3.898614115693001952e-02 1.945946467070253788e-02 4.367642692202813176e-02 2.554846595452555519e-02 4.762701768359245413e-02 7.825298862469860783e-03 3.070453730816253765e-02 1.523209899910558072e-02 6.051027224783634556e-02 5.504372451069140804e-02 9.195828775985094572e-02 5.652256073727773833e-02 2.376716076347801937e-02 2.199882506427386711e-02 4.510923957384762456e-02 1.720777535763624161e-03 1.451940271970272173e-02 -1.003004647654886713e-02 1.730647480057959098e-02 7.415962084111500652e-02 3.381787937228190877e-02 4.312023136106821891e-02 1.117003056631518526e-01 9.122657574721083906e-02 6.040012420807930327e-02 9.456515340097801370e-02 8.228540061298361685e-02 1.117314142694810358e-01 9.352537643237526788e-02 7.130597582117799427e-02 6.653471309968546354e-02 8.802570738511859838e-02 1.134659727918184702e-01 1.011806717251889642e-01 8.924948016248540617e-02 7.249106032771272801e-02 5.277680126294150703e-02 6.000165634390613317e-02 6.981516961335546001e-02 5.305695859012662940e-02 7.148729740830046808e-02 4.302966718069641677e-02 3.731392921768863363e-02 3.915598286741382716e-02 7.135934585392846030e-02 3.061774042832209053e-02 2.649300102928990250e-02 3.839893670482664306e-02 2.670500923136211527e-02 1.024412792228295531e-02 1.695215714521935632e-02 -7.465708053744516369e-03 1.469457121765146285e-02 3.975361853051351084e-03 2.576516570174935614e-02 -4.085283499373973913e-03 9.841126119179701651e-04 -5.585208218157045740e-03 3.840087869716703444e-03 2.681355576471256344e-02 2.919212984953515819e-02 1.879177639936065528e-02 3.090079843923888153e-02 4.017281171229347692e-02 2.588212414058222929e-02 1.772704821230460664e-02 1.872616897433921831e-02 2.000630160196910628e-03 1.409973420846835808e-02 3.669340975629484941e-02 2.392439722571206365e-02
2.412824832180441026e-01 1.000000000000000000e+00 8.204452824099607577e-02 -7.421898232108696536e-03 5.020326522937981761e-02 5.744148759418003791e-02 6.234533288874578166e-02 1.202345926695866894e-02 2.220447772329250946e-01 2.610685434722280762e-01 1.147476220815425024e-01 5.494511831193372303e-02 7.519437342365196952e-02 9.346769797525060486e-02 9.350280587180770375e-02 3.979307624360843565e-02 1.614137600965453168e-01 2.770173720954746677e-01 2.474056384629158556e-01 1.138539000829836140e-01 1.655338511231541354e-01 2.119822901540533155e-01 2.559102121157545984e-01 2.783288948174762467e-01 2.565764103560332909e-01 2.058553487354660150e-01 1.661268978487060177e-01 2.218477127185300712e-01 2.635623943863189544e-01 2.230752315001617025e-01 1.979784293882052570e-01 2.211720211415126591e-01 1.849325412083417941e-01 1.986490377891177717e-01 1.762137774278826896e-01 1.398546900947529592e-01 1.484196779296017010e-01 1.648475989938319175e-01 1.535209344959428956e-01 1.394553648249249878e-01 1.349956537209621721e-01 1.381491945301300817e-01 1.028986341740159571e-01 1.330568680076339994e-01 1.537119189221641258e-01 1.500322955592766905e-01 1.264346765722987598e-01 1.466369909120658066e-01 1.261236941840315207e-01 1.226267691967000834e-01 1.175448390102868390e-01 8.518831990154952793e-02 7.000603946399683308e-02 1.516179964714470807e-01 1.543547238623826090e-01 1.716936540610395079e-01 1.313074216436793951e-01 1.179470079226564161e-01 1.312135659498988027e-01 1.449910724299902365e-01 1.194440110616964146e-01 1.314595024411552016e-01 1.053354433122233313e-01 1.187671962258177033e-01 1.560403976993458286e-01 1.262622163459883040e-01 1.476494147085697095e-01 1.933003648411475150e-01 1.787296137729951495e-01 1.537956290644054147e-01 1.578469410040240217e-01 1.652546422875166843e-01 1.976699483417965753e-01 1.802384411898025340e-01 1.570283679798055720e-01 1.573946826480169814e-01 1.756118814817257678e-01 1.900818256907308712e-01 1.890959403273214934e-01 1.736848640007629396e-01 1.533934546090903461e-01 1.540060056138663203e-01 1.538538196582125983e-01 1.550976163562028387e-01 1.491664430468100100e-01 1.627469876667131943e-01 1.388792558581427861e-01 1.455603589609267834e-01 1.420008217967849706e-01 1.598053386184707658e-01 1.365732267362785857e-01 1.378657377460617839e-01 1.389654451812354086e-01 1.337084836593444570e-01 1.260664567513072321e-01 1.328646964145135390e-01 9.253939533485684710e-02 9.331652247593372196e-02 1.121422755602584920e-01 1.320717985212391532e-01 1.124120366755527595e-01 1.014882504698559479e-01 9.291133988990379899e-02 1.115926346263224761e-01 1.247971732555199081e-01 1.215804638735048099e-01 1.179715119376697902e-01 1.376058310254345274e-01 1.374359579367125106e-01 1.306365624288441663e-01 1.270937923760086796e-01 1.279260872521205683e-01 1.191568843985303661e-01 1.164637261221102421e-01 1.392310276741301478e-01 1.173581192820942060e-01
3.408075713388537126e-02 8.204452824099607577e-02 1.000000000000000000e+00 1.474872851992552469e-01 7.714165000910415404e-02 1.308785666347642707e-01 1.664814748746796524e-01 1.454870161515204596e-01 2.173284278567853001e-01 2.183377941475966588e-01 1.999912965167833789e-01 2.214176034052695863e-01 2.183689264680850339e-01 2.279018327885415085e-01 2.153800133549190754e-01 1.736986026835492525e-01 2.243165634607786896e-01 2.382828794251411475e-01 2.800639449643079204e-01 1.695897091582819483e-01 2.277248798232433813e-01 2.440414088808133819e-01 2.738655838226834449e-01 2.685298962261104538e-01 2.669161693708285155e-01 2.573944870256226758e-01 2.537665934908428511e-01 2.676218342131311823e-01 2.492488073829087769e-01 2.484125077448741392e-01 2.553948542591878423e-01 2.598280004597742221e-01 2.658627007705561818e-01 2.728627447512024795e-01 2.670235656473338159e-01 2.646197117605744720e-01 2.567641651309184869e-01 2.513942766403519102e-01 2.623592025605822053e-01 2.323808876721085992e-01 2.528394693474144139e-01 2.515488451277322901e-01 2.369453297031794137e-01 2.464976142163415318e-01 2.587695741050377585e-01 2.329788956926966415e-01 2.407519083041526897e-01 2.428045463274884075e-01 2.350173642137882990e-01 2.455896734651168145e-01 2.395566570313079069e-01 2.456222171802734111e-01 2.182801323729410270e-01 2.382664287920299717e-01 2.344735562425264153e-01 2.612077186188991873e-01 2.204799939048917579e-01 2.351556759640538175e-01 2.252804052213722708e-01 2.465055298709701026e-01 2.403619847471197279e-01 2.261582237091673275e-01 2.135224629964839749e-01 2.366337512739665749e-01 2.518507527608562779e-01 2.347671135318865621e-01 2.514528642098983191e-01 2.683832053767357118e-01 2.618267909517821845e-01 2.495154097240126767e-01 2.561293463169400098e-01 2.664826719854403447e-01 2.696231978223438408e-01 2.684830967070367946e-01 2.608449227934021009e-01 2.588701731809223139e-01 2.598005827401259071e-01 2.625375573823472974e-01 2.604925068340300798e-01 2.630748843904339163e-01 2.609180816886647603e-01 2.464951542815599361e-01 2.576481498743841136e-01 2.567339969340728389e-01 2.607968911373250709e-01 2.620733781858984868e-01 2.555885609588975371e-01 2.582141274390497010e-01 2.521661944797104482e-01 2.616170842417807063e-01 2.608414903036305743e-01 2.510095389237712582e-01 2.543390511686389188e-01 2.530515704888680051e-01 2.456901577883980892e-01 2.433566224722630567e-01 2.428836131410409827e-01 2.387068397945711906e-01 2.406550581068620798e-01 2.517788058546432950e-01 2.480630727239490074e-01 2.390490845714244306e-01 2.389655703635422401e-01 2.510265771757401732e-01 2.540441256221621646e-01 2.398659150042141142e-01 2.364355732786043440e-01 2.468418090420014532e-01 2.535952473357239723e-01 2.525344920078694821e-01 2.462728318910537006e-01 2.432186443071073512e-01 2.413738379653023181e-01 2.471970142430562623e-01 2.496034262413195925e-01 2.433084371268750823e-01
-3.945123178237329442e-02 -7.421898232108696536e-03 1.474872851992552469e-01 1.000000000000000000e+00 2.741216357051624031e-01 2.548517909726623620e-01 5.469439191385209176e-01 5.110783035746930825e-01 3.284577387466839915e-01 3.271437119454992937e-01 3.301395418063541864e-01 4.874690350459827126e-01 4.048823140953852207e-01 3.461885425673246752e-01 4.992555755064730372e-01 5.191305972823915260e-01 3.644877795872713544e-01 2.248752699634681829e-01 2.873539949457430409e-01 5.587776177316221560e-01 4.369161701094567141e-01 3.731413056440442966e-01 2.726391807155432723e-01 3.040346971777773688e-01 2.994536308185086204e-01 3.831735048697054169e-01 4.059036077375206553e-01 3.772687864737896968e-01 2.729293000268395719e-01 3.318782463283701523e-01 3.894032657534498010e-01 3.836422691597785595e-01 3.541513327820882129e-01 4.111179124557681197e-01 3.434301920708092704e-01 4.405466120054541967e-01 4.224328256036223861e-01 4.431336280514847070e-01 4.207962571392321327e-01 5.124455454740156624e-01 4.382501075487416631e-01 4.363839605887399054e-01 4.866832659567262298e-01 4.897984922240966044e-01 4.463234663029165272e-01 4.172471105309711881e-01 4.070845324228841156e-01 3.999215857339890601e-01 4.450449688381515889e-01 4.880481730885868341e-01 4.613547886103445128e-01 4.826733541858561072e-01 4.985545744861893946e-01 3.795218808491294671e-01 4.239850786179904518e-01 4.214498474472505585e-01 4.312407516182851230e-01 4.230012464565762742e-01 4.245335019226997852e-01 3.908420702380424605e-01 4.265236578392868072e-01 4.091849622216733873e-01 4.375756777846757650e-01 4.309586365930992979e-01 4.077330128163167422e-01 4.182296616409093004e-01 3.802938996197638977e-01 3.498914301313653663e-01 3.900515706288033568e-01 4.357991142690882946e-01 4.319392262340225885e-01 4.164707228940242034e-01 3.774430038383020380e-01 3.853855360092979243e-01 4.137760855362250800e-01 3.976258051528567261e-01 3.928632552386392973e-01 3.609311487828494314e-01 3.832610974465936460e-01 3.575526693284696300e-01 4.090008963425276201e-01 3.882833614002197953e-01 4.105055485131373083e-01 3.932039510022975470e-01 4.311780572536589307e-01 4.161971487357412625e-01 4.181990744200721477e-01 4.227303145928399952e-01 4.110792590204820907e-01 4.142286454468294132e-01 4.413096267115186322e-01 4.198056034686671878e-01 4.281143986237244681e-01 4.155277983694476429e-01 3.948920199020604649e-01 4.004352592246316345e-01 4.762115416965356229e-01 4.543725889345440749e-01 4.226587156700488679e-01 4.386877490788324008e-01 4.370535111574812559e-01 4.315077468264928440e-01 4.465034140643496241e-01 4.352740840660853094e-01 4.348495766713333932e-01 4.097257897433058127e-01 4.138165400993812360e-01 3.842958695813947778e-01 3.931801001111495109e-01 4.048491440180446710e-01 4.168545887411043704e-01 4.022763238819801468e-01 3.983704306686717267e-01 4.080573568209547308e-01 4.048345766759069431e-01 4.090022618349756778e-01
-6.162081931440544294e-03 5.020326522937981761e-02 7.714165000910415404e-02 2.741216357051624031e-01 1.000000000000000000e+00 2.214330704085746282e-01 3.867961901535744706e-01 4.054184417128578466e-01 3.042529818541659381e-01 2.937725717835047434e-01 3.413291682065108246e-01 4.240708032588795251e-01 4.127468132562922554e-01 3.439943726912076949e-01 4.263359949637505752e-01 4.628124593956163269e-01 3.515130769119777510e-01 2.396823339846403667e-01 3.225407740734681505e-01 3.792005844271046922e-01 3.439175689923624213e-01 3.118653571438867456e-01 3.392154730678262342e-01 3.453443991542298752e-01 3.226045694081591808e-01 3.353534030903044250e-01 3.243142187828439438e-01 3.350379986877328742e-01 2.946312898241116862e-01 3.442749089349716463e-01 3.778348076657527810e-01 3.889695118831482668e-01 3.542389597103089982e-01 4.180788785166216215e-01 3.673542815102150971e-01 4.226060917343441026e-01 4.136429127425979568e-01 4.051876885943522799e-01 4.067091296541781031e-01 4.181403860748997281e-01 4.157723706063649050e-01 4.052890741267252128e-01 4.414324764935613765e-01 4.320539339465725437e-01 4.171986343335376546e-01 4.098458662885259285e-01 4.310364052360753928e-01 4.215377730553223068e-01 4.386614286751412961e-01 4.349037408423586104e-01 4.173891467956554746e-01 4.322673754835058002e-01 4.522047687138304739e-01 4.109945359531042564e-01 4.255003137588689865e-01 4.262956127159270858e-01 4.160845910597676389e-01 4.097251109374153710e-01 4.082572770821880082e-01 4.173116072190843906e-01 4.390170502147509035e-01 4.189599372596828908e-01 4.168037583289706527e-01 4.287520918561358862e-01 4.082880622518671454e-01 4.221313269890865638e-01 4.180326467121434630e-01 3.955810870147234426e-01 4.149990336561290571e-01 4.276297756831572983e-01 4.128578378914152247e-01 4.209761682723124898e-01 4.109473883357088186e-01 4.250124816086471302e-01 4.126677207624690480e-01 4.124209128675698222e-01 4.033702109274939773e-01 3.866894954875070289e-01 4.022004344111644869e-01 4.016382561477875313e-01 4.189108642655446912e-01 4.124713041673031544e-01 4.255635991010116026e-01 4.135864600601815710e-01 4.311650590658086535e-01 4.260464260972683936e-01 4.240907070051168071e-01 4.270227950059281019e-01 4.232329686950798142e-01 4.270377311444404356e-01 4.297791585625356237e-01 4.297448183136143296e-01 4.225893572967956424e-01 4.237528079710208284e-01 4.271654109552715517e-01 4.267544760877812760e-01 4.520397002175773893e-01 4.355958378061028369e-01 4.398938759205990312e-01 4.369265138143330063e-01 4.442916825971562345e-01 4.356026844092272254e-01 4.332637058291593513e-01 4.401713060661233134e-01 4.350877294408262430e-01 4.219341236904284309e-01 4.257291813416041459e-01 4.200238766952676395e-01 4.215749843860049362e-01 4.292949354008301910e-01 4.257552040367998392e-01 4.314776005727490871e-01 4.263411804065900257e-01 4.313399632875437040e-01 4.245136964325175732e-01 4.275500419022138510e-01
-3.584525294169308568e-02 5.744148759418003791e-02 1.308785666347642707e-01 2.548517909726623620e-01 2.214330704085746282e-01 1.000000000000000000e+00 3.776146692558833284e-01 3.719875340930261509e-01 3.611483075632466733e-01 3.796384455551083392e-01 4.049495485700377317e-01 4.855415317116519303e-01 4.273973547874941881e-01 4.127677271127991876e-01 4.792914881375961444e-01 4.753051420964765073e-01 4.082530079190020422e-01 3.242756980132921463e-01 3.853669812979416687e-01 3.760980496266316808e-01 3.871704538817893892e-01 3.794562252746968012e-01 3.902995776483766388e-01 3.658339611717711382e-01 3.844670168891392015e-01 3.943773902558491695e-01 4.177626475330703526e-01 4.011776096627034383e-01 3.709928467607642166e-01 4.087429190153843428e-01 4.622529797118447026e-01 4.339791668641256317e-01 4.159605020844750478e-01 4.594370784257119644e-01 4.276492419453304383e-01 4.775890044962025072e-01 4.709094943834672420e-01 4.575784997264096821e-01 4.697734349380224272e-01 4.612497457940827883e-01 4.880565977611431294e-01 4.769714104520123010e-01 4.860486324255863799e-01 4.932171431241895720e-01 4.930307542074863769e-01 4.835266005313911819e-01 5.011035554353545640e-01 4.946644201939006669e-01 4.990689798813974232e-01 4.763090690596402110e-01 4.827925699000850113e-01 4.840635954174675182e-01 4.889221653820721158e-01 4.846911666657895967e-01 4.898930046110071546e-01 4.832575870221302861e-01 4.786371536164764073e-01 4.946979870989070549e-01 4.878270253008561430e-01 4.979061371417231596e-01 5.043439280249595313e-01 5.011669485560485970e-01 4.894651040494332195e-01 4.923738474607076143e-01 4.894348912688192832e-01 4.950234730498661029e-01 4.943265829613818774e-01 4.760657573837588363e-01 4.828070729097471703e-01 4.955425218217355265e-01 4.844630278328994621e-01 4.930789524051730766e-01 4.820117985251010650e-01 4.931436191111475131e-01 4.917883498333454062e-01 4.942180418183913515e-01 4.867026106617095560e-01 4.718054327396461467e-01 4.794273649746721433e-01 4.811443175510290993e-01 4.947558043311870435e-01 4.968622076676821320e-01 4.940370285869037925e-01 4.871558548137032707e-01 4.966560069045375947e-01 4.963323666350608621e-01 5.010054513771368123e-01 4.956690738694176090e-01 4.982498067241108441e-01 4.938436569783732910e-01 5.022603484304042354e-01 5.057528430547562071e-01 5.033193920197931437e-01 4.992550280778508265e-01 5.055012610018726482e-01 5.034183101524151160e-01 5.033733595255048821e-01 4.951674043534058378e-01 5.049688432939860583e-01 5.044490042056429813e-01 5.064071001264087712e-01 4.998921538820596533e-01 5.016888517727438046e-01 5.052181108255430209e-01 5.047148934519706254e-01 4.974002271666313479e-01 5.002940674455218506e-01 4.992071904410691485e-01 4.943654325858897192e-01 5.060973994078801219e-01 5.005757026968862267e-01 5.065376701556445482e-01 5.045550226793348303e-01 5.006094321687158955e-01 4.994640387071140886e-01 5.022690326060761379e-01
3.300811482860065843e-02 6.234533288874578166e-02 1.664814748746796524e-01 5.469439191385209176e-01 3.867961901535744706e-01 3.776146692558833284e-01 1.000000000000000000e+00 6.408080482056891514e-01 5.653856781525260500e-01 5.687506238504442813e-01 5.105535680733364057e-01 6.640786833389289434e-01 6.028423815303286526e-01 5.652918349579865165e-01 7.448857439097320565e-01 6.946519855217314632e-01 5.923399578752970296e-01 5.052421949246931332e-01 5.671084454214507797e-01 7.110745330414768306e-01 6.497552812850917459e-01 6.104362689258885366e-01 5.458889946478198141e-01 5.854933298751954229e-01 5.653753324710975026e-01 6.420746337073113263e-01 6.450190325908504718e-01 6.246341500879498687e-01 5.371591286423331724e-01 5.909954162732337091e-01 6.479559962139714857e-01 6.568156540528721221e-01 6.215423300729270295e-01 6.820393342082138322e-01 6.128024900077436721e-01 7.039584637362535924e-01 6.813249036144597426e-01 6.748197846821039070e-01 6.740400323238856517e-01 7.247258768949026431e-01 6.773156037244117966e-01 6.697321218679895827e-01 7.060277095638707312e-01 7.220892742220044180e-01 6.933919706001692163e-01 6.608235783388209938e-01 6.604499911978464199e-01 6.582032410499896180e-01 6.942622587593376693e-01 7.268817402735726629e-01 6.902872585969161978e-01 7.202494987101100143e-01 7.227147287824362554e-01 6.412172700687438498e-01 6.748178834512137403e-01 6.819415942633406669e-01 6.815390225750604936e-01 6.596719542932260039e-01 6.567486333967050838e-01 6.580231883753471234e-01 6.802689053792547735e-01 6.555091979239858757e-01 6.616731682324071828e-01 6.792543906343619931e-01 6.653242350609517297e-01 6.716940970939269118e-01 6.452272315359104393e-01 6.315202779955620960e-01 6.627585606335802959e-01 6.952499394708266944e-01 6.895717228751784278e-01 6.788202446438575954e-01 6.558102985651910188e-01 6.595344000920708716e-01 6.758058551236504341e-01 6.632178207469563436e-01 6.632258357549255523e-01 6.321975885886814694e-01 6.532722134561035343e-01 6.335764145597262420e-01 6.718968613503126797e-01 6.537265626543682373e-01 6.729554095586277596e-01 6.615941738115078685e-01 6.887917568785680844e-01 6.842763950751780122e-01 6.780677596671113028e-01 6.739740997676276768e-01 6.707918861735681082e-01 6.774713657615132334e-01 6.886241987592822689e-01 6.750546528915206679e-01 6.833897373500750216e-01 6.716435211491224022e-01 6.522363703687714676e-01 6.567927545589686833e-01 6.998117345242893528e-01 6.944000712118747476e-01 6.735825084936194473e-01 6.906336400809472975e-01 6.799616330804900688e-01 6.714836228446475763e-01 6.860377309658696188e-01 6.798457826158568196e-01 6.870678434926895672e-01 6.626786264538626625e-01 6.695447821521030018e-01 6.473238397210480111e-01 6.526081993267641712e-01 6.630481789212407939e-01 6.617303535508798351e-01 6.620943513634770516e-01 6.483478111720717418e-01 6.671043234742324302e-01 6.624357598811834169e-01 6.668383370969372947e-01
-3.408023914001614280e-02 1.202345926695866894e-02 1.454870161515204596e-01 5.110783035746930825e-01 4.054184417128578466e-01 3.719875340930261509e-01 6.408080482056891514e-01 1.000000000000000000e+00 4.879623047507398725e-01 4.918544272395478090e-01 5.385194260829538893e-01 6.740744414844664911e-01 5.951267572848615295e-01 5.507046123020852280e-01 6.956149357144155720e-01 7.302315393325343740e-01 5.488400868223182183e-01 4.050101458829150625e-01 4.945600126070373026e-01 6.444073754162480405e-01 5.448819402609493823e-01 5.164401801482876309e-01 4.839464728777120861e-01 4.949342838542909462e-01 4.858784450078597050e-01 5.580113251166903821e-01 5.635719674965585790e-01 5.498757664849819315e-01 4.414846925651544907e-01 5.359864428370431089e-01 5.970489876865084922e-01 5.874032122213695972e-01 5.642089622912207503e-01 6.301098998301649656e-01 5.645129009909534146e-01 6.568023830826382747e-01 6.406028426128198561e-01 6.126563246460275947e-01 6.297990208000152634e-01 6.695062904675022075e-01 6.565048697753608220e-01 6.355275848257009308e-01 6.902936201163595298e-01 6.841115565791063835e-01 6.602659914455639711e-01 6.305398543536473444e-01 6.563013331307353537e-01 6.471804897716110228e-01 6.833205389852622380e-01 6.872041820881160668e-01 6.674621387152428476e-01 7.015568642138725330e-01 7.166665187533713954e-01 6.314533413132249473e-01 6.583699717271130902e-01 6.495629023399482893e-01 6.645019576967183816e-01 6.493760940231232404e-01 6.431254933423605769e-01 6.428552639519585776e-01 6.778009822917846483e-01 6.529886992824227576e-01 6.574753691420360813e-01 6.714918129474334307e-01 6.386561146084980267e-01 6.634030147126429577e-01 6.398925492987627139e-01 6.026275785527768214e-01 6.347916062690543981e-01 6.670461890840783115e-01 6.483173066996007483e-01 6.438489068244735991e-01 6.231210810906441244e-01 6.347805510939644735e-01 6.516050100653371091e-01 6.345398093363685543e-01 6.297872576775526143e-01 5.935601018335235901e-01 6.186651394206316157e-01 6.144121833029727586e-01 6.524461396541038072e-01 6.379025594853184877e-01 6.548368715409863539e-01 6.403965084017890774e-01 6.677654118823338480e-01 6.558066874456616180e-01 6.631660526563937230e-01 6.587658777028739809e-01 6.570430733939389700e-01 6.538738310612103311e-01 6.722184777605685335e-01 6.639513076423982918e-01 6.665868869829421062e-01 6.572600606895772080e-01 6.538448830082833618e-01 6.578793730230344527e-01 7.075087969091036211e-01 6.926978358782092116e-01 6.829189460663054323e-01 6.789749265903101128e-01 6.878218329893879268e-01 6.793608895919223123e-01 6.865494155962886813e-01 6.785867720186146146e-01 6.810627017852127763e-01 6.659178818450878223e-01 6.712118780031892662e-01 6.444638096105652636e-01 6.494237707494129319e-01 6.611144193505947841e-01 6.584835951941688803e-01 6.625903047736229068e-01 6.604776587265691612e-01 6.699217456448915975e-01 6.565543666961209945e-01 6.673253614103715758e-01
2.324630866471928126e-01 2.220447772329250946e-01 2.173284278567853001e-01 3.284577387466839915e-01 3.042529818541659381e-01 3.611483075632466733e-01 5.653856781525260500e-01 4.879623047507398725e-01 1.000000000000000000e+00 7.556362502952836957e-01 5.919905648000360898e-01 6.233386065625485806e-01 5.940879213704864936e-01 6.417608728858945621e-01 7.066543305126099517e-01 6.438285029798043180e-01 7.577001155574859537e-01 7.752167435580764598e-01 7.865880672558406284e-01 6.527464515922273280e-01 7.460476278567724773e-01 7.952655540773286846e-01 7.894815932428309591e-01 7.834012189902188616e-01 8.119799461633325777e-01 8.176622407947790050e-01 8.029977346984835673e-01 8.107156534682313787e-01 8.079871946348798906e-01 8.279466413521278101e-01 8.229620784356450613e-01 8.254988777428337032e-01 7.952960126057654344e-01 8.129003311407516641e-01 7.925656487644970882e-01 7.724234344666156549e-01 8.022334837608852132e-01 7.830140622010984819e-01 7.974831004853512040e-01 7.692867780770686892e-01 7.911297708846205534e-01 7.858922618872129506e-01 7.391568561153697425e-01 7.882434489525609322e-01 8.017604331069774215e-01 7.776342679011909453e-01 7.722222428743510392e-01 7.951663633729192382e-01 7.788999498490293272e-01 7.799503623025876298e-01 7.674253185117629883e-01 7.451095632007448399e-01 7.400914046607174335e-01 7.992975444260773665e-01 8.047548639162064310e-01 8.142728861796293405e-01 7.996738357607118264e-01 7.820323472209815829e-01 7.835881193663305488e-01 7.904850841914287107e-01 7.602019326530465859e-01 7.752429910820809456e-01 7.542037241270993508e-01 7.768210915535366246e-01 8.032149898836788982e-01 7.888351410151389631e-01 7.784067193684153230e-01 8.185780475528242617e-01 8.188244923748441151e-01 8.016120883584507695e-01 8.178168933836692522e-01 8.151000663558191084e-01 8.198437300525160953e-01 8.087233768981159088e-01 8.050796105445877648e-01 8.019319306681322868e-01 8.051475878816493070e-01 8.184680988629605691e-01 8.173003181102012071e-01 8.072866865785544022e-01 8.041273531731205626e-01 7.950615489676132741e-01 8.009093092738107655e-01 8.036496617678650090e-01 7.962682584135457597e-01 8.060719390727800748e-01 7.915411381143646619e-01 7.908361659855075443e-01 7.874016929986532576e-01 8.063847045774849009e-01 7.752226524633512028e-01 7.776784960421671000e-01 7.903024875933043480e-01 7.818235501371243457e-01 7.689635768678951822e-01 7.740007984020818022e-01 7.437234551882696554e-01 7.643173892955862359e-01 7.565256285646054790e-01 7.761628527132173883e-01 7.471888735278763294e-01 7.540814823315242776e-01 7.558241649239351156e-01 7.658413956051193239e-01 7.766432042439225247e-01 7.783142420819560980e-01 7.742007053047597065e-01 7.802055729590806621e-01 7.855045646458151953e-01 7.772248263542324009e-01 7.732197139306560274e-01 7.709537465269696854e-01 7.593824717950942160e-01 7.657745236999012883e-01 7.838652083787427394e-01 7.769599783075149535e-01
1.906499069603708185e-01 2.610685434722280762e-01 2.183377941475966588e-01 3.271437119454992937e-01 2.937725717835047434e-01 3.796384455551083392e-01 5.687506238504442813e-01 4.918544272395478090e-01 7.556362502952836957e-01 1.000000000000000000e+00 5.674691209881721488e-01 6.209476205942255911e-01 5.974132102679897693e-01 6.306095737402900303e-01 7.027203045185572705e-01 6.349228337798249466e-01 7.117929878042862368e-01 7.439118573111320742e-01 7.433436865496557688e-01 6.423640042680383022e-01 6.959910315333593944e-01 7.424731559622366195e-01 7.588681973009062665e-01 7.576330541171836241e-01 7.710181956741039011e-01 7.722509531810133332e-01 7.636019015274599919e-01 7.682638063886791935e-01 7.624335530666406235e-01 7.860518456452777469e-01 7.943151956545583259e-01 7.960706962120830399e-01 7.588555003760966144e-01 7.860161696188394664e-01 7.542694500751289111e-01 7.473716404373224043e-01 7.726479412285519599e-01 7.672500416660054112e-01 7.751644021151103958e-01 7.519874795750882690e-01 7.721544918755975928e-01 7.669154304964196367e-01 7.344419211506734158e-01 7.679820517469795327e-01 7.815941309578666729e-01 7.606900770930841160e-01 7.518343993000501380e-01 7.710918649236462308e-01 7.593841340783110683e-01 7.548132604464373729e-01 7.526360430234214638e-01 7.196586390350243612e-01 7.143704862435638070e-01 7.719464270933782402e-01 7.775353874278198019e-01 7.881851776435870871e-01 7.616357177688120039e-01 7.606095657402236476e-01 7.596340029894114165e-01 7.655227387861507360e-01 7.443193343597345191e-01 7.558504899580873460e-01 7.313479991577942485e-01 7.552477630632011829e-01 7.739507986668411332e-01 7.603825618032927780e-01 7.597241784960356847e-01 7.892834959670863570e-01 7.946546728872164733e-01 7.807380242928735337e-01 7.835879015682973847e-01 7.841237755653113206e-01 7.962013864080702552e-01 7.861498824576410582e-01 7.826957012847229889e-01 7.793867572676703714e-01 7.841343099553654827e-01 7.883952536538620937e-01 7.950755627953225435e-01 7.816146398006453833e-01 7.821360729372873744e-01 7.746783662359074674e-01 7.783396253737159265e-01 7.759165703790945612e-01 7.750866639537570268e-01 7.843963278581608245e-01 7.722592253091913328e-01 7.707848628056650497e-01 7.697983851442570247e-01 7.843403264845656420e-01 7.611404264779798590e-01 7.642702253164856963e-01 7.695187894383894722e-01 7.634066345000735110e-01 7.516719220237451093e-01 7.557457926102953971e-01 7.274652962380167009e-01 7.350647877346827563e-01 7.392775388256661584e-01 7.601524323295956176e-01 7.364175503342932361e-01 7.321201041170908308e-01 7.345287206841967231e-01 7.480255565394400286e-01 7.576413424459478296e-01 7.513946161387707878e-01 7.492863206288822298e-01 7.598632281442285752e-01 7.634849443028159932e-01 7.578623077610262548e-01 7.566427232827566129e-01 7.518291877346513497e-01 7.410123971974033052e-01 7.438556417483557226e-01 7.603355174162662600e-01 7.505134810297847681e-01
-7.422722228657845783e-03 1.147476220815425024e-01 1.999912965167833789e-01 3.301395418063541864e-01 3.413291682065108246e-01 4.049495485700377317e-01 5.105535680733364057e-01 5.385194260829538893e-01 5.919905648000360898e-01 5.674691209881721488e-01 1.000000000000000000e+00 7.430687544240125453e-01 6.454055475088952276e-01 6.490910884209113441e-01 7.233667585074983197e-01 7.049979151176831715e-01 6.504355727294381939e-01 5.435492160499934000e-01 6.225144627090570815e-01 5.754709556332568976e-01 5.744901975800019711e-01 5.931775527134393045e-01 6.278428507598023955e-01 5.850774308862697337e-01 6.253004370416984647e-01 6.484116523261664877e-01 6.670921810231013049e-01 6.573900454113372760e-01 6.179021401403138603e-01 6.800377611704025993e-01 7.294890857847311505e-01 6.980983650936734008e-01 6.838033733204815778e-01 7.192573653148336410e-01 6.984627354654189269e-01 7.434993542778747244e-01 7.429946753188411135e-01 7.101465730494508355e-01 7.416690958731884109e-01 7.045327038006464759e-01 7.524193228297877400e-01 7.425826592618447464e-01 7.535207550881711791e-01 7.556959858829900289e-01 7.451863665004094806e-01 7.544855552585143510e-01 7.845313294557305639e-01 7.760061447577549787e-01 7.834631843952470920e-01 7.489089480341190042e-01 7.504297284587271299e-01 7.490752824610652505e-01 7.458064447840281330e-01 7.680656848315594587e-01 7.637392073432052175e-01 7.522447924711794798e-01 7.649570073611247079e-01 7.606300724720338469e-01 7.594715001773448826e-01 7.801828744306695818e-01 7.871623081432813640e-01 7.826040849862955229e-01 7.578704799022778493e-01 7.775920277142958081e-01 7.661830339850137506e-01 7.763433127495484865e-01 7.825716040280219499e-01 7.600522697132298111e-01 7.614788554654415842e-01 7.715312438027668307e-01 7.521144828448518282e-01 7.662803611472207566e-01 7.568308121094776686e-01 7.674881243150781795e-01 7.688158278017148684e-01 7.723357520715036229e-01 7.686394016977013965e-01 7.550623101624729383e-01 7.602369586580420835e-01 7.679511914980782228e-01 7.704341710899101914e-01 7.814949690587056352e-01 7.767981805690492569e-01 7.659350603003708402e-01 7.693375232276739029e-01 7.728278480324973776e-01 7.796062626242422633e-01 7.737742536590558329e-01 7.774305448419428499e-01 7.687647031658627617e-01 7.718919446996223011e-01 7.838163293723768854e-01 7.785669906867518364e-01 7.773902452135327268e-01 7.866613970892266661e-01 7.874259554392155636e-01 7.775182470064039286e-01 7.779615396582555409e-01 7.907702299515555477e-01 7.802035612145840071e-01 7.848264565232955237e-01 7.820587280935956676e-01 7.798325078457266635e-01 7.858446673726094955e-01 7.845735510457619855e-01 7.834611799886279648e-01 7.868675054173959182e-01 7.840181811869606499e-01 7.796884521162498194e-01 7.867770064619709069e-01 7.813770542697200394e-01 7.919226918439632446e-01 7.899810607364522452e-01 7.895919731745654202e-01 7.874530259444030289e-01 7.857863966134288614e-01
-7.935220609943745285e-02 5.494511831193372303e-02 2.214176034052695863e-01 4.874690350459827126e-01 4.240708032588795251e-01 4.855415317116519303e-01 6.640786833389289434e-01 6.740744414844664911e-01 6.233386065625485806e-01 6.209476205942255911e-01 7.430687544240125453e-01 1.000000000000000000e+00 7.552077182553483814e-01 7.273284236682507897e-01 8.465582068355793632e-01 8.419747377728622473e-01 7.088875878008576992e-01 5.438349995454347940e-01 6.457386632203921950e-01 6.964747872713177301e-01 6.508021545344382375e-01 6.337914208955045536e-01 6.415014622259851418e-01 6.131983879565514606e-01 6.394837359380736164e-01 7.044985753882039292e-01 7.387977060487085357e-01 7.115645859968221520e-01 6.444596744862812754e-01 7.289826040204115953e-01 7.977026394630724049e-01 7.581486213083581394e-01 7.501247107003358172e-01 7.926122162393385295e-01 7.673310264800272673e-01 8.309227719343622587e-01 8.276868232443513884e-01 8.081721339484546629e-01 8.337358187002726906e-01 8.127861809588772246e-01 8.458951735891396817e-01 8.318094225247827378e-01 8.690860905166740702e-01 8.612591830531570736e-01 8.403300214841944449e-01 8.458641086232990824e-01 8.746586626809358389e-01 8.623859111721838833e-01 8.757495108945995144e-01 8.527139053596387575e-01 8.577636508611632404e-01 8.529337040059028485e-01 8.679757274108385046e-01 8.435207228075359831e-01 8.475795444433269488e-01 8.383873563779358218e-01 8.430102920743417494e-01 8.528643144103295048e-01 8.518155403652697411e-01 8.615939261122242954e-01 8.854131832225630161e-01 8.660092023211271028e-01 8.553839487760637184e-01 8.678378613705459710e-01 8.427188830687373233e-01 8.616910017734520366e-01 8.608299504227271415e-01 8.198964731655886684e-01 8.358603584822323906e-01 8.619352775471575967e-01 8.359072051759676159e-01 8.443694545171277488e-01 8.263090890794061449e-01 8.400121336552059947e-01 8.531516386416495568e-01 8.501984845137946500e-01 8.438975390545785382e-01 8.191895550678410798e-01 8.298362733684556680e-01 8.353738730217586950e-01 8.561488764583262689e-01 8.584546399387841253e-01 8.562417956168033584e-01 8.484425248018905297e-01 8.619156081712844308e-01 8.566469500949935867e-01 8.669628921659479071e-01 8.634287666851360177e-01 8.658465468743421489e-01 8.500507488307884607e-01 8.688161387386537093e-01 8.753112297288236920e-01 8.697826482107106072e-01 8.698617630316779481e-01 8.760186017337497910e-01 8.768556795138807702e-01 8.819168458225400409e-01 8.754654415651522692e-01 8.844387429403390843e-01 8.779037736523053193e-01 8.873136654312476779e-01 8.759761832924219949e-01 8.827464582838432383e-01 8.819523425211922563e-01 8.781569182968785858e-01 8.643460427070452923e-01 8.753027660933572207e-01 8.680500503800773204e-01 8.625606424413559958e-01 8.744451304631725153e-01 8.704777721312603189e-01 8.788491187779953195e-01 8.759401251755513096e-01 8.789126637582450607e-01 8.698150587512543108e-01 8.720552585582604932e-01
-3.172956852464577093e-02 7.519437342365196952e-02 2.183689264680850339e-01 4.048823140953852207e-01 4.127468132562922554e-01 4.273973547874941881e-01 6.028423815303286526e-01 5.951267572848615295e-01 5.940879213704864936e-01 5.974132102679897693e-01 6.454055475088952276e-01 7.552077182553483814e-01 1.000000000000000000e+00 6.718080466547319274e-01 7.782255836479780031e-01 7.692055391098495676e-01 6.619312314914921336e-01 5.577304774489498795e-01 6.381920360701823780e-01 6.507698561335644172e-01 6.317083668635818938e-01 6.322169825346141137e-01 6.345759144248261929e-01 6.140845936666454730e-01 6.298345588005822560e-01 6.687147983438314069e-01 6.862105636063843273e-01 6.667309569506667533e-01 6.021908310506727258e-01 6.908907770644785451e-01 7.450714970640777146e-01 7.273491933625878536e-01 7.103437096987745836e-01 7.588509393038770368e-01 7.319245218515485485e-01 7.768557102517872348e-01 7.783526105771705339e-01 7.491618244484242739e-01 7.794765617098979860e-01 7.455297164801284460e-01 7.862312480322605213e-01 7.773037528290915876e-01 8.012444977836361559e-01 7.960560619953034323e-01 7.818156582123059195e-01 7.765958778925714512e-01 8.061722674773212916e-01 7.986015208935424159e-01 8.053711221944790388e-01 7.867149123306488301e-01 7.894329294757458371e-01 7.876455121981585927e-01 7.895903038969539489e-01 7.853709811219820036e-01 7.890356582604948210e-01 7.803639339543934073e-01 7.812061282409906715e-01 7.939141589010292321e-01 7.872554585903811519e-01 8.004485707935585781e-01 8.146577229928165798e-01 7.994454454593049597e-01 7.838489332778795227e-01 7.995016407372800282e-01 7.845300878293458569e-01 7.986403285047104506e-01 8.006463462734852987e-01 7.745481046229296673e-01 7.870120524007184759e-01 8.018088885787335585e-01 7.839996881914634841e-01 7.910006148942754223e-01 7.763800419312534284e-01 7.866573619432242204e-01 7.926985474422725275e-01 7.943499342581388234e-01 7.827820767763791210e-01 7.592885035402087146e-01 7.712556396271623704e-01 7.820961032838454896e-01 7.963686409494020735e-01 7.939162065424339998e-01 7.995020566544793761e-01 7.897958096607319289e-01 8.024558720649404009e-01 8.010410965328284005e-01 8.063128245772788194e-01 8.020772156856065260e-01 8.046986893878145253e-01 7.936296214522431391e-01 8.031263375273824945e-01 8.097370726870569690e-01 8.073127963481346869e-01 8.040173834740390602e-01 8.098412959060161675e-01 8.099344713594711642e-01 8.122200643547162757e-01 8.054729474099764364e-01 8.137860284591876825e-01 8.110497122442839046e-01 8.170793234233991731e-01 8.091190704668138611e-01 8.130963229068708387e-01 8.160109300811341226e-01 8.136949481422273145e-01 7.995076803367903162e-01 8.073232257170837034e-01 8.035534096796436154e-01 8.013970309816407234e-01 8.088821238176489015e-01 8.070436017653784821e-01 8.108793052587851546e-01 8.089200711721532544e-01 8.101050130707642127e-01 8.042353489009400613e-01 8.078238046628639646e-01
