1.000000000000000000e+00 2.291555099974426080e-01 8.442449461609313754e-02 7.537027512987272415e-02 5.685669519638938268e-02 5.837839599389143402e-02 1.063836725515474591e-01 8.676320264602264964e-02 1.837296295143982239e-01 1.313166566188306850e-01 4.473916306435342383e-02 6.782984626133428674e-02 2.322115761528320554e-02 2.319514290276400090e-02 5.003300898230544219e-02 3.345282693937050994e-02 1.640189676761780180e-01 1.582647405586556366e-01 1.370771026695970229e-01 1.055851037753780947e-01 1.840201703779663911e-01 1.489271165847291800e-01 1.938368411769186561e-01 1.390592445389449983e-01 1.214128448933249477e-01 1.306648666510198398e-01 1.232607671383887660e-01 1.187702942503968268e-01 1.488267445679461176e-01 1.408988668304756720e-01 1.202404088022975132e-01 1.077017247940350309e-01 1.130997641860174152e-01 8.186921864611500232e-02 1.124392088140485219e-01 7.451024507220430082e-02 6.825196013070299050e-02 4.824535658221051210e-02 6.217063998918583023e-02 1.032235098791761500e-02 3.934033630116083591e-02 2.079526071922625785e-02 3.146635950521127489e-02 6.385181304514565837e-02 2.984094128339294036e-02 2.753528418198970124e-02 1.418646665126434281e-02 2.787054486398317377e-02 3.595783935819419491e-02 1.960944523927718799e-02 2.448432874456509672e-02 4.938759933861971985e-02 3.028205081926793954e-02 7.352825893313492955e-02 3.769028137222393132e-02 6.312484026420933647e-02 7.661347205077678746e-02 2.832173234730733444e-02 2.525403015206032983e-02 5.491200090100630676e-02 2.057573188157915678e-02 7.335307608632465892e-02 3.631539639326299834e-02 7.428125684458863898e-02 1.011808865312082556e-01 7.758782547994029499e-02 2.990592901508165591e-02 5.047063689568692668e-02 6.946439027904659225e-02 5.883128409620313332e-02 6.373974374135561727e-02 4.548041329102582575e-02 5.459873050943092609e-02 4.803682361840792142e-02 4.003006391401436187e-02 3.966882757785583635e-02 4.425319145274664301e-02 6.793224379040790906e-02 4.161206202733229442e-02 5.565937117281948010e-02 4.630934921899141493e-02 5.675945562347082390e-02 7.099339670674489899e-02 4.430633397138726559e-02 2.024405645049951949e-02 2.513482406808966937e-02 2.669222483038047669e-02 1.217165029966008755e-02 2.436771081524706853e-02 4.144076688159741700e-02 6.590533718635615407e-03 4.825698551887904093e-03 1.916422917949862567e-02 1.934833388691812109e-02 6.666844137350671530e-03 1.418754803152002565e-02 -1.114930789456854490e-02 1.372286243947085094e-02 1.377874435194552556e-03 4.759779237981249730e-03 -3.486083306709721486e-03 5.553431953733288691e-03 1.816895744710941146e-02 8.159485801123538343e-03 2.510843283625172062e-02 2.559338775373154809e-02 1.335238565963721424e-02 2.273871388211895841e-02 1.798138938772302423e-02 1.788716207586437540e-02 1.089238172388508862e-02 3.118156259443358516e-02 2.783693884533843324e-02 3.511902411056435497e-02 5.872201122039279186e-02 3.984626362192464355e-02
2.291555099974426080e-01 1.000000000000000000e+00 8.982383227462661934e-02 9.708477783595508004e-02 1.153328737437804979e-01 6.205037808346861722e-02 1.872346584005214754e-01 1.310302503799685159e-01 2.220809629382818340e-01 2.278577788893156042e-01 1.511908929457121964e-01 1.606209006273473516e-01 1.240396176496642577e-01 1.233543277232819202e-01 1.759488144266440068e-01 1.509321706771470095e-01 2.159774795760414923e-01 2.837873150098732533e-01 2.544381457232504085e-01 1.817444107327421399e-01 2.152645089603883455e-01 2.228308765487064524e-01 3.037552087732234285e-01 2.698680840744371312e-01 2.428698388476494274e-01 2.306156045386381637e-01 2.083462573628120096e-01 2.262169269154611639e-01 2.499638009990606258e-01 2.293105368523888354e-01 2.207918596799360589e-01 2.298016789249362757e-01 2.306638611802949157e-01 1.872738374210354273e-01 2.190992959121958739e-01 1.790581363823101901e-01 1.905351332471801884e-01 1.648160985910612775e-01 1.782782393759144712e-01 1.588477939570556163e-01 1.677439968937547432e-01 1.606186675345188386e-01 1.663646911424263020e-01 1.862567974751976607e-01 1.550852684956807725e-01 1.539490396496344948e-01 1.397215280681849414e-01 1.540456506561407035e-01 1.569346721422600621e-01 1.157000683271579844e-01 1.469558646978594563e-01 1.344030770176923018e-01 1.438282067905187200e-01 2.013054341620520715e-01 1.684188321523950038e-01 1.942185712615993598e-01 1.864550374536724786e-01 1.651497607637213705e-01 1.655476520516490635e-01 1.756101332735058862e-01 1.417422392475280180e-01 1.898627779143103045e-01 1.618671000798550530e-01 1.747798354059446058e-01 1.889227733209180027e-01 1.835167437185027950e-01 1.558957015967220028e-01 1.921311576384790998e-01 1.999301653770780285e-01 1.781437225853450546e-01 1.786332222008686077e-01 1.783835060826934049e-01 1.938886702165943388e-01 1.854289903210319945e-01 1.634226612823906910e-01 1.651710832608880575e-01 1.725743864779782644e-01 1.941585017537812152e-01 1.710849791756131055e-01 1.776302202835711719e-01 1.759660774175892950e-01 1.800862181620081215e-01 1.874279158307875226e-01 1.676434490825260137e-01 1.326436774557764042e-01 1.529629549132334732e-01 1.608540183545711932e-01 1.411565287111889166e-01 1.498374858986948610e-01 1.727794924237393004e-01 1.496101523471845551e-01 1.406241560269112234e-01 1.521275572805378951e-01 1.556102417920021130e-01 1.399491775606329924e-01 1.507315171418955324e-01 1.128553461373684452e-01 1.215595573104266552e-01 1.320028202694253083e-01 1.296199924572438433e-01 1.314899192826238239e-01 1.313625869100717436e-01 1.378635622196512922e-01 1.370398447419025612e-01 1.362567607774982648e-01 1.487405659088921195e-01 1.378319696386931248e-01 1.528260721646629294e-01 1.513622060193630658e-01 1.443160022614384252e-01 1.511869545745785359e-01 1.565878985539558843e-01 1.576278763537292127e-01 1.488411456395191679e-01 1.684520001730554217e-01 1.499864727933003516e-01
8.442449461609313754e-02 8.982383227462661934e-02 1.000000000000000000e+00 2.343433615046409957e-01 1.516807639969217358e-01 1.658151695260189351e-01 2.594324157910714024e-01 2.285994767991481325e-01 2.621308997744553615e-01 2.412967705053471468e-01 2.174235945802216741e-01 2.725186395302438558e-01 2.029919467843114000e-01 2.311569455883002722e-01 2.805254806506737864e-01 2.872606688202444247e-01 2.547351875500029061e-01 2.555082316205528614e-01 2.616061373658502553e-01 2.585251714854521765e-01 2.857336891348509211e-01 2.786070421814418885e-01 2.797014621540302448e-01 2.616771226104942505e-01 2.603937972321296312e-01 2.894873370156910708e-01 2.859253801778444126e-01 2.864190646370513571e-01 2.899136971914089700e-01 3.022665209506538719e-01 2.922284585946072766e-01 2.874289491349787951e-01 2.961238808394876521e-01 2.872344475462714763e-01 2.921098311900539590e-01 2.868743192810969123e-01 2.777819446798320824e-01 2.935831644333254942e-01 2.880196003847071418e-01 2.681009365762305752e-01 2.816069347998368944e-01 2.749258412878134994e-01 2.830709700056917577e-01 2.959249481580784602e-01 2.835481962155224078e-01 2.723514149124365846e-01 2.620953741207113774e-01 2.698400993153421967e-01 2.733298525020820269e-01 2.874240493999772328e-01 2.866845559658010023e-01 2.775128369416158813e-01 2.851032093633089071e-01 2.696249197045773593e-01 2.716691343995318308e-01 2.868957740342666374e-01 2.787015568194233239e-01 2.636996251533817448e-01 2.671673706932116699e-01 2.699638108269688530e-01 2.727611545962242978e-01 2.691207696038354635e-01 2.736022781166156381e-01 2.792074459314480284e-01 2.762774414784706645e-01 2.756925977561743291e-01 2.687315470449853638e-01 2.736729077916256192e-01 2.817082816256680777e-01 2.916715313686134570e-01 2.850920960576971419e-01 2.743087603765118065e-01 2.797447704871879881e-01 2.747842551095244779e-01 2.790926309220952417e-01 2.711129113896604270e-01 2.850637525076925027e-01 2.791434502826774522e-01 2.869768426898958169e-01 2.768913749409772640e-01 2.843390365118166341e-01 2.839620558984057297e-01 2.820068738123494012e-01 2.732781765408130448e-01 2.801744854949250185e-01 2.754958488903499481e-01 2.754860532300739129e-01 2.757251272356666671e-01 2.785000773612577585e-01 2.744888074283806101e-01 2.756212826208022104e-01 2.711253277296950537e-01 2.755330012977617593e-01 2.742222759902031015e-01 2.621468816765666343e-01 2.637809238885408525e-01 2.756892618628130065e-01 2.777196599812854494e-01 2.662598858596709750e-01 2.732820260619026609e-01 2.734761803112615852e-01 2.706561027418212806e-01 2.734648119836274871e-01 2.706749185729599438e-01 2.779601461067719437e-01 2.654519021448336624e-01 2.692202418751103443e-01 2.642927369896114764e-01 2.697430715162553172e-01 2.694265796615800679e-01 2.657534721009184864e-01 2.664487273228640096e-01 2.657525097402967384e-01 2.713096910445264021e-01 2.682261237184175307e-01 2.692129046005876103e-01
7.537027512987272415e-02 9.708477783595508004e-02 2.343433615046409957e-01 1.000000000000000000e+00 2.547162915867072774e-01 2.714649373552975864e-01 4.407015369769481383e-01 4.392166307201252895e-01 4.069495769018977027e-01 3.770253863308364317e-01 4.083453499807001563e-01 5.019527207547496150e-01 4.124360671032167858e-01 4.284300029111114405e-01 4.793271853586169584e-01 4.802479906735694914e-01 4.012951736366266453e-01 3.997254453960074616e-01 3.939547937437213321e-01 3.869294365658553780e-01 4.328716807622243201e-01 4.547651989038282161e-01 4.122685019892569080e-01 3.828957989934294592e-01 3.928876588123538793e-01 4.948085324190786283e-01 4.684969812274099032e-01 4.761806518359532059e-01 4.509665154745652882e-01 4.609950846289795345e-01 4.670341415918027317e-01 4.870549516944037705e-01 4.769444072512918908e-01 4.848249958549807892e-01 4.754753772039098103e-01 4.976051673938486353e-01 4.632476796147287357e-01 4.977324108437302663e-01 4.978990624696202349e-01 4.918063760361562342e-01 4.833344842518305096e-01 4.879082123847934827e-01 5.023458468401980070e-01 5.049947948722872670e-01 4.854259489144048256e-01 4.813755137396354411e-01 4.635579334323559064e-01 4.705200597794396700e-01 4.820569586448715804e-01 5.069326175374820886e-01 5.008688319236695996e-01 5.138049397657816764e-01 4.894549170686126049e-01 4.742211660116907312e-01 4.811742587128426396e-01 4.871064988314392497e-01 4.870309615406989145e-01 4.719986575243244054e-01 4.616371297362700243e-01 4.737173688021176221e-01 4.851784841276828852e-01 4.671860913577218222e-01 4.833320871944835617e-01 4.863791490522918481e-01 4.738794298577294062e-01 4.921204116741826340e-01 4.667496893770815003e-01 4.686132219159928614e-01 4.729153668780067821e-01 4.874273298222785988e-01 4.770549501232801415e-01 4.610094726578616853e-01 4.631988016112015272e-01 4.542703464432458760e-01 4.832878637035662450e-01 4.715574508967907974e-01 4.775765252325094856e-01 4.691571332227049140e-01 4.738004676652920466e-01 4.665788237072495126e-01 4.672383053768173755e-01 4.741112851615992274e-01 4.850961308003091665e-01 4.743008125266685027e-01 4.926652614913066830e-01 4.746833093103945411e-01 4.731937992048897423e-01 4.892687396934054522e-01 4.822277666480879188e-01 4.767907449819543397e-01 4.833299619426020821e-01 4.777333470440622287e-01 4.826238979599544177e-01 4.826931114732102568e-01 4.660509421380363837e-01 4.691464828675812049e-01 4.964102164149268859e-01 4.995474171034017807e-01 4.773485355050863244e-01 4.896290196762123070e-01 4.887524649091765649e-01 4.903425895367040654e-01 4.845087271440705612e-01 4.862336614259880063e-01 4.948996812980891447e-01 4.795486577939925832e-01 4.816007614715748786e-01 4.716175669983994623e-01 4.819076569666519982e-01 4.766055916558606387e-01 4.755252957762863275e-01 4.724403271503568313e-01 4.747092085211773727e-01 4.875546571407955998e-01 4.770085289654711347e-01 4.834651717995212539e-01
5.685669519638938268e-02 1.153328737437804979e-01 1.516807639969217358e-01 2.547162915867072774e-01 1.000000000000000000e+00 2.067929469951303723e-01 3.841371903007669841e-01 3.959172250424927153e-01 4.026131866540355042e-01 3.998036400154558190e-01 3.692243144157382195e-01 4.226074913463856442e-01 4.128255592290929199e-01 3.704445979325158289e-01 4.294807799600060538e-01 4.510042420666791063e-01 4.143503978247389807e-01 3.713185540673409335e-01 3.946824159106915308e-01 3.225158036425986863e-01 3.823518056335151738e-01 4.071971662022905170e-01 3.800722401558657149e-01 3.623008070393340385e-01 3.679731673398183300e-01 4.316444615984090238e-01 4.057562974170491055e-01 3.930058073269127039e-01 4.101577103979766048e-01 4.047343050869418590e-01 4.168665149638896561e-01 4.465785774214106607e-01 4.097136830599062973e-01 4.367889768557599584e-01 4.360360822104228373e-01 4.182889245319142968e-01 4.002074934953762653e-01 4.432370783585472540e-01 4.327218303976831937e-01 4.013718182009700652e-01 4.405740322969646794e-01 4.297542825612423179e-01 4.424695853831266956e-01 4.567933330380029577e-01 4.277164140745580156e-01 4.331399439190407596e-01 4.422611029008544636e-01 4.397730212578050968e-01 4.508957365664497674e-01 4.421660295165049659e-01 4.494723590163884341e-01 4.436138393079763209e-01 4.418674227841059565e-01 4.470608830697995195e-01 4.449764113095731055e-01 4.395613720774696476e-01 4.370650315724883828e-01 4.375990827816916839e-01 4.303237770251002181e-01 4.479232886912275502e-01 4.449913458109724385e-01 4.456246543751546385e-01 4.399883249153665465e-01 4.610870576641431517e-01 4.555701141819913369e-01 4.557366992368948599e-01 4.445470505924337123e-01 4.418044224935847031e-01 4.504477727803794518e-01 4.391454555947986171e-01 4.391116917203897740e-01 4.326244986552086336e-01 4.386111427238141847e-01 4.293970548891928307e-01 4.445495903635891533e-01 4.338991425277549108e-01 4.336673484505434439e-01 4.330875333365399316e-01 4.331323449642447421e-01 4.364029347198725151e-01 4.378815194306855951e-01 4.320752975172204580e-01 4.505565578708076724e-01 4.452092679707698730e-01 4.414844185786983011e-01 4.447149619016584343e-01 4.267294979639452146e-01 4.422005759898466892e-01 4.387656571605394462e-01 4.401184094951158809e-01 4.288405222088397806e-01 4.367420684324795355e-01 4.381406309628055884e-01 4.371837291475076381e-01 4.388875531479701220e-01 4.400174618222921219e-01 4.297985190066642702e-01 4.450412574108817965e-01 4.425649140374923740e-01 4.425934537151101078e-01 4.420862930216800102e-01 4.405262511694215677e-01 4.493555298072777759e-01 4.454684726863103461e-01 4.483912046696713061e-01 4.352182816747409699e-01 4.423591136561183523e-01 4.419143981436634006e-01 4.427330465547514304e-01 4.446026682732262536e-01 4.398176414618359398e-01 4.491045947223702428e-01 4.433730262816260037e-01 4.507109886344321525e-01 4.477594609527160152e-01 4.516959422654288625e-01
5.837839599389143402e-02 6.205037808346861722e-02 1.658151695260189351e-01 2.714649373552975864e-01 2.067929469951303723e-01 1.000000000000000000e+00 4.454243810039146823e-01 3.805969738674588321e-01 4.073080005222398103e-01 3.688433702624868693e-01 3.986292144368218660e-01 4.764605833395273438e-01 4.276455223730520339e-01 4.346788258316319764e-01 4.958848974971498680e-01 4.756172872732944423e-01 4.298074072352417452e-01 4.200047907901632849e-01 4.318416145566555953e-01 3.843594448654108486e-01 4.280266413348708943e-01 4.564821946413806786e-01 4.293920087425573406e-01 4.321844502352275574e-01 4.273685574357197758e-01 4.988787314165145093e-01 4.771888783237940301e-01 4.988006011311001409e-01 4.774171037444356891e-01 4.840176592818864476e-01 4.971121617445534713e-01 4.929484849997280982e-01 4.879034958398458799e-01 4.961297435627394781e-01 4.929964108316822746e-01 5.056567677904957314e-01 5.008778737975213557e-01 5.085771060742206862e-01 5.126350341207440708e-01 5.166657331214539184e-01 5.133164628238868765e-01 5.221747299579331258e-01 5.177862653622806732e-01 5.188857622460109065e-01 5.213302816794816996e-01 5.140677818339227656e-01 5.050459437348788772e-01 5.057524073899678507e-01 5.058424652800279642e-01 4.990583031506520273e-01 5.077936979251925775e-01 5.006231313548523687e-01 5.070543706633731107e-01 5.006430253466294111e-01 5.078822322227087849e-01 5.183544077894813862e-01 5.034510527844464622e-01 5.101542444956810307e-01 5.076769994136788311e-01 4.989862386583712728e-01 5.151530762293931032e-01 4.936077793792942314e-01 5.047694169942111841e-01 4.923074325876004576e-01 4.951078755742663873e-01 5.009106121620345853e-01 5.064225189168747310e-01 5.113462089680478329e-01 5.085025411175625454e-01 5.187685689570241676e-01 5.139847415958602728e-01 5.056693739742228466e-01 5.147120481544114057e-01 5.048420115438565503e-01 5.201092696995598397e-01 5.109431265199534389e-01 5.191765948293323163e-01 5.052505545651192476e-01 5.142752829472562182e-01 5.043706207292140142e-01 5.031157001305007759e-01 5.096725791409063566e-01 5.152672760167521515e-01 5.027329671684058754e-01 5.088874982300769512e-01 5.125234108913717668e-01 5.149133498803224462e-01 5.208645325562957229e-01 5.203161276540386737e-01 5.238734201067519747e-01 5.228608477201344140e-01 5.194935114598870918e-01 5.179537475183700890e-01 5.220840983022900783e-01 5.085779094732948424e-01 5.084043144603501707e-01 5.213109318893962563e-01 5.120033599971758331e-01 5.117220378637524769e-01 5.155539823480246309e-01 5.224925425098949638e-01 5.173097356098758093e-01 5.088379065627828268e-01 5.160860840750597367e-01 5.195179616055288774e-01 5.104503140668829042e-01 5.086546423376790971e-01 5.110456896929675974e-01 5.194188467613215510e-01 5.100915352182705531e-01 5.149684593833849799e-01 5.054426766780847347e-01 5.069726037084421044e-01 5.076604846822098116e-01 5.066487531275996048e-01 5.053840596023319032e-01
1.063836725515474591e-01 1.872346584005214754e-01 2.594324157910714024e-01 4.407015369769481383e-01 3.841371903007669841e-01 4.454243810039146823e-01 1.000000000000000000e+00 6.180858589285246341e-01 6.151295313058668945e-01 5.973473065884722377e-01 6.239541202390870289e-01 7.051899959727548906e-01 6.154446579005565798e-01 6.318856312613064796e-01 7.591018584062758645e-01 7.087826889827962829e-01 6.714869090089645720e-01 6.811005369285261235e-01 6.883732275664374844e-01 5.442133579933093879e-01 6.658226668749650523e-01 7.231241062410111997e-01 7.197665636696969349e-01 6.917265984582380289e-01 7.071788423069922391e-01 7.690166160672944340e-01 7.203357097790079600e-01 7.678055024610501711e-01 7.293115038957301843e-01 7.474756118292477103e-01 7.544736095690951494e-01 7.750442732189716244e-01 7.702820966639498668e-01 7.625056830409372433e-01 7.522642311100300461e-01 7.432383773204762623e-01 7.513395717950733799e-01 7.625788709107258478e-01 7.652801809774069097e-01 7.678673326904115193e-01 7.596223337227803185e-01 7.669368194009892337e-01 7.601764192460018776e-01 7.698997293559458610e-01 7.530575247891511115e-01 7.495546354152827773e-01 7.245507023836138538e-01 7.336278311079432735e-01 7.324766338527173293e-01 7.288518112270976346e-01 7.418358695050440987e-01 7.292491731329321381e-01 7.214633520187087035e-01 7.376134120793302884e-01 7.398257572033460905e-01 7.726352856467207930e-01 7.292550212386813557e-01 7.406663379174072137e-01 7.312002528346400743e-01 7.270958343018967263e-01 7.370155457064084814e-01 7.225112727209765939e-01 7.278508005771671119e-01 7.163360256195830944e-01 7.284557654109508062e-01 7.308272347679184433e-01 7.340665678842843711e-01 7.570785906493751050e-01 7.624419853307875528e-01 7.398590494265568918e-01 7.615168849799858197e-01 7.496575892484421688e-01 7.615741803271987020e-01 7.523336254940080625e-01 7.566654659975786679e-01 7.440269422642350472e-01 7.575312279655870285e-01 7.429172420962911749e-01 7.522976801343101982e-01 7.409208156212434560e-01 7.448985226431905637e-01 7.414050200152172421e-01 7.609069473957591478e-01 7.472586446105106139e-01 7.475245801416533498e-01 7.453715053373006771e-01 7.499990103613615178e-01 7.525219694235689705e-01 7.543303153800501315e-01 7.554223228731330453e-01 7.626891886197425530e-01 7.466769461951773268e-01 7.498227285562517608e-01 7.560143853398195724e-01 7.253094108203835821e-01 7.303634031146964967e-01 7.405894670831044690e-01 7.308164607288739623e-01 7.331495142497852502e-01 7.455745917395452116e-01 7.458378890458748911e-01 7.363801677934362910e-01 7.369124060951619537e-01 7.430512368749497831e-01 7.426179012689572145e-01 7.199062864708458687e-01 7.320203599372555603e-01 7.323431342585836612e-01 7.441907805945091603e-01 7.345622014136383715e-01 7.400134857301414737e-01 7.290829736228329194e-01 7.309889948345943411e-01 7.280623573532638559e-01 7.352132176951629017e-01 7.220159205461721408e-01
8.676320264602264964e-02 1.310302503799685159e-01 2.285994767991481325e-01 4.392166307201252895e-01 3.959172250424927153e-01 3.805969738674588321e-01 6.180858589285246341e-01 1.000000000000000000e+00 6.030626250209285555e-01 5.680021142208460105e-01 5.867514729159389875e-01 6.990462244203442532e-01 6.168301646180903708e-01 6.232414142880106089e-01 7.059156733546024798e-01 7.291770499441440068e-01 6.322504359584864009e-01 5.622767349432485906e-01 5.838264107896762312e-01 4.965196082227592567e-01 6.000571799534518691e-01 6.472982978639534313e-01 5.976076196370215809e-01 5.595265541691286648e-01 5.875995724087802463e-01 6.916944441879996353e-01 6.650795457029494706e-01 6.652797839538000524e-01 6.366957512639109806e-01 6.598218805914459750e-01 6.695348411419272949e-01 7.088217652041574057e-01 6.843605239908399085e-01 7.077982928770781834e-01 6.997163311073417713e-01 6.967668844631745850e-01 6.653273747833241547e-01 7.360853253442060096e-01 7.130487479860146971e-01 6.926506664945959457e-01 7.072853279833183349e-01 7.187668328621352742e-01 7.299586835658584683e-01 7.315921626292928304e-01 7.022320655841483017e-01 7.074158935102353718e-01 7.018920716637558899e-01 7.068249794724710267e-01 7.186279717783378151e-01 7.304644540565056188e-01 7.390793859627137197e-01 7.282809154985760980e-01 7.109502842779238385e-01 7.060602264142451512e-01 7.167505619918358439e-01 7.158724535090508212e-01 7.074474005541286914e-01 7.195521325345888286e-01 7.059019839810064534e-01 7.097643195081178025e-01 7.255727170214190114e-01 7.065959641753530862e-01 7.211728599425432096e-01 7.253458078176092672e-01 7.090677839917075564e-01 7.213369314540780675e-01 7.066059636038787284e-01 7.025025562310963645e-01 7.106542404602952390e-01 7.015972249925720439e-01 7.061721122591522182e-01 6.974983577241500310e-01 6.943794817659213470e-01 6.848582827115697880e-01 7.151620924512470667e-01 7.028144278522555632e-01 7.072930118530740273e-01 6.921148983356890660e-01 7.079217742613784781e-01 7.014551948222679245e-01 7.010700103283068474e-01 7.003304567651829071e-01 7.150857271943288351e-01 7.124566091598336648e-01 7.222310703823240363e-01 7.148090412907363023e-01 7.004794638369976623e-01 7.254087291207113042e-01 7.146153645995817483e-01 7.151399586873886660e-01 7.084198336882482350e-01 7.134464124524793061e-01 7.125152765848415948e-01 7.184341979298680680e-01 7.059889776658644367e-01 7.064562310170025006e-01 7.164877879502629110e-01 7.236626102627615742e-01 7.160320152816777028e-01 7.222825860367327877e-01 7.220336579207121686e-01 7.233932797744515586e-01 7.210969066814907347e-01 7.213960426004205617e-01 7.268234527550605506e-01 7.046891784940265691e-01 7.152479090011586438e-01 7.108129464549769461e-01 7.178564894895321791e-01 7.157855914654392970e-01 7.151105577783423151e-01 7.134137953089614292e-01 7.136024284021719177e-01 7.221200870712870534e-01 7.075115633615411959e-01 7.159199154858690850e-01
1.837296295143982239e-01 2.220809629382818340e-01 2.621308997744553615e-01 4.069495769018977027e-01 4.026131866540355042e-01 4.073080005222398103e-01 6.151295313058668945e-01 6.030626250209285555e-01 1.000000000000000000e+00 7.131634327956981600e-01 6.728015103236207883e-01 7.535004262378176554e-01 6.843634960596961525e-01 6.763537862994402072e-01 7.691404398806374054e-01 7.579087371500656811e-01 7.664120091189786654e-01 6.723023069672090513e-01 6.898145594760726196e-01 5.407346972386676276e-01 6.647539580049447450e-01 7.292478005386439088e-01 7.025981616960759180e-01 6.491515104492325827e-01 6.840250613439772254e-01 7.808234006591545651e-01 7.684201353810721224e-01 7.509735572745307453e-01 7.617187631188037100e-01 7.871285913686737468e-01 8.060175067270685112e-01 8.189154974108524554e-01 7.546417285666157104e-01 8.032468180770107047e-01 8.013054552176309686e-01 7.795949273053567330e-01 7.795211305348821451e-01 7.701815174254582619e-01 7.972462493062684175e-01 7.188293024515207685e-01 7.937777483343460005e-01 7.741088004982756843e-01 7.751216177537600949e-01 8.079099873711816926e-01 7.871963020709761283e-01 7.826128655667021761e-01 8.042118030559318731e-01 8.185264635314228876e-01 8.178485359690992329e-01 7.669967152349164152e-01 7.880001881231838423e-01 7.801178266693244989e-01 7.887521997970500243e-01 8.277244094514711881e-01 8.049479688232086261e-01 7.971907154864490419e-01 8.170519667236684214e-01 8.040656079821052460e-01 7.940013156104953618e-01 8.317924923879509436e-01 8.069016443712452302e-01 8.348872310051405066e-01 8.075501065292806091e-01 8.358484229588289960e-01 8.382877918816793450e-01 8.343754838350370129e-01 8.160876096256673984e-01 8.083757461205620665e-01 8.237708691590025500e-01 7.947086186791215701e-01 8.081086252121622016e-01 8.059989570380413637e-01 8.002027246741528765e-01 7.904406801109888914e-01 8.128350912039230547e-01 8.106740717280409569e-01 8.046726369976435755e-01 8.159062435920042544e-01 8.046363503767758329e-01 8.212475088654460631e-01 8.203758350557494028e-01 8.207802093592210246e-01 8.276212886847708061e-01 8.185156146719968495e-01 7.984190961562975808e-01 8.095839879606597789e-01 8.082599393745505401e-01 7.981338293094097924e-01 8.092083941159449179e-01 8.088370713937964585e-01 7.870850400672262381e-01 7.972201206909204085e-01 8.071269393124270719e-01 8.022393947252284274e-01 8.077217355801706855e-01 8.123764892233010793e-01 7.663535463604269626e-01 7.961355835876411380e-01 7.998211910803613156e-01 7.955547544847463293e-01 7.886154738168271727e-01 7.984024212094090744e-01 8.077056572040430815e-01 8.023713610685891950e-01 8.103430795571927581e-01 8.070808352657041773e-01 8.096075193797953595e-01 8.138940409722373870e-01 8.057129283617739945e-01 8.134858487226894752e-01 8.018743924125878442e-01 8.233969567222995112e-01 8.194376379748478101e-01 8.212581705402444143e-01 8.308907957910077746e-01 8.259363970229451901e-01
1.313166566188306850e-01 2.278577788893156042e-01 2.412967705053471468e-01 3.770253863308364317e-01 3.998036400154558190e-01 3.688433702624868693e-01 5.973473065884722377e-01 5.680021142208460105e-01 7.131634327956981600e-01 1.000000000000000000e+00 6.264653088369696032e-01 7.096357902631553749e-01 6.208874337174363767e-01 6.430088085276091103e-01 7.343212391931791538e-01 7.136804477469421704e-01 7.100309151270364216e-01 6.449551965189525005e-01 6.818542466034139826e-01 4.903497351155005068e-01 6.365694108546969820e-01 7.117090527935180377e-01 6.906224939514679084e-01 6.487744004320645796e-01 6.855657904962615401e-01 7.428009686484550178e-01 7.398033203010837555e-01 7.277135317930145675e-01 7.368802344745060129e-01 7.578508096244032100e-01 7.693639623328299981e-01 7.791161658471922324e-01 7.204267402203364812e-01 7.634609264303506837e-01 7.608584755434782965e-01 7.288195670429049589e-01 7.411936233645232130e-01 7.412211180914753950e-01 7.549827945001807983e-01 7.007067759937101181e-01 7.554308655026832353e-01 7.388109509371184602e-01 7.328632026869730254e-01 7.614700627178768721e-01 7.459124955473998009e-01 7.480705380504384383e-01 7.580524569468874985e-01 7.709613038205718194e-01 7.709181262468769447e-01 7.128912916825193014e-01 7.450682266127549580e-01 7.114966848633280661e-01 7.196304475318604510e-01 7.828878646076227188e-01 7.643212940118193632e-01 7.718061040078392221e-01 7.699094113491909974e-01 7.573217427836549387e-01 7.670210338312057896e-01 7.749270288019578512e-01 7.579049141437926851e-01 7.831992366920980109e-01 7.641653690870050530e-01 7.711815989913444191e-01 7.791662665155399958e-01 7.737392843864985270e-01 7.697600595904561249e-01 7.715185803321379376e-01 7.804315324494405237e-01 7.407340771509068889e-01 7.711146452694492837e-01 7.690916231243242196e-01 7.643518335430828925e-01 7.623878568010398205e-01 7.667240619723276751e-01 7.665973066211758669e-01 7.673088714864529924e-01 7.760026329862538264e-01 7.646765134089169580e-01 7.748949006732440692e-01 7.737568637883237566e-01 7.752830860217648778e-01 7.824895647970565582e-01 7.725009994344363973e-01 7.492438533697886038e-01 7.639835366571182673e-01 7.596098708387464260e-01 7.581737114640125785e-01 7.619346570916540884e-01 7.706000963751942212e-01 7.481457116852481271e-01 7.555484818639436329e-01 7.614450348190736628e-01 7.616368098814348953e-01 7.610738194024776471e-01 7.663966455299479064e-01 7.235169638101947021e-01 7.417191844454787963e-01 7.516784404971406097e-01 7.479828946991686767e-01 7.434039614107071925e-01 7.535390472643564985e-01 7.496219120833120808e-01 7.531721372011037641e-01 7.553040115244846753e-01 7.571424629195184774e-01 7.605829690615314442e-01 7.685233007889070711e-01 7.625994928194859135e-01 7.624044778812576473e-01 7.635952228517425278e-01 7.719924568125383635e-01 7.712873665325301609e-01 7.630663380035160870e-01 7.745894996395417120e-01 7.660537962261079192e-01
4.473916306435342383e-02 1.511908929457121964e-01 2.174235945802216741e-01 4.083453499807001563e-01 3.692243144157382195e-01 3.986292144368218660e-01 6.239541202390870289e-01 5.867514729159389875e-01 6.728015103236207883e-01 6.264653088369696032e-01 1.000000000000000000e+00 7.508324802130117437e-01 6.612775554012588763e-01 6.864295758847367424e-01 7.636467776643235394e-01 7.377890136006638455e-01 7.048394293049718984e-01 6.258198393039120511e-01 6.563398751208107118e-01 5.170382439602325686e-01 6.292513901260702314e-01 7.002534927994439329e-01 6.627166332367725454e-01 6.290892138971020398e-01 6.682956322335239507e-01 7.650961806957858879e-01 7.533747273516082643e-01 7.503837230288240567e-01 7.387604100150825248e-01 7.652819193775893813e-01 7.916917515638965952e-01 7.825825841930307281e-01 7.409212765953634428e-01 7.818846593863257866e-01 7.720786217095515491e-01 7.665466039379964514e-01 7.807094393590706671e-01 7.688536294147427785e-01 7.862273824595898963e-01 7.512229423121178362e-01 7.940229455747548348e-01 7.787382050644722220e-01 7.756646422661324092e-01 7.930240482387307388e-01 7.888003399453513698e-01 7.854532131758185098e-01 7.952014075539660665e-01 8.002259668263257408e-01 8.001362719491542652e-01 7.643105832502563590e-01 7.788274822514400508e-01 7.525349347649911147e-01 7.749869383121490429e-01 7.964403827788435475e-01 7.955355101256290640e-01 7.887970824609763509e-01 7.901033276238431657e-01 7.961259613549591663e-01 7.921591786075845576e-01 8.005545726448418664e-01 7.987961894770296833e-01 7.955334825228836948e-01 7.936450937590200372e-01 7.879242723348356403e-01 7.880363524179486712e-01 7.942080617063222991e-01 8.008331586065767782e-01 7.934219615752940991e-01 7.997517120687438474e-01 7.773751578295227116e-01 7.931017615195387060e-01 7.949899196341400076e-01 7.859656948803817045e-01 7.804232775555005608e-01 8.028751313879942675e-01 8.027866284470708269e-01 8.007298852757274155e-01 7.988911225328765298e-01 7.998347430323349272e-01 8.018003789741463549e-01 8.005534231357354091e-01 8.030491229146562437e-01 8.045142558726168236e-01 8.050951508992134631e-01 7.965926046563177598e-01 7.990554232389353029e-01 8.013877946168435074e-01 8.000610446012677013e-01 8.019413413008110725e-01 8.034015448725173592e-01 8.007535925806780197e-01 7.998521826190649886e-01 8.042068966979417644e-01 8.032145691019887401e-01 7.995567720368342846e-01 8.039018102492582196e-01 7.896227396804705867e-01 7.917126851910336605e-01 7.968087501894366431e-01 7.961198425038487070e-01 7.962636295418830112e-01 7.981849272140562057e-01 7.988161363267767268e-01 8.002540520892211795e-01 7.980565825604407637e-01 7.994023724553627197e-01 8.024623737996469108e-01 8.024437355248564829e-01 8.032090109617419094e-01 8.005345545589976908e-01 8.025690609941923404e-01 8.033442251035217696e-01 8.048772484227597612e-01 7.990625634742790639e-01 8.008794670308990726e-01 7.992278191930740627e-01
6.782984626133428674e-02 1.606209006273473516e-01 2.725186395302438558e-01 5.019527207547496150e-01 4.226074913463856442e-01 4.764605833395273438e-01 7.051899959727548906e-01 6.990462244203442532e-01 7.535004262378176554e-01 7.096357902631553749e-01 7.508324802130117437e-01 1.000000000000000000e+00 7.355534072159348735e-01 7.578863649736039543e-01 8.558276392047662329e-01 8.468145023933432158e-01 7.786871832783931469e-01 6.936371963509017080e-01 7.194018734308322838e-01 5.804575798931934649e-01 7.121128381435875010e-01 7.858908438583753764e-01 7.286463024566709468e-01 6.893914846017928921e-01 7.294898072130659994e-01 8.426547976329638034e-01 8.266953950904600834e-01 8.269832804167391860e-01 8.020134108372565240e-01 8.368541325937963737e-01 8.648679716667184714e-01 8.734789518948593567e-01 8.316769769719919436e-01 8.724629644991813704e-01 8.603700556456879145e-01 8.554255600428131157e-01 8.519703520462891255e-01 8.740478366457247184e-01 8.801684994160619002e-01 8.406904890658171148e-01 8.783734423031674954e-01 8.726589526517551931e-01 8.702784038287254553e-01 8.889978633739338276e-01 8.765213607162199994e-01 8.749845094236877729e-01 8.813204078511039929e-01 8.882974113621219248e-01 8.905503853934830794e-01 8.697213322198554808e-01 8.835130893074863989e-01 8.619479199495162502e-01 8.628655191324346996e-01 8.825170892252848232e-01 8.817822885802657495e-01 8.801861727445885464e-01 8.793646809515996976e-01 8.844400722856475827e-01 8.800168086218530528e-01 8.856746227652914083e-01 8.921764948387100880e-01 8.827971360857159722e-01 8.852750278862471234e-01 8.874727164632085774e-01 8.791414869045015568e-01 8.881642528382206470e-01 8.878217108053702011e-01 8.775404965793773826e-01 8.846271648543105881e-01 8.622708084266241801e-01 8.822336479622755467e-01 8.763545387358870897e-01 8.675641398132046822e-01 8.610688567248839798e-01 8.891709838159049806e-01 8.839297912135973823e-01 8.835946920674825344e-01 8.734106806286662250e-01 8.806031802077000092e-01 8.824827826772070338e-01 8.844647805170934296e-01 8.828603758164282889e-01 8.921630716157505914e-01 8.892493695146911348e-01 8.859042100253877727e-01 8.882086649517005883e-01 8.835254315291639626e-01 8.899505215101091160e-01 8.898225261759997728e-01 8.856322365357959248e-01 8.833945288775638671e-01 8.858904778058276364e-01 8.876194748758136077e-01 8.897237546302679823e-01 8.842460748728161457e-01 8.871101604601975277e-01 8.753781921884232764e-01 8.860188414842021798e-01 8.853467602633777744e-01 8.872694722340186413e-01 8.849639800096685827e-01 8.899418706156841941e-01 8.889533692282548527e-01 8.892586263003069424e-01 8.941107329056046105e-01 8.818817242965814041e-01 8.883815935996193236e-01 8.888432204564279404e-01 8.901179441025321992e-01 8.888455540645924247e-01 8.868930139805771828e-01 8.904086964941513305e-01 8.894417383363830698e-01 8.914991719622217259e-01 8.888898503533582129e-01 8.902652991350030742e-01
2.322115761528320554e-02 1.240396176496642577e-01 2.029919467843114000e-01 4.124360671032167858e-01 4.128255592290929199e-01 4.276455223730520339e-01 6.154446579005565798e-01 6.168301646180903708e-01 6.843634960596961525e-01 6.208874337174363767e-01 6.612775554012588763e-01 7.355534072159348735e-01 1.000000000000000000e+00 6.818554484807676230e-01 7.862429603289637914e-01 7.860438842778111335e-01 6.907389039574477474e-01 5.966250201363830774e-01 6.450893176511660609e-01 4.887377827840164723e-01 5.944746873533641729e-01 6.925074436314601067e-01 6.363052662111687852e-01 5.977729280139725265e-01 6.538380576617296436e-01 7.565374151633355027e-01 7.370170949832614005e-01 7.364438890573441476e-01 7.280526945987492171e-01 7.490424733498389775e-01 7.746696175347350666e-01 7.792440099718758173e-01 7.326859905890849012e-01 7.836381448555135298e-01 7.802462537588521485e-01 7.656705539236362545e-01 7.680078617934966712e-01 7.868685037605447352e-01 7.974972747146732432e-01 7.415060268037477753e-01 7.999936370358418092e-01 7.929670173362830532e-01 7.915783479145941381e-01 8.082337343325756152e-01 7.974159001244538469e-01 7.954439999797355831e-01 8.182992388840173437e-01 8.179652579611980112e-01 8.124247951112560928e-01 7.988742427368681343e-01 8.054566064080499466e-01 7.823071822270387665e-01 7.979276156251292607e-01 8.011858793396878786e-01 8.014496451506901709e-01 7.935915383366568543e-01 7.882817983467615974e-01 8.118486921456137262e-01 7.949650205966627414e-01 8.190931055768317925e-01 8.190223513121873689e-01 8.059500333455660304e-01 8.064015413218934558e-01 8.167093456202919599e-01 8.127684454591320717e-01 8.078474079823956266e-01 8.182244426743174870e-01 8.017612689108647439e-01 8.111623531425078415e-01 7.823648174227788576e-01 8.006446011866510393e-01 8.055674570707567206e-01 7.891023661689147151e-01 7.892930385645965385e-01 8.164204612516778869e-01 8.096487229801463403e-01 8.113834530156984748e-01 8.054199731913592730e-01 8.114916919545508422e-01 8.136718804030697028e-01 8.128837677102814796e-01 8.148049152370994141e-01 8.126180566569722874e-01 8.186500237026247406e-01 8.161508048136077997e-01 8.189232087605394783e-01 8.145018852933040288e-01 8.200421162488427118e-01 8.202075882658758088e-01 8.119024836501004261e-01 8.079358510359118117e-01 8.191516807993952654e-01 8.170958149339333509e-01 8.177969105284700335e-01 8.221918925624873697e-01 8.229098119451510041e-01 8.093807943748014821e-01 8.211873911860066988e-01 8.248552212786122162e-01 8.218890922340532645e-01 8.177347834548146510e-01 8.223350640998005057e-01 8.206107532512237901e-01 8.261101468109083301e-01 8.252688003667494332e-01 8.103406184953009239e-01 8.242728806943598885e-01 8.218049594348928455e-01 8.184416014299271680e-01 8.257361306182283700e-01 8.164288737782954275e-01 8.247336497448661818e-01 8.216942174939646515e-01 8.286389069510088357e-01 8.187829042041425698e-01 8.231602901989841792e-01
