1.000000000000000000e+00 9.122533907824717514e-02 9.923016102914394843e-02 5.819075434212252207e-02 2.488657818433473445e-02 4.375546715686660926e-02 2.293413479040436187e-02 3.928390031719055514e-02 9.141594341439286675e-02 2.086788928977261967e-02 1.752927124761492414e-02 2.211611074609151975e-02 1.769637552247756498e-02 9.379089186375004147e-03 1.398107236055129215e-03 4.804546296392869266e-03 5.498084936264048539e-02 6.517635189771953108e-02 5.403228404022559356e-02 3.217475046790222587e-02 2.052275175260832862e-02 6.589518768752575251e-02 7.049870373441430305e-02 7.206537352012849784e-02 8.680050138768358181e-02 8.330086081954739263e-02 6.599813643819432696e-02 6.139229382193507611e-02 1.084516451806386977e-01 7.393339982155663903e-02 7.341238289608235934e-02 5.469857877262852136e-02 5.709762353434357646e-02 4.564937939662991329e-02 6.101212797602136029e-02 2.768521061567907199e-02 5.848312569751724227e-02 9.338001222854538930e-03 3.591248585240713886e-02 1.266887695745376810e-02 3.629970469999484889e-02 6.910694712093924837e-03 6.725666275598170848e-05 2.760193500248547122e-02 3.185810297455584500e-02 2.712842727905001930e-02 7.187793017490284007e-03 1.333199915642113188e-02 2.785949674896594230e-02 2.648694076659383057e-02 2.110019839792965854e-02 2.288253129104339187e-02 2.259477996978374870e-02 3.245746304908112695e-02 3.019044032830805677e-02 2.442511464278461497e-02 4.700770293804441835e-02 3.865863113002091390e-03 7.557175562286094599e-03 2.728655769235301815e-02 1.473062118224616884e-02 1.683212324907212842e-02 1.281823199094435546e-02 2.171464462637425277e-02 4.564232286642756070e-02 3.721977922937597799e-02 1.980519256694016419e-02 1.699991964154655075e-02 3.269474762029832976e-02 1.232297401988328468e-02 1.551212785563898730e-02 2.797856813828299150e-02 2.841717456666004865e-02 3.465285113063339140e-02 2.765633541363938727e-02 2.727995331717102470e-02 3.246486510992990793e-02 5.050188511740092562e-02 3.689712420023509576e-02 4.148375929652290545e-02 4.047930631618933128e-02 2.730436439064693604e-02 3.591317095637010237e-02 3.614610633650117838e-02 2.116434965212425981e-02 2.214787355119584092e-02 1.985929976576179465e-02 5.587163977111766523e-03 1.352808834029341559e-02 2.398973585097793904e-02 1.264717588648070663e-02 1.237344374503042931e-02 1.219482377321386840e-02 9.302727121165308907e-03 -6.029354592919411492e-04 5.804508113339166067e-03 9.062478064227679278e-03 3.518553065344258435e-02 1.102587014303598768e-02 8.486451123143985351e-03 4.482237000605714290e-03 1.091619594608480778e-02 1.166776617513658708e-02 5.985902441883582219e-03 2.171540469969185719e-02 3.159183416714789194e-02 2.359041614346994373e-02 1.527024867122167041e-02 1.716001572287799426e-02 9.492167210227601959e-03 3.062257266118305864e-03 1.256320141126794111e-02 1.037516184512725370e-02 1.693342605310834900e-02 2.778332836046190982e-02 2.571508754758953380e-02
9.122533907824717514e-02 1.000000000000000000e+00 7.989692392306711743e-02 1.057502268104478504e-01 1.266311145915827163e-01 1.232851937740352399e-01 1.631787442327319593e-01 1.314933790684884862e-01 1.811832579178523361e-01 1.787856487500804892e-01 1.595187984161462735e-01 1.474077719833379041e-01 1.592632879629805598e-01 1.271463665543508814e-01 1.727362626826041414e-01 1.752423488991905476e-01 1.595094171568283703e-01 1.724318306906935661e-01 1.812607256252162791e-01 1.185952862640281269e-01 1.376709317223541174e-01 1.530454213371786887e-01 1.805938407417728431e-01 1.565654301360333567e-01 1.742113890095325635e-01 1.957173815231058323e-01 1.851735862531060373e-01 2.000050316376362769e-01 2.135666777481278200e-01 1.950914204421978770e-01 1.934712042181771507e-01 1.847061618503483271e-01 1.805202955438865442e-01 1.708271734765524352e-01 1.779171306052782231e-01 1.566155351285763997e-01 1.855941168317597756e-01 1.736512756825746850e-01 1.794201172446909243e-01 1.754790149903612539e-01 1.709298773516766123e-01 1.712621948526469595e-01 1.676378421992382461e-01 1.742401457501319140e-01 1.748888389086988571e-01 1.744247573014313657e-01 1.741469953398798454e-01 1.734528061034520396e-01 1.754626318380743677e-01 1.722466322895270796e-01 1.731846441989159102e-01 1.439710429943354131e-01 1.627370665282874274e-01 1.669593596440872574e-01 1.631296927370115002e-01 1.751228499670832439e-01 1.658392482788711708e-01 1.599437020752553507e-01 1.687408431578543422e-01 1.702497412058027182e-01 1.654130962506938085e-01 1.665188262414562526e-01 1.634417801424832006e-01 1.671093503760857635e-01 1.680406689387678731e-01 1.615561728481516024e-01 1.746684297955885534e-01 1.689202309477760289e-01 1.768919747611149840e-01 1.576993910322003201e-01 1.688747517899511497e-01 1.750478306716342636e-01 1.735192458299190665e-01 1.784671263727923562e-01 1.818519843874106257e-01 1.806876474568958613e-01 1.822665497653508937e-01 1.968647803674835051e-01 1.889629937178146646e-01 1.876393883397652063e-01 1.839498089221963117e-01 1.824933181811672633e-01 1.792778725367333570e-01 1.792102934250703605e-01 1.751688110516534391e-01 1.762542468653280625e-01 1.789953749141983408e-01 1.721270902080578868e-01 1.768723363691810380e-01 1.787810888954629307e-01 1.765326796721531921e-01 1.737727481179734690e-01 1.752501309065352675e-01 1.749702881559656031e-01 1.674200742975755773e-01 1.723055731139672142e-01 1.644958516004226545e-01 1.685852511492257344e-01 1.668002586695270240e-01 1.679889292096033160e-01 1.678117853218627775e-01 1.684148566334673913e-01 1.661042211026856896e-01 1.680469423960243847e-01 1.680617215276703769e-01 1.653271841309204293e-01 1.738010088172926848e-01 1.736384317977370528e-01 1.740418630412114698e-01 1.690162874693841577e-01 1.695022565312619689e-01 1.684634347698551748e-01 1.678454153781272218e-01 1.690037238134358133e-01 1.722064069132926145e-01 1.648370889481999835e-01
9.923016102914394843e-02 7.989692392306711743e-02 1.000000000000000000e+00 3.412016530259812663e-01 2.551948593480368732e-01 2.724426538130523268e-01 3.828279433279993538e-01 3.663185572576738158e-01 4.005988766927737754e-01 3.426003197473993511e-01 3.805823218979980105e-01 4.117461154999134676e-01 3.745575656546580312e-01 3.675571289297936972e-01 4.062842529151734494e-01 4.019481020855133480e-01 3.882672701210455046e-01 4.102512989472107408e-01 3.998375750278920226e-01 3.864693289657337161e-01 3.928747632684943536e-01 4.088820732724200435e-01 3.938615367957933322e-01 4.007739242755506970e-01 3.951971374214062749e-01 4.187568751868639416e-01 4.219235007173822716e-01 4.126002338750873188e-01 3.895799856601386280e-01 4.006537515350054313e-01 4.247863913641489741e-01 4.171408714619035951e-01 3.860869460477385218e-01 4.146652597746755542e-01 3.942001438755907139e-01 4.120649620883646280e-01 4.222182482454074348e-01 4.021596907167765411e-01 4.201583413476024376e-01 4.068370938577439699e-01 4.190430416468720609e-01 4.083889952103871845e-01 4.124285508813789747e-01 4.294206032407126283e-01 4.215687378411864805e-01 4.206982627347464754e-01 4.072320112549260296e-01 4.182144197624435011e-01 4.177135229115379045e-01 4.182354640154472003e-01 4.103971237459895227e-01 4.262186195805912625e-01 4.241950562486024312e-01 4.150216315590211646e-01 4.233086596530701295e-01 4.172304688252519433e-01 4.311484329348104216e-01 4.106173297909269104e-01 4.143331162176818738e-01 4.211299648745813196e-01 4.159828692043305298e-01 4.209627577382187291e-01 4.190141181169791396e-01 4.169838876927336457e-01 4.227391486629520911e-01 4.258709351736527093e-01 4.142810021986638724e-01 4.190034274100251643e-01 4.225085634348633712e-01 4.176377060572662447e-01 4.186547269412336791e-01 4.206404645719219459e-01 4.260690070748650027e-01 4.213501565492956957e-01 4.209733781146530185e-01 4.199826031986049202e-01 4.202997245255219450e-01 4.177938759050773831e-01 4.210821922004835405e-01 4.150721854382678488e-01 4.262502359053181311e-01 4.209482794592806498e-01 4.246636392880340227e-01 4.180498223578592021e-01 4.211929850291520894e-01 4.237582209413219836e-01 4.225855929086683171e-01 4.162713634905316207e-01 4.147823128524024683e-01 4.190853669100154111e-01 4.191314101830677097e-01 4.173280448486643146e-01 4.163651184906448366e-01 4.143239579176368759e-01 4.059793687740084200e-01 4.096279429119523141e-01 4.185749467572785765e-01 4.236560228729512323e-01 4.148085310104713264e-01 4.141340993539421311e-01 4.131061821356429298e-01 4.175345641115065787e-01 4.196318398104804115e-01 4.136932825905993427e-01 4.267190836421332900e-01 4.210987900424172370e-01 4.176955950006522866e-01 4.152015241403290147e-01 4.189532818521838897e-01 4.119470321078384512e-01 4.158527744115643743e-01 4.136297854721839862e-01 4.148792864031758398e-01 4.143997227354963564e-01 4.154168740420128847e-01 4.197029523276106788e-01
5.819075434212252207e-02 1.057502268104478504e-01 3.412016530259812663e-01 1.000000000000000000e+00 3.626459742813232801e-01 4.252403314987358018e-01 6.010708493588771129e-01 5.651321433789116000e-01 5.759533747219013344e-01 5.392747928099124177e-01 6.108989659670792660e-01 6.690402369212486988e-01 5.982846760367740435e-01 5.781519825921015432e-01 6.382214494762410428e-01 6.355403857186568972e-01 6.019315654082296740e-01 5.895024324379232183e-01 5.988390221199608732e-01 5.853826630320249080e-01 6.289688073991024364e-01 6.020553792612405308e-01 5.810740941079398647e-01 5.692292182812890289e-01 5.703260089648822806e-01 6.153857798210813357e-01 6.373299689461330297e-01 6.025542744442147214e-01 5.539162699054756001e-01 5.863765378866108158e-01 6.266704813898643645e-01 6.259419793425220480e-01 5.801750653073209918e-01 6.195519713365000847e-01 5.933353553473794673e-01 6.325059961111476614e-01 6.394430731062274997e-01 6.403189240284684614e-01 6.545091127626861960e-01 6.279646819199983243e-01 6.482010458083566906e-01 6.446147356156585184e-01 6.495702284344792021e-01 6.648496628699124278e-01 6.467688921199169494e-01 6.573417056332925279e-01 6.345979179964187367e-01 6.436876440277216060e-01 6.426203001150375682e-01 6.418929476776078502e-01 6.401953114144347534e-01 6.643842227915962573e-01 6.633732865171847459e-01 6.408421939150730218e-01 6.406085833863088830e-01 6.405601526618902586e-01 6.585430959647743387e-01 6.409122886956011289e-01 6.368468454331930317e-01 6.498931635331033352e-01 6.502864599280974156e-01 6.495274632463154951e-01 6.480064164267810289e-01 6.546034542497058961e-01 6.519939102880235593e-01 6.650712363858686249e-01 6.439591299227361842e-01 6.458361834874031260e-01 6.429783014165956212e-01 6.589619557863983790e-01 6.491567399401553251e-01 6.442616850015042695e-01 6.412539672295208826e-01 6.364881574918911378e-01 6.507720867720451219e-01 6.487985112496091888e-01 6.422639498303721606e-01 6.222518334119135908e-01 6.391920311707932623e-01 6.273976416652935484e-01 6.435395329512832996e-01 6.448838039573620007e-01 6.485553611243904948e-01 6.402779610670474852e-01 6.445493444464669430e-01 6.456871298076352073e-01 6.476572097546980933e-01 6.501055201316484622e-01 6.494372970421687929e-01 6.452370015532130632e-01 6.487773535808480929e-01 6.501277965819940441e-01 6.485680050367957916e-01 6.522277548433966787e-01 6.422759559435315957e-01 6.448114949139709395e-01 6.509374079283953840e-01 6.523687731396412559e-01 6.480310481257718358e-01 6.487073415794942788e-01 6.504595703597175760e-01 6.525717066821408174e-01 6.583053631049724519e-01 6.520663860721506166e-01 6.614230094260399317e-01 6.521632517839955900e-01 6.497985578053979694e-01 6.454592840088647643e-01 6.481321513648029553e-01 6.521873434221386878e-01 6.486968349087015584e-01 6.477296971111945467e-01 6.504014710109280450e-01 6.511249944504652332e-01 6.481102340175344256e-01 6.568792808345519374e-01
2.488657818433473445e-02 1.266311145915827163e-01 2.551948593480368732e-01 3.626459742813232801e-01 1.000000000000000000e+00 3.339104094293468550e-01 4.903605945168734714e-01 4.535652786113243407e-01 4.732009809503019970e-01 4.629651604086873484e-01 4.698257002029205265e-01 5.088190675752197745e-01 4.980882201113773222e-01 4.645778095245425288e-01 5.212293775637308890e-01 5.156920083789966469e-01 4.805505787867843659e-01 4.644093904169658837e-01 4.779752657468394061e-01 4.333254388101301924e-01 4.847352677236236307e-01 4.780555645244665142e-01 4.592677664912080404e-01 4.472963986741200215e-01 4.642565853197278547e-01 4.991098937342664521e-01 4.985348134267925113e-01 4.817349682152303747e-01 4.357686187867195748e-01 4.816109966410980769e-01 4.984452785210411463e-01 4.955983698188610731e-01 4.555133491022641534e-01 4.955436136915910006e-01 4.838485615919344562e-01 4.920713470374473153e-01 5.098677032222783678e-01 4.985190701613461672e-01 5.047847041925415112e-01 4.858224599739657257e-01 5.126832071039136851e-01 5.186144359159829964e-01 5.084591741162098888e-01 5.234665820127809566e-01 5.062940265348413460e-01 5.077631024832568452e-01 5.143254608203936540e-01 5.175644310486549049e-01 5.157566298399670623e-01 5.066948115895660854e-01 5.098341078724673014e-01 4.975545194934005711e-01 5.228872900817443936e-01 5.113483635263141869e-01 5.074473237843644124e-01 5.075256476837179953e-01 5.104333409679325806e-01 5.206413763224813085e-01 5.099766568797261534e-01 5.307240442221228260e-01 5.182201122204458388e-01 5.153222459906252606e-01 5.093289255286523876e-01 5.173539775128305207e-01 5.174383870393033380e-01 5.206056303993692458e-01 5.216686400528901535e-01 5.213276866374988439e-01 5.178855775279680440e-01 5.171857724828292646e-01 5.220313250161894292e-01 5.193365948847041835e-01 5.156569494513326690e-01 5.181179845543792961e-01 5.212012158102639070e-01 5.188620412687736660e-01 5.168636100479295781e-01 5.020568805959799707e-01 5.139052687905794059e-01 5.119933783928458659e-01 5.175974713702213847e-01 5.177203799826950448e-01 5.191700960989198421e-01 5.199008800370320538e-01 5.157716470650941520e-01 5.183037185214594000e-01 5.224333380752682610e-01 5.156816851309841132e-01 5.217213984288323614e-01 5.195232065466153237e-01 5.160269380881047363e-01 5.215861713188201243e-01 5.225515645757611294e-01 5.205441181941241613e-01 5.189590960467088676e-01 5.183751124799140797e-01 5.089912859068258522e-01 5.156495227348817378e-01 5.171575916106598836e-01 5.173936581711428007e-01 5.166956314022490560e-01 5.180280127043377369e-01 5.194465600663792371e-01 5.215278065439161725e-01 5.213891221090136696e-01 5.159652702332711005e-01 5.205708275529036255e-01 5.214961219691901517e-01 5.212668380124886314e-01 5.229691223936218103e-01 5.178852077047998437e-01 5.234255721753287016e-01 5.175657224661761591e-01 5.205249020495293921e-01 5.205336868295905584e-01 5.224029123605131719e-01
4.375546715686660926e-02 1.232851937740352399e-01 2.724426538130523268e-01 4.252403314987358018e-01 3.339104094293468550e-01 1.000000000000000000e+00 5.656139864990582522e-01 5.016046959114387471e-01 5.582506152818248468e-01 5.353645769211328176e-01 5.654566941506801170e-01 6.120321721355740374e-01 5.420380523918326698e-01 5.569440561613714369e-01 6.029998079908291952e-01 5.949411000801000382e-01 5.519873388383170765e-01 5.780204500997300210e-01 5.802365997655110075e-01 5.478436724530476587e-01 5.549698828933041783e-01 5.651422490715218849e-01 5.657376280467465435e-01 5.624149703460435967e-01 5.659185541464788471e-01 5.964087431461765343e-01 5.925291301296685686e-01 5.921386206580299127e-01 5.619096001586160183e-01 6.042085285554980034e-01 6.119967341911848324e-01 6.108191969778222763e-01 5.740862182661488067e-01 6.009585547074307588e-01 5.909909394328842769e-01 5.887373119761160067e-01 6.104248224095940589e-01 6.160546119960974565e-01 6.167981072745950533e-01 6.007662112434604129e-01 6.240274753686447795e-01 6.130466245969002914e-01 6.160571583767020520e-01 6.240905843256014940e-01 6.200733360833915464e-01 6.178195584916654770e-01 6.149723554305246420e-01 6.207628428155601563e-01 6.217113527710519394e-01 6.098214465053398703e-01 6.099572421779644316e-01 5.986169434304371428e-01 6.143316106471879978e-01 6.198876541214910496e-01 6.211467280704158211e-01 6.272745816114716488e-01 6.171984887188934898e-01 6.170867836487002878e-01 6.199970569914057261e-01 6.182050889073483768e-01 6.217066756062165078e-01 6.222428006313276416e-01 6.238933420123780049e-01 6.214074276717637124e-01 6.182719128770530759e-01 6.126493846957949962e-01 6.215739351021262182e-01 6.246997345450099326e-01 6.261006226380397832e-01 6.188790714255495429e-01 6.173652700373153390e-01 6.229925636020514634e-01 6.225149119687068966e-01 6.190297698922987424e-01 6.292709978385865321e-01 6.269541826309382726e-01 6.252348410235217813e-01 6.174918499543762263e-01 6.264714341723635060e-01 6.236007969829636677e-01 6.254615587788923126e-01 6.237073362995664283e-01 6.279990359402717326e-01 6.224528680409248116e-01 6.217837760464890451e-01 6.248231435757677366e-01 6.223105321627296904e-01 6.272140787643405435e-01 6.262974082975083512e-01 6.274697767736261422e-01 6.269011064410143774e-01 6.273958826903536234e-01 6.224035671984298190e-01 6.244147084213489407e-01 6.220604451194226003e-01 6.234129055380125406e-01 6.230668705052457845e-01 6.192695244892398865e-01 6.262309718087200050e-01 6.247286079441474183e-01 6.270152972736587893e-01 6.244915938587910498e-01 6.226958800613150435e-01 6.239289890829304852e-01 6.252528047778883602e-01 6.220446484583685987e-01 6.247217917990893765e-01 6.278370567244090372e-01 6.286559218257418147e-01 6.236758787315309638e-01 6.273114142296983831e-01 6.219312936176845108e-01 6.262420835738994329e-01 6.212751371358575803e-01 6.220602705737710014e-01 6.214030979823685907e-01
2.293413479040436187e-02 1.631787442327319593e-01 3.828279433279993538e-01 6.010708493588771129e-01 4.903605945168734714e-01 5.656139864990582522e-01 1.000000000000000000e+00 7.380347688116809524e-01 7.671794913983072117e-01 7.381628379670428508e-01 8.001356223033848636e-01 8.363775654393821313e-01 7.681091899184181448e-01 7.681571488434030259e-01 8.556069645378369115e-01 8.333522342842247799e-01 7.716220916734704005e-01 7.724955915923106264e-01 7.791970782426179687e-01 7.349372067158749244e-01 7.733547536901840269e-01 7.574044349486848127e-01 7.755579686098755809e-01 7.291713851003077673e-01 7.404101220297303332e-01 8.223023808174984017e-01 8.226168176952013411e-01 8.204586375498137407e-01 7.641760484349432447e-01 8.087064888204288371e-01 8.326249355561468057e-01 8.242187038664227083e-01 7.917036385375603169e-01 8.130945433863929761e-01 8.031999796209527975e-01 7.996447045055561365e-01 8.329217067142619113e-01 8.468022443909691832e-01 8.440003508364514184e-01 8.269003322214374396e-01 8.510800596496262971e-01 8.561181048670248872e-01 8.417666935676955120e-01 8.571247000835613417e-01 8.418035604110880588e-01 8.556777329156037837e-01 8.452119403444875445e-01 8.496251661044149639e-01 8.387050228296736298e-01 8.398629989926387207e-01 8.431554600667595656e-01 8.104717803577802249e-01 8.441223192393755292e-01 8.385894198397408905e-01 8.341563818237576200e-01 8.423783129312296669e-01 8.325597650494149793e-01 8.459929070728501310e-01 8.441542661511937107e-01 8.463100719517242521e-01 8.466033861095694224e-01 8.426844961278457946e-01 8.406760829478661101e-01 8.444359381169682655e-01 8.363935816277912050e-01 8.382050308486276302e-01 8.485758900563519225e-01 8.486206503112361244e-01 8.497686253437224391e-01 8.471408662718376004e-01 8.446716382317921434e-01 8.444484204345112932e-01 8.386373434817947503e-01 8.360449112876668920e-01 8.594096142192237942e-01 8.563173586881178689e-01 8.591457844841263736e-01 8.429284156660884486e-01 8.548897913703142892e-01 8.455546204947046451e-01 8.498971180069592180e-01 8.536461241612335327e-01 8.505581624933372664e-01 8.509535897251190306e-01 8.507262997432086804e-01 8.492521617214636720e-01 8.492519404806716521e-01 8.596652546597296496e-01 8.605847187926932707e-01 8.554355217615758900e-01 8.599870475728993435e-01 8.593764156873525684e-01 8.542066868291915416e-01 8.585924662578869881e-01 8.493084148887336537e-01 8.514374899968080168e-01 8.453985065143461153e-01 8.391851282651411337e-01 8.467322387937197270e-01 8.531674523473755656e-01 8.536312098954542682e-01 8.475354225309555956e-01 8.522693216151420170e-01 8.528910626228103364e-01 8.499886257423313607e-01 8.351348630914331439e-01 8.483666001299597914e-01 8.516785682970264837e-01 8.516599060672105370e-01 8.509967506177372742e-01 8.512332938256632620e-01 8.486661550349001715e-01 8.486316438923139360e-01 8.463650535677282871e-01 8.430746428255571079e-01 8.483659784097025147e-01
3.928390031719055514e-02 1.314933790684884862e-01 3.663185572576738158e-01 5.651321433789116000e-01 4.535652786113243407e-01 5.016046959114387471e-01 7.380347688116809524e-01 1.000000000000000000e+00 7.255854263071206400e-01 6.901099630773900317e-01 7.411435626338850335e-01 7.889601157433023815e-01 7.251725370425413653e-01 7.163407355685097455e-01 7.949115415914610461e-01 7.934476963646494019e-01 7.387146395824998324e-01 7.254715604771949655e-01 7.337331422677668691e-01 6.976149043465530442e-01 7.522545086591629904e-01 7.263830320877798785e-01 6.943192667785180738e-01 6.922486889065250226e-01 6.944691603901360644e-01 7.655188255890307270e-01 7.660727787574767023e-01 7.488659590890778261e-01 6.843810662021748703e-01 7.391469747345122965e-01 7.653484904746933326e-01 7.808768611453226205e-01 7.236937866217882931e-01 7.642907258395041925e-01 7.360770281416078031e-01 7.522679841945815182e-01 7.676098377912550230e-01 7.870406388396755659e-01 7.815821089307025682e-01 7.670555494554345266e-01 7.947588611298710415e-01 7.926045009353730464e-01 7.828761154070900119e-01 8.002435316218607930e-01 7.906112643121033789e-01 7.842892209835783390e-01 7.990482001114892485e-01 7.999888752809034553e-01 8.007007030106857437e-01 7.919729546277904930e-01 7.969052558225093730e-01 7.701311741258481947e-01 7.966254030153511190e-01 7.939341445114564966e-01 7.945279604037165377e-01 7.967341448501503720e-01 8.002463074413767030e-01 8.017107257015386734e-01 8.003372404467461454e-01 8.007221688264716253e-01 7.980451759310404070e-01 7.967714531694907176e-01 7.981335621811629366e-01 7.959669647541712800e-01 7.934813853429973918e-01 7.980485533732996073e-01 7.983142716152391571e-01 7.984798704920571533e-01 7.953359700550044487e-01 8.005508078358568591e-01 8.014964951254600622e-01 7.956435259545366900e-01 7.899695177312976435e-01 7.856060185108048044e-01 8.031762942541779138e-01 8.000161017640909922e-01 7.952363006649429966e-01 7.774207829382533408e-01 7.928589233907766820e-01 7.866274935278444458e-01 7.911366821982519504e-01 7.939509507197682892e-01 7.977935791055025261e-01 7.956454525852716397e-01 7.983546298868047231e-01 7.970591636310512262e-01 7.936077895494904055e-01 8.037212884951335790e-01 8.001587466354435074e-01 7.983200767544345045e-01 7.979388615962993425e-01 8.018674341727733967e-01 7.990775691246183587e-01 7.989144726187104029e-01 7.979936730517007692e-01 8.004470197286993605e-01 7.982226815039407120e-01 7.997952066814614236e-01 8.004660047637871534e-01 8.034614920985978515e-01 7.982288443366181152e-01 8.032504982140864502e-01 8.057963348672319004e-01 8.025654866610226756e-01 8.021485243517835206e-01 7.987339295438021791e-01 8.025614220136445542e-01 7.998948926355111677e-01 8.011069202706657677e-01 8.025834460058206554e-01 8.036542736858347524e-01 7.996882629953384614e-01 8.009986221985279098e-01 7.990652534238312787e-01 7.973832808526070126e-01 8.004677825039925310e-01
9.141594341439286675e-02 1.811832579178523361e-01 4.005988766927737754e-01 5.759533747219013344e-01 4.732009809503019970e-01 5.582506152818248468e-01 7.671794913983072117e-01 7.255854263071206400e-01 1.000000000000000000e+00 7.768747633343651149e-01 8.146532859800362791e-01 8.491119631555019698e-01 7.886487836218758485e-01 7.959453684684515418e-01 8.609815437366553637e-01 8.440278068136128908e-01 8.227360475499799763e-01 8.011474232161386322e-01 8.078194922125804256e-01 7.470741429586938986e-01 7.820420439739281804e-01 7.933746781189208175e-01 7.754508487133636718e-01 7.610600317570570539e-01 7.858074345420617002e-01 8.498178870323918055e-01 8.459344233092077614e-01 8.264103971363011558e-01 7.928969275645310066e-01 8.550850347795629913e-01 8.628060217733911630e-01 8.533746290425346936e-01 7.991988048382582255e-01 8.369033486118432341e-01 8.364820473516565436e-01 8.287191486566201082e-01 8.605169282431696098e-01 8.577933892518118109e-01 8.602823170464689584e-01 8.247546972694103085e-01 8.749054217916396592e-01 8.639639735048849634e-01 8.537529074725238587e-01 8.788867516158923587e-01 8.670808285438675878e-01 8.643088674566683505e-01 8.814233878862992588e-01 8.874596972452627464e-01 8.800965553848124623e-01 8.604029978817009372e-01 8.707050782254677213e-01 8.367148671512453229e-01 8.743978508818569528e-01 8.827608672789435396e-01 8.745618439035087732e-01 8.782278921072114164e-01 8.777505006185146730e-01 8.794206600123699591e-01 8.792706596571573385e-01 8.879231985649782555e-01 8.817267374544903724e-01 8.821759346997462004e-01 8.773782320233594056e-01 8.823897389786854450e-01 8.816189690972401349e-01 8.814461141884959439e-01 8.839963328849637092e-01 8.834932806633235547e-01 8.837149012623009003e-01 8.758488184462163151e-01 8.765985459654717094e-01 8.843073480198233582e-01 8.749470203022865489e-01 8.765964842828700698e-01 8.863234470508848384e-01 8.821881465326592009e-01 8.798809258842854586e-01 8.745562605237368059e-01 8.816047092025133258e-01 8.838975960228397932e-01 8.847285273657212734e-01 8.851265932507600409e-01 8.855778957667993501e-01 8.828005535664261716e-01 8.751490059421226375e-01 8.804705332527784645e-01 8.788527189021108077e-01 8.780133713223445824e-01 8.833799121264261922e-01 8.795769279373865102e-01 8.728924549919471199e-01 8.833597112407360896e-01 8.826327500211691435e-01 8.814425460940022994e-01 8.837012577714845607e-01 8.855807164941426057e-01 8.654119481052225948e-01 8.790682294687333087e-01 8.835075430871828228e-01 8.784043132077276050e-01 8.781207138102846699e-01 8.805225607180996450e-01 8.827269123025910380e-01 8.836289498353269156e-01 8.818954697310811275e-01 8.792278571773137763e-01 8.859538893743035270e-01 8.870165079389077389e-01 8.860339470026074027e-01 8.848244027161242808e-01 8.824826309150979320e-01 8.858231978973003518e-01 8.849114381851067579e-01 8.836237842219850647e-01 8.869405666830071366e-01 8.849657381681641510e-01
2.086788928977261967e-02 1.787856487500804892e-01 3.426003197473993511e-01 5.392747928099124177e-01 4.629651604086873484e-01 5.353645769211328176e-01 7.381628379670428508e-01 6.901099630773900317e-01 7.768747633343651149e-01 1.000000000000000000e+00 7.604713982353591417e-01 8.003242954205460613e-01 7.406711657559117423e-01 7.544709084920778741e-01 8.219757520537771533e-01 8.047088984836492376e-01 7.680385352117781173e-01 7.466391297084666867e-01 7.640806218050877341e-01 6.938639206431527207e-01 7.446078943911629278e-01 7.418716622773507963e-01 7.277143677740037786e-01 7.078716756547489553e-01 7.365326254837243347e-01 8.033993231033605964e-01 8.036784370680883915e-01 7.837101165941636749e-01 7.409380995290451022e-01 7.979414223451311017e-01 8.118076922544106289e-01 8.024148024079059693e-01 7.551809618849817385e-01 7.813240110101300484e-01 7.802558802890843248e-01 7.666610480631903535e-01 8.122617031056074133e-01 8.149786434766282950e-01 8.099202860144714133e-01 7.865685919223542877e-01 8.296929869796244583e-01 8.273049858105685495e-01 8.133085407818081425e-01 8.296795822235408790e-01 8.186944685596312388e-01 8.186913698120098504e-01 8.350921516434128833e-01 8.419014836541249824e-01 8.316325377936246710e-01 8.093086004656624421e-01 8.244838240462710743e-01 7.771039334779069607e-01 8.219819867413306058e-01 8.361822193737644682e-01 8.292546947570020865e-01 8.317038622329920861e-01 8.198699502570504505e-01 8.370923463295782962e-01 8.352089187437781170e-01 8.382038676844562053e-01 8.333939482703838220e-01 8.341895107557301126e-01 8.271778704371812729e-01 8.292258979310538347e-01 8.242008622165247766e-01 8.210290913838960147e-01 8.379273767062082046e-01 8.362041794416772422e-01 8.348374677303942448e-01 8.243525770807758057e-01 8.307050943727036785e-01 8.349226741112369954e-01 8.235175517074978524e-01 8.286753676249951628e-01 8.405292140290178127e-01 8.350607604239559389e-01 8.357668756048038938e-01 8.268817736110894989e-01 8.318885231068740005e-01 8.356397761867396801e-01 8.350443510589113938e-01 8.387611861698736071e-01 8.344440609132803832e-01 8.330763084413618236e-01 8.275063504450069773e-01 8.301233617651889718e-01 8.333037661169157007e-01 8.352629567492143581e-01 8.378715107915436500e-01 8.318414033568727328e-01 8.314250372156705149e-01 8.397471249511031521e-01 8.362880453273277004e-01 8.366196615700587369e-01 8.384439268847413418e-01 8.406257905248496476e-01 8.181875224792118928e-01 8.231598879610567687e-01 8.353106463960044969e-01 8.336008739677250867e-01 8.324001793856677933e-01 8.319723950394306566e-01 8.322736921463216309e-01 8.368216910834349598e-01 8.283618753475670005e-01 8.269352630616944033e-01 8.370147712478341884e-01 8.395759187225434461e-01 8.402675326318639337e-01 8.378119444515137459e-01 8.385861928360853756e-01 8.377003280922566963e-01 8.381857095843735506e-01 8.327887108663970528e-01 8.336235015171320484e-01 8.319894589952139263e-01
1.752927124761492414e-02 1.595187984161462735e-01 3.805823218979980105e-01 6.108989659670792660e-01 4.698257002029205265e-01 5.654566941506801170e-01 8.001356223033848636e-01 7.411435626338850335e-01 8.146532859800362791e-01 7.604713982353591417e-01 1.000000000000000000e+00 8.789985594802443014e-01 7.995783603196277012e-01 8.113767168511939465e-01 8.820041084120271435e-01 8.669815246564214206e-01 8.185497698246357867e-01 8.054996303533402680e-01 8.243157965149247035e-01 7.566674261086614450e-01 8.052463340254403246e-01 8.089990425322226564e-01 7.864666029807045877e-01 7.635311809639410141e-01 7.896546537651170095e-01 8.602746837403468794e-01 8.615055471301271695e-01 8.425761910746765171e-01 7.949158851870630205e-01 8.566899619327997817e-01 8.805709450288329299e-01 8.641040385546980840e-01 8.103947746426402032e-01 8.476033998108728484e-01 8.365447232986542581e-01 8.418488331541060798e-01 8.745984372349946412e-01 8.815848899637740432e-01 8.805446122536678688e-01 8.571164403391021702e-01 8.955134505674877676e-01 8.902942380078825435e-01 8.847674217552832232e-01 9.005010036679810259e-01 8.910533676874945463e-01 8.893580830267781012e-01 8.996144800004994835e-01 9.045744885047203310e-01 8.978540248604499618e-01 8.832048270626052799e-01 8.917859623278465708e-01 8.599183540670193304e-01 8.946225201224053958e-01 8.931486456187558431e-01 8.922207098496619526e-01 8.945481183612776777e-01 8.907246546434937073e-01 8.965965898661130140e-01 9.007506045881213952e-01 9.013826556053243788e-01 9.037404045912806883e-01 9.000986307007835530e-01 8.978221560049713945e-01 8.997330518925973353e-01 8.910241118238398927e-01 8.947725271942462699e-01 9.016591326675885698e-01 9.026330438291941816e-01 8.962999219524399042e-01 8.948262382972428375e-01 8.997990354472185093e-01 9.002467371683012809e-01 8.875239212166888825e-01 8.923079091643980609e-01 9.075515768819572004e-01 9.012851481976443813e-01 8.989443145774942412e-01 8.893756165999473495e-01 8.993353189895799682e-01 8.956095045830579915e-01 8.977881222163052177e-01 9.032397301899778297e-01 8.986895805631306411e-01 8.966409548617536585e-01 8.953814460520010954e-01 8.960163202373067071e-01 8.984504858125406113e-01 9.027153265214543643e-01 9.028804829825252121e-01 9.017531282629729361e-01 8.982376282385926558e-01 9.074321729004839465e-01 9.027620906200599649e-01 9.048919209707263489e-01 9.039163178862994474e-01 9.057551410508934975e-01 8.952055737022431847e-01 8.947397543912947171e-01 9.034855431263505432e-01 9.031498500802104257e-01 9.027618963487563652e-01 9.028576832222100501e-01 9.049869114013777693e-01 9.063322814065059019e-01 9.026325524356920704e-01 8.942812973794629361e-01 9.038824595460859257e-01 9.050851047500223512e-01 9.067753002313181376e-01 9.058307931693665438e-01 9.060087583069357242e-01 9.042537988558786433e-01 9.048920190709145439e-01 9.011366344377523818e-01 9.013676889742713305e-01 9.023544611172579222e-01
2.211611074609151975e-02 1.474077719833379041e-01 4.117461154999134676e-01 6.690402369212486988e-01 5.088190675752197745e-01 6.120321721355740374e-01 8.363775654393821313e-01 7.889601157433023815e-01 8.491119631555019698e-01 8.003242954205460613e-01 8.789985594802443014e-01 1.000000000000000000e+00 8.468038672726039273e-01 8.498823543326980978e-01 9.306997282690674389e-01 9.114923593414275826e-01 8.651028317398428147e-01 8.463997604784060380e-01 8.625408119149116093e-01 8.027777353582017383e-01 8.636148162550356666e-01 8.497399465657893280e-01 8.240953915057713797e-01 8.071024860826212510e-01 8.237239849960110716e-01 8.964885637192993029e-01 8.995876425033009216e-01 8.799301992911217063e-01 8.154773796574058542e-01 8.860187087910629256e-01 9.136577095845823671e-01 9.128037936331888647e-01 8.567596344422387933e-01 8.981583701662271269e-01 8.851259791030867685e-01 8.952656203242858046e-01 9.207721413982586922e-01 9.300602890333496964e-01 9.327688812018983811e-01 9.043620003172881949e-01 9.391427053670241554e-01 9.383709855057243976e-01 9.338628607577763585e-01 9.491322224724587642e-01 9.362297156239997031e-01 9.369523076581055543e-01 9.453394417564433549e-01 9.500636217948745799e-01 9.401362344678044769e-01 9.277104298314942099e-01 9.360041674276238233e-01 9.146344149291575354e-01 9.409107696130811771e-01 9.387092093294266970e-01 9.333952569384629250e-01 9.386969650034853174e-01 9.361778184097341304e-01 9.428558475491058966e-01 9.426043597107599536e-01 9.462349005311216921e-01 9.497603348742678087e-01 9.453499086883782043e-01 9.426820201744918748e-01 9.479081468293194535e-01 9.405848274878430004e-01 9.418348557591789127e-01 9.486331271715988667e-01 9.487313074287921921e-01 9.442647577035174766e-01 9.429528710812852266e-01 9.455756745898920013e-01 9.453679693135198514e-01 9.365389065697128368e-01 9.357676651203042928e-01 9.499483161419849386e-01 9.468126765349434981e-01 9.415490644657360519e-01 9.237660890214168807e-01 9.394141610499927575e-01 9.351619858692906684e-01 9.432566282014472892e-01 9.451207161785145638e-01 9.474210361497855670e-01 9.425490639158956574e-01 9.444564363138011620e-01 9.452444174963047230e-01 9.474341437643095665e-01 9.521039202941208313e-01 9.519196238695492029e-01 9.480472398316055482e-01 9.465367491390316301e-01 9.533216681061456033e-01 9.514922200247822870e-01 9.523584124189081734e-01 9.502458029352268687e-01 9.517959311069165151e-01 9.424932987138791018e-01 9.413032480552406822e-01 9.497982191396430185e-01 9.504138491566612723e-01 9.509735482398818940e-01 9.508075872371594128e-01 9.532976240417971869e-01 9.535600235743495467e-01 9.513255835896295975e-01 9.426609984978538970e-01 9.504413579282532387e-01 9.510168209316619548e-01 9.515220788715929023e-01 9.526991564354057029e-01 9.528118949454356112e-01 9.514360637506587004e-01 9.511655420567303176e-01 9.496149587287069371e-01 9.486841743140107530e-01 9.502850047958573132e-01
1.769637552247756498e-02 1.592632879629805598e-01 3.745575656546580312e-01 5.982846760367740435e-01 4.980882201113773222e-01 5.420380523918326698e-01 7.681091899184181448e-01 7.251725370425413653e-01 7.886487836218758485e-01 7.406711657559117423e-01 7.995783603196277012e-01 8.468038672726039273e-01 1.000000000000000000e+00 7.825871516617027845e-01 8.607930650430293262e-01 8.520226191231018431e-01 8.079151137523506998e-01 7.713225642517360647e-01 7.908182014147963068e-01 7.533622590837625310e-01 7.917964588922244973e-01 7.737988873223693442e-01 7.584944517767605587e-01 7.372497032650240367e-01 7.513710124822663428e-01 8.177085103051776604e-01 8.283499905253399742e-01 7.954089242449321473e-01 7.381651072156564242e-01 8.147790677018154071e-01 8.301481844696008139e-01 8.254540315589844468e-01 7.583310609388210777e-01 8.067215172756061481e-01 7.972469415070209120e-01 8.073092304714941658e-01 8.363001645526586536e-01 8.390441384112832246e-01 8.436252448742809218e-01 8.068293049848026532e-01 8.593193063232875684e-01 8.539583651392579355e-01 8.474360660502905374e-01 8.673448841577826585e-01 8.560379750810610533e-01 8.577362631235441182e-01 8.696718261265414807e-01 8.762396942424166557e-01 8.631805505385348187e-01 8.374757301005725241e-01 8.531829191785494926e-01 8.276640463115555457e-01 8.654572552341524005e-01 8.694737236011869097e-01 8.584838790741380343e-01 8.555541864608783298e-01 8.604173757051777338e-01 8.723707874452200084e-01 8.670418092889925488e-01 8.799979198191397733e-01 8.753443524130132269e-01 8.720171390640045761e-01 8.662882018655450045e-01 8.727952242397118976e-01 8.703619016720037793e-01 8.733617582297886761e-01 8.754267134367443859e-01 8.728502506369550940e-01 8.688186229248148207e-01 8.728957764287548216e-01 8.690402341246530327e-01 8.680847620409795073e-01 8.615171155097548494e-01 8.598212146599937267e-01 8.728821090774943059e-01 8.686045974241363155e-01 8.623177702415057988e-01 8.467790889869711846e-01 8.617457453940065015e-01 8.599992559331112174e-01 8.654390185920820544e-01 8.695394986893150158e-01 8.687521931581870804e-01 8.635434409008931889e-01 8.605433792331492748e-01 8.636734548535054401e-01 8.685914968004938563e-01 8.698325534941339088e-01 8.748874621905804450e-01 8.677915261861135487e-01 8.602172790630888688e-01 8.755691577546590443e-01 8.731612403008836010e-01 8.748170069728258280e-01 8.759571128814037655e-01 8.773680618136496800e-01 8.574391553353215567e-01 8.663591667507537508e-01 8.758796265167509976e-01 8.709964872840127992e-01 8.726963158634061246e-01 8.754748235759145514e-01 8.777563093906398661e-01 8.779134324010788859e-01 8.722887862003724235e-01 8.720557113561773210e-01 8.771740291067163797e-01 8.774444258355812432e-01 8.759853197317644113e-01 8.793773154532211755e-01 8.743611205908865536e-01 8.793642293686892986e-01 8.771613691495435683e-01 8.771297776158837323e-01 8.759347088510022195e-01 8.797559492443750573e-01
