1.000000000000000000e+00 1.147631155614778492e-01 1.034492888275778261e-01 1.176132115557235458e-01 5.488529158958994209e-02 -3.709542883089703841e-02 3.257907341201307649e-02 6.026892467571855899e-02 1.402052948426573964e-01 5.458925321582924067e-02 4.973915172966016790e-02 3.768679898661690675e-02 -1.072011003215884908e-03 2.132087249040845456e-02 2.154006235860827373e-02 2.214322850310487464e-02 1.171620486671356431e-01 9.046529864079444483e-02 7.535521319550164687e-02 7.310098920368005015e-02 3.689353794767628175e-02 1.038726879551385568e-01 1.517210533877469680e-01 7.641246251619530916e-02 9.838528136887242370e-02 1.435946038335923491e-01 1.007413960854649099e-01 1.314913023864036912e-01 1.558401611034454792e-01 1.226115927337465272e-01 7.019735175534490279e-02 5.727949908206571988e-02 8.294070728407787474e-02 4.822618629229736414e-02 9.001779512285645879e-02 8.139518537768955508e-02 6.455109974882188018e-02 3.625734798804515491e-02 4.711463666123594934e-02 2.216944560260072222e-02 3.646949179872372576e-02 1.903872518996052587e-02 3.128582571057365001e-03 4.020074616043543825e-02 5.804326592905176968e-02 3.449201585826217054e-02 1.608203524169263265e-02 1.784246251548248299e-02 1.478815208515202838e-02 4.173045425526486496e-02 2.206840055078413895e-02 7.291831535318148150e-02 5.850576505663691862e-02 5.302124322985114768e-02 4.604818195086436694e-02 6.002324316182628544e-02 5.714390037939261896e-02 1.987634474817979655e-02 1.547289356543180526e-02 4.530364808665867521e-02 3.279668533372150085e-02 4.044614422064785053e-02 3.101711899363214509e-02 6.316890852442787196e-02 8.924488923867929246e-02 6.775830978498699475e-02 3.056211598736543328e-02 2.698106143772359064e-02 3.432129624903892257e-02 2.477432752548466843e-02 6.627999922190052490e-03 3.453468190766610657e-02 1.589368760206584172e-02 2.885246800740524573e-02 5.675777559192136945e-02 4.944460516792620330e-02 4.657341224334998059e-02 6.762601387315733681e-02 3.654513558364566594e-02 4.648712989419793995e-02 5.012197245144938557e-02 2.612024141849295100e-02 4.470511575478543914e-02 3.688866432557433989e-02 1.655270361553671035e-02 1.811403318840059187e-02 2.732124435665819751e-02 8.577136157548369277e-03 1.110695497161403103e-02 3.549912668268232624e-02 1.682601342986947759e-02 1.275466510090991420e-02 2.019905123313456285e-02 8.231479789714259143e-03 6.917199720796098766e-03 1.054522285982690231e-02 6.414408487754199792e-03 5.894221862549722801e-02 2.860995816565934519e-02 7.049205284084895592e-03 8.468729745754546151e-03 2.217154410304554568e-02 2.135621026694747848e-02 1.682948616778820461e-02 4.106754528372928009e-02 3.291959531328963323e-02 2.552459455145888317e-02 1.838723399468565611e-02 2.515080040464221650e-02 1.787213785501956531e-02 1.275595373326920100e-02 2.738309831392041899e-02 1.880835411652340139e-02 3.006433554101935191e-02 4.598210106615886750e-02 4.327762079804466783e-02
1.147631155614778492e-01 1.000000000000000000e+00 1.132706496822266234e-01 8.513654950137740374e-02 6.636953331362314967e-02 8.112028898588341530e-02 1.279455111979422022e-01 1.036681313380680841e-01 1.970478078009090805e-01 1.858585331863701340e-01 1.816935950106581543e-01 1.471273960954430360e-01 1.083873523885238443e-01 1.436512995294467465e-01 1.596904661950775961e-01 1.460288784838940090e-01 1.677476766951242759e-01 2.039092627223264564e-01 2.130312857738103638e-01 9.555892832093110245e-02 9.147643654037772298e-02 1.871537169370029174e-01 2.469925088749118369e-01 2.214558756187149369e-01 2.380278286705108659e-01 2.405113416017864714e-01 2.216284876585797314e-01 2.480825401844741762e-01 2.419356327548626562e-01 2.379813838359633171e-01 2.134707218445702770e-01 1.983363870323176237e-01 2.093554926906734392e-01 1.718792445729667717e-01 2.213185823367916638e-01 1.421289042452175411e-01 2.014488212099882491e-01 1.791691650635061361e-01 1.721785146893718144e-01 1.816926775984987197e-01 1.855510978433494162e-01 1.736473157465758532e-01 1.377887940022202162e-01 1.628390357928250487e-01 1.855439025668727260e-01 1.799275370361629878e-01 1.662349424528344055e-01 1.751835967360120816e-01 1.648598979344347848e-01 1.528126083430637605e-01 1.649216017468156381e-01 1.332675091386270882e-01 1.626455440698815758e-01 1.849746531560390594e-01 1.882344538467041750e-01 2.061822837741570102e-01 1.666121781353947229e-01 1.688225755667451811e-01 1.779306134392067418e-01 1.683876081811091496e-01 1.523547128043455656e-01 1.682349245085583700e-01 1.669278257959670164e-01 1.550119275437328858e-01 1.716214074426012925e-01 1.797696147790849297e-01 1.698368376382799194e-01 1.767699609818042250e-01 1.843958189921634516e-01 1.503140098386949730e-01 1.534040377215992179e-01 1.819288926656847660e-01 1.819443104744410677e-01 1.943828187564730081e-01 1.965651532456826056e-01 1.924761200434128572e-01 1.911837144682741740e-01 2.047031371850112635e-01 1.917099884294160839e-01 1.963131162206453173e-01 1.936315366828672002e-01 1.840221120949502021e-01 1.813573473989049945e-01 1.898193262342428578e-01 1.718088147735157833e-01 1.711363485813866825e-01 1.745444490029989804e-01 1.748388600477048804e-01 1.613898540913617230e-01 1.931734905712963191e-01 1.817383465265847708e-01 1.714189870967178508e-01 1.726936546693196572e-01 1.696234340207797009e-01 1.611107675595176703e-01 1.682249519279783723e-01 1.629011785237467203e-01 1.706244284744953266e-01 1.647280821641326221e-01 1.684278062545997157e-01 1.488607029739042187e-01 1.636670893001214711e-01 1.590483854037168243e-01 1.612883795288133915e-01 1.642985283211925163e-01 1.706075688081192254e-01 1.682151428178868535e-01 1.741997741606255423e-01 1.830828751327073234e-01 1.709371001190144734e-01 1.736939848510892781e-01 1.653937592425650249e-01 1.660386111426834788e-01 1.619895992718383970e-01 1.652752569677151118e-01 1.702686132198800162e-01
1.034492888275778261e-01 1.132706496822266234e-01 1.000000000000000000e+00 3.480381377299303081e-01 1.811278213800607828e-01 2.303092044038426434e-01 3.381900043089352548e-01 2.710892159114579592e-01 3.747136749008957435e-01 3.524897247253710453e-01 3.984333729219216025e-01 3.774369178854101725e-01 3.251521409622209480e-01 3.412368359562167330e-01 3.777658736977765330e-01 3.496614678717575031e-01 3.664811571938774160e-01 3.512946633843099242e-01 3.849443449597799161e-01 2.890139916908024964e-01 3.219347016440290976e-01 3.998678820482411411e-01 3.885771463274747539e-01 3.767109365303793478e-01 4.046808586179772016e-01 4.343007474272775892e-01 4.226217363899341661e-01 4.177090696128935021e-01 4.192160542179821370e-01 4.373607131205786702e-01 4.218933137951074719e-01 3.961957069836946066e-01 3.984296901069500074e-01 3.979051742515995471e-01 4.255615988838662433e-01 3.899844211355142920e-01 4.111073810502960946e-01 3.870502946343301609e-01 3.934205393619613633e-01 3.845914075898300144e-01 3.992467604133155823e-01 3.902446143753473540e-01 3.573092174947029021e-01 3.930204701042779858e-01 4.026026480560924714e-01 3.854369339653850868e-01 3.945778193547535562e-01 3.967141139428074226e-01 3.928214528834898522e-01 3.864892121020416793e-01 3.890670451922446649e-01 3.834052141126911839e-01 3.937320387472291738e-01 3.970632598329212892e-01 3.959207282484369927e-01 4.133543516312928601e-01 3.812108576629644752e-01 3.930627925124585142e-01 3.869432107460372694e-01 3.955951270481958271e-01 3.878682200314596540e-01 3.884516997585489850e-01 3.795604202068281752e-01 3.980729138368745978e-01 4.026820817564933930e-01 4.003672738183274848e-01 4.028385042659882731e-01 3.983018000109483925e-01 4.027914974243974044e-01 3.872659917242293748e-01 3.914854616603029025e-01 4.104803818233420110e-01 3.974116756408211382e-01 4.082979532833470593e-01 4.193288655697410272e-01 4.162751537189125495e-01 4.116356909718667523e-01 4.218106801945816775e-01 4.119443508319712288e-01 4.201915357100924897e-01 4.196284773813839242e-01 4.133583377063730357e-01 4.056228804304820024e-01 4.089028949888841580e-01 4.041835414031935136e-01 4.014507103844967006e-01 4.072030471796466156e-01 3.972167606088451985e-01 3.969902075067218705e-01 4.086052023248498144e-01 4.010747355666304248e-01 3.990096036723744799e-01 3.986267751650957036e-01 3.945016952892717033e-01 3.950950275167769421e-01 3.969963835635147986e-01 3.883686436893540872e-01 3.990980380069370503e-01 3.941656327950732730e-01 3.932945366403288734e-01 3.883173713652428027e-01 3.911763620449748569e-01 3.896296912433137583e-01 3.946606729178137596e-01 4.023798645636755822e-01 3.927606750292881865e-01 3.976196084025765409e-01 4.022550122131445804e-01 4.051921716211908664e-01 3.957317834341130269e-01 3.943284577008676073e-01 3.979875814926256972e-01 3.957406362198369054e-01 3.966625902140668014e-01 4.040055557049625490e-01 4.018862168756664466e-01
1.176132115557235458e-01 8.513654950137740374e-02 3.480381377299303081e-01 1.000000000000000000e+00 3.945285325488608885e-01 3.810452458934344144e-01 5.996020660413111658e-01 5.699513336080380688e-01 5.926377651116738754e-01 5.162413429645015261e-01 5.808487781832902819e-01 6.617720493850540731e-01 5.800056779142203078e-01 5.590253963673785798e-01 6.360884201769114732e-01 6.348261137701692869e-01 5.766600799175762848e-01 5.534897615357737832e-01 5.560599185528509736e-01 5.916025294477021967e-01 6.351811626524057619e-01 6.345529261289737377e-01 5.626740462507564544e-01 5.593716035365826622e-01 5.674583100021597382e-01 6.109978201504544515e-01 5.942357661341428621e-01 5.837503338706728773e-01 5.614935944789215538e-01 5.815785675718454506e-01 6.160774611667478862e-01 6.258817348854507356e-01 5.799827338200091997e-01 6.206331665966563493e-01 6.002266670361425804e-01 6.440183638745681227e-01 6.228076117789800303e-01 6.010308221512316029e-01 6.471600295355200982e-01 6.155110538204136006e-01 6.331393491616800207e-01 6.303578068794438716e-01 6.550816352983204194e-01 6.546426917945529222e-01 6.393866951586267833e-01 6.338617365042633622e-01 6.230204534999237431e-01 6.248142082614847048e-01 6.268499274578254177e-01 6.129568146718245014e-01 6.311479219400927265e-01 6.425191487439471105e-01 6.581199034405031956e-01 6.255338836993009632e-01 6.094162399832104837e-01 6.184431807129358027e-01 6.190814624934111166e-01 6.306064427732509525e-01 6.072846536917557714e-01 6.421720052983586058e-01 6.497788455704620603e-01 6.335098846648952176e-01 6.242725523290886258e-01 6.449684326004776480e-01 6.413627711334402015e-01 6.382836891646964661e-01 6.328036435124978487e-01 6.272146118871588794e-01 6.356086236540481327e-01 6.541053248607267001e-01 6.438760559660103855e-01 6.286194731984918738e-01 6.164668519423611714e-01 6.154339742198985386e-01 6.387897925411684108e-01 6.330435924164139472e-01 6.323292532753087558e-01 6.283909618211704906e-01 6.276701390220442711e-01 6.240312210754364042e-01 6.297454949365064447e-01 6.276426326863603355e-01 6.395563147847642682e-01 6.257269416586246358e-01 6.351679717903332412e-01 6.336348538904178485e-01 6.356863724175741970e-01 6.341568855827647289e-01 6.357856964701046332e-01 6.268489338266577393e-01 6.310740222991993997e-01 6.395970117684455225e-01 6.401585415575058446e-01 6.331733620985033895e-01 6.290758820779601690e-01 6.297321218117468700e-01 6.359992120379722724e-01 6.340867914390615478e-01 6.425474612948214315e-01 6.389547161112443252e-01 6.513399637306170886e-01 6.402481459954703080e-01 6.447981941551155227e-01 6.426850655132669843e-01 6.486315543820097007e-01 6.285266720397022500e-01 6.335953905621650728e-01 6.318471147621852468e-01 6.297266810654615909e-01 6.309968147525962801e-01 6.299767807852498791e-01 6.374701969901246379e-01 6.350140685208549574e-01 6.369972502149657823e-01 6.361436665921927913e-01 6.354000095591424424e-01
5.488529158958994209e-02 6.636953331362314967e-02 1.811278213800607828e-01 3.945285325488608885e-01 1.000000000000000000e+00 3.210879572068414123e-01 4.722814495044027061e-01 4.905422281429624998e-01 4.386683336413164658e-01 4.013661586025530914e-01 4.465034962869738333e-01 4.876867269312085695e-01 4.674932507456453501e-01 4.281256633591068450e-01 4.890382820372305983e-01 5.022910076318887196e-01 4.264735357837218799e-01 4.398325250367667305e-01 4.384416690783491388e-01 4.597449554718502918e-01 4.831644704637497179e-01 4.737794951458441650e-01 4.313407021829553933e-01 4.428253120242344187e-01 4.327087768314538119e-01 4.475551979645595591e-01 4.410932676577141165e-01 4.238082459405442259e-01 4.032411152648994745e-01 4.105903511031369635e-01 4.521754831291358578e-01 4.863699522144684373e-01 4.392548266133189383e-01 4.751448454859886761e-01 4.365964248849992790e-01 4.811345432197730587e-01 4.707574280399783873e-01 4.717096163787155017e-01 4.896843603818226143e-01 4.791868875164917441e-01 4.879032830792721653e-01 4.964052786804405981e-01 5.114238302640093936e-01 5.029298191221600600e-01 4.850026347417900618e-01 4.875020603375519457e-01 4.828198366320217150e-01 4.828317743768423820e-01 4.880340428133520536e-01 4.845070258133558627e-01 4.992473254489604439e-01 4.879787102749582051e-01 5.039272228482412075e-01 4.827599317412498148e-01 4.676879201203755221e-01 4.699840845496854880e-01 4.785455745687996476e-01 4.878123501899820913e-01 4.683265582777108582e-01 4.940297936448105887e-01 5.055415396014668605e-01 4.888220941824178989e-01 4.838297347024808071e-01 4.949026669200068396e-01 4.820528193949751850e-01 4.900142102907369401e-01 4.885005333117322102e-01 4.868079002544401512e-01 4.971709433932517963e-01 5.072929314560115088e-01 4.952481490572809286e-01 4.807401307999508711e-01 4.858713087051128587e-01 4.790362111842390580e-01 4.831299231812307138e-01 4.796007849713920246e-01 4.823029198091265402e-01 4.731750585579710400e-01 4.767433966684442859e-01 4.686606804354811473e-01 4.761021482593484899e-01 4.767924356112326900e-01 4.873560341400621776e-01 4.775687701653526518e-01 4.875583387675794245e-01 4.878271427958570383e-01 4.887006612108794612e-01 4.904554363928264049e-01 4.917006477540989406e-01 4.830935717928460105e-01 4.908315434316103398e-01 4.948961390497396695e-01 4.922324353988343226e-01 4.877111030430276717e-01 4.849101470798203306e-01 4.871144806576099828e-01 4.965569595969462902e-01 4.847508467155673406e-01 4.930074574078165406e-01 4.960159555279186061e-01 5.047479102998447820e-01 4.940528375491409774e-01 4.989386350600849007e-01 4.974514038375586478e-01 4.909639559247967466e-01 4.861693116349570243e-01 4.895268261251233266e-01 4.872480325743316909e-01 4.863666110177221058e-01 4.897716134056610549e-01 4.863793390802164107e-01 4.907050388018321940e-01 4.901632827903554257e-01 4.891926307182507538e-01 4.821665365392052705e-01 4.870967197167764828e-01
-3.709542883089703841e-02 8.112028898588341530e-02 2.303092044038426434e-01 3.810452458934344144e-01 3.210879572068414123e-01 1.000000000000000000e+00 5.225218332259957688e-01 4.952310872099469630e-01 5.028503171835564389e-01 4.811036026131585430e-01 5.043258958863628960e-01 5.672387088752338657e-01 5.070176030206811069e-01 5.223919965071888161e-01 5.812346979375899725e-01 5.631811433360104369e-01 4.948230019276731451e-01 4.984088174696756357e-01 5.189989755050722353e-01 4.398991295639728683e-01 5.178149661460755837e-01 5.438605129502663837e-01 4.889768466544656689e-01 5.055476545623399653e-01 5.092650755768516335e-01 5.085779045552009103e-01 5.274495419396024731e-01 5.178017546065092347e-01 4.810454385603710747e-01 4.911213948161443632e-01 5.502830899335895420e-01 5.700798912622534464e-01 5.361276513287693835e-01 5.508732014877172345e-01 5.205666321650266326e-01 5.327156634177113714e-01 5.578125473164470272e-01 5.637800958643551796e-01 5.716995107163145295e-01 5.674238965051188188e-01 5.792867932885815696e-01 5.826252107065565955e-01 5.643413673588317803e-01 5.797778874059004162e-01 5.671568597756052599e-01 5.816098406451399860e-01 5.854435310503899315e-01 5.830014473531521801e-01 5.836517074787997972e-01 5.548079957672217288e-01 5.806643903373249760e-01 5.417982798936666899e-01 5.749037514357387968e-01 5.736650249232624343e-01 5.683588887277446489e-01 5.633886540809143195e-01 5.553509967704099992e-01 5.822153882537693947e-01 5.755237674964555072e-01 5.818522681731648216e-01 5.809924788745247648e-01 5.743554490355924358e-01 5.721409278452820324e-01 5.670072104191619111e-01 5.622237567881512854e-01 5.665306961965222987e-01 5.833410267989197484e-01 5.820670324843635335e-01 5.822249256324543154e-01 5.768620876844272605e-01 5.874003965130960569e-01 5.792774895011448821e-01 5.808630610854089715e-01 5.776432796111644619e-01 5.749071592387400287e-01 5.753296678561762301e-01 5.779516493687563150e-01 5.672053057468847692e-01 5.781616229642168037e-01 5.657322257135495303e-01 5.722174486035590535e-01 5.769176345285120799e-01 5.795299699886674594e-01 5.774714045509242721e-01 5.821168309401403285e-01 5.825272426660843550e-01 5.822300270724395377e-01 5.876371899126712206e-01 5.903712076083843519e-01 5.762635769135590058e-01 5.879442847027678276e-01 5.888443453141547490e-01 5.874005498954902871e-01 5.911949348496319256e-01 5.877057693236356073e-01 5.856188558094931329e-01 5.838888285074603779e-01 5.714350433143213781e-01 5.833575337274869987e-01 5.891064439769529981e-01 5.851892521040572559e-01 5.813780749233213863e-01 5.848213556848239625e-01 5.884023801238061901e-01 5.783376989142079427e-01 5.731646979459299462e-01 5.867158935094419769e-01 5.847940762025480854e-01 5.819224326142751202e-01 5.866956891917540773e-01 5.873094321991716438e-01 5.850415093671925693e-01 5.839002911743478297e-01 5.809294021901282301e-01 5.757413754369182790e-01 5.780204714558890844e-01
3.257907341201307649e-02 1.279455111979422022e-01 3.381900043089352548e-01 5.996020660413111658e-01 4.722814495044027061e-01 5.225218332259957688e-01 1.000000000000000000e+00 7.200655096810539835e-01 7.529802189808399993e-01 6.996061826243870074e-01 7.468099463833353102e-01 8.161966728194113285e-01 7.395893104822738318e-01 7.411663697679835572e-01 8.440197052323470395e-01 8.237406598190086804e-01 7.261441090889307892e-01 7.257080855921894669e-01 7.504864502125792036e-01 6.727279468362766801e-01 7.744804951855911446e-01 7.973060287629342158e-01 7.204487685027615163e-01 7.404172923448859578e-01 7.513557805141110046e-01 7.647705382898432047e-01 7.790416745629330508e-01 7.619228679255674042e-01 7.199173928642340625e-01 7.321199013321830762e-01 8.012406366019578785e-01 8.272420535528927088e-01 7.823302698411384037e-01 8.137596995839306846e-01 7.730734143173682016e-01 7.909996996942502134e-01 8.170967728774842787e-01 8.167091236530638065e-01 8.352236780657975590e-01 8.161137161217459912e-01 8.343274734552699190e-01 8.395369263797578530e-01 8.240662443434016993e-01 8.450177718042780617e-01 8.315500727393231317e-01 8.449290002368480268e-01 8.343129407709720669e-01 8.357322140096534735e-01 8.287099348233327722e-01 7.965350991631575672e-01 8.340302465950453215e-01 7.914901184554322677e-01 8.352837349217669960e-01 8.327331448461522401e-01 8.123728913146189834e-01 8.177885019945371203e-01 8.066012722203121932e-01 8.373082982951317588e-01 8.231224915133581455e-01 8.409867126003520710e-01 8.371226445465241861e-01 8.334852764717913809e-01 8.159848340769091379e-01 8.285150550140921721e-01 8.223471315180208574e-01 8.276775308682567944e-01 8.351102532543538404e-01 8.362673197064970365e-01 8.398882895581041286e-01 8.391339350200819336e-01 8.419283937576440557e-01 8.313764264891971845e-01 8.313827600112417837e-01 8.251905348250008210e-01 8.339059045280824423e-01 8.318972658368216644e-01 8.392126531168323522e-01 8.257207911959419944e-01 8.311097569014780362e-01 8.149206878401260568e-01 8.271607495987572944e-01 8.294054489222806303e-01 8.409301381921181484e-01 8.329365915413703414e-01 8.443091488341949447e-01 8.402611057340331202e-01 8.397093707270796292e-01 8.477275092734710693e-01 8.434586791580658272e-01 8.343437494146751510e-01 8.457093991736446270e-01 8.463944333555739608e-01 8.424449008384804483e-01 8.451341650250830950e-01 8.369815914900510245e-01 8.385266736075946969e-01 8.396061299948150980e-01 8.296358404250175900e-01 8.396514304307308718e-01 8.470207094120543179e-01 8.477787937602940804e-01 8.378331614317406917e-01 8.408222281929521591e-01 8.450179290440752444e-01 8.353265067804749311e-01 8.255341609067838871e-01 8.408206155414950089e-01 8.369835706399467723e-01 8.357379656604391194e-01 8.416571437279389833e-01 8.425919790421538824e-01 8.410027394108583465e-01 8.378995472382914089e-01 8.369028355007083197e-01 8.279445538578001917e-01 8.321634796697439107e-01
6.026892467571855899e-02 1.036681313380680841e-01 2.710892159114579592e-01 5.699513336080380688e-01 4.905422281429624998e-01 4.952310872099469630e-01 7.200655096810539835e-01 1.000000000000000000e+00 7.096930574171562700e-01 6.360396515728733435e-01 6.783586675342019312e-01 7.679499888992002976e-01 7.119420663417840300e-01 6.859331157626219477e-01 7.800812437795423548e-01 7.988926950172581254e-01 6.829158796225042183e-01 6.592925769798398949e-01 6.789956982304965472e-01 6.653130896575387698e-01 7.469334408553512938e-01 7.331255630354800434e-01 6.449858533947236960e-01 6.478540397900001135e-01 6.511969011368679006e-01 6.858018680974964365e-01 6.897244477827310094e-01 6.577608151282021698e-01 6.163857155937761956e-01 6.403904200530886603e-01 7.214055858929439013e-01 7.655341189983397854e-01 6.937580504701850170e-01 7.441125743264976888e-01 6.902703901471358705e-01 7.298796960876782203e-01 7.319833994475566374e-01 7.542778919443591246e-01 7.708118189721155922e-01 7.411630570932248308e-01 7.629173875229805502e-01 7.759015624343709172e-01 7.747393006470022492e-01 7.930073700942623649e-01 7.601174430733715903e-01 7.738136874558440015e-01 7.741453358053328460e-01 7.716269622636788839e-01 7.727305060641752599e-01 7.511614540263277240e-01 7.783351845915914557e-01 7.457567024606841510e-01 7.917086507924308014e-01 7.745802705766664520e-01 7.521787526725230988e-01 7.430326558143268700e-01 7.648268477058878245e-01 7.829734756107652460e-01 7.679977991930134751e-01 7.866368210881967693e-01 7.878505230091069622e-01 7.863925533243169008e-01 7.738675716688522277e-01 7.763816973170514224e-01 7.634440285323267350e-01 7.732417659526286124e-01 7.765750578856889241e-01 7.694767516771401361e-01 7.747898222941664859e-01 7.880204671862958143e-01 7.828864984675438787e-01 7.619169222644253114e-01 7.578274753736460312e-01 7.463270998530872058e-01 7.601737464931486166e-01 7.547835386842258742e-01 7.592341127187893779e-01 7.450011516609326145e-01 7.505394564961547221e-01 7.429229943609333420e-01 7.519881208159449049e-01 7.575067044383825277e-01 7.725140286747891327e-01 7.621057320043850281e-01 7.758411296551387393e-01 7.697051785913064936e-01 7.682025787075267287e-01 7.825164147384666702e-01 7.778996163581470835e-01 7.626804749056940169e-01 7.708196842439463126e-01 7.820109695481666234e-01 7.772689339487171001e-01 7.781692140881453223e-01 7.791770279639109731e-01 7.769473472104818645e-01 7.846930731306560602e-01 7.770452706782735586e-01 7.885932420089554196e-01 7.873259557843396150e-01 7.918333244215856048e-01 7.902936978646155630e-01 7.845930679555442877e-01 7.886604946033655139e-01 7.760619101286585497e-01 7.795659611796866839e-01 7.833375588821079871e-01 7.736790642462575418e-01 7.723116741325235513e-01 7.851294850350047927e-01 7.848741606499183288e-01 7.829137948056765772e-01 7.857541560946923465e-01 7.792343501289421548e-01 7.658356106372340433e-01 7.760997945159905376e-01
1.402052948426573964e-01 1.970478078009090805e-01 3.747136749008957435e-01 5.926377651116738754e-01 4.386683336413164658e-01 5.028503171835564389e-01 7.529802189808399993e-01 7.096930574171562700e-01 1.000000000000000000e+00 7.493636957977908297e-01 8.104482416833513891e-01 8.453933072130993542e-01 7.578876600662903806e-01 7.622507039293447972e-01 8.541821141983158006e-01 8.294719975894967456e-01 8.182611906668734170e-01 7.909184243405597003e-01 8.270174463181449998e-01 6.635259099514363434e-01 7.770164488529909264e-01 8.601031792296732759e-01 8.164060122555472088e-01 7.961722441825351826e-01 8.218526267382404438e-01 8.395115980378082821e-01 8.400727053361320973e-01 8.131481309330207408e-01 7.871376266593712590e-01 8.217016215312590299e-01 8.609180990938309908e-01 8.724302422936575097e-01 8.311619741471278910e-01 8.658361024127919636e-01 8.454126339270900958e-01 8.435397781204786449e-01 8.664616468389336745e-01 8.631182341372236611e-01 8.716555490321423738e-01 8.281288776801467577e-01 8.710158399687227826e-01 8.682391054565181676e-01 8.271786157636261683e-01 8.779230310173975482e-01 8.784050522379542869e-01 8.674146321303037865e-01 8.727664661557351655e-01 8.782927247796072923e-01 8.747361436468148455e-01 8.529105737483193561e-01 8.699655819518417044e-01 8.533456635939575818e-01 8.719631054780693225e-01 8.871995579567018009e-01 8.739840724748303424e-01 8.786513889582209247e-01 8.673398508938627849e-01 8.719116237162191085e-01 8.674280808309586810e-01 8.846747016721276946e-01 8.754718157066558870e-01 8.804213308906204682e-01 8.665049723658683201e-01 8.817306129034193640e-01 8.902981581000003475e-01 8.877361307287283676e-01 8.811121286990707402e-01 8.803658541342136434e-01 8.808918211790143227e-01 8.663011549820607282e-01 8.725787125821715673e-01 8.830483460344975555e-01 8.697187197445546136e-01 8.751222903424286104e-01 8.856554111009085073e-01 8.802470897613815515e-01 8.781625861925211884e-01 8.767923942156883310e-01 8.717065624461135531e-01 8.768977305008378575e-01 8.808502617214915009e-01 8.779397696687456509e-01 8.855915499519081413e-01 8.782916714182651408e-01 8.761223021404531686e-01 8.776957877592226343e-01 8.803439860004325102e-01 8.751882891773626882e-01 8.781857784800626288e-01 8.768806169632397118e-01 8.675372875857518817e-01 8.761649803865988462e-01 8.788298897617958794e-01 8.757760865092639735e-01 8.748026109908606518e-01 8.766063410548933232e-01 8.653939359093267836e-01 8.846753060290719617e-01 8.810668764192135516e-01 8.729794764455044431e-01 8.697108395372199485e-01 8.753631565712419738e-01 8.757201946171335738e-01 8.779785028155954185e-01 8.843011246583648566e-01 8.721227958081012588e-01 8.808472248629699575e-01 8.798103663974737865e-01 8.793103896212685067e-01 8.797393653976958161e-01 8.759309961501947628e-01 8.816196694712165050e-01 8.776028767499139960e-01 8.811995149313394116e-01 8.842383860506973781e-01 8.832578765074986515e-01
5.458925321582924067e-02 1.858585331863701340e-01 3.524897247253710453e-01 5.162413429645015261e-01 4.013661586025530914e-01 4.811036026131585430e-01 6.996061826243870074e-01 6.360396515728733435e-01 7.493636957977908297e-01 1.000000000000000000e+00 7.411367944509349437e-01 7.782176002964561468e-01 6.951174310268939394e-01 7.032001039301485346e-01 7.947532866945916652e-01 7.694162992920966504e-01 7.113920555729704720e-01 7.092098645239369725e-01 7.547182871960342876e-01 5.955135150689128132e-01 6.897377469254025728e-01 7.735518273592336680e-01 7.383881224331494408e-01 7.325538925094798870e-01 7.639774469041581417e-01 7.778910666429855736e-01 7.858759894007639746e-01 7.584514083055392542e-01 7.338710368510714677e-01 7.668669367907653411e-01 8.066128517188645430e-01 7.988695817628491680e-01 7.603811786438330333e-01 7.802871438248112357e-01 7.753934690871802093e-01 7.530420564303899056e-01 7.979156565950678015e-01 7.889339491393581039e-01 7.937833525679203195e-01 7.679046770092040619e-01 8.125847212340360226e-01 8.082607765637647157e-01 7.619184675237763438e-01 8.085629510425051958e-01 8.023064212719005495e-01 8.040200517796639579e-01 8.139154684390639272e-01 8.235177640109067054e-01 8.095862789956613792e-01 7.657321032889268242e-01 7.995404141895365857e-01 7.580336997460302983e-01 7.975482834287770384e-01 8.242506572202417114e-01 8.089691358693292811e-01 8.181353425257306133e-01 7.920901510690790959e-01 8.146634835801384034e-01 8.062578988597193241e-01 8.199994332398645724e-01 8.008262861975383728e-01 8.148536749227385245e-01 7.976530289535361806e-01 8.040062335651090297e-01 8.011579577298537647e-01 8.175955127690528457e-01 8.150501896774789978e-01 8.159861870135743933e-01 8.178523530187448154e-01 7.986225225287074680e-01 8.094433113139787306e-01 8.195601903681187794e-01 8.109257407108501070e-01 8.156194429181981009e-01 8.234224295633548740e-01 8.216336424706388586e-01 8.196221543904387286e-01 8.187177058242447458e-01 8.182657296509296962e-01 8.195563146979552016e-01 8.195957868657601786e-01 8.221303017674959079e-01 8.151477721822207867e-01 8.183032368653124777e-01 8.124379710058260429e-01 8.108745222385412843e-01 8.152781593840034979e-01 8.168197660242438873e-01 8.127577044853455668e-01 8.206598262369214636e-01 8.130527685689528106e-01 8.174515543562600461e-01 8.142210467038374366e-01 8.179229068990108154e-01 8.162819922935314887e-01 8.170991681982563426e-01 8.024330774956367485e-01 8.083889047030722308e-01 8.130998438668260997e-01 8.091123310676898717e-01 8.072461556495983404e-01 8.126993376722856377e-01 8.114718414678980807e-01 8.156957346283537635e-01 8.124759732819915037e-01 8.147852531509676144e-01 8.160903801067830310e-01 8.199774205295153884e-01 8.235604023110223437e-01 8.186853959487002674e-01 8.179466085533932951e-01 8.178415686075668489e-01 8.183602889871707253e-01 8.163389602863558858e-01 8.106502160233373111e-01 8.195493359749493889e-01
4.973915172966016790e-02 1.816935950106581543e-01 3.984333729219216025e-01 5.808487781832902819e-01 4.465034962869738333e-01 5.043258958863628960e-01 7.468099463833353102e-01 6.783586675342019312e-01 8.104482416833513891e-01 7.411367944509349437e-01 1.000000000000000000e+00 8.505326655461532548e-01 7.459878742770859050e-01 7.686386361870158890e-01 8.656651002512295578e-01 8.293701215368970425e-01 7.788391711317574906e-01 8.123891975887417294e-01 8.520918562049407674e-01 6.370469179816284910e-01 7.425665878453313606e-01 8.658376970627543745e-01 8.349588089346908770e-01 8.371679876295318179e-01 8.674456815126805331e-01 8.695934640747626787e-01 8.700457011026996312e-01 8.455701997342668363e-01 8.289565523529770497e-01 8.672370260615474002e-01 8.982452048822678892e-01 8.893682462049015136e-01 8.636415783193144291e-01 8.826657269173527887e-01 8.704854154320231796e-01 8.420878200240871081e-01 8.893755976032275967e-01 8.864381388370750070e-01 8.874474381762809116e-01 8.696203590594290267e-01 8.894585850122243009e-01 8.879358043191791783e-01 8.521546311888148484e-01 8.888073735442655332e-01 8.987485339663194850e-01 8.821150139491761299e-01 8.853419555840044142e-01 8.946876148186111433e-01 8.934973608800488298e-01 8.689800128012864500e-01 8.933135833980065943e-01 8.534811450080632689e-01 8.752664104517253740e-01 8.931892289898386572e-01 8.965702765613048353e-01 9.038192469917424310e-01 8.748008738605780321e-01 8.941151963511707601e-01 8.918220388591439063e-01 8.843967100301848294e-01 8.838438837365598655e-01 8.877238118229116015e-01 8.856372889780194102e-01 8.740221848469235111e-01 8.763988049217970033e-01 8.880793464913784296e-01 8.906524263228421390e-01 8.993337976518950283e-01 9.017175741469514172e-01 8.705426413578890577e-01 8.826530217354612295e-01 9.015362712579095827e-01 8.966047190670654032e-01 9.047083042318649904e-01 9.110740329398314685e-01 9.059831533385463986e-01 9.026248284848819026e-01 9.048920717371824463e-01 9.044902630340515559e-01 9.067317883964050029e-01 9.074381368800168435e-01 9.027912951412550013e-01 8.959998813887226632e-01 9.038983778169987771e-01 8.980591848787629061e-01 8.968718703394005232e-01 9.013842889440822903e-01 8.979394141316427991e-01 8.938868540718429845e-01 9.071127273136611047e-01 8.967773732577077883e-01 8.974865631466980576e-01 8.976646296265674563e-01 8.947221975655048620e-01 8.892220086725283190e-01 8.938881518480136235e-01 8.902614628341228853e-01 8.853892356961478027e-01 8.911417534988259614e-01 8.920989862859493025e-01 8.828222992569081384e-01 8.877639462880155818e-01 8.853442447977413199e-01 8.894173190552274733e-01 8.927562756518213627e-01 8.865858956734703478e-01 8.910867736391008265e-01 8.990737983003068701e-01 9.046156468474546575e-01 8.937081578199116416e-01 8.943068214080857059e-01 8.888706348355657205e-01 8.889184900405077139e-01 8.860645253287158241e-01 8.849151869752940325e-01 8.884600693469618671e-01
3.768679898661690675e-02 1.471273960954430360e-01 3.774369178854101725e-01 6.617720493850540731e-01 4.876867269312085695e-01 5.672387088752338657e-01 8.161966728194113285e-01 7.679499888992002976e-01 8.453933072130993542e-01 7.782176002964561468e-01 8.505326655461532548e-01 1.000000000000000000e+00 8.292777685957283262e-01 8.150573480030641749e-01 9.269895138826983461e-01 9.079173488410977599e-01 8.204315643869113384e-01 8.013797710501399107e-01 8.391609187749172749e-01 7.375020545321548937e-01 8.592579521232674988e-01 8.920042447473780500e-01 8.071072909381885596e-01 8.076378004061415261e-01 8.344840868319516325e-01 8.563420887658873548e-01 8.718758940232038679e-01 8.323875749128001322e-01 7.949857753377855829e-01 8.344126492012676755e-01 9.056090625086616885e-01 9.127491276000700982e-01 8.558430679951933850e-01 9.063106184900745488e-01 8.678136164615669612e-01 8.937327072449102738e-01 9.035951880818329229e-01 9.078363743647547279e-01 9.298209725661004121e-01 8.922269605490247280e-01 9.336574453205952473e-01 9.323511192663611613e-01 9.133791695299379176e-01 9.453516529371003285e-01 9.268321558664253113e-01 9.309830538084248319e-01 9.381972379799741191e-01 9.391503080408210025e-01 9.373839565784831684e-01 9.022411624228346971e-01 9.291022217593055688e-01 9.086521495991036756e-01 9.356898296123347114e-01 9.336034964577937245e-01 9.134110755794193626e-01 9.197893898239610788e-01 9.121396561213781506e-01 9.375333364113997980e-01 9.212968519568388581e-01 9.450306097891747470e-01 9.406530142602673727e-01 9.364171831564411796e-01 9.211918139302149866e-01 9.369151706525801204e-01 9.303178559502295331e-01 9.355712773540212357e-01 9.418977607641056959e-01 9.380464492577316182e-01 9.383272149566631581e-01 9.400196642261140489e-01 9.453809487356570340e-01 9.364702899951466986e-01 9.275241190391968482e-01 9.266957745148876047e-01 9.371644363380129406e-01 9.337329949447469302e-01 9.347995573593369523e-01 9.248657175846980438e-01 9.323040643807962713e-01 9.274074741637717834e-01 9.319993055112287816e-01 9.367158361497864849e-01 9.406734336658630902e-01 9.349388932511075723e-01 9.411178815386809227e-01 9.390162838586126881e-01 9.413731410032842861e-01 9.433012838654131205e-01 9.453596862134414636e-01 9.340480580205862138e-01 9.363943816743742765e-01 9.458622216485254031e-01 9.436719468962139201e-01 9.449310965001708196e-01 9.443413106072090502e-01 9.445459349281853934e-01 9.372750472690205559e-01 9.343341971685892311e-01 9.447877779154733036e-01 9.439270974206268594e-01 9.481789865328849043e-01 9.421205708543303192e-01 9.470598031064425548e-01 9.485009045508930869e-01 9.466728621087476814e-01 9.341901646420159855e-01 9.431992879769494076e-01 9.432760572947813671e-01 9.397529884947467549e-01 9.447645785182359202e-01 9.408726347967549808e-01 9.463920276513784202e-01 9.433093674538319817e-01 9.450482982088498352e-01 9.400631129216865389e-01 9.420275932767353533e-01
-1.072011003215884908e-03 1.083873523885238443e-01 3.251521409622209480e-01 5.800056779142203078e-01 4.674932507456453501e-01 5.070176030206811069e-01 7.395893104822738318e-01 7.119420663417840300e-01 7.578876600662903806e-01 6.951174310268939394e-01 7.459878742770859050e-01 8.292777685957283262e-01 1.000000000000000000e+00 7.440373059289970836e-01 8.455820408273246880e-01 8.306791692794391890e-01 7.282546794242341637e-01 7.122126048283990984e-01 7.438766005854361429e-01 6.865337643367712683e-01 7.902685303120962068e-01 7.965283949137865749e-01 7.053134648126422324e-01 7.196316966444149532e-01 7.338765507891548134e-01 7.487143087416429088e-01 7.652072200634529864e-01 7.224079248724902813e-01 6.820942767322510925e-01 7.214555917129394924e-01 7.951983948328668061e-01 8.178844521173367355e-01 7.559128844280491588e-01 8.145247264186061820e-01 7.671861545405999072e-01 7.988166429860268369e-01 8.053964049001397507e-01 8.072324015141929543e-01 8.339964905950234542e-01 7.964101007499946316e-01 8.373230125467013840e-01 8.398223547941456868e-01 8.276308025242747890e-01 8.500236545055646076e-01 8.323185388475081714e-01 8.310900291917698857e-01 8.507397053848225754e-01 8.481777060958244352e-01 8.475654085588929521e-01 8.118208223694497461e-01 8.374261014721173790e-01 8.132183562587204095e-01 8.452709742813464544e-01 8.375383742237685336e-01 8.152507891691965769e-01 8.220618753112204358e-01 8.134045597415426876e-01 8.444486007946796491e-01 8.215960479030859354e-01 8.568454541701582272e-01 8.549337414419708736e-01 8.421684120657212391e-01 8.241436721224587592e-01 8.443298279621868074e-01 8.375474869117613963e-01 8.410969410702049398e-01 8.508033211693539766e-01 8.468060433904716078e-01 8.460247876868858263e-01 8.547798035422232710e-01 8.589698516319501653e-01 8.447526892787859953e-01 8.380150940807045146e-01 8.329293726170253764e-01 8.380122720030941386e-01 8.369357921173138370e-01 8.355173780033950948e-01 8.244385945603377452e-01 8.351750616182075371e-01 8.296656500823023084e-01 8.318189374644517908e-01 8.424437325761696682e-01 8.471171205583728492e-01 8.381075256248737837e-01 8.471646105626348122e-01 8.489766254926709443e-01 8.474554506959752764e-01 8.515866858163352315e-01 8.546211684082475335e-01 8.400773979695551619e-01 8.433597826830934174e-01 8.561483372683879045e-01 8.527548727394821393e-01 8.533052894353642115e-01 8.561466499630653315e-01 8.555779392414145645e-01 8.488576385313454375e-01 8.428212290272378837e-01 8.560958175063611009e-01 8.539111207561963512e-01 8.615571342217772655e-01 8.520595394387612265e-01 8.601030378553606859e-01 8.619085275022695392e-01 8.560056985096440307e-01 8.431547723426805474e-01 8.541682402258731210e-01 8.520060218335085978e-01 8.468217138966693813e-01 8.556380791392195206e-01 8.509024729163062739e-01 8.584191795339275455e-01 8.557605300980055674e-01 8.564724175079030388e-01 8.511067342376602562e-01 8.527603357800878081e-01
