1.000000000000000000e+00 1.699425684006405368e-01 1.284341569338431632e-01 1.392154838118014881e-01 5.112846836896257213e-02 -2.796564366565529661e-02 2.408443106799426636e-02 3.875842578149180095e-02 1.451370013104291701e-01 2.001789349288177200e-02 5.045212822975237571e-02 3.704432304785383601e-02 3.829104467786025034e-02 -5.231187371803353720e-03 1.386614782471453158e-02 2.640173133921367918e-02 1.747842421069795427e-01 8.620211465722225908e-02 4.309181465220790486e-02 5.442750253729502358e-02 1.228452014034552564e-01 6.278347900239235335e-02 6.307327878911678232e-02 2.674240028982345641e-02 4.118219739045339556e-02 6.736037874264909353e-02 4.450219602051829620e-02 5.031610145208489059e-03 3.182736251466038863e-02 4.390333157251817553e-02 2.149036270783222582e-02 2.350106221751548791e-02 -1.633492598875835051e-03 2.957970907753614681e-02 4.088261346674616770e-02 7.418031498682949032e-02 3.127477564255920495e-02 -4.113922759276363722e-02 1.918916055329634301e-02 -2.322064767977687766e-02 1.931418041351164877e-02 -9.234439334080055822e-03 1.095773997957476785e-02 3.199608521538054116e-03 1.641889881771864054e-02 -1.619192352572710117e-02 6.926944414313503627e-03 7.110854215508507527e-03 8.014047779258052021e-03 1.208807318435399687e-02 -9.103667827078772840e-03 1.044610685940420974e-01 3.728766790801676945e-02 2.348132661424013820e-02 6.755699952258023729e-04 7.088083464600719238e-03 6.869392226426310200e-02 1.177633673387026673e-02 -2.904392675731222104e-02 4.678788478857915517e-02 1.541297680150515749e-02 1.440690598311981235e-02 1.464757202604863653e-02 1.813922859420528944e-02 9.173306949716535097e-02 9.108982493206949083e-02 3.459273021684408644e-02 1.745174185383827764e-02 1.536471296103357302e-02 2.738586327627421865e-02 2.421896678199451577e-02 1.803578756858730675e-02 1.056644091145393649e-02 9.312286530454618946e-03 1.578282864605508318e-02 1.029751381989207903e-02 2.115212428576258678e-03 8.088733261288781271e-03 -3.198606335874068138e-04 1.721934634705658482e-02 1.311991883758458453e-02 7.636048835927961714e-03 4.883686898542110438e-02 1.544511269125282450e-02 1.072030735640692144e-02 1.350965204999651607e-02 2.113323576204075363e-02 1.598219317712346564e-03 1.141343557223049691e-02 3.456221550853136315e-02 -2.345467468310465011e-03 6.024351551403445961e-04 1.340756318905630615e-02 -4.969696089752624613e-03 9.802524755482246166e-03 1.436233207243161301e-02 2.446171591598611181e-02 6.739732226217133582e-02 1.901399319748399777e-02 5.844165071208121988e-03 1.171087874516890497e-02 2.589314492152531427e-02 3.174166025978172878e-02 1.532348816123973306e-02 5.974978200170164705e-02 5.674152817513340025e-02 2.912785819631534892e-02 1.493880789505061188e-02 6.338095880610719081e-03 1.920036320428079521e-02 5.033663063638707871e-03 3.124341000418212264e-02 1.891991471472192696e-02 3.859047096445342162e-02 4.962564146084914862e-02 5.509096515189112336e-02
1.699425684006405368e-01 1.000000000000000000e+00 1.090769242983864046e-01 1.445989960216677028e-01 5.464702815180085688e-02 5.940266346277558313e-02 1.414042337965192020e-01 1.168082481973330422e-01 1.967753881401112237e-01 2.149213095798035711e-01 1.411187479986519000e-01 1.517255769586856595e-01 1.316213085908433944e-01 6.660797985314202696e-02 1.384303656842230112e-01 1.498380678866275129e-01 1.891600424457953178e-01 9.971711629456263271e-02 7.933079793897121479e-02 5.818990350753878993e-02 1.154833343901238846e-01 9.196995228343053663e-02 1.355985971418856573e-01 7.460037232152665065e-02 6.438907060472119637e-02 1.580107717933983413e-01 1.578707613861660974e-01 1.342844147627168527e-01 1.378565907596515927e-01 1.613295537750597530e-01 1.531162737485551595e-01 1.804126866887647840e-01 1.486802304982556000e-01 1.464035434142406666e-01 1.702632695863146028e-01 1.600959624499121159e-01 1.644009218794608429e-01 1.305548289894079284e-01 1.452377561558068630e-01 1.227411373395966981e-01 1.513903495224722118e-01 1.362596946576591916e-01 1.251243831493537573e-01 1.379232255631534232e-01 1.482884312368395185e-01 1.287102136249009821e-01 1.543989498949113193e-01 1.634012945788011484e-01 1.626470881321211148e-01 1.360273946652615917e-01 1.340081283341346408e-01 1.174184521071561516e-01 1.276838275430836611e-01 1.694320153560366360e-01 1.503017865548599563e-01 1.483837100774196005e-01 1.699536686150367182e-01 1.491801488975900425e-01 1.396609077176673153e-01 1.706680400833696098e-01 1.428275177667656382e-01 1.622400474883869959e-01 1.509315585920843195e-01 1.478593312239094570e-01 1.673215427806774014e-01 1.788363365611532751e-01 1.641853601962935394e-01 1.360054069620319217e-01 1.590084589493923894e-01 1.345461228575556278e-01 1.257099889137345272e-01 1.384051790207101174e-01 1.220087268635926814e-01 1.146711351253619227e-01 1.530686125248806317e-01 1.484198048299914252e-01 1.393229053083875901e-01 1.498444977169918479e-01 1.355774241276255787e-01 1.564633989897970257e-01 1.551612647835556580e-01 1.484166756946932175e-01 1.685357401493946805e-01 1.617865968936432475e-01 1.572258840706119709e-01 1.500056207007076647e-01 1.556790444557366315e-01 1.472960805918294980e-01 1.477963624775933960e-01 1.506570859370437165e-01 1.394044514480136943e-01 1.415428541191568745e-01 1.438737585667257124e-01 1.353122840761782630e-01 1.527972774995331462e-01 1.560304175499286350e-01 1.313974230788564068e-01 1.671962135681250572e-01 1.466118607242438976e-01 1.470574251153752565e-01 1.366604562012009860e-01 1.427745680773485903e-01 1.394136918588663732e-01 1.438967039296159545e-01 1.479479711800303077e-01 1.602975594303870932e-01 1.603395255094924310e-01 1.566762286340001031e-01 1.486384788863593653e-01 1.548176392925005307e-01 1.473027893145721079e-01 1.587901449294980283e-01 1.514899699172880809e-01 1.598519503377149875e-01 1.563184666320858451e-01 1.644783623522132476e-01
1.284341569338431632e-01 1.090769242983864046e-01 1.000000000000000000e+00 3.691859693690374145e-01 2.276114622234971796e-01 1.695747244007290988e-01 3.486958382342635332e-01 3.367545374194481078e-01 3.490149636766808894e-01 2.956513882455302777e-01 3.435115399630346844e-01 3.643343567255935000e-01 3.188377079374154488e-01 2.621887711876978444e-01 3.559048316279180280e-01 3.493383320263738212e-01 3.507662645430103532e-01 3.428625538220343438e-01 3.558048483000185724e-01 2.973171024366466075e-01 3.581700421215190389e-01 3.501184201190809531e-01 3.913391672008771915e-01 3.410105985976019105e-01 3.733710103296434824e-01 3.852864590683500179e-01 3.678384986451211924e-01 3.701500021517825090e-01 3.582767537772137967e-01 3.806507836531170530e-01 3.695164594275742731e-01 3.750670447330751722e-01 3.452953982194326144e-01 3.628859536151742837e-01 3.642519556157248206e-01 3.715705456793862993e-01 3.797910562467494699e-01 3.517921133985553728e-01 3.678676154360489559e-01 3.605342335379080887e-01 3.514171854707056064e-01 3.559555417788001774e-01 3.736380815558685842e-01 3.643929787477736548e-01 3.718285404378404158e-01 3.663088354425344528e-01 3.474916228509382088e-01 3.476845212624923853e-01 3.533415668072455440e-01 3.474365481636095820e-01 3.579263464019667995e-01 3.745950247144632650e-01 3.658887122178750562e-01 3.490275383495367034e-01 3.575860760939997274e-01 3.778601589840906438e-01 3.681938441901804193e-01 3.506931786049065081e-01 3.505116210045802205e-01 3.629439997040751487e-01 3.529964938303415956e-01 3.550552583238295590e-01 3.559123570746904885e-01 3.556489396108721834e-01 3.662484762360950219e-01 3.665082250385006679e-01 3.593258108254479555e-01 3.585455750584621293e-01 3.746439427935993605e-01 3.780621234278900289e-01 3.689597497563813500e-01 3.665494983549503205e-01 3.696127503623737320e-01 3.678120606427057182e-01 3.577143419711354411e-01 3.483596907228720396e-01 3.514622089821414219e-01 3.572077118356049574e-01 3.545612269498701896e-01 3.567683170819240246e-01 3.572889657451329692e-01 3.451497165195440697e-01 3.777775727197567601e-01 3.575276607656646677e-01 3.567102777094065535e-01 3.631733029734769413e-01 3.672963961568007640e-01 3.587173890209622851e-01 3.538473877196024464e-01 3.648115950067928881e-01 3.622584270094415526e-01 3.540408698266444554e-01 3.623322554651575156e-01 3.555449097428381444e-01 3.449794993390770670e-01 3.483861713069940080e-01 3.538232627645530592e-01 3.534986323948420828e-01 3.536413583329852672e-01 3.497691665857501908e-01 3.578326232017401964e-01 3.541862951950587868e-01 3.576840411934876784e-01 3.519421443890404233e-01 3.675187043847453205e-01 3.548113546823494779e-01 3.486519369690654346e-01 3.527442727208005557e-01 3.537199491227861481e-01 3.508710930580593024e-01 3.528996155743139296e-01 3.509959620171196892e-01 3.472729096186346065e-01 3.537855644384019227e-01 3.594153836303712324e-01 3.568865891821206837e-01
1.392154838118014881e-01 1.445989960216677028e-01 3.691859693690374145e-01 1.000000000000000000e+00 3.582175536715693220e-01 3.422381327807915152e-01 5.723580675157189379e-01 5.754637156600048709e-01 5.449908560691121284e-01 4.830756317066547401e-01 5.711583186318387462e-01 6.317302662504010735e-01 5.513022538713875376e-01 3.910114233027303654e-01 5.992561029721409360e-01 6.231472320214741512e-01 5.750712501363888229e-01 5.478342425351176992e-01 5.670964707861975151e-01 5.090624782497779055e-01 5.790918519319373514e-01 6.083744414354048669e-01 5.843137695431918077e-01 5.376656602972352816e-01 5.848924227500506001e-01 6.119550474236885584e-01 6.073243667504675258e-01 5.845096542427202779e-01 5.866390965158178039e-01 6.204164903726908653e-01 6.129399759215140575e-01 6.041005325405331972e-01 5.337936709163854099e-01 5.845313460810358519e-01 5.789376423252486914e-01 6.016698445881529800e-01 5.968501060115402046e-01 5.946937046061521182e-01 6.171296440713859299e-01 5.462554103111534332e-01 5.940769146803256406e-01 6.039918504478852812e-01 6.272714935771173117e-01 6.187952788650769032e-01 6.084047216950893011e-01 6.159462100619181868e-01 5.984115477875548983e-01 6.031826473864007054e-01 5.918663465419242709e-01 5.932623017170859381e-01 5.997605103053318398e-01 6.280977116706054630e-01 6.110433004049883321e-01 6.117396323621658860e-01 6.180458672893271999e-01 6.253609084407469876e-01 6.316234144127371719e-01 6.135346058080374254e-01 5.964228716919410811e-01 6.209623708149392129e-01 6.125933819671648406e-01 6.146898759635528453e-01 6.187952658307568354e-01 6.075658539345364373e-01 6.306158818664963084e-01 6.357654868640673085e-01 6.055615322065270867e-01 6.147813769219967472e-01 6.199666458828279048e-01 6.308272027939164639e-01 6.367642163552101886e-01 6.244533077626106543e-01 6.141508881154530419e-01 6.144662997638209445e-01 6.098049224394310741e-01 6.033076737310510973e-01 5.979975217514205132e-01 6.060803024981213927e-01 6.104884247799610142e-01 6.100029884347698550e-01 6.085975635952783902e-01 5.982675530898901028e-01 6.269824650489580486e-01 6.038343654340493361e-01 6.081151202490518992e-01 6.113174027415424483e-01 6.121815564029791101e-01 6.164336132953471825e-01 6.067253521055431253e-01 6.270694119282602674e-01 6.033811022691204506e-01 6.069760963016035404e-01 6.132457708458919354e-01 6.095782221669943102e-01 6.055300355951969138e-01 6.058846039400581640e-01 6.166752938298427633e-01 6.208175803820933369e-01 6.175060925114772559e-01 6.047490933667857282e-01 6.188977028354120113e-01 6.231926870028146048e-01 6.138822123548306475e-01 6.122275940504842140e-01 6.372707760631385332e-01 6.328772823449027030e-01 6.110484872028082437e-01 6.111790115376054544e-01 6.172834678844444367e-01 6.073376355671132876e-01 6.148461424657954977e-01 6.122386149904589514e-01 6.148827845376627632e-01 6.202560038167511669e-01 6.179064030111891537e-01 6.247046141006410425e-01
5.112846836896257213e-02 5.464702815180085688e-02 2.276114622234971796e-01 3.582175536715693220e-01 1.000000000000000000e+00 2.454472866763116878e-01 4.551028892508141022e-01 4.740575490699743266e-01 4.322738429947459160e-01 3.906204237667125212e-01 4.321807280727489320e-01 4.693043777116815973e-01 4.630704109483176900e-01 3.268644950207015287e-01 4.824263236402707711e-01 4.897686886158985065e-01 4.187345227753727084e-01 4.026743044368699675e-01 4.237592256981478900e-01 3.606117232565389519e-01 4.122346273895659552e-01 4.368419990373825224e-01 4.246565422781794497e-01 4.162289168564116681e-01 4.336144113857705595e-01 4.716000425545904262e-01 4.723371964112921262e-01 4.398933666960491151e-01 4.349988879395375596e-01 4.768798570638740353e-01 4.772341231582134524e-01 4.312927970493685703e-01 3.782992280195291435e-01 4.055206280514280781e-01 4.205133091851416816e-01 4.374229878187491094e-01 4.473326989972144507e-01 4.444849600782443955e-01 4.596044303639565398e-01 4.068856092397873936e-01 4.668547645615164221e-01 4.725528561463547828e-01 4.824971415793376517e-01 4.903103171196829257e-01 4.677815665860831085e-01 4.727191960636792922e-01 4.730436488923529526e-01 4.726784890343877499e-01 4.591690039889715913e-01 4.415632798435144557e-01 4.590750466254117645e-01 4.809406466532237800e-01 4.841514230624314186e-01 4.859583257677485557e-01 4.889834761759653814e-01 4.852871627215105121e-01 4.911195732230496103e-01 4.851212066877977347e-01 4.733359741475922089e-01 4.900405092979946975e-01 4.833835955227868131e-01 4.916086770421388974e-01 4.884883998865306443e-01 4.741018006359960513e-01 4.886769133557352651e-01 4.955299374683057034e-01 4.760684733486382769e-01 4.860186230857320711e-01 4.769095496804993672e-01 4.869244987115671774e-01 4.871343478561664941e-01 4.859768570635623619e-01 4.777006332375476338e-01 4.843182514031670882e-01 4.819130366893794593e-01 4.731974214650337407e-01 4.729896532538399034e-01 4.702329940961029187e-01 4.804865849138260092e-01 4.818157456739001754e-01 4.776510115363554743e-01 4.806315930456787622e-01 4.757557732954549312e-01 4.689249891272324611e-01 4.659307500883480002e-01 4.738503731259192109e-01 4.779404441873519871e-01 4.826533370339454176e-01 4.763347923290417452e-01 4.860069439158004045e-01 4.722008227697725435e-01 4.789599012020433477e-01 4.834534000004949150e-01 4.809457957251260796e-01 4.811412708908043845e-01 4.805368075269657591e-01 4.756206940429241747e-01 4.802383667581565097e-01 4.834972775560777980e-01 4.743455781396503368e-01 4.861241211295599385e-01 4.865410045262573147e-01 4.894929530511725191e-01 4.855821797837209242e-01 4.917362418132021906e-01 4.897575981678597978e-01 4.790667792614535236e-01 4.851734043911997696e-01 4.868921304660756011e-01 4.828874381876599453e-01 4.842231231555695903e-01 4.842550333193573753e-01 4.842389424281344223e-01 4.859819421974757025e-01 4.836399572842464134e-01 4.919039825938975596e-01
-2.796564366565529661e-02 5.940266346277558313e-02 1.695747244007290988e-01 3.422381327807915152e-01 2.454472866763116878e-01 1.000000000000000000e+00 4.816234298924131352e-01 4.168763398120031161e-01 4.736977433465827669e-01 4.199391812265524937e-01 5.031485835452532696e-01 5.271287228637423494e-01 4.709011004269498812e-01 3.912231468941324009e-01 5.363164105699509410e-01 5.182023033356418784e-01 4.627295087881718172e-01 4.155536490796274407e-01 4.800799330173334267e-01 3.648749758570287161e-01 3.911925517161728982e-01 4.855574057382522346e-01 4.575915366422754205e-01 4.518237954011729007e-01 4.732147557315355413e-01 5.222483427524142741e-01 5.235512757096187908e-01 5.421842271154173609e-01 5.224660396713528554e-01 5.389996943921785411e-01 5.565258130175576579e-01 5.275702090383030951e-01 5.072151766664277917e-01 5.237843726577866565e-01 5.279005201728629304e-01 4.957094025434097273e-01 5.462217805643048152e-01 5.494333432410685170e-01 5.589180061483969286e-01 5.009882529484303015e-01 5.543588807410927410e-01 5.625819570597787589e-01 5.446129673249346936e-01 5.667638499611987735e-01 5.520359067515608897e-01 5.603822823735729042e-01 5.651744865797199147e-01 5.617427195497696202e-01 5.485758254361033925e-01 5.377119887122521202e-01 5.539673737004121579e-01 5.043181769985027874e-01 5.506008919816643976e-01 5.433465607385339347e-01 5.290912718835080186e-01 5.332039546004447850e-01 5.180043013684919595e-01 5.454507509480583938e-01 5.459861761039288552e-01 5.492796365912756551e-01 5.521033910010807455e-01 5.516001065227933431e-01 5.379970314510769125e-01 5.593984479410675226e-01 5.437666035502164430e-01 5.280883641476892265e-01 5.658565507754720336e-01 5.667863775994466113e-01 5.625774099150988583e-01 5.508322461628358813e-01 5.575085049233158285e-01 5.729507121212258358e-01 5.599149436144879033e-01 5.639848888763420165e-01 5.641906124096466302e-01 5.710301288448119683e-01 5.744917524061219360e-01 5.653888732778903359e-01 5.718513401043004984e-01 5.635230608647362471e-01 5.678897576920256540e-01 5.703123872268590633e-01 5.580462080924873947e-01 5.672383073854875279e-01 5.641294894731495591e-01 5.678521585689206841e-01 5.646456561964910970e-01 5.701571977951626069e-01 5.724787306600124248e-01 5.613811663628203164e-01 5.723044562075929598e-01 5.721218848260727352e-01 5.683497810710085307e-01 5.770285314915900576e-01 5.665001059471900247e-01 5.654233915309614389e-01 5.516171468972170810e-01 5.473242784429495078e-01 5.652887362320999642e-01 5.663988981766743258e-01 5.721203821169916770e-01 5.651253179255835146e-01 5.656685095929467888e-01 5.726933458431434643e-01 5.564311886147553787e-01 5.465558819596632034e-01 5.607563096653118695e-01 5.636499077151333470e-01 5.625035852064518282e-01 5.631644628489516080e-01 5.652180251797512822e-01 5.631713682641917851e-01 5.619109370867556574e-01 5.633790324305868458e-01 5.599536482489240186e-01 5.533319529153274408e-01
2.408443106799426636e-02 1.414042337965192020e-01 3.486958382342635332e-01 5.723580675157189379e-01 4.551028892508141022e-01 4.816234298924131352e-01 1.000000000000000000e+00 7.112800436435773310e-01 7.273844957518973420e-01 6.780428061184978761e-01 7.617947750805609264e-01 8.024740835857271382e-01 7.227525226919373491e-01 5.510850514515358567e-01 8.430840769403927792e-01 8.173526803771256066e-01 7.046923129597907343e-01 6.752421625656210846e-01 6.941022121834444780e-01 5.608496808206361317e-01 6.648539323165528758e-01 7.128250911499500742e-01 7.314037045761330180e-01 6.832902010791372938e-01 7.052792535704214272e-01 8.094331652925337295e-01 8.034729886536752241e-01 8.060153037366848405e-01 7.981284809277893189e-01 8.120141247050657318e-01 8.285411077661796186e-01 7.949489120907556883e-01 7.304413691542980258e-01 7.599199532148132041e-01 7.622248100384063640e-01 7.536135299993621528e-01 8.101710542608338006e-01 8.070483100850894820e-01 8.159690965073745916e-01 7.531183980369065001e-01 8.166130781365501523e-01 8.256993846890409161e-01 8.208953990835883285e-01 8.334169119127434744e-01 8.219710213335212901e-01 8.331899046994986069e-01 8.217396739749912582e-01 8.238922056666496685e-01 8.087209226960943020e-01 7.750730173955160396e-01 8.079882566440982350e-01 7.552863607318788253e-01 8.115132541663944155e-01 8.211841390087092352e-01 8.192682769023010847e-01 8.285394713333322780e-01 8.054773809862909584e-01 8.225552126099519024e-01 8.238128303665763763e-01 8.260644554936796835e-01 8.201631919386769276e-01 8.298361193863030838e-01 8.234455139219157838e-01 8.163801836785561372e-01 8.075860134978829485e-01 8.048781609306578932e-01 8.256751297699757020e-01 8.284100516500068068e-01 8.321056509836782800e-01 8.183045476556909392e-01 8.186983752075596144e-01 8.317171492204837868e-01 8.186161203569713996e-01 8.176070606958258935e-01 8.350878195627697842e-01 8.299855326381463394e-01 8.297937431050260715e-01 8.346981524088961102e-01 8.370247938357662232e-01 8.276528020928300977e-01 8.318407140108760034e-01 8.296662523842882608e-01 8.288544864483441410e-01 8.226517883588723157e-01 8.200246055224558184e-01 8.274424224992411592e-01 8.300974768483702082e-01 8.340144410834091637e-01 8.267160554650943016e-01 8.268429335669121860e-01 8.324043490986480220e-01 8.322363259312317574e-01 8.345278340760170499e-01 8.348360073907378220e-01 8.269828822060231177e-01 8.282980146533476251e-01 8.119748816014843440e-01 8.045663225032806398e-01 8.270886453946804107e-01 8.258988832155692572e-01 8.297378300222961744e-01 8.251333858856054748e-01 8.226950842918797635e-01 8.295176780708507502e-01 8.193067465934056326e-01 8.146752738396625393e-01 8.221341305267441113e-01 8.310643727350902621e-01 8.336908451920437280e-01 8.292864566998956466e-01 8.322557858965838884e-01 8.270036540761480648e-01 8.263030511621970442e-01 8.238036018065836297e-01 8.210144118814562963e-01 8.199820706682803273e-01
3.875842578149180095e-02 1.168082481973330422e-01 3.367545374194481078e-01 5.754637156600048709e-01 4.740575490699743266e-01 4.168763398120031161e-01 7.112800436435773310e-01 1.000000000000000000e+00 6.838763010379990126e-01 6.339646124829242391e-01 7.237817128709026493e-01 7.742543945853124221e-01 6.967055822376263530e-01 5.436567499524664893e-01 7.826814337944774103e-01 8.098717635385664915e-01 6.894862528700393955e-01 6.579608156940158770e-01 6.843508124859944974e-01 5.916335225446747170e-01 6.855714976279402295e-01 7.087636779414939747e-01 6.874864147900303646e-01 6.616916150953967568e-01 6.851551863144029753e-01 7.649848499729519080e-01 7.562017426847479351e-01 7.503854251305845935e-01 7.388197305775768831e-01 7.679016648157438452e-01 7.809710600984749451e-01 7.552172134080348265e-01 6.919900940651489973e-01 7.320309056958851368e-01 7.159575873598181817e-01 7.262355024331662579e-01 7.519717477539781258e-01 7.729969659912363511e-01 7.797206329073368414e-01 6.914551575475705869e-01 7.662291513557596412e-01 7.831431851824394164e-01 7.913265254223356138e-01 7.919581475363807188e-01 7.663047390348507459e-01 7.905782566460172189e-01 7.837732249048715572e-01 7.836929659313350838e-01 7.787883856432028518e-01 7.612832223577350454e-01 7.804074855231901697e-01 7.417028133357272957e-01 7.802029915079471412e-01 7.924258722003189037e-01 7.938465867056423431e-01 7.886919802430741866e-01 7.920850853228978972e-01 7.901918350165281213e-01 7.909855531894440794e-01 7.928028133413717038e-01 7.950660110011950055e-01 7.985907987476669190e-01 8.022412182563890548e-01 7.876608106162150680e-01 7.839805370634228554e-01 7.877965680708808316e-01 7.861019457819452549e-01 7.903158965036938266e-01 7.872420109032138846e-01 7.894506233205541568e-01 7.941721807251642673e-01 7.962719800313142748e-01 7.766737173748839984e-01 7.783779278330658080e-01 7.890499028455162378e-01 7.822424568297348113e-01 7.778462235509875367e-01 7.848794214731609209e-01 7.890859812502339921e-01 7.864220924842973970e-01 7.843138347371952923e-01 7.861200032237239954e-01 7.923218042647922621e-01 7.813747761779172851e-01 7.836444543584890621e-01 7.864284497387432626e-01 7.847867417602027995e-01 7.981451094755450670e-01 7.897947936221989540e-01 7.916216902668632427e-01 7.815293735767860905e-01 7.888691911985974414e-01 7.876285095964417060e-01 7.941790651549278657e-01 7.887522155793020850e-01 7.886317533715214712e-01 7.873569560751353391e-01 7.857384307871474460e-01 7.971467586563558694e-01 7.890368901268443036e-01 7.971360930836144387e-01 7.990169695445170639e-01 7.901948336564792452e-01 7.927459972315409331e-01 7.935432026421109786e-01 7.947901512792919787e-01 7.908303355648182986e-01 7.926705864049523598e-01 7.957990125347071952e-01 7.918393948457708165e-01 7.985114165313930146e-01 7.914988428508356044e-01 7.957869828192735140e-01 7.942192808426847828e-01 7.878775817235086354e-01 7.920934424245709149e-01
1.451370013104291701e-01 1.967753881401112237e-01 3.490149636766808894e-01 5.449908560691121284e-01 4.322738429947459160e-01 4.736977433465827669e-01 7.273844957518973420e-01 6.838763010379990126e-01 1.000000000000000000e+00 7.281141118712353144e-01 7.876689445826630109e-01 8.227387292523612450e-01 7.462798399430525809e-01 5.781214626697865899e-01 8.238183526538732648e-01 8.182692595335057106e-01 7.968326864020175426e-01 6.582038062258147582e-01 6.741967243288583544e-01 5.445050660562431588e-01 6.466684493983066995e-01 6.930383672536806205e-01 7.201632685757932695e-01 6.540072532972327490e-01 6.744149317818178835e-01 8.329321743648605558e-01 8.288040607492421774e-01 8.050531937111959913e-01 7.811543343887659141e-01 8.392487743561427571e-01 8.520151387163918955e-01 8.083069615187630230e-01 7.409004635693677843e-01 7.596176829274677855e-01 7.914692879161403516e-01 7.795259552742942466e-01 8.197493729311360333e-01 7.924907656427900848e-01 8.289817443308885592e-01 7.376717149709896004e-01 8.485570734432104079e-01 8.381004360737498438e-01 8.208355094142067987e-01 8.465450758564765366e-01 8.365711408581275599e-01 8.246706337892623084e-01 8.620796222064666114e-01 8.680121015390831474e-01 8.427378260786915209e-01 7.964988210344478015e-01 8.214991298411818965e-01 8.176106326589275275e-01 8.574961674041612358e-01 8.639691346445989018e-01 8.357053991800275083e-01 8.327927159672061652e-01 8.604337864921457468e-01 8.544228727644737065e-01 8.302286077291086697e-01 8.781797735743165356e-01 8.587194966687898834e-01 8.630382873473222416e-01 8.469704958388323268e-01 8.535733821574579272e-01 8.775324384728874216e-01 8.767984138195278332e-01 8.736427875431527212e-01 8.541061345462429566e-01 8.568834166770015193e-01 8.422633778632966361e-01 8.288231256439064776e-01 8.558776255379393350e-01 8.294882193826256245e-01 8.258180562071437691e-01 8.687570485015042587e-01 8.649666466938304987e-01 8.559733448635735709e-01 8.546415564657565689e-01 8.503649734869924703e-01 8.674508817645733005e-01 8.660469910984557318e-01 8.641413710672716242e-01 8.667665289956445474e-01 8.610423152900786858e-01 8.482966011799260020e-01 8.506409470425700947e-01 8.616540351475338033e-01 8.557285159379668382e-01 8.621350180542850516e-01 8.633977187120503993e-01 8.489550739911903010e-01 8.598892799606139281e-01 8.616368003362336880e-01 8.560069475264386885e-01 8.668063412992528249e-01 8.694872901724267633e-01 8.382702015074650070e-01 8.641627149846276001e-01 8.602782941757904922e-01 8.552583912023332680e-01 8.538466610329098483e-01 8.619081330538898023e-01 8.677483100706308017e-01 8.657137560500063334e-01 8.669906059322861624e-01 8.658008263828587125e-01 8.669031958005427585e-01 8.688338673256023048e-01 8.621574137797712867e-01 8.693175461221911426e-01 8.612428222298327274e-01 8.750724621450697294e-01 8.663892311839459515e-01 8.735405977541600420e-01 8.736943247253428080e-01 8.769597192537226249e-01
2.001789349288177200e-02 2.149213095798035711e-01 2.956513882455302777e-01 4.830756317066547401e-01 3.906204237667125212e-01 4.199391812265524937e-01 6.780428061184978761e-01 6.339646124829242391e-01 7.281141118712353144e-01 1.000000000000000000e+00 7.178005252907672107e-01 7.563936969591997794e-01 6.827162586308734848e-01 5.380530462361060584e-01 7.780014679021558521e-01 7.588467489610195571e-01 6.794640773167031078e-01 5.656074544908645807e-01 6.013479708829844173e-01 4.892308161696999336e-01 5.596475134017174780e-01 6.174637988423425927e-01 6.525688174699227906e-01 5.830835723218870115e-01 5.968847053464156893e-01 7.543614631613788646e-01 7.544514522320147076e-01 7.434366253189214069e-01 7.247819522242242574e-01 7.749876854302126805e-01 7.868888176864737849e-01 7.644645971380799043e-01 7.034426458199836141e-01 7.129153786145646654e-01 7.326068799777660789e-01 7.127325668813137005e-01 7.646117915591046366e-01 7.585501203943426640e-01 7.722114566755149401e-01 6.970949977582184820e-01 7.855623659023476257e-01 7.785530888432374841e-01 7.575508921863964851e-01 7.835447241124939843e-01 7.732093058211005898e-01 7.667947925480839144e-01 8.000646771369273047e-01 8.076843359224550323e-01 7.891977694427929624e-01 7.387716770662426935e-01 7.662240444834266251e-01 7.050598469923435863e-01 7.719767172489054863e-01 8.078515241289213611e-01 7.842637231687356048e-01 7.789059634753114914e-01 7.892199651371848423e-01 7.970568342151014285e-01 7.895252710914381078e-01 8.060526990624056198e-01 7.926149435034143265e-01 8.031105241011745610e-01 7.886244788265742711e-01 7.901890144424577045e-01 7.848067977794386252e-01 7.907789207051514335e-01 8.028222285505937084e-01 7.848600726493717428e-01 7.956771612903118518e-01 7.701516324401627145e-01 7.572960763836568132e-01 7.856874964312957621e-01 7.608541566723334704e-01 7.561024265902519526e-01 8.018922696622121649e-01 7.988789075689433083e-01 7.897976737280634207e-01 7.921649639880227189e-01 7.880086317596104450e-01 8.052424183484047093e-01 8.029176785509247738e-01 8.042787453749001836e-01 7.993448728259232583e-01 7.989269528149128829e-01 7.888343293451476335e-01 7.903185451963784525e-01 7.979195206771075854e-01 7.985737219613427973e-01 7.993649108983881257e-01 7.965186923641617289e-01 7.890621954212713174e-01 7.964108217405502232e-01 7.962697383769289372e-01 7.954190104790394011e-01 8.069117381392140187e-01 8.082482672683032332e-01 7.738524760429579263e-01 7.866424261352525926e-01 7.965110328902087478e-01 7.939049421759204472e-01 7.890090609706583713e-01 7.944805679326268910e-01 7.923815385228951680e-01 7.973985454205778645e-01 7.856912704756412458e-01 7.968845263898753917e-01 8.035936290533568505e-01 8.060282204967884612e-01 8.026293893701115234e-01 8.056575793990351508e-01 8.034361331660020422e-01 8.067950749566058510e-01 8.060898483730829511e-01 8.024696087393855537e-01 7.984115781431245784e-01 8.017388807473952994e-01
5.045212822975237571e-02 1.411187479986519000e-01 3.435115399630346844e-01 5.711583186318387462e-01 4.321807280727489320e-01 5.031485835452532696e-01 7.617947750805609264e-01 7.237817128709026493e-01 7.876689445826630109e-01 7.178005252907672107e-01 1.000000000000000000e+00 8.612096744368035184e-01 7.544949971311316617e-01 5.981323693765934202e-01 8.597002700062911229e-01 8.523749970553430311e-01 7.661434367444596161e-01 6.923707088459742920e-01 7.252539974931691003e-01 5.771688142043086556e-01 6.747169286550794842e-01 7.413843955585808221e-01 7.532553996392981066e-01 7.013176860172066762e-01 7.304314771804913953e-01 8.583584845184678569e-01 8.587492470995933269e-01 8.481451566425898259e-01 8.174917297099807412e-01 8.675239346998724344e-01 8.726004486302965102e-01 8.454941955403646459e-01 7.881809409308003778e-01 8.025534964501923607e-01 8.206886420990234798e-01 8.106440422122064282e-01 8.432130848814248791e-01 8.501519006906728126e-01 8.681966565767060828e-01 7.995748936512044880e-01 8.775872917606843959e-01 8.771485885413896622e-01 8.703176150900893138e-01 8.794032242476125250e-01 8.670461473562921517e-01 8.685175042107926568e-01 8.830153019498404587e-01 8.858772005581405651e-01 8.722498847413355794e-01 8.447036589720064992e-01 8.708913284498068785e-01 8.315516675903484867e-01 8.768036211022418591e-01 8.789070536370127140e-01 8.686477895859415765e-01 8.758168872980115482e-01 8.738547183236337057e-01 8.765917011261779024e-01 8.730359778787776248e-01 8.862669670053892057e-01 8.868748556425914975e-01 8.821310732903413498e-01 8.757719111940899248e-01 8.833248628824617033e-01 8.788621171779350538e-01 8.750252230081690952e-01 8.864122992171801219e-01 8.827175240845037685e-01 8.841676757884525673e-01 8.691169058909730127e-01 8.689219143229769404e-01 8.845285328385149581e-01 8.641860829652505682e-01 8.658026059636098060e-01 8.913192247715899796e-01 8.863358724113408194e-01 8.837384954262749170e-01 8.816095390245050067e-01 8.832257272048805730e-01 8.887430981340911362e-01 8.868822880965043787e-01 8.887406473038977905e-01 8.850336608234148361e-01 8.840990245983846307e-01 8.747377651653823749e-01 8.793933706841227105e-01 8.836701998955198700e-01 8.869665910550422749e-01 8.861326519920811329e-01 8.889095255526752171e-01 8.831692361368012056e-01 8.885604571916518868e-01 8.901600900757813406e-01 8.885249897011457954e-01 8.872100984679405222e-01 8.894287686874420285e-01 8.727929452546002720e-01 8.716444201904106626e-01 8.868195368484184105e-01 8.834359332213197469e-01 8.864629695379229180e-01 8.873243766596013993e-01 8.885475716350440534e-01 8.896055880982021158e-01 8.843885374414752754e-01 8.835281687445335486e-01 8.835662986450816270e-01 8.889445050358115719e-01 8.885105743669402534e-01 8.889310324778789685e-01 8.881523968576114925e-01 8.897400891358779873e-01 8.883633285768420818e-01 8.872602278293812983e-01 8.865594801079108578e-01 8.868004049621925899e-01
3.704432304785383601e-02 1.517255769586856595e-01 3.643343567255935000e-01 6.317302662504010735e-01 4.693043777116815973e-01 5.271287228637423494e-01 8.024740835857271382e-01 7.742543945853124221e-01 8.227387292523612450e-01 7.563936969591997794e-01 8.612096744368035184e-01 1.000000000000000000e+00 8.136235463341071616e-01 6.346179089201393619e-01 9.066942799336018544e-01 9.089793685863709616e-01 8.070608560035495982e-01 7.273839696474226901e-01 7.786642179992802060e-01 6.203898110294658874e-01 7.284163376263389500e-01 8.039550333036528107e-01 7.867977625217491555e-01 7.407449792344076300e-01 7.856176546712992925e-01 8.991729525628892050e-01 8.970912092167291352e-01 8.981271197349112168e-01 8.668441141497363889e-01 9.157217344291977978e-01 9.261412729990035064e-01 8.854807540079984163e-01 8.289715882764218113e-01 8.452633241892623106e-01 8.625229413841235537e-01 8.559777493977045459e-01 8.967256927011945100e-01 9.108853302926525064e-01 9.205264398557895245e-01 8.410944408127825067e-01 9.251642756042831595e-01 9.309660603317010397e-01 9.242917845410969502e-01 9.396773347680734689e-01 9.196430450613986007e-01 9.274235003439759151e-01 9.355918868912397324e-01 9.354206202714904217e-01 9.238746501421063462e-01 8.988498190412270716e-01 9.242258687049552668e-01 8.788796949370369926e-01 9.244093985504460154e-01 9.298868793561748669e-01 9.240388334764528810e-01 9.253532183093324814e-01 9.197289458308238741e-01 9.329616653943257898e-01 9.306915903955815805e-01 9.375698396038556481e-01 9.346650619434554441e-01 9.377817083749335758e-01 9.307753885249829828e-01 9.358429681607072226e-01 9.263766522874306020e-01 9.246717632460156322e-01 9.362772852215478503e-01 9.346616128237159593e-01 9.322099359302700172e-01 9.232130569950629528e-01 9.284280081362226156e-01 9.415435167076601219e-01 9.131063440649751506e-01 9.212849687217573580e-01 9.404394206617915364e-01 9.379257443751835011e-01 9.336155898069533610e-01 9.335988248582315352e-01 9.342712455214908784e-01 9.404640899616493188e-01 9.373935388405361113e-01 9.413289278482432909e-01 9.347158698165315416e-01 9.335560401234054284e-01 9.247686301340819481e-01 9.280512618457256169e-01 9.351721577103281335e-01 9.401020428609689894e-01 9.375298348043810126e-01 9.390548449623278282e-01 9.333939778682031063e-01 9.400017772256753501e-01 9.406005943717419271e-01 9.415957279422534354e-01 9.390701702707796583e-01 9.401034617960291051e-01 9.197375160506409131e-01 9.198490267595150760e-01 9.368744499046414154e-01 9.339131858582297996e-01 9.388948260833408499e-01 9.380911412243525538e-01 9.390505629242232866e-01 9.412681250945471589e-01 9.336487956822474565e-01 9.293472165582915556e-01 9.329155294058325554e-01 9.412074744082060684e-01 9.428841286043220249e-01 9.396262028651265474e-01 9.423721162009307539e-01 9.394214698585993117e-01 9.398591641921495432e-01 9.376416309287861628e-01 9.354492824237889970e-01 9.350122044808587551e-01
3.829104467786025034e-02 1.316213085908433944e-01 3.188377079374154488e-01 5.513022538713875376e-01 4.630704109483176900e-01 4.709011004269498812e-01 7.227525226919373491e-01 6.967055822376263530e-01 7.462798399430525809e-01 6.827162586308734848e-01 7.544949971311316617e-01 8.136235463341071616e-01 1.000000000000000000e+00 5.609513031980870590e-01 8.262881826967252152e-01 8.224955657191772573e-01 7.368556281346122505e-01 6.305012536150270686e-01 6.773076384028412500e-01 5.548961397340991253e-01 6.385775093502449318e-01 7.097961979721888470e-01 6.841168861368173149e-01 6.486486224236871490e-01 6.894313921970652848e-01 8.015211956449573849e-01 8.021736694410541713e-01 7.889200103372392414e-01 7.660995037572499999e-01 8.174071531393357626e-01 8.306365371737780556e-01 7.801318362411598928e-01 7.249469445115855892e-01 7.416534710397271191e-01 7.661369910555638763e-01 7.711440768358287512e-01 8.072198427677964583e-01 8.019385910854669453e-01 8.209971288918117560e-01 7.365774627344512382e-01 8.235082876378037042e-01 8.263890532461348748e-01 8.225598529386828339e-01 8.378379772361315148e-01 8.249034271838575627e-01 8.262686043361054944e-01 8.399416810354786156e-01 8.425754370757868594e-01 8.195375599555376755e-01 7.923073448176537470e-01 8.133369240576391324e-01 7.917270767309351198e-01 8.296384941163240656e-01 8.414808583033802636e-01 8.254265211169234950e-01 8.279474130357945549e-01 8.309370358769424536e-01 8.391376373653641751e-01 8.269169464270400560e-01 8.494342271063463068e-01 8.357026654305015345e-01 8.489103899835397371e-01 8.373513140058497228e-01 8.372821831962733441e-01 8.411243671546725365e-01 8.447931419430065869e-01 8.442976365147900619e-01 8.392231985214400058e-01 8.333660347683926606e-01 8.326746048113500276e-01 8.283035907446988366e-01 8.438331983966932404e-01 8.146333818224973378e-01 8.246788362513971515e-01 8.440333212304782506e-01 8.426746981064471287e-01 8.367750882202803497e-01 8.349073117375473974e-01 8.375609507148674693e-01 8.460897038810440973e-01 8.419409213382618162e-01 8.462729631090672999e-01 8.420863488674379393e-01 8.381350790911307191e-01 8.272411006814844869e-01 8.317636754225411488e-01 8.445679504513914360e-01 8.425853878708784439e-01 8.446527310949223377e-01 8.451523013546468066e-01 8.341767772268098291e-01 8.441617409149015927e-01 8.447560302451067038e-01 8.441125608196237140e-01 8.459748256509396214e-01 8.479868515712081223e-01 8.211601391551091034e-01 8.329727120780928695e-01 8.416914148946562646e-01 8.361877584852828171e-01 8.431024453512373507e-01 8.448068173337361930e-01 8.475805027518855672e-01 8.467675775074607891e-01 8.464106181300771192e-01 8.410656531294635752e-01 8.417288507947102705e-01 8.504186272131479818e-01 8.486743003641554761e-01 8.475636824054987306e-01 8.472219305340650264e-01 8.509138340739400563e-01 8.477971355141904475e-01 8.503918590945136469e-01 8.481310317891822548e-01 8.494615801468515803e-01
