1.000000000000000000e+00 1.368488591100675833e-01 4.143920941878682235e-02 1.585099679321236993e-02 -1.709649556567561721e-02 5.979770009917695708e-03 2.636551936685384290e-02 -8.079199129485875597e-03 1.559659558420706804e-01 6.541884629085907565e-02 1.584713289669844455e-02 4.726365553727370113e-03 -1.182547951901230521e-02 3.211243829048991000e-02 1.711166375787269434e-02 4.334106530126303862e-03 1.274408921129556449e-01 1.523489537510644420e-01 1.096218374274973706e-01 6.919255823721316701e-02 1.151839140060431504e-01 1.277679479125682915e-01 1.851174118480712893e-01 1.497234211817308480e-01 1.303101367224049900e-01 1.261552785856729086e-01 9.466634502433199372e-02 8.953073221347269961e-02 1.091611724489032348e-01 1.348212268010476611e-01 9.376952768364880952e-02 1.051913668694432341e-01 1.006146941221938984e-01 6.668573864206492341e-02 9.579729407524333051e-02 4.901727781032429870e-02 1.016036512190589824e-01 2.162772657735692605e-02 4.273959455928313944e-02 -2.601403384711744454e-02 2.753286907924190965e-02 4.432832085236204644e-03 3.739961841912616859e-03 6.471533131744222102e-03 4.732343522401354086e-02 1.354116378302416650e-02 2.027233583598293636e-03 3.010207792788205730e-02 1.329896905362140669e-02 2.050047340772433863e-02 2.070673945933438481e-02 1.809004275018550462e-02 7.429537945544962586e-03 5.474660176868074296e-02 4.281016934805981222e-02 4.707684252477353781e-02 4.605171421657271863e-02 7.129059317795398594e-03 1.135186785302322483e-02 2.934507997076683458e-02 6.192518719194423787e-03 1.938723055992551403e-02 4.117535659967453548e-02 2.733846781672785373e-02 7.006599345368021148e-02 6.084166977744803750e-02 2.889027772723152046e-02 3.946410224820393747e-02 4.262470708843309197e-02 2.214476787390345230e-02 3.886044753648768696e-02 3.759250242775970946e-02 4.826327350605986305e-02 5.195914622389598975e-02 4.751731393673897658e-02 3.420566138473497136e-02 2.299739247859225108e-02 5.453149542166223218e-02 2.670781066668741904e-02 4.987080148660035656e-02 3.821223180830842642e-02 3.270142943237362015e-02 4.682484513140184462e-02 3.319588629383332656e-02 -5.393246006104189180e-03 2.200739368110632421e-02 2.331693827752019318e-02 -1.133775995265834911e-02 7.996626613806674926e-04 1.760324684982373517e-02 9.426513442426104079e-04 5.501763416727725254e-04 1.190639067535743424e-02 3.870667781842729825e-03 -1.269382447332508814e-03 1.506470967745518127e-02 -2.724832673997749227e-02 1.801571611128710212e-02 -4.231476273476307212e-03 -9.282084672143066373e-03 -1.406586249856062350e-02 -8.735858016594204301e-03 -1.106700600426761437e-03 -6.213326995056574382e-03 8.411773735982541397e-03 1.973150745281005911e-02 1.204854078889375409e-02 1.920316030484521194e-02 1.638831748001487107e-02 6.003767770281433387e-03 -5.188139474317083472e-03 1.585236808048781990e-02 5.547963804762717777e-04 1.149980462744782002e-02 3.916443968045867779e-02 2.619750623564352093e-02
1.368488591100675833e-01 1.000000000000000000e+00 9.088345229923859570e-02 6.196169217036745502e-02 3.286694371295047906e-02 1.043482894054328786e-01 9.832741273948571170e-02 9.321592613384584169e-02 1.581721305368865849e-01 1.818978846177757291e-01 1.199301690697219397e-01 1.157830063937187043e-01 8.297718520511926377e-02 1.139168058111241083e-01 1.332242990934948690e-01 1.234460419301028206e-01 1.178896307240917263e-01 1.703365445888235241e-01 1.576535743523310162e-01 1.085461331376350730e-01 1.090185090465640994e-01 1.519545709734754224e-01 1.902275525783546639e-01 1.431649265323155784e-01 1.669489427677703364e-01 1.996532036532651377e-01 1.581293780891351586e-01 1.816828010968159490e-01 2.020212831657589025e-01 1.928382865694708292e-01 1.813908927595007659e-01 1.621055121915518649e-01 1.751218934084885492e-01 1.427800651434291135e-01 1.772222959532453734e-01 1.306828640377667439e-01 1.812736756513856073e-01 1.471078090506744707e-01 1.611942557836506529e-01 1.172277663015035415e-01 1.415448249710418716e-01 1.327573342316929195e-01 1.252892251003629998e-01 1.303108661292099180e-01 1.370837189843084614e-01 1.468308730226417780e-01 1.238775550000020126e-01 1.374332094897528223e-01 1.227010046363864043e-01 1.135424562327608383e-01 1.234097956263764118e-01 8.746353621936134304e-02 1.098987820978075264e-01 1.531250436150275729e-01 1.485806538624231954e-01 1.573404036241650428e-01 1.266695725601760525e-01 1.258817037326258881e-01 1.353137974832273049e-01 1.279286568315188277e-01 1.261039068763855631e-01 1.353746843257409294e-01 1.389453184042633849e-01 1.255723996622346572e-01 1.313836414204129777e-01 1.344947093888511636e-01 1.311589203820811012e-01 1.421909623774755271e-01 1.450039251195611445e-01 1.241283540821929571e-01 1.335333099742618546e-01 1.442720815531945977e-01 1.381360289542077069e-01 1.475871450573168486e-01 1.563294403207656502e-01 1.454623091478796371e-01 1.438148110260062673e-01 1.665085559113098634e-01 1.486003371761141778e-01 1.579501391678549138e-01 1.551319163290985625e-01 1.511188499105876049e-01 1.382398916284220403e-01 1.530928353663062735e-01 1.247399613502395282e-01 1.384404235084358004e-01 1.414543326445447669e-01 1.241705792849478879e-01 1.337911346382052724e-01 1.316042219569834026e-01 1.344503985179355265e-01 1.296698779703633619e-01 1.316416682247910086e-01 1.323663345997056762e-01 1.233935673993654530e-01 1.367506045931862757e-01 1.061957048750339916e-01 1.097481653575110710e-01 1.214688287365874447e-01 1.173824509941757549e-01 1.210410497805934904e-01 1.149728079554273447e-01 1.226294095439492693e-01 1.208050339358157366e-01 1.166188048070044142e-01 1.251841071674543171e-01 1.274829304937858121e-01 1.367867166863392103e-01 1.389883605457982174e-01 1.269433814036949049e-01 1.232447888803697988e-01 1.278420601238276777e-01 1.265586565355962256e-01 1.270660241967634385e-01 1.301535330996191064e-01 1.275857886784104167e-01
4.143920941878682235e-02 9.088345229923859570e-02 1.000000000000000000e+00 3.176301573795446420e-01 1.986048121929845645e-01 2.266713605259830788e-01 3.206774270293044626e-01 3.268201549735053613e-01 3.368275006506320501e-01 3.324675281836065310e-01 3.809722739190113949e-01 3.739354888357379059e-01 3.188194825852782577e-01 3.631136411617051363e-01 3.783124761126603341e-01 3.813131836675508479e-01 3.483933043859503420e-01 3.716394880257817279e-01 3.856014900959651159e-01 3.121175366461667600e-01 3.796012839088331869e-01 3.820030770681691612e-01 3.459048451861837514e-01 3.524974091332557791e-01 3.668820414071254921e-01 3.693606042568252645e-01 3.803125492467030466e-01 3.882206966639345502e-01 3.903730723628201504e-01 3.774367055144914884e-01 3.924414486083919740e-01 4.102065565895349208e-01 3.985671429783901321e-01 4.017955756679729151e-01 3.860105948219773042e-01 3.897288728081255149e-01 3.916540063742108280e-01 3.984039392326118034e-01 3.881213043084874026e-01 3.908460445242920023e-01 3.816655517150023269e-01 3.865043385661283692e-01 3.966693113901869072e-01 3.889864494227262548e-01 4.034463703112579624e-01 3.824632654809607124e-01 3.792457810475748370e-01 3.786673550451378212e-01 3.801463029954227912e-01 3.882855685829916248e-01 3.884922601516088703e-01 3.687550335833375548e-01 3.774406642848457394e-01 3.709042817393812252e-01 3.753549925689173006e-01 3.875185945150479427e-01 3.783751145746662714e-01 3.754014003059231719e-01 3.793374915108598255e-01 3.755902913669226795e-01 3.822243072440656975e-01 3.736671108829910937e-01 3.836064893782523688e-01 3.784976487862575234e-01 3.805455767929324384e-01 3.762449258378707806e-01 3.827172183168940922e-01 3.902683656181271665e-01 3.928617394329861345e-01 3.871829009761568186e-01 3.984629297265814829e-01 3.914610964343332444e-01 3.957910059348734855e-01 3.934517142612412033e-01 3.883722826099527126e-01 3.895451464641865869e-01 3.925227825900639012e-01 3.932561632260277440e-01 3.899847155343735827e-01 3.825603255752614840e-01 3.889757846669172348e-01 3.919276035474687503e-01 3.934941345903896215e-01 3.892375142562722323e-01 3.919871792266999000e-01 3.940436405860101021e-01 3.927268455804743819e-01 3.891327734516050740e-01 3.857421439400477436e-01 3.928676544194765752e-01 3.886013124159590770e-01 3.848731183934316347e-01 3.887620951823451132e-01 3.839138048402411241e-01 3.758387017172270528e-01 3.791404846259259775e-01 3.818048640287973194e-01 3.730013922224200695e-01 3.772743901987163917e-01 3.853716303073669858e-01 3.844769172791021594e-01 3.805984586615904219e-01 3.765921585919868031e-01 3.830306206301059002e-01 3.834955052280201171e-01 3.755296988762083510e-01 3.753431062636881643e-01 3.792183074361894501e-01 3.833091461515903409e-01 3.800032538591746611e-01 3.827149279901818635e-01 3.753128186416819223e-01 3.752021628078354154e-01 3.794115392590219904e-01 3.818899658411308851e-01 3.784081168155800645e-01
1.585099679321236993e-02 6.196169217036745502e-02 3.176301573795446420e-01 1.000000000000000000e+00 3.424155457662885760e-01 3.815743330174337089e-01 5.697389583639010935e-01 5.716120229601903135e-01 4.718732163140810787e-01 4.658588023591492266e-01 5.640209208216652170e-01 6.357536988162642011e-01 5.078540322242850458e-01 5.079683985502584376e-01 5.888052305457321944e-01 5.794962299674741857e-01 4.947425189074580176e-01 4.796489630882625477e-01 5.130947461433129630e-01 5.912953657243615879e-01 5.887025782771283522e-01 5.519301113936062597e-01 4.685623968027438635e-01 4.875257774312066750e-01 4.997466952413952557e-01 4.658377862795647362e-01 5.084598991536803947e-01 5.057412577393615161e-01 4.823827004040874833e-01 4.798658871579294938e-01 5.337833355526439005e-01 5.484186205962818805e-01 4.998721801832855527e-01 5.498407200140457141e-01 4.984168492006104678e-01 5.727136115358635315e-01 5.375957638373610736e-01 5.511130974901137236e-01 5.555587435269271346e-01 5.661939319887424604e-01 5.681975915519339448e-01 5.854358413086575563e-01 6.149267907605483474e-01 6.050797997640245951e-01 5.912695386784323492e-01 5.602085697501586470e-01 5.631136574619731716e-01 5.539115288848159846e-01 5.729848751624507797e-01 5.771167572270814450e-01 5.811622777245059046e-01 6.151441468750986630e-01 6.112084840749335557e-01 5.364274949344582932e-01 5.328555478936588541e-01 5.464415256831750556e-01 5.730268578279885672e-01 5.700551706806461505e-01 5.530028279138889946e-01 5.811185735815797004e-01 5.815298881355743799e-01 5.701257063998005359e-01 5.749754598169833919e-01 5.792286789806087022e-01 5.690762641195292737e-01 5.818244449791772910e-01 5.554237166475983756e-01 5.614270952439378570e-01 5.684444037507314640e-01 6.209121592303102899e-01 6.033865109061360421e-01 5.701041480594570832e-01 5.779005877584747486e-01 5.801676752596184317e-01 5.585057141719400597e-01 5.631220331255972766e-01 5.640271508774673537e-01 5.444394656377945507e-01 5.596480613764287515e-01 5.429805534455689475e-01 5.548806673739278272e-01 5.602956595083798952e-01 5.796734232330390535e-01 5.479711113721729143e-01 5.826764942680986437e-01 5.739664301233202703e-01 5.749141567202932235e-01 5.838167744527862357e-01 5.725097444742834885e-01 5.791064199846885918e-01 5.797042698146454009e-01 5.833699619241631273e-01 5.835457761959131906e-01 5.857963624011279791e-01 5.661856950954539114e-01 5.655315409540164762e-01 5.975889895959836107e-01 5.821861644237316114e-01 5.726665234179709740e-01 5.932749173495910355e-01 6.008591269835965587e-01 5.861395835674733101e-01 5.918274290365325152e-01 5.929629960897715435e-01 5.944380415628395253e-01 5.740614698393526893e-01 5.713100106713365767e-01 5.604374801602999279e-01 5.643291785338396815e-01 5.723716797015013791e-01 5.773009151816284046e-01 5.756397511782119780e-01 5.774961217258164359e-01 5.761144320359158355e-01 5.707270253852113617e-01 5.795029195020299229e-01
-1.709649556567561721e-02 3.286694371295047906e-02 1.986048121929845645e-01 3.424155457662885760e-01 1.000000000000000000e+00 2.778702370586076942e-01 4.244814256231693728e-01 4.484945588999498245e-01 3.961764078354892971e-01 3.619457174169564695e-01 4.076734617414706219e-01 4.525234583054498216e-01 4.454274400301521109e-01 4.171220985780063062e-01 4.627885281333780076e-01 4.724675732055582111e-01 3.832408539120173430e-01 3.666963512669683678e-01 3.914531846912464585e-01 3.964416613828918856e-01 3.994772283170072713e-01 4.026403536126141880e-01 3.497143636544159939e-01 3.608313322477561536e-01 3.770239466790784588e-01 4.046844871640598029e-01 4.181280156472569898e-01 4.148246720781279540e-01 3.972251108737919756e-01 3.983913480121984430e-01 4.324945354141397358e-01 4.293800287135411398e-01 4.048960519073809827e-01 4.315992303575026945e-01 4.080617676383642145e-01 4.466008934439990585e-01 4.294157152525172050e-01 4.357569010520372377e-01 4.571956074181119378e-01 4.454033829237256104e-01 4.559249003289676527e-01 4.617290657836684020e-01 4.813638714806943719e-01 4.805489636551063537e-01 4.600643128907101476e-01 4.589413580894763922e-01 4.654316413932223506e-01 4.644046157583811563e-01 4.625172794885689664e-01 4.434210317320020356e-01 4.579222328434921496e-01 4.549931647753852060e-01 4.706689183410262545e-01 4.487495861353444915e-01 4.467474265427693325e-01 4.476965676102468983e-01 4.537500393261347242e-01 4.654195276456662977e-01 4.542591071529485380e-01 4.770433893448140505e-01 4.680672424778634655e-01 4.655524934826208994e-01 4.559331932827281886e-01 4.592911331485457493e-01 4.514690558511778029e-01 4.623620333343574917e-01 4.551885743130861250e-01 4.605848879635232040e-01 4.613723349328321954e-01 4.747806386767243203e-01 4.680271245761241650e-01 4.602932683789509039e-01 4.573644232015357525e-01 4.601491144454272209e-01 4.541100730291724452e-01 4.551511074025938464e-01 4.606684847952190465e-01 4.456321822006993338e-01 4.586976026092042247e-01 4.423555025504842253e-01 4.561380767984671847e-01 4.590882353166628738e-01 4.650807821904762163e-01 4.537737044756270377e-01 4.643472407496882504e-01 4.643166827841234134e-01 4.667698435971951443e-01 4.677549309787946141e-01 4.691077558034099093e-01 4.701646102265221727e-01 4.694314245759197424e-01 4.731214678020592146e-01 4.725519058425069474e-01 4.756825945001341704e-01 4.669445401964826825e-01 4.669747025895470416e-01 4.701491990936097487e-01 4.556289320762121897e-01 4.657172770319247257e-01 4.738554801376653192e-01 4.770292270992466666e-01 4.661943735631073893e-01 4.744297958307502894e-01 4.772387954608640070e-01 4.691054937224872767e-01 4.593381113399045979e-01 4.626044403239818470e-01 4.616911448566681786e-01 4.657831850655772543e-01 4.691788343057565758e-01 4.694616490279193144e-01 4.702366768357608140e-01 4.686734657089063338e-01 4.636990749406856294e-01 4.590903417951016086e-01 4.664303672426233782e-01
5.979770009917695708e-03 1.043482894054328786e-01 2.266713605259830788e-01 3.815743330174337089e-01 2.778702370586076942e-01 1.000000000000000000e+00 4.771103395717740114e-01 4.611004554507370790e-01 4.900334579741075225e-01 4.455510967413756074e-01 5.513352122187048510e-01 5.485917099697362742e-01 4.918417164738671521e-01 5.025497628136815775e-01 5.605272773771943218e-01 5.515110253255961492e-01 4.923205352407013513e-01 4.535558406172360280e-01 4.838118995190675564e-01 4.405859195702794273e-01 4.592047238999373282e-01 4.834725506293037212e-01 4.471237809740875591e-01 4.326468322050733284e-01 4.811163256079356576e-01 5.088906149320904237e-01 5.318698644796817643e-01 5.381448505707417951e-01 5.192334028656234723e-01 5.345947267336145226e-01 5.574039426015271470e-01 5.335825954108754932e-01 5.077007759680903787e-01 5.318342572045207106e-01 5.248230580194724881e-01 5.411946026340475058e-01 5.512517813624685514e-01 5.420217456472136153e-01 5.631022791256233839e-01 5.222919484513982580e-01 5.714894902784184438e-01 5.681045726670098661e-01 5.577061860684048300e-01 5.718803226322439759e-01 5.676297735885887930e-01 5.680701551289834006e-01 5.737786518193722651e-01 5.769724992588270984e-01 5.649958444002772806e-01 5.504054985044583015e-01 5.598272177730378996e-01 5.541947005263867521e-01 5.679201652978410619e-01 5.653905442049380614e-01 5.573227652426601120e-01 5.586319431620726528e-01 5.595245882988690855e-01 5.747800759096848289e-01 5.633190872694469054e-01 5.778142103524896989e-01 5.686536701744762112e-01 5.732882285974473247e-01 5.648062343754870485e-01 5.697163737511433679e-01 5.698530314760470450e-01 5.743134263664793071e-01 5.747972298751112818e-01 5.701548924575768895e-01 5.741701009356990903e-01 5.743526533797476130e-01 5.719442183859526629e-01 5.762137805680568325e-01 5.634456842152039124e-01 5.678537146761211130e-01 5.762112853463846607e-01 5.797405093831035083e-01 5.767373348529145627e-01 5.693142623227485100e-01 5.745309903184233624e-01 5.746082995998116338e-01 5.733629858373737731e-01 5.787720686938102599e-01 5.750700119582669023e-01 5.723604577106889968e-01 5.733884680493013253e-01 5.735975894171200240e-01 5.764604628723219992e-01 5.783355415042381598e-01 5.829732167618963956e-01 5.774050036304412270e-01 5.763507149862642231e-01 5.817236185405979532e-01 5.818978292161480770e-01 5.808215091452141321e-01 5.800702532415848989e-01 5.808388630232127481e-01 5.728668222404543764e-01 5.746513636210810461e-01 5.820356365513226216e-01 5.803360738873044600e-01 5.813459602482119459e-01 5.810378455336272507e-01 5.844897075182465818e-01 5.819642853803002058e-01 5.800856337590806211e-01 5.768029765624066441e-01 5.788782940811204591e-01 5.791222042239998480e-01 5.788317136655093398e-01 5.792945273251300931e-01 5.796063592977747092e-01 5.834741239182310579e-01 5.813592082828997754e-01 5.808838050071599701e-01 5.791422418818283901e-01 5.819089050317010070e-01
2.636551936685384290e-02 9.832741273948571170e-02 3.206774270293044626e-01 5.697389583639010935e-01 4.244814256231693728e-01 4.771103395717740114e-01 1.000000000000000000e+00 7.023596181756425194e-01 6.661099536915735531e-01 6.300512858197068189e-01 7.195055733730147951e-01 7.665696947970883635e-01 6.777151871539266459e-01 6.875344817484422277e-01 8.120323578503543249e-01 7.705569070478249794e-01 6.711064840844382928e-01 6.405622741942864629e-01 6.644020021293000067e-01 6.738758227304979531e-01 6.605960786434454945e-01 6.629883199747056421e-01 6.023092603687604241e-01 5.977106617144013478e-01 6.259839445419965731e-01 6.705141697642724719e-01 7.142695945642318911e-01 7.212412916744624924e-01 6.856569875718511176e-01 6.812974170069465707e-01 7.340889191417296900e-01 7.361465532097142273e-01 6.952875432620317930e-01 7.296438529806769102e-01 7.021245804659900225e-01 7.533512838615804563e-01 7.334600411428734423e-01 7.578077135603402681e-01 7.721164371624795741e-01 7.454014163078467314e-01 7.736223910502464385e-01 7.805346097936324279e-01 7.874554439737010414e-01 7.943826799926296811e-01 7.784651768682806505e-01 7.742117620959758639e-01 7.733264355331515016e-01 7.664793920221177892e-01 7.686306828557997184e-01 7.547409048012984067e-01 7.719745793932886180e-01 7.556975449577861825e-01 7.837331542702397069e-01 7.542588859601601081e-01 7.544289438006308579e-01 7.552588520423560992e-01 7.660709517840250671e-01 7.749657178352546971e-01 7.726391530819993747e-01 7.798903840288246014e-01 7.820265938108711401e-01 7.813695708889686342e-01 7.787247303074834592e-01 7.700548653484110551e-01 7.674579970073490687e-01 7.739592235434886724e-01 7.717827309770978195e-01 7.673611902022686726e-01 7.732030619450563913e-01 7.971760209965387256e-01 7.763574488633403492e-01 7.688124530600870532e-01 7.655027934189431171e-01 7.624983871346636688e-01 7.675987364336683827e-01 7.740820311629847961e-01 7.782044903703945193e-01 7.596772085426624077e-01 7.708558802486602524e-01 7.550410651603897128e-01 7.679448871466676430e-01 7.690373518721503876e-01 7.775887916792219023e-01 7.637659778336592931e-01 7.770125997353287683e-01 7.768628576690985721e-01 7.818627870215490994e-01 7.851193976607396818e-01 7.813825952740428571e-01 7.815056640951771882e-01 7.846604671481726134e-01 7.871048573169641127e-01 7.854980407724685421e-01 7.908832901550829630e-01 7.739924249805336665e-01 7.776893142521820179e-01 7.798475690344699451e-01 7.702276378101616805e-01 7.773349391463446612e-01 7.861136919344295926e-01 7.933320156101393295e-01 7.829028212368097650e-01 7.879531533931586340e-01 7.913226945306414128e-01 7.857832426961569583e-01 7.769157669891748608e-01 7.777189218185374120e-01 7.735383498872534513e-01 7.742350755172550114e-01 7.800721677419236721e-01 7.828346242674558697e-01 7.825130547806310455e-01 7.831545273312703337e-01 7.799627921223115656e-01 7.770482935855094198e-01 7.802147641049682614e-01
-8.079199129485875597e-03 9.321592613384584169e-02 3.268201549735053613e-01 5.716120229601903135e-01 4.484945588999498245e-01 4.611004554507370790e-01 7.023596181756425194e-01 1.000000000000000000e+00 6.450905956285315490e-01 6.207587899948593391e-01 6.894187300542583552e-01 7.575389831690982900e-01 6.788957911859955230e-01 6.846792293719790035e-01 7.649978219804003388e-01 7.796123199337181564e-01 6.636138781433653655e-01 6.266146390965998680e-01 6.751612894066674198e-01 6.441706377906302183e-01 6.512947163291951114e-01 6.595443080338441177e-01 5.936321832606306081e-01 6.102737259075916576e-01 6.283459857500822698e-01 6.609374901193195706e-01 6.847655708335956826e-01 6.914286467255177371e-01 6.640247179371745467e-01 6.735280929402205352e-01 7.172908994331045340e-01 7.298395698981379187e-01 6.807749765050141733e-01 7.235738679817408370e-01 6.911707114217929826e-01 7.371027248340350502e-01 7.092125325506863920e-01 7.537373602462439370e-01 7.556111381529029281e-01 7.211871653867701903e-01 7.547311108995818918e-01 7.673905179296989232e-01 7.724402043362090797e-01 7.770383554290775097e-01 7.642398344836744961e-01 7.559394344316946457e-01 7.645405389818280550e-01 7.574766785053588247e-01 7.653749252568555761e-01 7.519049385721980894e-01 7.710000252622226657e-01 7.482425000643648794e-01 7.754031560406331458e-01 7.421414003755923972e-01 7.486360948410376581e-01 7.528561061646867891e-01 7.532540297555314623e-01 7.645437612569784269e-01 7.648120855123348161e-01 7.644823674659793067e-01 7.704022698308444772e-01 7.678839018706800079e-01 7.620704718445552306e-01 7.584633392412809538e-01 7.466131089635480444e-01 7.568535556462289149e-01 7.559968099045338841e-01 7.575452143208691869e-01 7.594280149991511353e-01 7.800945201055750067e-01 7.674133903868061157e-01 7.582250598339550507e-01 7.608475379848581577e-01 7.558259331818415472e-01 7.523951200353710123e-01 7.523668535159071524e-01 7.511050445750849791e-01 7.417738707153433975e-01 7.563801814894829390e-01 7.405299316329060355e-01 7.482103208958524876e-01 7.543349491268444007e-01 7.642685599419259956e-01 7.449984412377780307e-01 7.645762540439698940e-01 7.649695717767440728e-01 7.619358696702172029e-01 7.731993314436731435e-01 7.657614765939106949e-01 7.693135254266382228e-01 7.594167743826240047e-01 7.717128576911321813e-01 7.704415693304779156e-01 7.733526744819322341e-01 7.650798449847816540e-01 7.647974810046549443e-01 7.761082437087785113e-01 7.606898804975503747e-01 7.679869920557459428e-01 7.776323547029312389e-01 7.816101035324960478e-01 7.741643026071777234e-01 7.763866026730830150e-01 7.800952084619580118e-01 7.727834010081456872e-01 7.638165045599238923e-01 7.644524677669385371e-01 7.612097301675440075e-01 7.666251922439023536e-01 7.693327461929433397e-01 7.737284752197451931e-01 7.672800085017092986e-01 7.715564909445035147e-01 7.649778004724654412e-01 7.570038550325850490e-01 7.642301626770168221e-01
1.559659558420706804e-01 1.581721305368865849e-01 3.368275006506320501e-01 4.718732163140810787e-01 3.961764078354892971e-01 4.900334579741075225e-01 6.661099536915735531e-01 6.450905956285315490e-01 1.000000000000000000e+00 7.018171216937754142e-01 7.701462906654897855e-01 7.869905162796795306e-01 7.120438028187994206e-01 7.501189478952211553e-01 8.113566087867066789e-01 8.015041075505175971e-01 7.771702650992124983e-01 7.249158223790432842e-01 7.655708997137312677e-01 6.518654602165288026e-01 6.697039631767287560e-01 7.392682173898459386e-01 7.466229448049304107e-01 6.919697519919727480e-01 7.441283124558241147e-01 8.288499291143761605e-01 8.304713346032468468e-01 8.330054807327471611e-01 8.142366416820853159e-01 8.383838110274531852e-01 8.605610921244127853e-01 8.300611519163636487e-01 7.884686223092776114e-01 7.998328275155226486e-01 8.086691749272720831e-01 8.082624611369304546e-01 8.364846325957763229e-01 8.226429375758350648e-01 8.442938196605912493e-01 7.345695356137735832e-01 8.431069561784867439e-01 8.275068929003503992e-01 7.980949487573451018e-01 8.362348542241617722e-01 8.388970723196176316e-01 8.359405754227252627e-01 8.464722104662757429e-01 8.581215298163785699e-01 8.375046823919592986e-01 8.142344427644154781e-01 8.376980759363548135e-01 7.968228781775268388e-01 8.245344612967027143e-01 8.644890191608286534e-01 8.529619340643705971e-01 8.458839506711859357e-01 8.500934862496736244e-01 8.423007911231087386e-01 8.440875626994797098e-01 8.577359138786712078e-01 8.410801259162303811e-01 8.521986530729123155e-01 8.566742664319172418e-01 8.460718533649815853e-01 8.663985332836989794e-01 8.619809802056559445e-01 8.562141832138336905e-01 8.531863753055174415e-01 8.558614035896480177e-01 8.357884695619582915e-01 8.385010020195055036e-01 8.562206507998643135e-01 8.388664377030470298e-01 8.482497037156839781e-01 8.653864376831604810e-01 8.592047058431010464e-01 8.501710291506890949e-01 8.595372445237836612e-01 8.538890500929935401e-01 8.653677761878787456e-01 8.597329738228908225e-01 8.638676926200798967e-01 8.544179299937636474e-01 8.521688349072670254e-01 8.286229068851795887e-01 8.448424830931087204e-01 8.469982102010339409e-01 8.350820492365494951e-01 8.444479573347579704e-01 8.483774241990678089e-01 8.315899021030725979e-01 8.443891092839282964e-01 8.482771838953644394e-01 8.478961205264994305e-01 8.485118257910955197e-01 8.542429015898488354e-01 8.143010637650546224e-01 8.385825336383913031e-01 8.425684709293924657e-01 8.356859126438340724e-01 8.341854590982338280e-01 8.384618596265425161e-01 8.395691269573246629e-01 8.422128365766688995e-01 8.448326756087549683e-01 8.458823032718021384e-01 8.490412943647406285e-01 8.562252039404399939e-01 8.533652377348677209e-01 8.502284353990168242e-01 8.400090849564917361e-01 8.554664140275426432e-01 8.449041124283483972e-01 8.523448449212964739e-01 8.611242304811118631e-01 8.569512053140645458e-01
6.541884629085907565e-02 1.818978846177757291e-01 3.324675281836065310e-01 4.658588023591492266e-01 3.619457174169564695e-01 4.455510967413756074e-01 6.300512858197068189e-01 6.207587899948593391e-01 7.018171216937754142e-01 1.000000000000000000e+00 7.024672931632366391e-01 7.216572438792129285e-01 6.327644264000755747e-01 6.771162816164565390e-01 7.456051535420737952e-01 7.305307640604832287e-01 6.751843795560835693e-01 6.388533630913394434e-01 6.885592473794419632e-01 5.732673977157644041e-01 5.939422765740756116e-01 6.577067258125768312e-01 6.345116935084871290e-01 6.163285711696564473e-01 6.577760911978307590e-01 7.293574825480435564e-01 7.302737360262218091e-01 7.433043839188054891e-01 7.295086954483148700e-01 7.298729502631626787e-01 7.596339148789011952e-01 7.443585292819112631e-01 7.095589275551892339e-01 7.266015215037369135e-01 7.257958765250316358e-01 7.324113874221298559e-01 7.367767808432078569e-01 7.524745688158132051e-01 7.708989377321973091e-01 7.032042264847988555e-01 7.655644673320303184e-01 7.604018715134542861e-01 7.410061941640845307e-01 7.598395031542184430e-01 7.577877369961071308e-01 7.589913126829259671e-01 7.629465351232564974e-01 7.709044696756101045e-01 7.562371104952437806e-01 7.277452014168883654e-01 7.511411308432938139e-01 7.137037740588564327e-01 7.458520205405694270e-01 7.701942032011316330e-01 7.656010254266460979e-01 7.643811577830073034e-01 7.538696297518282519e-01 7.637905233433837093e-01 7.650163701550950490e-01 7.665592355004732239e-01 7.617488380930367287e-01 7.640287594096946133e-01 7.654832185573617886e-01 7.527232546077941011e-01 7.570149535713842637e-01 7.590534048378578813e-01 7.665699631537727932e-01 7.677229674115239044e-01 7.689797042089876467e-01 7.556796854912338768e-01 7.531001866296678227e-01 7.658377452457352241e-01 7.605698344183555726e-01 7.627813797172127153e-01 7.744050045831817330e-01 7.701392654855981901e-01 7.686527761517703006e-01 7.688455686869773986e-01 7.690055281330937520e-01 7.651644918161927267e-01 7.703702781572919767e-01 7.731194209983383026e-01 7.693936717826552751e-01 7.638576541615373916e-01 7.606649433060596044e-01 7.681238926139737355e-01 7.660621936620307659e-01 7.661441451802847302e-01 7.671199043818974772e-01 7.710707259078296572e-01 7.634726926074781872e-01 7.682719425565853744e-01 7.686510606321143024e-01 7.710087278055496318e-01 7.664450585362136970e-01 7.705636699956163183e-01 7.514138781122036148e-01 7.503122064416727355e-01 7.634372021433309952e-01 7.620634587789634207e-01 7.653693027443664310e-01 7.620143614643214436e-01 7.624971387784199583e-01 7.643750716513626475e-01 7.630156816330136982e-01 7.612220153094297892e-01 7.643108171883506996e-01 7.730620267768113507e-01 7.747450694599800070e-01 7.677892210490863123e-01 7.663066243558049884e-01 7.681867612068941087e-01 7.659741067833671924e-01 7.659010407763993111e-01 7.638519490636208609e-01 7.654090926736303313e-01
1.584713289669844455e-02 1.199301690697219397e-01 3.809722739190113949e-01 5.640209208216652170e-01 4.076734617414706219e-01 5.513352122187048510e-01 7.195055733730147951e-01 6.894187300542583552e-01 7.701462906654897855e-01 7.024672931632366391e-01 1.000000000000000000e+00 8.567256289194260521e-01 7.420930278887777343e-01 7.799197531411530271e-01 8.596197565646228611e-01 8.417897349352431169e-01 7.765352977278808799e-01 7.294763830464129351e-01 7.779668141189906017e-01 6.646200503658260539e-01 7.087340244017324986e-01 7.634399577702354334e-01 7.124752852299758299e-01 7.008424167163521679e-01 7.523525047498748064e-01 8.047730045365217855e-01 8.283783661258834474e-01 8.370954020465852796e-01 8.083824478274138636e-01 8.214240802902706973e-01 8.733368166521138232e-01 8.477479100563061198e-01 8.070605124310127332e-01 8.416040656347743010e-01 8.241492176431597372e-01 8.562630247899093439e-01 8.526686727591373804e-01 8.639469400745505290e-01 8.778283645070079633e-01 8.137342513441034875e-01 8.772897224893924095e-01 8.733418078272046081e-01 8.592135485927199223e-01 8.796727043618637332e-01 8.826673099110816656e-01 8.734034418296923175e-01 8.827150203522931005e-01 8.857197465791228908e-01 8.746893973761034058e-01 8.564852362105286332e-01 8.772230056636434181e-01 8.464466667216093976e-01 8.704117234408943471e-01 8.750754101161342113e-01 8.717959195584329413e-01 8.742425194304449532e-01 8.735324334512999389e-01 8.790227939732800921e-01 8.804742781636288873e-01 8.825146142588047304e-01 8.751180366470262539e-01 8.803757728242369573e-01 8.802119075113802316e-01 8.787192533023727714e-01 8.814700651790325914e-01 8.791917707113539038e-01 8.869808742866052143e-01 8.850418724715931607e-01 8.875532595277544345e-01 8.770849332352632644e-01 8.819002094377585976e-01 8.875232368138488148e-01 8.772095753832632736e-01 8.794564859136509982e-01 8.862998398485160134e-01 8.887774222110371714e-01 8.845231647192187685e-01 8.759135516114405773e-01 8.842654220818096933e-01 8.824116072586249970e-01 8.864950943170787356e-01 8.899707999067321129e-01 8.912203940813232528e-01 8.836804894121038645e-01 8.864875598858530381e-01 8.888814182143360831e-01 8.901386633821587457e-01 8.894639036731405435e-01 8.896675524572364990e-01 8.895788313075202458e-01 8.863819776496218994e-01 8.911403479277512085e-01 8.923007020367224040e-01 8.902010344766848604e-01 8.887861596103695527e-01 8.906088138813201827e-01 8.794933130739789329e-01 8.798414190534542545e-01 8.875532962858435626e-01 8.893447655654621586e-01 8.885101716318827281e-01 8.884960372215552349e-01 8.882913076434750810e-01 8.903258669090402533e-01 8.921489521806972300e-01 8.828801767873751816e-01 8.877582357776936384e-01 8.889912822760253075e-01 8.897130960838466329e-01 8.891503718533658729e-01 8.877226012563619317e-01 8.907959759131811595e-01 8.875914758002972915e-01 8.904649115834105677e-01 8.908310627263263948e-01 8.888862965961720208e-01
4.726365553727370113e-03 1.157830063937187043e-01 3.739354888357379059e-01 6.357536988162642011e-01 4.525234583054498216e-01 5.485917099697362742e-01 7.665696947970883635e-01 7.575389831690982900e-01 7.869905162796795306e-01 7.216572438792129285e-01 8.567256289194260521e-01 1.000000000000000000e+00 7.897022573475968032e-01 8.158658637241686939e-01 9.057949143291036398e-01 8.954711644293805728e-01 7.972868968544117863e-01 7.395776229314529049e-01 7.898016854887488503e-01 7.278547660912760842e-01 7.546922194425844665e-01 7.871879234700849270e-01 7.096698686927185307e-01 7.024642711048990629e-01 7.505960232961947920e-01 8.023746854667274109e-01 8.429032193118862759e-01 8.434174212538793070e-01 8.161417692516343969e-01 8.152656292895983370e-01 8.795220677922062080e-01 8.641940803982632868e-01 8.129920936716565905e-01 8.623062754693230358e-01 8.287233142049262868e-01 8.885552567246838285e-01 8.595181658277240011e-01 8.947164167112630073e-01 9.086790201751391294e-01 8.487450347933460648e-01 9.054044454244353224e-01 9.127501233686172721e-01 9.099964159657312202e-01 9.288417119663477939e-01 9.168787173598247353e-01 9.089214768275096779e-01 9.246584954903771525e-01 9.183461902440476221e-01 9.190349927603234104e-01 9.039565206183159951e-01 9.224903182628952925e-01 9.054154912625049789e-01 9.264083436838297381e-01 9.035104741398111150e-01 9.006366025571516110e-01 8.988116633548302037e-01 9.158386766224081432e-01 9.246974727361823021e-01 9.212519190543608794e-01 9.289247988487354668e-01 9.248891081297208050e-01 9.273382963440288673e-01 9.233437850077328424e-01 9.235808389305764088e-01 9.164031331681217196e-01 9.231913675877143621e-01 9.184358289719664059e-01 9.132867803072242108e-01 9.143033880396608248e-01 9.311812574112444674e-01 9.224172431579319431e-01 9.177716221226250859e-01 9.050747345041538772e-01 9.081736703930208821e-01 9.129009954736488908e-01 9.172819816230404211e-01 9.125116261171251075e-01 9.029779328224254442e-01 9.127446159593118891e-01 9.045561273589591833e-01 9.109953483266126639e-01 9.187147589593431807e-01 9.192437301824637474e-01 9.069322092511018507e-01 9.184315159214798685e-01 9.184577946638149415e-01 9.203858191039655523e-01 9.256739761792989185e-01 9.229557714389623468e-01 9.231423890376616592e-01 9.166525547426083165e-01 9.282593279827191513e-01 9.287131367725177666e-01 9.301631319607533976e-01 9.263541215942852070e-01 9.259096269459754502e-01 9.243107891890299799e-01 9.222941972417175727e-01 9.245903807676962849e-01 9.316988839504438680e-01 9.334002238032965693e-01 9.307925420860106991e-01 9.340623749616907556e-01 9.356365769353757189e-01 9.336598798799695675e-01 9.240122185650675446e-01 9.260026191766116410e-01 9.217112867416240585e-01 9.214348982464477533e-01 9.292401392303812901e-01 9.290886503113332529e-01 9.311267767636483006e-01 9.309041927632509816e-01 9.296402283150113632e-01 9.246421586170370244e-01 9.296985245921297603e-01
-1.182547951901230521e-02 8.297718520511926377e-02 3.188194825852782577e-01 5.078540322242850458e-01 4.454274400301521109e-01 4.918417164738671521e-01 6.777151871539266459e-01 6.788957911859955230e-01 7.120438028187994206e-01 6.327644264000755747e-01 7.420930278887777343e-01 7.897022573475968032e-01 1.000000000000000000e+00 7.295191690779985194e-01 8.048048955113396019e-01 8.167281460040487495e-01 6.994200479680303673e-01 6.272081568594510825e-01 6.929497250391003504e-01 6.030712513608663672e-01 6.170674666803379615e-01 6.627570313703283755e-01 6.145202066739875457e-01 6.070993815559635465e-01 6.510170468573184266e-01 7.272556657473661090e-01 7.570336905699417418e-01 7.599482387813482065e-01 7.253772444670397723e-01 7.350827859009805287e-01 7.850255829045409417e-01 7.626479416654999843e-01 7.183883537547187670e-01 7.572995913421486369e-01 7.357754989153415526e-01 7.795176835025083850e-01 7.624937395951114638e-01 8.025127444490054440e-01 8.122329616108862060e-01 7.517781070475852978e-01 8.168001684568151344e-01 8.215589692159770419e-01 8.102917846755869347e-01 8.336697166864013298e-01 8.066932201439204198e-01 8.186940735695960036e-01 8.331167622111486093e-01 8.276706189516839229e-01 8.175638853257993777e-01 7.988192810961413093e-01 8.202694166617965355e-01 7.986424447930026149e-01 8.233550966989351405e-01 8.152839708686754339e-01 8.093797950626466786e-01 8.042099199346945948e-01 8.099359933566799841e-01 8.331323300997256487e-01 8.252628646872879337e-01 8.345325515297448149e-01 8.292477649164897713e-01 8.283135467561828502e-01 8.184080436727099173e-01 8.220051970559629773e-01 8.108452167474627936e-01 8.208117599711277634e-01 8.278702864378069126e-01 8.165216242567678862e-01 8.171339927266100256e-01 8.161751581540334088e-01 8.143393484315477604e-01 8.198145460269763429e-01 8.058152814105938866e-01 8.071967252968335060e-01 8.217700466046409247e-01 8.226998196495145521e-01 8.226461116509047322e-01 8.080425653666032382e-01 8.245624673299608576e-01 8.147185347879083439e-01 8.184100858073519724e-01 8.272840047848259992e-01 8.174237812543169168e-01 8.154214037122732295e-01 8.228914449668889297e-01 8.212987938775168084e-01 8.221770075168939318e-01 8.319843417249931372e-01 8.309806942967173926e-01 8.279814323204860438e-01 8.219242826739500130e-01 8.354828016479327601e-01 8.335387297416645414e-01 8.377310978131170538e-01 8.362143847847698375e-01 8.356115235249114148e-01 8.237777145563887071e-01 8.207133749813291246e-01 8.330056340205106435e-01 8.336208136821278147e-01 8.358594357830266830e-01 8.335415133250895225e-01 8.373808418161057254e-01 8.415262579433231416e-01 8.330724908095133996e-01 8.239191703438143444e-01 8.286399356904082802e-01 8.318042524745821176e-01 8.301865725993351486e-01 8.364542646484214306e-01 8.350909384360265530e-01 8.365138297257679323e-01 8.362882425462166980e-01 8.323793238956808116e-01 8.269879631191948688e-01 8.337899424497684508e-01
