1.000000000000000000e+00 8.357395074316564809e-02 1.126711364207534927e-01 5.082225772308292949e-02 6.570695972781727401e-02 1.583994660120262646e-02 -6.378172171720361550e-03 3.776285223876193337e-02 7.613680225351655839e-02 2.622374246524030936e-02 1.583181316041040038e-02 2.609599070519666442e-02 3.110474905060538892e-02 2.244769184274055321e-02 1.745665798645456776e-02 1.943078830481086497e-02 6.627587395081684096e-02 1.633073058611036674e-02 1.990377170288690906e-02 4.644499409686168173e-02 4.053421837369477337e-02 -6.498739883150460653e-03 9.515042088090463340e-03 -4.310424753152053944e-03 -2.525666286103402450e-02 4.816411782203441905e-02 3.463224513724726811e-02 1.742004983082675457e-02 2.137178281166716987e-02 2.936983509021805910e-02 1.842026237890669743e-02 2.838141974562796363e-02 -1.520031175363700110e-02 1.741873913503445490e-02 3.610664099957422088e-03 1.971468740083083884e-02 5.488311941712519654e-03 -7.088147353920193003e-03 -2.048888686595907744e-03 -2.931228133571846250e-02 1.608927110735170266e-02 -2.655682593054069316e-03 2.722017103411035130e-03 4.644244456297693703e-03 -8.179896246525838674e-04 -1.637362948232542678e-02 1.327093617871199713e-02 6.088205325283239759e-03 8.074039452736587671e-03 1.166374147132719259e-02 2.174326123788519402e-02 4.016927746838817176e-02 2.318622056180014157e-02 9.394785747260929465e-03 -9.341431613644309712e-03 -1.947470021786581844e-04 3.152113965771769638e-02 -4.514606183900028019e-03 -9.626196204214869032e-03 2.939184905673274464e-02 1.842324415732725720e-02 1.598723050596670414e-02 -1.305788422885055316e-03 2.866650210578714636e-02 6.126994725061644942e-02 4.670327803934617300e-02 1.534639930860544517e-02 4.178852066157355029e-03 4.916394951844683080e-03 1.029569005684499196e-02 -1.342774351931611378e-03 -1.313959285108060547e-04 -5.096901241351070675e-04 -6.183337663085894907e-03 7.884450839844675887e-03 1.294583484296459031e-02 -2.303892579848161766e-03 6.765739066579890687e-03 2.374871200109620467e-03 8.929154947573366904e-03 4.583535695398498894e-03 7.505778443057250886e-03 1.986948184927095698e-02 2.099736585025412279e-03 -5.825688131121687166e-03 4.864491259979520851e-03 3.531628016029053282e-03 -7.333123454607945457e-03 -5.968248195718040515e-03 6.023747034689594382e-03 -9.850842957040036041e-03 -1.119959046818747462e-03 1.222768193702130669e-03 -3.787304508217039650e-03 4.822660343838427663e-03 3.808135613884024596e-03 -6.940923442930162918e-04 2.822791839789629345e-02 7.925837228404983975e-03 -1.682841965546145666e-03 -3.755343370189858331e-03 7.472921760689496193e-03 1.643005643977593633e-02 2.402128217602922996e-03 1.973637217221490409e-02 2.098352745682590184e-02 1.429944468863970398e-02 5.260127639009973266e-03 2.500510908599795721e-03 1.103671001436818538e-02 -4.480774768214255965e-03 1.091097166602388036e-02 7.924368789597855192e-03 1.872038959252468604e-02 3.135472156273926697e-02 3.347461576018535140e-02
8.357395074316564809e-02 1.000000000000000000e+00 9.492539247691367255e-02 1.192107344677219849e-01 9.523532018748605277e-02 1.173584765172478867e-01 1.623220445011256119e-01 1.217854405377849364e-01 1.690376308178947184e-01 1.545414818038926552e-01 1.634787519477299278e-01 1.535582200635502714e-01 1.448835449680356269e-01 1.525869673781424241e-01 1.703623855921217178e-01 1.610728503780143872e-01 1.813784472528191527e-01 1.699746859718752612e-01 1.730870416084187569e-01 1.452275567705828829e-01 1.652894760478471337e-01 1.671049854388085010e-01 1.885449800932189335e-01 1.899274537922023554e-01 1.729689325871228145e-01 1.694847225520359768e-01 1.531101123591060431e-01 1.805198285337850095e-01 1.571835339900114203e-01 1.667507598957349013e-01 1.610150937683413885e-01 1.870145791619559072e-01 1.719534598503948686e-01 1.776679190034758660e-01 1.717196288037554364e-01 1.725673627424649526e-01 1.720735661787417548e-01 1.572704950888342834e-01 1.670030881622721064e-01 1.717682909942981340e-01 1.675922485881504442e-01 1.591289499385561967e-01 1.632321287461129256e-01 1.606079618163947509e-01 1.604624248286403154e-01 1.568078348888471418e-01 1.602106259719485448e-01 1.659241394582771645e-01 1.568757907705674026e-01 1.565297901011630799e-01 1.598023239825170638e-01 1.583581227625076027e-01 1.550039034662387127e-01 1.590993264099895554e-01 1.525068444134879686e-01 1.752959480556540717e-01 1.533709881188179136e-01 1.504029432538294686e-01 1.526622485505454152e-01 1.572001786502038034e-01 1.602414132400942215e-01 1.563832571872170452e-01 1.530656995252305252e-01 1.576957045253250256e-01 1.698746340861796711e-01 1.655756998221177279e-01 1.662144932938915687e-01 1.664887991890627306e-01 1.670303751446105267e-01 1.701355530557002449e-01 1.656361567024575987e-01 1.656827703468366497e-01 1.715387058862995473e-01 1.714816771875054824e-01 1.661226078241037907e-01 1.664486482451404681e-01 1.689527390243684424e-01 1.587142471841769820e-01 1.660198199862336355e-01 1.617653900355894570e-01 1.625788552919572305e-01 1.607517467240218156e-01 1.741201310418566406e-01 1.653815498401655648e-01 1.662868641782710155e-01 1.687878402420352197e-01 1.652584077704248589e-01 1.642584976985095313e-01 1.618763687611084467e-01 1.690294417550869954e-01 1.710569212260839578e-01 1.588847505150544626e-01 1.645252320039680693e-01 1.621750934808150468e-01 1.622190157882486827e-01 1.619704336780215803e-01 1.549481939622458226e-01 1.661863626604809241e-01 1.604799888139163688e-01 1.602718280490007530e-01 1.589090866628233567e-01 1.594293820359646841e-01 1.595360874560236841e-01 1.590377215679806555e-01 1.602727657965464791e-01 1.634256511153616420e-01 1.647991304618441899e-01 1.617866382934144698e-01 1.602233729671682927e-01 1.607390526136094622e-01 1.598823620833253467e-01 1.587653350860599166e-01 1.576237311964695242e-01 1.587223204248409125e-01 1.654230615330345711e-01 1.626641230208261957e-01
1.126711364207534927e-01 9.492539247691367255e-02 1.000000000000000000e+00 2.735472851955285112e-01 1.898010081590993381e-01 1.964994739406205893e-01 3.189511793931830708e-01 2.879711751914444950e-01 3.033229161201475010e-01 2.567359308405645080e-01 3.111128388120137922e-01 3.188901695303484884e-01 3.060128311056418693e-01 2.935633774790342154e-01 3.378163378714178489e-01 3.269646883501855505e-01 3.061457763386441489e-01 3.356057499751711748e-01 3.514228186520770292e-01 3.306198117276688553e-01 3.431577823180571030e-01 3.315252376483023289e-01 3.399129241765933562e-01 3.442677548579878288e-01 3.292239230683765006e-01 3.495790773679156582e-01 3.234344480002167010e-01 3.378534816315062472e-01 3.301510107885703427e-01 3.431281155506681335e-01 3.319577050569175736e-01 3.440404670833581147e-01 3.127332723907494949e-01 3.361171641421298872e-01 3.284439311703514219e-01 3.281419179771570827e-01 3.276496662005292104e-01 3.258759031289570340e-01 3.336149439402531502e-01 3.253028411639051209e-01 3.335361504602298299e-01 3.257658998308228804e-01 3.379080144833306321e-01 3.289013616147290486e-01 3.284925159631681968e-01 3.209501780825931294e-01 3.284032978036427464e-01 3.295112095491045112e-01 3.289282396279177290e-01 3.180006257157235172e-01 3.224466426722111256e-01 3.351161590340533403e-01 3.302497125595910688e-01 3.355191806814336597e-01 3.298510735216851342e-01 3.300115657758587173e-01 3.352502631961835067e-01 3.309595590984647506e-01 3.267617819875574536e-01 3.346846120841704963e-01 3.342553449001385291e-01 3.340424781548435029e-01 3.307632357203474371e-01 3.314588741418920681e-01 3.420959577798397544e-01 3.402798341479049693e-01 3.310219254990169335e-01 3.366286157586150241e-01 3.384047336050122201e-01 3.388632154544578556e-01 3.376488235847583397e-01 3.348560986945710582e-01 3.449866833342304373e-01 3.395075725677972889e-01 3.378408085942755656e-01 3.363003288432790949e-01 3.290510371761733444e-01 3.315279016487900909e-01 3.307633521847527791e-01 3.318086041161635857e-01 3.273649932618101777e-01 3.344376438739016799e-01 3.385073202962051164e-01 3.322862239734773460e-01 3.283801018574039610e-01 3.367429090304723815e-01 3.303367282102785407e-01 3.294816183118012276e-01 3.305555572851294199e-01 3.371533030762963734e-01 3.255716926989030147e-01 3.288825980447067643e-01 3.343803008684577693e-01 3.298887429325368381e-01 3.279093797237821462e-01 3.304041253966767400e-01 3.342814187004770066e-01 3.328305289572501824e-01 3.332569519802712765e-01 3.277213429836938752e-01 3.331171039764782571e-01 3.345902369470879489e-01 3.336177423278384180e-01 3.306313007362186585e-01 3.368813884504398004e-01 3.399400708484181521e-01 3.336160064129605196e-01 3.320989396841716457e-01 3.308519246371179889e-01 3.285650198590579496e-01 3.321669685333960564e-01 3.326809914265882462e-01 3.311828046203564302e-01 3.374360758766926094e-01 3.371770549971929154e-01 3.399727887563595563e-01
5.082225772308292949e-02 1.192107344677219849e-01 2.735472851955285112e-01 1.000000000000000000e+00 3.338694267650301195e-01 4.039662971124258761e-01 5.535886340997703270e-01 5.365486974698725486e-01 5.613146962586980093e-01 5.150493617298984583e-01 5.492493667240138100e-01 6.223730991633338316e-01 5.516858190935339801e-01 5.707997450740003309e-01 6.279347860571298234e-01 6.225825997193573658e-01 5.552039285103751443e-01 5.973959471536477439e-01 6.115456322511710896e-01 5.719097300309092802e-01 6.015577233941129531e-01 6.114788202617208457e-01 5.942587716715256319e-01 5.897036194436896528e-01 6.057667659360596035e-01 6.127517493437375506e-01 6.043002162347592687e-01 6.323229017117234507e-01 6.208688839870818432e-01 6.344362511697595464e-01 6.315458487867102733e-01 6.294840154348083638e-01 6.090629370772604467e-01 6.234540922844462596e-01 6.271512954404072637e-01 6.386805652944717027e-01 6.395195049068935766e-01 6.311345834593981019e-01 6.366989492094445868e-01 6.257574378781282087e-01 6.317372748310392527e-01 6.348514093960470062e-01 6.500185627025985013e-01 6.453709718508512383e-01 6.391117894312007275e-01 6.347225207301340211e-01 6.329438399730596965e-01 6.328886176774981553e-01 6.314812436272531082e-01 6.300627124807851587e-01 6.352858583045835061e-01 6.443517696166449760e-01 6.399899726458394555e-01 6.323935296258008654e-01 6.315997184157335909e-01 6.349978531807753956e-01 6.314380872328556604e-01 6.349401583199842936e-01 6.265422710354927593e-01 6.349337542127372336e-01 6.370319928457919278e-01 6.348385212935995225e-01 6.346588899787219962e-01 6.357133770548453189e-01 6.343169157141502756e-01 6.354971857128152157e-01 6.372415306486294284e-01 6.377919521323588414e-01 6.391958804714173992e-01 6.384365561479462547e-01 6.416431298537325079e-01 6.425802034203067503e-01 6.313651438146439254e-01 6.390170382296568308e-01 6.375199880696013066e-01 6.371094913061517984e-01 6.409654159179164479e-01 6.354598327725182738e-01 6.337524382474033491e-01 6.357281397883278729e-01 6.411293635879504738e-01 6.388308593946581126e-01 6.442957890398146592e-01 6.410083773507860849e-01 6.404856712038038413e-01 6.408296215260652628e-01 6.429652683750385345e-01 6.382590445677179813e-01 6.415474664327049936e-01 6.373884298393350800e-01 6.384958832289147068e-01 6.387958747082059796e-01 6.438331245531432323e-01 6.384672070563389701e-01 6.326761635032577269e-01 6.359604851061685382e-01 6.438593543735279257e-01 6.372087481910791995e-01 6.391015262425365773e-01 6.389893425554442619e-01 6.443203668443728827e-01 6.358032730223449613e-01 6.381185082804418096e-01 6.401743933326792257e-01 6.473363575272409465e-01 6.378735187277677632e-01 6.369307352843949221e-01 6.353599923946199324e-01 6.365050993060212825e-01 6.342224358221977276e-01 6.347584871451813493e-01 6.356126862977399261e-01 6.360275908105473830e-01 6.406325487049191469e-01 6.406212481876724096e-01 6.387260352351100678e-01
6.570695972781727401e-02 9.523532018748605277e-02 1.898010081590993381e-01 3.338694267650301195e-01 1.000000000000000000e+00 2.681436165703458552e-01 4.425948361739452941e-01 4.047395842101654817e-01 4.068879681537041493e-01 3.551060324649970568e-01 4.004442018317297403e-01 4.393505548814954365e-01 4.079728253923982084e-01 4.056025962670728457e-01 4.689824189103894980e-01 4.480134161161046791e-01 4.187626123386465338e-01 4.631132560871383252e-01 4.542262761611779442e-01 4.273100027443227922e-01 4.510959827477187267e-01 4.668483140080552651e-01 4.350141872088728046e-01 4.588497958601941984e-01 4.472515008511401824e-01 4.529778780499907342e-01 4.342829391599192790e-01 4.540976067114245729e-01 4.536713660940170922e-01 4.613334542325080445e-01 4.561194743524473738e-01 4.592141323501000572e-01 4.310118512571007310e-01 4.524821346964558733e-01 4.506624076867541406e-01 4.484512672972864600e-01 4.553858887433371305e-01 4.525890798169358020e-01 4.621775878572583762e-01 4.437937672805762901e-01 4.575519093204602483e-01 4.594454583535164116e-01 4.761427374234163956e-01 4.665162126639338935e-01 4.576352083024565198e-01 4.653500891943979090e-01 4.581593401011492261e-01 4.585012958396033622e-01 4.527452279160796844e-01 4.502873684534591248e-01 4.600780985696769076e-01 4.668362738626196662e-01 4.624435659310324187e-01 4.544778552924487180e-01 4.506152365532746229e-01 4.531875207855997068e-01 4.508530095243545310e-01 4.568631385491901953e-01 4.470078643856498779e-01 4.679349022556477111e-01 4.653817741987784085e-01 4.584106191006959707e-01 4.553814493018599752e-01 4.588810113999339246e-01 4.647106760786983148e-01 4.643554431634631108e-01 4.587871743623352927e-01 4.633927745274801779e-01 4.671363127539387428e-01 4.653946658341656106e-01 4.671796483873807970e-01 4.653004917659825934e-01 4.672434207246295435e-01 4.652706754130619404e-01 4.612989941796383775e-01 4.632720227333341212e-01 4.618699587272079299e-01 4.597938288219439174e-01 4.607845601501264765e-01 4.573413255644294684e-01 4.577634361508379768e-01 4.588259780697497847e-01 4.624400316614978856e-01 4.615906314801958565e-01 4.612876685004164701e-01 4.631971076312494384e-01 4.573707418393214708e-01 4.572394098822922248e-01 4.591472680134414674e-01 4.606406653759086423e-01 4.544245685023061698e-01 4.611076528244934525e-01 4.625924238637904584e-01 4.606315832952191935e-01 4.560976999577185942e-01 4.591320731466994043e-01 4.654291990035855364e-01 4.610032444754125214e-01 4.640805845166805499e-01 4.581056502446341216e-01 4.639600787141406890e-01 4.600642183736240454e-01 4.627896805407882841e-01 4.646703094303895609e-01 4.671133767725042518e-01 4.612128858611878601e-01 4.604282147552506421e-01 4.584087642406111107e-01 4.577204754747614679e-01 4.561251832236741799e-01 4.528774552525368091e-01 4.620230809224724067e-01 4.591650797920230898e-01 4.642542211249238715e-01 4.608426570636942610e-01 4.646738284725548396e-01
1.583994660120262646e-02 1.173584765172478867e-01 1.964994739406205893e-01 4.039662971124258761e-01 2.681436165703458552e-01 1.000000000000000000e+00 5.121994227566500912e-01 4.800146715181745627e-01 5.120437696686620521e-01 4.820800326946778624e-01 5.230130075588492744e-01 5.639374584892101749e-01 5.272804272081589305e-01 5.182594508638235231e-01 5.757067578382428774e-01 5.702460090820953287e-01 5.287280506457578966e-01 5.405178207939056456e-01 5.477114980396161625e-01 4.918388947572673864e-01 5.350265246606388247e-01 5.430448165787087333e-01 5.258827101844253393e-01 5.437302695263653840e-01 5.371875899314190184e-01 5.692332047327692823e-01 5.515494022772888805e-01 5.637657203876788037e-01 5.643633848574390877e-01 5.827524673005458622e-01 5.871559482455356305e-01 5.741189032997779940e-01 5.277754314232862010e-01 5.596568120928030465e-01 5.570111110128519449e-01 5.580294032621163636e-01 5.665395443050589286e-01 5.728366497551945491e-01 5.809563191240161295e-01 5.549600151825996308e-01 5.828004811280336206e-01 5.783840559077274568e-01 5.741153084024537279e-01 5.868726243355281147e-01 5.823558980194685208e-01 5.796997279328389707e-01 5.866236535690920739e-01 5.885497566851281004e-01 5.821724036157458482e-01 5.622162805901288474e-01 5.809223896337548654e-01 5.604925202163190123e-01 5.750429470450951763e-01 5.813245649484862776e-01 5.758663300021216180e-01 5.839980885193115645e-01 5.729624192767753810e-01 5.846265005630287837e-01 5.816010684948944576e-01 5.874616848320232121e-01 5.840377413617827695e-01 5.839616084483671976e-01 5.735984530578307483e-01 5.854136559038907173e-01 5.816413836037076512e-01 5.841082194432236641e-01 5.898931717790801832e-01 5.889573330221922198e-01 5.910246577800150058e-01 5.914142530877759540e-01 5.843070376821760670e-01 5.910563660539479569e-01 5.854334208145994811e-01 5.837129640064248060e-01 5.897112436180617090e-01 5.911456646023898198e-01 5.872465124617129995e-01 5.853363121472451303e-01 5.897936990946675007e-01 5.884931780200516327e-01 5.884299986390075787e-01 5.910353814689417451e-01 5.908551035849354260e-01 5.881298475230501976e-01 5.814979625006105879e-01 5.849696707903820903e-01 5.862769435505134075e-01 5.881444952417133054e-01 5.890731330971702429e-01 5.883283527543731184e-01 5.862707885676273767e-01 5.896066514681601589e-01 5.884014073640807529e-01 5.884107100229194476e-01 5.900582627431713023e-01 5.892316286295957717e-01 5.818792104023350342e-01 5.829820346290970345e-01 5.877512358502783307e-01 5.847726073372403466e-01 5.887068289536698806e-01 5.863209118385565022e-01 5.892644328471742243e-01 5.902633910793065875e-01 5.872568951231597056e-01 5.851097396825397645e-01 5.889450408116995161e-01 5.892818193424316231e-01 5.896472227148592538e-01 5.888674439010053163e-01 5.879188128008097092e-01 5.899819938137192965e-01 5.894696530826899483e-01 5.896594073808273384e-01 5.867739263197651045e-01 5.885680044752549245e-01
-6.378172171720361550e-03 1.623220445011256119e-01 3.189511793931830708e-01 5.535886340997703270e-01 4.425948361739452941e-01 5.121994227566500912e-01 1.000000000000000000e+00 6.973087785323353049e-01 7.082296626311486154e-01 6.794064321148719499e-01 7.375097922297408903e-01 7.973428581637750368e-01 7.360472622501847972e-01 7.504714332159471146e-01 8.299222753040109701e-01 8.078997913808231290e-01 7.509150963087759534e-01 7.865130507991162645e-01 7.975821668554542443e-01 7.224833796871217295e-01 7.738051133544974203e-01 8.038946013915898581e-01 7.760783437978220345e-01 7.764959680217730087e-01 7.956164012347712866e-01 8.084454522255063447e-01 7.859103522789743224e-01 8.307997314294117697e-01 8.222335510518756774e-01 8.288979331750102597e-01 8.317135153811869852e-01 8.164011759306680771e-01 7.890815350286088936e-01 7.988361155954258885e-01 8.079297590719873856e-01 7.999017687484639705e-01 8.203621064491567472e-01 8.293894652523613464e-01 8.341286341601957810e-01 8.142636476363842579e-01 8.259994737218709915e-01 8.346331209976696197e-01 8.268272724394154505e-01 8.379153038211769600e-01 8.340296678823745369e-01 8.373839756385619282e-01 8.300382036929734308e-01 8.320542058722275591e-01 8.301137594036759326e-01 8.133114095410008959e-01 8.290762897405044018e-01 8.104084696515023722e-01 8.214718266155355275e-01 8.279455281195285954e-01 8.251180268482171121e-01 8.305952664801873331e-01 8.174778767542597580e-01 8.324413945703271756e-01 8.265384126296362322e-01 8.319623333243927332e-01 8.333473428505950853e-01 8.335073973396295299e-01 8.281863519831694775e-01 8.285191960058718719e-01 8.185288175218319306e-01 8.249743592906070289e-01 8.333644212270693297e-01 8.394946733210225664e-01 8.424058907228303417e-01 8.438932927040537768e-01 8.409573001800568770e-01 8.400909124331266131e-01 8.372794070455396032e-01 8.394037779715990411e-01 8.387140989214365572e-01 8.378515598449240986e-01 8.434781909818800383e-01 8.419471098110459240e-01 8.431594808538793728e-01 8.351202894171071422e-01 8.363464352700425986e-01 8.380021288959833559e-01 8.366163712342147285e-01 8.405477415145685693e-01 8.335461453163918177e-01 8.320097134613300138e-01 8.364729074275102372e-01 8.369322973917019404e-01 8.411721225768462595e-01 8.349430627653675607e-01 8.383041806381126282e-01 8.387995166903945421e-01 8.396309410511437754e-01 8.412487948191398335e-01 8.331764832791364039e-01 8.379499164118222598e-01 8.319837026517253875e-01 8.276596287506006178e-01 8.355821857446746881e-01 8.342024650169953537e-01 8.374226792738638236e-01 8.320217464549571895e-01 8.331196633721297262e-01 8.379088266518640582e-01 8.344712116072917629e-01 8.284833552471954077e-01 8.364174624011165848e-01 8.363257840778907104e-01 8.361270504475034615e-01 8.319266915054135403e-01 8.332215877310903407e-01 8.360837028514522817e-01 8.361817340985633340e-01 8.339828132722841847e-01 8.303814684768621168e-01 8.317453694263977626e-01
3.776285223876193337e-02 1.217854405377849364e-01 2.879711751914444950e-01 5.365486974698725486e-01 4.047395842101654817e-01 4.800146715181745627e-01 6.973087785323353049e-01 1.000000000000000000e+00 6.785765642361950567e-01 6.440511990797889164e-01 7.020534940180066519e-01 7.650469077251335070e-01 7.059202209176583809e-01 7.182164766544578693e-01 7.827781692690745086e-01 7.764069508852661228e-01 7.110299466443643635e-01 7.348052592329751276e-01 7.508945720157084169e-01 6.779995060024149867e-01 7.442199476335026320e-01 7.568684504013781789e-01 7.031750071495432852e-01 7.084793397795043912e-01 7.361599832545874245e-01 7.582199189756771984e-01 7.518968987251429814e-01 7.605057094916185534e-01 7.820925826831671701e-01 7.870622343292662526e-01 7.910512305823925727e-01 7.648522937777092467e-01 7.244966388789597644e-01 7.576003010002363425e-01 7.665220129920101710e-01 7.711856422888373475e-01 7.757745563779459008e-01 7.791860513679192968e-01 7.905110210835954998e-01 7.524428865730020677e-01 7.816614525492640020e-01 7.920040120439006959e-01 7.836079126530897110e-01 7.967560370517502433e-01 7.865244906727745233e-01 7.935359528035186294e-01 7.920349661763157467e-01 7.950211242409488399e-01 7.882943455396990151e-01 7.691014345687492426e-01 7.886687485087893190e-01 7.715732838364376400e-01 7.777351789138323701e-01 7.881508428395642696e-01 7.804803142454301845e-01 7.782082087578943153e-01 7.813102360310011374e-01 7.946233851913835355e-01 7.855327435806607195e-01 7.990762647478980574e-01 7.985812881880075542e-01 7.951785112992295623e-01 7.901398987662919815e-01 7.958086351854248841e-01 7.923348890130917921e-01 7.908963914808749829e-01 7.964349872175834344e-01 7.994460510723927493e-01 7.979223547878639966e-01 7.988194283051569533e-01 7.988121354894743842e-01 7.993225603435288873e-01 7.846176911514635144e-01 7.916913213617255973e-01 7.939110773529239884e-01 7.965829526419422324e-01 7.952850164278832956e-01 8.003281238003145948e-01 7.991692884674682640e-01 7.962060646019122334e-01 7.969080392492150500e-01 7.987193045802477576e-01 7.977976091987122320e-01 7.978262015529614670e-01 7.881070406478283275e-01 7.928768606627834004e-01 7.961436045170702247e-01 7.932985645220789195e-01 7.972240978256607269e-01 7.912344573485019517e-01 7.859415458911921393e-01 7.968959469285437081e-01 7.967789644462538456e-01 7.980588044357165289e-01 7.956739538698918146e-01 7.980748837278178742e-01 7.893756398186970724e-01 7.912660708217974515e-01 7.959542195730157088e-01 7.920010654457563248e-01 7.975773188347723419e-01 7.954273046390227808e-01 7.952059699378064561e-01 8.010182984566802666e-01 7.981172552849559176e-01 7.924633554082398668e-01 7.956720119889049148e-01 7.974723986710352541e-01 7.942761969759327689e-01 7.966162719881919596e-01 7.957979509710255694e-01 8.002127716083411446e-01 7.988542326451761877e-01 8.027948242791447253e-01 7.978942575091659828e-01 7.956103075330366314e-01
7.613680225351655839e-02 1.690376308178947184e-01 3.033229161201475010e-01 5.613146962586980093e-01 4.068879681537041493e-01 5.120437696686620521e-01 7.082296626311486154e-01 6.785765642361950567e-01 1.000000000000000000e+00 7.242174198128973339e-01 7.589577755302012729e-01 8.228113799550751395e-01 7.632962575900692492e-01 7.535048299341812195e-01 8.298004979707721551e-01 8.161300991555489048e-01 8.133292458266362379e-01 7.683048011171720315e-01 7.795517771177791211e-01 7.011956286779597036e-01 7.611720711869780498e-01 7.760540954903228927e-01 7.512210851894874919e-01 7.375099407672890406e-01 7.511694634389679548e-01 8.317892304156011551e-01 8.142550600951260487e-01 8.119650774687818817e-01 8.086146107838052544e-01 8.449364548431272937e-01 8.485477418548980078e-01 8.231289080237581546e-01 7.626320985788124229e-01 8.033686493443621401e-01 8.111926878920742157e-01 8.154696439747217696e-01 8.292175822641035809e-01 8.331028502354416165e-01 8.307643259718734408e-01 7.969557481153326517e-01 8.484365984338319011e-01 8.386954241448962843e-01 8.220589727124547608e-01 8.438600484387510647e-01 8.397503397040089190e-01 8.268492422196209723e-01 8.562897651241999641e-01 8.545744966139927623e-01 8.539547610688441592e-01 8.302701124994774640e-01 8.514226962114699315e-01 8.354083516821404487e-01 8.479495772735428094e-01 8.540102605490412779e-01 8.381316149022289830e-01 8.398581610907757122e-01 8.557383286089073060e-01 8.443428068379843499e-01 8.391327976565026159e-01 8.613138893735605706e-01 8.596928205811332768e-01 8.574669108375708726e-01 8.459065226566403473e-01 8.629776458190753230e-01 8.675132128039143575e-01 8.637650026273888670e-01 8.572230743599472680e-01 8.517582173335336293e-01 8.507398928839571273e-01 8.474383250686572389e-01 8.461431962543625174e-01 8.511223800857465882e-01 8.323437377406948112e-01 8.380183076229508199e-01 8.550775720429328874e-01 8.551086633070940080e-01 8.485347319979369418e-01 8.483086594673704406e-01 8.483555753013216627e-01 8.563321888164447948e-01 8.529725401734048473e-01 8.559753929578737264e-01 8.554981599625796074e-01 8.463557487812736202e-01 8.381313137386052770e-01 8.466027528117801015e-01 8.507855356294540261e-01 8.434436449773098365e-01 8.492367138778240676e-01 8.481121281150836300e-01 8.403232317517042027e-01 8.519670890607605740e-01 8.525527815093139061e-01 8.509422105316557516e-01 8.546118596427644265e-01 8.565078731388354738e-01 8.399876516754134492e-01 8.543576247395395784e-01 8.536647376522898956e-01 8.447237621204976010e-01 8.461650721441548173e-01 8.520259827710802147e-01 8.572384978335209071e-01 8.546915459079544863e-01 8.573951485134623240e-01 8.536203687152358333e-01 8.580308604393916960e-01 8.559442375285718496e-01 8.532303129151486143e-01 8.597511000726323349e-01 8.491820599534788405e-01 8.597078187254731940e-01 8.560629609211104496e-01 8.594427904713382027e-01 8.635820288388882382e-01 8.629861522796618001e-01
2.622374246524030936e-02 1.545414818038926552e-01 2.567359308405645080e-01 5.150493617298984583e-01 3.551060324649970568e-01 4.820800326946778624e-01 6.794064321148719499e-01 6.440511990797889164e-01 7.242174198128973339e-01 1.000000000000000000e+00 7.070652773740505603e-01 7.769829903950227212e-01 7.019673615124282229e-01 7.224491615231724007e-01 7.937417302531636354e-01 7.672040392826335875e-01 7.298097680061440551e-01 7.250586487037444794e-01 7.465858673273724211e-01 6.428108823433733576e-01 6.976583872393813390e-01 7.335628623767810330e-01 7.256708668311142585e-01 7.198607365450532258e-01 7.265116944163590995e-01 7.770132230584168020e-01 7.664106731146161922e-01 7.712460095363656842e-01 7.621515364282984706e-01 7.999723430073901742e-01 8.069520726419106005e-01 7.873016669287564717e-01 7.298123247756849175e-01 7.619163410538729586e-01 7.694608355590428772e-01 7.650476858863213270e-01 7.884924720762749306e-01 7.935275407110521373e-01 7.989206488654613247e-01 7.673016119173948768e-01 8.031216037945414499e-01 8.022315773547786799e-01 7.811627069142250690e-01 8.047434134474604761e-01 7.987374409171024148e-01 7.931169244245411809e-01 8.126949601676071167e-01 8.170621660951008502e-01 8.081952196515422848e-01 7.769473010577785388e-01 8.015084639920628806e-01 7.695889173091212676e-01 7.940931995752221750e-01 8.140459336385890143e-01 8.064144462565447924e-01 8.027053456248319785e-01 7.989315462339651175e-01 8.078843705447791290e-01 8.124133442908754166e-01 8.121885565973696597e-01 8.085188858388715483e-01 8.148742140852249793e-01 8.059680528591736115e-01 8.109060311612239502e-01 7.996912123093086189e-01 8.065826484969902399e-01 8.134808355997195095e-01 8.136923974473865284e-01 8.134377015300949809e-01 8.056525173188392452e-01 8.029889618944318075e-01 8.100359357122325354e-01 8.008636000196930338e-01 8.023506484158806629e-01 8.128213044937165899e-01 8.113174607205282385e-01 8.082871769644345283e-01 8.061529566233837096e-01 8.116969911669377202e-01 8.166774210563220171e-01 8.154392824094982561e-01 8.174966253309792208e-01 8.104564584702891317e-01 8.083064228675547191e-01 8.033780730239306056e-01 8.076043058862852897e-01 8.125847501912970561e-01 8.090129337274487575e-01 8.118731931822619208e-01 8.077800952304990956e-01 8.073567815520030777e-01 8.126349409675539537e-01 8.122293359952056369e-01 8.135616398607172783e-01 8.151391502081115625e-01 8.180335933449011110e-01 7.973869045940235045e-01 8.015686866724075488e-01 8.094579404362450825e-01 8.043896888388546440e-01 8.059933041984354007e-01 8.088541979513999003e-01 8.104028425870585250e-01 8.123220078834116897e-01 8.063352196739894673e-01 8.050004942784286799e-01 8.150606653316898598e-01 8.156895808074049459e-01 8.146438331037315628e-01 8.170997365640747523e-01 8.146553376968594939e-01 8.164575884826724694e-01 8.156998165903305287e-01 8.122091550936066939e-01 8.082296283186228836e-01 8.107891475113228053e-01
1.583181316041040038e-02 1.634787519477299278e-01 3.111128388120137922e-01 5.492493667240138100e-01 4.004442018317297403e-01 5.230130075588492744e-01 7.375097922297408903e-01 7.020534940180066519e-01 7.589577755302012729e-01 7.070652773740505603e-01 1.000000000000000000e+00 8.375835491338885497e-01 7.569027498412954635e-01 7.680370092321241460e-01 8.429323049739360085e-01 8.180446607365237099e-01 7.879614641544552267e-01 7.909658144768908494e-01 8.023878602888852019e-01 7.066340227674833274e-01 7.816444941570104277e-01 8.050393266466558950e-01 7.749009936000513799e-01 7.725641961330278473e-01 7.886660216027151504e-01 8.340879968072276718e-01 8.204721832910675250e-01 8.227737793350891060e-01 8.121123664728868707e-01 8.505802995200960614e-01 8.624050794587628799e-01 8.456912630813848697e-01 7.918350002653221642e-01 8.249874702089806666e-01 8.303282326692914550e-01 8.179670416528213028e-01 8.396349508425046126e-01 8.580695179566721897e-01 8.519725520429226595e-01 8.236778743380214207e-01 8.593211917833412095e-01 8.546951225792318585e-01 8.339568503803030941e-01 8.618939084682417651e-01 8.541871712950599438e-01 8.523592902455434661e-01 8.656264484236404488e-01 8.672889681463278322e-01 8.627339047524618110e-01 8.438908931993346352e-01 8.608272419374652928e-01 8.322088864636932870e-01 8.454927601398735115e-01 8.637680388833014478e-01 8.551155752877122040e-01 8.584446512316972200e-01 8.522307350849893659e-01 8.578123603493001958e-01 8.607994555209204091e-01 8.665823513166845959e-01 8.622056772765342991e-01 8.669821486203809213e-01 8.590890522021648046e-01 8.645048203163127054e-01 8.536696629068111219e-01 8.592826395812027673e-01 8.662345968025001453e-01 8.684725249311333606e-01 8.680342105570030276e-01 8.665482468050499376e-01 8.660996963191395226e-01 8.672236339291206075e-01 8.597433601338250186e-01 8.596650289727428840e-01 8.675465935549014906e-01 8.688752024933544815e-01 8.625241365769215074e-01 8.614634846578450578e-01 8.628881843317979250e-01 8.672249176029924733e-01 8.647233952536658164e-01 8.699160486832991923e-01 8.650420229979425280e-01 8.635023832480830386e-01 8.598383298220073634e-01 8.631611272327398554e-01 8.640332077573510405e-01 8.642427155943455119e-01 8.666744782186709406e-01 8.645996931038015809e-01 8.596299144799719461e-01 8.669711419280964337e-01 8.655049976566643322e-01 8.679828657096310129e-01 8.682907352445169424e-01 8.698153144845587326e-01 8.553035144254860223e-01 8.566697249673778103e-01 8.630252902457277164e-01 8.621762771692950134e-01 8.630669514823625654e-01 8.630392817795426996e-01 8.634217172794723671e-01 8.664170220091939045e-01 8.628725929390641536e-01 8.598115687182498190e-01 8.675772746233711974e-01 8.681614789266267618e-01 8.658442162621649008e-01 8.688829647325843064e-01 8.662777879347414167e-01 8.692921132506803428e-01 8.682250169774712312e-01 8.670420948732948663e-01 8.634914368650473682e-01 8.647083515353932714e-01
2.609599070519666442e-02 1.535582200635502714e-01 3.188901695303484884e-01 6.223730991633338316e-01 4.393505548814954365e-01 5.639374584892101749e-01 7.973428581637750368e-01 7.650469077251335070e-01 8.228113799550751395e-01 7.769829903950227212e-01 8.375835491338885497e-01 1.000000000000000000e+00 8.253163140697762357e-01 8.459821448735491689e-01 9.221758395174430856e-01 9.039447390728562182e-01 8.485354702577994068e-01 8.597977370722390544e-01 8.744581239364570546e-01 7.795627176991796192e-01 8.481580265116164252e-01 8.736083082717612802e-01 8.336905153335150143e-01 8.391711927704801344e-01 8.513406157348814007e-01 9.088045798188957303e-01 8.947967960255028830e-01 9.027100961569072268e-01 8.965276664097799886e-01 9.314010743543119641e-01 9.401975591034563706e-01 9.114349023765716540e-01 8.586401428352470333e-01 8.994793895364520120e-01 9.028378316231788769e-01 9.039426256609538468e-01 9.182000526521416628e-01 9.290997166488703662e-01 9.302722459750637496e-01 8.978933521603876811e-01 9.337232662466615762e-01 9.351556000674913216e-01 9.203611083189033870e-01 9.408809040054124662e-01 9.301192989754247797e-01 9.287874396635550367e-01 9.446807825538494630e-01 9.444393795099620403e-01 9.396211742568804093e-01 9.172502577692186465e-01 9.387188505281411910e-01 9.139256017385570807e-01 9.290094061490643540e-01 9.410232569508680811e-01 9.314723291568411945e-01 9.345611994115430310e-01 9.325283471769855170e-01 9.396338590877857389e-01 9.374025349536899698e-01 9.465004690299761991e-01 9.447523781243669649e-01 9.453964273987861544e-01 9.390353977992157430e-01 9.440775654278854567e-01 9.363666980018841013e-01 9.383690421398821480e-01 9.455694282590512145e-01 9.453120541109122366e-01 9.448614939478849895e-01 9.423417864696534973e-01 9.409535892853608807e-01 9.436211402605109155e-01 9.328827679090887504e-01 9.339363466616537046e-01 9.450064296521466511e-01 9.449956283552923830e-01 9.425183389988299743e-01 9.417348206971259961e-01 9.431559435582441697e-01 9.471439457748999091e-01 9.442906438212446130e-01 9.474500594945131082e-01 9.453281548817410451e-01 9.433438715261123209e-01 9.352271053741973983e-01 9.426006972635855297e-01 9.437332350815448301e-01 9.410633445613789672e-01 9.443028225974837708e-01 9.421928087681072927e-01 9.370709034004145455e-01 9.459451986756789443e-01 9.458623028143928746e-01 9.459303714038344024e-01 9.461196995453312608e-01 9.474682602061151870e-01 9.350308037794266003e-01 9.367793867649746309e-01 9.440337726743563973e-01 9.390591633054282683e-01 9.434050858036149290e-01 9.433164478498499150e-01 9.445087952137648513e-01 9.475841603363431842e-01 9.456124047074987438e-01 9.401755731107317438e-01 9.465296922498521726e-01 9.473423700723354601e-01 9.467116118109059064e-01 9.463860828298794603e-01 9.446992793959577694e-01 9.489934548109431045e-01 9.480829135540980168e-01 9.480579446205927852e-01 9.459269248796950968e-01 9.456092796930403166e-01
3.110474905060538892e-02 1.448835449680356269e-01 3.060128311056418693e-01 5.516858190935339801e-01 4.079728253923982084e-01 5.272804272081589305e-01 7.360472622501847972e-01 7.059202209176583809e-01 7.632962575900692492e-01 7.019673615124282229e-01 7.569027498412954635e-01 8.253163140697762357e-01 1.000000000000000000e+00 7.683411449646082581e-01 8.419826412694623174e-01 8.343503639877662970e-01 7.816268127678456246e-01 7.889440719049171102e-01 8.021358852600117828e-01 7.026333496173498006e-01 7.738381068463533463e-01 7.921762581136847503e-01 7.709369173919708995e-01 7.650122514252102324e-01 7.789344540012803630e-01 8.367527354545080120e-01 8.142305463342399685e-01 8.156346383414238010e-01 8.200238929057691584e-01 8.556461488921073277e-01 8.581541176506759516e-01 8.297614768398345886e-01 7.750377329383234537e-01 8.155544536426341251e-01 8.245627684481208197e-01 8.274099847655804751e-01 8.393930792225390292e-01 8.416513539561388813e-01 8.492337324758889583e-01 8.124779597712998847e-01 8.561773997734138941e-01 8.522774156630181785e-01 8.361398755692215357e-01 8.595857977817553675e-01 8.520412049728397497e-01 8.461469574551029327e-01 8.663359241698161961e-01 8.666520518585839605e-01 8.598865256034144977e-01 8.353348192509457704e-01 8.574254800671762267e-01 8.451608005687096803e-01 8.557827661692104515e-01 8.653857093337418149e-01 8.542831639679281386e-01 8.532702901159893161e-01 8.555535791254080813e-01 8.612483031223256980e-01 8.564302631273115196e-01 8.726946840656448767e-01 8.679851438375141282e-01 8.677207030995012227e-01 8.601642040019480406e-01 8.637575498609683100e-01 8.606555325200646589e-01 8.662012087110553260e-01 8.669447543018463653e-01 8.660618524370752302e-01 8.640221246824817403e-01 8.607563653348544452e-01 8.576715077741572379e-01 8.632034948745609393e-01 8.525374701617005613e-01 8.546091647359496113e-01 8.656379169754679914e-01 8.632299552242578278e-01 8.591622864416149641e-01 8.611910848706293420e-01 8.613586578582623776e-01 8.677784292771689723e-01 8.668069491103502777e-01 8.675611991192420103e-01 8.655076435794532008e-01 8.591863815643785429e-01 8.524619352463786992e-01 8.611990940006629680e-01 8.650609679373193472e-01 8.567122017328502315e-01 8.634472832612311022e-01 8.615466940472237267e-01 8.533465070466205171e-01 8.654906424552707422e-01 8.653299036963808533e-01 8.647655979450674657e-01 8.666167816072609664e-01 8.686320874460947694e-01 8.523246293401107732e-01 8.593168642423142378e-01 8.644348146527059962e-01 8.577788274944662117e-01 8.608548860647974310e-01 8.630536052317180351e-01 8.672036830428635490e-01 8.686956493405919577e-01 8.678328499592721235e-01 8.624424568825066473e-01 8.671744291170824237e-01 8.687363760311397343e-01 8.664759976106612971e-01 8.681734722552612027e-01 8.643858862366702311e-01 8.715156230180560737e-01 8.689654639416511950e-01 8.683096456972593247e-01 8.698873390900663249e-01 8.707655122781002843e-01
