1.000000000000000000e+00 2.800704767155743347e-01 1.080578422670384481e-01 -1.174971401561416690e-01 -2.609991836998833137e-02 9.913402477513413857e-02 5.416276868891908847e-02 4.401047126462018927e-02 2.544563030469852438e-01 1.610300376439266490e-01 9.619587518908924439e-02 -4.208465859720950802e-02 5.050060773431395283e-02 1.495048800666170380e-02 2.277488827953556144e-02 4.230323563626620792e-02 2.392467966913906785e-01 3.823784357649047116e-01 2.812016589517073450e-01 3.400651101387625053e-01 3.494493055485360378e-01 2.293303225685032198e-01 3.516210756241404112e-01 3.538690925895707218e-01 2.459572658937397016e-01 2.171850585225073293e-01 1.529164611662059414e-01 1.902642102936236146e-01 2.630663551536403522e-01 2.557402890343704605e-01 1.733159819088313791e-01 2.303586014703515594e-01 2.003312722376652533e-01 2.398794291497872988e-01 2.676849208747151820e-01 1.142376045030166903e-01 1.974426365653348114e-01 1.076832335103755367e-01 1.372981343180565139e-01 3.671173677675066555e-02 5.323162449622551029e-02 1.548844314089412033e-02 1.187691194893797202e-02 2.746330582541482712e-02 3.962665566380914328e-02 5.083959900640354357e-02 2.468973649192413109e-03 5.710631815149891377e-02 7.771948370087333746e-02 9.403646395107066736e-02 7.565773305389311698e-02 7.949565136011822047e-03 -7.211809508966678280e-03 1.324396491879961391e-01 1.555718150252079213e-01 1.370815814651085152e-01 1.130869070425726680e-01 2.250196430690727320e-02 9.115077319203432338e-02 6.087274359380533822e-02 1.365355163561013212e-02 6.072491255230860058e-02 7.473947487291300595e-02 7.145168177418732836e-02 9.339833662318451635e-02 9.726584524739215198e-02 6.919503228021051111e-02 1.375697532816372859e-01 1.436795161565026235e-01 1.704272156461357768e-01 1.142837008254664610e-01 9.126279218478119959e-02 1.544453781909732593e-01 1.292053323002383403e-01 7.573172484978325791e-02 6.839072312677198229e-02 3.635423169564528517e-02 1.214857265292513949e-01 6.843697985207213008e-02 1.141312649856361244e-01 1.094479143028558726e-01 7.912973695236442950e-02 1.008643954812306343e-01 1.231845178618964226e-01 6.138637010766260366e-02 9.641004815508358305e-02 5.988845668680042172e-02 5.709419316032734310e-02 5.675553878488033555e-02 6.289901188642660346e-02 1.349223594808264017e-02 9.597088759185272086e-03 6.301899034873183897e-03 1.659902906007477627e-02 1.329203146728990398e-02 3.890881320630068529e-02 -2.589964546936543519e-03 5.168309797748825429e-02 1.430618078995163356e-02 2.308975425151030963e-02 -1.730973674029983103e-02 2.769014168125675385e-02 7.570828713001900509e-04 -6.317055979571243804e-03 3.648665044523847351e-02 3.302095909287564718e-02 4.245252522157080821e-02 5.784164259938087693e-02 7.910633507481304449e-02 2.238049845476645233e-02 1.923341691369995915e-02 2.733696765667702894e-02 3.265405312165634705e-02 3.085846614390198167e-02 5.968065976367958186e-02 5.036524601866744499e-02
2.800704767155743347e-01 1.000000000000000000e+00 2.427048676710320818e-02 -8.775469895524752595e-02 1.646319086855586866e-02 7.443312219009719233e-02 7.013867340131367534e-02 4.583417564295969721e-02 2.500408046225842118e-01 2.262318793997159794e-01 1.047838735016095035e-01 3.572643199791965263e-02 8.778278345608690747e-02 1.011840559205409024e-01 9.848977608114009574e-02 1.208047001352523658e-01 2.332746911877614515e-01 2.252079734591676818e-01 1.209908962804416982e-01 1.912254988186009308e-01 1.610441197916115397e-01 6.225001962197738992e-02 2.468928821398000684e-01 1.986596713120913904e-01 8.906511126994318128e-02 1.658726455911273545e-01 1.079952190968540976e-01 1.287694184198095171e-01 1.830789306216087653e-01 1.775754032627298029e-01 1.492795901535669822e-01 2.244211296700649172e-01 1.614576210808590095e-01 1.988379274266953989e-01 2.068855541905719186e-01 1.067655419416074641e-01 1.551507287256084500e-01 1.539304125992857486e-01 1.536818703091592242e-01 6.848992774703260844e-02 1.138912236298798564e-01 9.930902057487250856e-02 5.976530268815701680e-02 9.185084858879825898e-02 8.692931696898047178e-02 1.117479897737054390e-01 1.292080136279874503e-01 1.726748139143388927e-01 1.593992873788100950e-01 1.323613847458794401e-01 1.487607345582536433e-01 3.520691159100480111e-02 8.318119979896283767e-02 2.021329587769020442e-01 1.842805094211447392e-01 1.872467704158121971e-01 1.715399169970996118e-01 1.339401833651036600e-01 1.705170738906701677e-01 1.600857464476360958e-01 1.106389212747594525e-01 1.547034873955754342e-01 1.559660671558141254e-01 1.510680026073517312e-01 1.474655442133396832e-01 1.689473365651912584e-01 1.710025279430950063e-01 1.767622679580124756e-01 2.018674907099514693e-01 1.792184276430603407e-01 1.187242298852471678e-01 1.201036010957147737e-01 1.781988233314930059e-01 1.357772730011970186e-01 1.334781378279101260e-01 1.347666310490363839e-01 1.200308219568922280e-01 1.640030669743534897e-01 1.296279294152188344e-01 1.720592823260604087e-01 1.593905543675180614e-01 1.459495681266887446e-01 1.781874459300699098e-01 1.714972827331855132e-01 1.328967818367832732e-01 1.611213597033620548e-01 1.298192740003335510e-01 1.501163746098157226e-01 1.389379558660625014e-01 1.486524301530035841e-01 1.041385786138390168e-01 1.185738338482403703e-01 1.078650556840615310e-01 1.114947049096031290e-01 1.324301667337380028e-01 1.516825894386735762e-01 8.837505988694016601e-02 1.413001975646817343e-01 1.160959524534044274e-01 1.257302524696439217e-01 8.843806053452371585e-02 1.284586766865125074e-01 1.048337589485688476e-01 1.078804851658753533e-01 1.195981284905276720e-01 1.388549719670375826e-01 1.489370287007364124e-01 1.643466942528341024e-01 1.664462964855627225e-01 1.385978445327739894e-01 1.320653764286754961e-01 1.433742831143537955e-01 1.405708734385840708e-01 1.391171914565190182e-01 1.495603485359836005e-01 1.579664106894156372e-01
1.080578422670384481e-01 2.427048676710320818e-02 1.000000000000000000e+00 3.676752998254736449e-01 1.780509314858726988e-01 2.346172867378576443e-01 3.156053911172804205e-01 2.967304311355126178e-01 2.752047507696294693e-01 2.432833767886175003e-01 3.105265926494854001e-01 3.352274227272959983e-01 2.934628386136752254e-01 2.253921574959010798e-01 3.018814549453681662e-01 3.156673403983854542e-01 2.715903333094673577e-01 2.844454947744772810e-01 3.306399217516913236e-01 2.995026004028007449e-01 3.475120863490113732e-01 3.431994457724937275e-01 3.121231270475847142e-01 3.052596912216027358e-01 3.342299545211335210e-01 3.315628540237938182e-01 3.622893233315785944e-01 3.484343430162314403e-01 3.080531416162500258e-01 3.257824327834172307e-01 3.480197396323263526e-01 3.213859007466297046e-01 2.720866408282229809e-01 3.072080196327015011e-01 2.869844630892793291e-01 3.509820731219374101e-01 3.504096817737251679e-01 3.109145002890386644e-01 3.281917492320367558e-01 3.253616554243109471e-01 3.173151076727595554e-01 3.180641294849229639e-01 3.318526249757067226e-01 3.271438227831683365e-01 3.400009414633193283e-01 3.016033030467653031e-01 2.804847003092889035e-01 2.707489882105137968e-01 2.996393735613535614e-01 3.144442645601342456e-01 3.160979500367613326e-01 3.300966130681395883e-01 2.921865294017380599e-01 2.835806217942131724e-01 2.916554690418983742e-01 2.931934501730472098e-01 2.817704244324012453e-01 3.117770746756018396e-01 2.905671772848480439e-01 2.878932129380075700e-01 3.018214881533393124e-01 2.831558629525304793e-01 2.717695087526638686e-01 3.009741385167193362e-01 3.081467886102842169e-01 2.830673626727215342e-01 2.843314896286997517e-01 3.117798471658721482e-01 3.002356012015130471e-01 3.215582700663651705e-01 3.415866766490237016e-01 3.207415275334821181e-01 3.101480457619351094e-01 3.309377835486376207e-01 3.129208652215954567e-01 3.107863089040567295e-01 2.887466615948654503e-01 3.095299552303680812e-01 3.055220689968043968e-01 3.036861917424261703e-01 3.071872216824732549e-01 3.045810445163593116e-01 3.011126526675179105e-01 2.960718942900383288e-01 2.915533289538383421e-01 2.966783721103285476e-01 3.056890168022808330e-01 2.894669033192788787e-01 2.943978299822917477e-01 3.058168077655674111e-01 3.022630853265413364e-01 2.904279007602119100e-01 2.977936716135809458e-01 3.015425509075158605e-01 2.737511604639731311e-01 2.780110359116473306e-01 2.974177619576875986e-01 2.943419230443369283e-01 2.869074902710141428e-01 2.908893106127193873e-01 2.952741788362046038e-01 2.874943765375296278e-01 2.910501299908129225e-01 2.925520151950312675e-01 3.040607805981276335e-01 2.835926679718964727e-01 2.784624509690767358e-01 2.800592819309408732e-01 2.849735780025611787e-01 2.827855341289606805e-01 2.847439713047903442e-01 2.746583356402215181e-01 2.827704871680197241e-01 2.859850071273062899e-01 2.978433136773002698e-01 2.769659969777358843e-01
-1.174971401561416690e-01 -8.775469895524752595e-02 3.676752998254736449e-01 1.000000000000000000e+00 2.770052203771197208e-01 2.438945446414512164e-01 4.456932543273149361e-01 4.158274637036454280e-01 2.675560619670526163e-01 2.430465892563045960e-01 3.842269229686576804e-01 5.337353672003078975e-01 3.936201375368737487e-01 3.325334296066313478e-01 4.258453653296598307e-01 4.324827096166857787e-01 2.760254138209956021e-01 1.788570656692710925e-01 2.936754858136543245e-01 2.523827143366045855e-01 2.666190535095389613e-01 3.431319944517542964e-01 2.618220145296185630e-01 2.146844056291565828e-01 3.057841460475729800e-01 3.655234332797248631e-01 4.420037646423202737e-01 4.010070787223262156e-01 3.217479462632120146e-01 3.370291238165326053e-01 4.216993073729222719e-01 3.427558452953257673e-01 2.713133809653645589e-01 2.691011686422568050e-01 2.347944455951554710e-01 3.994322605444016738e-01 3.786315479039959464e-01 3.676765982001914401e-01 3.733486088145040460e-01 4.702053794327105685e-01 4.332532798184918210e-01 4.492443907598820396e-01 4.654998615007922003e-01 4.698670812615118320e-01 4.694496497279126990e-01 4.172918120647352569e-01 4.051230544894679486e-01 3.697140818914071425e-01 3.804120986173959995e-01 3.843735210054307072e-01 3.987178242570993403e-01 4.744432352800482811e-01 4.596038346627752125e-01 3.375706733546663396e-01 3.225466709963508705e-01 3.489266528104513210e-01 3.473055291374381737e-01 4.227312615029701903e-01 3.577178300895006990e-01 4.012115565348942092e-01 4.296713914697313230e-01 3.735224218964001142e-01 3.513995217410729732e-01 4.005302565258437308e-01 3.925179275285345937e-01 3.726459984017168048e-01 3.773149185739321232e-01 3.631289033593525506e-01 3.575964108483752901e-01 3.644396486660873014e-01 4.183244492964451333e-01 4.033186990136840566e-01 3.532003233300198830e-01 3.863456484292387971e-01 4.167887069162447555e-01 4.143604408957417551e-01 4.154304557979198731e-01 3.875743191515768626e-01 4.172152144505643090e-01 3.702443401505131626e-01 3.796415546157563825e-01 4.079532371944046831e-01 3.824006204930612274e-01 3.452691899004686760e-01 3.785210898190673467e-01 3.629520817178296666e-01 4.094099572120120101e-01 3.879892727420240495e-01 3.936643005104731863e-01 4.079949432655722297e-01 4.340478747346415145e-01 4.186868594066506244e-01 4.318367282278841035e-01 4.361366785939870816e-01 3.903087859252996061e-01 3.846356170463211543e-01 4.319263432674889103e-01 3.935937337798185998e-01 4.023654037140720896e-01 4.057357104685268556e-01 4.398126691214452877e-01 3.995273921188997601e-01 4.376242681198884155e-01 4.288603855871267467e-01 4.189154110823435362e-01 3.898995520842329920e-01 3.858631684661097960e-01 3.733092372792705116e-01 3.684322787812548960e-01 4.037289366252508338e-01 3.996128367729955833e-01 3.936121049980377817e-01 3.902154524806164537e-01 4.005516666320265151e-01 3.984853228245602286e-01 3.874507593449724174e-01
-2.609991836998833137e-02 1.646319086855586866e-02 1.780509314858726988e-01 2.770052203771197208e-01 1.000000000000000000e+00 2.663078493057127738e-01 3.809389273595445435e-01 4.034413388720129445e-01 3.089980389548903084e-01 2.949640523755581722e-01 3.476735031223038841e-01 4.124300373669052555e-01 3.785845338142446725e-01 3.387445679141728450e-01 4.467563725870355995e-01 4.183200772048472627e-01 2.800606733506894597e-01 1.703281631655901296e-01 2.423827305588061864e-01 2.064083204176859754e-01 1.577123309575307053e-01 2.910712124228208020e-01 2.681651524673897558e-01 2.011220800512588391e-01 2.629187557855038326e-01 3.613150488935150118e-01 4.065120244130770999e-01 4.076359321730106955e-01 3.190836459523341828e-01 3.390287532119967695e-01 3.904965160581626016e-01 3.537963408883636474e-01 3.276609360410384086e-01 2.969890463168771699e-01 2.802116188451894141e-01 3.747605361565439774e-01 3.754447088976951008e-01 3.967732559762147115e-01 3.932127025175051749e-01 4.294621444331497284e-01 4.419880983120027529e-01 4.444133396220396603e-01 4.362949020253091836e-01 4.471472285815338843e-01 4.349323665757590662e-01 4.237406276750826373e-01 4.231846821597308739e-01 4.079616025038100835e-01 4.065705271691570921e-01 3.809415850009221782e-01 4.098858134080946569e-01 4.205329623386426241e-01 4.312053789279165494e-01 3.853246692634855197e-01 3.733887846201301430e-01 3.894185289245918336e-01 3.601961126207387509e-01 4.275580540964991627e-01 3.937252845865242823e-01 4.049954901042685518e-01 4.238617852004523123e-01 3.974952610273262410e-01 3.830902285486988967e-01 4.066459611471174296e-01 3.950405011381402098e-01 3.806429648852897030e-01 4.056248320356638515e-01 3.716926316062007518e-01 3.743201310591038888e-01 3.635078341251818390e-01 3.880512525465328877e-01 4.060196885427342917e-01 3.631796881581101921e-01 3.790028454856878004e-01 4.214278292603721443e-01 4.174032380822185195e-01 4.259325061382922550e-01 3.926265365703406895e-01 4.204127470252119192e-01 3.907574151771961990e-01 4.061607077135580557e-01 4.154561746051997906e-01 3.976000669345329808e-01 3.794438902775726374e-01 3.975352174826395357e-01 3.858305683103575578e-01 4.165286251403858553e-01 4.164809812374585807e-01 4.153760532410740169e-01 4.189328111562722334e-01 4.320476033913959180e-01 4.337367175861618351e-01 4.296378338974090050e-01 4.428764123032394306e-01 4.228101701357665498e-01 4.181712740581583487e-01 4.297599986206602218e-01 4.022928048354226793e-01 4.251135984067388462e-01 4.278406965124222361e-01 4.416178727912578594e-01 4.210268378908206821e-01 4.363719783537359231e-01 4.419962760386539902e-01 4.211609411380248802e-01 4.069249807214485037e-01 4.150162391687033936e-01 4.114347993371095802e-01 4.060675106378617838e-01 4.266426762703247610e-01 4.271532041108299094e-01 4.187027942024543203e-01 4.174241042211888075e-01 4.213931989961233193e-01 4.083062815613758278e-01 4.064087156286311786e-01
9.913402477513413857e-02 7.443312219009719233e-02 2.346172867378576443e-01 2.438945446414512164e-01 2.663078493057127738e-01 1.000000000000000000e+00 4.246400398833245493e-01 4.120765245052226411e-01 4.493654485381676222e-01 4.350231809475869627e-01 4.414407539326914431e-01 4.462126581784071067e-01 4.531141886238442273e-01 4.450626902568016185e-01 4.849985973296729314e-01 4.716552022835818758e-01 4.367151290662671936e-01 3.969094496797619942e-01 4.287316084623362666e-01 3.710777434173920253e-01 3.749420765799391098e-01 4.289645910902177284e-01 4.477536972301144891e-01 4.207483518757804686e-01 4.381967408382337892e-01 4.992551380902575664e-01 5.033408515395847438e-01 5.170692821355500346e-01 4.764271800731093021e-01 4.758411578840343603e-01 5.015153182192434445e-01 5.044760393909781815e-01 4.380154206691032059e-01 4.763173169883849201e-01 4.495768983408044428e-01 4.905645622229858338e-01 5.044693120821385213e-01 4.905117877870155962e-01 5.110629736595121431e-01 4.784791843278808354e-01 5.200034642141437846e-01 5.043089669406101150e-01 5.095255854685307728e-01 5.129619541621376344e-01 5.067914723978875768e-01 5.018784624008832962e-01 5.028892343686952593e-01 5.095558247656493123e-01 5.208438384003463151e-01 4.996317816123405087e-01 4.997603782307752374e-01 4.929990467722442649e-01 5.023003765463885939e-01 5.211571620010005956e-01 5.229429845017002920e-01 5.156312536775198296e-01 5.028610417632582985e-01 5.116280906954804308e-01 5.043330931631819780e-01 5.158020993348512162e-01 5.130995652496924686e-01 5.118063543768591739e-01 5.016622696509314139e-01 5.089535473549572364e-01 5.084055526518860280e-01 5.115912575893509784e-01 5.167358031541209318e-01 5.207298738633868718e-01 5.189537758548887769e-01 5.163995272824517535e-01 5.206316613412302896e-01 5.158373129453817096e-01 5.164797769115190285e-01 5.179655400590547076e-01 5.205199054698284034e-01 5.148163581119566956e-01 5.008469217475000068e-01 5.160004161454682103e-01 5.123950282444602600e-01 5.098577499290969373e-01 5.178048740836281860e-01 5.127373191922381945e-01 5.206788255449809055e-01 5.062666580028811758e-01 5.125277704510614596e-01 5.129181172890806550e-01 5.092337812731463353e-01 5.141481356533659230e-01 5.148586663113733364e-01 5.156368766744794385e-01 5.018537542406256158e-01 5.103241350444800428e-01 5.052622654907018562e-01 5.130653889419229952e-01 5.080356140696496992e-01 5.143790533114557251e-01 5.070617994709787357e-01 5.121916544536824212e-01 5.127021192262930516e-01 5.104570542336520633e-01 5.063425787909493492e-01 5.148587566044057207e-01 5.077397069998974555e-01 5.119627656320112630e-01 5.169145159169727943e-01 5.144063398001355036e-01 5.144094837539839871e-01 5.145691231199240878e-01 5.197530995002087595e-01 5.134709938329617973e-01 5.095900960447661276e-01 5.122040903596438710e-01 5.182288779686591296e-01 5.156182348435733864e-01 5.152813895488352891e-01 5.157778386296409945e-01
5.416276868891908847e-02 7.013867340131367534e-02 3.156053911172804205e-01 4.456932543273149361e-01 3.809389273595445435e-01 4.246400398833245493e-01 1.000000000000000000e+00 6.252113328120045832e-01 6.001714254281358407e-01 5.555598970806886472e-01 6.464765227830528982e-01 7.025412416766200208e-01 6.536303882284068001e-01 6.355482518044427431e-01 7.722590367880129980e-01 7.216375839630383426e-01 6.190221993208674389e-01 5.216684603309338364e-01 6.003612180596278325e-01 4.936148778773959966e-01 5.029178896531855125e-01 6.343442214445158545e-01 6.084273222537329717e-01 5.879434695699068403e-01 6.280662659151783345e-01 7.246052547289638657e-01 7.363850598096877142e-01 7.470047801076722394e-01 6.783984766002149058e-01 6.909790741713859319e-01 7.364397018129460459e-01 7.079665602802047708e-01 6.818487889681227321e-01 6.691832731977312987e-01 6.472678708103074552e-01 7.174409773980071625e-01 7.298410521546241370e-01 7.221409952803543586e-01 7.389258511884478908e-01 7.693033120657399859e-01 7.594771697909521446e-01 7.642919410142569037e-01 7.650504047586129674e-01 7.725243924454200384e-01 7.723542647445555964e-01 7.581533014903720780e-01 7.348985422296114844e-01 7.243837454964296985e-01 7.285373520252687030e-01 7.128270311276080351e-01 7.383495011239457062e-01 7.546555858411229112e-01 7.447338774669655104e-01 7.063614582502615313e-01 7.014342531390970192e-01 7.181218210969132487e-01 7.000885998265435894e-01 7.334779991374532626e-01 7.183563172960730769e-01 7.303939102238922176e-01 7.513463095229860889e-01 7.162739622767815284e-01 7.105601631080833425e-01 7.232934401149975212e-01 7.412029030891004178e-01 7.146453751185010139e-01 7.313031627303897553e-01 7.424547191072686791e-01 7.316831180887811703e-01 7.218558003951516255e-01 7.503024958740173167e-01 7.499072283560482832e-01 7.371011868630469310e-01 7.482220142481100789e-01 7.682161078496572149e-01 7.603598242171519805e-01 7.697106962821733678e-01 7.484295540395451418e-01 7.703559561599137018e-01 7.354365280075374489e-01 7.473510263345154447e-01 7.515264280358038285e-01 7.416534843965281176e-01 7.364752127020072203e-01 7.380252225427306190e-01 7.367398692696434104e-01 7.535408300780439550e-01 7.518237687764026678e-01 7.556709181272857068e-01 7.544051115549591513e-01 7.725415860203459495e-01 7.609924997059845930e-01 7.572882625756837127e-01 7.665034235255290263e-01 7.352334456096645265e-01 7.354067052498073354e-01 7.504355234456120405e-01 7.230732596784060773e-01 7.427488035337134198e-01 7.534716482975477581e-01 7.613236510833046866e-01 7.398594771011289817e-01 7.508336496541544447e-01 7.500886796840537940e-01 7.572309391175331417e-01 7.270343315175447074e-01 7.314985559856082009e-01 7.327239857373409881e-01 7.306407060764924521e-01 7.423291356717536260e-01 7.421091204684399090e-01 7.312682473634294356e-01 7.325561041935113593e-01 7.357107909098777876e-01 7.439451690623739566e-01 7.252529885029364021e-01
4.401047126462018927e-02 4.583417564295969721e-02 2.967304311355126178e-01 4.158274637036454280e-01 4.034413388720129445e-01 4.120765245052226411e-01 6.252113328120045832e-01 1.000000000000000000e+00 5.786445229687818825e-01 5.359609593402913097e-01 6.082374935274669214e-01 6.639884087471754626e-01 6.189249548362864006e-01 6.102443826328018961e-01 7.130631944664852506e-01 7.160947843753856512e-01 5.502729112582787074e-01 4.455383846928885339e-01 5.365451133844540976e-01 4.312352956330386955e-01 4.477295176463014781e-01 5.793513359324131695e-01 5.398612614495229556e-01 4.930036697380473232e-01 5.589784912314270660e-01 6.768746472446652840e-01 6.998694363832492771e-01 7.027696129767818656e-01 6.237441173384032922e-01 6.389313505529792270e-01 6.874445748397738365e-01 6.538996563052359434e-01 6.061485732056405284e-01 6.093256660690455906e-01 5.838231265682725102e-01 6.597916164877863920e-01 6.711931964741278955e-01 6.997838946680434713e-01 6.942541205441283836e-01 7.131664677291269516e-01 7.135165061485819749e-01 7.280263185552207084e-01 7.230921513149186630e-01 7.352322326636783201e-01 7.114180917581538477e-01 7.196628704312620917e-01 7.036718839374772605e-01 6.939361261652293722e-01 7.079782980011193327e-01 6.960804301636948077e-01 7.156057038058721842e-01 6.953929866409908067e-01 7.061753281621014899e-01 6.807772264416910302e-01 6.812751861051895563e-01 6.935214577791896096e-01 6.741479550808420207e-01 7.098471954855132271e-01 6.970539287966776021e-01 6.961675593107490290e-01 7.131048856002033531e-01 6.956885548569723410e-01 6.866796052166234121e-01 6.986430550471784962e-01 7.021239867741912999e-01 6.857180790244257196e-01 6.954250249395651506e-01 6.837563314691459393e-01 6.758786668173434320e-01 6.690539627020546387e-01 7.072075928685146451e-01 7.047866803637203859e-01 6.720428411385666045e-01 6.972176430406245018e-01 7.191968385088962634e-01 7.100604020526430915e-01 7.091593208426747452e-01 6.988555226301140788e-01 7.166578443908270257e-01 6.911464679642900233e-01 7.039550020592603152e-01 7.104011180037080875e-01 6.940937535991742457e-01 6.795281575761117354e-01 6.914194019198584007e-01 6.859996608799472373e-01 7.061565705254069236e-01 7.107427981951032203e-01 7.098564280322452458e-01 7.060750912173557881e-01 7.114644612996097184e-01 7.187100822964622715e-01 7.112448607904666709e-01 7.255425604141138018e-01 7.058216375018271371e-01 7.028162994409306030e-01 7.105259516716283530e-01 6.955903831237705282e-01 7.112792827515236338e-01 7.150120161512508732e-01 7.199979426387170811e-01 7.116720252527429791e-01 7.121253857344265192e-01 7.198195608221030772e-01 7.102849746564681155e-01 6.904777639380800247e-01 7.021589106449060980e-01 6.974408671109797453e-01 6.968460774435903948e-01 7.130179111433073702e-01 7.150416238080126163e-01 7.014209355353893116e-01 7.048371925617118450e-01 7.085861538758814193e-01 7.047172825940372087e-01 6.953133122187554749e-01
2.544563030469852438e-01 2.500408046225842118e-01 2.752047507696294693e-01 2.675560619670526163e-01 3.089980389548903084e-01 4.493654485381676222e-01 6.001714254281358407e-01 5.786445229687818825e-01 1.000000000000000000e+00 7.088668604736535483e-01 6.932897112600830969e-01 6.810016460546068906e-01 6.704291417818689647e-01 6.727909295978866666e-01 7.495101101319594505e-01 7.565002630544014339e-01 7.646371383395779153e-01 6.342636271051376173e-01 6.327724519064485964e-01 6.331495884335401891e-01 5.857645255736053658e-01 6.320936528074458938e-01 7.448824798792171853e-01 6.812546579418727877e-01 6.478288886145364689e-01 7.877894442390614982e-01 7.467774848504552532e-01 7.581947055080987541e-01 7.800673193763922875e-01 7.941347336823019187e-01 8.119050559688096858e-01 8.289335070859766841e-01 7.622334489219507736e-01 8.059546018639979215e-01 7.999002106448742655e-01 7.655655053797610909e-01 8.154341252068104673e-01 7.973142079914359304e-01 8.163472825267008570e-01 7.317260860688092894e-01 7.877598433626274987e-01 7.723386086124813810e-01 7.497505705625922001e-01 7.859288180715005012e-01 7.761291416792345244e-01 7.935180041794108741e-01 7.937762744161928063e-01 8.220016459843692003e-01 8.204405968763732737e-01 8.048099594768923781e-01 8.097544659708894033e-01 7.220550479997117632e-01 7.566472946138295130e-01 8.359345408149937429e-01 8.292927667182522500e-01 8.241591168059544392e-01 8.198907547194396184e-01 7.922392558448376754e-01 8.164814693755685360e-01 8.162976767871078509e-01 7.915240779194854248e-01 8.112625470859703425e-01 8.111076084175270484e-01 8.193363101968347273e-01 8.102847163867524793e-01 8.265030799673864781e-01 8.227225672273065227e-01 8.240856508734990538e-01 8.411845173967542610e-01 8.281435323570607299e-01 7.951915905888221614e-01 8.002674086088451544e-01 8.247150436636098148e-01 8.025416884646774385e-01 8.157078077948860528e-01 8.152931376098545568e-01 7.950415151530288993e-01 8.309190339298239136e-01 8.046702523838766830e-01 8.269306713985231649e-01 8.265333495047987311e-01 8.237948736283710049e-01 8.302834778302540242e-01 8.256464259830043062e-01 8.097695522433336901e-01 8.279646456144208466e-01 8.125450547663588541e-01 8.141077543800460115e-01 8.101948694519746086e-01 8.044187796607317198e-01 7.796958621510647891e-01 7.941407616291324967e-01 7.884150817422076463e-01 7.913895198778679863e-01 8.008740460835698238e-01 8.147982344510126262e-01 7.716517607258519540e-01 8.093507879997402510e-01 7.938061478708586804e-01 7.979651283584747734e-01 7.721619534549267749e-01 7.994596085069385349e-01 7.849933095157491936e-01 7.863586963677589026e-01 8.053970669528086601e-01 7.995812092296774587e-01 8.141064479009151311e-01 8.249405255063704256e-01 8.277488846106586529e-01 8.041963781149525925e-01 7.997612170891026384e-01 8.063392910868759644e-01 8.062506452724803596e-01 8.056359187600076188e-01 8.186703404927995198e-01 8.172766414671371882e-01
1.610300376439266490e-01 2.262318793997159794e-01 2.432833767886175003e-01 2.430465892563045960e-01 2.949640523755581722e-01 4.350231809475869627e-01 5.555598970806886472e-01 5.359609593402913097e-01 7.088668604736535483e-01 1.000000000000000000e+00 6.237958490807437029e-01 6.117061205695732973e-01 6.264961879653717647e-01 6.250604539360542500e-01 7.092092078277076883e-01 6.994420371253732283e-01 6.731341647585564747e-01 5.637455515144166318e-01 5.413945735516554336e-01 5.313914249607504248e-01 5.078950108390293261e-01 5.326107411395052393e-01 6.658454736722568823e-01 5.934036671044129463e-01 5.484593077773770586e-01 7.145961735291487260e-01 6.763216215634075823e-01 7.079546836006852528e-01 6.898736117714450167e-01 7.069546254252770945e-01 7.232399061897774040e-01 7.527925708603501187e-01 6.802894990620000915e-01 7.104550795035999844e-01 7.010432173228027253e-01 6.826866210805392354e-01 7.231551365549460098e-01 7.446335383605816594e-01 7.483485213142638814e-01 6.784053437183745761e-01 7.402421285527562844e-01 7.341661386478706142e-01 6.947554713451318253e-01 7.251855839558634109e-01 7.123054279343348227e-01 7.328715206847477015e-01 7.554502930066495647e-01 7.747421611035220090e-01 7.674496118825446800e-01 7.246721986818843719e-01 7.541235575247444700e-01 6.566300418791841675e-01 7.024140305340318413e-01 7.794689561408132406e-01 7.644264794067419100e-01 7.665701169641948587e-01 7.404359895813246162e-01 7.549491161099728398e-01 7.640668318188482688e-01 7.618867839782329510e-01 7.388731811322090115e-01 7.613934158047500622e-01 7.526905583581503523e-01 7.586052443882661533e-01 7.412917077887679618e-01 7.522292684556473041e-01 7.739190509844721122e-01 7.649131437228392505e-01 7.776656821916521078e-01 7.573398200579453121e-01 7.286395022428013846e-01 7.322531941609627948e-01 7.600063913297439022e-01 7.316025614840759861e-01 7.573460328696995925e-01 7.528202580150923362e-01 7.389173832634298167e-01 7.605423657215512057e-01 7.500893811506960107e-01 7.650703531624347686e-01 7.651550051851535583e-01 7.584314429631638932e-01 7.757158695664242432e-01 7.631247970166301631e-01 7.498585019824494102e-01 7.635262976164752802e-01 7.526305842040256211e-01 7.678365651371312772e-01 7.610010999400489418e-01 7.616046445262379949e-01 7.389600872891973760e-01 7.482242736676657513e-01 7.380160636363983784e-01 7.443544237341307435e-01 7.576699104093145287e-01 7.678020254395985233e-01 7.259570414392708670e-01 7.505572234632796880e-01 7.485525112575740492e-01 7.535440470162146909e-01 7.300938129098295537e-01 7.560759608207168192e-01 7.346604696673306734e-01 7.443099575124716427e-01 7.465077441125708146e-01 7.539155245903182978e-01 7.648556426554151688e-01 7.731483788312998318e-01 7.725108179230180117e-01 7.631584631688950182e-01 7.580322497527848258e-01 7.616843779918610613e-01 7.638299835230625279e-01 7.591251435840326023e-01 7.624145118002698673e-01 7.637498503721014131e-01
9.619587518908924439e-02 1.047838735016095035e-01 3.105265926494854001e-01 3.842269229686576804e-01 3.476735031223038841e-01 4.414407539326914431e-01 6.464765227830528982e-01 6.082374935274669214e-01 6.932897112600830969e-01 6.237958490807437029e-01 1.000000000000000000e+00 7.495554878129176979e-01 6.828338493756209715e-01 6.991972598864564237e-01 7.872877602695057542e-01 7.668677695607606370e-01 7.074662451708326749e-01 5.955904981372867057e-01 6.519944594837587815e-01 5.874085524639022227e-01 5.884519540205906951e-01 6.800644364153163313e-01 6.739843106624406888e-01 6.512253775185306015e-01 6.809087907646723670e-01 7.897606650437977160e-01 7.768270500945247958e-01 7.768838966454212347e-01 7.363222117498552377e-01 7.722977502180400355e-01 8.084949081518627567e-01 7.827503291533243202e-01 7.544473022602884438e-01 7.683376234540703065e-01 7.560050950363180755e-01 7.910693852985302144e-01 8.172846847339779730e-01 7.915205012540367235e-01 8.186122693917192716e-01 7.934936096249700643e-01 8.086771976933662121e-01 8.011057460282188236e-01 7.990537816359136736e-01 8.139906636512690419e-01 8.265869637922185209e-01 8.093362700028655654e-01 8.089547074888506772e-01 8.063340198028358108e-01 8.120781855048068154e-01 7.931838948550181678e-01 8.083727912913668545e-01 7.829619171101848130e-01 7.915928166870603855e-01 7.999974714341787640e-01 7.942216043140207793e-01 8.020816059080824179e-01 7.927694538953808934e-01 8.026230142383887767e-01 8.007776555900522064e-01 8.086572255439292700e-01 8.139250698062507894e-01 8.024741520144227369e-01 7.955074123753171911e-01 8.091668866458580078e-01 8.149653044113122080e-01 8.050250743269858900e-01 8.120545530484810648e-01 8.204165072165389150e-01 8.075632566273938107e-01 8.154426600525814806e-01 8.250834640819035837e-01 8.220165554276768205e-01 8.125867913244128049e-01 8.165054303654367684e-01 8.314511165660565251e-01 8.239867508253189143e-01 8.167879754575864126e-01 8.122315896394218804e-01 8.246293827612581895e-01 8.163978710374835135e-01 8.237282096217358740e-01 8.267206892052053613e-01 8.153904249172581054e-01 8.164663851991759147e-01 8.113220500449801476e-01 8.199431131452594723e-01 8.262158753700942215e-01 8.172920775358248902e-01 8.233199145112009010e-01 8.164263242131716281e-01 8.195539097238527804e-01 8.187283443764912239e-01 8.191814701743271865e-01 8.183772283208328169e-01 8.088888067093769063e-01 8.133107721561618764e-01 8.025644741388465730e-01 7.996035933532233964e-01 8.095347093238497438e-01 8.127697315086090946e-01 8.101324403045753186e-01 8.073389652540213790e-01 8.107763871831314972e-01 8.100851536998223690e-01 8.208425994786103796e-01 8.005055077363096849e-01 8.091986804576255521e-01 8.129949301379345572e-01 8.160594898957822529e-01 8.126794279698873469e-01 8.101722926875556396e-01 8.063370721664566698e-01 8.120864240365569531e-01 8.097266565183240949e-01 8.189488494168848387e-01 8.078460951741164298e-01
-4.208465859720950802e-02 3.572643199791965263e-02 3.352274227272959983e-01 5.337353672003078975e-01 4.124300373669052555e-01 4.462126581784071067e-01 7.025412416766200208e-01 6.639884087471754626e-01 6.810016460546068906e-01 6.117061205695732973e-01 7.495554878129176979e-01 1.000000000000000000e+00 7.389414164602168267e-01 7.285806214908479017e-01 8.348428333125043066e-01 8.263498887694049611e-01 6.699921147924191578e-01 4.981391643007171410e-01 6.100790644835226706e-01 5.507400744023288608e-01 5.286268898847350517e-01 6.566767372959652072e-01 6.219175130605434365e-01 5.721768373726771051e-01 6.424335227711727159e-01 7.633121084277870727e-01 7.975529940908943072e-01 7.627269742042177558e-01 7.139519679738746127e-01 7.577190224123575568e-01 8.298393623523078189e-01 7.737051909666177174e-01 7.157749696210314871e-01 7.359058005269528691e-01 7.122203315386458344e-01 8.058555559968020310e-01 8.064515307019396451e-01 8.081674285228187538e-01 8.218859728583657320e-01 8.316814882164801359e-01 8.456172903980209155e-01 8.560164828739275089e-01 8.640521674787793316e-01 8.803042877820642653e-01 8.714736262700071290e-01 8.561967951297253521e-01 8.575655132777884049e-01 8.357264250486161616e-01 8.330279970955163371e-01 8.329740917669682387e-01 8.397648853252712708e-01 8.491910969443399182e-01 8.664735501904364812e-01 7.995030141329195761e-01 7.846696014397755992e-01 8.020991537754719181e-01 8.093783588103423687e-01 8.522099346244086382e-01 8.189469327610182647e-01 8.562397724168866464e-01 8.665145796890894037e-01 8.380372516842770070e-01 8.216289664925319203e-01 8.515069485929893656e-01 8.415945901566818099e-01 8.360677749993769003e-01 8.411902778337719822e-01 8.221159718319944743e-01 8.200616829807817476e-01 8.165196496110351809e-01 8.460700988796756583e-01 8.448936571997390788e-01 8.125158691588942883e-01 8.268345959482807928e-01 8.593535499605838845e-01 8.639683507558502118e-01 8.521212795680479513e-01 8.363952786788131366e-01 8.555017961437755281e-01 8.362507904336224929e-01 8.427882680742820876e-01 8.635685296591180116e-01 8.360269009699905496e-01 8.230990034171242753e-01 8.437752257370247921e-01 8.411719293766410921e-01 8.616089345028205004e-01 8.486235111187138136e-01 8.541971409654307568e-01 8.433531726685877805e-01 8.593974313838144141e-01 8.646605373266250671e-01 8.710778294355536744e-01 8.699809290331247391e-01 8.551903547880984613e-01 8.516993156275475263e-01 8.561265467665467588e-01 8.489948561222305790e-01 8.559574473536660788e-01 8.549130475417066055e-01 8.682202799164981943e-01 8.519592956901445024e-01 8.725197657173606736e-01 8.693673103491598164e-01 8.666195218039297599e-01 8.413251327979073269e-01 8.481994486544814915e-01 8.434933363329522038e-01 8.366878643992674558e-01 8.584970224491489388e-01 8.527104521023047834e-01 8.546328628374433301e-01 8.507981675464721949e-01 8.572340542570991984e-01 8.542333910612397441e-01 8.486497230413119208e-01
5.050060773431395283e-02 8.778278345608690747e-02 2.934628386136752254e-01 3.936201375368737487e-01 3.785845338142446725e-01 4.531141886238442273e-01 6.536303882284068001e-01 6.189249548362864006e-01 6.704291417818689647e-01 6.264961879653717647e-01 6.828338493756209715e-01 7.389414164602168267e-01 1.000000000000000000e+00 6.893950495252769706e-01 7.978064248570436723e-01 7.760844306566158091e-01 6.558977146177167317e-01 5.196195957934631737e-01 5.915978118333231617e-01 5.330331287791548744e-01 5.076000344717211954e-01 6.232695950241254890e-01 6.259729344132133333e-01 5.818410256825348181e-01 6.158906211651838936e-01 7.420040234758426001e-01 7.591933205697689591e-01 7.540237661140885006e-01 7.072264435679876948e-01 7.333795713748073597e-01 7.860458455349563778e-01 7.517439899195995645e-01 7.136704743734234579e-01 7.298436947768064398e-01 7.080827107317725355e-01 7.605667232537682843e-01 7.715115951381085191e-01 7.773930395648539493e-01 7.985358528840308390e-01 7.629555836689674297e-01 8.037352810808979786e-01 8.074245579020699060e-01 7.994043816974777394e-01 8.161660985557482872e-01 8.028098841716919676e-01 8.013986204243549460e-01 8.084749754796736188e-01 8.010493280927120097e-01 8.004702803781525988e-01 7.797474290184061019e-01 7.935759080391109332e-01 7.801589240197599473e-01 7.992627364077612429e-01 7.812181796242000376e-01 7.708468435724898926e-01 7.794012272259751573e-01 7.706395106112590154e-01 8.042610346561965828e-01 7.779323915043073745e-01 8.085559295511229871e-01 8.093816069238501942e-01 7.942453579570163402e-01 7.840250269843861419e-01 8.037682372141702336e-01 7.970991883287642521e-01 7.923264642137123337e-01 8.039009713588451955e-01 7.921026098613043187e-01 7.886727090128270445e-01 7.832186870857822392e-01 7.963206883101635603e-01 8.024531512674994982e-01 7.836127279500020304e-01 7.874639750297058871e-01 8.140923919144315013e-01 8.132461723061409353e-01 8.072220966848050461e-01 8.014552781890306177e-01 8.086969889536098632e-01 7.979139111685663588e-01 8.078990138911810170e-01 8.160451474518340964e-01 8.003892908160844533e-01 7.906435930084644292e-01 8.024884291501497291e-01 8.041695754151708675e-01 8.108725741013967925e-01 8.094503930971826966e-01 8.140027444237195597e-01 8.004626372664753742e-01 8.086602412781559446e-01 8.146834916263652193e-01 8.136122310676352498e-01 8.163511723848541068e-01 8.109411897595978358e-01 8.098693027077035200e-01 8.002329076817810138e-01 7.984010917346833214e-01 8.081359623021044936e-01 8.102715938766099635e-01 8.122814336783480416e-01 8.033945620868903070e-01 8.101116466289572937e-01 8.148760433518826840e-01 8.165556136126037590e-01 7.941366800518614433e-01 8.070806793298639370e-01 8.071743685001576685e-01 8.041196772171453899e-01 8.122178002316754464e-01 8.051881885078812084e-01 8.103619709398927062e-01 8.077167606803807853e-01 8.103965713221964462e-01 8.117224212373274073e-01 8.033906286044997236e-01
