1.000000000000000000e+00 1.939815969199417678e-01 1.287658874293000077e-01 4.427181827745773864e-05 1.319729147720781828e-02 1.555376485657551482e-02 -6.108211643032725874e-02 -5.929902953965198592e-02 1.880258122813377175e-01 4.926265716399275824e-02 6.665959467445939368e-02 -1.698285477427405885e-03 1.208500979345013878e-03 4.062873967000535033e-03 -2.992521678691303574e-02 -1.974567781811619252e-02 2.030686435781898780e-01 2.924113742283142026e-01 2.481884530531738298e-01 2.063792434053993152e-01 2.458099848439303792e-01 2.546859742220340395e-01 2.231133292136317781e-01 2.101750350948303203e-01 2.390015215665565740e-01 2.258257557151583106e-01 2.136294245481214216e-01 1.730963413557506658e-01 2.181572700080117722e-01 1.920458770661058467e-01 1.475919849455707145e-01 9.389440978617737132e-02 1.135089061536176808e-01 1.188709410723038928e-01 1.340217015414550683e-01 8.971362288068755741e-02 8.740283380374980204e-02 6.341628547632852109e-02 1.147358944917293011e-01 2.366472862816667438e-02 4.878600372237498067e-02 4.557421077730580000e-02 4.433233119677301021e-02 7.636715069223223851e-02 5.898993108758007059e-02 9.674625444163120758e-02 2.009210401781333019e-02 2.731717229757684925e-02 2.222651446814980988e-02 3.157994557539942071e-02 3.876952730127974922e-02 1.301197959953950996e-02 3.081835486181998089e-03 6.231047597150927292e-02 5.370884771989473810e-02 4.141028711478612206e-02 6.085933509090602628e-02 2.342650505323451079e-02 4.038458254552423909e-02 4.498784566387181716e-02 3.520484727141736520e-02 6.016387955113927655e-02 4.213682343611310777e-02 6.721420550939988248e-02 9.892583959840760277e-02 6.135252185558046772e-02 3.727027572222009477e-02 7.915238818880838967e-02 5.690985955971017418e-02 5.601143175467430263e-02 1.034274375892086095e-01 1.026916456345543099e-01 6.949931280985524595e-02 9.515152269362245341e-02 8.259980059704419286e-02 8.715830867067640708e-02 6.929022200315468338e-02 1.012871317196449988e-01 7.422027767206684779e-02 8.078142759862155797e-02 5.595359945078472175e-02 5.577710066365164365e-02 5.793604974378326056e-02 6.355069400139064240e-02 3.192894892405356150e-02 4.612605952757282968e-02 3.424918963473335548e-02 2.231750938029670658e-02 4.791754103581174346e-02 2.718015110412201271e-02 3.219040827682034811e-02 2.047657126520279272e-02 3.501744788764733773e-02 3.424839605866070169e-02 9.343105025526985893e-03 1.877647537711965922e-02 -1.324871193349153563e-02 2.665349776389655881e-02 1.639473468968387013e-02 1.427499643513405019e-02 1.585026468298802657e-02 2.231212314592056351e-02 9.211858206368165464e-03 1.561908625213278071e-02 2.091285067719823171e-02 2.417184868653523416e-02 1.810691142047650762e-02 2.887847101488091525e-02 2.834870213420996946e-02 1.865027933529374640e-02 8.667203592241459059e-03 1.840697132996119492e-02 2.023608998645085380e-02 2.569767238739627258e-02 5.797255305332069814e-02 3.206461038074179953e-02
1.939815969199417678e-01 1.000000000000000000e+00 9.696175806273352182e-02 3.370048260676206803e-02 1.009728914781291148e-01 8.304983139884829224e-02 1.062563318187999262e-01 1.258459812913775289e-01 1.980966421869861105e-01 1.958721664981388777e-01 1.540266155317041308e-01 1.200311499627450817e-01 1.494217403786135545e-01 1.244775425502346600e-01 1.303746937423182484e-01 1.506272578617265379e-01 1.960013050984486804e-01 2.134252382316632057e-01 1.785926839534941746e-01 1.755306466277856414e-01 1.939160915458149614e-01 1.666763365969856081e-01 2.322012851890308816e-01 1.630976506095283274e-01 1.642333756551528912e-01 2.297050414215179304e-01 1.992014804498346836e-01 1.915261350114682570e-01 2.350904762681572668e-01 1.726122608409305648e-01 1.493366207398573453e-01 1.944419628905138808e-01 1.888198707270591359e-01 1.697862828147476966e-01 1.748061209794910531e-01 1.542848959630162553e-01 1.535329168295966051e-01 1.842985329852972753e-01 1.778185558600298422e-01 1.472371006798437465e-01 1.646333448521125342e-01 1.667583709478008547e-01 1.523417182676027326e-01 1.579977683151745638e-01 1.451243328110643493e-01 1.600226396313615962e-01 1.465543817285539785e-01 1.641564618002469000e-01 1.551129554491204598e-01 1.267624093437380861e-01 1.605664954384117271e-01 1.074983402131267779e-01 1.146768873579482040e-01 1.834116321546007677e-01 1.890101484441565893e-01 1.905965422239453699e-01 1.746806342809875956e-01 1.577141985506738953e-01 1.715346635571075584e-01 1.589011271617595533e-01 1.539489242574396677e-01 1.731983029689492526e-01 1.562816812594710891e-01 1.741654302415888977e-01 1.653063638937071200e-01 1.655830850946278243e-01 1.589049323696424543e-01 1.706819604089835352e-01 1.677821603868301648e-01 1.490386314852458760e-01 1.666998447797859439e-01 1.656154421247947595e-01 1.544298283162894581e-01 1.564372959777207139e-01 1.829425940691875585e-01 1.670548579382266086e-01 1.714629229457051429e-01 1.925254342562243981e-01 1.669124443456428131e-01 1.562395957229761878e-01 1.438295798171580764e-01 1.500515235511938605e-01 1.803023584031737958e-01 1.632370900854046569e-01 1.573652707533405581e-01 1.549652375255938797e-01 1.473472376390638217e-01 1.659367388710604463e-01 1.571712697483703958e-01 1.755378808256336243e-01 1.552659525035349486e-01 1.517181478821306717e-01 1.502140836965062121e-01 1.519579596064102034e-01 1.465198055457648529e-01 1.598672200034494395e-01 1.311228323992416345e-01 1.394032538832478130e-01 1.442953585698245056e-01 1.480716751285364174e-01 1.432943093071561980e-01 1.511135609374959776e-01 1.374209553517382887e-01 1.464731852705993820e-01 1.452598347709187498e-01 1.616403012540574280e-01 1.499170347435916095e-01 1.673359231196778207e-01 1.706902240699874340e-01 1.536502198358920823e-01 1.630642474604676873e-01 1.515891440915475286e-01 1.592507478088446837e-01 1.558182990506414012e-01 1.602282999532784191e-01 1.534402836010106963e-01
1.287658874293000077e-01 9.696175806273352182e-02 1.000000000000000000e+00 3.310347899150724027e-01 1.862969094960200966e-01 2.736921738293041639e-01 2.883587362915447372e-01 2.542151358690660223e-01 3.948925685966468979e-01 2.779905726467294391e-01 4.055431044788666561e-01 3.787791782592384027e-01 3.080382257916469690e-01 3.360619701558489325e-01 3.541610234608081331e-01 3.307364718219885091e-01 3.975124463478096892e-01 4.025845376192520586e-01 4.129778506587660769e-01 3.528278106055472430e-01 4.120329223628154680e-01 4.472153605147513589e-01 3.709331686613125401e-01 4.025799702469229913e-01 4.414537013863372716e-01 4.482674522444686782e-01 4.481191771142897795e-01 4.315646301528033302e-01 4.265624151622228744e-01 4.335469877489089296e-01 4.495230295976982426e-01 3.884208556551470570e-01 4.038696973534796064e-01 4.107122560512126430e-01 4.033039406180803366e-01 4.168880802508375116e-01 4.100091078413597989e-01 3.981272542295621331e-01 4.230657933412380056e-01 4.006191845349645897e-01 3.985419110142751631e-01 3.990057748013525196e-01 4.023337292429524092e-01 4.132932331147379790e-01 4.153764939371031306e-01 4.238080912460401861e-01 3.914817425087147029e-01 3.817897272339031978e-01 3.831265622990004394e-01 3.973876555619461071e-01 3.972654945468330756e-01 3.990946184001027408e-01 3.911313023491587160e-01 3.811562885411121648e-01 3.669050294523346634e-01 3.737718876590042094e-01 3.851835441277453032e-01 3.912244331145166010e-01 3.910239555101995279e-01 3.954104796315784376e-01 3.995046083842432316e-01 3.878631975246637498e-01 3.922341434120219517e-01 3.985376473734161817e-01 4.217653891929687981e-01 3.978353095476898638e-01 3.999510615623015353e-01 4.175190629987051705e-01 3.956803271087498963e-01 3.962978074945301965e-01 4.283333682129081832e-01 4.300094435115556779e-01 4.096391680181042938e-01 4.333255607839289203e-01 4.216361246413910524e-01 4.262546150818961599e-01 4.203465379689730885e-01 4.198683054906146017e-01 4.196865984686183326e-01 4.220981340859160658e-01 4.148089059458379135e-01 4.247345939059922193e-01 3.945520953284712973e-01 4.052893034486685919e-01 3.904185615754895977e-01 4.033875556878717128e-01 4.038610776629629195e-01 3.899227926873679029e-01 4.044164562957232034e-01 3.830700761538753385e-01 4.064232467294753293e-01 3.970219620104720737e-01 4.047419289331559700e-01 4.052400915750211108e-01 3.893626853081955663e-01 3.890138058605513427e-01 3.816931741022051572e-01 3.921299770499636073e-01 3.926884528371742400e-01 3.950550987270019521e-01 3.967098435442876214e-01 3.940032323818318249e-01 3.925456069969300854e-01 3.934174354994726674e-01 3.987923556475801989e-01 3.833903235958723843e-01 3.892276613420615483e-01 3.868746249445881857e-01 3.854427414697456644e-01 3.920745060693356931e-01 3.833373311794286975e-01 3.926808152881383074e-01 3.868927797701721683e-01 3.920770543409547448e-01 4.047400059641316217e-01 3.920460899852912240e-01
4.427181827745773864e-05 3.370048260676206803e-02 3.310347899150724027e-01 1.000000000000000000e+00 2.474036440828464023e-01 4.078160622194513807e-01 5.202873023991713142e-01 5.080707726522513124e-01 5.012069851056946135e-01 4.320217455694199127e-01 5.763691471302332392e-01 6.236287128250039835e-01 5.281576206792597539e-01 5.264795530058413719e-01 5.807212919488988767e-01 5.770462016969235552e-01 4.747154305835326049e-01 4.148932835639090877e-01 4.480362515944980029e-01 4.721151232167514755e-01 4.612160854849723934e-01 4.963299997022224130e-01 4.410749661056280746e-01 4.587955117703705343e-01 5.034174732309190103e-01 5.368275567337894572e-01 5.503537566680780646e-01 5.825481936883333267e-01 5.194719905525400083e-01 5.535695786895553638e-01 5.804255612591046054e-01 5.582064756393017024e-01 5.684457136486398277e-01 5.644875858857961726e-01 5.562236080851534759e-01 5.746687420648757261e-01 5.853854493464024644e-01 5.940246047863817491e-01 5.923859046177005760e-01 6.187811144203723135e-01 6.048579498379539343e-01 6.189610835150380908e-01 6.156052459480991779e-01 6.219049458046094214e-01 6.133912775069557677e-01 6.043683526073067025e-01 5.989401948309359680e-01 5.867554314722073228e-01 5.920265759445807463e-01 6.064221676934347105e-01 6.082135605690418556e-01 6.186814669587537008e-01 6.143115294905909796e-01 5.687765160711731882e-01 5.643512662212073483e-01 5.715696043158515760e-01 5.812971566496660802e-01 6.088013171434363269e-01 5.988907738712325735e-01 6.014994345295533451e-01 6.079085062133966488e-01 5.926321312178259859e-01 5.999254930666820806e-01 5.901502109087228831e-01 5.872445408115833931e-01 5.948413761944046918e-01 5.981463815234536741e-01 5.887061167722572597e-01 5.813464325104273911e-01 5.977208416240631372e-01 5.890466757894412542e-01 5.933035505955230882e-01 5.829210736021275263e-01 5.952810097522913679e-01 6.029986217310980834e-01 6.056485421169113259e-01 6.110202994927451670e-01 5.845454937986620525e-01 6.089849747686801873e-01 5.957396940336585622e-01 5.983032830042525063e-01 6.064301635906002019e-01 5.801863708150941656e-01 5.955982189893106460e-01 5.970017001590325334e-01 5.971144133773720331e-01 6.010601792343117644e-01 6.035903995136837619e-01 6.021055461159773303e-01 5.900648874185990822e-01 6.173707805584024433e-01 6.130363710803915511e-01 6.112816157837057673e-01 6.115581159178165027e-01 6.031796868012931911e-01 5.991764607954855881e-01 6.165751027405985685e-01 6.021757673033388825e-01 6.066765716152182630e-01 6.076305803164984143e-01 6.094075855672662634e-01 6.043461789650083071e-01 6.138581128897298012e-01 6.130836631446505702e-01 6.121577203217423158e-01 5.941451560846312541e-01 6.014485253486683280e-01 5.901359710075190224e-01 5.911147627879587141e-01 6.086561659486126041e-01 6.017418350304158947e-01 6.064114329156606864e-01 5.975831770811934618e-01 5.980390736349058267e-01 5.966114030197490203e-01 6.004174466382207198e-01
1.319729147720781828e-02 1.009728914781291148e-01 1.862969094960200966e-01 2.474036440828464023e-01 1.000000000000000000e+00 2.904276373439709236e-01 4.033525891276930064e-01 4.226209260599826933e-01 3.775712352357596946e-01 3.901094435725852017e-01 4.174762447088735673e-01 4.398036329266633016e-01 4.478445601139687260e-01 4.044051289984290087e-01 4.659437550380813309e-01 4.698029233543127292e-01 3.608675446635429274e-01 3.114989523355506940e-01 2.989705336860778995e-01 3.215895557119272663e-01 3.186357952756309064e-01 2.902813064867877380e-01 3.640442225301597778e-01 3.368394593021392658e-01 3.064582345395322482e-01 3.802057702531113081e-01 3.779578275447706970e-01 3.930530675967268683e-01 3.668350539491571638e-01 3.714816743665256826e-01 3.898241829749224396e-01 4.509436688000531546e-01 4.260060056540057594e-01 4.265120499887427585e-01 4.174649468397384489e-01 4.243371960337142812e-01 4.255178911258171714e-01 4.469946587844708108e-01 4.357716892831628441e-01 4.443691010384395734e-01 4.499076511964811842e-01 4.462576591607514964e-01 4.442004604837867521e-01 4.379599351954170938e-01 4.352338999884114434e-01 4.310574813441552799e-01 4.638705792341683565e-01 4.655304498232127886e-01 4.588423761837225889e-01 4.415677555908048557e-01 4.493538533506324928e-01 4.272954336639110395e-01 4.386777679322022006e-01 4.525104202826277788e-01 4.560601339978312962e-01 4.651541684038328350e-01 4.478000399110654284e-01 4.618589894657531003e-01 4.579127648367370407e-01 4.580143459763924563e-01 4.615331420456738054e-01 4.556660055856902036e-01 4.426979691975704845e-01 4.518152521654839604e-01 4.314073080755481127e-01 4.538477854397969247e-01 4.675704306117922648e-01 4.538131355956268598e-01 4.641448509114585730e-01 4.501026780118360660e-01 4.333869363494207705e-01 4.389860963678753891e-01 4.552662467729121643e-01 4.323411953807507202e-01 4.579043175724608616e-01 4.475948509593407065e-01 4.470069952430448801e-01 4.481840765478256605e-01 4.489479778250969333e-01 4.372168001634115786e-01 4.472405568582753510e-01 4.489386843984181641e-01 4.659449241066776493e-01 4.545632963639390511e-01 4.718158196901154899e-01 4.634555615117234018e-01 4.628350292268412769e-01 4.680160267744510327e-01 4.610119428262527408e-01 4.727396794943107272e-01 4.627540971882930232e-01 4.647863847669457815e-01 4.587780227607777817e-01 4.609304100214539068e-01 4.676894325643984329e-01 4.687022490448511935e-01 4.650839226010644589e-01 4.481703349215592769e-01 4.650460771245097935e-01 4.671864713925519830e-01 4.641326308492720321e-01 4.568422712978940647e-01 4.591829009743568224e-01 4.655205987587033856e-01 4.598335579054458888e-01 4.609960476555666764e-01 4.664634799936780984e-01 4.682938694118596867e-01 4.663007868900691522e-01 4.652261725710039597e-01 4.659345567348459061e-01 4.689734449428187291e-01 4.664262501220730051e-01 4.661684256928503300e-01 4.553497933385233787e-01 4.616581407989978070e-01
1.555376485657551482e-02 8.304983139884829224e-02 2.736921738293041639e-01 4.078160622194513807e-01 2.904276373439709236e-01 1.000000000000000000e+00 5.387599016391172446e-01 5.056251662165401894e-01 5.198913341955285761e-01 4.780573563358167521e-01 5.474902685932041546e-01 5.916756243123387771e-01 5.400839793638743114e-01 5.438498236647166806e-01 5.997823286345324023e-01 5.939098722984604839e-01 4.995491471398563754e-01 4.293599942648324008e-01 4.420465864087565477e-01 4.600259212838858636e-01 4.430422004999854391e-01 4.527834499178480798e-01 4.888696193372831234e-01 4.618026174873802736e-01 4.687763327406412328e-01 5.413649784671675791e-01 5.284445178746748351e-01 5.613987751017474048e-01 5.212858861930222965e-01 5.511457093136997720e-01 5.782526175920663647e-01 5.946514192232028595e-01 5.585592415951644574e-01 5.712809697417372545e-01 5.533049928584666821e-01 5.869913526784042990e-01 5.918140435286618484e-01 5.987655875085956536e-01 6.004818185946074749e-01 6.004078317635047624e-01 6.053885597112986794e-01 6.129610951536081931e-01 6.065397450412808311e-01 6.122195502587760574e-01 6.075183665474935824e-01 6.070365191087877532e-01 6.158220984865560022e-01 6.211473253988351040e-01 6.177150733076939293e-01 6.134140200378852548e-01 6.158658794317994900e-01 6.072859588105226081e-01 6.100774809030425905e-01 6.150756585331419446e-01 6.090081856276917671e-01 6.174044918483876376e-01 6.153734261570183994e-01 6.176317425324767685e-01 6.156286939541464331e-01 6.173812474866852140e-01 6.192165595571762493e-01 6.186484225987141095e-01 6.175363752831249942e-01 6.178070764902666712e-01 6.044248712307866978e-01 6.178634821537712929e-01 6.175999727666310335e-01 6.047689326747539562e-01 6.162612040982077266e-01 6.100580822314138896e-01 5.920660331571673263e-01 5.985734512166769328e-01 5.991818645421632672e-01 5.989915523294255806e-01 6.163452628282427570e-01 6.124259289262469208e-01 6.153868747438456799e-01 6.070050917980116534e-01 6.155274058790018987e-01 6.140662862278631895e-01 6.172189456353979198e-01 6.178890279453439494e-01 6.154900641539615691e-01 6.092783140969173505e-01 6.158542460536032825e-01 6.153789614073920111e-01 6.198464835827380837e-01 6.244882632584275450e-01 6.202323396733473437e-01 6.235916180903809947e-01 6.194177558718509946e-01 6.226193706926388405e-01 6.188509307119853808e-01 6.227650805926673305e-01 6.232569571305930367e-01 6.260804348556388010e-01 6.283330870057205475e-01 6.217511233729932085e-01 6.233444544145291255e-01 6.242708726953094533e-01 6.245074749152988991e-01 6.236088348189645636e-01 6.231469157819862215e-01 6.248781426708054365e-01 6.226997350873284542e-01 6.228059375835151013e-01 6.258594949052170842e-01 6.235945204202963943e-01 6.260558570286207658e-01 6.245960931832816865e-01 6.226616475908736126e-01 6.238170117512246149e-01 6.238960940443391001e-01 6.244243879137032494e-01 6.158601981007264525e-01 6.226992253875477390e-01
-6.108211643032725874e-02 1.062563318187999262e-01 2.883587362915447372e-01 5.202873023991713142e-01 4.033525891276930064e-01 5.387599016391172446e-01 1.000000000000000000e+00 6.985986145659675017e-01 6.211711341744737824e-01 6.073559419422321914e-01 6.957310537167961106e-01 7.588207824844909188e-01 7.093416509905665635e-01 6.939075765597600975e-01 8.243613767882225218e-01 7.841642713240454254e-01 5.870487390414177442e-01 4.561703795894359592e-01 4.846483956045410935e-01 5.132704581455024284e-01 5.039156293640347783e-01 5.082170089450367412e-01 5.095219424085399851e-01 5.303123766493968994e-01 5.330061604036662182e-01 6.180753496726858476e-01 6.230088448016457559e-01 6.817749673473475491e-01 6.039433221146062181e-01 6.403482751100842973e-01 7.035728571360272410e-01 7.194049530344197585e-01 6.980104389669661291e-01 7.060377650795751636e-01 6.804613635913678849e-01 7.117057188688163949e-01 7.413283381800120919e-01 7.542179095025496327e-01 7.426678644289675946e-01 7.717109802514290351e-01 7.630447536245378304e-01 7.755264582065932721e-01 7.747159980184769035e-01 7.694363028202428900e-01 7.666505920380805028e-01 7.537321538948728028e-01 7.826556574133110011e-01 7.813180735762561557e-01 7.745322408462844699e-01 7.657049246605670545e-01 7.772965464057098872e-01 7.675308730820195047e-01 7.741202291437663252e-01 7.603494877295005061e-01 7.547425446059592424e-01 7.547694857135266444e-01 7.633457612193805808e-01 7.843219241853278678e-01 7.759501950109124468e-01 7.813873138213138780e-01 7.802503302272462138e-01 7.738970092531175515e-01 7.744647401962424516e-01 7.663964906179540071e-01 7.400470223291408800e-01 7.670682981475779316e-01 7.765403700485169480e-01 7.456459586215875568e-01 7.559789989712123459e-01 7.544177576126441798e-01 7.244732155330287915e-01 7.307510592485167988e-01 7.434766113604029947e-01 7.296176096124152854e-01 7.579944872122443833e-01 7.604452869387042790e-01 7.686164857318084076e-01 7.406065106643725526e-01 7.667154783913514571e-01 7.622024298729555003e-01 7.726029263809507386e-01 7.751930643174317348e-01 7.573878604444712614e-01 7.675211401628039276e-01 7.767737764459075045e-01 7.714586054106028490e-01 7.793956145727787277e-01 7.887742516928285541e-01 7.790346153064011681e-01 7.732304917738267447e-01 7.863433848911440815e-01 7.909586059486108933e-01 7.822646117914107133e-01 7.865828707245837714e-01 7.899337197487074080e-01 7.880375046005319017e-01 7.957794412578517163e-01 7.774205706700102469e-01 7.870637560715606496e-01 7.875325696987065527e-01 7.919040931866033750e-01 7.842418726575265397e-01 7.921537103037286087e-01 7.933151944274595690e-01 7.847936092736405023e-01 7.828952859577124057e-01 7.880352446998476479e-01 7.806734321776536145e-01 7.802934685729044917e-01 7.902512873309284203e-01 7.949673511479213861e-01 7.914496470839507136e-01 7.887698495707246016e-01 7.852965113328528313e-01 7.674073170751563033e-01 7.801057197864498249e-01
-5.929902953965198592e-02 1.258459812913775289e-01 2.542151358690660223e-01 5.080707726522513124e-01 4.226209260599826933e-01 5.056251662165401894e-01 6.985986145659675017e-01 1.000000000000000000e+00 5.944595955774296669e-01 5.968284480069743214e-01 6.602436869941973319e-01 7.212029474556630460e-01 7.025722289187585901e-01 6.669993520119352759e-01 7.571744638606208166e-01 7.658543372602881760e-01 5.603232011449562622e-01 4.471150363921458371e-01 4.755911014344207932e-01 5.151007311286024404e-01 4.772569585718250407e-01 4.854143746296084583e-01 5.342742059319672832e-01 5.050595595014905070e-01 5.030835078116124848e-01 6.000010919324532122e-01 5.896469426627370947e-01 6.445737798599144863e-01 5.653414898855249060e-01 6.050627039756375503e-01 6.416277289894771751e-01 7.040053909259832432e-01 6.636183250648305387e-01 6.640091025179406525e-01 6.527168572948427450e-01 6.756548645189043301e-01 6.853339716130764092e-01 7.219385356934178155e-01 6.949774940855157901e-01 7.325252618131997684e-01 7.277534324122743037e-01 7.383603529046297576e-01 7.356497306980087636e-01 7.264338563930700099e-01 7.114852079062472523e-01 7.044451265399860329e-01 7.413572256877524191e-01 7.470748670574219874e-01 7.449539987137460129e-01 7.259297965136526365e-01 7.400054340556009302e-01 7.247024371867976100e-01 7.345083041187772110e-01 7.343915023889897586e-01 7.335311000750830424e-01 7.406123346769247773e-01 7.344267067457957987e-01 7.458734712944168344e-01 7.446274927197559235e-01 7.373553686849252387e-01 7.411948232567062700e-01 7.400484954096370194e-01 7.329499481303496378e-01 7.285375872611947745e-01 7.013634481455112146e-01 7.327947247423486354e-01 7.402859660405388675e-01 7.129895492816816782e-01 7.281293481135370227e-01 7.230900952282530714e-01 6.897919542692066974e-01 6.969924382766640170e-01 7.116170099364402812e-01 6.927897161754819066e-01 7.257714930675512877e-01 7.180273671129047131e-01 7.252412126815241944e-01 6.994432152294545180e-01 7.209070880785701796e-01 7.082570039646696181e-01 7.243360587586322730e-01 7.252391092683746487e-01 7.309656474151297045e-01 7.232756971993723472e-01 7.405976533621172475e-01 7.335766826532077456e-01 7.372091337102406605e-01 7.520420872220252573e-01 7.364129536369223850e-01 7.473674839279805804e-01 7.474208456394195732e-01 7.500117577367126920e-01 7.396129760200419456e-01 7.440991867157098483e-01 7.511857766910314815e-01 7.505868811875868740e-01 7.551910352860522480e-01 7.371630007127154549e-01 7.499675677162068732e-01 7.469580680259807481e-01 7.479431817236363855e-01 7.445853590693992663e-01 7.469502729513113337e-01 7.509860939707183602e-01 7.454705543729027717e-01 7.488494984365350327e-01 7.508939535255315656e-01 7.478123062379110619e-01 7.491852942359905621e-01 7.499243944194748934e-01 7.555908392911572236e-01 7.518228774536210857e-01 7.502643238261570424e-01 7.483683420730997682e-01 7.304838277262077906e-01 7.433765528186723204e-01
1.880258122813377175e-01 1.980966421869861105e-01 3.948925685966468979e-01 5.012069851056946135e-01 3.775712352357596946e-01 5.198913341955285761e-01 6.211711341744737824e-01 5.944595955774296669e-01 1.000000000000000000e+00 7.035132842067483017e-01 7.897128701128467432e-01 7.878874652081295782e-01 7.210490273722237609e-01 7.197894972410341374e-01 7.747883807878827023e-01 7.607372369078491126e-01 7.997575176019837695e-01 7.630670444920868434e-01 7.554063077372162871e-01 7.583389235476784007e-01 7.693862303130343250e-01 7.808264511801975560e-01 7.827891246731480956e-01 7.638268924904263457e-01 7.887152902398054666e-01 8.381373524984500056e-01 8.386863636492888352e-01 8.595369170003097636e-01 8.256121529769849809e-01 8.401488829102432554e-01 8.554994480236253196e-01 8.442595373298227290e-01 8.305680245576801957e-01 8.427939364639199793e-01 8.276132391477887262e-01 8.385024195800632185e-01 8.384660875413307846e-01 8.436772207396819878e-01 8.657740789911089196e-01 8.234213207937510770e-01 8.480637039587012316e-01 8.440314546741179980e-01 8.404536165150304772e-01 8.599880577479500632e-01 8.525192379847935653e-01 8.617938919793727282e-01 8.390255306109140054e-01 8.471896061046674253e-01 8.401084150646627169e-01 8.311140514535501067e-01 8.479935004156549105e-01 8.171287092819050635e-01 8.290806904714652648e-01 8.515569066549867339e-01 8.361123488059090114e-01 8.297511311089944552e-01 8.525385800401416025e-01 8.423355212060741337e-01 8.476692576192956796e-01 8.552553945097128851e-01 8.477890938293739520e-01 8.608966099343480227e-01 8.450892936277554224e-01 8.649764644813670023e-01 8.674291015279680384e-01 8.577133278057417209e-01 8.480122190297695317e-01 8.624208327668640983e-01 8.453831460224787708e-01 8.520420610539761741e-01 8.645204189043000920e-01 8.639940515797334131e-01 8.456404837045428113e-01 8.601446755592221383e-01 8.656502084751366288e-01 8.664136974053893159e-01 8.619011266685550066e-01 8.663497115109232150e-01 8.630119605397876814e-01 8.545082072932436157e-01 8.500943604211953497e-01 8.587847245407241870e-01 8.500799888517633907e-01 8.492124177679217789e-01 8.390398274851673666e-01 8.470781566739971069e-01 8.436824270630649547e-01 8.422285115471158656e-01 8.531713183557682045e-01 8.332474025117851957e-01 8.407201033395629297e-01 8.426957102874960137e-01 8.473736759948721220e-01 8.519352431581039831e-01 8.364500112812889299e-01 8.420272132492729877e-01 8.213401167153414617e-01 8.431133707538687183e-01 8.379729758277597584e-01 8.387326352037887123e-01 8.391330771144828171e-01 8.452475560241717867e-01 8.379986306669297003e-01 8.410702523666634400e-01 8.409999049801429871e-01 8.406113015498848373e-01 8.430616786455230605e-01 8.439860448467167986e-01 8.433325874103779762e-01 8.438301175431103252e-01 8.364519726961223700e-01 8.456209181917282436e-01 8.443529563398642912e-01 8.457532535040981347e-01 8.565603595714648133e-01 8.469689923745610249e-01
4.926265716399275824e-02 1.958721664981388777e-01 2.779905726467294391e-01 4.320217455694199127e-01 3.901094435725852017e-01 4.780573563358167521e-01 6.073559419422321914e-01 5.968284480069743214e-01 7.035132842067483017e-01 1.000000000000000000e+00 7.005390105437585557e-01 7.270571875962150710e-01 6.889841891294681275e-01 6.810599558792689301e-01 7.429925973443843867e-01 7.353633902218709162e-01 6.575666708993065379e-01 5.857991113438438813e-01 5.860732166077369243e-01 5.960839721737729580e-01 6.001710523450534129e-01 5.898714299265221950e-01 6.707365321745438758e-01 6.012799182030076350e-01 6.073124006717410817e-01 6.932448669287408771e-01 6.830217214278391236e-01 7.230515734308564646e-01 6.885887674616766319e-01 6.853024303477019963e-01 7.089559849096834787e-01 7.649318585020027372e-01 7.337705737497913772e-01 7.346188227494077072e-01 7.176439108715805260e-01 7.366905744283430701e-01 7.415360080220603223e-01 7.613787051458873467e-01 7.523236629295989575e-01 7.535760799565041079e-01 7.729411089203924723e-01 7.704046944557002563e-01 7.562454108434142341e-01 7.590511300806463968e-01 7.535949903907468439e-01 7.468433667921513530e-01 7.766623977510695997e-01 7.911980811188982221e-01 7.785407491204615615e-01 7.532386732694291709e-01 7.765036773017038874e-01 7.388941959849224528e-01 7.508168964337481599e-01 7.905535195920099234e-01 7.806276377535867894e-01 7.830635656673026190e-01 7.825767375713167384e-01 7.786488906561165324e-01 7.815921697257612877e-01 7.784999729380881472e-01 7.750378477456576487e-01 7.844058364465369415e-01 7.697469709998659981e-01 7.825371241504710529e-01 7.629793869595216105e-01 7.811468028450098133e-01 7.808850208801989545e-01 7.722162033777176804e-01 7.811367479603320563e-01 7.669651416747608197e-01 7.569806104344271036e-01 7.601509234259594683e-01 7.572250468123521427e-01 7.516753351977161213e-01 7.783546267351955095e-01 7.710161682269103256e-01 7.766895457706878281e-01 7.748215398440118085e-01 7.715779515401673949e-01 7.612325209574370977e-01 7.705261208151047425e-01 7.706206047390405933e-01 7.886765001707669587e-01 7.700534811299190041e-01 7.797316730237969784e-01 7.724887317285216159e-01 7.781996521371595810e-01 7.824329018435502991e-01 7.788290943950044731e-01 7.861719392163669662e-01 7.744280967870574850e-01 7.784513567976635295e-01 7.745828509725988242e-01 7.761335309444928887e-01 7.791184487009822357e-01 7.850943483035942583e-01 7.724101562537097898e-01 7.719867984250199378e-01 7.773052099537066661e-01 7.790765521128255600e-01 7.751734187280368005e-01 7.791740406689910969e-01 7.734363537872419592e-01 7.781291738862250451e-01 7.778753195712193591e-01 7.854130447424229056e-01 7.816784936938699913e-01 7.891510628918779746e-01 7.876807678191583006e-01 7.818880732267732281e-01 7.835948228284328465e-01 7.827631231894083275e-01 7.884076906575343546e-01 7.844160477467070347e-01 7.786883047475882114e-01 7.854828397817925634e-01
6.665959467445939368e-02 1.540266155317041308e-01 4.055431044788666561e-01 5.763691471302332392e-01 4.174762447088735673e-01 5.474902685932041546e-01 6.957310537167961106e-01 6.602436869941973319e-01 7.897128701128467432e-01 7.005390105437585557e-01 1.000000000000000000e+00 8.645428766782005114e-01 7.651727617432499962e-01 7.739154009153877967e-01 8.513584676649620375e-01 8.342413327288553671e-01 7.610726878890677893e-01 7.187732554522833217e-01 7.307271507875202632e-01 7.083054408693264525e-01 7.406627824219900180e-01 7.598655177612675393e-01 7.327822402350299136e-01 7.518311889546506199e-01 7.650577753651593982e-01 8.175292279446332300e-01 8.336225420529831398e-01 8.512251454964714359e-01 7.928901730523920666e-01 8.258225195409990560e-01 8.635840876685316747e-01 8.611684323411371578e-01 8.442496019849826672e-01 8.634968120749878517e-01 8.338277996137136716e-01 8.532754131576597567e-01 8.616798639333497212e-01 8.712743361319310598e-01 8.807316669802097708e-01 8.783464293991934957e-01 8.795567104704063999e-01 8.869191758673428128e-01 8.783824117350114147e-01 8.872399136722920465e-01 8.883981206143947151e-01 8.822535390149087720e-01 8.901158339060500913e-01 8.860055851713076747e-01 8.813773935175507335e-01 8.809156148382729645e-01 8.910749425880954977e-01 8.779436233603277184e-01 8.784283960394868584e-01 8.723123885836879809e-01 8.565355485634994492e-01 8.615998997519919156e-01 8.705852340332732586e-01 8.876316683764589044e-01 8.844222683019454800e-01 8.926406874592992535e-01 8.937580187609546201e-01 8.833640201114114632e-01 8.818631853200056270e-01 8.869252077148106483e-01 8.894555462013810088e-01 8.890609663171870070e-01 8.935949389274508992e-01 8.975155093783711013e-01 8.819110264520426679e-01 8.856409780457334957e-01 8.941978069845162302e-01 8.984051779559882878e-01 8.868661077180873820e-01 8.925497808330936644e-01 8.993012728008634715e-01 9.007789910281654988e-01 8.933004477009971467e-01 8.854316845791047053e-01 8.969382405330638131e-01 8.878731452393198165e-01 8.884089266844076294e-01 8.984395448726895106e-01 8.788112139310215731e-01 8.845394344535093545e-01 8.882364638209189200e-01 8.923924978539711228e-01 8.933181962562044554e-01 8.919647309804531465e-01 8.962362768649668743e-01 8.772212754662379597e-01 8.941778630089585178e-01 8.960618158987518900e-01 8.986544669485077019e-01 8.984701437394124746e-01 8.922773273915399761e-01 8.915892176907150857e-01 8.855751211523892330e-01 8.866433510021873854e-01 8.925071212443188573e-01 8.927705655740620916e-01 8.933047885148399647e-01 8.930436013475731016e-01 8.934688130028908271e-01 8.953180093749576463e-01 8.946645946017710571e-01 8.829232299583744670e-01 8.921238579404194846e-01 8.860599488383545941e-01 8.861103931484378693e-01 8.947989778178903064e-01 8.878118788176035947e-01 8.945710192903005842e-01 8.906917734322261637e-01 8.925737294014433054e-01 8.960861403953458426e-01 8.927010002700246361e-01
-1.698285477427405885e-03 1.200311499627450817e-01 3.787791782592384027e-01 6.236287128250039835e-01 4.398036329266633016e-01 5.916756243123387771e-01 7.588207824844909188e-01 7.212029474556630460e-01 7.878874652081295782e-01 7.270571875962150710e-01 8.645428766782005114e-01 1.000000000000000000e+00 8.202815901274985722e-01 8.267509534277812655e-01 9.023824748694730946e-01 8.887049448289813247e-01 7.651310677146796468e-01 6.778366846295444947e-01 6.971359776963990118e-01 7.168979685737206786e-01 7.122048627265669118e-01 7.290934234952166637e-01 7.348634180965337714e-01 7.414003075597643821e-01 7.438935352470281703e-01 8.049480958812474940e-01 8.195681111769214100e-01 8.618102367191805557e-01 7.843675308308166727e-01 8.280962484326922501e-01 8.778608303702822857e-01 8.969289458249134483e-01 8.657914006587551503e-01 8.825187980324653569e-01 8.492250883412765239e-01 8.892373972160017015e-01 8.992078958955987966e-01 9.031362500623452139e-01 9.035127251993955166e-01 9.219230642563093214e-01 9.233687108703630964e-01 9.280147900685834506e-01 9.228310048349079864e-01 9.233223258983319637e-01 9.269177099697848421e-01 9.147967301649068128e-01 9.379088927288919963e-01 9.322810860103527553e-01 9.301059681375068999e-01 9.194873763760899044e-01 9.284773745449971249e-01 9.258721619510269507e-01 9.261387127175164657e-01 9.165074079728562362e-01 9.021814930053690951e-01 9.105467309714521118e-01 9.139711540095192266e-01 9.322888165425547990e-01 9.265246854705131430e-01 9.366216310261098466e-01 9.405583978189324679e-01 9.276957208273418631e-01 9.205848938947484017e-01 9.265176580826184338e-01 9.172922664824887384e-01 9.326468514618500016e-01 9.367317353822708359e-01 9.283639550623858927e-01 9.263926208459892786e-01 9.311382589240320140e-01 9.140927553507887104e-01 9.184287339936203498e-01 9.229130179023784519e-01 9.198082141888774821e-01 9.296722032683651937e-01 9.294405700929476710e-01 9.308161944754541617e-01 9.143134192502841984e-01 9.294143494258719773e-01 9.220210306409377665e-01 9.308936309927666741e-01 9.367243379354744937e-01 9.233513310332390756e-01 9.224694791498261326e-01 9.329540991852998122e-01 9.355684937027752834e-01 9.385381021677414726e-01 9.379875174479527233e-01 9.371727291035172325e-01 9.268432307136724724e-01 9.390795398239533132e-01 9.423092979541737302e-01 9.416520651184696611e-01 9.410360426688132440e-01 9.432029112307764862e-01 9.410239424593833668e-01 9.391027107061947765e-01 9.316044187619622052e-01 9.410009381149047059e-01 9.394274829554003503e-01 9.411724358624794506e-01 9.374919901253497834e-01 9.429164422688182112e-01 9.438719800707913166e-01 9.437673332227827228e-01 9.312481031342090265e-01 9.410784196919356193e-01 9.343411082106973797e-01 9.336963858697023833e-01 9.419406778079897347e-01 9.378816578157703754e-01 9.426189530766805325e-01 9.388760534771112276e-01 9.393392600324360631e-01 9.334892201277299462e-01 9.391073858833585142e-01
1.208500979345013878e-03 1.494217403786135545e-01 3.080382257916469690e-01 5.281576206792597539e-01 4.478445601139687260e-01 5.400839793638743114e-01 7.093416509905665635e-01 7.025722289187585901e-01 7.210490273722237609e-01 6.889841891294681275e-01 7.651727617432499962e-01 8.202815901274985722e-01 1.000000000000000000e+00 7.491456028546507051e-01 8.382932002728377130e-01 8.361630419308818674e-01 7.019596987499341356e-01 6.046435434103600848e-01 6.179567613770727830e-01 6.434077817884275019e-01 6.295719070439752540e-01 6.225948944443280286e-01 6.935281345036247158e-01 6.553200008456592229e-01 6.460345745365341230e-01 7.380622392390641107e-01 7.329820655765498794e-01 7.807075765493360908e-01 7.247852876685845214e-01 7.486134670805590918e-01 7.845565342440997680e-01 8.289066945602545644e-01 7.939158422342348365e-01 7.999444337180181552e-01 7.773476250966082635e-01 8.029576524293589035e-01 8.139853566393422390e-01 8.342037088534736133e-01 8.241840427160177507e-01 8.350774348870666497e-01 8.483097240719797982e-01 8.471834536670955762e-01 8.418418246222802992e-01 8.424670814945752761e-01 8.395474802866630393e-01 8.285554238029515517e-01 8.579979373784326624e-01 8.611219216843961632e-01 8.528668563558693405e-01 8.367891011502160969e-01 8.485508129411232225e-01 8.299448229556475320e-01 8.377175895086332869e-01 8.479794381029673866e-01 8.392030843314399746e-01 8.506592458599804285e-01 8.446878357685649874e-01 8.588552324384413073e-01 8.542577741677243042e-01 8.579426693864021791e-01 8.582203089642018723e-01 8.539467577755285310e-01 8.418302522282389289e-01 8.525212154221533112e-01 8.340431494342775975e-01 8.537984703447659696e-01 8.596561636964427100e-01 8.454974432015437413e-01 8.511772638974360872e-01 8.465390936700876168e-01 8.263706684243898870e-01 8.299484621274458851e-01 8.405094137337737470e-01 8.248013876736544070e-01 8.506104872831621311e-01 8.447072582481445213e-01 8.505357906659217759e-01 8.369918640814776323e-01 8.473628852300837400e-01 8.386154181450354850e-01 8.465729610852934517e-01 8.501494630738620772e-01 8.552258114049331450e-01 8.455440624712307063e-01 8.574640446217047796e-01 8.534388101390487646e-01 8.564082895897309200e-01 8.646122090007331007e-01 8.569891849040213172e-01 8.600199905056061800e-01 8.592776773673002078e-01 8.627750631530283210e-01 8.579313677362363499e-01 8.597417653438513829e-01 8.624713887064385798e-01 8.645188846695176510e-01 8.599650119680830596e-01 8.508955570854219719e-01 8.614249510444067504e-01 8.604873446506747792e-01 8.610071685139395470e-01 8.584089890386172872e-01 8.610467785387536654e-01 8.639120212504672880e-01 8.615576630916641498e-01 8.593909384763983583e-01 8.642308822688996583e-01 8.627656822746714305e-01 8.615404174967029594e-01 8.630018809718474904e-01 8.642011681387130606e-01 8.649771625362610017e-01 8.636600775009407593e-01 8.618316118974251872e-01 8.538471939389398191e-01 8.614511494347639742e-01
