1.000000000000000000e+00 1.631600537496598613e-01 3.785109718259254546e-02 4.073813758804595286e-02 1.806794823442140277e-02 5.745187895615485110e-03 8.402383823642141716e-03 2.246237866905268638e-02 8.268371897814186244e-02 7.870319991247183566e-02 1.391127734679136960e-02 2.379310768555419411e-02 2.521826534408350140e-02 -1.569440895987199783e-02 7.219012489232319064e-03 2.063082120440897990e-02 1.075173816644693497e-01 -1.462934375701967216e-02 -1.351266199911548525e-02 5.809941454452604431e-02 1.409797984915366065e-02 5.748034593996435328e-03 1.494253350005993186e-02 -4.907079477192364397e-02 -4.594758434619656412e-02 3.995274216681048846e-02 2.574723977699556327e-02 -2.688129834345025920e-02 3.815996874378124043e-02 3.870118645939848306e-02 3.795401272972112605e-02 1.651191580512223131e-02 -2.940858742052090621e-02 -1.115435180172312003e-02 3.285398839654833647e-02 3.146762524249573090e-02 7.966157096365283560e-03 -5.000167637498346453e-03 -1.321183318289338715e-02 -3.486334179256535964e-02 7.741094512591503544e-03 -2.784152590757022275e-02 -3.141979881096647331e-02 7.384156655561752462e-04 5.941332606830708636e-03 -2.329021573179082885e-02 1.134664313749489048e-02 1.972499181185228406e-02 2.485653165348228333e-02 2.059423157355299086e-02 5.619798318086976531e-04 3.737975968195618448e-02 4.637572620540777318e-02 4.619304412272846189e-02 3.844052009808746062e-02 1.905593415663746348e-02 8.115504290334270288e-02 1.580130859650090772e-02 1.206302876363915706e-02 3.867433316501718565e-02 1.160044773150949692e-02 5.054815372633889720e-02 2.585697233170288281e-02 3.963326413390130115e-02 7.456341621750812998e-02 7.666967668530014213e-02 1.857824249897704547e-02 -1.360099325525964548e-02 -1.996933828188786429e-03 7.690060925696482440e-03 -8.844806872212637380e-03 2.278018171466231982e-03 -1.798281891953034534e-02 -2.059771284133378455e-02 1.255617212901720577e-02 8.782201925811273027e-03 -2.715006193111896976e-02 1.645349988092297683e-02 -1.276191626213902218e-02 2.191877193015605296e-02 2.766194464231242454e-03 1.101366049527924447e-02 1.881690288469945252e-02 -6.037969868892522620e-04 -2.187674866626580783e-02 -1.029357230375689720e-02 1.729706923404442662e-03 -9.484610723898490720e-03 -1.566742753024379445e-02 5.187095150647228273e-03 -3.713470567102509362e-02 -1.208799490887741551e-02 -4.847730445717249315e-03 -1.866600949467479842e-02 6.052197044602650178e-03 1.408882603848583479e-02 -1.840825976225515716e-03 4.184350722236114539e-02 2.779716104332849436e-03 -1.603780606472857834e-02 -2.034367842935595055e-02 1.377550444933562344e-02 1.945873409981857885e-02 5.872367791672435805e-03 2.435338971559713669e-02 5.051153076270205322e-02 3.084642495461726447e-02 1.533509548995533670e-02 2.010436445656364063e-02 1.076927071511279456e-02 4.944216658947882780e-03 2.572775802444340204e-02 2.592269253850015137e-02 2.276905797858093383e-02 4.360715498115987077e-02 5.344783004188487924e-02
1.631600537496598613e-01 1.000000000000000000e+00 8.469367387859291774e-02 1.025559331817244707e-01 1.153288352297169583e-01 1.042982813522955882e-01 1.109902201606490502e-01 1.226410602341188316e-01 1.840030702132563201e-01 1.866715402076790098e-01 1.386207777982206013e-01 1.465565300173331253e-01 1.469563952932537720e-01 1.070154451355189301e-01 1.492989712312962070e-01 1.523853004367914932e-01 1.810127862054731196e-01 8.462369678394947303e-02 1.004907670195130109e-01 1.409291497633397283e-01 8.696940623195927034e-02 9.430960703977868398e-02 1.386817961259519116e-01 7.299201383042508429e-02 7.082889056484517609e-02 1.300603167833198348e-01 1.288415284928840499e-01 1.100617176723979879e-01 1.400817171200689770e-01 1.295765973355023637e-01 1.586529008166314703e-01 1.421615226752331873e-01 8.772075214991416348e-02 1.059759732430565898e-01 1.223769819606340681e-01 1.430830596420366585e-01 1.357313694628915768e-01 1.119719827436102544e-01 1.164409966670990199e-01 1.049579053311752580e-01 1.443154786845995685e-01 1.235070263315960482e-01 1.241305784653292665e-01 1.412190365473355025e-01 1.431044741315610214e-01 1.357423312011819538e-01 1.592234450837794468e-01 1.631895935594225855e-01 1.463875997256537942e-01 1.033637058574904122e-01 1.241278033582504520e-01 1.346515025134518428e-01 1.575396723233302154e-01 1.770391739128797937e-01 1.720375966535098167e-01 1.577020935750593489e-01 1.798813540741818484e-01 1.546475681078171571e-01 1.599811145031413695e-01 1.731981302086068875e-01 1.510364927501672561e-01 1.798601368493899233e-01 1.616109674504318250e-01 1.605518224704341745e-01 1.898425375587278752e-01 1.865972441783138314e-01 1.626097860701684328e-01 1.337506589239997323e-01 1.443282823833441364e-01 1.516185007969076126e-01 1.287684182075937434e-01 1.444377658821164589e-01 1.303881689131548005e-01 1.220955438966607742e-01 1.460880016833639716e-01 1.481720070594851890e-01 1.252387375857952900e-01 1.491262494348676859e-01 1.375296434555705327e-01 1.528118596488368952e-01 1.509867228622922830e-01 1.556559211180849056e-01 1.621080689979532419e-01 1.441527612226068122e-01 1.183306401859962748e-01 1.290727917388043156e-01 1.495977119800369348e-01 1.378450246586848393e-01 1.358316445573787279e-01 1.601327991384951521e-01 1.263162207460875042e-01 1.434981344846904261e-01 1.470289272003614534e-01 1.421443444454113525e-01 1.541831835254713901e-01 1.628634730622156579e-01 1.257198502354001102e-01 1.506874770114756956e-01 1.471329129297372085e-01 1.313667954996036169e-01 1.301245889628531438e-01 1.469632487466812076e-01 1.556643528478277583e-01 1.463059182670965463e-01 1.527372493250624963e-01 1.751730318079599003e-01 1.610446853098641551e-01 1.625458911794980255e-01 1.650085018880869947e-01 1.560974819006743786e-01 1.570588462705596877e-01 1.667663982628734276e-01 1.694884815653498467e-01 1.558033311542803556e-01 1.712082773207491415e-01 1.797772163780115562e-01
3.785109718259254546e-02 8.469367387859291774e-02 1.000000000000000000e+00 3.275975805089333948e-01 2.275807535163166528e-01 2.225607830071315296e-01 3.889886626408767256e-01 3.352555130682387530e-01 3.664759206701612704e-01 3.090340406781839078e-01 3.701410009669579559e-01 3.996321393488225793e-01 3.366374741997686382e-01 3.251354560095642832e-01 3.871647560404820054e-01 3.693164329981198923e-01 3.571351610357753059e-01 3.592024591497167130e-01 3.701867237911369291e-01 3.006391047904423686e-01 3.532104815084342042e-01 3.603433461619340306e-01 3.698551371100772811e-01 3.434384618140927103e-01 3.568227174405436131e-01 3.833705512832771278e-01 3.892648290754492368e-01 3.917381939489393283e-01 3.713860567469929874e-01 3.871707456498280076e-01 3.943280482302310430e-01 4.091871633424268295e-01 4.055412028990266760e-01 3.999773931350490974e-01 3.898296244906423458e-01 3.960488446497810178e-01 3.989968558288645717e-01 4.034396475082345779e-01 4.010903848095803137e-01 4.113911513084626548e-01 3.945344255335063166e-01 3.992483035775378775e-01 3.978005421824357679e-01 4.012817599710773453e-01 4.089739072695965372e-01 3.924708387024080647e-01 3.822372576374618025e-01 3.854561775918382005e-01 3.907552464043091978e-01 3.937058823433060017e-01 3.991329343290216380e-01 4.066775382486836898e-01 3.997669793430373431e-01 3.823999512081916463e-01 3.892224751844955422e-01 3.979312453104000835e-01 3.854716063249744029e-01 3.945574010211440608e-01 3.865398880931495973e-01 3.834491652011577378e-01 3.899219690622447998e-01 3.891428403824794269e-01 3.876302248666699257e-01 3.897153556994415458e-01 3.744526253643546965e-01 3.902449125547826081e-01 3.919990294751914406e-01 3.976681124595076167e-01 3.979214362475567701e-01 3.850605563528441411e-01 3.958602103141789508e-01 3.939671206766293121e-01 3.923515438277335177e-01 3.947395621598920323e-01 3.987072432143612399e-01 3.928027681036252994e-01 3.927221719953141732e-01 3.842018650883792241e-01 3.885267204275995034e-01 3.890854387514874890e-01 3.991972966115376331e-01 3.963716874402196111e-01 4.018206767907344656e-01 3.953796953178859153e-01 4.053978228755584223e-01 4.022790946208056329e-01 4.068657247778786901e-01 4.013005122209710174e-01 3.974969233345270747e-01 4.001679695404889991e-01 4.045877425145989470e-01 3.944801292244300428e-01 3.973546229156339482e-01 3.967238987236935133e-01 3.867305942054030110e-01 3.862268218155288091e-01 4.042577304616232214e-01 3.957185259548323675e-01 3.881589141674081644e-01 3.998921667416244219e-01 3.982840297563438603e-01 3.934205401539001001e-01 3.928441612941150352e-01 3.951330959850328783e-01 4.002084354175390324e-01 3.884574728661633891e-01 3.913920166320770666e-01 3.886593876072937381e-01 3.916735004922309860e-01 3.857712685811652276e-01 3.894030155997558751e-01 3.857598004716605855e-01 3.905750062191185590e-01 3.920624692819728585e-01 3.876110720329663528e-01 3.836906335668822665e-01
4.073813758804595286e-02 1.025559331817244707e-01 3.275975805089333948e-01 1.000000000000000000e+00 3.658582692096959410e-01 3.775868876486876413e-01 5.953450111529319244e-01 5.457615510017453930e-01 5.918961761431338342e-01 5.162392871267907912e-01 6.080092498598659301e-01 6.500383472575457233e-01 5.729023790754484979e-01 5.652163399745606664e-01 6.413920628891006670e-01 6.198277299854556555e-01 6.116931195245478570e-01 5.576865887736826011e-01 6.021339035749010415e-01 5.102028025735267924e-01 5.703066057106522813e-01 6.007602391306282597e-01 5.767291528585354321e-01 5.451545721452809579e-01 6.006659620911677377e-01 6.323857900183912362e-01 6.390291796099114574e-01 6.419718502201993138e-01 6.194594387687946124e-01 6.373272572380587198e-01 6.574058278492369567e-01 6.452991770549481032e-01 6.224404837568749960e-01 6.322981476896647468e-01 6.290665901026405438e-01 6.387379106306065868e-01 6.473014438174061747e-01 6.448719731685274015e-01 6.564011371119545801e-01 6.359747033734536314e-01 6.492831330470894002e-01 6.472883121868243661e-01 6.417095954542916258e-01 6.540317308694647558e-01 6.526854419732462942e-01 6.450844475403195721e-01 6.383216092373319439e-01 6.432538610226561371e-01 6.395072746300755062e-01 6.322734857430484245e-01 6.525737880803385016e-01 6.585333113273467154e-01 6.320769354692611364e-01 6.321346773848471878e-01 6.307240996485143913e-01 6.444954158783273712e-01 6.184869687687312156e-01 6.351134861033205237e-01 6.276507599895697620e-01 6.384131424070165206e-01 6.434036315642078785e-01 6.308819445160298578e-01 6.343217697236004371e-01 6.458365510646167928e-01 6.349123844122606108e-01 6.418811758454278094e-01 6.470158829684435897e-01 6.450860389026144004e-01 6.445511527012902642e-01 6.358522738359373427e-01 6.494014487193259244e-01 6.514635661205927519e-01 6.350513533821471324e-01 6.448447757522491885e-01 6.521804027251669744e-01 6.487236446633974918e-01 6.507295445480116847e-01 6.482651172231017611e-01 6.470887089187312702e-01 6.480190881045727602e-01 6.494756233933540734e-01 6.533937575539502385e-01 6.539218642694419881e-01 6.501529791313038764e-01 6.476620374301477190e-01 6.543069798947844795e-01 6.528015481906684903e-01 6.504466410241263041e-01 6.514837266495063783e-01 6.466936539330864209e-01 6.453671422634121857e-01 6.506041220273857117e-01 6.503407187535260592e-01 6.502595333409754152e-01 6.413970768155732305e-01 6.417449080941870498e-01 6.396206943786495458e-01 6.395703572861964892e-01 6.413718205124195881e-01 6.479402492916547240e-01 6.465982546459536628e-01 6.447456063352198230e-01 6.421642328967374080e-01 6.498219810437860788e-01 6.579914687428656261e-01 6.329494307937343356e-01 6.368820225447080485e-01 6.442138245188845369e-01 6.410078332910770227e-01 6.419717802326667666e-01 6.418248731064247758e-01 6.407802501055281930e-01 6.395680607922162864e-01 6.439696149186268093e-01 6.456037557876086463e-01 6.407717068910810942e-01
1.806794823442140277e-02 1.153288352297169583e-01 2.275807535163166528e-01 3.658582692096959410e-01 1.000000000000000000e+00 3.108039650492407935e-01 4.381586117643633260e-01 4.062128788718122330e-01 4.481282889702196681e-01 3.837858871747254486e-01 4.475171861112710592e-01 4.731887282722355148e-01 4.648136856099543412e-01 4.372274663884257451e-01 4.912430778343124249e-01 4.751040570599609492e-01 4.307959807292462417e-01 3.421385911382117673e-01 3.897531443865028811e-01 3.671235468902638854e-01 3.422960893629815593e-01 3.918643098646347744e-01 4.029812398730527878e-01 3.448705853221244455e-01 3.879371193165128684e-01 4.683490737310505025e-01 4.688370699808666053e-01 4.552935154813693153e-01 4.673980382527209709e-01 4.610207162706895789e-01 4.930808139971565307e-01 4.541690215027064381e-01 4.415434074445625523e-01 4.364460548857243549e-01 4.532107402464606305e-01 4.560196223882653221e-01 4.682977904804178082e-01 4.691817068187897344e-01 4.736853351739596651e-01 4.503035940345447297e-01 4.792750081032042253e-01 4.816621411664470109e-01 4.684566849110959330e-01 4.954999336194682580e-01 4.811901269445822416e-01 4.893046370331440298e-01 4.900187509130629060e-01 4.891198915562203209e-01 4.869531066452265633e-01 4.530730104929223678e-01 4.839495242408509146e-01 4.660107623338592964e-01 4.871373728354815302e-01 4.893374319281088569e-01 4.834223276055931717e-01 4.834735675103531416e-01 4.671203504126415496e-01 4.874432753906851046e-01 4.831743133966640569e-01 4.960733330266413610e-01 4.926931701787734541e-01 4.903573751048471707e-01 4.869260461709446486e-01 4.874499772694008137e-01 4.853427166735245768e-01 4.910180652174373495e-01 4.877035686988898111e-01 4.719284644859584876e-01 4.781546877095838588e-01 4.839514771429951345e-01 4.674732615106607647e-01 4.818802480621836026e-01 4.534533997571191244e-01 4.603762099503584948e-01 4.901102058797264793e-01 4.874835094957293835e-01 4.834136579075414830e-01 4.926635591050071428e-01 4.864983998121123476e-01 4.911189702737103757e-01 4.902210694757450637e-01 4.984260139538124190e-01 4.802302442428680318e-01 4.846932457514971371e-01 4.732975416779021116e-01 4.751061805290039408e-01 4.859180027383277478e-01 4.838790185263023846e-01 4.892224418559415478e-01 4.866872010261835135e-01 4.722989042122930359e-01 4.931153245161713494e-01 4.915488361490866209e-01 4.913464297723639795e-01 4.928818990009813938e-01 4.917109766686850736e-01 4.780112956532786006e-01 4.824719989065323622e-01 4.890267252707528045e-01 4.852702834098228668e-01 4.873070742641076314e-01 4.867314182759255314e-01 4.958811113737968124e-01 4.968236641621324168e-01 4.942812037445709628e-01 4.814075694419818752e-01 4.891685420723229649e-01 4.923391154893582145e-01 4.888975018655774551e-01 4.939603480759559018e-01 4.879089832123306159e-01 4.955812180912303466e-01 4.921614492995792234e-01 4.924598273121320036e-01 4.901874356382571740e-01 4.923166753563470444e-01
5.745187895615485110e-03 1.042982813522955882e-01 2.225607830071315296e-01 3.775868876486876413e-01 3.108039650492407935e-01 1.000000000000000000e+00 5.199981481976516662e-01 4.632673362943381945e-01 5.370367137181419892e-01 4.887969551804137169e-01 5.395653970080129813e-01 5.697994984888685721e-01 5.191970704489672350e-01 5.101268109983146948e-01 5.745868214196627743e-01 5.818693955677527452e-01 5.339562353138894713e-01 4.817928667938953247e-01 5.004957733798806041e-01 4.486296369483200319e-01 4.616932141309341153e-01 5.004051432944091049e-01 5.155913442474718833e-01 4.729526375705068730e-01 5.088298268632762689e-01 5.598068600649847015e-01 5.554003874518963491e-01 5.504602884843066146e-01 5.417567431176908421e-01 5.648752803369643249e-01 5.873621477384466383e-01 5.667433887403647841e-01 5.293739201089371349e-01 5.489106492153756900e-01 5.503235527112984027e-01 5.536242582265522572e-01 5.780061389766114610e-01 5.675505904955142622e-01 5.832718850580114189e-01 5.631677539986268410e-01 5.844308891982421539e-01 5.847536783959916828e-01 5.677318915922944242e-01 5.898698661097213636e-01 5.820062497619536979e-01 5.824415724728716492e-01 5.951625031457228321e-01 5.954787731526929306e-01 5.870835301646427640e-01 5.517310798631738233e-01 5.811022124103969455e-01 5.589125198624604884e-01 5.878285416515016681e-01 5.898043703031101703e-01 5.857520737646757514e-01 5.854704041968497030e-01 5.746834790168974250e-01 5.904781708435997700e-01 5.928057628174643323e-01 5.951906243731469592e-01 5.975476041497428392e-01 5.927937050906837424e-01 5.878049428089393569e-01 5.897912289976064981e-01 5.854847854015540198e-01 5.858856306195556751e-01 5.975603643313874835e-01 5.866762965081907533e-01 5.898948609556956546e-01 5.852942300422345756e-01 5.796010911444556823e-01 5.908356340428275733e-01 5.769973899421472208e-01 5.821960457495778396e-01 5.916600440529922178e-01 5.912794458274694964e-01 5.849359272372210983e-01 5.851823771522679518e-01 5.885954441145638816e-01 5.952341611862127513e-01 5.974051202248598091e-01 5.978983355157496682e-01 5.959857758369377922e-01 5.969628241546449665e-01 5.805119264890201691e-01 5.868086666458717238e-01 5.944375192992333856e-01 5.887857555066816628e-01 5.945634192338573598e-01 5.915525572769638751e-01 5.836268630849725803e-01 5.941344946622134637e-01 5.925377705444393461e-01 5.943998703976416387e-01 5.961959015371133264e-01 5.954599490500434023e-01 5.836718424312191678e-01 5.864246044218669462e-01 5.936700188067096651e-01 5.897781741420667911e-01 5.917259543587936044e-01 5.945828062835073480e-01 5.918311414417516403e-01 5.942012831117460259e-01 5.941900654721762320e-01 5.903486561383413100e-01 5.947286323027357602e-01 5.958716294872528074e-01 5.938599491173556233e-01 5.938523866321221423e-01 5.933718434259369623e-01 5.955734873233508031e-01 5.944000269583368246e-01 5.958647340429448214e-01 5.939783331306269787e-01 5.932465140158411643e-01
8.402383823642141716e-03 1.109902201606490502e-01 3.889886626408767256e-01 5.953450111529319244e-01 4.381586117643633260e-01 5.199981481976516662e-01 1.000000000000000000e+00 6.939084589369727274e-01 7.431558669925607541e-01 6.734236900687123883e-01 7.696272961281379610e-01 8.193502356453521429e-01 7.420971659455224412e-01 7.333564345553507113e-01 8.474209200738277437e-01 8.013429832290021038e-01 7.487911025519716768e-01 7.284999815654182864e-01 7.709628639491642454e-01 6.453429144189103406e-01 7.141801596603558622e-01 7.521735003274903075e-01 7.778548903628906830e-01 7.322926883279370358e-01 7.758565089341102894e-01 8.197956348578457897e-01 8.071763707706082203e-01 8.247650344957964119e-01 7.779759959651690870e-01 8.224295846667306620e-01 8.336742468861764177e-01 8.221389667291825187e-01 7.971804303384993906e-01 8.067529808055478036e-01 7.989261949204504720e-01 7.932949876152036728e-01 8.262096933402454102e-01 8.224037774549868285e-01 8.400924666727336287e-01 8.342335478634521628e-01 8.390330320297278988e-01 8.518270894311942287e-01 8.343733236762597150e-01 8.450819232225286193e-01 8.443292718540876818e-01 8.444609599173475978e-01 8.343980585428514285e-01 8.344372426019072142e-01 8.321385847417341886e-01 7.912250722901668087e-01 8.346833755285402168e-01 8.143404975355129638e-01 8.278951123674580526e-01 8.268596986224316936e-01 8.206448824069794146e-01 8.399435459954073258e-01 8.021332270744888637e-01 8.342176895755688548e-01 8.285643896217277371e-01 8.275738186668631924e-01 8.359013675808328880e-01 8.248623811195827660e-01 8.260830801817600211e-01 8.253471192412095148e-01 8.069375503478494194e-01 8.187543056364390281e-01 8.381016581712809055e-01 8.433559598374462674e-01 8.485570219232715372e-01 8.346143006840549550e-01 8.370470524177230365e-01 8.443942430864989079e-01 8.365873901455871398e-01 8.411074589450919792e-01 8.469099490543681164e-01 8.451412412986849532e-01 8.543001255670468197e-01 8.313334939399792400e-01 8.461609586170346642e-01 8.405330705384942425e-01 8.460134982538475290e-01 8.419674419528438980e-01 8.498407498308162555e-01 8.481840928773691779e-01 8.468992333970449815e-01 8.479735915499311272e-01 8.464998993108224790e-01 8.483708292039263688e-01 8.464743117806919903e-01 8.488634409056441399e-01 8.534188248421171741e-01 8.498568103454131606e-01 8.479740575894479937e-01 8.504060682581353614e-01 8.370745477736505347e-01 8.374392302369358942e-01 8.424854793872116332e-01 8.290195620833459289e-01 8.386456980213560231e-01 8.472901576203087926e-01 8.474658632080105392e-01 8.352055804971799668e-01 8.361393319563852344e-01 8.426747299144378145e-01 8.443882216539082552e-01 8.277053458342431558e-01 8.362111226631215866e-01 8.400898751385826868e-01 8.393008096540375274e-01 8.376133192038034414e-01 8.395165350664597348e-01 8.341385359331298099e-01 8.366512599925469695e-01 8.386174813285512952e-01 8.290192304046204441e-01 8.279614836377751086e-01
2.246237866905268638e-02 1.226410602341188316e-01 3.352555130682387530e-01 5.457615510017453930e-01 4.062128788718122330e-01 4.632673362943381945e-01 6.939084589369727274e-01 1.000000000000000000e+00 6.983354501353126187e-01 6.324929834039239029e-01 7.080614593579838134e-01 7.527697474995109772e-01 7.043403653556438160e-01 6.741554119356999442e-01 7.598591144866818636e-01 7.561229658965348266e-01 6.888231730943576991e-01 6.354549947551856315e-01 6.779996038828272065e-01 5.256496295818361419e-01 6.313087254097515810e-01 6.700250522752401183e-01 6.632860371305474567e-01 5.951024726333457027e-01 6.564572203701154463e-01 7.437259095413529808e-01 7.298232489229848907e-01 7.242845348298717623e-01 6.987036261066751353e-01 7.335229817024214727e-01 7.614046234596625329e-01 7.565990187422029223e-01 7.361617795895004646e-01 7.423513078712232760e-01 7.397341018149740099e-01 7.336887431289750294e-01 7.514810691243437590e-01 7.793395941445457886e-01 7.670504654178305071e-01 7.491765641544054777e-01 7.647230801401116995e-01 7.666308783350309630e-01 7.454616572357154469e-01 7.787255845245056873e-01 7.652362728979456019e-01 7.617737855127436619e-01 7.709168080458643768e-01 7.740753438483048976e-01 7.821535217001233109e-01 7.726578498482324919e-01 7.877927314985198048e-01 7.408734720572269783e-01 7.667278574964773163e-01 7.660933972384103008e-01 7.683476705098170045e-01 7.675967149931515188e-01 7.636228276186991515e-01 7.762395046009680222e-01 7.751692305807521555e-01 7.681732226298231270e-01 7.765676118588874521e-01 7.686568184470092824e-01 7.742630648598046728e-01 7.749624762035918213e-01 7.590380638770782840e-01 7.651585522859636335e-01 7.727466856499910497e-01 7.623193328160676741e-01 7.624898055477901115e-01 7.437509988232386959e-01 7.622835642253640298e-01 7.718397743607988692e-01 7.435172225207959951e-01 7.513981689119211271e-01 7.719014708289342330e-01 7.679033217850562698e-01 7.577801688609425712e-01 7.545366852626391729e-01 7.606497409487795736e-01 7.723819245821742507e-01 7.691725298654951137e-01 7.746491778245586657e-01 7.718065523493720104e-01 7.722654096582389771e-01 7.790584085913299095e-01 7.759288955940017996e-01 7.721760008929318131e-01 7.827847444891233852e-01 7.745595167107780510e-01 7.718063149903923170e-01 7.631423008572972844e-01 7.774437660480123524e-01 7.707604712078768294e-01 7.746025447921207618e-01 7.737245736702537124e-01 7.737234770743750545e-01 7.819333023915613357e-01 7.798818654257804184e-01 7.751758155421579755e-01 7.785489968341451350e-01 7.731262330309824904e-01 7.815074327443294333e-01 7.736732505030775586e-01 7.812159815081325398e-01 7.789170938563956259e-01 7.720488282554857085e-01 7.788538901007380222e-01 7.706093369362971846e-01 7.750723823858810535e-01 7.758223559613408593e-01 7.763640914430040008e-01 7.714716466375490800e-01 7.743541355442479235e-01 7.795797060504466858e-01 7.722596357189833727e-01 7.677856665300837324e-01
8.268371897814186244e-02 1.840030702132563201e-01 3.664759206701612704e-01 5.918961761431338342e-01 4.481282889702196681e-01 5.370367137181419892e-01 7.431558669925607541e-01 6.983354501353126187e-01 1.000000000000000000e+00 7.455798601305793083e-01 7.996404383701831708e-01 8.460155631991560510e-01 7.732898612345849854e-01 7.665840976451377964e-01 8.587083789523609623e-01 8.457020240678547740e-01 8.187432739339569610e-01 7.016691376370367550e-01 7.545006594351507667e-01 6.623790068315634771e-01 6.914967551685048397e-01 7.428799816378928167e-01 7.699334339215193612e-01 6.877402632281375272e-01 7.308290886086967753e-01 8.481610762400301207e-01 8.320661090642952340e-01 8.005676650291041474e-01 7.935143292429738260e-01 8.413211264566234915e-01 8.770725643044264830e-01 8.429628755151049591e-01 7.837860065926729458e-01 8.114113361972595806e-01 8.315778675563997302e-01 8.264167394058408167e-01 8.549997063951136900e-01 8.459342857451908060e-01 8.544241603372412230e-01 8.114965455594539412e-01 8.658164521665776547e-01 8.521333714577670193e-01 8.333043003348826749e-01 8.718755569210993039e-01 8.585430368929245493e-01 8.598453503573222356e-01 8.815740200323434195e-01 8.896922684700108164e-01 8.802718430768943225e-01 8.272951061854970645e-01 8.660669312711143375e-01 8.370308083973744262e-01 8.796181362168953299e-01 8.886700475537565591e-01 8.803752169966417851e-01 8.753713703274236257e-01 8.679620314008058557e-01 8.773546190608273454e-01 8.786633202155161859e-01 8.897859799706597794e-01 8.826936412796316800e-01 8.875889158409770996e-01 8.793953643181947610e-01 8.807952950848908502e-01 8.892956437488721555e-01 8.893698780384486913e-01 8.867199372061791429e-01 8.648607238087215876e-01 8.714434580438462641e-01 8.682701296775787725e-01 8.595207262497036593e-01 8.750254572205692360e-01 8.484447986135862374e-01 8.508112334554551737e-01 8.785607812703326580e-01 8.789681930328401283e-01 8.549532846592294844e-01 8.635829343474167308e-01 8.655607593089900131e-01 8.861585219448431250e-01 8.790180913422316333e-01 8.860135805895685834e-01 8.829147052485923908e-01 8.757508575811784324e-01 8.562087861937295319e-01 8.684117123154795337e-01 8.774010543463710565e-01 8.740139336569590078e-01 8.733518012721607215e-01 8.787779968316264956e-01 8.488195774112660130e-01 8.777160196786267798e-01 8.757486741384914453e-01 8.750528145121267976e-01 8.865335998766498138e-01 8.895988741286374735e-01 8.599569061034361139e-01 8.780003609619457805e-01 8.801125765999258110e-01 8.698837081565679030e-01 8.663380167950071042e-01 8.809000400980157020e-01 8.854629616878734177e-01 8.830310303272694838e-01 8.861984904202998559e-01 8.843323906259874523e-01 8.876937811470569928e-01 8.899189380551053574e-01 8.884445410100486606e-01 8.860524934990769985e-01 8.839663502689470986e-01 8.902249745494362765e-01 8.897383966079766004e-01 8.858530455012962879e-01 8.938623805664995814e-01 8.933452978115069554e-01
7.870319991247183566e-02 1.866715402076790098e-01 3.090340406781839078e-01 5.162392871267907912e-01 3.837858871747254486e-01 4.887969551804137169e-01 6.734236900687123883e-01 6.324929834039239029e-01 7.455798601305793083e-01 1.000000000000000000e+00 7.253499181475109303e-01 7.671031340684184574e-01 7.019115910086333177e-01 6.891280402574508912e-01 7.802462663614313509e-01 7.652431311898204580e-01 7.450389213428865176e-01 6.226555069453749702e-01 6.884978042486743499e-01 5.752080638897760778e-01 6.218686510891170416e-01 6.738574864682539411e-01 6.900742745029639913e-01 6.070437009899761760e-01 6.534837765862844261e-01 7.665509531044099045e-01 7.588845564806065980e-01 7.287437245151572318e-01 7.196426177287763570e-01 7.656997066604978031e-01 7.985740919684042316e-01 7.571859855189301269e-01 6.987791568776919870e-01 7.209322625230355497e-01 7.518921201916802799e-01 7.483130448482692154e-01 7.766579811340106332e-01 7.558500813160309306e-01 7.733942180279359535e-01 7.393111896746210610e-01 7.892672039813243279e-01 7.705025267901319808e-01 7.547846816611634146e-01 7.883654743620049921e-01 7.822850107392643748e-01 7.846809798390312896e-01 8.036106273580957415e-01 8.116184160816349857e-01 8.008849058368603391e-01 7.296339144387757880e-01 7.746526190433458137e-01 7.511883628291129433e-01 7.998114855339437668e-01 8.171332108722932919e-01 8.073144398469905836e-01 7.981352383304037845e-01 7.983011404786565235e-01 8.048083140512202194e-01 8.050297331233385867e-01 8.125416430862945072e-01 8.034603080515179130e-01 8.169249943938414749e-01 8.051388830408536812e-01 8.028747378872431728e-01 8.092805704000355371e-01 8.130557715094410831e-01 8.110012192457839442e-01 7.864829532937669399e-01 7.900943472629913256e-01 7.854639467713173673e-01 7.825952291415800843e-01 7.952383922795764892e-01 7.710220742009767925e-01 7.686748847011058983e-01 7.992367139311887803e-01 8.013875256148517146e-01 7.798753726088087923e-01 7.873133371729986729e-01 7.883535044444914819e-01 8.055235589785968431e-01 7.992646266810254918e-01 8.059316331348694851e-01 8.052827929108858918e-01 7.957143056427733452e-01 7.684987472987813151e-01 7.823531392071094714e-01 7.998310027217591101e-01 7.899241402336906193e-01 7.934694959841713802e-01 8.048108230587520673e-01 7.700791548040936130e-01 7.963874478078765140e-01 7.969759592589028552e-01 7.960485227601726832e-01 8.065148428222433941e-01 8.146013206923783390e-01 7.768747767213065591e-01 7.916172012828547322e-01 7.989316739927048161e-01 7.843467335759853887e-01 7.859505686758677667e-01 7.961320835739897905e-01 8.053341389204684564e-01 8.005866064233269075e-01 8.034157904475047740e-01 8.111891852800722225e-01 8.090779885246224268e-01 8.135090771970518997e-01 8.135771620819209904e-01 8.090573233357357674e-01 8.095969233806700194e-01 8.142511970065374749e-01 8.146188115355648129e-01 8.048524903844926914e-01 8.136795525345879021e-01 8.168845757794698237e-01
1.391127734679136960e-02 1.386207777982206013e-01 3.701410009669579559e-01 6.080092498598659301e-01 4.475171861112710592e-01 5.395653970080129813e-01 7.696272961281379610e-01 7.080614593579838134e-01 7.996404383701831708e-01 7.253499181475109303e-01 1.000000000000000000e+00 8.705242220823115051e-01 7.837603286708763051e-01 7.751942003121394809e-01 8.718997367264282872e-01 8.555702630524045782e-01 8.041109992392009298e-01 7.247899500403401918e-01 7.829052907876402623e-01 6.402779067982655725e-01 7.146020113729149026e-01 7.652163652392041104e-01 7.744067879703587787e-01 7.177653439196859386e-01 7.702817540678696950e-01 8.609905989979971253e-01 8.505169765104647617e-01 8.394338316364724495e-01 8.006903549931991826e-01 8.545521962287037088e-01 8.915333165880852118e-01 8.610366527818533733e-01 8.274798147496102985e-01 8.412238906461427801e-01 8.464033588316175472e-01 8.455009631038805651e-01 8.827640479835132670e-01 8.666512663345873335e-01 8.859156251660572634e-01 8.584459192486351142e-01 8.853325651511554373e-01 8.802368090379212306e-01 8.715977520840927362e-01 8.924875872280987332e-01 8.851550729261995487e-01 8.854329133215282921e-01 8.932022169143557511e-01 8.949906005751204763e-01 8.888359168080939288e-01 8.410912019527364558e-01 8.861737897983813506e-01 8.519062403233782499e-01 8.829826626390920863e-01 8.868255328683692928e-01 8.771978696433652134e-01 8.865891802223425655e-01 8.566377229242724267e-01 8.915889903111324788e-01 8.872156308198938524e-01 8.916125569517344696e-01 8.973904854318587310e-01 8.859452021262623767e-01 8.834816092917919805e-01 8.867984463176570298e-01 8.731443466388716379e-01 8.809599045003166928e-01 8.965541431908466974e-01 8.879682334325480486e-01 8.891714037367657308e-01 8.758809293569885801e-01 8.818279268366999712e-01 8.914044969691875542e-01 8.717837278017197544e-01 8.775201740886083845e-01 8.956170348991853158e-01 8.933657870750516539e-01 8.830569075218568376e-01 8.727672712046044001e-01 8.848691582259305966e-01 8.924034834614794631e-01 8.946698854770397391e-01 8.988305288345388444e-01 8.944244733882461551e-01 8.945363639077743567e-01 8.850610104405699508e-01 8.905467292873121554e-01 8.983163507903920708e-01 8.941325275297326014e-01 8.981484704069214731e-01 8.944617058184821667e-01 8.845782074197549028e-01 8.987152601710545197e-01 8.980219652742363889e-01 8.985190691212124880e-01 8.976015811512653153e-01 8.980817725316586619e-01 8.823159130549012019e-01 8.792132348739296610e-01 8.943572843702966013e-01 8.926493567432998155e-01 8.943270058517559518e-01 8.904471262677089438e-01 8.948922829210484986e-01 8.989669266845906614e-01 8.971379938326626835e-01 8.836121481362358976e-01 8.916350933931490585e-01 8.974892419583186953e-01 8.966133699200222740e-01 8.983443826223537210e-01 8.963969826608495506e-01 8.957071575877001424e-01 8.951445910388113880e-01 8.956360210024189028e-01 8.919633266634108271e-01 8.900035476319326788e-01
2.379310768555419411e-02 1.465565300173331253e-01 3.996321393488225793e-01 6.500383472575457233e-01 4.731887282722355148e-01 5.697994984888685721e-01 8.193502356453521429e-01 7.527697474995109772e-01 8.460155631991560510e-01 7.671031340684184574e-01 8.705242220823115051e-01 1.000000000000000000e+00 8.284601182703895672e-01 8.177984207568889108e-01 9.259906986507232540e-01 9.019965191618990463e-01 8.465535146886371543e-01 7.780167169542110406e-01 8.348372876742078397e-01 7.001537318074060323e-01 7.734806625926653467e-01 8.220280203366276961e-01 8.323288998144576789e-01 7.719409459045450950e-01 8.299929740560041402e-01 9.133317060485505179e-01 9.052474387641256115e-01 8.948868331905602824e-01 8.599939263437251791e-01 9.070302923981027332e-01 9.419761497818458507e-01 9.175401692000750842e-01 8.754880369622456415e-01 8.940570100906651829e-01 8.936820894344822408e-01 8.961268936904035476e-01 9.268576482551454943e-01 9.199955752017061616e-01 9.359332614957138752e-01 9.060976348816319748e-01 9.361476522076197515e-01 9.318709723001025180e-01 9.163536714791608029e-01 9.450650023327024085e-01 9.335744882083009122e-01 9.351189614708862452e-01 9.406182946263342837e-01 9.439619727318030451e-01 9.396767144166219277e-01 8.952153891235942185e-01 9.386189103806369394e-01 9.054188879910110010e-01 9.300524730684407437e-01 9.341492657790190224e-01 9.298767761210410265e-01 9.400928624155706625e-01 9.084670162944431526e-01 9.359984305866041465e-01 9.358302354548652113e-01 9.391403222674328255e-01 9.438683231720131905e-01 9.339213576351024226e-01 9.334558679904636502e-01 9.355548223009659825e-01 9.262796731266874639e-01 9.324159196083299239e-01 9.467020220424827714e-01 9.381178114859031192e-01 9.396656036819684976e-01 9.310228365765960135e-01 9.338610501768067618e-01 9.448060278013340474e-01 9.227658359364159235e-01 9.311452590291533493e-01 9.463501688002464718e-01 9.438830249239222869e-01 9.349162452187669281e-01 9.272329016834836013e-01 9.393711987645131378e-01 9.460973234079800287e-01 9.449638391528254466e-01 9.469027636266097447e-01 9.457651695570781225e-01 9.426755233756334285e-01 9.349325011449249878e-01 9.421693768965440086e-01 9.458028961269130397e-01 9.459827990578084655e-01 9.468350950163635371e-01 9.444739720565406005e-01 9.314628574755127177e-01 9.471636996735705027e-01 9.458049320103631974e-01 9.469258307744878866e-01 9.448375096396054440e-01 9.452647478835405348e-01 9.318217540796902565e-01 9.324218591335645678e-01 9.420163517848803014e-01 9.431651970398373663e-01 9.407762387572317087e-01 9.414514470332242535e-01 9.437200606965894245e-01 9.467742626056450117e-01 9.481909278060489665e-01 9.320837564803928776e-01 9.415363626358389526e-01 9.456058018906645657e-01 9.449147797914587699e-01 9.449382187692518809e-01 9.431557539635317955e-01 9.437677532425222671e-01 9.433497197334224094e-01 9.440003438898203481e-01 9.408792835592362236e-01 9.393861702887483789e-01
2.521826534408350140e-02 1.469563952932537720e-01 3.366374741997686382e-01 5.729023790754484979e-01 4.648136856099543412e-01 5.191970704489672350e-01 7.420971659455224412e-01 7.043403653556438160e-01 7.732898612345849854e-01 7.019115910086333177e-01 7.837603286708763051e-01 8.284601182703895672e-01 1.000000000000000000e+00 7.473915925735418186e-01 8.542196996899026340e-01 8.346069879879643993e-01 7.684914141001195631e-01 6.875628003034242042e-01 7.502910176808055276e-01 6.164210798562302918e-01 6.745706808782856445e-01 7.355259424765151488e-01 7.490657642244604730e-01 6.749204387388934023e-01 7.421096703163589936e-01 8.313947653993377651e-01 8.154203622520577177e-01 8.033449911556542755e-01 7.889166186502133415e-01 8.260243201641370714e-01 8.577869298644212881e-01 8.118302683429846622e-01 7.807507258282392337e-01 7.880278851936871609e-01 8.020719310102558675e-01 8.097404850503169271e-01 8.420708836139412234e-01 8.222287991271937102e-01 8.471151248219107588e-01 8.089074785387517785e-01 8.531688783975728274e-01 8.480124000941425821e-01 8.383798730315491499e-01 8.640230222548229699e-01 8.459608022133042748e-01 8.579597297879658635e-01 8.657650947681204689e-01 8.648722010448002262e-01 8.549784937260633821e-01 7.991570919923380867e-01 8.498497295321196798e-01 8.204484626058432539e-01 8.519321645731091630e-01 8.541525102128434410e-01 8.417526175834114666e-01 8.495731777132741191e-01 8.147021870968880197e-01 8.593956978516261724e-01 8.492108690298727502e-01 8.683498990113792670e-01 8.687315460124552802e-01 8.560106222212420235e-01 8.480903833374175971e-01 8.578094718299431598e-01 8.506613397918918462e-01 8.536762020470370915e-01 8.667585322533927217e-01 8.531390424573110920e-01 8.542985150380779658e-01 8.462965684136860567e-01 8.513331540277034870e-01 8.626283914494572436e-01 8.327016330050924786e-01 8.452690322562852465e-01 8.652355370843634041e-01 8.629310964043073184e-01 8.518755546527176925e-01 8.550869771010044529e-01 8.608817615450435889e-01 8.698177992734227315e-01 8.638330553222196562e-01 8.709136305025789726e-01 8.608087520965962414e-01 8.605347102734425269e-01 8.505069440169573669e-01 8.547117796698761039e-01 8.660430684599882412e-01 8.606012783095114971e-01 8.670423171853036681e-01 8.632986607881906194e-01 8.485764822021976128e-01 8.702018360142655951e-01 8.672128980641976570e-01 8.682316256469835292e-01 8.700565059787530586e-01 8.692935013052367488e-01 8.522377025726017852e-01 8.516005538313394796e-01 8.667899873596357496e-01 8.651939000651146516e-01 8.672484059575328308e-01 8.594996113044990338e-01 8.673678516396637894e-01 8.722654339468467466e-01 8.691644776543043793e-01 8.519438275418852458e-01 8.624467510334394849e-01 8.679325602934783168e-01 8.646982862753941346e-01 8.702337370954909002e-01 8.628376818728404896e-01 8.717031036217772755e-01 8.663478170774721043e-01 8.697151585720078737e-01 8.670197393891083681e-01 8.651510348654005700e-01
