1.000000000000000000e+00 7.003300375578203063e-02 7.419939848838391638e-02 1.313608131751166364e-01 7.629365049866668191e-02 2.601257834604775790e-02 -3.438838066688167106e-02 4.913548264074626970e-02 2.265010249238346984e-01 8.696142266590574377e-02 5.056214688217033210e-02 5.027570714480986830e-02 3.993525055392960210e-02 -3.879904252734421707e-04 -4.474220622153798205e-03 1.743774722336259575e-02 1.709598006958072958e-01 9.805592796383218179e-03 3.201851172546155144e-02 8.743064134516870256e-02 9.894081194921267031e-02 3.270207668423550512e-02 4.970859798007139924e-02 1.831433746845574986e-02 1.940299331708812041e-03 4.443465527636056289e-02 1.813593409654989247e-02 -5.113607400866197056e-03 2.786487064573515970e-02 3.380921815846132245e-02 6.505549721151424394e-03 1.503245931214883951e-02 5.713594505243240265e-03 -6.380858088466297325e-03 2.189283682268274370e-02 4.077080389713316766e-02 -9.292768289023525460e-03 -4.264762090255949656e-02 -1.765503479935940159e-02 -1.981673336551266831e-02 3.466454536209752704e-03 -1.928243525427865424e-02 3.308561221036467742e-02 -7.786932582879598202e-04 1.785167938531410231e-02 -1.028081867069039271e-02 2.258878184710938139e-02 2.892690946012727721e-02 3.616998382068534190e-02 -1.015183202382076259e-02 -1.192735384033955480e-02 3.635319195604941322e-02 3.867025877100212228e-02 6.825032712483490582e-02 4.082087597331641310e-02 -2.614130506607483927e-03 1.215907607844532723e-01 2.150975358800475898e-02 2.559774859240557601e-02 7.425379089596111093e-02 5.488603757644388431e-02 9.137111890738094933e-02 5.575592788137535144e-02 9.408245511045017218e-02 8.819871618578616068e-02 9.188786984968874694e-02 2.945505561496901750e-02 1.356822572740263135e-03 1.105598376547374528e-02 2.633896372064374256e-02 5.691251774412353290e-03 1.286265685590095784e-02 3.384211683362310565e-03 1.911974084885552242e-03 1.353428150914493845e-02 1.288228465055029325e-02 2.836601928579186426e-03 9.642925294246198695e-03 -1.057264733777801488e-02 6.543061706919000957e-03 -3.560641794132809556e-04 2.848397496754232708e-03 3.588200916026092202e-02 4.077613645540691979e-03 -1.475751285218496710e-02 -3.774712348113439496e-03 2.311575498936779382e-04 -1.486869345317507786e-02 -8.090999617674204947e-03 9.960619613516899160e-03 -1.779563755974972530e-02 -4.700586611133514107e-03 5.916325711283088908e-03 -1.054633476903229367e-02 5.892109429359972464e-03 1.609978587246664941e-02 1.408471977418437535e-02 6.624500839772190508e-02 3.758678563281642876e-02 5.443859297295572386e-03 1.507474116137652934e-02 3.471023083977391177e-02 4.379425995968970475e-02 1.717761466306340010e-02 3.204307060508634897e-02 7.689676740280064482e-02 3.601590585808370909e-02 1.377941269427362080e-02 1.169546518086697455e-02 2.690581538239653070e-02 1.473849334024736855e-02 3.416509742212740092e-02 4.050316339638800750e-02 5.615708264143256384e-02 5.174584095223643682e-02 5.535615423736590240e-02
7.003300375578203063e-02 1.000000000000000000e+00 6.249704970735335541e-02 1.076855395203888816e-01 9.129910765307851228e-02 1.405238063371779256e-01 1.406417567581731698e-01 1.309922531287857073e-01 1.688728110009548866e-01 1.862928510928111014e-01 1.517700787690348940e-01 1.463819632280887184e-01 1.447461773489450709e-01 1.378065618272449611e-01 1.540805488612675134e-01 1.618670875972807177e-01 1.500886320940397478e-01 1.491656383234481187e-01 1.413133436083320316e-01 1.214459734579584615e-01 1.287259666056759233e-01 1.499288605596890978e-01 1.486292198638195228e-01 1.449733167926809396e-01 1.347928679547570063e-01 1.745275607464532586e-01 1.496531308468077304e-01 1.345533297278228568e-01 1.300371794742181952e-01 1.469133930784355391e-01 1.517381424712503923e-01 1.553742170159579383e-01 1.348887504208207966e-01 1.394733141570388135e-01 1.391072683569700430e-01 1.367543220913582935e-01 1.546792860335086117e-01 1.369166093915851756e-01 1.424990603083473861e-01 1.453057683713096238e-01 1.561414788829937061e-01 1.508716935340354282e-01 1.286309569193933300e-01 1.488325394753912678e-01 1.561080536362872695e-01 1.477302021005076904e-01 1.535996145730207096e-01 1.607954405747376581e-01 1.521442050378692679e-01 1.419995758673385788e-01 1.465255009851209878e-01 1.476191141830965614e-01 1.463051761285725505e-01 1.586071777824822338e-01 1.565962790943344896e-01 1.544169553120605665e-01 1.494626270681692626e-01 1.504981345575921448e-01 1.525474796544482592e-01 1.577499733328606990e-01 1.476388692629640176e-01 1.505913266668999773e-01 1.428157811189614268e-01 1.480095314391435268e-01 1.590832188174429451e-01 1.584807937913819964e-01 1.596538439847991209e-01 1.484960122293776941e-01 1.534241897891840956e-01 1.478712621926648874e-01 1.540996120361979305e-01 1.544224972863317280e-01 1.471826159001883849e-01 1.464058910404636427e-01 1.583689328068352553e-01 1.581680355930300541e-01 1.534635008333866402e-01 1.483522063882704856e-01 1.551834023501183213e-01 1.537253055161472426e-01 1.509207356647465081e-01 1.503455172002073625e-01 1.582260366160657961e-01 1.526203436291811155e-01 1.497565706247960260e-01 1.506280300469784728e-01 1.574628770813376044e-01 1.501687910785271252e-01 1.527018134960891615e-01 1.565923319345128850e-01 1.531966340274815708e-01 1.503506718891082783e-01 1.510676043910327282e-01 1.509189047461825806e-01 1.527583763540670825e-01 1.547057325107999703e-01 1.478252341981417806e-01 1.565094908363754700e-01 1.523568624624711820e-01 1.552454124041631189e-01 1.470688150353766099e-01 1.543875559942196607e-01 1.517489097596756986e-01 1.490276635552539863e-01 1.532133344598742841e-01 1.522941241577428773e-01 1.572939048012727548e-01 1.530423435405400545e-01 1.527861968315962493e-01 1.543051930467022881e-01 1.509561952194579115e-01 1.561406080995942081e-01 1.527237292508109301e-01 1.548194836098294169e-01 1.573488777822360241e-01 1.573041499122921627e-01
7.419939848838391638e-02 6.249704970735335541e-02 1.000000000000000000e+00 3.389099165585199858e-01 2.234461767721678538e-01 2.194846538971725880e-01 3.499567553625789196e-01 3.480050413290463052e-01 3.624768109761480339e-01 3.193014533896229024e-01 3.888317160465888933e-01 3.809859726919171408e-01 3.414210939691189606e-01 3.282917572733636824e-01 3.961441435176583092e-01 3.824350048817212744e-01 3.655850014946864235e-01 3.764924519618593757e-01 3.982714888257913310e-01 3.638708307232650374e-01 3.815466299916872028e-01 3.991362750166296824e-01 3.968769877023564652e-01 4.026093898668226534e-01 3.757040202430587672e-01 4.020603546997809641e-01 3.893879359515282634e-01 3.886758000455845519e-01 3.852598112661611562e-01 3.866970897156895015e-01 4.065651581724237795e-01 4.115359719561596519e-01 3.920884967911044683e-01 4.040883873259721870e-01 3.888176476086103728e-01 3.860581628814718225e-01 3.917506867290115879e-01 3.915430768523720517e-01 3.983495494214684407e-01 3.916108129352188771e-01 3.995312665609088154e-01 4.053337532765136086e-01 3.997397998577393308e-01 4.015194493105955775e-01 4.030937798820962148e-01 3.946922021665130731e-01 3.887209765850911380e-01 3.888303165723353549e-01 3.988208289889104696e-01 3.804336639121504993e-01 3.877550717187254747e-01 3.974794765244339390e-01 3.933417897496676585e-01 3.897283768295217166e-01 3.809107120446575956e-01 3.879454031630382160e-01 3.927341679295612287e-01 3.930392923415743089e-01 3.876714524987108779e-01 3.879837511650744419e-01 3.989705521229299223e-01 3.857447591215943938e-01 3.931135652265621006e-01 3.944847874174652880e-01 4.009106938634662831e-01 3.917110430568053747e-01 3.966033403396099777e-01 4.097321224161998288e-01 4.094278040909312133e-01 4.097959851051689029e-01 4.016046063354203333e-01 4.042062521308273926e-01 4.082953303011349622e-01 4.033705958606954023e-01 4.013432193726541586e-01 3.964814987314860262e-01 3.949829962717487652e-01 3.940837078379965663e-01 3.959417585454073629e-01 3.907012259457025571e-01 3.954412346381014354e-01 3.990918468645198725e-01 4.084049411270872509e-01 3.989883984297561415e-01 4.028630427843285511e-01 4.071059042508784476e-01 3.997133263089433508e-01 3.991737726575745326e-01 4.005251785348561411e-01 4.008981786793948121e-01 4.017694882027648129e-01 3.960506362694484195e-01 3.976344277888921308e-01 3.969603336695674556e-01 3.887868959100569954e-01 3.908174040283297623e-01 3.981607777229351219e-01 3.929604349842648059e-01 3.960611149931647645e-01 3.962164758795898578e-01 3.986590174645595064e-01 3.959037659632149708e-01 3.945417190999638835e-01 3.946865263528570034e-01 3.988467210110520633e-01 3.934002393300592981e-01 3.943408490000358535e-01 3.912828531027314760e-01 3.897347227541819170e-01 3.957277948328281059e-01 3.941957604483426469e-01 3.894894823073330459e-01 3.925160132554622039e-01 3.950026069630699910e-01 3.927629109337009705e-01 3.898836443916222638e-01
1.313608131751166364e-01 1.076855395203888816e-01 3.389099165585199858e-01 1.000000000000000000e+00 4.061013234004703931e-01 3.932652082287673712e-01 5.441330226710513474e-01 5.876736467467351677e-01 6.034602085029548979e-01 5.100246972521833566e-01 6.113791043036210793e-01 6.559062707409238913e-01 5.885510210859005165e-01 5.655332723572037423e-01 6.219559312801160589e-01 6.478776538111715722e-01 5.986308240616211584e-01 5.424743286505742113e-01 5.955445409947681679e-01 5.444394142082371602e-01 6.092573700162721151e-01 6.194562144660904490e-01 5.970789378553349458e-01 5.898574473830420217e-01 5.766255542836615788e-01 6.549780207819789757e-01 6.210175623366728237e-01 6.316137591973373100e-01 6.193080086977172938e-01 6.214319243744300669e-01 6.537898216654380867e-01 6.278195898428634569e-01 6.089084922806344835e-01 6.160186817392824254e-01 6.043932468094957988e-01 6.486896965276564009e-01 6.570195171641486365e-01 6.152456421016464505e-01 6.496335567055001592e-01 6.448794507696281597e-01 6.381054704993007753e-01 6.451657476009173831e-01 6.756558844946465303e-01 6.543224966424482369e-01 6.566267378319858850e-01 6.461717857490703043e-01 6.411827225611395065e-01 6.395038156272351282e-01 6.531757056905407310e-01 6.293213258314193093e-01 6.338504362012633564e-01 6.615120658898731021e-01 6.499120045514263921e-01 6.494644195400582909e-01 6.385802179799405787e-01 6.370395210168969813e-01 6.676552177026233714e-01 6.467004387859555115e-01 6.356959825392733965e-01 6.512936354612501866e-01 6.658878890801231965e-01 6.514283356460602858e-01 6.566652847682067362e-01 6.681866288728540715e-01 6.578293618262527342e-01 6.622839609855277754e-01 6.427512116582461132e-01 6.453390832839768221e-01 6.513050774569413282e-01 6.588548815756785082e-01 6.483881834503587571e-01 6.469085008959206684e-01 6.380981559241503120e-01 6.420059634751915656e-01 6.480855293149926366e-01 6.462544849260043467e-01 6.414275123570056802e-01 6.380424939205013857e-01 6.321896168412988182e-01 6.312813577788565222e-01 6.507618291062434723e-01 6.458956413476425462e-01 6.625851092811425591e-01 6.400002712119529091e-01 6.471022636069683198e-01 6.452145083675200343e-01 6.566058245392324411e-01 6.412920338018213151e-01 6.504784019388322180e-01 6.468892625042709232e-01 6.470327942714767522e-01 6.395827886034114451e-01 6.526254457086875238e-01 6.461224286510401926e-01 6.339271901549359267e-01 6.397287692033508666e-01 6.505887545959911922e-01 6.553566163003532452e-01 6.528842925699233080e-01 6.406020274354852218e-01 6.597341638348622750e-01 6.500174390162209992e-01 6.531956827106304431e-01 6.474584698775220915e-01 6.592951798124097040e-01 6.560060680721390147e-01 6.478990921292597793e-01 6.393503448531092648e-01 6.398334537646898079e-01 6.445421007460484519e-01 6.405894554571914812e-01 6.437797602271383424e-01 6.514151979920594915e-01 6.552225503394466521e-01 6.478819124478376601e-01 6.514145014069647743e-01
7.629365049866668191e-02 9.129910765307851228e-02 2.234461767721678538e-01 4.061013234004703931e-01 1.000000000000000000e+00 3.308887945212672932e-01 4.848659498145981295e-01 4.817689247242798456e-01 4.549774184780630004e-01 4.238078824212732632e-01 4.670849075306062748e-01 5.138400623970177383e-01 5.156135308706839560e-01 4.593824192379112326e-01 5.164585174808778989e-01 5.273277145800191468e-01 4.331659159728105668e-01 4.124275373149709489e-01 4.687512190559650072e-01 4.023302929870715139e-01 4.572109895002457458e-01 4.793415800022389206e-01 5.042447100321209019e-01 4.743553658750621627e-01 4.830526298725327239e-01 5.167838747250720344e-01 4.926563250687308049e-01 5.044022438753320570e-01 5.066670957339928227e-01 5.225267482456832369e-01 5.196260433179477056e-01 4.802995959857856434e-01 4.684834254024410338e-01 4.701631778940190687e-01 5.011716212816902383e-01 4.643134764383023416e-01 5.135455868690098624e-01 4.817068369201937816e-01 5.111500781650055725e-01 4.890301324487659751e-01 5.060815751153117104e-01 5.210173008047244148e-01 5.112279904236737282e-01 5.192207098356900197e-01 5.118398245074230468e-01 5.219958415607093283e-01 5.107087045506490952e-01 5.118916338280058431e-01 4.956562587196807756e-01 4.856785703843497504e-01 4.991110464071640829e-01 5.178218660634340553e-01 5.134882121652588616e-01 5.018517310324460690e-01 4.909542666156367363e-01 5.166879168353718521e-01 4.818738022846275060e-01 5.098231001783335437e-01 4.914165875405502870e-01 5.133315555053697965e-01 5.123351422251148923e-01 4.865350655674932634e-01 4.944681860014608077e-01 5.039092938130580457e-01 5.082070277339344466e-01 5.039098774994292818e-01 5.091118244755858946e-01 5.209414158239374926e-01 5.226604585416928517e-01 5.182172027632381273e-01 5.263302614477415320e-01 5.196857252335745914e-01 5.163519738718583829e-01 5.342465613367815003e-01 5.211873394602075660e-01 5.197431114398830543e-01 5.192248992777029892e-01 5.163252016099763031e-01 5.183641193917820633e-01 5.206235731521040577e-01 5.243075664341710906e-01 5.181223387741723529e-01 5.154011160672010705e-01 5.226606003035506598e-01 5.072521733478272399e-01 5.143598463279450694e-01 5.177867269467064659e-01 5.108269856982901036e-01 5.185606732771906868e-01 5.093074214521189358e-01 5.128642984165386887e-01 5.166105031270941117e-01 5.203847669318949487e-01 5.174473799006443775e-01 5.100694878341781591e-01 5.106376498459287427e-01 5.084927356347131999e-01 5.095381576071658092e-01 5.108630909791329611e-01 5.107611450211787529e-01 5.191684400290057511e-01 5.093680006658626302e-01 5.187148548499704859e-01 5.186635792540194023e-01 5.192472962322447483e-01 4.981478427984837865e-01 5.091331003536964106e-01 5.123319972517635934e-01 5.148922265761292083e-01 5.088808149072406861e-01 5.014165994993809994e-01 5.123361822199347104e-01 5.006411055712864933e-01 5.114819362649519752e-01 5.094756376932719766e-01 5.067669340703955250e-01
2.601257834604775790e-02 1.405238063371779256e-01 2.194846538971725880e-01 3.932652082287673712e-01 3.308887945212672932e-01 1.000000000000000000e+00 5.228449863126453101e-01 4.810135242191939664e-01 5.223649370611672671e-01 4.862330833640479133e-01 5.510154397588951092e-01 5.785519522038076179e-01 5.386192096187496503e-01 5.262941145919509678e-01 5.838309161086437937e-01 5.868967342947178922e-01 5.082433953948251038e-01 4.457326411619807471e-01 5.003606735356408430e-01 4.191195013258495750e-01 4.724469013121415650e-01 5.135171035137096052e-01 5.290856131397504436e-01 5.220759504127796546e-01 4.971299516122147932e-01 5.820093871092317794e-01 5.728256152122643829e-01 5.654690012608732941e-01 5.524608801939023817e-01 5.613128547252650424e-01 5.915826459519772929e-01 5.680283723508570137e-01 5.236901151596913273e-01 5.575352771931644247e-01 5.500607264994760159e-01 5.492653540489814690e-01 5.830272595235637123e-01 5.650348757849864567e-01 5.844597476915750489e-01 5.572287965753970340e-01 5.874848049755930779e-01 5.892471499273692626e-01 5.659217497332597047e-01 5.917638151689099679e-01 5.902804164395577535e-01 5.941187908915441795e-01 6.016761955427381015e-01 5.988651486497886811e-01 5.920486286039994273e-01 5.565278846939849533e-01 5.820760316905684295e-01 5.716178102363239644e-01 5.927999094283988857e-01 5.907918883455853809e-01 5.862363551365569192e-01 5.963593467909258372e-01 5.692174323645704526e-01 5.946545802098943678e-01 5.895727963073428279e-01 5.965313906923307430e-01 5.903684144872763939e-01 5.790575521234371248e-01 5.789728784864520694e-01 5.845868629160785312e-01 5.910025201634356851e-01 5.886497235566398034e-01 6.005484227760033988e-01 5.993646225072157829e-01 6.023741398266115876e-01 5.955367194809193521e-01 5.933087361462486831e-01 6.007705290789170371e-01 5.954557721395680181e-01 5.906530446259875555e-01 6.035386590081431857e-01 6.007037047515429995e-01 6.019909525298446917e-01 5.984515964451202485e-01 6.009703481796729863e-01 6.029131527621265363e-01 6.012321409190002353e-01 6.038162842031787880e-01 6.000947378825310929e-01 6.007337172212866561e-01 5.946012572448158284e-01 5.977257769260008180e-01 6.024081084333605673e-01 5.969367291797341712e-01 6.054872046593379187e-01 5.968021829922428578e-01 5.993383320992599073e-01 6.031848453986163872e-01 6.017147191715415122e-01 6.030481789070392118e-01 6.032281031821217221e-01 6.027128365484587524e-01 5.877389298454405164e-01 5.848700872619756463e-01 5.972767641978105058e-01 5.959208006772964694e-01 5.973536993272678952e-01 5.934875012108360437e-01 6.026729464812639048e-01 6.004594965384139060e-01 5.976809560299650714e-01 5.855526674844601098e-01 6.009329478812087677e-01 6.027865696241772042e-01 6.019498871257318307e-01 5.995255861481492143e-01 5.977973416254663830e-01 6.011324514349312143e-01 5.952889427504384212e-01 5.991869911199775300e-01 5.987074174751347844e-01 5.973325626805437993e-01
-3.438838066688167106e-02 1.406417567581731698e-01 3.499567553625789196e-01 5.441330226710513474e-01 4.848659498145981295e-01 5.228449863126453101e-01 1.000000000000000000e+00 6.782849845067009387e-01 6.757757195919714688e-01 6.485886671007780047e-01 7.549972744347021036e-01 7.807896497148667514e-01 7.185253198203774838e-01 7.424782453665670356e-01 8.520887834371639880e-01 7.876462659683758361e-01 6.728643557596356573e-01 6.644295542596108106e-01 7.230662326249505112e-01 5.997943078633464209e-01 6.560235515603547451e-01 7.373615235588673045e-01 7.535858879657060250e-01 7.358530301030423715e-01 7.128152614335988568e-01 8.020525727994278764e-01 7.811454239821740142e-01 7.958567354563776952e-01 7.937424530004263401e-01 7.921841874828906560e-01 8.298286704902222422e-01 7.834688967596697973e-01 7.365274458351845910e-01 7.710264854851321958e-01 7.706428707319552540e-01 7.367029590844262898e-01 7.922349983393647266e-01 8.070967681692547968e-01 8.199279484979119514e-01 7.713917265545170432e-01 8.102577637479470019e-01 8.284441054775258939e-01 7.871724982591553621e-01 8.256853068507957749e-01 8.093176093468368304e-01 8.299004462719503650e-01 8.056787906377919084e-01 8.055373453171463805e-01 8.019481607329300710e-01 7.791315914425028799e-01 8.128958536680231939e-01 7.636997568121752789e-01 7.915713233993569853e-01 7.782698880946983255e-01 7.781712621247097728e-01 8.176354776860853546e-01 7.402482827293145329e-01 8.062950919888800527e-01 7.934970659192456255e-01 7.922648656725627125e-01 8.039229507320773127e-01 7.621638079317526460e-01 7.796379559156082495e-01 7.782637340634656065e-01 7.838804511293914201e-01 7.732247470744066931e-01 8.100662165861095554e-01 8.224955263803159777e-01 8.254134327654256698e-01 8.116579932154259769e-01 8.191779817146173093e-01 8.208899838928207515e-01 8.174954214653166185e-01 8.152483809241607426e-01 8.238433942048380976e-01 8.245480348660424452e-01 8.307672607483416183e-01 8.237953194916916022e-01 8.337401400642744376e-01 8.298127311236427328e-01 8.211884117587084919e-01 8.276125858521918843e-01 8.122977622278751975e-01 8.245234853109724149e-01 8.174232981661428976e-01 8.213686552620105275e-01 8.202774576633671266e-01 8.272370723697977102e-01 8.291867325503973207e-01 8.155025647446348946e-01 8.203068070525431077e-01 8.260172217597162581e-01 8.192142791847230043e-01 8.301566544554892513e-01 8.158557644077477633e-01 8.126704393084842604e-01 8.033609023867698262e-01 7.905735399027877808e-01 8.054233374954239411e-01 8.191906867016048865e-01 8.160110254582200184e-01 8.025415604572437855e-01 8.045364655291282752e-01 8.193812532123299075e-01 8.077729850620530838e-01 7.738363033502864141e-01 8.088842278462572422e-01 8.136448042253311419e-01 8.160833175090690395e-01 8.103954680025886592e-01 8.089729274849378760e-01 8.100456924622021493e-01 7.965210835087671581e-01 8.019710604120866559e-01 7.997453414533889360e-01 7.943936818468834149e-01
4.913548264074626970e-02 1.309922531287857073e-01 3.480050413290463052e-01 5.876736467467351677e-01 4.817689247242798456e-01 4.810135242191939664e-01 6.782849845067009387e-01 1.000000000000000000e+00 6.757280221006580767e-01 6.205923692824848459e-01 7.280906746371429428e-01 7.750988760848105397e-01 6.944579416184416543e-01 6.969712728035268867e-01 7.614842641277620450e-01 8.005521087149121140e-01 6.748404632538611558e-01 6.147769030832341830e-01 6.695412516982259810e-01 6.096768651158320784e-01 6.650256037129993469e-01 6.929527081681111644e-01 6.899067662134348300e-01 6.753541576590245121e-01 6.392854969681345256e-01 7.645589385464343080e-01 7.485589803855290381e-01 7.447533059779866127e-01 7.542883480310047517e-01 7.536108067075609762e-01 7.738511747714944544e-01 7.427650607158603480e-01 7.112370748684150312e-01 7.203731660780329227e-01 7.358610620354486542e-01 7.268696699389183280e-01 7.653680110149785332e-01 7.598972064312934371e-01 7.687862512384473490e-01 7.452775522519778928e-01 7.721207135101433305e-01 7.775413902226442353e-01 7.697709530190375293e-01 7.833816593308922105e-01 7.685306394589256351e-01 7.726469029326352711e-01 7.773929459809687526e-01 7.750258863703072265e-01 7.852423490220031832e-01 7.507241450786673598e-01 7.822170851151641902e-01 7.400570834671064135e-01 7.665858409912902349e-01 7.701487980417163204e-01 7.705348186256740783e-01 7.685014110898930051e-01 7.694559768937389022e-01 7.829393544557397000e-01 7.890107447577454636e-01 7.724657479552848871e-01 7.889326503476394858e-01 7.718077682873222267e-01 7.930517648354029614e-01 7.813436538841824763e-01 7.697326760180209781e-01 7.641655291277402728e-01 7.727860013977732034e-01 7.730803706646643958e-01 7.826845654946366082e-01 7.814367511992797999e-01 7.698233991355863948e-01 7.745530674853873254e-01 7.638796940924111878e-01 7.592936098513274334e-01 7.821404496625287139e-01 7.822071930543188500e-01 7.774029638334495340e-01 7.822655350896443593e-01 7.701498356672348278e-01 7.743506587297724897e-01 7.834940250849403709e-01 7.802604703214677251e-01 7.795383755320287600e-01 7.798213704225813725e-01 7.724528063273128353e-01 7.726457228722640735e-01 7.786420765615025275e-01 7.827664833611667206e-01 7.823738959406291160e-01 7.742724769545525909e-01 7.745112122594901560e-01 7.780750492368273541e-01 7.780105446196928787e-01 7.804520324745310988e-01 7.744156843633065446e-01 7.762304027886297586e-01 7.836220101073846367e-01 7.791264808267193143e-01 7.859020694169497334e-01 7.843157340151069024e-01 7.848862903953051084e-01 7.928295174363907405e-01 7.768206780280950685e-01 7.855170831757194438e-01 7.742104983072539692e-01 7.758180215235398469e-01 7.811350042486699952e-01 7.746413381323037362e-01 7.798869740743379353e-01 7.808663061439479192e-01 7.853576311228696039e-01 7.754012037408711810e-01 7.808046185810781914e-01 7.821399258995191950e-01 7.700772692873387726e-01 7.725464648696377390e-01
2.265010249238346984e-01 1.688728110009548866e-01 3.624768109761480339e-01 6.034602085029548979e-01 4.549774184780630004e-01 5.223649370611672671e-01 6.757757195919714688e-01 6.757280221006580767e-01 1.000000000000000000e+00 7.242245127879601840e-01 7.803639253279468502e-01 8.212549984958192884e-01 7.421582695443924571e-01 7.393588304663032407e-01 8.018253870627218838e-01 7.950960193155270916e-01 8.314934753156708602e-01 6.195307853096758688e-01 7.004923067697487182e-01 6.117710412759570504e-01 6.713681592451830049e-01 7.216936862475287207e-01 7.180411029881659246e-01 7.125734259794510583e-01 6.634606591813677623e-01 8.012048014897243942e-01 7.959536756160031645e-01 7.522307460649722000e-01 7.663066939904198405e-01 7.801199698691522189e-01 8.098003745208540716e-01 7.908276110116124746e-01 7.145619652026452551e-01 7.619660182195489018e-01 7.595189710489009816e-01 7.858295963637277337e-01 7.784603140440699010e-01 7.528397919111441405e-01 7.915997018810607688e-01 7.431695281757467741e-01 8.212965352124247387e-01 8.012293181785914431e-01 8.013675294725448595e-01 8.162444499749013094e-01 8.284508524983366096e-01 8.039630550342602433e-01 8.461298802077905634e-01 8.539928703531892706e-01 8.451975882023602393e-01 7.680524551751274354e-01 7.970617124116087249e-01 8.204548000974962729e-01 8.502261791641281263e-01 8.643332135683170492e-01 8.359101691831909431e-01 8.208704074097086245e-01 8.685845074263023324e-01 8.407142966822986896e-01 8.267096323863449836e-01 8.739216479536080495e-01 8.579074695095880720e-01 8.641444479751929642e-01 8.368399500095704546e-01 8.699785460860984809e-01 8.793783696278820727e-01 8.802283487617740265e-01 8.554640373184048130e-01 8.306730341468797629e-01 8.382375322537398699e-01 8.311053276348689955e-01 8.181053935056985527e-01 8.374269510514957826e-01 8.237742583742225788e-01 8.099057475813757900e-01 8.390895739859142166e-01 8.370078830388073543e-01 8.284555547065606262e-01 8.300178355886673742e-01 8.191758772801552846e-01 8.352280035228162314e-01 8.309622173367754439e-01 8.340758544019022391e-01 8.547060589955292054e-01 8.279011667702281807e-01 8.116651072007823320e-01 8.282208970498252665e-01 8.324148231116166308e-01 8.185416461968746393e-01 8.297981306346775554e-01 8.336950422638471636e-01 8.147372533360639490e-01 8.312951688949790086e-01 8.397387383907194414e-01 8.281659404366567001e-01 8.404524254684512252e-01 8.463764741423422944e-01 8.221884622818205202e-01 8.585506559822682071e-01 8.524714333463564442e-01 8.313479422614586944e-01 8.396522500610010820e-01 8.458372449042474983e-01 8.581233380046305870e-01 8.430283877234948653e-01 8.543491294086981158e-01 8.653289717237265810e-01 8.551300643963176684e-01 8.451733532833040075e-01 8.384124905854503096e-01 8.501789313022252159e-01 8.371240189480609883e-01 8.589856010177647772e-01 8.554482914685581640e-01 8.679353720161004926e-01 8.685593094494294952e-01 8.701063189187194791e-01
8.696142266590574377e-02 1.862928510928111014e-01 3.193014533896229024e-01 5.100246972521833566e-01 4.238078824212732632e-01 4.862330833640479133e-01 6.485886671007780047e-01 6.205923692824848459e-01 7.242245127879601840e-01 1.000000000000000000e+00 7.340527083878648495e-01 7.569708854182924940e-01 6.897178907347252252e-01 6.990221533569977996e-01 7.625331623403570624e-01 7.450343282205281747e-01 7.204087580934993573e-01 5.923485496321949650e-01 6.616126987878210297e-01 5.405907161324348120e-01 5.990030395982725020e-01 6.736871564345463526e-01 6.799510840032442216e-01 6.751017549311522092e-01 6.283519923728729806e-01 7.542912604390736853e-01 7.421659644388749477e-01 7.177498946302133254e-01 7.064701726348369126e-01 7.281384314020835635e-01 7.617767764792182650e-01 7.508770859817568422e-01 6.779165320874624978e-01 7.246515369946205931e-01 7.159898379560349913e-01 7.220525017651993060e-01 7.357346935505071350e-01 7.393879526512500133e-01 7.562369160622564035e-01 7.190108772788448288e-01 7.826527218543258835e-01 7.684911554953606228e-01 7.312614872850731196e-01 7.739559502229896859e-01 7.752618995705370386e-01 7.681859079070862961e-01 7.907213198852169889e-01 7.988780536880923933e-01 7.791547070448529011e-01 7.266912392313941149e-01 7.587627227957861598e-01 7.424882237934582463e-01 7.754177896392322467e-01 7.943629952528080684e-01 7.771633444979334504e-01 7.844261975078062887e-01 7.606835377105083396e-01 7.912595937702211479e-01 7.734919452699491327e-01 7.940146298468937491e-01 7.813936635439117095e-01 7.753646508402208815e-01 7.625441403083266234e-01 7.717533301687665714e-01 7.892336466496396863e-01 7.876698628727817342e-01 7.978386374145657323e-01 7.863429488524211752e-01 7.879533499651809603e-01 7.704420811087991927e-01 7.743050425376739598e-01 7.875213659740324390e-01 7.782521756888871600e-01 7.623152999919849959e-01 7.910449979946815313e-01 7.892947101156603251e-01 7.856786206339495537e-01 7.793733826016704391e-01 7.818927235646220275e-01 7.887757972447231314e-01 7.846311823333143032e-01 7.878417004497558773e-01 7.955136074865517548e-01 7.849961342653835050e-01 7.765269298030994527e-01 7.835521819094455331e-01 7.878685475804136917e-01 7.862579626894627971e-01 7.906974796206602818e-01 7.913143952610148801e-01 7.816692519889842927e-01 7.899486450632816625e-01 7.911504589973675783e-01 7.878796745267339086e-01 7.942293187482415417e-01 7.968115905835098101e-01 7.716119985154259453e-01 7.807677101971867151e-01 7.901492250369148707e-01 7.879876303626558443e-01 7.873135850492612997e-01 7.846119880847001182e-01 7.941390763264547514e-01 7.890595708318195456e-01 7.892932477584524431e-01 7.844543054563737350e-01 7.930227357578234493e-01 7.939700087964209896e-01 7.938569649998402644e-01 7.945065657502285994e-01 7.893639834367464081e-01 7.976653157554356444e-01 7.928471196834657730e-01 7.932075504306618230e-01 7.998138375549427304e-01 7.972916557981941654e-01
5.056214688217033210e-02 1.517700787690348940e-01 3.888317160465888933e-01 6.113791043036210793e-01 4.670849075306062748e-01 5.510154397588951092e-01 7.549972744347021036e-01 7.280906746371429428e-01 7.803639253279468502e-01 7.340527083878648495e-01 1.000000000000000000e+00 8.724281464608067971e-01 7.865320610740419438e-01 8.004803188251107260e-01 8.724200170653683140e-01 8.589847821655740567e-01 7.890487129165563163e-01 7.012468223471557405e-01 7.758757759233630980e-01 6.422257385070532232e-01 7.164152012496587396e-01 7.916298724544513776e-01 7.922172369484701271e-01 7.871196971651727159e-01 7.491416786980843456e-01 8.737640317112597144e-01 8.623236325664692670e-01 8.515607170108853152e-01 8.344350673250550132e-01 8.504834577171039856e-01 8.873861437062634527e-01 8.603376705582883588e-01 8.056239618940558289e-01 8.414239926836278860e-01 8.302622481392666343e-01 8.326007689664075562e-01 8.662053598084629158e-01 8.593971015075154707e-01 8.829711572821505872e-01 8.487113374660216758e-01 8.951165127481702788e-01 8.917438715682490802e-01 8.620760718880527973e-01 8.978254278079239592e-01 8.940609956580486406e-01 8.923828489824513488e-01 9.011618016521049102e-01 9.031146132582869024e-01 8.934444251055454478e-01 8.455808751334401574e-01 8.779099640378521530e-01 8.565371200537612584e-01 8.892187846149287589e-01 8.884668815462511970e-01 8.799490372176315134e-01 8.953429527167624524e-01 8.632995311703380859e-01 8.974307083018986386e-01 8.866382965058684507e-01 8.935919322996298542e-01 8.926625253877793487e-01 8.776161202091486979e-01 8.794301672693298766e-01 8.806251679488279471e-01 8.912803742623359726e-01 8.853926706856307671e-01 9.033946005655050238e-01 9.024183154854480415e-01 9.043857497576963667e-01 8.907731688168025741e-01 8.937251064073918894e-01 9.034662843448026948e-01 8.958803655258272824e-01 8.870633121412632160e-01 9.087656376858735952e-01 9.038462147817815096e-01 9.026507603355371501e-01 8.966487096043775917e-01 8.986423956417384229e-01 9.003874303785246447e-01 9.017908849037148400e-01 9.037051197925658474e-01 9.074485129075191558e-01 8.974642511161307068e-01 8.938777386398742975e-01 9.003283371744063013e-01 9.029902611911521104e-01 9.018883448184137341e-01 9.053020976560636202e-01 9.040662373937258245e-01 9.024400167375411508e-01 9.049117351336151138e-01 9.049061000270777200e-01 9.059644354494531537e-01 9.032843315706757803e-01 9.044579211372999472e-01 8.900001445738676686e-01 8.842850830274764373e-01 8.978234924445136489e-01 8.995484962918763872e-01 9.016091453262120581e-01 8.947887701687833317e-01 8.988148094739366600e-01 9.046168933732529061e-01 9.000470808664311484e-01 8.868625637480024304e-01 9.005392153851656811e-01 9.043627847861539504e-01 9.031346436220690777e-01 9.032671045124016640e-01 9.010569442828956221e-01 9.030783669927769930e-01 9.001985749615182275e-01 9.001659466386113806e-01 8.998699692086381541e-01 8.957155726789158834e-01
5.027570714480986830e-02 1.463819632280887184e-01 3.809859726919171408e-01 6.559062707409238913e-01 5.138400623970177383e-01 5.785519522038076179e-01 7.807896497148667514e-01 7.750988760848105397e-01 8.212549984958192884e-01 7.569708854182924940e-01 8.724281464608067971e-01 1.000000000000000000e+00 8.316236353126078562e-01 8.399644912652495243e-01 9.099680740651043820e-01 9.084695715816556438e-01 8.250693314691571745e-01 7.078985181189296760e-01 7.980691878988172006e-01 6.708735808152640478e-01 7.446681595802864262e-01 8.165256828670767186e-01 8.146672391420330950e-01 8.069421634741504867e-01 7.714502470553811220e-01 9.044706539469656859e-01 8.937279553590101733e-01 8.820399892640589101e-01 8.809312567723848186e-01 8.909873229357607727e-01 9.240218889834876936e-01 8.879604026138703254e-01 8.396123239555706164e-01 8.719360654706521663e-01 8.666464988445745643e-01 8.778629302121572220e-01 9.116531632798887674e-01 8.950541150842999949e-01 9.230250218366473636e-01 8.813286522469493400e-01 9.284205682714272712e-01 9.267395282313730664e-01 9.067827363956315612e-01 9.346238770362170767e-01 9.333217651708167750e-01 9.309922557527073872e-01 9.408220515675855822e-01 9.403357864667235555e-01 9.366789814041015516e-01 8.906138601157148615e-01 9.201423914001268800e-01 9.065019920240784401e-01 9.331555963102934337e-01 9.326302509048057798e-01 9.222081651679904235e-01 9.332665624504019597e-01 9.102869549422503148e-01 9.355545066675603483e-01 9.249926205563926418e-01 9.375252117646377670e-01 9.395829266937870683e-01 9.180154605759603959e-01 9.235694689835277638e-01 9.274394319930691077e-01 9.329944640187528559e-01 9.329874576102981099e-01 9.433812025437577908e-01 9.381874370317231371e-01 9.415502065608689630e-01 9.302951322147912094e-01 9.302259968079011898e-01 9.404445225815434295e-01 9.282452970644393675e-01 9.246178374364742991e-01 9.447199724972658030e-01 9.427213054085950006e-01 9.408266535797433772e-01 9.384558557173565685e-01 9.339812392122619489e-01 9.403569115907461917e-01 9.442720771690475967e-01 9.426313539536270714e-01 9.454251955031915955e-01 9.403341842218586599e-01 9.324413802905339166e-01 9.374486340516285932e-01 9.450731537009450234e-01 9.388076780581136038e-01 9.440962079294701326e-01 9.409023549582810064e-01 9.375322206504401734e-01 9.428457129561256256e-01 9.457564198456039906e-01 9.441772209848441344e-01 9.422739926253085319e-01 9.440696455483473803e-01 9.299830237626450780e-01 9.329636103182238349e-01 9.408724808635287040e-01 9.392470968637460782e-01 9.436306864322551169e-01 9.384218369503540824e-01 9.439455662463379637e-01 9.451065056542424792e-01 9.444422412504069886e-01 9.287285726257519247e-01 9.435281987486527910e-01 9.440228027140438183e-01 9.429346945832005611e-01 9.430729138927310684e-01 9.391098235841939257e-01 9.440047016027502957e-01 9.388448252424902440e-01 9.427984050546270867e-01 9.416957249608567393e-01 9.421569781575276359e-01
3.993525055392960210e-02 1.447461773489450709e-01 3.414210939691189606e-01 5.885510210859005165e-01 5.156135308706839560e-01 5.386192096187496503e-01 7.185253198203774838e-01 6.944579416184416543e-01 7.421582695443924571e-01 6.897178907347252252e-01 7.865320610740419438e-01 8.316236353126078562e-01 1.000000000000000000e+00 7.743346746772877820e-01 8.350263461838450807e-01 8.299831308937376528e-01 7.393302606762294227e-01 6.403287922200182614e-01 7.205253521656129756e-01 5.896922232881196546e-01 6.674166249277125873e-01 7.357415260755300057e-01 7.363227677595574061e-01 7.321163699663834068e-01 7.099050706284458778e-01 8.218385293951385728e-01 8.123658044387261912e-01 7.996878702739358413e-01 7.978305273337725767e-01 8.132178903018271177e-01 8.400400680843836954e-01 7.952432266219877643e-01 7.404085161436161355e-01 7.735258489519020175e-01 7.774017556066574741e-01 7.768063565734230069e-01 8.206535880211855982e-01 8.001653316819060668e-01 8.310071955050034598e-01 7.841778439456964511e-01 8.427844689235092224e-01 8.442571765336953638e-01 8.118418524010841963e-01 8.450320302583860244e-01 8.394949597942102937e-01 8.461755692624067793e-01 8.588519105494697436e-01 8.582381469501040305e-01 8.436178226477591968e-01 8.008598762751359956e-01 8.286004198925781550e-01 8.223686857636687275e-01 8.496293311859990371e-01 8.446741301383553502e-01 8.328626786333944709e-01 8.520923279819457852e-01 8.107947588532499195e-01 8.500322963887029237e-01 8.362882964232679628e-01 8.557460762401905008e-01 8.543707906192637980e-01 8.268537728281444288e-01 8.294306202248364901e-01 8.368997588502233853e-01 8.493791388604817749e-01 8.475177705276923934e-01 8.573780324390192220e-01 8.583555765335404431e-01 8.586668907680372609e-01 8.470351332581199655e-01 8.512170736410719085e-01 8.578971107925579265e-01 8.479951960676459510e-01 8.500772832008711699e-01 8.617873852817712343e-01 8.611144630220100016e-01 8.581591699693317254e-01 8.567885573724184356e-01 8.556703174515722932e-01 8.636319832280751063e-01 8.622514397048273160e-01 8.617711560662081327e-01 8.537618325905023120e-01 8.558854143583108920e-01 8.445273557106920403e-01 8.535059550922627913e-01 8.594298868280386694e-01 8.537076751079976100e-01 8.594286989821060541e-01 8.542190750526339471e-01 8.495379774270308548e-01 8.620640123997155291e-01 8.618193965116096589e-01 8.609264268791456676e-01 8.623020660256282000e-01 8.620311690318624986e-01 8.456257762465229089e-01 8.492497952402860983e-01 8.590904836687732749e-01 8.546218479187441819e-01 8.595208595287906483e-01 8.544736084367394735e-01 8.626186256357868398e-01 8.646203627524965407e-01 8.607020427203028179e-01 8.413998194499211492e-01 8.596954061210674292e-01 8.629336103464136931e-01 8.616500031589137132e-01 8.606081255875350777e-01 8.530373205079061494e-01 8.618074950964872416e-01 8.515583524238268254e-01 8.587490105942821028e-01 8.570487540453718411e-01 8.572433975541454698e-01
