1.000000000000000000e+00 8.857698944083348958e-02 3.213896980482228855e-02 6.603781742780469310e-02 5.355827191841375234e-02 -1.311744630084856443e-02 2.265831734291819805e-02 1.135698430222057374e-02 1.096272804264898232e-01 1.443302715446841480e-02 5.922080767530923072e-03 1.085373764723510451e-02 2.222503941985726553e-02 -1.405738061977229898e-02 2.135963473370309802e-03 -7.380198338638213097e-03 1.100513128299173554e-01 9.412036989522848396e-02 7.155181680395343580e-02 1.270550659436041861e-02 8.019409269411080510e-02 9.048925446553979235e-02 6.112861754057428987e-02 8.391646077757064504e-02 7.322783768323606890e-02 5.984113021410891742e-02 5.644462911621779544e-02 3.065473662035000935e-02 7.127156245979683613e-02 4.358466081830582317e-02 4.774970004894453501e-02 3.594133129728697973e-02 2.500995826268368263e-02 5.605354255648443973e-02 5.459214245628959961e-02 5.772611864744200960e-02 1.832944344026079739e-02 -1.358248747775239133e-03 2.009535126952423714e-02 -2.584909263106473926e-02 1.372762550492148854e-03 -1.098997710789134490e-02 -5.283289564546302976e-03 1.425878133771054865e-02 2.543251737064337187e-02 5.398411516207953648e-03 1.562485674395994173e-02 1.605682095786529692e-02 1.320492921629126508e-02 2.572770603678667389e-02 1.375051665069175824e-02 4.467285688876960342e-02 2.455929712539558357e-02 4.757614776698372572e-02 3.000349188747975654e-02 1.325238720373568720e-02 6.202021816450262182e-02 1.472312951887864117e-02 7.553627752985735654e-03 2.795028645826809488e-02 9.618915833916477989e-03 2.434376733136343895e-02 4.025316965310764966e-02 4.395708440645246934e-02 6.360954021184493656e-02 7.496836605246257057e-02 3.093762711884639680e-02 2.844288028486670686e-02 2.243962250080816859e-02 1.056707029882420282e-02 2.364008878440353525e-02 3.350327191613914485e-02 3.192672316023786178e-02 3.192703897723533218e-02 1.918060086718555157e-02 1.394396358972596964e-02 1.528406632928625691e-02 3.552493501496523098e-02 1.563910033389655924e-02 1.006868051157859371e-02 5.469640445943015593e-03 1.574626897212140497e-02 3.433819269534201662e-02 1.587368493487695958e-02 1.574421944243773949e-02 2.837070575410226975e-02 7.580624795197225124e-03 6.804340893617302419e-03 9.468699727601583710e-03 1.176121379065667681e-02 -1.599429279903818958e-03 6.312511065770813092e-03 1.015860367536764244e-02 4.092625158622728576e-03 9.704540372243636304e-03 1.368761602698493132e-02 1.100208390808045736e-02 5.164147341019370563e-02 1.397974086038479037e-02 1.264943157317307589e-02 -4.137129518497860013e-04 2.665370601053083932e-02 2.137654503708075887e-02 8.252074185275027826e-03 3.516767934463183032e-02 5.862977646931136211e-02 2.231918601975083072e-02 1.483989260343413288e-02 1.773051747951146298e-02 1.380177689039693151e-02 1.085960772337903231e-02 2.133078654741759478e-02 1.886272666301173212e-02 3.154587036886114665e-02 3.719441859200248862e-02 4.614516378718826889e-02
8.857698944083348958e-02 1.000000000000000000e+00 3.995397220379971748e-02 4.034111685543884801e-02 9.552094657631762797e-02 6.927698674037409410e-02 8.954656577245932725e-02 1.165363649268359308e-01 1.724298860779876486e-01 1.899646748260793439e-01 1.102033491976315976e-01 9.747515601640734106e-02 9.034969945397709756e-02 7.071810574588874299e-02 1.418398000825154825e-01 1.407993316336222378e-01 1.262273503154967558e-01 1.158349328360948755e-01 1.197415266154281677e-01 6.792875306007373215e-02 8.804881256299591785e-02 1.226219710160365572e-01 1.564915990614393349e-01 1.143750089183603741e-01 1.246694284608593634e-01 1.625132347708843072e-01 1.264378978372948104e-01 1.367531279346530515e-01 1.311366202032712147e-01 1.677166751535690004e-01 1.426222480176340679e-01 1.362623118731459970e-01 1.382136714883232531e-01 1.193512499124372295e-01 1.540061264041841516e-01 1.268389725815867175e-01 1.407476078574950995e-01 1.406635122354545075e-01 1.400491100670649969e-01 1.028663381722220299e-01 1.292419593287486845e-01 1.397470109120716175e-01 1.224286414008471796e-01 1.363030722892097646e-01 1.331643790072070399e-01 1.319166268879413961e-01 1.430747157458354402e-01 1.454002096329999605e-01 1.438530818387198928e-01 1.139504908353458079e-01 1.380170846059103895e-01 9.592726584154728786e-02 1.216547513894449400e-01 1.598762394947105259e-01 1.546393597138883969e-01 1.445768218716593501e-01 1.426912772178743904e-01 1.437475673985246505e-01 1.463219304183001057e-01 1.472846745693816572e-01 1.449452013761758362e-01 1.488327925136592178e-01 1.396790148534635401e-01 1.450319711503810505e-01 1.413459898300024609e-01 1.455418200289078923e-01 1.491561233519422269e-01 1.378190293157733060e-01 1.402663579613009082e-01 1.278291789188979455e-01 1.308760094624143167e-01 1.455151227100006939e-01 1.299335529616032214e-01 1.323767242008307421e-01 1.454839114374622266e-01 1.420834157296066713e-01 1.440146597760366409e-01 1.430137210380895973e-01 1.383060541483038808e-01 1.470486737444204606e-01 1.464290553484320356e-01 1.416542937012187919e-01 1.425646686175060796e-01 1.449214609925097708e-01 1.302722246995147437e-01 1.367846033770633019e-01 1.360937981148724607e-01 1.424110779135702165e-01 1.386052861215006371e-01 1.381037091984121667e-01 1.233338625355496071e-01 1.343079118509783176e-01 1.344450922911208379e-01 1.379201593721099683e-01 1.428176500224667689e-01 1.478359719549815487e-01 1.295526748754368129e-01 1.435694165234263076e-01 1.442630291757772965e-01 1.399223016404506914e-01 1.345383657908324759e-01 1.445666992494607783e-01 1.271959517072488166e-01 1.415685884973844066e-01 1.328514445425773016e-01 1.480632110220809761e-01 1.435419013095316498e-01 1.487586108007893648e-01 1.497025394561197487e-01 1.451300880608790700e-01 1.431087228011548029e-01 1.478060631777814438e-01 1.468625833471996212e-01 1.478334997516863314e-01 1.453424858794943320e-01 1.441989243077308191e-01
3.213896980482228855e-02 3.995397220379971748e-02 1.000000000000000000e+00 2.736598903048335640e-01 1.420890231182053987e-01 1.351459019263414052e-01 2.447820885201386631e-01 2.309760454861831680e-01 2.140053149246463893e-01 2.248730323040207812e-01 1.829796297610729872e-01 2.698340536754172958e-01 2.365252903842295640e-01 2.017358285838507514e-01 2.516904820856723513e-01 2.532477658670496679e-01 2.231141691275743688e-01 2.531018005363320778e-01 2.452164399257396044e-01 2.566286670316227370e-01 2.965167323593290161e-01 2.811166153631731723e-01 2.533171569279101254e-01 2.286325168297077826e-01 2.264647856715752972e-01 2.599352137418835529e-01 2.516517441278729450e-01 2.445838706847429100e-01 2.291515475846940264e-01 2.356290592015823637e-01 2.547969192826690099e-01 2.699955989649988619e-01 2.396607682105876547e-01 2.556078939732812083e-01 2.392557100859833141e-01 2.810637792079419550e-01 2.552804117759981950e-01 2.685100024488168979e-01 2.623169951499425556e-01 2.810916823344603022e-01 2.616024866799579462e-01 2.738988490056659675e-01 2.762228316577054477e-01 2.700040131450827663e-01 2.712121748790480291e-01 2.612446496885292291e-01 2.570083686641101983e-01 2.616203961296724723e-01 2.674545455101136615e-01 2.696405670682409661e-01 2.781507047059295079e-01 2.755320394484619961e-01 2.636690597126265523e-01 2.557584497648642263e-01 2.697221932268032418e-01 2.810413402803478844e-01 2.718821067146990900e-01 2.753398935710842377e-01 2.709520367774762017e-01 2.603486307344881068e-01 2.694496304009745824e-01 2.710782850286087564e-01 2.718127320903150346e-01 2.691012462231025526e-01 2.652880735433803538e-01 2.602029430612461947e-01 2.676832034361439350e-01 2.661297536482387649e-01 2.630877146210555684e-01 2.772782434158603260e-01 2.835594235633431826e-01 2.755384594219235095e-01 2.659937286334832507e-01 2.625844781828819974e-01 2.672730712221979554e-01 2.621671487134888956e-01 2.518977969669503048e-01 2.512749656982393165e-01 2.525285501307238945e-01 2.536754569021397732e-01 2.586267717784381248e-01 2.645760207316977808e-01 2.703911281182407866e-01 2.544847868803388757e-01 2.668411342471910253e-01 2.660369908501225567e-01 2.688048920000953856e-01 2.705609236401083639e-01 2.652493071673136527e-01 2.729218144849444028e-01 2.655733565298203924e-01 2.673668441843415344e-01 2.667860030359016643e-01 2.619301342319385051e-01 2.641306087695661775e-01 2.630142302696093504e-01 2.812133410608537720e-01 2.701297233506363971e-01 2.734766291050386711e-01 2.744965901011148790e-01 2.747523059218923702e-01 2.776230609068436328e-01 2.721958054329678411e-01 2.742147185142442267e-01 2.767816053687957023e-01 2.779536556035192563e-01 2.674478419323453315e-01 2.597642461346783560e-01 2.639674339224348798e-01 2.652997747386539595e-01 2.745081769001802563e-01 2.661173388350507318e-01 2.735687609945252063e-01 2.742757278800605492e-01 2.716782815470580870e-01 2.690557053987136515e-01
6.603781742780469310e-02 4.034111685543884801e-02 2.736598903048335640e-01 1.000000000000000000e+00 2.745074734313489029e-01 2.903518626833496707e-01 4.259017570080273485e-01 4.478882397957772987e-01 4.360048190208361540e-01 3.759518373452216955e-01 4.152350563481045920e-01 5.428138931610494433e-01 4.301722516436254362e-01 3.736852429095356420e-01 4.902883907723245005e-01 5.053401339627160427e-01 4.563138728208990247e-01 4.184115990074530611e-01 4.214301991505686740e-01 4.828522030629038841e-01 5.721816039250772201e-01 5.303865945191844622e-01 4.355539605989676710e-01 3.992087555839217705e-01 4.007444521905837997e-01 4.908745642273393828e-01 4.955635587607732928e-01 4.950377552913362567e-01 4.957306023919994531e-01 4.675011294176226739e-01 5.122508431030281528e-01 5.025754724215619751e-01 4.969762248484234646e-01 4.866750812668168003e-01 4.813017059487546545e-01 5.152513516043963904e-01 4.832689944582571062e-01 5.081647688885654324e-01 5.150165156872184014e-01 4.996875399332446621e-01 5.058321563526727571e-01 5.113930703419314883e-01 5.231023564758373601e-01 5.265077617091941109e-01 5.176548868037261775e-01 5.026143334763335524e-01 5.057547287823168647e-01 5.063418062630647976e-01 5.187151636295230794e-01 5.279397154909616363e-01 5.286121194911219678e-01 5.452695471115825976e-01 5.234397097609958527e-01 5.044232328348969840e-01 4.920108228500673087e-01 5.036436978512565110e-01 5.344111250279923730e-01 5.150074728839307836e-01 5.077791896846910458e-01 5.151810480253524727e-01 5.170623803852838485e-01 5.190687251129899593e-01 5.427093732191297093e-01 5.405591689127103860e-01 5.306101831525579238e-01 5.307814483563533248e-01 5.112471717702031793e-01 4.996673873773923025e-01 5.057482057698818867e-01 5.440270815322315601e-01 5.416311578600710996e-01 5.181720171431956068e-01 5.010497728885457969e-01 4.911715513157859925e-01 5.113758721222892989e-01 5.105198725603223853e-01 5.061935844725067302e-01 5.143828826080799610e-01 4.994768273805351710e-01 4.947313801323951488e-01 4.954438076562507343e-01 5.068530865776902372e-01 5.210233317678745202e-01 5.029076203725107996e-01 5.165267945038342079e-01 5.152375246516568419e-01 5.052474532752188052e-01 5.165636530849829766e-01 5.127503768857357702e-01 5.139159280882537040e-01 5.160367201405237081e-01 5.150808280200510625e-01 5.169044632098866998e-01 5.094111698011548617e-01 5.072837279424073920e-01 5.078189174797820282e-01 5.394737356601287948e-01 5.397182506241996469e-01 5.240342345100675869e-01 5.207055213848980069e-01 5.220114249213074764e-01 5.367592266847721616e-01 5.338785220341064619e-01 5.239098048223324033e-01 5.445564231670420030e-01 5.438687756931340767e-01 5.188515722538948882e-01 5.039295446399153500e-01 5.072964622752023089e-01 5.101172952728358911e-01 5.223758309778173681e-01 5.142989755317477485e-01 5.259198784531142756e-01 5.343944788563620429e-01 5.261526689193507522e-01 5.329672932642615102e-01
5.355827191841375234e-02 9.552094657631762797e-02 1.420890231182053987e-01 2.745074734313489029e-01 1.000000000000000000e+00 2.468443424022656318e-01 3.681505882227307236e-01 3.575752219527748021e-01 3.674250128877187271e-01 3.222580722949945353e-01 3.375053523240048037e-01 3.924922705619598995e-01 3.470242315784070608e-01 2.742186403672268180e-01 4.001303625969321320e-01 4.099767347730271516e-01 3.704653547247159229e-01 3.553182927815848324e-01 3.532860587168594191e-01 3.064982783709147007e-01 3.646236293898982295e-01 3.913145733936353454e-01 3.720341671992207777e-01 3.320520187677931112e-01 3.496241913632714415e-01 3.989867150932326356e-01 3.977566363831003260e-01 3.833572969861219759e-01 3.717920918546407938e-01 3.991953301521734554e-01 4.087226202831706345e-01 4.095481648915800799e-01 3.804522527961293754e-01 3.879014558887901587e-01 3.863732720942714693e-01 3.995671794249967546e-01 4.004443189045134854e-01 4.054813306568866293e-01 4.136077180674358478e-01 3.884378088782557970e-01 4.194393054585991432e-01 4.229842227612958805e-01 4.228007049046571542e-01 4.237823299825982382e-01 4.148251662773943527e-01 4.207068440733224279e-01 4.218384392723951160e-01 4.181197988037719804e-01 4.187844993951763128e-01 4.124625172375518400e-01 4.205130409947388515e-01 4.177112726898399853e-01 4.218440471251345691e-01 4.124964075047898859e-01 4.123559085003617453e-01 4.200146657307658460e-01 4.174239163920653306e-01 4.258986063008683431e-01 4.161378711636282146e-01 4.279301114455436039e-01 4.289666871525018577e-01 4.233438622048559252e-01 4.224490911995135711e-01 4.287703063214372001e-01 4.233599732841057950e-01 4.170341277173952310e-01 4.219762082189565389e-01 4.205048210035614020e-01 4.197675508388262755e-01 4.250460933402395169e-01 4.264448041649251953e-01 4.241801367695776093e-01 4.138963632284570759e-01 4.110441390853264987e-01 4.211487973760041914e-01 4.148677385048029076e-01 4.165593083793785456e-01 4.100523152861383358e-01 4.153874324753341063e-01 4.207585491260112387e-01 4.153428999233684249e-01 4.216454207879121174e-01 4.202478249535906429e-01 4.191337126638582378e-01 4.180495800335403689e-01 4.180319434347831709e-01 4.179311519129333963e-01 4.242577365556864377e-01 4.241784840674036605e-01 4.221698910211795774e-01 4.165030718205037785e-01 4.260339889389661572e-01 4.221887080747974696e-01 4.247591179601659106e-01 4.205595511398814712e-01 4.220500792134023182e-01 4.225191145488205180e-01 4.141098999868941810e-01 4.247981677084000651e-01 4.207788544750487580e-01 4.265332334828968452e-01 4.231481446731825136e-01 4.277640940965972138e-01 4.314172681561291300e-01 4.286173248028498084e-01 4.180101487512400404e-01 4.206561693399094026e-01 4.210652554568111716e-01 4.238248876178399294e-01 4.234414703916623002e-01 4.264665473991822164e-01 4.246638501531581067e-01 4.252838942101031527e-01 4.258679730268768449e-01 4.254388371776061106e-01 4.220090540450198713e-01
-1.311744630084856443e-02 6.927698674037409410e-02 1.351459019263414052e-01 2.903518626833496707e-01 2.468443424022656318e-01 1.000000000000000000e+00 4.019775203252734519e-01 3.703020023115077830e-01 4.058265996576226331e-01 3.763210571144390837e-01 4.277867010742888443e-01 4.658054369389432181e-01 3.927454250153177284e-01 3.366807712558039789e-01 4.715358446377391211e-01 4.661813871571631185e-01 4.420089164458099740e-01 4.338022041718948563e-01 4.380405463536250488e-01 3.908657325018937700e-01 4.317881244356938653e-01 4.792488658964197401e-01 4.573312281973150872e-01 4.207499534326002988e-01 4.346685581889035421e-01 4.855164860085646739e-01 4.571353096468691590e-01 4.812358998349653416e-01 4.671675374880238651e-01 4.807374732494725800e-01 4.872889551658554641e-01 4.870363967305355035e-01 4.718326117960539023e-01 4.652130598376585380e-01 4.749759792655305901e-01 4.793593269080538288e-01 4.743818556255665064e-01 4.809864519491582890e-01 4.975979202857887529e-01 4.820694801588620848e-01 4.959984218196935024e-01 4.954948598565977469e-01 5.021792598503622695e-01 4.962754844192099890e-01 4.986386462176826129e-01 4.957390973757140884e-01 4.923409330023120201e-01 4.925144574467500425e-01 4.904590616533467395e-01 4.757541895326572456e-01 4.981045109739229426e-01 4.822401385554554443e-01 4.907689295984817290e-01 4.921491709318172036e-01 4.903196616279540954e-01 4.925641619691261130e-01 4.946857893537253137e-01 4.940765497905991732e-01 4.945623419022390221e-01 4.963362330897930774e-01 5.037232566860917471e-01 4.974884565726171992e-01 5.010653961054116756e-01 5.076289339890647234e-01 5.038289371938053929e-01 4.918346753261219617e-01 5.000461340841813040e-01 4.967577332324042416e-01 4.948160552890933372e-01 5.024485851622620958e-01 5.056627090867849006e-01 5.019629750942334878e-01 4.931472652866537021e-01 4.894095370455739391e-01 4.978792899832103491e-01 4.962503046139701279e-01 4.982194233769003389e-01 4.945685530983749967e-01 4.989184287180738475e-01 4.939631887381178421e-01 4.943577316377770758e-01 4.965744793716260763e-01 5.000927434105336689e-01 4.987657794631141228e-01 4.946023751777003374e-01 4.975855996348698684e-01 4.951136981411900506e-01 5.018311546726830219e-01 5.021462243633048050e-01 5.000708711769473735e-01 4.984279546060713662e-01 4.977245864041390799e-01 5.007694611938919849e-01 4.990510952436696956e-01 4.956130348878387548e-01 4.988451805454878762e-01 5.003135219610866935e-01 4.887526285906265144e-01 5.014615283322687578e-01 4.953235161034249545e-01 5.071605432009338443e-01 5.021900868257467287e-01 4.995096308317319433e-01 4.994210637819723186e-01 5.022558255270300753e-01 5.002684804346395619e-01 4.967243476139820424e-01 4.974270181842864735e-01 4.982815937564081255e-01 4.968995217782837259e-01 4.994438706573275932e-01 4.983116606372714474e-01 5.004203158945441654e-01 5.049030160550974644e-01 5.019006571506635650e-01 4.965916538722620066e-01
2.265831734291819805e-02 8.954656577245932725e-02 2.447820885201386631e-01 4.259017570080273485e-01 3.681505882227307236e-01 4.019775203252734519e-01 1.000000000000000000e+00 6.016042203429105006e-01 6.368579756368314415e-01 5.845747398082242752e-01 6.246231522101080014e-01 7.074887087723973345e-01 6.340468216613002195e-01 5.446742469564682665e-01 7.408850502721039399e-01 7.180816597864315698e-01 6.378903816398625581e-01 6.015129824708004280e-01 6.090326412467131911e-01 5.525716231191140082e-01 6.168389528734251614e-01 6.739887421667889456e-01 6.740172944837693469e-01 5.769952066973024207e-01 6.102842943326415304e-01 7.355470019197248854e-01 7.328214083284136926e-01 7.214118356372106744e-01 6.882151167633837607e-01 7.306668817148445072e-01 7.531656422929166039e-01 7.387051344184846213e-01 7.186628304964061131e-01 7.087666980069957656e-01 7.295132260453357498e-01 7.178638336267116893e-01 7.410507035306996837e-01 7.376479473465296088e-01 7.518217411791444649e-01 7.111709721902309544e-01 7.575347572705550814e-01 7.560498196123224268e-01 7.449795215248695701e-01 7.638709206336534718e-01 7.551023254344325641e-01 7.513534258507761354e-01 7.630648591390062352e-01 7.641558254334841482e-01 7.585236369178605109e-01 7.421449987897004164e-01 7.635280980159568909e-01 7.270678942115932353e-01 7.445760393296154689e-01 7.562510394174254413e-01 7.531370255968086180e-01 7.595033105798848494e-01 7.485305669963338016e-01 7.624790946081760890e-01 7.625080404466000328e-01 7.682762656538324464e-01 7.649424861868185932e-01 7.629663647182819419e-01 7.549363696984793259e-01 7.615299306092825349e-01 7.526495942236939296e-01 7.527890916021364731e-01 7.685221750334075841e-01 7.559979572029799089e-01 7.623260734957213458e-01 7.603259244403806072e-01 7.602694573600570216e-01 7.620963804800615637e-01 7.406785866669338692e-01 7.350504273951332657e-01 7.701762289993033805e-01 7.673046886029087910e-01 7.593867155735758434e-01 7.543478990002403517e-01 7.578364475936282263e-01 7.627008301803228640e-01 7.634793864255883244e-01 7.695886341719282431e-01 7.648481734975223212e-01 7.631586381548942644e-01 7.617579469625576083e-01 7.588889017928812653e-01 7.656996116751206838e-01 7.691362559252106212e-01 7.664059587370960491e-01 7.665803296749194029e-01 7.640530358957664525e-01 7.700156100605707321e-01 7.637041053222973774e-01 7.682523678338771811e-01 7.677895452138558952e-01 7.675099642344220818e-01 7.598772453431025253e-01 7.604406891649273526e-01 7.666561835259354529e-01 7.683594068523375009e-01 7.697660248348227041e-01 7.678782950301505927e-01 7.615232871087342925e-01 7.709356869528795064e-01 7.678361782238600775e-01 7.597173076693392035e-01 7.688035066460571221e-01 7.656719421923029456e-01 7.678586180759109370e-01 7.683572140316160537e-01 7.696405918521499467e-01 7.705717660347431996e-01 7.712468061980402023e-01 7.681814826704241872e-01 7.661358289916236908e-01 7.647522493199404581e-01
1.135698430222057374e-02 1.165363649268359308e-01 2.309760454861831680e-01 4.478882397957772987e-01 3.575752219527748021e-01 3.703020023115077830e-01 6.016042203429105006e-01 1.000000000000000000e+00 5.866135579923030807e-01 5.227294867394951527e-01 5.500821291065438601e-01 6.581647895776685520e-01 5.775463456226415104e-01 4.838482477360455669e-01 6.659879355872531104e-01 6.896514476874177069e-01 5.819335728397737606e-01 5.278530165884233183e-01 5.217435011101736464e-01 4.937886736654221176e-01 5.926209036783278705e-01 6.273807193336002896e-01 5.977946801685589673e-01 4.932190052552919979e-01 5.245941264366692502e-01 6.568988429612094837e-01 6.497650903537171008e-01 6.223150809939893557e-01 6.011371275044057327e-01 6.494827106888686474e-01 6.741122606729895717e-01 6.621291725455775712e-01 6.438231730279472265e-01 6.262251404617245054e-01 6.582183625352621137e-01 6.587839498540153382e-01 6.566276966043694818e-01 6.756901475260791434e-01 6.868682629839499842e-01 6.241559968888271692e-01 6.787279823612204499e-01 6.815179146938975530e-01 6.777159155970746696e-01 6.947115900174791747e-01 6.788886270191880623e-01 6.786464914976484408e-01 6.915821111977118463e-01 6.904364533667293191e-01 6.931280416661683708e-01 6.853157569159321616e-01 7.046261903072977839e-01 6.653774157311798110e-01 6.802776947187579859e-01 6.876363874485456051e-01 6.791031065055205262e-01 6.830364524150345229e-01 6.991808602227620462e-01 6.963613010744531540e-01 6.913230519590272127e-01 7.030661377510104559e-01 7.013160584588029600e-01 6.996197728050255193e-01 7.017857555847987205e-01 7.153794298906736016e-01 6.952216642683443082e-01 6.978596429446934923e-01 6.963634435103979170e-01 6.810120363944136557e-01 6.901505415096368390e-01 6.944561623349795321e-01 6.956907405262361399e-01 6.920177315991327127e-01 6.595443284157139763e-01 6.574418280900197198e-01 6.967254056769256465e-01 6.916198017761104877e-01 6.834583107836023075e-01 6.758088689702579366e-01 6.774524406711297519e-01 6.913717884518304491e-01 6.845258281876313022e-01 6.968529283188913404e-01 6.983734128327161450e-01 6.908705524703873113e-01 6.953368730349128723e-01 6.852034858442040965e-01 6.889757705778638552e-01 6.990671751916646137e-01 6.972256346016175721e-01 6.954684988430924752e-01 6.839052951394427593e-01 6.960331072526452223e-01 6.899413443634736520e-01 6.932247852898523188e-01 6.973285276307906733e-01 6.981344482465281498e-01 7.012911609873604402e-01 7.138363976669628297e-01 7.062646034689509245e-01 7.047652671227380150e-01 7.014510200222562331e-01 7.138088723154558668e-01 6.997726385215931044e-01 7.072661258417713981e-01 7.083070921765860506e-01 7.120332363287117383e-01 7.046513706323036530e-01 6.975124336387703572e-01 6.971412328218697940e-01 6.998938177143445571e-01 7.009979418310590127e-01 7.032330101750944307e-01 7.075436853387683245e-01 7.164453708103271090e-01 7.046098299653464903e-01 7.070918710828584253e-01
1.096272804264898232e-01 1.724298860779876486e-01 2.140053149246463893e-01 4.360048190208361540e-01 3.674250128877187271e-01 4.058265996576226331e-01 6.368579756368314415e-01 5.866135579923030807e-01 1.000000000000000000e+00 6.757563071706327307e-01 6.917756408535743473e-01 7.642149736383014869e-01 6.627942968509532573e-01 5.577891623716807468e-01 7.784773988969594383e-01 7.604577632697890888e-01 7.474639527804514127e-01 6.978682699585825322e-01 6.871468591324709774e-01 5.770005164783884588e-01 6.516992726595302043e-01 7.424387041783192531e-01 7.551616087961230406e-01 6.692710331439410965e-01 7.124665112848034276e-01 8.110445480392127759e-01 7.929101751661618014e-01 7.782930634841991324e-01 7.698747298414204687e-01 8.103986986656407376e-01 8.217188995759320269e-01 8.028554024888644447e-01 7.649880755160595180e-01 7.714038211489353536e-01 7.987993570606728433e-01 7.699977362748089416e-01 8.021410939674119556e-01 7.883448574427658340e-01 8.092906178378895810e-01 7.425939702103077078e-01 8.113996480087362073e-01 8.054866341277361341e-01 7.862496367761332428e-01 8.157406460118074021e-01 8.099775460158595841e-01 8.092286521816804967e-01 8.328211185785885373e-01 8.370193664612807227e-01 8.247768484580535464e-01 7.898078361983120743e-01 8.198528752012024245e-01 7.763336399338592875e-01 8.086573504963817660e-01 8.450050149982873959e-01 8.330287332105081877e-01 8.182249221543688167e-01 8.344650823365903358e-01 8.289645658178471654e-01 8.280317112348732911e-01 8.370375170243096186e-01 8.303044056141838380e-01 8.334355327317857220e-01 8.297304032846390953e-01 8.293230892292341450e-01 8.368265344721400600e-01 8.405167564936296687e-01 8.362639880877281717e-01 8.313125385793727062e-01 8.291957055556469225e-01 8.146990213961520233e-01 8.216248277293698443e-01 8.373534124943056156e-01 8.150554747579068504e-01 8.164660580877517448e-01 8.319808674407519478e-01 8.312270610373762025e-01 8.261806161658425962e-01 8.283071011644720372e-01 8.266272347152948674e-01 8.303978019146615042e-01 8.306607789755723337e-01 8.325012834996382560e-01 8.367004024920041694e-01 8.305430095603136831e-01 8.218520753449247707e-01 8.278891049369785371e-01 8.231385023867531237e-01 8.250205653202666856e-01 8.288006769479026037e-01 8.256113360655074063e-01 8.121111913596420484e-01 8.254886311297628954e-01 8.269628667425115154e-01 8.254897688092319719e-01 8.331835989604611248e-01 8.350495266156247043e-01 8.145304779583457666e-01 8.312438608672011453e-01 8.327493166856339002e-01 8.262253723660760718e-01 8.223257943693682570e-01 8.339151631874086590e-01 8.293406676112882181e-01 8.308246114971304941e-01 8.298844886804934706e-01 8.385166105083323718e-01 8.367767770818329565e-01 8.354564528094846620e-01 8.356000690664067143e-01 8.343016575221721132e-01 8.313115261402258538e-01 8.385016448149889001e-01 8.368167801321759747e-01 8.361760816961599785e-01 8.420818153552402929e-01 8.438539248666191428e-01
1.443302715446841480e-02 1.899646748260793439e-01 2.248730323040207812e-01 3.759518373452216955e-01 3.222580722949945353e-01 3.763210571144390837e-01 5.845747398082242752e-01 5.227294867394951527e-01 6.757563071706327307e-01 1.000000000000000000e+00 6.125066377354112523e-01 6.672303739947287315e-01 5.921874340505112189e-01 5.248217520787639145e-01 7.127830223772686491e-01 6.883976911550019340e-01 6.370800674024077459e-01 6.216325253752850166e-01 5.972801251636958852e-01 4.853119055588868691e-01 5.418728085911456160e-01 6.391479902957569736e-01 6.857250168679307478e-01 5.894906140976278186e-01 6.233564456333912096e-01 7.334466239028966106e-01 7.095244238398628056e-01 7.106170263344889770e-01 6.802630420143270795e-01 7.329343236615105672e-01 7.438470524545182094e-01 7.297708716678515950e-01 7.001899578296000293e-01 6.917627036681369690e-01 7.238740037533394345e-01 6.902115063292134645e-01 7.359397585289535471e-01 7.298867154699526516e-01 7.348962585884144527e-01 6.820994365114877445e-01 7.438172611008169177e-01 7.363677554757566135e-01 7.183659401776887332e-01 7.413316068457569408e-01 7.335869989934995505e-01 7.401499616416439276e-01 7.591339771067765474e-01 7.635667731442179473e-01 7.522054768507414613e-01 7.008994495349314402e-01 7.466381644818216312e-01 6.794954996333437691e-01 7.273987927939244980e-01 7.690059055585873882e-01 7.606064328676236386e-01 7.550577075657020076e-01 7.399954919400991704e-01 7.557281120281355014e-01 7.584661799182665920e-01 7.566109458310977809e-01 7.558756402078395942e-01 7.615503448880670545e-01 7.425455618437097893e-01 7.457985393884207781e-01 7.419070885892234957e-01 7.429778243610275501e-01 7.642603466764148479e-01 7.545171360196828436e-01 7.578263150134598725e-01 7.288460594492969236e-01 7.386340814740764982e-01 7.551778504828241534e-01 7.370523634000009094e-01 7.369282199283971879e-01 7.633317580985342632e-01 7.584894892617745077e-01 7.568286679853937216e-01 7.494552864517334267e-01 7.544052777920832176e-01 7.619338090432498101e-01 7.611917966814037984e-01 7.635001875608811162e-01 7.603654704389233299e-01 7.593879272610527531e-01 7.467664573334469313e-01 7.498193415289869934e-01 7.543987217898830977e-01 7.579334151664507413e-01 7.575972148285433638e-01 7.594702715065002607e-01 7.475913630753137085e-01 7.547954806517228610e-01 7.543235855321247518e-01 7.557269400554151861e-01 7.631147002501604826e-01 7.670632309822129624e-01 7.423246630294260129e-01 7.465786576147509512e-01 7.600506279769585483e-01 7.583439374584652892e-01 7.554576273071367254e-01 7.581692040419637513e-01 7.430761513392124540e-01 7.580460379638491730e-01 7.468297401739079078e-01 7.559313973774508533e-01 7.637391613305041238e-01 7.649302457953078838e-01 7.667269823478080060e-01 7.625922820533573843e-01 7.611226796414680695e-01 7.638622473773993837e-01 7.658364830299477788e-01 7.631687239748048412e-01 7.594798498240729057e-01 7.571821763130819338e-01
5.922080767530923072e-03 1.102033491976315976e-01 1.829796297610729872e-01 4.152350563481045920e-01 3.375053523240048037e-01 4.277867010742888443e-01 6.246231522101080014e-01 5.500821291065438601e-01 6.917756408535743473e-01 6.125066377354112523e-01 1.000000000000000000e+00 7.500762817542730998e-01 6.416074126618332985e-01 5.279791699938054528e-01 7.593283468415046311e-01 7.257268141558249619e-01 7.001547258419080766e-01 6.688261130763395457e-01 6.778554710285721319e-01 5.739146521940159396e-01 6.256083444106856906e-01 7.153751730651689567e-01 7.292784428615521897e-01 6.559549259835228963e-01 6.885610247662120598e-01 7.793957446162929070e-01 7.624859506935797171e-01 7.651691092249349735e-01 7.357200039482756360e-01 7.811319819601567627e-01 7.906149717305259728e-01 7.859577038108808145e-01 7.634066795917624493e-01 7.652533450901389811e-01 7.683367917764097887e-01 7.439269951027202010e-01 7.754909604375599397e-01 7.788627137528987276e-01 7.910829612274306033e-01 7.449506639755668624e-01 7.943912417690918160e-01 7.890448435964629859e-01 7.730153003797954891e-01 7.957833014106756586e-01 7.835106051290041673e-01 7.954425155056918939e-01 8.037228782545774441e-01 8.053560659070756467e-01 7.906252946744007915e-01 7.682866980415417046e-01 7.920991835866501019e-01 7.565810727133659430e-01 7.742816331671288355e-01 7.958153074842598818e-01 7.899657950109646443e-01 7.931953309974767441e-01 7.712124225077117146e-01 7.946763053749250627e-01 7.896238080360343803e-01 7.977562645746677505e-01 7.987977076034286084e-01 7.861985239665024716e-01 7.789235751464252955e-01 7.792532154539171252e-01 7.886725141412609386e-01 7.804302569945957835e-01 8.079179506600772109e-01 8.044673543371839708e-01 8.048011285968417194e-01 7.917747604878412337e-01 7.997941238419794541e-01 8.073468310722041741e-01 7.940464352452862862e-01 7.975810092170132481e-01 8.062883117568765412e-01 8.038564127911317359e-01 8.060307030961303409e-01 8.018246841175659112e-01 8.044191311396311495e-01 8.024828603987159692e-01 8.065711151882818397e-01 8.067970361560712345e-01 8.041434249126256928e-01 8.066413507492982138e-01 8.045564920884635818e-01 8.049457235469075211e-01 8.027146868212843289e-01 8.047643949529812435e-01 8.080868540548784562e-01 8.004875942926453769e-01 8.035035432745178952e-01 8.053493131946537487e-01 8.058730537204161770e-01 8.081556059300660788e-01 8.061823013497534385e-01 8.061547671274040816e-01 7.907951738322946955e-01 7.842340584886724475e-01 8.022161811159400635e-01 8.019455822486987184e-01 8.012858796627382318e-01 7.963436439577611381e-01 8.015550766354481160e-01 8.029572143724827971e-01 8.031039996792276314e-01 7.851025828169057030e-01 8.022438423936980589e-01 8.069217527335801332e-01 8.053832406260729160e-01 8.041446461556168712e-01 8.017295259442536182e-01 8.056962138871310852e-01 8.014418763115020994e-01 8.000525584847615335e-01 8.019199754455957896e-01 7.991298258879960814e-01
1.085373764723510451e-02 9.747515601640734106e-02 2.698340536754172958e-01 5.428138931610494433e-01 3.924922705619598995e-01 4.658054369389432181e-01 7.074887087723973345e-01 6.581647895776685520e-01 7.642149736383014869e-01 6.672303739947287315e-01 7.500762817542730998e-01 1.000000000000000000e+00 7.243524055068313316e-01 6.056795812009803104e-01 8.447190664043118247e-01 8.424170878770991244e-01 7.770852337661735554e-01 7.210662073068528910e-01 7.302132168170903936e-01 6.708500595089061935e-01 7.656791712063654165e-01 8.134905912578024312e-01 7.941941232702156572e-01 6.972991579534527640e-01 7.347582126621192700e-01 8.532711523903188100e-01 8.431522720971383889e-01 8.377024803514502294e-01 8.099433686885616490e-01 8.491773711835588490e-01 8.737821332961682730e-01 8.652849734102930901e-01 8.378141459175197925e-01 8.371689475509294098e-01 8.514274542214016472e-01 8.400867451225207949e-01 8.552287889191888537e-01 8.729179602099861324e-01 8.856065900351666187e-01 8.368789511518649471e-01 8.856130118401500662e-01 8.806253394171684734e-01 8.751343921107237467e-01 8.936852390310092709e-01 8.864553592500746815e-01 8.862035384494211243e-01 8.952542450001302887e-01 8.974962443704921355e-01 8.931420222680106491e-01 8.790054959037149063e-01 8.958272900181056819e-01 8.644447616131797352e-01 8.828796022411646849e-01 8.880973520914393626e-01 8.845434857779428395e-01 8.862787089771654303e-01 8.877272961739355317e-01 8.935132873444268098e-01 8.947085125124227822e-01 8.971346713272462248e-01 8.991524158125302479e-01 8.972413834136317989e-01 8.944207607207470545e-01 8.949652745117826491e-01 8.899347531657756383e-01 8.875621634373958013e-01 8.977949345125092462e-01 8.897594735780811614e-01 8.925553354498892977e-01 9.013333120258850695e-01 9.047649934894513857e-01 8.993714919691895293e-01 8.781689536369945426e-01 8.763695175010947080e-01 8.992708874806556452e-01 8.956890037359148682e-01 8.922201134124442268e-01 8.852904613907293108e-01 8.908698622698320024e-01 8.912700777502541305e-01 8.904016365348156326e-01 8.988053578586870929e-01 9.001186985746341129e-01 8.939944776194533871e-01 8.971091140531461949e-01 8.944026616483308212e-01 8.935506432825741641e-01 8.995867776165662466e-01 8.991495521124793777e-01 8.957661971239394560e-01 8.944995386980469920e-01 8.995352001224196092e-01 8.976473989240777440e-01 8.983664239556141684e-01 9.001847940171779916e-01 8.996860958324679469e-01 8.957705873864851842e-01 8.916177420855381230e-01 9.005941511423957158e-01 8.995511000249510891e-01 9.014935622252957526e-01 9.008922931000034051e-01 9.002934998057821048e-01 9.028179329376072593e-01 9.053069886400685329e-01 8.930313730699244168e-01 9.011382574116965083e-01 8.983838100198618948e-01 8.985559034391888966e-01 8.985763391500183328e-01 9.025223201837132558e-01 9.007922682845378448e-01 9.026374269217001256e-01 9.013318738461799651e-01 9.028236862011989050e-01 8.993075711343428980e-01
2.222503941985726553e-02 9.034969945397709756e-02 2.365252903842295640e-01 4.301722516436254362e-01 3.470242315784070608e-01 3.927454250153177284e-01 6.340468216613002195e-01 5.775463456226415104e-01 6.627942968509532573e-01 5.921874340505112189e-01 6.416074126618332985e-01 7.243524055068313316e-01 1.000000000000000000e+00 5.209011613339427083e-01 7.413107183606202355e-01 7.232085956219632683e-01 6.545398165524003442e-01 6.308573979752326588e-01 6.447319263706952075e-01 5.601759453274641753e-01 6.259848797613616345e-01 6.896496556768261232e-01 6.986525110901790070e-01 6.128438821684628612e-01 6.512928226503713613e-01 7.575692352474679980e-01 7.418563683879642046e-01 7.409905302431059049e-01 7.116078647558448100e-01 7.536486666418777958e-01 7.744295802195716449e-01 7.604197457617059008e-01 7.353774233517065273e-01 7.341502434206750305e-01 7.459171784834458530e-01 7.382428424061093786e-01 7.564778079801122157e-01 7.677340766156679486e-01 7.813210297049321129e-01 7.321130843656623588e-01 7.817584069417391479e-01 7.854768962871034876e-01 7.727640888582755219e-01 7.873008875949222274e-01 7.768994547744031420e-01 7.770309533848915873e-01 7.884214373948770227e-01 7.923355216592190553e-01 7.774359341786621913e-01 7.636994880977699962e-01 7.836525200665689361e-01 7.508830950274861804e-01 7.677941187372474552e-01 7.775630113815541478e-01 7.736506698768925716e-01 7.777366392272052620e-01 7.562755579019093677e-01 7.850545791005079099e-01 7.771985085087262934e-01 7.887335521491525281e-01 7.884500141053004674e-01 7.787844432897925717e-01 7.670978579852650858e-01 7.732722706307842975e-01 7.736459355428281226e-01 7.679830356815984249e-01 7.892676849247263204e-01 7.844679927629604199e-01 7.901488302598723701e-01 7.824200840123435308e-01 7.892975829513193542e-01 7.888010079869692825e-01 7.717881709411972269e-01 7.749565377234576280e-01 7.912487667872176722e-01 7.894422246950227873e-01 7.885162635850466728e-01 7.813220664757920542e-01 7.848976496458629493e-01 7.899396176500244060e-01 7.871225919340149035e-01 7.934525224183525127e-01 7.856544124343918245e-01 7.889789790810682879e-01 7.851422648413560745e-01 7.868181688139257446e-01 7.915062945161266406e-01 7.896452819529599099e-01 7.933154064057315047e-01 7.871628209287171440e-01 7.858762604290999709e-01 7.939730415186841972e-01 7.925630344176826103e-01 7.933379042469081988e-01 7.924573111479757959e-01 7.932062257950177608e-01 7.765571651300441358e-01 7.689920565997006019e-01 7.868711948491472485e-01 7.876580201926445257e-01 7.932672179052893124e-01 7.826147015060596068e-01 7.886906658158596706e-01 7.940331362359401846e-01 7.915620729108676645e-01 7.717834248001667063e-01 7.872623732465026114e-01 7.922677318908696309e-01 7.895319641054072690e-01 7.897173810648664416e-01 7.886405562260533353e-01 7.915606021540708692e-01 7.898544145308795672e-01 7.866218789032439762e-01 7.891152957029562431e-01 7.813147828120144966e-01
