1.000000000000000000e+00 2.313833392121545096e-01 1.085709520439530201e-01 1.679504535072778512e-02 6.461695409722276184e-02 -6.063576127779129327e-02 -1.887887865680736715e-02 5.267606918689962670e-02 2.207820349122900649e-01 1.619879985981030057e-01 1.003889031767987439e-01 -2.086301659127272768e-03 3.340764767819288591e-03 1.723795010288077870e-02 1.228173398889325155e-02 4.336631419331832965e-02 2.224657657374744246e-01 2.183753878907965795e-01 2.264471443853124377e-01 1.874396277543903533e-01 2.447392753249024444e-01 2.073219016219848276e-01 1.586924424898978336e-01 1.695224967127038074e-01 1.974993264843566687e-01 1.404978555322729528e-01 1.219151099645994774e-01 1.313746013589106032e-01 2.069628961848302140e-01 1.788714090565026726e-01 1.355455402147986710e-01 1.053671527953231185e-01 1.142404102545381689e-01 9.518922077307029328e-02 1.456398672442986431e-01 6.194376129311864043e-02 8.454811340269983988e-02 4.022159130832251434e-02 6.036574882164082168e-02 -2.857583488105739852e-02 2.091837590742771577e-02 5.089644877726491254e-03 -4.323311604315543608e-03 3.343639384051987073e-02 5.714533931179629350e-02 5.853207652081273554e-02 2.822968925578142607e-02 3.944057317372728910e-02 1.996028079090535548e-02 3.438003769486573657e-02 3.615068857405573377e-02 1.993217560687911977e-02 -7.463550519007381562e-03 6.345701001838402466e-02 6.885284641133676553e-02 3.808976504941348484e-02 8.072455665728098251e-02 2.633440685156432370e-02 1.507463050990169237e-02 5.576805945064945702e-02 3.655645066647078556e-02 5.389351919987745571e-02 4.318527413715583796e-02 6.896517546358875428e-02 1.136327248803755408e-01 6.930766818696232345e-02 4.770237010629203162e-02 7.434949611339528031e-02 7.573249580907991108e-02 7.923075450312121182e-02 9.300746500621216717e-02 9.055032747371939694e-02 6.008203339466434284e-02 6.987728297676903955e-02 4.977949461124298730e-02 6.772128981969696704e-02 4.798082805520174909e-02 9.942364474981904565e-02 7.172915231498964983e-02 8.113795973831028352e-02 7.497194074056061364e-02 5.073967673489102048e-02 5.978469889822306954e-02 7.646410131363862162e-02 3.050596639628146492e-02 4.305071796787325600e-02 2.218637944985872926e-02 7.697884476825820471e-03 3.080306395868621927e-02 2.414610337446786853e-02 7.215384020967166405e-03 4.403612408037278769e-03 9.248673152218231733e-03 4.447827759271751925e-03 4.168839715883604705e-03 1.267486441081111873e-02 -4.845826139277725070e-02 2.946061491544308894e-02 -2.641248019846293132e-03 1.805331839130178834e-02 -2.022981815300568809e-02 8.097390555495256881e-03 -5.394777122462206080e-03 3.536070129339767294e-03 4.098549579161748016e-03 3.264815236574106910e-02 1.360961950757031726e-02 2.290620526468215359e-02 1.662805389615789123e-02 4.193197231493288150e-03 5.318026041675844202e-03 2.267392603592819147e-02 1.199014718884248119e-02 2.945328612125450163e-02 7.795118795083612329e-02 3.383984758726175240e-02
2.313833392121545096e-01 1.000000000000000000e+00 9.055171977946779860e-02 1.033031943124400158e-02 9.511439622524783810e-02 4.556906350848469178e-02 8.993331700119407135e-02 9.492059306534043894e-02 2.165315069002082538e-01 2.374753685146054061e-01 1.290906704325575916e-01 9.520634252167672895e-02 6.138809405994439389e-02 1.001523532060692584e-01 1.266814338202774115e-01 1.342479459114374607e-01 1.775025353602539269e-01 2.013895964177182529e-01 2.077998259667623859e-01 1.562922909473821453e-01 2.009115859216958622e-01 2.047956509114035317e-01 1.867726538290376825e-01 1.791285621207315548e-01 2.000237904870503791e-01 1.857979017915071807e-01 1.718444531553201537e-01 1.868662294651969313e-01 2.323420924903767115e-01 2.269925618712068660e-01 1.922524393896341832e-01 1.754059441995598490e-01 1.688724145005787158e-01 1.400502825758873637e-01 1.957377744036640221e-01 1.278963145452729211e-01 1.499019257212858558e-01 1.468343048342896640e-01 1.428096595739289376e-01 1.107034653110511163e-01 1.372409061600202429e-01 1.267273359854457770e-01 1.163450171203073008e-01 1.267866751497365163e-01 1.520403893720685684e-01 1.636923268450964086e-01 1.434743605667131161e-01 1.448434006416636777e-01 1.328799655261307111e-01 1.191552104385894123e-01 1.323241424495186502e-01 7.975116043683121159e-02 9.840600080334542532e-02 1.531265709847849654e-01 1.636405435042302403e-01 1.474675853217900512e-01 1.432042147512588015e-01 1.332621635944079008e-01 1.432773916958001992e-01 1.476442857856106183e-01 1.369892478169149053e-01 1.526331223861668862e-01 1.366293220447794832e-01 1.502126921672248538e-01 1.543404733021065400e-01 1.432116220751546154e-01 1.420444259933843212e-01 1.631989917183966077e-01 1.656296628508489854e-01 1.609620712244516916e-01 1.646983194485632795e-01 1.669913039091642237e-01 1.524180753703153479e-01 1.565423202820069859e-01 1.514384160226784626e-01 1.519490708421092906e-01 1.504565657284794022e-01 1.840491538095641866e-01 1.664842358732015748e-01 1.785399425035812393e-01 1.656058596637219604e-01 1.484571527132013957e-01 1.535683806725640643e-01 1.724353992707373384e-01 1.375324002335268636e-01 1.446961034585293737e-01 1.321109509140895866e-01 1.340357308396336877e-01 1.425519609627269035e-01 1.376515322896894045e-01 1.292500123341977780e-01 1.237775983422240988e-01 1.274566054368552470e-01 1.312454886781420915e-01 1.291706344159850584e-01 1.337858902235302405e-01 9.122787043566812915e-02 1.215960028453276220e-01 1.203348335293371735e-01 1.316099488738378953e-01 1.098427885176408436e-01 1.214892180761007606e-01 1.128990605234789363e-01 1.175492522784027660e-01 1.094069745510301006e-01 1.297733859652022703e-01 1.306766433669441230e-01 1.364172546218009874e-01 1.362555030512585252e-01 1.288331009983353925e-01 1.314113860578454696e-01 1.312746309420063651e-01 1.337890554427712819e-01 1.281909096030574846e-01 1.468920534895015173e-01 1.312967484253759198e-01
1.085709520439530201e-01 9.055171977946779860e-02 1.000000000000000000e+00 2.620121633658636928e-01 1.874965635244906781e-01 1.370528241812946357e-01 2.589445266980896498e-01 2.507276038130387685e-01 2.706197323177630953e-01 2.287343553954674924e-01 2.986495363841075168e-01 3.045873303152420442e-01 2.459346966649384736e-01 2.162004778888221290e-01 2.994632445715779689e-01 2.839478692555418293e-01 2.939808800978293002e-01 2.539034118615290936e-01 2.885729268352508758e-01 2.843853747773036900e-01 3.044272208948805569e-01 3.180063547411861036e-01 3.023651753770765782e-01 2.631131538033018025e-01 2.849851079043476676e-01 3.403526549387828615e-01 3.321860547302181166e-01 3.218940195355387002e-01 3.006708222746567460e-01 3.159152201939148807e-01 3.402987420395999774e-01 3.071021583937125765e-01 2.956087188878279703e-01 2.912357437288325968e-01 3.072113531639033557e-01 3.122591029286106434e-01 3.316282763221991003e-01 3.004422679149828523e-01 3.117188413718112727e-01 3.059235281997850775e-01 3.207957920605386537e-01 3.024364406157396545e-01 3.099515955360370723e-01 3.187188529348972676e-01 3.397459670939381171e-01 3.243845163038645008e-01 3.068390722704429363e-01 3.099788547935832805e-01 3.084841498133180093e-01 2.982165315424746832e-01 3.042081079342183192e-01 3.238822215982316011e-01 3.060474201319697274e-01 3.221505206529508558e-01 3.255259286682714026e-01 3.190410894857688140e-01 3.239376086907322372e-01 3.155109478718310378e-01 3.071768404782803663e-01 3.190303773108638663e-01 3.093754277119641904e-01 3.205650833518388643e-01 3.164844349484549069e-01 3.095249784861538456e-01 3.128765069186411063e-01 3.239180237906823523e-01 3.084121087768947334e-01 3.133124366569505215e-01 3.135920957926098818e-01 3.247575435161185742e-01 3.266654217585033826e-01 3.285968100088531574e-01 3.027195596839840075e-01 3.137415216555287101e-01 3.227647941610517490e-01 3.340532369974235083e-01 3.131957136532741437e-01 3.163810918877217881e-01 3.196080423191555164e-01 3.137887792471296122e-01 3.240158999664455863e-01 3.175844589574381427e-01 3.121086086571716600e-01 3.145601774465979772e-01 2.958825845361948148e-01 3.046935327493826562e-01 3.180893034951215448e-01 3.042419957183283286e-01 3.063639420988855111e-01 3.129663223997425914e-01 3.162887483053970494e-01 3.076843284368933062e-01 3.138089532067463439e-01 3.094843831897413633e-01 3.011388170417002574e-01 3.048943997562682529e-01 3.003073389116460157e-01 3.137868220290803145e-01 3.062794727660166916e-01 3.099047461060968067e-01 3.064512866334543340e-01 3.111587885127014008e-01 3.129094482974489888e-01 3.105991818024686490e-01 3.122326739496980585e-01 3.183387147266215078e-01 3.060051948036500713e-01 3.079485703413419873e-01 3.158893233968229630e-01 3.076818574345157042e-01 3.097728518074572279e-01 3.132202849130296674e-01 3.121013813590942099e-01 3.080685181630770653e-01 3.183253778798880163e-01 3.222345191355139860e-01
1.679504535072778512e-02 1.033031943124400158e-02 2.620121633658636928e-01 1.000000000000000000e+00 2.894977850356315052e-01 2.590032042913611443e-01 4.815698527756385183e-01 4.609046930641149675e-01 3.609327802736873037e-01 3.575599874083985608e-01 4.340656062730038900e-01 5.321972991204714232e-01 4.208787851099168309e-01 3.847873284896480284e-01 4.859740142920863648e-01 4.994267983149911494e-01 4.172012315415834505e-01 2.372575492793811691e-01 3.142553235480393115e-01 3.799626614404006952e-01 3.892124556572049698e-01 4.269272799208968516e-01 3.917537596230094565e-01 2.994830506967520178e-01 3.219001337449414746e-01 4.692494068721647649e-01 4.975793062328282557e-01 4.470111363933703674e-01 3.213619422394264902e-01 3.593706939801137312e-01 4.519308898272452191e-01 4.240878120332111090e-01 4.016939886774347213e-01 4.413923248473923255e-01 3.812291401558951520e-01 4.984698792621430896e-01 5.040011929449900174e-01 4.349725119280742347e-01 4.672670376538063386e-01 5.054510257941171592e-01 4.884823570694748485e-01 4.716474948838053072e-01 4.912166520650964596e-01 5.235312118889640098e-01 5.180066299391973272e-01 4.684723170077602084e-01 4.651734043844797384e-01 4.575299646436130074e-01 4.678904977526779363e-01 4.649811641107780558e-01 4.657445580503490334e-01 5.327760288015375156e-01 5.088112634123467259e-01 4.716669873211334907e-01 4.648189096459725000e-01 4.842447047124775472e-01 5.078689382245114015e-01 4.670215746318689964e-01 4.583040680222567609e-01 4.911220737122451441e-01 4.854775567013254745e-01 4.864397177892447743e-01 4.752445797544223582e-01 4.785088277576478033e-01 4.610847174659714054e-01 5.099505091654997768e-01 4.624508156312970297e-01 4.319620304940938738e-01 4.451372344772727696e-01 4.622967195942166430e-01 4.613891939863232206e-01 4.608495168813351861e-01 4.247079052733149229e-01 4.273668445446651143e-01 4.771666660790906400e-01 4.929873560557258005e-01 4.622088115192788393e-01 4.101500551879074807e-01 4.405454127544973786e-01 4.176084520994451377e-01 4.459410511522799436e-01 4.525304934610206442e-01 4.778789294809413501e-01 4.349649223315334989e-01 4.504807777201013108e-01 4.546247698989120956e-01 4.842935375963570710e-01 4.647020857353449386e-01 4.603381166807617442e-01 4.787579219428776955e-01 4.992889479182334167e-01 4.755722945921451728e-01 4.832610457433645368e-01 4.760851968360481634e-01 4.601236221762162182e-01 4.629424407437173206e-01 4.909462108329040730e-01 4.993847081569591229e-01 4.821431996717567281e-01 4.762779226367959695e-01 4.860047403386076326e-01 4.874412243202826400e-01 4.971546984492910548e-01 4.949921947393021715e-01 5.002646258754709363e-01 5.060272347078977884e-01 4.751062178685813153e-01 4.629179035581863499e-01 4.684957494113944909e-01 4.683462829618872947e-01 4.660129153301557081e-01 4.873046042646854148e-01 4.832604650821760717e-01 4.846718588815372986e-01 4.798556320273261178e-01 5.000208877487821724e-01
6.461695409722276184e-02 9.511439622524783810e-02 1.874965635244906781e-01 2.894977850356315052e-01 1.000000000000000000e+00 2.121739973406585322e-01 4.071125132975482175e-01 4.115890203385082491e-01 3.660789735870316752e-01 3.522638977922621928e-01 4.003712425255314677e-01 4.283644688453567273e-01 3.759209235848822717e-01 3.315442953392434555e-01 4.501929607184396720e-01 4.484549682196973808e-01 3.836787942173091048e-01 2.938540161693184993e-01 3.399681286580673034e-01 3.322790004768931271e-01 3.596385312292113001e-01 3.934612835123035279e-01 4.093493042120695535e-01 3.418965538803828697e-01 3.628206809980250580e-01 4.154173554284081304e-01 4.349581750494999066e-01 4.314148240709697602e-01 3.768862499084040807e-01 3.995383350157827862e-01 4.412806111711914392e-01 4.259670941116363019e-01 4.228738462907560836e-01 4.100167388317982886e-01 4.175047740526435236e-01 4.342240014067842435e-01 4.565161557477889764e-01 4.206623925726807878e-01 4.351199309699029238e-01 4.308558398325584848e-01 4.412316254024047368e-01 4.412898299697960436e-01 4.442618903602212344e-01 4.566867442167906188e-01 4.579653102748533766e-01 4.529769452873389501e-01 4.387612311414130217e-01 4.356341095728243351e-01 4.296054381367835906e-01 4.111675260775802254e-01 4.260299455838569838e-01 4.167182094739814713e-01 4.151991739184074937e-01 4.420978748127025737e-01 4.364132474155618113e-01 4.364022732973988905e-01 4.377243311342819410e-01 4.321366855449079170e-01 4.247453948712913152e-01 4.499195639779492994e-01 4.395962553953446372e-01 4.491706175689241798e-01 4.348090772995942821e-01 4.393238719077278143e-01 4.330963433296924348e-01 4.473930302673853610e-01 4.355217116947077138e-01 4.293644330462536574e-01 4.410929676905450680e-01 4.336790230607164287e-01 4.405247960294749188e-01 4.445536252027606494e-01 4.156412005135658450e-01 4.290100874576847079e-01 4.411243699006042185e-01 4.516615124836472761e-01 4.433462799804255838e-01 4.247927607761514124e-01 4.304598135231229028e-01 4.280841542686152912e-01 4.415247317488692480e-01 4.372375369850686755e-01 4.463855963929694859e-01 4.396944979037998857e-01 4.285259583163061325e-01 4.376932700525914544e-01 4.467215564575698350e-01 4.339109126438968622e-01 4.382244080200654035e-01 4.400716332587935598e-01 4.484691372730915115e-01 4.406395920675040268e-01 4.420111091434472117e-01 4.397908695864173323e-01 4.321235594171121130e-01 4.352007964038615562e-01 4.255942118159448118e-01 4.316480000217142177e-01 4.320982320226797180e-01 4.346152252413642558e-01 4.404944181374407242e-01 4.340788722747078721e-01 4.374444924054982087e-01 4.448886370946997793e-01 4.362582178273718414e-01 4.354668632152876029e-01 4.336675061671038667e-01 4.332955812825403652e-01 4.382830889610403458e-01 4.352624348308945512e-01 4.338649186403033542e-01 4.436564890150406781e-01 4.410696776792958906e-01 4.396235361803022546e-01 4.440627356371765200e-01 4.448727309762650628e-01
-6.063576127779129327e-02 4.556906350848469178e-02 1.370528241812946357e-01 2.590032042913611443e-01 2.121739973406585322e-01 1.000000000000000000e+00 4.036637525919518077e-01 3.336962099723283504e-01 3.640766704744742843e-01 3.463946031359330657e-01 3.953497118876672656e-01 4.460348612620725905e-01 4.178591412882761147e-01 3.614599409935095320e-01 4.690549304038889589e-01 4.176422386476472681e-01 3.645010568980704968e-01 2.804905656873925568e-01 3.283586685037024333e-01 2.923394605035942173e-01 2.972285019911612425e-01 3.592093402710891392e-01 3.848327436813659408e-01 3.281596400834024818e-01 3.266798143860198955e-01 4.203260967233739542e-01 4.178370877033833475e-01 4.242654361481852376e-01 3.749160132924858613e-01 3.999917849159792538e-01 4.431780067818144042e-01 4.380371988873367206e-01 4.049387581042517836e-01 4.159690151756533782e-01 4.069804638758300341e-01 4.466043839625813971e-01 4.498194631456596260e-01 4.552238359251399302e-01 4.651381283705290359e-01 4.590308211967865093e-01 4.800062316942472762e-01 4.739248819244793465e-01 4.677585284402626109e-01 4.707187370314237507e-01 4.627275543404161251e-01 4.744555886606895978e-01 4.784485657759056654e-01 4.787988513830057635e-01 4.762322761616107347e-01 4.480974955593567954e-01 4.653641009669804984e-01 4.535847724980683338e-01 4.607027483706381821e-01 4.706759702073880502e-01 4.616644469168059706e-01 4.684345008689052015e-01 4.517971798876149747e-01 4.780462710792324765e-01 4.698429155899146448e-01 4.691125443103973391e-01 4.755288215674888797e-01 4.582731996903965377e-01 4.672145475212773347e-01 4.647934203252070962e-01 4.616166197484362632e-01 4.659116890977093028e-01 4.817650345388536093e-01 4.652987133084433014e-01 4.666318502026323700e-01 4.660518680234611577e-01 4.596999794998627431e-01 4.677309897604082223e-01 4.559476079767478818e-01 4.634226093104789057e-01 4.789651028656631282e-01 4.735168470761831339e-01 4.833565795689133693e-01 4.531412104950833797e-01 4.706223065558497454e-01 4.656835960801929408e-01 4.742589674820034684e-01 4.817828069620397335e-01 4.811424546405108638e-01 4.627006933285334189e-01 4.756596601412599878e-01 4.760836835066458161e-01 4.842280512901254719e-01 4.883356176470453058e-01 4.874574890742193189e-01 4.843373539959746621e-01 4.859041623484243178e-01 4.920361977192340697e-01 4.887737178050570730e-01 4.917790439646679834e-01 4.880230765737321730e-01 4.874773105775492277e-01 4.961323305440019094e-01 4.820400054775064724e-01 4.883801655740846459e-01 4.879281537200718111e-01 4.901272568700971721e-01 4.892264600787127882e-01 4.881660327747822103e-01 4.906666286315230496e-01 4.906678545246533907e-01 4.781917213444248360e-01 4.872523351260048541e-01 4.855750679374015721e-01 4.834818684743715789e-01 4.894659098923169749e-01 4.887975177735090493e-01 4.852163936784493758e-01 4.852295778041189611e-01 4.851041210714244212e-01 4.773675871065752307e-01 4.830216345445177417e-01
-1.887887865680736715e-02 8.993331700119407135e-02 2.589445266980896498e-01 4.815698527756385183e-01 4.071125132975482175e-01 4.036637525919518077e-01 1.000000000000000000e+00 5.949393210557550882e-01 5.865040104359872108e-01 5.603424777767099796e-01 6.452942208279170977e-01 6.960433132900778475e-01 6.431174628717516439e-01 5.695597011043891378e-01 7.582479578419344390e-01 7.043614795421465624e-01 6.003372415393800621e-01 4.626795077200196449e-01 5.424128628253910289e-01 4.855043018083162187e-01 5.398904856553065068e-01 6.028397646064954651e-01 6.270911189616372727e-01 5.378597674771893322e-01 5.362175099358063024e-01 6.877736423000341270e-01 6.885920526910652706e-01 6.982912294518138774e-01 5.883183665754544434e-01 6.221794589621565397e-01 7.025226674939112348e-01 7.014128816669141786e-01 6.858302402948960319e-01 6.920742338704671814e-01 6.676869431390223264e-01 7.004015115103933153e-01 7.336418779505677890e-01 7.287606970062364686e-01 7.424046080474875353e-01 7.391461616309438210e-01 7.400687088606611175e-01 7.529736348099592691e-01 7.431572405962083572e-01 7.627523292623626938e-01 7.373803524387614328e-01 7.466707664941956146e-01 7.382254777062214890e-01 7.319315691384411515e-01 7.306811505544456020e-01 7.058077877553916579e-01 7.297424671150071207e-01 6.892883734028509846e-01 7.100345508685277363e-01 7.270543069902688504e-01 7.171011489032027564e-01 7.348233147819501765e-01 7.112896696854221767e-01 7.323814096580741895e-01 7.272006738983550767e-01 7.257221888439612245e-01 7.295685628009024315e-01 7.285085236991205582e-01 7.248981251125597991e-01 7.195471955426780974e-01 7.017226851483846506e-01 7.207739846308438558e-01 7.335092333526264108e-01 7.170611746829345101e-01 7.256499513699541382e-01 7.207742306876196992e-01 7.250740055610049861e-01 7.248984785493676197e-01 7.090651167956845136e-01 7.056973196956389804e-01 7.431676968675382522e-01 7.470057449540564720e-01 7.479578881934720869e-01 6.939112935750729738e-01 7.252551085716320012e-01 7.008506035016383029e-01 7.276500016927324177e-01 7.316526244749194108e-01 7.440256163963698821e-01 7.284092234232183438e-01 7.348475557733663566e-01 7.374496060300259614e-01 7.476435751424214127e-01 7.534273361358786447e-01 7.434493431777068340e-01 7.465947846596937554e-01 7.627467107307993599e-01 7.540730172461073133e-01 7.491361479479435870e-01 7.592339350817483012e-01 7.338131681436012022e-01 7.371010145095556743e-01 7.421048312049037810e-01 7.248282652450298569e-01 7.386707368560335718e-01 7.434682230755450538e-01 7.524756263565410830e-01 7.441424749519058857e-01 7.375480050075707839e-01 7.536557027024792799e-01 7.421205581763840042e-01 7.269355626367449696e-01 7.362527097926124808e-01 7.380695170123134918e-01 7.427909469278471954e-01 7.384991283419113373e-01 7.413707479681250767e-01 7.357436686642239154e-01 7.404637910561664427e-01 7.357552413969425942e-01 7.256540462801597258e-01 7.334947897967256658e-01
5.267606918689962670e-02 9.492059306534043894e-02 2.507276038130387685e-01 4.609046930641149675e-01 4.115890203385082491e-01 3.336962099723283504e-01 5.949393210557550882e-01 1.000000000000000000e+00 5.412216886311498332e-01 5.257747376019662466e-01 5.922712292242535703e-01 6.340088090561581957e-01 5.934560993101605231e-01 5.228532820969051809e-01 6.792376242791887675e-01 6.782881535530765893e-01 5.877841844592651688e-01 4.339035232737122327e-01 5.021742454829962732e-01 4.845496982549367671e-01 5.358940523398965095e-01 5.775614550676810843e-01 5.680630288339001410e-01 5.050896564701002900e-01 5.013595969788524620e-01 6.309919974215384419e-01 6.426786042723202641e-01 6.249072839685149150e-01 5.629250516899011458e-01 5.771327478797732002e-01 6.474592828569081249e-01 6.341149247968275171e-01 6.167469821505130456e-01 6.331033082087930142e-01 6.122233776430767715e-01 6.416318919226680073e-01 6.608818657973857258e-01 6.573690173980010210e-01 6.626530979833991086e-01 6.577392183916718205e-01 6.667220575984533770e-01 6.649499133272720464e-01 6.819751569661692825e-01 6.976980206116631944e-01 6.720193569090918695e-01 6.738609500545960085e-01 6.645684308761761194e-01 6.589851444554666315e-01 6.600488565520277184e-01 6.482883151755992612e-01 6.661781432755951027e-01 6.349208634532289564e-01 6.434045128797134527e-01 6.647641397553204490e-01 6.652222621199673780e-01 6.714487767600556545e-01 6.626446542033852527e-01 6.651542631015088247e-01 6.603991369250191701e-01 6.698711273875298522e-01 6.706468966085838979e-01 6.763068261382694235e-01 6.740517601443513085e-01 6.605298423316577905e-01 6.490636029995673351e-01 6.649338783822489329e-01 6.613824094075141380e-01 6.492753351029939557e-01 6.604547932738482618e-01 6.575174657476602347e-01 6.598709002363978282e-01 6.628487344968055917e-01 6.407656758359030480e-01 6.383701945270454647e-01 6.663352474349707455e-01 6.766973618186545858e-01 6.673958804291680869e-01 6.387654454676114923e-01 6.530930783733981393e-01 6.390158262946712409e-01 6.594247313667029875e-01 6.582624798115288556e-01 6.719914449364967624e-01 6.547917572319394974e-01 6.638914002429451289e-01 6.639085396082843316e-01 6.664748092640788713e-01 6.700815411926467347e-01 6.644518047530922900e-01 6.677376305805625689e-01 6.768611029567802584e-01 6.710505610861439152e-01 6.695004245612229399e-01 6.737425582853494577e-01 6.543810193679826526e-01 6.600897709920826584e-01 6.649725919823207265e-01 6.658945872191340820e-01 6.654503576923206376e-01 6.735776881204799116e-01 6.743845138509959591e-01 6.757881076410202636e-01 6.639595680926708710e-01 6.807614592813352461e-01 6.681341416726228610e-01 6.664141049528559124e-01 6.620342602175043334e-01 6.644341634595843926e-01 6.710493112655551151e-01 6.666427155630652024e-01 6.699874421199601970e-01 6.697477260813589073e-01 6.753101154769328707e-01 6.675096260593000874e-01 6.671841262935255257e-01 6.693916256491163619e-01
2.207820349122900649e-01 2.165315069002082538e-01 2.706197323177630953e-01 3.609327802736873037e-01 3.660789735870316752e-01 3.640766704744742843e-01 5.865040104359872108e-01 5.412216886311498332e-01 1.000000000000000000e+00 6.982150367595486573e-01 7.171217318638862803e-01 7.167735076907236769e-01 6.641447264689820384e-01 5.867427654582201280e-01 7.513037275125217240e-01 7.253704421668856206e-01 7.694147142858005495e-01 5.827722305373571610e-01 6.651965883412584990e-01 5.786958420392862568e-01 6.229600405748856318e-01 6.865287677086013840e-01 7.060991884161162968e-01 6.207971195090513650e-01 6.352830421164281649e-01 7.751352183138124907e-01 7.446429018414952861e-01 7.627850948639780526e-01 7.817549733606415918e-01 8.039054192435651780e-01 8.230217782206781241e-01 7.841185884646741933e-01 7.520835256925866297e-01 7.393120087355968817e-01 7.829743895958799493e-01 7.435719665355567942e-01 7.849416530007968795e-01 7.775761870074927584e-01 7.912819135421005345e-01 7.087347477055607747e-01 7.870425341738430669e-01 7.667733587662779460e-01 7.493839669020816441e-01 7.777789002255678374e-01 7.759355605104909515e-01 7.955747046081822482e-01 8.126885645219859011e-01 8.261929787098620803e-01 8.109626272071152053e-01 7.569616992717647097e-01 7.952766634951549118e-01 7.342791863914437389e-01 7.661985551837590114e-01 8.273236009698553550e-01 8.181105168387680093e-01 8.025027627574782274e-01 8.166570590687795006e-01 8.065722585599580663e-01 7.962322548675899725e-01 8.189945182801671164e-01 8.121719778393139411e-01 8.167405297458093516e-01 8.094743013256382458e-01 8.205231154304249985e-01 8.349802668559999086e-01 8.164511090103087065e-01 8.215479804838959899e-01 8.058045119502834641e-01 8.083307351616720871e-01 8.020041151143648683e-01 8.061756219874824936e-01 8.219041249971990037e-01 7.791973455152906292e-01 7.894043261137893008e-01 8.177503907478745893e-01 8.134065575748697929e-01 8.120124191054366447e-01 8.294455529313211617e-01 8.206701134572088607e-01 8.329925922542843475e-01 8.257662219899651879e-01 8.249730507411491276e-01 8.195238860399746139e-01 8.198689268182129952e-01 7.941344396472705958e-01 8.029319793936909866e-01 8.018241577464776393e-01 7.959610927756889387e-01 8.097206689145362013e-01 8.033569825949170573e-01 7.809927758050132507e-01 7.963092540991949519e-01 8.001712464612904530e-01 7.978674870393068774e-01 8.066097462740658974e-01 8.098426039412780497e-01 7.595412719731380324e-01 8.013096779642598921e-01 8.015073614351471143e-01 8.054938834866898212e-01 7.842760797313353960e-01 8.013457601205109526e-01 7.936542357580110840e-01 7.966758024576277020e-01 7.936315977809532685e-01 8.079671634866124608e-01 8.104686605319907367e-01 8.140196226381767319e-01 8.075886614228330318e-01 8.033492211546100492e-01 8.044857945894113849e-01 8.135520364799346815e-01 8.072149594834500119e-01 8.147228972280126102e-01 8.312220090643550607e-01 8.125234870490101180e-01
1.619879985981030057e-01 2.374753685146054061e-01 2.287343553954674924e-01 3.575599874083985608e-01 3.522638977922621928e-01 3.463946031359330657e-01 5.603424777767099796e-01 5.257747376019662466e-01 6.982150367595486573e-01 1.000000000000000000e+00 6.560843540739821345e-01 6.707171888875789190e-01 6.065949248779977099e-01 5.415339620435660750e-01 7.140450061565738471e-01 6.799308406007964489e-01 6.681549420715618970e-01 5.428042833908501841e-01 6.263305959149034763e-01 5.450945648592023796e-01 5.982974807864102074e-01 6.500952320150698016e-01 6.781891191277246156e-01 6.106272923860310842e-01 6.198265440787597003e-01 7.345441474405804971e-01 7.016055069266092792e-01 7.214252154385467630e-01 7.193926701420869652e-01 7.445611661655041624e-01 7.625699048398627555e-01 7.430891376897549305e-01 7.044766633778094533e-01 7.025118739206362983e-01 7.309406843542934906e-01 7.160558119960331869e-01 7.461101384968180650e-01 7.395560751593081017e-01 7.483238936032122757e-01 6.966044321614923707e-01 7.475170005881942581e-01 7.254637090190768633e-01 7.317979936697489585e-01 7.376554040921586841e-01 7.426659278615607152e-01 7.479155986398576816e-01 7.605840627037089297e-01 7.655291536899355709e-01 7.554291129877477307e-01 7.142643807208186590e-01 7.497289352282736630e-01 6.768713964938347649e-01 7.084259147885348940e-01 7.651972093422466648e-01 7.663782064191958510e-01 7.614506385867659821e-01 7.448564896090228427e-01 7.497148835500628827e-01 7.516157711708004729e-01 7.561741540888230473e-01 7.521535153568876808e-01 7.629198958845266887e-01 7.515664238700413557e-01 7.572263365151060688e-01 7.479621970976433332e-01 7.519814723697797465e-01 7.561622143847375188e-01 7.519098527599936688e-01 7.601469360157258048e-01 7.498088867657580758e-01 7.544098778307507525e-01 7.665078709325952033e-01 7.346132730180844339e-01 7.451484083359178889e-01 7.637178252366900733e-01 7.653328717935877767e-01 7.572757013305213558e-01 7.682463208363964347e-01 7.631476214448277284e-01 7.726266938225225811e-01 7.686540727455205557e-01 7.631992798316464821e-01 7.634162707604585929e-01 7.639625271003973594e-01 7.417110661679748862e-01 7.529398688375911197e-01 7.543083370652753361e-01 7.464226303660793649e-01 7.554458461401236669e-01 7.496853971185060139e-01 7.404924804707521124e-01 7.470641427202109330e-01 7.503638753167206632e-01 7.475917956000825981e-01 7.492624862046661782e-01 7.514880188268880934e-01 7.131397919002617769e-01 7.357566768505673371e-01 7.449222545745637358e-01 7.517767759463522825e-01 7.375853091703556963e-01 7.437315380353745065e-01 7.410585292375322375e-01 7.428969619417247205e-01 7.391867631800833616e-01 7.418722516567363146e-01 7.514581465775292957e-01 7.579475673357236598e-01 7.573516060072367218e-01 7.492213973069780097e-01 7.507327083844309579e-01 7.525451538568064258e-01 7.536491255847681536e-01 7.477141613185648295e-01 7.570401324281206268e-01 7.523277976912391418e-01
1.003889031767987439e-01 1.290906704325575916e-01 2.986495363841075168e-01 4.340656062730038900e-01 4.003712425255314677e-01 3.953497118876672656e-01 6.452942208279170977e-01 5.922712292242535703e-01 7.171217318638862803e-01 6.560843540739821345e-01 1.000000000000000000e+00 7.810067535838537411e-01 6.902227455337860418e-01 6.115051453945129500e-01 7.971382940456805954e-01 7.538748007590100331e-01 7.246579246853287470e-01 5.982427509405351396e-01 6.804208614315662151e-01 6.069886257424539355e-01 6.725193009785751519e-01 7.200026787390086946e-01 7.321455344964092893e-01 6.724819298551864000e-01 6.860709641006879078e-01 7.858230954008654789e-01 7.773125885118883360e-01 7.777901449305231196e-01 7.461817242778117087e-01 7.779710420524473813e-01 8.269500215390510611e-01 8.031744393808646354e-01 7.584729907403240379e-01 7.812989766471059028e-01 7.797573156195607424e-01 7.853052144763966735e-01 8.291785479714265383e-01 7.991918113392153522e-01 8.189387065906283958e-01 7.735064313906671041e-01 8.195884395257783117e-01 7.980822818309368794e-01 8.014026604338184701e-01 8.198378239656739508e-01 8.197501719585912339e-01 8.163864768409392347e-01 8.255559171158112219e-01 8.303735050303650000e-01 8.260237349618365643e-01 7.938753439188795946e-01 8.166348367386548901e-01 7.684038285631272780e-01 7.903135613071456955e-01 8.314945109867654116e-01 8.302827875677986080e-01 8.248935985554344263e-01 8.135261170713457002e-01 8.200235103057276209e-01 8.135792638288729117e-01 8.242599640475609668e-01 8.241980126701734521e-01 8.231309330054826789e-01 8.220486301227649673e-01 8.158703378308039822e-01 8.210890169510151049e-01 8.204697567835853578e-01 8.341526729742860802e-01 8.302780361593210534e-01 8.313840234878971946e-01 8.318778558982415916e-01 8.359150313640202334e-01 8.440194483877917486e-01 8.118040487174770226e-01 8.274541691892274287e-01 8.369512526125092444e-01 8.442721141386488881e-01 8.315608781379184578e-01 8.258381324565872150e-01 8.297556695237022772e-01 8.285041436127956738e-01 8.382043985328480051e-01 8.351705692041103690e-01 8.352950678054531508e-01 8.319094603648581332e-01 8.174344102556810876e-01 8.297636308486587842e-01 8.337915242026008311e-01 8.252390011331316444e-01 8.310430382983420294e-01 8.299470318617044873e-01 8.275783533844417450e-01 8.278301611697382878e-01 8.295701383699024545e-01 8.256871799780314269e-01 8.236893261944800981e-01 8.271789184721191068e-01 8.035472901445274152e-01 8.159844334237876806e-01 8.222976811119515617e-01 8.303544119833091708e-01 8.199168515335678586e-01 8.247890747900925579e-01 8.193368554381124103e-01 8.287961923163805755e-01 8.242001443537435579e-01 8.172873525419862561e-01 8.244738869772569867e-01 8.304066162465245649e-01 8.313723885369654898e-01 8.256207195027205348e-01 8.241564735144001341e-01 8.283619018172786452e-01 8.267045262186190069e-01 8.239534372388366279e-01 8.368675034617758524e-01 8.263981924272347790e-01
-2.086301659127272768e-03 9.520634252167672895e-02 3.045873303152420442e-01 5.321972991204714232e-01 4.283644688453567273e-01 4.460348612620725905e-01 6.960433132900778475e-01 6.340088090561581957e-01 7.167735076907236769e-01 6.707171888875789190e-01 7.810067535838537411e-01 1.000000000000000000e+00 7.623946709398845556e-01 6.699061283315470572e-01 8.548273916549118390e-01 8.229893210848803209e-01 7.378419395503417189e-01 4.900635624254251477e-01 6.052156793595490081e-01 5.875244889079801469e-01 6.068638161584661850e-01 6.813955547846595184e-01 7.020474275139193532e-01 5.932792972414425714e-01 6.033741714307206960e-01 8.007860710152759909e-01 7.990942800937638202e-01 7.726984101159247720e-01 7.113498080761793130e-01 7.565244511768568492e-01 8.450944132519073726e-01 8.091606141327575275e-01 7.625437921616844417e-01 7.871702774726205831e-01 7.790198700852898339e-01 8.375694778692241993e-01 8.540740856499818845e-01 8.368549070241118049e-01 8.611137553842016512e-01 8.315080088703378225e-01 8.725752024812450935e-01 8.499638346169859915e-01 8.598333202384457197e-01 8.832313902145151330e-01 8.678198891948124549e-01 8.585433920247099726e-01 8.850898682767963654e-01 8.833850885241328887e-01 8.863130775778731429e-01 8.390562145114787151e-01 8.687403069200009265e-01 8.527244599545820147e-01 8.725497676110781642e-01 8.817821786433013287e-01 8.697716761632133808e-01 8.693608775571702862e-01 8.816715547860757285e-01 8.808349595168122326e-01 8.746980141263249742e-01 8.936455104251582737e-01 8.921653239373626976e-01 8.907143195959874582e-01 8.822394209637204332e-01 8.843670413779660677e-01 8.659541168130050481e-01 8.889903659497638833e-01 8.842611100032033988e-01 8.416344901089102271e-01 8.538389594546688111e-01 8.549392621030615924e-01 8.500420572081313075e-01 8.661490247565486467e-01 8.235892671583228131e-01 8.351574603715580247e-01 8.823092993599002121e-01 8.815170580274024337e-01 8.662747051066592707e-01 8.424666569931908988e-01 8.518871523606063034e-01 8.527458827888328985e-01 8.677565893310781320e-01 8.808250583453742788e-01 8.808266267620157297e-01 8.568433272583207971e-01 8.614956354583864773e-01 8.695184082083171617e-01 8.868779692132509052e-01 8.761590022543602752e-01 8.788718900537200174e-01 8.805233887417005523e-01 8.760847355219910648e-01 8.855368384285208228e-01 8.905062156827877606e-01 8.858102742226305892e-01 8.875905449472862863e-01 8.894456292148400500e-01 8.757230967255519305e-01 8.840721187767750511e-01 8.913351795315743731e-01 8.846505322555432427e-01 8.857737708841659785e-01 8.911322593753007171e-01 8.925200745506516320e-01 8.988089064927869964e-01 8.954613311611121507e-01 8.873291002769799762e-01 8.907710810173107285e-01 8.842543912961741137e-01 8.838587931365953221e-01 8.885531972987849025e-01 8.866616896440463469e-01 8.961807967678409037e-01 8.924990853735100815e-01 8.924351388221911652e-01 8.858859345815115471e-01 8.955514846038592491e-01
3.340764767819288591e-03 6.138809405994439389e-02 2.459346966649384736e-01 4.208787851099168309e-01 3.759209235848822717e-01 4.178591412882761147e-01 6.431174628717516439e-01 5.934560993101605231e-01 6.641447264689820384e-01 6.065949248779977099e-01 6.902227455337860418e-01 7.623946709398845556e-01 1.000000000000000000e+00 6.149853406547023393e-01 7.918888547804460165e-01 7.694720195729261025e-01 6.509007903239840687e-01 4.338725925171331155e-01 5.329410770616033188e-01 5.028057976965568665e-01 5.048451855278446310e-01 5.836899505072246086e-01 6.414917144656657744e-01 5.387078534895164417e-01 5.308775547385041760e-01 7.172111549384839746e-01 7.106176913832378261e-01 6.932573379964575011e-01 6.589728764074375134e-01 6.960794187134909938e-01 7.700241763513432369e-01 7.380047853394909874e-01 6.943148397857983323e-01 7.146901628369370929e-01 7.197545079509030108e-01 7.514014296922532088e-01 7.727816883917077995e-01 7.754490420232810211e-01 7.931842332946161811e-01 7.484758591009704753e-01 8.056693306540890775e-01 7.926943174067374587e-01 7.893502191641147414e-01 8.083433282244868456e-01 7.845772631202289071e-01 7.905752213517057703e-01 8.242922778844706810e-01 8.185232564885354112e-01 8.178328597159981728e-01 7.559501183746480946e-01 7.910431881255345354e-01 7.571552573160954536e-01 8.001945506622503146e-01 8.136207468643931184e-01 7.963666492219146908e-01 7.985642231335710051e-01 7.942189905852271581e-01 8.219631422021886902e-01 8.056268130470278788e-01 8.250060350112311536e-01 8.200260251031820102e-01 8.167965066234004201e-01 8.107490055764335901e-01 8.096534887168352901e-01 7.987710630517445010e-01 8.117303628566459039e-01 8.209917355313488541e-01 7.799662892413605775e-01 7.917845772624987344e-01 7.821417634897872562e-01 7.728681993559259888e-01 7.942996973086178247e-01 7.661899836094776539e-01 7.735697469004800819e-01 8.160160309051237570e-01 8.059232147736450358e-01 8.056877666979428421e-01 7.864259693614616964e-01 7.930236257154016366e-01 7.954831818269241239e-01 8.046242498906279739e-01 8.204853343199187687e-01 8.123065808761235074e-01 7.950208723711315040e-01 8.039537349183486503e-01 8.068877591121816906e-01 8.202801859013516550e-01 8.148443762739309149e-01 8.180661963898172573e-01 8.173144514258230409e-01 8.050071542674183123e-01 8.235013447294808886e-01 8.241657447277732640e-01 8.218177812569924523e-01 8.286747194662891225e-01 8.317910762066205166e-01 8.101333821739294949e-01 8.119162039079959037e-01 8.274964466832966936e-01 8.199217317947115058e-01 8.204469926201515273e-01 8.258566567172587192e-01 8.257548760262621856e-01 8.328610825858873135e-01 8.251623798599887483e-01 8.159172598442769875e-01 8.279379186280990677e-01 8.256772535476756270e-01 8.223105978958423767e-01 8.278521980019108994e-01 8.261276809606725724e-01 8.311522878468976527e-01 8.293217783639493801e-01 8.274492541302568283e-01 8.184781269895637923e-01 8.253249380653381317e-01
