1.000000000000000000e+00 1.699401449828331634e-01 1.060261253071662774e-01 7.581303987374611586e-02 2.941767512035556309e-02 5.182126818313448346e-02 4.813085444327633300e-02 3.583893203670643346e-02 1.179894889786739093e-01 1.148930479185862052e-01 6.881278246078680050e-02 2.076788479473983332e-02 -1.655672489653025811e-02 7.916225435968038404e-03 2.853426862012679519e-02 2.105309576220685402e-02 1.005142120857790838e-01 1.667565674991394742e-01 1.575355349018379147e-01 8.473804962439676625e-02 1.074711839351670389e-01 1.374572676566333251e-01 1.383544656294661279e-01 8.380845464307783155e-02 7.944756587686431504e-02 1.044229698326443467e-01 1.368034718482500356e-01 1.494410449214275405e-01 2.162390127215949032e-01 1.319200944123946895e-01 1.301929870316035354e-01 9.081712277496975516e-02 1.061750613315076974e-01 5.532272207850837120e-02 1.106197016936121547e-01 4.186000005968650017e-02 6.677284814557568615e-02 6.678492308103844977e-02 7.917025406146635524e-02 5.193214379670231529e-02 2.412860894049519839e-02 2.995264224834300743e-02 1.030389575254145144e-02 3.882898527551606471e-02 5.382859559378660314e-02 6.064601289183798455e-02 3.997550859111099857e-03 2.351335527769320838e-02 3.079325159562703446e-02 3.652136211311796110e-02 2.264823312024799584e-02 3.241618332801980001e-02 4.197047641843384275e-02 4.090466777914216617e-02 5.250898199033866148e-02 4.989948996172938883e-02 4.566431354776424867e-02 1.967643857019453144e-02 1.860218693119877406e-02 1.214407708677799243e-02 1.119233582364877883e-02 2.651276775375194933e-02 2.752165180098890482e-02 3.305232225884788266e-02 4.362432836424136318e-02 4.870181610432056107e-02 3.780457612059304195e-02 3.723148153146608325e-02 5.445488730227051460e-02 2.642463842752507119e-02 4.198917087112168101e-02 4.964514781522459674e-02 3.157795372639680270e-02 3.748273098368796324e-02 4.207535515406522070e-02 5.983838665691331576e-02 5.500523606899371948e-02 1.015082218847173506e-01 7.554395870405694602e-02 7.329248562660647948e-02 5.718626702210759249e-02 5.488980431078699374e-02 5.384978877918945167e-02 5.280017491986521705e-02 4.027867083863042458e-02 2.893838594377906581e-02 2.943388574716166231e-02 2.273549602298751901e-02 3.806507597337290688e-02 3.725866000269173473e-02 3.354218808435526639e-02 1.415641810772986196e-02 2.910564571300058856e-02 2.858627254914296312e-02 8.391031768021348092e-03 1.307238709875459606e-02 4.678891840563107959e-03 4.306667482839835609e-02 1.011719703775031294e-02 1.758161721069083014e-02 1.279138458399370001e-02 2.399910676408110316e-02 2.446815924300740908e-02 1.176584782728107292e-02 2.483042087381300000e-02 3.072319107872630711e-02 2.400784350887764235e-02 1.564204509763683984e-02 2.558498907933656058e-02 1.206972403647440378e-02 7.393211077518124091e-03 1.960876549494659435e-02 1.760936379795137452e-02 2.884351678750132417e-02 3.136339195146086584e-02 2.961786641493247690e-02
1.699401449828331634e-01 1.000000000000000000e+00 1.513340137719565992e-01 1.585166762878867375e-01 8.980523154079896042e-02 1.161490583715363706e-01 1.515384430247477265e-01 1.566989468674119257e-01 1.825838466975935603e-01 2.351561529493443048e-01 1.806578480618586113e-01 1.388424235212141478e-01 1.208902774016247378e-01 1.327669543189199941e-01 1.739898433715087733e-01 1.572126333853470781e-01 1.839264728202565924e-01 2.468281036932683803e-01 2.268356098659109754e-01 1.284295804003464103e-01 1.633884805397293194e-01 2.014090541416725944e-01 2.458461063554867043e-01 1.739611432106936417e-01 2.005539920466046788e-01 2.188773328224458137e-01 2.531642499902159726e-01 2.564943220842784144e-01 2.911820900954512070e-01 2.503571218346720695e-01 2.449580075656825895e-01 2.143395090647587098e-01 2.565889294946688270e-01 1.955480485984063266e-01 2.471785884665977095e-01 1.989303666220791633e-01 2.098017615153694171e-01 2.051098765834668547e-01 2.118159428244366926e-01 2.161020121450276110e-01 1.753456342915765687e-01 1.790272988715370939e-01 1.633542722084636578e-01 1.711464036786726484e-01 2.053229491344184532e-01 1.886059775203848821e-01 1.510929945966793531e-01 1.640765539984455068e-01 1.692380357192441176e-01 1.890690241852442388e-01 1.762157026806790983e-01 1.678014323790567308e-01 1.707283047280573895e-01 1.821808731220054822e-01 1.883589730656831107e-01 2.077406186133686772e-01 1.735401145221692754e-01 1.674061313734326040e-01 1.604940677874777399e-01 1.478445115563410961e-01 1.567539031447208742e-01 1.634505069707093416e-01 1.670582277382000880e-01 1.602442264260593996e-01 1.629605628970101638e-01 1.763350915287312803e-01 1.676245027446600089e-01 1.714484484713556800e-01 1.866025156787450012e-01 1.466015756243500279e-01 1.681068384283180006e-01 1.774369665373728977e-01 1.648709369480994280e-01 1.709397503022599130e-01 1.808311169437767651e-01 1.890076032251476468e-01 1.916870541353340451e-01 2.290901087481458653e-01 2.026553535144376694e-01 2.091966218933978827e-01 2.002493342659859010e-01 1.937070669095390663e-01 1.933060330388566839e-01 1.954701416015519611e-01 1.873019838974794571e-01 1.762029324271073560e-01 1.817497011239677662e-01 1.732375779205433675e-01 1.816744502111425907e-01 1.877896779661668014e-01 1.900184805741673144e-01 1.636104483847765079e-01 1.773111964057334511e-01 1.776378581957697433e-01 1.594745193734384003e-01 1.599722266176710761e-01 1.647555799307033053e-01 1.724847361292499159e-01 1.606049132628658560e-01 1.675049041725980015e-01 1.677020887517349512e-01 1.658693356783442208e-01 1.572830267044100783e-01 1.576732738816574997e-01 1.698616718473591747e-01 1.657025096669884623e-01 1.661186243398868057e-01 1.651308383796118995e-01 1.721006797226596052e-01 1.552019268843789490e-01 1.570568167052930897e-01 1.582040018241484824e-01 1.596766952924535965e-01 1.682979495816102344e-01 1.664240839032541386e-01 1.667446414963677792e-01
1.060261253071662774e-01 1.513340137719565992e-01 1.000000000000000000e+00 3.495139711703182939e-01 2.309889370453233892e-01 2.580799565127415707e-01 3.432566806261543868e-01 3.424136356281664573e-01 3.772847069602907055e-01 3.605406712448508966e-01 4.157951030830531747e-01 3.951618230567458534e-01 3.355441415201195765e-01 2.833496702896965425e-01 3.982987452509591519e-01 3.990762976249269123e-01 3.623033186720582832e-01 4.159754448437187335e-01 4.039406267516253979e-01 3.486646043500886694e-01 4.049741457150967672e-01 4.186648941968950099e-01 4.152311844976758759e-01 3.708288727317009537e-01 3.834843537917455025e-01 4.002251234826375570e-01 4.252978369732655084e-01 4.118705338930539472e-01 4.038916728953730328e-01 4.140095521212678320e-01 4.224089867273378429e-01 4.150085657532157080e-01 4.140018800803101362e-01 4.049369018984801949e-01 4.195495360588663569e-01 4.019996060486192291e-01 4.116708423334782818e-01 4.055889981243880338e-01 4.159305430330607622e-01 3.975276026314001343e-01 3.932633126218199604e-01 4.004689631571912711e-01 3.765235028306918585e-01 4.018895932315409425e-01 4.171858229645303839e-01 3.954386007208720577e-01 3.859578724434560293e-01 3.928520343040232121e-01 4.002486829340730634e-01 4.088418716370831318e-01 4.047841605518481267e-01 3.865985908591152431e-01 3.920257719499360971e-01 3.965365431147903075e-01 4.016637751885974716e-01 4.018474655629361569e-01 3.962144094361794155e-01 3.931328966400864378e-01 3.914563614982722317e-01 3.875014251782681329e-01 3.889178944316531439e-01 3.935202209020619013e-01 3.893886600444257939e-01 3.912056343799216185e-01 3.976600644765952985e-01 3.980485522983771007e-01 4.004362707103998886e-01 4.035006000824435390e-01 4.182153738623762829e-01 4.057198198978441694e-01 4.163164605960498754e-01 4.096184522244448178e-01 4.050239879743063320e-01 4.072474279191164448e-01 4.023608409368872318e-01 4.142062920356870404e-01 4.033257087126874696e-01 4.182831157172269831e-01 4.130487127651545354e-01 4.183986429108565996e-01 4.255180157235059490e-01 4.184528304544986033e-01 4.136425907108695621e-01 4.125598940775841439e-01 4.166238869306385095e-01 4.111783327065163807e-01 4.130213021617379354e-01 3.994088505532847888e-01 4.052679024945740061e-01 4.023860374704728571e-01 4.059798455915276660e-01 3.941197786407464876e-01 4.069134256807954153e-01 4.001408359086010003e-01 3.935659277799668510e-01 3.905401570380993559e-01 3.926477886983499310e-01 3.994304679105327716e-01 3.933123034458016476e-01 3.983099410343168278e-01 3.951050142491029371e-01 4.006944350133672672e-01 3.932841602999515018e-01 3.930745816167369178e-01 3.990417817793507904e-01 3.950990845507864058e-01 3.994424475946998232e-01 3.915132498939969397e-01 3.964234409614442733e-01 3.918646330569262037e-01 3.921419449680123015e-01 3.916928004525814799e-01 3.918886519296188586e-01 3.989479395991262223e-01 3.952392154457464168e-01 3.971053375436592314e-01
7.581303987374611586e-02 1.585166762878867375e-01 3.495139711703182939e-01 1.000000000000000000e+00 3.793715194272255231e-01 4.287519188417953098e-01 5.756122293927465883e-01 5.767412701217436988e-01 5.703985153774774330e-01 5.099007138186811838e-01 6.206874125142333165e-01 6.344529364122594162e-01 5.658792459295466371e-01 4.752144952994909466e-01 6.406554443257378439e-01 6.488390222963136278e-01 5.987909370146263788e-01 5.651782583003061022e-01 5.890263196694081049e-01 6.017718136868477341e-01 6.001087403867121362e-01 6.183739731667162731e-01 5.528306662100618274e-01 5.357917786473177513e-01 5.477972369491731497e-01 6.060094911814387642e-01 5.985591102855593038e-01 5.665659719960192131e-01 4.890792073820324215e-01 5.413627456272238625e-01 5.705951468190840759e-01 6.251249310517986713e-01 5.732918093632256573e-01 6.183584629580084480e-01 5.781528696090373343e-01 6.343318670946349602e-01 5.985284862463821076e-01 6.099717253623313518e-01 6.182462192795699085e-01 6.139077767942276997e-01 6.270144004158747508e-01 6.300153439495579377e-01 6.330273817781038037e-01 6.409785500384769241e-01 6.408449262841717786e-01 5.996271247298020635e-01 6.293379409996652241e-01 6.315841350216854222e-01 6.409547452436867854e-01 6.284038096451820543e-01 6.449325487103571009e-01 6.608187157482443563e-01 6.412781454086969868e-01 6.331694113331940432e-01 6.350732583835542178e-01 6.178651987971754966e-01 6.337064573296490311e-01 6.377536042250105952e-01 6.300147803150868420e-01 6.337040738509660542e-01 6.376947530631047467e-01 6.360726960535767471e-01 6.257723830036650003e-01 6.400030942051013749e-01 6.358984765395804262e-01 6.546813243860521991e-01 6.386708972511022653e-01 6.347158746871722768e-01 6.421040408406650801e-01 6.610939650620369923e-01 6.624569044947828944e-01 6.372103465418695878e-01 6.412887231315688163e-01 6.373914505157451948e-01 6.402289106873433333e-01 6.259902903804123175e-01 6.148119455642809816e-01 5.961563225409791666e-01 6.221634674635601048e-01 6.199582443763259620e-01 6.237116308239647466e-01 6.252228922825356916e-01 6.450255690561789157e-01 6.214892373500406908e-01 6.411057727981737120e-01 6.426564878595801833e-01 6.393802706568996186e-01 6.339800176595988823e-01 6.287829877271132739e-01 6.286132299308456739e-01 6.346836024736403070e-01 6.331138240188478594e-01 6.329234183000672642e-01 6.362321623163389450e-01 6.312403238972826847e-01 6.322628137081277577e-01 6.416072880217302821e-01 6.451441947115865716e-01 6.328134713913208254e-01 6.433541742721922141e-01 6.422519882716541950e-01 6.429288925533318544e-01 6.424541009503651479e-01 6.402446983758776078e-01 6.503607628450489564e-01 6.453662120894122500e-01 6.437695302935559916e-01 6.250285786562718160e-01 6.347196206953866771e-01 6.362013398074186643e-01 6.412227918492982015e-01 6.353717814832035016e-01 6.374542064598632818e-01 6.422007228821148273e-01 6.373210566543434652e-01 6.447029092742371237e-01
2.941767512035556309e-02 8.980523154079896042e-02 2.309889370453233892e-01 3.793715194272255231e-01 1.000000000000000000e+00 3.219232964706981726e-01 4.807903472526666722e-01 4.647240362129049229e-01 4.765271668567586105e-01 4.251873052882761406e-01 4.605209770598700514e-01 5.005728972708345381e-01 4.803491578917388205e-01 3.560772852820459633e-01 5.162334813215136986e-01 5.027045375042239472e-01 4.614241494959507306e-01 4.579198378938937886e-01 4.681479243926616185e-01 4.215568458279826403e-01 4.699893827035793170e-01 4.849776769110344388e-01 4.644857288467315048e-01 4.612400721227570277e-01 4.753615956881023785e-01 4.958901268258753547e-01 4.743952387145353167e-01 4.558183510595579802e-01 3.922592513335165787e-01 4.339701040124391285e-01 4.486068876576235209e-01 5.018734858086849604e-01 4.461066761872017339e-01 5.108230522894045000e-01 4.606653883533431415e-01 5.128927397132797550e-01 4.806469762507329380e-01 4.879339165123149358e-01 5.029325783677796036e-01 5.000148227046774529e-01 5.048242205175992314e-01 5.024130045870062178e-01 5.194379283879320131e-01 5.129623545782260319e-01 5.029705538653158614e-01 4.921159076364233220e-01 4.979202893377520089e-01 5.049729638257315356e-01 5.010378789885225892e-01 5.073374319664981646e-01 5.065814689004742855e-01 5.243596053247603361e-01 5.129303036372910851e-01 5.006429471953693922e-01 5.042236311816020722e-01 4.991149712530229543e-01 5.114059666012971128e-01 5.053718494160340802e-01 5.022159066000441152e-01 5.058564432722333359e-01 5.064514956799326395e-01 5.026483717938401430e-01 5.061667264676968925e-01 5.069909031458096349e-01 5.057850914216613925e-01 5.148749669348494651e-01 4.986974717443558580e-01 5.088587134868598483e-01 5.066161415137014901e-01 5.122337295075336527e-01 5.124577788081503549e-01 5.023416078469401524e-01 5.155094023284760851e-01 5.121080377710049980e-01 5.027892723949506371e-01 4.975610498102954748e-01 4.816755519279066755e-01 4.639875653596339800e-01 4.896173837720879662e-01 4.796118520489375259e-01 4.955157401628699776e-01 4.861834527798472583e-01 5.142777796004167623e-01 4.861839928069112693e-01 5.046461955537482336e-01 5.030862561492669416e-01 5.055816674729384230e-01 4.985548213454077948e-01 4.958511771802648349e-01 5.095533026964522705e-01 5.027509836485420935e-01 4.989682754496284067e-01 5.055374644571649645e-01 5.016901461885544533e-01 4.960613253402285650e-01 4.981940398302178163e-01 5.025073335865027913e-01 5.023094222230306549e-01 4.995625323899236525e-01 5.055033918834552775e-01 5.063623760540392205e-01 5.044672635084956891e-01 5.089244746053002144e-01 5.028546307412576910e-01 5.164600576921696273e-01 5.043627632444255271e-01 5.023300356587019344e-01 4.991260218043738761e-01 5.037665469764093240e-01 4.992811703588547756e-01 4.951032105587068188e-01 5.017562693801335127e-01 4.964777106766519732e-01 5.049921487156840971e-01 4.996707000563080370e-01 5.057730179189984243e-01
5.182126818313448346e-02 1.161490583715363706e-01 2.580799565127415707e-01 4.287519188417953098e-01 3.219232964706981726e-01 1.000000000000000000e+00 5.489626105115923416e-01 4.980853409734893877e-01 5.176541913530725569e-01 4.783828476338453650e-01 5.352691325210958695e-01 5.582324492707341212e-01 5.079934784613030496e-01 4.235430104542431962e-01 5.661240318934969151e-01 5.665219502701217547e-01 5.258987009769154897e-01 5.505931276613015291e-01 5.599122397442469756e-01 4.722967244347711091e-01 5.370237230885614998e-01 5.823478294196818839e-01 5.639657510223805570e-01 5.652463170116830415e-01 5.781320564514214055e-01 5.630453668495245534e-01 5.495974904913477621e-01 5.372527998838739771e-01 4.907520390883489680e-01 5.478146973488716709e-01 5.569203779417493116e-01 5.878011733211986334e-01 5.556698581048279406e-01 5.995693854796763089e-01 5.700957853178667545e-01 5.886930813999382561e-01 5.805602499129267624e-01 5.771092079057158486e-01 5.904085415527791092e-01 5.679606349117026776e-01 5.699340298700846796e-01 5.802341677865271441e-01 5.902251142543541995e-01 5.853881077287803603e-01 5.904245551874073294e-01 5.739853814655626607e-01 5.615765357119992807e-01 5.659378653718309948e-01 5.743074101391674180e-01 5.797643150671405454e-01 5.866111424975518629e-01 5.706061882792105022e-01 5.716175053274804574e-01 5.685354175967713974e-01 5.712333844187884591e-01 5.769937846549149096e-01 5.665730129685584426e-01 5.794803394991115963e-01 5.714650958559525096e-01 5.613816600001304558e-01 5.733892824941742017e-01 5.704023425067438202e-01 5.774470314158245410e-01 5.808983070130846471e-01 5.682386393230663968e-01 5.709715122554310796e-01 5.733131846488580541e-01 5.844140095715238958e-01 5.918865006813739393e-01 5.777174696326859982e-01 5.962385945698751577e-01 5.849705467898717037e-01 6.056843735139753049e-01 5.948949348733160170e-01 5.773539340512393592e-01 5.767376651271348686e-01 5.652090410063836945e-01 5.607003464249091795e-01 5.827107595453794309e-01 5.761977864014453665e-01 5.832326755155244902e-01 5.726769819264390105e-01 5.915874715559720221e-01 5.753617433851511143e-01 5.907849344084540322e-01 5.943804463437348806e-01 5.897289864679866600e-01 5.770400259903419871e-01 5.835709677188767319e-01 5.794337943200642549e-01 5.800233933701138822e-01 5.744073634336143153e-01 5.809977951351641412e-01 5.845428432663865026e-01 5.700274914898486589e-01 5.693643217442539983e-01 5.749154100893704156e-01 5.680030664982018695e-01 5.713162066244522608e-01 5.782795619146509081e-01 5.844612782854283761e-01 5.785190175848750060e-01 5.730189171106316870e-01 5.755186722645169173e-01 5.820422767010842158e-01 5.651064317078295929e-01 5.744273322475826893e-01 5.705969890653672660e-01 5.748072627612507146e-01 5.717702455103031989e-01 5.699299986444683608e-01 5.704553204994644577e-01 5.662855339267528487e-01 5.763879536375452473e-01 5.709244335328174103e-01 5.710882269061440253e-01
4.813085444327633300e-02 1.515384430247477265e-01 3.432566806261543868e-01 5.756122293927465883e-01 4.807903472526666722e-01 5.489626105115923416e-01 1.000000000000000000e+00 7.323253346614103654e-01 7.481785953364114006e-01 6.733414793260288356e-01 7.494938812166197506e-01 7.900263410349774862e-01 7.081949494580191962e-01 5.900610734146427561e-01 8.327065160920098519e-01 8.109455902152610252e-01 7.354891846986321147e-01 7.620800577902980821e-01 7.818646704079574850e-01 6.784376341187758896e-01 7.632715088227414180e-01 8.009749389346750847e-01 7.707558561220227977e-01 7.468289724154041354e-01 7.763713616147236429e-01 8.188084514827310700e-01 7.897561654468924219e-01 7.879815481964077550e-01 6.932147110587950634e-01 7.271677781337176905e-01 7.511085623262172550e-01 8.250991239636723540e-01 7.702292645601378496e-01 8.233155794754275503e-01 7.715401963181730549e-01 8.205088268683518038e-01 7.992831231322358176e-01 8.292994447713890604e-01 8.261012358309626213e-01 8.384446975039034911e-01 8.163685545316889947e-01 8.237494360619541656e-01 8.311116159531823921e-01 8.319933957480373232e-01 8.205193733465928618e-01 8.231719343770874664e-01 7.872444976126241611e-01 8.006332066717630758e-01 8.013421381688585754e-01 8.169692607313986388e-01 8.164895359907713424e-01 8.121188649547097516e-01 8.163530279499457976e-01 8.053374921801778052e-01 8.169586882970510944e-01 8.225541568902386969e-01 8.088352544975008218e-01 8.152192294160438557e-01 8.097611614751177855e-01 7.938544616905843787e-01 8.006393727966335527e-01 8.039233071675936371e-01 8.184019108381366259e-01 8.006471157759375012e-01 7.950520462891080831e-01 8.060203384679801575e-01 8.007534215030874813e-01 8.179014779624377285e-01 8.183705623992871825e-01 8.153646465246526809e-01 8.278342046241843333e-01 8.082889060379739865e-01 8.295474553225833381e-01 8.215250329891519154e-01 8.174426404781525157e-01 8.081588476632314277e-01 7.951360462206171764e-01 7.781979949560883236e-01 8.044542695744703042e-01 7.849496681951244614e-01 8.031100728704845260e-01 7.876522472011133758e-01 8.262730780915202855e-01 7.979203823350282665e-01 8.147222839280485740e-01 8.161194918403539278e-01 8.172398091150566701e-01 8.131545055610989170e-01 8.107311001184955845e-01 8.193822087908568808e-01 8.220111607725764102e-01 8.084919990028133219e-01 8.125092525078375649e-01 8.181606083719596967e-01 7.907040112433763035e-01 7.956989106323810734e-01 8.104882288081275421e-01 7.999130917750776337e-01 7.971924672156610603e-01 8.093468901454828890e-01 8.147019113306388505e-01 8.110259732279636591e-01 8.062530569913167744e-01 8.041208228635715605e-01 8.180245157110159759e-01 7.949084115675308926e-01 8.045619366094999281e-01 8.019247336712074237e-01 8.103079224291774851e-01 8.000292704475125971e-01 7.996836562473668142e-01 7.949701361985055392e-01 7.927426409248666817e-01 8.043974015689890900e-01 7.939885898354064331e-01 8.026025904593048210e-01
3.583893203670643346e-02 1.566989468674119257e-01 3.424136356281664573e-01 5.767412701217436988e-01 4.647240362129049229e-01 4.980853409734893877e-01 7.323253346614103654e-01 1.000000000000000000e+00 7.224626692515283555e-01 6.460015013903692704e-01 7.415165954830194028e-01 7.841096990285909563e-01 7.147245840881156775e-01 5.962573678606893912e-01 8.100200414492019219e-01 8.027314887288422574e-01 7.299533702783188582e-01 7.238251655034276810e-01 7.285252608107191108e-01 6.660613466115541392e-01 7.259497846931745046e-01 7.557724250445190251e-01 7.191390386501180787e-01 6.900773818220806710e-01 7.152684000439014644e-01 7.832731443004503635e-01 7.544394661674678204e-01 7.390982399459159469e-01 6.462678987493960525e-01 6.984197262592735100e-01 7.253092368129413492e-01 8.047057697166342116e-01 7.328011872540235450e-01 7.906923791958231362e-01 7.396335984772890448e-01 7.963566386665460461e-01 7.641650785127653833e-01 7.953123630358028828e-01 8.017785764450240382e-01 7.914020347429110425e-01 7.996972709509846400e-01 8.052358447784250250e-01 7.985333175188620292e-01 8.101685477010762693e-01 8.011239043888679356e-01 7.888635890660656846e-01 7.901365570999761001e-01 7.980415915664532678e-01 8.052896684498546120e-01 8.039983631535128072e-01 8.108142855487191492e-01 7.985592280612265892e-01 8.041257693555167174e-01 8.007732587782286915e-01 8.088539738996939343e-01 8.004687064268821706e-01 8.080759106725151630e-01 8.044973965794548487e-01 8.055852955184685804e-01 7.959345433231069800e-01 8.008401871775906455e-01 8.017716152480386382e-01 8.105259672759611567e-01 8.026507797661599497e-01 7.999530811600186198e-01 8.039377366023690019e-01 7.991815648328682853e-01 8.061641514183631729e-01 8.067382789899648632e-01 8.102128043236058730e-01 8.170619115501273066e-01 8.002867683009026178e-01 8.073942797935225180e-01 7.988661093857774009e-01 8.031442265637247502e-01 7.928149122178835828e-01 7.814934576195483595e-01 7.621301317342419335e-01 7.860451749579464575e-01 7.735881487792765077e-01 7.889224827152243602e-01 7.816645179459128512e-01 8.150886884135082333e-01 7.862778074528155026e-01 8.047403742597261100e-01 8.034194720555537517e-01 8.054978501601249841e-01 8.040121554774131152e-01 8.004662958552150043e-01 8.058898453459198974e-01 8.048984344958387549e-01 8.006428424055247461e-01 8.040687271748908627e-01 8.051012080085785394e-01 7.939494962958539848e-01 7.953815823906582594e-01 8.032541058162071534e-01 8.039245818341553829e-01 8.007579100055935983e-01 8.071942975600048253e-01 8.032000579058298229e-01 8.091196213657196878e-01 8.026581363413056724e-01 8.008606276832587190e-01 8.116614641287098753e-01 8.031488499743406617e-01 8.047520877511497028e-01 7.974363424054395910e-01 8.042013972583472725e-01 7.992156417548271774e-01 8.007929788267116322e-01 7.970647519648818013e-01 7.960034163214154690e-01 8.036812944582915064e-01 7.984674335669734724e-01 8.030234751160945095e-01
1.179894889786739093e-01 1.825838466975935603e-01 3.772847069602907055e-01 5.703985153774774330e-01 4.765271668567586105e-01 5.176541913530725569e-01 7.481785953364114006e-01 7.224626692515283555e-01 1.000000000000000000e+00 7.646273125106305413e-01 8.195001681168491148e-01 8.387874547213728382e-01 7.728241503490703712e-01 6.390012925105321706e-01 8.475721605471516762e-01 8.417313241840355120e-01 8.147504227807242927e-01 7.621555930726704453e-01 7.916427766582234682e-01 6.354945255826173200e-01 7.075814216822805536e-01 7.840921563315441656e-01 7.765963712515945305e-01 7.139823483822819172e-01 7.900942080404690371e-01 8.667394778785314502e-01 8.342539743749081138e-01 8.317352819323122759e-01 7.595020237101363092e-01 8.142192348926819978e-01 8.371168592012725451e-01 8.572140030745269978e-01 8.169386812362199324e-01 8.325519798290079709e-01 8.173439522931993384e-01 8.350597997322082300e-01 8.463766595524948588e-01 8.551378033227674536e-01 8.766848844391476048e-01 8.292807577056130475e-01 8.816409167352632359e-01 8.755712411122861250e-01 8.501685729352499443e-01 8.839042795698219823e-01 8.709540905252871612e-01 8.762314910361598264e-01 8.793653494355435640e-01 8.897687693737559300e-01 8.781117100963886646e-01 8.609760245257759292e-01 8.713576043607843546e-01 8.492689126156438562e-01 8.825507509187870969e-01 8.899186979871698266e-01 8.866745509282762949e-01 8.880709080953722578e-01 8.824688180271467175e-01 8.817115070273706667e-01 8.805770199687966704e-01 8.855907939355557312e-01 8.836836871722567599e-01 8.850330167506632595e-01 8.789169363263722445e-01 8.829632769052008223e-01 8.839472328325856942e-01 8.851686441524682092e-01 8.856978494145059111e-01 8.881088068562247306e-01 8.821165279254264968e-01 8.651148709578391216e-01 8.786258062376283151e-01 8.869413939664697599e-01 8.568580308362071518e-01 8.809177091072235566e-01 8.882669919383102686e-01 8.857772796701622875e-01 8.804940303483336228e-01 8.716814373066175126e-01 8.827131304437286774e-01 8.770281735461558092e-01 8.809010473463932955e-01 8.810808443879316609e-01 8.876629458736973177e-01 8.787510188097664710e-01 8.784459051825339593e-01 8.771709200613633239e-01 8.801618743683322643e-01 8.811740547631984333e-01 8.853390236331623031e-01 8.870795762277895458e-01 8.799565277046275114e-01 8.815539090938344646e-01 8.871382656739494887e-01 8.861903769322222457e-01 8.813318235744663776e-01 8.835356726640499758e-01 8.670022593595950733e-01 8.759895458776930655e-01 8.787094560497575868e-01 8.809717009880517757e-01 8.731656284608233509e-01 8.801450781382459398e-01 8.848719806278649846e-01 8.800252597499547136e-01 8.837411010130090672e-01 8.803699270955460676e-01 8.843461527392579846e-01 8.853448244403252509e-01 8.871015229752186038e-01 8.811262920902624973e-01 8.754003948129887025e-01 8.853268287855903251e-01 8.810033706970431533e-01 8.851554393428872070e-01 8.841829174034079308e-01 8.864499029690426912e-01
1.148930479185862052e-01 2.351561529493443048e-01 3.605406712448508966e-01 5.099007138186811838e-01 4.251873052882761406e-01 4.783828476338453650e-01 6.733414793260288356e-01 6.460015013903692704e-01 7.646273125106305413e-01 1.000000000000000000e+00 7.455296586838837669e-01 7.627523575692739533e-01 6.985662829400921536e-01 5.762599457102997036e-01 7.759483868801855255e-01 7.600426789829698437e-01 7.330347660791185493e-01 7.145420332069610803e-01 7.385135392755117767e-01 5.583317726922102375e-01 6.343150620507245208e-01 7.189769844819207112e-01 7.402020632880353945e-01 6.550814108564673166e-01 7.351242436383864653e-01 8.105349850773724274e-01 7.845257997797246974e-01 7.922194251400724863e-01 7.401337001107423097e-01 7.872686623860990496e-01 8.023816919537196668e-01 7.990103536876925761e-01 7.822453550480381601e-01 7.693015682585667703e-01 7.827195505028871070e-01 7.712608088489357749e-01 7.845230195921442107e-01 7.948854436793967304e-01 8.185128415801395940e-01 7.724510004884638237e-01 8.117007001263111254e-01 8.075666711613829207e-01 7.822782861669090870e-01 8.082852915355164258e-01 8.109624488449789226e-01 8.129696828490677873e-01 8.003434367636597102e-01 8.123697085904498794e-01 8.031190871391500341e-01 7.917428981113131536e-01 8.016311143983965160e-01 7.696464254311327080e-01 7.956998754404768226e-01 8.141231446350857270e-01 8.140943302944206872e-01 8.227262536027943884e-01 8.035557899653538172e-01 8.050366010110135973e-01 8.049301451562677068e-01 8.012615775694297282e-01 8.058535693136743561e-01 8.047734610868823024e-01 8.010033480830396346e-01 8.065335103892793400e-01 8.089488386016643329e-01 8.077112852484650274e-01 8.101645131874846140e-01 8.130355684860248733e-01 8.143952939959976378e-01 7.798683120394311885e-01 8.008230345275073603e-01 8.145254866283232476e-01 7.811216239192800836e-01 8.071901975964370646e-01 8.168920748904479057e-01 8.230815180304272838e-01 8.188344668086916522e-01 8.202574529889765653e-01 8.225038661562187325e-01 8.218885174605464750e-01 8.215232916220667203e-01 8.217691672234083144e-01 8.194923801906127681e-01 8.198300680628172188e-01 8.103460032827098924e-01 8.051889982305833193e-01 8.100332931500856537e-01 8.120102577133843091e-01 8.176054178686003038e-01 8.211538923080026198e-01 8.121579887748201498e-01 8.080309595438074366e-01 8.165413856495482570e-01 8.149377445189854852e-01 8.065257112034367459e-01 8.072160797303239432e-01 7.946288162466811356e-01 7.980334275185999582e-01 8.036165466315245975e-01 8.074041706407093510e-01 8.024596070341545317e-01 8.032272775335687065e-01 8.076038242769636444e-01 8.041813026328600289e-01 8.083882332422650530e-01 8.020040706066912106e-01 8.077112008855125147e-01 8.116683339742923886e-01 8.128799294075691462e-01 8.038220538309144292e-01 7.980679982565411779e-01 8.070234272119731767e-01 8.023866448033476484e-01 8.113271078951782567e-01 8.090497431214592750e-01 8.086174070199657615e-01
6.881278246078680050e-02 1.806578480618586113e-01 4.157951030830531747e-01 6.206874125142333165e-01 4.605209770598700514e-01 5.352691325210958695e-01 7.494938812166197506e-01 7.415165954830194028e-01 8.195001681168491148e-01 7.455296586838837669e-01 1.000000000000000000e+00 8.724441893042336194e-01 7.801602252358071921e-01 6.457332637781515450e-01 8.706752452315760227e-01 8.711072504427760377e-01 8.035237749049279898e-01 7.844193696822329143e-01 8.110706120961862498e-01 6.692125338544334667e-01 7.483429460079761286e-01 8.176572140395260702e-01 7.966648908966098563e-01 7.338923005804279809e-01 8.086612019304502130e-01 8.791081383780882108e-01 8.594045136771589766e-01 8.483755324440167556e-01 7.701813989376428138e-01 8.338047478137305957e-01 8.659676059545737825e-01 8.756002714764642425e-01 8.447743774655882554e-01 8.572505018783637132e-01 8.528470952185963627e-01 8.550428277816840561e-01 8.677407138661576980e-01 8.741042209501495019e-01 8.881992682372283898e-01 8.601164918009124305e-01 8.931399601933820431e-01 8.980815815030503968e-01 8.746723484633495138e-01 8.996344503511560786e-01 8.978289826407392926e-01 8.876887465735571192e-01 8.920185088423202568e-01 8.980786615602133205e-01 8.903549906986588658e-01 8.774008574398132199e-01 8.898564431059320379e-01 8.641334096112838203e-01 8.886058478190557164e-01 8.969624506077172876e-01 8.971803648116545293e-01 8.977645218544835215e-01 8.783802991575783148e-01 8.994353646522660339e-01 8.939132353348275828e-01 8.913825620300493968e-01 8.968486269454821747e-01 8.946472794434480180e-01 8.881754649036733840e-01 8.876386855520016494e-01 8.884408867107395080e-01 8.911634609867173928e-01 8.991994684653458192e-01 9.038150759752818786e-01 9.049173539511359277e-01 8.870092241743261496e-01 9.060703402294815190e-01 9.060599828931084065e-01 8.813531789645814296e-01 9.005767417095478233e-01 9.075319520069887735e-01 9.072057677166841527e-01 8.990319607385622858e-01 8.889604452583834693e-01 9.032451957212197513e-01 9.010870386683409450e-01 9.014340077354519032e-01 9.037515205614460312e-01 9.049515642706202900e-01 9.021428462893613665e-01 9.048219157632957366e-01 9.018258813396035078e-01 9.033939741581518135e-01 9.033857321754281688e-01 9.041854089726567567e-01 9.031772498985988218e-01 9.055578322904582755e-01 9.013135690800946342e-01 9.056692508692313348e-01 9.051960852314746564e-01 8.977356754661620641e-01 8.985718899701334861e-01 8.905578496739104954e-01 8.856369379818823662e-01 8.968404849184905547e-01 9.005277843494331469e-01 8.996050405428793750e-01 8.992323038275973346e-01 8.992269049587162666e-01 8.993141409366584016e-01 9.001634379092251503e-01 8.895398412421163803e-01 8.992204368705722928e-01 8.983651687696209143e-01 9.033163261052252757e-01 8.988103815098458238e-01 8.974449495240149899e-01 8.984118131395496532e-01 8.965142454369292579e-01 8.985880445954936846e-01 8.954599442446122826e-01 8.981674484850471485e-01
2.076788479473983332e-02 1.388424235212141478e-01 3.951618230567458534e-01 6.344529364122594162e-01 5.005728972708345381e-01 5.582324492707341212e-01 7.900263410349774862e-01 7.841096990285909563e-01 8.387874547213728382e-01 7.627523575692739533e-01 8.724441893042336194e-01 1.000000000000000000e+00 8.295244989251994161e-01 6.781541440578596758e-01 9.095837237140735887e-01 9.126029552556972346e-01 8.338475108301958150e-01 7.661479904035267685e-01 8.024806494025643611e-01 6.914546506442785789e-01 7.600780586648578918e-01 8.219816874145722263e-01 7.848283804132858421e-01 7.431976727984171971e-01 8.155170407290598389e-01 8.893115610089286083e-01 8.503168559638717428e-01 8.401229925525821596e-01 7.374462475856305987e-01 8.252465199872698332e-01 8.570451651036211649e-01 8.916683984704030230e-01 8.397220282465944763e-01 8.795267558192709778e-01 8.465757192146089460e-01 8.874176251942671456e-01 8.820453980630459379e-01 8.994832813706147290e-01 9.120728066647796339e-01 8.782076038584439859e-01 9.324169098649338627e-01 9.325265418108511506e-01 9.213125064541806131e-01 9.398751606644427659e-01 9.223210075273696740e-01 9.206093222367864870e-01 9.398697667440598646e-01 9.437502422426748971e-01 9.349984898653538323e-01 9.134370470044705925e-01 9.303867019526802506e-01 9.105683634376691149e-01 9.317671587395391919e-01 9.361220850923630543e-01 9.327700654302119032e-01 9.241447369104587306e-01 9.259163261293072988e-01 9.399491317206686292e-01 9.375747420361516538e-01 9.436876420291914203e-01 9.458926806029357426e-01 9.423891475033917553e-01 9.333516930326637429e-01 9.352926835185307874e-01 9.331145774149516292e-01 9.351147303557755253e-01 9.400415594771117656e-01 9.399149655875482789e-01 9.327538694815533660e-01 9.331055090954950559e-01 9.428682777143538862e-01 9.391550150328080715e-01 9.146727460351913308e-01 9.368177289003191133e-01 9.425656847556644902e-01 9.331820671367605513e-01 9.267751385079252557e-01 9.008190556550983441e-01 9.246372076293034592e-01 9.182884329399670920e-01 9.247361163897460656e-01 9.292820795474515672e-01 9.375411675545163304e-01 9.299670225537695067e-01 9.342364957305914208e-01 9.359149898281051705e-01 9.376332459109378847e-01 9.418657784467150407e-01 9.385937451741220849e-01 9.382085538117302947e-01 9.363244758894216924e-01 9.446393284965298731e-01 9.427446139501881595e-01 9.431052360422091940e-01 9.434747386422621673e-01 9.451052458474663576e-01 9.336433020014327511e-01 9.303935659555236937e-01 9.430552189813045105e-01 9.445562022718106965e-01 9.411969058467001270e-01 9.429127204126737105e-01 9.454342530822475998e-01 9.452553113103363547e-01 9.450347780326350255e-01 9.367648999447949487e-01 9.430313385118379577e-01 9.435328645037246442e-01 9.445857207062307026e-01 9.457976910392386083e-01 9.434559322864302100e-01 9.445885662163806540e-01 9.426208800313474745e-01 9.425427670176186323e-01 9.398063071907549748e-01 9.440059441331155599e-01
-1.655672489653025811e-02 1.208902774016247378e-01 3.355441415201195765e-01 5.658792459295466371e-01 4.803491578917388205e-01 5.079934784613030496e-01 7.081949494580191962e-01 7.147245840881156775e-01 7.728241503490703712e-01 6.985662829400921536e-01 7.801602252358071921e-01 8.295244989251994161e-01 1.000000000000000000e+00 6.315468686684112543e-01 8.283836377371182058e-01 8.319892573231175703e-01 7.565107152532954959e-01 6.839543907394820543e-01 7.226591742785117845e-01 6.215387426866186837e-01 6.772101451456919996e-01 7.318348703450811010e-01 7.121966840153232114e-01 6.795271594382159552e-01 7.457789755099930584e-01 8.065083038683746874e-01 7.585778481927054617e-01 7.529957700154610301e-01 6.439741560962084499e-01 7.454717411595583876e-01 7.735322948140399557e-01 8.089835409602301741e-01 7.584629238269421370e-01 8.056610952804699188e-01 7.767771928123315961e-01 8.185232900335828177e-01 8.138287835859200348e-01 8.087990010621504133e-01 8.348182464668433278e-01 7.958635005887877423e-01 8.590563610983177334e-01 8.530475218504263157e-01 8.530910303440315534e-01 8.564049673212984493e-01 8.410316625212899133e-01 8.332097872019186280e-01 8.683663060186167515e-01 8.693889667984329161e-01 8.541569312146298776e-01 8.298352084051241473e-01 8.496736201039549741e-01 8.387104470026335301e-01 8.500110724407918816e-01 8.634603124578668076e-01 8.504456726503645259e-01 8.504378696152217199e-01 8.433581273040788862e-01 8.624024645672666578e-01 8.526002810296536838e-01 8.688768263456836394e-01 8.694326124210234319e-01 8.599847316250932572e-01 8.482760092387625628e-01 8.611576710715693750e-01 8.555149873125185156e-01 8.573770250340028154e-01 8.656931942059524765e-01 8.657784252648316192e-01 8.581143705999333404e-01 8.549183393194119684e-01 8.619079686581816446e-01 8.627468757728672388e-01 8.426918424918797834e-01 8.592587852754842714e-01 8.617097917862488465e-01 8.534950265078149467e-01 8.460029791749716921e-01 8.113900577464552288e-01 8.452822939122683898e-01 8.432538907875639644e-01 8.510400454401598758e-01 8.534806307412441395e-01 8.605378810210978502e-01 8.522783071105453079e-01 8.590070891952426013e-01 8.631682001003717630e-01 8.652847062588702176e-01 8.659113369575769381e-01 8.643251421279510849e-01 8.630025591605602342e-01 8.587706372147830836e-01 8.704447412152066521e-01 8.668998427057378331e-01 8.673834833909467301e-01 8.717134180568962831e-01 8.718098461283491085e-01 8.617498292566921902e-01 8.516224051981150511e-01 8.693670626036908988e-01 8.687443639899621317e-01 8.692413625949285683e-01 8.650942143774505988e-01 8.700810721115859181e-01 8.725370744153783109e-01 8.692735925967385313e-01 8.616117119990368556e-01 8.679619772556607105e-01 8.699014139148937286e-01 8.694854180665001486e-01 8.702421428291523542e-01 8.672495636263330976e-01 8.706569394980592236e-01 8.678466929476501557e-01 8.690118694001426336e-01 8.673456413076301441e-01 8.695527432647677246e-01
