1.000000000000000000e+00 1.681826041318072174e-01 1.336775667684903524e-01 2.007177238386471385e-01 6.875760513308144806e-02 2.169463724422281831e-02 5.255069235528596339e-02 8.345024378824902889e-02 2.278537579577583627e-01 6.697046176623255853e-02 4.936407772079821205e-02 1.078369981303420183e-01 1.605706895711467991e-02 2.690982518157851791e-02 2.716665977918219024e-02 5.612298218685504714e-02 1.730787273382528579e-01 6.899490148362565078e-02 8.038867996655818526e-02 1.061845450985587358e-01 6.388262346207930487e-02 6.316619637208090166e-02 9.244711454033657794e-02 3.985691954883172766e-02 1.649826569647502156e-02 7.287884098157733359e-02 9.241885126849475052e-02 3.787328428499907307e-02 1.099640597755921906e-01 1.193692446051512757e-01 6.748998375359556434e-02 7.778942660298347744e-02 4.696626284818501695e-02 6.979142788835684952e-02 5.613589887742652385e-02 4.230696510575537167e-02 5.407564184284700121e-02 2.946499491917572988e-02 4.474003896589190399e-02 -3.824223949229377945e-02 2.492807895857306402e-02 -1.150654655548936228e-02 -1.073848037710664789e-02 3.443183148398569482e-02 1.070715798938196191e-02 -1.750403682003763561e-02 9.375460652514813406e-03 3.611397717886315195e-02 3.162107028809062192e-02 6.886872125779761045e-02 4.296693232792317407e-02 1.099961414205813948e-01 9.640145843709907458e-02 5.829457671814870096e-02 3.819634289260100818e-02 1.095902388502344345e-02 1.186715788995574283e-01 2.523142088740394640e-02 2.751259569282496487e-02 6.457204795150588150e-02 2.573633714671667155e-02 5.547969880891385347e-02 5.482260255779032587e-02 9.194985015154721886e-02 1.183289781307639010e-01 1.159491550944332372e-01 4.572543528535288199e-02 2.077712959150529448e-02 4.466185559930947041e-02 4.077614715798544287e-02 1.975448322691527106e-02 2.987295860413811954e-02 2.933922593716823193e-02 1.304496317566710903e-02 2.138732072056060904e-02 2.558278831446775259e-02 8.572932625782854477e-03 4.299699240280660528e-02 9.480132763474426530e-03 3.942665104470597509e-02 3.562974293381971497e-02 1.968729309312457557e-02 5.623913365590584024e-02 2.127379414599761195e-02 3.082476348773961067e-02 3.610344907074837517e-02 1.822418231210454556e-02 1.285771465303285448e-02 1.992924592887684518e-02 8.980610003205064668e-03 1.718511678134473529e-03 -5.229991561413100710e-04 1.370655310288361635e-02 4.607678060903076453e-03 8.392497906710717423e-03 1.050766556701463079e-02 4.795642693116761862e-02 9.210566776455657301e-02 3.256993104848457388e-02 3.381933847749633848e-02 1.432102467959879902e-02 4.634578071143694716e-02 5.948991945394499492e-02 3.461596029854624446e-02 5.940580290002828862e-02 6.067740923824824217e-02 3.857093824336874088e-02 1.596621718454822869e-02 1.781516027402108709e-02 2.132849658287875802e-02 1.144662411670942410e-02 4.117084077336378295e-02 2.729699076084899159e-02 6.254664155923672642e-02 7.547567365524003591e-02 6.623794366695923141e-02
1.681826041318072174e-01 1.000000000000000000e+00 9.649381858645947330e-02 1.497639655038672246e-01 6.430695719154540246e-02 6.167777870445294297e-02 1.158636848786187834e-01 9.166433082320288306e-02 2.051423470041946195e-01 1.807682742058513425e-01 1.629521306006100623e-01 1.627947177629621989e-01 8.919903905570199243e-02 1.175804506634687691e-01 1.454880130259730564e-01 1.073539051667097566e-01 1.921518732610946190e-01 1.866024978546901303e-01 1.828963359359106478e-01 1.682425528124250613e-01 1.408362570735095520e-01 1.597068710921087376e-01 2.224100223219000472e-01 1.884446290859012885e-01 1.710323040209960344e-01 1.683634975884259199e-01 1.646751827066398333e-01 1.831873989955756232e-01 1.852400800510085044e-01 1.914226395792560098e-01 1.724496652597282409e-01 1.995932860588084945e-01 1.872957874836680692e-01 1.823888748847695973e-01 1.784133538773854111e-01 1.457020881583847571e-01 1.743564438664551297e-01 1.664317906333649399e-01 1.557962940632037496e-01 1.629650710212384446e-01 1.670583735147947169e-01 1.454992195826663726e-01 1.353808200429536812e-01 1.412598229451297593e-01 1.536033232513370761e-01 1.482947151032997790e-01 1.396821450235396778e-01 1.599576166502197916e-01 1.413971735839511246e-01 1.204090123926561673e-01 1.534488863572372741e-01 1.260011276881600750e-01 1.308999006279818744e-01 1.656637777473072559e-01 1.553737617140910909e-01 1.644569773289923653e-01 1.436268565857678481e-01 1.374865378376202429e-01 1.491547220050784273e-01 1.432122390117865907e-01 1.317322689440001693e-01 1.469914344325615463e-01 1.316066690253563376e-01 1.385365822337092379e-01 1.537103591688393778e-01 1.444019802230936678e-01 1.534131977362979127e-01 1.481038210763306329e-01 1.661639497715691194e-01 1.486142643942225117e-01 1.510063379353074609e-01 1.508221436658443992e-01 1.670936423634324930e-01 1.536252431503508931e-01 1.491078998585212700e-01 1.481661857643303826e-01 1.467267565251168804e-01 1.564448228974139599e-01 1.563088706085287993e-01 1.548936675342217628e-01 1.476552881647639204e-01 1.485227288553922220e-01 1.580956572345247613e-01 1.509451943906649218e-01 1.464116270156576027e-01 1.530329710355303185e-01 1.504799512422148322e-01 1.533649401548009827e-01 1.452916140469609485e-01 1.560630425643371455e-01 1.570588578505068833e-01 1.454981688875580936e-01 1.433224278183221345e-01 1.462001116874176720e-01 1.383282332350753152e-01 1.461273405193107000e-01 1.287361042622422458e-01 1.230537198317425557e-01 1.278249838545387762e-01 1.456250512689204468e-01 1.391552594618078731e-01 1.279317502634169101e-01 1.339326558253049748e-01 1.317919340854577237e-01 1.352292276456288633e-01 1.311573652031238768e-01 1.349475651127587661e-01 1.474003072406212256e-01 1.463268813416137293e-01 1.393589205107187423e-01 1.440173564052666388e-01 1.370768721708484628e-01 1.430336708771960952e-01 1.293552384138069167e-01 1.424946246989066689e-01 1.395712828692660390e-01
1.336775667684903524e-01 9.649381858645947330e-02 1.000000000000000000e+00 3.124551015826961819e-01 1.494582547393652205e-01 1.627054925597287427e-01 2.742722631253974308e-01 2.310244227358973779e-01 2.500606605823979534e-01 2.284865141367626029e-01 2.947587613424813568e-01 3.198902323989279428e-01 2.494494016665148306e-01 2.257435979601295217e-01 2.950076576357337221e-01 2.808834210341217275e-01 2.932145140975431774e-01 2.716189593902363364e-01 2.881963783889008868e-01 2.593335118775625947e-01 2.518395765284199284e-01 2.833043973548802774e-01 3.003981471452394358e-01 2.703567364198950496e-01 2.725852742811727958e-01 3.392580357703937066e-01 3.232803833670145899e-01 3.082363572045989097e-01 3.132232937661880157e-01 3.088875394626424686e-01 3.032152530903889365e-01 3.097965456119424199e-01 2.896540022211568921e-01 2.876037363656720469e-01 2.978769096304975661e-01 2.635245754277253938e-01 2.865280256245997248e-01 3.005150741715034157e-01 2.948545160680656751e-01 2.801892781130130294e-01 2.970507921628230963e-01 2.830760067078678111e-01 2.715798847565778495e-01 2.924342545466890320e-01 2.825413326811166415e-01 2.748506122925337136e-01 2.710890594200928150e-01 2.742408713761316230e-01 2.763754527452421117e-01 2.805527178119659459e-01 2.981473624872939543e-01 2.719332418605356905e-01 2.812138748276505340e-01 2.728259935830350535e-01 2.729656595062902036e-01 2.825272881643031697e-01 2.712240168362347603e-01 2.714999177058946001e-01 2.845388644741506656e-01 2.746445464147253546e-01 2.715717371899695198e-01 2.720811540052606170e-01 2.719876443048389603e-01 2.802381671569133537e-01 2.752300933019722340e-01 2.655364279551267748e-01 2.758411910960763547e-01 2.799647471720191905e-01 2.820377853048790517e-01 2.812526510927185752e-01 2.762267800142764185e-01 2.777309288155130895e-01 2.826254902554453663e-01 2.749924726348513815e-01 2.955103256548614610e-01 2.827648610637352733e-01 2.790571529774466542e-01 2.862893110437346178e-01 2.734672684579757540e-01 2.839516370009461110e-01 2.724137565604001221e-01 2.842131034473996398e-01 2.783659290334174474e-01 2.779755833217671945e-01 2.750058678500198472e-01 2.761210646367939781e-01 2.752843486255928673e-01 2.762275251602882564e-01 2.754388105658654995e-01 2.655821714196074934e-01 2.846898555684425625e-01 2.717429647646195101e-01 2.719256827546502886e-01 2.676657041713593199e-01 2.687740359087542052e-01 2.647523846236429779e-01 2.741007527194705973e-01 2.708968403200389119e-01 2.701584962239054755e-01 2.821979450888326690e-01 2.696586879000901216e-01 2.708507232392747266e-01 2.684223659028452391e-01 2.720194268108433455e-01 2.664642791172092129e-01 2.652928312208672756e-01 2.680118902615652443e-01 2.644171116866126936e-01 2.690297940348910233e-01 2.681109988435822489e-01 2.684565331823251522e-01 2.679842746493047989e-01 2.669496403280732233e-01 2.721966762580602106e-01 2.729707501691908123e-01 2.636694920890617633e-01
2.007177238386471385e-01 1.497639655038672246e-01 3.124551015826961819e-01 1.000000000000000000e+00 2.695896937526505721e-01 2.756357325157674509e-01 4.643744364304458472e-01 4.600937401881978750e-01 4.903187939906786252e-01 4.075417166865097363e-01 4.853077698478365232e-01 5.559572147538939246e-01 4.305431641296962875e-01 4.235521971354406778e-01 5.064550030889567456e-01 5.209153566667970026e-01 4.980803115149391447e-01 4.539832908210161833e-01 4.632015923187596251e-01 4.874471496192330222e-01 4.368849888104066603e-01 4.864955164798466791e-01 5.092212229285307812e-01 4.520525791864816179e-01 4.648838520942874530e-01 5.403474510571857348e-01 5.282030894346562144e-01 5.283675934885322389e-01 5.353867502053044625e-01 5.540542285927194666e-01 5.359784580178849067e-01 5.176200165267736963e-01 4.826927597603139497e-01 4.831860627273051878e-01 5.006567919239689468e-01 4.765715981067536466e-01 5.103774397398234131e-01 5.196278693344954513e-01 5.114807824483671439e-01 4.746119161327308489e-01 5.135985895147331393e-01 5.001942635251197533e-01 4.943529523999106168e-01 5.217972700387851770e-01 5.057393534164998927e-01 4.910244829498818797e-01 4.917766401073921934e-01 5.011863107929435124e-01 5.027871522316549324e-01 4.985910146844721447e-01 5.217067610012505741e-01 5.035976798860876125e-01 5.191845150631378969e-01 5.058954564850378643e-01 5.106742006571659553e-01 5.053779204672700365e-01 5.240085439502093489e-01 5.054751269940331859e-01 5.169535200038596345e-01 5.121626430311837508e-01 5.092117004210444664e-01 5.197549634286247056e-01 5.170049444787302440e-01 5.218770582447235240e-01 5.107206875430441162e-01 5.124428816759044603e-01 4.982680045477853037e-01 4.934081669017685301e-01 5.143974678518881127e-01 5.242762873284255720e-01 5.035807337036443121e-01 4.987879578010712134e-01 5.028800983352326170e-01 4.953394441306946394e-01 5.099187035522281253e-01 5.033460334920772938e-01 4.988029340447032722e-01 5.169496249160578927e-01 5.019468967343697630e-01 5.083707176667239258e-01 4.962778781144214779e-01 5.092410160687810272e-01 5.063439581056075056e-01 4.942287727848123646e-01 4.917548196392161897e-01 4.961985217568822826e-01 4.898280676395633249e-01 5.026922446985041537e-01 4.979443102727778014e-01 4.929291843301328302e-01 4.957304827088299670e-01 4.937872765948802534e-01 4.972568945937649865e-01 4.955215098386688277e-01 4.912883164840950445e-01 4.870167381150788954e-01 5.129878935430918219e-01 5.104335062354818930e-01 5.062047749524142271e-01 5.093671001092399120e-01 5.033032085410773515e-01 5.109730473312485977e-01 5.139416350326408978e-01 5.096146977364559572e-01 5.035975542223513068e-01 5.113009182031419408e-01 4.992038216709848708e-01 4.899577835781158131e-01 4.974328571860628379e-01 4.979950961940457499e-01 4.985632171586478756e-01 4.987109237544726237e-01 5.036984761125619103e-01 5.086693562028132831e-01 5.053176524322295915e-01 5.033366525097558997e-01
6.875760513308144806e-02 6.430695719154540246e-02 1.494582547393652205e-01 2.695896937526505721e-01 1.000000000000000000e+00 2.461599580356618744e-01 3.926819996955174252e-01 3.759455467812835572e-01 3.817525707266520296e-01 3.383372765165309493e-01 3.695542276694850359e-01 4.095770209979484044e-01 4.233713890921592116e-01 3.510990785352717247e-01 4.218373630558296394e-01 3.942096006846384504e-01 3.728201391723802161e-01 3.140781233675449813e-01 3.363504403212381200e-01 3.485604630037070217e-01 2.973512233464973842e-01 3.557926553815977111e-01 4.154344605961506343e-01 3.476388684423330488e-01 3.568098122446960452e-01 4.349616340123518832e-01 4.124293606041196103e-01 4.065525630826393733e-01 4.199581583978476695e-01 4.275064501406782291e-01 4.242482129718354034e-01 4.091441605989581398e-01 3.789883007156275019e-01 3.909800942090952414e-01 4.028370812229760678e-01 4.149903745190183235e-01 4.121981528309823228e-01 4.067406428975310351e-01 4.222875631045646116e-01 3.945675696881916772e-01 4.242250040482957174e-01 4.177286252480816864e-01 4.291569092858055212e-01 4.303882873932979858e-01 4.273591313946591419e-01 4.147009612989399630e-01 4.150239097159697521e-01 4.143867972841154268e-01 4.157670443291100471e-01 4.125912349247993771e-01 4.225614932537058444e-01 4.322506731642478672e-01 4.429179320083265203e-01 4.184198241277637953e-01 4.148578587347221402e-01 4.242226769218396809e-01 4.188376031138498767e-01 4.244279282620119220e-01 4.118513352731797417e-01 4.353231978820620296e-01 4.265469341092377742e-01 4.215707720259551095e-01 4.173008012943880130e-01 4.285281928526134543e-01 4.189777254093082770e-01 4.217502780614770796e-01 4.128046779832157953e-01 4.122437352783013265e-01 4.259497510088356975e-01 4.140876006794016462e-01 4.028520268389104153e-01 4.141535206465941088e-01 4.147288752608143669e-01 4.127660764848395947e-01 4.268916011454681469e-01 4.189178715869014691e-01 4.155977353651007511e-01 4.199602045599367672e-01 4.146763287281323151e-01 4.197392332962949224e-01 4.208563886620147465e-01 4.170739510609723366e-01 4.211876617361887121e-01 4.108925067766754369e-01 4.078919859982750307e-01 4.133565130972401969e-01 4.107744040873707037e-01 4.049114047864799115e-01 4.159871906351264026e-01 4.062896540642776388e-01 4.105751006396754499e-01 4.135566282951743111e-01 4.183339187962814010e-01 4.175123932474558708e-01 4.113462994873540723e-01 4.108772285050079631e-01 4.136088555445645576e-01 4.134734181973534484e-01 4.161823769202824819e-01 4.116218304431181196e-01 4.242280030963633264e-01 4.132553620810643924e-01 4.268389701033952766e-01 4.238956362719636939e-01 4.241895711138768954e-01 4.162614016723389931e-01 4.127142604835378203e-01 4.133900238058523247e-01 4.111346610084735675e-01 4.179703910335852979e-01 4.024775002777439825e-01 4.212160767280379581e-01 4.091799906588234892e-01 4.235226419104887730e-01 4.199565091186878707e-01 4.175964012138614900e-01
2.169463724422281831e-02 6.167777870445294297e-02 1.627054925597287427e-01 2.756357325157674509e-01 2.461599580356618744e-01 1.000000000000000000e+00 4.310654422547539610e-01 3.860298239545328913e-01 4.073947587335118303e-01 4.031676584904003713e-01 4.273669261482437309e-01 4.617653566439391399e-01 4.460427695830412875e-01 4.270946980269598736e-01 4.917241395156481398e-01 4.755005003126204777e-01 4.258330600507662655e-01 3.954703541343693174e-01 4.201490151936462802e-01 3.967455526976470526e-01 3.887429539702933479e-01 4.486988367400281952e-01 4.709300161750357150e-01 4.256084425396957638e-01 4.494975447226159382e-01 4.749123886412229267e-01 4.735085179763626195e-01 4.936385570271647483e-01 4.725091858600739547e-01 4.908635326592237780e-01 5.060921128261484103e-01 4.925000612615966777e-01 4.736266713282658025e-01 4.716069728902003710e-01 4.977519269914216227e-01 4.769557313630312656e-01 5.033820468383861657e-01 4.983523841717332759e-01 5.072703414872911098e-01 4.922695480202471385e-01 5.119466837569679463e-01 5.120629141808558105e-01 5.036910229345813450e-01 5.214878011940867752e-01 5.081328748100664150e-01 5.049308257667426414e-01 5.143400196882375042e-01 5.111736775531906529e-01 5.051325107726185593e-01 4.747325208621762105e-01 5.054248993989426397e-01 4.724553048349329765e-01 4.851170649681867952e-01 5.034893034459224648e-01 4.979680072833058690e-01 5.107108567137400579e-01 4.831519446869492196e-01 5.116823752380740276e-01 5.087460103563574698e-01 5.103343078295018431e-01 5.044525842776149682e-01 5.010417208644879494e-01 4.954621873412775601e-01 5.000017947776015381e-01 4.910866033138599485e-01 4.863255724643887334e-01 5.089509494955420932e-01 5.118569842967579664e-01 5.183007619779185227e-01 5.061073651965114495e-01 5.064340338052072399e-01 5.095710171800699184e-01 5.103283311600496086e-01 5.097183893500558671e-01 5.124933269687887982e-01 5.098502413793822852e-01 5.115965078133885013e-01 5.114286261704377168e-01 5.130992241636287421e-01 5.125833755289113114e-01 5.064960132662870151e-01 5.151435890620227331e-01 5.111597458454519849e-01 5.087307706598714896e-01 5.039704379980927129e-01 5.064459396455623930e-01 5.155840500017934147e-01 5.102638349875892043e-01 5.155440535634241428e-01 5.114521446053236220e-01 5.146025789044992305e-01 5.172033900132591011e-01 5.150087758420274220e-01 5.162356729524065768e-01 5.162482975934726825e-01 5.138755633891379793e-01 5.032232562318210700e-01 4.921219616502459648e-01 5.099748906194436771e-01 5.110535873369934645e-01 5.161616031367701751e-01 5.056248901270811169e-01 5.082084950178045180e-01 5.137571510231060401e-01 5.060321685987048124e-01 5.017507412680780599e-01 5.076667887122146006e-01 5.132340387176412833e-01 5.122325652270235397e-01 5.150760535554449460e-01 5.119964793087885546e-01 5.124360033898561761e-01 5.122197881484505944e-01 5.060205174752704371e-01 5.080233328690099137e-01 5.043195237859963154e-01
5.255069235528596339e-02 1.158636848786187834e-01 2.742722631253974308e-01 4.643744364304458472e-01 3.926819996955174252e-01 4.310654422547539610e-01 1.000000000000000000e+00 5.887506407002823794e-01 6.125252413302509913e-01 5.922259445496798058e-01 6.270880477876971115e-01 7.084198871873483849e-01 6.349468540414477946e-01 6.209327178008603454e-01 7.575051981495722897e-01 7.279600387545442919e-01 6.453598036379853964e-01 5.636633358955276396e-01 6.098343384868143424e-01 5.767065425685276026e-01 5.449532127241240032e-01 6.402436663215980150e-01 6.801612417437234992e-01 5.941214623344412971e-01 6.341891337410388019e-01 7.443702359387989187e-01 7.227734245375041500e-01 7.362179893001438158e-01 7.392214859936157012e-01 7.318820052169171531e-01 7.498476167180277985e-01 7.104871245902694143e-01 6.849253394599840172e-01 6.833672419811354093e-01 7.068618121979599600e-01 7.094793004376133139e-01 7.284186743297612621e-01 7.387849010075310252e-01 7.436581960454630158e-01 7.176639736161949390e-01 7.317675071048406199e-01 7.437048667512513589e-01 7.360540179723994436e-01 7.538589066001054606e-01 7.388451405522178383e-01 7.425875391294307626e-01 7.355432284545593280e-01 7.363621493105769744e-01 7.292461626727253510e-01 7.070739046895808677e-01 7.442763666925067412e-01 7.085802758618167108e-01 7.246898686515137467e-01 7.314978343925669924e-01 7.403743595366788499e-01 7.518747905632526818e-01 7.139080747138069061e-01 7.436987958379024377e-01 7.486619725361977062e-01 7.370605608430419453e-01 7.390657156440116893e-01 7.357194837264812159e-01 7.305523401242467463e-01 7.301314975803792073e-01 7.118237706247274588e-01 7.069778759017226744e-01 7.308522061978169893e-01 7.275043418247181259e-01 7.353108083150272645e-01 7.304743411611595016e-01 7.198418819077309072e-01 7.305807876743266593e-01 7.233196746464737314e-01 7.258282297778131387e-01 7.499450651080438179e-01 7.406634028012846205e-01 7.414628356652811503e-01 7.499169867084531926e-01 7.439846229964904856e-01 7.422161130410973584e-01 7.323672668658625096e-01 7.385183286989099871e-01 7.325003695031475637e-01 7.318252065936787787e-01 7.242915055037091321e-01 7.274745140174196933e-01 7.327401601655019192e-01 7.389812801948757448e-01 7.367649975918216798e-01 7.398487409715001073e-01 7.395084447131030636e-01 7.396759029197247370e-01 7.378367709242135142e-01 7.425429255762878711e-01 7.333134647595087596e-01 7.301942912234159477e-01 7.312589902369920347e-01 7.139127056297915885e-01 7.327472149119467204e-01 7.344421643767250485e-01 7.396083082830544608e-01 7.286018999340687641e-01 7.295024857507749205e-01 7.396102423188524178e-01 7.267870488529709627e-01 7.223803644149704439e-01 7.277372154771846180e-01 7.302652373393468954e-01 7.349889758386752847e-01 7.365437698188540550e-01 7.363377864887278301e-01 7.299782147933895349e-01 7.306805003924711217e-01 7.282763047736627859e-01 7.270628680826397572e-01 7.171627473730639579e-01
8.345024378824902889e-02 9.166433082320288306e-02 2.310244227358973779e-01 4.600937401881978750e-01 3.759455467812835572e-01 3.860298239545328913e-01 5.887506407002823794e-01 1.000000000000000000e+00 5.947901200274360312e-01 5.169185011509949135e-01 5.757983396357966299e-01 6.769413490502906861e-01 5.951470896309236647e-01 5.693030209044804835e-01 6.847058517811100975e-01 7.015297903030410787e-01 6.178636612620226343e-01 5.378892433538179363e-01 5.744409069281858349e-01 5.610423473261436644e-01 5.327756038457882592e-01 6.084141208545987833e-01 6.183685188487353379e-01 5.597123858235864002e-01 5.800618927915175416e-01 6.668014678838317666e-01 6.412598723576097282e-01 6.478760852299050299e-01 6.679564325068363395e-01 6.846442656797102622e-01 6.879535750189055276e-01 6.613970716805490646e-01 6.361120905483508281e-01 6.473002602851288811e-01 6.485359335478472209e-01 6.648075728918786398e-01 6.644638669280392707e-01 6.841115568688854731e-01 6.931934824876005985e-01 6.317747932994340898e-01 6.707337837041397188e-01 6.718209795139048479e-01 6.714994318247700100e-01 7.073167150120794888e-01 6.781123035417090383e-01 6.724483399911485026e-01 6.812196464962955167e-01 6.823255565226755692e-01 6.859133870322718929e-01 6.912631368563282308e-01 6.999754834653846292e-01 6.767849699842591882e-01 6.895975755058516565e-01 6.829225107710307219e-01 6.900368285946518743e-01 6.811826442747025423e-01 6.983569729794454339e-01 6.955668872717566398e-01 7.019411495177103610e-01 6.950771558713066955e-01 6.993679353945104760e-01 6.972335861879884744e-01 7.050996661795911891e-01 7.069700873047124468e-01 6.896080244564364303e-01 6.860215924909924823e-01 6.860873846545668675e-01 6.813173885129371055e-01 6.901268295173216272e-01 6.911726121311806414e-01 6.791835958842007415e-01 6.849829246344627531e-01 6.753331905203351360e-01 6.705395756227383597e-01 6.858314003437863127e-01 6.831439853279399621e-01 6.761933474952712686e-01 6.889372515172299538e-01 6.790244758375235667e-01 6.894260934506657446e-01 6.833944546257637587e-01 6.823548829654837444e-01 6.946849057402885164e-01 6.760538763278075569e-01 6.875477140706511836e-01 6.872173766346469925e-01 6.728200266700555821e-01 6.967598461473468729e-01 6.893157479747271665e-01 6.897643629673779753e-01 6.742963455491772784e-01 6.865746819558727898e-01 6.842116026515988603e-01 6.857407326878093290e-01 6.850555929686050760e-01 6.806225537906253065e-01 7.109700825871456686e-01 7.042443600573232709e-01 7.067725794338095557e-01 7.030025182489259006e-01 6.934728405291943343e-01 7.094409247850254063e-01 6.946828712343454670e-01 7.047271235460573768e-01 6.964950761175281446e-01 7.008527389960653720e-01 6.926502981654084623e-01 6.821779209508385122e-01 6.892091694967396043e-01 6.929181338951384550e-01 6.988989541984383935e-01 6.901241026932499745e-01 6.938486465850605134e-01 7.010469215959731493e-01 6.950485097017069513e-01 6.908667360216506070e-01
2.278537579577583627e-01 2.051423470041946195e-01 2.500606605823979534e-01 4.903187939906786252e-01 3.817525707266520296e-01 4.073947587335118303e-01 6.125252413302509913e-01 5.947901200274360312e-01 1.000000000000000000e+00 6.768801326101059335e-01 6.932452799964941015e-01 7.650455781407833333e-01 6.493412803531296573e-01 6.741079796173043981e-01 7.658649778428030519e-01 7.356096141033470204e-01 7.621165491682740933e-01 5.983316215340920285e-01 6.620832236201985577e-01 6.165518316514819741e-01 5.676939141044040626e-01 6.864542291778384930e-01 7.295689531758400292e-01 6.273059526209368020e-01 6.644987245003870502e-01 7.403444790012911891e-01 7.615248562541612198e-01 7.525952327462211988e-01 7.756677533920188772e-01 8.104943300435899500e-01 8.096508537513864567e-01 7.826042929411920479e-01 7.404838769855898173e-01 7.501328973891935314e-01 7.648169765424192024e-01 7.537083736286157576e-01 7.961782835224302524e-01 7.666894453360632022e-01 7.945745570777201783e-01 6.951320565010757901e-01 7.885502405191173736e-01 7.651051697220788705e-01 7.493692400552576238e-01 7.965890871074982060e-01 7.833642642485675323e-01 7.631429852815075909e-01 7.964408457576559464e-01 8.196840845052429936e-01 8.131558714325507475e-01 7.792157037593635538e-01 7.953010110781252306e-01 7.984292351645505548e-01 8.097263723614955833e-01 8.255004670745964557e-01 8.072735040099169312e-01 7.886442565718341235e-01 8.260050493420316720e-01 8.009561775133133832e-01 8.010853432288371767e-01 8.271828092958877221e-01 8.033030227009446689e-01 8.176822146178953643e-01 8.051345390222699461e-01 8.251785541101371857e-01 8.293362930395337118e-01 8.321508487102006191e-01 8.157722754479664884e-01 7.970081590698477880e-01 8.111804540440532563e-01 7.928189626402815104e-01 7.860371614813823626e-01 8.078310453008451519e-01 7.855399459609437862e-01 7.917690823049734483e-01 7.993477667727798552e-01 8.048326625987134442e-01 7.941497087754062489e-01 8.121672641259582992e-01 7.983722293846586826e-01 8.163557501802422012e-01 8.117725240350961435e-01 8.093625476845818234e-01 8.207290066477450630e-01 7.986068258916196871e-01 7.981104794471832742e-01 8.050347037760159363e-01 7.985280008187014555e-01 8.015628298847529143e-01 8.061820411071749515e-01 7.972545412302255441e-01 7.869141991128052460e-01 7.956996536522970009e-01 8.035166150987561595e-01 8.020692228562034121e-01 8.052328456443265114e-01 8.055557286406597184e-01 8.068187161558054710e-01 8.205176495856271179e-01 8.082102005174733872e-01 8.067384374324982899e-01 8.009130608828132214e-01 8.125114408333492522e-01 8.189889259486929918e-01 8.121204488493182216e-01 8.189421504188865164e-01 8.177647623011115030e-01 8.161385118290089835e-01 8.081475671096223223e-01 8.078740012386760316e-01 8.097624963598156755e-01 8.014269769910584706e-01 8.206604054677997251e-01 8.127661660488324502e-01 8.214408061913116565e-01 8.268404075749443694e-01 8.255597623471828683e-01
6.697046176623255853e-02 1.807682742058513425e-01 2.284865141367626029e-01 4.075417166865097363e-01 3.383372765165309493e-01 4.031676584904003713e-01 5.922259445496798058e-01 5.169185011509949135e-01 6.768801326101059335e-01 1.000000000000000000e+00 6.346744114902811429e-01 6.940116395156714635e-01 6.285069401655476451e-01 6.456473325384983752e-01 7.410450879198859919e-01 6.967812171565064272e-01 6.665005695550083598e-01 5.753479311527547324e-01 6.312129341293064577e-01 5.663160960139410616e-01 5.276155463702015824e-01 6.447980852628241166e-01 6.910189736891941825e-01 6.082151636084784929e-01 6.399720375156949803e-01 7.169932016305186062e-01 7.133445444696258075e-01 7.369546685491118465e-01 7.288452310538255929e-01 7.545282467932127313e-01 7.645503011710351737e-01 7.417583642803807775e-01 7.097574801615392781e-01 7.037589144841696065e-01 7.314181460890328834e-01 7.062297580422586263e-01 7.545105467746575645e-01 7.389616079532912440e-01 7.506879952617309115e-01 6.971118906084972089e-01 7.653706054374492807e-01 7.397060136783430995e-01 7.262132797727208766e-01 7.480366537946876448e-01 7.570043769054889404e-01 7.556464527391884012e-01 7.700178883726005452e-01 7.828684639928108480e-01 7.680427749772132939e-01 7.089730953398155622e-01 7.532816077794246556e-01 7.113366013110717923e-01 7.327231238327106544e-01 7.862274014072847539e-01 7.728609243597294176e-01 7.743699046470808867e-01 7.481648714904596265e-01 7.598179459150371517e-01 7.650960533437000111e-01 7.743697284141305426e-01 7.620683434752000274e-01 7.738675770643784757e-01 7.555923865564596609e-01 7.507786132898974785e-01 7.529981352771547565e-01 7.571601249353921981e-01 7.813817797712674373e-01 7.691072390915644208e-01 7.738960979861728706e-01 7.526561015666338728e-01 7.561737718473068304e-01 7.746522579745249715e-01 7.537149421245530334e-01 7.685909343083920930e-01 7.806096451542531289e-01 7.754372379587356479e-01 7.764063419010157618e-01 7.771183683850469981e-01 7.768954386471838003e-01 7.828823726373141945e-01 7.758917377901459744e-01 7.813145231507971911e-01 7.770324819373161107e-01 7.720274319431685850e-01 7.603111310801999867e-01 7.662163497362846076e-01 7.694252691419137813e-01 7.717308971370669957e-01 7.739715395586647118e-01 7.800762951857378447e-01 7.691926947041748397e-01 7.744455447881171128e-01 7.776351715912779294e-01 7.763197475812614323e-01 7.770124553681393431e-01 7.809937079641121604e-01 7.580297000730142898e-01 7.503246074961575918e-01 7.683159434613235916e-01 7.713069958808468352e-01 7.703010848157519908e-01 7.654942788261079878e-01 7.631518864480643094e-01 7.698087109540890927e-01 7.641056841535478483e-01 7.690089089997188543e-01 7.742603168805169966e-01 7.827022278204427419e-01 7.819456762312551046e-01 7.757377129319982245e-01 7.741421224707333293e-01 7.773048579447674467e-01 7.795312674531459374e-01 7.677945350488222243e-01 7.697491614866459608e-01 7.726271705512882670e-01
4.936407772079821205e-02 1.629521306006100623e-01 2.947587613424813568e-01 4.853077698478365232e-01 3.695542276694850359e-01 4.273669261482437309e-01 6.270880477876971115e-01 5.757983396357966299e-01 6.932452799964941015e-01 6.346744114902811429e-01 1.000000000000000000e+00 7.826619253352194994e-01 6.744303487178008316e-01 6.793955252890861995e-01 7.834252070835483472e-01 7.447494291079047590e-01 7.345670081374890970e-01 6.439936705715106902e-01 6.899053390692549970e-01 6.403294361963410841e-01 6.209012280807750805e-01 7.199533931996743297e-01 7.387937300752921432e-01 6.761812472051168532e-01 7.093940777792769881e-01 7.710089138046315460e-01 7.651687331611295440e-01 7.861659857708958032e-01 7.723227037322292210e-01 7.947754915659445141e-01 8.230415467618463765e-01 7.980587031357720962e-01 7.678692320567038765e-01 7.697170973408573591e-01 7.865831415325296172e-01 7.730452904559268479e-01 8.051248530503632983e-01 7.964074879934605056e-01 8.068537728925287977e-01 7.699961131568560102e-01 8.085185338601292848e-01 8.019841811482842919e-01 7.920494749311979277e-01 8.120265115858947835e-01 8.157507370656381651e-01 7.993998844083892719e-01 8.121511752258605554e-01 8.148532675391665370e-01 8.078217237488819480e-01 7.772633335961059986e-01 8.133593970699439790e-01 7.747062426062357732e-01 7.884415741834770452e-01 8.063472088109246982e-01 8.033392623977806402e-01 8.082421823346757073e-01 7.839360327560094266e-01 8.132811226855715114e-01 8.136768398931882862e-01 8.134595619334488159e-01 8.131890886202280955e-01 8.069783560563772440e-01 7.977120293170981702e-01 8.021952227666477864e-01 7.951924163297507953e-01 7.881602600742674269e-01 8.130222070167049120e-01 8.146448868249903663e-01 8.207432960902213415e-01 8.120743217193079344e-01 8.060784095214574840e-01 8.149280639484494104e-01 8.091723391973711932e-01 8.130974506616946984e-01 8.208143507845373499e-01 8.163483911861815212e-01 8.157052538910020134e-01 8.149987699712049061e-01 8.125191626918676358e-01 8.180136438091414330e-01 8.124884474045201976e-01 8.188942324098335002e-01 8.151842467192393915e-01 8.138533257653924879e-01 8.099668714990376772e-01 8.131404047574110061e-01 8.157435144726661314e-01 8.153755297023949078e-01 8.161333929240223162e-01 8.112520340603938118e-01 8.169181945096111175e-01 8.164390475366524180e-01 8.176153116146208655e-01 8.165974864043901160e-01 8.158177304003965125e-01 8.152448743563442957e-01 8.072100242946185222e-01 7.882056592837251019e-01 8.096831633708965192e-01 8.164556397859247250e-01 8.123795560908335656e-01 8.054105322143008117e-01 8.121973106560466116e-01 8.132581003069725423e-01 8.092494098334612751e-01 8.020634648948349321e-01 8.103467127927943547e-01 8.117525126474230968e-01 8.128467838763256959e-01 8.159195724334055155e-01 8.142584312816800729e-01 8.113845241840144107e-01 8.110410877831381038e-01 8.054396809353621123e-01 8.116964579111494160e-01 8.029819735727133923e-01
1.078369981303420183e-01 1.627947177629621989e-01 3.198902323989279428e-01 5.559572147538939246e-01 4.095770209979484044e-01 4.617653566439391399e-01 7.084198871873483849e-01 6.769413490502906861e-01 7.650455781407833333e-01 6.940116395156714635e-01 7.826619253352194994e-01 1.000000000000000000e+00 7.314537067619186761e-01 7.325825120474879215e-01 8.590154483643286376e-01 8.342947291841240620e-01 7.945162898482729386e-01 6.799864171397778101e-01 7.281917162193805027e-01 7.220705748224137688e-01 6.568673138307095094e-01 7.640719340805340876e-01 8.047022469550655366e-01 7.148496208724419709e-01 7.435318882462889079e-01 8.490537409263204660e-01 8.373215639730491322e-01 8.548763904862022311e-01 8.516715020785713408e-01 8.797502120084369492e-01 8.987884475689889019e-01 8.656295916637117838e-01 8.313247295464673003e-01 8.374303588417224553e-01 8.547323026215946085e-01 8.459120199750380653e-01 8.732575668768302046e-01 8.705045389508049292e-01 8.836227663444439218e-01 8.281664414130087692e-01 8.790733973601871920e-01 8.706737730161417943e-01 8.631002625862231881e-01 8.882472161532399824e-01 8.793618154256609420e-01 8.674151564110605950e-01 8.818899508714891367e-01 8.876139432520054884e-01 8.853885428499658206e-01 8.652438487486036056e-01 8.915441778032369147e-01 8.564794800595157964e-01 8.703277777309338381e-01 8.852856698007200986e-01 8.826946359264881137e-01 8.815491697893229617e-01 8.795732276925559701e-01 8.862749389587027959e-01 8.927922116480823123e-01 8.901143193306824131e-01 8.933287527632978176e-01 8.902027727229802068e-01 8.857119062977327761e-01 8.883507482890580231e-01 8.754947583822024759e-01 8.759080100777133504e-01 8.850687212385740521e-01 8.785699314522610326e-01 8.930307702439811424e-01 8.897709268072532263e-01 8.678839596426103364e-01 8.801983266378726745e-01 8.715555670826176105e-01 8.727266706059655377e-01 8.910439654288565547e-01 8.887618042527025697e-01 8.834072680944531353e-01 8.880593385363322323e-01 8.847641540637167790e-01 8.907515909078012051e-01 8.856547047129043060e-01 8.905705235094858452e-01 8.901971231076103441e-01 8.803272862679483168e-01 8.806159032584850443e-01 8.838210279943715664e-01 8.812735070953331418e-01 8.865986567808080698e-01 8.870633790859396850e-01 8.826797956778325016e-01 8.814563018363792413e-01 8.862909345414468065e-01 8.871934100467785411e-01 8.860947682984946505e-01 8.860668078035043305e-01 8.832854025046901203e-01 8.890315520845608610e-01 8.758445292199177334e-01 8.892544721850953460e-01 8.887906603538332506e-01 8.884650655066430591e-01 8.887813827506751974e-01 8.910831794721534305e-01 8.906188757104429587e-01 8.869646822206234127e-01 8.848930937391943363e-01 8.874832086970397826e-01 8.830732889929373552e-01 8.872013894631395337e-01 8.884695615592381746e-01 8.853576446570617930e-01 8.862436720873085871e-01 8.864674739383530122e-01 8.871356176137339400e-01 8.868502082238561846e-01 8.829330511156858741e-01
1.605706895711467991e-02 8.919903905570199243e-02 2.494494016665148306e-01 4.305431641296962875e-01 4.233713890921592116e-01 4.460427695830412875e-01 6.349468540414477946e-01 5.951470896309236647e-01 6.493412803531296573e-01 6.285069401655476451e-01 6.744303487178008316e-01 7.314537067619186761e-01 1.000000000000000000e+00 6.562006109338465176e-01 7.891196397844830734e-01 7.578727542710769205e-01 6.744997691660075123e-01 5.847217007281844126e-01 6.401162719217571295e-01 5.903628323045511106e-01 5.622803866920182969e-01 6.755647589244869744e-01 7.024751898137017170e-01 6.322709159354071851e-01 6.733461235760476171e-01 7.468788575152859321e-01 7.383460396984983243e-01 7.571588562274256251e-01 7.472489613452789614e-01 7.675423613336601614e-01 7.925965900343876491e-01 7.522757272086565417e-01 7.215129331453453698e-01 7.207020617661723527e-01 7.542316240222529666e-01 7.603989786281538654e-01 7.782414174106980775e-01 7.594265379954682205e-01 7.876355039545530623e-01 7.399572882283641517e-01 7.923052096107551234e-01 7.908372474774266747e-01 7.918012614251188630e-01 8.012065375196891770e-01 8.000294620095964593e-01 7.923711943341699149e-01 7.944251465915306287e-01 8.014423684940205073e-01 7.936049609255463322e-01 7.535009990168453076e-01 7.822392287654522658e-01 7.696487398169760130e-01 7.785427343585551441e-01 7.975580127987668133e-01 7.963696904460042525e-01 7.972147830940895519e-01 7.732698996415546810e-01 8.021856039584701614e-01 7.871333639115238867e-01 8.103667777814180795e-01 7.991447628898881161e-01 7.999820225811371532e-01 7.866372249664320693e-01 7.879461983698500260e-01 7.739657823293758510e-01 7.845046583701149601e-01 7.974269033822573016e-01 7.964667955192767934e-01 7.975074979461287406e-01 7.857275813429579481e-01 7.826357325287958133e-01 7.988544298885756900e-01 7.813253642842652447e-01 7.937998649571108567e-01 8.081596879887318341e-01 8.052852144727368211e-01 8.013824908258712076e-01 7.982809879809699138e-01 7.977369018430153780e-01 8.040162070860442656e-01 8.021244474232714916e-01 8.050761154597546598e-01 7.973559847291531444e-01 7.957699763254599823e-01 7.868418125752431047e-01 7.920327234751624035e-01 7.983973946179890868e-01 7.937729799416970433e-01 8.015038604383580845e-01 8.037511941797237380e-01 7.980966281422947617e-01 8.071558425322168384e-01 8.096407293292525731e-01 8.066671309702662107e-01 8.037218130242392844e-01 8.031868947247269297e-01 7.924388866766574058e-01 7.760473106471690308e-01 7.989255277493660934e-01 7.930425062898244226e-01 8.088495385674164817e-01 7.948324765953022064e-01 8.028327315770916739e-01 8.080062803038744468e-01 8.012209942010549701e-01 7.944947830696531543e-01 7.968708002509663491e-01 8.036353264353909287e-01 8.033194843600824919e-01 8.052264967034826748e-01 7.963189497985848631e-01 8.059474617877332436e-01 8.030540535101479138e-01 7.975751633470640201e-01 7.953869643364865905e-01 7.972002651315830413e-01
