1.000000000000000000e+00 1.448342695894168364e-01 6.784832533435736224e-02 -1.447530467601077691e-03 -4.221631396352895638e-02 -1.877047873124105398e-02 3.382449916243489979e-02 -3.118110464270729826e-03 1.354976460144790007e-01 6.676602955128461969e-02 1.738157808318759046e-02 -2.359170288258283232e-02 2.863771155045997246e-02 1.915407011337663321e-02 8.845224028337201130e-03 2.428692943975140767e-02 6.492587185636948532e-02 7.048238232074190146e-02 6.999678562491991329e-02 3.318049901669620216e-02 9.736454941139340014e-02 9.349278658832474442e-02 8.852521125259062151e-02 1.207046333296806634e-01 8.475287309891732512e-02 6.035008897629307034e-02 1.978535100851945214e-02 1.153597561008239819e-02 8.426693491436589023e-02 7.076550408612224119e-02 3.578029571546527399e-02 5.607363763201740625e-02 1.441350400122621590e-02 5.949221133620295754e-02 3.784476998936621428e-02 1.499645422995240542e-02 6.275703488206555575e-03 7.134911539087998925e-03 1.293786696661324183e-02 -4.707989139281328755e-02 -4.393202474655838203e-04 -9.499379971743333873e-03 -8.787434578121729525e-03 1.213673833565798339e-02 8.136850139650483827e-04 1.157283818121200743e-02 8.723243894451533989e-03 2.180571921021124890e-02 2.001410154463478114e-02 1.072987233704014720e-02 4.788831733830342316e-03 2.973364270427055790e-03 2.666642871400596963e-03 4.075669160897760906e-02 2.798503910704301656e-02 3.043381805843730845e-02 4.860228563653264805e-02 1.946220194501832937e-02 1.012628927878221965e-02 4.070061907972833543e-02 2.852967413363079966e-03 3.633979668977876942e-02 1.991643809387074610e-02 3.173079298589739916e-02 3.619749584510305318e-02 4.722394246841351423e-02 2.208840439792096946e-02 3.625600472090058368e-02 4.382258002411550113e-02 2.266834120764913210e-02 4.181060175032610265e-02 3.657636755437013859e-02 5.805250024821345667e-02 4.206951736675153958e-02 2.503076678009671235e-02 1.560611224429328363e-02 1.173070920775372977e-02 3.768024617858133085e-02 2.498687406226323543e-02 3.447106481293978758e-02 3.066261114144328004e-02 1.802960832403567235e-02 3.301582723004566067e-02 2.601864466525276309e-02 1.056753397775823250e-02 2.991382776339891400e-02 5.658240271491274918e-03 5.395486673637546905e-04 8.029237433077833844e-03 2.733278063429687987e-02 -1.882058952601374513e-02 -6.597575734994623811e-03 -3.247148727438010050e-03 7.642381388967381698e-04 6.028101397382869785e-04 1.264517754181333081e-02 -1.270397244733828535e-02 1.934392560790151872e-02 -4.793598197609829151e-03 -2.722718682316298787e-03 -1.704833203330123961e-02 4.562191889130204846e-04 4.515267056938074806e-03 1.386556113190892583e-03 9.124522606800820890e-03 2.520276059498026064e-02 1.333321410806234848e-02 1.753505261259401607e-02 1.150046488817576054e-02 1.131090360554939077e-02 -4.095166819518531939e-03 1.413967827141690559e-02 6.657819298323107253e-03 1.721840408137483014e-02 2.026982305965856906e-02 2.304951788884497532e-02
1.448342695894168364e-01 1.000000000000000000e+00 3.625835983389805346e-03 -1.040733444597144591e-01 3.663309392770779105e-02 7.344009510417622011e-02 1.799883339712061991e-01 6.178991968247437433e-02 1.568287984525167655e-01 2.238597045639956762e-01 1.288601103487050370e-01 4.467894922752602138e-02 8.177346311975354498e-02 1.286448041174144963e-01 1.576213472698305140e-01 1.258314586917934630e-01 1.594179057957777201e-01 1.749853578437797763e-01 1.948534784035731160e-01 -5.837841718763747689e-02 8.057800056818054113e-02 1.774289316888478796e-01 2.236791411199303692e-01 1.755498201779660816e-01 2.072024970001687671e-01 2.321223363318758171e-01 1.732771494569298465e-01 2.124908364564048746e-01 2.394009871973183101e-01 2.429754723000203120e-01 1.985012218561940101e-01 1.822673626440877992e-01 1.994354948920185333e-01 1.771159661586490797e-01 1.957141459438128117e-01 1.425633055896035062e-01 1.665609090331450493e-01 1.917980964715417791e-01 1.834775179544335111e-01 1.454486879263988952e-01 1.541721476088621645e-01 1.609818543752942199e-01 1.079256461325792116e-01 1.501464454637592982e-01 1.448341478240192381e-01 1.854599796787595178e-01 1.381308873215864597e-01 1.580099989719671305e-01 1.263210773212435079e-01 1.026283024376129921e-01 1.365109777899659316e-01 9.900555035669292292e-02 1.088686600811931138e-01 1.744846719135014490e-01 1.672205964964330882e-01 1.937816163868514019e-01 1.258896400119738079e-01 1.571756287424349308e-01 1.478189181009004483e-01 1.376812253151811771e-01 1.222093460232639844e-01 1.500970098873359859e-01 1.288170124547398654e-01 1.339400339524472183e-01 1.376438635143709954e-01 1.388902891471898438e-01 1.542675196450191688e-01 1.829452439268275388e-01 1.830516561101788453e-01 9.985756776562018655e-02 1.498798165852122111e-01 1.757610468834459594e-01 1.721904134523482566e-01 1.703153664943412027e-01 1.850325458225954289e-01 1.686307380550310930e-01 1.844785853782948959e-01 1.983441493499494834e-01 1.951350459443004781e-01 1.930933973089369593e-01 1.812581170487196636e-01 1.713103220282186645e-01 1.700367807998513503e-01 1.887715404820621834e-01 1.593493439870548034e-01 1.722292723855179397e-01 1.563772477052417231e-01 1.624672669685681137e-01 1.695710183630201318e-01 1.767395998012072089e-01 1.579227485791895869e-01 1.505713420710508288e-01 1.424767673849022531e-01 1.580220267476954710e-01 1.408472666879289903e-01 1.533956848696062802e-01 1.151816069795379149e-01 1.156755658901776479e-01 1.297775074594352263e-01 1.354247373849560565e-01 1.307015259110327343e-01 1.251537436971668915e-01 1.225029536115735673e-01 1.305934052987210714e-01 1.333464002843808283e-01 1.341113862761669773e-01 1.374974239932207631e-01 1.703467984097238042e-01 1.642296871985205464e-01 1.479597106887063362e-01 1.424789593095306672e-01 1.382586607893817876e-01 1.365416451412293231e-01 1.378956923801184786e-01 1.456191948935578739e-01 1.348471439533927008e-01
6.784832533435736224e-02 3.625835983389805346e-03 1.000000000000000000e+00 3.320764274418779305e-01 1.958313461888618046e-01 2.204561740519035973e-01 3.472911182114660766e-01 3.579488138759440163e-01 3.517190657349454352e-01 3.043088579526153081e-01 3.771433788605114135e-01 3.907391119028680304e-01 3.438071568432783942e-01 3.320556269173912112e-01 3.760412381953706640e-01 3.838909025922152551e-01 3.535603324925385427e-01 3.074108977855324887e-01 3.375381654534960196e-01 3.086648041746640203e-01 3.524908723541433919e-01 3.610904278265164025e-01 3.054812857215571387e-01 3.159778385792228472e-01 3.210973700930744856e-01 3.578755733134790784e-01 3.886090274921414900e-01 3.612737422818922406e-01 3.446082603883043882e-01 3.468292336028590550e-01 3.754289913527407152e-01 3.708591492306658188e-01 3.442839200582806236e-01 3.615899991758515508e-01 3.607099542740049292e-01 3.745766528503491899e-01 3.834259867028169122e-01 3.554379067955351079e-01 3.665958109758372663e-01 3.688083716383386279e-01 3.932934218558191142e-01 3.838519166191217691e-01 3.873878166905226905e-01 3.945908438524687312e-01 3.964648223337682853e-01 3.732279449218087186e-01 3.949331417731866689e-01 3.932352816616238589e-01 3.879361354206989909e-01 3.905492599523501807e-01 3.799108569878699715e-01 3.943674271376258478e-01 3.983388746804149561e-01 3.816724865590919169e-01 3.801193559751875894e-01 3.718817534583696016e-01 3.876288462005920699e-01 3.867491251152377352e-01 3.811742105440437678e-01 3.948132506588646895e-01 3.953142565010513421e-01 3.882343156695401976e-01 3.868166306811745003e-01 3.862679605887068823e-01 3.937364359614314857e-01 3.969324654474208347e-01 3.932890948674355736e-01 3.839579733506633397e-01 3.819825574364388299e-01 3.993831085279453963e-01 3.993218945665611419e-01 3.908996839537300927e-01 3.855627006348269492e-01 3.901622109737540867e-01 3.869004326911938962e-01 3.897970181673232060e-01 3.810547326610079777e-01 3.801916103640894939e-01 3.754505110353440478e-01 3.762617222845115461e-01 3.874610529354705624e-01 3.882650089516666014e-01 3.891620443517914696e-01 3.770667230340359888e-01 3.934851019391725768e-01 3.878703659052030184e-01 3.961019381932769368e-01 3.846194525439823320e-01 3.879167967137181483e-01 3.904609896232419386e-01 3.917055112219748891e-01 3.931004186265634193e-01 4.023554662599294618e-01 3.927261960156263054e-01 3.967278974000130742e-01 3.945895778585938873e-01 3.977696562418681081e-01 3.955149967048867676e-01 3.973958226808496641e-01 3.921058145036251941e-01 3.968570842931959386e-01 3.996284071343920719e-01 4.065690044217178944e-01 4.018176481834931368e-01 4.009980357067381429e-01 3.957802282771190061e-01 3.932719501505005377e-01 3.865808538471533495e-01 3.914527987891319172e-01 3.967253353941866956e-01 3.925384462666373642e-01 3.967890873420031883e-01 3.954512808714385486e-01 3.926487007586736411e-01 3.937365777114015808e-01 3.999120616096765723e-01
-1.447530467601077691e-03 -1.040733444597144591e-01 3.320764274418779305e-01 1.000000000000000000e+00 3.512228871501006933e-01 3.624070791672424630e-01 4.597432834325601014e-01 5.616867977461902361e-01 5.066491588715729133e-01 3.627631988769386973e-01 5.459197325326855532e-01 6.472382505602074509e-01 5.373663334974602135e-01 4.419126090166727860e-01 5.494818974033868209e-01 5.898475273276079234e-01 4.853668183434992067e-01 3.796469744321707696e-01 3.905967763503802037e-01 6.035580046237484231e-01 5.419834323450649638e-01 4.752585111936035167e-01 3.491721358847648671e-01 3.980648903341446054e-01 3.906002376761389949e-01 4.354679788455391720e-01 5.235013627306017714e-01 4.607642325273831885e-01 4.188211057658368652e-01 4.057025714899987756e-01 4.929109584292405977e-01 4.825656142862702613e-01 3.948932801957927841e-01 4.647807380550055267e-01 4.254765665803886265e-01 5.204306644833752715e-01 5.030472203421800792e-01 4.914640111905710373e-01 4.960930685324538847e-01 5.250231673487261164e-01 5.513639296724981431e-01 5.448181788410405568e-01 5.891065497690592956e-01 5.661783968606417528e-01 5.653707058298192978e-01 5.228200325047761554e-01 5.770716927876571312e-01 5.528165472955183235e-01 5.792434426911521328e-01 5.748081965775900803e-01 5.619318841717068080e-01 5.806180383049247551e-01 6.031216765935568658e-01 5.304136164521811025e-01 5.310398380946925734e-01 4.953292667388272119e-01 5.836558069879135280e-01 5.459736128316922121e-01 5.609009062988473682e-01 5.802925024892279238e-01 5.965167273748733789e-01 5.596722259659555609e-01 5.721998465432962533e-01 5.770713829783943316e-01 5.664536224397609399e-01 5.820898803975997904e-01 5.547622346125575810e-01 5.218402798237086193e-01 5.148027143649729354e-01 6.323378249215018121e-01 5.693529172077843592e-01 5.312838590919352066e-01 5.248479930177716302e-01 5.350231756541110606e-01 5.286527531324280993e-01 5.489944890589114612e-01 5.232491783904100746e-01 5.074854761503320155e-01 5.100825670095364694e-01 5.116697066817715855e-01 5.272170564603628762e-01 5.435339127873827225e-01 5.407566619774704098e-01 5.033510277052903881e-01 5.436634118254725090e-01 5.232895787079673289e-01 5.494893041588057025e-01 5.430432289703375215e-01 5.351472079898447198e-01 5.402523990799432685e-01 5.543143361550386672e-01 5.647182559839206695e-01 5.764628077829991870e-01 5.579122274012023874e-01 5.750553802391631386e-01 5.658222932173785358e-01 5.994172164732647357e-01 5.968373786692410254e-01 5.890140573869737661e-01 5.773502573423078266e-01 5.827880486601485499e-01 5.950334477367773545e-01 6.016523380029209500e-01 5.886242350199794027e-01 5.860122593522014700e-01 5.940565921731492116e-01 5.788106649762215783e-01 5.434617460135841016e-01 5.542690433420071061e-01 5.721512608546053258e-01 5.724028373262749492e-01 5.802652197307153203e-01 5.845239673540716385e-01 5.818479832760476977e-01 5.677045813808813124e-01 5.932106277744034761e-01
-4.221631396352895638e-02 3.663309392770779105e-02 1.958313461888618046e-01 3.512228871501006933e-01 1.000000000000000000e+00 2.926968044402493141e-01 4.055611904442619764e-01 4.401563741247011552e-01 4.268140990744211938e-01 3.718052508846852455e-01 4.405913004005515554e-01 4.836341906419153736e-01 4.615631124522987516e-01 3.707521235433697826e-01 4.575204196784923294e-01 4.768076851379457470e-01 3.945927237831035606e-01 2.971852024740724851e-01 3.242259730516397487e-01 3.715172899433117903e-01 3.240244999248274582e-01 3.464300206926906323e-01 3.140441244314161606e-01 2.709677565832946944e-01 3.038426520159420163e-01 4.042914923885546075e-01 4.237756463044034527e-01 4.115224277748879000e-01 3.720877711544826605e-01 3.907941967421464935e-01 4.451955899899239788e-01 4.089320604896445333e-01 3.776064326861023335e-01 3.844818587263157394e-01 3.976884097112404204e-01 4.219168081634273038e-01 4.252511422535151242e-01 4.347022697781707246e-01 4.460464155886451065e-01 4.207126393984572665e-01 4.540846579452942899e-01 4.596039195763093055e-01 4.741823913354137332e-01 4.662948714679666096e-01 4.529839973244002560e-01 4.474777853606484723e-01 4.822991844479630474e-01 4.648105332309815929e-01 4.641018465618630962e-01 4.480952371373063681e-01 4.577546875129505088e-01 4.592386687016292157e-01 4.838372103500321875e-01 4.452400438293289131e-01 4.359182108854514626e-01 4.247289619569400987e-01 4.450888951024520868e-01 4.724142141725657384e-01 4.494217079654103109e-01 4.841402817605170994e-01 4.793159778371924862e-01 4.655122889682606346e-01 4.593133688767324641e-01 4.781463516633746025e-01 4.716032301429274320e-01 4.724697778912551049e-01 4.706500303440985800e-01 4.385159362924842541e-01 4.397635628252125062e-01 4.772079912808466218e-01 4.390502707111256786e-01 4.459686829675103548e-01 4.218929596121818171e-01 4.292488210241696134e-01 4.580741753905578362e-01 4.635299049998651277e-01 4.535355929552478127e-01 4.432238098743368493e-01 4.464410188397179291e-01 4.593882670928489675e-01 4.550962881486159128e-01 4.730160581054077551e-01 4.440581431527763634e-01 4.483733326763822968e-01 4.530375784172165354e-01 4.456956557299268651e-01 4.631407789631576954e-01 4.665961770692691468e-01 4.653874896062168975e-01 4.561159753962451546e-01 4.572226603036562143e-01 4.741037668642484881e-01 4.733632266165442304e-01 4.711911143965727411e-01 4.792121082149607969e-01 4.772401680457498130e-01 4.708828659637749325e-01 4.685285285137074651e-01 4.805546278317607278e-01 4.764314720154187999e-01 4.831611397279657050e-01 4.824857768986275941e-01 4.903518619401001088e-01 4.863505639793193058e-01 4.765217691442500403e-01 4.701619152044282379e-01 4.721755326242562112e-01 4.672912357502285730e-01 4.665007694516128955e-01 4.804879193531713666e-01 4.736066980910432211e-01 4.875957975709597769e-01 4.832572268021927409e-01 4.836585682294208821e-01 4.748421451538230587e-01 4.824651576412127829e-01
-1.877047873124105398e-02 7.344009510417622011e-02 2.204561740519035973e-01 3.624070791672424630e-01 2.926968044402493141e-01 1.000000000000000000e+00 5.389481806333334957e-01 4.967807214733324095e-01 5.217047857008512146e-01 4.571385733159582521e-01 5.490045992258675289e-01 5.615282639264632669e-01 4.919015705735149679e-01 4.839389804697907804e-01 5.909242678883019906e-01 5.831835644010894271e-01 5.411297483521354534e-01 4.845931436447170615e-01 5.306993609865249262e-01 4.139022718002191570e-01 4.939716583025424157e-01 5.377754349404929579e-01 4.909958267469004545e-01 4.883169977248755234e-01 5.140494965771364999e-01 5.479776277686377872e-01 5.799974358893440485e-01 5.544891266795197726e-01 5.377887071468365754e-01 5.385469430702255478e-01 5.705475232371826078e-01 5.790095488043218719e-01 5.146967704317176873e-01 5.684160502630559719e-01 5.372081990935890783e-01 5.731065630935801014e-01 5.767687271699175611e-01 5.835860131249888116e-01 5.867064221349920228e-01 5.726002900914491933e-01 5.990724031170943098e-01 5.920560921565558576e-01 5.884938475893378707e-01 6.027743287664826255e-01 5.967340695071661205e-01 5.956606548875813534e-01 5.991923862560470937e-01 5.965138828623464118e-01 5.932932639423129650e-01 5.855093675029169331e-01 5.951394871078974358e-01 5.659450751896580867e-01 5.891213434394770854e-01 5.934711223534725466e-01 5.914264404396463171e-01 5.832097465080942067e-01 5.838344914299435917e-01 5.932063206145885559e-01 5.948995319827384831e-01 6.005768125872554819e-01 5.947507579393598309e-01 5.921215221437592380e-01 5.937546082830402749e-01 5.933809450919002026e-01 5.922641283789117361e-01 5.907397829838699765e-01 6.018783209671055845e-01 5.948124341832246031e-01 5.951981511514438106e-01 5.935592850218834871e-01 6.004681631928217023e-01 6.001764180727718889e-01 5.870184985404915956e-01 5.945859641743381774e-01 5.987459178252773073e-01 6.013190044324713268e-01 5.971326833513364019e-01 5.879628889714402229e-01 5.935320448938654625e-01 5.870761300238543923e-01 5.897809530323701033e-01 5.970106373789680898e-01 6.000039896113001925e-01 5.861157277881159366e-01 5.990391685896784280e-01 5.974540684704195970e-01 5.971109620143451036e-01 6.016006289255643180e-01 6.006890700996941890e-01 5.939790822905490764e-01 6.011211241622587131e-01 6.066505738421327232e-01 6.066827604684946751e-01 6.053016152540909856e-01 6.040181085734424027e-01 6.034160780282318282e-01 5.925174277115041743e-01 5.920671832102430976e-01 6.048157330383506780e-01 6.046409871013102011e-01 5.988459110577838418e-01 6.009398927533963208e-01 5.982147049344606060e-01 6.055990106822534136e-01 6.005528768338095347e-01 5.922445243476376353e-01 6.027712618850378234e-01 5.964625114598701705e-01 6.020722614771581993e-01 6.037579124868058811e-01 5.997571450183030173e-01 6.017673364963329607e-01 6.013983173397572379e-01 5.997448144902459699e-01 5.994102052600022157e-01 5.974216908741581955e-01
3.382449916243489979e-02 1.799883339712061991e-01 3.472911182114660766e-01 4.597432834325601014e-01 4.055611904442619764e-01 5.389481806333334957e-01 1.000000000000000000e+00 7.036676824371915773e-01 7.311981912983956944e-01 6.807412294519001872e-01 7.650227329302222712e-01 7.379365601959509968e-01 6.719704045638308365e-01 6.652234942567024634e-01 8.427007055626845045e-01 7.861188150457124602e-01 7.403676792045177368e-01 7.051048357933065169e-01 7.518842928289668492e-01 5.141847110802221232e-01 6.927920857273200950e-01 7.770239715180213835e-01 7.406633592792334353e-01 7.081006917401365675e-01 7.510564261696731636e-01 8.041888477150485048e-01 8.145438957153617876e-01 8.236696507223935093e-01 7.903685097898306422e-01 7.834276321253913489e-01 8.222117593217630471e-01 8.085821252081427657e-01 7.536492498070717083e-01 7.972841444584198856e-01 7.685355834203826397e-01 7.962108570579082834e-01 8.022778347015417921e-01 8.251824299119925321e-01 8.264071085095351377e-01 8.120556624494692510e-01 8.280409172443153887e-01 8.383885555181066485e-01 7.981399877845331003e-01 8.354522355704868675e-01 8.323322196110389815e-01 8.368425654047454421e-01 8.136072968920315951e-01 8.214863011917994395e-01 8.061039648983538974e-01 7.818069615615440560e-01 8.042248287592562717e-01 7.580716424201981996e-01 7.878147566756082965e-01 8.216087025290682577e-01 8.194571493680848917e-01 8.250218580286544645e-01 7.886002078315151875e-01 8.193896804527129873e-01 8.080305822733100385e-01 8.111900831788049215e-01 7.992565557078028515e-01 8.046939722524609762e-01 7.937608215528886291e-01 8.024219512334629378e-01 7.995235306794689079e-01 8.024093252162111112e-01 8.237441027566396734e-01 8.323217188671128142e-01 8.331802862755645078e-01 7.975431677593237678e-01 8.325424309031996817e-01 8.347796978372051813e-01 8.217705090576338245e-01 8.311528672471762968e-01 8.372735870096883470e-01 8.357846279744250984e-01 8.454993915531537896e-01 8.272830322027245886e-01 8.382408590816652350e-01 8.237669572319613609e-01 8.297015041119555345e-01 8.301318653988238871e-01 8.394878760913427884e-01 8.244919032511199841e-01 8.327352401916426894e-01 8.351475977762008451e-01 8.305744334420966934e-01 8.429026044702301323e-01 8.379119871594268298e-01 8.392442630375717139e-01 8.425005460165767568e-01 8.397544001813495029e-01 8.331659114021611190e-01 8.419755607223416982e-01 8.246804620854175649e-01 8.281758579479706617e-01 8.201995988699869455e-01 8.052355206558050593e-01 8.205514334095336260e-01 8.287355721522772223e-01 8.272496647860498875e-01 8.202578352308671494e-01 8.138052680233228697e-01 8.284633642420705657e-01 8.223997954101971430e-01 8.170840057856381122e-01 8.243227146456506560e-01 8.266221226644548947e-01 8.354539961626438194e-01 8.293552147710308020e-01 8.281038754261947910e-01 8.198047897253368799e-01 8.219971785710271650e-01 8.211130350603469408e-01 8.204558510680979300e-01 8.165258657510852114e-01
-3.118110464270729826e-03 6.178991968247437433e-02 3.579488138759440163e-01 5.616867977461902361e-01 4.401563741247011552e-01 4.967807214733324095e-01 7.036676824371915773e-01 1.000000000000000000e+00 7.153882242463716068e-01 6.199109367507944501e-01 7.406971908118246128e-01 7.765235713340506996e-01 7.110963616274368349e-01 6.411377563305551419e-01 7.874967455283644613e-01 8.027147025132621572e-01 7.042339280186785677e-01 6.198386201294341369e-01 6.681830308108833716e-01 5.974537948018641131e-01 6.833305908167449649e-01 7.173938172294178628e-01 6.058539664807991443e-01 6.086589588848533294e-01 6.422684595534743357e-01 7.206600436539706278e-01 7.633698751093624946e-01 7.164339345177179741e-01 6.892752813065688988e-01 6.969603462595683752e-01 7.551481048622931125e-01 7.508374358068361509e-01 6.688538651091950893e-01 7.305632713491391206e-01 6.926006907759495457e-01 7.600694475567457697e-01 7.487352718395028361e-01 7.696353774528844616e-01 7.693325260716038505e-01 7.487152447652413167e-01 7.848311780725243381e-01 7.965043413665240379e-01 7.985239480145716051e-01 8.115553773402999216e-01 7.930952578867181968e-01 7.827253895479191481e-01 8.055350164378848321e-01 7.947773770909755120e-01 7.982535603919529432e-01 7.963294135279166408e-01 8.014267548736432323e-01 7.706543311205678037e-01 7.988121622188751880e-01 7.830406561628207029e-01 7.836386266255465083e-01 7.651468139824396664e-01 7.900105227001932295e-01 8.008162619352295897e-01 7.930195439297791360e-01 8.012978353288444655e-01 8.044415591665290410e-01 7.969338879239757922e-01 7.976648723992352252e-01 8.061216460196587441e-01 7.885132120062687822e-01 7.994885447595035943e-01 7.940312695807806298e-01 7.813806099200673039e-01 7.789937790046255195e-01 8.041781066255990762e-01 7.993782546576364556e-01 7.900911378295331078e-01 7.684841708489814627e-01 7.801938193303712410e-01 7.916614194357819434e-01 7.969167616046127778e-01 7.811723502443563838e-01 7.692600474168534985e-01 7.743930758995810626e-01 7.785683617762702013e-01 7.809960964286312146e-01 7.943383800850654097e-01 7.893377345019044755e-01 7.696823022768892741e-01 7.964730469830368920e-01 7.863963405188262312e-01 7.947096441253148624e-01 7.999675458050728993e-01 7.924869695175302819e-01 7.921075805898235567e-01 7.917903139381452515e-01 8.058592240051041244e-01 8.079779740700172574e-01 8.020834124631738282e-01 8.081137678469804131e-01 8.024352748111830413e-01 8.160939056293011751e-01 8.079155995889079067e-01 8.140101961058872071e-01 8.155531581593598034e-01 8.119006070497299943e-01 8.171812737133650195e-01 8.090885342472547981e-01 8.181811861055291457e-01 8.081318356440566619e-01 8.077390107995044977e-01 8.084353998626809812e-01 7.936595972056665893e-01 8.016116464196354485e-01 8.094069362835859538e-01 8.062326072444921943e-01 8.070648482471391993e-01 8.112307624875315648e-01 8.110976185457443588e-01 7.985507602445353070e-01 8.065151938050838520e-01
1.354976460144790007e-01 1.568287984525167655e-01 3.517190657349454352e-01 5.066491588715729133e-01 4.268140990744211938e-01 5.217047857008512146e-01 7.311981912983956944e-01 7.153882242463716068e-01 1.000000000000000000e+00 7.326020633429879414e-01 7.984689594821338110e-01 8.098264266350542195e-01 7.350394789986264277e-01 6.923330048336777676e-01 8.461352964569412993e-01 8.312093440345937889e-01 7.925760101780180422e-01 6.778235210098402241e-01 7.473129706219302504e-01 5.752990512677581547e-01 6.860446316051279636e-01 7.716364484034559101e-01 7.108892245446402081e-01 6.776845534129045667e-01 7.205601077098250373e-01 8.181183211817221190e-01 8.340957394111995216e-01 8.047265384421106171e-01 7.886275790077637016e-01 8.014164908560115208e-01 8.488130235622338704e-01 8.309072917873638886e-01 7.542470697839435134e-01 8.031517961736382993e-01 7.925531688087044113e-01 8.042386925159623612e-01 8.277656198540149779e-01 8.377002046920550837e-01 8.506414031732674186e-01 7.841251679325703661e-01 8.546584050727731308e-01 8.506701718741936924e-01 8.334336963625501582e-01 8.663542491575433324e-01 8.446295565342776257e-01 8.532382239277449543e-01 8.771685616839133282e-01 8.847950682859675453e-01 8.708848048839026301e-01 8.311830685359307136e-01 8.559437868049305509e-01 8.280186199074681674e-01 8.609680505235914882e-01 8.760328050030317115e-01 8.630947443175400746e-01 8.571209246854955000e-01 8.570044273809149793e-01 8.716385669831162586e-01 8.604688715111480368e-01 8.837409778765966673e-01 8.680187116410411630e-01 8.725662086323191513e-01 8.633186987967045312e-01 8.759055603335820228e-01 8.735140932346547871e-01 8.730272164961896397e-01 8.789051665026108573e-01 8.654107164903900307e-01 8.623180148984589399e-01 8.564984910544949370e-01 8.609826113589751362e-01 8.709248246199062793e-01 8.483235134873715610e-01 8.555662049899201982e-01 8.730803832415263699e-01 8.733450973437145715e-01 8.589115455382525521e-01 8.583787553104296197e-01 8.624844892487033565e-01 8.729926540648925704e-01 8.709877325971824291e-01 8.775705569823958330e-01 8.633262082714364682e-01 8.631520331351564268e-01 8.576135653963143923e-01 8.642035802287229007e-01 8.648468171961546380e-01 8.643013503373705442e-01 8.704931036713564607e-01 8.699149615352800291e-01 8.514704539971339470e-01 8.702972927999254038e-01 8.689317851538636006e-01 8.709696647688033311e-01 8.770707747162247436e-01 8.799782654064998155e-01 8.425545934901653711e-01 8.585295674811805888e-01 8.675367189712980265e-01 8.692900311558097171e-01 8.566307366431246129e-01 8.681270806957382957e-01 8.708245164459699206e-01 8.752442722382257623e-01 8.708788415919218595e-01 8.644526329361499339e-01 8.745987550811509248e-01 8.785820950833803655e-01 8.754343906912278594e-01 8.798926576173927705e-01 8.695781327354320522e-01 8.805665875699892897e-01 8.747207930925483543e-01 8.763301040978888068e-01 8.775023282782288270e-01 8.770423373967523029e-01
6.676602955128461969e-02 2.238597045639956762e-01 3.043088579526153081e-01 3.627631988769386973e-01 3.718052508846852455e-01 4.571385733159582521e-01 6.807412294519001872e-01 6.199109367507944501e-01 7.326020633429879414e-01 1.000000000000000000e+00 7.200540393491891011e-01 7.065688128487411790e-01 6.569502172968074705e-01 6.413743730818847189e-01 7.810954853765146311e-01 7.428083781546489517e-01 7.216701102412068636e-01 6.389975132484054798e-01 7.099182625214741638e-01 4.449039244429592310e-01 5.778133496584674234e-01 6.981375419531213877e-01 6.904230230850725292e-01 6.255193587428371504e-01 6.763845553816164591e-01 7.896437212636946423e-01 7.689860951018296920e-01 7.721044610185842094e-01 7.628886764432180057e-01 7.745677279368374801e-01 7.939042218163088194e-01 7.772736156311524924e-01 7.371800508749581926e-01 7.575881060144595835e-01 7.675861567302910693e-01 7.405049023592993329e-01 7.657730886077849242e-01 7.955713056651506632e-01 8.033765410213810076e-01 7.373637159224808446e-01 7.865317369004466430e-01 7.873412978795311101e-01 7.482890603236734828e-01 7.890376868179442837e-01 7.760898722046610798e-01 7.983711367023784700e-01 8.003585569966059632e-01 8.055444088057279739e-01 7.844104446176068945e-01 7.514573549182389511e-01 7.858927641195098124e-01 7.369004778086273300e-01 7.712066247915869699e-01 8.035468566240571153e-01 7.943853162115350752e-01 8.048650959077725542e-01 7.619599714125050438e-01 7.996617563654623284e-01 7.883946908806541698e-01 7.906399593310745599e-01 7.804881327482185993e-01 7.923610761001054215e-01 7.784462413112328560e-01 7.856221144935564560e-01 7.822129960896575529e-01 7.809925745435841726e-01 8.060263092516868344e-01 8.015821501365378854e-01 8.019528720690710655e-01 7.534140516058940307e-01 7.752772461681148863e-01 8.024482056002276709e-01 7.773562863175521587e-01 7.851814579764337942e-01 8.136175629042968760e-01 8.056216115766218211e-01 8.059584912991294425e-01 8.078234373185881889e-01 8.079140960450090780e-01 8.147705881195276278e-01 8.115144289654115939e-01 8.109475116789064408e-01 7.979045684359795665e-01 8.112841990354010546e-01 7.943275567827695616e-01 8.022591541269292748e-01 7.971659719228452179e-01 8.053005347870936248e-01 8.089209637923995277e-01 8.062331293262917642e-01 7.906328003421274619e-01 8.003852980281449536e-01 7.946559910685569994e-01 8.027085077176235872e-01 8.001769557706172042e-01 8.038838277288387069e-01 7.656118650060644848e-01 7.721490878147660997e-01 7.907138113225320453e-01 7.937307823827729480e-01 7.812613199111234641e-01 7.864357237482150209e-01 7.851807175178009413e-01 7.939421880959613986e-01 7.905190778224286952e-01 7.790277748937175506e-01 7.961543614149225734e-01 8.103506957510707709e-01 8.075874990994503788e-01 8.020139610113943274e-01 7.965547835283357525e-01 7.970359903116565059e-01 7.958354049606891634e-01 7.945520997790284090e-01 7.974951441824871257e-01 7.900875060697289953e-01
1.738157808318759046e-02 1.288601103487050370e-01 3.771433788605114135e-01 5.459197325326855532e-01 4.405913004005515554e-01 5.490045992258675289e-01 7.650227329302222712e-01 7.406971908118246128e-01 7.984689594821338110e-01 7.200540393491891011e-01 1.000000000000000000e+00 8.476380923547968127e-01 7.499515318576565059e-01 7.155745411958732705e-01 8.708217941749907265e-01 8.571179047218988600e-01 8.034105355554478356e-01 7.311825351490475189e-01 7.842471587425124957e-01 6.025900271697260946e-01 7.389098703845490279e-01 8.065916003605541063e-01 7.564479764188076771e-01 7.253102120812904285e-01 7.600475347490209810e-01 8.408233737255979001e-01 8.625045085700495662e-01 8.405672784987303636e-01 8.177311826617773560e-01 8.248821658169398496e-01 8.693120823495695815e-01 8.651096001159941373e-01 7.931016040818790191e-01 8.449760993924737562e-01 8.224473271729235702e-01 8.474785829142984506e-01 8.587565208718250798e-01 8.607669958099810614e-01 8.742459597777507696e-01 8.411576290631923580e-01 8.827948374142746690e-01 8.838911725721921853e-01 8.622491077832846740e-01 8.883075785669258817e-01 8.837935585607182842e-01 8.795700873090138705e-01 8.920022290201853332e-01 8.945658275664954973e-01 8.889416862758541260e-01 8.604654631239887497e-01 8.806501029812812131e-01 8.457727846554774498e-01 8.780532097675077807e-01 8.900735611252263979e-01 8.849163791677571167e-01 8.796714810363178705e-01 8.700860202401883292e-01 8.874675462548219373e-01 8.844327470902560995e-01 8.897354401130154189e-01 8.847352270765644899e-01 8.797053224345834366e-01 8.755715606506452309e-01 8.837184181211039657e-01 8.850294273576755355e-01 8.867343136792408265e-01 8.969919678822062536e-01 8.921436586428175275e-01 8.913598555026276404e-01 8.808910969522451007e-01 8.925937699767968470e-01 8.971407408472771294e-01 8.789997403345866100e-01 8.855474733521502273e-01 8.958942462182065691e-01 8.985708133027440203e-01 8.919437240901310071e-01 8.853617194901631793e-01 8.889373143214251982e-01 8.864880652536317740e-01 8.931799444907501107e-01 8.969204111261737111e-01 8.955373824731828192e-01 8.873008005067363202e-01 8.925622441812294250e-01 8.937173292762694565e-01 8.938966949754856284e-01 8.931927164952864207e-01 8.947757670645564154e-01 8.968398846606122632e-01 8.913049315012260276e-01 8.986942972867172363e-01 9.010088160879105024e-01 8.983228744958814405e-01 8.987517946810413827e-01 8.997059636982590591e-01 8.800734427033946039e-01 8.797864844975967769e-01 8.936545809470549662e-01 8.946705573867062000e-01 8.893708392167646304e-01 8.936435322592022334e-01 8.936891710263287214e-01 8.981346124312281631e-01 8.969104147042445963e-01 8.877069611031964680e-01 8.963418910280025464e-01 8.968057908310719251e-01 9.001404177885888869e-01 8.982680972831106336e-01 8.939226872286121228e-01 8.972954644696423676e-01 8.936699462845127950e-01 8.947528999063720789e-01 8.970818560396407459e-01 8.950878958106988081e-01
-2.359170288258283232e-02 4.467894922752602138e-02 3.907391119028680304e-01 6.472382505602074509e-01 4.836341906419153736e-01 5.615282639264632669e-01 7.379365601959509968e-01 7.765235713340506996e-01 8.098264266350542195e-01 7.065688128487411790e-01 8.476380923547968127e-01 1.000000000000000000e+00 7.889306117528677165e-01 7.264359818237881017e-01 8.833112314196285286e-01 8.888715972187420933e-01 7.933413877064449116e-01 6.614302155326680088e-01 7.182150270046662177e-01 6.702355281207075244e-01 7.124414628344354350e-01 7.610717441636263292e-01 6.698612016433315164e-01 6.398472993472533732e-01 6.858721833741495688e-01 7.990610304467373748e-01 8.538753089251618356e-01 8.103641820194742440e-01 7.595539905535674263e-01 7.712558615755145119e-01 8.548434119172039214e-01 8.293695084385412919e-01 7.548337413317586231e-01 8.076372583300202024e-01 7.917817669415957438e-01 8.478445851505571618e-01 8.535543748220382199e-01 8.551536017139629298e-01 8.705205622074542182e-01 8.432625512900645548e-01 8.885980308343548462e-01 8.929124325686734753e-01 8.995743998181806589e-01 9.065067324485950317e-01 8.917225163235749097e-01 8.799237505682195870e-01 9.199753370453098711e-01 9.101203789860777826e-01 9.141885549153497825e-01 8.874315609918891345e-01 9.006778065513250109e-01 8.848369729703670084e-01 9.187962582408554235e-01 8.924591874644487444e-01 8.865442496565056896e-01 8.602808271289905662e-01 8.993508326130775776e-01 9.021460618639949303e-01 9.040680738790243254e-01 9.177704696103340387e-01 9.228616091554934231e-01 9.046690000556183442e-01 9.092585714518043316e-01 9.167007388014563052e-01 9.055141370964265857e-01 9.132616992184701132e-01 9.080519631386578805e-01 8.774914805326411438e-01 8.697246158663367588e-01 9.147590255590480890e-01 8.876614161952720572e-01 8.865250288743854457e-01 8.554137308057434552e-01 8.691093172453392413e-01 8.894082016616138286e-01 9.033537338826821417e-01 8.830931650605883254e-01 8.704685156375079336e-01 8.718123927096681491e-01 8.801995706409260212e-01 8.888374724119084691e-01 9.048717187559019992e-01 8.857435040875804022e-01 8.753652924696643245e-01 8.873164970087564773e-01 8.819570626168999894e-01 9.035720983540082019e-01 8.975043060485723423e-01 8.984033820516171831e-01 8.905224799497509780e-01 8.958770166843024185e-01 9.115853704936771607e-01 9.158995524224275986e-01 9.089204230697560671e-01 9.199596887856535954e-01 9.163415435222621586e-01 9.000523234382136195e-01 9.060983486769802475e-01 9.174686167379955126e-01 9.122617911298686044e-01 9.124268220832332243e-01 9.196735780552640627e-01 9.258793411411793128e-01 9.250477666615037897e-01 9.170039541244275894e-01 9.090335354365522980e-01 9.141951672038717280e-01 9.056100959712919396e-01 9.038854518801408000e-01 9.162600265497606866e-01 9.128543635331340944e-01 9.220364178428371860e-01 9.191677911917149890e-01 9.189191407892003394e-01 9.142482684945035798e-01 9.213411365252907048e-01
2.863771155045997246e-02 8.177346311975354498e-02 3.438071568432783942e-01 5.373663334974602135e-01 4.615631124522987516e-01 4.919015705735149679e-01 6.719704045638308365e-01 7.110963616274368349e-01 7.350394789986264277e-01 6.569502172968074705e-01 7.499515318576565059e-01 7.889306117528677165e-01 1.000000000000000000e+00 6.566292688449405501e-01 7.963847682118307958e-01 7.986467888676491711e-01 7.176300504469123043e-01 6.004364157580166506e-01 6.666591067282030547e-01 5.916246378481690993e-01 6.359246578411216211e-01 6.857291910473480856e-01 6.268743317869134302e-01 5.927769703121271716e-01 6.253168901561747539e-01 7.349994154167062144e-01 7.615130951071452658e-01 7.312881705965477153e-01 6.967224768064436136e-01 7.077523462788144482e-01 7.711647562924890398e-01 7.603257864363434093e-01 6.832289727861230455e-01 7.337227760962793388e-01 7.204354243774533373e-01 7.509581984391104914e-01 7.544683596525525449e-01 7.705932837588470585e-01 7.849573478682291272e-01 7.377446327262650039e-01 7.974943780111906078e-01 7.976012860112366987e-01 8.016973763274839460e-01 8.122442068644394331e-01 7.949318813123001926e-01 7.910649364031363540e-01 8.265593079238356955e-01 8.209744832387909641e-01 8.097136985568393897e-01 7.832036880376729293e-01 7.987536463664370867e-01 7.869476271793164335e-01 8.215720584615753275e-01 8.066771418303950725e-01 7.928324145974515735e-01 7.783895491100032427e-01 7.942447018785144808e-01 8.149425332499276031e-01 7.991783792035159761e-01 8.317708091050497465e-01 8.230751729660598093e-01 8.130855138699831786e-01 8.025271654634023033e-01 8.233487786148536713e-01 8.189775755101508237e-01 8.183488675242740484e-01 8.210300773350875936e-01 7.953912282397670452e-01 7.966668699878365345e-01 8.216418711636195304e-01 7.991674823674670414e-01 8.025579440589717395e-01 7.804414604400703448e-01 7.875047823293962468e-01 8.060618954206608677e-01 8.156290776317727254e-01 7.972446515962160474e-01 7.917489846198476622e-01 7.948615135663389397e-01 8.048174115293605935e-01 8.056579808803346898e-01 8.183049929014386548e-01 7.998765532722895699e-01 7.968698145372806740e-01 8.048333925168774661e-01 8.026452149849655493e-01 8.099445886912894910e-01 8.092868684449000538e-01 8.127695847234589488e-01 8.029277413188646850e-01 8.009827399182635199e-01 8.205204625782051009e-01 8.224424935016076965e-01 8.174121556455902216e-01 8.289406681855009396e-01 8.273030487207098105e-01 8.106753588485052786e-01 8.161460952400489965e-01 8.239077780579954213e-01 8.217836079389455595e-01 8.237533151715963342e-01 8.253955251313543906e-01 8.324501885317939776e-01 8.321188626627036289e-01 8.269078157583981126e-01 8.168122323307399624e-01 8.219600393362850310e-01 8.187061816741665332e-01 8.174425829205073102e-01 8.269653135987867776e-01 8.195871545733429686e-01 8.336541276425937230e-01 8.277417507991443602e-01 8.312366824604802140e-01 8.244288573029524558e-01 8.295283061522710222e-01
