1.000000000000000000e+00 8.827844808166698809e-02 2.192820936626502237e-01 1.597713513967100318e-01 9.072020528122906602e-03 9.472718662351627128e-02 7.645431710027104921e-02 6.193701689272479438e-02 1.556575804329016766e-01 3.654802008348396331e-02 9.689720718411239109e-02 7.175182010913862263e-02 -7.407199630269315632e-03 4.040788385496562468e-02 3.409708555710622840e-02 4.607703182433287026e-02 1.496036744357724657e-01 2.440517887816503473e-01 2.143141364174135921e-01 1.296335074696167988e-01 1.820681759835966751e-01 2.249847194883891344e-01 1.554804495138066567e-01 1.836538207874350570e-01 2.042162485473316136e-01 2.195444703026958044e-01 1.966323038030105830e-01 1.788075653089626904e-01 2.007392332313027439e-01 2.254230191368733482e-01 1.664140249418573081e-01 8.795786815926874558e-02 1.538270144429863262e-01 1.165165846491751228e-01 1.695896311458396644e-01 1.158850229983309499e-01 1.471026907444397680e-01 9.648889455774933843e-02 9.310496038931186102e-02 5.297532470247584557e-02 9.622501636210578635e-02 7.002951404675139546e-02 7.326053036134268226e-02 8.414743173960942402e-02 1.138790795595757965e-01 8.608700302192093257e-02 1.920534845305663790e-02 3.313269258176762544e-02 2.732913809576609579e-02 7.137434095991963823e-02 4.736670798895780549e-02 7.823229546758363184e-02 7.060556056738728770e-02 6.076709953622549260e-02 6.078874171200214505e-02 5.827318426657168704e-02 5.583698607886049964e-02 4.863391577398709642e-02 3.673335071200477253e-02 4.001174826568411336e-02 3.916970100938960836e-02 5.152821422335847334e-02 5.349395803338168748e-02 6.148188958601156356e-02 7.742447756611475773e-02 7.456420808186657589e-02 3.965091290374094662e-02 7.936128562767341688e-02 5.179247013911535136e-02 7.272005604025494341e-02 9.815131776280354436e-02 8.602592910326006814e-02 8.073245842418290408e-02 8.921465609435413890e-02 1.035514801570010524e-01 9.119303295711196633e-02 8.286379282873602981e-02 9.763400182532917804e-02 9.061732889125875823e-02 1.041854344941965521e-01 9.157138007382635558e-02 6.437515231926720094e-02 5.862920532381701855e-02 8.489242366000450402e-02 4.900448500111568434e-02 4.149050387842239535e-02 5.795437009487966473e-02 3.600518484186616963e-02 3.449828572312292618e-02 5.813166627272103176e-02 4.493868409323430874e-02 3.400604853511438735e-02 5.647137918108844495e-02 4.607824972488971937e-02 1.200747653175320007e-02 1.870094066958353715e-02 2.546668593191145358e-02 3.222020454212611018e-02 1.865588985340681585e-02 2.301565503296227125e-02 2.498950645289416475e-02 2.915946032512768335e-02 2.469530672935829965e-02 3.210536862786421419e-02 4.477121627447568780e-02 4.509327809589448038e-02 2.215484319624017040e-02 2.916575655052971311e-02 4.675247733998405542e-02 1.933115202492758852e-02 2.540923021529371481e-02 2.392038130061866982e-02 2.780942643091612390e-02 3.233716019990483942e-02 5.705899252194399085e-02 4.525359384995094464e-02
8.827844808166698809e-02 1.000000000000000000e+00 6.826617982114809025e-02 6.279996831821287040e-02 7.677485773928621748e-02 5.812089668121359770e-02 9.581467099287621636e-02 1.144631845890612259e-01 1.313764952072862258e-01 2.066578938863719295e-01 9.818778288326729387e-02 1.067901662658507222e-01 9.680884080596889596e-02 9.518305613457928027e-02 1.298676623843999511e-01 1.273859674890228666e-01 1.146933545026840029e-01 1.030548574733878703e-01 9.188221658480917597e-02 9.409257017646091570e-02 7.080346133570691869e-02 8.517001307675291233e-02 1.252351441092970086e-01 9.793512488346282907e-02 9.403978975243061644e-02 1.399312256923646858e-01 1.408753766525163154e-01 1.420355935013267179e-01 1.340330970341824801e-01 1.176650166879828208e-01 1.479408489564246199e-01 1.446362822983849050e-01 1.218133273241573666e-01 1.165619481855832140e-01 1.155883739459592496e-01 1.316596885016279861e-01 1.407502797469697975e-01 1.438595996507762154e-01 1.439917955867741628e-01 1.220827313491232996e-01 1.436432249096944724e-01 1.484334648748543706e-01 1.388077439172505922e-01 1.339097346048383763e-01 1.416608720345651218e-01 1.393734352791428932e-01 1.291128437534206919e-01 1.454811125197091604e-01 1.301570878161751044e-01 1.159792669376050883e-01 1.234802593818767752e-01 1.133518672163517649e-01 1.283856850583961484e-01 1.518507857331795052e-01 1.432604957727597328e-01 1.503136181032945218e-01 1.297708870169030915e-01 1.429144178443415292e-01 1.226051778007288262e-01 1.359088504955009158e-01 1.289942384265386766e-01 1.330923196272844333e-01 1.221911526917797280e-01 1.330476935642458391e-01 1.351105235941798821e-01 1.384712429252039356e-01 1.371343630706667871e-01 1.390590066314962570e-01 1.421014972987033331e-01 1.317281712155229656e-01 1.205716507088592931e-01 1.305237132544159184e-01 1.315510896563988064e-01 1.327044189940338736e-01 1.485150557844943375e-01 1.378767907319711494e-01 1.432088234554069472e-01 1.422076343701745016e-01 1.370950223083940156e-01 1.399255328056561998e-01 1.354677904507702313e-01 1.438620548902052321e-01 1.426981791264401445e-01 1.303103684186905364e-01 1.287165827717152988e-01 1.308773961914724560e-01 1.405336078018628865e-01 1.438409571445269930e-01 1.426304370016147904e-01 1.502029665966264083e-01 1.396756160065639185e-01 1.403425283682543656e-01 1.413996027253555110e-01 1.444006141833670265e-01 1.375680859667419986e-01 1.391728240031444852e-01 1.202334247288286556e-01 1.225530817809163953e-01 1.286092315778202821e-01 1.318321541313352552e-01 1.353834377105666287e-01 1.346507390089744793e-01 1.281247802638164623e-01 1.352520735649799521e-01 1.312541215328632271e-01 1.313906496430112258e-01 1.347217190397169140e-01 1.470065176951018959e-01 1.472797856808697459e-01 1.319515331351336640e-01 1.361028787877348600e-01 1.401931367216909530e-01 1.370567509202789691e-01 1.396742897025891605e-01 1.384259264180635052e-01 1.390396248773838606e-01
2.192820936626502237e-01 6.826617982114809025e-02 1.000000000000000000e+00 3.943249713483535923e-01 1.330149165740259487e-01 2.291043386966264972e-01 2.610249126972159495e-01 2.245760014144266847e-01 2.983691709842631323e-01 1.714687294572493637e-01 3.333497797063537660e-01 3.177385952399702784e-01 2.060681247940055749e-01 2.182404132337327773e-01 2.763450459177231311e-01 2.454751407314174905e-01 3.127523259536443279e-01 4.101628667738708156e-01 4.075850689335649979e-01 2.553505029899669765e-01 4.189623833498501981e-01 4.580341309225193225e-01 3.709498000013765062e-01 4.190502381069518001e-01 4.583461738514028605e-01 4.666759443969336618e-01 4.613986520168013028e-01 4.273266971441023743e-01 3.890130178826943785e-01 4.585456538764959844e-01 4.436136655817766172e-01 3.281546901138130412e-01 3.834737956524547631e-01 3.624698913554323942e-01 3.837724041420365606e-01 3.844590321983672454e-01 4.176406981527661655e-01 3.152920536822129138e-01 3.610516974724992112e-01 3.202612618715999226e-01 3.326337943284278231e-01 2.988004763471198699e-01 3.354971374230922843e-01 3.447778551125235125e-01 3.768308638146026790e-01 3.375644564996593822e-01 2.550946955910033398e-01 2.556635795327082405e-01 2.458978741071786989e-01 2.971810864435691646e-01 2.755007396303829625e-01 3.376754476485472889e-01 2.987916534142132652e-01 2.661927290172902971e-01 2.742065879535672823e-01 3.112053840435611285e-01 2.665948356751557946e-01 2.616249492240662611e-01 2.415705457245134469e-01 2.686087486670094004e-01 2.649643483863278748e-01 2.512175005835012298e-01 2.509079721139388375e-01 2.731601446091875274e-01 3.041946193723674696e-01 3.018483502263716867e-01 2.560636057665425791e-01 3.130806690970010520e-01 2.957714444189550873e-01 3.036810331838453725e-01 3.610781429302351020e-01 3.349014780755319443e-01 3.298114736219995291e-01 3.599819052459499180e-01 3.436368181639302688e-01 3.385488840431786772e-01 3.334508277628815409e-01 3.208016810655929252e-01 3.391292957387496143e-01 3.505564152342953155e-01 3.527828653889510946e-01 3.264189056719817295e-01 2.881088397549005364e-01 3.300355094908026810e-01 2.972964005443462510e-01 2.929451798077289948e-01 3.230971948488871592e-01 2.686809264943764708e-01 2.858392291076135572e-01 2.968280237149236722e-01 3.029239300698157167e-01 2.741633336283816336e-01 3.115962230963763013e-01 2.975061042652099585e-01 2.453219194038948336e-01 2.474581153006942813e-01 2.698578537967136204e-01 2.537731180075686321e-01 2.522345692244419846e-01 2.627096536512681380e-01 2.773126579316040341e-01 2.481652666599822032e-01 2.696328268711245535e-01 2.733397253023622242e-01 2.938199012578490144e-01 2.647298126701065901e-01 2.450358758280497540e-01 2.605778104619281832e-01 2.739746013082275389e-01 2.465269299494987354e-01 2.541418844938517774e-01 2.546098236490689226e-01 2.475095135981565664e-01 2.627407168788349900e-01 2.758930662646248977e-01 2.794372397212216419e-01
1.597713513967100318e-01 6.279996831821287040e-02 3.943249713483535923e-01 1.000000000000000000e+00 2.330001632105445364e-01 2.851084307046468092e-01 3.754666626013465347e-01 3.588143231359213758e-01 4.410426183419366430e-01 3.228747394523847625e-01 5.065079035491442117e-01 5.150407270520233061e-01 3.693798957615083145e-01 3.875717066746141581e-01 4.274133815987000706e-01 4.212690932490730789e-01 4.143020355849497127e-01 4.372221949042068290e-01 4.309569934520455226e-01 3.577293702564532940e-01 4.921167595968737318e-01 5.046326379953868235e-01 4.120701712963906749e-01 4.583440299159388109e-01 5.012371197089172670e-01 5.561276394637596487e-01 5.499068354154009741e-01 5.307198423628681772e-01 4.949685944470088583e-01 4.897590897699274359e-01 5.735167963228593457e-01 4.517463831095304139e-01 4.532140556452829427e-01 4.457713614483343467e-01 4.332204573503055656e-01 5.266538786656664861e-01 5.364834491456581533e-01 4.530771652844678421e-01 4.759342631512180621e-01 4.651451874253009766e-01 4.987991211383653312e-01 4.587886063187219254e-01 4.882831652207043072e-01 5.112056923056208513e-01 5.223960842327008969e-01 4.925267774409692323e-01 4.386870210595799069e-01 4.380896356882704179e-01 4.357610120048304170e-01 4.564648467434130885e-01 4.515042858595523234e-01 5.144530686189493496e-01 4.958667126272368053e-01 4.369823419918863472e-01 4.565092554433304861e-01 4.798312594425786504e-01 4.556854999310822052e-01 4.472885482426233739e-01 4.369617431734526547e-01 4.529060565291211371e-01 4.536522011717135650e-01 4.458317286054094275e-01 4.518959178497275464e-01 4.645742002538308379e-01 4.675477324681667213e-01 4.831828323898347821e-01 4.354442690390176174e-01 4.624861922345811505e-01 4.467665488172322674e-01 4.751438248288810673e-01 5.014703566428052595e-01 4.908649856829651603e-01 4.650647187506265490e-01 4.929996483658258821e-01 5.038672299000244159e-01 4.940466160367057991e-01 4.992139707661522041e-01 4.946243872832351562e-01 4.939277430069364816e-01 4.839227634799084798e-01 4.916700061544457268e-01 5.085198410482236753e-01 4.552028200226420629e-01 4.619647187811959377e-01 4.519720716146852224e-01 4.507007080061532500e-01 4.893480479875023659e-01 4.379318366545613128e-01 4.488187219170484132e-01 4.691443617428153190e-01 4.698744896635651536e-01 4.574019435065832528e-01 4.858767533154947915e-01 4.724598175061342498e-01 4.327367300763139690e-01 4.393718418741779375e-01 4.581123041627131465e-01 4.457369010402787435e-01 4.460974046408606730e-01 4.440113533530480328e-01 4.601874045603619456e-01 4.437058104659393765e-01 4.605758272153754329e-01 4.617362740268360355e-01 4.787761740875157712e-01 4.543322521228971289e-01 4.330523283283911340e-01 4.456166723317449563e-01 4.529604744686809292e-01 4.379910878427482057e-01 4.451931404135587855e-01 4.452330907368361457e-01 4.408873895380749364e-01 4.504940315439484588e-01 4.582027427596620517e-01 4.640235989683339501e-01
9.072020528122906602e-03 7.677485773928621748e-02 1.330149165740259487e-01 2.330001632105445364e-01 1.000000000000000000e+00 2.065103905025013897e-01 3.589944157749607179e-01 3.575849114702839837e-01 3.824534172662250042e-01 3.390243943656441883e-01 3.598813330086970130e-01 3.864740081143739348e-01 3.869999336330925410e-01 3.481331378029793311e-01 4.279223960591403420e-01 4.129064783032361241e-01 3.863907148478092912e-01 3.018350594645263785e-01 3.349483329485333782e-01 2.402344815545468526e-01 2.912684398324908441e-01 3.486494593817205390e-01 3.103666392351317471e-01 3.561134219501222997e-01 3.535151236986839862e-01 3.690667847378775734e-01 3.923589656213166132e-01 3.920257591144630238e-01 3.292330603306081183e-01 3.701465518997831272e-01 4.093961620581905159e-01 4.177648785792067998e-01 3.733059178422168944e-01 4.110101405508248540e-01 3.720235840479007017e-01 4.135456603298550693e-01 4.135343483099065964e-01 4.105088600473749683e-01 4.290501113649089482e-01 3.960056212440837831e-01 4.210842986267332999e-01 4.145579988503457214e-01 4.349267721488835337e-01 4.299821182506055051e-01 4.311751053805111811e-01 4.232447246739821090e-01 4.282317877652112581e-01 4.260665492891980155e-01 4.175712182622913771e-01 4.094093564758494175e-01 4.161567684583268312e-01 4.235323495268038529e-01 4.145682630720485262e-01 4.116401341664320257e-01 4.063356825012722773e-01 4.172711664983974056e-01 4.040983220918475949e-01 4.252339004857504379e-01 4.033674677449706758e-01 4.290407313650335674e-01 4.297897501373360019e-01 4.131980215850677429e-01 4.014360251560785131e-01 4.278487105070279961e-01 4.320430757435348990e-01 4.227072502502839946e-01 4.322971407141795175e-01 4.361856030782363947e-01 4.281502941073805357e-01 4.102103409446305471e-01 4.337239335991006084e-01 4.382064641928345439e-01 4.321230539770715695e-01 4.373709514220143757e-01 4.291412747391584737e-01 4.307766301224758010e-01 4.275723899585419097e-01 4.085126245752920271e-01 4.311226248675615325e-01 4.270725847214494331e-01 4.344117883296842453e-01 4.392236462160245547e-01 4.265979535759526486e-01 4.268959535689852980e-01 4.290619810873891882e-01 4.350900451934684998e-01 4.406256328981470460e-01 4.318943110877463409e-01 4.383808403011922872e-01 4.252376512418450938e-01 4.335066669065402167e-01 4.330267275244708003e-01 4.405701767430496019e-01 4.356862160724894184e-01 4.322317350654138468e-01 4.324624267342507822e-01 4.212239039417746134e-01 4.160157136418813351e-01 4.306005892835146343e-01 4.333834433252392038e-01 4.406232486038975105e-01 4.220717504303140855e-01 4.280587182111314504e-01 4.332711305379687849e-01 4.375120635416506198e-01 4.169128250901872890e-01 4.252751193339766034e-01 4.313079907293143611e-01 4.230342693478175708e-01 4.277263886893180600e-01 4.243019568544567077e-01 4.329574619866078389e-01 4.246109407316809303e-01 4.332037497403061765e-01 4.358951175725502836e-01 4.299125031654693618e-01
9.472718662351627128e-02 5.812089668121359770e-02 2.291043386966264972e-01 2.851084307046468092e-01 2.065103905025013897e-01 1.000000000000000000e+00 4.192096007186171813e-01 3.614767809802068022e-01 4.399200279699540528e-01 3.651599033998200738e-01 4.263615033019896861e-01 4.575810810195997114e-01 3.782233264680827656e-01 4.255276925898064944e-01 4.784023641045509478e-01 4.335625878317741488e-01 4.322421528379190026e-01 3.921883145442660590e-01 4.106305978283221747e-01 2.826440000867133095e-01 3.876701373638307135e-01 4.515073036662499706e-01 4.197238388807144616e-01 4.253518598293818398e-01 4.526202474170377132e-01 4.965337934641050888e-01 4.891881580043138666e-01 5.062598165312217624e-01 4.583411161910347364e-01 4.681801123258725328e-01 5.068582739037971185e-01 4.854654059476862238e-01 4.794535947082836924e-01 4.703295656357973642e-01 4.654500810058828653e-01 4.885113233767748309e-01 5.023914700163220060e-01 4.898068197466933782e-01 5.009613901978305917e-01 4.915647371146695810e-01 5.018169101979603752e-01 4.904473262033712810e-01 5.111594006378606947e-01 5.075872544252409968e-01 5.074800686776806957e-01 5.143708735815670785e-01 4.869274603277723434e-01 4.821888359751192454e-01 4.806443097744682036e-01 4.757161649133835324e-01 4.826847888135072373e-01 4.839053621508950243e-01 4.834394682792285125e-01 4.850087637018420939e-01 4.787216760229665580e-01 4.888373198625358129e-01 4.817755592022214262e-01 4.863889888695694386e-01 4.792995759202158257e-01 4.897419397765339633e-01 4.906810620213486462e-01 4.837942908407893428e-01 4.735922898313357776e-01 4.917755099037840472e-01 4.927225834523264458e-01 4.946081363257850416e-01 4.830994591093239476e-01 4.985172412169058265e-01 4.948665398994850362e-01 4.740693402292616709e-01 5.052377611645808564e-01 5.074704010963326795e-01 4.897569081016058257e-01 5.108463710870880803e-01 5.129844558986028646e-01 5.134465444987431626e-01 5.088076998517817584e-01 5.026451913523064530e-01 5.201456975815496042e-01 5.099317799399395446e-01 5.129982278491256320e-01 5.068222803354532902e-01 4.955792987017260676e-01 5.053997560992994353e-01 4.909785110263418795e-01 4.871410961271446238e-01 5.074968128038036541e-01 4.894018033395955425e-01 4.934984600311966840e-01 4.962117277943208227e-01 5.056723676282249835e-01 4.952968083444232450e-01 5.034340984388923079e-01 5.051974376333284722e-01 4.841636672729864310e-01 4.838202191918712369e-01 4.784435605542732839e-01 4.776316019161147564e-01 4.844964849299669418e-01 4.879303941398002720e-01 4.958117825656459532e-01 4.799017026304894795e-01 4.847416926325160969e-01 4.927089802409557184e-01 4.936486793230421832e-01 4.875271695511099734e-01 4.841051179781970526e-01 4.882923663518640711e-01 4.912721937710359810e-01 4.873550620145709611e-01 4.862875991353589056e-01 4.866437490667224752e-01 4.832585202343077091e-01 4.895043755710943301e-01 4.906893186730435508e-01 4.929411563726086576e-01
7.645431710027104921e-02 9.581467099287621636e-02 2.610249126972159495e-01 3.754666626013465347e-01 3.589944157749607179e-01 4.192096007186171813e-01 1.000000000000000000e+00 5.805685435710928877e-01 5.859024990046323156e-01 5.275272885885570195e-01 5.792932249841369341e-01 6.197981370472006590e-01 5.646974396424651044e-01 5.832396294972169715e-01 7.358799238117976760e-01 6.619801863105257977e-01 5.954299148112136564e-01 5.139374124384814557e-01 5.567789835693225386e-01 3.917371461996952964e-01 4.945906866310335048e-01 5.887741142605680267e-01 5.366541500346618809e-01 5.762771099477190795e-01 5.905999302534410411e-01 6.278964595306989471e-01 6.526483554420768884e-01 6.754357885957440466e-01 5.951882735516792478e-01 6.214973875693708960e-01 6.857561587394793712e-01 6.714728979904827089e-01 6.450610293522426320e-01 6.613879337798486135e-01 6.272255440896398193e-01 6.618652952222768837e-01 6.869006233060840350e-01 6.867622203947528758e-01 6.979612775089875099e-01 6.713566614969934676e-01 6.877023411042181289e-01 6.971810068388445414e-01 7.068897203893909076e-01 7.081558612542394604e-01 7.049081261420767630e-01 7.047224884232280440e-01 6.814312518860351497e-01 6.801666855723998983e-01 6.699820055654600592e-01 6.756018137284336422e-01 6.759326110065484450e-01 6.778798374228315327e-01 6.769982246855971164e-01 6.693785061200978603e-01 6.679220516655094420e-01 6.678640339914228008e-01 6.570963377938714434e-01 6.904883166569701913e-01 6.677529157665749171e-01 6.869414455991492696e-01 6.831117824736672173e-01 6.690374047928985268e-01 6.532100728401488698e-01 6.720663653852824160e-01 6.764333626447052161e-01 6.736346957035118654e-01 6.785445140464919644e-01 6.910433380294683792e-01 6.878808768645797711e-01 6.520385522493592489e-01 6.927451287553818560e-01 6.997881805747189210e-01 6.891223744817236430e-01 6.997318308447948443e-01 6.965508456240067092e-01 7.049738198520135724e-01 6.998733518285137345e-01 6.776957741196205642e-01 7.102741073293898921e-01 6.995727150074948497e-01 7.071269423049316716e-01 7.078530122875382746e-01 6.780988004855369455e-01 6.956332735305821302e-01 6.924898183148273656e-01 6.898682490467665795e-01 7.015260683345621029e-01 6.893989354338212472e-01 6.972384685465450316e-01 6.723545037674848457e-01 6.991588190894546528e-01 6.959112528319367774e-01 7.054081876799467299e-01 7.055738982869570464e-01 6.811568732683918048e-01 6.810981601209846747e-01 6.758239316519560891e-01 6.667167501913805472e-01 6.829577140278881853e-01 6.865589720201251689e-01 6.945224000712415524e-01 6.723438575130189498e-01 6.899351407604670250e-01 6.947592854136311891e-01 6.910711900552570786e-01 6.683301130820433755e-01 6.756753431648144792e-01 6.836786464802205865e-01 6.857806626329800981e-01 6.860037774989237169e-01 6.840488868618330720e-01 6.825234430827556986e-01 6.781049075624800970e-01 6.781499652965444769e-01 6.789538629590119445e-01 6.812016513487362257e-01
6.193701689272479438e-02 1.144631845890612259e-01 2.245760014144266847e-01 3.588143231359213758e-01 3.575849114702839837e-01 3.614767809802068022e-01 5.805685435710928877e-01 1.000000000000000000e+00 5.718218935291221605e-01 5.127433845174134142e-01 5.395742335296525027e-01 6.094340463691229060e-01 5.585803867666905287e-01 5.657864953308183731e-01 6.530808694388533509e-01 6.771666130889525403e-01 5.706231812853495011e-01 4.672083765613724848e-01 4.724545437801312420e-01 4.022169476313373626e-01 4.586463736613515807e-01 5.104198684426028976e-01 5.019993283583417121e-01 5.003448519388153937e-01 5.060515297016231484e-01 6.024853312450736409e-01 5.942293179755888666e-01 6.368443556371360392e-01 5.621159782462558097e-01 5.544836517567870438e-01 6.094125253828744926e-01 6.349549658627209325e-01 6.009482286130628514e-01 6.042172995563153126e-01 5.805062446035037516e-01 6.087137098679822333e-01 6.222333785785315596e-01 6.697647608136998443e-01 6.484589591688264543e-01 6.368097790802986768e-01 6.587627801578479492e-01 6.663278276016999513e-01 6.699884368114371602e-01 6.724515126147109223e-01 6.466246364257918211e-01 6.737647320656773298e-01 6.619115931927256335e-01 6.668843949624730927e-01 6.675782981539266636e-01 6.632530253238784201e-01 6.698131424434494718e-01 6.500935424408063046e-01 6.609164126092490488e-01 6.669327649956089399e-01 6.737131516522973929e-01 6.452830885057323496e-01 6.622972410793460663e-01 6.737151082400963942e-01 6.694624119955355779e-01 6.742354699509224281e-01 6.794256511646385999e-01 6.725286987467282707e-01 6.662061516305439746e-01 6.732937842555757335e-01 6.569061125531622247e-01 6.685598957572367329e-01 6.612630423598496732e-01 6.558631474137543993e-01 6.531033091726200501e-01 6.404942135024489502e-01 6.480050129624529420e-01 6.662383850082840286e-01 6.416807879480269650e-01 6.479931911917935494e-01 6.719573483350496090e-01 6.670572081127129627e-01 6.687135325881312653e-01 6.492045845273688442e-01 6.728748209551576043e-01 6.481545936033802358e-01 6.587066401273250493e-01 6.625960263426118324e-01 6.612542981970953582e-01 6.537877392959066114e-01 6.617861528603559140e-01 6.488767906167858257e-01 6.628098815325103033e-01 6.672233507822181720e-01 6.614014511700854193e-01 6.642574570792628696e-01 6.628481664550636143e-01 6.736424757579925204e-01 6.690755238700069052e-01 6.743984716255985168e-01 6.662007809857216634e-01 6.661795886156424151e-01 6.606574686411413877e-01 6.650587306426913869e-01 6.719674875361995037e-01 6.667906903748068714e-01 6.730635294231586130e-01 6.710714866970538539e-01 6.706890376597229864e-01 6.764579859000150464e-01 6.705386253240191996e-01 6.678066771604005414e-01 6.700491896096117950e-01 6.719866188098873039e-01 6.773706984663925290e-01 6.712130880247811904e-01 6.758145274397791002e-01 6.715509283246876571e-01 6.749704009778370040e-01 6.716420957726391139e-01 6.661968981757897534e-01 6.730706317392181059e-01
1.556575804329016766e-01 1.313764952072862258e-01 2.983691709842631323e-01 4.410426183419366430e-01 3.824534172662250042e-01 4.399200279699540528e-01 5.859024990046323156e-01 5.718218935291221605e-01 1.000000000000000000e+00 6.810474413092953982e-01 7.193915538006028232e-01 7.552269597903851217e-01 6.508221498144519668e-01 6.929153241992362933e-01 7.567765455321141532e-01 7.522871835318843958e-01 7.477233731467333167e-01 6.315811940811209002e-01 6.282422169138529577e-01 5.598161967681317686e-01 5.997136906010033242e-01 6.477369190790023268e-01 6.558106117263474699e-01 6.616205586109998871e-01 6.334647867482500194e-01 7.567654150581571981e-01 7.555387831451390035e-01 7.969673507525791845e-01 7.183520578931958944e-01 7.178110049806161186e-01 7.811306406925833112e-01 8.096756220870739984e-01 7.529889174927885120e-01 7.629852063129830553e-01 7.355285346113752398e-01 7.646171979456074519e-01 7.905036451234058736e-01 8.204996077014110600e-01 8.107429481865544574e-01 7.792855917693559675e-01 8.328123712508970211e-01 8.234800536456524656e-01 8.228637336745421305e-01 8.274136981463531271e-01 8.142699591055189146e-01 8.288194378298364695e-01 8.255179875042689686e-01 8.357197030787815173e-01 8.267676960933898478e-01 7.972462342715826988e-01 8.127240217261051392e-01 7.704510684492839045e-01 7.946004442456092720e-01 8.324969038885819961e-01 8.203940249270533780e-01 8.084753537773916587e-01 8.172415905709045081e-01 8.279147357060356871e-01 8.188627161740301696e-01 8.349473197598246133e-01 8.266479503041627153e-01 8.294884759864652457e-01 8.114770439873293384e-01 8.283374123401526790e-01 8.232712024926928107e-01 8.294378556858112983e-01 8.332309862323415972e-01 8.357208040856973774e-01 8.219233735941071650e-01 8.191289888541501973e-01 8.170892683360250208e-01 8.276257643031792455e-01 8.187950877361807045e-01 8.135857250063582846e-01 8.444022534607105168e-01 8.383546435097631866e-01 8.374082596285927771e-01 8.210724779575409027e-01 8.332628752901437563e-01 8.279989650188592787e-01 8.334106399998731929e-01 8.357345564978516661e-01 8.269132697036416513e-01 8.257148409145953494e-01 8.257672881778115315e-01 8.181709534971198794e-01 8.310127955920314502e-01 8.304505998816689161e-01 8.298784596894874799e-01 8.221667817688786961e-01 8.299249720867903912e-01 8.333514173897408339e-01 8.387800397482598758e-01 8.352145237340049544e-01 8.272340331373525535e-01 8.307805779857910800e-01 8.124303511780475162e-01 8.165891693903559734e-01 8.254070295916838829e-01 8.239639888324225003e-01 8.268003572888360519e-01 8.257089003950700556e-01 8.199818346299329042e-01 8.291488888907418975e-01 8.279501488552515331e-01 8.285036468380886365e-01 8.285399926795793402e-01 8.333816825235216275e-01 8.334981196128072867e-01 8.278429091982344445e-01 8.290527322752194728e-01 8.334022676084885672e-01 8.310469393935232540e-01 8.338769021657220781e-01 8.380114434212049268e-01 8.354948069251959542e-01
3.654802008348396331e-02 2.066578938863719295e-01 1.714687294572493637e-01 3.228747394523847625e-01 3.390243943656441883e-01 3.651599033998200738e-01 5.275272885885570195e-01 5.127433845174134142e-01 6.810474413092953982e-01 1.000000000000000000e+00 6.188888619292016724e-01 6.731382982338237619e-01 6.060506104149664397e-01 6.210721614442605842e-01 7.002128048475981803e-01 6.863043881398254165e-01 6.081000945209429354e-01 4.502930409325329730e-01 4.583927811805869612e-01 4.378830054059594246e-01 4.333513857672302017e-01 4.746157960948643728e-01 5.254454339470705504e-01 5.164750163321801812e-01 4.768060895738354676e-01 5.969119379360054989e-01 6.014121927416716806e-01 6.630213568375511457e-01 5.909417287468688995e-01 5.644333083830980202e-01 6.479971196494284102e-01 7.152035525210542755e-01 6.372358733971189571e-01 6.758031164628248710e-01 6.223032416156736302e-01 6.550482753778902323e-01 6.756197729581535638e-01 7.385661388632487334e-01 7.284676503636463574e-01 7.090722370906241689e-01 7.424175680534138566e-01 7.565742099761872952e-01 7.315578338432695560e-01 7.278529340359077837e-01 7.091249293862122993e-01 7.346474729050943564e-01 7.598100425703957495e-01 7.803497000744464840e-01 7.613083246800282922e-01 7.188250579569653853e-01 7.427255019520104806e-01 6.593191153387831793e-01 7.016743176861736098e-01 7.691532878526192718e-01 7.460540236773092193e-01 7.306058390990309848e-01 7.311169460720071678e-01 7.674862504499697646e-01 7.549472774142902409e-01 7.609216702522227926e-01 7.501261320625156603e-01 7.538789789296225230e-01 7.335585157310231530e-01 7.362216866966654338e-01 7.264702094347968986e-01 7.338998597886291497e-01 7.712343472651578269e-01 7.439692239636769289e-01 7.539924780533476811e-01 7.244397503626084367e-01 7.071168560746020626e-01 7.344951751924910788e-01 7.311999156301101088e-01 7.153263297392711273e-01 7.479237608822596473e-01 7.442923774387539826e-01 7.475372497275190042e-01 7.310634692915791710e-01 7.465942667862461857e-01 7.357887397468698687e-01 7.408571846711548003e-01 7.519226659619714370e-01 7.491254511283789164e-01 7.400359254084549754e-01 7.586334066794192532e-01 7.557510418246311534e-01 7.543868327744732705e-01 7.736777541007460179e-01 7.701499824530240179e-01 7.413699119313245101e-01 7.614553957992638011e-01 7.707200224386857590e-01 7.592841254871761647e-01 7.678275812203581019e-01 7.761888016337654683e-01 7.763390142185377929e-01 7.468766551067282933e-01 7.509934238774591542e-01 7.638885206927323868e-01 7.676348305767121127e-01 7.607530512699777203e-01 7.633893140935257282e-01 7.540026333689205940e-01 7.639309790893872298e-01 7.496999494474404502e-01 7.522276091770089268e-01 7.718696569438875388e-01 7.761938843510626240e-01 7.683891130924410673e-01 7.689346453145599058e-01 7.729631945764354750e-01 7.726126669689054038e-01 7.723142897973837018e-01 7.642233345078920381e-01 7.567839296222811374e-01 7.589300156754673621e-01
9.689720718411239109e-02 9.818778288326729387e-02 3.333497797063537660e-01 5.065079035491442117e-01 3.598813330086970130e-01 4.263615033019896861e-01 5.792932249841369341e-01 5.395742335296525027e-01 7.193915538006028232e-01 6.188888619292016724e-01 1.000000000000000000e+00 7.669214927156605688e-01 6.254010258945112977e-01 6.538526019626106356e-01 7.446693045138915723e-01 7.107624034316089023e-01 6.756755616056204783e-01 6.180210158969735579e-01 6.322780967758973025e-01 5.242445522675768244e-01 6.338238307945864847e-01 6.739923550378655870e-01 6.556550438053899699e-01 6.868098174471060080e-01 6.717793664857529823e-01 7.564831986593358870e-01 7.672992157596260077e-01 7.845045200213568437e-01 7.054584472640798021e-01 7.129490418367671056e-01 7.865471128953015478e-01 7.859860976581117820e-01 7.339771885509088767e-01 7.598612551582489827e-01 7.294499817429421773e-01 7.735417495192570270e-01 8.007271593043797653e-01 7.835279366635603537e-01 7.931015278982924688e-01 7.742765049762401208e-01 8.064279846645162619e-01 7.894959609440029835e-01 8.012102307429421755e-01 8.110612454830722351e-01 8.106988102946727226e-01 8.013913584545908630e-01 7.803096080440353743e-01 7.882835723614486367e-01 7.775798155476287832e-01 7.702921078017217482e-01 7.811750302621276454e-01 7.689368010913431029e-01 7.712541673704493839e-01 7.762395296255913957e-01 7.713940660445426367e-01 7.864681979167891246e-01 7.693344085952745770e-01 7.873597938760766857e-01 7.714014943295152138e-01 7.892962952713582503e-01 7.869289694710530636e-01 7.714463447730548484e-01 7.671902296121944076e-01 7.772689767499617597e-01 7.810528316228934065e-01 7.918914720175840305e-01 7.898752601882123026e-01 8.002211848248600434e-01 7.964943447710511881e-01 7.883409783312544938e-01 8.078027234916944632e-01 8.080981496854487967e-01 8.040401983816090059e-01 8.094791905567357837e-01 8.178016309503536307e-01 8.176984662140709403e-01 8.140490438474009549e-01 7.929135029354518194e-01 8.104491292205030506e-01 8.038903334700271408e-01 8.145094381683225526e-01 8.181688023220188288e-01 7.891817645939133152e-01 8.024104076714022593e-01 7.993982729925516173e-01 7.990691389802914157e-01 8.168975596120405802e-01 7.926355695163095350e-01 8.005314620914660839e-01 7.864154086639224550e-01 8.097283871904115138e-01 8.010611347457412545e-01 8.134340344221629993e-01 8.094821210542882950e-01 7.886442892504025304e-01 7.898511478517247220e-01 7.890762313000162509e-01 7.819674063370071204e-01 7.894077369141919709e-01 7.931072462602943851e-01 7.992717635059015668e-01 7.848925363799119648e-01 7.942035105759668312e-01 8.012961248634710154e-01 8.022290133893181796e-01 7.835380741846614816e-01 7.845585412243335499e-01 7.919807794308664217e-01 7.913734620590143765e-01 7.861228901053016749e-01 7.885664337322062512e-01 7.927254190979124981e-01 7.837156939037075443e-01 7.898042095263931861e-01 7.910019757485661218e-01 7.960375048228509609e-01
7.175182010913862263e-02 1.067901662658507222e-01 3.177385952399702784e-01 5.150407270520233061e-01 3.864740081143739348e-01 4.575810810195997114e-01 6.197981370472006590e-01 6.094340463691229060e-01 7.552269597903851217e-01 6.731382982338237619e-01 7.669214927156605688e-01 1.000000000000000000e+00 7.032698901627922883e-01 7.161693480704804937e-01 8.044064474551837485e-01 8.006960839069169333e-01 7.394391501575340309e-01 6.045370464406670807e-01 6.120554014882522154e-01 5.586916150817288207e-01 6.450159996794933015e-01 6.583672883395187414e-01 6.457833293399146690e-01 6.724693815313601553e-01 6.606978024581892095e-01 7.695183208460587565e-01 7.695476872584768868e-01 8.093597864041774947e-01 7.256283832648400267e-01 7.110611685835730444e-01 8.002185322544723700e-01 8.221313775915946032e-01 7.525614013539115854e-01 7.796691630999141864e-01 7.340831015902700152e-01 8.046338847280132267e-01 8.195588626868360871e-01 8.383037774509152218e-01 8.375552387342082294e-01 8.268186832127962793e-01 8.627820606774002643e-01 8.547987132980349179e-01 8.558962781863622693e-01 8.711779519235992586e-01 8.487851408881365023e-01 8.554312418650580341e-01 8.603838872329341303e-01 8.646135409732952359e-01 8.607534211605304408e-01 8.419462296987737515e-01 8.585020259887636840e-01 8.409985415591973990e-01 8.562801213498055786e-01 8.563096674192418600e-01 8.542566000876438137e-01 8.453980747320077871e-01 8.596458475326831383e-01 8.659583508372387106e-01 8.584063706887820056e-01 8.687051220510099148e-01 8.691472341554985492e-01 8.585178216950194452e-01 8.563992529353988692e-01 8.651106436926422338e-01 8.548584702228804177e-01 8.705389144463682172e-01 8.656098511993446376e-01 8.580272997767898202e-01 8.508874001040991342e-01 8.525761759117334027e-01 8.543926193983062412e-01 8.651649270593042562e-01 8.514427814033217468e-01 8.516326640064182385e-01 8.716659947803878650e-01 8.703455728146498593e-01 8.740126848937476156e-01 8.505840516741874913e-01 8.653774171512875757e-01 8.541837736748607579e-01 8.614032213301895391e-01 8.742951751307662667e-01 8.542000007413904639e-01 8.512183303107435650e-01 8.573122999975665293e-01 8.569862284212589332e-01 8.697916050860184933e-01 8.624400287230238327e-01 8.618870841421046869e-01 8.524895878510067027e-01 8.674004546812514871e-01 8.732315669439991712e-01 8.757771769973221598e-01 8.767011583985671042e-01 8.691591960673730188e-01 8.701529652014773353e-01 8.654243490253867854e-01 8.665718362946375208e-01 8.685648415814221091e-01 8.665343919986935317e-01 8.700150737321525884e-01 8.688282564021474474e-01 8.723047049667910224e-01 8.771413784915328415e-01 8.785904752192714717e-01 8.659041191109746460e-01 8.672603091476976944e-01 8.702334663701091211e-01 8.665898139557233204e-01 8.671656256951730812e-01 8.674184399834508064e-01 8.740756243604247411e-01 8.671866029088813876e-01 8.709132803868067096e-01 8.705986881272100852e-01 8.765593521574162050e-01
-7.407199630269315632e-03 9.680884080596889596e-02 2.060681247940055749e-01 3.693798957615083145e-01 3.869999336330925410e-01 3.782233264680827656e-01 5.646974396424651044e-01 5.585803867666905287e-01 6.508221498144519668e-01 6.060506104149664397e-01 6.254010258945112977e-01 7.032698901627922883e-01 1.000000000000000000e+00 6.604937412935487639e-01 7.451994985619889711e-01 7.419566830163377702e-01 6.457865313832943377e-01 4.794298260920294430e-01 5.080537309423523995e-01 4.413239953855305764e-01 5.019796146167797568e-01 5.361902988003272030e-01 5.411924474942024776e-01 5.685628890707820071e-01 5.480930101647190078e-01 6.137940209800549773e-01 6.349474190435330234e-01 6.776081973875713871e-01 5.855806041770899029e-01 5.865118890298818277e-01 6.702442291964573196e-01 7.379376106440779237e-01 6.530042563182032467e-01 6.908216579353806397e-01 6.361102533366059797e-01 7.038947161823498888e-01 7.010608237261877207e-01 7.388857267749867619e-01 7.383613142003871976e-01 7.302343907201445106e-01 7.563371883271271523e-01 7.635261974530467288e-01 7.677835139875696102e-01 7.672949246627442932e-01 7.390104746907307787e-01 7.580151169728484017e-01 7.916342207194165814e-01 7.856845095205176044e-01 7.842902130399582727e-01 7.591105469869794398e-01 7.771127268305837443e-01 7.449142414626791497e-01 7.572562100078650271e-01 7.627202810787632181e-01 7.461807891854881358e-01 7.481594386659443652e-01 7.593887663384533138e-01 7.787481963960752873e-01 7.652930897954992595e-01 7.895620403765966078e-01 7.916354851328036846e-01 7.661492414664559103e-01 7.554077925896121037e-01 7.759448771262106304e-01 7.640334226884897273e-01 7.668239241269709794e-01 7.892528815283782473e-01 7.703580366615467856e-01 7.714953990834035880e-01 7.532950852578661483e-01 7.544963339627087651e-01 7.694449805902459083e-01 7.598351838865694541e-01 7.592363594317330655e-01 7.656320690221511960e-01 7.733838005475626165e-01 7.749850064779995051e-01 7.461655460323110001e-01 7.640524440283613661e-01 7.551532174402320052e-01 7.657855291324238145e-01 7.762466747749922069e-01 7.700976141603173009e-01 7.604096928461300253e-01 7.801523432705382843e-01 7.761820679675739409e-01 7.819708093923173342e-01 7.865782116789075129e-01 7.829508731408832967e-01 7.654018987525246231e-01 7.807238676390991783e-01 7.950315131241845190e-01 7.878132251809603082e-01 7.865427604544116269e-01 7.971772791598967789e-01 7.964394953659023058e-01 7.856038662385341764e-01 7.862485284147725517e-01 7.971674825092074368e-01 7.956096284810302288e-01 7.944637589715669579e-01 7.872488317278230063e-01 7.921431466571492441e-01 7.966644978696100221e-01 7.910045214922567514e-01 7.751753028901584575e-01 7.937783236355369088e-01 7.915645608845837122e-01 7.771566477405962292e-01 7.960867930417305782e-01 7.862558872353434536e-01 7.961504292234250491e-01 7.854339957166230901e-01 7.934565587469250003e-01 7.859918646359342898e-01 7.869654854616560113e-01
