1.000000000000000000e+00 1.871189152730695637e-01 8.719017701204873072e-02 9.984153525658749639e-02 8.199592002326269724e-02 1.125494700897206393e-02 1.807596615965432335e-02 6.057693051624381264e-03 1.334455764320927884e-01 6.343550061847147425e-02 2.306181569331412426e-02 2.908970111984571921e-02 1.735477254716405113e-02 -3.729173054115225705e-02 4.798883987622452885e-03 -7.517142188050360968e-03 1.180728924050149925e-01 9.103017170839181049e-02 4.900101500553948747e-02 8.920884433703839267e-02 4.105732480510049937e-02 5.162984450321580349e-02 1.054605462893314777e-01 7.094633952205688099e-02 7.876463291726702731e-02 5.136957688112612358e-02 5.625860033146500017e-02 2.506915760798135787e-02 2.323545479000540745e-02 3.518354501259266659e-02 1.980325781335910348e-02 6.122917436211017250e-02 3.111129104019091051e-05 4.522012030862561371e-02 5.040684468309673816e-02 4.883656674454574936e-02 1.950252469545881925e-02 -9.499468140813441264e-03 2.087906136734909643e-02 -4.486084857528419012e-02 5.370359158171285861e-03 -1.430890927664400444e-02 -1.190314884564486544e-02 1.372243176245915679e-02 2.335563358539609335e-02 -1.537860285815144824e-04 1.801822836901429466e-03 2.800403967283199985e-02 3.596499621362025945e-02 1.982847462087191162e-02 -3.443552650118656723e-03 4.697968888661211567e-02 3.817688674138310784e-02 4.773979865838835074e-02 2.546053949876099509e-02 -8.766525971373803280e-03 6.590150218914467284e-02 1.024597553536020760e-03 8.751287414488878938e-03 4.282761687113688376e-02 1.803266050240461341e-02 3.440463097299865936e-02 4.190624406323002586e-03 4.999169103371018524e-02 7.923950946251560878e-02 7.409158908084424733e-02 3.304617920968888622e-02 1.846703347540307183e-02 4.577381412351280709e-02 2.510346437296536934e-02 2.026143395173522765e-02 1.949198494546730900e-02 3.702780671110450506e-02 2.486122399342108324e-02 1.611888611732563426e-02 2.261462834227490754e-02 1.682262502209522573e-02 1.950394619148370853e-02 1.368184315386515582e-02 1.924898065890308374e-02 2.795111683994918467e-02 1.139523798415259873e-02 5.083376050375187916e-02 2.379472232876683052e-02 1.854449931720282552e-02 3.359466167473711823e-02 1.585296478938303180e-02 -3.711105823859589189e-03 9.718229943798360748e-03 8.251829526871697768e-03 -5.501794034561540217e-03 -2.514571638521377432e-03 7.562032574846629281e-03 -1.834294871548615164e-03 8.406700621219497307e-03 1.692814428163796209e-02 3.109631573265042061e-03 6.147079693423271318e-02 1.403815983290248107e-02 6.712769142171517989e-03 -1.036357918911192701e-02 1.967140743923548665e-02 1.840299228275740773e-02 8.723934542242593737e-03 3.096674886954945555e-02 5.137813472173625301e-02 4.133595749989631835e-02 1.413884628877705787e-02 1.048050211745251911e-02 1.959205762935802356e-02 1.628958255827966245e-03 2.854601676135421623e-02 1.723803023450321686e-02 3.388266578278668201e-02 4.925555471384426842e-02 4.982632672083613795e-02
1.871189152730695637e-01 1.000000000000000000e+00 8.409845920102751449e-02 1.057177465082667217e-01 8.542193280178936310e-02 9.424276952548972519e-02 1.263943954449593399e-01 1.220066099106677238e-01 1.805784892487387605e-01 2.031163149678383018e-01 1.440681634122334132e-01 1.416477281460232496e-01 1.560499189479473414e-01 1.114689458710018816e-01 1.581638415125884156e-01 1.416436495280454233e-01 1.889549196112106089e-01 1.905019430937797964e-01 1.653156214168321481e-01 1.504400960228979844e-01 1.457542310090491622e-01 1.442944824121558389e-01 2.197453095105929566e-01 1.980892418160267177e-01 1.778041577130322348e-01 1.678958469332949566e-01 1.556532551837312706e-01 1.385176717193700446e-01 1.620782519934246546e-01 1.611103025660757249e-01 1.549313326302260152e-01 1.760926794852261945e-01 1.321568417734862722e-01 1.527690462794300263e-01 1.594431091647066090e-01 1.423293658819082819e-01 1.385793951979376604e-01 1.372169461972816140e-01 1.483791173604595837e-01 1.046023378270427434e-01 1.534855470925861054e-01 1.355665414357130893e-01 1.224737844048237045e-01 1.476412443684670950e-01 1.377399489236030283e-01 1.456503227427546343e-01 1.552937179069480977e-01 1.698397994820806944e-01 1.591103796105521884e-01 1.187973057132370447e-01 1.383527165039296902e-01 1.285398926586960866e-01 1.445132526971432962e-01 1.849429821314403921e-01 1.741622429558999652e-01 1.597518274113524372e-01 1.732229245040750598e-01 1.564029888228433973e-01 1.599345881143471593e-01 1.766596219518484778e-01 1.535501791731845866e-01 1.741610370711569877e-01 1.505972835823857769e-01 1.743134715273921553e-01 1.923338731120193268e-01 1.838009977431472874e-01 1.685871964637566667e-01 1.625465806164946014e-01 1.789560548647848581e-01 1.555091338136544987e-01 1.547194631831820821e-01 1.599045480842484768e-01 1.780086138635919024e-01 1.657647940670834708e-01 1.608196679350132607e-01 1.660256691616262825e-01 1.606440402425351743e-01 1.635898722145625039e-01 1.645471959238083981e-01 1.717302839594858077e-01 1.653866336978425111e-01 1.599729954792563635e-01 1.839381730984257224e-01 1.666630430770326965e-01 1.482090062321099466e-01 1.655974011828839632e-01 1.542226597079272010e-01 1.501613085684824767e-01 1.602754003635810942e-01 1.639270481854404049e-01 1.450053376090466861e-01 1.494260246529239000e-01 1.517045212686416455e-01 1.515605374117512116e-01 1.590269150977850210e-01 1.667365896679922355e-01 1.318118272682202163e-01 1.572265982708478393e-01 1.558062366238024132e-01 1.454070215819442680e-01 1.381933194575455937e-01 1.536180707295997372e-01 1.564972726969235672e-01 1.481150020482102647e-01 1.600599026426126337e-01 1.757957836332080248e-01 1.691871825047129574e-01 1.668102071659544328e-01 1.651523899397041029e-01 1.677315551166200513e-01 1.605771362086418907e-01 1.695147940704907208e-01 1.653312934466416861e-01 1.660742603413368768e-01 1.731215122278341179e-01 1.736185998917917916e-01
8.719017701204873072e-02 8.409845920102751449e-02 1.000000000000000000e+00 3.543895279050596203e-01 2.173337393102056647e-01 2.721750570479262721e-01 3.664309525949481783e-01 3.322795322272388274e-01 3.656958977505755937e-01 3.267670292386739006e-01 3.747784655755725947e-01 4.100900293880700986e-01 3.488870083008296930e-01 3.066855422580737067e-01 3.997113414809053689e-01 3.773138366717567194e-01 3.700500982437975872e-01 3.692358930608061751e-01 3.777896690439795369e-01 3.437087546419226314e-01 4.088439893394770763e-01 4.084330194934113756e-01 3.665920950570284442e-01 3.710243566049301056e-01 3.919444718695182517e-01 4.133585085007213666e-01 4.153925432944728935e-01 4.195929555783214915e-01 4.056847219101047952e-01 4.160917743058533125e-01 4.045367519299363779e-01 4.111739234052418368e-01 4.036607628438451667e-01 4.072022537662535746e-01 4.130317257897396788e-01 4.070043416397695069e-01 4.008800444543204056e-01 4.001551811812412707e-01 4.106588702466320018e-01 4.023541904491906851e-01 4.053573771277427795e-01 4.086204362935460521e-01 3.988831304117695375e-01 4.031029417915120705e-01 4.116131726873611396e-01 4.021649715996180596e-01 3.948082126707846418e-01 3.987564242662012814e-01 3.952652225723110035e-01 3.884125525522222344e-01 3.970136779634192425e-01 3.948020258058719811e-01 3.987687705733838350e-01 3.973959634662127538e-01 3.945557993413638664e-01 4.121395611044635920e-01 3.948423426297432148e-01 3.874115709457410794e-01 3.873944950008111898e-01 3.994308259690796947e-01 3.984506843769923257e-01 3.888164231158207640e-01 3.832491252601920029e-01 3.963057990034385969e-01 4.027446607154102076e-01 3.982268165004260174e-01 3.978279803255969083e-01 3.977728831482922334e-01 4.014443231588588623e-01 4.047785477814205835e-01 4.105694793121751895e-01 4.081808523588703608e-01 4.008579789625327794e-01 3.955388720802918145e-01 4.074599833363763413e-01 4.062148457324097350e-01 4.065263081340578788e-01 4.049789278146067040e-01 4.029991699540685923e-01 4.014799583506920011e-01 4.035292320748783967e-01 4.086715322889151181e-01 4.127424116010839361e-01 4.053020977023244487e-01 4.095721673682405917e-01 4.048913536483020326e-01 4.026305964511820434e-01 4.075917658443853897e-01 4.042758643307055033e-01 4.136860608162630792e-01 4.100021672990579180e-01 4.030337600516249452e-01 4.017373904910452320e-01 4.016817719376811202e-01 3.952189968122923891e-01 3.959035625586955209e-01 3.946905575257936283e-01 4.006332238686892144e-01 3.974101614465569421e-01 3.981520846041773365e-01 4.008280467037671491e-01 3.988759262066849387e-01 3.995176394067364023e-01 3.994533916244286664e-01 4.080839125911809862e-01 3.994887723604416130e-01 4.004185560369926677e-01 4.009693651839106865e-01 4.000905322817773224e-01 3.945579676975410344e-01 3.953879983676594212e-01 3.967573172003828752e-01 3.941861708664787800e-01 3.982978697821915604e-01 4.029123746682370943e-01 3.990433356195600134e-01
9.984153525658749639e-02 1.057177465082667217e-01 3.543895279050596203e-01 1.000000000000000000e+00 3.771231833546964118e-01 3.777840888120067020e-01 5.748500551731244856e-01 5.596869830956484604e-01 5.927367327361947602e-01 5.093154633067070725e-01 5.912580204122855898e-01 6.222581347443494337e-01 5.432832478562426015e-01 4.961739548964830271e-01 6.230703174425166191e-01 6.070022343651095831e-01 5.957846348532452874e-01 5.455777994065695857e-01 5.641030271761209303e-01 5.228114766838330985e-01 6.111841039242577045e-01 5.883058906450563397e-01 5.524362132725246788e-01 5.438301967634177059e-01 5.762665862040853293e-01 6.145081728238430685e-01 6.164093591439065989e-01 5.975819806526846412e-01 5.807777591790784788e-01 6.033643835477957573e-01 6.184563013618092908e-01 6.213609291786057476e-01 5.790287903463976482e-01 6.237068954936820786e-01 6.016860149460300233e-01 6.464650299648098120e-01 6.162538039947221824e-01 6.204946942366401652e-01 6.342597204799228505e-01 6.001522684363569393e-01 6.235276376350417094e-01 6.227621783379646558e-01 6.359995904957090884e-01 6.321054805908862262e-01 6.409875544854320983e-01 6.164221538176783977e-01 6.094856270177173574e-01 6.214109482374712279e-01 6.212503507857765062e-01 6.066446328649326425e-01 6.137153271517712394e-01 6.346112904736123106e-01 6.310136877776053588e-01 6.269600091172761180e-01 6.267539743036107946e-01 6.359606847011435304e-01 6.321958140008983040e-01 6.239495402489186882e-01 6.056445627983892965e-01 6.251685274850981022e-01 6.293413822824722725e-01 6.168950917492536101e-01 6.195993446540845051e-01 6.249955569198348826e-01 6.277542948947248957e-01 6.267444859212361052e-01 6.214913828339128088e-01 6.156914727562982081e-01 6.122554099858342758e-01 6.047701713426412162e-01 6.251412930487370012e-01 6.155669128140301982e-01 6.052479214335355628e-01 6.096712484607098581e-01 6.267965627737892564e-01 6.276042567065956979e-01 6.200777076337109506e-01 6.175702098636882686e-01 6.150907090360047125e-01 6.166897521477305855e-01 6.207754270421250720e-01 6.220964402144613103e-01 6.442401137300892699e-01 6.156257979435026950e-01 6.323596400236979331e-01 6.300511984876298044e-01 6.326896735633626978e-01 6.295568887968646665e-01 6.341838795046191857e-01 6.363822735797680652e-01 6.250994567963534809e-01 6.241258262354898445e-01 6.293851121491392808e-01 6.215756765676139217e-01 6.192895176988723049e-01 6.203413198858002131e-01 6.300300150410348410e-01 6.365545575114948118e-01 6.263583304602508006e-01 6.244713716896267419e-01 6.323915138033510130e-01 6.356501737049566891e-01 6.265217414439973043e-01 6.305152396901120282e-01 6.417490222539080635e-01 6.356819752640004983e-01 6.265266035181168425e-01 6.279470630060269842e-01 6.286513180602492090e-01 6.238629428548936318e-01 6.250832823579736131e-01 6.272826858438517172e-01 6.256841199776470575e-01 6.301164965828276454e-01 6.304869966334296638e-01 6.276171162165330442e-01
8.199592002326269724e-02 8.542193280178936310e-02 2.173337393102056647e-01 3.771231833546964118e-01 1.000000000000000000e+00 2.839260197595930846e-01 4.426142094979079178e-01 4.412437220847486574e-01 4.773722701102305899e-01 3.845997319954135296e-01 4.563810309179526792e-01 4.753767134134566641e-01 4.580636054581324057e-01 3.872502892856476420e-01 4.926754326843554299e-01 4.856956297300583647e-01 4.452153901018386928e-01 4.621255170871312878e-01 4.606495737344009078e-01 4.325876203107716367e-01 4.668941073792605145e-01 4.601935667150108822e-01 4.580990012133551170e-01 4.620540598743289040e-01 4.609190839131405149e-01 4.761531454842682920e-01 4.668826190122134512e-01 4.582521441806360341e-01 4.485889026828815407e-01 4.792123166740929752e-01 4.757649705877761148e-01 4.848719222306618892e-01 4.266256338569711648e-01 4.638661178919092909e-01 4.543914689658935524e-01 4.652821424390854999e-01 4.531231662251406500e-01 4.714740173421551050e-01 4.938247390279297822e-01 4.401587613819345490e-01 4.838593203907937124e-01 4.804474542350186672e-01 4.840896502812940816e-01 4.975585037881979367e-01 4.871177109783831893e-01 4.847005336719575896e-01 4.855524901266790594e-01 4.922459094448722317e-01 4.913031870407900126e-01 4.646442792152806200e-01 4.736727548178517599e-01 4.778792371406682671e-01 4.949963555187931741e-01 4.994316833312626436e-01 4.920775386704305809e-01 4.826231632631845514e-01 4.940816030099652312e-01 4.924389193264294695e-01 4.845308082719683163e-01 5.091406230038570957e-01 5.011461509417354243e-01 4.993761174705603767e-01 4.906179240034245770e-01 4.970323090477169470e-01 4.965982407949393052e-01 4.981459310027960830e-01 4.940744785831359676e-01 4.950457547963528215e-01 4.938417457717589332e-01 4.883149943262447001e-01 4.920170711966515564e-01 4.929067016764846487e-01 4.899334894513374672e-01 4.943805350038308344e-01 4.935999648738139123e-01 4.924219651190651081e-01 4.895747896180276948e-01 4.870704969631793890e-01 4.896229457379858707e-01 4.979600541966925920e-01 4.894934400097650240e-01 4.901793886106763920e-01 4.966869340128939880e-01 4.859606514504570818e-01 4.873663712612198995e-01 4.932873685789776474e-01 4.850538754043264844e-01 4.926712061443342394e-01 4.928148475140762819e-01 4.909012771656723895e-01 4.786818978901953847e-01 4.901781211605743538e-01 4.922667249935302469e-01 4.908164608934994511e-01 4.946629990902924323e-01 4.940453850850625717e-01 4.956321681398779266e-01 4.927253907951044676e-01 4.972137496699188808e-01 4.901105460246202861e-01 4.956312420784487194e-01 4.990759229352711435e-01 4.994661353907231538e-01 4.996728175007682515e-01 4.977625063166194463e-01 5.010177383715812560e-01 4.968230175609560928e-01 4.970424946459466309e-01 4.934638443985257528e-01 4.944691772721762080e-01 4.939617011976287220e-01 4.999069781286284431e-01 4.978136919025825669e-01 5.000296444305544208e-01 4.946020477893407485e-01 4.982266440901539362e-01
1.125494700897206393e-02 9.424276952548972519e-02 2.721750570479262721e-01 3.777840888120067020e-01 2.839260197595930846e-01 1.000000000000000000e+00 5.339649435241347053e-01 4.989822369091956866e-01 5.291926228148335909e-01 4.924848373645797639e-01 5.642074393578939695e-01 5.810566302953260598e-01 5.274243589136528021e-01 4.926738299162787271e-01 5.870191717981617652e-01 5.648991275780155252e-01 5.229167339060524222e-01 5.182548201292346279e-01 5.496134348201304753e-01 4.764491161442063194e-01 5.582433793825352097e-01 5.583534758238543061e-01 5.191300701105342474e-01 5.313476252759391505e-01 5.491675615986928438e-01 5.660033906339145826e-01 5.723200049035626069e-01 5.714067927741864894e-01 5.716054340686431701e-01 5.836685778858619056e-01 6.006409842544964128e-01 5.746797975627108146e-01 5.432235331003804069e-01 5.677372028489089395e-01 5.522451971871158438e-01 5.517049150090437282e-01 5.760564035287082385e-01 5.799716404345912624e-01 5.929110787625229140e-01 5.706905657690154454e-01 5.999357285953051955e-01 5.917254799449557234e-01 5.898352322459313735e-01 5.964648396827065824e-01 5.895025024938895797e-01 6.016210545969468138e-01 5.983306630774922752e-01 5.975221972862562181e-01 5.929687026176211351e-01 5.590839536216369865e-01 5.800820065449066032e-01 5.728728533185925009e-01 5.865678110482103191e-01 5.913812604551759167e-01 5.854321821564359984e-01 5.913525060498762143e-01 5.730522483479199014e-01 5.821348725642572219e-01 5.912742367085745965e-01 5.960379557985153731e-01 5.911529185125500296e-01 5.908669019357800645e-01 5.857184888807538403e-01 5.882173736693827593e-01 5.851011670086181393e-01 5.841532827104838344e-01 5.993646278513324877e-01 6.010709615118584592e-01 5.928345702069700573e-01 5.952863331381516021e-01 5.999083674019695112e-01 5.995756060621444394e-01 5.936377162919004302e-01 5.939021971205238337e-01 6.042228573812824521e-01 6.060331881447260649e-01 6.038004029773601511e-01 5.996810822958378306e-01 6.044550393838162838e-01 6.046855094353950077e-01 6.021185873238047437e-01 6.014611286177542482e-01 5.975937580807147986e-01 5.986496047715686997e-01 5.967136805814824418e-01 5.958603073892492219e-01 6.037215889401111868e-01 6.013186084717838664e-01 6.060058129004860517e-01 6.029259744068934390e-01 6.041059644261476125e-01 6.066331732549593569e-01 6.027630893743685103e-01 6.097637561334807721e-01 6.012114189882018511e-01 6.019106373470719529e-01 5.878842137483811792e-01 5.829188323856475673e-01 5.970765996847182677e-01 5.974717563000199183e-01 6.025927714014360781e-01 5.967285967219123632e-01 5.976950999209390547e-01 6.024343403475683756e-01 6.000524282144659161e-01 5.876775391853583663e-01 5.965307130979492500e-01 6.021956082663674215e-01 5.989207249678334399e-01 5.976000010235380522e-01 5.991955122049688054e-01 5.991422729532953628e-01 5.991003641481470465e-01 5.971477124852775376e-01 5.975899299974024581e-01 5.955398263620752530e-01
1.807596615965432335e-02 1.263943954449593399e-01 3.664309525949481783e-01 5.748500551731244856e-01 4.426142094979079178e-01 5.339649435241347053e-01 1.000000000000000000e+00 7.195929299259227196e-01 7.572449523498399060e-01 6.840936489393493192e-01 7.895796112533530753e-01 8.144507672555471034e-01 7.409266591908333366e-01 6.866436804258242432e-01 8.523079929137710176e-01 8.101546255990380585e-01 7.176685894855739933e-01 7.387441344853007408e-01 7.737422854545409345e-01 6.863666271404736952e-01 7.715881437417263511e-01 7.780595361453183090e-01 7.412104683912400516e-01 7.531782233768361534e-01 7.636726140528850015e-01 7.885980264187045785e-01 8.089420177095034692e-01 8.190885974860006025e-01 8.031402748439775419e-01 8.225876988167413195e-01 8.411462038071904068e-01 8.256340838807786353e-01 7.910508093167490928e-01 8.084022603652629702e-01 7.937495642155921738e-01 7.875224170664862910e-01 8.213098443117717862e-01 8.379242798720356600e-01 8.436273596432751765e-01 8.203007815728250440e-01 8.403915860220325662e-01 8.496606671944093581e-01 8.418096443678726448e-01 8.495444231526387835e-01 8.420349959451627342e-01 8.462810137223273355e-01 8.356698988100936809e-01 8.338056775386385455e-01 8.308788061643656020e-01 8.031799538132946559e-01 8.245187855477845718e-01 8.030042813780353672e-01 8.317087859374516778e-01 8.232511497701432424e-01 8.217496850810408482e-01 8.335405465235534717e-01 8.013855432101107956e-01 8.332235823278765219e-01 8.297706892756107067e-01 8.331923414937655314e-01 8.351021900840392975e-01 8.266925443950805530e-01 8.198895327765193253e-01 8.196304921485288997e-01 8.078061461982342095e-01 8.099558150710601812e-01 8.325645139187367594e-01 8.382673655107868438e-01 8.357847035710543881e-01 8.316461384559021841e-01 8.390101535064387051e-01 8.376505734009932480e-01 8.303913010821833973e-01 8.326694360720886534e-01 8.408376659824911004e-01 8.430937587397410171e-01 8.440158371199576459e-01 8.379865360179001854e-01 8.436670240162236212e-01 8.390722058159250096e-01 8.397064559079032708e-01 8.423608825688116974e-01 8.343447098456152622e-01 8.415257759691774364e-01 8.432383159913228177e-01 8.403552435435149848e-01 8.433711682701783285e-01 8.469101767004211245e-01 8.455461504165288078e-01 8.443110483828732971e-01 8.484369931738725557e-01 8.481354700784315970e-01 8.450890123738369342e-01 8.498011216778948995e-01 8.376633658585133091e-01 8.365434728658516228e-01 8.275725933589218597e-01 8.129841851179753220e-01 8.327313758719361303e-01 8.372252592194431298e-01 8.461260613087177029e-01 8.325803528453983304e-01 8.353996722962787613e-01 8.433679142446506294e-01 8.340291536518026350e-01 8.120767818723061415e-01 8.298769470044048413e-01 8.368735365571681184e-01 8.353034885816049693e-01 8.325982695952128809e-01 8.352193105723743072e-01 8.352494059951456329e-01 8.340787502926743091e-01 8.323245036301116784e-01 8.243592814079793163e-01 8.231814879160336274e-01
6.057693051624381264e-03 1.220066099106677238e-01 3.322795322272388274e-01 5.596869830956484604e-01 4.412437220847486574e-01 4.989822369091956866e-01 7.195929299259227196e-01 1.000000000000000000e+00 7.280219949640154287e-01 6.528006434705326821e-01 7.376063175479997680e-01 7.721393895149092357e-01 7.058341328674996307e-01 6.429137817345160766e-01 7.929762632925086985e-01 7.959888886576741429e-01 6.999874328336895823e-01 6.822078286518227230e-01 7.019709185732919687e-01 6.447006320203418905e-01 7.126686838121033540e-01 7.131067956810286379e-01 6.873449538062967878e-01 6.885370364019161027e-01 6.986657776829252597e-01 7.386865235561964615e-01 7.472789795137164681e-01 7.336043912219707419e-01 7.431743303029265668e-01 7.596040162529028583e-01 7.774080418567650419e-01 7.764988518432413001e-01 7.015233735818170446e-01 7.523936592180507921e-01 7.351232113944459190e-01 7.375581231038488284e-01 7.541494137394061381e-01 7.836883509280734295e-01 7.886412549855236209e-01 7.335037517589874101e-01 7.824141831898144828e-01 7.777755248529417686e-01 7.799556738588027116e-01 7.995070207715758714e-01 7.790685806945284453e-01 7.840151108890683895e-01 7.939129543518376186e-01 7.975032584954613313e-01 7.979147703513107537e-01 7.613027295073380163e-01 7.799044562680259585e-01 7.566122284098300010e-01 7.859194710289091335e-01 7.995788116557400738e-01 7.943097705951457366e-01 7.838852914996479182e-01 7.952396184898520293e-01 8.052229660337772987e-01 7.959321143378478292e-01 8.015667381901449007e-01 8.042337107197881085e-01 8.006723464842112614e-01 8.017111327312627100e-01 7.977376594569511870e-01 7.840918151732361174e-01 7.905224789804005114e-01 7.964743646136032140e-01 7.903014486563875174e-01 7.853876451262987723e-01 7.774612960362767833e-01 7.873354497172797561e-01 7.874810528141823474e-01 7.783636340838765433e-01 7.763846817404046474e-01 7.961669546617483606e-01 7.977019841319406002e-01 7.910558468234125673e-01 7.955434586445663259e-01 7.885314983989030191e-01 7.976555295849729887e-01 7.909893232728966161e-01 7.976240805675343104e-01 7.955327591242986607e-01 7.901875781951981370e-01 7.911796077267536642e-01 7.939939302247928099e-01 7.941734182827966393e-01 8.016693242375777517e-01 8.021252083441721137e-01 7.939137253131050009e-01 7.811878558383519300e-01 7.988533253543965706e-01 7.944905285124211902e-01 7.977121281411274634e-01 8.009564416575655210e-01 8.019382227437608091e-01 8.034857750039857693e-01 7.974596901600432552e-01 8.054998171574397903e-01 7.973237582717408456e-01 8.013040756205004334e-01 8.095563236799449003e-01 7.968386534209772609e-01 8.051249532563008460e-01 7.964144980037656252e-01 8.044618526297535599e-01 8.031891741171206522e-01 8.025591848031087272e-01 8.038562098757467966e-01 8.036989562163837642e-01 8.075021258641441602e-01 8.044581773227100774e-01 8.079336140563937452e-01 8.066767381153628902e-01 7.939254867482651301e-01 8.002695220308878588e-01
1.334455764320927884e-01 1.805784892487387605e-01 3.656958977505755937e-01 5.927367327361947602e-01 4.773722701102305899e-01 5.291926228148335909e-01 7.572449523498399060e-01 7.280219949640154287e-01 1.000000000000000000e+00 7.452738235565392610e-01 8.241219452272864343e-01 8.399079997110323603e-01 7.783015533294781463e-01 6.936676109026784776e-01 8.553248665796016059e-01 8.463701030607723164e-01 8.185165335672920373e-01 7.780022549273118981e-01 8.085237289549235262e-01 7.072068504309053649e-01 7.989094047352438555e-01 8.139356966155265605e-01 7.975872322041511753e-01 7.959341005656396240e-01 8.016550931136402491e-01 8.025288296118255893e-01 8.305292299833764158e-01 8.078479023006635007e-01 8.135626254264071155e-01 8.456099521150033382e-01 8.609861607703221953e-01 8.719185073101514138e-01 7.811946160651896953e-01 8.440366724003147691e-01 8.264726137369239334e-01 8.206570248832241177e-01 8.378865967898820877e-01 8.447845059840649595e-01 8.674103897134547436e-01 7.866115532790413090e-01 8.550809996831474358e-01 8.506981599700589314e-01 8.416533617398913592e-01 8.755987968788961906e-01 8.583788273319765683e-01 8.568366160636411433e-01 8.754887885405929770e-01 8.891892278582376186e-01 8.845276907605813532e-01 8.387214352827621067e-01 8.553857428069413515e-01 8.434178023433955840e-01 8.726403315335494737e-01 8.879067143577459298e-01 8.699663725145532212e-01 8.463237058887366215e-01 8.820267190745821884e-01 8.724879853279347008e-01 8.723087710148326179e-01 8.933558710495079769e-01 8.859763663278960033e-01 8.889792277036140389e-01 8.732204564134978808e-01 8.903528167563695694e-01 8.894484968362069699e-01 8.917309089769629438e-01 8.872772164293621922e-01 8.807621470383144580e-01 8.824170298776939925e-01 8.616146434069318349e-01 8.776874225030666388e-01 8.774129252647523414e-01 8.708533801456276313e-01 8.726207841346083072e-01 8.743998835778843404e-01 8.790915149398033090e-01 8.728742996851978075e-01 8.721620795494992029e-01 8.707118279410500650e-01 8.828662987896241932e-01 8.795370925854260058e-01 8.801111561670100780e-01 8.867829659550788834e-01 8.749436927718343693e-01 8.710325185188704245e-01 8.832963166911217412e-01 8.768991189197939962e-01 8.716420423067069434e-01 8.808765554199684544e-01 8.684550781065518699e-01 8.585086031707754861e-01 8.728552629575870858e-01 8.748261418485040464e-01 8.746591173707941591e-01 8.828562634872814119e-01 8.866685383904513440e-01 8.620097004117875938e-01 8.813920685436384961e-01 8.796100285434823585e-01 8.715635533642429600e-01 8.674712741672749861e-01 8.822814523239137507e-01 8.803382178904185507e-01 8.818790609613599285e-01 8.828318925956959440e-01 8.840122937868416519e-01 8.910655085720324831e-01 8.819630349999343366e-01 8.793450979614213514e-01 8.859729112318746047e-01 8.767369845098698100e-01 8.898852383962457813e-01 8.870496791084763188e-01 8.905162775726154223e-01 8.901512001960374398e-01 8.927832472922353491e-01
6.343550061847147425e-02 2.031163149678383018e-01 3.267670292386739006e-01 5.093154633067070725e-01 3.845997319954135296e-01 4.924848373645797639e-01 6.840936489393493192e-01 6.528006434705326821e-01 7.452738235565392610e-01 1.000000000000000000e+00 7.599081559957738818e-01 7.813597359541041287e-01 7.106336695552903926e-01 6.627427675742898483e-01 7.944885526452485358e-01 7.816303074628634384e-01 7.348291133561042354e-01 7.160777775184296035e-01 7.556337416920670957e-01 6.485796352238643037e-01 7.217692576702674501e-01 7.518167088246775487e-01 7.324776026684343133e-01 7.472788121015710994e-01 7.473027589556685557e-01 7.641383196516727816e-01 7.755336861508467239e-01 7.559269960511143527e-01 7.648934388410124630e-01 7.997824157824514613e-01 8.096672701167236808e-01 8.047596434486228301e-01 7.376937132738390357e-01 7.806750881263687658e-01 7.652226602614112805e-01 7.494554649553174519e-01 7.739907209008338729e-01 7.919204258241080430e-01 8.091756025949680131e-01 7.487849598523192984e-01 8.053764565017688115e-01 7.938328609003814096e-01 7.714436002794341496e-01 8.102462738037989887e-01 7.956347307096006682e-01 8.024626546250808179e-01 8.229089343514380817e-01 8.314243093348103741e-01 8.235658471312669038e-01 7.718372072448885790e-01 8.019589343515813873e-01 7.638943316288644425e-01 7.977918448905286786e-01 8.247644174498105496e-01 8.156173287568045938e-01 8.094508030469211857e-01 8.086312760196578964e-01 8.128493985129504606e-01 8.186202172285826917e-01 8.248847684534644786e-01 8.182579758652990254e-01 8.239620529393187898e-01 8.089525022177347369e-01 8.213402839690803203e-01 8.163250053991339961e-01 8.195789550157828174e-01 8.263587072234471753e-01 8.248122956518406657e-01 8.205343386506821490e-01 8.069408205558037395e-01 8.171571785722646641e-01 8.241530676032180480e-01 8.192272671534890360e-01 8.185853264579620037e-01 8.231306784681975408e-01 8.240834966188131938e-01 8.185905149547549886e-01 8.216048855258002437e-01 8.194951205200077249e-01 8.277822884215502164e-01 8.228226857062441724e-01 8.260923181299957285e-01 8.264821974920787406e-01 8.208951587751270873e-01 8.120662566848787511e-01 8.223031818603744325e-01 8.152993619354648169e-01 8.209590805458746310e-01 8.237338222836780854e-01 8.194677796684840532e-01 8.088790196612074546e-01 8.232521253787490334e-01 8.206925047024078435e-01 8.216389201630176498e-01 8.292194258670528839e-01 8.302107919126904267e-01 8.019075424475894387e-01 8.102054768829461961e-01 8.251466283839111737e-01 8.179928087507952750e-01 8.100292456979685252e-01 8.212562894209225473e-01 8.189908436689189442e-01 8.214333895462063717e-01 8.216011088153007957e-01 8.214050070342149290e-01 8.289077970767030346e-01 8.296758104642171228e-01 8.280160875713965529e-01 8.302193711321077529e-01 8.243141875492917547e-01 8.300688065676373739e-01 8.271228352227076863e-01 8.279251001339852367e-01 8.252749352282009454e-01 8.291278840790314852e-01
2.306181569331412426e-02 1.440681634122334132e-01 3.747784655755725947e-01 5.912580204122855898e-01 4.563810309179526792e-01 5.642074393578939695e-01 7.895796112533530753e-01 7.376063175479997680e-01 8.241219452272864343e-01 7.599081559957738818e-01 1.000000000000000000e+00 8.828572530445394362e-01 8.028080954362583066e-01 7.400946697364744198e-01 8.881921841959334873e-01 8.667634313748900921e-01 8.097441137325304128e-01 7.888065095786949144e-01 8.318058579286683463e-01 7.247169320236379608e-01 8.349498966528426935e-01 8.476756431262546521e-01 7.904408799885060954e-01 8.158936680598387614e-01 8.303228023894654308e-01 8.444463265951958064e-01 8.689390637695280084e-01 8.640442668388147451e-01 8.504131015181267683e-01 8.873162089715850298e-01 9.100637186451550065e-01 8.888277140640231666e-01 8.357222810289733905e-01 8.739193627253124541e-01 8.530261007742394597e-01 8.492890306076489315e-01 8.767095090865408835e-01 8.879385357680239510e-01 9.014243979222393843e-01 8.585878416359495890e-01 8.971393727327383605e-01 8.987124452210574210e-01 8.890480179958551998e-01 9.086441953881404521e-01 8.974674253193365425e-01 8.994004384535233543e-01 9.106524978768084644e-01 9.114419477500966815e-01 9.048747812927145917e-01 8.713041840482407263e-01 8.944348710064705665e-01 8.662459822805211873e-01 8.971943080173324647e-01 8.999666131064406605e-01 8.916758411304285259e-01 8.924986082042876134e-01 8.827986526504429943e-01 8.987821192078272459e-01 8.978910549008495279e-01 9.083007509995134621e-01 9.095278800034245492e-01 9.029067524585596693e-01 8.959718005652184125e-01 9.033427279017711697e-01 8.967577189559517992e-01 8.965424247705153782e-01 9.118388275316753333e-01 9.115825455775552477e-01 9.030121662366061841e-01 8.976302173292861619e-01 9.124787219823090600e-01 9.136446730286491569e-01 8.965082370995304251e-01 9.039983819126251596e-01 9.127985381585762559e-01 9.151902781824163835e-01 9.119280889079359742e-01 9.043652411741459618e-01 9.068701526650891909e-01 9.143637422382071556e-01 9.122298618356241562e-01 9.157905010158629011e-01 9.090401108524535090e-01 9.061491207720495655e-01 9.092226179797455732e-01 9.098035559362686042e-01 9.131013133631827872e-01 9.122931381072562074e-01 9.159980737396387074e-01 9.092351045985762603e-01 9.086942036608213202e-01 9.144638490999632552e-01 9.152891871795549861e-01 9.157047625956252768e-01 9.139197382511006218e-01 9.144814392582162332e-01 8.967432963761936549e-01 8.961073114085654767e-01 9.114047295301070939e-01 9.094527108386818437e-01 9.126708545566288855e-01 9.108606106435827021e-01 9.110055912889610807e-01 9.146982231859792645e-01 9.116205806985328008e-01 8.988298513966078707e-01 9.108070795781069151e-01 9.126237519907368645e-01 9.105523679603700904e-01 9.129000601523810099e-01 9.085177721757554670e-01 9.141761641421074502e-01 9.124452277317255389e-01 9.133327742977221941e-01 9.073994536618281703e-01 9.082998083617729312e-01
2.908970111984571921e-02 1.416477281460232496e-01 4.100900293880700986e-01 6.222581347443494337e-01 4.753767134134566641e-01 5.810566302953260598e-01 8.144507672555471034e-01 7.721393895149092357e-01 8.399079997110323603e-01 7.813597359541041287e-01 8.828572530445394362e-01 1.000000000000000000e+00 8.336116817761648479e-01 7.641840012808107652e-01 9.216537373957746082e-01 9.025838636583498609e-01 8.333000001783702482e-01 8.031887396429945314e-01 8.521314326001316886e-01 7.445004857072118343e-01 8.585639911463542884e-01 8.662739542744061216e-01 8.046687366999866198e-01 8.264905145867548208e-01 8.413584517646325311e-01 8.684522220583010821e-01 8.873030424456171961e-01 8.779199173202665296e-01 8.722042892269498138e-01 9.033085276028454125e-01 9.298955913095849901e-01 9.128239963236775001e-01 8.453378563072676544e-01 8.940808550618062345e-01 8.692507348742558593e-01 8.756204276067693915e-01 9.012618592416633545e-01 9.161518609202403685e-01 9.317110973492966908e-01 8.755353475177344302e-01 9.264713757500705471e-01 9.235632296190431356e-01 9.175932770564351193e-01 9.411134668130773928e-01 9.251451193309260246e-01 9.334093903326746711e-01 9.399798481119058247e-01 9.430335175162049000e-01 9.349962473048424316e-01 8.902781991340795731e-01 9.183398380895745339e-01 8.957795605343229495e-01 9.285285037465939029e-01 9.364071607720018120e-01 9.301163145493919204e-01 9.219553696167405166e-01 9.167416835442040446e-01 9.346680480967314297e-01 9.329542108130995937e-01 9.421822281175712410e-01 9.416369058213508447e-01 9.393367869555907523e-01 9.307403156778479847e-01 9.353604320092047120e-01 9.287714319835512766e-01 9.301273933180796982e-01 9.408269858059076229e-01 9.353159967825575016e-01 9.275149422566631996e-01 9.224871290948483127e-01 9.384445272004026117e-01 9.386677680492538922e-01 9.219177589491349689e-01 9.271001604415959330e-01 9.408762072087485384e-01 9.423454549973301342e-01 9.360218005116626161e-01 9.319038507057094689e-01 9.340728583681708885e-01 9.409768630844302928e-01 9.373570466433157611e-01 9.442800558556350143e-01 9.374599502308302856e-01 9.327433922851423587e-01 9.335601154559027837e-01 9.357197376179974269e-01 9.408499320950444167e-01 9.418028019878492696e-01 9.446968269996611767e-01 9.365766755203909222e-01 9.315143517031184706e-01 9.437428041270931045e-01 9.427475097930371195e-01 9.440528372634886534e-01 9.440524848001092817e-01 9.459724532316158285e-01 9.229028217277179813e-01 9.243703914522843901e-01 9.401104716140161743e-01 9.365076488151057310e-01 9.416930181288335477e-01 9.422634418583185623e-01 9.404477420175254565e-01 9.457107150380428262e-01 9.420356501166110563e-01 9.303670269602636322e-01 9.391403205584105685e-01 9.440504921630155089e-01 9.433648729532994048e-01 9.436485820881073128e-01 9.420075654098489792e-01 9.454975109257802712e-01 9.447159965740646870e-01 9.435207226679285242e-01 9.398425079191400355e-01 9.396562703627354685e-01
1.735477254716405113e-02 1.560499189479473414e-01 3.488870083008296930e-01 5.432832478562426015e-01 4.580636054581324057e-01 5.274243589136528021e-01 7.409266591908333366e-01 7.058341328674996307e-01 7.783015533294781463e-01 7.106336695552903926e-01 8.028080954362583066e-01 8.336116817761648479e-01 1.000000000000000000e+00 6.973975541698423930e-01 8.441845289962137677e-01 8.244124977747189220e-01 7.550554431939731082e-01 7.483927162923309506e-01 7.837566611009206818e-01 6.944909427110633748e-01 7.718899857488370486e-01 7.860380402623724505e-01 7.513089512239637946e-01 7.700042803634633559e-01 7.752814598981849770e-01 7.957680144748560114e-01 8.111194273967737844e-01 7.947785806153278010e-01 7.904868213911716568e-01 8.255694054560795969e-01 8.424707997061449127e-01 8.293277278690227572e-01 7.653745299386301992e-01 8.059996877077408861e-01 7.902649424385241872e-01 7.829061420015304140e-01 8.079691422404261525e-01 8.236464149741827834e-01 8.452092183994143193e-01 7.849519726097249350e-01 8.425378517589426908e-01 8.383812945280667561e-01 8.306804772961926542e-01 8.591193638239964514e-01 8.399325171954812319e-01 8.409643138060461931e-01 8.621814563046833468e-01 8.637344524532336587e-01 8.551849064062895245e-01 8.047977774004090312e-01 8.325998993040963914e-01 8.176030978967059326e-01 8.482282220694472574e-01 8.563575735292858759e-01 8.449368363469482723e-01 8.351840907963791194e-01 8.378590271888827212e-01 8.512055032053327253e-01 8.489700418187000608e-01 8.671533920828302655e-01 8.629184263758329365e-01 8.599273962637196123e-01 8.457702430214911749e-01 8.585165019154102906e-01 8.514982751661132054e-01 8.558190384209104495e-01 8.627968136364078111e-01 8.604013659882983056e-01 8.517810137766611556e-01 8.484518308914055229e-01 8.583976849132377573e-01 8.599070294844555207e-01 8.477893804264384769e-01 8.539754865825629482e-01 8.590013893889695273e-01 8.594788137568245556e-01 8.556697486286464205e-01 8.490566804494720232e-01 8.554725681146309046e-01 8.636618535105269334e-01 8.600799279564823596e-01 8.632653853560653401e-01 8.564954823788177851e-01 8.526023730482147345e-01 8.524375894841896839e-01 8.567805303886154578e-01 8.552059117301815672e-01 8.587125565067427191e-01 8.622467815068687313e-01 8.569336779457733533e-01 8.470603597510213412e-01 8.633731034342606581e-01 8.623845729624308731e-01 8.622263495361287555e-01 8.657714023092576427e-01 8.676441089898554448e-01 8.486153722297982149e-01 8.484388679237345743e-01 8.631152093356311283e-01 8.577443341064834303e-01 8.596704344481183035e-01 8.622316095535754732e-01 8.650611829611979386e-01 8.656378242522880795e-01 8.616790099820959004e-01 8.556793900495403005e-01 8.638639862840556960e-01 8.644365623978649271e-01 8.628588875638303346e-01 8.669424475286440224e-01 8.620084394803817496e-01 8.689059961701937063e-01 8.678517304927666487e-01 8.664446110551110580e-01 8.602841415934076030e-01 8.669674275731514834e-01
