1.000000000000000000e+00 7.222530804225696377e-02 1.102315042888231816e-01 7.175166562146202687e-02 6.276044830882389347e-02 2.157698859707646299e-02 1.096676099684551625e-01 6.902719328620839090e-02 7.634443516591443712e-02 -2.759261248178255122e-03 5.720828635766431886e-02 3.320821229903594268e-02 5.885687702194365711e-02 -2.881655879368632406e-02 1.705662582340264355e-02 4.744385307993494866e-02 6.292656158142553857e-02 1.009526815366393881e-01 1.071591065317819419e-01 6.887736721247933458e-02 1.251684280515928949e-01 1.236360627873045875e-01 1.041609341034237940e-01 1.090274753955220999e-01 1.047591080409881331e-01 8.208229910529174500e-02 8.488733532167228035e-02 7.327471231017747277e-02 1.063778963376396242e-01 7.146215515035415911e-02 5.583494950577469473e-02 5.561416930845043682e-02 5.583581396468207877e-03 4.577088155246213791e-02 2.065849298917131135e-02 5.371714218531363494e-02 4.718318886015792496e-02 3.267532669388236582e-02 3.932235447328862737e-02 4.839826023126033577e-02 4.353641198929174977e-02 3.226925258820738385e-02 6.537180014074728263e-02 5.592519554110327723e-02 4.362896030890190541e-02 4.833804083911710792e-02 1.852647926653351595e-02 1.455385760408331279e-02 2.004418832336064132e-02 3.328614398551815040e-02 2.504655840247912643e-02 4.138005552649583196e-02 1.855003899586163754e-02 2.292203852998173780e-02 2.216806709609864603e-02 3.410041520442097518e-02 5.525896741702873011e-02 2.347061875431011302e-02 1.811418540192635818e-02 2.790223480757536914e-02 2.114725582055636266e-02 3.452145558205171882e-02 3.296427445771498571e-02 4.089340019211554211e-02 4.398751848453411051e-02 2.591296401288280954e-02 2.229568075363689769e-02 2.535655480561892564e-02 3.506347272071726195e-02 2.301300264882269811e-02 2.473601281784525499e-02 3.053644069365771263e-02 4.528834778567806391e-02 4.191734916998812732e-02 3.249767539928234000e-02 3.721967929293440447e-02 4.383705361979404330e-02 5.817648591875527325e-02 3.925261118219966483e-02 2.185080993729921622e-02 1.475830781648690589e-02 1.383199040771438196e-02 3.532116653088385877e-02 1.719051525464890609e-02 1.832743892733109531e-02 2.464315879043205842e-02 2.548195263667832680e-02 1.489005682034020943e-02 1.736851988246183517e-02 3.276046453410004500e-02 2.716719639502720995e-02 2.053442041242229885e-02 2.238025858479187127e-02 2.367375902966980736e-02 -2.292577024337449660e-03 6.007318978297046010e-03 2.079243749612571038e-02 2.014362280529984756e-02 1.255267689248720960e-02 1.623217400485030271e-02 2.243806746011679093e-02 1.330309266722534689e-02 1.336116484365656651e-02 1.711097860400480342e-02 2.241191682260607054e-02 2.369526945238454099e-02 1.465242648249791800e-02 1.155207743842828066e-02 1.266478759585813914e-02 1.229124495345265862e-02 1.841417079629764295e-02 1.471764576726023246e-02 1.456831936129857584e-02 2.426756863523651594e-02 2.087772642166599302e-02 1.751517513954852986e-02
7.222530804225696377e-02 1.000000000000000000e+00 8.886751179309163029e-02 9.435808450522979729e-02 6.313431700014782155e-02 5.518551489133768223e-02 1.240237369127246553e-01 8.868835302830452294e-02 1.294614478688329018e-01 1.332885888307995814e-01 1.090389420927437153e-01 1.210883398601030336e-01 1.364208316500763463e-01 9.931028426803574505e-02 1.384014648048730312e-01 1.382659064121670445e-01 1.204576596223409651e-01 1.347217767788747300e-01 1.381858907670443226e-01 1.459402997718107498e-01 1.535581514647608448e-01 1.577696513009333446e-01 1.504201134377027571e-01 1.445479418422342399e-01 1.554707662184433570e-01 1.530620666490483950e-01 1.433205913894690653e-01 1.317228796328358820e-01 1.387735986113579068e-01 1.579635143292320021e-01 1.438616992798599503e-01 1.421056774479579898e-01 1.109978418178232812e-01 1.181149109723927254e-01 1.272688399273897430e-01 1.198320335230264322e-01 1.202475967568664150e-01 1.288943021626878238e-01 1.313322109290800399e-01 1.188482355866895823e-01 1.559101561490954801e-01 1.261638751284733795e-01 1.444775658183282407e-01 1.379547357980239752e-01 1.328369407987062822e-01 1.358017495723662094e-01 1.387911411503876535e-01 1.403883401569786527e-01 1.454238404725992084e-01 1.315754517128542300e-01 1.344738087569661011e-01 1.145507232805947212e-01 1.281204339558800476e-01 1.477382566450045343e-01 1.404162686036797558e-01 1.503929515228794589e-01 1.496263188101581987e-01 1.436949425210218290e-01 1.481585097482115698e-01 1.436718485107600085e-01 1.338980765914696835e-01 1.522137374453619574e-01 1.482846576121131243e-01 1.431575356070015903e-01 1.419246918439288352e-01 1.468165864768458395e-01 1.398074046051211716e-01 1.382097866699550093e-01 1.422055470780605180e-01 1.447422191894321419e-01 1.463149531101328726e-01 1.398880677093812253e-01 1.387092838019731711e-01 1.427894039167353357e-01 1.473880748593287549e-01 1.481562197864097208e-01 1.467723629833780352e-01 1.506393627660927714e-01 1.433322495138841246e-01 1.406753780152487920e-01 1.378103083726078260e-01 1.361864333273010708e-01 1.379516474986273444e-01 1.358719320218765014e-01 1.262097041029738020e-01 1.327131087306926971e-01 1.288396526947126475e-01 1.385138859399182576e-01 1.333166989722426865e-01 1.468369582485896663e-01 1.285404497773705301e-01 1.352558913774695448e-01 1.296344934418759143e-01 1.353576806710229397e-01 1.387476816104857569e-01 1.393701337636513160e-01 1.301400213252698335e-01 1.308834545518182957e-01 1.334699864782712964e-01 1.353013550706863022e-01 1.330508996107871988e-01 1.375981765669573864e-01 1.355010305999077846e-01 1.355859520010440633e-01 1.301831881289778614e-01 1.427870148058374145e-01 1.397560448791656251e-01 1.426267685915878769e-01 1.425455258320084129e-01 1.380990698458910149e-01 1.486214509498564595e-01 1.396918069401992812e-01 1.444814180387419822e-01 1.333059243401260863e-01 1.336568931094751778e-01 1.390505221079976483e-01
1.102315042888231816e-01 8.886751179309163029e-02 1.000000000000000000e+00 2.620312981908813899e-01 1.492526939617722093e-01 1.185988273494713446e-01 2.684532547792501389e-01 2.268098664373623397e-01 2.457042234486642718e-01 2.059957648862502932e-01 2.482134783626037677e-01 2.853229857116063584e-01 2.603434574459176920e-01 1.917111568419866408e-01 2.638991910046858957e-01 2.543922241751406799e-01 2.514973805448404431e-01 2.945030030043641056e-01 2.911844326320706111e-01 2.472777969491603001e-01 2.981356000826797525e-01 3.057108637302307086e-01 2.943705556699195980e-01 2.956164266603181767e-01 3.009562878712179201e-01 3.129730274396004819e-01 2.982655620788343676e-01 3.057690638372880798e-01 3.065561113566361851e-01 3.075313328483220698e-01 3.009746196441458466e-01 2.952716558402515012e-01 2.998398039045196417e-01 2.923378076374384404e-01 2.846027231167569393e-01 2.786277104901315194e-01 2.987346044956168400e-01 2.961061252232186636e-01 3.010692698395192046e-01 3.076676366736164625e-01 2.900047152873512779e-01 2.846639808600374133e-01 2.848310705256417164e-01 2.899310882232591924e-01 2.875802210203428078e-01 2.959266275968922555e-01 2.727813113099394893e-01 2.712077099387077417e-01 2.736663271133323305e-01 2.868527810399782996e-01 2.848345651157206393e-01 2.780753475059876689e-01 2.648852301652967478e-01 2.712035742604881894e-01 2.776060784245021340e-01 2.871895097701857580e-01 2.803819061881423491e-01 2.765896336917178511e-01 2.752094537899125171e-01 2.705908537476723885e-01 2.653320228810993608e-01 2.654209715776844059e-01 2.815994398522814746e-01 2.725944294008160740e-01 2.767761513299462628e-01 2.664199325334121737e-01 2.723615254656819307e-01 2.771556503099177893e-01 2.828103391284891299e-01 2.779042206810643512e-01 2.800063933596691479e-01 2.828244909468505264e-01 2.916917003074745440e-01 2.890063948326840326e-01 2.838061369597918993e-01 2.864077609976461991e-01 2.907351497126353101e-01 2.898775468498211993e-01 2.923404498177580857e-01 2.753886056643046198e-01 2.736240476214822359e-01 2.790942466780291786e-01 2.842621982847378104e-01 2.773574571998696503e-01 2.843127828469355634e-01 2.869245073263177459e-01 2.893025042541715885e-01 2.822224263934972055e-01 2.721057087363318305e-01 2.866215483909947959e-01 2.864132287403678978e-01 2.813212697869217904e-01 2.829553813630570347e-01 2.793775150589635214e-01 2.598994730530543862e-01 2.694560380921292575e-01 2.904898857957132208e-01 2.776243067747570792e-01 2.704639031532347082e-01 2.815139257147754592e-01 2.770884167089084360e-01 2.759778522805331757e-01 2.743842691801245404e-01 2.740692952057346976e-01 2.788461652331524765e-01 2.772412843783967351e-01 2.748139911063212648e-01 2.704682859747551960e-01 2.763843643105059478e-01 2.715867668911104982e-01 2.777210177076921416e-01 2.668813241586722174e-01 2.696251731274443841e-01 2.722920947413387527e-01 2.744615269158063864e-01 2.696622390882550957e-01
7.175166562146202687e-02 9.435808450522979729e-02 2.620312981908813899e-01 1.000000000000000000e+00 2.821116368878054392e-01 2.391102596036157879e-01 4.721212294848485813e-01 4.304184841536671247e-01 4.356056449872059422e-01 3.821972916545435806e-01 4.786837091016755696e-01 5.083445372431409925e-01 4.701048757979145454e-01 3.579434892071041152e-01 5.052704827533769372e-01 4.952718562895687127e-01 4.811128150243344503e-01 5.262938547519117050e-01 5.266632587847690505e-01 4.867332368364831741e-01 5.476854380892383078e-01 5.497032669580105280e-01 5.296274818523407646e-01 5.270167671855668923e-01 5.481939452667411450e-01 5.529062280671843688e-01 5.346424250224131036e-01 5.442939752452742308e-01 5.253936070980151918e-01 5.473696030298766946e-01 5.455263816128639309e-01 5.331708476787307971e-01 5.174129127060133060e-01 5.203085956833248815e-01 5.112580368717997148e-01 5.119178779469817364e-01 5.299773020657670974e-01 5.411662929903728880e-01 5.355502386560440087e-01 5.490188076260444916e-01 5.375355913812475128e-01 5.355073133483682080e-01 5.373855182154552157e-01 5.449405931169188921e-01 5.401051456317655930e-01 5.364013734369458275e-01 5.226996519864505197e-01 5.154784252523773036e-01 5.282673462052617230e-01 5.325171402010600019e-01 5.362008875774540995e-01 5.184386643754409496e-01 5.097264354834286637e-01 5.165472837402581563e-01 5.235575430171283129e-01 5.418499476785085811e-01 5.289381792275010818e-01 5.272369220124553113e-01 5.234228205947529800e-01 5.191420009352197829e-01 5.130950586593794327e-01 5.146391890727823881e-01 5.231532987457918615e-01 5.202233167431112859e-01 5.292128685958578105e-01 5.116985970166418873e-01 5.169363063155058002e-01 5.265557514685130780e-01 5.299727118816237592e-01 5.195786538016754497e-01 5.300588224419929828e-01 5.292040420754403618e-01 5.397978154836944320e-01 5.405665134894903634e-01 5.361003971957173375e-01 5.350325008653828984e-01 5.395138474689689101e-01 5.304360818819880974e-01 5.366823123674288043e-01 5.278615277864453503e-01 5.218518797719584601e-01 5.234081641919117178e-01 5.337645848363666845e-01 5.217662742544589838e-01 5.296111109719817689e-01 5.333312055819779962e-01 5.302937354122659874e-01 5.340146433001574655e-01 5.215527419721068814e-01 5.399579991299268134e-01 5.352371313067247893e-01 5.345661583876878398e-01 5.280250426857576729e-01 5.328666279227797231e-01 5.107711719234707681e-01 5.156608331810129675e-01 5.475437447500607346e-01 5.279541515006697106e-01 5.221919554806783159e-01 5.370262691902345509e-01 5.281488312800945994e-01 5.279374638674911857e-01 5.192373439193501694e-01 5.231316091673782198e-01 5.298614981801208490e-01 5.275106792435797498e-01 5.241166134288893774e-01 5.180566596558239256e-01 5.247547622627406483e-01 5.237192449331207200e-01 5.310350026071124496e-01 5.167448096086202369e-01 5.205523128200865157e-01 5.251951425479371993e-01 5.188746204258823935e-01 5.189671899392780396e-01
6.276044830882389347e-02 6.313431700014782155e-02 1.492526939617722093e-01 2.821116368878054392e-01 1.000000000000000000e+00 1.779018866000347254e-01 4.058304914581395417e-01 3.767944177486610702e-01 3.411570753003232426e-01 3.226550162597267013e-01 3.705885033251728466e-01 4.065463199408517192e-01 4.114635394166503146e-01 2.929467833700444279e-01 4.297436563241686658e-01 4.312604725676880690e-01 3.648645658165908801e-01 4.063656131626168233e-01 4.086892612526681345e-01 3.606148820748500960e-01 3.998956482002570256e-01 4.225177146680489382e-01 4.094512172402037797e-01 4.092983075442422347e-01 4.115702404608119758e-01 4.372598466825833308e-01 4.377515376566811778e-01 4.307874753704759585e-01 4.070272714032346917e-01 4.298809511240232473e-01 4.352480389163126406e-01 4.310426453677778103e-01 4.026976104840217507e-01 4.207932649177557605e-01 4.230078023691580813e-01 4.121320324108348476e-01 4.267469145780355966e-01 4.229735543893959338e-01 4.355583346210454287e-01 4.245503996223826682e-01 4.214237624802695259e-01 4.310403251286655801e-01 4.271196974945135616e-01 4.386228933532775320e-01 4.418148459313021581e-01 4.398995777313272071e-01 4.243126544801169575e-01 4.197688060268442989e-01 4.201681755814454799e-01 4.245446332987873883e-01 4.128827045294110598e-01 4.285756517155649425e-01 4.224133262507846487e-01 4.249451919112801623e-01 4.270248973019832306e-01 4.274838232046676567e-01 4.222468674596099869e-01 4.211382367677533600e-01 4.110639923389357575e-01 4.195601740719525630e-01 4.186539322724394663e-01 4.108311996489940054e-01 4.235273792141560079e-01 4.186912010703468523e-01 4.221516337301887689e-01 4.202445661250436837e-01 4.226945270602688320e-01 4.285189263876255095e-01 4.288747028412042694e-01 4.175440345241197004e-01 4.301461303911451872e-01 4.311088566910795117e-01 4.293773762449512033e-01 4.328258849211592540e-01 4.358173814194267748e-01 4.298329021122097027e-01 4.326957722768157710e-01 4.259317195064192263e-01 4.299571285080994731e-01 4.252106572308970711e-01 4.276990891134178074e-01 4.274078213123395642e-01 4.287999279339282377e-01 4.264188015999803572e-01 4.347501919612045684e-01 4.358559631493016395e-01 4.299298086275961661e-01 4.282017791365508863e-01 4.269850151338382971e-01 4.306128190070849238e-01 4.297825369702346632e-01 4.349281841870304421e-01 4.349441235307123788e-01 4.351181173739821495e-01 4.178916372066860396e-01 4.227621788278987935e-01 4.410655731907120458e-01 4.312346987908637352e-01 4.343129112028044636e-01 4.297981674910333894e-01 4.348986172445770126e-01 4.293485481781929569e-01 4.224029041998259570e-01 4.316938582182872075e-01 4.354785793958652618e-01 4.290487418020155208e-01 4.275893529279431449e-01 4.249399011477264509e-01 4.287152684529156876e-01 4.314083375859110170e-01 4.233299341393254034e-01 4.238130923156089858e-01 4.202357669723018052e-01 4.291442274506872545e-01 4.213204137111677405e-01 4.249112605747910609e-01
2.157698859707646299e-02 5.518551489133768223e-02 1.185988273494713446e-01 2.391102596036157879e-01 1.779018866000347254e-01 1.000000000000000000e+00 3.813197873364148616e-01 3.283702558531162996e-01 3.849799919845785512e-01 3.715577606644985820e-01 4.022210013916495130e-01 4.435005169331449060e-01 3.866781881216601047e-01 3.096831283250287559e-01 4.472383769386752417e-01 4.231696117470183371e-01 4.299213962298368830e-01 4.410579213305845236e-01 4.384728899428795845e-01 4.026608684102164215e-01 4.274182720463546303e-01 4.343087187057949605e-01 4.410336962267406014e-01 4.340976331288662338e-01 4.449622195375481648e-01 4.499189302633578302e-01 4.385360639461766130e-01 4.522770989961057975e-01 4.231209598376494685e-01 4.552634378608024779e-01 4.643642616820671809e-01 4.695045958669278874e-01 4.513960566584068745e-01 4.527626425907176899e-01 4.642331967920652613e-01 4.416850971728360498e-01 4.577273462908096890e-01 4.713926240267204415e-01 4.686421346348455530e-01 4.375921463666674893e-01 4.730328623021501921e-01 4.689216036332385928e-01 4.650775052625361616e-01 4.703697114266126023e-01 4.629094204345698405e-01 4.674093024621348569e-01 4.740577839711783148e-01 4.771253844046620674e-01 4.711665835944974234e-01 4.577455811705828936e-01 4.692596816759055378e-01 4.448814093320853091e-01 4.568276173719456046e-01 4.760035628127007312e-01 4.734808327829058694e-01 4.767547963203617734e-01 4.476888827539300397e-01 4.754708450413702714e-01 4.685424485843819875e-01 4.714385461238547181e-01 4.689440409263581078e-01 4.650846585319619031e-01 4.534796276590384867e-01 4.586490906062825612e-01 4.613222404656475151e-01 4.635364580456879935e-01 4.808762926640845481e-01 4.773900762233722617e-01 4.758458304876246880e-01 4.807316189404161610e-01 4.805873100369000839e-01 4.790509229479054110e-01 4.781712006626917533e-01 4.807087436214863008e-01 4.771705338954337350e-01 4.734403751017369211e-01 4.789799025083518735e-01 4.642305968948767236e-01 4.783618950683846682e-01 4.786082261678866745e-01 4.757541948986565572e-01 4.783786229140178370e-01 4.800808458697451431e-01 4.801798021989719945e-01 4.817420439652702613e-01 4.789069083816966388e-01 4.772332045070595830e-01 4.853855087544304836e-01 4.827612654787384328e-01 4.823556566611426066e-01 4.808564919320908460e-01 4.833604057741339721e-01 4.808323924382079673e-01 4.804742010805204133e-01 4.826845159798496265e-01 4.794082012839489537e-01 4.811191896137819723e-01 4.729802008122703239e-01 4.797503449781567175e-01 4.859957262365262043e-01 4.819837702751604280e-01 4.809335968834679287e-01 4.750437207757392533e-01 4.841289451262441590e-01 4.768296622865978995e-01 4.731012359385707855e-01 4.794074608152505412e-01 4.795708276454155872e-01 4.808025342877478847e-01 4.835501449098172921e-01 4.847071714915492380e-01 4.799801129206860417e-01 4.783412697650890055e-01 4.753426655679173218e-01 4.747999091978197250e-01 4.743116473583763870e-01
1.096676099684551625e-01 1.240237369127246553e-01 2.684532547792501389e-01 4.721212294848485813e-01 4.058304914581395417e-01 3.813197873364148616e-01 1.000000000000000000e+00 5.989055752208066741e-01 6.271549186575435808e-01 5.633658538645408553e-01 6.564740118349394749e-01 7.069086443269646525e-01 6.609786490065207021e-01 5.109111476966772258e-01 7.466913280581877199e-01 7.127410081176568379e-01 6.757119824961620447e-01 6.969953371667835240e-01 7.279716646026749283e-01 6.705162233207816458e-01 7.257267122914934365e-01 7.454356523985843364e-01 7.290662379239676305e-01 7.180535350637421432e-01 7.428770927854411177e-01 7.515006167889173305e-01 7.432953791169153446e-01 7.646137699022272916e-01 7.278517623801454839e-01 7.478349107916000271e-01 7.505294541393321417e-01 7.560093990988806523e-01 7.124173824235562336e-01 7.368376087279032705e-01 7.255293240314072412e-01 7.168285988297879996e-01 7.440229485590290626e-01 7.460188571367208921e-01 7.502887921920330383e-01 7.524508782840128029e-01 7.571909491491887190e-01 7.520424613286105231e-01 7.624340208306288336e-01 7.657685427977781734e-01 7.536538817381249755e-01 7.564364961347713745e-01 7.445686678367552380e-01 7.373418992440812225e-01 7.401165844946839822e-01 7.339821226999589943e-01 7.489381172755052996e-01 7.292765487507649746e-01 7.267037002536482770e-01 7.398229492444055033e-01 7.449768284601409052e-01 7.612400046469581794e-01 7.393818419159330357e-01 7.451580111897581071e-01 7.396408882637058868e-01 7.410147341667305820e-01 7.366348844873785717e-01 7.333459531770657458e-01 7.406332739981572599e-01 7.382910476209275652e-01 7.438862250778565111e-01 7.323613529794542609e-01 7.406188905363032537e-01 7.466410900353045443e-01 7.534529230300316405e-01 7.465340037649981220e-01 7.494963521752827651e-01 7.508723229360332319e-01 7.518255596468846891e-01 7.556793167204837181e-01 7.568388146975364439e-01 7.544741826658657446e-01 7.632167744526839881e-01 7.542986021672614116e-01 7.598634722397920038e-01 7.421852755228642851e-01 7.413437447719676276e-01 7.424644775503084215e-01 7.529788357110673847e-01 7.467832973492946058e-01 7.479885669889732025e-01 7.515784710701107763e-01 7.514032776269530256e-01 7.523608637119434395e-01 7.441500630982882392e-01 7.584573276841316547e-01 7.616694353519301020e-01 7.561926772659721685e-01 7.514324614030101213e-01 7.580635021125030626e-01 7.347174356130825590e-01 7.364778585776904363e-01 7.593461109338737192e-01 7.422385252262201361e-01 7.460658761782706927e-01 7.553119401702859115e-01 7.539487837198471931e-01 7.464539097447707716e-01 7.402383940084409364e-01 7.476907106723542640e-01 7.515290330130482976e-01 7.452648383976114843e-01 7.422180628052912343e-01 7.419203754351915148e-01 7.456719461776151192e-01 7.432358118642683475e-01 7.487415944335111817e-01 7.399360710735083391e-01 7.432499962021771323e-01 7.447031544017251870e-01 7.371353438263961166e-01 7.387451734424731464e-01
6.902719328620839090e-02 8.868835302830452294e-02 2.268098664373623397e-01 4.304184841536671247e-01 3.767944177486610702e-01 3.283702558531162996e-01 5.989055752208066741e-01 1.000000000000000000e+00 5.859626962152721941e-01 5.284298898765035224e-01 5.963740908499319815e-01 6.699666810122363314e-01 6.004404340098254966e-01 5.245746232296918388e-01 6.929259060779899837e-01 6.984886375133283476e-01 6.059614638853662028e-01 6.438623244808983070e-01 6.364315720955248112e-01 6.175657756080346061e-01 6.396769009383409532e-01 6.654577763670440627e-01 6.550181606249803057e-01 6.484240613358445149e-01 6.533674509386032669e-01 6.729509985288115725e-01 6.676102005066445466e-01 6.790213446766143468e-01 6.405360913359047226e-01 6.752367864525414820e-01 6.882798138441719171e-01 6.890024381140431586e-01 6.595754882474279546e-01 6.837123836710187197e-01 6.690399332281312672e-01 6.440007996958252434e-01 6.783151713029657026e-01 6.927746204074510805e-01 6.868408864448601880e-01 6.771779853158891305e-01 6.884466652707802448e-01 6.890347032698618257e-01 6.821907336719884585e-01 6.933377245814922318e-01 6.803074757620586333e-01 6.986309831444428298e-01 6.857667293085141225e-01 6.848861856338719356e-01 6.843111628145791547e-01 6.852785823168042745e-01 6.900624535495325507e-01 6.597870943785165698e-01 6.787452985073821887e-01 6.800419105222857974e-01 6.898708077864178501e-01 6.856350518094556090e-01 6.735174943332954411e-01 6.885247716853813982e-01 6.869120155972379127e-01 6.796023888847648742e-01 6.784513248043392286e-01 6.680331364959406493e-01 6.713328779361248388e-01 6.720771506137847018e-01 6.696476414232995777e-01 6.786665932413467051e-01 6.839261332793736825e-01 6.866448109875358252e-01 6.946802283808599654e-01 6.916718095996372551e-01 6.922935348682773826e-01 6.914403357665795946e-01 6.930039519098726286e-01 6.920753248006469294e-01 6.908420548804289352e-01 6.891638443963586935e-01 6.870530141760741172e-01 6.787729895144883896e-01 6.959753816426024198e-01 6.821256882193590387e-01 6.838464651308813202e-01 6.884815536755864995e-01 6.900458409723021491e-01 6.854145692384491229e-01 7.008129559781084428e-01 6.964097863017696399e-01 6.853347689958374511e-01 6.986428731086806732e-01 6.863927931080269218e-01 6.950090411458279549e-01 6.931808263667852410e-01 6.950008208139465404e-01 6.903667081019676521e-01 6.973810026952723673e-01 6.786932012095858724e-01 6.809960899152173175e-01 7.052407170976495721e-01 6.900234929183186594e-01 6.902402485486226480e-01 7.007069419420854928e-01 6.899282843656970865e-01 6.910595215685905179e-01 6.846826687019830215e-01 6.915256772806951391e-01 6.891724624632020735e-01 6.821701864858679132e-01 6.884916790996049585e-01 6.798944648654442480e-01 6.858650858031031250e-01 6.889565405871722614e-01 6.882680050163668684e-01 6.835718758746026635e-01 6.840060524786273355e-01 6.856235379545965181e-01 6.791583684920846631e-01 6.815417761881684688e-01
7.634443516591443712e-02 1.294614478688329018e-01 2.457042234486642718e-01 4.356056449872059422e-01 3.411570753003232426e-01 3.849799919845785512e-01 6.271549186575435808e-01 5.859626962152721941e-01 1.000000000000000000e+00 6.977628343242302522e-01 7.101094421955440605e-01 7.780312728097843467e-01 6.865319401907745700e-01 5.857604034738468357e-01 7.960007884772384301e-01 7.731301866863413697e-01 7.519528552409110445e-01 7.515800940281724962e-01 7.505009052324462804e-01 6.824317052026162012e-01 7.057029069926381570e-01 7.707814871054732286e-01 7.741828190183238645e-01 7.586697365549770478e-01 7.663804858511573670e-01 7.875737086259543274e-01 7.896817335382542158e-01 7.899606300072132825e-01 7.645677980746382607e-01 8.163654740341136362e-01 8.325343215718085110e-01 8.225935944499689345e-01 7.693849467693378852e-01 7.912129972102373010e-01 8.158960160927613003e-01 7.875258242368167183e-01 8.174273383780226165e-01 7.999447637305256986e-01 8.205623237908249434e-01 7.473034376236443732e-01 8.164659357322520128e-01 8.221087998691370968e-01 8.089716570770236759e-01 8.246139526092516325e-01 8.188628266080678619e-01 8.198432945577229791e-01 8.423740377640860366e-01 8.425669173271215229e-01 8.366615849904425195e-01 8.018108421114933382e-01 8.125724616599581118e-01 7.971895921710174804e-01 8.203951840711608545e-01 8.435475513173319451e-01 8.340874020838964231e-01 8.253614620080326203e-01 8.327813031577225855e-01 8.342518399165302911e-01 8.308543336190615802e-01 8.441853076628486052e-01 8.362082018828727037e-01 8.340051199764821899e-01 8.188622820223357968e-01 8.339032973988135256e-01 8.331760960615460787e-01 8.457391331734827045e-01 8.411607769270977863e-01 8.419024144629011497e-01 8.442708577363033928e-01 8.352354165544334519e-01 8.381694918573059372e-01 8.429680400888608371e-01 8.325722360813690992e-01 8.358697074846301867e-01 8.426442055630422034e-01 8.406598795327173690e-01 8.327171480109200052e-01 8.303421501838895713e-01 8.344385993060027262e-01 8.426095308783472237e-01 8.406059994478690678e-01 8.445224043227111954e-01 8.399477690092126414e-01 8.416267474326718512e-01 8.326578735185535818e-01 8.371803273679749857e-01 8.374620614207198832e-01 8.333116263199792373e-01 8.373903476178972127e-01 8.368084517289124946e-01 8.231236555351429951e-01 8.370024401891185128e-01 8.367754521823133063e-01 8.343759157788003256e-01 8.411575272490460220e-01 8.456807317218746345e-01 8.245444123262977154e-01 8.332947842209552647e-01 8.369634181621563584e-01 8.268709906622281336e-01 8.356572986859506225e-01 8.324998742331707335e-01 8.404020578700063249e-01 8.391452747021387326e-01 8.396540372562133481e-01 8.413549467375790458e-01 8.442682809440961167e-01 8.442436235826453750e-01 8.423697660767088813e-01 8.412934600825593412e-01 8.353340772455394303e-01 8.455960539897000583e-01 8.397558560374049907e-01 8.446160143729463110e-01 8.424618262082567144e-01 8.431130956863392978e-01
-2.759261248178255122e-03 1.332885888307995814e-01 2.059957648862502932e-01 3.821972916545435806e-01 3.226550162597267013e-01 3.715577606644985820e-01 5.633658538645408553e-01 5.284298898765035224e-01 6.977628343242302522e-01 1.000000000000000000e+00 6.374610956821272767e-01 7.246213819921488719e-01 6.316341041213171525e-01 5.489237982580458253e-01 7.415107581260356184e-01 7.207720269581284755e-01 6.765445788142016026e-01 6.720941098555175408e-01 6.816089023036965289e-01 6.386985035226022678e-01 6.484500615283866898e-01 7.004028127971093642e-01 7.121772107084317627e-01 6.829217035690329229e-01 6.995693146108026284e-01 7.233459311405660008e-01 7.346784934888700436e-01 7.270678893265276610e-01 6.941841664664072376e-01 7.494364984175312383e-01 7.674904711390181378e-01 7.669594024673942467e-01 7.148689738474665045e-01 7.331906859517599573e-01 7.537054203221777993e-01 7.259340788910607634e-01 7.489305705346829267e-01 7.481516320682651822e-01 7.622615726056515273e-01 6.931328522769278910e-01 7.680685760556689168e-01 7.642815327543092119e-01 7.578037370764468816e-01 7.644636477304936895e-01 7.607674063327762859e-01 7.589015386667190555e-01 7.929152623872086636e-01 7.950758213769594240e-01 7.876887663817981888e-01 7.505371424178045592e-01 7.662166131472903929e-01 7.419207783529361278e-01 7.673983650566447157e-01 7.917690735377528322e-01 7.822570745576968854e-01 7.724941424327486095e-01 7.734982911275638529e-01 7.847044045880340324e-01 7.835116805533371975e-01 7.935764878316894366e-01 7.946525708374790886e-01 7.867892122948347833e-01 7.708040986266817551e-01 7.810260128270083424e-01 7.731743979791713128e-01 7.901377997968183076e-01 7.942745803462081255e-01 7.901326712458131007e-01 7.902767229070133403e-01 7.846152675511472996e-01 7.858325094304247083e-01 7.887008518343828767e-01 7.740325684950095653e-01 7.810629487607645416e-01 7.921468731820601183e-01 7.907835753366052600e-01 7.782167578928087526e-01 7.735030296840470498e-01 7.805305389122013660e-01 7.919223565459098113e-01 7.920456464605026836e-01 7.977388465108216087e-01 7.841813956182458467e-01 7.917376243386177181e-01 7.813032273264244321e-01 7.872105820625135975e-01 7.843236825792180289e-01 7.820467279736597055e-01 7.895728181842072146e-01 7.840780422279473028e-01 7.714089379323296747e-01 7.897872623700925576e-01 7.880207923922086799e-01 7.846990639109768795e-01 7.984769328206565708e-01 7.992500332381696770e-01 7.732040070196860571e-01 7.842646702063681419e-01 7.933574801491128925e-01 7.798989798355474568e-01 7.881602160544033397e-01 7.856347447014979668e-01 7.930925841509408603e-01 7.914835323870906825e-01 7.876325552122884766e-01 7.857473734678824817e-01 7.945520423120142617e-01 7.967375064923982730e-01 7.916059608614320897e-01 7.922446918349759226e-01 7.866052366784743732e-01 7.974480872323637115e-01 7.923504140221053760e-01 7.914131865653303288e-01 7.931723422960107461e-01 7.948914156401772901e-01
5.720828635766431886e-02 1.090389420927437153e-01 2.482134783626037677e-01 4.786837091016755696e-01 3.705885033251728466e-01 4.022210013916495130e-01 6.564740118349394749e-01 5.963740908499319815e-01 7.101094421955440605e-01 6.374610956821272767e-01 1.000000000000000000e+00 7.782575111281446745e-01 6.940013779489302426e-01 5.613426166192339029e-01 7.727020668122492886e-01 7.599431710387850591e-01 7.209237735253927193e-01 7.473508492383799107e-01 7.600054280264614270e-01 6.991587069865796700e-01 7.380095587234749566e-01 7.786080024455265258e-01 7.712332494832037089e-01 7.586667529128187093e-01 7.764147248344435148e-01 7.967075174637631152e-01 7.920678980650415202e-01 8.024345304017902469e-01 7.745913428990964800e-01 8.096505201466666080e-01 8.254292980142458047e-01 8.176076484502987629e-01 7.759294723152712070e-01 7.915230689868908431e-01 7.952920623638433106e-01 7.756770229901993607e-01 8.030614878037951598e-01 8.079651687076178090e-01 8.107334684224539734e-01 7.784430147751303375e-01 8.177189106331729240e-01 8.129763488849144348e-01 8.031708679142065543e-01 8.178218468470923597e-01 8.154590292504749760e-01 8.135607657578338703e-01 8.193644223911541458e-01 8.201828922713446657e-01 8.186981328106432976e-01 7.993586475122673729e-01 8.157999820886566722e-01 7.971260451031174643e-01 7.987304893347825230e-01 8.183610254155054831e-01 8.156788211881284001e-01 8.205020371339372121e-01 8.076950184132345445e-01 8.170702138221135336e-01 8.134525634710806363e-01 8.128321539485652281e-01 8.138917208491973643e-01 8.085791795995090903e-01 8.063519932466854945e-01 8.082427190963273889e-01 8.139505070895634020e-01 8.113751083229404637e-01 8.171598833547953911e-01 8.218744230431115350e-01 8.241061164927717675e-01 8.160780886973753034e-01 8.213257089135417299e-01 8.225367183987439823e-01 8.191472890890587610e-01 8.242516984261043511e-01 8.272473430084554824e-01 8.257472115670664303e-01 8.240379295869333376e-01 8.183966136414587700e-01 8.255772160122318848e-01 8.191691094170017173e-01 8.193962955762493783e-01 8.219117420812476205e-01 8.223703871200577220e-01 8.215226525120808976e-01 8.204782309274755159e-01 8.242697283251878559e-01 8.198175871119558478e-01 8.225495967805689368e-01 8.181338178561233798e-01 8.270371863766187159e-01 8.238643951184189129e-01 8.266077008453078800e-01 8.233080135914769837e-01 8.220344257606794214e-01 8.152529863195104864e-01 8.186485310184643538e-01 8.245313806751941588e-01 8.187382499092810129e-01 8.173930135275807585e-01 8.230679621675066615e-01 8.198890564505671996e-01 8.202923556119635640e-01 8.172219639190019258e-01 8.207552462587415221e-01 8.215244765988843900e-01 8.180163695014910363e-01 8.210810847318515959e-01 8.192794164324600503e-01 8.224700712304467975e-01 8.214452248192287698e-01 8.206378570451126064e-01 8.177026421464381745e-01 8.168493162154907283e-01 8.189640290441511095e-01 8.169813401265277886e-01 8.172965131151458396e-01
3.320821229903594268e-02 1.210883398601030336e-01 2.853229857116063584e-01 5.083445372431409925e-01 4.065463199408517192e-01 4.435005169331449060e-01 7.069086443269646525e-01 6.699666810122363314e-01 7.780312728097843467e-01 7.246213819921488719e-01 7.782575111281446745e-01 1.000000000000000000e+00 7.595716707217594621e-01 6.287704013355909227e-01 8.695567054710784394e-01 8.451903667164796241e-01 8.004348432011274550e-01 8.036296233161205338e-01 8.115880620071159735e-01 7.597126468509854957e-01 7.852584987625232937e-01 8.384073123819751894e-01 8.340123257262100909e-01 8.096158990174777692e-01 8.254135793986329128e-01 8.576271517506131037e-01 8.621204799192888624e-01 8.755044441216888185e-01 8.267442222064772528e-01 8.714794704113245638e-01 8.951486928580910662e-01 8.966315912218070228e-01 8.584880020916870746e-01 8.775480351501445675e-01 8.767318117268083633e-01 8.542727982687834398e-01 8.842221890996648792e-01 8.943195489892686867e-01 8.930964675304440270e-01 8.581746287314658828e-01 8.987249601238839203e-01 9.008650042777096578e-01 8.851882191248756637e-01 9.011441448720972636e-01 8.942084698221528516e-01 8.984786012717892456e-01 9.051958222805887022e-01 9.059456573688282610e-01 9.020092172063980396e-01 8.819853410912112945e-01 8.975326757869477312e-01 8.717216838606789420e-01 8.844801394705241737e-01 9.034627098759624442e-01 9.010760992332114139e-01 9.008259643098835978e-01 8.878068299811013864e-01 9.047668089401668112e-01 8.981357038980928298e-01 9.036606429542312080e-01 8.984065238192310288e-01 8.938214335049715631e-01 8.823152441464933160e-01 8.960809387118162661e-01 8.958821695142406005e-01 9.012839267689037870e-01 9.047184324339835326e-01 9.068101646496281587e-01 9.092007879415537897e-01 9.003584608771504350e-01 9.061413460280440813e-01 9.067997782292523956e-01 8.982094110001261900e-01 9.020143181262397780e-01 9.087172537336043465e-01 9.075779326577932959e-01 9.030891790014858866e-01 8.930204648435475789e-01 9.029642471097973910e-01 9.040056524926872727e-01 9.024118905647001698e-01 9.091898928815349556e-01 9.083524718124350583e-01 9.086410954656773953e-01 9.060561043223220867e-01 9.100894124467507895e-01 9.075197712019735796e-01 9.076066835362286422e-01 9.073023184173250044e-01 9.074921069505992310e-01 9.077060759097367315e-01 9.112234332142140625e-01 9.086995354657840807e-01 9.091114870182742669e-01 9.051645525311458051e-01 9.080668985428703710e-01 9.021916318374716415e-01 9.001899113457851875e-01 9.028298762734121574e-01 9.066257118744767141e-01 9.076204853418248231e-01 9.039541837811907454e-01 9.045425794032810884e-01 9.073362667324345043e-01 9.081362563179868896e-01 9.012488736402490819e-01 9.078488693177019231e-01 9.071249146179201084e-01 9.075255887204176641e-01 9.075044103107040572e-01 9.055042737465028857e-01 9.076275539715437102e-01 9.047649146645140306e-01 9.062216177638708903e-01 9.060198448214825673e-01 9.040386855617464912e-01
5.885687702194365711e-02 1.364208316500763463e-01 2.603434574459176920e-01 4.701048757979145454e-01 4.114635394166503146e-01 3.866781881216601047e-01 6.609786490065207021e-01 6.004404340098254966e-01 6.865319401907745700e-01 6.316341041213171525e-01 6.940013779489302426e-01 7.595716707217594621e-01 1.000000000000000000e+00 5.654635841404300756e-01 7.864715719457413545e-01 7.731788501000136371e-01 7.181757279546344686e-01 7.496175413811120292e-01 7.659449194060885535e-01 7.096164794675242637e-01 7.496629518532327285e-01 7.759680680604293945e-01 7.733069964155343534e-01 7.557276959493597346e-01 7.736360254245268075e-01 8.003334265314417939e-01 7.932215447199163494e-01 7.948883455786912577e-01 7.665840116881131872e-01 8.073799988782771608e-01 8.142217539116894942e-01 8.053113097561611644e-01 7.486913819327044584e-01 7.720965225162185197e-01 7.800430530533890572e-01 7.644652381437895272e-01 7.886394569569662449e-01 7.947314960862360556e-01 8.083076310317731661e-01 7.667509695291501171e-01 8.105088173810364172e-01 8.040787995854180581e-01 8.065483115774861878e-01 8.165661589473296456e-01 8.026215535361005404e-01 8.148798865909038236e-01 8.140912886319809916e-01 8.119612956811925741e-01 8.113110578138899021e-01 7.869360183749359861e-01 8.024090054215994305e-01 7.725981732607237751e-01 7.824473997597827246e-01 8.129184984480326559e-01 8.122249195805666400e-01 8.146765463860140555e-01 8.012315788409677397e-01 8.097854897865902624e-01 8.079290123334351703e-01 8.125486607877615564e-01 8.059288154276242899e-01 8.052395254165819471e-01 8.007035748385948892e-01 8.061179083135615597e-01 8.040054906403547585e-01 8.049240969253486089e-01 8.082553397206549972e-01 8.135512970260725396e-01 8.174274054511558862e-01 8.137874011450495493e-01 8.175914312330891942e-01 8.159512345832842239e-01 8.099894267515365121e-01 8.136043178822109923e-01 8.200964675208093357e-01 8.200907689155461089e-01 8.195792907731526133e-01 8.113217188161626625e-01 8.168830817160478430e-01 8.165825531930233083e-01 8.102882607179416885e-01 8.158468623924595153e-01 8.138783952115111742e-01 8.113210730765239020e-01 8.074864365147578216e-01 8.128303483316574596e-01 8.101061978375944106e-01 8.148450526104412672e-01 8.099977165598306605e-01 8.192822496987707259e-01 8.086784239436165533e-01 8.182502420449065950e-01 8.162846015827093238e-01 8.204253367681324516e-01 8.077261026021542722e-01 8.106496000512131150e-01 8.154087857797475136e-01 8.051340680563614516e-01 8.119939419623476429e-01 8.153498620482408921e-01 8.159976916397874147e-01 8.132664620459032490e-01 8.076268231885769255e-01 8.165078875141904557e-01 8.117219976558360806e-01 8.120095217521681175e-01 8.125116266820689992e-01 8.125007487394609873e-01 8.155137972950717851e-01 8.154697839930652448e-01 8.162354752579011885e-01 8.125118527561150383e-01 8.115945332610526863e-01 8.124534712818063387e-01 8.079613158143790219e-01 8.106421223030110257e-01
