1.000000000000000000e+00 1.000878491449339047e-01 7.119681828924129263e-02 3.981749275287227441e-02 5.209147911058986669e-02 7.512279599765520413e-03 1.099010421834990293e-02 1.425201849999836387e-02 9.853541203807919535e-02 1.563570548776672259e-02 6.209510273124812380e-02 2.330148589143887783e-02 4.715830505376873011e-02 -1.432640542612704203e-02 -3.302664956742150371e-05 4.157437320705067996e-02 5.676904884432935200e-02 7.170568075996755497e-02 8.288610279497254929e-02 8.266711605375687277e-02 6.529382479273831974e-02 8.453331162904247076e-02 1.015029618577254211e-01 9.409607945146600261e-02 7.858993975430865475e-02 1.115383911812170004e-01 9.562576959361011875e-02 1.025391621957761762e-01 1.163839773510179643e-01 1.172375757093014476e-01 1.005632866708502382e-01 4.152913376777038479e-02 9.002627182146855089e-02 4.724188630860582522e-02 1.061190743634202877e-01 3.851855110803038135e-02 9.183505056406371381e-02 1.636931030426155842e-02 4.043338190948781580e-02 8.060421524819786493e-03 1.281894738448800634e-02 -4.591513981117025488e-03 -1.314774645922892754e-02 2.496421898332658665e-02 3.753184703620703055e-02 5.362802320456946936e-02 1.034881855861333709e-02 1.382809567908995473e-02 2.529565203893984274e-02 3.212950948273259836e-03 -4.363055449711468817e-03 -1.128532882111998262e-03 1.700540014624873572e-02 4.104389723398706169e-02 4.293309854079891547e-02 3.597688308366844834e-02 4.618882962851139640e-02 5.435973876629287584e-03 9.011059631155922747e-03 3.626547426671230395e-02 3.323260163444157703e-03 2.382556812420635189e-02 2.090233456242687748e-02 3.005715675858939076e-02 3.998363363087553690e-02 4.086222549191573239e-02 1.969682489884939935e-02 2.416851188786832416e-02 3.502768113625574081e-02 2.575339925819603720e-02 2.124971353061139503e-02 2.645703048991206868e-02 3.510046012145497801e-02 2.404474845684488604e-02 3.688965638172136963e-02 3.611319073467929991e-02 4.145685523271505635e-02 5.583491975823507564e-02 3.789436818039380872e-02 4.546077173999176629e-02 4.966531023359467556e-02 3.674796215029488972e-02 2.955882727437543489e-02 4.951714093789934962e-02 -6.826348830090564306e-03 1.812050768466842363e-02 1.940490899591791260e-02 3.171818919639601744e-03 1.949864725931301987e-02 9.963323073716333009e-03 9.810971035359397630e-03 1.198118544941936163e-03 1.114956786662722570e-02 1.207737225469412284e-02 4.172521383243709553e-03 1.016158118508488778e-02 -1.412929601772269610e-02 3.128994002265784308e-02 9.954360013311468885e-03 4.480081645429665783e-03 -4.728768221971299361e-03 1.087889663830362424e-02 1.426551263099672985e-02 6.234112857832864625e-03 1.022232630411727509e-02 3.039611654972255300e-02 1.941788263254463562e-02 1.567614533707270552e-02 1.434489240883508009e-02 7.412128493334254990e-03 4.426275166500823243e-04 1.660114439292037156e-02 1.153664809659035902e-02 1.801663972226661553e-02 2.457290971886954417e-02 2.492902214247368076e-02
1.000878491449339047e-01 1.000000000000000000e+00 6.994090294117781548e-02 8.079738313100674751e-02 4.297498715614428422e-02 3.799964811734054398e-02 1.199339658759316779e-01 1.012297198476961452e-01 1.327536439651548772e-01 1.498639894125274041e-01 1.224440343526112251e-01 1.338422989613146374e-01 1.288283768553304121e-01 1.155054721180775318e-01 1.374756819125829976e-01 1.122675103663822865e-01 1.340512271679617506e-01 1.628231563057149500e-01 1.514162145610673249e-01 7.054334869540254682e-02 9.121599862924706370e-02 1.210844769480039218e-01 2.066261930643236711e-01 1.417699310810680291e-01 1.642531176760384237e-01 1.782474229793591658e-01 1.727445755667996463e-01 1.957960837194829551e-01 2.011054234786533723e-01 2.029449419092594353e-01 1.906031889158677772e-01 1.611959511651167576e-01 1.660997676520938604e-01 1.075476751474702397e-01 1.623182029370182355e-01 1.632599303233598087e-01 1.807126976452916589e-01 1.573889012654683395e-01 1.597399644235384386e-01 1.684002882646880583e-01 1.509086431169503750e-01 1.584693654861008549e-01 1.607282628645559097e-01 1.470518883741168958e-01 1.708750144354392320e-01 1.775270431106746594e-01 1.364959478420011696e-01 1.493978322762412880e-01 1.415517856124748064e-01 1.475065599260730054e-01 1.427426405809452403e-01 1.211110688222303416e-01 1.264277942770845875e-01 1.398434493209832208e-01 1.482071948097978820e-01 1.671812909932180458e-01 1.320021911857535701e-01 1.339635551048673212e-01 1.381305406768814914e-01 1.258648946665353874e-01 1.432309936650570104e-01 1.294255367905275955e-01 1.302132743744784660e-01 1.432994056782919967e-01 1.408579304924411912e-01 1.261465595160415620e-01 1.414833181499530745e-01 1.437586214964930997e-01 1.507693877535054017e-01 1.222990266943188853e-01 1.352130595954423586e-01 1.457487535249804567e-01 1.386177328087726812e-01 1.488490507275807284e-01 1.544686049396861716e-01 1.622187399361052773e-01 1.776292647493638022e-01 1.768523724204748293e-01 1.707233543111345841e-01 1.789490501152468382e-01 1.706969999033603191e-01 1.627230444152097943e-01 1.534844728847068185e-01 1.562484521971971574e-01 1.363059967833139818e-01 1.242863763809493594e-01 1.624180143778037322e-01 1.523616985614486830e-01 1.546092811438694870e-01 1.526183681277682447e-01 1.651082930752949540e-01 1.475967669955288997e-01 1.545304112940208696e-01 1.534122692921460751e-01 1.384732512498133283e-01 1.421483169880043973e-01 1.428375551460209225e-01 1.395467077242552312e-01 1.426885181441569783e-01 1.420114671711982246e-01 1.494189537086147157e-01 1.438377135251770189e-01 1.304304238986652431e-01 1.385998019913222412e-01 1.413113216630753066e-01 1.339817076839550924e-01 1.368872077432556067e-01 1.477629905218446893e-01 1.480870811252981423e-01 1.329579486090105012e-01 1.419596639644945257e-01 1.369724348191046770e-01 1.399100659079702269e-01 1.421509248229748668e-01 1.379344288873727287e-01 1.329175080324488667e-01
7.119681828924129263e-02 6.994090294117781548e-02 1.000000000000000000e+00 2.955241507007410617e-01 1.574816879442688944e-01 1.480625243829936377e-01 2.625242245022179066e-01 2.337696748181639916e-01 2.504831830792929037e-01 2.524860472281320600e-01 2.749970140952308628e-01 2.952209436427974953e-01 2.424040851846280265e-01 2.314929280351962770e-01 3.038293478234619371e-01 2.892470889211669061e-01 2.866194109540617929e-01 3.017160157950051214e-01 2.936354713481001411e-01 2.544092346078679068e-01 3.023355819402993028e-01 2.891921558098274336e-01 3.229107285307663555e-01 2.872735214907364831e-01 2.910047331254388969e-01 3.375084005590246461e-01 3.034096058081431346e-01 3.260308768568682680e-01 2.971555948668622715e-01 3.155214726872320741e-01 3.233895973995746242e-01 3.149946617019212525e-01 3.238563961807387481e-01 2.891997750071591544e-01 3.022260999133385417e-01 3.262346624033419795e-01 3.329998260796607767e-01 3.109697933358911981e-01 3.159049571946999091e-01 3.371600599881790505e-01 3.095618311755202745e-01 3.066788259814226536e-01 3.140425011069192252e-01 3.152463492810015366e-01 3.282239965477272703e-01 3.218990967521105917e-01 2.951840001754953979e-01 2.968817108543393979e-01 2.985337268076428408e-01 3.035528557201268574e-01 3.101867995193424155e-01 2.922739926507334496e-01 2.837199618783246557e-01 2.945660934854034685e-01 2.983551346210668864e-01 3.160497862915663814e-01 2.968512239635091032e-01 2.925119381237655247e-01 3.043069510927275401e-01 2.906861291777562695e-01 3.063690668244686277e-01 2.962803472614454758e-01 2.959161340274050755e-01 3.030434124107524441e-01 2.903313095213717054e-01 2.879205234089743937e-01 2.993368797857656749e-01 3.076617574254958409e-01 3.095890802735633551e-01 2.992339870237029076e-01 3.093306266724905607e-01 3.069399021116049897e-01 3.039728422875932479e-01 3.101183295418769581e-01 3.133626465678331918e-01 3.154030320504513929e-01 3.146485530480394033e-01 3.052121338561933905e-01 3.110485411810916534e-01 3.092186097410922763e-01 3.125690359218838976e-01 3.009944645501662075e-01 3.075161952911428243e-01 3.086976558552885774e-01 3.015434248775057391e-01 2.974008261765598848e-01 3.173552887327674155e-01 3.058492234500315710e-01 3.056800645835350272e-01 3.032144996912601309e-01 3.195336988826919522e-01 3.023293379300623362e-01 3.089872912884806255e-01 3.066488110975873482e-01 2.922540951622860650e-01 2.967228368572940589e-01 3.001337470796608398e-01 2.890713814909957602e-01 2.976712787118148684e-01 2.996450057051595062e-01 3.037784064647117144e-01 2.959766681803183697e-01 2.940080282027514591e-01 2.994692965474988755e-01 3.011330281794718511e-01 2.879203555560958527e-01 2.942115380021571025e-01 2.939009692401625684e-01 2.978092898571766400e-01 2.934669808145451420e-01 2.941176469656126002e-01 2.896964045853030467e-01 2.943494269787628181e-01 2.965277649365719581e-01 2.968781579075431276e-01 2.910158639425756144e-01
3.981749275287227441e-02 8.079738313100674751e-02 2.955241507007410617e-01 1.000000000000000000e+00 2.651205480045182861e-01 2.624053852009804455e-01 4.794673051738355118e-01 4.386333650782160420e-01 4.516996771501377017e-01 4.188639318007146284e-01 4.743049663598707943e-01 5.415216909078055529e-01 4.522536912377685958e-01 4.156472951391260717e-01 5.334953216775905060e-01 5.290091275134631843e-01 4.888182664868416238e-01 4.705035924515566514e-01 4.729986296922960021e-01 5.238165187491742314e-01 5.387190079891899241e-01 5.030454546948851524e-01 4.752463887883331406e-01 4.792243548511362361e-01 4.824061865916964842e-01 5.092602113817581433e-01 5.012359483340641519e-01 4.879095534005387091e-01 4.364332330246582514e-01 4.840867968838430402e-01 4.967360877166871469e-01 5.280465509078079434e-01 5.076529321392388994e-01 5.174297923713692127e-01 4.951484331334974898e-01 5.238873104908523537e-01 5.293471833605347676e-01 5.100873454901682091e-01 5.298076189334293140e-01 5.356430200077176851e-01 5.310716130272721269e-01 5.257299830265723672e-01 5.338043678489792221e-01 5.437957951133374213e-01 5.234046822058738835e-01 5.256633833224352292e-01 5.208819699444540152e-01 5.140047989602735123e-01 5.262614108158604198e-01 5.240334819867542571e-01 5.333582817693427458e-01 5.384793415555034768e-01 5.360487573275134476e-01 5.168760028308444499e-01 5.198497505717638578e-01 5.152905852127261932e-01 5.390809282726499729e-01 5.228792772534521793e-01 5.235503926331374069e-01 5.239129600706434742e-01 5.447083666989395168e-01 5.297668843129436089e-01 5.346753741741716581e-01 5.318559642692172185e-01 5.250311002035346064e-01 5.303505526232688005e-01 5.177348218219547382e-01 5.298418275504346298e-01 5.337535801974166993e-01 5.512436554599072780e-01 5.401551152821968405e-01 5.271797807880386211e-01 5.275953089616963743e-01 5.289708054307196150e-01 5.254376235319906385e-01 5.201383128957983715e-01 5.143725883956525857e-01 4.967022982184626789e-01 5.173743763156135600e-01 5.112963193754302971e-01 5.219642317351927963e-01 5.119372369918420151e-01 5.231046879110186065e-01 5.240538827312897219e-01 5.292484733891382742e-01 5.275821513003905450e-01 5.283373640951017913e-01 5.309473894253076143e-01 5.262333311667228841e-01 5.232762969552513521e-01 5.317485657840345104e-01 5.266321524960303480e-01 5.310682705202282028e-01 5.279334612352029055e-01 5.172077174957879775e-01 5.176882050497870758e-01 5.281886336062077136e-01 5.197776318122876438e-01 5.310874953406841126e-01 5.290614767662191742e-01 5.386148978886036165e-01 5.260471012472669461e-01 5.290115489537633442e-01 5.315150097831405906e-01 5.340961574811999846e-01 5.281879392897634862e-01 5.199884918367599917e-01 5.137121683129544092e-01 5.210810157647751684e-01 5.160521978165503176e-01 5.274802765602149002e-01 5.207797185884288638e-01 5.271523792159830135e-01 5.232367857078690232e-01 5.254576754381689030e-01 5.256863801887526888e-01
5.209147911058986669e-02 4.297498715614428422e-02 1.574816879442688944e-01 2.651205480045182861e-01 1.000000000000000000e+00 2.485771444562035470e-01 3.882633119789246634e-01 3.700333594147929284e-01 3.806747355357087970e-01 3.272959901668973659e-01 3.690845469327986850e-01 4.020489693507138806e-01 4.143869860894572321e-01 3.336254941756077175e-01 4.162711963523808012e-01 4.089766423612125057e-01 3.806517631663045576e-01 3.359140896122605469e-01 3.454072685204300219e-01 3.949066607556534492e-01 4.186512377228509552e-01 3.862758663366596679e-01 3.451900485371554028e-01 3.577778582200444868e-01 3.474154336480457794e-01 3.933491827895262416e-01 3.683967500527016714e-01 3.555411553416720771e-01 3.182519075352260862e-01 3.594505291853917761e-01 3.707535010817800680e-01 4.111452211345870689e-01 3.756703894894214968e-01 4.206878937131739438e-01 3.809021282251275897e-01 3.919479605314031834e-01 3.800627571933171689e-01 3.934232517278405949e-01 4.190376662401548713e-01 3.970011508311062642e-01 4.017229359069869332e-01 3.979997218585082375e-01 3.867647926004743053e-01 4.174408369821297482e-01 4.035381176197606057e-01 4.068256744823459115e-01 4.153438719141177571e-01 4.124821409135717154e-01 4.108423438780716697e-01 4.160205989115913217e-01 4.103625144925728829e-01 4.221575387032774351e-01 4.180727266838908940e-01 4.132835749039074913e-01 4.072673797008868335e-01 4.009365133901757750e-01 4.132302949715090934e-01 4.124692946485460365e-01 4.021762652270327032e-01 4.203677512750103040e-01 4.245292623482833649e-01 4.056514444338267800e-01 4.128739320711979355e-01 4.141057699751649057e-01 4.150693887796438331e-01 4.181898620437724534e-01 4.151662701534578614e-01 4.122656252804335342e-01 4.195564276576625451e-01 4.322101792754696192e-01 4.227029343808023643e-01 4.185937279186685567e-01 4.160188029154872069e-01 4.074236979706388762e-01 4.180787869048860905e-01 4.023919311218045469e-01 3.888468167847380363e-01 3.788542280964138365e-01 4.005922982344459760e-01 3.974638204885703741e-01 3.966956267107699663e-01 4.052730937946782963e-01 4.146149964018965850e-01 4.090187275939799472e-01 4.241846097810618166e-01 4.223421133179416365e-01 4.079324717503871045e-01 4.158312915866657633e-01 4.146175653659410765e-01 4.102554242949968399e-01 4.000248064574756235e-01 4.140867339191249274e-01 4.131784014343828915e-01 4.158428906490185262e-01 4.150558987864369498e-01 4.126451325294370753e-01 4.228658737594174211e-01 4.251959550108512231e-01 4.288312111332412413e-01 4.240166202372270821e-01 4.211554116039864515e-01 4.245311996289111711e-01 4.248287912955725498e-01 4.287064626537076539e-01 4.268515567170231284e-01 4.257586259214244939e-01 4.176611293991147056e-01 4.119899729642240160e-01 4.154954385400436712e-01 4.170770897098793339e-01 4.163772605536774085e-01 4.192643004606787516e-01 4.162809537674473370e-01 4.218463091894516515e-01 4.194427615501964968e-01 4.207770442905645614e-01
7.512279599765520413e-03 3.799964811734054398e-02 1.480625243829936377e-01 2.624053852009804455e-01 2.485771444562035470e-01 1.000000000000000000e+00 4.201789707205055291e-01 3.768479188371221533e-01 4.131450000671203493e-01 3.846686180811497713e-01 3.915798107900334002e-01 4.536452618228906664e-01 4.098709008850726088e-01 4.194016936056620404e-01 4.803671281974603580e-01 4.431138615200213571e-01 4.118072605201580916e-01 3.474111738696351037e-01 3.938727986385766600e-01 4.058324773098520022e-01 3.816657910739808535e-01 3.856210622278132272e-01 3.677496426593300227e-01 3.811300172865428881e-01 3.664728380162362020e-01 4.275480744295638291e-01 4.525430366143172733e-01 4.223533027015175523e-01 3.896636810781081151e-01 4.293685937717588441e-01 4.484133119180490623e-01 4.630341549027440218e-01 4.450543202326172065e-01 4.637578232074946460e-01 4.551053854518720687e-01 4.240452993604508780e-01 4.428015105842699750e-01 4.608229952186133627e-01 4.788809708873706938e-01 4.377286570649706610e-01 4.815058263544145234e-01 4.704784067287278160e-01 4.335523761279712063e-01 4.807915917972560016e-01 4.484789560063022207e-01 4.659065824319920113e-01 4.809289743658348715e-01 4.856695231385138034e-01 4.759120127230858088e-01 4.608982351340688566e-01 4.727122266779794080e-01 4.481074899731149475e-01 4.733516575872701582e-01 4.790538533137653210e-01 4.691008429664289547e-01 4.532746904448171632e-01 4.642751127507786513e-01 4.847868773107237295e-01 4.715952003670293435e-01 4.830782561093458494e-01 4.785141339245672087e-01 4.829977563927773665e-01 4.767291593761758262e-01 4.698483437602045121e-01 4.729553953039134506e-01 4.827669034202830556e-01 4.847810555477040095e-01 4.764017409606616793e-01 4.788899362392636250e-01 4.867732778706180818e-01 4.789218835262521456e-01 4.771487890556602718e-01 4.759522034298152016e-01 4.669368137168785071e-01 4.792855155871169615e-01 4.793297362891134061e-01 4.676094914877192421e-01 4.629389798521267307e-01 4.684338820348840637e-01 4.771708122375274974e-01 4.747475092947103237e-01 4.827460808365968137e-01 4.728107786019904446e-01 4.843352514484431937e-01 4.881814944060985373e-01 4.870021987697842891e-01 4.753931793696832275e-01 4.819468686208581154e-01 4.854050753926076323e-01 4.679087459821554273e-01 4.624029127994462862e-01 4.832176653715535841e-01 4.784333939158502136e-01 4.824731513329252319e-01 4.862781327523416075e-01 4.879255136206750998e-01 4.780913401998956869e-01 4.747084203031713412e-01 4.862144763852949692e-01 4.831587044874119941e-01 4.817511511424187320e-01 4.859416750852374456e-01 4.838134015957973877e-01 4.890671922414306372e-01 4.813550665154278096e-01 4.824835008410661708e-01 4.878670401788874345e-01 4.829793271491180096e-01 4.832878122602212723e-01 4.895872237622993506e-01 4.867799476071705267e-01 4.894911848377339059e-01 4.923275503942046161e-01 4.850056258629129591e-01 4.818856900083053896e-01 4.903399909778913823e-01
1.099010421834990293e-02 1.199339658759316779e-01 2.625242245022179066e-01 4.794673051738355118e-01 3.882633119789246634e-01 4.201789707205055291e-01 1.000000000000000000e+00 6.304582437781380833e-01 6.397738988096915991e-01 6.031038686653749092e-01 6.417115435799143341e-01 7.169002388394996039e-01 6.268934222228924602e-01 6.161883037964515086e-01 7.659749820845684898e-01 7.174866617523018020e-01 6.534078120707124127e-01 6.095483620680368642e-01 6.416321025756522856e-01 6.488868774433899089e-01 7.016566843546397925e-01 6.549349965694829523e-01 6.278521114469445275e-01 6.198482575846873122e-01 6.301818892100888858e-01 6.906569760146000769e-01 6.961397366768782291e-01 6.816019215535016329e-01 6.116478996744700858e-01 6.635252086498910629e-01 6.846323714245615699e-01 7.276099021503567021e-01 6.851862641763900585e-01 6.924644766135789054e-01 6.748217309614830128e-01 7.144438474653641569e-01 7.090165458237221996e-01 7.264605646909364500e-01 7.392674179670769563e-01 7.403202468494011201e-01 7.390378925548709566e-01 7.482262274486729536e-01 7.479552783655518677e-01 7.542087290069471317e-01 7.292576739048408641e-01 7.408271577213197956e-01 7.395136079257774719e-01 7.339990171186280277e-01 7.328836501701091466e-01 7.319237548872901122e-01 7.525915412075353528e-01 7.219765985117855278e-01 7.324942062362088668e-01 7.272649059754661138e-01 7.241678982775010542e-01 7.217640540092180590e-01 7.254617222319269532e-01 7.388532250027732839e-01 7.357488859810861204e-01 7.366604233845519545e-01 7.597572204918165983e-01 7.382387354274042579e-01 7.383996983948689641e-01 7.382675403835011751e-01 7.242739661826869124e-01 7.332349418602913671e-01 7.348332014442617854e-01 7.395085978962964157e-01 7.457866251541263036e-01 7.551699237353122207e-01 7.489037597417298464e-01 7.382523105001234098e-01 7.338191500947339740e-01 7.356954253012396583e-01 7.397866208741896710e-01 7.340893085919140137e-01 7.310000897750490445e-01 7.056677398132980006e-01 7.321509530061164339e-01 7.193467270581450634e-01 7.285272737197847626e-01 7.301603504455275173e-01 7.390962457860975610e-01 7.320785127678599569e-01 7.497078427808291368e-01 7.378523399209866440e-01 7.456879786474251981e-01 7.519995154371763579e-01 7.467370775550352668e-01 7.395807429772793817e-01 7.513015445541130211e-01 7.499193332649884969e-01 7.501923166807368260e-01 7.490945111134995615e-01 7.372258842998423711e-01 7.379089266492852017e-01 7.505598812534253206e-01 7.216432983648930488e-01 7.493095144769585936e-01 7.497689185157363490e-01 7.605039610041394171e-01 7.433591973339843673e-01 7.425439125242234706e-01 7.532992036761309018e-01 7.489817633756913340e-01 7.355963404040567477e-01 7.348444815133994279e-01 7.333222552593453569e-01 7.391108140567675955e-01 7.384470644528980943e-01 7.482048174541089391e-01 7.385764710295934510e-01 7.444411751758395202e-01 7.403712147779148989e-01 7.332725585330532869e-01 7.391584451262525057e-01
1.425201849999836387e-02 1.012297198476961452e-01 2.337696748181639916e-01 4.386333650782160420e-01 3.700333594147929284e-01 3.768479188371221533e-01 6.304582437781380833e-01 1.000000000000000000e+00 6.147063924356900300e-01 5.780483737292614332e-01 6.143724937689977184e-01 6.900729103401135323e-01 6.228693535748478505e-01 6.054427303413334460e-01 7.268888290454097456e-01 7.208686447659776730e-01 6.250433996878487219e-01 5.046300338181335388e-01 5.670642700349288745e-01 6.133834550140527808e-01 6.367559532660156396e-01 5.732974993631581029e-01 5.353931915236255223e-01 5.385440196291947368e-01 5.270766375493818323e-01 6.223568388005941143e-01 6.486012240143937957e-01 6.084019773454760749e-01 5.606367571143922035e-01 6.080361348837464153e-01 6.427360886585097299e-01 6.801670216590774976e-01 6.287335950951151720e-01 6.591788671881334549e-01 6.311666763752129539e-01 6.433686859362950372e-01 6.495355535325094687e-01 7.010494739811066189e-01 7.012926701235308036e-01 6.738669426315515576e-01 6.952485393290083193e-01 7.109962144988847266e-01 6.849439209549758045e-01 7.286493229104621383e-01 6.730693858028415910e-01 6.991220352913561920e-01 7.220574248693791830e-01 7.164054275691245088e-01 7.166658039089582877e-01 6.896543790950782071e-01 7.188767473301751476e-01 6.560488054307480610e-01 7.020769705371232572e-01 7.116189572761751903e-01 7.108187604234424972e-01 6.876080483267945631e-01 7.158686685595300192e-01 7.263846944426828323e-01 7.291649731029959947e-01 7.318700807257177976e-01 7.277919585756652543e-01 7.329811933945000746e-01 7.328272923700822616e-01 7.186448589271546838e-01 6.959038886332561402e-01 7.111340168439962417e-01 7.162718237193047566e-01 6.967650339268542936e-01 7.022068957827481972e-01 7.308411361436781828e-01 7.083471954101727697e-01 6.987832333553443132e-01 6.914672235690986213e-01 6.813200935170109496e-01 7.037101615442719060e-01 6.995378177072612003e-01 6.777772381937969826e-01 6.724751372693751339e-01 6.886660276113285573e-01 6.830689266555151073e-01 6.863294391173324627e-01 7.055954089394741446e-01 7.011485992111416987e-01 6.991526745303434653e-01 7.177860503364146272e-01 7.122911154335909156e-01 7.031284725303500460e-01 7.212177609123167077e-01 7.152238605757570422e-01 7.040499074713283401e-01 7.003602207099842714e-01 7.192360654651410723e-01 7.122752896020824176e-01 7.145354938454396843e-01 7.234948436931118998e-01 7.222638018960564343e-01 7.250709480555478370e-01 7.084110197648370022e-01 7.276852765056250893e-01 7.276682673972431070e-01 7.262514162367813553e-01 7.284387617219026945e-01 7.153642744148051014e-01 7.344782151693453054e-01 7.115919760002858974e-01 7.215553871499791327e-01 7.220204023340717203e-01 7.134307023022342653e-01 7.162262260221159416e-01 7.270577620519400597e-01 7.306521382175733548e-01 7.263832256698340428e-01 7.329556745230820791e-01 7.260205792970361172e-01 7.089726044011399608e-01 7.201714238119316658e-01
9.853541203807919535e-02 1.327536439651548772e-01 2.504831830792929037e-01 4.516996771501377017e-01 3.806747355357087970e-01 4.131450000671203493e-01 6.397738988096915991e-01 6.147063924356900300e-01 1.000000000000000000e+00 7.015769529798104864e-01 7.397008373778011237e-01 7.840931177280465736e-01 7.072013645061653309e-01 6.869190099188917653e-01 7.944290128470578027e-01 7.755016641478617023e-01 7.755522816889514059e-01 6.185971621563465250e-01 7.077482543068517318e-01 6.641636304617032360e-01 7.062245048677777692e-01 7.182407255505565136e-01 6.705303527391404117e-01 6.550327224426230055e-01 6.620698265454866283e-01 7.717458491049874469e-01 7.869629865063166863e-01 7.455815498704974065e-01 7.187968345240671741e-01 7.620437362941060444e-01 7.927550283780488982e-01 7.981312844488255287e-01 7.541439543661991873e-01 7.620294521361823392e-01 7.663989965974538077e-01 7.423434863924087690e-01 7.792982015840639320e-01 8.038056318683577395e-01 8.143961224348095218e-01 7.513682634376075420e-01 8.120069640431447633e-01 8.068281206737136779e-01 7.563590072741531722e-01 8.307680200361640122e-01 7.934117624040335492e-01 8.161100846452424840e-01 8.402192243183334019e-01 8.417125646242391568e-01 8.367485311161361183e-01 7.975454901966806398e-01 8.160806838254670570e-01 7.670349639174812717e-01 8.180191125995284196e-01 8.441131572733994171e-01 8.304796882028854244e-01 8.175729616716026493e-01 8.332270481074736113e-01 8.343772375307199063e-01 8.275313326247673018e-01 8.551290243818457926e-01 8.317418948280836943e-01 8.414839690609893230e-01 8.339837896265598349e-01 8.393810178718876802e-01 8.429854643269025782e-01 8.440710869626610879e-01 8.403018552157860421e-01 8.242097614748801204e-01 8.262618465052816719e-01 8.362512799715348111e-01 8.275133790052596749e-01 8.298852591249886723e-01 8.175961994242622044e-01 8.091422574164264248e-01 8.362766427733075991e-01 8.344268436475132944e-01 8.176471146354489239e-01 8.198006586081360014e-01 8.245411175870043241e-01 8.269568297704757986e-01 8.270528286203587820e-01 8.411447126997844137e-01 8.308848483851591915e-01 8.290597948242569570e-01 8.178535464509386621e-01 8.241219468308303986e-01 8.237399936817174639e-01 8.232269838162559195e-01 8.344508667431569382e-01 8.193499169792088921e-01 8.050449116288863616e-01 8.292135982350572476e-01 8.282541659616884377e-01 8.314955772792349542e-01 8.403848024388075322e-01 8.415538334280110444e-01 8.091870845851062422e-01 8.287473397917028972e-01 8.362520669794574202e-01 8.306906141747298911e-01 8.210319094340110535e-01 8.387383967661954376e-01 8.369961671274697146e-01 8.393245958447445032e-01 8.311445087491485806e-01 8.416346362764571820e-01 8.445952397184793847e-01 8.398205278455596057e-01 8.364956104621543709e-01 8.415468421954080958e-01 8.329954527925101937e-01 8.496851142080402708e-01 8.415721744285202810e-01 8.434714807988145102e-01 8.419413611015991172e-01 8.482236378387496556e-01
1.563570548776672259e-02 1.498639894125274041e-01 2.524860472281320600e-01 4.188639318007146284e-01 3.272959901668973659e-01 3.846686180811497713e-01 6.031038686653749092e-01 5.780483737292614332e-01 7.015769529798104864e-01 1.000000000000000000e+00 6.651498122955895598e-01 7.191341483814626123e-01 6.485194101632478780e-01 6.612904773593191177e-01 7.508322660591946196e-01 7.168828808508209693e-01 6.996257748877362515e-01 6.094131718966042666e-01 6.668680384212744006e-01 5.829264449161853934e-01 6.369980437332285472e-01 6.554823075526561293e-01 6.495521885629894632e-01 6.198411527028633294e-01 6.266924178515891342e-01 7.172188856287022851e-01 7.344673095333851265e-01 6.953387241365277527e-01 6.585781106862204082e-01 7.119351644529212653e-01 7.313528680450339658e-01 7.590498884968581716e-01 7.033316605120121245e-01 7.066350518554516125e-01 7.137135439382111812e-01 7.212698123652283577e-01 7.352033135693195609e-01 7.697214207335177916e-01 7.731814474912844792e-01 7.443239764708919903e-01 7.748310120394402700e-01 7.786460114758795292e-01 7.449583084647877218e-01 7.782444466597198129e-01 7.696771583384519611e-01 7.697887781780643479e-01 7.874755426049045992e-01 7.969071168764163549e-01 7.826524660892048013e-01 7.631062246397520843e-01 7.773206489676262043e-01 7.232789582559219221e-01 7.578261077317631766e-01 7.829208731411985145e-01 7.684548427580618624e-01 7.764114331509579525e-01 7.555692001987226458e-01 7.823500262743479094e-01 7.756695168233607163e-01 7.815430037103545668e-01 7.843840165038755696e-01 7.747256979740297922e-01 7.693251025924912057e-01 7.787772681796494290e-01 7.770548729170319024e-01 7.680594546525433275e-01 7.903227587051456782e-01 7.795562624699458043e-01 7.813193548474871575e-01 7.756660791155938206e-01 7.809815762644286563e-01 7.817617301996862000e-01 7.685902230852058592e-01 7.744021291042032518e-01 7.849764071899283380e-01 7.877412125359198880e-01 7.785493019048262964e-01 7.642403378134824399e-01 7.843917022586431864e-01 7.812043809671624928e-01 7.807999099750054794e-01 7.871296186297076503e-01 7.902446808621071961e-01 7.746116177196021857e-01 7.831607974578466136e-01 7.743225826379872556e-01 7.889093341620992961e-01 7.914077075121269678e-01 7.924009571358514581e-01 7.854024933538058528e-01 7.817241724009877935e-01 7.915856540486687631e-01 7.904308372524909698e-01 7.912619139512565569e-01 7.921023223362275711e-01 7.944655276532337496e-01 7.793608900214969992e-01 7.642494606971881321e-01 7.866107772585131386e-01 7.896047543836848259e-01 7.878200327721220919e-01 7.871936831304584548e-01 7.835196704744632479e-01 7.904562601013715994e-01 7.855550258448094070e-01 7.759858578202531998e-01 7.889734535004310212e-01 7.938602255753143266e-01 7.916788369376236423e-01 7.926544597725049268e-01 7.901765968803242668e-01 7.918153713086151235e-01 7.896838181561128822e-01 7.907720750226449047e-01 7.875227947017057195e-01 7.847931230403025760e-01
6.209510273124812380e-02 1.224440343526112251e-01 2.749970140952308628e-01 4.743049663598707943e-01 3.690845469327986850e-01 3.915798107900334002e-01 6.417115435799143341e-01 6.143724937689977184e-01 7.397008373778011237e-01 6.651498122955895598e-01 1.000000000000000000e+00 7.972932031747226311e-01 6.963526314216123003e-01 6.890793805775524694e-01 8.049659342986619226e-01 7.648136319150727891e-01 7.694404961313473512e-01 6.797959962840243175e-01 7.433224980622655798e-01 6.548878655613901145e-01 7.356710358748905776e-01 7.504576892670133947e-01 7.166893390647337547e-01 7.113755187262736923e-01 7.088825403268153025e-01 7.912312682199164060e-01 7.889416984526739229e-01 7.568013066441992009e-01 7.168045432782051973e-01 7.713908090865951861e-01 7.832748579007267065e-01 8.183226023728998877e-01 7.691458333681424619e-01 7.804249135229259782e-01 7.765377756669871179e-01 7.858957416492244885e-01 7.992380996716360597e-01 8.138913735288146878e-01 8.225201079289228279e-01 7.990358193215298943e-01 8.238116674685442842e-01 8.225755638719757235e-01 7.981127489653866425e-01 8.335877185794402511e-01 8.159341946079909924e-01 8.235968611971750120e-01 8.302972380013999842e-01 8.351805350122054605e-01 8.310865215705199871e-01 8.121707617522954115e-01 8.250680467496174231e-01 7.827196190418252986e-01 8.088443598554786451e-01 8.342667910499353967e-01 8.254046067226322725e-01 8.312700677207490729e-01 8.165795754765695635e-01 8.274567893157682708e-01 8.250539713797406804e-01 8.321453448239115591e-01 8.368842649783336807e-01 8.281232856325804192e-01 8.224757994866224164e-01 8.296311349442313521e-01 8.252429088297513760e-01 8.264044879405667565e-01 8.387900429182260087e-01 8.405088526838124796e-01 8.402019794314359302e-01 8.320825337513413356e-01 8.398014288918863590e-01 8.377606389069829351e-01 8.317662324918887462e-01 8.292611415852949586e-01 8.391673675113546782e-01 8.357335783209902669e-01 8.258182789841982396e-01 8.189188123652882956e-01 8.334359576388274959e-01 8.280631012835123483e-01 8.343835628599685084e-01 8.337339338237338415e-01 8.397674692270876706e-01 8.298670493421049787e-01 8.313457620964040951e-01 8.305201287702730362e-01 8.352479168993154346e-01 8.370170174035795885e-01 8.357827823242524046e-01 8.352098090989108492e-01 8.293611380200777150e-01 8.366504643643071226e-01 8.400354154129821005e-01 8.388881261530828359e-01 8.342153295059309137e-01 8.372924707958695478e-01 8.212308715368853429e-01 8.127583907516050532e-01 8.340614453437841247e-01 8.372772699149848563e-01 8.336090998759980719e-01 8.313161096940538952e-01 8.328948516349414799e-01 8.370611964331876598e-01 8.349484008578700323e-01 8.267262742774228457e-01 8.347667514440189063e-01 8.373666992005762699e-01 8.376795312602629551e-01 8.339425466889315297e-01 8.355552381117656857e-01 8.355924139158475983e-01 8.345798142436892109e-01 8.341772638934239481e-01 8.365665945142121140e-01 8.345421062385537381e-01
2.330148589143887783e-02 1.338422989613146374e-01 2.952209436427974953e-01 5.415216909078055529e-01 4.020489693507138806e-01 4.536452618228906664e-01 7.169002388394996039e-01 6.900729103401135323e-01 7.840931177280465736e-01 7.191341483814626123e-01 7.972932031747226311e-01 1.000000000000000000e+00 7.573825682931316639e-01 7.518871221997818211e-01 8.830016804091213034e-01 8.569181379333405957e-01 8.197106668223945736e-01 6.977019211377553098e-01 7.698597182567326058e-01 7.366927914455805304e-01 7.967564660736483617e-01 7.788715898742367694e-01 7.391140840722383309e-01 7.292692047956331747e-01 7.275125609705045404e-01 8.272595605745496350e-01 8.388909834228006623e-01 7.984836053746005025e-01 7.534148241434912574e-01 8.108554576404762848e-01 8.410581432998239793e-01 8.787036429263442860e-01 8.252640120662658729e-01 8.432802618695703911e-01 8.324000042912674813e-01 8.352711889616868390e-01 8.519681640275418300e-01 8.828780056463338966e-01 8.954940294451203542e-01 8.535401423136899091e-01 8.860425739029968994e-01 8.915633494325232444e-01 8.572335986673152997e-01 9.082165793439757051e-01 8.744996078249781535e-01 8.908598783534035226e-01 9.098446184777037038e-01 9.096812461948774464e-01 9.088814707875365606e-01 8.820135418602172983e-01 9.035068521592470869e-01 8.513705846114248965e-01 8.888442608843551973e-01 9.078038626154835145e-01 9.002019800446282582e-01 8.858542600897009178e-01 8.997611547424999578e-01 9.059027127004845026e-01 9.072976519762235847e-01 9.141016498742826624e-01 9.124935780430272203e-01 9.142825793991381511e-01 9.107082009796576560e-01 9.071817317783981149e-01 8.953657778104067155e-01 9.074988171428151063e-01 9.091250092749837419e-01 9.016778619974264997e-01 9.050785317616182324e-01 9.135149496941277203e-01 9.076921913819551158e-01 9.025488728814122785e-01 8.941552808560816468e-01 8.867604458815263602e-01 9.057262149670077811e-01 9.023655173342753910e-01 8.855341215191531168e-01 8.764148831894214009e-01 8.935750173914959182e-01 8.899586140442630189e-01 8.946995386230764957e-01 9.038256729641946929e-01 9.019816165516022499e-01 9.002953500905055417e-01 9.062605507954836215e-01 9.060438421087567695e-01 9.026928146588714119e-01 9.066168519694980388e-01 9.102990418379125481e-01 8.961364154910196334e-01 8.927289116738937880e-01 9.085617517985012936e-01 9.093952250994986608e-01 9.078569535639550159e-01 9.115808587316842626e-01 9.141714179295421516e-01 8.950863649956191104e-01 8.867308077002769018e-01 9.086775752210649593e-01 9.081760816369208733e-01 9.064934853006441084e-01 9.097949402039511302e-01 9.090988995271708228e-01 9.146943531012345918e-01 9.063836566942614636e-01 9.037154081063030198e-01 9.119498714878985224e-01 9.093889473839152915e-01 9.081660905617328083e-01 9.130264515003950754e-01 9.121159794782750518e-01 9.139952708832147499e-01 9.156005267558525729e-01 9.115383223075748109e-01 9.076238582010677236e-01 9.122663079931084829e-01
4.715830505376873011e-02 1.288283768553304121e-01 2.424040851846280265e-01 4.522536912377685958e-01 4.143869860894572321e-01 4.098709008850726088e-01 6.268934222228924602e-01 6.228693535748478505e-01 7.072013645061653309e-01 6.485194101632478780e-01 6.963526314216123003e-01 7.573825682931316639e-01 1.000000000000000000e+00 6.706834950369755521e-01 7.770642720239560042e-01 7.626155841427793014e-01 7.105246620506369126e-01 6.249764388625537181e-01 6.779931335338472698e-01 6.481576196395998357e-01 6.832351718572214905e-01 6.913131128908430734e-01 6.563705313876749825e-01 6.543441000416373443e-01 6.582543187905581794e-01 7.314987040021457831e-01 7.412632254183718628e-01 7.060431722223167172e-01 6.678007473402707284e-01 7.107781131402922670e-01 7.421800770840571992e-01 7.770313183148453984e-01 7.207036178379749858e-01 7.511225034818137525e-01 7.330908596554674972e-01 7.386498518814146319e-01 7.426137611117697990e-01 7.734474149208491189e-01 7.896811958495976169e-01 7.471794024561856373e-01 7.855715948004264870e-01 7.908779896494787520e-01 7.551165815820488625e-01 8.020095499862095467e-01 7.772807283247985533e-01 7.791122670556142049e-01 8.007873262218895283e-01 8.053790904033246711e-01 7.986971169300205453e-01 7.761761546673504597e-01 7.920451408453981212e-01 7.583318759094784811e-01 7.920159571545635213e-01 8.006711172054664649e-01 7.906937825601597636e-01 7.849953106329752295e-01 7.856353263125558373e-01 8.013176393763762340e-01 7.916936183166961571e-01 8.111216420295562779e-01 8.070835166219266776e-01 8.010864380054014688e-01 7.966430470444179068e-01 7.967710665359124533e-01 7.968368626096135054e-01 8.013294507264274724e-01 8.070120625464772823e-01 7.989173916623419913e-01 8.013703804750765824e-01 8.060308561660970428e-01 8.043142274889134580e-01 8.030358134509208989e-01 7.960453561321434446e-01 7.905544545705842641e-01 8.033962983601665719e-01 7.989108792391271807e-01 7.825288208180554150e-01 7.752944181175679406e-01 7.921200995270234468e-01 7.881261544228489457e-01 7.904116444303815880e-01 8.005765348424399575e-01 8.026978077159651059e-01 7.918912254848867738e-01 8.047383381500502475e-01 8.026691237484928632e-01 7.970000766887344046e-01 8.031935207146717604e-01 8.050483070189498047e-01 7.994641146847473179e-01 7.877327718061746253e-01 8.070883328008126023e-01 8.032422495015744124e-01 8.038100406167077994e-01 8.091972345718031479e-01 8.098449873947068944e-01 7.982113858385535554e-01 7.925333186987550960e-01 8.096836533735768393e-01 8.086696113037120659e-01 8.032541801669389470e-01 8.102456638323737304e-01 8.111030628028886857e-01 8.124902368844767464e-01 8.070185942496230780e-01 8.066888293816542044e-01 8.081074658595597260e-01 8.077864169664337179e-01 8.071395675931150038e-01 8.094433945418414433e-01 8.104412296585030706e-01 8.116346908689754391e-01 8.097143929704506693e-01 8.114328835693966901e-01 8.082198900685859666e-01 8.110361866902542349e-01
