1.000000000000000000e+00 6.546275007563055748e-02 5.929003969385371331e-02 1.171583856325705830e-01 7.975756088427771173e-02 -1.083076166778815588e-02 2.599899519855551622e-02 3.707365679929539720e-02 1.491889582584813301e-01 7.597393745194180870e-02 4.859672986164877140e-02 3.581092852808087645e-02 3.469853813560262734e-02 2.188572495220574357e-02 4.651812193990567603e-04 3.006610020172738665e-02 9.749021773049015849e-02 4.551115723783576844e-02 4.318591071319785590e-02 1.464886834770076814e-02 7.032200830418852688e-02 6.721921655967580400e-02 9.888282960725808257e-02 4.945645375346277572e-02 4.504779388484426994e-02 4.300018112875844678e-02 4.331754172866498359e-02 3.250231975833340475e-02 7.551220872782377080e-02 9.013574569472258824e-02 5.425099595729521162e-02 4.311907668018827994e-02 3.541423336825776091e-02 8.618726694815000838e-03 6.212872632926334099e-02 -7.671785022039400229e-03 3.924906345169089372e-02 -1.855075881225813628e-02 4.556908829859217941e-03 -3.854076598047227048e-02 5.023085566694981789e-03 -5.912126757881229315e-03 -9.807964118995544933e-03 8.184121345780469292e-03 6.480060873606324594e-03 -1.008667741851007951e-02 5.147667520880610213e-03 2.201564965949027661e-02 2.427845950067614167e-02 5.756321737007295478e-03 8.455274560874425499e-03 2.196658146456763674e-02 3.164156727838846050e-02 3.796916833658321028e-02 3.335568260491680870e-02 -5.433545802889368182e-04 4.690200710227443448e-02 1.025224771448427982e-02 5.591408949593419490e-03 4.158577347066434032e-02 1.242720873724909893e-02 3.703846007162927417e-02 2.299167478609799239e-02 4.645201915847810281e-02 6.331486641766528867e-02 5.792675339424736142e-02 2.437825094646450808e-02 1.129337092508161076e-02 2.915452948191766744e-02 3.853800129255811890e-03 1.402160840621346702e-02 1.221371508713038970e-02 1.319335399447603592e-02 1.646520784190646375e-02 1.071025860984253959e-02 1.957264928734194290e-02 1.490220634940917638e-02 3.539244828217492228e-02 2.072458579511897089e-02 3.892572703786617572e-02 3.609499775442496367e-02 2.283995343534379191e-02 2.886010747937507379e-02 2.911420642348858112e-02 4.401675349690126540e-03 9.507839450048268318e-03 9.481904649637010185e-03 4.884848154771095040e-03 4.545500686750077873e-03 9.125827076565028173e-03 -2.685233257088842922e-04 3.513724599932139311e-03 1.019934734505317277e-02 -2.808560945027963854e-04 2.934336687432067495e-03 1.302905755199645910e-02 6.174041684129385858e-03 4.291961453846401819e-02 1.376958310304265791e-02 1.387075694682550313e-02 -3.523298645213350424e-03 1.830053786615263092e-02 1.450254755285823247e-02 1.315456503226602319e-02 1.384870866505094784e-02 3.766965326883785908e-02 2.890764392640022065e-02 1.292080232176636215e-02 9.265571008100839667e-03 1.858363667075534770e-02 3.365486567834741465e-03 2.358688921789010851e-02 1.343761838021724497e-02 2.779167083964997204e-02 2.977228971359413209e-02 3.912852520539496226e-02
6.546275007563055748e-02 1.000000000000000000e+00 8.324846683716280449e-02 1.091406941494351829e-01 7.778479152926845441e-02 7.534290631987609899e-02 1.398876902295468905e-01 1.175867648894952378e-01 1.627531001074804806e-01 1.775415509316053408e-01 1.427036872443194770e-01 1.497395812322643571e-01 1.457838502065746111e-01 1.104157976600049218e-01 1.543725297574039257e-01 1.484279860324613787e-01 1.714185455275879233e-01 1.335736629319966562e-01 1.548151401292632845e-01 6.470242284516077025e-02 1.469350375352515836e-01 1.437054443522489400e-01 1.751875385463761425e-01 1.529934715198515149e-01 1.626102977681849193e-01 1.589755124429206856e-01 1.548007913966687743e-01 1.610917942478231057e-01 1.850192095504779588e-01 1.918263662453792151e-01 1.902355203924951665e-01 1.514858211694526946e-01 1.540386631040820964e-01 1.432061201341904844e-01 1.778534036157015941e-01 1.429176983086349884e-01 1.818348460178747794e-01 1.333984678069214669e-01 1.472049860257031717e-01 1.249496357565516858e-01 1.507381416860002210e-01 1.469650803426773844e-01 1.206780082076850807e-01 1.472944451827477297e-01 1.583892349099945696e-01 1.603601728501948265e-01 1.630062120069198373e-01 1.751710687912212960e-01 1.536850166373190385e-01 1.045280712506315296e-01 1.254938242134453208e-01 1.013154660982545224e-01 1.396253331951471666e-01 1.818026183656925032e-01 1.628771020386624857e-01 1.562922079697096900e-01 1.447283188102389817e-01 1.563522424400036470e-01 1.531674397105439178e-01 1.715349911868076227e-01 1.454217184928958684e-01 1.730125251405283948e-01 1.515533744855147302e-01 1.664872521223644819e-01 1.626438054877347161e-01 1.732137385024958010e-01 1.728120427965515737e-01 1.607536003650247292e-01 1.684519124849953586e-01 1.491219401909205933e-01 1.576664087957784233e-01 1.622450927663302844e-01 1.609237838676704779e-01 1.660353039093263594e-01 1.649228300166830363e-01 1.739258176792271571e-01 1.674787157734152210e-01 1.734832907839678195e-01 1.685050997943597084e-01 1.817838952277135989e-01 1.749766409558182190e-01 1.768137268645772753e-01 1.679215700330851657e-01 1.727902231386302390e-01 1.337710366865252076e-01 1.603224341548183385e-01 1.705679526267805945e-01 1.566135250439614490e-01 1.626755110389817571e-01 1.618705922283707743e-01 1.564792047694961441e-01 1.599985050046314750e-01 1.648840409084050551e-01 1.607354446171218310e-01 1.670644410441821659e-01 1.705011336737161654e-01 1.257839176411492399e-01 1.387881444380474061e-01 1.457101429904114342e-01 1.453848002377570447e-01 1.447736677547539763e-01 1.569301227924200792e-01 1.569445858911402980e-01 1.533847023784036812e-01 1.484234191435438166e-01 1.582915835815454364e-01 1.610797554515623065e-01 1.714719649479524988e-01 1.659882723562947915e-01 1.644007783950967583e-01 1.647162103608792727e-01 1.703991884832639081e-01 1.682126581748069338e-01 1.575783014303618612e-01 1.706265880528209100e-01 1.681973470228815826e-01
5.929003969385371331e-02 8.324846683716280449e-02 1.000000000000000000e+00 3.424064725933071429e-01 2.334839660570613429e-01 2.691844505936205612e-01 3.685987639271695593e-01 3.250320468100498794e-01 3.503635345154760827e-01 3.109657866516793989e-01 3.819279263130557767e-01 3.909597899897452877e-01 3.534974861431353088e-01 2.765140924186531568e-01 3.878688976837603164e-01 3.691346727843626829e-01 3.494713015618627350e-01 3.863496602491597320e-01 3.974630685813167474e-01 3.101327938575249576e-01 3.781515938794986487e-01 3.859444661244967878e-01 3.579579145149868191e-01 3.857772789799648328e-01 3.824489445525184883e-01 3.820220027619344871e-01 3.864404762795674020e-01 3.846934485474992060e-01 3.954895318950628069e-01 3.935799076725547407e-01 3.937817606665543479e-01 3.979451450848026095e-01 3.903881741744226752e-01 3.903798366924388086e-01 3.882046371859445011e-01 3.727521513605564496e-01 3.847582773004162293e-01 3.827050260315003061e-01 3.867711260731669931e-01 3.911854041612758959e-01 3.955907492196334418e-01 3.955590381359314067e-01 3.872948692599724740e-01 3.907547758182886022e-01 3.922887214062316663e-01 3.901366696155222913e-01 3.926002181401628821e-01 3.927061678692577162e-01 3.938677623218176382e-01 3.643671403836767908e-01 3.711080745141918102e-01 3.800946645643956678e-01 3.955563885449072115e-01 3.860528390892128958e-01 3.644338538605205735e-01 3.804417040469289524e-01 3.721379863914869301e-01 3.872572451972610685e-01 3.819773690790985166e-01 3.928782323737215476e-01 3.920139239594182534e-01 3.843650810270049512e-01 3.782855571556029695e-01 3.837360490876003949e-01 3.867439939735455301e-01 3.801120283555903812e-01 3.983245712689228446e-01 3.975619419835801915e-01 3.987675911338346979e-01 3.963860208487738346e-01 3.999689953632890593e-01 3.986019913029447692e-01 3.970324205127362949e-01 3.988608038428063107e-01 3.989313344444733733e-01 4.007914041298915042e-01 4.025173898112127113e-01 3.993674750365781012e-01 4.045580835804249431e-01 3.952255896569084603e-01 3.995655601463152240e-01 3.985962833189690691e-01 3.973598838928504295e-01 3.953362993073906151e-01 3.950900470933946251e-01 3.965158983683819138e-01 3.964942308608020993e-01 3.971818239558825847e-01 3.939046644973183686e-01 3.929192805278840517e-01 4.030131153849832448e-01 3.980797901458048571e-01 3.959271867665958844e-01 3.981578216065844722e-01 3.946260983752739038e-01 3.946931918745671397e-01 4.013332006478067537e-01 3.914289915761938188e-01 3.993822021068514361e-01 3.996656099194359490e-01 3.983141367894428853e-01 3.951111375684837057e-01 4.003894739600762920e-01 3.981348953574872507e-01 3.951823578851534902e-01 3.917190121748292397e-01 3.955686577024890016e-01 3.899366209843280195e-01 3.938939471310325957e-01 3.963237070748286128e-01 3.933690214668645879e-01 3.940510063993382106e-01 3.948735184014929289e-01 3.963908545232721625e-01 3.951552570746060811e-01 3.939255357143398584e-01
1.171583856325705830e-01 1.091406941494351829e-01 3.424064725933071429e-01 1.000000000000000000e+00 3.681821961908484653e-01 4.029745933368064081e-01 6.042656506114789661e-01 5.782942812918062669e-01 5.983399306350590807e-01 5.248625883931659075e-01 6.200044954966446031e-01 6.587830705462009995e-01 5.704087295689720394e-01 4.730079770267490158e-01 6.270311433324913253e-01 6.279381261512801959e-01 6.005447989525233288e-01 6.215911192569117949e-01 6.376760636478849831e-01 5.345491450062747063e-01 6.385060715822910016e-01 6.559078106888769355e-01 6.114650649771750102e-01 6.340566760199385365e-01 6.300465080168805576e-01 6.376944717145357489e-01 6.357561658151011930e-01 6.421375885613720413e-01 6.390016002679328455e-01 6.387153414828889986e-01 6.426405023815680018e-01 6.539430324711471565e-01 6.179689126259791943e-01 6.427358738899288104e-01 6.197064468337546428e-01 6.204863382582161968e-01 6.276834239548885197e-01 6.216912572148070026e-01 6.395809705559102332e-01 6.288668619427668638e-01 6.500280149118080608e-01 6.441800662334274952e-01 6.379567871105844556e-01 6.463584265407068541e-01 6.509743588457139740e-01 6.392332852989127678e-01 6.312338250786134752e-01 6.398673060485275954e-01 6.427530637538068081e-01 6.164399098252099085e-01 6.278627897600951302e-01 6.397058923877514403e-01 6.586251964829861194e-01 6.422538316861121643e-01 6.271654357244063061e-01 6.368664063633275862e-01 6.435479131925320173e-01 6.430619424757451075e-01 6.381567647484039929e-01 6.507141179084118265e-01 6.475561075662464861e-01 6.478751340477633125e-01 6.359239790566646455e-01 6.456457794421053276e-01 6.446213357388529408e-01 6.473963271485480009e-01 6.398405063147937222e-01 6.428719078560760636e-01 6.499703359639991129e-01 6.504329754734364810e-01 6.512023744176690387e-01 6.477034226955002971e-01 6.517910225141924085e-01 6.441145377755285173e-01 6.479240985903775840e-01 6.478291292571275450e-01 6.488921150386136594e-01 6.501927582920319360e-01 6.562409705737205501e-01 6.433831702088830262e-01 6.435317761917473955e-01 6.446138028530598030e-01 6.497151417090671899e-01 6.449828827249671770e-01 6.477613332885069353e-01 6.493531188195336146e-01 6.404315465272806263e-01 6.468133824526052233e-01 6.405375887036309779e-01 6.475467301751742788e-01 6.493508206564355678e-01 6.451966269240581031e-01 6.457432825827614797e-01 6.439502503582380522e-01 6.345543043575903042e-01 6.413815993225129297e-01 6.495795228925966835e-01 6.440780417101030775e-01 6.446874526208971057e-01 6.484047735746377716e-01 6.465197509146717314e-01 6.448645069433099897e-01 6.464260377026891380e-01 6.473571104773890861e-01 6.483518297387317331e-01 6.496640737977110724e-01 6.461113353141704208e-01 6.390220244111520786e-01 6.446380234326795078e-01 6.484429996904312876e-01 6.444377699830922124e-01 6.452091764703632437e-01 6.438750272871451852e-01 6.443979874713386957e-01 6.406382160897998723e-01 6.495443741918702774e-01
7.975756088427771173e-02 7.778479152926845441e-02 2.334839660570613429e-01 3.681821961908484653e-01 1.000000000000000000e+00 3.378750869835269177e-01 4.898409163029138758e-01 4.586144334134662492e-01 4.932025236298810955e-01 4.379005968645032221e-01 4.842640393569884183e-01 5.104458429013495335e-01 4.824419956960158129e-01 3.801603204154967441e-01 5.177655224592712102e-01 5.042719230501797600e-01 4.849077077155833360e-01 4.983230433939342952e-01 5.023394153828032449e-01 3.790409737053304640e-01 5.117142379502481742e-01 5.032609966718047945e-01 5.181290374662591569e-01 5.088902428916000087e-01 5.092201609331522549e-01 5.014695099399963940e-01 4.946796007528681538e-01 4.967868228328580771e-01 5.054707792993970994e-01 5.098264104068380709e-01 5.221666125422921301e-01 5.114192957768344261e-01 4.758111513925293856e-01 4.951216749077338997e-01 5.125209764554591318e-01 4.940813761542243721e-01 5.136869576425245887e-01 4.699534687197164939e-01 5.078502548473278200e-01 4.693978682146151549e-01 5.130979669567411472e-01 5.091848172497691616e-01 5.092894878433190664e-01 5.215773476425529243e-01 5.109844804951936270e-01 5.134156748323703834e-01 5.179945783172336116e-01 5.228852799771106508e-01 5.072002490334249769e-01 4.571510612330839107e-01 4.799133245229708633e-01 4.912951461816573717e-01 5.194794009390643064e-01 5.180966849901356142e-01 5.019111501574483603e-01 5.071228816960997587e-01 5.086360929020535826e-01 5.260680334537736202e-01 4.959700556801278082e-01 5.356685237355233165e-01 5.279197162486625183e-01 5.306789950548992385e-01 5.115514362083036781e-01 5.260471303654716824e-01 5.347591256614658839e-01 5.319252369065308184e-01 5.257379702221530726e-01 5.268285436656420240e-01 5.296145766339158678e-01 5.201781278949428877e-01 5.241635167427971531e-01 5.267076340152246905e-01 5.229258408465310426e-01 5.260437904337669224e-01 5.221279444920655655e-01 5.217953506503737460e-01 5.210286522173461776e-01 5.279347373376791497e-01 5.208520628838152478e-01 5.264456855305396088e-01 5.320126434485524802e-01 5.273216371880872222e-01 5.201562821538024961e-01 5.270417879433901831e-01 5.070385599830162793e-01 5.187860967717170535e-01 5.210435239627607684e-01 5.194623735039572976e-01 5.218939905009064573e-01 5.193445557382376787e-01 5.123334762918767549e-01 5.232951135358856476e-01 5.222363916631217462e-01 5.209271000960770115e-01 5.211862665616383561e-01 5.250103647453187028e-01 5.053819197846566302e-01 5.134032400709609423e-01 5.258018563912333354e-01 5.157518241072958087e-01 5.245583038381985697e-01 5.242266244157375299e-01 5.234377918386218242e-01 5.294127359592327720e-01 5.212854220214232503e-01 5.298306416442338795e-01 5.233985685197775073e-01 5.245291330738132141e-01 5.228913704975450827e-01 5.291220501917203167e-01 5.251291197704480718e-01 5.323418857974774321e-01 5.258870329577381986e-01 5.309326551685077389e-01 5.297695340884921444e-01 5.306288051243254200e-01
-1.083076166778815588e-02 7.534290631987609899e-02 2.691844505936205612e-01 4.029745933368064081e-01 3.378750869835269177e-01 1.000000000000000000e+00 5.625498937262737309e-01 5.200322625212069338e-01 5.291622271559583979e-01 4.817174187649644335e-01 5.312641379932572239e-01 5.842307059369727940e-01 5.274744316067180305e-01 4.368589127390341553e-01 5.821762665461031050e-01 5.820950461145988353e-01 5.249312938156258657e-01 5.347589638651227828e-01 5.432222413063337862e-01 4.096735807218458425e-01 5.480907735225757360e-01 5.528574876729392962e-01 5.310398493111211371e-01 5.430969225430041236e-01 5.580709959839436074e-01 5.549240187729197471e-01 5.665085865479931870e-01 5.565607261664324845e-01 5.622827587377168257e-01 5.556441398956042388e-01 5.820269775878998963e-01 5.849048914704647606e-01 5.498648684176868917e-01 5.840219970830479168e-01 5.573926845285007703e-01 5.745751487411843161e-01 5.849518435090894641e-01 5.700864022567645462e-01 5.948832788076751088e-01 5.613330704847356856e-01 5.882110011020443840e-01 5.936871394415220715e-01 5.862366210211266138e-01 5.946473465562902572e-01 5.967286179515185474e-01 5.944613775390832355e-01 5.927682268350774608e-01 5.927116312714973967e-01 5.852724582193322700e-01 5.624669973810972889e-01 5.744829724328232023e-01 5.725206439604992870e-01 5.784494541378708554e-01 5.835280211122887417e-01 5.668253525194246745e-01 5.844173262095266885e-01 5.745831338959930257e-01 5.918328507288850293e-01 5.833002089512723254e-01 5.925602628632280489e-01 5.986127124088226337e-01 5.913163099399171285e-01 5.837330720190514466e-01 5.899243641321508802e-01 5.878580669793015412e-01 5.889171192724538262e-01 6.013726817224315235e-01 5.955389783153122174e-01 5.928738893523802789e-01 5.882499830350443881e-01 5.967126497650443451e-01 5.970512946278712096e-01 5.911366509954290027e-01 5.935085334777653321e-01 5.984484542770797111e-01 5.966562238314140343e-01 5.978478248371227322e-01 5.962189838800718844e-01 5.960490246568336259e-01 5.893920522514677351e-01 5.967361765190584144e-01 5.943774674135333669e-01 5.932618934402680289e-01 5.908535130016048242e-01 5.980715687172423189e-01 5.986689981873489774e-01 5.992960190995585412e-01 6.014338134534155111e-01 6.058360552856222325e-01 5.942510774816799346e-01 5.997673685646486286e-01 6.023909832885493421e-01 5.988224409275653137e-01 6.013771858832493988e-01 5.993359667372257782e-01 5.994481293662069499e-01 5.956180198801782621e-01 5.896076305509438953e-01 5.999089207603446328e-01 5.996214744763559423e-01 6.034425133810208397e-01 6.008446814292807137e-01 5.963213820443062918e-01 6.032407235291450398e-01 5.976206431572725908e-01 5.894465061572510267e-01 5.990449867699887410e-01 5.970916410490636483e-01 5.966440616215087367e-01 5.988943727104831805e-01 5.992263925816653236e-01 5.990989049900123931e-01 5.984596059907576482e-01 5.980831943644199233e-01 5.958951690008411628e-01 5.937765446521571233e-01
2.599899519855551622e-02 1.398876902295468905e-01 3.685987639271695593e-01 6.042656506114789661e-01 4.898409163029138758e-01 5.625498937262737309e-01 1.000000000000000000e+00 7.334964869974353041e-01 7.471822579808267140e-01 6.849528437492818922e-01 7.712396946652373408e-01 8.185404771743634011e-01 7.582260846385336928e-01 6.094651347730927204e-01 8.379488203847388350e-01 8.077609984316240777e-01 7.513971726758261749e-01 7.911441324784552753e-01 7.981784100395518111e-01 6.377705678110380250e-01 7.913956306728311407e-01 8.181761111187982882e-01 7.719147245059634344e-01 8.044303172940324709e-01 8.086004589794929531e-01 8.038049736051593452e-01 8.103057173927414869e-01 8.175030986588406323e-01 8.003011283503419504e-01 7.955210637186107547e-01 8.204281836573945608e-01 8.280386435149642566e-01 7.899389215485826954e-01 8.281621665338212424e-01 7.958416284978354627e-01 8.031588527336996908e-01 8.145601556559387557e-01 8.130503113958091888e-01 8.388291566280077216e-01 8.054644339313714596e-01 8.342077845170963180e-01 8.426567010842678229e-01 8.243306095604652217e-01 8.405058262982848527e-01 8.422683990987456237e-01 8.385086935405261510e-01 8.312087677890036552e-01 8.317515679154398045e-01 8.223752502751138227e-01 7.827869448416786557e-01 8.076232457759872085e-01 8.034630806232798683e-01 8.229334550503724088e-01 8.173755006983203231e-01 7.896462064564356842e-01 8.195425157948681427e-01 7.988705458601053078e-01 8.301861983442392345e-01 8.173469793319952936e-01 8.357285966748687622e-01 8.342079836022618933e-01 8.245548674783051979e-01 8.083503245941570103e-01 8.188677338085984525e-01 8.236775623567715865e-01 8.185764599669027586e-01 8.365050951177328553e-01 8.382910654050165222e-01 8.361874453369518845e-01 8.379914370110282951e-01 8.436224296775087783e-01 8.429283080778627868e-01 8.420194441266798391e-01 8.385419721912416025e-01 8.416098586120402958e-01 8.391994605062713664e-01 8.420642197533869666e-01 8.401710992358500940e-01 8.447159538172734905e-01 8.280792328189078289e-01 8.357307069880507422e-01 8.350866278783849461e-01 8.373358682181786250e-01 8.337855338934849758e-01 8.352522679421618967e-01 8.439200713318493197e-01 8.384013316054103049e-01 8.458449691191104458e-01 8.444133679502319190e-01 8.363163303301786033e-01 8.434852093653031346e-01 8.452705137718421469e-01 8.414395426370129272e-01 8.461046014986119967e-01 8.371233463839470312e-01 8.374656767204922136e-01 8.295669344527087929e-01 8.195763305810978006e-01 8.371908905663337785e-01 8.414779885102487977e-01 8.430236545184418562e-01 8.354637356533859416e-01 8.332764318781580304e-01 8.430154171577115552e-01 8.366759180012626196e-01 8.259125895270047479e-01 8.335744816266090762e-01 8.351170217413718122e-01 8.342010615009145535e-01 8.403292871154287580e-01 8.380098767288857164e-01 8.369833163630545636e-01 8.354020625836852121e-01 8.323710423769085098e-01 8.353060896479987951e-01 8.321258297919389424e-01
3.707365679929539720e-02 1.175867648894952378e-01 3.250320468100498794e-01 5.782942812918062669e-01 4.586144334134662492e-01 5.200322625212069338e-01 7.334964869974353041e-01 1.000000000000000000e+00 7.170919751485493876e-01 6.551420514559105346e-01 7.337894226911905182e-01 7.872052353007025216e-01 7.145953035897197880e-01 5.750578393142625755e-01 7.891207659973402677e-01 8.015132312452971641e-01 7.154095308256281927e-01 7.515946521765612953e-01 7.633124675139769666e-01 5.935892721319179222e-01 7.672690218165347797e-01 7.782049081916203592e-01 7.385855585163692005e-01 7.514277578623954623e-01 7.674293074373471635e-01 7.566169459581495449e-01 7.556860225493130523e-01 7.531823808096437256e-01 7.526533031445026278e-01 7.539046713976682579e-01 7.740189841058007225e-01 7.918756564764184436e-01 7.444475666682617288e-01 7.780179173028437534e-01 7.620544275133765977e-01 7.634006362517969935e-01 7.726414397893365260e-01 7.787402681031688756e-01 8.006386633654967167e-01 7.639020430813224793e-01 7.944478440174491674e-01 7.977658158211428097e-01 7.918886007719923015e-01 8.056714447196243745e-01 7.943231929782625933e-01 7.958208902452587052e-01 7.972642656383814863e-01 7.977578012971798804e-01 7.992173784790074231e-01 7.697102918885060374e-01 7.874391052547004000e-01 7.736421213858296619e-01 7.904564870020110989e-01 7.926395822800904600e-01 7.827385581714175755e-01 7.936688601316707059e-01 7.985029211298102503e-01 8.051602720801153135e-01 8.001185229030969293e-01 8.049324744153348865e-01 8.136829209123718210e-01 8.074669979686834864e-01 8.004245130563150123e-01 8.002462927003236581e-01 8.011586410162711003e-01 7.992237328197919766e-01 8.009707953027165317e-01 8.016902227592612729e-01 8.013381140863616858e-01 7.966922115647088187e-01 8.057545400395321744e-01 8.045415812151915924e-01 7.983096024099520793e-01 7.961878293956744512e-01 7.994064481277853851e-01 7.985854260504132718e-01 7.960275671485027571e-01 7.966845395656921847e-01 7.979985543882096577e-01 7.923678687909507801e-01 7.985679153014170195e-01 7.958937275033917125e-01 7.989418558214265165e-01 7.994773350084173336e-01 8.069703772692272681e-01 8.032031321866721640e-01 7.977935589242813874e-01 8.084249329866400879e-01 8.034277858934218974e-01 8.041130580351373291e-01 7.990230739221338974e-01 8.057537831584966614e-01 8.010909450549937860e-01 8.045998762292232431e-01 8.006077979106368536e-01 8.022228405204420154e-01 8.134337980980106408e-01 8.062339232445474568e-01 8.129857853886780505e-01 8.088673733023555856e-01 8.079435595356183608e-01 8.101320337081058254e-01 8.008927030754352527e-01 8.114318191314128237e-01 8.038293298539050946e-01 8.059658606174725515e-01 8.082697746448720411e-01 7.994895921297705543e-01 8.031058281748204575e-01 8.087494725139179330e-01 8.080096209591393075e-01 8.037251227250861163e-01 8.069322719988680781e-01 8.066401305987918047e-01 8.003133402627450321e-01 8.036604718146496129e-01
1.491889582584813301e-01 1.627531001074804806e-01 3.503635345154760827e-01 5.983399306350590807e-01 4.932025236298810955e-01 5.291622271559583979e-01 7.471822579808267140e-01 7.170919751485493876e-01 1.000000000000000000e+00 7.511687495739504117e-01 8.057890780668310882e-01 8.446451855551870835e-01 7.759041247169282673e-01 6.261474257827974732e-01 8.393792240780096892e-01 8.322111302664240151e-01 8.283048244949273720e-01 8.135868778772747945e-01 8.210890752123284342e-01 6.165913106451850201e-01 8.208728880602862432e-01 8.309276814209254347e-01 8.243605970619810597e-01 8.114423188062248604e-01 8.347318166122670302e-01 8.318288593550453580e-01 8.400989956676642167e-01 8.326760445440366531e-01 8.356466508292917927e-01 8.546664830760677400e-01 8.680470690309063375e-01 8.676734303495644562e-01 8.098979233781259390e-01 8.437664936893679579e-01 8.372892490967520640e-01 8.227648468100114965e-01 8.508540924784880888e-01 8.309357794990180901e-01 8.597972588183886433e-01 8.030637562585555278e-01 8.599881348423958904e-01 8.501377756908224947e-01 8.171993204823249091e-01 8.593347641285074001e-01 8.630184124712645399e-01 8.517961818762745940e-01 8.737172895323646049e-01 8.792142970280895087e-01 8.720683923032050977e-01 8.259198844573540921e-01 8.471275743619078868e-01 8.445379510467453388e-01 8.639072213696397107e-01 8.727151584567052200e-01 8.477078387618197652e-01 8.547264183384423175e-01 8.625094751554377437e-01 8.600342212661814534e-01 8.570341727438940405e-01 8.851159058075501740e-01 8.628284730788358114e-01 8.705844541763207989e-01 8.577876483486770454e-01 8.783701361444423705e-01 8.860302833401474398e-01 8.833253064772556007e-01 8.813844307456650817e-01 8.726984019108499080e-01 8.807186139394824753e-01 8.610858629207884807e-01 8.755249741161401644e-01 8.756842969580340696e-01 8.656268280562723350e-01 8.743050322824567067e-01 8.717000676892440181e-01 8.731925716411209626e-01 8.710498194133232674e-01 8.775281372333367802e-01 8.718863017598459386e-01 8.788795217272077354e-01 8.805403999628348410e-01 8.777803625119036113e-01 8.807628424535201006e-01 8.761928007954847830e-01 8.629751645972099094e-01 8.754686127713757759e-01 8.737645042555208796e-01 8.727069991681286609e-01 8.742165750997218376e-01 8.690955364343717626e-01 8.639878299404962769e-01 8.716513759429410646e-01 8.744143832865551857e-01 8.707827154436987849e-01 8.739666886137711366e-01 8.771974512852007688e-01 8.567361480061164158e-01 8.726097614904680944e-01 8.692308565780130225e-01 8.746181195212469062e-01 8.606691754485207291e-01 8.749466565134377261e-01 8.734111717134341868e-01 8.731162691202862813e-01 8.748566341020580506e-01 8.706878812540981283e-01 8.805244851369187220e-01 8.777594699347117668e-01 8.732855703490093324e-01 8.793138929382372515e-01 8.693568782147548246e-01 8.801650842248590623e-01 8.708760254333492989e-01 8.762310162515390966e-01 8.825912794332470002e-01 8.836244021256857151e-01
7.597393745194180870e-02 1.775415509316053408e-01 3.109657866516793989e-01 5.248625883931659075e-01 4.379005968645032221e-01 4.817174187649644335e-01 6.849528437492818922e-01 6.551420514559105346e-01 7.511687495739504117e-01 1.000000000000000000e+00 7.426853188906141767e-01 7.847360789475714693e-01 7.185356537370048979e-01 6.059657014555516197e-01 7.890013587579599585e-01 7.695572897595756023e-01 7.440495696759209521e-01 7.482089746387803331e-01 7.641727814593723966e-01 5.758300747186428925e-01 7.598911694435444009e-01 7.656367404609273342e-01 7.633825957622123459e-01 7.587708377776639646e-01 7.750779835880458046e-01 7.765948197232003247e-01 7.745790613049182705e-01 7.810759482053902802e-01 7.755435449002079373e-01 7.850476385568513349e-01 8.040947619732649043e-01 8.017701948016799918e-01 7.553927511496906222e-01 7.863929079457361304e-01 7.809737221871866364e-01 7.648526353256068777e-01 7.952096200961059624e-01 7.820627406566966755e-01 8.078154597579889629e-01 7.650002389520634827e-01 8.043186536374692386e-01 8.015121591045080152e-01 7.657529792065544960e-01 8.080643113627979934e-01 8.000935432883127252e-01 8.068104290507445153e-01 8.160880838532362791e-01 8.266646538814174106e-01 8.118500359715979942e-01 7.595609470992304990e-01 7.801651190607203912e-01 7.692998842934180015e-01 7.935403592869808564e-01 8.192661092012694102e-01 7.968953149394302216e-01 8.099326796767313263e-01 7.928183980781824403e-01 8.061672777353241504e-01 8.041292891923284003e-01 8.186079293088163178e-01 8.003846902856730505e-01 8.119280612613762882e-01 7.982061550123540350e-01 8.099013658240574731e-01 8.133156788514382951e-01 8.141741590477868940e-01 8.223470923016751311e-01 8.163341396385005444e-01 8.201203040566684699e-01 8.083792251358682401e-01 8.181960668641488077e-01 8.176569732886456165e-01 8.082027844726796806e-01 8.179225933095636281e-01 8.144740638165273161e-01 8.190160717533521151e-01 8.184401507880443294e-01 8.169152215516650717e-01 8.125920916319870901e-01 8.162517256134781407e-01 8.166798984625408542e-01 8.199905549786083991e-01 8.190377623011381170e-01 8.137771637763389077e-01 7.986986815985696042e-01 8.147062150602283337e-01 8.177567492198004606e-01 8.147928812673820298e-01 8.159427944923886011e-01 8.119186133063351907e-01 8.117285940915095477e-01 8.166988849113874238e-01 8.176081032654938241e-01 8.183010843271422141e-01 8.172571969116727564e-01 8.220596207981166748e-01 7.908991171928682062e-01 7.978227744989692116e-01 8.047522468447741995e-01 8.086518210213323732e-01 8.024056418461316120e-01 8.092970343703704827e-01 8.138153735998906457e-01 8.116867370527195424e-01 8.105678353534989666e-01 8.065829750908876106e-01 8.168303993653899253e-01 8.233850433465360608e-01 8.198296944290176524e-01 8.181822236776681301e-01 8.160339798848474935e-01 8.203580161044993213e-01 8.165659386438257616e-01 8.108576237022654398e-01 8.193405733349821141e-01 8.195287766519401274e-01
4.859672986164877140e-02 1.427036872443194770e-01 3.819279263130557767e-01 6.200044954966446031e-01 4.842640393569884183e-01 5.312641379932572239e-01 7.712396946652373408e-01 7.337894226911905182e-01 8.057890780668310882e-01 7.426853188906141767e-01 1.000000000000000000e+00 8.640566377448690716e-01 7.945472466187138982e-01 6.440173523598508032e-01 8.679450099890475556e-01 8.552487188816934038e-01 8.023384756444374988e-01 8.409962451871128009e-01 8.478916198389118142e-01 6.494633742285045308e-01 8.446130940786602537e-01 8.494626981210413597e-01 8.313252359321541274e-01 8.429764181308243565e-01 8.605047981082760700e-01 8.558265863229410630e-01 8.586985821069362812e-01 8.625056873392566992e-01 8.568408608151527606e-01 8.686789490366341182e-01 8.930375526041710588e-01 8.799228981660932591e-01 8.367431569553688275e-01 8.647870768447607492e-01 8.597028384612900309e-01 8.440436647848053031e-01 8.690039984321255018e-01 8.585243035326293182e-01 8.831014170299892330e-01 8.446132620459537721e-01 8.834218244940394982e-01 8.843097117345373182e-01 8.531383198388691191e-01 8.852352815899455774e-01 8.838293627531796925e-01 8.826201963107720427e-01 8.930673359194725158e-01 8.960981094542740388e-01 8.889517373706393721e-01 8.371830650520968309e-01 8.599044838442326810e-01 8.484551963219394422e-01 8.789482102750423298e-01 8.862497574033795233e-01 8.697700006193580524e-01 8.837211876212627271e-01 8.744331762390552543e-01 8.873654829290713586e-01 8.813586363454760653e-01 8.976233737596398532e-01 8.899984663262888729e-01 8.925377843792468013e-01 8.821685296286723155e-01 8.884389081718829795e-01 8.841518327720858661e-01 8.900067792205258455e-01 8.961775091574983865e-01 8.985564205929845727e-01 9.009277794896871638e-01 8.910598841216686994e-01 8.993505779689804358e-01 8.986974301360296513e-01 8.954245862896730301e-01 8.974451955939335424e-01 8.983339631815292492e-01 8.986886458894348673e-01 8.974617832855338317e-01 8.978810964975653119e-01 8.988841875881607990e-01 8.983716559068263274e-01 8.989390936187245940e-01 8.996349670035299617e-01 8.921599177282456550e-01 9.000039587330189716e-01 8.861959522599992534e-01 8.967727573832369181e-01 8.965283782226888265e-01 8.971106873233467560e-01 8.963258164115449622e-01 8.923142936555874538e-01 8.928407202109870378e-01 8.976688987418790511e-01 8.981133775568889144e-01 8.964771481952312771e-01 8.957271622027580538e-01 8.986500747395206323e-01 8.820752626783684436e-01 8.818333909586443253e-01 8.927976513905511169e-01 8.927847495725843574e-01 8.887847969282334226e-01 8.954286118478782530e-01 8.925967275978688997e-01 8.965972946235121199e-01 8.905258709957567520e-01 8.903713443223917334e-01 8.976538392509891828e-01 8.978054693511171580e-01 8.983605920326991345e-01 8.973517333599417833e-01 8.974513612016656872e-01 8.982820841853261795e-01 8.982303175087357205e-01 8.943623737771358995e-01 8.918343127394560144e-01 8.954028981057683412e-01
3.581092852808087645e-02 1.497395812322643571e-01 3.909597899897452877e-01 6.587830705462009995e-01 5.104458429013495335e-01 5.842307059369727940e-01 8.185404771743634011e-01 7.872052353007025216e-01 8.446451855551870835e-01 7.847360789475714693e-01 8.640566377448690716e-01 1.000000000000000000e+00 8.365934794842574407e-01 6.866674903366408733e-01 9.208587208583145500e-01 9.116932225946853263e-01 8.488934690437704988e-01 8.807874809545601646e-01 8.933636742519809326e-01 6.813178499744078076e-01 8.937964180674506931e-01 9.003292855179891863e-01 8.712537191736494657e-01 8.832581709610439757e-01 9.049883112709020683e-01 8.990831700929746706e-01 9.042207690972399181e-01 9.058010504617414194e-01 8.994462380918144540e-01 9.012585631992644508e-01 9.336938290706408017e-01 9.338698597848749117e-01 8.856816772006028682e-01 9.252124895416307115e-01 9.020010965390833357e-01 9.069212889369185904e-01 9.218002682288328753e-01 9.188514349488970945e-01 9.422913131570243017e-01 9.067346026088840549e-01 9.365028345020411926e-01 9.377957329515427265e-01 9.163889079792625347e-01 9.456644029261016549e-01 9.410843036591871602e-01 9.402086216958116527e-01 9.437864460681271161e-01 9.470466022431189845e-01 9.437042118109374433e-01 9.020833193811603756e-01 9.245894708788472416e-01 9.115577960079989106e-01 9.312512232123089095e-01 9.395958372936868974e-01 9.232516343439604034e-01 9.410505845748743381e-01 9.305143761549268255e-01 9.409011230869467335e-01 9.391789483913385306e-01 9.461039524366896547e-01 9.465854531061613786e-01 9.437824858294205921e-01 9.370427461911996492e-01 9.424211199223767599e-01 9.388719360726498486e-01 9.390107793113312562e-01 9.485518465026229196e-01 9.494947237063449119e-01 9.479806909150612082e-01 9.418166550559630146e-01 9.503740600591301657e-01 9.491520410038276623e-01 9.442895020224919556e-01 9.472830886875240886e-01 9.485044025632252129e-01 9.483440790113092378e-01 9.454044139097376176e-01 9.452995581666994163e-01 9.453006119621103487e-01 9.428541767593285883e-01 9.467442517125538304e-01 9.475620836400301394e-01 9.475930894866633203e-01 9.440090302409701595e-01 9.443222715203097861e-01 9.494844597468060643e-01 9.494749909510137309e-01 9.516483683006770056e-01 9.500982044883097277e-01 9.474966204458392660e-01 9.475451894859883151e-01 9.497627984955621105e-01 9.501438529691230706e-01 9.496795858502998788e-01 9.471472013914193910e-01 9.494324346280249571e-01 9.403648860692614964e-01 9.394153353879318713e-01 9.470693278513842017e-01 9.485969496996796702e-01 9.454985489639029517e-01 9.489202381203593051e-01 9.451072500671137133e-01 9.505107626204306603e-01 9.489829535227159996e-01 9.407354038435071786e-01 9.488992744454459727e-01 9.489495974995664218e-01 9.492386813996254169e-01 9.501056853393786694e-01 9.480971682067348416e-01 9.476558625222157861e-01 9.479398027398990845e-01 9.470254758389798910e-01 9.467626182728875461e-01 9.468380288446496262e-01
3.469853813560262734e-02 1.457838502065746111e-01 3.534974861431353088e-01 5.704087295689720394e-01 4.824419956960158129e-01 5.274744316067180305e-01 7.582260846385336928e-01 7.145953035897197880e-01 7.759041247169282673e-01 7.185356537370048979e-01 7.945472466187138982e-01 8.365934794842574407e-01 1.000000000000000000e+00 6.271445375467994410e-01 8.493653104013215716e-01 8.330754849380191951e-01 7.772159232040506405e-01 8.060856611964656304e-01 8.130725542773474812e-01 5.921231956539616537e-01 8.073162221057705867e-01 8.161703072426623740e-01 8.082027033605556632e-01 8.125862805315315907e-01 8.362669857716470423e-01 8.244889516885086644e-01 8.220453105169579500e-01 8.299039708617350630e-01 8.252508807585055006e-01 8.258590710727922168e-01 8.556185368953391768e-01 8.484501801287969158e-01 8.032448942092019761e-01 8.369602349636752203e-01 8.260990014273318360e-01 8.269533019844964583e-01 8.442963982631433995e-01 8.223131352926534854e-01 8.599691462776232198e-01 8.067903459692598034e-01 8.587818529694940528e-01 8.563632561606476790e-01 8.298336140991539045e-01 8.619373289754989065e-01 8.592675541401079142e-01 8.609383898026049531e-01 8.690785328874049975e-01 8.674399332689687325e-01 8.565602336318332011e-01 8.032270484626337081e-01 8.249643045745376213e-01 8.288435314688029631e-01 8.504830367504108146e-01 8.556926185457576217e-01 8.259164426472673792e-01 8.483276781913685616e-01 8.362705607208824610e-01 8.599658239335233878e-01 8.408867365843513131e-01 8.745420699724819613e-01 8.631397045471653762e-01 8.599120152145315332e-01 8.440733092705056118e-01 8.590653725603857316e-01 8.629095683237542058e-01 8.613184472893354870e-01 8.726651209407979559e-01 8.739994751633787251e-01 8.733957557269970140e-01 8.582181330870991554e-01 8.737415617633320641e-01 8.724319147819300513e-01 8.649572847197921632e-01 8.726798125600073730e-01 8.713964235105102762e-01 8.725136773017552194e-01 8.686340307793626314e-01 8.729940690962072480e-01 8.702153984260875275e-01 8.706309255493228649e-01 8.751133656794667370e-01 8.743272568608443374e-01 8.683928242856560065e-01 8.711491182387730570e-01 8.590843203651438165e-01 8.703632482788271618e-01 8.732740386834538793e-01 8.718247490209998229e-01 8.724356238117899620e-01 8.638326227957753289e-01 8.664414062792044069e-01 8.732989776546465910e-01 8.729743772564259041e-01 8.736060257404182350e-01 8.757709178793533500e-01 8.748249656288885623e-01 8.551000068275655952e-01 8.549868606994949216e-01 8.693707239544381515e-01 8.695239723236599660e-01 8.677948021535915046e-01 8.679236746881583420e-01 8.717332839618078255e-01 8.734474636286659877e-01 8.692562743644315360e-01 8.633531250662365153e-01 8.706117526888064173e-01 8.732160221513312059e-01 8.699655322256184542e-01 8.728882847900424347e-01 8.684165460187753816e-01 8.767957351392808851e-01 8.701084817527228177e-01 8.709141927287532559e-01 8.718095108173168351e-01 8.731620213872347547e-01
