1.000000000000000000e+00 1.481171296822119121e-01 6.698147342122573455e-02 8.239843819042717843e-02 5.317997004485432166e-02 5.010500319665017049e-02 5.320308654066727150e-02 7.409320057979806341e-03 1.576409742593053442e-01 1.613162010838060587e-02 6.217269994801308958e-02 1.049307277829786278e-02 2.700494496815182208e-03 -2.886924469079677272e-02 1.360644451733142302e-02 -2.676130494268349428e-03 1.402492269573885897e-01 7.869937147713718106e-02 4.856955307801175126e-02 5.019247453600175768e-03 9.485531424353534080e-02 7.085965832408810949e-02 6.052922819775109764e-02 3.586670756551618711e-02 4.091705437044348970e-02 9.894066092662198719e-02 6.432576761820169020e-02 3.997051904549291795e-02 6.929929498989675918e-02 7.624703759493975386e-02 5.649212452344063579e-02 4.590466473858273444e-02 3.038348374260955997e-02 4.519494230769045828e-02 9.163003742677988672e-02 7.247773241006202731e-03 5.368699299533553210e-02 -2.570234217967680163e-03 1.908857449661085712e-02 -4.108535512940315187e-02 2.204065546532191916e-02 -1.963883143452191740e-02 -3.995268483315525532e-02 1.310553823678043631e-03 2.846512146120002903e-02 -4.058966923659496767e-03 1.975980765127928820e-02 2.913913410005276178e-02 2.848991488069612527e-02 2.711392813506721591e-03 4.773468047001891423e-03 2.666081508174757489e-02 6.909462797059026315e-03 8.319382687784078467e-02 7.710702855289781887e-02 2.788249682469731705e-02 8.546004870954325428e-02 5.047594517927477681e-03 1.619479916185194088e-02 4.295310532296047618e-02 1.872233044753422726e-02 3.643408154677180849e-02 2.683602201517897717e-02 4.267003420597266505e-02 7.221684850282013290e-02 6.350683337870006995e-02 3.246445917140806242e-02 1.515852491898449055e-02 4.357197436274777569e-02 1.507736465675884457e-02 2.181029056638272498e-02 2.522547203319109449e-02 1.354139030490882425e-02 5.967197500033515935e-03 3.146912856022298505e-02 2.708049376014608559e-02 1.570417080447703007e-02 4.601245698635719056e-02 2.182856857591601585e-02 3.335560269809912520e-02 3.700301658525570470e-02 2.322723581196149689e-02 4.754936995810932210e-02 4.769931280016095898e-02 1.208379651720118547e-02 2.543828395551706034e-02 2.388580564080620625e-02 2.840050159776259277e-03 1.371535568247699184e-02 2.849011880308639430e-02 -3.815017864627081711e-03 3.086459772330487055e-03 4.788029124486406496e-03 -8.543409431753737219e-04 1.026236840272724132e-02 1.977911460679238759e-02 1.067255768350902287e-02 6.648076326146340476e-02 2.329971483176980149e-02 1.318050505053164692e-02 -1.031437418181387934e-02 2.688751064419230702e-02 1.355385315119202530e-02 3.354309072891727573e-03 3.676611963352124923e-02 5.652091854190246373e-02 3.288329309703062753e-02 3.137793316060460275e-02 3.729471967044599434e-02 2.398213590429794720e-02 1.283843680793427325e-02 3.134992792204177592e-02 2.840246615306972824e-02 2.949764804948638505e-02 4.695216878316405690e-02 4.406822805958368616e-02
1.481171296822119121e-01 1.000000000000000000e+00 9.057721746539768026e-02 1.185141027592087198e-01 1.229618977928876034e-01 1.369529504488616878e-01 1.983080654181910429e-01 1.545289177761471067e-01 1.950562015427683149e-01 1.657771266696816959e-01 1.666364454012673746e-01 1.376994566411940402e-01 1.386164337640452271e-01 1.206931548422186251e-01 1.752366935191331521e-01 1.446908531423675703e-01 1.568614906471886283e-01 1.940169381015047767e-01 1.699588394621444343e-01 1.668626713777460746e-01 1.666278236304222782e-01 1.788419904340012301e-01 2.131184648470364762e-01 1.678566610204184906e-01 1.697449266643929200e-01 2.209794380782977852e-01 2.098229748773353109e-01 2.241477876918567258e-01 2.059176167986324912e-01 1.871387985545261701e-01 1.942140973545044003e-01 1.893439659700928701e-01 1.845357505946657317e-01 1.663248078617753645e-01 1.972388632380798201e-01 1.383548242849005072e-01 1.958731414241015600e-01 1.689544237133770999e-01 1.673133775015616942e-01 1.733411207094445738e-01 1.822687736031735617e-01 1.651730455889294236e-01 1.481807435483493973e-01 1.632673758449091905e-01 1.718710047347785097e-01 1.693284609442462230e-01 1.587582599826939389e-01 1.657411450440172129e-01 1.602979888502663874e-01 1.236308913071839655e-01 1.362430640018147121e-01 1.160037580357065196e-01 1.414069614408101916e-01 1.875730353502969572e-01 1.887257398208028181e-01 1.892082835340817004e-01 1.469552083607313375e-01 1.571664533028253041e-01 1.611689341125891461e-01 1.605972174075996073e-01 1.483048963384772378e-01 1.557690810761062361e-01 1.371384579401260517e-01 1.422232218530610492e-01 1.577442592732525850e-01 1.489192656390690150e-01 1.554301370788677972e-01 1.570597261396578792e-01 1.784847210015988728e-01 1.600400264481087464e-01 1.552598053043551807e-01 1.592906733067833702e-01 1.586522181160464617e-01 1.545934758668575659e-01 1.729569287432506652e-01 1.657076877558525119e-01 1.759389684289313360e-01 1.764233376885644966e-01 1.749394326280278023e-01 1.600883122356362431e-01 1.689949387295680561e-01 1.615906188102988195e-01 1.702320477759980411e-01 1.746769575509913019e-01 1.485647939838816989e-01 1.553490769966746066e-01 1.591375436517018238e-01 1.560719356789191381e-01 1.569473609625578470e-01 1.732427341313018676e-01 1.610320719809140988e-01 1.635754640680499028e-01 1.507749876681849788e-01 1.585628800346157996e-01 1.510344847374998911e-01 1.590311357105602674e-01 1.466817198406730194e-01 1.418148036986565386e-01 1.548494453216952838e-01 1.511877949257951770e-01 1.436958952433569359e-01 1.454669370587162447e-01 1.472363166470124773e-01 1.430685156357534016e-01 1.430540670361937494e-01 1.542444737292348045e-01 1.552562922062134532e-01 1.649908374031872904e-01 1.728062629853604482e-01 1.613553179579523822e-01 1.572799983747138752e-01 1.567533351738117087e-01 1.565162345722041215e-01 1.446284355250611053e-01 1.567701351117718189e-01 1.497592886401752643e-01
6.698147342122573455e-02 9.057721746539768026e-02 1.000000000000000000e+00 3.257043701071749009e-01 1.498711664776892494e-01 2.465014924451314482e-01 3.118256139262574056e-01 3.178063136690699730e-01 3.578804273356595012e-01 3.210203617902109841e-01 3.626809345405107576e-01 3.772878073206188954e-01 3.160466669515513138e-01 2.825527052401322070e-01 3.623079444180801190e-01 3.695915565538479552e-01 3.768472270675241598e-01 3.370558070354268132e-01 3.470643808397725905e-01 2.738564274224953854e-01 3.597482226140143458e-01 3.647860014068278756e-01 3.262297890601494887e-01 3.376969263470417926e-01 3.417976804875335062e-01 3.695208072566323332e-01 3.609594393135245327e-01 3.613883910180292203e-01 3.632466961196906818e-01 3.786293707243114648e-01 3.821859764872259091e-01 3.846788296943125518e-01 3.670354461185167949e-01 3.835645721863188973e-01 3.769087696128586296e-01 3.820561859708477281e-01 3.767940450832546473e-01 3.702626705756520975e-01 3.856061928152234031e-01 3.602530706418431983e-01 3.774831946167429009e-01 3.763142642230054014e-01 3.731140248631556466e-01 3.889371926522059986e-01 3.930216885878394795e-01 3.768655159275438038e-01 3.870582726561766496e-01 3.873156074729212084e-01 3.817463524992315560e-01 3.807199014066577347e-01 3.805553601579959033e-01 3.870066398610070846e-01 3.789722601252240586e-01 3.876473250207163601e-01 3.854810981267970948e-01 3.910864664860177475e-01 3.935991871795344599e-01 3.861456181951626321e-01 3.789916299764994889e-01 3.925770595467823476e-01 3.895284337858394008e-01 3.866019471744241986e-01 3.772162782849517448e-01 3.911100631352934509e-01 3.992013061930997364e-01 3.950720317460773567e-01 3.868717022030756514e-01 3.825389597505909900e-01 3.908089970866333585e-01 3.777342395940512798e-01 3.888463213967643939e-01 3.914975919993018416e-01 3.821514956166179311e-01 3.791666690539467477e-01 3.856183262434293435e-01 3.842108612073373841e-01 3.808256618347651279e-01 3.838330550247222028e-01 3.806756772749078088e-01 3.857967486991781825e-01 3.907952637596022183e-01 3.850693293286648333e-01 3.964222109426243645e-01 3.895094501800644426e-01 3.870341283811905009e-01 3.902783189759745919e-01 3.932829463900134326e-01 3.859701888738515940e-01 3.887468409337909714e-01 3.919408088166696502e-01 3.836616920916999240e-01 3.861703410589019114e-01 3.891446839051004303e-01 3.833097851812597989e-01 3.837547733168640840e-01 3.843124544404957210e-01 3.814163377776018105e-01 3.872334784350231485e-01 3.904543424436063837e-01 3.896743212357885455e-01 3.867768521388398884e-01 3.879837340577806382e-01 3.854633327916330288e-01 3.859157267191021257e-01 3.945417210069044889e-01 3.905871763601734825e-01 3.886716239133893303e-01 3.859697438855540508e-01 3.885359679853597203e-01 3.868212896167080306e-01 3.878819447568045420e-01 3.883613091683776330e-01 3.864135752436348437e-01 3.873385135307791383e-01 3.940782187927086566e-01 3.900494611758590913e-01
8.239843819042717843e-02 1.185141027592087198e-01 3.257043701071749009e-01 1.000000000000000000e+00 3.215455503703346651e-01 3.727277051799029461e-01 5.283965203621149298e-01 5.295535923346039731e-01 5.673461790377823943e-01 4.812633340014490502e-01 5.933167455787828892e-01 6.470034381330538320e-01 5.391073804898318667e-01 4.744417237738439153e-01 6.129471976434442970e-01 6.230018089722373364e-01 5.890125637514024293e-01 4.896227663631927407e-01 5.042492246081985430e-01 4.877967239372488217e-01 5.858859348916267695e-01 5.616366169308660838e-01 4.725351177916596868e-01 4.501247685742447158e-01 4.936998748030487216e-01 5.693492454869807373e-01 5.827455815541245920e-01 5.653563050512715460e-01 5.555601465005080009e-01 5.694394981010009182e-01 5.978002540332588710e-01 5.813491268998102202e-01 5.467576327801800806e-01 5.584955933951084583e-01 5.585184684829449520e-01 5.660768504902974341e-01 5.750426575447507016e-01 6.007152918502878247e-01 6.024240726992879935e-01 5.848128587880386808e-01 6.215253025864085901e-01 6.074262715627876119e-01 5.950768586895348600e-01 6.269390342237268765e-01 6.202463148790945402e-01 6.008926827267405679e-01 6.200188704272270313e-01 6.230742341718160660e-01 6.285685245128926901e-01 6.139856842843495199e-01 6.187008756140409682e-01 6.363004038914141791e-01 6.327450546365352979e-01 6.141333707362965910e-01 6.165564623289432333e-01 6.163487363415338649e-01 6.427028633694016335e-01 6.333908528244410752e-01 6.256498613755276939e-01 6.391896565592438684e-01 6.359996462099093417e-01 6.378034252790784064e-01 6.315187808548642368e-01 6.374840246379875897e-01 6.320912862849319414e-01 6.373850110085071963e-01 6.189539155931538250e-01 6.047432785057590410e-01 6.032929628334208205e-01 6.284029876600694120e-01 6.263805623870357664e-01 6.117898038482088019e-01 5.799711642953109259e-01 5.829355968101020968e-01 6.111758687388145761e-01 6.143869029004401794e-01 6.059872380121867907e-01 6.120702910507268557e-01 6.070055524525987956e-01 6.035439232844586055e-01 6.003908388555644349e-01 6.096244509303186954e-01 6.204559554174124969e-01 6.015652587388731209e-01 6.123374090883685339e-01 6.012551779478403358e-01 6.058805123867110343e-01 6.237100137907738429e-01 6.133872816598451294e-01 6.200374479463522936e-01 6.106471980115746323e-01 6.210657391969781616e-01 6.208479195976885912e-01 6.181852889632990511e-01 6.243315198190831916e-01 6.235164676423191610e-01 6.439557223991289048e-01 6.481192906038175661e-01 6.390316802883706515e-01 6.299521081504940723e-01 6.225702907046253287e-01 6.435205897798673691e-01 6.361731933838484787e-01 6.312306274417984753e-01 6.390026510466242371e-01 6.442812160562672030e-01 6.319237176823470081e-01 6.211661762288698263e-01 6.271886071842759369e-01 6.339938506514818384e-01 6.377654134912080774e-01 6.355372654903509444e-01 6.373463629787176066e-01 6.296415160144324119e-01 6.317850491578633765e-01 6.397720294729313251e-01
5.317997004485432166e-02 1.229618977928876034e-01 1.498711664776892494e-01 3.215455503703346651e-01 1.000000000000000000e+00 2.931751378962093035e-01 4.727489407002663513e-01 4.576454493085450048e-01 4.161832005119671662e-01 3.619891518456086477e-01 4.448337452598564168e-01 4.497018866822492522e-01 4.651229349563328896e-01 3.979410660920120746e-01 5.000349946843730686e-01 4.700941122936810324e-01 4.115906768534205451e-01 4.558367586474195154e-01 4.587686089075539431e-01 3.609418502590679978e-01 4.612268608511454482e-01 4.698102416360244726e-01 4.468716039740107115e-01 4.492195892072864960e-01 4.583725244443385138e-01 4.924271022976128842e-01 4.599431393920540012e-01 4.851352150045042944e-01 4.860782930252395828e-01 4.538968179015763771e-01 4.760459749245443684e-01 4.743961040037416033e-01 4.369539877644637582e-01 4.608583140675804879e-01 4.391208406304702994e-01 4.491791486364173913e-01 4.762624037234526875e-01 4.791773584177408951e-01 4.822073802735235559e-01 4.796207083384755321e-01 4.796881034038582570e-01 4.869679300054748361e-01 4.943914185166170538e-01 4.942786736089799793e-01 4.775444357164608800e-01 4.929999653518670755e-01 4.692287837120644456e-01 4.621586689544944782e-01 4.719850310622213940e-01 4.527883505636658423e-01 4.750477188503994808e-01 4.492299197347296436e-01 4.554336160676433765e-01 4.624419285626252263e-01 4.738151110921486331e-01 4.929439104602004185e-01 4.373980310759565393e-01 4.742999862692208746e-01 4.632816213252570758e-01 4.670455382804597488e-01 4.789144709034121039e-01 4.601473309340837758e-01 4.550180160436598786e-01 4.615067476576003025e-01 4.688410933631118049e-01 4.517950933140363334e-01 4.710425544521444352e-01 4.833181683596741718e-01 4.837451861395528074e-01 4.810833013772878863e-01 4.879088411696712035e-01 4.859829205541995600e-01 4.710805968950482758e-01 4.870119382526512108e-01 4.849909026100927556e-01 4.761462727088711100e-01 4.884724802675409761e-01 4.749007754158264261e-01 4.810386087292308765e-01 4.663729286631376203e-01 4.761881926513013563e-01 4.711013060995266621e-01 4.765371378762846000e-01 4.655340155521213719e-01 4.742020306740276636e-01 4.782623180879759794e-01 4.790009702141458936e-01 4.816151797851661587e-01 4.781763431135647169e-01 4.816532340676393242e-01 4.840878280280592749e-01 4.860432652419904298e-01 4.785020663416905684e-01 4.838260617400719776e-01 4.712382242114369069e-01 4.690391533409686287e-01 4.719553931221034393e-01 4.500165097218378207e-01 4.708205438428413325e-01 4.758698386256453028e-01 4.860183652449878711e-01 4.629237917460731211e-01 4.709160555202213660e-01 4.776670903646918487e-01 4.687349889950424564e-01 4.499000383279339044e-01 4.612235799272785264e-01 4.741424523147230730e-01 4.789225113049339622e-01 4.749376416503776066e-01 4.677104182053408166e-01 4.694117747590996759e-01 4.598223312663765050e-01 4.712065750257528607e-01 4.640044164533974058e-01 4.606882120441575523e-01
5.010500319665017049e-02 1.369529504488616878e-01 2.465014924451314482e-01 3.727277051799029461e-01 2.931751378962093035e-01 1.000000000000000000e+00 5.195867483048047797e-01 4.724882681518912109e-01 4.949972953056150926e-01 4.484562116181788904e-01 5.282754343251079288e-01 5.230804492622164181e-01 4.942365763075445839e-01 4.368889897518772325e-01 5.535971359865414776e-01 5.446079223758398813e-01 4.947930559076459400e-01 4.955210770409218535e-01 4.876632181103015551e-01 4.117385649975868755e-01 4.860573577951142199e-01 5.008338701890829858e-01 4.968130138342260471e-01 4.835268397138415830e-01 4.895915654035767894e-01 5.562334038164666872e-01 5.506861799572878580e-01 5.656727154872475127e-01 5.525989049715388512e-01 5.578279476835041883e-01 5.723000793222298155e-01 5.500434832134193375e-01 5.358334125484125465e-01 5.288223125684666792e-01 5.402716360797797934e-01 5.254425054923165250e-01 5.557519025665312862e-01 5.551980857998415342e-01 5.618661450105953969e-01 5.550225018073018379e-01 5.692591350546831741e-01 5.679192985711750685e-01 5.627145382137722640e-01 5.680913760964589887e-01 5.739669270924588895e-01 5.701485440392589643e-01 5.617843095980927792e-01 5.587413953198479000e-01 5.628243636594595367e-01 5.405356745751236369e-01 5.633632568444039146e-01 5.386059512423020390e-01 5.524899526304952735e-01 5.620615258893767452e-01 5.679147347812849578e-01 5.741705146675751825e-01 5.544782391378499931e-01 5.596929210201916360e-01 5.649791891951749800e-01 5.608444950591235934e-01 5.703050284107546997e-01 5.615946505591044025e-01 5.582970892835228405e-01 5.571225386250997502e-01 5.567596767062328311e-01 5.548727624795162239e-01 5.606644737975383652e-01 5.630664142030387120e-01 5.689474640914290449e-01 5.626271468249846031e-01 5.584088782541302143e-01 5.632696176577665081e-01 5.489210212685350365e-01 5.554991276749957629e-01 5.689119418637758052e-01 5.682540851706230356e-01 5.728933237324435046e-01 5.661466171275802983e-01 5.754176192996540706e-01 5.666539751562520433e-01 5.712086136913288037e-01 5.663469024526810447e-01 5.692650879836140820e-01 5.639942353454324708e-01 5.606349364277126712e-01 5.576150590951437502e-01 5.670960329863126148e-01 5.674242953746918561e-01 5.628952714699021476e-01 5.709690427935950607e-01 5.685775094641352112e-01 5.696803318890960588e-01 5.654152340561487966e-01 5.690761441964633516e-01 5.615026480020679500e-01 5.630006361977727414e-01 5.631215392378836615e-01 5.535892806339282046e-01 5.677153902915372807e-01 5.646758919798473553e-01 5.648568349918428044e-01 5.655235057148753075e-01 5.596894299578067944e-01 5.609009503455296697e-01 5.590309533121714525e-01 5.610057745460489409e-01 5.607906841558304434e-01 5.659160768253080898e-01 5.704171067090376690e-01 5.652112637952615426e-01 5.685896942893073902e-01 5.610592072495637073e-01 5.628313373852699142e-01 5.600017152129476150e-01 5.594124940234195265e-01 5.596845759709138113e-01
5.320308654066727150e-02 1.983080654181910429e-01 3.118256139262574056e-01 5.283965203621149298e-01 4.727489407002663513e-01 5.195867483048047797e-01 1.000000000000000000e+00 7.192113121319183566e-01 7.151479941113906280e-01 6.551091690461041672e-01 7.499989129279711619e-01 7.770467890444453518e-01 7.279870174814165873e-01 6.293443074044867691e-01 8.424269658723753107e-01 8.017819243450448052e-01 7.165055183049318099e-01 7.256117547636640186e-01 7.194400025027861689e-01 6.268025708686827402e-01 7.149846300154066858e-01 7.383980527605003008e-01 7.291689334407130962e-01 7.107421077111586438e-01 7.249281854578172313e-01 8.068778917186663069e-01 7.862527042017666279e-01 8.161421065189843338e-01 7.913692415561924820e-01 7.942583317919730268e-01 8.127063684581117275e-01 8.116200985474225638e-01 7.801122418792474367e-01 7.890455938967512184e-01 7.826845241406322762e-01 7.672870920758115831e-01 7.947954032440093242e-01 8.331037226620272573e-01 8.288521076128220200e-01 8.165876199589884310e-01 8.235770141078666562e-01 8.271806096338485403e-01 8.342279277794004688e-01 8.301167105825615344e-01 8.256893231087326646e-01 8.315583964057394750e-01 8.116969596006152754e-01 8.030523080619645926e-01 8.119251300525035520e-01 8.064349019022790666e-01 8.268676207924509081e-01 7.848277262433900336e-01 7.955300401969858104e-01 7.952454780192441675e-01 8.078907531765079364e-01 8.339754983918931108e-01 7.777063933694904341e-01 8.094814110589998446e-01 8.097533468200750484e-01 8.005773549659546129e-01 8.267500892386665523e-01 7.963216282754886910e-01 7.978880732645303731e-01 8.020081286548306210e-01 7.954305729525907864e-01 7.894357123251040109e-01 8.096269135135631956e-01 8.156494871418634718e-01 8.201138695394538658e-01 8.183114842410813550e-01 8.109944022294408583e-01 8.143380489848636161e-01 8.011386721981255121e-01 8.018838827903426170e-01 8.240904962196077266e-01 8.133704595173916196e-01 8.282223982009776497e-01 8.104063028567574101e-01 8.238188885624467828e-01 8.109161495130289277e-01 8.182047286587991186e-01 8.119913787762708113e-01 8.165652750657468317e-01 8.111311483290557511e-01 8.182687577729856887e-01 8.129514093756993187e-01 8.132159191031649303e-01 8.305446425097379182e-01 8.213693641252495237e-01 8.232334516802926050e-01 8.264658767279563500e-01 8.277240213517096379e-01 8.187054571114282808e-01 8.259753819622340787e-01 8.091576963829759661e-01 8.065451815403870128e-01 8.182949303959720089e-01 7.936844397755867808e-01 8.178869824897145868e-01 8.234550668871432055e-01 8.245924916771129043e-01 8.090022391842657257e-01 8.087785904950302029e-01 8.142059534901924245e-01 8.066816831349221673e-01 7.938240497213868707e-01 8.045134044840746013e-01 8.113333094051498051e-01 8.184897777289568133e-01 8.181536032973603101e-01 8.156117030121652345e-01 8.067853112948439875e-01 8.002201409028860679e-01 8.063530967064977961e-01 8.033491022705459006e-01 7.986137982789501821e-01
7.409320057979806341e-03 1.545289177761471067e-01 3.178063136690699730e-01 5.295535923346039731e-01 4.576454493085450048e-01 4.724882681518912109e-01 7.192113121319183566e-01 1.000000000000000000e+00 6.891018034273513893e-01 6.305876094801180498e-01 7.294524497967436183e-01 7.567771084889998168e-01 7.035941281735629271e-01 6.130831040729481929e-01 7.894021541710566359e-01 8.074104717055653468e-01 6.825706153566183376e-01 6.410881987337785359e-01 6.631376372619532944e-01 5.434559722826951544e-01 6.630088462361755086e-01 6.937305393620532001e-01 6.328877023961532178e-01 6.255721759837478135e-01 6.610293060935699128e-01 7.450223701585709790e-01 7.277800337827425858e-01 7.369946791884870452e-01 7.502377067628717144e-01 7.436018215335660209e-01 7.668145203146150557e-01 7.465134694415849204e-01 7.117852180967959574e-01 7.301966584640656732e-01 7.305845422004497713e-01 7.336131673782499973e-01 7.410127185927660731e-01 7.765345005930076594e-01 7.839473020809504256e-01 7.603122425094562820e-01 7.789526956079049214e-01 7.795729422333873559e-01 7.916350965671845596e-01 7.990115498780552272e-01 7.841636153026040335e-01 7.872297840036517336e-01 7.881522466421905238e-01 7.850865858750941673e-01 7.918354094376970354e-01 7.711480788908897654e-01 7.919173340295597718e-01 7.681621034188267361e-01 7.826935424673765462e-01 7.769680692410562139e-01 7.859871456683013013e-01 7.907496067694864683e-01 7.764830210380527786e-01 7.948423205183758888e-01 7.888834227726102544e-01 7.867672792792392844e-01 8.076875093468625089e-01 7.911354260787233361e-01 7.949055198398621291e-01 7.929549245205506081e-01 7.754223976115135475e-01 7.769052375423447510e-01 7.848622023550514415e-01 7.794805969770545184e-01 7.795347948917231706e-01 7.744281561305815798e-01 7.791911242251737812e-01 7.811661530516432750e-01 7.594693435918175028e-01 7.625432019745163048e-01 7.893650483817601371e-01 7.820619973278710724e-01 7.840605906787184720e-01 7.846615129855215587e-01 7.852972986201658401e-01 7.811761560794437953e-01 7.792755103546651352e-01 7.849126519012213921e-01 7.849703146813307164e-01 7.784242969618386798e-01 7.845433259503108436e-01 7.763276128045277780e-01 7.824849449224223763e-01 7.977141422696210071e-01 7.907960515266923007e-01 7.917793577742037181e-01 7.869355129290217521e-01 7.938659910488820026e-01 7.918868514719806795e-01 7.917516465211525967e-01 7.898930417404227411e-01 7.895249108302934138e-01 8.015588444485034492e-01 7.841487199232853866e-01 8.019386389235155788e-01 7.961259137841151245e-01 8.023172099152463543e-01 7.989246747798928183e-01 7.904659568959964133e-01 7.964764765595231388e-01 7.905857702460298286e-01 7.927340701801395273e-01 7.902063207896184993e-01 7.880323898115411119e-01 7.949244577621585872e-01 7.965065779807629642e-01 7.982903905017759705e-01 7.902333634593001754e-01 7.906167632451013283e-01 7.941104744853759723e-01 7.839215684608431545e-01 7.853655672141078847e-01
1.576409742593053442e-01 1.950562015427683149e-01 3.578804273356595012e-01 5.673461790377823943e-01 4.161832005119671662e-01 4.949972953056150926e-01 7.151479941113906280e-01 6.891018034273513893e-01 1.000000000000000000e+00 7.192014144841665235e-01 8.063972695076876418e-01 8.083408394042636003e-01 7.389522462392691393e-01 6.663335081304974095e-01 8.248659197374998975e-01 8.039081162751491316e-01 8.094324633922922452e-01 7.132937051816099494e-01 7.293297806263197014e-01 5.909554759033627258e-01 7.240442012677311689e-01 7.639324510023408621e-01 7.133771695311293959e-01 7.052392460586746070e-01 7.131793336167581154e-01 8.336452040048935030e-01 8.299283366459885292e-01 8.057113932394561751e-01 8.346575262475081081e-01 8.563372112283517135e-01 8.675509042866963449e-01 8.232646203885183311e-01 7.737949610545226120e-01 8.077337458797934078e-01 8.297806516399530707e-01 7.783550345286429639e-01 8.246858847295099881e-01 8.084900800948876531e-01 8.385370379134061691e-01 7.637016610711052644e-01 8.535257637148541132e-01 8.269517597539844944e-01 7.960853829938279169e-01 8.464460150438223307e-01 8.469214618271500017e-01 8.334541911781757628e-01 8.659815052354564724e-01 8.741166225686591851e-01 8.663874815529964968e-01 8.070362208219039601e-01 8.363532530927046960e-01 8.145187950462560167e-01 8.487317145489845505e-01 8.835494056755137660e-01 8.736398598039479824e-01 8.558431873708604032e-01 8.623571392148025039e-01 8.502181281042642258e-01 8.516422995910539750e-01 8.737960370814551458e-01 8.559101625005440805e-01 8.670112516559456139e-01 8.528143325406293274e-01 8.673781107020966941e-01 8.754706762307497003e-01 8.753440472982135789e-01 8.711662916409473878e-01 8.551939927988511103e-01 8.652888472341911941e-01 8.439084885312098105e-01 8.508177510001118105e-01 8.617864695204168202e-01 8.378971624126946294e-01 8.309928650019056118e-01 8.692900172337473252e-01 8.679102671836477212e-01 8.553203187495603821e-01 8.721208494850323234e-01 8.607777379943420959e-01 8.703179143090887804e-01 8.654508638526875464e-01 8.698147625121239734e-01 8.692368031067160272e-01 8.666923949654724568e-01 8.456161481867044971e-01 8.565642292269839420e-01 8.592891907848545507e-01 8.518642777857422521e-01 8.603027512257725995e-01 8.649689403378809649e-01 8.396969022064002530e-01 8.554511621588227754e-01 8.565592089088631678e-01 8.562568947047026757e-01 8.634499134094104633e-01 8.684811948587303210e-01 8.368778005954722321e-01 8.627525202319321629e-01 8.600184790187731521e-01 8.531515628336835411e-01 8.408496083186833836e-01 8.619089647413256117e-01 8.608282716216965058e-01 8.582302278511357851e-01 8.619721641839140913e-01 8.671665072363363702e-01 8.733883896928998913e-01 8.738143216546923053e-01 8.749910621229010088e-01 8.685561495650592212e-01 8.613795445907812542e-01 8.720154326031813730e-01 8.669927718597574273e-01 8.652414847733205239e-01 8.752295152087328223e-01 8.737128237801637942e-01
1.613162010838060587e-02 1.657771266696816959e-01 3.210203617902109841e-01 4.812633340014490502e-01 3.619891518456086477e-01 4.484562116181788904e-01 6.551091690461041672e-01 6.305876094801180498e-01 7.192014144841665235e-01 1.000000000000000000e+00 7.228239709849706429e-01 7.472100359658188085e-01 6.992432371025038007e-01 6.564977765330787252e-01 7.677715791980469495e-01 7.545803447095941197e-01 6.798571426976101062e-01 6.301094883277343905e-01 6.495289186200464693e-01 5.555726932230425907e-01 6.145037436854621227e-01 6.743613254489260189e-01 6.399842548986449664e-01 6.457196693256314068e-01 6.363020908515967244e-01 7.426357851086957673e-01 7.537255495879658929e-01 7.437271202251711788e-01 7.488698871713619365e-01 7.792506461459138833e-01 7.980236331855096177e-01 7.523331898326394152e-01 7.097833684367874651e-01 7.424983917827554514e-01 7.451597297911687345e-01 7.183532374905398088e-01 7.575400720733537208e-01 7.525461330029149520e-01 7.810861464370068008e-01 7.278552603486532213e-01 7.953909195858924752e-01 7.832985205970562914e-01 7.545747095975537944e-01 7.873560204077342251e-01 7.804891131694081663e-01 7.850439888609005434e-01 8.044514384570374821e-01 8.124167861382184386e-01 7.981572456012863137e-01 7.343207541611022071e-01 7.664820925190806156e-01 7.287420636804397001e-01 7.835451996053843793e-01 8.008773332154768276e-01 7.879285008120380240e-01 7.877702573309067757e-01 7.549092389278411197e-01 7.976712261335343612e-01 7.854096966262684720e-01 8.023623279569359612e-01 7.821820363786839980e-01 7.942176634830855342e-01 7.788482324956279568e-01 7.813046317496521453e-01 7.755961936151714031e-01 7.862484823252448018e-01 8.084665227914185071e-01 7.990656718321779151e-01 7.983814125785857474e-01 7.829093494152873367e-01 7.829904693752662848e-01 7.937132855160317080e-01 7.869189971946143336e-01 7.703271044538607670e-01 8.069638954307560841e-01 8.071868156678374540e-01 7.973071371443003486e-01 7.976777006776983869e-01 8.026509233962969558e-01 8.077009187892527642e-01 8.012019243580866812e-01 8.129742642437834954e-01 7.955441115575775379e-01 8.012182235315374879e-01 7.890148559090065516e-01 7.986679844028502506e-01 8.015372128507300964e-01 7.984117741016684144e-01 8.053398723346653076e-01 8.032111472670481200e-01 7.902340823168646500e-01 8.045828645625151543e-01 8.030670857142505614e-01 8.053974929407760053e-01 8.088564695582690645e-01 8.124213080915142493e-01 7.678081190016587954e-01 7.689138177867748114e-01 7.906540649197419945e-01 7.902157720350225789e-01 7.873006975787399941e-01 7.908124043586691743e-01 7.976605109986775188e-01 8.004483900459146151e-01 7.838058074013627419e-01 7.857375760770705098e-01 8.062104952300959138e-01 8.115815395224207363e-01 8.076370807239781069e-01 8.066720822669024571e-01 8.043071492623177221e-01 8.069054672632806069e-01 8.034351581212486604e-01 7.947823609505196840e-01 7.964322237717259556e-01 7.964059918429569063e-01
6.217269994801308958e-02 1.666364454012673746e-01 3.626809345405107576e-01 5.933167455787828892e-01 4.448337452598564168e-01 5.282754343251079288e-01 7.499989129279711619e-01 7.294524497967436183e-01 8.063972695076876418e-01 7.228239709849706429e-01 1.000000000000000000e+00 8.580875293329000009e-01 7.754912799613585817e-01 7.058043313907410576e-01 8.638584376655390473e-01 8.541643228276777355e-01 7.989065530334020782e-01 7.413903651889827140e-01 7.547254632289094323e-01 6.339348607338706199e-01 7.646111785757174761e-01 7.906604719023564432e-01 7.279974866890329688e-01 7.306556943282092043e-01 7.428330261910743859e-01 8.482716425904464064e-01 8.426983732866669685e-01 8.395068593814105640e-01 8.432906008378153739e-01 8.587437738522026853e-01 8.812385951457444300e-01 8.535597577136206926e-01 8.093816151536581405e-01 8.380439921753407573e-01 8.423492668918198811e-01 8.268177995730101593e-01 8.539180809474860023e-01 8.597164433567614505e-01 8.822934235274126902e-01 8.356352304390850527e-01 8.885315421357437016e-01 8.782671679509428397e-01 8.646250816853637833e-01 8.919316177325296024e-01 8.869971347474715495e-01 8.824223452298093351e-01 8.987415209774411995e-01 8.974711774680832477e-01 8.949285721683889472e-01 8.566741072347805463e-01 8.838019092963985690e-01 8.619356409231024863e-01 8.847667578950813017e-01 8.912692259742900358e-01 8.891155490599396138e-01 8.921409136644272708e-01 8.793812497085261581e-01 8.903138903838277995e-01 8.915903298238510022e-01 8.988691766980032583e-01 8.967100901555089543e-01 8.953627012587164202e-01 8.858542326206231277e-01 8.960683655990104857e-01 8.947570839535683440e-01 8.967575876772782006e-01 8.988582969662289868e-01 8.898850743423516452e-01 8.924944383481717702e-01 8.862497605976314974e-01 8.888425409450280146e-01 8.936049012283341364e-01 8.706921866238684915e-01 8.694326816724576856e-01 8.999747071293120460e-01 8.964105147657546180e-01 8.918109803593847751e-01 8.935824704765971127e-01 8.936252708824231616e-01 8.931953404951594733e-01 8.941188655050789080e-01 8.986232569994384578e-01 8.972111488401106616e-01 8.910652712776370166e-01 8.885789163180051187e-01 8.899322008246087767e-01 8.966705614655933188e-01 8.950021200982137826e-01 8.974891529702198056e-01 8.984225153885554427e-01 8.859009336381028499e-01 8.990928321312843252e-01 8.968097175899247819e-01 8.983642946383462169e-01 9.003055033934286300e-01 8.998331769454780416e-01 8.837483594053403557e-01 8.858465511756586919e-01 8.969235177435425088e-01 8.939985973840464117e-01 8.910708090874728260e-01 8.961629336021594838e-01 8.963727243787191767e-01 8.981137706802565512e-01 8.979725912990306202e-01 8.912025962262941636e-01 8.991209068536899496e-01 9.025828509613987860e-01 9.029432799181915659e-01 9.023433183694929971e-01 8.997050826076735675e-01 9.010167515045391928e-01 8.971201659302140419e-01 8.981147228965459250e-01 8.998075168771045851e-01 8.993540180398289507e-01
1.049307277829786278e-02 1.376994566411940402e-01 3.772878073206188954e-01 6.470034381330538320e-01 4.497018866822492522e-01 5.230804492622164181e-01 7.770467890444453518e-01 7.567771084889998168e-01 8.083408394042636003e-01 7.472100359658188085e-01 8.580875293329000009e-01 1.000000000000000000e+00 8.032369191583126344e-01 7.351484278602402611e-01 8.986170436504574699e-01 8.946672476581404299e-01 8.061343786136309086e-01 7.331725886807766157e-01 7.617814641149102117e-01 6.678636965043515117e-01 7.933159921861083763e-01 7.996684590431389905e-01 7.223342520922902965e-01 7.182398490308250505e-01 7.492532218999486959e-01 8.480053091703568802e-01 8.626384562986911808e-01 8.526251088372629461e-01 8.520036788051270626e-01 8.733221137992643879e-01 8.974677440198020051e-01 8.633192195274693725e-01 8.218944781766889252e-01 8.437581792846496898e-01 8.444352317667309649e-01 8.428436187573400407e-01 8.635693177252695696e-01 8.879399044745203140e-01 9.039324497724151586e-01 8.647340755705346105e-01 9.177077864810904151e-01 9.100216229556505887e-01 8.988291736586243585e-01 9.258326328556925056e-01 9.080892609141206773e-01 9.086841572525167221e-01 9.246485020414111355e-01 9.239511949650648370e-01 9.260587714023980066e-01 8.908947379883154216e-01 9.102860409683397602e-01 9.010093999601850312e-01 9.211239785872048502e-01 9.068916447799695302e-01 9.054509330429652003e-01 9.114163299144993902e-01 9.029279230597786476e-01 9.267223904706971549e-01 9.171303313977118288e-01 9.293436632124975061e-01 9.309581945785314616e-01 9.252037860802797553e-01 9.184957661763289982e-01 9.244445447014609796e-01 9.152929226120165573e-01 9.207500620418764825e-01 9.233730100116690487e-01 9.092701681560981797e-01 9.054148277135557477e-01 9.221439513833008528e-01 9.179067732706841509e-01 9.138830604311236616e-01 8.859601681475540724e-01 8.895361423471757067e-01 9.202901882836757030e-01 9.205706345226830623e-01 9.152036545281548863e-01 9.146158761353848643e-01 9.169804738584671489e-01 9.133232241413286046e-01 9.102187250770509275e-01 9.232050711420480837e-01 9.161401039183010298e-01 9.068545988516143463e-01 9.128989598724541743e-01 9.057110404907848800e-01 9.145762759514030060e-01 9.261342154105761670e-01 9.220506210455187146e-01 9.226757470934512373e-01 9.135770591757967907e-01 9.274695723826366089e-01 9.266795700940364533e-01 9.282042896459926640e-01 9.294284048312340119e-01 9.290439093552195216e-01 9.217709838203130834e-01 9.158697801500944591e-01 9.300523839422122352e-01 9.255893896122109332e-01 9.265300947018642042e-01 9.293569887391091022e-01 9.318379841681484477e-01 9.338336470205010897e-01 9.269268259107020791e-01 9.211968334344358134e-01 9.284999033509505617e-01 9.266851019640794940e-01 9.271001459448694471e-01 9.321881945449282947e-01 9.328544211965346111e-01 9.332188289268952275e-01 9.295318594341203111e-01 9.271406602925530427e-01 9.271322812007962710e-01 9.292811860154617243e-01
2.700494496815182208e-03 1.386164337640452271e-01 3.160466669515513138e-01 5.391073804898318667e-01 4.651229349563328896e-01 4.942365763075445839e-01 7.279870174814165873e-01 7.035941281735629271e-01 7.389522462392691393e-01 6.992432371025038007e-01 7.754912799613585817e-01 8.032369191583126344e-01 1.000000000000000000e+00 6.879335196304557920e-01 8.354145860852154604e-01 8.140743476434597614e-01 7.284081586064636848e-01 6.916245467127791757e-01 7.099073207182321488e-01 6.077850562119118116e-01 6.865339118158404474e-01 7.330063590758697512e-01 6.976326624379715069e-01 6.978162612110460072e-01 7.006972763621064360e-01 8.015092506320526944e-01 7.966755331831816278e-01 7.956318070850082469e-01 8.048537497839947097e-01 8.112596929197041229e-01 8.385755937911067992e-01 8.003236323855350554e-01 7.633763516936949989e-01 7.881195647989561737e-01 7.855208537216462616e-01 7.745021445207483923e-01 8.111555245482446885e-01 8.072758399768521498e-01 8.323597467022102459e-01 7.894810958561627734e-01 8.460487624026660214e-01 8.394068022723650824e-01 8.252958695120542476e-01 8.451135116522888735e-01 8.344088831465054090e-01 8.379335783311331332e-01 8.461371892297985253e-01 8.470596407006502071e-01 8.449775785152865426e-01 7.967885697040697490e-01 8.230564229477075333e-01 8.092631476156444403e-01 8.405725416245515280e-01 8.321958965237851169e-01 8.277749213561981234e-01 8.393638183340366155e-01 8.038657536568970530e-01 8.428383094584926960e-01 8.233375229708531640e-01 8.492323839833940680e-01 8.465423203894004711e-01 8.348625279811439093e-01 8.253085614261591596e-01 8.361759726679798277e-01 8.340570809213820880e-01 8.326422520913057124e-01 8.489605359011571650e-01 8.450997249943332790e-01 8.448852280702916495e-01 8.407639957990213908e-01 8.388594689349735400e-01 8.446603797675604763e-01 8.309552693637317633e-01 8.275464942493531151e-01 8.531780040557278566e-01 8.506480750760835319e-01 8.498581708950844193e-01 8.445090915050421643e-01 8.494273400163577792e-01 8.465201977989179616e-01 8.438338890176665386e-01 8.539050159962223718e-01 8.435680654839652348e-01 8.396487072503028282e-01 8.403597990983180388e-01 8.416900060227657798e-01 8.471005448691937278e-01 8.498153608070646570e-01 8.510945605537516556e-01 8.483558458647386669e-01 8.410194780388715596e-01 8.525389485907153286e-01 8.537035805712241965e-01 8.548347412725185723e-01 8.547243807659636872e-01 8.527981804036059987e-01 8.329018432363732849e-01 8.251873964958594820e-01 8.472594584460283462e-01 8.457437962486719085e-01 8.486501830629300525e-01 8.420388921659935910e-01 8.501983356196992636e-01 8.548813163063075926e-01 8.450383301857103957e-01 8.326156096303185539e-01 8.483885103941984918e-01 8.532597283817997535e-01 8.523946385386391711e-01 8.535027557796943665e-01 8.483224492345020629e-01 8.525201658000614025e-01 8.454019033849189402e-01 8.484024413129430675e-01 8.476219018765164259e-01 8.459346316592182280e-01
