1.000000000000000000e+00 1.841620251942038267e-01 4.073010128369017324e-02 1.479244973854905790e-02 1.127781301158596178e-01 -2.859542568175224564e-02 -3.079537954962138779e-02 -5.332530856501948441e-02 2.180798358074227949e-01 9.471346371388252028e-02 5.047542223374004537e-03 2.332410044651599471e-02 6.103506864020185468e-02 -1.988175645583286494e-02 -1.867594953290945686e-02 1.106929501726103358e-03 1.265948861894490018e-01 -4.310240387430668701e-02 -4.525591509503495979e-02 -3.159092762705433682e-02 4.406492705225558207e-03 -2.806512876036827697e-02 -1.993171234807525338e-02 -5.636303473890785093e-02 -6.222825017244203866e-02 3.169645931118417886e-02 4.762802841194041514e-02 1.309675224900873000e-02 3.650668031290565940e-02 8.146353906306652570e-02 4.779069036844980217e-02 -5.799095296924500209e-02 -5.462690862192691454e-02 -6.214268040120701081e-02 5.140951709272974061e-03 -2.762325999054209696e-02 7.818155208620137034e-03 -6.749998189567535389e-02 -4.790193345081403958e-02 -1.356200472624682907e-01 -1.044254137091342937e-03 -5.613334375472462529e-02 -6.118697866838813948e-02 -5.351816058161409408e-03 -3.888638481876038194e-02 -3.034852306030674102e-02 6.067710335466728645e-03 3.137695338804202816e-02 3.279396496833177077e-02 -2.889238929137753417e-02 -2.307631545141312565e-02 7.507297117781475126e-02 3.428083696563678784e-02 9.021931125456758571e-02 3.408166304976568972e-02 7.808871925363744179e-03 1.015336653850497095e-01 -9.967601304348155597e-03 -1.578804326420380280e-02 7.387847268134535572e-02 -6.526709597886446628e-04 5.588518047001510280e-02 3.370093743206118569e-02 3.092919763788197843e-02 9.788068312528634685e-02 1.236449036953241598e-01 3.021221203170860667e-02 -1.836726824845351380e-02 -1.654977959116124900e-02 -2.305456812628814758e-02 -1.430461840037925390e-02 -6.778171688216173656e-03 -2.445631569313861872e-02 -2.285520507929853298e-02 1.161191055280505827e-02 1.851729508935288232e-02 9.910277460268788682e-03 1.936811568356988297e-02 4.076073762446980921e-03 3.993840200427880432e-02 2.440808450713419578e-02 2.398691190270937912e-02 1.459414558261670249e-02 9.668848275923017793e-03 -5.622875420570176003e-02 -3.708397736628820524e-02 -8.989588568121840984e-03 -4.356653698686580034e-02 -1.787458492778280089e-02 -1.282622785684484068e-02 -3.893028031534119526e-02 -2.019646135341834209e-02 -1.738946285570818623e-02 -1.047561134847636508e-02 6.374972900060286302e-03 1.537953358468268673e-02 -7.033872946181740637e-02 2.955858057792011551e-02 -1.373577039709977625e-02 -3.077210722579540661e-02 -3.982530123584845233e-02 -2.587326073512371139e-03 1.705682462549429693e-02 -5.618954068560449641e-03 4.393000321847432589e-03 3.941799156216540395e-02 1.521634359912149743e-02 2.207793261527477707e-02 2.255434837542079265e-03 1.116140764006205190e-02 -2.231675543388938684e-02 3.752392374606870057e-02 1.192976862133615645e-02 8.642764302385400402e-03 6.013466797739138586e-02 6.795797646989332197e-02
1.841620251942038267e-01 1.000000000000000000e+00 5.844534748194681051e-02 7.587711144116468520e-02 9.726635475296636912e-02 7.957722202901582054e-02 1.111527717966143552e-01 7.531578783793627108e-02 1.986096167837546611e-01 1.723936627860793158e-01 1.271150516770039596e-01 1.557411213810507844e-01 1.392492659249689457e-01 1.048223394125320229e-01 1.436444304859558763e-01 1.372597689908268970e-01 1.619619301440561043e-01 1.325906293249946577e-01 1.350660575218014803e-01 1.458871222889757679e-01 1.173438660489199009e-01 1.275599405539650510e-01 1.885528843675825794e-01 1.327419134149719626e-01 1.390551789535204585e-01 1.686937170499239746e-01 1.706259640153604817e-01 1.656838660462369162e-01 1.841860162439306059e-01 1.784288127983376937e-01 1.665108219721419258e-01 1.331122241974647402e-01 1.224508257798631317e-01 1.182832223977402508e-01 1.370631271496902670e-01 1.187805172984796459e-01 1.498839856911448887e-01 1.228310377496197314e-01 1.282528745148551197e-01 8.476773868609152607e-02 1.498914361660443895e-01 1.372972066402349811e-01 1.165253698912188385e-01 1.566541611521098665e-01 1.257107932060927691e-01 1.426449339637266833e-01 1.490564826262841536e-01 1.608610104366138549e-01 1.511865857912156053e-01 1.062643498200025877e-01 1.232287811767727864e-01 1.402473458493849190e-01 1.451014639289021912e-01 1.829822189895949358e-01 1.518320278848994120e-01 1.549947898660259393e-01 1.472970660646871210e-01 1.419459668373034000e-01 1.315152345164654346e-01 1.695471301714540913e-01 1.337818009704802302e-01 1.612685159302314764e-01 1.452380172794321411e-01 1.450400378597624662e-01 1.676128224002924882e-01 1.861059102829923095e-01 1.585954954550924112e-01 1.505596230820077930e-01 1.594569613325888258e-01 1.516094258783187432e-01 1.463292620189461934e-01 1.463578562556406559e-01 1.526085879362078790e-01 1.504959170849628769e-01 1.601339176766758687e-01 1.631479784417771695e-01 1.646124196783742277e-01 1.684996393775442525e-01 1.693942409477774691e-01 1.656329246705174063e-01 1.616360337160683003e-01 1.600933401265364764e-01 1.586122678770600647e-01 1.592332460605086486e-01 1.256572559177079051e-01 1.382215463637128106e-01 1.469194965606778203e-01 1.391635484384969035e-01 1.461813171351996343e-01 1.469318619852383601e-01 1.405581270457519905e-01 1.437645038508258422e-01 1.422477410425809496e-01 1.524055354245821003e-01 1.482170638069938151e-01 1.544817274445359212e-01 9.828913101435116095e-02 1.252960323370885531e-01 1.322775495935276102e-01 1.311524159599470052e-01 1.293079587862317470e-01 1.334696990320203835e-01 1.493496128347623353e-01 1.413334972341649953e-01 1.397878461181007725e-01 1.405576021505581252e-01 1.434812869716190209e-01 1.572614788449354095e-01 1.469616472702561794e-01 1.469124159764797211e-01 1.368465614423551302e-01 1.584943911557969154e-01 1.450815286056539033e-01 1.429231512378897617e-01 1.622325019714681016e-01 1.650500123633165117e-01
4.073010128369017324e-02 5.844534748194681051e-02 1.000000000000000000e+00 3.197630074193950622e-01 1.712925887339564746e-01 2.451668973199202795e-01 3.071303898897680962e-01 2.809058183891524618e-01 3.035191547189154959e-01 2.960762882211754321e-01 3.524099068119002087e-01 3.686530613651921029e-01 3.002472197205364735e-01 2.883797165265734042e-01 3.548102815626908435e-01 3.413225986201254836e-01 3.472702222225554913e-01 3.335154893123500885e-01 3.551711199627812232e-01 2.776935698041395062e-01 3.483329315255582204e-01 3.624077273958019596e-01 3.411658057542001909e-01 2.983443426607840232e-01 3.357810401695440761e-01 3.668464398667248272e-01 3.838984582626173703e-01 3.805499389847927794e-01 3.561790504720092621e-01 3.585859741268559997e-01 3.823870055746159125e-01 3.558604610410900926e-01 3.700757605199800349e-01 3.489434346921632124e-01 3.701412832820852317e-01 3.782681025690374788e-01 3.952204699341185790e-01 3.497424829306921001e-01 3.697240067977042854e-01 3.628926571110937527e-01 3.618935426948584055e-01 3.730623852724080924e-01 3.679106700086654524e-01 3.738597408758873031e-01 3.791852058287272786e-01 3.633836269581273148e-01 3.584498018372955785e-01 3.557889928417294900e-01 3.452531125760022745e-01 3.344399854602395084e-01 3.517208124749264253e-01 3.602246734560692332e-01 3.603971277844167376e-01 3.499096960440182813e-01 3.478980219580009581e-01 3.537003111214441220e-01 3.489334551876862589e-01 3.645197759515110270e-01 3.483561133096772511e-01 3.673601348095710817e-01 3.629338695750734534e-01 3.595826142824366523e-01 3.566015507911016735e-01 3.661530223381153637e-01 3.689264299898571964e-01 3.614521346705583671e-01 3.631724992039437327e-01 3.675983640512562878e-01 3.629569365407023240e-01 3.611969587092859202e-01 3.804437031900364530e-01 3.764635448408752416e-01 3.579443392747952979e-01 3.726334367213596788e-01 3.664469343602620999e-01 3.708660785105449276e-01 3.706941425536858237e-01 3.612453954810965207e-01 3.640586546724452477e-01 3.686732321486161923e-01 3.774769567420505623e-01 3.778298918612681412e-01 3.721159124661871931e-01 3.660336516830297038e-01 3.600154916675261663e-01 3.674032408847519027e-01 3.853446128173745877e-01 3.601205310811114169e-01 3.699003621459213131e-01 3.644010323305296728e-01 3.787001122115045137e-01 3.683619704687560170e-01 3.762762953504246721e-01 3.729963939914190396e-01 3.618487608782289811e-01 3.619913913597187505e-01 3.509841658979517831e-01 3.484464849862147773e-01 3.551061503103051242e-01 3.592836371696006004e-01 3.638791113338878391e-01 3.560651132164151522e-01 3.665894743801044742e-01 3.645518177131054083e-01 3.727183267984526260e-01 3.588220586498907516e-01 3.561043036717697619e-01 3.600531979043560815e-01 3.590626525103335354e-01 3.615208873246068544e-01 3.579515628889812784e-01 3.635329860367934596e-01 3.624185243792145683e-01 3.626847225740906233e-01 3.674767021752872731e-01 3.602171417757985550e-01
1.479244973854905790e-02 7.587711144116468520e-02 3.197630074193950622e-01 1.000000000000000000e+00 3.075732171625956135e-01 3.583963452057518095e-01 5.128305043242752381e-01 5.081607776910369578e-01 4.753664048628472583e-01 4.493682979530883026e-01 5.205626678887758096e-01 5.832347054656334961e-01 5.085826660087553464e-01 4.846841457628280336e-01 5.748571802940972697e-01 5.662533678783888691e-01 5.220474794023467480e-01 4.883111824690917202e-01 5.187954165079001756e-01 4.947029050139186146e-01 5.150140357239352262e-01 5.706107760429789399e-01 4.969201956196263037e-01 4.334711795327430006e-01 4.947432821977063577e-01 5.874569971662506607e-01 5.946229709842945077e-01 5.956127982957852840e-01 5.722144802810695818e-01 5.410606492197941320e-01 5.784887972955410351e-01 5.691074361907875190e-01 5.500869427169727821e-01 5.361591419806215342e-01 5.448843950331367925e-01 5.544754657000328102e-01 5.687655886522423598e-01 5.832527005916169349e-01 5.897335531381743268e-01 5.900195446604808991e-01 5.865223213324946006e-01 5.986949417173496046e-01 5.945735504926127346e-01 6.006245524676292469e-01 5.995219978456297616e-01 5.828953091069619674e-01 5.743572139095810547e-01 5.664972050082429655e-01 5.672092819892908810e-01 5.668190443960596792e-01 5.846088697949242130e-01 5.713189331608456989e-01 5.756217219387195216e-01 5.522023759398621001e-01 5.688273800668190994e-01 5.843803574726744721e-01 5.618108319275271212e-01 5.849787008885257711e-01 5.720782874375189841e-01 5.693951839376595325e-01 5.891450470487925584e-01 5.708868734751381124e-01 5.757476143513152733e-01 5.818390721282066247e-01 5.682715915960672159e-01 5.522868261346267627e-01 5.709936405896867129e-01 5.768478368123024502e-01 5.683860735731857128e-01 5.759375107802310323e-01 5.936281659534591304e-01 5.912666922900817745e-01 5.498842792502613985e-01 5.708209627813453091e-01 5.877631970514370918e-01 5.838718298899927550e-01 5.858483961312062061e-01 5.829855331377689076e-01 5.806599418656612777e-01 5.726915839045239043e-01 5.790502482648809401e-01 5.843061223241796664e-01 5.829162986757152609e-01 5.705368232460233946e-01 5.792957019319279199e-01 5.760949417384232385e-01 5.881972295771809023e-01 5.874523898277300704e-01 5.849068305643968513e-01 5.818911972831735113e-01 5.935331678742706840e-01 5.880675634495756698e-01 5.929925351018248136e-01 5.914245022909365712e-01 5.737508424027480958e-01 5.703430321676041803e-01 5.888194352796009001e-01 5.742818033438091829e-01 5.799482682907992626e-01 5.830020899038551585e-01 5.878164935442381500e-01 5.824713958634305522e-01 5.825810951078823630e-01 5.862340428603450837e-01 5.910051407343505092e-01 5.730478423190976667e-01 5.702879690784193878e-01 5.694705177047357791e-01 5.756994511413634497e-01 5.761204466550541303e-01 5.791490474321654425e-01 5.723590708437511498e-01 5.768473367893653947e-01 5.804576680916351261e-01 5.728613885208519996e-01 5.672407779239851955e-01
1.127781301158596178e-01 9.726635475296636912e-02 1.712925887339564746e-01 3.075732171625956135e-01 1.000000000000000000e+00 2.538825711346608949e-01 4.247010259318311221e-01 3.981332123457071437e-01 4.314050682455002894e-01 3.865666853074936071e-01 4.145114984294196447e-01 4.500877157998478539e-01 4.519090893285513388e-01 3.734378896423870553e-01 4.620612445703265458e-01 4.625519580042400936e-01 4.012597715985705693e-01 3.497572273487591921e-01 3.571084177495885692e-01 3.805567519101522578e-01 3.856544481790701862e-01 4.028120996420899713e-01 3.807608364259625899e-01 3.222833324764584617e-01 3.572297688363956780e-01 4.735244921081802061e-01 4.479493389542681947e-01 4.323832204217856190e-01 4.350225457173419463e-01 4.332660602911400094e-01 4.528567032328666420e-01 4.191855223273510123e-01 3.940480241614633949e-01 3.898946060078761211e-01 4.179168587478405139e-01 3.944553664773484680e-01 4.209930200469412243e-01 4.344309529702947148e-01 4.386774808853247665e-01 3.946675289124353947e-01 4.506515356257276284e-01 4.455734231073055773e-01 4.443654793459676511e-01 4.616666294687303274e-01 4.403422575677529149e-01 4.537692275490822769e-01 4.585292515781293488e-01 4.608514971869021037e-01 4.619458947794030657e-01 4.376901586960534329e-01 4.505863844253675254e-01 4.458972076728249245e-01 4.616116326221495481e-01 4.595117956211446364e-01 4.557407420484650418e-01 4.596041200370135638e-01 4.605135977799945102e-01 4.673229777316828537e-01 4.522749935326090820e-01 4.762643543831395765e-01 4.699540182821390077e-01 4.614488114955845877e-01 4.600208897412274567e-01 4.616272136776186086e-01 4.599907115101403154e-01 4.627400078244535142e-01 4.553405106890004994e-01 4.513351712896044865e-01 4.480464418203912169e-01 4.504757252176209703e-01 4.547621794176861520e-01 4.566524046052941599e-01 4.311262784206943977e-01 4.429135142130004588e-01 4.700657020475088599e-01 4.619673899315248078e-01 4.614714885709516046e-01 4.582753074757411338e-01 4.635853832040855993e-01 4.597844886769340000e-01 4.551145832448871276e-01 4.631532696742108879e-01 4.559138306592420142e-01 4.527652931403723380e-01 4.464691055388678165e-01 4.416739979081307221e-01 4.470484197871485432e-01 4.521345375848863646e-01 4.562261190779317022e-01 4.551868273070640014e-01 4.440417073510801726e-01 4.589668266895717830e-01 4.578525319747312472e-01 4.577964328942416006e-01 4.578124513508962656e-01 4.591659461061414760e-01 4.481628585040426382e-01 4.621543455407015610e-01 4.647399670669616345e-01 4.571043934714909551e-01 4.603185921412345505e-01 4.623229016629019639e-01 4.604654750754446080e-01 4.660626737851887302e-01 4.573120241904574668e-01 4.620369001235747342e-01 4.612745738700104181e-01 4.609365431333411478e-01 4.611904540582618117e-01 4.639562762866847878e-01 4.546813468652237122e-01 4.688885314028037876e-01 4.623347108043910914e-01 4.672877063400991959e-01 4.614535009164362767e-01 4.690287296687158380e-01
-2.859542568175224564e-02 7.957722202901582054e-02 2.451668973199202795e-01 3.583963452057518095e-01 2.538825711346608949e-01 1.000000000000000000e+00 4.880774686433105858e-01 4.514300452642507899e-01 4.411195895415753743e-01 4.373766938916516800e-01 5.067357984577806063e-01 5.306285179283981579e-01 4.695984454929197915e-01 4.582749925849866623e-01 5.312353021267859354e-01 5.258372601076422015e-01 4.659734969450561870e-01 4.289479067136722223e-01 4.854457853832330749e-01 4.085790349623664164e-01 4.368275988634833795e-01 5.024884729881144985e-01 4.766005451356603029e-01 4.113292878392851848e-01 4.657204504248928512e-01 5.238185361784244432e-01 5.395836998497982595e-01 5.475649238494558757e-01 5.295639825590086058e-01 5.255429170970947750e-01 5.492587843879536136e-01 5.243713499964409719e-01 5.051686691554506670e-01 4.905902815593923272e-01 5.195840392996108337e-01 5.105130508371363840e-01 5.418856494753665487e-01 5.409350908056521634e-01 5.603771417329543869e-01 5.445747795055703167e-01 5.553975972998387300e-01 5.640940636688500653e-01 5.590783274043913398e-01 5.580904554876552348e-01 5.635333651201035465e-01 5.621698887786362731e-01 5.445654008239649846e-01 5.479057974722874036e-01 5.268567220092919001e-01 5.029349510722187500e-01 5.446062554962273206e-01 5.140611398777341634e-01 5.376776179241765652e-01 5.242021104699094991e-01 5.370238028184635137e-01 5.473970032322567070e-01 5.074777845648078545e-01 5.547666356331758530e-01 5.472190435825388111e-01 5.364882393696978058e-01 5.479617450350307006e-01 5.408165120163358486e-01 5.433365927590805278e-01 5.425472426283071137e-01 5.336026591530775853e-01 5.191799165191610665e-01 5.460209825951024554e-01 5.535905241052757608e-01 5.430835015653938669e-01 5.406172546144863977e-01 5.604119351789371706e-01 5.602115926366689758e-01 5.265885473372808878e-01 5.499364051522711572e-01 5.508821204325012877e-01 5.524325944751525830e-01 5.605421671135711881e-01 5.491364058230107092e-01 5.555605303934473271e-01 5.457300129657896015e-01 5.478075188613896751e-01 5.545930882486928004e-01 5.518049967157404589e-01 5.470385670326384231e-01 5.423673910858811675e-01 5.445162420726185060e-01 5.582924505617645750e-01 5.546072271963982114e-01 5.629781190165915605e-01 5.538104258995156792e-01 5.629311009738051652e-01 5.597185532775732497e-01 5.670845961731652007e-01 5.643042896750163351e-01 5.505636950747534453e-01 5.501722964900128687e-01 5.416532314766380196e-01 5.234117800339013193e-01 5.450048930216363496e-01 5.479373787012159491e-01 5.582630060818700724e-01 5.449840595448767200e-01 5.527624847515842932e-01 5.579189981954739697e-01 5.513492488135910419e-01 5.361195836206145149e-01 5.388463223081445541e-01 5.464490792658220908e-01 5.501908128186000502e-01 5.478419991997647287e-01 5.539500766817818667e-01 5.456029436641430808e-01 5.488816118907569042e-01 5.489493031073789941e-01 5.422596540428114009e-01 5.379040947184561272e-01
-3.079537954962138779e-02 1.111527717966143552e-01 3.071303898897680962e-01 5.128305043242752381e-01 4.247010259318311221e-01 4.880774686433105858e-01 1.000000000000000000e+00 7.033726260624616478e-01 6.538431024323281271e-01 6.371195316277789011e-01 7.345517855463251644e-01 7.725923210753150583e-01 6.855538952160000754e-01 6.555133067738698749e-01 8.341533668138946256e-01 7.895195477851503219e-01 6.800707164922993320e-01 6.294014495123035902e-01 6.791359834701058418e-01 6.269893216046218409e-01 6.405968041833135507e-01 7.039438958154661252e-01 6.973224882546540382e-01 5.945448755027242793e-01 6.499250399595708494e-01 7.777954369911965760e-01 7.506602446957489905e-01 7.759783979656876829e-01 7.562633919374348590e-01 7.407832470504356337e-01 7.926999345821215126e-01 7.841953563446562026e-01 7.617404790204495013e-01 7.349326578686665723e-01 7.539979746049787490e-01 7.391287474237061561e-01 7.668169769090550369e-01 8.052555997512492736e-01 8.144610120573190226e-01 7.876300275947076823e-01 8.024829124141306114e-01 8.219921725060995721e-01 8.095238666312867259e-01 8.147078356938124433e-01 8.081765217581737826e-01 8.205324442600552270e-01 8.000806319922003640e-01 7.962275684942384801e-01 7.891535455479258276e-01 7.713025818956711355e-01 8.056859622280052591e-01 7.359264710554881406e-01 7.800713090299441488e-01 7.628214675480979867e-01 7.740205827129700289e-01 8.010547296600615264e-01 7.454332714798631576e-01 8.049080394766311430e-01 7.958603685566122410e-01 7.816275135582985145e-01 8.038755846832442709e-01 7.791488011711101835e-01 7.791609283851476109e-01 7.955031738630407023e-01 7.684691203097616663e-01 7.552401916547644145e-01 7.966839390002485866e-01 8.032887170384482856e-01 8.046057121412431012e-01 7.893413595528762094e-01 7.997339246353538655e-01 8.057992651413503626e-01 7.757792257427303939e-01 7.838572112660823210e-01 8.109036689781677909e-01 8.066161080957333640e-01 8.107379345892173905e-01 8.024763908149378233e-01 8.119362726448740020e-01 7.999409298401016777e-01 8.042546363526779096e-01 8.099253721414475526e-01 8.083177541473411942e-01 8.052945572907161953e-01 8.186301778565148179e-01 8.051088408026982890e-01 8.078971692322570730e-01 8.239242749927729870e-01 8.170390117658918872e-01 8.090748405112085928e-01 8.219805679780227692e-01 8.189103962418876614e-01 8.144627086765204860e-01 8.210630803500750252e-01 8.027302252787512638e-01 8.019698901414323844e-01 8.121116347469775620e-01 7.838007660313986991e-01 8.093042575291734542e-01 8.139453619792864636e-01 8.174919457452899385e-01 8.030281142361372915e-01 7.985170485288806130e-01 8.122704415265359357e-01 8.026686241343796713e-01 7.812682503422641034e-01 8.001723577158531553e-01 7.985562420606731049e-01 8.034351279789603284e-01 8.035778939458277925e-01 8.084467733165747738e-01 7.971401239430796481e-01 7.961854199071431992e-01 8.070512231061914843e-01 7.902571617794822423e-01 7.831039468682545746e-01
-5.332530856501948441e-02 7.531578783793627108e-02 2.809058183891524618e-01 5.081607776910369578e-01 3.981332123457071437e-01 4.514300452642507899e-01 7.033726260624616478e-01 1.000000000000000000e+00 6.189712820651189773e-01 6.015659295186863709e-01 6.989276410556174435e-01 7.391860025223333519e-01 6.612656167786722383e-01 6.252587132762185140e-01 7.692531827169794001e-01 7.771963071202540041e-01 6.490555367171576551e-01 5.903379843901835899e-01 6.366136542803821907e-01 5.824643068206464269e-01 6.044354751454570351e-01 6.683786066917670743e-01 6.282890349322058920e-01 5.376500241219253073e-01 5.878220743859143838e-01 7.286932048731493694e-01 7.078876360576472626e-01 7.185104976733791560e-01 6.996658653318422738e-01 6.823166910925297923e-01 7.425694992700742070e-01 7.476832717984762677e-01 7.042421839581870513e-01 6.904328093194752602e-01 6.998445164429688559e-01 6.986538577797778427e-01 7.148641462377026690e-01 7.684651693684154683e-01 7.655990953622185957e-01 7.420849241532936347e-01 7.591150136024900075e-01 7.788622394996339571e-01 7.684115145824437221e-01 7.733500269311549546e-01 7.623366536710108887e-01 7.673780232021281122e-01 7.683140661300672525e-01 7.609334768067463894e-01 7.627894981609218972e-01 7.513620172108940176e-01 7.776834847749134472e-01 7.118925784775694821e-01 7.475505977578162931e-01 7.377360898040783432e-01 7.556399663419106627e-01 7.640825669740120007e-01 7.360927054452250928e-01 7.788894687469414269e-01 7.780362556484775594e-01 7.498914337513394868e-01 7.726969541666038888e-01 7.601441254975513928e-01 7.635609629227391171e-01 7.643893178781416831e-01 7.338107523516053110e-01 7.263414263937180149e-01 7.569093927813087541e-01 7.577578977513508285e-01 7.571276016179903090e-01 7.419108533653908655e-01 7.566527937469261778e-01 7.642183023952168197e-01 7.263441634743738051e-01 7.362026917713513363e-01 7.688476835457115355e-01 7.616703537609913477e-01 7.630964751734284901e-01 7.578640857863097047e-01 7.627842742966890466e-01 7.562611813123403248e-01 7.569960205958435884e-01 7.658805369572188049e-01 7.640257475352287830e-01 7.574721927522229947e-01 7.746867931569275667e-01 7.602037797085851034e-01 7.630133704730459598e-01 7.788888274151632984e-01 7.765965278834653374e-01 7.686675630743640131e-01 7.741835498939375615e-01 7.761383877380207963e-01 7.730298623790246015e-01 7.760300859112708727e-01 7.678550573876974372e-01 7.645909497841613112e-01 7.815807925598451389e-01 7.622502287370007679e-01 7.764198137952036394e-01 7.789859159930214716e-01 7.788078947998372525e-01 7.789572879686270657e-01 7.664108022103706119e-01 7.781065705063149318e-01 7.670391766146678059e-01 7.591881675619758241e-01 7.698201547948084755e-01 7.617450192083647931e-01 7.709412931340789976e-01 7.732454087147889732e-01 7.768507176286270077e-01 7.634491702169432514e-01 7.693482245309241074e-01 7.715770373831446483e-01 7.526229638631439789e-01 7.510696122687410270e-01
2.180798358074227949e-01 1.986096167837546611e-01 3.035191547189154959e-01 4.753664048628472583e-01 4.314050682455002894e-01 4.411195895415753743e-01 6.538431024323281271e-01 6.189712820651189773e-01 1.000000000000000000e+00 7.314035432751344601e-01 7.646968521620461923e-01 7.868770378005250921e-01 7.281788840290819298e-01 6.591570257594020488e-01 7.814986509906185486e-01 7.888616817234213041e-01 7.921328929011683950e-01 5.623840802783072190e-01 6.344822513076622261e-01 5.932456327987212230e-01 6.221232902700613021e-01 6.570045070996384240e-01 6.472029111107779897e-01 5.281028657625917999e-01 5.828819414705382895e-01 7.895756756468899074e-01 7.828853603880800982e-01 7.401779831606027926e-01 7.665337803555583029e-01 8.074623885161070769e-01 8.261266530494675298e-01 7.367495979257836503e-01 6.892383508608042053e-01 6.749568699193156940e-01 7.493708273678227894e-01 7.188898006884162362e-01 7.532287304661362537e-01 7.504866264823083499e-01 7.743734655898174557e-01 6.454195952185207696e-01 8.120191895376812630e-01 7.687486162385617217e-01 7.552503157423293700e-01 8.145625659558042297e-01 7.715931977912330320e-01 7.810556063036123708e-01 8.354165141312541731e-01 8.511443073141465865e-01 8.416557727211702034e-01 7.626914231910466579e-01 8.058883296557854958e-01 8.119121120617750487e-01 8.334999052703578881e-01 8.697881822437172339e-01 8.378224496197422821e-01 8.209580780597655059e-01 8.579476876301131982e-01 8.221059940403655508e-01 8.184571395433705154e-01 8.703777769801467334e-01 8.273813232263175221e-01 8.582199320203106607e-01 8.441970035257845284e-01 8.438997763352683590e-01 8.696522988510855257e-01 8.809663492768222692e-01 8.501290637289465879e-01 8.098828069339816249e-01 8.080868357621412423e-01 7.989857959097165230e-01 7.992175025419654411e-01 8.186585965934759512e-01 7.695310196162099547e-01 7.797896237535464348e-01 8.382367064325438877e-01 8.391238594937192596e-01 8.259327811880302628e-01 8.327362379010430082e-01 8.263731768162804192e-01 8.466055721446713589e-01 8.351463034608372915e-01 8.480958726073009046e-01 8.350666885173237963e-01 8.278034399413933819e-01 7.800543449137785634e-01 7.895374690622209979e-01 8.134793895669318875e-01 8.044859196127371881e-01 8.214103408937202255e-01 8.226925701376709421e-01 7.950890013218195884e-01 8.219287202363410039e-01 8.170113707787081125e-01 8.241576870396911669e-01 8.423597872249312113e-01 8.456393410140651268e-01 7.721032060306562972e-01 8.344167275639196024e-01 8.245440178328424796e-01 8.152086215673496339e-01 8.035999792797113850e-01 8.329838762975438904e-01 8.409379439481645679e-01 8.310516488230644816e-01 8.298403718337029611e-01 8.409733361048477018e-01 8.430180688455702898e-01 8.510943704195964576e-01 8.371992556371675720e-01 8.437512971246382554e-01 8.222629180423148831e-01 8.584513755741747243e-01 8.409826261660454660e-01 8.421423156398023524e-01 8.653370050512813050e-01 8.671246915179438020e-01
9.471346371388252028e-02 1.723936627860793158e-01 2.960762882211754321e-01 4.493682979530883026e-01 3.865666853074936071e-01 4.373766938916516800e-01 6.371195316277789011e-01 6.015659295186863709e-01 7.314035432751344601e-01 1.000000000000000000e+00 7.114198250226749787e-01 7.426839109419197671e-01 6.741194225069377932e-01 6.332637749404731453e-01 7.573622632348318007e-01 7.481027474728368931e-01 7.131711053853415638e-01 5.436641264739746626e-01 6.232127285249074999e-01 5.604557180961456941e-01 5.748031017986192648e-01 6.280103340545077906e-01 6.284789882248263959e-01 5.213950007250313101e-01 5.801228719166088288e-01 7.432119656787339324e-01 7.322316548648398760e-01 7.064823787044995917e-01 7.210858517434661774e-01 7.424126191992257429e-01 7.671600219808728527e-01 7.226810543610653337e-01 6.830351806029814066e-01 6.683346786853550103e-01 7.146451016675481327e-01 7.033795935445600334e-01 7.226272174320377273e-01 7.328035712834173321e-01 7.515400151653380822e-01 6.588802149030575928e-01 7.799790252904453824e-01 7.482304999454238992e-01 7.365841742446403995e-01 7.757622986799882492e-01 7.488572386650790280e-01 7.508427057239550617e-01 7.876498413227468465e-01 8.020807822217886907e-01 7.841827247336443651e-01 7.281407654575833277e-01 7.675052848714347675e-01 7.381939021237844401e-01 7.718035822606644780e-01 7.963998478649141344e-01 7.782808394308254885e-01 7.784126509670611371e-01 7.720152767980560382e-01 7.809895167573021046e-01 7.748020227691629902e-01 7.996608570742576028e-01 7.759634672066429983e-01 7.931424861221395561e-01 7.835864657814901602e-01 7.919877635642404989e-01 7.924015132795978467e-01 7.964711281878443794e-01 7.981312565454912189e-01 7.734770705284793602e-01 7.746180900657735346e-01 7.559517425593715867e-01 7.587091461779432722e-01 7.793059550665061286e-01 7.397002585131707830e-01 7.495433204942795191e-01 7.956799784453861824e-01 7.938452187013504968e-01 7.874388762784344520e-01 7.886372399608442274e-01 7.898532586657478483e-01 7.930784807638635581e-01 7.909871966696500056e-01 7.981822149144210954e-01 7.918261939660495852e-01 7.849872106637454383e-01 7.618712297600142014e-01 7.618100725565466469e-01 7.782865553324246344e-01 7.793478257959572941e-01 7.859947408697586235e-01 7.851871976996988023e-01 7.712507768757250748e-01 7.873522458169578409e-01 7.828242868297367041e-01 7.860928576035329796e-01 7.957049423521922460e-01 7.997133249941408284e-01 7.514394364113617941e-01 7.764558140758194282e-01 7.846107036704312865e-01 7.810397963469541960e-01 7.749032809840239455e-01 7.846364102057131751e-01 7.908661828054193155e-01 7.887381923418989027e-01 7.866488257225066061e-01 7.796417136384108382e-01 7.937008217104419838e-01 8.009466950243655514e-01 7.922431855174758564e-01 7.962928267394545623e-01 7.865994072670527970e-01 8.009350047007597340e-01 7.921140664354636707e-01 7.937632491164868798e-01 7.994158622769496070e-01 8.004663024032574459e-01
5.047542223374004537e-03 1.271150516770039596e-01 3.524099068119002087e-01 5.205626678887758096e-01 4.145114984294196447e-01 5.067357984577806063e-01 7.345517855463251644e-01 6.989276410556174435e-01 7.646968521620461923e-01 7.114198250226749787e-01 1.000000000000000000e+00 8.552479222401964121e-01 7.492794410270320338e-01 7.295828770809127395e-01 8.497487981365466903e-01 8.435529256535624354e-01 7.724504105673783982e-01 6.788454148866601701e-01 7.495613385312712706e-01 6.758915120282623645e-01 7.132236499142954322e-01 7.676938813927542959e-01 7.396542382989640396e-01 6.389011071143076981e-01 7.064157501114342042e-01 8.446883153937631006e-01 8.310480490629265082e-01 8.226031204765820171e-01 8.237769620360770872e-01 8.285458608098196231e-01 8.717820775175900705e-01 8.351943967365166310e-01 7.956446422093044202e-01 7.857096657647537619e-01 8.222655235950387942e-01 8.081920545863963135e-01 8.354563715174447847e-01 8.483108330859900903e-01 8.687949765114330036e-01 8.054507274597647593e-01 8.780333227833334586e-01 8.696635532955053760e-01 8.649761184996253016e-01 8.851408521346496583e-01 8.711010454583542062e-01 8.663688990292212067e-01 8.843634965249851376e-01 8.878541995420939914e-01 8.722437656848485155e-01 8.305207380835821773e-01 8.726538248313164825e-01 8.379917153118824347e-01 8.724680901889522167e-01 8.708251701131023426e-01 8.710930484834102927e-01 8.778832170356215547e-01 8.491015051949080128e-01 8.843682182191004992e-01 8.746898481856993923e-01 8.862476616654627604e-01 8.859531350624718637e-01 8.837763252248342916e-01 8.771637059188432950e-01 8.840041671799175882e-01 8.730001725917708733e-01 8.689572928448117128e-01 8.883809658665834386e-01 8.844349142150368381e-01 8.790758803161882184e-01 8.738948755210066421e-01 8.835342825090271024e-01 8.893530408159479039e-01 8.527758203410555904e-01 8.677168393780451128e-01 8.927655309364753711e-01 8.916933639371873443e-01 8.903654831096106115e-01 8.853958894801809976e-01 8.857183917674393836e-01 8.851371441896759285e-01 8.876582938885143603e-01 8.930345270039138361e-01 8.904045759824370521e-01 8.841042724255511187e-01 8.767245988676258817e-01 8.760531362053782800e-01 8.867237065498778659e-01 8.871525523727787910e-01 8.941012505867858007e-01 8.887216782420499506e-01 8.872194924770322455e-01 8.938989142165555402e-01 8.917299544925463284e-01 8.939298963286932409e-01 8.928257827654270118e-01 8.935073339272987525e-01 8.696698268938450882e-01 8.695178153061350335e-01 8.869227047179928380e-01 8.882571380449743037e-01 8.889250448638144064e-01 8.863740350646086563e-01 8.903326293877406039e-01 8.942984920770450374e-01 8.919897681712228854e-01 8.763623011569222632e-01 8.863880391226118816e-01 8.923784535677318219e-01 8.904721089959650726e-01 8.919762021332761082e-01 8.895529465960798632e-01 8.931944529627321439e-01 8.907735240426437606e-01 8.926654737909378579e-01 8.885450184639331894e-01 8.856861984486869011e-01
2.332410044651599471e-02 1.557411213810507844e-01 3.686530613651921029e-01 5.832347054656334961e-01 4.500877157998478539e-01 5.306285179283981579e-01 7.725923210753150583e-01 7.391860025223333519e-01 7.868770378005250921e-01 7.426839109419197671e-01 8.552479222401964121e-01 1.000000000000000000e+00 7.867755616095158944e-01 7.530766902029448762e-01 8.897810690045386828e-01 8.905512383112607067e-01 8.057061141862358333e-01 6.925259963160205201e-01 7.689133360213333823e-01 7.134803281878939751e-01 7.344486697895603600e-01 8.017619571774828868e-01 7.571751593103681621e-01 6.454123770978820174e-01 7.321878673077361066e-01 8.890931977336407055e-01 8.768057295328378631e-01 8.682607227931405935e-01 8.600979042509521166e-01 8.571334752139331270e-01 9.043955054604257970e-01 8.727738477683786300e-01 8.327429310956400155e-01 8.137906495693858488e-01 8.544922418417727483e-01 8.415257010618638622e-01 8.744407292874316617e-01 8.936712661809185221e-01 9.110583912171265064e-01 8.532932282723473261e-01 9.227044435683354751e-01 9.158838145318006774e-01 9.100856166741317921e-01 9.328053206767117356e-01 9.158636701951186065e-01 9.138604158414663781e-01 9.262850120194709991e-01 9.283825593974910362e-01 9.144008026648311471e-01 8.776559168876800765e-01 9.175642323221278041e-01 8.806619309045375932e-01 9.132694809296191263e-01 9.122995504736305383e-01 9.182833786761654959e-01 9.256653195664572564e-01 8.957481869906760430e-01 9.299649209617093515e-01 9.265185708677843301e-01 9.270183843224700793e-01 9.297542775026027551e-01 9.278279776655222744e-01 9.244863245110189753e-01 9.252522968317740126e-01 9.121183318320630340e-01 9.085800089022416648e-01 9.272028051362802836e-01 9.198306497728385711e-01 9.162511726672704082e-01 9.116450590326382608e-01 9.223773064300533342e-01 9.297945097311960394e-01 8.816757491567364102e-01 9.036549337757543432e-01 9.362199281590708466e-01 9.314743979034734167e-01 9.326372803858540284e-01 9.283338156063594138e-01 9.267558447952674028e-01 9.246653861195752722e-01 9.271633698235584031e-01 9.328367070554460794e-01 9.296014254554590961e-01 9.237838202624043538e-01 9.157208942587499179e-01 9.120783086222717939e-01 9.270418292588309406e-01 9.295551926824371369e-01 9.329227459533233624e-01 9.305670465735971231e-01 9.298917706639430181e-01 9.367220530912180321e-01 9.351339316846042360e-01 9.365173777675158684e-01 9.321210093805959440e-01 9.336474007443154033e-01 9.137489556342212049e-01 9.117206947557242591e-01 9.293330856556509811e-01 9.304550970108343977e-01 9.320354364175936768e-01 9.301828205691936580e-01 9.321513830155109259e-01 9.370854298491606560e-01 9.324726417035565929e-01 9.193196957782882039e-01 9.272765035337448003e-01 9.327654393862572224e-01 9.336349917140367438e-01 9.333758385585677608e-01 9.336101646933494536e-01 9.329991494671270313e-01 9.333062423730673629e-01 9.318039201243115688e-01 9.261674779026931592e-01 9.266881298971896275e-01
6.103506864020185468e-02 1.392492659249689457e-01 3.002472197205364735e-01 5.085826660087553464e-01 4.519090893285513388e-01 4.695984454929197915e-01 6.855538952160000754e-01 6.612656167786722383e-01 7.281788840290819298e-01 6.741194225069377932e-01 7.492794410270320338e-01 7.867755616095158944e-01 1.000000000000000000e+00 6.656452160198474965e-01 7.987846160599213485e-01 8.048628162883997295e-01 7.178627174839088410e-01 5.824918751107707182e-01 6.425515232526031184e-01 6.016715832975214617e-01 6.075152956075778876e-01 6.692213603272328948e-01 6.606577103778022986e-01 5.374448227634776032e-01 6.064656661487598521e-01 7.852956759441830359e-01 7.694120304456415482e-01 7.500945756325139158e-01 7.391674314009245572e-01 7.614024185684538093e-01 7.955926073552425093e-01 7.603172469546787271e-01 7.296273531515946598e-01 6.984756377489491630e-01 7.549363823588467470e-01 7.324766702377274452e-01 7.615716603721143230e-01 7.792066554006596979e-01 7.924463515111623835e-01 7.276221325530857209e-01 8.164232646077355104e-01 7.966867324238707804e-01 7.911808071494821348e-01 8.178982919737173285e-01 7.962687809939009709e-01 7.956558249863509014e-01 8.216966720475611385e-01 8.254110697109976469e-01 8.092197162429791701e-01 7.623552712846805024e-01 8.077314044219134903e-01 7.615373325169858543e-01 8.086906577853705258e-01 8.114294174129230708e-01 8.073003768882199838e-01 8.138250120166360402e-01 7.919371954206149145e-01 8.266394328377616452e-01 8.161998194539565876e-01 8.320539610794667196e-01 8.195787719482018341e-01 8.227289357008561455e-01 8.139418925049437537e-01 8.242582923977554987e-01 8.123512996224855343e-01 8.098184657127206476e-01 8.259175622597665356e-01 8.065914798458616586e-01 8.074809620067167071e-01 7.889115457532219766e-01 7.994232693171148263e-01 8.143294166797711009e-01 7.704885817798747816e-01 7.856731881594835043e-01 8.280417268895229332e-01 8.222226101494382045e-01 8.168423387120150592e-01 8.115519043720471615e-01 8.157830815174832439e-01 8.205274812698687414e-01 8.184761157831316192e-01 8.281912095604796464e-01 8.187168295988812572e-01 8.165714164633294248e-01 8.034752312497599469e-01 7.994110403604253179e-01 8.120021973013781258e-01 8.164650709100083059e-01 8.222708673216611031e-01 8.184678961999258817e-01 8.116523689504884231e-01 8.252043635981055614e-01 8.226127615456237940e-01 8.228349092114208840e-01 8.261001780475641931e-01 8.273107606415326387e-01 8.017116987078829471e-01 8.103265356337236991e-01 8.229198003797103533e-01 8.209369340217581579e-01 8.207122704822281678e-01 8.214612754855555865e-01 8.230543815949458164e-01 8.308164685841659125e-01 8.201890032694008070e-01 8.113496915433890955e-01 8.219007012602429496e-01 8.273535833045574384e-01 8.226596488346815672e-01 8.291881136132825958e-01 8.225652294895142713e-01 8.340559692520504997e-01 8.256127517431445240e-01 8.301885876132401032e-01 8.249612762755379469e-01 8.255808457065576533e-01
