1.000000000000000000e+00 9.433775429994482875e-02 1.484842485941309520e-01 1.364345390189536378e-01 3.776205830148690601e-02 3.777044863164987203e-03 8.179543405132229383e-02 6.728294107921875544e-02 1.523056379183974351e-01 3.438999771922422732e-02 6.089631920845242630e-02 7.085752510904776147e-02 1.798080342968370188e-02 -3.371040601012511434e-02 5.040693666992324823e-02 4.814031301804675561e-02 9.518142513685962092e-02 1.996531720200557525e-01 1.707381577101091952e-01 1.996934890154275222e-01 2.080522846710528562e-01 1.947521886837587091e-01 1.709914498672500671e-01 2.211032946759207418e-01 2.060365433820514625e-01 1.360293503493422984e-01 1.274002237937156834e-01 1.324562037279441717e-01 1.222278377515867709e-01 1.416090724967861980e-01 1.774047694616297521e-01 1.129525009321414863e-01 1.203483067202054391e-01 1.394410063654737963e-01 1.170886413062383752e-01 1.284334536091102374e-01 1.517276132090366603e-01 9.990907044915331436e-02 1.152921522005591892e-01 6.887934731264740151e-02 6.171930823516077330e-02 5.260500181230749750e-02 6.389008590720052227e-02 9.111671989094265178e-02 8.744112376364028549e-02 8.055975824160124810e-02 1.219933098958929547e-02 3.080473674858972069e-02 3.255416104546730166e-02 6.725764998988045806e-02 6.933160852422785847e-02 8.137894820535022944e-02 3.639092626660937052e-02 3.098226557583458329e-02 4.935590366158559839e-02 6.247392310026210482e-02 5.727924762529984504e-02 2.773563946269962804e-02 4.079740751035990098e-02 4.162722062276832946e-02 4.082015094647260117e-02 5.594366537820338880e-02 4.929242007083740884e-02 7.090312711896525066e-02 7.090821938980448880e-02 5.655267021578207209e-02 3.503493756370684026e-02 7.951134641005830339e-02 7.234534510417525710e-02 8.083156352196101124e-02 7.931347012366674054e-02 7.489923057577767274e-02 9.304263972992693477e-02 9.784019191906279111e-02 5.187434561642396968e-02 5.116722455039982020e-02 5.848246412350464885e-02 6.213492735439405529e-02 7.023766723923131894e-02 7.340690519585282847e-02 7.634013826779161016e-02 8.493768683159125255e-02 5.546745419592166021e-02 5.653968550277428673e-02 5.717035569590728228e-02 6.089610818437894701e-02 6.716452262337355150e-02 4.582105133039850176e-02 5.737202194196054650e-02 3.135572121135603296e-02 4.250532876263222321e-02 2.816725350227879121e-02 4.099134765703701250e-02 4.299038372447325923e-02 1.153567057785720960e-02 1.519762842197120746e-02 1.432610487977441574e-02 4.256428206161457645e-02 2.980132085780976686e-02 4.134098711969175916e-02 2.772191172664357009e-02 3.454935453650935517e-02 1.703649592495857373e-02 3.187123816866407888e-02 4.462914032862718566e-02 3.244061910487618799e-02 2.238338659632614289e-02 2.366018039758331290e-02 2.132201726575029196e-02 1.957810990930558201e-02 1.016713873956158649e-02 2.118731838337786430e-02 2.756337405742215196e-02 3.799605246849199758e-02 4.187639841940312552e-02 3.584216717440506100e-02
9.433775429994482875e-02 1.000000000000000000e+00 3.583089199194604973e-02 5.541969528351355090e-02 9.235416464785482782e-02 8.336482551054863466e-02 1.355193848308969551e-01 1.644172269097753103e-01 1.854348303051026325e-01 2.184600863558073813e-01 1.023382021479292137e-01 1.030081245212927377e-01 1.446065273938091367e-01 1.124143383888953351e-01 1.574220603525356976e-01 1.392607750121386545e-01 1.743071300915183808e-01 1.307221450253127082e-01 4.982423696562762044e-02 1.999077460246961591e-01 6.399023003476524141e-02 2.670203387238867868e-02 1.890061547862749991e-01 5.425050326035215503e-02 1.937426665519127039e-02 9.540444140459360123e-02 9.882883425947630585e-02 9.605949407537667240e-02 7.781928651482614145e-02 5.485047319941391969e-02 5.644289605115786201e-02 2.057034816856942172e-01 1.385810584842383786e-01 1.121815418057728886e-01 9.499903809404339206e-02 1.040262482022178137e-01 7.359599684300276168e-02 1.716477141543237828e-01 1.187494383155322519e-01 1.641761877158351146e-01 1.511527560645524459e-01 1.477149054597995115e-01 1.050164969608355231e-01 1.243930967520436165e-01 1.292123418464065365e-01 1.200013957602493048e-01 1.525509289501101595e-01 1.775878131682400440e-01 1.830197925529063185e-01 1.493725182909109717e-01 1.625245747024764709e-01 1.206242264998632074e-01 1.310331254686598057e-01 1.818937021487159189e-01 1.693105297509547302e-01 1.760706088092517663e-01 1.763317235204922284e-01 1.403346505132983812e-01 1.704307258784690804e-01 1.525814041826130119e-01 1.466442168870957796e-01 1.588830356683602618e-01 1.590910963316330973e-01 1.544075615820338088e-01 1.501188325323323247e-01 1.585798877661604711e-01 1.674609671337442540e-01 1.461949041995166398e-01 1.799044027052689454e-01 1.831715983231600453e-01 1.210546010471007933e-01 1.155120996404762207e-01 1.422965231242519224e-01 1.001314683769109481e-01 1.374718738744663271e-01 1.335276003186421367e-01 1.467017991599752214e-01 1.329735742795069009e-01 1.102361999797276254e-01 1.042865186704229619e-01 1.190693439087621430e-01 1.138014201996834368e-01 1.841421930480603431e-01 1.396631436792062086e-01 1.518546447557904133e-01 1.414414699277313781e-01 1.263938088384295722e-01 1.662973212331569639e-01 1.350412839463160375e-01 1.773364254634691162e-01 1.578555249919807169e-01 1.568586045710631260e-01 1.374749208211837603e-01 1.397343431139147218e-01 1.587838331073785636e-01 1.695131792546238914e-01 1.526456698406773727e-01 1.546087271880091374e-01 1.589673294092301403e-01 1.635620459148666161e-01 1.457323874210323944e-01 1.561109077481818708e-01 1.455271201962685113e-01 1.441969685744635132e-01 1.467380429069349013e-01 1.728277547105537826e-01 1.703419115913110404e-01 1.761534100710314410e-01 1.702177995312131320e-01 1.639269091746722307e-01 1.692289858428969729e-01 1.613511709593452859e-01 1.665153326301487546e-01 1.570948907282630758e-01 1.496131592993406312e-01 1.581302927328642194e-01
1.484842485941309520e-01 3.583089199194604973e-02 1.000000000000000000e+00 5.032831690543075887e-01 2.006666142254274754e-01 2.358803217973767241e-01 3.730192585325645682e-01 3.370023229912761376e-01 3.380643905587633058e-01 2.599588890215103754e-01 3.959078198145856153e-01 4.601046414245605343e-01 2.941612759088894635e-01 1.954723876943115779e-01 3.652821698065754630e-01 3.544173909268931166e-01 3.266689438972795179e-01 3.204605367549915873e-01 3.932707890138111839e-01 2.673746200826644381e-01 3.746948621599034968e-01 4.712879123017431060e-01 3.516627878016340691e-01 4.105344163577472338e-01 4.643130000757944020e-01 4.725737887139416782e-01 4.643076703469986022e-01 4.648902436488525081e-01 4.295856998033677487e-01 4.649875850408199396e-01 5.055442952050380745e-01 3.352958314132626350e-01 3.812202162722912457e-01 3.998512003661882641e-01 3.933687787997082741e-01 4.519127095688337814e-01 4.737869865916195522e-01 4.001065736535245332e-01 4.384279283224502555e-01 3.993468624488749619e-01 3.860537023110630628e-01 3.851948989001628409e-01 4.077388467133609695e-01 4.285052263857278554e-01 4.239447264700651474e-01 4.135505857000136287e-01 3.362092928164869821e-01 3.303729086708777074e-01 3.238903695344432787e-01 3.480640823353590152e-01 3.751916811045527544e-01 4.044979020637834433e-01 3.628384755380855697e-01 3.182898598015256320e-01 3.321507323405989975e-01 3.767007020335615408e-01 3.388231166925439464e-01 3.679579488628339501e-01 3.498351652184112925e-01 3.585407529498934598e-01 3.622817463521388892e-01 3.575426854974905200e-01 3.517228692975603588e-01 3.700346996896579088e-01 3.630280636519336857e-01 3.600732661560656633e-01 3.358710230509091565e-01 3.758251171999733575e-01 3.517730882869342102e-01 3.483718173861947709e-01 4.029723954304340605e-01 4.031467845136435524e-01 3.778969207799227625e-01 4.170817512716571973e-01 3.924476346829132711e-01 3.909050317161000820e-01 3.784356827875254292e-01 3.851773163831334057e-01 4.194003671461766780e-01 4.082644230005115782e-01 3.941076130253537424e-01 4.262282138511582774e-01 3.495411003538796968e-01 3.647377877985342742e-01 3.597527954482505064e-01 3.690459476390351434e-01 4.040185128728627229e-01 3.634953822916999755e-01 3.831477600086343194e-01 3.518871810185480453e-01 3.677039604409345630e-01 3.513274035718993438e-01 3.794504611266772964e-01 3.822050558635587403e-01 3.303106569906977819e-01 3.266060300766606694e-01 3.445936444195540349e-01 3.527398795360865980e-01 3.493654752430909172e-01 3.569249411633171887e-01 3.592886238985733005e-01 3.546156826179434618e-01 3.460927615664906032e-01 3.652465525772027322e-01 3.754052462257377321e-01 3.423311664105254115e-01 3.255319527714150563e-01 3.336759333620333279e-01 3.366194101170837394e-01 3.373807383030562046e-01 3.374886907267214409e-01 3.379982928304205436e-01 3.413051183161086577e-01 3.483178274163289956e-01 3.547247609397646273e-01 3.507907353286581764e-01
1.364345390189536378e-01 5.541969528351355090e-02 5.032831690543075887e-01 1.000000000000000000e+00 2.759860098732395128e-01 3.816268841114640042e-01 5.382500082565051525e-01 4.631952887620844339e-01 4.857747751476068632e-01 3.880041733558302619e-01 5.755049832632660456e-01 6.804768834628376339e-01 4.741019304559487835e-01 3.535492201743940521e-01 5.261738024705232553e-01 5.215621402082889491e-01 4.433787722041748203e-01 3.632026420689772328e-01 5.076759444094279816e-01 3.059536877149470202e-01 4.871505942799897459e-01 6.314842715334845202e-01 4.756033264894430901e-01 4.877920343986036911e-01 6.001628516012369463e-01 6.827526594242721014e-01 6.505022857772481126e-01 6.399863651500702355e-01 5.654655955449794380e-01 6.272397671998687363e-01 6.996245290343859891e-01 4.519426180817253669e-01 5.334572432231865502e-01 5.145882682438481792e-01 5.298732279015987423e-01 6.345406941198732387e-01 6.415275619453447709e-01 5.603650572239323724e-01 6.234962827242371830e-01 5.966503194372105856e-01 5.709993808747233501e-01 5.698810571313884799e-01 6.042261325884531464e-01 6.233518145821307366e-01 6.239112257167224174e-01 6.089350123870012066e-01 5.105639633624802221e-01 4.973393542370362352e-01 4.818310488601551533e-01 4.959445409489634526e-01 5.484975774204821075e-01 5.987374823349095321e-01 5.564842579406861223e-01 4.850925855616377014e-01 5.108354667752844636e-01 5.623430710246951625e-01 5.117283889193984248e-01 5.515341641750074464e-01 5.249476484983173208e-01 5.372155371176986494e-01 5.407117874566709226e-01 5.323173134344849622e-01 5.307173940806504397e-01 5.476891204570740745e-01 5.403701397732568745e-01 5.461470825736955970e-01 4.987232940267268821e-01 5.246456906368469619e-01 5.106082539051552960e-01 4.920678914212665567e-01 5.800014723695994245e-01 5.754026196894537204e-01 5.168871376167554210e-01 5.846137478785815578e-01 5.814224456556060794e-01 5.697664360346850199e-01 5.546432254296791431e-01 5.432653263694573464e-01 6.057578265827130437e-01 5.752304743285090449e-01 5.664729520427707055e-01 6.072186618112160872e-01 5.209158590069573602e-01 5.245196563787317690e-01 5.099010720771497418e-01 5.166944809551818896e-01 5.763334180743546753e-01 5.341536868913542291e-01 5.513656463919697215e-01 5.330435054623854363e-01 5.535169924261039709e-01 5.264966898708850485e-01 5.646244976756994438e-01 5.647557478489498850e-01 5.017686969989386681e-01 4.937630509797443223e-01 5.183779724556283330e-01 5.178013679711971351e-01 5.203529405252201867e-01 5.261250522885717595e-01 5.342197828445293117e-01 5.274933657339946347e-01 5.253855346600684317e-01 5.418553127520820967e-01 5.559592499368511964e-01 5.168958308650688505e-01 4.855005040073625544e-01 5.034508277837486112e-01 5.148891641993799118e-01 5.086578065747123789e-01 5.104495780169890917e-01 5.120964179802507399e-01 5.082176430200419093e-01 5.165680386014557257e-01 5.251518812972875150e-01 5.290316716420732090e-01
3.776205830148690601e-02 9.235416464785482782e-02 2.006666142254274754e-01 2.759860098732395128e-01 1.000000000000000000e+00 2.898807494996912260e-01 4.261849792065194320e-01 4.444134603453106513e-01 4.385119566119403123e-01 3.764915100322636099e-01 4.154801854065194866e-01 4.626926632504499426e-01 4.338000082748230124e-01 3.317502671928858060e-01 4.830442843386937857e-01 4.694962924167613849e-01 4.101485156635439333e-01 2.984257751828027772e-01 3.396751224698992266e-01 2.945836997588652251e-01 3.181777111156818827e-01 3.640444121474094019e-01 3.712223381138725631e-01 3.272367485961893419e-01 3.598386048893538192e-01 4.415349689268873723e-01 4.440771590714833739e-01 4.413528913727657321e-01 3.715496867542736892e-01 4.129394409882573558e-01 4.159638743568510044e-01 4.280475646287542069e-01 4.190841688955898592e-01 4.215777162453384630e-01 4.100762306904394694e-01 4.485751187105551097e-01 4.380762100395919623e-01 4.661127859966742171e-01 4.653979358106506981e-01 4.601384404814578555e-01 4.731111709982459002e-01 4.805193928198413511e-01 4.691004126237269256e-01 4.762429912685806621e-01 4.659296118168772538e-01 4.672152298716636398e-01 4.721024420285199197e-01 4.645136848742082991e-01 4.569176836421480203e-01 4.510018646322004887e-01 4.652836827192429192e-01 4.703280432873695460e-01 4.622660896630213512e-01 4.495966967009561999e-01 4.453636144128295116e-01 4.558882580275189222e-01 4.454335251176637644e-01 4.674202859146570077e-01 4.531499394568433425e-01 4.700718034523024835e-01 4.724313854901809329e-01 4.555713678470988404e-01 4.431148731240816541e-01 4.637685776305961460e-01 4.607474441416521405e-01 4.623228744379534461e-01 4.660775211261824480e-01 4.592766379762991402e-01 4.580350645899814999e-01 4.525087333568422188e-01 4.650513845270899393e-01 4.690760553648587461e-01 4.443833513861484841e-01 4.548574838688331790e-01 4.754882146282816691e-01 4.719828719433520892e-01 4.737505378002119794e-01 4.548920271848540531e-01 4.659314531427274364e-01 4.622992751421246549e-01 4.732216705482660268e-01 4.699230783889792318e-01 4.620004384740027947e-01 4.625850477087846135e-01 4.640667953495862252e-01 4.663940592691370735e-01 4.746559690211269444e-01 4.685655252625575140e-01 4.748097690100203105e-01 4.621488939255998796e-01 4.750138537051588616e-01 4.753474987096161231e-01 4.772686782248787285e-01 4.757383482449476508e-01 4.697725864559855191e-01 4.667294675564619966e-01 4.692759940724269274e-01 4.680554002510873834e-01 4.746498685750807356e-01 4.738140933927603715e-01 4.779682253564315197e-01 4.685621880061616173e-01 4.697948363973585284e-01 4.777605560072331614e-01 4.781549526769576230e-01 4.580325548956631354e-01 4.642617408385351641e-01 4.663807625229237641e-01 4.633646100156978420e-01 4.680731475013616416e-01 4.634002008666930350e-01 4.683273737269617043e-01 4.664854283614272568e-01 4.684897814467838262e-01 4.711920488120148742e-01 4.671784813412240833e-01
3.777044863164987203e-03 8.336482551054863466e-02 2.358803217973767241e-01 3.816268841114640042e-01 2.898807494996912260e-01 1.000000000000000000e+00 5.113335963397851458e-01 4.859260920529014927e-01 4.991075361151507406e-01 4.578305387831173023e-01 5.248515351240535809e-01 5.584667720462271889e-01 5.294767828119756325e-01 4.133009054866267351e-01 5.736760012601864744e-01 5.658833875911677413e-01 4.803383070525232834e-01 3.708847827878208325e-01 4.343224648436619928e-01 3.050942703674856538e-01 3.844240476109183624e-01 4.544334470923896974e-01 4.255566889704340272e-01 4.069965661127071810e-01 4.448850873641101988e-01 5.605611096894201895e-01 5.649280836566227260e-01 5.576099405055749969e-01 4.870038760661655197e-01 5.139678710157454811e-01 5.498150336676232985e-01 5.127504344833142547e-01 5.184470578002834396e-01 5.098027873897013063e-01 5.049930479801257865e-01 5.483751539693832999e-01 5.516778779585951309e-01 5.671930270862103329e-01 5.786993217123602706e-01 5.704319937085269299e-01 5.758738889886213519e-01 5.894050499580719693e-01 5.829117932876540786e-01 5.889299129596573534e-01 5.799565478879304958e-01 5.879730550837563019e-01 5.777622209903300332e-01 5.729953473235049888e-01 5.642978092013491986e-01 5.447580300243262119e-01 5.716936253236083454e-01 5.644891559764477762e-01 5.755300737518668219e-01 5.666082136190706553e-01 5.696220389406559947e-01 5.656058758939289666e-01 5.617371675513186391e-01 5.824323019053767592e-01 5.755767620561063058e-01 5.805397141703375619e-01 5.861240725903158477e-01 5.803581280390849306e-01 5.733749394529752408e-01 5.731536442094965489e-01 5.626402886358536914e-01 5.760572274183231034e-01 5.702560953869451055e-01 5.676079430788124602e-01 5.623080730479541600e-01 5.382770863740922174e-01 5.745888107560568336e-01 5.832339805795007104e-01 5.532959582042048519e-01 5.653847768495683379e-01 5.924736199172117024e-01 5.896751515144551536e-01 5.817981602639478167e-01 5.685319867561927643e-01 5.881724231991293239e-01 5.742396517791995558e-01 5.828571565242133268e-01 5.892513631708324873e-01 5.617890142986967650e-01 5.715510322676008448e-01 5.657571955634217442e-01 5.704399221552250987e-01 5.838595190806432633e-01 5.809076654549827357e-01 5.838697089907523008e-01 5.691368018346419921e-01 5.849368021910251736e-01 5.822564300571498874e-01 5.910944514187866927e-01 5.904591692432153982e-01 5.772966779442908480e-01 5.744711255020820140e-01 5.730775483909408274e-01 5.684018098003744690e-01 5.804439938948178224e-01 5.770164470132084222e-01 5.840961879311939997e-01 5.779121746759436906e-01 5.792734924318868606e-01 5.860042137207243096e-01 5.837605199380594412e-01 5.693012031572397547e-01 5.699800898897723345e-01 5.717088365636004976e-01 5.758328700734267613e-01 5.764110903837064148e-01 5.736151527501549552e-01 5.783886687872675791e-01 5.761789482730251821e-01 5.767983854291118817e-01 5.733210431770163762e-01 5.752391856053880037e-01
8.179543405132229383e-02 1.355193848308969551e-01 3.730192585325645682e-01 5.382500082565051525e-01 4.261849792065194320e-01 5.113335963397851458e-01 1.000000000000000000e+00 7.174425918581034400e-01 6.829161210714669306e-01 6.167989188272933188e-01 6.897577199761867339e-01 7.387612247005082011e-01 6.875213873365275674e-01 5.574532324712289100e-01 8.252512816808347251e-01 7.670007981132067609e-01 6.483073535799879217e-01 5.178822947128461918e-01 5.998566293637145330e-01 4.072143357852260892e-01 5.309134482799736654e-01 6.392841271372485812e-01 5.810667854577050706e-01 5.752107849559410235e-01 6.266565045925465149e-01 7.564428081011050908e-01 7.553663601775195691e-01 7.621892620804586738e-01 6.603826503647471924e-01 7.053779904597776707e-01 7.383520916516935761e-01 7.020450327009026825e-01 7.250223801868644902e-01 6.888052612267238084e-01 6.950852042604953596e-01 7.333071707170600861e-01 7.427089323830687873e-01 7.711332855672792252e-01 7.764230022682491184e-01 7.737504278053265461e-01 7.663174262285408211e-01 7.845351778714584334e-01 7.711459822336751424e-01 7.854498572825683311e-01 7.734544958528357661e-01 7.809620795216069000e-01 7.460352621400804241e-01 7.462699618956504244e-01 7.347997720663479448e-01 7.225694761272806188e-01 7.610762797600173490e-01 7.611134714334643059e-01 7.585470969808306707e-01 7.352521678364646318e-01 7.372186474489379471e-01 7.378202930479190735e-01 7.334964466820480533e-01 7.636765928534203773e-01 7.491238764384858806e-01 7.575025304587954533e-01 7.585396014771109696e-01 7.496955428215652528e-01 7.391557347691670721e-01 7.467219169551673197e-01 7.385010519303150112e-01 7.452636478644480977e-01 7.413643874036185411e-01 7.473912981403830758e-01 7.408079574383051868e-01 7.009795699194099061e-01 7.561642178172847117e-01 7.651453211501579865e-01 7.312352525964738170e-01 7.502898533552945226e-01 7.745898552574694840e-01 7.731363160787348976e-01 7.752845340363917481e-01 7.455893267358422172e-01 7.864819250740624490e-01 7.655784279847449580e-01 7.710015223632530335e-01 7.751973570536669911e-01 7.325838964193318592e-01 7.559748606440235275e-01 7.472338122847381747e-01 7.474666228701797310e-01 7.650296305234670635e-01 7.711485913136945092e-01 7.710016568912172463e-01 7.416806090818711672e-01 7.747745379237489516e-01 7.652527650135794168e-01 7.735840304093114517e-01 7.762025259377620667e-01 7.475916396586888002e-01 7.426030672190842008e-01 7.464072354249338126e-01 7.404203688379115134e-01 7.565643849400722765e-01 7.626436332344987967e-01 7.650840896178565664e-01 7.536922001025475604e-01 7.547924622616412060e-01 7.660083198218188283e-01 7.635362020435039199e-01 7.406129344838315864e-01 7.358554608537776209e-01 7.458344659974976976e-01 7.504034162654431572e-01 7.477252772679827686e-01 7.470186802962194283e-01 7.489323304310638862e-01 7.448087814390745853e-01 7.457240177370619838e-01 7.482386647483041386e-01 7.467831851840571744e-01
6.728294107921875544e-02 1.644172269097753103e-01 3.370023229912761376e-01 4.631952887620844339e-01 4.444134603453106513e-01 4.859260920529014927e-01 7.174425918581034400e-01 1.000000000000000000e+00 6.774140157033247123e-01 6.251160270407114528e-01 6.832118026046456460e-01 7.178867121361858228e-01 6.923099464219297783e-01 5.542848402673813402e-01 7.886154404741111401e-01 7.895216889089045065e-01 6.641324356484087366e-01 5.362562171124436450e-01 5.675747284210500565e-01 4.852472150808547213e-01 4.987270884761671463e-01 5.791480363142357257e-01 5.873201351322732133e-01 5.550178152007853027e-01 5.793741958096041422e-01 7.208995117032190869e-01 7.210212085321942022e-01 7.145904247416808852e-01 5.884525190132354755e-01 6.528670551206753325e-01 6.841305966071649092e-01 7.258484556555231393e-01 6.933985293756180779e-01 6.905103056867121225e-01 6.756531163093529857e-01 7.100485306489613402e-01 7.210123201515983293e-01 7.624913615363891894e-01 7.622548144677313564e-01 7.577259168652352717e-01 7.618022332062998059e-01 7.785901336416639618e-01 7.676102517639484812e-01 7.717320966185352571e-01 7.602337474328410005e-01 7.608682181298450642e-01 7.568139318270612481e-01 7.588478624375286641e-01 7.570360499410988542e-01 7.353399344277389282e-01 7.652015469934813074e-01 7.617015729592898632e-01 7.615895609037833802e-01 7.531201479180966718e-01 7.553126062350681291e-01 7.429654209052719560e-01 7.618465946276427037e-01 7.759702539615478400e-01 7.658821165531546349e-01 7.706224120710430947e-01 7.791500714004663264e-01 7.633798433458437449e-01 7.600482207029782833e-01 7.572479491743328017e-01 7.474163602514245497e-01 7.631201406206012949e-01 7.595110020779961557e-01 7.557176808490772002e-01 7.556317146682122177e-01 7.349483990925707033e-01 7.453491859274352649e-01 7.569146437293238217e-01 7.391412964348114123e-01 7.385833571543972687e-01 7.719383615382556796e-01 7.644225516657577879e-01 7.617271512804258959e-01 7.263752129050747852e-01 7.573296287138852056e-01 7.299922009517065824e-01 7.593597740923287986e-01 7.608022972414599794e-01 7.495805435486625479e-01 7.498898011969943322e-01 7.587664345483127182e-01 7.570278781661904377e-01 7.670436423911453083e-01 7.735448021953799103e-01 7.664667818289842005e-01 7.533844977147611255e-01 7.737757744031211748e-01 7.686637553974020598e-01 7.706249811693400842e-01 7.724721223986921181e-01 7.624278859862844149e-01 7.601223468728568466e-01 7.671594519259978817e-01 7.648239073496071461e-01 7.742694544979111804e-01 7.727025290664558677e-01 7.765860468806566885e-01 7.704593030359183636e-01 7.654162343954231673e-01 7.732172399930147266e-01 7.722819975966631612e-01 7.647452826696538031e-01 7.603834215090917725e-01 7.598842935360931028e-01 7.643693662478403539e-01 7.634848007671369841e-01 7.644937119175053697e-01 7.634777611200705971e-01 7.655686394511491688e-01 7.627549418240460177e-01 7.605337149079138825e-01 7.656970162397831459e-01
1.523056379183974351e-01 1.854348303051026325e-01 3.380643905587633058e-01 4.857747751476068632e-01 4.385119566119403123e-01 4.991075361151507406e-01 6.829161210714669306e-01 6.774140157033247123e-01 1.000000000000000000e+00 7.479729918104269792e-01 7.652653554557280469e-01 7.922418670887216852e-01 7.345762563225426423e-01 5.899132195792902156e-01 8.205505655414679911e-01 8.182036666796372870e-01 7.902141417531810541e-01 6.464146588422660100e-01 6.619036908149412701e-01 5.874299760752063060e-01 6.071460970127408041e-01 6.511962024937231197e-01 7.037820526900763207e-01 6.512815173906609800e-01 6.489103373575982880e-01 7.949932486195584458e-01 8.027574614844920076e-01 7.835976600536114223e-01 6.835013158528548960e-01 7.196747076792335829e-01 7.573719833815745206e-01 8.336435781933844158e-01 7.599261329793036701e-01 7.855392060502973672e-01 7.406526042897559892e-01 7.876961705618175102e-01 7.900261719566161744e-01 8.521552273391334031e-01 8.423686968057676472e-01 8.250182598256327049e-01 8.614783320097445518e-01 8.549313488464809208e-01 8.283061190035092558e-01 8.563391074526327529e-01 8.457623250179846508e-01 8.435218165712004001e-01 8.621444770234216737e-01 8.708941847356623800e-01 8.575652444481861592e-01 8.283530006737553908e-01 8.561517991660085869e-01 8.290776104554405945e-01 8.496584465857575097e-01 8.573158118706175612e-01 8.481578516753102148e-01 8.440573017353338869e-01 8.571194417398264598e-01 8.541055296611969050e-01 8.585921993863362411e-01 8.725146010217527115e-01 8.680994131728007046e-01 8.703001069877168705e-01 8.530812006627354060e-01 8.715868152403476454e-01 8.660141062992486871e-01 8.686118819533910074e-01 8.719152874598428138e-01 8.661664471250908326e-01 8.664990357667053944e-01 8.536246378338993024e-01 8.533982268729013443e-01 8.561914493530230486e-01 8.521942895373684213e-01 8.393087440155767576e-01 8.663127726261942163e-01 8.653502179826810803e-01 8.655913046948929823e-01 8.403078883022229162e-01 8.512821279437873256e-01 8.383992702047398105e-01 8.583587064657823840e-01 8.582066900682255861e-01 8.645608747028358243e-01 8.464259916397516292e-01 8.562186824490295445e-01 8.604238897162216348e-01 8.631279171964268970e-01 8.684628432965071365e-01 8.670296713630400998e-01 8.540814855741485356e-01 8.617668544340032488e-01 8.673017726983565101e-01 8.648567297528162445e-01 8.649201743302197265e-01 8.658615493458576839e-01 8.661592398556029471e-01 8.450520143493098768e-01 8.643190477697964003e-01 8.685979966220701565e-01 8.677502372865123492e-01 8.622677972197035912e-01 8.661065222219147541e-01 8.633122813693960840e-01 8.660710090964103269e-01 8.689324009783391256e-01 8.595296172297622883e-01 8.654784628930647372e-01 8.656871748444939785e-01 8.633863854484559175e-01 8.677433519918551497e-01 8.610157992463896015e-01 8.690819020077603652e-01 8.689168911938438544e-01 8.723924632508598398e-01 8.688318023432344273e-01 8.684970626371180114e-01
3.438999771922422732e-02 2.184600863558073813e-01 2.599588890215103754e-01 3.880041733558302619e-01 3.764915100322636099e-01 4.578305387831173023e-01 6.167989188272933188e-01 6.251160270407114528e-01 7.479729918104269792e-01 1.000000000000000000e+00 7.184850299533255269e-01 7.127513457147199860e-01 7.089426274795049832e-01 5.653691500953416105e-01 7.774752408788035973e-01 7.581149599273691031e-01 7.334127311499964996e-01 5.605056442475490064e-01 5.652248202430517621e-01 5.087801980563362303e-01 4.926964675297723084e-01 5.323334856784786018e-01 6.727493656842780112e-01 5.442673612640203107e-01 5.295245766171496893e-01 6.986586529159979353e-01 7.035637335903021095e-01 6.791008184838180917e-01 5.889841936860703564e-01 6.081399805452178953e-01 6.401691798702411340e-01 7.964358586588260458e-01 6.916003111292825523e-01 7.031096228747258925e-01 6.513550916524732948e-01 7.119638522398394898e-01 6.840194628948412792e-01 7.826107840406368865e-01 7.538480715270461374e-01 7.608531488703542678e-01 8.032090212773068671e-01 7.934383703297622770e-01 7.562448568246721292e-01 7.740023010166289241e-01 7.741615404389311506e-01 7.652191555827845271e-01 8.214173582444345145e-01 8.316162071551600476e-01 8.116477137799783526e-01 7.634079497204075970e-01 7.912183706913330505e-01 7.638683966769066469e-01 7.871299064198411521e-01 8.192842450293243983e-01 7.966144301746244105e-01 7.997928783328455138e-01 8.006025182992525524e-01 8.001843733115967527e-01 8.004295482440023646e-01 8.203169481580239175e-01 8.116427750822908793e-01 8.115182513150029919e-01 7.910168924302687365e-01 8.131455891864176611e-01 8.075451078666828764e-01 8.150622912531853004e-01 8.269223261968768890e-01 8.035199781494496429e-01 8.249996487023641967e-01 7.933945394720378630e-01 7.806104972675395048e-01 7.858499193226042845e-01 7.946458067714174955e-01 7.604849184405978457e-01 8.071697963275883403e-01 8.053633769156992583e-01 8.046700037019968166e-01 7.748754608122863097e-01 7.769179497134358625e-01 7.620535285320919616e-01 7.876588091994970453e-01 7.803046932177177819e-01 8.296937774801924625e-01 7.903707021509959185e-01 8.013364280720246535e-01 8.050129090044495506e-01 7.991531088071368583e-01 8.196751297599379482e-01 8.058220944784292294e-01 8.240692365745422299e-01 8.134289633830009691e-01 8.214694501545232175e-01 8.079684272268127243e-01 8.076913779332194343e-01 8.255680532157709806e-01 8.302428530836900578e-01 7.903271388227456340e-01 8.114477937576097810e-01 8.187587583583444406e-01 8.153763129349828054e-01 8.108451017799285232e-01 8.097281384368448798e-01 8.155445006386551343e-01 8.128178538867780745e-01 8.186640866381156290e-01 8.170576534141353875e-01 8.228415843722622913e-01 8.302941595028088262e-01 8.252062336633154693e-01 8.247042777747521924e-01 8.213193736678479073e-01 8.282180477133194163e-01 8.259587752579982123e-01 8.248223285576756769e-01 8.216004609693178251e-01 8.249215296853446011e-01
6.089631920845242630e-02 1.023382021479292137e-01 3.959078198145856153e-01 5.755049832632660456e-01 4.154801854065194866e-01 5.248515351240535809e-01 6.897577199761867339e-01 6.832118026046456460e-01 7.652653554557280469e-01 7.184850299533255269e-01 1.000000000000000000e+00 8.556118394739143929e-01 7.415395075353296006e-01 6.076530804533950558e-01 8.209885913601409069e-01 8.255749097258688884e-01 7.597454293131603587e-01 6.114460889977391123e-01 6.773568162813341509e-01 5.348692728472719260e-01 6.110456828522299322e-01 6.931881874305353408e-01 7.032345740471893647e-01 6.494763144659146947e-01 6.849202397547714538e-01 8.287478595458872555e-01 8.407568219778055463e-01 8.140763765407810215e-01 7.251862376701136981e-01 7.647048970784818822e-01 8.072130478983489121e-01 8.050792342995742867e-01 7.614057641521326802e-01 7.830840145548062514e-01 7.485870363034908825e-01 8.330085394932930098e-01 8.253017318577022809e-01 8.501273252608148034e-01 8.639433333077503052e-01 8.545868861130782035e-01 8.733869925988420047e-01 8.727648531247061969e-01 8.654530038349255161e-01 8.797294751902943188e-01 8.792662472340896374e-01 8.691440318067883419e-01 8.719099306329896049e-01 8.655244082392464788e-01 8.510457427505896399e-01 8.264699043015765190e-01 8.583854048242384183e-01 8.546149498939981104e-01 8.640294055902575376e-01 8.496279494828956613e-01 8.371973989660261850e-01 8.589060737295930448e-01 8.433097169282590677e-01 8.734495763621590303e-01 8.559458741730379128e-01 8.756163756802903819e-01 8.743037667827617820e-01 8.654720792089874992e-01 8.462187850813618351e-01 8.696805932137473549e-01 8.590788204597639144e-01 8.687833452820958868e-01 8.689130588368745300e-01 8.681044850337357177e-01 8.613919139071222197e-01 8.445557222216838467e-01 8.706183642464597749e-01 8.762341649852972703e-01 8.498119182141992134e-01 8.594615902190224643e-01 8.855479446051833792e-01 8.867327554267979695e-01 8.745057174879306006e-01 8.540235154864238565e-01 8.796463753671497354e-01 8.579260725467084958e-01 8.752470391938382832e-01 8.849989292730984225e-01 8.670140844713261075e-01 8.504283061299090507e-01 8.571519267720394408e-01 8.635403888095897207e-01 8.839942240518336991e-01 8.740830176381011452e-01 8.772835928979063613e-01 8.711433412047757674e-01 8.789103251786306581e-01 8.776910189841712340e-01 8.870224837208007251e-01 8.855950088322264158e-01 8.713732121953977616e-01 8.689061681420385819e-01 8.587900179529339706e-01 8.662454085280085758e-01 8.746382677322799282e-01 8.739247068406253982e-01 8.775988444971395408e-01 8.715425752379116764e-01 8.724759476468169073e-01 8.810997962286627461e-01 8.839319089787879280e-01 8.618140298393619503e-01 8.628803269036404711e-01 8.699011549052474424e-01 8.687385960094708981e-01 8.715184419133267246e-01 8.706265178018401940e-01 8.744443992140829014e-01 8.711820796375303599e-01 8.737044657668245895e-01 8.716793811721016416e-01 8.745495960668193680e-01
7.085752510904776147e-02 1.030081245212927377e-01 4.601046414245605343e-01 6.804768834628376339e-01 4.626926632504499426e-01 5.584667720462271889e-01 7.387612247005082011e-01 7.178867121361858228e-01 7.922418670887216852e-01 7.127513457147199860e-01 8.556118394739143929e-01 1.000000000000000000e+00 7.806790887146853875e-01 6.257624009451460134e-01 8.591633895659452902e-01 8.532605716432853926e-01 7.716379029063377137e-01 5.810711791968719009e-01 6.817057999341304964e-01 5.109649913759104489e-01 6.135204962098458337e-01 7.384963088012302945e-01 6.921747127182148462e-01 6.431441556992824049e-01 7.177071139806476818e-01 8.946123178375635643e-01 8.877470673920726529e-01 8.657203540093173499e-01 7.549509755292654889e-01 8.065120293663479156e-01 8.626939122900216805e-01 7.999798387330394611e-01 7.880582941958020893e-01 7.901666347817266622e-01 7.661789115497977809e-01 8.712199092338234196e-01 8.657953403658500413e-01 8.837639044202787453e-01 9.026973357282324084e-01 8.990717721494806414e-01 9.098107359548855966e-01 9.124732832554991457e-01 9.137725896945049220e-01 9.294856996194512666e-01 9.218755954919444218e-01 9.108325507361787476e-01 8.928241864592162402e-01 8.830545457716317825e-01 8.673504313331484861e-01 8.392593429263469629e-01 8.888993238515503492e-01 8.893931561906828209e-01 9.004906563042168743e-01 8.662648213907852002e-01 8.690702276369499657e-01 8.878946528115840842e-01 8.728812449643775784e-01 9.118962990222596598e-01 8.887734166283944859e-01 9.043278263953841156e-01 9.074786868738504708e-01 8.973005979006307697e-01 8.844923826612762774e-01 8.983822936123943004e-01 8.869261824030272301e-01 8.987287199149451844e-01 8.870531306301722152e-01 8.780052961313775661e-01 8.726377691514776158e-01 8.486999534292722913e-01 8.934501540672602493e-01 9.014500942182845922e-01 8.529502377428394011e-01 8.837536469519362559e-01 9.215710448687959300e-01 9.131353325653835951e-01 9.011195120223122190e-01 8.764841878271741882e-01 9.150760502670595153e-01 8.847524400059656458e-01 9.002004330896351547e-01 9.205411698744756510e-01 8.822810081912857427e-01 8.696242957238299320e-01 8.701628827491132423e-01 8.765040812427280503e-01 9.128919506407927598e-01 8.976336421217144812e-01 9.026244984668431171e-01 8.916077184695175850e-01 9.062265675722239733e-01 9.012057131027657597e-01 9.166887275003401392e-01 9.185616392025920396e-01 8.906916972284628642e-01 8.872278064049136104e-01 8.905236960534088642e-01 8.888135236532394012e-01 8.986612049636735211e-01 8.944474951492535908e-01 9.067278444045916430e-01 8.989299206742602522e-01 8.999156779870308709e-01 9.108036142968997106e-01 9.110434531617114251e-01 8.888407953363275382e-01 8.787810854381528092e-01 8.880356461040195271e-01 8.923420490728904975e-01 8.925675081648609677e-01 8.944273923059303799e-01 8.954299985739991863e-01 8.933950846956194569e-01 8.960772097468656661e-01 8.948758505366024574e-01 8.992695428082888576e-01
1.798080342968370188e-02 1.446065273938091367e-01 2.941612759088894635e-01 4.741019304559487835e-01 4.338000082748230124e-01 5.294767828119756325e-01 6.875213873365275674e-01 6.923099464219297783e-01 7.345762563225426423e-01 7.089426274795049832e-01 7.415395075353296006e-01 7.806790887146853875e-01 1.000000000000000000e+00 6.138854555993684681e-01 8.147737581151570652e-01 8.234012166749085093e-01 7.130659180463735369e-01 5.255815964485658354e-01 5.759498033484851121e-01 4.666238547023530692e-01 5.215532163087193140e-01 5.941418586684461545e-01 6.389521760369595293e-01 5.496677894739344650e-01 5.815486198486458091e-01 7.636491217045745517e-01 7.659847497084184553e-01 7.515750904311775393e-01 6.489794227145606609e-01 6.863773190397416402e-01 7.184540278751728737e-01 7.747754048853680020e-01 7.379813990783233857e-01 7.275551921731649996e-01 7.106554150929957903e-01 7.559727545816860017e-01 7.506583926280384622e-01 8.083194515732442520e-01 8.049166924783496269e-01 8.116953428735556031e-01 8.290375046258854352e-01 8.330229349106970105e-01 8.122702568145367952e-01 8.256424389308674172e-01 8.211252930093007052e-01 8.219864969661039300e-01 8.443702668660095778e-01 8.427673371534919466e-01 8.297202446997320457e-01 7.947568512054207224e-01 8.178781576242946105e-01 8.088688246043254093e-01 8.342109604355836261e-01 8.378174060587204597e-01 8.243574906097205224e-01 8.165758488660918024e-01 8.250588123693348708e-01 8.386425829763737294e-01 8.301282934271144720e-01 8.424458945776844843e-01 8.423121118709843147e-01 8.340725440765187626e-01 8.225855847637042473e-01 8.258334807354902329e-01 8.218895142636303275e-01 8.408444131020567092e-01 8.364602351090333343e-01 8.143170905224144107e-01 8.288990049153176498e-01 7.976523887476448804e-01 8.106701150820818658e-01 8.174094129348989934e-01 8.004276454122717377e-01 7.948231633248928896e-01 8.431408821038002266e-01 8.402153394492174465e-01 8.351658576349124674e-01 8.044849665045881171e-01 8.272520903155218264e-01 8.009397971467889787e-01 8.254057740431346435e-01 8.242706508381290043e-01 8.311617452481658841e-01 8.211854075171146627e-01 8.261158471353572397e-01 8.252456051253258540e-01 8.304360198098469370e-01 8.423312393497648376e-01 8.357271654909406156e-01 8.364379267333343915e-01 8.465030720816585363e-01 8.467898914452812731e-01 8.451774012417754278e-01 8.446805695757094723e-01 8.466629324220787955e-01 8.440903351867955484e-01 8.301239258724593117e-01 8.342925429921644875e-01 8.437048500170922782e-01 8.401316275041895709e-01 8.425518229541782977e-01 8.385325004755381784e-01 8.446435660255240396e-01 8.447686739698380132e-01 8.463889035739272648e-01 8.380501579581030036e-01 8.379050468997689682e-01 8.449089469263613150e-01 8.467727836778757844e-01 8.428109659572637913e-01 8.431536514838290364e-01 8.466388072846233737e-01 8.421836880164916828e-01 8.390182759203091978e-01 8.363032949497242186e-01 8.445262319203202805e-01
