1.000000000000000000e+00 1.241414618187006574e-01 5.944551046606282724e-02 3.354344247237443788e-02 -1.743138742696907773e-02 2.437384877736916561e-02 -1.589809410286091573e-02 1.914572825438755994e-03 6.555911732685783255e-02 -7.408887065726957148e-03 -2.208449398115396468e-03 1.151986498472946409e-02 4.937734273326707668e-02 3.512059425987370479e-03 -5.910567086325815671e-03 1.006971187118361859e-02 4.281883558747106439e-02 1.069672227109512430e-02 3.535877158790107222e-02 2.105817232163116701e-03 3.807363482476170541e-02 3.761498064905278299e-02 -3.915981472424252124e-02 -7.022243402967580372e-03 9.212689267958002609e-03 -2.749974945770645909e-03 -1.398768772420458731e-02 -4.380080708355853919e-02 8.419819658658378317e-04 3.586086041399079091e-03 -3.869317022747501087e-03 -9.992179625826156861e-03 -5.467863007849285695e-02 4.217309287487338437e-03 -2.947099523258510378e-02 2.361948644114757537e-02 -2.062308606029512881e-02 -2.791516327671701367e-02 -6.232215426869061083e-03 -4.720833791527863366e-02 -1.419674303295662306e-02 -2.110728756386325011e-02 3.303254391228156901e-03 1.400674224938283467e-02 -7.416728410648352164e-03 -1.438132125128545151e-02 2.816165698488512937e-03 8.206790383761571397e-03 1.873768221016091848e-02 6.512376615747667540e-03 1.975873240646695232e-03 4.228935757576566395e-02 2.482825653250488734e-02 2.470055762956094650e-02 1.833768077747720965e-02 -7.975743850683838674e-04 6.384250280348613416e-02 -1.204552666809987878e-03 1.065399684376393610e-02 2.952519792248530991e-02 2.106505581565540700e-02 3.211529757869725776e-02 2.464182504581714783e-02 3.421105398259470520e-02 4.369945023531810607e-02 4.213209556597231897e-02 1.111835041548340716e-02 5.874826231838520263e-03 9.017740660728355059e-04 2.029697408955052212e-02 1.451856797514464691e-02 2.367123185815664561e-03 -3.023140217115250807e-03 4.266195743498760358e-03 7.883633808967142539e-03 9.433762113687409052e-06 -3.422228573046433471e-03 1.042890063648961932e-02 2.065980008022274010e-04 1.401368512562643949e-02 1.652202801673335539e-04 1.031943755936130542e-03 9.980204411502343817e-03 5.215805714961229550e-03 -1.566723473030338758e-03 1.634044486929108874e-03 -1.017689705613903511e-02 -5.026121912044760609e-03 -5.205642138986239960e-03 9.758706631986755267e-03 -1.926760164678981840e-02 -3.035103496009473878e-03 -1.222338202257917776e-03 -8.116460595607813758e-03 3.293091534961443360e-03 7.624581235886244632e-03 7.482678044630586105e-03 2.544394509053383296e-02 6.583663198905783352e-03 -7.215639537685389522e-03 2.142595455927204587e-03 1.837705562254648289e-02 1.600005807390693716e-02 5.025227392483408786e-03 1.668399706612812283e-02 3.508506392854304767e-02 2.046340501821377472e-02 1.026404394445203441e-02 1.489148576788383062e-02 1.237859963689566523e-02 8.317471723009206216e-03 1.193406215820900888e-02 1.722696664302246147e-02 1.767615532542615719e-02 1.934437029725841542e-02 2.803257979057538485e-02
1.241414618187006574e-01 1.000000000000000000e+00 9.615787328132405221e-02 1.701998711159691535e-01 7.830517414765016115e-02 1.139101629836364593e-01 1.609326145304080524e-01 1.601665651035573679e-01 2.003607889070353199e-01 1.953284628939931100e-01 1.487517722350072402e-01 1.819003834020742616e-01 1.722831354768873946e-01 1.771323366379587427e-01 1.733452770638785334e-01 1.666998820760173805e-01 1.751040705891928062e-01 1.923259452068096509e-01 2.108655446703003589e-01 1.957536736198417227e-01 2.046522249227415990e-01 2.114187101439554128e-01 1.687011808552592307e-01 1.970076982739742411e-01 1.912389732508660845e-01 1.704381515641305023e-01 1.607970826213451498e-01 1.591742008327795554e-01 1.787860861153756642e-01 1.857937110494005672e-01 1.840272428856316866e-01 1.914374754087188324e-01 1.369976153196481305e-01 1.829083161551917636e-01 1.468447701872895028e-01 1.702181370459680543e-01 1.579740935646039013e-01 1.688119268412281715e-01 1.686889486009494066e-01 1.457519602341414144e-01 1.555896696207235697e-01 1.579379894515440252e-01 1.604939495650854753e-01 1.812155295319996529e-01 1.663249832291658070e-01 1.616383176611162764e-01 1.598056495316795278e-01 1.853368225269670932e-01 1.904295747423330742e-01 1.824822651505446092e-01 1.782099336773989018e-01 1.797037243864104405e-01 1.695801962960534204e-01 1.997829894601406697e-01 1.996072184478992206e-01 1.889453803457158965e-01 2.223513998980872486e-01 1.610952959516879501e-01 1.839322996100216101e-01 1.874081822969211886e-01 1.837100568484492380e-01 2.019310297036623625e-01 1.968720635193273449e-01 1.948348430524361741e-01 1.952674057823662324e-01 2.055858788707846940e-01 1.769159476561447397e-01 1.766802910654034220e-01 1.816725424267093547e-01 1.960188630221684214e-01 1.785112357582065989e-01 1.721141789530948041e-01 1.763280174532487199e-01 1.805802251842078265e-01 1.792185512507907252e-01 1.740696766480060720e-01 1.793329176696931704e-01 1.908152570516409852e-01 1.727465534584723961e-01 1.788231225599681840e-01 1.657916296013326185e-01 1.738031584584790457e-01 1.898610364226489822e-01 1.711641074605193547e-01 1.578004473582204081e-01 1.672947702200699160e-01 1.623547648827475820e-01 1.708491914737944040e-01 1.656721620119183114e-01 1.870462252783584023e-01 1.628285427877544655e-01 1.673707518656024074e-01 1.712027155230217146e-01 1.673769071564317479e-01 1.701832652330307061e-01 1.789797342993810769e-01 1.657456599358997085e-01 1.764375255252901009e-01 1.668619249933098736e-01 1.616259654930624623e-01 1.620064133320476274e-01 1.693699552572077438e-01 1.696904158927793060e-01 1.669336086317560752e-01 1.689178906463842667e-01 1.964875825091552397e-01 1.859131511011312687e-01 1.787491670107702324e-01 1.857951143230875124e-01 1.738805963252335607e-01 1.790952188319385185e-01 1.735081585390650660e-01 1.829937050632603757e-01 1.761535309928096427e-01 1.747656935661599242e-01 1.839386489408577352e-01
5.944551046606282724e-02 9.615787328132405221e-02 1.000000000000000000e+00 2.908903048418391979e-01 1.706141063070195640e-01 2.080456035709641049e-01 3.149032890348987257e-01 3.106215088572376604e-01 3.409413343673452501e-01 3.138793539073712613e-01 3.470868274633371886e-01 3.641168556362840980e-01 3.281884034420683993e-01 3.143195466214243061e-01 3.522253560198595479e-01 3.601869144419807545e-01 3.325529266214729551e-01 3.544534941842426012e-01 3.535568902133632840e-01 3.282818737290544853e-01 3.607316186368207944e-01 3.605202775210772370e-01 3.309488292714788948e-01 3.350803086333208891e-01 3.455997401767734734e-01 3.633698594960446115e-01 3.328925503131358599e-01 3.358257235240902361e-01 3.194567913754415289e-01 3.554777077889276216e-01 3.552688632953088788e-01 3.689453152590350671e-01 3.281554213902558859e-01 3.593142291144649780e-01 3.382793865005918055e-01 3.712384167930504741e-01 3.548548335990753810e-01 3.585550629159859892e-01 3.608697584132012359e-01 3.515887217396836406e-01 3.586587901943080747e-01 3.591030869278359905e-01 3.627437423899887992e-01 3.682598599693824304e-01 3.547493983102032455e-01 3.503254780553856085e-01 3.597940654365323065e-01 3.613309194790961243e-01 3.693192013761282810e-01 3.680994289037897715e-01 3.745614884879633899e-01 3.665860366600109388e-01 3.677927433160936288e-01 3.602091763985585948e-01 3.622167359673539311e-01 3.621233963746050000e-01 3.655706549920985649e-01 3.568981328388024510e-01 3.675027666725237951e-01 3.624141914879208115e-01 3.681564845184610579e-01 3.634156394196162432e-01 3.670535421513169139e-01 3.715186894020410246e-01 3.673935045400676946e-01 3.654309505167314120e-01 3.619928087654070148e-01 3.617740695424783715e-01 3.653801902109746758e-01 3.667384360591954828e-01 3.644230900441674526e-01 3.642260349814250842e-01 3.601792412917832475e-01 3.659936737642632276e-01 3.671084286836486799e-01 3.609020597611435899e-01 3.581496514914740970e-01 3.544352124897591771e-01 3.567657442595988937e-01 3.630765537420093669e-01 3.680191771882915241e-01 3.589541323216099422e-01 3.677762357638610369e-01 3.638046936937691656e-01 3.644566065849317305e-01 3.649771014924866330e-01 3.628350188496494155e-01 3.650575760059115993e-01 3.626564602201396981e-01 3.693166312956904784e-01 3.609931118412453288e-01 3.616784218466399525e-01 3.607459824724475461e-01 3.586929863338428337e-01 3.612172205435899008e-01 3.619463683568734380e-01 3.673015164223602524e-01 3.687512254506827292e-01 3.606425595319226463e-01 3.652969404400014386e-01 3.647427356967898882e-01 3.661608226816542855e-01 3.629904656738632274e-01 3.626477552934795345e-01 3.691581838723560494e-01 3.648334994619076843e-01 3.694260409539750212e-01 3.614886995171217032e-01 3.653843887560597747e-01 3.633834804925634154e-01 3.613350237020261924e-01 3.618965053876802007e-01 3.647153960731646105e-01 3.665469994295401657e-01 3.616647794578091157e-01 3.640821022902468451e-01
3.354344247237443788e-02 1.701998711159691535e-01 2.908903048418391979e-01 1.000000000000000000e+00 3.446421196645488849e-01 4.233370245395741138e-01 5.837020487726152229e-01 5.727817628727283061e-01 5.809129496155120975e-01 5.162199776917980598e-01 5.773647779538151337e-01 6.378304786506822088e-01 5.634870417645182483e-01 5.761679330096212137e-01 6.307055109437211815e-01 6.182934153926238352e-01 5.583935534731002681e-01 6.206353712201275741e-01 6.313639647132964772e-01 6.048863457864385174e-01 6.420680752028036231e-01 6.375656766711284007e-01 6.189387346052668271e-01 6.002676635447843356e-01 6.178559016235124490e-01 6.387343136688364842e-01 6.153536315661083389e-01 6.255219406891464606e-01 6.007316009796840328e-01 6.365660490081820333e-01 6.352684459823911833e-01 6.367156480170080846e-01 5.967721465671492753e-01 6.347762007769269799e-01 6.180050587880461244e-01 6.302412858729794509e-01 6.292827001671060794e-01 6.119909725363504860e-01 6.376330873319759895e-01 6.279324012289982937e-01 6.184321282011907561e-01 6.167896199836171434e-01 6.253005118119833172e-01 6.306493705949716144e-01 6.312614318977394223e-01 6.191239820634597546e-01 6.102037889250259139e-01 6.193706695265083217e-01 6.258808725295232911e-01 6.199305665216613415e-01 6.367471461216470674e-01 6.335025438249610730e-01 6.342042542017909401e-01 6.190092154847565142e-01 6.290391049586511185e-01 6.335066902680943635e-01 6.231605238209469988e-01 6.125555821077568464e-01 6.276235936406016069e-01 6.210157847048204394e-01 6.285027514946497362e-01 6.193164131938140304e-01 6.299994854332633398e-01 6.297336507169659647e-01 6.348779407805313912e-01 6.292750671479445668e-01 6.191610922698094210e-01 6.283029498513171829e-01 6.375902414360159476e-01 6.488213325427204525e-01 6.361411742564158089e-01 6.295869229314428051e-01 6.281838310451449692e-01 6.340583354695821239e-01 6.421477301157028084e-01 6.317861999476883650e-01 6.337555748728583849e-01 6.358832828050758890e-01 6.338330346306401131e-01 6.306089100882336096e-01 6.286358930520667965e-01 6.366084873497076524e-01 6.398090818996633455e-01 6.335630190613412704e-01 6.326330042033212475e-01 6.310914119383586041e-01 6.318110032113392061e-01 6.365470555337264802e-01 6.309765335657433472e-01 6.392165865964130056e-01 6.390397979162831810e-01 6.277819311008541181e-01 6.334321514720655522e-01 6.288887377540851586e-01 6.209724250908076337e-01 6.230526789369228435e-01 6.323598816378427356e-01 6.286227928543574039e-01 6.287695832755249015e-01 6.337630076819513736e-01 6.301659291381139782e-01 6.307103809397408556e-01 6.307756877272284735e-01 6.256035033171114534e-01 6.346383061898133171e-01 6.259160126051401818e-01 6.348841116698275000e-01 6.219181441279928446e-01 6.294113328681296693e-01 6.270219116412023563e-01 6.261463068267465459e-01 6.190086269380558059e-01 6.270570145940451701e-01 6.288799146799873840e-01 6.281396930720224425e-01 6.285008108081311384e-01
-1.743138742696907773e-02 7.830517414765016115e-02 1.706141063070195640e-01 3.446421196645488849e-01 1.000000000000000000e+00 2.972216051930500202e-01 4.568284171839637753e-01 4.523085336950323776e-01 4.662313927581778206e-01 3.953143027969137635e-01 4.522882559967693061e-01 4.818262236616511762e-01 4.673586344412246629e-01 4.394211485695634911e-01 5.033409525474782376e-01 4.689575630112300386e-01 4.242239049140648643e-01 4.993085481435714512e-01 4.938743831412109597e-01 5.076864633474840183e-01 4.978115330770531699e-01 4.762924041909523121e-01 5.090439927265086872e-01 5.153558836708117541e-01 5.080912892161171257e-01 5.163895365588245800e-01 4.887036954145085321e-01 4.863974026142536822e-01 4.552997614224867373e-01 5.133114326289994755e-01 5.068994873638607013e-01 5.028737178680842135e-01 4.840849994501332243e-01 5.001196263195242242e-01 4.989028830564071204e-01 4.826036486714525009e-01 5.028937924436570617e-01 4.706694587434950283e-01 4.955867762375752994e-01 4.990034827040457643e-01 4.921259864045094412e-01 4.849063291793465624e-01 4.892523588922325084e-01 4.935261153226359054e-01 4.945875077003998310e-01 4.916556577766602043e-01 4.715628333560190066e-01 4.835193691326270526e-01 4.841949400503833267e-01 4.585411174030131209e-01 4.867920898778714811e-01 4.944991478328515933e-01 4.819054296106906610e-01 4.845781311303636318e-01 4.825343225296378491e-01 5.044285640948564797e-01 4.616281812521957351e-01 4.841042997947992976e-01 4.712342730956746162e-01 4.804933881788820971e-01 4.893868233621863628e-01 4.746277806811989852e-01 4.696717250876861205e-01 4.750988742389211095e-01 4.815321920046148896e-01 4.800315977087326047e-01 4.804283906186127551e-01 4.926030896628315059e-01 5.036700858844757045e-01 5.141612714655521277e-01 4.901470265749900967e-01 4.926515630613128582e-01 5.081599419169859910e-01 5.052660868248325388e-01 5.026158362990698070e-01 4.922870724940378584e-01 4.883118132897519281e-01 4.796732019692025450e-01 4.943357393416238921e-01 4.854540050609255086e-01 4.897193347361782911e-01 4.967852581522158584e-01 4.976359222990203723e-01 4.912443969778026442e-01 4.867491512870634196e-01 4.952896416650326428e-01 5.022408906929810568e-01 4.892759154683571921e-01 4.930073741577658542e-01 4.994820205555303705e-01 4.958235770892678307e-01 4.876034472127540598e-01 4.980537363445702859e-01 4.932276370294998991e-01 4.805409709978529786e-01 4.852107325463043686e-01 4.874647314227255057e-01 4.715459374150829386e-01 4.830148494171885298e-01 4.908370934478088476e-01 4.880668669918526992e-01 4.779578751864920205e-01 4.839158807770993498e-01 4.854653409534897546e-01 4.902814765774674566e-01 4.745354681827607113e-01 4.865694168423257970e-01 4.859519354950163628e-01 4.872155195821212259e-01 4.813268568392215507e-01 4.777183473077142306e-01 4.855101121265979480e-01 4.797246396008856273e-01 4.852216557363583371e-01 4.813595202433125220e-01 4.831361621291355157e-01
2.437384877736916561e-02 1.139101629836364593e-01 2.080456035709641049e-01 4.233370245395741138e-01 2.972216051930500202e-01 1.000000000000000000e+00 5.228128058585697069e-01 4.713051795303415115e-01 5.224723697212648732e-01 4.656269184174190445e-01 5.202781977351470521e-01 5.601614746560913405e-01 5.035854114399129777e-01 5.280656200400778433e-01 5.679584025943983372e-01 5.677072622789233192e-01 5.032533973616121203e-01 5.372663080273420988e-01 5.345427783587770598e-01 4.794715699037090384e-01 5.268579893945228854e-01 5.590793982564536968e-01 5.529650965814122410e-01 5.080018653238680404e-01 5.485927946098836383e-01 5.608014564920752454e-01 5.610209217162229756e-01 5.420665836520445202e-01 5.263202081270342836e-01 5.713951956646110553e-01 5.801891343983701654e-01 5.709801788179312831e-01 5.399690381431180297e-01 5.617698094407049814e-01 5.615484222679172355e-01 5.617849228639877346e-01 5.698255874295230505e-01 5.646538098934049676e-01 5.768667570259521371e-01 5.650868135326213570e-01 5.776294004324352693e-01 5.736169517262809103e-01 5.721953056318818120e-01 5.828735159554652157e-01 5.795439933123645027e-01 5.774010108358339499e-01 5.793787598204770406e-01 5.769866559008363094e-01 5.747637970171350918e-01 5.502097202559279587e-01 5.708253076613513111e-01 5.619208213782302952e-01 5.721824465330358489e-01 5.758571156670161395e-01 5.747288657701770109e-01 5.799405740981695700e-01 5.576029196261638177e-01 5.786774865371775434e-01 5.742186189679095998e-01 5.788031385478135116e-01 5.815979290275394842e-01 5.779378877834385753e-01 5.748134280280605690e-01 5.739405767403870096e-01 5.731486418953644080e-01 5.765037041509386562e-01 5.826576863568597719e-01 5.825710077348625893e-01 5.852242070280165853e-01 5.790243397252889945e-01 5.842695996013580473e-01 5.849415055691713494e-01 5.779712542682871046e-01 5.829722604640532602e-01 5.880087275834223748e-01 5.837568603754896834e-01 5.876279165616146161e-01 5.823473381924862968e-01 5.802771120634869773e-01 5.867521695264878989e-01 5.867905697886139915e-01 5.875781729099265327e-01 5.821790548965973811e-01 5.834440710404282804e-01 5.864942147268640271e-01 5.848853581225813558e-01 5.859038035598300720e-01 5.874296056900021323e-01 5.887882207499659515e-01 5.846483541718452415e-01 5.868633473743577467e-01 5.863710659755053678e-01 5.857492855612465021e-01 5.866363865910362296e-01 5.859408260157773496e-01 5.863242251382012604e-01 5.812218100586293845e-01 5.753047277730968245e-01 5.848057843921247168e-01 5.851473646078784174e-01 5.862681664642768187e-01 5.820061594917471659e-01 5.832134739267254009e-01 5.846277296887124608e-01 5.830144516854265380e-01 5.765338713033987261e-01 5.844405579421578789e-01 5.859178393639720150e-01 5.857314045796999658e-01 5.834223167317198477e-01 5.823931023872942481e-01 5.869308723341144507e-01 5.844661912697519668e-01 5.850050304903980924e-01 5.824269537903539184e-01 5.833809294363562215e-01
-1.589809410286091573e-02 1.609326145304080524e-01 3.149032890348987257e-01 5.837020487726152229e-01 4.568284171839637753e-01 5.228128058585697069e-01 1.000000000000000000e+00 7.311202859420664613e-01 7.391265736211983794e-01 6.758401394183962685e-01 7.614952909427923355e-01 8.134332095305329968e-01 7.284233329724083550e-01 7.586552134551601823e-01 8.379052959100192766e-01 8.087376600557637518e-01 7.328490647995754559e-01 8.083743771232452247e-01 8.074590714170084560e-01 7.734179456302575639e-01 8.065145523777936809e-01 8.180576104355520295e-01 8.083755107468570955e-01 7.887739660814058196e-01 8.254335276538236066e-01 8.275083678783133889e-01 8.127242265804095478e-01 8.242056479958510540e-01 7.834799736812891879e-01 8.398946234259214716e-01 8.486987745135682326e-01 8.326508667208882830e-01 8.059569761411988775e-01 8.175199172632763300e-01 8.163083735691025744e-01 8.080870004805580376e-01 8.398159668685674095e-01 8.143572062251474009e-01 8.342375965905053370e-01 8.270898797301454719e-01 8.226023409349073612e-01 8.234334282065816080e-01 8.186216607521318300e-01 8.289017309510487985e-01 8.336744576680698016e-01 8.357304485136065608e-01 8.168390444526106853e-01 8.247333719693857867e-01 8.195267554862974979e-01 7.894697626970673676e-01 8.205557756178443185e-01 8.047438945396651055e-01 8.206449948109739712e-01 8.176619199822316997e-01 8.167313517544144696e-01 8.345504788432204224e-01 7.884727350365458021e-01 8.139556333005678601e-01 8.148792551032700837e-01 8.183923238483937768e-01 8.217454058897829539e-01 8.137946616337848882e-01 8.111831558884732285e-01 8.157277687962888324e-01 8.183061370251890621e-01 8.153770047341711846e-01 8.214189040753430149e-01 8.326296666802919244e-01 8.442967954774451833e-01 8.492890473622737302e-01 8.353444273262697894e-01 8.347712319929423419e-01 8.345390165145663008e-01 8.406605209457663763e-01 8.415516635197795026e-01 8.361737400302110546e-01 8.403790808395910084e-01 8.347892604311943909e-01 8.384089982085588533e-01 8.319860570277197720e-01 8.358341740009784804e-01 8.416437197905471956e-01 8.356977647958240274e-01 8.385168920620543753e-01 8.318734371308610376e-01 8.323086357920612688e-01 8.432965011667882260e-01 8.368577373337442449e-01 8.404699944075263440e-01 8.337694961349038092e-01 8.451613558396477988e-01 8.334282134351973514e-01 8.383823806011151403e-01 8.393351835402093064e-01 8.257855954958911449e-01 8.277676176076594894e-01 8.189349755767053596e-01 8.084448473562788617e-01 8.211191241417776787e-01 8.307323939735250518e-01 8.301041202084110671e-01 8.178930253583059917e-01 8.276510140915046554e-01 8.263738086354138757e-01 8.264629021402670750e-01 8.116675962325788918e-01 8.252257819277507567e-01 8.267667922684213133e-01 8.265428216902860337e-01 8.240214438019569654e-01 8.204605398910788105e-01 8.230276043470833303e-01 8.222580786530977459e-01 8.231743847037772399e-01 8.236479484773026050e-01 8.227813064507457641e-01
1.914572825438755994e-03 1.601665651035573679e-01 3.106215088572376604e-01 5.727817628727283061e-01 4.523085336950323776e-01 4.713051795303415115e-01 7.311202859420664613e-01 1.000000000000000000e+00 7.495848426927296249e-01 6.628519744784784340e-01 7.513344895090842135e-01 8.039203391293537893e-01 7.244344024607290988e-01 7.354012030202471406e-01 8.146522156648975388e-01 8.070980063482027234e-01 7.213960295481282037e-01 7.864013805857786865e-01 7.812280473634254374e-01 7.224295217798564206e-01 7.862250975374061035e-01 7.888096882722389624e-01 7.681136288979544258e-01 7.538098631209605438e-01 7.916938911978798066e-01 8.123280462808817326e-01 7.878486855438094905e-01 7.907544031708028109e-01 7.559169443356881235e-01 8.222959204346170781e-01 8.229108046394233433e-01 8.140886245286484968e-01 7.939923426076103130e-01 8.147135151274311760e-01 8.065457590064092352e-01 8.046304765163683204e-01 8.125462657587897430e-01 7.993118881174996471e-01 8.235539281057103755e-01 8.156594783741697441e-01 8.142401536764519721e-01 8.107502024119341844e-01 8.169676730198622838e-01 8.179481259759525669e-01 8.179221222319008611e-01 8.123676131518206001e-01 8.112972901570287831e-01 8.137544759042906195e-01 8.149433950772922985e-01 8.011346963734278237e-01 8.219216262862061306e-01 8.150956256647198250e-01 8.172188121429950769e-01 8.037714608490603707e-01 8.062085273615278158e-01 8.210605069035682435e-01 7.859088090968405771e-01 8.105467352940046721e-01 8.095246476348899600e-01 8.033265921198516901e-01 8.185179502329625878e-01 7.983212905368842760e-01 8.098113172587437791e-01 8.102455645230398629e-01 8.084192147515980587e-01 8.059896964479031922e-01 8.116883075213461307e-01 8.193869145271136523e-01 8.251349356564409154e-01 8.265485973684421062e-01 8.216601218754736591e-01 8.213082178377145715e-01 8.153772890874755319e-01 8.233010064965698982e-01 8.262625265584375711e-01 8.189734452439569878e-01 8.198409096536907192e-01 8.131767663196112217e-01 8.215016397453216435e-01 8.184274335777235176e-01 8.197329094222742807e-01 8.237851525111754558e-01 8.258938257201406952e-01 8.213538478893634975e-01 8.267401155999344331e-01 8.273961152557930410e-01 8.273408782444143794e-01 8.245209594902387362e-01 8.247615248163081558e-01 8.251550522127659715e-01 8.263257665710094235e-01 8.221334187053674913e-01 8.248304054586251821e-01 8.226806936340075316e-01 8.172033964915824678e-01 8.170593909436096869e-01 8.259465549209589197e-01 8.213130508882452441e-01 8.255499487925962443e-01 8.264872335088014887e-01 8.239019767672648431e-01 8.244820815731825903e-01 8.210719099051306813e-01 8.198670168596442487e-01 8.288347471551335000e-01 8.122471438412022238e-01 8.236521767685801576e-01 8.160296239223266967e-01 8.182301798920731395e-01 8.173300234313906065e-01 8.158470316510861853e-01 8.150650236088813338e-01 8.163886745625297259e-01 8.201669164817431135e-01 8.147441955323396767e-01 8.194499470443986633e-01
6.555911732685783255e-02 2.003607889070353199e-01 3.409413343673452501e-01 5.809129496155120975e-01 4.662313927581778206e-01 5.224723697212648732e-01 7.391265736211983794e-01 7.495848426927296249e-01 1.000000000000000000e+00 7.457129486158839970e-01 8.091994729345212134e-01 8.621026459967083833e-01 7.868164778880882837e-01 7.982461567158483096e-01 8.652796961654100061e-01 8.548051162274425963e-01 8.175943902714852829e-01 8.307883068703982854e-01 8.421291743678284147e-01 7.462354773836769040e-01 8.334723323328818712e-01 8.657152416944249307e-01 8.220799883263798513e-01 7.862146240104127548e-01 8.403667422108770380e-01 8.624990342607660176e-01 8.475331216425973091e-01 8.299841434704151588e-01 8.033670071968603832e-01 8.834305398536324017e-01 8.798944439103640880e-01 8.688985198581249403e-01 8.254366187772809171e-01 8.627259522844604733e-01 8.554736612028307485e-01 8.615508442643294851e-01 8.644959741506681450e-01 8.578133318789676887e-01 8.814984843407468462e-01 8.462239770837448605e-01 8.736899517379035363e-01 8.726396239854317116e-01 8.743395609773134680e-01 8.905076057355901797e-01 8.819384459294670187e-01 8.747264919829179641e-01 8.888707646398953388e-01 8.980724586777882879e-01 8.954396133510115208e-01 8.474987422410410476e-01 8.835518535564448328e-01 8.730912852826746562e-01 8.819742392086969973e-01 8.972980502336778130e-01 8.906103221685452986e-01 8.910397389741466778e-01 8.832411641549638981e-01 8.880875957345052418e-01 8.908322095593182999e-01 8.991261515151939276e-01 8.958164431341861800e-01 8.962187180290880351e-01 8.884105775413304595e-01 8.959670799421710630e-01 9.000486870924793159e-01 8.998292707250423739e-01 8.953746916168198178e-01 8.958670946120182998e-01 8.938054815079953253e-01 8.941074178327689248e-01 8.957591625506833299e-01 8.927956986845752008e-01 8.826814803442698532e-01 8.907487533276802205e-01 8.954496962912179558e-01 8.922527221657789998e-01 8.895696843162179679e-01 8.842226404448878530e-01 8.904946076744213457e-01 8.968475483732396558e-01 8.931757182434608699e-01 8.950886351516901263e-01 8.979246849560913457e-01 8.938009026910759269e-01 8.847755816658062766e-01 8.900455808084091203e-01 8.886253324243661433e-01 8.921921226243395564e-01 8.920849040184772871e-01 8.960372332318701227e-01 8.836466045437026962e-01 8.912166462760483521e-01 8.928660283164818745e-01 8.921475112297704291e-01 8.946845659003334061e-01 8.975858581030602412e-01 8.818419182046325355e-01 8.863626378718287846e-01 8.915318720600633462e-01 8.886046774049604080e-01 8.888282456683269661e-01 8.928471030891115268e-01 8.958335045567533683e-01 8.941557789486366259e-01 8.943075074408296521e-01 8.929456423191263204e-01 8.985575195987819397e-01 8.968614462091410999e-01 8.976141668892904102e-01 8.968555259115974509e-01 8.947088191436409765e-01 8.979041630140497388e-01 8.973163865266332584e-01 8.970605931992675641e-01 8.990671418086687572e-01 8.997331584352817879e-01
-7.408887065726957148e-03 1.953284628939931100e-01 3.138793539073712613e-01 5.162199776917980598e-01 3.953143027969137635e-01 4.656269184174190445e-01 6.758401394183962685e-01 6.628519744784784340e-01 7.457129486158839970e-01 1.000000000000000000e+00 7.342203757669799602e-01 7.813864275723549913e-01 7.214611882251159569e-01 7.243383275435681945e-01 7.951031730326572067e-01 7.806729189487052745e-01 7.385815030013178628e-01 7.584784121170352611e-01 7.654168223400658055e-01 6.582347157339489829e-01 7.436418519180044706e-01 7.766301082077073925e-01 7.449421433940539572e-01 7.194030130044104521e-01 7.698850818958288267e-01 7.900914827012193165e-01 7.767157620616311764e-01 7.568147875729818175e-01 7.393690071967583544e-01 8.088063869795920624e-01 8.097208393215986622e-01 7.997316274797392488e-01 7.642912440705378341e-01 7.886807502297924488e-01 7.894172610869512052e-01 7.680203710328615818e-01 7.915773039336619910e-01 7.953519725860387357e-01 8.083402396022064673e-01 7.651837533544935122e-01 8.106109898658542257e-01 7.996652935508498095e-01 7.982542558425502754e-01 8.162747650531725352e-01 8.070978736250178365e-01 8.112920808931458616e-01 8.248338677436456434e-01 8.338643164225743032e-01 8.239107568620192001e-01 7.750184804349059542e-01 8.054102385198714797e-01 7.801416620026935256e-01 7.981283389815159168e-01 8.301632524669841917e-01 8.227014060011738072e-01 8.186539723337598051e-01 8.015782109573711400e-01 8.185252609580693228e-01 8.166450315215999511e-01 8.255448278351688041e-01 8.206935626003226680e-01 8.245085681985956372e-01 8.145727125502194577e-01 8.183852345287263574e-01 8.145373646334557183e-01 8.228543253456537254e-01 8.220237598796741318e-01 8.228502873854496302e-01 8.207063801659438829e-01 8.162841651793277808e-01 8.164778808259962606e-01 8.220805413305669607e-01 8.075078070787101714e-01 8.153130254118556852e-01 8.195752835136127512e-01 8.191597238456633789e-01 8.161198631497540434e-01 8.113366911713661978e-01 8.126447367341445016e-01 8.237047367977158308e-01 8.182801413669267276e-01 8.239566953142700712e-01 8.229021926744896076e-01 8.189122564976007990e-01 8.108956006222997059e-01 8.151074012596618568e-01 8.142322467916539575e-01 8.184179510950221337e-01 8.178488468458842142e-01 8.203285651323858341e-01 8.072706326591282400e-01 8.200022299719960106e-01 8.218401572726734550e-01 8.221684815439457283e-01 8.246951814526554125e-01 8.292748094936542858e-01 8.039177912726591657e-01 8.089653536804649603e-01 8.165377047933707333e-01 8.150825159187152780e-01 8.131302308909524879e-01 8.148755333522027522e-01 8.162546807759741840e-01 8.197823107610687776e-01 8.145322488507406034e-01 8.198486734329157866e-01 8.237864413813429376e-01 8.275107875219900322e-01 8.263479957096412365e-01 8.226399901523787639e-01 8.222934522426472714e-01 8.275522809853256279e-01 8.253612465318226343e-01 8.223327290127779854e-01 8.228485824824346428e-01 8.243512057291577655e-01
-2.208449398115396468e-03 1.487517722350072402e-01 3.470868274633371886e-01 5.773647779538151337e-01 4.522882559967693061e-01 5.202781977351470521e-01 7.614952909427923355e-01 7.513344895090842135e-01 8.091994729345212134e-01 7.342203757669799602e-01 1.000000000000000000e+00 8.591118378714343029e-01 7.740946731203598441e-01 7.882867074918964434e-01 8.697646870602950830e-01 8.554883634730839903e-01 7.945368350470477514e-01 8.274014527775290784e-01 8.368268148777028292e-01 7.357025875638353307e-01 8.194683043775692344e-01 8.493426718754337745e-01 8.251349157151001146e-01 7.924875129015884756e-01 8.457971883013204462e-01 8.596817203974522759e-01 8.540519724752043684e-01 8.377948795005385474e-01 7.959146261070105810e-01 8.751501797617867728e-01 8.825388031388715637e-01 8.739337901718285950e-01 8.387692695792603459e-01 8.672346468780174344e-01 8.600947223073046599e-01 8.520322499293471186e-01 8.679140481533168527e-01 8.629372733484498292e-01 8.827648724011613046e-01 8.605639847916424223e-01 8.751083108918140674e-01 8.741644100199355005e-01 8.725918413730063827e-01 8.854777943239399152e-01 8.873029438132178370e-01 8.775151843043279554e-01 8.843051866404731953e-01 8.865425360351375517e-01 8.848389037573773930e-01 8.476567606192236815e-01 8.814823469060505401e-01 8.613778371593141525e-01 8.702688421357949178e-01 8.801171903787400330e-01 8.808111309550504808e-01 8.843395756596303947e-01 8.553770755644632962e-01 8.810282869651180349e-01 8.825262157921122119e-01 8.816761353426058045e-01 8.854664840283320570e-01 8.780586725698319439e-01 8.784397288622871613e-01 8.807612682195786746e-01 8.755624975958454792e-01 8.782190484264390529e-01 8.869638425055457187e-01 8.904564929961741315e-01 8.920087469449060613e-01 8.864819654248226044e-01 8.912257367920027873e-01 8.909569218022924675e-01 8.831149788708706483e-01 8.899394580012538469e-01 8.929615800377529444e-01 8.893912539388284522e-01 8.889572208013427623e-01 8.804646605602544085e-01 8.892095112312310423e-01 8.903072974150750829e-01 8.898640268185609159e-01 8.926102214419415759e-01 8.923410613219949772e-01 8.911145097377057844e-01 8.907409199343381268e-01 8.912299273745879491e-01 8.916720964233061375e-01 8.934440686265806564e-01 8.929813862352408149e-01 8.921676024468880861e-01 8.911817933539989411e-01 8.909677775265826272e-01 8.919663384965911268e-01 8.921520718842286257e-01 8.923238569436774403e-01 8.925730448429137764e-01 8.856233620411418928e-01 8.821482031638269161e-01 8.894212201152387198e-01 8.920605210133971674e-01 8.901044609819817044e-01 8.890377748933646629e-01 8.896124337513868774e-01 8.910481376909061835e-01 8.901179648998766014e-01 8.824477708566373924e-01 8.915636902879388037e-01 8.922508680107475998e-01 8.913600105199490642e-01 8.909952901535314052e-01 8.899953581878635722e-01 8.895346822972525214e-01 8.902516056202142147e-01 8.906163752795487332e-01 8.879409995619615970e-01 8.890730355444734778e-01
1.151986498472946409e-02 1.819003834020742616e-01 3.641168556362840980e-01 6.378304786506822088e-01 4.818262236616511762e-01 5.601614746560913405e-01 8.134332095305329968e-01 8.039203391293537893e-01 8.621026459967083833e-01 7.813864275723549913e-01 8.591118378714343029e-01 1.000000000000000000e+00 8.342360638463967026e-01 8.428792020101567584e-01 9.248169919072745104e-01 9.112148335202412408e-01 8.460879768370415110e-01 8.835095129718730789e-01 8.889376913636531929e-01 8.003901260517443106e-01 8.844163763077900198e-01 9.109319735201313328e-01 8.777415910061754367e-01 8.453589996849620869e-01 8.967228426859754631e-01 9.228955671990383136e-01 9.037993093320134674e-01 8.969090853386122442e-01 8.548262387379829130e-01 9.354715774147333018e-01 9.438659924251078248e-01 9.289397601470927857e-01 8.891213991647763937e-01 9.190289918040137618e-01 9.104786481238226203e-01 9.103159147572993382e-01 9.252116866478532486e-01 9.170477703653551194e-01 9.405172184200988328e-01 9.106966908979785558e-01 9.288201936560412930e-01 9.296152093674495687e-01 9.278397403263004550e-01 9.408605700005779893e-01 9.364190407824636297e-01 9.345911653926692875e-01 9.380361753486886611e-01 9.417110144667245608e-01 9.391770713454786756e-01 8.989487704171850169e-01 9.351944603027320113e-01 9.167302088530590032e-01 9.280600414631935413e-01 9.377324379479464733e-01 9.337961612404019895e-01 9.404008632918354760e-01 9.128917569652301722e-01 9.354850415280758780e-01 9.350576216232716620e-01 9.393134634745988754e-01 9.420039531564220470e-01 9.360441541828354861e-01 9.333315218514093292e-01 9.370986760867676679e-01 9.355330485744648428e-01 9.373803144263953557e-01 9.415505498377844118e-01 9.449105675946081195e-01 9.480676651784210041e-01 9.451546791296793204e-01 9.456125835661518542e-01 9.440993017399909037e-01 9.356530986777152892e-01 9.425093937120962995e-01 9.482943005380365387e-01 9.429823820130275314e-01 9.436223988475380686e-01 9.354209767636834094e-01 9.429303594017368617e-01 9.448863191697282060e-01 9.455567317000105332e-01 9.481395759785337107e-01 9.469487435048585811e-01 9.467515544243518821e-01 9.432032235863738734e-01 9.435416420083935218e-01 9.454241261476877822e-01 9.467857733021375344e-01 9.460751979040845638e-01 9.446587428668067332e-01 9.437753879290898817e-01 9.454687002289023923e-01 9.470124614519475070e-01 9.463998664731329002e-01 9.439155140703602287e-01 9.445157965050593463e-01 9.328681363600576093e-01 9.321167008427793110e-01 9.409920910521435422e-01 9.422090925674807549e-01 9.404634596674595892e-01 9.400967588801463215e-01 9.421182467651488812e-01 9.437340165087702015e-01 9.423391705348135305e-01 9.326088192574309987e-01 9.434866964165136149e-01 9.448147883278182890e-01 9.445634887167737581e-01 9.435458496438904330e-01 9.399274040635122729e-01 9.439086434011924043e-01 9.425038428374734600e-01 9.435681872061154607e-01 9.434121166799455116e-01 9.429768715458548556e-01
4.937734273326707668e-02 1.722831354768873946e-01 3.281884034420683993e-01 5.634870417645182483e-01 4.673586344412246629e-01 5.035854114399129777e-01 7.284233329724083550e-01 7.244344024607290988e-01 7.868164778880882837e-01 7.214611882251159569e-01 7.740946731203598441e-01 8.342360638463967026e-01 1.000000000000000000e+00 7.540597665251724813e-01 8.435866493647862230e-01 8.409653683404185731e-01 7.752112030762009498e-01 8.001203994480270421e-01 8.131092865325314500e-01 7.237153494337054127e-01 8.027607877899723965e-01 8.235592740609402052e-01 7.845747147248782749e-01 7.574295988388046741e-01 8.154290505425330071e-01 8.330860591033169005e-01 8.141152378324515437e-01 7.916455748183953700e-01 7.679670069971422652e-01 8.470923546828814654e-01 8.502837330285090145e-01 8.402343620028543958e-01 7.898081299487798024e-01 8.301062049418768130e-01 8.264699893676469289e-01 8.254403305703584826e-01 8.338781915457667004e-01 8.241285105689487578e-01 8.530571993846114420e-01 8.161541698365811781e-01 8.405263189746703389e-01 8.409095849212417928e-01 8.482216146573575699e-01 8.615829146777012060e-01 8.512887778076745349e-01 8.479123895499298680e-01 8.602740157115162933e-01 8.632238285455445803e-01 8.611016578395579435e-01 8.150291245915357585e-01 8.465961107141928288e-01 8.428498568472134744e-01 8.490144071388945335e-01 8.619668966587737957e-01 8.576852475138639909e-01 8.572633401390095109e-01 8.471603742197731934e-01 8.612714802096121947e-01 8.537841981483770271e-01 8.667638386643558013e-01 8.687102071000911696e-01 8.636081760632920989e-01 8.532643784919732299e-01 8.608570496742186107e-01 8.594862486857625106e-01 8.657459478569017319e-01 8.617852562897113655e-01 8.662852748449988427e-01 8.670793910010292649e-01 8.646283601509232586e-01 8.634496861050140470e-01 8.633294248291742967e-01 8.528580261016139863e-01 8.587368013293262825e-01 8.658989066172623206e-01 8.591657691268004271e-01 8.568318328936738171e-01 8.518319114848048601e-01 8.597363450167809784e-01 8.669889102292909211e-01 8.595862901054296401e-01 8.635527721790970945e-01 8.655669740758350494e-01 8.629199587510893998e-01 8.586524386402610842e-01 8.616096305459280957e-01 8.576325463654146386e-01 8.625256819113725770e-01 8.634058821220014224e-01 8.686071537608657245e-01 8.540324321015694276e-01 8.621048627864476011e-01 8.639122745867048314e-01 8.630943194375160221e-01 8.649160501735164708e-01 8.672031670874288389e-01 8.577977024177426690e-01 8.572886073535730400e-01 8.638692854568642554e-01 8.584598304206824126e-01 8.625698782787719621e-01 8.641974216012499044e-01 8.636599409990262100e-01 8.659646267831817568e-01 8.663431809574370090e-01 8.650223387505331374e-01 8.701679271419027195e-01 8.678635663054573568e-01 8.702375526177617004e-01 8.662774352818102264e-01 8.656275600447524976e-01 8.681604766645755200e-01 8.682422504014405407e-01 8.692587888918262840e-01 8.651818963709971833e-01 8.701706655235781351e-01
