1.000000000000000000e+00 2.219401134147584442e-01 2.623553379049912149e-01 -7.122361486206309385e-03 7.711513799233567223e-02 4.512495176800273428e-02 6.233928238046867326e-02 1.279893887416934939e-01 2.625800677649145487e-01 1.290422298710515170e-01 1.434018064235240697e-01 7.035259337661742274e-02 1.247898582469776085e-01 4.909485993999804926e-02 7.190474208547337209e-02 9.196330254171501684e-02 1.563756291496724293e-01 2.814478719234431159e-01 2.868010199454011921e-01 2.646602793312515800e-01 3.829256732348654824e-01 3.282634482771983886e-01 2.594064557679268690e-01 2.671247797616517761e-01 3.246526778868771279e-01 3.004104268205519124e-01 2.463334390689577158e-01 2.206630928243354661e-01 2.661774674362833437e-01 2.776268536994055958e-01 2.694031680062009548e-01 1.200809527565060847e-01 1.219402285995296459e-01 1.631742078320094214e-01 1.161048032166195620e-01 1.579370115625660653e-01 1.802198808588915957e-01 1.458827651120390145e-01 1.555765003624087484e-01 1.076932215102557461e-01 1.058985998945862206e-01 9.651874333689025587e-02 1.145180308272877728e-01 1.243002676351522007e-01 1.593970033099059713e-01 1.594028034239581559e-01 3.294379357207687792e-02 4.206497438261873334e-02 3.262431841262881244e-02 4.699052553035357876e-02 7.741772394036836036e-02 1.069178105159113157e-01 5.639070690016539933e-02 6.952526632047728583e-02 9.021392727645033416e-02 1.381862992478049001e-01 7.607192209479245182e-02 8.042849283343582456e-02 7.989440072865265641e-02 6.659816705864810005e-02 6.048162592883658123e-02 7.642367461936788731e-02 6.532248465016134154e-02 8.429535004134602882e-02 1.259782498555808428e-01 9.861346560750008927e-02 4.663078868186871367e-02 1.152833484242566237e-01 1.000268825409602463e-01 1.640845499260080442e-01 1.572666609897518109e-01 1.340646747937284944e-01 1.190099816907246172e-01 1.401745858526431410e-01 1.157155188038900412e-01 8.362832346733795053e-02 6.641065971806009438e-02 1.182336177044965159e-01 1.404926982830241033e-01 1.177050591304005522e-01 1.028570677630783192e-01 1.138677846565940288e-01 9.011402115867614415e-02 6.241944635142902126e-02 3.914233911619183909e-02 8.404331519740187995e-02 8.883387930908484553e-02 5.360818647874765475e-02 7.201295591239732785e-02 8.488557691358290802e-02 5.999511875556269580e-02 3.843772873093645459e-02 5.879728018678404694e-02 6.959623466585178331e-02 2.585835580140771403e-02 2.269894917028934464e-02 1.022085906278747021e-02 2.743563392199232370e-02 2.153334385676438853e-02 3.712138808384639332e-02 3.650931226206952790e-02 2.790283425288087385e-02 3.535520229183802821e-02 4.373618687508487590e-02 6.043107352672021787e-02 4.116476737763508781e-02 1.679943039388446732e-02 4.535190453922068043e-02 5.644924414648272437e-02 3.610913102081166753e-02 3.981282091198243972e-02 3.651976328108704622e-02 4.785680943392469494e-02 3.791876191058476953e-02 6.470388763545481536e-02 6.063930744489801766e-02
2.219401134147584442e-01 1.000000000000000000e+00 1.239270792795274662e-01 2.130033052000863264e-02 9.744978395862026466e-02 9.876888745691066174e-02 1.447733885977585400e-01 1.619662419600329528e-01 2.190520398678614811e-01 2.649662197391188245e-01 1.672196507540696653e-01 1.197100238113144866e-01 1.662086147466722286e-01 1.472410362156517660e-01 1.775752929399005697e-01 1.924198625085838943e-01 1.677369404235621864e-01 1.959659253327422912e-01 1.879940982494377466e-01 1.642014969237073074e-01 1.999334105813005136e-01 2.006809029569011082e-01 2.223088083844404206e-01 1.959589975305257026e-01 2.046798968832581611e-01 2.456991388099883100e-01 1.892648148137923148e-01 2.004763610560146014e-01 1.963998926877348339e-01 1.984348524633062494e-01 1.996074666181371637e-01 2.033595907423338123e-01 1.709956151521524192e-01 1.844751281751647320e-01 1.591254963228160291e-01 1.710286402787287996e-01 1.783170494157825248e-01 2.336006086001705950e-01 1.921257370056535241e-01 1.769601977423951311e-01 1.906502145841897089e-01 1.916664344498563155e-01 1.607793986295175115e-01 1.778505310639304227e-01 1.810144244788655932e-01 1.927669172912633289e-01 1.688225138645439993e-01 1.902326514888116049e-01 1.697190083908531044e-01 1.486804620903933449e-01 1.986647798991390546e-01 1.520482800926429845e-01 1.516826527383851320e-01 2.010817428031138054e-01 2.165045790483993149e-01 2.242538515647820585e-01 1.908970550450234116e-01 1.847625851372749206e-01 2.087975894849117275e-01 1.816722766257471700e-01 1.605772155492028452e-01 1.974580933815895667e-01 1.902074934800248585e-01 1.877552822367084540e-01 1.767318159313451265e-01 1.884251847816806047e-01 1.681191240076044258e-01 1.819725824117534863e-01 1.941319010620506103e-01 1.885578479052788525e-01 1.829979334644958322e-01 1.801770642168279979e-01 1.825694050270313396e-01 1.830603197174147656e-01 1.909389644135749964e-01 1.694217107176106130e-01 1.706780272201605664e-01 1.832094149994233645e-01 1.948797517829572445e-01 1.751286892990055466e-01 1.763317210917726696e-01 1.839129347486752331e-01 1.885864162603284044e-01 1.700720367384128684e-01 1.684419727868870509e-01 1.761807920708148012e-01 1.749983529326357978e-01 1.868030803305821275e-01 1.749573998555902787e-01 1.944193817905916777e-01 1.741370843335220964e-01 1.682702830227292834e-01 1.625774248383614062e-01 1.728468826519231338e-01 1.664187461638970689e-01 1.727326143414102955e-01 1.421981662345085384e-01 1.512282615857517276e-01 1.552561595105661496e-01 1.709927418212597028e-01 1.545804834840969200e-01 1.686425085437582572e-01 1.539222003072640010e-01 1.597107839909984728e-01 1.656605305586180410e-01 1.661596791781356219e-01 1.595894983489449248e-01 1.824347105221102994e-01 1.855516821751515277e-01 1.703732398853930741e-01 1.795381851573062404e-01 1.705354610086470823e-01 1.742566389998859711e-01 1.658882156639764349e-01 1.671776336334684365e-01 1.692507915777485550e-01
2.623553379049912149e-01 1.239270792795274662e-01 1.000000000000000000e+00 3.638636703773290848e-01 2.304712449026364851e-01 2.682492082797905963e-01 3.015386724607708735e-01 3.439804191833922831e-01 3.894785221432979783e-01 2.749345748092244524e-01 4.417784057352378557e-01 4.136807383902683655e-01 3.404940002289309486e-01 3.169147091396044558e-01 3.497440029525965555e-01 3.601069470818366591e-01 3.951017761114461457e-01 3.765713609636344161e-01 4.534715916308001971e-01 3.320387157463852712e-01 4.417733151730132146e-01 4.942403564310428044e-01 4.376219119019261750e-01 4.419887166662621047e-01 4.758101668816498431e-01 4.771937359342592888e-01 4.962425341579780325e-01 4.693565262344073785e-01 4.424395728696804975e-01 4.790209751370670399e-01 5.000992345218437940e-01 3.980910343425538844e-01 3.888219730899432069e-01 4.242547273406501174e-01 4.009338254663619150e-01 4.435734581217006811e-01 4.626073262303710965e-01 3.748200843485733902e-01 4.469377045735983267e-01 4.119100685276910201e-01 4.088990901141575929e-01 3.868091691084674655e-01 4.237747505027418260e-01 4.219894525329210833e-01 4.462320041462597420e-01 4.310158995992753317e-01 3.452104721223973050e-01 3.396146645123546137e-01 3.404679516112956716e-01 3.650100755264454322e-01 3.598643126008989057e-01 4.075294397934861590e-01 3.822956159548738797e-01 3.355620271789265252e-01 3.427908633598966692e-01 3.967468190279040408e-01 3.581506838273409987e-01 3.629934869698935862e-01 3.438885614431564930e-01 3.640543875143950059e-01 3.784961606330248252e-01 3.562510782404388898e-01 3.469901953135121619e-01 3.794425835550899184e-01 4.053644360306523087e-01 3.792008310168548668e-01 3.539830303493847752e-01 3.981458150256417805e-01 3.885963497147609247e-01 3.967713120952421346e-01 4.272235769150304341e-01 4.252297265237345858e-01 3.982810722688274740e-01 4.245078190472794666e-01 4.111841901786233988e-01 3.996125176680480617e-01 3.772012293806372152e-01 4.007912486769280025e-01 4.193544135490807068e-01 4.118121146114478992e-01 4.080982909368300326e-01 4.158050077860979687e-01 3.914636295949297518e-01 3.647367926854332976e-01 3.516792024742086964e-01 3.831128285528178634e-01 4.031050647661743591e-01 3.530966142698644394e-01 3.846262610781440716e-01 3.761864726808613613e-01 3.803137186712981510e-01 3.606028231198000755e-01 3.828953481552349603e-01 3.839630646355361998e-01 3.416738448215149715e-01 3.362976925917856574e-01 3.492044272331090715e-01 3.514238119125578375e-01 3.478662001156149763e-01 3.478569434322213993e-01 3.719686827731100709e-01 3.443676987210528284e-01 3.629133460246071752e-01 3.635859270017043343e-01 3.740382667384157811e-01 3.554883918772040463e-01 3.358183056138797640e-01 3.522136570373073927e-01 3.571455371033480652e-01 3.518879725121872304e-01 3.503908086136509614e-01 3.484255355108790697e-01 3.565890195164944099e-01 3.557011800005417945e-01 3.677075775324879503e-01 3.659377435281832014e-01
-7.122361486206309385e-03 2.130033052000863264e-02 3.638636703773290848e-01 1.000000000000000000e+00 3.183154843122056876e-01 3.694834357314452644e-01 4.513847215589674722e-01 5.093185882815595145e-01 4.619920215611366121e-01 3.831646564459046389e-01 5.650583295146761609e-01 6.457495248253607434e-01 4.802301995913876853e-01 4.774588311573922383e-01 5.235296304567823578e-01 5.358211143691653522e-01 4.792317825668221398e-01 3.768057634350505114e-01 4.622949557226923578e-01 3.571836048676655939e-01 3.946259138633338437e-01 4.955919735025244299e-01 4.364036654372284718e-01 4.446365938190706690e-01 4.517359706612913417e-01 5.393187249040435338e-01 5.779102530047837138e-01 5.551523331301843056e-01 5.197351680042149313e-01 5.087818380611318636e-01 5.565059922280319871e-01 5.451044150696157109e-01 5.242469167590205759e-01 5.510971642253782443e-01 5.093033082268092482e-01 5.610084795216263576e-01 5.760416284816900490e-01 5.179150779883532341e-01 5.810374339496996443e-01 5.772755306952919163e-01 5.652709269653927171e-01 5.648265712150507545e-01 6.116481809419509474e-01 5.908828482371782931e-01 5.837030897501773730e-01 5.728323867504434563e-01 5.469728540557067253e-01 5.327173601856353136e-01 5.524490675105813153e-01 5.997012289112086947e-01 5.515651130923946432e-01 5.883440117360612120e-01 6.052994903989007414e-01 4.966919661182733758e-01 4.886954709620598969e-01 5.174241144079162469e-01 5.260076713610363219e-01 5.496987742268978350e-01 5.087735344710551111e-01 5.450578980846402244e-01 5.831488098900963202e-01 5.284957731745850706e-01 5.278569766351226544e-01 5.538448202522900932e-01 5.493263584098196928e-01 5.495662069552642581e-01 5.468709395636771609e-01 5.495486516804687360e-01 5.453962403812313564e-01 5.286819718460699091e-01 5.545472766109080798e-01 5.654124770313263548e-01 5.410181085724227179e-01 5.523052807688634269e-01 5.739327352180058073e-01 5.824406078233902440e-01 5.700274661406670162e-01 5.697900445203717412e-01 5.752902858574628908e-01 5.604687478522442090e-01 5.728787744150406480e-01 5.741954721942285067e-01 5.482532359060460214e-01 5.412884244709874615e-01 5.530432273818756128e-01 5.606416625535394216e-01 5.710793512473554268e-01 5.488028602166779013e-01 5.677008885239454017e-01 5.387214069767644053e-01 5.704097065225643970e-01 5.667088845042200784e-01 5.762243001930230646e-01 5.710454429626469208e-01 5.465574689980328138e-01 5.392656610021384633e-01 5.792325448872985838e-01 5.696518327169229901e-01 5.666101344917152671e-01 5.566793109196001010e-01 5.835929042704831593e-01 5.533867877427771642e-01 5.751379541136040219e-01 5.680305461312773474e-01 5.662468577808914549e-01 5.489571320798765086e-01 5.521707539058887670e-01 5.390406024728301437e-01 5.424997307681067582e-01 5.557277188746462260e-01 5.435459618892061195e-01 5.481669918849308987e-01 5.481095321008911947e-01 5.574265335569530411e-01 5.439124656236780098e-01 5.570761107320559846e-01
7.711513799233567223e-02 9.744978395862026466e-02 2.304712449026364851e-01 3.183154843122056876e-01 1.000000000000000000e+00 2.598155182665056184e-01 4.644311859779776674e-01 5.073211067789773487e-01 4.426676929019208173e-01 4.052937196287004773e-01 4.117313325436070537e-01 4.631087498483519305e-01 5.084415970674458496e-01 4.252964119498179874e-01 5.116749427547048201e-01 5.074096255360281971e-01 4.046036422063216675e-01 3.139475300211787001e-01 3.944066133798902474e-01 2.712269182043759441e-01 3.564545643570771194e-01 4.184050115333666220e-01 3.480909919390846596e-01 3.651209589812857703e-01 3.911886456775491849e-01 4.464263220115013975e-01 4.587506611216806696e-01 4.383768168410932531e-01 4.067787430420345407e-01 3.797841513538808278e-01 4.313123564657658782e-01 4.171721678699563673e-01 3.973995803670898885e-01 4.182938111832488204e-01 3.921252261003027040e-01 4.383908306872075222e-01 4.555640691856924773e-01 4.333367006454950654e-01 4.485392209367920491e-01 4.405422758742298939e-01 4.673442837518230197e-01 4.632702001415837101e-01 4.599998199829873902e-01 4.837891517492983184e-01 4.648624368584237110e-01 4.531848856251222135e-01 4.712458010278003928e-01 4.677784192349903059e-01 4.576515969373841086e-01 4.505510644232109119e-01 4.584862106577143881e-01 4.885935210262108974e-01 4.772156709947333875e-01 4.636891759244444744e-01 4.567700371995774833e-01 4.620073106057393519e-01 4.577422728240387317e-01 4.769589263311247995e-01 4.508664638588602003e-01 4.751412464609229835e-01 4.848170171742304801e-01 4.607857802542787984e-01 4.610075251001805041e-01 4.685483583214218872e-01 4.804226211709305971e-01 4.828613528313903114e-01 4.641303045459119758e-01 4.698961677061965214e-01 4.499057897959122254e-01 4.476927672651478951e-01 4.838605951050067855e-01 4.794536772614211850e-01 4.633341732219489750e-01 4.686562048906841027e-01 4.836850152643713541e-01 4.811183976720425082e-01 4.769251616377898073e-01 4.664214989959046265e-01 4.740985564650333495e-01 4.738003747444535230e-01 4.775367827462150272e-01 4.757286468960241765e-01 4.606290293007490599e-01 4.551183574767619366e-01 4.535280777730080204e-01 4.638907896443707490e-01 4.762039536726708211e-01 4.583238135687787151e-01 4.697510928369330596e-01 4.650430777002224625e-01 4.650950334772889772e-01 4.732226330845847317e-01 4.766518732411008652e-01 4.779121505264283254e-01 4.695212402002772456e-01 4.668849734364132753e-01 4.626198421684873385e-01 4.680975435302666132e-01 4.710405337506519685e-01 4.619379164555906803e-01 4.734822129794126200e-01 4.652855103743256948e-01 4.811369212714216581e-01 4.776259251636356118e-01 4.784102654488741058e-01 4.652528397276675109e-01 4.629791926843946914e-01 4.708121924171732031e-01 4.695565146786962463e-01 4.711640999208970282e-01 4.630762966275989156e-01 4.710842943048636489e-01 4.667718654484348528e-01 4.694839582449207294e-01 4.713601174943215510e-01 4.768914172070203850e-01
4.512495176800273428e-02 9.876888745691066174e-02 2.682492082797905963e-01 3.694834357314452644e-01 2.598155182665056184e-01 1.000000000000000000e+00 4.666325205504361917e-01 4.511071954448284682e-01 5.084364198390530776e-01 4.619523032758038328e-01 5.235788324385218795e-01 5.529816125664147597e-01 4.910946335928943474e-01 5.171545817267241274e-01 5.546526408260926688e-01 5.496197125304661535e-01 4.954636680993468878e-01 3.762514521428099723e-01 4.355848079337839573e-01 3.342819816188620785e-01 3.846346037995870271e-01 4.682257961724729523e-01 4.480856803816001821e-01 4.313636065304215506e-01 4.493268786525830838e-01 5.243942380804104131e-01 5.357357622100549221e-01 5.447950084442170215e-01 5.068699353955360420e-01 4.710997413415703994e-01 5.268037266703471388e-01 5.500099358643317782e-01 5.293174127443341925e-01 5.320564275887451622e-01 5.206577722287299981e-01 5.435108610215723113e-01 5.593606840565035210e-01 5.518633556958055797e-01 5.641911825292587057e-01 5.727395616224775221e-01 5.814425125395666916e-01 5.901847763529143309e-01 5.727202547496771379e-01 5.870019000890812633e-01 5.836308970110160033e-01 5.778821113758448869e-01 5.824071839536021367e-01 5.746460166216782461e-01 5.701438243870814437e-01 5.570282021382877424e-01 5.723295397000771612e-01 5.705691527976545219e-01 5.834176895145607444e-01 5.530564153576112973e-01 5.483577564825755646e-01 5.669864930066236264e-01 5.571788554108164648e-01 5.804867177305784720e-01 5.607629356912499086e-01 5.786340817826840510e-01 5.798043825422672937e-01 5.681856627758802292e-01 5.577442233354273915e-01 5.752890193809172548e-01 5.782561995066187732e-01 5.767308733357847661e-01 5.824790797871941539e-01 5.752815998720925972e-01 5.749622492284216513e-01 5.472000419767617529e-01 5.695595300559315177e-01 5.806527833158354746e-01 5.647996558316012994e-01 5.744108603625239784e-01 5.896823582804989750e-01 5.936132820101522878e-01 5.873491521862355125e-01 5.860434813460642101e-01 5.879222261014093176e-01 5.790799238324240150e-01 5.867917402796043458e-01 5.873211933275114260e-01 5.814700141872278794e-01 5.787047581227532378e-01 5.780386129259921235e-01 5.750611017917534040e-01 5.889978439850608316e-01 5.853561493992351927e-01 5.876587090262866964e-01 5.832563901804249662e-01 5.924902297909612203e-01 5.932258666967907823e-01 5.923466428244064108e-01 5.914231841134524048e-01 5.827406134925112724e-01 5.815488916409548015e-01 5.854543594185770417e-01 5.811616578878281425e-01 5.834433368132236897e-01 5.830690792520331067e-01 5.895212028834727613e-01 5.854413469555553862e-01 5.865668297637779416e-01 5.886921855170859086e-01 5.852511968015410293e-01 5.806890113214824289e-01 5.802923961751309534e-01 5.807897960146721772e-01 5.824729667452620552e-01 5.895031068228401283e-01 5.854654690224365687e-01 5.831553166512999375e-01 5.835411433584484220e-01 5.846143099128144893e-01 5.821002587645808246e-01 5.840855057897379465e-01
6.233928238046867326e-02 1.447733885977585400e-01 3.015386724607708735e-01 4.513847215589674722e-01 4.644311859779776674e-01 4.666325205504361917e-01 1.000000000000000000e+00 6.705217810674554135e-01 6.345014833153942435e-01 5.813751481423442558e-01 6.325877370093834218e-01 6.929890314779187932e-01 6.912279169210040486e-01 6.196446694969812707e-01 8.374406236988500840e-01 7.576890890925339628e-01 6.130551817958470595e-01 4.563945489302085323e-01 5.392406366059289136e-01 3.508564565560378656e-01 4.346435047123422546e-01 5.390902982908019059e-01 5.136003556869327413e-01 5.238307574255463006e-01 5.108144596471230203e-01 6.359131528299496461e-01 6.544940833081596132e-01 6.691528775711657051e-01 6.033950603457126638e-01 5.762406703577865885e-01 6.291519358048346389e-01 6.643106222247622261e-01 6.445871103992272255e-01 6.624355871196693224e-01 6.230479839420703936e-01 6.588164019337344746e-01 6.743285351953960394e-01 7.026512150577468585e-01 7.115139238901311280e-01 6.881900306712325222e-01 7.162144908285804634e-01 7.367586104814514147e-01 7.253511655396812641e-01 7.440705082273816329e-01 7.031905483130480583e-01 7.137244149002165416e-01 7.241014163359794642e-01 7.146440588076459210e-01 7.081036379893237420e-01 6.955514359675956104e-01 7.111147136621431830e-01 7.104468550222829970e-01 7.229893427116795834e-01 6.956014733699679153e-01 6.826681096226342449e-01 6.948045903400055234e-01 6.786770107036587119e-01 7.335459822047681877e-01 6.889239944661413872e-01 7.297679320239610634e-01 7.323914752032021358e-01 7.087023502183213974e-01 6.987189912661471158e-01 7.142596892322721214e-01 7.137133231892014429e-01 7.130743478480831010e-01 7.243466208071901447e-01 7.118722263897392377e-01 7.062065857793875523e-01 6.557812113584781111e-01 6.935937431936936015e-01 7.071906798163921648e-01 7.027766394048234888e-01 6.974331716913003687e-01 7.292921566976811043e-01 7.327124358258579884e-01 7.425727028209467839e-01 7.139805163547103817e-01 7.264533428762838252e-01 7.265088199189868590e-01 7.277134728283950471e-01 7.291409990183782552e-01 7.091797448344216992e-01 7.188456605502502317e-01 7.247536925972934974e-01 7.267985451301938182e-01 7.287339698438817237e-01 7.350095906264016987e-01 7.370912908118255613e-01 7.186730262741360953e-01 7.302522500514803117e-01 7.410984223534921034e-01 7.362629057456395731e-01 7.413416657494860118e-01 7.281383142046159440e-01 7.244888045466734150e-01 7.246131295352823409e-01 7.194516952479278471e-01 7.274046981612891649e-01 7.270052251308505298e-01 7.429780400553526176e-01 7.268993092901300246e-01 7.378496665420702927e-01 7.421139652045730672e-01 7.277738556256970748e-01 7.134716707384668455e-01 7.214676918006081019e-01 7.254175607831628847e-01 7.252629376388585181e-01 7.332013836126577422e-01 7.262120065362601684e-01 7.313874724943939531e-01 7.289271148900083874e-01 7.315839255352875048e-01 7.210287507425158227e-01 7.251945789440689127e-01
1.279893887416934939e-01 1.619662419600329528e-01 3.439804191833922831e-01 5.093185882815595145e-01 5.073211067789773487e-01 4.511071954448284682e-01 6.705217810674554135e-01 1.000000000000000000e+00 6.807407247389906102e-01 5.994840787723458853e-01 6.773690475614543294e-01 7.405114021874587005e-01 7.283866857413000551e-01 6.489413202079926668e-01 7.503410987843787128e-01 7.874007282003300245e-01 6.582689454176748889e-01 5.344464800283539319e-01 6.086272112767255882e-01 4.535043843538109076e-01 5.492326694431604039e-01 6.403337791962288028e-01 5.922878648919929212e-01 5.995203660740671125e-01 6.027950127651044987e-01 6.947173358155611655e-01 7.158856551416018510e-01 7.055521693070855305e-01 6.585282236007455881e-01 6.265936772316609282e-01 6.779306073968568436e-01 7.119635068329228655e-01 6.766205247743712903e-01 7.248002383693844530e-01 6.618317659423722521e-01 7.141806308743733345e-01 7.253536743678462573e-01 7.289403815246555673e-01 7.438849445423633133e-01 7.220539048710233887e-01 7.493802342834399166e-01 7.480880490309081976e-01 7.533908022533533089e-01 7.680450940142443672e-01 7.467974074027433629e-01 7.390895892646768273e-01 7.555600011458949439e-01 7.518803343731338407e-01 7.453667360108759965e-01 7.410026464425369941e-01 7.440656214658757373e-01 7.635944040221759321e-01 7.591513732872571252e-01 7.435705602842868078e-01 7.278055200153886739e-01 7.401078843227854032e-01 7.453646370869682070e-01 7.593377718828642209e-01 7.342658222234642595e-01 7.588768936468761606e-01 7.717289882237399201e-01 7.496361962956090697e-01 7.435929096883976408e-01 7.586933391170215257e-01 7.632547454874000215e-01 7.678702251638271914e-01 7.528429979006721062e-01 7.557390974983314580e-01 7.485653106466388929e-01 7.217731516835304006e-01 7.619722795609904509e-01 7.643004856568826888e-01 7.475947689617186143e-01 7.534541464453650139e-01 7.656609159001956932e-01 7.673289148530357817e-01 7.641919447018137301e-01 7.578864965055774894e-01 7.635042439852057772e-01 7.576305607913050855e-01 7.652043243627931757e-01 7.619393549460929949e-01 7.541297530577049102e-01 7.459620209734373342e-01 7.518655553264719238e-01 7.686189838231628491e-01 7.653081415296194567e-01 7.549347565115224201e-01 7.648008987259460323e-01 7.517342420572676875e-01 7.561452660232500511e-01 7.599716614026783557e-01 7.631851626031491698e-01 7.631082693793951321e-01 7.542897494696187977e-01 7.528278143567710412e-01 7.528128562747584684e-01 7.593436119038080578e-01 7.575361500800587011e-01 7.520002086492659776e-01 7.667418453262316858e-01 7.551699622175942483e-01 7.653208475041622938e-01 7.610092306160995967e-01 7.669745515025492288e-01 7.561377783684618548e-01 7.530674735595662694e-01 7.557327064020481489e-01 7.582635381246723982e-01 7.577757431064169324e-01 7.541544949044233226e-01 7.579591392127450478e-01 7.571908025768372408e-01 7.614046327041689155e-01 7.561327880189634421e-01 7.643340848145088184e-01
2.625800677649145487e-01 2.190520398678614811e-01 3.894785221432979783e-01 4.619920215611366121e-01 4.426676929019208173e-01 5.084364198390530776e-01 6.345014833153942435e-01 6.807407247389906102e-01 1.000000000000000000e+00 7.287006052786932919e-01 7.856309189794929981e-01 7.946616661668008952e-01 7.649228959943186190e-01 7.253042693070352875e-01 8.075737014780004497e-01 8.116323728494846401e-01 7.723104622129149943e-01 6.891499147955525428e-01 7.378736083485809560e-01 6.074608795041667175e-01 7.003989295171870744e-01 7.651521378259730222e-01 7.234868963899619976e-01 7.321309060965652815e-01 7.379697836756869966e-01 8.285315981498772020e-01 8.301165271170283244e-01 8.316679719899386924e-01 7.768224744354844669e-01 7.641496476728526499e-01 8.145020984724871127e-01 8.260031512616092808e-01 7.870898037005007453e-01 8.340182916054909024e-01 7.739410313163099797e-01 8.192152584963434681e-01 8.464103333460454293e-01 8.457076523844543336e-01 8.537427763086594679e-01 8.146211630355139066e-01 8.576934566655863845e-01 8.531880207736008970e-01 8.332968460044956061e-01 8.614332509157638373e-01 8.641004490551219552e-01 8.597254023609047779e-01 8.465019427671029995e-01 8.490983073694059469e-01 8.292938801210525401e-01 8.019567161586325099e-01 8.419647132960229596e-01 8.381716968496005782e-01 8.371808878789350761e-01 8.382122044836897157e-01 8.236388929680916737e-01 8.539604919863252874e-01 8.336648812402758235e-01 8.550735731096169578e-01 8.334242461477558983e-01 8.596691989324817262e-01 8.510524776597476748e-01 8.524723999233603244e-01 8.256771837335857844e-01 8.515112735234304786e-01 8.665311525766199452e-01 8.674434406309915468e-01 8.492828440547640634e-01 8.714243927044851290e-01 8.555373955505577444e-01 8.612378618777768446e-01 8.692862540873202981e-01 8.720879342118172950e-01 8.635042783113391351e-01 8.639821846839059738e-01 8.698930198487674348e-01 8.614177609005350122e-01 8.506196304714537249e-01 8.569983093914462779e-01 8.683067626847096321e-01 8.583845911500810333e-01 8.680419136069734698e-01 8.699709974211947694e-01 8.510678811454532866e-01 8.463494860537525977e-01 8.447847828034903417e-01 8.620587754345422349e-01 8.630538139069814374e-01 8.514480357803125843e-01 8.596519836117582081e-01 8.579878224414555499e-01 8.518022874439490355e-01 8.482386758180572306e-01 8.563595567407416009e-01 8.603747446518801301e-01 8.462770550613868403e-01 8.440361261019134753e-01 8.281488598768300680e-01 8.370577534192737978e-01 8.397609448752154648e-01 8.444608098495413051e-01 8.448755317275793431e-01 8.415472719855259243e-01 8.481178621099924042e-01 8.511433020187220144e-01 8.586039049188006755e-01 8.447481781970123116e-01 8.363403249907328529e-01 8.499470102686575990e-01 8.509485764724227241e-01 8.481032572493369948e-01 8.477256680469030803e-01 8.520612912223949342e-01 8.550815680570580390e-01 8.479924834640640841e-01 8.582519582367453825e-01 8.607077378873307927e-01
1.290422298710515170e-01 2.649662197391188245e-01 2.749345748092244524e-01 3.831646564459046389e-01 4.052937196287004773e-01 4.619523032758038328e-01 5.813751481423442558e-01 5.994840787723458853e-01 7.287006052786932919e-01 1.000000000000000000e+00 6.818987367302556946e-01 7.078984975790265644e-01 6.869506638351425831e-01 6.635275388336512314e-01 7.392514696718154310e-01 7.424923535429385213e-01 6.777283113320564656e-01 5.710541678131998422e-01 6.021234788624244549e-01 5.035884872165686810e-01 5.416054875431851601e-01 6.044282941763660100e-01 6.271097018764247855e-01 5.850172297543692057e-01 5.876774509553005510e-01 7.158412108097664817e-01 6.954259186598055198e-01 7.176573583169892911e-01 6.480043825092332010e-01 6.266609192644423398e-01 6.793045443968672714e-01 7.403465407200886528e-01 6.946800514663704629e-01 7.136978321519265034e-01 6.652782872620550680e-01 7.111813062891966242e-01 7.207248377055831545e-01 7.796920766691937121e-01 7.534312618488262503e-01 7.488519469491664582e-01 7.810864070614957910e-01 7.838321690271147224e-01 7.383227304852125750e-01 7.677021610575629484e-01 7.573045988355506797e-01 7.611978037291314836e-01 7.851535014562494030e-01 7.955529667509022573e-01 7.744254681039847155e-01 7.304469800454390649e-01 7.864978161135663948e-01 7.426089050728390539e-01 7.541441763075429350e-01 7.802957328081837618e-01 7.745779404251564859e-01 7.955932394290587961e-01 7.611065907346143966e-01 7.885498354986844038e-01 7.747276663345605829e-01 7.861645491484477999e-01 7.704603379939103380e-01 7.807002479442047838e-01 7.637349597471686513e-01 7.768003732846955334e-01 7.695961955128380882e-01 7.833100120284720580e-01 7.876983488045605775e-01 7.768668236036460062e-01 7.780911606662580526e-01 7.614914226986683188e-01 7.589660093380450334e-01 7.715386479143474530e-01 7.678633763548421420e-01 7.567723919100253216e-01 7.880376081914060027e-01 7.789749480324192898e-01 7.821906714229849289e-01 7.700946038032290275e-01 7.745980172268551733e-01 7.693622197232594662e-01 7.770615952344510635e-01 7.826959232663313060e-01 7.847884102576779819e-01 7.704601416214055254e-01 7.811165643443428452e-01 7.746918734207796087e-01 7.772484730552533527e-01 7.952876804359096941e-01 7.850839483045636280e-01 7.942371806969333869e-01 7.854092193507022923e-01 7.872718245033408779e-01 7.820587361136212001e-01 7.863622637575770069e-01 7.883229479502941173e-01 7.921485928795448661e-01 7.677975495509112847e-01 7.698123003972187073e-01 7.763396105237059253e-01 7.880352848841510882e-01 7.758001905879721161e-01 7.838754799528930839e-01 7.772297783669254168e-01 7.851321289706449935e-01 7.873331225777174813e-01 7.778672738169045697e-01 7.802272181270470952e-01 7.933061181737617318e-01 7.919353613899523525e-01 7.895023939975047700e-01 7.889813339345606025e-01 7.902323022934225616e-01 7.877692887087272000e-01 7.849076088472120016e-01 7.861894535747339097e-01 7.888491603008256359e-01
1.434018064235240697e-01 1.672196507540696653e-01 4.417784057352378557e-01 5.650583295146761609e-01 4.117313325436070537e-01 5.235788324385218795e-01 6.325877370093834218e-01 6.773690475614543294e-01 7.856309189794929981e-01 6.818987367302556946e-01 1.000000000000000000e+00 8.495692437313187018e-01 7.465965376046610480e-01 7.381788544522474016e-01 7.950241639668789162e-01 7.911979891851896873e-01 7.757465497087780992e-01 6.434688897278132425e-01 7.355804685152038669e-01 5.622212821773259206e-01 6.539482373693360495e-01 7.767966891080878566e-01 7.326545312812765554e-01 7.284894656114972999e-01 7.479717519578820140e-01 8.206156667942589023e-01 8.462285077805722366e-01 8.430319401419066327e-01 7.778375596372294476e-01 7.842166283045320929e-01 8.443724581129838924e-01 8.382188354117389162e-01 7.955610143321524275e-01 8.320352298596335183e-01 7.837458612583000361e-01 8.475887044481602572e-01 8.628220719041219677e-01 8.317435952455876080e-01 8.692338618651921367e-01 8.438140439282223459e-01 8.703709451360438498e-01 8.575903252283838540e-01 8.612815921535567076e-01 8.754821251341966537e-01 8.810416631533352083e-01 8.761842867211733221e-01 8.533892433579786108e-01 8.468653379924798719e-01 8.397226399279040798e-01 8.233743370966900565e-01 8.437777847592359270e-01 8.535022758555100841e-01 8.542487749779736905e-01 8.261463806040939550e-01 8.165967751742151393e-01 8.506124794101991293e-01 8.372518216623293652e-01 8.500927601640191345e-01 8.310959487687435976e-01 8.549880348834510979e-01 8.604939890808297465e-01 8.459569118542965560e-01 8.303643183420424956e-01 8.557593977180841804e-01 8.712563430543824872e-01 8.626918146676785248e-01 8.575999841069317231e-01 8.721392228626111409e-01 8.641990710419111821e-01 8.401107697104798211e-01 8.721050268397453342e-01 8.850156215818044680e-01 8.641110756054547481e-01 8.766944445783740880e-01 8.805419041857832640e-01 8.799735852952766946e-01 8.637286557629363370e-01 8.676491171734727059e-01 8.785700297088230304e-01 8.706691747751011956e-01 8.793189780138574996e-01 8.902797382143391447e-01 8.671951309255506724e-01 8.508369214083121301e-01 8.501785512101167619e-01 8.668824342541242567e-01 8.816805200674875387e-01 8.535787670499750401e-01 8.717900274910165281e-01 8.623298340993378330e-01 8.703854669051043214e-01 8.614959293743326141e-01 8.733270398272090507e-01 8.731923619088218791e-01 8.518729861763965072e-01 8.492655893395425482e-01 8.480965832660748438e-01 8.486622069226029685e-01 8.535603375502848200e-01 8.505144527277246347e-01 8.639116404401763205e-01 8.486019457303231039e-01 8.605135911715634522e-01 8.608164326041308767e-01 8.675342006622426272e-01 8.538050797255190005e-01 8.459581106518577753e-01 8.564568965505365838e-01 8.563102986184418786e-01 8.546836600383727056e-01 8.536861824809947041e-01 8.552908867888562305e-01 8.580146565203466968e-01 8.586322797684624586e-01 8.635678188125356369e-01 8.627711449849769787e-01
7.035259337661742274e-02 1.197100238113144866e-01 4.136807383902683655e-01 6.457495248253607434e-01 4.631087498483519305e-01 5.529816125664147597e-01 6.929890314779187932e-01 7.405114021874587005e-01 7.946616661668008952e-01 7.078984975790265644e-01 8.495692437313187018e-01 1.000000000000000000e+00 7.953887152211154277e-01 7.790564377933992812e-01 8.515306556979994612e-01 8.566623921052942681e-01 7.784598199608750990e-01 6.094288980822081259e-01 6.980837131606181245e-01 5.517244708461614966e-01 6.199001996663148217e-01 7.426883519409098744e-01 6.982436750583781437e-01 6.818396120403021898e-01 6.968326276963251464e-01 8.280934241838109333e-01 8.536065855352172882e-01 8.514222385871288434e-01 7.710983826715354095e-01 7.692650375539220597e-01 8.347392395936795717e-01 8.603210316879497110e-01 8.168258143328603893e-01 8.514385431315359964e-01 7.992376598314876457e-01 8.562519197468937415e-01 8.814239901083945616e-01 8.709255447970378761e-01 8.928398138309912024e-01 8.868836548955651988e-01 9.093194320585881174e-01 9.059734538154194938e-01 9.041671218954664413e-01 9.237857741107562415e-01 9.087946963685413770e-01 9.049487582749387027e-01 9.085484426977724626e-01 9.006535144476577326e-01 9.047843655878606839e-01 8.951605864126215284e-01 9.014862125906455415e-01 8.976941810625019835e-01 9.175524066059185246e-01 8.759337474481377894e-01 8.672979394943105547e-01 8.842033642342852495e-01 8.863276609409976858e-01 9.051565716369686099e-01 8.821853335273776020e-01 9.105255790997004439e-01 9.230960729263710807e-01 9.001100557714559747e-01 8.885033221805832548e-01 9.056601728554943831e-01 9.003499099848022436e-01 9.108032412602046213e-01 9.067341902488470495e-01 9.011195830010714225e-01 8.978854700204277339e-01 8.685895682793968176e-01 8.941030342213531767e-01 9.094641297890778686e-01 8.872065280840418788e-01 8.921533376826519257e-01 9.232998543528800894e-01 9.245512408255435188e-01 9.129083553588269728e-01 9.031239019375261190e-01 9.112856874625135939e-01 9.005825899457328143e-01 9.163113737102251966e-01 9.198389372720162660e-01 9.009789498787755813e-01 8.938420233771879886e-01 9.049112058169969108e-01 9.097076843922408118e-01 9.172870979062772712e-01 9.079168304441799231e-01 9.161048098377969628e-01 9.014735507791047375e-01 9.171403891458372870e-01 9.179713374162240536e-01 9.216892588614210569e-01 9.214970379870047745e-01 9.102853332171640943e-01 9.059422343244990516e-01 9.136295383610603116e-01 9.121512609760268342e-01 9.163363499801457923e-01 9.099445591982622261e-01 9.201942207860620560e-01 9.096187031015587898e-01 9.203845290032840465e-01 9.184644549305890360e-01 9.165720928576767124e-01 9.065499294458045920e-01 9.075323603513533177e-01 9.077721527093552956e-01 9.075989304546329128e-01 9.131521885165324592e-01 9.068839032305877623e-01 9.117481572153939284e-01 9.113552664148757421e-01 9.129995837204786246e-01 9.081007665488811664e-01 9.159796208199117995e-01
1.247898582469776085e-01 1.662086147466722286e-01 3.404940002289309486e-01 4.802301995913876853e-01 5.084415970674458496e-01 4.910946335928943474e-01 6.912279169210040486e-01 7.283866857413000551e-01 7.649228959943186190e-01 6.869506638351425831e-01 7.465965376046610480e-01 7.953887152211154277e-01 1.000000000000000000e+00 7.117745538417892259e-01 8.301668992087666288e-01 8.398164045387838117e-01 7.211343300435668624e-01 5.957550496414001362e-01 6.645523687377924427e-01 5.069534270357397565e-01 6.077555035134885042e-01 6.960457221313972598e-01 6.617600376511194593e-01 6.537784616196109511e-01 6.654858281197756353e-01 7.656096974116276543e-01 7.774046467944463190e-01 7.801668206821702478e-01 7.183562159685981108e-01 6.922962627282754910e-01 7.486939015090623428e-01 7.790772644565172600e-01 7.430701597954790794e-01 7.772716838972918429e-01 7.300947171458865848e-01 7.784813386783117073e-01 7.941336952715767339e-01 8.081550451126263690e-01 8.159286176049834749e-01 7.893904346050231169e-01 8.337635613268489232e-01 8.342701375444961931e-01 8.130366885167307212e-01 8.444752803914464812e-01 8.251635354105273379e-01 8.252118715312638519e-01 8.394866963100984236e-01 8.364212037542297917e-01 8.228407139451102692e-01 7.945820383588649838e-01 8.234592171165223684e-01 8.294484510440465197e-01 8.342894880115391265e-01 8.227920553844471074e-01 8.066320166391351965e-01 8.275638805979130819e-01 8.212012684198911616e-01 8.470027871980889689e-01 8.173713099003548921e-01 8.503302207593109729e-01 8.481866907294358660e-01 8.331987089338045438e-01 8.183659540766939910e-01 8.373124880912456991e-01 8.459901947848004200e-01 8.529824949257592825e-01 8.360711593627705440e-01 8.396920463799891765e-01 8.277752816582455431e-01 8.083879137536289505e-01 8.401219580067337267e-01 8.439706737396757141e-01 8.256818585460118376e-01 8.331728347635545262e-01 8.480641393522332372e-01 8.458708665997619613e-01 8.418037299874006063e-01 8.349425614797966189e-01 8.431290977661070052e-01 8.358767539164715377e-01 8.446541919545824673e-01 8.430611257597242503e-01 8.344021080974338700e-01 8.269808843308368296e-01 8.298881355509516444e-01 8.364309236351081811e-01 8.444129705503213845e-01 8.373645513263211493e-01 8.429953540006441814e-01 8.411429080432994976e-01 8.395731810618358715e-01 8.424048367155766437e-01 8.417937840447836662e-01 8.477549358847528138e-01 8.408098788553745040e-01 8.381935901724592020e-01 8.250873704391049612e-01 8.345611759622937331e-01 8.381392134921246129e-01 8.337725989838395968e-01 8.384992759289526809e-01 8.369609751917101992e-01 8.450458860374315817e-01 8.439497711700589822e-01 8.465470204729567127e-01 8.394438259908345579e-01 8.325037677931815816e-01 8.427353846903524737e-01 8.432130322749002982e-01 8.420161027751866811e-01 8.415487997485662230e-01 8.449103244872572249e-01 8.437587287769708899e-01 8.415123194148479424e-01 8.421673248038091808e-01 8.508018781682605836e-01
