1.000000000000000000e+00 3.883128059347984440e-02 3.182174064024873017e-01 3.404229579524097327e-01 2.084028677329192447e-01 8.549215327213549598e-02 2.311674000254600458e-01 1.932110025728026315e-01 1.500688361949840399e-01 5.426936941598070607e-02 1.275116833145384376e-01 1.855059814030105003e-01 1.033634714204328953e-01 6.418280077239303660e-02 1.284362080762704583e-01 1.146454742696290108e-01 1.352372465725517336e-01 2.418388285541404337e-01 2.649584656848418263e-01 2.084625107486229867e-01 2.559633508259500090e-01 3.042748642119471048e-01 2.980876316550806204e-01 2.717305680134939339e-01 2.972517618491809510e-01 2.596872439575097502e-01 2.613886538611457921e-01 2.202558025407721776e-01 3.111484395191750907e-01 2.505347488841969672e-01 1.877126646605236093e-01 1.844339560323563221e-01 1.930147414657379934e-01 1.687134587117972984e-01 1.816163355343341779e-01 1.455360776228766251e-01 1.342232516709297996e-01 1.402936467639154527e-01 1.172728545190689919e-01 1.135794933456708011e-01 9.562800125619473623e-02 9.418780504570088696e-02 1.004591881969625761e-01 9.912618915238406714e-02 1.151478530232353803e-01 1.099277358050782805e-01 2.235465850105664010e-02 3.718719063289249033e-02 9.237461618740114289e-02 1.385187772060181288e-01 1.186909588561220752e-01 1.528904850741713561e-01 7.478420668323224052e-02 6.894474359073189673e-02 9.902845590026732037e-02 1.121484177459818321e-01 1.230401002880572858e-01 5.588566802309424125e-02 7.790573012624327220e-02 5.863981869892041787e-02 5.804489119977172124e-02 3.989359810898961134e-02 7.804182772959560033e-02 7.666786931544274097e-02 1.037168659908175444e-01 8.980601640489542514e-02 6.778697733273304771e-02 9.010056859193350809e-02 9.584936234806167021e-02 9.738108354792213150e-02 1.098014604860217680e-01 1.131511887386369986e-01 1.142041074502952586e-01 1.058863143326329581e-01 1.026487303252759942e-01 8.979099204953161495e-02 8.240779182127697111e-02 1.308088254596349587e-01 9.525001348239327259e-02 9.236658942000941508e-02 7.452347948278892353e-02 8.343263948782704553e-02 9.817114046907045311e-02 8.010906026230128762e-02 6.337917810746905578e-02 6.286678917276300460e-02 6.100117644815526707e-02 4.949701376010458981e-02 4.698569904965303745e-02 7.789678403271108054e-02 6.293378577840201549e-02 4.335320761343532114e-02 5.656414770910630357e-02 5.010581311370883306e-02 1.943289946197847631e-02 2.131523455097908415e-02 7.554759965105040109e-02 1.030313270046200741e-01 4.775616124181044503e-02 5.288334834552699260e-02 3.503003382606827837e-02 5.520779766450831239e-02 4.481271130761928928e-02 3.290463586604510521e-02 7.522871226858235394e-02 7.230703659470952283e-02 6.320943135965849391e-02 3.605835091087750827e-02 5.509967942300174337e-02 3.930672594425281552e-02 2.951238974003318749e-02 2.531486037391263849e-02 2.415149816313909292e-02 4.298909490376445069e-02 6.972126588482181753e-02 3.978662361191352692e-02
3.883128059347984440e-02 1.000000000000000000e+00 5.448189055897355998e-02 5.559073082942946747e-02 3.932465579677599937e-02 8.446432468976332320e-02 1.155806868644899260e-01 1.149200432827332530e-01 2.146543764242081487e-01 2.369460604411421367e-01 1.492324687125166360e-01 1.244574978399209109e-01 1.224668446179586617e-01 6.578288958194367098e-02 1.301004715875818674e-01 1.211687521688002700e-01 1.695075330742608077e-01 1.362328587506879407e-01 1.462807711166898283e-01 2.481851844160319273e-02 8.055126951261373791e-02 1.240783910335897522e-01 1.017806549656236070e-01 1.536504644210623938e-01 1.483489194321960802e-01 1.420143005706430150e-01 9.312506568920772554e-02 1.155473308157848322e-01 1.115434703793062171e-01 1.329739767357196178e-01 1.410284695224872098e-01 1.554454258133790012e-01 1.045597570304508950e-01 1.666941725448724820e-01 1.216144897594251123e-01 1.306857333759082196e-01 1.389399299726676584e-01 1.245688318760115598e-01 1.458842044804547489e-01 1.269766775279551896e-01 1.529647181198341976e-01 1.342550525600695321e-01 1.278714075946176254e-01 1.447724362419646471e-01 1.478564238070558812e-01 1.426235339577620054e-01 1.717159732112396586e-01 1.688283930676759415e-01 1.466946208866058976e-01 1.229367155772204262e-01 1.327747608833803328e-01 1.004301332680720693e-01 1.362198824010527609e-01 1.563281191909629553e-01 1.378360462884563875e-01 1.530740546012525349e-01 1.337158440231909495e-01 1.504451491708265198e-01 1.386816848449503037e-01 1.487104251801091015e-01 1.414568560856132584e-01 1.507233004457393943e-01 1.311204668576483878e-01 1.410928366528854672e-01 1.472826777758712291e-01 1.360067142697818920e-01 1.624419300657660714e-01 1.575814553215560687e-01 1.610557035707119167e-01 1.200274767343506022e-01 1.466745941675535736e-01 1.505758908591680600e-01 1.663109292574690423e-01 1.645610714073744429e-01 1.508871198391130153e-01 1.520584749681631043e-01 1.520958350026094252e-01 1.488106685307697408e-01 1.569885330726302208e-01 1.640606793170695521e-01 1.470521362591859504e-01 1.467489444749092153e-01 1.569772615780947733e-01 1.499248549448458645e-01 1.530175214104324000e-01 1.623692950522840073e-01 1.478648860708659529e-01 1.550228382932156423e-01 1.550205445375436863e-01 1.539543065578054259e-01 1.579859644119191719e-01 1.549200122103681077e-01 1.570529273035504714e-01 1.469909523060995982e-01 1.543019428253989689e-01 1.601962100272486256e-01 1.402685300551419489e-01 1.294774488499048914e-01 1.504660179305850609e-01 1.531137731645675071e-01 1.428633629752998346e-01 1.431819501220704949e-01 1.491421608179150649e-01 1.487057688548612255e-01 1.375227620980322973e-01 1.505879512574042067e-01 1.552567441411590587e-01 1.602168665913606405e-01 1.557990442465410907e-01 1.579166399253842668e-01 1.518720331028806103e-01 1.562344751440246093e-01 1.486494889671930164e-01 1.498675354828031547e-01 1.476592069852077915e-01 1.552587510839463780e-01
3.182174064024873017e-01 5.448189055897355998e-02 1.000000000000000000e+00 4.977658938926580179e-01 2.937917511303006490e-01 2.574251337990363653e-01 4.594799466504225216e-01 4.091896559116299792e-01 3.789189333055086872e-01 3.179432186019174322e-01 4.152416916434660821e-01 4.592821216052312416e-01 3.450002940270631147e-01 2.761654925875185462e-01 4.110811794565987221e-01 4.013817894324788749e-01 3.879814402358174874e-01 4.839409330446098889e-01 4.995618204556286912e-01 3.886181472157558825e-01 4.834712147278902306e-01 5.162848483531815580e-01 5.117616489895346898e-01 5.028061714812959160e-01 5.151551373628980857e-01 5.142723865794304183e-01 5.002499227887475808e-01 4.790108366754962099e-01 5.290423957845125091e-01 5.035900646503069789e-01 4.745845439659412968e-01 4.679464964603743948e-01 4.629048633159395520e-01 4.569669655719378887e-01 4.562171098510431344e-01 4.449993465972468809e-01 4.324033674009941097e-01 4.305907071473558667e-01 4.240416433787375095e-01 4.046489590689499316e-01 4.011227554129919159e-01 4.038296853532883368e-01 4.065265888719706844e-01 4.091623224605202003e-01 4.194897387445952197e-01 4.208842469842773437e-01 3.442800966578462019e-01 3.479745590561696411e-01 3.878043438805919840e-01 4.362067530611923871e-01 4.207973542820014901e-01 4.179136179164917864e-01 3.769390776788841824e-01 3.604352337184928978e-01 3.824147712807468014e-01 4.097294393277317592e-01 4.036389238248824229e-01 3.622504183347651230e-01 3.831519709318364497e-01 3.587926551616906767e-01 3.706236814030731685e-01 3.505823044524541410e-01 3.829561421638748020e-01 3.804168973008268950e-01 3.838808730161707983e-01 3.703911434152986626e-01 3.722615175612302707e-01 4.041926024269744122e-01 4.152198599989840311e-01 4.000766233295094954e-01 4.168117088899149225e-01 4.138381194696351684e-01 4.211493409807574029e-01 4.141923470908888127e-01 4.117181735974632106e-01 4.024992725266301474e-01 3.984546644321227959e-01 4.320155954541276544e-01 4.066941231657205669e-01 4.065101389579849900e-01 3.850767500757768524e-01 3.978102549689948586e-01 4.024161430819839236e-01 3.991273342178053851e-01 3.876849249158737520e-01 3.855551914406467051e-01 3.759548315162862808e-01 3.763822275733377243e-01 3.729664945286472189e-01 3.878503237139410698e-01 3.904894814704782946e-01 3.677901315478206978e-01 3.767515758207390375e-01 3.741107760861409059e-01 3.419515233209601268e-01 3.395975229741695633e-01 3.929067206818133706e-01 3.984188649827032358e-01 3.684664788043314765e-01 3.763387185009667846e-01 3.621594379163496913e-01 3.678306150326137725e-01 3.586558474568661836e-01 3.553289503032699970e-01 3.831818297095911374e-01 3.664467260323437947e-01 3.756621033016541156e-01 3.479211314742732264e-01 3.602786720728529124e-01 3.551512673385670560e-01 3.484298131762682549e-01 3.400203425610789365e-01 3.415818214023150778e-01 3.575720630441540093e-01 3.684248956451792734e-01 3.447757355294973625e-01
3.404229579524097327e-01 5.559073082942946747e-02 4.977658938926580179e-01 1.000000000000000000e+00 4.771989733869911321e-01 4.413280473756339695e-01 6.909511241949591875e-01 6.331152199969397598e-01 5.534245451367137969e-01 4.622101051626114621e-01 5.954515426208563111e-01 7.016812086236680068e-01 5.481707807160965951e-01 4.811117315794183336e-01 6.512506726238982413e-01 6.445281227379422440e-01 5.871357725150374574e-01 6.405306878445830021e-01 6.514743388845779526e-01 5.851079565081570566e-01 7.027848344499552091e-01 6.926865447241294937e-01 6.793911277493644985e-01 6.355350223208389160e-01 6.485736459860892422e-01 6.868882112413231544e-01 6.941204922060028037e-01 6.751388269368678863e-01 7.004799067541875868e-01 6.598362642273790657e-01 6.637306588463254275e-01 6.681247897707048855e-01 6.666738747232389128e-01 6.407547794839808519e-01 6.468577543688142084e-01 6.474273721986246732e-01 6.382973648845208237e-01 6.603506887838327399e-01 6.373364455257570782e-01 6.321533932712535275e-01 6.182844807875049753e-01 6.276980356968571151e-01 6.342745116274698391e-01 6.322099263085780851e-01 6.337230001641402932e-01 6.335453060380963342e-01 5.547908603689463147e-01 5.582958726435550689e-01 6.022275493896127596e-01 6.515565843009815117e-01 6.461642607286068873e-01 6.471108798319379352e-01 6.028074731195830482e-01 5.758625127007592770e-01 5.989837575158167837e-01 6.298500907612597510e-01 6.258491935722082511e-01 5.898743795106426990e-01 6.070222551083751528e-01 5.849867254222239632e-01 5.933753978335692958e-01 5.706936499336103807e-01 6.086501398998639401e-01 6.086658099185876525e-01 5.990416628657158071e-01 6.032266397594765461e-01 5.881019296674732111e-01 6.046276958371548105e-01 6.219437003414047815e-01 6.352310637723757036e-01 6.294448416973302818e-01 6.162364119318024525e-01 6.194502427902877084e-01 6.070262180441630129e-01 6.184834024228066385e-01 6.127507938626917117e-01 6.120653785720312490e-01 6.412179103615597286e-01 6.143421483131290550e-01 5.977049970258899725e-01 5.987300504406113388e-01 6.076522477667047895e-01 6.159558033618538486e-01 6.087051773768940022e-01 5.990504750397239730e-01 5.889303081863049849e-01 5.947440449839225263e-01 5.930490397944599978e-01 5.866096211195301890e-01 6.032354248602795899e-01 6.075203391981821577e-01 5.870924231621454936e-01 5.949518829572147949e-01 5.917095960535568855e-01 5.587513477307151089e-01 5.544899691756791649e-01 6.144112312258375175e-01 6.199924291519837150e-01 5.868641754100470953e-01 5.949414550648104427e-01 5.861465170949370362e-01 5.903684331876106750e-01 5.829328733220783265e-01 5.764344422674968493e-01 6.079184818238407839e-01 5.854166344969643498e-01 5.882196020345260568e-01 5.615240900257381096e-01 5.773651476327034127e-01 5.744616935644064615e-01 5.717865258244324567e-01 5.595290980189018271e-01 5.581614514307926544e-01 5.774962256613578315e-01 5.881041098763946096e-01 5.664813049340303719e-01
2.084028677329192447e-01 3.932465579677599937e-02 2.937917511303006490e-01 4.771989733869911321e-01 1.000000000000000000e+00 3.510014459239064188e-01 5.430688976967773529e-01 5.138300600006556751e-01 4.412073900318243536e-01 3.609568072750331535e-01 4.650881519658716101e-01 5.516203359841292952e-01 4.710075916153900755e-01 4.056187250864580762e-01 5.303678166444187880e-01 5.364762632711727042e-01 4.611773695955738717e-01 4.844493910570032424e-01 4.843043532752477343e-01 4.306821059648764938e-01 5.271918400980405428e-01 5.064157521396248640e-01 5.153825674376804056e-01 4.754001429444802418e-01 4.747054419209214560e-01 5.293414778483045424e-01 5.271169059848723748e-01 5.179820873380394097e-01 5.274386344588215536e-01 5.035705350166699290e-01 5.117175583295889840e-01 5.069956136563026350e-01 4.970853773748612481e-01 4.931460852368390602e-01 4.992941537956477882e-01 5.108531400191105298e-01 5.036895299048018693e-01 5.242701171541164218e-01 5.081613088139926848e-01 4.955342660124181786e-01 4.968931730077538189e-01 5.036983046736024372e-01 5.176246718557789839e-01 5.133233020049913220e-01 4.977963852255488653e-01 4.984065307092349073e-01 4.593340726187131184e-01 4.632983568217601267e-01 4.934194655856627976e-01 5.175346803187679257e-01 5.156301363391794235e-01 5.242369912446764868e-01 4.983923332404226469e-01 4.890340606593316930e-01 5.168945079258696618e-01 5.114117049372658430e-01 5.208164468964173732e-01 4.870132417836613992e-01 5.020065971686268336e-01 5.019344778966221554e-01 4.904496921841803303e-01 4.847341821933618400e-01 5.135782413845687566e-01 5.074158655691728415e-01 4.905702954793620951e-01 5.089339432459429879e-01 4.763251011777905330e-01 4.903356976972665371e-01 4.887797821947988397e-01 5.063338905004813872e-01 5.014670674797433447e-01 4.910310158748995013e-01 4.899509646538072194e-01 4.822611067625758863e-01 4.993601873118344026e-01 4.913145218872479458e-01 4.945952414904681294e-01 5.082050055115681086e-01 4.929466570726976360e-01 4.795288460563316146e-01 4.877068992590748997e-01 4.912382196551151603e-01 4.946610438442373137e-01 4.841464829008250148e-01 4.745958046317535484e-01 4.732658092696528374e-01 4.844079750618655034e-01 4.815130088577758705e-01 4.742982339696055205e-01 4.947316698469846341e-01 4.830229916807330937e-01 4.789813228618136631e-01 4.868454274391605385e-01 4.858524211221803002e-01 4.643122191732707016e-01 4.629899849633081765e-01 4.976000987026848454e-01 5.027764347047450899e-01 4.837608234233913285e-01 4.809976958196683361e-01 4.881867098579820707e-01 4.890365750407187351e-01 4.820338613354924751e-01 4.797309031907476817e-01 4.936215780829095179e-01 4.913093695301082309e-01 4.802084220254232982e-01 4.715795732038501331e-01 4.866389249845247678e-01 4.752479176345825729e-01 4.752116564646186592e-01 4.711847868980060805e-01 4.726061236450578296e-01 4.804620463133921215e-01 4.835846494981992927e-01 4.751646406958947577e-01
8.549215327213549598e-02 8.446432468976332320e-02 2.574251337990363653e-01 4.413280473756339695e-01 3.510014459239064188e-01 1.000000000000000000e+00 5.521852892886960351e-01 5.152075947427080527e-01 5.295411585104703445e-01 4.853792174256407743e-01 5.584458378867142025e-01 5.904630839781555007e-01 5.326727300872703408e-01 4.720414388667942829e-01 6.097456318328744462e-01 5.894724297561850790e-01 5.419514802466157688e-01 5.028040724398568084e-01 5.398029217635650356e-01 4.618612655351558294e-01 5.436557992289238195e-01 5.681657214250299681e-01 5.369334506919495320e-01 5.159190255185515106e-01 5.281772021525844574e-01 5.779782564721482885e-01 5.813523434597031025e-01 5.874654291722339883e-01 5.620667280519433540e-01 5.714146904478223377e-01 6.057985626717707905e-01 5.781629560329617501e-01 5.622512588725001592e-01 5.785349857371381299e-01 5.791726320851956489e-01 5.976826652566745723e-01 6.109290600255994352e-01 6.040049362638150177e-01 6.133940932870751706e-01 5.989121563058145137e-01 6.065834113121910676e-01 6.103228797839261865e-01 6.135953581934768808e-01 6.172282390899612725e-01 6.102972267523177896e-01 6.146137920314985736e-01 5.953461145322387349e-01 5.906334346521245893e-01 5.971898818818930366e-01 6.019213904687000793e-01 6.069254018408052342e-01 6.004879507492915103e-01 5.995624927281403282e-01 5.908793338216853375e-01 5.915489730223409959e-01 6.082223633776381311e-01 6.038253372473256775e-01 5.969642294152666118e-01 5.959757393096265510e-01 6.035527838516140386e-01 6.057921803856327614e-01 5.959049916286517368e-01 6.076174798014528644e-01 6.052698638526070596e-01 5.934398910021697615e-01 6.038249642181126031e-01 5.970929505430261353e-01 5.943512634522117866e-01 5.942555021620976596e-01 6.069413454371819228e-01 6.070906640559947665e-01 6.059596935932528572e-01 5.890304114328469565e-01 5.948184723813235708e-01 6.094952130804290880e-01 6.078940728400924476e-01 6.091515690644322412e-01 6.066067737292318851e-01 6.073488958818890060e-01 5.982703685102445101e-01 6.054073032391155129e-01 6.087509120733736179e-01 6.001267316765329651e-01 5.970002255804330860e-01 5.976667021750746711e-01 5.921547211522822929e-01 6.067157006820397269e-01 6.009184630986741382e-01 6.001885778448262654e-01 6.044966980279432578e-01 6.059090839229990255e-01 6.062062955838524170e-01 6.077256627367445541e-01 6.061114578219592985e-01 5.945843334332746588e-01 5.930426139860461854e-01 6.040702973076690352e-01 5.994801856109943650e-01 6.017419217288820787e-01 5.975642047596974038e-01 6.043224423930491085e-01 6.001171765807294944e-01 6.011892860690646323e-01 5.996489958721065161e-01 6.082631216682925501e-01 5.967260414771107246e-01 5.973688788475830513e-01 5.964005380669469281e-01 5.955444300947607683e-01 5.966683493226296875e-01 5.948941711331902082e-01 5.936923454474841710e-01 5.907779929295583488e-01 5.970597616891537562e-01 5.972932935026221690e-01 5.959383633995490870e-01
2.311674000254600458e-01 1.155806868644899260e-01 4.594799466504225216e-01 6.909511241949591875e-01 5.430688976967773529e-01 5.521852892886960351e-01 1.000000000000000000e+00 7.672598437856670284e-01 6.891096869654596002e-01 6.183625933975372968e-01 7.248117155714968174e-01 8.224678433573423542e-01 7.039932743896899492e-01 6.114743834819105217e-01 8.461486202372781040e-01 8.033962479111310673e-01 7.077130262234222480e-01 7.696997532610836412e-01 7.715954731143620515e-01 6.942098845233117821e-01 8.327977099646085568e-01 7.992781233069208291e-01 8.038723494920989587e-01 7.497392436946599403e-01 7.500936443366907902e-01 8.187674937871280978e-01 8.174571044107284967e-01 8.258193808961090676e-01 8.059863359931749294e-01 7.767059365970743201e-01 8.096072560212530522e-01 8.116768422426573482e-01 7.909069145879215057e-01 7.869129070452599573e-01 7.886155465962974009e-01 8.074187146125423320e-01 8.000735869407996637e-01 8.226863398063849475e-01 8.090792877847342579e-01 8.081258715886713295e-01 7.930392369409152709e-01 8.063381448153451592e-01 8.089705403103348846e-01 8.109380168259544552e-01 8.025785459943758360e-01 8.143265585157329900e-01 7.437685497956257885e-01 7.450863465289097043e-01 7.714422049440798901e-01 7.973344187090996016e-01 8.067788732044520739e-01 7.947221989978197065e-01 7.766304281084415173e-01 7.609517277249852052e-01 7.821884330516528649e-01 8.146516495620609311e-01 7.901590903279094302e-01 7.750927089140158266e-01 7.910671009617766813e-01 7.754438838522363930e-01 7.721464914216175091e-01 7.587977299700233713e-01 7.857850324607031922e-01 7.780441551040936377e-01 7.707980785263818246e-01 7.761591077924135940e-01 7.639674536330152144e-01 7.829445860619527187e-01 7.920526281349511422e-01 8.184718801001782396e-01 8.008006154127695897e-01 7.845724494122833237e-01 7.895214912041343958e-01 7.739978017917342745e-01 7.912877783892747763e-01 7.882682171332580090e-01 7.887304502848240251e-01 8.044321071808214763e-01 7.883726313651593376e-01 7.676129899754898789e-01 7.757530160084585846e-01 7.820731553867678043e-01 7.852542292000666002e-01 7.802643125142146863e-01 7.677963193912878959e-01 7.635467311548862490e-01 7.776601104713050105e-01 7.755278762882381605e-01 7.691657825174152974e-01 7.822784527067324634e-01 7.896814048143070419e-01 7.743055070937547857e-01 7.811751755736232594e-01 7.774980514848344182e-01 7.465317932534312195e-01 7.417998278079718233e-01 7.776481141143002374e-01 7.759242828084165211e-01 7.660033064910306555e-01 7.716784744573549348e-01 7.699714589363526596e-01 7.644545986647407476e-01 7.641315589085316828e-01 7.607337049829032694e-01 7.791338897759079174e-01 7.583970325402682455e-01 7.625291908002361785e-01 7.495439284830198723e-01 7.592215679873690615e-01 7.598921798600117850e-01 7.574800165806150343e-01 7.454528098698952610e-01 7.444668100412888956e-01 7.551253699402048492e-01 7.660197157437779181e-01 7.510195311349615599e-01
1.932110025728026315e-01 1.149200432827332530e-01 4.091896559116299792e-01 6.331152199969397598e-01 5.138300600006556751e-01 5.152075947427080527e-01 7.672598437856670284e-01 1.000000000000000000e+00 7.238997579523401837e-01 6.384092414174135088e-01 7.420624503757817791e-01 8.122672731950648650e-01 7.297224803978440422e-01 6.161698692843765590e-01 8.205451898741320527e-01 8.203362470250034066e-01 7.362390908318507954e-01 7.173148352251205173e-01 7.558508161251170643e-01 6.144472741418779416e-01 7.624531471709262709e-01 7.659631535071540487e-01 7.555033080337173468e-01 7.222891600622428632e-01 7.217816019141949369e-01 7.851074816860972305e-01 7.900920590242453967e-01 7.885055714828917983e-01 7.595124322920077109e-01 7.710188605628571779e-01 7.946291105712977032e-01 7.921036191931504211e-01 7.651559886926435627e-01 7.832967445229170877e-01 7.852041511378736738e-01 7.953099061013978455e-01 7.949788162065677399e-01 8.198459416529390031e-01 8.106714688706795346e-01 7.777277378862134105e-01 8.070174709157730275e-01 8.071513421869933591e-01 8.001972804306927145e-01 8.166857079661772323e-01 8.048431946374693391e-01 8.019857405698279651e-01 7.793465569236778245e-01 7.854912392384326703e-01 8.072483992991149604e-01 8.070075797658607941e-01 8.171380819172494592e-01 7.924326516611484017e-01 7.942999537189424641e-01 7.998888877691588961e-01 8.090851583959137727e-01 8.145167199335813235e-01 8.127935787985078875e-01 7.989160829547478082e-01 8.141375266082518936e-01 8.063448253034508628e-01 8.020607267640230686e-01 7.960117662323283882e-01 8.091261166852741216e-01 8.088886771293372080e-01 8.007670972829880052e-01 8.064546806893587716e-01 7.973083832232392698e-01 8.037911328895722685e-01 8.086691848171840835e-01 8.111162768841051474e-01 8.164043696129873462e-01 8.098297533050643482e-01 8.034595053301829548e-01 7.986815295757176969e-01 8.086660284277585875e-01 8.043509572718376965e-01 8.071705519103246074e-01 8.075395768846638234e-01 8.047443061946059073e-01 7.971974330757710669e-01 8.003038635542881751e-01 8.032107179690584076e-01 8.135666406050520161e-01 8.042532895082606936e-01 7.943726303955930268e-01 7.938706037157520212e-01 8.008072885323800350e-01 8.047882496028133659e-01 7.980282318100823113e-01 8.126438737702107451e-01 8.041511575607415141e-01 8.001753335264120137e-01 8.033492826171088064e-01 8.031843178859288113e-01 7.859402018924087630e-01 7.854221725706439505e-01 8.099909535048840370e-01 8.103596068492894267e-01 8.017384934768634341e-01 8.008009693325023326e-01 8.028692635424672375e-01 8.048789792402983867e-01 7.948470766959481182e-01 7.980734606420533117e-01 8.076376597778042177e-01 8.007216072584476541e-01 7.994769703828547014e-01 7.921608855300579233e-01 8.019933023503365010e-01 7.974989358794420946e-01 7.986308230845053924e-01 7.884952266873366256e-01 7.895786682335385054e-01 7.970240077485931662e-01 8.002350524007536547e-01 7.894760608516905309e-01
1.500688361949840399e-01 2.146543764242081487e-01 3.789189333055086872e-01 5.534245451367137969e-01 4.412073900318243536e-01 5.295411585104703445e-01 6.891096869654596002e-01 7.238997579523401837e-01 1.000000000000000000e+00 7.619533983744729566e-01 8.115731690719814040e-01 8.173309183879248208e-01 7.740498948773402166e-01 6.464372818993697756e-01 8.307989853632785637e-01 8.372448698737421369e-01 8.300146212855417094e-01 7.200702168115921120e-01 7.760306950232691570e-01 5.205531140815324864e-01 7.115462631481073164e-01 7.792559330200667933e-01 7.233325271565276271e-01 7.386520292504051843e-01 7.585864259834441681e-01 8.146721798196345787e-01 8.033275068854162093e-01 7.987360949455128978e-01 7.580657409741224928e-01 8.130685794323024851e-01 8.460357559037794406e-01 8.288620472554156793e-01 7.608951775214310986e-01 8.311099866661095792e-01 8.085015580844633343e-01 8.259767754699773867e-01 8.398743843516544016e-01 8.456943955386538869e-01 8.575573111002476878e-01 7.903371924633155743e-01 8.760815853220120797e-01 8.565599488513050419e-01 8.261250252732819099e-01 8.705485289344511157e-01 8.663008377874504840e-01 8.547181066690457962e-01 8.825062803686088975e-01 8.893913472912262641e-01 8.820547145257326971e-01 8.468496565836838297e-01 8.640028783580154803e-01 8.149690592045942816e-01 8.610779650870901136e-01 8.826435727976937873e-01 8.605495602070473149e-01 8.615859585008337485e-01 8.606349607592180817e-01 8.718320011101056144e-01 8.670642222961636447e-01 8.816427236841177795e-01 8.745131419270499862e-01 8.766878251690053414e-01 8.605156083277331058e-01 8.784790788313073806e-01 8.845678733126858262e-01 8.752982719036711545e-01 8.876716460340580150e-01 8.829841997658681718e-01 8.785472099660495138e-01 8.356493850633115450e-01 8.819699673807179785e-01 8.843680074031320393e-01 8.732515517659166226e-01 8.808292336435041836e-01 8.846387079568142076e-01 8.811529337592295397e-01 8.784175336998470973e-01 8.706719961265347862e-01 8.810242350000335732e-01 8.877410597020465310e-01 8.821234856148698622e-01 8.824388724999703282e-01 8.826162960395368406e-01 8.764218107054844165e-01 8.715126008612096298e-01 8.778114067356274086e-01 8.770919678903122962e-01 8.801955892716227803e-01 8.793222354157063103e-01 8.821829922117861988e-01 8.725539750295001618e-01 8.809959508029371333e-01 8.813881061804706984e-01 8.791387602248271760e-01 8.803100720391596745e-01 8.830357090827928301e-01 8.716721117387643547e-01 8.737977537586137933e-01 8.807899954044912105e-01 8.758982874178442568e-01 8.719163531598596029e-01 8.794020527541098753e-01 8.774041869902887703e-01 8.798302202916036263e-01 8.771656348904384171e-01 8.798667470938323909e-01 8.852081201450472392e-01 8.846962472170499803e-01 8.788045977239882234e-01 8.848389081895253749e-01 8.768320374044488164e-01 8.832243843577451958e-01 8.776817946072313914e-01 8.819260945717212197e-01 8.846479260562494229e-01 8.839738398459218160e-01
5.426936941598070607e-02 2.369460604411421367e-01 3.179432186019174322e-01 4.622101051626114621e-01 3.609568072750331535e-01 4.853792174256407743e-01 6.183625933975372968e-01 6.384092414174135088e-01 7.619533983744729566e-01 1.000000000000000000e+00 7.277878411032192574e-01 7.380936577457636316e-01 6.931085786718836905e-01 5.872866201466572234e-01 7.637117748427463271e-01 7.506015608374441150e-01 7.397776956790123037e-01 6.536950351205123022e-01 6.956239187964123882e-01 4.837261862062026130e-01 6.230365150376084848e-01 6.855879388402120744e-01 6.516198195832872964e-01 6.681583115081879409e-01 6.780430731951194723e-01 7.306187599076712225e-01 7.064771451220410725e-01 7.170954142721795987e-01 6.671465030374822414e-01 7.083944736962091149e-01 7.543681003786322226e-01 7.471619968629142905e-01 6.797472640878386985e-01 7.546729405267199597e-01 7.143260143001830542e-01 7.529715222105284322e-01 7.545739934018044215e-01 7.694253699568422977e-01 7.783158319766779742e-01 7.403309097496748592e-01 8.023950320704059669e-01 7.874481550921489381e-01 7.652976123378463225e-01 7.940789631262793469e-01 7.937567252847622656e-01 7.829468183834149553e-01 8.137998175128331457e-01 8.148485824219866558e-01 7.966314214363777735e-01 7.631493827083773995e-01 7.828530021912578629e-01 7.411657489748010308e-01 7.843417567548639502e-01 8.039519239818363472e-01 7.849183676037944091e-01 7.960521410623294658e-01 7.791020192891359164e-01 8.037353291310882497e-01 7.973418048509973710e-01 8.051507776566599883e-01 8.012892370019588650e-01 8.020551754568610026e-01 7.855581302140381972e-01 7.962005562987284346e-01 7.932250381827303798e-01 7.918505666355458716e-01 8.128373242855881919e-01 8.067145982153238748e-01 8.019189472108170236e-01 7.662206707528474992e-01 8.017635647358427597e-01 8.031603579174543261e-01 7.997308781590448667e-01 8.062600601319642735e-01 8.083272709279810675e-01 8.048076696384134365e-01 8.037331399217823025e-01 7.900539514612143766e-01 8.046008139958493732e-01 8.061971431794345833e-01 8.039085514481960626e-01 8.040796853365064223e-01 8.023408208666671371e-01 7.982964950413077299e-01 7.986952086824072872e-01 8.057832612322579635e-01 8.018514824882561065e-01 8.061709319476642044e-01 8.063978226755744716e-01 8.105352280565761847e-01 8.030148278718733934e-01 8.106494939924155929e-01 8.100233612333828104e-01 8.066078743345193036e-01 8.092492789534768693e-01 8.120341406301241349e-01 7.958047608550249397e-01 7.855196114840589106e-01 8.051835339967553518e-01 8.018975465633566557e-01 8.020562684356559169e-01 8.001985621060530018e-01 8.045960261476617914e-01 8.073967500313088408e-01 8.006093706702116508e-01 8.013792168363202961e-01 8.056413408392649744e-01 8.131958306314319707e-01 8.047836413260849309e-01 8.123077755661852750e-01 8.037829673406134967e-01 8.107654456395705367e-01 8.042568141669229620e-01 8.049823024008917471e-01 8.044175298025628695e-01 8.067260232784017049e-01
1.275116833145384376e-01 1.492324687125166360e-01 4.152416916434660821e-01 5.954515426208563111e-01 4.650881519658716101e-01 5.584458378867142025e-01 7.248117155714968174e-01 7.420624503757817791e-01 8.115731690719814040e-01 7.277878411032192574e-01 1.000000000000000000e+00 8.607686508033968176e-01 7.609407613986783891e-01 6.664161399769176208e-01 8.576129306633164529e-01 8.549909473745657129e-01 8.167969947203317371e-01 7.560947409787270868e-01 8.033881763250910746e-01 6.100574660145346995e-01 7.645998606941813991e-01 8.113693173953286930e-01 7.642768714661821727e-01 7.718301686572917042e-01 7.869772435273975075e-01 8.392417481074798680e-01 8.451324972147250536e-01 8.442440923228634597e-01 8.060106400535368421e-01 8.347145019494942586e-01 8.728732778394172609e-01 8.594434391085228331e-01 8.125788890228526906e-01 8.525039722321849922e-01 8.353036432792217969e-01 8.586557729593470301e-01 8.657765123752262371e-01 8.749816890413970594e-01 8.842787342790234817e-01 8.390790071176681408e-01 8.889144239289662464e-01 8.824810785858796525e-01 8.656570135691588064e-01 8.927682444494445813e-01 8.888600341052880216e-01 8.829556706650877329e-01 8.780144690875185676e-01 8.767481673625769911e-01 8.821143955722116070e-01 8.744548231316991993e-01 8.845578463113141776e-01 8.459364514590200779e-01 8.738251480576352259e-01 8.686299371105844491e-01 8.583008300561647541e-01 8.748738565228170172e-01 8.661613722472123467e-01 8.772752235726815062e-01 8.737533569544034817e-01 8.783051381244905143e-01 8.844650677740514277e-01 8.722543825039295040e-01 8.752100611581744571e-01 8.821701291159642633e-01 8.733252831105851044e-01 8.749966802973309088e-01 8.864443249019346993e-01 8.873983130340301617e-01 8.911274701182840818e-01 8.695984994516474664e-01 8.949427264074201194e-01 8.945442958033421599e-01 8.868711179272398271e-01 8.917846004460480147e-01 8.984216692760866874e-01 8.956772426543639920e-01 8.929140542138954695e-01 8.918524462368799810e-01 8.972645947502700947e-01 8.924070696368950895e-01 8.937640067573509040e-01 8.953170004724212427e-01 8.874273263745728890e-01 8.881683698794579085e-01 8.873007948001554457e-01 8.855608700099597552e-01 8.867834552018956096e-01 8.883425542770280181e-01 8.883148379964318497e-01 8.879228040166216029e-01 8.910394433456787500e-01 8.897853012469684186e-01 8.906619314559036660e-01 8.914605248474153365e-01 8.786151010809025719e-01 8.782390139771686366e-01 8.866426443840426108e-01 8.821852522470238211e-01 8.863491449819028700e-01 8.857124596381504844e-01 8.841535792908904456e-01 8.838219385275177808e-01 8.810115083519960422e-01 8.840913369534331157e-01 8.875832718358763751e-01 8.743002344825158145e-01 8.860570578620323712e-01 8.800562414813256629e-01 8.751294094903351306e-01 8.824059579053352698e-01 8.765435008088621194e-01 8.776721212726978916e-01 8.728536626153323708e-01 8.822424571947786731e-01 8.804135668924150115e-01 8.752301753005320428e-01
1.855059814030105003e-01 1.244574978399209109e-01 4.592821216052312416e-01 7.016812086236680068e-01 5.516203359841292952e-01 5.904630839781555007e-01 8.224678433573423542e-01 8.122672731950648650e-01 8.173309183879248208e-01 7.380936577457636316e-01 8.607686508033968176e-01 1.000000000000000000e+00 8.029246794748182703e-01 7.001936321125256102e-01 9.160388179485556837e-01 9.051738447538613119e-01 8.374138548825005302e-01 8.024617160356881662e-01 8.413202719651760031e-01 6.976714650870987633e-01 8.424995433689325131e-01 8.613825755987876143e-01 8.354484376647933752e-01 8.092999098742446051e-01 8.206593148633898327e-01 8.964875856390135400e-01 9.011868004483173378e-01 8.996003279362755345e-01 8.642346769280925267e-01 8.709164052557991642e-01 9.122047988725531242e-01 9.039776674256284617e-01 8.645341086161234534e-01 8.911554896671808335e-01 8.803678945530010180e-01 9.096552546097512737e-01 9.072604838606922462e-01 9.245490188122432729e-01 9.266542345125787783e-01 8.971898424537483319e-01 9.212191240420823934e-01 9.226015861135314911e-01 9.170541592722724067e-01 9.311238942625998938e-01 9.254052760781728004e-01 9.200061976716693568e-01 8.943181437467409012e-01 8.940908537266148981e-01 9.087822563932809183e-01 9.201666975879039256e-01 9.288808975743345631e-01 9.090264919084036777e-01 9.099547134642085311e-01 8.970583835052261534e-01 9.010418751259459125e-01 9.228520657403518346e-01 9.160008691546174253e-01 9.107880568520100306e-01 9.137790591651655525e-01 9.133512841713876673e-01 9.146739214436591103e-01 9.011092726239293693e-01 9.150413819062223064e-01 9.180680850142783900e-01 9.058972108390103140e-01 9.135955756228080205e-01 9.091342524156907912e-01 9.124271607553907648e-01 9.191675949619813046e-01 9.200041798956852812e-01 9.270666401340401652e-01 9.197956972917981089e-01 9.133035577884585088e-01 9.124973881035165491e-01 9.266779504629421016e-01 9.231667625415732603e-01 9.217192944587692116e-01 9.245378739750510499e-01 9.210163863924059058e-01 9.094662539042047689e-01 9.175839336965085913e-01 9.211835816253246545e-01 9.190951229877835083e-01 9.135982139081816333e-01 9.112696224400355094e-01 9.071265878871225263e-01 9.156479873292652227e-01 9.133894575901205792e-01 9.123010192006307806e-01 9.170368537950204235e-01 9.189624555654355431e-01 9.144503910222832044e-01 9.196624068608039160e-01 9.175837315729895582e-01 8.994395144309437207e-01 8.960654161038134058e-01 9.186306291744698038e-01 9.163835269234406056e-01 9.109999018622947364e-01 9.112774567204466880e-01 9.123678781001225424e-01 9.106317435974283780e-01 9.093028895838596304e-01 9.070736764352460568e-01 9.221709712723157315e-01 9.035364587782319656e-01 9.084537428000979409e-01 8.988826316464318955e-01 8.984084366419601286e-01 9.055118983745706895e-01 8.999252753261074433e-01 8.981639930433086283e-01 8.942642350272032026e-01 9.063279135973109080e-01 9.103419884223811209e-01 8.996314349845562219e-01
1.033634714204328953e-01 1.224668446179586617e-01 3.450002940270631147e-01 5.481707807160965951e-01 4.710075916153900755e-01 5.326727300872703408e-01 7.039932743896899492e-01 7.297224803978440422e-01 7.740498948773402166e-01 6.931085786718836905e-01 7.609407613986783891e-01 8.029246794748182703e-01 1.000000000000000000e+00 6.412795697258323324e-01 8.279840725797558143e-01 8.333260078764815892e-01 7.735636231081743919e-01 6.992199256124860263e-01 7.433534908380883266e-01 5.514864934929224471e-01 7.156882880873542963e-01 7.538168634853074090e-01 7.189088790591202649e-01 7.080179649827346156e-01 7.232548320729883518e-01 7.907010743388106500e-01 7.845958934249018801e-01 7.897830241017427255e-01 7.400178546678866098e-01 7.686080504494623433e-01 8.143592885590219543e-01 7.944093064184930553e-01 7.468036795390720073e-01 7.931095431506126614e-01 7.807235537581379559e-01 8.082913601753611843e-01 8.144205025032166256e-01 8.325730444355644577e-01 8.351142115433405344e-01 7.891768655490397633e-01 8.473851059071694225e-01 8.381893618924580736e-01 8.214542367110502230e-01 8.519079193574699005e-01 8.357665561543535793e-01 8.322690116613993272e-01 8.427739722403061462e-01 8.484323075101625200e-01 8.457918515025160122e-01 8.239056120845897890e-01 8.411687813226426114e-01 8.116340859583796030e-01 8.398980049734312558e-01 8.523686609350935584e-01 8.473722026146738306e-01 8.467129418085092007e-01 8.429560179566339961e-01 8.481981709083296073e-01 8.514938242485039499e-01 8.581388199289931018e-01 8.485603268747441419e-01 8.501118025100683484e-01 8.471020104292642516e-01 8.511550975490524973e-01 8.487918912835096252e-01 8.529213155143585690e-01 8.507199827763772815e-01 8.481800717715920479e-01 8.415839419711445002e-01 8.260793589762963629e-01 8.494664795488778841e-01 8.483047474532806609e-01 8.369737803460729486e-01 8.418409041171619478e-01 8.513130773779072902e-01 8.468265911643464428e-01 8.484880270671949498e-01 8.388268836194175959e-01 8.488339467945288375e-01 8.438020919999484892e-01 8.468774950527113710e-01 8.497720422576530153e-01 8.482665722949672693e-01 8.437678149238933001e-01 8.356004638672661633e-01 8.393528613148707462e-01 8.457029031073307612e-01 8.499514712735268818e-01 8.462912790915722017e-01 8.546197199931845345e-01 8.436401911560656997e-01 8.510906214127332836e-01 8.530231229319382713e-01 8.514647133558839176e-01 8.467542495640375533e-01 8.474786999588813652e-01 8.458071642552958957e-01 8.447533534038006442e-01 8.502831934358140442e-01 8.446941954702695821e-01 8.503889667537460895e-01 8.511486026616353895e-01 8.494107117233786752e-01 8.528075472454392791e-01 8.514509609657322509e-01 8.495705317753875496e-01 8.485913526256327888e-01 8.500009335158673629e-01 8.512207285050253924e-01 8.513626616811793557e-01 8.505792691485644097e-01 8.497278310733308304e-01 8.480268430530135682e-01 8.505292839892077961e-01 8.525970130480572395e-01 8.504875234534644557e-01
