1.000000000000000000e+00 2.376735171413603964e-01 8.994284081306637424e-02 -3.190803218397560148e-02 -3.199442810806277931e-02 -3.887996789366924416e-02 1.143153024488211206e-03 2.555658790008596276e-02 2.022496238192276752e-01 9.954586534124021391e-02 3.163984269161524560e-02 -3.002874449527563258e-02 -5.568496811454882491e-03 2.040695460297082750e-02 7.105910347882935570e-04 -2.890651857732420837e-03 8.276964429051075767e-02 1.043749851941849216e-01 6.236457323782482881e-02 1.757776307327805695e-02 -5.698960756946783862e-02 4.178667672488889373e-02 1.487780669203334905e-01 8.652990284413546174e-02 1.030204747093589057e-01 8.035870746058751402e-02 4.104197369170824866e-02 7.050115386307835574e-02 1.674935911895424068e-01 1.685502128310342740e-01 1.326107866343826658e-01 6.978731583317246412e-02 7.810887799116689179e-02 6.967532933168341103e-02 1.233803676059483101e-01 2.859576620284494386e-02 7.414388979211514186e-02 2.700680049576909426e-03 5.614799567460165147e-02 -1.467787376854928078e-02 9.839349194796615308e-03 -1.563779789735385978e-02 2.381520997195759378e-03 2.781828289741073920e-02 3.293564467387281175e-02 2.624768913967131037e-02 1.618952348551840753e-02 2.164433842330867885e-02 1.482326375555327591e-02 2.697025262539694962e-02 -2.797452768419392104e-03 1.725508610341031090e-02 9.585003167522331544e-05 3.636265948455746910e-02 2.701595492600698464e-02 2.425089579690941841e-02 5.886675515440163015e-02 3.357492223181973885e-03 -5.810254070871418699e-04 4.759456784464419915e-02 1.663630399787109637e-02 3.747798979965760724e-02 7.404331783628598750e-03 6.272960115296007111e-02 5.633665816081974420e-02 5.302267443946494241e-02 3.128131978369071142e-02 2.933511904293971059e-02 4.763423796011818229e-02 -8.359768715909490726e-06 2.479480637054486906e-03 2.698110909227257465e-02 4.342777486671107329e-02 4.037930034169429777e-02 3.455561940230461593e-02 4.163766959838199888e-02 5.023509258942339406e-02 8.724173508485572048e-02 7.425710295683671247e-02 7.841675803562088432e-02 5.414700060468306819e-02 5.527157465605463810e-02 6.662577487880338989e-02 7.063627863100530035e-02 2.559810384458047899e-02 3.760837368732147801e-02 3.104554470018830448e-02 7.511003088120584217e-03 2.794111900483590982e-02 3.165848144472716702e-02 1.013146979683151108e-02 -1.240854021812052167e-03 9.986488945545988691e-03 1.789108691819295618e-02 7.179962771660901646e-03 2.144356919109000753e-02 1.814099509258191786e-02 5.088032047818497744e-02 1.562059078265626635e-02 6.426285969090259759e-03 6.606175118677274326e-03 1.729065015368421582e-02 1.318661626740713806e-02 2.795237850044326924e-03 1.928713823096974561e-02 4.251499613843359726e-02 2.751547501421460276e-02 2.119998043806059496e-02 2.926711367426182431e-02 2.465875833661694549e-03 -2.010026298629727978e-03 2.252163679832556650e-02 2.319869279629004077e-02 4.003396806986381229e-02 3.499063653553974307e-02 2.983333518990442801e-02
2.376735171413603964e-01 1.000000000000000000e+00 7.357044459028665162e-02 7.758351123042699082e-02 5.000773927279030667e-02 9.864417913392305171e-02 1.202318512549214596e-01 1.421744436395841471e-01 2.134776126009271524e-01 1.957254532792318813e-01 1.525411665474110390e-01 1.269569056971505683e-01 1.144637779672107031e-01 9.889288698286657908e-02 1.270579087046010414e-01 1.543418148460716788e-01 1.642176028819041789e-01 1.763585242022321919e-01 1.628672766622974444e-01 1.130967882170627742e-01 8.963609440424527564e-02 1.360669574879269927e-01 1.990139337471113767e-01 1.811768809673976466e-01 1.726688357278948482e-01 1.699252865650128230e-01 1.489380896668679455e-01 1.743385152322718401e-01 2.011330631929073576e-01 2.179215299119454941e-01 2.148403374032952784e-01 1.747105732299898684e-01 1.753649606508328462e-01 1.692601319238670465e-01 2.030638296642576779e-01 1.529871851046808451e-01 1.834239208301793878e-01 1.509864228878604886e-01 1.720515709223296996e-01 1.368452425854211341e-01 1.457830406755401820e-01 1.293240077516572273e-01 1.365612249960407865e-01 1.444869538555914878e-01 1.465608335685137376e-01 1.599976727617565264e-01 1.418142890704110759e-01 1.467830458641072866e-01 1.479186883179575973e-01 1.337003378165735890e-01 1.360819971831948305e-01 1.186841201001636037e-01 1.208028482426241751e-01 1.546274564811281060e-01 1.538216402668232952e-01 1.599906102236901273e-01 1.523015187056159792e-01 1.428520622356726222e-01 1.444807398681621224e-01 1.530173706248072474e-01 1.453503622432949505e-01 1.512831232450786989e-01 1.386153477132534007e-01 1.550594654090440006e-01 1.543304384593339185e-01 1.503910878837581289e-01 1.496452227546208325e-01 1.537914953822951125e-01 1.676781612744426553e-01 1.427658587408653645e-01 1.359558849978174389e-01 1.440030984140348302e-01 1.621333915064246123e-01 1.581585835712742971e-01 1.628923876859516007e-01 1.638518186724798320e-01 1.679946177777234262e-01 1.794704408934329753e-01 1.736513696796757877e-01 1.846915998267792403e-01 1.692341596436088003e-01 1.731022287924872671e-01 1.752201296880868953e-01 1.787753830462978089e-01 1.479824372351069006e-01 1.583788353384512904e-01 1.568679373817395417e-01 1.487705148937193966e-01 1.598316344577604131e-01 1.612291152449222276e-01 1.501224773747279195e-01 1.399269511126471355e-01 1.453999391875699654e-01 1.539010323415982429e-01 1.452497810172697912e-01 1.577346785715117994e-01 1.393521981645442498e-01 1.488377250282184039e-01 1.495976671968849703e-01 1.416480375832373795e-01 1.460887254335894725e-01 1.467807653587047956e-01 1.410442027412948940e-01 1.361854114322837428e-01 1.418117422285982698e-01 1.562388369251877518e-01 1.502956304576275881e-01 1.561107731202065474e-01 1.571562868837779459e-01 1.408167232529995150e-01 1.383665715429235887e-01 1.495216247542417998e-01 1.521868070133801099e-01 1.549514246107001614e-01 1.508006465570030930e-01 1.467802690808288346e-01
8.994284081306637424e-02 7.357044459028665162e-02 1.000000000000000000e+00 3.052875794274300114e-01 1.869847586677614304e-01 2.007833281784633939e-01 3.489339756906091328e-01 3.298121957924551317e-01 3.526521574450598995e-01 3.102320887627931234e-01 3.646457112061831651e-01 3.643880412656443357e-01 2.977137137053211813e-01 3.050485539010042713e-01 3.512468386280493959e-01 3.487145579504266069e-01 3.459324864009933331e-01 3.941644925142834821e-01 3.852689446361488024e-01 3.187147700059570488e-01 3.773189463342973560e-01 3.884971744957108619e-01 3.875834042799559676e-01 3.998102489215994981e-01 3.931363017652186320e-01 3.819077289408919773e-01 3.713814021651221653e-01 3.675663126633536559e-01 3.859916118171426436e-01 4.062042002987281686e-01 4.050323312179666679e-01 3.950367174816164506e-01 3.763783964478045752e-01 3.982379540023132658e-01 3.894139276998088706e-01 3.896100941204069801e-01 3.971869986632550753e-01 3.719342275896888594e-01 3.957287606725382600e-01 3.566130073628477892e-01 3.558248479780241613e-01 3.535149673610257226e-01 3.674143318528826918e-01 3.734945449353846425e-01 3.720958505014718698e-01 3.844141725624995454e-01 3.543699337492229873e-01 3.546046969957328820e-01 3.588013862837882151e-01 3.729889014189021745e-01 3.692988486912345270e-01 3.550687043058048387e-01 3.460845488610942433e-01 3.520714233237045576e-01 3.547077112062328452e-01 3.642092162790137588e-01 3.568293239928703731e-01 3.463734186620721633e-01 3.557544077684211548e-01 3.526429153597803734e-01 3.539712741081230130e-01 3.514501654271490749e-01 3.587588161186845426e-01 3.598623706085198326e-01 3.547984611054872395e-01 3.499252530582022125e-01 3.555129245700220375e-01 3.709176868885092904e-01 3.724546743532343718e-01 3.572272344294795121e-01 3.684029947276050154e-01 3.681234150200825561e-01 3.752703802779089881e-01 3.819176862280496132e-01 3.716330253919598037e-01 3.741582719014526215e-01 3.650287560790517749e-01 3.776260016495735505e-01 3.850267209665398926e-01 3.831180478891154650e-01 3.734839495649816543e-01 3.719970556445880150e-01 3.826834255230571191e-01 3.744049576641166333e-01 3.735115515114045825e-01 3.746562436927596274e-01 3.737944057706393264e-01 3.619017701036766899e-01 3.682391885157282330e-01 3.672823017748405028e-01 3.658048714987180983e-01 3.557686115217894018e-01 3.583599480496054146e-01 3.631213364471207461e-01 3.473045284230514285e-01 3.564723977898440199e-01 3.666800988346071155e-01 3.652991149123988590e-01 3.576483309176819447e-01 3.604608910881325623e-01 3.636283775411183750e-01 3.652975834268467614e-01 3.524979835791723914e-01 3.565968315423311830e-01 3.635471836566273041e-01 3.631540586496124212e-01 3.574684463711123583e-01 3.513679296581895262e-01 3.631777446745486637e-01 3.449500620579426524e-01 3.540574916895983248e-01 3.537823864619499270e-01 3.567168238147761516e-01 3.609339853670778808e-01 3.562665120176607969e-01 3.555414767684861310e-01
-3.190803218397560148e-02 7.758351123042699082e-02 3.052875794274300114e-01 1.000000000000000000e+00 3.237819255082416969e-01 3.866618889193296771e-01 5.714299211208534457e-01 5.554088720721360728e-01 4.544302207385529924e-01 4.597762837136393776e-01 5.364155727620789627e-01 6.139967910630966808e-01 4.716264498505537972e-01 4.990420186097515587e-01 5.551155927621231889e-01 5.679167969579391739e-01 5.255112890007115345e-01 5.143786960653565776e-01 5.280828137462818539e-01 5.622229488269330222e-01 6.458242387429093956e-01 5.584709813500745579e-01 4.904015525636230000e-01 5.344139509787283471e-01 5.368093616831777215e-01 5.342882213725533846e-01 5.313437039484945057e-01 5.224652167647362289e-01 4.959894259621289714e-01 4.806638708520212244e-01 5.180216890815670938e-01 5.628462496838628759e-01 5.195747052210623051e-01 5.604998712035024200e-01 5.150754370752356204e-01 5.661821642193848314e-01 5.419640090525424947e-01 5.549764012963870341e-01 5.565258020454253440e-01 5.569144306447740833e-01 5.616790963095605882e-01 5.462322457674108067e-01 5.738797710020249188e-01 5.678530060006723446e-01 5.684141024061396541e-01 5.576959461805159890e-01 5.496592454444046982e-01 5.432820947828073121e-01 5.512471816654286316e-01 5.691973251795499067e-01 5.754429504144704666e-01 5.807578251757575805e-01 5.635410969508909407e-01 5.410274873732897616e-01 5.470352995047503830e-01 5.495256936732337838e-01 5.487245613640012731e-01 5.425371789959444468e-01 5.512933156552857206e-01 5.607096128407946800e-01 5.639127078589507569e-01 5.515960407020640277e-01 5.582555700759502804e-01 5.521573987278183271e-01 5.476995751674046398e-01 5.552159397704045096e-01 5.503732886602963337e-01 5.594983674899630666e-01 5.551451024371591991e-01 5.959768897789748943e-01 5.821220262483248753e-01 5.598408224298123681e-01 5.629923840732707907e-01 5.593645863116859518e-01 5.603020266021775386e-01 5.510668278666394082e-01 5.362577722402843694e-01 5.339462605715370458e-01 5.433265816951134974e-01 5.347554037428683404e-01 5.403829890222788812e-01 5.411143449470695588e-01 5.554915808249453191e-01 5.382803958744122319e-01 5.660109130965957913e-01 5.632722430619695464e-01 5.587234715848968802e-01 5.651087490472239683e-01 5.536164503189875408e-01 5.516697641617615000e-01 5.572851695348596257e-01 5.595451208614435901e-01 5.575960598933512591e-01 5.531154027522138250e-01 5.435634552497234928e-01 5.510385366730438106e-01 5.761950927021777247e-01 5.651965428816462245e-01 5.688424963827175551e-01 5.702466563925073784e-01 5.704616895380634212e-01 5.711242719869801254e-01 5.660829575204548991e-01 5.629694850357891411e-01 5.669446135334245129e-01 5.621684609861975490e-01 5.605002686333777628e-01 5.476896228967915725e-01 5.577292071134348772e-01 5.523090720433516676e-01 5.575952280673790451e-01 5.555940555667954195e-01 5.616280808434838123e-01 5.575552080464468707e-01 5.544497374445677140e-01 5.607454264863749316e-01
-3.199442810806277931e-02 5.000773927279030667e-02 1.869847586677614304e-01 3.237819255082416969e-01 1.000000000000000000e+00 3.104164318760923025e-01 4.715506998134773586e-01 4.239930039525707239e-01 4.078506470467316292e-01 3.976424070465426897e-01 4.254216037885639179e-01 4.834061227901519375e-01 4.772346901111417239e-01 4.404248561688834940e-01 5.003515182380745552e-01 4.806637216505521559e-01 4.215920279379319902e-01 4.050069761080292152e-01 4.494515199217090085e-01 3.989614463413947987e-01 4.561843055315937812e-01 4.696555577213091248e-01 4.264071598664873064e-01 4.328493411391843293e-01 4.575204267897884369e-01 4.696780568142300827e-01 4.561515214511352445e-01 4.525468917920832945e-01 4.283451584902687181e-01 4.194223194907527041e-01 4.468325740820430769e-01 4.770607196906440639e-01 4.454474951726025700e-01 4.736459998739802058e-01 4.320282583285278144e-01 4.655499724583098686e-01 4.620912386012348549e-01 4.757044798476772751e-01 4.767258220002927316e-01 4.727843728459310557e-01 4.857087687534726306e-01 4.874174955131611586e-01 4.883963005935514912e-01 5.002610573064278920e-01 4.885479258118606283e-01 4.891547573810725580e-01 4.912250216357714194e-01 4.877327199756513187e-01 4.915182353319990649e-01 4.779985458438190671e-01 4.891640467994805563e-01 4.812554107508033585e-01 4.908140999267415761e-01 4.844697568179474612e-01 4.788488607625590587e-01 4.835991117385736726e-01 4.690826813278029528e-01 4.851064321802455170e-01 4.848490990874431694e-01 4.891321510245842941e-01 4.905713359075962732e-01 4.838568293041228263e-01 4.867449061424198309e-01 4.875357559504082117e-01 4.847228601357795319e-01 4.837906949783982169e-01 4.915691948022432589e-01 4.913247849105651932e-01 4.877414150100277124e-01 4.940454902357224731e-01 5.039760371323677157e-01 4.973865400539299597e-01 4.866305865825484300e-01 4.938640436224556174e-01 4.890266514158722044e-01 4.895645281154034079e-01 4.831731566607440076e-01 4.740737585713560853e-01 4.818384058062150088e-01 4.783934418462712501e-01 4.856478749939026618e-01 4.856194813978860214e-01 4.831679118620784141e-01 4.820013038738866218e-01 4.905284365284938164e-01 4.937859775656272543e-01 4.925830105525469405e-01 4.955220723380474035e-01 4.915274950332856885e-01 4.913340669995687193e-01 4.904619039859974272e-01 4.998021646119349404e-01 4.974319270651004210e-01 4.959452663639079550e-01 4.925390156419606758e-01 4.927030107707656148e-01 4.973294793723740392e-01 4.797049378931487196e-01 4.934564260361315458e-01 4.985011727459703335e-01 5.028037918117257421e-01 4.950089202338717187e-01 4.992989564405077574e-01 5.047296336157320873e-01 4.958443420768261500e-01 4.795460754955203631e-01 4.899595863244211591e-01 4.895208395270642110e-01 4.907178883785345835e-01 4.922564964145211830e-01 4.967624790193554962e-01 4.946913735624809960e-01 4.908427548007986974e-01 4.922217463401870052e-01 4.936751852266014207e-01 4.926527383028293516e-01
-3.887996789366924416e-02 9.864417913392305171e-02 2.007833281784633939e-01 3.866618889193296771e-01 3.104164318760923025e-01 1.000000000000000000e+00 5.377070711434639438e-01 5.128190168261941295e-01 5.161307393474040550e-01 4.678995116356767237e-01 5.355045889344590693e-01 5.757418167419062760e-01 5.191765781215761377e-01 5.168146156549677794e-01 5.921303082038149590e-01 5.748520027516637043e-01 5.260278363035341131e-01 4.940845646161975413e-01 5.476102635851336498e-01 4.497209966423326710e-01 5.238666687579081049e-01 5.580921517499153328e-01 5.010017346577708697e-01 5.025189742683552341e-01 5.373612453529741373e-01 5.440627810951690346e-01 5.530079042952478208e-01 5.543860167417391516e-01 5.117665629894004864e-01 4.823226940201047475e-01 5.264110213826836970e-01 5.638000057115150065e-01 5.468064746386211983e-01 5.574465236672897506e-01 5.318531776735058170e-01 5.553510793177401927e-01 5.443144097529838410e-01 5.870252243409749271e-01 5.756668738376298222e-01 5.859634937685519462e-01 5.847670730623129032e-01 5.922119175005204905e-01 5.715224753593852736e-01 5.925125329472082925e-01 5.876155088354167999e-01 5.849336182606872381e-01 5.841361942453751066e-01 5.834773270513649024e-01 5.781163358191809820e-01 5.669043659182748662e-01 5.887276201560484035e-01 5.613083611881165558e-01 5.764611763507000441e-01 5.772165709428108693e-01 5.694662480556995643e-01 5.848063991168943598e-01 5.565696284815624395e-01 5.788833816246767849e-01 5.816143733267071791e-01 5.767664240641319218e-01 5.778569591435394059e-01 5.673474703445490208e-01 5.751598303369591658e-01 5.676636854444542246e-01 5.716904015262578298e-01 5.712259527629661715e-01 5.847447672058319057e-01 5.877851085313883228e-01 5.786317483655344374e-01 5.823838402922294488e-01 5.951589651273292425e-01 5.903626517557598596e-01 5.791761874262651988e-01 5.836867663489084812e-01 5.835898835004924567e-01 5.824484679587935698e-01 5.825328920413154199e-01 5.649288805249519374e-01 5.759387206855166585e-01 5.623965060922960779e-01 5.718643384912499572e-01 5.757298994499170375e-01 5.800060234081302335e-01 5.735359154826493722e-01 5.867181194164766689e-01 5.854913219183628392e-01 5.820366004378975111e-01 5.963774324071856592e-01 5.882706092672533860e-01 5.878875608308921086e-01 5.931866258638033296e-01 5.972066613892463849e-01 5.923287616100639807e-01 5.933135040604999855e-01 5.872454825928858924e-01 5.872942698954354279e-01 5.852279972941091257e-01 5.691102771464234822e-01 5.861244366662219374e-01 5.954288156472081761e-01 5.943278296044296471e-01 5.876405866855081150e-01 5.900507340372587173e-01 5.952572200594938856e-01 5.834483641005429044e-01 5.772047017211464626e-01 5.857191672457175979e-01 5.838026928090540579e-01 5.862892945723194860e-01 5.895754669453293628e-01 5.912414412110684747e-01 5.864109366664417289e-01 5.823932007219999596e-01 5.839922941607675888e-01 5.845502426842392740e-01 5.823517378547170553e-01
1.143153024488211206e-03 1.202318512549214596e-01 3.489339756906091328e-01 5.714299211208534457e-01 4.715506998134773586e-01 5.377070711434639438e-01 1.000000000000000000e+00 7.187002100774622093e-01 6.849759523548132334e-01 6.600232614300517442e-01 7.414222885254247997e-01 7.948805539917852547e-01 7.020587042818339230e-01 7.065795448906824205e-01 8.190632354735605247e-01 7.977598450925207363e-01 7.186346661889185805e-01 6.966739795510337174e-01 7.436372186769568682e-01 6.623574768089967035e-01 7.609562902386829419e-01 7.823795821410893803e-01 7.210145597649431082e-01 7.260348583469933281e-01 7.652844467940324025e-01 7.722619596432586109e-01 7.587632270086944741e-01 7.733094563320936921e-01 7.468071640278197698e-01 7.217304420409317300e-01 7.612783200212395185e-01 7.993302970660356443e-01 7.577100035127276589e-01 7.959172012882911318e-01 7.488536919972709205e-01 7.933186605398364621e-01 7.760172253053628788e-01 8.096172973513022786e-01 8.078102107714313362e-01 8.037820809815713341e-01 8.028534375437362813e-01 7.962705707038642000e-01 8.074451891114021729e-01 8.164591233428112327e-01 8.062069346685800664e-01 8.161190852985942268e-01 8.005039915407449191e-01 7.984687813264786937e-01 8.010626623545404890e-01 7.963189144381970230e-01 8.135132989213508248e-01 7.893364144924321923e-01 7.947940963736513931e-01 7.858163776266410272e-01 7.828274619840451809e-01 8.023317853403999500e-01 7.748814007137491133e-01 7.908250612210622199e-01 7.970267399398983654e-01 7.929597003108619369e-01 7.995920323812034658e-01 7.831476959984565722e-01 7.881517530189838805e-01 7.907150247557810374e-01 7.914254200901403857e-01 7.856332163314293515e-01 8.021449894317675966e-01 8.048301832397510847e-01 8.023610345482677930e-01 8.081523508992148885e-01 8.209157041962678036e-01 8.107890101534590555e-01 7.990137803070925804e-01 8.063458323525662941e-01 8.072753037472931714e-01 8.021632964630166507e-01 8.022227544455139414e-01 7.932783599548173248e-01 8.085675375549560284e-01 7.897900579137915322e-01 7.989423894094639378e-01 8.005145635159465201e-01 8.081961474983501148e-01 7.944418937217364585e-01 8.158771829479990467e-01 8.100747361310639549e-01 8.100965402971664897e-01 8.197473309172337297e-01 8.135834096363407930e-01 8.117834843403602951e-01 8.147285966219658393e-01 8.140653387225207371e-01 8.108814005471183251e-01 8.162617395908087214e-01 7.993761093781095450e-01 8.041811903174735932e-01 8.150553421284822964e-01 7.950921218808492119e-01 8.070046824509021777e-01 8.182159135139316364e-01 8.201242310910015210e-01 8.142077182520814915e-01 8.056721071585866145e-01 8.130808467846972754e-01 8.104799663769740592e-01 7.953602381017744749e-01 8.064888922264006332e-01 7.983171503154422588e-01 8.077302039736511396e-01 8.019747151080204306e-01 8.079967219941023293e-01 8.037500215339740128e-01 8.022921674032300610e-01 8.046867955932546224e-01 8.039642903600123791e-01 7.998880074568256449e-01
2.555658790008596276e-02 1.421744436395841471e-01 3.298121957924551317e-01 5.554088720721360728e-01 4.239930039525707239e-01 5.128190168261941295e-01 7.187002100774622093e-01 1.000000000000000000e+00 6.664253345656566685e-01 6.229854760251443135e-01 7.219552206460426724e-01 7.773517202359568889e-01 6.858598535266938745e-01 6.824799101259677592e-01 7.776875919470461751e-01 8.025611877168039587e-01 7.041687449622892059e-01 6.843619345796725373e-01 7.241557345511815402e-01 6.734135328591042136e-01 7.503936454022291924e-01 7.541664119330636629e-01 6.999255034239704187e-01 7.065532247612965611e-01 7.413712400465353181e-01 7.495080783251302226e-01 7.238764405700458537e-01 7.305693504964027030e-01 7.182167209496864713e-01 6.902067750091505083e-01 7.285145564146426889e-01 7.743356410358178676e-01 7.345340500325426847e-01 7.621377365050014951e-01 7.364582135508609406e-01 7.626312426824295443e-01 7.410562299911553907e-01 7.856424054784115762e-01 7.771131258957630905e-01 7.726124379113206153e-01 7.693670268407608592e-01 7.658558149728509346e-01 7.798562673129499911e-01 7.884619571877070632e-01 7.729208016994129071e-01 7.813539643619730191e-01 7.751252419379893732e-01 7.732481742348779052e-01 7.755223690553045834e-01 7.854148096619576469e-01 7.937979203536341677e-01 7.685417546108249676e-01 7.713924218241154929e-01 7.698369444156778485e-01 7.767017793283523819e-01 7.798002075962384705e-01 7.711032096627756793e-01 7.745159793740654663e-01 7.839844419246678742e-01 7.792825238147430555e-01 7.826972259259002973e-01 7.752997120421851740e-01 7.866004358866609536e-01 7.787822658355729732e-01 7.742242303351037913e-01 7.733479148764764721e-01 7.784493413794610905e-01 7.838659432893232415e-01 7.801316901982259244e-01 7.939711314651303198e-01 7.967114681469997794e-01 7.867038792733315189e-01 7.771142838291156263e-01 7.798536409966431160e-01 7.820837534336495533e-01 7.755211680748305136e-01 7.700615740589341618e-01 7.644514809022179280e-01 7.728441059238781996e-01 7.610319421593760847e-01 7.671108330662246289e-01 7.707989121657358167e-01 7.813197022718006979e-01 7.702916824114758310e-01 7.842789534757120817e-01 7.846290221498796180e-01 7.811085164404670822e-01 7.927031107146130795e-01 7.840354511692002593e-01 7.824003580728532414e-01 7.814403448787012874e-01 7.853556526923617387e-01 7.832768545771615631e-01 7.833528296495871901e-01 7.741450828209966994e-01 7.810413766136449221e-01 7.963934891109949454e-01 7.832809082841065695e-01 7.884785344529485762e-01 7.938224060432389484e-01 7.976305746123534268e-01 7.980178350408689836e-01 7.839595098762309755e-01 7.894021461717981580e-01 7.859023272436165275e-01 7.877288722706033974e-01 7.878762582711751339e-01 7.768676000619502142e-01 7.869989030826065601e-01 7.807662969636810502e-01 7.867170871729715076e-01 7.827462938166966921e-01 7.866455749909564421e-01 7.888331859755161046e-01 7.813080302323041071e-01 7.827214795321894014e-01
2.022496238192276752e-01 2.134776126009271524e-01 3.526521574450598995e-01 4.544302207385529924e-01 4.078506470467316292e-01 5.161307393474040550e-01 6.849759523548132334e-01 6.664253345656566685e-01 1.000000000000000000e+00 7.437695762752277728e-01 7.806394930546922684e-01 7.784624284676515682e-01 7.338941093277189243e-01 7.321770118368947644e-01 8.240325114796724915e-01 8.023175564501144885e-01 8.066763360233248914e-01 7.505838514829120678e-01 7.927029072142358634e-01 6.381095815354710377e-01 6.815455408989269381e-01 8.126892213003037435e-01 8.115197580832962387e-01 7.628704351049819810e-01 8.217275237819210432e-01 8.451283856579766551e-01 8.093819389748500015e-01 8.292789720882471904e-01 8.381344039284284175e-01 8.358200039089692668e-01 8.548529264279550732e-01 8.483449095563266873e-01 8.201596142286065039e-01 8.297004261636912181e-01 8.490518388240149150e-01 8.022626944642996527e-01 8.415853795407335358e-01 8.246989441574960056e-01 8.423701548814028772e-01 8.073749175517507259e-01 8.391729567627697062e-01 8.207405415124595649e-01 7.991523029160670921e-01 8.500144518002505922e-01 8.416989262127285709e-01 8.413277058340916659e-01 8.521571206545280885e-01 8.591688896279389143e-01 8.481917848746161059e-01 8.184112020118450292e-01 8.317746410563152670e-01 8.181752219177839125e-01 8.262571245109184837e-01 8.646583535612405447e-01 8.519723764530455767e-01 8.519088923569764216e-01 8.476905813759649799e-01 8.454716650017995994e-01 8.419011740615981454e-01 8.617420525297584399e-01 8.486920286703192318e-01 8.494979952649672761e-01 8.359003906842229492e-01 8.616196820533851275e-01 8.649856104783876232e-01 8.595312503605105903e-01 8.571296445144368503e-01 8.538476550861827663e-01 8.573075066906207242e-01 8.251031579005554395e-01 8.446618490111107436e-01 8.602485786872804407e-01 8.479665726238765355e-01 8.536634387350937603e-01 8.600172354719413104e-01 8.630919561364028825e-01 8.636826155393877436e-01 8.720274263859484343e-01 8.640625377881527847e-01 8.692427520383489981e-01 8.629941114656897172e-01 8.673464547273462832e-01 8.682875652057756577e-01 8.646206012215067460e-01 8.420776292974000432e-01 8.540240378038685964e-01 8.536496934890648314e-01 8.485536968343684316e-01 8.569619231427229034e-01 8.584982454354929127e-01 8.440265221495506509e-01 8.476780097939331515e-01 8.514313244238468359e-01 8.553212727755062916e-01 8.502380563168892014e-01 8.590246594107466827e-01 8.384645361988825041e-01 8.503173803715015078e-01 8.489245051230365213e-01 8.469140291985062241e-01 8.444049643522765214e-01 8.499959595531626499e-01 8.499448026066022122e-01 8.512085800357928056e-01 8.523244754178366245e-01 8.549696791523848649e-01 8.574145757903105514e-01 8.581053384303235498e-01 8.591236678963127815e-01 8.485004420343783549e-01 8.469076076516981466e-01 8.583618858902549720e-01 8.557506032384216699e-01 8.615570293697957238e-01 8.632997770764211376e-01 8.595364356545007745e-01
9.954586534124021391e-02 1.957254532792318813e-01 3.102320887627931234e-01 4.597762837136393776e-01 3.976424070465426897e-01 4.678995116356767237e-01 6.600232614300517442e-01 6.229854760251443135e-01 7.437695762752277728e-01 1.000000000000000000e+00 7.244734530526579785e-01 7.502338395479486444e-01 6.825056981036873305e-01 6.892324399779196087e-01 7.731822228533798969e-01 7.575378161696754153e-01 7.352377548092789983e-01 6.694575498926206292e-01 7.199743660124733324e-01 6.383357744293233216e-01 6.568500094786202670e-01 7.388816776649568263e-01 7.307144558740904516e-01 6.912560155176075138e-01 7.422866666108767220e-01 7.822858424873845307e-01 7.537685516411055664e-01 7.661857214129987881e-01 7.452822820945749216e-01 7.447914212762503094e-01 7.744949295282457236e-01 7.859502626408948478e-01 7.491029684130099398e-01 7.640339583454497374e-01 7.658418651407858935e-01 7.584965338251103972e-01 7.725686128476182413e-01 7.720863560192013919e-01 7.808030407422773544e-01 7.644516918821244733e-01 7.874594899968860862e-01 7.668223212586685600e-01 7.634249807037268853e-01 7.860823656386587421e-01 7.883622894185773333e-01 7.813068383326635669e-01 7.955855812097418767e-01 8.023262349229172141e-01 7.958469624207844539e-01 7.596235935600335054e-01 7.762868437648191566e-01 7.671312625808559549e-01 7.836176990418711741e-01 8.003390762122838398e-01 7.914935393794958474e-01 7.945982479479857252e-01 7.850892061465740701e-01 7.893790200774479793e-01 7.866867635611289877e-01 8.008894115962333915e-01 7.966251280911953447e-01 7.921186057258547963e-01 7.794258508983550326e-01 7.979948578980047280e-01 7.978215601841496252e-01 7.983333999495101363e-01 7.992156878070709736e-01 7.928454152604687000e-01 7.968099081983045506e-01 7.869134192807315520e-01 7.899717251850429944e-01 7.974425595419015744e-01 7.848641835939416112e-01 7.880274408093760341e-01 8.020952571676951415e-01 8.005963846229824377e-01 8.013295876935246920e-01 7.970918040222622070e-01 7.980895579833525710e-01 7.974561563923928675e-01 8.003957222741042710e-01 8.023530228898680949e-01 8.025536838141562601e-01 8.000444320603654624e-01 7.834634607372222836e-01 7.929532807837083030e-01 7.969704873474766638e-01 7.941730749866847683e-01 7.989278789444433926e-01 7.984362226304592136e-01 7.944432314624714220e-01 7.937717323757321752e-01 7.984008727644577030e-01 7.988325803200737596e-01 7.981272656058061576e-01 8.038971625731449189e-01 7.824085703445942119e-01 7.871151955241373344e-01 7.970705683621223114e-01 7.926663101557956947e-01 7.938372981949586293e-01 7.934590609056377808e-01 7.952249009552641024e-01 7.957214190645304219e-01 7.958126630554426262e-01 7.942053455206202761e-01 8.002222645554386560e-01 8.016319335426591586e-01 8.022256553598861029e-01 7.932785637487367314e-01 7.934321949170288768e-01 8.022127831321733682e-01 8.008992321583733309e-01 8.017015834994157819e-01 8.031338221956879631e-01 8.018206293653744599e-01
3.163984269161524560e-02 1.525411665474110390e-01 3.646457112061831651e-01 5.364155727620789627e-01 4.254216037885639179e-01 5.355045889344590693e-01 7.414222885254247997e-01 7.219552206460426724e-01 7.806394930546922684e-01 7.244734530526579785e-01 1.000000000000000000e+00 8.470205467661328091e-01 7.556030258484766060e-01 7.589706585153666030e-01 8.553129511277091090e-01 8.388905273772120363e-01 7.969513896407872666e-01 7.611818012340580974e-01 8.111572431078126755e-01 7.001550480860941894e-01 7.698070786348092387e-01 8.419763035443472710e-01 7.946184532352925656e-01 7.864215563674720189e-01 8.309021474506493865e-01 8.474628072348993069e-01 8.375095392591414001e-01 8.464254909277255656e-01 8.188218441120678204e-01 8.198673439631980475e-01 8.496982971091382453e-01 8.711154584889621022e-01 8.344059100552562169e-01 8.598166484827314271e-01 8.426053743603699742e-01 8.540673047444345967e-01 8.558193655507138065e-01 8.661409614350996655e-01 8.703555762738059975e-01 8.541797197010527753e-01 8.674362879620773903e-01 8.608556715300083040e-01 8.502303493879451723e-01 8.770190064898620852e-01 8.765247114599424849e-01 8.718816786649979944e-01 8.799860878561411859e-01 8.830422833655202641e-01 8.771610936626795807e-01 8.580073348822441215e-01 8.722947993220918628e-01 8.612751363970797547e-01 8.638802983395108548e-01 8.777142246515798885e-01 8.755666571020150890e-01 8.829882429229241048e-01 8.618119212092975046e-01 8.747631199526019197e-01 8.759674485334244531e-01 8.797446642039984388e-01 8.799439474617603008e-01 8.679441762495891943e-01 8.710861356429162594e-01 8.709021352362799062e-01 8.749718495379554817e-01 8.752252109266666080e-01 8.867871681161410002e-01 8.820551126258422414e-01 8.852402248489821268e-01 8.754950501215993386e-01 8.876350432304759286e-01 8.892065324456660536e-01 8.772028121863725270e-01 8.825628083708143556e-01 8.871700575408600908e-01 8.874634170490890428e-01 8.846319114288956342e-01 8.779931671608257604e-01 8.810272936455462167e-01 8.819930523127877953e-01 8.873140863619194407e-01 8.884309989579046718e-01 8.870507354994374705e-01 8.817594352096473909e-01 8.821439880187583737e-01 8.863603911543177505e-01 8.892579112158193189e-01 8.879730551436039176e-01 8.876689506691637366e-01 8.865061670489161605e-01 8.835036712656131330e-01 8.860830468167477658e-01 8.887562032535208933e-01 8.880437079530565381e-01 8.824132745271119349e-01 8.875707788780095031e-01 8.788992636038923667e-01 8.732352576443944692e-01 8.817341038413454291e-01 8.859996385308087641e-01 8.827216451522762464e-01 8.860056935839816239e-01 8.850608783118470990e-01 8.853684072926688575e-01 8.873049736271922949e-01 8.790086888803042564e-01 8.867730592515049581e-01 8.845102989218706080e-01 8.886782713908505382e-01 8.812763527883930026e-01 8.829340757311876509e-01 8.853990732632082139e-01 8.843598563726847717e-01 8.853127283381649892e-01 8.860878495060894311e-01 8.855003767317404240e-01
-3.002874449527563258e-02 1.269569056971505683e-01 3.643880412656443357e-01 6.139967910630966808e-01 4.834061227901519375e-01 5.757418167419062760e-01 7.948805539917852547e-01 7.773517202359568889e-01 7.784624284676515682e-01 7.502338395479486444e-01 8.470205467661328091e-01 1.000000000000000000e+00 8.044385065808166146e-01 7.965072906340118220e-01 9.046628102879648026e-01 8.946870832604914003e-01 8.242432354016118179e-01 7.706627180655098996e-01 8.305597511011540979e-01 7.591070902093582928e-01 8.427527677463855227e-01 8.707058066583093225e-01 8.029980333391084635e-01 8.064394598522929281e-01 8.445494286545477403e-01 8.736924121991316294e-01 8.598811147623723894e-01 8.581316823045136433e-01 8.185080515098515086e-01 8.094558755540325334e-01 8.537114299896620961e-01 8.978393169526514006e-01 8.438092446961906745e-01 8.782259942526001728e-01 8.496676717116777855e-01 8.757356796208567440e-01 8.744908034923907225e-01 8.990807018115555271e-01 8.939224746664724552e-01 8.889785535862605448e-01 9.064240606667746114e-01 8.988140701809577138e-01 8.934153012065473298e-01 9.176934671895619067e-01 9.087155793814741811e-01 9.053390584850710132e-01 9.188531905573777969e-01 9.180969755917499642e-01 9.158055144923938906e-01 8.882494605237678531e-01 9.132228790423851938e-01 8.977336067844274847e-01 9.083158059619026448e-01 9.100983110425971967e-01 9.050724949167243683e-01 9.103893482505972523e-01 8.915191689137407227e-01 9.120161063569763860e-01 9.137625928609559578e-01 9.183736605622806470e-01 9.179378627571656013e-01 9.060501866258868775e-01 9.074434393487686989e-01 9.053184938732864451e-01 9.094393713488893027e-01 9.089363497622994226e-01 9.206088570570426510e-01 9.171720467250648046e-01 9.148492714289089278e-01 9.259641924412891356e-01 9.307396207854329306e-01 9.229879821030479992e-01 9.078880490074212606e-01 9.122597842267882173e-01 9.204446981342327971e-01 9.146742546080186553e-01 9.063659811717363901e-01 8.955412126283336383e-01 9.012551136566812060e-01 8.986739541612126514e-01 9.092828441008190543e-01 9.130511146042247228e-01 9.101711155013647581e-01 9.012920996282690611e-01 9.101763129786177853e-01 9.156200174016273508e-01 9.184446906121884746e-01 9.229810477780496791e-01 9.181975026148936347e-01 9.174193417468876621e-01 9.145413288610674263e-01 9.251357435800656726e-01 9.240374193753283505e-01 9.211855672738367140e-01 9.189561391932536960e-01 9.217899081012334017e-01 9.103021429201547665e-01 9.015588887809390384e-01 9.217717397440224891e-01 9.240927262669175191e-01 9.253785493076469582e-01 9.221527970032930011e-01 9.244710127708685166e-01 9.267059162811863704e-01 9.210600448536196971e-01 9.089146769667499903e-01 9.201527048587710977e-01 9.184036016878487363e-01 9.206326250638127151e-01 9.210770772586922561e-01 9.225109572304995842e-01 9.236954761413399551e-01 9.211386086298881670e-01 9.185638820894019840e-01 9.197630884603889001e-01 9.211960348552586941e-01
-5.568496811454882491e-03 1.144637779672107031e-01 2.977137137053211813e-01 4.716264498505537972e-01 4.772346901111417239e-01 5.191765781215761377e-01 7.020587042818339230e-01 6.858598535266938745e-01 7.338941093277189243e-01 6.825056981036873305e-01 7.556030258484766060e-01 8.044385065808166146e-01 1.000000000000000000e+00 7.356645938198447254e-01 8.428409373072057731e-01 8.235732413321387169e-01 7.571403551675018884e-01 6.885590601417639345e-01 7.534386510324172503e-01 6.702547720663484254e-01 7.194915877313877717e-01 7.829714313625898425e-01 7.414266536595567336e-01 7.119351411678028763e-01 7.699562628622508287e-01 8.019565370508354718e-01 7.859223306346490023e-01 7.875800896005045182e-01 7.586832892476260692e-01 7.377820752665897874e-01 7.860703545715584939e-01 8.156644594159052630e-01 7.697282953264663607e-01 8.021921811771989264e-01 7.820150348439677268e-01 7.996203899571933116e-01 7.972193089417292100e-01 8.171648731237811658e-01 8.190713201314353542e-01 8.080949959641078317e-01 8.400417912580265822e-01 8.329561779554535139e-01 8.226024808664319510e-01 8.467094773055214851e-01 8.358730903701780957e-01 8.289905770477080660e-01 8.534448551902429347e-01 8.541992491802165022e-01 8.487827418485022202e-01 8.089369451063321836e-01 8.355287962052866391e-01 8.290196964435709859e-01 8.448058407050075269e-01 8.495597583442808798e-01 8.382778747765600169e-01 8.440361945779640829e-01 8.213020566497007957e-01 8.480712158362286868e-01 8.402412742975151616e-01 8.529248678276528661e-01 8.524451257595999643e-01 8.364331258928954238e-01 8.333209250593015538e-01 8.430911294946052958e-01 8.479170390867147855e-01 8.472666924529581589e-01 8.553233927926949809e-01 8.468759412253796803e-01 8.455166585702270643e-01 8.456848529685366822e-01 8.533101252857402397e-01 8.526074584401817091e-01 8.353354906985465123e-01 8.408534194334088552e-01 8.517004985343052947e-01 8.439519282313698856e-01 8.447888446204131485e-01 8.342012030599248451e-01 8.311482909612306624e-01 8.332821483638073179e-01 8.397619902605810704e-01 8.466231159254478111e-01 8.439531623084334244e-01 8.359981034853356530e-01 8.396943642567814559e-01 8.476126218167838733e-01 8.495108229406410638e-01 8.530921567261727789e-01 8.512442842846449365e-01 8.526952710960251647e-01 8.452844204477247825e-01 8.588641327009295390e-01 8.565543206520670472e-01 8.544130608252334946e-01 8.587475944649002324e-01 8.587430720448793187e-01 8.420799979787600975e-01 8.345531015339285874e-01 8.519941594907423088e-01 8.568284613793327731e-01 8.571571573406187028e-01 8.521097612856880499e-01 8.602868563739666241e-01 8.615385570486546740e-01 8.568725868077604613e-01 8.367026814360104536e-01 8.535860910965674675e-01 8.562203386520779169e-01 8.536308332166765434e-01 8.558782228738598397e-01 8.540967047127845380e-01 8.599774076118696930e-01 8.524417121472321890e-01 8.545074832081885896e-01 8.569823904308776497e-01 8.552764412961568752e-01
