1.000000000000000000e+00 9.569749330183401070e-02 1.602046035881825869e-01 1.216862550282037242e-01 -2.619633368871353632e-02 1.976878253041736838e-02 6.748039416116989597e-02 4.543759456112172329e-02 1.243379703651863455e-01 7.049652310959304835e-02 5.934987206413102484e-02 9.659956780333578061e-03 2.679344045594549140e-02 3.482235821117818375e-02 9.050506191140885934e-03 3.753908322144838827e-02 7.583354191946684031e-02 1.496564532671023628e-01 1.309373788976931074e-01 1.336036249670852216e-01 1.193004466343500353e-01 1.094653828972708687e-01 9.936647597998173043e-02 1.408698129485498052e-01 1.185637122832175622e-01 1.034906723395030842e-01 8.046072569245815709e-02 8.994390591934223189e-02 1.207502314719222369e-01 1.249022070905162485e-01 8.937726230774070690e-02 6.557256058137081456e-02 7.479956522230561677e-02 7.083305173959456025e-02 7.761563665512601073e-02 7.262237529686327298e-02 6.611947897878385494e-02 3.355655789707900905e-02 5.234612477312424600e-02 9.132979776005150166e-03 3.185508595328887665e-02 2.603937781025634363e-02 1.474191604343550767e-02 2.795816592111475402e-02 3.436288992665665482e-02 4.310900126162153789e-02 6.046817871842499574e-03 2.137856558138000879e-02 1.948156261970997866e-02 2.060117682114602500e-02 2.177324815337394401e-02 3.752241948532129140e-02 2.704594254701999864e-02 2.711969288861235811e-02 2.603823343514578836e-02 2.445154633221009385e-02 2.549692357253761574e-02 1.802346942097429044e-02 1.308149163460506706e-02 2.820682308773087357e-02 1.473489367555490086e-02 2.003354347801339710e-02 1.857301228429240197e-02 2.074446514202523545e-02 4.973904992142424292e-02 3.063612310665095317e-02 3.074473499527614201e-02 5.466770034005411644e-02 5.917060347615196725e-02 6.079954296152969423e-02 6.198951841257176187e-02 5.387598270173755977e-02 6.065083788595339309e-02 6.550535831813321386e-02 4.435067420869057142e-02 4.313804497708103453e-02 4.044444350640746116e-02 5.249217758752314222e-02 5.091584618528265105e-02 6.107429948093227867e-02 5.103259446655436515e-02 3.939388789899000293e-02 4.278164467573711965e-02 4.417379681175976486e-02 2.565934481871309444e-02 3.859169695705315373e-02 3.383558594740115888e-02 2.867260812266057834e-02 2.377890135796711588e-02 3.645935411646479551e-02 2.324528152706869383e-02 1.632423788014360916e-02 1.847834717253268172e-02 1.970918148077484625e-02 9.813371200041449971e-03 1.408494255761261194e-02 2.022212876842171408e-02 3.726481510379459766e-02 1.763549012067982397e-02 2.550356766857388852e-02 1.749802448183725156e-02 1.252994623431648302e-02 1.680698934996355601e-02 1.100379381307969688e-02 2.537895343251332994e-02 2.398921845241087925e-02 2.307949319533340871e-02 2.037916225665339573e-02 2.482224223399573035e-02 1.982610966291902671e-02 1.337837453933832590e-02 1.610955593679187087e-02 1.750546949902202776e-02 2.399956506328829176e-02 3.194519691650404142e-02 2.094293365751921307e-02
9.569749330183401070e-02 1.000000000000000000e+00 7.909796951573964952e-02 1.199044549447508962e-01 6.764732009458292172e-02 1.089410071671682856e-01 1.747282882310854102e-01 1.431541698558644604e-01 1.877293030484541991e-01 2.114399765076289128e-01 1.801462937674139508e-01 1.564061688110877646e-01 1.338996856109539724e-01 1.237830966697095192e-01 1.645059489507556261e-01 1.539188542074567401e-01 1.694505498053071324e-01 1.233444684530517754e-01 1.687308666490726361e-01 7.580623767872149421e-02 8.599788156494891922e-02 1.636774264725449901e-01 1.649765480635307369e-01 1.501240987155293694e-01 1.713421917997779154e-01 1.980705311843860006e-01 1.880819885960533511e-01 2.193500437303744222e-01 2.310187039958447042e-01 2.046616300543515343e-01 2.138207602648418693e-01 1.783209419225659509e-01 2.017963866101405990e-01 1.840764758369016207e-01 2.039435533647447063e-01 1.702083866800130907e-01 2.048105413754759130e-01 2.006249446172914952e-01 2.004092631415363424e-01 1.794018822134081370e-01 1.659125802713868336e-01 1.770261371945838214e-01 1.610863613250439197e-01 1.718741918593361950e-01 1.758126263116800148e-01 1.975773275151370967e-01 1.726013296242731587e-01 1.713905848243235386e-01 1.585655181753782006e-01 1.504946027079798188e-01 1.736006363234668670e-01 1.400242206805031309e-01 1.661361181330536785e-01 1.752457900466155016e-01 1.656370939803198106e-01 1.793940312897448208e-01 1.436058408801706709e-01 1.605465208911762420e-01 1.720926448641439677e-01 1.685324123533116503e-01 1.596633200160711696e-01 1.652972731859051747e-01 1.631836638995758648e-01 1.647865887402609475e-01 1.687904775631560439e-01 1.634404755585065205e-01 1.769706877278404422e-01 1.747979304976055859e-01 1.900878031226690967e-01 1.500112499507151032e-01 1.730533831415368429e-01 1.773458896659524664e-01 1.822597419285145459e-01 1.865718987323491673e-01 1.860788451777469210e-01 1.790332570034617321e-01 1.922734780314959424e-01 1.931332148487594491e-01 2.006989309795638998e-01 1.990564291686118259e-01 1.889810461331656588e-01 1.888343069474851532e-01 1.837898257988815065e-01 1.984077919720811101e-01 1.847020121865989850e-01 1.844697305403692755e-01 1.873255170999828800e-01 1.851539663907526001e-01 1.892281659603096411e-01 1.828615182132466432e-01 1.856065593838038263e-01 1.758862360005565284e-01 1.727924735545247059e-01 1.845940809536892602e-01 1.734213531936792674e-01 1.735829897230739272e-01 1.583808239088742020e-01 1.636344926947148615e-01 1.678675394054774395e-01 1.727099946237765082e-01 1.693384035721509084e-01 1.622016598878814331e-01 1.612537191861954933e-01 1.647909725838466455e-01 1.654406149766265155e-01 1.575283317976801656e-01 1.736839235624471622e-01 1.778220525677272346e-01 1.774161955513872402e-01 1.731257587941119336e-01 1.675234023436057984e-01 1.669512130711163778e-01 1.656305727056730237e-01 1.646761988131399679e-01 1.684740418599680323e-01 1.631954596166861893e-01
1.602046035881825869e-01 7.909796951573964952e-02 1.000000000000000000e+00 3.460345583525410440e-01 1.730111476935230486e-01 1.925879833870285107e-01 3.363816483429577509e-01 2.936501955748455073e-01 3.484063427552988035e-01 2.968361192405205573e-01 3.248390758208267171e-01 3.315991740903300733e-01 2.699988742735902059e-01 2.774691051992663748e-01 3.215272401238454258e-01 3.382282155083126129e-01 3.422921021756148985e-01 3.988378133474348997e-01 3.993998060967645092e-01 3.281787018165647218e-01 3.402031589168875714e-01 3.918899289544316988e-01 3.981775370419257665e-01 3.889950199440110890e-01 3.863628249585700503e-01 3.931907387888678440e-01 3.916072729625400539e-01 3.877440293904574897e-01 3.895517125006706105e-01 3.964558397118348454e-01 3.963999838482992200e-01 3.704897286939911605e-01 3.493655263888605367e-01 3.776241049128343241e-01 3.649646445437232378e-01 3.695596437410607615e-01 3.778884311417188280e-01 3.592026192557582487e-01 3.594317513088763905e-01 3.473685999691153992e-01 3.514470526317135524e-01 3.550715035354163329e-01 3.652499173669954691e-01 3.597073934397489459e-01 3.619041843764289057e-01 3.672095648501805254e-01 3.325351027538088200e-01 3.405283188982239917e-01 3.366342165439163980e-01 3.257049446462826348e-01 3.455247582025137709e-01 3.366822347508778290e-01 3.349492776939408945e-01 3.497614192715271519e-01 3.586641868325417537e-01 3.612189348866317040e-01 3.428301561044574397e-01 3.465673888362564292e-01 3.388379015926813453e-01 3.395684119587118466e-01 3.452582680027734274e-01 3.418765582871924891e-01 3.475804493913445814e-01 3.392282466832194365e-01 3.460306202570505030e-01 3.497367533487704683e-01 3.487767176498277055e-01 3.748790717660420158e-01 3.794333800181516336e-01 3.714579403472915708e-01 3.785094776282350582e-01 3.766045931689908643e-01 3.725715727505215513e-01 3.805599106229557438e-01 3.644904136048269794e-01 3.652503246369890877e-01 3.616457695476450462e-01 3.645289403898713809e-01 3.702424362575478245e-01 3.697226300707237012e-01 3.692461760364556533e-01 3.634986059113581303e-01 3.604127234881081554e-01 3.625168128115990873e-01 3.505458801834547278e-01 3.627705861516426489e-01 3.579428951658459312e-01 3.519915546703079046e-01 3.491184776684798652e-01 3.641678229376525411e-01 3.561180025415725536e-01 3.451371341258253622e-01 3.496192330807309512e-01 3.483193221880750978e-01 3.325276826762942894e-01 3.371420552831957407e-01 3.408050934458104475e-01 3.428707105529770205e-01 3.392349750258750185e-01 3.435100564617505348e-01 3.496322337316867812e-01 3.387627487916315405e-01 3.332861023757465735e-01 3.380208892100075024e-01 3.464400061755121829e-01 3.420060982029659580e-01 3.391439445641378780e-01 3.424937936599544708e-01 3.507554248227285898e-01 3.389291927051883979e-01 3.400611212646378889e-01 3.345064148160023509e-01 3.355092222205137698e-01 3.389011482981388879e-01 3.419062861774005424e-01 3.359415130401429694e-01
1.216862550282037242e-01 1.199044549447508962e-01 3.460345583525410440e-01 1.000000000000000000e+00 3.124314090986207160e-01 3.470874926266199201e-01 5.816853218847797269e-01 5.589814517924182047e-01 5.684940868652981205e-01 4.907469595357331626e-01 5.666662101127306617e-01 6.212915848791115137e-01 5.142829676407572048e-01 4.976306759610095720e-01 5.929196855808699373e-01 6.115056002744211350e-01 5.699989997684665743e-01 5.351576435289943090e-01 5.236837807805401201e-01 4.926541780170355933e-01 5.161892193057195932e-01 5.538046103000462406e-01 5.131997345210441708e-01 4.872751032371234747e-01 4.655148000650162765e-01 5.689471533572161288e-01 5.642096210539653267e-01 5.541112393572039663e-01 4.968811733742261039e-01 5.136767005453226620e-01 5.699038368492170825e-01 5.954092263645305305e-01 5.276439670507309110e-01 5.699839677869537047e-01 5.368066401333424498e-01 5.638268754247202086e-01 5.536544831680807466e-01 5.832146163377824877e-01 5.704671345104247449e-01 5.724065128117392653e-01 5.921515249690247895e-01 5.892828727321060001e-01 5.922848575962412765e-01 6.059023874485803818e-01 5.960082910823241154e-01 5.861130489364063667e-01 5.828032814475009316e-01 5.865213979150419865e-01 5.799990227530734677e-01 5.649004182676352626e-01 5.850408398718405234e-01 5.897788929802885161e-01 6.016084160082313392e-01 5.969091545015325906e-01 5.872619584084023403e-01 5.856812803943872714e-01 5.904407117839537422e-01 5.995860005760274003e-01 5.857346681281578871e-01 5.950815364111899930e-01 5.983039403947785217e-01 6.046252156454561266e-01 5.995065979705009873e-01 5.900437966821719948e-01 5.907158424829226373e-01 6.049247283494484373e-01 5.865495272911896985e-01 5.846136378389874544e-01 5.915329780102088764e-01 6.027569882108394506e-01 5.971536348326326182e-01 5.805387906326477943e-01 5.804818814974856966e-01 5.712437265790545338e-01 5.924948277549947351e-01 5.863628715956606952e-01 5.824458788588893210e-01 5.647052298240836654e-01 5.848821270777165848e-01 5.630111916516425952e-01 5.783277966030352379e-01 5.855995313609381192e-01 5.919045942467157095e-01 5.722731433335804807e-01 5.900408209169657470e-01 5.878935909869194010e-01 5.777459448347993520e-01 5.890222922766434888e-01 5.792329210936515427e-01 5.956553969255483638e-01 5.867159566662865089e-01 5.908824773074743408e-01 5.880256813777756664e-01 5.898731293602463843e-01 5.767423424555621070e-01 5.835362985188159435e-01 5.913748537766473357e-01 5.930977235304649708e-01 5.861347671806903525e-01 5.935517601303331725e-01 5.943537572247751255e-01 5.946759946005999442e-01 5.891270957790587515e-01 5.923733078806273644e-01 5.984423608826826557e-01 5.989804175831914268e-01 5.914089940565160353e-01 5.791878317781834484e-01 5.897517770574669527e-01 5.876645985152679774e-01 5.921691209542064849e-01 5.867329925902314836e-01 5.930691363472414546e-01 5.933194723355705857e-01 5.856378108413373695e-01 5.933160445612915002e-01
-2.619633368871353632e-02 6.764732009458292172e-02 1.730111476935230486e-01 3.124314090986207160e-01 1.000000000000000000e+00 3.081897366957118689e-01 4.328546174451144424e-01 4.515237920786979720e-01 4.341582845512102495e-01 4.167352222033889331e-01 4.302971669555912815e-01 4.922269494526985700e-01 4.656882543037363376e-01 4.211494961092858147e-01 5.031949240218392960e-01 4.835832500294323655e-01 4.381418670552543748e-01 3.457311267795292187e-01 3.509069867290016687e-01 3.325474422441072608e-01 3.583319314845072601e-01 3.822376174170648011e-01 3.673859245999968604e-01 3.264135314927538722e-01 3.328016865952254100e-01 4.396663095777885166e-01 4.393526310034890914e-01 4.144997473072020711e-01 3.601551394651687499e-01 3.458655134051085156e-01 4.254857535497975629e-01 4.732551596713649444e-01 3.896714336374760279e-01 4.374015172592106149e-01 4.229007910273165360e-01 4.226793147883009527e-01 4.375382662338215822e-01 4.598605119930498919e-01 4.547089998630067798e-01 4.698793977705406633e-01 4.985231548648264566e-01 4.909944631140150673e-01 4.612371892184580213e-01 4.957385323341731431e-01 4.847953232489841113e-01 4.655132592616483822e-01 5.003609320190346432e-01 5.030866985446901252e-01 5.045839227320059184e-01 4.790519733292460947e-01 4.852532418557554128e-01 4.786083981989557867e-01 5.060025145210709230e-01 4.854873919421901496e-01 4.775497182121252182e-01 4.868802474565510074e-01 4.729488822023167893e-01 4.983800471142441069e-01 4.825779209266904402e-01 5.012892275070248704e-01 5.020821099612039484e-01 4.845462731504833198e-01 4.692759321076672707e-01 4.925326445021691035e-01 4.842521553270118795e-01 4.950165482563068098e-01 5.007330228784365733e-01 4.794348975333916907e-01 4.807654160645018493e-01 4.897869042730571554e-01 4.778398528204417239e-01 4.721831449189229368e-01 4.762937422652332442e-01 4.663488250900560961e-01 4.897525289194276099e-01 4.840503030453833233e-01 4.842474482567566962e-01 4.678953713483196553e-01 4.794464494139533683e-01 4.681078702421746507e-01 4.815030978130329098e-01 4.838278264674867324e-01 4.884357728297072931e-01 4.756312237683701927e-01 4.930115914394178067e-01 4.909065636357087814e-01 4.872248469666405901e-01 4.916805266408965647e-01 4.947314278869642257e-01 4.893536391767104310e-01 4.945213983104770894e-01 5.031361416381151530e-01 5.023664418226180262e-01 4.964877498469792427e-01 5.070799651016860699e-01 5.052391969000280536e-01 4.981380951232858845e-01 4.997213000426734553e-01 5.069822777294732408e-01 5.032328712942533144e-01 5.001330561151158260e-01 5.009128135390663594e-01 5.093409986866178629e-01 5.070253442855797710e-01 5.047498859723963394e-01 4.961973063764195668e-01 5.069899001263995508e-01 5.017314105108723332e-01 4.991717681827700925e-01 4.984362187258035148e-01 4.981159649649279375e-01 5.065101055299250365e-01 5.007639219482162840e-01 5.076831768485690066e-01 4.952921681220434635e-01 5.082679423315142886e-01
1.976878253041736838e-02 1.089410071671682856e-01 1.925879833870285107e-01 3.470874926266199201e-01 3.081897366957118689e-01 1.000000000000000000e+00 5.146214897308097891e-01 4.733390016452949656e-01 5.001995448157863233e-01 4.816205961524100410e-01 4.937550762798534332e-01 5.548649882727271221e-01 4.896741976229695426e-01 4.870474149061125302e-01 5.670813476902021311e-01 5.429450589252705628e-01 5.042250948893696183e-01 4.278708096815747042e-01 4.664122558689395848e-01 3.555754576932459998e-01 4.071636330881295285e-01 4.883123496516882378e-01 4.821250560691427434e-01 4.423993731358306647e-01 4.546797312703039218e-01 5.349070562297706388e-01 5.464495022881813435e-01 5.344588041267571699e-01 4.823305151792831036e-01 4.873906101414327563e-01 5.448722560373235879e-01 5.559764052262727851e-01 4.995294072680939723e-01 5.320663966887551055e-01 5.220220228064247348e-01 5.147806322684251867e-01 5.435827448056255173e-01 5.534054893932469632e-01 5.568660426850611245e-01 5.598668275837137553e-01 5.731384682884936854e-01 5.778187887174237591e-01 5.569354576858860373e-01 5.807841501079413771e-01 5.735094439202272909e-01 5.738809599774682413e-01 5.820486485416875855e-01 5.811003631800598646e-01 5.780302594419542972e-01 5.488858101951989976e-01 5.634651999569293412e-01 5.306109749682483834e-01 5.733906519592875117e-01 5.681871375891204279e-01 5.701989635010260571e-01 5.745169749134318993e-01 5.510773668510551282e-01 5.717296435935048660e-01 5.708753298791763298e-01 5.772817737508887381e-01 5.749079547705648885e-01 5.661671219370549846e-01 5.587957953775577469e-01 5.663321815623710842e-01 5.634850262556519995e-01 5.687660720807782289e-01 5.781350310124221403e-01 5.727064883752517321e-01 5.742381673314497226e-01 5.509650751701818949e-01 5.673726466349940933e-01 5.741211549147128279e-01 5.672943194102848530e-01 5.687158248195461896e-01 5.832265282782226334e-01 5.765271840537321557e-01 5.802985307512774638e-01 5.665552571978944574e-01 5.696583162735109340e-01 5.660192663814092029e-01 5.787775140002974217e-01 5.782100506207272783e-01 5.795140221281394055e-01 5.749832029347151652e-01 5.742454037158486457e-01 5.771217073296242006e-01 5.786813453989885225e-01 5.802395437198600847e-01 5.815115036994864539e-01 5.756959520847111378e-01 5.843646426551348805e-01 5.842195216132199942e-01 5.804292095799296058e-01 5.813164797156353814e-01 5.819182295873206456e-01 5.822531203662125732e-01 5.760438442402107118e-01 5.735899343839085951e-01 5.829374209754106806e-01 5.807152030218521999e-01 5.814504880451752955e-01 5.759534633112721735e-01 5.835599266941765562e-01 5.823229219345132934e-01 5.766924210890737035e-01 5.715955890104131853e-01 5.826776210685075119e-01 5.830563547507858768e-01 5.836700279529154489e-01 5.806802362720681066e-01 5.818183865301428392e-01 5.791352783708489937e-01 5.765823949445035845e-01 5.780090066545283678e-01 5.775782075003462745e-01 5.785611154180645421e-01
6.748039416116989597e-02 1.747282882310854102e-01 3.363816483429577509e-01 5.816853218847797269e-01 4.328546174451144424e-01 5.146214897308097891e-01 1.000000000000000000e+00 7.430520521289980529e-01 7.441788713400580013e-01 7.099826465002729847e-01 7.397235680744908004e-01 7.934696542911646722e-01 7.067562895057413197e-01 6.863895003911413273e-01 8.284472575936313588e-01 8.018835989360251215e-01 7.461663111731133835e-01 6.590813258270739050e-01 6.748329662488976588e-01 6.012425880772437337e-01 6.355216938916872227e-01 7.187208774348217144e-01 6.912696600045800110e-01 6.269152522180744258e-01 6.360320318079575319e-01 7.855250001327749310e-01 7.682281206801367945e-01 7.738184138859962591e-01 7.022879618280415404e-01 6.962274407995668879e-01 7.843776660074897045e-01 8.027503814043230879e-01 7.386279513922160422e-01 7.576123314527031249e-01 7.475907353666221278e-01 7.464786687595006409e-01 7.717477658622065029e-01 8.102635603669303688e-01 8.013961719916425919e-01 7.880182779947987326e-01 8.114625136821501661e-01 8.171631263304183213e-01 8.000685035016944502e-01 8.262176176201075917e-01 8.052509877175565434e-01 8.136148249825673195e-01 8.146227353249779757e-01 8.128203736558231585e-01 8.034278668350238739e-01 7.748513479685471550e-01 8.083878127279657821e-01 7.707301504177755946e-01 8.077095424565817749e-01 8.154078507140181120e-01 8.086970735442895464e-01 8.096912702440256515e-01 7.959681933321177683e-01 8.168964121889358276e-01 8.123733601865069653e-01 8.152095241274942561e-01 8.129203236182456216e-01 8.190242506285948521e-01 8.127619499754140664e-01 8.063247465507616951e-01 8.059790845445562457e-01 8.134227574799017813e-01 8.126337090817430386e-01 8.063459135460784299e-01 8.146490763998307516e-01 8.093943131054480711e-01 8.074501594524086112e-01 7.996013186296040409e-01 7.942729589748503960e-01 7.862782714756697544e-01 8.178730194854536562e-01 8.147323201851790486e-01 8.168516611088990631e-01 7.969111459615442206e-01 8.072068227033796228e-01 7.953707745259760431e-01 8.070571106504365044e-01 8.121661823800324642e-01 8.182742807393300621e-01 8.083538879050563564e-01 8.128866827537019057e-01 8.061665509817910191e-01 8.092607055512277547e-01 8.222749676693008603e-01 8.152903582201517230e-01 8.204606644834815388e-01 8.193900693246991551e-01 8.204308809636238209e-01 8.131214496668317526e-01 8.211159217564781843e-01 8.092666415616722730e-01 8.141010507033087373e-01 7.998235031471753187e-01 8.040977498825279124e-01 8.104168918368231944e-01 8.169663356103384899e-01 8.143358770203245056e-01 8.159485850583459987e-01 8.090964106126422584e-01 8.174310522069204721e-01 8.093865489780699418e-01 8.105792038437104052e-01 8.132151945769993118e-01 8.118722638727288166e-01 8.178400058642568693e-01 8.174876677895840382e-01 8.209600626465336504e-01 8.139815870567508327e-01 8.173962719648407704e-01 8.120764559872493127e-01 8.078611426978811183e-01 8.121305699010746837e-01
4.543759456112172329e-02 1.431541698558644604e-01 2.936501955748455073e-01 5.589814517924182047e-01 4.515237920786979720e-01 4.733390016452949656e-01 7.430520521289980529e-01 1.000000000000000000e+00 7.343945492641773543e-01 6.919206127304483589e-01 7.356850622247547156e-01 8.128340766248682847e-01 7.350959803563885675e-01 6.916773055401480574e-01 8.192637823074766512e-01 8.327935181052731339e-01 7.434570489020470019e-01 6.259748414945008887e-01 6.251395534835608725e-01 5.929297451236322791e-01 6.031748441648200343e-01 6.674240641012496589e-01 6.415203882827671400e-01 5.717773811543200857e-01 5.706904089388969981e-01 7.566355735078830191e-01 7.357163297546502889e-01 7.268123566581400352e-01 6.623411859721041184e-01 6.531417720430156004e-01 7.535214962550645934e-01 7.939146520704208898e-01 6.945888728929681122e-01 7.388009585658490419e-01 7.176969542588590434e-01 7.361597595773776703e-01 7.446868764385931039e-01 7.952378362491275832e-01 7.853109147984678184e-01 7.716142544751612986e-01 8.136717468681763377e-01 8.134577762103986087e-01 7.933516796179316266e-01 8.211201244133889965e-01 8.012447226957581936e-01 8.022104119507809106e-01 8.228956540702707656e-01 8.244660254327176307e-01 8.179523046542890308e-01 7.853864737558154951e-01 8.109639166999336179e-01 7.803639685983591034e-01 8.214737353667719288e-01 8.180396152193264436e-01 8.100106008872101082e-01 8.030402825185106730e-01 8.077013467461011675e-01 8.221120984283400990e-01 8.180725091655260961e-01 8.254624677337586425e-01 8.264610899854856196e-01 8.275291594982462362e-01 8.167619678130481065e-01 8.198048851081263244e-01 8.161282499230062548e-01 8.244510525527877220e-01 8.190319832229937536e-01 7.981011628860701368e-01 8.005386350348446811e-01 8.119590457938701267e-01 7.941152546128377177e-01 7.889838675093494569e-01 7.838599207498866406e-01 7.664080527853837088e-01 8.141720617909227187e-01 8.111409161741935936e-01 8.094506630746450826e-01 7.931945885040462274e-01 7.983606872153748979e-01 7.867434598183477013e-01 7.969673296607883151e-01 8.072025987340344377e-01 8.164458111152620434e-01 7.946255036915823577e-01 8.122895532159150056e-01 8.048954582425953408e-01 8.026446155817618111e-01 8.234736638642915496e-01 8.162895480655666391e-01 8.179360501798664806e-01 8.130814217541991740e-01 8.231055698679451416e-01 8.193775548764442584e-01 8.242087284942288816e-01 8.219389118450597387e-01 8.249471942829986748e-01 8.164133012120888822e-01 8.208867913167017250e-01 8.256128360486372220e-01 8.234649800232757277e-01 8.240419301932746521e-01 8.316381953055133058e-01 8.269627058455434332e-01 8.300667161895989299e-01 8.233144220347600184e-01 8.280253133008330657e-01 8.266643060092253581e-01 8.211217332465160501e-01 8.221563829230145171e-01 8.252742207334775593e-01 8.285166307751888892e-01 8.279984617166709082e-01 8.318111640542626972e-01 8.311732217694299818e-01 8.199782118783393026e-01 8.289066874332750023e-01
1.243379703651863455e-01 1.877293030484541991e-01 3.484063427552988035e-01 5.684940868652981205e-01 4.341582845512102495e-01 5.001995448157863233e-01 7.441788713400580013e-01 7.343945492641773543e-01 1.000000000000000000e+00 7.803262661321848093e-01 7.837673866266711142e-01 8.270028510410847300e-01 7.499324296785506716e-01 7.087723575998219339e-01 8.522069404585685959e-01 8.422951074254829695e-01 8.255847027295873941e-01 7.055286053766094412e-01 7.634932644534275781e-01 5.752761685936075287e-01 6.476271568007682111e-01 7.855053418403901144e-01 7.738710369746275575e-01 7.078459557874158259e-01 7.336132326774873480e-01 8.614926656252113180e-01 8.410034279414241309e-01 8.246300233248425871e-01 7.906124864743605540e-01 7.885294367173770747e-01 8.569702642356260558e-01 8.542180557016231246e-01 7.747915790396602276e-01 8.159860339719102740e-01 8.021141224470248465e-01 7.902331185477905473e-01 8.332983881449719243e-01 8.477075256672628178e-01 8.413685931987593403e-01 8.001022903260232022e-01 8.711789570631176538e-01 8.641459139672886813e-01 8.137962684493798005e-01 8.712106147727685102e-01 8.499379933223905059e-01 8.618424805659958832e-01 8.686003410333641428e-01 8.770055487218273438e-01 8.683557266564675414e-01 8.329883183477632125e-01 8.606377713457326051e-01 8.359204901544486921e-01 8.720855296303864357e-01 8.773859664499845668e-01 8.637790031951037006e-01 8.574883092664667972e-01 8.596467966746730305e-01 8.730785337419343373e-01 8.682721653294875885e-01 8.786793510414155906e-01 8.686439240688489383e-01 8.704051707606108579e-01 8.630752245055727245e-01 8.607520646772554018e-01 8.818605660584369899e-01 8.781716870150620968e-01 8.805446400198786439e-01 8.755336094403075586e-01 8.774648944386206351e-01 8.490232053809445567e-01 8.656946062848767109e-01 8.752396887092365185e-01 8.655066639591425526e-01 8.617726211086149668e-01 8.817104418891743567e-01 8.809187871025387917e-01 8.741030591324522314e-01 8.719746871201871086e-01 8.744072992484491769e-01 8.776423176789807101e-01 8.779995476863632353e-01 8.795793173294609302e-01 8.734284408410142309e-01 8.709542187892159726e-01 8.639903876498413737e-01 8.680208537486419074e-01 8.681633882265710200e-01 8.744418087678625939e-01 8.712670102069345335e-01 8.702855007068385218e-01 8.644110797574864336e-01 8.731148720921293460e-01 8.726589228254414410e-01 8.744052318267574453e-01 8.716846847728405567e-01 8.748736708510969073e-01 8.470775626039467321e-01 8.698956270214512898e-01 8.698105371720694645e-01 8.707401881541413369e-01 8.579420728400385388e-01 8.670656091346826688e-01 8.715782253659195566e-01 8.725575294284493300e-01 8.709314607286363641e-01 8.671737711316948038e-01 8.740197669289355709e-01 8.741852051562577497e-01 8.754628161171281731e-01 8.788182703124289841e-01 8.702629697873504044e-01 8.770283753909364766e-01 8.731257344693045264e-01 8.724483341775696177e-01 8.823420094873207775e-01 8.764916440232696226e-01
7.049652310959304835e-02 2.114399765076289128e-01 2.968361192405205573e-01 4.907469595357331626e-01 4.167352222033889331e-01 4.816205961524100410e-01 7.099826465002729847e-01 6.919206127304483589e-01 7.803262661321848093e-01 1.000000000000000000e+00 7.406708714605533261e-01 7.858509698379091413e-01 7.106265923205082879e-01 6.884398546213218451e-01 8.147310546346578919e-01 7.910646588899399312e-01 7.618025349385840750e-01 6.168780912558139429e-01 6.862990362929100030e-01 5.013885398060080600e-01 5.818978828530220193e-01 7.148294827690908626e-01 7.079000299374218486e-01 6.360576270805824439e-01 6.649568749251405508e-01 7.982414080743900353e-01 7.861408734932046061e-01 7.835052574601643061e-01 7.354582509547743507e-01 7.219896016886786505e-01 8.001098591757803691e-01 8.138389504969534283e-01 7.347501439517605260e-01 7.709113692924683958e-01 7.599734970937629397e-01 7.441424993767553620e-01 7.846215942117350517e-01 8.115475247796305469e-01 8.033941795588116497e-01 7.817611080971836879e-01 8.322473219767574371e-01 8.270461559213411196e-01 7.792165923555056661e-01 8.280784379597109224e-01 8.159129272059716387e-01 8.229557318745548411e-01 8.351331151133717379e-01 8.374033757393496424e-01 8.292657852944307351e-01 7.923640026123365265e-01 8.193664604858716949e-01 7.738507203186499872e-01 8.241300894944798561e-01 8.309162461388552856e-01 8.187318978674347214e-01 8.219658045965376747e-01 8.028804409637592121e-01 8.258337758720326605e-01 8.276380863349972472e-01 8.336238372462203561e-01 8.261746088277067690e-01 8.215016502188201564e-01 8.116779700278584642e-01 8.165992427040789092e-01 8.251960980061723294e-01 8.270517911265544697e-01 8.366567443289518735e-01 8.250316693596199125e-01 8.292363696121572980e-01 7.945272603302786507e-01 8.165090926036298047e-01 8.242200233811540766e-01 8.176342543598500434e-01 8.138419491584154564e-01 8.372040390594556181e-01 8.318599853538679589e-01 8.349708166659969288e-01 8.294629310820207380e-01 8.320977591505830384e-01 8.296285847805904279e-01 8.328084200845388141e-01 8.373581641781236984e-01 8.325477801069650630e-01 8.289115503367365800e-01 8.299751030621685954e-01 8.287505377947005369e-01 8.316795285312826858e-01 8.380942560114443829e-01 8.364666440271901759e-01 8.284660721614474088e-01 8.319090395032282537e-01 8.374004759196082004e-01 8.345258120986123185e-01 8.387965548323720322e-01 8.371197248269298674e-01 8.389695084635951927e-01 8.098689703279274843e-01 8.233473391490547799e-01 8.312579673693155646e-01 8.326860687726482801e-01 8.233675917915685982e-01 8.271172350526374561e-01 8.310049797693943585e-01 8.337569579643838713e-01 8.268158391679990560e-01 8.204154898931758089e-01 8.352194217010029398e-01 8.359651759011926808e-01 8.348684470113253431e-01 8.381285054819546110e-01 8.322815224251829402e-01 8.360007820587768146e-01 8.316798570100476518e-01 8.295493695420435021e-01 8.338981021023773588e-01 8.319034205318730502e-01
5.934987206413102484e-02 1.801462937674139508e-01 3.248390758208267171e-01 5.666662101127306617e-01 4.302971669555912815e-01 4.937550762798534332e-01 7.397235680744908004e-01 7.356850622247547156e-01 7.837673866266711142e-01 7.406708714605533261e-01 1.000000000000000000e+00 8.359884046288326154e-01 7.421314317562024421e-01 7.082044970133397621e-01 8.413698897135013510e-01 8.313154538450017172e-01 8.014329729948802550e-01 6.952911474115128776e-01 7.429348749912935146e-01 5.591842183988425807e-01 6.444147460727022159e-01 7.660469726517431521e-01 7.574687939822773997e-01 6.993531302246972503e-01 7.112733675970009939e-01 8.343386301345289136e-01 8.192906081606825541e-01 8.234258161026876133e-01 7.632049679866845793e-01 7.626401284157123817e-01 8.430721932719998923e-01 8.542702716266268315e-01 7.876981883621042568e-01 8.271460516956475884e-01 8.085072830372339592e-01 8.055898024823521242e-01 8.274266774686925840e-01 8.569363060351881112e-01 8.523022695785447134e-01 8.346938496404705532e-01 8.671656204100808285e-01 8.636127910057337376e-01 8.358504968147499881e-01 8.686523228343705494e-01 8.676345754821085388e-01 8.527082515580891586e-01 8.661416775192446460e-01 8.681438465973022600e-01 8.653421471403863752e-01 8.374407226958624495e-01 8.643165977491896745e-01 8.265424155311058563e-01 8.567563308427460500e-01 8.645308758475865885e-01 8.561467819402271973e-01 8.655749512238271048e-01 8.476048926774720771e-01 8.661297132763667861e-01 8.668527564181284228e-01 8.654558902713314072e-01 8.676522323581157270e-01 8.627006337328088081e-01 8.580013825029755292e-01 8.630360100204469420e-01 8.620099279618204102e-01 8.684678960219857080e-01 8.732593919540497795e-01 8.703457926798652267e-01 8.738932405749092469e-01 8.475548279329354617e-01 8.621717478482441299e-01 8.661466585147014063e-01 8.630523146503087384e-01 8.566750887409970705e-01 8.743637116609414006e-01 8.700064610733596604e-01 8.677947397934168139e-01 8.571811556296785595e-01 8.688355186883298664e-01 8.629259928222633436e-01 8.691291156264583373e-01 8.711203439932572179e-01 8.755010138458768632e-01 8.705997362746120682e-01 8.745616105195206380e-01 8.722964828778793089e-01 8.738522619501533084e-01 8.774036269365234064e-01 8.746438592660418232e-01 8.721048233482087131e-01 8.763940722593001054e-01 8.752201020819063704e-01 8.748841108808343980e-01 8.758450793086152153e-01 8.713735320738332790e-01 8.736421052066808413e-01 8.593952749911200062e-01 8.608406511133200878e-01 8.705850750510737424e-01 8.726507185357030849e-01 8.718271235169917643e-01 8.694087622175539209e-01 8.664271853431096959e-01 8.729257989653533834e-01 8.685948089957382656e-01 8.653205822902821920e-01 8.725269160607985741e-01 8.730000023103333673e-01 8.746394180260728124e-01 8.750277400497730174e-01 8.722262741206976422e-01 8.696182275166373099e-01 8.696335387084466184e-01 8.693702081630313439e-01 8.684359256874454314e-01 8.685206400836164020e-01
9.659956780333578061e-03 1.564061688110877646e-01 3.315991740903300733e-01 6.212915848791115137e-01 4.922269494526985700e-01 5.548649882727271221e-01 7.934696542911646722e-01 8.128340766248682847e-01 8.270028510410847300e-01 7.858509698379091413e-01 8.359884046288326154e-01 1.000000000000000000e+00 8.173078292814295320e-01 7.742357492639265759e-01 9.209369202480994776e-01 9.107109813057762127e-01 8.459498013947968076e-01 6.952057775338220669e-01 7.365632021664227924e-01 6.010538499066742091e-01 6.608423792469860780e-01 7.782973056818720536e-01 7.543042852182454405e-01 6.798617642614257495e-01 6.955064037451873515e-01 8.608042722474169572e-01 8.598762374806467879e-01 8.380765288538010171e-01 7.605576840585488441e-01 7.599145961842229680e-01 8.671255055877633566e-01 9.029617169641488417e-01 7.937361513357713561e-01 8.547100877391387019e-01 8.277819807806633401e-01 8.417941936795751978e-01 8.555642511406592599e-01 9.001119176208882688e-01 8.937076856708097150e-01 8.875499500376662354e-01 9.295662147598384717e-01 9.260968006352301440e-01 9.010977396510873039e-01 9.353879768247894688e-01 9.171436435558515399e-01 9.085162370813194554e-01 9.384655593893345138e-01 9.371263715534855487e-01 9.352259687611936823e-01 8.995733843471113156e-01 9.210556876320293851e-01 8.882880916132775972e-01 9.316760803491459519e-01 9.257983600058091733e-01 9.200948012429612799e-01 9.228014931142570765e-01 9.153554592847319427e-01 9.337718071904091977e-01 9.301111888574967734e-01 9.362769874197517384e-01 9.387793995753618281e-01 9.318816527377390413e-01 9.213513642054196318e-01 9.281151812905983345e-01 9.223901458964479660e-01 9.333405157220444615e-01 9.343518607013252542e-01 9.139247541079197346e-01 9.149015489897495135e-01 9.005524243208429258e-01 9.074135298714797182e-01 9.108935074398197829e-01 8.999080529339634760e-01 8.908532620502983557e-01 9.300344423596579313e-01 9.257264693950647549e-01 9.241138967066373500e-01 9.072119242029732522e-01 9.142334142004602260e-01 9.017239220539087219e-01 9.144556814628664876e-01 9.226196856128537904e-01 9.298608010926561196e-01 9.113892295437520108e-01 9.283044306532325374e-01 9.233914015150676002e-01 9.209699795947037249e-01 9.342406549346154998e-01 9.304021550646016658e-01 9.302043729333336897e-01 9.309016853373155431e-01 9.385706948279624040e-01 9.364952846983897183e-01 9.372469292017118203e-01 9.379883250473987077e-01 9.392516592519478680e-01 9.287424124344303422e-01 9.294317361027059077e-01 9.377843679597200888e-01 9.372917693021333152e-01 9.374562574898139822e-01 9.391676410953561094e-01 9.391335148722108617e-01 9.426555477145077688e-01 9.368414642160083350e-01 9.316709040518988960e-01 9.390118608273644307e-01 9.345841947677554495e-01 9.367116206215903018e-01 9.366809420169199818e-01 9.375063153277503059e-01 9.372566717551116255e-01 9.376906908777247196e-01 9.390634998339462136e-01 9.327602048150381853e-01 9.378452910260154374e-01
2.679344045594549140e-02 1.338996856109539724e-01 2.699988742735902059e-01 5.142829676407572048e-01 4.656882543037363376e-01 4.896741976229695426e-01 7.067562895057413197e-01 7.350959803563885675e-01 7.499324296785506716e-01 7.106265923205082879e-01 7.421314317562024421e-01 8.173078292814295320e-01 1.000000000000000000e+00 6.985052749886990764e-01 8.322789767269487271e-01 8.174820647848757282e-01 7.568585198487156607e-01 6.011284114503011589e-01 6.350628126973201226e-01 5.354054727284529580e-01 5.749533153550928644e-01 6.820393169067654471e-01 6.482420221360635226e-01 5.818677030856196364e-01 6.020360595326611497e-01 7.708049869204245397e-01 7.574086138609397167e-01 7.364562261786095076e-01 6.755443950977734202e-01 6.672243552371760478e-01 7.690571365576334140e-01 8.056573117751409940e-01 6.953276129635741487e-01 7.444274378707660400e-01 7.307050357643833927e-01 7.257748284045315579e-01 7.534919325919670063e-01 7.940462984765604970e-01 7.905746727401832263e-01 7.710826423626742088e-01 8.374238817789273481e-01 8.284665602654759375e-01 7.881816686150975304e-01 8.356375829223706697e-01 8.169692491546789448e-01 8.128775181263300231e-01 8.486882961090488342e-01 8.508873350144758874e-01 8.453500777170938063e-01 7.917971056053961787e-01 8.205921458165768012e-01 7.811191535530301877e-01 8.418021565114864879e-01 8.387601200585901307e-01 8.236507801402024320e-01 8.159306119499465382e-01 8.139470874289355118e-01 8.394722336865043655e-01 8.357806657127049288e-01 8.548699501899179598e-01 8.498440241656320948e-01 8.404968029991898293e-01 8.220014407926663491e-01 8.369245144004973103e-01 8.355484899798374387e-01 8.420559243778563685e-01 8.487643144472900580e-01 8.225644202327340171e-01 8.234717761923282531e-01 8.137706789892229509e-01 8.125786479727309386e-01 8.200388331549859355e-01 8.108343876654191540e-01 8.003832799902673711e-01 8.378071723099582702e-01 8.346538085982283528e-01 8.307518985969356562e-01 8.193242959633275646e-01 8.246596745964136499e-01 8.184551457061740587e-01 8.251723550546052888e-01 8.361888825731768060e-01 8.326824182229556337e-01 8.229649403208775249e-01 8.308833952810642520e-01 8.267037849293188412e-01 8.280345642811944851e-01 8.394849817586804708e-01 8.420883105065787300e-01 8.295408382165211369e-01 8.341116222420645876e-01 8.489271678211242067e-01 8.462459513587838877e-01 8.479774674683563385e-01 8.546081708885894246e-01 8.547405161282226604e-01 8.271496294505081837e-01 8.357142540736067771e-01 8.513902968693922713e-01 8.450251522715889196e-01 8.411704570667484226e-01 8.483523938509603957e-01 8.541051370684885624e-01 8.540951380518846392e-01 8.405778549563877045e-01 8.401515985887163529e-01 8.500424688098590087e-01 8.491876042256801815e-01 8.460025901335910259e-01 8.488416724269440827e-01 8.462022553549849446e-01 8.576644720503338037e-01 8.515401804460330792e-01 8.527684251570780694e-01 8.470475590347811279e-01 8.534649644960382586e-01
