1.000000000000000000e+00 7.391438593232152465e-02 2.525314636892370124e-01 -1.449970793322003793e-01 1.601981089425853766e-01 1.267054071720210007e-01 -9.623333530910969935e-02 7.651912460573030705e-02 1.931650515078677521e-01 2.065331586895812199e-01 1.294735622466902936e-01 -1.666035284635529121e-02 4.915395535598350574e-02 -3.285095896044461922e-02 -4.050008314210843535e-02 1.430289833063802703e-02 2.445393321515371421e-01 3.679676776835582031e-01 3.625713849720816340e-01 2.507226185734212631e-01 2.387785629635650331e-01 3.096928992420671101e-01 3.786519813239835885e-01 3.177849358754734066e-01 3.026791130447555322e-01 3.272995051538142852e-01 3.250978914231777983e-01 3.416192652348576941e-01 3.340754188969439209e-01 2.973678145001223960e-01 2.685229575087660359e-01 2.156404610115667253e-01 2.755797606219633766e-01 2.220155594498405272e-01 2.710102025255408109e-01 1.787725498672739777e-01 2.241894793589499224e-01 1.614958007440847887e-01 1.714907725134901806e-01 7.448487162931996530e-02 1.266466017293506607e-01 6.556897546751605521e-02 7.184293439737227116e-02 1.050518075745650592e-01 1.608261970772160432e-01 1.470718230187194053e-01 2.026053838830696452e-02 4.580863063011438724e-02 3.558824050556127355e-02 9.402377320782821790e-02 1.264329977131794513e-01 4.489887616551143518e-02 2.765189992068740887e-02 1.290043203687024909e-01 1.225061053046057613e-01 1.579481688238062176e-01 1.209777534387314474e-01 8.550314026776176246e-02 6.582111991702978282e-02 6.938428594753751066e-02 2.826264927122768000e-02 7.320735815254954260e-02 1.057482521947543247e-01 9.038077960559530444e-02 1.329969712904781332e-01 9.482212329073294588e-02 7.035597698382418941e-02 1.378596132399332874e-01 1.409748043349638158e-01 1.104606505583448639e-01 1.270432844073763612e-01 1.388141393889014141e-01 1.551121729455236242e-01 1.463118426019922869e-01 1.351028905927325330e-01 1.275782744060060536e-01 1.272469463609167406e-01 1.574918618859915687e-01 1.151298332800485963e-01 1.362346957704780037e-01 1.363817258582204484e-01 1.239153399835051239e-01 1.346082210360277920e-01 1.501957921478132563e-01 8.561769012194937745e-02 1.087750860874946435e-01 9.456211832227383318e-02 7.663717245699076808e-02 9.147479700850329187e-02 1.160290547942230549e-01 9.139671064494503394e-02 4.623497438647938829e-02 7.700682474917057430e-02 7.949972566818999664e-02 1.248263634324064779e-02 3.126686996605026331e-02 2.475766741995020018e-02 7.285447431002027574e-02 1.783346593756633333e-02 3.730922732279755294e-02 2.151600177330444813e-02 7.570262847215850077e-02 1.002765499288565433e-02 3.115112676662977823e-02 4.357833591757173664e-02 7.429647917644031929e-02 5.534625060410694464e-02 6.028161823374660749e-02 8.445535696620674881e-02 3.345906359138824809e-02 5.130380381277858254e-02 2.854925138277594060e-02 3.536236865637789467e-02 3.197923256594387836e-02 6.393777393350340288e-02 4.370822457503833330e-02
7.391438593232152465e-02 1.000000000000000000e+00 1.376489611300282800e-01 6.867445572929260778e-02 1.348321089555936381e-01 1.615611534250765702e-01 1.012252119629244024e-01 1.323345441839960390e-01 2.092075038576289570e-01 2.381682760285347977e-01 1.752746391674706306e-01 1.355954019069608996e-01 1.288308723314489368e-01 1.045551142245126353e-01 1.400700443491615932e-01 1.394406301106201340e-01 1.117803684655226809e-01 1.280771361143739628e-01 1.660962589013414981e-01 5.661100068063144169e-02 1.102743377141442299e-01 1.718604998290586272e-01 1.619414950886642612e-01 1.207915945009344350e-01 1.558130689937456403e-01 2.200185004178659420e-01 1.717148972219570691e-01 2.060953566365649192e-01 2.407344728403749134e-01 1.935098681898207162e-01 2.250790379804613606e-01 1.582013560349781189e-01 2.267306406444578037e-01 1.804802400823513620e-01 2.225897240800330523e-01 1.773117712933208190e-01 1.965010651989593515e-01 2.362301626661657550e-01 2.116862100205853248e-01 1.752067408462327502e-01 1.605660240412770945e-01 1.900585037413261291e-01 1.431557289863686355e-01 1.772068310353321630e-01 1.702379842545462818e-01 2.041883131687445285e-01 1.751168800731953690e-01 1.721969467344631743e-01 1.597449395956093976e-01 1.787902331309629278e-01 1.777799397670677961e-01 1.102148481976120281e-01 1.481116230548993606e-01 1.829648747304074841e-01 1.981488797587808159e-01 2.043874619181056118e-01 1.652240716365785400e-01 1.863646025954237284e-01 1.881024271241893420e-01 1.810038218805310462e-01 1.587725916320867348e-01 1.860418950692174223e-01 1.713230718950183862e-01 1.698624842625772180e-01 1.676340297014971836e-01 1.656132759654976860e-01 1.516760025955050939e-01 1.474956785077211618e-01 1.601382034426476197e-01 1.295679836959845732e-01 1.503317155108091774e-01 1.649613069211463001e-01 1.511946820075139863e-01 1.533157553518623983e-01 1.826214074505269902e-01 1.851743364518153301e-01 1.991620532326579540e-01 1.924002592212593898e-01 1.841936866230472480e-01 1.899839989050321476e-01 1.889880721756309334e-01 1.851645204225570440e-01 1.765426574745357080e-01 1.915613408857312072e-01 1.631402875495863158e-01 1.622952493167476584e-01 1.690787919853130317e-01 1.802531777463239060e-01 1.780806796252129010e-01 1.856793528095260493e-01 1.722695748621477507e-01 1.700805469596012864e-01 1.597551065858957009e-01 1.654964673817069520e-01 1.607238568724987104e-01 1.551354234657747466e-01 1.352073766881040640e-01 1.499268667345333150e-01 1.413563666896281434e-01 1.546189039721201086e-01 1.406784229260985286e-01 1.535491850413916726e-01 1.403725431596362372e-01 1.463522743727791176e-01 1.363302227983158033e-01 1.501370031647560332e-01 1.529909866922250228e-01 1.766405481868807970e-01 1.813779221224617322e-01 1.752745502556077584e-01 1.769039830445816308e-01 1.651184096152605585e-01 1.658587750048374498e-01 1.530866288317294377e-01 1.548269641034765443e-01 1.474365750403076603e-01
2.525314636892370124e-01 1.376489611300282800e-01 1.000000000000000000e+00 2.368084314814362379e-01 3.432632494697033798e-01 3.065146727682679928e-01 2.251728087285101154e-01 3.189637334264442403e-01 3.700207701345435418e-01 3.869252625915372557e-01 4.180344107923278374e-01 3.398807717720400134e-01 3.389424767133694116e-01 2.474581003774777022e-01 2.890092480030136968e-01 3.343358542263217270e-01 3.871232930503497038e-01 5.154181710259748694e-01 5.257064486769330580e-01 3.916818537804221401e-01 5.118365589019212569e-01 5.356433805361903167e-01 4.923799413797252944e-01 4.748701413528567117e-01 5.023480667375433972e-01 4.811785516348768832e-01 4.938225084233053841e-01 4.887482660089746966e-01 4.794354715884430740e-01 4.902919770262537669e-01 4.870185201581181955e-01 4.225772745853516033e-01 4.833295370572153193e-01 4.352750952790608308e-01 4.843937472491794960e-01 4.433085661947510636e-01 4.625090273423842491e-01 4.163977712884404103e-01 4.419557329825972714e-01 3.674398832117330427e-01 3.878170795032478413e-01 3.675336009443915253e-01 3.870328423918293348e-01 4.107417643438938670e-01 4.349363877481066676e-01 4.158558814969757766e-01 3.337691238318230558e-01 3.380216556292347518e-01 3.261139524959597025e-01 3.781516767616419639e-01 4.070366169950578872e-01 3.670980158703713858e-01 3.459794474436586054e-01 3.737183305697810431e-01 3.852858754169604660e-01 4.017912671845584316e-01 3.804466140803274832e-01 3.778719459010497217e-01 3.673249203049418488e-01 3.567531893629379836e-01 3.457151589165824435e-01 3.663887759067572247e-01 3.848913151860882675e-01 3.750148869009665153e-01 3.976790283854794161e-01 3.787706641535478758e-01 3.525420165904570302e-01 4.318426886340205328e-01 4.070312669546498063e-01 4.065194950158147469e-01 4.523559991329416663e-01 4.274749032214179012e-01 4.208258928073185801e-01 4.381472825137161520e-01 4.035310978630657908e-01 4.126882184848432722e-01 4.094028937969819149e-01 4.182466755326429975e-01 3.952260719785286036e-01 4.137110879387924656e-01 4.240067073567395095e-01 4.130633562140202386e-01 3.969755097134978206e-01 4.204828793202748383e-01 3.681597998561382257e-01 3.884219931654904756e-01 3.963834388071254544e-01 3.748804931274696273e-01 3.881942213328438140e-01 3.901154076637644574e-01 3.814785590523154801e-01 3.583803235249911068e-01 3.819193084313254327e-01 3.784052293654122656e-01 3.314232317820991480e-01 3.362595446525132314e-01 3.318501641212381337e-01 3.548047027745429571e-01 3.363809290683963948e-01 3.520213558696164702e-01 3.496788407853873015e-01 3.699523101878045561e-01 3.300782023036717971e-01 3.505254409498462231e-01 3.519548453066938531e-01 3.571893435087654112e-01 3.381503760567961536e-01 3.572802786677611309e-01 3.699830347694654242e-01 3.507704423401958871e-01 3.610471453934140929e-01 3.388270700989220452e-01 3.463287508531978642e-01 3.416042034080575274e-01 3.582356563897872714e-01 3.480635621460757001e-01
-1.449970793322003793e-01 6.867445572929260778e-02 2.368084314814362379e-01 1.000000000000000000e+00 2.881261503399081825e-01 3.185683469072374541e-01 5.340775830161531568e-01 4.714340771221410820e-01 4.101541577493738044e-01 3.593428777086035697e-01 4.714627916554784970e-01 6.236149190463201597e-01 5.238015427053646089e-01 4.973829013405078880e-01 5.801233150831329732e-01 5.451825394863430985e-01 3.800457147895167087e-01 2.788061335649029138e-01 3.118216660054896616e-01 3.119803777296275005e-01 3.644943264600658539e-01 3.754852738155970981e-01 2.720805052458239448e-01 3.297581808280043436e-01 3.717690816964714373e-01 3.253291156891742752e-01 3.497536663201429308e-01 3.011431865700806565e-01 2.783773360911143691e-01 3.732839036778242137e-01 4.119592597141499279e-01 4.251349698151585810e-01 3.448906914601734264e-01 4.271235224688425536e-01 3.638686468140000518e-01 4.863372854778080234e-01 4.507530610200466414e-01 4.370565404276522958e-01 4.731696707289377857e-01 4.819983214218903633e-01 4.931880419798771453e-01 5.223440032262793853e-01 5.494358073370897433e-01 5.299589079455833129e-01 5.026051260292154765e-01 4.891217528598233999e-01 5.392654125842440971e-01 5.160417457021303500e-01 5.171144643566096821e-01 4.987423401978262061e-01 4.928132999478746501e-01 5.756899495830567481e-01 5.500377380487201373e-01 4.581513928862516183e-01 4.620101754512899728e-01 4.398396072268453971e-01 4.760390688200822340e-01 5.048570272044398122e-01 5.021218932051120243e-01 5.128256564018059960e-01 5.545475566830968539e-01 5.055707677132240674e-01 4.977015949471753076e-01 5.202439687572780747e-01 4.961249566756653073e-01 5.210049549501729604e-01 5.235163753195739567e-01 5.096572961785325040e-01 4.958532460036775280e-01 5.205456453679170314e-01 5.231122280727829033e-01 5.088858159424264338e-01 4.917035323152221804e-01 5.165504712804320775e-01 4.874910402471323567e-01 4.973596740934650984e-01 4.905012035114580948e-01 4.695957498483571690e-01 5.021419697385118841e-01 5.043333113676962132e-01 5.014516801526429646e-01 5.118464800937002623e-01 4.873372998869316408e-01 4.745082005349424148e-01 5.045501979311532992e-01 5.141074960455997989e-01 5.329110787476981637e-01 5.149579968232375071e-01 5.191930505413843155e-01 4.923189231820481182e-01 5.101247816632444865e-01 5.378872947493475998e-01 5.360227851102605801e-01 5.331016950974239998e-01 5.466232397932968556e-01 5.364987650226160643e-01 5.397593978665095049e-01 5.254695924719139377e-01 5.600737406066560453e-01 5.414794104225889582e-01 5.668350099050645241e-01 5.280592404308158683e-01 5.671721789188175489e-01 5.560362552942470504e-01 5.565400615997759814e-01 5.191857404998073688e-01 5.230477074041171015e-01 5.189201825594177420e-01 5.060012518192826825e-01 5.360998506453916734e-01 5.259451578092129154e-01 5.421576248746222682e-01 5.409691327561556573e-01 5.491824202195092486e-01 5.306627472406809654e-01 5.478791400627418540e-01
1.601981089425853766e-01 1.348321089555936381e-01 3.432632494697033798e-01 2.881261503399081825e-01 1.000000000000000000e+00 3.841754354231688984e-01 4.232699705756168274e-01 5.266553984365139884e-01 4.918390373697593132e-01 4.587573757720366241e-01 5.028391550350438388e-01 4.658288754369430684e-01 5.208808807958408282e-01 3.859649432740809294e-01 4.884312731754901771e-01 5.032916790672180563e-01 4.576756496329975055e-01 5.184862238993726002e-01 5.212300717900495428e-01 4.604361309755382048e-01 5.144259134885369456e-01 5.580158156958736626e-01 5.014136964300164312e-01 4.807725037960303704e-01 5.152579664160544803e-01 5.384648379089855830e-01 5.405749639471985057e-01 5.378091139462887194e-01 5.198532916050634389e-01 5.267668276523074233e-01 5.509765326382319861e-01 5.040604731675877304e-01 5.223458034367504110e-01 5.076102994484078534e-01 5.265829017421872482e-01 5.413462567760527477e-01 5.264484784961835917e-01 5.264979630721586812e-01 5.450546452965354671e-01 4.980899072293240581e-01 5.093611186144882952e-01 5.224759172621344927e-01 5.411383850705770993e-01 5.456206907047326249e-01 5.426417098819021900e-01 5.443087785130603651e-01 4.772322947102853319e-01 4.719651441963211846e-01 4.643166386913410437e-01 4.989626101925774826e-01 5.251137950134753263e-01 5.131022242311268355e-01 5.004598534145658917e-01 5.010279170702088836e-01 5.211410211003947301e-01 5.187664007163363955e-01 5.200755254633249169e-01 5.210689197578499687e-01 4.981548732821801106e-01 5.089988036275098215e-01 4.979376294014361548e-01 5.158573618930851756e-01 5.285385266338870069e-01 5.192934188410309737e-01 5.215694111912101416e-01 5.259668454112629288e-01 4.875498820095016672e-01 5.310724357711513743e-01 5.204540503583428013e-01 5.320109847213182475e-01 5.459491532830031968e-01 5.296286165971312299e-01 5.164032730992551556e-01 5.285973076047870700e-01 5.176021089940552322e-01 5.238608741021691939e-01 5.267183755057295302e-01 5.258158290200155571e-01 5.099981690861046246e-01 5.231736339695004512e-01 5.198558934300945289e-01 5.221270723611903808e-01 5.154331410458242724e-01 5.248132331434151032e-01 4.981980846357997872e-01 5.070105318213579126e-01 5.136743802136992665e-01 5.089978307681679581e-01 5.127760552212461409e-01 5.201253392812242859e-01 5.085652311401033243e-01 5.014791317489059042e-01 5.093558460339643323e-01 5.138532916541445061e-01 4.762388813457645864e-01 4.770679657965645748e-01 4.871688053533862472e-01 4.974000129108633317e-01 4.850665700632171840e-01 4.927910583577422843e-01 5.044730939083352794e-01 5.129267415525221585e-01 4.841006510428032539e-01 5.014298737405793460e-01 4.987276007338594108e-01 5.091784484009045375e-01 4.813700702368712281e-01 4.908778053286105281e-01 5.048357646131834686e-01 4.942589857047688384e-01 5.029473475432739704e-01 4.905169655327640266e-01 4.991437167120047480e-01 4.900777066779735680e-01 4.963597810575547942e-01 4.967799052091838030e-01
1.267054071720210007e-01 1.615611534250765702e-01 3.065146727682679928e-01 3.185683469072374541e-01 3.841754354231688984e-01 1.000000000000000000e+00 4.516730505304769605e-01 4.887084830136936286e-01 5.406624300862591381e-01 5.055897729888033654e-01 5.335526962018276587e-01 5.420583316186116107e-01 5.151406840080056115e-01 4.587578773946831001e-01 5.336813280580732233e-01 5.429646253087029306e-01 5.084202251567998543e-01 5.269760709585890046e-01 5.679432394485598445e-01 4.574286266263301592e-01 5.076384988124256203e-01 5.791430477558853207e-01 5.528899486306169120e-01 5.422236650139942160e-01 5.645069100070624346e-01 5.695668045904571652e-01 5.776184443016301184e-01 5.679054747435906547e-01 5.742672928222208872e-01 5.888052594398862638e-01 6.016830517199188710e-01 5.858448153742253917e-01 5.717587129696860559e-01 5.839464643704604940e-01 5.924894173109750417e-01 6.133712103753021783e-01 6.061485834844917431e-01 5.762811029050428635e-01 6.067547942864586208e-01 5.617063778172766142e-01 5.777646082689777973e-01 5.825986471770465691e-01 5.973911477162504591e-01 6.031293502494404768e-01 6.069764393797250079e-01 6.009905380623530302e-01 5.573962481438889949e-01 5.589223021458650242e-01 5.558766576228766354e-01 5.707697748836106921e-01 5.874658872912217333e-01 5.749560492359097053e-01 5.759295807980981952e-01 5.798713471318808210e-01 5.922768951033401397e-01 5.862931058099204451e-01 5.922347790591991901e-01 5.791882305901143724e-01 5.752697420747379109e-01 5.792840047884224575e-01 5.721793971799031819e-01 5.869357581019193359e-01 5.950420099624209591e-01 5.898722926638270136e-01 5.875921430498485254e-01 5.902787565248691637e-01 5.689353177808642581e-01 6.108475021490087364e-01 6.011240731029354745e-01 5.889930578724457133e-01 6.035034905896670132e-01 6.009044745453633318e-01 6.015093597037232120e-01 6.031834951680858925e-01 5.864009149144371325e-01 5.937029527542928564e-01 5.959176500022422829e-01 5.988179768468163688e-01 5.884218357528254728e-01 6.001893394866015807e-01 6.019617058862407610e-01 5.948537635732773499e-01 5.957071396283859510e-01 5.971899878644090220e-01 5.725388888862299464e-01 5.887110456702167038e-01 5.946605754140903422e-01 5.777112704362283857e-01 5.902036039919072996e-01 5.949802158870677316e-01 5.822705425530073642e-01 5.769495491093378226e-01 5.865491594667043840e-01 5.863992616462196938e-01 5.620523413978847360e-01 5.616125352215026734e-01 5.589981422870516914e-01 5.761569392804428702e-01 5.640445485780838375e-01 5.665549251915256157e-01 5.789619113239874437e-01 5.828673604151372034e-01 5.609466466552271990e-01 5.713384988732379544e-01 5.748574326542467139e-01 5.819386984957147790e-01 5.649085278379273323e-01 5.764769353187264578e-01 5.832428474920188233e-01 5.687662269593817266e-01 5.786921826802564617e-01 5.678457909937261183e-01 5.762008484692994204e-01 5.689379834856327367e-01 5.703771840053317721e-01 5.747341072787945926e-01
-9.623333530910969935e-02 1.012252119629244024e-01 2.251728087285101154e-01 5.340775830161531568e-01 4.232699705756168274e-01 4.516730505304769605e-01 1.000000000000000000e+00 6.784458145860505773e-01 6.307239158190172112e-01 5.434445063092762096e-01 6.314308095025769063e-01 7.531787149598685449e-01 7.069116661117580414e-01 6.644882830178172606e-01 8.331013980139735375e-01 7.621690365279922830e-01 5.890291631497588387e-01 3.942707105479996699e-01 4.271598977793555352e-01 4.399104079658218147e-01 4.455872357487636326e-01 4.917426506958960664e-01 4.423547565264299153e-01 4.506570256770429661e-01 4.751546901398644995e-01 5.189433229539593961e-01 5.312211991798287958e-01 5.077538233586484928e-01 4.707217172714238673e-01 5.340502577226113878e-01 5.891264058236765910e-01 6.525076520346997366e-01 5.500235819228584955e-01 6.218478914007192770e-01 5.508285796621783525e-01 6.615445697124855418e-01 6.064346765594633704e-01 6.864855740724015165e-01 6.843479394868977606e-01 7.185960850475016093e-01 7.218180434153117497e-01 7.534263180383279357e-01 7.347401785450413669e-01 7.342994780248430775e-01 6.944691912629639141e-01 7.032974407456371591e-01 7.549800920767845147e-01 7.498537152784422455e-01 7.516548689772126757e-01 7.206446832154099758e-01 7.170990552041678345e-01 7.507370191994006126e-01 7.559894924866868982e-01 7.057910156547301250e-01 7.037217899604345517e-01 6.847328879945312474e-01 7.109901692841574805e-01 7.371739478847808558e-01 7.451117394701334273e-01 7.454150509422321491e-01 7.635951759880148515e-01 7.462110379427140394e-01 7.264504081732738872e-01 7.413654529136579630e-01 7.065980299530482123e-01 7.363199840350941328e-01 7.448585090866439717e-01 7.070390415729176370e-01 7.115581327580713378e-01 7.162835377252932956e-01 7.045138317127773719e-01 7.090540260867925770e-01 6.914999551254493726e-01 6.938478350623470403e-01 7.055761127188737714e-01 7.133008819013719748e-01 7.133413645759950628e-01 6.818199482343255680e-01 7.137104995321349454e-01 7.051222318505503406e-01 7.031261335836640480e-01 7.117964897969534244e-01 7.164164520489947341e-01 6.929780345359765059e-01 7.312124123686936095e-01 7.256895352644401331e-01 7.292327954759447728e-01 7.446129653885157351e-01 7.388024031936387681e-01 7.193538222138715632e-01 7.355651055612477673e-01 7.606131532681116303e-01 7.407551358797639374e-01 7.463365460633357706e-01 7.619286914460973170e-01 7.568693352261118834e-01 7.454380487569325364e-01 7.305439900444776757e-01 7.621826411201326756e-01 7.577311359971875548e-01 7.703182843381384259e-01 7.410319483009539798e-01 7.679948906663414121e-01 7.634938579951646709e-01 7.606637875990477360e-01 7.307385461873662225e-01 7.407328821877463554e-01 7.466549847221981562e-01 7.321688483564640082e-01 7.622771595477704221e-01 7.518544370998732074e-01 7.613152840562203982e-01 7.600466100695437710e-01 7.583051712075715711e-01 7.411348321496089575e-01 7.539599419172691164e-01
7.651912460573030705e-02 1.323345441839960390e-01 3.189637334264442403e-01 4.714340771221410820e-01 5.266553984365139884e-01 4.887084830136936286e-01 6.784458145860505773e-01 1.000000000000000000e+00 6.776419834605538206e-01 6.171483632528499408e-01 6.764639782992989403e-01 7.273193584588885097e-01 7.265767652202899107e-01 6.410337978755239474e-01 7.660614207875248161e-01 7.773061794671690672e-01 6.690339243744654052e-01 5.547034882124162181e-01 5.944012912769071066e-01 5.066399311082844248e-01 5.651785193780783922e-01 6.444385859380613590e-01 6.001167402229856673e-01 5.909040427728133871e-01 6.268720714717204157e-01 6.664098260047324196e-01 6.770020461787115140e-01 6.524884048615168242e-01 6.116253350433435987e-01 6.600611274591217104e-01 7.052952688049513030e-01 7.169994495883754704e-01 6.603168699818440235e-01 6.997484637912231298e-01 6.688786767117773646e-01 7.291895487446216073e-01 6.990923316432110513e-01 7.478030583751527072e-01 7.549974102347604132e-01 7.414675754860002854e-01 7.572672977876973022e-01 7.758810599602297131e-01 7.692331503665433834e-01 7.755874511505541635e-01 7.588657321889791252e-01 7.628902210726251631e-01 7.460961086809833054e-01 7.461478416392252067e-01 7.404059349282989810e-01 7.454544564621861102e-01 7.580688692285727504e-01 7.555167015119828022e-01 7.549926594554730030e-01 7.430705911926126506e-01 7.518414274459928048e-01 7.434656528882924720e-01 7.545475502919594124e-01 7.691182364527032744e-01 7.582136766257246974e-01 7.539193067941533100e-01 7.563047388303606455e-01 7.607192855478412952e-01 7.662285260775985041e-01 7.682838926442314698e-01 7.513827936739568836e-01 7.612626958247119546e-01 7.570391102678990514e-01 7.634128714767776103e-01 7.525615403735321784e-01 7.437942340430263588e-01 7.596071833451799593e-01 7.650863023250432660e-01 7.477496555348263074e-01 7.528175421759214503e-01 7.532968308483233288e-01 7.562441160547879182e-01 7.516161884453961273e-01 7.380145662366900394e-01 7.523978685472848538e-01 7.527873891376196669e-01 7.485296700769260569e-01 7.561505821140753758e-01 7.539855077720983845e-01 7.495349475785783033e-01 7.534984763302638999e-01 7.544537205959009896e-01 7.585125400112648908e-01 7.677617819020617906e-01 7.672297771220829565e-01 7.579969045580813303e-01 7.612129200182609079e-01 7.677476048574476408e-01 7.641600506595438436e-01 7.721420561368526059e-01 7.519496716736969733e-01 7.519914311498125947e-01 7.565446461495807240e-01 7.503171401650463590e-01 7.584355182936405315e-01 7.619093105402832133e-01 7.753224683461354960e-01 7.691297964858696545e-01 7.576540597998159265e-01 7.712150624629504625e-01 7.656176968909219616e-01 7.593430769803196645e-01 7.500447857836142207e-01 7.562156267879284188e-01 7.575120438503326614e-01 7.605212696225392977e-01 7.627977956102441892e-01 7.581725561994980822e-01 7.645601539779177669e-01 7.622744888106214312e-01 7.557932850275217440e-01 7.585867893850944954e-01
1.931650515078677521e-01 2.092075038576289570e-01 3.700207701345435418e-01 4.101541577493738044e-01 4.918390373697593132e-01 5.406624300862591381e-01 6.307239158190172112e-01 6.776419834605538206e-01 1.000000000000000000e+00 7.707946445544421321e-01 7.897307478599726593e-01 7.852612245057662976e-01 7.549224411134336510e-01 7.293695472460234308e-01 7.935733117800352066e-01 8.079990863344209684e-01 7.953160288167585579e-01 6.174998814399025315e-01 6.781239101459164420e-01 5.373818901735365472e-01 5.867468179878466694e-01 7.237612015415144651e-01 6.908567750453787903e-01 6.496701874709969182e-01 6.948470443859929846e-01 8.273582059631897634e-01 8.165563299693692212e-01 8.085322240462805565e-01 7.809745368670971688e-01 8.178588262645783979e-01 8.546961722244790227e-01 8.417266196795344380e-01 7.978311772707429306e-01 8.067878625636731860e-01 7.989963635914002493e-01 8.168159574683521162e-01 8.286920345808359567e-01 8.558728757262857867e-01 8.679601205532095909e-01 8.269470866968204881e-01 8.724857186200654091e-01 8.608440449548624418e-01 8.297952458869063408e-01 8.702103340314691904e-01 8.713639883155814836e-01 8.760469813964671948e-01 8.636725531114054499e-01 8.706153680343055035e-01 8.588563179245953805e-01 8.440620189179416366e-01 8.560361519425057075e-01 8.182623051694752903e-01 8.430513084107453814e-01 8.801216421370773313e-01 8.771626664119720473e-01 8.829753368847702566e-01 8.591621500326893646e-01 8.708611444199396701e-01 8.698193970245944318e-01 8.753349807033916630e-01 8.561182220096762441e-01 8.688193418743099805e-01 8.658433024415136403e-01 8.720720602672904498e-01 8.741362417905311766e-01 8.682680667394671037e-01 8.714889589297257766e-01 8.625189232843490927e-01 8.652584140413913660e-01 8.266061558222871364e-01 8.480524853716420175e-01 8.760664890134519656e-01 8.447794065745898306e-01 8.504512549304318325e-01 8.884476822771013582e-01 8.856191265475055197e-01 8.870124150160045851e-01 8.794074328231311632e-01 8.821924151384173962e-01 8.819252342135230904e-01 8.784757177753281798e-01 8.850180050596030412e-01 8.792424258406261739e-01 8.777006561586172539e-01 8.652501295209745757e-01 8.676498961834373524e-01 8.715311244072397878e-01 8.749990898987420884e-01 8.790439189739668313e-01 8.830819394734306105e-01 8.750731521935652957e-01 8.733597010152155393e-01 8.732814202300263062e-01 8.780500232145989070e-01 8.610611049081335899e-01 8.666026782664367767e-01 8.474308039151320360e-01 8.603487751950443796e-01 8.536437746790008774e-01 8.610130453706646980e-01 8.560648409731386188e-01 8.676030216269459139e-01 8.520850456781819959e-01 8.648522283631886465e-01 8.612578804515932385e-01 8.635550555945430418e-01 8.671555073982700756e-01 8.790493355392349217e-01 8.844442599782429415e-01 8.705116712233994525e-01 8.714496572412849806e-01 8.699983327408298273e-01 8.685842634403065921e-01 8.646501688902148430e-01 8.728956132558852721e-01 8.650409426223958365e-01
2.065331586895812199e-01 2.381682760285347977e-01 3.869252625915372557e-01 3.593428777086035697e-01 4.587573757720366241e-01 5.055897729888033654e-01 5.434445063092762096e-01 6.171483632528499408e-01 7.707946445544421321e-01 1.000000000000000000e+00 7.553606619468020700e-01 7.172490609349538859e-01 6.813014193390617423e-01 6.397578168996277403e-01 7.149362142667411435e-01 7.377287201330524624e-01 7.336218509073068050e-01 6.184902318385576692e-01 6.640172147748126807e-01 5.048823663535797479e-01 5.730153239873474469e-01 6.996262352227127224e-01 6.994167631959756770e-01 6.392404711815622420e-01 6.700894831955362951e-01 8.064134657979391552e-01 8.022912835894386863e-01 7.966371259074906952e-01 7.784161951789985157e-01 8.030717693575378791e-01 8.273611587346523244e-01 7.957102060707095248e-01 7.834118590543445171e-01 7.663172236778156288e-01 7.829826306951913617e-01 7.708864096078852368e-01 7.974168390627593972e-01 8.060182975195206989e-01 8.142420098614322477e-01 7.577982612643057170e-01 8.097213388649133758e-01 7.868161357514520393e-01 7.599731030965697354e-01 8.071834605176484434e-01 8.157028231138842012e-01 8.153117271693838264e-01 7.870884588626216871e-01 7.999935416519504683e-01 7.830061506061621879e-01 7.734256413137611252e-01 8.058223278644597309e-01 7.246792072145225028e-01 7.590901814512092116e-01 8.216645279070454722e-01 8.147403887130395539e-01 8.290338970498444260e-01 8.005731056324824069e-01 8.059810461530271253e-01 8.105904952596910684e-01 8.035685218527202078e-01 7.822364462562064746e-01 8.059923478768475924e-01 8.058216483399441854e-01 8.069763367340971882e-01 8.059259860341927428e-01 8.003271956046552615e-01 8.019320060684524965e-01 8.063795247183306314e-01 8.108065034936167148e-01 7.599034913838919048e-01 7.926462578857866870e-01 8.178703901289093858e-01 7.915884620049241649e-01 7.947019229278080577e-01 8.308453708921800240e-01 8.300208248808185196e-01 8.299426011395523162e-01 8.320410058496856553e-01 8.224586700019201890e-01 8.311537155219462791e-01 8.279390220679628820e-01 8.293327739929583498e-01 8.158480665579143087e-01 8.314322261808897441e-01 7.943797231693949801e-01 8.038510300352548210e-01 8.117810980419249978e-01 8.046470381744228462e-01 8.155650511813012926e-01 8.166740095875065775e-01 8.063546747180040386e-01 7.983596257068092950e-01 8.086741954588677617e-01 8.099284143238921763e-01 7.846195710453680583e-01 7.909708700010232851e-01 7.627029987849114345e-01 7.838630139391529195e-01 7.746022083803471014e-01 7.862876963109113326e-01 7.775675036761974246e-01 7.971867853360411482e-01 7.702795270976027231e-01 7.867280711853269493e-01 7.811014542702277019e-01 7.897851847319127261e-01 7.918446356245174567e-01 8.066888825500974081e-01 8.140255246174319392e-01 7.952958872138203850e-01 8.012626664756785644e-01 7.912174142263614929e-01 7.932654841511667110e-01 7.859179193998524493e-01 7.970180931351222853e-01 7.884669347842726550e-01
1.294735622466902936e-01 1.752746391674706306e-01 4.180344107923278374e-01 4.714627916554784970e-01 5.028391550350438388e-01 5.335526962018276587e-01 6.314308095025769063e-01 6.764639782992989403e-01 7.897307478599726593e-01 7.553606619468020700e-01 1.000000000000000000e+00 8.187411388966731041e-01 7.665597095850888998e-01 7.274097396251970604e-01 8.013874564329105388e-01 8.144574874809180631e-01 7.757741909259440183e-01 6.599217118633028401e-01 6.989577430846534156e-01 5.741216540271179003e-01 6.651727812402643547e-01 7.545469332678613750e-01 7.148603628601474247e-01 6.865058978577296411e-01 7.183346870072363499e-01 8.067079248762825117e-01 8.182476959049957976e-01 7.936344670309835037e-01 7.566047138130376215e-01 8.280080289177018660e-01 8.602650013723186495e-01 8.403285791625085821e-01 7.976861664444679922e-01 8.166747776058385089e-01 8.119490861816688332e-01 8.339758784199750030e-01 8.415656603769362532e-01 8.390447397937943474e-01 8.638043980586334047e-01 8.195295190241209671e-01 8.713361948640496735e-01 8.529944970116047909e-01 8.420273117061438661e-01 8.781659173174031219e-01 8.843774093233670586e-01 8.622233445048038680e-01 8.601890564017562468e-01 8.629675128126772510e-01 8.527272865549480052e-01 8.435026110046620618e-01 8.674230550187987943e-01 8.285229412368703139e-01 8.482192632214646810e-01 8.664414341757421534e-01 8.638844148900253206e-01 8.653707413393698644e-01 8.610046278331177083e-01 8.728781224425267160e-01 8.704253375256209013e-01 8.681629035477017586e-01 8.628552626658247959e-01 8.680806100297178141e-01 8.693230301763205103e-01 8.753187996718084785e-01 8.741309162993027293e-01 8.727762250990560577e-01 8.686259191785798972e-01 8.814435305230954310e-01 8.745963698551957322e-01 8.507144173296978806e-01 8.794641167892411904e-01 8.854597067801485144e-01 8.586066844297596257e-01 8.679300241378596903e-01 8.833805251201480857e-01 8.871978405417937363e-01 8.798309730250124527e-01 8.728025894320973199e-01 8.783877868747879125e-01 8.872913889157955092e-01 8.859393786153391126e-01 8.887866889227423739e-01 8.746504382714896941e-01 8.843022214043463336e-01 8.657759755711376126e-01 8.741272944892936048e-01 8.834722682891199552e-01 8.722105738167570399e-01 8.809818594241026757e-01 8.765660848006013861e-01 8.727364610758040486e-01 8.733004142416651572e-01 8.809956217943927248e-01 8.797591565723008600e-01 8.639382966643951445e-01 8.655064638509439856e-01 8.508632664819471003e-01 8.582422563069502797e-01 8.606080960434608906e-01 8.665994712737056238e-01 8.638328818967276890e-01 8.732529490314793197e-01 8.565521633501143040e-01 8.698361059671729789e-01 8.682810628616620674e-01 8.647776067027639346e-01 8.633418711113562960e-01 8.716853197786650354e-01 8.757953841574893650e-01 8.699465313455559956e-01 8.747511211747195370e-01 8.659428388290705270e-01 8.682208627076865026e-01 8.651898436759074551e-01 8.719805412836625358e-01 8.680374007788180801e-01
-1.666035284635529121e-02 1.355954019069608996e-01 3.398807717720400134e-01 6.236149190463201597e-01 4.658288754369430684e-01 5.420583316186116107e-01 7.531787149598685449e-01 7.273193584588885097e-01 7.852612245057662976e-01 7.172490609349538859e-01 8.187411388966731041e-01 1.000000000000000000e+00 8.251289675336420659e-01 7.959357620060415472e-01 8.986174796242288876e-01 8.820708482135555251e-01 7.507136518495634014e-01 5.574886182112577249e-01 6.076834422762249499e-01 5.410619239070516562e-01 6.024487361884708347e-01 6.830819056469716877e-01 6.165806388757970602e-01 6.296942333638259059e-01 6.702405332869616483e-01 7.264537056718751717e-01 7.412835596301075025e-01 7.017313950534839195e-01 6.700567058834447920e-01 7.592050467532485136e-01 8.047544226806936374e-01 8.232251055893348157e-01 7.203421252762886029e-01 7.962463029146458204e-01 7.460909032658038509e-01 8.388724737311363810e-01 8.205346051659198059e-01 8.304621112748312717e-01 8.583241486454422642e-01 8.498902945878499260e-01 8.897712337125310844e-01 8.962222783272857374e-01 8.919949407184770696e-01 9.071014621206366924e-01 8.849456174809888775e-01 8.742296710952449645e-01 9.179102113608412772e-01 9.101877349759475155e-01 9.058579875069326937e-01 8.683256764567192088e-01 8.786262631449391902e-01 8.973894958243239239e-01 9.133069611141746424e-01 8.798506180929172027e-01 8.768997068297944564e-01 8.606831010021852579e-01 8.805408746521871111e-01 9.031559347976748642e-01 9.052615465834299435e-01 9.092357319030981433e-01 9.240758278107685797e-01 9.057730806649657573e-01 8.948677624662311203e-01 9.099933477581672037e-01 8.926367290981774838e-01 9.082872641763924948e-01 9.126417694017425752e-01 8.944052963455764171e-01 8.889591533198553108e-01 8.796602951710673635e-01 8.895450380812038871e-01 8.980637245221508858e-01 8.723725096083654318e-01 8.855986427975114372e-01 8.939178518857128219e-01 8.968191868728778715e-01 8.907887823796243332e-01 8.760486366159976335e-01 8.985432767845420443e-01 8.977592937961229591e-01 8.970892166687837177e-01 9.031734711203219801e-01 8.893104938297239359e-01 8.822427089914963716e-01 8.921223069048522802e-01 9.031277404868170988e-01 9.154281519369921183e-01 9.047570718433249892e-01 9.097745140755685300e-01 8.939054281938763058e-01 9.015374878538836567e-01 9.215763840311256283e-01 9.183903057353082211e-01 9.173149672408409394e-01 9.242395723670685515e-01 9.212154180429317218e-01 9.045777088654082254e-01 9.001299567029446003e-01 9.236623788178525141e-01 9.165857084369644081e-01 9.279178924934959882e-01 9.110593910725782729e-01 9.275162364470708187e-01 9.280871487424333655e-01 9.258587556590389678e-01 9.032497300276620678e-01 9.083482534371671857e-01 9.150480542680269336e-01 9.064063919929160607e-01 9.207087393991779667e-01 9.166740702904887517e-01 9.240556476687965537e-01 9.228963555544347219e-01 9.219002437394269167e-01 9.163473913181208186e-01 9.236182736900118151e-01
4.915395535598350574e-02 1.288308723314489368e-01 3.389424767133694116e-01 5.238015427053646089e-01 5.208808807958408282e-01 5.151406840080056115e-01 7.069116661117580414e-01 7.265767652202899107e-01 7.549224411134336510e-01 6.813014193390617423e-01 7.665597095850888998e-01 8.251289675336420659e-01 1.000000000000000000e+00 7.319866915918402661e-01 8.437226578844210234e-01 8.413723785174559433e-01 7.295368511663530287e-01 5.826540284075054643e-01 6.036143160732674318e-01 5.582975120465980545e-01 6.118310106383205715e-01 6.748112355783190131e-01 6.154202124493990400e-01 6.241034954041134730e-01 6.444727938091081576e-01 7.171673693193407750e-01 7.334837816487076445e-01 7.032615748126471722e-01 6.620695783464765061e-01 7.377938189868096241e-01 7.724104475196954533e-01 7.935380274624378449e-01 7.066001648998618823e-01 7.718591727804697822e-01 7.278934747948685446e-01 7.990934945722758531e-01 7.871209986308445039e-01 7.942924589230265786e-01 8.217310420023403728e-01 8.073223504271239692e-01 8.473023696219724732e-01 8.428405183532827749e-01 8.410425502743759107e-01 8.562767440338611147e-01 8.428675282610706976e-01 8.309291906865493571e-01 8.513799034223465956e-01 8.458041483001731420e-01 8.441711735649374271e-01 8.249691926703541789e-01 8.337645298418923101e-01 8.468469808877577831e-01 8.532446182134744150e-01 8.276281124569081493e-01 8.310416432620754135e-01 8.167302315371608445e-01 8.306666549678475286e-01 8.510896234033998864e-01 8.417068950019432894e-01 8.541633995910234978e-01 8.623798379883347298e-01 8.437656523851194690e-01 8.400901451266216124e-01 8.537088698702439693e-01 8.415987771907823545e-01 8.578898678555377799e-01 8.521087773485985783e-01 8.449152371432199216e-01 8.426858406193913353e-01 8.400313033369035676e-01 8.423675828379739716e-01 8.462809265000957870e-01 8.293534129626597418e-01 8.325775390543093124e-01 8.450760485994704974e-01 8.495310492006482583e-01 8.411260942064583412e-01 8.288719775096228259e-01 8.428731808320094609e-01 8.437002354263914983e-01 8.437931788356409779e-01 8.479734479845388861e-01 8.405662206530525316e-01 8.364077119673922756e-01 8.459339141947459506e-01 8.527318398899400576e-01 8.562453725911739477e-01 8.504868869037556234e-01 8.559188866501563631e-01 8.426199230666820972e-01 8.509240696045792252e-01 8.605880964396001032e-01 8.605707282596249952e-01 8.614122929830902997e-01 8.555126834223996113e-01 8.553587612915011240e-01 8.455519408496181555e-01 8.454395412905270080e-01 8.572636687691053137e-01 8.552034510824738645e-01 8.649263288214434908e-01 8.545846015487589264e-01 8.616048951204304807e-01 8.652642428405263875e-01 8.671686486772688385e-01 8.455461340432922634e-01 8.488597542379476835e-01 8.525674196966147589e-01 8.487385046794673205e-01 8.568200299050242608e-01 8.530354855501953715e-01 8.586843244863660018e-01 8.563450522978519608e-01 8.563423594537854511e-01 8.560344091555807111e-01 8.620545748731447411e-01
