1.000000000000000000e+00 8.758422072189314678e-02 2.742439164414021968e-02 -3.084430666205131844e-02 4.500558606954259411e-02 8.707123306368295956e-03 2.670560448305369858e-02 1.524904186373399889e-02 1.060416594366344056e-01 4.730667136534680989e-02 1.817838925295628405e-02 8.300747651791102674e-03 3.004815550894562176e-02 3.178880060924302309e-03 1.497823695369325872e-02 3.096374610973667840e-02 4.368108239050787905e-02 -6.937187463123056438e-03 -5.124731981024316027e-03 6.051198876051253062e-02 -4.852275748705912016e-03 -5.869626284051439021e-04 2.835452837536444823e-02 -1.648661899485971694e-02 1.857402067077948415e-03 5.825950872769235928e-02 1.578678597634630698e-02 1.772401754694605605e-02 4.000912314823939359e-02 3.277495734338981004e-02 2.365843209867442287e-02 2.533995275827501809e-02 9.214813056437761232e-03 -4.349208522498156852e-04 1.225813006104451569e-02 1.561691574381572981e-02 8.800858236108178093e-03 -8.770488093142876987e-03 -8.595486939449132691e-04 -4.453972464007707743e-03 1.737558799945388213e-02 2.908880288981467634e-03 1.278892447117925893e-02 8.834264518537133029e-03 2.990407164619189422e-03 -9.682498458753082933e-04 8.229506627748879935e-03 1.157353260490977080e-02 2.005160231468786775e-02 1.198740385604143109e-02 1.052776453685218966e-02 3.482716583774642799e-02 2.694025987255086949e-02 1.982281191933387560e-02 1.822258293979336224e-02 1.950672701303398510e-02 4.209584109496087440e-02 4.374083352096427499e-03 1.224389542364170275e-02 3.006859296772803128e-02 1.918936660828570243e-02 2.187640665247658073e-02 1.936748553269560663e-02 2.982511225059536822e-02 3.274115055996759671e-02 3.299639757242384813e-02 1.130927783985092097e-02 1.321149424323092699e-03 1.574470770992554905e-02 1.165495378321518977e-02 -1.164685397950217943e-02 -2.546580449236073799e-03 -7.482341114673145971e-03 -4.718109678204779507e-03 1.393800087761279220e-02 1.345462149175148496e-02 4.333611560107241203e-03 1.591332936018706457e-02 6.679240328896583929e-03 2.422185592577347918e-02 1.798267275500747484e-02 8.002965907776795479e-03 1.870708709410176529e-02 1.194623068261689743e-02 2.389246167690197483e-03 1.906058589365393048e-03 4.809154742979619181e-03 -4.504024410656870189e-03 4.900199317116045276e-04 1.683549501567014814e-02 5.448321699257118247e-04 2.412466122054509124e-03 2.492961512514869221e-03 2.990252016454847568e-03 2.211707947163032290e-03 5.113447043160628848e-03 8.226772893149696814e-03 2.264676955208237003e-02 2.931893057731286417e-03 1.177770292847139409e-03 4.111179864914361014e-03 7.031121679422653974e-03 1.401148651628981827e-02 5.098760280168298208e-03 1.162307760131862239e-02 1.914113672392057583e-02 9.974576169284335436e-03 4.871219727034348940e-03 1.056897765170064681e-02 8.514724383932465238e-03 2.792320924871895694e-03 1.313208678261654563e-02 7.954367106751973962e-03 1.255469025573239215e-02 1.728725603495369356e-02 1.882094282710401745e-02
8.758422072189314678e-02 1.000000000000000000e+00 6.575697361572060973e-02 9.921044491455752179e-02 7.948759546733934200e-02 1.325511404694479645e-01 1.726096800271851306e-01 1.277064036920241841e-01 1.914314372584694779e-01 1.804018188033743864e-01 1.497464646971068125e-01 1.487419776230217150e-01 1.308586899875981424e-01 1.032429391827248272e-01 1.560317917196551996e-01 1.723072446786471090e-01 1.807303491390245542e-01 1.524606965725570917e-01 1.553916764717093169e-01 1.514638992558787756e-01 1.288820354757036768e-01 1.397211178931645204e-01 1.409136312765754684e-01 1.297585231273414297e-01 1.385742595506086750e-01 1.835915310614981422e-01 1.637474166591367242e-01 1.535683072778109282e-01 1.648624424039842606e-01 1.615691198990397981e-01 1.667132728380016915e-01 1.691061221831853534e-01 1.485751273900348668e-01 1.566110031023807136e-01 1.593427841801474953e-01 1.562777152834808891e-01 1.406903079052645722e-01 1.503782182649268939e-01 1.601608829861090599e-01 1.548401402413299155e-01 1.729652886900385489e-01 1.575332187356070224e-01 1.668921514739995227e-01 1.646408764530694069e-01 1.559109480028169625e-01 1.562355511365894623e-01 1.622993047708504999e-01 1.672753572383784137e-01 1.675197539604383057e-01 1.542868123457755702e-01 1.634255971756020387e-01 1.446252424158844252e-01 1.531280382816531116e-01 1.738486496670801906e-01 1.680993353460356055e-01 1.737727395480782033e-01 1.679571398495887102e-01 1.585635778624430170e-01 1.642680578250015622e-01 1.719162846471933015e-01 1.641559139554802371e-01 1.693856423618934348e-01 1.579201759315304876e-01 1.712225776981909919e-01 1.679066489940317097e-01 1.632740953195431777e-01 1.650371312143146807e-01 1.649414161125182243e-01 1.641304688123107480e-01 1.674582168320844222e-01 1.495334333738118637e-01 1.559328048355385354e-01 1.569578746084671628e-01 1.555362620530324202e-01 1.689454922174074003e-01 1.653938060268463628e-01 1.607611449017512517e-01 1.689362195259509758e-01 1.626771595472996657e-01 1.720423070931918486e-01 1.618684889166143726e-01 1.640299506539039387e-01 1.660217874009675965e-01 1.628103025803298853e-01 1.572167342256086675e-01 1.615855390171217210e-01 1.573932201367552464e-01 1.581349846926597413e-01 1.609609046500926344e-01 1.727983541063284889e-01 1.555306403196543286e-01 1.604550928106941166e-01 1.590282041597974594e-01 1.590829352044144662e-01 1.630037694018568184e-01 1.665408364121551132e-01 1.615561677338252788e-01 1.554971047014676033e-01 1.635529781086254852e-01 1.580669374447521425e-01 1.635388860390260546e-01 1.605802992739810975e-01 1.616430145503980065e-01 1.603604393551552321e-01 1.564601646127648793e-01 1.681432083246492959e-01 1.647659945920898483e-01 1.688252703581647751e-01 1.687211435886747379e-01 1.648150201949636906e-01 1.634011370766804416e-01 1.658347881207123953e-01 1.662597296613433917e-01 1.655840598985175716e-01 1.605780967203018494e-01 1.667709227871239097e-01
2.742439164414021968e-02 6.575697361572060973e-02 1.000000000000000000e+00 3.840820870908893125e-01 2.220522723157858092e-01 2.581185869286347079e-01 3.662041678691366764e-01 3.715030847416155302e-01 3.234998695560611370e-01 2.953828354955278512e-01 3.845140733216084739e-01 3.867613306416639585e-01 3.112549467117456392e-01 2.709728962260455343e-01 3.733014701466188523e-01 3.766990371312359254e-01 3.515190647524037426e-01 3.506346225971718189e-01 3.642256609299429071e-01 3.020576225594987507e-01 3.156133661351872011e-01 3.676773441079130844e-01 4.038044573054715425e-01 3.534638501351542450e-01 3.446311154186254555e-01 3.656484308767673497e-01 3.733269248715402333e-01 3.693097915875164783e-01 3.324406201770359059e-01 3.652128834309823491e-01 3.851937733105321171e-01 4.239191524725169358e-01 4.180616903656095285e-01 4.259407707718652625e-01 4.004923703242184718e-01 3.922411690575363097e-01 3.966450761305553296e-01 3.934710436456562710e-01 4.041100194114851663e-01 3.762641448900746477e-01 3.703295889533032570e-01 3.840669220686218077e-01 3.707234676020597086e-01 3.848325496959471015e-01 3.769230327353229604e-01 3.718828525356195902e-01 3.736640962861480508e-01 3.718799922270379921e-01 3.795866837091915746e-01 4.033234678913267257e-01 3.900831395794516765e-01 3.694839765515942620e-01 3.610632116578062489e-01 3.632210954364390454e-01 3.547670330741378719e-01 3.818588472473076756e-01 3.608357178867994675e-01 3.653598220364766003e-01 3.563465790050822646e-01 3.633308982079640481e-01 3.733810153905106066e-01 3.586165008323489167e-01 3.603504624301895332e-01 3.743001803387354665e-01 3.690674753981700307e-01 3.575279348137159197e-01 3.812116852269588629e-01 3.865836187964316051e-01 4.081710788218531616e-01 3.750072288960312750e-01 3.759357971829093703e-01 3.854549679670724038e-01 3.994825997458558708e-01 3.770456946086428451e-01 3.775805568957474878e-01 3.763691976185473131e-01 3.793749277032569811e-01 3.690060840902524286e-01 3.742362344823457199e-01 3.707388793086342504e-01 3.946733742274035617e-01 3.831118989493997873e-01 4.056978550081821178e-01 3.974910588744077766e-01 4.135878114684094498e-01 4.059223406530203526e-01 3.898739250204381612e-01 3.977360254297506170e-01 3.959644445790233003e-01 3.746232813006492024e-01 3.934171454856948968e-01 3.838420771309239976e-01 3.788449601241906661e-01 3.814466437009481625e-01 3.772258721310767227e-01 3.757175141280256758e-01 3.869875172331824764e-01 3.873102059267888309e-01 3.811462232864287758e-01 3.987882393611204002e-01 3.883708433692067419e-01 3.814736057706975547e-01 3.768920193901584836e-01 3.830337445274951125e-01 3.838213700147693475e-01 3.689374696459988279e-01 3.768584231508702032e-01 3.715168831811290762e-01 3.742439922979134415e-01 3.783663661787535215e-01 3.776515584498779110e-01 3.687828038742338999e-01 3.714556781178684486e-01 3.771144455662066575e-01 3.770889050195471714e-01 3.671664399024636150e-01
-3.084430666205131844e-02 9.921044491455752179e-02 3.840820870908893125e-01 1.000000000000000000e+00 3.634500478848784466e-01 4.093028567233311654e-01 5.932689996688857992e-01 5.658614965565317290e-01 5.463097188819031613e-01 5.021019310944275782e-01 6.036409771260008439e-01 6.496946724144553320e-01 5.574964135193803960e-01 4.531029956034668960e-01 6.258544767326842395e-01 6.259332529186291127e-01 5.708591461770093911e-01 5.230161994817540405e-01 5.438367543489646128e-01 4.459416161405663770e-01 5.162052238074529287e-01 5.908795704355144229e-01 5.482701702002843458e-01 5.088288665256763821e-01 5.298472462820122963e-01 5.908257566276543526e-01 6.126226769901607083e-01 6.114816123160855543e-01 5.773647934103778301e-01 6.115171598586258694e-01 6.277293460502475497e-01 6.339240800376322316e-01 6.244299928813177303e-01 6.295245187111784269e-01 6.130044827030768362e-01 6.213176248818734759e-01 6.261823099896853817e-01 6.403344064006034619e-01 6.389811346597429331e-01 6.107015450085538921e-01 6.230701719615853174e-01 6.318194685632514407e-01 6.097656864975448121e-01 6.350334483639112904e-01 6.291696975076620513e-01 6.286493501881601498e-01 6.297515628726397807e-01 6.292654672836283103e-01 6.362810784875908565e-01 6.418196791487349451e-01 6.376538492656627088e-01 6.159925216092410061e-01 6.154265879206834988e-01 6.230826318134335962e-01 6.196864667591679421e-01 6.245097980705121010e-01 6.223265631441105006e-01 6.245029363381207066e-01 6.176632232376094711e-01 6.184544532924572957e-01 6.350379482265264830e-01 6.199420513820683709e-01 6.243858616081937596e-01 6.292647911199179545e-01 6.258736406239084893e-01 6.260477568477996746e-01 6.350158024519667599e-01 6.347509027015582062e-01 6.446401661417501261e-01 6.158958107789836989e-01 6.281709008836445784e-01 6.378360322757954393e-01 6.219034538894784303e-01 6.144585950964723819e-01 6.360108910833943696e-01 6.310618319699319301e-01 6.287167385165548517e-01 6.290648463952575042e-01 6.254936709887798374e-01 6.272092761603453859e-01 6.371207676288969113e-01 6.347559911811536670e-01 6.472334693406768258e-01 6.412049731476306969e-01 6.583865985411057054e-01 6.484918908665396886e-01 6.417820102683645667e-01 6.485004297674195062e-01 6.462032384463665124e-01 6.317914108207223212e-01 6.384449757027123029e-01 6.362247876505185973e-01 6.362695036516032854e-01 6.344196235557533203e-01 6.354049737131149955e-01 6.325765043513713604e-01 6.483924772776566980e-01 6.502143928204285883e-01 6.428854059295535661e-01 6.503944050664500764e-01 6.389975194040515838e-01 6.454736753224612489e-01 6.366149873262241243e-01 6.416675796967834522e-01 6.449621848003559421e-01 6.338603747236971619e-01 6.398244053710550050e-01 6.290554695307748467e-01 6.348250812610621852e-01 6.348692502169547280e-01 6.383658355141882401e-01 6.277570518393069676e-01 6.346634296730556679e-01 6.392565560381201495e-01 6.338453258661276291e-01 6.322559821307017769e-01
4.500558606954259411e-02 7.948759546733934200e-02 2.220522723157858092e-01 3.634500478848784466e-01 1.000000000000000000e+00 3.297471067566485892e-01 4.517839274700157226e-01 4.574190943107873109e-01 4.568887936392082572e-01 4.142442669769283992e-01 4.461218963155398898e-01 4.973225324829794181e-01 4.982740940226971227e-01 3.731133455852957970e-01 5.022804271817176147e-01 5.087886818112389298e-01 4.424584001728522065e-01 3.861165858860792222e-01 3.892641044980580389e-01 3.499998139126502261e-01 3.731065413463960367e-01 4.363404218798832002e-01 4.065233247586651499e-01 3.584403339551523460e-01 4.026840036496164288e-01 4.908509554083365645e-01 4.759032366502964351e-01 4.747120453668946527e-01 4.661530159952246843e-01 4.994419607695015917e-01 5.080667778548600966e-01 4.539556517783432943e-01 4.425734412647490124e-01 4.426751422259379010e-01 4.569083453957805685e-01 4.864790955529789684e-01 4.802497426957521576e-01 4.765680863236843590e-01 4.916849151892151992e-01 4.783430420001515415e-01 5.046327334010380916e-01 4.998131599258185398e-01 5.091517665022180505e-01 5.067996731766434282e-01 5.000531031651498370e-01 5.041432715225357963e-01 4.979500377087835439e-01 4.990889974048122735e-01 4.865544409123758185e-01 4.697779619258430350e-01 4.780803304851877766e-01 5.013274493527163367e-01 4.984472753682908652e-01 4.967383413592263985e-01 4.816558894784443434e-01 4.999646536620862558e-01 4.820842063497296492e-01 4.968104358724316216e-01 4.658511775041637160e-01 5.098557590321106670e-01 5.029169176346141024e-01 4.934118978278906886e-01 4.758495730748919517e-01 5.076405350588935050e-01 5.076986319578995488e-01 5.058318993222075122e-01 5.011380276787607002e-01 4.936376447166097581e-01 4.926687821016733082e-01 4.921175339694867090e-01 4.839162734966502843e-01 4.971161676302731647e-01 4.687383447889925114e-01 4.830552089169453112e-01 5.083095197299931645e-01 5.014255017450255369e-01 4.968577459997690071e-01 5.045666246235526176e-01 5.049670698953047099e-01 5.103034986765008219e-01 5.057858241149725265e-01 5.109008842388987892e-01 5.040575570749952217e-01 4.992651544559868482e-01 4.924522881801436380e-01 4.896951568953706868e-01 5.042203549378700966e-01 5.022381626498025886e-01 5.037377434625650574e-01 5.099445175510334272e-01 5.032261181171765463e-01 5.084127632134840535e-01 5.063373154090088368e-01 5.100891434950642900e-01 5.069665665703684265e-01 5.045535301053789556e-01 4.987179132793808090e-01 5.011749733066265255e-01 5.027730626765770650e-01 5.030363494256379076e-01 5.129335993273907990e-01 4.991863291676403303e-01 5.047079849967253118e-01 5.117488235804926733e-01 5.143683125842188897e-01 4.954830928631792641e-01 5.024408580379525757e-01 5.053717031112321401e-01 5.065261863700282197e-01 5.013220057462598467e-01 4.974832030869739685e-01 5.094922401626649222e-01 5.030159602718289324e-01 5.122183069957718660e-01 5.098279969254925215e-01 5.115400119654102129e-01
8.707123306368295956e-03 1.325511404694479645e-01 2.581185869286347079e-01 4.093028567233311654e-01 3.297471067566485892e-01 1.000000000000000000e+00 5.014341762204730379e-01 4.638036181596742469e-01 5.048701651909417443e-01 4.558815293621206188e-01 5.168194859908065153e-01 5.367421697075550613e-01 4.982475835456651736e-01 4.203731457390807447e-01 5.623534092826496522e-01 5.517594111160920578e-01 5.188727041246502525e-01 4.811661316947990485e-01 4.766403768615011249e-01 3.870631448133199926e-01 4.645543307994673410e-01 4.979411748614993583e-01 4.896168788994835763e-01 4.614133251881633591e-01 4.787562363696186152e-01 5.355683611514565623e-01 5.400166017167384869e-01 5.495546514190575715e-01 5.439288628055153341e-01 5.389646278233314325e-01 5.736637732628672159e-01 5.370258772756748566e-01 5.197011013296393145e-01 5.393086055193925255e-01 5.315085356194328980e-01 5.558351036132126444e-01 5.538486643245598140e-01 5.495713437046402250e-01 5.652447413240416774e-01 5.440692764826995376e-01 5.724973544578980666e-01 5.698013904766020543e-01 5.630729867853820902e-01 5.744806203467438532e-01 5.701456192088073527e-01 5.706732651613163343e-01 5.724700853853668114e-01 5.698944446482524517e-01 5.558855925962612465e-01 5.498323251284094049e-01 5.493012272782713534e-01 5.523514481598619241e-01 5.605652070283850819e-01 5.618767550802802324e-01 5.516425119321132220e-01 5.586339045217071364e-01 5.464237231521702487e-01 5.660457108292146211e-01 5.454132693769275786e-01 5.701972281937036646e-01 5.687699208235924564e-01 5.583549165936494418e-01 5.487801895390694851e-01 5.645741129968665506e-01 5.641935156676347596e-01 5.606201882889785271e-01 5.759587310867179122e-01 5.745346644829114613e-01 5.738536861408726208e-01 5.646241521288812848e-01 5.692842240247055763e-01 5.740029173114501448e-01 5.659839848397809625e-01 5.664086033430737466e-01 5.765638045226257891e-01 5.776219424826423143e-01 5.805704677660862290e-01 5.793551131515168873e-01 5.764405629096306383e-01 5.701828762188319022e-01 5.802543316122279471e-01 5.796355700233755126e-01 5.771278131097625774e-01 5.780742486534400371e-01 5.772742735670483016e-01 5.750895261413778714e-01 5.788599945359678145e-01 5.790627201418478975e-01 5.780080386606124554e-01 5.720870209741425461e-01 5.788366862960626635e-01 5.811387054467527236e-01 5.763485410837312362e-01 5.797687070559106592e-01 5.756621848756535709e-01 5.780961963429224193e-01 5.671925638965221728e-01 5.681624600215150478e-01 5.753149378288098248e-01 5.771934148531402409e-01 5.774672085252942066e-01 5.703142034596528909e-01 5.738798786670160634e-01 5.787742468390798534e-01 5.786237851034143898e-01 5.643029380442539100e-01 5.725941547597169778e-01 5.760915955418363099e-01 5.749784938303017512e-01 5.740644996344514972e-01 5.702055438644442198e-01 5.742399047551334235e-01 5.721922303661266529e-01 5.748752564168242429e-01 5.782346730511302990e-01 5.711191014942779143e-01
2.670560448305369858e-02 1.726096800271851306e-01 3.662041678691366764e-01 5.932689996688857992e-01 4.517839274700157226e-01 5.014341762204730379e-01 1.000000000000000000e+00 7.162096627015900330e-01 7.185341121373516327e-01 6.779054912739795880e-01 7.614900267642521481e-01 8.029061835290206561e-01 7.262859952262841201e-01 5.660780571684556062e-01 8.377745428550574802e-01 8.087197996318366000e-01 7.329891062096093313e-01 6.843352729566529735e-01 7.050945936945567372e-01 6.008783901103437186e-01 6.642658188236271188e-01 7.553120140111091452e-01 7.345349025479243066e-01 6.703630440691145109e-01 7.004018573946061421e-01 7.948884560885780548e-01 8.001958461566335279e-01 8.033302461243262416e-01 7.905969328028873422e-01 7.916421264753236153e-01 8.326446408012355693e-01 8.127777592666802775e-01 7.777073358308504991e-01 8.030497567253307434e-01 7.726995023951547248e-01 8.034135479440123184e-01 8.005539627740350106e-01 8.155221468106436111e-01 8.286592606324747479e-01 8.050222087652407765e-01 8.159427912841397124e-01 8.337379130158680818e-01 8.184390459463419809e-01 8.334071759805349311e-01 8.219802663723124736e-01 8.252448304244118793e-01 8.169552547276810461e-01 8.096341475329478232e-01 8.095371426963555717e-01 8.061693604880926234e-01 8.179178930673911552e-01 7.679443376706572844e-01 7.997325113342383940e-01 7.996145020131045777e-01 7.906820363453578304e-01 8.085288540158803716e-01 7.793459060442921027e-01 8.116811995266320912e-01 7.915172173424432911e-01 8.116017464026964445e-01 8.173683492503470704e-01 8.002352813673455634e-01 7.875749945475750691e-01 8.192583773720424345e-01 8.012709384424512304e-01 7.895035733495906483e-01 8.193377622061264187e-01 8.185963791339183615e-01 8.307538193241601476e-01 8.105744322704385718e-01 8.111722382652729602e-01 8.237344665870037774e-01 8.102990635429351274e-01 8.042166431008666017e-01 8.300787601534169724e-01 8.239790942989957401e-01 8.260784941592718145e-01 8.303508070012723952e-01 8.342762701889923083e-01 8.192649572906947064e-01 8.284262495487302314e-01 8.276384850789287873e-01 8.280142817694414736e-01 8.275996892025767604e-01 8.280943983712956147e-01 8.298948057629577102e-01 8.262089596352475418e-01 8.318050735413220487e-01 8.329332764647899845e-01 8.181404793833336742e-01 8.332980745948783685e-01 8.297391509884428640e-01 8.259965505403832342e-01 8.304442465119576955e-01 8.193690072769144184e-01 8.179871165056319393e-01 8.155199284025629325e-01 8.022746448623983007e-01 8.119716658912928819e-01 8.274571484863789683e-01 8.307475685311250801e-01 8.090135580042883134e-01 8.148325473186687207e-01 8.255376208136769867e-01 8.154708213769163994e-01 7.934434327243173879e-01 8.131855021512818249e-01 8.177432392994282706e-01 8.192760986386871114e-01 8.169915500721469659e-01 8.152187830145628533e-01 8.129707280394254942e-01 8.124139709580118218e-01 8.181259369965582229e-01 8.141849691957615542e-01 8.065723883987730991e-01
1.524904186373399889e-02 1.277064036920241841e-01 3.715030847416155302e-01 5.658614965565317290e-01 4.574190943107873109e-01 4.638036181596742469e-01 7.162096627015900330e-01 1.000000000000000000e+00 6.848464144288610722e-01 6.333667450703703850e-01 7.229009625115841997e-01 7.623016366738036842e-01 7.068085529425337521e-01 5.760098487485951768e-01 7.717017444950156069e-01 7.958189088490219554e-01 6.872981105127110579e-01 6.188773426522905519e-01 6.380410019086507623e-01 6.062246773998417604e-01 6.200640390519657208e-01 6.845905152189466492e-01 6.630861606396052377e-01 5.946207525339445299e-01 6.073445324334961759e-01 7.277540387598030458e-01 7.332220180944245547e-01 7.228551760512945679e-01 6.889271744265889064e-01 7.514443385640843243e-01 7.604837317573491795e-01 7.785521271165330992e-01 7.323838044953611126e-01 7.595391254778250945e-01 7.276142509986911477e-01 7.517267996879462011e-01 7.350626532990082174e-01 7.979256302087255337e-01 7.812759022198191294e-01 7.639726640949402459e-01 7.617223760616435024e-01 7.807137753460101637e-01 7.565905573911161364e-01 7.837700546688999292e-01 7.580303119633241549e-01 7.686638815740124420e-01 7.793945588482453779e-01 7.697581180289322367e-01 8.007838781767706582e-01 8.047799836042252020e-01 8.095426525075863911e-01 7.407062858225136326e-01 7.610958659413359362e-01 7.605026210073181359e-01 7.686288261595093374e-01 7.747153967310670408e-01 7.763463859697218306e-01 7.736967222349739881e-01 7.796506655680102149e-01 7.620060342628175443e-01 7.883132314993709366e-01 7.721441934061802348e-01 7.875574766542620120e-01 7.832031674770812968e-01 7.626470613366085338e-01 7.638650433905878057e-01 7.764006810620177612e-01 7.682095253055496453e-01 7.833345710029449016e-01 7.706070755935626737e-01 7.559754001590087702e-01 7.715272417939165184e-01 7.524026759872461945e-01 7.411418104763257686e-01 7.758635341738259195e-01 7.669921857429712331e-01 7.605796109840773367e-01 7.630010222378427187e-01 7.646851378361110285e-01 7.720440292272621186e-01 7.739890156213825589e-01 7.767593822806028170e-01 7.867127760581834606e-01 7.752542084625021479e-01 7.973851239207920827e-01 7.853539299774401350e-01 7.726560354459168778e-01 7.954875247034730590e-01 7.866268445346124016e-01 7.730445118183540965e-01 7.762441481948654243e-01 7.783670163116266361e-01 7.758983351859052302e-01 7.797890103827228581e-01 7.799318388256870627e-01 7.751571155618969255e-01 8.026728061643562118e-01 7.991326293400823344e-01 7.890075261799407436e-01 8.020573342219441404e-01 7.857133882978224459e-01 7.946096544316431087e-01 7.758011020552063597e-01 7.883083789819723686e-01 7.817034377953432367e-01 7.768450588138592350e-01 7.869404408943249107e-01 7.720885663289031031e-01 7.782518127188091661e-01 7.844283993309286718e-01 7.887695970236616727e-01 7.714486068709692779e-01 7.806289373806211129e-01 7.859041199405332190e-01 7.740056217353239454e-01 7.719709085537042048e-01
1.060416594366344056e-01 1.914314372584694779e-01 3.234998695560611370e-01 5.463097188819031613e-01 4.568887936392082572e-01 5.048701651909417443e-01 7.185341121373516327e-01 6.848464144288610722e-01 1.000000000000000000e+00 7.310836322615761329e-01 7.737342856493683030e-01 8.125530344175487807e-01 7.702667524360063966e-01 5.978001781142696647e-01 8.293434468271142501e-01 8.353578132805097312e-01 7.789866355940109344e-01 6.929652807003472414e-01 7.028927947696951284e-01 6.234228651499106322e-01 6.795052352899662029e-01 7.434230747334575895e-01 7.204475603552121799e-01 6.620694561672170186e-01 6.987422830437727272e-01 8.162317125287276154e-01 8.173312966464737483e-01 8.043454441878002958e-01 7.859423934994075323e-01 8.311728613368816188e-01 8.532767960070231084e-01 8.019202829209500782e-01 7.529288621382868030e-01 7.684946941422222677e-01 7.816343881070880739e-01 8.028194428877174493e-01 8.063221196586108919e-01 8.081491279282434492e-01 8.175171751663120601e-01 8.181062383077974953e-01 8.456611463557131003e-01 8.422795854482693079e-01 8.334121291834972745e-01 8.552556679265370665e-01 8.445557483803310950e-01 8.399799085256065556e-01 8.585179316171746011e-01 8.660983718809128762e-01 8.569453511327010942e-01 8.160695059200531176e-01 8.280313373074137395e-01 8.308513663170969954e-01 8.557396609319593006e-01 8.629422724843524017e-01 8.536176344403461069e-01 8.546701592352373700e-01 8.620996135239263891e-01 8.552906236985087229e-01 8.480393934965606562e-01 8.734856844232810058e-01 8.634079118729672819e-01 8.677061795904802421e-01 8.496827484562945454e-01 8.704144881051306681e-01 8.682151589717045370e-01 8.721201000856194652e-01 8.603660772787610211e-01 8.511575713291563705e-01 8.503950259813919388e-01 8.509131179711414417e-01 8.355167331690965815e-01 8.488008808006826111e-01 8.225367662277355274e-01 8.309284083751010686e-01 8.610139934019918062e-01 8.586130809239029826e-01 8.503257931704452099e-01 8.528152888295159606e-01 8.505321197425916857e-01 8.656364858489318248e-01 8.580450451808241397e-01 8.625713381735063967e-01 8.573741967516198548e-01 8.494296206523240800e-01 8.369779389859547392e-01 8.416341992833541452e-01 8.511305867800940117e-01 8.477019833568354423e-01 8.529939150917611457e-01 8.631747559915287082e-01 8.464854647889425987e-01 8.572667237373853277e-01 8.570565306873476619e-01 8.566221208764580597e-01 8.607415525184071159e-01 8.618503008992531855e-01 8.454008435412180278e-01 8.539229792899887261e-01 8.560712565772679028e-01 8.450946980481803816e-01 8.530489928656880272e-01 8.539501571164980209e-01 8.632251207646738367e-01 8.593041690059863846e-01 8.605955493080116314e-01 8.600678631012278474e-01 8.631453025230821918e-01 8.600453112588752891e-01 8.628262988358772478e-01 8.598120647816176465e-01 8.563591648213336738e-01 8.650721521300654970e-01 8.616570868468421684e-01 8.628808262899767545e-01 8.653881756375910728e-01 8.679068680317653106e-01
4.730667136534680989e-02 1.804018188033743864e-01 2.953828354955278512e-01 5.021019310944275782e-01 4.142442669769283992e-01 4.558815293621206188e-01 6.779054912739795880e-01 6.333667450703703850e-01 7.310836322615761329e-01 1.000000000000000000e+00 7.238180006423539092e-01 7.663915001638402780e-01 7.139737012950101436e-01 5.709352405524324992e-01 7.806390910315137432e-01 7.692093388128125042e-01 7.067936022647438588e-01 6.624149688131631963e-01 6.711018715516102739e-01 5.880386998609001825e-01 6.208765834621138291e-01 6.923656804971567436e-01 6.880428345953473190e-01 6.291377726876257181e-01 6.544168563998572496e-01 7.787984121236578572e-01 7.690040636501115356e-01 7.662482974573727734e-01 7.352241053739495547e-01 7.753790223427083905e-01 7.930531263976408063e-01 7.622184579218048706e-01 7.082419122107929121e-01 7.269477175276648495e-01 7.279490087954180177e-01 7.475583051809860935e-01 7.617487322087918011e-01 7.550085633619982861e-01 7.634373967967056362e-01 7.792195005150821530e-01 8.007787796525440704e-01 7.949713526999562241e-01 7.858838872854637669e-01 8.041890247677310199e-01 7.973518441767994958e-01 7.885376359166776927e-01 8.098508343740833393e-01 8.126544614941508815e-01 8.088353972692330363e-01 7.624355676892472511e-01 7.764959198676506524e-01 7.754691533211690579e-01 7.979312455396028181e-01 8.150178029960056802e-01 8.043315002052275897e-01 8.056661561125146864e-01 8.028572643625023764e-01 8.093146851146393317e-01 8.010406590125134230e-01 8.125804306995784154e-01 8.108373865996082452e-01 8.113133271114286726e-01 7.993623777408166431e-01 8.047980690433211848e-01 8.019413218239493935e-01 8.085077122955837137e-01 8.096262353036971504e-01 8.052406177567905665e-01 8.015307184181397204e-01 8.009683145684221017e-01 7.863240605021657448e-01 8.009975132777761297e-01 7.796917511244211285e-01 7.858825651236123200e-01 8.132471895862878331e-01 8.069001143354304073e-01 8.047603578529877177e-01 7.991119606657246521e-01 8.034500903635424240e-01 8.098514722098748564e-01 8.037074502290524336e-01 8.108641567457305355e-01 8.042402934067648390e-01 7.983214488486521931e-01 7.844393375754578068e-01 7.942944554604480789e-01 8.017632449244095350e-01 8.040087628764068794e-01 8.010880787782665990e-01 8.148515352252528876e-01 8.025790025936960781e-01 8.105185080770913597e-01 8.104600052002201016e-01 8.091027829277021022e-01 8.129200613953065924e-01 8.125829941033582138e-01 7.989858826461802010e-01 7.969200105005060930e-01 8.066901474837783192e-01 7.973235704439175509e-01 8.053957615129312408e-01 8.038793382808014920e-01 8.109797668437779272e-01 8.117521514030133778e-01 8.092653988479953098e-01 8.067281101426858614e-01 8.121070455843354408e-01 8.132220835375393309e-01 8.151358133681644302e-01 8.144546273682033988e-01 8.109287871085651966e-01 8.145658913307899374e-01 8.139727832426496557e-01 8.091080036804274567e-01 8.077585611591796555e-01 8.137588084050374482e-01
1.817838925295628405e-02 1.497464646971068125e-01 3.845140733216084739e-01 6.036409771260008439e-01 4.461218963155398898e-01 5.168194859908065153e-01 7.614900267642521481e-01 7.229009625115841997e-01 7.737342856493683030e-01 7.238180006423539092e-01 1.000000000000000000e+00 8.587602542049795895e-01 7.771749941636271197e-01 6.168407426239478353e-01 8.622924752316432073e-01 8.536165755954355783e-01 7.750559753139836250e-01 7.537653169725619939e-01 7.652061996449970316e-01 6.596580681794831369e-01 7.264490299763345371e-01 8.002496438711721449e-01 7.960827384462517697e-01 7.311335258482472010e-01 7.460256858906870736e-01 8.410236840720018980e-01 8.487256395232121164e-01 8.509259124087575898e-01 8.027136004915373935e-01 8.586187557958646632e-01 8.815639551275805674e-01 8.734071349883235635e-01 8.303201681414356106e-01 8.563586482406618794e-01 8.386101756990852474e-01 8.549064379301462013e-01 8.700253258040601123e-01 8.683084754756403845e-01 8.786808430605953513e-01 8.666909040017249932e-01 8.760742507072593055e-01 8.829652951154532969e-01 8.682289779737442093e-01 8.880867575293223126e-01 8.795692239615849894e-01 8.796433961645075961e-01 8.844214777309724607e-01 8.811063912757982619e-01 8.833814138887450262e-01 8.640794753649316817e-01 8.699657769393603912e-01 8.363010649027521337e-01 8.633924581139457155e-01 8.766367303196960226e-01 8.698873970517120302e-01 8.834242665180991327e-01 8.646507691778986260e-01 8.783637245364180890e-01 8.700446960112987460e-01 8.754525506415584690e-01 8.847605903716916353e-01 8.735309903432246781e-01 8.669592734387000510e-01 8.802525388076081203e-01 8.718472602048734643e-01 8.698409905348631899e-01 8.881398389113039915e-01 8.886764315330915043e-01 8.973342806602846444e-01 8.832098855825842865e-01 8.784001694706977670e-01 8.861755145440615156e-01 8.797993424443156796e-01 8.696706996145950885e-01 8.879891283057836926e-01 8.826971096228025671e-01 8.823990471978158112e-01 8.754960961257863827e-01 8.824941496801251839e-01 8.828294568242357476e-01 8.922602443394886951e-01 8.894302903914047542e-01 8.957963877796836227e-01 8.913221078155466603e-01 8.907804548713101900e-01 8.948608103012818393e-01 8.929630470122769115e-01 8.962051370076382639e-01 8.952374161466252200e-01 8.870765061936902729e-01 8.940800764121045185e-01 8.917366982049429458e-01 8.907913845272589226e-01 8.924406120451853219e-01 8.884219287511929686e-01 8.880734540285402101e-01 8.895295080094364204e-01 8.793780072304522299e-01 8.857773380609490488e-01 8.937007735837750877e-01 8.923624146033304338e-01 8.853424991621682283e-01 8.845852105669319565e-01 8.915505898464950452e-01 8.860736913741297238e-01 8.758723261401042404e-01 8.880465442167743140e-01 8.861558526636434951e-01 8.888196559897868498e-01 8.885231791444154759e-01 8.891428499914673100e-01 8.833059607926952994e-01 8.857723781963346976e-01 8.864717504149339788e-01 8.834913512555837567e-01 8.793853960415207727e-01
8.300747651791102674e-03 1.487419776230217150e-01 3.867613306416639585e-01 6.496946724144553320e-01 4.973225324829794181e-01 5.367421697075550613e-01 8.029061835290206561e-01 7.623016366738036842e-01 8.125530344175487807e-01 7.663915001638402780e-01 8.587602542049795895e-01 1.000000000000000000e+00 8.267127880426115016e-01 6.476276457227860828e-01 9.027087754776996764e-01 9.036968139663018595e-01 8.156979534769173146e-01 7.446055405309076614e-01 7.701117767057221730e-01 6.387925301142096668e-01 7.190851824664710179e-01 8.202799223771048975e-01 7.828031685666994033e-01 7.140936934306965078e-01 7.611993328194617270e-01 8.708802632711888370e-01 8.846769268479521831e-01 8.798680729401396894e-01 8.334539169249002288e-01 8.928968415111759871e-01 9.175926783698955536e-01 8.878982766047502917e-01 8.521812366662182558e-01 8.672866913760455265e-01 8.650088332866583407e-01 8.837728794676552591e-01 8.899983995215179355e-01 9.060694078648062755e-01 9.109784194537908775e-01 8.948105126019147981e-01 9.180448914770269475e-01 9.218916247727917401e-01 8.979183626869966517e-01 9.306971876041292280e-01 9.149043031626313827e-01 9.184010968478528714e-01 9.297950763990994183e-01 9.270084715417422627e-01 9.240564555379769951e-01 9.078724474249193488e-01 9.144831670095783238e-01 8.892273606902424410e-01 9.129417342399537283e-01 9.221536294287561164e-01 9.133888938382128675e-01 9.173173600156463436e-01 9.086009090114460784e-01 9.264492775845263317e-01 9.101859382501721329e-01 9.248240274294449170e-01 9.269535807555204787e-01 9.210774746597339968e-01 9.119285622177201178e-01 9.293131739374043132e-01 9.187641088950415647e-01 9.206231844732714054e-01 9.312811516954377922e-01 9.245616144099487732e-01 9.302333825451732929e-01 9.105340818650232704e-01 9.104965284220845056e-01 9.294842125036365532e-01 8.979501353263165120e-01 8.997998303380134733e-01 9.311535421883436747e-01 9.294721885786551008e-01 9.213779294633880346e-01 9.173251048802023577e-01 9.223236571121909977e-01 9.285750954614995223e-01 9.319643302335908208e-01 9.331443547011245565e-01 9.315507122216979408e-01 9.309402866618712302e-01 9.274070088409028800e-01 9.273913576400416581e-01 9.301237769612027417e-01 9.355665750410477877e-01 9.350919127609012005e-01 9.298015057054133115e-01 9.284785576827642162e-01 9.330384960510920145e-01 9.305927737414895207e-01 9.334794854916700357e-01 9.339638842632684845e-01 9.327730598446473120e-01 9.236915291249047089e-01 9.246929430047380327e-01 9.294419703691523260e-01 9.317002938915902588e-01 9.297781964215089401e-01 9.278526904786341678e-01 9.282287529891950495e-01 9.354556213176308255e-01 9.329139770970336087e-01 9.182597140688969484e-01 9.327736323665352103e-01 9.313287383009591913e-01 9.326627001843280640e-01 9.339042925263194572e-01 9.316105358354430654e-01 9.309439656161214716e-01 9.303529695687676737e-01 9.329010000885066267e-01 9.312010484944003297e-01 9.285283770024933547e-01
3.004815550894562176e-02 1.308586899875981424e-01 3.112549467117456392e-01 5.574964135193803960e-01 4.982740940226971227e-01 4.982475835456651736e-01 7.262859952262841201e-01 7.068085529425337521e-01 7.702667524360063966e-01 7.139737012950101436e-01 7.771749941636271197e-01 8.267127880426115016e-01 1.000000000000000000e+00 6.068943756650224675e-01 8.307144031821362962e-01 8.382322980949945546e-01 7.465808849882913378e-01 7.010581855363290371e-01 7.083544359104998467e-01 6.242431630280967925e-01 6.752909832477559382e-01 7.491364568060412399e-01 7.160196810889077890e-01 6.621701307282013005e-01 7.065567274345758708e-01 8.058809757915313954e-01 8.026957907136501591e-01 8.002147892657749395e-01 7.633270865924109971e-01 8.265412002176466544e-01 8.451243820207684498e-01 7.976391847550170500e-01 7.491809295742343222e-01 7.658633811424523374e-01 7.785723083588308446e-01 8.112154731040434053e-01 8.104877415553449760e-01 8.092684258450807411e-01 8.225824102934040649e-01 8.287458017659734555e-01 8.464616530905130221e-01 8.424571788039101339e-01 8.453812633559142364e-01 8.553650454285671723e-01 8.492900995556522670e-01 8.443961839047324780e-01 8.566832266271245944e-01 8.552892102896183513e-01 8.519794072448815259e-01 8.131476649987215977e-01 8.244037316465506748e-01 8.316853396144635591e-01 8.528986861174280287e-01 8.534388258646241621e-01 8.466028747024462175e-01 8.505203688587711364e-01 8.417757711792547282e-01 8.538603724343792889e-01 8.389202976317711169e-01 8.621808273333025907e-01 8.626056171231104575e-01 8.550861786672666609e-01 8.415648330865858062e-01 8.596784680527992384e-01 8.542618062342420826e-01 8.600629680381248754e-01 8.582327367834803322e-01 8.535584569986505166e-01 8.479386900798753235e-01 8.492175164599338189e-01 8.416320704269835140e-01 8.527651645310589945e-01 8.233927005713685965e-01 8.359425804247813119e-01 8.585130439803589919e-01 8.526363753719292671e-01 8.474432690481737973e-01 8.419594923860515001e-01 8.495401248304063069e-01 8.594915569722317850e-01 8.560745515160762542e-01 8.615226591595175343e-01 8.524492667934917556e-01 8.512024573660297300e-01 8.388626108100479817e-01 8.421048620040175736e-01 8.547565526499166788e-01 8.552472259319611192e-01 8.552212243729204744e-01 8.602126748416782931e-01 8.531626102597681394e-01 8.596006067634831549e-01 8.623169370893967178e-01 8.624127076717594820e-01 8.616438180429810689e-01 8.609224070251556560e-01 8.492617201654235615e-01 8.509404431494396182e-01 8.592584512575501821e-01 8.517368258551647475e-01 8.628298139684184020e-01 8.546459121696221573e-01 8.624982954359227127e-01 8.645694389011800984e-01 8.627773969772695173e-01 8.548056033554664035e-01 8.612761921635599949e-01 8.604640734933681756e-01 8.615565933673088317e-01 8.607759938709590442e-01 8.583133018569453210e-01 8.641176621678691161e-01 8.617051623563216634e-01 8.642917045086476735e-01 8.604459907068270352e-01 8.650732395514345585e-01
