1.000000000000000000e+00 6.396071537584503697e-02 9.399457502954568222e-02 2.647205148697146307e-02 -1.562551548203042900e-02 -3.410801417063323571e-02 -2.723091014646900846e-03 2.145637508016692147e-02 1.319954660801775648e-01 3.165127317904060239e-02 3.966234795799280372e-02 6.409169927047200441e-03 -6.022830160858686464e-03 1.365137469719195605e-02 -2.005436532075272060e-02 1.104697687462242311e-02 9.897941475386028143e-02 2.739237546616846153e-01 2.133332820315040623e-01 2.244036098188239015e-01 2.104847633240528038e-01 1.964495198436997936e-01 2.382296697023728038e-01 2.517533074782651870e-01 2.267376501777176312e-01 1.279815533010904005e-01 1.472331344782770723e-01 1.672183592887684922e-01 2.125397962414860564e-01 2.291056501894759845e-01 1.722750078551860131e-01 1.524743929977718238e-01 1.697141401694209351e-01 1.616898952875342188e-01 2.014271280897454441e-01 1.238405295787125965e-01 1.578506550784299356e-01 1.217137492150743711e-01 1.053732281613303651e-01 6.231311573863424630e-02 6.293749719421457001e-02 4.419285724552280553e-02 2.518460437170996422e-02 5.080262628811604148e-02 9.357693530325091047e-02 9.965473612059971842e-02 8.773876312801671615e-03 4.278683755484830736e-02 4.686573751178500086e-02 6.120704949642959830e-02 5.138807396356733642e-02 3.835606651435880671e-02 1.820169713364723843e-02 6.365956923538196310e-02 4.380678332313806683e-02 5.391540021728451204e-02 5.149489471525466738e-02 2.544665210630954813e-02 4.593811370979687669e-02 1.169481901127876478e-02 3.384198458643722374e-02 3.245228467220559465e-02 3.318160440349607332e-02 4.109168542167582899e-02 6.848283033680410692e-02 4.277773523898797253e-02 4.080813387704219225e-02 8.265780107560349865e-02 1.216073805947252701e-01 1.045024753561700354e-01 7.527379671789523330e-02 6.769777724852464595e-02 1.131676854081356265e-01 1.078189581156415305e-01 4.306646634923890632e-02 6.167570255961389580e-02 5.739546597497229702e-02 9.931840289482926631e-02 7.527108995849164652e-02 1.040777599559628425e-01 9.568751162772438923e-02 8.372625182797779897e-02 6.356232772865202940e-02 1.090779337575296243e-01 5.889777366071662773e-02 8.722242936235355404e-02 7.106671665527167225e-02 5.107348335769094222e-02 5.814959250931165530e-02 3.952117250254603975e-02 5.478008393401762044e-02 1.964278006333207427e-02 4.577615956156069754e-02 5.122599458452042204e-02 3.634555174558371914e-03 1.736983410261224575e-02 -1.103213961442843678e-02 1.665932118671834342e-02 3.273354189142342000e-03 2.146248234689696055e-02 1.121211897068854352e-02 2.825749042934177016e-02 3.024677019963784453e-03 6.533655034113274897e-03 3.267184538727734705e-02 2.886287895519769331e-02 1.500148647272131659e-02 3.322552510734408382e-02 2.938606758967186525e-02 8.439459265882713265e-03 1.219160434266854630e-02 7.785133658683844951e-03 8.088208747209321703e-03 2.083908097536477447e-02 4.115365098182739018e-02 1.880037741017561229e-02
6.396071537584503697e-02 1.000000000000000000e+00 9.039434448693516033e-02 4.565876263531347401e-02 7.893163696478734670e-02 9.226492216942422386e-02 1.487472547559067770e-01 1.175378748676507296e-01 1.797830060253465534e-01 1.994877549391772531e-01 1.913016744630256782e-01 1.646703564946117582e-01 1.651727194745096772e-01 1.144668823212396380e-01 1.774836099754985297e-01 1.688994196913711221e-01 1.876693231071658308e-01 1.836309655812247421e-01 1.837919392763172899e-01 8.582997844169294732e-02 1.062759621365338691e-01 1.502082961592869081e-01 2.089391803501726708e-01 1.958627444423245434e-01 1.803411200513642954e-01 1.979451636241421064e-01 1.959735555818379882e-01 1.857566751702319774e-01 2.030861132762752930e-01 1.985477863961634393e-01 2.040514762810844984e-01 1.976161831904994226e-01 1.917625070872524540e-01 1.908263003854087925e-01 1.933012943333591027e-01 1.786809224191448775e-01 2.005258235729514005e-01 2.028876278800562927e-01 2.001046772624366366e-01 1.647351260986689159e-01 1.793742721753861236e-01 1.819607434068808427e-01 1.754257744607836955e-01 1.717762593704022789e-01 1.754203802462725725e-01 1.918720334484414480e-01 1.870006523823898037e-01 1.919464778442216135e-01 1.864930774464532148e-01 1.533058715455085097e-01 1.795442362897129995e-01 1.330394891065594387e-01 1.654807702138137437e-01 1.980898982278043452e-01 1.803313861636571536e-01 1.842204558851814056e-01 1.702126882673743180e-01 1.748420834189899908e-01 1.794195343601708292e-01 1.800432700840369771e-01 1.806127991952462264e-01 1.874254318441063161e-01 1.792886524656999991e-01 1.915796244061369058e-01 1.824591596070530286e-01 1.749821269538693047e-01 1.908601872858846360e-01 1.953452147099650205e-01 2.033278163804321803e-01 1.709085113088245067e-01 1.710601246773882644e-01 1.870224839016093599e-01 2.006106664770249126e-01 1.905022740389355485e-01 1.870263851559019752e-01 1.927964995123388481e-01 1.917070714800714892e-01 1.973826319003683105e-01 2.003989686777117585e-01 2.026982364034365935e-01 1.991634672061388389e-01 1.963740954222115420e-01 1.976348801077587314e-01 2.008857281185825461e-01 1.780189354994585194e-01 1.989178562990513155e-01 1.917801427439803641e-01 1.919511932857854430e-01 1.952591333093499915e-01 1.958610647959830864e-01 1.842077847077641384e-01 1.814273840544652905e-01 1.869150262327110290e-01 1.883971200519851397e-01 1.826461797293952305e-01 1.849470437569166181e-01 1.515616756047302172e-01 1.524101623267233308e-01 1.691789043459347996e-01 1.751452441852615338e-01 1.726670115499082947e-01 1.730989979177920413e-01 1.659077885743253655e-01 1.759486824046532782e-01 1.667362158159274022e-01 1.749826433319550678e-01 1.735572896693774736e-01 1.926179782130536533e-01 1.885994421467036553e-01 1.830867559964229896e-01 1.770202033396411911e-01 1.824796659754722994e-01 1.780880147704174965e-01 1.794747549257522112e-01 1.838456214586313420e-01 1.723652530747706857e-01
9.399457502954568222e-02 9.039434448693516033e-02 1.000000000000000000e+00 3.018905101014540682e-01 2.139954401878857160e-01 2.582241331039429877e-01 3.371743654170242244e-01 3.370053065439669870e-01 4.040344667135451484e-01 3.492866929803789544e-01 3.950763444649886269e-01 3.989941539504163193e-01 3.618441135171811540e-01 3.026467911537056299e-01 3.886076750673692626e-01 3.852311749381591710e-01 3.886812747153005621e-01 3.532474357450788860e-01 3.800574208987996805e-01 3.460929495221127250e-01 3.405086233928298345e-01 3.830201339291748885e-01 3.695885326104029200e-01 3.712204395298863147e-01 3.747795588853510274e-01 4.311009977445479646e-01 4.465048666851983428e-01 4.390775325205401036e-01 4.297554673487014587e-01 4.220392812792106429e-01 4.452654566190029084e-01 4.244879373862652794e-01 4.121151062510770013e-01 4.188589263032770349e-01 4.175074291024507001e-01 4.081623223640422071e-01 4.400911861813224246e-01 4.254355136289902917e-01 4.261780278560091673e-01 4.114988836279037665e-01 4.197058343144745574e-01 4.193914852854466746e-01 4.054003395755859662e-01 4.268231084436560074e-01 4.371685437276567887e-01 4.300810643339817996e-01 4.039174445310629857e-01 4.173326128840690319e-01 4.128155092243882551e-01 4.110589855499249823e-01 4.132911530576533488e-01 3.962165584757241232e-01 4.120202542471353424e-01 4.116870501040896801e-01 4.084235370637054330e-01 4.093753082374838037e-01 4.045259999685708596e-01 4.120568050092012213e-01 4.124042717848921402e-01 4.053569815017354916e-01 4.105766658826999205e-01 4.058780038573648885e-01 4.099101862224844295e-01 4.089430263186521475e-01 4.115745168333808102e-01 4.135826637330744515e-01 4.135995867921055669e-01 4.308282348507059822e-01 4.300498629280235519e-01 4.313263185436383984e-01 4.184981409774425343e-01 4.223291745764373162e-01 4.305622748027171931e-01 4.242511254086026584e-01 4.193457193318216314e-01 4.291436348440125226e-01 4.267708863553170695e-01 4.363157036302968694e-01 4.297497997598715425e-01 4.297975973843145003e-01 4.275840755554318751e-01 4.349114717750524606e-01 4.179141217115522333e-01 4.358754358033683496e-01 4.255537550705117411e-01 4.269059615975253075e-01 4.242143548474020531e-01 4.228817578961127088e-01 4.208918325733388976e-01 4.182003198625764417e-01 4.245876108318230591e-01 4.167508795779795716e-01 4.205119099163904806e-01 4.246900512022186436e-01 4.080450286817013938e-01 4.107496757293942480e-01 4.037835590381726458e-01 4.078810733466096128e-01 4.077960237062466242e-01 4.159078574555955532e-01 4.129195034702368150e-01 4.151538815271373917e-01 4.080022510211891440e-01 4.091946396700039124e-01 4.199707244663115069e-01 4.121342513291924026e-01 4.095854695472647133e-01 4.134805771273690755e-01 4.145491716271658689e-01 4.102802519560525552e-01 4.105420997201450484e-01 4.083232320154207007e-01 4.080602539537074303e-01 4.117775002644530891e-01 4.150182022996374842e-01 4.110922749144045318e-01
2.647205148697146307e-02 4.565876263531347401e-02 3.018905101014540682e-01 1.000000000000000000e+00 3.957079584575593501e-01 4.140467198342923649e-01 5.411978814884369493e-01 5.744127223089627865e-01 5.601563067773298599e-01 5.056135794753178203e-01 5.891040542441985384e-01 6.718090189280058189e-01 5.736367115357672297e-01 4.157508719972358158e-01 6.019688448843714124e-01 6.147062543025508807e-01 5.268372835073139582e-01 3.312082016244753957e-01 4.490168296079997123e-01 4.832291852082459260e-01 4.255627514663281596e-01 5.186710160325571639e-01 4.141742904039031892e-01 3.796410736629524663e-01 4.561419187536324693e-01 5.826236862031597408e-01 5.781262684733979862e-01 5.751856787907848600e-01 4.662272459546741854e-01 4.624883884221704378e-01 5.322782812252063733e-01 5.363073427515604452e-01 4.924617103734567070e-01 4.868710798547034035e-01 4.586788804593167623e-01 5.857397454510764323e-01 5.504622828979088833e-01 5.434512922877311469e-01 5.716697425698521462e-01 6.334022580968905469e-01 6.303288372622668501e-01 6.338542178220499812e-01 6.422758486484239082e-01 6.539500574302629099e-01 6.328732179806090263e-01 5.902330167843014008e-01 6.181963692193133131e-01 6.117968756063039137e-01 6.113463094269833142e-01 5.980234585669284009e-01 6.251830518189019914e-01 6.758109594781974705e-01 6.554288518956976617e-01 5.943433047430063398e-01 5.979007466407785243e-01 6.021060275602763134e-01 5.898477901661351996e-01 6.268745029843846295e-01 5.991799896133228609e-01 6.216067908533293718e-01 6.229075084528458151e-01 6.041377518252298850e-01 5.993996113845078133e-01 6.005928470965606891e-01 6.091065826636291591e-01 6.255626262960356510e-01 6.112026952164424376e-01 5.919273196580733254e-01 5.716967500575710348e-01 6.284167427897471292e-01 6.320011211462421841e-01 6.103610688445926247e-01 5.677450471686790179e-01 5.986266310694164927e-01 6.239143471439344557e-01 6.159663570195226256e-01 6.154809962298281034e-01 5.769719956901164792e-01 5.938300066847467251e-01 5.664810887816704721e-01 5.866565544601314297e-01 5.961291934951250537e-01 5.920256866698477838e-01 5.704735660327944213e-01 6.113943396112654360e-01 5.673256080858584127e-01 6.099196905958670367e-01 6.031614348109619606e-01 5.996601028273359502e-01 6.127134725498250001e-01 6.309478766982677955e-01 6.328330659033832850e-01 6.223683505768017321e-01 6.215461996642651643e-01 6.166335390775536940e-01 6.168688356376820225e-01 6.446143310331662324e-01 6.219623188944026770e-01 6.293750323054522200e-01 6.294084776471275955e-01 6.352077765001257204e-01 6.194045803728507327e-01 6.468263140399224120e-01 6.373184056044145507e-01 6.488039450679961018e-01 6.169052180307305067e-01 6.190277597959136235e-01 6.072246042425030188e-01 6.082681635232918271e-01 6.221768350769272260e-01 6.255770806784924920e-01 6.237666503515931771e-01 6.214588346843511468e-01 6.160402148516853638e-01 6.149179868627451251e-01 6.328385930377651292e-01
-1.562551548203042900e-02 7.893163696478734670e-02 2.139954401878857160e-01 3.957079584575593501e-01 1.000000000000000000e+00 3.329481508472297291e-01 4.634198222337652662e-01 4.541358295290240932e-01 4.578979256551233834e-01 4.349025663338632608e-01 4.785279908476090527e-01 5.247276696681282271e-01 4.763117457088314466e-01 3.464597933776821237e-01 5.063555110869778497e-01 5.230947319826502184e-01 4.549697608907226631e-01 2.792621266050162032e-01 3.642707215094091455e-01 3.062937345317569560e-01 3.114963767275463757e-01 3.940422333354344220e-01 3.246967892725295957e-01 3.195750439200171766e-01 3.702046085275376153e-01 4.790898595535286741e-01 4.799745451116379513e-01 4.506548775535453299e-01 3.921795585732379408e-01 3.935236700962177481e-01 4.538830892931026706e-01 4.482461376222499627e-01 4.240013453392937337e-01 4.206024313873769627e-01 4.001694728251432576e-01 4.690960918379070699e-01 4.579467794725159413e-01 4.669277373533584075e-01 4.823682428714016757e-01 5.049176901198204614e-01 5.103189650580792769e-01 5.200728008100031774e-01 5.199951119814006928e-01 5.231858852365600665e-01 5.052521150183629794e-01 4.883010503562686955e-01 5.189682799626778031e-01 5.133824483831789243e-01 5.088472679692223055e-01 4.868927549046119241e-01 5.078799574456854815e-01 5.197997278906076879e-01 5.293102480894869011e-01 5.000110592037972923e-01 5.006878697146321944e-01 4.966907380248455905e-01 4.949143174577804727e-01 5.211556259863029394e-01 5.019656316001228635e-01 5.241558828205038489e-01 5.171549232753409608e-01 5.107275074358800238e-01 5.071331100351988974e-01 5.033888902339328508e-01 5.049886803268245350e-01 5.183138256316864867e-01 5.109649512487722811e-01 4.919490796111825048e-01 4.767659920621140635e-01 4.893531645062699220e-01 5.035852334001463815e-01 5.060578445450479856e-01 4.755864625491497688e-01 4.880318478297234197e-01 5.182848891041845762e-01 5.119291889938829554e-01 5.113197003645360006e-01 4.808559073109233140e-01 5.019386523221401886e-01 4.863977874308620386e-01 4.970301007133296478e-01 4.978941015545242377e-01 4.973997981274243529e-01 4.873473309650038776e-01 5.125444918766282054e-01 4.879956758124644467e-01 5.090173587452723192e-01 5.065064048703449284e-01 5.058072580823134157e-01 5.105903718466437979e-01 5.155985041521526924e-01 5.237514688049319522e-01 5.146561542347696250e-01 5.126722399126758534e-01 5.183503196098854238e-01 5.186853757202860571e-01 5.331055029491114094e-01 5.208424380041875024e-01 5.250537100260959100e-01 5.210880930031105418e-01 5.256792492543315154e-01 5.168518545176298273e-01 5.305005787343002321e-01 5.267087566725562331e-01 5.270303009091807933e-01 5.157197596833437148e-01 5.219337035826528970e-01 5.128289938376476842e-01 5.130681519350778208e-01 5.217099983341252356e-01 5.215834555971363695e-01 5.231126073815400845e-01 5.205258569345253550e-01 5.197263803161941143e-01 5.116845368294167251e-01 5.235168464712702807e-01
-3.410801417063323571e-02 9.226492216942422386e-02 2.582241331039429877e-01 4.140467198342923649e-01 3.329481508472297291e-01 1.000000000000000000e+00 5.464574380903013395e-01 4.813578052341542790e-01 5.228808490473211279e-01 5.206073803392261556e-01 5.410626214829689085e-01 5.910944131289749270e-01 5.489798985299284562e-01 4.239296024748208658e-01 6.058466071730933544e-01 5.990084021420803984e-01 5.254661939150092609e-01 3.543075084819821141e-01 4.416953269946148342e-01 3.603833923116417925e-01 3.772292406379845198e-01 4.544940719019190944e-01 4.032223824933311440e-01 3.925261763675102489e-01 4.309782753588027870e-01 5.724683506958622159e-01 5.515607815008625181e-01 5.395499045606982902e-01 5.045461608188567260e-01 4.786099741677450892e-01 5.416249312404598504e-01 5.376605337819538866e-01 5.078738953498665998e-01 5.150751305245990785e-01 4.670928370171477662e-01 5.452167626288970670e-01 5.419403537093643308e-01 5.598065611031816102e-01 5.693131230154699907e-01 5.825189026065099585e-01 6.019579279788019877e-01 6.081249392328884618e-01 5.938969706471991516e-01 6.127510292984714724e-01 5.905854868069779773e-01 5.934131074663927530e-01 6.133844294302425171e-01 6.078802566725510781e-01 6.074072752495551786e-01 5.864225645996851144e-01 6.009507640704970788e-01 5.896437199132689155e-01 6.148154875616236303e-01 6.004589919578421364e-01 6.012886669910093573e-01 6.001414417104905530e-01 5.958284234765761633e-01 6.187476674153983280e-01 6.086480608100405254e-01 6.189876150139749234e-01 6.139181279282450721e-01 6.115438854538673974e-01 6.066442555421601712e-01 6.037554822415565070e-01 5.943697378262575715e-01 6.118463603556751895e-01 6.082150438161072481e-01 5.950948852588007210e-01 5.700659379969151841e-01 5.819295897631582282e-01 5.944687856536812198e-01 6.012511185040241291e-01 5.699717892391823471e-01 5.858638461729629432e-01 6.162499709403769232e-01 6.088204658241549438e-01 6.106702070363879686e-01 5.946931458395585679e-01 5.994545235334201028e-01 5.794678480700221623e-01 5.906422718785612203e-01 5.982320194632584354e-01 5.912673297493357127e-01 5.837072644853156245e-01 6.043828495250530564e-01 5.862194041320266669e-01 6.014283257395227622e-01 6.059065379205896829e-01 6.035229824365594409e-01 6.050339869652120450e-01 6.100652494699185802e-01 6.195914958995395461e-01 6.117948312585748116e-01 6.126783679322327369e-01 6.194384343525954906e-01 6.185911115640488900e-01 6.158093410643955545e-01 6.081710946106476667e-01 6.181751937422341747e-01 6.150494423143791911e-01 6.178933343806488621e-01 6.120880816449211226e-01 6.236168949176484899e-01 6.201433382932867167e-01 6.182534448288071749e-01 6.044239350767975916e-01 6.165021670564529988e-01 6.139814381669106425e-01 6.137428173553988175e-01 6.205458668770545971e-01 6.162526980167167823e-01 6.197433828706785386e-01 6.166684898465071285e-01 6.119167537343140895e-01 6.120643904700419080e-01 6.172416114184378078e-01
-2.723091014646900846e-03 1.487472547559067770e-01 3.371743654170242244e-01 5.411978814884369493e-01 4.634198222337652662e-01 5.464574380903013395e-01 1.000000000000000000e+00 6.902381226955945914e-01 7.314582434129418553e-01 7.311479609818548608e-01 7.617010648748597790e-01 8.005706307224561558e-01 7.408791244796542053e-01 5.769297733844602760e-01 8.466594071495616713e-01 8.140385167329011740e-01 7.308643973953947715e-01 4.761123661473882218e-01 5.934320288966140611e-01 4.764856545128177134e-01 4.746682007989710961e-01 6.023020497718034605e-01 5.787206828052826602e-01 5.433494795167811420e-01 5.851213367820413680e-01 7.754458613912328380e-01 7.440173824217561904e-01 7.357145934704506507e-01 6.732076925650719579e-01 6.619054505265921096e-01 7.473794935100309678e-01 7.517943699890434761e-01 6.900206781689950386e-01 7.182506986190148046e-01 6.516104030022162874e-01 7.522910828142869155e-01 7.455093877207914499e-01 7.838165414441352619e-01 7.928028280753025570e-01 7.958252986922331740e-01 8.148883942430008576e-01 8.242857622878184687e-01 8.081659493427640895e-01 8.223209744778198216e-01 8.047541950627171703e-01 8.027731025919652152e-01 8.341176361277500284e-01 8.304774314537803903e-01 8.254447389607241226e-01 7.885196358092297908e-01 8.161955336568779140e-01 7.753634413634293843e-01 8.215480811329917143e-01 8.214545073307254475e-01 8.204610323126703131e-01 8.164269004821772535e-01 8.058728236955331470e-01 8.262846496265121576e-01 8.182128257381602321e-01 8.323880993732922784e-01 8.277057016788090804e-01 8.273337232905000338e-01 8.225059702300603348e-01 8.245152465719010060e-01 8.121645194085544972e-01 8.181250637580909091e-01 8.289175464634087609e-01 8.057893492445371564e-01 7.884427456693030578e-01 7.850011635826479317e-01 7.888337772077048671e-01 8.124004841266915244e-01 7.839187776137587216e-01 7.860567064338723764e-01 8.312175219917711244e-01 8.211976952973042421e-01 8.249657322934010883e-01 8.011291336793672224e-01 8.183083131446847736e-01 7.943878297944723110e-01 8.072140987283865643e-01 8.162450557116786021e-01 8.165796753396805663e-01 7.952660809790595975e-01 8.240496616403957253e-01 8.076305700478840777e-01 8.198357414247803288e-01 8.330974665638819499e-01 8.250344400729084926e-01 8.268901418701402051e-01 8.274442795702937614e-01 8.380658921501006331e-01 8.295051395444447140e-01 8.321550303483137290e-01 8.361776585430651387e-01 8.364182395734328646e-01 8.326609127349726691e-01 8.280982796288760550e-01 8.369175630217220441e-01 8.367516973068842567e-01 8.368133983374806961e-01 8.342751963419965389e-01 8.347388155247748021e-01 8.379811954789062600e-01 8.306171002949868098e-01 8.271047788274035195e-01 8.375995014970424313e-01 8.335430968719105271e-01 8.349482810767711038e-01 8.378696333635180515e-01 8.378532550052657513e-01 8.363152665223844151e-01 8.381106554199462266e-01 8.362794495292749097e-01 8.293749923632565135e-01 8.333466101380567759e-01
2.145637508016692147e-02 1.175378748676507296e-01 3.370053065439669870e-01 5.744127223089627865e-01 4.541358295290240932e-01 4.813578052341542790e-01 6.902381226955945914e-01 1.000000000000000000e+00 7.152192344902534860e-01 6.663032852836476838e-01 7.299248879138956481e-01 7.801060587689574444e-01 6.973858557002741154e-01 5.466350171779252864e-01 7.610561251536238636e-01 7.807332535581894550e-01 7.039663244285625510e-01 5.214528865321105267e-01 6.288071142701703309e-01 5.552781312748052978e-01 5.665612179697794293e-01 6.656168416607386451e-01 5.916022187552574252e-01 5.680252369785018240e-01 6.240233947858695451e-01 7.428024503688585023e-01 7.413586009807056065e-01 7.271009667916099595e-01 6.521117932620715818e-01 6.506218435518534848e-01 7.167690963291076800e-01 7.297770618525528663e-01 6.756853447139788971e-01 6.917248636751608393e-01 6.506467120405614590e-01 7.471456257371884568e-01 7.280752802321831529e-01 7.439107646570921606e-01 7.561343846904458044e-01 7.676746409872757804e-01 7.825700641308319661e-01 7.833439264949119130e-01 7.839408097772559980e-01 7.948042846986854704e-01 7.792164349226469167e-01 7.649456768370990201e-01 7.775568747599482800e-01 7.848325065736893036e-01 7.869340428075994875e-01 7.594975938670320836e-01 7.889931670539080955e-01 7.752859600242127947e-01 7.866383526592940489e-01 7.805383612189058518e-01 7.793761586090306448e-01 7.743108772307190080e-01 7.798743910900499676e-01 7.926226918422650813e-01 7.847391931688540989e-01 7.845104184993012542e-01 7.950387488480076259e-01 7.869168714415015753e-01 7.819902935963374269e-01 7.829954652763985168e-01 7.824550239210690261e-01 7.928257809121150856e-01 7.810782312941402239e-01 7.758663375397644169e-01 7.584768601608996574e-01 7.791755457851499145e-01 7.845482068612177340e-01 7.823322040189634174e-01 7.566583739457785063e-01 7.630402502267286113e-01 7.898147966852611113e-01 7.835699257292785269e-01 7.815727745814627925e-01 7.601852996755337211e-01 7.724450484659411975e-01 7.531788818754602266e-01 7.667907052358126085e-01 7.706874566767668577e-01 7.763295433944358281e-01 7.588665302104964372e-01 7.840688398840383044e-01 7.624067661123178352e-01 7.767343909572710370e-01 7.822511620004538591e-01 7.787516408508504684e-01 7.840458491148509790e-01 7.912938145373112908e-01 7.913189250301223554e-01 7.880479051511881661e-01 7.868064345688073891e-01 7.832636491705038395e-01 7.850744695189190159e-01 7.924915661766691599e-01 7.895747221740677668e-01 7.937666976343510372e-01 7.918555660518473704e-01 7.957896125932909515e-01 7.918771742737924502e-01 7.936818330837553948e-01 7.931210922050986323e-01 7.977678726434749290e-01 7.911673053363180719e-01 7.893505748983222770e-01 7.798320734111778840e-01 7.840735811121610777e-01 7.855958442030858135e-01 7.906050396824538806e-01 7.856013012690805652e-01 7.894286170215176757e-01 7.894018524722729024e-01 7.868397924785169861e-01 7.934490327218237660e-01
1.319954660801775648e-01 1.797830060253465534e-01 4.040344667135451484e-01 5.601563067773298599e-01 4.578979256551233834e-01 5.228808490473211279e-01 7.314582434129418553e-01 7.152192344902534860e-01 1.000000000000000000e+00 7.647730908313998821e-01 8.194559348711245583e-01 8.269216332163576988e-01 7.705799202200452891e-01 6.142993780380464619e-01 8.346505658038911868e-01 8.433677148783174093e-01 8.246809155821833714e-01 6.881889496035158427e-01 7.685483990198158644e-01 6.358182842633236520e-01 6.542287848241217230e-01 7.714306713452373510e-01 7.515959055801576527e-01 7.393850506400186928e-01 7.675420896595631648e-01 8.746505481588702224e-01 8.655051782190414933e-01 8.583597862507841292e-01 8.309038294734413244e-01 8.403727347776867029e-01 8.833095899886812541e-01 8.726588210294056180e-01 8.266963577278032549e-01 8.472878184314296401e-01 8.277198591709006292e-01 8.618965761327814779e-01 8.809238571263262596e-01 8.816898094820709852e-01 8.890560985815865180e-01 8.396121925601154334e-01 8.894412712800310317e-01 8.740131969396676137e-01 8.609445292030797336e-01 8.875159671503248804e-01 8.868927603520246894e-01 8.957094592403969102e-01 8.781935503446097746e-01 8.964758869882893944e-01 8.893341055999257616e-01 8.489281533165401461e-01 8.805087732823880797e-01 8.313557995959034441e-01 8.687555040528085470e-01 9.003393567941205822e-01 8.821154861400208880e-01 8.796891323222396641e-01 8.836925933850211523e-01 8.834611525014618438e-01 8.887640994923532434e-01 8.822557883922691468e-01 8.905755077168988620e-01 8.898939012028818096e-01 8.807197294996937931e-01 8.911124472677460773e-01 8.941598329803778222e-01 8.941296944666815572e-01 8.937772009011809571e-01 8.978589068165058196e-01 8.970804267975104329e-01 8.852392612508259706e-01 8.812317189180610688e-01 8.961402306102316251e-01 8.908703406928668578e-01 8.917833899145815035e-01 8.946477388446412160e-01 8.990654543571776625e-01 8.949376878418564552e-01 8.959747641146602604e-01 8.975641039693398326e-01 8.969920138261223697e-01 9.017957371945705125e-01 9.023237032032590532e-01 8.949144557473993622e-01 9.015270970245988780e-01 8.858576444158735574e-01 8.967298926418335592e-01 8.993986741869457457e-01 8.917656522253386564e-01 8.978637393486459395e-01 8.901312334650395286e-01 8.893899054315183017e-01 8.849212643449614335e-01 8.961479331340537202e-01 8.969271303670132145e-01 8.795009168391484389e-01 8.872250609536250776e-01 8.521230380628890266e-01 8.694624194474597223e-01 8.783018070756023477e-01 8.774152918187534400e-01 8.791395012221562277e-01 8.861173730127640535e-01 8.755797976818676664e-01 8.792542049326296238e-01 8.855203016158742502e-01 8.863483910228791007e-01 8.824445908284572759e-01 8.918943959266547594e-01 8.915524112229900044e-01 8.814497836107528794e-01 8.803499902333026261e-01 8.836459265371940930e-01 8.829700692647267646e-01 8.897850760608770893e-01 8.933715081978241823e-01 8.869515185670030499e-01
3.165127317904060239e-02 1.994877549391772531e-01 3.492866929803789544e-01 5.056135794753178203e-01 4.349025663338632608e-01 5.206073803392261556e-01 7.311479609818548608e-01 6.663032852836476838e-01 7.647730908313998821e-01 1.000000000000000000e+00 7.711101051165202280e-01 7.958134998508974434e-01 7.550138309267524495e-01 5.843799806242302441e-01 8.205538003484894594e-01 8.156386579589786079e-01 7.586550131269488295e-01 5.311268877994247406e-01 6.421233649279567413e-01 4.862523580036182680e-01 4.952764057731524061e-01 6.394500782993152166e-01 6.368941212952987652e-01 6.019847916854829117e-01 6.309717057176879029e-01 7.971463209792688520e-01 7.732288206776829487e-01 7.572663817776397188e-01 7.165175027823013076e-01 7.177100526536194236e-01 7.858926271588894119e-01 7.834027436373302011e-01 7.240213114688877072e-01 7.485587556328092695e-01 7.057895388695567540e-01 7.679508385364488543e-01 7.850350052344704510e-01 8.027320159901841778e-01 8.139845926296074285e-01 7.845976228763145155e-01 8.341879388627553293e-01 8.339606431997176328e-01 8.142855476269199588e-01 8.330033096074759280e-01 8.154071975645849069e-01 8.269817665593102163e-01 8.503130171767148138e-01 8.540327565625811523e-01 8.412758759617415816e-01 7.877336154299660054e-01 8.219137394282283182e-01 7.724892807567989017e-01 8.281022974357422628e-01 8.473169232002077944e-01 8.309340367366689906e-01 8.313067643122713513e-01 8.205129283137897467e-01 8.374717570443468428e-01 8.348161014312288630e-01 8.510101973707346890e-01 8.426878654493503706e-01 8.437995471271353409e-01 8.341256059255909294e-01 8.452483403798369821e-01 8.319631924639812048e-01 8.383467888982291116e-01 8.527010852786724993e-01 8.318451343814398102e-01 8.229810383080916614e-01 8.027840640992259802e-01 8.083522369257345463e-01 8.366426201470059665e-01 8.157194704243638794e-01 8.139688842456506146e-01 8.489610492254483498e-01 8.457064933966198517e-01 8.449032578961306328e-01 8.276345538280760472e-01 8.432243696871540850e-01 8.331124816676412914e-01 8.370835543079716556e-01 8.436561438451589678e-01 8.416962402399630339e-01 8.274465867627761595e-01 8.357755319678821238e-01 8.327836358024842678e-01 8.406569870900205688e-01 8.493200966901793825e-01 8.486833772372152085e-01 8.470041019345347921e-01 8.379132751686789726e-01 8.512494504680044871e-01 8.491102700343399201e-01 8.499198024590032263e-01 8.541022134519349329e-01 8.547240060957582708e-01 8.264154245963655221e-01 8.332817138391280798e-01 8.489301940925980672e-01 8.449515801435369955e-01 8.453809642883916009e-01 8.483610639133001285e-01 8.456940571474671486e-01 8.492687780830302513e-01 8.407296187871574622e-01 8.457466742508091828e-01 8.504716120572622939e-01 8.537696884898977601e-01 8.522555815984742544e-01 8.534761956470666711e-01 8.510844826766722493e-01 8.548594585601541063e-01 8.535873328485142908e-01 8.526996196533626060e-01 8.488494236508226098e-01 8.497512954113940475e-01
3.966234795799280372e-02 1.913016744630256782e-01 3.950763444649886269e-01 5.891040542441985384e-01 4.785279908476090527e-01 5.410626214829689085e-01 7.617010648748597790e-01 7.299248879138956481e-01 8.194559348711245583e-01 7.711101051165202280e-01 1.000000000000000000e+00 8.690969017636849259e-01 7.841246347327440747e-01 6.235501161413554705e-01 8.726877401341502916e-01 8.669698488749543186e-01 8.249579873253607420e-01 6.359281368886752217e-01 7.357767579289430371e-01 5.831713125712519874e-01 6.185776895163237477e-01 7.377572591596734952e-01 7.171634544472111905e-01 6.916316548667791331e-01 7.283334087041514193e-01 8.585324225806102438e-01 8.434466159543263508e-01 8.347230090961414994e-01 7.821835630122867533e-01 7.969918334985810482e-01 8.636504203683144087e-01 8.662565994038105011e-01 8.074200613672644078e-01 8.351741562425842869e-01 7.877739459286040580e-01 8.536137713974528696e-01 8.649858630218582034e-01 8.787814146002886906e-01 8.911561940679223470e-01 8.647980203482676931e-01 8.947191550973541130e-01 8.947990445191845721e-01 8.810921101464315175e-01 8.970873338664981933e-01 8.926717181923828903e-01 8.949576940668716452e-01 9.044797572574000410e-01 9.093241642363250055e-01 9.042346965167372685e-01 8.647415859889702183e-01 8.927174475970326428e-01 8.457488228244167683e-01 8.883991353891665943e-01 9.051769886474769766e-01 8.917270822287814980e-01 8.962741478560282138e-01 8.832099362007072019e-01 8.982185035935583706e-01 8.986895159301678815e-01 9.058295807430722935e-01 9.033878111149450385e-01 9.018123532412124499e-01 8.930108252775075250e-01 9.026145346977705319e-01 8.964656419315375491e-01 8.996571792724206151e-01 9.101940198909302948e-01 9.050582878747970295e-01 8.937085554435388879e-01 8.834776839395585002e-01 8.899935058004915245e-01 9.062071690839335059e-01 8.896866901124536042e-01 8.897609185825064992e-01 9.100235329073860235e-01 9.075160316973509556e-01 9.050596339579982663e-01 8.910551908117848585e-01 9.027014870051968121e-01 8.942577742961553833e-01 9.030984100256777003e-01 9.076284886849977918e-01 9.087270240113507480e-01 8.988507749545707748e-01 9.051735643273425280e-01 9.038467202338525963e-01 9.098489927254663767e-01 9.109417658782497096e-01 9.121593629087066946e-01 9.083833222535018237e-01 9.075196970590910794e-01 9.099638343360055837e-01 9.121832323765312056e-01 9.109552132834638494e-01 9.092510934575286363e-01 9.106093274043910446e-01 8.887955442789505778e-01 8.925400233371231229e-01 9.067014077789151694e-01 9.064678728806844221e-01 9.065699215716880310e-01 9.066417130267147018e-01 9.010892638099606833e-01 9.070801029333436238e-01 9.071727964320530635e-01 9.034585598247133476e-01 9.090057427150314284e-01 9.100605525942018215e-01 9.091326431511189687e-01 9.086450433962558471e-01 9.086638713351209429e-01 9.088912139181750671e-01 9.075466671315252087e-01 9.104582929339047892e-01 9.098768509931935977e-01 9.073621514194040172e-01
6.409169927047200441e-03 1.646703564946117582e-01 3.989941539504163193e-01 6.718090189280058189e-01 5.247276696681282271e-01 5.910944131289749270e-01 8.005706307224561558e-01 7.801060587689574444e-01 8.269216332163576988e-01 7.958134998508974434e-01 8.690969017636849259e-01 1.000000000000000000e+00 8.285332180386445478e-01 6.403402265752952127e-01 9.078232970355686327e-01 9.073286680128479498e-01 8.206327719592779735e-01 5.669078179462337941e-01 6.989320985806787290e-01 5.967988543344220354e-01 6.006375152315424071e-01 7.358488289159516027e-01 6.630869706732164248e-01 6.343852092511330643e-01 6.972756712341464658e-01 8.639644514647366602e-01 8.542582294081935146e-01 8.351888246404570726e-01 7.530674349641885978e-01 7.490577502656050601e-01 8.408859714100869187e-01 8.440561919246136746e-01 7.851554064730702498e-01 7.988707673106432150e-01 7.460776056856819327e-01 8.610667071725784938e-01 8.486677439447113391e-01 8.632670523673356966e-01 8.887269633960002135e-01 9.024327567519092597e-01 9.224511353722618656e-01 9.275846256840195592e-01 9.213772551233697650e-01 9.354932505354258687e-01 9.141720166436891892e-01 8.978712438433793519e-01 9.329010788008716970e-01 9.292750778995546579e-01 9.240423401333971443e-01 8.864607568228449752e-01 9.204393394153373986e-01 9.115594235444165472e-01 9.354677899075427572e-01 9.158833387740978882e-01 9.095443262565428011e-01 9.107026583538244680e-01 9.025851091807831628e-01 9.313729331002635892e-01 9.154920646168054343e-01 9.357505506364537373e-01 9.324252039932012792e-01 9.220902545686193719e-01 9.163378269171116308e-01 9.211048594553273849e-01 9.166445794805641034e-01 9.299462091822102705e-01 9.288633786942209758e-01 9.092730799219006510e-01 8.874325868545224205e-01 9.050112503347575998e-01 9.139384635770302356e-01 9.204611890194900337e-01 8.838155193680073962e-01 8.966552887779837278e-01 9.328108131720765916e-01 9.266456059781731369e-01 9.249843895923965942e-01 8.939650942894201702e-01 9.108208859483258868e-01 8.886965969522495623e-01 9.051223514586568264e-01 9.122204568693706994e-01 9.138653538481723571e-01 8.943692893032885172e-01 9.215719650821477815e-01 8.975324405114767368e-01 9.226533813169743858e-01 9.228080690746129910e-01 9.225914775518961886e-01 9.271844452167194994e-01 9.340451671861275118e-01 9.408809193869632770e-01 9.343834150167146246e-01 9.320229295372370881e-01 9.358491553531693707e-01 9.357234490687553752e-01 9.336542226673503198e-01 9.219104765799371881e-01 9.373805355193013389e-01 9.360438891185951515e-01 9.392834500944565734e-01 9.306079432514283711e-01 9.421369143757467590e-01 9.418413972604783302e-01 9.426420671342997659e-01 9.284922302208800104e-01 9.341212250649713056e-01 9.281433235766806122e-01 9.286158460788915825e-01 9.375720742455552204e-01 9.367288216101214982e-01 9.385756057431968724e-01 9.353282527931096046e-01 9.326210933807733694e-01 9.315034842065552656e-01 9.396986804828787454e-01
-6.022830160858686464e-03 1.651727194745096772e-01 3.618441135171811540e-01 5.736367115357672297e-01 4.763117457088314466e-01 5.489798985299284562e-01 7.408791244796542053e-01 6.973858557002741154e-01 7.705799202200452891e-01 7.550138309267524495e-01 7.841246347327440747e-01 8.285332180386445478e-01 1.000000000000000000e+00 5.925545290788222230e-01 8.381127505199792438e-01 8.487787653609948357e-01 7.714579927970725004e-01 5.180263767717023793e-01 6.345668847424781323e-01 5.127486581886526729e-01 5.230329846945910299e-01 6.524561868139322485e-01 6.160115311050284870e-01 5.848062363812889242e-01 6.297615824596664025e-01 7.994360188848379511e-01 7.818605621897594116e-01 7.686237185214096490e-01 7.104311923053836519e-01 6.955061796485491055e-01 7.773999980205018590e-01 7.808241381601932485e-01 7.213148076104424211e-01 7.396148615583065800e-01 6.899820087790123901e-01 7.777595773854821815e-01 7.829782582889666109e-01 8.002968442540636662e-01 8.153093579278478664e-01 8.095734003412340396e-01 8.532127816357533145e-01 8.544303346245339936e-01 8.423304580584960455e-01 8.597289054174137579e-01 8.325777387583442879e-01 8.334840870283657388e-01 8.688855079721405916e-01 8.651929678646423927e-01 8.597628368989617131e-01 8.104782502396484789e-01 8.437595721479661526e-01 8.228241061261150069e-01 8.615940459789817041e-01 8.575525911941814794e-01 8.519060933949043068e-01 8.502826380364922887e-01 8.455994545331788625e-01 8.657983227812303673e-01 8.539491266866201524e-01 8.756445605107191499e-01 8.653551454007304411e-01 8.632491476812413911e-01 8.554715533954073692e-01 8.554703496511213423e-01 8.497156426324127265e-01 8.647006968934758397e-01 8.652068086952985349e-01 8.442175096503100606e-01 8.249237438084471297e-01 8.249149041463589294e-01 8.318624253434470095e-01 8.526539473807404068e-01 8.186168206543094072e-01 8.246987153995297692e-01 8.665072153266403232e-01 8.593256903184167683e-01 8.585754796905180619e-01 8.373246812097235869e-01 8.501365378984251375e-01 8.295058844856934011e-01 8.428669459157671628e-01 8.490630379485901713e-01 8.497889256524340240e-01 8.312890944687266748e-01 8.507596264095770300e-01 8.365637466466646632e-01 8.528141974315955887e-01 8.569113213775622073e-01 8.576628743832519497e-01 8.622889118032611711e-01 8.579235022443452152e-01 8.709660533159871987e-01 8.651206034810569045e-01 8.645999577593884711e-01 8.723003032492567810e-01 8.729614294548342368e-01 8.600563744918874320e-01 8.584362575065872525e-01 8.729651938844774639e-01 8.643453876986905149e-01 8.701006212939506046e-01 8.676377927077556507e-01 8.717650439116071404e-01 8.738263863916276852e-01 8.686528060148633879e-01 8.667653307109183247e-01 8.713756518787586502e-01 8.690433194660952543e-01 8.694740579514801393e-01 8.720579974416439173e-01 8.723121894182537250e-01 8.750115318162132727e-01 8.734378058278934320e-01 8.703499192623228575e-01 8.660736543594189651e-01 8.754928818311478178e-01
