1.000000000000000000e+00 1.800648269450739192e-01 1.059959092008028736e-01 6.383357357908472918e-02 5.136634310809701232e-02 4.768462450069510528e-03 -4.685764911100006452e-03 4.468904550518453672e-02 1.773906016493229654e-01 5.772956278449929007e-02 4.657193680133595720e-02 3.471080730487738353e-02 4.859527195463581029e-02 -2.265502915155936936e-02 9.271618695307723423e-03 3.709871464611283476e-02 1.583340710174548915e-01 8.050083045771705414e-02 9.880276259864040345e-02 -2.143132575643014008e-03 1.288940605181531918e-01 7.324220573720502392e-02 1.174153566994954601e-01 8.556409054811117687e-02 6.128590384530516882e-02 4.865106851553532147e-02 4.169850731501689722e-02 8.604810845717413698e-03 6.029236613949716383e-02 6.083889493688438010e-02 5.777090721280981472e-02 4.789422018499610995e-02 2.133268938030387363e-02 4.479298761432549264e-02 4.330612743704524703e-02 1.256864640991535789e-02 2.773173708798355730e-02 1.861757035373796249e-03 4.422241322069192862e-03 -5.282203306692730832e-02 1.604893971355777701e-02 -1.546215288945639206e-02 -1.089757602105589744e-02 1.970898387421238240e-02 1.702902448385133424e-02 -6.506103928772274210e-04 1.025222095370367965e-02 2.841777509954644329e-02 3.578735169424259593e-02 2.732923480243492492e-02 5.863931499263034738e-03 3.766098488034252262e-02 3.285141379654480526e-02 5.887394469714311851e-02 4.005474480143991073e-02 3.229654678173226462e-02 8.378702494249344601e-02 2.348985340630807550e-02 1.077323439380959737e-02 4.405866569849470338e-02 1.503580687896296543e-02 2.446037270142562003e-02 2.402330875215005768e-02 5.261522336300188812e-02 8.243328805668911907e-02 7.842807797386894264e-02 3.465473102528709992e-02 2.653666361605337698e-02 3.286037887347372649e-02 1.334843481266280614e-02 3.234389793278343028e-02 2.359591812632678975e-02 2.661174692374864217e-02 2.890367685046105542e-02 1.440197039955607751e-02 1.865136979626421873e-02 3.882195152304698978e-03 2.885980072767047391e-02 7.964384074274230563e-03 3.779358274862769373e-02 2.097533374314380916e-02 2.124878135331716850e-02 3.240076721216696154e-02 2.801563759552916713e-02 1.603595482038226716e-02 1.425063438050106109e-02 -1.821602348647295786e-03 -5.523756645196304695e-03 1.053195444554588063e-03 2.972227127026599164e-02 -2.665007848344749103e-02 -1.550077729497967858e-03 1.843775237800962879e-05 4.089650645439447995e-04 6.777876190004565420e-03 1.686660689052408083e-02 -8.550296921695491395e-03 5.990341121029179455e-02 5.701935539692147732e-03 -2.319017567508097413e-03 -8.884959860783973179e-03 1.442298756576920402e-02 1.876187705706312478e-02 5.309741743646469690e-03 2.592425322911831240e-02 5.017867764464506442e-02 2.582768047553840596e-02 2.029337160163923945e-02 1.496615973169126458e-02 1.330402315279457202e-02 5.644989456033686070e-03 2.348217125413639902e-02 1.357270477843725183e-02 2.751839905378505174e-02 5.595608297577370910e-02 5.592645734358294568e-02
1.800648269450739192e-01 1.000000000000000000e+00 1.268558168838740674e-01 9.145240265856199868e-02 7.443639552476567778e-02 8.521675480625448551e-02 1.152246487641242351e-01 1.068209235999752205e-01 1.771828312983600717e-01 1.739690524249654091e-01 1.410179662785551180e-01 1.515175159094482860e-01 1.342490125520834077e-01 1.017554637463656403e-01 1.382747413779772672e-01 1.418219393100217662e-01 1.630276154100905872e-01 1.372431875309567118e-01 1.483133083150950660e-01 1.045050114106868544e-01 1.168270344936143540e-01 1.392647804170952797e-01 1.576752408899278202e-01 1.281669225788324429e-01 1.424382063653066022e-01 1.548641854285011665e-01 1.430054805843366805e-01 1.391074450134254237e-01 1.550643429014661456e-01 1.535409029380038759e-01 1.579129637081803095e-01 1.581584811958759995e-01 1.329317729130088110e-01 1.290119733661453105e-01 1.479085270769062155e-01 1.241981557645268908e-01 1.329251464745791478e-01 1.449071734293767288e-01 1.330885421180540984e-01 1.161695653619052165e-01 1.380584781322419796e-01 1.326205261001890956e-01 1.294170594252333772e-01 1.390675802095409364e-01 1.463905839100936301e-01 1.331101572081846429e-01 1.488195978919829576e-01 1.569919577543072986e-01 1.610947443164914838e-01 1.532925690064815827e-01 1.470968428563327324e-01 1.507762942292662500e-01 1.503117112003932443e-01 1.649198377231045343e-01 1.580526050932680171e-01 1.540078661692847739e-01 1.630526042793792874e-01 1.472102155013529368e-01 1.510779441059893757e-01 1.523695000111120468e-01 1.455461997429998711e-01 1.493639204974714640e-01 1.512450022197935340e-01 1.527423458314421945e-01 1.587127618014426145e-01 1.645943455759495411e-01 1.552376839267231579e-01 1.546041966493030828e-01 1.588192234482547760e-01 1.480640093502375021e-01 1.420829691179105736e-01 1.477901459570724607e-01 1.483607456498998445e-01 1.477798543962594580e-01 1.501337607883690695e-01 1.481331642255940273e-01 1.460783676991288249e-01 1.556219254226606508e-01 1.490280790067879668e-01 1.587706530508136704e-01 1.518300872308103733e-01 1.509005538714459083e-01 1.524820956399065841e-01 1.535127941544910390e-01 1.452356277777457350e-01 1.412877490511983969e-01 1.386806038389911122e-01 1.435228593285091392e-01 1.440169005950188152e-01 1.574348896710929813e-01 1.325100328345396594e-01 1.432075368808869986e-01 1.429207202803865207e-01 1.446467935247333636e-01 1.462945189390402745e-01 1.527041097245108447e-01 1.364055370954848079e-01 1.625371563366169447e-01 1.441456427297986009e-01 1.456470083455718989e-01 1.355595081284329539e-01 1.490242929811696759e-01 1.481171098698411959e-01 1.426518750172378891e-01 1.522380553394049041e-01 1.556661729162807650e-01 1.553266253110421324e-01 1.559808433351796975e-01 1.509742295109870180e-01 1.518488144493087555e-01 1.470287851732245687e-01 1.487897044955929504e-01 1.486344334942056589e-01 1.485964334399830500e-01 1.547941034378111091e-01 1.595208659345672686e-01
1.059959092008028736e-01 1.268558168838740674e-01 1.000000000000000000e+00 3.717705308896286920e-01 2.361872952881352572e-01 2.671517311034571351e-01 3.942120868988632787e-01 3.210573269038474176e-01 3.584673258666093987e-01 3.100465808983537408e-01 3.869428250994674245e-01 4.029718768000138396e-01 3.539360322869420372e-01 2.854284136038746644e-01 3.903296177167508985e-01 3.644338569612857182e-01 3.680559370528410090e-01 3.980495632785107651e-01 3.919587251706986852e-01 3.467393765475243472e-01 4.446636130963952382e-01 4.364192876259463949e-01 3.880733933425755677e-01 3.999991451404290022e-01 4.180413066424168433e-01 4.089302171238777817e-01 4.061993119302963473e-01 4.109796142429530397e-01 3.972712952119675789e-01 4.097785189044976240e-01 4.138918379087649924e-01 4.188007142324796095e-01 3.894019217282944645e-01 3.962134388035034038e-01 3.932613914609289774e-01 4.186684893772990579e-01 4.063285350779095584e-01 3.976070811083406986e-01 3.983771600151586600e-01 4.149635467156567170e-01 4.029851188494801839e-01 3.985187749110304933e-01 4.073158397634100703e-01 4.011023277013758270e-01 4.346274198093147967e-01 3.939755224942845802e-01 3.756754424730620601e-01 3.890956151132443641e-01 3.938396698703399701e-01 4.093293282061418736e-01 3.934854497345898205e-01 4.270039284111870614e-01 4.003853491452841751e-01 3.836634420279208535e-01 3.921834485877888077e-01 4.074762598372270173e-01 3.974502200981089861e-01 3.836541090226621709e-01 3.741915050406282028e-01 3.767356186661958151e-01 3.846684097987555506e-01 3.708790764393332107e-01 3.825452051963399436e-01 3.806933594249332642e-01 3.814485878883193681e-01 3.969095780859587252e-01 3.860153771370676279e-01 3.963463476498331750e-01 4.014791500343773967e-01 4.169690632554518550e-01 4.166569578882597935e-01 4.044769777876092709e-01 4.006136932138029128e-01 4.118733956174141508e-01 3.962255206940156760e-01 3.968162224315792685e-01 3.970639633001838420e-01 3.924259179174587886e-01 4.069038714579357729e-01 4.036436333623475980e-01 3.955734744484076248e-01 3.959671604951812141e-01 4.088448325458627353e-01 3.856031393891016235e-01 3.878286659110884438e-01 3.926789861757936650e-01 3.986622383853267171e-01 3.920065961767532636e-01 3.919337107803231302e-01 4.008595970295664723e-01 4.062343110336915641e-01 3.973620801734116803e-01 4.043289963635972040e-01 3.982458729876784953e-01 3.787595928884576191e-01 3.834719835971404089e-01 4.092843777151644047e-01 4.015755646214661523e-01 3.896151482522007270e-01 3.941252871278527747e-01 3.977430330137090575e-01 3.917971099524681367e-01 3.959738734921188774e-01 3.860809963087742935e-01 4.093412898554273371e-01 3.952438468525195092e-01 3.880745853120939337e-01 3.825262931765457952e-01 3.971476030489091147e-01 3.807600273393370038e-01 3.840023954616355595e-01 3.821062863474166127e-01 3.797215909844683934e-01 3.848700683328288852e-01 3.809950331096437770e-01 3.904917327649561898e-01
6.383357357908472918e-02 9.145240265856199868e-02 3.717705308896286920e-01 1.000000000000000000e+00 3.673268242135134809e-01 3.792934595744835713e-01 5.639199459660582114e-01 5.365365602464230443e-01 5.406973071231500061e-01 4.930813725169900241e-01 6.040195905770737728e-01 6.192219899738841127e-01 5.652164959709764513e-01 4.648363776186195118e-01 6.168036003015482382e-01 5.849743188935158100e-01 5.388895580241088723e-01 5.368810977142366436e-01 5.482725843018432244e-01 4.732647983458579954e-01 5.985417811896535101e-01 5.974642758266706100e-01 5.442651945834880989e-01 5.371999029464498143e-01 5.672668974706400746e-01 6.179737284385488083e-01 6.078337403774771719e-01 6.186770563497602238e-01 5.736469783631613639e-01 5.826346506840838213e-01 6.259332362580022346e-01 6.123248882263512272e-01 5.789077655414597290e-01 5.783622221360672500e-01 5.754382542486828900e-01 5.904741495041204713e-01 5.938160734701876109e-01 6.174154906687409072e-01 6.161892811615332644e-01 6.242442461763292316e-01 6.286872904825892006e-01 6.296926001156911701e-01 6.211001617027150923e-01 6.261528398546835072e-01 6.408615870097128520e-01 6.221169453465945631e-01 6.041606924597731076e-01 6.063107297789802619e-01 6.098368841951462560e-01 6.077553556409432955e-01 6.192782208327932691e-01 6.213363001184418755e-01 6.242807495727932254e-01 5.976033059315077889e-01 5.981463069068071459e-01 6.163681010356557577e-01 5.921518800599465671e-01 6.118705605880552234e-01 5.951018895334392322e-01 6.017830340041454562e-01 6.109118200525738285e-01 5.921477911314654285e-01 6.001453058838231991e-01 6.034082477636637520e-01 5.978923672702883829e-01 6.010882911914233739e-01 6.123290250187217731e-01 6.153246716739317890e-01 6.160086650295676369e-01 6.301398675581318942e-01 6.322875007090731359e-01 6.198541161772321839e-01 6.101087963566897976e-01 6.202293349974462577e-01 6.235592580818714037e-01 6.255904860058291161e-01 6.236598842656830843e-01 6.093084685009565460e-01 6.267659232909998934e-01 6.248995885783735771e-01 6.216746675817600432e-01 6.234887149408796514e-01 6.253197846605696997e-01 6.056275885942781212e-01 6.150138966623641679e-01 6.157282508921970710e-01 6.216357989301111164e-01 6.270314561349304983e-01 6.193469417955966838e-01 6.186311628110273686e-01 6.294094640850468325e-01 6.271040774624421221e-01 6.289662828258162364e-01 6.253502015306265926e-01 6.095932400264235662e-01 6.114310206181998719e-01 6.390682350402637768e-01 6.221038246176530118e-01 6.217462205652708462e-01 6.286203932721098342e-01 6.280691169361122261e-01 6.243337695207501481e-01 6.243876099074103792e-01 6.208115844967322383e-01 6.351924874800191079e-01 6.104170160836595027e-01 6.179844634894845479e-01 6.126192252284140549e-01 6.236784890211666266e-01 6.139823487123990953e-01 6.172189169654390684e-01 6.101091352193316331e-01 6.083482895476043373e-01 6.144993587994651563e-01 6.027996425036553640e-01 6.125108778757946126e-01
5.136634310809701232e-02 7.443639552476567778e-02 2.361872952881352572e-01 3.673268242135134809e-01 1.000000000000000000e+00 2.997293451906246076e-01 4.559508684929928779e-01 4.366367585375796057e-01 4.653754730456726163e-01 3.816499387099787644e-01 4.579700515872830446e-01 4.801463583257742918e-01 4.772567361470445024e-01 3.660896093378323002e-01 4.956417891727064040e-01 4.989855402623764591e-01 4.410557896551495771e-01 4.330483207655261291e-01 4.316295217286119645e-01 3.111389582104852058e-01 4.366020260585376511e-01 4.789268551217469860e-01 4.578107088407634140e-01 4.278098565741225157e-01 4.609373462304768299e-01 4.881090697807050072e-01 4.772215293696466798e-01 4.699710288862773422e-01 4.351254490316982526e-01 4.652737677188016341e-01 4.967852010553602815e-01 4.906149770344396810e-01 4.442361758039351516e-01 4.759321867547799956e-01 4.626462639115930808e-01 4.686662572525080450e-01 4.729286945939255582e-01 4.906222136545940748e-01 4.994852000999859265e-01 4.652813906239419151e-01 4.926531452472973083e-01 4.967719276058292777e-01 5.103336167076166774e-01 5.128026999434255329e-01 5.053034669838125659e-01 5.070900274970993049e-01 4.938491471830252499e-01 5.019940656937944556e-01 4.919188222092267249e-01 4.820843789307417415e-01 4.923259960341289099e-01 4.897225686173610759e-01 5.090030736467729966e-01 4.939639233260471052e-01 4.919580225236026561e-01 4.986163455514028287e-01 4.907210988906532956e-01 5.024824401343547242e-01 4.879800270198286216e-01 5.039912323431137153e-01 5.056410710995941082e-01 4.924503767911811991e-01 4.910963411962401826e-01 5.042800115828425245e-01 4.959096860811390006e-01 5.018704614406749309e-01 4.996775714492432963e-01 5.022935472292763270e-01 5.070839479996290811e-01 4.983767617031939490e-01 5.130194748251512005e-01 5.109476750784832655e-01 5.032786310628681870e-01 5.064459413788898745e-01 5.023625304093437549e-01 5.011263063920767813e-01 4.968350679123574865e-01 4.835248207881267524e-01 5.030661722239583300e-01 4.999957529665082223e-01 5.038759898621045785e-01 5.036120859057391375e-01 5.027026266389535980e-01 4.947968886479497397e-01 4.956511449124927360e-01 5.032849855520582505e-01 5.010057723509987460e-01 5.032742241773228153e-01 5.060701968860322753e-01 4.993858452133029813e-01 4.948856915749522134e-01 5.072122629986747233e-01 5.088037377905040293e-01 5.072626199332029850e-01 5.001395057871703687e-01 4.988393662953294339e-01 4.963205769310159443e-01 4.857411620933393959e-01 5.004215010518682227e-01 4.997144618523456372e-01 5.103740230295176206e-01 4.927640671413546225e-01 5.030828792708251784e-01 5.077269599842089143e-01 5.098724827265767034e-01 4.913900244754389468e-01 4.938834392721963007e-01 5.035325719910556108e-01 5.034154895687478204e-01 5.013384777716982654e-01 4.969208769565552908e-01 5.030852488108092935e-01 4.948489485812784250e-01 5.032404329468533888e-01 5.001358546030633123e-01 5.018492634286518816e-01
4.768462450069510528e-03 8.521675480625448551e-02 2.671517311034571351e-01 3.792934595744835713e-01 2.997293451906246076e-01 1.000000000000000000e+00 5.289670682689378012e-01 4.763829639221588419e-01 4.947977318689736892e-01 4.318527050333325623e-01 5.117811296891985329e-01 5.485461624920232593e-01 4.919947916326030124e-01 4.284854608321704283e-01 5.723313950714080667e-01 5.324285749043946581e-01 4.904088155701409879e-01 4.630518307295783398e-01 4.838443374049037904e-01 4.019711783317552189e-01 4.921190565197379740e-01 5.321917198726028309e-01 4.945730991213116434e-01 4.784963383479988730e-01 5.074416291284908898e-01 5.547308841436516813e-01 5.455411821166002984e-01 5.549179987647185897e-01 5.093802646547090918e-01 5.102252403905997991e-01 5.498605296513083829e-01 5.592258691420107786e-01 5.133104631333342827e-01 5.239362305156131105e-01 5.240258585170159966e-01 5.397108155853355127e-01 5.395211160736157474e-01 5.647623588603698508e-01 5.662421754334152624e-01 5.589670061792099132e-01 5.666658793787442416e-01 5.758112655704484828e-01 5.689960567432953420e-01 5.729608972990231086e-01 5.715062821457104203e-01 5.707582604337995136e-01 5.602512410026604384e-01 5.630605959005235972e-01 5.626990028175463676e-01 5.521644206733101745e-01 5.675685601920560375e-01 5.434718291361865239e-01 5.518792861741363964e-01 5.544094129692511697e-01 5.542397695996632567e-01 5.643810727408339334e-01 5.432686669968321835e-01 5.595415595052217750e-01 5.586132228022020474e-01 5.561358174432006196e-01 5.618109748172905871e-01 5.549758423125349394e-01 5.553752849519517643e-01 5.546514393736019510e-01 5.499945611042532656e-01 5.461669632568728616e-01 5.668806946623714538e-01 5.696355153373244828e-01 5.747916719408453501e-01 5.751984782576465838e-01 5.767887123063100141e-01 5.740898740116811005e-01 5.641840035297764899e-01 5.663386776890274588e-01 5.720799978744068870e-01 5.689944940974304144e-01 5.759118358352287581e-01 5.593134424293606521e-01 5.762872460722487933e-01 5.616619759321025418e-01 5.695390250014540356e-01 5.676363873052353570e-01 5.713562027876224469e-01 5.563806845100129905e-01 5.657282072064643286e-01 5.698397398384291712e-01 5.738054378286211454e-01 5.751771176102656868e-01 5.758020084114102710e-01 5.653873840907420734e-01 5.781167510144920030e-01 5.778950426839513099e-01 5.750500478177241748e-01 5.769731065991736685e-01 5.658935249897566466e-01 5.650290118713581222e-01 5.769914916421192697e-01 5.631435930164466752e-01 5.701713418777846210e-01 5.771848042886111863e-01 5.789221224359303308e-01 5.699087824870326946e-01 5.684263205779629402e-01 5.727457986889827879e-01 5.725576618073836555e-01 5.550654222608153443e-01 5.678972957547154810e-01 5.658339650909712804e-01 5.687581089432931503e-01 5.663906080209590854e-01 5.663784409390554275e-01 5.633815835244191383e-01 5.612043469698344555e-01 5.669117674856151146e-01 5.534219983754793404e-01 5.570365547055967648e-01
-4.685764911100006452e-03 1.152246487641242351e-01 3.942120868988632787e-01 5.639199459660582114e-01 4.559508684929928779e-01 5.289670682689378012e-01 1.000000000000000000e+00 6.697023672535254990e-01 6.700068546401016789e-01 6.180960667982169365e-01 7.594642571629436345e-01 7.911664686212119824e-01 7.071603375768079625e-01 6.069362496790887684e-01 8.393810422788855474e-01 7.753937019797135788e-01 6.832857113657332393e-01 6.727031448981887207e-01 7.007384504257363478e-01 6.033652437973796578e-01 7.034343417391459852e-01 7.718115764889716957e-01 7.249141255424986774e-01 7.027152731707903000e-01 7.420759768598772510e-01 8.071414498623693534e-01 7.857631269531727414e-01 8.123104362772023412e-01 7.414808640600447642e-01 7.725473043503102710e-01 8.124075607198448790e-01 8.129108825605135813e-01 7.645176684128688338e-01 7.709845695870570781e-01 7.639211051461672897e-01 7.831808344867349225e-01 7.970510287091255863e-01 8.201504822482520440e-01 8.254291761180189146e-01 8.257025092933069077e-01 8.139159229263285278e-01 8.268918878915911819e-01 8.186594994101862310e-01 8.235562931516554608e-01 8.410140184367251859e-01 8.320678516231249100e-01 7.989802864954015371e-01 8.033240098200896684e-01 7.912300042841372560e-01 7.858145299534646799e-01 8.129462464262735555e-01 7.931783481068004349e-01 7.984539013318499023e-01 7.777010178064641677e-01 7.804559879340607909e-01 8.091583715977906932e-01 7.584002683339945428e-01 8.009179895292510842e-01 7.933795467064701512e-01 7.888144311341439563e-01 8.030908866374538713e-01 7.792300703185432997e-01 7.872803712968825529e-01 7.819879655243360261e-01 7.713151672662920122e-01 7.697470865703055498e-01 8.024505840753680674e-01 8.129702053784235716e-01 8.212626737857047221e-01 8.276479453296665678e-01 8.221865450922336560e-01 8.199976602266333403e-01 8.157310517949011297e-01 8.182725501616137098e-01 8.210407788650354588e-01 8.172032446397424765e-01 8.241244755834354896e-01 7.996658929721175424e-01 8.340185659379875105e-01 8.120391590116361469e-01 8.198541677091552016e-01 8.145343169110481618e-01 8.203981210803988899e-01 8.005553507815378333e-01 8.019181159941030090e-01 8.172032943613921629e-01 8.271228953408467088e-01 8.248296550214315737e-01 8.232155539618820628e-01 8.054035251510057725e-01 8.378249575338915234e-01 8.291642172860305138e-01 8.288167710686414891e-01 8.283159517862495047e-01 8.053646495298182328e-01 8.040732582000661433e-01 8.128704713413271721e-01 7.833600021215788578e-01 8.077873628248548599e-01 8.209786116088862995e-01 8.248954894754371159e-01 8.041415554431410317e-01 8.065976562724860299e-01 8.136373575995241580e-01 8.137541547983097034e-01 7.779730457629734364e-01 7.997547172862422560e-01 8.073411149370288697e-01 8.143116689892391236e-01 8.065930670059058283e-01 8.094880520967722148e-01 8.007560254769844343e-01 7.968693286669745746e-01 7.965503392422649265e-01 7.870783988763333516e-01 7.875939114380977601e-01
4.468904550518453672e-02 1.068209235999752205e-01 3.210573269038474176e-01 5.365365602464230443e-01 4.366367585375796057e-01 4.763829639221588419e-01 6.697023672535254990e-01 1.000000000000000000e+00 6.583288385697885214e-01 5.732768924019339130e-01 6.985109090640184704e-01 7.364525126434097180e-01 6.753278598817878953e-01 5.596346131130378598e-01 7.493838695847442333e-01 7.575198133327056826e-01 6.809444769417912768e-01 5.708976973846754399e-01 6.162737857220159654e-01 5.049493682707106856e-01 6.372736495194497586e-01 6.719619490244491677e-01 6.476910240222354398e-01 5.794900609874613640e-01 6.143019123910780088e-01 7.239725528201812477e-01 7.167811293544490425e-01 7.178781957911453127e-01 6.795905155262385033e-01 7.115443347230739901e-01 7.527643008229933930e-01 7.379292842026494714e-01 7.033673444240627903e-01 6.927419568321485643e-01 7.254276711865083049e-01 7.022004134398910358e-01 7.248131292096523515e-01 7.559260462907948508e-01 7.594391667072949437e-01 7.184031029434253535e-01 7.467166338360761157e-01 7.433763460566460424e-01 7.481621671392946205e-01 7.563477307787327408e-01 7.464078336075881115e-01 7.523916467151807730e-01 7.541501196094135828e-01 7.562990308753148039e-01 7.544673470768289425e-01 7.391090231389251253e-01 7.546995217203049666e-01 7.245722246303879510e-01 7.455475139230914872e-01 7.442705006113751187e-01 7.529776412554277654e-01 7.493777859870387470e-01 7.498167256382625157e-01 7.602020978438200904e-01 7.562793280138717655e-01 7.503036933848721279e-01 7.597426696288960279e-01 7.508317413263350115e-01 7.540900065985738365e-01 7.551904537905457238e-01 7.414492376795062123e-01 7.474408147827107385e-01 7.565446996351322673e-01 7.432697047109649846e-01 7.522851662889779023e-01 7.526033652110443173e-01 7.496441027271049107e-01 7.443223587154279564e-01 7.315913114825762786e-01 7.306868306227501941e-01 7.542541500497763618e-01 7.564935092509083026e-01 7.510237591205513041e-01 7.461858914730331582e-01 7.441876942242321435e-01 7.534799364850179870e-01 7.591390519835821138e-01 7.608101756447728237e-01 7.632821153477623577e-01 7.575168940554148911e-01 7.535147670798875152e-01 7.501781917608069117e-01 7.588547811687686995e-01 7.604421642260517089e-01 7.610210862511451735e-01 7.560069200123180622e-01 7.459380152201307013e-01 7.591675915003937014e-01 7.573764628487865691e-01 7.567045239514671451e-01 7.566185786683790049e-01 7.581063086487227487e-01 7.573315069755236495e-01 7.625443169749036576e-01 7.641713010412574114e-01 7.613495518913730997e-01 7.626614341549019516e-01 7.662555285669909733e-01 7.541157114223977498e-01 7.601353671821066138e-01 7.667385618591177066e-01 7.595598901543564319e-01 7.635033909492598969e-01 7.579659743131222926e-01 7.619117720965726814e-01 7.611989876627451856e-01 7.625708919516878126e-01 7.578007065221155081e-01 7.586708673940791847e-01 7.608774567374783082e-01 7.513067243757161062e-01 7.551090624477646562e-01
1.773906016493229654e-01 1.771828312983600717e-01 3.584673258666093987e-01 5.406973071231500061e-01 4.653754730456726163e-01 4.947977318689736892e-01 6.700068546401016789e-01 6.583288385697885214e-01 1.000000000000000000e+00 7.079137072755135041e-01 7.809964906748021463e-01 8.048537993941418112e-01 7.635979869481163140e-01 6.370533056246986403e-01 8.141575542155254919e-01 8.046058265104205631e-01 8.024690467372184166e-01 6.359219355300794740e-01 7.170057425975312482e-01 4.649989729809450578e-01 6.552778085537138697e-01 7.418862127179254307e-01 7.558990293152436646e-01 6.431089077761609207e-01 7.016032786569853519e-01 8.211548023352980286e-01 8.105302816727670834e-01 7.991953188428326804e-01 7.633894158431910881e-01 7.814058590479139310e-01 8.438233345934891272e-01 8.024914313326489967e-01 7.431527666957343792e-01 7.317807937763916026e-01 7.758042676826154560e-01 7.241969135136381297e-01 7.709479797638278953e-01 8.222534840863208183e-01 8.161430119536734473e-01 7.480827231897345664e-01 8.387405376208421082e-01 8.203469174752935356e-01 8.084755035229607145e-01 8.407781723830518583e-01 8.139923952367582594e-01 8.266195523382026122e-01 8.553161817715183579e-01 8.635954774269370970e-01 8.509059461845079886e-01 7.921290495697692613e-01 8.346492924582821216e-01 7.952522087973505904e-01 8.330146649556847693e-01 8.656635706079768289e-01 8.480815118082258852e-01 8.496411989232897088e-01 8.538997992683048377e-01 8.552321438032750578e-01 8.494787378747540307e-01 8.670241610365833074e-01 8.551435481291890239e-01 8.595884910803616163e-01 8.408089985198641259e-01 8.621806443630262162e-01 8.694256838675785692e-01 8.653790606525868512e-01 8.605708549813035901e-01 8.423934385535383207e-01 8.464629025132903717e-01 8.145398963508267975e-01 8.417510535293497576e-01 8.445523550953827341e-01 8.260561322039283727e-01 8.302541161230821976e-01 8.516283326153611943e-01 8.514261244523493311e-01 8.415248911552913880e-01 8.418916512889648152e-01 8.346979390212398986e-01 8.562846918706673582e-01 8.532570048744185787e-01 8.584841114070220769e-01 8.479121308136201574e-01 8.471169929761364070e-01 8.280853178077353105e-01 8.280801819714278533e-01 8.333171420177557520e-01 8.427165085426500113e-01 8.444093035738613473e-01 8.553538023772315757e-01 8.193932276870367071e-01 8.451555294411741137e-01 8.409468512584138411e-01 8.469982841584253741e-01 8.557378449598641579e-01 8.593221436953949466e-01 8.171724814302752105e-01 8.514800687628726328e-01 8.470878677322781769e-01 8.422494943370174569e-01 8.390444976007016553e-01 8.508710391469391787e-01 8.528153418433692678e-01 8.517816255289387684e-01 8.487468519213622331e-01 8.586659311158111318e-01 8.571939523162023233e-01 8.601974890782768668e-01 8.524181170993233581e-01 8.575332375632471749e-01 8.520612854700735372e-01 8.626560042615772916e-01 8.583664807525592799e-01 8.593443868646396533e-01 8.659783252076541649e-01 8.678066088426807934e-01
5.772956278449929007e-02 1.739690524249654091e-01 3.100465808983537408e-01 4.930813725169900241e-01 3.816499387099787644e-01 4.318527050333325623e-01 6.180960667982169365e-01 5.732768924019339130e-01 7.079137072755135041e-01 1.000000000000000000e+00 7.075943807228395332e-01 7.300304081515371912e-01 6.843036158302916450e-01 5.848486853793418705e-01 7.418693660263875334e-01 7.197272789928815806e-01 6.753651436524177321e-01 5.936109215240339410e-01 6.592964848446752901e-01 4.305575341419444757e-01 5.592900364201176533e-01 6.744892110504994154e-01 6.854440900674334536e-01 6.027671425228643409e-01 6.489595724096401952e-01 7.501821178366997467e-01 7.328555847867833650e-01 7.257715113102150006e-01 6.878827560566878052e-01 7.110764256926744853e-01 7.606528804677026301e-01 7.386139912800860907e-01 6.715455025410368428e-01 6.760443367988316909e-01 7.012038573414889342e-01 6.614463973507210826e-01 6.978622025433773857e-01 7.559179447482247127e-01 7.483426490636794215e-01 7.138760477052865649e-01 7.686443636173521110e-01 7.583214574530617869e-01 7.466511048171675657e-01 7.680113984039953490e-01 7.514019880413499441e-01 7.585533476904690042e-01 7.802769525034052300e-01 7.866056000252559244e-01 7.667778270976034483e-01 7.168776836627310800e-01 7.622975863567561516e-01 7.131456423970518044e-01 7.545288047362560535e-01 7.811313310201373206e-01 7.724824234811634716e-01 7.794842675531667986e-01 7.504286003323332732e-01 7.764663641548279482e-01 7.750818624113731126e-01 7.783752645418343663e-01 7.708856967904533786e-01 7.772881505748548969e-01 7.620771055193668042e-01 7.691521706558169802e-01 7.663249955550212045e-01 7.664064055325914282e-01 7.810085365625624165e-01 7.774740725382022211e-01 7.759055376497591139e-01 7.469270394489587739e-01 7.651612085287409215e-01 7.754961358159674356e-01 7.668550840326338047e-01 7.657356502024825762e-01 7.790084034254438627e-01 7.758667590416818971e-01 7.729381776068910970e-01 7.647350201367270062e-01 7.736447511841623159e-01 7.795873087680759150e-01 7.770787978893408665e-01 7.817385086129311489e-01 7.711985955112605762e-01 7.702762069070453466e-01 7.525465012043890400e-01 7.598060961632112642e-01 7.629014017741747589e-01 7.759107292519767940e-01 7.751345580445923034e-01 7.820470075990116898e-01 7.578040605902151006e-01 7.770720188475236379e-01 7.747977290180088072e-01 7.784261390162248162e-01 7.814710594414338019e-01 7.856357340588836502e-01 7.513795393392855848e-01 7.589390788843671798e-01 7.719986724822220925e-01 7.725441193286790575e-01 7.681582840037487481e-01 7.742499457440874533e-01 7.757615381646835173e-01 7.760296958641017540e-01 7.685948683056577080e-01 7.699155827740343794e-01 7.790115186992566665e-01 7.865038538559366854e-01 7.850894442444761312e-01 7.807576563921251322e-01 7.831884432514781835e-01 7.830650990677604506e-01 7.831961367772463101e-01 7.757354582799695919e-01 7.729665645034629051e-01 7.764363654071652077e-01
4.657193680133595720e-02 1.410179662785551180e-01 3.869428250994674245e-01 6.040195905770737728e-01 4.579700515872830446e-01 5.117811296891985329e-01 7.594642571629436345e-01 6.985109090640184704e-01 7.809964906748021463e-01 7.075943807228395332e-01 1.000000000000000000e+00 8.684227473773300510e-01 7.927928211516022117e-01 6.652562594405321272e-01 8.786311815328692321e-01 8.424175998973142399e-01 7.852315251666756035e-01 6.907711538004833729e-01 7.547073045365588762e-01 5.571184853559659755e-01 7.146725721520115204e-01 8.017819094582474548e-01 7.829691792841468878e-01 7.020355310641662738e-01 7.640281459943650821e-01 8.698211994456779284e-01 8.552337666455588350e-01 8.638657233672311087e-01 8.062741718225741039e-01 8.390685410049772974e-01 8.812617023503755975e-01 8.637672182934981180e-01 8.195551723836982383e-01 8.019139139622846191e-01 8.372754360397260953e-01 8.150067549184856208e-01 8.442395478966115974e-01 8.856459430146578216e-01 8.845267096081316227e-01 8.506001851034509231e-01 8.923330185849562834e-01 8.888884900442137749e-01 8.828596578090543989e-01 8.981164573578757082e-01 8.896361026527557225e-01 8.930919849946273859e-01 8.938327811791051403e-01 8.984737349995037814e-01 8.873305162182764105e-01 8.515511454562652016e-01 8.899733598991891315e-01 8.590928197458731486e-01 8.830809059502755520e-01 8.886706291152313142e-01 8.821995688147075132e-01 8.956197319483194530e-01 8.741172971270523284e-01 8.952008570174780910e-01 8.893237127833819589e-01 8.942979039928014018e-01 8.980957924292074512e-01 8.876782346108098576e-01 8.831416778992544625e-01 8.906222087790820474e-01 8.841081846087673890e-01 8.871739068013931862e-01 8.984969979571264531e-01 8.935229764926480023e-01 8.963199695901468145e-01 8.833084219461315723e-01 8.965042528510136499e-01 8.976525444558386413e-01 8.825631175064333478e-01 8.849456488568354651e-01 9.036724292916810120e-01 9.024919987548702949e-01 8.997259898203149309e-01 8.848945205782651202e-01 8.972062614947141634e-01 9.004948429983404834e-01 9.017782530527913565e-01 9.047333033120930068e-01 8.982580282226713120e-01 8.940484383749935926e-01 8.795923810220592776e-01 8.845605577554274124e-01 8.979143421542795656e-01 9.014643513864607494e-01 9.022720789125598939e-01 8.992610556273524791e-01 8.935605843777378876e-01 9.020545819240236574e-01 9.024215746838764041e-01 9.052409187443638539e-01 9.003705381272003594e-01 9.024307397690229937e-01 8.838876483179869403e-01 8.846415101331741582e-01 8.997990425321144015e-01 8.990360535869781344e-01 9.011200988191307992e-01 8.971059676561138341e-01 8.996632222716761662e-01 9.017290815759629874e-01 9.014683460805201776e-01 8.900547710081333497e-01 8.971189619400173898e-01 9.019391436237418347e-01 9.025643751211273047e-01 8.988107587255905750e-01 8.986461397321157119e-01 9.005377025338806574e-01 8.973136725581614126e-01 8.986609398352808364e-01 8.929585978156706627e-01 8.966433049411318690e-01
3.471080730487738353e-02 1.515175159094482860e-01 4.029718768000138396e-01 6.192219899738841127e-01 4.801463583257742918e-01 5.485461624920232593e-01 7.911664686212119824e-01 7.364525126434097180e-01 8.048537993941418112e-01 7.300304081515371912e-01 8.684227473773300510e-01 1.000000000000000000e+00 8.187420820853825720e-01 7.032890233466700947e-01 9.071498466724657872e-01 8.778472259889242846e-01 8.100099662482214136e-01 6.938429504980536677e-01 7.607838685016247160e-01 5.822133633514008366e-01 7.383175438272314706e-01 8.157095514686083515e-01 8.014447852689867702e-01 7.100870654136828275e-01 7.723024354313156037e-01 8.997367720771997091e-01 8.803147924459290286e-01 8.920010736779216964e-01 8.246344475418850850e-01 8.644885639053191406e-01 9.179751757236018772e-01 8.948954638789762273e-01 8.491379982300161222e-01 8.274869822307326928e-01 8.693242457041091553e-01 8.414426948490704161e-01 8.782329997959371637e-01 9.202573999674527050e-01 9.176908213546782767e-01 8.838045215817934563e-01 9.246102162038105643e-01 9.245451174401448924e-01 9.147018296557465344e-01 9.297808054215483953e-01 9.191341331876868859e-01 9.259423377578519521e-01 9.283726420903780641e-01 9.321700711851711452e-01 9.203168598194607641e-01 8.851588961953518186e-01 9.252852252425014523e-01 8.884071619454233515e-01 9.190776811572514138e-01 9.205572513873137019e-01 9.149790629148438770e-01 9.243709273245496183e-01 9.057998300136022030e-01 9.298206578709076187e-01 9.244344983909429381e-01 9.290753190255001126e-01 9.303254966621892219e-01 9.231370841688267825e-01 9.191513097885799510e-01 9.243615686401706055e-01 9.160000860141588319e-01 9.196820284582468696e-01 9.334751165533350381e-01 9.200900896930481743e-01 9.290160726527187940e-01 9.166341366682146941e-01 9.249477039450690885e-01 9.246453401534291405e-01 9.070255931977669883e-01 9.086783591592159093e-01 9.360826180159774745e-01 9.342423875185632554e-01 9.311264619360134498e-01 9.121539399763085587e-01 9.233692916256357464e-01 9.304265027365687946e-01 9.326734807625134405e-01 9.377447370797489246e-01 9.311851219541026348e-01 9.256446691308357622e-01 9.166490370214670502e-01 9.173485378366984522e-01 9.320110976224804666e-01 9.356721254212040373e-01 9.356225205950944313e-01 9.291305755686956047e-01 9.279064720317151682e-01 9.364372542933059318e-01 9.357456700461288523e-01 9.385901702263831359e-01 9.344830202207465852e-01 9.355304706566216488e-01 9.184649899054800892e-01 9.204326972925824801e-01 9.328045650234650932e-01 9.340580109162339717e-01 9.345487570762005536e-01 9.322259913165157341e-01 9.353895647888330611e-01 9.363292406990645356e-01 9.351984508055081191e-01 9.231572106663343824e-01 9.332037617742281466e-01 9.344412989335636466e-01 9.357511865439096521e-01 9.346954564110302455e-01 9.331766986743962322e-01 9.350477347394198224e-01 9.318738443250690340e-01 9.323561531780091283e-01 9.275472326752949304e-01 9.317930386534268861e-01
4.859527195463581029e-02 1.342490125520834077e-01 3.539360322869420372e-01 5.652164959709764513e-01 4.772567361470445024e-01 4.919947916326030124e-01 7.071603375768079625e-01 6.753278598817878953e-01 7.635979869481163140e-01 6.843036158302916450e-01 7.927928211516022117e-01 8.187420820853825720e-01 1.000000000000000000e+00 6.520292373922588203e-01 8.367104109825539426e-01 8.145541398615570028e-01 7.421741222436678553e-01 6.372722421886038990e-01 7.032688856151547707e-01 5.157629170447565192e-01 6.712386575874591532e-01 7.509517818121094201e-01 7.418389944249148549e-01 6.504740436740695797e-01 7.159238019468993075e-01 8.253266099039243686e-01 8.031494501967323396e-01 8.077310471658255553e-01 7.621817927370903023e-01 7.753067828509074833e-01 8.377138799054208995e-01 8.129258501769530687e-01 7.642725798849794305e-01 7.571333254500655086e-01 7.847756179284877120e-01 7.638170658467653418e-01 7.932881887059258785e-01 8.422521715235593565e-01 8.384981117552949836e-01 7.973978266587536945e-01 8.461707208177081663e-01 8.443716602635578106e-01 8.428211865654641199e-01 8.566176995336809430e-01 8.392422206230467641e-01 8.464592189946464895e-01 8.576014798641493631e-01 8.633777800313524597e-01 8.430715259949371765e-01 8.051229952784049182e-01 8.460844118163097782e-01 8.116342085500106718e-01 8.437747695038673168e-01 8.503198808970543476e-01 8.423052584284451694e-01 8.526017770083326175e-01 8.312224225989809367e-01 8.597465556617229776e-01 8.482300666027187130e-01 8.614724307412646720e-01 8.586848681990439935e-01 8.539554104242924604e-01 8.418671573165644739e-01 8.544607196426896589e-01 8.451345982547422420e-01 8.478514284495460851e-01 8.600725117179235379e-01 8.510420148767198212e-01 8.543191118427744257e-01 8.388921314419321984e-01 8.530679946828855220e-01 8.534015731984153641e-01 8.376128067021956225e-01 8.394699743186078145e-01 8.609206375001501321e-01 8.614843931115503395e-01 8.550421562898775640e-01 8.429019409305131827e-01 8.502300840583455477e-01 8.579692362359782054e-01 8.592325137463630025e-01 8.636974731733284560e-01 8.537638469377792916e-01 8.528714108565169649e-01 8.397535253119677856e-01 8.431698901489910192e-01 8.523974956901096967e-01 8.601611615785346165e-01 8.605631416858599003e-01 8.583448181563213542e-01 8.475890460226584988e-01 8.617085738658096794e-01 8.615077395322726650e-01 8.634998244232418019e-01 8.628780519080088141e-01 8.644602419847617902e-01 8.406231725554282885e-01 8.387340429395849783e-01 8.588476167968175368e-01 8.579049591036357336e-01 8.591387650250682517e-01 8.555948882385298049e-01 8.623798152641205528e-01 8.644513196069818495e-01 8.579717766915132549e-01 8.497952904144567832e-01 8.567974599300904881e-01 8.643059297362537530e-01 8.639959277418446382e-01 8.638281577710228420e-01 8.609522443384495238e-01 8.648679136674457535e-01 8.621460723266903825e-01 8.598573122573026639e-01 8.566393499165432246e-01 8.591295037481702090e-01
