1.000000000000000000e+00 2.760237768173904316e-01 1.917430959230060072e-01 6.909760384472841965e-02 9.738454542802101044e-02 4.197556934790754729e-02 3.272781080178136653e-02 1.216772650825933694e-01 2.264432644227058200e-01 1.750274072862343933e-01 1.319557340816130131e-01 6.101231574644172539e-02 3.130662484762825742e-02 3.890058820283282676e-02 4.399438303967401903e-02 8.247140158458639292e-02 1.763289542415160394e-01 3.225465262908899233e-01 2.414531680116196177e-01 2.267545783865200781e-01 2.787366040802867762e-01 2.179905469385245154e-01 2.531429199011809850e-01 2.611733230678167650e-01 2.102329666685969489e-01 2.547770913564523232e-01 2.195518393402278445e-01 2.375246173301814867e-01 2.475533796230328099e-01 2.215335535776375986e-01 2.275444059198919455e-01 1.533970350361325841e-01 1.725034483256315254e-01 1.532166583996501241e-01 1.610807793838757163e-01 1.307247713611041084e-01 1.769317741676877387e-01 1.198702247237371510e-01 1.220884152114717763e-01 1.075844632312903532e-01 9.445270613719645991e-02 9.184378326812722704e-02 9.320565178262699146e-02 8.202284498247114364e-02 1.367331869556808188e-01 1.160567104043678521e-01 3.664205720648228831e-02 5.407798054727946946e-02 4.637202285418689368e-02 7.807236724660339411e-02 1.022032361580979681e-01 3.152607121308406701e-02 5.579488105576732582e-02 1.001517190331996515e-01 1.113319793572496580e-01 1.261085534422654031e-01 1.011386324723848318e-01 7.387552547530805425e-02 9.724888859425136201e-02 5.563446627851302562e-02 5.465649946005109172e-02 7.945953065996369524e-02 7.590251012880028236e-02 6.205560033582283724e-02 7.866754182074629786e-02 9.254173642279112100e-02 5.029902742594715565e-02 1.015451491115060556e-01 9.860306407267578621e-02 1.311024174412308563e-01 1.143004513639174630e-01 9.344920805951201226e-02 1.115175298710178314e-01 1.085682078675375001e-01 1.169690697301593030e-01 9.356885997332109461e-02 8.377045795422122243e-02 1.139095911890341539e-01 1.047563614009105193e-01 1.187497453448922158e-01 1.013326016529827733e-01 1.121195976464117866e-01 1.001280984989103562e-01 9.959657402376873025e-02 6.802857703960665803e-02 7.719844543428955319e-02 8.704063686644890330e-02 5.645824983188318935e-02 6.607603944823964293e-02 1.048377212755232518e-01 6.531913066117397970e-02 2.595487127772070496e-02 6.336614424323594452e-02 5.362729805947315936e-02 1.130129392150184056e-02 2.437586550426984813e-02 3.263319062064443804e-02 5.520939498563310482e-02 1.322073686919759093e-02 4.026167577395030339e-02 3.205646360601800693e-02 2.500658885262133785e-02 2.543070697305480077e-02 2.080379351537720717e-02 4.306572350345834466e-02 5.071156087524008454e-02 3.228001298409659270e-02 3.951249859256868863e-02 6.992542450923544539e-02 2.796614615523265734e-02 3.719069416870102174e-02 2.747424243151059750e-02 3.622695690576901995e-02 2.876567835593637351e-02 5.633434246988134469e-02 5.327358650663716055e-02
2.760237768173904316e-01 1.000000000000000000e+00 8.950265779009670963e-02 4.412025240304288248e-02 9.309149311421577311e-02 8.143486874026573119e-02 1.249610272545107204e-01 1.949406990130866657e-01 2.439429269796629940e-01 2.491764752243874892e-01 1.782950247560503299e-01 1.329294734331041838e-01 1.357121670983349737e-01 1.491669171738539135e-01 1.625463464422278737e-01 1.864246008778280284e-01 1.759198047751528160e-01 2.287865872133064138e-01 1.574993274030556112e-01 1.904908590002375446e-01 1.713209141935153890e-01 1.456565378890931350e-01 2.442645382330650705e-01 1.902305906423321646e-01 1.470807191565600969e-01 2.351855761181324833e-01 2.043990650797926356e-01 2.494583399212741137e-01 2.283155569150312203e-01 2.234804819059690861e-01 2.178126244334896988e-01 2.034000793782823058e-01 2.277219970846007524e-01 1.934858150657823295e-01 1.983754492224617527e-01 1.790188180614224189e-01 2.155371834285790544e-01 2.105048855196713919e-01 1.987500333757200588e-01 1.896745807690453645e-01 1.832103537361162438e-01 1.816102580035718894e-01 1.692833233609888077e-01 1.670321233004926909e-01 1.828648400143438324e-01 2.049458785078263900e-01 1.708926191281779083e-01 1.906332381664770093e-01 1.614481323423105630e-01 1.491305950413575887e-01 1.803824313522174039e-01 1.128061845699496329e-01 1.595585916397687931e-01 2.052817021680552190e-01 2.023526456757571701e-01 2.133166447874162430e-01 1.778906568518476006e-01 1.829890853911232962e-01 1.873586825722315941e-01 1.769894777274366726e-01 1.624144397299677467e-01 1.886329137827969238e-01 1.717904746114683467e-01 1.664576624534047644e-01 1.795742221496781088e-01 1.844575187841458186e-01 1.727907565594806738e-01 1.838712722419259815e-01 1.983571403669297240e-01 2.006037311164199921e-01 1.715060181349177260e-01 1.695601121391427657e-01 1.822782042246973710e-01 1.656420902067896883e-01 1.981962554379985975e-01 1.846566962393383637e-01 1.961767905323183181e-01 2.032851574313377097e-01 1.959559632033003040e-01 1.953973296269382320e-01 1.928122046564932912e-01 1.939625918404880023e-01 1.982085716556180877e-01 1.898957399303622950e-01 1.743843851463286465e-01 1.763087346283807311e-01 1.837989969108797528e-01 1.861752780413156450e-01 1.828152677902863121e-01 2.054414574710229924e-01 1.803653351925569581e-01 1.642439187496337050e-01 1.717605056640938710e-01 1.760020660199519693e-01 1.657901833626123644e-01 1.723770846329155393e-01 1.464171947292692011e-01 1.566516630182378800e-01 1.510070942810071426e-01 1.741936750804276568e-01 1.634691976473322539e-01 1.593637513245249326e-01 1.574792553157911279e-01 1.568322139592368270e-01 1.601910661946100711e-01 1.648890308634125834e-01 1.663941632495797573e-01 1.821974366585662752e-01 1.912238247508319666e-01 1.670741363781891864e-01 1.759651264621022726e-01 1.649031596068687711e-01 1.704890140423116762e-01 1.591857262681502794e-01 1.741198096334081735e-01 1.736345091135419738e-01
1.917430959230060072e-01 8.950265779009670963e-02 1.000000000000000000e+00 4.102009252870106870e-01 3.034989580408499199e-01 2.731711708376727832e-01 3.611939588893507969e-01 3.837538659162619825e-01 3.757008360588390827e-01 3.287226289114084099e-01 4.318111555629325915e-01 4.342476149090923054e-01 3.523920883717722718e-01 3.620804410623467695e-01 3.842824444093925762e-01 3.975239626212149768e-01 4.009960374232410252e-01 3.811799036486637760e-01 4.527959787061378027e-01 3.235980174626977846e-01 4.240921833930449969e-01 4.939139119029181124e-01 3.915797757536865209e-01 4.171766621241472794e-01 4.734238096753047298e-01 4.622709485039646626e-01 4.885742429633511130e-01 4.492654845936436825e-01 4.059855122841996011e-01 4.344522050144483671e-01 4.645797769843555969e-01 3.898060800062104203e-01 3.493008039185367952e-01 3.831840867950772056e-01 3.571787751143743472e-01 4.444686915586300580e-01 4.511458723533810500e-01 3.779487805170155257e-01 4.006061751532093429e-01 4.204250783947302561e-01 4.196253954458835644e-01 4.297233913627644952e-01 4.381572580680943019e-01 4.305429514653120182e-01 4.549376281771151942e-01 4.097386172620103850e-01 3.646211201816194625e-01 3.680560582159804195e-01 3.639029921924554212e-01 3.656384135449202155e-01 3.882947438222907333e-01 3.936506104974409337e-01 3.930701930992285265e-01 3.692484338636702890e-01 3.751972603892298475e-01 4.004705348161733403e-01 3.755355485463822141e-01 3.965464218865650259e-01 3.872936257443271302e-01 3.801081550642640972e-01 3.900273884083852449e-01 3.748480266827340923e-01 3.704140060872641027e-01 3.737563293387008989e-01 3.923949580838325679e-01 3.869515329963889028e-01 3.724984078432376222e-01 4.044819173701156845e-01 3.822737948616857229e-01 4.097337581735480683e-01 4.446611157105263556e-01 4.268038659739376017e-01 4.045477973013419382e-01 4.355352168682618541e-01 4.268390451723004797e-01 4.140166016941572158e-01 3.971175379564295671e-01 4.008675798044151750e-01 4.114485373429840331e-01 4.016175201770089132e-01 4.006288795936143732e-01 4.178335091650683952e-01 3.989797894138216727e-01 3.758969667215297794e-01 3.765952924236486976e-01 3.864709296621933743e-01 4.111040949814697143e-01 3.695319466153572097e-01 3.827852470655740968e-01 3.912525550829634713e-01 3.991044881171560421e-01 3.787871339566715179e-01 4.071656379343945864e-01 3.920449598035929961e-01 3.523611188507375647e-01 3.573100742311022260e-01 3.732936543331086265e-01 3.698799399268362098e-01 3.639798891457762808e-01 3.657066972235379354e-01 3.934441528616625661e-01 3.571491983959230732e-01 3.747030687734916321e-01 3.762820716631144480e-01 3.867972707659725340e-01 3.770575762108861473e-01 3.604112874547189538e-01 3.630036333681968541e-01 3.751095681671245963e-01 3.702480188194757216e-01 3.682771941691087569e-01 3.654648184618791151e-01 3.630000086932529957e-01 3.695560998688915966e-01 3.802460916023087667e-01 3.783976524317350654e-01
6.909760384472841965e-02 4.412025240304288248e-02 4.102009252870106870e-01 1.000000000000000000e+00 4.455805876960508005e-01 3.860917930467861470e-01 5.518307053523834327e-01 5.291984637162850946e-01 4.470336680161228204e-01 4.379240017863582635e-01 5.809587638053121950e-01 6.756990261809775467e-01 5.181054069928803241e-01 5.071923068939306889e-01 5.490855450205428534e-01 5.479192269984805019e-01 4.906620846282745974e-01 2.877413317397054526e-01 4.489687469349333271e-01 2.959106750992553381e-01 4.702874007655680200e-01 6.023108972944257733e-01 3.596577898439148879e-01 3.671919879216847260e-01 4.898512410445745591e-01 5.562751202649452997e-01 5.713473113431755124e-01 5.172132005015579459e-01 4.118967957027458993e-01 4.599262932666952630e-01 5.335821748073844573e-01 4.550023173657738451e-01 3.961986570565926291e-01 4.018793651529638522e-01 3.538025907378663515e-01 5.122021884324122754e-01 4.854399976657365334e-01 4.691399594228789494e-01 4.895852550764346889e-01 5.944022766214546172e-01 5.745792964612195242e-01 5.889070839005621227e-01 5.748536833159098025e-01 5.902301528290295751e-01 5.992874065444012688e-01 5.256388530611474375e-01 5.197338548672164604e-01 5.047137097093457037e-01 5.031745349863245842e-01 4.818799597045472227e-01 5.113863257255705230e-01 5.708122405095613638e-01 5.469169691429791591e-01 4.683181843296387314e-01 4.619669031856536989e-01 5.061988341974880123e-01 4.645988872533229341e-01 5.413856971797350592e-01 4.915810591483916192e-01 5.179062553948906578e-01 5.282303760745302723e-01 4.744003768633421880e-01 4.758234172020288089e-01 4.899756568043128202e-01 5.199082051882480959e-01 4.907413013246781364e-01 5.075642744616687407e-01 4.924626266474544933e-01 4.688703274425166656e-01 4.936168349253166610e-01 5.742323341734985043e-01 5.496714153727234597e-01 4.759417261582463698e-01 5.309203098632024886e-01 5.644532854082024986e-01 5.439710253566064635e-01 5.276346699375843441e-01 4.919951500244588161e-01 5.478932098264067685e-01 4.990770985827995831e-01 5.059634493530900112e-01 5.330468268573271828e-01 5.059445945357265995e-01 4.552254154075688342e-01 4.958998298732901766e-01 4.818376765366382264e-01 5.273436780180478234e-01 5.053577996710496567e-01 5.039433617568026547e-01 5.034339761547674819e-01 5.490705249874171523e-01 5.479896005146585036e-01 5.566981109246014192e-01 5.505899574669329555e-01 5.058309063278184636e-01 5.012794022189733800e-01 5.292314186244745366e-01 4.980940271678841458e-01 5.209183462612855253e-01 5.108343889168958096e-01 5.488595158780539274e-01 5.001087194699981309e-01 5.419006993998159993e-01 5.437652844325213675e-01 5.331670365875421647e-01 4.994535984150883512e-01 5.040230151244929901e-01 5.017467604833639738e-01 4.948289588249250026e-01 5.246417062222814565e-01 5.086770597759522339e-01 5.148919220823936493e-01 5.016723639319266015e-01 5.102772026429128749e-01 5.196111213211960234e-01 5.095808802851872210e-01
9.738454542802101044e-02 9.309149311421577311e-02 3.034989580408499199e-01 4.455805876960508005e-01 1.000000000000000000e+00 3.426812910602850537e-01 5.028438244839374960e-01 5.147063290857792905e-01 4.206603605881307217e-01 4.041965664357359267e-01 4.787575735243965735e-01 5.174380760027869064e-01 4.910858166453574425e-01 4.385467279717326639e-01 4.941482964156218571e-01 5.153127187893700167e-01 4.443796669865955340e-01 3.618671928255068337e-01 4.645217712843866531e-01 3.156847719249608053e-01 4.280513965896318718e-01 5.317383161522944990e-01 4.050340834945752033e-01 4.305479076445236641e-01 4.824066162617435816e-01 5.095565489630475842e-01 5.164723174270747785e-01 4.786487808641939901e-01 4.160207680402152608e-01 4.522268481491378833e-01 4.938853021601178339e-01 4.433247001959110811e-01 3.875858167001938748e-01 4.236539395606053193e-01 3.888429662704195322e-01 4.894005058247515860e-01 4.802047067438612316e-01 4.378831074324440742e-01 4.675995177838277450e-01 5.046673124728114912e-01 5.131058209613722498e-01 5.198491687058923727e-01 5.208261653032074667e-01 5.176441524198639454e-01 5.350220524725488591e-01 4.836193959952617138e-01 4.699345377566956916e-01 4.546484259781038428e-01 4.527160244902756481e-01 4.403354385531227932e-01 4.696158528713315072e-01 4.928052445812501903e-01 4.829417181781232027e-01 4.394932337937101363e-01 4.336067612291614748e-01 4.706456105520157585e-01 4.335135672719914179e-01 4.890246696593050224e-01 4.581754824240784063e-01 4.766119162692811773e-01 4.879169820176562089e-01 4.427539994037485993e-01 4.443886643351842025e-01 4.519647413108400236e-01 4.807963413408107289e-01 4.619913611955700494e-01 4.646887536833529952e-01 4.772548112033060397e-01 4.555467262305292753e-01 4.735993269163876751e-01 5.208646173913903388e-01 5.113946021759367966e-01 4.754509317532931156e-01 5.070589232341798924e-01 5.055331567139973448e-01 4.944654278743335074e-01 4.773565370808594555e-01 4.635532285002292308e-01 4.928690866263564785e-01 4.685809863724412772e-01 4.792883019012600943e-01 4.945904956554678655e-01 4.734396474556910595e-01 4.469509142065035134e-01 4.584175250477824370e-01 4.661251374440453787e-01 4.929430654330173578e-01 4.630927390499549601e-01 4.712645603496020685e-01 4.693911522404659031e-01 4.897730023678436573e-01 4.862270076215328696e-01 5.018629763024066159e-01 4.905546363345933414e-01 4.589371080084239107e-01 4.577713447214633025e-01 4.685580311576978962e-01 4.526753567208430806e-01 4.746632232540158314e-01 4.623138139410005731e-01 4.958227510801757609e-01 4.519235133400006932e-01 4.821269796891095027e-01 4.856994393123127973e-01 4.823474305521948668e-01 4.583543273968621046e-01 4.555485617253152708e-01 4.572956871077086816e-01 4.585039953080390362e-01 4.741279369817269496e-01 4.640987931278883760e-01 4.689407805291591069e-01 4.569155003654020164e-01 4.691601699927279712e-01 4.749618085796459277e-01 4.684441997222367204e-01
4.197556934790754729e-02 8.143486874026573119e-02 2.731711708376727832e-01 3.860917930467861470e-01 3.426812910602850537e-01 1.000000000000000000e+00 5.246365775757899641e-01 4.933410332799297859e-01 5.281099336651348120e-01 4.882938526807140134e-01 5.491608672642964706e-01 5.808761884493605088e-01 5.309995595089948006e-01 5.425961815306489244e-01 5.950633182154493328e-01 5.901121082867371026e-01 5.184778697747151055e-01 4.006853942305011462e-01 4.854792494974951578e-01 3.263633032465032002e-01 4.110448570001163371e-01 5.076800978984412627e-01 4.619395147653060918e-01 4.626001804231646974e-01 4.896312371181886225e-01 5.456975118988046658e-01 5.694944199283079600e-01 5.671670100959166350e-01 4.993020038657705606e-01 5.389281069739824126e-01 5.615679685064409732e-01 5.536192380353507358e-01 5.074346616729507042e-01 5.266257296925414000e-01 5.131961220969999404e-01 5.569363916740388554e-01 5.666516045950060754e-01 5.583666119203013478e-01 5.804781922338928535e-01 5.894667241606835750e-01 6.095166473915046845e-01 6.091727457252276157e-01 5.866972035283012366e-01 6.118297498130520484e-01 6.038921186910313210e-01 6.017253336551480203e-01 6.036764589354124411e-01 5.983229442525551667e-01 5.899102538737576173e-01 5.545976457003610749e-01 5.793885721630095409e-01 5.730448562639518517e-01 5.934244383753584096e-01 5.725095310017048744e-01 5.595626370808728378e-01 5.833497664970151986e-01 5.696026056960997730e-01 6.023664805783606191e-01 5.861530011986985089e-01 6.032962194510835818e-01 6.041984030647927773e-01 5.877077221641539007e-01 5.772196188407761053e-01 5.855424912720282871e-01 5.965684819698278130e-01 5.875805058290092253e-01 6.048129821762526781e-01 5.982980569146939542e-01 5.855283075483650457e-01 5.684242858804778864e-01 6.018015844589007513e-01 6.085942616511991199e-01 5.841881213575728093e-01 5.990591485344595180e-01 6.057184571925862127e-01 6.130453815942624729e-01 6.055941810217702059e-01 5.907834792944964830e-01 6.099503946336958249e-01 5.924957291539487692e-01 6.026895750098650861e-01 6.115685857069840248e-01 5.963322402819040136e-01 5.831507973741790751e-01 5.821978310526110256e-01 5.912008712464649207e-01 6.123367802961441342e-01 5.953149976703793200e-01 6.013805980856029576e-01 5.912558937364504885e-01 6.063805237756298983e-01 6.113823047442026315e-01 6.153883903565210423e-01 6.126086773793522067e-01 6.032086933164089171e-01 6.009767348009334986e-01 5.848394136638344065e-01 5.819669551195547630e-01 5.998748014443473497e-01 5.967523342505520745e-01 6.054006059066704415e-01 5.904267153261426593e-01 6.054735363701393425e-01 6.068612279214768979e-01 6.056156644137692391e-01 5.887773677071594935e-01 5.960793406245574744e-01 5.987405248381889589e-01 5.900646988119896408e-01 6.025008238836734309e-01 5.993581756262310600e-01 6.041442877359599617e-01 5.976283350237564518e-01 5.976496997347268136e-01 6.044153525484023959e-01 5.996204313703605848e-01
3.272781080178136653e-02 1.249610272545107204e-01 3.611939588893507969e-01 5.518307053523834327e-01 5.028438244839374960e-01 5.246365775757899641e-01 1.000000000000000000e+00 7.221205246452423454e-01 6.513424572791972622e-01 6.455324154063013520e-01 7.052740191406098313e-01 7.720668241919994568e-01 7.256248264246916158e-01 7.062518732372975450e-01 8.452024447046744271e-01 7.795542792183944858e-01 6.767669611369738769e-01 4.601592968793379868e-01 6.072417893263949429e-01 4.016827182315803602e-01 5.095924329494815330e-01 6.480788865352526962e-01 5.835663649412776710e-01 5.631326160440801587e-01 6.161966541629493310e-01 7.128504785962089807e-01 7.332077657250630764e-01 7.240149754548269589e-01 6.197468009800712885e-01 6.610304084420907111e-01 7.108845445576956745e-01 6.920210791486327562e-01 6.477761297477278024e-01 6.536400814778559054e-01 6.291817546719933318e-01 7.201887884069387846e-01 7.209185055799312014e-01 7.202662220728434095e-01 7.428568470320028316e-01 7.845432541504162582e-01 7.893168227172888685e-01 8.041004948835277499e-01 7.796397322481344316e-01 8.036579905189484840e-01 7.905414830232979639e-01 7.807065254865337423e-01 7.745761050529039737e-01 7.673651444525974030e-01 7.438041072983812008e-01 6.970260449771281674e-01 7.408155313847025747e-01 7.523615741425564440e-01 7.665027390196456070e-01 7.346896044914740243e-01 7.122684755526583755e-01 7.481903501849798133e-01 7.079377947080444100e-01 7.871109135255068834e-01 7.404960886117710750e-01 7.806826759829633700e-01 7.757552693911720088e-01 7.497904401170462085e-01 7.265754149264814776e-01 7.417773348076575068e-01 7.641701844239867647e-01 7.480876542966407028e-01 7.727794909991716477e-01 7.527664622058850563e-01 7.400714174931537492e-01 7.220285402957333787e-01 7.681107399554862880e-01 7.797348846357157193e-01 7.395541084997229175e-01 7.624127328084687738e-01 7.876959327528559873e-01 7.855033194416974895e-01 7.814856218969384871e-01 7.488237918314343267e-01 7.869650021556215957e-01 7.567149580101941719e-01 7.721850493731939880e-01 7.803522134121871900e-01 7.670970799756862135e-01 7.417439010293092050e-01 7.470365660343588621e-01 7.525991905990199182e-01 7.820693844101054282e-01 7.727002369465961751e-01 7.716814758095565940e-01 7.614068961102183897e-01 7.935448682531436315e-01 7.958692254477225392e-01 7.964508185785137417e-01 7.976500863289214260e-01 7.726268730966308063e-01 7.714471089455228192e-01 7.575403956491069124e-01 7.373902839828816447e-01 7.751013694900760198e-01 7.683378493111251428e-01 7.931554088133511149e-01 7.589037468283779120e-01 7.813856114848530821e-01 7.905197398070096249e-01 7.825128945052619578e-01 7.530642869242915038e-01 7.624989910255657311e-01 7.688432103732540934e-01 7.593660838380802414e-01 7.802892032280734913e-01 7.742010833431277605e-01 7.794429741488695385e-01 7.682496011985612272e-01 7.694598262492576835e-01 7.803902596040230843e-01 7.686263245223720064e-01
1.216772650825933694e-01 1.949406990130866657e-01 3.837538659162619825e-01 5.291984637162850946e-01 5.147063290857792905e-01 4.933410332799297859e-01 7.221205246452423454e-01 1.000000000000000000e+00 6.965249332171340457e-01 6.567373163588619001e-01 7.125645514440068773e-01 7.529092523934555192e-01 7.140221474339503160e-01 6.872094135286954675e-01 7.792404376074794081e-01 8.123092174552589695e-01 7.071884422422004546e-01 5.600740361930423017e-01 6.434411053587701934e-01 5.053043987119750780e-01 5.851132653671413664e-01 6.747653332274253790e-01 6.481491933448236820e-01 6.278930070211992120e-01 6.356008979912235457e-01 7.519849955837905053e-01 7.414940955530739952e-01 7.366541509084898465e-01 6.322465779670165542e-01 6.768803262517936181e-01 7.291211271780911884e-01 7.284411127250792761e-01 6.739730437638191685e-01 6.935009807294095774e-01 6.642110540554440057e-01 7.392351494670192924e-01 7.350490646242382464e-01 7.430851252902918036e-01 7.540625716936674161e-01 7.666058207220846077e-01 7.854308252559221160e-01 7.928916739839642069e-01 7.798188425516294764e-01 7.955109229887635802e-01 7.936508504715942269e-01 7.733494697952211228e-01 7.611820369445910783e-01 7.612618606427040691e-01 7.502355392222548325e-01 7.215198038635280975e-01 7.606713571583502143e-01 7.404486267659960985e-01 7.704105193252965833e-01 7.488610706397946792e-01 7.413826318858612874e-01 7.694060134800435602e-01 7.411971804956165588e-01 7.886338054725785529e-01 7.603830139800284993e-01 7.723168427293669591e-01 7.841718434862856579e-01 7.598863603308176895e-01 7.500136527447047730e-01 7.637439896302704589e-01 7.733887253214053459e-01 7.655494758064653738e-01 7.670839722953192164e-01 7.671289613070337854e-01 7.589505689561567570e-01 7.578453153478649229e-01 7.790312871488048740e-01 7.805197408081723243e-01 7.595016576250480655e-01 7.574561183053781788e-01 7.946715716645736949e-01 7.825508733220140067e-01 7.713325646646348455e-01 7.484322969296028916e-01 7.796510606302281543e-01 7.629440642413165552e-01 7.748650355934039169e-01 7.806695705592033852e-01 7.755564952430727965e-01 7.543820744198501682e-01 7.506087245000081509e-01 7.591548530434482078e-01 7.776383786639142759e-01 7.715461247636741238e-01 7.714215982819271344e-01 7.731536334247924858e-01 7.829036314633908145e-01 7.783886680936449309e-01 7.892469674546552794e-01 7.812404421061818205e-01 7.583701772685492726e-01 7.600640959682620768e-01 7.626860040935311558e-01 7.550933571536883049e-01 7.715809788467049568e-01 7.644568304198489095e-01 7.840794412639128241e-01 7.598740487504750396e-01 7.750215156922427573e-01 7.797713993540166255e-01 7.764618125559357154e-01 7.647508596672376591e-01 7.583199508553227774e-01 7.635274505777052134e-01 7.671325294670365835e-01 7.749695943498375872e-01 7.727023683801756970e-01 7.677232006588782243e-01 7.661985360060000749e-01 7.709925138430266944e-01 7.725161108924510911e-01 7.693932999071630974e-01
2.264432644227058200e-01 2.439429269796629940e-01 3.757008360588390827e-01 4.470336680161228204e-01 4.206603605881307217e-01 5.281099336651348120e-01 6.513424572791972622e-01 6.965249332171340457e-01 1.000000000000000000e+00 7.526089319136702871e-01 7.744996723541510697e-01 7.747335938474561035e-01 7.393345776193597230e-01 7.503999325249331998e-01 8.153742019835330535e-01 8.299743689418408454e-01 8.001913707173480272e-01 6.621586146849002263e-01 6.923588248896154207e-01 5.391174702167483845e-01 6.051212532471826888e-01 6.763154509745860077e-01 7.455911442289080426e-01 7.096507358206123328e-01 6.722872221414812888e-01 8.189743697917482024e-01 8.097297474651988791e-01 8.386252448200779419e-01 7.652544658706090797e-01 8.034977069325269783e-01 8.199505865337782806e-01 8.545865422757903396e-01 7.997500389726147629e-01 8.108900904990516967e-01 7.980730688158932384e-01 8.050282326866932125e-01 8.380801106868778216e-01 8.568918272212776577e-01 8.640081206512726375e-01 8.284297139667693433e-01 8.637173589030358034e-01 8.537299435540917081e-01 8.186610774751446051e-01 8.573638735737312278e-01 8.505482510361054294e-01 8.668653359619606924e-01 8.570784100039761100e-01 8.726632273377463722e-01 8.553800098601710422e-01 8.162510073488352669e-01 8.542006181197741022e-01 7.713108104825417977e-01 8.442511346257917104e-01 8.731496790979917932e-01 8.609458801929877891e-01 8.752469358354747486e-01 8.551196086754944137e-01 8.641062494817871587e-01 8.707368560674136893e-01 8.650672635312828262e-01 8.601161133006524073e-01 8.690368367850859199e-01 8.522486189232542086e-01 8.556184399539185081e-01 8.625660883861318018e-01 8.711271416851127380e-01 8.664117764070672356e-01 8.643172210289604696e-01 8.705748911898738562e-01 8.417776013154033565e-01 8.421795700806686824e-01 8.577603057611968840e-01 8.528152739328275223e-01 8.378261882679934880e-01 8.762065586155829422e-01 8.716882755648874825e-01 8.726186583301548394e-01 8.642827586087642455e-01 8.715312508703879635e-01 8.709131854825832297e-01 8.750013475814171215e-01 8.762560822866504173e-01 8.746148511864548780e-01 8.647246318095229700e-01 8.554331723517389907e-01 8.631234284560050929e-01 8.688966105056035172e-01 8.681258430100962098e-01 8.724645356902482884e-01 8.783115917091552927e-01 8.588078921221254936e-01 8.552817184931349459e-01 8.657363148004204589e-01 8.669563721682226332e-01 8.548969404677168038e-01 8.609639186829983748e-01 8.393635955667573256e-01 8.480007368946083091e-01 8.495580615371062239e-01 8.584057709560998228e-01 8.526068916412080645e-01 8.508538526541971070e-01 8.503741366666009993e-01 8.522839533628231434e-01 8.547741263543853218e-01 8.583122731113762560e-01 8.603241051159979946e-01 8.663750883780072520e-01 8.735240672220352387e-01 8.607458749564708134e-01 8.642400238532508272e-01 8.607996697537745323e-01 8.634779396367636695e-01 8.544457168225185750e-01 8.632894452778876460e-01 8.670143730444720420e-01
1.750274072862343933e-01 2.491764752243874892e-01 3.287226289114084099e-01 4.379240017863582635e-01 4.041965664357359267e-01 4.882938526807140134e-01 6.455324154063013520e-01 6.567373163588619001e-01 7.526089319136702871e-01 1.000000000000000000e+00 7.076133059192912800e-01 7.307450452997409363e-01 6.903159728406057516e-01 7.026396822317853008e-01 7.736162974581444196e-01 7.719411269371613260e-01 7.228568741158497568e-01 5.774153497943512736e-01 6.272652166774241866e-01 4.831519164409509570e-01 5.416804473012521992e-01 6.331353626096618559e-01 6.807954099252907509e-01 6.258964576413618142e-01 6.101465791913253112e-01 7.584005734328260750e-01 7.519723427887387013e-01 7.761990244956906704e-01 6.956953136640535718e-01 7.259805631935603021e-01 7.530180890881693623e-01 7.592906598506378169e-01 7.178344617311727127e-01 7.250839573125732462e-01 6.993364456036490484e-01 7.453495403062895264e-01 7.561651452514597249e-01 7.675331282010329215e-01 7.888930549791295377e-01 7.747233184714081844e-01 7.982167053526019185e-01 7.940351226870466794e-01 7.625786233949510828e-01 7.934435926941069139e-01 7.852133924862595427e-01 8.014790322200769923e-01 7.903273077217642939e-01 7.992452293129078678e-01 7.714181912869738644e-01 7.295671693028413785e-01 7.729349136574562573e-01 7.204257737858568156e-01 7.707676252323840682e-01 7.934335064827776618e-01 7.785912405998960395e-01 8.003671400666451108e-01 7.648851572981616442e-01 7.995917798801535081e-01 7.870951099455988365e-01 7.974613457969309538e-01 7.897600387734449168e-01 7.863744265280376844e-01 7.644840535174967089e-01 7.779436464952395047e-01 7.914713835271892650e-01 7.918413398335937270e-01 7.931875732807999180e-01 7.879851284027562519e-01 7.889257431916352203e-01 7.676620888384433350e-01 7.718878821982411154e-01 7.905308850838692614e-01 7.701562169094433585e-01 7.667193577056838905e-01 8.095071600741212681e-01 8.017180511059930348e-01 8.017380975861583270e-01 7.905203987405508004e-01 8.074695610856816863e-01 7.905034371810132354e-01 7.955497102496578155e-01 8.051423237094130769e-01 8.012815304945903883e-01 7.779789423912329971e-01 7.705897064190935231e-01 7.800906685416982844e-01 7.998477413427348415e-01 7.922409806364755225e-01 7.955632491753051871e-01 8.056996729125280865e-01 7.905730998121793807e-01 7.899291991461614426e-01 7.989561050138482834e-01 8.013846136169479051e-01 7.871692640974654598e-01 7.896630056295487199e-01 7.576342959218971274e-01 7.609397471379208966e-01 7.748085362254960584e-01 7.788166101132569796e-01 7.828275295660036548e-01 7.710244549838604078e-01 7.784787234626715513e-01 7.844755666413563144e-01 7.865417781509798090e-01 7.761991461561217331e-01 7.810159561974626685e-01 7.946127561439062514e-01 7.970592647883587567e-01 7.871551745506085718e-01 7.906864403940283559e-01 7.901643929991579718e-01 7.881580499714917476e-01 7.790967756146163214e-01 7.957886271267368139e-01 7.935699201814652159e-01
1.319557340816130131e-01 1.782950247560503299e-01 4.318111555629325915e-01 5.809587638053121950e-01 4.787575735243965735e-01 5.491608672642964706e-01 7.052740191406098313e-01 7.125645514440068773e-01 7.744996723541510697e-01 7.076133059192912800e-01 1.000000000000000000e+00 8.491693630397774140e-01 7.565983787105227121e-01 7.658988536901722988e-01 8.379437560920204309e-01 8.303413073823604496e-01 7.725567927740057961e-01 6.085419154974469613e-01 7.194863927399939296e-01 5.073261163536848528e-01 6.159525325793147044e-01 7.487254813926186303e-01 6.849996901370168922e-01 6.792191361223020030e-01 7.102884453031370615e-01 8.281434089187695857e-01 8.340279085187458641e-01 8.292801053425562507e-01 7.454738011498245331e-01 7.907328674326192797e-01 8.230922175775456928e-01 8.187251973657264648e-01 7.522359436567949142e-01 7.776811509065140182e-01 7.482810608139218722e-01 8.185219256606367511e-01 8.226180783611621861e-01 8.310407642671603368e-01 8.442288691191249805e-01 8.503008565313657785e-01 8.730359261147551120e-01 8.710869316497075188e-01 8.447238080698845630e-01 8.776770622188544424e-01 8.708098918576381298e-01 8.605094688735769326e-01 8.547882424928960887e-01 8.496778794091890408e-01 8.466470245183730370e-01 8.089122260197111336e-01 8.491949149193509516e-01 8.019258790685749316e-01 8.467611995861973329e-01 8.368804348814119498e-01 8.286245751741043719e-01 8.515411967578321306e-01 8.321128048322106174e-01 8.655293635593442891e-01 8.562183079786287454e-01 8.561230282829979110e-01 8.618421479105364824e-01 8.461967737659095157e-01 8.429908475412790647e-01 8.442440101919391759e-01 8.566102797051929896e-01 8.490225188670393885e-01 8.555044530008374393e-01 8.498368328416860962e-01 8.409741221636293229e-01 8.237417662851950206e-01 8.597707747679047552e-01 8.712455856725725978e-01 8.336480157993255702e-01 8.466968491155231202e-01 8.788329024122132349e-01 8.717182950923636486e-01 8.651741173269177354e-01 8.503565325760177318e-01 8.737727941949741117e-01 8.510462339824227396e-01 8.577353345298815990e-01 8.752581761874610455e-01 8.576441581928132551e-01 8.346228188298424611e-01 8.412821279875907221e-01 8.475331916648451980e-01 8.664841853737318411e-01 8.512844269157799904e-01 8.585356174890120817e-01 8.555774277038418196e-01 8.607261101323310237e-01 8.603946265584880848e-01 8.729616402597492053e-01 8.704289572421458621e-01 8.465262611184075636e-01 8.476517389499341748e-01 8.439126766012293723e-01 8.394620084792281389e-01 8.496851776357989827e-01 8.513994707720813349e-01 8.608699169410970464e-01 8.455674203439551562e-01 8.517920546203621157e-01 8.591571862410378735e-01 8.551205951603622069e-01 8.477964932217725291e-01 8.489950360737847923e-01 8.494979481569435720e-01 8.502264685251014198e-01 8.552090204580883315e-01 8.556634737074453323e-01 8.534259089309312873e-01 8.509933925745716277e-01 8.518078933167461120e-01 8.593569087393002626e-01 8.542281863815813781e-01
6.101231574644172539e-02 1.329294734331041838e-01 4.342476149090923054e-01 6.756990261809775467e-01 5.174380760027869064e-01 5.808761884493605088e-01 7.720668241919994568e-01 7.529092523934555192e-01 7.747335938474561035e-01 7.307450452997409363e-01 8.491693630397774140e-01 1.000000000000000000e+00 8.072575348094793712e-01 8.204430214554605527e-01 8.851431486065199916e-01 8.740529885151973044e-01 7.766468921165877726e-01 5.556405152949581705e-01 6.961212052762557612e-01 4.890818541619420534e-01 6.105476027514841197e-01 7.623173875610944616e-01 6.478852331798523601e-01 6.488432314512632137e-01 7.049860582744920112e-01 8.258785062130225008e-01 8.359719283412010427e-01 8.188035018162226342e-01 7.036088855485607141e-01 7.619175264173184692e-01 8.179915516727507274e-01 8.154920190646524070e-01 7.200616749961863405e-01 7.573778555848441618e-01 7.110098889991978144e-01 8.192516174451675015e-01 8.126939859688570023e-01 8.345307318289536536e-01 8.544964215072584635e-01 8.925492756059266730e-01 9.133035629944924461e-01 9.102784603107756389e-01 8.774975122241610581e-01 9.209377343255699122e-01 9.015658572390150560e-01 8.802835671503960180e-01 8.938414999113099002e-01 8.861781198932724424e-01 8.825079030138440750e-01 8.315229661283006779e-01 8.713893417440446987e-01 8.557059711236648658e-01 8.932717444360476211e-01 8.578201405995983242e-01 8.419450672651276335e-01 8.666865415988037613e-01 8.467270098185161187e-01 9.011670769510062851e-01 8.767528733032278199e-01 8.932109060572896997e-01 8.995586227710498095e-01 8.671535766292282066e-01 8.625611123964612714e-01 8.714810646891378854e-01 8.848452335706245009e-01 8.718583576142096003e-01 8.898203140691065549e-01 8.687832117660404530e-01 8.551989913653604836e-01 8.410325038555833688e-01 8.889045709450623667e-01 8.981161991853582327e-01 8.494304502023451997e-01 8.722826982600021539e-01 9.077522455498071574e-01 9.031364808753379325e-01 8.926673039376389340e-01 8.594031986084179620e-01 9.015360305033192079e-01 8.684639739609338882e-01 8.790694142450733439e-01 8.975372949890086938e-01 8.748690159323088134e-01 8.394149278722878860e-01 8.631768781759633358e-01 8.652225908801142173e-01 8.915423779951113792e-01 8.821359438621189097e-01 8.855469701236585722e-01 8.727471693558710442e-01 8.964215244665645344e-01 9.085513477772836355e-01 9.131067662718557187e-01 9.118329470039007179e-01 8.899156150990661374e-01 8.883081398455268118e-01 8.824284648905267314e-01 8.715891563580355772e-01 8.925062366124518753e-01 8.862367914986857276e-01 9.053860094318638696e-01 8.808586973045442470e-01 9.010185670771426736e-01 9.069807021233435851e-01 8.941047431430554360e-01 8.745706412192770784e-01 8.882816358189326023e-01 8.869815019944096157e-01 8.770955169930428896e-01 8.964246379019689126e-01 8.897122742959070463e-01 8.947919605834742107e-01 8.865402539425301098e-01 8.891359744432716372e-01 8.942848102644591624e-01 8.891211225412096741e-01
3.130662484762825742e-02 1.357121670983349737e-01 3.523920883717722718e-01 5.181054069928803241e-01 4.910858166453574425e-01 5.309995595089948006e-01 7.256248264246916158e-01 7.140221474339503160e-01 7.393345776193597230e-01 6.903159728406057516e-01 7.565983787105227121e-01 8.072575348094793712e-01 1.000000000000000000e+00 7.409824954693072785e-01 8.318549277636253514e-01 8.439880052941276523e-01 7.475313651717399033e-01 5.615740867030788452e-01 6.658185607763135172e-01 4.835586811886857239e-01 5.589309712864057866e-01 6.870709571887654299e-01 6.457289048703320766e-01 6.501812818732198851e-01 6.571194901453095705e-01 7.644697605926548123e-01 7.654904804883808644e-01 7.619298915883448986e-01 6.630478629876714880e-01 7.177343186518491125e-01 7.521443139371755127e-01 7.796326276014973189e-01 7.037462134133246616e-01 7.439029135966033213e-01 7.107100962819683510e-01 7.841596981340551720e-01 7.774744345447179850e-01 7.832436691683053454e-01 8.123755504946891248e-01 8.066383511934336337e-01 8.479696368052309641e-01 8.452829865458021397e-01 8.214126393133516224e-01 8.540042684962063646e-01 8.375816542962309930e-01 8.301430823178499452e-01 8.417730098552340667e-01 8.403697750049801130e-01 8.297469275081806872e-01 7.769761166191946344e-01 8.108829333688802876e-01 8.045513212206280018e-01 8.343128452744815737e-01 8.132036219252396503e-01 7.897240879454872076e-01 8.148455577893927160e-01 7.896718132016146141e-01 8.474124790263733997e-01 8.160996347988485056e-01 8.525325277424724568e-01 8.506341587641476076e-01 8.204911115807832500e-01 8.073075272759773213e-01 8.272312237176455696e-01 8.463426854413690359e-01 8.290089326161792505e-01 8.476239837567763891e-01 8.377991818179055805e-01 8.261317122804842095e-01 8.097211057114920285e-01 8.354866997575014498e-01 8.492143018471899341e-01 8.261235414135637001e-01 8.287075280082127904e-01 8.510597005515949665e-01 8.500105573574572304e-01 8.442297740632838110e-01 8.157597193076326914e-01 8.445552595078227309e-01 8.263082433362621826e-01 8.412560459849249828e-01 8.430573808820653881e-01 8.372836389315384542e-01 8.175638478610185444e-01 8.250567318319738108e-01 8.370994480394141624e-01 8.508041392100995637e-01 8.407814402435052070e-01 8.472082757642612760e-01 8.314372291233700363e-01 8.463939127401605145e-01 8.562949301336801877e-01 8.606853220484365075e-01 8.579828041894543844e-01 8.473432523101748215e-01 8.479343588033324552e-01 8.309151306625193190e-01 8.256761436035291446e-01 8.493431686588093221e-01 8.417911960190344045e-01 8.572361813370562578e-01 8.360720045004260692e-01 8.520131190658023490e-01 8.582529037381243509e-01 8.530600466297562079e-01 8.311139824986739644e-01 8.407784308314967259e-01 8.449841723062844201e-01 8.373278778343992146e-01 8.495276716492667912e-01 8.429555489778232102e-01 8.522871978723290942e-01 8.417216927505143387e-01 8.492489565413449126e-01 8.528391406471826919e-01 8.466554841380262708e-01
