1.000000000000000000e+00 2.707516022016492885e-01 3.695455673918838779e-01 2.905851159581504528e-01 7.023104948945421699e-02 9.733564878115288921e-02 1.899433290561310383e-01 1.226332419093858622e-01 3.222094651623927386e-01 2.780031628687908984e-01 1.876148427339918157e-01 1.359120561229750501e-01 6.290137248791377589e-02 7.025094969580701620e-02 7.864429472162133561e-02 6.007933546611938375e-02 2.571636577873994134e-01 3.153483216646185139e-01 2.695539089087887752e-01 2.897655557414691718e-01 2.759445264109262608e-01 2.824600717286182561e-01 3.454907106618229640e-01 2.827307775929417955e-01 2.338733863506371469e-01 2.905433396583801953e-01 2.776141686891870353e-01 2.649531762475206276e-01 3.109433776383351278e-01 2.875114280889514706e-01 2.343048377544214300e-01 2.102778686314474843e-01 2.186036873237099665e-01 2.009315666172658554e-01 2.078193355230454065e-01 2.091319642837029535e-01 1.793585715719698270e-01 1.923390408850088329e-01 1.997334382941917952e-01 1.415921484297067712e-01 1.458455792327806033e-01 1.403230320452525659e-01 1.466537771623004360e-01 1.539888939565997872e-01 1.799279972707098496e-01 1.575043485939254806e-01 5.407022793293122381e-02 8.628325526301255932e-02 7.783505587572961404e-02 1.183295222834659932e-01 1.290605263572385253e-01 8.771948007503788114e-02 7.536334126129740074e-02 1.272255445419192277e-01 1.298009578208190740e-01 1.877567168727794500e-01 1.099090092236032351e-01 9.656359143278096802e-02 1.205617435420350825e-01 1.074407410059959600e-01 8.723306024154048322e-02 8.693004921481720104e-02 7.863864585177554600e-02 1.113134681839183238e-01 1.345076600457273952e-01 1.035985844095843322e-01 9.205655012363007927e-02 1.352722629640978336e-01 1.408882557020567083e-01 1.652642676802968391e-01 1.316445265587210256e-01 1.508173373713089793e-01 1.426750579087184556e-01 1.033702471750684998e-01 1.247948592117501670e-01 1.272726931566828534e-01 1.220202498474780295e-01 1.606650342967233802e-01 1.164706609867999787e-01 1.270895035400748385e-01 1.105227285115642222e-01 1.131443291321684863e-01 1.325095083186144107e-01 1.274831334140767991e-01 7.598720410889363286e-02 9.973489283157560559e-02 1.023107274244948184e-01 9.425692445897487781e-02 8.929579260673548013e-02 1.179464469024272266e-01 8.591034245089425314e-02 7.072196845259134945e-02 7.729096662038023591e-02 9.121232777166600469e-02 2.276697347137149677e-02 3.546675069095638760e-02 4.618940692415904326e-02 7.171650924232077229e-02 4.628599680723879950e-02 6.534637596463113707e-02 5.317895861023901050e-02 6.512109635674252772e-02 5.752200333468416443e-02 6.358023276923123468e-02 5.918558799485195560e-02 6.424285105219475212e-02 4.032432986862376223e-02 5.767623568290303898e-02 8.859675077231052298e-02 5.222696061566972636e-02 5.197077776894916401e-02 6.488305189116543026e-02 5.677043899172088542e-02 6.253455102293992152e-02 9.083802993113740398e-02 6.281419945757003853e-02
2.707516022016492885e-01 1.000000000000000000e+00 2.018713778925256830e-01 2.326222322994475344e-01 1.297285617610378361e-01 1.200096281083738864e-01 2.501971376532602931e-01 1.727956782014466175e-01 2.826257061116431157e-01 3.078055958185378915e-01 2.090535314125988309e-01 2.125395209010062791e-01 1.452294637538928679e-01 1.285203387000983799e-01 1.760799551083400694e-01 1.636930017095411527e-01 2.335150810126558341e-01 2.331712754415186939e-01 2.000228889993818648e-01 2.176797456812092912e-01 2.079791541974050084e-01 1.970095059769489121e-01 2.886685243705038872e-01 2.312334566251804113e-01 1.871206943491711128e-01 2.597191847243444096e-01 2.425861420278828673e-01 2.483581768683311986e-01 2.616947504229740762e-01 2.387670452634852170e-01 2.367125874711995537e-01 2.345530753389826195e-01 2.118176579535674398e-01 2.199498215178556648e-01 1.948821149110739337e-01 2.324214664670980479e-01 2.121516646629945935e-01 2.246512647429841081e-01 2.315404017907206069e-01 2.034740748767847607e-01 2.012241475081984754e-01 2.020903678046579444e-01 2.030325593455137301e-01 2.058688251973333494e-01 2.179154696388738432e-01 2.130287733378442572e-01 1.544917160677704571e-01 1.778356717153121713e-01 1.716663761077796280e-01 1.706542883267901378e-01 1.870553476391298986e-01 1.433420600232241660e-01 1.548961407844639815e-01 1.968883802404547412e-01 1.918943023710783236e-01 2.269298960655408148e-01 1.781182778727678218e-01 1.655852776628904122e-01 1.773748957143365668e-01 1.805941718534742335e-01 1.640767649679745199e-01 1.707660853619523689e-01 1.573060484353795418e-01 1.856878303199765712e-01 1.818031334352962491e-01 1.685064125146033265e-01 1.736959887542239012e-01 1.883269193503153693e-01 2.049113664399031531e-01 2.032981478185248436e-01 1.716818484453236926e-01 1.855336150179897059e-01 1.978017470863752680e-01 1.655248942051534278e-01 1.933951703580057135e-01 1.937323642924252687e-01 1.891868444625469659e-01 2.049258815642143738e-01 1.872566696271550646e-01 1.834752109845859958e-01 1.755205347034376751e-01 1.816107670128751517e-01 2.023445536530692757e-01 1.817263616848850682e-01 1.644510048373022393e-01 1.774863526759153654e-01 1.758645236897090625e-01 1.771943071285941029e-01 1.745837098985439650e-01 1.930427248591486955e-01 1.744181448175919635e-01 1.665619894000403001e-01 1.651730597233678488e-01 1.733462840848065956e-01 1.365531630995908408e-01 1.491701522734935614e-01 1.389437841161644538e-01 1.508501515433476325e-01 1.447360032785929562e-01 1.604536724516680279e-01 1.515440923353866820e-01 1.503578487318167067e-01 1.488222819446702594e-01 1.565917736716979647e-01 1.496204092610840530e-01 1.522717912414515706e-01 1.494713449165514241e-01 1.620504750240678860e-01 1.732519890203578494e-01 1.501157394551991264e-01 1.446744124531485209e-01 1.605247657200796207e-01 1.528781426089738382e-01 1.557453412743676491e-01 1.696442321661011943e-01 1.528126049051562185e-01
3.695455673918838779e-01 2.018713778925256830e-01 1.000000000000000000e+00 5.994834198951582982e-01 2.233993374405932042e-01 2.421100905460992214e-01 3.763288781935094085e-01 2.358519274082971073e-01 4.806269100596103350e-01 4.464526855392504934e-01 4.848555616789770872e-01 4.257568116963120763e-01 1.913815096404293259e-01 2.672979618818717151e-01 2.560438113781833835e-01 2.357629610816247001e-01 4.497517594180699962e-01 5.249317559470263461e-01 5.404759535568619544e-01 4.650969377414885253e-01 5.357708677400171426e-01 5.999914104377365165e-01 5.397536703682938031e-01 5.237547447862344052e-01 5.328511858077457086e-01 5.546726961089099017e-01 5.875645934723682240e-01 5.134973938625365664e-01 5.660196640761500086e-01 5.758160093952668923e-01 5.398445505552246226e-01 4.162198821374116231e-01 4.479070706191523032e-01 4.107295737849802619e-01 4.124392864165090100e-01 4.618878978863565909e-01 4.405235269019726618e-01 3.930966664902468266e-01 4.355960906459110382e-01 3.769371510091452104e-01 3.859909225834823876e-01 3.832348316897785656e-01 3.891167828348099933e-01 3.989673523974732183e-01 4.401295798100166023e-01 3.937492012538928998e-01 2.483234971862127716e-01 2.742688454756640470e-01 2.722927655975039829e-01 3.278928531807380198e-01 3.493546253544660418e-01 3.063388180552328310e-01 2.738397002161090943e-01 3.046977651392610009e-01 3.302480716138755934e-01 3.877096547589348741e-01 2.888287430780835940e-01 3.036512345402094804e-01 3.153289682866443067e-01 3.124881455196084623e-01 2.867831449403874244e-01 2.724908429487772343e-01 2.686540806006612048e-01 2.976359231344744560e-01 3.590548207575927631e-01 2.965804273589426887e-01 2.778510733799379184e-01 3.600447367787389941e-01 3.528807425709853396e-01 3.902608274097552621e-01 3.990871480360894119e-01 4.039933315887817011e-01 3.683389089040531306e-01 3.496309403294222684e-01 3.540646529065790138e-01 3.671414658334498649e-01 3.518561893344683833e-01 3.884382021836619292e-01 3.557317555002493248e-01 3.660410978590474262e-01 3.443154240835595847e-01 3.583556898783417100e-01 3.356656027514793306e-01 3.435805081181762533e-01 2.760099439839280855e-01 3.135679509111140018e-01 3.323987385343486478e-01 2.960016952137826673e-01 3.027243495358272196e-01 3.211347768169507400e-01 3.021562514657759602e-01 2.870854229039458971e-01 3.005522567503809972e-01 3.048133449756347813e-01 2.172660632523084057e-01 2.207357619182841735e-01 2.435860534993221083e-01 2.683572602277140007e-01 2.492480186093166128e-01 2.740346356085879842e-01 2.659642759178132976e-01 2.636648211292749733e-01 2.564131361482361315e-01 2.701229508819162350e-01 2.648774321722452973e-01 2.553658570209210166e-01 2.329249022974170247e-01 2.527206353670686800e-01 2.901937572833102608e-01 2.558472225611414519e-01 2.492790537577582177e-01 2.664899265425438313e-01 2.493566592176696961e-01 2.487382645575783036e-01 3.014495805421650854e-01 2.594642606463882228e-01
2.905851159581504528e-01 2.326222322994475344e-01 5.994834198951582982e-01 1.000000000000000000e+00 2.860878899160085309e-01 3.492716743312780925e-01 4.946354056587318193e-01 3.970840600612618454e-01 5.437573913014573934e-01 5.513417074278574859e-01 5.621458298399567566e-01 6.095899924182830443e-01 3.406901927121485651e-01 4.194785348654651580e-01 4.313188297416520323e-01 4.114854842730860107e-01 5.328563544535821483e-01 5.381431150822159060e-01 5.462181796117716592e-01 5.345867431199813335e-01 5.508940726980250391e-01 6.216544445921061701e-01 5.754969963958463941e-01 5.460166416270034739e-01 5.557647692096885361e-01 6.705316600264780158e-01 6.843385711868085197e-01 6.061716967529250377e-01 6.373314892593500147e-01 6.338826008624934838e-01 6.416036144908172645e-01 5.217707278808932925e-01 5.215009858891828110e-01 4.958096336786360081e-01 4.842653724885535027e-01 5.709477042247511624e-01 5.297191838066914737e-01 5.058339324086497113e-01 5.504688728374929063e-01 5.150460445356837003e-01 5.389718593513316280e-01 5.290269826290301403e-01 5.293310940852853363e-01 5.452368944629153447e-01 5.685322548678116705e-01 5.289409674131866357e-01 4.102826185846379925e-01 4.342599595683668268e-01 4.345691547512240960e-01 4.736621013947503456e-01 4.879186725640788369e-01 4.743642510503895404e-01 4.472897210597986395e-01 4.519749348335390104e-01 4.745797226976796734e-01 5.221368811293883860e-01 4.463750184095998108e-01 4.559799643657824753e-01 4.649392458877332768e-01 4.681212079760518341e-01 4.444279248346330591e-01 4.277852011717309666e-01 4.304077776294372160e-01 4.452806538207826348e-01 4.975345953275663868e-01 4.575005540575473040e-01 4.328745167152311391e-01 4.831838326161140840e-01 4.899992841630619322e-01 5.190343112310731311e-01 5.085101024286831084e-01 5.258081941373989876e-01 4.898692862842828899e-01 4.648521356914119829e-01 5.137847928066059389e-01 5.125193117393439524e-01 5.022650984253855810e-01 5.233759872303704874e-01 5.080348908808198782e-01 5.000927275135498284e-01 4.775832225226956385e-01 5.046392158403317785e-01 4.804645860495877496e-01 4.746979249593574202e-01 4.249390781088899227e-01 4.527706556027575879e-01 4.816247729621658813e-01 4.489153308370197326e-01 4.478851751855288388e-01 4.766324587236487331e-01 4.607758733738284151e-01 4.508655980939941799e-01 4.560794112201034256e-01 4.631676993270029130e-01 3.861316865499984097e-01 3.881144135753279989e-01 4.133183294557167820e-01 4.353134989316082559e-01 4.137923724200496256e-01 4.336113964468621962e-01 4.287757752743662221e-01 4.268914722150926599e-01 4.279652935850812856e-01 4.385927114748204292e-01 4.294277128230894469e-01 4.191565053940677354e-01 4.012683257062102382e-01 4.145158948158825796e-01 4.500838837092338007e-01 4.208787656219538098e-01 4.130281009206608345e-01 4.295621866462466243e-01 4.144610169778003561e-01 4.102742283793552880e-01 4.541650512588516486e-01 4.260700336626130347e-01
7.023104948945421699e-02 1.297285617610378361e-01 2.233993374405932042e-01 2.860878899160085309e-01 1.000000000000000000e+00 2.720857916777685848e-01 4.262200511825735560e-01 4.046975598106913319e-01 4.028184574943073359e-01 3.643573889015232492e-01 3.911028025620381654e-01 4.248482948150640870e-01 3.633902462937387834e-01 3.759805903274024974e-01 4.108261704436955153e-01 4.256684646101306924e-01 3.926853450314949923e-01 3.619818331456521876e-01 3.788762313075435539e-01 3.437985578165623779e-01 3.516676595767273539e-01 3.538060179317399911e-01 4.159157163761120213e-01 3.913090582076734769e-01 3.753615283077066933e-01 4.088253681518438376e-01 3.945203260718756488e-01 3.909659107633527975e-01 3.818295484813139518e-01 3.975494467520513386e-01 4.017730916598813429e-01 4.471864286265319621e-01 4.214629431772656254e-01 4.362665318126985325e-01 4.128914341565264046e-01 4.361142495043482947e-01 4.359803071363103077e-01 4.158185379063500942e-01 4.281757041889162618e-01 4.291301751021017186e-01 4.207660740149568590e-01 4.131450736204430041e-01 4.233545189925286834e-01 4.209808812373535547e-01 4.261077083123036569e-01 4.106067669148736887e-01 4.013552068547237006e-01 4.171789711643494880e-01 4.231716709251054365e-01 4.257315134678885116e-01 4.244946738212710957e-01 4.083072349497446907e-01 4.166183613238545469e-01 4.126777210100109894e-01 4.305686481502505880e-01 4.327797358922855220e-01 4.239783528745300067e-01 4.061458208219869137e-01 4.115239609080719729e-01 4.242248152330242439e-01 4.169974351792397615e-01 4.017423602708655728e-01 4.083715062896280945e-01 4.095384447276634310e-01 4.248518969805448187e-01 4.177911837545573714e-01 4.173327776924157795e-01 4.257178715726521179e-01 4.381824642599942976e-01 4.309974171881567617e-01 4.226766988686421755e-01 4.218360002629176209e-01 4.336351496022063379e-01 4.221672650014706707e-01 4.273842045279069857e-01 4.251969867485364540e-01 4.160436380178100246e-01 4.152621142648179053e-01 4.054828296532110299e-01 4.123587958511258922e-01 4.183417296737760305e-01 4.057377778868591078e-01 4.381018909511983916e-01 4.270168205038971654e-01 4.239504784720832808e-01 4.251009653032872260e-01 4.215227504494739597e-01 4.250946922014119389e-01 4.140287222920234766e-01 4.279332176033474600e-01 4.223227748486510502e-01 4.132268993541976521e-01 4.104898381340759128e-01 4.121871511520778797e-01 3.973045482397489225e-01 3.996267787172244068e-01 4.073885252455213268e-01 4.122484360178768625e-01 4.081531645452179946e-01 4.171090986512111520e-01 4.077363195998007783e-01 4.088769741564610705e-01 4.068021662893641088e-01 4.084818388548451806e-01 4.111440351889343314e-01 4.122417054379904910e-01 4.085747318944721318e-01 4.121145612421414084e-01 4.234556636501147220e-01 4.110249027208164874e-01 4.120497635869658226e-01 4.136315189474257248e-01 4.024291038310647828e-01 4.044624221097623540e-01 4.150439342728183822e-01 4.085237982894703301e-01
9.733564878115288921e-02 1.200096281083738864e-01 2.421100905460992214e-01 3.492716743312780925e-01 2.720857916777685848e-01 1.000000000000000000e+00 4.220056398511456974e-01 3.968623176511764106e-01 4.281151346245186118e-01 4.241283250701743390e-01 4.099635943804328386e-01 4.833544556293652983e-01 3.747814011306166981e-01 4.294838669608567749e-01 4.555071517329244424e-01 4.561060372473272340e-01 4.150707057702161529e-01 3.582968607996617760e-01 3.919365649439310872e-01 3.554393242754469995e-01 3.743964831339585686e-01 3.989489436691676105e-01 4.125929569921967799e-01 3.874486701018544643e-01 3.998289689679785930e-01 4.969035773928660027e-01 4.732010127160116708e-01 4.635403591512443078e-01 4.535393605372409209e-01 4.493173799989566009e-01 4.824519676239603094e-01 4.665042774934636260e-01 4.394423322535261356e-01 4.508866052484191700e-01 4.211089283452877363e-01 4.881991125269531384e-01 4.627619811244890191e-01 4.680614695582437923e-01 4.794525452767600116e-01 4.971295708472436292e-01 4.930220867282549269e-01 4.850224195001462957e-01 4.922194408074050953e-01 4.995420529906196561e-01 4.951064811026758550e-01 4.900580510336225992e-01 4.637752271028330320e-01 4.787630286957589298e-01 4.802656670519626636e-01 4.712086126647389572e-01 4.824074994357596680e-01 4.860121940978073263e-01 4.823605913791262356e-01 4.751514926287928042e-01 4.876802092752300366e-01 4.875649233173703356e-01 4.724106046241209889e-01 4.819059271564896663e-01 4.734489493864861842e-01 4.907101609083471261e-01 4.734575621905723342e-01 4.672620438415452937e-01 4.655774976262207487e-01 4.682172270586451024e-01 4.824392018573053220e-01 4.826207292079414679e-01 4.758865881662801556e-01 4.754139731589396289e-01 4.812944846258921938e-01 4.751295647699050884e-01 4.776724772716853251e-01 4.849590962087508283e-01 4.720993574465254250e-01 4.665095366098618301e-01 5.050655080472173930e-01 4.927544794160209629e-01 4.951774620459575837e-01 4.874676358424608336e-01 4.928882333416527706e-01 4.778438202577781069e-01 4.710946962122470327e-01 4.792485290915696194e-01 4.880039626140344478e-01 4.737170164014316009e-01 4.694613151598607814e-01 4.745961375625096235e-01 4.820376670586979384e-01 4.843577913128843671e-01 4.749696640499098121e-01 4.945226232956788648e-01 4.897635587141420110e-01 4.868678962860951698e-01 4.803627994250120881e-01 4.861298178718181373e-01 4.649487606599118639e-01 4.662601092913706835e-01 4.717641233778111509e-01 4.716779171425299344e-01 4.723928811303336750e-01 4.811496380031886622e-01 4.806048552555514108e-01 4.755747267667354006e-01 4.764276496752137269e-01 4.824335073499877447e-01 4.747621026396997013e-01 4.731861112390929880e-01 4.706177934280507680e-01 4.755732107542580689e-01 4.892734322375246192e-01 4.803596612444389069e-01 4.776231735409284807e-01 4.808732418566734057e-01 4.713107951385516747e-01 4.655930805886214219e-01 4.799603913818006884e-01 4.767608998365958639e-01
1.899433290561310383e-01 2.501971376532602931e-01 3.763288781935094085e-01 4.946354056587318193e-01 4.262200511825735560e-01 4.220056398511456974e-01 1.000000000000000000e+00 6.336449996031828791e-01 6.259367698965822013e-01 5.990359412125451088e-01 5.834288564505949459e-01 6.493806940228041835e-01 5.166446502114786510e-01 5.460724502348097698e-01 7.061110661602936212e-01 6.471725879634819822e-01 5.559336248198470942e-01 4.517484489400187542e-01 5.045903086930545456e-01 4.403478176467637284e-01 4.340194948638074757e-01 5.086407162709246643e-01 5.455297306396932333e-01 5.139267524497652673e-01 5.189775874287334556e-01 6.515388648551784234e-01 6.216923374896168308e-01 6.170115672376953464e-01 6.065909973248810871e-01 5.991663510921009239e-01 6.333038851032289918e-01 6.407427368033715709e-01 6.010052340114658831e-01 6.134520105645427934e-01 5.704676966294381923e-01 6.427582252406301988e-01 6.286136640964291589e-01 6.282045257942900918e-01 6.361122251571362796e-01 6.541771062469400322e-01 6.603752759189980281e-01 6.435086769202688073e-01 6.475229578858106017e-01 6.582902971164799055e-01 6.515188922859990184e-01 6.337791581169972543e-01 5.968553501899966918e-01 6.185331173753870759e-01 6.240113371355192617e-01 6.136250540353073157e-01 6.228126455842033504e-01 5.959512084972956591e-01 6.083446381428468941e-01 6.082757758257081315e-01 6.321991571246271535e-01 6.300837578524749460e-01 6.024763422729529916e-01 6.149340179057464217e-01 6.005877700506139227e-01 6.369183945959659976e-01 6.084491341722078062e-01 6.001036379122193232e-01 5.969970093711677306e-01 6.036517363972081496e-01 6.191190793529131042e-01 6.094130890292682734e-01 6.131721981864228788e-01 6.041401918686174488e-01 6.301689441124512792e-01 5.924341324829505151e-01 5.920962474407858167e-01 6.140694037260123750e-01 6.107272695671807083e-01 5.969934282000062264e-01 6.523076572097455950e-01 6.420948175830819560e-01 6.463506899972087938e-01 6.344893091732525248e-01 6.195372975017496842e-01 6.114125257475244712e-01 6.108886787656004902e-01 6.183912428729163580e-01 6.294430179740745368e-01 6.202040952690610620e-01 6.106461508851217523e-01 6.165215235429428731e-01 6.202198269858227864e-01 6.255054363891202618e-01 6.104240708013263239e-01 6.327390830214894013e-01 6.376300034797728333e-01 6.274868606571313290e-01 6.139194801048672989e-01 6.224313596206704213e-01 5.853052164311329797e-01 5.895340284588276303e-01 5.942620782826111281e-01 5.941789683205030981e-01 5.975333931371771268e-01 6.167165659568604186e-01 6.091540151814900383e-01 5.975654762555649979e-01 6.033148188300289094e-01 6.141550240371622671e-01 5.980022792604884341e-01 5.951906720092524639e-01 5.969575951510440737e-01 6.094185742485662693e-01 6.255424564447430447e-01 6.090141571594858139e-01 6.032668460401077182e-01 6.169672939390465904e-01 5.961032360865103907e-01 5.904437790112883055e-01 6.084199591464101164e-01 5.987788304651193716e-01
1.226332419093858622e-01 1.727956782014466175e-01 2.358519274082971073e-01 3.970840600612618454e-01 4.046975598106913319e-01 3.968623176511764106e-01 6.336449996031828791e-01 1.000000000000000000e+00 5.391389846991674339e-01 5.432267668404109351e-01 5.108430850820030455e-01 6.241208010538144002e-01 5.491774190266720534e-01 5.513495904693986871e-01 6.794971370586153636e-01 6.830688214444589068e-01 5.357280851312073988e-01 4.011275456392392469e-01 4.319485268162483460e-01 4.047678657176403405e-01 3.906197799078642841e-01 4.298148825666032735e-01 4.980924246664785171e-01 4.472664298851441456e-01 4.432367235044699094e-01 5.813677740474764155e-01 5.458222040241531570e-01 5.602796912682960206e-01 5.302799298565226138e-01 5.174100989526166927e-01 5.761233979859904375e-01 6.108425880227142946e-01 5.565981218718751844e-01 5.790898273544546893e-01 5.396011296908432842e-01 6.151600519075500761e-01 5.928843377292202232e-01 6.089043913284318821e-01 6.130359002325744822e-01 6.317129158790563137e-01 6.438636643335355902e-01 6.410903220333207253e-01 6.378816476712647621e-01 6.390331446399816206e-01 6.284189520545460095e-01 6.191722819096920905e-01 6.312013117994692557e-01 6.369434885979069483e-01 6.485565485948954212e-01 6.138819431568386387e-01 6.269285751189316303e-01 6.242696138609696854e-01 6.349686936176069940e-01 6.265666360146557867e-01 6.353141382848203067e-01 6.279516136989704567e-01 6.273860023911744799e-01 6.307241874152766936e-01 6.246566591620783537e-01 6.493375002256458473e-01 6.348001174701205507e-01 6.250798396440360172e-01 6.269076132246043098e-01 6.229234927250432152e-01 6.318175040307344448e-01 6.381844330270317611e-01 6.405668968755158232e-01 6.135924122565098449e-01 6.375643186972467236e-01 6.032008537195935327e-01 5.918575800577122736e-01 6.128282444245347627e-01 6.097533635742965474e-01 5.966599269424692764e-01 6.501430873037978841e-01 6.391177319321251771e-01 6.426875123144522028e-01 6.225187330553898502e-01 6.284865390050606848e-01 6.177483896711558620e-01 6.188162312241141105e-01 6.234435282586804350e-01 6.457544441653269018e-01 6.263463821817313315e-01 6.284623119608330200e-01 6.278694038127984323e-01 6.340058071263049433e-01 6.410187249859451430e-01 6.300745457783180070e-01 6.473666813167852085e-01 6.504112421243095632e-01 6.465121372893266605e-01 6.344817911461607673e-01 6.421179448741081153e-01 6.275030669242005477e-01 6.319504400357528473e-01 6.294855552509152075e-01 6.325868424208124230e-01 6.326207879063886486e-01 6.382497858404863056e-01 6.411802492648478458e-01 6.334134669173610011e-01 6.388995752187494048e-01 6.438499880644729112e-01 6.335195094665415638e-01 6.295020827315735978e-01 6.343057211144614849e-01 6.368773838907619833e-01 6.451876313210208602e-01 6.392894254072922777e-01 6.344479568366265809e-01 6.416007695137063704e-01 6.311266975266275336e-01 6.284317934382083193e-01 6.338823153188861692e-01 6.360231526658692847e-01
3.222094651623927386e-01 2.826257061116431157e-01 4.806269100596103350e-01 5.437573913014573934e-01 4.028184574943073359e-01 4.281151346245186118e-01 6.259367698965822013e-01 5.391389846991674339e-01 1.000000000000000000e+00 7.568805382798672321e-01 7.448698954967640784e-01 7.587423151265745291e-01 6.097605644588023344e-01 6.617978686464850435e-01 7.178344363094385505e-01 7.126917426963447211e-01 7.902904388299561989e-01 7.261485087124827098e-01 7.255555307293621858e-01 6.677548684462297768e-01 6.802087833159432551e-01 7.006975474319256936e-01 8.087864122290092661e-01 7.527468437485957953e-01 7.204301143627864779e-01 8.323941507962894226e-01 8.134759049265458675e-01 8.357255356825751269e-01 8.103048810685368197e-01 8.203112429813876894e-01 8.189849935798360070e-01 8.403658168021458374e-01 8.241192600960256520e-01 8.135886360074916501e-01 7.990257483416747242e-01 8.289159681393094559e-01 8.148286693916080292e-01 8.352485071757692614e-01 8.402709992692678487e-01 8.107406507881558255e-01 8.201395014551134954e-01 8.172124800404286793e-01 8.111802045203015954e-01 8.280947637227716873e-01 8.363822945400749553e-01 8.228563992995135967e-01 7.595438483007123098e-01 7.935417880592787743e-01 7.836563033436311221e-01 7.982732849799802910e-01 8.140692693242627120e-01 7.584513050633233666e-01 7.648037766222124390e-01 8.054379054218726575e-01 8.106531895391591025e-01 8.417525622855799305e-01 7.946765624396754379e-01 7.925149182823176819e-01 7.968717468923898206e-01 8.095943983975442126e-01 7.803996842964553426e-01 7.801028083939750557e-01 7.690558813928753956e-01 7.980745748657894767e-01 8.140105058893138956e-01 7.907957737207358395e-01 7.893765132859957845e-01 8.092687478426076053e-01 8.234168803533112868e-01 8.144329394880137629e-01 7.886057891177804535e-01 8.108001443908310346e-01 8.133222379277847969e-01 7.849146917151590408e-01 8.160559569794727519e-01 8.155700413486878242e-01 8.070672784854353576e-01 8.189055595314015390e-01 7.942593697549467091e-01 7.998379307905147950e-01 7.957373947784021073e-01 7.970583439361345057e-01 8.215693185716399505e-01 8.076556677991725275e-01 7.788745625936138728e-01 7.949664009413291987e-01 7.981748886963568879e-01 7.968315382796463675e-01 7.892110582259179719e-01 8.102882260521278024e-01 7.905725143483526285e-01 7.795786493960915609e-01 7.817345504301040915e-01 7.889313642938606819e-01 7.404243738311546696e-01 7.492190264313224324e-01 7.517062624926414971e-01 7.696494025495826952e-01 7.571373549501539957e-01 7.749383434672654225e-01 7.613921085863465388e-01 7.670492435204223636e-01 7.606476376476615231e-01 7.720186426377537714e-01 7.671181044767637625e-01 7.670235311280152457e-01 7.573230037953604388e-01 7.709962205106297706e-01 7.908638882575265150e-01 7.675751522855979170e-01 7.621882566231424905e-01 7.785534145594897870e-01 7.653932163871288719e-01 7.644905122360513561e-01 7.894382716809604794e-01 7.692367022837865997e-01
2.780031628687908984e-01 3.078055958185378915e-01 4.464526855392504934e-01 5.513417074278574859e-01 3.643573889015232492e-01 4.241283250701743390e-01 5.990359412125451088e-01 5.432267668404109351e-01 7.568805382798672321e-01 1.000000000000000000e+00 6.622621887335502500e-01 7.197484491356873626e-01 5.638014349201941888e-01 6.074991374811652411e-01 6.734858421683784790e-01 6.654853531933906385e-01 6.934120083922215017e-01 6.239011234390489102e-01 6.081915780843040187e-01 5.920054108345137456e-01 5.823422543340112112e-01 6.123158533888363175e-01 7.208707667678270203e-01 6.482952080516105609e-01 6.068681159586907237e-01 7.914008777565085806e-01 7.582355052096482195e-01 7.774257514259198532e-01 7.537361058039182549e-01 7.401287180088949036e-01 7.699936307508932209e-01 7.528725511798066705e-01 7.198041915337769492e-01 7.201035133238007369e-01 6.899911541137252469e-01 7.588827017214007098e-01 7.309195420499647877e-01 7.734230223706444196e-01 7.732943721527059111e-01 7.605072065633976530e-01 7.674918485543239521e-01 7.659604587036775714e-01 7.467393519047976769e-01 7.682434427775692853e-01 7.777791995662998170e-01 7.676974991371172674e-01 7.012725674020910960e-01 7.306970141072619551e-01 7.220158154579613408e-01 7.129510285727849173e-01 7.472741734447302386e-01 6.882328387522140822e-01 7.078281248374979073e-01 7.381014002422736642e-01 7.429203042426212322e-01 7.753189015753183533e-01 7.153659517950764490e-01 7.267454406289117763e-01 7.341631497797647121e-01 7.410174068256606406e-01 7.105074908785431465e-01 7.108063778206360483e-01 7.029466567284200496e-01 7.259580447880664700e-01 7.378615696196623164e-01 7.228031574116080549e-01 7.231772666137653571e-01 7.295175089443711736e-01 7.522806457160946536e-01 7.387264421426922301e-01 7.080783289530940827e-01 7.347663320341807358e-01 7.314800923078653705e-01 6.977119241971005970e-01 7.581690512207858168e-01 7.518327039139551804e-01 7.500062456162374103e-01 7.536296464034552001e-01 7.471520597122615071e-01 7.377185307733512554e-01 7.249417089696781336e-01 7.420735040487228540e-01 7.520973968755743089e-01 7.340187409687906062e-01 7.077261745934476656e-01 7.238830149317707630e-01 7.341810612991938045e-01 7.337008912126598004e-01 7.284449666019573444e-01 7.497481922622228900e-01 7.333327633263199141e-01 7.250395551253743243e-01 7.239862488598861612e-01 7.350974526082403315e-01 6.823564119118231686e-01 6.904821775512028914e-01 6.924327987828521325e-01 7.026460773977116769e-01 6.933034036580021375e-01 7.150553591756453331e-01 7.054895869134343300e-01 7.055216302871061274e-01 7.088604386007526514e-01 7.130306544125090129e-01 7.030768742235836699e-01 6.986957133983088264e-01 6.946455696137652236e-01 7.083282699293784734e-01 7.306469197455398579e-01 7.030086623230528131e-01 6.994217384581039587e-01 7.132040147495011251e-01 7.041824427749944215e-01 7.023015003848975812e-01 7.231652407127961979e-01 7.079021385075632278e-01
1.876148427339918157e-01 2.090535314125988309e-01 4.848555616789770872e-01 5.621458298399567566e-01 3.911028025620381654e-01 4.099635943804328386e-01 5.834288564505949459e-01 5.108430850820030455e-01 7.448698954967640784e-01 6.622621887335502500e-01 1.000000000000000000e+00 7.697700625101481231e-01 6.006790583102202818e-01 6.534161929628097276e-01 6.938268598268255705e-01 6.831964902287090968e-01 7.314205144261357594e-01 6.911120658012842588e-01 7.322028353826492975e-01 6.050603525851382392e-01 6.837514301417608742e-01 7.353197638837876138e-01 7.230051754416351173e-01 7.318719644895865795e-01 7.491420558184921363e-01 7.937545887660837352e-01 8.016240407648574928e-01 8.107517271345286991e-01 7.909117462923646036e-01 8.187276532132886642e-01 8.367364429404283710e-01 7.799275513369543500e-01 7.946205977635765194e-01 7.831754697228768825e-01 7.720992421930469307e-01 8.123489461427609859e-01 8.143003479717725313e-01 7.923087867575941967e-01 8.175199028596812356e-01 7.772793297881758212e-01 7.868699296069906479e-01 7.927309960680510859e-01 7.963086635449289075e-01 8.020394709202210981e-01 8.212307400933525070e-01 8.091634765615839386e-01 7.467166054479973392e-01 7.617363922302308188e-01 7.573253390207410618e-01 7.675326288269496144e-01 7.926435751624003601e-01 7.484129569243990199e-01 7.421830964600258929e-01 7.679215954132164734e-01 7.820039100375899555e-01 7.940981616007549704e-01 7.587715804302457290e-01 7.706420361439318967e-01 7.696356262861910880e-01 7.802472772498530995e-01 7.686298754430432867e-01 7.584828070595664995e-01 7.521977868591760430e-01 7.701275939515558333e-01 7.967725567688523913e-01 7.654145694399326905e-01 7.601569218284304208e-01 7.983432769829027498e-01 7.897014701120166347e-01 7.870232065428643953e-01 8.078876884579762052e-01 8.132069957204937083e-01 7.928601086063702397e-01 7.912361704300159282e-01 7.982062345183876806e-01 8.059047007654069894e-01 7.976068039891555106e-01 8.082110576507961497e-01 7.949615133756837704e-01 8.035720328027230464e-01 7.950996319284976410e-01 8.052873857312092820e-01 7.818308392185865374e-01 7.947991945805502612e-01 7.596973181952212384e-01 7.807492805793423418e-01 7.939525212222745543e-01 7.721877765788043302e-01 7.780880381306297666e-01 7.802223145317370712e-01 7.723314199137135683e-01 7.690857894794624894e-01 7.727942610228378806e-01 7.781037422025498529e-01 7.335260542728713196e-01 7.343645136245579019e-01 7.374177965860840844e-01 7.532215890982771889e-01 7.486361790311749642e-01 7.627277841374551226e-01 7.553870292117754737e-01 7.527634695888856253e-01 7.478662934430092557e-01 7.603706264672203119e-01 7.574359264816792336e-01 7.467775294576066702e-01 7.418518713880455362e-01 7.540351820732753563e-01 7.710937577035357204e-01 7.536348118486323466e-01 7.502827063793768847e-01 7.614941716031277119e-01 7.504132255076584324e-01 7.465332811579080685e-01 7.778170776053234814e-01 7.535467095226433543e-01
1.359120561229750501e-01 2.125395209010062791e-01 4.257568116963120763e-01 6.095899924182830443e-01 4.248482948150640870e-01 4.833544556293652983e-01 6.493806940228041835e-01 6.241208010538144002e-01 7.587423151265745291e-01 7.197484491356873626e-01 7.697700625101481231e-01 1.000000000000000000e+00 6.890249833230887022e-01 7.576574900521702016e-01 8.119435275884849812e-01 7.981125835711487815e-01 7.619172815490921069e-01 6.465347157588875460e-01 6.803502876256082299e-01 6.212981846822734910e-01 6.410202596443830281e-01 6.969460637507649547e-01 7.254863510419684580e-01 7.032318337588523427e-01 7.112451095410063928e-01 8.495045591027814424e-01 8.398669681306516477e-01 8.396989628094885250e-01 7.883829350185713736e-01 8.126161282806950714e-01 8.627932650887578658e-01 8.372339729107642903e-01 8.033307881581182031e-01 8.085761470320437239e-01 7.860449764999141165e-01 8.567228081339273160e-01 8.445101913857161469e-01 8.435062487460532887e-01 8.666332005514044701e-01 8.603237562313070796e-01 8.893101668737100063e-01 8.797670984779155656e-01 8.692587340724838851e-01 8.848687425384204053e-01 8.864509174126212754e-01 8.716971887913631534e-01 8.494142341667315632e-01 8.593014874040114659e-01 8.612570475917683543e-01 8.486044194139071850e-01 8.677801858994982354e-01 8.513282913280852959e-01 8.502223941682024444e-01 8.454155437807483464e-01 8.569151709234793524e-01 8.651654305166529557e-01 8.462197260436717938e-01 8.579094881323829913e-01 8.569952429993524801e-01 8.718766962525665853e-01 8.560767050558828473e-01 8.428086149772356928e-01 8.463575509347101011e-01 8.495264390677649269e-01 8.749192956505738028e-01 8.618797372555616620e-01 8.576838000796453976e-01 8.557134769442321653e-01 8.708175423554509464e-01 8.543512219436201205e-01 8.503378247663295753e-01 8.694397268974490833e-01 8.553770106651886751e-01 8.456702009379057916e-01 8.934607726776578884e-01 8.865714012598201466e-01 8.793700133409630970e-01 8.707084276960254110e-01 8.800976937269276990e-01 8.733935231311319436e-01 8.695591521981456129e-01 8.820164945874142681e-01 8.706600768836084692e-01 8.633227445652722487e-01 8.511449939628721317e-01 8.614942257776719847e-01 8.750768898306979793e-01 8.619802563423406561e-01 8.638636941230847244e-01 8.731048184403986667e-01 8.734745203997158480e-01 8.706883092973353166e-01 8.701826402561950724e-01 8.717517117937396698e-01 8.419277753893510408e-01 8.422357583510314827e-01 8.482067089033935581e-01 8.562292284983642476e-01 8.541073822167223328e-01 8.616528986173734861e-01 8.589982194861418563e-01 8.553027760213887110e-01 8.588089057255715586e-01 8.637655430996714623e-01 8.588128680375205493e-01 8.460715075929486906e-01 8.504177107986010675e-01 8.541523035944936781e-01 8.669853956752004986e-01 8.588218746010752858e-01 8.510432538732630725e-01 8.612561825351681133e-01 8.497513835405759997e-01 8.468508293701388912e-01 8.663932823854347820e-01 8.572030284978719994e-01
6.290137248791377589e-02 1.452294637538928679e-01 1.913815096404293259e-01 3.406901927121485651e-01 3.633902462937387834e-01 3.747814011306166981e-01 5.166446502114786510e-01 5.491774190266720534e-01 6.097605644588023344e-01 5.638014349201941888e-01 6.006790583102202818e-01 6.890249833230887022e-01 1.000000000000000000e+00 6.579029864468052269e-01 7.425897764210397378e-01 7.421071265153422747e-01 6.357036366405349748e-01 4.987053068548992218e-01 5.198358169455290501e-01 4.650329396571512564e-01 4.707126967007398410e-01 4.878228512017759866e-01 5.372850289936065282e-01 5.458129185317693866e-01 5.422341745591733320e-01 6.380384388469715340e-01 6.102644782769053311e-01 6.665196824705731382e-01 5.991986176838520750e-01 6.130416784114617323e-01 6.759710446239013404e-01 7.100295432147346597e-01 6.714077354486518434e-01 6.996125503201814366e-01 6.618656269541600690e-01 7.083755832182619949e-01 7.181505918504964558e-01 7.203385698254437530e-01 7.291950187412906681e-01 7.352251233013127329e-01 7.591449314271876414e-01 7.473377234550494519e-01 7.434898802612904811e-01 7.495509394976934692e-01 7.359891763200958614e-01 7.452358869185291557e-01 7.729448450429943218e-01 7.788594317753811946e-01 7.708543744287745803e-01 7.382715219552411501e-01 7.511576473673104992e-01 7.476032404096805140e-01 7.548632706997634445e-01 7.528256250539863137e-01 7.506606493014406079e-01 7.368237379032903656e-01 7.541506322546193131e-01 7.661168804058735571e-01 7.491797739350013474e-01 7.786881962734972795e-01 7.677275358015380746e-01 7.608400991768731192e-01 7.595091833754430422e-01 7.609054097592335975e-01 7.617063080208275050e-01 7.711196881920033830e-01 7.783330055516508583e-01 7.517466161754944309e-01 7.586073993520003889e-01 7.326340444961981779e-01 7.244656960547869451e-01 7.423418685236512493e-01 7.430430902394257187e-01 7.447894825479475234e-01 7.709173399417789119e-01 7.678719147851462701e-01 7.662897273263432618e-01 7.492086888592131011e-01 7.594796678380349997e-01 7.572886875689052166e-01 7.619605933788964336e-01 7.646552986702557231e-01 7.647361031466298753e-01 7.613446936820438271e-01 7.703493649208458249e-01 7.703706766803437578e-01 7.711754748891027633e-01 7.730131496766884380e-01 7.745097321077192287e-01 7.713674750903536381e-01 7.786488592785500984e-01 7.802508442536905120e-01 7.780743348165676254e-01 7.782305986049417035e-01 7.778729168698345076e-01 7.812465278029896432e-01 7.661521206877847101e-01 7.693045356453580563e-01 7.753798004682028733e-01 7.752368811572534213e-01 7.768880830267338444e-01 7.710702946182236284e-01 7.785107303638336695e-01 7.782761179605743873e-01 7.780373266582434333e-01 7.692560709603289970e-01 7.798298134375748480e-01 7.809266084998612856e-01 7.766537742605055250e-01 7.799801539710206066e-01 7.745492045068814724e-01 7.840103949095029723e-01 7.752654762309122427e-01 7.770490793277046171e-01 7.759561979132783005e-01 7.791466606545836004e-01
