1.000000000000000000e+00 1.514074457220929704e-01 1.889461000340508789e-01 3.148222379559362932e-02 6.069398249919509720e-03 2.872212745706066023e-02 1.134930555229273288e-02 -9.607109620313840359e-02 1.992526080927167209e-01 7.114888441744854353e-02 3.863003776686885909e-02 2.381058785785627671e-02 -6.819482133397139663e-03 2.296669481447436920e-02 -1.021976293397412923e-02 -2.238911579053571091e-02 9.477359445632942136e-02 2.290780124234020609e-01 1.783790600419983552e-01 1.592686299938109451e-01 2.133924479367358962e-01 2.069903685764956924e-01 1.866239035110706657e-01 2.075958442218765188e-01 1.840659582681537509e-01 1.710333641571735730e-01 1.981709132356771486e-01 1.896418840384510029e-01 1.886024376573478267e-01 2.246455102650322389e-01 2.015227852270105313e-01 1.134130494688618956e-01 1.823246372385602665e-01 1.751517573367763203e-01 1.968028760114776399e-01 1.204278885643680075e-01 1.979979930448271530e-01 1.120467647406463846e-01 1.242132908488989967e-01 5.509768826178751411e-02 5.381245176096569743e-02 5.773977866381868607e-02 4.643689270841157984e-02 7.792955238870548362e-02 1.186108854139262536e-01 1.011829367667240326e-01 1.841030309702083867e-02 3.807039035094766238e-02 2.225697679917149063e-02 9.025219993872546365e-02 5.675317204554512773e-02 5.152091277796581881e-02 7.283884275376455164e-02 6.651211494880072961e-02 6.942266508677286119e-02 7.833208434357284700e-02 9.664923483637996582e-02 3.437718391025859632e-02 4.335725503366096717e-02 6.422104772872536116e-02 3.830316002585607005e-02 5.500038716298413094e-02 6.357708728327428338e-02 6.220836127253098757e-02 7.769073176628965571e-02 7.712395675665041639e-02 3.256226734441527298e-02 7.885027815449971444e-02 7.536134487424335504e-02 8.323794426949553127e-02 1.005275781695541132e-01 8.312693727894551743e-02 1.021771125932041113e-01 1.024017507396933341e-01 6.442127515494840140e-02 7.587591554636798075e-02 7.396567735266747212e-02 9.211138518518519058e-02 8.355225097146393165e-02 9.995548441461438172e-02 1.075299953574035267e-01 8.891670494793070534e-02 5.553810300587124632e-02 9.762320115937947462e-02 7.303030713985271538e-02 7.911365315129714748e-02 7.182555093148861036e-02 4.893989616003500270e-02 5.112689348718196108e-02 4.111130628530267062e-02 4.553166591951087611e-02 2.944058860590351157e-02 4.908926908015007889e-02 3.962864252327540776e-02 1.187929025890752457e-02 2.176521663169268123e-02 1.740627842113661936e-02 5.290747027538275638e-02 1.637052123866136397e-02 2.866203073197911774e-02 1.388116569477140620e-02 2.876476968085703301e-02 1.987995908845988091e-02 2.394036183450262700e-02 4.279483685283776845e-02 4.342013236137846899e-02 2.607346960993535412e-02 2.950588187044299662e-02 3.784456728338302101e-02 3.048267793489998351e-02 1.682318186690200806e-02 3.566113260126436285e-02 1.817645457923270161e-02 2.147798903353774838e-02 4.026949778017432924e-02 4.235577123275715422e-02
1.514074457220929704e-01 1.000000000000000000e+00 8.061890168564536663e-02 3.691415574144508299e-02 7.386317508681237987e-02 7.390611610966874023e-02 1.489738410514216960e-01 7.376382393472211141e-02 2.040774198485135749e-01 2.642493185787985199e-01 1.041392745277861520e-01 7.825700761880287348e-02 1.284714214004257504e-01 1.003392250304747518e-01 1.244616840250576811e-01 1.554691421115295125e-01 1.365621782915051041e-01 1.755946624474568063e-01 1.350314609475668781e-01 9.722014503125996077e-02 1.331180205229466618e-01 1.257405583186532172e-01 1.919944333258396807e-01 1.617185018422183651e-01 1.560684595093777272e-01 2.243617000800711136e-01 2.083309775952728315e-01 2.159359987538357617e-01 2.268499113209909712e-01 2.000013127984335837e-01 2.128115331580255065e-01 1.957535488508918842e-01 1.812442163327256661e-01 1.739386221553282930e-01 1.733389919223123632e-01 1.722945720358395605e-01 2.035166819437511099e-01 2.036196013944746031e-01 1.930166062180160569e-01 1.886195872370050874e-01 1.803212842858120946e-01 1.802960265528562311e-01 1.563396740439794153e-01 1.569688143753909249e-01 1.773197159706996762e-01 1.810207926132784140e-01 1.496796819778769827e-01 1.670613385826358599e-01 1.537430508920954453e-01 1.555897979138542164e-01 1.701202491950141171e-01 1.288281634890509342e-01 1.349071821277620653e-01 1.935497241947561065e-01 1.988509221790040193e-01 1.931388384075093112e-01 1.735188360472282587e-01 1.705377658875790459e-01 1.714419671306650628e-01 1.558558283190550342e-01 1.514965194519702074e-01 1.661346983205718997e-01 1.645329907600635855e-01 1.653586462365191634e-01 1.591100471098890190e-01 1.587394544050357015e-01 1.562821166022709540e-01 1.678551851428512209e-01 1.784214154338543690e-01 1.462343928525440540e-01 1.475833451824922482e-01 1.538695240734319070e-01 1.773834899627784734e-01 1.601198219768879549e-01 1.832135711287227742e-01 1.800458515099559731e-01 1.759493353632642920e-01 1.904909935849820879e-01 1.808740366915134457e-01 1.677905276128308087e-01 1.801290857382134014e-01 1.816283715847344382e-01 1.789735367045457715e-01 1.699698914508818715e-01 1.629693229685237610e-01 1.658597819336199708e-01 1.678052964751668152e-01 1.718075610520330976e-01 1.583706793031389171e-01 1.759321395015758516e-01 1.734454591707533244e-01 1.643290504466013990e-01 1.524854548675171340e-01 1.578158191909888874e-01 1.481072068701994593e-01 1.599660468150546910e-01 1.367780987090937705e-01 1.478733349064920433e-01 1.384265182291924412e-01 1.533587004520593211e-01 1.443275968682493915e-01 1.541725049065598985e-01 1.311288163352489766e-01 1.390838228668650756e-01 1.491035005781561895e-01 1.648730173558486389e-01 1.533309179463362704e-01 1.751211997493833383e-01 1.782599783864258769e-01 1.631161341371953344e-01 1.643805011570571017e-01 1.532584115133681368e-01 1.559142542103623408e-01 1.483465643071590345e-01 1.508063033989928692e-01 1.476851889094619452e-01
1.889461000340508789e-01 8.061890168564536663e-02 1.000000000000000000e+00 3.841460603875060942e-01 1.173278536904186625e-01 2.142728454368195146e-01 2.720525798190536193e-01 2.541352424004226715e-02 3.118468299166380353e-01 2.056274729004550494e-01 3.988945941720588584e-01 3.558948664189264810e-01 2.323734337879515555e-01 1.978003965128983521e-01 2.455589866345012640e-01 2.089431762767639533e-01 3.193020367128786563e-01 4.656821671332260215e-01 4.397066099637271797e-01 3.861483856051150521e-01 4.815633193481268504e-01 5.090930447889266963e-01 4.587359839192300948e-01 4.559010680592664455e-01 4.866391680144075971e-01 4.062235240522455437e-01 4.379536713223511901e-01 4.293790627400273507e-01 4.018148340505060534e-01 4.658522192512586924e-01 4.887338628087697923e-01 3.622093607511197022e-01 4.085892386018032951e-01 4.163984490307602870e-01 4.114984376014519940e-01 4.537170686146869691e-01 4.715780370664893750e-01 3.281579681164826789e-01 3.974977860004818564e-01 3.541341225111198088e-01 2.960545700901843214e-01 3.226339024433174663e-01 3.509057905534316291e-01 3.477699265587297361e-01 4.305755118480240617e-01 3.476929509951055541e-01 2.536644219702374747e-01 2.639125567763774827e-01 2.673244219889850393e-01 3.538490976435710866e-01 3.055508834358846570e-01 3.705757789991961926e-01 3.437404122582758403e-01 2.789753312175813904e-01 3.002842429766602317e-01 3.432872567999916691e-01 3.554822015116415046e-01 2.803333009342742210e-01 2.829476844958517812e-01 2.982771921271965554e-01 3.027262832698531803e-01 2.914158788820723212e-01 3.324930594282268226e-01 3.041235782633562312e-01 3.392453876570686311e-01 3.421502622327794452e-01 2.753557491173112548e-01 3.427246420172005981e-01 3.422383430573782137e-01 3.723501257604081016e-01 4.024766923027570109e-01 3.756079045920197035e-01 3.685947115482201553e-01 4.125440642782472467e-01 3.186758465146916630e-01 3.352859519445260950e-01 3.283911609969363266e-01 3.375642413204023584e-01 3.444027196553069992e-01 3.625064082822502809e-01 3.725788305382216614e-01 3.654635511269307968e-01 3.317029542159771749e-01 3.366209021376936894e-01 3.128107725760860824e-01 3.371049310180593839e-01 3.649145481816827852e-01 2.852795735516496234e-01 3.121459491791799268e-01 3.247563197472735363e-01 3.110667717323583603e-01 2.862205725844490511e-01 3.205127088798017665e-01 3.033097472353299962e-01 2.559412431326211212e-01 2.592352436649578706e-01 2.928175296933527849e-01 3.147674338824042461e-01 2.717749110333227969e-01 2.701918139290168663e-01 2.885518545979537941e-01 2.849090270198492147e-01 2.736081379840730188e-01 2.815744393955731395e-01 3.303275786601018171e-01 2.990640040934600674e-01 2.719553909378243928e-01 2.668291622791217343e-01 2.803444963277254565e-01 2.739843671583521711e-01 2.593896116893005810e-01 2.748686731522829163e-01 2.638569465073510312e-01 2.791470854334971441e-01 2.988896501731574395e-01 2.962009535333980370e-01
3.148222379559362932e-02 3.691415574144508299e-02 3.841460603875060942e-01 1.000000000000000000e+00 2.361907320603233440e-01 3.364921577892644455e-01 5.269104294262340060e-01 2.536468016003191606e-01 3.350670485643874597e-01 2.913354599188763827e-01 5.033562329388083789e-01 5.626455512003419868e-01 4.011903053919808060e-01 3.360084548155651829e-01 4.482822651265649938e-01 4.055117635960959199e-01 3.783857563559967496e-01 2.818279564010608973e-01 3.211774041255465728e-01 3.259120567923852185e-01 3.272712472296461783e-01 4.329169117434662484e-01 3.156651065312134352e-01 3.369271548078923706e-01 3.985864618068704623e-01 3.789180077907246535e-01 4.175284631717518513e-01 4.164586556463132361e-01 3.549395262263104756e-01 4.222858091071391429e-01 4.790624148907103308e-01 3.615731894514015443e-01 3.559436223111098196e-01 4.129783119100302602e-01 3.626027579684596436e-01 4.992364285589618866e-01 4.601294950708893494e-01 4.003500357957721079e-01 4.531064285313896045e-01 4.426091507538325032e-01 3.920737504939070805e-01 4.374668503361124339e-01 4.665627100638810587e-01 4.699410625142664832e-01 5.021807401710465246e-01 4.232249010184386262e-01 3.794842715355765117e-01 3.557224019292224981e-01 3.760926727517261425e-01 4.382436188938184651e-01 4.054498193418287211e-01 5.108348068950295806e-01 4.669462442915665035e-01 3.544491473653143543e-01 3.482377692160493754e-01 3.714347286506503032e-01 4.066122186573119524e-01 3.864403707294417623e-01 3.654497079619652422e-01 4.158128577542013482e-01 4.059379237576359878e-01 3.742350521490366289e-01 4.308914910549320187e-01 4.039526066740027344e-01 4.210960906130316594e-01 4.227127825384715543e-01 3.780386162862267585e-01 3.652991512778975824e-01 3.838888612571115799e-01 4.249145491033131661e-01 4.148486161738030864e-01 4.251765524051825951e-01 3.867843220049963504e-01 4.316514876232060982e-01 3.955890464987407151e-01 4.137861768213769165e-01 4.055792302953951101e-01 3.875387568596035393e-01 4.163193098576336015e-01 4.177368893956676099e-01 4.212427936011851615e-01 4.410945385689132303e-01 3.976425105952396399e-01 3.833158078625341081e-01 3.945421789664540491e-01 4.100754040437381009e-01 4.484641577022706604e-01 3.856534536279293546e-01 4.065524758772131042e-01 3.962338554624135756e-01 4.086783912286946485e-01 4.075964567999272314e-01 4.324641674849049044e-01 4.188881625002798814e-01 3.773134741139608228e-01 3.725505738891308205e-01 4.197813013253097747e-01 4.271978112271938577e-01 3.893035244550601681e-01 3.851035298263562612e-01 4.074314054507834904e-01 3.918183382542628213e-01 4.248005060332814553e-01 4.125058924512859382e-01 4.475218197313398094e-01 3.937967829165511802e-01 3.870247331893513776e-01 3.682175032154472727e-01 3.691860399653782432e-01 3.900297778539842941e-01 3.641116081420003869e-01 3.886886542218379592e-01 3.701167458449011183e-01 4.020367725188140340e-01 4.010722808391644079e-01 4.069397509701291882e-01
6.069398249919509720e-03 7.386317508681237987e-02 1.173278536904186625e-01 2.361907320603233440e-01 1.000000000000000000e+00 2.047722684936847393e-01 3.698542308253580657e-01 4.134211177277480886e-01 3.076942926821697455e-01 3.198372901630405218e-01 3.415833425861781181e-01 3.894133205945770615e-01 4.405638638376097038e-01 3.176018369228509886e-01 4.347581394383751574e-01 4.194287527269346394e-01 3.109294251337795245e-01 1.227887992783644189e-01 1.525933749040564447e-01 2.238410960887014245e-01 1.461882555599997024e-01 1.761195539704004664e-01 1.995668599794997167e-01 1.634817722140392837e-01 1.765364007793465417e-01 2.968837813847888807e-01 2.735723106859089815e-01 2.881543146787647336e-01 2.514243865850264159e-01 2.899832608566361714e-01 2.801327962121573090e-01 3.262084219844443300e-01 2.818827354584078626e-01 2.872481196762609601e-01 2.979651126514192283e-01 3.146385579566956525e-01 3.134928764705354753e-01 3.405008399466172286e-01 3.394440823166137156e-01 3.320854782773344782e-01 3.751646671263061950e-01 3.615480430531474165e-01 3.561183074412720417e-01 3.859309990990220651e-01 3.546253198081694147e-01 3.681663169015251258e-01 3.979691517376105492e-01 3.875109711556325998e-01 3.886847576710595886e-01 3.446801607574900839e-01 3.664213313696733643e-01 3.576654671381499506e-01 3.827614158001223510e-01 3.724647996730153232e-01 3.766129581272656957e-01 3.666056672508249403e-01 3.588592902592632750e-01 3.848630531517848175e-01 3.800494109734358084e-01 3.981780176919534342e-01 3.911474104054272760e-01 3.899852775264993632e-01 3.779767309546163134e-01 3.901146413632110010e-01 3.592341692532775577e-01 3.919629224530601364e-01 3.881579032319700806e-01 3.310833357274065580e-01 3.680939223177698283e-01 3.606162172322512349e-01 3.168574688814159157e-01 3.501621520108554320e-01 3.266185426103970224e-01 3.297873928885273198e-01 3.805303308159490583e-01 3.701741647594944395e-01 3.629502519484693601e-01 3.541811778119839937e-01 3.679800708037178625e-01 3.591361552465053841e-01 3.683258221965053925e-01 3.634448253386060590e-01 3.636343176846436043e-01 3.656886335397485643e-01 3.687281598448166609e-01 3.669732764978723694e-01 3.776121747371271042e-01 3.775784618672657356e-01 3.761045375269879698e-01 3.800821799282230740e-01 3.774787412972359646e-01 3.890656411399749937e-01 3.862341010053375046e-01 3.868142569156953203e-01 3.984888409587196700e-01 3.956480835121776174e-01 3.876918522955271618e-01 3.830541163182408226e-01 3.945500978830171479e-01 3.823038603939289404e-01 3.856351406238687218e-01 3.819497364176785426e-01 4.014010642641381299e-01 4.034532335792292979e-01 3.856526228659080124e-01 3.820187971793222448e-01 3.932861254597774248e-01 3.922515356104227524e-01 3.891381550121066901e-01 3.944675538490871602e-01 3.874597150372616206e-01 3.993000739387659870e-01 3.964044947995298274e-01 3.888287727910417213e-01 3.785762376310194410e-01 3.973879828255282298e-01
2.872212745706066023e-02 7.390611610966874023e-02 2.142728454368195146e-01 3.364921577892644455e-01 2.047722684936847393e-01 1.000000000000000000e+00 4.094516266173265917e-01 3.016317469555125919e-01 3.990995218371083397e-01 3.947413181946274885e-01 4.325905950125940591e-01 4.877532712908644319e-01 4.274367490346369092e-01 4.159032347207507474e-01 4.756120176292604196e-01 4.571333415537189859e-01 4.392439300174383332e-01 3.050120076943658720e-01 3.684417402758663473e-01 3.263411717684495672e-01 3.406802287598663659e-01 4.121392616565323075e-01 3.571291909198849313e-01 3.636034645407090204e-01 3.985496802452491161e-01 4.490225674220053587e-01 4.516124767445461319e-01 4.603769853359980235e-01 4.113056649937099074e-01 4.215486810992704614e-01 4.442072944039388016e-01 4.615553871814201958e-01 4.338917131143896211e-01 4.532239771384302118e-01 4.287883492175194045e-01 4.848039919776173101e-01 4.636602323311703744e-01 4.830001242034762110e-01 4.974914652760099587e-01 4.896558577762356035e-01 4.883971176138166559e-01 4.988025286316958296e-01 5.114636226315366629e-01 5.104734112768164467e-01 5.109159976920550905e-01 4.869948422776217978e-01 4.858778825284794656e-01 4.799248630365088863e-01 4.893960127214328493e-01 4.967341820693123022e-01 5.012752085856492235e-01 5.117009395373511849e-01 4.955044929886051053e-01 4.698547174083445022e-01 4.663917732185274279e-01 4.790412890065237073e-01 4.785501383361467909e-01 4.924491809069800330e-01 4.778551554894217013e-01 4.961835272673382202e-01 5.038952476431233229e-01 4.783404843567562459e-01 5.020545519284489444e-01 4.932115146189466337e-01 4.969351423571178872e-01 4.862730479489948965e-01 4.888869580892980515e-01 4.782081164083357150e-01 4.850217397422452725e-01 4.906139409368733828e-01 4.949499914379167920e-01 5.049274829031460410e-01 4.777814544348136794e-01 4.932010713861965656e-01 4.959294191571601562e-01 4.979265142829562563e-01 4.983159985967232086e-01 4.872898569943672764e-01 4.984072846232624476e-01 4.887792068511287447e-01 4.958596755030205139e-01 4.965138567332831321e-01 4.955180903841888140e-01 4.867560689096356308e-01 4.976208899041167366e-01 5.022966976320297761e-01 5.086034940980048713e-01 4.923435995014498467e-01 4.961234171842719975e-01 4.955687878320649831e-01 4.999092100622996027e-01 4.999084146672280737e-01 5.057345267449346871e-01 5.046350394501707415e-01 4.902294796408401267e-01 4.879019149556426127e-01 5.022180385494078303e-01 5.060475512013746791e-01 4.950778363782444291e-01 4.960954674550830390e-01 5.008997413896800754e-01 4.946833869627320635e-01 5.014017968845551065e-01 5.018570272724136583e-01 5.122999743829282915e-01 4.871140958817001820e-01 4.911152020476016733e-01 4.848182807699329966e-01 4.869525882784222492e-01 4.949915817099379556e-01 4.831200244458392912e-01 4.905895154001022607e-01 4.847749863521176317e-01 5.001356255269896467e-01 4.953598216381372987e-01 4.922471522591311821e-01
1.134930555229273288e-02 1.489738410514216960e-01 2.720525798190536193e-01 5.269104294262340060e-01 3.698542308253580657e-01 4.094516266173265917e-01 1.000000000000000000e+00 5.433068665679604559e-01 5.330318418464775609e-01 5.501510499110922048e-01 6.057070710186925888e-01 6.893754058211161162e-01 6.187769983600239776e-01 5.262432723359584674e-01 7.453844728558188804e-01 6.701931989609566376e-01 5.735152620420416181e-01 3.449148396229210767e-01 4.041823262563572494e-01 3.867586672857006302e-01 3.470235915418457551e-01 4.579747388999219071e-01 4.357856122256354436e-01 4.112547780531993769e-01 4.583058598246088078e-01 5.768645365719701212e-01 5.764352520611282227e-01 5.935034260692212404e-01 5.243524347270293040e-01 5.586295057384270679e-01 5.977179427819226953e-01 5.943740716437274640e-01 5.624655808747444086e-01 5.654400119682904124e-01 5.491470440833552402e-01 6.340713025186037743e-01 6.093936584136815382e-01 6.432776224875083049e-01 6.557305893288332133e-01 6.421694286903805171e-01 6.411118351999562925e-01 6.618695224264363741e-01 6.720593209174878790e-01 6.769718621475524500e-01 6.630992996617248725e-01 6.525448375132414380e-01 6.422409917069732410e-01 6.282405865183371407e-01 6.442702607459502850e-01 6.416838191233804611e-01 6.563066104749918361e-01 6.731995293948315195e-01 6.659065996569409895e-01 6.215518021238664037e-01 6.252403354494627807e-01 6.228456790889279615e-01 6.440779435041892320e-01 6.484896820979845211e-01 6.426598161109772223e-01 6.572727199747514515e-01 6.615827689980955384e-01 6.420726293980404398e-01 6.709828881527899469e-01 6.673810423927943880e-01 6.415377149413616920e-01 6.511990664196509737e-01 6.380902422458497592e-01 5.953325950268448796e-01 6.270783809469718806e-01 6.178002689470639686e-01 5.970374543738742323e-01 6.292812422245300796e-01 5.952257935839428971e-01 6.212871818395919732e-01 6.503277759494437982e-01 6.498687905419046063e-01 6.517946856978074077e-01 6.331243759417896078e-01 6.503774769102662612e-01 6.372924449378288836e-01 6.469127704265071888e-01 6.570468085446565798e-01 6.415829556741634576e-01 6.352898335227270543e-01 6.296061003161242953e-01 6.376499782840826525e-01 6.621845280765613628e-01 6.466761896543999910e-01 6.483737822761502789e-01 6.457261291763611855e-01 6.535988888492115789e-01 6.602267311554200768e-01 6.577615341728029197e-01 6.619181471148357643e-01 6.433234302651849035e-01 6.410410214337880497e-01 6.579078925440098313e-01 6.553813796183614038e-01 6.510523881279594027e-01 6.447911590272759064e-01 6.547534054725843156e-01 6.468962708382001159e-01 6.586961860689645176e-01 6.619088222944534694e-01 6.688815832010813756e-01 6.377822925763231288e-01 6.478947055951803646e-01 6.396079412089686889e-01 6.395639156132730818e-01 6.523793001226905197e-01 6.419096050704230505e-01 6.453029155157770091e-01 6.370440012902410798e-01 6.606692677059872176e-01 6.421854282032271044e-01 6.477726243713862742e-01
-9.607109620313840359e-02 7.376382393472211141e-02 2.541352424004226715e-02 2.536468016003191606e-01 4.134211177277480886e-01 3.016317469555125919e-01 5.433068665679604559e-01 1.000000000000000000e+00 4.148190581153560763e-01 4.697987458135920447e-01 4.364977706565389415e-01 5.341499480859138727e-01 5.670614628367818266e-01 5.066724070011011660e-01 6.496167089280667772e-01 7.025713048704542718e-01 4.486113710646550956e-01 1.252301098378304778e-01 2.135439387031855263e-01 2.201247137601688719e-01 1.592598044049748363e-01 2.020117004380268533e-01 1.949529634939891065e-01 1.925208886031138933e-01 1.839919407203538249e-01 3.986771339348298970e-01 3.391648537072498582e-01 3.618227466691778527e-01 3.077447542844174433e-01 2.730055908899422512e-01 3.026107708286415732e-01 4.383153593419643612e-01 3.447242891756319150e-01 3.455153615012133694e-01 3.338382640157332437e-01 3.680627279189789269e-01 3.309987489432574814e-01 4.982008594818212455e-01 4.451366801551135399e-01 4.781320691334468576e-01 5.460621626304394960e-01 5.395830542445466671e-01 5.238382834498149787e-01 5.441358014842344604e-01 4.548225633957376779e-01 5.149623886047239862e-01 5.921347303650910110e-01 5.735452264093880981e-01 5.840074371027550448e-01 4.775418112602994314e-01 5.490090125639031093e-01 5.149629054962786556e-01 5.398067043047272140e-01 5.504523625903015027e-01 5.491735671911667227e-01 5.140042402974265290e-01 5.145456711004317008e-01 5.878258836275688237e-01 5.795493797982874673e-01 5.803976970136058844e-01 5.855162618024158938e-01 5.772164271053209506e-01 5.508771784067598709e-01 5.697011742546085333e-01 5.207203666487011384e-01 5.476329570515293677e-01 5.797072582284119591e-01 4.998979742158435324e-01 5.058069617920378791e-01 5.015712268255354545e-01 4.652270999047530275e-01 4.931724417386174064e-01 4.730209793718244682e-01 4.538866668629989443e-01 5.504143248601123251e-01 5.341337396259113746e-01 5.334130281440077059e-01 5.048044724342035661e-01 5.261741495526943702e-01 4.944927099257524494e-01 4.868177912959228970e-01 5.008819269211719494e-01 5.294078139564535324e-01 5.048686577174782419e-01 5.232175964150169722e-01 5.160920916322202512e-01 5.069840636235373177e-01 5.664479524420535927e-01 5.497425489271697829e-01 5.493498883575008707e-01 5.439051014252952454e-01 5.832354179709594577e-01 5.536511957882934709e-01 5.708075415180725587e-01 5.973587111554111706e-01 5.912155125156671742e-01 5.750939834259757300e-01 5.521608360802396920e-01 5.995148278658213314e-01 5.803508412954775375e-01 5.812320600441828189e-01 5.781473477689699214e-01 5.949589284045527782e-01 6.000991142772542641e-01 5.580180679555905021e-01 5.598540640216255193e-01 5.856463283140342924e-01 5.845126738178160197e-01 5.744699225230048834e-01 5.946382502291739369e-01 5.973404786816486345e-01 5.889969634203124915e-01 5.930693183327169216e-01 5.885910317745042253e-01 5.615985214821525018e-01 5.759839233901805633e-01
1.992526080927167209e-01 2.040774198485135749e-01 3.118468299166380353e-01 3.350670485643874597e-01 3.076942926821697455e-01 3.990995218371083397e-01 5.330318418464775609e-01 4.148190581153560763e-01 1.000000000000000000e+00 6.924011996424669357e-01 7.088213748558754856e-01 7.051165640194501094e-01 6.594214279294827730e-01 6.674343774943144458e-01 7.181985922380034193e-01 6.996123177682388450e-01 7.666581174562312473e-01 5.718913064234790733e-01 6.209195752707192817e-01 5.316314860036829293e-01 5.630442404261103428e-01 6.168220155686426898e-01 6.251169150065156721e-01 6.249837115823140277e-01 6.113029538118768258e-01 7.688354859572609223e-01 7.520206792666986884e-01 7.750719777157228929e-01 6.812414713512304765e-01 7.510146677757402189e-01 7.536923056093657314e-01 7.945014405887889097e-01 7.540739918427714628e-01 7.688412929935846130e-01 7.621583594185207255e-01 7.528382920469386397e-01 7.802951019747260686e-01 8.190992234282984397e-01 8.115860533089420681e-01 7.748783343384184619e-01 8.218735548152933390e-01 8.075236242641935513e-01 7.848067741248702101e-01 8.193122008522109034e-01 8.089621063408879431e-01 8.243474762142993795e-01 8.177784548778829210e-01 8.309606887820909504e-01 8.191859611972271971e-01 8.033348537804986256e-01 8.210212842450191895e-01 7.691829854281745371e-01 7.949779809826826860e-01 8.289591979125147114e-01 8.159388386458524822e-01 8.257012377981315376e-01 8.248280025675711613e-01 8.190826097686469964e-01 8.151233547063035934e-01 8.355567503633107851e-01 8.284101542100867910e-01 8.228535181315767000e-01 8.292001143560064902e-01 8.303563508945284166e-01 8.228744763187565425e-01 8.304148656363053993e-01 8.250889248257187170e-01 8.194914099198298274e-01 8.224370520309337573e-01 8.017673029632494952e-01 7.970952270318524269e-01 8.149221006783299304e-01 8.139755166190536517e-01 7.969120405444062305e-01 8.347674677789503894e-01 8.358551894854893138e-01 8.272217009713517255e-01 8.077010189962758879e-01 8.325835933692562474e-01 8.326460332251947039e-01 8.361089337599990623e-01 8.338872225558112694e-01 8.260106654173524632e-01 8.299832477070225867e-01 8.354285674520299798e-01 8.332253996178543565e-01 8.276352922318559457e-01 8.332220563492045429e-01 8.304187530376938575e-01 8.222942769040575417e-01 8.249475264522730944e-01 8.254498845888103009e-01 8.275897462857360054e-01 8.272165200719030498e-01 8.184044828591446885e-01 8.241167585067894485e-01 8.103990331535446678e-01 8.264540797572441644e-01 8.167252144332627362e-01 8.239048590869576527e-01 8.112268897418433156e-01 8.264687030299943116e-01 8.133356291153083228e-01 8.204706311672819163e-01 8.254088267880101970e-01 8.266492435001099315e-01 8.261757726629606058e-01 8.265374937166425351e-01 8.280161658699897176e-01 8.279382569426289029e-01 8.171475351952790511e-01 8.301226266328912695e-01 8.192569104470098784e-01 8.211908965329214327e-01 8.250806939877621815e-01 8.278082390548719971e-01
7.114888441744854353e-02 2.642493185787985199e-01 2.056274729004550494e-01 2.913354599188763827e-01 3.198372901630405218e-01 3.947413181946274885e-01 5.501510499110922048e-01 4.697987458135920447e-01 6.924011996424669357e-01 1.000000000000000000e+00 5.971678299037043169e-01 6.480882827339615737e-01 6.331956864823282682e-01 6.282256738769276261e-01 7.102735790523261317e-01 6.996826467909846858e-01 6.816690869788784024e-01 4.490196289227424975e-01 5.007147474344650906e-01 4.257493225273882298e-01 4.312002996859596315e-01 4.852825556489633319e-01 5.374151965051637836e-01 5.062977298878255095e-01 5.045830754206459545e-01 6.848752105128110834e-01 6.643266509427192545e-01 6.862345578867761198e-01 6.061365099639326459e-01 6.238753713198892381e-01 6.507670390218242007e-01 7.190232317533938877e-01 6.578329016808668328e-01 6.493125331726630201e-01 6.492947164732713050e-01 6.723726476428238952e-01 6.765771022434332593e-01 7.524110604570268812e-01 7.375959021981480790e-01 7.294501877877589413e-01 7.744769299191994749e-01 7.586972398760548630e-01 7.397194412136969266e-01 7.488585279791438731e-01 7.273609179676634451e-01 7.586880745356382461e-01 7.751432594030426282e-01 7.858215157404641049e-01 7.725107605501617680e-01 7.021968186129200484e-01 7.590491601433244639e-01 6.873688547543781446e-01 7.172918741332769965e-01 7.801256409515677781e-01 7.662505533796857282e-01 7.663847262312566411e-01 7.470813801477913518e-01 7.799240244451528525e-01 7.720564622827884582e-01 7.741482120024281155e-01 7.677849923887171135e-01 7.713925831630580321e-01 7.623032843587764784e-01 7.707514367379459941e-01 7.519130119958900016e-01 7.557491303215437828e-01 7.750294670274741060e-01 7.453245894904162450e-01 7.607499562338805310e-01 7.228695628922345850e-01 7.056477931348146271e-01 7.343385979566778854e-01 7.342223728931402960e-01 7.153522448624617391e-01 7.757353960302757478e-01 7.723849607513119109e-01 7.651747944931882595e-01 7.485542468443128206e-01 7.658391191133954168e-01 7.522330216404308212e-01 7.582620538596446247e-01 7.627838004078502099e-01 7.715434891568688780e-01 7.557852504686198847e-01 7.539707717885859584e-01 7.573120374088923024e-01 7.614292072998906091e-01 7.787570344923337995e-01 7.712022215781983991e-01 7.728127197575193064e-01 7.734906081225676466e-01 7.795893167083823849e-01 7.676550666020410807e-01 7.734776523398231296e-01 7.760236400900311082e-01 7.812892762745625719e-01 7.480892343543469325e-01 7.513226458809095787e-01 7.640513106405646404e-01 7.689157590141716403e-01 7.665924331428441985e-01 7.714848589429890158e-01 7.530792841159329454e-01 7.662162709977330399e-01 7.583860772200090583e-01 7.692693234111718237e-01 7.760767814208696658e-01 7.867222768171256986e-01 7.838957529992943707e-01 7.779068309763572664e-01 7.799115508243241734e-01 7.789890641059830090e-01 7.769261281279598030e-01 7.704823998724046330e-01 7.642826780660691988e-01 7.671447585319736140e-01
3.863003776686885909e-02 1.041392745277861520e-01 3.988945941720588584e-01 5.033562329388083789e-01 3.415833425861781181e-01 4.325905950125940591e-01 6.057070710186925888e-01 4.364977706565389415e-01 7.088213748558754856e-01 5.971678299037043169e-01 1.000000000000000000e+00 7.933423349271299108e-01 6.707198158898365348e-01 6.529627647457473261e-01 7.442358420084497217e-01 7.041745571447304286e-01 7.350549895934705980e-01 5.538552729324512924e-01 6.374219388546819021e-01 5.255338199490017237e-01 5.785176679164654168e-01 6.719164936369242946e-01 6.313853419945698597e-01 6.243487080335973216e-01 6.613288758328320638e-01 7.486582072713854341e-01 7.548555304817587963e-01 7.611557856145961809e-01 6.759928357691424861e-01 7.387857024400737993e-01 7.702935020041257186e-01 7.615356356418337969e-01 7.228791302697415988e-01 7.387192181591177853e-01 7.328586737151820962e-01 7.849277295786684094e-01 7.807723118585653266e-01 7.713748607931720791e-01 8.037208704919662772e-01 7.940953168619945268e-01 8.018587700898095472e-01 8.074873638280892774e-01 8.089324579132889381e-01 8.229158254753711210e-01 8.362236292525855319e-01 8.104357601811482681e-01 7.963847252739980620e-01 7.923151592275650135e-01 7.917437724388268760e-01 7.808849442329229840e-01 7.982066805531891074e-01 8.084314444428791768e-01 8.063360874974639936e-01 7.810154610385264817e-01 7.782675557934172206e-01 8.025035579246587725e-01 7.945132879512497581e-01 7.951104945311174843e-01 7.827290798175737807e-01 8.113912691601116167e-01 8.116332769394417612e-01 7.900007281349885613e-01 8.122468588165987491e-01 7.994615338829056395e-01 8.158671953178552316e-01 8.136309951136336815e-01 8.019220890614654484e-01 7.994119894620655975e-01 8.062542725728190085e-01 7.971886666245011632e-01 8.078711227447701315e-01 8.255762601458138672e-01 7.919646290058562910e-01 8.149590140930927928e-01 8.185078486409198550e-01 8.232091985502578702e-01 8.160968956050375089e-01 7.972226034660336857e-01 8.209065074645125470e-01 8.155090278714141050e-01 8.226442862074860862e-01 8.314023141574756748e-01 8.162156699545731753e-01 8.055641161868984934e-01 8.026852936377790737e-01 8.119548451454995375e-01 8.329755155294148450e-01 8.026006273520727152e-01 8.166825122466463416e-01 8.147419159633613184e-01 8.192655620572263375e-01 8.130168558607747675e-01 8.276971848131610132e-01 8.223081676142129925e-01 8.009364125031716020e-01 7.993777073839294367e-01 8.075128491517928886e-01 8.106934639805349896e-01 8.019999049627788423e-01 8.005458123470624576e-01 8.127618501312278143e-01 8.056241005046637094e-01 8.077791613379202706e-01 8.127750372490850639e-01 8.309218955558780317e-01 8.028946806056995733e-01 8.041872290715392779e-01 7.982070285776987628e-01 8.005799237919799527e-01 8.050812891181132747e-01 7.908090552059838796e-01 8.065501896295510509e-01 7.947522483096791657e-01 8.060208482419635168e-01 8.118368414745771311e-01 8.107882299961559625e-01
2.381058785785627671e-02 7.825700761880287348e-02 3.558948664189264810e-01 5.626455512003419868e-01 3.894133205945770615e-01 4.877532712908644319e-01 6.893754058211161162e-01 5.341499480859138727e-01 7.051165640194501094e-01 6.480882827339615737e-01 7.933423349271299108e-01 1.000000000000000000e+00 7.210911477285445459e-01 6.996188598484028853e-01 8.341394597163304114e-01 7.749596077295278773e-01 7.568037660854676218e-01 4.934672795074065976e-01 5.826821252170899523e-01 5.296766863901157807e-01 5.288757827066413730e-01 6.403718064836008139e-01 5.914608059583011945e-01 5.903094736781169249e-01 6.141683751135611491e-01 7.388979801902594291e-01 7.417242310097190705e-01 7.579320021716221545e-01 6.565728602112352874e-01 7.187640170581023336e-01 7.575407088318351079e-01 7.735832352182097083e-01 7.235868603238845287e-01 7.550702773905968446e-01 7.272166702626029489e-01 8.053444911231711911e-01 7.792206271715755861e-01 8.098688497337692693e-01 8.300431854163822232e-01 8.193201958585855094e-01 8.377132531869181387e-01 8.460360622079231563e-01 8.507753540988551855e-01 8.676400601529633549e-01 8.584944190433891897e-01 8.382186628680685647e-01 8.486111853223724522e-01 8.327121275221530672e-01 8.452212022883109910e-01 8.208672578511110318e-01 8.415048209664983681e-01 8.513099976003335456e-01 8.556753475582234980e-01 8.128342886352165619e-01 8.056568905945771242e-01 8.197880212662339572e-01 8.304545826449832857e-01 8.419633368250957206e-01 8.295288718077717949e-01 8.593142802686793980e-01 8.614920805499312051e-01 8.357306594406169742e-01 8.564493341916088465e-01 8.500360826168255057e-01 8.429834134641532861e-01 8.498792966302610719e-01 8.455682620302160668e-01 8.131761837763470391e-01 8.291787814225343167e-01 8.278023036224360087e-01 8.198626375480851936e-01 8.449738344712028892e-01 8.099629999561150928e-01 8.254791338666411793e-01 8.483138939043545212e-01 8.528697272609686575e-01 8.468056838344422133e-01 8.160454916361220556e-01 8.503834535377362558e-01 8.455277755605103973e-01 8.481559036654566786e-01 8.564163503264902166e-01 8.430960101609847879e-01 8.330712357341146790e-01 8.441024634207289212e-01 8.480971308474937187e-01 8.650412948665116009e-01 8.473628721905894778e-01 8.577932888897467079e-01 8.446928433144479387e-01 8.556388222391388965e-01 8.610440862604963330e-01 8.697152705713674381e-01 8.652502659794278905e-01 8.507943219996927375e-01 8.465356064904105970e-01 8.619154301731594137e-01 8.586423238368541266e-01 8.548703889761448682e-01 8.493587373022716269e-01 8.615914951723873116e-01 8.538053258759319419e-01 8.658573400478015714e-01 8.671972095668942782e-01 8.742033806392268680e-01 8.440679768802872296e-01 8.540486992791115339e-01 8.397803337989453443e-01 8.383963636029317934e-01 8.541144580902588768e-01 8.394322777440443861e-01 8.547991221374665605e-01 8.428777515942353915e-01 8.590465807598419712e-01 8.504595162794774676e-01 8.582732969214592611e-01
-6.819482133397139663e-03 1.284714214004257504e-01 2.323734337879515555e-01 4.011903053919808060e-01 4.405638638376097038e-01 4.274367490346369092e-01 6.187769983600239776e-01 5.670614628367818266e-01 6.594214279294827730e-01 6.331956864823282682e-01 6.707198158898365348e-01 7.210911477285445459e-01 1.000000000000000000e+00 6.528917604991100188e-01 7.861307361615110789e-01 7.630649321302140908e-01 6.784857297840458656e-01 3.774819328992853329e-01 4.566193933503704949e-01 4.366043179981122790e-01 4.073301044879389932e-01 4.822802941140328370e-01 4.897240358649280756e-01 4.602540056005544056e-01 4.810081267153348827e-01 6.526801052681727722e-01 6.244476936988829774e-01 6.510657304084076502e-01 5.621371837435481522e-01 6.025491856683714564e-01 6.229131766333612097e-01 7.105426786152222451e-01 6.343419705796284891e-01 6.450082300284344372e-01 6.371906810673874100e-01 6.788479665305438004e-01 6.595552048659761857e-01 7.397016180082619519e-01 7.322610931511558396e-01 7.361070610129442082e-01 7.788706994395404593e-01 7.666391002361920837e-01 7.551736389465594224e-01 7.790830607297070109e-01 7.403752196112405315e-01 7.621744570727174706e-01 7.980227229785925580e-01 7.965935712443947825e-01 7.985680296239812126e-01 7.377910213277522056e-01 7.772176398479215820e-01 7.469007713084273581e-01 7.731031300297817044e-01 7.785503895520285988e-01 7.656706187539488173e-01 7.605854202348772963e-01 7.641226225960877638e-01 7.902817966449827702e-01 7.874744027776088284e-01 8.015199025785153530e-01 8.012699305289846530e-01 7.879857883377893168e-01 7.872980351906138097e-01 7.940889409981304325e-01 7.670391008874828387e-01 7.855202334595708935e-01 7.965865154519026214e-01 7.377571207701031364e-01 7.634264079135314462e-01 7.426695693273172028e-01 7.190339097950076974e-01 7.542124803619568718e-01 7.240419385101929395e-01 7.221623299839213805e-01 7.839454381557549034e-01 7.797119297774280922e-01 7.704575347574840194e-01 7.455943833935090304e-01 7.696130192078685095e-01 7.531208570996240637e-01 7.630051455437839580e-01 7.676576415305748080e-01 7.739028983040155962e-01 7.614821032646931220e-01 7.725791402599364588e-01 7.706078129861879678e-01 7.772541264236300096e-01 7.869747706967237244e-01 7.876802789682085804e-01 7.832021289643154027e-01 7.895088797920786217e-01 7.985473620376014603e-01 7.932407789467920134e-01 7.971476255553345824e-01 8.048711163412948233e-01 8.019810610263934381e-01 7.934801986183512845e-01 7.914241986333721002e-01 8.023436298009753997e-01 7.933840790339267146e-01 7.940405080868803145e-01 7.975064586941287281e-01 8.035896610325244938e-01 8.060512956937573303e-01 7.954925009691766746e-01 7.911928465428442747e-01 8.035194173317855570e-01 7.990288879489482188e-01 7.936037105924372836e-01 8.024453510216620344e-01 7.968399440873441542e-01 8.053308648510075773e-01 8.006919924275521794e-01 8.012085227458931591e-01 7.921933349084192555e-01 7.997163236985794788e-01
