1.000000000000000000e+00 1.811326743470204059e-01 8.165099687169566356e-02 1.974215456457731332e-02 2.830577402501664730e-02 -9.883740058059120245e-03 -3.490408975957075971e-02 -3.897499357293718325e-02 1.735428503140645506e-01 6.421148562941407512e-02 1.256141093122623009e-02 1.073849836519620050e-02 2.976283603996960139e-02 1.211133961740039171e-02 -6.719471137929241243e-03 -3.847988458503915059e-03 7.995491071262814109e-02 3.906144619914198035e-02 2.285165624212863802e-02 -3.739486510603660940e-02 -2.241158456532829635e-02 4.293765407156927005e-02 5.421887779405963614e-02 4.387706149870176930e-02 5.750824357129782904e-02 1.963059028429482017e-02 3.862395051718234273e-02 -1.053581011071804926e-04 5.111436499570554126e-02 4.084128254654571799e-02 1.631455403807001046e-03 -2.478281994789843096e-02 -3.020358871093799247e-02 -3.330729638173725304e-02 -6.921528880604589607e-04 -2.366537096251494082e-02 9.935450553899275589e-03 -5.890490728174174739e-02 -2.683774014815200684e-02 -4.568970751722975510e-02 4.096083224714119203e-03 -5.968118386647873995e-03 -2.053770228275349219e-02 -5.572001097991693139e-04 8.285642103027280464e-03 -2.892469871682712065e-02 1.485879153447071735e-03 2.577781624180358611e-02 -8.155941938525687607e-03 -4.663343966328079016e-02 -4.021639944651417969e-02 1.588567744761995928e-02 2.005502671971334458e-02 3.597656946491040175e-02 3.374180148952843177e-03 -1.271113525990783324e-02 2.246146233011109619e-02 8.488095622667340620e-03 -1.958517483167471901e-02 3.651166975618965610e-02 -2.918253011042668509e-04 1.896923837090350520e-02 -1.720520175358021889e-02 1.598591893135552222e-02 5.436866425735185915e-02 3.628694113790055520e-02 1.954397165432186431e-02 8.977342857077132490e-03 5.532191487050831086e-05 -5.721027795184594443e-04 7.584955891373851462e-03 1.953888049984754335e-02 6.676828060539042632e-03 2.710055990041164084e-02 8.789306071541125656e-03 1.526518527945404553e-02 8.084702849777518352e-03 2.292610246165084284e-02 1.395846473024908892e-02 2.122533011201422834e-02 9.979390831609893237e-03 8.537624039815954954e-03 1.145189383069287851e-02 8.369156562572348940e-03 -2.622854300880347184e-02 -2.110059751846114773e-02 -3.729893073401377608e-03 -2.196111597331857138e-02 -1.288211499586367284e-02 -2.146884560625870325e-03 -1.987041314885529264e-02 -3.613169062460824983e-03 8.993133842734458955e-06 -3.919769380157187011e-03 -1.527509212284401457e-03 1.674118067074038124e-02 -2.906218610865154983e-02 1.936925878291765582e-04 -1.229256312560142450e-02 -2.589632394619226924e-02 -2.566896625657470038e-02 -8.407010006990513554e-03 6.158647774777791135e-03 -2.779331333422062865e-03 -5.541597384665460828e-04 2.114875042883733805e-02 6.297203495908869873e-03 1.268818696358056664e-02 7.479768538756531929e-03 8.270841519540106379e-03 -7.834510504072926887e-03 1.951756309548412921e-02 1.129490173506254858e-02 7.484920564903399173e-03 3.095972839908215507e-02 2.748723665861218385e-02
1.811326743470204059e-01 1.000000000000000000e+00 4.825698362661738627e-02 1.625220268848226110e-02 2.754784788494737610e-02 8.827675539108191527e-02 1.053802729053401055e-01 5.908575447447204226e-02 2.047250834941093944e-01 2.298843286590318002e-01 1.278200508000379154e-01 1.090177485385216694e-01 1.122321635503436277e-01 1.132327267400608933e-01 1.194493076126011410e-01 9.850145725297491939e-02 1.402451530393617751e-01 1.066537146725891338e-01 1.194678661324013735e-01 5.082533736202603236e-02 2.185729684357748046e-02 1.406747529334460012e-01 1.668346433253916627e-01 1.518729418000128728e-01 1.838309262552683954e-01 1.377224879780400424e-01 1.614749024379313336e-01 1.499240521427743500e-01 1.995698480427733346e-01 1.833408542498754235e-01 1.397214213040418040e-01 1.256438212879066874e-01 1.071082694771280930e-01 9.601690354460727661e-02 1.262216118527399178e-01 7.716203631888103598e-02 1.456308998282580536e-01 1.061464142592439125e-01 1.123502529974716863e-01 1.011007373434200662e-01 1.409549315321870777e-01 1.209155729504853422e-01 1.115753065411317912e-01 1.188917152088941748e-01 1.296281570736962374e-01 1.335754069090638596e-01 1.318645894478222280e-01 1.541052789249610921e-01 1.210111773690106113e-01 7.688491912018516339e-02 1.026827829260939934e-01 6.527780606918305584e-02 1.044608645503490169e-01 1.582592035895404592e-01 1.281437295116972797e-01 1.306838528607133787e-01 1.080816644697566026e-01 1.083133590977693878e-01 1.008032836730061443e-01 1.455313438062560971e-01 1.196133079113281122e-01 1.255941721491718732e-01 8.876524359281333376e-02 1.172325103483177478e-01 1.401692009476691869e-01 1.259436415311640800e-01 1.440689604224989484e-01 1.389018651260016668e-01 1.424557918839257642e-01 1.167382771835751704e-01 1.286960156767343044e-01 1.467678694897975866e-01 1.402129424748619901e-01 1.588345500848079295e-01 1.415241303541065199e-01 1.460750324130349609e-01 1.513778963587997239e-01 1.696671305482010950e-01 1.686590449656398816e-01 1.635655252222899814e-01 1.534936921287000100e-01 1.430609475061915548e-01 1.339486704621649926e-01 1.517140300358017224e-01 1.069924968124200404e-01 1.176881130095397965e-01 1.322967646297117938e-01 1.163246479970432429e-01 1.270203348537073118e-01 1.305594089739263719e-01 1.322555289330633599e-01 1.343935544500064472e-01 1.342780672593108238e-01 1.381973620150366566e-01 1.278894271625973800e-01 1.465451886729537689e-01 9.132530980094676065e-02 9.892183813852455099e-02 1.022324909430868400e-01 1.074852363350620593e-01 1.134440217006109225e-01 9.973038128204328445e-02 1.220509031041067532e-01 1.176138659490697930e-01 1.049610875955342831e-01 1.176356430504861550e-01 1.300637494887672829e-01 1.411516714521369176e-01 1.318712685724416078e-01 1.243803703481194678e-01 1.104045908811000232e-01 1.360072207940824229e-01 1.250380055206336272e-01 1.157118969927717761e-01 1.385185757741446422e-01 1.335111869196466405e-01
8.165099687169566356e-02 4.825698362661738627e-02 1.000000000000000000e+00 3.091686864845580307e-01 1.475088196848326483e-01 2.209867304593288173e-01 3.140580066555765937e-01 2.938510860984469564e-01 3.163230408618973311e-01 2.993040117648926302e-01 3.465449192794259337e-01 3.448858794797749483e-01 3.038864330227588617e-01 2.967700986611727099e-01 3.399586225025788000e-01 3.372114731040223301e-01 3.237493053180627856e-01 3.652512310565885767e-01 3.631039755018272142e-01 2.671789159060783403e-01 3.240979936160373054e-01 3.568891729338534158e-01 3.691077236843725573e-01 3.628535022218760120e-01 3.716294195200724459e-01 3.658297061120563409e-01 3.697426020744264963e-01 3.680268368522748301e-01 3.442639243436632079e-01 3.717871833967293926e-01 3.689219609358474483e-01 3.512420786708414511e-01 3.452733322953850381e-01 3.478958038388096918e-01 3.577431108115746716e-01 3.507785671727908783e-01 3.697988371986377643e-01 3.274555423752096850e-01 3.619303112184831805e-01 3.663300528014953872e-01 3.644243938190784848e-01 3.678730237304935202e-01 3.505670542966827230e-01 3.690613002049918379e-01 3.715837050504682271e-01 3.529015113770511691e-01 3.486732877936700725e-01 3.540995780042634489e-01 3.420318108734453633e-01 3.217705780302482776e-01 3.354941782106991566e-01 3.478694108262348483e-01 3.411980665543812297e-01 3.484278874871075127e-01 3.473309967993443714e-01 3.589941718482898558e-01 3.351894248672977472e-01 3.553974741826196881e-01 3.372565813594405881e-01 3.524892613002542641e-01 3.489182324039515892e-01 3.485757726980700522e-01 3.363512422816987701e-01 3.470102897650326201e-01 3.511457128727487609e-01 3.498518749198197275e-01 3.538924034750514092e-01 3.621207795451792388e-01 3.621596634019140781e-01 3.569519668275724644e-01 3.634575392188917342e-01 3.667111056224089394e-01 3.658413717908324259e-01 3.710243391474533636e-01 3.630505340854994767e-01 3.658495769901130568e-01 3.687854452368011238e-01 3.544865198064874878e-01 3.706132163890837328e-01 3.623859961628008719e-01 3.698539907914520364e-01 3.633019809730496652e-01 3.634413973517636731e-01 3.606727231055016358e-01 3.490425056640620860e-01 3.516920061634110639e-01 3.685252282154272141e-01 3.553152532272603192e-01 3.599333846661873504e-01 3.599600516715200094e-01 3.667761734706573851e-01 3.593706750322130938e-01 3.733909747903423337e-01 3.646943798533560654e-01 3.501277880594179104e-01 3.507212581232369564e-01 3.411165894408684784e-01 3.318088359461299208e-01 3.378430875043801906e-01 3.463059078538331947e-01 3.505370098802671475e-01 3.368821617956796466e-01 3.505590999540562636e-01 3.564381105761473267e-01 3.519322326319361260e-01 3.389118580192029828e-01 3.442116635659140944e-01 3.520829126495356731e-01 3.496260365514139434e-01 3.511226919050611794e-01 3.422641063366675951e-01 3.506713540643239813e-01 3.433837912021827643e-01 3.469281851907967673e-01 3.527609069150824950e-01 3.493100396596441892e-01
1.974215456457731332e-02 1.625220268848226110e-02 3.091686864845580307e-01 1.000000000000000000e+00 3.237095393645244013e-01 3.790957096502588497e-01 5.356408948489935762e-01 5.430998325650635561e-01 5.062712996722739112e-01 4.543904532261812124e-01 5.733196495667035597e-01 6.279614332362161155e-01 5.386327850695004082e-01 5.416195111621848746e-01 6.104132897152897419e-01 6.028587721342959505e-01 5.419329877233430848e-01 5.721008882091819236e-01 5.833490532848963905e-01 4.932337959129466931e-01 5.749448382427087001e-01 5.848972492139510315e-01 5.789517312548426720e-01 5.624970866088186972e-01 5.657384539365337695e-01 6.113117666992511356e-01 6.108848668698371176e-01 6.127254174129098674e-01 5.646681833476169254e-01 6.063176800789001897e-01 6.223872431362202917e-01 5.936923684383801358e-01 5.796763911590833152e-01 6.024700954129321717e-01 5.864989322661570137e-01 6.154571387720356723e-01 6.051323316741696878e-01 5.805412954719428864e-01 6.201555903138524783e-01 6.076650484540457864e-01 6.108214883240180582e-01 6.151732343342837250e-01 6.024302049142210569e-01 6.266251758546730333e-01 6.313801418125096765e-01 6.011916712146067043e-01 6.050672868819998440e-01 5.961183743693432291e-01 5.999159481138515160e-01 5.771609867574657438e-01 5.975396811376961770e-01 6.234724888051161873e-01 6.197438114942608323e-01 5.899920235595427220e-01 5.941442546348376652e-01 6.083582884684402003e-01 5.999183192647474794e-01 6.142505451822134477e-01 5.931731371919981566e-01 6.081697869378459576e-01 6.121978270979105963e-01 6.028216032582318640e-01 6.024029042858667360e-01 6.126799212306962561e-01 6.058066602647940169e-01 6.145012625805030826e-01 6.041010119065158834e-01 6.079901658262947262e-01 6.085227610635153273e-01 6.198092064670519541e-01 6.213269815067039570e-01 6.146933325467511811e-01 6.091445824842159906e-01 6.050386746842575381e-01 6.179665707828888577e-01 6.166785154848112294e-01 6.143063764002509863e-01 6.041091426848997914e-01 6.137191375171041630e-01 6.033460931961002194e-01 6.118933893320512851e-01 6.209014472512659477e-01 6.224580448946557265e-01 6.067809032842480521e-01 6.095141976701140551e-01 6.139171513759222876e-01 6.215841323590318712e-01 6.174115043072661013e-01 6.177482424584862519e-01 6.190051491046135723e-01 6.207145653351935355e-01 6.170706480763262780e-01 6.223310990010342270e-01 6.176219465798689079e-01 6.086095950263744614e-01 6.044009917973214296e-01 6.164733695390230972e-01 6.092117445885637528e-01 6.124457180502504983e-01 6.129735506473852347e-01 6.152226843413530766e-01 6.184376558054767159e-01 6.181506293688923126e-01 6.190115505864102197e-01 6.246086630794276395e-01 6.140972163027280661e-01 6.103974657971408257e-01 6.052733080923973219e-01 6.099157086747479806e-01 6.115751817918083644e-01 6.122021322035875457e-01 6.087259127964140815e-01 6.107042158597042469e-01 6.172771109122355826e-01 6.105382488824531162e-01 6.122944286666127667e-01
2.830577402501664730e-02 2.754784788494737610e-02 1.475088196848326483e-01 3.237095393645244013e-01 1.000000000000000000e+00 3.104098415498874886e-01 4.202547877328376424e-01 4.522779542550016685e-01 4.068948354178778537e-01 3.708530588835310948e-01 4.389272731451738796e-01 4.663614034289384480e-01 4.391380557940112173e-01 4.366025114372615867e-01 4.712092363066569534e-01 4.724832331786864015e-01 4.041323963542043929e-01 4.262656165533262875e-01 4.286528908205846089e-01 3.744305822787307725e-01 4.497837458795952981e-01 4.451434187458574443e-01 4.291388451543839966e-01 4.115611531933027201e-01 4.236900872339515733e-01 4.683188391584748311e-01 4.455969951480839297e-01 4.409088215524385457e-01 4.226533110603011290e-01 4.611652340781590143e-01 4.733568952352506520e-01 4.523981251676256754e-01 4.428757822829120783e-01 4.594036532313302001e-01 4.562232020481081229e-01 4.639952983016151222e-01 4.605925494783675855e-01 4.520690902352883511e-01 4.772499823991560586e-01 4.505893646326722402e-01 4.780227671784489929e-01 4.636513240342780562e-01 4.558424386908143666e-01 4.807869219691231488e-01 4.770446270285048085e-01 4.683920999240127614e-01 4.787737355157571928e-01 4.729484884847663384e-01 4.589716035974142905e-01 4.379494362335107360e-01 4.582511658493079176e-01 4.641465083803483216e-01 4.736132394358619768e-01 4.697039778132299781e-01 4.627272058320143211e-01 4.740428353504042569e-01 4.625222160325578868e-01 4.796520524184096357e-01 4.620333879806238775e-01 4.829694178161734186e-01 4.748372707910944457e-01 4.720042300366079635e-01 4.651284803361697140e-01 4.678123693529437355e-01 4.756713222014078979e-01 4.784143550320470450e-01 4.751409211447007452e-01 4.780940204536056615e-01 4.740893033600412920e-01 4.868131795420070906e-01 4.897825074459701278e-01 4.841884845739542476e-01 4.702993619859364705e-01 4.747762960133901644e-01 4.812295331258370501e-01 4.755483720672348813e-01 4.684812554348034563e-01 4.583075171731634256e-01 4.669475925285253570e-01 4.726326740565094386e-01 4.717357989384980410e-01 4.805426087597924889e-01 4.789597782299113149e-01 4.735219764035752399e-01 4.764862651756792689e-01 4.756642533920514282e-01 4.781217832443347415e-01 4.816674090937090313e-01 4.812090673518257811e-01 4.808795942774660714e-01 4.750111253259099442e-01 4.813522497803685574e-01 4.814310076926933135e-01 4.789028853727292367e-01 4.809859657975030234e-01 4.800325809646671660e-01 4.778666174616965079e-01 4.689013028669963279e-01 4.789907878136459574e-01 4.824563232863537943e-01 4.817075392841405068e-01 4.817261645472046827e-01 4.859133271368346052e-01 4.850919292276716366e-01 4.877145311784614745e-01 4.769790818639512153e-01 4.762362669525487813e-01 4.778148028945175541e-01 4.807741900991199246e-01 4.825353730088300375e-01 4.858780651585202781e-01 4.845336280994259059e-01 4.810998191458314421e-01 4.830725071777619561e-01 4.821754481276902538e-01 4.837909947426314305e-01
-9.883740058059120245e-03 8.827675539108191527e-02 2.209867304593288173e-01 3.790957096502588497e-01 3.104098415498874886e-01 1.000000000000000000e+00 5.009198805033221458e-01 4.993206656997716264e-01 4.993402644975074023e-01 4.657115163113807466e-01 5.295693815191571119e-01 5.641987730800492873e-01 5.186747283051305057e-01 5.190771622803049823e-01 5.829574515479953867e-01 5.641929753329031350e-01 5.057992952607401893e-01 5.221330707306202079e-01 5.308668378726943970e-01 4.085770048252167497e-01 4.892843613896051824e-01 5.376472117217728774e-01 5.435410845200777663e-01 5.034196930589610597e-01 5.125535194221986224e-01 5.746125927186125359e-01 5.652124804904209432e-01 5.583751573575630456e-01 5.504585419525519496e-01 5.742714936284147864e-01 5.937244440389903843e-01 5.691280919636857449e-01 5.364163311035733406e-01 5.696255362730963112e-01 5.673464669111935033e-01 5.556969229537011001e-01 5.749010891439808590e-01 5.770913813913010060e-01 5.874500041087439284e-01 5.589860877367001102e-01 5.866051205154788617e-01 5.784170831937618384e-01 5.618538425657438884e-01 5.904033663313835723e-01 5.893804340524774199e-01 5.892130615398284421e-01 5.992694866432911605e-01 6.001169714566790825e-01 5.940440967426349195e-01 5.610439031285118228e-01 5.823482831919227776e-01 5.586984212802346139e-01 5.853632300666856692e-01 5.951255900926357700e-01 5.940963935699907772e-01 5.918173075047103993e-01 5.880708114840199618e-01 5.953974030737561041e-01 5.920411041616814307e-01 5.982005861027203109e-01 5.985928326733139793e-01 5.898377406937174161e-01 5.920864329322997888e-01 5.923360111844985232e-01 5.885732531073593066e-01 5.931946799543249549e-01 5.996469525711235482e-01 5.971440851268106087e-01 5.947993871666976684e-01 5.895526158430399732e-01 5.972478716312236147e-01 6.028812139288405314e-01 5.922996022228352864e-01 5.912792759960442401e-01 5.994116853126760791e-01 5.949963966984704866e-01 5.907537295985652026e-01 5.879824118821148637e-01 5.922137850436012263e-01 6.000713275483546827e-01 5.944312663358696236e-01 6.018299348293812967e-01 5.952296734560527103e-01 5.939189705133429698e-01 5.922645179728189824e-01 5.939411575138781041e-01 5.991367563262666174e-01 6.003547325749861718e-01 6.004070656664748373e-01 5.933045848184756998e-01 5.908845923860256422e-01 5.998222369416011945e-01 5.996943380965402692e-01 5.992892224082846386e-01 6.038704614023562289e-01 6.026127287728160198e-01 5.913089531223315598e-01 5.934379814377828133e-01 6.024603852261480874e-01 5.965209858547292354e-01 5.942192687541741902e-01 6.011501130836789386e-01 5.987808696064771397e-01 6.023652713476934650e-01 5.987709210887445233e-01 5.967282944776408637e-01 6.039196437005226459e-01 5.997357300257563084e-01 6.026902725170552033e-01 6.028666334124693771e-01 6.021695771746036208e-01 6.032365724193846646e-01 6.022974559972835706e-01 6.002041811083626000e-01 6.002991962477312038e-01 6.004223255686673699e-01
-3.490408975957075971e-02 1.053802729053401055e-01 3.140580066555765937e-01 5.356408948489935762e-01 4.202547877328376424e-01 5.009198805033221458e-01 1.000000000000000000e+00 6.997660905099017947e-01 6.741250208730540372e-01 6.546017986322041349e-01 7.379666129383029016e-01 7.790235228403599166e-01 7.154868449722054935e-01 7.155628060404456425e-01 8.338890667249543309e-01 7.902012022750047882e-01 6.846410875009993902e-01 7.368331774865747308e-01 7.488796389516029217e-01 6.226573125746740489e-01 6.831388034762951866e-01 7.404042493549654047e-01 7.647495403932745850e-01 7.287507788574167922e-01 7.191191650593780071e-01 7.909850073867848996e-01 7.746160750279630358e-01 8.053323064976282142e-01 7.768579813221111463e-01 7.975311001883367279e-01 8.158160506808170842e-01 8.105200636494462874e-01 7.888717661624172761e-01 8.069515607108098676e-01 7.907970629258492812e-01 7.836548077770306708e-01 8.075702883332902537e-01 8.082119354473837891e-01 8.259319745918400901e-01 8.142052166700540772e-01 8.089590528637115030e-01 8.241743614073059332e-01 8.099086283706130596e-01 8.248237989745000887e-01 8.150707979119057311e-01 8.214871108815815504e-01 8.079173621736097655e-01 8.061770998321825532e-01 8.064304184193042957e-01 7.827892193087963024e-01 8.089608529492219313e-01 7.732211746372906758e-01 7.988267231479733166e-01 7.918289347772281550e-01 8.051164864524407161e-01 8.206245193087302603e-01 7.796656103089253387e-01 7.992325791931368384e-01 7.902829123228772845e-01 7.991521712971624281e-01 8.137470251357782347e-01 7.920854424116128278e-01 7.952558205794505453e-01 7.992519759523530887e-01 7.882466084906164516e-01 7.954078951015872700e-01 8.089176707700823643e-01 8.148734689866068415e-01 8.254334794232198735e-01 8.051132257434628903e-01 8.148544806512513228e-01 8.176925911113707146e-01 8.115871922258560689e-01 8.080924863349751019e-01 8.170896930258115809e-01 8.235181670012448052e-01 8.293969614703711191e-01 8.120441002041718370e-01 8.219503462968094087e-01 8.138870975868226498e-01 8.221398189932208611e-01 8.235560184454905341e-01 8.211400506268248245e-01 8.227181951606057364e-01 8.266547163176651836e-01 8.274740790897255893e-01 8.262733866826235118e-01 8.306361768682611890e-01 8.324059479385571558e-01 8.241579576565588594e-01 8.343669654516310263e-01 8.283124424664330965e-01 8.249324034502268921e-01 8.304727253667525400e-01 8.154375794631810725e-01 8.114587700655327973e-01 8.161604982975582123e-01 7.967328905575447040e-01 8.096565030295951315e-01 8.242955595748862052e-01 8.293703715703438784e-01 8.039348105193817595e-01 8.148744711683544306e-01 8.195643515442189164e-01 8.165823642648477598e-01 7.947635413914944102e-01 8.093260802826274247e-01 8.104648821625323185e-01 8.138684480034109603e-01 8.087056978441287125e-01 8.084633063524209184e-01 8.076626231277206358e-01 8.045061935066061265e-01 8.128520308490693180e-01 8.060484957885448720e-01 8.028182552190953336e-01
-3.897499357293718325e-02 5.908575447447204226e-02 2.938510860984469564e-01 5.430998325650635561e-01 4.522779542550016685e-01 4.993206656997716264e-01 6.997660905099017947e-01 1.000000000000000000e+00 6.463588368715943444e-01 6.121314772955982475e-01 7.113371352430352124e-01 7.794954559277458284e-01 7.010606570346104016e-01 7.032051476415294156e-01 7.871713420737277422e-01 8.004254964759218716e-01 6.820179460647641800e-01 7.123450641852403509e-01 7.234926227918481167e-01 5.858434765273368150e-01 6.990219458769970640e-01 7.343648698242110084e-01 7.169957871285665973e-01 6.766156074006203225e-01 6.808534698791907092e-01 7.618929455555438768e-01 7.351901905449701458e-01 7.476939789241977552e-01 7.135230882880745362e-01 7.576792890716944617e-01 7.867184202063369769e-01 7.805499724635500680e-01 7.434214628647005663e-01 7.791795998785927546e-01 7.644038460717831329e-01 7.741418909059601949e-01 7.721539518506704836e-01 7.802464299434033190e-01 7.986176559143689513e-01 7.756634585426183115e-01 7.815849799840682843e-01 7.941792724353656796e-01 7.778691621567580539e-01 8.003551398659932703e-01 7.967902990601556379e-01 7.888563138242726813e-01 7.940144682413201593e-01 7.909135097760929822e-01 7.913405845573364683e-01 7.758487325204033169e-01 7.949961476767801738e-01 7.717594149235460499e-01 7.938457693805678339e-01 7.822549319319705985e-01 7.904120046069531558e-01 7.962341017612479810e-01 7.901616818977105217e-01 8.045534574966730634e-01 7.983477481011588273e-01 7.892531972489910119e-01 7.994724720968059417e-01 7.932517453161206378e-01 7.994217407984192114e-01 7.978082287589609578e-01 7.882626421614727930e-01 7.943417085586440551e-01 7.946813396376121164e-01 7.954733724520697269e-01 7.930533370604601062e-01 7.885465887593202661e-01 8.022435941969208173e-01 7.965005967242210216e-01 7.837637254592461078e-01 7.805279864701711867e-01 7.899329012889451107e-01 7.892510268281117680e-01 7.866391488807408239e-01 7.749175919514483812e-01 7.809268644868763154e-01 7.865691046725099556e-01 7.905668293996703788e-01 7.971936801369324810e-01 7.989945854696488547e-01 7.910224842897275455e-01 7.991595952062821029e-01 7.995017193528991539e-01 7.981416239795440237e-01 8.060619141156437628e-01 8.043551143945364412e-01 7.983281898669156718e-01 7.957863268010904045e-01 8.013060783687014910e-01 8.009693787958401812e-01 8.016162116808214222e-01 7.979472370934215242e-01 7.944729802650173367e-01 8.034132291189901576e-01 7.934476909834964342e-01 8.003937199875061914e-01 8.051862503442280827e-01 8.027308084199221705e-01 8.036462545661094969e-01 7.979025505059151868e-01 8.065705200780677320e-01 8.047403074796026790e-01 7.946588998093274681e-01 7.982360817231900496e-01 7.942991024562746638e-01 7.988165939072047195e-01 7.992973459637513489e-01 8.039265058904024874e-01 7.970437804193455378e-01 7.984969586297633315e-01 8.040814757652697820e-01 7.947963795330830195e-01 7.958737664483506169e-01
1.735428503140645506e-01 2.047250834941093944e-01 3.163230408618973311e-01 5.062712996722739112e-01 4.068948354178778537e-01 4.993402644975074023e-01 6.741250208730540372e-01 6.463588368715943444e-01 1.000000000000000000e+00 7.110925812129471613e-01 7.499320567179041941e-01 7.784534227796657824e-01 7.307125095993343145e-01 7.204841015454590547e-01 7.958082557547746516e-01 7.768813823327153090e-01 7.452646306361871975e-01 7.201816445259267008e-01 7.424659528160890698e-01 5.398739693357013092e-01 6.520283804760106383e-01 7.565404483608021424e-01 7.826476302571659938e-01 7.181398030603274307e-01 7.547157032155804579e-01 8.079896820282594927e-01 7.873526469706757513e-01 7.831875568076688277e-01 7.951745028414968219e-01 8.189392514260330769e-01 8.202641102202428147e-01 7.821316349726497030e-01 7.494069362254301980e-01 7.725998940823679551e-01 7.908265796440904216e-01 7.470158372097254196e-01 8.112482741297757372e-01 7.732565783158223960e-01 8.060286546182384715e-01 7.624134751032541901e-01 8.156855730659591242e-01 8.018360301501292753e-01 7.691355933821231172e-01 8.136367014408023568e-01 8.163382115235620073e-01 8.045213323605626687e-01 8.284518272545468021e-01 8.388916984878962424e-01 8.073512443425912011e-01 7.479717959706092545e-01 7.891770711713228525e-01 7.640867063495072609e-01 8.070075414754391829e-01 8.347883301861951377e-01 8.161893656193492941e-01 8.194714538813485660e-01 8.073725025182574289e-01 8.220322626284461975e-01 7.980391008768289440e-01 8.366060932390557703e-01 8.170002547661958658e-01 8.159706313164618585e-01 7.972937821455680085e-01 8.172857107817343980e-01 8.367945736413111568e-01 8.257715950258901483e-01 8.364916643086146575e-01 8.303390299524056051e-01 8.274909790022078049e-01 8.080298953035940368e-01 8.252630682822239550e-01 8.342830533530963821e-01 8.203971130033061998e-01 8.370376170407647365e-01 8.291649258607968198e-01 8.359100745525098741e-01 8.284083179925703089e-01 8.290576833616991603e-01 8.344161395414945170e-01 8.389332218924233642e-01 8.362165288207825675e-01 8.366661741113897710e-01 8.301054415486098792e-01 8.285562476561527667e-01 8.008969986654596029e-01 8.110342233127395550e-01 8.264756181715984251e-01 8.152605005281875483e-01 8.238148669651734757e-01 8.229416599660768217e-01 8.156717373668804782e-01 8.292363145053616158e-01 8.281290054305110448e-01 8.296504730106746273e-01 8.304811916872991695e-01 8.379378186882709967e-01 7.941354698096324549e-01 8.029939467302221745e-01 8.086368614019114887e-01 8.099068613978913644e-01 8.068954060088240343e-01 8.092708144078128996e-01 8.220789508924077893e-01 8.248567690162071919e-01 8.186685145355722115e-01 8.146289520862196598e-01 8.234529362533064001e-01 8.354929283750236468e-01 8.300329774206879341e-01 8.306911650648690637e-01 8.141776894338085269e-01 8.349987644731214909e-01 8.227880700486086551e-01 8.234980483458697043e-01 8.385557518840868196e-01 8.318153973616470021e-01
6.421148562941407512e-02 2.298843286590318002e-01 2.993040117648926302e-01 4.543904532261812124e-01 3.708530588835310948e-01 4.657115163113807466e-01 6.546017986322041349e-01 6.121314772955982475e-01 7.110925812129471613e-01 1.000000000000000000e+00 6.987832319931280844e-01 7.267516531067811369e-01 6.705003908267728185e-01 6.809216962249589056e-01 7.532266871485708837e-01 7.233486186374398219e-01 6.863675795027359694e-01 6.754719488378340131e-01 6.967336239474790638e-01 5.416189252574887814e-01 5.931125843102684758e-01 6.952076120101121637e-01 7.371923975220004976e-01 6.804003998511383156e-01 6.963537589537021066e-01 7.650695361576854703e-01 7.415607087822959631e-01 7.451427557022659576e-01 7.436091714717786294e-01 7.752635080922043453e-01 7.714108454680316251e-01 7.524987271955757562e-01 7.098653918634997284e-01 7.270167961244290433e-01 7.459855661264773730e-01 7.041131874227067877e-01 7.632842333247504829e-01 7.400291332791525400e-01 7.592084180386449166e-01 7.353011395374922099e-01 7.798918254643699699e-01 7.590500034259772821e-01 7.428809214155924767e-01 7.670794131706711871e-01 7.645388757768645238e-01 7.636036840455617813e-01 7.780363877832111585e-01 7.912785131812902772e-01 7.683911599737935916e-01 7.028303121354834149e-01 7.474456219714307181e-01 6.970311752562036167e-01 7.505047914879126036e-01 7.859505868803754458e-01 7.737159745663187982e-01 7.785552363953458510e-01 7.490846447623509263e-01 7.649467407401709940e-01 7.513070205647919275e-01 7.819178359757559260e-01 7.713984725513894913e-01 7.669757228879745536e-01 7.436487216037874770e-01 7.641536693384872736e-01 7.680651246216492201e-01 7.661793563653839234e-01 7.840637117688256108e-01 7.815369390955020368e-01 7.850635777665827542e-01 7.613256347547198155e-01 7.726100962786299764e-01 7.847458593060201437e-01 7.743063352896609741e-01 7.845106079416113154e-01 7.845627163903289292e-01 7.885306165593995997e-01 7.871901538106903518e-01 7.822467490763663767e-01 7.861272805287439214e-01 7.922049705965528155e-01 7.877019382124982316e-01 7.877588658171373881e-01 7.814565867844568414e-01 7.817851617052116175e-01 7.572972643244179070e-01 7.664575739575443247e-01 7.826379004181596155e-01 7.704648406678498151e-01 7.784686856106159958e-01 7.824835724949933402e-01 7.785936679739835498e-01 7.856262761384426030e-01 7.821161146243590379e-01 7.871918960803584442e-01 7.814043267450219155e-01 7.894628243693698755e-01 7.473607969871750578e-01 7.456719358176355783e-01 7.604059213034707332e-01 7.659298470229598532e-01 7.681591603750854702e-01 7.546891279809709863e-01 7.710589232456062092e-01 7.756615221319231868e-01 7.619916673065102453e-01 7.573832993369615796e-01 7.756187093515550801e-01 7.863016588262832229e-01 7.804887827490382124e-01 7.764525172463881963e-01 7.646813541649164492e-01 7.825217376788796697e-01 7.725328037741499010e-01 7.681780663437202117e-01 7.819371859196697638e-01 7.748910676307043666e-01
1.256141093122623009e-02 1.278200508000379154e-01 3.465449192794259337e-01 5.733196495667035597e-01 4.389272731451738796e-01 5.295693815191571119e-01 7.379666129383029016e-01 7.113371352430352124e-01 7.499320567179041941e-01 6.987832319931280844e-01 1.000000000000000000e+00 8.487237959224921413e-01 7.564621103003783542e-01 7.537748080614504742e-01 8.541031329547786877e-01 8.339045158561732007e-01 7.547063044537671850e-01 7.865039261423876216e-01 8.001282029512010174e-01 6.243651590749456082e-01 7.246860644708835730e-01 7.932795251722423169e-01 8.158723621248902269e-01 7.650631898402125985e-01 7.725452574803138850e-01 8.526067194297014540e-01 8.354516910193724444e-01 8.335749988380900533e-01 8.135784966323551526e-01 8.560129726102491121e-01 8.723533535813614570e-01 8.502629909371275385e-01 8.172906414154711419e-01 8.436214931008737539e-01 8.385688912339623879e-01 8.287367989442491201e-01 8.574234650119466616e-01 8.409639289740196144e-01 8.686032735421058693e-01 8.450908067439698579e-01 8.650286360105444716e-01 8.560832898733057306e-01 8.415207612839429308e-01 8.720872262255119356e-01 8.755839134413367919e-01 8.593547197469241228e-01 8.725731380246066760e-01 8.735817561175450718e-01 8.662842123032625796e-01 8.232463586359243246e-01 8.540158270796335271e-01 8.311583702492160164e-01 8.607429230666114872e-01 8.647792445146944562e-01 8.688288813470049776e-01 8.752035639054619454e-01 8.571959798577710732e-01 8.673999720236407196e-01 8.564840111936942169e-01 8.699360253211317895e-01 8.746676991392348111e-01 8.645375501496772586e-01 8.605880919102143478e-01 8.683901614035367533e-01 8.646912587075910039e-01 8.681451466650275117e-01 8.740563849094419302e-01 8.761961493423865432e-01 8.773043354050050757e-01 8.616869869539144355e-01 8.741670624117838795e-01 8.772299036751706192e-01 8.704445146989699955e-01 8.721022316921868134e-01 8.783525046333834352e-01 8.778849907114137929e-01 8.726602160389498319e-01 8.653938508335591306e-01 8.728057852356125856e-01 8.750207020847446948e-01 8.798157148216301238e-01 8.822725143187676311e-01 8.805528504966415593e-01 8.711525210249654316e-01 8.658021611656339100e-01 8.739644982211064450e-01 8.798079499000738268e-01 8.755845426235029372e-01 8.796150583688585600e-01 8.782496723468323774e-01 8.758257130051979589e-01 8.789930379274681904e-01 8.813269275183915896e-01 8.809076665547550533e-01 8.765007115974450258e-01 8.771226342646767371e-01 8.663754492676395413e-01 8.554353327521037054e-01 8.675537233504029277e-01 8.692732797470306139e-01 8.732852627963483272e-01 8.671480803945392779e-01 8.755287424572442134e-01 8.789667518510806410e-01 8.753945024778966300e-01 8.627150213042160676e-01 8.715487187441337547e-01 8.769297226784007471e-01 8.775146825954974750e-01 8.740418417428063025e-01 8.712123884761976411e-01 8.746587327313499749e-01 8.708016487844405518e-01 8.739432057775480267e-01 8.750156041650578587e-01 8.729660680914558268e-01
1.073849836519620050e-02 1.090177485385216694e-01 3.448858794797749483e-01 6.279614332362161155e-01 4.663614034289384480e-01 5.641987730800492873e-01 7.790235228403599166e-01 7.794954559277458284e-01 7.784534227796657824e-01 7.267516531067811369e-01 8.487237959224921413e-01 1.000000000000000000e+00 8.120072324812630526e-01 8.117123626491148380e-01 9.123437074357454435e-01 9.006044273229084629e-01 8.036754715222592660e-01 8.211670999576224927e-01 8.393561933414365184e-01 6.803353337833009107e-01 7.762190866874385531e-01 8.333909403681418748e-01 8.541726678359660152e-01 7.918983533621417603e-01 7.963211104319809497e-01 8.967888325880487566e-01 8.780069023146435114e-01 8.773029355666659423e-01 8.543046789328470059e-01 9.016342052499767279e-01 9.286749401080723887e-01 9.002563294856211762e-01 8.588013894435448936e-01 8.925055891904382088e-01 8.871807505269188043e-01 8.804696339170581254e-01 9.059678461816386141e-01 8.948991033801919626e-01 9.212426131631171744e-01 8.912897445624322623e-01 9.178232859476468386e-01 9.109888013667503115e-01 8.945963437107036231e-01 9.283201158497517147e-01 9.237400579956474012e-01 9.117784400073920548e-01 9.333483721317665793e-01 9.300084517702258413e-01 9.234105768620729515e-01 8.768530406913442876e-01 9.088353518800653674e-01 8.876386227411897645e-01 9.243959169344676541e-01 9.239633393408539508e-01 9.256731337544108484e-01 9.293826030759227974e-01 9.182695608150582833e-01 9.310099983833042270e-01 9.198965980766879991e-01 9.323774176756430832e-01 9.352936633233257524e-01 9.281949574323962171e-01 9.217663895836929466e-01 9.280139111384880790e-01 9.212711364470127506e-01 9.313686306083114319e-01 9.319251769557674869e-01 9.314852752364004562e-01 9.310162089538476238e-01 9.289317302217264816e-01 9.284209900476635413e-01 9.297513163312166595e-01 9.219460879543049936e-01 9.190847180602038646e-01 9.329873117166163077e-01 9.308567239558533934e-01 9.245705895222054993e-01 9.165756936962812240e-01 9.233751863061950838e-01 9.272413445516951569e-01 9.299171240499044533e-01 9.385239716267824717e-01 9.351994058669959031e-01 9.267335360235062769e-01 9.214110312175313178e-01 9.289361269060925075e-01 9.336740071667649632e-01 9.330580265589907274e-01 9.349367543254398782e-01 9.335721806077859064e-01 9.273969623271968166e-01 9.351404805998959624e-01 9.356577392224978418e-01 9.364658282762979846e-01 9.365736116838371261e-01 9.362127896890550804e-01 9.253124977797866357e-01 9.197525758486087000e-01 9.310563101623068327e-01 9.285844687765818506e-01 9.286878399796171246e-01 9.319920072951409784e-01 9.355142314120998837e-01 9.374945571816065693e-01 9.345509790944999118e-01 9.286468063628593450e-01 9.338251583995871297e-01 9.355522049415188057e-01 9.370680179022073952e-01 9.351681441549203333e-01 9.327064391622139627e-01 9.364682679103641938e-01 9.335070290760092426e-01 9.345036279595926310e-01 9.317263907152353308e-01 9.353771251853287838e-01
2.976283603996960139e-02 1.122321635503436277e-01 3.038864330227588617e-01 5.386327850695004082e-01 4.391380557940112173e-01 5.186747283051305057e-01 7.154868449722054935e-01 7.010606570346104016e-01 7.307125095993343145e-01 6.705003908267728185e-01 7.564621103003783542e-01 8.120072324812630526e-01 1.000000000000000000e+00 7.475271339422455696e-01 8.297524927939613493e-01 8.210198188976264300e-01 7.258139476885667740e-01 7.528756721655257556e-01 7.677832121114831487e-01 5.857627333937585057e-01 7.105765142632928244e-01 7.614890276086211385e-01 7.824088202351843213e-01 7.176757824202667502e-01 7.407619457913482419e-01 8.163848768977699510e-01 7.918834030214189079e-01 7.946266258465398691e-01 7.855857721723776832e-01 8.194634899010757589e-01 8.375447350698481674e-01 8.029914589892443999e-01 7.801723672077813809e-01 8.089960375481165533e-01 8.170232965243058310e-01 8.014369441338097255e-01 8.280091677144453266e-01 8.092869041003341035e-01 8.343835703815623006e-01 7.992526720626751402e-01 8.338488720090413420e-01 8.292355986490674846e-01 8.121192457222301542e-01 8.454086956011837017e-01 8.426178825090241409e-01 8.298042148571740384e-01 8.527231601611572342e-01 8.502635737898864843e-01 8.263637334724948103e-01 7.892631098794118394e-01 8.208522848282445716e-01 8.135069428131583846e-01 8.403770178810922031e-01 8.428860166735842041e-01 8.373174360308067721e-01 8.452239588013438221e-01 8.274982137092605772e-01 8.513544697118921034e-01 8.256566841053953887e-01 8.535899124261241422e-01 8.492324550243492975e-01 8.360404168910898770e-01 8.321536158697068197e-01 8.403246379995064075e-01 8.473665385697495278e-01 8.477670763566097500e-01 8.541297888335133148e-01 8.519121671420956110e-01 8.497041760978506497e-01 8.385117126960355272e-01 8.532575684296949126e-01 8.542477850155305585e-01 8.427078354547831163e-01 8.466364282823588550e-01 8.500513239887800276e-01 8.518776724667561639e-01 8.446543578076023406e-01 8.425262969602743679e-01 8.479535326972180709e-01 8.507299399779018056e-01 8.513978927009013820e-01 8.557234894844790718e-01 8.543496600215849668e-01 8.476036769829334849e-01 8.417591637462000786e-01 8.454896296123466382e-01 8.515093231603914070e-01 8.516166701177149134e-01 8.546292576805559760e-01 8.519190490233977675e-01 8.438104866463184139e-01 8.544997634099998907e-01 8.545504737958721231e-01 8.553754877886255992e-01 8.570548148304479863e-01 8.565552925853820998e-01 8.373736568040146544e-01 8.348987653392755393e-01 8.468065385317281590e-01 8.497225593123297616e-01 8.452664826120145358e-01 8.474454626237145627e-01 8.531250478196461540e-01 8.584664568884752267e-01 8.561334442404506806e-01 8.431465284839625429e-01 8.490096276213779936e-01 8.565471356755622878e-01 8.559971408604533094e-01 8.555637244495128968e-01 8.509062544734267153e-01 8.587136501509955444e-01 8.510480674011984270e-01 8.540244323929109260e-01 8.570600854694438997e-01 8.571069188294300201e-01
