1.000000000000000000e+00 5.510105388895664147e-02 1.886175008575433423e-02 1.202623435632249604e-02 2.277931847128670736e-02 -1.385929484223940092e-02 1.644326253542368124e-02 -1.244406821342094321e-02 5.461724020752260073e-02 2.983668449826399477e-02 9.521806025844552690e-04 2.023732381406205538e-02 3.251976541239062768e-02 -1.640106355791952700e-02 8.081609486026313828e-04 5.797289287648555757e-03 2.754837888407304577e-02 2.757008691519993032e-02 1.081378350657155249e-02 4.648133220338818150e-02 2.546860095295909454e-02 1.542609497664999482e-02 2.568280900355223231e-02 1.780839108691501319e-02 1.864908894481430088e-02 1.138575619610577086e-02 1.799656976710425210e-02 5.766525580141271604e-03 1.618941782042941646e-02 1.634783686801419625e-02 1.454720960294778910e-02 1.514666525990126557e-02 -1.696033892600582859e-03 1.313365827983591083e-02 3.218310959945958061e-04 -1.036226214868811099e-02 3.091821032043350417e-03 -8.371972035644175206e-03 1.787831828909916543e-03 -2.556574621344967144e-02 3.661521220157535478e-03 -4.454204690369278907e-03 -1.222185720582306089e-02 5.222479175886546136e-03 4.397651372120595439e-03 1.708815857173458328e-03 5.255246075336517282e-03 5.886392816733232967e-03 5.995963790190679370e-03 1.955719248673281046e-03 1.515926152935835342e-03 1.388063966110888309e-02 9.828150604562971640e-03 5.766727154493108548e-03 -3.962847747864966380e-03 -4.655296110181613139e-04 7.174081982073293035e-03 -6.785150959798071958e-03 -1.522701802331483285e-02 1.157428066061897201e-02 6.057313607415003428e-04 -3.202052470121880597e-03 -9.875163274276609407e-03 1.012434639286867097e-02 1.725080401579135933e-02 2.654487497594104975e-02 7.895509530746630880e-03 3.746878884713499003e-03 3.568155652689687825e-03 5.418127091377905255e-03 7.269179150271726231e-03 5.050027848185220311e-03 1.360837627724739750e-03 3.424400797981511785e-03 5.861796744411856656e-03 9.773468156067400756e-03 1.043590656359326060e-02 1.131129186480050314e-02 3.404897096636686545e-03 7.467931051219067751e-03 3.803047823027317677e-03 3.300616691685218356e-03 8.781855798599672372e-03 2.419978295477446476e-03 -3.097069744430894569e-03 4.387123740816276964e-03 -2.029578411017694470e-03 -1.205746077048810202e-03 -4.606262213934794541e-04 4.315849469238687910e-03 -5.700746835963072662e-03 2.996392817396055855e-03 -1.895961109184553803e-03 1.224835460252624931e-03 3.157523026128780316e-03 3.067037837806155069e-03 -3.523386493205072582e-03 1.632819601089320616e-02 4.335810382528160895e-03 -1.327663708849040856e-03 -7.779177950765336219e-03 2.579968021076640191e-03 1.436971871529892433e-02 -1.194169720762096190e-03 9.042865196376698514e-03 8.187516609234260848e-03 8.759746643804175448e-03 7.421226766574163906e-03 -1.057086503148605512e-03 2.597325576385591320e-03 -8.950003732225746828e-03 6.432082701707566609e-03 1.380403540243192078e-03 7.556369654038174594e-03 1.152380359047081027e-02 1.609086610394417846e-02
5.510105388895664147e-02 1.000000000000000000e+00 2.085676394289074850e-02 8.940268940531742592e-02 9.282342564443202271e-02 7.734520281101400774e-02 1.292088975729867861e-01 1.161682217714634785e-01 1.343943447122415702e-01 1.635825810928263346e-01 1.394205903999722884e-01 1.434912313795786432e-01 1.301248011562411988e-01 1.289859859103831552e-01 1.409050079649603049e-01 1.441324702208459374e-01 1.580342123102788654e-01 1.266499961531656337e-01 1.337197188085412491e-01 1.162793677917815932e-01 1.222543133245880820e-01 1.375877917610338619e-01 1.442385395218308830e-01 1.326841168613036581e-01 1.355329280842394180e-01 1.327008805018547177e-01 1.307627473079630842e-01 1.493289942765415046e-01 1.620179179319052865e-01 1.538040466951678398e-01 1.562901002305804310e-01 1.396053440397071466e-01 1.292954044609590236e-01 1.242127655963830152e-01 1.285085917040996450e-01 1.132461923096983042e-01 1.311282353229337450e-01 1.247452787106465011e-01 1.271252260090189323e-01 1.088214829983304571e-01 1.453064709259005716e-01 1.353337311276781585e-01 1.195487419103888477e-01 1.410857363196306724e-01 1.314363033925943780e-01 1.414391135316674375e-01 1.447662561462314534e-01 1.519131305902808038e-01 1.440355788111311597e-01 1.058194276294122105e-01 1.249308878350489094e-01 1.364433762788192228e-01 1.376957629783655546e-01 1.592734702293096827e-01 1.511989396723275314e-01 1.480166341819303122e-01 1.580442489076940293e-01 1.413421898099593288e-01 1.433511509032011910e-01 1.543955182508255364e-01 1.456288542973234457e-01 1.569797563933538753e-01 1.493391747078910148e-01 1.478449027895847867e-01 1.513433853758805459e-01 1.662510195375772049e-01 1.475687861992219796e-01 1.454975460109752539e-01 1.431666782267145555e-01 1.418061992597575149e-01 1.450727799386407058e-01 1.445348808134453711e-01 1.486865754237813864e-01 1.440455492903512935e-01 1.408682173724578046e-01 1.453184901851257149e-01 1.503500151690853881e-01 1.500299016656345685e-01 1.456861375644007139e-01 1.450179002553487195e-01 1.453225776178453388e-01 1.477356898445342515e-01 1.420537235937692211e-01 1.406112674810209573e-01 1.333029478237093834e-01 1.404507224254798459e-01 1.364538736129526919e-01 1.350719838529175487e-01 1.360091145604567231e-01 1.469135291224506201e-01 1.379172271406366723e-01 1.451587153988467827e-01 1.412893769471368355e-01 1.435454514750808541e-01 1.419873732651368292e-01 1.494753176295521291e-01 1.174057295871376028e-01 1.365571854551339837e-01 1.427198994140076449e-01 1.300096211471099272e-01 1.346449827102026431e-01 1.430432642031420343e-01 1.424396225315020248e-01 1.389646784460004392e-01 1.429495475791830172e-01 1.552630587022155728e-01 1.398777614829648519e-01 1.505076717745247594e-01 1.446656259413783285e-01 1.482565955462515073e-01 1.415631124895448401e-01 1.495603003186846969e-01 1.504773882714692534e-01 1.432396417375134956e-01 1.501123426582556819e-01 1.568647386032095414e-01
1.886175008575433423e-02 2.085676394289074850e-02 1.000000000000000000e+00 2.388874837326782907e-01 9.816015958495559468e-02 1.951338101603584396e-01 2.606274023713962551e-01 2.399785805170412400e-01 2.680191090105228380e-01 2.557668071693834921e-01 2.712309107446709278e-01 2.770045068767481022e-01 2.469238002864894699e-01 2.594905211311313575e-01 3.007279462592763464e-01 2.759301031778768620e-01 2.727523131394175571e-01 2.751889363300130675e-01 2.935017729264411401e-01 2.676884962861402206e-01 2.945881477664359371e-01 3.062154926142115485e-01 2.937020397365424640e-01 2.960791775490334010e-01 3.069087794314572237e-01 2.974649378298835356e-01 2.845188021469698958e-01 2.893051382888120471e-01 2.945034012175403726e-01 3.039104519853936814e-01 2.988431509485768300e-01 3.098938653057251580e-01 2.805591443568883347e-01 3.016866597284770246e-01 2.905177769292626166e-01 2.875913800779263396e-01 2.962494178306423476e-01 2.950039457558157885e-01 2.968858383948957402e-01 2.911527482620300811e-01 2.886000471920854848e-01 2.956208478768407866e-01 2.945255477395956056e-01 2.999424192427985192e-01 3.013237886806105492e-01 2.932912114857859076e-01 2.847192963011755396e-01 2.889447925719988985e-01 2.965745804439313127e-01 2.993249818756714142e-01 2.937221990125578053e-01 3.108472394348815171e-01 3.028770990592387635e-01 2.948123072789242682e-01 2.992133279500415188e-01 2.942705117628556244e-01 3.020477511815524152e-01 2.890973882673986139e-01 2.861396852590806783e-01 2.912190919730143768e-01 2.970858762930242980e-01 2.905997764947760298e-01 2.931604120386430701e-01 2.951779134892537071e-01 2.928547873435150550e-01 3.024955478652675001e-01 2.914188322171990531e-01 3.023789906073003908e-01 2.985121982994982659e-01 3.014643286904987729e-01 2.992585711337552024e-01 2.984299171211847734e-01 3.088005359525886062e-01 3.036967348086722640e-01 2.999867721980234436e-01 2.997981577319121516e-01 3.017527531030462229e-01 2.968470135835207246e-01 3.014253595515413164e-01 2.926011540727371241e-01 2.977788166597853947e-01 3.014500641990210950e-01 2.928153421026078451e-01 2.873917936360452785e-01 3.004829128956869044e-01 3.018792692343131301e-01 2.968344301649181172e-01 2.981788945574023741e-01 2.958527859756064360e-01 2.913345283778085992e-01 2.976188754594373820e-01 2.947840181800806536e-01 2.985972232134017634e-01 2.968845762635000662e-01 2.938366975897958033e-01 2.903973135272978623e-01 3.026710083928200734e-01 2.996634403278716774e-01 2.929042911155090856e-01 2.971915918435695247e-01 2.976629073600075004e-01 2.917447135651870527e-01 2.990687095983953214e-01 2.988802385382537397e-01 3.045790138969341476e-01 2.895278667112815008e-01 2.927369924087412922e-01 2.921481264823018176e-01 2.901686739367728141e-01 2.908814236831235300e-01 2.859588083476878317e-01 2.908814586593616580e-01 2.865364455101978569e-01 2.938453930466033426e-01 2.922545784881656061e-01 2.965919274438280073e-01
1.202623435632249604e-02 8.940268940531742592e-02 2.388874837326782907e-01 1.000000000000000000e+00 2.713042787243713505e-01 3.281436949374119671e-01 4.464159041757531088e-01 4.327083467309587039e-01 4.661493014897384879e-01 4.509694345571084173e-01 4.611044138493827771e-01 5.060015915401934183e-01 4.536478503140871088e-01 4.440045502799310206e-01 5.323036459190593206e-01 5.127138960875349261e-01 4.740326327432188291e-01 4.992435490092075878e-01 5.159434879344899638e-01 4.488542807795191658e-01 5.060529298909746121e-01 5.167252498286212248e-01 5.173678004491054638e-01 5.160832419837187990e-01 5.246809475039887483e-01 5.340073076811647779e-01 5.137937547795879967e-01 5.317037246768854253e-01 5.334579920778047546e-01 5.390353519248392011e-01 5.373929741893058720e-01 5.378558919536023941e-01 5.047062929330129455e-01 5.315117368290507294e-01 5.045165171473456889e-01 4.964321191759719087e-01 5.183422208831570677e-01 5.229584125099062675e-01 5.259003993115050068e-01 5.059629388191247967e-01 5.272826511141763817e-01 5.335504873387523217e-01 5.368582966319873639e-01 5.370981045127743991e-01 5.352793945407325893e-01 5.279459343625757528e-01 5.273523673335048789e-01 5.236766169355374645e-01 5.291506418232898579e-01 5.210309521703487823e-01 5.264956604052006828e-01 5.350569913432452474e-01 5.295071745330266477e-01 5.312133698686180017e-01 5.214912237391048366e-01 5.251321519518982184e-01 5.232374489104296700e-01 5.242940409119803968e-01 5.182940703807799032e-01 5.274538081527571087e-01 5.344111074831976449e-01 5.234325306966105540e-01 5.212405330094834754e-01 5.267529628072574743e-01 5.237936560956806264e-01 5.276109716975149189e-01 5.273078488731109958e-01 5.377391905401851524e-01 5.348197023907634851e-01 5.350558868433127335e-01 5.370159134426659708e-01 5.310706096726031111e-01 5.441586016895239020e-01 5.408620834949037226e-01 5.375713377799870019e-01 5.375444250310049688e-01 5.364180623247939428e-01 5.417793036120828187e-01 5.361920996408661155e-01 5.290818649376479721e-01 5.333621547098993387e-01 5.426672770842867477e-01 5.241376346003172593e-01 5.232478689626948176e-01 5.356417618449744733e-01 5.421595554412919071e-01 5.291090739406665300e-01 5.303909630583421020e-01 5.306310860053553569e-01 5.277267223735861990e-01 5.316782548027679800e-01 5.330411686638288904e-01 5.341832299284834384e-01 5.342812987775935607e-01 5.263751469890184387e-01 5.267505473193827559e-01 5.388147586445118931e-01 5.336672695190818327e-01 5.281505756098408000e-01 5.320158570172521806e-01 5.363660818838429378e-01 5.294944151151721456e-01 5.407151993250003397e-01 5.337812968059438834e-01 5.439586226282369097e-01 5.251437503768286996e-01 5.292866302513192789e-01 5.289159991592600196e-01 5.285845671628079945e-01 5.255352230532874813e-01 5.242654146099714474e-01 5.259479817067816976e-01 5.228799879905603465e-01 5.317745249492741300e-01 5.252488681699336581e-01 5.316461487285435439e-01
2.277931847128670736e-02 9.282342564443202271e-02 9.816015958495559468e-02 2.713042787243713505e-01 1.000000000000000000e+00 2.473947963959180485e-01 3.930357215464789222e-01 3.814603523400697527e-01 3.792804854599428066e-01 3.665152693212308521e-01 3.583985489781387757e-01 4.067394598781163828e-01 4.069165994813208065e-01 3.683013231941593135e-01 4.326602130035041016e-01 4.249669560444788718e-01 3.960990013699261514e-01 3.981289591886217338e-01 4.096579829834501862e-01 3.551919010173319458e-01 4.148590563177979584e-01 4.161886947288004901e-01 4.260676451081360505e-01 4.176919983643441192e-01 4.193471221347401245e-01 4.325198627800005413e-01 4.248850401162372337e-01 4.314069318414264775e-01 4.319451262298564242e-01 4.235223239703562181e-01 4.308909899417467937e-01 4.353383447268545647e-01 3.952552953967261029e-01 4.148880665465988216e-01 3.936398245882696822e-01 3.900163288351801150e-01 4.083112219060537895e-01 4.163342992126436992e-01 4.252993086847396964e-01 4.120446644831590732e-01 4.325405029332040630e-01 4.331928842984843486e-01 4.344773198151231086e-01 4.349859267439267208e-01 4.313662024041004517e-01 4.325195145595917556e-01 4.323048690838749430e-01 4.265338326711610728e-01 4.262885301109605174e-01 4.084336688720697217e-01 4.272346824330364168e-01 4.194361931035565649e-01 4.247116959278320891e-01 4.185956575606974428e-01 4.191943804071646684e-01 4.294807794105175991e-01 4.096629839438541421e-01 4.287789900303883295e-01 4.133518166239291136e-01 4.370474359767499428e-01 4.324465638695191849e-01 4.236515039767028701e-01 4.143395997287187549e-01 4.229307760900937740e-01 4.263957327102336770e-01 4.217011371815642118e-01 4.277173050286757761e-01 4.351696420117723285e-01 4.351162220173476758e-01 4.333983255543996105e-01 4.381315427132903007e-01 4.336409259066123512e-01 4.385755780439511420e-01 4.415672037620212431e-01 4.391930779949061447e-01 4.339971550609633133e-01 4.404852449582169482e-01 4.371645330338057578e-01 4.366715072992681801e-01 4.295175150171816614e-01 4.366216236518765670e-01 4.327867820185155590e-01 4.288381563420669007e-01 4.202146161382084300e-01 4.260649635100424715e-01 4.333878464311280432e-01 4.252466872940549591e-01 4.353634332962971198e-01 4.301048973953694454e-01 4.299200337150064777e-01 4.353111050152707606e-01 4.360473725807548218e-01 4.364714053538355509e-01 4.366043524925371511e-01 4.298536134642898521e-01 4.307238568317821592e-01 4.313694580871599848e-01 4.229855050155320595e-01 4.291298726547162490e-01 4.328556878647998873e-01 4.344660070844001964e-01 4.286976225349895531e-01 4.338893659536205982e-01 4.351174710912545929e-01 4.334976699130000388e-01 4.206647236273219903e-01 4.304039616340474828e-01 4.288703717174542906e-01 4.291256653027602508e-01 4.304140273577074516e-01 4.283773678593972845e-01 4.316379020492202567e-01 4.254732774806869178e-01 4.293323449537619352e-01 4.282449488620435063e-01 4.292108803260960004e-01
-1.385929484223940092e-02 7.734520281101400774e-02 1.951338101603584396e-01 3.281436949374119671e-01 2.473947963959180485e-01 1.000000000000000000e+00 4.710868337702811548e-01 4.285087553026221130e-01 4.643619227738083888e-01 4.233378566496392992e-01 4.539119806905737020e-01 4.883544002258042860e-01 4.341077359009617997e-01 4.469836617319254413e-01 5.105809030536614390e-01 4.934910068137224326e-01 4.576636388577826620e-01 4.832141779395192072e-01 5.053470247495945866e-01 4.190343473216412984e-01 4.930156814722954084e-01 5.113773557756660093e-01 5.081196245511513387e-01 5.030759272251107417e-01 5.087120442836957634e-01 5.097191652032745379e-01 4.910448051642438139e-01 5.126343254807607108e-01 5.183232490544602555e-01 5.188262276542946472e-01 5.272913306241987508e-01 5.250842668771478206e-01 4.936525149057818251e-01 5.114989920131985945e-01 4.935817092819104190e-01 4.875928717886388042e-01 5.083915921813865202e-01 5.073681000437114674e-01 5.134190878422978388e-01 5.089408058354081277e-01 5.159794234016918946e-01 5.193367856861963450e-01 5.181829766604985066e-01 5.243068379532401790e-01 5.220051648753134543e-01 5.135763267165480706e-01 5.130292535034048917e-01 5.150144335746857926e-01 5.153224264374657304e-01 5.072413405059925662e-01 5.046736733249806983e-01 5.152279199338494209e-01 5.216709580281836400e-01 5.153487585475384769e-01 5.151899264439631088e-01 5.189080693884766671e-01 5.095490815313894473e-01 5.186864553357924956e-01 5.079080680113962076e-01 5.161703659670578981e-01 5.192584497853032222e-01 5.085664240282719017e-01 5.091359537889660336e-01 5.125509488497782540e-01 5.101683392768494585e-01 5.116138756819335054e-01 5.202383819400203668e-01 5.289113098140459934e-01 5.275346995095503422e-01 5.253396464995081505e-01 5.261633542030796917e-01 5.214289890361717417e-01 5.352829157752452272e-01 5.302252880721104455e-01 5.209958080883294596e-01 5.273224798228257626e-01 5.331950645793941401e-01 5.274421237979487476e-01 5.267535829772463929e-01 5.161152993679680723e-01 5.246045839056123761e-01 5.224202461128648611e-01 5.168016607572417653e-01 5.173780945469141912e-01 5.267380922892921369e-01 5.281062446368860464e-01 5.168291701328666665e-01 5.248183844755587302e-01 5.244670098237246281e-01 5.215828541343037195e-01 5.288743862089776426e-01 5.247292676540732392e-01 5.224194403679758292e-01 5.227469337965922058e-01 5.180442562817856311e-01 5.172904820401375003e-01 5.268545068787824359e-01 5.115661203876387120e-01 5.141862076074843468e-01 5.222399573922716920e-01 5.266944185142906631e-01 5.173122408337369471e-01 5.260385188818786917e-01 5.236250749720385844e-01 5.249165196677304523e-01 5.104060078437949732e-01 5.186195018033282755e-01 5.200016109860134961e-01 5.213348939702456830e-01 5.168790018685043286e-01 5.178532011423893078e-01 5.162825012979855854e-01 5.107852892430537750e-01 5.167480380942011120e-01 5.103616586456409809e-01 5.165832152840215130e-01
1.644326253542368124e-02 1.292088975729867861e-01 2.606274023713962551e-01 4.464159041757531088e-01 3.930357215464789222e-01 4.710868337702811548e-01 1.000000000000000000e+00 6.369571359485660667e-01 6.730227261606236411e-01 6.361516256391941404e-01 6.612585041070834224e-01 7.386770493912007129e-01 6.659936743179166729e-01 6.536558904947720183e-01 7.881711453042790083e-01 7.425013850758586109e-01 6.930279604480323874e-01 7.152426107158091906e-01 7.432238582028178886e-01 6.469473496228708154e-01 7.346474255760928607e-01 7.407312562598461492e-01 7.644516470867791513e-01 7.468975454374771061e-01 7.518698549883423565e-01 7.657704856321224662e-01 7.403560229729577724e-01 7.807244832044357707e-01 7.718518555923828961e-01 7.733950136781316820e-01 7.804349353103042786e-01 7.804316332463910877e-01 7.354474791551028900e-01 7.643182022967772715e-01 7.410692251953372445e-01 7.366682306373306677e-01 7.730980374386401399e-01 7.650453282693671087e-01 7.710550288972347621e-01 7.594760507595522681e-01 7.659849517620992421e-01 7.770832531044139513e-01 7.726700318811641210e-01 7.803219910985215169e-01 7.818061598606264040e-01 7.816594975439676851e-01 7.664979478834054172e-01 7.672706302356965269e-01 7.679390492164314130e-01 7.453265582166034298e-01 7.607885622599465103e-01 7.499896906321446011e-01 7.641327460779424596e-01 7.598448741176706545e-01 7.670615850251149004e-01 7.685402153416138749e-01 7.560458218488838034e-01 7.666126470822882677e-01 7.596656892936131111e-01 7.668886246732943279e-01 7.736082148525151858e-01 7.616785751256223147e-01 7.596819066968334422e-01 7.621157716810378346e-01 7.645037211933215504e-01 7.640292180087173701e-01 7.704969288908651848e-01 7.826382747442056642e-01 7.805725350703984766e-01 7.822777794196781320e-01 7.834678904005321076e-01 7.787973474828974174e-01 7.921500204349146701e-01 7.882042070653898502e-01 7.818435230124753943e-01 7.802454919324216531e-01 7.892600075510383117e-01 7.873606378899148384e-01 7.821578630158495526e-01 7.701962209152538597e-01 7.853605075856269213e-01 7.781378353161754191e-01 7.739934081607215965e-01 7.664247948023396040e-01 7.749610451193506000e-01 7.863396609868397169e-01 7.770129252706795553e-01 7.791206459043259480e-01 7.811665823712873324e-01 7.746640490405742874e-01 7.892318036426451133e-01 7.816790722637384503e-01 7.812625977692438939e-01 7.824687068914614185e-01 7.725029843565595078e-01 7.723280008366840699e-01 7.758821929494537084e-01 7.581794476299045238e-01 7.694351728240973465e-01 7.732312383424915225e-01 7.817250318998604230e-01 7.712425362349898394e-01 7.774731539004748893e-01 7.760876019613005550e-01 7.788945975530260357e-01 7.604344117642465317e-01 7.704319390508940213e-01 7.709978206439050963e-01 7.768966006638231558e-01 7.703572919714956058e-01 7.710643522505220560e-01 7.693011214832977673e-01 7.628212812683270450e-01 7.688342120180253758e-01 7.674890154675240161e-01 7.696243610444569727e-01
-1.244406821342094321e-02 1.161682217714634785e-01 2.399785805170412400e-01 4.327083467309587039e-01 3.814603523400697527e-01 4.285087553026221130e-01 6.369571359485660667e-01 1.000000000000000000e+00 6.359562515806852501e-01 5.916946202049542247e-01 6.284523414372313876e-01 6.929593163566650782e-01 6.481217944622118532e-01 6.381302140384461641e-01 7.387469320807915629e-01 7.393437401471538717e-01 6.614186442083592743e-01 6.490540142983551863e-01 6.898889519583819574e-01 6.242291062173949134e-01 7.041145385732550110e-01 7.018763131861317506e-01 7.234755674140940229e-01 6.940802152256820845e-01 6.919592656095263639e-01 7.274138542862333967e-01 7.094927481520113544e-01 7.317703669094145491e-01 7.124059008241956370e-01 7.339173231255050611e-01 7.439913551604602215e-01 7.533516049439663576e-01 7.175043273055390358e-01 7.391250123046345655e-01 7.235373592148993671e-01 7.172686229673660430e-01 7.415398260041037304e-01 7.453932072658999708e-01 7.474689256889186506e-01 7.334896082290458530e-01 7.336402868427935875e-01 7.444228999229003385e-01 7.493072319996438857e-01 7.497884776178221911e-01 7.453149565334830084e-01 7.463384970714601607e-01 7.407122324560972970e-01 7.393774357731558444e-01 7.446551362269299146e-01 7.374574486294334097e-01 7.435253063144265928e-01 7.095154071658097417e-01 7.308889475144741965e-01 7.375569847020659875e-01 7.411619641297135797e-01 7.413752682229375335e-01 7.331116285603533900e-01 7.402558317014255040e-01 7.386953005489461654e-01 7.398776604566050796e-01 7.474787589608312688e-01 7.394575404420796749e-01 7.374884028593390317e-01 7.390302558984573889e-01 7.255492966657530740e-01 7.339998475713248594e-01 7.431909743816530467e-01 7.507508601373737989e-01 7.530924181512584914e-01 7.516967560558636130e-01 7.493561771290797591e-01 7.453988589940885312e-01 7.531098153112473215e-01 7.475125987888012746e-01 7.510183709810853703e-01 7.470303185732407592e-01 7.486604535564281848e-01 7.473970632576449891e-01 7.474403237109776832e-01 7.448480169165305753e-01 7.533793321388941866e-01 7.492688657873496361e-01 7.493949766196711382e-01 7.464184278713809073e-01 7.572766986209454876e-01 7.575624497590253137e-01 7.512247964248824905e-01 7.552253921647752444e-01 7.548134769147417655e-01 7.491216584879485385e-01 7.561448075244339151e-01 7.513468502898420498e-01 7.501243735978263549e-01 7.511717992860251769e-01 7.448643116944487774e-01 7.453352666821092543e-01 7.534883896794785096e-01 7.432270164627212683e-01 7.460997969318547973e-01 7.518754612475010424e-01 7.543209278166732590e-01 7.494511856774618286e-01 7.467186728985034661e-01 7.497393731469237377e-01 7.492001076163307127e-01 7.381003270115665815e-01 7.471296417972057569e-01 7.446855972436009496e-01 7.474302212423833414e-01 7.452524267002974545e-01 7.467696255627120916e-01 7.436317049801178802e-01 7.410147588616022851e-01 7.479935658727053793e-01 7.387539418812661962e-01 7.405596498071241873e-01
5.461724020752260073e-02 1.343943447122415702e-01 2.680191090105228380e-01 4.661493014897384879e-01 3.792804854599428066e-01 4.643619227738083888e-01 6.730227261606236411e-01 6.359562515806852501e-01 1.000000000000000000e+00 7.184846323509536115e-01 7.235100664444794605e-01 7.856770087985303075e-01 7.135977547945299149e-01 7.038313238863518340e-01 8.106564394288555686e-01 8.051807220533805376e-01 7.869455264523915750e-01 7.077581078809604964e-01 7.724820683022963763e-01 7.118399616225230542e-01 7.807523709612592677e-01 7.810712823097758495e-01 7.850904350123747433e-01 7.520900266292324110e-01 7.598700766848189847e-01 8.295456183059827238e-01 8.116761053367317347e-01 8.069828436282255879e-01 7.955752291189549519e-01 8.421502295431727569e-01 8.478120125981826183e-01 8.451836758853197296e-01 7.779775432213996700e-01 8.168243998808747408e-01 7.919398407895608116e-01 7.872456040818208711e-01 8.273923481877043518e-01 8.354631234245456506e-01 8.338562853571253042e-01 7.853320758274793256e-01 8.424424397556349309e-01 8.382120443114021713e-01 8.292704849853392846e-01 8.501471430562143050e-01 8.394888465138747868e-01 8.381774500832279706e-01 8.547516494831806089e-01 8.545016871243189538e-01 8.565791508416975564e-01 8.257786359411564137e-01 8.456344810469609286e-01 8.011946785358954326e-01 8.353251176198775996e-01 8.549770231179839586e-01 8.456586073009841886e-01 8.469304984689978166e-01 8.468111532991795531e-01 8.463801946635057805e-01 8.453132294523595380e-01 8.576398637470582509e-01 8.567782515207525984e-01 8.521294537334147545e-01 8.417246489844321111e-01 8.568807559727367185e-01 8.519544164885783921e-01 8.589641961075958898e-01 8.571249474348618946e-01 8.531151942716620473e-01 8.547536260746193548e-01 8.508658833392215293e-01 8.523488662398707172e-01 8.557445467588712384e-01 8.455764491016157791e-01 8.460930193033204816e-01 8.565197748097221897e-01 8.544607376693815759e-01 8.492004878786481026e-01 8.513650697366847986e-01 8.492668326661345635e-01 8.578188786584850511e-01 8.523234313137738605e-01 8.580107578320705919e-01 8.519157308490590275e-01 8.470713054092021688e-01 8.494391007655620607e-01 8.530083589710331093e-01 8.476459871666595092e-01 8.520601374666093575e-01 8.519797866195188973e-01 8.524993132878799784e-01 8.396771046854319964e-01 8.553929080002288243e-01 8.529498099109160680e-01 8.526573519793417821e-01 8.567948852113820291e-01 8.563437077362681116e-01 8.441113095785734988e-01 8.549595001268174288e-01 8.564781503537920448e-01 8.535194603292852733e-01 8.509066430481911913e-01 8.544635026342246586e-01 8.544851821851955354e-01 8.565233704080865706e-01 8.584193839288870587e-01 8.541398934245749697e-01 8.582481642480900286e-01 8.571900862838262025e-01 8.545160103093317749e-01 8.567791230211507791e-01 8.487719561204439822e-01 8.575896592329370627e-01 8.536151962574509700e-01 8.586019460376390633e-01 8.576742764401279473e-01 8.599046446447031755e-01
2.983668449826399477e-02 1.635825810928263346e-01 2.557668071693834921e-01 4.509694345571084173e-01 3.665152693212308521e-01 4.233378566496392992e-01 6.361516256391941404e-01 5.916946202049542247e-01 7.184846323509536115e-01 1.000000000000000000e+00 6.835159462790560969e-01 7.353548027947501842e-01 6.712860657307464507e-01 6.684444906432992495e-01 7.715187223164423624e-01 7.430942636248164535e-01 7.159329435513723805e-01 6.635798904970789946e-01 7.168038093976430991e-01 6.436243475207907849e-01 7.249863562295814079e-01 7.236295009055561112e-01 7.432531093770491371e-01 6.989742147497953750e-01 7.120429469400254563e-01 7.683982845837684650e-01 7.563649465592084953e-01 7.691379876278201522e-01 7.444592302624880586e-01 7.870770474484606316e-01 7.915879337646896108e-01 7.839835722559235220e-01 7.341168608507897542e-01 7.504882897046050161e-01 7.452230505316590481e-01 7.315893364468848414e-01 7.718120938425079292e-01 7.733583338409641961e-01 7.812806251657739010e-01 7.390341690623611903e-01 7.905392575598518823e-01 7.819434421103265143e-01 7.690879757698575458e-01 7.898714134293192135e-01 7.860521176861005044e-01 7.910217357776493374e-01 7.990141584173591216e-01 8.022485525944565987e-01 7.898820457632941272e-01 7.445162780093115273e-01 7.753896809622708997e-01 7.289697937877375189e-01 7.695217104518949913e-01 8.002676567745851122e-01 7.860031870218511241e-01 7.975522388109131944e-01 7.824329064770023656e-01 7.926332233994668464e-01 7.873361127353801781e-01 8.026100026516845842e-01 7.957637194200838371e-01 7.983555525414421927e-01 7.875602945129038801e-01 7.903810912311239889e-01 7.917617285628587576e-01 7.968073423872177319e-01 7.997368625569969414e-01 7.996372185116820130e-01 8.002502705882255096e-01 7.935992392545019314e-01 7.958912844234931061e-01 8.006176842503395230e-01 7.928158327660188576e-01 7.918912711791471493e-01 7.995217725968156719e-01 8.002918716859706016e-01 7.958092122952146186e-01 7.942155681680566071e-01 7.958412105780482415e-01 8.010441577150851922e-01 7.997357441559961311e-01 8.031128628236092748e-01 7.980357970389688749e-01 7.931561451722854983e-01 7.885651394592243513e-01 7.939514161007599213e-01 7.945497574735747026e-01 7.973174284200823525e-01 7.974395906355342678e-01 7.997274995387310126e-01 7.903560632921686757e-01 8.021661828446644549e-01 7.985641917788972588e-01 8.010280177723251294e-01 8.009240314906473923e-01 8.038505880786871449e-01 7.758422731787634197e-01 7.849541148520848832e-01 7.964502794705307087e-01 7.900871623735439275e-01 7.919206850972401179e-01 7.969439709907707448e-01 7.942308835911405795e-01 7.971340261607320343e-01 7.953131261118701056e-01 7.943595140451633618e-01 7.984501592591684016e-01 8.039806885399992664e-01 8.016164269946741694e-01 8.007729713541844596e-01 7.978399166913794360e-01 8.033499452537521401e-01 8.006297411125090635e-01 7.980130690896510837e-01 7.972129834856794828e-01 8.005281174483703799e-01
9.521806025844552690e-04 1.394205903999722884e-01 2.712309107446709278e-01 4.611044138493827771e-01 3.583985489781387757e-01 4.539119806905737020e-01 6.612585041070834224e-01 6.284523414372313876e-01 7.235100664444794605e-01 6.835159462790560969e-01 1.000000000000000000e+00 7.866108787034513661e-01 6.864506496271979286e-01 6.908289652875341247e-01 7.969595332026445655e-01 7.753047376234695198e-01 7.513094919920997317e-01 7.047321787338830523e-01 7.724865711831730986e-01 6.600601673377063383e-01 7.570085667700880983e-01 7.640139029964809758e-01 7.793511627220129911e-01 7.436387865917247764e-01 7.562973013766844943e-01 8.074902837578982195e-01 8.008916900437440534e-01 8.078065034200464511e-01 7.825535905429059635e-01 8.191580022299203012e-01 8.369496848042954351e-01 8.251560228849627032e-01 7.737121247958254067e-01 7.967845238948307873e-01 7.837834371339158501e-01 7.759425975340872306e-01 8.144307512742947619e-01 8.142002239898314953e-01 8.182728334272945103e-01 7.888635927799098058e-01 8.149917382385345466e-01 8.193103794692415676e-01 8.150702009448118623e-01 8.252913185087347170e-01 8.179259358643192757e-01 8.214180982103630457e-01 8.246835972227932743e-01 8.290640359127608994e-01 8.299709677298982013e-01 7.983365271843638755e-01 8.153050002439061750e-01 7.793503570080476672e-01 8.095288662435268234e-01 8.282529910234142090e-01 8.230343355166688246e-01 8.270292028012872221e-01 8.232736009090682039e-01 8.239889187372732016e-01 8.211846771688866564e-01 8.283584727545911797e-01 8.285762260001577895e-01 8.266734765272413243e-01 8.226722606977617813e-01 8.251867101079992661e-01 8.213970474062212146e-01 8.268236667231088077e-01 8.299318990776908267e-01 8.337120240709701147e-01 8.316533365828201463e-01 8.234640154323037420e-01 8.306934062510018535e-01 8.316680350803810073e-01 8.290233923152081630e-01 8.292335109797024373e-01 8.337287751489514953e-01 8.310235210710043008e-01 8.339624331455173234e-01 8.292895988906889837e-01 8.326194500147354738e-01 8.326789130688552198e-01 8.328095631788073883e-01 8.341051588819402562e-01 8.303111111316866522e-01 8.239199207614757992e-01 8.306443718722739122e-01 8.326694412225211783e-01 8.298386028839261908e-01 8.328166004224802910e-01 8.309562560996416325e-01 8.323251754367125832e-01 8.300991197372920016e-01 8.345376880767597649e-01 8.331506242742529045e-01 8.345381872360854159e-01 8.313951473473129017e-01 8.341753590434619614e-01 8.271604244289658681e-01 8.270334540365876785e-01 8.324583385681584291e-01 8.331580630882789995e-01 8.329992869776657871e-01 8.329367463200133548e-01 8.298619667146337475e-01 8.322341358636319297e-01 8.332274111239215131e-01 8.307763240519958625e-01 8.333606303203260346e-01 8.322862935352050018e-01 8.329087169278316383e-01 8.325050981678278061e-01 8.316275591457529259e-01 8.318829702156168571e-01 8.299770365014318418e-01 8.321316026164853330e-01 8.282129468528284244e-01 8.330134942501695727e-01
2.023732381406205538e-02 1.434912313795786432e-01 2.770045068767481022e-01 5.060015915401934183e-01 4.067394598781163828e-01 4.883544002258042860e-01 7.386770493912007129e-01 6.929593163566650782e-01 7.856770087985303075e-01 7.353548027947501842e-01 7.866108787034513661e-01 1.000000000000000000e+00 7.577371064038133097e-01 7.436805410387458126e-01 8.756578809432596922e-01 8.502037860685358606e-01 7.989899919035235998e-01 7.616695408541337420e-01 8.273975086253699818e-01 7.389040086421265752e-01 8.345702242333806753e-01 8.328755427336438366e-01 8.505544864910956626e-01 8.094058774277981261e-01 8.266023521760114123e-01 8.818985622633055410e-01 8.613496124718873492e-01 8.807737815644799406e-01 8.580333176486143465e-01 8.915299282962093619e-01 9.083936298675807652e-01 8.979990518142578759e-01 8.514728166165108636e-01 8.678567646013995995e-01 8.599441419386609775e-01 8.485868933327161967e-01 8.836226971875940084e-01 8.886876962972056759e-01 8.949389245803535120e-01 8.696309637231933731e-01 8.897400491470324191e-01 8.967221638534211836e-01 8.930190680313411233e-01 9.012404763422579013e-01 8.973580225157468115e-01 8.979042167089102966e-01 8.979202982178751125e-01 8.972753795522250275e-01 8.956492812480937316e-01 8.710765696537193792e-01 8.912445504695725162e-01 8.520979243837503159e-01 8.806985319797010492e-01 8.921945501203912832e-01 8.894786479113153677e-01 8.993168585972589613e-01 8.866080220209230367e-01 8.975637915100126429e-01 8.925861864430564285e-01 8.987490162866028642e-01 9.034175774699456651e-01 8.989435605664068962e-01 8.936118420959779929e-01 8.935194453593066077e-01 8.881414470078167200e-01 8.932726993659718673e-01 9.012571441987390353e-01 9.028669331065097836e-01 9.059286547475700058e-01 8.994355492174906930e-01 9.039145192702323639e-01 9.041400730654837181e-01 8.997560838128414451e-01 9.020894552126209609e-01 9.081247854942362530e-01 9.058740812250677399e-01 9.072235420442783527e-01 9.047217648413544699e-01 9.066451948838222252e-01 9.018572555997286244e-01 9.065497875600716515e-01 9.056579995866731458e-01 9.018104930067178948e-01 8.982953608304554693e-01 8.996232661359042648e-01 9.051089747242898609e-01 9.031784348949705166e-01 9.054303662315064116e-01 9.070349867738918270e-01 9.043123437100580864e-01 9.040406369550966215e-01 9.066845330278088255e-01 9.068131125416106775e-01 9.082841518007914727e-01 9.034890865192061193e-01 9.043632871020386155e-01 8.974209434726981849e-01 8.929807863587906347e-01 9.017195770562439483e-01 9.025973122143918781e-01 9.058496253377865681e-01 9.039306318745754520e-01 9.017634247988149943e-01 9.056545812534311235e-01 9.045899548110138966e-01 8.959881190883147717e-01 9.019105614530651405e-01 9.025615875525294651e-01 9.044692138935539472e-01 9.031807251595785901e-01 9.031652279014511508e-01 9.029814384742568256e-01 9.001385194782789423e-01 9.031041458639873509e-01 8.971061200925154466e-01 9.017480449252267549e-01
3.251976541239062768e-02 1.301248011562411988e-01 2.469238002864894699e-01 4.536478503140871088e-01 4.069165994813208065e-01 4.341077359009617997e-01 6.659936743179166729e-01 6.481217944622118532e-01 7.135977547945299149e-01 6.712860657307464507e-01 6.864506496271979286e-01 7.577371064038133097e-01 1.000000000000000000e+00 6.860253922000840721e-01 8.020253764466909185e-01 7.902818861841535147e-01 7.338756442070948349e-01 6.905969869955123075e-01 7.474869808021274986e-01 6.638962563052256405e-01 7.531080788095771972e-01 7.547415041783798184e-01 7.705089307183536906e-01 7.415012262648955632e-01 7.495700260240277801e-01 8.046581757616235731e-01 7.885773805634531675e-01 7.870205118736832706e-01 7.674398753714080090e-01 8.138427054753304413e-01 8.159294959478410325e-01 8.103528771712606993e-01 7.485718483454393279e-01 7.754993201711254391e-01 7.617402677576592396e-01 7.610021430132577480e-01 7.929125274177520888e-01 8.020747156170522363e-01 8.079851461989440153e-01 7.687227178526760962e-01 8.170885418919787702e-01 8.133506121922720045e-01 8.106261320919818658e-01 8.212557843827001935e-01 8.082458376811573197e-01 8.209299577346156340e-01 8.284130103420839220e-01 8.277370329691562389e-01 8.247233545314947012e-01 7.855608377216843907e-01 8.147940397413943048e-01 7.695036640238496206e-01 8.086676068623014357e-01 8.255032584743415836e-01 8.187803246403768664e-01 8.228093308073031187e-01 8.120617192128340989e-01 8.228951699383183493e-01 8.209923226007901365e-01 8.327813583423450128e-01 8.302839297798629836e-01 8.268542516147563415e-01 8.148186129882725171e-01 8.242310314169167818e-01 8.182682604834502493e-01 8.231195940104909514e-01 8.301009479020865500e-01 8.291445321202991492e-01 8.275924905579193913e-01 8.258337956825826387e-01 8.275844104326985917e-01 8.302084764897764702e-01 8.225137819017321883e-01 8.263600467063776378e-01 8.312574829802196197e-01 8.270462118509295246e-01 8.262228462872693857e-01 8.236630675115499400e-01 8.258867451415283778e-01 8.320881775912836176e-01 8.260260409116531033e-01 8.302541508216046973e-01 8.261246277062819221e-01 8.187405745934813739e-01 8.178651054922109198e-01 8.234585993726275532e-01 8.221178948021397037e-01 8.293503118692908682e-01 8.281530834870056701e-01 8.276738154960668892e-01 8.165737893552456050e-01 8.309321009199411856e-01 8.298720496509891520e-01 8.295019421021698758e-01 8.337769172640610016e-01 8.315575443656074706e-01 8.171401902882924340e-01 8.205473138804855182e-01 8.309352307985321540e-01 8.288021411908641500e-01 8.281303517584515106e-01 8.304930773605557759e-01 8.286762646865238890e-01 8.311776022102367323e-01 8.283636228430152348e-01 8.229887307738363855e-01 8.316553398891916027e-01 8.316899381843592121e-01 8.294628254706647441e-01 8.327327694084144527e-01 8.271869521608097298e-01 8.345019517287199928e-01 8.300144713551416142e-01 8.311926748832116907e-01 8.263456224907945735e-01 8.302410678075246020e-01
