1.000000000000000000e+00 2.200814100347597835e-01 8.142074234264459753e-02 -7.271989651127316878e-02 5.290414451054574474e-02 -1.247450632011522752e-02 3.446517718571826677e-02 1.225308453292256634e-02 1.928386770879477186e-01 1.079963877577187481e-01 1.094776021434283077e-02 -2.935008627196038569e-02 1.897095014584672043e-02 5.194654584645051060e-02 9.483302277549534448e-03 3.231139377474143582e-03 1.426361907139693797e-01 1.692882788026484342e-01 1.417252724073505832e-01 7.869581616455911810e-02 4.378808064255545335e-02 4.388052963734234008e-02 2.319202366636523849e-01 1.804694065794839597e-01 1.267566342347857811e-01 1.226429638430754504e-01 9.284667168934614134e-02 1.398092195181803721e-01 1.865841260456741202e-01 1.872414378750988373e-01 1.069153098723780448e-01 1.094233861117447221e-01 1.531971948205233802e-01 1.294478547337543917e-01 1.469956886446264210e-01 6.148307093861823253e-02 9.105995904990744905e-02 5.149634480393679853e-02 3.653501341987074741e-02 -3.095002770324508864e-02 6.431748448648809402e-02 2.402167700890101357e-02 -2.476529541729033043e-02 8.998284674347281631e-03 5.622603592966497754e-02 2.592745677448881833e-02 3.579698752978176246e-02 5.011295717083540102e-02 3.975992292016473917e-02 8.328479481304650392e-03 1.265129301217599207e-02 -4.395551058278259621e-02 -1.217008047427673226e-02 8.084404240891782112e-02 7.485407689528231212e-02 6.620364799957330348e-02 5.773276992281211467e-02 3.802984585544354201e-02 1.084517123444663292e-02 5.840149116029260540e-02 1.329233984007091585e-02 2.448048892318461026e-02 1.449226163577436652e-02 1.599738818966637416e-02 6.262921611532541732e-02 6.182863866638663858e-02 3.804116532245570281e-02 5.566280116301308006e-02 8.031880043174696726e-02 4.164333394453278298e-02 1.573714914832103528e-05 4.640507759978033248e-02 8.240691928984472669e-02 6.596739461172598795e-02 3.990871879944112716e-02 6.623897220263863517e-02 5.813545593292647473e-02 8.595396586686482321e-02 4.894792634058137137e-02 7.826458652179704711e-02 8.135915037547912509e-02 3.735899723957485097e-02 9.479558623037526166e-02 8.661357272864229906e-02 4.577279452571065416e-02 6.354636270633569339e-02 3.541278487677231024e-02 3.376114572358639848e-02 2.699480094629396615e-02 6.171622223915504413e-02 3.488175946636767888e-02 1.756101266068047298e-02 2.284117692863272056e-02 1.356238273025900387e-02 1.263476051530700896e-02 2.088501948345165143e-02 1.334730822516369368e-03 4.977970574378980800e-02 1.174749225514747433e-02 1.460546723211702223e-02 1.196343078305656983e-03 1.831030614733144060e-02 -2.693154361445123952e-03 4.534701542274814060e-04 1.745480452546891922e-02 5.883636312538373381e-02 3.749468087783940085e-02 1.877667563304572657e-02 4.252854449428489225e-02 2.668219975606569982e-02 1.653397698420451187e-02 3.137766263117101190e-02 1.681447815695897782e-02 2.462566854458607055e-02 3.894221908913025193e-02 3.464206093988159152e-02
2.200814100347597835e-01 1.000000000000000000e+00 7.720841995822366743e-02 -7.816701881258884127e-03 9.955255631321155430e-02 5.105446779218626024e-02 1.460565572347694852e-01 9.178857152877463454e-02 2.030953396196367999e-01 2.097454346684723692e-01 8.292357991521527583e-02 5.907886352364714183e-02 1.029507229200960911e-01 1.227933349200124036e-01 1.351815852774052862e-01 1.279250730345497800e-01 1.742984963938740417e-01 1.510390008120357230e-01 1.617636342204730460e-01 1.154454982051821982e-01 5.749458058994655341e-02 8.981588071272601781e-02 2.170844448077004774e-01 1.647757515191194955e-01 1.545400930521375060e-01 2.005475505852152285e-01 1.734517937952665956e-01 2.048186062726247425e-01 2.508883198101340417e-01 2.369574481905994956e-01 1.983594270540162685e-01 1.632056615876195937e-01 2.017110872881819061e-01 1.620332588211028657e-01 1.984286810830117320e-01 1.372653646883131018e-01 1.782708000626964939e-01 1.548447722024809126e-01 1.462785081076467264e-01 1.087375152020388924e-01 1.650319784279011825e-01 1.424971837816138565e-01 1.101036306191375547e-01 1.237334317436551145e-01 1.562813454418251202e-01 1.463917661661978953e-01 1.423342538309968486e-01 1.543179700705893387e-01 1.488878324038025724e-01 1.076053586018717867e-01 1.299730687413694907e-01 5.419989427800139120e-02 1.127520362137260090e-01 1.716457777056233647e-01 1.669040963572760439e-01 1.728408471948391090e-01 1.388359913434003001e-01 1.519833853798363832e-01 1.332123561951029656e-01 1.500797428010041956e-01 1.310707231314952592e-01 1.378974380154598389e-01 1.325723474762023069e-01 1.259169878737929349e-01 1.382979749860515084e-01 1.503485630383124827e-01 1.400374680829452878e-01 1.462530838804516897e-01 1.673803617168991287e-01 1.324323622852435212e-01 1.039262793659076062e-01 1.445405610191046741e-01 1.595091984482425174e-01 1.479834571082270234e-01 1.547366988762559625e-01 1.642682905493135503e-01 1.696952380091923673e-01 1.865276599868720131e-01 1.609159411907344350e-01 1.768952684353941041e-01 1.720434944104342334e-01 1.547427188312700264e-01 1.762791527094241251e-01 1.729499586891071194e-01 1.466870466092939085e-01 1.534602430590670807e-01 1.450972194018824435e-01 1.492839054930734932e-01 1.420753552196767910e-01 1.654117219333124944e-01 1.494841604016690362e-01 1.400088881275753094e-01 1.394099491576259731e-01 1.381059578020538692e-01 1.355864753329492634e-01 1.385851342738306791e-01 1.170562147080613791e-01 1.410698169719692141e-01 1.303088624678664098e-01 1.350563496167613287e-01 1.255605090203266161e-01 1.302485655297221656e-01 1.151421139522334769e-01 1.238035599959936561e-01 1.199991829026900853e-01 1.442988891681946939e-01 1.425878636912624453e-01 1.404099685851681600e-01 1.543340702476524162e-01 1.442269980636795845e-01 1.356512852706867056e-01 1.417630269897712791e-01 1.335656364705624655e-01 1.340356440912965630e-01 1.388447018622686047e-01 1.334226367614788356e-01
8.142074234264459753e-02 7.720841995822366743e-02 1.000000000000000000e+00 2.455613932473162953e-01 1.321466760605320145e-01 1.360661643976736890e-01 2.094026164315799798e-01 2.334530811476381862e-01 2.408398377091664211e-01 2.212139525602994372e-01 2.433455023558715458e-01 2.522839148081275074e-01 1.962648051581354358e-01 1.707812111714043790e-01 2.471328853536190751e-01 2.386634295302544895e-01 2.517939900541081300e-01 2.404015589407687281e-01 2.728693561873495876e-01 1.968916417414170450e-01 2.491571352051834831e-01 2.777805948160714800e-01 2.479550851881340556e-01 2.487997228581208808e-01 2.727150100055088511e-01 2.699677468702891825e-01 2.804291096050361976e-01 3.108194684797945251e-01 2.709324318386748254e-01 2.835996986565504363e-01 2.830682896644712288e-01 2.620945764924988430e-01 2.856239142333126257e-01 2.847540435288437033e-01 2.943024323419148880e-01 2.760549596130645877e-01 2.817214507539095858e-01 2.804554955799780647e-01 2.828950801521329939e-01 2.709837837905609281e-01 2.739150404756997004e-01 2.744335483708164602e-01 2.566271348851484890e-01 2.689681679428534422e-01 2.826080893704011610e-01 2.684865424640858200e-01 2.602156300894860608e-01 2.571949811116984175e-01 2.498923473397481609e-01 2.751708275085317235e-01 2.644657190053357199e-01 2.674814431889081523e-01 2.483577693380130680e-01 2.498751119768706230e-01 2.474007232736555040e-01 2.627464491580724371e-01 2.508277052846228927e-01 2.598836591193548484e-01 2.503327246926554950e-01 2.532137287918403423e-01 2.566836196397367931e-01 2.437091373714238562e-01 2.536124727551027358e-01 2.543728243524167043e-01 2.611646945691137311e-01 2.538544937573958826e-01 2.523216447693075737e-01 2.670628912795237064e-01 2.612308563881172718e-01 2.652440978134520955e-01 2.693079531188844467e-01 2.739847167316022958e-01 2.727509601543706141e-01 2.736490794111120506e-01 2.696066524891823635e-01 2.793831187325561127e-01 2.758048554831989407e-01 2.697670009300931482e-01 2.666382225484849045e-01 2.657160912289148746e-01 2.752116022945417795e-01 2.718104429890833007e-01 2.627546493270656591e-01 2.735189495053809150e-01 2.687858655931180119e-01 2.744250190122284883e-01 2.744235093821948412e-01 2.594699994160937218e-01 2.631464821421284905e-01 2.594708514626600238e-01 2.703648704945945669e-01 2.664849137326666395e-01 2.695279309822072311e-01 2.633171554439508455e-01 2.543598784051300243e-01 2.556235607819246081e-01 2.600218935695224887e-01 2.568941209840231998e-01 2.570021224376775604e-01 2.600354031745174543e-01 2.598262662177936999e-01 2.598542402700301235e-01 2.552233287302688725e-01 2.623890585124765140e-01 2.659087496061966482e-01 2.495156795166893204e-01 2.553908513586797269e-01 2.536031394634981062e-01 2.562555422616285550e-01 2.601356575627204459e-01 2.565185730506299167e-01 2.570054534682357783e-01 2.522600491641806553e-01 2.538659432603409538e-01 2.643038377399639094e-01 2.538046162670902217e-01
-7.271989651127316878e-02 -7.816701881258884127e-03 2.455613932473162953e-01 1.000000000000000000e+00 2.181805026701061634e-01 2.452155178646440725e-01 3.201947991561616691e-01 4.097816809763748513e-01 3.594420894692483270e-01 3.123474534209912945e-01 4.350960640433633730e-01 5.047044644900824384e-01 3.886963526881582198e-01 3.402784495918879104e-01 4.428658161053214970e-01 4.563511950920861038e-01 4.053779937102489073e-01 3.347735837625347433e-01 3.890382042729866319e-01 4.121279822103890433e-01 4.789021223985271414e-01 4.879445305632509888e-01 2.975011042962393271e-01 3.170048372306533691e-01 4.003371790247401973e-01 4.129033209663239279e-01 4.421768391760019790e-01 4.011266553960702308e-01 3.649354651364560276e-01 3.543234217774691719e-01 4.155160869011985114e-01 4.311100227048250133e-01 4.009214313158472875e-01 4.108623348297432143e-01 3.861371602066184239e-01 4.749576354437167747e-01 4.040528820302234370e-01 4.342775045710323134e-01 4.524787829120500704e-01 4.687614006586200976e-01 4.497638672033888452e-01 4.546502749511299735e-01 4.857291224874675795e-01 4.861628798188413758e-01 4.522387349794567690e-01 4.626864328987481678e-01 4.639478353487402340e-01 4.544649911310658097e-01 4.562396775105932445e-01 4.858437067795262077e-01 4.671544018350315408e-01 5.281061987776165534e-01 4.735558240609276659e-01 4.295878312798533938e-01 4.371449977000738674e-01 4.345146279018803903e-01 4.735140670534075391e-01 4.583172058656733161e-01 4.565562129535101765e-01 4.671683083864267561e-01 4.742347915450315088e-01 4.601353561067716980e-01 4.712515369989702663e-01 4.698331618766551920e-01 4.673780190355643072e-01 4.678176001924104765e-01 4.585127156395134018e-01 4.548914828988090409e-01 4.363604245810472348e-01 4.862815274385008379e-01 4.972670451018265658e-01 4.614389928125379181e-01 4.347096653210235639e-01 4.548583785852359229e-01 4.612686420338476534e-01 4.610771670494918095e-01 4.489632908521445365e-01 4.249206910209317734e-01 4.483409487622657119e-01 4.372032079986895026e-01 4.401239579834179128e-01 4.546410529112612786e-01 4.350725231431518125e-01 4.359970253896104375e-01 4.603379631012229911e-01 4.550392678939925717e-01 4.538441794363468618e-01 4.540549733455178094e-01 4.616994264647593105e-01 4.463194940527041021e-01 4.584718735685188729e-01 4.656311391033182145e-01 4.654404504061713244e-01 4.705341067145531464e-01 4.607558712491561792e-01 4.606286514383626240e-01 4.884322439898561297e-01 4.733664901303873407e-01 4.730505491706074594e-01 4.687627511828926785e-01 4.735388310807294721e-01 4.791492491335208048e-01 4.892299142905635612e-01 4.807033045383887759e-01 4.878190263142690997e-01 4.638383787454312679e-01 4.620856886788310969e-01 4.564485494264067245e-01 4.457925171886740201e-01 4.612180315593304436e-01 4.624132154663821992e-01 4.659032423583986948e-01 4.660060242502546135e-01 4.673093418030643820e-01 4.697063727101367103e-01 4.739796568522302578e-01
5.290414451054574474e-02 9.955255631321155430e-02 1.321466760605320145e-01 2.181805026701061634e-01 1.000000000000000000e+00 2.095510950113942950e-01 2.963512299592355737e-01 3.541214871005222142e-01 3.896706441005538535e-01 3.424988785850975326e-01 3.702639082232686008e-01 4.077037730858565356e-01 3.737669319405798607e-01 2.730195257961808286e-01 4.050300696430253478e-01 4.252797300803433100e-01 3.810774139612051470e-01 3.507052247471643125e-01 3.842290390330588834e-01 3.508405045532880240e-01 3.944543416415154380e-01 4.076755715861216101e-01 3.486907356656596679e-01 3.354432595853912846e-01 3.936380556484883053e-01 4.248864241881963322e-01 4.311121176740406180e-01 4.006645597747368615e-01 3.896781351033908880e-01 3.772293862233262463e-01 4.183958106451935999e-01 4.112385163392461851e-01 3.586249556093869528e-01 3.994424432377895462e-01 3.778659478581878339e-01 4.130044193503656924e-01 4.131451282051332163e-01 4.053468879209862763e-01 4.149632498561072191e-01 3.933183900467931982e-01 4.304065499820829976e-01 4.251408924896905583e-01 4.181029420797506835e-01 4.278693513758317080e-01 4.214907784833780147e-01 4.265911068829068009e-01 4.307374869138996254e-01 4.305735235130540572e-01 4.267919050798418268e-01 4.065828339562154170e-01 4.183380143288809028e-01 4.280989242259081728e-01 4.166650172643205363e-01 4.254199646661979695e-01 4.290618503793708904e-01 4.276937851541926516e-01 4.322124153787370582e-01 4.273782776650735804e-01 4.197605507133195246e-01 4.392994515774222841e-01 4.226850900995950400e-01 4.253116980820525472e-01 4.265883141463441830e-01 4.207417207926920089e-01 4.308703384227603461e-01 4.378533658075802748e-01 4.287334705517539812e-01 4.275046519192218231e-01 4.231497294012235844e-01 4.420050498090380420e-01 4.359054890768820356e-01 4.306032705244082215e-01 4.155272886235032437e-01 4.300306837992102227e-01 4.352152712210223817e-01 4.306273312319084945e-01 4.259231256514914299e-01 4.230428466806002707e-01 4.330187051707647949e-01 4.231892921981434408e-01 4.250762481302928220e-01 4.263487919697839801e-01 4.211852440264651221e-01 4.124050512741604391e-01 4.234920433710441245e-01 4.242850858136612557e-01 4.169549587878141894e-01 4.212577072332594486e-01 4.224374663416000097e-01 4.254042021486418301e-01 4.200241274890789134e-01 4.260233420842188812e-01 4.295402584084506703e-01 4.214941085323430925e-01 4.263902660444353065e-01 4.267065093325350111e-01 4.280892808414106798e-01 4.344837567567869097e-01 4.284175196616183401e-01 4.240440828946172025e-01 4.279104595299078051e-01 4.321134799327345233e-01 4.300967759604320539e-01 4.281619867669934631e-01 4.336468585992640512e-01 4.339225748220699730e-01 4.285167543237160537e-01 4.236040830825260617e-01 4.277715771836609338e-01 4.299728334304963595e-01 4.276569667692382004e-01 4.329917025594086089e-01 4.258774662103435582e-01 4.269859914136704404e-01 4.305954148787015101e-01 4.311296489719487202e-01
-1.247450632011522752e-02 5.105446779218626024e-02 1.360661643976736890e-01 2.452155178646440725e-01 2.095510950113942950e-01 1.000000000000000000e+00 3.805910897202944287e-01 3.712268587980332990e-01 3.876703613766633305e-01 3.814376248715660722e-01 4.109571155226107719e-01 4.256850793969189084e-01 4.056932422215526746e-01 3.052246353669268997e-01 4.595870830150158293e-01 4.441855779006231297e-01 4.134323951627270066e-01 3.724070759136038355e-01 3.894186319164347765e-01 3.106633653865735201e-01 3.926965046125364123e-01 4.113591543158650055e-01 3.766596834783074721e-01 3.498503602392638023e-01 3.945031431602349925e-01 4.590552645402096732e-01 4.576531898586702063e-01 4.420579777453241266e-01 4.387127156514081805e-01 4.277623241517887198e-01 4.656759585769602583e-01 4.531860197206057372e-01 4.175507613823217778e-01 4.386669449531394038e-01 4.376959287730373682e-01 4.495378685471521640e-01 4.564651296609180675e-01 4.717522928305173946e-01 4.767494112767781123e-01 4.663793071641958443e-01 4.767186126948300684e-01 4.840186609124503270e-01 4.715681481288408472e-01 4.769093704899261543e-01 4.738871998604470281e-01 4.845099813350203233e-01 4.839322111476917487e-01 4.788306158133093793e-01 4.783572050842307410e-01 4.666960434721880713e-01 4.750098461058477328e-01 4.600537295571595076e-01 4.761893892115242055e-01 4.705661812337819661e-01 4.721079201410188220e-01 4.755161087682757137e-01 4.702353053233067626e-01 4.838941993835660371e-01 4.806089438867810482e-01 4.815745409818298350e-01 4.834209728718780741e-01 4.828697245700950824e-01 4.819731772538207171e-01 4.761286692240992990e-01 4.740971495544834546e-01 4.711507856890632673e-01 4.792608033111740995e-01 4.773903436898458974e-01 4.746703313328733964e-01 4.753809135486592452e-01 4.791505791935231628e-01 4.833717715039932417e-01 4.687600943482624904e-01 4.732632194461787178e-01 4.877547644058266574e-01 4.805688107517356866e-01 4.820849169097157771e-01 4.737652867627675235e-01 4.806734419143161019e-01 4.746333723167429075e-01 4.782939501400003679e-01 4.859576204487744411e-01 4.727596033143967036e-01 4.703862705798327881e-01 4.778433528059350399e-01 4.777546748563671897e-01 4.821732124713992151e-01 4.840786102480669761e-01 4.833476967687724835e-01 4.799831494588797098e-01 4.848196173923782215e-01 4.867101542038129725e-01 4.841931876282257741e-01 4.883779728750019533e-01 4.870851929613123077e-01 4.854436402037912157e-01 4.801334862078910359e-01 4.676145036248681164e-01 4.814956039215303463e-01 4.837709566234367764e-01 4.887540071868345937e-01 4.828137649439833701e-01 4.849088745453453697e-01 4.885505493667355870e-01 4.833149417268871595e-01 4.697708145304316241e-01 4.795110956959146575e-01 4.856438879215192461e-01 4.839571705880635899e-01 4.867489376841388493e-01 4.851862136380418189e-01 4.851500556004113007e-01 4.835976243436834188e-01 4.832498469273497910e-01 4.827679393137238040e-01 4.799185338596920203e-01
3.446517718571826677e-02 1.460565572347694852e-01 2.094026164315799798e-01 3.201947991561616691e-01 2.963512299592355737e-01 3.805910897202944287e-01 1.000000000000000000e+00 5.536196010671617929e-01 6.031359802416876859e-01 5.743981793446087947e-01 5.910794315397236431e-01 6.242459095562605809e-01 6.083547274443685815e-01 4.822080030275122664e-01 7.180304892169065978e-01 6.601458875187156128e-01 6.107273979732943392e-01 5.502075494344849105e-01 5.728879085755059775e-01 4.733980312909112920e-01 5.374163228879016430e-01 5.882440120980890752e-01 5.843423256151341061e-01 5.233748935558412141e-01 5.917595131245689810e-01 7.015961738727268804e-01 6.819214616546560581e-01 6.930755189488122525e-01 6.882652038333516575e-01 6.832423876530266948e-01 7.111995895174906268e-01 6.978180717687594292e-01 6.616416664441706619e-01 6.547148710240682234e-01 6.832911480907158941e-01 6.665676242981501964e-01 7.074404091401713668e-01 7.238896164750359130e-01 7.210275452662070483e-01 6.953907614520266067e-01 7.177318969710489993e-01 7.234424964549754922e-01 7.158224627885667601e-01 7.198954089401673473e-01 7.164352360968060385e-01 7.273277936084618922e-01 7.212946802181304795e-01 7.259677214139574897e-01 7.201229051857155339e-01 6.971943030911792460e-01 7.198858251644422168e-01 6.523868600158974074e-01 6.960619457999541737e-01 7.209722084588184865e-01 7.199557337896815845e-01 7.302634738349335075e-01 7.092401314708571824e-01 7.253687015189529408e-01 7.305579681565842476e-01 7.171619094426877616e-01 7.257552529722445245e-01 7.217453276089095260e-01 7.179893866435472782e-01 7.203499031738630487e-01 7.000582164743099911e-01 7.060549222998053764e-01 7.186274676490144175e-01 7.142392926525155117e-01 7.197899724335736771e-01 7.114801724359576252e-01 6.903579338110079622e-01 7.188707378276728566e-01 6.991741470365170352e-01 7.007326298593943292e-01 7.297091107776609853e-01 7.252859208027635507e-01 7.266165504836649136e-01 7.269197419439611396e-01 7.224028726914503151e-01 7.199476403461723129e-01 7.261850742315403284e-01 7.321131772137908778e-01 7.210627184655151733e-01 7.215703540001138228e-01 7.206002515437216482e-01 7.181386685448130081e-01 7.295362574812874756e-01 7.341526447813804257e-01 7.283954658050344477e-01 7.277741388387831689e-01 7.279571877921001688e-01 7.298932359661728375e-01 7.279943447857882832e-01 7.285313367601421453e-01 7.254656583278724646e-01 7.248271352000883461e-01 7.147394042184297414e-01 7.047949544082516837e-01 7.229564003402909611e-01 7.293258992531085338e-01 7.286418135966411525e-01 7.197721501019991308e-01 7.163967240978554862e-01 7.258791093008690742e-01 7.143486865168728883e-01 7.102067401438965089e-01 7.197670302262583197e-01 7.283338008348848591e-01 7.304435270642599676e-01 7.280956408696849236e-01 7.311171646529659451e-01 7.231349179089157087e-01 7.266484564086701514e-01 7.221184783080532021e-01 7.184442738475848023e-01 7.147756602345497479e-01
1.225308453292256634e-02 9.178857152877463454e-02 2.334530811476381862e-01 4.097816809763748513e-01 3.541214871005222142e-01 3.712268587980332990e-01 5.536196010671617929e-01 1.000000000000000000e+00 5.998924222353693159e-01 5.368208939183302109e-01 5.950575065829672994e-01 6.514070152776231248e-01 6.022085847208074050e-01 4.972730984863082404e-01 6.664664433036612268e-01 6.763247601809270204e-01 6.254811490937759455e-01 5.666339740211442377e-01 5.941074495920966037e-01 5.385087187264432362e-01 6.235754200095908750e-01 6.520311693001608067e-01 5.513115233098166978e-01 5.405063664063286533e-01 6.157980739290277450e-01 6.803326689181804499e-01 6.844111179887694130e-01 6.570523333943346644e-01 6.359126493208292485e-01 6.251466656406303724e-01 6.749279725315551204e-01 6.860420593537651657e-01 6.215190743620014890e-01 6.589572962474723461e-01 6.298700271531064709e-01 6.894682067662926128e-01 6.702927792977174670e-01 6.990268033148281379e-01 6.960226976530871079e-01 6.946157743038257060e-01 7.079713177705120319e-01 7.045230107278717124e-01 7.099950402393284676e-01 7.140209704865083662e-01 7.009775867257714843e-01 7.059866768969702555e-01 7.063221301973354738e-01 7.099963208603403686e-01 7.069353322112211790e-01 7.027721687763158753e-01 7.131611703841328476e-01 6.956981391538354931e-01 6.897430661245241845e-01 6.930283830652617105e-01 7.006124762023813179e-01 7.016256777987475157e-01 7.052896983168186473e-01 7.046875250395293611e-01 7.100093130297000510e-01 7.061944379840128239e-01 7.102922632828807536e-01 7.013554817197961144e-01 7.067500057385084355e-01 7.022902596231296313e-01 6.988410865993784915e-01 7.027085377201458538e-01 6.968048433904258099e-01 7.033795900075402452e-01 6.951316249255330426e-01 7.123742117697936527e-01 7.108388107480888563e-01 7.066804312997457815e-01 6.863955076064125471e-01 6.973536619646790724e-01 7.110304783009953056e-01 7.062834454336510692e-01 7.004747954728594017e-01 6.884023492574107284e-01 7.059407513734677897e-01 6.897953781684592611e-01 6.996731176795873974e-01 7.017269138458045452e-01 6.938578595825476425e-01 6.891199428826957352e-01 7.080414485223280874e-01 7.070102989219156919e-01 6.974805766084679615e-01 7.077221693885188403e-01 7.053644228294866370e-01 7.060910740451640244e-01 7.070580637401342461e-01 7.089505811320535589e-01 7.065372414464607953e-01 7.126579527210167297e-01 7.042946597925842100e-01 7.033728724596429727e-01 7.152733251573160089e-01 7.068577567681657570e-01 7.076219470227328445e-01 7.102739055249280842e-01 7.096439144917591202e-01 7.111378259818976755e-01 7.049316901922109135e-01 7.114422773102619946e-01 7.144325867262614205e-01 7.030417270523271478e-01 7.059561235491514930e-01 7.032395454379538613e-01 7.042145628677988212e-01 7.083726397591960655e-01 7.094688850535234570e-01 7.078455456632193332e-01 7.060476352158723268e-01 7.054118105887927648e-01 7.029922674140461902e-01 7.019683561352656476e-01
1.928386770879477186e-01 2.030953396196367999e-01 2.408398377091664211e-01 3.594420894692483270e-01 3.896706441005538535e-01 3.876703613766633305e-01 6.031359802416876859e-01 5.998924222353693159e-01 1.000000000000000000e+00 6.976058871377252002e-01 6.815426743663945963e-01 6.909295321770220211e-01 6.720701462820253269e-01 5.653740543548131381e-01 7.474266951625119226e-01 7.299443909730306546e-01 7.848799552668485058e-01 7.079344038324862920e-01 7.238215046835285715e-01 5.945600822107783845e-01 6.673603159288158393e-01 7.190618471661186506e-01 7.355298647375938526e-01 6.791282102734713666e-01 7.422142123584952733e-01 8.175750696573084175e-01 7.987210222437419738e-01 8.004882875526915242e-01 8.092574363362448064e-01 8.094338322693607202e-01 8.293758279659954047e-01 8.213297234823558890e-01 7.680278405384878271e-01 7.890100990111797996e-01 7.938573187102695439e-01 7.773122132529035611e-01 8.132452177475720800e-01 7.964262426779269433e-01 7.994522856450972936e-01 7.286075266831074648e-01 8.253781118654563986e-01 8.014891167183717524e-01 7.756926039927831695e-01 8.007524635869149865e-01 8.153148678677555328e-01 8.040437832276188246e-01 8.238636718235026191e-01 8.361623005852634183e-01 8.252211165388596559e-01 7.685318061875902051e-01 7.997514176003898134e-01 7.294752840135754202e-01 7.793921940754691136e-01 8.421263784487168502e-01 8.361291158236940912e-01 8.296912146365211793e-01 8.282422739437221848e-01 8.238359943395483498e-01 8.064177728764940767e-01 8.379808694891853760e-01 8.099963997857209108e-01 8.183273176159704398e-01 8.076862958505480750e-01 8.106884686826181241e-01 8.314121608112851058e-01 8.344201977955927330e-01 8.225173574129898135e-01 8.264047475145036570e-01 8.354192690672301858e-01 8.201863139371031730e-01 7.984341482132111256e-01 8.265716594369191261e-01 8.189291709544388453e-01 8.232426643347597883e-01 8.292497038946863297e-01 8.348490275498683388e-01 8.247542632507511851e-01 8.335232146441564627e-01 8.246525365861429036e-01 8.370857091432162278e-01 8.374061581768221796e-01 8.240857092805987660e-01 8.434321100104835711e-01 8.338825075457101388e-01 8.180288675700293499e-01 8.271109591010198381e-01 8.148909716447563234e-01 8.177512420310040220e-01 8.170417333054703635e-01 8.328697148381196680e-01 8.137826272442332254e-01 8.129474066671387167e-01 8.163956587898425488e-01 8.118924445953461522e-01 8.147736411730418515e-01 8.180721582050868301e-01 7.996616561061311579e-01 8.236204004236892251e-01 8.116189461846652353e-01 8.105080958303332306e-01 8.060635484695756192e-01 8.119386509214479020e-01 8.025581814202008557e-01 8.065461993736741109e-01 8.136623145944782420e-01 8.323331803287215003e-01 8.258216210601148077e-01 8.154571221299155015e-01 8.294337921321346396e-01 8.235023973316182300e-01 8.148668142012059912e-01 8.277058071043122967e-01 8.162036657556628327e-01 8.197863617942964254e-01 8.284312508440736522e-01 8.236898485195575104e-01
1.079963877577187481e-01 2.097454346684723692e-01 2.212139525602994372e-01 3.123474534209912945e-01 3.424988785850975326e-01 3.814376248715660722e-01 5.743981793446087947e-01 5.368208939183302109e-01 6.976058871377252002e-01 1.000000000000000000e+00 6.262613009307488321e-01 6.295279249795234788e-01 6.250417199218462061e-01 5.265235790286071360e-01 7.123493783426986248e-01 6.902729997191768829e-01 6.819475809382304909e-01 6.002048033745452926e-01 6.368167343403884351e-01 5.035660077055603701e-01 5.746160403071987055e-01 6.277734078040526633e-01 6.558854848395769821e-01 5.823478499775724959e-01 6.605035783653987469e-01 7.572955652211725841e-01 7.397425350696426039e-01 7.501131416797331974e-01 7.519380925209263600e-01 7.464728756825190770e-01 7.704087816937321698e-01 7.430567311883750081e-01 7.088474993990462325e-01 7.002312992477011111e-01 7.214408885604118860e-01 7.114033670344540594e-01 7.467129987426582849e-01 7.498817367673439316e-01 7.539991965375225647e-01 7.092813537823412506e-01 7.671225825685142885e-01 7.651576413258240894e-01 7.340881423511594894e-01 7.532955874324117618e-01 7.597664538283696034e-01 7.564948370184949589e-01 7.653905206686135720e-01 7.729590366066892981e-01 7.649050831353095825e-01 7.149352304497917920e-01 7.489703398512673749e-01 6.710314306915127203e-01 7.323015918675647162e-01 7.793330368291156995e-01 7.722311371512020628e-01 7.758767577769880575e-01 7.548272071093936608e-01 7.679365556805792803e-01 7.596104519213066064e-01 7.709932986113396947e-01 7.623946248370482293e-01 7.652950304884361676e-01 7.531260085297631912e-01 7.542375509824412738e-01 7.523937034200628426e-01 7.586429667367371454e-01 7.671874368594561178e-01 7.617218698671728294e-01 7.679735812428238884e-01 7.467878346823801916e-01 7.350399880257497687e-01 7.670197051580512904e-01 7.502781613234918989e-01 7.553964675198130418e-01 7.730931684400980108e-01 7.741060702324684684e-01 7.739308086917030538e-01 7.813529612999414731e-01 7.727877354181283964e-01 7.816345765209430363e-01 7.757924877533833863e-01 7.729938522641059961e-01 7.770282308410830785e-01 7.713500695757047332e-01 7.592337485945662712e-01 7.655561566910081828e-01 7.688735951242550160e-01 7.684757545578821958e-01 7.689158169335209569e-01 7.773297884698159299e-01 7.672592370887493241e-01 7.689311659384223674e-01 7.650274634865159573e-01 7.660466297520091006e-01 7.660963020604473206e-01 7.690861094782989182e-01 7.458584683572508922e-01 7.501164379268938642e-01 7.578276515923894063e-01 7.625929869105436687e-01 7.588878472374441797e-01 7.522607313514517724e-01 7.485478882584888360e-01 7.598561906021766843e-01 7.555376933520522309e-01 7.612561246547011606e-01 7.647141471815533942e-01 7.670431348083337486e-01 7.752435686737940701e-01 7.693967874887107650e-01 7.655156351394160064e-01 7.691976770953717901e-01 7.643725367808713589e-01 7.649316558585524950e-01 7.669553928945291865e-01 7.606754807621957104e-01
1.094776021434283077e-02 8.292357991521527583e-02 2.433455023558715458e-01 4.350960640433633730e-01 3.702639082232686008e-01 4.109571155226107719e-01 5.910794315397236431e-01 5.950575065829672994e-01 6.815426743663945963e-01 6.262613009307488321e-01 1.000000000000000000e+00 7.740106109804399948e-01 6.701487847313882806e-01 5.287537335877304789e-01 7.515268165056304683e-01 7.378038456015065805e-01 6.939896523524469174e-01 6.234968635889616140e-01 6.781096368573734656e-01 5.703995142577880095e-01 6.813738419424717474e-01 7.245325450396901124e-01 6.302729240992039905e-01 6.001564321390900902e-01 7.070625182989918045e-01 7.589282745691370291e-01 7.750709656740905062e-01 7.511259050637121293e-01 7.128091692877341901e-01 7.208095231578222073e-01 7.956561504470222035e-01 7.718944133801116658e-01 7.153092781456658056e-01 7.392600200848803427e-01 7.283670211027863939e-01 7.707756212975135357e-01 7.756045230801893453e-01 7.822302581335306426e-01 7.958734928756076021e-01 7.705051343661402097e-01 8.006523493544321912e-01 7.996055751338519979e-01 7.969114778895155515e-01 8.110174239322491818e-01 7.987455530196529985e-01 8.082065132308688948e-01 8.123236425549200668e-01 8.072780845309008857e-01 8.091354951015700125e-01 7.907097577584289994e-01 8.009525659068970072e-01 7.828503792124079652e-01 7.910913357231217358e-01 7.944752578913705232e-01 7.926178896378808236e-01 7.937726703758496427e-01 7.928408674002498380e-01 8.003919150125676785e-01 8.024521141340330566e-01 8.074394533537238017e-01 8.089899383458514226e-01 8.018825412828755050e-01 8.016116769368033523e-01 8.055769436102039327e-01 8.023518203947770377e-01 7.967986857795303912e-01 8.109337613744315165e-01 8.061373357674811446e-01 7.988458851066485567e-01 8.070560690611368049e-01 8.155098346825141453e-01 8.125970876617121252e-01 7.871536517015592649e-01 8.078849938866399238e-01 8.123690978817863506e-01 8.120738527554600683e-01 8.119473105093990561e-01 7.983564247890699850e-01 8.093779308935038497e-01 8.032651598043953900e-01 8.030665530678380293e-01 8.134139592901906690e-01 7.975531537492122069e-01 7.994912351292123853e-01 8.099809944544814622e-01 8.067240320938962039e-01 8.104108883718733614e-01 8.083501690593702937e-01 8.116982410315836116e-01 8.036191556803961022e-01 8.131098279275494889e-01 8.156467068913108021e-01 8.156648815613215531e-01 8.161440439041651729e-01 8.132226632268645394e-01 8.128940339750267974e-01 8.120224156455935205e-01 8.033763152622963588e-01 8.115316956343109345e-01 8.109158877781169616e-01 8.132675910480584580e-01 8.127345081402373994e-01 8.127665086985388365e-01 8.160557821614142782e-01 8.163424349172831995e-01 8.009102679220968524e-01 8.110518548527932969e-01 8.106446796221939977e-01 8.064746856485280890e-01 8.111618743253286024e-01 8.094117173184448566e-01 8.122226169402327889e-01 8.089973608042212438e-01 8.117109993672558810e-01 8.105101300714093737e-01 8.089948629415351089e-01
-2.935008627196038569e-02 5.907886352364714183e-02 2.522839148081275074e-01 5.047044644900824384e-01 4.077037730858565356e-01 4.256850793969189084e-01 6.242459095562605809e-01 6.514070152776231248e-01 6.909295321770220211e-01 6.295279249795234788e-01 7.740106109804399948e-01 1.000000000000000000e+00 7.162180327684627423e-01 5.815475165675503266e-01 8.158096523645760323e-01 8.126430096128989256e-01 7.354832843698639877e-01 6.285790706767498959e-01 6.865166449975538265e-01 6.320139589988349460e-01 7.333616786279592015e-01 7.745182372821833860e-01 6.256742079010858548e-01 6.061802632863999563e-01 7.158309453034841230e-01 8.007238391649167397e-01 8.189696399546959604e-01 7.785401911085468862e-01 7.290747710261423764e-01 7.345800563997492150e-01 8.202906655175603579e-01 8.134484722203237927e-01 7.375867043755293118e-01 7.722111256304236004e-01 7.522712110224625270e-01 8.319870907410735761e-01 8.049757006005241466e-01 8.351011825524846666e-01 8.521206372255538675e-01 8.422027668050563465e-01 8.483120857962626049e-01 8.614532891687868288e-01 8.715658708400606525e-01 8.758121013810181710e-01 8.448701864924230698e-01 8.692662838392003488e-01 8.701650762012190787e-01 8.615038637910064079e-01 8.637158896481248460e-01 8.556780662407057481e-01 8.672531261288323190e-01 8.623277545512120223e-01 8.544294856151219975e-01 8.428179531291914994e-01 8.443787723875363360e-01 8.410739369179232039e-01 8.582502771940448971e-01 8.581999030701141784e-01 8.678819872881776698e-01 8.635091150511536862e-01 8.747773358044949044e-01 8.663849278577316904e-01 8.667275741129851774e-01 8.687417310958062133e-01 8.546346985093871140e-01 8.564664717054432108e-01 8.649811392757692508e-01 8.557391951011832365e-01 8.436215954883549140e-01 8.658128168238824474e-01 8.756795109225612439e-01 8.599062915529359641e-01 8.264960476645568654e-01 8.512854036454213791e-01 8.663300576852055457e-01 8.590592247154901218e-01 8.566351391926685377e-01 8.433142030052798166e-01 8.584406359440913681e-01 8.463487441195475247e-01 8.493995633837835291e-01 8.649210479678414165e-01 8.393593691882997865e-01 8.448931717467177416e-01 8.623395538976406094e-01 8.561097824508797638e-01 8.622357813564481832e-01 8.608429487775577371e-01 8.673638765837329290e-01 8.514480639890694702e-01 8.652078140049408450e-01 8.729009947018515625e-01 8.716533796131306078e-01 8.745349762310723474e-01 8.705009851018745692e-01 8.698527171888291720e-01 8.776943171250959352e-01 8.596774132421752812e-01 8.750459827733071405e-01 8.714562969718678831e-01 8.756652777371354279e-01 8.741735798866128171e-01 8.765198820216059117e-01 8.799351824441844494e-01 8.796007385613998641e-01 8.562576920079152387e-01 8.663639941725046478e-01 8.654700109092218208e-01 8.573274734002379605e-01 8.687009495782890278e-01 8.699568892417472998e-01 8.698400344782657445e-01 8.706876745527598604e-01 8.700891991000525572e-01 8.657189887074406842e-01 8.677677504365309824e-01
1.897095014584672043e-02 1.029507229200960911e-01 1.962648051581354358e-01 3.886963526881582198e-01 3.737669319405798607e-01 4.056932422215526746e-01 6.083547274443685815e-01 6.022085847208074050e-01 6.720701462820253269e-01 6.250417199218462061e-01 6.701487847313882806e-01 7.162180327684627423e-01 1.000000000000000000e+00 5.456913068800125499e-01 7.724928476632662022e-01 7.538267397465741038e-01 6.858792617668422187e-01 5.789057060942124355e-01 6.183576303391248308e-01 5.505642503974684798e-01 6.216839956984565596e-01 6.734140747253747339e-01 6.031798708587895463e-01 5.546713414594341973e-01 6.448668643863765260e-01 7.527644557202678444e-01 7.558883441281618598e-01 7.235668455284693934e-01 7.023845782391533454e-01 7.103105975925633198e-01 7.707006642263166674e-01 7.607887148009681022e-01 6.882193226120584262e-01 7.180041451221084170e-01 7.136728318539028448e-01 7.403002959886735290e-01 7.584061335263689863e-01 7.802775116927035404e-01 7.889909192288342421e-01 7.409688936156442196e-01 7.886842674311781431e-01 7.991386530296838986e-01 7.972757135798139716e-01 8.022085090451892553e-01 7.810161267083323144e-01 7.929090230707187548e-01 8.095738299787628156e-01 8.077591653616006395e-01 8.071613152868818419e-01 7.730919512905997104e-01 8.034283513647444419e-01 7.489070462228234470e-01 7.856899820399844137e-01 8.009745301763263603e-01 7.988899147155194003e-01 7.910681894891444799e-01 7.953280902508584882e-01 8.092829820943698849e-01 8.088903417157188303e-01 8.086304809491051682e-01 8.114265765017952825e-01 8.115326680334814524e-01 8.037021769093194434e-01 8.060216727948690263e-01 7.980091622265853557e-01 8.021304678307349389e-01 8.105685337979102734e-01 7.922409558390229867e-01 7.959884226983267030e-01 7.955322858849012135e-01 7.893754285312758467e-01 7.970369121448932503e-01 7.682074092702620982e-01 7.824376405156242553e-01 8.089287986987828694e-01 7.997594492540529565e-01 8.007670032343544575e-01 7.958905521051620191e-01 8.019770242476420563e-01 7.999970984892822434e-01 8.002330751830606381e-01 8.105703353909918807e-01 7.963217847541369521e-01 7.952878672861168896e-01 8.054139497670803616e-01 8.003906943785350503e-01 8.048966349341152293e-01 8.115301644456217600e-01 8.136753907792643181e-01 8.023560407738030698e-01 8.046563224345563148e-01 8.115125479539735398e-01 8.092430362005785804e-01 8.132303202293225119e-01 8.159968301151077075e-01 8.146034974808851192e-01 8.047684022144828697e-01 8.059570296485355501e-01 8.152213927137073046e-01 8.118834748067936813e-01 8.156324564107678698e-01 8.125923166269538589e-01 8.087440005837898127e-01 8.148440040096890380e-01 8.103580698421771755e-01 8.061893943886213609e-01 8.136578282579923771e-01 8.122482874738031766e-01 8.109129053376289420e-01 8.153852584352618837e-01 8.139803725473839791e-01 8.168310158131388832e-01 8.162753928171647688e-01 8.150739120502482615e-01 8.080965805302199323e-01 8.102552560874928256e-01
