1.000000000000000000e+00 3.997994357128657056e-02 4.084632815325184296e-02 8.239877652079856396e-02 2.218547047401921157e-02 3.616850143008771938e-03 2.602615627976978541e-02 4.404387162785307341e-02 1.199705130431896610e-01 4.344268194599364835e-02 2.546260854779365188e-02 2.331804597719120201e-02 1.694428164730271691e-02 1.794812992717675568e-02 7.160103836266446843e-03 1.214013522598557902e-02 5.363193983568254747e-02 -5.692825316667517177e-03 -9.189605092547644891e-03 3.743046178663930051e-02 1.681689587146575904e-02 6.629310491947030225e-03 -1.040259343205145875e-02 -3.716446879856439428e-02 -2.540473509684274683e-02 1.679853450148746652e-02 2.699284823022225430e-02 -3.496310847346770223e-02 -1.095966482838275913e-02 4.692556317746136157e-02 3.202746136231698210e-02 -4.333549975171685498e-03 -3.955555757745193857e-02 -2.399867953412218591e-02 -1.529234892080730171e-04 3.276213239245805153e-02 -1.039452524569119130e-02 -4.897582715264255093e-02 -1.760909168508255698e-02 -4.915821640628801475e-02 3.710722037118546583e-03 -2.089022237240449262e-02 9.127377474768898560e-03 8.343373665960994098e-03 1.251496775301134262e-02 -1.993281105117988491e-02 2.597364942488978364e-03 8.665110919989268967e-03 2.941111264022543137e-02 1.320120487818192412e-02 3.462828238044023555e-03 2.929906991282215170e-02 1.827378938052755600e-02 2.206854658810935427e-02 2.022284363568629256e-02 -2.777010338289078242e-02 5.859990098383138085e-02 6.616579124720293158e-03 -6.856797433019902466e-03 3.419805312075750031e-02 3.400911586549389132e-02 2.123558073008875724e-02 1.822707741732313910e-02 4.777495716296008971e-02 6.233758559835420737e-02 5.651247207417259277e-02 1.720143089504488215e-02 -5.161946622709395055e-03 1.825921693052867320e-02 1.645704990792496922e-02 -1.564240248655930990e-02 2.741251808660851927e-03 -1.436838560054928306e-02 -1.540756801566300731e-02 1.065018172789877239e-02 7.888583872487251944e-03 -5.546788543892897279e-03 2.235239273251554172e-03 -8.940562414184591994e-03 9.897670650580588439e-03 8.250687923833724402e-03 1.802942157349343016e-02 2.632353526169058794e-02 2.038380062146203774e-03 5.049775885715620041e-03 1.126794500599926502e-03 8.387300684645607879e-03 8.741675230075072241e-04 1.407322322327177232e-03 9.942049547527068501e-03 -9.711537564602279113e-03 5.862571284221429826e-03 1.319773721001121780e-02 -3.022409441808185729e-03 6.679439413418425918e-03 3.744318432861682647e-03 2.593816323098479398e-02 5.265947837930996106e-02 1.992552859719064554e-02 9.240543299153343090e-03 1.920481600536466313e-02 2.110743795098220243e-02 1.722280864375318535e-02 1.715771252947938252e-02 3.337485685200308055e-02 3.973342553769756980e-02 3.338740825809648899e-02 8.467955613945846519e-03 1.382391605310531735e-02 1.418092183922479294e-02 3.219450991019771890e-03 1.833452870736174481e-02 1.731861109755245334e-02 3.752688723550959976e-02 3.770914603999733772e-02 4.013427092015914993e-02
3.997994357128657056e-02 1.000000000000000000e+00 8.038491464498408179e-02 9.079919167235026012e-02 6.468981613225502358e-02 8.720359977951680497e-02 1.157039120240149904e-01 1.199970863773430624e-01 1.735334089182789530e-01 1.362469193060666106e-01 1.342491728340787782e-01 1.314431952116083269e-01 1.228931138151965197e-01 9.642134894378623367e-02 1.493020113135414551e-01 1.393164534540554111e-01 1.363010670841732774e-01 9.548538997715999566e-02 1.004177277204295893e-01 1.278300182268851670e-01 9.069770263794342535e-02 1.086630934563928286e-01 1.276963520722884105e-01 8.346905882606243943e-02 9.918881401149268195e-02 1.438974853609549243e-01 1.440112487238285055e-01 1.421293081311969242e-01 1.500753658453422290e-01 1.480441448059456322e-01 1.491760515116294927e-01 1.416118446763614536e-01 1.237526506430515899e-01 1.189974449376964699e-01 1.290320887029160479e-01 1.538889910931893201e-01 1.369614144952810975e-01 1.358114004728627755e-01 1.345252201698561023e-01 1.448169868500955026e-01 1.479987121245216197e-01 1.369436599851057978e-01 1.405401831762546627e-01 1.395144124913546557e-01 1.443683067933339281e-01 1.358370054544019712e-01 1.377787734086053095e-01 1.478004195100001139e-01 1.346426151967957396e-01 1.234491013702697648e-01 1.365520856335305511e-01 1.264910236588725478e-01 1.404115562545903417e-01 1.552083104108403500e-01 1.516579156328369538e-01 1.585986700886878598e-01 1.492739569133071653e-01 1.445319556152966645e-01 1.431863908688129072e-01 1.452625055045035085e-01 1.413834850088084572e-01 1.479504771569415955e-01 1.418669299180820853e-01 1.502462520812493096e-01 1.420935608050403753e-01 1.515779833699006929e-01 1.427335902079381880e-01 1.347448308843380294e-01 1.398030513066072511e-01 1.417404124234493690e-01 1.326740707500265182e-01 1.387450104336226675e-01 1.295931688846472529e-01 1.258972672383975033e-01 1.464927612350556685e-01 1.442103706945651875e-01 1.425501205463626797e-01 1.486017071604612549e-01 1.423878382573782464e-01 1.453511964419362257e-01 1.462202210885258369e-01 1.441584128444938495e-01 1.483993683206342451e-01 1.364032684995917233e-01 1.318900441256591893e-01 1.361246408938001085e-01 1.410469718045861132e-01 1.367618029231454646e-01 1.377672185385589443e-01 1.477497054426545608e-01 1.396647444479350575e-01 1.397872966863773492e-01 1.411677554511036881e-01 1.421192132760548676e-01 1.401816168245609839e-01 1.406214952377880245e-01 1.248673579990948607e-01 1.376672566976621381e-01 1.395831663273530421e-01 1.291869167163444410e-01 1.374054785006114943e-01 1.381490288520494936e-01 1.382551086408510266e-01 1.349584710020937106e-01 1.424138264230489503e-01 1.426215501556560572e-01 1.374683574888980742e-01 1.447553171640307001e-01 1.438198078719413464e-01 1.402364241023093261e-01 1.411911020360363256e-01 1.435388139219787307e-01 1.444504982490714684e-01 1.450050445761726370e-01 1.426032822388869914e-01 1.445741397703236286e-01
4.084632815325184296e-02 8.038491464498408179e-02 1.000000000000000000e+00 3.325039799087998182e-01 1.909324558072738320e-01 2.277344805051434440e-01 3.430434544140829600e-01 3.144192115665927489e-01 3.240791386440081689e-01 2.802628998347903577e-01 3.590996769585798054e-01 3.738581292323922001e-01 3.178544484868047193e-01 2.772748005930798509e-01 3.765115178993767020e-01 3.721025975716006351e-01 3.611106454395468512e-01 3.054998808835996948e-01 3.220461163789208880e-01 2.662249344349950642e-01 2.863306640605962627e-01 3.336021764446070459e-01 3.644702034210917097e-01 2.935187489123445848e-01 2.966740899204062254e-01 3.944778377483456611e-01 3.785476177805673914e-01 3.886942439767268609e-01 3.809500828216750845e-01 3.618388109699590682e-01 3.898516814879232628e-01 3.905505328929061992e-01 3.758400646731539507e-01 3.921882570437508209e-01 3.675992171986423585e-01 3.795689544861020615e-01 3.805950174033090883e-01 3.941570247872569488e-01 3.989719218821288216e-01 3.895159966888546710e-01 3.837795991025484965e-01 3.934032062980140632e-01 3.789162305314856538e-01 3.908401792927744256e-01 3.933757081604879469e-01 3.865735539838680568e-01 3.782835587955333811e-01 3.821551335826295359e-01 3.739040865660873680e-01 3.881889587126813312e-01 3.881283542522663277e-01 3.745498816236552120e-01 3.585865973909996840e-01 3.598877603846300510e-01 3.584165375917042762e-01 3.757313599340190713e-01 3.434050558138723730e-01 3.732036655048509011e-01 3.693889524244613476e-01 3.670984918366088645e-01 3.736091639714667068e-01 3.645149533531952812e-01 3.543433668930470182e-01 3.640359921497805518e-01 3.656122285708674480e-01 3.598881642006186432e-01 3.820460846380674402e-01 3.886686561046955313e-01 3.910172434973275823e-01 3.823185965441590062e-01 3.796269859287204618e-01 3.790316152898714486e-01 3.789589617255215148e-01 3.728674998072177282e-01 3.869983275479174645e-01 3.824648380242913204e-01 3.856774109883954749e-01 3.846589531191392797e-01 3.797255209980716639e-01 3.781770651399267158e-01 3.778354033554430225e-01 3.808753765942710090e-01 3.854672935460688454e-01 3.869189032560472197e-01 3.902671248935746795e-01 3.962886143705017239e-01 3.838252176255892989e-01 3.905037300565950553e-01 3.888613088584577659e-01 3.763908906920901964e-01 3.942929415697228324e-01 3.848042053791418393e-01 3.854572999994164140e-01 3.850727577173274629e-01 3.757980851347325069e-01 3.773569445170076864e-01 3.789158544321040711e-01 3.725020775273301110e-01 3.762177230674704220e-01 3.899408357422104454e-01 3.836296899735409105e-01 3.728059363989120190e-01 3.777053642868576921e-01 3.818435123189667380e-01 3.782469233699690681e-01 3.603691963671739606e-01 3.764353700657668833e-01 3.742391938892132841e-01 3.725816119153830819e-01 3.754727313816607626e-01 3.710363706840378861e-01 3.709634247458306056e-01 3.680258820074897019e-01 3.746766557864948943e-01 3.731059833436191076e-01 3.663073712907339297e-01
8.239877652079856396e-02 9.079919167235026012e-02 3.325039799087998182e-01 1.000000000000000000e+00 3.115712688250187323e-01 3.803305144755265155e-01 5.845075417927028116e-01 5.856909271997152722e-01 5.863364767902149444e-01 5.296468477553450960e-01 5.786437682633784885e-01 6.352391582693204253e-01 5.410262505405233346e-01 4.714449866660805344e-01 6.166236870434679274e-01 6.282015600183947779e-01 5.481720862499771529e-01 4.572217907913965207e-01 4.832267973907528602e-01 4.214352796830689862e-01 4.674069748716537243e-01 5.506421996432627752e-01 5.486214935805031612e-01 4.301243495880398005e-01 4.620151350291115122e-01 6.066905343042319210e-01 6.177812142969961728e-01 5.800009911688468467e-01 5.987467466392141224e-01 6.256333198711115928e-01 6.356645750477398771e-01 6.071648062662239331e-01 5.833265036270495196e-01 5.920844381606679141e-01 6.046286373892598709e-01 6.067699224491740484e-01 6.035456125890296120e-01 6.087432592486153871e-01 6.193402470061081244e-01 5.919454543244540012e-01 6.293615563698524706e-01 6.232430274207482190e-01 6.157070263359897266e-01 6.319154193873580683e-01 6.202158827104321537e-01 6.209810689608359358e-01 6.180499761083769750e-01 6.223402415613500382e-01 6.210431175693129635e-01 6.211150969385381693e-01 6.207502334077406037e-01 5.898356220483933487e-01 6.080718383804172289e-01 6.214364734242241450e-01 6.211156327543733147e-01 6.081380333807618888e-01 6.189841793421999583e-01 6.296643204024152674e-01 6.177162339953978787e-01 6.263019612574690642e-01 6.348831511519336113e-01 6.297898151383407583e-01 6.206617129656228915e-01 6.370367561593490713e-01 6.206243295103762714e-01 6.295315977322547552e-01 6.290543772297100267e-01 6.184826019348634851e-01 6.418109596920280602e-01 6.302507895719473563e-01 6.091590851403363427e-01 6.181080878404260348e-01 6.039201393664115347e-01 5.867022376142180251e-01 6.310411456056141954e-01 6.303323392585622464e-01 6.206113729401816492e-01 6.283010591818547486e-01 6.271063578697048113e-01 6.289204429098486093e-01 6.311089870939332602e-01 6.304696033651449039e-01 6.416037102353409072e-01 6.385082086498794496e-01 6.412669909379952182e-01 6.374063282688609000e-01 6.300137807823140701e-01 6.415360172557780238e-01 6.346520249897354971e-01 6.429442598816137444e-01 6.314264952381803964e-01 6.344978545434264428e-01 6.299311523474342422e-01 6.321475807234484545e-01 6.291911960264245929e-01 6.273626693526899167e-01 6.374009448988458004e-01 6.425542378936242027e-01 6.366815888035899373e-01 6.363140199522917539e-01 6.350788810429698339e-01 6.408534815583115662e-01 6.278004563742503041e-01 6.372144597864579652e-01 6.353543172949195350e-01 6.439977901385895986e-01 6.396065596120620311e-01 6.295511291340291082e-01 6.374918328353246233e-01 6.331680251193986253e-01 6.335212602800788240e-01 6.305790531386851194e-01 6.343809079505812187e-01 6.393583643414385564e-01 6.249184396300035971e-01 6.331464379296355416e-01
2.218547047401921157e-02 6.468981613225502358e-02 1.909324558072738320e-01 3.115712688250187323e-01 1.000000000000000000e+00 3.092738926225575558e-01 4.422751690801132174e-01 4.197328720534397317e-01 4.380417190237107516e-01 3.849627113442323223e-01 4.353160813835117993e-01 4.578578598717300552e-01 4.618957959775898958e-01 3.238814883123216082e-01 4.770599110673733878e-01 4.859872232991798158e-01 4.383986779077661544e-01 3.542455317136529724e-01 3.904652761324921006e-01 2.956620167171883362e-01 3.996950293739880422e-01 4.276887781689348578e-01 4.230358659465678350e-01 3.399705991175353548e-01 3.773867587762075870e-01 4.776941340625670551e-01 4.582996455465460639e-01 4.477070990214717106e-01 4.438152885852761909e-01 4.547394693423308931e-01 4.782057168426165350e-01 4.286520224165785153e-01 3.983987018607201835e-01 4.194237614969364980e-01 4.107849496299659786e-01 4.626749913748450793e-01 4.582212281267757925e-01 4.487666320930395747e-01 4.695766805029946700e-01 4.486057826883294575e-01 4.855895902594776770e-01 4.839962995318490835e-01 4.820525727730347043e-01 4.962611903562839100e-01 4.911090867798461601e-01 4.823498248104073904e-01 4.847399934599800897e-01 4.890214365555832776e-01 4.763812084591820262e-01 4.506289021604140688e-01 4.742888339720939261e-01 4.687362487219845497e-01 4.906254862745680345e-01 4.764953231743266349e-01 4.667814783361188824e-01 4.791242595090078327e-01 4.553837100241177605e-01 4.877546759338044491e-01 4.653142159130234101e-01 4.958303676251411551e-01 4.831853685516671049e-01 4.814040538779842393e-01 4.610642920482292406e-01 4.846073546870818816e-01 4.948152704739471885e-01 4.818386619843369467e-01 4.911089296576500174e-01 4.829014455071645728e-01 4.738990355225109474e-01 4.847368445720372510e-01 4.905240794623556555e-01 4.935573597480632513e-01 4.627179988886995221e-01 4.754653706634276444e-01 4.973581591056285278e-01 4.877609831978225730e-01 4.894116943463154845e-01 4.863623891041977121e-01 4.842824311123837266e-01 4.900538182044084645e-01 4.875064593095269072e-01 4.914505069743300147e-01 4.846366631700327332e-01 4.744714168400636090e-01 4.781350933225909650e-01 4.771170674319524241e-01 4.913818270622070661e-01 4.849185331618973138e-01 4.900165161528814983e-01 4.862710296742537852e-01 4.823369382473746136e-01 4.946914227208284998e-01 4.920744795791054393e-01 4.918135107678037188e-01 4.917006425999119190e-01 4.913898970904969077e-01 4.781534651245735734e-01 4.792512321029386846e-01 4.908601024763366016e-01 4.856826744910272553e-01 5.011687024121295186e-01 4.859689584557075892e-01 4.937340499105186131e-01 4.962907629430373113e-01 4.946810345579719659e-01 4.712522686285048890e-01 4.854793677948906483e-01 4.946036529622120370e-01 4.904026382564181108e-01 4.914201982520746137e-01 4.851788882226424904e-01 4.934369254349616485e-01 4.875155585071950792e-01 4.955836813832572019e-01 4.971481567043783412e-01 4.917193044011243797e-01
3.616850143008771938e-03 8.720359977951680497e-02 2.277344805051434440e-01 3.803305144755265155e-01 3.092738926225575558e-01 1.000000000000000000e+00 5.029523637384714085e-01 4.794883426747442723e-01 5.010644760365187134e-01 4.710258462726371054e-01 5.060788566114511333e-01 5.730235413093699437e-01 5.270375659877637453e-01 4.019544302778975675e-01 5.694229664208906305e-01 5.741570652352344650e-01 5.051415968505171827e-01 4.246272874127109964e-01 4.992304303354196393e-01 3.531051008928942636e-01 4.618414296866533708e-01 5.402580073428981944e-01 5.347683298526311191e-01 4.394219526667744180e-01 4.840083150722161442e-01 5.543003220930058372e-01 5.506016623273710664e-01 5.573166613723812279e-01 5.457011411301935233e-01 5.582993353612568654e-01 5.686831304788224628e-01 5.412813236064557554e-01 5.332999746614356384e-01 5.501733424214259038e-01 5.482666689471680233e-01 5.715138325056753343e-01 5.806265494138695971e-01 5.752119994491641242e-01 5.928821720127153139e-01 5.698293770882540965e-01 5.809756651871501587e-01 5.853900199177546337e-01 5.818591033068903906e-01 5.899416160160350087e-01 5.920404202568222418e-01 5.883972357863369584e-01 5.882464724524171240e-01 5.793191403006663354e-01 5.686823819247325273e-01 5.587830725354742123e-01 5.795959808137225444e-01 5.670732544671307496e-01 5.746649903002154502e-01 5.638730719618503251e-01 5.609418396590886147e-01 5.786511473473622269e-01 5.458725368150726398e-01 5.803899808075059230e-01 5.687776494072178668e-01 5.818836213026405968e-01 5.745165055790920627e-01 5.731816169576048337e-01 5.598233345921556081e-01 5.729149340496095810e-01 5.784276828276875282e-01 5.677143864436234866e-01 5.876915510543574417e-01 5.851446847753978275e-01 5.789721288616616057e-01 5.714508957733516192e-01 5.912929331116791865e-01 5.990271460957005134e-01 5.668766581625307444e-01 5.797495853087043516e-01 5.920562927540311549e-01 5.880673564944943754e-01 5.901563418569354402e-01 5.826011113042098843e-01 5.903495059038172954e-01 5.837251101592003666e-01 5.839996872331117972e-01 5.873519353401948084e-01 5.896499008771912687e-01 5.875614344189009630e-01 5.860420475630871984e-01 5.929071822009289727e-01 5.953736309603762100e-01 5.903513910930952013e-01 6.013402779387705399e-01 5.893810199897462354e-01 5.915067380439277267e-01 5.948656691352985915e-01 5.935776351530340778e-01 5.939688901595846504e-01 5.891156163364321685e-01 5.884060179627232934e-01 5.799970464332567799e-01 5.722447248733870673e-01 5.863461707449856286e-01 5.893886104414766125e-01 5.944321631914960546e-01 5.847229059533061157e-01 5.880861928251608362e-01 5.913234000765694720e-01 5.913733547378742239e-01 5.732689077257270283e-01 5.795305665514214333e-01 5.861816443273004662e-01 5.870888016319045777e-01 5.896782677499943226e-01 5.855523596272540487e-01 5.860076749861172773e-01 5.841021352927756594e-01 5.859237121890671363e-01 5.876500837939180322e-01 5.798596370865011229e-01
2.602615627976978541e-02 1.157039120240149904e-01 3.430434544140829600e-01 5.845075417927028116e-01 4.422751690801132174e-01 5.029523637384714085e-01 1.000000000000000000e+00 7.193492551865534601e-01 7.137854598197825862e-01 6.735684213162388412e-01 7.217057950670299205e-01 7.971612081762557978e-01 7.086843684207038141e-01 6.021123521105454790e-01 8.400883840545577685e-01 8.067761223956211314e-01 6.891129069348690406e-01 6.213835861544736439e-01 6.613758533520572858e-01 5.417895253640245823e-01 6.183749123692847682e-01 7.213587341825090649e-01 7.568926217018392411e-01 6.071229201781954687e-01 6.399085393176939807e-01 8.014610740797797339e-01 8.048156332318396888e-01 7.951923837568666276e-01 8.045239777421706595e-01 7.986509610414970206e-01 8.280342678361414244e-01 7.946004830313725398e-01 7.561118846383078074e-01 7.670291042369177248e-01 7.676945837173917431e-01 7.714691235571857764e-01 8.043337366947916900e-01 8.170016758860078054e-01 8.150567922326699133e-01 8.071527250643060203e-01 8.199595314371344035e-01 8.261034380436904634e-01 8.044162897190235695e-01 8.301396237689805391e-01 8.163289678584849662e-01 8.399501769237130988e-01 8.064030976054377131e-01 8.115152899923364638e-01 7.942666735958162638e-01 7.841661125017647116e-01 8.108293305491719449e-01 7.405830201829470827e-01 7.826976591280573325e-01 7.964563884837196905e-01 7.973796459032722606e-01 8.158455309898031693e-01 7.703946377530054290e-01 8.186568161181704273e-01 8.066776543876635897e-01 8.082671013863855780e-01 8.014663947089318841e-01 8.050145433209365819e-01 7.932815258451638707e-01 7.991686750553823604e-01 7.804063631482546226e-01 7.855665392968892435e-01 8.140337079328977543e-01 8.139188133251106239e-01 8.271311088106048093e-01 8.141532002476491447e-01 8.044142989332021543e-01 8.109799852372144846e-01 8.012035306732137041e-01 7.866728877201903947e-01 8.245038905303411214e-01 8.233814561770177454e-01 8.212916874351072760e-01 8.280734914746328279e-01 8.286750238638187493e-01 8.244784581046813443e-01 8.234124516540115568e-01 8.246004001583998599e-01 8.181628183583585789e-01 8.251030632998238579e-01 8.261799962991822621e-01 8.226884154496884038e-01 8.204436272549930909e-01 8.309059427895044703e-01 8.270678894843341844e-01 8.287503176109999314e-01 8.293461055508051238e-01 8.279048237892163709e-01 8.186228971441147362e-01 8.324426135671461058e-01 8.145324873138733990e-01 8.154350453524955578e-01 8.063060195556733811e-01 7.986372567531970779e-01 8.135148884389620250e-01 8.164437930565606738e-01 8.211559118755622499e-01 8.137801636359837110e-01 8.052996597996557870e-01 8.210831720745574991e-01 8.063499020386263316e-01 8.028332269543192456e-01 8.076480106577772489e-01 8.151591289557805764e-01 8.203722330472892343e-01 8.164760497905765302e-01 8.186939393770910067e-01 8.150886785518033362e-01 8.125568597407122340e-01 8.120320335453490301e-01 7.982133598052122414e-01 8.011861375680056074e-01
4.404387162785307341e-02 1.199970863773430624e-01 3.144192115665927489e-01 5.856909271997152722e-01 4.197328720534397317e-01 4.794883426747442723e-01 7.193492551865534601e-01 1.000000000000000000e+00 7.117946932823489004e-01 6.416535395404401321e-01 7.019877676344177253e-01 7.762082365213297530e-01 6.985699851205425803e-01 5.917129998360560750e-01 7.837459231857827335e-01 7.995653434192788733e-01 6.626089924782073703e-01 5.879584118364984402e-01 6.102980959361090640e-01 5.216327449724308396e-01 6.049060471256895166e-01 6.755121841634955659e-01 6.812411836066428750e-01 5.515940595412106573e-01 5.841352786907613170e-01 7.438064916106952307e-01 7.494986760911268586e-01 7.251180803299845934e-01 7.410624450694200949e-01 7.569456298720430576e-01 7.845383414386316590e-01 7.343769995637978720e-01 6.918642615659952311e-01 7.110989574778071587e-01 7.169560049452634587e-01 7.364613346509555347e-01 7.438090273830630927e-01 7.601989585176108788e-01 7.611033644560381006e-01 7.412560945120758582e-01 7.827482522912684315e-01 7.852518374133161672e-01 7.669803942747421832e-01 7.977092023414299460e-01 7.777193263801683853e-01 7.845516365144776794e-01 7.884764258101928380e-01 7.890212748581652002e-01 7.796825153054373070e-01 7.617871086446219575e-01 7.811498481486499612e-01 7.322523104939363536e-01 7.698084108322380548e-01 7.885161388089746426e-01 7.880859241453253006e-01 7.749073456179962349e-01 7.753052221608062178e-01 7.953139981924386426e-01 7.876434987728186954e-01 7.941256723237185566e-01 7.921203816887479876e-01 7.937939646938594329e-01 7.859150158322584234e-01 7.921119467238894041e-01 7.802228954831125218e-01 7.867639615126652552e-01 7.919350598203827030e-01 7.817398145184931701e-01 7.936216595956018249e-01 7.895164534690067848e-01 7.770364227820470981e-01 7.803185393153395655e-01 7.602983317814695496e-01 7.477742255799506577e-01 7.916531310835540625e-01 7.898024631080757807e-01 7.824589943416065951e-01 7.884193535600342306e-01 7.863816703259222107e-01 7.935276508635871195e-01 7.897187525557169963e-01 7.982128024626303775e-01 7.924735507805082957e-01 7.884470286085979440e-01 7.969580157681205312e-01 7.894466762389572567e-01 7.872645559997103470e-01 8.053320297142108064e-01 7.940033536953625681e-01 8.096407287821383303e-01 7.890485836744008941e-01 8.018518897790216649e-01 7.928011717194938246e-01 8.022173249090489566e-01 7.964066526621204067e-01 7.958955046465008287e-01 8.005922515256107541e-01 7.949623536986966110e-01 7.997963699870296317e-01 8.004179950647732911e-01 8.022344850035811881e-01 8.062995903247291984e-01 7.913687013433302608e-01 8.066039138361300598e-01 7.956222871712050893e-01 8.005840434947267825e-01 7.973822514863798672e-01 7.984862974971350669e-01 8.040832687947988555e-01 8.014146750868335056e-01 8.076327284399910100e-01 7.988297343090068336e-01 8.012836768473591276e-01 8.002188378927301837e-01 7.889318796367070785e-01 7.928660574253920679e-01
1.199705130431896610e-01 1.735334089182789530e-01 3.240791386440081689e-01 5.863364767902149444e-01 4.380417190237107516e-01 5.010644760365187134e-01 7.137854598197825862e-01 7.117946932823489004e-01 1.000000000000000000e+00 7.238607191268143781e-01 7.558594168093112353e-01 8.177733805017897151e-01 7.455046912843843465e-01 6.176098270108587585e-01 8.185651483866553946e-01 8.171612216812791374e-01 7.663322499176817848e-01 5.890238323528901310e-01 6.341080388674444901e-01 5.088867799998524344e-01 6.241554008893388517e-01 7.147359524616013760e-01 7.190158562703375944e-01 5.537256858101490264e-01 6.140963539049991704e-01 7.971315811040443622e-01 8.070030611905949502e-01 7.532823235323249378e-01 7.670393637434771428e-01 8.133881608233299865e-01 8.435044981978312428e-01 7.624125921307626230e-01 7.061521791147757909e-01 7.315935387577071625e-01 7.648407493933030432e-01 7.852110705607084906e-01 8.025250047193054348e-01 7.804328241934630483e-01 8.032919829536568912e-01 7.496454173957534106e-01 8.464315424107440311e-01 8.256744383005467647e-01 8.136390880993379371e-01 8.471673728273584336e-01 8.337177634214815169e-01 8.171792608410124448e-01 8.526753183145301396e-01 8.607956246480418239e-01 8.492633243141244348e-01 7.994039027238107886e-01 8.317776743398572759e-01 7.999009677829028719e-01 8.462124996466308113e-01 8.589018426148427032e-01 8.442765879009076491e-01 8.006367965152784150e-01 8.480559768619397865e-01 8.563197110344956675e-01 8.399421725434681463e-01 8.737353302702012270e-01 8.627075628036169341e-01 8.666858723380064244e-01 8.413953428218183817e-01 8.681854034246545559e-01 8.679844532548487424e-01 8.690387989239262145e-01 8.636569164890327555e-01 8.360105318177892819e-01 8.456666098491145700e-01 8.399653428060903648e-01 8.324318852389299694e-01 8.482007045483493934e-01 8.020989094794538365e-01 8.033712724304058472e-01 8.598953633037742517e-01 8.554722549991490288e-01 8.476258312868668598e-01 8.476007362407947943e-01 8.381649098455442592e-01 8.595993934703572981e-01 8.571038545799795072e-01 8.647488640390016412e-01 8.549422631617124013e-01 8.427003328531554871e-01 8.469638430828333453e-01 8.394254723722132105e-01 8.514119624275410247e-01 8.521132623694034347e-01 8.509730316494427127e-01 8.548136612630707898e-01 8.346470323892517529e-01 8.582539358622501835e-01 8.582511992438848214e-01 8.569762210037834560e-01 8.625265728691953182e-01 8.620894418017066574e-01 8.443267051884177921e-01 8.642509776432446555e-01 8.641037614099758013e-01 8.507311038316064389e-01 8.576120657017318738e-01 8.645668253312778218e-01 8.632995625743465906e-01 8.648746594455809511e-01 8.668956889323156112e-01 8.634621590862155971e-01 8.662900085399017902e-01 8.644246814870969464e-01 8.638483690328547793e-01 8.656532021708330804e-01 8.589863954206673480e-01 8.711956751908037644e-01 8.697287086543322721e-01 8.736017755222582615e-01 8.706725570930679003e-01 8.737216079569460891e-01
4.344268194599364835e-02 1.362469193060666106e-01 2.802628998347903577e-01 5.296468477553450960e-01 3.849627113442323223e-01 4.710258462726371054e-01 6.735684213162388412e-01 6.416535395404401321e-01 7.238607191268143781e-01 1.000000000000000000e+00 7.112114135002101101e-01 7.684827439139391148e-01 6.877719594886808618e-01 5.682758009222469431e-01 7.694352484582942520e-01 7.603713533247159484e-01 6.841767960972302554e-01 5.432369611813679944e-01 5.839607889432399945e-01 4.916993463291963185e-01 5.550195841388982920e-01 6.591508243723659399e-01 6.944554393063341324e-01 5.188036424647454181e-01 5.689331012534127874e-01 7.340482453710243105e-01 7.448174704581577155e-01 7.318210895490502299e-01 7.352915140784398451e-01 7.638007703137333904e-01 7.881578070654460255e-01 7.318363640778067225e-01 6.906349944239447147e-01 6.948648098832940212e-01 7.363632534680460973e-01 7.351746151064963986e-01 7.673446554832979993e-01 7.548585625503035912e-01 7.655254693396843502e-01 7.317592578329767949e-01 7.967816384990805689e-01 7.753321098280074875e-01 7.532261063793985745e-01 7.863594987328683672e-01 7.804377853728348136e-01 7.833371913686681953e-01 8.012780408554223133e-01 8.111266600331370480e-01 7.812246833178221328e-01 7.443370315368120771e-01 7.734181873974467214e-01 7.315954495318737205e-01 7.839735101308726861e-01 8.112476153103046483e-01 7.981441634113124461e-01 7.801885718693616356e-01 7.878063246558643096e-01 8.032367444434170833e-01 7.986790941085247786e-01 8.076409078452951862e-01 7.951821286098297303e-01 8.091988577201124633e-01 7.875171253202337684e-01 8.001824815274802827e-01 7.838534654932316492e-01 8.045094058770376755e-01 8.045196902041580334e-01 7.792135501253333318e-01 7.918013950501439080e-01 7.799921815265908887e-01 7.725039478225826928e-01 7.859187316078402041e-01 7.542293289671839762e-01 7.486842155280978295e-01 8.020490442549664811e-01 7.983229575674428702e-01 7.989300085110202509e-01 7.963641049774936587e-01 7.918111740773663421e-01 8.041674887466103705e-01 8.036909481448609727e-01 8.064366238592133307e-01 7.988360661014971553e-01 7.935504596075466655e-01 7.879688925514275466e-01 7.873881244252293188e-01 7.982238068811883247e-01 7.947358393425502099e-01 7.976937187843459176e-01 8.028522928012409299e-01 7.892458623564458930e-01 8.019575949533519488e-01 7.974264871254180820e-01 8.021263652123957755e-01 8.035590980546077899e-01 8.068820054750533988e-01 7.734241161123660557e-01 7.871104793282932555e-01 7.988840223609354751e-01 7.847096350403067744e-01 7.881708485210832116e-01 7.979604925778659430e-01 7.969287350421654370e-01 7.981851784542912664e-01 8.002945245112712547e-01 7.999972612879261424e-01 7.964844297039574972e-01 8.075815100985723749e-01 8.056241206639519481e-01 8.048284604330172565e-01 7.999216591194716619e-01 8.091807024542950755e-01 8.076833187431911032e-01 8.024710731665313235e-01 7.978997865944094103e-01 8.101407073543331894e-01
2.546260854779365188e-02 1.342491728340787782e-01 3.590996769585798054e-01 5.786437682633784885e-01 4.353160813835117993e-01 5.060788566114511333e-01 7.217057950670299205e-01 7.019877676344177253e-01 7.558594168093112353e-01 7.112114135002101101e-01 1.000000000000000000e+00 8.421545573434243703e-01 7.455112323739765401e-01 6.052370277194120129e-01 8.334268446443631184e-01 8.224702574154245660e-01 7.345932285114230575e-01 6.177959877653571574e-01 6.697409572123318444e-01 5.265787663526845241e-01 6.207949460977993938e-01 7.303911477137493558e-01 7.584198681436185030e-01 6.006401916792065698e-01 6.433817813292458387e-01 8.185440182463582515e-01 8.243978888021210594e-01 8.091120002567563363e-01 8.160229308772761758e-01 8.206506987780080031e-01 8.481627073258740657e-01 8.026408824217768911e-01 7.565246614038295681e-01 7.761608901429476459e-01 7.890584512089979796e-01 7.955148993864444851e-01 8.249726665163872319e-01 8.264256613514293637e-01 8.328148920569883318e-01 8.162193048801205109e-01 8.529130082003116842e-01 8.475479310015029411e-01 8.252977767511345819e-01 8.517880077156466667e-01 8.447932061922326374e-01 8.480491785663577531e-01 8.533445823798886387e-01 8.605166701911370897e-01 8.484493544201289206e-01 8.174937189121561643e-01 8.457376478281798393e-01 7.903391527939137573e-01 8.322189260397819810e-01 8.498393496881747611e-01 8.472779097223993583e-01 8.432715328317023085e-01 8.322543320026212221e-01 8.604690829606282954e-01 8.577595009156820938e-01 8.563442592460333014e-01 8.535794098678723962e-01 8.578062267107053884e-01 8.459613238525539591e-01 8.489101592077504810e-01 8.365673316389322656e-01 8.411305387183677373e-01 8.597989559290748485e-01 8.500718885993914231e-01 8.565536987253157264e-01 8.422186660891751719e-01 8.403596906450098158e-01 8.502116931800320909e-01 8.278581918968564990e-01 8.198927365779579146e-01 8.611765204753771830e-01 8.609881461190568297e-01 8.584296667679993664e-01 8.614611161314903454e-01 8.558126406215118553e-01 8.602443200993811212e-01 8.597462176598129613e-01 8.642291553640545354e-01 8.563272562415166211e-01 8.524798045072952135e-01 8.545929441025534867e-01 8.538447277071662400e-01 8.555039908270990479e-01 8.612635729739047674e-01 8.588627681878294728e-01 8.616498312670864967e-01 8.583694942295405639e-01 8.627282605763554324e-01 8.599211685647675241e-01 8.643376121708087334e-01 8.619787523257719242e-01 8.628827784726162964e-01 8.454642235939978656e-01 8.457767007930295788e-01 8.594015450159869784e-01 8.539186302512604687e-01 8.558698823363105612e-01 8.588699075989634224e-01 8.541180745801854046e-01 8.600316774212890536e-01 8.547440275445660207e-01 8.526234658794823451e-01 8.562088443202664489e-01 8.609485213911036716e-01 8.614196532069270384e-01 8.614867790916301837e-01 8.617567544013297054e-01 8.604156277119312524e-01 8.610223195084685255e-01 8.563261328720537247e-01 8.492424080748322002e-01 8.532480336429377754e-01
2.331804597719120201e-02 1.314431952116083269e-01 3.738581292323922001e-01 6.352391582693204253e-01 4.578578598717300552e-01 5.730235413093699437e-01 7.971612081762557978e-01 7.762082365213297530e-01 8.177733805017897151e-01 7.684827439139391148e-01 8.421545573434243703e-01 1.000000000000000000e+00 8.192631166665544917e-01 6.789474919566796940e-01 9.041938815671252128e-01 8.991693882301299290e-01 7.973088612357809302e-01 6.666411651172348130e-01 7.209627998136485250e-01 5.815966710286407659e-01 6.913966584398951731e-01 7.923237434673915391e-01 8.173008592180355247e-01 6.483886297280149202e-01 6.969225514718621062e-01 8.854429067173127388e-01 8.907369431898920498e-01 8.712102598664466235e-01 8.758350851659042480e-01 8.945239106845709331e-01 9.199823756206280123e-01 8.693460597646625043e-01 8.255054551777568639e-01 8.422093940987395166e-01 8.610198131331601168e-01 8.719586410512087937e-01 8.946798483970739291e-01 8.973168597025954485e-01 9.035277335926293896e-01 8.794758251703369556e-01 9.310851678989864322e-01 9.252987011336351042e-01 9.042593441329545012e-01 9.329189699394867530e-01 9.214286548902025364e-01 9.166293018355391453e-01 9.342596989394008622e-01 9.356052351674346568e-01 9.245983313312464702e-01 8.965411506299276745e-01 9.247997109543799610e-01 8.682340703990734099e-01 9.138677395784963187e-01 9.265136181876910682e-01 9.226158963549409009e-01 9.105524595710865476e-01 9.123089805012331022e-01 9.341596439514787686e-01 9.302169573294601923e-01 9.371975612992097249e-01 9.351524508686656079e-01 9.369612416675876521e-01 9.242768569960131408e-01 9.306867361493454949e-01 9.136584921432856499e-01 9.220456107684682490e-01 9.372307096912726454e-01 9.213985466352981879e-01 9.329521867688634895e-01 9.218299206187050565e-01 9.166184291156441732e-01 9.264874831282254863e-01 8.973572229989851268e-01 8.898339880551443537e-01 9.392638245723675672e-01 9.375399861999719198e-01 9.334688248830576018e-01 9.348622153379319011e-01 9.312223876168036485e-01 9.379911159715573765e-01 9.337726803685771904e-01 9.418745652190746442e-01 9.324882512684005142e-01 9.318492628611474426e-01 9.332052103593087011e-01 9.297704771026872317e-01 9.334922024772999150e-01 9.392191430586995793e-01 9.367580669934700843e-01 9.396648752687338790e-01 9.334033723005891181e-01 9.410619745608083120e-01 9.378348652249639539e-01 9.414076160175407493e-01 9.399142453446568402e-01 9.407333798162406113e-01 9.263585899994876138e-01 9.275425194852663369e-01 9.384860460856397912e-01 9.331658142028043113e-01 9.354988176640588460e-01 9.386033249323878502e-01 9.363000477004747024e-01 9.403578755126991151e-01 9.349746981393629586e-01 9.333288479565199358e-01 9.359928704573141633e-01 9.379550563025323973e-01 9.399124903463464964e-01 9.408625511550889886e-01 9.389155503487186527e-01 9.390546162689541454e-01 9.392770339504061816e-01 9.369934597360728423e-01 9.301078824348119056e-01 9.338373245868226702e-01
1.694428164730271691e-02 1.228931138151965197e-01 3.178544484868047193e-01 5.410262505405233346e-01 4.618957959775898958e-01 5.270375659877637453e-01 7.086843684207038141e-01 6.985699851205425803e-01 7.455046912843843465e-01 6.877719594886808618e-01 7.455112323739765401e-01 8.192631166665544917e-01 1.000000000000000000e+00 6.148523514143081625e-01 8.222866107397767133e-01 8.320834850807289351e-01 7.320386233793657604e-01 5.850323478315215819e-01 6.452431431614423785e-01 5.207465032003639749e-01 6.166833355563289265e-01 7.153781995022391316e-01 7.274136070109311625e-01 5.755765197316250470e-01 6.348101278068276621e-01 7.989655079056002807e-01 7.914645618515591119e-01 7.772219628092439381e-01 7.823471785480929919e-01 7.973899176371327391e-01 8.307499052377402826e-01 7.644615503185807626e-01 7.211833962386779984e-01 7.444353078136158874e-01 7.589696597047914661e-01 7.973749945533193939e-01 8.111223999196796042e-01 7.976098476217823308e-01 8.202549675329836587e-01 7.855185090548554294e-01 8.468825056919478955e-01 8.396273355576763242e-01 8.258821373280816891e-01 8.504908054617724700e-01 8.409485740847409962e-01 8.322899398449487007e-01 8.506828769035243987e-01 8.509944189572204998e-01 8.357780427511135590e-01 8.018506361915967995e-01 8.353545026578166333e-01 8.054326634610746716e-01 8.400493899237582163e-01 8.389391018258788302e-01 8.336433103703535519e-01 8.220865915251754918e-01 8.206176026119663680e-01 8.503527556057018932e-01 8.347500434256115431e-01 8.601611910317622511e-01 8.509275992488729567e-01 8.513943725672155072e-01 8.303132531124312044e-01 8.491376980215578074e-01 8.448780964976930763e-01 8.455769783984757870e-01 8.540969455066683702e-01 8.358986326595512217e-01 8.367356766224595122e-01 8.365975303486486991e-01 8.368014564751938833e-01 8.479634895478365131e-01 8.083059067014582988e-01 8.131453997100842601e-01 8.545034702794565007e-01 8.516523886506716101e-01 8.479941799326803364e-01 8.490664155352043441e-01 8.441098032486697988e-01 8.516253731153944351e-01 8.480160963599224777e-01 8.562490703794436442e-01 8.480266515947443295e-01 8.413370767669074990e-01 8.438632599575377480e-01 8.413500260862646352e-01 8.517725573136020190e-01 8.497981450520618596e-01 8.515137457129697829e-01 8.495207458329218086e-01 8.435646190014686185e-01 8.576885815661253742e-01 8.589001620202457721e-01 8.565366749751747166e-01 8.582944263633978110e-01 8.582931475324971915e-01 8.405408271240280005e-01 8.454962734041376882e-01 8.562576902295954140e-01 8.480753871193282833e-01 8.569337916027368607e-01 8.534103748496008057e-01 8.566010769766223554e-01 8.603890717659465892e-01 8.583518885345479132e-01 8.439880236015758763e-01 8.527145057968127384e-01 8.571879471295886788e-01 8.538404756600055379e-01 8.580654928142850135e-01 8.524610519744276749e-01 8.608885044618111992e-01 8.572606246883016645e-01 8.590902343891199111e-01 8.565970449432603884e-01 8.569311883551341547e-01
