1.000000000000000000e+00 1.554891735690545063e-01 9.402209387711087107e-02 3.701028986622621059e-02 -3.012495247610683796e-02 2.791159122439449899e-02 2.889185428495268104e-02 2.500252636708756582e-02 9.437038415339667197e-02 6.439737198947913244e-02 2.129265714528167167e-02 2.035088092440977964e-02 2.694234769956432851e-02 5.075665589480274527e-03 1.676119623269148318e-02 2.992102376387073548e-02 6.196699555735057929e-02 8.551045745143032173e-02 5.991732250339518173e-02 5.890383813019209325e-02 7.498357492883521436e-02 9.521149836505812813e-02 7.011294949774315999e-02 7.837477656175442786e-02 7.633500530430339936e-02 4.399220875325006441e-02 4.862849936196952244e-02 4.256722339796228938e-02 3.787595483477441960e-02 6.055718226825208134e-02 4.385877218634498531e-02 4.437213239552728616e-02 8.298618103096259621e-03 3.143293873238697106e-02 5.000419705475239035e-02 2.310178762447201092e-02 2.441119766448367895e-02 4.936947302158607720e-03 1.649958822358638458e-02 -2.217889148056870555e-02 1.036398051600781467e-02 1.817127013697103543e-03 -2.096377384254603793e-03 3.956393134600120001e-03 7.575603350611965874e-03 2.294614445283948544e-03 5.317700841970041288e-03 2.104891425220141096e-02 2.176127829390063842e-02 2.004436552720647788e-02 1.638438410254316330e-02 2.478939369026623984e-02 9.324355569014630002e-03 3.474807073675288682e-02 1.926456230955318760e-02 -2.894692754313026462e-04 5.037874576255687437e-02 1.792265896940019657e-02 2.251438128017116402e-02 2.800100837006837956e-02 2.400809039482550838e-02 2.692955530422595084e-02 1.940177101991631681e-02 1.826257196282657022e-02 5.227801479562035891e-02 4.058310003910804709e-02 2.283934926736468779e-02 1.836835427618482494e-02 2.684221797152559069e-02 2.523490709349255831e-02 2.150842888475883521e-02 2.408272306427160225e-02 2.683715663267248475e-02 2.934653160026663363e-02 1.356576958134409275e-02 1.242962495273386599e-02 2.069736048094582628e-02 2.043445980340160076e-02 1.901019721414318880e-02 1.913066339554183454e-02 2.817080999434744271e-02 1.796950563146293076e-02 3.116014255128014485e-02 2.011439325715429910e-02 1.280603545915093983e-02 1.670290999246254460e-02 8.920076284989968129e-03 2.825464356301557890e-03 9.389658201328280815e-03 1.971768757227775060e-02 5.273514344008534312e-03 5.242319054054999251e-04 2.601253516308644261e-03 6.005093984752369468e-03 5.903967840072023646e-03 1.308152266609552070e-02 -2.816836715801889629e-03 2.772749415876329254e-02 1.398444204736022135e-02 3.132702296912020807e-03 1.999967549003206675e-03 6.683963382766046520e-03 8.045052475779718160e-03 7.380045836977883493e-04 1.593552576890137906e-02 3.043133114159030095e-02 2.144078888113973985e-02 1.102386408486930210e-02 9.291151461285626981e-03 9.288111325277223496e-03 2.325752665783525040e-03 1.252105165221613185e-02 1.102627255018173713e-02 1.220639950139718218e-02 2.928263882272852045e-02 2.229321186966520471e-02
1.554891735690545063e-01 1.000000000000000000e+00 1.665013473934668364e-01 1.757781708375263374e-01 1.130363104155131249e-01 1.029126252459787866e-01 2.200895117582764571e-01 1.907653618361097037e-01 1.752168270687985419e-01 1.872834624324270225e-01 1.724668555221213206e-01 1.880135058102878898e-01 1.833787451134901159e-01 1.249928134524567747e-01 2.034809921905356145e-01 1.805024690903456741e-01 1.658050792619275016e-01 2.197870776829130290e-01 1.994208459029628844e-01 2.158505352612856421e-01 1.969080561565687559e-01 2.150227645558797918e-01 2.485263880334653286e-01 2.307368406706456487e-01 2.079223219567279402e-01 2.100938851263850216e-01 1.992639332541492059e-01 2.091616345571583047e-01 1.914315733891959748e-01 2.040124924910033388e-01 2.012647432320962271e-01 2.313642678743864090e-01 1.790091683830023761e-01 2.141752069390829849e-01 2.010523151928097774e-01 1.762020056206665408e-01 1.899074280181415608e-01 2.076772839380213453e-01 1.877574482125220767e-01 1.793957540904365933e-01 1.760546149534261695e-01 1.817363554571034823e-01 1.673848931356658742e-01 1.654167879451694245e-01 1.699266349303958923e-01 1.821812234145900877e-01 1.676512064937700219e-01 1.768095933023280109e-01 1.886281751420759989e-01 1.858574280648971067e-01 1.953431399243165112e-01 1.639881771568785784e-01 1.614783122712005470e-01 1.868639341457430381e-01 1.843313519821203894e-01 1.882427119670495863e-01 1.832902261368100083e-01 1.792759960682545062e-01 1.923787561808046054e-01 1.704830042805904611e-01 1.773247224473935568e-01 1.776270642830657664e-01 1.765723007434553959e-01 1.765538066205742107e-01 1.704739292695058306e-01 1.718590402793686855e-01 1.809926367614109743e-01 1.825649198293953779e-01 2.012044548975455427e-01 1.914750438360694473e-01 1.830751810763762144e-01 1.844702241936976295e-01 2.033607154887492607e-01 1.925464548974632206e-01 1.834731708342988432e-01 1.784124937338949224e-01 1.914266684620337944e-01 1.911738091773695358e-01 1.850423043976802961e-01 1.845082455807928179e-01 1.809173960840300688e-01 1.833574580663418219e-01 1.971207753226454917e-01 1.860939921263350116e-01 1.931509926186377735e-01 1.913045166298264765e-01 1.743170277227624188e-01 1.872431435340329575e-01 1.820592354347384534e-01 1.928315950116814836e-01 1.893819947588091523e-01 1.737206864687030339e-01 1.685780810719770262e-01 1.762688804328124970e-01 1.711815393111740802e-01 1.792374497088674024e-01 1.813793946075728802e-01 1.857383296038515597e-01 1.798882128840517125e-01 1.827667240135535109e-01 1.734050365650930681e-01 1.782481734743058543e-01 1.669558281432062530e-01 1.693287446587558587e-01 1.745517320415773954e-01 1.774486518962209436e-01 1.880574450935320052e-01 1.801812088669383360e-01 1.801017473475430841e-01 1.746422795172806186e-01 1.761607100744107535e-01 1.712915879576320521e-01 1.707823835287674841e-01 1.744283405510339002e-01 1.690678440182747100e-01 1.723867412484018924e-01
9.402209387711087107e-02 1.665013473934668364e-01 1.000000000000000000e+00 3.773539141752713100e-01 2.107840182002622409e-01 2.436947599236148065e-01 3.897343922240078529e-01 3.796632262445743256e-01 3.451376453588066995e-01 3.201802879558678372e-01 3.726851967174969471e-01 3.894692128051568392e-01 3.403699370105505162e-01 3.488342819171105225e-01 3.859767168883644350e-01 3.771030930126740288e-01 3.366460640653903269e-01 3.771319842968488545e-01 3.534021517111083366e-01 3.721860257470711031e-01 3.836011337494331097e-01 4.008702154312656085e-01 4.074076845512515921e-01 3.827076508662049514e-01 3.779657691139702846e-01 3.988988443345240498e-01 3.837137096753303611e-01 3.917516909877762910e-01 3.743971412059736159e-01 4.020013563835215242e-01 3.985034983669821229e-01 4.177826055160505647e-01 3.839737361242943625e-01 4.099999495110398517e-01 4.030287092033045249e-01 3.747404868821905821e-01 3.880783062711955500e-01 3.994655337557804220e-01 3.903659417004056165e-01 3.693085679833637003e-01 3.698393034152195891e-01 3.725913783058093509e-01 3.737412343124547620e-01 3.737220038211157558e-01 3.749285511536215032e-01 3.729794041738838106e-01 3.550634165237787632e-01 3.689250054835429005e-01 3.785552155252496220e-01 3.900341700801786549e-01 3.853674784420952903e-01 3.824263141179060077e-01 3.665626867681647250e-01 3.674985462519852475e-01 3.678133209127766867e-01 3.832545996897185336e-01 3.802199062176176425e-01 3.728122768823762256e-01 3.763773003761514691e-01 3.651499178623815456e-01 3.745800435949449003e-01 3.709040548586330921e-01 3.700686644695246330e-01 3.752478492283765621e-01 3.753129444074679300e-01 3.793019901199381483e-01 3.661195141871680936e-01 3.732749373389550596e-01 3.894621155198826901e-01 3.866853840653139973e-01 3.789363094059224335e-01 3.769264297362291405e-01 3.849213464903072923e-01 3.810052546690375075e-01 3.749665330281059528e-01 3.697996845116626186e-01 3.807573959438249611e-01 3.793112465955871815e-01 3.700028856417664214e-01 3.703236223656402593e-01 3.752971876202899626e-01 3.813394070963070925e-01 3.962506705028652210e-01 3.767801613901093361e-01 3.852768546495207169e-01 3.861106843468374294e-01 3.748044697016053028e-01 3.783919672715850835e-01 3.728885924772387672e-01 3.857540024771681786e-01 3.799937434945477310e-01 3.671878775470807099e-01 3.723439382337250247e-01 3.717295039965475834e-01 3.601523140576638471e-01 3.659983006750068824e-01 3.830470848176574239e-01 3.851423339031325721e-01 3.721815396606132365e-01 3.756528538699089315e-01 3.749447445977633908e-01 3.740450240297190643e-01 3.611314379320904044e-01 3.672697262329260304e-01 3.802604653885748309e-01 3.777548715778290545e-01 3.786854730808478231e-01 3.647125143976315265e-01 3.773727624734961039e-01 3.635685110371243423e-01 3.664620249935464646e-01 3.644364098961380138e-01 3.686462115763095571e-01 3.726677191531624911e-01 3.726541564649177296e-01 3.714979474861062614e-01
3.701028986622621059e-02 1.757781708375263374e-01 3.773539141752713100e-01 1.000000000000000000e+00 3.489086862521377785e-01 4.120173676177505961e-01 6.234787298686444990e-01 6.098323080388790007e-01 5.519079940282368701e-01 5.212072387863443401e-01 6.159579867740889725e-01 6.533673414581708805e-01 5.706978762727024090e-01 5.543099086259224428e-01 6.433366648570888469e-01 6.423176298656265715e-01 5.556521987889433412e-01 5.816627801634502992e-01 5.636588912734102896e-01 5.732334004300847496e-01 6.290715185206214866e-01 6.297887748301188582e-01 5.954190654716861042e-01 5.678661045310251509e-01 5.826130896490663291e-01 6.574153593983880217e-01 6.173725667331926292e-01 6.256774726774335660e-01 5.962738760326707910e-01 6.316827614636867372e-01 6.328398584205431332e-01 6.408605307698289621e-01 6.047802014010287275e-01 6.334284688656799389e-01 6.259017776323618776e-01 6.262560784568438343e-01 6.165817461991530690e-01 6.476844410839184274e-01 6.340531945021324889e-01 6.048541335807647856e-01 6.169534153901100604e-01 6.264157887410011227e-01 6.384766938052237606e-01 6.280365277662838253e-01 6.255970124896368389e-01 6.221945320171897720e-01 5.982919057249178607e-01 6.073807340792711784e-01 6.230894582902791745e-01 6.447685726085428115e-01 6.368192505829899375e-01 6.276512302754868600e-01 6.122734057227028348e-01 6.063861765945469662e-01 6.133384903612517647e-01 6.282481994370212597e-01 6.211894169378600061e-01 6.149457578109692735e-01 6.137996692034123347e-01 6.088983630989752704e-01 6.307079860133061322e-01 6.141743001100775645e-01 6.192665984426946046e-01 6.280746265514280946e-01 6.114584437108387949e-01 6.229896021567310482e-01 6.102900762809001511e-01 6.141675690125893983e-01 6.286199826747518316e-01 6.304610947184342562e-01 6.348496597362550675e-01 6.200577210285281859e-01 6.116544572878643837e-01 6.163764511360813048e-01 6.243194985892632776e-01 6.167792155551942157e-01 6.265639848265623923e-01 6.170222654453783040e-01 6.155489825432968187e-01 6.108057643552707860e-01 6.109916798985939312e-01 6.203978589719133518e-01 6.385367574623130871e-01 6.170600704198895281e-01 6.337809644343612714e-01 6.271236109491572508e-01 6.142754240111457653e-01 6.278935693554812403e-01 6.212541192852139016e-01 6.336423020259698280e-01 6.249755618851693395e-01 6.185709809105380819e-01 6.210003939233071923e-01 6.228467500579945026e-01 6.036068602291220220e-01 6.093264330484948754e-01 6.365618634717459257e-01 6.349322502575407423e-01 6.230883545643189914e-01 6.305884126395624456e-01 6.339765635140860445e-01 6.276021442884174295e-01 6.138434912829787704e-01 6.200011059114799439e-01 6.324139562623415367e-01 6.300349991557245843e-01 6.266323413054487590e-01 6.110230990514693428e-01 6.257339094018953274e-01 6.103729313110477506e-01 6.145854929421865620e-01 6.122417963638185912e-01 6.136173073795799793e-01 6.228551858864455060e-01 6.186715512708321763e-01 6.204551196277501290e-01
-3.012495247610683796e-02 1.130363104155131249e-01 2.107840182002622409e-01 3.489086862521377785e-01 1.000000000000000000e+00 2.815367166314461378e-01 4.412874099908193348e-01 4.489954405600273812e-01 4.148583117288526800e-01 3.644736055921132811e-01 4.313843282493048936e-01 4.645719284525087756e-01 4.650000862282198666e-01 4.039431683307929122e-01 4.735451334893869269e-01 4.720348871567751625e-01 3.929377827702984494e-01 4.089077609311147499e-01 4.209445327263139913e-01 4.343095564099454520e-01 4.203480608974637933e-01 4.367517995879307002e-01 4.138123296028289877e-01 3.797358126338727935e-01 4.124526597960702645e-01 4.580179561130723331e-01 4.355418925091497084e-01 4.331064528624749554e-01 4.069954273534402978e-01 4.520868411789671915e-01 4.512603684396926385e-01 4.453800378703581253e-01 4.163285220116914043e-01 4.434313880143494480e-01 4.408094913204745890e-01 4.552230598719922416e-01 4.494402819064022836e-01 4.534191603641886115e-01 4.583292410596448985e-01 4.269778840477421733e-01 4.596626529375321124e-01 4.675259444600147196e-01 4.876605600894216019e-01 4.692067312834536930e-01 4.550885605500233910e-01 4.616834153868064061e-01 4.494518006426587164e-01 4.511351492233742211e-01 4.584289156026115641e-01 4.627884520854288475e-01 4.621156597567855351e-01 4.559166422470113944e-01 4.669966315374818877e-01 4.533414735131053308e-01 4.548371120498653775e-01 4.538734738681381997e-01 4.507157582555512132e-01 4.585428863954202350e-01 4.562510327256154019e-01 4.616364055074755335e-01 4.726159991492386858e-01 4.595515319401999310e-01 4.597636658842774171e-01 4.663166745977370131e-01 4.519324737321541718e-01 4.592769938074664493e-01 4.537731624214577653e-01 4.599536583268599155e-01 4.601251902233686741e-01 4.762877497200674326e-01 4.636693661084476670e-01 4.573635988388606854e-01 4.487602758449961704e-01 4.486886734241124497e-01 4.603987535958165012e-01 4.548612712395000424e-01 4.501830546561301771e-01 4.496345082610629373e-01 4.579352902151097582e-01 4.545486044592979558e-01 4.526547677130985381e-01 4.573208151308381098e-01 4.560918721453449676e-01 4.503197092096045129e-01 4.586150515457327881e-01 4.594056885578624017e-01 4.587631662301345781e-01 4.608932177109201223e-01 4.612888125201818346e-01 4.546980366224488979e-01 4.548090487492718048e-01 4.605361986928668827e-01 4.609519761315601372e-01 4.634116404075561135e-01 4.522821316244021728e-01 4.543201914080161608e-01 4.582627290686135391e-01 4.551283053348999519e-01 4.623786282524695035e-01 4.612813533920415709e-01 4.760813599731949508e-01 4.588285152582986526e-01 4.611522217539039126e-01 4.638102347705820305e-01 4.635915287698161857e-01 4.537144495953419621e-01 4.574260782238003809e-01 4.545873235813387425e-01 4.592795095987900478e-01 4.551594897034879073e-01 4.545723136902887207e-01 4.599394803812035804e-01 4.557458033115395213e-01 4.611896937492880322e-01 4.566343926100692174e-01 4.590192781790046750e-01
2.791159122439449899e-02 1.029126252459787866e-01 2.436947599236148065e-01 4.120173676177505961e-01 2.815367166314461378e-01 1.000000000000000000e+00 5.102070070782245281e-01 4.732187866996647174e-01 5.300110756710059157e-01 4.895027712235066608e-01 5.390531891697191158e-01 5.633373265055998669e-01 5.110517823201756737e-01 5.200689670882983062e-01 5.748915973308024174e-01 5.574383916966639818e-01 5.350628143690117078e-01 5.115122714999683629e-01 5.431190781623751462e-01 4.471923074826626987e-01 5.171905094815957282e-01 5.494721247034257683e-01 5.062312731131509702e-01 4.857017482822105214e-01 5.431522604006994159e-01 5.792127616553447433e-01 5.776335395658075411e-01 5.711992732563355712e-01 5.380475917317462109e-01 5.607882525956110475e-01 5.824487379829754730e-01 5.706581898832964184e-01 5.495581683767140069e-01 5.522501310019128917e-01 5.604643720143713814e-01 5.672229590411992373e-01 5.804127417473221584e-01 5.837652232644440220e-01 5.861177796129338757e-01 5.691106231753777500e-01 5.859859001800344913e-01 5.952063863240879549e-01 5.774312587868997149e-01 5.977566137280719838e-01 5.901112796024993168e-01 5.861659506319651936e-01 5.860012805940630898e-01 5.877758880463754831e-01 5.892664001188767653e-01 5.777772847848037241e-01 5.890217858787030192e-01 5.711942090825745666e-01 5.786596273497104370e-01 5.841589693965697494e-01 5.795558369124393927e-01 5.916646600383258514e-01 5.755029741101642671e-01 5.829542478610602041e-01 5.831889729406839473e-01 5.863252403283998326e-01 5.846075292255805689e-01 5.860178289777621119e-01 5.843878298845412989e-01 5.878780064909353564e-01 5.843824317311711036e-01 5.901116540039709202e-01 5.908809154789977924e-01 5.883738609044643075e-01 5.906426393130689290e-01 5.838639622783471372e-01 5.904500545186147642e-01 5.923701368950337054e-01 5.751980933133665763e-01 5.903313129394721637e-01 5.982454216469155206e-01 5.959127931461681849e-01 5.946133390790596662e-01 5.845002235672781543e-01 5.900082867789262497e-01 5.849337018906566321e-01 5.857162027205606858e-01 5.895399651150713405e-01 5.904249250152662221e-01 5.889251472686896083e-01 5.827826370564948011e-01 5.878383430927153208e-01 5.888513831563545464e-01 5.928507322648818301e-01 5.894051202432114556e-01 5.953280283439280618e-01 5.937128030164321446e-01 5.918787138429577599e-01 5.934924956629945569e-01 5.932765584538985948e-01 5.869460137601275607e-01 5.891461085266636033e-01 5.912087278123723255e-01 5.801020379478620814e-01 5.879152792517481352e-01 5.914677483407744241e-01 5.907514499785009310e-01 5.868220534194543703e-01 5.870758476700611572e-01 5.917554030625465922e-01 5.894441086910146010e-01 5.869154504593458999e-01 5.899658348689263976e-01 5.895556463649566092e-01 5.926179313901810408e-01 5.866409094986321238e-01 5.908600783992183914e-01 5.886933366993043482e-01 5.902596425084332132e-01 5.907894537094433574e-01 5.894478764083361799e-01 5.891515074397090101e-01
2.889185428495268104e-02 2.200895117582764571e-01 3.897343922240078529e-01 6.234787298686444990e-01 4.412874099908193348e-01 5.102070070782245281e-01 1.000000000000000000e+00 7.414558666807034015e-01 6.744126908054604019e-01 6.465804759322123507e-01 7.400637086006476295e-01 7.748872485274600486e-01 7.181270874028847784e-01 6.784744919191201262e-01 8.067113017226803517e-01 7.785384266593426972e-01 6.757237736945946871e-01 7.113447074432572848e-01 7.054530730679834383e-01 6.876610291026225008e-01 7.177544561823979707e-01 7.450730164704308933e-01 7.181092018747491368e-01 6.854970257263329758e-01 7.107330157508551238e-01 7.969183014144333166e-01 7.543950658839110313e-01 7.654491994692577128e-01 7.295372410904013005e-01 7.524942423978037143e-01 7.656841222541902470e-01 7.802079011479885473e-01 7.256974598967704804e-01 7.544877399899787562e-01 7.454999011052485525e-01 7.693257902844712337e-01 7.584196026307316041e-01 7.895045570492124076e-01 7.785295591544990623e-01 7.660630841252354939e-01 7.682010985029380512e-01 7.842689596726130086e-01 7.917868765788622643e-01 7.806644873036477916e-01 7.738533603926124327e-01 7.754418004773279138e-01 7.443074143236521056e-01 7.573106272290011098e-01 7.707655179151028380e-01 7.760409417454482428e-01 7.859172728973562450e-01 7.572606653535072230e-01 7.614173787946295624e-01 7.560289570140023008e-01 7.547004388699203314e-01 7.856119107276843261e-01 7.585062105590741899e-01 7.630669921136038480e-01 7.675116155511222393e-01 7.543681213834505517e-01 7.739286308689568017e-01 7.614538071627509064e-01 7.627999653461938756e-01 7.683197188035518765e-01 7.483906149367169913e-01 7.588318817630778090e-01 7.557757495086169230e-01 7.648588431842565649e-01 7.749205374866502405e-01 7.790481158157566144e-01 7.764408450048414512e-01 7.626763727077877641e-01 7.613667034639499676e-01 7.608156185765378998e-01 7.735996448505935152e-01 7.649303074864378660e-01 7.738603722028329912e-01 7.617108922037285623e-01 7.655582283492307072e-01 7.553578784304567639e-01 7.536625253895532506e-01 7.612996056738313699e-01 7.752324647269893676e-01 7.626963763381694461e-01 7.718605351018602567e-01 7.694713011534342062e-01 7.633995862718151448e-01 7.785713729959640172e-01 7.687053524488907108e-01 7.770941733276989227e-01 7.766215765626411915e-01 7.691967515556333845e-01 7.713417219922615864e-01 7.724401461432869320e-01 7.514463917981134555e-01 7.561564112924111791e-01 7.804534402543692462e-01 7.623879857254731718e-01 7.644981026563777426e-01 7.746293862782934747e-01 7.813234850589897418e-01 7.665952116750017753e-01 7.600524596968152302e-01 7.689147913794132094e-01 7.699280792775715643e-01 7.610438608568376173e-01 7.667853850390486947e-01 7.572609896745043923e-01 7.709958689462891313e-01 7.561446553481473432e-01 7.632340590493660315e-01 7.558461142614165684e-01 7.589401409265527088e-01 7.641652971641159642e-01 7.558750993956784292e-01 7.606329138354995800e-01
2.500252636708756582e-02 1.907653618361097037e-01 3.796632262445743256e-01 6.098323080388790007e-01 4.489954405600273812e-01 4.732187866996647174e-01 7.414558666807034015e-01 1.000000000000000000e+00 6.512413074290447357e-01 6.206349167531647337e-01 7.141833065873514075e-01 7.567973727335984835e-01 7.058106530077027374e-01 6.499188427911966048e-01 7.653422199724841946e-01 7.715304521164857432e-01 6.523443308431132737e-01 6.789757529319052631e-01 6.656417381236547914e-01 6.745166509392053200e-01 6.994735391100811439e-01 7.182076701813044917e-01 7.033631489300598005e-01 6.602351685250876789e-01 6.838454967491721659e-01 7.468947622645665252e-01 7.178491722211489678e-01 7.175329991743607527e-01 6.908017652806922593e-01 7.316340704672645856e-01 7.397112259658722433e-01 7.645493456532650445e-01 7.062353900208793167e-01 7.447280205714704726e-01 7.332325530210501707e-01 7.393503014435802712e-01 7.286493632310285795e-01 7.663438025343333182e-01 7.505869949130927754e-01 7.253914867926378740e-01 7.349373238750416260e-01 7.470903618848417915e-01 7.552896370921440283e-01 7.468860097471664572e-01 7.378695007629221259e-01 7.405101822866371197e-01 7.165995949664929476e-01 7.270076726917611420e-01 7.501529258199761685e-01 7.631148674382367547e-01 7.642985950889313873e-01 7.355088928181399144e-01 7.369900165304134054e-01 7.298181092234449219e-01 7.354710035647790134e-01 7.562681563682177588e-01 7.407974750222675597e-01 7.379298851387564584e-01 7.463726910087020716e-01 7.297260385118770065e-01 7.501421007945713315e-01 7.398269416281437749e-01 7.427003801150326989e-01 7.437524712706082841e-01 7.249195867780275915e-01 7.378481054482334267e-01 7.281058525700953021e-01 7.339895140217811420e-01 7.496711127380366602e-01 7.543818586643584734e-01 7.489853435247906255e-01 7.339714123506070331e-01 7.342919259499590678e-01 7.326748561894707024e-01 7.356736515930679676e-01 7.284590134091847302e-01 7.337380683845056151e-01 7.276767215797435018e-01 7.314673336847288265e-01 7.281945961219072894e-01 7.292258793512935711e-01 7.336981521468685097e-01 7.533505282964745309e-01 7.363620197808130596e-01 7.504741731295195839e-01 7.455676184416528685e-01 7.342327574197525797e-01 7.477118131628420761e-01 7.402173913426938201e-01 7.483632478256404541e-01 7.429925612049059769e-01 7.363430026775658055e-01 7.395546672531851939e-01 7.424689989525716793e-01 7.232908274549233463e-01 7.280679445097728575e-01 7.554386835337748574e-01 7.444739193841445335e-01 7.416296525599432865e-01 7.483026355923010353e-01 7.545288886707356424e-01 7.456755108482369110e-01 7.326863495183454367e-01 7.403271545133898179e-01 7.453812506446916286e-01 7.394915794271188503e-01 7.448159916749428344e-01 7.286705895872345184e-01 7.431427845241010965e-01 7.300727550419287004e-01 7.365730591325982957e-01 7.288693453847078230e-01 7.334003457898917722e-01 7.381946023241764410e-01 7.302018386333825051e-01 7.354031769766534721e-01
9.437038415339667197e-02 1.752168270687985419e-01 3.451376453588066995e-01 5.519079940282368701e-01 4.148583117288526800e-01 5.300110756710059157e-01 6.744126908054604019e-01 6.512413074290447357e-01 1.000000000000000000e+00 7.587148173925110095e-01 7.967990588388500495e-01 8.267454571287787823e-01 7.676472174222298550e-01 7.794430501813117695e-01 8.343989959217487096e-01 8.208075822433577029e-01 7.968006335349829827e-01 7.413867340728924615e-01 7.988963848198427087e-01 6.723950945014474101e-01 7.303072893065571947e-01 8.117552169062598466e-01 7.404316731584187350e-01 7.134500686191294072e-01 7.953270255686336609e-01 8.359997314388183387e-01 8.388834268352537427e-01 8.197633945966513735e-01 7.818309994135703711e-01 8.334354604198767058e-01 8.683966033459846745e-01 8.328116023220337727e-01 7.948335979064174994e-01 8.125583902962013605e-01 8.319263925148360217e-01 8.230628014586529595e-01 8.467962883294823939e-01 8.377589785329893068e-01 8.543471859661170287e-01 7.924232813963971722e-01 8.681230555547053696e-01 8.610079443325336923e-01 8.244517134789866031e-01 8.677925730605878796e-01 8.585313040990677491e-01 8.619533381418248430e-01 8.709368881778437599e-01 8.801901722041356457e-01 8.727806091365917229e-01 8.534092029998117113e-01 8.522123891567224829e-01 8.531785771830320275e-01 8.649854643686458733e-01 8.748500010357301848e-01 8.561776410100967460e-01 8.516068044058362485e-01 8.585011496159532518e-01 8.667251081194663476e-01 8.601172658114896175e-01 8.779666486942987458e-01 8.747261811163153933e-01 8.707593059026226268e-01 8.670527089538433430e-01 8.718543155818464507e-01 8.784469846495243095e-01 8.784334367079951189e-01 8.798463655283491613e-01 8.786923634664691729e-01 8.747320925606699715e-01 8.661052730602365468e-01 8.732870641996098859e-01 8.792538309131776586e-01 8.604777795219631376e-01 8.714155824943963236e-01 8.773993529203067965e-01 8.756528936467952162e-01 8.702266076362558112e-01 8.635002562923232983e-01 8.742335518934889471e-01 8.770233463421430731e-01 8.751031472934235333e-01 8.786676128456933910e-01 8.720541968048417525e-01 8.725369504101943008e-01 8.645054194243515511e-01 8.734236778471098361e-01 8.733325805748586301e-01 8.700315348860648834e-01 8.756862962756640778e-01 8.722941213635080349e-01 8.649865415166552163e-01 8.750595083868616397e-01 8.738339855204950712e-01 8.753614549245967158e-01 8.763245056821520329e-01 8.789032505664851058e-01 8.576161435461953086e-01 8.679406528116824227e-01 8.753233881464949073e-01 8.678904719210651653e-01 8.699404659513860771e-01 8.703964298746090789e-01 8.709998521694951590e-01 8.749365418978661824e-01 8.765758616293993777e-01 8.724966641689680946e-01 8.783942246361901018e-01 8.762857740267758766e-01 8.733480656023338007e-01 8.763755734371984074e-01 8.717706207607945901e-01 8.792248454540900759e-01 8.761905977841919491e-01 8.769835517899907673e-01 8.821226967308778422e-01 8.800255329680796157e-01
6.439737198947913244e-02 1.872834624324270225e-01 3.201802879558678372e-01 5.212072387863443401e-01 3.644736055921132811e-01 4.895027712235066608e-01 6.465804759322123507e-01 6.206349167531647337e-01 7.587148173925110095e-01 1.000000000000000000e+00 7.537872288957813138e-01 7.811635569483057484e-01 7.143506899178075908e-01 7.458765826775556329e-01 8.021379540430412236e-01 7.782921614851403547e-01 7.365587117743037648e-01 6.708341326761227963e-01 7.376240404683788165e-01 6.453840076125400005e-01 6.597668672228036435e-01 7.370501009414303084e-01 7.051386801811444505e-01 6.659757109186987822e-01 7.313130820525446385e-01 7.924572372827127786e-01 7.847214143877889736e-01 7.738805570911045928e-01 7.402689603159942067e-01 7.773483657320886531e-01 8.212712262411013819e-01 8.002296861040332221e-01 7.623082831722233221e-01 7.843558550037735833e-01 7.798206453594895837e-01 7.832359389434107033e-01 8.033159685032090769e-01 8.016557631484384494e-01 8.162898394958026937e-01 7.705301408733646884e-01 8.217289997582495342e-01 8.198626049189233767e-01 7.915866335847259183e-01 8.198677562626516258e-01 8.136024633104379511e-01 8.138066448604549530e-01 8.253826336434045841e-01 8.340018861942226636e-01 8.282090036894474983e-01 8.120113715797941945e-01 8.183615689814575100e-01 7.904710118673834440e-01 8.083068043196333097e-01 8.243092981975640443e-01 8.074491103406081782e-01 8.174706815899285273e-01 8.004029398406717899e-01 8.231711078830256101e-01 8.164760976330793785e-01 8.256266677248715880e-01 8.237159765372097375e-01 8.219806668896505464e-01 8.196954552822991458e-01 8.250371937676826972e-01 8.160971640993387455e-01 8.218067721827444494e-01 8.321046160967773275e-01 8.312871707882600880e-01 8.344128433323005911e-01 8.204635066019434486e-01 8.211615614321998713e-01 8.259874193434527667e-01 8.179565518249798384e-01 8.234441535079265462e-01 8.339203135487308627e-01 8.291565381412360214e-01 8.264562387725612469e-01 8.180961056492855876e-01 8.294537419644882892e-01 8.328280797260668722e-01 8.300640647268160421e-01 8.346033192254793676e-01 8.269008917949958182e-01 8.279900331515511747e-01 8.246818555800344841e-01 8.330095347816999229e-01 8.304198207435593559e-01 8.299949922277242154e-01 8.323329102089747078e-01 8.302094329873104250e-01 8.270465259130830304e-01 8.317682567160963325e-01 8.284090885433743612e-01 8.312711111252535368e-01 8.337654436390122825e-01 8.356249940124854669e-01 8.214795401111198991e-01 8.197103127021309055e-01 8.317877016414414459e-01 8.304306774612106867e-01 8.314086273813349193e-01 8.289997603916948732e-01 8.289217496065541813e-01 8.320535596778537712e-01 8.284197102638268806e-01 8.250765736209774159e-01 8.338806112050733965e-01 8.348686479120090986e-01 8.320658589280420792e-01 8.318916189934181249e-01 8.306749474508480224e-01 8.340050362393984784e-01 8.325001816620414274e-01 8.329736652510771888e-01 8.285041624361071388e-01 8.293466771473553267e-01
2.129265714528167167e-02 1.724668555221213206e-01 3.726851967174969471e-01 6.159579867740889725e-01 4.313843282493048936e-01 5.390531891697191158e-01 7.400637086006476295e-01 7.141833065873514075e-01 7.967990588388500495e-01 7.537872288957813138e-01 1.000000000000000000e+00 8.722740285081821421e-01 7.842869488779641296e-01 7.906910740405396210e-01 8.680619449763650186e-01 8.477941864439307862e-01 8.016781553711154196e-01 7.574686665713987743e-01 8.024370210458223740e-01 7.221732712989802350e-01 7.561360358542278393e-01 8.257852093925660553e-01 7.781878132189503638e-01 7.387397629763038376e-01 8.078891765501869937e-01 8.651408794647871270e-01 8.580389951099255397e-01 8.530282520360381593e-01 8.140883292101900315e-01 8.631159416185119060e-01 8.934517114087597855e-01 8.764700878647114779e-01 8.400658868017346625e-01 8.628080718364024015e-01 8.619333090964753641e-01 8.645321924902679145e-01 8.787157577070127124e-01 8.820175283045946779e-01 8.951200697034470410e-01 8.514413437261035833e-01 8.910812703697327253e-01 8.911319515326177054e-01 8.701249412608562661e-01 8.933140604923480721e-01 8.905084099688455046e-01 8.914905568828870308e-01 8.845217780236623861e-01 8.907589847391718108e-01 8.944258385532182221e-01 8.847111697465480651e-01 8.849596938821735481e-01 8.705984830097377447e-01 8.846935248614590241e-01 8.863434858341791012e-01 8.762593794763202659e-01 8.921354443234851272e-01 8.735452711158420147e-01 8.846454151340462646e-01 8.823380637380474623e-01 8.885102387218951625e-01 8.916736330172271296e-01 8.878137721341846644e-01 8.851458439348615093e-01 8.945508242658232190e-01 8.830817004174256191e-01 8.916677106929331575e-01 8.945040334786923397e-01 8.947039005599776162e-01 9.007813438510637871e-01 8.944521975017379889e-01 8.928421825324355243e-01 8.969200132670125392e-01 8.834062240790051534e-01 8.872657292656319639e-01 8.988689752536332955e-01 8.945922433701845033e-01 8.947674060905180804e-01 8.894190853087103887e-01 8.922171423145961455e-01 8.923804800473909005e-01 8.951949962933073435e-01 8.963421763002235032e-01 8.978881524010606796e-01 8.972095765927786681e-01 8.945251270067321459e-01 8.991906491131470558e-01 8.964152239461938843e-01 8.988122546126321444e-01 9.009905090577550180e-01 8.973867654530878202e-01 8.993026854261370051e-01 8.977440527975126816e-01 8.985033448698461767e-01 8.973419098893886670e-01 8.915219463483509132e-01 8.955180229916642753e-01 8.929193300327203930e-01 8.842832669404558921e-01 8.908525583659486768e-01 8.954553047309045111e-01 8.970104291900871107e-01 8.920487777057957146e-01 8.925775007806667771e-01 8.962662640545260295e-01 8.982077488679748312e-01 8.887147555374154129e-01 8.962467611969728853e-01 8.943252365946331439e-01 8.966783624707806988e-01 8.917564239629169887e-01 8.931414300940454520e-01 8.932313825680100461e-01 8.938560692235750782e-01 8.963569176673505945e-01 8.934612462876520000e-01 8.946704601754738029e-01
2.035088092440977964e-02 1.880135058102878898e-01 3.894692128051568392e-01 6.533673414581708805e-01 4.645719284525087756e-01 5.633373265055998669e-01 7.748872485274600486e-01 7.567973727335984835e-01 8.267454571287787823e-01 7.811635569483057484e-01 8.722740285081821421e-01 1.000000000000000000e+00 8.203336996135915937e-01 8.335426867095446779e-01 9.153854261701478423e-01 9.031553453209006932e-01 8.223724306915060067e-01 7.888344441252884698e-01 8.299254027627610553e-01 7.584119964493771793e-01 7.967519598973588080e-01 8.638209436927335449e-01 8.164776517548553159e-01 7.730022043313088398e-01 8.385884973373917139e-01 9.071158098471759912e-01 8.921410093159741761e-01 8.840207070241141718e-01 8.545083808482274446e-01 8.965641430972178805e-01 9.256373555897212668e-01 9.121636522624301247e-01 8.656638594049510527e-01 8.905476581756607279e-01 8.930744990001343586e-01 8.955977102107253174e-01 9.100289666707283009e-01 9.203329161012130388e-01 9.245890222763252231e-01 8.858913103858622184e-01 9.299136532115976905e-01 9.312584696579259136e-01 9.132697593290681759e-01 9.313503879531889185e-01 9.226463216052362970e-01 9.274264914874993382e-01 9.249664129428303294e-01 9.314192565767234200e-01 9.351976513848945238e-01 9.258991514580671156e-01 9.324900950944035039e-01 9.107950458161477858e-01 9.266326497804368012e-01 9.287103650068692096e-01 9.213550267405887784e-01 9.337161778832824277e-01 9.196093368816132818e-01 9.298646551229122759e-01 9.320991563281334491e-01 9.340233038659797593e-01 9.374414644776173366e-01 9.360509108778688470e-01 9.319926976048676925e-01 9.343665009954875700e-01 9.233419952361192617e-01 9.323299694718505393e-01 9.319159534299228387e-01 9.340789549061326857e-01 9.384799076546080920e-01 9.331244002141366733e-01 9.372478577081463369e-01 9.344436111841070147e-01 9.207588101219971177e-01 9.291552317090155944e-01 9.372648227889878170e-01 9.329471471546127992e-01 9.330608874879693371e-01 9.272497388377729521e-01 9.323924080711890605e-01 9.314270349913936764e-01 9.318516797205694813e-01 9.365972178131216630e-01 9.335456257636067789e-01 9.349379407664030195e-01 9.306483944069756653e-01 9.352264791099302865e-01 9.339310362605113269e-01 9.378033741213938068e-01 9.367667799230982029e-01 9.376399150746085320e-01 9.355536783381093180e-01 9.358358633353299760e-01 9.357551358410475251e-01 9.383557752984025280e-01 9.318229473282367836e-01 9.351887295565625147e-01 9.318042987188086546e-01 9.232318456047878819e-01 9.333194764436666402e-01 9.369348096246147284e-01 9.389817451566121465e-01 9.337434825305509500e-01 9.334413509643041396e-01 9.362873647829323964e-01 9.364575100862139179e-01 9.283601130712259009e-01 9.377550246128751876e-01 9.348630180819402780e-01 9.385695255987268615e-01 9.320425380928519798e-01 9.353529689621400411e-01 9.342518551727663212e-01 9.357865706222086022e-01 9.351433758668626917e-01 9.314217122941271798e-01 9.354956255902013851e-01
2.694234769956432851e-02 1.833787451134901159e-01 3.403699370105505162e-01 5.706978762727024090e-01 4.650000862282198666e-01 5.110517823201756737e-01 7.181270874028847784e-01 7.058106530077027374e-01 7.676472174222298550e-01 7.143506899178075908e-01 7.842869488779641296e-01 8.203336996135915937e-01 1.000000000000000000e+00 7.528528365676818712e-01 8.389982027886002669e-01 8.323232096698953697e-01 7.406429087171175762e-01 7.397605955583188564e-01 7.712819664265667674e-01 7.018260464263831322e-01 7.269902440609947725e-01 7.881075466686146003e-01 7.418291021326699486e-01 7.185530453970477849e-01 7.694008295491370220e-01 8.265062776922216248e-01 8.089098066655651120e-01 8.040958237509620021e-01 7.696496477210008624e-01 8.133480344308746668e-01 8.440709876746474993e-01 8.225589627428578909e-01 7.672919168765985898e-01 8.032371156918919342e-01 8.092620267610668439e-01 8.021602132313213618e-01 8.215183668318605248e-01 8.279118797003028885e-01 8.320707847687138781e-01 7.825444597303915506e-01 8.454743692041132297e-01 8.430344356709039699e-01 8.220649352936318932e-01 8.439776467669132254e-01 8.344875600606976862e-01 8.414777799938432112e-01 8.395049269671492898e-01 8.465641909152585853e-01 8.483738135176357442e-01 8.353469430333335666e-01 8.388490891998423571e-01 8.216820214834890113e-01 8.425008203369090953e-01 8.445341026996880940e-01 8.362388041430838248e-01 8.384713014623402794e-01 8.264636424097913103e-01 8.417460317843332707e-01 8.387015517059331904e-01 8.473203590435207655e-01 8.500871121977396916e-01 8.437222901216494542e-01 8.422158847819430916e-01 8.436501205986544072e-01 8.302803419154141107e-01 8.423057022720704667e-01 8.435283352307041405e-01 8.495480454032978690e-01 8.544526722311858169e-01 8.548424323696746097e-01 8.479388093840213303e-01 8.479549053236699052e-01 8.427124318842633688e-01 8.451050083012674463e-01 8.511002859866240167e-01 8.480637540675028951e-01 8.457983293477666642e-01 8.391219557400070306e-01 8.457770929900221279e-01 8.494083971319918991e-01 8.467564775318903170e-01 8.520495183905064662e-01 8.476699210395536310e-01 8.462603323458759430e-01 8.474402010142301211e-01 8.512233858708124767e-01 8.467812689873153165e-01 8.507501873883343002e-01 8.507065172773045081e-01 8.491697968350792047e-01 8.430194850607857227e-01 8.504678456609150450e-01 8.487703304086713363e-01 8.530122710985342804e-01 8.474798910203255042e-01 8.491037019606744174e-01 8.418293220617742989e-01 8.430100871641509341e-01 8.522093221318430833e-01 8.486175891287699447e-01 8.511082595423599129e-01 8.478041384905816713e-01 8.453752216369664341e-01 8.502430522305204352e-01 8.504719219726420976e-01 8.411956260490119908e-01 8.528578569805580489e-01 8.474293760614436399e-01 8.506815971038221846e-01 8.488507061490483396e-01 8.479910855027872341e-01 8.483238268270728577e-01 8.479969079133112819e-01 8.489301673471630894e-01 8.447776040910083273e-01 8.495266118213591344e-01
