1.000000000000000000e+00 7.135684019495604213e-02 9.189817368578741610e-03 4.483968676666855169e-02 4.028889240158726320e-02 -1.805617114853693209e-02 3.040666641596271452e-02 2.295684777205122054e-02 1.145994511485917133e-01 4.608600628271015270e-02 -3.076979352302588230e-03 1.299858938531027810e-02 2.323677774257883188e-03 -6.575008341233970141e-03 4.446438291268923516e-03 1.292358575617085815e-02 9.674156928117376431e-02 2.664892229765169346e-02 -4.374877372050170292e-03 5.008114907184459813e-02 1.927037223348916292e-02 7.835172251631760190e-03 1.124756511753353082e-02 -2.112993613284198675e-03 2.783986874561200382e-03 2.904582446135308554e-02 1.554569379733587546e-02 6.645234024019837198e-03 1.972010944312861322e-02 2.352940624462739744e-02 1.172751426350976227e-02 8.961557221617681007e-03 5.241119006915902559e-03 1.090145475900400514e-02 1.656561220160375145e-02 4.709153195890603862e-03 7.695527995320148966e-03 3.894835972898021397e-03 1.916408391678357370e-03 -1.723240792528377835e-02 6.766108945992799564e-03 -1.285713884172900306e-02 -1.580671952665737776e-02 5.306632796204987720e-03 1.318920397877353795e-02 -8.849756192468952523e-03 1.151909670487391742e-02 1.740962414492843238e-02 1.716148609093941235e-02 7.358298505618868050e-03 7.423336666482696286e-03 -1.401105910927923298e-03 1.096220857672266201e-02 2.098342977689932748e-02 8.917767488480705593e-03 2.222356724115832384e-03 3.073368089825178479e-02 1.544699398128201052e-03 2.574239289192324903e-03 3.154181092535440073e-02 1.166279870909866373e-02 1.398014237390891694e-02 1.071426971441244783e-02 3.068702349485044958e-02 3.991302569876998413e-02 2.322993634905667903e-02 1.246036512895218329e-02 2.321219402806219169e-03 2.648780736103842695e-03 1.367757240087350522e-02 -4.368536042397108514e-03 8.872362978198735511e-03 4.196790791415950291e-04 9.316475836711538006e-04 7.414764527734451528e-03 2.626160687356821847e-03 1.763511977341928466e-03 8.623623083469457440e-03 -1.237771954813710008e-03 9.307778921012973411e-03 9.045731938968631577e-03 5.193856581514859003e-03 1.113936940548276855e-02 1.405115142456407964e-03 -3.704089215909898720e-03 3.867082972313520481e-03 -5.765872089317984443e-03 4.348201333775143264e-03 9.297569759296022210e-04 1.290736299755553158e-02 -1.302455911612457329e-02 -1.762663997042290343e-03 -2.541562931741552216e-03 -3.231175596786847997e-03 6.422622783019332759e-03 7.956340175811996152e-03 -1.349697631272130886e-04 2.332646590137471554e-02 1.440307225727406604e-02 5.645836714502522682e-03 -3.115427169561153353e-03 1.254061579348176962e-02 5.179714438143854724e-03 4.271188728631632008e-03 5.162233395492469949e-03 1.528136205146987323e-02 1.425038513818668862e-02 7.642435317388271421e-03 7.881438869667956731e-03 9.623683469675309993e-03 1.621739549598204917e-03 1.845893395714451324e-02 9.936629984219378514e-03 1.799444714996576572e-02 2.203518746143636950e-02 1.372030579700554698e-02
7.135684019495604213e-02 1.000000000000000000e+00 5.143559789490998596e-02 1.158141322379897808e-01 1.144845957164694339e-01 9.529328572806958220e-02 1.286988954352218384e-01 1.380913645813235391e-01 1.791939852206202444e-01 1.861437305751988680e-01 1.260707465438627439e-01 1.576977197069006631e-01 1.569159673824133960e-01 1.346991837771341904e-01 1.493120661236012336e-01 1.601070704837701530e-01 1.538740275888452191e-01 1.292248437520704674e-01 1.535132414235833576e-01 9.170074470953952506e-02 1.210400363067246216e-01 1.432035729348009601e-01 1.616564669801816012e-01 1.263969777750403589e-01 1.395458583241083739e-01 1.533680352258203761e-01 1.392870233511408762e-01 1.456793754096877280e-01 1.440352055727744940e-01 1.651766475030573833e-01 1.524633242057663596e-01 1.529995589412728729e-01 1.560173494484221046e-01 1.447633788360865037e-01 1.603623155875623096e-01 1.280578782947334460e-01 1.522717530198947622e-01 1.550784871828686240e-01 1.567372469325287176e-01 1.539375608030390530e-01 1.551407580666016306e-01 1.404829620956885294e-01 1.285806179598321108e-01 1.474953806041497395e-01 1.561927169451323427e-01 1.545365005860791507e-01 1.564665195920575680e-01 1.639998606990102914e-01 1.453468075312344399e-01 1.256780111926766308e-01 1.476706805733139505e-01 1.119447399853392144e-01 1.349789118922877507e-01 1.645192744211657343e-01 1.654140358224984175e-01 1.706037642726218329e-01 1.467147306102588866e-01 1.510745396379510608e-01 1.556285138738893736e-01 1.605274184566595208e-01 1.449083810524408877e-01 1.515324172697993244e-01 1.413231689099157251e-01 1.490868651140850876e-01 1.574904847005756392e-01 1.555356931511917562e-01 1.560896030022465297e-01 1.551400587178183854e-01 1.537272911535048914e-01 1.505160717458969843e-01 1.561570483002553411e-01 1.590006310337012951e-01 1.534097142067997743e-01 1.537711160248993736e-01 1.504505632160233752e-01 1.516069245214281547e-01 1.521681816876863935e-01 1.558151389328452652e-01 1.511308375393266012e-01 1.509701658978190031e-01 1.504247213842653530e-01 1.558626728733405187e-01 1.492255314847943659e-01 1.551027969340584844e-01 1.379569027035763562e-01 1.470599334775276046e-01 1.469600945596981900e-01 1.556982920161554818e-01 1.508985888418276633e-01 1.613617845704129194e-01 1.514787433924140447e-01 1.529173747006954132e-01 1.518811973555690975e-01 1.543970008553488260e-01 1.537788408627634995e-01 1.573558805371139679e-01 1.324301661150932008e-01 1.374469669952360917e-01 1.464876635920856762e-01 1.490996127695942419e-01 1.399232267983094857e-01 1.457091061085802608e-01 1.459523471358945279e-01 1.471079529711093181e-01 1.443820212866282482e-01 1.480103023599089740e-01 1.502809670794642005e-01 1.609162687203669895e-01 1.578627352232478132e-01 1.557234508356648561e-01 1.571115648298489764e-01 1.571212272194347226e-01 1.556301452319028000e-01 1.488163622110811601e-01 1.493853656268918084e-01 1.528563709940838067e-01
9.189817368578741610e-03 5.143559789490998596e-02 1.000000000000000000e+00 3.256788927662458977e-01 2.062838331480622844e-01 2.316187923267756521e-01 3.591705904969487717e-01 3.218731661782706643e-01 3.383229938760468070e-01 2.974475814348449543e-01 3.652365176408619574e-01 3.793060900437666416e-01 3.197034251855035425e-01 3.651223139891660585e-01 3.855180474266035606e-01 3.763271945042878652e-01 3.605659053108414280e-01 3.483845742254151334e-01 3.560488894755461375e-01 2.871942087635299123e-01 3.355674436350889467e-01 3.569959375914397159e-01 3.614028582097714715e-01 3.405814993803972235e-01 3.522426716542857439e-01 3.966429529601203652e-01 3.768825457446217109e-01 3.824775524458412512e-01 3.560863525420748799e-01 3.904437339917531391e-01 3.938576707030724267e-01 3.950910751078476335e-01 3.935402915775937371e-01 3.920982947773772875e-01 3.818055422829889078e-01 3.779983229366307151e-01 3.906299935348317431e-01 3.829063501364855515e-01 3.907853488120285879e-01 3.907920420629616420e-01 3.843246734203790149e-01 3.802926031648505845e-01 3.706540768909135086e-01 3.803266320818007307e-01 3.904781232084548748e-01 3.818409806651613669e-01 3.783003704175779136e-01 3.752920367776392263e-01 3.747618199068438738e-01 3.802004869610478566e-01 3.811449242986194585e-01 3.718362363989220487e-01 3.808128723750068279e-01 3.661276743494614738e-01 3.614272447491561069e-01 3.769710334053797962e-01 3.641702989530644641e-01 3.617651087313906166e-01 3.546606767600808952e-01 3.665939083831587508e-01 3.720200668438620184e-01 3.596722534033329199e-01 3.614025086878095427e-01 3.737031383819673924e-01 3.746473874009870197e-01 3.688561697179199572e-01 3.806486269285003221e-01 3.825682418095619486e-01 3.882761654157029230e-01 3.786930704031216677e-01 3.802791099487635162e-01 3.823660747256142356e-01 3.837448371348008425e-01 3.788976447182090257e-01 3.851971764879041360e-01 3.826612027937678073e-01 3.757805468615703082e-01 3.762847505100441192e-01 3.801931030570525616e-01 3.855667639013885539e-01 3.948605537583063096e-01 3.894440486031545690e-01 3.901000661724868812e-01 3.867552106041499127e-01 3.893414863298030326e-01 3.879765708732916263e-01 3.900333879266147386e-01 3.873128200639014418e-01 3.899905803252716741e-01 3.813514255467602143e-01 3.878860930841293020e-01 3.815449358615103925e-01 3.844523847182105269e-01 3.845403194862652696e-01 3.778462751397970165e-01 3.784165311009709542e-01 3.780795611176753224e-01 3.717019599833533694e-01 3.781736340084294601e-01 3.836255813415958560e-01 3.826252402229998184e-01 3.773882249594073812e-01 3.809209625260359666e-01 3.810680325160242243e-01 3.839794166970942890e-01 3.683515251689302161e-01 3.778826224480699159e-01 3.793256893747895542e-01 3.782376226999664692e-01 3.763601017810179750e-01 3.701947866196135806e-01 3.745733821544272035e-01 3.727282953882764538e-01 3.800823101298059781e-01 3.824571578172453745e-01 3.759810484346783332e-01
4.483968676666855169e-02 1.158141322379897808e-01 3.256788927662458977e-01 1.000000000000000000e+00 3.504139774039728428e-01 3.762457005828195866e-01 6.142999899491764504e-01 5.656633306528321414e-01 5.724995860747049692e-01 5.191824047148941856e-01 6.103258771821827855e-01 6.425471607436046284e-01 5.603168315298353575e-01 5.786675482124756797e-01 6.344776794120869923e-01 6.330862507846235498e-01 5.920623581965752669e-01 5.872744447931728118e-01 6.152924066421147087e-01 4.989015961756870232e-01 6.194490433029790077e-01 6.354389461770384440e-01 6.284789974095552623e-01 5.898038065386810302e-01 6.268205473300347830e-01 6.366534094422146017e-01 6.223719463310340982e-01 6.261259770205117592e-01 6.181251552820054007e-01 6.492887687359142346e-01 6.546926551798263327e-01 6.730086954910635688e-01 6.316935586544896175e-01 6.577795098615007996e-01 6.353456424100047961e-01 6.628893492545772093e-01 6.621782547147684328e-01 6.351372903852132712e-01 6.558897871103034349e-01 6.548680405371376523e-01 6.418685216090619372e-01 6.304084189880517775e-01 6.518855816113804380e-01 6.472060199133999880e-01 6.533919544066176810e-01 6.369763001153663229e-01 6.392009724230587331e-01 6.323441981821888991e-01 6.394700136514942512e-01 6.430771421199745763e-01 6.399562153735023351e-01 6.458136997781291910e-01 6.384352631015511870e-01 6.185907968314559024e-01 6.221001695772435669e-01 6.341432652385179392e-01 6.356659530343502507e-01 6.217603083018077292e-01 6.131149939960583994e-01 6.206111262011807517e-01 6.389284839821465223e-01 6.191324309368889667e-01 6.277941191029796641e-01 6.371151158782448753e-01 6.307253273896652468e-01 6.285476284391162682e-01 6.348311693548999157e-01 6.433988218218256172e-01 6.525745246991161430e-01 6.425234206112642177e-01 6.537757416356531071e-01 6.462507848356533469e-01 6.446780865830505913e-01 6.483030849818745001e-01 6.391266162381540328e-01 6.396354956258017976e-01 6.394775112548594098e-01 6.415607316167205587e-01 6.484939813409467124e-01 6.471332936291486204e-01 6.460208088879176858e-01 6.443832982707820012e-01 6.590321625470492162e-01 6.460696589770827947e-01 6.575028840928399676e-01 6.493526033005841969e-01 6.541063986776334271e-01 6.464423283307960677e-01 6.557991473568486329e-01 6.460840075039444574e-01 6.556630989110551200e-01 6.431029080726576863e-01 6.492145976084692238e-01 6.463651301998517562e-01 6.361985030588301893e-01 6.354092983377351844e-01 6.515608150657015152e-01 6.390406521971628839e-01 6.415120319370167801e-01 6.467175929673611989e-01 6.503672289786830429e-01 6.394353171147895143e-01 6.386771343095897224e-01 6.420298522128092822e-01 6.532767362471240125e-01 6.362369116420496518e-01 6.381989046125223775e-01 6.336685951643675763e-01 6.392711849037703287e-01 6.355033747879098582e-01 6.325720737634793478e-01 6.315417807531602534e-01 6.295621959712908167e-01 6.461559179926886776e-01 6.391960299079522123e-01 6.324778882582126061e-01
4.028889240158726320e-02 1.144845957164694339e-01 2.062838331480622844e-01 3.504139774039728428e-01 1.000000000000000000e+00 2.653183212336283625e-01 4.401766397129924235e-01 4.329439054507070450e-01 4.248161096731152830e-01 3.442586160550190622e-01 4.380434615086058470e-01 4.626857371133196728e-01 4.792998636939638235e-01 4.062775085463747882e-01 4.739491447417770731e-01 4.959099647932379562e-01 4.438538550663604920e-01 4.087742430667998250e-01 4.310994497969207195e-01 3.820623024381705757e-01 4.171456797373371272e-01 4.399220958978494189e-01 4.464320005758035115e-01 4.221576048705169004e-01 4.354566651347775430e-01 4.832793486262118576e-01 4.483984793323025353e-01 4.541666687133316116e-01 4.458681522504718830e-01 4.632704797862054469e-01 4.734230213767733342e-01 4.837668915075400977e-01 4.519847615774969518e-01 4.683461686305466221e-01 4.438576822050395720e-01 4.723103259672457588e-01 4.717456367892330915e-01 4.537309197776734915e-01 4.759386915506845228e-01 4.562970818607345880e-01 4.667883352484762383e-01 4.673716889958848819e-01 4.776766413171444903e-01 4.887093835011366849e-01 4.745060823406376804e-01 4.743638033206626914e-01 4.764183363207836752e-01 4.630201010274945794e-01 4.665612633980688040e-01 4.580363932795685211e-01 4.621732900363402230e-01 4.769158842748724703e-01 4.847322818360075836e-01 4.548396132890092369e-01 4.617008196798674802e-01 4.614980088077542675e-01 4.617077335220841072e-01 4.594552712515421744e-01 4.486991712547168665e-01 4.739537688939158278e-01 4.720679658313702287e-01 4.615389030878486731e-01 4.542446575574363710e-01 4.707473073748412173e-01 4.787726899690203375e-01 4.728932062247190871e-01 4.683335634189393359e-01 4.661152797927449742e-01 4.783849179084803671e-01 4.756711285011830381e-01 4.682427899257285420e-01 4.702302037210402408e-01 4.700832313057372591e-01 4.691891234189993765e-01 4.753702239410805275e-01 4.716579252939560041e-01 4.691302487536718746e-01 4.723173239739567597e-01 4.725542440713801917e-01 4.735246114663653194e-01 4.695599046552074163e-01 4.747127674593781266e-01 4.808215331700784745e-01 4.680608438455331477e-01 4.719086251670879251e-01 4.769726132150997611e-01 4.731318667268312184e-01 4.705364978087859806e-01 4.752983844534755531e-01 4.692429327718899423e-01 4.704733244504213374e-01 4.722492565943867682e-01 4.723109401551500164e-01 4.752573011939821290e-01 4.698115688265731005e-01 4.672587846556831570e-01 4.623439929476353405e-01 4.656874621105757117e-01 4.638188600253563276e-01 4.728552823025837792e-01 4.789796717117144609e-01 4.635957068461568631e-01 4.742265319098159515e-01 4.797091652673722839e-01 4.800598382891044236e-01 4.640248007831307975e-01 4.669620907541021104e-01 4.679327810264836685e-01 4.688053835367455013e-01 4.698438088586263661e-01 4.649466528490439621e-01 4.689287902556779075e-01 4.626787250114920425e-01 4.749908434444106153e-01 4.771834739097690070e-01 4.700980311002884160e-01
-1.805617114853693209e-02 9.529328572806958220e-02 2.316187923267756521e-01 3.762457005828195866e-01 2.653183212336283625e-01 1.000000000000000000e+00 5.134999759766243344e-01 4.796068147623487321e-01 5.032388695329190753e-01 4.847047555036832489e-01 5.467683738908261093e-01 5.625589184995454239e-01 5.084248951486536328e-01 5.239110648011880977e-01 5.790892425166588309e-01 5.536541995050471288e-01 5.217033462455894499e-01 4.554704404643582505e-01 5.292409951271395130e-01 3.948040887041306402e-01 4.734656561197654878e-01 5.365544733392952903e-01 5.051480305846911545e-01 4.661461250641396048e-01 5.173593552422580677e-01 5.718806282735054980e-01 5.681961995666426901e-01 5.694532696543814776e-01 5.582434732714836034e-01 5.748463855718073390e-01 5.904246505677065437e-01 5.472846441690418784e-01 5.451373645428019277e-01 5.625465183987998774e-01 5.462624307496501963e-01 5.597978254846071033e-01 5.843860760112412622e-01 5.686413777451542195e-01 5.884080144646496313e-01 5.679381495277213698e-01 5.924035767862537716e-01 5.887622034241696278e-01 5.715291169510954283e-01 5.847477382187049599e-01 5.825103747158006939e-01 5.841642017654391505e-01 5.895444140258458976e-01 5.882818067104695903e-01 5.754905998044749227e-01 5.600156208344784226e-01 5.809061268840643999e-01 5.501602234889677590e-01 5.721901723420365071e-01 5.696996431464164123e-01 5.592425351010911205e-01 5.730879513909825640e-01 5.596255179228386556e-01 5.815499113327378122e-01 5.699082637187202760e-01 5.812011450234706444e-01 5.745472794221160306e-01 5.716500263603446763e-01 5.665635970165130431e-01 5.733106079755690976e-01 5.818554777489265417e-01 5.667430751669012556e-01 5.934835593542088228e-01 5.885420503966150019e-01 5.895063856522898549e-01 5.766858329991609855e-01 5.866324929944808364e-01 5.919341943482548940e-01 5.749727447621245657e-01 5.850769400227335826e-01 5.968299519985861279e-01 5.960674436720204694e-01 5.995389155897185018e-01 5.942085664579298543e-01 5.971010002563257313e-01 5.957074593040524446e-01 5.982514776539925583e-01 5.981019343701405866e-01 5.936410410179692176e-01 5.942430959355424758e-01 5.900155838528017282e-01 5.892039592062843223e-01 5.941610762533532375e-01 5.979518752829030559e-01 5.943589534154685161e-01 5.889602264318303249e-01 6.017187256077058954e-01 6.018144601107306979e-01 5.974865524681690632e-01 5.982148284680313122e-01 5.947674181839175400e-01 5.946315922279038491e-01 5.905747722546835776e-01 5.779853192384379890e-01 5.872949674681550158e-01 5.963434635693588559e-01 5.941082840285688560e-01 5.874345978470277840e-01 5.911866451943170730e-01 5.972911777356929575e-01 5.859703728352557706e-01 5.804031769500029858e-01 5.899693539294689204e-01 5.917208408935269448e-01 5.919670575106237287e-01 5.951564956912638316e-01 5.915911353590550537e-01 5.886196302912828360e-01 5.882119288099461052e-01 5.910582836536369955e-01 5.884493400886103842e-01 5.832800609004122894e-01
3.040666641596271452e-02 1.286988954352218384e-01 3.591705904969487717e-01 6.142999899491764504e-01 4.401766397129924235e-01 5.134999759766243344e-01 1.000000000000000000e+00 7.149446664450339606e-01 7.306631157576344293e-01 6.782392277467776953e-01 7.751010477652260366e-01 8.082691157388560699e-01 7.276030485770282885e-01 7.461305241435672864e-01 8.509021549689606001e-01 8.194268586165851520e-01 7.445714244981908037e-01 7.369062267078231310e-01 7.786604135823343986e-01 5.799927278532471808e-01 7.129122537262158055e-01 7.766723551720964291e-01 7.737561251333475720e-01 7.100555518169766600e-01 7.574666960280042050e-01 8.290807808204948559e-01 8.137579877888139190e-01 8.257344720539806504e-01 7.842689899633089601e-01 8.284873199673481459e-01 8.362769701051857574e-01 8.224572294181661247e-01 7.947945280959618497e-01 8.187266780822607393e-01 8.010170869583609354e-01 7.965505582069701829e-01 8.318325190693702798e-01 8.267680897696937370e-01 8.433797306330979016e-01 8.283383075375637672e-01 8.353919306466587313e-01 8.406562374310768693e-01 8.323400463678954919e-01 8.418492725845321267e-01 8.400772017426716420e-01 8.393626072109764413e-01 8.266372208794986465e-01 8.233437578526912048e-01 8.189516599232857796e-01 8.017878588777159754e-01 8.208518189123040765e-01 7.919492720406685615e-01 8.099719174467374661e-01 8.108055497076013252e-01 8.136868176081735182e-01 8.246792112879294256e-01 7.995195367301007883e-01 8.179563480567191291e-01 8.125150806203867981e-01 8.131325459013638568e-01 8.215183330884409107e-01 8.134135838011395947e-01 8.060152628964857291e-01 8.168641421348893372e-01 8.144477829484323417e-01 8.036874009934824592e-01 8.281678475994973532e-01 8.364241000885753730e-01 8.354051727087522528e-01 8.118692813733474622e-01 8.284885811791614652e-01 8.340496789167187730e-01 8.224000294845023040e-01 8.259783015884405444e-01 8.353177256429925590e-01 8.336613722259306192e-01 8.372696484462268662e-01 8.263472011912201820e-01 8.403601662626629665e-01 8.373039079590942624e-01 8.358304839706369727e-01 8.336667707659982662e-01 8.367901557674487512e-01 8.316227023160576159e-01 8.333554693949533076e-01 8.312305231974977948e-01 8.332867969431593247e-01 8.392432293344582739e-01 8.394474164012813988e-01 8.329344624476594516e-01 8.442402849125082431e-01 8.397759443261305634e-01 8.365298446655984321e-01 8.420301007431136853e-01 8.271443609020405763e-01 8.281581050711385172e-01 8.219030052284923560e-01 8.119616487227245827e-01 8.210826700686612023e-01 8.305762272575089034e-01 8.318514219693100564e-01 8.212823450291257821e-01 8.241877377271316085e-01 8.351069465705807104e-01 8.300596070910221114e-01 8.100108083282053784e-01 8.247395737130648330e-01 8.276841705242132807e-01 8.311335731844194941e-01 8.294114306891700039e-01 8.276647300480659553e-01 8.223419178700271948e-01 8.216684300453793721e-01 8.262809452745075722e-01 8.255875674162607147e-01 8.169063008667906134e-01
2.295684777205122054e-02 1.380913645813235391e-01 3.218731661782706643e-01 5.656633306528321414e-01 4.329439054507070450e-01 4.796068147623487321e-01 7.149446664450339606e-01 1.000000000000000000e+00 7.050971962949981187e-01 6.494115080412335983e-01 7.259591391494031321e-01 7.797636762628700202e-01 6.974058120704357266e-01 7.209406654080080523e-01 7.937149426753916659e-01 8.021933433333406915e-01 7.180144630170822717e-01 6.959730277877761440e-01 7.335141411361394415e-01 5.565937939799847634e-01 6.917415292498988455e-01 7.337317356277158753e-01 7.336440630521638973e-01 6.760545430527199473e-01 7.276138643979787046e-01 7.685568592029835555e-01 7.569544180411311718e-01 7.548447922614587302e-01 7.519836190928478326e-01 7.913446707977084271e-01 7.977702590868064325e-01 7.848415475210217540e-01 7.438671738664838218e-01 7.861507966054207541e-01 7.743242153189696664e-01 7.496320746643623245e-01 7.888500963876518002e-01 7.967472159023505363e-01 7.991988688344653369e-01 7.702434923464376304e-01 7.908814382728469594e-01 7.933007221979210266e-01 7.867482342665500505e-01 8.019184150840127367e-01 7.980542176371555607e-01 7.999908244989751838e-01 8.007905738488210190e-01 7.972453275335597001e-01 7.957616285426819536e-01 7.815050523934357063e-01 7.975464644139420578e-01 7.593869869778565596e-01 7.835229846003716192e-01 7.894888456497010099e-01 7.980996744063419968e-01 7.991616756020712975e-01 7.834700357190386155e-01 7.980746278750178169e-01 7.953353751808065475e-01 7.910940091011087194e-01 7.983929903056021793e-01 7.965810967521735897e-01 7.915754297197280520e-01 7.910220014728953641e-01 7.870995171741616003e-01 7.850795560230620085e-01 7.948246156617608804e-01 8.006891281226903301e-01 8.047936472334902280e-01 7.870499634724781313e-01 7.972313401068270577e-01 7.995519230612965211e-01 7.931098786614477758e-01 7.936597128245478361e-01 7.967886388815796916e-01 7.949167551750636607e-01 7.942157674769746434e-01 7.943495333263848046e-01 7.973772464102378832e-01 8.032938946734283769e-01 7.997848978511982176e-01 8.012214424265949875e-01 7.982151279122380316e-01 7.988437933562207993e-01 7.952353842147331653e-01 8.000087503153501256e-01 7.985823926417439100e-01 8.056778921957704620e-01 8.012191711709681918e-01 7.996972565294500068e-01 7.910173501624722103e-01 7.991581103295783972e-01 8.005265908693878218e-01 8.018580290360332041e-01 7.993602484847912582e-01 7.992524634766067226e-01 7.924605393483769022e-01 7.910114643346014551e-01 7.966990417472361585e-01 7.980900681503841909e-01 7.958440670974578079e-01 7.988980313565968716e-01 7.965052601229480889e-01 8.035726630760966493e-01 8.002533667532988337e-01 7.930626452877941324e-01 7.991063980215099560e-01 7.997213751064522480e-01 8.050019095826627114e-01 8.029083259215642476e-01 8.031142394652927008e-01 7.965469177658991429e-01 7.980915733522545574e-01 7.957443890274045195e-01 7.932094444261248434e-01 7.942075515866967583e-01
1.145994511485917133e-01 1.791939852206202444e-01 3.383229938760468070e-01 5.724995860747049692e-01 4.248161096731152830e-01 5.032388695329190753e-01 7.306631157576344293e-01 7.050971962949981187e-01 1.000000000000000000e+00 7.368279511470593457e-01 7.989137371028707246e-01 8.297615977381912478e-01 7.351369235754102727e-01 7.602310161977136049e-01 8.374032291966877484e-01 8.324451601792475230e-01 8.180892071959169343e-01 7.270939685802749741e-01 7.800698366041681764e-01 6.219197010968263717e-01 7.347919958154975895e-01 7.771654206710773005e-01 7.667108534813290577e-01 7.214061294123372825e-01 7.601708380354206263e-01 8.245063136118587765e-01 8.106509259272625112e-01 7.917398529867522017e-01 7.852831647805281756e-01 8.479103197808717240e-01 8.543172731531344377e-01 8.270655901513980224e-01 7.659624426470882375e-01 8.376468270264657567e-01 8.250259345428672120e-01 8.035729180298200047e-01 8.368617659788184504e-01 8.296345228992003662e-01 8.452930777034229903e-01 7.815504046021344298e-01 8.489080067763903337e-01 8.303752793165206647e-01 8.225863458932990424e-01 8.545860610801921942e-01 8.534432296465266354e-01 8.404251641697926267e-01 8.684068513295921665e-01 8.717906328697948570e-01 8.705001395525470143e-01 8.337699269576315242e-01 8.522405877074367142e-01 8.150894053807627992e-01 8.547213239407740470e-01 8.683994498463212253e-01 8.589016923897873079e-01 8.513017862260318092e-01 8.699646842026800275e-01 8.504496273172867937e-01 8.542520285202830355e-01 8.741524183066301523e-01 8.678552280902454008e-01 8.664462589281045624e-01 8.630513765752516608e-01 8.735891896291305692e-01 8.743228298322676117e-01 8.678597435064369092e-01 8.679902588499359695e-01 8.629816819220911261e-01 8.659656926789728315e-01 8.579160407543227063e-01 8.564889284425634131e-01 8.642897061403260750e-01 8.548584403942396381e-01 8.575509619342686074e-01 8.631457877268119416e-01 8.608005985127643589e-01 8.541879696992238369e-01 8.541952300159753042e-01 8.550228219894767667e-01 8.677733594255317984e-01 8.598447848639683144e-01 8.672052505327685346e-01 8.670776722509083712e-01 8.586581737317691143e-01 8.534765003544578787e-01 8.642479482434687332e-01 8.559015388013212489e-01 8.653779375583670053e-01 8.626816568643651539e-01 8.648737594656755734e-01 8.449841344791481079e-01 8.581601705576105132e-01 8.592018471987558081e-01 8.613342487918635992e-01 8.668191321680177586e-01 8.683179300378683907e-01 8.525853234263839342e-01 8.690360862940802456e-01 8.705944509057503833e-01 8.628766069796665050e-01 8.593594495438550140e-01 8.718217812571589231e-01 8.655708245649064159e-01 8.659558772519508896e-01 8.665798915211515574e-01 8.682566798781127249e-01 8.733133146781052458e-01 8.685198944145329225e-01 8.669732980703512837e-01 8.678541105606905059e-01 8.647327515549485533e-01 8.726682952738644694e-01 8.698470813208153407e-01 8.747956661446427695e-01 8.744893838908489592e-01 8.710947932811744510e-01
4.608600628271015270e-02 1.861437305751988680e-01 2.974475814348449543e-01 5.191824047148941856e-01 3.442586160550190622e-01 4.847047555036832489e-01 6.782392277467776953e-01 6.494115080412335983e-01 7.368279511470593457e-01 1.000000000000000000e+00 7.348335562527287257e-01 7.702397072794908706e-01 6.850783569396811101e-01 7.157344561267616756e-01 7.847226762554205814e-01 7.676089847775052766e-01 7.119454050395175315e-01 6.394926962411545679e-01 7.077691415233080541e-01 5.214417894898161210e-01 6.260921832201221671e-01 7.104065749417795006e-01 6.996769220911180920e-01 6.316654387266689152e-01 6.863453921205183716e-01 7.566464096816796214e-01 7.611081084187777401e-01 7.560401038583711708e-01 7.342375292871280434e-01 7.870018155324087772e-01 7.911238075306257223e-01 7.546253945190742884e-01 7.316009917635681870e-01 7.695231947358724955e-01 7.584850643346393584e-01 7.268361811389325577e-01 7.762840002005132467e-01 7.950017203629814455e-01 7.927943838289231993e-01 7.602783335657138375e-01 7.996482679052882014e-01 7.913778058084743883e-01 7.685643484478783538e-01 7.963085945276558997e-01 7.891522412718261492e-01 7.977187564078291881e-01 8.072276143567066464e-01 8.163301682353634181e-01 7.993477298479289006e-01 7.662253455545473546e-01 7.912607610498257893e-01 7.334786193434809087e-01 7.802279514898873281e-01 8.089985440092684055e-01 7.967994602960253303e-01 8.022086348376078480e-01 7.835943628001295069e-01 7.994483148779367720e-01 8.003713126793184918e-01 8.043213584167004937e-01 7.973661643546638977e-01 8.031951794634510922e-01 7.901108672864233240e-01 7.937854782849059765e-01 7.910086244926112231e-01 7.907747499373589672e-01 8.046797653283526142e-01 8.006095382457047993e-01 7.983229025268773205e-01 7.798921281308085485e-01 7.892153935654159236e-01 8.033781112726309237e-01 7.837484774754327477e-01 7.908802440295500391e-01 8.041269817259808494e-01 8.045276619767388615e-01 8.026258410791420328e-01 7.956768517398475904e-01 8.011376445832332216e-01 8.065516561053536204e-01 8.027268844127956049e-01 8.065868187943777690e-01 8.000415426947610209e-01 8.004008557702811943e-01 7.876380705844360230e-01 7.972678568044269110e-01 7.997889599687713069e-01 8.086247733034952478e-01 8.042298451398394166e-01 8.042203547883763903e-01 7.974333419741741480e-01 8.053326754607833537e-01 8.043692985845423138e-01 8.068146027533231734e-01 8.091032831739134457e-01 8.092780030127144641e-01 7.815378748681541810e-01 7.887966615646323509e-01 7.987035388845884487e-01 7.989355145274364967e-01 7.934672088394795209e-01 8.011277981002873361e-01 8.004119334081886139e-01 8.037609786805735013e-01 7.951213780007725385e-01 7.931827944179711265e-01 8.067017340235338452e-01 8.118948412721970209e-01 8.086215631781870083e-01 8.098677101574214277e-01 8.078831314281668119e-01 8.076238289665267356e-01 8.070051988404461918e-01 8.005590519948928563e-01 8.034359869094143125e-01 8.026324664512133333e-01
-3.076979352302588230e-03 1.260707465438627439e-01 3.652365176408619574e-01 6.103258771821827855e-01 4.380434615086058470e-01 5.467683738908261093e-01 7.751010477652260366e-01 7.259591391494031321e-01 7.989137371028707246e-01 7.348335562527287257e-01 1.000000000000000000e+00 8.715127802293591852e-01 7.674004774713654164e-01 7.945141203880419223e-01 8.790169099737991099e-01 8.593874839346470340e-01 7.980665981837626877e-01 7.507433613909337833e-01 8.176873294772711853e-01 6.475903552709114663e-01 7.639586680293204424e-01 8.200988750916480274e-01 7.973422694800612609e-01 7.445729899075275160e-01 7.954705757188512694e-01 8.632310544737371583e-01 8.558227807319389591e-01 8.492859087426455345e-01 8.335098730380328114e-01 8.843463981070754931e-01 9.012110297129987124e-01 8.610442598017414850e-01 8.204952479050809933e-01 8.759856944950220603e-01 8.564600767336010279e-01 8.508910203145216844e-01 8.862938837642740930e-01 8.733710435051620369e-01 8.931538770099901603e-01 8.494745839955990530e-01 8.891074064349012707e-01 8.826627144697735128e-01 8.722403132367929635e-01 8.953946703453771194e-01 8.929819222973752746e-01 8.920853641352447516e-01 8.981033405794552893e-01 8.969765198540533557e-01 8.870983986143523570e-01 8.647301510464637797e-01 8.802487471637676641e-01 8.462604979726923160e-01 8.827963537549835538e-01 8.889470976979608752e-01 8.826173353388213627e-01 8.851884984117276423e-01 8.772079532764669452e-01 8.895907582619111409e-01 8.784412648394269718e-01 8.923851666516813275e-01 8.924835764486609424e-01 8.897907654684417134e-01 8.794692135529100785e-01 8.904477440843313607e-01 8.893378022921444304e-01 8.877487353356294797e-01 9.023133523796510458e-01 8.989988157463423279e-01 9.002291903483251589e-01 8.935914670233824353e-01 8.981044392424021305e-01 9.008967031511907475e-01 8.904612122819288711e-01 8.950767536618169373e-01 9.018776750655264074e-01 9.013411860503790507e-01 8.981998630402655559e-01 8.938094718471772948e-01 9.026134001765836468e-01 9.052972142349196005e-01 9.021961613262916568e-01 9.065365113371046668e-01 9.004030593025270646e-01 8.972819921801812315e-01 8.963888151177870078e-01 9.004546846078224087e-01 9.015105505099539895e-01 9.024179980355122588e-01 9.055042818134434457e-01 8.989631149512373742e-01 8.957799960812352635e-01 9.018280079827777351e-01 9.033507990341690386e-01 9.039343998240255695e-01 9.018707939010868202e-01 9.031058328203146468e-01 8.880453044244738248e-01 8.864527874627023962e-01 8.960195798982424353e-01 8.992600878258327768e-01 8.989636808386826106e-01 8.959919492593541035e-01 9.002303382927436814e-01 9.027846595771742422e-01 8.992758954387456427e-01 8.898745925508612098e-01 8.992087113432363221e-01 9.015896082202152773e-01 9.016194500497548558e-01 9.004111178429874407e-01 8.994908269106520748e-01 9.008616626518460846e-01 8.991930112842970724e-01 9.001435237210169138e-01 8.993436192520037897e-01 8.973035084031775188e-01
1.299858938531027810e-02 1.576977197069006631e-01 3.793060900437666416e-01 6.425471607436046284e-01 4.626857371133196728e-01 5.625589184995454239e-01 8.082691157388560699e-01 7.797636762628700202e-01 8.297615977381912478e-01 7.702397072794908706e-01 8.715127802293591852e-01 1.000000000000000000e+00 8.002936766386290479e-01 8.424085426556354728e-01 9.212042835803629925e-01 9.114497788832394143e-01 8.310000322897352909e-01 7.803540306261136372e-01 8.459107644643534263e-01 6.694481300785930511e-01 7.966051131904196003e-01 8.533555898627388503e-01 8.318081877357611509e-01 7.775066393637335427e-01 8.306845649695144829e-01 8.958900979703828815e-01 8.898134106474109295e-01 8.862212735724198653e-01 8.691260477697887454e-01 9.202447505532838079e-01 9.314423211039924988e-01 9.026777022177940868e-01 8.597182921703402370e-01 9.189108971248961533e-01 8.932207029441495694e-01 8.850271670438412119e-01 9.203064905845697030e-01 9.200579561715073185e-01 9.337775488963659942e-01 8.842187234951707220e-01 9.299114345039491969e-01 9.236294393748036846e-01 9.111650829611297464e-01 9.368227154406952861e-01 9.296588417408854221e-01 9.350110980027716012e-01 9.405725704860341541e-01 9.406859448429479853e-01 9.329009448450418240e-01 9.095372370117305039e-01 9.260872943745817043e-01 8.857098542394326035e-01 9.214756678825990477e-01 9.331885640209678368e-01 9.332660991025206743e-01 9.308520100746241477e-01 9.237493136829445506e-01 9.317819113970475797e-01 9.286034825954950778e-01 9.341678585223341935e-01 9.369243024121808316e-01 9.366166459536912070e-01 9.292094166089165386e-01 9.353159142983711316e-01 9.314646877327138474e-01 9.317188420085917855e-01 9.397061958386677682e-01 9.396665862999413754e-01 9.422638059334266236e-01 9.321726133884258303e-01 9.373355777035051739e-01 9.417099359222709243e-01 9.306300526489599267e-01 9.335303815652074011e-01 9.398155537981760510e-01 9.422610586070829797e-01 9.365489806401077200e-01 9.323288675296803607e-01 9.364163298063962193e-01 9.447160709411811519e-01 9.413566820184565698e-01 9.447630279604215531e-01 9.414383149575280552e-01 9.375533410449555793e-01 9.353918848630961014e-01 9.419234313382395252e-01 9.390982708416243385e-01 9.442166477553297632e-01 9.443127254448683283e-01 9.393293322307344484e-01 9.322914591593832734e-01 9.402653206165852984e-01 9.397270392211697354e-01 9.436196115155300879e-01 9.427213723503637954e-01 9.422863495411213375e-01 9.244089942676985139e-01 9.298461229799380723e-01 9.367675984605761119e-01 9.384609678422971557e-01 9.375156185658334307e-01 9.380663806756158740e-01 9.390551615948752318e-01 9.428102387970815901e-01 9.397404108109966847e-01 9.303567926562686941e-01 9.415313464713930269e-01 9.428287633522982603e-01 9.417906062103383880e-01 9.417687443145313919e-01 9.404449691358757191e-01 9.409321249369816398e-01 9.408563153489459818e-01 9.403751732171232725e-01 9.395064614766415190e-01 9.393874852236249184e-01
2.323677774257883188e-03 1.569159673824133960e-01 3.197034251855035425e-01 5.603168315298353575e-01 4.792998636939638235e-01 5.084248951486536328e-01 7.276030485770282885e-01 6.974058120704357266e-01 7.351369235754102727e-01 6.850783569396811101e-01 7.674004774713654164e-01 8.002936766386290479e-01 1.000000000000000000e+00 7.438265729430943995e-01 8.217526144471166694e-01 8.144905294143974794e-01 7.389825445184681207e-01 6.727147827173011185e-01 7.584419528906802821e-01 5.591172820766369123e-01 6.865317683356862988e-01 7.576834270332742927e-01 7.333797142165209282e-01 6.818897929086852328e-01 7.387941803305545507e-01 8.099959791352112637e-01 7.990565306306127713e-01 7.959176611181537631e-01 7.737748071700668584e-01 8.108666693188133490e-01 8.295460900419667771e-01 7.878507027057798373e-01 7.665097291901218357e-01 7.997497044029595603e-01 7.850095616515968544e-01 7.917540075077393880e-01 8.163292499395063961e-01 8.090425928927718058e-01 8.307742161991280572e-01 7.870555623692436775e-01 8.349471797357213010e-01 8.258562819999856197e-01 8.140726245565534924e-01 8.372988596201234035e-01 8.311020194982570164e-01 8.306288600319441384e-01 8.389312418327874443e-01 8.322935401375417541e-01 8.202461803210155944e-01 7.979168246036769663e-01 8.110058021811339390e-01 7.979183797427944480e-01 8.286666829389391919e-01 8.210413326883710949e-01 8.150996368098620826e-01 8.174320525618945510e-01 8.104088156091623363e-01 8.245879512484741714e-01 8.030991390091192228e-01 8.351107765335954447e-01 8.267749009309049990e-01 8.223549612360641081e-01 8.104618471393788548e-01 8.245450734420550765e-01 8.305267258916489981e-01 8.248914266781401938e-01 8.367820939770257427e-01 8.371370934188794299e-01 8.357243426681051357e-01 8.243098638990246085e-01 8.302838637496318119e-01 8.393705249681562286e-01 8.214285506393680381e-01 8.299930447313023096e-01 8.415067017988315801e-01 8.385600594946895914e-01 8.385615638785285375e-01 8.332372248209856114e-01 8.404651457968208561e-01 8.358889837147012170e-01 8.368360354288963965e-01 8.405361712655063933e-01 8.379539026287068371e-01 8.321925739977940051e-01 8.282929316554678012e-01 8.346607629201753253e-01 8.394178994009243722e-01 8.381868389745729120e-01 8.414928833311903222e-01 8.355383652339772871e-01 8.367645193827882855e-01 8.425344559502209174e-01 8.408931689441353496e-01 8.438688711723835167e-01 8.391518976664714691e-01 8.404738727543726862e-01 8.218214381271075064e-01 8.229432276188268780e-01 8.299492996465001049e-01 8.341863855419273666e-01 8.383067780378012923e-01 8.294123153341604882e-01 8.396913002051191732e-01 8.437562268640912411e-01 8.414321069550388943e-01 8.276657439231064339e-01 8.349945594213414868e-01 8.386465922839499987e-01 8.386475474085169912e-01 8.392659133655558934e-01 8.339922133998697307e-01 8.395838261398711477e-01 8.341795498600086400e-01 8.366661243060958819e-01 8.395174501980514625e-01 8.388413004695951525e-01
