1.000000000000000000e+00 5.350164730688245635e-02 5.285502020372053605e-02 4.015246296317852986e-02 3.704675982281943006e-03 -9.135469120232839538e-03 2.217530009310545239e-02 3.422530598346093522e-02 1.192177703123025040e-01 3.597960141055345229e-02 2.415093797090912819e-02 2.821852815914036028e-02 3.161320216682702439e-02 3.113606746568693684e-03 1.303227145118844056e-02 1.163299404506765861e-02 8.883576848009469562e-02 3.034599464463906809e-03 1.369301108136789479e-02 4.599354515989847146e-03 4.976491734222623919e-02 2.271060537147600797e-02 5.773198709732942080e-02 2.036696371341769132e-02 -1.526979881995348294e-02 1.754500407050984742e-02 1.091073350499592413e-02 -2.030347733996096596e-02 2.377894171689933292e-02 2.854605614740600775e-02 1.977938976296864451e-02 1.606555546243491547e-02 -2.275767445484638829e-02 1.836429538394852498e-02 9.793444038907063009e-04 1.364501675077437783e-02 -1.366956948386484046e-03 -4.979182857562673183e-03 6.048584926052663667e-04 -5.344404441334794920e-02 -2.851786268847089374e-03 -1.900731030794464149e-02 -2.037747485439586267e-02 -6.510583366025710517e-04 1.152414823767141782e-03 -8.390155108858581706e-03 5.291061374911538995e-03 2.298409969663468833e-02 1.246739956012634862e-02 3.637587249163882520e-04 7.254223015631403905e-03 1.552557726464611453e-02 1.475533938680257534e-02 4.255303254484079506e-02 2.755486237527026913e-02 1.186607603856083305e-02 6.626660964646989560e-02 1.745900106442517183e-02 2.097521742987736720e-02 3.628057369397288956e-02 7.644614234869752216e-03 2.808828110650602936e-02 3.187073357955214070e-02 4.402635696733861459e-02 4.793631368016122024e-02 4.736568521089165595e-02 2.814740029167834418e-02 2.312693387108411946e-03 9.507988082613987035e-03 1.462710055522806717e-03 6.507415674374026140e-03 8.533938291643363566e-03 8.313403372402541555e-03 -1.197802848803904315e-02 5.876086662947882337e-03 4.921588761394224756e-03 -5.914363308288559350e-03 1.345640963993696530e-02 1.236542780248131709e-03 1.345570288957631359e-02 2.424287191217687314e-03 5.959991991666888783e-03 3.046729629035106746e-02 7.761833291008512527e-03 2.106286554133305396e-03 1.311437642801730960e-02 4.026103492927566880e-04 -2.098070015486402581e-03 1.233389177458540801e-03 1.177445240601158322e-02 -2.135632554336948027e-02 -6.885887265467006274e-03 -2.529491411827246381e-03 -6.875372533692018784e-03 7.965706840673316899e-03 1.127824149112284166e-02 -3.398689672340753695e-03 3.873998707598436120e-02 1.415221350568851219e-02 8.138838043760858454e-03 -1.059890936435157159e-02 1.523742286759248096e-02 1.129722776408340588e-02 7.530955286557046956e-03 1.833763789228996105e-02 3.236539038964997977e-02 2.333781268722729188e-02 1.185373689650281830e-02 9.918495328499978350e-03 1.496112036926471392e-02 6.626186729194787940e-03 2.287136715357071873e-02 1.585421765147789971e-02 2.351210998820109366e-02 3.677173095460522373e-02 3.419471849006499448e-02
5.350164730688245635e-02 1.000000000000000000e+00 1.015640026002629509e-01 9.365560407776189755e-02 1.206465897226924183e-01 5.741784665664792509e-02 1.472414235296338192e-01 1.174478431684813501e-01 1.643410303300926467e-01 1.529771252824944361e-01 1.389704688765842633e-01 1.430151252612095747e-01 1.408730383513784323e-01 1.128729623258140219e-01 1.494641475325988456e-01 1.321460568061931240e-01 1.381302385209698391e-01 1.267869550107494636e-01 1.464894141265431771e-01 9.613538205243479795e-02 1.319410412638392649e-01 1.328581848570565549e-01 1.430553660137423022e-01 1.489646366783439757e-01 1.485755161236938793e-01 1.499839104616116914e-01 1.523423740259952364e-01 1.437262360940388950e-01 1.469707274079455339e-01 1.474220473729716263e-01 1.623819967289032162e-01 1.494759752227353133e-01 1.234340770681795901e-01 1.342490666868284277e-01 1.384308668646410667e-01 1.192222787017350322e-01 1.435630692514337781e-01 1.387687316165759355e-01 1.353911492340841294e-01 1.289896590988439395e-01 1.560636100875808230e-01 1.507349764176205420e-01 1.331908412987931334e-01 1.464965713617549514e-01 1.498947427570509749e-01 1.461481724096631574e-01 1.582992935237873267e-01 1.624582209155913115e-01 1.647449978788744773e-01 1.250517082650821621e-01 1.374448017736260297e-01 1.189507368276266630e-01 1.476302947415322198e-01 1.725933042859039424e-01 1.629431421558188986e-01 1.541732999733638199e-01 1.621550550960157711e-01 1.586903609340851729e-01 1.696803170531977212e-01 1.611876278414072494e-01 1.497920839165566287e-01 1.636405357174583186e-01 1.580932503545323664e-01 1.564207921991737915e-01 1.434526696621207242e-01 1.589291251537586769e-01 1.592103637178941544e-01 1.561018794226040896e-01 1.563980104323623443e-01 1.506806068272430188e-01 1.507225854489338546e-01 1.508142891922725770e-01 1.634758147324592847e-01 1.511446616392436992e-01 1.570757833869614040e-01 1.605057314225452336e-01 1.580724520059623717e-01 1.544779663369297285e-01 1.632883572958265528e-01 1.591846498480962435e-01 1.574586493956348365e-01 1.599832555458752803e-01 1.581856235616231066e-01 1.544292074912434753e-01 1.438620675561101958e-01 1.500284175538031395e-01 1.492711491958951531e-01 1.478022779152671495e-01 1.515139654493624921e-01 1.555336442355536031e-01 1.524884709650378145e-01 1.535733366631470698e-01 1.546448833567488357e-01 1.552574036209238284e-01 1.578982359193350504e-01 1.610988282414118899e-01 1.451985928625044164e-01 1.477647819601756729e-01 1.543432805265139984e-01 1.484863354939988112e-01 1.476487580070967032e-01 1.513470896188938986e-01 1.522759269335218213e-01 1.515791158939402139e-01 1.443981156525843967e-01 1.594613558811854570e-01 1.607870606124577606e-01 1.638587375824401560e-01 1.600847328690893356e-01 1.584115695261253676e-01 1.599803677340007058e-01 1.599001868642835056e-01 1.619563757553616756e-01 1.540958968623422909e-01 1.546534411241301810e-01 1.575187800189832565e-01
5.285502020372053605e-02 1.015640026002629509e-01 1.000000000000000000e+00 3.237890369801591506e-01 2.397503711530822590e-01 1.633273811603677406e-01 3.327960947423905802e-01 3.109149225448256670e-01 3.592604355371934455e-01 3.284444084479474779e-01 3.649770340211678232e-01 3.757565930373244489e-01 3.526556980669433017e-01 2.800571056792597324e-01 3.951947232289174661e-01 3.841812195403843111e-01 3.334614342770144679e-01 3.668429557963783783e-01 3.762676915803598310e-01 2.886554592126586161e-01 3.868358419439301699e-01 3.615298215094877587e-01 3.714994289245437953e-01 3.859394095301637573e-01 3.665300880842385922e-01 3.974250419354716790e-01 3.828375049015808052e-01 3.922742713146228355e-01 3.796712812078272825e-01 3.909816211768916139e-01 3.927167455865754331e-01 4.021266931026697411e-01 3.876422932137031929e-01 3.847172477140125002e-01 3.899745657214541139e-01 3.743031019615462029e-01 3.959788577230022866e-01 3.902360046050175058e-01 3.949879049976164902e-01 3.983091627050835415e-01 3.969033776820612980e-01 3.936197959691942749e-01 3.859865524169882045e-01 3.915931174729995745e-01 3.889478243854584405e-01 3.907596545220086703e-01 3.838186894669379234e-01 3.897850284858743741e-01 3.889302184959537723e-01 3.717975316833848631e-01 3.785132532458519994e-01 3.513023046074789102e-01 3.895206058715078856e-01 3.832833123988095836e-01 3.777305784274749278e-01 3.964465364228064725e-01 3.792657061672768948e-01 3.833454636638638502e-01 3.843920631441393176e-01 3.893076881128987865e-01 3.825832531328038910e-01 3.850049841510644333e-01 3.763471026755154658e-01 3.851015014905170286e-01 3.683783233710534732e-01 3.859613590419068707e-01 3.896923843709375612e-01 3.905783788019222547e-01 3.961390997652778911e-01 3.899611167819507784e-01 3.944223213480523293e-01 3.911922451279109536e-01 3.974735041364443333e-01 3.908798550544621553e-01 3.928636132936357273e-01 3.955529015381925029e-01 3.966332139985814242e-01 3.921106098775571369e-01 3.941063247704625905e-01 3.867290644730097537e-01 3.902394995431019420e-01 3.993823923909939899e-01 3.913046589201829573e-01 3.954192774963707913e-01 3.881947860811321149e-01 3.899976713362457437e-01 3.942111170520988250e-01 3.923218630908569260e-01 3.941885880691393118e-01 3.918744533253842866e-01 4.000789173633046980e-01 3.925204210022028573e-01 3.933403507863306170e-01 3.923995743214968579e-01 3.912870935403993111e-01 3.941790437110677114e-01 3.831971039658067513e-01 3.709037075247624826e-01 3.806725980617940985e-01 3.857923375113321285e-01 3.876396805858044470e-01 3.773430639609894333e-01 3.862166644198701815e-01 3.875600845948700690e-01 3.797443370232023163e-01 3.788492188751579337e-01 3.896045477008085456e-01 3.896455556465281411e-01 3.899481171920434197e-01 3.874920536505812585e-01 3.869624635686333414e-01 3.897182357019807197e-01 3.892046936474516938e-01 3.858004532403227493e-01 3.825825912332352363e-01 3.859133850990209003e-01
4.015246296317852986e-02 9.365560407776189755e-02 3.237890369801591506e-01 1.000000000000000000e+00 3.534283327990272450e-01 2.854507526347751512e-01 5.800295276118232479e-01 5.789658956691099423e-01 6.135227961237190719e-01 5.417792536134155013e-01 6.286094032462148373e-01 6.588650661322332791e-01 5.915531080453364510e-01 4.639670838456376734e-01 6.547357480164751609e-01 6.571024345646768738e-01 5.920450329649761256e-01 5.910999297386845264e-01 6.225419251903671070e-01 5.281710184641769112e-01 6.353899554606404765e-01 6.510956430060697020e-01 6.302345023751123598e-01 6.217633489660466806e-01 6.120607223958656196e-01 6.542378441208258621e-01 6.434504818436742601e-01 6.356441656268898566e-01 6.410019143492662330e-01 6.528737042871985974e-01 6.733357473818241123e-01 6.547345962816724096e-01 5.946929205173772104e-01 6.532634824811327512e-01 6.315151853667686499e-01 6.355763866475480084e-01 6.505010918652980312e-01 6.705459437018330693e-01 6.632731443671666671e-01 6.294928934677416210e-01 6.637274945225779543e-01 6.636167096254163011e-01 6.523139197046212701e-01 6.719718733624115981e-01 6.627536014915343943e-01 6.634012120665376822e-01 6.652145223415354414e-01 6.650809119467122610e-01 6.654484976496718440e-01 6.585481131062275173e-01 6.758298757937987178e-01 6.490992499171948094e-01 6.682088411239238690e-01 6.483464736330099010e-01 6.517342321025620944e-01 6.665941815786659008e-01 6.660775370813859508e-01 6.585612139772893947e-01 6.538296132756089563e-01 6.638461445216466972e-01 6.702161640275384746e-01 6.503787791208271996e-01 6.617657377803588536e-01 6.735187680527546794e-01 6.636616121152236758e-01 6.716125494062741286e-01 6.746102722150791875e-01 6.703932535025178829e-01 6.726585664489658223e-01 6.683843606042324526e-01 6.712699417938849944e-01 6.712493679272123481e-01 6.628503529452183241e-01 6.561221172786771971e-01 6.730702276811284523e-01 6.719685538878971132e-01 6.680764049949285965e-01 6.667619412106131627e-01 6.652397049121520078e-01 6.699991862482868044e-01 6.695177745199836217e-01 6.706583207447867068e-01 6.770333853914635158e-01 6.681326764055218748e-01 6.776870950841761276e-01 6.741024926376725235e-01 6.739631496244902209e-01 6.778611875343047988e-01 6.754407837569117445e-01 6.710378065517987878e-01 6.687119801397548580e-01 6.718043867640733913e-01 6.716978820416350526e-01 6.729256567437299497e-01 6.684822471381595133e-01 6.690387812194154016e-01 6.792433145729859234e-01 6.840790931724175516e-01 6.763589678517106796e-01 6.805973160393744559e-01 6.769962836484673119e-01 6.821472812088829052e-01 6.748974430581503592e-01 6.760249123756657541e-01 6.782359852716894899e-01 6.761828062775137038e-01 6.779741742684887162e-01 6.707435681492431856e-01 6.724621159129274828e-01 6.708266425247875198e-01 6.693960450697196141e-01 6.695234125351340326e-01 6.683570057472315584e-01 6.809296456942353082e-01 6.696522859047030485e-01 6.753221502933586251e-01
3.704675982281943006e-03 1.206465897226924183e-01 2.397503711530822590e-01 3.534283327990272450e-01 1.000000000000000000e+00 2.367285176171523842e-01 4.639033946976831024e-01 4.530585858639789021e-01 4.740882616014266970e-01 4.355747456474294843e-01 4.852952348319304332e-01 5.061208866426722963e-01 4.781042571251057915e-01 3.833043573542401772e-01 5.184700706900586820e-01 5.104489982991651242e-01 4.396529841383706727e-01 4.778235250416018043e-01 4.957026295826152396e-01 3.976659217073618136e-01 4.759610395644374714e-01 4.959906806100664589e-01 4.948472171943164577e-01 4.975053466388639212e-01 4.981327047113022211e-01 5.180881059867773475e-01 5.025047490989679178e-01 5.108014523921102779e-01 5.041906246165203109e-01 5.003668075884150079e-01 5.256143687092343919e-01 5.077913613765880907e-01 4.527933761924638478e-01 4.825497220799617182e-01 4.822951676805789512e-01 4.613993906739904394e-01 5.091980837037184404e-01 5.114334069470745092e-01 4.992897030281548965e-01 4.969918976678279754e-01 5.258099989139071173e-01 5.228224210962408858e-01 5.142088679699980958e-01 5.239140444742824698e-01 5.176180038529286653e-01 5.234353720026950763e-01 5.184899592006299018e-01 5.206735046517558807e-01 5.175435069226816953e-01 4.883358503755703683e-01 5.074010773456941736e-01 4.887175377310756241e-01 5.228736603438135511e-01 5.164216363105479379e-01 5.143197159777517236e-01 5.218973221001599327e-01 5.024994007482210812e-01 5.236302033046609239e-01 5.133797207976431576e-01 5.255574765560934170e-01 5.163229792907226834e-01 5.146530477401827230e-01 5.028896317318151121e-01 5.136399383774791216e-01 4.998679891470281245e-01 5.196345512794708910e-01 5.200850102849624568e-01 5.240484005463906803e-01 5.279745698500695195e-01 5.239268393573421889e-01 5.226275345829607399e-01 5.202249092855232293e-01 5.220534263035087053e-01 5.245064641465142508e-01 5.254689823736600207e-01 5.253558833575910914e-01 5.310088265941168562e-01 5.240938188230027661e-01 5.267376889589856503e-01 5.212582234438248863e-01 5.252026410175471005e-01 5.256766694401046047e-01 5.152501129137734281e-01 5.174100954044894563e-01 5.170864836316757529e-01 5.177158478709033007e-01 5.174159207013958595e-01 5.244640734012980809e-01 5.233600846741853774e-01 5.234569677000272536e-01 5.221654399272028790e-01 5.253825166424646032e-01 5.210656518574460216e-01 5.260751020524729871e-01 5.219902812911141332e-01 5.251083516676589014e-01 5.125742858597913676e-01 5.061996599885122405e-01 5.171657364078871000e-01 5.184908598878498198e-01 5.250564803351275289e-01 5.103581749629138020e-01 5.235983451603604122e-01 5.248128555192297373e-01 5.135605253890459521e-01 5.098353547230042304e-01 5.209132079325207165e-01 5.264144560765520175e-01 5.237935251724520347e-01 5.221845273350161909e-01 5.209141562214758547e-01 5.243653063375889323e-01 5.197820555654105723e-01 5.166143897711000799e-01 5.116758879980315422e-01 5.226634136677674736e-01
-9.135469120232839538e-03 5.741784665664792509e-02 1.633273811603677406e-01 2.854507526347751512e-01 2.367285176171523842e-01 1.000000000000000000e+00 4.232272705409730884e-01 3.784814738936991274e-01 3.700006425447712188e-01 3.564705208775464929e-01 4.045278848227282231e-01 4.264952408705747211e-01 4.030205140384467422e-01 3.044552212322417795e-01 4.258855449637571899e-01 4.281538224334897058e-01 3.820978415138782669e-01 3.978058924870069291e-01 4.163540717543724456e-01 3.421474513736404988e-01 3.941509186959691324e-01 4.074798947911614788e-01 4.193243447075629682e-01 4.073171135815260580e-01 3.941470230846116918e-01 4.281093869425728893e-01 4.234000187887291267e-01 4.276620898093891343e-01 4.256148716410838029e-01 4.138467979707886601e-01 4.294727553044339619e-01 4.267254729016782266e-01 3.780548732526508582e-01 4.180234232730524746e-01 4.031687326350457123e-01 3.974438097648859691e-01 4.302272447713310077e-01 4.272190237982949612e-01 4.238888221240987297e-01 4.191392300285071704e-01 4.361834626262401371e-01 4.348917561580679103e-01 4.258760505767910653e-01 4.326973219472546872e-01 4.349669594333788192e-01 4.346859137543666596e-01 4.375917015060851734e-01 4.362795652141081559e-01 4.351004599745080248e-01 4.260447948231814719e-01 4.311091978049966245e-01 4.194726176883824542e-01 4.383102081197348676e-01 4.337348697530606367e-01 4.423032662679423077e-01 4.407992171541884607e-01 4.291649348115744167e-01 4.387953796403785134e-01 4.350495113656067669e-01 4.306269146096010636e-01 4.386955043184284087e-01 4.284686945217880960e-01 4.302732151302402497e-01 4.259330444959150697e-01 4.260409386656399122e-01 4.313093565503623439e-01 4.349699302950433832e-01 4.373035999165911236e-01 4.344706589961505605e-01 4.349674926661185603e-01 4.346680585251788131e-01 4.349528982948325795e-01 4.357475919484127269e-01 4.363388306992163623e-01 4.393787198092421464e-01 4.370572023035502185e-01 4.389695053685472304e-01 4.372849961992207324e-01 4.413405470461668201e-01 4.379498513646354896e-01 4.381770634270382159e-01 4.390507014755424819e-01 4.338214788166137037e-01 4.255747500575768894e-01 4.347292019310511346e-01 4.359086036932684483e-01 4.366578882117649330e-01 4.396352092498185815e-01 4.337558811361432176e-01 4.421828498759237669e-01 4.361388458550611857e-01 4.384923366096496467e-01 4.404756881183086725e-01 4.381630825044770527e-01 4.387889826683608052e-01 4.401172370179665116e-01 4.378502417505913402e-01 4.277077638739919530e-01 4.387281589800740567e-01 4.354572381863942576e-01 4.397918229806949131e-01 4.350377405310306700e-01 4.395285478194499440e-01 4.389830154288418829e-01 4.379859273248690177e-01 4.329674827276578375e-01 4.382554921628178390e-01 4.377033846616353863e-01 4.409286049026672205e-01 4.388430906161021605e-01 4.399051647503948725e-01 4.358523474329588088e-01 4.367804865827176752e-01 4.327084136798627356e-01 4.302539842335518228e-01 4.371992717237320192e-01
2.217530009310545239e-02 1.472414235296338192e-01 3.327960947423905802e-01 5.800295276118232479e-01 4.639033946976831024e-01 4.232272705409730884e-01 1.000000000000000000e+00 7.045755047457396003e-01 7.129669320694207446e-01 6.831308520398055029e-01 7.606583771067243482e-01 7.967744684824153989e-01 7.357636817776754823e-01 5.783721170598171701e-01 8.256144141958436933e-01 7.917085428935626279e-01 6.973727936956263251e-01 7.414955220093774058e-01 7.736513749399135387e-01 6.610400771016442523e-01 7.603233473291225453e-01 7.649609507012025134e-01 7.749072569700430346e-01 7.747069040095571069e-01 7.470119529519391177e-01 8.080636968548412513e-01 7.970234173605069694e-01 7.952561784557315994e-01 7.997695942437902383e-01 7.884691361783870978e-01 8.179340214736904313e-01 7.929723994551697297e-01 7.286990021796851957e-01 7.898259588964511302e-01 7.580209678489001623e-01 7.433488461217576670e-01 7.976309129366713213e-01 8.014302488867116603e-01 7.947414256105193031e-01 7.701208556864165278e-01 8.154856217615594760e-01 8.200971595464149333e-01 7.981088484754831347e-01 8.147519512712299017e-01 8.123553911406981021e-01 8.128946985827308902e-01 8.141570163972160490e-01 8.142567219014978930e-01 8.071332008190225116e-01 7.746238945279921850e-01 8.008436207952008834e-01 7.745713212198414022e-01 8.114011006487944488e-01 8.062754474985955877e-01 8.061437495949256293e-01 8.144235659501602997e-01 8.008410105038528126e-01 8.123219960835236231e-01 8.108331789568705705e-01 8.132411970901866072e-01 8.157466604023982937e-01 8.060656443547927763e-01 8.103943151465201611e-01 8.083212255002462099e-01 7.944509221975696311e-01 8.136782118141664411e-01 8.146289679637347403e-01 8.190939533049881316e-01 8.211431395859764004e-01 8.187470634746348841e-01 8.164186455861757175e-01 8.146753430328723677e-01 8.208928227581395731e-01 8.047397024007264532e-01 8.241655433406821496e-01 8.202836175734120605e-01 8.220738881803865139e-01 8.170697753663633822e-01 8.244418902630845647e-01 8.178688812517945772e-01 8.170242715418813972e-01 8.197337048993336150e-01 8.132542888948723903e-01 8.099224069197901166e-01 8.129677709179814471e-01 8.187814507517271467e-01 8.148619343362175638e-01 8.220065853400077005e-01 8.194709999664622213e-01 8.178873639993594624e-01 8.178558578600259032e-01 8.198251425657495650e-01 8.190641946008401231e-01 8.204094176098549740e-01 8.159832752575254533e-01 8.166740057045077661e-01 8.055206845674232063e-01 7.998711405280091169e-01 8.135144422496278782e-01 8.150269028925339887e-01 8.189123357523553359e-01 8.135275777145413167e-01 8.178351066726653462e-01 8.182227395585407459e-01 8.136816349825062300e-01 8.098661947506436976e-01 8.155370698264279294e-01 8.192188438925813720e-01 8.190079193748757147e-01 8.168929328338775386e-01 8.166858531731095994e-01 8.172151856049404417e-01 8.147222262633441181e-01 8.132137558688056211e-01 8.054042254195996620e-01 8.136013606892199546e-01
3.422530598346093522e-02 1.174478431684813501e-01 3.109149225448256670e-01 5.789658956691099423e-01 4.530585858639789021e-01 3.784814738936991274e-01 7.045755047457396003e-01 1.000000000000000000e+00 7.212924624496582782e-01 6.671786003663686682e-01 7.584543506978977945e-01 7.915556050971421786e-01 7.421634683478286476e-01 5.746487951354968260e-01 8.010699535714423947e-01 8.045764737395061372e-01 7.038034292351535992e-01 7.238371812891467583e-01 7.601120471260452982e-01 6.316702198447379235e-01 7.476051009213182663e-01 7.800715537197580041e-01 7.664411093995282531e-01 7.520001194162950764e-01 7.388842638678093655e-01 7.938813079577471399e-01 7.839251922031796882e-01 7.779889429174717819e-01 7.845955803578749110e-01 7.805916915967531233e-01 8.092734630075267832e-01 7.898665016018450169e-01 7.020981924809273078e-01 7.785689419011170287e-01 7.470360028843480160e-01 7.478051514406969247e-01 7.842395824426122708e-01 8.052928229321826281e-01 7.908409314557561798e-01 7.582087292692251124e-01 8.061873815018274492e-01 8.111650558903891195e-01 7.908981341324550218e-01 8.168772627089694316e-01 8.055895145092790699e-01 8.051589770541194291e-01 8.135594729814296100e-01 8.143753453403972387e-01 8.106368782934327832e-01 7.902765514724021667e-01 8.140248169010183554e-01 7.855800950892846135e-01 8.098855658862732509e-01 7.991173267918352252e-01 8.059525777289036075e-01 8.129888871401953487e-01 8.016300687913571199e-01 8.172671979029629830e-01 8.107947195100193571e-01 8.078671201609034513e-01 8.190108556726509725e-01 8.028328095841171796e-01 8.101098132984965172e-01 8.110521074139388498e-01 8.058024468611314495e-01 8.145387667919703478e-01 8.184446577854186389e-01 8.164372817646856628e-01 8.166533133078385243e-01 8.102492197611537161e-01 8.155007578361487264e-01 8.190979570029334189e-01 8.103432350856094590e-01 8.038980535741903077e-01 8.204741130515375014e-01 8.169557835832796933e-01 8.152752836968052419e-01 8.165211219010611865e-01 8.140983342870922179e-01 8.192337695404728892e-01 8.154024589518348298e-01 8.188856866659077749e-01 8.166446973154879441e-01 8.039727888041011683e-01 8.190611723982541559e-01 8.175244906018996893e-01 8.131359974586670480e-01 8.246684435929200196e-01 8.184551639808572698e-01 8.183810732803901145e-01 8.072474424975570884e-01 8.210366689976723586e-01 8.184833927529758801e-01 8.183773292444723735e-01 8.188841768823832412e-01 8.182984530405577051e-01 8.149759605115997063e-01 8.178680180925569365e-01 8.232552571343056957e-01 8.263252743354794205e-01 8.188478424415838175e-01 8.240395374571273246e-01 8.189567317298827032e-01 8.244570832334693344e-01 8.217054622844413014e-01 8.147275528649241538e-01 8.207345843363473836e-01 8.193960430513934634e-01 8.204529508557696360e-01 8.234450914518054443e-01 8.191178386221731333e-01 8.179983337450901226e-01 8.164642683124673228e-01 8.196919703390130874e-01 8.136585527864054201e-01 8.182200231305613025e-01
1.192177703123025040e-01 1.643410303300926467e-01 3.592604355371934455e-01 6.135227961237190719e-01 4.740882616014266970e-01 3.700006425447712188e-01 7.129669320694207446e-01 7.212924624496582782e-01 1.000000000000000000e+00 7.536923381804436772e-01 8.116590667814804760e-01 8.406759425171830280e-01 7.870585042404621978e-01 6.196268058489746711e-01 8.439896321047124506e-01 8.343678434761639950e-01 7.939611771784541583e-01 7.723925955227725071e-01 8.122570826561168467e-01 6.388539911774460123e-01 8.059150589684876964e-01 8.191359127878454771e-01 8.191947964019613559e-01 7.869316443570548714e-01 7.921466761061365380e-01 8.310331012366941605e-01 8.304195866949672933e-01 8.071288294112423101e-01 8.268900017202372998e-01 8.463587092170096193e-01 8.664472772162397085e-01 8.419819020494572204e-01 7.403206435248412820e-01 8.151678051259627633e-01 7.967234692014156794e-01 7.952356547377453788e-01 8.364530644456206199e-01 8.329560742131005835e-01 8.424295126931647948e-01 7.841551064592923170e-01 8.554308808116891649e-01 8.397132675212750641e-01 8.277535389450551007e-01 8.656424195809623301e-01 8.530149769872773513e-01 8.514703853265924716e-01 8.685152737133879919e-01 8.808970305540200219e-01 8.693381638389544586e-01 8.092716289134707086e-01 8.453901418037268467e-01 8.031068411391580897e-01 8.551159287719968249e-01 8.748041197658406043e-01 8.625069674447684021e-01 8.654824153384936825e-01 8.766253803084184115e-01 8.682171742060071917e-01 8.646541908776019802e-01 8.849710882337592510e-01 8.627207093534953186e-01 8.740030957168430925e-01 8.642352572184691661e-01 8.803866411966151384e-01 8.747799497474667563e-01 8.816330728569015118e-01 8.804850687427218103e-01 8.696916422806809654e-01 8.728308042513658327e-01 8.543492589261572068e-01 8.687424324916827034e-01 8.718827702950625591e-01 8.583950193499478853e-01 8.538580623289437899e-01 8.703810955478920031e-01 8.687878074070917167e-01 8.610729365026069670e-01 8.685890333706508537e-01 8.626782771228088675e-01 8.733126808100132310e-01 8.695075760591207681e-01 8.727125319382581514e-01 8.773850921493836497e-01 8.633361092348554866e-01 8.556868933834461677e-01 8.655911003980134577e-01 8.625390431282120574e-01 8.629887339419419767e-01 8.664338331383285574e-01 8.705999635358712130e-01 8.498207119423638600e-01 8.660406048092532671e-01 8.680753645053940204e-01 8.664292616417909043e-01 8.742381339026609188e-01 8.771112391724228408e-01 8.503814122253471330e-01 8.634126843559956077e-01 8.670483859817230687e-01 8.659198971056809579e-01 8.595764066945661419e-01 8.649710812526530956e-01 8.722187670247328883e-01 8.726433442611949420e-01 8.654945916448654186e-01 8.740323755977769116e-01 8.784407522799692059e-01 8.775122867506053304e-01 8.742030189850077404e-01 8.766199587061631604e-01 8.707636448392371831e-01 8.822220987622654276e-01 8.759125637418950783e-01 8.770093944304347966e-01 8.797246255120526603e-01 8.812229466069353423e-01
3.597960141055345229e-02 1.529771252824944361e-01 3.284444084479474779e-01 5.417792536134155013e-01 4.355747456474294843e-01 3.564705208775464929e-01 6.831308520398055029e-01 6.671786003663686682e-01 7.536923381804436772e-01 1.000000000000000000e+00 7.609193865713970162e-01 7.819536831996782844e-01 7.225885793074450225e-01 5.790129872776318409e-01 7.962839542047730479e-01 7.744382197856843897e-01 7.027035461687737294e-01 7.290169879750804105e-01 7.618461167174597204e-01 5.973704117751196252e-01 7.279373530189073849e-01 7.576129122880009836e-01 7.679584992990277081e-01 7.505745009239384036e-01 7.465901334655390409e-01 7.816883293724310455e-01 7.789946926581585718e-01 7.790814262291834158e-01 7.858050760343714414e-01 7.894342267703390315e-01 8.154046743281089249e-01 7.983698077931029591e-01 7.195252861890319984e-01 7.637173316751905139e-01 7.608024618567658104e-01 7.321202801570187990e-01 7.956374473333812647e-01 7.872245615342898795e-01 7.873477660519073718e-01 7.589698383727024877e-01 8.122804180783127492e-01 8.014215966899985721e-01 7.812991605417159979e-01 8.097059522424837619e-01 8.020403359202514793e-01 8.070035787834755059e-01 8.190583765598066224e-01 8.284025503704280924e-01 8.207930476800786579e-01 7.488414025971217303e-01 7.830293232745045851e-01 7.281657247783073217e-01 8.000324062344738030e-01 8.259993200249137191e-01 8.170536090855293754e-01 8.151479201776159478e-01 8.056951371332211620e-01 8.190433329590974809e-01 8.185905731102403049e-01 8.245775262575179010e-01 8.078907630354011937e-01 8.218093534334665051e-01 8.088996447913288090e-01 8.108216518128942285e-01 7.957673138404758317e-01 8.134665147901832816e-01 8.207696534906763208e-01 8.200401695665328061e-01 8.221776582610869077e-01 8.022757475983629538e-01 8.124642928902404693e-01 8.160246708010054917e-01 8.142623829403867752e-01 8.065373356271886562e-01 8.190038216382198311e-01 8.205088050116787768e-01 8.165544851813535399e-01 8.197188245227381431e-01 8.164795196553475964e-01 8.189451301346886147e-01 8.181480758251584717e-01 8.238839584668380400e-01 8.145949914793630953e-01 8.156080829612858407e-01 8.006181314058566922e-01 8.101503645709789980e-01 8.143518179509322552e-01 8.124525904085188044e-01 8.147425482407342212e-01 8.195852625839612493e-01 8.120019852201154631e-01 8.198969652263417007e-01 8.207188298157225281e-01 8.195894699040797704e-01 8.239653198074017304e-01 8.264788653034012000e-01 7.953222391519171319e-01 7.906231131396610490e-01 8.090099800463977919e-01 8.073483959296798851e-01 8.068400585451006579e-01 8.046462964306198007e-01 8.154182455013284647e-01 8.161504071575399477e-01 8.011566024872656122e-01 8.127173575379097459e-01 8.196709620478925817e-01 8.258201580079798099e-01 8.234448772833551367e-01 8.224083869296521243e-01 8.228743279502155339e-01 8.258485844267204889e-01 8.256788642853697402e-01 8.129686227445721558e-01 8.116327685687388938e-01 8.185455137681419968e-01
2.415093797090912819e-02 1.389704688765842633e-01 3.649770340211678232e-01 6.286094032462148373e-01 4.852952348319304332e-01 4.045278848227282231e-01 7.606583771067243482e-01 7.584543506978977945e-01 8.116590667814804760e-01 7.609193865713970162e-01 1.000000000000000000e+00 8.781602010440086037e-01 8.097897676303069670e-01 6.307608733143129642e-01 8.832650315991619205e-01 8.684026947145354614e-01 7.821874856646311436e-01 8.111277597229799019e-01 8.527658460907414639e-01 6.957751467903833253e-01 8.291244609013169731e-01 8.595966352493883411e-01 8.478377535374688190e-01 8.406655717145136153e-01 8.405891388127744168e-01 8.837454703124936195e-01 8.730277889895462495e-01 8.664472847500379604e-01 8.684214372649665670e-01 8.787139212598473748e-01 9.092538262720158970e-01 8.849098455622783632e-01 8.043974937585823826e-01 8.661744226213697884e-01 8.463260305381030690e-01 8.349612506810656365e-01 8.878529927035989644e-01 8.869667118108480741e-01 8.849706800704464360e-01 8.545151901555231300e-01 9.067772008720252908e-01 8.989870875813321671e-01 8.823984858983547896e-01 9.094875799942421235e-01 8.982948829647382505e-01 8.984324524020267377e-01 9.095487202765678569e-01 9.137857554443594710e-01 9.077752311893432235e-01 8.654852891312794227e-01 8.908029424682403219e-01 8.461339864427701585e-01 8.986518060178689815e-01 8.941353352881843408e-01 8.919803868443174633e-01 9.023266691012493679e-01 8.845335085756022009e-01 9.051146060384447356e-01 8.981836952759929549e-01 9.065028605637350800e-01 9.047311183340089880e-01 8.953619603909735991e-01 8.944600974656511383e-01 8.990616037665679627e-01 8.892513303152796977e-01 9.008580049300560777e-01 9.109051258633695802e-01 9.138769700437540111e-01 9.139548720678615235e-01 9.070098734670833940e-01 9.119612965555967676e-01 9.136098458884429618e-01 9.080304434977055639e-01 9.064303343886286335e-01 9.144345062264144230e-01 9.133059097494088396e-01 9.114804562902621976e-01 9.102018954853279276e-01 9.086922035170089673e-01 9.124245025421250377e-01 9.125507426590730997e-01 9.155555842263554123e-01 9.085948039998659187e-01 9.050772413656376081e-01 9.069037812539182397e-01 9.114535955352026653e-01 9.083909525527186224e-01 9.131922313727739438e-01 9.125750609811370540e-01 9.133394850361890027e-01 9.076793899649775454e-01 9.151419653037895507e-01 9.135957698571600671e-01 9.148481803531040013e-01 9.143285021171612126e-01 9.159612249272048867e-01 9.026680130151643056e-01 8.944987067493489485e-01 9.089563596786097710e-01 9.116028636667463658e-01 9.123329957617920538e-01 9.065184147339337972e-01 9.127904148150158825e-01 9.153373420833090801e-01 9.054968855792560056e-01 9.022572288987547040e-01 9.129964750709522736e-01 9.149190900720072239e-01 9.143685236569149000e-01 9.132795716485936355e-01 9.117176667802122658e-01 9.139465740458230236e-01 9.107543041132291073e-01 9.098636779857387502e-01 9.044873827015271761e-01 9.081296074661175943e-01
2.821852815914036028e-02 1.430151252612095747e-01 3.757565930373244489e-01 6.588650661322332791e-01 5.061208866426722963e-01 4.264952408705747211e-01 7.967744684824153989e-01 7.915556050971421786e-01 8.406759425171830280e-01 7.819536831996782844e-01 8.781602010440086037e-01 1.000000000000000000e+00 8.430835459016174926e-01 6.584688297639269550e-01 9.175445736847217537e-01 9.051905179587240724e-01 8.226572196796565484e-01 8.338995559262116775e-01 8.783119613325433006e-01 7.003193308572388531e-01 8.631951008523468527e-01 8.833543798469618569e-01 8.759345384060344131e-01 8.609452830572896787e-01 8.569416199214916485e-01 9.091451004356598808e-01 8.991016284878866616e-01 8.918397317523394374e-01 8.974287327077629106e-01 9.105764457369045495e-01 9.373945017331013485e-01 9.118378098516012331e-01 8.227705363259657512e-01 8.983537201366215141e-01 8.668108835729003703e-01 8.702879338884437210e-01 9.162671051578751280e-01 9.235097905666456164e-01 9.207688122443705714e-01 8.754220552971877511e-01 9.337455279466353453e-01 9.316113648769179800e-01 9.143792432268612602e-01 9.433400503935222003e-01 9.325255970953711948e-01 9.327372754285656598e-01 9.444971987534682700e-01 9.440360773836156127e-01 9.420307642287909511e-01 8.956449737423384239e-01 9.303966540330577129e-01 8.844490655294321435e-01 9.288189614117489112e-01 9.277932553187155928e-01 9.264438431808302843e-01 9.361416145209620066e-01 9.237854686105888558e-01 9.386498768699669260e-01 9.311794476896635420e-01 9.419409788459238708e-01 9.423252233855268223e-01 9.309167161281440839e-01 9.316222236393590928e-01 9.418469030858194202e-01 9.336092703509297763e-01 9.399244518038443186e-01 9.481113802481646591e-01 9.483056293506549883e-01 9.464274380283466126e-01 9.337772810571125515e-01 9.452229801047329349e-01 9.474863892046240244e-01 9.371728856330788782e-01 9.327239892165469781e-01 9.482752499308043648e-01 9.464688886406443791e-01 9.407281537844022212e-01 9.427303804350869454e-01 9.426986771949453781e-01 9.465449888715118387e-01 9.465330062675559875e-01 9.498691352580567182e-01 9.468568739764061659e-01 9.374177230126857774e-01 9.394744986658229990e-01 9.452254485164826026e-01 9.439483873557708016e-01 9.468635593010807927e-01 9.475184991215920283e-01 9.459010687449174171e-01 9.363454222733088583e-01 9.488369282314449427e-01 9.464326184977672751e-01 9.487686321470171213e-01 9.483102029251264664e-01 9.494220756843063658e-01 9.332616487944044303e-01 9.330372704192106958e-01 9.433818392001018793e-01 9.457924607520354909e-01 9.453869455533560062e-01 9.432180609080305089e-01 9.462982316517517534e-01 9.500143162642379346e-01 9.432290573713952853e-01 9.389689526622638782e-01 9.480570115071380588e-01 9.487853004913826549e-01 9.474361856075289579e-01 9.479424788131355362e-01 9.445774275392943009e-01 9.490099294667876384e-01 9.440362652040683589e-01 9.486275541705337933e-01 9.440543908789846839e-01 9.460690342970242694e-01
3.161320216682702439e-02 1.408730383513784323e-01 3.526556980669433017e-01 5.915531080453364510e-01 4.781042571251057915e-01 4.030205140384467422e-01 7.357636817776754823e-01 7.421634683478286476e-01 7.870585042404621978e-01 7.225885793074450225e-01 8.097897676303069670e-01 8.430835459016174926e-01 1.000000000000000000e+00 6.113382599307871645e-01 8.517318486890421703e-01 8.569812688228526376e-01 7.482592957744629292e-01 7.794964945114130073e-01 8.168714999822289657e-01 6.613696778871162030e-01 8.013445973721274873e-01 8.244767771201664264e-01 8.154080580677631751e-01 8.073338132230910569e-01 8.050898830738689727e-01 8.472765562225375024e-01 8.408890844105996187e-01 8.298849325627175588e-01 8.328746905466455352e-01 8.395359038587746348e-01 8.709719417158346966e-01 8.457238120940302473e-01 7.557306985999125981e-01 8.252562674165541123e-01 8.072146512621453107e-01 7.931858692437757652e-01 8.438035243513712924e-01 8.524119148207726093e-01 8.462393484756214335e-01 8.154386298327231941e-01 8.689323502829932044e-01 8.655296821128557472e-01 8.522299761482917679e-01 8.741593661214899225e-01 8.628711314960694212e-01 8.655331247095948699e-01 8.756662415868792237e-01 8.773599624944320441e-01 8.741344441718452707e-01 8.265029362331482998e-01 8.578927665490553300e-01 8.124797213454559852e-01 8.679237780871643659e-01 8.683786167632970843e-01 8.678075982678435940e-01 8.692979309936821330e-01 8.577781020099675136e-01 8.776438609460885942e-01 8.688763637310403798e-01 8.793428254938969735e-01 8.751220748158649032e-01 8.720402450083717394e-01 8.661924564329624987e-01 8.685922022978862511e-01 8.589609476861234105e-01 8.729834987054668760e-01 8.790718842011959744e-01 8.788246919873284879e-01 8.793721905262057437e-01 8.701684892130816529e-01 8.785847639795459907e-01 8.788118710370113051e-01 8.729554750356007808e-01 8.709596565566213311e-01 8.810719155732265051e-01 8.776821345624220561e-01 8.757392727321550163e-01 8.753274128136319110e-01 8.770995321791941191e-01 8.801008482262746568e-01 8.771352926554810692e-01 8.821121766800458230e-01 8.726736980913549768e-01 8.691535708882098810e-01 8.706344333435498406e-01 8.749045325094368941e-01 8.734109146279108726e-01 8.798303564981563296e-01 8.769364192032235161e-01 8.776934914331653292e-01 8.679807331747254606e-01 8.809823077529171931e-01 8.791561566720118570e-01 8.805448927545546089e-01 8.805532649852291227e-01 8.823006717669376053e-01 8.676888056010039207e-01 8.638491054757932996e-01 8.783814358633572628e-01 8.773227940364326516e-01 8.781467822621403796e-01 8.750255592620802547e-01 8.808425155460035683e-01 8.825189907495866182e-01 8.717113549058764788e-01 8.731041249570258289e-01 8.812412245270715427e-01 8.820636411883141514e-01 8.824297120540030015e-01 8.841660285108752237e-01 8.792558820718985313e-01 8.834597231606680090e-01 8.798297061167589250e-01 8.776323151601859163e-01 8.716448558778945310e-01 8.778228174949703755e-01
