1.000000000000000000e+00 1.555892504814226085e-01 1.548969989795117297e-01 1.017317071723986867e-02 5.348439896259261223e-02 -2.319368711396904009e-02 -5.708847685689669854e-02 -3.769588129398530451e-03 1.760027524425010481e-01 3.512609206300468245e-02 6.033762860793888405e-02 7.702958781395910851e-03 9.325919608362308669e-03 3.596879208386120214e-02 -4.591818967514916389e-02 -1.032649988978054899e-02 1.592726423187558471e-01 2.826747825125220381e-01 2.630778400509417025e-01 1.477453740917667180e-01 1.879383595880887436e-01 2.158619851127830946e-01 2.734338931761002289e-01 2.751101797178939212e-01 2.024181861816519712e-01 1.848234828793280105e-01 1.700211717493110841e-01 1.242577243490890077e-01 1.823522772152409710e-01 1.676918947559756512e-01 1.493952388499667772e-01 1.572028492057832849e-01 1.424456606404876924e-01 1.527945635970338889e-01 1.739472393207887047e-01 1.222663158887255519e-01 1.584129292911768683e-01 7.638863615357230352e-02 6.636584219307488375e-02 3.067787998732159072e-02 3.283062533598010008e-02 8.652641841766384873e-03 -3.979370760895314073e-03 3.290416722408683742e-02 8.031277048490317871e-02 1.840974697222868411e-02 1.441531071355432389e-02 3.117014626767089167e-02 4.477504510253136477e-02 9.174460298692051208e-02 3.985897921169786334e-02 3.561545412389840320e-02 -4.988652292004494039e-03 8.237842307590664825e-02 9.386196431590271283e-02 1.060636678441133213e-01 1.058386148778495822e-01 2.092269164492861072e-02 4.060380740955055190e-02 4.681098822147941596e-02 3.323700848528470669e-02 4.604360426338668932e-02 5.600457792615493730e-02 4.915705886423707427e-02 8.908782274764354137e-02 8.875105909481621758e-02 5.235578931423932186e-02 1.051107167757287381e-01 9.817682627687020214e-02 7.879257826412872090e-02 8.080184589423733410e-02 9.244168189800233693e-02 1.247572634472243064e-01 1.055980996167962815e-01 7.091670230876637171e-02 6.738588981549487045e-02 3.671418020147347583e-02 7.437778753894427886e-02 6.121486802363827751e-02 7.933128770834280141e-02 9.928549596138043498e-02 6.713333798061914270e-02 8.208294098142732143e-02 6.406410846905412348e-02 5.942342455661150241e-02 7.527776652862630535e-02 7.247425476375976561e-02 3.028692289085422804e-02 3.955460086888015758e-02 7.689269183412351938e-02 2.144036186943088645e-02 1.019769641643635677e-02 3.449969723391167059e-02 1.606277635423856986e-02 1.172082911407416710e-02 2.162701545309071022e-02 3.342059285692844384e-02 7.016438774675008705e-02 2.387318619391665814e-02 2.637907829837122034e-02 7.379159548753816411e-03 3.431096242887823888e-02 1.632693877023080539e-02 1.125327922153187242e-02 3.446367366286604700e-02 6.557516616094279105e-02 4.258749304369650879e-02 3.930488389486708894e-02 4.919908036269623336e-02 2.557362041068950154e-02 2.500557812094959115e-02 3.090835125915918080e-02 2.743858732704336154e-02 3.995967601339328601e-02 5.560575697864473393e-02 4.207199696560298685e-02
1.555892504814226085e-01 1.000000000000000000e+00 5.525547756908845420e-02 -1.865384592902923425e-02 3.622126875800165541e-02 3.063336996507574905e-02 1.174465316281107508e-01 8.574465868852587658e-02 1.855585073060637968e-01 2.122481778603399760e-01 1.298142564095054741e-01 9.238936078778203775e-02 1.099764979641919688e-01 8.739586555813061430e-02 1.319169551296860421e-01 1.238325033714804679e-01 1.678883392990487278e-01 1.859667565193137972e-01 1.690844346384602348e-01 7.992542724438174429e-02 6.789052462435327118e-02 1.172362735296119673e-01 1.991224905409569867e-01 1.809643605352096729e-01 1.635003370229051178e-01 1.960687612419897974e-01 1.675286332981866522e-01 1.882489961811170398e-01 1.923097851265675173e-01 1.998550120308400513e-01 1.896161971050525641e-01 1.749386494703949746e-01 1.776290322976568081e-01 1.399189503960600323e-01 1.970536441965173580e-01 1.244295234354478585e-01 1.708046419641800484e-01 1.568282591305981966e-01 1.514378008494463856e-01 1.386032094789309554e-01 1.463701608238541785e-01 1.380316817495236825e-01 1.350470221083182321e-01 1.308986438988570811e-01 1.431684231583587874e-01 1.482167599685131898e-01 1.334849740229129000e-01 1.607910552210365662e-01 1.408341153237439858e-01 1.164622553275073136e-01 1.362838866424041506e-01 7.635178557307852054e-02 1.086398123278738276e-01 1.882115103535596246e-01 1.804526678931197281e-01 1.868140216102053830e-01 1.497296493391225003e-01 1.404228067882222764e-01 1.568126022074488868e-01 1.478342306195622180e-01 1.395904358891942032e-01 1.545933298296055525e-01 1.459474719272216559e-01 1.456212700712223307e-01 1.447887358890777298e-01 1.504010189224611882e-01 1.561000261936355826e-01 1.639030232932109088e-01 1.714988138363209291e-01 1.272633054191882607e-01 1.262556748524252537e-01 1.497470663702312743e-01 1.595283187314109896e-01 1.609974308137869792e-01 1.639774688875283160e-01 1.589172211589861550e-01 1.545046638449969201e-01 1.614690302790967869e-01 1.734803229287891491e-01 1.752484228344141359e-01 1.715054207848845935e-01 1.624154356743989225e-01 1.613999247679913096e-01 1.667190290620595705e-01 1.430258302724055353e-01 1.449352994801706707e-01 1.520036409421063328e-01 1.448673076234116008e-01 1.523536833429564308e-01 1.705825152588382188e-01 1.452547165637103066e-01 1.406103477496647158e-01 1.377403561891476502e-01 1.404047484275152136e-01 1.355995272605605706e-01 1.507987181150098055e-01 1.178256454254434649e-01 1.237470207018489254e-01 1.326728746994704777e-01 1.406374624808221785e-01 1.353398529571020747e-01 1.288385766451031200e-01 1.231107924268360493e-01 1.259390020974566204e-01 1.238880486519930713e-01 1.493235578735239155e-01 1.442755366589509869e-01 1.591857785005139636e-01 1.631668976212260480e-01 1.434743447955404982e-01 1.471154039361056709e-01 1.461599539280849236e-01 1.447879430796535638e-01 1.440379222774570422e-01 1.385927283486432515e-01 1.387230325807231046e-01
1.548969989795117297e-01 5.525547756908845420e-02 1.000000000000000000e+00 4.037652654863063684e-01 2.368699496909428548e-01 2.915087918822369395e-01 3.564035417184684418e-01 3.321643518950470053e-01 3.648352974741664867e-01 2.446347005279137232e-01 3.982269228294412766e-01 4.052176574726972236e-01 3.299944830964074982e-01 3.028006707071058679e-01 3.664979642198076260e-01 3.780039778737881440e-01 3.901986291381789318e-01 4.754441462751586855e-01 4.905002507467057238e-01 3.910042993348184504e-01 4.566088783600351086e-01 4.981281030569166268e-01 4.629524779818883218e-01 4.455848750174209449e-01 4.615108708270143634e-01 4.276861425305243936e-01 4.710856476391223624e-01 4.181094449955990999e-01 3.935343100240884517e-01 4.167657761052530607e-01 4.113397812656736097e-01 4.558709527936063433e-01 4.205428909934355031e-01 4.583616735800711828e-01 4.246437655308370474e-01 4.566558530348761580e-01 4.442550091270944246e-01 4.035746081486341619e-01 4.092549418754094503e-01 4.142733802810825705e-01 3.928667284992444220e-01 3.769518601915295419e-01 4.061476489272378143e-01 4.078090690865530665e-01 4.461525301480340766e-01 3.688964534693724984e-01 3.852683452036452794e-01 3.732475450383079263e-01 3.900704941236132206e-01 4.362742915016589729e-01 4.152838387446997070e-01 4.298686707387831540e-01 3.848365092422761924e-01 3.749212140135814719e-01 3.964760317240813570e-01 4.151494427712785762e-01 4.311760763211592296e-01 3.782672735509748918e-01 3.864592339588631131e-01 3.926770788054353978e-01 4.103243404924471482e-01 3.953278507870959801e-01 4.078834543769893628e-01 4.009551140018369764e-01 4.305548084033819500e-01 4.229783873038495678e-01 3.981421323001674284e-01 4.506301160748138468e-01 4.258319683356520668e-01 4.422412504749267947e-01 4.576479619341874416e-01 4.481743685537634692e-01 4.511252183660584003e-01 4.480134626857422697e-01 4.086683568865103200e-01 4.207437752489098237e-01 3.737036235915626170e-01 3.886641396763899636e-01 4.005563585026160056e-01 4.035373339915220292e-01 4.315460412512295285e-01 4.154547396439676188e-01 4.198202630409422764e-01 3.988347099650516592e-01 4.162650664235931774e-01 4.344790385453920489e-01 4.349933489799078790e-01 3.891172643220550120e-01 3.950975859259750478e-01 4.065514608486804349e-01 3.889973068965479897e-01 3.834815547771412425e-01 4.141646629289332804e-01 3.873474357096731713e-01 3.803638699310052385e-01 3.772773664813304229e-01 4.124669797992414066e-01 4.168435426456396642e-01 3.949665250688760287e-01 3.974270919460104468e-01 3.949354909268948388e-01 4.026543092376216881e-01 3.968356973779635921e-01 3.942170485095777832e-01 4.189036874134575705e-01 4.078164079264875452e-01 3.919932456731977100e-01 3.789632871486477428e-01 3.827736099843834228e-01 3.851473343159943497e-01 3.821063906161606405e-01 3.887607599177115847e-01 3.900249374724503171e-01 4.008991991870485272e-01 4.141974288185217290e-01 4.049121858261093831e-01
1.017317071723986867e-02 -1.865384592902923425e-02 4.037652654863063684e-01 1.000000000000000000e+00 2.884969839996173735e-01 4.152174187211019607e-01 4.945926242901264036e-01 5.077992279377928631e-01 4.412944184968290995e-01 3.540899982915515221e-01 5.260555759316950519e-01 6.382904055300195889e-01 5.090471395130273802e-01 4.683293184957962874e-01 5.379739499296070093e-01 5.859299960463424384e-01 4.366587031349296044e-01 4.174182506115332592e-01 4.568185417713271912e-01 5.283512117007409525e-01 5.780068994557893136e-01 5.710221766897894957e-01 4.056857589606991943e-01 3.986470070057188120e-01 4.857181557950459583e-01 4.560263714921407030e-01 5.347180377981234356e-01 4.533711063541218667e-01 4.083043057763124928e-01 4.203632951582157440e-01 4.472918087258233588e-01 5.033914969383197491e-01 4.148264190494095338e-01 4.721065077665345666e-01 4.265822084116573931e-01 5.323989033330214227e-01 4.680620599418695016e-01 4.771384985738845730e-01 5.035114458868042986e-01 5.172524780364236019e-01 5.551294822154519970e-01 5.204827720009231884e-01 5.584844017125840665e-01 5.770148165469112245e-01 5.797128910203711571e-01 5.113370676290456274e-01 5.539675898556538636e-01 5.244341008884775279e-01 5.387529812063923673e-01 5.333731495572914261e-01 5.396405318293746589e-01 5.923720961320233513e-01 5.819897344103678316e-01 4.908144829204245663e-01 4.974701848297203854e-01 5.048360086022508630e-01 5.526985356141596029e-01 5.381458232031094413e-01 5.197124945015346720e-01 5.637251001947288787e-01 5.667782505610106103e-01 5.425528934131759184e-01 5.380062850844612443e-01 5.463096923020260842e-01 5.624238288144097764e-01 5.587987691901160625e-01 5.384797356397753587e-01 5.554890102229991244e-01 5.308045292106853275e-01 6.114486642057136434e-01 6.080596774930489001e-01 5.709092575365464217e-01 5.428271999658224045e-01 5.511631571696847809e-01 5.364119389968766693e-01 5.448995344111275951e-01 5.240897493935217089e-01 5.238810277050200970e-01 5.258401571542314912e-01 5.127592991430686142e-01 5.245768195051569993e-01 5.298151266606804244e-01 5.445416108477152406e-01 5.141726537971967881e-01 5.459018725924628113e-01 5.466027637559672803e-01 5.449376447886391528e-01 5.400109339566809830e-01 5.325415572864352631e-01 5.307003885509511409e-01 5.440828064992184743e-01 5.463290073862274721e-01 5.740689384961198405e-01 5.529642400010559289e-01 5.540214484491874369e-01 5.435266867161278048e-01 5.788723310738485006e-01 5.730637879641736765e-01 5.660668646676980664e-01 5.489423534014250539e-01 5.735205582040527883e-01 5.697788349142280939e-01 5.837759210510713448e-01 5.733998723559013966e-01 5.839325671923464300e-01 5.592386477055056870e-01 5.483064200222388385e-01 5.283898983926690329e-01 5.222192174926353347e-01 5.456559601476390631e-01 5.389765614395876092e-01 5.588186922001772139e-01 5.537971762907658579e-01 5.593704074368568424e-01 5.625660260043038319e-01 5.697543665860586026e-01
5.348439896259261223e-02 3.622126875800165541e-02 2.368699496909428548e-01 2.884969839996173735e-01 1.000000000000000000e+00 2.952813840102601617e-01 4.047609225745191219e-01 4.262680851433710005e-01 4.219561450176476658e-01 3.515922521066706108e-01 4.173312520815500859e-01 4.486957733777713342e-01 4.522896762299233875e-01 3.626561440554816884e-01 4.601365106035294472e-01 4.628757021667521676e-01 4.076226950966518880e-01 3.658403612977979558e-01 3.832955366872711767e-01 3.194312101145257432e-01 3.646762962189729618e-01 4.065709928675843576e-01 3.572017837732026635e-01 3.399321598247198040e-01 3.872073249896977321e-01 4.462207470559625966e-01 4.551449344822155463e-01 4.280476519495973742e-01 3.862471304121516957e-01 3.901369580369840606e-01 4.349783613646113212e-01 4.262112288365820234e-01 3.821698879345475919e-01 3.946997334461863072e-01 3.796899277705112485e-01 4.269540548167247151e-01 4.326233216978330742e-01 4.194408238382601462e-01 4.489832323789827995e-01 4.411509329651751576e-01 4.725919786080817753e-01 4.513261529812024331e-01 4.682297482905590225e-01 4.785119238005508535e-01 4.696357995519548356e-01 4.402394165249952085e-01 4.620268876101396027e-01 4.612905064329835270e-01 4.507536931810959269e-01 4.238045027896638062e-01 4.522982900131031769e-01 4.446476847181456415e-01 4.607778270968433398e-01 4.493126298247513972e-01 4.438434306661394047e-01 4.509861818476899598e-01 4.519381067781733097e-01 4.542563577861233881e-01 4.412948117351696009e-01 4.680649517685186445e-01 4.640866469102270520e-01 4.568506304288120767e-01 4.497683465800624836e-01 4.557779726645594942e-01 4.663917899473505324e-01 4.590467341776588439e-01 4.638643861776251542e-01 4.633884412612787052e-01 4.494083237044390056e-01 4.632846238126487881e-01 4.673371069526234822e-01 4.727198249709148037e-01 4.485872379653763620e-01 4.523660108871583319e-01 4.677114930596815712e-01 4.696163371165420486e-01 4.524865155962279895e-01 4.517683394231736260e-01 4.496713668858673962e-01 4.500634230521850521e-01 4.480999793147845134e-01 4.640028418328765447e-01 4.561127662988492260e-01 4.412682498733918601e-01 4.547795154651358973e-01 4.531805587089240417e-01 4.634155545196846360e-01 4.545104066207156790e-01 4.583327730073771256e-01 4.559105275756801801e-01 4.602877919794191586e-01 4.660586123451100349e-01 4.752178819413170885e-01 4.643189029544810831e-01 4.627159396948799519e-01 4.631832043540319854e-01 4.618557795456225690e-01 4.550036717630007721e-01 4.651469706980852492e-01 4.626946502456226185e-01 4.737045639015194931e-01 4.635101252559312157e-01 4.689008475943881038e-01 4.699224722827870515e-01 4.707636664604564203e-01 4.596685166482198381e-01 4.602271095664868250e-01 4.592367870696521526e-01 4.534217717361477828e-01 4.605943144745518469e-01 4.574119000858294926e-01 4.684134800044469360e-01 4.637761112098776062e-01 4.618888643788035542e-01 4.668570250402968025e-01 4.656020702468393058e-01
-2.319368711396904009e-02 3.063336996507574905e-02 2.915087918822369395e-01 4.152174187211019607e-01 2.952813840102601617e-01 1.000000000000000000e+00 5.064301246053423133e-01 4.638433675106607423e-01 4.672015694598729008e-01 4.295754709848415009e-01 5.289778502913528024e-01 5.587000143729456969e-01 5.221238640195152714e-01 4.636605164885269637e-01 5.617197925568684358e-01 5.586894204713970247e-01 4.563831185718543737e-01 3.833553623884084494e-01 4.160226099773509101e-01 3.827318753205513069e-01 4.167654486058717245e-01 4.586488986710944848e-01 3.884685986791654444e-01 3.647263984563864359e-01 4.468129223828947727e-01 4.983081247306354600e-01 5.178595305032864804e-01 4.988626821926032684e-01 4.286966474961855234e-01 4.668545428317616985e-01 5.046589458498760283e-01 5.127598049646351352e-01 4.681642414287006115e-01 4.755649751547572079e-01 4.575281498605472952e-01 5.018152827941354532e-01 4.975892573396182295e-01 5.177594141737676958e-01 5.444810649123674740e-01 5.387875966173026887e-01 5.690500709205883467e-01 5.616525112286805399e-01 5.730653973860061479e-01 5.762489738054188404e-01 5.603432676320981853e-01 5.495400014966878022e-01 5.666969487168889152e-01 5.707251056358417785e-01 5.469894785868633091e-01 5.163981759273124084e-01 5.501221844401527061e-01 5.458697341480208687e-01 5.725421653692063240e-01 5.398090446505225959e-01 5.344269054871391145e-01 5.407169216458207472e-01 5.297012592129265451e-01 5.704571381129122098e-01 5.473807318681827017e-01 5.683627106051264422e-01 5.721835256415007676e-01 5.570789495583718942e-01 5.469677820850552541e-01 5.517094136279065975e-01 5.537107447465251520e-01 5.522275077688295619e-01 5.628939420358944901e-01 5.551869568245381137e-01 5.472057791520311687e-01 5.654244782174037143e-01 5.667282107652960033e-01 5.661805013976702883e-01 5.347822804095135885e-01 5.479011970081590910e-01 5.626943409415240405e-01 5.623324886354077456e-01 5.560810457303372312e-01 5.442570617698260227e-01 5.574216009007062489e-01 5.457506028897064487e-01 5.506150443957346097e-01 5.606203566881620137e-01 5.542876137609844545e-01 5.504589720783139573e-01 5.580007173326542169e-01 5.575023541942848437e-01 5.617691516694479636e-01 5.650119233142848474e-01 5.686919889863726318e-01 5.541247256912013031e-01 5.682501836741984391e-01 5.744179011430416981e-01 5.782206957357033383e-01 5.765700073213374521e-01 5.739654758251503397e-01 5.721905374088375185e-01 5.594696155967259221e-01 5.519608559309079343e-01 5.728713134042852095e-01 5.670160153245490386e-01 5.814546529105999451e-01 5.703573262945957900e-01 5.770166716376989857e-01 5.788558167055157799e-01 5.773378575675263136e-01 5.577317571725131096e-01 5.609600917750847682e-01 5.646571190071484336e-01 5.572862926785013826e-01 5.712833993283606970e-01 5.667760682004672201e-01 5.727405886052024941e-01 5.713065897115279235e-01 5.678243807188686487e-01 5.696409494771885740e-01 5.727420150851915137e-01
-5.708847685689669854e-02 1.174465316281107508e-01 3.564035417184684418e-01 4.945926242901264036e-01 4.047609225745191219e-01 5.064301246053423133e-01 1.000000000000000000e+00 6.826964122263311507e-01 6.516432680118376952e-01 6.407380707916667806e-01 6.950243915823142160e-01 7.274856857360473272e-01 7.110149740929978535e-01 6.178738951412674485e-01 8.296128077936343326e-01 7.745857102549498219e-01 6.111451930060675108e-01 4.623487122980020070e-01 5.135991325285357290e-01 4.679937478034745801e-01 4.500442164267421385e-01 5.573855511758979420e-01 5.020168084225411498e-01 4.512711373250018476e-01 5.739314897755023459e-01 6.760016879631899345e-01 6.643432166337012168e-01 6.980420248324115118e-01 6.075845904075569681e-01 6.143117805172384482e-01 6.874036299418151419e-01 6.768266952235479916e-01 6.174288880907653487e-01 5.938943833389597193e-01 6.094376316966986229e-01 6.280467337488644386e-01 6.533456016844875203e-01 7.283540255434172161e-01 7.266955945645111603e-01 7.361976239283974932e-01 7.802364928179716941e-01 7.886860928945560456e-01 7.809193033947039453e-01 7.827947331796520913e-01 7.449782167295289081e-01 7.774001973489649275e-01 7.866645893583730231e-01 7.823213857034228003e-01 7.580742033049259199e-01 6.787284824598759370e-01 7.608496193277177744e-01 6.983722200094800714e-01 7.598308056885556550e-01 7.562534289642741658e-01 7.453499132125630533e-01 7.447260808453890490e-01 7.221564478567857881e-01 7.849682816438964261e-01 7.756011469096507627e-01 7.750103167368599388e-01 7.792222736647678172e-01 7.770352121874416484e-01 7.626697674589633102e-01 7.570398329808599724e-01 7.472810683835505730e-01 7.397338551887883140e-01 7.772790913365986709e-01 7.483612855491068583e-01 7.441561779694101375e-01 7.474636682472953764e-01 7.395921441077742964e-01 7.558581989341317531e-01 7.079057705999715067e-01 7.309463148973219804e-01 7.718546528918054372e-01 7.703497411605273459e-01 7.770024367743947336e-01 7.508643901742121374e-01 7.730873614578379627e-01 7.475528077138766658e-01 7.421660822681689362e-01 7.690244416358752444e-01 7.510175240249716833e-01 7.503667226267694002e-01 7.508070436423798233e-01 7.371933831587056396e-01 7.558561616022795304e-01 7.807835207412257006e-01 7.773234046345279813e-01 7.603947547807936580e-01 7.831368871145663046e-01 7.949847414225176268e-01 7.830575062766955696e-01 7.930005204864705171e-01 7.868268367113512296e-01 7.861868814747344780e-01 7.584995911648056977e-01 7.405068096660586408e-01 7.830670930085403825e-01 7.760277036307113852e-01 7.926076010816017758e-01 7.762935408790887504e-01 7.762917086080023399e-01 7.898426409252679026e-01 7.659662428566084147e-01 7.587211657084359517e-01 7.700185331647929621e-01 7.781761342602216969e-01 7.753574313274241847e-01 7.891343956667596915e-01 7.847935383435717949e-01 7.831834131872863480e-01 7.881213198060488256e-01 7.741967557916841214e-01 7.681803093557196815e-01 7.731172023098622503e-01
-3.769588129398530451e-03 8.574465868852587658e-02 3.321643518950470053e-01 5.077992279377928631e-01 4.262680851433710005e-01 4.638433675106607423e-01 6.826964122263311507e-01 1.000000000000000000e+00 6.747462736141782713e-01 6.130386426906155872e-01 6.947918565725915707e-01 7.575527431793315225e-01 7.126281538506914481e-01 6.270319814557860916e-01 7.660897011279248492e-01 7.843506300153160193e-01 6.406023252634858167e-01 5.061413348814651769e-01 5.590272034498233733e-01 5.153725129133330807e-01 5.409210463441732619e-01 6.241020459044979152e-01 5.342553648567920366e-01 5.044332747547523033e-01 6.151306285403967955e-01 6.804296977624701981e-01 6.872839111969321069e-01 6.834152882720807565e-01 6.134004630052259932e-01 6.251825150464189740e-01 7.020445416931014870e-01 7.021382394311297404e-01 6.384646111743293995e-01 6.572539292366637032e-01 6.385999196261782362e-01 6.922409040439483352e-01 6.768724913431191093e-01 7.289632193423353224e-01 7.509044955579083913e-01 7.444095554595411279e-01 7.801508475704657108e-01 7.762818948923214668e-01 7.811887359957961907e-01 7.944429724583261798e-01 7.622565569421533294e-01 7.619374338727532558e-01 7.840941937128851347e-01 7.707422396857590563e-01 7.668093443886863092e-01 7.230664127548435127e-01 7.716753746831566119e-01 7.439190415524825628e-01 7.763410254760921836e-01 7.436958803192005307e-01 7.353321260746618071e-01 7.368290782981693487e-01 7.406277551606064158e-01 7.783065480068785957e-01 7.603103347618772601e-01 7.830275103180305285e-01 7.820085330937112111e-01 7.686667387761116910e-01 7.621021206532210268e-01 7.715735173805867708e-01 7.612140259691660971e-01 7.542727810205277494e-01 7.742189667662726649e-01 7.578428238842342957e-01 7.513025717686498961e-01 7.659945598224342511e-01 7.634932128625238068e-01 7.705727793894643352e-01 7.354943279921658528e-01 7.419703786665482470e-01 7.746409181649146491e-01 7.756132421123235199e-01 7.750505315491686975e-01 7.575854590441926106e-01 7.639897620811290091e-01 7.491475933166118484e-01 7.521902853503467101e-01 7.667723238326714652e-01 7.622623414410329978e-01 7.562654651957495533e-01 7.697002876717824460e-01 7.625523699457023019e-01 7.673099037675450429e-01 7.785273372671779324e-01 7.778511947452050324e-01 7.610710459416452078e-01 7.823933062377719239e-01 7.878332109080151691e-01 7.882423724459870495e-01 7.873778652990224280e-01 7.855997314578110347e-01 7.821736698098885610e-01 7.755075359239658184e-01 7.631623294295222237e-01 7.831180701877772377e-01 7.827727631537820807e-01 7.940045556387775871e-01 7.838594607096363021e-01 7.868304620304333863e-01 7.926525135652868759e-01 7.837383837682397880e-01 7.646096859805008306e-01 7.744604246145472271e-01 7.715451722111841271e-01 7.655701890733294102e-01 7.824821119158954508e-01 7.783054175540370379e-01 7.827921762489952195e-01 7.809375094985333554e-01 7.799692931163035858e-01 7.773632344425894791e-01 7.755282101413770723e-01
1.760027524425010481e-01 1.855585073060637968e-01 3.648352974741664867e-01 4.412944184968290995e-01 4.219561450176476658e-01 4.672015694598729008e-01 6.516432680118376952e-01 6.747462736141782713e-01 1.000000000000000000e+00 7.078965696124263074e-01 7.877569099610091108e-01 7.849067994704334028e-01 7.360093829742930804e-01 6.667835477225776408e-01 7.829205164626585889e-01 7.822033649288419044e-01 7.553123856136479963e-01 6.681023802163394976e-01 7.027698835846121206e-01 5.485228441962450852e-01 6.036793047937422108e-01 7.079497912930982073e-01 6.931240543436141266e-01 6.572510735314128771e-01 7.301177341129088116e-01 8.252111117743993196e-01 7.845995575341437878e-01 7.744440194435426861e-01 7.446894263257547442e-01 7.636534359429241192e-01 8.415674678184311697e-01 8.148984030113454180e-01 7.392543533338009620e-01 7.522319450682891651e-01 7.630901512106735840e-01 7.467459375694651680e-01 7.793955983310626445e-01 8.221691824500628742e-01 8.262585966611621924e-01 7.637305129123960201e-01 8.413974157463812720e-01 8.173201080022041154e-01 8.050235382403790885e-01 8.382668364381901105e-01 8.205845878597686216e-01 8.226450080036822321e-01 8.509196073345842715e-01 8.627691874985108367e-01 8.526430096011391457e-01 8.035041622316186904e-01 8.404282073595140679e-01 7.773087532967627444e-01 8.202821317559815251e-01 8.700104777017363400e-01 8.640491581257433440e-01 8.586880909287785135e-01 8.490309716574691024e-01 8.511428466973429696e-01 8.527363319505203432e-01 8.625647932845581511e-01 8.521559972571582930e-01 8.606907838997107651e-01 8.546152862780187487e-01 8.565232366665505026e-01 8.611357604490995632e-01 8.577911023254309875e-01 8.624483995977808570e-01 8.574601557514550665e-01 8.636646740478779449e-01 8.304295424061115538e-01 8.373653504875944176e-01 8.598138368770745776e-01 8.367559765627914370e-01 8.458329574099071602e-01 8.677577490623495926e-01 8.629110216046045334e-01 8.492744291628603337e-01 8.537700877406491085e-01 8.586366342261262385e-01 8.613145420018325504e-01 8.576756530943577816e-01 8.689335366622589207e-01 8.620463308792191137e-01 8.485235784989558772e-01 8.459875713891779059e-01 8.466146120815820630e-01 8.494041709871316126e-01 8.508498884475554913e-01 8.558800070143236516e-01 8.563892097804216563e-01 8.352979217898175435e-01 8.483416204514315773e-01 8.528759400105607735e-01 8.507385688497273168e-01 8.551322902178035701e-01 8.599285157248572897e-01 8.291478164682212215e-01 8.471658655563792939e-01 8.513156426234617102e-01 8.519017428178359275e-01 8.411911188542496864e-01 8.529699916632395018e-01 8.493418738589828543e-01 8.518878252284378672e-01 8.489222168378074418e-01 8.580188546589758714e-01 8.616173143311522953e-01 8.643921203789743934e-01 8.658094058286222028e-01 8.591159572344878592e-01 8.562836276200636032e-01 8.627746919547506499e-01 8.586949744753685776e-01 8.595716331498972629e-01 8.628434505169279012e-01 8.592216651825820284e-01
3.512609206300468245e-02 2.122481778603399760e-01 2.446347005279137232e-01 3.540899982915515221e-01 3.515922521066706108e-01 4.295754709848415009e-01 6.407380707916667806e-01 6.130386426906155872e-01 7.078965696124263074e-01 1.000000000000000000e+00 6.904090010459679183e-01 6.975759718256328012e-01 6.691290049480251856e-01 6.201552195639208342e-01 7.517528055770892337e-01 7.258987282537653352e-01 6.513055677099569563e-01 5.096121765765396772e-01 5.369168032603039986e-01 4.165188523830800071e-01 4.383894685763616295e-01 5.343068410055471507e-01 5.563840672177058355e-01 5.212590824600937811e-01 5.871930536238514353e-01 7.024501060020018617e-01 6.480777321561014270e-01 6.959918296078411171e-01 6.410286455531973848e-01 6.640774881483604286e-01 7.384075481696834586e-01 7.131560100283779180e-01 6.612327509299497086e-01 6.446670480949481252e-01 6.698401430983195182e-01 6.408297327464763660e-01 6.748269500554926470e-01 7.548434370372140156e-01 7.489248860209323233e-01 6.948010474466228548e-01 7.687013349929133765e-01 7.634054812103157062e-01 7.433301806213384877e-01 7.596608723470631430e-01 7.270229816470547002e-01 7.748366819136444095e-01 7.826265873379651961e-01 7.993352660777790497e-01 7.738218484057199920e-01 6.960402527277126383e-01 7.578597699685174494e-01 6.570347244313813340e-01 7.365350568473277848e-01 7.892409856080093711e-01 7.744423939451458017e-01 7.710336166224404097e-01 7.336547299010218737e-01 7.874294020798845439e-01 7.840319620763891439e-01 7.801593701298227268e-01 7.754362648132632208e-01 7.820721478124966763e-01 7.631551719096292263e-01 7.719105818818309261e-01 7.493233176049384214e-01 7.575460317518366571e-01 7.866798291749496075e-01 7.557871827657574038e-01 7.713694365494524474e-01 7.251526731515782753e-01 7.246107594303536903e-01 7.540499558479318853e-01 7.329739663336161115e-01 7.429061940775183448e-01 7.803198374897831746e-01 7.738981460552909475e-01 7.829121769591872448e-01 7.698400712982171878e-01 7.893725689879085294e-01 7.823842172298375308e-01 7.671590994714189149e-01 7.874660950144672933e-01 7.723218626474439574e-01 7.754722979222791190e-01 7.667833809822222069e-01 7.596404233680924545e-01 7.644643416708263306e-01 7.869927757481907094e-01 7.881691709487788078e-01 7.783720845012485068e-01 7.724935801083850917e-01 7.884185894699821118e-01 7.735286693243186296e-01 7.880382701339705420e-01 7.884693739640802335e-01 7.946141160263789915e-01 7.425299074665562271e-01 7.450037654533928633e-01 7.782295763579808456e-01 7.807016347700207470e-01 7.743023241010793534e-01 7.708199435661300392e-01 7.690780787858518819e-01 7.788645714240749474e-01 7.570584050220624528e-01 7.685511893422922736e-01 7.838464972423837551e-01 7.954983321737204571e-01 7.938161755920550844e-01 7.919859610022124130e-01 7.925394804123828685e-01 7.878832190178421957e-01 7.895018685940327074e-01 7.814658920736642367e-01 7.732033954687156374e-01 7.766586610311081440e-01
6.033762860793888405e-02 1.298142564095054741e-01 3.982269228294412766e-01 5.260555759316950519e-01 4.173312520815500859e-01 5.289778502913528024e-01 6.950243915823142160e-01 6.947918565725915707e-01 7.877569099610091108e-01 6.904090010459679183e-01 1.000000000000000000e+00 8.493496236089349560e-01 7.721068068074967705e-01 7.045358868843007993e-01 8.295666790884050901e-01 8.268943639729835482e-01 7.495880902809136659e-01 6.750538839794396617e-01 7.023793544072628459e-01 5.673218141748151977e-01 6.493799093863417138e-01 7.346412530693336995e-01 6.989746551649942408e-01 6.519854033906188340e-01 7.403185093622259849e-01 8.214880585926518375e-01 8.131653779348742006e-01 8.056101023472115319e-01 7.393244845897801731e-01 7.894847311899850784e-01 8.580430219177591633e-01 8.430016348304952833e-01 7.797687340554474433e-01 7.918374415787056142e-01 7.921580285263409849e-01 8.105975381991133988e-01 8.381992176651712478e-01 8.550570098861161039e-01 8.672149001343660846e-01 8.223377327415533067e-01 8.682068119837675901e-01 8.583623766702348501e-01 8.625581628100773557e-01 8.825808320400284623e-01 8.734726556718420687e-01 8.669681814081414695e-01 8.864865132487387278e-01 8.855947154029908397e-01 8.812281897968284872e-01 8.446854181158944819e-01 8.755993044380363521e-01 8.248325578326330954e-01 8.666806770307459162e-01 8.795187851363139853e-01 8.799500167749970680e-01 8.837046757328840263e-01 8.780602981794468631e-01 8.767605023045799140e-01 8.813000712972443029e-01 8.873000219783292453e-01 8.935539636886666859e-01 8.901678930804730605e-01 8.858511551278138718e-01 8.843111677475585797e-01 8.819613251628974915e-01 8.888818507494159471e-01 8.907625541580629358e-01 8.923659222704497518e-01 8.941774839223195492e-01 8.695480459482907154e-01 8.798416408147295975e-01 8.910153099610501615e-01 8.662114023486507941e-01 8.708224432835893758e-01 8.955534755623500986e-01 8.949928062736852707e-01 8.819748188659739530e-01 8.759975087783001824e-01 8.882062008077532544e-01 8.869836994386970375e-01 8.902304135161343002e-01 8.957368400939923481e-01 8.984341742552085508e-01 8.873305897441901013e-01 8.868962399937109220e-01 8.856210122959912168e-01 8.942003187981039103e-01 8.895199918010113782e-01 8.928786616592727654e-01 8.936852203973379982e-01 8.853729489064071645e-01 8.866437790758240345e-01 8.959520170111946458e-01 8.916522082129054727e-01 8.902372406586838149e-01 8.923271233936957980e-01 8.785358511542250559e-01 8.786400433256255083e-01 8.896764222855635396e-01 8.888321606622532345e-01 8.890270438327434466e-01 8.912129350649475867e-01 8.874650129471967075e-01 8.908112514961571415e-01 8.923862191284294143e-01 8.940561366342749672e-01 8.921430647935896241e-01 8.933668433746603244e-01 8.950640976410828564e-01 8.899898255632250343e-01 8.905768441563892690e-01 8.931817073883614455e-01 8.939631196010655589e-01 8.949612379389813022e-01 8.929754566769548818e-01 8.937069060046246571e-01
7.702958781395910851e-03 9.238936078778203775e-02 4.052176574726972236e-01 6.382904055300195889e-01 4.486957733777713342e-01 5.587000143729456969e-01 7.274856857360473272e-01 7.575527431793315225e-01 7.849067994704334028e-01 6.975759718256328012e-01 8.493496236089349560e-01 1.000000000000000000e+00 8.083335023038605849e-01 7.335575371846848602e-01 8.688470095471960697e-01 8.877004893729181223e-01 7.520785085988745955e-01 6.287103334796357856e-01 6.849779493980973077e-01 6.228132190349119357e-01 6.894746908920843520e-01 7.596828654677851844e-01 6.554725034134477601e-01 6.213832539230897956e-01 7.367962144657475010e-01 7.999532992152271760e-01 8.208618705300143592e-01 7.922636307411179413e-01 7.230695378244164084e-01 7.544920379463341265e-01 8.328197571167255120e-01 8.379109742343547884e-01 7.596107337438220419e-01 7.914143341111240515e-01 7.679444038251960203e-01 8.333332529835346669e-01 8.077186939653437925e-01 8.538064640123511628e-01 8.785864671457216390e-01 8.437389777360083665e-01 8.997572944405154427e-01 8.813556736560628213e-01 8.962802611627116445e-01 9.175099574188538831e-01 9.002595891507522152e-01 8.831266079824861004e-01 9.172680767742026342e-01 9.048880682141622334e-01 9.060845871808655971e-01 8.669504474735136856e-01 8.992852127514420202e-01 8.812340129744741235e-01 9.162885409413976667e-01 8.809701418995588007e-01 8.787999670960122689e-01 8.792939134350465924e-01 8.975429375646979402e-01 8.996732517409534724e-01 8.965431185222481059e-01 9.188196058325881488e-01 9.233990529737386987e-01 9.093853733467921474e-01 9.040656815552148284e-01 9.124159793990360701e-01 9.048962183137944093e-01 9.110220518865735917e-01 9.100072650820778541e-01 9.034125810230408948e-01 8.979333220554096551e-01 9.098606603274520532e-01 9.134767625494625287e-01 9.117867239594839024e-01 8.773140965682091341e-01 8.830392025332264305e-01 9.077123391059085389e-01 9.100674758181808155e-01 9.023867673311003479e-01 8.951683002807803158e-01 8.990629370836692447e-01 8.936325710897077279e-01 8.948274329764128732e-01 9.049723893574918021e-01 9.108654304409796731e-01 8.956495764606605681e-01 9.069851877889668623e-01 9.041396330758116884e-01 9.097984650774767479e-01 9.129187358802098862e-01 9.110225096233898201e-01 9.011930656216612379e-01 9.113695748741864611e-01 9.146505287348992708e-01 9.262268881785908903e-01 9.193214620958705119e-01 9.218860941768126649e-01 9.191040386577887800e-01 9.172509303289165805e-01 9.166827512048156823e-01 9.224247998202974586e-01 9.141884179579767844e-01 9.250159251759469958e-01 9.251548884303032461e-01 9.297279527968144164e-01 9.265421708551009328e-01 9.296664112237273958e-01 9.190781787069930431e-01 9.182350679779239799e-01 9.104303874911502392e-01 9.065647636288455269e-01 9.158580121687154296e-01 9.130959154906788111e-01 9.223879935448486833e-01 9.208217404662094596e-01 9.235667150922131086e-01 9.202727552141863887e-01 9.266239013331240004e-01
9.325919608362308669e-03 1.099764979641919688e-01 3.299944830964074982e-01 5.090471395130273802e-01 4.522896762299233875e-01 5.221238640195152714e-01 7.110149740929978535e-01 7.126281538506914481e-01 7.360093829742930804e-01 6.691290049480251856e-01 7.721068068074967705e-01 8.083335023038605849e-01 1.000000000000000000e+00 6.920881399684231106e-01 8.303352482392516443e-01 8.337541037828301027e-01 7.031292837396381223e-01 5.705189903555120123e-01 6.068303452137008280e-01 5.394230163929599753e-01 5.760453773952813883e-01 6.570859157478949886e-01 5.962172277673148946e-01 5.583591986270880492e-01 6.557525065235583206e-01 7.519109745015305490e-01 7.468230844456276163e-01 7.372019268128279235e-01 6.637677598024304126e-01 6.994963442264784392e-01 7.730205189157860479e-01 7.674720564949301105e-01 6.912376742501309401e-01 7.031822409146248898e-01 7.028779720315694313e-01 7.325975456833628829e-01 7.436218103550982228e-01 7.888950063037792892e-01 8.145744740996545552e-01 7.767770182582576233e-01 8.425979223730272194e-01 8.323479020254733740e-01 8.316472614924546036e-01 8.534987074521286354e-01 8.223922565834232978e-01 8.210741551386857573e-01 8.582426798188191874e-01 8.548417965856615064e-01 8.393739198452385697e-01 7.795250408477102377e-01 8.269791960551999832e-01 7.939585174732595174e-01 8.432386939587120933e-01 8.294340584043107256e-01 8.197897667663466281e-01 8.208929254135630682e-01 8.122801230935752237e-01 8.526523817654299009e-01 8.314290652723846931e-01 8.563641256727740902e-01 8.550059326526834313e-01 8.482237062430906249e-01 8.337217887141668005e-01 8.428925200291215170e-01 8.338415238340742830e-01 8.338761471381269663e-01 8.523599011576097340e-01 8.308312978025981232e-01 8.321885598718798960e-01 8.305810940034895618e-01 8.300432524115211042e-01 8.397464630678943553e-01 8.049273219608217289e-01 8.153514055382663495e-01 8.488690194186543359e-01 8.480960883794734784e-01 8.443084341537915316e-01 8.301535579974546053e-01 8.397999700747695861e-01 8.299256072298096809e-01 8.278055353645255021e-01 8.472023567889945816e-01 8.398795016850787443e-01 8.329097683325611401e-01 8.372764255607682005e-01 8.318225695764482897e-01 8.407005688478061955e-01 8.513712735632000816e-01 8.505141282658209567e-01 8.344240129807553030e-01 8.471312511072398577e-01 8.609015869072178528e-01 8.601878892860634895e-01 8.605825541269769285e-01 8.628696530915339613e-01 8.609652207323267303e-01 8.380010915905069524e-01 8.357924357481589794e-01 8.592495728026751101e-01 8.521512541790845496e-01 8.625560189446114245e-01 8.562542946377049713e-01 8.633008915240462100e-01 8.655258470783239177e-01 8.567219306055041672e-01 8.454426252636245698e-01 8.530485978051877138e-01 8.567684979011949142e-01 8.503256123438659442e-01 8.606131577916540376e-01 8.571735600003059785e-01 8.616849007891633772e-01 8.596594424555252800e-01 8.552925348373758840e-01 8.550353907563656986e-01 8.573952639797116637e-01
