1.000000000000000000e+00 1.232274879093132602e-01 1.911698876105937805e-01 8.566576465766857773e-02 2.876212349419460593e-02 1.154255245972275398e-03 1.394199883588186917e-01 1.729815120255010497e-01 1.552249689573575453e-01 9.786416266671194020e-02 6.961366678554077592e-02 4.918095236264524023e-02 -3.012743696190994802e-02 4.634299030374099126e-02 6.496913472183778182e-02 1.125540197833051898e-01 1.349155579043941067e-01 1.586911403641939888e-01 1.226688420500510468e-01 1.604111905837841690e-01 1.540929192637888190e-01 1.129314703105898793e-01 1.717476831645508850e-01 1.263863681703128461e-01 1.308493964960678602e-01 1.446801570397586445e-01 1.113946319861754408e-01 1.035630218616470921e-01 9.255358690386475407e-02 1.550838590656975213e-01 1.217388875683066279e-01 1.087223564414863675e-01 1.022015748420797843e-01 1.180962280098364486e-01 1.427117014584999011e-01 8.521154237994305047e-02 7.762347178269046744e-02 1.059731793254889282e-01 7.937507383266795280e-02 7.687002972504750065e-02 5.883793075514019699e-02 4.189083697123504452e-02 3.616662394213557979e-02 6.977306410610652210e-02 7.466162983682787802e-02 5.702570318918312453e-02 1.807803837366769861e-02 4.878690386490137920e-02 8.025501762772881131e-02 1.492388434935551789e-01 1.025704343666251767e-01 1.088620936704630116e-01 8.305711143234098537e-02 8.637499918652316588e-02 1.002934365285202828e-01 8.476359207326476797e-02 1.458282135287572723e-01 5.750014328902788158e-02 6.982943401945462814e-02 8.463895726399973951e-02 5.573795283056747624e-02 7.270851198589900477e-02 1.021006780451970408e-01 1.017915528527360142e-01 8.035618864449341203e-02 1.091095707123204417e-01 4.580325498412359669e-02 4.605987336860901254e-02 5.514543166523280804e-02 8.280660114787008474e-02 5.952217582825095749e-02 5.512860200826507490e-02 6.723366672981487269e-02 6.218469256054846156e-02 6.313880641379993053e-02 4.847379516602676186e-02 3.856858809581008990e-02 3.162306021642451864e-02 5.256346263120879186e-02 7.245702321431977955e-02 4.314232815006252553e-02 5.204820673043546869e-02 7.343651559249204930e-02 6.919054022063045317e-02 6.146789526824411598e-02 6.396770436508114610e-02 3.744682828979085248e-02 3.804801122354050519e-02 3.301438370073898204e-02 5.273079096454198755e-02 2.460784318108174065e-02 1.746175657303757067e-02 3.122203729521459692e-02 2.494691240357800946e-02 8.179700836289053451e-03 1.903419832033493783e-02 5.652593273621521475e-02 9.449427144498853681e-02 3.575358011718780121e-02 4.213132904549580365e-02 2.832094492854221601e-02 5.253714843069419438e-02 5.245036600813072353e-02 3.397172463212155130e-02 5.924292411926355972e-02 7.099582854341141003e-02 4.793717444825645879e-02 1.637401481337051601e-02 4.091649995960955355e-02 2.836332302349578102e-02 2.413106087301353231e-02 3.636518744996198454e-02 4.006124502114941782e-02 5.725106989950773384e-02 5.298317247225006743e-02 6.523649320375729532e-02
1.232274879093132602e-01 1.000000000000000000e+00 8.732302415818575525e-02 1.286438497939308978e-01 6.155089496687790596e-02 6.942923306482934320e-02 1.688595301466549459e-01 1.557633493028916793e-01 1.691557220192464739e-01 1.942998970193207664e-01 1.477396494112153957e-01 1.551829871452139187e-01 1.292504916022958195e-01 1.388547497485768389e-01 1.604309629742033394e-01 1.730200546456314437e-01 1.809346813309882507e-01 1.735222805440938265e-01 1.632274880230964453e-01 1.263398223275275511e-01 1.516351208719375065e-01 1.618215348741673942e-01 1.869294338017785106e-01 1.826906740204275181e-01 1.644222371947974548e-01 1.600762665535114260e-01 1.658028830418234456e-01 1.563132484291359647e-01 1.345153979582796588e-01 1.869847204014422337e-01 1.825114962978082733e-01 2.049140145059526741e-01 1.971648608011598303e-01 2.102719396473113345e-01 1.978129520398078101e-01 1.717092973151844448e-01 1.718161299890633431e-01 1.951531477970643302e-01 1.811855718336821408e-01 1.764406329710207222e-01 1.695205898757559115e-01 1.659273430923929038e-01 1.618049917579726660e-01 1.685473644632294321e-01 1.801859342119204455e-01 1.632227548059960176e-01 1.554177731885570957e-01 1.642594385029266801e-01 1.707828013268497813e-01 1.829128524874885919e-01 1.894165330221645460e-01 1.423235255535999499e-01 1.558511347107058020e-01 1.682143449323499906e-01 1.631493740913423363e-01 1.689800225814687140e-01 1.702831640635059374e-01 1.651000822830510362e-01 1.820738711993610537e-01 1.603876825649691029e-01 1.555462708577848852e-01 1.678949004182165583e-01 1.655426484077132387e-01 1.709167505495167161e-01 1.491072930746219216e-01 1.599743593413304743e-01 1.666026074377402744e-01 1.695498964025531630e-01 1.760366465715334228e-01 1.649928210063206502e-01 1.650468566175806173e-01 1.635122634082725457e-01 1.858428711527206623e-01 1.663891438027411962e-01 1.580620374017005780e-01 1.592676229184826764e-01 1.571328217594297472e-01 1.440830289054030600e-01 1.631191664664854157e-01 1.737350473931311978e-01 1.654686473885130515e-01 1.677070498410234978e-01 1.791176019106687778e-01 1.756438975892140597e-01 1.760098273394297141e-01 1.802409706674098222e-01 1.657066318590847409e-01 1.688802556618816675e-01 1.667864292955180683e-01 1.644829658746994883e-01 1.623548922844630094e-01 1.560546036496416877e-01 1.584199093411821913e-01 1.576770209165157255e-01 1.507715075254674186e-01 1.557432686187330273e-01 1.525576817344620750e-01 1.488772378057201251e-01 1.503994909324625207e-01 1.563312614483623186e-01 1.518451194649450275e-01 1.570465864206369300e-01 1.516921382442618094e-01 1.526214568207155953e-01 1.531533227927276419e-01 1.608385207231627645e-01 1.580563380878056701e-01 1.546166932977927622e-01 1.584753833785808030e-01 1.563306009952319386e-01 1.588839098864807953e-01 1.550192225147771774e-01 1.601319246174801592e-01 1.566531101237486623e-01 1.535037319170190484e-01 1.546985735708895082e-01
1.911698876105937805e-01 8.732302415818575525e-02 1.000000000000000000e+00 3.742492167556751292e-01 1.075939319675874584e-01 1.716572151109505007e-01 4.049878454921775339e-01 3.623302989392127582e-01 3.403383291218220474e-01 3.296142813813279226e-01 3.463378752814063044e-01 3.267926185029292330e-01 1.695829739131039793e-01 2.481953576261571315e-01 3.630121414113598455e-01 3.684463741021553052e-01 3.288348457060764063e-01 4.373537682261884330e-01 4.072717189945000427e-01 3.688853667781353263e-01 4.189701202997913598e-01 4.061435620193081242e-01 4.353085658289143622e-01 4.182689475645587351e-01 4.288129157758694965e-01 4.107695548042564204e-01 4.159544492779549962e-01 4.334619612926142174e-01 3.661206939547927974e-01 4.296855412208532843e-01 4.192332376769308255e-01 3.918840154552957755e-01 4.334084899726468598e-01 4.026030224978086047e-01 4.202739722715314596e-01 3.848008726306343386e-01 3.970690391492769367e-01 4.104833967908299019e-01 3.767188147166294909e-01 4.145264464946774030e-01 3.490469041612744294e-01 3.704378734090175707e-01 3.707252576564689650e-01 3.604877440752820572e-01 3.864227796870240983e-01 3.690480983768756884e-01 2.865849147624759397e-01 3.023110066391727080e-01 3.247529398994428718e-01 3.890753972872547095e-01 3.743789675057340727e-01 3.430810743779446614e-01 3.343207991537168744e-01 3.221181822355176916e-01 3.469398141004058633e-01 3.620128677692872610e-01 3.550105345919662980e-01 3.336075317255803863e-01 3.361879811464615342e-01 3.035228666129319297e-01 3.225171141151673693e-01 3.197986543787193492e-01 3.408737845233502650e-01 3.281083723567103649e-01 3.040288494487984883e-01 3.233835261154443530e-01 3.071585448795695061e-01 3.271905158211361742e-01 3.437032578083187295e-01 3.529541922279895716e-01 3.641884016814762037e-01 3.449569865950244951e-01 3.596308112628212594e-01 3.715455223143734331e-01 3.486971306755099476e-01 3.379274974042543178e-01 3.456167510121541664e-01 3.262652851405650756e-01 3.523563743111908786e-01 3.569616860739605047e-01 3.511546904328485263e-01 3.430265670188261118e-01 3.476160023556202905e-01 3.622270740713287029e-01 3.472490799961352459e-01 3.418284714524971735e-01 3.419850058116211122e-01 3.416029129440341094e-01 3.300248008322561599e-01 3.403672998738295208e-01 3.516487505451381668e-01 3.175222917758062091e-01 3.310371752032545967e-01 3.307204552709518963e-01 2.818128784874117665e-01 2.917563508046659426e-01 3.357797246767943999e-01 3.190186032109023628e-01 3.133440119810908531e-01 3.281572619269855218e-01 3.298961817950968878e-01 3.211485671043274870e-01 3.105396755011726184e-01 3.115203460085473885e-01 3.249470459633740371e-01 3.232661817434389073e-01 3.020983053521235639e-01 2.866181607391160013e-01 3.154963804924821313e-01 3.073475855048427574e-01 3.106381023776514927e-01 2.951727446211265815e-01 3.061409736791586012e-01 3.089587386846105455e-01 3.033293214473489208e-01 3.047120724003309911e-01
8.566576465766857773e-02 1.286438497939308978e-01 3.742492167556751292e-01 1.000000000000000000e+00 2.820280756321373872e-01 2.911523332289165933e-01 5.842257281941468650e-01 5.192060091967051205e-01 5.084300694941114029e-01 5.267562750498464563e-01 5.126879389656213704e-01 5.555169528888341812e-01 3.999695519074368821e-01 4.057656665445847355e-01 5.794177190931060206e-01 5.728792434524007104e-01 5.026024169470904024e-01 5.935378362247796247e-01 5.605144900842781164e-01 5.344796021128815910e-01 6.037392715555077727e-01 5.812186390533815583e-01 5.895340208993186115e-01 5.583153216539425978e-01 5.836974406702607476e-01 5.703861754033864306e-01 5.963753273591387849e-01 6.090368504397709604e-01 5.617937811755535638e-01 6.033656030297722683e-01 6.243337162034812149e-01 5.856116044597429182e-01 6.080450957228471509e-01 5.823156729169702839e-01 5.879388297576135791e-01 6.093719815179848842e-01 6.131599142129534608e-01 6.046030697027701128e-01 5.999766475203199834e-01 6.122107714133345757e-01 5.752959286323613419e-01 5.928325716013422841e-01 6.033082394022650785e-01 5.925157927935614799e-01 6.052141195591577150e-01 5.980268049530966801e-01 5.253322931669444085e-01 5.245418190241750711e-01 5.435162027922657568e-01 5.775683518259462357e-01 5.737594997680589559e-01 5.615236877426490469e-01 5.680812756464100888e-01 5.277340371401162411e-01 5.411466603971885059e-01 5.828212606499673099e-01 5.596046071354058293e-01 5.610453034461474475e-01 5.413383200408755647e-01 5.220175332289330727e-01 5.436699171788185181e-01 5.398725424363118863e-01 5.606669880922989790e-01 5.382292182411829717e-01 5.218004830409667116e-01 5.399034889002053417e-01 5.313861508902116837e-01 5.475839063500843595e-01 5.702009428838237248e-01 5.752296492853178345e-01 5.823791047287478762e-01 5.613681958615404088e-01 5.749635508732394706e-01 5.846417393727900702e-01 5.650764585006837759e-01 5.634951661133106304e-01 5.798538698304428474e-01 5.754062075495341988e-01 5.845139553727000115e-01 5.698149184243948007e-01 5.779338471223758322e-01 5.727293580758575642e-01 5.827662115253116060e-01 5.752594084184219358e-01 5.744378260610027986e-01 5.605733455770792739e-01 5.757536100924803835e-01 5.788732630223131226e-01 5.629775966169302537e-01 5.763300247490804606e-01 5.945365063396007566e-01 5.600967424009499762e-01 5.609206512539911538e-01 5.688557009219147309e-01 5.191501127473086008e-01 5.269379258606238237e-01 5.718958686145887427e-01 5.431229137198511081e-01 5.507185549921725931e-01 5.642501923043931056e-01 5.685213787416343312e-01 5.511887838598608091e-01 5.444127573723731572e-01 5.447128603160784621e-01 5.588204256783386725e-01 5.595141452807340654e-01 5.325513968533669429e-01 5.233773962750652986e-01 5.482579161050162853e-01 5.433255919608565021e-01 5.505544805094403360e-01 5.275797231882437544e-01 5.378386656325129245e-01 5.361679352092250106e-01 5.243997346002702287e-01 5.310454054758911857e-01
2.876212349419460593e-02 6.155089496687790596e-02 1.075939319675874584e-01 2.820280756321373872e-01 1.000000000000000000e+00 1.964371733928847730e-01 3.303116310121738675e-01 3.675504708834120837e-01 3.769467177754307063e-01 3.395365034458915909e-01 3.620250559151622083e-01 4.195274879876014218e-01 3.728718381421914363e-01 3.226460495097297487e-01 4.078166953633405312e-01 3.894253449219545749e-01 3.689823250754762918e-01 3.206773554002264603e-01 3.467994421375252267e-01 3.226492021559412837e-01 3.263806519083716773e-01 3.522920599084932158e-01 3.548689450978292359e-01 3.251122669671797638e-01 3.564535630256979726e-01 3.772363834812140770e-01 3.593354393504376576e-01 3.631879799140143583e-01 3.406856642988898565e-01 3.616599028743830990e-01 3.877406759006108428e-01 3.950856418160255679e-01 3.496349891600126769e-01 3.739432507643265513e-01 3.622423130224521892e-01 3.985155374828517338e-01 3.776190056984381482e-01 3.893495257937081844e-01 4.026067073436932486e-01 3.693659873324089404e-01 4.118813027295840645e-01 4.093089100548317760e-01 4.225207116895375314e-01 4.300513743942629419e-01 4.017535424185112447e-01 4.115834923087524078e-01 4.263234904038627482e-01 4.210351374010195546e-01 4.197870519056768890e-01 3.952848590825502328e-01 4.090478560542019637e-01 4.259835314861556421e-01 4.337317308687637096e-01 4.191274963065894643e-01 4.039769208363296893e-01 4.066419589406076729e-01 4.149963782590669337e-01 4.274072673311356541e-01 4.015187590989912070e-01 4.240669866841783042e-01 4.364205759469060308e-01 4.266614739817509716e-01 4.211704193835604793e-01 4.320476874256814481e-01 4.234294926998378172e-01 4.298001060332773959e-01 4.194466182205667804e-01 4.153904066603164580e-01 4.201209772809758047e-01 4.221561092467883691e-01 4.104143282027516992e-01 4.174949256082940985e-01 4.040407584524652873e-01 4.155867631256316419e-01 4.151263877257855284e-01 4.180770343696674773e-01 4.133406240003347776e-01 4.095124778008124578e-01 4.096540944959896624e-01 4.189530154655320970e-01 4.156176300561209014e-01 4.174147815783867399e-01 4.214049983143962064e-01 4.166894097861982837e-01 4.198838490305953908e-01 4.181900879944914218e-01 4.147973643431505097e-01 4.172365072316806534e-01 4.201315555730635309e-01 4.166829067255397590e-01 4.137292003896459458e-01 4.213265268329558499e-01 4.207549397746768727e-01 4.186798953691874825e-01 4.196919243878274863e-01 4.232139379753788178e-01 4.239020800509548659e-01 4.327141524518943738e-01 4.276910565379274387e-01 4.282887908796774168e-01 4.311380815787061449e-01 4.302344685155770065e-01 4.344600166645705697e-01 4.316853724035110695e-01 4.364614192689877936e-01 4.282347377382837994e-01 4.262824441197573533e-01 4.254447739033718756e-01 4.236440157281457508e-01 4.233430018456839639e-01 4.218745110264009446e-01 4.280238847235753874e-01 4.268267328590705234e-01 4.348591372439072344e-01 4.280152943454983427e-01 4.325706376568618228e-01
1.154255245972275398e-03 6.942923306482934320e-02 1.716572151109505007e-01 2.911523332289165933e-01 1.964371733928847730e-01 1.000000000000000000e+00 4.043997913356955909e-01 3.539189374203359773e-01 4.341719825976035341e-01 4.167836582314291549e-01 4.340529000187942077e-01 4.874541130860993721e-01 4.339130443707345797e-01 4.114415610144158131e-01 4.930455616467054325e-01 4.591605664868608216e-01 4.050295441623123494e-01 3.837467013423995765e-01 4.168390728571887416e-01 3.590450012733255591e-01 3.653999694330515302e-01 4.164439229571959555e-01 3.936707221016892411e-01 3.699995483949135577e-01 3.988602161715855132e-01 4.596122834711348082e-01 4.622158345661515622e-01 4.562475689666075640e-01 4.293553450444108077e-01 4.442621442478732474e-01 4.640411452968275507e-01 4.685128641819102380e-01 4.359684451149009043e-01 4.380242675091465809e-01 4.405119962201863304e-01 4.449421702246461607e-01 4.618569829697267703e-01 4.700454752327653529e-01 4.808396421299105383e-01 4.584691686072861483e-01 5.002051281293189433e-01 4.990390617287524533e-01 4.869656041533039770e-01 5.003519424826996520e-01 4.807272303476341491e-01 5.015974462971903858e-01 5.037772085843842396e-01 5.054842504743904952e-01 5.014854858813084793e-01 4.510270829428031925e-01 4.806158521038311759e-01 4.622272629750364126e-01 4.894077839271617769e-01 4.974611298308954099e-01 4.900691931063372864e-01 4.951012633383673478e-01 4.706519569218796106e-01 5.042823612011557710e-01 4.970161262669162139e-01 4.954587786132576555e-01 4.982183688074374728e-01 4.965273266798353458e-01 4.912477795544650250e-01 4.797143816829733121e-01 4.832380411776491247e-01 4.852278108412795832e-01 5.017946805209559935e-01 5.003131823037506587e-01 5.002430704520204330e-01 5.013691515374272267e-01 4.944645062033041216e-01 4.986703059414213657e-01 4.822674421027636771e-01 4.883959614384358328e-01 5.018513057146942735e-01 5.060579058615514159e-01 5.068139599246258564e-01 5.056940449836344609e-01 5.017199733428503450e-01 5.014763240189770155e-01 5.021250540181385613e-01 5.040520137735328143e-01 4.978519859621629018e-01 4.954722102979143838e-01 4.959000412842193839e-01 4.943644315684453394e-01 5.024674067331965643e-01 5.073021786406662903e-01 5.025811487037910030e-01 5.045900161191799738e-01 5.047615053341186764e-01 5.136706544238223149e-01 5.077949931615909351e-01 5.129337821995405555e-01 5.074750103006082647e-01 5.123652667970490793e-01 5.002303665252180176e-01 4.880574334576733286e-01 5.076494014278393196e-01 5.055004530511829630e-01 5.069425782115800638e-01 5.054807390647210186e-01 5.010895108655268881e-01 5.076972756216299176e-01 5.023722146972426916e-01 5.002672741617523178e-01 5.057492968844407022e-01 5.065249420440924855e-01 5.087115468991100231e-01 5.100954625742541992e-01 5.117258885239142074e-01 5.062427205542855413e-01 5.087388962084967714e-01 5.016303035524440901e-01 4.938773445021169550e-01 5.028607805658591445e-01
1.394199883588186917e-01 1.688595301466549459e-01 4.049878454921775339e-01 5.842257281941468650e-01 3.303116310121738675e-01 4.043997913356955909e-01 1.000000000000000000e+00 6.903565209956430415e-01 6.542726981341725478e-01 6.674617484568468040e-01 6.527275413440755125e-01 6.787005903153582320e-01 4.933625802283438944e-01 5.213281088860806101e-01 7.535240150377027213e-01 7.506855847356362910e-01 6.238811512806486936e-01 7.843518010529882956e-01 7.525641380541623349e-01 6.736407154003202225e-01 7.872552935989944878e-01 7.617921623951604548e-01 7.777990709429387639e-01 7.419298891542378538e-01 7.708762250016818474e-01 7.520410553528447117e-01 7.673826866523307810e-01 7.896781152274831017e-01 7.128034868584320893e-01 7.908369921121877200e-01 7.926345576575009044e-01 7.508434395379262050e-01 7.762152196230865941e-01 7.540684770626082667e-01 7.603668077776112311e-01 7.617784059549332909e-01 7.723781060716301550e-01 7.889623423938558755e-01 7.676216687245200898e-01 7.908010962179405912e-01 7.361101966888932147e-01 7.559254189115225397e-01 7.584420892884528032e-01 7.592360157075626059e-01 7.739885004815725278e-01 7.663778733970016965e-01 6.713558613480034021e-01 6.668625922246456117e-01 7.109977001517120421e-01 7.545763982131874492e-01 7.445111921053554349e-01 7.081912317822515179e-01 7.281601515150527559e-01 6.832867381226501724e-01 7.086346656641728803e-01 7.548155569248430341e-01 7.295532167178020444e-01 7.212979912458722387e-01 7.170855527711860189e-01 6.714723630886676453e-01 6.976296841335628551e-01 6.916637654063493290e-01 7.288858827083855019e-01 6.929207560676643451e-01 6.695342745482550928e-01 6.950116316491831148e-01 6.845441407456961391e-01 7.099966618677817642e-01 7.310898602253345091e-01 7.391890146989553712e-01 7.500535926278970589e-01 7.277610915611555376e-01 7.467685691068799425e-01 7.559691009111646487e-01 7.282333705970965854e-01 7.253445649000233031e-01 7.422901578046019466e-01 7.239179910445351362e-01 7.534650941853827666e-01 7.378187562842118963e-01 7.417216397154516860e-01 7.253224282989239047e-01 7.536390201727173332e-01 7.452268077177727212e-01 7.455894323046526884e-01 7.271522655322647521e-01 7.310823816848028844e-01 7.485233315873794924e-01 7.186753291920183750e-01 7.481164411773445488e-01 7.629936396472880578e-01 7.196764535775463933e-01 7.187129994252031695e-01 7.263834275134477547e-01 6.642214467089765373e-01 6.733674886945339999e-01 7.461291860380909746e-01 7.126642140155782235e-01 7.142360970065390058e-01 7.339433632866867452e-01 7.289544777368595074e-01 7.188829264909729622e-01 6.953988145569270918e-01 7.008103817908852839e-01 7.158022119642716286e-01 7.250320477406725361e-01 6.907958823565009121e-01 6.707772440367065769e-01 7.078271409897006761e-01 7.054163385942332498e-01 7.152880668863655922e-01 6.756764820054063092e-01 6.925835132051344489e-01 6.910662486030665352e-01 6.728347408780138705e-01 6.850108494557299865e-01
1.729815120255010497e-01 1.557633493028916793e-01 3.623302989392127582e-01 5.192060091967051205e-01 3.675504708834120837e-01 3.539189374203359773e-01 6.903565209956430415e-01 1.000000000000000000e+00 6.776556117424784587e-01 6.504991056526289173e-01 6.317591756626295130e-01 6.783936678543190935e-01 5.277879458177262562e-01 5.096979378309535180e-01 7.278711843581999741e-01 7.567584019154484087e-01 6.505903030090042227e-01 7.189665102678778341e-01 6.987196712070753435e-01 6.640396880117436229e-01 7.190312900835259535e-01 7.006998096899714756e-01 7.319180638088774726e-01 6.927131735699214587e-01 7.093767876146108708e-01 7.469749243721115484e-01 7.148974995959977985e-01 7.271386775856265583e-01 6.713799067112036223e-01 7.456684005154770034e-01 7.496633228173658070e-01 7.327967875514568297e-01 7.029357593124920811e-01 7.338468329790779343e-01 7.195744138216296770e-01 7.207185489392455846e-01 7.086776027196385330e-01 7.575000689833021328e-01 7.376686413792441499e-01 7.173608331355649792e-01 7.153694415115383620e-01 7.270424156562164120e-01 7.294914914813458440e-01 7.444412096332075901e-01 7.289845658752566182e-01 7.292060111417402180e-01 6.847625392828761148e-01 6.816392942799911481e-01 7.239968233706357559e-01 7.636102817568622969e-01 7.490509719697412416e-01 7.198194265402964032e-01 7.317860547793851866e-01 7.038015426275555653e-01 7.242491544257479985e-01 7.393876377180044202e-01 7.565964541096881213e-01 7.253116393240638393e-01 7.213613910151094322e-01 6.974395200353185054e-01 7.211463022142070578e-01 7.121522370642716648e-01 7.514149295029994846e-01 7.253278559928235669e-01 6.971802516299100416e-01 7.229959281950011363e-01 6.912430352610507978e-01 7.094868315404683212e-01 7.199353702874854433e-01 7.410928210016439754e-01 7.290320264052221333e-01 7.187240783736169591e-01 7.281071934516621935e-01 7.277315782019110335e-01 7.256118351148957979e-01 7.097333501817489898e-01 7.150330143185308351e-01 7.061102260199667580e-01 7.285852826384051628e-01 7.259982664811913677e-01 7.120207478579643201e-01 7.127795451176223152e-01 7.334590449182527561e-01 7.260568366165144338e-01 7.421742024533712900e-01 7.286741114901172933e-01 7.090477969752654319e-01 7.253923598152197671e-01 7.092592018253389696e-01 7.292420177156433425e-01 7.189699676813325890e-01 7.034846749225446283e-01 7.028770791595175815e-01 7.073803754280875156e-01 6.704459381016721897e-01 6.796522936386243385e-01 7.483036078726614804e-01 7.451037598221788016e-01 7.182621411832531555e-01 7.280602339662132216e-01 7.209291300454150342e-01 7.274435450302220163e-01 7.036769006263795534e-01 7.114128723597719084e-01 7.248844422550190236e-01 7.313053270713690823e-01 7.035906667247950885e-01 6.776098758876270001e-01 7.100163117595984508e-01 7.062252770909021038e-01 7.047709914118450714e-01 6.897570961909561538e-01 6.985027540847167371e-01 7.118501922510009905e-01 6.904994698095160421e-01 7.026200687247660115e-01
1.552249689573575453e-01 1.691557220192464739e-01 3.403383291218220474e-01 5.084300694941114029e-01 3.769467177754307063e-01 4.341719825976035341e-01 6.542726981341725478e-01 6.776556117424784587e-01 1.000000000000000000e+00 7.457287444862663595e-01 7.606675143465845279e-01 8.033120434622800232e-01 6.687401765754318328e-01 6.398612811778608966e-01 8.289027911173967311e-01 8.221384660629773578e-01 8.020310028942680969e-01 7.139635148764686967e-01 7.680663937762127746e-01 6.383934876461678787e-01 6.812260144819735075e-01 7.448112404130978748e-01 7.743861716798564609e-01 7.097250099620752151e-01 7.508872758171092343e-01 8.273029187793898842e-01 7.985152728253737120e-01 7.834219198170947474e-01 7.147416413106109090e-01 8.211762763250766151e-01 8.161706362501385259e-01 8.342655931643503386e-01 7.580886108343568575e-01 7.946044339001223644e-01 7.989047453981009683e-01 7.776428083155044746e-01 7.890969812475440159e-01 8.307588500932296949e-01 8.242871057313349015e-01 7.737027174925776851e-01 8.429337392695168685e-01 8.373095101686039987e-01 8.085384458595880064e-01 8.533049908441492359e-01 8.298048286795709494e-01 8.365531581291102414e-01 8.406404078823019876e-01 8.541377693053847642e-01 8.633726079361303540e-01 8.295003970889840428e-01 8.497718094927294574e-01 8.241944483459070492e-01 8.541765968358154826e-01 8.667441165700747741e-01 8.656299007640138043e-01 8.513262002232688808e-01 8.717682282449249476e-01 8.574585656638268327e-01 8.517718178540721885e-01 8.665696671139866414e-01 8.568566494830185398e-01 8.663275275997939229e-01 8.639279657433568405e-01 8.589635140760039089e-01 8.560008161604594212e-01 8.693462519114159015e-01 8.570928535758918221e-01 8.534620535670418562e-01 8.549960746158754565e-01 8.564178273913455319e-01 8.460227824979290601e-01 8.548239927244581926e-01 8.438660239065828295e-01 8.451094729902562941e-01 8.632612564877774064e-01 8.568000262309323212e-01 8.442214234213309965e-01 8.248975278438888115e-01 8.466107739040060753e-01 8.609392128236810215e-01 8.485027955529844679e-01 8.527662488489972104e-01 8.578430704792704420e-01 8.548530439611433662e-01 8.500760806759807275e-01 8.564071702349429493e-01 8.385377742029517245e-01 8.465232489830691875e-01 8.477905535566959694e-01 8.498676124928590259e-01 8.329770836548006097e-01 8.438464742424651721e-01 8.469984272528027214e-01 8.460451605747836279e-01 8.395533444541776191e-01 8.466578453833580875e-01 8.496582172769170382e-01 8.619824923625076796e-01 8.517899383184147633e-01 8.507839395826507500e-01 8.473388806652830674e-01 8.576251721148323570e-01 8.558067051286813998e-01 8.530250910766454808e-01 8.596243940309807874e-01 8.627726165272138203e-01 8.587253602326635482e-01 8.448972529702668544e-01 8.564025074699986861e-01 8.519816252421047453e-01 8.464719987898408071e-01 8.552542293502499726e-01 8.561873343865775698e-01 8.614864504767836273e-01 8.564683307987928096e-01 8.628761108934903667e-01
9.786416266671194020e-02 1.942998970193207664e-01 3.296142813813279226e-01 5.267562750498464563e-01 3.395365034458915909e-01 4.167836582314291549e-01 6.674617484568468040e-01 6.504991056526289173e-01 7.457287444862663595e-01 1.000000000000000000e+00 7.251066478167138563e-01 7.586100246031896033e-01 6.325463979392815794e-01 5.955410441730560889e-01 7.902698595116565139e-01 7.801634700126073296e-01 7.159483338233463279e-01 7.273682151024373210e-01 7.502762930858609680e-01 6.360934263046078563e-01 6.897295280437647502e-01 7.388194938812273627e-01 7.550035881620860145e-01 7.249475508525440315e-01 7.397294868071997431e-01 7.911554301810808099e-01 7.839123239198046988e-01 7.813884057079589773e-01 7.098467715010534640e-01 7.983656116409477699e-01 7.963750382024235019e-01 8.146190273288232975e-01 7.656594638223646054e-01 7.817951283951539709e-01 7.692568494392695300e-01 7.570998801687300883e-01 7.767560187535291760e-01 8.194443074515926906e-01 8.023073310127517566e-01 7.927683550387728539e-01 8.191892912848841579e-01 8.199289691023051718e-01 7.985668467706551477e-01 8.192980464202560542e-01 8.166772429601810712e-01 8.186405886710624857e-01 7.963959517685725853e-01 8.070123825887335345e-01 8.096756276885214154e-01 7.802373919537294311e-01 8.126651115664752512e-01 7.537490242278604979e-01 8.015941450715721173e-01 8.067880538348068953e-01 8.139208870402582230e-01 8.297096937996866206e-01 7.993765087980099215e-01 8.204258015136725035e-01 8.199754548914033325e-01 7.938816039613605380e-01 7.984872563143941004e-01 8.081423413957941060e-01 8.049970100623445868e-01 7.862382174548055991e-01 7.829931490366948132e-01 7.941584930066906134e-01 8.063209218760895025e-01 8.165324270575928800e-01 8.236473513883952879e-01 8.155401262708341648e-01 8.185556156026249086e-01 8.171875686980824005e-01 8.255361990772966951e-01 8.168926632356976469e-01 8.205815904881098577e-01 8.198286863073569464e-01 8.214299193782339525e-01 8.005388552446094375e-01 8.219468405030868619e-01 8.239265301550631193e-01 8.215335998292470077e-01 8.173173039916490357e-01 8.308303724533296908e-01 8.208464748793813381e-01 8.168038009106549646e-01 8.182516138657688343e-01 8.086809718775702649e-01 8.270748394179542329e-01 8.130308547988365220e-01 8.270774374220101199e-01 8.235950674435553731e-01 8.170949841047409068e-01 8.157488342731999964e-01 8.193367276916548869e-01 7.985770287929181421e-01 8.033625616782574808e-01 8.121878964020720071e-01 7.925078702405055076e-01 8.110359381433411841e-01 8.147984448134575342e-01 8.135806581261727510e-01 8.133139732857751492e-01 8.032812888290488118e-01 8.067004311438221720e-01 8.061301682798536206e-01 8.167215497201140151e-01 8.090196685771654517e-01 8.032200000662704786e-01 8.181672156681919494e-01 8.143565086507078554e-01 8.179783327263819848e-01 8.018779538897579107e-01 8.120212738489114290e-01 8.018895539191173150e-01 7.935934276831897449e-01 8.016265443488345133e-01
6.961366678554077592e-02 1.477396494112153957e-01 3.463378752814063044e-01 5.126879389656213704e-01 3.620250559151622083e-01 4.340529000187942077e-01 6.527275413440755125e-01 6.317591756626295130e-01 7.606675143465845279e-01 7.251066478167138563e-01 1.000000000000000000e+00 8.149777312333514878e-01 6.714703458191000340e-01 6.334196392430891942e-01 8.248259805941946521e-01 7.983555460586199137e-01 7.480401393289666245e-01 7.116906983116139118e-01 7.517734108820997019e-01 6.362812026817579181e-01 6.776875399818442780e-01 7.420760041489020686e-01 7.576854390156583241e-01 7.135283393370384086e-01 7.488151975118163550e-01 8.085018784245610046e-01 7.988039653676722862e-01 7.956048129336196206e-01 7.134851817022918041e-01 8.152694189489145815e-01 8.255288539048705188e-01 8.379915559402314473e-01 7.857679897885631037e-01 7.940557616979704303e-01 8.005578085714180059e-01 7.851228562492691410e-01 8.089692279472231462e-01 8.384196065598573666e-01 8.309119431348234164e-01 8.046978529977509842e-01 8.461671158143250215e-01 8.486618687292747376e-01 8.348819617646936475e-01 8.533243236030807477e-01 8.446638667019942259e-01 8.461267916314864079e-01 8.371972036544790274e-01 8.462255379777353648e-01 8.490279169535623893e-01 8.058664864565037167e-01 8.418292510659721728e-01 7.879924048893131028e-01 8.341487529718645266e-01 8.453795062498143942e-01 8.449219805731901234e-01 8.439588185621174077e-01 8.280828615070187082e-01 8.517854565360423180e-01 8.479811879073714254e-01 8.358168256487578107e-01 8.461169734490976424e-01 8.468716507198078558e-01 8.392181781127273643e-01 8.335851918264656213e-01 8.238737680691347043e-01 8.304439679629874727e-01 8.469684689617550388e-01 8.484085200119504400e-01 8.541346271034641058e-01 8.512003552190710032e-01 8.457706814213403756e-01 8.488964340778122342e-01 8.412086548013195664e-01 8.436877817056905871e-01 8.555591984764479019e-01 8.560728342960308712e-01 8.475218594060036637e-01 8.241247104567912540e-01 8.438603616281570297e-01 8.596889600905088802e-01 8.546656628286919410e-01 8.542110764548408453e-01 8.523993120009846214e-01 8.587027567241739545e-01 8.472270230392210388e-01 8.494578354757051919e-01 8.481259336795966552e-01 8.531429358310314015e-01 8.518641888921448801e-01 8.477059241292315139e-01 8.495355800614304842e-01 8.509447355948132063e-01 8.508347397499268494e-01 8.531649207503829713e-01 8.398212833390259480e-01 8.442114897935248941e-01 8.411639682865483802e-01 8.271268986987730942e-01 8.460779494943436729e-01 8.497079871112591665e-01 8.496654714091422811e-01 8.491548385210027083e-01 8.441875383815402589e-01 8.485941443151899799e-01 8.452697158956431478e-01 8.429936401103889088e-01 8.458345182798721051e-01 8.417042049896974465e-01 8.494520252424447859e-01 8.480286690653615622e-01 8.488922225209596384e-01 8.435363809777670641e-01 8.484518696921174996e-01 8.433479888973527405e-01 8.366688011664010771e-01 8.403541539764142199e-01
4.918095236264524023e-02 1.551829871452139187e-01 3.267926185029292330e-01 5.555169528888341812e-01 4.195274879876014218e-01 4.874541130860993721e-01 6.787005903153582320e-01 6.783936678543190935e-01 8.033120434622800232e-01 7.586100246031896033e-01 8.149777312333514878e-01 1.000000000000000000e+00 7.451730214464241664e-01 6.763286425093708587e-01 8.854451626796793207e-01 8.451061615516661796e-01 8.056629670226779227e-01 7.138315311082032988e-01 7.759498666153257229e-01 6.522289566222279067e-01 6.955008563410115530e-01 7.769863360511013450e-01 7.955804823633371159e-01 7.222879703376356986e-01 7.751366789580302896e-01 8.476610374774724566e-01 8.339536727441044794e-01 8.337092557054769371e-01 7.630353740990205580e-01 8.393621237572134186e-01 8.739055770410601998e-01 8.794625222649361529e-01 8.214921801802541612e-01 8.361775199442238460e-01 8.397164526113465310e-01 8.388569754274425305e-01 8.635292348079690594e-01 8.800483758401062007e-01 8.885805398626863694e-01 8.353155946498852513e-01 9.034558885066596989e-01 9.040341507093957452e-01 8.828465560075989815e-01 9.132169578912511243e-01 8.899446111100505208e-01 9.042405639691230013e-01 9.123486842150413390e-01 9.152580849332356827e-01 9.122113939615396072e-01 8.563580935372411274e-01 8.976971365843791073e-01 8.549360850431789727e-01 9.007061242128837630e-01 9.062386857742968926e-01 8.906510705331130984e-01 8.923327126893875194e-01 8.857610039830288162e-01 9.111645994944834737e-01 8.985840089393117847e-01 9.062307084889537068e-01 9.166197142164138612e-01 9.129717684380084242e-01 8.963527423605686106e-01 9.047452201231948044e-01 9.020166751000160410e-01 9.038141405114143989e-01 9.174511907701257130e-01 9.133318639578713594e-01 9.178992123078032472e-01 9.103518297744631615e-01 9.071086193775359519e-01 9.133427267418660067e-01 8.933821246748117062e-01 9.009517423212713982e-01 9.171057563557731829e-01 9.196286164030317289e-01 9.137034753804742504e-01 8.961754752702284499e-01 9.096223532202067918e-01 9.206049144929657757e-01 9.190550755479355294e-01 9.235757334092545845e-01 9.150560597483418102e-01 9.183659461647505351e-01 9.101055445963269763e-01 9.107729224963817538e-01 9.153934821971534408e-01 9.165143952301980645e-01 9.208705702078936461e-01 9.123272364817769375e-01 9.067847368653408902e-01 9.171571111851859470e-01 9.203674675070864231e-01 9.193198599078886701e-01 9.128172911581095006e-01 9.168242716842689433e-01 9.010992704173643730e-01 8.952807643800511084e-01 9.143983561068875776e-01 9.131556327492851288e-01 9.148952624572298520e-01 9.137181227605880585e-01 9.155930560766708526e-01 9.185184217615969260e-01 9.165641755818273451e-01 9.075299836375698703e-01 9.169255351368027496e-01 9.140977540417767333e-01 9.163979290017268964e-01 9.163388714381753841e-01 9.146617016492324392e-01 9.170629034389888856e-01 9.172695614882182547e-01 9.162241352791278270e-01 9.122851201550301603e-01 9.123624804169123692e-01
-3.012743696190994802e-02 1.292504916022958195e-01 1.695829739131039793e-01 3.999695519074368821e-01 3.728718381421914363e-01 4.339130443707345797e-01 4.933625802283438944e-01 5.277879458177262562e-01 6.687401765754318328e-01 6.325463979392815794e-01 6.714703458191000340e-01 7.451730214464241664e-01 1.000000000000000000e+00 5.860754152922756921e-01 7.596537978401609603e-01 7.132228665170150528e-01 6.729393933423467589e-01 5.389145758185904800e-01 6.108846396559796110e-01 4.818413783616163903e-01 5.038713645401848851e-01 6.135512615625213773e-01 6.078106501269592288e-01 5.545966185535825543e-01 6.053923849379139188e-01 6.790110010102944349e-01 6.668639577244050987e-01 6.503408089301784267e-01 6.052748803586044390e-01 6.542773453410489770e-01 6.849624717240907490e-01 7.278086457872341430e-01 6.426821882696670540e-01 6.730241115247408423e-01 6.638548425709294154e-01 6.857870393198083336e-01 6.904267688718066509e-01 7.199178585535632724e-01 7.358310956151387083e-01 6.704294462831177359e-01 7.764375220067664118e-01 7.675930074156905869e-01 7.448550084822851414e-01 7.806450805587505926e-01 7.383665712067266629e-01 7.590329105967573708e-01 8.160644042839038104e-01 8.057854277302735069e-01 7.901412768116220509e-01 7.066475506818481467e-01 7.579485587526034740e-01 7.239237392618930178e-01 7.767545433264183563e-01 7.814935365409826362e-01 7.515638757742403309e-01 7.514703601947240186e-01 7.348439518354280553e-01 7.871000839278935457e-01 7.693658379686790783e-01 7.900592941106924227e-01 8.036478599200598261e-01 7.927296742331916279e-01 7.652482246500675878e-01 7.801647061916946457e-01 7.865077274115571671e-01 7.773840048418168003e-01 8.109902817048809665e-01 7.982000808666261937e-01 7.896223629289211843e-01 7.683620412721859916e-01 7.674483716323033944e-01 7.898253110165208701e-01 7.596637830776360456e-01 7.637744241287794944e-01 7.879841366048062623e-01 7.924349227194233958e-01 7.835119302246743578e-01 7.701131402730854170e-01 7.749201442643380844e-01 7.807447209970049817e-01 7.837433512838384297e-01 7.925518347389791662e-01 7.828643498454630478e-01 7.774672462975482645e-01 7.823031386568498613e-01 7.868182012000110026e-01 7.844928087346093593e-01 7.910019855980788828e-01 7.985938030158913348e-01 7.861753743736811240e-01 7.764610615182768738e-01 8.042723730823578832e-01 8.009053817750710902e-01 8.002077233942348489e-01 8.200157591460767170e-01 8.191309847343932748e-01 7.809060592966615699e-01 7.803997662938505497e-01 8.058146585906190706e-01 7.987826417276013835e-01 8.002406552279310858e-01 7.996666937541974107e-01 8.083927936985922935e-01 8.126867703945667154e-01 8.011899949228296069e-01 7.875019277675212592e-01 8.111871303913494868e-01 8.181188546157740493e-01 8.039787862997519463e-01 8.098397930972430769e-01 8.062931760369240752e-01 8.149033317768537010e-01 8.094662864097502686e-01 8.081012246208145733e-01 8.047868958732850020e-01 8.061232955980280890e-01
