1.000000000000000000e+00 1.703200577796549209e-01 1.778057207885134217e-01 3.867769182473585615e-02 7.708982745174298989e-02 4.846110792496056280e-02 6.098487844725125617e-02 7.895682266834404273e-02 2.399510710526118751e-01 1.079620119114341054e-01 9.193307371757568347e-02 2.239809843644742157e-02 8.545124140672526181e-02 5.620602768301630192e-02 2.255376824640031863e-02 6.770625403081846627e-02 1.920894733809589972e-01 2.649029259520925828e-01 2.239606146082368521e-01 2.363149892933782970e-01 2.995221547798471162e-01 2.402535225907160010e-01 2.090031818996411217e-01 2.050062866293113628e-01 2.286717453901781771e-01 2.456443839376019345e-01 2.282884000851471140e-01 1.967950762789150987e-01 2.085105541495291259e-01 2.056521571185948583e-01 1.822096811886424472e-01 1.241129967770772252e-01 1.547656514956063378e-01 1.234029547326482706e-01 1.645895778100346929e-01 1.211355850038763476e-01 1.385853184401682758e-01 7.642565820920095565e-02 1.182268854538921637e-01 1.121605605291180058e-01 9.637846498102546622e-02 6.445541606240008659e-02 5.318885119713644138e-02 9.126446540431067123e-02 1.058988419657430069e-01 9.535520763022847790e-02 7.843793477376587858e-03 5.980936069149059287e-02 4.590400505370520468e-02 8.125978249543171217e-02 7.476572420250623963e-02 7.576434067283206730e-02 4.871538096357302255e-02 9.576163422776125256e-02 8.452723192103273053e-02 9.819194422769143837e-02 1.265714594835532225e-01 6.572488645864842105e-02 7.069337604553142806e-02 6.783602534208801882e-02 5.160461014588890033e-02 7.903135763940331848e-02 8.016957332613196263e-02 9.746061815383633142e-02 9.543453322550964069e-02 1.008307942575195765e-01 5.411904590065553383e-02 8.455496931210561284e-02 7.864644524010426518e-02 1.056755838048498569e-01 1.124086327030244664e-01 1.027450879470566819e-01 8.993033085460939990e-02 1.009065047449023561e-01 9.138661718695195724e-02 9.572118295759748929e-02 8.810115889021781499e-02 1.020090431399664349e-01 8.251285073221180377e-02 8.405123869264551073e-02 7.914334352583922427e-02 8.110105074694053118e-02 8.062465136726047754e-02 8.064915469421052308e-02 3.261953511379921122e-02 5.907148341202980019e-02 6.383962626883610270e-02 2.753057161414181053e-02 5.680594925532998773e-02 6.101811739609851876e-02 6.040008894718418980e-02 3.417760366210903511e-02 5.796565917342174495e-02 5.173441275305291215e-02 6.058212719807382421e-03 2.632087586694079051e-02 3.335860478108269855e-02 6.310781963937851791e-02 2.628396897867828208e-02 2.665417622314230489e-02 2.333514126657943583e-02 5.026170298240089512e-02 2.126113416666249728e-02 2.851828085052338091e-02 5.137141010008940828e-02 7.447182193946089157e-02 3.420639242351958959e-02 4.214828265452714301e-02 4.182205010017813612e-02 3.306584355692245708e-02 2.991942123640433521e-02 4.001333729972555986e-02 4.370690503581654146e-02 5.533075938473418220e-02 5.879123553314619804e-02 5.428598359947105906e-02
1.703200577796549209e-01 1.000000000000000000e+00 7.138547993014104920e-02 8.845576375811625702e-03 8.268784798822270687e-02 8.790595011735533038e-02 1.297324896554479523e-01 1.221084562310371935e-01 2.153318421719383480e-01 2.184785587346395608e-01 1.542961023640466722e-01 9.441548612300319776e-02 1.224457125968366755e-01 1.448078003098545452e-01 1.328096743765637411e-01 1.463060074004147448e-01 1.631205244882277527e-01 1.865334401783836082e-01 1.579879335794538986e-01 1.654682877109627248e-01 1.564947335297266207e-01 1.468256224558075196e-01 2.065801681186274774e-01 1.913700194449733938e-01 1.807830021173217894e-01 2.193773112562737715e-01 1.771600636203540802e-01 1.903226147012595793e-01 1.878037063557496944e-01 2.035536965659436037e-01 1.879042619298269545e-01 1.967605573057909785e-01 2.112398806925377404e-01 1.837712043108324644e-01 2.129354260143315192e-01 1.537510448635308336e-01 1.982020240315103821e-01 1.806927713839116545e-01 1.802405088725067273e-01 1.877984642580340646e-01 1.821830025748621129e-01 1.630491516651677020e-01 1.290519845133485666e-01 1.574743555697361019e-01 1.644371692312799338e-01 1.783454871445475098e-01 1.507434038318221925e-01 1.691773734597091239e-01 1.489100835745036655e-01 1.555860768578340159e-01 1.646564512458037477e-01 1.120877360344506996e-01 1.264737897052438664e-01 1.750518295377482825e-01 1.650439594980084301e-01 1.913621641692574427e-01 1.483581875320780785e-01 1.535106628095991577e-01 1.577868407361535941e-01 1.543615052412205257e-01 1.347617955954372171e-01 1.584708388814454472e-01 1.511504223132179581e-01 1.602498368581471155e-01 1.585629851125848755e-01 1.537523463836035498e-01 1.602837835377750875e-01 1.648691318167109232e-01 1.829363647082747901e-01 1.718674471482745103e-01 1.571476394174279312e-01 1.644019079632347280e-01 1.682292217396826883e-01 1.693443489289523374e-01 1.775694205392168157e-01 1.637281933447140014e-01 1.667684708861029708e-01 1.721806486724672958e-01 1.673362178705198322e-01 1.642729136208833374e-01 1.731140139848965365e-01 1.652112926614743016e-01 1.688887153668365004e-01 1.766590753211014775e-01 1.561177091884594637e-01 1.618760610847567727e-01 1.625047311052488230e-01 1.645222568948419006e-01 1.643739460434932853e-01 1.745239422969414589e-01 1.716495464798208359e-01 1.566743099864792155e-01 1.573855574134640223e-01 1.569498164237044524e-01 1.401091783251866285e-01 1.565277843319675677e-01 1.338566213400900762e-01 1.389686441402458450e-01 1.423161814802654801e-01 1.587726432097961715e-01 1.370559288068529114e-01 1.509892391721101845e-01 1.345873935705522995e-01 1.419041448266605276e-01 1.434665146880311215e-01 1.468362027832852135e-01 1.472714680463377002e-01 1.663171146287660274e-01 1.642659411819428761e-01 1.483082076292095708e-01 1.644752637214288715e-01 1.508671606548340205e-01 1.518053154674411931e-01 1.566151063319978776e-01 1.516316619220266781e-01 1.519109999559611346e-01
1.778057207885134217e-01 7.138547993014104920e-02 1.000000000000000000e+00 4.302252410470128741e-01 2.117014408686268834e-01 2.457523604734906386e-01 3.605743346264677074e-01 3.392569753410188960e-01 3.443242504649653424e-01 2.734826556873282688e-01 4.118305867850446389e-01 4.235975383026884811e-01 3.463102331287893354e-01 3.508545191572755573e-01 3.537045576879487840e-01 3.596214739709551189e-01 3.326137148657565823e-01 3.303167166386957176e-01 3.891889288790354451e-01 3.142197104454542145e-01 4.226556491174009444e-01 4.451740875397346420e-01 3.698949156629524060e-01 3.675150229004734981e-01 3.922019427027893523e-01 4.461396224734953120e-01 4.440778241016468120e-01 4.133984566307773445e-01 4.148397867454038379e-01 3.748885055384485465e-01 4.293217650739775126e-01 3.494834204374601128e-01 3.579118161424944544e-01 3.772869054108785036e-01 3.423388745911555286e-01 4.120803179350868151e-01 3.740565292765423155e-01 3.282749379155232572e-01 3.865879305286146206e-01 4.021627102793361441e-01 3.898417807188499506e-01 3.771731161159290746e-01 4.094105123219970999e-01 4.094456569976720473e-01 4.013753227695184833e-01 3.821890800303924252e-01 3.307076709736994635e-01 3.381984402838286163e-01 3.529799729844684264e-01 3.791555839468565003e-01 3.646236645625501316e-01 3.976555176758186927e-01 3.654737332051988252e-01 3.376002455717153072e-01 3.442081952484602470e-01 3.590412596836870529e-01 3.751090425853617627e-01 3.551331428809591517e-01 3.346543797237322981e-01 3.617538931648280887e-01 3.719914511132452195e-01 3.517743864454024871e-01 3.488951405380544823e-01 3.637802444367101429e-01 3.694778841447671769e-01 3.686450731038808382e-01 3.462539239935348845e-01 3.624292540275256824e-01 3.539028724941621906e-01 3.720653119461302394e-01 4.001666047915017899e-01 3.901576625177459179e-01 3.689111798802172659e-01 3.784714977850148210e-01 3.848483143226267833e-01 3.926195915913170409e-01 3.856319881014911299e-01 3.907713913623707680e-01 3.880929555407003351e-01 3.769003675229405936e-01 3.669566706947798296e-01 3.817582466956024878e-01 3.702606502866469529e-01 3.485023497484961430e-01 3.575494921337706300e-01 3.584098208129465890e-01 3.709284234856128903e-01 3.361171905885744771e-01 3.549686034230740139e-01 3.523907255182823217e-01 3.683415604017304390e-01 3.589627865635588444e-01 3.796675317761114554e-01 3.668899729251355879e-01 3.304149411036504391e-01 3.334816535617770028e-01 3.698175347562733806e-01 3.632770502542329027e-01 3.427167952702110387e-01 3.467695619118272288e-01 3.672209070158969357e-01 3.467349441226771911e-01 3.520044815508668323e-01 3.601378847964913366e-01 3.704119109207199001e-01 3.546830916095573549e-01 3.405968960762835174e-01 3.383067372286969743e-01 3.384695061715593534e-01 3.465300249399086985e-01 3.435731597932869530e-01 3.460748311506244290e-01 3.386625918413697645e-01 3.505013997088354816e-01 3.598461960906808588e-01 3.539032802316832149e-01
3.867769182473585615e-02 8.845576375811625702e-03 4.302252410470128741e-01 1.000000000000000000e+00 3.396613461041804727e-01 3.317919259258317322e-01 4.785917864616784922e-01 5.226325303078065421e-01 4.285711369396763004e-01 3.360914597715718433e-01 5.484001718145353754e-01 6.677720538774019055e-01 4.919258616636999482e-01 4.936134589768511050e-01 5.115261059511461150e-01 5.202461850950662603e-01 4.252237898468034794e-01 2.805536825116280442e-01 3.686765223948305081e-01 3.493892267675506313e-01 4.426494738282359953e-01 4.639124535111429637e-01 4.066071539540806468e-01 3.607440599164193351e-01 3.704681786669999366e-01 4.900670208529429583e-01 4.906314887066958730e-01 4.541329573304538902e-01 4.514397975274350161e-01 3.815023373391471795e-01 4.736119070145459742e-01 4.663054445348933097e-01 3.930805291757012987e-01 4.590365453828035847e-01 3.624981800891771133e-01 5.126882816669768861e-01 4.284051905056384113e-01 4.198335565900148669e-01 4.799881460924201870e-01 4.936174080850617707e-01 5.202935224749325460e-01 4.951644896664968987e-01 5.730805314985819576e-01 5.587879265446832333e-01 5.166173086372586321e-01 4.806140648019587291e-01 4.814109418899660264e-01 4.806120524973665487e-01 5.056188414212865467e-01 5.173267213912763340e-01 4.921863414812970294e-01 5.369452238158524127e-01 5.445343127977667619e-01 4.604245894196917210e-01 4.690191418678980595e-01 4.795587879700566325e-01 5.211176334180495084e-01 4.953300093227698819e-01 4.584258382287348943e-01 5.184858306168053099e-01 5.396096019280610667e-01 4.970140057404484613e-01 4.810168751000065690e-01 5.120182885433146591e-01 5.005992490013144725e-01 5.162730653920496460e-01 4.897294013387902267e-01 4.712885430707970391e-01 4.853173548814337379e-01 4.902146312622350788e-01 5.057766904722783563e-01 4.887385316926822210e-01 4.796996491224219117e-01 4.681476980607200411e-01 5.068092647291005948e-01 5.165485675960992396e-01 5.056583912358817434e-01 4.967434023891462713e-01 4.988576021277635886e-01 4.839551906282180127e-01 4.754130268107923385e-01 5.026735713436553121e-01 5.167493014675601515e-01 4.483422711290470097e-01 4.987111375265975699e-01 4.844636246617661235e-01 4.898230971869133588e-01 4.757715487220617878e-01 4.812261568592881567e-01 4.913145175588369273e-01 4.904264924586111962e-01 5.071148255210252698e-01 5.221278504115788310e-01 5.041440368909024805e-01 4.878166609560268818e-01 4.874121450330111127e-01 5.492744186168042608e-01 5.306889250400060876e-01 5.052042383100995293e-01 4.984171110996135634e-01 5.423827056887486897e-01 4.996100944211587791e-01 5.230684379757402080e-01 5.275787312550814789e-01 5.209427644409562186e-01 5.183415126929873384e-01 5.019124940818593394e-01 4.817669612772311760e-01 4.773861833775968622e-01 5.062629340109287002e-01 4.887914078308176480e-01 5.081913990546377269e-01 4.937437231298870133e-01 5.087302600423606602e-01 5.001244114549684427e-01 5.128433464990141966e-01
7.708982745174298989e-02 8.268784798822270687e-02 2.117014408686268834e-01 3.396613461041804727e-01 1.000000000000000000e+00 3.008140415937515244e-01 4.542010503445625402e-01 4.468079392229395985e-01 4.411956267290498279e-01 3.789042841086620594e-01 4.631325371351023845e-01 4.838285065850397859e-01 4.838443686777832986e-01 4.319999059707074762e-01 4.930067620189384492e-01 4.922014786052905100e-01 4.206183073109741599e-01 3.415620499422609146e-01 3.857861833779551719e-01 3.324994765934413121e-01 3.681268761483832419e-01 4.134324301465835405e-01 4.280442544937328453e-01 4.092348549265544810e-01 4.087892317292330935e-01 4.614401418509298525e-01 4.746413710511293571e-01 4.662266571288847250e-01 4.245563043214841681e-01 4.483667151903923953e-01 4.742516026691533937e-01 4.634252104869510114e-01 4.544929999370895812e-01 4.709665111481129984e-01 4.391167788464678257e-01 4.682098698229256173e-01 4.763553226920575479e-01 4.535886757380299672e-01 4.914898550901147800e-01 4.872661622329373943e-01 5.046376155721817858e-01 4.943824985443186493e-01 4.975186506119471663e-01 5.077938125162023697e-01 4.992299874569702811e-01 4.948044672370469077e-01 4.860064118089724716e-01 4.843265508817409248e-01 4.854489549377246638e-01 4.732331333850268718e-01 4.776902977255687022e-01 4.848951384733286019e-01 4.908982975336722010e-01 4.688037629077900781e-01 4.670214305528844756e-01 4.758047777890722640e-01 4.767558190867720591e-01 4.927150090390782777e-01 4.686035618814188286e-01 4.963272310927714925e-01 4.945577391734604089e-01 4.750301629351389998e-01 4.640027234146908430e-01 4.761592306939810282e-01 4.887051963507205166e-01 4.836415048862353072e-01 4.837622269345855375e-01 4.820372796287556993e-01 4.898972728756323392e-01 4.754028641726144033e-01 4.955167053776253216e-01 4.918787794051462381e-01 4.855712843156372305e-01 4.887611606839640244e-01 5.011595969032723863e-01 5.046495888827295939e-01 4.995611432174685285e-01 4.892463038977986067e-01 4.969188767935513451e-01 4.916239420037287200e-01 4.939158663830257590e-01 4.945958919046558044e-01 4.931904824681262456e-01 4.901305011776038723e-01 4.887819918616184700e-01 4.912398963918174766e-01 4.924871146017216761e-01 4.882098796227378745e-01 4.939004952817311889e-01 4.856947698651071232e-01 5.034233519835693560e-01 4.991308215539113080e-01 4.982213317185980594e-01 5.028321733382346004e-01 4.859237791350154434e-01 4.857804788313663247e-01 4.923303308308147330e-01 4.834390240163353725e-01 4.878822317684104459e-01 4.867873662958142056e-01 5.041976145492398365e-01 4.863878105909419380e-01 4.910238857168346405e-01 5.004116413133192776e-01 4.955212878251261666e-01 4.812402627721564796e-01 4.818558653144520698e-01 4.838364271565367414e-01 4.819196993111852234e-01 4.910614947093688287e-01 4.888655085911842169e-01 4.939062660676257210e-01 4.811937011067566883e-01 4.883326445412111694e-01 4.847816921705256354e-01 4.890334349217777543e-01
4.846110792496056280e-02 8.790595011735533038e-02 2.457523604734906386e-01 3.317919259258317322e-01 3.008140415937515244e-01 1.000000000000000000e+00 5.005163539612573764e-01 4.489668700407092317e-01 4.898192130733473038e-01 4.221742085908055664e-01 5.348765945076666695e-01 5.586277156933541210e-01 5.146659428947123471e-01 5.328179597766773412e-01 5.554682078306327764e-01 5.510224201566505942e-01 4.752768357594678861e-01 3.859200277991715056e-01 4.312280522154601226e-01 3.888782665402171768e-01 4.114221426878471033e-01 4.658663014561545412e-01 4.448941766670024278e-01 4.515949014478703449e-01 4.507768468957080166e-01 5.039829574967146231e-01 5.283639205997581190e-01 5.386354686704694084e-01 5.033394112785053442e-01 5.143390303278355669e-01 5.529935299535009285e-01 5.396840135057822119e-01 5.092073590777885794e-01 5.396924591640422930e-01 5.000242236073061397e-01 5.347763155578895145e-01 5.443748520891126264e-01 5.503799183394981753e-01 5.652592296801093319e-01 5.647534663900769525e-01 5.744730429338484878e-01 5.736984845501093000e-01 5.601302833294364847e-01 5.845641082855458359e-01 5.759838937147618854e-01 5.775227864408651879e-01 5.710721006807634170e-01 5.752478430305882906e-01 5.698232631367187162e-01 5.576425764332383350e-01 5.621781130728537024e-01 5.604144353548929924e-01 5.734234020619608518e-01 5.625436328064938873e-01 5.639301699137002633e-01 5.621498601153241959e-01 5.575370995987948275e-01 5.769764802277429494e-01 5.663525899689777487e-01 5.764856739628683169e-01 5.780509827596230776e-01 5.691671756839374874e-01 5.547373247067491908e-01 5.579224187688918146e-01 5.637424056435532682e-01 5.706015210361696788e-01 5.750844783472151001e-01 5.648052795117022296e-01 5.651117445720076349e-01 5.638216340508037661e-01 5.719531325109814546e-01 5.698291677898699170e-01 5.601784198081183330e-01 5.626747361465128661e-01 5.789115891813373382e-01 5.847961687101279615e-01 5.851810295389291428e-01 5.799839937508045606e-01 5.859683846566435816e-01 5.786192364531248522e-01 5.804782249278207518e-01 5.834815452983912465e-01 5.703772905459850717e-01 5.685823204284027321e-01 5.757103473897399182e-01 5.767629891072330039e-01 5.784590112142858898e-01 5.775871759434640929e-01 5.799570784222587427e-01 5.727097667239787748e-01 5.830601372930532822e-01 5.863331572741125042e-01 5.848575783559795127e-01 5.903569878713171848e-01 5.788662955286927314e-01 5.786177191130134068e-01 5.740778720120217615e-01 5.689845938257772628e-01 5.740932043214763691e-01 5.759171015860147236e-01 5.788580084145005245e-01 5.722735430030456705e-01 5.771513861296148074e-01 5.828523847261973811e-01 5.800845567308579032e-01 5.710753922797952020e-01 5.740027469103746727e-01 5.790702260181536110e-01 5.766044168062833819e-01 5.800757515797225761e-01 5.834631374973425766e-01 5.803125078727163766e-01 5.749494593994632918e-01 5.758213106315857033e-01 5.744232127945803068e-01 5.803563029870965062e-01
6.098487844725125617e-02 1.297324896554479523e-01 3.605743346264677074e-01 4.785917864616784922e-01 4.542010503445625402e-01 5.005163539612573764e-01 1.000000000000000000e+00 7.052704468009620697e-01 6.840489041134797388e-01 6.163495353481038830e-01 7.241583318253853596e-01 7.531324337325963070e-01 7.129549725239474611e-01 7.158184608335014243e-01 8.422507780904054941e-01 7.992385311151953831e-01 6.544873333283811601e-01 5.391489437690681896e-01 6.394027176467499407e-01 4.917654242265726006e-01 5.664556061586281110e-01 6.757914975096563914e-01 6.157155534196615543e-01 6.272119754776392941e-01 6.506104583756825432e-01 7.008680670795692791e-01 7.333770164336681496e-01 7.388652582465478069e-01 6.906077094209658318e-01 6.943080195095747698e-01 7.605159781411909847e-01 7.097274593725504399e-01 6.812970266083110404e-01 7.279674426055650072e-01 6.746517321071384687e-01 7.403582941740204371e-01 7.281120791673469927e-01 7.518739346856100347e-01 7.749970857239194544e-01 7.600540799635528977e-01 7.832195427827495227e-01 7.941528586850533644e-01 7.662179045265431476e-01 8.034259736626387927e-01 7.819328806219812966e-01 7.949189220691776914e-01 7.853492429547872522e-01 7.767046020045511590e-01 7.734547789986279120e-01 7.306466371696369588e-01 7.563462885175545880e-01 7.277241396204955359e-01 7.573754102261455179e-01 7.510410399777056600e-01 7.518350290923759838e-01 7.601393369646770592e-01 7.347061828605723210e-01 7.850191711103003955e-01 7.614591942245895195e-01 7.865458881994444873e-01 7.749360809186520704e-01 7.661111299583325263e-01 7.544524304082401711e-01 7.572096517446597064e-01 7.686664950655544004e-01 7.570646458768944820e-01 7.799564265504062011e-01 7.749252363079631722e-01 7.630986216898217878e-01 7.536318496219531760e-01 7.849709554545346579e-01 7.897657476720869596e-01 7.660695226975426930e-01 7.783166126060652168e-01 7.918626155293453373e-01 7.976251158640578209e-01 7.986896176684807891e-01 7.812697845926046547e-01 7.963716040243357108e-01 7.785863090946549825e-01 7.782852285610681875e-01 7.944001802141585911e-01 7.777517541767811071e-01 7.649119514289128841e-01 7.783031081853034605e-01 7.789162706217320764e-01 7.836073849697094973e-01 7.849606164548019738e-01 7.917712960919329745e-01 7.789143720275967242e-01 7.924631547028601064e-01 7.996371881871140452e-01 7.963289875629602221e-01 8.035190659957481829e-01 7.811249740143252351e-01 7.806487777689613550e-01 7.750901908722485079e-01 7.600127552352867744e-01 7.804473416408215236e-01 7.815199020805131402e-01 7.893505093089339120e-01 7.719229762360416691e-01 7.800690114754141868e-01 7.950066199947705137e-01 7.800978933393900583e-01 7.608219318040663204e-01 7.756766883513874777e-01 7.791009717325062534e-01 7.778904115756078985e-01 7.843443055448673373e-01 7.898661857875921566e-01 7.838503903926474781e-01 7.752140885472581511e-01 7.758103667896276701e-01 7.828817261725961041e-01 7.734394849218765300e-01
7.895682266834404273e-02 1.221084562310371935e-01 3.392569753410188960e-01 5.226325303078065421e-01 4.468079392229395985e-01 4.489668700407092317e-01 7.052704468009620697e-01 1.000000000000000000e+00 6.587299264955640554e-01 6.009456185459343125e-01 7.025087773442226791e-01 7.464776601930076527e-01 7.018700588395961892e-01 6.794720408327548089e-01 7.742045026507113903e-01 8.094958079753298286e-01 6.201551799666562559e-01 5.098789311364968491e-01 5.724652901851571274e-01 5.066481350001358352e-01 5.676547814733203801e-01 6.269468943821437934e-01 6.000389713031331063e-01 5.777111212475755098e-01 5.834790455975320533e-01 6.747119951995914633e-01 6.730797042731030411e-01 6.827695863115335051e-01 6.235072912612500406e-01 6.437269731305911291e-01 6.936185549832165620e-01 6.879982787785793308e-01 6.536054033005536112e-01 6.857865591951040063e-01 6.437221751474966336e-01 7.005064384397319266e-01 6.873587776286453899e-01 7.106952044258293411e-01 7.357612393667304351e-01 7.215186409158904635e-01 7.443717508295020213e-01 7.427371751642443121e-01 7.335451913938515478e-01 7.673172251804450950e-01 7.378786858424758455e-01 7.425389367901741311e-01 7.466004415070894851e-01 7.507063360872012758e-01 7.462143304427673041e-01 7.077538079954422967e-01 7.323562061502979503e-01 7.156368202040717108e-01 7.412470162544880781e-01 7.337808536345421517e-01 7.336861160568592943e-01 7.305255437042666999e-01 7.329715238150812384e-01 7.665711392441664218e-01 7.415401056401509372e-01 7.569530287398709145e-01 7.507197221781458651e-01 7.524783786732980317e-01 7.444260039082625235e-01 7.422573386302845355e-01 7.407530658898968667e-01 7.452157758273546539e-01 7.457467802727764106e-01 7.384967953127508089e-01 7.400125217485226115e-01 7.339550289630514257e-01 7.493774940821299468e-01 7.439082154889343768e-01 7.297839700192656487e-01 7.284174115198893684e-01 7.561970012691122678e-01 7.528264117694055679e-01 7.495408328593833325e-01 7.283552036004458108e-01 7.387059482068204508e-01 7.303496005014168402e-01 7.333022915046896184e-01 7.457472445467329125e-01 7.486795459591264468e-01 7.260979873726576272e-01 7.378699602599910756e-01 7.351867910627964964e-01 7.429990396923011886e-01 7.452398873897559950e-01 7.511563984893564472e-01 7.460996025067935244e-01 7.515644154476008865e-01 7.589290693112052955e-01 7.531076948085492218e-01 7.608118197649117453e-01 7.469782672738048968e-01 7.500027102690474123e-01 7.486730827191320214e-01 7.461760286576502033e-01 7.516347158069544010e-01 7.435974051891919290e-01 7.598638477807334590e-01 7.545052144661091864e-01 7.511290624671930205e-01 7.638803787262857803e-01 7.511609680152533386e-01 7.481289460558252502e-01 7.505075593344429086e-01 7.455126239620071260e-01 7.489879834912666068e-01 7.584751644248513003e-01 7.568703588136092009e-01 7.571699842824258786e-01 7.555997465474232344e-01 7.539750296069845925e-01 7.502758092633144971e-01 7.510325836268325617e-01
2.399510710526118751e-01 2.153318421719383480e-01 3.443242504649653424e-01 4.285711369396763004e-01 4.411956267290498279e-01 4.898192130733473038e-01 6.840489041134797388e-01 6.587299264955640554e-01 1.000000000000000000e+00 7.170785804826051990e-01 7.575202420310133133e-01 7.384415158669557222e-01 7.353113637449876228e-01 7.408131634064150095e-01 7.827370396198789493e-01 7.994861319387202014e-01 7.683983058576817626e-01 6.540731360197856725e-01 6.860036210583838612e-01 6.470054544451966372e-01 6.705687176327167487e-01 7.229387589006666115e-01 7.286547019446691920e-01 7.150546824766885745e-01 7.031621344161851361e-01 8.032327226334006198e-01 7.903890675547677880e-01 8.064318057886779023e-01 7.511575973872250955e-01 7.896162034700924259e-01 8.225446200653883100e-01 8.167289880991500661e-01 7.712751346105372052e-01 8.071179300316736471e-01 7.800817281291821947e-01 8.032858804311958645e-01 8.184988705508501328e-01 8.039853601186705001e-01 8.326050616470591637e-01 8.119398531417840736e-01 8.420067935212973698e-01 8.129096050063594481e-01 7.822724153757598664e-01 8.338983013772500730e-01 8.361974815705454089e-01 8.294928499760980678e-01 8.150465245560972738e-01 8.434677404505813714e-01 8.270601416925589255e-01 7.972312013377835793e-01 8.171241641203826900e-01 7.946937103464993823e-01 8.023609090774658226e-01 8.458500160772675081e-01 8.354528529140473614e-01 8.356991267205957641e-01 8.464713539840709178e-01 8.313381788877984846e-01 8.282790034798435119e-01 8.465450570284797083e-01 8.234609468162781276e-01 8.451324111704147102e-01 8.332896902399274941e-01 8.458269971934099241e-01 8.500822177494603560e-01 8.508063791407929344e-01 8.358547575681340991e-01 8.348872857467750652e-01 8.394930817216132990e-01 8.349574123773674250e-01 8.375965338940892790e-01 8.394615965887702869e-01 8.277908540170392238e-01 8.280342749337348263e-01 8.529192849591030745e-01 8.483115801579271809e-01 8.416556020109007274e-01 8.376868022819683457e-01 8.351423256758974123e-01 8.371881288595461879e-01 8.357849592848068943e-01 8.436610475436959744e-01 8.456542930451763640e-01 8.326298840200416773e-01 8.189158064021514472e-01 8.336439094028218477e-01 8.339704498049741455e-01 8.242621661399456290e-01 8.369942044705126483e-01 8.389083105649858263e-01 8.343215003527558737e-01 8.268285335774036016e-01 8.364107985450670579e-01 8.356566463980235060e-01 8.164997782350621458e-01 8.276996261022975254e-01 8.126795338320049744e-01 8.313170891431150844e-01 8.245072015399750320e-01 8.226637951671441629e-01 8.138256714061448127e-01 8.377593099870436211e-01 8.168218141296935686e-01 8.277733098989985550e-01 8.349022630635348774e-01 8.418490170585062327e-01 8.325632718474923477e-01 8.350524906287296600e-01 8.337312935130638536e-01 8.301309522163637933e-01 8.296877650979672669e-01 8.352126041214859020e-01 8.370294210295221582e-01 8.427407577095151758e-01 8.399929103344400128e-01 8.402536514948558688e-01
1.079620119114341054e-01 2.184785587346395608e-01 2.734826556873282688e-01 3.360914597715718433e-01 3.789042841086620594e-01 4.221742085908055664e-01 6.163495353481038830e-01 6.009456185459343125e-01 7.170785804826051990e-01 1.000000000000000000e+00 6.706091982714114108e-01 6.660589594575270223e-01 6.623341699763088952e-01 6.638573159191013540e-01 7.320236094305265784e-01 7.367302344218221721e-01 6.662391734018717759e-01 5.501432904184266892e-01 5.810742495064872282e-01 5.416721562945491231e-01 5.416320657915383308e-01 5.978185715093782271e-01 6.321153368347270929e-01 6.192446808821665538e-01 5.884089940732128987e-01 6.793875287251779360e-01 6.702084767413823974e-01 6.993066297458863101e-01 6.415304716564214083e-01 6.754665855800139340e-01 7.248050868109572331e-01 7.405363507722807492e-01 6.916172056818601366e-01 7.193069840212342747e-01 6.959503097727491872e-01 7.045676557944893226e-01 7.311274468929144232e-01 7.508959358077368362e-01 7.497995284132996652e-01 7.406878977974733491e-01 7.644202709363386861e-01 7.450262270869797421e-01 7.046475589133782691e-01 7.491354204092161018e-01 7.534044308897103193e-01 7.564881243523070564e-01 7.700967975192734016e-01 7.817575480781656649e-01 7.652208740067463211e-01 7.115309314668473162e-01 7.434514356492398779e-01 6.953710031767758037e-01 7.233503453921641402e-01 7.808012944733463412e-01 7.718931543188302102e-01 7.708498202126122800e-01 7.444907943427971908e-01 7.681322663023778530e-01 7.662965849216930581e-01 7.693810426286575854e-01 7.445874692531136985e-01 7.666135867031544926e-01 7.605838804441389378e-01 7.592607873277723574e-01 7.589394062680496766e-01 7.607047790581867863e-01 7.742894905859593058e-01 7.598611892654464350e-01 7.688571602322114007e-01 7.566608778756793718e-01 7.486106785052683010e-01 7.544201260827079203e-01 7.518293445285537668e-01 7.451860067785081032e-01 7.730611477328162007e-01 7.630282549053024610e-01 7.663367563447963660e-01 7.512479648353467265e-01 7.602449419503174433e-01 7.569677394929854586e-01 7.613143574076535192e-01 7.694383852908922572e-01 7.681944618181698603e-01 7.596867802671269931e-01 7.560563256618532124e-01 7.646662909541727116e-01 7.671194381693039466e-01 7.708469730562341748e-01 7.709985389036809744e-01 7.805289623526342480e-01 7.708687193464254239e-01 7.686562807897374672e-01 7.680725876443911249e-01 7.714746794246404304e-01 7.658689340868586326e-01 7.739958866895644274e-01 7.388576287635776341e-01 7.450709757780445974e-01 7.613394120997341030e-01 7.628282092653351221e-01 7.514010657872970400e-01 7.674448329920833256e-01 7.552737918017440322e-01 7.609728322170270509e-01 7.604914608501324169e-01 7.616638850104922032e-01 7.696478040942692500e-01 7.797857432396877453e-01 7.800655697265360677e-01 7.697161593423988979e-01 7.724378255622181833e-01 7.710201921964422445e-01 7.725575934905085651e-01 7.682249839003710834e-01 7.675874680388088400e-01 7.673999677228902083e-01
9.193307371757568347e-02 1.542961023640466722e-01 4.118305867850446389e-01 5.484001718145353754e-01 4.631325371351023845e-01 5.348765945076666695e-01 7.241583318253853596e-01 7.025087773442226791e-01 7.575202420310133133e-01 6.706091982714114108e-01 1.000000000000000000e+00 8.450264846468085178e-01 7.721437506587108812e-01 7.730160225261123452e-01 8.299187349587366924e-01 8.293193620690612056e-01 7.417826472340802724e-01 6.220055140871444399e-01 6.785604562156093422e-01 6.191814849028717260e-01 6.621036577015935176e-01 7.327185508419986615e-01 7.211259452277886117e-01 7.113098186333920436e-01 6.935275885958775977e-01 7.951364251319966714e-01 8.072589109376988592e-01 8.107466594596122178e-01 7.530959933134698803e-01 7.764986827976673167e-01 8.339269605447627853e-01 8.288140569670336966e-01 7.721695060865139126e-01 8.241277780380413809e-01 7.726934834813224962e-01 8.352128699051339922e-01 8.245236242822246986e-01 8.174705164364108878e-01 8.469318575761626278e-01 8.406624106162641219e-01 8.661743246830222454e-01 8.520982814374371550e-01 8.527503083387154570e-01 8.777465069060287339e-01 8.678223154851721910e-01 8.518094576390501382e-01 8.550457734051786218e-01 8.619604275891958878e-01 8.657910272000626239e-01 8.437805469998530539e-01 8.526349560159919294e-01 8.402030458947423730e-01 8.512861379218646940e-01 8.450062723554889743e-01 8.481554825934612962e-01 8.474794905687554891e-01 8.561344386108507010e-01 8.626358182282148901e-01 8.495569176607118411e-01 8.682567725576402218e-01 8.737260904446920717e-01 8.600562103659776803e-01 8.463172272370568239e-01 8.576694508162907571e-01 8.609026260416811072e-01 8.651097985797008283e-01 8.673124335209273505e-01 8.574584804667005900e-01 8.627865114123079993e-01 8.566864257371751279e-01 8.671134870596497457e-01 8.639643193934167797e-01 8.544317573584025993e-01 8.530478865883950323e-01 8.784549226153933743e-01 8.808944917843815059e-01 8.748168121502831740e-01 8.632063345183926817e-01 8.720710760741611223e-01 8.630388971594787906e-01 8.656853029721505166e-01 8.769682061224803871e-01 8.748343001610513481e-01 8.526375222167849044e-01 8.671450124527783077e-01 8.678010744458861669e-01 8.696340127667171460e-01 8.589428996026657881e-01 8.675182626575932421e-01 8.625224363117133253e-01 8.694439533040899670e-01 8.726460102207082015e-01 8.789097347170038432e-01 8.733942750562095902e-01 8.608941150162482403e-01 8.646786461223543441e-01 8.708469164760310743e-01 8.685557313632727983e-01 8.671349743646440400e-01 8.656220879734002338e-01 8.721590771649126994e-01 8.653535227610815728e-01 8.686760196742119300e-01 8.748270547776234585e-01 8.752799048145235572e-01 8.638454627143818954e-01 8.677326648376723073e-01 8.638358729110188206e-01 8.608621127679992879e-01 8.686781914143375527e-01 8.639453710319767721e-01 8.688625100098299470e-01 8.622688539163474442e-01 8.689363043043660806e-01 8.703487947133171643e-01 8.689119379929816089e-01
2.239809843644742157e-02 9.441548612300319776e-02 4.235975383026884811e-01 6.677720538774019055e-01 4.838285065850397859e-01 5.586277156933541210e-01 7.531324337325963070e-01 7.464776601930076527e-01 7.384415158669557222e-01 6.660589594575270223e-01 8.450264846468085178e-01 1.000000000000000000e+00 8.083341543717940114e-01 8.054098954953837763e-01 8.652955570321712031e-01 8.630876562352883807e-01 7.302115823014098117e-01 5.495914878069558807e-01 6.471145736734806864e-01 5.738924440171290220e-01 6.291256296800242787e-01 7.193620566214020684e-01 6.724177087010186904e-01 6.664807138584245561e-01 6.615002690366683646e-01 7.687429990348527697e-01 7.838546040712703888e-01 7.847989008657060284e-01 7.272757312266437957e-01 7.344068859458249277e-01 8.172431636879138317e-01 8.179968732734103076e-01 7.432804903707853628e-01 8.125140483680219905e-01 7.318487865694042194e-01 8.426706446463503308e-01 8.054990777424424486e-01 8.146594856264897100e-01 8.498339292927934441e-01 8.395150739131945761e-01 8.862558095928161350e-01 8.696661568489667538e-01 8.948949146644912256e-01 9.055121551335431063e-01 8.849979066313853338e-01 8.562522894183427491e-01 8.871439443479406384e-01 8.827716425890533847e-01 8.919361540562243951e-01 8.592748816364644826e-01 8.670659477923629010e-01 8.772962397051624617e-01 8.987748430036122116e-01 8.542048118508110965e-01 8.584987599333184782e-01 8.526361692559537575e-01 8.689971695392028073e-01 8.849380697625969239e-01 8.555999937482592355e-01 8.993610486529699521e-01 9.063261027287520255e-01 8.781581303323371390e-01 8.613902745647913362e-01 8.805216789492734675e-01 8.796550599156220951e-01 8.866596086452027681e-01 8.893602745248617714e-01 8.668011130218443716e-01 8.681553443735980924e-01 8.636051823000825411e-01 8.775316753220221422e-01 8.771595128062624758e-01 8.617777992887157845e-01 8.570336112339037582e-01 8.905297428528738957e-01 8.947575854017311148e-01 8.893424407143506460e-01 8.690072162679951528e-01 8.818950619470115049e-01 8.758625960451787984e-01 8.735651302247522398e-01 8.931821068183337653e-01 8.902384556127764803e-01 8.552286747871857830e-01 8.880833637641265543e-01 8.830561977432149767e-01 8.876295100114821590e-01 8.811634004655287677e-01 8.847775201405183587e-01 8.817482393059831169e-01 8.848781743018330204e-01 9.023762621151545371e-01 9.066366609762803730e-01 8.980908532009569401e-01 8.952817976272483547e-01 8.935235058914724471e-01 9.093018861221967564e-01 8.967836917867896274e-01 8.972782723153051032e-01 8.932133731119777931e-01 9.145501294528571856e-01 8.910436528029634928e-01 9.076383628003965587e-01 9.109943101569704105e-01 9.053503214205446126e-01 8.897212542646693034e-01 8.956631099601697343e-01 8.866702219059711121e-01 8.829237351002325873e-01 9.002234501220521823e-01 8.903200710947917207e-01 9.020412759400997516e-01 8.890596928180841685e-01 8.970458403322318919e-01 8.940941054177433678e-01 9.005406685262736799e-01
8.545124140672526181e-02 1.224457125968366755e-01 3.463102331287893354e-01 4.919258616636999482e-01 4.838443686777832986e-01 5.146659428947123471e-01 7.129549725239474611e-01 7.018700588395961892e-01 7.353113637449876228e-01 6.623341699763088952e-01 7.721437506587108812e-01 8.083341543717940114e-01 1.000000000000000000e+00 7.541193299965285313e-01 8.211577883770369013e-01 8.332283364767255618e-01 7.130730650869301357e-01 5.620435769212485111e-01 6.308724598959400964e-01 5.621938357729593383e-01 6.046967926034269025e-01 6.819850401545038965e-01 6.757136255359955657e-01 6.600999859395029201e-01 6.563135140591342953e-01 7.500722471606917630e-01 7.560408275573515802e-01 7.668432643403451099e-01 7.030368407920850604e-01 7.453782671276812932e-01 7.942111727494460816e-01 7.894654361089804562e-01 7.365547061578622268e-01 7.820460780239549825e-01 7.478942743794281256e-01 7.903110105531914176e-01 7.964615237290961769e-01 7.936476346288530159e-01 8.240426232309169263e-01 8.005116803576337592e-01 8.468025434563262177e-01 8.328140783398965130e-01 8.198595830245377636e-01 8.524004980772760254e-01 8.395097637676661728e-01 8.296574710128727936e-01 8.469406988278949111e-01 8.488738302860883156e-01 8.417001548420359747e-01 7.970795584123318012e-01 8.204743926081399241e-01 8.065739474721621560e-01 8.275158193236715753e-01 8.261280717697108145e-01 8.250687871105042426e-01 8.202355153428992907e-01 8.204090066324073449e-01 8.481185534319413133e-01 8.221982041178884648e-01 8.597766622560840677e-01 8.509400575500247754e-01 8.377615998199382519e-01 8.220805320569902763e-01 8.356469402750260622e-01 8.429536359921315780e-01 8.431067223772328312e-01 8.486236324461958747e-01 8.358255107909470238e-01 8.402523815387591410e-01 8.281834312684371868e-01 8.405843538369277557e-01 8.403685138607703831e-01 8.268969093021877326e-01 8.298594411254687220e-01 8.572292984673207661e-01 8.548226839691601686e-01 8.489512076548370034e-01 8.339854439096408001e-01 8.461382855718164731e-01 8.482206927045221612e-01 8.463944088874254534e-01 8.534312136783093194e-01 8.476549994251914022e-01 8.364884512478507617e-01 8.407361289749327726e-01 8.455337872525752196e-01 8.503986429493252119e-01 8.440871652224646304e-01 8.522058974112309837e-01 8.474688239606777973e-01 8.511460677374108608e-01 8.572953314416055237e-01 8.568364663361160982e-01 8.591236839637200751e-01 8.512571084346839401e-01 8.526509373899846533e-01 8.442671440148378226e-01 8.404613850027717881e-01 8.492748972355181891e-01 8.465719506831894670e-01 8.559642886643766824e-01 8.471634674166635959e-01 8.502571462338236463e-01 8.604855077471432745e-01 8.546950028761137741e-01 8.433702636851893031e-01 8.493421661511862952e-01 8.497456514652955706e-01 8.473510532690617936e-01 8.553988843116909768e-01 8.517503473089707011e-01 8.601053115089496437e-01 8.479479906421177882e-01 8.547140332496577786e-01 8.538708623842026224e-01 8.548566393003601549e-01
