1.000000000000000000e+00 9.384046031991249981e-02 3.305995829458803492e-02 7.689399919168436737e-02 5.773191827727774256e-02 -4.154322429694325483e-03 2.524983045707161061e-02 4.981077674381894499e-02 9.602358994030651962e-02 2.701398194741365041e-02 2.743098737813805515e-03 2.208163370024319658e-02 2.599368411139703350e-02 5.979001664092961242e-04 1.214303937315145722e-02 2.500187520890442827e-02 8.313099067695597921e-02 -1.099495484453404809e-02 5.534872309852429013e-03 6.909071858956533640e-02 4.732837059445365452e-02 4.692566218886595059e-02 6.343992332728436503e-03 -1.502854893728534751e-02 -9.955156461819570160e-03 2.536184340784370522e-02 -1.460530466773116067e-03 -2.120457345278668401e-02 4.497438395298805625e-02 -1.176218433015446992e-02 1.375633995734242866e-02 7.332768147526525643e-03 -2.134433576844562905e-02 -3.018679926898535509e-02 -6.003273411149088676e-03 -3.227395965555800161e-02 -3.283450687874611695e-02 -2.991024809643845830e-02 -1.764380756430245639e-02 -5.546754901139444582e-02 -5.948834389728613597e-04 -2.856204417158586181e-02 -1.754028968542133832e-02 -7.779584199617743320e-03 -1.751541383284410669e-02 -1.022539936693113959e-02 1.053630471503462160e-02 1.451733179726358638e-02 1.850597190369486847e-02 -1.077564328660543698e-02 -6.006191564477209250e-04 1.507842444699137121e-04 1.530961125434420096e-02 3.327380315156359958e-02 3.680850954399399189e-02 -4.542995536951048054e-03 6.216810086446376143e-02 -1.446030081320666188e-03 1.199237889981257313e-02 3.834151393651187567e-02 1.038723770059273889e-02 2.923986714163048090e-02 2.666277200907956821e-02 3.483705954536510385e-02 4.148442290711612523e-02 4.765684326740601134e-02 1.456401437619062912e-02 5.918233416151752121e-03 1.486261091147986386e-02 2.153475057950741262e-02 1.576287416256518664e-02 8.360574240516088773e-03 3.205704025722265222e-03 -8.570392404840272010e-03 1.268355156758872899e-02 4.967090649811005745e-03 2.975954557363150697e-03 2.908162352858105482e-02 8.797628138779921628e-03 1.145187751894338919e-02 -2.838667150356365826e-03 1.001038091887338638e-02 1.538613962278747617e-02 7.908852519479066603e-03 -1.608962429297837102e-02 -7.201885902978711652e-03 -8.250078435163180762e-03 -2.313993636744163338e-03 -2.968678217344221815e-03 -2.164924044235311523e-03 -1.148650046320762869e-02 -8.997930748333514417e-03 -4.710486613434157477e-03 -7.275725794578907259e-03 6.558130984206172846e-03 9.685568443357963492e-03 -1.005495416184139235e-02 3.498798223025065962e-02 6.271630659499575003e-03 2.975633770308161105e-03 -7.451615059339847247e-03 1.359040922696952945e-02 1.061901711697561639e-02 -8.101255835171657657e-04 -1.439017496676484346e-03 3.834690061291232827e-02 2.202014183869114780e-02 1.068855999343570201e-02 1.200791297029221716e-02 1.079713526664089970e-02 -1.131653488989973772e-03 2.282776170992169631e-02 1.567950534125803555e-02 1.730087272436102094e-02 2.551962834427369195e-02 3.489741196450140553e-02
9.384046031991249981e-02 1.000000000000000000e+00 5.859034704232640722e-02 1.166090476905523171e-01 1.100496959522292151e-01 8.981459841381626841e-02 1.358976159958786845e-01 1.414371134796460761e-01 1.658500921212877344e-01 1.308441653808923577e-01 1.356689863251811234e-01 1.522857440335081691e-01 1.536254394690168557e-01 1.417499536197205645e-01 1.514564220141357276e-01 1.662111434855010894e-01 1.633993815444406417e-01 1.182426264438635466e-01 1.304782826356287173e-01 1.608622882878962823e-01 1.281648606268191992e-01 1.408753885103272152e-01 1.392868576487776289e-01 1.224584094093336267e-01 1.088815928429308633e-01 1.583174495721221264e-01 1.376013835540549624e-01 1.374883708410647998e-01 1.712823140605620742e-01 1.296979957496690039e-01 1.611915909831433680e-01 1.535111578378897113e-01 1.272626174001624810e-01 1.264993902326378150e-01 1.254927357452906844e-01 1.244414320211045394e-01 1.355751357546104430e-01 1.454197115927318984e-01 1.464009122768080151e-01 1.323413396359436056e-01 1.543236826319799859e-01 1.468538246404009762e-01 1.376984774558014657e-01 1.533213834501518658e-01 1.507034139275381657e-01 1.485998374214018980e-01 1.703473321396080375e-01 1.655825152293948221e-01 1.679569297071067113e-01 1.471476684063359464e-01 1.595100402701647158e-01 1.397789522124329165e-01 1.642456317600953508e-01 1.699411974725419661e-01 1.722666462561162903e-01 1.620039046269515504e-01 1.799745940086381890e-01 1.537520246223831322e-01 1.662907157078421516e-01 1.721689252557744854e-01 1.633867584808391948e-01 1.695889999984092900e-01 1.662497243294593363e-01 1.721060431416970293e-01 1.747355567766454842e-01 1.722799499352714592e-01 1.633789156774249629e-01 1.582518614344966268e-01 1.625075927593351011e-01 1.682128607084855676e-01 1.582360559197552308e-01 1.554606077378643814e-01 1.552318233219636134e-01 1.440969673565847819e-01 1.666637118256597272e-01 1.556392508190821700e-01 1.605455184853693817e-01 1.699441009324439145e-01 1.607818157282459304e-01 1.648406934577263672e-01 1.531673277395675103e-01 1.669914803253338687e-01 1.645467248795017545e-01 1.584924491084666875e-01 1.515361852795402975e-01 1.534079786380546095e-01 1.508546409102970998e-01 1.603693427706286978e-01 1.554526829870688520e-01 1.588593834567843810e-01 1.549164633510730915e-01 1.542498388609967741e-01 1.548451500402503733e-01 1.555097651073851506e-01 1.651150330190223892e-01 1.666206054958656035e-01 1.573867225187859931e-01 1.665909157570973631e-01 1.628135614823957300e-01 1.631711293123174200e-01 1.514728918340324804e-01 1.629125859524098718e-01 1.586636601842963123e-01 1.582700181347918567e-01 1.535124764688835797e-01 1.736968497136618106e-01 1.700292288599518920e-01 1.621759579203659596e-01 1.667738248353677621e-01 1.649697753667008493e-01 1.621540198899182328e-01 1.686310942529233026e-01 1.654821354487125695e-01 1.654767073384136589e-01 1.656445760032596581e-01 1.688671184689875537e-01
3.305995829458803492e-02 5.859034704232640722e-02 1.000000000000000000e+00 3.076337839061275004e-01 2.470687328309407460e-01 2.322798164865071402e-01 3.228349168357408372e-01 3.094151873170623013e-01 3.179285870270098791e-01 2.708222962186124794e-01 3.223347133711630397e-01 3.426496148925915475e-01 3.220372652834467830e-01 3.070880831798691868e-01 3.418736840304031910e-01 3.468302386302816731e-01 3.233004756133776025e-01 2.993902216149458284e-01 3.058721130012351241e-01 3.001168272850913143e-01 2.987687829192244848e-01 3.238500563089919404e-01 3.233317535756699002e-01 2.773249470847833908e-01 3.131098574889479846e-01 3.445078576557142891e-01 3.300178486662116439e-01 3.403810671844007540e-01 3.423925437218334200e-01 3.455517620154993641e-01 3.559746010084026135e-01 3.411235319041992509e-01 3.361131002518634170e-01 3.228181635396445426e-01 3.603341281429824905e-01 3.431404169494309264e-01 3.533232598375437017e-01 3.394478661296272959e-01 3.587667849834757505e-01 3.393806704968368448e-01 3.424894523953579961e-01 3.486555063759607109e-01 3.542932232284392580e-01 3.468534608057315949e-01 3.531996296196779350e-01 3.452995096316593404e-01 3.451157006889275514e-01 3.421658452156441377e-01 3.404457570188549331e-01 3.368749920064205150e-01 3.497632156194038222e-01 3.404387772818355806e-01 3.399142073497581351e-01 3.405232329233454647e-01 3.419391039483642980e-01 3.489677472396512381e-01 3.379682966805233613e-01 3.417462860085497822e-01 3.398854943669485373e-01 3.427110458049854591e-01 3.486475372910337600e-01 3.439559181740822202e-01 3.415101210868757842e-01 3.475713975761519081e-01 3.423773331961683652e-01 3.471664376907535043e-01 3.412947736860181824e-01 3.405678877892743817e-01 3.426975294513615600e-01 3.526935856719004003e-01 3.447680508040218417e-01 3.454043501913082181e-01 3.331003842997803943e-01 3.336806167986191562e-01 3.480104642557478312e-01 3.444821983210296645e-01 3.480193854585931224e-01 3.489892944877892034e-01 3.418090689536064652e-01 3.520074310310168375e-01 3.468969321896340774e-01 3.481284243574494508e-01 3.534255272754601718e-01 3.552585730273847830e-01 3.441384781336888077e-01 3.416767696569337764e-01 3.510796568802009299e-01 3.434296340475777587e-01 3.515201284181388997e-01 3.461817834580090403e-01 3.491467768039632769e-01 3.406092473284621502e-01 3.486501851956910758e-01 3.465832644969131238e-01 3.406100053605874423e-01 3.410353506497945109e-01 3.413641729961197635e-01 3.383646799873545330e-01 3.418296458357196754e-01 3.453412840901826097e-01 3.474613750016496416e-01 3.428847719220690649e-01 3.405202591572991655e-01 3.450994166283060105e-01 3.464237201300550684e-01 3.390020960761700453e-01 3.396463082823611423e-01 3.403283382553448644e-01 3.430912841733202989e-01 3.428839155615474588e-01 3.420728722461930382e-01 3.416114207122661339e-01 3.430325780890096654e-01 3.454049580436467370e-01 3.436695525907689786e-01 3.446955140744418777e-01
7.689399919168436737e-02 1.166090476905523171e-01 3.076337839061275004e-01 1.000000000000000000e+00 3.972772822631541190e-01 4.015542195069788378e-01 6.367673299249607677e-01 5.992125243571155835e-01 6.136580032870669887e-01 5.176964627171785072e-01 5.902205900557391249e-01 6.467399295879104892e-01 5.586735875176352950e-01 5.546853398461247808e-01 6.375085845445217503e-01 6.526531840520037875e-01 5.827322979310886053e-01 5.978449983906499732e-01 6.168957397878582771e-01 5.980154686809112663e-01 6.175441010926605578e-01 6.419063309325019340e-01 6.330531378322193925e-01 5.942949031437499974e-01 6.254265931344501483e-01 6.360671909351702791e-01 6.327167499247814408e-01 6.392419178243302635e-01 6.387506014732378112e-01 6.275392619232065261e-01 6.445693808444886708e-01 6.537948433164266770e-01 6.515201408543577211e-01 6.224336631379826512e-01 6.440379850861955857e-01 6.096939650749275685e-01 6.324196200673044554e-01 6.426128886659863149e-01 6.510902122751927035e-01 6.295705932426901574e-01 6.315029549605254422e-01 6.376863013405301706e-01 6.484580642168890074e-01 6.378683194818948188e-01 6.400786969828089479e-01 6.459728008046091707e-01 6.285499769771479839e-01 6.258680416832147486e-01 6.259821841682842170e-01 6.195664899074316834e-01 6.466173065136112674e-01 6.284083069328532112e-01 6.356940133146895544e-01 6.293607005478858429e-01 6.305264729799211487e-01 6.346587077637385610e-01 6.250698509739377462e-01 6.266542460574330287e-01 6.286425350099533738e-01 6.306344591621209084e-01 6.368737416143211982e-01 6.373045691300756044e-01 6.325936104350508016e-01 6.395692063547842032e-01 6.312343670335500700e-01 6.391286663972101101e-01 6.298513196930857205e-01 6.376251630959621775e-01 6.500424647316566107e-01 6.545269780279718841e-01 6.442372506446245595e-01 6.381219916606974962e-01 6.386502226897893264e-01 6.379186987063905079e-01 6.394528310183532627e-01 6.305026010569284578e-01 6.422162154766544173e-01 6.506165492158864083e-01 6.465006923332765609e-01 6.409527338851307432e-01 6.408737138201374695e-01 6.314125329185493740e-01 6.537662999320970059e-01 6.490292938276718271e-01 6.372690615565973493e-01 6.273092202888871372e-01 6.381741421698328143e-01 6.414058220166273250e-01 6.409137625725522813e-01 6.352552435810818743e-01 6.483224289584821332e-01 6.301637176877503688e-01 6.325566698434872404e-01 6.379053238599434739e-01 6.255546736466167657e-01 6.242450695201792188e-01 6.298049511159552472e-01 6.262341418964021411e-01 6.307026393907320116e-01 6.401874846605567493e-01 6.378484653309260954e-01 6.334094319439236287e-01 6.282583986249323793e-01 6.275369910234270820e-01 6.248301237913777006e-01 6.305718005951308491e-01 6.311287804586960259e-01 6.242090868396293901e-01 6.298281031599992641e-01 6.315069913560062975e-01 6.321421838133002291e-01 6.268275099234537073e-01 6.294585084630411886e-01 6.327687595401242371e-01 6.259708846220141121e-01 6.311443947726067538e-01
5.773191827727774256e-02 1.100496959522292151e-01 2.470687328309407460e-01 3.972772822631541190e-01 1.000000000000000000e+00 3.219080670259271137e-01 5.164380350541314391e-01 5.153172592447792244e-01 4.553686257523080760e-01 3.796343698683727896e-01 4.505159545271205657e-01 4.996511714555158523e-01 4.658832380567227704e-01 4.527235359191113528e-01 5.099464300990057541e-01 5.173707657237762714e-01 4.590162574379570426e-01 4.749069489779077502e-01 4.817255194030057308e-01 5.010371638421124985e-01 4.861127284801240456e-01 4.896353825499917822e-01 4.953425079634143358e-01 4.925067765521328744e-01 4.909140833313951346e-01 4.988391724071724043e-01 4.848813042983924348e-01 4.851691904486504225e-01 5.013830611214716848e-01 4.750087317798137310e-01 4.999001682527715040e-01 5.213661664346551650e-01 4.865029942668477325e-01 5.020580002821368737e-01 4.896458940180292707e-01 4.836921097697113869e-01 4.919617303242237449e-01 4.960444345990668857e-01 5.051867444539148710e-01 4.869917336234093064e-01 4.957827965601622200e-01 5.007877791916309773e-01 5.158327369609012614e-01 5.100542740266570396e-01 5.090861268880745305e-01 5.064109422877941524e-01 5.014046952637618570e-01 4.986465400462649633e-01 4.977463828684582370e-01 4.914791890984543943e-01 5.052303583147619293e-01 5.043844439704984195e-01 5.095535538941292630e-01 4.992023027612137454e-01 5.025873195908674429e-01 5.041225371772021235e-01 4.954236640384580559e-01 4.990058999109932558e-01 4.952866904947124671e-01 4.998580708217959523e-01 5.116142211911989257e-01 5.060633307964297334e-01 5.048315854145651871e-01 5.031109757904876911e-01 4.969462416590593734e-01 5.071995643218447647e-01 5.026219052821661037e-01 5.103309517801422057e-01 5.207070138355055500e-01 5.270658252188797910e-01 5.078336859271781467e-01 5.050322154998543311e-01 5.180205800178478981e-01 5.115566403445840349e-01 5.089070060558362751e-01 4.969483783892204021e-01 5.071883117242732553e-01 5.134523306212037674e-01 5.124239820379609123e-01 5.031786361512894379e-01 5.043065912151031283e-01 4.983004822654902299e-01 5.168717404687642736e-01 5.070209954021311916e-01 5.063815936312927590e-01 5.030128848691145516e-01 5.068927786582233530e-01 5.120045170787107525e-01 5.060468795653078056e-01 5.141209953797798438e-01 5.122462191492462846e-01 5.003834266031966793e-01 5.053976078893749335e-01 5.084936358615896879e-01 4.981306585510273388e-01 4.966335084942595235e-01 5.144697188726472525e-01 5.074942671437596697e-01 5.081943382398913522e-01 5.098037389574030520e-01 5.143447755775217844e-01 5.105519654266339469e-01 5.026646263505737400e-01 5.039782356270297026e-01 5.022017693413376449e-01 5.064627875517481170e-01 5.029532232691010796e-01 4.999854128190614477e-01 5.074455482387031369e-01 5.029323801532838978e-01 5.088918781324863749e-01 5.012878097160023971e-01 5.080457345961941762e-01 5.046370169685910900e-01 4.976873977077866940e-01 5.024052444074448287e-01
-4.154322429694325483e-03 8.981459841381626841e-02 2.322798164865071402e-01 4.015542195069788378e-01 3.219080670259271137e-01 1.000000000000000000e+00 5.486412736184365091e-01 5.281521986911650313e-01 5.528835635984722385e-01 4.972361390012948190e-01 5.480739700176200380e-01 5.947628043438688561e-01 5.484317494247988867e-01 5.499105046689602982e-01 6.103532245548232149e-01 6.009796874757703522e-01 5.403340834789102098e-01 5.436455069894520209e-01 5.686849404640924588e-01 5.090475996982882778e-01 5.330979757938100194e-01 5.722163129358077693e-01 5.845160057547941213e-01 5.419620151944296582e-01 5.706883148614710910e-01 6.040713568747909656e-01 5.963905284280657249e-01 5.934423826848436168e-01 5.914089941030309383e-01 5.870690870565007380e-01 6.100232832440942721e-01 6.021208161984679119e-01 5.763453242547900146e-01 5.908022119752153190e-01 5.896676624442912518e-01 5.914285263141032534e-01 6.034117381584661599e-01 6.098498110613043144e-01 6.239357207614324441e-01 6.011168762048575420e-01 6.096139528445032596e-01 6.168479031013546221e-01 6.109096425880760073e-01 6.198813764824310235e-01 6.094877110688698973e-01 6.176736092661104793e-01 6.171272122471429533e-01 6.163038384089973842e-01 6.150013775891115531e-01 6.030945569761396730e-01 6.154191393959587142e-01 6.018688706764149243e-01 6.125882746597738349e-01 6.142009605878746559e-01 6.123181368136328961e-01 6.169482693357672964e-01 6.049472309234661394e-01 6.133797145126796968e-01 6.186481571991574446e-01 6.126895894020280009e-01 6.195237953629650907e-01 6.185303010969938065e-01 6.148046515668502687e-01 6.172184000918069513e-01 6.065290790645185837e-01 6.095915054817643286e-01 6.160490656386180541e-01 6.157703456835857958e-01 6.144292203866955626e-01 6.195204824240686525e-01 6.173611029744899836e-01 6.177765971263841083e-01 6.068656192840732322e-01 6.137463841099117801e-01 6.209210383173933145e-01 6.167884823798671645e-01 6.206747350386936368e-01 6.151819460019992691e-01 6.204102021197267502e-01 6.188694184967362677e-01 6.216110967365432449e-01 6.163039033154251722e-01 6.183356806812341233e-01 6.168387794720601169e-01 6.192219380317912636e-01 6.152965872611395604e-01 6.219528470011466137e-01 6.201211555027418276e-01 6.255937486707442430e-01 6.171390037681843133e-01 6.201683854995205802e-01 6.203264484033752524e-01 6.221393590855157640e-01 6.216812159117252046e-01 6.182148055945773102e-01 6.171141296765213502e-01 6.108135856506459183e-01 6.037433283268205386e-01 6.175039890417645116e-01 6.209292284197296397e-01 6.203739013157547610e-01 6.162825203405966068e-01 6.149125006605414834e-01 6.170335410306595492e-01 6.155402105332048457e-01 6.086475320968712799e-01 6.157525843667680521e-01 6.168934261332104096e-01 6.190776273391034312e-01 6.179488738511282886e-01 6.196890366504381742e-01 6.145753496971969598e-01 6.178216356666654807e-01 6.158602998200445322e-01 6.112882763395410812e-01 6.133151659772301256e-01
2.524983045707161061e-02 1.358976159958786845e-01 3.228349168357408372e-01 6.367673299249607677e-01 5.164380350541314391e-01 5.486412736184365091e-01 1.000000000000000000e+00 7.772381826132209737e-01 7.651717641251746249e-01 6.900283473007300383e-01 7.532831242259704352e-01 8.248495425684710947e-01 7.530953266590484363e-01 7.588155889830385803e-01 8.581422781866363536e-01 8.374196083581285643e-01 7.536497866462086304e-01 7.558046888092023741e-01 7.799681535937591503e-01 7.535828125719028492e-01 7.469938998662639662e-01 7.932384453697277626e-01 8.180084284996754773e-01 7.661471733499155556e-01 7.886436599350776788e-01 8.386870385274729500e-01 8.280433885827565010e-01 8.419953886934503640e-01 8.180344659056598688e-01 8.284907292087086983e-01 8.448220274762671123e-01 8.515175512456717444e-01 8.284444621094118055e-01 8.298921337047716618e-01 8.333762675495525185e-01 8.082444432726421102e-01 8.354824307562656038e-01 8.434318070906705600e-01 8.518148005349890362e-01 8.320533548460093964e-01 8.433499829923083446e-01 8.493425013650934829e-01 8.548879246139412524e-01 8.475270803524084240e-01 8.469158293387955005e-01 8.564035155357396789e-01 8.344222519906389079e-01 8.332408889716083067e-01 8.327267296797262741e-01 8.244324652341139537e-01 8.454587522529765087e-01 8.317008231904063909e-01 8.383327987983811846e-01 8.281754590177189401e-01 8.239693595004032867e-01 8.430070207618558520e-01 8.146534857536845697e-01 8.345033216545797439e-01 8.306490403265242017e-01 8.291536639664438546e-01 8.403460250177402502e-01 8.361374267832557550e-01 8.273284378387876226e-01 8.342842250803297333e-01 8.294621044794120435e-01 8.320003201193114650e-01 8.369005277065192372e-01 8.398318812521873289e-01 8.522172784759943776e-01 8.497202730344802779e-01 8.391432571041139710e-01 8.422115607904289147e-01 8.378192762112661729e-01 8.387838295387956000e-01 8.487520252375669871e-01 8.434945767778930792e-01 8.510195809549940815e-01 8.456082736137977562e-01 8.533342324510634347e-01 8.480128974869177716e-01 8.492338437806777884e-01 8.375646180101797844e-01 8.553482712131063037e-01 8.537345572810050021e-01 8.491860858344143503e-01 8.404942407329616394e-01 8.491410608980919372e-01 8.537568878381007753e-01 8.515878935360140511e-01 8.466278862348718404e-01 8.580273456195968151e-01 8.445177928150405799e-01 8.464425682456633293e-01 8.509265517533373124e-01 8.363169390863275376e-01 8.338188042804081102e-01 8.393213660177958335e-01 8.283007062269802656e-01 8.424669708608799601e-01 8.510239210663610443e-01 8.508305956176627216e-01 8.402215512689650279e-01 8.391758391630392833e-01 8.408303162475243564e-01 8.393428656510869557e-01 8.273265360283624803e-01 8.362369676432505061e-01 8.350589872434693861e-01 8.391287272473584302e-01 8.409317685376124230e-01 8.450221204079475523e-01 8.335403148942989171e-01 8.375886434462324059e-01 8.382763125099736978e-01 8.326263543985928939e-01 8.343746240549899662e-01
4.981077674381894499e-02 1.414371134796460761e-01 3.094151873170623013e-01 5.992125243571155835e-01 5.153172592447792244e-01 5.281521986911650313e-01 7.772381826132209737e-01 1.000000000000000000e+00 7.515209337199124651e-01 6.661364212699373288e-01 7.345325765988663935e-01 7.984638042232166111e-01 7.362678625921679210e-01 7.262268957334090391e-01 8.228032797808194632e-01 8.302890256911369393e-01 7.275330909691568593e-01 7.339974356579748171e-01 7.471744838120230048e-01 7.460676475022939291e-01 7.394839094173188965e-01 7.712362855991424793e-01 7.852579274493338701e-01 7.456459684518548237e-01 7.577476520798294146e-01 8.015011621005088127e-01 7.840050627552109797e-01 7.870608610560374530e-01 7.944419331082951397e-01 7.832324139412824016e-01 8.087234389702311343e-01 8.197320711748403710e-01 7.822657856991581671e-01 7.920341945233685399e-01 7.865850550353450377e-01 7.669715672263253126e-01 7.935825672642892181e-01 8.132901523938509403e-01 8.144340810665480213e-01 7.821608982821769418e-01 8.076527484460700457e-01 8.120021898637683755e-01 8.160167279639489735e-01 8.140903403686510220e-01 8.076516339372284969e-01 8.179016526997634484e-01 8.116751656028338147e-01 8.070815155687679487e-01 8.109150424038626959e-01 7.942230944836562445e-01 8.196137932268258153e-01 7.965086825728748821e-01 8.053168385940621121e-01 8.072674395735829345e-01 8.095229035278286300e-01 8.126990418204170785e-01 8.093090101750762821e-01 8.075199910143159299e-01 8.157267618828648592e-01 8.056101329911463660e-01 8.195095301212642624e-01 8.161327616742931612e-01 8.156523662098242866e-01 8.151337191299403706e-01 8.012934044305781711e-01 8.137090538974796061e-01 8.063280828730149397e-01 8.143466528443686903e-01 8.230943927892333534e-01 8.321356301206984662e-01 8.152708871523790535e-01 8.127403941735859005e-01 8.151907386351738838e-01 8.063747607643935167e-01 8.169182779189345656e-01 8.048195536466871136e-01 8.135407130001927056e-01 8.189730812146260863e-01 8.180997202949268354e-01 8.162980740273635405e-01 8.129146369568730490e-01 8.066420302723611435e-01 8.236346611993893285e-01 8.169695572645088166e-01 8.163124440470992393e-01 8.079467794059994601e-01 8.117851721019762046e-01 8.232884938962267141e-01 8.184363904469246220e-01 8.174475921245397680e-01 8.176805849469442888e-01 8.085862056774003603e-01 8.109719773717508629e-01 8.159003646131740561e-01 8.075104072278659340e-01 8.045169079975446058e-01 8.155136473872892644e-01 8.075462933058751291e-01 8.158876473046524636e-01 8.187321356323843391e-01 8.187381992935385266e-01 8.185838609448733427e-01 8.069396477348651509e-01 8.126353811075863742e-01 8.037620622309186169e-01 8.106617719510736952e-01 8.123395728111183489e-01 8.080332347013226002e-01 8.126656902383949665e-01 8.122432558884975506e-01 8.181121356727667493e-01 8.076952815104478933e-01 8.126686639568562187e-01 8.120719148710561219e-01 8.006448963306416200e-01 8.074685968690449300e-01
9.602358994030651962e-02 1.658500921212877344e-01 3.179285870270098791e-01 6.136580032870669887e-01 4.553686257523080760e-01 5.528835635984722385e-01 7.651717641251746249e-01 7.515209337199124651e-01 1.000000000000000000e+00 7.483503843979606440e-01 7.896785859889632331e-01 8.527361598714844337e-01 7.779242544236940615e-01 7.908622167089820465e-01 8.618965081040930176e-01 8.571519087701532369e-01 8.227284089882687113e-01 7.621337310364305617e-01 8.016977307681971698e-01 7.382387001199275378e-01 7.558074779482726324e-01 8.152416565147768690e-01 8.213639775323038350e-01 7.583992664828262953e-01 7.820308389306414032e-01 8.634127618889617661e-01 8.424774813719179134e-01 8.316673178822475698e-01 8.532534842379678741e-01 8.363051601160648163e-01 8.788974674472469495e-01 8.592220538307688837e-01 8.105841049062724180e-01 8.277643090376560764e-01 8.293133003681775195e-01 8.121460204867513299e-01 8.411991340133134765e-01 8.486842879189516742e-01 8.633902010593774712e-01 8.235935815858357323e-01 8.755547457521276611e-01 8.601950571003279533e-01 8.551121295374963793e-01 8.746142439665860469e-01 8.627244080956043559e-01 8.662336453116885604e-01 8.851381452904805158e-01 8.872964479925795622e-01 8.820230998128851807e-01 8.337981530158827814e-01 8.687299288878885806e-01 8.460910154697102170e-01 8.739008727955672740e-01 8.896798105458807449e-01 8.844400015874084309e-01 8.765748003723207171e-01 8.863072128055905496e-01 8.751294823440652904e-01 8.798665597050697729e-01 8.927122209471063385e-01 8.797164429766906046e-01 8.910415627941197236e-01 8.816423943340642166e-01 8.889071622982080978e-01 8.895387608223106479e-01 8.930486555587654474e-01 8.858899642356142801e-01 8.808972489656343718e-01 8.843182704044845188e-01 8.843441097765349923e-01 8.812902774146589291e-01 8.850865650146279018e-01 8.662141743655373816e-01 8.674801555995454994e-01 8.881414142827540603e-01 8.816744286378753737e-01 8.825599750709863800e-01 8.871304942959428175e-01 8.814297656344179943e-01 8.875361582500592705e-01 8.826253021269192534e-01 8.853799674414760679e-01 8.880383973086285465e-01 8.837809348841989543e-01 8.719059599613699918e-01 8.740171582428747366e-01 8.770047497319504171e-01 8.818477686037470287e-01 8.812623508513295345e-01 8.824389626431994316e-01 8.743764381211234227e-01 8.794511793701187408e-01 8.799943261174852926e-01 8.813419456882557457e-01 8.858711300701361813e-01 8.851020371009103993e-01 8.642604701258652655e-01 8.756292925833977225e-01 8.809194488837646109e-01 8.812327994496900185e-01 8.756670347252328845e-01 8.839905339960570929e-01 8.819857561798166712e-01 8.820588797880463128e-01 8.753586154858729040e-01 8.902846630172613906e-01 8.888150340916020076e-01 8.855236768696933547e-01 8.871241493983623716e-01 8.873730697421178260e-01 8.834014728041221787e-01 8.903997983746149147e-01 8.873112793170013779e-01 8.874594750120765596e-01 8.886330871705282464e-01 8.917720312916259662e-01
2.701398194741365041e-02 1.308441653808923577e-01 2.708222962186124794e-01 5.176964627171785072e-01 3.796343698683727896e-01 4.972361390012948190e-01 6.900283473007300383e-01 6.661364212699373288e-01 7.483503843979606440e-01 1.000000000000000000e+00 7.271283341200331929e-01 7.855932889532205587e-01 7.070755293147283904e-01 7.475610819316126365e-01 7.938815488001000897e-01 7.826365532465280328e-01 7.441790310467536473e-01 6.832406000840023363e-01 7.156913875672684666e-01 6.532911053542235225e-01 6.622546803224148571e-01 7.224355143733981466e-01 7.559115686519533028e-01 6.838200518806268891e-01 7.066394273126068715e-01 8.023242094605826935e-01 7.761120591059021967e-01 7.700165632006525929e-01 7.741325886485933561e-01 7.641576994246731536e-01 8.117986456243259097e-01 7.901413443571737583e-01 7.463150288490315587e-01 7.716462483518582438e-01 7.614492110808781522e-01 7.488129497116186029e-01 7.790018301985349725e-01 7.967572852533681971e-01 7.999475823936820218e-01 7.692676020824477101e-01 8.162987802669918747e-01 8.061627241894621099e-01 7.909733366728144421e-01 8.153390862721509036e-01 8.025475194097374532e-01 8.018726447471572483e-01 8.232280603950383746e-01 8.247715650307549939e-01 8.223951416039938511e-01 7.819307670691927337e-01 8.067745809599184970e-01 7.793402484629350369e-01 8.049477285959296680e-01 8.236644700229849292e-01 8.130865856070065290e-01 8.164867907747528353e-01 8.099967271239977284e-01 8.142580185970882400e-01 8.177937078563508599e-01 8.236272427125670426e-01 8.179591541105178942e-01 8.219829546579099366e-01 8.115793949575426103e-01 8.220276340045155061e-01 8.147964132782388180e-01 8.166040781333567811e-01 8.212057487729339522e-01 8.112455867204478865e-01 8.109461182711756866e-01 8.085495438685922354e-01 8.109799870226298557e-01 8.183345827063248645e-01 7.943907324438235218e-01 7.976039006530452058e-01 8.229519151995031701e-01 8.191356568968618523e-01 8.143547504957630023e-01 8.105783934133885538e-01 8.130570696936961772e-01 8.202647696075180406e-01 8.192768650798535335e-01 8.242854743339882440e-01 8.132240824537598778e-01 8.160685084328191952e-01 8.098009520296847175e-01 8.140822541171782722e-01 8.137256856420250761e-01 8.169541509682368696e-01 8.180456040494370473e-01 8.150854939236130692e-01 8.096542004540187021e-01 8.209254130001126804e-01 8.174772607209075392e-01 8.192334055387849867e-01 8.255777847152270255e-01 8.252984911076262087e-01 7.963084174434166274e-01 8.038392940141034781e-01 8.164558538438767554e-01 8.166616766434444674e-01 8.118434097734843480e-01 8.150674577330514481e-01 8.188358475301290573e-01 8.215221722257297632e-01 8.164123421740397957e-01 8.137184676165167829e-01 8.228987399321756602e-01 8.232033542833728790e-01 8.208972790774164974e-01 8.237231489229429604e-01 8.201436029180735332e-01 8.253358770003823563e-01 8.224080147895382886e-01 8.224571120949147884e-01 8.222747634711832232e-01 8.218916215196584441e-01
2.743098737813805515e-03 1.356689863251811234e-01 3.223347133711630397e-01 5.902205900557391249e-01 4.505159545271205657e-01 5.480739700176200380e-01 7.532831242259704352e-01 7.345325765988663935e-01 7.896785859889632331e-01 7.271283341200331929e-01 1.000000000000000000e+00 8.453791069255125468e-01 7.615190059997131167e-01 7.946917399845332408e-01 8.582264792933372854e-01 8.486068362524233910e-01 7.853492126229598691e-01 7.681276243275076965e-01 7.993514115957175425e-01 7.136120906782569273e-01 7.564581336002667022e-01 8.027080744710952676e-01 8.132465711155164589e-01 7.669396977986433495e-01 7.951637915784194321e-01 8.511431970148587434e-01 8.324979152834801610e-01 8.337827473233070386e-01 8.366381872647962181e-01 8.327071118240647607e-01 8.748184466971482554e-01 8.526750458766972907e-01 8.222329287876442017e-01 8.404743661591800308e-01 8.324585618133406584e-01 8.227642311881494530e-01 8.556431225370878524e-01 8.590210897867689432e-01 8.734630761927647535e-01 8.416328518341628095e-01 8.680930693284810706e-01 8.681756882591383784e-01 8.635872237566838416e-01 8.730861955977743394e-01 8.666403554227898320e-01 8.700251285989661909e-01 8.736359797690582685e-01 8.747550578180497416e-01 8.703009502854472945e-01 8.462127051942875955e-01 8.681547853217691513e-01 8.511085493039315386e-01 8.585663614578437075e-01 8.713313562629320108e-01 8.643148938388617308e-01 8.737150663574470011e-01 8.543878192154028550e-01 8.716371334658464809e-01 8.712325245957180941e-01 8.726519451867967847e-01 8.745580630965857916e-01 8.741759305332587049e-01 8.639551760256610757e-01 8.745017672479392656e-01 8.647741446085668304e-01 8.707723959619334542e-01 8.765941226455025159e-01 8.736877524092190317e-01 8.702507548269130533e-01 8.721081642620490681e-01 8.759621699468462808e-01 8.783820343652016804e-01 8.622594475619194121e-01 8.683583906546431530e-01 8.794923362079491991e-01 8.777868053844872787e-01 8.771080802674976473e-01 8.730399651910165648e-01 8.766626086079549740e-01 8.775401022317241839e-01 8.774943254283134042e-01 8.763967028360928335e-01 8.768428506108149056e-01 8.751297359834053768e-01 8.760318705595170341e-01 8.726456935564492756e-01 8.761094223406726833e-01 8.770467107176124211e-01 8.798059297533297185e-01 8.753264797326989477e-01 8.756469047919583915e-01 8.760963801657549732e-01 8.775769752870291596e-01 8.795464996250983436e-01 8.764879937954682676e-01 8.755699592213043170e-01 8.585096551511293139e-01 8.573059270420100297e-01 8.721852723119358775e-01 8.755970632185818836e-01 8.762877569139194689e-01 8.727295770286555010e-01 8.726227717753989310e-01 8.766744477470770347e-01 8.740958209978825222e-01 8.640564753918582586e-01 8.735808340763870916e-01 8.757126703889219765e-01 8.750821884160346897e-01 8.760751276095203322e-01 8.752639292812233185e-01 8.744085676248583017e-01 8.740386611231421021e-01 8.754372777079238999e-01 8.719071560044469038e-01 8.725122967566018017e-01
2.208163370024319658e-02 1.522857440335081691e-01 3.426496148925915475e-01 6.467399295879104892e-01 4.996511714555158523e-01 5.947628043438688561e-01 8.248495425684710947e-01 7.984638042232166111e-01 8.527361598714844337e-01 7.855932889532205587e-01 8.453791069255125468e-01 1.000000000000000000e+00 8.294418946354620292e-01 8.522589205235406862e-01 9.277946174581843675e-01 9.119106142895572198e-01 8.474337745384015186e-01 8.146344522943564925e-01 8.582168588673375620e-01 7.700648658731263918e-01 7.982208522639003823e-01 8.617992380573793465e-01 8.783438088174092551e-01 8.182360340317970104e-01 8.534692838425231853e-01 9.224799375078792663e-01 9.033619885869053068e-01 9.045860021161077347e-01 9.083045285032785854e-01 8.977987110095163592e-01 9.448216900454877720e-01 9.201064600326499532e-01 8.847608806019829908e-01 9.023951786138404429e-01 8.962698858310852446e-01 8.871595361783871647e-01 9.184647287634299939e-01 9.266104109656824184e-01 9.365280075885581423e-01 9.038935062369135576e-01 9.379505426808807389e-01 9.362998991863352716e-01 9.297571251584541008e-01 9.434058996569404387e-01 9.347488604846750926e-01 9.377803414140438720e-01 9.434169379208391382e-01 9.438327161764880069e-01 9.401660407360378224e-01 9.102043643405951512e-01 9.362683034558320072e-01 9.154946736529142592e-01 9.297728590783262970e-01 9.411547157826327670e-01 9.322837258149471173e-01 9.422760551865584366e-01 9.250386537430178580e-01 9.381684767624487442e-01 9.393782050639387649e-01 9.415610805329681643e-01 9.440225098113841362e-01 9.450905621482519336e-01 9.366392210439882238e-01 9.434380419367351944e-01 9.359683345921288034e-01 9.387213912232206248e-01 9.434352559490071233e-01 9.395582490357170524e-01 9.387309754910480031e-01 9.372477515134240988e-01 9.418676776457289845e-01 9.454001501208272318e-01 9.241760609721875186e-01 9.323999219119120108e-01 9.469301540841065234e-01 9.450279682751366872e-01 9.461197896440309840e-01 9.419335189671247388e-01 9.450500515551465419e-01 9.469279054308242793e-01 9.470833754247580671e-01 9.463048816013843734e-01 9.436274663425128217e-01 9.450940645034638932e-01 9.405770105999737840e-01 9.397493758004317188e-01 9.457574520454410383e-01 9.458336134461041711e-01 9.482184697126083694e-01 9.421040433350548193e-01 9.438562209015692872e-01 9.457995687252939154e-01 9.468702304250589119e-01 9.479892807487331208e-01 9.446414607961259868e-01 9.447410095878207015e-01 9.273361842059554272e-01 9.269968704720187302e-01 9.421388163391144488e-01 9.444223821938922958e-01 9.435189544830622221e-01 9.424201503542153358e-01 9.413838848375245538e-01 9.457449261411483565e-01 9.417651075346790135e-01 9.360593331716979826e-01 9.425185601589269879e-01 9.447869635495947938e-01 9.442474746000689700e-01 9.457740213244792971e-01 9.443812296098581527e-01 9.441779294959899982e-01 9.447519496469589662e-01 9.445860067329626686e-01 9.410498919943620644e-01 9.425239457758635142e-01
2.599368411139703350e-02 1.536254394690168557e-01 3.220372652834467830e-01 5.586735875176352950e-01 4.658832380567227704e-01 5.484317494247988867e-01 7.530953266590484363e-01 7.362678625921679210e-01 7.779242544236940615e-01 7.070755293147283904e-01 7.615190059997131167e-01 8.294418946354620292e-01 1.000000000000000000e+00 7.796288907829559411e-01 8.501708861063513867e-01 8.395324847751945985e-01 7.768514177274573607e-01 7.454958578266284164e-01 7.822874987792965973e-01 7.170283672305898248e-01 7.266776261526972647e-01 7.785542204695388158e-01 7.930043276658231832e-01 7.413089562151302658e-01 7.718462261999093910e-01 8.452080783551411125e-01 8.239097084733626453e-01 8.237416407633199045e-01 8.195832195458577774e-01 8.120966458578212643e-01 8.537496386652470015e-01 8.380735108622021645e-01 7.964875553423952370e-01 8.176852048425290453e-01 8.115824647380444068e-01 8.072300528823013188e-01 8.343572987806088248e-01 8.391716024416785435e-01 8.521884962888747195e-01 8.203655023323931372e-01 8.625531868086538934e-01 8.531892967543874828e-01 8.479967480399513979e-01 8.587780036800508610e-01 8.517669500850880704e-01 8.502359026463236491e-01 8.593302048499150692e-01 8.577643198944835401e-01 8.540346744160579595e-01 8.232501145300302747e-01 8.498685960295967456e-01 8.337196308706147363e-01 8.484296478538301267e-01 8.571997072123471728e-01 8.461173057990216684e-01 8.571882212906223319e-01 8.389529288414834252e-01 8.611746319783620818e-01 8.530444875743170563e-01 8.581140606129222803e-01 8.627696077752837756e-01 8.564169792675825343e-01 8.520473879792017646e-01 8.578581998466286995e-01 8.532849342326876974e-01 8.542573225380621915e-01 8.601974347690656275e-01 8.565067559426651211e-01 8.565797089203431858e-01 8.543120255118730189e-01 8.564616430338348740e-01 8.609019650326559248e-01 8.411120828123219706e-01 8.487905042550594192e-01 8.630135800944324087e-01 8.602653606153782828e-01 8.597929226365476074e-01 8.532543558293690378e-01 8.592472940385427194e-01 8.628390442685480721e-01 8.628728193974030125e-01 8.619765494705136089e-01 8.609749314467656234e-01 8.601137347496012886e-01 8.567243658122829508e-01 8.558423633261280639e-01 8.601097085183985191e-01 8.607648166722118299e-01 8.645997420569607739e-01 8.600503199873434923e-01 8.596337626180845515e-01 8.624175740321290418e-01 8.618484535729351581e-01 8.640435836979116768e-01 8.618626636641364414e-01 8.612662318710624376e-01 8.483718506796779080e-01 8.466403538633434644e-01 8.603442597634152200e-01 8.603213794616423327e-01 8.619896836011352592e-01 8.596837862618877946e-01 8.599840538660885603e-01 8.642657176598442792e-01 8.606524271015112415e-01 8.512098823705223083e-01 8.585807197938709612e-01 8.619009511277264668e-01 8.608528393128798140e-01 8.621680731901160133e-01 8.618459483314687697e-01 8.617925494503845263e-01 8.606806152146782019e-01 8.624203854824297188e-01 8.593071919489445598e-01 8.598555337888384997e-01
