1.000000000000000000e+00 1.787981275200418996e-01 3.993971375275175151e-02 -7.150330323850137559e-02 2.222083632324067110e-02 -3.153919591326751707e-03 -5.900522885787773918e-03 3.793375418780887270e-02 1.999506633510754194e-01 1.248887440260958437e-01 1.946676992525393432e-02 -1.326624529432137919e-02 1.547522041356995566e-02 -9.338942950497915651e-04 3.924473221949826944e-03 2.813364129800609639e-02 2.143973724128742098e-01 1.993554436642291650e-01 1.744797676472411851e-01 1.381539317311581694e-01 1.668032400407712113e-01 1.156682258881924219e-01 1.975630389035347156e-01 1.733593790529499856e-01 1.611341021728308898e-01 1.628919432412425650e-01 9.737235173625299889e-02 1.217678161630568884e-01 1.392857305661754641e-01 1.662130754215292161e-01 1.256959247084329656e-01 1.177981275095349167e-01 9.093897516295144923e-02 1.380378993824769585e-01 1.615901349673694865e-01 4.816636494885596920e-02 8.289138817365372669e-02 4.014267227465383170e-02 6.872310451718048607e-02 2.461984927406078109e-03 4.645386030727841065e-02 2.120965453883857585e-02 2.646021310322256917e-02 1.486360226563762481e-02 5.534124512363001319e-02 2.093322499410232504e-02 1.641917148368572318e-02 3.551495411639842004e-02 2.082067364429975725e-02 2.503809053414082081e-02 3.965570592405803785e-02 2.237688651653252717e-02 3.161524399445280603e-02 6.865781172223411888e-02 8.700900019155803633e-02 6.720412865366989785e-02 8.313258993380727435e-02 3.195320735007260021e-02 4.550456154387819141e-02 6.114804885327936729e-02 3.914714131927281987e-02 4.229773026817697928e-02 4.900588970949842915e-02 5.380535344416251947e-02 9.327272461528060554e-02 9.376311488133698413e-02 5.818836317369120714e-02 6.333126841802386164e-02 7.664968578055927906e-02 6.292912686443137560e-02 3.348842913337263943e-02 6.681397944150675727e-02 8.074612622323079636e-02 5.283270564813313808e-02 5.405077070874166750e-02 3.694045414488558027e-02 3.295194193492791135e-02 6.465500252973938045e-02 3.830067522268301716e-02 6.650917851143135773e-02 5.901689535747968451e-02 5.209764308031297059e-02 6.103914490244041757e-02 7.625449522263949564e-02 4.306909509366834560e-02 5.503118865503405649e-02 4.765102607147164715e-02 1.468969932124497037e-02 2.239261049896456093e-02 3.984974538487959239e-02 -7.244099813767494733e-04 9.494292456032631458e-03 2.284481716384238748e-02 1.300113782385002928e-02 1.555629651624955596e-02 1.580170431271091247e-02 -1.424395359416789041e-03 6.182532502586639278e-02 2.923680253500547319e-02 1.935353277862240234e-02 1.483004807504203874e-02 2.380600050895638128e-02 2.034163640683052734e-02 1.362014729585430718e-02 3.697363233786177261e-02 4.000864229438385461e-02 3.787336102285115969e-02 3.298136269541324106e-02 4.791078136708524365e-02 2.309710993368629256e-02 1.867171654591962340e-02 4.240332017776990425e-02 2.073552628221404792e-02 4.061830006675762328e-02 5.624728165762032245e-02 5.201743328713327730e-02
1.787981275200418996e-01 1.000000000000000000e+00 1.064861027718174563e-02 -1.346082510037903759e-02 7.726027129189802500e-02 8.321980497710936009e-02 1.072888079211803125e-01 1.255805547691654922e-01 1.880976747096425039e-01 2.239585258898900144e-01 1.351510881844714129e-01 9.888009025649817374e-02 1.068244585209947584e-01 1.236633099408451231e-01 1.309592056383652170e-01 1.525693693175314836e-01 1.921587787052925211e-01 1.885664315886491360e-01 1.833652903359925257e-01 1.158642846641256136e-01 1.257184335480200643e-01 1.372592905079008385e-01 1.832715602551232004e-01 1.642911153320556761e-01 1.739780537186518539e-01 2.147568144173321592e-01 1.556135347307370798e-01 1.632457947226042816e-01 1.866815643382476186e-01 2.114105699443550035e-01 2.006115689559383186e-01 1.899330384869452049e-01 1.682687064376048869e-01 1.902457995363332488e-01 1.929563531468390658e-01 1.510785267891665562e-01 1.632462155333147258e-01 1.753015565416926880e-01 1.753724525742984819e-01 1.447575019872187341e-01 1.653872487144580350e-01 1.544786249138016820e-01 1.394571332138234698e-01 1.372902668473179322e-01 1.598826255835793242e-01 1.498993595393787459e-01 1.564249435305153924e-01 1.618515209495779150e-01 1.543668281827784150e-01 1.342440104481450736e-01 1.656853261110783626e-01 1.090407156658219079e-01 1.354963825506402542e-01 1.705937573716086175e-01 1.814956323336884281e-01 1.759404073323751205e-01 1.696867560965154564e-01 1.688318218253178626e-01 1.759762891863423107e-01 1.611448717509506579e-01 1.603277653629980037e-01 1.633489484428041205e-01 1.607410059074101671e-01 1.650976808802071538e-01 1.687330374609405936e-01 1.653702553572646006e-01 1.680088241675808114e-01 1.697309048306674950e-01 1.732890435414224661e-01 1.545256481874945631e-01 1.378259970393030387e-01 1.738697187858752324e-01 1.727323039316428499e-01 1.578082533682327870e-01 1.702040749545767895e-01 1.536421912940544865e-01 1.532189765775393564e-01 1.665227808488017325e-01 1.707097229058255616e-01 1.827695990125994541e-01 1.700488205321886159e-01 1.704133556820566775e-01 1.709028634006576064e-01 1.812749222155119189e-01 1.540434756946618133e-01 1.665950984243181610e-01 1.622733623516982304e-01 1.587907888698751324e-01 1.574057869488165451e-01 1.671991095589094867e-01 1.456151715979075167e-01 1.510902109462149978e-01 1.518963097197371659e-01 1.449304246519922124e-01 1.550836563254320011e-01 1.544226870017759157e-01 1.334406845073800862e-01 1.491473163890696119e-01 1.541604266897028119e-01 1.503518346233013447e-01 1.463844629734337710e-01 1.480897868821914876e-01 1.417430109074697964e-01 1.453613876301249330e-01 1.497889651018995127e-01 1.522002504308029580e-01 1.576360210498353454e-01 1.645723069659592586e-01 1.737666111091917542e-01 1.578622078964525277e-01 1.624992262529311171e-01 1.564767885023940763e-01 1.570924523504208525e-01 1.576078820531661429e-01 1.606215218629820640e-01 1.600144369133860156e-01
3.993971375275175151e-02 1.064861027718174563e-02 1.000000000000000000e+00 3.857011717487783820e-01 2.363692099200360996e-01 2.338293987539929453e-01 3.836197361771575554e-01 3.449074977215701443e-01 3.463704322267878721e-01 2.582141103150946138e-01 3.779514483443988659e-01 4.183970667200045956e-01 3.451003523240362969e-01 3.548415572951610919e-01 4.029993886252998259e-01 3.881296108149261403e-01 3.198979107940783106e-01 2.809003614909680868e-01 3.075809758674636352e-01 3.168080079206138655e-01 3.731662196777300045e-01 3.812449664038479735e-01 3.336096705859546430e-01 2.997100125970881268e-01 3.105276806300086845e-01 3.306771252290116037e-01 4.039732706756055669e-01 3.633480593635622924e-01 3.346990086728487412e-01 3.361213456247394427e-01 3.654367721101388078e-01 3.560896917035172304e-01 3.432771787326311941e-01 3.403291642248300608e-01 3.442106303967751857e-01 3.883385901501364978e-01 3.828512039045066651e-01 3.509060545164209843e-01 3.779322235903153637e-01 3.909700196761554114e-01 3.839371048477581705e-01 3.898688217033122183e-01 3.834050103992138747e-01 3.923526566856506137e-01 4.043719412346259978e-01 3.845729294444180102e-01 3.726086738034816159e-01 3.685123212008051263e-01 3.657733710135321337e-01 3.625684745414973209e-01 3.638249757953854746e-01 4.013230092752108624e-01 3.852443466813365580e-01 3.489581922224863075e-01 3.367723292469014251e-01 3.590739058830522690e-01 3.426569436343611663e-01 3.690181137665595190e-01 3.381293094341877303e-01 3.647891790621892727e-01 3.658323106338109976e-01 3.519324300183974685e-01 3.554422482788135995e-01 3.657703155824293950e-01 3.694193440286700492e-01 3.677498089822953675e-01 3.713455487280445944e-01 3.715935926109769638e-01 3.742806544529410084e-01 3.972328492541062350e-01 4.153025698740126503e-01 3.779026476501028409e-01 3.669038252050668136e-01 3.821899990077571307e-01 3.763731641564603270e-01 3.855264016740964639e-01 3.804635853780345411e-01 3.693067595736038156e-01 3.760030558245679444e-01 3.635506449024464848e-01 3.786796837441505637e-01 3.816432159699153503e-01 3.812962910874388989e-01 3.648519668192448107e-01 3.911920567698228268e-01 3.785532867039929639e-01 3.926984993790847422e-01 3.797933560170382306e-01 3.868212691196320496e-01 3.735205482101838226e-01 3.938888910526046061e-01 3.851796898729509810e-01 3.913928639425366951e-01 3.955288451802020933e-01 3.730610181175804119e-01 3.761234379391437677e-01 3.840473722724507266e-01 3.747955445091015192e-01 3.747492396031971706e-01 3.856879726196114078e-01 3.883146117904138217e-01 3.788357466870174162e-01 3.878332680386559206e-01 3.876691377946587802e-01 3.930416340960358745e-01 3.668358032864329488e-01 3.719508714084368006e-01 3.692948736165832524e-01 3.637385907748402758e-01 3.748652823834470738e-01 3.702449048031968837e-01 3.741292222253403410e-01 3.667478915331278677e-01 3.755517560283558320e-01 3.738295931239921654e-01 3.735204471393575032e-01
-7.150330323850137559e-02 -1.346082510037903759e-02 3.857011717487783820e-01 1.000000000000000000e+00 3.299949173358743271e-01 3.696163730285846882e-01 5.795661178899407240e-01 5.577114123602598950e-01 4.154627694189547693e-01 3.298162741756011096e-01 5.349920908253343876e-01 6.519718784194566963e-01 5.156025658073442042e-01 4.799646836397180594e-01 5.752634142093068226e-01 5.742975536530151581e-01 3.870861292843748025e-01 2.733229729842669431e-01 3.081878829609930315e-01 4.570653821111984594e-01 4.884980444438044578e-01 5.236625279374070852e-01 3.429916710547544212e-01 2.817232008046275937e-01 3.017251274789716220e-01 3.837915238758553560e-01 5.166936152538291749e-01 4.099125599475201276e-01 3.667836168024195542e-01 3.811064841425297334e-01 4.229977640898761604e-01 4.316181778447919504e-01 3.991067349259501129e-01 3.822222641525675479e-01 3.866139768189932324e-01 4.972637394879331207e-01 4.530661972969802220e-01 4.578332912785844644e-01 4.739696825399098978e-01 5.226836028304526760e-01 5.160542777909937762e-01 5.232182625704642209e-01 5.476145540459033123e-01 5.556145974132561394e-01 5.339668264774281026e-01 5.040917232774314582e-01 5.159153194531034270e-01 4.979057893584363237e-01 5.026722991421294084e-01 5.042628810528102523e-01 5.023214513302688422e-01 5.820321653573893306e-01 5.522053895872311990e-01 4.541680028851218798e-01 4.182913487171996403e-01 4.665260699168257696e-01 4.554315992578672478e-01 5.108895245180542499e-01 4.579655370097627798e-01 5.156872359026700714e-01 5.042001450114166339e-01 4.840494087849950833e-01 4.797460262924431729e-01 5.087573762664339139e-01 4.970767650125604842e-01 5.002390249648434040e-01 4.950935701070952599e-01 4.704875539220669256e-01 4.794431815909523387e-01 5.496892870822982502e-01 5.768074515228436283e-01 4.830000206654212480e-01 4.592445856150219052e-01 4.843914290595698890e-01 4.978481151153780759e-01 5.129957623311743875e-01 4.929589055847282131e-01 4.705624783325144112e-01 4.906282641593226468e-01 4.660188425679108737e-01 4.698636494627803639e-01 4.878325043033977515e-01 5.031835227229631835e-01 4.529836277637554476e-01 5.204495965162116988e-01 4.870173594412094409e-01 4.979662624386756997e-01 5.167608259519274050e-01 5.126438600279871194e-01 5.164056659771502078e-01 5.271888835577807075e-01 5.308418305357219813e-01 5.315195326801142039e-01 5.322797995956757289e-01 5.151247545575703413e-01 5.159382362973994329e-01 5.423673066730697601e-01 5.139746261665341098e-01 5.125965217018007003e-01 5.353662710512678835e-01 5.390061571341046021e-01 5.282458394738359653e-01 5.460322150115700657e-01 5.440129889815327191e-01 5.435488081669076488e-01 5.197289902247339555e-01 5.116332959158851335e-01 4.945291869660825013e-01 4.873642422085213699e-01 5.258402841287297402e-01 5.143914742497515125e-01 5.232757656047229977e-01 5.101319225732180440e-01 5.181776901890000619e-01 5.039601229933068360e-01 5.180927515644544457e-01
2.222083632324067110e-02 7.726027129189802500e-02 2.363692099200360996e-01 3.299949173358743271e-01 1.000000000000000000e+00 3.009226033222550667e-01 4.528753310274522548e-01 4.578593493983021956e-01 4.348484439861752260e-01 3.935796730793423293e-01 4.624785786849761604e-01 4.905089861652188188e-01 4.669845910423454649e-01 4.335677537427778949e-01 5.076730694095917817e-01 4.992726528756073479e-01 4.142720306975536948e-01 3.316404398310830448e-01 3.495970098085730005e-01 3.650394900907326101e-01 3.915099373602863309e-01 4.142604582087094922e-01 3.704592714981443380e-01 3.325769016745279139e-01 3.604059564087786494e-01 4.277025163731971724e-01 4.573264786167656748e-01 4.154238685246058327e-01 3.667100230367548175e-01 4.329052369758932817e-01 4.491077347066806946e-01 4.463986288782347267e-01 4.065994054681851266e-01 4.154823839933352025e-01 4.171906605169678484e-01 4.219836084001711285e-01 4.542329690471418324e-01 4.542761842536470196e-01 4.595679279532511319e-01 4.630794136427983654e-01 4.827383394383418236e-01 4.821334730931576829e-01 4.863700476730926092e-01 4.973680487576378484e-01 4.778697755954822712e-01 4.711963679952052009e-01 4.885524719592290177e-01 4.799961384627423611e-01 4.873207727088687546e-01 4.639363106338703080e-01 4.783347121329831753e-01 4.830883209865426409e-01 4.944995533060871917e-01 4.726739515511431677e-01 4.608366502849413071e-01 4.676690963663164280e-01 4.674051378067906048e-01 4.843736369044152057e-01 4.723939475300522606e-01 4.991321089524769494e-01 4.863936204908971273e-01 4.753765871319113878e-01 4.694056109675154853e-01 4.837745766108137446e-01 4.783531651567132226e-01 4.821623791035153928e-01 4.829501445695409956e-01 4.697782190047359863e-01 4.749118906560579889e-01 4.930392526019036770e-01 4.876968507384288332e-01 4.749391616749956690e-01 4.601591543918358007e-01 4.634714143691464616e-01 4.823328031794626436e-01 4.804383543922556288e-01 4.671319947255156424e-01 4.454656416497644877e-01 4.776043592569922946e-01 4.762144313970447240e-01 4.745912951227420629e-01 4.783505517233264115e-01 4.765743344074234167e-01 4.643142155300621909e-01 4.787619196587614701e-01 4.706192907619427546e-01 4.757505749063461464e-01 4.814952495542776933e-01 4.804894982683689530e-01 4.788327479282941668e-01 4.783880692513899913e-01 4.895277541522872200e-01 4.864407488328228446e-01 4.855715424693962112e-01 4.889879133804194700e-01 4.874365804244412681e-01 4.843355781002653404e-01 4.843580299616809803e-01 4.876721564693040634e-01 4.927384755150527318e-01 4.912229191868252021e-01 4.866047260845910438e-01 4.931911754967849282e-01 4.956628290810246029e-01 4.909887820787618984e-01 4.812668010761423365e-01 4.905396589804318364e-01 4.816263053652909409e-01 4.792493700905026133e-01 4.913263217876234212e-01 4.854459752975314735e-01 4.955027121264677370e-01 4.853527374166569097e-01 4.902925829644602107e-01 4.848323947601196338e-01 4.894301473317519413e-01
-3.153919591326751707e-03 8.321980497710936009e-02 2.338293987539929453e-01 3.696163730285846882e-01 3.009226033222550667e-01 1.000000000000000000e+00 5.060301498642402196e-01 4.932973016056119708e-01 4.937489346045834115e-01 4.520800363174663494e-01 5.178071301102922241e-01 5.421615990691955878e-01 4.931082581350623717e-01 4.959918551421623745e-01 5.613573803740083967e-01 5.459679954642359112e-01 5.067916262491970469e-01 4.220858883474944423e-01 4.592794477844356904e-01 3.840095464999997432e-01 4.790560988988440405e-01 5.198021239927782533e-01 4.613933711388765180e-01 4.429081468101090380e-01 4.725716502843696487e-01 5.042914306403525337e-01 5.368824474298502514e-01 5.134713795316426799e-01 5.100772403196072169e-01 5.310656311525160378e-01 5.460169480342672577e-01 5.370617611157788573e-01 5.186996753265552540e-01 5.286900654402642008e-01 5.191257463267581196e-01 5.114918926280823674e-01 5.321045547619156491e-01 5.485119184445984564e-01 5.501489102400183295e-01 5.436798185656911420e-01 5.607359622160055235e-01 5.648466819476704037e-01 5.560483860118593524e-01 5.735161069706891102e-01 5.602691281977629778e-01 5.659666571886373676e-01 5.684482784725655158e-01 5.678799962406344548e-01 5.592175326773144439e-01 5.471146177517287601e-01 5.596040158845722035e-01 5.525560995255210939e-01 5.544734280988355968e-01 5.588445842693245957e-01 5.487442734036812597e-01 5.550515611629625035e-01 5.497998464244669981e-01 5.613958883468562755e-01 5.590316315675351033e-01 5.627356070808964272e-01 5.635626812333685010e-01 5.633739181120396289e-01 5.603982975223938956e-01 5.604364295027496334e-01 5.601593267855994318e-01 5.607514488576818001e-01 5.653215801792188522e-01 5.647463004020288890e-01 5.651620345799089895e-01 5.670644828572498630e-01 5.772487481612780247e-01 5.674145394596455949e-01 5.577737225670397203e-01 5.649681042576358836e-01 5.643671406399013435e-01 5.681260060061198436e-01 5.669351599645194861e-01 5.632862036133375883e-01 5.681795641573496036e-01 5.641966449307098674e-01 5.638111018168514565e-01 5.650813644536316627e-01 5.667638628344596752e-01 5.592447532278296274e-01 5.713875287569544215e-01 5.680226864934352360e-01 5.611599026747091656e-01 5.670421120573552187e-01 5.686836122611239608e-01 5.642078085297583812e-01 5.687970971866294079e-01 5.698893866959330312e-01 5.700201698342182155e-01 5.693127100712727096e-01 5.675009340088176257e-01 5.687669407726828608e-01 5.589541268707561850e-01 5.606468973290085200e-01 5.654027852981645674e-01 5.694578712731449555e-01 5.691658809074668923e-01 5.676457979879862004e-01 5.663792584720991341e-01 5.706288724220793807e-01 5.692956926186751865e-01 5.672384728852689628e-01 5.680268977758300419e-01 5.629728877886407412e-01 5.681973916606145592e-01 5.696953402773399233e-01 5.705303664963122801e-01 5.685366092524279935e-01 5.702306939015070464e-01 5.639161721678132011e-01 5.640721294238970618e-01 5.684066015175469611e-01
-5.900522885787773918e-03 1.072888079211803125e-01 3.836197361771575554e-01 5.795661178899407240e-01 4.528753310274522548e-01 5.060301498642402196e-01 1.000000000000000000e+00 7.486946421906105487e-01 7.104330544841079842e-01 6.190368063995413950e-01 7.694997215549715941e-01 8.191291725866416407e-01 7.379481331810799905e-01 7.356998276285305893e-01 8.487319031753425280e-01 8.089111754534518139e-01 6.917983078675297159e-01 5.549478690963194349e-01 6.156226097047369228e-01 5.523695368166881003e-01 6.610064742425710849e-01 7.157119258518843674e-01 6.351294885365632581e-01 5.883202752177538741e-01 6.285038293567575263e-01 7.035456966479700647e-01 7.878468672357508140e-01 7.372204440696060734e-01 6.863365710444018220e-01 7.252943599893144633e-01 7.591483200946665955e-01 7.519839122456036806e-01 7.166790002687836170e-01 7.180073353000541170e-01 7.173739812126715965e-01 7.505575107096039700e-01 7.735976644943747260e-01 7.729286776141982562e-01 7.944576406984902306e-01 8.013351447226484403e-01 8.195652327262791248e-01 8.208847680854627349e-01 8.069260150627305395e-01 8.328655423478066311e-01 8.130819480517529341e-01 8.096017561920992867e-01 8.180496384835886925e-01 8.146834131101771126e-01 8.016072330455817907e-01 7.755458298555276686e-01 8.001989658014717621e-01 7.988665978958331415e-01 8.095484441299271028e-01 7.866542062852143191e-01 7.621419348306598396e-01 7.866315079474849314e-01 7.592706832951249263e-01 8.127814317538563094e-01 7.827109117428484586e-01 8.019295643092073655e-01 8.057468861965968454e-01 7.891351865800028120e-01 7.823863602877791923e-01 7.942031998366015921e-01 7.963483592314515302e-01 7.929204114670872494e-01 8.130659289599844186e-01 8.019412278153735807e-01 8.038066385116278134e-01 8.158280759145799532e-01 8.293623847318243314e-01 8.032154866336311816e-01 7.857499102399833069e-01 7.960595232330397453e-01 8.106322302629943577e-01 8.230608351636472531e-01 8.168169369189319795e-01 7.897714514292251131e-01 8.128917775433298631e-01 7.981793724276140534e-01 8.049434724584244583e-01 8.070209326097879110e-01 8.123772475232956536e-01 7.930019709809928985e-01 8.149039964725512952e-01 8.059606045396725538e-01 8.149719280365812502e-01 8.229530883651736684e-01 8.242510703119627635e-01 8.111654851827904134e-01 8.325518396637351382e-01 8.340148543595841124e-01 8.278316430410734839e-01 8.348487488579374727e-01 8.195655911845191044e-01 8.212635102985673674e-01 8.108560507143666163e-01 7.968854921517605217e-01 8.102494864308144029e-01 8.287055987474591934e-01 8.273597354104457180e-01 8.144902086921282924e-01 8.258835695156095946e-01 8.283783956768567824e-01 8.208939683552356481e-01 8.005464892023583801e-01 8.158827252334165392e-01 8.104289818257622846e-01 8.034808403273377975e-01 8.244360439290957521e-01 8.171519543356474680e-01 8.185611910758412435e-01 8.117660584987923533e-01 8.142727728595892112e-01 8.114871957177738349e-01 8.120400600741266572e-01
3.793375418780887270e-02 1.255805547691654922e-01 3.449074977215701443e-01 5.577114123602598950e-01 4.578593493983021956e-01 4.932973016056119708e-01 7.486946421906105487e-01 1.000000000000000000e+00 7.048250460840181919e-01 6.329195242176776093e-01 7.561848932708600257e-01 8.103363679726472979e-01 7.305713406732536885e-01 6.984991756714197253e-01 8.156011760474387584e-01 8.303314052870359729e-01 6.990805716405623649e-01 5.620787385677942227e-01 6.193864861676966482e-01 5.382468482385267539e-01 6.602493556241258998e-01 7.260821179403479375e-01 6.269403486056291941e-01 5.856215814419871712e-01 6.293302812388287260e-01 7.009109478869403054e-01 7.632703070516119181e-01 7.062868544326230680e-01 6.734941542611341259e-01 7.221323294827214356e-01 7.473404007592856502e-01 7.445634338606565983e-01 7.120081477480294518e-01 7.167956494839091697e-01 7.132883700580926467e-01 7.276464057542278985e-01 7.479298609217244209e-01 7.736249947598957677e-01 7.839496611667249315e-01 7.828004447064492721e-01 7.981864783035680366e-01 8.048853597484245670e-01 8.061860633626735106e-01 8.220270509925317048e-01 7.978493423431554099e-01 7.933194611101910265e-01 8.007378072785248380e-01 8.003844496884109372e-01 7.916150604260864254e-01 7.810451817659022078e-01 8.027341629947678525e-01 7.959342275674499145e-01 8.040838020139630116e-01 7.795215163099310507e-01 7.625514140125526641e-01 7.801759664291784135e-01 7.657815672512298111e-01 8.094344379592379735e-01 7.838731348048418868e-01 8.002215207309484324e-01 8.017258161544583706e-01 7.899236376063173415e-01 7.879450612317939751e-01 7.963440517775495220e-01 7.933969980815966938e-01 7.917200354625866243e-01 8.002577743663044085e-01 7.878927807660379701e-01 7.859312030346634614e-01 7.995432803603306215e-01 8.152439672620084288e-01 7.926939146226705812e-01 7.727093301290088867e-01 7.819689593847102271e-01 7.981267293492800841e-01 7.988676264737916144e-01 7.838698561727462932e-01 7.720791110702058813e-01 7.948693263637447437e-01 7.878431217646938434e-01 7.857988839825437166e-01 7.915481930982393166e-01 8.002273705000685355e-01 7.775086153115077225e-01 8.036686020016073906e-01 7.951621929572605385e-01 7.919794424404217326e-01 8.072652718665540572e-01 8.053807662084012664e-01 8.051041867639294747e-01 8.037601257812323485e-01 8.122081436582099245e-01 8.136976459468531209e-01 8.102857533405373180e-01 8.039882126084184621e-01 8.057723449111217073e-01 8.081213699492884039e-01 7.984295779229491075e-01 8.057273562966277280e-01 8.164878533672471628e-01 8.178310576258327469e-01 8.108240500476492363e-01 8.116540677086128142e-01 8.197887033010753388e-01 8.133784379604941384e-01 7.970956141185646660e-01 8.057354293756830987e-01 7.980667791294246971e-01 7.961908857898107872e-01 8.140823286803853254e-01 8.107212363012995526e-01 8.092770064948506814e-01 8.034868514211144230e-01 8.090700027361118485e-01 8.014723967118070336e-01 8.026946047529605055e-01
1.999506633510754194e-01 1.880976747096425039e-01 3.463704322267878721e-01 4.154627694189547693e-01 4.348484439861752260e-01 4.937489346045834115e-01 7.104330544841079842e-01 7.048250460840181919e-01 1.000000000000000000e+00 7.443195645154506712e-01 7.849928366965682747e-01 7.879326603875098645e-01 7.491430376500507471e-01 7.421325438973928046e-01 8.220333132482295913e-01 8.103276756769512978e-01 8.238938975651267649e-01 6.639797564101697080e-01 7.246510225177104081e-01 5.511761592708844804e-01 6.910851933640342892e-01 7.545668520783616051e-01 7.488734111077178790e-01 7.063504702097231913e-01 7.410461790356318579e-01 8.311158583762520147e-01 8.280226694755482564e-01 8.139867167935811443e-01 7.922479651232188225e-01 8.530914743055261207e-01 8.628008957887394192e-01 8.423883892734980172e-01 7.988484143471544785e-01 8.205461550070072274e-01 8.301085261247272973e-01 7.663366759035733500e-01 8.358206987950470568e-01 8.255273295355791685e-01 8.463198510776559491e-01 8.104333206911961129e-01 8.554276197104802026e-01 8.387659591496814393e-01 8.200016267417937765e-01 8.475023706433848503e-01 8.461544356109865772e-01 8.422005051397261077e-01 8.542803578470340442e-01 8.653629960538569144e-01 8.439160002159008522e-01 8.143862500037396535e-01 8.419085026128738658e-01 8.008474655740557280e-01 8.365097492510739086e-01 8.672156560499696409e-01 8.606987996129250584e-01 8.613940830970764351e-01 8.420462236888300867e-01 8.538604621081655743e-01 8.474199852209770567e-01 8.567338626829087422e-01 8.531175275042222061e-01 8.465732420145170023e-01 8.480901332932307968e-01 8.466970821146198034e-01 8.701122617202204923e-01 8.655067129780154023e-01 8.710976354505216568e-01 8.636647345116460484e-01 8.683541597973396531e-01 8.424502391105445076e-01 8.418606486937791900e-01 8.675488556334057799e-01 8.543627096155494982e-01 8.488408552295276799e-01 8.686733959103400959e-01 8.622196928708688590e-01 8.577196747781106190e-01 8.537731074339551807e-01 8.616104777507308521e-01 8.731265703133078704e-01 8.689933283178152834e-01 8.686116721194658830e-01 8.672885791757791729e-01 8.688016485478610162e-01 8.540692322372527290e-01 8.619850750667145123e-01 8.577012655542788355e-01 8.559920839930250658e-01 8.578265588837046263e-01 8.599920640751427259e-01 8.442818644590808219e-01 8.567095427713712352e-01 8.581384783797815219e-01 8.560810492522969994e-01 8.565398684555691755e-01 8.592545006044651767e-01 8.267811958669103456e-01 8.516093642318002255e-01 8.532001186470691279e-01 8.551350534718012986e-01 8.506364834681371390e-01 8.521256763131735967e-01 8.534799465484912417e-01 8.541724782974059460e-01 8.584948596600002757e-01 8.466496944661737745e-01 8.631955216467388503e-01 8.645459224233204010e-01 8.670804590672368528e-01 8.611811400029115715e-01 8.557357554086355567e-01 8.637397737630772010e-01 8.548933691177343919e-01 8.607601424328845674e-01 8.695955979829335103e-01 8.639704610706502308e-01
1.248887440260958437e-01 2.239585258898900144e-01 2.582141103150946138e-01 3.298162741756011096e-01 3.935796730793423293e-01 4.520800363174663494e-01 6.190368063995413950e-01 6.329195242176776093e-01 7.443195645154506712e-01 1.000000000000000000e+00 7.187066806448508816e-01 6.942360041536287385e-01 6.789761104408176262e-01 6.855137101498728347e-01 7.455973941307088015e-01 7.375633518004521827e-01 7.353766312643430503e-01 6.104108305067617035e-01 6.760058617244676382e-01 4.558142237865440149e-01 5.894024076721275929e-01 6.800607399265603537e-01 6.811877607093030917e-01 6.529776990883759957e-01 6.956170138680165538e-01 7.764242346644647519e-01 7.451181655029350814e-01 7.489962542881385410e-01 7.387577181688519401e-01 7.862978561104838615e-01 7.970025546009589235e-01 7.781084439173595602e-01 7.531133049005588331e-01 7.651826851812688624e-01 7.564994427849884850e-01 7.109656868102310900e-01 7.657395402664144424e-01 7.865612740605222308e-01 7.870742138733091142e-01 7.642284796921440249e-01 7.950324863754519855e-01 7.840604454049746597e-01 7.590467582877648001e-01 7.783903466514910940e-01 7.844518351229774478e-01 7.813362928230106474e-01 7.933071931893713735e-01 8.063240684101881106e-01 7.888201975722918258e-01 7.577010237754399080e-01 7.948278174395919660e-01 7.197468968480741358e-01 7.565349443672310104e-01 8.043610107318047708e-01 8.034852698411929506e-01 8.079866535765999336e-01 7.788048892116726796e-01 8.005666249767444675e-01 7.999331249186623083e-01 7.787693461325742028e-01 7.900607767907825707e-01 7.889467536627317035e-01 7.884076398877695180e-01 7.864017403273609874e-01 7.938432172812729393e-01 7.809953722022288103e-01 8.066517783695583699e-01 8.063651982823872855e-01 8.015807037487894249e-01 7.620831717739109390e-01 7.705006846115169949e-01 8.074431965841134540e-01 7.922601309879845344e-01 7.915245528131594765e-01 8.110404786024349999e-01 7.962797550582403350e-01 7.970456002457639855e-01 7.960953660232703566e-01 8.072483369650281793e-01 8.145559772161663492e-01 8.061364778565880407e-01 8.079688538580318546e-01 8.016076096036618415e-01 8.070620608424724507e-01 7.898603005790050258e-01 8.033438974270329380e-01 7.949311470546234215e-01 8.016940586240376421e-01 7.980409077615195912e-01 7.996967239427722474e-01 7.893867734884200127e-01 7.969736642651406022e-01 7.968653094872498732e-01 7.923001361410935139e-01 7.967572774788417300e-01 7.992150495889113193e-01 7.716290891874075797e-01 7.781610859695868854e-01 7.949718380216391767e-01 7.943597887289125525e-01 7.904092279817004352e-01 7.899597337720901669e-01 7.845775343673266899e-01 7.898422955442853111e-01 7.903461740119137602e-01 7.792651579324066935e-01 7.982755444560322156e-01 8.072932900497864495e-01 8.102358161989103857e-01 7.979150433226396277e-01 8.007451615258877053e-01 7.940271164353633893e-01 7.963672879758971757e-01 7.962114622489989690e-01 7.996853899791135367e-01 7.898711723636515636e-01
1.946676992525393432e-02 1.351510881844714129e-01 3.779514483443988659e-01 5.349920908253343876e-01 4.624785786849761604e-01 5.178071301102922241e-01 7.694997215549715941e-01 7.561848932708600257e-01 7.849928366965682747e-01 7.187066806448508816e-01 1.000000000000000000e+00 8.642485712356512417e-01 7.811188729965765631e-01 7.901543932416577043e-01 8.747255130314777194e-01 8.656773194417153316e-01 7.693030426799213339e-01 6.115075612960743090e-01 6.831306591047530130e-01 5.722508357511940646e-01 6.884332913932424969e-01 7.673553304502293004e-01 7.056922182809768351e-01 6.535381112965036321e-01 7.033475181454652558e-01 8.020077690723363961e-01 8.488622833103193210e-01 8.018647442729607278e-01 7.814408823193552678e-01 8.246372049982841901e-01 8.583288521937088023e-01 8.347496051157490271e-01 8.016050484916146246e-01 8.076885308262115037e-01 8.078705527375148465e-01 8.090176040203772567e-01 8.519479011715278549e-01 8.548190368733620259e-01 8.705694440820901381e-01 8.634970255181435572e-01 8.866958149674128986e-01 8.837572628391807683e-01 8.720848535467249363e-01 8.964575373320986529e-01 8.858117125641644662e-01 8.818710487085480443e-01 8.943137076434404253e-01 8.961940928190531563e-01 8.895271388103297427e-01 8.633094539455345995e-01 8.841088704112003427e-01 8.672249973172801996e-01 8.821044219251326091e-01 8.791992527634880927e-01 8.628706675762403133e-01 8.818776095250303593e-01 8.604971945605279782e-01 8.927817075481320197e-01 8.760709288682625440e-01 8.836578098488299116e-01 8.951004583369535084e-01 8.794768960294999660e-01 8.788054864910277431e-01 8.855251844060730848e-01 8.844226533399769385e-01 8.821256262978597329e-01 8.954243453648179640e-01 8.838323905995658647e-01 8.834134936125614956e-01 8.824858842081102495e-01 8.883419898763579292e-01 8.896431171256240500e-01 8.643993432201637628e-01 8.716001676851817814e-01 8.972209880701819129e-01 8.995845570974781991e-01 8.891134851102754366e-01 8.798875615227723657e-01 8.937693711266326835e-01 8.908191289183180483e-01 8.895873128544343755e-01 8.968834179733906620e-01 8.942039827698375909e-01 8.826898818987884976e-01 8.949521742037519489e-01 8.899475368999893998e-01 8.897843979528970992e-01 8.985755145027408686e-01 8.994608288262458951e-01 8.950985150853204564e-01 8.978501316415347100e-01 9.044123868688723755e-01 9.026209327487410006e-01 9.025924949840533618e-01 9.002932861329018266e-01 9.010240777096965026e-01 8.878599895364779337e-01 8.860872219454556387e-01 8.988073626608212852e-01 9.029550005627686726e-01 9.016736966239518036e-01 8.998827300373845040e-01 9.007904455777272501e-01 9.041617998432056602e-01 9.024162433938031080e-01 8.840744642449120949e-01 8.994105120671128661e-01 8.979671234074415587e-01 8.957334596004996596e-01 9.026477154226622002e-01 9.001541490751602259e-01 8.985582311711975967e-01 8.955382631412527328e-01 8.999992786719070992e-01 8.956389341177050101e-01 8.945417032708433691e-01
-1.326624529432137919e-02 9.888009025649817374e-02 4.183970667200045956e-01 6.519718784194566963e-01 4.905089861652188188e-01 5.421615990691955878e-01 8.191291725866416407e-01 8.103363679726472979e-01 7.879326603875098645e-01 6.942360041536287385e-01 8.642485712356512417e-01 1.000000000000000000e+00 8.164433486687111552e-01 8.139158373213497555e-01 9.154334979835218045e-01 9.057542886308537211e-01 7.676433701311839997e-01 5.693484610286386749e-01 6.467680513576119505e-01 6.132078706092403131e-01 7.109026479857226688e-01 7.832180991465600428e-01 6.693179664632918913e-01 6.144176099552223214e-01 6.610812482772464582e-01 7.725969675446329177e-01 8.596084071986230812e-01 7.779999024295792820e-01 7.564152892970744668e-01 7.996950041152007804e-01 8.413418263273531039e-01 8.256837593449598556e-01 7.745786957168354636e-01 7.813926460044863243e-01 7.913289973815427203e-01 8.123251496812174954e-01 8.391351667191280228e-01 8.486573477223883222e-01 8.683191623922742464e-01 8.710391030632781417e-01 8.977378535280315930e-01 8.961739963468394743e-01 8.910636333932097086e-01 9.219646617645608222e-01 8.969759577305932430e-01 8.891386116296765563e-01 9.149980381674935881e-01 9.074662188266076068e-01 9.060571180974034133e-01 8.773791047464726267e-01 8.959010879049772447e-01 9.066580516923612443e-01 9.198641955971336159e-01 8.825354891458595530e-01 8.600010911735721519e-01 8.804375366636468803e-01 8.731347723224056612e-01 9.075262602552167657e-01 8.838917299528891158e-01 9.095861191881071672e-01 9.108257987003902656e-01 8.968442386717455639e-01 8.928031247653430702e-01 9.062670078523946682e-01 8.975420791700836620e-01 9.034007161810910791e-01 9.076658743574672616e-01 8.819317428588954177e-01 8.853237132721420988e-01 9.116663859334933617e-01 9.187438158574986469e-01 8.917076371399481616e-01 8.612144127725773757e-01 8.733308884325856614e-01 9.036481364982330566e-01 9.112198053207420934e-01 8.924707748362776805e-01 8.811415934715379761e-01 8.970580605789321149e-01 8.909011567226685635e-01 8.886618778328368995e-01 9.024696148143522834e-01 9.000474030842720019e-01 8.773584106299265883e-01 9.028432597421685024e-01 8.910053907896187120e-01 8.973879894814646985e-01 9.084508611371702180e-01 9.094102007065896220e-01 9.077597488001423187e-01 9.070252214086380604e-01 9.205032892359215069e-01 9.193542256719910988e-01 9.197486659482124738e-01 9.177906050682331784e-01 9.197412306930078385e-01 9.091482028021246053e-01 9.074510955819858893e-01 9.140235416331122797e-01 9.191452908491610785e-01 9.209100150998775769e-01 9.204653870283118211e-01 9.281239827853402513e-01 9.292651123180954986e-01 9.242873958597450645e-01 9.088724389311236829e-01 9.166196824722171455e-01 9.078271791186895978e-01 9.031090557876090275e-01 9.227305890178379988e-01 9.159120462290374354e-01 9.204877193603092644e-01 9.131143959723614367e-01 9.182328373671438948e-01 9.101564658766825300e-01 9.170233878874756162e-01
1.547522041356995566e-02 1.068244585209947584e-01 3.451003523240362969e-01 5.156025658073442042e-01 4.669845910423454649e-01 4.931082581350623717e-01 7.379481331810799905e-01 7.305713406732536885e-01 7.491430376500507471e-01 6.789761104408176262e-01 7.811188729965765631e-01 8.164433486687111552e-01 1.000000000000000000e+00 7.412864766827165219e-01 8.452027153393030234e-01 8.340893939148351643e-01 7.307459558667374067e-01 5.612167527447908810e-01 6.344134653019313230e-01 5.465267806635276671e-01 6.445047776003836049e-01 7.195687659389331525e-01 6.547903499075266032e-01 6.149759048998553190e-01 6.576599597843340028e-01 7.461803254285601650e-01 7.879999972361881877e-01 7.392480850790663638e-01 7.093079276235896291e-01 7.699923254141103346e-01 7.906895998772559553e-01 7.758450590064589480e-01 7.297281768619444664e-01 7.486667539690496920e-01 7.520565462978930915e-01 7.479926301410816381e-01 7.867645125658440097e-01 7.873033983400262725e-01 8.142808777729749758e-01 7.973143403907153592e-01 8.352127011383930766e-01 8.277619521273601455e-01 8.218636536972236950e-01 8.471081387226545578e-01 8.324849465913587432e-01 8.259878821756985179e-01 8.490180906379413139e-01 8.470560145836258936e-01 8.366359586874680954e-01 8.013319479248408594e-01 8.227589965190614807e-01 8.214108095003412879e-01 8.397208674945598750e-01 8.315012083101469553e-01 8.104229745102345950e-01 8.231576559862983089e-01 8.027135603942474606e-01 8.438010259391623968e-01 8.158576112150027759e-01 8.453807536364050801e-01 8.428592093305871114e-01 8.253323750074516019e-01 8.218422158960506652e-01 8.364004314817283792e-01 8.425608191605098440e-01 8.379274513056559348e-01 8.480687089518872401e-01 8.329776928792219648e-01 8.317275291709833596e-01 8.364904188982462685e-01 8.429275188644933525e-01 8.414282511751477456e-01 8.147427240379913060e-01 8.242124312096149596e-01 8.463996786869627531e-01 8.484949574693044783e-01 8.336026327150511950e-01 8.188457108390713168e-01 8.399741249946980348e-01 8.403368578493267682e-01 8.379777509997808904e-01 8.412653660501968611e-01 8.426109199712473741e-01 8.262954602825012262e-01 8.396860483079233717e-01 8.389999621362810300e-01 8.377373565828667434e-01 8.463407790464325675e-01 8.481664378284490269e-01 8.460297435727949233e-01 8.411929091950538506e-01 8.537691074584442541e-01 8.545183995788271369e-01 8.518687608931215793e-01 8.541464933963817119e-01 8.545482203606784566e-01 8.365190556872561523e-01 8.416975796604938553e-01 8.483371117291518271e-01 8.514099852652126099e-01 8.539530444279392896e-01 8.499686045785419530e-01 8.585327073912977225e-01 8.600905538127380234e-01 8.584090467406081393e-01 8.379910580772347295e-01 8.531712766706641693e-01 8.482066126718651455e-01 8.462605836785337399e-01 8.558230863147954226e-01 8.457654360998301257e-01 8.559094941752308783e-01 8.442240182335357668e-01 8.543831184550078062e-01 8.518130615655645776e-01 8.513423782151638974e-01
