1.000000000000000000e+00 2.517721142917633825e-01 9.777934143520813914e-02 -4.344322331374838447e-02 4.502404763210639954e-02 -3.891154254034577542e-02 2.068928147544869117e-02 7.537486736728257752e-02 1.405657028593009505e-01 1.127481164227089883e-01 3.421938203297264502e-02 -3.555752093635947825e-02 1.821580872418616590e-02 2.440909792780884564e-03 -1.450148191334934764e-02 4.291208333130722835e-02 4.862043541570744420e-02 1.507467609908761941e-01 1.216199101040974229e-01 1.776037470331718465e-02 -3.863329842340131742e-02 3.167939535432456183e-02 1.772753369841669757e-01 1.736779857418226380e-01 1.412812683161224492e-01 1.315979818318974148e-01 1.072630189095643977e-01 1.590672997958963164e-01 2.384105449897983009e-01 2.032006858604320787e-01 1.319295485146005920e-01 7.966557502148599590e-02 1.535620797520586001e-01 8.480045921644877027e-02 1.430255900928747992e-01 6.045591221662513504e-02 1.323618629454888507e-01 7.423576013549383623e-02 1.188173241877136244e-01 5.415386180280282180e-02 2.956087938918714603e-02 3.838139296288842206e-02 2.463264743443278545e-02 4.034675417004385256e-02 2.879524039558899878e-02 7.782773443025556293e-02 2.281191695760271393e-02 3.467374283383293371e-02 3.118970932249150868e-02 3.465064870832466198e-02 3.656295378032703436e-02 -5.096991820087652669e-02 3.147964093056813614e-03 4.155937570733031494e-02 7.466773923902898791e-02 6.427215435883042172e-02 7.247390096537251192e-02 4.182030000980115764e-02 4.131054922814099417e-02 4.138916542464304155e-02 3.280201813586530735e-02 6.615514885291648439e-02 3.648840023029546048e-02 5.486184332582439566e-02 2.870576313734561971e-02 3.470387704568378417e-02 2.567188608547623860e-02 4.624245371521982367e-02 6.273561961546204879e-02 5.967448827411920426e-03 4.576082221350264920e-03 3.253018881297428666e-02 5.740950580580817669e-02 6.494097213935483281e-02 3.987861008531139867e-02 4.178199105814137809e-02 5.880769754193368448e-02 9.752020026881991210e-02 5.692549253039894119e-02 7.406546216392163873e-02 6.381130109490357194e-02 4.951155895433783510e-02 4.913689675808181195e-02 6.196263536322178106e-02 2.573973065808769084e-02 3.613758842338459648e-02 3.674078004738861453e-02 1.884926615043502895e-02 4.797289312351845497e-02 4.468021867693485610e-02 2.228928231093143392e-02 1.264540718338613007e-02 2.191800643522141823e-02 2.119625680493236741e-02 -1.257673767512083787e-03 1.295550354484824827e-02 -6.812696944897668819e-03 3.760709086134170209e-02 6.845381135027717515e-03 -1.765764197545032377e-03 -9.286498239551892880e-03 1.176708004310778911e-02 -7.074069708219191295e-03 4.491061557310672622e-03 -1.243065650191076468e-02 3.470528981032851290e-02 1.013131485480210647e-02 2.490840840531849398e-02 3.506889294251779032e-02 1.510172665314125570e-02 9.468971052887572432e-03 2.070555361458164059e-02 1.200985910109678666e-02 1.909963947783997404e-02 9.994522451464994336e-03 7.626407508502285396e-03
2.517721142917633825e-01 1.000000000000000000e+00 1.673801854804291278e-01 7.013867381623457853e-02 1.347334941065442826e-01 3.876567012684602881e-02 1.461957357402783320e-01 2.091905478158538334e-01 2.436146793335006999e-01 2.617407058865809932e-01 1.573040887252606657e-01 1.029213722811903736e-01 1.266828478232157884e-01 1.212084899050335229e-01 1.460163132128235453e-01 1.879079875830256541e-01 1.500241764954456936e-01 2.904434660701828985e-01 2.647581235562921909e-01 1.477694352375040765e-01 1.076701414680283353e-01 1.708705296567657461e-01 3.241903423518601723e-01 3.011406523892221632e-01 2.651964406361134174e-01 2.856488423342170568e-01 2.396264092194980433e-01 3.030145493805535550e-01 3.641438606719116788e-01 3.410718659599148439e-01 2.705664398884737865e-01 2.380676369054620101e-01 2.905513498625715285e-01 2.557895920249488864e-01 2.996823354970092335e-01 2.065348235972494229e-01 2.638248639580253463e-01 2.400170437767481235e-01 2.688171902401841340e-01 2.134215687498979830e-01 1.728503554190549407e-01 1.839489825675262036e-01 1.883024676730678526e-01 1.957834852829906380e-01 1.729662307455870351e-01 2.350728715597245333e-01 1.633254540559195001e-01 1.818445033788458065e-01 1.756012061316666872e-01 1.875918155698574064e-01 1.848604245824040371e-01 8.336170558976042921e-02 1.511372438123505524e-01 1.914040288659443201e-01 2.302432148858835903e-01 2.242487145776287660e-01 2.187817025565537699e-01 1.907705321754931960e-01 2.005859851796086835e-01 1.905610254676522730e-01 1.798009348912681660e-01 2.133362152512552901e-01 2.012657023651159560e-01 1.950628533877283299e-01 1.612209664678528331e-01 1.747514157285130765e-01 1.696051218678967798e-01 1.996629643604294346e-01 2.186711233013564626e-01 1.587705662312066668e-01 1.570993091788658313e-01 1.837458373733808770e-01 2.178897238655946589e-01 2.171683192606395363e-01 1.950304681414323504e-01 1.869974093980499574e-01 2.055763465421671932e-01 2.473249740585166945e-01 2.159013304566803348e-01 2.345895914154490502e-01 2.195006032559555509e-01 1.995211241431507354e-01 2.042384337064755695e-01 2.252983746498506967e-01 1.942319511204327331e-01 2.029473867232096107e-01 1.901362819095289980e-01 1.830594347715761017e-01 2.063459974099477734e-01 2.033920057512008384e-01 1.838235416403463940e-01 1.630140484984543003e-01 1.770005319631300367e-01 1.770058637120211775e-01 1.474409754319483123e-01 1.617010585637436437e-01 1.601021693564080584e-01 1.866405292156460560e-01 1.618545642216145941e-01 1.572292906789834466e-01 1.531402145117579106e-01 1.702366697391392847e-01 1.347201674709968822e-01 1.567170596243364356e-01 1.366703775107238339e-01 1.886043957026631024e-01 1.576682106118239279e-01 1.759250597462140853e-01 1.921271941035426201e-01 1.655290638807585812e-01 1.709679042244506841e-01 1.689156672801987724e-01 1.660153590919137279e-01 1.700546681986251363e-01 1.503405401747585635e-01 1.520593490118616053e-01
9.777934143520813914e-02 1.673801854804291278e-01 1.000000000000000000e+00 3.153057227096177084e-01 2.049526371739152086e-01 1.905669868065144046e-01 3.858203577231888448e-01 3.945468134072115385e-01 3.552932246538975658e-01 3.249844248560066484e-01 3.666355483136747861e-01 3.727224806587838835e-01 3.320686134421696467e-01 2.774354073778261820e-01 3.755758361035677062e-01 3.768120746291340750e-01 3.232610350883072248e-01 4.274701619514906792e-01 3.787312456077734368e-01 3.482404553743736475e-01 3.792497837641607417e-01 3.851770861328816520e-01 4.045758640360769820e-01 3.952135253707479423e-01 3.840750868647624938e-01 4.597365574953967138e-01 4.217621645682730347e-01 4.412480087179662669e-01 4.363512513679426719e-01 4.315966976228856056e-01 4.187005886740779448e-01 4.015509260153530824e-01 4.444195263238764904e-01 4.257956486056435619e-01 4.139960310297828849e-01 4.047400205357414849e-01 4.101910370375491666e-01 4.327931064089065027e-01 4.311770158132088859e-01 4.312756254504209186e-01 3.765939101523716470e-01 3.933268853928841846e-01 4.037647945294604579e-01 3.963071253130150962e-01 3.979306187754130808e-01 4.267038533729384797e-01 3.526921780046084476e-01 3.548656839042946820e-01 3.620872039956797295e-01 3.953354689985890125e-01 4.060080535833566207e-01 3.414226151935378373e-01 3.688606012455171168e-01 3.604015410781541973e-01 3.779248321069260674e-01 3.969391929750171744e-01 3.887473838230537382e-01 3.690246695037838753e-01 3.859231561266361354e-01 3.704315645479308583e-01 3.723063572276901212e-01 3.886031550555957836e-01 3.923159037466810162e-01 3.796562213352744908e-01 3.545332055593624632e-01 3.655175953850672288e-01 3.575165963759822652e-01 3.846465870803549847e-01 3.912178393131711118e-01 3.780736928259075813e-01 3.776758515490801771e-01 3.807911357795782381e-01 3.960174628533470464e-01 3.886765076928329066e-01 3.893287435020312270e-01 3.791533087744919372e-01 3.993231961692512155e-01 4.062266645468407544e-01 4.061019185970590750e-01 3.886997735892251948e-01 3.889890409658540160e-01 3.839389044256466543e-01 3.884324460550822589e-01 3.919678835784486393e-01 3.963314359269729525e-01 3.928553501682475191e-01 3.828266657553464625e-01 3.916632025900144143e-01 3.922900889998045537e-01 3.869217008287206272e-01 4.013688129143851979e-01 3.728960597021643286e-01 3.795936954118537821e-01 3.887651150237588227e-01 3.523656752877958875e-01 3.547966348959245009e-01 3.788248741353824056e-01 3.690653882301852540e-01 3.650191463880665954e-01 3.780346020898206483e-01 3.758456411242521722e-01 3.737512560284269036e-01 3.512478964794959468e-01 3.680795534278045178e-01 3.636531786480061146e-01 3.676848356706000631e-01 3.563190405825246154e-01 3.576752385293390790e-01 3.737997274964826033e-01 3.635258305252760391e-01 3.717234148103566449e-01 3.619654793371848700e-01 3.671087871143005610e-01 3.675882835526529946e-01 3.583914066544911514e-01 3.551087776022351372e-01
-4.344322331374838447e-02 7.013867381623457853e-02 3.153057227096177084e-01 1.000000000000000000e+00 3.694037268471532798e-01 3.563340204815249046e-01 6.308737989985753192e-01 5.887693231886426126e-01 4.802845847624195863e-01 4.333244298464977162e-01 5.457378467957244572e-01 6.816163636145730065e-01 5.394332041969459590e-01 5.036979247390750425e-01 6.259558248455514562e-01 6.272182436825242124e-01 5.147960152022731384e-01 4.761346600832829234e-01 3.478660262043343776e-01 7.158417562311357729e-01 6.187482257232109761e-01 5.260223764826945647e-01 3.613517994592979066e-01 3.446551630075822548e-01 3.862999224802644571e-01 5.583161509436390668e-01 5.242516641401193667e-01 4.937010761659169633e-01 4.663652998249797621e-01 4.601428933664984400e-01 4.999328990269782946e-01 5.189556697983839229e-01 4.478240025251693512e-01 5.156383783210172211e-01 4.736019660487437166e-01 5.359381539729022315e-01 4.662479158865005524e-01 5.655279231718295385e-01 5.248164261656459439e-01 5.839871974445378644e-01 5.494199160765638190e-01 5.650027571045574959e-01 6.203289559552478405e-01 5.929669780646368293e-01 5.830184330416692262e-01 5.771969520476840643e-01 5.574134567829230891e-01 5.464420668545827420e-01 5.746074324406463818e-01 5.761923675400690836e-01 5.937669797338325228e-01 6.529762071881551888e-01 6.310063470470500535e-01 5.425363354827175133e-01 5.326068258189023963e-01 5.426762461035069540e-01 6.026992892932039325e-01 5.637639951275502659e-01 5.732353108084218274e-01 5.854973938431303759e-01 5.994523305529637636e-01 5.870297415375265171e-01 6.122070084484697583e-01 6.119640590574694228e-01 5.696360168987898431e-01 5.888382494117858634e-01 5.464023463011348225e-01 5.360961958261174498e-01 5.458859420301850340e-01 6.594190471546625965e-01 5.674549155061937578e-01 5.465003372884192911e-01 5.496434734606042705e-01 5.101496236008863372e-01 5.745057083199416326e-01 5.598904756687884676e-01 5.533025610507894543e-01 5.523348604882564183e-01 5.650053567714409253e-01 5.493771379809784250e-01 5.400600897887738450e-01 5.481534300550232608e-01 5.489995510099910936e-01 5.477032565459393210e-01 5.609405443536507052e-01 5.512628924505428296e-01 5.362343622323616499e-01 5.765011551318535155e-01 5.523020849813196076e-01 5.498880471503574396e-01 5.790381071014276682e-01 5.729011895420798028e-01 5.728169903017025222e-01 5.754132514032066492e-01 5.606690325057788193e-01 5.563417006249005148e-01 6.035229571357769718e-01 5.868770186912656284e-01 5.813386318820492615e-01 5.873488828069438616e-01 5.955411343964723825e-01 5.891959455479032215e-01 5.989416939842455712e-01 5.806365599208096473e-01 6.009762118892832961e-01 5.842717314786805005e-01 5.630815643167049744e-01 5.450522330270969329e-01 5.557964295608553984e-01 5.633705574324537890e-01 5.744568513863514969e-01 5.757402343660926736e-01 5.821899492221435102e-01 5.787630874605612652e-01 5.686619098420743201e-01 5.807582293665977113e-01
4.502404763210639954e-02 1.347334941065442826e-01 2.049526371739152086e-01 3.694037268471532798e-01 1.000000000000000000e+00 2.501130923619014346e-01 4.362509307826322180e-01 4.482850482299360895e-01 4.506867101908161866e-01 4.030619584656551235e-01 4.487697629802852584e-01 4.598217539529826370e-01 4.492635819296679767e-01 4.146777892782114172e-01 4.789626956723606055e-01 4.831193838200298352e-01 4.230368206806833231e-01 4.399780562686537166e-01 3.871419134103375459e-01 4.433409133517186573e-01 4.249030933628110684e-01 4.448279159469550881e-01 4.226320600242205461e-01 4.152848696839217535e-01 4.254934869405474496e-01 4.693466632421857132e-01 4.599425640088816158e-01 4.422507773288949506e-01 4.238743163740095743e-01 4.431574972071671281e-01 4.575138553747413739e-01 4.788947822224054462e-01 4.236419128184845673e-01 4.687754199120907628e-01 4.484454635069535788e-01 4.561349376589137194e-01 4.521319532611335346e-01 4.658189001764325154e-01 4.715474140354556920e-01 4.543694461390984651e-01 4.866084963569792810e-01 4.701890919755031817e-01 4.800862307984106181e-01 4.874170922531175787e-01 4.793901585385014208e-01 4.879006608988059046e-01 4.791545354394353140e-01 4.742993713585093030e-01 4.767199710911212973e-01 4.563563802003146597e-01 4.687816092123611167e-01 4.716393309787488830e-01 4.708660815563004420e-01 4.743656873730943135e-01 4.745768442447368951e-01 4.777510834478885804e-01 4.597707818946804581e-01 4.735544658828114151e-01 4.747680533047530238e-01 4.878588738337611419e-01 4.778167847182694938e-01 4.756052340781819487e-01 4.701007417009636091e-01 4.698672486325229380e-01 4.741606046011466180e-01 4.766967771875072479e-01 4.701800534753008409e-01 4.805223192248574970e-01 4.829632950324603824e-01 4.953963929929894316e-01 4.794682174957687337e-01 4.822735635105369623e-01 4.894806173134852445e-01 4.795882266480920308e-01 4.871451823157032512e-01 4.786942632187949354e-01 4.771028673994381908e-01 4.717697586245285235e-01 4.820048550901800954e-01 4.798535036649292929e-01 4.782209511396579016e-01 4.758262634809941050e-01 4.771943328597465506e-01 4.762882188082058765e-01 4.783172112445793767e-01 4.808507560861492447e-01 4.722752439607579289e-01 4.781039367440075849e-01 4.782549520436266133e-01 4.803809926399795205e-01 4.793450056386939218e-01 4.803894304983445940e-01 4.822910892635418612e-01 4.798730274206611801e-01 4.732760478598490028e-01 4.738094477903150858e-01 4.742941409301508204e-01 4.719729088261284122e-01 4.788054654130823873e-01 4.806554608576807941e-01 4.786112682279524133e-01 4.747849859322050836e-01 4.785922112720554233e-01 4.807041860597815464e-01 4.774666656553752664e-01 4.764235568728599768e-01 4.736337243503194738e-01 4.728434217371093040e-01 4.770552683572653607e-01 4.768194543579922229e-01 4.783118835317551332e-01 4.802487161394934922e-01 4.750543789646874404e-01 4.774486721030397618e-01 4.726312285478648789e-01 4.784594508255191614e-01
-3.891154254034577542e-02 3.876567012684602881e-02 1.905669868065144046e-01 3.563340204815249046e-01 2.501130923619014346e-01 1.000000000000000000e+00 4.929229445750358263e-01 4.329048211069468355e-01 4.620065388794786787e-01 4.031976876491806250e-01 5.017332821533260212e-01 5.305790909762723162e-01 4.746441264816639305e-01 4.615087236849304553e-01 5.499548044139516145e-01 5.112641033995571904e-01 4.943525465671112507e-01 4.161308299016460710e-01 3.948499718437921691e-01 4.196021464377248655e-01 4.806100033590071097e-01 4.574566585791468021e-01 4.011887685401789860e-01 3.825253210640423007e-01 3.967791058760210543e-01 4.812249742640726247e-01 4.725337165182899590e-01 4.634940233662455666e-01 4.004351936310737159e-01 4.140912460836649323e-01 4.828166032176975375e-01 5.119270165384601778e-01 4.428068372699564548e-01 4.904152990689072955e-01 4.712299013100359479e-01 5.158899762500318564e-01 4.832544827036064361e-01 5.111139725054235639e-01 5.063507888595302209e-01 5.008947788057616091e-01 5.299761254087065332e-01 5.364698898841666619e-01 5.214738047980882474e-01 5.267057410234551318e-01 5.305398805877298285e-01 5.133171500628405104e-01 5.361979532117810976e-01 5.367682240470392774e-01 5.355628041402969997e-01 5.206264093586197017e-01 5.282780537262061760e-01 5.235752870848842111e-01 5.322535297335897475e-01 5.303773407400657058e-01 5.142035833584134297e-01 5.224603449612281736e-01 5.119611170637207165e-01 5.278589988614893480e-01 5.254287349593080858e-01 5.220658377238112102e-01 5.335400162489664089e-01 5.218117680427704075e-01 5.232889195540568750e-01 5.220699465046043652e-01 5.324791700310783638e-01 5.303759600916111427e-01 5.364266463318214662e-01 5.293515452432101531e-01 5.271043689896574014e-01 5.368275690887031049e-01 5.388872489212570560e-01 5.292756271928357181e-01 5.179931161820356955e-01 5.073739813618438621e-01 5.390063480480838942e-01 5.338502892045017267e-01 5.275442046271280327e-01 5.082366068918738877e-01 5.267432173029111819e-01 5.105625574444629944e-01 5.220720801846752135e-01 5.304332602606698366e-01 5.312285356411824422e-01 5.286049523286433516e-01 5.399880593554311492e-01 5.338186986842810011e-01 5.342685733920208291e-01 5.448384375261997592e-01 5.352071671789195850e-01 5.365280849588034418e-01 5.436568338393449329e-01 5.473601408734480867e-01 5.380116322842519727e-01 5.415267528645141271e-01 5.465938320773098269e-01 5.405519936776792544e-01 5.412336836412274810e-01 5.275006700739817145e-01 5.468605765276706165e-01 5.508465138023469487e-01 5.469608217029240382e-01 5.440825288325488174e-01 5.474536011190316298e-01 5.452608239318791350e-01 5.456581313765224150e-01 5.344560654048754467e-01 5.416386280076184168e-01 5.367980911848841963e-01 5.386613367675947561e-01 5.440073905288241862e-01 5.443275498005309965e-01 5.394886070039534021e-01 5.417958780134130015e-01 5.430664435220500241e-01 5.415201737992559883e-01 5.418984503377778372e-01
2.068928147544869117e-02 1.461957357402783320e-01 3.858203577231888448e-01 6.308737989985753192e-01 4.362509307826322180e-01 4.929229445750358263e-01 1.000000000000000000e+00 7.334378104108860708e-01 6.627372044125889872e-01 6.290838987233156043e-01 7.306239130462389708e-01 8.000906574439082819e-01 7.026610572820043421e-01 6.608234609821679317e-01 8.289681198280474117e-01 7.910200205758345371e-01 6.893789018130954682e-01 6.615475997275815923e-01 5.924634571372630054e-01 7.315315943934743714e-01 7.088520010022312245e-01 6.998839700710106637e-01 6.189239793971066383e-01 5.784896511396360186e-01 5.999139064729898108e-01 7.625917428855523150e-01 7.309314247493210459e-01 7.239676690171784612e-01 6.730080146963945964e-01 6.675380782362292376e-01 7.404247293082133474e-01 7.493399703573198067e-01 6.845808478419868059e-01 7.500251361766721026e-01 7.094973382731624145e-01 7.546606842597916032e-01 7.088513081733153198e-01 7.932381570667151882e-01 7.542828989985737032e-01 7.852052590067751803e-01 7.623656748728779853e-01 7.866349400094757582e-01 8.115696331735383628e-01 7.942525871043275565e-01 7.869025433933065639e-01 7.996722015436396047e-01 7.602099613198249894e-01 7.519969023687891330e-01 7.638069550060798685e-01 7.694289868070099958e-01 7.942800987017639702e-01 7.718610386688745661e-01 7.809443477872314299e-01 7.540609117613771284e-01 7.496612431152693823e-01 7.665114741595073777e-01 7.719357807707716290e-01 7.710030440635656790e-01 7.815281876450109744e-01 7.678056869633377302e-01 7.845024824188678858e-01 7.759078974174965504e-01 7.929079685919276921e-01 7.806969240182891623e-01 7.508882463105785998e-01 7.677985403532120445e-01 7.613740542318603310e-01 7.631595991421523673e-01 7.682742052062410121e-01 8.142348034663936529e-01 7.747437691630375545e-01 7.644498542438367128e-01 7.657815194562234140e-01 7.402132507937663197e-01 7.886316355583138371e-01 7.780922525321559702e-01 7.838241643125274383e-01 7.731331143137043505e-01 7.870583577405818598e-01 7.668607770543159896e-01 7.657983640081705845e-01 7.782269606054584843e-01 7.770861012003759116e-01 7.720219844746957216e-01 7.905862335739874958e-01 7.780994873840628712e-01 7.717328919052828251e-01 7.984865502061856413e-01 7.818449167571459579e-01 7.767965405444634541e-01 7.993908798907809476e-01 7.857248590536707322e-01 7.851492410893901042e-01 7.955572351718749324e-01 7.703792731464362831e-01 7.673341138741494039e-01 7.983713039879090090e-01 7.707486074982090596e-01 7.818354964746625502e-01 7.949553411873797604e-01 8.031117641682703479e-01 7.901070725307375309e-01 7.779985546422208964e-01 7.839052337156151573e-01 7.870361002136985196e-01 7.751200088022428547e-01 7.694362233958933484e-01 7.630488424499252131e-01 7.738213762576693355e-01 7.724483125518156745e-01 7.808141056959536641e-01 7.722768739527549053e-01 7.826503636731363400e-01 7.826304594956289273e-01 7.699838828327396634e-01 7.703441022875419097e-01
7.537486736728257752e-02 2.091905478158538334e-01 3.945468134072115385e-01 5.887693231886426126e-01 4.482850482299360895e-01 4.329048211069468355e-01 7.334378104108860708e-01 1.000000000000000000e+00 6.879928715646822512e-01 6.424812895031616344e-01 7.090076907662189454e-01 7.687137382789024365e-01 6.959883430552806782e-01 6.469286339033114563e-01 7.822825419805425895e-01 8.063061724414420928e-01 7.033507802952746468e-01 6.971835051465067323e-01 6.357899479067685711e-01 6.839744855526241896e-01 7.107343758082386165e-01 7.262851054408681062e-01 6.741820328059084932e-01 6.235903786179742836e-01 6.442656937490308655e-01 7.910695094332312882e-01 7.581455443181068787e-01 7.596835683565540398e-01 7.350804944425727294e-01 7.292879434475557643e-01 7.673080963211710293e-01 7.633342412051135062e-01 7.328119086899181900e-01 7.682433950066206441e-01 7.508223550019145209e-01 7.711921521605383800e-01 7.443797470586321907e-01 8.056616831267084944e-01 7.802226395797524638e-01 7.884699504375940471e-01 7.562128442424358443e-01 7.835113275239178332e-01 8.037473564304379314e-01 8.011297775426187151e-01 7.904700927990743198e-01 8.046128306670560226e-01 7.622056582911616029e-01 7.535302209228793568e-01 7.692382384492808534e-01 7.799921265660902936e-01 7.993439128399408844e-01 7.514580996102225852e-01 7.755663630553877308e-01 7.586404236498670572e-01 7.690204218135875402e-01 7.802168149760210225e-01 7.991354120031547437e-01 7.784136349123265131e-01 7.903247241614170804e-01 7.814907199436929019e-01 7.878920757630155647e-01 7.970841544845768123e-01 8.028429535741684608e-01 7.982048937922366916e-01 7.575131009592054321e-01 7.768100299465753311e-01 7.585322318331442215e-01 7.675343208233030845e-01 7.744647567426343748e-01 7.929448465016197822e-01 7.722874589874612061e-01 7.688656315218315163e-01 7.684220375118810953e-01 7.499647918516658684e-01 7.859728300747736984e-01 7.780823489150227035e-01 7.847507380144208566e-01 7.879495272529031258e-01 7.873075792971304665e-01 7.791146402571451635e-01 7.760487721518390947e-01 7.793822314893275038e-01 7.798067681252782712e-01 7.816426106740488322e-01 7.875959999994666116e-01 7.779054533850382480e-01 7.719451287281798857e-01 7.892316338056336589e-01 7.825694864097941794e-01 7.767375412349869501e-01 7.900941500433665832e-01 7.755022964969898736e-01 7.790239335962798606e-01 7.844143749279856026e-01 7.586796134638467137e-01 7.592934003646752972e-01 7.855031705668322761e-01 7.812033735475389928e-01 7.753898370373154547e-01 7.829875609404206571e-01 7.839128006177918939e-01 7.844771970845608733e-01 7.628691769942452794e-01 7.785364090662493242e-01 7.743978579442803989e-01 7.799160454450208002e-01 7.632564405978349287e-01 7.593134605357351186e-01 7.736459823420652748e-01 7.688974546570137569e-01 7.762937316425733147e-01 7.722256021912206059e-01 7.786942511141889955e-01 7.793463624395999823e-01 7.625296459530431781e-01 7.643589511707045148e-01
1.405657028593009505e-01 2.436146793335006999e-01 3.552932246538975658e-01 4.802845847624195863e-01 4.506867101908161866e-01 4.620065388794786787e-01 6.627372044125889872e-01 6.879928715646822512e-01 1.000000000000000000e+00 7.298101730608970161e-01 7.795475593721468144e-01 7.726549946430772975e-01 7.447996116759560969e-01 7.078911155897431584e-01 8.042697374356355677e-01 8.199969342483973689e-01 7.943787600527847381e-01 7.158317813024219767e-01 7.176863905242545361e-01 6.335822126309804680e-01 6.455118290295140948e-01 7.443824862867411962e-01 7.654815862319126474e-01 7.180533449723248696e-01 7.230536416168997782e-01 8.097103855485159318e-01 8.169962721952440665e-01 7.944192673818772921e-01 7.783736290979434980e-01 8.002181944016609760e-01 8.402348573927600484e-01 8.583347988891578684e-01 7.493913335674884380e-01 8.281500661476901559e-01 8.358050758709234529e-01 8.286299865677346776e-01 8.317833407783747912e-01 8.221730002479028521e-01 8.408337153536669106e-01 7.715336007570234855e-01 8.567755541166214295e-01 8.432506948325680929e-01 8.203805642867798564e-01 8.548197905863053059e-01 8.417709818757155293e-01 8.401431649965818149e-01 8.654504070793109793e-01 8.767011012597173414e-01 8.653307840990934752e-01 8.198598018915818075e-01 8.356240671012287180e-01 7.934090383501549715e-01 8.379625377481273452e-01 8.747210672844772938e-01 8.709222576227376722e-01 8.623278854039916341e-01 8.535425665447560206e-01 8.675472551887236650e-01 8.571552292287860642e-01 8.743709688209457820e-01 8.648352605301198315e-01 8.692304710785954125e-01 8.466134697394411823e-01 8.608785013869409974e-01 8.673441423259425909e-01 8.706754715459020799e-01 8.705967882753802289e-01 8.669878353675021243e-01 8.783747250512354832e-01 8.447067970362832634e-01 8.483099441649368799e-01 8.624921702335511808e-01 8.616368964840858125e-01 8.522207208881512619e-01 8.706269185462833793e-01 8.689102695347099559e-01 8.622465006706167001e-01 8.705524134949147452e-01 8.623688159809292930e-01 8.693332552155940141e-01 8.743239093709623821e-01 8.699783223604408144e-01 8.699414959605592523e-01 8.723185444847154635e-01 8.583636588466772022e-01 8.673623723434824573e-01 8.633533368738545155e-01 8.592224201042378828e-01 8.689689152685059481e-01 8.693501503297682564e-01 8.439889579254687968e-01 8.616622423824592536e-01 8.643074223460375238e-01 8.600453939572927364e-01 8.600836971645757778e-01 8.680572357963719510e-01 8.392176026163041813e-01 8.613657819915638836e-01 8.643737500761395909e-01 8.554183795793562917e-01 8.500967697247316934e-01 8.586326905177936730e-01 8.536608660761910716e-01 8.622512761536328396e-01 8.528126747804435359e-01 8.674726974821858061e-01 8.665401814799046365e-01 8.715572403432580995e-01 8.734558967943568675e-01 8.683709357564597386e-01 8.644122240884044572e-01 8.723210501882118217e-01 8.640375794502499485e-01 8.687771552618681614e-01 8.639315462550037905e-01 8.670233354475249676e-01
1.127481164227089883e-01 2.617407058865809932e-01 3.249844248560066484e-01 4.333244298464977162e-01 4.030619584656551235e-01 4.031976876491806250e-01 6.290838987233156043e-01 6.424812895031616344e-01 7.298101730608970161e-01 1.000000000000000000e+00 7.031226100496397180e-01 6.998423669765304611e-01 6.824109845600452307e-01 6.363402618809007594e-01 7.374975117501202382e-01 7.450071416595660523e-01 7.012713288150793645e-01 6.647879407329003731e-01 6.594056595800829035e-01 5.714856813401845148e-01 5.649547216056934884e-01 6.679316826577363919e-01 7.197917512906877313e-01 6.654352165625809779e-01 6.691637974485250551e-01 7.487898961548675736e-01 7.506946742625462132e-01 7.496093810126557289e-01 7.399360503559606617e-01 7.466659321060294952e-01 7.743784375135054354e-01 7.987955469001479791e-01 7.194614662055045518e-01 7.822901114089111374e-01 7.823502202196066513e-01 7.660473333377071370e-01 7.699208950973177590e-01 7.844644120598306403e-01 7.864530560733088427e-01 7.458335307790988633e-01 7.829080590113974836e-01 7.844696356389472269e-01 7.671084485894481553e-01 7.853443637558622514e-01 7.732839609549290172e-01 7.882583881917752944e-01 7.907698904312751020e-01 7.925287618676100099e-01 7.891343942194164462e-01 7.750615446603027481e-01 7.839629685685185478e-01 7.104597685128820617e-01 7.631054571173729872e-01 7.963807201205209685e-01 8.062481133693973900e-01 8.017184201552516321e-01 7.853813332987390483e-01 7.941270681719433400e-01 8.056831445424731397e-01 7.896403398860837308e-01 7.919086046681164115e-01 7.971829055831380906e-01 7.878446446632061395e-01 7.850317301232389022e-01 7.787113533810942068e-01 7.871081534293716819e-01 7.921785545922084282e-01 7.954916454596822062e-01 8.087352004810984818e-01 7.717469972818227220e-01 7.715819700027379824e-01 7.873993876514023826e-01 7.934309787696086635e-01 7.844106059770967754e-01 7.973696112541414083e-01 7.952649650510908996e-01 7.960576842420488131e-01 8.091103201021421221e-01 8.014550130950534035e-01 8.073538832349247407e-01 8.023855696553884309e-01 7.994925439830325997e-01 8.050556743768771950e-01 8.065406075658786422e-01 7.985753088014406753e-01 8.017723536789089778e-01 7.966777271344103184e-01 7.962873642091405912e-01 8.049247476575590587e-01 8.008795262630713507e-01 7.823025337868753093e-01 7.898384801869230420e-01 7.927624657192038349e-01 7.953582189640492350e-01 7.871047494424833202e-01 7.917964559699227634e-01 7.756411866641691466e-01 7.913386448197163858e-01 7.913321629247948019e-01 7.862851584882158962e-01 7.834894459658855448e-01 7.908590125932851711e-01 7.725838248590459756e-01 7.871928497807143543e-01 7.742173646343583071e-01 7.934529597576585047e-01 7.920071925418968872e-01 7.965487968215440029e-01 8.037441294452875029e-01 7.924326647746477992e-01 7.952367080082155537e-01 7.917052854501850367e-01 7.922715642943838343e-01 7.931038610963528912e-01 7.841534430990022564e-01 7.850945285213537517e-01
3.421938203297264502e-02 1.573040887252606657e-01 3.666355483136747861e-01 5.457378467957244572e-01 4.487697629802852584e-01 5.017332821533260212e-01 7.306239130462389708e-01 7.090076907662189454e-01 7.795475593721468144e-01 7.031226100496397180e-01 1.000000000000000000e+00 8.329068233745997585e-01 7.636160770417794730e-01 7.263234620910389294e-01 8.474173791300512182e-01 8.391399320548059704e-01 7.935712469010890446e-01 7.251835484356343731e-01 6.995952057833233484e-01 6.887648330904608818e-01 7.085144289251747995e-01 7.674522353978989742e-01 7.352835652744607042e-01 6.932974961346327625e-01 7.105989211233264546e-01 8.178368762573353656e-01 8.213853867909091111e-01 7.923324145686377884e-01 7.455678151732416659e-01 7.712355471789561490e-01 8.349509488654826006e-01 8.640343138640161902e-01 7.570281116796284682e-01 8.414632688513383751e-01 8.207135613536907792e-01 8.463986514290232632e-01 8.267856250633142112e-01 8.451324863792846198e-01 8.449359971377871092e-01 8.132056334465636027e-01 8.752065956734650376e-01 8.656008303668298876e-01 8.539544929749338653e-01 8.684990135516286180e-01 8.681363726040037809e-01 8.622985324609614421e-01 8.766156278264141122e-01 8.781443341310894990e-01 8.744759636375540879e-01 8.490060625743847122e-01 8.607558682101247305e-01 8.348133998249773757e-01 8.645240110375742582e-01 8.758453680982585254e-01 8.693977518160025397e-01 8.703898128848697180e-01 8.597065227153224409e-01 8.750790910148653623e-01 8.733571501861201458e-01 8.761290081098024318e-01 8.796073354883824358e-01 8.727587593689489776e-01 8.698159940169175597e-01 8.673409628114838732e-01 8.713534053680896951e-01 8.790546668238553574e-01 8.807736552641373118e-01 8.758620056803594345e-01 8.824343262681758615e-01 8.765301729999399605e-01 8.729800840414625451e-01 8.763031123881944717e-01 8.717784981183013260e-01 8.556767920292978058e-01 8.862677305408244166e-01 8.801603068524087581e-01 8.746806289051302086e-01 8.692271491753134072e-01 8.758790737606122478e-01 8.705826883372180802e-01 8.780095602177772074e-01 8.811775335902616302e-01 8.786084930813017335e-01 8.802713406744530067e-01 8.813559603500972228e-01 8.831801362880686845e-01 8.787382937071067657e-01 8.814673210363566103e-01 8.819353706873550580e-01 8.813976773861398328e-01 8.781989614925774790e-01 8.831468410132812252e-01 8.823656831343981155e-01 8.829604815809067864e-01 8.820527108449102149e-01 8.806124182264225553e-01 8.701682778034661725e-01 8.699662938943585333e-01 8.841163753186074281e-01 8.843559091298288655e-01 8.783817027704423630e-01 8.808510415964607709e-01 8.790018761014672943e-01 8.824846850514664887e-01 8.797098662285424142e-01 8.764805275892857406e-01 8.826114005563753251e-01 8.797627245298821341e-01 8.846271562869577609e-01 8.830042109392589600e-01 8.847558796954635429e-01 8.819508050169424518e-01 8.823030859828666639e-01 8.825079427347051197e-01 8.812721919478830879e-01 8.818811295191109068e-01
-3.555752093635947825e-02 1.029213722811903736e-01 3.727224806587838835e-01 6.816163636145730065e-01 4.598217539529826370e-01 5.305790909762723162e-01 8.000906574439082819e-01 7.687137382789024365e-01 7.726549946430772975e-01 6.998423669765304611e-01 8.329068233745997585e-01 1.000000000000000000e+00 8.041564935011327186e-01 7.715067841567142537e-01 9.041086211268068995e-01 8.911079414512798058e-01 8.222001279479195235e-01 6.986600337833795971e-01 6.584647150687246153e-01 7.899129335475860714e-01 7.822465516324115242e-01 7.964849094346332370e-01 6.744959941875452447e-01 6.322706057408595814e-01 6.718134284848048532e-01 8.205152771008860091e-01 8.248768904032294236e-01 7.751417962718780696e-01 7.176548082553018126e-01 7.393370163048480492e-01 8.159717838952879054e-01 8.553736034834029667e-01 7.252325252475948503e-01 8.309579517419449779e-01 7.951342724945418272e-01 8.558612433996581892e-01 7.988263494264020714e-01 8.617998475818632320e-01 8.345427374081304528e-01 8.475347387010806477e-01 8.837183039809535234e-01 8.851487747584646515e-01 8.967163839546216098e-01 9.013897298251103418e-01 8.967829609737935082e-01 8.743122343620113313e-01 8.990952673686299912e-01 8.924973360643619902e-01 9.037745610829954757e-01 8.803343998171110352e-01 8.959611269910470188e-01 9.113783394477337207e-01 9.142028016439983640e-01 8.865310180277800045e-01 8.716355812505095502e-01 8.799022231177080489e-01 8.953151728160273493e-01 8.971534581743368930e-01 8.986434350620617906e-01 9.053380005929935193e-01 9.140657223406301046e-01 9.008194499598810578e-01 9.100275144478936484e-01 9.082837297128243392e-01 9.000998557010643220e-01 9.103124634790571434e-01 8.967837999780420288e-01 8.836255209905513608e-01 8.873252928645988247e-01 9.357289520492116930e-01 9.026423490668187277e-01 8.918753011031600453e-01 8.790563129391537611e-01 8.535167049213445711e-01 9.048051615741554699e-01 8.994635448289686197e-01 8.864700394307226672e-01 8.752540207551596785e-01 8.887214681451375276e-01 8.795004940368290614e-01 8.811718964590911085e-01 8.916397465658423283e-01 8.897434073609873373e-01 8.844566727426301789e-01 8.945550971787188388e-01 8.918902099283078089e-01 8.875484404313229714e-01 9.053016200165687755e-01 8.913407710182617016e-01 8.902054684243891902e-01 8.996864580917269816e-01 9.096642623176787179e-01 9.063529038953701544e-01 9.073985127960930708e-01 9.066238763926133259e-01 9.032438115777752241e-01 9.076905328586908350e-01 9.009061012135419766e-01 9.128684549186886210e-01 9.144336410638026491e-01 9.158162409571413143e-01 9.131580678076941515e-01 9.197715844203413482e-01 9.146054724844481232e-01 9.209377683878416931e-01 9.035155766951069589e-01 9.074319494381902773e-01 8.964500950836962190e-01 8.991705624085705173e-01 9.066617629589682759e-01 9.095497526231847152e-01 9.105771955611881019e-01 9.130015272604249388e-01 9.109043821760021142e-01 9.078800679113969707e-01 9.127193304797005524e-01
1.821580872418616590e-02 1.266828478232157884e-01 3.320686134421696467e-01 5.394332041969459590e-01 4.492635819296679767e-01 4.746441264816639305e-01 7.026610572820043421e-01 6.959883430552806782e-01 7.447996116759560969e-01 6.824109845600452307e-01 7.636160770417794730e-01 8.041564935011327186e-01 1.000000000000000000e+00 7.049895978614845182e-01 8.206073718640836123e-01 8.232095924016872290e-01 7.717559898146498787e-01 6.871345602380501960e-01 6.603567649454843425e-01 6.611122862602155648e-01 6.811376356380507424e-01 7.446922947090177658e-01 6.906428998689587706e-01 6.544876125174334813e-01 6.785232439507130620e-01 7.730985240449528284e-01 7.814406795220079083e-01 7.486927205306244115e-01 7.000539369235408982e-01 7.154483399732001203e-01 7.861222447518889656e-01 8.225083271952436936e-01 7.050920217861252892e-01 7.999824497109997434e-01 7.704933295611319233e-01 8.073350396504833659e-01 7.799315824175420131e-01 8.090771377867667091e-01 8.003964259972262685e-01 7.751934666101047977e-01 8.387270776651176707e-01 8.312723190297791609e-01 8.194276785965949328e-01 8.403771988896632239e-01 8.324362177498586535e-01 8.186343694101673174e-01 8.429020302718809310e-01 8.419027224080859462e-01 8.450069871617866823e-01 8.095446999353942408e-01 8.290982699478942619e-01 8.124377004342167030e-01 8.287753512469672179e-01 8.401298793979864454e-01 8.302896068165743770e-01 8.338268750729275203e-01 8.224516382924116353e-01 8.455545893532733226e-01 8.386110240752545630e-01 8.475303397803185534e-01 8.467548692681979849e-01 8.394583139938878169e-01 8.306536109132489631e-01 8.347275085935983441e-01 8.403189114613828226e-01 8.474872909960202705e-01 8.440606300226741743e-01 8.393930367311129848e-01 8.434097402673265131e-01 8.470426669452935098e-01 8.411724962122683058e-01 8.418369977603216148e-01 8.341745998144630692e-01 8.210057222576621072e-01 8.480880184446415448e-01 8.442944499088675947e-01 8.370903898715579272e-01 8.255022311460670226e-01 8.367113148984437476e-01 8.296091282833251146e-01 8.352293404871176108e-01 8.394580170517298434e-01 8.430445405957204263e-01 8.352504518542013257e-01 8.417129144206684233e-01 8.429161683922862247e-01 8.411026457604193762e-01 8.449815306465907616e-01 8.411564380528413487e-01 8.445615489513493834e-01 8.359495662777636227e-01 8.498040787252416628e-01 8.462977608098700699e-01 8.464615440575625760e-01 8.485794918252058672e-01 8.476669451604222916e-01 8.341274153780995348e-01 8.398320780174552969e-01 8.492366014741090652e-01 8.471358200475702649e-01 8.450592544797430605e-01 8.474449727212609584e-01 8.485505134997940457e-01 8.507211368898873749e-01 8.497787381283863350e-01 8.415881564356300082e-01 8.488005528400076605e-01 8.454660524399565391e-01 8.468172453650200104e-01 8.505160465689226568e-01 8.486987493899078583e-01 8.516267970118834851e-01 8.494988128289383544e-01 8.495864620200650474e-01 8.477069135475180373e-01 8.494833784240015673e-01
