1.000000000000000000e+00 9.888716337787471777e-02 6.108615438721835822e-02 9.392910742361196275e-02 3.299400996320327184e-02 2.432431675712196442e-02 3.046021875932168957e-02 4.386390881903274447e-02 1.046068474646232455e-01 7.883081021469014182e-03 1.977089677838760745e-02 1.662283334955842740e-02 4.015330018136727130e-02 2.807276778631463601e-03 1.856346923712643565e-02 1.395946466764294916e-02 8.702283389012113735e-02 3.408045507846015759e-02 -1.064582638341499306e-02 5.099803579315027174e-02 8.685127651711839480e-02 2.293234496791394031e-02 8.522484947901676211e-02 3.711126611727864899e-02 2.063348030349856921e-02 6.853761154214442486e-02 3.290096533757156522e-02 -1.858192152045693140e-03 3.210348679434309876e-02 5.313964098091803617e-02 2.667579899926514342e-02 2.686960481292561057e-02 -2.835273184943715163e-02 8.661529872050797302e-03 -1.182786231039721289e-02 2.352547461855244645e-02 3.217810421842447026e-03 -3.939819246720905645e-03 -4.844634467587998275e-03 -9.850990536936339581e-03 9.698802235699842747e-03 -6.182418963541436163e-03 -4.958924041430258500e-04 8.239517549354050119e-03 1.733490912193292113e-02 -2.013841154169003240e-03 7.114231839148218300e-03 2.049533082269754461e-02 3.015744785704656608e-02 2.734261296452083351e-02 4.472922162867062554e-03 2.514807791887224003e-02 2.842330362127057711e-02 4.326451408103094282e-02 4.006841564359522878e-02 3.358216413717936277e-02 5.867621942931205287e-02 1.083008260949061378e-02 3.399197795865770057e-03 3.405599151348398523e-02 4.049770013013619108e-03 2.212087223549126166e-02 8.432148565247932215e-03 3.547465593662489647e-02 5.169842203044433537e-02 6.284040017700304182e-02 1.893974175232738741e-02 6.226021717319256063e-03 2.018121003288467219e-02 2.435726092688051542e-02 7.857385953504344642e-03 8.686702073192952706e-03 1.724204748040181548e-02 7.109759838028030000e-03 2.396141054481077878e-02 1.525953150703588702e-02 1.063470620124134071e-03 2.032456551812624954e-02 6.010366874658861457e-03 1.289608519489590308e-02 1.072063896096051017e-02 1.347702325902460849e-02 2.860092432909375551e-02 -3.174282215063856539e-03 -1.000687416491706505e-02 5.122773135830386605e-03 2.479294719571276638e-03 5.836513075517647461e-03 -7.453400549766136911e-03 2.568334382239794572e-02 -7.230120123815859078e-03 -1.424748231348288386e-03 6.438641059779498348e-03 -2.894938857778382182e-04 2.341455729982371524e-03 9.408798519149752168e-03 -7.598356658855125742e-04 3.750872907930198619e-02 4.204124352871580969e-03 -2.300297042886332265e-03 -1.722874600194242937e-03 1.310487205478087086e-02 1.083534944024505849e-02 4.256349693477764345e-03 2.070484998713011462e-02 4.348390736124022743e-02 2.635056612711530674e-02 2.094169243388259785e-02 2.228181385736464903e-02 7.415739093871710069e-03 9.284317966143039100e-03 1.861978467491422901e-02 1.495816502436588674e-02 1.999264309622799871e-02 2.884582481929965844e-02 3.604574446322549724e-02
9.888716337787471777e-02 1.000000000000000000e+00 8.323869039579159801e-02 1.040520003899003953e-01 8.288768216892483665e-02 1.100383391591720633e-01 1.488321752204365411e-01 1.186353101912327596e-01 1.724167952096042067e-01 1.786353114650745533e-01 1.499035655237428433e-01 1.634941406115744400e-01 1.457998483399572942e-01 9.517196252902548892e-02 1.615596732464899266e-01 1.477418901346382318e-01 1.684965102128143655e-01 7.232381868190125573e-02 1.192075750821784269e-01 7.724038272778631364e-02 9.190775154787973744e-02 1.539846426685097247e-01 1.418172750916752434e-01 9.236497269913769570e-02 1.393747601221208832e-01 1.702402624376567475e-01 1.649088203343506975e-01 1.426818546689757605e-01 1.525111621250898886e-01 1.638549193885670274e-01 1.664139356182908758e-01 1.457943988996722173e-01 7.581848020087018913e-02 1.139041583021044440e-01 1.069234034487098195e-01 1.369718232920057732e-01 1.545505568505960992e-01 1.396425653543716394e-01 1.421755147113652751e-01 1.402666991558138010e-01 1.590587083313242667e-01 1.513044844067440997e-01 1.467540140136553706e-01 1.580632487523917495e-01 1.577144162014089690e-01 1.517897072459665209e-01 1.650355121879202303e-01 1.700429786176790858e-01 1.790081927018470631e-01 1.325389740092449420e-01 1.516206335275396833e-01 1.297568948571665992e-01 1.556004667310828260e-01 1.927213298998113333e-01 1.844819018552305567e-01 1.645189587771170026e-01 1.787672320052114405e-01 1.664070225962604177e-01 1.660329977266769008e-01 1.730649121523445133e-01 1.570457513222363599e-01 1.741487210353827586e-01 1.581616852854052513e-01 1.748413385042009438e-01 1.715797970351455037e-01 1.809039416020129520e-01 1.699796379189951467e-01 1.511865988937305116e-01 1.566406285240110052e-01 1.529426325932235486e-01 1.523425256619083679e-01 1.664751199839278051e-01 1.465599858724612736e-01 1.465793215897388257e-01 1.689951058825267249e-01 1.677265939421593577e-01 1.522958087259095872e-01 1.605707977620695059e-01 1.653625156050475276e-01 1.613355074893438046e-01 1.643552947515441731e-01 1.678084033975755229e-01 1.686996176161018046e-01 1.380116148854022839e-01 1.405372041725244658e-01 1.453891298072678695e-01 1.619477556168811005e-01 1.587993693957172325e-01 1.549446321029799012e-01 1.698828937566997654e-01 1.534817869519340405e-01 1.595027133757747351e-01 1.618860510548738862e-01 1.615693056790195592e-01 1.647487055674021206e-01 1.691058429564812615e-01 1.473469223113469673e-01 1.575028126405255136e-01 1.590860357225462873e-01 1.550989795951853156e-01 1.537222473264297506e-01 1.606899537100373587e-01 1.593837106945068249e-01 1.589514549913108032e-01 1.540227433812829116e-01 1.764929266591080126e-01 1.724106680532241920e-01 1.720179561487400199e-01 1.721333091737403953e-01 1.665880653194250771e-01 1.687957251511042756e-01 1.685975273937068419e-01 1.692173268687866550e-01 1.646563826904400840e-01 1.677774804879008097e-01 1.735489138010872234e-01
6.108615438721835822e-02 8.323869039579159801e-02 1.000000000000000000e+00 3.469967990795312929e-01 2.156865954181867162e-01 2.049005923069020518e-01 3.522110953521201404e-01 3.334502558996417232e-01 3.639520006929563012e-01 3.148226754390175408e-01 3.785854098426155168e-01 3.890861045538794860e-01 3.451422548237584875e-01 2.908955649618866768e-01 3.879082953237892317e-01 3.782292930851329227e-01 3.597314730699056606e-01 3.606088526432362218e-01 3.818421463892973655e-01 2.955511522574431615e-01 3.792672079781678196e-01 3.941625297599163913e-01 3.744238996554068999e-01 3.846881300269616166e-01 4.072148132645120877e-01 4.024780240698824230e-01 3.975957155137443411e-01 4.109938192234477428e-01 3.749143853609395172e-01 3.996543851636542022e-01 3.991494988131095156e-01 4.024014889135348327e-01 3.504437268866941180e-01 4.110578690051964745e-01 3.729527730953492437e-01 4.067806949679995121e-01 4.118240759700533826e-01 3.845966868829341356e-01 4.043082177797027721e-01 4.152914840035128452e-01 3.902570264006522960e-01 3.924329659870006703e-01 4.022276604836321212e-01 4.040010754942127136e-01 4.225545474309145844e-01 4.044951203588507682e-01 3.858783930465795597e-01 3.861394261824651064e-01 3.797159882027115740e-01 3.782394312240576206e-01 3.863113966298303836e-01 3.938523932061353539e-01 3.932391929850899692e-01 3.803623329665085095e-01 3.754359920490512592e-01 4.019643220983679099e-01 3.760183949016567828e-01 3.842127733560468106e-01 3.793549097837121131e-01 3.883564883306032112e-01 3.829612194604764541e-01 3.813284802728800771e-01 3.734472837102021936e-01 3.887224261784916202e-01 3.866454442127310598e-01 3.817841719702743664e-01 3.928819589335190710e-01 4.081598987524782673e-01 4.106221885125358462e-01 4.056616582110210700e-01 4.123464380562302245e-01 4.060146105292813390e-01 4.117279830399467877e-01 4.133693411475092838e-01 4.087652838532185862e-01 4.023278825137006076e-01 4.033167777183820912e-01 3.928100150660696621e-01 4.084827359484157205e-01 3.915413128272929866e-01 3.997626492399240505e-01 3.895973257065193374e-01 4.120178148501916215e-01 3.921398175840291600e-01 4.039554077310777425e-01 4.131848073180107717e-01 4.109796605864092234e-01 4.035811456925988971e-01 4.049311434954624978e-01 4.035382638929205235e-01 4.157541136524088299e-01 3.988032752461202479e-01 4.083593534432141681e-01 4.017807942819069389e-01 3.889156006602279558e-01 3.870367091201367127e-01 3.920992143397499241e-01 3.838204383282246557e-01 3.880266057677211888e-01 3.950385523315143033e-01 3.938504583750943588e-01 3.863495448666837140e-01 3.945753851253001598e-01 3.941210445295103004e-01 4.001706981931563711e-01 3.840463308489767691e-01 3.926908476841730056e-01 3.915397593564723389e-01 3.882984468068126360e-01 3.882718098712353849e-01 3.898209643927942891e-01 3.898291820968043386e-01 3.879841166521312834e-01 3.935564564337163951e-01 3.953380560672005717e-01 3.905985752723012960e-01
9.392910742361196275e-02 1.040520003899003953e-01 3.469967990795312929e-01 1.000000000000000000e+00 3.191951057941180836e-01 3.789365991947721835e-01 5.604695344765157072e-01 5.371277891241753588e-01 5.388754860086917287e-01 5.027434636955290248e-01 5.799570797941554501e-01 6.080476593017184461e-01 5.338245334635154382e-01 4.533615486480733203e-01 5.890294899557120267e-01 5.771818322927302347e-01 5.854730035124485754e-01 5.544963076899938059e-01 5.481568154344980126e-01 4.824077589683287703e-01 5.897522550349039161e-01 5.808113837547166369e-01 5.760398095356283887e-01 5.620576659871716618e-01 6.000920773467753877e-01 6.194721615856016994e-01 6.052161503466730874e-01 6.069549097358410972e-01 6.016161090169183101e-01 6.146741365998089623e-01 6.140013075439525458e-01 5.986566742446194356e-01 4.911620941402368157e-01 6.084961406087534552e-01 5.398961505356950630e-01 6.246972634882552722e-01 6.122177527779637529e-01 5.909372350950351516e-01 6.125646220888431026e-01 6.117047599512188683e-01 6.029568315961781888e-01 6.050214525533670340e-01 6.058908123024173698e-01 6.164557087955452319e-01 6.333918836946063058e-01 6.107548211699046492e-01 5.912551440764883814e-01 5.996209499385078967e-01 5.903681327577686710e-01 6.003755480025859681e-01 5.942963257346922656e-01 6.151520522772890853e-01 6.073229707170542113e-01 6.014406884571975587e-01 5.973990879586807967e-01 6.353172361534609180e-01 6.115603566464000718e-01 6.009262706327088699e-01 5.965817087838440891e-01 6.037480889468397338e-01 5.982173626605685746e-01 6.034184317645220341e-01 5.965345799527945747e-01 6.146252765209101465e-01 6.032168459549721584e-01 6.155863356751226645e-01 6.013060557506287873e-01 6.214005151692142404e-01 6.193217670613622161e-01 6.277889948156936128e-01 6.195372736956026305e-01 6.131995301020864986e-01 6.269055434129672255e-01 6.234710899991767752e-01 6.227396516964015527e-01 6.185573864299367397e-01 6.146335122507706750e-01 6.148765760040338924e-01 6.162419302095683005e-01 5.988075163992214733e-01 6.035130976332447883e-01 6.044203508337476771e-01 6.351523346081394683e-01 5.768038136824357176e-01 6.137838091205908286e-01 6.231510879620720811e-01 6.270704130204317606e-01 6.181183500469549230e-01 6.080618327575381121e-01 6.316273097123695779e-01 6.205611926020583313e-01 6.089857726240526237e-01 6.236859199900849360e-01 6.104632987376259479e-01 5.938926044541780191e-01 5.957499833793507005e-01 6.082009782578411405e-01 6.134657692730297596e-01 5.946704465330029388e-01 6.003928442499466556e-01 6.074210584116784828e-01 6.057323581111981881e-01 6.025818906477117265e-01 6.043733069404477742e-01 6.263363585859716975e-01 6.045320123063394613e-01 6.085716212579519446e-01 6.083115862617173297e-01 6.068529694267644770e-01 5.986330882925116059e-01 6.017365331939240614e-01 6.044438262526977690e-01 6.052804498275492495e-01 6.098308385131189224e-01 6.094763256675171936e-01 6.138084866044190013e-01
3.299400996320327184e-02 8.288768216892483665e-02 2.156865954181867162e-01 3.191951057941180836e-01 1.000000000000000000e+00 2.879066200801036479e-01 4.513978853620247422e-01 4.499451188666183099e-01 4.548066941099043192e-01 4.049561143837239752e-01 4.466283123287418388e-01 4.846704498973549713e-01 4.708996229292206626e-01 3.523367385085299230e-01 4.893553352290319625e-01 4.901854787092370103e-01 4.192094840616910623e-01 3.642408335741705305e-01 4.225221814463320791e-01 3.087822849569314965e-01 4.056186207687787482e-01 4.241505316547933280e-01 4.231616054209583200e-01 4.000551012230839087e-01 4.379419348514369537e-01 4.746082973326832821e-01 4.648325959161720422e-01 4.616279279746986486e-01 4.543084865563322139e-01 4.853524570836594831e-01 4.974082098139511188e-01 4.696225308973873136e-01 4.141817646953552257e-01 4.420692715597924760e-01 4.435193181751941327e-01 4.456986866012723758e-01 4.608471984827954282e-01 4.720290008965168926e-01 4.777924767169753895e-01 4.513503453147342803e-01 4.975574061737681464e-01 4.927835057487834347e-01 4.781410816679342313e-01 4.923659179033365030e-01 4.761204823457729218e-01 4.847029693153886432e-01 4.899161498891330124e-01 4.944300017207265974e-01 4.708393207511546441e-01 4.478946163931633029e-01 4.863545207935990322e-01 4.653968551757201033e-01 4.860588496954324489e-01 4.783285387951402567e-01 4.689787206839492462e-01 4.717190338551722206e-01 4.496364676021544216e-01 4.787773759242838767e-01 4.776857428008047246e-01 4.892512227853840767e-01 4.778928973590877982e-01 4.787171797502186021e-01 4.775668151167590803e-01 4.771189885330952563e-01 4.875996372835270098e-01 4.689468439365900854e-01 4.912448592458918961e-01 4.898449577928010168e-01 4.901612896072471415e-01 4.843828799479668046e-01 4.850962215150774748e-01 4.877670384331113662e-01 4.832339003852757497e-01 4.916320679186296783e-01 4.971738144570526097e-01 4.950061787299007698e-01 4.959455367054028674e-01 4.899661314147834568e-01 4.949856159369476205e-01 4.976895932481107399e-01 4.911697916717006618e-01 4.972880552167391888e-01 4.834957506695760632e-01 4.849382642534760257e-01 4.810492919200520801e-01 4.866526820310920209e-01 4.863489583512625170e-01 4.906519163484828194e-01 4.902750045196954121e-01 4.858884775387679045e-01 4.879182070228783030e-01 4.952289258940157923e-01 4.927032516358126335e-01 4.944872265065443084e-01 4.941188014297387410e-01 4.937708457914815607e-01 4.836613250386552210e-01 4.763444493516821310e-01 4.918004450608145506e-01 4.949130927971976956e-01 4.907617385553962319e-01 4.839399741482497408e-01 4.954543399460331066e-01 4.959500286370556732e-01 4.898685361039718522e-01 4.752055503039337436e-01 4.840858248950196674e-01 4.938010881130975305e-01 4.893355911169270933e-01 4.932108906264873194e-01 4.894323290600003928e-01 4.936599007339576572e-01 4.868979662356109350e-01 4.866946444353783541e-01 4.903905839085287988e-01 4.860675928056057415e-01
2.432431675712196442e-02 1.100383391591720633e-01 2.049005923069020518e-01 3.789365991947721835e-01 2.879066200801036479e-01 1.000000000000000000e+00 5.312149059243580496e-01 4.892460930955394582e-01 5.119728198190947044e-01 4.861933674971038455e-01 5.268360025212545095e-01 5.539355102472538483e-01 5.071655078264544203e-01 4.028296026107802130e-01 5.613176325443471892e-01 5.406424022767477577e-01 5.082476847576488099e-01 4.308577497969340309e-01 4.892062291229112292e-01 3.723912195992254426e-01 4.445978498402281542e-01 5.111094571206431514e-01 4.763542566823124602e-01 4.498046557310730331e-01 5.109683414026082726e-01 5.371833908317168449e-01 5.484351365922728316e-01 5.367863426775617564e-01 5.452774395528835472e-01 5.556745772955494767e-01 5.754711021180228814e-01 5.355194256111032169e-01 4.573522482507277331e-01 5.180947194026885860e-01 4.934638320559691649e-01 5.306174412977336941e-01 5.380221717914309698e-01 5.355324658140763194e-01 5.624535286324480188e-01 5.242817113310767052e-01 5.700387222170574253e-01 5.665100265723651551e-01 5.632937771484239908e-01 5.679179266603547882e-01 5.656106768028598131e-01 5.697438765211445544e-01 5.672032814524381461e-01 5.653585005891796911e-01 5.525748510719007411e-01 5.322457991484470519e-01 5.612869883420267270e-01 5.553522188214345956e-01 5.610457017714286510e-01 5.577443304537542668e-01 5.462258045416307217e-01 5.524302052437758404e-01 5.438860939857348420e-01 5.699884576047938856e-01 5.608259355701117332e-01 5.698056994906133266e-01 5.626105144979467454e-01 5.667675842044285206e-01 5.602795512728543370e-01 5.630830872699189582e-01 5.640335315526527893e-01 5.526740003853070071e-01 5.723449383816939795e-01 5.711402197377987155e-01 5.670385222937053271e-01 5.651500520125939397e-01 5.709826594259090893e-01 5.730949479637732491e-01 5.658808567754309848e-01 5.672471952618189928e-01 5.768085261845392608e-01 5.761349425688234716e-01 5.787310762127645392e-01 5.786106773741930276e-01 5.771296140409273301e-01 5.722725948492967118e-01 5.699113844142661423e-01 5.765026968348534453e-01 5.733201699064676138e-01 5.546921651207981085e-01 5.653391286611778588e-01 5.697363933431677241e-01 5.730407740308997022e-01 5.730746802828552422e-01 5.735933767537850780e-01 5.704148612740207458e-01 5.698671974064632995e-01 5.760732588145406341e-01 5.770989937919089874e-01 5.777672921410889062e-01 5.725034188882555108e-01 5.725262032053026751e-01 5.673529353902561079e-01 5.674228590210831369e-01 5.707840982700654875e-01 5.731701054437451370e-01 5.740579475627981543e-01 5.708072573427874774e-01 5.740160385665308285e-01 5.763304267568010175e-01 5.774336341139887363e-01 5.554219146032287613e-01 5.682364889070081748e-01 5.707334706500979404e-01 5.691425933789092673e-01 5.742961281545782004e-01 5.706793678335979614e-01 5.720549278158982842e-01 5.713908542318583139e-01 5.701504046454838326e-01 5.747724236302816925e-01 5.692672804364131700e-01
3.046021875932168957e-02 1.488321752204365411e-01 3.522110953521201404e-01 5.604695344765157072e-01 4.513978853620247422e-01 5.312149059243580496e-01 1.000000000000000000e+00 7.166475105718549399e-01 7.444721432736729483e-01 6.972432635252435729e-01 7.861645549100394481e-01 8.212067665241954417e-01 7.556229879748889156e-01 5.919519564769576414e-01 8.451526079956180881e-01 8.193162778150131498e-01 7.328299989591090524e-01 6.470172025912794833e-01 7.303218392811594573e-01 5.320009106805344556e-01 6.826615845819825612e-01 7.600138253939576760e-01 7.252647417787615458e-01 6.809845683513447989e-01 7.664444752554734341e-01 8.165600793927565437e-01 8.174330790349756404e-01 8.259800377900502477e-01 8.082657279278759876e-01 8.410236613353020418e-01 8.523812600381416305e-01 8.187776811932169219e-01 7.311792345155747608e-01 7.895789296743960239e-01 7.863921110913658641e-01 7.959299424712084070e-01 8.185877195657214056e-01 8.211832942147113679e-01 8.491193347201365649e-01 8.173336437870569737e-01 8.509012077398283580e-01 8.506730978689859279e-01 8.446435961722231767e-01 8.564965892972185024e-01 8.484812059549808883e-01 8.521616492320165381e-01 8.481992109373684974e-01 8.497801844476727817e-01 8.289389735093883882e-01 7.847728123980757253e-01 8.379451570150054929e-01 7.927055517217415082e-01 8.297380170977937119e-01 8.293049959898649570e-01 8.157546457717841371e-01 8.364110600564935716e-01 8.013344570346544460e-01 8.437223316212488777e-01 8.380014996890655654e-01 8.428238634254545669e-01 8.360264463491799969e-01 8.396619591238787539e-01 8.301319407683079854e-01 8.369777217765700383e-01 8.283350675282775688e-01 8.169409109724257156e-01 8.497265864923759793e-01 8.518201770065984002e-01 8.531667045027730989e-01 8.364859048239915440e-01 8.498949399966090335e-01 8.538529914521684194e-01 8.403565702223864120e-01 8.439144363727942855e-01 8.595628371708775584e-01 8.563849104339325002e-01 8.591456741168030931e-01 8.542900887394341281e-01 8.600494984687946376e-01 8.540063803488586736e-01 8.589023133937935262e-01 8.561731115024282524e-01 8.545473612651115491e-01 8.419779728560694565e-01 8.470401136839901257e-01 8.499048530043732397e-01 8.559552231044534887e-01 8.598291471459935664e-01 8.585190149855107533e-01 8.541295168037238428e-01 8.590977132187699317e-01 8.600241826030015080e-01 8.607969351425909244e-01 8.605111310723776441e-01 8.523415738756014992e-01 8.519440009352462484e-01 8.389107141862467421e-01 8.244380756443657754e-01 8.493257948499443044e-01 8.539842099810596165e-01 8.559928457890573217e-01 8.465794157326236302e-01 8.472648215879449163e-01 8.543293974546102287e-01 8.462298646649688560e-01 8.295351845446373718e-01 8.452065505057401174e-01 8.535641222055513344e-01 8.504101211081886991e-01 8.508471899193208454e-01 8.516322289054021333e-01 8.502699040670326225e-01 8.488559029715061488e-01 8.500929684962735822e-01 8.449967220087363229e-01 8.420098407240803606e-01
4.386390881903274447e-02 1.186353101912327596e-01 3.334502558996417232e-01 5.371277891241753588e-01 4.499451188666183099e-01 4.892460930955394582e-01 7.166475105718549399e-01 1.000000000000000000e+00 7.128443822404133545e-01 6.426439919009266921e-01 7.346483969684352022e-01 7.790135553003982860e-01 7.220879312418571061e-01 5.451385210779406965e-01 7.804001690349285925e-01 7.839356906880303733e-01 7.027376129835437579e-01 5.894448615065397412e-01 6.593646548763099080e-01 4.949163483626657367e-01 6.554345181651852759e-01 6.979954590140352577e-01 6.574270837660436406e-01 6.187335786622529810e-01 7.066884617542530389e-01 7.577492204930971198e-01 7.484015712146940835e-01 7.455151813855375176e-01 7.463484308656699318e-01 7.874372075195222864e-01 7.977584420619828753e-01 7.630402487671003042e-01 6.891557239888235209e-01 7.421429003318562589e-01 7.324372796671581032e-01 7.477467335306875462e-01 7.518774673586448021e-01 7.771036622067727384e-01 7.928639743429947151e-01 7.565298208450499384e-01 7.922354956882535770e-01 7.928281386789434171e-01 7.937153045620729541e-01 7.995656095128190755e-01 7.822150865109901430e-01 7.847934110663723484e-01 7.957165981128773158e-01 7.972904687468713725e-01 7.814283409646229916e-01 7.637132815070584169e-01 7.959466219581623481e-01 7.547623442410815731e-01 7.791223103379869563e-01 7.769113665662811252e-01 7.668115548119198710e-01 7.773845299631768624e-01 7.636874867359966235e-01 7.863585134382675701e-01 7.857133308037831387e-01 7.934949350254921763e-01 7.917293895217016875e-01 7.898502252860871709e-01 7.915049230307871220e-01 7.923034548797147636e-01 7.788101501291573303e-01 7.726485209683776612e-01 7.952615894799582863e-01 7.902351582361579752e-01 7.911108324785789403e-01 7.826101375721866704e-01 7.922068507535856563e-01 7.940189547282262561e-01 7.798873709111070474e-01 7.877181110777292661e-01 7.989793249230700001e-01 7.944613891568945707e-01 7.940129516239197160e-01 7.963081195852851346e-01 7.949377536607222794e-01 8.034843955578501173e-01 7.981725585450901717e-01 8.020190178574621021e-01 7.966180830856669504e-01 7.894078413915633918e-01 7.931226687605781311e-01 7.926868042288905958e-01 7.940311068131395977e-01 8.021985585631755677e-01 7.993860590602585026e-01 7.949020770808190584e-01 7.951414766618112306e-01 8.014521291228181576e-01 7.991585556422069470e-01 7.999738459813924285e-01 7.970574134287534696e-01 7.982107282865091857e-01 7.960524283207875973e-01 7.874071361633300237e-01 7.994337457846016903e-01 8.023868894340313584e-01 8.021789979527674808e-01 7.970256580908768873e-01 7.963197661378745851e-01 8.025774455881944380e-01 7.971853978583319789e-01 7.832818303796925674e-01 7.948346261218327546e-01 7.977762051811815303e-01 7.962645158040863036e-01 7.975409751021327320e-01 7.989466257330547494e-01 7.983968974193197399e-01 7.977262102778828190e-01 7.988045782144886919e-01 7.950622579987518534e-01 7.923437377333719667e-01
1.046068474646232455e-01 1.724167952096042067e-01 3.639520006929563012e-01 5.388754860086917287e-01 4.548066941099043192e-01 5.119728198190947044e-01 7.444721432736729483e-01 7.128443822404133545e-01 1.000000000000000000e+00 7.298616033154055049e-01 7.970621627179899082e-01 8.283485518260328417e-01 7.809304223911891496e-01 6.064483158431773768e-01 8.456293220697802537e-01 8.395956993031418181e-01 7.974760403973151224e-01 5.860600309989743018e-01 6.901860874778786847e-01 5.017430285767996434e-01 6.696132552864291210e-01 7.409531654377107257e-01 7.015490849562724396e-01 6.330055267546912390e-01 7.357061297878902950e-01 8.053144506668401537e-01 8.112237478123812684e-01 7.811175157919655332e-01 7.923929515941305901e-01 8.455055565437543663e-01 8.643594415355008165e-01 8.154731202816740687e-01 6.971322327143887332e-01 7.732734221091654980e-01 7.655344319265207087e-01 7.978536659116325369e-01 7.965885297524587516e-01 8.237241878243889426e-01 8.385793328411907943e-01 7.861149922041453797e-01 8.545761287541175921e-01 8.435385577640386323e-01 8.417383665995992192e-01 8.612341028177438185e-01 8.386809969928222808e-01 8.484996738422141416e-01 8.694593720472345577e-01 8.730890292539221775e-01 8.635641792611390422e-01 8.274219041319442747e-01 8.606218399772983529e-01 8.293762635350802048e-01 8.593165050358233525e-01 8.671906381506028216e-01 8.508255432285488640e-01 8.380167564083337295e-01 8.478041213111332519e-01 8.603270228710093726e-01 8.567354763487645686e-01 8.789590077264093360e-01 8.650122451199036000e-01 8.658832109954659462e-01 8.579003193595321486e-01 8.685996953370523910e-01 8.772489503498325236e-01 8.657768219101700247e-01 8.717832024073677299e-01 8.485493881818079176e-01 8.495317407753566474e-01 8.407120418569159481e-01 8.463870279011141973e-01 8.607906386153968414e-01 8.339749834900584968e-01 8.401653617431115162e-01 8.683641701027589033e-01 8.670522499622563828e-01 8.522143240876648429e-01 8.604495459473003871e-01 8.586174553021520550e-01 8.721857811394797544e-01 8.616777650917192277e-01 8.738470039325878513e-01 8.639166266167289665e-01 8.460606499979710371e-01 8.460052904787284112e-01 8.507484895094735711e-01 8.553971523595045312e-01 8.622703757418859194e-01 8.592216852636515023e-01 8.541993867508466121e-01 8.444279573561505048e-01 8.655326783811730929e-01 8.612557143262010717e-01 8.649909008952502143e-01 8.719048931842531269e-01 8.742847233970925114e-01 8.475800574645057095e-01 8.634321070704407131e-01 8.708936402139202393e-01 8.659279155864971766e-01 8.638801818026607959e-01 8.660978375089929404e-01 8.738520950305376234e-01 8.702366023009440177e-01 8.688522665810177736e-01 8.576766061870931823e-01 8.711622363709903283e-01 8.742756157807213269e-01 8.683466189032718052e-01 8.702129149256251361e-01 8.681372353706300338e-01 8.753651101595619766e-01 8.699752270994629555e-01 8.719346759090267351e-01 8.771233528026088910e-01 8.725264912782141336e-01
7.883081021469014182e-03 1.786353114650745533e-01 3.148226754390175408e-01 5.027434636955290248e-01 4.049561143837239752e-01 4.861933674971038455e-01 6.972432635252435729e-01 6.426439919009266921e-01 7.298616033154055049e-01 1.000000000000000000e+00 7.339763639200885814e-01 7.760763614711695402e-01 7.034623849023099451e-01 5.833291980656708509e-01 7.837028540801538323e-01 7.775522925018883980e-01 7.298665897304490446e-01 5.750554911168157535e-01 6.672291137251368243e-01 4.624839693634658633e-01 6.075361926992997041e-01 6.982172184380621704e-01 6.700478324884668879e-01 6.081745360131275424e-01 6.977562831858360459e-01 7.409026361031061381e-01 7.632536165079709667e-01 7.355409041972191808e-01 7.353994524997043980e-01 7.796031397059995927e-01 7.988190005803954552e-01 7.628123028402046257e-01 6.340257743130680579e-01 7.297926101178451308e-01 7.097617181390500907e-01 7.437133080888004288e-01 7.598111896764011552e-01 7.652473919935948166e-01 7.895972687493888476e-01 7.511665196692794977e-01 7.948888131751464803e-01 7.883653967608508228e-01 7.871087040061516271e-01 7.992278667114860458e-01 7.919228851598260066e-01 7.968507255263556077e-01 8.078453747104142879e-01 8.121873045336491792e-01 7.978499630925729447e-01 7.474126745514809711e-01 7.968598431008029337e-01 7.488450906968093790e-01 7.918794626931529024e-01 8.097527511210306228e-01 8.001677670463621661e-01 7.951893763405136761e-01 7.879370539754637637e-01 8.078072461452746600e-01 8.090007902818255880e-01 8.080245718684846423e-01 8.022475263693480407e-01 8.093916531894369548e-01 8.020839689707249809e-01 8.041033311558825059e-01 7.993321501074294178e-01 7.968974333057881054e-01 8.125135768631502886e-01 8.006668158066978513e-01 7.979545343414885528e-01 7.781451113464528113e-01 7.931388816766610228e-01 8.051051425683706242e-01 7.871596485914419405e-01 7.836432696943098630e-01 8.063932191716620679e-01 8.063538279784943086e-01 7.946082117858122018e-01 7.954420275655780248e-01 8.006518684553279863e-01 8.073102388156356835e-01 8.041123228820872271e-01 8.108770638486100246e-01 8.087184190093870129e-01 7.791695752407574727e-01 7.901934051020886862e-01 7.953595139036826467e-01 8.040744749856167939e-01 8.093560048381931438e-01 8.039105901267638021e-01 8.099156330856732700e-01 7.989334754513933712e-01 8.086208652621275084e-01 8.079490937780927640e-01 8.091767170087519334e-01 8.108565054597242083e-01 8.132060672860359496e-01 7.894557678708635784e-01 7.892867829803735802e-01 8.082651328366362575e-01 8.040323109080352859e-01 8.063028128591336330e-01 8.076310306913276893e-01 8.068397710606012296e-01 8.088660297014717004e-01 8.023071916275493765e-01 8.002007952402577784e-01 8.094229856781013366e-01 8.145508103179743831e-01 8.130727656664180625e-01 8.115539108987210870e-01 8.139854351413803313e-01 8.115452973186334518e-01 8.120726553686250515e-01 8.081087389785029940e-01 8.085287789137698411e-01 8.073795459400742169e-01
1.977089677838760745e-02 1.499035655237428433e-01 3.785854098426155168e-01 5.799570797941554501e-01 4.466283123287418388e-01 5.268360025212545095e-01 7.861645549100394481e-01 7.346483969684352022e-01 7.970621627179899082e-01 7.339763639200885814e-01 1.000000000000000000e+00 8.683988431799100072e-01 7.947101166721322052e-01 6.380421232736330772e-01 8.692580553747000227e-01 8.606061343974783506e-01 8.009364940340171213e-01 6.456397150233280646e-01 7.424042403085712172e-01 5.322286120342176741e-01 6.974540769277670638e-01 7.866058810411308277e-01 7.354585407167415489e-01 6.861962276528245086e-01 7.863248399817942547e-01 8.358048231499016767e-01 8.491305946235724322e-01 8.440646345540555595e-01 8.284490691626689163e-01 8.763586316481045690e-01 8.866014819804085567e-01 8.608227817221246747e-01 7.519553412278041638e-01 8.347653380292209269e-01 8.148067748194206539e-01 8.388387514528415911e-01 8.519958857729474921e-01 8.685211160990692347e-01 8.863410766748974767e-01 8.460482345413008476e-01 8.917139756862714206e-01 8.939336753692800341e-01 8.863330102799806820e-01 8.975031936399208154e-01 8.829272753872987600e-01 8.914744430966324851e-01 9.008569163420141468e-01 9.010459527000483915e-01 8.912454549935008297e-01 8.571805206656745169e-01 8.946703755306397721e-01 8.543445025451724684e-01 8.869950388263013741e-01 8.865596869968487281e-01 8.756764807139898465e-01 8.755272224819186100e-01 8.687411303162190235e-01 8.929695553958767462e-01 8.936634554788372986e-01 8.990044150197545880e-01 8.967787345545710220e-01 8.958028267636168884e-01 8.912526544152589159e-01 8.932004337182321008e-01 8.858743682148675358e-01 8.786331647441842918e-01 9.018446645027978770e-01 8.926403499688233545e-01 8.913151316463194807e-01 8.762469627107115633e-01 8.901274895256253705e-01 9.006342400071462029e-01 8.793046835698926644e-01 8.836849843363367984e-01 9.015693846461159122e-01 8.997771398448131119e-01 8.980036161319010501e-01 8.943195082734710644e-01 8.983981609732935025e-01 9.030519921124466887e-01 8.992325455270534507e-01 9.043307042651469452e-01 8.987786992744479786e-01 8.830916002980827573e-01 8.925585377074465310e-01 8.956533318686417111e-01 9.011213248025472522e-01 9.026620301565627669e-01 9.022728691258298239e-01 8.945336109723837081e-01 8.952043623621679380e-01 9.066814473006100661e-01 9.037588404565523037e-01 9.062002772550793450e-01 9.041290449709640242e-01 9.041928229051369170e-01 8.881587417205998314e-01 8.868345980642143855e-01 9.026817936602891113e-01 9.017889923640769467e-01 9.015263144308236498e-01 9.002596139168997924e-01 9.007942206648860139e-01 9.048566724336156719e-01 8.993001800782038924e-01 8.836341213107811177e-01 8.997119062289324898e-01 9.026472968926018137e-01 8.995555745776807610e-01 9.033737242205851503e-01 9.025699902559631838e-01 9.031450320347835792e-01 9.016957370854097320e-01 9.014742154281120134e-01 9.012374455966022380e-01 8.973285041646956728e-01
1.662283334955842740e-02 1.634941406115744400e-01 3.890861045538794860e-01 6.080476593017184461e-01 4.846704498973549713e-01 5.539355102472538483e-01 8.212067665241954417e-01 7.790135553003982860e-01 8.283485518260328417e-01 7.760763614711695402e-01 8.683988431799100072e-01 1.000000000000000000e+00 8.316722480058018618e-01 6.563845064679945107e-01 9.133074660934273892e-01 9.056965476553097139e-01 8.324703696187132351e-01 6.879508767793679480e-01 7.741801406719094336e-01 5.704110285197507846e-01 7.424286537036092204e-01 8.188142175763595265e-01 7.724067116512220998e-01 7.177327080031711271e-01 8.225148719595407609e-01 8.695098090504996824e-01 8.858929282340560762e-01 8.722320715470064378e-01 8.692939968908217629e-01 9.150776823718150821e-01 9.326976637874093701e-01 8.958892724654327067e-01 7.755740623287084023e-01 8.685785910505265939e-01 8.459051815034476229e-01 8.785638464855943797e-01 8.886481060726479919e-01 9.073523922817744447e-01 9.270143990489895236e-01 8.858445811282147364e-01 9.287369685816351250e-01 9.300248444309577867e-01 9.293309216365414072e-01 9.400229386419368671e-01 9.249752820015720856e-01 9.337418955855142366e-01 9.399396480867913128e-01 9.433482792267785522e-01 9.300215288163875549e-01 8.959979752691464849e-01 9.344524027980634084e-01 8.959691996881894438e-01 9.277101577449434755e-01 9.304163542939580811e-01 9.198043422520431056e-01 9.216677925093007540e-01 9.143475641407025067e-01 9.376562703219252226e-01 9.378207607455496531e-01 9.416782473257188091e-01 9.377952906397007959e-01 9.397588448609712763e-01 9.350572383416172473e-01 9.366226795232451829e-01 9.281525975822428887e-01 9.248890718600355498e-01 9.424225897790219353e-01 9.338413455759083659e-01 9.305430616183509862e-01 9.205118220705236221e-01 9.305800456447135272e-01 9.400347621617171079e-01 9.214054542001259840e-01 9.242950802744009930e-01 9.408360778568313210e-01 9.415199250074027804e-01 9.331838301389722146e-01 9.334479013083070154e-01 9.358787612094845443e-01 9.432849832716057037e-01 9.394512627928286452e-01 9.455816737786809645e-01 9.401479390674601921e-01 9.193016403029128369e-01 9.295831391825573053e-01 9.345168434647688205e-01 9.400499175614422942e-01 9.427138530169596464e-01 9.415687456049275372e-01 9.383215858173952206e-01 9.330048356064485349e-01 9.447014166081173503e-01 9.450521783561303124e-01 9.449872268427699229e-01 9.439881956140783181e-01 9.454096873565188686e-01 9.285008363133079312e-01 9.286569005855416226e-01 9.417393524597210686e-01 9.403219975582249868e-01 9.429855423638758838e-01 9.421728007977698827e-01 9.431856443944559576e-01 9.455859995721873634e-01 9.423689338136918003e-01 9.272081082202242586e-01 9.406638330776202483e-01 9.450817717626804892e-01 9.428636066346811617e-01 9.446440173264943896e-01 9.436669441477523179e-01 9.444873282314141250e-01 9.434217687867985092e-01 9.430827531036980460e-01 9.422092174929727060e-01 9.415912012717770896e-01
4.015330018136727130e-02 1.457998483399572942e-01 3.451422548237584875e-01 5.338245334635154382e-01 4.708996229292206626e-01 5.071655078264544203e-01 7.556229879748889156e-01 7.220879312418571061e-01 7.809304223911891496e-01 7.034623849023099451e-01 7.947101166721322052e-01 8.316722480058018618e-01 1.000000000000000000e+00 6.219701331627212060e-01 8.526361304779322969e-01 8.456525380315262908e-01 7.594999513469731234e-01 6.118396635892678903e-01 7.113508485207724608e-01 5.009463445330463172e-01 6.629419661418195497e-01 7.469027684755178420e-01 7.077052069617992824e-01 6.502245680261817817e-01 7.515585191757206962e-01 8.114395109007050966e-01 8.073976897480967807e-01 7.962076792999905894e-01 7.953158602441737779e-01 8.417919781012940250e-01 8.633152278433190441e-01 8.251251596520894349e-01 7.259062393271649150e-01 7.907080871330539606e-01 7.784825470046704554e-01 7.997974880356365501e-01 8.064449992947079204e-01 8.362767665815419305e-01 8.492971543221604636e-01 7.994488809474946667e-01 8.643256227336301167e-01 8.578189350980288674e-01 8.590149757158803689e-01 8.677090870626893437e-01 8.449258736485477650e-01 8.584344347962539201e-01 8.744621517927910759e-01 8.734413646878157467e-01 8.576839759684017350e-01 8.162636169018040455e-01 8.623888428169645959e-01 8.227178866996706086e-01 8.590423416836057147e-01 8.563338428014221071e-01 8.347800905930857773e-01 8.383086479641824740e-01 8.332643645254780296e-01 8.625137364611379365e-01 8.614453328683131517e-01 8.749057208315031975e-01 8.681090461181887319e-01 8.649126193341647451e-01 8.621135302114968368e-01 8.636309669957545898e-01 8.624411141447627660e-01 8.484255892232506202e-01 8.741259227094303474e-01 8.615072909044736438e-01 8.605934923028147887e-01 8.436492254064994478e-01 8.564159372199250386e-01 8.686726525175101354e-01 8.461928779991726435e-01 8.496503480557788812e-01 8.716799417674643280e-01 8.684598575855508873e-01 8.629737143117724996e-01 8.636016627290103997e-01 8.672740240039888970e-01 8.777296736876404326e-01 8.686970812938223929e-01 8.777832866972876680e-01 8.633339010930923818e-01 8.568238414163622529e-01 8.599104619205086841e-01 8.620997829791747780e-01 8.650351300334808702e-01 8.717448291993324938e-01 8.704112442414704276e-01 8.614168423023015331e-01 8.581783258042389173e-01 8.750471754982952488e-01 8.706900540221998996e-01 8.742668520396398302e-01 8.774156655511090586e-01 8.767667402898868811e-01 8.598627051908696028e-01 8.597107250255683342e-01 8.755006056543441773e-01 8.749812054829287922e-01 8.737941349934743585e-01 8.729032342178790760e-01 8.765012502787284943e-01 8.777994848477120859e-01 8.709796365463828849e-01 8.548349959066536830e-01 8.695559272033260845e-01 8.748208552046473629e-01 8.718092456750033969e-01 8.759548810037106614e-01 8.741042451868739072e-01 8.772193165666529735e-01 8.735883513365487740e-01 8.750798726597673882e-01 8.727237679213208921e-01 8.699431116345363035e-01
