1.000000000000000000e+00 1.607808555929844674e-01 1.356103485653193386e-01 9.749445364351118359e-02 4.867492420592486879e-02 4.353724287471356230e-02 1.377342555758722942e-01 1.192303255390385064e-01 1.808480431794322885e-01 5.451520658257930779e-02 2.172615023228617950e-02 4.579542870938090732e-02 4.685648796436774066e-02 3.355962521578759183e-02 5.650599994991972741e-02 8.138966455187215954e-02 1.185465598239908019e-01 8.933867539082146481e-02 7.766936080564115774e-02 1.462224908313194960e-01 7.621216873248780332e-02 5.011361117209039290e-02 1.015346737387783499e-01 6.730331256637564485e-02 2.103763950771765298e-02 8.932483005619575034e-02 5.756495940325535160e-02 5.255887227313787297e-02 8.373401009710533527e-02 7.493319303587286928e-02 5.262892742004229851e-02 6.406176591128187603e-02 4.862861347313762045e-02 4.262810550742619775e-02 5.121289562949698365e-02 6.091579139260236420e-02 3.296562912789295641e-02 4.522534766754466445e-02 3.959132140069037548e-02 2.293999482222719433e-02 3.107234314409930767e-02 4.839220999241852436e-03 3.097336231861819167e-02 3.403746299834791572e-02 1.632518263518737203e-02 3.379903090717640418e-02 1.043135006802574545e-02 1.739352534177928886e-02 3.762392578092916412e-02 3.864381214659741437e-02 4.254504227398550609e-02 1.688527170831025451e-02 4.347951930348632754e-02 4.606540008151616128e-02 6.204221525085273220e-02 3.542223219450316846e-02 8.075651714229781231e-02 1.766894792411626350e-02 5.711005861296791775e-02 4.171463275850973568e-02 2.237128477595391740e-02 5.761761657979605489e-02 5.563276271990090505e-02 5.138775494416685657e-02 6.843105463868302818e-02 6.287045145633159138e-02 2.445724911870749210e-02 2.547410468010050805e-02 4.839156334004278415e-02 6.241104104885849407e-02 1.522835644279083370e-02 1.651447154604180137e-02 3.986506103403895246e-02 1.955636805140542611e-02 3.318848912188876454e-02 2.178471815648256107e-02 2.145930329350809532e-02 3.834521068192409815e-02 3.354802713050988872e-02 3.050652902258043850e-02 2.728416663810391204e-02 2.116464207384071913e-02 4.750785918659208851e-02 2.873757808760607144e-02 1.770928829233999954e-02 2.173320261276408261e-02 1.494152204207138505e-02 2.113964453020594422e-02 1.249274860557380261e-02 3.078199798462185124e-02 1.265164099546557501e-02 1.110260306995674955e-02 1.643941597483408387e-02 1.296943081639064486e-02 7.327716853587117399e-03 1.676044067024988829e-02 3.097204635360666092e-02 6.566367759340474564e-02 2.493727477684043806e-02 1.991316083987080751e-02 9.503663476516472849e-03 3.651266093915702532e-02 2.648410348534928349e-02 1.439770651176211849e-02 2.399777965815313649e-02 5.997617654006057869e-02 3.169642810550590828e-02 2.508318026257804964e-02 3.048037356380029275e-02 2.963436040875335603e-02 3.497699992876248526e-02 2.877379016278635432e-02 2.495038156230620918e-02 3.234607044557490096e-02 4.154849195778097248e-02 4.428100298424950121e-02
1.607808555929844674e-01 1.000000000000000000e+00 1.210163187790909700e-01 1.546691347362886826e-01 1.345638369181003657e-01 9.464957964702899740e-02 1.921063361845369855e-01 1.855250632315506021e-01 2.044132618445680671e-01 2.076177033462414112e-01 1.590521150401979500e-01 1.779538886260077224e-01 1.670967919880368135e-01 1.494700813981311438e-01 1.890902297850102498e-01 1.916147473097456200e-01 1.853709355693951288e-01 1.904943472566362206e-01 1.831119446702118847e-01 1.971371850011305327e-01 1.677361954816204981e-01 1.702992064149183304e-01 2.086708261400357645e-01 1.835257894947418811e-01 1.791292837628848389e-01 2.125928041553886150e-01 1.775704423865488157e-01 1.884112154202274569e-01 2.026403609673301243e-01 1.964700836510937243e-01 1.761374150985998976e-01 1.806750660110491569e-01 1.670567686624261639e-01 1.605362079902297734e-01 1.675165023460034597e-01 1.687980755959036794e-01 1.588997246165853861e-01 1.841661216172947313e-01 1.738839793415707935e-01 1.783446434541618719e-01 1.791987945217177192e-01 1.671492185172068490e-01 1.800071143804299612e-01 1.754779944801452551e-01 1.652339630499477796e-01 1.846757762299792438e-01 1.605100325894701363e-01 1.690425608835882942e-01 1.656333672379590449e-01 1.482200865125376799e-01 1.719397841291974982e-01 1.306945250040093542e-01 1.645031148158310197e-01 1.778851664068213378e-01 1.907882848733016001e-01 1.788381454632183842e-01 1.714054126034116610e-01 1.714003778235224651e-01 1.837457238551467309e-01 1.750940068345494816e-01 1.656574169957201470e-01 1.837444610961764813e-01 1.741573559680289762e-01 1.632783478990021409e-01 1.751907527253158403e-01 1.760438682583335135e-01 1.693568780393149842e-01 1.758539920443440985e-01 1.873277622512057872e-01 1.950675695631441664e-01 1.709986581975593833e-01 1.660090835662981212e-01 1.819622185010789095e-01 1.752075319562746702e-01 1.836054578846942065e-01 1.685985873853522721e-01 1.756741289375280679e-01 1.818168600617211528e-01 1.792736977184911651e-01 1.818028905899085335e-01 1.774768872270734432e-01 1.691083058811030382e-01 1.826667390153441650e-01 1.743189737642965587e-01 1.640572547783879231e-01 1.658092223726418124e-01 1.640856169845933410e-01 1.728616535510756891e-01 1.649117433683948974e-01 1.834836688295821694e-01 1.694005576150539871e-01 1.685298988757988892e-01 1.688750743317419534e-01 1.685702471322663432e-01 1.632831911006052961e-01 1.708821799813654285e-01 1.669990660652977132e-01 1.691012608043986620e-01 1.709788242488286258e-01 1.682568756977509128e-01 1.682366902371356387e-01 1.768329736264207530e-01 1.634892877102586684e-01 1.642675887803970169e-01 1.652920573125603032e-01 1.832147057043953808e-01 1.719837302890873110e-01 1.760143341599531286e-01 1.808079387500417246e-01 1.753340101295502440e-01 1.822801459407327462e-01 1.739178387506764845e-01 1.733206067765323544e-01 1.699424232926265155e-01 1.696157097009477477e-01 1.748027017512347181e-01
1.356103485653193386e-01 1.210163187790909700e-01 1.000000000000000000e+00 3.819487610330838945e-01 2.280220289912919529e-01 2.432624204445629768e-01 3.901483647704599989e-01 3.278939053870417175e-01 3.696734962505413558e-01 3.141116091180046199e-01 3.703646269463600205e-01 4.016457617265905555e-01 3.585282905394737152e-01 2.798310909906269739e-01 3.855249947301651603e-01 3.859120682640069244e-01 3.815733959607153225e-01 4.018837416718910038e-01 4.189865736917688377e-01 3.804539276144630611e-01 3.741248696815449581e-01 3.888687166142943408e-01 3.943945259357539146e-01 3.952837679999215981e-01 3.620915810820117264e-01 3.967811136966938879e-01 3.951875918214569072e-01 3.950439380606348694e-01 4.042522162588529366e-01 4.044315223105469648e-01 3.905225626679468265e-01 4.118668042907529525e-01 3.986728859245604051e-01 4.079742165573999046e-01 4.006315836137152586e-01 3.915289620838041107e-01 3.840049105198262147e-01 4.163690485888685289e-01 4.065782768672734915e-01 4.048547865958789793e-01 3.986415899630558202e-01 4.000947969062577103e-01 4.015142159725109683e-01 3.953949465138237862e-01 3.984765701432060880e-01 3.898449529659664403e-01 3.745797121793450479e-01 3.726805515348256548e-01 3.857416669469708181e-01 4.008630235252309548e-01 4.024199469244623684e-01 3.849120186845546576e-01 3.773387350802637208e-01 3.761519130612128725e-01 3.805403815364721831e-01 3.918156257780758267e-01 3.841839076035957756e-01 3.823214958825453813e-01 3.807299223518031961e-01 3.764459856047513986e-01 3.823379879665861902e-01 3.771632294469225433e-01 3.826842172478782667e-01 3.911253178383975460e-01 3.836737306521948998e-01 3.873502332829842354e-01 3.800173954849316860e-01 3.935704155663188875e-01 3.984345343608957091e-01 4.116199805823639868e-01 3.772014783274821315e-01 3.843895409987478917e-01 4.001679560630123089e-01 3.888394048799744263e-01 3.842987348820970928e-01 3.836587997682723294e-01 3.851918574204714063e-01 3.867940530850677572e-01 3.813051298646883969e-01 3.758157910110933586e-01 3.788406717382396538e-01 3.787377223125782955e-01 3.960838323528318439e-01 3.871747395415363613e-01 3.937740441553207460e-01 3.931708444886886089e-01 3.826624381755974746e-01 3.911700825812351456e-01 3.842005651911030162e-01 3.875932053600021909e-01 3.954170818450817304e-01 3.864115201455966542e-01 3.854610300800640488e-01 3.839449600483351155e-01 3.721343047209187405e-01 3.745698189007660162e-01 3.838121611376998921e-01 3.770910399142974878e-01 3.724788623366681595e-01 3.863827454735485056e-01 3.781440420324296836e-01 3.734795958532382554e-01 3.800153061806403887e-01 3.815758080253154327e-01 3.878079572036884359e-01 3.795215586602988522e-01 3.764881492229747995e-01 3.756089680713268208e-01 3.801374286288601301e-01 3.760500239383284260e-01 3.752100865383602435e-01 3.760395836634290445e-01 3.710107097759752226e-01 3.811352874733196505e-01 3.871083461791785529e-01 3.785042613035085046e-01
9.749445364351118359e-02 1.546691347362886826e-01 3.819487610330838945e-01 1.000000000000000000e+00 3.814380587402268485e-01 4.171331301469600183e-01 6.042280202644624287e-01 5.864590013938389967e-01 5.859254922111905017e-01 5.057121921970018086e-01 5.865989618461004973e-01 6.546972619335791332e-01 5.666115269486257100e-01 4.623715147505588763e-01 6.330322383709906520e-01 6.418826844217091487e-01 6.031908567902094509e-01 6.137026180486531146e-01 6.137923880690638878e-01 5.429230527902352277e-01 6.185998515674397957e-01 5.966067294337509264e-01 6.256359886897353562e-01 5.833342955210905068e-01 5.768094106806134214e-01 6.622352338713414222e-01 6.427824780890060152e-01 6.615531648222656713e-01 6.427084420327114911e-01 6.414371576686072052e-01 6.458001883783132113e-01 6.380633540990005015e-01 6.233983611220393906e-01 6.158353395861705382e-01 6.313761202176427778e-01 6.433928970379574341e-01 6.202749817987662784e-01 6.634594986474984246e-01 6.544605879922662517e-01 6.590974746653187610e-01 6.506475857233230409e-01 6.455822731379120549e-01 6.524561299163581518e-01 6.494150669499894057e-01 6.491214226794801423e-01 6.416689937972939184e-01 6.223134746932923456e-01 6.246474430696022928e-01 6.376415957164346393e-01 6.532038594602471715e-01 6.596662132582121751e-01 6.268736182549725644e-01 6.402577158096162124e-01 6.293866073163532082e-01 6.395259524451240019e-01 6.452829550677199322e-01 6.349233511140500719e-01 6.321399836831654850e-01 6.442773220652117105e-01 6.253279756918267429e-01 6.354754846891612630e-01 6.308129268930238176e-01 6.412895238727708280e-01 6.448640794070717996e-01 6.300647204112761468e-01 6.393265319590781814e-01 6.287746420960612648e-01 6.394751782329934908e-01 6.371620521834526762e-01 6.519559003845116774e-01 6.298785956864727531e-01 6.281862897839806115e-01 6.279679533440326589e-01 6.307814104012168244e-01 6.422423959135663551e-01 6.405577531631334587e-01 6.448939310991722573e-01 6.325238725379970228e-01 6.332267104773817712e-01 6.260759148108799854e-01 6.268158270543546795e-01 6.294138742394382868e-01 6.469039918950640899e-01 6.313193040480802321e-01 6.368963706279509029e-01 6.342398517156944138e-01 6.301789633088371589e-01 6.453842856906906178e-01 6.338797809633364144e-01 6.407908372468594793e-01 6.513595245838732506e-01 6.377915155891192844e-01 6.393064262253933538e-01 6.378140097395706976e-01 6.197012580375991231e-01 6.245333814066151845e-01 6.376848991154485669e-01 6.419870594523447993e-01 6.318383607271073066e-01 6.427079849882502138e-01 6.341336819557149562e-01 6.360573034842139650e-01 6.323896747020959497e-01 6.345625923763973386e-01 6.392839398090262026e-01 6.351939714694267991e-01 6.319296368008131548e-01 6.262259405953579661e-01 6.326091654974438372e-01 6.319923483503711026e-01 6.391667122189957917e-01 6.239450775161010654e-01 6.245627142515828290e-01 6.312681845782910361e-01 6.333690024919441663e-01 6.281420753171238491e-01
4.867492420592486879e-02 1.345638369181003657e-01 2.280220289912919529e-01 3.814380587402268485e-01 1.000000000000000000e+00 3.093220226912799520e-01 5.050687552968161631e-01 5.043753061888741618e-01 4.843446751623836088e-01 4.348513016218557015e-01 4.634559900672979849e-01 5.069973377032651607e-01 4.951553114187054461e-01 3.720929021045551455e-01 5.301381923130037421e-01 5.281187265120432794e-01 4.741629691432087124e-01 4.606409082818808121e-01 4.556508750760674409e-01 4.176862929299515192e-01 4.598686905930632896e-01 4.643457833018936332e-01 4.850451508124138944e-01 4.390513123902122228e-01 4.709436567022405873e-01 5.038243235211307125e-01 5.009716902169897290e-01 5.070211627607745797e-01 5.005485410411293357e-01 4.924893464880719107e-01 5.075104430138493994e-01 4.843604786740831059e-01 4.495979430835357893e-01 4.469197120721690175e-01 4.666755515794840936e-01 4.881527811187849064e-01 4.697285449619416076e-01 4.985632640680432437e-01 5.004671657276036356e-01 4.990954580724558109e-01 5.114394923981168128e-01 5.075938764712861762e-01 5.093370177802595267e-01 5.183383054323783545e-01 5.047163812417382323e-01 5.088757374889638641e-01 5.101253959943248262e-01 5.089110829769770694e-01 5.170056750178283478e-01 4.905052800884134867e-01 5.135695222615044297e-01 4.982331571719941232e-01 5.142553309725599320e-01 5.118438018743557416e-01 5.131617934010416215e-01 5.129328301611709717e-01 5.086180682692250654e-01 5.176468356108601121e-01 5.157689832304630517e-01 5.193940178740695801e-01 5.185364590370284965e-01 5.160799549731450719e-01 5.113901316091428173e-01 5.159443522561391049e-01 5.142808056420639096e-01 5.198955081290212998e-01 5.118872649615532344e-01 5.151080526507365587e-01 5.155068138031297931e-01 5.209182256981884640e-01 5.172629957442271831e-01 5.114684501765216496e-01 5.026514564170262434e-01 5.127156024843549931e-01 5.240388691566724155e-01 5.130113356991258255e-01 5.247714592387249244e-01 5.131463184071372030e-01 5.215310584686246864e-01 5.121836414021474493e-01 5.131312217212353755e-01 5.121857127232983808e-01 5.243090507233555408e-01 5.119009976038785270e-01 5.108270699258342651e-01 5.069469580378193063e-01 5.083120156844660453e-01 5.178673038123040584e-01 5.139234861217382155e-01 5.221828534051589088e-01 5.186506476296387502e-01 5.211016522786762195e-01 5.183825037338590791e-01 5.167577835016662346e-01 5.061631403213742164e-01 5.116664658851323155e-01 5.204585478594044856e-01 5.140030641083911389e-01 5.171760061008476850e-01 5.199629700058496784e-01 5.166266027313228815e-01 5.158579471377596759e-01 5.180691749072603436e-01 5.180368551761931339e-01 5.170064540646073237e-01 5.166535473494257014e-01 5.136248950498937260e-01 5.120512899416941321e-01 5.160791373755717615e-01 5.178950046837134114e-01 5.144190374870631910e-01 5.168354313361789298e-01 5.144489833818910451e-01 5.172074427366304405e-01 5.142246924381451700e-01 5.163141301446447784e-01
4.353724287471356230e-02 9.464957964702899740e-02 2.432624204445629768e-01 4.171331301469600183e-01 3.093220226912799520e-01 1.000000000000000000e+00 5.140499279859983561e-01 4.972961872482372647e-01 5.339091458053879524e-01 4.929571379735130376e-01 5.478100292091870882e-01 5.781432080651147665e-01 5.208210309750312961e-01 4.251774912098564840e-01 5.823956391917419761e-01 5.711909530568342053e-01 5.358205554694021044e-01 5.188191567276161376e-01 5.253720783022927110e-01 4.225417436690771522e-01 5.092775745406543653e-01 5.272470710085549461e-01 5.426137226399733171e-01 5.033556093941581322e-01 5.190100432936142205e-01 5.691728007261128708e-01 5.742190917699548924e-01 5.610149691683375961e-01 5.485515903218777245e-01 5.624506220170045756e-01 5.904919084023565468e-01 5.692275630373846429e-01 5.266557905187734256e-01 5.384710727745409820e-01 5.525249855510281360e-01 5.610947144621626359e-01 5.599915474885982514e-01 5.698431338609968311e-01 5.844899708259935212e-01 5.633896015855917039e-01 5.868874419880035775e-01 5.875634944116862046e-01 5.845268860271655154e-01 5.929382798932332221e-01 5.885698073875184066e-01 5.939051552461559469e-01 5.940893634952381097e-01 5.961504579785165125e-01 5.890063360785523505e-01 5.672189852242585095e-01 5.837607782490701336e-01 5.532628901209117878e-01 5.818001179851616245e-01 5.977624036565377663e-01 5.952932608172339934e-01 5.929438837419911401e-01 5.849716957077097934e-01 5.916594572340435620e-01 5.939196307084479987e-01 5.966151442678905292e-01 5.919268115142508613e-01 5.979163617017593246e-01 5.884760520180080112e-01 5.918271114057578330e-01 5.875362453246106842e-01 5.938765590868968491e-01 5.924231985648252818e-01 5.958227374158594492e-01 5.925785624070022406e-01 5.896924332882849118e-01 5.909957415778592793e-01 5.918437394413478270e-01 5.816775745534327191e-01 5.818260245403523712e-01 5.963091682928342019e-01 5.948940015145262050e-01 5.933711617757337908e-01 5.872328940473748871e-01 5.951017766874796555e-01 5.922947161638465463e-01 5.934851704219070712e-01 5.976667763356517948e-01 5.959800299547053370e-01 5.935046940070494159e-01 5.857941085197928555e-01 5.875792418960800179e-01 5.936356388680202878e-01 5.979707045957479705e-01 5.935001383884186410e-01 5.999970649203757445e-01 5.940366669280243705e-01 5.980506369459839267e-01 5.969410622011572798e-01 5.980175036239431252e-01 5.956168294488093373e-01 5.963052233075200048e-01 5.883256859866093924e-01 5.916976730566275711e-01 5.987196653932432833e-01 5.945216160260300420e-01 5.972791462514113192e-01 5.987013861904554313e-01 5.925432181906057361e-01 5.964792103461756811e-01 5.925887057569593219e-01 5.982483356195718027e-01 5.979038013432734777e-01 5.973872392476122783e-01 6.011152959662939832e-01 5.982003649506759668e-01 6.026181664075965783e-01 5.980841142439308200e-01 5.983068491285281620e-01 5.961264995961479407e-01 5.960850977346412449e-01 5.949379582596081573e-01
1.377342555758722942e-01 1.921063361845369855e-01 3.901483647704599989e-01 6.042280202644624287e-01 5.050687552968161631e-01 5.140499279859983561e-01 1.000000000000000000e+00 7.514197942036020539e-01 7.323318403571343893e-01 6.370688410075313612e-01 7.166810875838859340e-01 7.749017087587591890e-01 7.074084401236367947e-01 5.845161413182459187e-01 8.210112293810811757e-01 8.034451195953442593e-01 7.346638037875619087e-01 7.163092561239132738e-01 7.211865609919416720e-01 6.692610881208519436e-01 7.024375034502484683e-01 7.041535128898001039e-01 7.519272301779774681e-01 6.942516827285881709e-01 6.943112196766451083e-01 7.926134829198376863e-01 7.683622677875950879e-01 7.838022544768430411e-01 7.636114784567211711e-01 7.679281893998426423e-01 7.842415135424158912e-01 7.713308168314375601e-01 7.165791277684460114e-01 7.173688507105882017e-01 7.297633833469268083e-01 7.478658300581261242e-01 7.258577355844254564e-01 7.885730425266126442e-01 7.799774526398256524e-01 7.759952401822204360e-01 7.850040551200785366e-01 7.848049204242346644e-01 7.833598090733826513e-01 7.896882515786480816e-01 7.762227016334186658e-01 7.864210814390020232e-01 7.695101755791238229e-01 7.658707376425343272e-01 7.836631453377699286e-01 7.682687149239211255e-01 7.948645316774415326e-01 7.542801460633403732e-01 7.751311160946318113e-01 7.754868067892869421e-01 7.874417323427113091e-01 7.836261059573890186e-01 7.743816242528879235e-01 7.729986827814743222e-01 7.887538421289121970e-01 7.815362628218575081e-01 7.829273278692071569e-01 7.816963465878451478e-01 7.829683808013908619e-01 7.888579787319764947e-01 7.797827866633783023e-01 7.837020557696909862e-01 7.774970171557483711e-01 7.846786841543674784e-01 7.941496507242551406e-01 8.034621399166822497e-01 7.732286869783940864e-01 7.714563468102755284e-01 7.805899390694388540e-01 7.764969119228434247e-01 7.975217993549258422e-01 7.835981882349339900e-01 7.929841876509959864e-01 7.815121890646646863e-01 7.932689612546710567e-01 7.799644244216621392e-01 7.797178308729943996e-01 7.797336951673948802e-01 7.997939911711381411e-01 7.762176323031803049e-01 7.782458572624074700e-01 7.780472708889766276e-01 7.694788028538966929e-01 7.944374644709994993e-01 7.796283479786128012e-01 7.951064645277231557e-01 7.904316327411059495e-01 7.864865623188916910e-01 7.843481669473861828e-01 7.829576277363410330e-01 7.686408149264556400e-01 7.734011128175740657e-01 7.860787726851079515e-01 7.811219693095119432e-01 7.839443861676154146e-01 7.936816434993544389e-01 7.807551285747047487e-01 7.843320553499775194e-01 7.800161376731513663e-01 7.812278960347409651e-01 7.852523964388290478e-01 7.853958650154200249e-01 7.793230540898831160e-01 7.788736309133778013e-01 7.872778729436283873e-01 7.822612067473500019e-01 7.886213863039133187e-01 7.787781522026500092e-01 7.741258058619512328e-01 7.809594011341131070e-01 7.770726433842615188e-01 7.766097190938290318e-01
1.192303255390385064e-01 1.855250632315506021e-01 3.278939053870417175e-01 5.864590013938389967e-01 5.043753061888741618e-01 4.972961872482372647e-01 7.514197942036020539e-01 1.000000000000000000e+00 7.323865472111125152e-01 6.342939098302745604e-01 6.962355528787481651e-01 7.753647668424231698e-01 7.165132736712549466e-01 5.770243358422907365e-01 7.890108487262375014e-01 8.186189285668256099e-01 7.254344200298052936e-01 6.956907156142682069e-01 7.109283220785747037e-01 6.410994634995639263e-01 7.224310554972601661e-01 7.181769016822260321e-01 7.344861398722659640e-01 6.735763583968908952e-01 6.976190372344958091e-01 7.744819483347048505e-01 7.608886982333816773e-01 7.721821032645855842e-01 7.593121860846597793e-01 7.482664225709192429e-01 7.811007296604094430e-01 7.560242611741526675e-01 7.024616040709492637e-01 6.996306459088639240e-01 7.154180631268626245e-01 7.338256728991940925e-01 7.254618376543838787e-01 7.897340971318265179e-01 7.765152937624499874e-01 7.701202415160828263e-01 7.781631195394691503e-01 7.836557959420736852e-01 7.800164965284727137e-01 7.946309398359990839e-01 7.673169083572836113e-01 7.886393821288724126e-01 7.738252816878210538e-01 7.728228919054153101e-01 7.901134414100836612e-01 7.702348381090765583e-01 7.999940999047011614e-01 7.466555465648224699e-01 7.729665092187839592e-01 7.756658124479323124e-01 7.980397257735567518e-01 7.861765682978407721e-01 7.711972578941465040e-01 7.810300281431625802e-01 8.023226274529321467e-01 7.833967583170332594e-01 7.848383590725749315e-01 7.888213125856191610e-01 7.853297073007338147e-01 7.858038776213741583e-01 7.837699861975538917e-01 7.850748530354206833e-01 7.800034200553928043e-01 7.814341028604433470e-01 7.864360729957708962e-01 7.938770809230685233e-01 7.858264132537544633e-01 7.770401806954261303e-01 7.706168058212253813e-01 7.809560963732961048e-01 7.945236655436053175e-01 7.823671066054358469e-01 7.889994151373574960e-01 7.781598765208818103e-01 7.879666896392606423e-01 7.778829782109162316e-01 7.816046955979339961e-01 7.814672282873061926e-01 7.978129337548436339e-01 7.750299009759915592e-01 7.792675071907289031e-01 7.736007115048273430e-01 7.720386096053121205e-01 7.971854079446646368e-01 7.831715357842697900e-01 7.940544387899873824e-01 7.842981217593729681e-01 7.878912151159388477e-01 7.844571057018432381e-01 7.832312970775300309e-01 7.753577179175720202e-01 7.791079110397662877e-01 7.901478174052434245e-01 7.942582792840330308e-01 7.904647562266186034e-01 7.970905788438292783e-01 7.832279283262295611e-01 7.938420021814481808e-01 7.842545099599042002e-01 7.871079926764730228e-01 7.837788792709574626e-01 7.925511496846890935e-01 7.867157058217281174e-01 7.830539119462301967e-01 7.903616961866158919e-01 7.930315651551778089e-01 7.997790974159743049e-01 7.850419796004213246e-01 7.830385878015302392e-01 7.847112799098150404e-01 7.803017805203729118e-01 7.822985037295024924e-01
1.808480431794322885e-01 2.044132618445680671e-01 3.696734962505413558e-01 5.859254922111905017e-01 4.843446751623836088e-01 5.339091458053879524e-01 7.323318403571343893e-01 7.323865472111125152e-01 1.000000000000000000e+00 7.355848713311415876e-01 7.955565727700307788e-01 8.415002029406943862e-01 7.847588505939491199e-01 6.144508044242781297e-01 8.389250430489406662e-01 8.514328687406902407e-01 8.211727364947474239e-01 7.676621073608952406e-01 7.818592290248600474e-01 6.709794500634923553e-01 7.604259816672382932e-01 7.853467658378655569e-01 8.168171619662983884e-01 7.613543780290195073e-01 7.772029021413794370e-01 8.382174532300352698e-01 8.396900095324254520e-01 8.272781893538414533e-01 8.187778541017194378e-01 8.463409342120704615e-01 8.620627968823615372e-01 8.380714790930473557e-01 7.698301846991995045e-01 7.838121601597728416e-01 8.130789828550536447e-01 8.232408559761853484e-01 8.232322605356202638e-01 8.333569425332270075e-01 8.547170931107591629e-01 8.145430690981940725e-01 8.586171748320945429e-01 8.482365469662831448e-01 8.531041960148412207e-01 8.703635679467369712e-01 8.598835612784286875e-01 8.620268407669752220e-01 8.649158778551283566e-01 8.690933671481321232e-01 8.710040144161328435e-01 8.289082710415226485e-01 8.599494404117526969e-01 8.129997220507593214e-01 8.623516451718296061e-01 8.753155208314207236e-01 8.769648515774991493e-01 8.629813438629416744e-01 8.755697500704131553e-01 8.635485662773090265e-01 8.731417473335816304e-01 8.792143343098650643e-01 8.701510268198181519e-01 8.796197090834464438e-01 8.733165966616798226e-01 8.749061653522716142e-01 8.769137151677464104e-01 8.837937668650656109e-01 8.716689244390494196e-01 8.736659618609189382e-01 8.708533749107095767e-01 8.752709673786578382e-01 8.623573183119201957e-01 8.662352919538728324e-01 8.558746845224058930e-01 8.613398306761662626e-01 8.771060779862723811e-01 8.729415449754988066e-01 8.689073864122225377e-01 8.658885550244320717e-01 8.730665010576910134e-01 8.732072981056844263e-01 8.714463689500898669e-01 8.732104045873767539e-01 8.765080061052019644e-01 8.677265212022775565e-01 8.556755784037068935e-01 8.585331455329513473e-01 8.614399281678060127e-01 8.671664592587697840e-01 8.673863016289310446e-01 8.709928518345211312e-01 8.608927367214465054e-01 8.687789934905257860e-01 8.721117617713514125e-01 8.706729849821114309e-01 8.663331883096921926e-01 8.713335129001057444e-01 8.633298495374823744e-01 8.739810797973946999e-01 8.724020829359332430e-01 8.652592200384557897e-01 8.665954058335716415e-01 8.757682289784021190e-01 8.737355645654102387e-01 8.702522399477754522e-01 8.714725150048849844e-01 8.809344103859202413e-01 8.747804389137732173e-01 8.719211927351016023e-01 8.749692829736854804e-01 8.730810641892641222e-01 8.715781417090167071e-01 8.766007780472643285e-01 8.742530803038601750e-01 8.761318964243940410e-01 8.770706550969729065e-01 8.818925543196080019e-01
5.451520658257930779e-02 2.076177033462414112e-01 3.141116091180046199e-01 5.057121921970018086e-01 4.348513016218557015e-01 4.929571379735130376e-01 6.370688410075313612e-01 6.342939098302745604e-01 7.355848713311415876e-01 1.000000000000000000e+00 7.423398325321282076e-01 7.740855271196643850e-01 7.103029363964766807e-01 5.756659541812039205e-01 7.663986008240987191e-01 7.689065425131080822e-01 7.314907028449173509e-01 6.720655031429009219e-01 7.060330235823053524e-01 5.623969867279914325e-01 6.750110360493234429e-01 7.103401430706266506e-01 7.331419938594859742e-01 6.900357288761325147e-01 7.233259843653360166e-01 7.534343736787908474e-01 7.628030456353959154e-01 7.355272902386961187e-01 7.262229696138851054e-01 7.761070683437235607e-01 7.996412097784664219e-01 7.785512943625880755e-01 7.109976289499054802e-01 7.426332414870521204e-01 7.547964453694541165e-01 7.548918064830983932e-01 7.695509179481875295e-01 7.661108854416476266e-01 7.966390561257136183e-01 7.437878027693570759e-01 7.957615745613986213e-01 7.890968883055787808e-01 7.860600126229967399e-01 8.025377882425193121e-01 7.996103488695216477e-01 7.947542617962716216e-01 8.094376948707678876e-01 8.170295031060679225e-01 8.024150586391849416e-01 7.670422763646750353e-01 7.892789940388164061e-01 7.388609126172368535e-01 7.833456096402628965e-01 8.161617298202525905e-01 8.019498268708982192e-01 8.041006270386613641e-01 7.887974042194720870e-01 8.003342781831567221e-01 7.976043143670815683e-01 8.122555125628865280e-01 8.027580838058027135e-01 8.064042463802499894e-01 7.958635612630918788e-01 7.979951265270033289e-01 7.963241952735133911e-01 8.025477995862263514e-01 8.160456494388161897e-01 8.116262249401134943e-01 8.047781323015833488e-01 7.971832691909525037e-01 8.028437847821416895e-01 8.088300424951134771e-01 7.909713151660260344e-01 8.008356349574162758e-01 8.113400578176175326e-01 8.130692374696638636e-01 8.008931440557363057e-01 7.980225473296683747e-01 8.074316453849634811e-01 8.154495114488531371e-01 8.080486335236031215e-01 8.159730000700874397e-01 8.066934779952321666e-01 8.058306258934995192e-01 8.002143656329765431e-01 8.063541409641963309e-01 8.090370269925364344e-01 8.079170052006401370e-01 8.131287634672635933e-01 8.093827856441800916e-01 7.989817816297341002e-01 8.097393002810154838e-01 8.123714192992037564e-01 8.148116870233459430e-01 8.159277447775402647e-01 8.186690153810899373e-01 7.967955925877613366e-01 7.958801450476539197e-01 8.089436164657181072e-01 8.047770595008966188e-01 8.107481532765744570e-01 8.090382467212041684e-01 8.075619001174706435e-01 8.121910892286091643e-01 8.069778655015281688e-01 8.064343284589796657e-01 8.154737653817284437e-01 8.160618548828093566e-01 8.139772660793721526e-01 8.145676250497573267e-01 8.100886391787923690e-01 8.164041667470218755e-01 8.148212246232729994e-01 8.141717460137513074e-01 8.111598481943049777e-01 8.128260188627591809e-01
2.172615023228617950e-02 1.590521150401979500e-01 3.703646269463600205e-01 5.865989618461004973e-01 4.634559900672979849e-01 5.478100292091870882e-01 7.166810875838859340e-01 6.962355528787481651e-01 7.955565727700307788e-01 7.423398325321282076e-01 1.000000000000000000e+00 8.690605083875631021e-01 7.908472033425842929e-01 6.333466721370296648e-01 8.553473414633786520e-01 8.519494279882677823e-01 8.114905195467533305e-01 7.651645489942986433e-01 7.943847150190764816e-01 6.318332613488150118e-01 7.670406013630356457e-01 7.975852902849254189e-01 8.067959511038953480e-01 7.697539934338794021e-01 7.908916207400548126e-01 8.418512324992715179e-01 8.533201048918492848e-01 8.324401876748234175e-01 8.173739951334998421e-01 8.605664241248672797e-01 8.776416228665978592e-01 8.620560615799462978e-01 8.021522162891761010e-01 8.276843153570688782e-01 8.478219128245024772e-01 8.463980354648047433e-01 8.575204883810124690e-01 8.598970929788504192e-01 8.810670312094019963e-01 8.449856478603938736e-01 8.886670328426852228e-01 8.840089012083142128e-01 8.761651701943713455e-01 8.915540780498674156e-01 8.938763208513004210e-01 8.796739953758492270e-01 8.970986855722534736e-01 8.986892690215019242e-01 8.937494243257385618e-01 8.643176659541567108e-01 8.837285986277396699e-01 8.441117124047980980e-01 8.831441035923698335e-01 8.964578375857367165e-01 8.852138825937246880e-01 8.938244996276764054e-01 8.839071236873846660e-01 8.916073415076778419e-01 8.878171405466700472e-01 8.959442727548616592e-01 8.959957668121005803e-01 8.939335545940303440e-01 8.913071316023225554e-01 8.896200069123338938e-01 8.847776978082498855e-01 8.937647953249783228e-01 8.999495583254146780e-01 8.994613550881552788e-01 8.905923695769119020e-01 8.850603498613629494e-01 8.847212308910967771e-01 8.943498624896174531e-01 8.790830635927389114e-01 8.863328599793948159e-01 8.974929939868576678e-01 8.986721541808235791e-01 8.930314054061626594e-01 8.858193059920207446e-01 8.951993206010634418e-01 8.950210946880928775e-01 8.954459925871474102e-01 9.017455929442064200e-01 8.937521703664769168e-01 8.937165520985003164e-01 8.891054799947518683e-01 8.932785201069911585e-01 8.950874637660587441e-01 8.961721612821479388e-01 9.007495592288153885e-01 8.953644342486960506e-01 8.958238429061368135e-01 8.997700527836741680e-01 9.029062979078846807e-01 9.025247383307507532e-01 9.007569598861906446e-01 9.010237040966460054e-01 8.915388392081247115e-01 8.852630477264705755e-01 8.971001061710914826e-01 8.951473230881181742e-01 8.981873670027578083e-01 8.959945387753723844e-01 8.970859801756414509e-01 9.009566762599069412e-01 8.998226373671746048e-01 8.928191229225594938e-01 9.007044008860053408e-01 9.000389528743903966e-01 8.974400188739817263e-01 8.994350309984837644e-01 8.951125603125844599e-01 8.995448010078553880e-01 8.983966057489543022e-01 9.002101252978151891e-01 8.992924289288007911e-01 8.984145041489196570e-01
4.579542870938090732e-02 1.779538886260077224e-01 4.016457617265905555e-01 6.546972619335791332e-01 5.069973377032651607e-01 5.781432080651147665e-01 7.749017087587591890e-01 7.753647668424231698e-01 8.415002029406943862e-01 7.740855271196643850e-01 8.690605083875631021e-01 1.000000000000000000e+00 8.398650082216174706e-01 6.721072429070309440e-01 9.087470283419236683e-01 9.133200363292727220e-01 8.551361056245246894e-01 8.160326373622680540e-01 8.407972233576916921e-01 6.888131173884955993e-01 8.195262793592550388e-01 8.447127166018059130e-01 8.590237704219180204e-01 8.142836429026617528e-01 8.350299020828746421e-01 8.862483269300217570e-01 8.986456703186831430e-01 8.909010946638041828e-01 8.691420310148918471e-01 9.019573019011742909e-01 9.292835520395705817e-01 9.023604910895295372e-01 8.450093641678477763e-01 8.607966890734456422e-01 8.799919210878930365e-01 8.897830881723000074e-01 8.934476707853029609e-01 9.134247285996403010e-01 9.280435453997537554e-01 9.002767914457209253e-01 9.299445818797719143e-01 9.332240269205139827e-01 9.288975286099856454e-01 9.417304768176113505e-01 9.336948450696354040e-01 9.324529290214992328e-01 9.389490837706353510e-01 9.389489749391868312e-01 9.412322935149144421e-01 9.111306462926698213e-01 9.375069239405063870e-01 8.931378507187224258e-01 9.292587052031038297e-01 9.369289766929919105e-01 9.334796189638773223e-01 9.379824590392835670e-01 9.280791219865190955e-01 9.383581945962531368e-01 9.357149414024316103e-01 9.416833167998309717e-01 9.441084257829981397e-01 9.388057747362712480e-01 9.360740223281328598e-01 9.398521061588072101e-01 9.316251186039927745e-01 9.402497693789370059e-01 9.428511848787942684e-01 9.436216029220643176e-01 9.376724701691654396e-01 9.369604057411644593e-01 9.354073596032606019e-01 9.404139612956238237e-01 9.249024245864094773e-01 9.349737782807856501e-01 9.432949832540051815e-01 9.419622234180498044e-01 9.417822635120970398e-01 9.316708136822708930e-01 9.402872515883724525e-01 9.384748583464742611e-01 9.403410486354117914e-01 9.445382060189130291e-01 9.441236618257199398e-01 9.384175919965606072e-01 9.345603083959492796e-01 9.356007162640542774e-01 9.387323297753666917e-01 9.442846882461867208e-01 9.450417001774289449e-01 9.420854990262760298e-01 9.414875588609850077e-01 9.459580520285674199e-01 9.470871030772566312e-01 9.463538950742321765e-01 9.415663096972984869e-01 9.434644891128179944e-01 9.385353898736240597e-01 9.358513794132043984e-01 9.438110608098996268e-01 9.440451329374415224e-01 9.447043196833999623e-01 9.426062349700361498e-01 9.445793348483282337e-01 9.466454679143530004e-01 9.450627026391129615e-01 9.399084579641729942e-01 9.447625588755500514e-01 9.423012266500377931e-01 9.425481740331704827e-01 9.436815538731125885e-01 9.419115368477388728e-01 9.442127333001683054e-01 9.422950803042139389e-01 9.452284517336371206e-01 9.427519515816576989e-01 9.424681913907143604e-01
4.685648796436774066e-02 1.670967919880368135e-01 3.585282905394737152e-01 5.666115269486257100e-01 4.951553114187054461e-01 5.208210309750312961e-01 7.074084401236367947e-01 7.165132736712549466e-01 7.847588505939491199e-01 7.103029363964766807e-01 7.908472033425842929e-01 8.398650082216174706e-01 1.000000000000000000e+00 6.331844983853496256e-01 8.544290678798835970e-01 8.463983687064284833e-01 7.825220864965437562e-01 7.407705718243006165e-01 7.570135550631733601e-01 6.268286192940555335e-01 7.443426528963468236e-01 7.724495192298077573e-01 7.974600831775313647e-01 7.407567739353289049e-01 7.783078710417303814e-01 8.102267503563090889e-01 8.264006030313020279e-01 8.151940725638060492e-01 7.987897664827410260e-01 8.225464981900387773e-01 8.590679866450302571e-01 8.241264442260701761e-01 7.597378091453506066e-01 7.810232164540514832e-01 8.048432523578233910e-01 8.125773992392618661e-01 8.158857115226455514e-01 8.260977119093267929e-01 8.494218443651169181e-01 8.176086700026095055e-01 8.625831465946250942e-01 8.627569347875093664e-01 8.558059370396416954e-01 8.715256182675864549e-01 8.633828063209258996e-01 8.616134831938653260e-01 8.729658145421489435e-01 8.744340975895746881e-01 8.690778444218238974e-01 8.285436813469184703e-01 8.551402147331149672e-01 8.272153299447317920e-01 8.677320002146865496e-01 8.724001191757992935e-01 8.632553458833046589e-01 8.691981403055062394e-01 8.560568764896854255e-01 8.757031984074332698e-01 8.595408591454976044e-01 8.791897085643325394e-01 8.757774594444148741e-01 8.720352194092173548e-01 8.611400453871269622e-01 8.665342685299920467e-01 8.644674490304622427e-01 8.754545191700225937e-01 8.761833585382104994e-01 8.737766376184743500e-01 8.685864340759608115e-01 8.652890251791224285e-01 8.690206014595545092e-01 8.752790249520998600e-01 8.518240527632726655e-01 8.684817793411996334e-01 8.795563494819463868e-01 8.770686453169055374e-01 8.764783350552501906e-01 8.669886360710975515e-01 8.778308288469552911e-01 8.751951695034290157e-01 8.730219725944147191e-01 8.786204066159895021e-01 8.743416140802265923e-01 8.721883923727027366e-01 8.637905422355829366e-01 8.664402969331747029e-01 8.721984277717530487e-01 8.746222778489610716e-01 8.788954832158352160e-01 8.758538705084958353e-01 8.701597443694762957e-01 8.811153896214052317e-01 8.791182388907556877e-01 8.812800331916428309e-01 8.789932125009312092e-01 8.806799097431083911e-01 8.661107190026089420e-01 8.627420945432934252e-01 8.755530738423920045e-01 8.736091695592962392e-01 8.784629113361234198e-01 8.731130824249528910e-01 8.798173416246786172e-01 8.805400242395274857e-01 8.786007944386500235e-01 8.711563049845978401e-01 8.784163289162678634e-01 8.795724660905048786e-01 8.784385555279670132e-01 8.784044389761030969e-01 8.723588037379864657e-01 8.820347285516252356e-01 8.797279384939733493e-01 8.810748505116804408e-01 8.758531413825171308e-01 8.807298477450675733e-01
