1.000000000000000000e+00 9.263468917490776111e-02 4.821367933803502592e-02 1.283876262356670878e-02 6.625131790259309629e-03 1.179518495457172397e-02 -3.716075803844662382e-03 -1.914582082427737988e-02 1.126799726694471676e-01 1.625843769406534051e-02 5.134722060308253601e-03 -1.297560380377709398e-02 1.279752752798732525e-02 2.735297304747344102e-02 -5.025895492591359905e-03 -1.424693004668469397e-02 7.622673883746131085e-02 1.050524325362547050e-02 1.186687133872676818e-02 -4.727678795176583348e-02 -2.856932400530262997e-03 2.100669655067604127e-02 1.710195854403550111e-02 2.934547008376865197e-03 9.996809288599287427e-03 4.781283422240087400e-02 2.371257215314418951e-02 -8.471595584117856410e-05 4.054698255504234766e-02 5.536843716438699659e-02 4.231832739986968878e-02 4.001504366483814128e-03 -5.464054036957249200e-03 -6.645496305036639913e-03 3.579350098613017644e-02 -1.412394918650105094e-02 3.116619188966385928e-02 -4.143235033949953933e-02 -3.283117178879439366e-03 -5.448223559563867419e-02 5.199905406832306884e-03 -2.720461146880409978e-02 -2.899836463261964981e-02 -1.297424437946345828e-02 1.010644803969191347e-02 -1.976143452053692046e-02 1.023281936620272503e-02 1.007254462677015933e-02 -6.349812271465642101e-04 -1.621310633133616480e-02 -1.296305805272267471e-02 4.406146413719872271e-03 1.312264584465953551e-03 2.801730834810415779e-02 -1.292440316560403493e-03 2.491960900602144605e-03 3.625849245723737624e-02 -1.575559634987844237e-03 -1.516428703081346835e-02 3.708868508101134664e-02 2.168401725627069204e-02 1.180496087547064539e-02 3.389104414360405351e-03 3.177235169071257470e-02 5.272362266684113563e-02 5.113786521316490002e-02 2.338114584756842071e-02 1.075317127925464085e-02 8.228114085393390190e-03 -1.129090917731366897e-02 -6.220341760664171299e-03 1.380647260502141857e-02 -1.921185972975068086e-03 5.604219018309940931e-03 1.044930453148304808e-02 6.463594359166560666e-03 -4.431834307795105322e-03 1.672304197920962757e-02 1.092944753545157686e-03 2.763683747244262759e-02 2.055427523360581557e-02 1.751922213316773128e-02 1.746023198053787626e-02 1.989177863910858088e-02 -6.622207741440995152e-03 -2.126863859353691610e-03 2.668388376771290652e-03 -1.486808098708269563e-02 -3.814496062857818462e-03 4.980477580815022461e-03 -1.412081993543673995e-02 -9.155682878177437076e-03 -1.880951576321691823e-03 -7.284891752961511653e-03 4.917321963061168678e-03 7.515280280810850318e-03 -1.726565445699819804e-02 2.958127555639310929e-02 7.506303531918017205e-03 -6.606654147253599937e-03 -1.298759410886692056e-02 6.890571616471214203e-03 9.036308216927170511e-03 2.084078593903813340e-03 1.257471519536354845e-02 2.440220419480460326e-02 1.358053552819455008e-02 1.490872165289196943e-02 1.259388162134276318e-02 3.334440322827331854e-03 -6.275183174079584231e-03 2.602437003017561701e-02 1.050648802382732512e-02 1.993030218731682568e-02 3.287425585051522575e-02 3.586421608396169608e-02
9.263468917490776111e-02 1.000000000000000000e+00 7.220681998747303931e-02 1.101601872303003687e-01 5.885725489853092796e-02 1.058126673090496045e-01 9.063549220266334250e-02 9.446879118685432009e-02 1.530051369804784067e-01 1.276746644776577677e-01 1.182347376464761013e-01 1.198369752521804138e-01 1.085899218190705118e-01 9.431111158408859996e-02 1.275871759592354104e-01 1.094455386653928192e-01 1.431651828102519231e-01 1.202337080304513584e-01 1.393600886573408693e-01 7.923349339343097042e-02 8.980509302762010315e-02 1.549923743363847972e-01 1.542972073572007607e-01 1.410572472535182031e-01 1.580160508870274982e-01 1.555373167239434418e-01 1.466510726020597843e-01 1.465670138798126354e-01 1.592567297284945560e-01 1.630029054526073717e-01 1.591188956797963683e-01 1.408693579969004517e-01 1.398183162979602101e-01 1.384718145118775945e-01 1.494737218965326575e-01 1.246858076680728844e-01 1.574192603868941609e-01 1.280357749700970216e-01 1.420934816635160136e-01 1.179241057849032825e-01 1.320967364169917113e-01 1.251514357404278077e-01 1.233425391349386169e-01 1.313740125093719735e-01 1.431278896215422147e-01 1.389916798219099636e-01 1.339062313627392142e-01 1.393357881759707817e-01 1.296588665811824470e-01 1.151138438648386386e-01 1.269225072775242713e-01 1.039875362317342344e-01 1.051540644001727198e-01 1.434312937089438078e-01 1.261575860304468832e-01 1.419303211226908557e-01 1.219556548517450600e-01 1.281167781918051418e-01 1.284425887672811240e-01 1.365779726503058289e-01 1.344733582220503654e-01 1.320018053314510331e-01 1.111801078780885327e-01 1.341712486201317445e-01 1.459852539067151844e-01 1.376684583141821183e-01 1.479369530151766754e-01 1.431330856108466720e-01 1.464645921406417528e-01 1.279587624447389715e-01 1.372975142090867851e-01 1.511514119285191915e-01 1.378210272756762722e-01 1.487270179741813358e-01 1.435231034853894916e-01 1.461528723973608834e-01 1.408027935875662273e-01 1.526644605201045723e-01 1.478954287923344435e-01 1.473048155886571287e-01 1.482698882335027057e-01 1.474814480159294117e-01 1.453539714933985427e-01 1.481203211865927682e-01 1.367459924456747578e-01 1.404854651581634029e-01 1.426183397427507049e-01 1.338924411478983334e-01 1.367246361502866270e-01 1.484815454852318195e-01 1.332371814144162336e-01 1.337026342743271035e-01 1.342583354180372501e-01 1.353439286643621231e-01 1.358446755652248372e-01 1.418919908823824405e-01 1.169676206871274049e-01 1.270371203668484994e-01 1.305018122574817252e-01 1.286076080584977466e-01 1.299171911557178705e-01 1.322998728770572452e-01 1.305429736879436808e-01 1.327809896575646575e-01 1.320498766376591859e-01 1.311257867707114055e-01 1.337299954345738395e-01 1.464888108141867706e-01 1.410814737385376605e-01 1.319617227126368975e-01 1.285241849448790219e-01 1.414462729751382875e-01 1.332215703767564430e-01 1.386031082219290889e-01 1.441809901663592686e-01 1.378758256861814246e-01
4.821367933803502592e-02 7.220681998747303931e-02 1.000000000000000000e+00 2.361706598679254587e-01 8.721077324245023188e-02 1.370783231259615487e-01 2.279448184808294531e-01 1.960433269201728723e-01 2.703842055820245283e-01 2.195338216229247019e-01 2.568102868297600927e-01 2.809053883628466752e-01 2.098241477361994789e-01 2.109847710331846093e-01 2.693179437075469695e-01 2.477911307247269712e-01 2.704543479395353778e-01 2.763026519077642074e-01 2.712383291657820550e-01 2.321191810460546401e-01 2.810974042343779011e-01 2.993639010196103012e-01 2.819291522795662197e-01 2.716903667952847434e-01 2.856936527260941494e-01 2.885311031231809764e-01 2.991877680617673896e-01 2.807472172956417267e-01 2.860342870035356699e-01 3.031086205307906845e-01 3.029237953370514380e-01 2.947248536590207357e-01 2.774137849615427864e-01 2.923298091181885106e-01 2.871511663557992922e-01 2.932564872741070250e-01 2.915488418236609758e-01 2.851235770004116321e-01 2.996655389661032065e-01 2.868617691704932193e-01 2.866818383345173804e-01 2.792157240741366397e-01 2.820429072562264938e-01 2.905515828580202964e-01 2.875651100643314417e-01 2.819114846541734276e-01 2.882083724200990571e-01 2.862289777438988270e-01 2.981164679326048783e-01 2.936526358135299608e-01 2.934716894150489752e-01 2.799710303530328348e-01 2.759801387924283311e-01 2.930952741138818096e-01 2.897997651584460210e-01 2.985257557612472357e-01 3.026930814788493795e-01 2.852475557866364086e-01 2.844864485318286951e-01 2.962626105780213903e-01 2.939979149605908559e-01 2.946941432300694275e-01 2.893394095913882635e-01 3.015827668154245078e-01 2.947136627629493577e-01 2.947088494478359855e-01 2.875843780741258460e-01 2.948094373076881602e-01 2.923417679197355956e-01 2.875926671095592191e-01 2.987983374043206020e-01 3.035933726434270064e-01 2.912411868161021711e-01 2.913565421334471384e-01 2.949029212551231294e-01 2.934099782977792059e-01 2.930198414192751732e-01 2.960672235813505138e-01 2.963341226932455497e-01 2.948896661724583756e-01 2.998770085980864697e-01 2.976909841701723680e-01 2.978268779836321101e-01 2.925727058780515089e-01 2.900756857867070604e-01 2.944844231100852694e-01 2.977225891725617801e-01 2.874197651738595871e-01 2.923236164307720375e-01 2.930988546363182956e-01 2.876799405197467685e-01 2.897719840893456800e-01 2.871036602000452409e-01 2.871964541335565446e-01 2.854337479827066537e-01 2.896413578667632605e-01 2.923653636331434158e-01 2.958068901329052314e-01 2.898834707577605529e-01 2.860883973876379160e-01 2.853203466013654044e-01 2.943859207032933356e-01 2.927474286709336737e-01 2.898738533194698541e-01 2.944370977205630902e-01 2.971070807217033316e-01 2.926918116983994178e-01 2.893143501726327393e-01 2.918633582124750547e-01 2.884484197938659844e-01 2.880890908651511650e-01 2.888511319577221070e-01 2.910734679623013799e-01 2.917594249773444726e-01 2.983079315431028111e-01 2.943063605878187272e-01
1.283876262356670878e-02 1.101601872303003687e-01 2.361706598679254587e-01 1.000000000000000000e+00 2.123075391811082013e-01 2.417611236799430408e-01 4.392554219310895181e-01 3.941760426464146483e-01 4.278783473127417136e-01 3.959104118534620409e-01 4.259123556386059661e-01 4.798266123441031206e-01 4.150477555165885679e-01 4.024187861477916961e-01 4.711848214420341630e-01 4.347829642058345101e-01 4.344856704932932301e-01 4.650303865051477192e-01 4.350424565441862734e-01 4.702588466743197193e-01 4.788873306004923780e-01 4.853029536982820802e-01 4.641531811996335022e-01 4.543377576051269573e-01 4.603515569412064967e-01 4.882425370639025264e-01 4.986224378300953552e-01 4.983173563490533309e-01 4.860876005800449096e-01 4.754429601962135155e-01 4.947699265188212348e-01 4.952108810260243965e-01 4.639595836239225890e-01 4.882291088732146900e-01 4.653684091715400983e-01 4.925982400534780203e-01 4.778709339996446426e-01 4.929553923868562060e-01 4.935140871568526877e-01 4.864271675030892861e-01 4.959934313039762732e-01 4.911239153452899853e-01 4.906419278671683704e-01 5.039189082237991446e-01 4.956875712350944374e-01 4.840217379205313253e-01 4.808719615218958743e-01 4.824136608634982393e-01 4.830657142955442351e-01 4.925674355000528304e-01 4.959631085143765272e-01 4.936432544909067355e-01 4.884894419509280272e-01 4.778556981288962224e-01 4.693373708621327300e-01 4.959967201770458800e-01 4.732496227244679665e-01 4.816007813958033124e-01 4.779616239945317924e-01 4.878619390159085190e-01 4.905483783371739626e-01 4.761501948882845281e-01 4.736423056959480626e-01 4.865267121100234626e-01 4.943768848479829225e-01 4.854844312425221631e-01 4.882027749361391722e-01 4.936589842975565579e-01 4.979288408095520202e-01 5.092257983074364169e-01 5.029824010207919471e-01 4.963485421293778455e-01 4.903258881038866646e-01 4.909816398615726718e-01 4.990308631812389595e-01 5.011096776602580460e-01 5.016002216921277013e-01 4.925801080002615295e-01 4.983885013180471835e-01 4.900594758750738689e-01 4.887119919771170662e-01 4.931524238065092547e-01 5.025740240741846110e-01 4.855230254474146023e-01 4.986904521030534609e-01 4.948977371821841054e-01 4.964897562648059037e-01 4.974665729214740040e-01 4.970937895482237523e-01 4.999632094228610435e-01 5.004618054840045405e-01 4.991029879293527594e-01 4.959703259409603548e-01 4.965600940530323082e-01 4.885995038995382678e-01 4.889524974959958414e-01 5.036546906583289074e-01 4.967243678502903381e-01 4.922439600685514227e-01 4.987531626685399733e-01 4.944811311394243791e-01 4.936962366739227615e-01 4.939424453448754138e-01 5.016236111398562070e-01 5.040281659835723627e-01 4.952826672430446497e-01 4.903483609761206674e-01 4.853017251813680488e-01 4.884490755540429885e-01 4.903431142768958639e-01 4.885615469516262910e-01 4.934742781271256873e-01 4.919143290167113380e-01 4.976973056752500568e-01 4.983958426823934529e-01 4.936516455895706978e-01
6.625131790259309629e-03 5.885725489853092796e-02 8.721077324245023188e-02 2.123075391811082013e-01 1.000000000000000000e+00 2.497721171051822953e-01 3.477150218099169243e-01 3.246895560112389445e-01 3.481503271230518837e-01 3.310227191994463691e-01 3.543786285664138336e-01 3.729179686741520561e-01 3.655337428779906195e-01 3.072464030794513357e-01 4.044521226648609691e-01 3.847125783775264818e-01 3.177830572329516934e-01 3.504098241746272380e-01 3.501047082000594557e-01 3.416654651671764964e-01 3.446728858068181522e-01 3.488870969580175063e-01 3.743984639821344440e-01 3.555939083043482274e-01 3.534944737073663079e-01 4.045948634265671973e-01 3.954835549746916756e-01 3.937501026864791420e-01 3.589960549090693842e-01 3.836324917310488525e-01 3.931730749840112726e-01 3.794310338600050958e-01 3.622456178176438613e-01 3.797009467136575611e-01 3.891792624638861220e-01 3.805749477401203507e-01 3.913621119047799857e-01 3.833760730162868446e-01 3.980881158471653580e-01 3.854480198703946758e-01 4.128108178554101282e-01 4.110484075076356048e-01 4.016716613233173305e-01 4.073636827113158443e-01 4.116754508351888608e-01 4.076392019270363987e-01 4.052740884494446250e-01 4.120269697577468859e-01 3.930016764289289699e-01 3.710394567293506807e-01 3.920979622150139177e-01 3.733128123524598330e-01 3.995695471687471523e-01 4.023057361333775006e-01 3.830397403811450219e-01 4.003775832102900445e-01 3.730566064099478663e-01 4.051569647852482636e-01 3.935857501812840553e-01 4.057366673270518254e-01 4.026024671992117776e-01 3.950471569561549434e-01 3.865091329347374316e-01 3.907165450413311314e-01 3.920714913995637652e-01 3.896018964873797508e-01 4.061112993591678433e-01 4.057818459901303965e-01 4.044590866012958141e-01 4.123980984028878805e-01 4.068491450672991339e-01 4.078483981186644680e-01 4.033904669591821257e-01 4.084273696431398037e-01 4.129135922250941615e-01 4.107138940699902596e-01 4.095639467865509475e-01 3.966178901736576723e-01 4.053434773564080773e-01 4.044431755777047055e-01 4.075424520251533789e-01 4.066499049483100481e-01 4.029010518743192937e-01 4.036760587845458215e-01 4.055295666876383431e-01 4.061852296263865347e-01 4.091550371258350083e-01 4.111740617662949515e-01 4.123558466496231034e-01 4.105510572782316570e-01 4.137694850091795384e-01 4.172059045313742942e-01 4.123223008079324181e-01 4.152744492192960712e-01 4.110376237688887491e-01 4.089642488344114035e-01 4.056044976819963011e-01 3.924606506253996430e-01 4.065237462233658450e-01 4.088696497133131880e-01 4.165217099648155230e-01 4.002481969186052480e-01 4.060493736798781450e-01 4.152884958185663056e-01 4.059814520697119788e-01 3.946580197105453158e-01 4.044609792888821387e-01 4.069024912278032535e-01 4.069451501458385412e-01 4.105146724304272188e-01 4.084817581756172156e-01 4.127029836123521922e-01 4.070457794433560150e-01 4.068659028688483836e-01 4.044243028895977421e-01 4.057136476175090545e-01
1.179518495457172397e-02 1.058126673090496045e-01 1.370783231259615487e-01 2.417611236799430408e-01 2.497721171051822953e-01 1.000000000000000000e+00 4.228536001740939576e-01 3.476897940454021230e-01 4.025633562436625179e-01 3.605988279613289160e-01 3.870618240006263311e-01 4.340099267467002475e-01 3.925253102786318560e-01 3.753010965205297311e-01 4.637712281794035829e-01 4.288836725494710178e-01 4.036382828403780598e-01 4.346116789384585344e-01 4.193052489076125044e-01 4.000198526018151068e-01 3.992870607791589865e-01 4.177115012908662606e-01 4.419429170491520065e-01 4.266522775572366699e-01 4.176914122078926317e-01 4.565568206492328085e-01 4.494551118902276876e-01 4.599479357288007164e-01 4.429978326972665026e-01 4.537009924689923146e-01 4.617811666414418093e-01 4.563297404344178743e-01 4.383844496983668737e-01 4.538011082360208781e-01 4.512160330720647594e-01 4.433185917026078449e-01 4.681260248370860966e-01 4.621896986196804002e-01 4.661337684201810605e-01 4.546334369419039456e-01 4.661146128995025673e-01 4.759130283379892079e-01 4.625104588727160793e-01 4.698740895455638666e-01 4.733153694990615001e-01 4.760364042592463152e-01 4.734004252932675905e-01 4.701471674137091550e-01 4.619274273420437282e-01 4.487374725284858368e-01 4.604343726843448392e-01 4.487182641208828926e-01 4.564429028402097743e-01 4.701412163705153135e-01 4.583164795482134735e-01 4.703577934445989928e-01 4.477931728210357565e-01 4.691878537341729327e-01 4.691994088885812486e-01 4.664261072238070072e-01 4.695623883318062464e-01 4.669393132040008942e-01 4.586657839549396765e-01 4.562771084678594047e-01 4.510329325296653646e-01 4.585366129285783909e-01 4.716903952710098102e-01 4.750747608812817546e-01 4.800430627555301588e-01 4.774103923766076507e-01 4.723159226577413605e-01 4.731437152625251330e-01 4.751822661284734184e-01 4.710223865546646072e-01 4.740418001487929356e-01 4.739447686688127992e-01 4.766711238740932166e-01 4.688214266810750153e-01 4.768866722827651561e-01 4.686699190199702936e-01 4.734701526833493546e-01 4.757807195786927790e-01 4.723949867000165614e-01 4.712000597014551206e-01 4.725839858277128269e-01 4.767220515338733144e-01 4.760051393676846820e-01 4.719406545251307872e-01 4.750679439835969742e-01 4.763036928647771950e-01 4.733428079441086567e-01 4.762988615407794390e-01 4.745053148506221397e-01 4.815869910752715310e-01 4.734906020254998626e-01 4.751739039965753864e-01 4.663595760549266167e-01 4.636655544719292532e-01 4.719769375343189077e-01 4.703716302315024689e-01 4.749426158154739785e-01 4.664784237592679572e-01 4.706049742319993734e-01 4.754626138892411591e-01 4.719778486352029789e-01 4.652681729280226941e-01 4.711241906192840112e-01 4.737044201567873758e-01 4.753244218004578636e-01 4.732489209465798319e-01 4.750270673453547698e-01 4.711475645139011070e-01 4.718815828187538086e-01 4.687465561108065115e-01 4.647936292818236614e-01 4.659159456569592073e-01
-3.716075803844662382e-03 9.063549220266334250e-02 2.279448184808294531e-01 4.392554219310895181e-01 3.477150218099169243e-01 4.228536001740939576e-01 1.000000000000000000e+00 6.112040479211880983e-01 6.190481510197286541e-01 6.159769129597216786e-01 6.298264831864027746e-01 6.968861160045075609e-01 6.298432996898774006e-01 5.746458466961935629e-01 7.457162206147452954e-01 7.093057133512671308e-01 6.280431350551594072e-01 6.891064616263443687e-01 6.574130358184503420e-01 6.686745460391732010e-01 6.764113607013833018e-01 6.833713728539226873e-01 6.930712773549473349e-01 6.767254999662867254e-01 6.625277472750453756e-01 7.193782955461823780e-01 7.022027252472633485e-01 7.387489081422836668e-01 6.975293737623750046e-01 6.959389100619370883e-01 7.207769426790572309e-01 7.426277376064430724e-01 7.054241389873833201e-01 7.195342363391177276e-01 7.038204250423331088e-01 7.089116121513875379e-01 7.130258214617699597e-01 7.426726035630443201e-01 7.404518499639001217e-01 7.450068350592533584e-01 7.445764682047638638e-01 7.505890514990097850e-01 7.490566527958243404e-01 7.496144010693608362e-01 7.419028012628740010e-01 7.483659522577389422e-01 7.364832035006615429e-01 7.376225089389177869e-01 7.320978468542891360e-01 7.214141635484343507e-01 7.436604667857317219e-01 7.214806626270349188e-01 7.292517644363351037e-01 7.342532684314053704e-01 7.357281068771734933e-01 7.456426084685744415e-01 7.187689957723555345e-01 7.417803086840317750e-01 7.398465017997472026e-01 7.364021054477559725e-01 7.426128468561280505e-01 7.383891338987849107e-01 7.328966271274978128e-01 7.238137655782017621e-01 7.145823497744763220e-01 7.288687906696389440e-01 7.359818341874437841e-01 7.458022577200200676e-01 7.484000119733374978e-01 7.631864023403800434e-01 7.458528665516593881e-01 7.406152017943007371e-01 7.432819185774918180e-01 7.364963549835366052e-01 7.440352329933430653e-01 7.472689392373120798e-01 7.485415092557984318e-01 7.278284680848888799e-01 7.451743743960864697e-01 7.259474454067955662e-01 7.322465905510296968e-01 7.364540321787266253e-01 7.498008189870530860e-01 7.322448292952501436e-01 7.496072694684832172e-01 7.433237877873837274e-01 7.438873870134320443e-01 7.496327338010249086e-01 7.460291453542293727e-01 7.465512747011895378e-01 7.535623479252775425e-01 7.506195387562752952e-01 7.428738466923177075e-01 7.507180865172393691e-01 7.409708511584405244e-01 7.398842752888179497e-01 7.492563852411560088e-01 7.356513397914336005e-01 7.439330368635531654e-01 7.458895149669606539e-01 7.519097017728197940e-01 7.409777491559131901e-01 7.391806980396540272e-01 7.501742605693073607e-01 7.418588556619294394e-01 7.340534114799631693e-01 7.408428918729447199e-01 7.375452812292931926e-01 7.443790959497981197e-01 7.418428298325383530e-01 7.461187589789961550e-01 7.391209986401212628e-01 7.414534584918082150e-01 7.385362177039224152e-01 7.361050180144901312e-01 7.321951710149465775e-01
-1.914582082427737988e-02 9.446879118685432009e-02 1.960433269201728723e-01 3.941760426464146483e-01 3.246895560112389445e-01 3.476897940454021230e-01 6.112040479211880983e-01 1.000000000000000000e+00 5.802408597258100764e-01 5.572796166607343338e-01 5.902813462098779329e-01 6.656521101942985963e-01 5.904614590196413104e-01 5.386706223144848149e-01 6.938783135116942669e-01 6.807861032235806853e-01 5.963205237594183528e-01 6.360907258158825517e-01 6.406475037951062657e-01 6.129147424280487755e-01 6.487336761850769351e-01 6.550014830571943003e-01 6.566110914331084736e-01 6.387304235564879029e-01 6.390757538623140777e-01 6.730205418164797448e-01 6.748994072352735296e-01 6.826042855667999731e-01 6.347915960339831631e-01 6.500569835377868477e-01 6.682602283206898752e-01 6.929166864782840829e-01 6.644774806859196081e-01 6.749992796866775002e-01 6.556411640001267305e-01 6.678623349572353485e-01 6.718362402355859686e-01 7.060360557846487861e-01 7.006497971935596869e-01 7.126560083172228666e-01 7.062599024233364720e-01 7.173623687086905232e-01 7.127773365988790966e-01 7.179511294590368298e-01 6.966039240927678344e-01 7.085945431578228870e-01 6.964721233854037630e-01 6.984044968832180400e-01 6.943196312767042633e-01 6.861266964616786757e-01 7.093855547405327755e-01 6.828180262629863773e-01 6.846407833550615107e-01 6.907489172293728164e-01 6.975561056752459521e-01 7.040632369043918759e-01 6.753890327252911607e-01 7.048900649341498514e-01 7.062355851589270372e-01 6.907407831633481932e-01 6.996602151768525069e-01 6.941250772601845753e-01 6.971315792589006799e-01 6.776389078215689921e-01 6.750092020028828355e-01 6.831650243093744246e-01 6.893565373924188666e-01 7.054944422476563393e-01 7.021868740410612819e-01 7.208779944656432681e-01 7.086315576777347802e-01 6.985490743685621728e-01 7.028940226953721560e-01 6.990175018101952853e-01 6.977629278090163867e-01 6.982845895969886918e-01 7.020429269058963140e-01 6.750684978109654510e-01 6.989165505912617871e-01 6.801331408991061478e-01 6.836034166602114048e-01 6.916331393719195031e-01 7.018341419368763212e-01 6.859660668111184911e-01 7.051585350836843125e-01 6.996115212955043017e-01 7.025205960135478822e-01 7.092181963324286631e-01 7.043630174692970813e-01 7.020653533927755374e-01 7.107093121091287991e-01 7.113849321984154761e-01 7.030650908298402557e-01 7.093403350007437824e-01 7.008742245766658163e-01 6.989958939755679390e-01 7.079550863154002727e-01 6.851946787760440083e-01 7.000708661398876709e-01 7.060703151383080911e-01 7.089736777773337773e-01 6.981760407910517774e-01 6.974739540595416010e-01 7.111801584935006915e-01 6.984417557262808662e-01 6.871178957949256594e-01 6.949161726242490955e-01 6.951570683733009348e-01 6.991535446665826381e-01 7.022404988366602874e-01 7.070636320508396633e-01 6.960491285808821926e-01 7.000996374172531178e-01 6.920990564215581120e-01 6.900856257732945753e-01 6.880358995433326630e-01
1.126799726694471676e-01 1.530051369804784067e-01 2.703842055820245283e-01 4.278783473127417136e-01 3.481503271230518837e-01 4.025633562436625179e-01 6.190481510197286541e-01 5.802408597258100764e-01 1.000000000000000000e+00 6.791924182417651279e-01 7.059234823837313710e-01 7.429282895867737047e-01 6.836330724182173579e-01 6.276029455742867524e-01 7.829770119893789682e-01 7.526815929781163206e-01 7.424261356052916927e-01 7.063087179074252209e-01 7.250789732074073290e-01 5.982176946819381946e-01 6.945640083782658181e-01 7.337034464593351624e-01 7.474451960375997350e-01 7.043854992746144683e-01 7.142507153342447790e-01 8.076149617279366755e-01 7.796470367664491974e-01 7.862140347966483089e-01 7.791678717724325187e-01 8.079823063608924105e-01 8.198798824024022824e-01 8.052161492995436598e-01 7.646950850372367103e-01 7.754308342534412812e-01 7.939413305364736440e-01 7.635051225263417285e-01 8.068749382938031900e-01 7.854177695268136361e-01 8.118784803320516774e-01 7.629795384664324054e-01 8.139631732065171210e-01 7.983387425413588367e-01 7.836729451506609934e-01 8.040265424259994687e-01 8.156415983523317426e-01 8.006405542537280429e-01 8.235695060315603167e-01 8.306013093686974713e-01 8.152773721308476107e-01 7.889181673391330030e-01 8.088127681946222225e-01 7.518676076402717179e-01 7.829851543483360432e-01 8.273791565940598058e-01 7.992884807687908877e-01 8.147788440056952242e-01 8.060748501406710398e-01 8.191625369635024967e-01 8.070984065682347275e-01 8.316957416699667371e-01 8.241156957197411925e-01 8.133401751690721992e-01 8.007855785255244552e-01 8.248742872115807367e-01 8.310121679911461889e-01 8.229971709393307799e-01 8.314073999251574421e-01 8.267058949371701715e-01 8.237122219377776000e-01 8.109819533320715701e-01 8.166587227488463219e-01 8.283454126995524192e-01 8.102828882500986429e-01 8.161654583752143699e-01 8.300534619975232786e-01 8.229914002944892504e-01 8.177171049718275908e-01 8.237647541017570907e-01 8.258601713529710731e-01 8.328798974712611214e-01 8.274202605011771183e-01 8.338659270386306055e-01 8.283620232358152036e-01 8.274744752190775765e-01 8.142723451922071476e-01 8.203909947026510885e-01 8.257503678121559387e-01 8.189194581550606200e-01 8.246947850721345619e-01 8.252879392214860221e-01 8.096253096352648004e-01 8.206647045840881338e-01 8.216047706611021573e-01 8.221195847698709036e-01 8.286845299063060333e-01 8.294202621142199305e-01 8.027424528263347181e-01 8.150274525112830570e-01 8.239749709295265401e-01 8.184634940037845974e-01 8.132043239000741330e-01 8.226673453647048717e-01 8.179324791911046777e-01 8.270263545661958871e-01 8.221139472512629665e-01 8.215731709849207753e-01 8.275173819042085377e-01 8.331281451199419319e-01 8.276229558883528847e-01 8.271897373890763072e-01 8.198172388946263212e-01 8.357775785961902848e-01 8.262779697769558895e-01 8.322332170976411980e-01 8.362972591527795263e-01 8.322366295236720557e-01
1.625843769406534051e-02 1.276746644776577677e-01 2.195338216229247019e-01 3.959104118534620409e-01 3.310227191994463691e-01 3.605988279613289160e-01 6.159769129597216786e-01 5.572796166607343338e-01 6.791924182417651279e-01 1.000000000000000000e+00 6.501771037769603634e-01 7.029201047816544534e-01 6.437429756253932878e-01 5.900202483842650336e-01 7.421074056197182189e-01 7.171810652648944462e-01 6.495493134460946782e-01 6.439657087378241052e-01 6.583654933018252553e-01 6.031376397908242426e-01 6.261033622298659562e-01 6.609959468529480464e-01 6.900741484378418722e-01 6.440264738618591833e-01 6.458620962896003403e-01 7.395406006072684502e-01 7.211250497307005736e-01 7.343845598419802556e-01 7.123083458055985417e-01 7.389114493890861501e-01 7.519749767927683681e-01 7.512263711610324135e-01 7.173370301844842478e-01 7.220035624098462002e-01 7.377472782027496567e-01 7.069591372417503017e-01 7.493874650506421320e-01 7.621886587304891325e-01 7.555336587432518458e-01 7.443081675514656714e-01 7.663395961903325393e-01 7.591690149483074634e-01 7.448301332951947629e-01 7.620247212265655046e-01 7.616379958996248867e-01 7.608844589656948987e-01 7.723883584941564351e-01 7.795061545557933069e-01 7.691733461648522230e-01 7.416152420885291363e-01 7.656401414565970898e-01 7.070470040440096637e-01 7.402426752477720973e-01 7.707212613866456508e-01 7.556116921481178528e-01 7.697369608610330483e-01 7.418023999765411824e-01 7.709754840584077673e-01 7.694550591065966172e-01 7.660102505722337085e-01 7.687573552309675540e-01 7.627604899133725302e-01 7.578645152415459663e-01 7.528417979612818112e-01 7.525882754020039034e-01 7.539535330157496329e-01 7.737949625494789929e-01 7.669420285047831021e-01 7.666061202828119425e-01 7.685700424977451872e-01 7.621238930504938835e-01 7.663451632680344794e-01 7.557656507896820530e-01 7.556608784159197789e-01 7.719290628826512846e-01 7.674483808903175275e-01 7.699163846456987814e-01 7.642995355508913624e-01 7.709997459751752880e-01 7.695400322713030761e-01 7.712687514652604159e-01 7.737652643843889733e-01 7.674197175800034909e-01 7.665540454306113416e-01 7.676992812982651460e-01 7.662774384340382827e-01 7.737175368609822135e-01 7.756306858518948744e-01 7.743296179116209155e-01 7.740073934714652992e-01 7.659544027929698906e-01 7.766139816151600428e-01 7.717007999606003699e-01 7.768670741113318234e-01 7.773168173357963839e-01 7.787266012801782322e-01 7.642940384493357442e-01 7.530943722171710153e-01 7.739973230555075023e-01 7.730563744672911408e-01 7.701011200694413139e-01 7.721221852765508542e-01 7.655071048507379183e-01 7.767561460619357705e-01 7.650037989691493845e-01 7.623224027574009298e-01 7.728562555007605361e-01 7.770252927659927478e-01 7.756416289364080896e-01 7.790856495242914903e-01 7.785252853442273802e-01 7.755466761739172599e-01 7.750453214519126277e-01 7.703413072167470954e-01 7.660318757721746863e-01 7.662026097181685591e-01
5.134722060308253601e-03 1.182347376464761013e-01 2.568102868297600927e-01 4.259123556386059661e-01 3.543786285664138336e-01 3.870618240006263311e-01 6.298264831864027746e-01 5.902813462098779329e-01 7.059234823837313710e-01 6.501771037769603634e-01 1.000000000000000000e+00 7.748338055699197646e-01 6.748464855949070085e-01 6.400957802427186261e-01 7.896873198424003704e-01 7.602249854774163484e-01 6.810803818840109880e-01 7.057896385221640312e-01 7.240027868434648628e-01 6.531714831267773080e-01 6.978179337227428114e-01 7.232254156331217043e-01 7.507019442698074085e-01 7.237181155583740644e-01 7.035456228764457309e-01 7.904480438723470170e-01 7.790599055211316903e-01 7.924581438616624673e-01 7.545920966537541519e-01 7.857194151730223508e-01 7.897570356309451256e-01 7.987698460568565251e-01 7.729155115668888687e-01 7.844811797823668664e-01 7.882686162886934911e-01 7.672224069575248606e-01 7.952551635953857279e-01 8.046726872063139080e-01 8.131060484088333817e-01 7.973106424170477435e-01 8.118323832477354340e-01 8.116601995874065389e-01 7.976478262499894223e-01 8.161713964619438100e-01 8.098110533415717738e-01 8.103645932113452410e-01 8.150104932464230512e-01 8.198912830190211443e-01 8.077477375066054455e-01 7.905135793330900773e-01 8.120355659455057440e-01 7.710581176046579222e-01 7.875081255115404799e-01 8.094365066223087046e-01 7.923891469455408565e-01 8.166651133515215877e-01 7.827311989187283325e-01 8.166210843905022942e-01 8.064350432635571941e-01 8.095565788081152681e-01 8.119940982556326237e-01 8.026759450056837331e-01 7.977913640814902063e-01 7.992661231797929533e-01 7.975376672699622249e-01 7.986227701481780628e-01 8.197893484247643636e-01 8.240692737565410431e-01 8.213826647661398583e-01 8.234628362000876445e-01 8.178287971480052709e-01 8.175873380809647317e-01 8.172432946607788296e-01 8.134175598936058682e-01 8.206298808715695170e-01 8.218293649812711266e-01 8.229184863773568726e-01 8.089495855960270321e-01 8.200832898110395064e-01 8.170945205311505033e-01 8.163594435669392357e-01 8.225887461862199102e-01 8.190165349298236253e-01 8.179305180859866020e-01 8.202916396361991103e-01 8.209161624304137650e-01 8.225707725250890334e-01 8.259788218359623846e-01 8.249893082620806117e-01 8.225027043878399002e-01 8.226456671242844410e-01 8.272105362595009170e-01 8.228676786295338053e-01 8.259418430382748921e-01 8.246501641952709294e-01 8.250112193746742539e-01 8.140063372025696520e-01 8.018783288825224176e-01 8.195367996045683778e-01 8.211779769858139622e-01 8.220125309347002807e-01 8.158227109511158037e-01 8.171767456045472278e-01 8.246736179979271553e-01 8.175862193518874665e-01 8.059506106021624428e-01 8.162069668846044790e-01 8.207221468250084362e-01 8.203735046463472846e-01 8.232292350074031928e-01 8.213446314806015502e-01 8.202584628353203344e-01 8.193882173207159836e-01 8.183938805628666602e-01 8.145792140915104618e-01 8.153463717171646197e-01
-1.297560380377709398e-02 1.198369752521804138e-01 2.809053883628466752e-01 4.798266123441031206e-01 3.729179686741520561e-01 4.340099267467002475e-01 6.968861160045075609e-01 6.656521101942985963e-01 7.429282895867737047e-01 7.029201047816544534e-01 7.748338055699197646e-01 1.000000000000000000e+00 7.316967053349743288e-01 7.011715423267023128e-01 8.611829186502419908e-01 8.438262404742282730e-01 7.551517609333910919e-01 7.762578350211160050e-01 7.905326663831981904e-01 7.296147803246374464e-01 7.818888605912918122e-01 8.014318788592703635e-01 8.064739705381388513e-01 7.674525299956970192e-01 7.729185680902495026e-01 8.593813633118719819e-01 8.487736267033203497e-01 8.564270571153831391e-01 8.200189177971223264e-01 8.392336829388707953e-01 8.604649870614708984e-01 8.726615185414753340e-01 8.316508058394305181e-01 8.501075509850066769e-01 8.381608894139032095e-01 8.438236461665837851e-01 8.579832624216875425e-01 8.788573496343587976e-01 8.830731797632419555e-01 8.723767602479907124e-01 8.902668244247562424e-01 8.875050383786172725e-01 8.775783238831037503e-01 8.938491085377524570e-01 8.813085221195041674e-01 8.825075759591635149e-01 8.883691042023095230e-01 8.908861022584573242e-01 8.869761148764513381e-01 8.760565191578294497e-01 8.928160681277090838e-01 8.528765130849362830e-01 8.682146089525372146e-01 8.826625791374503871e-01 8.742368612858176791e-01 8.869455707046504100e-01 8.674910586569605231e-01 8.901189320723648102e-01 8.895411067003283767e-01 8.874086137107627392e-01 8.922310713967337437e-01 8.827040585012636553e-01 8.835491171802799526e-01 8.779333766815391460e-01 8.734697311873755865e-01 8.770490070246678149e-01 8.888793179953476953e-01 8.923790362340218163e-01 8.893809705476417582e-01 9.002817551894205517e-01 8.932525569291442924e-01 8.899860808022781455e-01 8.816882134298333895e-01 8.798958726751339166e-01 8.931221337654471348e-01 8.929888452909039431e-01 8.934656327983078183e-01 8.770188780754207825e-01 8.901884521220965185e-01 8.837139277103063240e-01 8.823838282184405246e-01 8.895237599703533782e-01 8.925067235810680843e-01 8.849885111388517966e-01 8.909729602363316570e-01 8.902617736226746681e-01 8.945109930322070468e-01 8.968943002073893611e-01 8.961589217401962904e-01 8.913278903044582480e-01 8.937536731031017201e-01 9.001531987823814251e-01 8.944607063222342891e-01 8.974995693095175753e-01 8.969123676801667999e-01 8.964655901634794866e-01 8.939685072622521878e-01 8.850797880619812874e-01 8.951775486555484385e-01 8.969162310089445755e-01 8.974609746694014456e-01 8.955352993251589622e-01 8.924118728688726909e-01 9.009855088732046102e-01 8.949227334220898333e-01 8.872397512725230806e-01 8.948367646132755482e-01 8.921116924948911953e-01 8.940977374506055009e-01 8.971427931762444574e-01 8.963603913772288934e-01 8.952589434146047687e-01 8.960878709056617764e-01 8.956722020885615754e-01 8.896705732818234180e-01 8.891322832540498045e-01
1.279752752798732525e-02 1.085899218190705118e-01 2.098241477361994789e-01 4.150477555165885679e-01 3.655337428779906195e-01 3.925253102786318560e-01 6.298432996898774006e-01 5.904614590196413104e-01 6.836330724182173579e-01 6.437429756253932878e-01 6.748464855949070085e-01 7.316967053349743288e-01 1.000000000000000000e+00 6.088064127637641265e-01 7.784793629597185349e-01 7.574567481618676990e-01 6.646873820255303489e-01 6.860715692667709309e-01 6.982973596545646311e-01 6.354458889341828565e-01 6.785541777356105531e-01 7.084670516243171123e-01 7.302855232781289008e-01 6.995045879018484403e-01 7.015578814779647177e-01 7.763972399184930762e-01 7.570160232489562269e-01 7.654439755040222115e-01 7.325716933671923004e-01 7.665533828038995079e-01 7.759004271147647014e-01 7.734505631541498394e-01 7.384511607269272915e-01 7.532228318489710972e-01 7.563293210788152310e-01 7.410597915995777996e-01 7.743157129058330090e-01 7.727578675905260042e-01 7.869738751690932288e-01 7.700364457215371772e-01 7.997748961081460051e-01 7.960023459570921833e-01 7.887253127202181746e-01 7.988832859735603975e-01 7.919950558529481599e-01 7.920135635701990307e-01 8.019799809935417301e-01 8.046798467731840487e-01 7.862217288442522323e-01 7.597617103561357110e-01 7.895619685477049954e-01 7.595572823781624461e-01 7.800310246681980697e-01 7.912651032509803173e-01 7.743020322581749548e-01 7.850178550497254326e-01 7.612922024676646027e-01 8.000679102697197953e-01 7.889263965104991172e-01 7.953290111538801055e-01 7.963494743649414120e-01 7.845041780904432605e-01 7.789530298952498377e-01 7.782416885803371542e-01 7.824580581423338232e-01 7.802568714372428715e-01 8.013606594785012138e-01 8.037473154262728681e-01 8.002518650401733158e-01 8.046755495318519413e-01 7.970275416594063689e-01 8.010818584267337394e-01 7.953421609071231746e-01 7.945716675345747548e-01 8.050089932927348979e-01 8.017785606292794354e-01 8.026491566836669866e-01 7.896346798117240828e-01 8.013049350161517426e-01 7.970645395450461912e-01 7.964151444497656884e-01 8.028651823385285491e-01 7.980425674632952715e-01 7.966487365578356350e-01 7.976856151087391433e-01 7.998257419123174783e-01 8.031395232912290627e-01 8.048223629570036008e-01 8.050327858492853927e-01 8.019386943655775202e-01 8.039848849976095613e-01 8.113876952431451350e-01 8.065095748801175413e-01 8.077231449506443450e-01 8.099702758219474719e-01 8.061564167882054877e-01 7.961106679194506208e-01 7.854178527890909312e-01 8.030596868826950230e-01 8.062502130297255487e-01 8.080710023235563311e-01 7.967030196529941710e-01 8.031048154997877386e-01 8.102354900346033784e-01 8.001648994105566848e-01 7.878354727679559577e-01 7.997145444033296746e-01 8.045349925865723506e-01 8.023743427522976868e-01 8.077289321585198190e-01 8.047385985852494317e-01 8.060004599350533150e-01 8.012923513495041616e-01 7.996817060358335505e-01 7.936949412415350569e-01 7.961818808808561743e-01
