1.000000000000000000e+00 1.206177339146335126e-01 1.374460916219153728e-01 6.390698133295037719e-02 -2.330936097985015359e-02 5.283962645865798464e-04 8.254726465950032455e-02 3.336225016430638401e-02 1.546157202217642856e-01 5.972313447731354696e-02 7.468767714402767266e-02 6.265354853141998775e-03 3.776032857344072818e-02 2.398944483372056000e-02 3.965772985328853972e-02 3.688685282653220848e-02 9.687315964135091717e-02 2.317360188668637910e-01 1.230781257303326243e-01 2.137095863371056004e-01 2.389155015551516215e-01 1.508180226925390222e-01 1.420338369297848569e-01 2.028642394255366355e-01 1.424854981418633981e-01 1.256210593408100540e-01 1.227202986353765762e-01 1.305764462462557784e-01 2.343011761845789909e-01 1.671501041843508062e-01 1.393170033620511616e-01 1.089684046286757829e-01 1.183158940978166485e-01 1.311974843031013804e-01 1.307076392740091908e-01 7.839893539898537544e-02 9.509953555982593454e-02 6.999071274523105401e-02 6.674859754413135782e-02 -1.415325747298855699e-02 2.486479841859139811e-02 3.383349880092963863e-02 2.245977166197928379e-02 3.344027925344324192e-02 5.271388700295084884e-02 5.707632297015708539e-02 7.810486919587461031e-03 1.653530019987551475e-02 1.957032563579360826e-02 4.227474784382947992e-02 6.023963253874889401e-02 1.934255994559879593e-02 3.636099917568651890e-02 5.567590311580658535e-02 5.630317342564615524e-02 2.516915151732962083e-02 7.997233411837290085e-02 4.506488735738389123e-02 5.828229680679791053e-02 5.383401359327953661e-02 4.376136386989901844e-02 6.673911639771797077e-02 6.296292088014235344e-02 4.627445826618457186e-02 5.975580949101452766e-02 5.254457820010916685e-02 3.990601136070232730e-02 7.020275976399618922e-02 6.107588201467873540e-02 9.535411748173142077e-02 8.434295834781928292e-02 5.484677985097276276e-02 7.664889907171057448e-02 6.643070184381895393e-02 4.513552302241439357e-02 4.761702249168499324e-02 4.339068339904893212e-02 9.874852011965318255e-02 5.563833176244400991e-02 8.129076045131013173e-02 6.325814535581622544e-02 6.825768313730801173e-02 3.893155664175041580e-02 5.401293635252245318e-02 4.186546469786565916e-02 5.493903451176053443e-02 4.370561333381431379e-02 3.103628018847234826e-02 2.461132376186514481e-02 2.522004375027360121e-02 1.452403542142134164e-02 1.563161731678908151e-02 2.231442711213222838e-02 2.443267942915592489e-02 1.356587975102870221e-02 1.258803347777489798e-02 2.145451690025386438e-02 6.152364860646097888e-02 3.147782656780037658e-02 3.799531871482140361e-02 6.161742628915325634e-03 3.847909621241736577e-02 2.347381265641117210e-02 1.972642597711624785e-02 2.660310799881440008e-02 4.677579410038569530e-02 3.244646530798069028e-02 1.414244250287973077e-02 2.911883217781532224e-02 2.831956858105997774e-02 1.954143931339716311e-02 2.656448995246256037e-02 3.746135177620113499e-02 3.622338645179071226e-02 4.493457044477602164e-02 3.424136709621746627e-02
1.206177339146335126e-01 1.000000000000000000e+00 9.531469635293560172e-02 7.276887650163198218e-02 1.016273821464663968e-01 1.066658898309603282e-01 1.839826693286204518e-01 1.630123123578135769e-01 1.966165290115476916e-01 2.086950274403313321e-01 1.581108061208921223e-01 1.638010702284469766e-01 1.849967231702633885e-01 1.621180588608513717e-01 1.884414072986231592e-01 1.822602523376235240e-01 1.777237913318149287e-01 1.708595115794454555e-01 1.832945350177435373e-01 1.429565329789946881e-01 1.352108204322123031e-01 1.607767175831530948e-01 2.204428569295744378e-01 1.925667806146561245e-01 1.753699259253795051e-01 1.965922272322904729e-01 1.799905481270505647e-01 1.991819493140286057e-01 2.243359695066416415e-01 2.032171884217255364e-01 2.014860917311460942e-01 2.193273570143352003e-01 2.170009085594475085e-01 2.231490690131471000e-01 2.127362937635145779e-01 1.874690979334734942e-01 1.933086548063293608e-01 2.176507326503317463e-01 2.081186003029968368e-01 1.991176596185081638e-01 1.879479805762086231e-01 1.845077338298869718e-01 1.725095110891844974e-01 1.805928782566046109e-01 1.983048705354162888e-01 1.985826964414354467e-01 1.826634264272096464e-01 1.870195185653891201e-01 1.800659958487076662e-01 1.858926691201007175e-01 1.949612498644611169e-01 1.536229742726836767e-01 1.798238245611254726e-01 1.844916692324013452e-01 1.843148391479982884e-01 2.069622798927047425e-01 1.714552228381760746e-01 1.805090610537025408e-01 1.952751174712596127e-01 1.780087971517096967e-01 1.700081206319212779e-01 1.838462696430647469e-01 1.778343045880196038e-01 1.730405199114355697e-01 1.769510539497831936e-01 1.714564294194398097e-01 1.876787181988005537e-01 1.916025458267085479e-01 2.040006339516551304e-01 1.885681134338003939e-01 1.823525306165670323e-01 1.841486137146897684e-01 1.984700264415399096e-01 1.916940205587261692e-01 1.884497791392044375e-01 1.912668929816374319e-01 1.945852256341515929e-01 2.072716370301943001e-01 2.031920508382201451e-01 2.046808362932565351e-01 1.962386843265660485e-01 1.930010546369356761e-01 2.005157923004273202e-01 2.005295441293478420e-01 1.935232237262968502e-01 1.967315099206075057e-01 1.944826808898807158e-01 1.982786635924622676e-01 1.930322444298311901e-01 1.986352353418934236e-01 1.938154526467036343e-01 1.853425670416908311e-01 1.857362264902177040e-01 1.897277741400922590e-01 1.835491989220474629e-01 1.859107430382049009e-01 1.798282779435110001e-01 1.781080795594194299e-01 1.810754755834021179e-01 1.871675774511089574e-01 1.811966334446876437e-01 1.822065850204900861e-01 1.785050268944264329e-01 1.801898886894076901e-01 1.739924164778930693e-01 1.771862953449449829e-01 1.849842548062672065e-01 1.848889994222333855e-01 1.904801862676303303e-01 1.885708588973491751e-01 1.881236822064583369e-01 1.824581448372581405e-01 1.841530367754224684e-01 1.758408879944533265e-01 1.803199412584245431e-01 1.743347289409514222e-01
1.374460916219153728e-01 9.531469635293560172e-02 1.000000000000000000e+00 2.946969034711381386e-01 1.540058601254665205e-01 1.795831578332419409e-01 3.359254515294682886e-01 2.748755378873556365e-01 3.513167126098823423e-01 2.733610219678910269e-01 3.400554067422636995e-01 3.311129849209080711e-01 2.684464334024020404e-01 3.000548881020409508e-01 3.323442504973485034e-01 3.282198505605101735e-01 3.572762288840649614e-01 4.124708240717060992e-01 3.763188711220613047e-01 3.685553513871488440e-01 4.047868378513452825e-01 3.997703753524434189e-01 3.483718920799213636e-01 3.882383953456551851e-01 3.723053430203942527e-01 3.968173332417941346e-01 4.026089411457877687e-01 3.850747982528536784e-01 4.113534616118332821e-01 4.031830591010925335e-01 4.123722959328162130e-01 3.672074708030672041e-01 3.417436259215886896e-01 3.756308187687506517e-01 3.652250158662204149e-01 3.658233719099315273e-01 3.817127953857794576e-01 3.528413433548263645e-01 3.552297610087871704e-01 3.286398498853249084e-01 3.387142621002229292e-01 3.527519183111760825e-01 3.536444277510084055e-01 3.498512108125234055e-01 3.752163550450494101e-01 3.656020628855297661e-01 3.217843209687010764e-01 3.251451166817976302e-01 3.291043321135418420e-01 3.419598969757291496e-01 3.600580609569113966e-01 3.404756021135270094e-01 3.373031929033302734e-01 3.464357138979664019e-01 3.546034188497970696e-01 3.491748055552961749e-01 3.638258892067721684e-01 3.534459060352276860e-01 3.633874685904431301e-01 3.478606709639310290e-01 3.518819273774804746e-01 3.631685111329399640e-01 3.593730088644642162e-01 3.495182721649492952e-01 3.540307171499349481e-01 3.502752433424940470e-01 3.376130665822663635e-01 3.672964352121764753e-01 3.472253439194448177e-01 3.826713756938828204e-01 3.853790377731020067e-01 3.591908665670385803e-01 3.592425203403357137e-01 3.610868051326847072e-01 3.592904407037224579e-01 3.561216050285588297e-01 3.461037198373871915e-01 3.659609628792984126e-01 3.560017120114854494e-01 3.693150170395311238e-01 3.673811505397647226e-01 3.737461516031386211e-01 3.412635631250262591e-01 3.545612140311221738e-01 3.443339335973230608e-01 3.525981922524910606e-01 3.600682236060097074e-01 3.457221125924379024e-01 3.370403307634077805e-01 3.463647190846449453e-01 3.368645715838252119e-01 3.354645387642474774e-01 3.490776194678124611e-01 3.420846282164247132e-01 3.274228703789685557e-01 3.250843243154088458e-01 3.323507652249583222e-01 3.435067884617730161e-01 3.390061275940375318e-01 3.453120458854468944e-01 3.362118303735292524e-01 3.448814674838964756e-01 3.323869816007672395e-01 3.322982829898102342e-01 3.412624764732138383e-01 3.423421364643601805e-01 3.336517374492544707e-01 3.280327789979997077e-01 3.409208627481953857e-01 3.361150947935185873e-01 3.386963938205575508e-01 3.299394602805452159e-01 3.432381005190778267e-01 3.364609151156858213e-01 3.443909083416182848e-01 3.351842445003202497e-01
6.390698133295037719e-02 7.276887650163198218e-02 2.946969034711381386e-01 1.000000000000000000e+00 3.311479208126017482e-01 3.641153273226720999e-01 5.479885367668446694e-01 5.360716027481640111e-01 5.374471518915486801e-01 5.099829103512408812e-01 5.742065697827880566e-01 6.270315959076784296e-01 5.233031289962637445e-01 4.977562975499062459e-01 5.963051619545267634e-01 6.003730485808039807e-01 5.703699643381330286e-01 4.922056304411430716e-01 4.996877912830673396e-01 4.765798429114549983e-01 4.694652528855466356e-01 5.344134665780240212e-01 5.068236889149342339e-01 4.852412595855826738e-01 4.882417831636085559e-01 6.141249502298443685e-01 5.913477329264581472e-01 5.697412640528877192e-01 4.974509507196653857e-01 5.316659747703703642e-01 5.997278812561830375e-01 6.157708329164652827e-01 5.213984297892235720e-01 5.841896330053319986e-01 5.394457334718177899e-01 5.841625283575637706e-01 5.842627302897271946e-01 5.806339568777196813e-01 5.930974424964373659e-01 5.874238418533942463e-01 6.115488573536527195e-01 6.088139753623768025e-01 5.941371417540501909e-01 6.140178821699531220e-01 6.305397821551723680e-01 5.941801299733034947e-01 5.995944093304663713e-01 6.019172773729607462e-01 6.070753391808642041e-01 5.948293801160297045e-01 6.061408505876879627e-01 5.905024989898788323e-01 6.132343288804097403e-01 5.960887044335690943e-01 5.900502765533104377e-01 6.123468860328910024e-01 6.006672785899885847e-01 6.056988305563374420e-01 5.968283382464870668e-01 6.128324809616060298e-01 6.180560310150906567e-01 6.058610663681397446e-01 5.918303036410502704e-01 6.153740063336718968e-01 6.065965181897713387e-01 6.103172384159203379e-01 6.047908377468165231e-01 5.966590575217011194e-01 5.998901991832905622e-01 6.060238086818791059e-01 5.964934788407423305e-01 5.933627083717134543e-01 5.875649895453067817e-01 5.746544297083837627e-01 6.164971856216655555e-01 6.067632975600203427e-01 5.954774799156332676e-01 5.754107242253848620e-01 5.889171431194648587e-01 5.896488707916778260e-01 6.032468455403995344e-01 6.165776684008416053e-01 6.039946969489996542e-01 5.902446580075269011e-01 6.100733435234054758e-01 6.012285241778115852e-01 6.086658699960125762e-01 6.049523709318000986e-01 6.004067902853307270e-01 6.037216963503808653e-01 6.068584530518769116e-01 6.059539647873954937e-01 6.130947149288045184e-01 6.084142345547868258e-01 6.007455958996605894e-01 5.993868840971896539e-01 6.047245423641167683e-01 6.112242476143697756e-01 6.121951768006199668e-01 6.158158749644737640e-01 6.118292172631424330e-01 6.088451370933577467e-01 6.107264023041732992e-01 6.142499517108889195e-01 6.115236334456044531e-01 6.020914297674359039e-01 6.075796529741702701e-01 6.012126170794086510e-01 6.037460011604837140e-01 6.100475455751410703e-01 6.039746787596094180e-01 6.044272585063624748e-01 6.075471004445861523e-01 6.112183539495628093e-01 6.054882806410712970e-01 6.056610292587647493e-01
-2.330936097985015359e-02 1.016273821464663968e-01 1.540058601254665205e-01 3.311479208126017482e-01 1.000000000000000000e+00 3.366679071671795920e-01 4.462708287241877181e-01 4.628799070998803611e-01 4.341961480062182521e-01 4.104403932680060207e-01 4.318976356346820866e-01 4.777571529421436036e-01 4.777115571324817012e-01 4.057007211991205953e-01 5.027912805594475509e-01 4.975992722053274031e-01 4.299529126029350001e-01 3.273965601870841291e-01 4.126489189475684993e-01 2.714607139024445837e-01 2.827824196166283666e-01 3.894398534002895818e-01 3.671558569513854176e-01 3.611861551731579412e-01 3.869258369160597510e-01 4.431176930633030087e-01 4.487395822873437856e-01 4.414081044039793178e-01 3.914997717685403944e-01 3.783556579708982071e-01 4.379607632375158155e-01 4.502255958593563978e-01 4.042344266780951711e-01 4.385062240955402979e-01 4.128807317381559816e-01 4.239731263688916729e-01 4.381430644287858667e-01 4.647721453886967669e-01 4.711969058079043537e-01 4.662165666281049559e-01 5.008038686997291489e-01 5.003776046225640872e-01 4.824119704997919533e-01 5.033855742209571993e-01 4.804249732365885039e-01 4.865005087261038974e-01 5.053676463078543568e-01 5.014141197109378556e-01 4.901694520338171213e-01 4.605025873682366266e-01 4.776804004794785175e-01 4.981342367128019366e-01 5.030926822767275430e-01 4.918523422878477436e-01 4.789574156624430978e-01 4.749077823360745576e-01 4.705571633347136462e-01 5.022702770677919260e-01 4.803732082165180772e-01 5.109606655184388835e-01 5.046702434770653500e-01 4.929236267961360496e-01 4.760681269287394546e-01 4.918382849130767953e-01 4.955973235421392564e-01 5.017097915951281850e-01 4.978134291926483157e-01 4.835820407252853226e-01 4.812074460301282719e-01 4.646067320437244352e-01 4.755393763264065266e-01 4.895374467043767663e-01 4.769318094793549290e-01 4.763235309401622763e-01 4.945316555828026539e-01 4.973304965163432567e-01 4.998444921740901048e-01 4.801260219217375336e-01 4.898987258978362291e-01 4.781389386895321669e-01 4.859561689379105487e-01 4.850583624676309547e-01 4.862676967313213638e-01 4.852502491210057833e-01 4.875813257821243196e-01 4.859398740908736358e-01 4.862504808217977259e-01 4.939201068222238700e-01 4.965689586373269737e-01 4.853354756643278867e-01 5.006537621348856604e-01 5.071184073458345765e-01 5.010180008684292918e-01 5.045409908581314218e-01 5.058224927147368932e-01 5.063318091595747639e-01 4.847678208670787026e-01 4.799801895858301082e-01 4.974802367855944984e-01 4.929819133610863768e-01 5.058809139998577953e-01 4.934450968356226541e-01 5.034418920888416027e-01 5.080920640063002480e-01 4.979080965368026246e-01 4.937455672576858134e-01 4.936489724652359801e-01 5.008580098935813130e-01 5.002699124291776211e-01 5.025952514616029987e-01 4.993712369200140611e-01 5.144730411845428453e-01 5.004394246815919711e-01 5.013852155605433847e-01 5.036562837901263912e-01 5.053039532141758716e-01
5.283962645865798464e-04 1.066658898309603282e-01 1.795831578332419409e-01 3.641153273226720999e-01 3.366679071671795920e-01 1.000000000000000000e+00 5.054799404604457536e-01 4.976185497072570518e-01 4.850189053990763277e-01 4.779888192805045177e-01 5.067293262106593588e-01 5.543722799452878158e-01 4.991101769952379641e-01 4.440614543043372442e-01 5.553508392083870149e-01 5.586788998609336643e-01 5.046198064841344033e-01 3.699876677783673351e-01 4.446585867988272489e-01 3.143181012808052288e-01 3.465714713684635573e-01 4.260786655003026557e-01 4.396866132989446507e-01 3.967394753058001156e-01 4.228173614525860269e-01 5.229764766569837686e-01 5.000955618207154618e-01 4.973014100263846160e-01 4.372402268339630749e-01 4.443780726375987089e-01 5.052215448528550867e-01 5.189527945510196139e-01 4.653955223022067655e-01 4.965097591745324945e-01 4.718699301173280847e-01 4.892717086675438809e-01 4.936503263111500228e-01 5.452613874943867955e-01 5.387839938563322439e-01 5.540557748219970824e-01 5.692068150600371190e-01 5.724870285369543232e-01 5.472661966361749286e-01 5.748669189683760505e-01 5.499548019383019293e-01 5.596980802797453247e-01 5.778534995306198185e-01 5.767595558608387130e-01 5.703143978855360618e-01 5.492821389176915092e-01 5.582517288040628189e-01 5.451255576550805282e-01 5.686490583273751120e-01 5.601738752350681194e-01 5.580904227018456121e-01 5.664637289960967603e-01 5.547045867469601044e-01 5.699355356043988019e-01 5.662143044200134145e-01 5.722022794157527459e-01 5.684129370101665968e-01 5.667653540969869175e-01 5.540483475170300265e-01 5.685970192997361616e-01 5.599495778139558233e-01 5.630509233179357143e-01 5.703812859976886696e-01 5.526070198604575712e-01 5.504063826122842507e-01 5.294619851312643011e-01 5.428290999082587831e-01 5.450115863399758176e-01 5.416101061402617267e-01 5.381868244822698433e-01 5.667005253418448962e-01 5.648898706854569296e-01 5.684197184759353094e-01 5.449141882586585606e-01 5.568528987081499126e-01 5.317506925679943430e-01 5.464959962165196750e-01 5.566266730161149034e-01 5.637563829608862598e-01 5.458316404352905327e-01 5.604761634764571232e-01 5.534134421006061677e-01 5.532098375087278752e-01 5.707294785400747195e-01 5.688522071932304858e-01 5.678000475778609557e-01 5.750248973412122044e-01 5.784723389591280851e-01 5.701722799794108898e-01 5.751969737401664284e-01 5.751797523464131645e-01 5.761496230116718298e-01 5.674517411647803655e-01 5.576411247164339002e-01 5.719971039544815561e-01 5.732530427484500146e-01 5.774880831596693742e-01 5.685861007757908592e-01 5.699648524999981758e-01 5.807615708822284617e-01 5.657763366780040881e-01 5.615274430159893360e-01 5.725523745770337847e-01 5.742007552350347765e-01 5.731920475924361380e-01 5.778560876415331782e-01 5.766926555018954126e-01 5.745250676500666120e-01 5.708634874617727339e-01 5.720201167466681946e-01 5.683945058178008214e-01 5.677293857200956806e-01
8.254726465950032455e-02 1.839826693286204518e-01 3.359254515294682886e-01 5.479885367668446694e-01 4.462708287241877181e-01 5.054799404604457536e-01 1.000000000000000000e+00 7.305420485435923927e-01 7.234504458106564284e-01 6.894030886455956297e-01 7.463704411664389138e-01 7.867117012547902855e-01 7.106648820957769397e-01 6.682337454769810003e-01 8.404605688357424942e-01 8.086051485296287256e-01 7.377922352098940095e-01 6.275882851117717820e-01 6.833280738424951650e-01 5.267030586347829502e-01 6.143030430302139910e-01 6.863867342362024448e-01 6.688749586254191248e-01 6.464868754833326125e-01 6.666337445333851974e-01 7.852500760161795768e-01 7.893756133975033951e-01 7.878818568112355702e-01 7.178673281945322504e-01 7.236934856323671283e-01 7.916932626182073829e-01 7.853346208478735324e-01 7.362887783495970506e-01 7.717092961859761679e-01 7.526831944502097027e-01 7.407170680478283309e-01 7.602856851517559855e-01 8.248134532003406072e-01 8.077905241289558003e-01 8.009032993822029489e-01 8.146753139338555050e-01 8.323630051117708595e-01 8.093838798493023790e-01 8.285998681390898124e-01 8.153351866156445249e-01 8.252510495934979318e-01 8.084268004201875524e-01 8.026549700381994112e-01 8.023999516878148608e-01 8.001240352834338987e-01 8.226797548690663042e-01 7.887702418094214574e-01 8.043544169840378677e-01 7.920271101410297776e-01 7.935841791091435837e-01 8.129239688510765394e-01 7.868268648475941207e-01 8.254977633761659828e-01 8.156493166898819425e-01 8.210680994850116932e-01 8.143160361985143370e-01 8.119494381478626899e-01 8.009683733809179751e-01 8.097148853057134499e-01 8.018509783133285218e-01 8.026359604954413918e-01 8.095074188558358808e-01 8.044279823139730556e-01 8.035895980478831024e-01 7.846717986129121414e-01 8.092629309131861293e-01 7.999479754381623176e-01 7.926922918088553649e-01 7.891162426753250969e-01 8.212799336335080413e-01 8.227733350085194575e-01 8.250386421444433349e-01 8.034070500135783721e-01 8.189083319938482708e-01 8.065808764139169584e-01 8.147884251966827085e-01 8.176841467050428580e-01 8.106709215659857470e-01 8.155489093139347556e-01 8.187170864615087584e-01 8.075081668982042604e-01 8.054462902509065270e-01 8.281608432857124891e-01 8.199064913150631018e-01 8.102838356813697462e-01 8.291781338588237737e-01 8.261989902490574078e-01 8.209373991257515879e-01 8.272634562273325498e-01 8.121429982604514430e-01 8.101748336114211746e-01 8.021740766688769675e-01 7.997169810640897269e-01 8.083567930416739600e-01 8.231006984049569208e-01 8.243380225438187159e-01 8.127091705709724723e-01 8.096394545170308987e-01 8.211886507426937598e-01 8.058386367674097439e-01 7.938091676479713810e-01 8.084053963227983974e-01 8.074575038413142059e-01 8.126651987766234653e-01 8.223776974756826785e-01 8.166063690046803103e-01 8.127880040299151343e-01 8.102700623045571149e-01 8.109297681465584828e-01 8.105603774265044414e-01 8.039245634655697303e-01
3.336225016430638401e-02 1.630123123578135769e-01 2.748755378873556365e-01 5.360716027481640111e-01 4.628799070998803611e-01 4.976185497072570518e-01 7.305420485435923927e-01 1.000000000000000000e+00 7.144205712712675682e-01 6.964121833570997566e-01 7.308966856125658218e-01 7.869240020507601852e-01 7.145530557352678391e-01 6.621218297374552586e-01 8.153378688035072264e-01 8.214157869057292505e-01 7.248126686401579200e-01 6.044021275771529478e-01 6.492651375294498095e-01 5.270636246934572444e-01 5.827973641530612703e-01 6.438567041952920622e-01 6.456094068576780920e-01 6.089967213334382956e-01 6.250362046834569973e-01 7.705698560510712003e-01 7.417342896601454294e-01 7.281327404686041005e-01 6.699991398578782897e-01 6.659510191277819846e-01 7.494219970629982797e-01 7.766622099479461028e-01 6.863898723939245716e-01 7.452629676269836301e-01 7.140807462492625435e-01 7.318000339200428916e-01 7.279287207799874926e-01 7.980445899711697821e-01 7.906556423155579605e-01 7.663668971747050751e-01 8.083869190660478710e-01 8.126601323219517781e-01 7.920727931713074099e-01 8.165734564588170707e-01 7.927139536392660002e-01 7.991525723419466987e-01 8.134767592146733284e-01 8.128830962965641893e-01 8.117982363917223276e-01 7.908567870851513915e-01 8.086263335610286429e-01 7.746325752611328275e-01 8.121115275345771600e-01 8.009359262981037286e-01 7.985296246006912124e-01 7.988138424369670698e-01 7.917617889565384814e-01 8.130075922075162831e-01 8.081599057664203833e-01 8.169792246952383152e-01 8.161752503711892093e-01 8.135510529862103324e-01 8.016211735208064182e-01 8.157689874566521615e-01 8.004476162093716596e-01 8.046423777021127766e-01 8.097163197512616817e-01 7.934582176605616821e-01 7.943238171396063141e-01 7.806609923111433869e-01 7.881789300370219964e-01 7.895046174289128693e-01 7.808831109685714367e-01 7.711666962261074509e-01 8.101660272231008264e-01 8.049646886706017801e-01 8.043899298861191260e-01 7.880094279236654620e-01 7.940865381993316152e-01 7.869787356012152291e-01 7.971675608598808305e-01 8.023096908327355115e-01 8.048996656975268005e-01 7.970758961981052604e-01 8.123030264970064751e-01 7.994605225121397263e-01 7.972500282272827477e-01 8.208883859599236388e-01 8.148816395037314919e-01 8.074241519706167880e-01 8.124187752644076443e-01 8.195176110142734505e-01 8.136229333181377310e-01 8.172454794922048293e-01 8.161244977809841705e-01 8.160167352072835723e-01 8.069707263417708054e-01 8.047060944979020913e-01 8.182133073120219091e-01 8.215977797204239153e-01 8.196731275945724482e-01 8.185265321521796311e-01 8.142896588486291387e-01 8.251916045999257987e-01 8.092407327641062409e-01 8.057925658927448387e-01 8.143699258916161643e-01 8.136267960204164318e-01 8.160199995158634589e-01 8.226346810552866984e-01 8.234014539108378550e-01 8.199652815324520727e-01 8.196330335145411983e-01 8.196969709815417060e-01 8.087286375113991177e-01 8.099725663371757367e-01
1.546157202217642856e-01 1.966165290115476916e-01 3.513167126098823423e-01 5.374471518915486801e-01 4.341961480062182521e-01 4.850189053990763277e-01 7.234504458106564284e-01 7.144205712712675682e-01 1.000000000000000000e+00 7.545384390302233291e-01 7.892498924681933259e-01 8.173867021396252763e-01 7.450103449546806589e-01 7.127368341970954368e-01 8.449613182146265000e-01 8.346300052493480504e-01 8.255351529539582955e-01 7.467185109040641589e-01 7.773592252029966065e-01 6.046824661078255003e-01 6.683863890591402734e-01 7.768679198243353401e-01 7.838638988719809353e-01 7.528511466421062837e-01 7.668679454818710939e-01 8.541889729701401812e-01 8.397009653658612516e-01 8.270207603764828663e-01 8.184203622410197720e-01 8.044733094950776708e-01 8.550741761991562662e-01 8.628070113101292682e-01 7.722866926515894459e-01 8.401205501837524237e-01 8.179015593404095341e-01 7.998168493494276499e-01 8.196980183620592442e-01 8.488614908470653031e-01 8.499489168250728977e-01 7.941619595850130109e-01 8.607272930645100129e-01 8.559203966023705146e-01 8.111571100921174393e-01 8.635415905318060137e-01 8.521071355889039411e-01 8.604646784230813861e-01 8.670681446900802003e-01 8.728780014144417176e-01 8.657522318929353755e-01 8.359886382661299020e-01 8.578636430508020938e-01 8.251989479397459082e-01 8.656194646807238158e-01 8.758563282655995597e-01 8.637740281712060764e-01 8.571619938478183265e-01 8.667614851845136803e-01 8.703105973416283003e-01 8.745196365737859523e-01 8.801386095620025163e-01 8.690527542932637850e-01 8.754859772377684424e-01 8.665060916869348207e-01 8.662464472938795623e-01 8.813460954481210363e-01 8.776018160478502583e-01 8.808256999629574535e-01 8.872363187820510033e-01 8.840718097930232444e-01 8.666985269966522853e-01 8.760354846836292397e-01 8.764968024147680170e-01 8.805500097385966507e-01 8.690433941313185917e-01 8.799764931283734493e-01 8.788197708269057662e-01 8.740428271133988680e-01 8.843516646886452337e-01 8.760981472391294878e-01 8.768913252936065827e-01 8.788836641490126445e-01 8.849570760036811201e-01 8.776768513579631392e-01 8.746655617293054297e-01 8.700291401994381113e-01 8.785624241717782112e-01 8.703401728471229504e-01 8.742045821342374623e-01 8.730261737804886346e-01 8.677740964253303213e-01 8.624378517048186810e-01 8.696420498945616195e-01 8.723892965181103687e-01 8.738804465355503037e-01 8.732523633305070421e-01 8.729997911889924023e-01 8.452568018676707151e-01 8.687945364964121397e-01 8.718254285590492092e-01 8.679157774039539808e-01 8.554697845256453714e-01 8.725294082715463473e-01 8.695916796545902772e-01 8.706536776274589329e-01 8.704085766653476552e-01 8.680556089781246154e-01 8.744126054077575594e-01 8.741135903492206483e-01 8.763318686502573618e-01 8.748875839171108559e-01 8.683765656177955261e-01 8.761194834122523201e-01 8.768393927782992536e-01 8.741485565458181339e-01 8.837672782140353345e-01 8.767599715848140018e-01
5.972313447731354696e-02 2.086950274403313321e-01 2.733610219678910269e-01 5.099829103512408812e-01 4.104403932680060207e-01 4.779888192805045177e-01 6.894030886455956297e-01 6.964121833570997566e-01 7.545384390302233291e-01 1.000000000000000000e+00 7.354364556824138921e-01 7.856166030393955113e-01 7.202429466202299180e-01 6.847282618404125776e-01 8.096051629375310421e-01 7.974446318559450519e-01 7.445525709010346604e-01 6.229047429415995873e-01 6.900488404664192332e-01 5.157102345361778140e-01 5.540358880274121045e-01 6.688706061478574272e-01 6.916114151543678590e-01 6.406255811761035757e-01 6.676676669540798637e-01 7.863908847584361039e-01 7.632033126563460002e-01 7.659515872261545288e-01 7.180574689569644287e-01 7.040324992660154102e-01 7.714336656155763583e-01 8.039602793856632790e-01 7.231770815242103412e-01 7.610150713809697987e-01 7.477659959299148840e-01 7.287843000314447872e-01 7.509154101183421748e-01 8.125070704696167878e-01 7.982459191733771720e-01 7.841371420156233452e-01 8.259179808616891050e-01 8.231465837671291252e-01 7.713682049590674383e-01 8.253204294154596887e-01 8.074077802979741092e-01 8.156501979425684334e-01 8.303933377184598008e-01 8.349760988496931491e-01 8.264687416331074621e-01 7.960809212948015690e-01 8.135891890113845504e-01 7.672252651765369968e-01 8.191102502842806388e-01 8.229780566700555244e-01 8.110203659660899511e-01 8.178315212578969318e-01 7.947695018685783097e-01 8.266109110015853467e-01 8.268893177722049792e-01 8.287697040752783906e-01 8.143278793620549738e-01 8.174378300280160659e-01 8.082775547989133891e-01 8.153995694033007169e-01 8.158922846777330040e-01 8.135736743410622029e-01 8.342345579879035800e-01 8.221376035267852211e-01 8.290672569228570987e-01 7.964189491433619761e-01 8.058995285659542596e-01 8.159272366053029746e-01 8.117548328131262148e-01 8.087411389676643081e-01 8.306969840557061335e-01 8.273378949020127049e-01 8.311969281636741869e-01 8.198477541882447373e-01 8.236048642995899005e-01 8.134866814500607557e-01 8.198436993170054032e-01 8.250273112635750916e-01 8.291981984474185996e-01 8.223210052213464349e-01 8.265748287458043464e-01 8.209909929495211589e-01 8.181005156945012624e-01 8.343519010161143390e-01 8.313710444862836280e-01 8.248757238945292336e-01 8.293151467128682119e-01 8.339843000519093774e-01 8.296211148838545935e-01 8.346882301027087614e-01 8.350980571644176509e-01 8.361129448991263535e-01 8.080049760963153860e-01 8.098868497274561706e-01 8.246097847578515161e-01 8.269306115682588665e-01 8.191744788109343034e-01 8.228956304589772897e-01 8.258562389849239960e-01 8.322507689653231289e-01 8.170735019740820171e-01 8.109357329358836131e-01 8.303311453239338169e-01 8.346292154650354345e-01 8.328835334602686657e-01 8.353702806387492963e-01 8.311407247473281412e-01 8.323237684222323240e-01 8.280038365372309750e-01 8.213657334307693514e-01 8.251400163363558082e-01 8.231926095934615217e-01
7.468767714402767266e-02 1.581108061208921223e-01 3.400554067422636995e-01 5.742065697827880566e-01 4.318976356346820866e-01 5.067293262106593588e-01 7.463704411664389138e-01 7.308966856125658218e-01 7.892498924681933259e-01 7.354364556824138921e-01 1.000000000000000000e+00 8.492705747583711995e-01 7.488718460948475819e-01 7.255469955713157448e-01 8.464365860168856504e-01 8.418889644951910167e-01 7.969947154044534354e-01 6.919655456543127858e-01 7.506588286327136039e-01 5.892766715499379027e-01 6.417722736632998082e-01 7.560666601990356783e-01 7.422190511178263783e-01 7.062010298126104590e-01 7.365791886371726438e-01 8.520775324276911311e-01 8.357404940561149465e-01 8.174695653059207423e-01 7.696371240821928694e-01 7.752163558751841155e-01 8.486506880259233609e-01 8.456189050431233145e-01 7.467258928527953366e-01 8.190056503659126630e-01 7.920134379380445733e-01 7.998005327362515127e-01 8.164452438707054949e-01 8.375905307635179708e-01 8.479992951294405001e-01 8.201766970304265048e-01 8.722494089176194842e-01 8.643400618011415348e-01 8.375204768755577511e-01 8.760809513623605271e-01 8.688715403686020355e-01 8.610128854402776533e-01 8.725952263019098876e-01 8.720257040584320496e-01 8.730733547292480745e-01 8.421516908947488389e-01 8.624850120581663004e-01 8.402183342387085085e-01 8.722308278410397797e-01 8.698250069005599716e-01 8.618927815725760944e-01 8.646771438341452898e-01 8.664141989807055966e-01 8.718674134672413922e-01 8.719744046247838165e-01 8.780227405744123192e-01 8.780026229584212416e-01 8.743494534699034482e-01 8.672420041181588823e-01 8.730770678005211893e-01 8.716985316057224153e-01 8.781437305768925450e-01 8.793427363782942985e-01 8.729176547097088346e-01 8.674191032404815482e-01 8.552842249246369599e-01 8.673870069248266201e-01 8.711268534510299144e-01 8.617656343912112327e-01 8.554204456685940983e-01 8.838624558551858579e-01 8.804520631268176745e-01 8.739057788935105098e-01 8.672049300067505850e-01 8.710845905900675978e-01 8.614284850593951770e-01 8.718321890502859217e-01 8.794942762294185590e-01 8.755553515244127727e-01 8.665146656302427086e-01 8.722218618029407011e-01 8.728249993167682685e-01 8.705916087112942625e-01 8.754721929391194868e-01 8.734434583049499601e-01 8.715295628665462591e-01 8.731182615460675311e-01 8.786770254015389137e-01 8.805498561529044865e-01 8.786010857388829587e-01 8.772920149705282222e-01 8.760620475193026113e-01 8.663490952647039389e-01 8.735234746426767671e-01 8.796737236693379369e-01 8.762504443316621039e-01 8.741491293750039970e-01 8.778557565437721255e-01 8.791207275655679165e-01 8.795435650995689914e-01 8.761936741884691626e-01 8.742479560484237577e-01 8.793475565339989863e-01 8.754705933123940742e-01 8.791105457948531487e-01 8.788880464102801771e-01 8.764973526235958490e-01 8.788544815144444522e-01 8.802720896839335563e-01 8.788211004007145943e-01 8.786234504107126586e-01 8.784029430172265451e-01
6.265354853141998775e-03 1.638010702284469766e-01 3.311129849209080711e-01 6.270315959076784296e-01 4.777571529421436036e-01 5.543722799452878158e-01 7.867117012547902855e-01 7.869240020507601852e-01 8.173867021396252763e-01 7.856166030393955113e-01 8.492705747583711995e-01 1.000000000000000000e+00 7.989769874062597754e-01 7.686420481676941030e-01 9.089991734437212756e-01 9.041035168962157087e-01 8.351361216652238850e-01 6.727059004307454071e-01 7.543088585353473485e-01 5.800497743050496702e-01 6.216400389722979147e-01 7.574878713182082723e-01 7.580178175826663978e-01 6.945708183818379844e-01 7.345340286833217380e-01 8.801213879728895240e-01 8.615342017461096180e-01 8.428167556003299810e-01 7.591693579328038233e-01 7.838419081324297100e-01 8.725007690243181679e-01 8.915752149076175970e-01 7.846223497840618677e-01 8.537150214254461966e-01 8.201957744249024351e-01 8.438057616792762339e-01 8.550476236262450902e-01 8.925949337128799010e-01 8.989552861378156123e-01 8.864925130766060368e-01 9.296551295105259793e-01 9.225795125287247211e-01 8.920872427765553780e-01 9.320920632465574673e-01 9.184401299021182075e-01 9.135073958054468202e-01 9.360802370596796873e-01 9.352942996002254761e-01 9.337564907763362676e-01 8.997046553783409895e-01 9.135892699387886395e-01 8.941201158641137736e-01 9.244033502720609974e-01 9.218442353239656439e-01 9.134403763914370478e-01 9.223844466195499914e-01 9.076399127393820487e-01 9.235326672458469277e-01 9.197486035617418176e-01 9.300252932214774226e-01 9.329563322660160418e-01 9.190072609864198272e-01 9.135074856123864828e-01 9.263304787402371065e-01 9.212532576797179962e-01 9.297791500876498860e-01 9.335672664168765955e-01 9.142436309939546701e-01 9.168514478363481990e-01 8.947575534538969588e-01 9.030674521273679423e-01 9.148292712748502531e-01 9.009054296116956184e-01 8.950383408582804901e-01 9.347885622492611013e-01 9.281296781330462542e-01 9.262264771370090077e-01 9.026489163516602243e-01 9.144733563712553748e-01 9.024471011646150176e-01 9.172025899047290265e-01 9.253488158836080668e-01 9.301207470742658412e-01 9.133491552202247510e-01 9.278108730407874649e-01 9.236811057676360681e-01 9.234841879839817969e-01 9.317283257119813866e-01 9.322773109588310403e-01 9.279779924918687417e-01 9.336016446647157352e-01 9.386627725860096083e-01 9.369518740073400354e-01 9.383091919121673286e-01 9.373821938959869815e-01 9.368735699564688657e-01 9.221288588513423257e-01 9.237785384072980666e-01 9.357608153095881010e-01 9.318437701526262051e-01 9.341074676719409720e-01 9.314238288980026814e-01 9.361433685720118580e-01 9.394910062555718033e-01 9.353024978994832761e-01 9.230106400627299257e-01 9.359453185640480566e-01 9.372527838424710156e-01 9.360964818406307675e-01 9.373794450553084578e-01 9.334711502599699617e-01 9.360241555162804872e-01 9.328767671361428704e-01 9.353464647337293991e-01 9.315273146388817205e-01 9.333997384976248091e-01
3.776032857344072818e-02 1.849967231702633885e-01 2.684464334024020404e-01 5.233031289962637445e-01 4.777115571324817012e-01 4.991101769952379641e-01 7.106648820957769397e-01 7.145530557352678391e-01 7.450103449546806589e-01 7.202429466202299180e-01 7.488718460948475819e-01 7.989769874062597754e-01 1.000000000000000000e+00 6.922848158154957243e-01 8.273403356657939023e-01 8.233174492001753553e-01 7.590830961370651497e-01 6.222941678942827126e-01 7.144895656130316741e-01 4.965588867205170120e-01 5.623631639224714318e-01 6.997659043060812101e-01 6.841538524242823938e-01 6.559031568593000072e-01 7.002035004065658708e-01 7.907951486496712645e-01 7.787916589339143325e-01 7.579337856401194840e-01 7.182331821101854974e-01 7.142666586219309499e-01 7.868219988432603174e-01 7.987011277984170654e-01 7.097099053515422140e-01 7.730956772331186722e-01 7.453681349157350589e-01 7.464856017851601022e-01 7.660916966112114590e-01 8.004563469694582212e-01 8.036011664577638047e-01 7.807777729239082642e-01 8.324877105895019946e-01 8.252671186949410709e-01 7.996551022211423332e-01 8.399485687725353200e-01 8.185059811469959090e-01 8.235643101918532771e-01 8.431585630290637789e-01 8.393437520163871124e-01 8.290234245549945591e-01 7.996642524410298991e-01 8.246017436219438279e-01 8.044808314596428866e-01 8.318351183780009483e-01 8.274097733981837788e-01 8.133444870633623758e-01 8.175062182586879667e-01 8.033908010529510202e-01 8.375347541774534887e-01 8.270805905324882801e-01 8.437748329048461171e-01 8.367393855673073144e-01 8.268619034161704962e-01 8.181283485135141254e-01 8.278004370244578247e-01 8.342434484875111966e-01 8.356556214481379863e-01 8.425785535323117026e-01 8.284631126539656609e-01 8.291296122753316622e-01 7.952251362116838918e-01 8.209830592568658769e-01 8.329723286429131512e-01 8.208835929028784895e-01 8.231608245518027278e-01 8.401536238444535787e-01 8.366078077474932151e-01 8.383578229181570807e-01 8.258638582809270101e-01 8.385874042467226230e-01 8.271185384507009353e-01 8.336498836412803426e-01 8.356831292195866512e-01 8.333804695979425414e-01 8.307431583036057887e-01 8.344741023329054208e-01 8.321066247807988869e-01 8.296814298172393576e-01 8.376576773010856458e-01 8.385642065939968859e-01 8.291591466667810328e-01 8.356473873974417099e-01 8.443764630069139354e-01 8.421623016839347997e-01 8.426506655557985948e-01 8.447950149519958263e-01 8.443857572025885716e-01 8.169991092143121802e-01 8.188587966306737354e-01 8.359290914560212338e-01 8.329932201298579919e-01 8.351648938148792389e-01 8.317565045284401881e-01 8.408175906056578608e-01 8.427535665873424620e-01 8.335530443818810475e-01 8.218168486672019490e-01 8.338625564865701500e-01 8.394041699106137289e-01 8.409104461294683031e-01 8.433575191021089879e-01 8.373061227993959799e-01 8.454692692578014146e-01 8.354578928496469992e-01 8.372177176149822042e-01 8.403567023555096327e-01 8.403239650707264863e-01
